Date,Open,High,Low,Close,Adj Close,Volume
2000-01-04,15.699999809265137,15.699999809265137,15.550000190734863,15.649999618530273,10.993785858154297,233360
2000-01-05,15.5,15.5,14.774999618530273,14.774999618530273,10.379118919372559,119200
2000-01-06,14.774999618530273,14.800000190734863,14.149999618530273,14.350000381469727,10.080567359924316,220600
2000-01-07,14.25,14.5,13.800000190734863,13.949999809265137,9.799571990966797,1206360
2000-01-10,14.024999618530273,14.649999618530273,14.024999618530273,14.5,10.18593692779541,277998
2000-01-11,14.625,14.75,14.375,14.399999618530273,10.115689277648926,220200
2000-01-12,14.399999618530273,14.399999618530273,14.300000190734863,14.350000381469727,10.080567359924316,195160
2000-01-13,14.350000381469727,14.449999809265137,14.350000381469727,14.350000381469727,10.080567359924316,58800
2000-01-14,14.449999809265137,14.699999809265137,14.350000381469727,14.675000190734863,10.308871269226074,211840
2000-01-17,14.574999809265137,14.574999809265137,14.300000190734863,14.324999809265137,10.063002586364746,110600
2000-01-18,14.399999618530273,14.75,14.399999618530273,14.75,10.361557006835938,62400
2000-01-19,14.600000381469727,14.600000381469727,14.5,14.600000381469727,10.256184577941895,114000
2000-01-20,14.600000381469727,14.800000190734863,14.600000381469727,14.600000381469727,10.256184577941895,161200
2000-01-21,14.5,14.550000190734863,14.449999809265137,14.449999809265137,10.150811195373535,63200
2000-01-24,14.5,14.5,14.0,14.149999618530273,9.940069198608398,247568
2000-01-25,14.100000381469727,14.100000381469727,13.75,13.774999618530273,9.676642417907715,200236
2000-01-26,13.75,13.975000381469727,13.75,13.975000381469727,9.817136764526367,202716
2000-01-27,13.899999618530273,13.899999618530273,13.824999809265137,13.824999809265137,9.711764335632324,401800
2000-01-28,13.824999809265137,14.399999618530273,13.824999809265137,14.274999618530273,10.02787971496582,206420
2000-01-31,14.149999618530273,14.149999618530273,13.5,13.649999618530273,9.588830947875977,451194
2000-02-01,13.75,13.850000381469727,13.649999618530273,13.800000190734863,9.694202423095703,221400
2000-02-02,13.949999809265137,14.0,13.850000381469727,13.975000381469727,9.817136764526367,92200
2000-02-03,13.949999809265137,14.0,13.850000381469727,14.0,9.834697723388672,213600
2000-02-04,14.0,14.0,14.0,14.0,9.834697723388672,0
2000-02-07,14.0,14.0,14.0,14.0,9.834697723388672,0
2000-02-08,14.0,14.0,14.0,14.0,9.834697723388672,0
2000-02-09,14.0,14.0,14.0,14.0,9.834697723388672,0
2000-02-10,14.0,14.0,14.0,14.0,9.834697723388672,0
2000-02-11,14.0,14.0,14.0,14.0,9.834697723388672,0
2000-02-14,14.0,14.0,14.0,14.0,9.834697723388672,0
2000-02-15,14.0,14.0,14.0,14.0,9.834697723388672,0
2000-02-16,14.0,14.0,14.0,14.0,9.834697723388672,0
2000-02-17,14.0,14.0,14.0,14.0,9.834697723388672,0
2000-02-18,14.0,14.0,14.0,14.0,9.834697723388672,0
2000-02-21,14.0,14.0,14.0,14.0,9.834697723388672,0
2000-02-22,14.0,14.0,14.0,14.0,9.834697723388672,0
2000-02-23,14.0,14.0,14.0,14.0,9.834697723388672,0
2000-02-24,14.0,14.0,14.0,14.0,9.834697723388672,0
2000-02-25,14.0,14.0,14.0,14.0,9.834697723388672,0
2000-02-28,14.0,14.0,14.0,14.0,9.834697723388672,0
2000-02-29,14.0,14.0,14.0,14.0,9.834697723388672,0
2000-03-01,14.0,14.0,14.0,14.0,9.834697723388672,0
2000-03-02,14.0,14.0,14.0,14.0,9.834697723388672,0
2000-03-03,14.0,14.0,14.0,14.0,9.834697723388672,0
2000-03-06,14.0,14.0,14.0,14.0,9.834697723388672,0
2000-03-07,14.0,14.0,14.0,14.0,9.834697723388672,0
2000-03-08,14.0,14.0,14.0,14.0,9.834697723388672,0
2000-03-09,14.0,14.0,14.0,14.0,9.834697723388672,0
2000-03-10,14.0,14.0,14.0,14.0,9.834697723388672,0
2000-03-13,14.0,14.0,14.0,14.0,9.834697723388672,0
2000-03-14,14.0,14.0,14.0,14.0,9.834697723388672,0
2000-03-15,14.0,14.0,14.0,14.0,9.834697723388672,0
2000-03-16,14.0,14.0,14.0,14.0,9.834697723388672,0
2000-03-17,14.0,14.0,14.0,14.0,9.834697723388672,0
2000-03-20,14.0,14.0,14.0,14.0,9.834697723388672,0
2000-03-21,14.0,14.0,14.0,14.0,9.834697723388672,0
2000-03-22,14.0,14.0,14.0,14.0,9.834697723388672,0
2000-03-23,14.0,14.0,14.0,14.0,9.834697723388672,0
2000-03-24,14.0,14.0,14.0,14.0,9.834697723388672,0
2000-03-27,14.0,14.0,14.0,14.0,9.834697723388672,0
2000-03-28,14.0,14.0,14.0,14.0,9.834697723388672,0
2000-03-29,14.0,14.0,14.0,14.0,9.834697723388672,0
2000-03-30,14.0,14.0,14.0,14.0,9.834697723388672,0
2000-03-31,14.0,14.0,14.0,14.0,9.834697723388672,0
2000-04-03,14.0,14.0,14.0,14.0,9.834697723388672,0
2000-04-04,14.0,14.0,14.0,14.0,9.834697723388672,0
2000-04-05,14.0,14.0,14.0,14.0,9.834697723388672,0
2000-04-06,14.0,14.0,14.0,14.0,9.834697723388672,0
2000-04-07,14.0,14.0,14.0,14.0,9.834697723388672,0
2000-04-10,14.0,14.0,14.0,14.0,9.834697723388672,0
2000-04-11,14.0,14.0,14.0,14.0,9.834697723388672,0
2000-04-12,14.0,14.0,14.0,14.0,9.834697723388672,0
2000-04-13,14.0,14.0,14.0,14.0,9.834697723388672,0
2000-04-14,14.0,14.0,14.0,14.0,9.834697723388672,0
2000-04-17,14.0,14.0,14.0,14.0,9.834697723388672,0
2000-04-18,14.0,14.0,14.0,14.0,9.834697723388672,0
2000-04-19,14.0,14.0,14.0,14.0,9.834697723388672,0
2000-04-20,14.0,14.0,14.0,14.0,9.834697723388672,0
2000-04-21,14.0,14.0,14.0,14.0,9.834697723388672,0
2000-04-24,14.0,14.0,14.0,14.0,9.834697723388672,0
2000-04-25,14.0,14.0,14.0,14.0,9.834697723388672,0
2000-04-26,14.0,14.0,14.0,14.0,9.834697723388672,0
2000-04-27,14.0,14.0,14.0,14.0,9.834697723388672,0
2000-04-28,14.0,14.0,14.0,14.0,9.834697723388672,0
2000-05-01,14.0,14.0,14.0,14.0,9.834697723388672,0
2000-05-02,14.0,14.0,14.0,14.0,9.834697723388672,0
2000-05-03,14.0,14.0,14.0,14.0,9.834697723388672,0
2000-05-04,14.0,14.0,14.0,14.0,9.834697723388672,0
2000-05-05,14.0,14.0,14.0,14.0,9.834697723388672,0
2000-05-08,14.0,14.0,14.0,14.0,9.834697723388672,0
2000-05-09,14.0,14.0,14.0,14.0,9.834697723388672,0
2000-05-10,14.0,14.0,14.0,14.0,9.834697723388672,0
2000-05-11,14.0,14.0,14.0,14.0,9.834697723388672,0
2000-05-12,14.0,14.0,14.0,14.0,9.834697723388672,0
2000-05-15,14.0,14.0,14.0,14.0,9.834697723388672,0
2000-05-16,14.0,14.0,14.0,14.0,9.834697723388672,0
2000-05-17,14.0,14.0,14.0,14.0,9.834697723388672,0
2000-05-18,14.0,14.0,14.0,14.0,9.834697723388672,0
2000-05-19,14.0,14.0,14.0,14.0,9.834697723388672,0
2000-05-22,14.0,14.0,14.0,14.0,9.834697723388672,0
2000-05-23,14.0,14.0,14.0,14.0,9.834697723388672,0
2000-05-24,14.0,14.0,14.0,14.0,9.834697723388672,0
2000-05-25,14.0,14.0,14.0,14.0,9.834697723388672,0
2000-05-26,14.0,14.0,14.0,14.0,9.834697723388672,0
2000-05-29,14.0,14.0,14.0,14.0,9.834697723388672,0
2000-05-30,14.0,14.0,14.0,14.0,9.834697723388672,0
2000-05-31,14.0,14.0,14.0,14.0,9.834697723388672,0
2000-06-01,14.0,14.0,14.0,14.0,9.834697723388672,0
2000-06-02,14.0,14.0,14.0,14.0,9.834697723388672,0
2000-06-05,14.0,14.0,14.0,14.0,9.834697723388672,0
2000-06-06,14.0,14.0,14.0,14.0,9.834697723388672,0
2000-06-07,14.0,14.0,14.0,14.0,9.834697723388672,0
2000-06-08,14.0,14.0,14.0,14.0,9.834697723388672,0
2000-06-09,14.0,14.0,14.0,14.0,9.834697723388672,0
2000-06-12,14.0,14.0,14.0,14.0,9.834697723388672,0
2000-06-13,14.0,14.0,14.0,14.0,9.834697723388672,0
2000-06-14,14.0,14.0,14.0,14.0,9.834697723388672,0
2000-06-15,14.0,14.0,14.0,14.0,9.834697723388672,0
2000-06-16,14.0,14.0,14.0,14.0,9.834697723388672,0
2000-06-19,14.0,14.0,14.0,14.0,9.834697723388672,0
2000-06-20,14.0,14.0,14.0,14.0,9.834697723388672,0
2000-06-21,14.0,14.0,14.0,14.0,9.834697723388672,0
2000-06-22,14.0,14.0,14.0,14.0,9.834697723388672,0
2000-06-23,14.0,14.0,14.0,14.0,9.834697723388672,0
2000-06-26,14.0,14.0,14.0,14.0,9.834697723388672,0
2000-06-27,14.0,14.0,14.0,14.0,9.834697723388672,0
2000-06-28,14.0,14.0,14.0,14.0,9.834697723388672,0
2000-06-29,14.0,14.0,14.0,14.0,9.834697723388672,0
2000-06-30,14.0,14.0,14.0,14.0,9.834697723388672,0
2000-07-03,14.0,14.0,14.0,14.0,9.834697723388672,0
2000-07-04,14.0,14.0,14.0,14.0,9.834697723388672,0
2000-07-05,14.0,14.0,14.0,14.0,9.834697723388672,0
2000-07-06,14.0,14.0,14.0,14.0,9.834697723388672,0
2000-07-07,14.0,14.0,14.0,14.0,9.834697723388672,0
2000-07-10,14.0,14.0,14.0,14.0,9.834697723388672,0
2000-07-11,14.0,14.0,14.0,14.0,9.834697723388672,0
2000-07-12,14.0,14.0,14.0,14.0,9.834697723388672,0
2000-07-13,14.0,14.0,14.0,14.0,9.834697723388672,0
2000-07-14,14.0,14.0,14.0,14.0,9.834697723388672,0
2000-07-17,14.0,14.0,14.0,14.0,9.834697723388672,0
2000-07-18,14.0,14.0,14.0,14.0,9.834697723388672,0
2000-07-19,14.0,14.0,14.0,14.0,9.834697723388672,0
2000-07-20,14.0,14.0,14.0,14.0,9.834697723388672,0
2000-07-21,14.0,14.0,14.0,14.0,9.834697723388672,0
2000-07-24,14.0,14.0,14.0,14.0,9.834697723388672,0
2000-07-25,14.0,14.0,14.0,14.0,9.834697723388672,0
2000-07-26,14.0,14.0,14.0,14.0,9.834697723388672,0
2000-07-27,14.0,14.0,14.0,14.0,9.834697723388672,0
2000-07-28,14.0,14.0,14.0,14.0,9.834697723388672,0
2000-07-31,14.0,14.0,14.0,14.0,9.834697723388672,0
2000-08-01,14.0,14.0,14.0,14.0,9.834697723388672,0
2000-08-02,14.0,14.0,14.0,14.0,9.834697723388672,0
2000-08-03,14.0,14.0,14.0,14.0,9.834697723388672,0
2000-08-04,14.0,14.0,14.0,14.0,9.834697723388672,0
2000-08-07,14.0,14.0,14.0,14.0,9.834697723388672,0
2000-08-08,14.0,14.0,14.0,14.0,9.834697723388672,0
2000-08-09,14.0,14.0,14.0,14.0,9.834697723388672,0
2000-08-10,14.0,14.0,14.0,14.0,9.834697723388672,0
2000-08-11,14.0,14.0,14.0,14.0,9.834697723388672,0
2000-08-14,14.0,14.0,14.0,14.0,9.834697723388672,0
2000-08-15,14.0,14.0,14.0,14.0,9.834697723388672,0
2000-08-16,14.0,14.0,14.0,14.0,9.834697723388672,0
2000-08-17,14.0,14.0,14.0,14.0,9.834697723388672,0
2000-08-18,14.0,14.0,14.0,14.0,9.834697723388672,0
2000-08-21,14.0,14.0,14.0,14.0,9.834697723388672,0
2000-08-22,14.0,14.0,14.0,14.0,9.834697723388672,0
2000-08-23,14.0,14.0,14.0,14.0,9.834697723388672,0
2000-08-24,14.0,14.0,14.0,14.0,9.834697723388672,0
2000-08-25,14.0,14.0,14.0,14.0,9.834697723388672,0
2000-08-28,14.0,14.0,14.0,14.0,9.834697723388672,0
2000-08-29,14.0,14.0,14.0,14.0,9.834697723388672,0
2000-08-30,14.0,14.0,14.0,14.0,9.834697723388672,0
2000-08-31,14.0,14.0,14.0,14.0,9.834697723388672,0
2000-09-01,14.0,14.0,14.0,14.0,9.834697723388672,0
2000-09-04,14.0,14.0,14.0,14.0,9.834697723388672,0
2000-09-05,14.0,14.0,14.0,14.0,9.834697723388672,0
2000-09-06,14.0,14.0,14.0,14.0,9.834697723388672,0
2000-09-07,14.0,14.0,14.0,14.0,9.834697723388672,0
2000-09-08,14.0,14.0,14.0,14.0,9.834697723388672,0
2000-09-11,14.0,14.0,14.0,14.0,9.834697723388672,0
2000-09-12,14.0,14.0,14.0,14.0,9.834697723388672,0
2000-09-13,14.0,14.0,14.0,14.0,9.834697723388672,0
2000-09-14,14.0,14.0,14.0,14.0,9.834697723388672,0
2000-09-15,14.0,14.0,14.0,14.0,9.834697723388672,0
2000-09-18,14.0,14.0,14.0,14.0,9.834697723388672,0
2000-09-19,14.0,14.0,14.0,14.0,9.834697723388672,0
2000-09-20,14.0,14.0,14.0,14.0,9.834697723388672,0
2000-09-21,14.0,14.0,14.0,14.0,9.834697723388672,0
2000-09-22,14.0,14.0,14.0,14.0,9.834697723388672,0
2000-09-25,14.0,14.0,14.0,14.0,9.834697723388672,0
2000-09-26,14.0,14.0,14.0,14.0,9.834697723388672,0
2000-09-27,14.0,14.0,14.0,14.0,9.834697723388672,0
2000-09-28,14.0,14.0,14.0,14.0,9.834697723388672,0
2000-09-29,14.0,14.0,14.0,14.0,9.834697723388672,0
2000-10-02,14.0,14.0,14.0,14.0,9.834697723388672,0
2000-10-03,14.0,14.0,14.0,14.0,9.834697723388672,0
2000-10-04,14.0,14.0,14.0,14.0,9.834697723388672,0
2000-10-05,14.0,14.0,14.0,14.0,9.834697723388672,0
2000-10-06,14.0,14.0,14.0,14.0,9.834697723388672,0
2000-10-09,14.0,14.0,14.0,14.0,9.834697723388672,0
2000-10-10,14.0,14.0,14.0,14.0,9.834697723388672,0
2000-10-11,14.0,14.0,14.0,14.0,9.834697723388672,0
2000-10-12,14.0,14.0,14.0,14.0,9.834697723388672,0
2000-10-13,14.0,14.0,14.0,14.0,9.834697723388672,0
2000-10-16,14.0,14.0,14.0,14.0,9.834697723388672,0
2000-10-17,14.0,14.0,14.0,14.0,9.834697723388672,0
2000-10-18,14.0,14.0,14.0,14.0,9.834697723388672,0
2000-10-19,14.0,14.0,14.0,14.0,9.834697723388672,0
2000-10-20,14.0,14.0,14.0,14.0,9.834697723388672,0
2000-10-23,14.0,14.0,14.0,14.0,9.834697723388672,0
2000-10-24,14.0,14.0,14.0,14.0,9.834697723388672,0
2000-10-25,14.0,14.0,14.0,14.0,9.834697723388672,0
2000-10-26,14.0,14.0,14.0,14.0,9.834697723388672,0
2000-10-27,14.0,14.0,14.0,14.0,9.834697723388672,0
2000-10-30,14.0,14.0,14.0,14.0,9.834697723388672,0
2000-10-31,14.0,14.0,14.0,14.0,9.834697723388672,0
2000-11-01,14.0,14.0,14.0,14.0,9.834697723388672,0
2000-11-02,14.0,14.0,14.0,14.0,9.834697723388672,0
2000-11-03,14.0,14.0,14.0,14.0,9.834697723388672,0
2000-11-06,14.0,14.0,14.0,14.0,9.834697723388672,0
2000-11-07,14.0,14.0,14.0,14.0,9.834697723388672,0
2000-11-08,14.0,14.0,14.0,14.0,9.834697723388672,0
2000-11-09,14.0,14.0,14.0,14.0,9.834697723388672,0
2000-11-10,14.0,14.0,14.0,14.0,9.834697723388672,0
2000-11-13,14.0,14.0,14.0,14.0,9.834697723388672,0
2000-11-14,14.0,14.0,14.0,14.0,9.834697723388672,0
2000-11-15,14.0,14.0,14.0,14.0,9.834697723388672,0
2000-11-16,14.0,14.0,14.0,14.0,9.834697723388672,0
2000-11-17,14.0,14.0,14.0,14.0,9.834697723388672,0
2000-11-20,14.0,14.0,14.0,14.0,9.834697723388672,0
2000-11-21,14.0,14.0,14.0,14.0,9.834697723388672,0
2000-11-22,14.0,14.0,14.0,14.0,9.834697723388672,0
2000-11-23,14.0,14.0,14.0,14.0,9.834697723388672,0
2000-11-24,14.0,14.0,14.0,14.0,9.834697723388672,0
2000-11-27,14.0,14.0,14.0,14.0,9.834697723388672,0
2000-11-28,14.0,14.0,14.0,14.0,9.834697723388672,0
2000-11-29,14.0,14.0,14.0,14.0,9.834697723388672,0
2000-11-30,14.0,14.0,14.0,14.0,9.834697723388672,0
2000-12-01,14.0,14.0,14.0,14.0,9.834697723388672,0
2000-12-04,14.0,14.0,14.0,14.0,9.834697723388672,0
2000-12-05,14.0,14.0,14.0,14.0,9.834697723388672,0
2000-12-06,14.0,14.0,14.0,14.0,9.834697723388672,0
2000-12-07,14.0,14.0,14.0,14.0,9.834697723388672,0
2000-12-08,14.0,14.0,14.0,14.0,9.834697723388672,0
2000-12-11,14.0,14.0,14.0,14.0,9.834697723388672,0
2000-12-12,14.0,14.0,14.0,14.0,9.834697723388672,0
2000-12-13,14.0,14.0,14.0,14.0,9.834697723388672,0
2000-12-14,14.0,14.0,14.0,14.0,9.834697723388672,0
2000-12-15,14.0,14.0,14.0,14.0,9.834697723388672,0
2000-12-18,14.0,14.0,14.0,14.0,9.834697723388672,0
2000-12-19,14.0,14.0,14.0,14.0,9.834697723388672,0
2000-12-20,14.0,14.0,14.0,14.0,9.834697723388672,0
2000-12-21,14.0,14.0,14.0,14.0,9.834697723388672,0
2000-12-22,14.0,14.0,14.0,14.0,9.834697723388672,0
2000-12-25,14.0,14.0,14.0,14.0,9.834697723388672,0
2000-12-26,14.0,14.0,14.0,14.0,9.834697723388672,0
2000-12-27,14.0,14.0,14.0,14.0,9.834697723388672,0
2000-12-28,14.0,14.0,14.0,14.0,9.834697723388672,0
2000-12-29,14.0,14.0,14.0,14.0,9.834697723388672,0
2001-01-01,14.0,14.0,14.0,14.0,9.834697723388672,0
2001-01-02,14.0,14.0,14.0,14.0,9.834697723388672,0
2001-01-03,14.0,14.0,14.0,14.0,9.834697723388672,0
2001-01-04,14.0,14.0,14.0,14.0,9.834697723388672,0
2001-01-05,14.0,14.0,14.0,14.0,9.834697723388672,0
2001-01-08,14.0,14.0,14.0,14.0,9.834697723388672,0
2001-01-09,14.0,14.0,14.0,14.0,9.834697723388672,0
2001-01-10,14.0,14.0,14.0,14.0,9.834697723388672,0
2001-01-11,14.0,14.0,14.0,14.0,9.834697723388672,0
2001-01-12,14.0,14.0,14.0,14.0,9.834697723388672,0
2001-01-15,14.0,14.0,14.0,14.0,9.834697723388672,0
2001-01-16,14.0,14.0,14.0,14.0,9.834697723388672,0
2001-01-17,14.0,14.0,14.0,14.0,9.834697723388672,0
2001-01-18,14.0,14.0,14.0,14.0,9.834697723388672,0
2001-01-19,14.0,14.0,14.0,14.0,9.834697723388672,0
2001-01-22,14.0,14.0,14.0,14.0,9.834697723388672,0
2001-01-23,14.0,14.0,14.0,14.0,9.834697723388672,0
2001-01-24,14.0,14.0,14.0,14.0,9.834697723388672,0
2001-01-25,14.0,14.0,14.0,14.0,9.834697723388672,0
2001-01-26,14.0,14.0,14.0,14.0,9.834697723388672,0
2001-01-29,14.0,14.0,14.0,14.0,9.834697723388672,0
2001-01-30,14.0,14.0,14.0,14.0,9.834697723388672,0
2001-01-31,14.0,14.0,14.0,14.0,9.834697723388672,0
2001-02-01,14.0,14.0,14.0,14.0,9.834697723388672,0
2001-02-02,14.0,14.0,14.0,14.0,9.834697723388672,0
2001-02-05,14.0,14.0,14.0,14.0,9.834697723388672,0
2001-02-06,14.0,14.0,14.0,14.0,9.834697723388672,0
2001-02-07,14.0,14.0,14.0,14.0,9.834697723388672,0
2001-02-08,14.0,14.0,14.0,14.0,9.834697723388672,0
2001-02-09,14.0,14.0,14.0,14.0,9.834697723388672,0
2001-02-12,14.0,14.0,14.0,14.0,9.834697723388672,0
2001-02-13,14.0,14.0,14.0,14.0,9.834697723388672,0
2001-02-14,14.0,14.0,14.0,14.0,9.834697723388672,0
2001-02-15,14.0,14.0,14.0,14.0,9.834697723388672,0
2001-02-16,14.0,14.0,14.0,14.0,9.834697723388672,0
2001-02-19,14.0,14.0,14.0,14.0,9.834697723388672,0
2001-02-20,14.0,14.0,14.0,14.0,9.834697723388672,0
2001-02-21,14.0,14.0,14.0,14.0,9.834697723388672,0
2001-02-22,14.0,14.0,14.0,14.0,9.834697723388672,0
2001-02-23,14.0,14.0,14.0,14.0,9.834697723388672,0
2001-02-26,14.0,14.0,14.0,14.0,9.834697723388672,0
2001-02-27,14.0,14.0,14.0,14.0,9.834697723388672,0
2001-02-28,14.0,14.0,14.0,14.0,9.834697723388672,0
2001-03-01,14.0,14.0,14.0,14.0,9.834697723388672,0
2001-03-02,14.0,14.0,14.0,14.0,9.834697723388672,0
2001-03-05,14.0,14.0,14.0,14.0,9.834697723388672,0
2001-03-06,14.0,14.0,14.0,14.0,9.834697723388672,0
2001-03-07,14.0,14.0,14.0,14.0,9.834697723388672,0
2001-03-08,14.0,14.0,14.0,14.0,9.834697723388672,0
2001-03-09,14.0,14.0,14.0,14.0,9.834697723388672,0
2001-03-12,14.0,14.0,14.0,14.0,9.834697723388672,0
2001-03-13,14.0,14.0,14.0,14.0,9.834697723388672,0
2001-03-14,14.0,14.0,14.0,14.0,9.834697723388672,0
2001-03-15,14.0,14.0,14.0,14.0,9.834697723388672,0
2001-03-16,14.0,14.0,14.0,14.0,9.834697723388672,0
2001-03-19,14.0,14.0,14.0,14.0,9.834697723388672,0
2001-03-20,14.0,14.0,14.0,14.0,9.834697723388672,0
2001-03-21,14.0,14.0,14.0,14.0,9.834697723388672,0
2001-03-22,14.0,14.0,14.0,14.0,9.834697723388672,0
2001-03-23,14.0,14.0,14.0,14.0,9.834697723388672,0
2001-03-26,14.0,14.0,14.0,14.0,9.834697723388672,0
2001-03-27,14.0,14.0,14.0,14.0,9.834697723388672,0
2001-03-28,14.0,14.0,14.0,14.0,9.834697723388672,0
2001-03-29,14.0,14.0,14.0,14.0,9.834697723388672,0
2001-03-30,14.0,14.0,14.0,14.0,9.834697723388672,0
2001-04-02,14.0,14.0,14.0,14.0,9.834697723388672,0
2001-04-03,14.0,14.0,14.0,14.0,9.834697723388672,0
2001-04-04,14.0,14.0,14.0,14.0,9.834697723388672,0
2001-04-05,14.0,14.0,14.0,14.0,9.834697723388672,0
2001-04-06,14.0,14.0,14.0,14.0,9.834697723388672,0
2001-04-09,14.0,14.0,14.0,14.0,9.834697723388672,0
2001-04-10,14.0,14.0,14.0,14.0,9.834697723388672,0
2001-04-11,14.0,14.0,14.0,14.0,9.834697723388672,0
2001-04-12,14.0,14.0,14.0,14.0,9.834697723388672,0
2001-04-13,14.0,14.0,14.0,14.0,9.834697723388672,0
2001-04-16,14.0,14.0,14.0,14.0,9.834697723388672,0
2001-04-17,14.0,14.0,14.0,14.0,9.834697723388672,0
2001-04-18,14.0,14.0,14.0,14.0,9.834697723388672,0
2001-04-19,14.0,14.0,14.0,14.0,9.834697723388672,0
2001-04-20,14.0,14.0,14.0,14.0,9.834697723388672,0
2001-04-23,14.0,14.0,14.0,14.0,9.834697723388672,0
2001-04-24,14.0,14.0,14.0,14.0,9.834697723388672,0
2001-04-25,14.0,14.0,14.0,14.0,9.834697723388672,0
2001-04-26,14.0,14.0,14.0,14.0,9.834697723388672,0
2001-04-27,14.0,14.0,14.0,14.0,9.834697723388672,0
2001-04-30,14.0,14.0,14.0,14.0,9.834697723388672,0
2001-05-01,14.0,14.0,14.0,14.0,9.834697723388672,0
2001-05-02,14.0,14.0,14.0,14.0,9.834697723388672,0
2001-05-03,14.0,14.0,14.0,14.0,9.834697723388672,0
2001-05-04,14.0,14.0,14.0,14.0,9.834697723388672,0
2001-05-07,14.0,14.0,14.0,14.0,9.834697723388672,0
2001-05-08,14.0,14.0,14.0,14.0,9.834697723388672,0
2001-05-09,14.0,14.0,14.0,14.0,9.834697723388672,0
2001-05-10,14.0,14.0,14.0,14.0,9.834697723388672,0
2001-05-11,14.0,14.0,14.0,14.0,9.834697723388672,0
2001-05-14,14.0,14.0,14.0,14.0,9.834697723388672,0
2001-05-15,14.0,14.0,14.0,14.0,9.834697723388672,0
2001-05-16,14.0,14.0,14.0,14.0,9.834697723388672,0
2001-05-17,14.0,14.0,14.0,14.0,9.834697723388672,0
2001-05-18,14.0,14.0,14.0,14.0,9.834697723388672,0
2001-05-21,14.0,14.0,14.0,14.0,9.834697723388672,0
2001-05-22,14.0,14.0,14.0,14.0,9.834697723388672,0
2001-05-23,14.0,14.0,14.0,14.0,9.834697723388672,0
2001-05-24,14.0,14.0,14.0,14.0,9.834697723388672,0
2001-05-25,14.0,14.0,14.0,14.0,9.834697723388672,0
2001-05-28,14.0,14.0,14.0,14.0,9.834697723388672,0
2001-05-29,14.0,14.0,14.0,14.0,9.834697723388672,0
2001-05-30,14.0,14.0,14.0,14.0,9.834697723388672,0
2001-05-31,14.0,14.0,14.0,14.0,9.834697723388672,0
2001-06-01,14.0,14.0,14.0,14.0,9.834697723388672,0
2001-06-04,14.0,14.0,14.0,14.0,9.834697723388672,0
2001-06-05,14.0,14.0,14.0,14.0,9.834697723388672,0
2001-06-06,14.0,14.0,14.0,14.0,9.834697723388672,0
2001-06-07,14.0,14.0,14.0,14.0,9.834697723388672,0
2001-06-08,14.0,14.0,14.0,14.0,9.834697723388672,0
2001-06-11,14.0,14.0,14.0,14.0,9.834697723388672,0
2001-06-12,14.0,14.0,14.0,14.0,9.834697723388672,0
2001-06-13,14.0,14.0,14.0,14.0,9.834697723388672,0
2001-06-14,14.0,14.0,14.0,14.0,9.834697723388672,0
2001-06-15,14.0,14.0,14.0,14.0,9.834697723388672,0
2001-06-18,14.0,14.0,14.0,14.0,9.834697723388672,0
2001-06-19,14.0,14.0,14.0,14.0,9.834697723388672,0
2001-06-20,14.0,14.0,14.0,14.0,9.834697723388672,0
2001-06-21,14.0,14.0,14.0,14.0,9.834697723388672,0
2001-06-22,14.0,14.0,14.0,14.0,9.834697723388672,0
2001-06-25,14.0,14.0,14.0,14.0,9.834697723388672,0
2001-06-26,14.0,14.0,14.0,14.0,9.834697723388672,0
2001-06-27,14.0,14.0,14.0,14.0,9.834697723388672,0
2001-06-28,14.0,14.0,14.0,14.0,9.834697723388672,0
2001-06-29,14.0,14.0,14.0,14.0,9.834697723388672,0
2001-07-02,14.0,14.0,14.0,14.0,9.834697723388672,0
2001-07-03,14.0,14.0,14.0,14.0,9.834697723388672,0
2001-07-04,14.0,14.0,14.0,14.0,9.834697723388672,0
2001-07-05,14.0,14.0,14.0,14.0,9.834697723388672,0
2001-07-06,14.0,14.0,14.0,14.0,9.834697723388672,0
2001-07-09,14.0,14.0,14.0,14.0,9.834697723388672,0
2001-07-10,14.0,14.0,14.0,14.0,9.834697723388672,0
2001-07-11,14.0,14.0,14.0,14.0,9.834697723388672,0
2001-07-12,14.0,14.0,14.0,14.0,9.834697723388672,0
2001-07-13,14.0,14.0,14.0,14.0,9.834697723388672,0
2001-07-16,14.0,14.0,14.0,14.0,9.834697723388672,0
2001-07-17,14.0,14.0,14.0,14.0,9.834697723388672,0
2001-07-18,14.0,14.0,14.0,14.0,9.834697723388672,0
2001-07-19,14.0,14.0,14.0,14.0,9.834697723388672,0
2001-07-20,14.0,14.0,14.0,14.0,9.834697723388672,0
2001-07-23,14.0,14.0,14.0,14.0,9.834697723388672,0
2001-07-24,14.0,14.0,14.0,14.0,9.834697723388672,0
2001-07-25,14.0,14.0,14.0,14.0,9.834697723388672,0
2001-07-26,14.0,14.0,14.0,14.0,9.834697723388672,0
2001-07-27,14.0,14.0,14.0,14.0,9.834697723388672,0
2001-07-30,14.0,14.0,14.0,14.0,9.834697723388672,0
2001-07-31,14.0,14.0,14.0,14.0,9.834697723388672,0
2001-08-01,14.0,14.0,14.0,14.0,9.834697723388672,0
2001-08-02,14.0,14.0,14.0,14.0,9.834697723388672,0
2001-08-03,14.0,14.0,14.0,14.0,9.834697723388672,0
2001-08-06,14.0,14.0,14.0,14.0,9.834697723388672,0
2001-08-07,14.0,14.0,14.0,14.0,9.834697723388672,0
2001-08-08,14.0,14.0,14.0,14.0,9.834697723388672,0
2001-08-09,14.0,14.0,14.0,14.0,9.834697723388672,0
2001-08-10,14.0,14.0,14.0,14.0,9.834697723388672,0
2001-08-13,14.0,14.0,14.0,14.0,9.834697723388672,0
2001-08-14,14.0,14.0,14.0,14.0,9.834697723388672,0
2001-08-15,14.0,14.0,14.0,14.0,9.834697723388672,0
2001-08-16,14.0,14.0,14.0,14.0,9.834697723388672,0
2001-08-17,14.0,14.0,14.0,14.0,9.834697723388672,0
2001-08-20,14.0,14.0,14.0,14.0,9.834697723388672,0
2001-08-21,14.0,14.0,14.0,14.0,9.834697723388672,0
2001-08-22,14.0,14.0,14.0,14.0,9.834697723388672,0
2001-08-23,14.0,14.0,14.0,14.0,9.834697723388672,0
2001-08-24,14.0,14.0,14.0,14.0,9.834697723388672,0
2001-08-27,14.0,14.0,14.0,14.0,9.834697723388672,0
2001-08-28,14.0,14.0,14.0,14.0,9.834697723388672,0
2001-08-29,14.0,14.0,14.0,14.0,9.834697723388672,0
2001-08-30,14.0,14.0,14.0,14.0,9.834697723388672,0
2001-08-31,14.0,14.0,14.0,14.0,9.834697723388672,0
2001-09-03,14.0,14.0,14.0,14.0,9.834697723388672,0
2001-09-04,14.0,14.0,14.0,14.0,9.834697723388672,0
2001-09-05,14.0,14.0,14.0,14.0,9.834697723388672,0
2001-09-06,14.0,14.0,14.0,14.0,9.834697723388672,0
2001-09-07,14.0,14.0,14.0,14.0,9.834697723388672,0
2001-09-10,14.0,14.0,14.0,14.0,9.834697723388672,0
2001-09-11,14.0,14.0,14.0,14.0,9.834697723388672,0
2001-09-12,14.0,14.0,14.0,14.0,9.834697723388672,0
2001-09-13,14.0,14.0,14.0,14.0,9.834697723388672,0
2001-09-14,14.0,14.0,14.0,14.0,9.834697723388672,0
2001-09-17,14.0,14.0,14.0,14.0,9.834697723388672,0
2001-09-18,14.0,14.0,14.0,14.0,9.834697723388672,0
2001-09-19,14.0,14.0,14.0,14.0,9.834697723388672,0
2001-09-20,14.0,14.0,14.0,14.0,9.834697723388672,0
2001-09-21,14.0,14.0,14.0,14.0,9.834697723388672,0
2001-09-24,14.0,14.0,14.0,14.0,9.834697723388672,0
2001-09-25,14.0,14.0,14.0,14.0,9.834697723388672,0
2001-09-26,14.0,14.0,14.0,14.0,9.834697723388672,0
2001-09-27,14.0,14.0,14.0,14.0,9.834697723388672,0
2001-09-28,14.0,14.0,14.0,14.0,9.834697723388672,0
2001-10-01,14.0,14.0,14.0,14.0,9.834697723388672,0
2001-10-02,14.0,14.0,14.0,14.0,9.834697723388672,0
2001-10-03,14.0,14.0,14.0,14.0,9.834697723388672,0
2001-10-04,14.0,14.0,14.0,14.0,9.834697723388672,0
2001-10-05,14.0,14.0,14.0,14.0,9.834697723388672,0
2001-10-08,14.0,14.0,14.0,14.0,9.834697723388672,0
2001-10-09,14.0,14.0,14.0,14.0,9.834697723388672,0
2001-10-10,14.0,14.0,14.0,14.0,9.834697723388672,0
2001-10-11,14.0,14.0,14.0,14.0,9.834697723388672,0
2001-10-12,14.0,14.0,14.0,14.0,9.834697723388672,0
2001-10-15,14.0,14.0,14.0,14.0,9.834697723388672,0
2001-10-16,14.0,14.0,14.0,14.0,9.834697723388672,0
2001-10-17,14.0,14.0,14.0,14.0,9.834697723388672,0
2001-10-18,14.0,14.0,14.0,14.0,9.834697723388672,0
2001-10-19,14.0,14.0,14.0,14.0,9.834697723388672,0
2001-10-22,14.0,14.0,14.0,14.0,9.834697723388672,0
2001-10-23,14.0,14.0,14.0,14.0,9.834697723388672,0
2001-10-24,14.0,14.0,14.0,14.0,9.834697723388672,0
2001-10-25,14.0,14.0,14.0,14.0,9.834697723388672,0
2001-10-26,14.0,14.0,14.0,14.0,9.834697723388672,0
2001-10-29,14.0,14.0,14.0,14.0,9.834697723388672,0
2001-10-30,14.0,14.0,14.0,14.0,9.834697723388672,0
2001-10-31,14.0,14.0,14.0,14.0,9.834697723388672,0
2001-11-01,14.0,14.0,14.0,14.0,9.834697723388672,0
2001-11-02,14.0,14.0,14.0,14.0,9.834697723388672,0
2001-11-05,14.0,14.0,14.0,14.0,9.834697723388672,0
2001-11-06,14.0,14.0,14.0,14.0,9.834697723388672,0
2001-11-07,14.0,14.0,14.0,14.0,9.834697723388672,0
2001-11-08,14.0,14.0,14.0,14.0,9.834697723388672,0
2001-11-09,14.0,14.0,14.0,14.0,9.834697723388672,0
2001-11-12,14.0,14.0,14.0,14.0,9.834697723388672,0
2001-11-13,14.0,14.0,14.0,14.0,9.834697723388672,0
2001-11-14,14.0,14.0,14.0,14.0,9.834697723388672,0
2001-11-15,14.0,14.0,14.0,14.0,9.834697723388672,0
2001-11-16,14.0,14.0,14.0,14.0,9.834697723388672,0
2001-11-19,14.0,14.0,14.0,14.0,9.834697723388672,0
2001-11-20,14.0,14.0,14.0,14.0,9.834697723388672,0
2001-11-21,14.0,14.0,14.0,14.0,9.834697723388672,0
2001-11-22,14.0,14.0,14.0,14.0,9.834697723388672,0
2001-11-23,14.0,14.0,14.0,14.0,9.834697723388672,0
2001-11-26,14.0,14.0,14.0,14.0,9.834697723388672,0
2001-11-27,14.0,14.0,14.0,14.0,9.834697723388672,0
2001-11-28,14.0,14.0,14.0,14.0,9.834697723388672,0
2001-11-29,14.0,14.0,14.0,14.0,9.834697723388672,0
2001-11-30,14.0,14.0,14.0,14.0,9.834697723388672,0
2001-12-03,14.0,14.0,14.0,14.0,9.834697723388672,0
2001-12-04,14.0,14.0,14.0,14.0,9.834697723388672,0
2001-12-05,14.0,14.0,14.0,14.0,9.834697723388672,0
2001-12-06,14.0,14.0,14.0,14.0,9.834697723388672,0
2001-12-07,14.0,14.0,14.0,14.0,9.834697723388672,0
2001-12-10,14.0,14.0,14.0,14.0,9.834697723388672,0
2001-12-11,14.0,14.0,14.0,14.0,9.834697723388672,0
2001-12-12,14.0,14.0,14.0,14.0,9.834697723388672,0
2001-12-13,14.0,14.0,14.0,14.0,9.834697723388672,0
2001-12-14,14.0,14.0,14.0,14.0,9.834697723388672,0
2001-12-17,14.0,14.0,14.0,14.0,9.834697723388672,0
2001-12-18,14.0,14.0,14.0,14.0,9.834697723388672,0
2001-12-19,14.0,14.0,14.0,14.0,9.834697723388672,0
2001-12-20,14.0,14.0,14.0,14.0,9.834697723388672,0
2001-12-21,14.0,14.0,14.0,14.0,9.834697723388672,0
2001-12-24,14.0,14.0,14.0,14.0,9.834697723388672,0
2001-12-25,14.0,14.0,14.0,14.0,9.834697723388672,0
2001-12-26,14.0,14.0,14.0,14.0,9.834697723388672,0
2001-12-27,14.0,14.0,14.0,14.0,9.834697723388672,0
2001-12-28,14.0,14.0,14.0,14.0,9.834697723388672,0
2001-12-31,14.0,14.0,14.0,14.0,9.834697723388672,0
2002-01-01,14.0,14.0,14.0,14.0,9.834697723388672,0
2002-01-02,14.0,14.0,14.0,14.0,9.834697723388672,0
2002-01-03,14.0,14.0,14.0,14.0,9.834697723388672,0
2002-01-04,14.0,14.0,14.0,14.0,9.834697723388672,0
2002-01-07,14.0,14.0,14.0,14.0,9.834697723388672,0
2002-01-08,14.0,14.0,14.0,14.0,9.834697723388672,0
2002-01-09,14.0,14.0,14.0,14.0,9.834697723388672,0
2002-01-10,14.0,14.0,14.0,14.0,9.834697723388672,0
2002-01-11,14.0,14.0,14.0,14.0,9.834697723388672,0
2002-01-14,14.0,14.0,14.0,14.0,9.834697723388672,0
2002-01-15,14.0,14.0,14.0,14.0,9.834697723388672,0
2002-01-16,14.0,14.0,14.0,14.0,9.834697723388672,0
2002-01-17,14.0,14.0,14.0,14.0,9.834697723388672,0
2002-01-18,14.0,14.0,14.0,14.0,9.834697723388672,0
2002-01-21,14.0,14.0,14.0,14.0,9.834697723388672,0
2002-01-22,14.0,14.0,14.0,14.0,9.834697723388672,0
2002-01-23,14.0,14.0,14.0,14.0,9.834697723388672,0
2002-01-24,14.0,14.0,14.0,14.0,9.834697723388672,0
2002-01-25,14.0,14.0,14.0,14.0,9.834697723388672,0
2002-01-28,14.0,14.0,14.0,14.0,9.834697723388672,0
2002-01-29,14.0,14.0,14.0,14.0,9.834697723388672,0
2002-01-30,14.0,14.0,14.0,14.0,9.834697723388672,0
2002-01-31,14.0,14.0,14.0,14.0,9.834697723388672,0
2002-02-01,14.0,14.0,14.0,14.0,9.834697723388672,0
2002-02-04,14.0,14.0,14.0,14.0,9.834697723388672,0
2002-02-05,14.0,14.0,14.0,14.0,9.834697723388672,0
2002-02-06,14.0,14.0,14.0,14.0,9.834697723388672,0
2002-02-07,14.0,14.0,14.0,14.0,9.834697723388672,0
2002-02-08,14.0,14.0,14.0,14.0,9.834697723388672,0
2002-02-11,14.0,14.0,14.0,14.0,9.834697723388672,0
2002-02-12,14.0,14.0,14.0,14.0,9.834697723388672,0
2002-02-13,14.0,14.0,14.0,14.0,9.834697723388672,0
2002-02-14,14.0,14.0,14.0,14.0,9.834697723388672,0
2002-02-15,14.0,14.0,14.0,14.0,9.834697723388672,0
2002-02-18,14.0,14.0,14.0,14.0,9.834697723388672,0
2002-02-19,14.0,14.0,14.0,14.0,9.834697723388672,0
2002-02-20,14.0,14.0,14.0,14.0,9.834697723388672,0
2002-02-21,14.0,14.0,14.0,14.0,9.834697723388672,0
2002-02-22,14.0,14.0,14.0,14.0,9.834697723388672,0
2002-02-25,14.0,14.0,14.0,14.0,9.834697723388672,0
2002-02-26,14.0,14.0,14.0,14.0,9.834697723388672,0
2002-02-27,14.0,14.0,14.0,14.0,9.834697723388672,0
2002-02-28,14.0,14.0,14.0,14.0,9.834697723388672,0
2002-03-01,14.0,14.0,14.0,14.0,9.834697723388672,0
2002-03-04,14.0,14.0,14.0,14.0,9.834697723388672,0
2002-03-05,14.0,14.0,14.0,14.0,9.834697723388672,0
2002-03-06,14.0,14.0,14.0,14.0,9.834697723388672,0
2002-03-07,14.0,14.0,14.0,14.0,9.834697723388672,0
2002-03-08,14.0,14.0,14.0,14.0,9.834697723388672,0
2002-03-11,14.0,14.0,14.0,14.0,9.834697723388672,0
2002-03-12,14.0,14.0,14.0,14.0,9.834697723388672,0
2002-03-13,14.0,14.0,14.0,14.0,9.834697723388672,0
2002-03-14,14.0,14.0,14.0,14.0,9.834697723388672,0
2002-03-15,14.0,14.0,14.0,14.0,9.834697723388672,0
2002-03-18,14.0,14.0,14.0,14.0,9.834697723388672,0
2002-03-19,14.0,14.0,14.0,14.0,9.834697723388672,0
2002-03-20,14.0,14.0,14.0,14.0,9.834697723388672,0
2002-03-21,14.0,14.0,14.0,14.0,9.834697723388672,0
2002-03-22,14.0,14.0,14.0,14.0,9.834697723388672,0
2002-03-25,14.0,14.0,14.0,14.0,9.834697723388672,0
2002-03-26,14.0,14.0,14.0,14.0,9.834697723388672,0
2002-03-27,14.0,14.0,14.0,14.0,9.834697723388672,0
2002-03-28,14.0,14.0,14.0,14.0,9.834697723388672,0
2002-03-29,14.0,14.0,14.0,14.0,9.834697723388672,0
2002-04-01,14.0,14.0,14.0,14.0,9.834697723388672,0
2002-04-02,14.0,14.0,14.0,14.0,9.834697723388672,0
2002-04-03,14.0,14.0,14.0,14.0,9.834697723388672,0
2002-04-04,14.0,14.0,14.0,14.0,9.834697723388672,0
2002-04-05,14.0,14.0,14.0,14.0,9.834697723388672,0
2002-04-08,14.0,14.0,14.0,14.0,9.834697723388672,0
2002-04-09,14.0,14.0,14.0,14.0,9.834697723388672,0
2002-04-10,14.0,14.0,14.0,14.0,9.834697723388672,0
2002-04-11,14.0,14.0,14.0,14.0,9.834697723388672,0
2002-04-12,14.0,14.0,14.0,14.0,9.834697723388672,0
2002-04-15,14.0,14.0,14.0,14.0,9.834697723388672,0
2002-04-16,14.0,14.0,14.0,14.0,9.834697723388672,0
2002-04-17,14.0,14.0,14.0,14.0,9.834697723388672,0
2002-04-18,14.0,14.0,14.0,14.0,9.834697723388672,0
2002-04-19,14.0,14.0,14.0,14.0,9.834697723388672,0
2002-04-22,14.0,14.0,14.0,14.0,9.834697723388672,0
2002-04-23,14.0,14.0,14.0,14.0,9.834697723388672,0
2002-04-24,14.0,14.0,14.0,14.0,9.834697723388672,0
2002-04-25,14.0,14.0,14.0,14.0,9.834697723388672,0
2002-04-26,14.0,14.0,14.0,14.0,9.834697723388672,0
2002-04-29,14.0,14.0,14.0,14.0,9.834697723388672,0
2002-04-30,14.0,14.0,14.0,14.0,9.834697723388672,0
2002-05-01,14.0,14.0,14.0,14.0,9.834697723388672,0
2002-05-02,14.0,14.0,14.0,14.0,9.834697723388672,0
2002-05-03,14.0,14.0,14.0,14.0,9.834697723388672,0
2002-05-06,14.0,14.0,14.0,14.0,9.834697723388672,0
2002-05-07,14.0,14.0,14.0,14.0,9.834697723388672,0
2002-05-08,14.0,14.0,14.0,14.0,9.834697723388672,0
2002-05-09,14.0,14.0,14.0,14.0,9.834697723388672,0
2002-05-10,14.0,14.0,14.0,14.0,9.834697723388672,0
2002-05-13,14.0,14.0,14.0,14.0,9.834697723388672,0
2002-05-14,14.0,14.0,14.0,14.0,9.834697723388672,0
2002-05-15,14.0,14.0,14.0,14.0,9.834697723388672,0
2002-05-16,14.0,14.0,14.0,14.0,9.834697723388672,0
2002-05-17,14.0,14.0,14.0,14.0,9.834697723388672,0
2002-05-20,14.0,14.0,14.0,14.0,9.834697723388672,0
2002-05-21,14.0,14.0,14.0,14.0,9.834697723388672,0
2002-05-22,14.0,14.0,14.0,14.0,9.834697723388672,0
2002-05-23,14.0,14.0,14.0,14.0,9.834697723388672,0
2002-05-24,14.0,14.0,14.0,14.0,9.834697723388672,0
2002-05-27,14.0,14.0,14.0,14.0,9.834697723388672,0
2002-05-28,14.0,14.0,14.0,14.0,9.834697723388672,0
2002-05-29,14.0,14.0,14.0,14.0,9.834697723388672,0
2002-05-30,14.0,14.0,14.0,14.0,9.834697723388672,0
2002-05-31,14.0,14.0,14.0,14.0,9.834697723388672,0
2002-06-03,14.0,14.0,14.0,14.0,9.834697723388672,0
2002-06-04,14.0,14.0,14.0,14.0,9.834697723388672,0
2002-06-05,14.0,14.0,14.0,14.0,9.834697723388672,0
2002-06-06,14.0,14.0,14.0,14.0,9.834697723388672,0
2002-06-07,14.0,14.0,14.0,14.0,9.834697723388672,0
2002-06-10,14.0,14.0,14.0,14.0,9.834697723388672,0
2002-06-11,14.0,14.0,14.0,14.0,9.834697723388672,0
2002-06-12,14.0,14.0,14.0,14.0,9.834697723388672,0
2002-06-13,14.0,14.0,14.0,14.0,9.834697723388672,0
2002-06-14,14.0,14.0,14.0,14.0,9.834697723388672,0
2002-06-17,14.0,14.0,14.0,14.0,9.834697723388672,0
2002-06-18,14.0,14.0,14.0,14.0,9.834697723388672,0
2002-06-19,14.0,14.0,14.0,14.0,9.834697723388672,0
2002-06-20,14.0,14.0,14.0,14.0,9.834697723388672,0
2002-06-21,14.0,14.0,14.0,14.0,9.834697723388672,0
2002-06-24,14.0,14.0,14.0,14.0,9.834697723388672,0
2002-06-25,14.0,14.0,14.0,14.0,9.834697723388672,0
2002-06-26,14.0,14.0,14.0,14.0,9.834697723388672,0
2002-06-27,14.0,14.0,14.0,14.0,9.834697723388672,0
2002-06-28,14.0,14.0,14.0,14.0,9.834697723388672,0
2002-07-01,14.0,14.0,14.0,14.0,9.834697723388672,0
2002-07-02,14.0,14.0,14.0,14.0,9.834697723388672,0
2002-07-03,14.0,14.0,14.0,14.0,9.834697723388672,0
2002-07-04,14.0,14.0,14.0,14.0,9.834697723388672,0
2002-07-05,14.0,14.0,14.0,14.0,9.834697723388672,0
2002-07-08,14.0,14.0,14.0,14.0,9.834697723388672,0
2002-07-09,14.0,14.0,14.0,14.0,9.834697723388672,0
2002-07-10,14.0,14.0,14.0,14.0,9.834697723388672,0
2002-07-11,14.0,14.0,14.0,14.0,9.834697723388672,0
2002-07-12,14.0,14.0,14.0,14.0,9.834697723388672,0
2002-07-15,14.0,14.0,14.0,14.0,9.834697723388672,0
2002-07-16,14.0,14.0,14.0,14.0,9.834697723388672,0
2002-07-17,14.0,14.0,14.0,14.0,9.834697723388672,0
2002-07-18,14.0,14.0,14.0,14.0,9.834697723388672,0
2002-07-19,14.0,14.0,14.0,14.0,9.834697723388672,0
2002-07-22,14.0,14.0,14.0,14.0,9.834697723388672,0
2002-07-23,14.0,14.0,14.0,14.0,9.834697723388672,0
2002-07-24,14.0,14.0,14.0,14.0,9.834697723388672,0
2002-07-25,14.0,14.0,14.0,14.0,9.834697723388672,0
2002-07-26,14.0,14.0,14.0,14.0,9.834697723388672,0
2002-07-29,14.0,14.0,14.0,14.0,9.834697723388672,0
2002-07-30,14.0,14.0,14.0,14.0,9.834697723388672,0
2002-07-31,14.0,14.0,14.0,14.0,9.834697723388672,0
2002-08-01,14.0,14.0,14.0,14.0,9.834697723388672,0
2002-08-02,14.0,14.0,14.0,14.0,9.834697723388672,0
2002-08-05,14.0,14.0,14.0,14.0,9.834697723388672,0
2002-08-06,14.0,14.0,14.0,14.0,9.834697723388672,0
2002-08-07,14.0,14.0,14.0,14.0,9.834697723388672,0
2002-08-08,14.0,14.0,14.0,14.0,9.834697723388672,0
2002-08-09,14.0,14.0,14.0,14.0,9.834697723388672,0
2002-08-12,14.0,14.0,14.0,14.0,9.834697723388672,0
2002-08-13,14.0,14.0,14.0,14.0,9.834697723388672,0
2002-08-14,14.0,14.0,14.0,14.0,9.834697723388672,0
2002-08-15,14.0,14.0,14.0,14.0,9.834697723388672,0
2002-08-16,14.0,14.0,14.0,14.0,9.834697723388672,0
2002-08-19,14.0,14.0,14.0,14.0,9.834697723388672,0
2002-08-20,14.0,14.0,14.0,14.0,9.834697723388672,0
2002-08-21,14.0,14.0,14.0,14.0,9.834697723388672,0
2002-08-22,14.0,14.0,14.0,14.0,9.834697723388672,0
2002-08-23,14.0,14.0,14.0,14.0,9.834697723388672,0
2002-08-26,14.0,14.0,14.0,14.0,9.834697723388672,0
2002-08-27,14.0,14.0,14.0,14.0,9.834697723388672,0
2002-08-28,14.0,14.0,14.0,14.0,9.834697723388672,0
2002-08-29,14.0,14.0,14.0,14.0,9.834697723388672,0
2002-08-30,14.0,14.0,14.0,14.0,9.834697723388672,0
2002-09-02,14.0,14.0,14.0,14.0,9.834697723388672,0
2002-09-03,14.0,14.0,14.0,14.0,9.834697723388672,0
2002-09-04,14.0,14.0,14.0,14.0,9.834697723388672,0
2002-09-05,14.0,14.0,14.0,14.0,9.834697723388672,0
2002-09-06,14.0,14.0,14.0,14.0,9.834697723388672,0
2002-09-09,14.0,14.0,14.0,14.0,9.834697723388672,0
2002-09-10,14.0,14.0,14.0,14.0,9.834697723388672,0
2002-09-11,14.0,14.0,14.0,14.0,9.834697723388672,0
2002-09-12,14.0,14.0,14.0,14.0,9.834697723388672,0
2002-09-13,14.0,14.0,14.0,14.0,9.834697723388672,0
2002-09-16,14.0,14.0,14.0,14.0,9.834697723388672,0
2002-09-17,14.0,14.0,14.0,14.0,9.834697723388672,0
2002-09-18,14.0,14.0,14.0,14.0,9.834697723388672,0
2002-09-19,14.0,14.0,14.0,14.0,9.834697723388672,0
2002-09-20,14.0,14.0,14.0,14.0,9.834697723388672,0
2002-09-23,14.0,14.0,14.0,14.0,9.834697723388672,0
2002-09-24,14.0,14.0,14.0,14.0,9.834697723388672,0
2002-09-25,14.0,14.0,14.0,14.0,9.834697723388672,0
2002-09-26,14.0,14.0,14.0,14.0,9.834697723388672,0
2002-09-27,14.0,14.0,14.0,14.0,9.834697723388672,0
2002-09-30,14.0,14.0,14.0,14.0,9.834697723388672,0
2002-10-01,14.0,14.0,14.0,14.0,9.834697723388672,0
2002-10-02,14.0,14.0,14.0,14.0,9.834697723388672,0
2002-10-03,14.0,14.0,14.0,14.0,9.834697723388672,0
2002-10-04,14.0,14.0,14.0,14.0,9.834697723388672,0
2002-10-07,14.0,14.0,14.0,14.0,9.834697723388672,0
2002-10-08,14.0,14.0,14.0,14.0,9.834697723388672,0
2002-10-09,14.0,14.0,14.0,14.0,9.834697723388672,0
2002-10-10,14.0,14.0,14.0,14.0,9.834697723388672,0
2002-10-11,14.0,14.0,14.0,14.0,9.834697723388672,0
2002-10-14,14.0,14.0,14.0,14.0,9.834697723388672,0
2002-10-15,14.0,14.0,14.0,14.0,9.834697723388672,0
2002-10-16,14.0,14.0,14.0,14.0,9.834697723388672,0
2002-10-17,14.0,14.0,14.0,14.0,9.834697723388672,0
2002-10-18,14.0,14.0,14.0,14.0,9.834697723388672,0
2002-10-21,14.0,14.0,14.0,14.0,9.834697723388672,0
2002-10-22,14.0,14.0,14.0,14.0,9.834697723388672,0
2002-10-23,14.0,14.0,14.0,14.0,9.834697723388672,0
2002-10-24,14.0,14.0,14.0,14.0,9.834697723388672,0
2002-10-25,14.0,14.0,14.0,14.0,9.834697723388672,0
2002-10-28,14.0,14.0,14.0,14.0,9.834697723388672,0
2002-10-29,14.0,14.0,14.0,14.0,9.834697723388672,0
2002-10-30,14.0,14.0,14.0,14.0,9.834697723388672,0
2002-10-31,14.0,14.0,14.0,14.0,9.834697723388672,0
2002-11-01,14.0,14.0,14.0,14.0,9.834697723388672,0
2002-11-04,14.0,14.0,14.0,14.0,9.834697723388672,0
2002-11-05,14.0,14.0,14.0,14.0,9.834697723388672,0
2002-11-06,14.0,14.0,14.0,14.0,9.834697723388672,0
2002-11-07,14.0,14.0,14.0,14.0,9.834697723388672,0
2002-11-08,14.0,14.0,14.0,14.0,9.834697723388672,0
2002-11-11,14.0,14.0,14.0,14.0,9.834697723388672,0
2002-11-12,14.0,14.0,14.0,14.0,9.834697723388672,0
2002-11-13,14.0,14.0,14.0,14.0,9.834697723388672,0
2002-11-14,14.0,14.0,14.0,14.0,9.834697723388672,0
2002-11-15,14.0,14.0,14.0,14.0,9.834697723388672,0
2002-11-18,14.0,14.0,14.0,14.0,9.834697723388672,0
2002-11-19,14.0,14.0,14.0,14.0,9.834697723388672,0
2002-11-20,14.0,14.0,14.0,14.0,9.834697723388672,0
2002-11-21,14.0,14.0,14.0,14.0,9.834697723388672,0
2002-11-22,14.0,14.0,14.0,14.0,9.834697723388672,0
2002-11-25,14.0,14.0,14.0,14.0,9.834697723388672,0
2002-11-26,14.0,14.0,14.0,14.0,9.834697723388672,0
2002-11-27,14.0,14.0,14.0,14.0,9.834697723388672,0
2002-11-28,14.0,14.0,14.0,14.0,9.834697723388672,0
2002-11-29,14.0,14.0,14.0,14.0,9.834697723388672,0
2002-12-02,14.0,14.0,14.0,14.0,9.834697723388672,0
2002-12-03,14.0,14.0,14.0,14.0,9.834697723388672,0
2002-12-04,14.0,14.0,14.0,14.0,9.834697723388672,0
2002-12-05,14.0,14.0,14.0,14.0,9.834697723388672,0
2002-12-06,14.0,14.0,14.0,14.0,9.834697723388672,0
2002-12-09,14.0,14.0,14.0,14.0,9.834697723388672,0
2002-12-10,14.0,14.0,14.0,14.0,9.834697723388672,0
2002-12-11,14.0,14.0,14.0,14.0,9.834697723388672,0
2002-12-12,14.0,14.0,14.0,14.0,9.834697723388672,0
2002-12-13,14.0,14.0,14.0,14.0,9.834697723388672,0
2002-12-16,14.0,14.0,14.0,14.0,9.834697723388672,0
2002-12-17,14.0,14.0,14.0,14.0,9.834697723388672,0
2002-12-18,14.0,14.0,14.0,14.0,9.834697723388672,0
2002-12-19,14.0,14.0,14.0,14.0,9.834697723388672,0
2002-12-20,14.0,14.0,14.0,14.0,9.834697723388672,0
2002-12-23,14.0,14.0,14.0,14.0,9.834697723388672,0
2002-12-24,14.0,14.0,14.0,14.0,9.834697723388672,0
2002-12-25,14.0,14.0,14.0,14.0,9.834697723388672,0
2002-12-26,14.0,14.0,14.0,14.0,9.834697723388672,0
2002-12-27,14.0,14.0,14.0,14.0,9.834697723388672,0
2002-12-30,14.0,14.0,14.0,14.0,9.834697723388672,0
2002-12-31,14.0,14.0,14.0,14.0,9.834697723388672,0
2003-01-01,14.0,14.0,14.0,14.0,9.834697723388672,0
2003-01-02,14.0,14.0,14.0,14.0,9.834697723388672,0
2003-01-03,14.0,14.0,14.0,14.0,9.834697723388672,0
2003-01-06,14.0,14.0,14.0,14.0,9.834697723388672,0
2003-01-07,14.0,14.0,14.0,14.0,9.834697723388672,0
2003-01-08,14.0,14.0,14.0,14.0,9.834697723388672,0
2003-01-09,14.0,14.0,14.0,14.0,9.834697723388672,0
2003-01-10,14.0,14.0,14.0,14.0,9.834697723388672,0
2003-01-13,14.0,14.0,14.0,14.0,9.834697723388672,0
2003-01-14,14.0,14.0,14.0,14.0,9.834697723388672,0
2003-01-15,14.0,14.0,14.0,14.0,9.834697723388672,0
2003-01-16,14.0,14.0,14.0,14.0,9.834697723388672,0
2003-01-17,14.0,14.0,14.0,14.0,9.834697723388672,0
2003-01-20,14.0,14.0,14.0,14.0,9.834697723388672,0
2003-01-21,14.0,14.0,14.0,14.0,9.834697723388672,0
2003-01-22,14.0,14.0,14.0,14.0,9.834697723388672,0
2003-01-23,14.0,14.0,14.0,14.0,9.834697723388672,0
2003-01-24,14.0,14.0,14.0,14.0,9.834697723388672,0
2003-01-27,14.0,14.0,14.0,14.0,9.834697723388672,0
2003-01-28,14.0,14.0,14.0,14.0,9.834697723388672,0
2003-01-29,14.0,14.0,14.0,14.0,9.834697723388672,0
2003-01-30,14.0,14.0,14.0,14.0,9.834697723388672,0
2003-01-31,14.0,14.0,14.0,14.0,9.834697723388672,0
2003-02-03,14.0,14.0,14.0,14.0,9.834697723388672,0
2003-02-04,14.0,14.0,14.0,14.0,9.834697723388672,0
2003-02-05,14.0,14.0,14.0,14.0,9.834697723388672,0
2003-02-06,14.0,14.0,14.0,14.0,9.834697723388672,0
2003-02-07,14.0,14.0,14.0,14.0,9.834697723388672,0
2003-02-10,14.0,14.0,14.0,14.0,9.834697723388672,0
2003-02-11,14.0,14.0,14.0,14.0,9.834697723388672,0
2003-02-12,14.0,14.0,14.0,14.0,9.834697723388672,0
2003-02-13,14.0,14.0,14.0,14.0,9.834697723388672,0
2003-02-14,14.0,14.0,14.0,14.0,9.834697723388672,0
2003-02-17,14.0,14.0,14.0,14.0,9.834697723388672,0
2003-02-18,14.0,14.0,14.0,14.0,9.834697723388672,0
2003-02-19,14.0,14.0,14.0,14.0,9.834697723388672,0
2003-02-20,14.0,14.0,14.0,14.0,9.834697723388672,0
2003-02-21,14.0,14.0,14.0,14.0,9.834697723388672,0
2003-02-24,14.0,14.0,14.0,14.0,9.834697723388672,0
2003-02-25,14.0,14.0,14.0,14.0,9.834697723388672,0
2003-02-26,14.0,14.0,14.0,14.0,9.834697723388672,0
2003-02-27,14.0,14.0,14.0,14.0,9.834697723388672,0
2003-02-28,14.0,14.0,14.0,14.0,9.834697723388672,0
2003-03-03,14.0,14.0,14.0,14.0,9.834697723388672,0
2003-03-04,14.0,14.0,14.0,14.0,9.834697723388672,0
2003-03-05,14.0,14.0,14.0,14.0,9.834697723388672,0
2003-03-06,14.0,14.0,14.0,14.0,9.834697723388672,0
2003-03-07,14.0,14.0,14.0,14.0,9.834697723388672,0
2003-03-10,14.0,14.0,14.0,14.0,9.834697723388672,0
2003-03-11,14.0,14.0,14.0,14.0,9.834697723388672,0
2003-03-12,14.0,14.0,14.0,14.0,9.834697723388672,0
2003-03-13,14.0,14.0,14.0,14.0,9.834697723388672,0
2003-03-14,14.0,14.0,14.0,14.0,9.834697723388672,0
2003-03-17,14.0,14.0,14.0,14.0,9.834697723388672,0
2003-03-18,14.0,14.0,14.0,14.0,9.834697723388672,0
2003-03-19,14.0,14.0,14.0,14.0,9.834697723388672,0
2003-03-20,14.0,14.0,14.0,14.0,9.834697723388672,0
2003-03-21,14.0,14.0,14.0,14.0,9.834697723388672,0
2003-03-24,14.0,14.0,14.0,14.0,9.834697723388672,0
2003-03-25,14.0,14.0,14.0,14.0,9.834697723388672,0
2003-03-26,14.0,14.0,14.0,14.0,9.834697723388672,0
2003-03-27,14.0,14.0,14.0,14.0,9.834697723388672,0
2003-03-28,14.0,14.0,14.0,14.0,9.834697723388672,0
2003-03-31,14.0,14.0,14.0,14.0,9.834697723388672,0
2003-04-01,14.0,14.0,14.0,14.0,9.834697723388672,0
2003-04-02,14.0,14.0,14.0,14.0,9.834697723388672,0
2003-04-03,14.0,14.0,14.0,14.0,9.834697723388672,0
2003-04-04,14.0,14.0,14.0,14.0,9.834697723388672,0
2003-04-07,14.0,14.0,14.0,14.0,9.834697723388672,0
2003-04-08,14.0,14.0,14.0,14.0,9.834697723388672,0
2003-04-09,14.0,14.0,14.0,14.0,9.834697723388672,0
2003-04-10,14.0,14.0,14.0,14.0,9.834697723388672,0
2003-04-11,14.0,14.0,14.0,14.0,9.834697723388672,0
2003-04-14,14.0,14.0,14.0,14.0,9.834697723388672,0
2003-04-15,14.0,14.0,14.0,14.0,9.834697723388672,0
2003-04-16,14.0,14.0,14.0,14.0,9.834697723388672,0
2003-04-17,14.0,14.0,14.0,14.0,9.834697723388672,0
2003-04-18,14.0,14.0,14.0,14.0,9.834697723388672,0
2003-04-21,14.0,14.0,14.0,14.0,9.834697723388672,0
2003-04-22,14.0,14.0,14.0,14.0,9.834697723388672,0
2003-04-23,14.0,14.0,14.0,14.0,9.834697723388672,0
2003-04-24,14.0,14.0,14.0,14.0,9.834697723388672,0
2003-04-25,14.0,14.0,14.0,14.0,9.834697723388672,0
2003-04-28,14.0,14.0,14.0,14.0,9.834697723388672,0
2003-04-29,14.0,14.0,14.0,14.0,9.834697723388672,0
2003-04-30,14.0,14.0,14.0,14.0,9.834697723388672,0
2003-05-01,14.0,14.0,14.0,14.0,9.834697723388672,0
2003-05-02,14.0,14.0,14.0,14.0,9.834697723388672,0
2003-05-05,14.0,14.0,14.0,14.0,9.834697723388672,0
2003-05-06,14.0,14.0,14.0,14.0,9.834697723388672,0
2003-05-07,14.0,14.0,14.0,14.0,9.834697723388672,0
2003-05-08,14.0,14.0,14.0,14.0,9.834697723388672,0
2003-05-09,14.0,14.0,14.0,14.0,9.834697723388672,0
2003-05-12,14.0,14.0,14.0,14.0,9.834697723388672,0
2003-05-13,14.0,14.0,14.0,14.0,9.834697723388672,0
2003-05-14,14.0,14.0,14.0,14.0,9.834697723388672,0
2003-05-15,14.0,14.0,14.0,14.0,9.834697723388672,0
2003-05-16,14.0,14.0,14.0,14.0,9.834697723388672,0
2003-05-19,14.0,14.0,14.0,14.0,9.834697723388672,0
2003-05-20,14.0,14.0,14.0,14.0,9.834697723388672,0
2003-05-21,14.0,14.0,14.0,14.0,9.834697723388672,0
2003-05-22,14.0,14.0,14.0,14.0,9.834697723388672,0
2003-05-23,14.0,14.0,14.0,14.0,9.834697723388672,0
2003-05-26,14.0,14.0,14.0,14.0,9.834697723388672,0
2003-05-27,14.0,14.0,14.0,14.0,9.834697723388672,0
2003-05-28,14.0,14.0,14.0,14.0,9.834697723388672,0
2003-05-29,14.0,14.0,14.0,14.0,9.834697723388672,0
2003-05-30,14.0,14.0,14.0,14.0,9.834697723388672,0
2003-06-02,14.0,14.0,14.0,14.0,9.834697723388672,0
2003-06-03,14.0,14.0,14.0,14.0,9.834697723388672,0
2003-06-04,14.0,14.0,14.0,14.0,9.834697723388672,0
2003-06-05,14.0,14.0,14.0,14.0,9.834697723388672,0
2003-06-06,14.0,14.0,14.0,14.0,9.834697723388672,0
2003-06-09,14.0,14.0,14.0,14.0,9.834697723388672,0
2003-06-10,14.0,14.0,14.0,14.0,9.834697723388672,0
2003-06-11,14.0,14.0,14.0,14.0,9.834697723388672,0
2003-06-12,14.0,14.0,14.0,14.0,9.834697723388672,0
2003-06-13,14.0,14.0,14.0,14.0,9.834697723388672,0
2003-06-16,14.0,14.0,14.0,14.0,9.834697723388672,0
2003-06-17,14.0,14.0,14.0,14.0,9.834697723388672,0
2003-06-18,14.0,14.0,14.0,14.0,9.834697723388672,0
2003-06-19,14.0,14.0,14.0,14.0,9.834697723388672,0
2003-06-20,14.0,14.0,14.0,14.0,9.834697723388672,0
2003-06-23,14.0,14.0,14.0,14.0,9.834697723388672,0
2003-06-24,14.0,14.0,14.0,14.0,9.834697723388672,0
2003-06-25,14.0,14.0,14.0,14.0,9.834697723388672,0
2003-06-26,14.0,14.0,14.0,14.0,9.834697723388672,0
2003-06-27,14.0,14.0,14.0,14.0,9.834697723388672,0
2003-06-30,14.0,14.0,14.0,14.0,9.834697723388672,0
2003-07-01,14.0,14.0,14.0,14.0,9.834697723388672,0
2003-07-02,14.0,14.0,14.0,14.0,9.834697723388672,0
2003-07-03,14.0,14.0,14.0,14.0,9.834697723388672,0
2003-07-04,14.0,14.0,14.0,14.0,9.834697723388672,0
2003-07-07,14.0,14.0,14.0,14.0,9.834697723388672,0
2003-07-08,14.0,14.0,14.0,14.0,9.834697723388672,0
2003-07-09,14.0,14.0,14.0,14.0,9.834697723388672,0
2003-07-10,14.0,14.0,14.0,14.0,9.834697723388672,0
2003-07-11,14.0,14.0,14.0,14.0,9.834697723388672,0
2003-07-14,14.0,14.0,14.0,14.0,9.834697723388672,0
2003-07-15,14.0,14.0,14.0,14.0,9.834697723388672,0
2003-07-16,14.0,14.0,14.0,14.0,9.834697723388672,0
2003-07-17,14.0,14.0,14.0,14.0,9.834697723388672,0
2003-07-18,14.0,14.0,14.0,14.0,9.834697723388672,0
2003-07-21,14.0,14.0,14.0,14.0,9.834697723388672,0
2003-07-22,14.0,14.0,14.0,14.0,9.834697723388672,0
2003-07-23,14.0,14.0,14.0,14.0,9.834697723388672,0
2003-07-24,14.0,14.0,14.0,14.0,9.834697723388672,0
2003-07-25,14.0,14.0,14.0,14.0,9.834697723388672,0
2003-07-28,14.0,14.0,14.0,14.0,9.834697723388672,0
2003-07-29,14.0,14.0,14.0,14.0,9.834697723388672,0
2003-07-30,14.0,14.0,14.0,14.0,9.834697723388672,0
2003-07-31,14.0,14.0,14.0,14.0,9.834697723388672,0
2003-08-01,14.0,14.0,14.0,14.0,9.834697723388672,0
2003-08-04,14.0,14.0,14.0,14.0,9.834697723388672,0
2003-08-05,14.0,14.0,14.0,14.0,9.834697723388672,0
2003-08-06,14.0,14.0,14.0,14.0,9.834697723388672,0
2003-08-07,14.0,14.0,14.0,14.0,9.834697723388672,0
2003-08-08,14.0,14.0,14.0,14.0,9.834697723388672,0
2003-08-11,14.0,14.0,14.0,14.0,9.834697723388672,0
2003-08-12,14.0,14.0,14.0,14.0,9.834697723388672,0
2003-08-13,14.0,14.0,14.0,14.0,9.834697723388672,0
2003-08-14,14.0,14.0,14.0,14.0,9.834697723388672,0
2003-08-15,14.0,14.0,14.0,14.0,9.834697723388672,0
2003-08-18,14.0,14.0,14.0,14.0,9.834697723388672,0
2003-08-19,14.0,14.0,14.0,14.0,9.834697723388672,0
2003-08-20,14.0,14.0,14.0,14.0,9.834697723388672,0
2003-08-21,14.0,14.0,14.0,14.0,9.834697723388672,0
2003-08-22,14.0,14.0,14.0,14.0,9.834697723388672,0
2003-08-25,14.0,14.0,14.0,14.0,9.834697723388672,0
2003-08-26,14.0,14.0,14.0,14.0,9.834697723388672,0
2003-08-27,14.0,14.0,14.0,14.0,9.834697723388672,0
2003-08-28,14.0,14.0,14.0,14.0,9.834697723388672,0
2003-08-29,14.0,14.0,14.0,14.0,9.834697723388672,0
2003-09-01,14.0,14.0,14.0,14.0,9.834697723388672,0
2003-09-02,14.0,14.0,14.0,14.0,9.834697723388672,0
2003-09-03,14.0,14.0,14.0,14.0,9.834697723388672,0
2003-09-04,14.0,14.0,14.0,14.0,9.834697723388672,0
2003-09-05,14.0,14.0,14.0,14.0,9.834697723388672,0
2003-09-08,14.0,14.0,14.0,14.0,9.834697723388672,0
2003-09-09,14.0,14.0,14.0,14.0,9.834697723388672,0
2003-09-10,14.0,14.0,14.0,14.0,9.834697723388672,0
2003-09-11,14.0,14.0,14.0,14.0,9.834697723388672,0
2003-09-12,14.0,14.0,14.0,14.0,9.834697723388672,0
2003-09-15,14.0,14.0,14.0,14.0,9.834697723388672,0
2003-09-16,14.0,14.0,14.0,14.0,9.834697723388672,0
2003-09-17,14.0,14.0,14.0,14.0,9.834697723388672,0
2003-09-18,14.0,14.0,14.0,14.0,9.834697723388672,0
2003-09-19,14.0,14.0,14.0,14.0,9.834697723388672,0
2003-09-22,14.0,14.0,14.0,14.0,9.834697723388672,0
2003-09-23,14.0,14.0,14.0,14.0,9.834697723388672,0
2003-09-24,14.0,14.0,14.0,14.0,9.834697723388672,0
2003-09-25,14.0,14.0,14.0,14.0,9.834697723388672,0
2003-09-26,14.0,14.0,14.0,14.0,9.834697723388672,0
2003-09-29,14.0,14.0,14.0,14.0,9.834697723388672,0
2003-09-30,14.0,14.0,14.0,14.0,9.834697723388672,0
2003-10-01,14.0,14.0,14.0,14.0,9.834697723388672,0
2003-10-02,14.0,14.0,14.0,14.0,9.834697723388672,0
2003-10-03,14.0,14.0,14.0,14.0,9.834697723388672,0
2003-10-06,14.0,14.0,14.0,14.0,9.834697723388672,0
2003-10-07,14.0,14.0,14.0,14.0,9.834697723388672,0
2003-10-08,14.0,14.0,14.0,14.0,9.834697723388672,0
2003-10-09,14.0,14.0,14.0,14.0,9.834697723388672,0
2003-10-10,14.0,14.0,14.0,14.0,9.834697723388672,0
2003-10-13,14.0,14.0,14.0,14.0,9.834697723388672,0
2003-10-14,14.0,14.0,14.0,14.0,9.834697723388672,0
2003-10-15,14.0,14.0,14.0,14.0,9.834697723388672,0
2003-10-16,14.0,14.0,14.0,14.0,9.834697723388672,0
2003-10-17,14.0,14.0,14.0,14.0,9.834697723388672,0
2003-10-20,14.0,14.0,14.0,14.0,9.834697723388672,0
2003-10-21,14.0,14.0,14.0,14.0,9.834697723388672,0
2003-10-22,14.0,14.0,14.0,14.0,9.834697723388672,0
2003-10-23,14.0,14.0,14.0,14.0,9.834697723388672,0
2003-10-24,14.0,14.0,14.0,14.0,9.834697723388672,0
2003-10-27,14.0,14.0,14.0,14.0,9.834697723388672,0
2003-10-28,14.0,14.0,14.0,14.0,9.834697723388672,0
2003-10-29,14.0,14.0,14.0,14.0,9.834697723388672,0
2003-10-30,14.0,14.0,14.0,14.0,9.834697723388672,0
2003-10-31,14.0,14.0,14.0,14.0,9.834697723388672,0
2003-11-03,14.0,14.0,14.0,14.0,9.834697723388672,0
2003-11-04,14.0,14.0,14.0,14.0,9.834697723388672,0
2003-11-05,14.0,14.0,14.0,14.0,9.834697723388672,0
2003-11-06,14.0,14.0,14.0,14.0,9.834697723388672,0
2003-11-07,14.0,14.0,14.0,14.0,9.834697723388672,0
2003-11-10,14.0,14.0,14.0,14.0,9.834697723388672,0
2003-11-11,14.0,14.0,14.0,14.0,9.834697723388672,0
2003-11-12,14.0,14.0,14.0,14.0,9.834697723388672,0
2003-11-13,14.0,14.0,14.0,14.0,9.834697723388672,0
2003-11-14,14.0,14.0,14.0,14.0,9.834697723388672,0
2003-11-17,14.0,14.0,14.0,14.0,9.834697723388672,0
2003-11-18,14.0,14.0,14.0,14.0,9.834697723388672,0
2003-11-19,14.0,14.0,14.0,14.0,9.834697723388672,0
2003-11-20,14.0,14.0,14.0,14.0,9.834697723388672,0
2003-11-21,14.0,14.0,14.0,14.0,9.834697723388672,0
2003-11-24,14.0,14.0,14.0,14.0,9.834697723388672,0
2003-11-25,14.0,14.0,14.0,14.0,9.834697723388672,0
2003-11-26,14.0,14.0,14.0,14.0,9.834697723388672,0
2003-11-27,14.0,14.0,14.0,14.0,9.834697723388672,0
2003-11-28,14.0,14.0,14.0,14.0,9.834697723388672,0
2003-12-01,14.0,14.0,14.0,14.0,9.834697723388672,0
2003-12-02,14.0,14.0,14.0,14.0,9.834697723388672,0
2003-12-03,14.0,14.0,14.0,14.0,9.834697723388672,0
2003-12-04,14.0,14.0,14.0,14.0,9.834697723388672,0
2003-12-05,14.0,14.0,14.0,14.0,9.834697723388672,0
2003-12-08,14.0,14.0,14.0,14.0,9.834697723388672,0
2003-12-09,14.0,14.0,14.0,14.0,9.834697723388672,0
2003-12-10,14.0,14.0,14.0,14.0,9.834697723388672,0
2003-12-11,14.0,14.0,14.0,14.0,9.834697723388672,0
2003-12-12,14.0,14.0,14.0,14.0,9.834697723388672,0
2003-12-15,14.0,14.0,14.0,14.0,9.834697723388672,0
2003-12-16,14.0,14.0,14.0,14.0,9.834697723388672,0
2003-12-17,14.0,14.0,14.0,14.0,9.834697723388672,0
2003-12-18,14.0,14.0,14.0,14.0,9.834697723388672,0
2003-12-19,14.0,14.0,14.0,14.0,9.834697723388672,0
2003-12-22,14.0,14.0,14.0,14.0,9.834697723388672,0
2003-12-23,14.0,14.0,14.0,14.0,9.834697723388672,0
2003-12-24,14.0,14.0,14.0,14.0,9.834697723388672,0
2003-12-25,14.0,14.0,14.0,14.0,9.834697723388672,0
2003-12-26,14.0,14.0,14.0,14.0,9.834697723388672,0
2003-12-29,14.0,14.0,14.0,14.0,9.834697723388672,0
2003-12-30,14.0,14.0,14.0,14.0,9.834697723388672,0
2003-12-31,14.0,14.0,14.0,14.0,9.834697723388672,0
2004-01-01,14.0,14.0,14.0,14.0,9.834697723388672,0
2004-01-02,14.0,14.0,14.0,14.0,9.834697723388672,0
2004-01-05,14.0,14.0,14.0,14.0,9.834697723388672,0
2004-01-06,14.0,14.0,14.0,14.0,9.834697723388672,0
2004-01-07,14.0,14.0,14.0,14.0,9.834697723388672,0
2004-01-08,14.0,14.0,14.0,14.0,9.834697723388672,0
2004-01-09,14.0,14.0,14.0,14.0,9.834697723388672,0
2004-01-12,14.0,14.0,14.0,14.0,9.834697723388672,0
2004-01-13,14.0,14.0,14.0,14.0,9.834697723388672,0
2004-01-14,14.0,14.0,14.0,14.0,9.834697723388672,0
2004-01-15,14.0,14.0,14.0,14.0,9.834697723388672,0
2004-01-16,14.0,14.0,14.0,14.0,9.834697723388672,0
2004-01-19,14.0,14.0,14.0,14.0,9.834697723388672,0
2004-01-20,14.0,14.0,14.0,14.0,9.834697723388672,0
2004-01-21,14.0,14.0,14.0,14.0,9.834697723388672,0
2004-01-22,14.0,14.0,14.0,14.0,9.834697723388672,0
2004-01-23,14.0,14.0,14.0,14.0,9.834697723388672,0
2004-01-26,14.0,14.0,14.0,14.0,9.834697723388672,0
2004-01-27,14.0,14.0,14.0,14.0,9.834697723388672,0
2004-01-28,14.0,14.0,14.0,14.0,9.834697723388672,0
2004-01-29,14.0,14.0,14.0,14.0,9.834697723388672,0
2004-01-30,14.0,14.0,14.0,14.0,9.834697723388672,0
2004-02-02,14.0,14.0,14.0,14.0,9.834697723388672,0
2004-02-03,14.0,14.0,14.0,14.0,9.834697723388672,0
2004-02-04,14.0,14.0,14.0,14.0,9.834697723388672,0
2004-02-05,14.0,14.0,14.0,14.0,9.834697723388672,0
2004-02-06,14.0,14.0,14.0,14.0,9.834697723388672,0
2004-02-09,14.0,14.0,14.0,14.0,9.834697723388672,0
2004-02-10,14.0,14.0,14.0,14.0,9.834697723388672,0
2004-02-11,14.0,14.0,14.0,14.0,9.834697723388672,0
2004-02-12,14.0,14.0,14.0,14.0,9.834697723388672,0
2004-02-13,14.0,14.0,14.0,14.0,9.834697723388672,0
2004-02-16,14.0,14.0,14.0,14.0,9.834697723388672,0
2004-02-17,14.0,14.0,14.0,14.0,9.834697723388672,0
2004-02-18,14.0,14.0,14.0,14.0,9.834697723388672,0
2004-02-19,14.0,14.0,14.0,14.0,9.834697723388672,0
2004-02-20,14.0,14.0,14.0,14.0,9.834697723388672,0
2004-02-23,14.0,14.0,14.0,14.0,9.834697723388672,0
2004-02-24,14.0,14.0,14.0,14.0,9.834697723388672,0
2004-02-25,14.0,14.0,14.0,14.0,9.834697723388672,0
2004-02-26,14.0,14.0,14.0,14.0,9.834697723388672,0
2004-02-27,14.0,14.0,14.0,14.0,9.834697723388672,0
2004-03-01,14.0,14.0,14.0,14.0,9.834697723388672,0
2004-03-02,14.0,14.0,14.0,14.0,9.834697723388672,0
2004-03-03,14.0,14.0,14.0,14.0,9.834697723388672,0
2004-03-04,14.0,14.0,14.0,14.0,9.834697723388672,0
2004-03-05,14.0,14.0,14.0,14.0,9.834697723388672,0
2004-03-08,14.0,14.0,14.0,14.0,9.834697723388672,0
2004-03-09,14.0,14.0,14.0,14.0,9.834697723388672,0
2004-03-10,14.0,14.0,14.0,14.0,9.834697723388672,0
2004-03-11,14.0,14.0,14.0,14.0,9.834697723388672,0
2004-03-12,14.0,14.0,14.0,14.0,9.834697723388672,0
2004-03-15,14.0,14.0,14.0,14.0,9.834697723388672,0
2004-03-16,14.0,14.0,14.0,14.0,9.834697723388672,0
2004-03-17,14.0,14.0,14.0,14.0,9.834697723388672,0
2004-03-18,14.0,14.0,14.0,14.0,9.834697723388672,0
2004-03-19,14.0,14.0,14.0,14.0,9.834697723388672,0
2004-03-22,14.0,14.0,14.0,14.0,9.834697723388672,0
2004-03-23,14.0,14.0,14.0,14.0,9.834697723388672,0
2004-03-24,14.0,14.0,14.0,14.0,9.834697723388672,0
2004-03-25,14.0,14.0,14.0,14.0,9.834697723388672,0
2004-03-26,14.0,14.0,14.0,14.0,9.834697723388672,0
2004-03-29,14.0,14.0,14.0,14.0,9.834697723388672,0
2004-03-30,14.0,14.0,14.0,14.0,9.834697723388672,0
2004-03-31,14.0,14.0,14.0,14.0,9.834697723388672,0
2004-04-01,14.0,14.0,14.0,14.0,9.834697723388672,0
2004-04-02,14.0,14.0,14.0,14.0,9.834697723388672,0
2004-04-05,14.0,14.0,14.0,14.0,9.834697723388672,0
2004-04-06,14.0,14.0,14.0,14.0,9.834697723388672,0
2004-04-07,14.0,14.0,14.0,14.0,9.834697723388672,0
2004-04-08,14.0,14.0,14.0,14.0,9.834697723388672,0
2004-04-09,14.0,14.0,14.0,14.0,9.834697723388672,0
2004-04-12,14.0,14.0,14.0,14.0,9.834697723388672,0
2004-04-13,14.0,14.0,14.0,14.0,9.834697723388672,0
2004-04-14,14.0,14.0,14.0,14.0,9.834697723388672,0
2004-04-15,14.0,14.0,14.0,14.0,9.834697723388672,0
2004-04-16,14.0,14.0,14.0,14.0,9.834697723388672,0
2004-04-19,14.0,14.0,14.0,14.0,9.834697723388672,0
2004-04-20,14.0,14.0,14.0,14.0,9.834697723388672,0
2004-04-21,14.0,14.0,14.0,14.0,9.834697723388672,0
2004-04-22,14.0,14.0,14.0,14.0,9.834697723388672,0
2004-04-23,14.0,14.0,14.0,14.0,9.834697723388672,0
2004-04-26,14.0,14.0,14.0,14.0,9.834697723388672,0
2004-04-27,14.0,14.0,14.0,14.0,9.834697723388672,0
2004-04-28,14.0,14.0,14.0,14.0,9.834697723388672,0
2004-04-29,14.0,14.0,14.0,14.0,9.834697723388672,0
2004-04-30,14.0,14.0,14.0,14.0,9.834697723388672,0
2004-05-03,14.0,14.0,14.0,14.0,9.834697723388672,0
2004-05-04,14.0,14.0,14.0,14.0,9.834697723388672,0
2004-05-05,14.0,14.0,14.0,14.0,9.834697723388672,0
2004-05-06,14.0,14.0,14.0,14.0,9.834697723388672,0
2004-05-07,14.0,14.0,14.0,14.0,9.834697723388672,0
2004-05-10,14.0,14.0,14.0,14.0,9.834697723388672,0
2004-05-11,14.0,14.0,14.0,14.0,9.834697723388672,0
2004-05-12,14.0,14.0,14.0,14.0,9.834697723388672,0
2004-05-13,14.0,14.0,14.0,14.0,9.834697723388672,0
2004-05-14,14.0,14.0,14.0,14.0,9.834697723388672,0
2004-05-17,14.0,14.0,14.0,14.0,9.834697723388672,0
2004-05-18,14.0,14.0,14.0,14.0,9.834697723388672,0
2004-05-19,14.0,14.0,14.0,14.0,9.834697723388672,0
2004-05-20,14.0,14.0,14.0,14.0,9.834697723388672,0
2004-05-21,14.0,14.0,14.0,14.0,9.834697723388672,0
2004-05-24,14.0,14.0,14.0,14.0,9.834697723388672,0
2004-05-25,14.0,14.0,14.0,14.0,9.834697723388672,0
2004-05-26,14.0,14.0,14.0,14.0,9.834697723388672,0
2004-05-27,14.0,14.0,14.0,14.0,9.834697723388672,0
2004-05-28,14.0,14.0,14.0,14.0,9.834697723388672,0
2004-05-31,14.0,14.0,14.0,14.0,9.834697723388672,0
2004-06-01,14.0,14.0,14.0,14.0,9.834697723388672,0
2004-06-02,14.0,14.0,14.0,14.0,9.834697723388672,0
2004-06-03,14.0,14.0,14.0,14.0,9.834697723388672,0
2004-06-04,14.0,14.0,14.0,14.0,9.834697723388672,0
2004-06-07,14.0,14.0,14.0,14.0,9.834697723388672,0
2004-06-08,14.0,14.0,14.0,14.0,9.834697723388672,0
2004-06-09,14.0,14.0,14.0,14.0,9.834697723388672,0
2004-06-10,14.0,14.0,14.0,14.0,9.834697723388672,0
2004-06-11,14.0,14.0,14.0,14.0,9.834697723388672,0
2004-06-14,14.0,14.0,14.0,14.0,9.834697723388672,0
2004-06-15,14.0,14.0,14.0,14.0,9.834697723388672,0
2004-06-16,14.0,14.0,14.0,14.0,9.834697723388672,0
2004-06-17,14.0,14.0,14.0,14.0,9.834697723388672,0
2004-06-18,14.0,14.0,14.0,14.0,9.834697723388672,0
2004-06-21,14.0,14.0,14.0,14.0,9.834697723388672,0
2004-06-22,14.0,14.0,14.0,14.0,9.834697723388672,0
2004-06-23,14.0,14.0,14.0,14.0,9.834697723388672,0
2004-06-24,14.0,14.0,14.0,14.0,9.834697723388672,0
2004-06-25,14.0,14.0,14.0,14.0,9.834697723388672,0
2004-06-28,14.0,14.0,14.0,14.0,9.834697723388672,0
2004-06-29,14.0,14.0,14.0,14.0,9.834697723388672,0
2004-06-30,14.0,14.0,14.0,14.0,9.834697723388672,0
2004-07-01,14.0,14.0,14.0,14.0,9.834697723388672,0
2004-07-02,14.0,14.0,14.0,14.0,9.834697723388672,0
2004-07-05,14.0,14.0,14.0,14.0,9.834697723388672,0
2004-07-06,14.0,14.0,14.0,14.0,9.834697723388672,0
2004-07-07,14.0,14.0,14.0,14.0,9.834697723388672,0
2004-07-08,14.0,14.0,14.0,14.0,9.834697723388672,0
2004-07-09,14.0,14.0,14.0,14.0,9.834697723388672,0
2004-07-12,14.0,14.0,14.0,14.0,9.834697723388672,0
2004-07-13,14.0,14.0,14.0,14.0,9.834697723388672,0
2004-07-14,14.0,14.0,14.0,14.0,9.834697723388672,0
2004-07-15,14.0,14.0,14.0,14.0,9.834697723388672,0
2004-07-16,14.0,14.0,14.0,14.0,9.834697723388672,0
2004-07-19,14.0,14.0,14.0,14.0,9.834697723388672,0
2004-07-20,14.0,14.0,14.0,14.0,9.834697723388672,0
2004-07-21,14.0,14.0,14.0,14.0,9.834697723388672,0
2004-07-22,14.0,14.0,14.0,14.0,9.834697723388672,0
2004-07-23,14.0,14.0,14.0,14.0,9.834697723388672,0
2004-07-26,14.0,14.0,14.0,14.0,9.834697723388672,0
2004-07-27,14.0,14.0,14.0,14.0,9.834697723388672,0
2004-07-28,14.0,14.0,14.0,14.0,9.834697723388672,0
2004-07-29,14.0,14.0,14.0,14.0,9.834697723388672,0
2004-07-30,14.0,14.0,14.0,14.0,9.834697723388672,0
2004-08-02,14.0,14.0,14.0,14.0,9.834697723388672,0
2004-08-03,14.0,14.0,14.0,14.0,9.834697723388672,0
2004-08-04,14.0,14.0,14.0,14.0,9.834697723388672,0
2004-08-05,14.0,14.0,14.0,14.0,9.834697723388672,0
2004-08-06,14.0,14.0,14.0,14.0,9.834697723388672,0
2004-08-09,14.0,14.0,14.0,14.0,9.834697723388672,0
2004-08-10,14.0,14.0,14.0,14.0,9.834697723388672,0
2004-08-11,14.0,14.0,14.0,14.0,9.834697723388672,0
2004-08-12,14.0,14.0,14.0,14.0,9.834697723388672,0
2004-08-13,14.0,14.0,14.0,14.0,9.834697723388672,0
2004-08-16,14.0,14.0,14.0,14.0,9.834697723388672,0
2004-08-17,14.0,14.0,14.0,14.0,9.834697723388672,0
2004-08-18,14.0,14.0,14.0,14.0,9.834697723388672,0
2004-08-19,14.0,14.0,14.0,14.0,9.834697723388672,0
2004-08-20,14.0,14.0,14.0,14.0,9.834697723388672,0
2004-08-23,14.0,14.0,14.0,14.0,9.834697723388672,0
2004-08-24,14.0,14.0,14.0,14.0,9.834697723388672,0
2004-08-25,14.0,14.0,14.0,14.0,9.834697723388672,0
2004-08-26,14.0,14.0,14.0,14.0,9.834697723388672,0
2004-08-27,14.0,14.0,14.0,14.0,9.834697723388672,0
2004-08-30,14.0,14.0,14.0,14.0,9.834697723388672,0
2004-08-31,14.0,14.0,14.0,14.0,9.834697723388672,0
2004-09-01,14.0,14.0,14.0,14.0,9.834697723388672,0
2004-09-02,14.0,14.0,14.0,14.0,9.834697723388672,0
2004-09-03,14.0,14.0,14.0,14.0,9.834697723388672,0
2004-09-06,14.0,14.0,14.0,14.0,9.834697723388672,0
2004-09-07,14.0,14.0,14.0,14.0,9.834697723388672,0
2004-09-08,14.0,14.0,14.0,14.0,9.834697723388672,0
2004-09-09,14.0,14.0,14.0,14.0,9.834697723388672,0
2004-09-10,14.0,14.0,14.0,14.0,9.834697723388672,0
2004-09-13,14.0,14.0,14.0,14.0,9.834697723388672,0
2004-09-14,14.0,14.0,14.0,14.0,9.834697723388672,0
2004-09-15,14.0,14.0,14.0,14.0,9.834697723388672,0
2004-09-16,14.0,14.0,14.0,14.0,9.834697723388672,0
2004-09-17,14.0,14.0,14.0,14.0,9.834697723388672,0
2004-09-20,14.0,14.0,14.0,14.0,9.834697723388672,0
2004-09-21,14.0,14.0,14.0,14.0,9.834697723388672,0
2004-09-22,14.0,14.0,14.0,14.0,9.834697723388672,0
2004-09-23,14.0,14.0,14.0,14.0,9.834697723388672,0
2004-09-24,14.0,14.0,14.0,14.0,9.834697723388672,0
2004-09-27,14.0,14.0,14.0,14.0,9.834697723388672,0
2004-09-28,14.0,14.0,14.0,14.0,9.834697723388672,0
2004-09-29,14.0,14.0,14.0,14.0,9.834697723388672,0
2004-09-30,14.0,14.0,14.0,14.0,9.834697723388672,0
2004-10-01,14.0,14.0,14.0,14.0,9.834697723388672,0
2004-10-04,14.0,14.0,14.0,14.0,9.834697723388672,0
2004-10-05,14.0,14.0,14.0,14.0,9.834697723388672,0
2004-10-06,14.0,14.0,14.0,14.0,9.834697723388672,0
2004-10-07,14.0,14.0,14.0,14.0,9.834697723388672,0
2004-10-08,14.0,14.0,14.0,14.0,9.834697723388672,0
2004-10-11,14.0,14.0,14.0,14.0,9.834697723388672,0
2004-10-12,14.0,14.0,14.0,14.0,9.834697723388672,0
2004-10-13,14.0,14.0,14.0,14.0,9.834697723388672,0
2004-10-14,14.0,14.0,14.0,14.0,9.834697723388672,0
2004-10-15,14.0,14.0,14.0,14.0,9.834697723388672,0
2004-10-18,14.0,14.0,14.0,14.0,9.834697723388672,0
2004-10-19,14.0,14.0,14.0,14.0,9.834697723388672,0
2004-10-20,14.0,14.0,14.0,14.0,9.834697723388672,0
2004-10-21,14.0,14.0,14.0,14.0,9.834697723388672,0
2004-10-22,14.0,14.0,14.0,14.0,9.834697723388672,0
2004-10-25,14.0,14.0,14.0,14.0,9.834697723388672,0
2004-10-26,14.0,14.0,14.0,14.0,9.834697723388672,0
2004-10-27,14.0,14.0,14.0,14.0,9.834697723388672,0
2004-10-28,14.0,14.0,14.0,14.0,9.834697723388672,0
2004-10-29,14.0,14.0,14.0,14.0,9.834697723388672,0
2004-11-01,14.0,14.0,14.0,14.0,9.834697723388672,0
2004-11-02,14.0,14.0,14.0,14.0,9.834697723388672,0
2004-11-03,14.0,14.0,14.0,14.0,9.834697723388672,0
2004-11-04,14.0,14.0,14.0,14.0,9.834697723388672,0
2004-11-05,14.0,14.0,14.0,14.0,9.834697723388672,0
2004-11-08,14.0,14.0,14.0,14.0,9.834697723388672,0
2004-11-09,14.0,14.0,14.0,14.0,9.834697723388672,0
2004-11-10,14.0,14.0,14.0,14.0,9.834697723388672,0
2004-11-11,14.0,14.0,14.0,14.0,9.834697723388672,0
2004-11-12,14.0,14.0,14.0,14.0,9.834697723388672,0
2004-11-15,14.0,14.0,14.0,14.0,9.834697723388672,0
2004-11-16,14.0,14.0,14.0,14.0,9.834697723388672,0
2004-11-17,14.0,14.0,14.0,14.0,9.834697723388672,0
2004-11-18,14.0,14.0,14.0,14.0,9.834697723388672,0
2004-11-19,14.0,14.0,14.0,14.0,9.834697723388672,0
2004-11-22,14.0,14.0,14.0,14.0,9.834697723388672,0
2004-11-23,14.0,14.0,14.0,14.0,9.834697723388672,0
2004-11-24,14.0,14.0,14.0,14.0,9.834697723388672,0
2004-11-25,14.0,14.0,14.0,14.0,9.834697723388672,0
2004-11-26,14.0,14.0,14.0,14.0,9.834697723388672,0
2004-11-29,14.0,14.0,14.0,14.0,9.834697723388672,0
2004-11-30,14.0,14.0,14.0,14.0,9.834697723388672,0
2004-12-01,14.0,14.0,14.0,14.0,9.834697723388672,0
2004-12-02,14.0,14.0,14.0,14.0,9.834697723388672,0
2004-12-03,14.0,14.0,14.0,14.0,9.834697723388672,0
2004-12-06,14.0,14.0,14.0,14.0,9.834697723388672,0
2004-12-07,14.0,14.0,14.0,14.0,9.834697723388672,0
2004-12-08,14.0,14.0,14.0,14.0,9.834697723388672,0
2004-12-09,14.0,14.0,14.0,14.0,9.834697723388672,0
2004-12-10,14.0,14.0,14.0,14.0,9.834697723388672,0
2004-12-13,14.0,14.0,14.0,14.0,9.834697723388672,0
2004-12-14,14.0,14.0,14.0,14.0,9.834697723388672,0
2004-12-15,14.0,14.0,14.0,14.0,9.834697723388672,0
2004-12-16,14.0,14.0,14.0,14.0,9.834697723388672,0
2004-12-17,14.0,14.0,14.0,14.0,9.834697723388672,0
2004-12-20,14.0,14.0,14.0,14.0,9.834697723388672,0
2004-12-21,14.0,14.0,14.0,14.0,9.834697723388672,0
2004-12-22,14.0,14.0,14.0,14.0,9.834697723388672,0
2004-12-23,14.0,14.0,14.0,14.0,9.834697723388672,0
2004-12-24,14.0,14.0,14.0,14.0,9.834697723388672,0
2004-12-27,14.0,14.0,14.0,14.0,9.834697723388672,0
2004-12-28,14.0,14.0,14.0,14.0,9.834697723388672,0
2004-12-29,14.0,14.0,14.0,14.0,9.834697723388672,0
2004-12-30,14.0,14.0,14.0,14.0,9.834697723388672,0
2004-12-31,14.0,14.0,14.0,14.0,9.834697723388672,0
2005-01-03,14.0,14.0,14.0,14.0,9.834697723388672,0
2005-01-04,14.0,14.0,14.0,14.0,9.834697723388672,0
2005-01-05,14.0,14.0,14.0,14.0,9.834697723388672,0
2005-01-06,14.0,14.0,14.0,14.0,9.834697723388672,0
2005-01-07,14.0,14.0,14.0,14.0,9.834697723388672,0
2005-01-10,14.0,14.0,14.0,14.0,9.834697723388672,0
2005-01-11,14.0,14.0,14.0,14.0,9.834697723388672,0
2005-01-12,14.0,14.0,14.0,14.0,9.834697723388672,0
2005-01-13,14.0,14.0,14.0,14.0,9.834697723388672,0
2005-01-14,14.0,14.0,14.0,14.0,9.834697723388672,0
2005-01-17,14.0,14.0,14.0,14.0,9.834697723388672,0
2005-01-18,14.0,14.0,14.0,14.0,9.834697723388672,0
2005-01-19,14.0,14.0,14.0,14.0,9.834697723388672,0
2005-01-20,14.0,14.0,14.0,14.0,9.834697723388672,0
2005-01-21,14.0,14.0,14.0,14.0,9.834697723388672,0
2005-01-24,14.0,14.0,14.0,14.0,9.834697723388672,0
2005-01-25,14.0,14.0,14.0,14.0,9.834697723388672,0
2005-01-26,14.0,14.0,14.0,14.0,9.834697723388672,0
2005-01-27,14.0,14.0,14.0,14.0,9.834697723388672,0
2005-01-28,14.0,14.0,14.0,14.0,9.834697723388672,0
2005-01-31,14.0,14.0,14.0,14.0,9.834697723388672,0
2005-02-01,14.0,14.0,14.0,14.0,9.834697723388672,0
2005-02-02,14.0,14.0,14.0,14.0,9.834697723388672,0
2005-02-03,14.0,14.0,14.0,14.0,9.834697723388672,0
2005-02-04,14.0,14.0,14.0,14.0,9.834697723388672,0
2005-02-07,14.0,14.0,14.0,14.0,9.834697723388672,0
2005-02-08,14.0,14.0,14.0,14.0,9.834697723388672,0
2005-02-14,14.0,14.0,14.0,14.0,9.834697723388672,0
2005-02-15,14.0,14.0,14.0,14.0,9.834697723388672,0
2005-02-16,14.0,14.0,14.0,14.0,9.834697723388672,0
2005-02-17,14.0,14.0,14.0,14.0,9.834697723388672,0
2005-02-18,14.0,14.0,14.0,14.0,9.834697723388672,0
2005-02-21,14.0,14.0,14.0,14.0,9.834697723388672,0
2005-02-22,14.0,14.0,14.0,14.0,9.834697723388672,0
2005-02-23,14.0,14.0,14.0,14.0,9.834697723388672,0
2005-02-24,14.0,14.0,14.0,14.0,9.834697723388672,0
2005-02-25,14.0,14.0,14.0,14.0,9.834697723388672,0
2005-02-28,14.0,14.0,14.0,14.0,9.834697723388672,0
2005-03-01,14.0,14.0,14.0,14.0,9.834697723388672,0
2005-03-02,14.0,14.0,14.0,14.0,9.834697723388672,0
2005-03-03,14.0,14.0,14.0,14.0,9.834697723388672,0
2005-03-04,14.0,14.0,14.0,14.0,9.834697723388672,0
2005-03-07,14.0,14.0,14.0,14.0,9.834697723388672,0
2005-03-08,14.0,14.0,14.0,14.0,9.834697723388672,0
2005-03-09,14.0,14.0,14.0,14.0,9.834697723388672,0
2005-03-10,14.0,14.0,14.0,14.0,9.834697723388672,0
2005-03-11,14.0,14.0,14.0,14.0,9.834697723388672,0
2005-03-14,14.0,14.0,14.0,14.0,9.834697723388672,0
2005-03-15,14.0,14.0,14.0,14.0,9.834697723388672,0
2005-03-16,14.0,14.0,14.0,14.0,9.834697723388672,0
2005-03-17,14.0,14.0,14.0,14.0,9.834697723388672,0
2005-03-18,14.0,14.0,14.0,14.0,9.834697723388672,0
2005-03-21,14.0,14.0,14.0,14.0,9.834697723388672,0
2005-03-22,14.0,14.0,14.0,14.0,9.834697723388672,0
2005-03-23,14.0,14.0,14.0,14.0,9.834697723388672,0
2005-03-24,14.0,14.0,14.0,14.0,9.834697723388672,0
2005-03-29,14.0,14.0,14.0,14.0,9.834697723388672,0
2005-03-30,14.0,14.0,14.0,14.0,9.834697723388672,0
2005-03-31,14.0,14.0,14.0,14.0,9.834697723388672,0
2005-04-01,14.0,14.0,14.0,14.0,9.834697723388672,0
2005-04-04,14.0,14.0,14.0,14.0,9.834697723388672,0
2005-04-06,14.0,14.0,14.0,14.0,9.834697723388672,0
2005-04-07,14.0,14.0,14.0,14.0,9.834697723388672,0
2005-04-08,14.0,14.0,14.0,14.0,9.834697723388672,0
2005-04-11,14.0,14.0,14.0,14.0,9.834697723388672,0
2005-04-12,14.0,14.0,14.0,14.0,9.834697723388672,0
2005-04-13,14.0,14.0,14.0,14.0,9.834697723388672,0
2005-04-14,14.0,14.0,14.0,14.0,9.834697723388672,0
2005-04-15,14.0,14.0,14.0,14.0,9.834697723388672,0
2005-04-18,14.0,14.0,14.0,14.0,9.834697723388672,0
2005-04-19,14.0,14.0,14.0,14.0,9.834697723388672,0
2005-04-20,14.0,14.0,14.0,14.0,9.834697723388672,0
2005-04-21,14.0,14.0,14.0,14.0,9.834697723388672,0
2005-04-22,14.0,14.0,14.0,14.0,9.834697723388672,0
2005-04-25,14.0,14.0,14.0,14.0,9.834697723388672,0
2005-04-26,14.0,14.0,14.0,14.0,9.834697723388672,0
2005-04-27,14.0,14.0,14.0,14.0,9.834697723388672,0
2005-04-28,14.0,14.0,14.0,14.0,9.834697723388672,0
2005-04-29,14.0,14.0,14.0,14.0,9.834697723388672,0
2005-05-03,14.0,14.0,14.0,14.0,9.834697723388672,0
2005-05-04,14.0,14.0,14.0,14.0,9.834697723388672,0
2005-05-05,14.0,14.0,14.0,14.0,9.834697723388672,0
2005-05-06,14.0,14.0,14.0,14.0,9.834697723388672,0
2005-05-09,14.0,14.0,14.0,14.0,9.834697723388672,0
2005-05-10,14.0,14.0,14.0,14.0,9.834697723388672,0
2005-05-11,14.0,14.0,14.0,14.0,9.834697723388672,0
2005-05-12,14.0,14.0,14.0,14.0,9.834697723388672,0
2005-05-13,14.0,14.0,14.0,14.0,9.834697723388672,0
2005-05-17,14.0,14.0,14.0,14.0,9.834697723388672,0
2005-05-18,14.0,14.0,14.0,14.0,9.834697723388672,0
2005-05-19,14.0,14.0,14.0,14.0,9.834697723388672,0
2005-05-20,14.0,14.0,14.0,14.0,9.834697723388672,0
2005-05-23,14.0,14.0,14.0,14.0,9.834697723388672,0
2005-05-24,14.0,14.0,14.0,14.0,9.834697723388672,0
2005-05-25,14.0,14.0,14.0,14.0,9.834697723388672,0
2005-05-26,14.0,14.0,14.0,14.0,9.834697723388672,0
2005-05-27,14.0,14.0,14.0,14.0,9.834697723388672,0
2005-05-30,14.0,14.0,14.0,14.0,9.834697723388672,0
2005-05-31,14.0,14.0,14.0,14.0,9.834697723388672,0
2005-06-01,14.0,14.0,14.0,14.0,9.834697723388672,0
2005-06-02,14.0,14.0,14.0,14.0,9.834697723388672,0
2005-06-03,14.0,14.0,14.0,14.0,9.834697723388672,0
2005-06-06,14.0,14.0,14.0,14.0,9.834697723388672,0
2005-06-07,14.0,14.0,14.0,14.0,9.834697723388672,0
2005-06-08,14.0,14.0,14.0,14.0,9.834697723388672,0
2005-06-09,14.0,14.0,14.0,14.0,9.834697723388672,0
2005-06-10,14.0,14.0,14.0,14.0,9.834697723388672,0
2005-06-13,14.0,14.0,14.0,14.0,9.834697723388672,0
2005-06-14,14.0,14.0,14.0,14.0,9.834697723388672,0
2005-06-15,14.0,14.0,14.0,14.0,9.834697723388672,0
2005-06-16,14.0,14.0,14.0,14.0,9.834697723388672,0
2005-06-17,14.0,14.0,14.0,14.0,9.834697723388672,0
2005-06-20,14.0,14.0,14.0,14.0,9.834697723388672,0
2005-06-21,14.0,14.0,14.0,14.0,9.834697723388672,0
2005-06-22,14.0,14.0,14.0,14.0,9.834697723388672,0
2005-06-23,14.0,14.0,14.0,14.0,9.834697723388672,0
2005-06-24,14.0,14.0,14.0,14.0,9.834697723388672,0
2005-06-27,14.0,14.0,14.0,14.0,9.834697723388672,0
2005-06-28,14.0,14.0,14.0,14.0,9.834697723388672,0
2005-06-29,14.0,14.0,14.0,14.0,9.834697723388672,0
2005-06-30,14.0,14.0,14.0,14.0,9.834697723388672,0
2005-07-04,14.0,14.0,14.0,14.0,9.834697723388672,0
2005-07-05,14.0,14.0,14.0,14.0,9.834697723388672,0
2005-07-06,14.0,14.0,14.0,14.0,9.834697723388672,0
2005-07-07,14.0,14.0,14.0,14.0,9.834697723388672,0
2005-07-08,14.0,14.0,14.0,14.0,9.834697723388672,0
2005-07-11,14.0,14.0,14.0,14.0,9.834697723388672,0
2005-07-12,14.0,14.0,14.0,14.0,9.834697723388672,0
2005-07-13,14.0,14.0,14.0,14.0,9.834697723388672,0
2005-07-14,14.0,14.0,14.0,14.0,9.834697723388672,0
2005-07-15,14.0,14.0,14.0,14.0,9.834697723388672,0
2005-07-18,14.0,14.0,14.0,14.0,9.834697723388672,0
2005-07-19,14.0,14.0,14.0,14.0,9.834697723388672,0
2005-07-20,14.0,14.0,14.0,14.0,9.834697723388672,0
2005-07-21,14.0,14.0,14.0,14.0,9.834697723388672,0
2005-07-22,14.0,14.0,14.0,14.0,9.834697723388672,0
2005-07-25,14.0,14.0,14.0,14.0,9.834697723388672,0
2005-07-26,14.0,14.0,14.0,14.0,9.834697723388672,0
2005-07-27,14.0,14.0,14.0,14.0,9.834697723388672,0
2005-07-28,14.0,14.0,14.0,14.0,9.834697723388672,0
2005-07-29,14.0,14.0,14.0,14.0,9.834697723388672,0
2005-08-01,14.0,14.0,14.0,14.0,9.834697723388672,0
2005-08-02,14.0,14.0,14.0,14.0,9.834697723388672,0
2005-08-03,14.0,14.0,14.0,14.0,9.834697723388672,0
2005-08-04,14.0,14.0,14.0,14.0,9.834697723388672,0
2005-08-05,14.0,14.0,14.0,14.0,9.834697723388672,0
2005-08-08,14.0,14.0,14.0,14.0,9.834697723388672,0
2005-08-09,14.0,14.0,14.0,14.0,9.834697723388672,0
2005-08-10,14.0,14.0,14.0,14.0,9.834697723388672,0
2005-08-11,14.0,14.0,14.0,14.0,9.834697723388672,0
2005-08-12,14.0,14.0,14.0,14.0,9.834697723388672,0
2005-08-15,14.0,14.0,14.0,14.0,9.834697723388672,0
2005-08-16,14.0,14.0,14.0,14.0,9.834697723388672,0
2005-08-17,14.0,14.0,14.0,14.0,9.834697723388672,0
2005-08-18,14.0,14.0,14.0,14.0,9.834697723388672,0
2005-08-19,14.0,14.0,14.0,14.0,9.834697723388672,0
2005-08-22,14.0,14.0,14.0,14.0,9.834697723388672,0
2005-08-23,14.0,14.0,14.0,14.0,9.834697723388672,0
2005-08-24,14.0,14.0,14.0,14.0,9.834697723388672,0
2005-08-25,14.0,14.0,14.0,14.0,9.834697723388672,0
2005-08-26,14.0,14.0,14.0,14.0,9.834697723388672,0
2005-08-29,14.0,14.0,14.0,14.0,9.834697723388672,0
2005-08-30,14.0,14.0,14.0,14.0,9.834697723388672,0
2005-08-31,14.0,14.0,14.0,14.0,9.834697723388672,0
2005-09-01,14.0,14.0,14.0,14.0,9.834697723388672,0
2005-09-02,14.0,14.0,14.0,14.0,9.834697723388672,0
2005-09-05,14.0,14.0,14.0,14.0,9.834697723388672,0
2005-09-06,14.0,14.0,14.0,14.0,9.834697723388672,0
2005-09-07,14.0,14.0,14.0,14.0,9.834697723388672,0
2005-09-08,14.0,14.0,14.0,14.0,9.834697723388672,0
2005-09-09,14.0,14.0,14.0,14.0,9.834697723388672,0
2005-09-12,14.0,14.0,14.0,14.0,9.834697723388672,0
2005-09-13,14.0,14.0,14.0,14.0,9.834697723388672,0
2005-09-14,14.0,14.0,14.0,14.0,9.834697723388672,0
2005-09-15,14.0,14.0,14.0,14.0,9.834697723388672,0
2005-09-16,14.0,14.0,14.0,14.0,9.834697723388672,0
2005-09-20,14.0,14.0,14.0,14.0,9.834697723388672,0
2005-09-21,14.0,14.0,14.0,14.0,9.834697723388672,0
2005-09-22,14.0,14.0,14.0,14.0,9.834697723388672,0
2005-09-23,14.0,14.0,14.0,14.0,9.834697723388672,0
2005-09-26,14.0,14.0,14.0,14.0,9.834697723388672,0
2005-09-27,14.0,14.0,14.0,14.0,9.834697723388672,0
2005-09-28,14.0,14.0,14.0,14.0,9.834697723388672,0
2005-09-29,14.0,14.0,14.0,14.0,9.834697723388672,0
2005-09-30,14.0,14.0,14.0,14.0,9.834697723388672,0
2005-10-03,14.0,14.0,14.0,14.0,9.834697723388672,0
2005-10-04,14.0,14.0,14.0,14.0,9.834697723388672,0
2005-10-05,14.0,14.0,14.0,14.0,9.834697723388672,0
2005-10-06,14.0,14.0,14.0,14.0,9.834697723388672,0
2005-10-07,14.0,14.0,14.0,14.0,9.834697723388672,0
2005-10-10,14.0,14.0,14.0,14.0,9.834697723388672,0
2005-10-12,14.0,14.0,14.0,14.0,9.834697723388672,0
2005-10-13,0.4444440007209778,0.46875,0.4444440007209778,0.46180498600006104,0.32440808415412903,218880
2005-10-14,0.48611098527908325,0.5347219705581665,0.46180498600006104,0.5347219705581665,0.37563061714172363,408960
2005-10-17,0.5347219705581665,0.5347219705581665,0.5347219705581665,0.5347219705581665,0.37563061714172363,0
2005-10-18,0.5347219705581665,0.5347219705581665,0.5347219705581665,0.5347219705581665,0.37563061714172363,0
2005-10-19,0.5347219705581665,0.5347219705581665,0.5347219705581665,0.5347219705581665,0.37563061714172363,0
2005-10-20,0.45138800144195557,0.45138800144195557,0.45138800144195557,0.45138800144195557,0.31709030270576477,51840
2005-10-21,0.4479160010814667,0.4479160010814667,0.4444440007209778,0.4444440007209778,0.3122123181819916,86400
2005-10-24,0.4444440007209778,0.4444440007209778,0.4444440007209778,0.4444440007209778,0.3122123181819916,288000
2005-10-25,0.4444440007209778,0.4444440007209778,0.4375,0.4409720003604889,0.3097732663154602,1042560
2005-10-26,0.4409720003604889,0.45138800144195557,0.4409720003604889,0.45138800144195557,0.31709030270576477,74880
2005-10-27,0.45833298563957214,0.45833298563957214,0.45833298563957214,0.45833298563957214,0.32196900248527527,69120
2005-10-28,0.45833298563957214,0.45833298563957214,0.45833298563957214,0.45833298563957214,0.32196900248527527,132480
2005-10-31,0.45833298563957214,0.45833298563957214,0.45833298563957214,0.45833298563957214,0.32196900248527527,109440
2005-11-01,0.45833298563957214,0.45833298563957214,0.45833298563957214,0.45833298563957214,0.32196900248527527,0
2005-11-02,0.45833298563957214,0.45833298563957214,0.45833298563957214,0.45833298563957214,0.32196900248527527,46080
2005-11-03,0.45833298563957214,0.45833298563957214,0.45833298563957214,0.45833298563957214,0.32196900248527527,138240
2005-11-04,0.45833298563957214,0.45833298563957214,0.45833298563957214,0.45833298563957214,0.32196900248527527,0
2005-11-07,0.45833298563957214,0.45833298563957214,0.45833298563957214,0.45833298563957214,0.32196900248527527,0
2005-11-08,0.45833298563957214,0.45833298563957214,0.45833298563957214,0.45833298563957214,0.32196900248527527,144000
2005-11-09,0.45833298563957214,0.45833298563957214,0.45833298563957214,0.45833298563957214,0.32196900248527527,0
2005-11-10,0.45833298563957214,0.45833298563957214,0.45833298563957214,0.45833298563957214,0.32196900248527527,0
2005-11-11,0.45138800144195557,0.45138800144195557,0.45138800144195557,0.45138800144195557,0.31709030270576477,57600
2005-11-14,0.45138800144195557,0.45138800144195557,0.45138800144195557,0.45138800144195557,0.31709030270576477,0
2005-11-15,0.45138800144195557,0.45138800144195557,0.45138800144195557,0.45138800144195557,0.31709030270576477,0
2005-11-16,0.45138800144195557,0.45138800144195557,0.45138800144195557,0.45138800144195557,0.31709030270576477,0
2005-11-17,0.45138800144195557,0.45138800144195557,0.45138800144195557,0.45138800144195557,0.31709030270576477,0
2005-11-18,0.45138800144195557,0.45138800144195557,0.45138800144195557,0.45138800144195557,0.31709030270576477,264960
2005-11-21,0.45138800144195557,0.45138800144195557,0.45138800144195557,0.45138800144195557,0.31709030270576477,0
2005-11-22,0.45138800144195557,0.45138800144195557,0.45138800144195557,0.45138800144195557,0.31709030270576477,0
2005-11-23,0.45138800144195557,0.45138800144195557,0.45138800144195557,0.45138800144195557,0.31709030270576477,0
2005-11-24,0.45833298563957214,0.45833298563957214,0.45833298563957214,0.45833298563957214,0.32196900248527527,57600
2005-11-25,0.45833298563957214,0.45833298563957214,0.45833298563957214,0.45833298563957214,0.32196900248527527,0
2005-11-28,0.45833298563957214,0.45833298563957214,0.45833298563957214,0.45833298563957214,0.32196900248527527,57600
2005-11-29,0.45833298563957214,0.45833298563957214,0.45833298563957214,0.45833298563957214,0.32196900248527527,184320
2005-11-30,0.45833298563957214,0.45833298563957214,0.45833298563957214,0.45833298563957214,0.32196900248527527,0
2005-12-01,0.45833298563957214,0.45833298563957214,0.45833298563957214,0.45833298563957214,0.32196900248527527,144000
2005-12-02,0.46180498600006104,0.46180498600006104,0.46180498600006104,0.46180498600006104,0.32440808415412903,144000
2005-12-05,0.46180498600006104,0.46180498600006104,0.46180498600006104,0.46180498600006104,0.32440808415412903,57600
2005-12-06,0.4652769863605499,0.4652769863605499,0.4652769863605499,0.4652769863605499,0.3268470764160156,57600
2005-12-07,0.4652769863605499,0.4652769863605499,0.4652769863605499,0.4652769863605499,0.3268470764160156,0
2005-12-08,0.4652769863605499,0.4652769863605499,0.4652769863605499,0.4652769863605499,0.3268470764160156,0
2005-12-09,0.4652769863605499,0.4652769863605499,0.4652769863605499,0.4652769863605499,0.3268470764160156,57600
2005-12-12,0.4652769863605499,0.4652769863605499,0.4652769863605499,0.4652769863605499,0.3268470764160156,0
2005-12-13,0.4652769863605499,0.4652769863605499,0.4652769863605499,0.4652769863605499,0.3268470764160156,144000
2005-12-14,0.4652769863605499,0.4652769863605499,0.4652769863605499,0.4652769863605499,0.3268470764160156,57600
2005-12-15,0.4652769863605499,0.4652769863605499,0.4652769863605499,0.4652769863605499,0.3268470764160156,0
2005-12-16,0.4652769863605499,0.4652769863605499,0.4652769863605499,0.4652769863605499,0.3268470764160156,0
2005-12-19,0.4652769863605499,0.4652769863605499,0.4652769863605499,0.4652769863605499,0.3268470764160156,0
2005-12-20,0.4652769863605499,0.4652769863605499,0.4652769863605499,0.4652769863605499,0.3268470764160156,0
2005-12-21,0.4652769863605499,0.4652769863605499,0.4652769863605499,0.4652769863605499,0.3268470764160156,0
2005-12-22,0.4652769863605499,0.4652769863605499,0.4652769863605499,0.4652769863605499,0.3268470764160156,0
2005-12-23,0.4652769863605499,0.4652769863605499,0.4652769863605499,0.4652769863605499,0.3268470764160156,0
2005-12-28,0.4652769863605499,0.4652769863605499,0.4652769863605499,0.4652769863605499,0.3268470764160156,0
2005-12-29,0.4722220003604889,0.4722220003604889,0.4722220003604889,0.4722220003604889,0.33172574639320374,5760
2005-12-30,0.4722220003604889,0.4722220003604889,0.4722220003604889,0.4722220003604889,0.33172574639320374,0
2006-01-03,0.4722220003604889,0.4722220003604889,0.4722220003604889,0.4722220003604889,0.33172574639320374,0
2006-01-04,0.4722220003604889,0.4722220003604889,0.4722220003604889,0.4722220003604889,0.33172574639320374,0
2006-01-05,0.4722220003604889,0.4722220003604889,0.4722220003604889,0.4722220003604889,0.33172574639320374,0
2006-01-06,0.4722220003604889,0.4722220003604889,0.4722220003604889,0.4722220003604889,0.33172574639320374,0
2006-01-09,0.4722220003604889,0.4722220003604889,0.4722220003604889,0.4722220003604889,0.33172574639320374,0
2006-01-10,0.4722220003604889,0.4722220003604889,0.4722220003604889,0.4722220003604889,0.33172574639320374,0
2006-01-11,0.4722220003604889,0.4722220003604889,0.4722220003604889,0.4722220003604889,0.33172574639320374,0
2006-01-12,0.4722220003604889,0.4722220003604889,0.4722220003604889,0.4722220003604889,0.33172574639320374,0
2006-01-13,0.4722220003604889,0.4722220003604889,0.4722220003604889,0.4722220003604889,0.33172574639320374,0
2006-01-16,0.4791660010814667,0.4791660010814667,0.4791660010814667,0.4791660010814667,0.3366037905216217,149760
2006-01-17,0.4791660010814667,0.4791660010814667,0.4791660010814667,0.4791660010814667,0.3366037905216217,0
2006-01-18,0.4791660010814667,0.4791660010814667,0.4791660010814667,0.4791660010814667,0.3366037905216217,0
2006-01-19,0.4791660010814667,0.4791660010814667,0.4791660010814667,0.4791660010814667,0.3366037905216217,0
2006-01-20,0.4791660010814667,0.4791660010814667,0.4791660010814667,0.4791660010814667,0.3366037905216217,0
2006-01-23,0.4791660010814667,0.4791660010814667,0.4791660010814667,0.4791660010814667,0.3366037905216217,0
2006-01-24,0.4791660010814667,0.4791660010814667,0.4791660010814667,0.4791660010814667,0.3366037905216217,0
2006-01-25,0.4791660010814667,0.4791660010814667,0.4791660010814667,0.4791660010814667,0.3366037905216217,0
2006-01-26,0.4791660010814667,0.4791660010814667,0.4791660010814667,0.4791660010814667,0.3366037905216217,0
2006-01-27,0.4791660010814667,0.4791660010814667,0.4791660010814667,0.4791660010814667,0.3366037905216217,0
2006-02-01,0.4791660010814667,0.4791660010814667,0.4791660010814667,0.4791660010814667,0.3366037905216217,0
2006-02-02,0.4791660010814667,0.4791660010814667,0.4791660010814667,0.4791660010814667,0.3366037905216217,0
2006-02-03,0.4166660010814667,0.4166660010814667,0.4166660010814667,0.4166660010814667,0.2926988899707794,17280
2006-02-06,0.4166660010814667,0.4166660010814667,0.4166660010814667,0.4166660010814667,0.2926988899707794,0
2006-02-07,0.4791660010814667,0.4791660010814667,0.4791660010814667,0.4791660010814667,0.3366037905216217,28800
2006-02-08,0.4791660010814667,0.4791660010814667,0.4791660010814667,0.4791660010814667,0.3366037905216217,0
2006-02-09,0.4791660010814667,0.4791660010814667,0.4791660010814667,0.4791660010814667,0.3366037905216217,0
2006-02-10,0.4791660010814667,0.4791660010814667,0.4791660010814667,0.4791660010814667,0.3366037905216217,0
2006-02-13,0.4791660010814667,0.4791660010814667,0.4791660010814667,0.4791660010814667,0.3366037905216217,0
2006-02-14,0.4791660010814667,0.4791660010814667,0.4791660010814667,0.4791660010814667,0.3366037905216217,0
2006-02-15,0.4791660010814667,0.4791660010814667,0.4791660010814667,0.4791660010814667,0.3366037905216217,0
2006-02-16,0.4791660010814667,0.4791660010814667,0.4791660010814667,0.4791660010814667,0.3366037905216217,0
2006-02-17,0.4791660010814667,0.4791660010814667,0.4791660010814667,0.4791660010814667,0.3366037905216217,0
2006-02-20,0.4791660010814667,0.4791660010814667,0.4791660010814667,0.4791660010814667,0.3366037905216217,0
2006-02-21,0.4791660010814667,0.4791660010814667,0.4791660010814667,0.4791660010814667,0.3366037905216217,0
2006-02-22,0.4791660010814667,0.4791660010814667,0.4791660010814667,0.4791660010814667,0.3366037905216217,0
2006-02-23,0.4791660010814667,0.4791660010814667,0.4791660010814667,0.4791660010814667,0.3366037905216217,0
2006-02-24,0.4791660010814667,0.4791660010814667,0.4791660010814667,0.4791660010814667,0.3366037905216217,0
2006-02-27,0.4791660010814667,0.4791660010814667,0.4791660010814667,0.4791660010814667,0.3366037905216217,0
2006-02-28,0.4791660010814667,0.4791660010814667,0.4791660010814667,0.4791660010814667,0.3366037905216217,0
2006-03-01,0.4791660010814667,0.4791660010814667,0.4791660010814667,0.4791660010814667,0.3366037905216217,0
2006-03-02,0.4791660010814667,0.4791660010814667,0.4791660010814667,0.4791660010814667,0.3366037905216217,0
2006-03-03,0.4791660010814667,0.4791660010814667,0.4791660010814667,0.4791660010814667,0.3366037905216217,0
2006-03-06,0.4791660010814667,0.4791660010814667,0.4791660010814667,0.4791660010814667,0.3366037905216217,57600
2006-03-07,0.4791660010814667,0.4791660010814667,0.4791660010814667,0.4791660010814667,0.3366037905216217,576000
2006-03-08,0.4791660010814667,0.4791660010814667,0.4791660010814667,0.4791660010814667,0.3366037905216217,0
2006-03-09,0.4791660010814667,0.4791660010814667,0.4791660010814667,0.4791660010814667,0.3366037905216217,0
2006-03-10,0.4791660010814667,0.4791660010814667,0.4791660010814667,0.4791660010814667,0.3366037905216217,0
2006-03-13,0.4791660010814667,0.4791660010814667,0.4791660010814667,0.4791660010814667,0.3366037905216217,0
2006-03-14,0.4791660010814667,0.4791660010814667,0.4791660010814667,0.4791660010814667,0.3366037905216217,0
2006-03-15,0.4791660010814667,0.48611098527908325,0.4791660010814667,0.48611098527908325,0.3414824604988098,512640
2006-03-16,0.48611098527908325,0.48611098527908325,0.48611098527908325,0.48611098527908325,0.3414824604988098,115200
2006-03-17,0.48611098527908325,0.48611098527908325,0.48611098527908325,0.48611098527908325,0.3414824604988098,0
2006-03-20,0.48611098527908325,0.48611098527908325,0.48611098527908325,0.48611098527908325,0.3414824604988098,0
2006-03-21,0.48611098527908325,0.48611098527908325,0.48611098527908325,0.48611098527908325,0.3414824604988098,0
2006-03-22,0.4756940007209778,0.48611098527908325,0.4756940007209778,0.48611098527908325,0.3414824604988098,17280
2006-03-23,0.48611098527908325,0.48611098527908325,0.48611098527908325,0.48611098527908325,0.3414824604988098,0
2006-03-24,0.48611098527908325,0.48611098527908325,0.48611098527908325,0.48611098527908325,0.3414824604988098,0
2006-03-27,0.48611098527908325,0.48611098527908325,0.48611098527908325,0.48611098527908325,0.3414824604988098,0
2006-03-28,0.48611098527908325,0.48611098527908325,0.48611098527908325,0.48611098527908325,0.3414824604988098,0
2006-03-29,0.48611098527908325,0.48611098527908325,0.48611098527908325,0.48611098527908325,0.3414824604988098,0
2006-03-30,0.48611098527908325,0.48611098527908325,0.48611098527908325,0.48611098527908325,0.3414824604988098,0
2006-03-31,0.48611098527908325,0.48611098527908325,0.48611098527908325,0.48611098527908325,0.3414824604988098,0
2006-04-03,0.48611098527908325,0.48611098527908325,0.48611098527908325,0.48611098527908325,0.3414824604988098,0
2006-04-04,0.48611098527908325,0.48611098527908325,0.48611098527908325,0.48611098527908325,0.3414824604988098,0
2006-04-06,0.48611098527908325,0.48611098527908325,0.48611098527908325,0.48611098527908325,0.3414824604988098,0
2006-04-07,0.48611098527908325,0.48611098527908325,0.48611098527908325,0.48611098527908325,0.3414824604988098,0
2006-04-10,0.48611098527908325,0.48611098527908325,0.48611098527908325,0.48611098527908325,0.3414824604988098,0
2006-04-11,0.48611098527908325,0.48611098527908325,0.48611098527908325,0.48611098527908325,0.3414824604988098,0
2006-04-12,0.48611098527908325,0.48611098527908325,0.48611098527908325,0.48611098527908325,0.35075220465660095,0
2006-04-13,0.48611098527908325,0.48611098527908325,0.48611098527908325,0.48611098527908325,0.35075220465660095,0
2006-04-18,0.48611098527908325,0.48611098527908325,0.48611098527908325,0.48611098527908325,0.35075220465660095,0
2006-04-19,0.48611098527908325,0.48611098527908325,0.48611098527908325,0.48611098527908325,0.35075220465660095,0
2006-04-20,0.48611098527908325,0.48611098527908325,0.48611098527908325,0.48611098527908325,0.35075220465660095,0
2006-04-21,0.48611098527908325,0.48611098527908325,0.48611098527908325,0.48611098527908325,0.35075220465660095,0
2006-04-24,0.48611098527908325,0.48611098527908325,0.48611098527908325,0.48611098527908325,0.35075220465660095,0
2006-04-25,0.48611098527908325,0.48611098527908325,0.48611098527908325,0.48611098527908325,0.35075220465660095,0
2006-04-26,0.48611098527908325,0.48611098527908325,0.48611098527908325,0.48611098527908325,0.35075220465660095,0
2006-04-27,0.48611098527908325,0.48611098527908325,0.48611098527908325,0.48611098527908325,0.35075220465660095,0
2006-04-28,0.48611098527908325,0.48611098527908325,0.48611098527908325,0.48611098527908325,0.35075220465660095,0
2006-05-02,0.48611098527908325,0.48611098527908325,0.48611098527908325,0.48611098527908325,0.35075220465660095,0
2006-05-03,0.48611098527908325,0.48611098527908325,0.48611098527908325,0.48611098527908325,0.35075220465660095,0
2006-05-04,0.48611098527908325,0.48611098527908325,0.48611098527908325,0.48611098527908325,0.35075220465660095,0
2006-05-08,0.48611098527908325,0.48611098527908325,0.48611098527908325,0.48611098527908325,0.35075220465660095,0
2006-05-09,0.48611098527908325,0.48611098527908325,0.48611098527908325,0.48611098527908325,0.35075220465660095,0
2006-05-10,0.48611098527908325,0.48611098527908325,0.48611098527908325,0.48611098527908325,0.35075220465660095,0
2006-05-11,0.48611098527908325,0.48611098527908325,0.48611098527908325,0.48611098527908325,0.35075220465660095,0
2006-05-12,0.48611098527908325,0.48611098527908325,0.48611098527908325,0.48611098527908325,0.35075220465660095,0
2006-05-15,0.48611098527908325,0.48611098527908325,0.48611098527908325,0.48611098527908325,0.35075220465660095,0
2006-05-16,0.48611098527908325,0.48611098527908325,0.48611098527908325,0.48611098527908325,0.35075220465660095,0
2006-05-17,0.48611098527908325,0.48611098527908325,0.48611098527908325,0.48611098527908325,0.35075220465660095,0
2006-05-18,0.48611098527908325,0.48611098527908325,0.48611098527908325,0.48611098527908325,0.35075220465660095,0
2006-05-19,0.48611098527908325,0.48611098527908325,0.48611098527908325,0.48611098527908325,0.35075220465660095,0
2006-05-22,0.48611098527908325,0.48611098527908325,0.48611098527908325,0.48611098527908325,0.35075220465660095,0
2006-05-23,0.48611098527908325,0.48611098527908325,0.48611098527908325,0.48611098527908325,0.35075220465660095,0
2006-05-24,0.48611098527908325,0.48611098527908325,0.48611098527908325,0.48611098527908325,0.35075220465660095,0
2006-05-25,0.48611098527908325,0.48611098527908325,0.48611098527908325,0.48611098527908325,0.35075220465660095,0
2006-05-26,0.48611098527908325,0.48611098527908325,0.48611098527908325,0.48611098527908325,0.35075220465660095,0
2006-05-29,0.48611098527908325,0.48611098527908325,0.48611098527908325,0.48611098527908325,0.35075220465660095,0
2006-05-30,0.48611098527908325,0.48611098527908325,0.48611098527908325,0.48611098527908325,0.35075220465660095,0
2006-06-01,0.48611098527908325,0.48611098527908325,0.48611098527908325,0.48611098527908325,0.35075220465660095,0
2006-06-02,0.48611098527908325,0.48611098527908325,0.48611098527908325,0.48611098527908325,0.35075220465660095,0
2006-06-05,0.48611098527908325,0.48611098527908325,0.48611098527908325,0.48611098527908325,0.35075220465660095,0
2006-06-06,0.48611098527908325,0.48611098527908325,0.48611098527908325,0.48611098527908325,0.35075220465660095,0
2006-06-07,0.48611098527908325,0.48611098527908325,0.48611098527908325,0.48611098527908325,0.35075220465660095,0
2006-06-08,0.48611098527908325,0.48611098527908325,0.48611098527908325,0.48611098527908325,0.35075220465660095,0
2006-06-09,0.48611098527908325,0.48611098527908325,0.48611098527908325,0.48611098527908325,0.35075220465660095,0
2006-06-12,0.48611098527908325,0.48611098527908325,0.48611098527908325,0.48611098527908325,0.35075220465660095,0
2006-06-13,0.48611098527908325,0.48611098527908325,0.48611098527908325,0.48611098527908325,0.35075220465660095,0
2006-06-14,0.48611098527908325,0.48611098527908325,0.48611098527908325,0.48611098527908325,0.35075220465660095,0
2006-06-15,0.46875,0.4722220003604889,0.46875,0.4722220003604889,0.3407306373119354,288000
2006-06-16,0.46875,0.46875,0.4652769863605499,0.4652769863605499,0.335719496011734,576000
2006-06-19,0.4652769863605499,0.4652769863605499,0.4652769863605499,0.4652769863605499,0.335719496011734,0
2006-06-20,0.4652769863605499,0.4652769863605499,0.4652769863605499,0.4652769863605499,0.335719496011734,0
2006-06-21,0.4652769863605499,0.4652769863605499,0.4652769863605499,0.4652769863605499,0.335719496011734,1728000
2006-06-22,0.4652769863605499,0.4652769863605499,0.4652769863605499,0.4652769863605499,0.335719496011734,0
2006-06-23,0.4652769863605499,0.4652769863605499,0.4652769863605499,0.4652769863605499,0.335719496011734,0
2006-06-26,0.4652769863605499,0.4652769863605499,0.4652769863605499,0.4652769863605499,0.335719496011734,0
2006-06-27,0.4652769863605499,0.4652769863605499,0.4652769863605499,0.4652769863605499,0.335719496011734,0
2006-06-28,0.46180498600006104,0.46180498600006104,0.46180498600006104,0.46180498600006104,0.33321425318717957,432000
2006-06-29,0.45833298563957214,0.45833298563957214,0.45833298563957214,0.45833298563957214,0.3307090401649475,11520
2006-06-30,0.45833298563957214,0.45833298563957214,0.45833298563957214,0.45833298563957214,0.3307090401649475,0
2006-07-03,0.45833298563957214,0.45833298563957214,0.45833298563957214,0.45833298563957214,0.3307090401649475,0
2006-07-04,0.45833298563957214,0.45833298563957214,0.45833298563957214,0.45833298563957214,0.3307090401649475,0
2006-07-05,0.45833298563957214,0.45833298563957214,0.45833298563957214,0.45833298563957214,0.3307090401649475,0
2006-07-06,0.45833298563957214,0.45833298563957214,0.45833298563957214,0.45833298563957214,0.3307090401649475,0
2006-07-07,0.45833298563957214,0.45833298563957214,0.45833298563957214,0.45833298563957214,0.3307090401649475,0
2006-07-10,0.3472220003604889,0.3472220003604889,0.3472220003604889,0.3472220003604889,0.2505372166633606,5760
2006-07-11,0.3472220003604889,0.3472220003604889,0.3472220003604889,0.3472220003604889,0.2505372166633606,0
2006-07-12,0.4166660010814667,0.4166660010814667,0.4166660010814667,0.4166660010814667,0.3006443679332733,86400
2006-07-13,0.4097220003604889,0.4375,0.4097220003604889,0.4340269863605499,0.3131711483001709,69120
2006-07-14,0.4340269863605499,0.4340269863605499,0.4340269863605499,0.4340269863605499,0.3131711483001709,0
2006-07-17,0.4340269863605499,0.4340269863605499,0.4340269863605499,0.4340269863605499,0.3131711483001709,391680
2006-07-18,0.4340269863605499,0.4340269863605499,0.4340269863605499,0.4340269863605499,0.3131711483001709,0
2006-07-19,0.4340269863605499,0.4340269863605499,0.4340269863605499,0.4340269863605499,0.3131711483001709,0
2006-07-20,0.4340269863605499,0.4340269863605499,0.4340269863605499,0.4340269863605499,0.3131711483001709,0
2006-07-21,0.4340269863605499,0.4340269863605499,0.4340269863605499,0.4340269863605499,0.3131711483001709,0
2006-07-24,0.4340269863605499,0.4340269863605499,0.4340269863605499,0.4340269863605499,0.3131711483001709,0
2006-07-25,0.4340269863605499,0.4340269863605499,0.4340269863605499,0.4340269863605499,0.3131711483001709,0
2006-07-26,0.4340269863605499,0.4340269863605499,0.4340269863605499,0.4340269863605499,0.3131711483001709,28800
2006-07-27,0.4340269863605499,0.4340269863605499,0.4340269863605499,0.4340269863605499,0.3131711483001709,0
2006-07-28,0.4340269863605499,0.4340269863605499,0.4340269863605499,0.4340269863605499,0.3131711483001709,0
2006-07-31,0.4340269863605499,0.4340269863605499,0.4340269863605499,0.4340269863605499,0.3131711483001709,0
2006-08-01,0.4340269863605499,0.4340269863605499,0.4340269863605499,0.4340269863605499,0.3131711483001709,0
2006-08-02,0.4340269863605499,0.4340269863605499,0.4340269863605499,0.4340269863605499,0.3131711483001709,144000
2006-08-03,0.4340269863605499,0.4340269863605499,0.4340269863605499,0.4340269863605499,0.3131711483001709,0
2006-08-04,0.4340269863605499,0.4340269863605499,0.4340269863605499,0.4340269863605499,0.3131711483001709,0
2006-08-07,0.4166660010814667,0.4166660010814667,0.4166660010814667,0.4166660010814667,0.3006443679332733,17280
2006-08-08,0.4166660010814667,0.4166660010814667,0.4166660010814667,0.4166660010814667,0.3006443679332733,0
2006-08-09,0.4166660010814667,0.4166660010814667,0.4166660010814667,0.4166660010814667,0.3006443679332733,0
2006-08-10,0.4166660010814667,0.4166660010814667,0.4166660010814667,0.4166660010814667,0.3006443679332733,0
2006-08-11,0.4166660010814667,0.4166660010814667,0.4166660010814667,0.4166660010814667,0.3006443679332733,0
2006-08-14,0.4166660010814667,0.4166660010814667,0.4166660010814667,0.4166660010814667,0.3006443679332733,0
2006-08-15,0.4166660010814667,0.4166660010814667,0.4166660010814667,0.4166660010814667,0.3006443679332733,0
2006-08-16,0.4166660010814667,0.4166660010814667,0.4166660010814667,0.4166660010814667,0.3006443679332733,0
2006-08-17,0.4166660010814667,0.4166660010814667,0.4166660010814667,0.4166660010814667,0.3006443679332733,0
2006-08-18,0.4166660010814667,0.4166660010814667,0.4166660010814667,0.4166660010814667,0.3006443679332733,0
2006-08-21,0.4166660010814667,0.4166660010814667,0.4166660010814667,0.4166660010814667,0.3006443679332733,0
2006-08-22,0.4166660010814667,0.4166660010814667,0.4166660010814667,0.4166660010814667,0.3006443679332733,0
2006-08-23,0.4166660010814667,0.4166660010814667,0.4166660010814667,0.4166660010814667,0.3006443679332733,0
2006-08-24,0.3125,0.3125,0.3125,0.3125,0.22548359632492065,28800
2006-08-25,0.4097220003604889,0.4097220003604889,0.39583298563957214,0.4097220003604889,0.29563388228416443,34560
2006-08-28,0.4097220003604889,0.4097220003604889,0.4097220003604889,0.4097220003604889,0.29563388228416443,0
2006-08-29,0.4097220003604889,0.4097220003604889,0.4097220003604889,0.4097220003604889,0.29563388228416443,0
2006-08-30,0.4097220003604889,0.4097220003604889,0.4097220003604889,0.4097220003604889,0.29563388228416443,0
2006-08-31,0.4097220003604889,0.4097220003604889,0.4097220003604889,0.4097220003604889,0.29563388228416443,0
2006-09-01,0.4097220003604889,0.4097220003604889,0.4097220003604889,0.4097220003604889,0.29563388228416443,0
2006-09-04,0.4097220003604889,0.4097220003604889,0.4097220003604889,0.4097220003604889,0.29563388228416443,0
2006-09-05,0.4097220003604889,0.4097220003604889,0.4097220003604889,0.4097220003604889,0.29563388228416443,0
2006-09-06,0.4097220003604889,0.4097220003604889,0.4097220003604889,0.4097220003604889,0.29563388228416443,0
2006-09-07,0.4097220003604889,0.4097220003604889,0.4097220003604889,0.4097220003604889,0.29563388228416443,0
2006-09-08,0.4097220003604889,0.4097220003604889,0.4097220003604889,0.4097220003604889,0.29563388228416443,0
2006-09-11,0.4097220003604889,0.4097220003604889,0.4097220003604889,0.4097220003604889,0.29563388228416443,0
2006-09-12,0.4097220003604889,0.4097220003604889,0.4097220003604889,0.4097220003604889,0.29563388228416443,0
2006-09-13,0.4097220003604889,0.4097220003604889,0.4097220003604889,0.4097220003604889,0.29563388228416443,0
2006-09-14,0.4097220003604889,0.4097220003604889,0.4097220003604889,0.4097220003604889,0.29563388228416443,0
2006-09-15,0.4097220003604889,0.4097220003604889,0.4097220003604889,0.4097220003604889,0.29563388228416443,0
2006-09-18,0.4097220003604889,0.4097220003604889,0.4097220003604889,0.4097220003604889,0.29563388228416443,0
2006-09-19,0.4097220003604889,0.4097220003604889,0.4097220003604889,0.4097220003604889,0.29563388228416443,0
2006-09-20,0.4097220003604889,0.4097220003604889,0.4097220003604889,0.4097220003604889,0.29563388228416443,0
2006-09-21,0.4097220003604889,0.4097220003604889,0.4097220003604889,0.4097220003604889,0.29563388228416443,0
2006-09-22,0.4097220003604889,0.4097220003604889,0.4097220003604889,0.4097220003604889,0.29563388228416443,0
2006-09-25,0.4097220003604889,0.4097220003604889,0.4097220003604889,0.4097220003604889,0.29563388228416443,0
2006-09-26,0.4097220003604889,0.4097220003604889,0.4097220003604889,0.4097220003604889,0.29563388228416443,0
2006-09-27,0.4097220003604889,0.4097220003604889,0.4097220003604889,0.4097220003604889,0.29563388228416443,0
2006-09-28,0.4097220003604889,0.4097220003604889,0.4097220003604889,0.4097220003604889,0.29563388228416443,0
2006-09-29,0.4097220003604889,0.4097220003604889,0.4097220003604889,0.4097220003604889,0.29563388228416443,0
2006-10-03,0.4097220003604889,0.4097220003604889,0.4097220003604889,0.4097220003604889,0.29563388228416443,0
2006-10-04,0.4097220003604889,0.4097220003604889,0.4097220003604889,0.4097220003604889,0.29563388228416443,0
2006-10-05,0.4097220003604889,0.4097220003604889,0.4097220003604889,0.4097220003604889,0.29563388228416443,34560
2006-10-06,0.4097220003604889,0.4097220003604889,0.4097220003604889,0.4097220003604889,0.29563388228416443,0
2006-10-09,0.4097220003604889,0.4097220003604889,0.4097220003604889,0.4097220003604889,0.29563388228416443,0
2006-10-10,0.4097220003604889,0.4097220003604889,0.4097220003604889,0.4097220003604889,0.29563388228416443,0
2006-10-11,0.4097220003604889,0.4097220003604889,0.4097220003604889,0.4097220003604889,0.29563388228416443,0
2006-10-12,0.4097220003604889,0.4097220003604889,0.4097220003604889,0.4097220003604889,0.29563388228416443,0
2006-10-13,0.4097220003604889,0.4097220003604889,0.4097220003604889,0.4097220003604889,0.29563388228416443,0
2006-10-16,0.4097220003604889,0.4097220003604889,0.4097220003604889,0.4097220003604889,0.29563388228416443,0
2006-10-17,0.4097220003604889,0.4097220003604889,0.4097220003604889,0.4097220003604889,0.29563388228416443,0
2006-10-18,0.4097220003604889,0.4097220003604889,0.4097220003604889,0.4097220003604889,0.29563388228416443,0
2006-10-19,0.4097220003604889,0.4097220003604889,0.4097220003604889,0.4097220003604889,0.29563388228416443,0
2006-10-20,0.4097220003604889,0.4097220003604889,0.4097220003604889,0.4097220003604889,0.29563388228416443,0
2006-10-23,0.4097220003604889,0.4097220003604889,0.4097220003604889,0.4097220003604889,0.29563388228416443,0
2006-10-24,0.4097220003604889,0.4097220003604889,0.4097220003604889,0.4097220003604889,0.29563388228416443,0
2006-10-25,0.4097220003604889,0.4097220003604889,0.4097220003604889,0.4097220003604889,0.29563388228416443,0
2006-10-26,0.4097220003604889,0.4097220003604889,0.4097220003604889,0.4097220003604889,0.29563388228416443,0
2006-10-27,0.4097220003604889,0.4097220003604889,0.4097220003604889,0.4097220003604889,0.29563388228416443,0
2006-10-31,0.4097220003604889,0.4097220003604889,0.4097220003604889,0.4097220003604889,0.29563388228416443,0
2006-11-01,0.4097220003604889,0.4097220003604889,0.4097220003604889,0.4097220003604889,0.29563388228416443,0
2006-11-02,0.4097220003604889,0.4097220003604889,0.4097220003604889,0.4097220003604889,0.29563388228416443,0
2006-11-03,0.4097220003604889,0.4097220003604889,0.4097220003604889,0.4097220003604889,0.29563388228416443,0
2006-11-06,0.4097220003604889,0.4097220003604889,0.4097220003604889,0.4097220003604889,0.29563388228416443,0
2006-11-07,0.4097220003604889,0.4097220003604889,0.4097220003604889,0.4097220003604889,0.29563388228416443,0
2006-11-08,0.4097220003604889,0.4097220003604889,0.4097220003604889,0.4097220003604889,0.29563388228416443,0
2006-11-09,0.4097220003604889,0.4097220003604889,0.4097220003604889,0.4097220003604889,0.29563388228416443,0
2006-11-10,0.4097220003604889,0.4097220003604889,0.4097220003604889,0.4097220003604889,0.29563388228416443,0
2006-11-13,0.4097220003604889,0.4097220003604889,0.4097220003604889,0.4097220003604889,0.29563388228416443,0
2006-11-14,0.4097220003604889,0.4097220003604889,0.4097220003604889,0.4097220003604889,0.29563388228416443,0
2006-11-15,0.4097220003604889,0.4097220003604889,0.4097220003604889,0.4097220003604889,0.29563388228416443,0
2006-11-16,0.4097220003604889,0.4097220003604889,0.4097220003604889,0.4097220003604889,0.29563388228416443,0
2006-11-17,0.4097220003604889,0.4097220003604889,0.4097220003604889,0.4097220003604889,0.29563388228416443,0
2006-11-20,0.4097220003604889,0.4097220003604889,0.4097220003604889,0.4097220003604889,0.29563388228416443,0
2006-11-21,0.4097220003604889,0.4097220003604889,0.4097220003604889,0.4097220003604889,0.29563388228416443,0
2006-11-22,0.4097220003604889,0.4097220003604889,0.4097220003604889,0.4097220003604889,0.29563388228416443,0
2006-11-23,0.4097220003604889,0.4097220003604889,0.4097220003604889,0.4097220003604889,0.29563388228416443,0
2006-11-24,0.43055498600006104,0.43055498600006104,0.43055498600006104,0.43055498600006104,0.31066587567329407,57600
2006-11-27,0.43055498600006104,0.43055498600006104,0.43055498600006104,0.43055498600006104,0.31066587567329407,0
2006-11-28,0.43055498600006104,0.43055498600006104,0.43055498600006104,0.43055498600006104,0.31066587567329407,23040
2006-11-29,0.43055498600006104,0.43055498600006104,0.43055498600006104,0.43055498600006104,0.31066587567329407,0
2006-11-30,0.43055498600006104,0.43055498600006104,0.43055498600006104,0.43055498600006104,0.31066587567329407,0
2006-12-01,0.43055498600006104,0.43055498600006104,0.43055498600006104,0.43055498600006104,0.31066587567329407,0
2006-12-04,0.43055498600006104,0.43055498600006104,0.43055498600006104,0.43055498600006104,0.31066587567329407,0
2006-12-05,0.43055498600006104,0.43055498600006104,0.43055498600006104,0.43055498600006104,0.31066587567329407,0
2006-12-06,0.43055498600006104,0.43055498600006104,0.43055498600006104,0.43055498600006104,0.31066587567329407,0
2006-12-07,0.43055498600006104,0.43055498600006104,0.43055498600006104,0.43055498600006104,0.31066587567329407,0
2006-12-08,0.43055498600006104,0.43055498600006104,0.43055498600006104,0.43055498600006104,0.31066587567329407,0
2006-12-11,0.43055498600006104,0.43055498600006104,0.43055498600006104,0.43055498600006104,0.31066587567329407,0
2006-12-12,0.43055498600006104,0.43055498600006104,0.43055498600006104,0.43055498600006104,0.31066587567329407,0
2006-12-13,0.43055498600006104,0.43055498600006104,0.43055498600006104,0.43055498600006104,0.31066587567329407,0
2006-12-14,0.43055498600006104,0.43055498600006104,0.43055498600006104,0.43055498600006104,0.31066587567329407,0
2006-12-15,0.43055498600006104,0.43055498600006104,0.43055498600006104,0.43055498600006104,0.31066587567329407,0
2006-12-18,0.43055498600006104,0.43055498600006104,0.43055498600006104,0.43055498600006104,0.31066587567329407,0
2006-12-19,0.43055498600006104,0.43055498600006104,0.43055498600006104,0.43055498600006104,0.31066587567329407,0
2006-12-20,0.43055498600006104,0.43055498600006104,0.43055498600006104,0.43055498600006104,0.31066587567329407,57600
2006-12-21,0.43055498600006104,0.43055498600006104,0.43055498600006104,0.43055498600006104,0.31066587567329407,0
2006-12-22,0.43055498600006104,0.43055498600006104,0.43055498600006104,0.43055498600006104,0.31066587567329407,0
2006-12-27,0.43055498600006104,0.43055498600006104,0.43055498600006104,0.43055498600006104,0.31066587567329407,0
2006-12-28,0.43055498600006104,0.43055498600006104,0.43055498600006104,0.43055498600006104,0.31066587567329407,0
2006-12-29,0.43055498600006104,0.43055498600006104,0.43055498600006104,0.43055498600006104,0.31066587567329407,0
2007-01-02,0.43055498600006104,0.43055498600006104,0.43055498600006104,0.43055498600006104,0.31066587567329407,0
2007-01-03,0.43055498600006104,0.43055498600006104,0.43055498600006104,0.43055498600006104,0.31066587567329407,51840
2007-01-04,0.43055498600006104,0.43055498600006104,0.43055498600006104,0.43055498600006104,0.31066587567329407,230400
2007-01-05,0.43055498600006104,0.43055498600006104,0.43055498600006104,0.43055498600006104,0.31066587567329407,0
2007-01-08,0.43055498600006104,0.43055498600006104,0.43055498600006104,0.43055498600006104,0.31066587567329407,0
2007-01-09,0.43055498600006104,0.43055498600006104,0.43055498600006104,0.43055498600006104,0.31066587567329407,0
2007-01-10,0.43055498600006104,0.43055498600006104,0.43055498600006104,0.43055498600006104,0.31066587567329407,0
2007-01-11,0.43055498600006104,0.43055498600006104,0.43055498600006104,0.43055498600006104,0.31066587567329407,0
2007-01-12,0.43055498600006104,0.43055498600006104,0.43055498600006104,0.43055498600006104,0.31066587567329407,0
2007-01-15,0.43055498600006104,0.43055498600006104,0.43055498600006104,0.43055498600006104,0.31066587567329407,0
2007-01-16,0.43055498600006104,0.43055498600006104,0.43055498600006104,0.43055498600006104,0.31066587567329407,0
2007-01-17,0.43055498600006104,0.43055498600006104,0.43055498600006104,0.43055498600006104,0.31066587567329407,0
2007-01-18,0.43055498600006104,0.43055498600006104,0.43055498600006104,0.43055498600006104,0.31066587567329407,0
2007-01-19,0.43055498600006104,0.43055498600006104,0.43055498600006104,0.43055498600006104,0.31066587567329407,0
2007-01-22,0.43055498600006104,0.43055498600006104,0.43055498600006104,0.43055498600006104,0.31066587567329407,0
2007-01-23,0.43055498600006104,0.43055498600006104,0.43055498600006104,0.43055498600006104,0.31066587567329407,0
2007-01-24,0.43055498600006104,0.43055498600006104,0.43055498600006104,0.43055498600006104,0.31066587567329407,155520
2007-01-25,0.43055498600006104,0.43055498600006104,0.43055498600006104,0.43055498600006104,0.31066587567329407,0
2007-01-26,0.43055498600006104,0.43055498600006104,0.43055498600006104,0.43055498600006104,0.31066587567329407,0
2007-01-29,0.43055498600006104,0.43055498600006104,0.43055498600006104,0.43055498600006104,0.31066587567329407,0
2007-01-30,0.43055498600006104,0.43055498600006104,0.43055498600006104,0.43055498600006104,0.31066587567329407,0
2007-01-31,0.43055498600006104,0.43055498600006104,0.43055498600006104,0.43055498600006104,0.31066587567329407,0
2007-02-01,0.43055498600006104,0.43055498600006104,0.43055498600006104,0.43055498600006104,0.31066587567329407,0
2007-02-02,0.43055498600006104,0.43055498600006104,0.43055498600006104,0.43055498600006104,0.31066587567329407,0
2007-02-05,0.48611098527908325,0.48611098527908325,0.48611098527908325,0.48611098527908325,0.35075220465660095,5760
2007-02-06,0.48611098527908325,0.48611098527908325,0.48611098527908325,0.48611098527908325,0.35075220465660095,0
2007-02-07,0.48611098527908325,0.48611098527908325,0.48611098527908325,0.48611098527908325,0.35075220465660095,0
2007-02-08,0.48611098527908325,0.48611098527908325,0.48611098527908325,0.48611098527908325,0.35075220465660095,0
2007-02-09,0.48611098527908325,0.48611098527908325,0.48611098527908325,0.48611098527908325,0.35075220465660095,115200
2007-02-12,0.48611098527908325,0.48611098527908325,0.48611098527908325,0.48611098527908325,0.35075220465660095,0
2007-02-13,0.48611098527908325,0.48611098527908325,0.48611098527908325,0.48611098527908325,0.35075220465660095,115200
2007-02-14,0.48611098527908325,0.48611098527908325,0.48611098527908325,0.48611098527908325,0.35075220465660095,0
2007-02-15,0.48611098527908325,0.48611098527908325,0.48611098527908325,0.48611098527908325,0.35075220465660095,0
2007-02-16,0.48611098527908325,0.48611098527908325,0.48611098527908325,0.48611098527908325,0.35075220465660095,0
2007-02-21,0.48611098527908325,0.48611098527908325,0.48611098527908325,0.48611098527908325,0.35075220465660095,0
2007-02-22,0.48611098527908325,0.48611098527908325,0.48611098527908325,0.48611098527908325,0.35075220465660095,0
2007-02-23,0.48611098527908325,0.48611098527908325,0.48611098527908325,0.48611098527908325,0.35075220465660095,0
2007-02-26,0.48611098527908325,0.48611098527908325,0.48611098527908325,0.48611098527908325,0.35075220465660095,0
2007-02-27,0.48611098527908325,0.48611098527908325,0.48611098527908325,0.48611098527908325,0.35075220465660095,0
2007-02-28,0.48611098527908325,0.48611098527908325,0.48611098527908325,0.48611098527908325,0.35075220465660095,0
2007-03-01,0.48611098527908325,0.48611098527908325,0.48611098527908325,0.48611098527908325,0.35075220465660095,0
2007-03-02,0.48611098527908325,0.48611098527908325,0.48611098527908325,0.48611098527908325,0.35075220465660095,0
2007-03-05,0.48611098527908325,0.48611098527908325,0.48611098527908325,0.48611098527908325,0.35075220465660095,0
2007-03-06,0.48611098527908325,0.48611098527908325,0.48611098527908325,0.48611098527908325,0.35075220465660095,0
2007-03-07,0.48611098527908325,0.48611098527908325,0.48611098527908325,0.48611098527908325,0.35075220465660095,0
2007-03-08,0.48611098527908325,0.48611098527908325,0.48611098527908325,0.48611098527908325,0.35075220465660095,0
2007-03-09,0.48611098527908325,0.48611098527908325,0.48611098527908325,0.48611098527908325,0.35075220465660095,0
2007-03-12,0.48611098527908325,0.48611098527908325,0.48611098527908325,0.48611098527908325,0.35075220465660095,0
2007-03-13,0.48611098527908325,0.48611098527908325,0.48611098527908325,0.48611098527908325,0.35075220465660095,0
2007-03-14,0.48611098527908325,0.48611098527908325,0.48611098527908325,0.48611098527908325,0.35075220465660095,0
2007-03-15,0.48611098527908325,0.48611098527908325,0.48611098527908325,0.48611098527908325,0.35075220465660095,0
2007-03-16,0.48611098527908325,0.48611098527908325,0.48611098527908325,0.48611098527908325,0.35075220465660095,0
2007-03-19,0.48611098527908325,0.48611098527908325,0.48611098527908325,0.48611098527908325,0.35075220465660095,512640
2007-03-20,0.48611098527908325,0.48611098527908325,0.48611098527908325,0.48611098527908325,0.35075220465660095,0
2007-03-21,0.48611098527908325,0.48611098527908325,0.48611098527908325,0.48611098527908325,0.35075220465660095,144000
2007-03-22,0.48611098527908325,0.48611098527908325,0.48611098527908325,0.48611098527908325,0.35075220465660095,0
2007-03-23,0.48611098527908325,0.48611098527908325,0.48611098527908325,0.48611098527908325,0.35075220465660095,0
2007-03-26,0.48611098527908325,0.48611098527908325,0.48611098527908325,0.48611098527908325,0.35075220465660095,0
2007-03-27,0.48611098527908325,0.48611098527908325,0.48611098527908325,0.48611098527908325,0.35075220465660095,0
2007-03-28,0.48611098527908325,0.48611098527908325,0.48611098527908325,0.48611098527908325,0.35075220465660095,80640
2007-03-29,0.5208330154418945,0.5208330154418945,0.5208330154418945,0.5208330154418945,0.3758057951927185,852480
2007-03-30,0.5208330154418945,0.5208330154418945,0.5208330154418945,0.5208330154418945,0.3758057951927185,0
2007-04-02,0.5208330154418945,0.5208330154418945,0.5208330154418945,0.5208330154418945,0.3758057951927185,0
2007-04-03,0.5208330154418945,0.5208330154418945,0.5208330154418945,0.5208330154418945,0.3758057951927185,0
2007-04-04,0.5486109852790833,0.5486109852790833,0.5486109852790833,0.5486109852790833,0.3958489000797272,17280
2007-04-10,0.5381940007209778,0.555554986000061,0.5381940007209778,0.555554986000061,0.40085935592651367,604800
2007-04-11,0.555554986000061,0.555554986000061,0.555554986000061,0.555554986000061,0.40085935592651367,28800
2007-04-12,0.555554986000061,0.555554986000061,0.555554986000061,0.555554986000061,0.40085935592651367,0
2007-04-13,0.5590270161628723,0.5590270161628723,0.5590270161628723,0.5590270161628723,0.4033646583557129,1169280
2007-04-16,0.555554986000061,0.555554986000061,0.555554986000061,0.555554986000061,0.40085935592651367,529920
2007-04-17,0.5729159712791443,0.5729159712791443,0.5694440007209778,0.5694440007209778,0.4108808636665344,167040
2007-04-18,0.5694440007209778,0.5694440007209778,0.5694440007209778,0.5694440007209778,0.4108808636665344,0
2007-04-19,0.5694440007209778,0.5694440007209778,0.5694440007209778,0.5694440007209778,0.4108808636665344,0
2007-04-20,0.5694440007209778,0.5694440007209778,0.5694440007209778,0.5694440007209778,0.4108808636665344,0
2007-04-23,0.5625,0.5625,0.5625,0.5625,0.4058704674243927,86400
2007-04-24,0.5729159712791443,0.5729159712791443,0.5729159712791443,0.5729159712791443,0.41338613629341125,132480
2007-04-25,0.5597220063209534,0.5729159712791443,0.5597220063209534,0.5729159712791443,0.41338613629341125,5760
2007-04-26,0.5729159712791443,0.5729159712791443,0.5729159712791443,0.5729159712791443,0.42313066124916077,0
2007-04-27,0.5597220063209534,0.5597220063209534,0.5597220063209534,0.5597220063209534,0.41338619589805603,5760
2007-04-30,0.5597220063209534,0.5597220063209534,0.5597220063209534,0.5597220063209534,0.41338619589805603,0
2007-05-02,0.5597220063209534,0.5597220063209534,0.5597220063209534,0.5597220063209534,0.41338619589805603,0
2007-05-03,0.5597220063209534,0.5597220063209534,0.5597220063209534,0.5597220063209534,0.41338619589805603,0
2007-05-04,0.5597220063209534,0.5597220063209534,0.5597220063209534,0.5597220063209534,0.41338619589805603,0
2007-05-07,0.5597220063209534,0.5597220063209534,0.5597220063209534,0.5597220063209534,0.41338619589805603,0
2007-05-08,0.5597220063209534,0.5597220063209534,0.5597220063209534,0.5597220063209534,0.41338619589805603,0
2007-05-09,0.5597220063209534,0.5597220063209534,0.5597220063209534,0.5597220063209534,0.41338619589805603,0
2007-05-10,0.5597220063209534,0.5597220063209534,0.5597220063209534,0.5597220063209534,0.41338619589805603,0
2007-05-11,0.5597220063209534,0.5597220063209534,0.5597220063209534,0.5597220063209534,0.41338619589805603,0
2007-05-14,0.5597220063209534,0.5597220063209534,0.5597220063209534,0.5597220063209534,0.41338619589805603,0
2007-05-15,0.625,0.6284719705581665,0.625,0.6284719705581665,0.46416187286376953,149760
2007-05-16,0.6284719705581665,0.6284719705581665,0.6284719705581665,0.6284719705581665,0.46416187286376953,0
2007-05-17,0.625,0.625,0.625,0.625,0.46159762144088745,28800
2007-05-18,0.6770830154418945,0.6770830154418945,0.649304986000061,0.6770830154418945,0.5000638365745544,34560
2007-05-21,0.6770830154418945,0.6770830154418945,0.6770830154418945,0.6770830154418945,0.5000638365745544,0
2007-05-22,0.6770830154418945,0.6770830154418945,0.6770830154418945,0.6770830154418945,0.5000638365745544,0
2007-05-23,0.6770830154418945,0.6770830154418945,0.6770830154418945,0.6770830154418945,0.5000638365745544,0
2007-05-25,0.6770830154418945,0.6770830154418945,0.6770830154418945,0.6770830154418945,0.5000638365745544,0
2007-05-28,0.6770830154418945,0.6770830154418945,0.6770830154418945,0.6770830154418945,0.5000638365745544,0
2007-05-29,0.7465270161628723,0.868054986000061,0.6944440007209778,0.7465270161628723,0.5513521432876587,403200
2007-05-30,0.7291659712791443,0.7291659712791443,0.6944440007209778,0.6944440007209778,0.5128859281539917,97920
2007-05-31,0.6944440007209778,0.6944440007209778,0.6944440007209778,0.6944440007209778,0.5128859281539917,1036800
2007-06-01,0.6944440007209778,0.6944440007209778,0.6944440007209778,0.6944440007209778,0.5128859281539917,288000
2007-06-04,0.6944440007209778,0.6944440007209778,0.6944440007209778,0.6944440007209778,0.5128859281539917,201600
2007-06-05,0.6944440007209778,0.6944440007209778,0.6944440007209778,0.6944440007209778,0.5128859281539917,720000
2007-06-06,0.6944440007209778,0.6944440007209778,0.6944440007209778,0.6944440007209778,0.5128859281539917,264960
2007-06-07,0.6944440007209778,0.6944440007209778,0.6944440007209778,0.6944440007209778,0.5128859281539917,0
2007-06-08,0.6944440007209778,0.6944440007209778,0.6944440007209778,0.6944440007209778,0.5128859281539917,0
2007-06-11,0.6944440007209778,0.6944440007209778,0.6944440007209778,0.6944440007209778,0.5128859281539917,0
2007-06-12,0.6979159712791443,0.7291659712791443,0.6979159712791443,0.7291659712791443,0.5385299921035767,155520
2007-06-13,0.7291659712791443,0.7291659712791443,0.7291659712791443,0.7291659712791443,0.5385299921035767,97920
2007-06-14,0.7291659712791443,0.7291659712791443,0.7291659712791443,0.7291659712791443,0.5385299921035767,103680
2007-06-15,0.7291659712791443,0.7291659712791443,0.7291659712791443,0.7291659712791443,0.5385299921035767,0
2007-06-18,0.7291659712791443,0.7291659712791443,0.7291659712791443,0.7291659712791443,0.5385299921035767,86400
2007-06-20,0.7465270161628723,0.7465270161628723,0.7465270161628723,0.7465270161628723,0.5513521432876587,408960
2007-06-21,0.7604159712791443,0.7638880014419556,0.7604159712791443,0.7638880014419556,0.564174234867096,161280
2007-06-22,0.7638880014419556,0.7638880014419556,0.7638880014419556,0.7638880014419556,0.564174234867096,282240
2007-06-25,0.7638880014419556,0.7638880014419556,0.7638880014419556,0.7638880014419556,0.564174234867096,0
2007-06-26,0.7638880014419556,0.7638880014419556,0.7638880014419556,0.7638880014419556,0.564174234867096,0
2007-06-27,0.7638880014419556,0.7638880014419556,0.7638880014419556,0.7638880014419556,0.564174234867096,17280
2007-06-28,0.7638880014419556,0.7638880014419556,0.7638880014419556,0.7638880014419556,0.564174234867096,80640
2007-06-29,0.7638880014419556,0.7638880014419556,0.7638880014419556,0.7638880014419556,0.564174234867096,80640
2007-07-03,0.7638880014419556,0.7638880014419556,0.7638880014419556,0.7638880014419556,0.564174234867096,0
2007-07-04,0.7638880014419556,0.7638880014419556,0.7638880014419556,0.7638880014419556,0.564174234867096,5760
2007-07-05,0.7638880014419556,0.7638880014419556,0.7638880014419556,0.7638880014419556,0.564174234867096,0
2007-07-06,0.7638880014419556,0.7638880014419556,0.7638880014419556,0.7638880014419556,0.564174234867096,28800
2007-07-09,0.7638880014419556,0.7638880014419556,0.7638880014419556,0.7638880014419556,0.564174234867096,5760
2007-07-10,0.7638880014419556,0.7638880014419556,0.7638880014419556,0.7638880014419556,0.564174234867096,0
2007-07-11,0.7638880014419556,0.7638880014419556,0.7638880014419556,0.7638880014419556,0.564174234867096,0
2007-07-12,0.7638880014419556,0.7638880014419556,0.7638880014419556,0.7638880014419556,0.564174234867096,28800
2007-07-13,0.7638880014419556,0.7638880014419556,0.7638880014419556,0.7638880014419556,0.564174234867096,0
2007-07-16,0.7638880014419556,0.7638880014419556,0.7638880014419556,0.7638880014419556,0.564174234867096,86400
2007-07-17,0.7638880014419556,0.7638880014419556,0.7638880014419556,0.7638880014419556,0.564174234867096,0
2007-07-18,0.7638880014419556,0.7638880014419556,0.7638880014419556,0.7638880014419556,0.564174234867096,0
2007-07-19,0.78125,0.78125,0.78125,0.78125,0.5769969820976257,144000
2007-07-20,0.78125,0.78125,0.78125,0.78125,0.5769969820976257,0
2007-07-23,0.8333330154418945,0.875,0.8333330154418945,0.875,0.6462365388870239,57600
2007-07-24,0.8854159712791443,0.9027770161628723,0.8854159712791443,0.9027770161628723,0.666751503944397,305280
2007-07-25,0.9027770161628723,0.9027770161628723,0.9027770161628723,0.9027770161628723,0.666751503944397,0
2007-07-26,0.8159719705581665,0.8159719705581665,0.8159719705581665,0.8159719705581665,0.6026411056518555,57600
2007-07-27,0.78125,0.78125,0.78125,0.78125,0.5769969820976257,86400
2007-07-30,0.805554986000061,0.805554986000061,0.805554986000061,0.805554986000061,0.5949476361274719,144000
2007-07-31,0.805554986000061,0.805554986000061,0.805554986000061,0.805554986000061,0.5949476361274719,0
2007-08-01,0.805554986000061,0.805554986000061,0.805554986000061,0.805554986000061,0.5949476361274719,0
2007-08-02,0.78125,0.78125,0.7638880014419556,0.7638880014419556,0.564174234867096,288000
2007-08-03,0.7638880014419556,0.7638880014419556,0.7638880014419556,0.7638880014419556,0.564174234867096,0
2007-08-06,0.7638880014419556,0.7638880014419556,0.7638880014419556,0.7638880014419556,0.564174234867096,0
2007-08-07,0.7638880014419556,0.7638880014419556,0.7638880014419556,0.7638880014419556,0.564174234867096,0
2007-08-08,0.7638880014419556,0.7638880014419556,0.7638880014419556,0.7638880014419556,0.564174234867096,0
2007-08-09,0.7638880014419556,0.7638880014419556,0.7638880014419556,0.7638880014419556,0.564174234867096,149760
2007-08-10,0.7222219705581665,0.7222219705581665,0.7222219705581665,0.7222219705581665,0.533401370048523,115200
2007-08-13,0.7222219705581665,0.7222219705581665,0.7222219705581665,0.7222219705581665,0.533401370048523,0
2007-08-14,0.7222219705581665,0.7222219705581665,0.7222219705581665,0.7222219705581665,0.533401370048523,0
2007-08-15,0.7222219705581665,0.7222219705581665,0.7222219705581665,0.7222219705581665,0.533401370048523,0
2007-08-16,0.7222219705581665,0.7222219705581665,0.7222219705581665,0.7222219705581665,0.533401370048523,0
2007-08-17,0.7291659712791443,0.7291659712791443,0.7291659712791443,0.7291659712791443,0.5385299921035767,17280
2007-08-20,0.6944440007209778,0.6944440007209778,0.6944440007209778,0.6944440007209778,0.5128859281539917,28800
2007-08-21,0.6944440007209778,0.6944440007209778,0.6944440007209778,0.6944440007209778,0.5128859281539917,0
2007-08-22,0.6944440007209778,0.6944440007209778,0.6875,0.6875,0.5077574253082275,178560
2007-08-23,0.6944440007209778,0.6944440007209778,0.6944440007209778,0.6944440007209778,0.5128859281539917,149760
2007-08-24,0.6944440007209778,0.6944440007209778,0.6944440007209778,0.6944440007209778,0.5128859281539917,0
2007-08-27,0.6944440007209778,0.6944440007209778,0.6944440007209778,0.6944440007209778,0.5128859281539917,0
2007-08-28,0.6944440007209778,0.6944440007209778,0.6944440007209778,0.6944440007209778,0.5128859281539917,0
2007-08-29,0.6944440007209778,0.6944440007209778,0.6944440007209778,0.6944440007209778,0.5128859281539917,0
2007-08-30,0.6944440007209778,0.6944440007209778,0.6944440007209778,0.6944440007209778,0.5128859281539917,0
2007-08-31,0.6944440007209778,0.6944440007209778,0.6944440007209778,0.6944440007209778,0.5128859281539917,0
2007-09-03,0.7361109852790833,0.7361109852790833,0.7361109852790833,0.7361109852790833,0.5436593294143677,86400
2007-09-04,0.7361109852790833,0.7361109852790833,0.7361109852790833,0.7361109852790833,0.5436593294143677,0
2007-09-05,0.7361109852790833,0.7361109852790833,0.7361109852790833,0.7361109852790833,0.5436593294143677,0
2007-09-06,0.7361109852790833,0.7361109852790833,0.7361109852790833,0.7361109852790833,0.5436593294143677,0
2007-09-07,0.7361109852790833,0.7361109852790833,0.7361109852790833,0.7361109852790833,0.5436593294143677,0
2007-09-10,0.7465270161628723,0.7465270161628723,0.7465270161628723,0.7465270161628723,0.5513521432876587,28800
2007-09-11,0.7465270161628723,0.7465270161628723,0.7465270161628723,0.7465270161628723,0.5513521432876587,0
2007-09-12,0.7465270161628723,0.7465270161628723,0.7465270161628723,0.7465270161628723,0.5513521432876587,0
2007-09-13,0.7465270161628723,0.7465270161628723,0.7465270161628723,0.7465270161628723,0.5513521432876587,0
2007-09-14,0.7465270161628723,0.7465270161628723,0.7465270161628723,0.7465270161628723,0.5513521432876587,0
2007-09-17,0.7465270161628723,0.7465270161628723,0.7465270161628723,0.7465270161628723,0.5513521432876587,0
2007-09-18,0.7465270161628723,0.7465270161628723,0.7465270161628723,0.7465270161628723,0.5513521432876587,0
2007-09-19,0.7465270161628723,0.7465270161628723,0.7465270161628723,0.7465270161628723,0.5513521432876587,0
2007-09-20,0.7465270161628723,0.7465270161628723,0.7465270161628723,0.7465270161628723,0.5513521432876587,5760
2007-09-21,0.7465270161628723,0.7465270161628723,0.7465270161628723,0.7465270161628723,0.5513521432876587,0
2007-09-24,0.7465270161628723,0.7465270161628723,0.7465270161628723,0.7465270161628723,0.5513521432876587,0
2007-09-25,0.7465270161628723,0.7465270161628723,0.7465270161628723,0.7465270161628723,0.5513521432876587,0
2007-09-27,0.7465270161628723,0.7465270161628723,0.7465270161628723,0.7465270161628723,0.5513521432876587,5760
2007-09-28,0.7465270161628723,0.7465270161628723,0.7465270161628723,0.7465270161628723,0.5513521432876587,86400
2007-10-02,0.7013880014419556,0.7013880014419556,0.6944440007209778,0.6944440007209778,0.5128859281539917,374400
2007-10-03,0.6944440007209778,0.6944440007209778,0.6944440007209778,0.6944440007209778,0.5128859281539917,28800
2007-10-04,0.6944440007209778,0.6944440007209778,0.6944440007209778,0.6944440007209778,0.5128859281539917,0
2007-10-05,0.6944440007209778,0.6944440007209778,0.6944440007209778,0.6944440007209778,0.5128859281539917,0
2007-10-08,0.6944440007209778,0.6944440007209778,0.6944440007209778,0.6944440007209778,0.5128859281539917,28800
2007-10-09,0.6944440007209778,0.6944440007209778,0.6944440007209778,0.6944440007209778,0.5128859281539917,282240
2007-10-10,0.6944440007209778,0.6944440007209778,0.6944440007209778,0.6944440007209778,0.5128859281539917,0
2007-10-11,0.6944440007209778,0.6944440007209778,0.6944440007209778,0.6944440007209778,0.5128859281539917,288000
2007-10-12,0.6944440007209778,0.6944440007209778,0.6944440007209778,0.6944440007209778,0.5128859281539917,0
2007-10-15,0.6944440007209778,0.6944440007209778,0.6944440007209778,0.6944440007209778,0.5128859281539917,0
2007-10-16,0.7291659712791443,0.7465270161628723,0.7291659712791443,0.7291659712791443,0.5385299921035767,28800
2007-10-17,0.7291659712791443,0.7291659712791443,0.7291659712791443,0.7291659712791443,0.5385299921035767,0
2007-10-18,0.7291659712791443,0.7291659712791443,0.7291659712791443,0.7291659712791443,0.5385299921035767,0
2007-10-22,0.7291659712791443,0.7291659712791443,0.7291659712791443,0.7291659712791443,0.5385299921035767,0
2007-10-23,0.7291659712791443,0.7291659712791443,0.7291659712791443,0.7291659712791443,0.5385299921035767,0
2007-10-24,0.7291659712791443,0.7291659712791443,0.7291659712791443,0.7291659712791443,0.5385299921035767,0
2007-10-25,0.711804986000061,0.711804986000061,0.711804986000061,0.711804986000061,0.5257079005241394,28800
2007-10-26,0.7291659712791443,0.7291659712791443,0.7291659712791443,0.7291659712791443,0.5385299921035767,17280
2007-10-29,0.7291659712791443,0.7291659712791443,0.7291659712791443,0.7291659712791443,0.5385299921035767,0
2007-10-30,0.7291659712791443,0.7291659712791443,0.7291659712791443,0.7291659712791443,0.5385299921035767,0
2007-10-31,0.6944440007209778,0.6944440007209778,0.6944440007209778,0.6944440007209778,0.5128859281539917,5760
2007-11-01,0.6944440007209778,0.6944440007209778,0.6944440007209778,0.6944440007209778,0.5128859281539917,0
2007-11-02,0.6944440007209778,0.6944440007209778,0.6944440007209778,0.6944440007209778,0.5128859281539917,213120
2007-11-05,0.6944440007209778,0.6944440007209778,0.6944440007209778,0.6944440007209778,0.5128859281539917,28800
2007-11-06,0.6944440007209778,0.6944440007209778,0.6944440007209778,0.6944440007209778,0.5128859281539917,0
2007-11-07,0.6944440007209778,0.6944440007209778,0.6944440007209778,0.6944440007209778,0.5128859281539917,92160
2007-11-08,0.6944440007209778,0.6944440007209778,0.6944440007209778,0.6944440007209778,0.5128859281539917,0
2007-11-09,0.6944440007209778,0.6944440007209778,0.6944440007209778,0.6944440007209778,0.5128859281539917,161280
2007-11-12,0.6944440007209778,0.6944440007209778,0.6944440007209778,0.6944440007209778,0.5128859281539917,144000
2007-11-13,0.6944440007209778,0.6944440007209778,0.6944440007209778,0.6944440007209778,0.5128859281539917,0
2007-11-14,0.6944440007209778,0.6944440007209778,0.6944440007209778,0.6944440007209778,0.5128859281539917,63360
2007-11-15,0.6944440007209778,0.6944440007209778,0.6944440007209778,0.6944440007209778,0.5128859281539917,0
2007-11-16,0.6944440007209778,0.6944440007209778,0.6944440007209778,0.6944440007209778,0.5128859281539917,0
2007-11-19,0.6944440007209778,0.6944440007209778,0.6944440007209778,0.6944440007209778,0.5128859281539917,720000
2007-11-20,0.6944440007209778,0.6944440007209778,0.6944440007209778,0.6944440007209778,0.5128859281539917,0
2007-11-21,0.6944440007209778,0.6944440007209778,0.6944440007209778,0.6944440007209778,0.5128859281539917,0
2007-11-22,0.6284719705581665,0.6284719705581665,0.6284719705581665,0.6284719705581665,0.46416187286376953,28800
2007-11-23,0.3472220003604889,0.6944440007209778,0.3472220003604889,0.3472220003604889,0.25644296407699585,144000
2007-11-26,0.3472220003604889,0.3472220003604889,0.3472220003604889,0.3472220003604889,0.25644296407699585,0
2007-11-27,0.3472220003604889,0.3472220003604889,0.3472220003604889,0.3472220003604889,0.25644296407699585,0
2007-11-28,0.3472220003604889,0.3472220003604889,0.3472220003604889,0.3472220003604889,0.25644296407699585,0
2007-11-29,0.3472220003604889,0.3472220003604889,0.3472220003604889,0.3472220003604889,0.25644296407699585,0
2007-11-30,0.3472220003604889,0.3472220003604889,0.3472220003604889,0.3472220003604889,0.25644296407699585,0
2007-12-03,0.5590270161628723,0.6944440007209778,0.5590270161628723,0.5590270161628723,0.41287288069725037,11520
2007-12-04,0.5590270161628723,0.5590270161628723,0.5590270161628723,0.5590270161628723,0.41287288069725037,0
2007-12-05,0.5590270161628723,0.5590270161628723,0.5590270161628723,0.5590270161628723,0.41287288069725037,0
2007-12-06,0.6076380014419556,0.6076380014419556,0.6076380014419556,0.6076380014419556,0.4487747550010681,11520
2007-12-07,0.6076380014419556,0.6076380014419556,0.6076380014419556,0.6076380014419556,0.4487747550010681,0
2007-12-10,0.6076380014419556,0.6076380014419556,0.6076380014419556,0.6076380014419556,0.4487747550010681,0
2007-12-11,0.6076380014419556,0.6076380014419556,0.6076380014419556,0.6076380014419556,0.4487747550010681,0
2007-12-12,0.6076380014419556,0.6076380014419556,0.6076380014419556,0.6076380014419556,0.4487747550010681,0
2007-12-13,0.6076380014419556,0.6076380014419556,0.6076380014419556,0.6076380014419556,0.4487747550010681,0
2007-12-14,0.6076380014419556,0.6076380014419556,0.6076380014419556,0.6076380014419556,0.4487747550010681,0
2007-12-17,0.6076380014419556,0.6076380014419556,0.6076380014419556,0.6076380014419556,0.4487747550010681,0
2007-12-18,0.6076380014419556,0.6076380014419556,0.6076380014419556,0.6076380014419556,0.4487747550010681,0
2007-12-19,0.6076380014419556,0.6076380014419556,0.6076380014419556,0.6076380014419556,0.4487747550010681,0
2007-12-20,0.6076380014419556,0.6076380014419556,0.6076380014419556,0.6076380014419556,0.4487747550010681,0
2007-12-21,0.6076380014419556,0.6076380014419556,0.6076380014419556,0.6076380014419556,0.4487747550010681,0
2007-12-24,0.6076380014419556,0.6076380014419556,0.6076380014419556,0.6076380014419556,0.4487747550010681,0
2007-12-27,0.6076380014419556,0.6076380014419556,0.6076380014419556,0.6076380014419556,0.4487747550010681,0
2007-12-28,0.6076380014419556,0.6076380014419556,0.6076380014419556,0.6076380014419556,0.4487747550010681,0
2007-12-31,0.6076380014419556,0.6076380014419556,0.6076380014419556,0.6076380014419556,0.4487747550010681,0
2008-01-02,0.6076380014419556,0.6076380014419556,0.6076380014419556,0.6076380014419556,0.4487747550010681,0
2008-01-03,0.6076380014419556,0.6076380014419556,0.6076380014419556,0.6076380014419556,0.4487747550010681,0
2008-01-04,0.6076380014419556,0.6076380014419556,0.6076380014419556,0.6076380014419556,0.4487747550010681,0
2008-01-07,0.6770830154418945,0.6944440007209778,0.6770830154418945,0.6770830154418945,0.5000638365745544,11520
2008-01-08,0.7465270161628723,0.7465270161628723,0.7465270161628723,0.7465270161628723,0.5513521432876587,57600
2008-01-09,0.6944440007209778,0.6944440007209778,0.6944440007209778,0.6944440007209778,0.5128859281539917,754560
2008-01-10,0.6944440007209778,0.6944440007209778,0.6944440007209778,0.6944440007209778,0.5128859281539917,633600
2008-01-11,0.6944440007209778,0.6944440007209778,0.6944440007209778,0.6944440007209778,0.5128859281539917,120960
2008-01-14,0.6944440007209778,0.6944440007209778,0.6944440007209778,0.6944440007209778,0.5128859281539917,0
2008-01-15,0.6944440007209778,0.6944440007209778,0.6944440007209778,0.6944440007209778,0.5128859281539917,0
2008-01-16,0.6944440007209778,0.6944440007209778,0.6944440007209778,0.6944440007209778,0.5128859281539917,0
2008-01-17,0.6944440007209778,0.6944440007209778,0.6944440007209778,0.6944440007209778,0.5128859281539917,0
2008-01-18,0.6944440007209778,0.6944440007209778,0.6944440007209778,0.6944440007209778,0.5128859281539917,806400
2008-01-21,0.6944440007209778,0.6944440007209778,0.6944440007209778,0.6944440007209778,0.5128859281539917,0
2008-01-22,0.6875,0.6944440007209778,0.6875,0.6875,0.5077574253082275,979200
2008-01-23,0.6944440007209778,0.6944440007209778,0.6944440007209778,0.6944440007209778,0.5128859281539917,63360
2008-01-24,0.6944440007209778,0.6944440007209778,0.6944440007209778,0.6944440007209778,0.5128859281539917,51840
2008-01-25,0.6944440007209778,0.6944440007209778,0.6944440007209778,0.6944440007209778,0.5128859281539917,51840
2008-01-28,0.6944440007209778,0.6944440007209778,0.6944440007209778,0.6944440007209778,0.5128859281539917,0
2008-01-29,0.6944440007209778,0.6944440007209778,0.6944440007209778,0.6944440007209778,0.5128859281539917,11520
2008-01-30,0.6944440007209778,0.6944440007209778,0.6944440007209778,0.6944440007209778,0.5128859281539917,0
2008-01-31,0.6944440007209778,0.6944440007209778,0.6944440007209778,0.6944440007209778,0.5128859281539917,0
2008-02-01,0.6944440007209778,0.6944440007209778,0.6944440007209778,0.6944440007209778,0.5128859281539917,0
2008-02-04,0.6944440007209778,0.6944440007209778,0.6944440007209778,0.6944440007209778,0.5128859281539917,0
2008-02-05,0.6944440007209778,0.6944440007209778,0.6944440007209778,0.6944440007209778,0.5128859281539917,0
2008-02-06,0.6944440007209778,0.6944440007209778,0.6944440007209778,0.6944440007209778,0.5128859281539917,0
2008-02-11,0.6944440007209778,0.6944440007209778,0.6944440007209778,0.6944440007209778,0.5128859281539917,0
2008-02-12,0.6944440007209778,0.6944440007209778,0.6944440007209778,0.6944440007209778,0.5128859281539917,0
2008-02-13,0.6944440007209778,0.6944440007209778,0.6944440007209778,0.6944440007209778,0.5128859281539917,0
2008-02-14,0.6944440007209778,0.6944440007209778,0.6944440007209778,0.6944440007209778,0.5128859281539917,0
2008-02-15,0.6944440007209778,0.6944440007209778,0.6944440007209778,0.6944440007209778,0.5128859281539917,0
2008-02-18,0.6944440007209778,0.6944440007209778,0.6944440007209778,0.6944440007209778,0.5128859281539917,0
2008-02-19,0.6944440007209778,0.6944440007209778,0.6944440007209778,0.6944440007209778,0.5128859281539917,0
2008-02-20,0.6944440007209778,0.6944440007209778,0.6944440007209778,0.6944440007209778,0.5128859281539917,0
2008-02-21,0.6944440007209778,0.6944440007209778,0.6944440007209778,0.6944440007209778,0.5128859281539917,0
2008-02-22,0.6944440007209778,0.6944440007209778,0.6944440007209778,0.6944440007209778,0.5128859281539917,0
2008-02-25,0.6944440007209778,0.6944440007209778,0.6944440007209778,0.6944440007209778,0.5128859281539917,0
2008-02-26,0.6944440007209778,0.6944440007209778,0.6944440007209778,0.6944440007209778,0.5128859281539917,0
2008-02-27,0.6944440007209778,0.7638880014419556,0.6944440007209778,0.6944440007209778,0.5128859281539917,80640
2008-02-28,0.6944440007209778,0.6944440007209778,0.6944440007209778,0.6944440007209778,0.5128859281539917,144000
2008-02-29,0.6944440007209778,0.6944440007209778,0.6944440007209778,0.6944440007209778,0.5128859281539917,0
2008-03-03,0.6944440007209778,0.6944440007209778,0.6944440007209778,0.6944440007209778,0.5128859281539917,0
2008-03-04,0.6944440007209778,0.6944440007209778,0.6944440007209778,0.6944440007209778,0.5128859281539917,0
2008-03-05,0.6944440007209778,0.6944440007209778,0.6944440007209778,0.6944440007209778,0.5128859281539917,0
2008-03-06,0.6944440007209778,0.6944440007209778,0.6944440007209778,0.6944440007209778,0.5128859281539917,0
2008-03-07,0.6944440007209778,0.6944440007209778,0.6944440007209778,0.6944440007209778,0.5128859281539917,541440
2008-03-10,0.6944440007209778,0.6944440007209778,0.6944440007209778,0.6944440007209778,0.5128859281539917,0
2008-03-11,0.6944440007209778,0.6944440007209778,0.6944440007209778,0.6944440007209778,0.5128859281539917,0
2008-03-12,0.6944440007209778,0.6944440007209778,0.6944440007209778,0.6944440007209778,0.5128859281539917,0
2008-03-13,0.6597219705581665,0.6597219705581665,0.6597219705581665,0.6597219705581665,0.4872417151927948,57600
2008-03-14,0.6597219705581665,0.6597219705581665,0.6597219705581665,0.6597219705581665,0.4872417151927948,0
2008-03-17,0.6597219705581665,0.6597219705581665,0.6597219705581665,0.6597219705581665,0.4872417151927948,0
2008-03-18,0.6597219705581665,0.6597219705581665,0.6597219705581665,0.6597219705581665,0.4872417151927948,0
2008-03-19,0.6597219705581665,0.6597219705581665,0.6597219705581665,0.6597219705581665,0.4872417151927948,0
2008-03-20,0.6597219705581665,0.6597219705581665,0.6597219705581665,0.6597219705581665,0.4872417151927948,0
2008-03-25,0.6597219705581665,0.6597219705581665,0.6597219705581665,0.6597219705581665,0.4872417151927948,34560
2008-03-26,0.6597219705581665,0.6597219705581665,0.6597219705581665,0.6597219705581665,0.4872417151927948,0
2008-03-27,0.6597219705581665,0.6597219705581665,0.6597219705581665,0.6597219705581665,0.4872417151927948,0
2008-03-28,0.6597219705581665,0.6597219705581665,0.6597219705581665,0.6597219705581665,0.4872417151927948,0
2008-03-31,0.6597219705581665,0.6597219705581665,0.6597219705581665,0.6597219705581665,0.4872417151927948,0
2008-04-01,0.6597219705581665,0.6597219705581665,0.6597219705581665,0.6597219705581665,0.4872417151927948,0
2008-04-02,0.711804986000061,0.7638880014419556,0.711804986000061,0.711804986000061,0.5257079005241394,0
2008-04-03,0.7291659712791443,0.7291659712791443,0.7291659712791443,0.7291659712791443,0.5385299921035767,74880
2008-04-07,0.6944440007209778,0.7291659712791443,0.6944440007209778,0.6944440007209778,0.5128859281539917,0
2008-04-08,0.7291659712791443,0.7291659712791443,0.7291659712791443,0.7291659712791443,0.5385299921035767,0
2008-04-09,0.7291659712791443,0.7291659712791443,0.7291659712791443,0.7291659712791443,0.5385299921035767,0
2008-04-10,0.7291659712791443,0.7291659712791443,0.7291659712791443,0.7291659712791443,0.5385299921035767,0
2008-04-11,0.6597219705581665,0.7986109852790833,0.6597219705581665,0.6597219705581665,0.4872417151927948,0
2008-04-14,0.6944440007209778,0.6944440007209778,0.6944440007209778,0.6944440007209778,0.5128859281539917,11520
2008-04-15,0.6944440007209778,0.6944440007209778,0.6944440007209778,0.6944440007209778,0.5128859281539917,0
2008-04-16,0.6944440007209778,0.6944440007209778,0.6944440007209778,0.6944440007209778,0.5128859281539917,0
2008-04-17,0.6944440007209778,0.6944440007209778,0.6944440007209778,0.6944440007209778,0.5128859281539917,28800
2008-04-18,0.6944440007209778,0.7291659712791443,0.6944440007209778,0.7291659712791443,0.5385299921035767,51840
2008-04-21,0.7291659712791443,0.7291659712791443,0.7291659712791443,0.7291659712791443,0.5385299921035767,282240
2008-04-22,0.7291659712791443,0.7291659712791443,0.7291659712791443,0.7291659712791443,0.5385299921035767,0
2008-04-23,0.7291659712791443,0.7291659712791443,0.7291659712791443,0.7291659712791443,0.5385299921035767,0
2008-04-24,0.7291659712791443,0.7291659712791443,0.7291659712791443,0.7291659712791443,0.5385299921035767,0
2008-04-25,0.7291659712791443,0.7291659712791443,0.7291659712791443,0.7291659712791443,0.5385299921035767,0
2008-04-28,0.6944440007209778,0.6944440007209778,0.6944440007209778,0.6944440007209778,0.5128859281539917,11520
2008-04-29,0.6944440007209778,0.6944440007209778,0.6944440007209778,0.6944440007209778,0.5128859281539917,5760
2008-04-30,0.6944440007209778,0.6944440007209778,0.6944440007209778,0.6944440007209778,0.5128859281539917,0
2008-05-02,0.6944440007209778,0.6944440007209778,0.6944440007209778,0.6944440007209778,0.5277280807495117,5760
2008-05-05,0.6944440007209778,0.6944440007209778,0.6944440007209778,0.6944440007209778,0.5277280807495117,0
2008-05-06,0.6944440007209778,0.6944440007209778,0.6944440007209778,0.6944440007209778,0.5277280807495117,0
2008-05-07,0.6944440007209778,0.6944440007209778,0.6944440007209778,0.6944440007209778,0.5277280807495117,74880
2008-05-08,0.6944440007209778,0.6944440007209778,0.6944440007209778,0.6944440007209778,0.5277280807495117,40320
2008-05-09,0.6944440007209778,0.6944440007209778,0.6944440007209778,0.6944440007209778,0.5277280807495117,0
2008-05-13,0.6944440007209778,0.6944440007209778,0.6944440007209778,0.6944440007209778,0.5277280807495117,51840
2008-05-14,0.6944440007209778,0.6944440007209778,0.6944440007209778,0.6944440007209778,0.5277280807495117,0
2008-05-15,0.6944440007209778,0.7291659712791443,0.6944440007209778,0.7291659712791443,0.5541142225265503,167040
2008-05-16,0.7291659712791443,0.7291659712791443,0.7291659712791443,0.7291659712791443,0.5541142225265503,0
2008-05-19,0.7291659712791443,0.7291659712791443,0.7291659712791443,0.7291659712791443,0.5541142225265503,0
2008-05-20,0.7291659712791443,0.7291659712791443,0.7291659712791443,0.7291659712791443,0.5541142225265503,455040
2008-05-21,0.7291659712791443,0.7291659712791443,0.7291659712791443,0.7291659712791443,0.5541142225265503,0
2008-05-22,0.7291659712791443,0.7291659712791443,0.7291659712791443,0.7291659712791443,0.5541142225265503,0
2008-05-23,0.7291659712791443,0.7291659712791443,0.7291659712791443,0.7291659712791443,0.5541142225265503,0
2008-05-26,0.7291659712791443,0.7291659712791443,0.7291659712791443,0.7291659712791443,0.5541142225265503,0
2008-05-27,0.7291659712791443,0.7291659712791443,0.7291659712791443,0.7291659712791443,0.5541142225265503,0
2008-05-28,0.7291659712791443,0.7291659712791443,0.7291659712791443,0.7291659712791443,0.5541142225265503,0
2008-05-29,0.7291659712791443,0.7291659712791443,0.7291659712791443,0.7291659712791443,0.5541142225265503,0
2008-05-30,0.7291659712791443,0.7291659712791443,0.7291659712791443,0.7291659712791443,0.5541142225265503,0
2008-06-02,0.7291659712791443,0.7291659712791443,0.7291659712791443,0.7291659712791443,0.5541142225265503,0
2008-06-03,0.6944440007209778,0.6944440007209778,0.6944440007209778,0.6944440007209778,0.5277280807495117,144000
2008-06-04,0.7291659712791443,0.7291659712791443,0.7291659712791443,0.7291659712791443,0.5541142225265503,23040
2008-06-05,0.7291659712791443,0.7291659712791443,0.7291659712791443,0.7291659712791443,0.5541142225265503,0
2008-06-06,0.7291659712791443,0.7291659712791443,0.7291659712791443,0.7291659712791443,0.5541142225265503,0
2008-06-10,0.6944440007209778,0.6944440007209778,0.6944440007209778,0.6944440007209778,0.5277280807495117,69120
2008-06-11,0.6944440007209778,0.6944440007209778,0.6944440007209778,0.6944440007209778,0.5277280807495117,0
2008-06-12,0.6944440007209778,0.6944440007209778,0.6944440007209778,0.6944440007209778,0.5277280807495117,0
2008-06-13,0.6944440007209778,0.6944440007209778,0.6944440007209778,0.6944440007209778,0.5277280807495117,0
2008-06-16,0.6944440007209778,0.6944440007209778,0.6944440007209778,0.6944440007209778,0.5277280807495117,0
2008-06-17,0.6944440007209778,0.6944440007209778,0.6944440007209778,0.6944440007209778,0.5277280807495117,0
2008-06-18,0.6944440007209778,0.6944440007209778,0.6944440007209778,0.6944440007209778,0.5277280807495117,51840
2008-06-19,0.6944440007209778,0.6944440007209778,0.6944440007209778,0.6944440007209778,0.5277280807495117,0
2008-06-20,0.6944440007209778,0.6944440007209778,0.6944440007209778,0.6944440007209778,0.5277280807495117,0
2008-06-23,0.6944440007209778,0.6944440007209778,0.6944440007209778,0.6944440007209778,0.5277280807495117,0
2008-06-24,0.6944440007209778,0.6944440007209778,0.6944440007209778,0.6944440007209778,0.5277280807495117,0
2008-06-25,0.6944440007209778,0.6944440007209778,0.6944440007209778,0.6944440007209778,0.5277280807495117,0
2008-06-26,0.6944440007209778,0.6944440007209778,0.6944440007209778,0.6944440007209778,0.5277280807495117,0
2008-06-27,0.6944440007209778,0.6944440007209778,0.6944440007209778,0.6944440007209778,0.5277280807495117,0
2008-06-30,0.6944440007209778,0.6944440007209778,0.6944440007209778,0.6944440007209778,0.5277280807495117,0
2008-07-02,0.6944440007209778,0.6944440007209778,0.6944440007209778,0.6944440007209778,0.5277280807495117,46080
2008-07-03,0.6944440007209778,0.6944440007209778,0.6944440007209778,0.6944440007209778,0.5277280807495117,0
2008-07-04,0.6944440007209778,0.6944440007209778,0.6944440007209778,0.6944440007209778,0.5277280807495117,0
2008-07-07,0.6944440007209778,0.6944440007209778,0.6944440007209778,0.6944440007209778,0.5277280807495117,178560
2008-07-08,0.6944440007209778,0.6944440007209778,0.6944440007209778,0.6944440007209778,0.5277280807495117,0
2008-07-09,0.6944440007209778,0.6944440007209778,0.6944440007209778,0.6944440007209778,0.5277280807495117,97920
2008-07-10,0.6944440007209778,0.6944440007209778,0.6944440007209778,0.6944440007209778,0.5277280807495117,0
2008-07-11,0.6944440007209778,0.6944440007209778,0.6944440007209778,0.6944440007209778,0.5277280807495117,0
2008-07-14,0.6944440007209778,0.6944440007209778,0.6944440007209778,0.6944440007209778,0.5277280807495117,0
2008-07-15,0.6944440007209778,0.6944440007209778,0.6944440007209778,0.6944440007209778,0.5277280807495117,0
2008-07-16,0.6944440007209778,0.6944440007209778,0.6944440007209778,0.6944440007209778,0.5277280807495117,0
2008-07-17,0.6944440007209778,0.6944440007209778,0.6944440007209778,0.6944440007209778,0.5277280807495117,0
2008-07-18,0.6944440007209778,0.6944440007209778,0.6944440007209778,0.6944440007209778,0.5277280807495117,0
2008-07-21,0.6944440007209778,0.6944440007209778,0.6944440007209778,0.6944440007209778,0.5277280807495117,0
2008-07-22,0.6944440007209778,0.6944440007209778,0.6944440007209778,0.6944440007209778,0.5277280807495117,172800
2008-07-23,0.711804986000061,0.711804986000061,0.711804986000061,0.711804986000061,0.5409210920333862,57600
2008-07-24,0.711804986000061,0.711804986000061,0.711804986000061,0.711804986000061,0.5409210920333862,0
2008-07-25,0.711804986000061,0.711804986000061,0.711804986000061,0.711804986000061,0.5409210920333862,0
2008-07-28,0.711804986000061,0.711804986000061,0.711804986000061,0.711804986000061,0.5409210920333862,0
2008-07-29,0.6979159712791443,0.6979159712791443,0.6979159712791443,0.6979159712791443,0.5303664803504944,5760
2008-07-30,0.6944440007209778,0.6909719705581665,0.6909719705581665,0.6944440007209778,0.5277280807495117,138240
2008-07-31,0.711804986000061,0.711804986000061,0.711804986000061,0.711804986000061,0.5409210920333862,0
2008-08-01,0.711804986000061,0.711804986000061,0.711804986000061,0.711804986000061,0.5409210920333862,0
2008-08-04,0.711804986000061,0.711804986000061,0.711804986000061,0.711804986000061,0.5409210920333862,0
2008-08-05,0.711804986000061,0.711804986000061,0.711804986000061,0.711804986000061,0.5409210920333862,0
2008-08-06,0.711804986000061,0.711804986000061,0.711804986000061,0.711804986000061,0.5409210920333862,0
2008-08-07,0.711804986000061,0.711804986000061,0.711804986000061,0.711804986000061,0.5409210920333862,0
2008-08-08,0.711804986000061,0.711804986000061,0.711804986000061,0.711804986000061,0.5409210920333862,0
2008-08-11,0.711804986000061,0.711804986000061,0.711804986000061,0.711804986000061,0.5409210920333862,0
2008-08-12,0.711804986000061,0.711804986000061,0.711804986000061,0.711804986000061,0.5409210920333862,0
2008-08-13,0.711804986000061,0.711804986000061,0.711804986000061,0.711804986000061,0.5409210920333862,0
2008-08-14,0.711804986000061,0.711804986000061,0.711804986000061,0.711804986000061,0.5409210920333862,0
2008-08-15,0.711804986000061,0.711804986000061,0.711804986000061,0.711804986000061,0.5409210920333862,0
2008-08-18,0.711804986000061,0.711804986000061,0.711804986000061,0.711804986000061,0.5409210920333862,0
2008-08-19,0.711804986000061,0.711804986000061,0.711804986000061,0.711804986000061,0.5409210920333862,0
2008-08-20,0.6597219705581665,0.6944440007209778,0.6597219705581665,0.6944440007209778,0.5277280807495117,34560
2008-08-21,0.6944440007209778,0.6944440007209778,0.6944440007209778,0.6944440007209778,0.5277280807495117,0
2008-08-22,0.6944440007209778,0.6944440007209778,0.6944440007209778,0.6944440007209778,0.5277280807495117,0
2008-08-25,0.6944440007209778,0.6944440007209778,0.6944440007209778,0.6944440007209778,0.5277280807495117,0
2008-08-26,0.6944440007209778,0.6944440007209778,0.6944440007209778,0.6944440007209778,0.5277280807495117,0
2008-08-27,0.6944440007209778,0.6944440007209778,0.6944440007209778,0.6944440007209778,0.5277280807495117,0
2008-08-28,0.6944440007209778,0.6944440007209778,0.6944440007209778,0.6944440007209778,0.5277280807495117,0
2008-08-29,0.6944440007209778,0.6944440007209778,0.6944440007209778,0.6944440007209778,0.5277280807495117,0
2008-09-01,0.6944440007209778,0.6944440007209778,0.6944440007209778,0.6944440007209778,0.5277280807495117,0
2008-09-02,0.6944440007209778,0.6944440007209778,0.6944440007209778,0.6944440007209778,0.5277280807495117,0
2008-09-03,0.6944440007209778,0.6944440007209778,0.6944440007209778,0.6944440007209778,0.5277280807495117,0
2008-09-04,0.6944440007209778,0.6944440007209778,0.6944440007209778,0.6944440007209778,0.5277280807495117,0
2008-09-05,0.6944440007209778,0.6944440007209778,0.6944440007209778,0.6944440007209778,0.5277280807495117,0
2008-09-08,0.6944440007209778,0.6944440007209778,0.6944440007209778,0.6944440007209778,0.5277280807495117,0
2008-09-09,0.6944440007209778,0.6944440007209778,0.6944440007209778,0.6944440007209778,0.5277280807495117,0
2008-09-10,0.6944440007209778,0.6944440007209778,0.6944440007209778,0.6944440007209778,0.5277280807495117,0
2008-09-11,0.6944440007209778,0.6944440007209778,0.6944440007209778,0.6944440007209778,0.5277280807495117,0
2008-09-12,0.6944440007209778,0.6944440007209778,0.6944440007209778,0.6944440007209778,0.5277280807495117,0
2008-09-16,0.6944440007209778,0.6944440007209778,0.6944440007209778,0.6944440007209778,0.5277280807495117,0
2008-09-17,0.6944440007209778,0.6944440007209778,0.6944440007209778,0.6944440007209778,0.5277280807495117,0
2008-09-18,0.6944440007209778,0.6944440007209778,0.6944440007209778,0.6944440007209778,0.5277280807495117,0
2008-09-19,0.6944440007209778,0.6944440007209778,0.6944440007209778,0.6944440007209778,0.5277280807495117,0
2008-09-22,0.6944440007209778,0.6944440007209778,0.6944440007209778,0.6944440007209778,0.5277280807495117,0
2008-09-23,0.6944440007209778,0.6944440007209778,0.6944440007209778,0.6944440007209778,0.5277280807495117,0
2008-09-24,0.6944440007209778,0.6944440007209778,0.6944440007209778,0.6944440007209778,0.5277280807495117,0
2008-09-25,0.6944440007209778,0.6944440007209778,0.6944440007209778,0.6944440007209778,0.5277280807495117,0
2008-09-26,0.6944440007209778,0.6944440007209778,0.6944440007209778,0.6944440007209778,0.5277280807495117,0
2008-09-29,0.6944440007209778,0.6944440007209778,0.6944440007209778,0.6944440007209778,0.5277280807495117,0
2008-09-30,0.6944440007209778,0.6944440007209778,0.6944440007209778,0.6944440007209778,0.5277280807495117,0
2008-10-02,0.6944440007209778,0.6944440007209778,0.6944440007209778,0.6944440007209778,0.5277280807495117,0
2008-10-03,0.6944440007209778,0.6944440007209778,0.6944440007209778,0.6944440007209778,0.5277280807495117,0
2008-10-06,0.6944440007209778,0.6944440007209778,0.6944440007209778,0.6944440007209778,0.5277280807495117,0
2008-10-08,0.6944440007209778,0.6944440007209778,0.6944440007209778,0.6944440007209778,0.5277280807495117,0
2008-10-09,0.6944440007209778,0.6944440007209778,0.6944440007209778,0.6944440007209778,0.5277280807495117,0
2008-10-10,0.6944440007209778,0.6944440007209778,0.6944440007209778,0.6944440007209778,0.5277280807495117,0
2008-10-13,0.6944440007209778,0.6944440007209778,0.6944440007209778,0.6944440007209778,0.5277280807495117,0
2008-10-14,0.6944440007209778,0.6944440007209778,0.6944440007209778,0.6944440007209778,0.5277280807495117,0
2008-10-15,0.6944440007209778,0.6944440007209778,0.6944440007209778,0.6944440007209778,0.5277280807495117,0
2008-10-16,0.6944440007209778,0.6944440007209778,0.6944440007209778,0.6944440007209778,0.5277280807495117,0
2008-10-17,0.6944440007209778,0.6944440007209778,0.6944440007209778,0.6944440007209778,0.5277280807495117,0
2008-10-20,0.6944440007209778,0.6944440007209778,0.6944440007209778,0.6944440007209778,0.5277280807495117,0
2008-10-21,0.6944440007209778,0.6944440007209778,0.6944440007209778,0.6944440007209778,0.5277280807495117,0
2008-10-22,0.6944440007209778,0.6944440007209778,0.6944440007209778,0.6944440007209778,0.5277280807495117,0
2008-10-23,0.6944440007209778,0.6944440007209778,0.6944440007209778,0.6944440007209778,0.5277280807495117,0
2008-10-24,0.6944440007209778,0.6944440007209778,0.6944440007209778,0.6944440007209778,0.5277280807495117,0
2008-10-27,0.6944440007209778,0.6944440007209778,0.6944440007209778,0.6944440007209778,0.5277280807495117,0
2008-10-28,0.6944440007209778,0.6944440007209778,0.6944440007209778,0.6944440007209778,0.5277280807495117,0
2008-10-29,0.6944440007209778,0.6944440007209778,0.6944440007209778,0.6944440007209778,0.5277280807495117,0
2008-10-30,0.6770830154418945,0.6770830154418945,0.6770830154418945,0.6770830154418945,0.5145349502563477,0
2008-10-31,0.6770830154418945,0.6770830154418945,0.6770830154418945,0.6770830154418945,0.5145349502563477,0
2008-11-03,0.6770830154418945,0.6770830154418945,0.6770830154418945,0.6770830154418945,0.5145349502563477,0
2008-11-04,0.6770830154418945,0.6770830154418945,0.6770830154418945,0.6770830154418945,0.5145349502563477,0
2008-11-05,0.6770830154418945,0.6770830154418945,0.6770830154418945,0.6770830154418945,0.5145349502563477,0
2008-11-06,0.6770830154418945,0.6770830154418945,0.6770830154418945,0.6770830154418945,0.5145349502563477,0
2008-11-07,0.6770830154418945,0.6770830154418945,0.6770830154418945,0.6770830154418945,0.5145349502563477,0
2008-11-10,0.6770830154418945,0.6770830154418945,0.6770830154418945,0.6770830154418945,0.5145349502563477,0
2008-11-11,0.6770830154418945,0.6770830154418945,0.6770830154418945,0.6770830154418945,0.5145349502563477,0
2008-11-12,0.6770830154418945,0.6770830154418945,0.6770830154418945,0.6770830154418945,0.5145349502563477,0
2008-11-13,0.6770830154418945,0.6770830154418945,0.6770830154418945,0.6770830154418945,0.5145349502563477,0
2008-11-14,0.6770830154418945,0.6770830154418945,0.6770830154418945,0.6770830154418945,0.5145349502563477,0
2008-11-17,0.6770830154418945,0.6770830154418945,0.6770830154418945,0.6770830154418945,0.5145349502563477,0
2008-11-18,0.6770830154418945,0.6770830154418945,0.6770830154418945,0.6770830154418945,0.5145349502563477,0
2008-11-19,0.6770830154418945,0.6770830154418945,0.6770830154418945,0.6770830154418945,0.5145349502563477,0
2008-11-20,0.6770830154418945,0.6770830154418945,0.6770830154418945,0.6770830154418945,0.5145349502563477,0
2008-11-21,0.6770830154418945,0.6770830154418945,0.6770830154418945,0.6770830154418945,0.5145349502563477,0
2008-11-24,0.6770830154418945,0.6770830154418945,0.6770830154418945,0.6770830154418945,0.5145349502563477,0
2008-11-25,0.6770830154418945,0.6770830154418945,0.6770830154418945,0.6770830154418945,0.5145349502563477,0
2008-11-26,0.6597219705581665,0.6597219705581665,0.6597219705581665,0.6597219705581665,0.5013417601585388,0
2008-11-27,0.6597219705581665,0.6597219705581665,0.6597219705581665,0.6597219705581665,0.5013417601585388,0
2008-11-28,0.6597219705581665,0.6597219705581665,0.6597219705581665,0.6597219705581665,0.5013417601585388,0
2008-12-01,0.6597219705581665,0.6597219705581665,0.6597219705581665,0.6597219705581665,0.5013417601585388,0
2008-12-02,0.6597219705581665,0.6597219705581665,0.6597219705581665,0.6597219705581665,0.5013417601585388,0
2008-12-03,0.6597219705581665,0.6597219705581665,0.6597219705581665,0.6597219705581665,0.5013417601585388,0
2008-12-04,0.6597219705581665,0.6597219705581665,0.6597219705581665,0.6597219705581665,0.5013417601585388,0
2008-12-05,0.6597219705581665,0.6597219705581665,0.6597219705581665,0.6597219705581665,0.5013417601585388,0
2008-12-08,0.6597219705581665,0.6597219705581665,0.6597219705581665,0.6597219705581665,0.5013417601585388,0
2008-12-09,0.6597219705581665,0.6597219705581665,0.6597219705581665,0.6597219705581665,0.5013417601585388,0
2008-12-10,0.6597219705581665,0.6597219705581665,0.6597219705581665,0.6597219705581665,0.5013417601585388,0
2008-12-11,0.6597219705581665,0.6597219705581665,0.6597219705581665,0.6597219705581665,0.5013417601585388,0
2008-12-12,0.6597219705581665,0.6597219705581665,0.6597219705581665,0.6597219705581665,0.5013417601585388,0
2008-12-15,0.6597219705581665,0.6597219705581665,0.6597219705581665,0.6597219705581665,0.5013417601585388,0
2008-12-16,0.6597219705581665,0.6597219705581665,0.6597219705581665,0.6597219705581665,0.5013417601585388,0
2008-12-17,0.6597219705581665,0.6597219705581665,0.6597219705581665,0.6597219705581665,0.5013417601585388,0
2008-12-18,0.6597219705581665,0.6597219705581665,0.6597219705581665,0.6597219705581665,0.5013417601585388,5760
2008-12-19,0.6597219705581665,0.6597219705581665,0.6597219705581665,0.6597219705581665,0.5013417601585388,0
2008-12-22,0.6597219705581665,0.6597219705581665,0.6597219705581665,0.6597219705581665,0.5013417601585388,0
2008-12-23,0.6597219705581665,0.6597219705581665,0.6597219705581665,0.6597219705581665,0.5013417601585388,0
2008-12-24,0.6597219705581665,0.6597219705581665,0.6597219705581665,0.6597219705581665,0.5013417601585388,0
2008-12-29,0.6597219705581665,0.6597219705581665,0.6597219705581665,0.6597219705581665,0.5013417601585388,0
2008-12-30,0.6597219705581665,0.6597219705581665,0.6597219705581665,0.6597219705581665,0.5013417601585388,0
2008-12-31,0.6597219705581665,0.6597219705581665,0.6597219705581665,0.6597219705581665,0.5013417601585388,0
2009-01-02,0.6597219705581665,0.6597219705581665,0.6597219705581665,0.6597219705581665,0.5013417601585388,0
2009-01-05,0.6597219705581665,0.6597219705581665,0.6597219705581665,0.6597219705581665,0.5013417601585388,0
2009-01-06,0.6597219705581665,0.6597219705581665,0.6597219705581665,0.6597219705581665,0.5013417601585388,0
2009-01-07,0.6597219705581665,0.6597219705581665,0.6597219705581665,0.6597219705581665,0.5013417601585388,0
2009-01-08,0.6597219705581665,0.6597219705581665,0.6597219705581665,0.6597219705581665,0.5013417601585388,0
2009-01-09,0.6597219705581665,0.6597219705581665,0.6597219705581665,0.6597219705581665,0.5013417601585388,0
2009-01-12,0.6597219705581665,0.6597219705581665,0.6597219705581665,0.6597219705581665,0.5013417601585388,0
2009-01-13,0.6597219705581665,0.6597219705581665,0.6597219705581665,0.6597219705581665,0.5013417601585388,2188800
2009-01-14,0.6597219705581665,0.6597219705581665,0.6597219705581665,0.6597219705581665,0.5013417601585388,0
2009-01-15,0.6597219705581665,0.6597219705581665,0.6597219705581665,0.6597219705581665,0.5013417601585388,0
2009-01-16,0.6597219705581665,0.6597219705581665,0.6597219705581665,0.6597219705581665,0.5013417601585388,0
2009-01-19,0.6597219705581665,0.6597219705581665,0.6597219705581665,0.6597219705581665,0.5013417601585388,0
2009-01-20,0.6597219705581665,0.6597219705581665,0.6597219705581665,0.6597219705581665,0.5013417601585388,0
2009-01-21,0.6597219705581665,0.6597219705581665,0.6597219705581665,0.6597219705581665,0.5013417601585388,0
2009-01-22,0.6597219705581665,0.6597219705581665,0.6597219705581665,0.6597219705581665,0.5013417601585388,0
2009-01-23,0.6597219705581665,0.6597219705581665,0.6597219705581665,0.6597219705581665,0.5013417601585388,0
2009-01-29,0.6597219705581665,0.6597219705581665,0.6597219705581665,0.6597219705581665,0.5013417601585388,0
2009-01-30,0.6597219705581665,0.6597219705581665,0.6597219705581665,0.6597219705581665,0.5013417601585388,0
2009-02-02,0.6597219705581665,0.6597219705581665,0.6597219705581665,0.6597219705581665,0.5013417601585388,0
2009-02-03,0.6597219705581665,0.6597219705581665,0.6597219705581665,0.6597219705581665,0.5013417601585388,0
2009-02-04,0.6597219705581665,0.6597219705581665,0.6597219705581665,0.6597219705581665,0.5013417601585388,0
2009-02-05,0.6597219705581665,0.6597219705581665,0.6597219705581665,0.6597219705581665,0.5013417601585388,0
2009-02-06,0.6597219705581665,0.6597219705581665,0.6597219705581665,0.6597219705581665,0.5013417601585388,0
2009-02-09,0.6597219705581665,0.6597219705581665,0.6597219705581665,0.6597219705581665,0.5013417601585388,0
2009-02-10,0.6597219705581665,0.6597219705581665,0.6597219705581665,0.6597219705581665,0.5013417601585388,0
2009-02-11,0.6597219705581665,0.6597219705581665,0.6597219705581665,0.6597219705581665,0.5013417601585388,0
2009-02-12,0.6597219705581665,0.6597219705581665,0.6597219705581665,0.6597219705581665,0.5013417601585388,0
2009-02-13,0.6597219705581665,0.6597219705581665,0.6597219705581665,0.6597219705581665,0.5013417601585388,0
2009-02-16,0.6597219705581665,0.6597219705581665,0.6597219705581665,0.6597219705581665,0.5013417601585388,0
2009-02-17,0.6597219705581665,0.6597219705581665,0.6597219705581665,0.6597219705581665,0.5013417601585388,0
2009-02-18,0.6597219705581665,0.6597219705581665,0.6597219705581665,0.6597219705581665,0.5013417601585388,0
2009-02-19,0.6597219705581665,0.6597219705581665,0.6597219705581665,0.6597219705581665,0.5013417601585388,0
2009-02-20,0.6597219705581665,0.6597219705581665,0.6597219705581665,0.6597219705581665,0.5013417601585388,0
2009-02-23,0.6597219705581665,0.6597219705581665,0.6597219705581665,0.6597219705581665,0.5013417601585388,0
2009-02-24,0.6597219705581665,0.6597219705581665,0.6597219705581665,0.6597219705581665,0.5013417601585388,0
2009-02-25,0.6597219705581665,0.6597219705581665,0.6597219705581665,0.6597219705581665,0.5013417601585388,0
2009-02-26,0.6597219705581665,0.6597219705581665,0.6597219705581665,0.6597219705581665,0.5013417601585388,0
2009-02-27,0.6597219705581665,0.6597219705581665,0.6597219705581665,0.6597219705581665,0.5013417601585388,0
2009-03-02,0.6597219705581665,0.6597219705581665,0.6597219705581665,0.6597219705581665,0.5013417601585388,0
2009-03-03,0.6597219705581665,0.6597219705581665,0.6597219705581665,0.6597219705581665,0.5013417601585388,0
2009-03-04,0.6597219705581665,0.6597219705581665,0.6597219705581665,0.6597219705581665,0.5013417601585388,0
2009-03-05,0.6597219705581665,0.6597219705581665,0.6597219705581665,0.6597219705581665,0.5013417601585388,0
2009-03-06,0.6597219705581665,0.6597219705581665,0.6597219705581665,0.6597219705581665,0.5013417601585388,0
2009-03-09,0.6597219705581665,0.6597219705581665,0.6597219705581665,0.6597219705581665,0.5013417601585388,0
2009-03-10,0.6597219705581665,0.6597219705581665,0.6597219705581665,0.6597219705581665,0.5013417601585388,0
2009-03-11,0.6597219705581665,0.6597219705581665,0.6597219705581665,0.6597219705581665,0.5013417601585388,0
2009-03-12,0.6597219705581665,0.6597219705581665,0.6597219705581665,0.6597219705581665,0.5013417601585388,0
2009-03-13,0.6597219705581665,0.6597219705581665,0.6597219705581665,0.6597219705581665,0.5013417601585388,0
2009-03-16,0.6597219705581665,0.6597219705581665,0.6597219705581665,0.6597219705581665,0.5013417601585388,0
2009-03-17,0.6597219705581665,0.6597219705581665,0.6597219705581665,0.6597219705581665,0.5013417601585388,0
2009-03-18,0.6597219705581665,0.6597219705581665,0.6597219705581665,0.6597219705581665,0.5013417601585388,0
2009-03-19,0.6597219705581665,0.6597219705581665,0.6597219705581665,0.6597219705581665,0.5013417601585388,0
2009-03-20,0.6597219705581665,0.6597219705581665,0.6597219705581665,0.6597219705581665,0.5013417601585388,0
2009-03-23,0.6597219705581665,0.6597219705581665,0.6597219705581665,0.6597219705581665,0.5013417601585388,0
2009-03-24,0.6597219705581665,0.6597219705581665,0.6597219705581665,0.6597219705581665,0.5013417601585388,0
2009-03-25,0.6597219705581665,0.6597219705581665,0.6597219705581665,0.6597219705581665,0.5013417601585388,0
2009-03-26,0.6597219705581665,0.6597219705581665,0.6597219705581665,0.6597219705581665,0.5013417601585388,0
2009-03-27,0.6597219705581665,0.6597219705581665,0.6597219705581665,0.6597219705581665,0.5013417601585388,0
2009-03-30,0.6597219705581665,0.6597219705581665,0.6597219705581665,0.6597219705581665,0.5013417601585388,0
2009-03-31,0.6597219705581665,0.6597219705581665,0.6597219705581665,0.6597219705581665,0.5013417601585388,0
2009-04-01,0.6597219705581665,0.6597219705581665,0.6597219705581665,0.6597219705581665,0.5013417601585388,0
2009-04-02,0.6597219705581665,0.6597219705581665,0.6597219705581665,0.6597219705581665,0.5013417601585388,0
2009-04-03,0.6597219705581665,0.6597219705581665,0.6597219705581665,0.6597219705581665,0.5013417601585388,0
2009-04-06,0.6597219705581665,0.6597219705581665,0.6597219705581665,0.6597219705581665,0.5013417601585388,0
2009-04-07,0.6597219705581665,0.6597219705581665,0.6597219705581665,0.6597219705581665,0.5013417601585388,0
2009-04-08,0.6597219705581665,0.6597219705581665,0.6597219705581665,0.6597219705581665,0.5013417601585388,0
2009-04-09,0.6597219705581665,0.6597219705581665,0.6597219705581665,0.6597219705581665,0.5013417601585388,0
2009-04-14,0.6597219705581665,0.6597219705581665,0.6597219705581665,0.6597219705581665,0.5013417601585388,0
2009-04-15,0.6597219705581665,0.6597219705581665,0.6597219705581665,0.6597219705581665,0.5013417601585388,0
2009-04-16,0.6597219705581665,0.6597219705581665,0.6597219705581665,0.6597219705581665,0.5013417601585388,0
2009-04-17,0.6597219705581665,0.6597219705581665,0.6597219705581665,0.6597219705581665,0.5013417601585388,0
2009-04-20,0.6597219705581665,0.6597219705581665,0.6597219705581665,0.6597219705581665,0.5013417601585388,0
2009-04-21,0.6597219705581665,0.6597219705581665,0.6597219705581665,0.6597219705581665,0.5013417601585388,0
2009-04-22,0.6597219705581665,0.6597219705581665,0.6597219705581665,0.6597219705581665,0.5013417601585388,0
2009-04-23,0.6597219705581665,0.6597219705581665,0.6597219705581665,0.6597219705581665,0.5013417601585388,0
2009-04-24,0.6597219705581665,0.6597219705581665,0.6597219705581665,0.6597219705581665,0.5013417601585388,0
2009-04-27,0.6597219705581665,0.6597219705581665,0.6597219705581665,0.6597219705581665,0.5013417601585388,0
2009-04-28,0.6597219705581665,0.6597219705581665,0.6597219705581665,0.6597219705581665,0.5013417601585388,0
2009-04-29,0.6597219705581665,0.6597219705581665,0.6597219705581665,0.6597219705581665,0.5013417601585388,0
2009-04-30,0.6597219705581665,0.6597219705581665,0.6597219705581665,0.6597219705581665,0.5013417601585388,0
2009-05-04,0.6597219705581665,0.6597219705581665,0.6597219705581665,0.6597219705581665,0.5013417601585388,0
2009-05-05,0.6597219705581665,0.6597219705581665,0.625,0.625,0.47495555877685547,17280
2009-05-06,0.625,0.625,0.625,0.625,0.47495555877685547,0
2009-05-07,0.625,0.625,0.625,0.625,0.47495555877685547,0
2009-05-08,0.6131939888000488,0.6131939888000488,0.6131939888000488,0.6131939888000488,0.47388216853141785,0
2009-05-11,0.6131939888000488,0.6131939888000488,0.6131939888000488,0.6131939888000488,0.47388216853141785,0
2009-05-12,0.6131939888000488,0.6131939888000488,0.6131939888000488,0.6131939888000488,0.47388216853141785,0
2009-05-13,0.6131939888000488,0.6131939888000488,0.6131939888000488,0.6131939888000488,0.47388216853141785,0
2009-05-14,0.6111109852790833,0.6111109852790833,0.6111109852790833,0.6111109852790833,0.4722723662853241,0
2009-05-15,0.6076380014419556,0.6076380014419556,0.6076380014419556,0.6076380014419556,0.46958833932876587,0
2009-05-18,0.6076380014419556,0.6076380014419556,0.6076380014419556,0.6076380014419556,0.46958833932876587,0
2009-05-19,0.6076380014419556,0.6076380014419556,0.6076380014419556,0.6076380014419556,0.46958833932876587,0
2009-05-20,0.6076380014419556,0.6076380014419556,0.6076380014419556,0.6076380014419556,0.46958833932876587,0
2009-05-21,0.6076380014419556,0.6076380014419556,0.6076380014419556,0.6076380014419556,0.46958833932876587,0
2009-05-22,0.6076380014419556,0.6076380014419556,0.6076380014419556,0.6076380014419556,0.46958833932876587,0
2009-05-25,0.6076380014419556,0.6076380014419556,0.6076380014419556,0.6076380014419556,0.46958833932876587,0
2009-05-26,0.6076380014419556,0.6076380014419556,0.6076380014419556,0.6076380014419556,0.46958833932876587,0
2009-05-27,0.6076380014419556,0.6076380014419556,0.6076380014419556,0.6076380014419556,0.46958833932876587,0
2009-05-29,0.6076380014419556,0.6076380014419556,0.6076380014419556,0.6076380014419556,0.46958833932876587,0
2009-06-01,0.6076380014419556,0.6076380014419556,0.6076380014419556,0.6076380014419556,0.46958833932876587,0
2009-06-02,0.6076380014419556,0.6076380014419556,0.6076380014419556,0.6076380014419556,0.46958833932876587,5760
2009-06-03,0.6076380014419556,0.6076380014419556,0.6076380014419556,0.6076380014419556,0.46958833932876587,0
2009-06-04,0.6076380014419556,0.6076380014419556,0.6076380014419556,0.6076380014419556,0.46958833932876587,0
2009-06-05,0.6076380014419556,0.6076380014419556,0.6076380014419556,0.6076380014419556,0.46958833932876587,0
2009-06-08,0.6076380014419556,0.6076380014419556,0.6076380014419556,0.6076380014419556,0.46958833932876587,0
2009-06-09,0.6076380014419556,0.6076380014419556,0.6076380014419556,0.6076380014419556,0.46958833932876587,0
2009-06-10,0.6076380014419556,0.6076380014419556,0.6076380014419556,0.6076380014419556,0.46958833932876587,0
2009-06-11,0.6076380014419556,0.6076380014419556,0.6076380014419556,0.6076380014419556,0.46958833932876587,0
2009-06-12,0.6076380014419556,0.6076380014419556,0.6076380014419556,0.6076380014419556,0.46958833932876587,0
2009-06-15,0.6076380014419556,0.6076380014419556,0.6076380014419556,0.6076380014419556,0.46958833932876587,0
2009-06-16,0.6076380014419556,0.6076380014419556,0.6076380014419556,0.6076380014419556,0.46958833932876587,0
2009-06-17,0.6076380014419556,0.6076380014419556,0.6076380014419556,0.6076380014419556,0.46958833932876587,0
2009-06-18,0.6076380014419556,0.6076380014419556,0.6076380014419556,0.6076380014419556,0.46958833932876587,0
2009-06-19,0.6076380014419556,0.6076380014419556,0.6076380014419556,0.6076380014419556,0.46958833932876587,0
2009-06-22,0.6076380014419556,0.6076380014419556,0.6076380014419556,0.6076380014419556,0.46958833932876587,0
2009-06-23,0.6076380014419556,0.6076380014419556,0.6076380014419556,0.6076380014419556,0.46958833932876587,0
2009-06-24,0.6076380014419556,0.6076380014419556,0.6076380014419556,0.6076380014419556,0.46958833932876587,0
2009-06-25,0.6076380014419556,0.6076380014419556,0.6076380014419556,0.6076380014419556,0.46958833932876587,0
2009-06-26,0.6076380014419556,0.6076380014419556,0.6076380014419556,0.6076380014419556,0.46958833932876587,0
2009-06-29,0.6076380014419556,0.6076380014419556,0.6076380014419556,0.6076380014419556,0.46958833932876587,23040
2009-06-30,0.6076380014419556,0.6076380014419556,0.6076380014419556,0.6076380014419556,0.46958833932876587,0
2009-07-02,0.6076380014419556,0.6076380014419556,0.6076380014419556,0.6076380014419556,0.46958833932876587,0
2009-07-03,0.6076380014419556,0.6076380014419556,0.6076380014419556,0.6076380014419556,0.46958833932876587,0
2009-07-06,0.6076380014419556,0.6076380014419556,0.6076380014419556,0.6076380014419556,0.46958833932876587,0
2009-07-07,0.6076380014419556,0.6076380014419556,0.6076380014419556,0.6076380014419556,0.46958833932876587,0
2009-07-08,0.6076380014419556,0.6076380014419556,0.6076380014419556,0.6076380014419556,0.46958833932876587,0
2009-07-09,0.6076380014419556,0.6076380014419556,0.6076380014419556,0.6076380014419556,0.46958833932876587,0
2009-07-10,0.6076380014419556,0.6076380014419556,0.6076380014419556,0.6076380014419556,0.46958833932876587,0
2009-07-13,0.6076380014419556,0.6076380014419556,0.6076380014419556,0.6076380014419556,0.46958833932876587,0
2009-07-14,0.6076380014419556,0.6076380014419556,0.6076380014419556,0.6076380014419556,0.46958833932876587,0
2009-07-15,0.6076380014419556,0.6076380014419556,0.6076380014419556,0.6076380014419556,0.46958833932876587,0
2009-07-16,0.6076380014419556,0.6076380014419556,0.6076380014419556,0.6076380014419556,0.46958833932876587,0
2009-07-17,0.6076380014419556,0.6076380014419556,0.6076380014419556,0.6076380014419556,0.46958833932876587,0
2009-07-20,0.6076380014419556,0.6076380014419556,0.6076380014419556,0.6076380014419556,0.46958833932876587,0
2009-07-21,0.6076380014419556,0.6076380014419556,0.6076380014419556,0.6076380014419556,0.46958833932876587,0
2009-07-22,0.6076380014419556,0.6076380014419556,0.6076380014419556,0.6076380014419556,0.46958833932876587,0
2009-07-23,0.6076380014419556,0.6076380014419556,0.6076380014419556,0.6076380014419556,0.46958833932876587,0
2009-07-24,0.6076380014419556,0.6076380014419556,0.6076380014419556,0.6076380014419556,0.46958833932876587,0
2009-07-27,0.6076380014419556,0.6076380014419556,0.6076380014419556,0.6076380014419556,0.46958833932876587,0
2009-07-28,0.6076380014419556,0.6076380014419556,0.6076380014419556,0.6076380014419556,0.46958833932876587,0
2009-07-29,0.6076380014419556,0.6076380014419556,0.6076380014419556,0.6076380014419556,0.46958833932876587,0
2009-07-30,0.6076380014419556,0.6076380014419556,0.6076380014419556,0.6076380014419556,0.46958833932876587,0
2009-07-31,0.6076380014419556,0.6076380014419556,0.6076380014419556,0.6076380014419556,0.46958833932876587,0
2009-08-03,0.6076380014419556,0.6076380014419556,0.6076380014419556,0.6076380014419556,0.46958833932876587,0
2009-08-04,0.6076380014419556,0.6076380014419556,0.6076380014419556,0.6076380014419556,0.46958833932876587,23040
2009-08-05,0.5902770161628723,0.5902770161628723,0.5902770161628723,0.5902770161628723,0.4561716914176941,0
2009-08-06,0.5902770161628723,0.5902770161628723,0.5902770161628723,0.5902770161628723,0.4561716914176941,0
2009-08-07,0.5833330154418945,0.5833330154418945,0.5833330154418945,0.5833330154418945,0.45080530643463135,0
2009-08-10,0.5833330154418945,0.5833330154418945,0.5833330154418945,0.5833330154418945,0.45080530643463135,28800
2009-08-11,0.5833330154418945,0.5833330154418945,0.5833330154418945,0.5833330154418945,0.45080530643463135,0
2009-08-12,0.5833330154418945,0.5833330154418945,0.5833330154418945,0.5833330154418945,0.45080530643463135,0
2009-08-13,0.5833330154418945,0.5833330154418945,0.5833330154418945,0.5833330154418945,0.45080530643463135,0
2009-08-14,0.5833330154418945,0.5833330154418945,0.5833330154418945,0.5833330154418945,0.45080530643463135,0
2009-08-17,0.5833330154418945,0.5833330154418945,0.5833330154418945,0.5833330154418945,0.45080530643463135,0
2009-08-18,0.5833330154418945,0.5833330154418945,0.5833330154418945,0.5833330154418945,0.45080530643463135,0
2009-08-19,0.5833330154418945,0.5833330154418945,0.5833330154418945,0.5833330154418945,0.45080530643463135,0
2009-08-20,0.5833330154418945,0.5833330154418945,0.5833330154418945,0.5833330154418945,0.45080530643463135,0
2009-08-21,0.5833330154418945,0.5833330154418945,0.5833330154418945,0.5833330154418945,0.45080530643463135,0
2009-08-24,0.5833330154418945,0.5833330154418945,0.5833330154418945,0.5833330154418945,0.45080530643463135,0
2009-08-25,0.5833330154418945,0.5833330154418945,0.5833330154418945,0.5833330154418945,0.45080530643463135,0
2009-08-26,0.5833330154418945,0.5833330154418945,0.5833330154418945,0.5833330154418945,0.45080530643463135,0
2009-08-27,0.5833330154418945,0.5833330154418945,0.5833330154418945,0.5833330154418945,0.45080530643463135,0
2009-08-28,0.5833330154418945,0.5833330154418945,0.5833330154418945,0.5833330154418945,0.45080530643463135,0
2009-08-31,0.5833330154418945,0.5833330154418945,0.5833330154418945,0.5833330154418945,0.45080530643463135,0
2009-09-01,0.5833330154418945,0.5833330154418945,0.5833330154418945,0.5833330154418945,0.45080530643463135,0
2009-09-02,0.5833330154418945,0.5833330154418945,0.5833330154418945,0.5833330154418945,0.45080530643463135,0
2009-09-03,0.5833330154418945,0.5833330154418945,0.5833330154418945,0.5833330154418945,0.45080530643463135,0
2009-09-04,0.5833330154418945,0.5833330154418945,0.5833330154418945,0.5833330154418945,0.45080530643463135,0
2009-09-07,0.5833330154418945,0.5833330154418945,0.5833330154418945,0.5833330154418945,0.45080530643463135,0
2009-09-08,0.5833330154418945,0.5833330154418945,0.5833330154418945,0.5833330154418945,0.45080530643463135,0
2009-09-09,0.5833330154418945,0.5833330154418945,0.5833330154418945,0.5833330154418945,0.45080530643463135,0
2009-09-10,0.5833330154418945,0.5833330154418945,0.5833330154418945,0.5833330154418945,0.45080530643463135,0
2009-09-11,0.5833330154418945,0.5833330154418945,0.5833330154418945,0.5833330154418945,0.45080530643463135,0
2009-09-14,0.5833330154418945,0.5833330154418945,0.5833330154418945,0.5833330154418945,0.45080530643463135,0
2009-09-15,0.5729159712791443,0.5729159712791443,0.5729159712791443,0.5729159712791443,0.4427548944950104,0
2009-09-16,0.5729159712791443,0.5729159712791443,0.5729159712791443,0.5729159712791443,0.4427548944950104,0
2009-09-17,0.5729159712791443,0.5729159712791443,0.5729159712791443,0.5729159712791443,0.4427548944950104,0
2009-09-18,0.5729159712791443,0.5729159712791443,0.5729159712791443,0.5729159712791443,0.4427548944950104,0
2009-09-21,0.5729159712791443,0.5729159712791443,0.5729159712791443,0.5729159712791443,0.4427548944950104,0
2009-09-22,0.5729159712791443,0.5729159712791443,0.5729159712791443,0.5729159712791443,0.4427548944950104,0
2009-09-23,0.555554986000061,0.555554986000061,0.555554986000061,0.555554986000061,0.42933809757232666,0
2009-09-24,0.555554986000061,0.555554986000061,0.555554986000061,0.555554986000061,0.42933809757232666,0
2009-09-25,0.555554986000061,0.555554986000061,0.555554986000061,0.555554986000061,0.42933809757232666,0
2009-09-28,0.555554986000061,0.555554986000061,0.555554986000061,0.555554986000061,0.42933809757232666,0
2009-09-29,0.555554986000061,0.555554986000061,0.555554986000061,0.555554986000061,0.42933809757232666,0
2009-09-30,0.555554986000061,0.555554986000061,0.555554986000061,0.555554986000061,0.42933809757232666,0
2009-10-02,0.555554986000061,0.555554986000061,0.555554986000061,0.555554986000061,0.42933809757232666,0
2009-10-05,0.555554986000061,0.555554986000061,0.555554986000061,0.555554986000061,0.42933809757232666,0
2009-10-06,0.555554986000061,0.555554986000061,0.555554986000061,0.555554986000061,0.42933809757232666,0
2009-10-07,0.555554986000061,0.555554986000061,0.555554986000061,0.555554986000061,0.42933809757232666,0
2009-10-08,0.555554986000061,0.555554986000061,0.555554986000061,0.555554986000061,0.42933809757232666,57600
2009-10-09,0.555554986000061,0.555554986000061,0.555554986000061,0.555554986000061,0.42933809757232666,0
2009-10-12,0.555554986000061,0.555554986000061,0.555554986000061,0.555554986000061,0.42933809757232666,0
2009-10-13,0.555554986000061,0.555554986000061,0.555554986000061,0.555554986000061,0.42933809757232666,28800
2009-10-14,0.555554986000061,0.555554986000061,0.555554986000061,0.555554986000061,0.42933809757232666,0
2009-10-15,0.555554986000061,0.555554986000061,0.555554986000061,0.555554986000061,0.42933809757232666,0
2009-10-16,0.555554986000061,0.555554986000061,0.555554986000061,0.555554986000061,0.42933809757232666,0
2009-10-19,0.555554986000061,0.555554986000061,0.555554986000061,0.555554986000061,0.42933809757232666,0
2009-10-20,0.555554986000061,0.555554986000061,0.555554986000061,0.555554986000061,0.42933809757232666,0
2009-10-21,0.555554986000061,0.555554986000061,0.555554986000061,0.555554986000061,0.42933809757232666,0
2009-10-22,0.555554986000061,0.555554986000061,0.555554986000061,0.555554986000061,0.42933809757232666,0
2009-10-23,0.555554986000061,0.555554986000061,0.555554986000061,0.555554986000061,0.42933809757232666,0
2009-10-27,0.555554986000061,0.555554986000061,0.555554986000061,0.555554986000061,0.42933809757232666,0
2009-10-28,0.555554986000061,0.555554986000061,0.555554986000061,0.555554986000061,0.42933809757232666,0
2009-10-29,0.555554986000061,0.555554986000061,0.555554986000061,0.555554986000061,0.42933809757232666,0
2009-10-30,0.555554986000061,0.555554986000061,0.555554986000061,0.555554986000061,0.42933809757232666,0
2009-11-02,0.555554986000061,0.555554986000061,0.555554986000061,0.555554986000061,0.42933809757232666,0
2009-11-03,0.555554986000061,0.555554986000061,0.555554986000061,0.555554986000061,0.42933809757232666,0
2009-11-04,0.555554986000061,0.555554986000061,0.555554986000061,0.555554986000061,0.42933809757232666,0
2009-11-05,0.5486109852790833,0.5486109852790833,0.5486109852790833,0.5486109852790833,0.4239717423915863,28800
2009-11-06,0.5486109852790833,0.5486109852790833,0.5486109852790833,0.5486109852790833,0.4239717423915863,0
2009-11-09,0.45138800144195557,0.5034719705581665,0.45138800144195557,0.5034719705581665,0.38908788561820984,28800
2009-11-10,0.48611098527908325,0.48611098527908325,0.48611098527908325,0.48611098527908325,0.3756711184978485,34560
2009-11-11,0.48611098527908325,0.48611098527908325,0.48611098527908325,0.48611098527908325,0.3756711184978485,0
2009-11-12,0.48611098527908325,0.48611098527908325,0.48611098527908325,0.48611098527908325,0.3756711184978485,0
2009-11-13,0.48611098527908325,0.48611098527908325,0.48611098527908325,0.48611098527908325,0.3756711184978485,0
2009-11-16,0.48611098527908325,0.48611098527908325,0.48611098527908325,0.48611098527908325,0.3756711184978485,0
2009-11-17,0.48611098527908325,0.48611098527908325,0.48611098527908325,0.48611098527908325,0.3756711184978485,0
2009-11-18,0.48611098527908325,0.48611098527908325,0.48611098527908325,0.48611098527908325,0.3756711184978485,0
2009-11-19,0.48611098527908325,0.48611098527908325,0.48611098527908325,0.48611098527908325,0.3756711184978485,0
2009-11-20,0.48611098527908325,0.48611098527908325,0.48611098527908325,0.48611098527908325,0.3756711184978485,0
2009-11-23,0.48611098527908325,0.48611098527908325,0.48611098527908325,0.48611098527908325,0.3756711184978485,0
2009-11-24,0.48611098527908325,0.48611098527908325,0.48611098527908325,0.48611098527908325,0.3756711184978485,0
2009-11-25,0.48611098527908325,0.48611098527908325,0.48611098527908325,0.48611098527908325,0.3756711184978485,0
2009-11-26,0.48611098527908325,0.48611098527908325,0.48611098527908325,0.48611098527908325,0.3756711184978485,0
2009-11-27,0.48611098527908325,0.48611098527908325,0.4722220003604889,0.4722220003604889,0.3649376630783081,0
2009-11-30,0.4722220003604889,0.4722220003604889,0.4722220003604889,0.4722220003604889,0.3649376630783081,0
2009-12-01,0.4722220003604889,0.4722220003604889,0.4722220003604889,0.4722220003604889,0.3649376630783081,0
2009-12-02,0.4722220003604889,0.4722220003604889,0.4722220003604889,0.4722220003604889,0.3649376630783081,218880
2009-12-03,0.4722220003604889,0.4722220003604889,0.4722220003604889,0.4722220003604889,0.3649376630783081,0
2009-12-04,0.4722220003604889,0.4722220003604889,0.4722220003604889,0.4722220003604889,0.3649376630783081,0
2009-12-07,0.4722220003604889,0.4722220003604889,0.4722220003604889,0.4722220003604889,0.3649376630783081,0
2009-12-08,0.4722220003604889,0.4722220003604889,0.4722220003604889,0.4722220003604889,0.3649376630783081,0
2009-12-09,0.4722220003604889,0.4722220003604889,0.4722220003604889,0.4722220003604889,0.3649376630783081,0
2009-12-10,0.4097220003604889,0.42361098527908325,0.4097220003604889,0.42361098527908325,0.32737064361572266,86400
2009-12-11,0.42361098527908325,0.46875,0.42361098527908325,0.46875,0.36225444078445435,0
2009-12-14,0.46875,0.46875,0.46875,0.46875,0.36225444078445435,0
2009-12-15,0.46875,0.46875,0.46875,0.46875,0.36225444078445435,0
2009-12-16,0.46875,0.46875,0.46875,0.46875,0.36225444078445435,0
2009-12-17,0.46875,0.46875,0.46875,0.46875,0.36225444078445435,0
2009-12-18,0.46875,0.46875,0.46875,0.46875,0.36225444078445435,0
2009-12-21,0.46875,0.46875,0.46875,0.46875,0.36225444078445435,0
2009-12-22,0.46875,0.46875,0.46875,0.46875,0.36225444078445435,0
2009-12-23,0.46875,0.46875,0.46875,0.46875,0.36225444078445435,5760
2009-12-24,0.46875,0.46875,0.46875,0.46875,0.36225444078445435,0
2009-12-28,0.46875,0.46875,0.46875,0.46875,0.36225444078445435,0
2009-12-29,0.46875,0.46875,0.46875,0.46875,0.36225444078445435,0
2009-12-30,0.46875,0.46875,0.46875,0.46875,0.36225444078445435,0
2009-12-31,0.46875,0.46875,0.46875,0.46875,0.36225444078445435,0
2010-01-04,0.46875,0.46875,0.46875,0.46875,0.36225444078445435,0
2010-01-05,0.46875,0.46875,0.46875,0.46875,0.36225444078445435,0
2010-01-06,0.46875,0.46875,0.46875,0.46875,0.36225444078445435,0
2010-01-07,0.46875,0.46875,0.46875,0.46875,0.36225444078445435,0
2010-01-08,0.46875,0.46875,0.46875,0.46875,0.36225444078445435,0
2010-01-11,0.46875,0.46875,0.46875,0.46875,0.36225444078445435,0
2010-01-12,0.46875,0.46875,0.46875,0.46875,0.36225444078445435,0
2010-01-13,0.46875,0.46875,0.46875,0.46875,0.36225444078445435,0
2010-01-14,0.46875,0.46875,0.46875,0.46875,0.36225444078445435,0
2010-01-15,0.46875,0.46875,0.46875,0.46875,0.36225444078445435,0
2010-01-18,0.48611098527908325,0.48611098527908325,0.48611098527908325,0.48611098527908325,0.3756711184978485,288000
2010-01-19,0.48611098527908325,0.48611098527908325,0.48611098527908325,0.48611098527908325,0.3756711184978485,0
2010-01-20,0.48611098527908325,0.48611098527908325,0.48611098527908325,0.48611098527908325,0.3756711184978485,0
2010-01-21,0.48611098527908325,0.48611098527908325,0.48611098527908325,0.48611098527908325,0.3756711184978485,0
2010-01-22,0.48611098527908325,0.48611098527908325,0.48611098527908325,0.48611098527908325,0.3756711184978485,57600
2010-01-25,0.48611098527908325,0.48611098527908325,0.48611098527908325,0.48611098527908325,0.3756711184978485,0
2010-01-26,0.48611098527908325,0.48611098527908325,0.48611098527908325,0.48611098527908325,0.3756711184978485,0
2010-01-27,0.48611098527908325,0.48611098527908325,0.48611098527908325,0.48611098527908325,0.3756711184978485,0
2010-01-28,0.48611098527908325,0.48611098527908325,0.48611098527908325,0.48611098527908325,0.3756711184978485,0
2010-01-29,0.48611098527908325,0.48611098527908325,0.48611098527908325,0.48611098527908325,0.3756711184978485,1728000
2010-02-01,0.48611098527908325,0.48611098527908325,0.48611098527908325,0.48611098527908325,0.3756711184978485,2113920
2010-02-02,0.48611098527908325,0.48611098527908325,0.48611098527908325,0.48611098527908325,0.3756711184978485,0
2010-02-03,0.48611098527908325,0.48611098527908325,0.48611098527908325,0.48611098527908325,0.3756711184978485,0
2010-02-04,0.48611098527908325,0.48611098527908325,0.48611098527908325,0.48611098527908325,0.3756711184978485,0
2010-02-05,0.48611098527908325,0.48611098527908325,0.48611098527908325,0.48611098527908325,0.3756711184978485,0
2010-02-08,0.48611098527908325,0.48611098527908325,0.48611098527908325,0.48611098527908325,0.3756711184978485,0
2010-02-09,0.48611098527908325,0.48611098527908325,0.48611098527908325,0.48611098527908325,0.3756711184978485,57600
2010-02-10,0.48611098527908325,0.48611098527908325,0.48611098527908325,0.48611098527908325,0.3756711184978485,0
2010-02-11,0.48611098527908325,0.48611098527908325,0.48611098527908325,0.48611098527908325,0.3756711184978485,0
2010-02-12,0.48611098527908325,0.48611098527908325,0.48611098527908325,0.48611098527908325,0.3756711184978485,0
2010-02-17,0.48611098527908325,0.48611098527908325,0.48611098527908325,0.48611098527908325,0.3756711184978485,0
2010-02-18,0.48611098527908325,0.48611098527908325,0.48611098527908325,0.48611098527908325,0.3756711184978485,0
2010-02-19,0.48611098527908325,0.48611098527908325,0.48611098527908325,0.48611098527908325,0.3756711184978485,0
2010-02-22,0.48611098527908325,0.48611098527908325,0.48611098527908325,0.48611098527908325,0.3756711184978485,0
2010-02-23,0.48611098527908325,0.48611098527908325,0.48611098527908325,0.48611098527908325,0.3756711184978485,0
2010-02-24,0.48611098527908325,0.48611098527908325,0.48611098527908325,0.48611098527908325,0.3756711184978485,0
2010-02-25,0.48611098527908325,0.48611098527908325,0.48611098527908325,0.48611098527908325,0.3756711184978485,0
2010-02-26,0.45138800144195557,0.45138800144195557,0.45138800144195557,0.45138800144195557,0.3488369286060333,305280
2010-03-01,0.45138800144195557,0.45138800144195557,0.45138800144195557,0.45138800144195557,0.3488369286060333,0
2010-03-02,0.45138800144195557,0.45138800144195557,0.45138800144195557,0.45138800144195557,0.3488369286060333,0
2010-03-03,0.45138800144195557,0.45138800144195557,0.45138800144195557,0.45138800144195557,0.3488369286060333,0
2010-03-04,0.45138800144195557,0.45138800144195557,0.45138800144195557,0.45138800144195557,0.3488369286060333,0
2010-03-05,0.45138800144195557,0.45138800144195557,0.45138800144195557,0.45138800144195557,0.3488369286060333,0
2010-03-08,0.45138800144195557,0.45138800144195557,0.45138800144195557,0.45138800144195557,0.3488369286060333,0
2010-03-09,0.45138800144195557,0.45138800144195557,0.45138800144195557,0.45138800144195557,0.3488369286060333,0
2010-03-10,0.4756940007209778,0.4756940007209778,0.4756940007209778,0.4756940007209778,0.3676207959651947,46080
2010-03-11,0.48611098527908325,0.48611098527908325,0.48611098527908325,0.48611098527908325,0.3756711184978485,576000
2010-03-12,0.48611098527908325,0.48611098527908325,0.48611098527908325,0.48611098527908325,0.3756711184978485,57600
2010-03-15,0.48611098527908325,0.48611098527908325,0.48611098527908325,0.48611098527908325,0.3756711184978485,0
2010-03-16,0.48611098527908325,0.48611098527908325,0.48611098527908325,0.48611098527908325,0.3756711184978485,0
2010-03-17,0.48611098527908325,0.48611098527908325,0.48611098527908325,0.48611098527908325,0.3756711184978485,0
2010-03-18,0.48611098527908325,0.48611098527908325,0.48611098527908325,0.48611098527908325,0.3756711184978485,0
2010-03-19,0.48611098527908325,0.48611098527908325,0.48611098527908325,0.48611098527908325,0.3756711184978485,0
2010-03-22,0.48611098527908325,0.48611098527908325,0.48611098527908325,0.48611098527908325,0.3756711184978485,0
2010-03-23,0.48611098527908325,0.48611098527908325,0.48611098527908325,0.48611098527908325,0.3756711184978485,0
2010-03-24,0.48611098527908325,0.48611098527908325,0.48611098527908325,0.48611098527908325,0.3756711184978485,0
2010-03-25,0.48611098527908325,0.48611098527908325,0.48611098527908325,0.48611098527908325,0.3756711184978485,0
2010-03-26,0.48611098527908325,0.48611098527908325,0.48611098527908325,0.48611098527908325,0.3756711184978485,0
2010-03-29,0.48611098527908325,0.48611098527908325,0.48611098527908325,0.48611098527908325,0.3756711184978485,0
2010-03-30,0.48611098527908325,0.48611098527908325,0.48611098527908325,0.48611098527908325,0.3756711184978485,0
2010-03-31,0.48611098527908325,0.48611098527908325,0.48611098527908325,0.48611098527908325,0.3756711184978485,120960
2010-04-01,0.5208330154418945,0.5208330154418945,0.5208330154418945,0.5208330154418945,0.40250468254089355,57600
2010-04-07,0.5208330154418945,0.5208330154418945,0.5034719705581665,0.5034719705581665,0.38908788561820984,115200
2010-04-08,0.5034719705581665,0.5034719705581665,0.5034719705581665,0.5034719705581665,0.38908788561820984,0
2010-04-09,0.5034719705581665,0.5034719705581665,0.5034719705581665,0.5034719705581665,0.38908788561820984,0
2010-04-12,0.5034719705581665,0.5034719705581665,0.5034719705581665,0.5034719705581665,0.38908788561820984,0
2010-04-13,0.5034719705581665,0.5034719705581665,0.5034719705581665,0.5034719705581665,0.38908788561820984,0
2010-04-14,0.5034719705581665,0.5034719705581665,0.5034719705581665,0.5034719705581665,0.38908788561820984,0
2010-04-15,0.5034719705581665,0.5034719705581665,0.5034719705581665,0.5034719705581665,0.38908788561820984,0
2010-04-16,0.5034719705581665,0.5034719705581665,0.5034719705581665,0.5034719705581665,0.38908788561820984,0
2010-04-19,0.5034719705581665,0.5034719705581665,0.5034719705581665,0.5034719705581665,0.38908788561820984,0
2010-04-20,0.5138880014419556,0.5138880014419556,0.5069440007209778,0.5069440007209778,0.3917711079120636,374400
2010-04-21,0.5069440007209778,0.5069440007209778,0.5069440007209778,0.5069440007209778,0.3917711079120636,0
2010-04-22,0.5069440007209778,0.5069440007209778,0.5069440007209778,0.5069440007209778,0.3917711079120636,0
2010-04-23,0.5069440007209778,0.5069440007209778,0.5069440007209778,0.5069440007209778,0.3917711079120636,0
2010-04-26,0.5069440007209778,0.5069440007209778,0.5069440007209778,0.5069440007209778,0.3917711079120636,0
2010-04-27,0.5034719705581665,0.5034719705581665,0.5034719705581665,0.5034719705581665,0.38908788561820984,57600
2010-04-28,0.5034719705581665,0.5034719705581665,0.5034719705581665,0.5034719705581665,0.38908788561820984,0
2010-04-29,0.5069440007209778,0.5069440007209778,0.5069440007209778,0.5069440007209778,0.3917711079120636,190080
2010-04-30,0.5069440007209778,0.5069440007209778,0.5069440007209778,0.5069440007209778,0.3917711079120636,0
2010-05-03,0.5069440007209778,0.5069440007209778,0.5069440007209778,0.5069440007209778,0.3917711079120636,0
2010-05-04,0.5069440007209778,0.5069440007209778,0.5069440007209778,0.5069440007209778,0.3917711079120636,0
2010-05-05,0.5069440007209778,0.5069440007209778,0.5069440007209778,0.5069440007209778,0.3917711079120636,0
2010-05-06,0.5069440007209778,0.5104159712791443,0.5069440007209778,0.5104159712791443,0.39445430040359497,345600
2010-05-07,0.5069440007209778,0.5069440007209778,0.5069440007209778,0.5069440007209778,0.3917711079120636,40320
2010-05-10,0.5451380014419556,0.5451380014419556,0.5451380014419556,0.5451380014419556,0.42128786444664,11520
2010-05-11,0.5451380014419556,0.5451380014419556,0.5451380014419556,0.5451380014419556,0.42128786444664,0
2010-05-12,0.5451380014419556,0.5451380014419556,0.5451380014419556,0.5451380014419556,0.42128786444664,0
2010-05-13,0.5451380014419556,0.5451380014419556,0.5451380014419556,0.5451380014419556,0.42128786444664,0
2010-05-14,0.5451380014419556,0.5451380014419556,0.5451380014419556,0.5451380014419556,0.42128786444664,0
2010-05-17,0.6111109852790833,0.6111109852790833,0.6111109852790833,0.6111109852790833,0.4722723662853241,28800
2010-05-18,0.5833330154418945,0.5833330154418945,0.5833330154418945,0.5833330154418945,0.45080530643463135,11520
2010-05-19,0.6354159712791443,0.6423609852790833,0.5381940007209778,0.5902770161628723,0.4561716914176941,103680
2010-05-20,0.5902770161628723,0.5902770161628723,0.5902770161628723,0.5902770161628723,0.4561716914176941,0
2010-05-24,0.5902770161628723,0.5902770161628723,0.5902770161628723,0.5902770161628723,0.4561716914176941,0
2010-05-25,0.5729159712791443,0.5729159712791443,0.5208330154418945,0.5729159712791443,0.4427548944950104,57600
2010-05-26,0.5729159712791443,0.5729159712791443,0.5729159712791443,0.5729159712791443,0.4427548944950104,0
2010-05-27,0.53125,0.53125,0.53125,0.53125,0.41055503487586975,11520
2010-05-28,0.586804986000061,0.586804986000061,0.5486109852790833,0.5486109852790833,0.4239717423915863,17280
2010-05-31,0.5208330154418945,0.5208330154418945,0.45138800144195557,0.5208330154418945,0.40250468254089355,78912
2010-06-01,0.5381940007209778,0.5381940007209778,0.5381940007209778,0.5381940007209778,0.4159214496612549,28800
2010-06-02,0.5381940007209778,0.5381940007209778,0.5381940007209778,0.5381940007209778,0.4159214496612549,0
2010-06-03,0.5381940007209778,0.5381940007209778,0.5381940007209778,0.5381940007209778,0.4159214496612549,0
2010-06-04,0.5381940007209778,0.5381940007209778,0.5381940007209778,0.5381940007209778,0.4159214496612549,0
2010-06-07,0.5381940007209778,0.5381940007209778,0.5381940007209778,0.5381940007209778,0.4159214496612549,0
2010-06-08,0.53125,0.53125,0.53125,0.53125,0.41055503487586975,28800
2010-06-09,0.53125,0.53125,0.53125,0.53125,0.41055503487586975,178560
2010-06-10,0.53125,0.53125,0.53125,0.53125,0.41055503487586975,0
2010-06-11,0.48958298563957214,0.48958298563957214,0.45486098527908325,0.4791660010814667,0.37030401825904846,35136
2010-06-14,0.4791660010814667,0.4791660010814667,0.4791660010814667,0.4791660010814667,0.37030401825904846,0
2010-06-15,0.4791660010814667,0.4791660010814667,0.4791660010814667,0.4791660010814667,0.37030401825904846,0
2010-06-17,0.4791660010814667,0.4791660010814667,0.4791660010814667,0.4791660010814667,0.37030401825904846,0
2010-06-18,0.5173609852790833,0.5173609852790833,0.5173609852790833,0.5173609852790833,0.3998214900493622,167040
2010-06-21,0.5173609852790833,0.5173609852790833,0.5173609852790833,0.5173609852790833,0.3998214900493622,0
2010-06-22,0.5277770161628723,0.5277770161628723,0.5208330154418945,0.5208330154418945,0.40250468254089355,5760
2010-06-23,0.5208330154418945,0.5208330154418945,0.5208330154418945,0.5208330154418945,0.40250468254089355,0
2010-06-24,0.5208330154418945,0.5208330154418945,0.5208330154418945,0.5208330154418945,0.40250468254089355,0
2010-06-25,0.5208330154418945,0.5208330154418945,0.5208330154418945,0.5208330154418945,0.40250468254089355,0
2010-06-28,0.5208330154418945,0.5208330154418945,0.5208330154418945,0.5208330154418945,0.40250468254089355,0
2010-06-29,0.5208330154418945,0.5208330154418945,0.5208330154418945,0.5208330154418945,0.40250468254089355,0
2010-06-30,0.5208330154418945,0.5208330154418945,0.5208330154418945,0.5208330154418945,0.40250468254089355,0
2010-07-02,0.555554986000061,0.555554986000061,0.555554986000061,0.555554986000061,0.42933809757232666,23040
2010-07-05,0.53125,0.53125,0.53125,0.53125,0.41055503487586975,115200
2010-07-06,0.53125,0.53125,0.53125,0.53125,0.41055503487586975,0
2010-07-07,0.49305498600006104,0.5138880014419556,0.49305498600006104,0.5138880014419556,0.39713752269744873,120960
2010-07-08,0.5138880014419556,0.5138880014419556,0.5138880014419556,0.5138880014419556,0.39713752269744873,0
2010-07-09,0.5138880014419556,0.5138880014419556,0.5138880014419556,0.5138880014419556,0.39713752269744873,0
2010-07-12,0.5138880014419556,0.5138880014419556,0.5138880014419556,0.5138880014419556,0.39713752269744873,0
2010-07-13,0.5138880014419556,0.5138880014419556,0.5138880014419556,0.5138880014419556,0.39713752269744873,0
2010-07-14,0.5138880014419556,0.5138880014419556,0.5138880014419556,0.5138880014419556,0.39713752269744873,0
2010-07-15,0.5138880014419556,0.5138880014419556,0.5138880014419556,0.5138880014419556,0.39713752269744873,0
2010-07-16,0.5138880014419556,0.5138880014419556,0.5138880014419556,0.5138880014419556,0.39713752269744873,0
2010-07-19,0.5138880014419556,0.5138880014419556,0.5138880014419556,0.5138880014419556,0.39713752269744873,0
2010-07-20,0.48958298563957214,0.5208330154418945,0.48958298563957214,0.5208330154418945,0.40250468254089355,120384
2010-07-21,0.5208330154418945,0.5208330154418945,0.5208330154418945,0.5208330154418945,0.40250468254089355,0
2010-07-22,0.5208330154418945,0.5208330154418945,0.5208330154418945,0.5208330154418945,0.40250468254089355,0
2010-07-23,0.5208330154418945,0.5208330154418945,0.5208330154418945,0.5208330154418945,0.40250468254089355,0
2010-07-26,0.5208330154418945,0.5208330154418945,0.5208330154418945,0.5208330154418945,0.40250468254089355,0
2010-07-27,0.5208330154418945,0.5208330154418945,0.5208330154418945,0.5208330154418945,0.40250468254089355,0
2010-07-28,0.5208330154418945,0.5208330154418945,0.5208330154418945,0.5208330154418945,0.40250468254089355,0
2010-07-29,0.4965269863605499,0.5,0.4965269863605499,0.5,0.38640472292900085,63360
2010-07-30,0.5,0.5,0.5,0.5,0.38640472292900085,0
2010-08-02,0.5,0.5,0.5,0.5,0.38640472292900085,0
2010-08-03,0.5,0.5,0.5,0.5,0.38640472292900085,34560
2010-08-04,0.45486098527908325,0.45486098527908325,0.45486098527908325,0.45486098527908325,0.3515208661556244,57600
2010-08-05,0.46180498600006104,0.46180498600006104,0.46180498600006104,0.46180498600006104,0.35688725113868713,0
2010-08-06,0.48611098527908325,0.48611098527908325,0.48611098527908325,0.48611098527908325,0.3756711184978485,22464
2010-08-09,0.48611098527908325,0.48611098527908325,0.48611098527908325,0.48611098527908325,0.3756711184978485,0
2010-08-10,0.48611098527908325,0.48611098527908325,0.48611098527908325,0.48611098527908325,0.3756711184978485,0
2010-08-11,0.4791660010814667,0.48263800144195557,0.4791660010814667,0.48263800144195557,0.3729872405529022,51840
2010-08-12,0.48263800144195557,0.48263800144195557,0.48263800144195557,0.48263800144195557,0.3729872405529022,829440
2010-08-13,0.48263800144195557,0.48263800144195557,0.48263800144195557,0.48263800144195557,0.3729872405529022,0
2010-08-16,0.48263800144195557,0.48263800144195557,0.48263800144195557,0.48263800144195557,0.3729872405529022,0
2010-08-17,0.5208330154418945,0.5277770161628723,0.5069440007209778,0.5208330154418945,0.40250468254089355,1892160
2010-08-18,0.5208330154418945,0.5208330154418945,0.5208330154418945,0.5208330154418945,0.40250468254089355,0
2010-08-19,0.5208330154418945,0.5208330154418945,0.5208330154418945,0.5208330154418945,0.40250468254089355,23040
2010-08-20,0.5208330154418945,0.5208330154418945,0.5208330154418945,0.5208330154418945,0.40250468254089355,218880
2010-08-23,0.5208330154418945,0.5208330154418945,0.5208330154418945,0.5208330154418945,0.40250468254089355,28800
2010-08-24,0.5208330154418945,0.5208330154418945,0.5208330154418945,0.5208330154418945,0.40250468254089355,115200
2010-08-25,0.5208330154418945,0.5277770161628723,0.5208330154418945,0.524304986000061,0.40518781542778015,432000
2010-08-26,0.524304986000061,0.524304986000061,0.524304986000061,0.524304986000061,0.40518781542778015,57600
2010-08-27,0.5277770161628723,0.5277770161628723,0.5277770161628723,0.5277770161628723,0.4078710973262787,126720
2010-08-30,0.524304986000061,0.524304986000061,0.5138880014419556,0.5138880014419556,0.39713752269744873,239040
2010-08-31,0.5138880014419556,0.5138880014419556,0.5138880014419556,0.5138880014419556,0.39713752269744873,11520
2010-09-01,0.5138880014419556,0.5277770161628723,0.5138880014419556,0.5208330154418945,0.40250468254089355,241920
2010-09-02,0.5277770161628723,0.5277770161628723,0.5208330154418945,0.5208330154418945,0.40250468254089355,380160
2010-09-03,0.5208330154418945,0.5208330154418945,0.5208330154418945,0.5208330154418945,0.40250468254089355,115200
2010-09-06,0.5208330154418945,0.5208330154418945,0.5208330154418945,0.5208330154418945,0.40250468254089355,86400
2010-09-07,0.5208330154418945,0.5208330154418945,0.5208330154418945,0.5208330154418945,0.40250468254089355,86400
2010-09-08,0.5208330154418945,0.5208330154418945,0.5173609852790833,0.5173609852790833,0.3998214900493622,120960
2010-09-09,0.5173609852790833,0.5173609852790833,0.5173609852790833,0.5173609852790833,0.3998214900493622,0
2010-09-10,0.5208330154418945,0.5208330154418945,0.5173609852790833,0.5208330154418945,0.40250468254089355,535680
2010-09-13,0.5208330154418945,0.5208330154418945,0.5208330154418945,0.5208330154418945,0.40250468254089355,0
2010-09-14,0.5208330154418945,0.5208330154418945,0.5208330154418945,0.5208330154418945,0.40250468254089355,0
2010-09-15,0.5208330154418945,0.5208330154418945,0.5138880014419556,0.5138880014419556,0.39713752269744873,800640
2010-09-16,0.5208330154418945,0.5208330154418945,0.5208330154418945,0.5208330154418945,0.40250468254089355,149760
2010-09-17,0.5208330154418945,0.5208330154418945,0.5208330154418945,0.5208330154418945,0.40250468254089355,247680
2010-09-20,0.5208330154418945,0.5208330154418945,0.5208330154418945,0.5208330154418945,0.40250468254089355,63360
2010-09-21,0.5208330154418945,0.5208330154418945,0.5208330154418945,0.5208330154418945,0.40250468254089355,0
2010-09-22,0.5208330154418945,0.5208330154418945,0.5208330154418945,0.5208330154418945,0.40250468254089355,28800
2010-09-24,0.5208330154418945,0.5208330154418945,0.5208330154418945,0.5208330154418945,0.40250468254089355,0
2010-09-27,0.5208330154418945,0.5208330154418945,0.5208330154418945,0.5208330154418945,0.40250468254089355,51840
2010-09-28,0.5208330154418945,0.5208330154418945,0.5208330154418945,0.5208330154418945,0.40250468254089355,0
2010-09-29,0.5208330154418945,0.5208330154418945,0.5208330154418945,0.5208330154418945,0.40250468254089355,0
2010-09-30,0.5208330154418945,0.5208330154418945,0.5208330154418945,0.5208330154418945,0.40250468254089355,437760
2010-10-04,0.5208330154418945,0.5208330154418945,0.5208330154418945,0.5208330154418945,0.40250468254089355,14400
2010-10-05,0.5208330154418945,0.5208330154418945,0.5208330154418945,0.5208330154418945,0.40250468254089355,0
2010-10-06,0.5173609852790833,0.5208330154418945,0.5173609852790833,0.5173609852790833,0.3998214900493622,23040
2010-10-07,0.5173609852790833,0.5173609852790833,0.5173609852790833,0.5173609852790833,0.3998214900493622,0
2010-10-08,0.5173609852790833,0.5208330154418945,0.5173609852790833,0.5208330154418945,0.40250468254089355,74880
2010-10-11,0.5208330154418945,0.5208330154418945,0.5208330154418945,0.5208330154418945,0.40250468254089355,0
2010-10-12,0.4791660010814667,0.4791660010814667,0.4791660010814667,0.4791660010814667,0.37030401825904846,432000
2010-10-13,0.4652769863605499,0.46875,0.4444440007209778,0.46875,0.36225444078445435,1117440
2010-10-14,0.4444440007209778,0.4444440007209778,0.4444440007209778,0.4444440007209778,0.3434705138206482,28800
2010-10-15,0.4444440007209778,0.4444440007209778,0.43055498600006104,0.43055498600006104,0.33273690938949585,354240
2010-10-18,0.4340269863605499,0.4340269863605499,0.43055498600006104,0.43055498600006104,0.33273690938949585,28800
2010-10-19,0.43055498600006104,0.4340269863605499,0.43055498600006104,0.4340269863605499,0.3354201316833496,380160
2010-10-20,0.42708298563957214,0.42708298563957214,0.42708298563957214,0.42708298563957214,0.33005377650260925,11520
2010-10-21,0.43055498600006104,0.43055498600006104,0.42708298563957214,0.42708298563957214,0.33005377650260925,34560
2010-10-22,0.42708298563957214,0.42708298563957214,0.42708298563957214,0.42708298563957214,0.33005377650260925,40320
2010-10-25,0.42708298563957214,0.43055498600006104,0.42708298563957214,0.43055498600006104,0.33273690938949585,34560
2010-10-26,0.4444440007209778,0.4479160010814667,0.4444440007209778,0.4479160010814667,0.34615376591682434,34560
2010-10-27,0.5104159712791443,0.5381940007209778,0.46875,0.48263800144195557,0.3729872405529022,622080
2010-10-28,0.45833298563957214,0.45833298563957214,0.4340269863605499,0.4479160010814667,0.34615376591682434,103680
2010-10-29,0.4479160010814667,0.4479160010814667,0.4479160010814667,0.4479160010814667,0.34615376591682434,0
2010-11-01,0.4375,0.4375,0.4375,0.4375,0.33810409903526306,5760
2010-11-02,0.4444440007209778,0.4444440007209778,0.4444440007209778,0.4444440007209778,0.3434705138206482,0
2010-11-03,0.4409720003604889,0.4479160010814667,0.4409720003604889,0.4479160010814667,0.34615376591682434,28800
2010-11-04,0.4479160010814667,0.4479160010814667,0.4479160010814667,0.4479160010814667,0.34615376591682434,0
2010-11-05,0.4479160010814667,0.4479160010814667,0.4479160010814667,0.4479160010814667,0.34615376591682434,0
2010-11-08,0.4479160010814667,0.4479160010814667,0.4479160010814667,0.4479160010814667,0.34615376591682434,0
2010-11-09,0.46180498600006104,0.46180498600006104,0.46180498600006104,0.46180498600006104,0.35688725113868713,17280
2010-11-10,0.46180498600006104,0.46180498600006104,0.46180498600006104,0.46180498600006104,0.35688725113868713,0
2010-11-11,0.46180498600006104,0.46180498600006104,0.46180498600006104,0.46180498600006104,0.35688725113868713,0
2010-11-12,0.45833298563957214,0.45833298563957214,0.45138800144195557,0.45138800144195557,0.3488369286060333,28800
2010-11-15,0.45138800144195557,0.45138800144195557,0.45138800144195557,0.45138800144195557,0.3488369286060333,0
2010-11-16,0.46180498600006104,0.4652769863605499,0.45833298563957214,0.45833298563957214,0.35420408844947815,172800
2010-11-17,0.45486098527908325,0.45486098527908325,0.45486098527908325,0.45486098527908325,0.3515208661556244,5760
2010-11-18,0.45486098527908325,0.45486098527908325,0.45486098527908325,0.45486098527908325,0.3515208661556244,0
2010-11-19,0.46180498600006104,0.46180498600006104,0.46180498600006104,0.46180498600006104,0.35688725113868713,144000
2010-11-22,0.4652769863605499,0.4652769863605499,0.4652769863605499,0.4652769863605499,0.3595704436302185,17280
2010-11-23,0.4652769863605499,0.4652769863605499,0.4652769863605499,0.4652769863605499,0.3595704436302185,86400
2010-11-24,0.5486109852790833,0.5486109852790833,0.4791660010814667,0.4791660010814667,0.37030401825904846,0
2010-11-25,0.48958298563957214,0.48958298563957214,0.4652769863605499,0.4652769863605499,0.3595704436302185,0
2010-11-26,0.49305498600006104,0.49305498600006104,0.49305498600006104,0.49305498600006104,0.38103753328323364,11520
2010-11-29,0.5520830154418945,0.5520830154418945,0.5104159712791443,0.5104159712791443,0.39445430040359497,0
2010-11-30,0.5104159712791443,0.5104159712791443,0.5104159712791443,0.5104159712791443,0.39445430040359497,40320
2010-12-01,0.5520830154418945,0.5520830154418945,0.5034719705581665,0.5034719705581665,0.38908788561820984,0
2010-12-02,0.5208330154418945,0.5208330154418945,0.4965269863605499,0.4965269863605499,0.3837207555770874,0
2010-12-03,0.5173609852790833,0.5173609852790833,0.5173609852790833,0.5173609852790833,0.3998214900493622,11520
2010-12-06,0.5208330154418945,0.5208330154418945,0.5208330154418945,0.5208330154418945,0.40250468254089355,28800
2010-12-07,0.5034719705581665,0.5034719705581665,0.46875,0.46875,0.36225444078445435,0
2010-12-08,0.5277770161628723,0.7291659712791443,0.5277770161628723,0.5972219705581665,0.46153882145881653,1460160
2010-12-09,0.5972219705581665,0.680554986000061,0.5625,0.65625,0.5071561932563782,1317888
2010-12-10,0.6597219705581665,0.6597219705581665,0.6111109852790833,0.6597219705581665,0.5098393559455872,92160
2010-12-13,0.649304986000061,0.6597219705581665,0.6354159712791443,0.6597219705581665,0.5098393559455872,97920
2010-12-14,0.6770830154418945,0.6770830154418945,0.6423609852790833,0.6423609852790833,0.4964226484298706,126720
2010-12-15,0.6597219705581665,0.6597219705581665,0.649304986000061,0.6597219705581665,0.5098393559455872,466560
2010-12-16,0.6597219705581665,0.6770830154418945,0.6527770161628723,0.6770830154418945,0.5232561826705933,282240
2010-12-17,0.6840270161628723,0.6909719705581665,0.6770830154418945,0.6909719705581665,0.5339896082878113,478080
2010-12-20,0.6909719705581665,0.6909719705581665,0.6909719705581665,0.6909719705581665,0.5339896082878113,0
2010-12-21,0.6909719705581665,0.6909719705581665,0.6909719705581665,0.6909719705581665,0.5339896082878113,0
2010-12-22,0.6631940007209778,0.6631940007209778,0.625,0.649304986000061,0.5017890334129333,57600
2010-12-23,0.649304986000061,0.649304986000061,0.649304986000061,0.649304986000061,0.5017890334129333,0
2010-12-24,0.649304986000061,0.649304986000061,0.649304986000061,0.649304986000061,0.5017890334129333,0
2010-12-28,0.649304986000061,0.649304986000061,0.649304986000061,0.649304986000061,0.5017890334129333,0
2010-12-29,0.625,0.625,0.6215270161628723,0.6215270161628723,0.4803219437599182,40320
2010-12-30,0.5833330154418945,0.5833330154418945,0.555554986000061,0.555554986000061,0.42933809757232666,391680
2010-12-31,0.5625,0.5625,0.5625,0.5625,0.43470534682273865,11520
2011-01-03,0.5625,0.5625,0.5625,0.5625,0.43470534682273865,23040
2011-01-04,0.5625,0.5625,0.5625,0.5625,0.43470534682273865,0
2011-01-05,0.5277770161628723,0.5625,0.5277770161628723,0.5625,0.43470534682273865,40320
2011-01-06,0.5625,0.5625,0.5625,0.5625,0.43470534682273865,34560
2011-01-07,0.5381940007209778,0.555554986000061,0.5381940007209778,0.555554986000061,0.42933809757232666,11520
2011-01-10,0.555554986000061,0.555554986000061,0.555554986000061,0.555554986000061,0.42933809757232666,0
2011-01-11,0.5694440007209778,0.5694440007209778,0.5625,0.5625,0.43470534682273865,97920
2011-01-12,0.5625,0.5625,0.5625,0.5625,0.43470534682273865,0
2011-01-13,0.5416659712791443,0.5625,0.5416659712791443,0.5625,0.43470534682273865,69120
2011-01-14,0.5381940007209778,0.5381940007209778,0.5381940007209778,0.5381940007209778,0.4159214496612549,5760
2011-01-17,0.5381940007209778,0.555554986000061,0.5277770161628723,0.555554986000061,0.42933809757232666,34560
2011-01-18,0.5729159712791443,0.586804986000061,0.5729159712791443,0.586804986000061,0.4534884989261627,17280
2011-01-19,0.586804986000061,0.586804986000061,0.586804986000061,0.586804986000061,0.4534884989261627,0
2011-01-20,0.5798609852790833,0.5798609852790833,0.5798609852790833,0.5798609852790833,0.4481220841407776,17280
2011-01-21,0.5798609852790833,0.5798609852790833,0.5798609852790833,0.5798609852790833,0.4481220841407776,0
2011-01-24,0.5798609852790833,0.5798609852790833,0.5798609852790833,0.5798609852790833,0.4481220841407776,0
2011-01-25,0.5381940007209778,0.5381940007209778,0.5381940007209778,0.5381940007209778,0.4159214496612549,288000
2011-01-26,0.5798609852790833,0.5902770161628723,0.5798609852790833,0.5902770161628723,0.4561716914176941,184320
2011-01-27,0.5902770161628723,0.5902770161628723,0.5902770161628723,0.5902770161628723,0.4561716914176941,86400
2011-01-28,0.5902770161628723,0.5902770161628723,0.5902770161628723,0.5902770161628723,0.4561716914176941,0
2011-01-31,0.5902770161628723,0.5902770161628723,0.5902770161628723,0.5902770161628723,0.4561716914176941,0
2011-02-01,0.5902770161628723,0.5902770161628723,0.5902770161628723,0.5902770161628723,0.4561716914176941,0
2011-02-02,0.5902770161628723,0.5902770161628723,0.5902770161628723,0.5902770161628723,0.4561716914176941,0
2011-02-07,0.5902770161628723,0.5902770161628723,0.5902770161628723,0.5902770161628723,0.4561716914176941,0
2011-02-08,0.5902770161628723,0.5902770161628723,0.5902770161628723,0.5902770161628723,0.4561716914176941,0
2011-02-09,0.5763880014419556,0.5763880014419556,0.5763880014419556,0.5763880014419556,0.44543811678886414,5760
2011-02-10,0.5763880014419556,0.59375,0.5763880014419556,0.59375,0.45885562896728516,132480
2011-02-11,0.59375,0.59375,0.59375,0.59375,0.45885562896728516,138240
2011-02-14,0.59375,0.59375,0.59375,0.59375,0.45885562896728516,0
2011-02-15,0.5833330154418945,0.5833330154418945,0.555554986000061,0.555554986000061,0.42933809757232666,17280
2011-02-16,0.5416659712791443,0.5416659712791443,0.5416659712791443,0.5416659712791443,0.4186045527458191,5760
2011-02-17,0.5416659712791443,0.555554986000061,0.5416659712791443,0.555554986000061,0.42933809757232666,74880
2011-02-18,0.555554986000061,0.555554986000061,0.555554986000061,0.555554986000061,0.42933809757232666,0
2011-02-21,0.555554986000061,0.555554986000061,0.555554986000061,0.555554986000061,0.42933809757232666,0
2011-02-22,0.5381940007209778,0.5381940007209778,0.5381940007209778,0.5381940007209778,0.4159214496612549,5760
2011-02-23,0.5381940007209778,0.5381940007209778,0.5381940007209778,0.5381940007209778,0.4159214496612549,0
2011-02-24,0.5381940007209778,0.555554986000061,0.5381940007209778,0.5486109852790833,0.4239717423915863,86400
2011-02-25,0.555554986000061,0.5659719705581665,0.5520830154418945,0.5520830154418945,0.42665499448776245,103680
2011-02-28,0.5833330154418945,0.5833330154418945,0.5833330154418945,0.5833330154418945,0.45080530643463135,40320
2011-03-01,0.5972219705581665,0.6076380014419556,0.586804986000061,0.5972219705581665,0.46153882145881653,86400
2011-03-02,0.5381940007209778,0.5902770161628723,0.5381940007209778,0.5381940007209778,0.4159214496612549,92160
2011-03-03,0.5486109852790833,0.6076380014419556,0.5486109852790833,0.5486109852790833,0.4239717423915863,11520
2011-03-04,0.5659719705581665,0.5659719705581665,0.5451380014419556,0.5451380014419556,0.42128786444664,14112
2011-03-07,0.5451380014419556,0.5451380014419556,0.5451380014419556,0.5451380014419556,0.42128786444664,0
2011-03-08,0.4479160010814667,0.555554986000061,0.4479160010814667,0.4479160010814667,0.34615376591682434,28800
2011-03-09,0.4479160010814667,0.4479160010814667,0.4479160010814667,0.4479160010814667,0.34615376591682434,0
2011-03-10,0.5486109852790833,0.5590270161628723,0.5486109852790833,0.5486109852790833,0.4239717423915863,180288
2011-03-11,0.5486109852790833,0.5486109852790833,0.5486109852790833,0.5486109852790833,0.4239717423915863,0
2011-03-14,0.5486109852790833,0.5486109852790833,0.5486109852790833,0.5486109852790833,0.4239717423915863,0
2011-03-15,0.5104159712791443,0.5659719705581665,0.5104159712791443,0.5104159712791443,0.39445430040359497,115200
2011-03-16,0.5173609852790833,0.5972219705581665,0.5173609852790833,0.5173609852790833,0.3998214900493622,28800
2011-03-17,0.5173609852790833,0.5173609852790833,0.5173609852790833,0.5173609852790833,0.3998214900493622,0
2011-03-18,0.5173609852790833,0.5173609852790833,0.5173609852790833,0.5173609852790833,0.3998214900493622,0
2011-03-21,0.5173609852790833,0.5173609852790833,0.5173609852790833,0.5173609852790833,0.3998214900493622,0
2011-03-22,0.5694440007209778,0.5694440007209778,0.5694440007209778,0.5694440007209778,0.4400716722011566,34560
2011-03-23,0.555554986000061,0.555554986000061,0.555554986000061,0.555554986000061,0.42933809757232666,57600
2011-03-24,0.555554986000061,0.5729159712791443,0.555554986000061,0.5729159712791443,0.4427548944950104,40320
2011-03-25,0.5729159712791443,0.5729159712791443,0.5729159712791443,0.5729159712791443,0.4427548944950104,0
2011-03-28,0.5902770161628723,0.5902770161628723,0.5902770161628723,0.5902770161628723,0.4561716914176941,17280
2011-03-29,0.5902770161628723,0.5902770161628723,0.5902770161628723,0.5902770161628723,0.4561716914176941,0
2011-03-30,0.5694440007209778,0.5694440007209778,0.5381940007209778,0.5381940007209778,0.4159214496612549,28800
2011-03-31,0.524304986000061,0.5729159712791443,0.524304986000061,0.5729159712791443,0.4427548944950104,11520
2011-04-01,0.5729159712791443,0.5729159712791443,0.5729159712791443,0.5729159712791443,0.4427548944950104,0
2011-04-04,0.5729159712791443,0.5729159712791443,0.5729159712791443,0.5729159712791443,0.4427548944950104,0
2011-04-06,0.5486109852790833,0.5486109852790833,0.5416659712791443,0.5416659712791443,0.4186045527458191,178560
2011-04-07,0.5416659712791443,0.5416659712791443,0.5416659712791443,0.5416659712791443,0.442188024520874,0
2011-04-08,0.5416659712791443,0.5416659712791443,0.5416659712791443,0.5416659712791443,0.442188024520874,0
2011-04-11,0.5416659712791443,0.5416659712791443,0.5416659712791443,0.5416659712791443,0.442188024520874,0
2011-04-12,0.5416659712791443,0.5416659712791443,0.5416659712791443,0.5416659712791443,0.442188024520874,0
2011-04-13,0.5416659712791443,0.5416659712791443,0.5416659712791443,0.5416659712791443,0.442188024520874,0
2011-04-14,0.48263800144195557,0.48263800144195557,0.48263800144195557,0.48263800144195557,0.39400070905685425,28800
2011-04-15,0.49305498600006104,0.49305498600006104,0.48611098527908325,0.49305498600006104,0.402504563331604,299520
2011-04-18,0.49305498600006104,0.49305498600006104,0.49305498600006104,0.49305498600006104,0.402504563331604,86400
2011-04-19,0.49305498600006104,0.49305498600006104,0.49305498600006104,0.49305498600006104,0.402504563331604,0
2011-04-20,0.4722220003604889,0.4722220003604889,0.4652769863605499,0.4652769863605499,0.3798280656337738,86400
2011-04-21,0.45138800144195557,0.4652769863605499,0.45138800144195557,0.4652769863605499,0.3798280656337738,57600
2011-04-26,0.4791660010814667,0.4791660010814667,0.4791660010814667,0.4791660010814667,0.3911663293838501,46080
2011-04-27,0.4791660010814667,0.4965269863605499,0.4791660010814667,0.48611098527908325,0.3968358039855957,97920
2011-04-28,0.48611098527908325,0.48611098527908325,0.48611098527908325,0.48611098527908325,0.3968358039855957,0
2011-04-29,0.4722220003604889,0.4722220003604889,0.45833298563957214,0.45833298563957214,0.3741593360900879,57600
2011-05-03,0.45833298563957214,0.45833298563957214,0.45833298563957214,0.45833298563957214,0.3741593360900879,0
2011-05-04,0.45833298563957214,0.45833298563957214,0.45833298563957214,0.45833298563957214,0.3741593360900879,0
2011-05-05,0.45833298563957214,0.45833298563957214,0.45833298563957214,0.45833298563957214,0.3741593360900879,0
2011-05-06,0.45833298563957214,0.45833298563957214,0.45833298563957214,0.45833298563957214,0.3741593360900879,0
2011-05-09,0.5034719705581665,0.5416659712791443,0.48611098527908325,0.48958298563957214,0.39967018365859985,155520
2011-05-11,0.48611098527908325,0.48611098527908325,0.48611098527908325,0.48611098527908325,0.3968358039855957,28800
2011-05-12,0.48263800144195557,0.48263800144195557,0.48263800144195557,0.48263800144195557,0.39400070905685425,17280
2011-05-13,0.48263800144195557,0.48263800144195557,0.48263800144195557,0.48263800144195557,0.39400070905685425,0
2011-05-16,0.48263800144195557,0.48263800144195557,0.48263800144195557,0.48263800144195557,0.39400070905685425,0
2011-05-17,0.4791660010814667,0.48611098527908325,0.4791660010814667,0.48263800144195557,0.39400070905685425,259200
2011-05-18,0.48263800144195557,0.48263800144195557,0.48263800144195557,0.48263800144195557,0.39400070905685425,0
2011-05-19,0.48263800144195557,0.48263800144195557,0.48263800144195557,0.48263800144195557,0.39400070905685425,0
2011-05-20,0.45486098527908325,0.45486098527908325,0.45486098527908325,0.45486098527908325,0.37132492661476135,11520
2011-05-23,0.4722220003604889,0.4722220003604889,0.4722220003604889,0.4722220003604889,0.3854976296424866,11520
2011-05-24,0.4722220003604889,0.4722220003604889,0.4722220003604889,0.4722220003604889,0.3854976296424866,0
2011-05-25,0.45486098527908325,0.45486098527908325,0.45486098527908325,0.45486098527908325,0.37132492661476135,5760
2011-05-26,0.45486098527908325,0.45486098527908325,0.45486098527908325,0.45486098527908325,0.37132492661476135,0
2011-05-27,0.45138800144195557,0.45138800144195557,0.45138800144195557,0.45138800144195557,0.3684898018836975,60480
2011-05-30,0.45138800144195557,0.45138800144195557,0.45138800144195557,0.45138800144195557,0.3684898018836975,0
2011-05-31,0.48611098527908325,0.5729159712791443,0.48611098527908325,0.5208330154418945,0.425181120634079,564480
2011-06-01,0.5729159712791443,0.5729159712791443,0.5659719705581665,0.5729159712791443,0.46769896149635315,149760
2011-06-02,0.5659719705581665,0.5729159712791443,0.555554986000061,0.5729159712791443,0.46769896149635315,547200
2011-06-03,0.5381940007209778,0.5381940007209778,0.5381940007209778,0.5381940007209778,0.4393537640571594,28800
2011-06-07,0.5381940007209778,0.5381940007209778,0.5381940007209778,0.5381940007209778,0.4393537640571594,0
2011-06-08,0.5381940007209778,0.5381940007209778,0.5381940007209778,0.5381940007209778,0.4393537640571594,28800
2011-06-09,0.4756940007209778,0.4756940007209778,0.4756940007209778,0.4756940007209778,0.38833191990852356,5760
2011-06-10,0.5208330154418945,0.5520830154418945,0.5208330154418945,0.5520830154418945,0.45069199800491333,80640
2011-06-13,0.5520830154418945,0.5520830154418945,0.5520830154418945,0.5520830154418945,0.45069199800491333,0
2011-06-14,0.46875,0.46875,0.45138800144195557,0.46180498600006104,0.37699368596076965,34560
2011-06-15,0.46180498600006104,0.46180498600006104,0.46180498600006104,0.46180498600006104,0.37699368596076965,0
2011-06-16,0.46180498600006104,0.46180498600006104,0.46180498600006104,0.46180498600006104,0.37699368596076965,0
2011-06-17,0.46180498600006104,0.46180498600006104,0.46180498600006104,0.46180498600006104,0.37699368596076965,0
2011-06-20,0.4965269863605499,0.4965269863605499,0.4965269863605499,0.4965269863605499,0.40533894300460815,17280
2011-06-21,0.5381940007209778,0.5381940007209778,0.5381940007209778,0.5381940007209778,0.4393537640571594,24192
2011-06-22,0.5381940007209778,0.5451380014419556,0.5173609852790833,0.5451380014419556,0.44502249360084534,109440
2011-06-23,0.5451380014419556,0.5451380014419556,0.5451380014419556,0.5451380014419556,0.44502249360084534,0
2011-06-24,0.5451380014419556,0.5451380014419556,0.5416659712791443,0.5451380014419556,0.44502249360084534,40320
2011-06-27,0.5451380014419556,0.5451380014419556,0.5451380014419556,0.5451380014419556,0.44502249360084534,0
2011-06-28,0.555554986000061,0.555554986000061,0.555554986000061,0.555554986000061,0.4535263180732727,74880
2011-06-29,0.555554986000061,0.555554986000061,0.555554986000061,0.555554986000061,0.4535263180732727,86400
2011-06-30,0.555554986000061,0.555554986000061,0.555554986000061,0.555554986000061,0.4535263180732727,0
2011-07-04,0.48611098527908325,0.48611098527908325,0.48611098527908325,0.48611098527908325,0.3968358039855957,17280
2011-07-05,0.5208330154418945,0.5208330154418945,0.5208330154418945,0.5208330154418945,0.425181120634079,17280
2011-07-06,0.5451380014419556,0.5451380014419556,0.5451380014419556,0.5451380014419556,0.44502249360084534,74880
2011-07-07,0.5451380014419556,0.5451380014419556,0.5451380014419556,0.5451380014419556,0.44502249360084534,0
2011-07-08,0.5451380014419556,0.5451380014419556,0.5451380014419556,0.5451380014419556,0.44502249360084534,0
2011-07-11,0.5451380014419556,0.5451380014419556,0.5451380014419556,0.5451380014419556,0.44502249360084534,0
2011-07-12,0.5451380014419556,0.5451380014419556,0.5451380014419556,0.5451380014419556,0.44502249360084534,0
2011-07-13,0.5451380014419556,0.5451380014419556,0.5451380014419556,0.5451380014419556,0.44502249360084534,0
2011-07-14,0.5208330154418945,0.5208330154418945,0.5208330154418945,0.5208330154418945,0.425181120634079,86400
2011-07-15,0.5208330154418945,0.5208330154418945,0.5208330154418945,0.5208330154418945,0.425181120634079,0
2011-07-18,0.5208330154418945,0.5208330154418945,0.5208330154418945,0.5208330154418945,0.425181120634079,0
2011-07-19,0.5208330154418945,0.5208330154418945,0.5208330154418945,0.5208330154418945,0.425181120634079,5760
2011-07-20,0.5208330154418945,0.5208330154418945,0.5208330154418945,0.5208330154418945,0.425181120634079,0
2011-07-21,0.5208330154418945,0.5208330154418945,0.5208330154418945,0.5208330154418945,0.425181120634079,0
2011-07-22,0.5208330154418945,0.5208330154418945,0.5208330154418945,0.5208330154418945,0.425181120634079,0
2011-07-25,0.5208330154418945,0.5208330154418945,0.5208330154418945,0.5208330154418945,0.425181120634079,0
2011-07-26,0.5208330154418945,0.5208330154418945,0.5208330154418945,0.5208330154418945,0.425181120634079,0
2011-07-27,0.5208330154418945,0.5208330154418945,0.5208330154418945,0.5208330154418945,0.425181120634079,5760
2011-07-28,0.5208330154418945,0.5208330154418945,0.5208330154418945,0.5208330154418945,0.425181120634079,0
2011-07-29,0.5208330154418945,0.5208330154418945,0.5208330154418945,0.5208330154418945,0.425181120634079,0
2011-08-01,0.5208330154418945,0.5208330154418945,0.5208330154418945,0.5208330154418945,0.425181120634079,0
2011-08-02,0.5208330154418945,0.5208330154418945,0.5208330154418945,0.5208330154418945,0.425181120634079,0
2011-08-03,0.5208330154418945,0.5208330154418945,0.5208330154418945,0.5208330154418945,0.425181120634079,0
2011-08-04,0.5208330154418945,0.5208330154418945,0.5208330154418945,0.5208330154418945,0.425181120634079,0
2011-08-05,0.5208330154418945,0.5208330154418945,0.5208330154418945,0.5208330154418945,0.425181120634079,97920
2011-08-08,0.5208330154418945,0.5208330154418945,0.4375,0.4375,0.3571523427963257,92160
2011-08-09,0.46875,0.46875,0.45138800144195557,0.45138800144195557,0.3684898018836975,184320
2011-08-10,0.45138800144195557,0.45138800144195557,0.45138800144195557,0.45138800144195557,0.3684898018836975,0
2011-08-11,0.48263800144195557,0.48263800144195557,0.4444440007209778,0.45138800144195557,0.3684898018836975,483840
2011-08-12,0.45138800144195557,0.45138800144195557,0.45138800144195557,0.45138800144195557,0.3684898018836975,86400
2011-08-15,0.45486098527908325,0.45486098527908325,0.45138800144195557,0.45138800144195557,0.3684898018836975,109440
2011-08-16,0.45138800144195557,0.45138800144195557,0.45138800144195557,0.45138800144195557,0.3684898018836975,23040
2011-08-17,0.45138800144195557,0.45138800144195557,0.45138800144195557,0.45138800144195557,0.3684898018836975,0
2011-08-18,0.45138800144195557,0.45138800144195557,0.45138800144195557,0.45138800144195557,0.3684898018836975,0
2011-08-19,0.45138800144195557,0.45138800144195557,0.45138800144195557,0.45138800144195557,0.3684898018836975,0
2011-08-22,0.45138800144195557,0.45138800144195557,0.45138800144195557,0.45138800144195557,0.3684898018836975,0
2011-08-23,0.45138800144195557,0.45138800144195557,0.45138800144195557,0.45138800144195557,0.3684898018836975,0
2011-08-24,0.45138800144195557,0.45138800144195557,0.45138800144195557,0.45138800144195557,0.3684898018836975,0
2011-08-25,0.45138800144195557,0.45138800144195557,0.45138800144195557,0.45138800144195557,0.3684898018836975,0
2011-08-26,0.45138800144195557,0.45138800144195557,0.45138800144195557,0.45138800144195557,0.3684898018836975,0
2011-08-29,0.45138800144195557,0.45138800144195557,0.45138800144195557,0.45138800144195557,0.3684898018836975,0
2011-08-30,0.45138800144195557,0.45138800144195557,0.45138800144195557,0.45138800144195557,0.3684898018836975,46080
2011-08-31,0.45138800144195557,0.45138800144195557,0.45138800144195557,0.45138800144195557,0.3684898018836975,0
2011-09-01,0.45138800144195557,0.45138800144195557,0.45138800144195557,0.45138800144195557,0.3684898018836975,0
2011-09-02,0.45138800144195557,0.45138800144195557,0.45138800144195557,0.45138800144195557,0.3684898018836975,5760
2011-09-05,0.45138800144195557,0.45138800144195557,0.45138800144195557,0.45138800144195557,0.3684898018836975,0
2011-09-06,0.45138800144195557,0.45138800144195557,0.45138800144195557,0.45138800144195557,0.3684898018836975,0
2011-09-07,0.45138800144195557,0.45138800144195557,0.45138800144195557,0.45138800144195557,0.3684898018836975,0
2011-09-08,0.45138800144195557,0.45138800144195557,0.45138800144195557,0.45138800144195557,0.3684898018836975,0
2011-09-09,0.5034719705581665,0.5173609852790833,0.3819440007209778,0.42361098527908325,0.3458141088485718,276480
2011-09-12,0.42361098527908325,0.42361098527908325,0.42361098527908325,0.42361098527908325,0.3458141088485718,0
2011-09-14,0.42361098527908325,0.42361098527908325,0.42361098527908325,0.42361098527908325,0.3458141088485718,0
2011-09-15,0.42361098527908325,0.42361098527908325,0.42361098527908325,0.42361098527908325,0.3458141088485718,0
2011-09-16,0.42361098527908325,0.42361098527908325,0.42361098527908325,0.42361098527908325,0.3458141088485718,0
2011-09-19,0.4027769863605499,0.4027769863605499,0.4027769863605499,0.4027769863605499,0.3288063108921051,63360
2011-09-20,0.40625,0.40625,0.40625,0.40625,0.33164146542549133,63360
2011-09-21,0.40625,0.40625,0.40625,0.40625,0.33164146542549133,0
2011-09-22,0.3854160010814667,0.4340269863605499,0.3854160010814667,0.3854160010814667,0.31463366746902466,172800
2011-09-23,0.3854160010814667,0.3854160010814667,0.3854160010814667,0.3854160010814667,0.31463366746902466,0
2011-09-26,0.3854160010814667,0.3854160010814667,0.3854160010814667,0.3854160010814667,0.31463366746902466,0
2011-09-27,0.3854160010814667,0.3854160010814667,0.3854160010814667,0.3854160010814667,0.31463366746902466,0
2011-09-28,0.4479160010814667,0.4479160010814667,0.4479160010814667,0.4479160010814667,0.36565548181533813,46080
2011-09-30,0.4479160010814667,0.4479160010814667,0.4479160010814667,0.4479160010814667,0.36565548181533813,0
2011-10-03,0.4479160010814667,0.4479160010814667,0.4479160010814667,0.4479160010814667,0.36565548181533813,0
2011-10-04,0.4479160010814667,0.4479160010814667,0.4479160010814667,0.4479160010814667,0.36565548181533813,0
2011-10-06,0.4479160010814667,0.4479160010814667,0.4479160010814667,0.4479160010814667,0.36565548181533813,0
2011-10-07,0.4479160010814667,0.4479160010814667,0.4479160010814667,0.4479160010814667,0.36565548181533813,0
2011-10-10,0.4479160010814667,0.4479160010814667,0.4479160010814667,0.4479160010814667,0.36565548181533813,0
2011-10-11,0.4479160010814667,0.4479160010814667,0.4479160010814667,0.4479160010814667,0.36565548181533813,0
2011-10-12,0.4479160010814667,0.45833298563957214,0.4166660010814667,0.4444440007209778,0.362821102142334,639360
2011-10-13,0.4166660010814667,0.4340269863605499,0.4166660010814667,0.4166660010814667,0.340144544839859,2499840
2011-10-14,0.46875,0.46875,0.46875,0.46875,0.38266322016716003,11520
2011-10-17,0.48611098527908325,0.555554986000061,0.4722220003604889,0.5034719705581665,0.41100844740867615,224640
2011-10-18,0.48611098527908325,0.48611098527908325,0.48611098527908325,0.48611098527908325,0.3968358039855957,5760
2011-10-19,0.48611098527908325,0.48611098527908325,0.48611098527908325,0.48611098527908325,0.3968358039855957,362880
2011-10-20,0.48611098527908325,0.48611098527908325,0.48611098527908325,0.48611098527908325,0.3968358039855957,0
2011-10-21,0.48611098527908325,0.48611098527908325,0.48611098527908325,0.48611098527908325,0.3968358039855957,0
2011-10-24,0.48611098527908325,0.48611098527908325,0.48611098527908325,0.48611098527908325,0.3968358039855957,0
2011-10-25,0.48611098527908325,0.48611098527908325,0.48611098527908325,0.48611098527908325,0.3968358039855957,0
2011-10-26,0.48611098527908325,0.48611098527908325,0.48611098527908325,0.48611098527908325,0.3968358039855957,0
2011-10-27,0.48611098527908325,0.48611098527908325,0.48611098527908325,0.48611098527908325,0.3968358039855957,0
2011-10-28,0.48611098527908325,0.48611098527908325,0.48611098527908325,0.48611098527908325,0.3968358039855957,0
2011-10-31,0.5208330154418945,0.5208330154418945,0.5208330154418945,0.5208330154418945,0.425181120634079,5760
2011-11-01,0.45138800144195557,0.45138800144195557,0.45138800144195557,0.45138800144195557,0.3684898018836975,11520
2011-11-02,0.45138800144195557,0.45138800144195557,0.45138800144195557,0.45138800144195557,0.3684898018836975,0
2011-11-03,0.45138800144195557,0.45138800144195557,0.45138800144195557,0.45138800144195557,0.3684898018836975,0
2011-11-04,0.42013800144195557,0.42013800144195557,0.4166660010814667,0.4166660010814667,0.340144544839859,391680
2011-11-07,0.4409720003604889,0.45138800144195557,0.42708298563957214,0.42708298563957214,0.34864845871925354,132480
2011-11-08,0.42708298563957214,0.42708298563957214,0.42708298563957214,0.42708298563957214,0.34864845871925354,0
2011-11-09,0.42708298563957214,0.42708298563957214,0.42708298563957214,0.42708298563957214,0.34864845871925354,0
2011-11-10,0.42708298563957214,0.42708298563957214,0.42708298563957214,0.42708298563957214,0.34864845871925354,0
2011-11-11,0.42708298563957214,0.42708298563957214,0.42708298563957214,0.42708298563957214,0.34864845871925354,0
2011-11-14,0.42708298563957214,0.42708298563957214,0.42708298563957214,0.42708298563957214,0.34864845871925354,0
2011-11-15,0.42708298563957214,0.42708298563957214,0.42708298563957214,0.42708298563957214,0.34864845871925354,0
2011-11-16,0.4097220003604889,0.4097220003604889,0.4097220003604889,0.4097220003604889,0.3344758152961731,57600
2011-11-17,0.4340269863605499,0.4479160010814667,0.4166660010814667,0.4166660010814667,0.340144544839859,374400
2011-11-18,0.4340269863605499,0.4340269863605499,0.4166660010814667,0.4340269863605499,0.3543171286582947,201600
2011-11-21,0.42013800144195557,0.42013800144195557,0.4166660010814667,0.4166660010814667,0.340144544839859,120960
2011-11-22,0.4166660010814667,0.42708298563957214,0.4166660010814667,0.4166660010814667,0.340144544839859,414720
2011-11-23,0.4166660010814667,0.42361098527908325,0.4166660010814667,0.4166660010814667,0.340144544839859,213120
2011-11-24,0.4166660010814667,0.4166660010814667,0.4166660010814667,0.4166660010814667,0.340144544839859,0
2011-11-25,0.4166660010814667,0.4166660010814667,0.4166660010814667,0.4166660010814667,0.340144544839859,86400
2011-11-28,0.4166660010814667,0.4166660010814667,0.4166660010814667,0.4166660010814667,0.340144544839859,0
2011-11-29,0.42361098527908325,0.42361098527908325,0.40625,0.40625,0.33164146542549133,201600
2011-11-30,0.4027769863605499,0.4027769863605499,0.38888800144195557,0.39236098527908325,0.32030320167541504,74880
2011-12-01,0.39236098527908325,0.39236098527908325,0.39236098527908325,0.39236098527908325,0.32030320167541504,0
2011-12-02,0.39236098527908325,0.39236098527908325,0.39236098527908325,0.39236098527908325,0.32030320167541504,0
2011-12-05,0.39236098527908325,0.39236098527908325,0.39236098527908325,0.39236098527908325,0.32030320167541504,0
2011-12-06,0.39236098527908325,0.39236098527908325,0.39236098527908325,0.39236098527908325,0.32030320167541504,0
2011-12-07,0.39930498600006104,0.39930498600006104,0.39930498600006104,0.39930498600006104,0.32597193121910095,57600
2011-12-08,0.39930498600006104,0.39930498600006104,0.39930498600006104,0.39930498600006104,0.32597193121910095,0
2011-12-09,0.3472220003604889,0.3784720003604889,0.3472220003604889,0.3784720003604889,0.30896493792533875,5760
2011-12-12,0.3784720003604889,0.3784720003604889,0.3784720003604889,0.3784720003604889,0.30896493792533875,0
2011-12-13,0.3784720003604889,0.3784720003604889,0.3784720003604889,0.3784720003604889,0.30896493792533875,0
2011-12-14,0.3784720003604889,0.3784720003604889,0.3784720003604889,0.3784720003604889,0.30896493792533875,0
2011-12-15,0.3784720003604889,0.3784720003604889,0.3784720003604889,0.3784720003604889,0.30896493792533875,0
2011-12-16,0.3784720003604889,0.3784720003604889,0.3784720003604889,0.3784720003604889,0.30896493792533875,0
2011-12-19,0.3784720003604889,0.3784720003604889,0.3784720003604889,0.3784720003604889,0.30896493792533875,0
2011-12-20,0.3784720003604889,0.3784720003604889,0.3784720003604889,0.3784720003604889,0.30896493792533875,0
2011-12-21,0.3784720003604889,0.3784720003604889,0.3784720003604889,0.3784720003604889,0.30896493792533875,0
2011-12-22,0.3784720003604889,0.3784720003604889,0.3784720003604889,0.3784720003604889,0.30896493792533875,0
2011-12-23,0.3784720003604889,0.3784720003604889,0.3784720003604889,0.3784720003604889,0.30896493792533875,0
2011-12-28,0.3784720003604889,0.3784720003604889,0.3784720003604889,0.3784720003604889,0.30896493792533875,0
2011-12-29,0.3784720003604889,0.3784720003604889,0.3784720003604889,0.3784720003604889,0.30896493792533875,0
2011-12-30,0.3784720003604889,0.3784720003604889,0.3784720003604889,0.3784720003604889,0.30896493792533875,0
2012-01-03,0.3784720003604889,0.3784720003604889,0.3784720003604889,0.3784720003604889,0.30896493792533875,0
2012-01-04,0.3784720003604889,0.3784720003604889,0.3784720003604889,0.3784720003604889,0.30896493792533875,0
2012-01-05,0.3784720003604889,0.3784720003604889,0.3784720003604889,0.3784720003604889,0.30896493792533875,0
2012-01-06,0.3784720003604889,0.3784720003604889,0.3784720003604889,0.3784720003604889,0.30896493792533875,0
2012-01-09,0.3784720003604889,0.3784720003604889,0.3784720003604889,0.3784720003604889,0.30896493792533875,0
2012-01-10,0.3784720003604889,0.3784720003604889,0.3784720003604889,0.3784720003604889,0.30896493792533875,0
2012-01-11,0.3784720003604889,0.3784720003604889,0.3784720003604889,0.3784720003604889,0.30896493792533875,0
2012-01-12,0.3784720003604889,0.3784720003604889,0.3784720003604889,0.3784720003604889,0.30896493792533875,0
2012-01-13,0.3784720003604889,0.3784720003604889,0.3784720003604889,0.3784720003604889,0.30896493792533875,0
2012-01-16,0.3784720003604889,0.3784720003604889,0.3784720003604889,0.3784720003604889,0.30896493792533875,0
2012-01-17,0.3784720003604889,0.3784720003604889,0.3784720003604889,0.3784720003604889,0.30896493792533875,0
2012-01-18,0.3784720003604889,0.3784720003604889,0.3784720003604889,0.3784720003604889,0.30896493792533875,0
2012-01-19,0.3784720003604889,0.3784720003604889,0.3784720003604889,0.3784720003604889,0.30896493792533875,0
2012-01-20,0.3784720003604889,0.3784720003604889,0.3784720003604889,0.3784720003604889,0.30896493792533875,0
2012-01-26,0.3784720003604889,0.3784720003604889,0.3784720003604889,0.3784720003604889,0.30896493792533875,0
2012-01-27,0.3784720003604889,0.3784720003604889,0.3784720003604889,0.3784720003604889,0.30896493792533875,0
2012-01-30,0.3784720003604889,0.3784720003604889,0.3784720003604889,0.3784720003604889,0.30896493792533875,0
2012-01-31,0.3784720003604889,0.3784720003604889,0.3784720003604889,0.3784720003604889,0.30896493792533875,0
2012-02-01,0.3784720003604889,0.3784720003604889,0.3784720003604889,0.3784720003604889,0.30896493792533875,0
2012-02-02,0.3784720003604889,0.3784720003604889,0.3784720003604889,0.3784720003604889,0.30896493792533875,0
2012-02-03,0.3784720003604889,0.3784720003604889,0.3784720003604889,0.3784720003604889,0.30896493792533875,0
2012-02-06,0.3784720003604889,0.3784720003604889,0.3784720003604889,0.3784720003604889,0.30896493792533875,0
2012-02-07,0.3784720003604889,0.3784720003604889,0.3784720003604889,0.3784720003604889,0.30896493792533875,0
2012-02-08,0.42013800144195557,0.42013800144195557,0.42013800144195557,0.42013800144195557,0.34297892451286316,57600
2012-02-09,0.42013800144195557,0.42013800144195557,0.42013800144195557,0.42013800144195557,0.34297892451286316,0
2012-02-10,0.42013800144195557,0.42013800144195557,0.42013800144195557,0.42013800144195557,0.34297892451286316,0
2012-02-13,0.42013800144195557,0.42013800144195557,0.42013800144195557,0.42013800144195557,0.34297892451286316,0
2012-02-14,0.42013800144195557,0.42013800144195557,0.42013800144195557,0.42013800144195557,0.34297892451286316,0
2012-02-15,0.42013800144195557,0.42013800144195557,0.42013800144195557,0.42013800144195557,0.34297892451286316,0
2012-02-16,0.42013800144195557,0.42013800144195557,0.42013800144195557,0.42013800144195557,0.34297892451286316,0
2012-02-17,0.43055498600006104,0.43055498600006104,0.43055498600006104,0.43055498600006104,0.3514828085899353,34560
2012-02-20,0.43055498600006104,0.43055498600006104,0.43055498600006104,0.43055498600006104,0.3514828085899353,0
2012-02-21,0.43055498600006104,0.43055498600006104,0.43055498600006104,0.43055498600006104,0.3514828085899353,0
2012-02-22,0.43055498600006104,0.43055498600006104,0.43055498600006104,0.43055498600006104,0.3514828085899353,0
2012-02-23,0.43055498600006104,0.43055498600006104,0.43055498600006104,0.43055498600006104,0.3514828085899353,0
2012-02-24,0.43055498600006104,0.43055498600006104,0.43055498600006104,0.43055498600006104,0.3514828085899353,0
2012-02-27,0.3854160010814667,0.39930498600006104,0.3819440007209778,0.3819440007209778,0.3117993175983429,766080
2012-02-28,0.3819440007209778,0.3819440007209778,0.3819440007209778,0.3819440007209778,0.3117993175983429,0
2012-02-29,0.4131940007209778,0.4166660010814667,0.39930498600006104,0.39930498600006104,0.32597193121910095,57600
2012-03-01,0.3854160010814667,0.38888800144195557,0.3819440007209778,0.38888800144195557,0.3174680173397064,23040
2012-03-02,0.38888800144195557,0.38888800144195557,0.38888800144195557,0.38888800144195557,0.3174680173397064,0
2012-03-05,0.38888800144195557,0.38888800144195557,0.38888800144195557,0.38888800144195557,0.3174680173397064,0
2012-03-06,0.38888800144195557,0.38888800144195557,0.38888800144195557,0.38888800144195557,0.3174680173397064,0
2012-03-07,0.38888800144195557,0.38888800144195557,0.38888800144195557,0.38888800144195557,0.3174680173397064,0
2012-03-08,0.39930498600006104,0.4027769863605499,0.39930498600006104,0.4027769863605499,0.3288063108921051,17280
2012-03-09,0.4027769863605499,0.4027769863605499,0.4027769863605499,0.4027769863605499,0.3288063108921051,0
2012-03-12,0.4027769863605499,0.4027769863605499,0.4027769863605499,0.4027769863605499,0.3288063108921051,0
2012-03-13,0.4027769863605499,0.4027769863605499,0.4027769863605499,0.4027769863605499,0.3288063108921051,0
2012-03-14,0.4027769863605499,0.4027769863605499,0.4027769863605499,0.4027769863605499,0.3288063108921051,0
2012-03-15,0.4027769863605499,0.4027769863605499,0.4027769863605499,0.4027769863605499,0.3288063108921051,0
2012-03-16,0.4027769863605499,0.4027769863605499,0.4027769863605499,0.4027769863605499,0.3288063108921051,0
2012-03-20,0.4027769863605499,0.4027769863605499,0.4027769863605499,0.4027769863605499,0.3288063108921051,0
2012-03-21,0.4027769863605499,0.4027769863605499,0.4027769863605499,0.4027769863605499,0.3288063108921051,0
2012-03-22,0.4027769863605499,0.4027769863605499,0.4027769863605499,0.4027769863605499,0.3288063108921051,0
2012-03-23,0.4027769863605499,0.4027769863605499,0.4027769863605499,0.4027769863605499,0.3288063108921051,0
2012-03-26,0.4027769863605499,0.4027769863605499,0.4027769863605499,0.4027769863605499,0.3288063108921051,0
2012-03-27,0.4027769863605499,0.4027769863605499,0.4027769863605499,0.4027769863605499,0.3288063108921051,0
2012-03-28,0.4027769863605499,0.4027769863605499,0.4027769863605499,0.4027769863605499,0.3288063108921051,0
2012-03-29,0.4027769863605499,0.4027769863605499,0.4027769863605499,0.4027769863605499,0.3288063108921051,0
2012-03-30,0.3541660010814667,0.3541660010814667,0.3541660010814667,0.3541660010814667,0.2891228199005127,103680
2012-04-02,0.3541660010814667,0.3541660010814667,0.3541660010814667,0.3541660010814667,0.2891228199005127,0
2012-04-03,0.39930498600006104,0.39930498600006104,0.3819440007209778,0.38888800144195557,0.3174680173397064,97920
2012-04-05,0.39930498600006104,0.39930498600006104,0.39930498600006104,0.39930498600006104,0.32597193121910095,241920
2012-04-10,0.39930498600006104,0.39930498600006104,0.39930498600006104,0.39930498600006104,0.32597193121910095,0
2012-04-11,0.39930498600006104,0.39930498600006104,0.39930498600006104,0.39930498600006104,0.32597193121910095,0
2012-04-12,0.39930498600006104,0.39930498600006104,0.39930498600006104,0.39930498600006104,0.32597193121910095,0
2012-04-13,0.39930498600006104,0.39930498600006104,0.39930498600006104,0.39930498600006104,0.32597193121910095,0
2012-04-16,0.39930498600006104,0.39930498600006104,0.39930498600006104,0.39930498600006104,0.32597193121910095,0
2012-04-17,0.39930498600006104,0.39930498600006104,0.39930498600006104,0.39930498600006104,0.32597193121910095,0
2012-04-18,0.39930498600006104,0.39930498600006104,0.39930498600006104,0.39930498600006104,0.32597193121910095,0
2012-04-19,0.39930498600006104,0.39930498600006104,0.39930498600006104,0.39930498600006104,0.32597193121910095,0
2012-04-20,0.39930498600006104,0.39930498600006104,0.39930498600006104,0.39930498600006104,0.32597193121910095,0
2012-04-23,0.39930498600006104,0.39930498600006104,0.39930498600006104,0.39930498600006104,0.32597193121910095,0
2012-04-24,0.39930498600006104,0.39930498600006104,0.39930498600006104,0.39930498600006104,0.32597193121910095,0
2012-04-25,0.39930498600006104,0.39930498600006104,0.39930498600006104,0.39930498600006104,0.32597193121910095,0
2012-04-26,0.39930498600006104,0.39930498600006104,0.39930498600006104,0.39930498600006104,0.32597193121910095,0
2012-04-27,0.39930498600006104,0.39930498600006104,0.39930498600006104,0.39930498600006104,0.32597193121910095,0
2012-04-30,0.39930498600006104,0.39930498600006104,0.39930498600006104,0.39930498600006104,0.32597193121910095,0
2012-05-02,0.39930498600006104,0.39930498600006104,0.39930498600006104,0.39930498600006104,0.32597193121910095,0
2012-05-03,0.39930498600006104,0.39930498600006104,0.39930498600006104,0.39930498600006104,0.32597193121910095,0
2012-05-04,0.39930498600006104,0.39930498600006104,0.39930498600006104,0.39930498600006104,0.32597193121910095,0
2012-05-07,0.39930498600006104,0.39930498600006104,0.39930498600006104,0.39930498600006104,0.32597193121910095,0
2012-05-08,0.39930498600006104,0.39930498600006104,0.39930498600006104,0.39930498600006104,0.32597193121910095,0
2012-05-09,0.39930498600006104,0.39930498600006104,0.39930498600006104,0.39930498600006104,0.32597193121910095,0
2012-05-10,0.39930498600006104,0.39930498600006104,0.39930498600006104,0.39930498600006104,0.32597193121910095,0
2012-05-11,0.39930498600006104,0.39930498600006104,0.39930498600006104,0.39930498600006104,0.32597193121910095,0
2012-05-14,0.39930498600006104,0.39930498600006104,0.39930498600006104,0.39930498600006104,0.32597193121910095,0
2012-05-15,0.39930498600006104,0.39930498600006104,0.39930498600006104,0.39930498600006104,0.32597193121910095,0
2012-05-16,0.39930498600006104,0.39930498600006104,0.39930498600006104,0.38888800144195557,0.3174680173397064,28800
2012-05-17,0.38888800144195557,0.38888800144195557,0.38888800144195557,0.38888800144195557,0.3174680173397064,0
2012-05-18,0.38888800144195557,0.38888800144195557,0.38888800144195557,0.38888800144195557,0.3174680173397064,0
2012-05-21,0.3402769863605499,0.36458298563957214,0.3402769863605499,0.36458298563957214,0.29762667417526245,23040
2012-05-22,0.36458298563957214,0.36458298563957214,0.36458298563957214,0.36458298563957214,0.29762667417526245,0
2012-05-23,0.36458298563957214,0.36458298563957214,0.36458298563957214,0.36458298563957214,0.29762667417526245,0
2012-05-24,0.3472220003604889,0.3472220003604889,0.3402769863605499,0.3402769863605499,0.2777844965457916,132480
2012-05-25,0.3402769863605499,0.3402769863605499,0.3402769863605499,0.3402769863605499,0.2777844965457916,0
2012-05-28,0.3402769863605499,0.3402769863605499,0.3402769863605499,0.3402769863605499,0.2777844965457916,0
2012-05-29,0.3402769863605499,0.3402769863605499,0.3402769863605499,0.3402769863605499,0.2777844965457916,0
2012-05-30,0.3402769863605499,0.3402769863605499,0.3402769863605499,0.3402769863605499,0.2777844965457916,0
2012-05-31,0.3402769863605499,0.3402769863605499,0.3402769863605499,0.3402769863605499,0.2777844965457916,0
2012-06-01,0.3402769863605499,0.3402769863605499,0.3402769863605499,0.3402769863605499,0.2777844965457916,0
2012-06-04,0.3402769863605499,0.3402769863605499,0.3402769863605499,0.3402769863605499,0.2777844965457916,0
2012-06-05,0.3402769863605499,0.3402769863605499,0.3402769863605499,0.3402769863605499,0.2777844965457916,0
2012-06-06,0.3402769863605499,0.3402769863605499,0.3402769863605499,0.3402769863605499,0.2777844965457916,0
2012-06-07,0.3402769863605499,0.3402769863605499,0.3402769863605499,0.3402769863605499,0.2777844965457916,0
2012-06-08,0.3402769863605499,0.3402769863605499,0.3402769863605499,0.3402769863605499,0.2777844965457916,0
2012-06-11,0.3402769863605499,0.3402769863605499,0.3402769863605499,0.3402769863605499,0.2777844965457916,0
2012-06-12,0.3715269863605499,0.3715269863605499,0.3715269863605499,0.3715269863605499,0.30329540371894836,11520
2012-06-13,0.3715269863605499,0.3715269863605499,0.3715269863605499,0.3715269863605499,0.30329540371894836,0
2012-06-14,0.3715269863605499,0.3715269863605499,0.3715269863605499,0.3715269863605499,0.30329540371894836,0
2012-06-15,0.3715269863605499,0.3715269863605499,0.3715269863605499,0.3715269863605499,0.30329540371894836,0
2012-06-18,0.3715269863605499,0.3715269863605499,0.3715269863605499,0.3715269863605499,0.30329540371894836,0
2012-06-19,0.3715269863605499,0.3715269863605499,0.3715269863605499,0.3715269863605499,0.30329540371894836,0
2012-06-20,0.3715269863605499,0.3715269863605499,0.3715269863605499,0.3715269863605499,0.30329540371894836,0
2012-06-21,0.3715269863605499,0.3715269863605499,0.3715269863605499,0.3715269863605499,0.30329540371894836,0
2012-06-22,0.3715269863605499,0.3715269863605499,0.3715269863605499,0.3715269863605499,0.30329540371894836,0
2012-06-25,0.3715269863605499,0.3715269863605499,0.3715269863605499,0.3715269863605499,0.30329540371894836,0
2012-06-26,0.3715269863605499,0.3715269863605499,0.3715269863605499,0.3715269863605499,0.30329540371894836,0
2012-06-27,0.3715269863605499,0.3715269863605499,0.3715269863605499,0.3715269863605499,0.30329540371894836,0
2012-06-28,0.3715269863605499,0.3715269863605499,0.3715269863605499,0.3715269863605499,0.30329540371894836,0
2012-06-29,0.3715269863605499,0.3715269863605499,0.3715269863605499,0.3715269863605499,0.30329540371894836,0
2012-07-03,0.3715269863605499,0.3715269863605499,0.3715269863605499,0.3715269863605499,0.30329540371894836,0
2012-07-04,0.3715269863605499,0.3715269863605499,0.3715269863605499,0.3715269863605499,0.30329540371894836,0
2012-07-05,0.3715269863605499,0.3715269863605499,0.3715269863605499,0.3715269863605499,0.30329540371894836,0
2012-07-06,0.3715269863605499,0.3715269863605499,0.3715269863605499,0.3715269863605499,0.30329540371894836,0
2012-07-09,0.3715269863605499,0.3715269863605499,0.3715269863605499,0.3715269863605499,0.30329540371894836,0
2012-07-10,0.3715269863605499,0.3715269863605499,0.3715269863605499,0.3715269863605499,0.30329540371894836,0
2012-07-11,0.3715269863605499,0.3715269863605499,0.3715269863605499,0.3715269863605499,0.30329540371894836,0
2012-07-12,0.3715269863605499,0.3715269863605499,0.3715269863605499,0.3715269863605499,0.30329540371894836,0
2012-07-13,0.3715269863605499,0.3715269863605499,0.3715269863605499,0.3715269863605499,0.30329540371894836,0
2012-07-16,0.3715269863605499,0.3715269863605499,0.3715269863605499,0.3715269863605499,0.30329540371894836,0
2012-07-17,0.3229160010814667,0.3229160010814667,0.3229160010814667,0.3472220003604889,0.2834540605545044,23040
2012-07-18,0.3472220003604889,0.3472220003604889,0.3472220003604889,0.3472220003604889,0.2834540605545044,0
2012-07-19,0.3472220003604889,0.3472220003604889,0.3472220003604889,0.3472220003604889,0.2834540605545044,0
2012-07-20,0.3472220003604889,0.3472220003604889,0.3472220003604889,0.3472220003604889,0.2834540605545044,0
2012-07-23,0.3472220003604889,0.3472220003604889,0.3472220003604889,0.3472220003604889,0.2834540605545044,0
2012-07-24,0.3472220003604889,0.3472220003604889,0.3472220003604889,0.3472220003604889,0.2834540605545044,0
2012-07-25,0.3472220003604889,0.3472220003604889,0.3472220003604889,0.3472220003604889,0.2834540605545044,0
2012-07-26,0.3472220003604889,0.3472220003604889,0.3472220003604889,0.3472220003604889,0.2834540605545044,0
2012-07-27,0.3472220003604889,0.3472220003604889,0.3472220003604889,0.3472220003604889,0.2834540605545044,0
2012-07-30,0.3472220003604889,0.3472220003604889,0.3472220003604889,0.3472220003604889,0.2834540605545044,0
2012-07-31,0.3472220003604889,0.3472220003604889,0.3472220003604889,0.3472220003604889,0.2834540605545044,0
2012-08-01,0.3472220003604889,0.3472220003604889,0.3472220003604889,0.3472220003604889,0.2834540605545044,0
2012-08-02,0.3472220003604889,0.3472220003604889,0.3472220003604889,0.3472220003604889,0.2834540605545044,0
2012-08-03,0.3472220003604889,0.3472220003604889,0.3472220003604889,0.3472220003604889,0.2834540605545044,0
2012-08-06,0.3472220003604889,0.3472220003604889,0.3472220003604889,0.3472220003604889,0.2834540605545044,0
2012-08-07,0.3472220003604889,0.3472220003604889,0.3472220003604889,0.3472220003604889,0.2834540605545044,0
2012-08-08,0.3472220003604889,0.3472220003604889,0.3472220003604889,0.3472220003604889,0.2834540605545044,0
2012-08-09,0.3472220003604889,0.3472220003604889,0.3472220003604889,0.3472220003604889,0.2834540605545044,0
2012-08-10,0.3472220003604889,0.3472220003604889,0.3472220003604889,0.3472220003604889,0.2834540605545044,0
2012-08-13,0.3472220003604889,0.3472220003604889,0.3472220003604889,0.3472220003604889,0.2834540605545044,0
2012-08-14,0.3472220003604889,0.3472220003604889,0.3472220003604889,0.3472220003604889,0.2834540605545044,0
2012-08-15,0.3125,0.3125,0.3125,0.32986098527908325,0.26928141713142395,17280
2012-08-16,0.32986098527908325,0.32986098527908325,0.32986098527908325,0.32986098527908325,0.26928141713142395,0
2012-08-17,0.32986098527908325,0.32986098527908325,0.32986098527908325,0.32986098527908325,0.26928141713142395,0
2012-08-20,0.32986098527908325,0.32986098527908325,0.32986098527908325,0.32986098527908325,0.26928141713142395,0
2012-08-21,0.32986098527908325,0.32986098527908325,0.32986098527908325,0.32986098527908325,0.26928141713142395,0
2012-08-22,0.32986098527908325,0.32986098527908325,0.32986098527908325,0.32986098527908325,0.26928141713142395,0
2012-08-23,0.32986098527908325,0.32986098527908325,0.32986098527908325,0.32986098527908325,0.26928141713142395,0
2012-08-24,0.32986098527908325,0.32986098527908325,0.32986098527908325,0.32986098527908325,0.26928141713142395,0
2012-08-27,0.32986098527908325,0.32986098527908325,0.32986098527908325,0.32986098527908325,0.26928141713142395,0
2012-08-28,0.32986098527908325,0.32986098527908325,0.32986098527908325,0.32986098527908325,0.26928141713142395,0
2012-08-29,0.32986098527908325,0.32986098527908325,0.32986098527908325,0.32986098527908325,0.26928141713142395,0
2012-08-30,0.32986098527908325,0.32986098527908325,0.32986098527908325,0.32986098527908325,0.26928141713142395,0
2012-08-31,0.32986098527908325,0.32986098527908325,0.32986098527908325,0.32986098527908325,0.26928141713142395,0
2012-09-03,0.32986098527908325,0.32986098527908325,0.32986098527908325,0.32986098527908325,0.26928141713142395,0
2012-09-04,0.32986098527908325,0.32986098527908325,0.32986098527908325,0.32986098527908325,0.26928141713142395,0
2012-09-05,0.32986098527908325,0.32986098527908325,0.32986098527908325,0.32986098527908325,0.26928141713142395,0
2012-09-06,0.32986098527908325,0.32986098527908325,0.32986098527908325,0.32986098527908325,0.26928141713142395,0
2012-09-07,0.32986098527908325,0.32986098527908325,0.32986098527908325,0.32986098527908325,0.26928141713142395,0
2012-09-10,0.38888800144195557,0.49305498600006104,0.38888800144195557,0.43055498600006104,0.3514828085899353,190080
2012-09-11,0.3541660010814667,0.3819440007209778,0.34375,0.36458298563957214,0.29762667417526245,230400
2012-09-12,0.33680498600006104,0.34375,0.3159720003604889,0.34375,0.28061971068382263,115200
2012-09-13,0.32986098527908325,0.32986098527908325,0.32986098527908325,0.32986098527908325,0.26928141713142395,46080
2012-09-14,0.32986098527908325,0.32986098527908325,0.32986098527908325,0.32986098527908325,0.26928141713142395,0
2012-09-17,0.3472220003604889,0.3819440007209778,0.3472220003604889,0.3819440007209778,0.3117993175983429,144000
2012-09-18,0.36111098527908325,0.3819440007209778,0.3472220003604889,0.34375,0.28061971068382263,288000
2012-09-19,0.34375,0.34375,0.34375,0.34375,0.28061971068382263,31104
2012-09-20,0.34375,0.34375,0.34375,0.34375,0.28061971068382263,0
2012-09-21,0.34375,0.34375,0.34375,0.34375,0.28061971068382263,0
2012-09-24,0.3194440007209778,0.3194440007209778,0.3194440007209778,0.3194440007209778,0.2607775628566742,172800
2012-09-25,0.3194440007209778,0.3194440007209778,0.3194440007209778,0.3194440007209778,0.2607775628566742,0
2012-09-26,0.3194440007209778,0.3194440007209778,0.3194440007209778,0.3194440007209778,0.2607775628566742,0
2012-09-27,0.3194440007209778,0.3194440007209778,0.3194440007209778,0.3194440007209778,0.2607775628566742,0
2012-09-28,0.3125,0.3125,0.30208298563957214,0.30208298563957214,0.24660491943359375,167040
2012-10-03,0.30208298563957214,0.30208298563957214,0.30208298563957214,0.30208298563957214,0.24660491943359375,0
2012-10-04,0.29513800144195557,0.29513800144195557,0.29513800144195557,0.30208298563957214,0.24660491943359375,63360
2012-10-05,0.30208298563957214,0.30208298563957214,0.30208298563957214,0.30208298563957214,0.24660491943359375,0
2012-10-08,0.30208298563957214,0.30208298563957214,0.30208298563957214,0.30208298563957214,0.24660491943359375,0
2012-10-09,0.30208298563957214,0.30208298563957214,0.30208298563957214,0.30208298563957214,0.24660491943359375,0
2012-10-10,0.30208298563957214,0.30208298563957214,0.30208298563957214,0.30208298563957214,0.24660491943359375,0
2012-10-11,0.30208298563957214,0.30208298563957214,0.30208298563957214,0.30208298563957214,0.24660491943359375,0
2012-10-12,0.2881940007209778,0.2881940007209778,0.2881940007209778,0.2881940007209778,0.23526667058467865,28800
2012-10-15,0.28125,0.28125,0.28125,0.28125,0.22959794104099274,149760
2012-10-16,0.2777769863605499,0.27430498600006104,0.27083298563957214,0.27430498600006104,0.22392839193344116,74880
2012-10-17,0.27430498600006104,0.27430498600006104,0.27430498600006104,0.27430498600006104,0.22392839193344116,0
2012-10-18,0.28125,0.28125,0.27430498600006104,0.2777769863605499,0.2267627716064453,216000
2012-10-19,0.29513800144195557,0.29513800144195557,0.29513800144195557,0.29513800144195557,0.24093538522720337,11520
2012-10-22,0.29513800144195557,0.29513800144195557,0.29513800144195557,0.29513800144195557,0.24093538522720337,0
2012-10-24,0.29513800144195557,0.29513800144195557,0.29513800144195557,0.29513800144195557,0.24093538522720337,0
2012-10-25,0.29513800144195557,0.29513800144195557,0.29513800144195557,0.29513800144195557,0.24093538522720337,0
2012-10-26,0.29513800144195557,0.29513800144195557,0.29513800144195557,0.29513800144195557,0.24093538522720337,0
2012-10-29,0.29513800144195557,0.29513800144195557,0.29513800144195557,0.29513800144195557,0.24093538522720337,0
2012-10-30,0.29513800144195557,0.29513800144195557,0.29513800144195557,0.29513800144195557,0.24093538522720337,0
2012-10-31,0.2847220003604889,0.2847220003604889,0.27430498600006104,0.28125,0.22959794104099274,126720
2012-11-01,0.28125,0.28125,0.28125,0.28125,0.22959794104099274,0
2012-11-02,0.30555498600006104,0.3090269863605499,0.30555498600006104,0.30555498600006104,0.2494392842054367,69120
2012-11-05,0.30555498600006104,0.30555498600006104,0.30555498600006104,0.30555498600006104,0.2494392842054367,115200
2012-11-06,0.30555498600006104,0.3159720003604889,0.3125,0.3159720003604889,0.25794318318367004,69120
2012-11-07,0.3159720003604889,0.3159720003604889,0.3159720003604889,0.3159720003604889,0.25794318318367004,0
2012-11-08,0.2847220003604889,0.29513800144195557,0.2847220003604889,0.29513800144195557,0.24093538522720337,305280
2012-11-09,0.2847220003604889,0.2847220003604889,0.2847220003604889,0.2847220003604889,0.2324322909116745,288000
2012-11-12,0.2847220003604889,0.2847220003604889,0.2847220003604889,0.2847220003604889,0.2324322909116745,0
2012-11-13,0.30208298563957214,0.30208298563957214,0.30208298563957214,0.30208298563957214,0.24660491943359375,570240
2012-11-14,0.30208298563957214,0.30208298563957214,0.30208298563957214,0.30208298563957214,0.24660491943359375,345600
2012-11-15,0.30208298563957214,0.30208298563957214,0.30208298563957214,0.30208298563957214,0.24660491943359375,57600
2012-11-16,0.30208298563957214,0.30208298563957214,0.30208298563957214,0.30208298563957214,0.24660491943359375,0
2012-11-19,0.30208298563957214,0.30208298563957214,0.30208298563957214,0.30208298563957214,0.24660491943359375,115200
2012-11-20,0.30208298563957214,0.30208298563957214,0.30208298563957214,0.29861098527908325,0.243770569562912,57600
2012-11-21,0.29861098527908325,0.29861098527908325,0.29861098527908325,0.29861098527908325,0.243770569562912,0
2012-11-22,0.29861098527908325,0.29861098527908325,0.29861098527908325,0.29861098527908325,0.243770569562912,0
2012-11-23,0.29861098527908325,0.29861098527908325,0.29861098527908325,0.29861098527908325,0.243770569562912,0
2012-11-26,0.29861098527908325,0.29861098527908325,0.29861098527908325,0.29861098527908325,0.243770569562912,0
2012-11-27,0.29861098527908325,0.29861098527908325,0.29861098527908325,0.29861098527908325,0.243770569562912,0
2012-11-28,0.29861098527908325,0.29861098527908325,0.29861098527908325,0.29861098527908325,0.243770569562912,0
2012-11-29,0.29861098527908325,0.29861098527908325,0.29861098527908325,0.29861098527908325,0.243770569562912,0
2012-11-30,0.29861098527908325,0.29861098527908325,0.29861098527908325,0.29861098527908325,0.243770569562912,0
2012-12-03,0.28125,0.28125,0.28125,0.28125,0.22959794104099274,57600
2012-12-04,0.28125,0.28125,0.28125,0.28125,0.22959794104099274,0
2012-12-05,0.28125,0.2881940007209778,0.28125,0.2881940007209778,0.23526667058467865,345600
2012-12-06,0.2847220003604889,0.2847220003604889,0.2847220003604889,0.2847220003604889,0.2324322909116745,576000
2012-12-07,0.28125,0.2881940007209778,0.28125,0.2881940007209778,0.23526667058467865,1094400
2012-12-10,0.2881940007209778,0.2881940007209778,0.2881940007209778,0.2881940007209778,0.23526667058467865,0
2012-12-11,0.2881940007209778,0.2881940007209778,0.2881940007209778,0.2881940007209778,0.23526667058467865,0
2012-12-12,0.2777769863605499,0.28125,0.2777769863605499,0.28125,0.22959794104099274,587520
2012-12-13,0.28125,0.28125,0.28125,0.28125,0.22959794104099274,11520
2012-12-14,0.27430498600006104,0.27430498600006104,0.27430498600006104,0.27430498600006104,0.22392839193344116,1169280
2012-12-17,0.2777769863605499,0.2777769863605499,0.2777769863605499,0.2777769863605499,0.2267627716064453,576000
2012-12-18,0.27430498600006104,0.27430498600006104,0.27430498600006104,0.27430498600006104,0.22392839193344116,241920
2012-12-19,0.27430498600006104,0.27430498600006104,0.27430498600006104,0.27430498600006104,0.22392839193344116,0
2012-12-20,0.27430498600006104,0.27430498600006104,0.27430498600006104,0.27430498600006104,0.22392839193344116,576000
2012-12-21,0.27430498600006104,0.27430498600006104,0.27430498600006104,0.27430498600006104,0.22392839193344116,0
2012-12-24,0.27430498600006104,0.27430498600006104,0.27430498600006104,0.27430498600006104,0.22392839193344116,0
2012-12-27,0.27430498600006104,0.27430498600006104,0.27430498600006104,0.27430498600006104,0.22392839193344116,0
2012-12-28,0.27430498600006104,0.2777769863605499,0.26736098527908325,0.2777769863605499,0.2267627716064453,967680
2012-12-31,0.2777769863605499,0.2777769863605499,0.2777769863605499,0.2777769863605499,0.2267627716064453,0
2013-01-02,0.2777769863605499,0.2777769863605499,0.2777769863605499,0.2777769863605499,0.2267627716064453,0
2013-01-03,0.2777769863605499,0.2777769863605499,0.2777769863605499,0.2777769863605499,0.2267627716064453,0
2013-01-04,0.25,0.27430498600006104,0.24652700126171112,0.2569440007209778,0.2097557783126831,4014720
2013-01-07,0.27430498600006104,0.27430498600006104,0.26388800144195557,0.26736098527908325,0.21825967729091644,725760
2013-01-08,0.26388800144195557,0.26388800144195557,0.26388800144195557,0.26388800144195557,0.21542449295520782,109440
2013-01-09,0.26388800144195557,0.26388800144195557,0.26388800144195557,0.26388800144195557,0.21542449295520782,0
2013-01-10,0.26388800144195557,0.27083298563957214,0.26388800144195557,0.27083298563957214,0.221094012260437,184320
2013-01-11,0.27083298563957214,0.27083298563957214,0.27083298563957214,0.27083298563957214,0.221094012260437,126720
2013-01-14,0.27430498600006104,0.27430498600006104,0.27430498600006104,0.27430498600006104,0.22392839193344116,288000
2013-01-15,0.27430498600006104,0.2777769863605499,0.27430498600006104,0.27430498600006104,0.22392839193344116,213120
2013-01-16,0.27430498600006104,0.27430498600006104,0.27430498600006104,0.27430498600006104,0.22392839193344116,0
2013-01-17,0.27430498600006104,0.27430498600006104,0.27430498600006104,0.27430498600006104,0.22392839193344116,0
2013-01-18,0.2777769863605499,0.28125,0.27430498600006104,0.27430498600006104,0.22392839193344116,149760
2013-01-21,0.27430498600006104,0.27430498600006104,0.27430498600006104,0.27430498600006104,0.22392839193344116,74880
2013-01-22,0.27430498600006104,0.27430498600006104,0.27430498600006104,0.27430498600006104,0.22392839193344116,0
2013-01-23,0.27430498600006104,0.27430498600006104,0.27430498600006104,0.27430498600006104,0.22392839193344116,0
2013-01-24,0.27430498600006104,0.27430498600006104,0.27430498600006104,0.27430498600006104,0.22392839193344116,0
2013-01-25,0.27083298563957214,0.27083298563957214,0.26388800144195557,0.27083298563957214,0.221094012260437,230400
2013-01-28,0.2604160010814667,0.2604160010814667,0.2604160010814667,0.2604160010814667,0.21259015798568726,126720
2013-01-29,0.26736098527908325,0.26736098527908325,0.26736098527908325,0.26736098527908325,0.21825967729091644,28800
2013-01-30,0.26736098527908325,0.26736098527908325,0.26736098527908325,0.26736098527908325,0.21825967729091644,0
2013-01-31,0.26736098527908325,0.26736098527908325,0.26736098527908325,0.26736098527908325,0.21825967729091644,0
2013-02-01,0.26736098527908325,0.26736098527908325,0.26736098527908325,0.26736098527908325,0.21825967729091644,0
2013-02-04,0.26388800144195557,0.27430498600006104,0.26388800144195557,0.26736098527908325,0.21825967729091644,666432
2013-02-05,0.26736098527908325,0.26736098527908325,0.26736098527908325,0.26736098527908325,0.21825967729091644,0
2013-02-06,0.26736098527908325,0.26736098527908325,0.26736098527908325,0.26736098527908325,0.21825967729091644,0
2013-02-07,0.29513800144195557,0.42361098527908325,0.2916660010814667,0.33333298563957214,0.2721157968044281,9046080
2013-02-08,0.3229160010814667,0.3472220003604889,0.3090269863605499,0.3472220003604889,0.2834540605545044,944640
2013-02-14,0.3472220003604889,0.3472220003604889,0.30555498600006104,0.3402769863605499,0.2777844965457916,460800
2013-02-15,0.3402769863605499,0.3402769863605499,0.3402769863605499,0.3402769863605499,0.2777844965457916,0
2013-02-18,0.32638800144195557,0.32638800144195557,0.32638800144195557,0.32638800144195557,0.2664462625980377,57600
2013-02-19,0.3229160010814667,0.3229160010814667,0.30555498600006104,0.30555498600006104,0.2494392842054367,362880
2013-02-20,0.30555498600006104,0.33680498600006104,0.30555498600006104,0.33333298563957214,0.2721157968044281,460800
2013-02-21,0.30555498600006104,0.3159720003604889,0.30555498600006104,0.3159720003604889,0.25794318318367004,207360
2013-02-22,0.29861098527908325,0.30555498600006104,0.29861098527908325,0.30208298563957214,0.24660491943359375,299520
2013-02-25,0.30555498600006104,0.3125,0.30208298563957214,0.30208298563957214,0.24660491943359375,846720
2013-02-26,0.29861098527908325,0.30208298563957214,0.2881940007209778,0.2881940007209778,0.23526667058467865,455040
2013-02-27,0.2881940007209778,0.2881940007209778,0.2881940007209778,0.2881940007209778,0.23526667058467865,0
2013-02-28,0.3159720003604889,0.3159720003604889,0.3159720003604889,0.3159720003604889,0.25794318318367004,5760
2013-03-01,0.32638800144195557,0.32638800144195557,0.30208298563957214,0.30208298563957214,0.24660491943359375,138240
2013-03-04,0.30208298563957214,0.30208298563957214,0.30208298563957214,0.30208298563957214,0.24660491943359375,0
2013-03-05,0.29861098527908325,0.29861098527908325,0.29861098527908325,0.29861098527908325,0.243770569562912,34560
2013-03-06,0.2916660010814667,0.29513800144195557,0.2916660010814667,0.2916660010814667,0.23810099065303802,184320
2013-03-07,0.29513800144195557,0.29513800144195557,0.29513800144195557,0.2916660010814667,0.23810099065303802,57600
2013-03-08,0.2916660010814667,0.2916660010814667,0.2916660010814667,0.2916660010814667,0.23810099065303802,0
2013-03-11,0.29513800144195557,0.29513800144195557,0.2847220003604889,0.2916660010814667,0.23810099065303802,392832
2013-03-12,0.2881940007209778,0.2881940007209778,0.2881940007209778,0.2881940007209778,0.23526667058467865,155520
2013-03-13,0.2881940007209778,0.2881940007209778,0.2881940007209778,0.2881940007209778,0.23526667058467865,0
2013-03-14,0.2881940007209778,0.2881940007209778,0.2881940007209778,0.2881940007209778,0.23526667058467865,0
2013-03-15,0.2881940007209778,0.2881940007209778,0.2881940007209778,0.2881940007209778,0.23526667058467865,0
2013-03-18,0.2777769863605499,0.2777769863605499,0.2777769863605499,0.2777769863605499,0.2267627716064453,17280
2013-03-19,0.2777769863605499,0.2777769863605499,0.2777769863605499,0.2777769863605499,0.2267627716064453,86400
2013-03-20,0.2777769863605499,0.2777769863605499,0.2777769863605499,0.2777769863605499,0.2267627716064453,0
2013-03-21,0.2777769863605499,0.2777769863605499,0.2777769863605499,0.2777769863605499,0.2267627716064453,0
2013-03-22,0.2777769863605499,0.2777769863605499,0.2777769863605499,0.2777769863605499,0.2267627716064453,0
2013-03-25,0.2777769863605499,0.2777769863605499,0.2777769863605499,0.2777769863605499,0.2267627716064453,0
2013-03-26,0.2777769863605499,0.2777769863605499,0.2777769863605499,0.2777769863605499,0.2267627716064453,0
2013-03-27,0.2777769863605499,0.2777769863605499,0.2777769863605499,0.2777769863605499,0.2267627716064453,0
2013-03-28,0.2777769863605499,0.32986098527908325,0.32986098527908325,0.3194440007209778,0.2607775628566742,149760
2013-04-02,0.2916660010814667,0.2916660010814667,0.2916660010814667,0.2916660010814667,0.23810099065303802,80640
2013-04-03,0.2916660010814667,0.2916660010814667,0.2916660010814667,0.2916660010814667,0.23810099065303802,0
2013-04-05,0.2916660010814667,0.2916660010814667,0.2916660010814667,0.2916660010814667,0.23810099065303802,0
2013-04-08,0.2916660010814667,0.2916660010814667,0.2916660010814667,0.2916660010814667,0.23810099065303802,0
2013-04-09,0.2916660010814667,0.2916660010814667,0.2916660010814667,0.2916660010814667,0.23810099065303802,0
2013-04-10,0.2916660010814667,0.2916660010814667,0.2916660010814667,0.2916660010814667,0.23810099065303802,0
2013-04-11,0.27430498600006104,0.29513800144195557,0.27430498600006104,0.2777769863605499,0.2267627716064453,184320
2013-04-12,0.2777769863605499,0.2777769863605499,0.2777769863605499,0.2777769863605499,0.2267627716064453,0
2013-04-15,0.2777769863605499,0.2777769863605499,0.2777769863605499,0.2777769863605499,0.2267627716064453,0
2013-04-16,0.2881940007209778,0.29861098527908325,0.2881940007209778,0.2881940007209778,0.23526667058467865,69120
2013-04-17,0.29513800144195557,0.29513800144195557,0.29513800144195557,0.29513800144195557,0.24093538522720337,144000
2013-04-18,0.29513800144195557,0.29513800144195557,0.29513800144195557,0.29513800144195557,0.24093538522720337,57600
2013-04-19,0.29513800144195557,0.29513800144195557,0.29513800144195557,0.29513800144195557,0.24093538522720337,86400
2013-04-22,0.29513800144195557,0.29513800144195557,0.29513800144195557,0.29513800144195557,0.24093538522720337,0
2013-04-23,0.29513800144195557,0.29513800144195557,0.29513800144195557,0.29513800144195557,0.24093538522720337,86400
2013-04-24,0.29513800144195557,0.29513800144195557,0.29513800144195557,0.29513800144195557,0.24093538522720337,0
2013-04-25,0.29513800144195557,0.29513800144195557,0.29513800144195557,0.29513800144195557,0.24093538522720337,0
2013-04-26,0.29513800144195557,0.29513800144195557,0.29513800144195557,0.29513800144195557,0.24093538522720337,40320
2013-04-29,0.29861098527908325,0.29861098527908325,0.2777769863605499,0.28125,0.22959794104099274,345600
2013-04-30,0.28125,0.28125,0.28125,0.28125,0.22959794104099274,0
2013-05-02,0.29861098527908325,0.29861098527908325,0.29861098527908325,0.29861098527908325,0.243770569562912,86400
2013-05-03,0.29861098527908325,0.29861098527908325,0.29861098527908325,0.29861098527908325,0.243770569562912,0
2013-05-06,0.29861098527908325,0.29861098527908325,0.29861098527908325,0.29861098527908325,0.243770569562912,0
2013-05-07,0.29861098527908325,0.29861098527908325,0.29861098527908325,0.29861098527908325,0.243770569562912,0
2013-05-08,0.29861098527908325,0.29861098527908325,0.29861098527908325,0.29861098527908325,0.243770569562912,0
2013-05-09,0.29861098527908325,0.29861098527908325,0.29861098527908325,0.29861098527908325,0.243770569562912,0
2013-05-10,0.29861098527908325,0.29861098527908325,0.29861098527908325,0.29861098527908325,0.243770569562912,0
2013-05-13,0.29861098527908325,0.29861098527908325,0.29861098527908325,0.29861098527908325,0.243770569562912,0
2013-05-14,0.29861098527908325,0.29861098527908325,0.29861098527908325,0.29861098527908325,0.243770569562912,0
2013-05-15,0.29861098527908325,0.29861098527908325,0.29861098527908325,0.29861098527908325,0.243770569562912,0
2013-05-16,0.29861098527908325,0.29861098527908325,0.29861098527908325,0.29861098527908325,0.243770569562912,0
2013-05-20,0.29861098527908325,0.29861098527908325,0.29861098527908325,0.29861098527908325,0.243770569562912,0
2013-05-21,0.29861098527908325,0.29861098527908325,0.29861098527908325,0.29861098527908325,0.243770569562912,0
2013-05-22,0.29861098527908325,0.29861098527908325,0.29861098527908325,0.29861098527908325,0.243770569562912,0
2013-05-23,0.29861098527908325,0.29861098527908325,0.29861098527908325,0.29861098527908325,0.243770569562912,0
2013-05-24,0.29861098527908325,0.29861098527908325,0.29861098527908325,0.29861098527908325,0.243770569562912,0
2013-05-27,0.29861098527908325,0.29861098527908325,0.29861098527908325,0.29861098527908325,0.243770569562912,0
2013-05-28,0.29861098527908325,0.29861098527908325,0.29861098527908325,0.29861098527908325,0.243770569562912,0
2013-05-29,0.29861098527908325,0.29861098527908325,0.29861098527908325,0.29861098527908325,0.243770569562912,0
2013-05-30,0.2847220003604889,0.2847220003604889,0.2847220003604889,0.2847220003604889,0.2324322909116745,34560
2013-05-31,0.2847220003604889,0.2847220003604889,0.2847220003604889,0.2847220003604889,0.2324322909116745,0
2013-06-03,0.2847220003604889,0.2847220003604889,0.2847220003604889,0.2847220003604889,0.2324322909116745,0
2013-06-04,0.2847220003604889,0.2847220003604889,0.2847220003604889,0.2847220003604889,0.2324322909116745,0
2013-06-05,0.2847220003604889,0.2847220003604889,0.2847220003604889,0.2847220003604889,0.2324322909116745,0
2013-06-06,0.28125,0.2847220003604889,0.28125,0.2847220003604889,0.2324322909116745,144000
2013-06-07,0.2847220003604889,0.2847220003604889,0.2847220003604889,0.2847220003604889,0.2324322909116745,0
2013-06-10,0.2847220003604889,0.2847220003604889,0.2847220003604889,0.2847220003604889,0.2324322909116745,0
2013-06-11,0.2847220003604889,0.2847220003604889,0.2847220003604889,0.2847220003604889,0.2324322909116745,0
2013-06-13,0.2847220003604889,0.2847220003604889,0.2847220003604889,0.2847220003604889,0.2324322909116745,0
2013-06-14,0.2847220003604889,0.2847220003604889,0.2847220003604889,0.2847220003604889,0.2324322909116745,0
2013-06-17,0.2847220003604889,0.2847220003604889,0.2847220003604889,0.2847220003604889,0.2324322909116745,0
2013-06-18,0.2847220003604889,0.2847220003604889,0.2847220003604889,0.2847220003604889,0.2324322909116745,0
2013-06-19,0.2847220003604889,0.2847220003604889,0.2847220003604889,0.2847220003604889,0.2324322909116745,0
2013-06-20,0.2847220003604889,0.2847220003604889,0.2847220003604889,0.2847220003604889,0.2324322909116745,0
2013-06-21,0.2847220003604889,0.2847220003604889,0.2847220003604889,0.2847220003604889,0.2324322909116745,0
2013-06-24,0.2847220003604889,0.2847220003604889,0.2847220003604889,0.2847220003604889,0.2324322909116745,0
2013-06-25,0.2847220003604889,0.2847220003604889,0.2847220003604889,0.2847220003604889,0.2324322909116745,0
2013-06-26,0.2847220003604889,0.2847220003604889,0.2847220003604889,0.2847220003604889,0.2324322909116745,0
2013-06-27,0.2847220003604889,0.2847220003604889,0.2847220003604889,0.2847220003604889,0.2324322909116745,144000
2013-06-28,0.2847220003604889,0.2847220003604889,0.2847220003604889,0.2847220003604889,0.2324322909116745,0
2013-07-02,0.2847220003604889,0.2847220003604889,0.2847220003604889,0.2847220003604889,0.2324322909116745,0
2013-07-03,0.2847220003604889,0.2847220003604889,0.2847220003604889,0.2847220003604889,0.2324322909116745,0
2013-07-04,0.2604160010814667,0.2881940007209778,0.2604160010814667,0.2881940007209778,0.23526667058467865,34560
2013-07-05,0.27430498600006104,0.2916660010814667,0.27430498600006104,0.2916660010814667,0.23810099065303802,11520
2013-07-08,0.2916660010814667,0.2916660010814667,0.2916660010814667,0.2916660010814667,0.23810099065303802,0
2013-07-09,0.2916660010814667,0.2916660010814667,0.2916660010814667,0.2916660010814667,0.23810099065303802,0
2013-07-10,0.2916660010814667,0.2916660010814667,0.2916660010814667,0.2916660010814667,0.23810099065303802,0
2013-07-11,0.2916660010814667,0.2916660010814667,0.2916660010814667,0.2916660010814667,0.23810099065303802,0
2013-07-12,0.2916660010814667,0.2916660010814667,0.2916660010814667,0.2916660010814667,0.23810099065303802,0
2013-07-15,0.2916660010814667,0.2916660010814667,0.2916660010814667,0.2916660010814667,0.23810099065303802,0
2013-07-16,0.2916660010814667,0.2916660010814667,0.2916660010814667,0.2916660010814667,0.23810099065303802,0
2013-07-17,0.2916660010814667,0.2916660010814667,0.2916660010814667,0.2916660010814667,0.23810099065303802,0
2013-07-18,0.2916660010814667,0.2916660010814667,0.2916660010814667,0.2916660010814667,0.23810099065303802,0
2013-07-19,0.2916660010814667,0.2916660010814667,0.2916660010814667,0.2916660010814667,0.23810099065303802,0
2013-07-22,0.3125,0.3125,0.27083298563957214,0.27430498600006104,0.22392839193344116,11520
2013-07-23,0.27430498600006104,0.27430498600006104,0.27430498600006104,0.27430498600006104,0.22392839193344116,0
2013-07-24,0.27430498600006104,0.27430498600006104,0.27430498600006104,0.27430498600006104,0.22392839193344116,0
2013-07-25,0.27430498600006104,0.27430498600006104,0.27430498600006104,0.27430498600006104,0.22392839193344116,0
2013-07-26,0.29513800144195557,0.29513800144195557,0.29513800144195557,0.29513800144195557,0.24093538522720337,74880
2013-07-29,0.2777769863605499,0.30555498600006104,0.2777769863605499,0.30208298563957214,0.24660491943359375,334080
2013-07-30,0.2881940007209778,0.2881940007209778,0.2881940007209778,0.2881940007209778,0.23526667058467865,23040
2013-07-31,0.2881940007209778,0.2881940007209778,0.2881940007209778,0.2881940007209778,0.23526667058467865,0
2013-08-01,0.2881940007209778,0.2881940007209778,0.2881940007209778,0.2881940007209778,0.23526667058467865,0
2013-08-02,0.2916660010814667,0.2916660010814667,0.2881940007209778,0.2881940007209778,0.23526667058467865,74880
2013-08-05,0.2847220003604889,0.29513800144195557,0.2847220003604889,0.29513800144195557,0.24093538522720337,132480
2013-08-06,0.29513800144195557,0.29513800144195557,0.29513800144195557,0.29513800144195557,0.24093538522720337,0
2013-08-07,0.29513800144195557,0.29513800144195557,0.29513800144195557,0.29513800144195557,0.24093538522720337,0
2013-08-08,0.29513800144195557,0.29513800144195557,0.29513800144195557,0.29513800144195557,0.24093538522720337,0
2013-08-09,0.2916660010814667,0.2916660010814667,0.2916660010814667,0.29513800144195557,0.24093538522720337,5760
2013-08-12,0.3125,0.29861098527908325,0.29861098527908325,0.29861098527908325,0.243770569562912,69120
2013-08-13,0.29861098527908325,0.29861098527908325,0.29861098527908325,0.29861098527908325,0.243770569562912,0
2013-08-14,0.29861098527908325,0.29861098527908325,0.29861098527908325,0.29861098527908325,0.243770569562912,0
2013-08-15,0.3125,0.3541660010814667,0.3125,0.3125,0.2551088333129883,610560
2013-08-16,0.3125,0.3125,0.3125,0.3125,0.2551088333129883,0
2013-08-19,0.26736098527908325,0.29861098527908325,0.26736098527908325,0.29861098527908325,0.243770569562912,97920
2013-08-20,0.29861098527908325,0.29861098527908325,0.2916660010814667,0.2916660010814667,0.23810099065303802,149760
2013-08-21,0.2916660010814667,0.2916660010814667,0.2916660010814667,0.2916660010814667,0.23810099065303802,0
2013-08-22,0.29861098527908325,0.3125,0.29861098527908325,0.29861098527908325,0.243770569562912,213120
2013-08-23,0.29861098527908325,0.29861098527908325,0.2916660010814667,0.29861098527908325,0.243770569562912,380160
2013-08-26,0.29861098527908325,0.29861098527908325,0.29861098527908325,0.29861098527908325,0.243770569562912,0
2013-08-27,0.29861098527908325,0.29861098527908325,0.29861098527908325,0.29861098527908325,0.243770569562912,0
2013-08-28,0.29861098527908325,0.29861098527908325,0.29861098527908325,0.29861098527908325,0.243770569562912,0
2013-08-29,0.29861098527908325,0.29861098527908325,0.29861098527908325,0.29861098527908325,0.243770569562912,0
2013-08-30,0.29861098527908325,0.29861098527908325,0.29861098527908325,0.29861098527908325,0.243770569562912,0
2013-09-02,0.29861098527908325,0.29861098527908325,0.29861098527908325,0.29861098527908325,0.243770569562912,0
2013-09-03,0.29861098527908325,0.29861098527908325,0.29861098527908325,0.29861098527908325,0.243770569562912,0
2013-09-04,0.29861098527908325,0.29861098527908325,0.29861098527908325,0.29861098527908325,0.243770569562912,0
2013-09-05,0.29861098527908325,0.29861098527908325,0.29861098527908325,0.29861098527908325,0.243770569562912,0
2013-09-06,0.29861098527908325,0.29861098527908325,0.29861098527908325,0.29861098527908325,0.243770569562912,0
2013-09-09,0.29861098527908325,0.29861098527908325,0.29861098527908325,0.29861098527908325,0.243770569562912,0
2013-09-10,0.26736098527908325,0.27083298563957214,0.26736098527908325,0.2777769863605499,0.2267627716064453,144000
2013-09-11,0.2777769863605499,0.2777769863605499,0.2777769863605499,0.2777769863605499,0.2267627716064453,0
2013-09-12,0.2777769863605499,0.2777769863605499,0.2777769863605499,0.2777769863605499,0.2267627716064453,0
2013-09-13,0.2777769863605499,0.2777769863605499,0.2777769863605499,0.2777769863605499,0.2267627716064453,0
2013-09-16,0.2777769863605499,0.2777769863605499,0.2777769863605499,0.2777769863605499,0.2267627716064453,0
2013-09-17,0.2777769863605499,0.2777769863605499,0.2777769863605499,0.2777769863605499,0.2267627716064453,0
2013-09-18,0.2777769863605499,0.2777769863605499,0.2777769863605499,0.2777769863605499,0.2267627716064453,0
2013-09-19,0.2777769863605499,0.2777769863605499,0.2777769863605499,0.2777769863605499,0.2267627716064453,0
2013-09-23,0.2777769863605499,0.2777769863605499,0.2777769863605499,0.2777769863605499,0.2267627716064453,0
2013-09-24,0.2777769863605499,0.2777769863605499,0.2777769863605499,0.2777769863605499,0.2267627716064453,0
2013-09-25,0.2777769863605499,0.2777769863605499,0.2777769863605499,0.2777769863605499,0.2267627716064453,0
2013-09-26,0.26736098527908325,0.26736098527908325,0.26736098527908325,0.2777769863605499,0.2267627716064453,23040
2013-09-27,0.2777769863605499,0.2777769863605499,0.2777769863605499,0.2777769863605499,0.2267627716064453,0
2013-09-30,0.30555498600006104,0.30555498600006104,0.30555498600006104,0.30555498600006104,0.2494392842054367,57600
2013-10-02,0.30555498600006104,0.30555498600006104,0.30555498600006104,0.30555498600006104,0.2494392842054367,0
2013-10-03,0.30555498600006104,0.30555498600006104,0.30555498600006104,0.30555498600006104,0.2494392842054367,0
2013-10-04,0.30555498600006104,0.30555498600006104,0.30555498600006104,0.30555498600006104,0.2494392842054367,0
2013-10-07,0.30555498600006104,0.30555498600006104,0.30555498600006104,0.30555498600006104,0.2494392842054367,0
2013-10-08,0.30555498600006104,0.30555498600006104,0.30555498600006104,0.30555498600006104,0.2494392842054367,0
2013-10-09,0.30555498600006104,0.30555498600006104,0.30555498600006104,0.30555498600006104,0.2494392842054367,0
2013-10-10,0.30555498600006104,0.30555498600006104,0.30555498600006104,0.30555498600006104,0.2494392842054367,0
2013-10-11,0.30555498600006104,0.30555498600006104,0.30555498600006104,0.30555498600006104,0.2494392842054367,0
2013-10-15,0.30555498600006104,0.30555498600006104,0.30555498600006104,0.30555498600006104,0.2494392842054367,0
2013-10-16,0.2777769863605499,0.2847220003604889,0.27430498600006104,0.2847220003604889,0.2324322909116745,207360
2013-10-17,0.2777769863605499,0.2847220003604889,0.2777769863605499,0.2847220003604889,0.2324322909116745,172800
2013-10-18,0.28125,0.28125,0.2777769863605499,0.2777769863605499,0.2267627716064453,259200
2013-10-21,0.27083298563957214,0.2847220003604889,0.27083298563957214,0.2847220003604889,0.2324322909116745,149760
2013-10-22,0.2847220003604889,0.2847220003604889,0.2847220003604889,0.2847220003604889,0.2324322909116745,0
2013-10-23,0.2777769863605499,0.28125,0.27430498600006104,0.28125,0.22959794104099274,40320
2013-10-24,0.30208298563957214,0.3090269863605499,0.30208298563957214,0.30555498600006104,0.2494392842054367,247680
2013-10-25,0.29513800144195557,0.30555498600006104,0.29513800144195557,0.30555498600006104,0.2494392842054367,23040
2013-10-28,0.30555498600006104,0.30555498600006104,0.30555498600006104,0.30555498600006104,0.2494392842054367,0
2013-10-29,0.30555498600006104,0.30555498600006104,0.30555498600006104,0.30555498600006104,0.2494392842054367,0
2013-10-30,0.29513800144195557,0.30208298563957214,0.29513800144195557,0.30208298563957214,0.24660491943359375,1296000
2013-10-31,0.33333298563957214,0.33333298563957214,0.29513800144195557,0.30555498600006104,0.2494392842054367,1157760
2013-11-01,0.30555498600006104,0.30555498600006104,0.30555498600006104,0.30555498600006104,0.2494392842054367,0
2013-11-04,0.30555498600006104,0.30555498600006104,0.30555498600006104,0.30555498600006104,0.2494392842054367,0
2013-11-05,0.30555498600006104,0.30555498600006104,0.30555498600006104,0.30555498600006104,0.2494392842054367,0
2013-11-06,0.30555498600006104,0.30555498600006104,0.30555498600006104,0.30555498600006104,0.2494392842054367,0
2013-11-07,0.30555498600006104,0.30555498600006104,0.30555498600006104,0.30555498600006104,0.2494392842054367,0
2013-11-08,0.3125,0.3125,0.3125,0.3125,0.2551088333129883,115200
2013-11-11,0.3125,0.3159720003604889,0.3125,0.3125,0.2551088333129883,149760
2013-11-12,0.3125,0.3125,0.3125,0.3125,0.2551088333129883,0
2013-11-13,0.3125,0.3125,0.3125,0.3125,0.2551088333129883,0
2013-11-14,0.3125,0.3125,0.3125,0.3125,0.2551088333129883,0
2013-11-15,0.3125,0.3125,0.3125,0.3125,0.2551088333129883,0
2013-11-18,0.3125,0.3125,0.3125,0.3125,0.2551088333129883,0
2013-11-19,0.3125,0.3125,0.3125,0.3125,0.2551088333129883,0
2013-11-20,0.3125,0.3125,0.3125,0.3125,0.2551088333129883,0
2013-11-21,0.3125,0.3125,0.3125,0.3125,0.2551088333129883,0
2013-11-22,0.3125,0.3125,0.3125,0.3125,0.2551088333129883,11520
2013-11-25,0.3125,0.3125,0.3125,0.3125,0.2551088333129883,0
2013-11-26,0.3125,0.3125,0.3125,0.3125,0.2551088333129883,0
2013-11-27,0.3125,0.3125,0.3125,0.3125,0.2551088333129883,0
2013-11-28,0.3125,0.3402769863605499,0.3125,0.3402769863605499,0.2777844965457916,1272960
2013-11-29,0.3402769863605499,0.3402769863605499,0.3402769863605499,0.3402769863605499,0.2777844965457916,23040
2013-12-02,0.3194440007209778,0.3229160010814667,0.3194440007209778,0.3229160010814667,0.26361188292503357,639360
2013-12-03,0.3229160010814667,0.3229160010814667,0.3229160010814667,0.3229160010814667,0.26361188292503357,0
2013-12-04,0.3194440007209778,0.3194440007209778,0.3194440007209778,0.3194440007209778,0.2607775628566742,57600
2013-12-05,0.3402769863605499,0.3402769863605499,0.3402769863605499,0.33680498600006104,0.27495017647743225,5760
2013-12-06,0.3229160010814667,0.3229160010814667,0.3194440007209778,0.3229160010814667,0.26361188292503357,449280
2013-12-09,0.3229160010814667,0.3229160010814667,0.3229160010814667,0.3229160010814667,0.26361188292503357,0
2013-12-10,0.3229160010814667,0.3229160010814667,0.3229160010814667,0.3229160010814667,0.26361188292503357,0
2013-12-11,0.34375,0.34375,0.3159720003604889,0.3194440007209778,0.2607775628566742,288000
2013-12-12,0.3402769863605499,0.3402769863605499,0.3402769863605499,0.3402769863605499,0.2777844965457916,5760
2013-12-13,0.3402769863605499,0.3402769863605499,0.3402769863605499,0.3402769863605499,0.2777844965457916,144000
2013-12-16,0.3402769863605499,0.3402769863605499,0.3402769863605499,0.3402769863605499,0.2777844965457916,0
2013-12-17,0.3402769863605499,0.3402769863605499,0.3402769863605499,0.3402769863605499,0.2777844965457916,0
2013-12-18,0.32986098527908325,0.32986098527908325,0.29513800144195557,0.3159720003604889,0.25794318318367004,581760
2013-12-19,0.3194440007209778,0.3194440007209778,0.3125,0.3125,0.2551088333129883,299520
2013-12-20,0.30555498600006104,0.30555498600006104,0.29861098527908325,0.30555498600006104,0.2494392842054367,489600
2013-12-23,0.30555498600006104,0.30555498600006104,0.30555498600006104,0.30555498600006104,0.2494392842054367,0
2013-12-24,0.3194440007209778,0.3194440007209778,0.3194440007209778,0.3090269863605499,0.25227364897727966,46080
2013-12-27,0.3090269863605499,0.3090269863605499,0.3090269863605499,0.3090269863605499,0.25227364897727966,0
2013-12-30,0.3090269863605499,0.3090269863605499,0.3090269863605499,0.3090269863605499,0.25227364897727966,0
2013-12-31,0.3090269863605499,0.3090269863605499,0.3090269863605499,0.3090269863605499,0.25227364897727966,0
2014-01-02,0.30555498600006104,0.3194440007209778,0.3194440007209778,0.3090269863605499,0.25227364897727966,28800
2014-01-03,0.3090269863605499,0.3090269863605499,0.3090269863605499,0.3090269863605499,0.25227364897727966,0
2014-01-06,0.3090269863605499,0.3090269863605499,0.3090269863605499,0.3090269863605499,0.25227364897727966,0
2014-01-07,0.2847220003604889,0.3194440007209778,0.3194440007209778,0.3090269863605499,0.25227364897727966,46080
2014-01-08,0.3090269863605499,0.3090269863605499,0.3090269863605499,0.3090269863605499,0.25227364897727966,0
2014-01-09,0.3090269863605499,0.3090269863605499,0.3090269863605499,0.3090269863605499,0.25227364897727966,0
2014-01-10,0.3090269863605499,0.3090269863605499,0.3090269863605499,0.3090269863605499,0.25227364897727966,0
2014-01-13,0.3090269863605499,0.3090269863605499,0.3090269863605499,0.3090269863605499,0.25227364897727966,0
2014-01-14,0.3090269863605499,0.3090269863605499,0.3090269863605499,0.3090269863605499,0.25227364897727966,0
2014-01-15,0.3090269863605499,0.3090269863605499,0.3090269863605499,0.3090269863605499,0.25227364897727966,0
2014-01-16,0.2916660010814667,0.2916660010814667,0.2847220003604889,0.2881940007209778,0.23526667058467865,230400
2014-01-17,0.2881940007209778,0.2881940007209778,0.2881940007209778,0.2881940007209778,0.23526667058467865,201600
2014-01-20,0.2916660010814667,0.2916660010814667,0.2916660010814667,0.2916660010814667,0.23810099065303802,5760
2014-01-21,0.2916660010814667,0.2916660010814667,0.2916660010814667,0.2916660010814667,0.23810099065303802,0
2014-01-22,0.2916660010814667,0.2916660010814667,0.2916660010814667,0.2916660010814667,0.23810099065303802,0
2014-01-23,0.2916660010814667,0.2916660010814667,0.2916660010814667,0.2916660010814667,0.23810099065303802,0
2014-01-24,0.2916660010814667,0.2916660010814667,0.2916660010814667,0.2916660010814667,0.23810099065303802,0
2014-01-27,0.2916660010814667,0.2916660010814667,0.2916660010814667,0.2916660010814667,0.23810099065303802,0
2014-01-28,0.3125,0.3125,0.3125,0.30208298563957214,0.24660491943359375,28800
2014-01-29,0.30208298563957214,0.30208298563957214,0.30208298563957214,0.30208298563957214,0.24660491943359375,0
2014-01-30,0.30208298563957214,0.30208298563957214,0.30208298563957214,0.30208298563957214,0.24660491943359375,463680
2014-02-04,0.30208298563957214,0.30208298563957214,0.30208298563957214,0.30208298563957214,0.24660491943359375,0
2014-02-05,0.30208298563957214,0.30208298563957214,0.30208298563957214,0.30208298563957214,0.24660491943359375,0
2014-02-06,0.2847220003604889,0.29861098527908325,0.2847220003604889,0.29513800144195557,0.24093538522720337,564480
2014-02-07,0.29513800144195557,0.3125,0.29513800144195557,0.30208298563957214,0.24660491943359375,201600
2014-02-10,0.30208298563957214,0.3159720003604889,0.30208298563957214,0.3159720003604889,0.25794318318367004,432000
2014-02-11,0.3159720003604889,0.3159720003604889,0.3159720003604889,0.3159720003604889,0.25794318318367004,0
2014-02-12,0.3159720003604889,0.3159720003604889,0.3159720003604889,0.3159720003604889,0.25794318318367004,0
2014-02-13,0.3229160010814667,0.3229160010814667,0.3229160010814667,0.3229160010814667,0.26361188292503357,69120
2014-02-14,0.3229160010814667,0.3229160010814667,0.3229160010814667,0.3229160010814667,0.26361188292503357,0
2014-02-17,0.3229160010814667,0.3229160010814667,0.3229160010814667,0.3229160010814667,0.26361188292503357,0
2014-02-18,0.3229160010814667,0.3229160010814667,0.3229160010814667,0.3229160010814667,0.26361188292503357,0
2014-02-19,0.3229160010814667,0.3402769863605499,0.3229160010814667,0.33333298563957214,0.2721157968044281,489600
2014-02-20,0.32986098527908325,0.32986098527908325,0.32638800144195557,0.32638800144195557,0.2664462625980377,201600
2014-02-21,0.32638800144195557,0.32638800144195557,0.32638800144195557,0.32638800144195557,0.2664462625980377,0
2014-02-24,0.3159720003604889,0.3159720003604889,0.3125,0.3125,0.2551088333129883,144000
2014-02-25,0.3125,0.3229160010814667,0.3125,0.3194440007209778,0.2607775628566742,201600
2014-02-26,0.3229160010814667,0.3229160010814667,0.3125,0.3125,0.2551088333129883,213120
2014-02-27,0.3194440007209778,0.32986098527908325,0.3194440007209778,0.32638800144195557,0.2664462625980377,230400
2014-02-28,0.3194440007209778,0.3194440007209778,0.3194440007209778,0.3194440007209778,0.2607775628566742,144000
2014-03-03,0.3159720003604889,0.3159720003604889,0.3090269863605499,0.3090269863605499,0.25227364897727966,230400
2014-03-04,0.3194440007209778,0.3194440007209778,0.3194440007209778,0.3194440007209778,0.2607775628566742,126720
2014-03-05,0.3194440007209778,0.3194440007209778,0.3194440007209778,0.3194440007209778,0.2607775628566742,0
2014-03-06,0.3194440007209778,0.3194440007209778,0.3194440007209778,0.3194440007209778,0.2607775628566742,0
2014-03-07,0.3194440007209778,0.3194440007209778,0.3194440007209778,0.3194440007209778,0.2607775628566742,0
2014-03-10,0.3194440007209778,0.3194440007209778,0.3194440007209778,0.3194440007209778,0.2607775628566742,0
2014-03-11,0.3194440007209778,0.3194440007209778,0.3194440007209778,0.3194440007209778,0.2607775628566742,0
2014-03-12,0.3194440007209778,0.3194440007209778,0.3159720003604889,0.3159720003604889,0.25794318318367004,69120
2014-03-13,0.3159720003604889,0.3159720003604889,0.3159720003604889,0.3159720003604889,0.25794318318367004,0
2014-03-14,0.3159720003604889,0.3159720003604889,0.30208298563957214,0.30208298563957214,0.24660491943359375,426240
2014-03-17,0.30208298563957214,0.30208298563957214,0.30208298563957214,0.30208298563957214,0.24660491943359375,0
2014-03-18,0.3159720003604889,0.32986098527908325,0.3159720003604889,0.3229160010814667,0.26361188292503357,316800
2014-03-19,0.3090269863605499,0.3090269863605499,0.30208298563957214,0.3090269863605499,0.25227364897727966,345600
2014-03-20,0.29513800144195557,0.29513800144195557,0.29513800144195557,0.29513800144195557,0.24093538522720337,144000
2014-03-21,0.29513800144195557,0.29513800144195557,0.29513800144195557,0.30208298563957214,0.24660491943359375,288000
2014-03-24,0.30208298563957214,0.30208298563957214,0.30208298563957214,0.30208298563957214,0.24660491943359375,0
2014-03-25,0.30208298563957214,0.30208298563957214,0.29513800144195557,0.29513800144195557,0.24093538522720337,328320
2014-03-26,0.2777769863605499,0.30208298563957214,0.2777769863605499,0.30208298563957214,0.24660491943359375,1457280
2014-03-27,0.30555498600006104,0.30555498600006104,0.29513800144195557,0.30208298563957214,0.24660491943359375,645120
2014-03-28,0.30208298563957214,0.30208298563957214,0.30208298563957214,0.30208298563957214,0.24660491943359375,0
2014-03-31,0.30208298563957214,0.30208298563957214,0.30208298563957214,0.30208298563957214,0.24660491943359375,0
2014-04-01,0.3090269863605499,0.3125,0.3090269863605499,0.3125,0.2551088333129883,201600
2014-04-02,0.3125,0.3125,0.3125,0.3125,0.2551088333129883,0
2014-04-03,0.3194440007209778,0.4722220003604889,0.3194440007209778,0.43055498600006104,0.3514828085899353,8461440
2014-04-04,0.4166660010814667,0.42013800144195557,0.3819440007209778,0.39236098527908325,0.32030320167541504,2856960
2014-04-07,0.39583298563957214,0.39583298563957214,0.36458298563957214,0.39236098527908325,0.32030320167541504,218880
2014-04-08,0.36805498600006104,0.3784720003604889,0.36805498600006104,0.3784720003604889,0.30896493792533875,207360
2014-04-09,0.3819440007209778,0.38888800144195557,0.3541660010814667,0.36458298563957214,0.29762667417526245,270720
2014-04-10,0.36111098527908325,0.36111098527908325,0.29513800144195557,0.3472220003604889,0.2834540605545044,1486080
2014-04-11,0.3472220003604889,0.36458298563957214,0.33680498600006104,0.36458298563957214,0.29762667417526245,1607040
2014-04-14,0.375,0.375,0.33680498600006104,0.34375,0.28061971068382263,190080
2014-04-15,0.3472220003604889,0.3472220003604889,0.33680498600006104,0.33333298563957214,0.2721157968044281,218880
2014-04-16,0.33333298563957214,0.33333298563957214,0.32638800144195557,0.32638800144195557,0.2664462625980377,282240
2014-04-17,0.32638800144195557,0.32638800144195557,0.32638800144195557,0.32638800144195557,0.2664462625980377,0
2014-04-22,0.3229160010814667,0.3229160010814667,0.3194440007209778,0.3194440007209778,0.2607775628566742,201600
2014-04-23,0.3194440007209778,0.3194440007209778,0.3194440007209778,0.3194440007209778,0.2607775628566742,103680
2014-04-24,0.3229160010814667,0.3229160010814667,0.3229160010814667,0.3229160010814667,0.26361188292503357,11520
2014-04-25,0.32986098527908325,0.32986098527908325,0.32986098527908325,0.32986098527908325,0.26928141713142395,28800
2014-04-28,0.3159720003604889,0.3159720003604889,0.3125,0.3159720003604889,0.25794318318367004,489600
2014-04-29,0.3159720003604889,0.3159720003604889,0.3159720003604889,0.3159720003604889,0.25794318318367004,0
2014-04-30,0.3125,0.3125,0.3125,0.3229160010814667,0.26361188292503357,120960
2014-05-02,0.3229160010814667,0.3229160010814667,0.3229160010814667,0.3229160010814667,0.26361188292503357,0
2014-05-05,0.3125,0.3125,0.3125,0.3159720003604889,0.25794318318367004,57600
2014-05-07,0.3159720003604889,0.3159720003604889,0.3159720003604889,0.3159720003604889,0.25794318318367004,0
2014-05-08,0.3194440007209778,0.3194440007209778,0.3194440007209778,0.3194440007209778,0.2607775628566742,28800
2014-05-09,0.34375,0.3472220003604889,0.3229160010814667,0.32986098527908325,0.26928141713142395,432000
2014-05-12,0.33333298563957214,0.33333298563957214,0.32986098527908325,0.33680498600006104,0.27495017647743225,172800
2014-05-13,0.33680498600006104,0.33680498600006104,0.33680498600006104,0.33680498600006104,0.27495017647743225,0
2014-05-14,0.36111098527908325,0.39930498600006104,0.34375,0.375,0.30613061785697937,2350080
2014-05-15,0.3715269863605499,0.3715269863605499,0.3472220003604889,0.36458298563957214,0.29762667417526245,276480
2014-05-16,0.36458298563957214,0.36458298563957214,0.36458298563957214,0.36458298563957214,0.29762667417526245,0
2014-05-19,0.36458298563957214,0.36458298563957214,0.36458298563957214,0.36458298563957214,0.29762667417526245,0
2014-05-20,0.36458298563957214,0.36458298563957214,0.3541660010814667,0.3541660010814667,0.2891228199005127,460800
2014-05-21,0.36805498600006104,0.39930498600006104,0.35763800144195557,0.39583298563957214,0.3231375813484192,938880
2014-05-22,0.39236098527908325,0.39930498600006104,0.3819440007209778,0.3819440007209778,0.3117993175983429,414720
2014-05-23,0.3819440007209778,0.39930498600006104,0.3819440007209778,0.39930498600006104,0.32597193121910095,374400
2014-05-26,0.39236098527908325,0.4097220003604889,0.38888800144195557,0.4097220003604889,0.3344758152961731,616320
2014-05-27,0.4097220003604889,0.4097220003604889,0.4097220003604889,0.4097220003604889,0.3344758152961731,34560
2014-05-28,0.39930498600006104,0.4166660010814667,0.39930498600006104,0.4166660010814667,0.340144544839859,149760
2014-05-29,0.4097220003604889,0.4166660010814667,0.4097220003604889,0.4166660010814667,0.340144544839859,230400
2014-05-30,0.4166660010814667,0.4340269863605499,0.4166660010814667,0.4340269863605499,0.3543171286582947,1105920
2014-06-03,0.4340269863605499,0.4340269863605499,0.4340269863605499,0.4340269863605499,0.3543171286582947,276480
2014-06-04,0.42708298563957214,0.42708298563957214,0.42708298563957214,0.42708298563957214,0.34864845871925354,172800
2014-06-05,0.42708298563957214,0.42708298563957214,0.42708298563957214,0.42708298563957214,0.34864845871925354,0
2014-06-06,0.4340269863605499,0.4340269863605499,0.4340269863605499,0.4340269863605499,0.3543171286582947,201600
2014-06-09,0.4340269863605499,0.4340269863605499,0.4340269863605499,0.4340269863605499,0.3543171286582947,0
2014-06-10,0.4340269863605499,0.4340269863605499,0.4340269863605499,0.4340269863605499,0.3543171286582947,0
2014-06-11,0.4340269863605499,0.4340269863605499,0.4340269863605499,0.4340269863605499,0.3543171286582947,288000
2014-06-12,0.4097220003604889,0.4097220003604889,0.4097220003604889,0.4166660010814667,0.340144544839859,28800
2014-06-13,0.4166660010814667,0.4166660010814667,0.4166660010814667,0.4166660010814667,0.340144544839859,0
2014-06-16,0.4166660010814667,0.4166660010814667,0.4166660010814667,0.4166660010814667,0.340144544839859,0
2014-06-17,0.4479160010814667,0.49305498600006104,0.4479160010814667,0.4722220003604889,0.3854976296424866,5552640
2014-06-18,0.4756940007209778,0.48263800144195557,0.4722220003604889,0.4791660010814667,0.3911663293838501,2695680
2014-06-19,0.4791660010814667,0.4791660010814667,0.4791660010814667,0.4791660010814667,0.3911663293838501,0
2014-06-20,0.45138800144195557,0.45138800144195557,0.45138800144195557,0.45138800144195557,0.3684898018836975,144000
2014-06-23,0.45138800144195557,0.45138800144195557,0.45138800144195557,0.45138800144195557,0.3684898018836975,0
2014-06-24,0.42013800144195557,0.4340269863605499,0.42013800144195557,0.4340269863605499,0.3543171286582947,259200
2014-06-25,0.4166660010814667,0.4409720003604889,0.4166660010814667,0.4375,0.3571523427963257,311040
2014-06-26,0.4375,0.4375,0.4375,0.4375,0.3571523427963257,0
2014-06-27,0.4444440007209778,0.45138800144195557,0.4444440007209778,0.45138800144195557,0.3684898018836975,224640
2014-06-30,0.4479160010814667,0.45138800144195557,0.4479160010814667,0.45138800144195557,0.3684898018836975,967680
2014-07-02,0.45138800144195557,0.45138800144195557,0.45138800144195557,0.45138800144195557,0.3684898018836975,0
2014-07-03,0.45138800144195557,0.45138800144195557,0.4479160010814667,0.4479160010814667,0.36565548181533813,374400
2014-07-04,0.4479160010814667,0.4479160010814667,0.4479160010814667,0.4479160010814667,0.36565548181533813,576000
2014-07-07,0.4479160010814667,0.4479160010814667,0.4479160010814667,0.4479160010814667,0.36565548181533813,316800
2014-07-08,0.4479160010814667,0.4479160010814667,0.4479160010814667,0.4479160010814667,0.36565548181533813,34560
2014-07-09,0.4479160010814667,0.4479160010814667,0.4479160010814667,0.4479160010814667,0.36565548181533813,0
2014-07-10,0.45486098527908325,0.45486098527908325,0.45138800144195557,0.45486098527908325,0.37132492661476135,357120
2014-07-11,0.45138800144195557,0.45138800144195557,0.45138800144195557,0.45138800144195557,0.3684898018836975,34560
2014-07-14,0.42361098527908325,0.42361098527908325,0.42361098527908325,0.4340269863605499,0.3543171286582947,28800
2014-07-15,0.45833298563957214,0.4652769863605499,0.45833298563957214,0.4652769863605499,0.3798280656337738,17280
2014-07-16,0.4652769863605499,0.4652769863605499,0.4652769863605499,0.4652769863605499,0.3798280656337738,0
2014-07-17,0.4444440007209778,0.4444440007209778,0.4444440007209778,0.45138800144195557,0.3684898018836975,57600
2014-07-18,0.46180498600006104,0.46180498600006104,0.46180498600006104,0.46180498600006104,0.37699368596076965,69120
2014-07-21,0.45138800144195557,0.4652769863605499,0.45138800144195557,0.4652769863605499,0.3798280656337738,32832
2014-07-22,0.45833298563957214,0.45833298563957214,0.45833298563957214,0.45833298563957214,0.3741593360900879,293760
2014-07-23,0.42361098527908325,0.45486098527908325,0.42361098527908325,0.45138800144195557,0.3684898018836975,201600
2014-07-24,0.45138800144195557,0.4756940007209778,0.45138800144195557,0.4756940007209778,0.38833191990852356,224640
2014-07-25,0.4756940007209778,0.4756940007209778,0.4756940007209778,0.4756940007209778,0.38833191990852356,0
2014-07-28,0.4756940007209778,0.4756940007209778,0.4756940007209778,0.4756940007209778,0.38833191990852356,0
2014-07-29,0.4756940007209778,0.4756940007209778,0.4756940007209778,0.4756940007209778,0.38833191990852356,0
2014-07-30,0.46875,0.4756940007209778,0.4652769863605499,0.4756940007209778,0.38833191990852356,299520
2014-07-31,0.4756940007209778,0.4756940007209778,0.4756940007209778,0.4756940007209778,0.38833191990852356,126720
2014-08-01,0.4756940007209778,0.4756940007209778,0.4756940007209778,0.4756940007209778,0.38833191990852356,0
2014-08-04,0.48611098527908325,0.48611098527908325,0.48611098527908325,0.48611098527908325,0.3968358039855957,28800
2014-08-05,0.48611098527908325,0.48611098527908325,0.48611098527908325,0.48611098527908325,0.3968358039855957,0
2014-08-06,0.48611098527908325,0.48611098527908325,0.48611098527908325,0.48611098527908325,0.3968358039855957,0
2014-08-07,0.46875,0.48611098527908325,0.46875,0.4791660010814667,0.3911663293838501,167040
2014-08-08,0.4791660010814667,0.4791660010814667,0.4791660010814667,0.4791660010814667,0.3911663293838501,0
2014-08-11,0.4791660010814667,0.4791660010814667,0.4791660010814667,0.4791660010814667,0.3911663293838501,0
2014-08-12,0.4756940007209778,0.4756940007209778,0.4756940007209778,0.4756940007209778,0.38833191990852356,23040
2014-08-13,0.4756940007209778,0.4756940007209778,0.4756940007209778,0.4756940007209778,0.38833191990852356,0
2014-08-14,0.46875,0.4722220003604889,0.45833298563957214,0.4722220003604889,0.3854976296424866,311040
2014-08-15,0.4722220003604889,0.4722220003604889,0.4722220003604889,0.4722220003604889,0.3854976296424866,0
2014-08-18,0.46875,0.4722220003604889,0.46875,0.4722220003604889,0.3854976296424866,184320
2014-08-19,0.46875,0.46875,0.46875,0.46875,0.38266322016716003,23040
2014-08-20,0.46875,0.46875,0.46875,0.46875,0.38266322016716003,0
2014-08-21,0.5034719705581665,0.5451380014419556,0.4965269863605499,0.4965269863605499,0.40533894300460815,391680
2014-08-22,0.5,0.5104159712791443,0.5,0.5034719705581665,0.41100844740867615,725760
2014-08-25,0.5034719705581665,0.5034719705581665,0.5034719705581665,0.5034719705581665,0.41100844740867615,0
2014-08-26,0.5034719705581665,0.5034719705581665,0.5034719705581665,0.5034719705581665,0.41100844740867615,0
2014-08-27,0.5034719705581665,0.5173609852790833,0.5034719705581665,0.5069440007209778,0.4138428270816803,564480
2014-08-28,0.5069440007209778,0.5069440007209778,0.5069440007209778,0.5069440007209778,0.4138428270816803,0
2014-08-29,0.5034719705581665,0.5173609852790833,0.5034719705581665,0.5138880014419556,0.4195115566253662,334080
2014-09-01,0.5486109852790833,0.5625,0.5208330154418945,0.5625,0.4591958820819855,633600
2014-09-02,0.5625,0.6875,0.5625,0.6840270161628723,0.558404266834259,3404160
2014-09-03,0.6909719705581665,0.6944440007209778,0.5833330154418945,0.6145830154418945,0.5017136931419373,2286720
2014-09-04,0.618054986000061,0.649304986000061,0.6041659712791443,0.6284719705581665,0.5130519866943359,823680
2014-09-05,0.625,0.6458330154418945,0.625,0.6423609852790833,0.5243902802467346,1059840
2014-09-08,0.6423609852790833,0.6458330154418945,0.6423609852790833,0.6458330154418945,0.5272246599197388,305280
2014-09-10,0.6215270161628723,0.625,0.6041659712791443,0.625,0.5102176666259766,351360
2014-09-11,0.6145830154418945,0.625,0.6041659712791443,0.618054986000061,0.5045480728149414,178560
2014-09-12,0.6284719705581665,0.6111109852790833,0.6041659712791443,0.6076380014419556,0.4960441291332245,126720
2014-09-15,0.6041659712791443,0.6041659712791443,0.6041659712791443,0.6006940007209778,0.4903753995895386,63360
2014-09-16,0.6145830154418945,0.6423609852790833,0.6145830154418945,0.6215270161628723,0.5073824524879456,178560
2014-09-17,0.6388880014419556,0.6423609852790833,0.625,0.6319440007209778,0.5158863663673401,207360
2014-09-18,0.6423609852790833,0.6423609852790833,0.6423609852790833,0.6423609852790833,0.5243902802467346,92160
2014-09-19,0.6354159712791443,0.6354159712791443,0.6354159712791443,0.6354159712791443,0.5187207460403442,57600
2014-09-22,0.6145830154418945,0.6319440007209778,0.6076380014419556,0.6319440007209778,0.5158863663673401,190080
2014-09-23,0.6284719705581665,0.6284719705581665,0.6284719705581665,0.6284719705581665,0.5130519866943359,25920
2014-09-24,0.625,0.6388880014419556,0.625,0.6388880014419556,0.5215551257133484,518400
2014-09-25,0.618054986000061,0.6354159712791443,0.618054986000061,0.6354159712791443,0.5187207460403442,39744
2014-09-26,0.6388880014419556,0.6354159712791443,0.618054986000061,0.6354159712791443,0.5187207460403442,28800
2014-09-29,0.6145830154418945,0.6145830154418945,0.5798609852790833,0.586804986000061,0.47903725504875183,120960
2014-09-30,0.5625,0.586804986000061,0.5590270161628723,0.586804986000061,0.47903725504875183,218880
2014-10-03,0.555554986000061,0.5833330154418945,0.555554986000061,0.5833330154418945,0.47620290517807007,34560
2014-10-06,0.5729159712791443,0.5763880014419556,0.5625,0.5763880014419556,0.4705333411693573,103680
2014-10-07,0.5659719705581665,0.5729159712791443,0.5659719705581665,0.5729159712791443,0.46769896149635315,86400
2014-10-08,0.5729159712791443,0.5729159712791443,0.5729159712791443,0.5729159712791443,0.46769896149635315,57600
2014-10-09,0.555554986000061,0.5694440007209778,0.5520830154418945,0.5694440007209778,0.464864581823349,1808640
2014-10-10,0.555554986000061,0.5833330154418945,0.5486109852790833,0.5833330154418945,0.47620290517807007,86400
2014-10-13,0.555554986000061,0.5763880014419556,0.5486109852790833,0.5763880014419556,0.4705333411693573,92160
2014-10-14,0.555554986000061,0.5625,0.524304986000061,0.555554986000061,0.4535263180732727,253440
2014-10-15,0.5416659712791443,0.5659719705581665,0.5381940007209778,0.5659719705581665,0.46203017234802246,155520
2014-10-16,0.5659719705581665,0.5659719705581665,0.5659719705581665,0.5659719705581665,0.46203017234802246,0
2014-10-17,0.5659719705581665,0.5659719705581665,0.5659719705581665,0.5659719705581665,0.46203017234802246,0
2014-10-20,0.5659719705581665,0.5659719705581665,0.5659719705581665,0.5659719705581665,0.46203017234802246,0
2014-10-21,0.5659719705581665,0.5659719705581665,0.5659719705581665,0.5659719705581665,0.46203017234802246,0
2014-10-22,0.5659719705581665,0.5659719705581665,0.5659719705581665,0.5659719705581665,0.46203017234802246,0
2014-10-23,0.5208330154418945,0.555554986000061,0.5104159712791443,0.555554986000061,0.4535263180732727,69120
2014-10-24,0.5416659712791443,0.5520830154418945,0.5381940007209778,0.5520830154418945,0.45069199800491333,1019520
2014-10-27,0.5416659712791443,0.5416659712791443,0.5381940007209778,0.5416659712791443,0.442188024520874,120960
2014-10-28,0.5520830154418945,0.5520830154418945,0.5381940007209778,0.5381940007209778,0.4393537640571594,155520
2014-10-29,0.5416659712791443,0.5416659712791443,0.5381940007209778,0.5381940007209778,0.4393537640571594,172800
2014-10-30,0.5381940007209778,0.5381940007209778,0.5381940007209778,0.5381940007209778,0.4393537640571594,0
2014-10-31,0.5381940007209778,0.5381940007209778,0.5381940007209778,0.5381940007209778,0.4393537640571594,0
2014-11-03,0.5381940007209778,0.5381940007209778,0.5381940007209778,0.5381940007209778,0.4393537640571594,0
2014-11-04,0.555554986000061,0.555554986000061,0.555554986000061,0.555554986000061,0.4535263180732727,23040
2014-11-05,0.5381940007209778,0.555554986000061,0.5381940007209778,0.555554986000061,0.4535263180732727,48960
2014-11-06,0.5451380014419556,0.5486109852790833,0.5277770161628723,0.5381940007209778,0.4393537640571594,224640
2014-11-07,0.5416659712791443,0.5416659712791443,0.5416659712791443,0.5416659712791443,0.442188024520874,5760
2014-11-10,0.5451380014419556,0.5451380014419556,0.5451380014419556,0.5451380014419556,0.44502249360084534,51840
2014-11-11,0.5451380014419556,0.5451380014419556,0.5451380014419556,0.5451380014419556,0.44502249360084534,0
2014-11-12,0.5381940007209778,0.555554986000061,0.5381940007209778,0.555554986000061,0.4535263180732727,161280
2014-11-13,0.5416659712791443,0.555554986000061,0.53125,0.555554986000061,0.4535263180732727,190080
2014-11-14,0.555554986000061,0.555554986000061,0.555554986000061,0.555554986000061,0.4535263180732727,0
2014-11-17,0.5833330154418945,0.586804986000061,0.5833330154418945,0.5798609852790833,0.47336849570274353,28800
2014-11-18,0.5590270161628723,0.5833330154418945,0.5381940007209778,0.5833330154418945,0.47620290517807007,362880
2014-11-19,0.5833330154418945,0.5833330154418945,0.5833330154418945,0.5833330154418945,0.47620290517807007,0
2014-11-20,0.5451380014419556,0.5902770161628723,0.5451380014419556,0.5763880014419556,0.4705333411693573,182016
2014-11-21,0.5902770161628723,0.6006940007209778,0.5902770161628723,0.6006940007209778,0.4903753995895386,23040
2014-11-24,0.5833330154418945,0.586804986000061,0.5590270161628723,0.5659719705581665,0.46203017234802246,46080
2014-11-25,0.5659719705581665,0.5659719705581665,0.5659719705581665,0.5659719705581665,0.46203017234802246,0
2014-11-26,0.5659719705581665,0.5833330154418945,0.5520830154418945,0.5798609852790833,0.47336849570274353,311040
2014-11-27,0.5798609852790833,0.5798609852790833,0.5798609852790833,0.5798609852790833,0.47336849570274353,0
2014-11-28,0.555554986000061,0.5625,0.555554986000061,0.5625,0.4591958820819855,241920
2014-12-01,0.5625,0.5625,0.5625,0.5625,0.4591958820819855,0
2014-12-02,0.5625,0.5625,0.5625,0.5625,0.4591958820819855,0
2014-12-03,0.5625,0.5625,0.5625,0.5625,0.4591958820819855,0
2014-12-04,0.5486109852790833,0.5486109852790833,0.5486109852790833,0.5590270161628723,0.45636075735092163,23040
2014-12-05,0.5590270161628723,0.5625,0.5590270161628723,0.5625,0.4591958820819855,155520
2014-12-08,0.5694440007209778,0.5694440007209778,0.5625,0.5625,0.4591958820819855,103680
2014-12-09,0.5625,0.5625,0.5625,0.5625,0.4591958820819855,0
2014-12-10,0.5416659712791443,0.5486109852790833,0.5208330154418945,0.555554986000061,0.4535263180732727,334080
2014-12-11,0.5451380014419556,0.5451380014419556,0.5381940007209778,0.5590270161628723,0.45636075735092163,28800
2014-12-12,0.5625,0.5625,0.5625,0.5590270161628723,0.45636075735092163,5760
2014-12-15,0.5590270161628723,0.5590270161628723,0.5590270161628723,0.5590270161628723,0.45636075735092163,0
2014-12-16,0.555554986000061,0.5590270161628723,0.555554986000061,0.555554986000061,0.4535263180732727,132480
2014-12-17,0.5590270161628723,0.5590270161628723,0.5590270161628723,0.555554986000061,0.4535263180732727,97920
2014-12-18,0.555554986000061,0.555554986000061,0.555554986000061,0.555554986000061,0.4535263180732727,0
2014-12-19,0.5381940007209778,0.5590270161628723,0.5381940007209778,0.555554986000061,0.4535263180732727,300672
2014-12-22,0.555554986000061,0.555554986000061,0.555554986000061,0.555554986000061,0.4535263180732727,0
2014-12-23,0.555554986000061,0.555554986000061,0.555554986000061,0.555554986000061,0.4535263180732727,0
2014-12-24,0.555554986000061,0.555554986000061,0.555554986000061,0.555554986000061,0.4535263180732727,0
2014-12-29,0.555554986000061,0.555554986000061,0.555554986000061,0.555554986000061,0.4535263180732727,0
2014-12-30,0.5659719705581665,0.5659719705581665,0.5659719705581665,0.555554986000061,0.4535263180732727,74880
2014-12-31,0.5520830154418945,0.5729159712791443,0.5520830154418945,0.5729159712791443,0.46769896149635315,17280
2015-01-02,0.5416659712791443,0.5520830154418945,0.5416659712791443,0.5520830154418945,0.45069199800491333,144000
2015-01-05,0.5520830154418945,0.5520830154418945,0.5520830154418945,0.5520830154418945,0.45069199800491333,0
2015-01-06,0.555554986000061,0.555554986000061,0.555554986000061,0.555554986000061,0.4535263180732727,17280
2015-01-07,0.555554986000061,0.555554986000061,0.555554986000061,0.555554986000061,0.4535263180732727,0
2015-01-08,0.5381940007209778,0.555554986000061,0.5381940007209778,0.555554986000061,0.4535263180732727,236160
2015-01-09,0.555554986000061,0.555554986000061,0.555554986000061,0.555554986000061,0.4535263180732727,0
2015-01-12,0.555554986000061,0.555554986000061,0.555554986000061,0.555554986000061,0.4535263180732727,69120
2015-01-13,0.555554986000061,0.555554986000061,0.5520830154418945,0.5520830154418945,0.45069199800491333,11520
2015-01-14,0.524304986000061,0.5451380014419556,0.5069440007209778,0.5208330154418945,0.425181120634079,437760
2015-01-15,0.5416659712791443,0.5416659712791443,0.5416659712791443,0.5416659712791443,0.442188024520874,5760
2015-01-16,0.5416659712791443,0.5416659712791443,0.5416659712791443,0.5416659712791443,0.442188024520874,0
2015-01-19,0.5416659712791443,0.5416659712791443,0.5416659712791443,0.5416659712791443,0.442188024520874,0
2015-01-20,0.5416659712791443,0.5416659712791443,0.5416659712791443,0.5416659712791443,0.442188024520874,0
2015-01-21,0.5173609852790833,0.5486109852790833,0.5104159712791443,0.5138880014419556,0.4195115566253662,57600
2015-01-22,0.5069440007209778,0.5069440007209778,0.5,0.5208330154418945,0.425181120634079,253440
2015-01-23,0.5208330154418945,0.5208330154418945,0.5208330154418945,0.5208330154418945,0.425181120634079,0
2015-01-26,0.5208330154418945,0.5208330154418945,0.5208330154418945,0.5208330154418945,0.425181120634079,0
2015-01-27,0.5208330154418945,0.5208330154418945,0.5208330154418945,0.5208330154418945,0.425181120634079,0
2015-01-28,0.5208330154418945,0.5208330154418945,0.5208330154418945,0.5208330154418945,0.425181120634079,0
2015-01-29,0.5208330154418945,0.5208330154418945,0.5208330154418945,0.5208330154418945,0.425181120634079,0
2015-01-30,0.5208330154418945,0.5208330154418945,0.5208330154418945,0.5208330154418945,0.425181120634079,0
2015-02-02,0.5347219705581665,0.5381940007209778,0.5347219705581665,0.5347219705581665,0.4365193545818329,57600
2015-02-03,0.5347219705581665,0.5347219705581665,0.5208330154418945,0.53125,0.4336850047111511,126720
2015-02-04,0.5277770161628723,0.5277770161628723,0.5277770161628723,0.5277770161628723,0.4308498501777649,230400
2015-02-05,0.5277770161628723,0.5277770161628723,0.5277770161628723,0.5277770161628723,0.4308498501777649,0
2015-02-06,0.5277770161628723,0.5277770161628723,0.5277770161628723,0.5277770161628723,0.4308498501777649,0
2015-02-09,0.5277770161628723,0.5277770161628723,0.5277770161628723,0.5277770161628723,0.4308498501777649,0
2015-02-10,0.5034719705581665,0.5208330154418945,0.5034719705581665,0.5208330154418945,0.425181120634079,69120
2015-02-11,0.5034719705581665,0.5138880014419556,0.4965269863605499,0.5138880014419556,0.4195115566253662,51840
2015-02-12,0.5138880014419556,0.5138880014419556,0.5138880014419556,0.5138880014419556,0.4195115566253662,0
2015-02-13,0.5138880014419556,0.5138880014419556,0.5138880014419556,0.5138880014419556,0.4195115566253662,0
2015-02-16,0.5138880014419556,0.5138880014419556,0.5138880014419556,0.5138880014419556,0.4195115566253662,0
2015-02-17,0.5034719705581665,0.5034719705581665,0.5034719705581665,0.5034719705581665,0.41100844740867615,51840
2015-02-18,0.4722220003604889,0.5034719705581665,0.46180498600006104,0.5034719705581665,0.41100844740867615,161280
2015-02-23,0.5034719705581665,0.5034719705581665,0.5034719705581665,0.5034719705581665,0.41100844740867615,0
2015-02-24,0.5034719705581665,0.5034719705581665,0.5034719705581665,0.5034719705581665,0.41100844740867615,0
2015-02-25,0.5034719705581665,0.5034719705581665,0.5034719705581665,0.5034719705581665,0.41100844740867615,0
2015-02-26,0.5173609852790833,0.5173609852790833,0.5173609852790833,0.5173609852790833,0.42234674096107483,11520
2015-02-27,0.5173609852790833,0.5173609852790833,0.5173609852790833,0.5173609852790833,0.42234674096107483,0
2015-03-02,0.5173609852790833,0.5173609852790833,0.5173609852790833,0.5173609852790833,0.42234674096107483,0
2015-03-03,0.5173609852790833,0.5173609852790833,0.5173609852790833,0.5173609852790833,0.42234674096107483,0
2015-03-04,0.5173609852790833,0.5173609852790833,0.5173609852790833,0.5173609852790833,0.42234674096107483,0
2015-03-05,0.5173609852790833,0.5173609852790833,0.5173609852790833,0.5173609852790833,0.42234674096107483,0
2015-03-06,0.5173609852790833,0.5173609852790833,0.5173609852790833,0.5173609852790833,0.42234674096107483,0
2015-03-09,0.5208330154418945,0.5173609852790833,0.5173609852790833,0.5173609852790833,0.42234674096107483,115200
2015-03-10,0.5208330154418945,0.5173609852790833,0.5173609852790833,0.5173609852790833,0.42234674096107483,46080
2015-03-11,0.5173609852790833,0.5173609852790833,0.5173609852790833,0.5173609852790833,0.42234674096107483,0
2015-03-12,0.5173609852790833,0.5173609852790833,0.5173609852790833,0.5173609852790833,0.42234674096107483,0
2015-03-13,0.5173609852790833,0.5173609852790833,0.5173609852790833,0.5173609852790833,0.42234674096107483,0
2015-03-16,0.5173609852790833,0.5173609852790833,0.5173609852790833,0.5173609852790833,0.42234674096107483,0
2015-03-17,0.5138880014419556,0.5138880014419556,0.5034719705581665,0.5138880014419556,0.4195115566253662,351360
2015-03-18,0.524304986000061,0.524304986000061,0.524304986000061,0.524304986000061,0.4280153810977936,57600
2015-03-19,0.5208330154418945,0.5208330154418945,0.5208330154418945,0.5208330154418945,0.425181120634079,115200
2015-03-20,0.5208330154418945,0.5208330154418945,0.5173609852790833,0.5208330154418945,0.425181120634079,144000
2015-03-23,0.5208330154418945,0.5208330154418945,0.5208330154418945,0.5208330154418945,0.425181120634079,230400
2015-03-24,0.5208330154418945,0.5208330154418945,0.5208330154418945,0.5208330154418945,0.425181120634079,420480
2015-03-25,0.5694440007209778,0.5763880014419556,0.5451380014419556,0.5729159712791443,0.46769896149635315,1157760
2015-03-26,0.5729159712791443,0.5729159712791443,0.53125,0.5729159712791443,0.46769896149635315,1400256
2015-03-27,0.5833330154418945,0.6111109852790833,0.5625,0.6111109852790833,0.4988793730735779,1128960
2015-03-30,0.6111109852790833,0.6423609852790833,0.6041659712791443,0.6423609852790833,0.5243902802467346,1693440
2015-03-31,0.6527770161628723,0.6770830154418945,0.6597219705581665,0.6666659712791443,0.5442315936088562,1537920
2015-04-01,0.6423609852790833,0.6458330154418945,0.6423609852790833,0.6458330154418945,0.5272246599197388,80640
2015-04-02,0.6423609852790833,0.6770830154418945,0.6423609852790833,0.6631940007209778,0.541397213935852,979200
2015-04-08,0.6597219705581665,0.6770830154418945,0.6597219705581665,0.6597219705581665,0.5385628342628479,230400
2015-04-09,0.6875,0.6875,0.6631940007209778,0.6666659712791443,0.5442315936088562,397440
2015-04-10,0.6666659712791443,0.680554986000061,0.65625,0.680554986000061,0.5555698871612549,155520
2015-04-13,0.6875,0.7951380014419556,0.680554986000061,0.7638880014419556,0.6235986351966858,2278080
2015-04-14,0.7673609852790833,0.9895830154418945,0.7673609852790833,0.9895830154418945,0.807844340801239,3887424
2015-04-15,0.993054986000061,1.236111044883728,0.9722219705581665,1.086804986000061,0.8872113823890686,3368736
2015-04-16,1.086804986000061,1.086804986000061,0.9375,0.9548609852790833,0.7794991135597229,2517120
2015-04-17,0.9548609852790833,0.9965270161628723,0.9548609852790833,0.993054986000061,0.8106787204742432,512640
2015-04-20,1.0,1.1458330154418945,0.993054986000061,1.024304986000061,0.8361895680427551,1140480
2015-04-21,1.072916030883789,1.09375,1.0520830154418945,1.079861044883728,0.8815426230430603,351360
2015-04-22,1.0972219705581665,1.125,1.079861044883728,1.079861044883728,0.8815426230430603,311040
2015-04-23,1.0763880014419556,1.1076380014419556,1.0763880014419556,1.09375,0.892880916595459,581760
2015-04-24,1.111111044883728,1.111111044883728,1.111111044883728,1.111111044883728,0.9070534706115723,293760
2015-04-27,1.111111044883728,1.111111044883728,1.038193941116333,1.0590269565582275,0.864534854888916,377280
2015-04-28,1.0625,1.069443941116333,1.006943941116333,1.038193941116333,0.847527801990509,944640
2015-04-29,1.038193941116333,1.041666030883789,0.9861109852790833,1.041666030883789,0.850362241268158,599040
2015-04-30,1.0451380014419556,1.0451380014419556,0.9756940007209778,1.0277769565582275,0.8390239477157593,103680
2015-05-04,1.0208330154418945,1.024304986000061,0.9965270161628723,1.024304986000061,0.8361895680427551,92160
2015-05-05,1.0277769565582275,1.0277769565582275,1.006943941116333,1.0277769565582275,0.8390239477157593,224640
2015-05-06,0.9479159712791443,0.9722219705581665,0.8229159712791443,0.96875,0.7908373475074768,351360
2015-05-07,0.8958330154418945,0.9340270161628723,0.8958330154418945,0.9340270161628723,0.7624912858009338,374400
2015-05-08,0.9375,1.017361044883728,0.9375,1.017361044883728,0.8305208683013916,501120
2015-05-11,1.0,1.041666030883789,1.0,1.0347219705581665,0.8446934819221497,63360
2015-05-12,0.9791659712791443,1.0034719705581665,0.9722219705581665,1.0034719705581665,0.8191826343536377,63360
2015-05-13,1.017361044883728,1.03125,0.9548609852790833,1.006943941116333,0.8220168948173523,115200
2015-05-14,0.9826380014419556,1.010416030883789,0.9826380014419556,1.010416030883789,0.824851393699646,34560
2015-05-15,0.9791659712791443,1.006943941116333,0.96875,1.0,0.8163482546806335,132480
2015-05-18,0.9548609852790833,0.9965270161628723,0.9131940007209778,0.9826380014419556,0.8021748661994934,362880
2015-05-19,0.9791659712791443,0.9895830154418945,0.9791659712791443,0.9895830154418945,0.807844340801239,92160
2015-05-20,0.9895830154418945,1.0277769565582275,0.9791659712791443,1.0,0.8163482546806335,288000
2015-05-21,0.9756940007209778,0.9965270161628723,0.9375,0.9965270161628723,0.8135129809379578,328320
2015-05-22,0.9861109852790833,0.9861109852790833,0.9444440007209778,0.9826380014419556,0.8021748661994934,236160
2015-05-26,0.9895830154418945,0.9895830154418945,0.9722219705581665,0.9756940007209778,0.7965060472488403,224640
2015-05-27,0.9895830154418945,1.0034719705581665,0.9444440007209778,0.9548609852790833,0.7794991135597229,432000
2015-05-28,0.9513880014419556,0.9756940007209778,0.9444440007209778,0.9444440007209778,0.7709952592849731,247680
2015-05-29,0.9479159712791443,0.9479159712791443,0.9375,0.9548609852790833,0.7794991135597229,385920
2015-06-01,0.9722219705581665,0.9861109852790833,0.9409719705581665,0.9861109852790833,0.8050099015235901,247680
2015-06-02,0.9826380014419556,0.9965270161628723,0.9097219705581665,0.9722219705581665,0.7936716079711914,403200
2015-06-03,0.9895830154418945,0.9895830154418945,0.9895830154418945,0.9895830154418945,0.807844340801239,11520
2015-06-04,0.9895830154418945,0.9895830154418945,0.9895830154418945,0.9895830154418945,0.807844340801239,0
2015-06-05,0.9895830154418945,0.9895830154418945,0.9895830154418945,0.9895830154418945,0.807844340801239,0
2015-06-08,0.96875,0.96875,0.899304986000061,0.9375,0.7653264403343201,264960
2015-06-09,0.9375,0.9375,0.8854159712791443,0.899304986000061,0.7479977011680603,432000
2015-06-10,0.9201380014419556,0.9444440007209778,0.9131940007209778,0.9375,0.7797664999961853,408960
2015-06-11,0.90625,0.9722219705581665,0.90625,0.9548609852790833,0.7942065000534058,426240
2015-06-12,0.9722219705581665,0.9756940007209778,0.96875,0.96875,0.8057587146759033,115200
2015-06-15,0.993054986000061,0.993054986000061,0.9826380014419556,0.9895830154418945,0.823086678981781,483840
2015-06-16,0.9895830154418945,0.993054986000061,0.9895830154418945,0.993054986000061,0.8259743452072144,190080
2015-06-17,0.9965270161628723,1.048611044883728,0.9965270161628723,1.048611044883728,0.8721832633018494,1209600
2015-06-18,1.0625,1.163193941116333,1.041666030883789,1.0625,0.8837352991104126,1374912
2015-06-19,1.0625,1.0625,0.9895830154418945,0.9895830154418945,0.823086678981781,518400
2015-06-22,0.9722219705581665,0.9722219705581665,0.868054986000061,0.9201380014419556,0.7653256058692932,921600
2015-06-23,0.930554986000061,1.0451380014419556,0.930554986000061,1.041666030883789,0.8664067387580872,1105920
2015-06-24,0.9965270161628723,1.03125,0.993054986000061,1.03125,0.8577431440353394,259200
2015-06-25,1.038193941116333,1.038193941116333,1.006943941116333,1.03125,0.8577431440353394,483840
2015-06-26,1.006943941116333,1.069443941116333,0.9861109852790833,1.069443941116333,0.8895110487937927,1244160
2015-06-29,1.017361044883728,1.0347219705581665,0.9722219705581665,1.006943941116333,0.8375265598297119,794882
2015-06-30,1.006943941116333,1.055554986000061,1.006943941116333,1.041666030883789,0.8664067387580872,708480
2015-07-02,1.0659719705581665,1.0659719705581665,1.041666030883789,1.041666030883789,0.8664067387580872,207360
2015-07-03,1.069443941116333,1.069443941116333,0.9548609852790833,0.9548609852790833,0.7942065000534058,737280
2015-07-06,0.9270830154418945,0.9375,0.7986109852790833,0.8159719705581665,0.6786854863166809,1065600
2015-07-07,0.9027770161628723,0.90625,0.7986109852790833,0.7986109852790833,0.6642454266548157,685440
2015-07-08,0.8194440007209778,0.8194440007209778,0.65625,0.6597219705581665,0.5487244725227356,817920
2015-07-09,0.7083330154418945,0.8854159712791443,0.7048609852790833,0.8854159712791443,0.7364455461502075,823680
2015-07-10,0.9097219705581665,0.9722219705581665,0.9097219705581665,0.96875,0.8057587146759033,236160
2015-07-13,0.96875,0.96875,0.96875,0.9722219705581665,0.808646559715271,28800
2015-07-14,0.9722219705581665,0.9722219705581665,0.9722219705581665,0.9722219705581665,0.808646559715271,57600
2015-07-15,0.9722219705581665,0.9756940007209778,0.961804986000061,0.961804986000061,0.7999821305274963,201600
2015-07-16,0.9965270161628723,1.0,0.9965270161628723,1.0,0.8317508697509766,86400
2015-07-17,0.9756940007209778,0.9756940007209778,0.9722219705581665,0.9722219705581665,0.808646559715271,414720
2015-07-20,0.9756940007209778,1.0,0.9756940007209778,0.9861109852790833,0.8201987147331238,80640
2015-07-21,1.0,1.0208330154418945,0.9895830154418945,1.0138880014419556,0.8433023691177368,178560
2015-07-22,1.0,1.006943941116333,1.0,1.006943941116333,0.8375265598297119,138240
2015-07-23,0.9895830154418945,0.9895830154418945,0.9895830154418945,0.9965270161628723,0.8288622498512268,17280
2015-07-24,0.9965270161628723,0.9965270161628723,0.9965270161628723,0.9965270161628723,0.8288622498512268,0
2015-07-27,0.9965270161628723,1.0451380014419556,0.9756940007209778,1.006943941116333,0.8375265598297119,1987200
2015-07-28,0.9895830154418945,1.024304986000061,0.9895830154418945,1.006943941116333,0.8375265598297119,195840
2015-07-29,1.006943941116333,1.006943941116333,1.006943941116333,1.006943941116333,0.8375265598297119,5760
2015-07-30,1.0034719705581665,1.006943941116333,0.9826380014419556,1.0034719705581665,0.834638774394989,92160
2015-07-31,1.006943941116333,1.006943941116333,1.006943941116333,1.006943941116333,0.8375265598297119,34560
2015-08-03,0.9826380014419556,1.041666030883789,0.9652770161628723,1.006943941116333,0.8375265598297119,754560
2015-08-04,1.0034719705581665,1.006943941116333,1.0034719705581665,1.0034719705581665,0.834638774394989,144000
2015-08-05,1.006943941116333,1.024304986000061,1.006943941116333,1.024304986000061,0.8519666790962219,104832
2015-08-06,1.0138880014419556,1.0138880014419556,1.0034719705581665,1.0138880014419556,0.8433023691177368,259200
2015-08-07,1.0138880014419556,1.0138880014419556,1.0138880014419556,1.0138880014419556,0.8433023691177368,0
2015-08-10,1.017361044883728,1.024304986000061,1.017361044883728,1.024304986000061,0.8519666790962219,74880
2015-08-11,1.017361044883728,1.024304986000061,0.9236109852790833,1.024304986000061,0.8519666790962219,334080
2015-08-12,1.010416030883789,1.024304986000061,1.006943941116333,1.0138880014419556,0.8433023691177368,673920
2015-08-13,1.024304986000061,1.024304986000061,1.024304986000061,1.024304986000061,0.8519666790962219,126720
2015-08-14,1.024304986000061,1.024304986000061,1.0208330154418945,1.024304986000061,0.8519666790962219,172800
2015-08-17,1.024304986000061,1.024304986000061,1.024304986000061,1.024304986000061,0.8519666790962219,46080
2015-08-18,1.024304986000061,1.024304986000061,1.024304986000061,1.024304986000061,0.8519666790962219,74880
2015-08-19,1.041666030883789,1.041666030883789,1.017361044883728,1.024304986000061,0.8519666790962219,195840
2015-08-20,1.024304986000061,1.024304986000061,1.0138880014419556,1.017361044883728,0.8461910486221313,126720
2015-08-21,1.017361044883728,1.017361044883728,1.010416030883789,1.010416030883789,0.8404144644737244,501120
2015-08-24,0.9201380014419556,0.9270830154418945,0.9201380014419556,0.9270830154418945,0.7711021900177002,63360
2015-08-25,0.9583330154418945,0.961804986000061,0.9583330154418945,0.961804986000061,0.7999821305274963,51840
2015-08-26,0.9722219705581665,0.9722219705581665,0.90625,0.9166659712791443,0.7624377608299255,51840
2015-08-27,0.9652770161628723,0.9722219705581665,0.9652770161628723,0.9722219705581665,0.808646559715271,69120
2015-08-28,0.9722219705581665,0.9826380014419556,0.9722219705581665,0.9791659712791443,0.8144221305847168,40320
2015-08-31,0.9861109852790833,0.9895830154418945,0.9861109852790833,0.9895830154418945,0.823086678981781,46080
2015-09-01,0.9791659712791443,0.9895830154418945,0.9791659712791443,0.9791659712791443,0.8144221305847168,184320
2015-09-02,0.9826380014419556,0.9895830154418945,0.9826380014419556,0.9826380014419556,0.8173102140426636,322560
2015-09-04,0.9756940007209778,0.9895830154418945,0.9722219705581665,0.9895830154418945,0.823086678981781,403200
2015-09-07,0.9895830154418945,0.9895830154418945,0.9895830154418945,0.9895830154418945,0.823086678981781,0
2015-09-08,0.9895830154418945,0.9895830154418945,0.9895830154418945,0.9895830154418945,0.823086678981781,0
2015-09-09,0.9895830154418945,0.9895830154418945,0.9895830154418945,0.9895830154418945,0.823086678981781,0
2015-09-10,1.006943941116333,1.006943941116333,1.006943941116333,1.006943941116333,0.8375265598297119,57600
2015-09-11,1.006943941116333,1.006943941116333,1.006943941116333,1.006943941116333,0.8375265598297119,144000
2015-09-14,1.017361044883728,1.0277769565582275,1.017361044883728,1.024304986000061,0.8519666790962219,351360
2015-09-15,1.024304986000061,1.024304986000061,1.024304986000061,1.024304986000061,0.8519666790962219,0
2015-09-16,1.024304986000061,1.024304986000061,1.024304986000061,1.024304986000061,0.8519666790962219,0
2015-09-17,1.017361044883728,1.0277769565582275,1.0138880014419556,1.024304986000061,0.8519666790962219,1146240
2015-09-18,1.0138880014419556,1.024304986000061,1.0138880014419556,1.0138880014419556,0.8433023691177368,213120
2015-09-21,1.024304986000061,1.0277769565582275,1.024304986000061,1.0277769565582275,0.8548544645309448,92160
2015-09-22,1.0347219705581665,1.038193941116333,1.03125,1.03125,0.8577431440353394,115200
2015-09-23,1.041666030883789,1.0590269565582275,1.041666030883789,1.055554986000061,0.8779588341712952,201600
2015-09-24,1.041666030883789,1.041666030883789,1.0347219705581665,1.0347219705581665,0.860630989074707,11520
2015-09-25,1.041666030883789,1.041666030883789,1.041666030883789,1.041666030883789,0.8664067387580872,92160
2015-09-29,1.069443941116333,1.0763880014419556,1.0138880014419556,1.041666030883789,0.8664067387580872,1505088
2015-09-30,1.069443941116333,1.069443941116333,1.069443941116333,1.069443941116333,0.8895110487937927,470592
2015-10-02,1.041666030883789,1.041666030883789,1.041666030883789,1.041666030883789,0.8664067387580872,11520
2015-10-05,1.041666030883789,1.041666030883789,1.041666030883789,1.041666030883789,0.8664067387580872,0
2015-10-06,1.041666030883789,1.041666030883789,1.041666030883789,1.041666030883789,0.8664067387580872,0
2015-10-07,1.041666030883789,1.041666030883789,1.041666030883789,1.041666030883789,0.8664067387580872,0
2015-10-08,1.041666030883789,1.041666030883789,1.041666030883789,1.041666030883789,0.8664067387580872,0
2015-10-09,1.0590269565582275,1.041666030883789,1.041666030883789,1.0590269565582275,0.8808466792106628,5760
2015-10-12,1.0590269565582275,1.0590269565582275,1.0590269565582275,1.0590269565582275,0.8808466792106628,11520
2015-10-13,1.0590269565582275,1.0590269565582275,1.0590269565582275,1.0590269565582275,0.8808466792106628,0
2015-10-14,1.0590269565582275,1.0590269565582275,1.0590269565582275,1.0590269565582275,0.8808466792106628,0
2015-10-15,1.0590269565582275,1.0590269565582275,1.0590269565582275,1.0590269565582275,0.8808466792106628,0
2015-10-16,1.0277769565582275,1.0277769565582275,1.0277769565582275,1.0277769565582275,0.8548544645309448,5760
2015-10-19,1.0277769565582275,1.0277769565582275,1.0138880014419556,1.0138880014419556,0.8433023691177368,69120
2015-10-20,1.0138880014419556,1.0138880014419556,1.0138880014419556,1.0138880014419556,0.8433023691177368,0
2015-10-22,1.0138880014419556,1.0277769565582275,1.0138880014419556,1.0138880014419556,0.8433023691177368,11520
2015-10-23,1.0138880014419556,1.0138880014419556,1.0138880014419556,1.0138880014419556,0.8433023691177368,0
2015-10-26,1.0138880014419556,0.9861109852790833,0.9756940007209778,0.9965270161628723,0.8288622498512268,69120
2015-10-27,0.9965270161628723,0.9965270161628723,0.9965270161628723,0.9965270161628723,0.8288622498512268,0
2015-10-28,1.006943941116333,1.006943941116333,1.006943941116333,1.006943941116333,0.8375265598297119,5760
2015-10-29,1.038193941116333,1.038193941116333,1.038193941116333,1.038193941116333,0.8635187149047852,97920
2015-10-30,1.038193941116333,1.038193941116333,1.038193941116333,1.038193941116333,0.8635187149047852,0
2015-11-02,1.041666030883789,1.041666030883789,1.041666030883789,1.041666030883789,0.8664067387580872,57600
2015-11-03,1.041666030883789,1.041666030883789,1.041666030883789,1.041666030883789,0.8664067387580872,57600
2015-11-04,1.041666030883789,1.1076380014419556,1.041666030883789,1.0763880014419556,0.8952866792678833,115200
2015-11-05,1.0451380014419556,1.0451380014419556,1.0451380014419556,1.041666030883789,0.8664067387580872,28800
2015-11-06,1.041666030883789,1.041666030883789,1.041666030883789,1.041666030883789,0.8664067387580872,0
2015-11-09,1.041666030883789,1.041666030883789,1.041666030883789,1.041666030883789,0.8664067387580872,0
2015-11-10,1.006943941116333,1.006943941116333,1.006943941116333,1.0138880014419556,0.8433023691177368,5760
2015-11-11,1.0138880014419556,1.0138880014419556,1.0138880014419556,1.0138880014419556,0.8433023691177368,0
2015-11-12,1.041666030883789,1.0590269565582275,1.041666030883789,1.0590269565582275,0.8808466792106628,311040
2015-11-13,1.0590269565582275,1.0590269565582275,1.0590269565582275,1.0590269565582275,0.8808466792106628,0
2015-11-16,1.038193941116333,1.038193941116333,1.038193941116333,1.041666030883789,0.8664067387580872,23040
2015-11-17,1.038193941116333,1.038193941116333,1.038193941116333,1.038193941116333,0.8635187149047852,5760
2015-11-18,1.038193941116333,1.041666030883789,1.038193941116333,1.041666030883789,0.8664067387580872,23040
2015-11-19,1.038193941116333,1.041666030883789,1.038193941116333,1.041666030883789,0.8664067387580872,34560
2015-11-20,1.0138880014419556,1.0138880014419556,1.0138880014419556,1.017361044883728,0.8461910486221313,23040
2015-11-23,1.0590269565582275,1.0590269565582275,1.041666030883789,1.041666030883789,0.8664067387580872,288000
2015-11-24,1.041666030883789,1.041666030883789,1.041666030883789,1.041666030883789,0.8664067387580872,0
2015-11-25,1.041666030883789,1.041666030883789,1.041666030883789,1.041666030883789,0.8664067387580872,0
2015-11-26,1.041666030883789,1.041666030883789,1.041666030883789,1.041666030883789,0.8664067387580872,0
2015-11-27,1.041666030883789,1.041666030883789,1.041666030883789,1.041666030883789,0.8664067387580872,0
2015-11-30,1.041666030883789,1.041666030883789,1.041666030883789,1.041666030883789,0.8664067387580872,0
2015-12-01,1.041666030883789,1.041666030883789,1.041666030883789,1.041666030883789,0.8664067387580872,0
2015-12-02,1.041666030883789,1.041666030883789,1.041666030883789,1.041666030883789,0.8664067387580872,0
2015-12-03,1.041666030883789,1.041666030883789,1.041666030883789,1.041666030883789,0.8664067387580872,28800
2015-12-04,1.041666030883789,1.041666030883789,1.041666030883789,1.041666030883789,0.8664067387580872,0
2015-12-07,1.041666030883789,1.041666030883789,1.041666030883789,1.041666030883789,0.8664067387580872,0
2015-12-08,1.041666030883789,1.041666030883789,1.041666030883789,1.041666030883789,0.8664067387580872,0
2015-12-09,1.041666030883789,1.041666030883789,1.041666030883789,1.041666030883789,0.8664067387580872,0
2015-12-10,1.041666030883789,1.041666030883789,1.041666030883789,1.041666030883789,0.8664067387580872,34560
2015-12-11,1.041666030883789,1.041666030883789,1.041666030883789,1.041666030883789,0.8664067387580872,0
2015-12-14,1.041666030883789,1.041666030883789,1.041666030883789,1.041666030883789,0.8664067387580872,0
2015-12-15,1.041666030883789,1.041666030883789,1.041666030883789,1.041666030883789,0.8664067387580872,0
2015-12-16,1.041666030883789,1.041666030883789,1.041666030883789,1.041666030883789,0.8664067387580872,0
2015-12-17,1.041666030883789,1.041666030883789,1.041666030883789,1.041666030883789,0.8664067387580872,28800
2015-12-18,1.038193941116333,1.041666030883789,1.038193941116333,1.03125,0.8577431440353394,201600
2015-12-21,1.041666030883789,1.041666030883789,1.041666030883789,1.038193941116333,0.8635187149047852,288000
2015-12-22,1.041666030883789,1.041666030883789,1.0347219705581665,1.0347219705581665,0.860630989074707,478080
2015-12-23,1.0347219705581665,1.0347219705581665,1.0347219705581665,1.0347219705581665,0.860630989074707,0
2015-12-24,1.0347219705581665,1.0347219705581665,1.0347219705581665,1.0347219705581665,0.860630989074707,0
2015-12-28,1.0347219705581665,1.0347219705581665,1.006943941116333,1.010416030883789,0.8404144644737244,420480
2015-12-29,1.010416030883789,1.010416030883789,1.010416030883789,1.010416030883789,0.8404144644737244,0
2015-12-30,1.010416030883789,1.010416030883789,1.010416030883789,1.010416030883789,0.8404144644737244,0
2015-12-31,1.0347219705581665,1.0347219705581665,1.0347219705581665,1.0347219705581665,0.860630989074707,63360
2016-01-04,1.0347219705581665,1.0347219705581665,1.0347219705581665,1.0347219705581665,0.860630989074707,0
2016-01-05,1.0347219705581665,1.0347219705581665,1.0347219705581665,1.0347219705581665,0.860630989074707,184320
2016-01-06,1.0347219705581665,1.0347219705581665,1.0347219705581665,1.0347219705581665,0.860630989074707,0
2016-01-07,1.0347219705581665,1.0347219705581665,1.0347219705581665,1.0347219705581665,0.860630989074707,0
2016-01-08,1.0347219705581665,1.0347219705581665,1.0347219705581665,1.0347219705581665,0.860630989074707,0
2016-01-11,1.0347219705581665,1.0347219705581665,1.0347219705581665,1.0347219705581665,0.860630989074707,0
2016-01-12,1.0347219705581665,1.0347219705581665,1.0347219705581665,1.0347219705581665,0.860630989074707,0
2016-01-13,1.0277769565582275,1.0277769565582275,1.0277769565582275,1.0277769565582275,0.8548544645309448,28800
2016-01-14,1.0277769565582275,1.0277769565582275,1.0277769565582275,1.0277769565582275,0.8548544645309448,0
2016-01-15,1.0277769565582275,1.0277769565582275,1.0277769565582275,1.0277769565582275,0.8548544645309448,0
2016-01-18,1.024304986000061,1.0277769565582275,0.9895830154418945,0.9895830154418945,0.823086678981781,115200
2016-01-19,0.9895830154418945,0.9895830154418945,0.9895830154418945,0.9895830154418945,0.823086678981781,144000
2016-01-20,0.9895830154418945,0.9895830154418945,0.9895830154418945,0.9895830154418945,0.823086678981781,0
2016-01-21,0.9895830154418945,0.9895830154418945,0.9895830154418945,0.9895830154418945,0.823086678981781,0
2016-01-22,0.9895830154418945,0.9895830154418945,0.9895830154418945,0.9895830154418945,0.823086678981781,0
2016-01-25,0.9895830154418945,0.9895830154418945,0.9895830154418945,0.9895830154418945,0.823086678981781,0
2016-01-26,0.9895830154418945,0.9895830154418945,0.9895830154418945,0.9895830154418945,0.823086678981781,0
2016-01-27,0.9895830154418945,0.9895830154418945,0.9895830154418945,0.9895830154418945,0.823086678981781,0
2016-01-28,0.9895830154418945,0.9895830154418945,0.9895830154418945,0.9895830154418945,0.823086678981781,0
2016-01-29,0.9895830154418945,0.9895830154418945,0.9722219705581665,0.9722219705581665,0.808646559715271,11520
2016-02-01,0.9895830154418945,0.9895830154418945,0.9861109852790833,0.9861109852790833,0.8201987147331238,40320
2016-02-02,0.9861109852790833,0.9861109852790833,0.9861109852790833,0.9861109852790833,0.8201987147331238,0
2016-02-03,0.9861109852790833,0.9861109852790833,0.9861109852790833,0.9861109852790833,0.8201987147331238,0
2016-02-04,0.9861109852790833,0.9861109852790833,0.9861109852790833,0.9861109852790833,0.8201987147331238,0
2016-02-05,0.9861109852790833,0.9861109852790833,0.9861109852790833,0.9861109852790833,0.8201987147331238,0
2016-02-11,0.9861109852790833,0.9861109852790833,0.9861109852790833,0.9861109852790833,0.8201987147331238,0
2016-02-12,0.9861109852790833,0.9861109852790833,0.9861109852790833,0.9861109852790833,0.8201987147331238,0
2016-02-15,0.9722219705581665,0.9722219705581665,0.9722219705581665,0.9722219705581665,0.808646559715271,11520
2016-02-16,0.9722219705581665,0.9722219705581665,0.9722219705581665,0.9895830154418945,0.823086678981781,28800
2016-02-17,0.9895830154418945,0.9895830154418945,0.9895830154418945,0.9895830154418945,0.823086678981781,0
2016-02-18,0.9895830154418945,0.9895830154418945,0.9895830154418945,0.9895830154418945,0.823086678981781,0
2016-02-19,0.9895830154418945,0.9895830154418945,0.9895830154418945,0.9895830154418945,0.823086678981781,0
2016-02-22,0.9895830154418945,0.9895830154418945,0.9895830154418945,0.9895830154418945,0.823086678981781,0
2016-02-23,0.9895830154418945,0.9895830154418945,0.9895830154418945,0.9895830154418945,0.823086678981781,0
2016-02-24,1.041666030883789,1.041666030883789,1.041666030883789,1.041666030883789,0.8664067387580872,57600
2016-02-25,0.9756940007209778,1.038193941116333,0.9756940007209778,1.038193941116333,0.8635187149047852,305280
2016-02-26,0.9895830154418945,0.9895830154418945,0.9895830154418945,0.993054986000061,0.8259743452072144,5760
2016-02-29,0.993054986000061,0.993054986000061,0.993054986000061,0.993054986000061,0.8259743452072144,0
2016-03-01,1.03125,1.03125,1.0277769565582275,1.0277769565582275,0.8548544645309448,201600
2016-03-02,1.0277769565582275,1.0277769565582275,1.0277769565582275,1.0277769565582275,0.8548544645309448,0
2016-03-03,1.0277769565582275,1.0277769565582275,1.0277769565582275,1.0277769565582275,0.8548544645309448,0
2016-03-04,1.0347219705581665,1.0347219705581665,1.0347219705581665,1.0347219705581665,0.860630989074707,144000
2016-03-07,0.9895830154418945,0.9895830154418945,0.9722219705581665,0.9722219705581665,0.808646559715271,316800
2016-03-08,0.9722219705581665,0.9722219705581665,0.9722219705581665,0.9722219705581665,0.808646559715271,0
2016-03-09,1.017361044883728,1.017361044883728,1.0,1.0,0.8317508697509766,155520
2016-03-10,1.0138880014419556,1.0138880014419556,0.96875,0.9722219705581665,0.808646559715271,97920
2016-03-11,0.9722219705581665,0.9722219705581665,0.9722219705581665,0.9722219705581665,0.808646559715271,0
2016-03-14,0.9722219705581665,0.9722219705581665,0.9722219705581665,0.9722219705581665,0.808646559715271,0
2016-03-15,1.0034719705581665,1.006943941116333,1.0034719705581665,1.006943941116333,0.8375265598297119,57600
2016-03-16,1.006943941116333,1.006943941116333,1.006943941116333,1.006943941116333,0.8375265598297119,0
2016-03-17,1.006943941116333,1.0277769565582275,1.006943941116333,1.0277769565582275,0.8548544645309448,109440
2016-03-18,1.041666030883789,1.041666030883789,1.0277769565582275,1.038193941116333,0.8635187149047852,86400
2016-03-21,1.069443941116333,1.0763880014419556,1.041666030883789,1.069443941116333,0.8895110487937927,339840
2016-03-22,1.069443941116333,1.149304986000061,1.069443941116333,1.149304986000061,0.9559353590011597,1578240
2016-03-23,1.149304986000061,1.149304986000061,1.1284719705581665,1.1284719705581665,0.9386075735092163,51840
2016-03-24,1.1284719705581665,1.1284719705581665,1.1284719705581665,1.1284719705581665,0.9386075735092163,0
2016-03-29,1.1284719705581665,1.1284719705581665,1.1284719705581665,1.1284719705581665,0.9386075735092163,0
2016-03-30,1.0590269565582275,1.086804986000061,1.055554986000061,1.086804986000061,0.9039509892463684,443520
2016-03-31,1.100693941116333,1.104166030883789,1.048611044883728,1.0902769565582275,0.9068388938903809,103680
2016-04-01,1.0833330154418945,1.086804986000061,1.0833330154418945,1.086804986000061,0.9039509892463684,115200
2016-04-05,1.09375,1.163193941116333,1.09375,1.163193941116333,0.9674876928329468,92160
2016-04-06,1.173611044883728,1.194443941116333,1.173611044883728,1.194443941116333,0.9934799671173096,881280
2016-04-07,1.1909719705581665,1.21875,1.1909719705581665,1.2152769565582275,1.0108076333999634,402048
2016-04-08,1.194443941116333,1.2083330154418945,1.194443941116333,1.197916030883789,0.9963679313659668,213120
2016-04-11,1.197916030883789,1.2013880014419556,1.197916030883789,1.2013880014419556,0.9992554187774658,115200
2016-04-12,1.2013880014419556,1.2152769565582275,1.2013880014419556,1.2152769565582275,1.0108076333999634,11520
2016-04-13,1.2326380014419556,1.2326380014419556,1.2326380014419556,1.2326380014419556,1.0252478122711182,28800
2016-04-14,1.225693941116333,1.25,1.225693941116333,1.2465269565582275,1.0367999076843262,144000
2016-04-15,1.267361044883728,1.3020830154418945,1.267361044883728,1.3020830154418945,1.0830087661743164,34560
2016-04-18,1.3020830154418945,1.3020830154418945,1.3020830154418945,1.3020830154418945,1.0830087661743164,0
2016-04-19,1.3020830154418945,1.3020830154418945,1.3020830154418945,1.3020830154418945,1.0830087661743164,34560
2016-04-20,1.3020830154418945,1.3020830154418945,1.3020830154418945,1.3020830154418945,1.0830087661743164,28800
2016-04-21,1.3020830154418945,1.3020830154418945,1.3020830154418945,1.3020830154418945,1.0830087661743164,0
2016-04-22,1.3020830154418945,1.3020830154418945,1.3020830154418945,1.3020830154418945,1.0830087661743164,0
2016-04-25,1.3159719705581665,1.319443941116333,1.3159719705581665,1.319443941116333,1.0974489450454712,17280
2016-04-26,1.3333330154418945,1.3333330154418945,1.322916030883789,1.322916030883789,1.1003366708755493,34560
2016-04-27,1.319443941116333,1.319443941116333,1.3020830154418945,1.3020830154418945,1.0830087661743164,34560
2016-04-28,1.3020830154418945,1.3020830154418945,1.3020830154418945,1.3020830154418945,1.0830087661743164,0
2016-04-29,1.3020830154418945,1.3020830154418945,1.3020830154418945,1.3020830154418945,1.0830087661743164,0
2016-05-03,1.3020830154418945,1.3020830154418945,1.3020830154418945,1.3020830154418945,1.0830087661743164,0
2016-05-04,1.3020830154418945,1.3020830154418945,1.3020830154418945,1.3020830154418945,1.0830087661743164,0
2016-05-05,1.3020830154418945,1.3020830154418945,1.3020830154418945,1.3020830154418945,1.0830087661743164,0
2016-05-06,1.3020830154418945,1.3020830154418945,1.3020830154418945,1.3020830154418945,1.0830087661743164,0
2016-05-09,1.2847219705581665,1.2847219705581665,1.2847219705581665,1.25,1.0396885871887207,11520
2016-05-10,1.25,1.25,1.25,1.25,1.0396885871887207,0
2016-05-11,1.25,1.25,1.25,1.25,1.0396885871887207,0
2016-05-12,1.25,1.25,1.25,1.25,1.0396885871887207,0
2016-05-13,1.163193941116333,1.197916030883789,1.163193941116333,1.197916030883789,0.9963679313659668,161280
2016-05-16,1.197916030883789,1.197916030883789,1.197916030883789,1.197916030883789,0.9963679313659668,0
2016-05-17,1.197916030883789,1.197916030883789,1.197916030883789,1.197916030883789,0.9963679313659668,0
2016-05-18,1.197916030883789,1.197916030883789,1.197916030883789,1.197916030883789,0.9963679313659668,0
2016-05-19,1.166666030883789,1.166666030883789,1.166666030883789,1.166666030883789,0.9703755378723145,34560
2016-05-20,1.197916030883789,1.2013880014419556,1.197916030883789,1.197916030883789,0.9963679313659668,86400
2016-05-23,1.197916030883789,1.2013880014419556,1.197916030883789,1.197916030883789,0.9963679313659668,374400
2016-05-24,1.197916030883789,1.25,1.197916030883789,1.25,1.0396885871887207,218880
2016-05-25,1.2534719705581665,1.274304986000061,1.25,1.274304986000061,1.0599043369293213,155520
2016-05-26,1.274304986000061,1.3020830154418945,1.274304986000061,1.3020830154418945,1.0830087661743164,34560
2016-05-27,1.3020830154418945,1.423611044883728,1.3020830154418945,1.423611044883728,1.1840897798538208,138240
2016-05-30,1.4513880014419556,1.4583330154418945,1.423611044883728,1.423611044883728,1.1840897798538208,501120
2016-05-31,1.40625,1.493054986000061,1.40625,1.493054986000061,1.2418497800827026,2482560
2016-06-01,1.461804986000061,1.461804986000061,1.4409719705581665,1.4409719705581665,1.198529601097107,311040
2016-06-02,1.423611044883728,1.423611044883728,1.3263880014419556,1.336804986000061,1.1118885278701782,34560
2016-06-03,1.336804986000061,1.336804986000061,1.336804986000061,1.336804986000061,1.1118885278701782,0
2016-06-06,1.354166030883789,1.3576380014419556,1.354166030883789,1.354166030883789,1.1263288259506226,11520
2016-06-07,1.354166030883789,1.354166030883789,1.354166030883789,1.354166030883789,1.1263288259506226,0
2016-06-08,1.354166030883789,1.354166030883789,1.354166030883789,1.354166030883789,1.1263288259506226,0
2016-06-10,1.354166030883789,1.354166030883789,1.354166030883789,1.354166030883789,1.1263288259506226,0
2016-06-13,1.354166030883789,1.354166030883789,1.354166030883789,1.354166030883789,1.1263288259506226,0
2016-06-14,1.354166030883789,1.354166030883789,1.354166030883789,1.354166030883789,1.1263288259506226,0
2016-06-15,1.3888880014419556,1.392361044883728,1.3888880014419556,1.3888880014419556,1.1552088260650635,92160
2016-06-16,1.3888880014419556,1.3888880014419556,1.3888880014419556,1.3888880014419556,1.1552088260650635,0
2016-06-17,1.3888880014419556,1.3888880014419556,1.3888880014419556,1.3888880014419556,1.1552088260650635,0
2016-06-20,1.3888880014419556,1.3888880014419556,1.3888880014419556,1.3888880014419556,1.1552088260650635,0
2016-06-21,1.3888880014419556,1.3888880014419556,1.3888880014419556,1.3888880014419556,1.1552088260650635,0
2016-06-22,1.3888880014419556,1.3888880014419556,1.3888880014419556,1.3888880014419556,1.1552088260650635,5760
2016-06-23,1.3888880014419556,1.3888880014419556,1.3888880014419556,1.3888880014419556,1.1552088260650635,0
2016-06-24,1.3888880014419556,1.3888880014419556,1.3888880014419556,1.3888880014419556,1.1552088260650635,0
2016-06-27,1.6875,1.6875,1.3888880014419556,1.423611044883728,1.1981679201126099,187200
2016-06-28,1.319443941116333,1.3402769565582275,1.25,1.319443941116333,1.1104968786239624,60480
2016-06-29,1.319443941116333,1.319443941116333,1.319443941116333,1.319443941116333,1.1104968786239624,0
2016-06-30,1.354166030883789,1.3888880014419556,1.354166030883789,1.3888880014419556,1.1689435243606567,11520
2016-07-04,1.3888880014419556,1.3888880014419556,1.3888880014419556,1.3888880014419556,1.1689435243606567,0
2016-07-05,1.3888880014419556,1.3888880014419556,1.3888880014419556,1.3888880014419556,1.1689435243606567,0
2016-07-06,1.256943941116333,1.319443941116333,1.25,1.319443941116333,1.1104968786239624,54720
2016-07-07,1.319443941116333,1.319443941116333,1.319443941116333,1.319443941116333,1.1104968786239624,0
2016-07-08,1.319443941116333,1.319443941116333,1.319443941116333,1.319443941116333,1.1104968786239624,0
2016-07-11,1.2708330154418945,1.3888880014419556,1.2708330154418945,1.3888880014419556,1.1689435243606567,77760
2016-07-12,1.3888880014419556,1.3888880014419556,1.3888880014419556,1.3888880014419556,1.1689435243606567,0
2016-07-13,1.3888880014419556,1.3888880014419556,1.3888880014419556,1.3888880014419556,1.1689435243606567,0
2016-07-14,1.3888880014419556,1.3888880014419556,1.3888880014419556,1.3888880014419556,1.1689435243606567,0
2016-07-15,1.3888880014419556,1.3888880014419556,1.3888880014419556,1.3888880014419556,1.1689435243606567,0
2016-07-18,1.3888880014419556,1.3888880014419556,1.3888880014419556,1.3888880014419556,1.1689435243606567,0
2016-07-19,1.25,1.25,1.25,1.2847219705581665,1.081273078918457,43200
2016-07-20,1.2847219705581665,1.2847219705581665,1.2847219705581665,1.2847219705581665,1.081273078918457,0
2016-07-21,1.2847219705581665,1.2847219705581665,1.2847219705581665,1.2847219705581665,1.081273078918457,0
2016-07-22,1.2847219705581665,1.2847219705581665,1.2847219705581665,1.2847219705581665,1.081273078918457,0
2016-07-25,1.2847219705581665,1.2847219705581665,1.2847219705581665,1.2847219705581665,1.081273078918457,0
2016-07-26,1.2847219705581665,1.2847219705581665,1.2847219705581665,1.2847219705581665,1.081273078918457,0
2016-07-27,1.2847219705581665,1.2847219705581665,1.2847219705581665,1.2847219705581665,1.081273078918457,0
2016-07-28,1.2847219705581665,1.2847219705581665,1.2847219705581665,1.2847219705581665,1.081273078918457,0
2016-07-29,1.2847219705581665,1.2847219705581665,1.2847219705581665,1.2847219705581665,1.081273078918457,0
2016-08-01,1.319443941116333,1.180554986000061,1.180554986000061,1.194443941116333,1.0052918195724487,512640
2016-08-02,1.194443941116333,1.194443941116333,1.194443941116333,1.194443941116333,1.0052918195724487,0
2016-08-03,1.194443941116333,1.194443941116333,1.194443941116333,1.194443941116333,1.0052918195724487,0
2016-08-04,1.3125,1.444443941116333,1.3125,1.361111044883728,1.145565390586853,60480
2016-08-05,1.361111044883728,1.361111044883728,1.361111044883728,1.354166030883789,1.1397202014923096,14400
2016-08-08,1.3402769565582275,1.354166030883789,1.3402769565582275,1.3402769565582275,1.128030776977539,28800
2016-08-09,1.3402769565582275,1.3402769565582275,1.3402769565582275,1.3402769565582275,1.128030776977539,0
2016-08-10,1.319443941116333,1.319443941116333,1.319443941116333,1.319443941116333,1.1104968786239624,72000
2016-08-11,1.319443941116333,1.319443941116333,1.319443941116333,1.319443941116333,1.1104968786239624,14400
2016-08-12,1.319443941116333,1.319443941116333,1.319443941116333,1.319443941116333,1.1104968786239624,0
2016-08-15,1.319443941116333,1.319443941116333,1.319443941116333,1.319443941116333,1.1104968786239624,0
2016-08-16,1.319443941116333,1.319443941116333,1.319443941116333,1.319443941116333,1.1104968786239624,0
2016-08-17,1.319443941116333,1.319443941116333,1.319443941116333,1.319443941116333,1.1104968786239624,0
2016-08-18,1.25,1.25,1.25,1.2847219705581665,1.081273078918457,46080
2016-08-19,1.2847219705581665,1.2847219705581665,1.2847219705581665,1.2847219705581665,1.081273078918457,0
2016-08-22,1.2847219705581665,1.2847219705581665,1.2847219705581665,1.2847219705581665,1.081273078918457,0
2016-08-23,1.2847219705581665,1.2847219705581665,1.2847219705581665,1.2847219705581665,1.081273078918457,0
2016-08-24,1.2847219705581665,1.2847219705581665,1.2847219705581665,1.2847219705581665,1.081273078918457,0
2016-08-25,1.2847219705581665,1.2847219705581665,1.2847219705581665,1.2847219705581665,1.081273078918457,0
2016-08-26,1.256943941116333,1.256943941116333,1.256943941116333,1.256943941116333,1.0578941106796265,5760
2016-08-29,1.256943941116333,1.256943941116333,1.256943941116333,1.256943941116333,1.0578941106796265,0
2016-08-30,1.256943941116333,1.256943941116333,1.256943941116333,1.256943941116333,1.0578941106796265,0
2016-08-31,1.256943941116333,1.256943941116333,1.256943941116333,1.256943941116333,1.0578941106796265,0
2016-09-01,1.256943941116333,1.256943941116333,1.256943941116333,1.256943941116333,1.0578941106796265,0
2016-09-02,1.256943941116333,1.256943941116333,1.256943941116333,1.256943941116333,1.0578941106796265,0
2016-09-05,1.256943941116333,1.256943941116333,1.256943941116333,1.256943941116333,1.0578941106796265,0
2016-09-06,1.2847219705581665,1.2847219705581665,1.2847219705581665,1.2847219705581665,1.081273078918457,2880
2016-09-07,1.2847219705581665,1.2847219705581665,1.2847219705581665,1.2847219705581665,1.081273078918457,0
2016-09-08,1.2847219705581665,1.2847219705581665,1.2847219705581665,1.2847219705581665,1.081273078918457,0
2016-09-09,1.2847219705581665,1.2847219705581665,1.2847219705581665,1.2847219705581665,1.081273078918457,0
2016-09-12,1.25,1.25,1.25,1.25,1.0520498752593994,28800
2016-09-13,1.25,1.25,1.25,1.25,1.0520498752593994,0
2016-09-14,1.25,1.25,1.25,1.25,1.0520498752593994,0
2016-09-15,1.2222219705581665,1.243054986000061,1.2222219705581665,1.243054986000061,1.0462045669555664,40320
2016-09-19,1.243054986000061,1.243054986000061,1.243054986000061,1.243054986000061,1.0462045669555664,0
2016-09-20,1.243054986000061,1.243054986000061,1.243054986000061,1.243054986000061,1.0462045669555664,14400
2016-09-21,1.243054986000061,1.243054986000061,1.243054986000061,1.243054986000061,1.0462045669555664,0
2016-09-22,1.243054986000061,1.243054986000061,1.243054986000061,1.243054986000061,1.0462045669555664,0
2016-09-23,1.243054986000061,1.243054986000061,1.243054986000061,1.243054986000061,1.0462045669555664,0
2016-09-26,1.243054986000061,1.243054986000061,1.243054986000061,1.243054986000061,1.0462045669555664,0
2016-09-27,1.243054986000061,1.243054986000061,1.243054986000061,1.243054986000061,1.0462045669555664,0
2016-09-28,1.243054986000061,1.243054986000061,1.243054986000061,1.243054986000061,1.0462045669555664,0
2016-09-29,1.243054986000061,1.243054986000061,1.243054986000061,1.243054986000061,1.0462045669555664,0
2016-09-30,1.243054986000061,1.243054986000061,1.243054986000061,1.243054986000061,1.0462045669555664,0
2016-10-03,1.243054986000061,1.243054986000061,1.243054986000061,1.243054986000061,1.0462045669555664,0
2016-10-04,1.243054986000061,1.243054986000061,1.243054986000061,1.243054986000061,1.0462045669555664,0
2016-10-05,1.243054986000061,1.243054986000061,1.243054986000061,1.243054986000061,1.0462045669555664,0
2016-10-06,1.243054986000061,1.243054986000061,1.243054986000061,1.243054986000061,1.0462045669555664,0
2016-10-07,1.243054986000061,1.243054986000061,1.243054986000061,1.243054986000061,1.0462045669555664,0
2016-10-11,1.236111044883728,1.25,1.166666030883789,1.25,1.0520498752593994,417600
2016-10-12,1.25,1.2847219705581665,1.25,1.25,1.0520498752593994,293760
2016-10-13,1.25,1.25,1.25,1.25,1.0520498752593994,216000
2016-10-14,1.25,1.25,1.25,1.25,1.0520498752593994,204480
2016-10-17,1.25,1.25,1.25,1.25,1.0520498752593994,72000
2016-10-18,1.25,1.25,1.25,1.25,1.0520498752593994,0
2016-10-19,1.25,1.25,1.25,1.25,1.0520498752593994,0
2016-10-20,1.25,1.25,1.25,1.25,1.0520498752593994,0
2016-10-21,1.25,1.25,1.25,1.25,1.0520498752593994,0
2016-10-24,1.2152769565582275,1.2152769565582275,1.2152769565582275,1.2152769565582275,1.0228254795074463,34560
2016-10-25,1.180554986000061,1.2847219705581665,1.180554986000061,1.2847219705581665,1.081273078918457,339840
2016-10-26,1.354166030883789,1.354166030883789,1.319443941116333,1.319443941116333,1.1104968786239624,1229760
2016-10-27,1.2847219705581665,1.2847219705581665,1.25,1.256943941116333,1.0578941106796265,144000
2016-10-28,1.256943941116333,1.256943941116333,1.256943941116333,1.256943941116333,1.0578941106796265,0
2016-10-31,1.256943941116333,1.256943941116333,1.25,1.256943941116333,1.0578941106796265,46080
2016-11-01,1.2847219705581665,1.2847219705581665,1.2847219705581665,1.2847219705581665,1.081273078918457,100800
2016-11-02,1.319443941116333,1.319443941116333,1.319443941116333,1.319443941116333,1.1104968786239624,14400
2016-11-03,1.319443941116333,1.354166030883789,1.319443941116333,1.354166030883789,1.1397202014923096,57600
2016-11-04,1.354166030883789,1.354166030883789,1.354166030883789,1.354166030883789,1.1397202014923096,0
2016-11-07,1.354166030883789,1.354166030883789,1.354166030883789,1.354166030883789,1.1397202014923096,0
2016-11-08,1.354166030883789,1.354166030883789,1.354166030883789,1.354166030883789,1.1397202014923096,0
2016-11-09,1.319443941116333,1.319443941116333,1.319443941116333,1.319443941116333,1.1104968786239624,28800
2016-11-10,1.319443941116333,1.319443941116333,1.319443941116333,1.319443941116333,1.1104968786239624,0
2016-11-11,1.291666030883789,1.430554986000061,1.354166030883789,1.354166030883789,1.1397202014923096,106560
2016-11-14,1.354166030883789,1.354166030883789,1.354166030883789,1.354166030883789,1.1397202014923096,0
2016-11-15,1.3888880014419556,1.3888880014419556,1.3888880014419556,1.3888880014419556,1.1689435243606567,28800
2016-11-16,1.3958330154418945,1.3958330154418945,1.381943941116333,1.381943941116333,1.1630994081497192,457920
2016-11-17,1.3333330154418945,1.3958330154418945,1.3333330154418945,1.3888880014419556,1.1689435243606567,561600
2016-11-18,1.3958330154418945,1.4027769565582275,1.3958330154418945,1.4027769565582275,1.1806330680847168,144000
2016-11-21,1.4583330154418945,1.4583330154418945,1.4583330154418945,1.423611044883728,1.1981679201126099,11520
2016-11-22,1.3958330154418945,1.423611044883728,1.3888880014419556,1.423611044883728,1.1981679201126099,141120
2016-11-23,1.3888880014419556,1.3888880014419556,1.3888880014419556,1.3888880014419556,1.1689435243606567,43200
2016-11-24,1.3888880014419556,1.3888880014419556,1.3888880014419556,1.3888880014419556,1.1689435243606567,14400
2016-11-25,1.3888880014419556,1.3888880014419556,1.3888880014419556,1.3888880014419556,1.1689435243606567,0
2016-11-28,1.479166030883789,1.479166030883789,1.3888880014419556,1.3958330154418945,1.1747889518737793,319680
2016-11-29,1.3888880014419556,1.3888880014419556,1.3888880014419556,1.423611044883728,1.1981679201126099,2880
2016-11-30,1.430554986000061,1.430554986000061,1.423611044883728,1.423611044883728,1.1981679201126099,100800
2016-12-01,1.5,1.5138880014419556,1.493054986000061,1.506943941116333,1.2683041095733643,175680
2016-12-02,1.493054986000061,1.493054986000061,1.486111044883728,1.486111044883728,1.2507704496383667,17280
2016-12-05,1.423611044883728,1.430554986000061,1.423611044883728,1.4375,1.2098573446273804,64512
2016-12-06,1.423611044883728,1.423611044883728,1.423611044883728,1.423611044883728,1.1981679201126099,109440
2016-12-07,1.423611044883728,1.423611044883728,1.423611044883728,1.423611044883728,1.1981679201126099,0
2016-12-08,1.4375,1.4375,1.3958330154418945,1.3958330154418945,1.1747889518737793,441216
2016-12-09,1.3958330154418945,1.3958330154418945,1.3958330154418945,1.3958330154418945,1.1747889518737793,0
2016-12-12,1.3888880014419556,1.3888880014419556,1.3888880014419556,1.3888880014419556,1.1689435243606567,115200
2016-12-13,1.3888880014419556,1.3888880014419556,1.3888880014419556,1.3888880014419556,1.1689435243606567,228096
2016-12-14,1.3888880014419556,1.3888880014419556,1.3888880014419556,1.3888880014419556,1.1689435243606567,0
2016-12-15,1.3958330154418945,1.3958330154418945,1.3888880014419556,1.3888880014419556,1.1689435243606567,158400
2016-12-16,1.361111044883728,1.368054986000061,1.361111044883728,1.368054986000061,1.1514097452163696,25920
2016-12-19,1.368054986000061,1.368054986000061,1.368054986000061,1.368054986000061,1.1514097452163696,0
2016-12-20,1.354166030883789,1.354166030883789,1.354166030883789,1.354166030883789,1.1397202014923096,8640
2016-12-21,1.354166030883789,1.354166030883789,1.354166030883789,1.354166030883789,1.1397202014923096,0
2016-12-22,1.354166030883789,1.354166030883789,1.354166030883789,1.354166030883789,1.1397202014923096,0
2016-12-23,1.354166030883789,1.354166030883789,1.354166030883789,1.354166030883789,1.1397202014923096,0
2016-12-28,1.416666030883789,1.416666030883789,1.416666030883789,1.416666030883789,1.1923226118087769,77760
2016-12-29,1.354166030883789,1.354166030883789,1.354166030883789,1.354166030883789,1.1397202014923096,115200
2016-12-30,1.361111044883728,1.361111044883728,1.354166030883789,1.354166030883789,1.1397202014923096,72000
2017-01-03,1.3888880014419556,1.3888880014419556,1.3888880014419556,1.3888880014419556,1.1689435243606567,288000
2017-01-04,1.3888880014419556,1.3888880014419556,1.3888880014419556,1.3888880014419556,1.1689435243606567,0
2017-01-05,1.3888880014419556,1.3888880014419556,1.3888880014419556,1.3888880014419556,1.1689435243606567,288000
2017-01-06,1.354166030883789,1.354166030883789,1.354166030883789,1.354166030883789,1.1397202014923096,14400
2017-01-09,1.319443941116333,1.319443941116333,1.319443941116333,1.319443941116333,1.1104968786239624,31680
2017-01-10,1.354166030883789,1.354166030883789,1.354166030883789,1.354166030883789,1.1397202014923096,28800
2017-01-11,1.354166030883789,1.3888880014419556,1.354166030883789,1.3888880014419556,1.1689435243606567,51840
2017-01-12,1.3888880014419556,1.3888880014419556,1.3888880014419556,1.3888880014419556,1.1689435243606567,28800
2017-01-13,1.3888880014419556,1.3888880014419556,1.3888880014419556,1.3888880014419556,1.1689435243606567,0
2017-01-16,1.3888880014419556,1.3888880014419556,1.3888880014419556,1.3888880014419556,1.1689435243606567,0
2017-01-17,1.3888880014419556,1.3888880014419556,1.3888880014419556,1.3888880014419556,1.1689435243606567,0
2017-01-18,1.3888880014419556,1.3888880014419556,1.3888880014419556,1.3888880014419556,1.1689435243606567,25920
2017-01-19,1.3888880014419556,1.3888880014419556,1.381943941116333,1.3888880014419556,1.1689435243606567,184320
2017-01-20,1.3888880014419556,1.3888880014419556,1.3888880014419556,1.3888880014419556,1.1689435243606567,97920
2017-01-23,1.3888880014419556,1.3888880014419556,1.3888880014419556,1.3888880014419556,1.1689435243606567,216000
2017-01-24,1.3888880014419556,1.3888880014419556,1.3888880014419556,1.3888880014419556,1.1689435243606567,74880
2017-01-25,1.3888880014419556,1.3888880014419556,1.3888880014419556,1.3888880014419556,1.1689435243606567,0
2017-01-26,1.3888880014419556,1.3888880014419556,1.3888880014419556,1.3888880014419556,1.1689435243606567,0
2017-01-27,1.3888880014419556,1.3888880014419556,1.3888880014419556,1.3888880014419556,1.1689435243606567,0
2017-02-01,1.3888880014419556,1.3888880014419556,1.3888880014419556,1.3888880014419556,1.1689435243606567,0
2017-02-02,1.3888880014419556,1.3888880014419556,1.3888880014419556,1.3888880014419556,1.1689435243606567,0
2017-02-03,1.3888880014419556,1.3888880014419556,1.3888880014419556,1.3888880014419556,1.1689435243606567,0
2017-02-06,1.25,1.25,1.25,1.3263880014419556,1.1163411140441895,2880
2017-02-07,1.361111044883728,1.368054986000061,1.354166030883789,1.368054986000061,1.1514097452163696,25920
2017-02-08,1.381943941116333,1.3888880014419556,1.291666030883789,1.298611044883728,1.0929627418518066,279360
2017-02-09,1.3125,1.381943941116333,1.3125,1.354166030883789,1.1397202014923096,256320
2017-02-10,1.3888880014419556,1.4097219705581665,1.354166030883789,1.354166030883789,1.1397202014923096,279360
2017-02-13,1.3888880014419556,1.3888880014419556,1.381943941116333,1.3888880014419556,1.1689435243606567,434880
2017-02-14,1.381943941116333,1.3888880014419556,1.381943941116333,1.3888880014419556,1.1689435243606567,144000
2017-02-15,1.3888880014419556,1.3958330154418945,1.3888880014419556,1.3888880014419556,1.1689435243606567,296640
2017-02-16,1.3888880014419556,1.3888880014419556,1.3888880014419556,1.3888880014419556,1.1689435243606567,48960
2017-02-17,1.3888880014419556,1.3888880014419556,1.3888880014419556,1.3888880014419556,1.1689435243606567,0
2017-02-20,1.381943941116333,1.423611044883728,1.381943941116333,1.423611044883728,1.1981679201126099,414720
2017-02-21,1.423611044883728,1.4583330154418945,1.423611044883728,1.4583330154418945,1.2273913621902466,190080
2017-02-22,1.4513880014419556,1.4583330154418945,1.368054986000061,1.368054986000061,1.1514097452163696,100800
2017-02-23,1.3888880014419556,1.4097219705581665,1.3888880014419556,1.3888880014419556,1.1689435243606567,169920
2017-02-24,1.3888880014419556,1.3888880014419556,1.3888880014419556,1.3888880014419556,1.1689435243606567,0
2017-02-27,1.3888880014419556,1.3888880014419556,1.3888880014419556,1.3888880014419556,1.1689435243606567,0
2017-02-28,1.3888880014419556,1.3958330154418945,1.3888880014419556,1.3958330154418945,1.1747889518737793,144000
2017-03-01,1.423611044883728,1.423611044883728,1.423611044883728,1.423611044883728,1.1981679201126099,57600
2017-03-02,1.423611044883728,1.423611044883728,1.423611044883728,1.423611044883728,1.1981679201126099,14400
2017-03-03,1.3888880014419556,1.3888880014419556,1.3888880014419556,1.3888880014419556,1.1689435243606567,89280
2017-03-06,1.4027769565582275,1.4097219705581665,1.3888880014419556,1.3958330154418945,1.1747889518737793,100800
2017-03-07,1.4027769565582275,1.4027769565582275,1.4027769565582275,1.4027769565582275,1.1806330680847168,28800
2017-03-08,1.4027769565582275,1.4027769565582275,1.4027769565582275,1.4027769565582275,1.1806330680847168,14400
2017-03-09,1.4027769565582275,1.4027769565582275,1.4027769565582275,1.4027769565582275,1.1806330680847168,14400
2017-03-10,1.3888880014419556,1.3888880014419556,1.3888880014419556,1.3888880014419556,1.1689435243606567,339840
2017-03-13,1.3958330154418945,1.3958330154418945,1.3888880014419556,1.3888880014419556,1.1689435243606567,152640
2017-03-14,1.3888880014419556,1.3888880014419556,1.3888880014419556,1.3888880014419556,1.1689435243606567,443520
2017-03-15,1.3888880014419556,1.3888880014419556,1.3888880014419556,1.3888880014419556,1.1689435243606567,0
2017-03-16,1.3888880014419556,1.3888880014419556,1.3888880014419556,1.3888880014419556,1.1689435243606567,0
2017-03-17,1.3958330154418945,1.3958330154418945,1.3888880014419556,1.3888880014419556,1.1689435243606567,86400
2017-03-20,1.3888880014419556,1.3888880014419556,1.3888880014419556,1.3888880014419556,1.1689435243606567,0
2017-03-21,1.3888880014419556,1.3888880014419556,1.3888880014419556,1.3888880014419556,1.1689435243606567,0
2017-03-22,1.3958330154418945,1.3958330154418945,1.3888880014419556,1.3888880014419556,1.1689435243606567,57600
2017-03-23,1.3888880014419556,1.3888880014419556,1.3888880014419556,1.3888880014419556,1.1689435243606567,0
2017-03-24,1.3888880014419556,1.3888880014419556,1.3888880014419556,1.3888880014419556,1.1689435243606567,28800
2017-03-27,1.3888880014419556,1.3888880014419556,1.3888880014419556,1.3888880014419556,1.1689435243606567,244800
2017-03-28,1.3888880014419556,1.3888880014419556,1.3888880014419556,1.3888880014419556,1.1689435243606567,51840
2017-03-29,1.381943941116333,1.3888880014419556,1.381943941116333,1.3888880014419556,1.1689435243606567,256320
2017-03-30,1.3888880014419556,1.3888880014419556,1.3888880014419556,1.3888880014419556,1.1689435243606567,0
2017-03-31,1.3888880014419556,1.3888880014419556,1.3888880014419556,1.3888880014419556,1.1689435243606567,0
2017-04-03,1.3888880014419556,1.3888880014419556,1.3888880014419556,1.3888880014419556,1.1689435243606567,115200
2017-04-05,1.3958330154418945,1.3958330154418945,1.3958330154418945,1.3958330154418945,1.1747889518737793,5760
2017-04-06,1.3958330154418945,1.3958330154418945,1.3958330154418945,1.3958330154418945,1.1747889518737793,0
2017-04-07,1.3958330154418945,1.3958330154418945,1.3958330154418945,1.3958330154418945,1.1747889518737793,2880
2017-04-10,1.3958330154418945,1.3958330154418945,1.3958330154418945,1.3958330154418945,1.1747889518737793,0
2017-04-11,1.3958330154418945,1.3958330154418945,1.3958330154418945,1.3958330154418945,1.1747889518737793,0
2017-04-12,1.3958330154418945,1.3958330154418945,1.3888880014419556,1.3888880014419556,1.1689435243606567,144000
2017-04-13,1.3888880014419556,1.3888880014419556,1.3888880014419556,1.3888880014419556,1.1689435243606567,0
2017-04-18,1.3888880014419556,1.3888880014419556,1.3888880014419556,1.3888880014419556,1.1689435243606567,5760
2017-04-19,1.3888880014419556,1.3888880014419556,1.3888880014419556,1.3888880014419556,1.1689435243606567,0
2017-04-20,1.3888880014419556,1.3888880014419556,1.3888880014419556,1.3888880014419556,1.1689435243606567,28800
2017-04-21,1.4583330154418945,1.4583330154418945,1.4583330154418945,1.4583330154418945,1.2273913621902466,175680
2017-04-24,1.4583330154418945,1.4583330154418945,1.4583330154418945,1.4583330154418945,1.2273913621902466,0
2017-04-25,1.4583330154418945,1.4583330154418945,1.4583330154418945,1.4583330154418945,1.2273913621902466,0
2017-04-26,1.4583330154418945,1.4583330154418945,1.4583330154418945,1.4583330154418945,1.2273913621902466,0
2017-04-27,1.4583330154418945,1.4583330154418945,1.4583330154418945,1.4583330154418945,1.2273913621902466,0
2017-04-28,1.4583330154418945,1.4583330154418945,1.4583330154418945,1.4583330154418945,1.2273913621902466,0
2017-05-02,1.4583330154418945,1.4583330154418945,1.4583330154418945,1.4583330154418945,1.2273913621902466,0
2017-05-04,1.4583330154418945,1.4583330154418945,1.4583330154418945,1.4583330154418945,1.2273913621902466,0
2017-05-05,1.4513880014419556,1.4513880014419556,1.4513880014419556,1.444443941116333,1.215701699256897,74880
2017-05-08,1.416666030883789,1.416666030883789,1.416666030883789,1.416666030883789,1.1923226118087769,0
2017-05-09,1.4027769565582275,1.4027769565582275,1.4027769565582275,1.4027769565582275,1.1806330680847168,2880
2017-05-10,1.423611044883728,1.4583330154418945,1.423611044883728,1.4583330154418945,1.2273913621902466,342720
2017-05-11,1.4583330154418945,1.4583330154418945,1.4583330154418945,1.4583330154418945,1.2273913621902466,0
2017-05-12,1.3958330154418945,1.3958330154418945,1.3958330154418945,1.3958330154418945,1.1747889518737793,8640
2017-05-15,1.3888880014419556,1.3888880014419556,1.3888880014419556,1.3888880014419556,1.1689435243606567,43200
2017-05-16,1.3888880014419556,1.3888880014419556,1.3888880014419556,1.3888880014419556,1.1689435243606567,0
2017-05-17,1.4583330154418945,1.493054986000061,1.4027769565582275,1.4027769565582275,1.1806330680847168,192960
2017-05-18,1.5277769565582275,1.5277769565582275,1.444443941116333,1.4513880014419556,1.2215460538864136,146880
2017-05-19,1.3958330154418945,1.3958330154418945,1.3958330154418945,1.3958330154418945,1.1747889518737793,5760
2017-05-22,1.4027769565582275,1.555554986000061,1.3888880014419556,1.5138880014419556,1.2741485834121704,331200
2017-05-23,1.5138880014419556,1.5138880014419556,1.5138880014419556,1.5138880014419556,1.2741485834121704,0
2017-05-24,1.5138880014419556,1.5138880014419556,1.5138880014419556,1.5138880014419556,1.2741485834121704,0
2017-05-25,1.5138880014419556,1.5138880014419556,1.5138880014419556,1.486111044883728,1.2507704496383667,8640
2017-05-26,1.486111044883728,1.486111044883728,1.486111044883728,1.486111044883728,1.2507704496383667,0
2017-05-29,1.486111044883728,1.486111044883728,1.486111044883728,1.486111044883728,1.2507704496383667,0
2017-05-31,1.486111044883728,1.486111044883728,1.486111044883728,1.486111044883728,1.2507704496383667,0
2017-06-01,1.486111044883728,1.486111044883728,1.486111044883728,1.486111044883728,1.2507704496383667,0
2017-06-02,1.486111044883728,1.486111044883728,1.486111044883728,1.486111044883728,1.2507704496383667,0
2017-06-05,1.486111044883728,1.486111044883728,1.486111044883728,1.486111044883728,1.2507704496383667,0
2017-06-06,1.486111044883728,1.486111044883728,1.486111044883728,1.486111044883728,1.2507704496383667,0
2017-06-07,1.486111044883728,1.486111044883728,1.486111044883728,1.486111044883728,1.2507704496383667,0
2017-06-08,1.486111044883728,1.486111044883728,1.486111044883728,1.486111044883728,1.2507704496383667,0
2017-06-09,1.4027769565582275,1.4027769565582275,1.4027769565582275,1.4097219705581665,1.1864783763885498,14400
2017-06-12,1.4097219705581665,1.4097219705581665,1.4097219705581665,1.4097219705581665,1.1864783763885498,0
2017-06-13,1.4097219705581665,1.4097219705581665,1.368054986000061,1.3888880014419556,1.1689435243606567,103680
2017-06-14,1.3888880014419556,1.3888880014419556,1.375,1.3888880014419556,1.1689435243606567,57600
2017-06-15,1.3888880014419556,1.3888880014419556,1.3888880014419556,1.3888880014419556,1.1689435243606567,0
2017-06-16,1.3888880014419556,1.3888880014419556,1.3888880014419556,1.3888880014419556,1.1689435243606567,129600
2017-06-19,1.3958330154418945,1.3958330154418945,1.3888880014419556,1.3888880014419556,1.1689435243606567,944640
2017-06-20,1.3958330154418945,1.3958330154418945,1.381943941116333,1.3958330154418945,1.1747889518737793,107136
2017-06-21,1.3958330154418945,1.3958330154418945,1.3888880014419556,1.3888880014419556,1.1823080778121948,46080
2017-06-22,1.3888880014419556,1.3888880014419556,1.3888880014419556,1.3888880014419556,1.1823080778121948,0
2017-06-23,1.3888880014419556,1.3888880014419556,1.3888880014419556,1.3888880014419556,1.1823080778121948,0
2017-06-26,1.3888880014419556,1.3888880014419556,1.3888880014419556,1.3888880014419556,1.1823080778121948,72000
2017-06-27,1.3888880014419556,1.3888880014419556,1.3888880014419556,1.3888880014419556,1.1823080778121948,28800
2017-06-28,1.3888880014419556,1.3888880014419556,1.3888880014419556,1.3888880014419556,1.1823080778121948,0
2017-06-29,1.3888880014419556,1.3888880014419556,1.3888880014419556,1.3888880014419556,1.1823080778121948,0
2017-06-30,1.3888880014419556,1.3958330154418945,1.3888880014419556,1.3888880014419556,1.1823080778121948,204480
2017-07-03,1.3888880014419556,1.3888880014419556,1.3888880014419556,1.3888880014419556,1.1823080778121948,0
2017-07-04,1.3958330154418945,1.3958330154418945,1.3888880014419556,1.3888880014419556,1.1823080778121948,178560
2017-07-05,1.3888880014419556,1.3888880014419556,1.3888880014419556,1.3888880014419556,1.1823080778121948,77760
2017-07-06,1.3888880014419556,1.3888880014419556,1.3888880014419556,1.3888880014419556,1.1823080778121948,167040
2017-07-07,1.3888880014419556,1.3888880014419556,1.3888880014419556,1.3888880014419556,1.1823080778121948,72000
2017-07-10,1.3888880014419556,1.3888880014419556,1.3888880014419556,1.3888880014419556,1.1823080778121948,14400
2017-07-11,1.3888880014419556,1.3888880014419556,1.3888880014419556,1.3888880014419556,1.1823080778121948,0
2017-07-12,1.3888880014419556,1.3888880014419556,1.3888880014419556,1.3888880014419556,1.1823080778121948,0
2017-07-13,1.3888880014419556,1.3888880014419556,1.3888880014419556,1.3888880014419556,1.1823080778121948,0
2017-07-14,1.3888880014419556,1.3888880014419556,1.3888880014419556,1.3888880014419556,1.1823080778121948,0
2017-07-17,1.3888880014419556,1.3888880014419556,1.3888880014419556,1.3888880014419556,1.1823080778121948,20160
2017-07-18,1.3888880014419556,1.3888880014419556,1.3888880014419556,1.3888880014419556,1.1823080778121948,0
2017-07-19,1.3888880014419556,1.3888880014419556,1.3888880014419556,1.3888880014419556,1.1823080778121948,0
2017-07-20,1.3888880014419556,1.3888880014419556,1.3888880014419556,1.3888880014419556,1.1823080778121948,8640
2017-07-21,1.3888880014419556,1.3888880014419556,1.381943941116333,1.3888880014419556,1.1823080778121948,97920
2017-07-24,1.3888880014419556,1.3888880014419556,1.3888880014419556,1.3888880014419556,1.1823080778121948,72000
2017-07-25,1.3888880014419556,1.3888880014419556,1.3888880014419556,1.3888880014419556,1.1823080778121948,0
2017-07-26,1.3888880014419556,1.3888880014419556,1.3888880014419556,1.3888880014419556,1.1823080778121948,0
2017-07-27,1.3888880014419556,1.3888880014419556,1.3888880014419556,1.3888880014419556,1.1823080778121948,0
2017-07-28,1.3888880014419556,1.3888880014419556,1.3888880014419556,1.3888880014419556,1.1823080778121948,0
2017-07-31,1.3888880014419556,1.3888880014419556,1.3888880014419556,1.3888880014419556,1.1823080778121948,0
2017-08-01,1.3888880014419556,1.3888880014419556,1.3888880014419556,1.3888880014419556,1.1823080778121948,20160
2017-08-02,1.3888880014419556,1.3888880014419556,1.3888880014419556,1.3888880014419556,1.1823080778121948,0
2017-08-03,1.3888880014419556,1.3888880014419556,1.3888880014419556,1.3888880014419556,1.1823080778121948,0
2017-08-04,1.3888880014419556,1.3888880014419556,1.3888880014419556,1.3888880014419556,1.1823080778121948,14400
2017-08-07,1.3888880014419556,1.3888880014419556,1.3888880014419556,1.3888880014419556,1.1823080778121948,0
2017-08-08,1.3888880014419556,1.3888880014419556,1.3888880014419556,1.3888880014419556,1.1823080778121948,0
2017-08-09,1.3888880014419556,1.3888880014419556,1.3888880014419556,1.3888880014419556,1.1823080778121948,0
2017-08-10,1.3888880014419556,1.3888880014419556,1.3888880014419556,1.3888880014419556,1.1823080778121948,0
2017-08-11,1.5277769565582275,1.5277769565582275,1.5277769565582275,1.5277769565582275,1.3005386590957642,570240
2017-08-14,1.5277769565582275,1.5277769565582275,1.5277769565582275,1.5277769565582275,1.3005386590957642,0
2017-08-15,1.555554986000061,1.604166030883789,1.555554986000061,1.5972219705581665,1.3596550226211548,230400
2017-08-16,1.666666030883789,1.666666030883789,1.666666030883789,1.666666030883789,1.4187698364257812,43200
2017-08-17,1.666666030883789,1.666666030883789,1.666666030883789,1.666666030883789,1.4187698364257812,455040
2017-08-18,1.555554986000061,1.555554986000061,1.555554986000061,1.555554986000061,1.3241853713989258,28800
2017-08-21,1.666666030883789,1.666666030883789,1.5972219705581665,1.5972219705581665,1.3596550226211548,146880
2017-08-22,1.666666030883789,1.673611044883728,1.666666030883789,1.666666030883789,1.4187698364257812,1085760
2017-08-23,1.666666030883789,1.666666030883789,1.666666030883789,1.666666030883789,1.4187698364257812,0
2017-08-24,1.673611044883728,1.673611044883728,1.666666030883789,1.666666030883789,1.4187698364257812,302400
2017-08-25,1.666666030883789,1.666666030883789,1.666666030883789,1.666666030883789,1.4187698364257812,28800
2017-08-28,1.666666030883789,1.666666030883789,1.666666030883789,1.666666030883789,1.4187698364257812,5760
2017-08-29,1.666666030883789,1.666666030883789,1.666666030883789,1.666666030883789,1.4187698364257812,0
2017-08-30,1.666666030883789,1.666666030883789,1.666666030883789,1.666666030883789,1.4187698364257812,0
2017-08-31,1.736111044883728,1.736111044883728,1.736111044883728,1.736111044883728,1.4778858423233032,8640
2017-09-01,1.736111044883728,1.736111044883728,1.736111044883728,1.736111044883728,1.4778858423233032,0
2017-09-04,1.7222219705581665,1.7222219705581665,1.7222219705581665,1.7222219705581665,1.4660626649856567,0
2017-09-05,1.7152769565582275,1.7152769565582275,1.7152769565582275,1.7152769565582275,1.4601507186889648,0
2017-09-06,1.7013880014419556,1.7013880014419556,1.7013880014419556,1.7013880014419556,1.4483274221420288,0
2017-09-07,1.6597219705581665,1.6597219705581665,1.6597219705581665,1.6597219705581665,1.4128587245941162,0
2017-09-08,1.6597219705581665,1.6597219705581665,1.6597219705581665,1.6597219705581665,1.4128587245941162,0
2017-09-11,1.6597219705581665,1.6597219705581665,1.6597219705581665,1.6597219705581665,1.4128587245941162,0
2017-09-12,1.6597219705581665,1.6597219705581665,1.6597219705581665,1.6597219705581665,1.4128587245941162,0
2017-09-13,1.666666030883789,1.666666030883789,1.666666030883789,1.666666030883789,1.4187698364257812,144000
2017-09-14,1.666666030883789,1.666666030883789,1.666666030883789,1.666666030883789,1.4187698364257812,979200
2017-09-15,1.666666030883789,1.666666030883789,1.666666030883789,1.666666030883789,1.4187698364257812,144000
2017-09-18,1.666666030883789,1.666666030883789,1.666666030883789,1.666666030883789,1.4187698364257812,0
2017-09-19,1.666666030883789,1.666666030883789,1.666666030883789,1.673611044883728,1.4246820211410522,8640
2017-09-20,1.666666030883789,1.666666030883789,1.666666030883789,1.6527769565582275,1.4069466590881348,207360
2017-09-21,1.631943941116333,1.631943941116333,1.631943941116333,1.631943941116333,1.3892124891281128,0
2017-09-22,1.5625,1.5625,1.5625,1.5625,1.3300973176956177,12960
2017-09-25,1.5972219705581665,1.5972219705581665,1.5972219705581665,1.5972219705581665,1.3596550226211548,72000
2017-09-26,1.631943941116333,1.666666030883789,1.625,1.6597219705581665,1.4128587245941162,2232000
2017-09-27,1.6388880014419556,1.6388880014419556,1.6388880014419556,1.6388880014419556,1.3951237201690674,0
2017-09-28,1.631943941116333,1.631943941116333,1.631943941116333,1.631943941116333,1.3892124891281128,0
2017-09-29,1.618054986000061,1.618054986000061,1.618054986000061,1.618054986000061,1.3773894309997559,28800
2017-10-03,1.618054986000061,1.618054986000061,1.618054986000061,1.618054986000061,1.3773894309997559,0
2017-10-04,1.618054986000061,1.618054986000061,1.618054986000061,1.618054986000061,1.3773894309997559,0
2017-10-06,1.618054986000061,1.618054986000061,1.618054986000061,1.618054986000061,1.3773894309997559,0
2017-10-09,1.5902769565582275,1.5902769565582275,1.5902769565582275,1.5902769565582275,1.3537427186965942,0
2017-10-10,1.569443941116333,1.569443941116333,1.569443941116333,1.569443941116333,1.3360083103179932,57600
2017-10-11,1.5833330154418945,1.736111044883728,1.5833330154418945,1.666666030883789,1.4187698364257812,354240
2017-10-12,1.666666030883789,1.666666030883789,1.666666030883789,1.666666030883789,1.4187698364257812,0
2017-10-13,1.666666030883789,1.666666030883789,1.666666030883789,1.666666030883789,1.4187698364257812,72000
2017-10-16,1.666666030883789,1.7013880014419556,1.666666030883789,1.666666030883789,1.4187698364257812,948672
2017-10-17,1.666666030883789,1.666666030883789,1.666666030883789,1.666666030883789,1.4187698364257812,0
2017-10-18,1.666666030883789,1.666666030883789,1.5972219705581665,1.5972219705581665,1.3596550226211548,180000
2017-10-19,1.5972219705581665,1.5972219705581665,1.5972219705581665,1.5972219705581665,1.3596550226211548,0
2017-10-20,1.666666030883789,1.666666030883789,1.666666030883789,1.6597219705581665,1.4128587245941162,2880
2017-10-23,1.6597219705581665,1.6597219705581665,1.6597219705581665,1.6597219705581665,1.4128587245941162,0
2017-10-24,1.6597219705581665,1.6597219705581665,1.6597219705581665,1.6597219705581665,1.4128587245941162,0
2017-10-25,1.6597219705581665,1.6597219705581665,1.6597219705581665,1.6597219705581665,1.4128587245941162,0
2017-10-26,1.6597219705581665,1.6597219705581665,1.6597219705581665,1.6597219705581665,1.4128587245941162,0
2017-10-27,1.6597219705581665,1.6597219705581665,1.6597219705581665,1.6597219705581665,1.4128587245941162,0
2017-10-30,1.6597219705581665,1.6597219705581665,1.6597219705581665,1.6597219705581665,1.4128587245941162,0
2017-10-31,1.6597219705581665,1.6597219705581665,1.6597219705581665,1.6597219705581665,1.4128587245941162,0
2017-11-01,1.6597219705581665,1.6597219705581665,1.6597219705581665,1.6597219705581665,1.4128587245941162,0
2017-11-02,1.6597219705581665,1.6597219705581665,1.6597219705581665,1.6597219705581665,1.4128587245941162,0
2017-11-03,1.6597219705581665,1.6597219705581665,1.6597219705581665,1.6597219705581665,1.4128587245941162,0
2017-11-06,1.6597219705581665,1.6597219705581665,1.6597219705581665,1.6597219705581665,1.4128587245941162,0
2017-11-07,1.5972219705581665,1.5972219705581665,1.5972219705581665,1.631943941116333,1.3892124891281128,135360
2017-11-08,1.6388880014419556,1.6388880014419556,1.6388880014419556,1.6388880014419556,1.3951237201690674,14400
2017-11-09,1.6388880014419556,1.6388880014419556,1.6388880014419556,1.6388880014419556,1.3951237201690674,0
2017-11-10,1.6388880014419556,1.6388880014419556,1.6388880014419556,1.6388880014419556,1.3951237201690674,0
2017-11-13,1.631943941116333,1.631943941116333,1.631943941116333,1.631943941116333,1.3892124891281128,432000
2017-11-14,1.631943941116333,1.631943941116333,1.631943941116333,1.631943941116333,1.3892124891281128,0
2017-11-15,1.631943941116333,1.631943941116333,1.631943941116333,1.631943941116333,1.3892124891281128,0
2017-11-16,1.631943941116333,1.631943941116333,1.631943941116333,1.631943941116333,1.3892124891281128,0
2017-11-17,1.631943941116333,1.631943941116333,1.631943941116333,1.631943941116333,1.3892124891281128,0
2017-11-20,1.631943941116333,1.631943941116333,1.631943941116333,1.631943941116333,1.3892124891281128,0
2017-11-21,1.631943941116333,1.631943941116333,1.631943941116333,1.631943941116333,1.3892124891281128,0
2017-11-22,1.631943941116333,1.631943941116333,1.631943941116333,1.631943941116333,1.3892124891281128,0
2017-11-23,1.625,1.625,1.625,1.625,1.3833012580871582,0
2017-11-24,1.625,1.625,1.625,1.625,1.3833012580871582,0
2017-11-27,1.625,1.625,1.625,1.625,1.3833012580871582,0
2017-11-28,1.625,1.625,1.625,1.625,1.3833012580871582,0
2017-11-29,1.625,1.625,1.625,1.625,1.3833012580871582,0
2017-11-30,1.625,1.625,1.625,1.625,1.3833012580871582,0
2017-12-01,1.3888880014419556,1.3888880014419556,1.3888880014419556,1.4652769565582275,1.2473349571228027,3168
2017-12-04,1.5972219705581665,1.5972219705581665,1.5972219705581665,1.5972219705581665,1.3596550226211548,0
2017-12-05,1.604166030883789,1.604166030883789,1.604166030883789,1.604166030883789,1.3655661344528198,144000
2017-12-06,1.5972219705581665,1.631943941116333,1.5972219705581665,1.631943941116333,1.3892124891281128,288000
2017-12-07,1.631943941116333,1.631943941116333,1.631943941116333,1.631943941116333,1.3892124891281128,0
2017-12-08,1.7013880014419556,1.7083330154418945,1.7013880014419556,1.7013880014419556,1.4483274221420288,864000
2017-12-11,1.736111044883728,1.743054986000061,1.736111044883728,1.743054986000061,1.4837968349456787,1546560
2017-12-12,1.7013880014419556,1.7013880014419556,1.7013880014419556,1.7013880014419556,1.4483274221420288,0
2017-12-13,1.729166030883789,1.805554986000061,1.729166030883789,1.7708330154418945,1.5074434280395508,830016
2017-12-14,1.7708330154418945,1.7708330154418945,1.7708330154418945,1.7708330154418945,1.5074434280395508,34560
2017-12-15,1.7708330154418945,1.7708330154418945,1.7708330154418945,1.7708330154418945,1.5074434280395508,0
2017-12-18,1.7708330154418945,1.7708330154418945,1.7708330154418945,1.7708330154418945,1.5074434280395508,0
2017-12-19,1.7708330154418945,1.7708330154418945,1.7708330154418945,1.7708330154418945,1.5074434280395508,0
2017-12-20,1.7708330154418945,1.7708330154418945,1.7708330154418945,1.7708330154418945,1.5074434280395508,0
2017-12-21,1.7708330154418945,1.7708330154418945,1.7708330154418945,1.7708330154418945,1.5074434280395508,0
2017-12-22,1.7708330154418945,1.7708330154418945,1.7708330154418945,1.7708330154418945,1.5074434280395508,0
2017-12-27,1.7708330154418945,1.7708330154418945,1.7708330154418945,1.7708330154418945,1.5074434280395508,0
2017-12-28,1.7708330154418945,1.7708330154418945,1.7708330154418945,1.7708330154418945,1.5074434280395508,0
2017-12-29,1.7708330154418945,1.7708330154418945,1.7708330154418945,1.7708330154418945,1.5074434280395508,0
2018-01-02,1.743054986000061,1.743054986000061,1.743054986000061,1.743054986000061,1.4837968349456787,0
2018-01-03,1.75,1.75,1.75,1.75,1.4897092580795288,0
2018-01-04,1.75,1.75,1.75,1.75,1.4897092580795288,0
2018-01-05,1.798611044883728,1.798611044883728,1.798611044883728,1.798611044883728,1.5310899019241333,17280
2018-01-08,1.805554986000061,1.805554986000061,1.805554986000061,1.805554986000061,1.5370007753372192,0
2018-01-09,1.875,1.875,1.875,1.875,1.5961167812347412,0
2018-01-10,1.9097219705581665,1.916666030883789,1.9097219705581665,1.9097219705581665,1.6256743669509888,259200
2018-01-11,1.930554986000061,1.930554986000061,1.930554986000061,1.930554986000061,1.6434087753295898,11520
2018-01-12,1.944443941116333,1.944443941116333,1.944443941116333,1.944443941116333,1.6552319526672363,0
2018-01-15,1.944443941116333,1.944443941116333,1.944443941116333,1.944443941116333,1.6552319526672363,0
2018-01-16,1.944443941116333,1.944443941116333,1.944443941116333,1.944443941116333,1.6552319526672363,0
2018-01-17,1.944443941116333,1.944443941116333,1.944443941116333,1.944443941116333,1.6552319526672363,0
2018-01-18,1.944443941116333,1.944443941116333,1.944443941116333,1.944443941116333,1.6552319526672363,0
2018-01-19,1.944443941116333,1.944443941116333,1.944443941116333,1.944443941116333,1.6552319526672363,0
2018-01-22,1.944443941116333,1.979166030883789,1.944443941116333,1.979166030883789,1.6847895383834839,259200
2018-01-23,1.979166030883789,1.979166030883789,1.979166030883789,1.979166030883789,1.6847895383834839,273600
2018-01-24,2.0833330154418945,2.0833330154418945,1.979166030883789,1.979166030883789,1.6847895383834839,299520
2018-01-25,1.979166030883789,1.979166030883789,1.979166030883789,1.979166030883789,1.6847895383834839,0
2018-01-26,1.979166030883789,1.979166030883789,1.979166030883789,1.979166030883789,1.6847895383834839,0
2018-01-29,1.944443941116333,1.944443941116333,1.944443941116333,1.944443941116333,1.6552319526672363,48960
2018-01-30,1.9375,1.9375,1.9375,1.9375,1.6493207216262817,0
2018-01-31,1.9375,1.9375,1.9375,1.9375,1.6493207216262817,0
2018-02-01,1.9375,1.9375,1.9375,1.9375,1.6493207216262817,0
2018-02-02,1.9375,1.9375,1.9375,1.9375,1.6493207216262817,0
2018-02-05,1.9375,1.9375,1.9375,1.9375,1.6493207216262817,0
2018-02-06,1.9375,1.9375,1.9375,1.9375,1.6493207216262817,0
2018-02-07,1.930554986000061,1.930554986000061,1.930554986000061,1.930554986000061,1.6434087753295898,14400
2018-02-08,1.930554986000061,1.930554986000061,1.930554986000061,1.930554986000061,1.6434087753295898,0
2018-02-09,1.930554986000061,1.930554986000061,1.930554986000061,1.930554986000061,1.6434087753295898,0
2018-02-12,1.930554986000061,1.930554986000061,1.930554986000061,1.930554986000061,1.6434087753295898,0
2018-02-13,1.930554986000061,1.930554986000061,1.930554986000061,1.930554986000061,1.6434087753295898,0
2018-02-14,1.930554986000061,1.930554986000061,1.930554986000061,1.930554986000061,1.6434087753295898,0
2018-02-15,1.930554986000061,1.930554986000061,1.930554986000061,1.930554986000061,1.6434087753295898,0
2018-02-20,1.930554986000061,1.930554986000061,1.930554986000061,1.930554986000061,1.6434087753295898,0
2018-02-21,1.930554986000061,1.930554986000061,1.930554986000061,1.930554986000061,1.6434087753295898,0
2018-02-22,1.930554986000061,1.930554986000061,1.930554986000061,1.930554986000061,1.6434087753295898,0
2018-02-23,1.930554986000061,1.930554986000061,1.930554986000061,1.930554986000061,1.6434087753295898,0
2018-02-26,1.930554986000061,1.930554986000061,1.930554986000061,1.930554986000061,1.6434087753295898,0
2018-02-27,1.9097219705581665,1.9097219705581665,1.9097219705581665,1.9097219705581665,1.6256743669509888,2880
2018-02-28,1.9097219705581665,1.9097219705581665,1.9097219705581665,1.9097219705581665,1.6256743669509888,0
2018-03-01,1.9097219705581665,1.9097219705581665,1.9097219705581665,1.9097219705581665,1.6256743669509888,0
2018-03-02,1.9097219705581665,1.9097219705581665,1.9097219705581665,1.9097219705581665,1.6256743669509888,0
2018-03-05,1.9097219705581665,1.9097219705581665,1.9097219705581665,1.9097219705581665,1.6256743669509888,0
2018-03-06,1.9097219705581665,1.9097219705581665,1.9097219705581665,1.9097219705581665,1.6256743669509888,0
2018-03-07,1.729166030883789,1.729166030883789,1.729166030883789,1.729166030883789,1.4719740152359009,0
2018-03-08,1.729166030883789,1.729166030883789,1.729166030883789,1.729166030883789,1.4719740152359009,0
2018-03-09,1.729166030883789,1.729166030883789,1.729166030883789,1.729166030883789,1.4719740152359009,0
2018-03-12,1.729166030883789,1.729166030883789,1.729166030883789,1.729166030883789,1.4719740152359009,0
2018-03-13,1.729166030883789,1.729166030883789,1.729166030883789,1.729166030883789,1.4719740152359009,0
2018-03-14,1.729166030883789,1.729166030883789,1.729166030883789,1.729166030883789,1.4719740152359009,0
2018-03-15,1.729166030883789,1.729166030883789,1.729166030883789,1.729166030883789,1.4719740152359009,0
2018-03-16,1.729166030883789,1.729166030883789,1.729166030883789,1.729166030883789,1.4719740152359009,0
2018-03-19,1.729166030883789,1.729166030883789,1.729166030883789,1.729166030883789,1.4719740152359009,0
2018-03-20,1.729166030883789,1.729166030883789,1.729166030883789,1.729166030883789,1.4719740152359009,0
2018-03-21,1.729166030883789,1.729166030883789,1.729166030883789,1.729166030883789,1.4719740152359009,0
2018-03-22,1.729166030883789,1.729166030883789,1.729166030883789,1.729166030883789,1.4719740152359009,0
2018-03-23,1.729166030883789,1.729166030883789,1.729166030883789,1.729166030883789,1.4719740152359009,0
2018-03-26,1.729166030883789,1.729166030883789,1.729166030883789,1.729166030883789,1.4719740152359009,0
2018-03-27,1.729166030883789,1.729166030883789,1.729166030883789,1.729166030883789,1.4719740152359009,0
2018-03-28,1.729166030883789,1.729166030883789,1.729166030883789,1.729166030883789,1.4719740152359009,0
2018-03-29,1.729166030883789,1.729166030883789,1.729166030883789,1.729166030883789,1.4719740152359009,0
2018-04-03,1.729166030883789,1.729166030883789,1.729166030883789,1.729166030883789,1.4719740152359009,0
2018-04-04,1.729166030883789,1.729166030883789,1.729166030883789,1.729166030883789,1.4719740152359009,0
2018-04-06,1.944443941116333,1.944443941116333,1.944443941116333,1.944443941116333,1.6552319526672363,0
2018-04-09,1.944443941116333,1.944443941116333,1.944443941116333,1.944443941116333,1.6552319526672363,72000
2018-04-10,1.944443941116333,1.944443941116333,1.944443941116333,1.944443941116333,1.6552319526672363,0
2018-04-11,1.944443941116333,1.944443941116333,1.944443941116333,1.944443941116333,1.6552319526672363,0
2018-04-12,1.944443941116333,1.944443941116333,1.944443941116333,1.944443941116333,1.6552319526672363,0
2018-04-13,1.944443941116333,1.944443941116333,1.944443941116333,1.944443941116333,1.6552319526672363,0
2018-04-16,1.944443941116333,1.944443941116333,1.944443941116333,1.944443941116333,1.6552319526672363,0
2018-04-17,1.944443941116333,1.944443941116333,1.944443941116333,1.944443941116333,1.6552319526672363,0
2018-04-18,1.944443941116333,1.944443941116333,1.944443941116333,1.944443941116333,1.6552319526672363,0
2018-04-19,1.944443941116333,1.944443941116333,1.944443941116333,1.944443941116333,1.6552319526672363,0
2018-04-20,1.944443941116333,1.944443941116333,1.944443941116333,1.944443941116333,1.6552319526672363,0
2018-04-23,1.944443941116333,1.944443941116333,1.944443941116333,1.944443941116333,1.6552319526672363,0
2018-04-24,1.944443941116333,1.944443941116333,1.944443941116333,1.944443941116333,1.6552319526672363,0
2018-04-25,1.944443941116333,1.944443941116333,1.944443941116333,1.944443941116333,1.6552319526672363,0
2018-04-26,1.944443941116333,1.944443941116333,1.944443941116333,1.944443941116333,1.6552319526672363,0
2018-04-27,1.944443941116333,1.944443941116333,1.944443941116333,1.944443941116333,1.6552319526672363,0
2018-04-30,1.944443941116333,1.944443941116333,1.944443941116333,1.944443941116333,1.6552319526672363,0
2018-05-02,1.944443941116333,1.944443941116333,1.944443941116333,1.944443941116333,1.6552319526672363,0
2018-05-03,1.944443941116333,1.944443941116333,1.944443941116333,1.944443941116333,1.6552319526672363,0
2018-05-04,1.944443941116333,1.944443941116333,1.944443941116333,1.944443941116333,1.6552319526672363,0
2018-05-07,1.944443941116333,1.944443941116333,1.944443941116333,1.944443941116333,1.6552319526672363,0
2018-05-08,1.944443941116333,1.944443941116333,1.944443941116333,1.944443941116333,1.6552319526672363,0
2018-05-09,1.944443941116333,1.944443941116333,1.944443941116333,1.944443941116333,1.6552319526672363,0
2018-05-10,1.944443941116333,1.944443941116333,1.944443941116333,1.944443941116333,1.6552319526672363,0
2018-05-11,1.944443941116333,1.944443941116333,1.944443941116333,1.944443941116333,1.6552319526672363,0
2018-05-14,1.944443941116333,1.944443941116333,1.944443941116333,1.944443941116333,1.6552319526672363,0
2018-05-15,1.944443941116333,1.944443941116333,1.944443941116333,1.944443941116333,1.6552319526672363,0
2018-05-16,1.944443941116333,1.944443941116333,1.944443941116333,1.944443941116333,1.6552319526672363,0
2018-05-17,1.944443941116333,1.944443941116333,1.944443941116333,1.944443941116333,1.6552319526672363,0
2018-05-18,1.944443941116333,1.944443941116333,1.944443941116333,1.944443941116333,1.6552319526672363,0
2018-05-21,1.944443941116333,1.944443941116333,1.944443941116333,1.944443941116333,1.6552319526672363,0
2018-05-23,1.944443941116333,1.944443941116333,1.944443941116333,1.944443941116333,1.6552319526672363,0
2018-05-24,1.944443941116333,1.944443941116333,1.944443941116333,1.944443941116333,1.6552319526672363,0
2018-05-25,1.944443941116333,1.944443941116333,1.944443941116333,1.944443941116333,1.6552319526672363,0
2018-05-28,1.944443941116333,1.944443941116333,1.944443941116333,1.944443941116333,1.6552319526672363,0
2018-05-29,1.944443941116333,1.944443941116333,1.944443941116333,1.944443941116333,1.6552319526672363,0
2018-05-30,1.944443941116333,1.944443941116333,1.944443941116333,1.944443941116333,1.6552319526672363,0
2018-05-31,1.944443941116333,1.944443941116333,1.944443941116333,1.944443941116333,1.6552319526672363,0
2018-06-01,1.944443941116333,1.944443941116333,1.944443941116333,1.944443941116333,1.6552319526672363,0
2018-06-04,1.944443941116333,1.944443941116333,1.944443941116333,1.944443941116333,1.6552319526672363,0
2018-06-05,1.944443941116333,1.944443941116333,1.944443941116333,1.944443941116333,1.6552319526672363,0
2018-06-06,1.944443941116333,1.944443941116333,1.944443941116333,1.944443941116333,1.6552319526672363,0
2018-06-07,1.944443941116333,1.944443941116333,1.944443941116333,1.944443941116333,1.6552319526672363,0
2018-06-08,1.944443941116333,1.944443941116333,1.944443941116333,1.944443941116333,1.6552319526672363,0
2018-06-11,1.944443941116333,1.944443941116333,1.944443941116333,1.944443941116333,1.6552319526672363,0
2018-06-12,1.944443941116333,1.944443941116333,1.944443941116333,1.944443941116333,1.6552319526672363,0
2018-06-13,1.944443941116333,1.944443941116333,1.944443941116333,1.944443941116333,1.6552319526672363,0
2018-06-14,1.944443941116333,1.944443941116333,1.944443941116333,1.944443941116333,1.6552319526672363,0
2018-06-15,1.944443941116333,1.944443941116333,1.944443941116333,1.944443941116333,1.6552319526672363,0
2018-06-19,1.944443941116333,1.944443941116333,1.944443941116333,1.944443941116333,1.6552319526672363,0
2018-06-20,1.944443941116333,1.944443941116333,1.944443941116333,1.944443941116333,1.6552319526672363,0
2018-06-21,1.944443941116333,1.944443941116333,1.944443941116333,1.944443941116333,1.6552319526672363,0
2018-06-22,1.944443941116333,1.944443941116333,1.944443941116333,1.944443941116333,1.6722601652145386,0
2018-06-25,1.736111044883728,1.736111044883728,1.736111044883728,1.736111044883728,1.4930896759033203,14400
2018-06-26,1.7200000286102295,1.7200000286102295,1.7200000286102295,1.7200000286102295,1.4965171813964844,0
2018-06-27,1.7200000286102295,1.7200000286102295,1.7200000286102295,1.7200000286102295,1.4965171813964844,0
2018-06-28,1.7200000286102295,1.7200000286102295,1.7200000286102295,1.7200000286102295,1.4965171813964844,0
2018-06-29,1.7200000286102295,1.7200000286102295,1.7200000286102295,1.7200000286102295,1.4965171813964844,0
2018-07-03,1.7333329916000366,1.7333329916000366,1.7333329916000366,1.7333329916000366,1.5081175565719604,0
2018-07-04,1.7333329916000366,1.7333329916000366,1.7333329916000366,1.7333329916000366,1.5081175565719604,0
2018-07-05,1.7333329916000366,1.7333329916000366,1.7333329916000366,1.7333329916000366,1.5081175565719604,0
2018-07-06,1.7333329916000366,1.7333329916000366,1.7333329916000366,1.7333329916000366,1.5081175565719604,0
2018-07-09,1.7333329916000366,1.7333329916000366,1.7333329916000366,1.7333329916000366,1.5081175565719604,0
2018-07-10,1.7333329916000366,1.7333329916000366,1.7333329916000366,1.7333329916000366,1.5081175565719604,0
2018-07-11,1.7333329916000366,1.7333329916000366,1.7333329916000366,1.7333329916000366,1.5081175565719604,0
2018-07-12,1.7333329916000366,1.7333329916000366,1.7333329916000366,1.7333329916000366,1.5081175565719604,0
2018-07-13,1.6749999523162842,1.75,1.6749999523162842,1.75,1.5226191282272339,16800
2018-07-16,1.75,1.75,1.75,1.75,1.5226191282272339,0
2018-07-17,1.75,1.75,1.75,1.75,1.5226191282272339,0
2018-07-18,1.75,1.75,1.75,1.75,1.5226191282272339,0
2018-07-19,1.75,1.75,1.75,1.75,1.5226191282272339,0
2018-07-20,1.75,1.75,1.75,1.75,1.5226191282272339,0
2018-07-23,1.75,1.75,1.75,1.75,1.5226191282272339,0
2018-07-24,1.75,1.75,1.75,1.75,1.5226191282272339,0
2018-07-25,1.75,1.75,1.75,1.75,1.5226191282272339,0
2018-07-26,1.75,1.75,1.75,1.75,1.5226191282272339,0
2018-07-27,1.75,1.75,1.75,1.75,1.5226191282272339,0
2018-07-30,1.75,1.75,1.75,1.75,1.5226191282272339,0
2018-07-31,1.75,1.75,1.75,1.75,1.5226191282272339,0
2018-08-01,1.75,1.75,1.75,1.75,1.5226191282272339,0
2018-08-02,1.75,1.75,1.75,1.75,1.5226191282272339,0
2018-08-03,1.75,1.75,1.75,1.75,1.5226191282272339,0
2018-08-06,1.75,1.75,1.75,1.75,1.5226191282272339,0
2018-08-07,1.75,1.75,1.75,1.75,1.5226191282272339,0
2018-08-08,1.75,1.75,1.75,1.75,1.5226191282272339,0
2018-08-09,1.75,1.75,1.75,1.75,1.5226191282272339,0
2018-08-10,1.75,1.75,1.75,1.75,1.5226191282272339,0
2018-08-13,1.75,1.75,1.75,1.75,1.5226191282272339,0
2018-08-14,1.75,1.75,1.75,1.75,1.5226191282272339,0
2018-08-15,1.75,1.75,1.75,1.75,1.5226191282272339,0
2018-08-16,1.75,1.75,1.75,1.75,1.5226191282272339,0
2018-08-17,1.75,1.75,1.75,1.75,1.5226191282272339,0
2018-08-20,1.75,1.75,1.75,1.75,1.5226191282272339,0
2018-08-21,1.75,1.75,1.75,1.75,1.5226191282272339,0
2018-08-22,1.75,1.75,1.75,1.75,1.5226191282272339,0
2018-08-23,1.75,1.75,1.75,1.75,1.5226191282272339,0
2018-08-24,1.75,1.75,1.75,1.75,1.5226191282272339,0
2018-08-27,1.75,1.75,1.75,1.75,1.5226191282272339,0
2018-08-28,1.649999976158142,1.8333330154418945,1.6333329677581787,1.6166659593582153,1.4066094160079956,201600
2018-08-29,1.6166659593582153,1.6166659593582153,1.6166659593582153,1.6166659593582153,1.4066094160079956,0
2018-08-30,1.6166659593582153,1.6166659593582153,1.6166659593582153,1.6166659593582153,1.4066094160079956,0
2018-08-31,1.6166659593582153,1.6166659593582153,1.6166659593582153,1.6166659593582153,1.4066094160079956,0
2018-09-03,1.6166659593582153,1.6166659593582153,1.6166659593582153,1.6166659593582153,1.4066094160079956,0
2018-09-04,1.6166659593582153,1.6166659593582153,1.6166659593582153,1.6166659593582153,1.4066094160079956,0
2018-09-05,1.6166659593582153,1.6166659593582153,1.6166659593582153,1.6166659593582153,1.4066094160079956,0
2018-09-06,1.6166659593582153,1.6166659593582153,1.6166659593582153,1.6166659593582153,1.4066094160079956,0
2018-09-07,1.6166659593582153,1.6166659593582153,1.6166659593582153,1.6166659593582153,1.4066094160079956,0
2018-09-10,1.541666030883789,1.541666030883789,1.541666030883789,1.541666030883789,1.341354250907898,0
2018-09-11,1.541666030883789,1.541666030883789,1.541666030883789,1.541666030883789,1.341354250907898,0
2018-09-12,1.541666030883789,1.541666030883789,1.541666030883789,1.541666030883789,1.341354250907898,0
2018-09-13,1.541666030883789,1.541666030883789,1.541666030883789,1.541666030883789,1.341354250907898,0
2018-09-14,1.541666030883789,1.541666030883789,1.541666030883789,1.541666030883789,1.341354250907898,0
2018-09-17,1.541666030883789,1.541666030883789,1.541666030883789,1.541666030883789,1.341354250907898,0
2018-09-18,1.625,1.625,1.5,1.5,1.3051021099090576,52800
2018-09-19,1.5,1.5,1.5,1.5,1.3051021099090576,0
2018-09-20,1.625,1.625,1.625,1.625,1.4138604402542114,0
2018-09-21,1.625,1.625,1.625,1.625,1.4138604402542114,0
2018-09-24,1.625,1.625,1.625,1.625,1.4138604402542114,0
2018-09-26,1.666666030883789,2.4749999046325684,1.666666030883789,2.0833330154418945,1.8126412630081177,1620000
2018-09-27,2.0833330154418945,2.0833330154418945,2.0833330154418945,2.0833330154418945,1.8126412630081177,0
2018-09-28,2.0833330154418945,2.0833330154418945,2.0833330154418945,2.0833330154418945,1.8126412630081177,0
2018-10-02,2.0833330154418945,2.0833330154418945,2.0833330154418945,2.0833330154418945,1.8126412630081177,0
2018-10-03,2.0833330154418945,2.0833330154418945,2.0833330154418945,2.0833330154418945,1.8126412630081177,0
2018-10-04,2.0833330154418945,2.0833330154418945,2.0833330154418945,2.0833330154418945,1.8126412630081177,0
2018-10-05,2.0833330154418945,2.0833330154418945,2.0833330154418945,2.0833330154418945,1.8126412630081177,0
2018-10-08,2.0833330154418945,2.0833330154418945,2.0833330154418945,2.0833330154418945,1.8126412630081177,0
2018-10-09,2.0833330154418945,2.0833330154418945,2.0833330154418945,2.0833330154418945,1.8126412630081177,0
2018-10-10,2.0833330154418945,2.0833330154418945,2.0833330154418945,2.0833330154418945,1.8126412630081177,0
2018-10-11,2.0833330154418945,2.0833330154418945,2.0833330154418945,2.0833330154418945,1.8126412630081177,0
2018-10-12,2.0833330154418945,2.0833330154418945,2.0833330154418945,2.0833330154418945,1.8126412630081177,0
2018-10-15,2.0833330154418945,2.0833330154418945,2.0833330154418945,2.0833330154418945,1.8126412630081177,0
2018-10-16,2.0833330154418945,2.0833330154418945,2.0833330154418945,2.0833330154418945,1.8126412630081177,0
2018-10-18,2.0833330154418945,2.0833330154418945,2.0833330154418945,2.0833330154418945,1.8126412630081177,0
2018-10-19,2.0833330154418945,2.0833330154418945,2.0833330154418945,2.0833330154418945,1.8126412630081177,0
2018-10-22,2.0833330154418945,2.0833330154418945,2.0833330154418945,2.0833330154418945,1.8126412630081177,0
2018-10-23,2.0833330154418945,2.0833330154418945,2.0833330154418945,2.0833330154418945,1.8126412630081177,0
2018-10-24,2.0833330154418945,2.0833330154418945,2.0833330154418945,2.0833330154418945,1.8126412630081177,0
2018-10-25,2.0833330154418945,2.0833330154418945,2.0833330154418945,2.0833330154418945,1.8126412630081177,0
2018-10-26,2.0833330154418945,2.0833330154418945,2.0833330154418945,2.0833330154418945,1.8126412630081177,0
2018-10-29,2.0833330154418945,2.0833330154418945,2.0833330154418945,2.0833330154418945,1.8126412630081177,0
2018-10-30,2.0833330154418945,2.0833330154418945,2.0833330154418945,2.0833330154418945,1.8126412630081177,0
2018-10-31,2.0833330154418945,2.0833330154418945,2.0833330154418945,2.0833330154418945,1.8126412630081177,0
2018-11-01,2.0833330154418945,2.0833330154418945,2.0833330154418945,2.0833330154418945,1.8126412630081177,0
2018-11-02,2.0833330154418945,2.0833330154418945,2.0833330154418945,2.0833330154418945,1.8126412630081177,0
2018-11-05,2.0833330154418945,2.0833330154418945,2.0833330154418945,2.0833330154418945,1.8126412630081177,0
2018-11-06,2.0833330154418945,2.0833330154418945,2.0833330154418945,2.0833330154418945,1.8126412630081177,0
2018-11-07,2.0833330154418945,2.0833330154418945,2.0833330154418945,2.0833330154418945,1.8126412630081177,0
2018-11-08,2.0833330154418945,2.0833330154418945,2.0833330154418945,2.0833330154418945,1.8126412630081177,0
2018-11-09,2.0833330154418945,2.0833330154418945,2.0833330154418945,2.0833330154418945,1.8126412630081177,0
2018-11-12,2.0833330154418945,2.0833330154418945,2.0833330154418945,2.0833330154418945,1.8126412630081177,0
2018-11-13,2.0833330154418945,2.0833330154418945,2.0833330154418945,2.0833330154418945,1.8126412630081177,0
2018-11-14,2.0833330154418945,2.0833330154418945,2.0833330154418945,2.0833330154418945,1.8126412630081177,0
2018-11-15,2.0833330154418945,2.0833330154418945,2.0833330154418945,2.0833330154418945,1.8126412630081177,0
2018-11-16,2.0833330154418945,2.0833330154418945,2.0833330154418945,2.0833330154418945,1.8126412630081177,0
2018-11-19,2.0833330154418945,2.0833330154418945,2.0833330154418945,2.0833330154418945,1.8126412630081177,0
2018-11-20,2.0833330154418945,2.0833330154418945,2.0833330154418945,2.0833330154418945,1.8126412630081177,0
2018-11-21,2.0833330154418945,2.0833330154418945,2.0833330154418945,2.0833330154418945,1.8126412630081177,0
2018-11-22,2.0833330154418945,2.0833330154418945,2.0833330154418945,2.0833330154418945,1.8126412630081177,0
2018-11-23,2.0833330154418945,2.0833330154418945,2.0833330154418945,2.0833330154418945,1.8126412630081177,0
2018-11-26,2.0833330154418945,2.0833330154418945,2.0833330154418945,2.0833330154418945,1.8126412630081177,0
2018-11-27,2.0833330154418945,2.0833330154418945,2.0833330154418945,2.0833330154418945,1.8126412630081177,0
2018-11-28,2.0833330154418945,2.0833330154418945,2.0833330154418945,2.0833330154418945,1.8126412630081177,0
2018-11-29,2.0833330154418945,2.0833330154418945,2.0833330154418945,2.0833330154418945,1.8126412630081177,0
2018-11-30,2.0833330154418945,2.0833330154418945,2.0833330154418945,2.0833330154418945,1.8126412630081177,0
2018-12-03,2.0833330154418945,2.0833330154418945,2.0833330154418945,2.0833330154418945,1.8126412630081177,0
2018-12-04,2.0833330154418945,2.0833330154418945,2.0833330154418945,2.0833330154418945,1.8126412630081177,0
2018-12-05,2.0833330154418945,2.0833330154418945,2.0833330154418945,2.0833330154418945,1.8126412630081177,0
2018-12-06,2.0833330154418945,2.0833330154418945,2.0833330154418945,2.0833330154418945,1.8126412630081177,0
2018-12-07,2.0833330154418945,2.0833330154418945,2.0833330154418945,2.0833330154418945,1.8126412630081177,0
2018-12-10,2.0833330154418945,2.0833330154418945,2.0833330154418945,2.0833330154418945,1.8126412630081177,0
2018-12-11,2.0833330154418945,2.0833330154418945,2.0833330154418945,2.0833330154418945,1.8126412630081177,0
2018-12-12,2.0833330154418945,2.0833330154418945,2.0833330154418945,2.0833330154418945,1.8126412630081177,0
2018-12-13,2.0833330154418945,2.0833330154418945,2.0833330154418945,2.0833330154418945,1.8126412630081177,0
2018-12-14,2.0833330154418945,2.0833330154418945,2.0833330154418945,2.0833330154418945,1.8126412630081177,0
2018-12-17,2.0833330154418945,2.0833330154418945,2.0833330154418945,2.0833330154418945,1.8126412630081177,0
2018-12-18,2.0833330154418945,2.0833330154418945,2.0833330154418945,2.0833330154418945,1.8126412630081177,0
2018-12-19,2.0833330154418945,2.0833330154418945,2.0833330154418945,2.0833330154418945,1.8126412630081177,0
2018-12-20,2.0833330154418945,2.0833330154418945,2.0833330154418945,2.0833330154418945,1.8126412630081177,0
2018-12-21,2.0833330154418945,2.0833330154418945,2.0833330154418945,2.0833330154418945,1.8126412630081177,0
2018-12-24,2.0833330154418945,2.0833330154418945,2.0833330154418945,2.0833330154418945,1.8126412630081177,0
2018-12-27,2.0833330154418945,2.0833330154418945,2.0833330154418945,2.0833330154418945,1.8126412630081177,0
2018-12-28,2.0833330154418945,2.0833330154418945,2.0833330154418945,2.0833330154418945,1.8126412630081177,0
2018-12-31,2.0833330154418945,2.0833330154418945,2.0833330154418945,2.0833330154418945,1.8126412630081177,0
2019-01-02,1.8166660070419312,1.8166660070419312,1.8166660070419312,1.8166660070419312,1.580622911453247,7200
2019-01-03,1.8166660070419312,1.8166660070419312,1.8166660070419312,1.8166660070419312,1.580622911453247,0
2019-01-04,1.8166660070419312,1.8166660070419312,1.8166660070419312,1.8166660070419312,1.580622911453247,0
2019-01-07,1.75,1.7583329677581787,1.75,1.7583329677581787,1.5298693180084229,52800
2019-01-08,1.75,1.75,1.75,1.75,1.5226191282272339,0
2019-01-09,1.766666054725647,1.766666054725647,1.766666054725647,1.766666054725647,1.5371196269989014,0
2019-01-10,1.766666054725647,1.766666054725647,1.766666054725647,1.766666054725647,1.5371196269989014,0
2019-01-11,1.75,1.75,1.75,1.75,1.5226191282272339,0
2019-01-14,1.75,1.75,1.75,1.75,1.5226191282272339,0
2019-01-15,1.75,1.75,1.75,1.75,1.5226191282272339,0
2019-01-16,1.75,1.75,1.75,1.75,1.5226191282272339,0
2019-01-17,1.75,1.75,1.75,1.75,1.5226191282272339,0
2019-01-18,1.75,1.75,1.75,1.75,1.5226191282272339,0
2019-01-21,1.75,1.75,1.75,1.75,1.5226191282272339,0
2019-01-22,1.75,1.75,1.75,1.75,1.5226191282272339,0
2019-01-23,1.75,1.75,1.75,1.75,1.5226191282272339,0
2019-01-24,1.666666030883789,1.666666030883789,1.666666030883789,1.666666030883789,1.4501128196716309,19200
2019-01-25,1.666666030883789,1.666666030883789,1.666666030883789,1.666666030883789,1.4501128196716309,0
2019-01-28,1.666666030883789,1.666666030883789,1.666666030883789,1.666666030883789,1.4501128196716309,0
2019-01-29,1.666666030883789,1.666666030883789,1.666666030883789,1.666666030883789,1.4501128196716309,0
2019-01-30,1.666666030883789,1.666666030883789,1.666666030883789,1.666666030883789,1.4501128196716309,0
2019-01-31,1.666666030883789,1.666666030883789,1.666666030883789,1.666666030883789,1.4501128196716309,0
2019-02-01,1.666666030883789,1.666666030883789,1.666666030883789,1.666666030883789,1.4501128196716309,0
2019-02-04,1.666666030883789,1.666666030883789,1.666666030883789,1.666666030883789,1.4501128196716309,0
2019-02-08,1.666666030883789,1.666666030883789,1.666666030883789,1.666666030883789,1.4501128196716309,0
2019-02-11,1.666666030883789,1.666666030883789,1.666666030883789,1.666666030883789,1.4501128196716309,0
2019-02-12,1.666666030883789,1.666666030883789,1.666666030883789,1.666666030883789,1.4501128196716309,0
2019-02-13,1.6583329439163208,1.6583329439163208,1.6583329439163208,1.6583329439163208,1.4428623914718628,0
2019-02-14,1.5833330154418945,1.5833330154418945,1.5833330154418945,1.5833330154418945,1.3776074647903442,48000
2019-02-15,1.5833330154418945,1.5833330154418945,1.5833330154418945,1.5833330154418945,1.3776074647903442,0
2019-02-18,1.5833330154418945,1.5833330154418945,1.5833330154418945,1.5833330154418945,1.3776074647903442,0
2019-02-19,1.5833330154418945,1.5833330154418945,1.5833330154418945,1.5833330154418945,1.3776074647903442,0
2019-02-20,1.5833330154418945,1.5833330154418945,1.5833330154418945,1.5833330154418945,1.3776074647903442,0
2019-02-21,1.5833330154418945,1.5833330154418945,1.5833330154418945,1.5833330154418945,1.3776074647903442,0
2019-02-22,1.5833330154418945,1.5833330154418945,1.5833330154418945,1.5833330154418945,1.3776074647903442,0
2019-02-25,1.5833330154418945,1.5833330154418945,1.5833330154418945,1.5833330154418945,1.3776074647903442,0
2019-02-26,1.5833330154418945,1.5833330154418945,1.5833330154418945,1.5833330154418945,1.3776074647903442,0
2019-02-27,1.541666030883789,1.541666030883789,1.541666030883789,1.541666030883789,1.341354250907898,0
2019-02-28,1.541666030883789,1.541666030883789,1.541666030883789,1.541666030883789,1.341354250907898,0
2019-03-01,1.666666030883789,1.666666030883789,1.4583330154418945,1.4583330154418945,1.2688488960266113,14400
2019-03-04,1.4583330154418945,1.4583330154418945,1.4583330154418945,1.4583330154418945,1.2688488960266113,0
2019-03-05,1.4583330154418945,1.4583330154418945,1.4583330154418945,1.4583330154418945,1.2688488960266113,0
2019-03-06,1.4583330154418945,1.4583330154418945,1.4583330154418945,1.4583330154418945,1.2688488960266113,2400
2019-03-07,1.4583330154418945,1.4583330154418945,1.4583330154418945,1.4583330154418945,1.2688488960266113,0
2019-03-08,1.4583330154418945,1.4583330154418945,1.4583330154418945,1.4583330154418945,1.2688488960266113,0
2019-03-11,1.4583330154418945,1.4583330154418945,1.4583330154418945,1.4583330154418945,1.2688488960266113,0
2019-03-12,1.4583330154418945,1.4583330154418945,1.4583330154418945,1.4583330154418945,1.2688488960266113,0
2019-03-13,1.4583330154418945,1.4583330154418945,1.4583330154418945,1.4583330154418945,1.2688488960266113,0
2019-03-14,1.4583330154418945,1.4583330154418945,1.4583330154418945,1.4583330154418945,1.2688488960266113,0
2019-03-15,1.4583330154418945,1.4583330154418945,1.4583330154418945,1.4583330154418945,1.2688488960266113,0
2019-03-18,1.4333330392837524,1.4333330392837524,1.4333330392837524,1.4333330392837524,1.247097373008728,31200
2019-03-19,1.625,1.625,1.5833330154418945,1.5833330154418945,1.3776074647903442,50400
2019-03-20,1.5,1.5,1.5,1.5,1.3051021099090576,24000
2019-03-21,1.5,1.5,1.5,1.5,1.3051021099090576,12000
2019-03-22,1.4833329916000366,1.4833329916000366,1.4833329916000366,1.4833329916000366,1.2906007766723633,0
2019-03-25,1.4583330154418945,1.4583330154418945,1.4583330154418945,1.4583330154418945,1.2688488960266113,0
2019-03-26,1.4583330154418945,1.4583330154418945,1.4583330154418945,1.4583330154418945,1.2688488960266113,0
2019-03-27,1.4583330154418945,1.4583330154418945,1.4583330154418945,1.4583330154418945,1.2688488960266113,0
2019-03-28,1.4583330154418945,1.4583330154418945,1.4583330154418945,1.4583330154418945,1.2688488960266113,0
2019-03-29,1.4583330154418945,1.4583330154418945,1.4583330154418945,1.4583330154418945,1.2688488960266113,0
2019-04-01,1.5,1.5,1.5,1.5,1.3051021099090576,0
2019-04-02,1.5,1.5,1.5,1.5,1.3051021099090576,0
2019-04-03,1.5,1.5,1.5,1.5,1.3051021099090576,14400
2019-04-04,1.5,1.5,1.5,1.5,1.3051021099090576,0
2019-04-08,1.5,1.5,1.5,1.5,1.3051021099090576,0
2019-04-09,1.5,1.5,1.5,1.5,1.3051021099090576,0
2019-04-10,1.5,1.5,1.5,1.5,1.3051021099090576,0
2019-04-11,1.5,1.5,1.5,1.5,1.3051021099090576,0
2019-04-12,1.5,1.5,1.5,1.5,1.3051021099090576,0
2019-04-15,1.5,1.5,1.5,1.5,1.3051021099090576,0
2019-04-16,1.5,1.5,1.5,1.5,1.3051021099090576,0
2019-04-17,1.5,1.5,1.5,1.5,1.3051021099090576,0
2019-04-18,1.5,1.5,1.5,1.5,1.3051021099090576,0
2019-04-23,1.5,1.5,1.5,1.5,1.3051021099090576,0
2019-04-24,1.5,1.5,1.5,1.5,1.3051021099090576,0
2019-04-25,1.5,1.5,1.5,1.5,1.3051021099090576,0
2019-04-26,1.5,1.5,1.5,1.5,1.3051021099090576,0
2019-04-29,1.5,1.5,1.5,1.5,1.3051021099090576,0
2019-04-30,1.5,1.5,1.5,1.5,1.3051021099090576,0
2019-05-02,1.5,1.5,1.5,1.5,1.3051021099090576,0
2019-05-03,1.5,1.5,1.5,1.5,1.3051021099090576,0
2019-05-06,1.5,1.5,1.5,1.5,1.3051021099090576,0
2019-05-07,1.5,1.5,1.5,1.5,1.3051021099090576,0
2019-05-08,1.5,1.5,1.5,1.5,1.3051021099090576,0
2019-05-09,1.5,1.5,1.5,1.5,1.3051021099090576,0
2019-05-10,1.5,1.5,1.5,1.5,1.3051021099090576,0
2019-05-14,1.5,1.5,1.5,1.5,1.3051021099090576,0
2019-05-15,1.5,1.5,1.5,1.5,1.3051021099090576,0
2019-05-16,1.5,1.5,1.5,1.5,1.3051021099090576,0
2019-05-17,1.5,1.5,1.5,1.5,1.3051021099090576,7200
2019-05-20,1.5,1.5,1.5,1.5,1.3051021099090576,0
2019-05-21,1.5,1.5,1.5,1.5,1.3051021099090576,0
2019-05-22,1.5,1.5,1.5,1.5,1.3051021099090576,0
2019-05-23,1.5,1.5,1.5,1.5,1.3051021099090576,0
2019-05-24,1.5,1.5,1.5,1.5,1.3051021099090576,0
2019-05-27,1.5,1.5,1.5,1.5,1.3051021099090576,0
2019-05-28,1.5,1.5,1.5,1.5,1.3051021099090576,0
2019-05-29,1.5,1.5,1.5,1.5,1.3051021099090576,0
2019-05-30,1.5,1.5,1.5,1.5,1.3051021099090576,0
2019-05-31,1.5,1.5,1.5,1.5,1.3051021099090576,0
2019-06-03,1.5,1.5083329677581787,1.5,1.5083329677581787,1.3123522996902466,218880
2019-06-04,1.4930000305175781,1.4930000305175781,1.4930000305175781,1.4930000305175781,1.3148772716522217,0
2019-06-05,1.4930000305175781,1.4930000305175781,1.4930000305175781,1.4930000305175781,1.3148772716522217,0
2019-06-06,1.4930000305175781,1.4930000305175781,1.4930000305175781,1.4930000305175781,1.3148772716522217,0
2019-06-10,1.4930000305175781,1.4930000305175781,1.4930000305175781,1.4930000305175781,1.3148772716522217,0
2019-06-11,1.4930000305175781,1.4930000305175781,1.4930000305175781,1.4930000305175781,1.3148772716522217,0
2019-06-12,1.4930000305175781,1.4930000305175781,1.4930000305175781,1.4930000305175781,1.3148772716522217,0
2019-06-13,1.4930000305175781,1.4930000305175781,1.4930000305175781,1.4930000305175781,1.3148772716522217,0
2019-06-14,1.4930000305175781,1.4930000305175781,1.4930000305175781,1.4930000305175781,1.3148772716522217,0
2019-06-17,1.4930000305175781,1.4930000305175781,1.4930000305175781,1.4930000305175781,1.3148772716522217,0
2019-06-18,1.4930000305175781,1.4930000305175781,1.4930000305175781,1.4930000305175781,1.3148772716522217,0
2019-06-19,1.4930000305175781,1.4930000305175781,1.4930000305175781,1.4930000305175781,1.3148772716522217,0
2019-06-20,1.4600000381469727,1.4600000381469727,1.4600000381469727,1.4600000381469727,1.2858142852783203,2000
2019-06-21,1.4600000381469727,1.4600000381469727,1.4600000381469727,1.4600000381469727,1.2858142852783203,0
2019-06-24,1.4600000381469727,1.4600000381469727,1.4600000381469727,1.4600000381469727,1.2858142852783203,0
2019-06-25,1.4600000381469727,1.4600000381469727,1.4600000381469727,1.4600000381469727,1.2858142852783203,0
2019-06-26,1.4600000381469727,1.4600000381469727,1.4600000381469727,1.4600000381469727,1.2858142852783203,0
2019-06-27,1.4600000381469727,1.4600000381469727,1.4600000381469727,1.4600000381469727,1.2858142852783203,0
2019-06-28,1.4600000381469727,1.4600000381469727,1.4600000381469727,1.4600000381469727,1.2858142852783203,0
2019-07-02,1.4600000381469727,1.4600000381469727,1.4600000381469727,1.4600000381469727,1.2858142852783203,0
2019-07-03,1.4600000381469727,1.4600000381469727,1.4600000381469727,1.4600000381469727,1.2858142852783203,0
2019-07-04,1.4600000381469727,1.4600000381469727,1.4600000381469727,1.4600000381469727,1.2858142852783203,0
2019-07-05,1.4600000381469727,1.4600000381469727,1.4600000381469727,1.4600000381469727,1.2858142852783203,0
2019-07-08,1.4600000381469727,1.4600000381469727,1.4600000381469727,1.4600000381469727,1.2858142852783203,0
2019-07-09,1.4600000381469727,1.4600000381469727,1.4600000381469727,1.4600000381469727,1.2858142852783203,0
2019-07-10,1.4600000381469727,1.4600000381469727,1.4600000381469727,1.4600000381469727,1.2858142852783203,0
2019-07-11,1.4600000381469727,1.4600000381469727,1.4600000381469727,1.4600000381469727,1.2858142852783203,0
2019-07-12,1.4600000381469727,1.4600000381469727,1.4600000381469727,1.4600000381469727,1.2858142852783203,0
2019-07-15,1.4600000381469727,1.4600000381469727,1.4600000381469727,1.4600000381469727,1.2858142852783203,0
2019-07-16,1.4600000381469727,1.4600000381469727,1.4600000381469727,1.4600000381469727,1.2858142852783203,5200
2019-07-17,1.4600000381469727,1.4600000381469727,1.4600000381469727,1.4600000381469727,1.2858142852783203,0
2019-07-18,1.4600000381469727,1.4600000381469727,1.4600000381469727,1.4600000381469727,1.2858142852783203,0
2019-07-19,1.4600000381469727,1.4600000381469727,1.4600000381469727,1.4600000381469727,1.2858142852783203,0
2019-07-22,1.4600000381469727,1.4600000381469727,1.4600000381469727,1.4600000381469727,1.2858142852783203,0
2019-07-23,1.4600000381469727,1.4600000381469727,1.4600000381469727,1.4600000381469727,1.2858142852783203,0
2019-07-24,1.4500000476837158,1.4500000476837158,1.4500000476837158,1.4500000476837158,1.2770074605941772,0
2019-07-25,1.399999976158142,1.399999976158142,1.399999976158142,1.399999976158142,1.2329726219177246,2000
2019-07-26,1.399999976158142,1.399999976158142,1.399999976158142,1.399999976158142,1.2329726219177246,0
2019-07-29,1.399999976158142,1.399999976158142,1.399999976158142,1.399999976158142,1.2329726219177246,0
2019-07-30,1.399999976158142,1.399999976158142,1.399999976158142,1.399999976158142,1.2329726219177246,0
2019-07-31,1.399999976158142,1.399999976158142,1.399999976158142,1.399999976158142,1.2329726219177246,0
2019-08-01,1.3899999856948853,1.3899999856948853,1.3899999856948853,1.3899999856948853,1.2241657972335815,0
2019-08-02,1.3899999856948853,1.3899999856948853,1.3899999856948853,1.3899999856948853,1.2241657972335815,0
2019-08-05,1.3899999856948853,1.3899999856948853,1.3899999856948853,1.3899999856948853,1.2241657972335815,0
2019-08-06,1.3899999856948853,1.3899999856948853,1.3899999856948853,1.3899999856948853,1.2241657972335815,0
2019-08-07,1.3899999856948853,1.3899999856948853,1.3899999856948853,1.3899999856948853,1.2241657972335815,0
2019-08-08,1.3899999856948853,1.3899999856948853,1.3899999856948853,1.3899999856948853,1.2241657972335815,0
2019-08-09,1.3899999856948853,1.3899999856948853,1.3899999856948853,1.3899999856948853,1.2241657972335815,0
2019-08-12,1.3799999952316284,1.3799999952316284,1.3799999952316284,1.3799999952316284,1.2153587341308594,0
2019-08-13,1.3799999952316284,1.3799999952316284,1.3799999952316284,1.3799999952316284,1.2153587341308594,0
2019-08-14,1.3799999952316284,1.3799999952316284,1.3799999952316284,1.3799999952316284,1.2153587341308594,0
2019-08-15,1.3799999952316284,1.3799999952316284,1.3799999952316284,1.3799999952316284,1.2153587341308594,0
2019-08-16,1.3799999952316284,1.3799999952316284,1.3799999952316284,1.3799999952316284,1.2153587341308594,0
2019-08-19,1.3799999952316284,1.3799999952316284,1.3799999952316284,1.3799999952316284,1.2153587341308594,0
2019-08-20,1.3799999952316284,1.3799999952316284,1.3799999952316284,1.3799999952316284,1.2153587341308594,0
2019-08-21,1.3799999952316284,1.3799999952316284,1.3799999952316284,1.3799999952316284,1.2153587341308594,0
2019-08-22,1.3799999952316284,1.3799999952316284,1.3799999952316284,1.3799999952316284,1.2153587341308594,0
2019-08-23,1.3799999952316284,1.3799999952316284,1.3799999952316284,1.3799999952316284,1.2153587341308594,0
2019-08-26,1.3799999952316284,1.3799999952316284,1.3799999952316284,1.3799999952316284,1.2153587341308594,8000
2019-08-27,1.3799999952316284,1.3799999952316284,1.3799999952316284,1.3799999952316284,1.2153587341308594,0
2019-08-28,1.3799999952316284,1.3799999952316284,1.3799999952316284,1.3799999952316284,1.2153587341308594,0
2019-08-29,1.3799999952316284,1.3799999952316284,1.3799999952316284,1.3799999952316284,1.2153587341308594,0
2019-08-30,1.3799999952316284,1.3799999952316284,1.3799999952316284,1.3799999952316284,1.2153587341308594,0
2019-09-02,1.3700000047683716,1.3700000047683716,1.3700000047683716,1.3700000047683716,1.2065519094467163,0
2019-09-03,1.3700000047683716,1.3700000047683716,1.3700000047683716,1.3700000047683716,1.2065519094467163,0
2019-09-04,1.3700000047683716,1.3700000047683716,1.3700000047683716,1.3700000047683716,1.2065519094467163,0
2019-09-05,1.3700000047683716,1.3700000047683716,1.3700000047683716,1.3700000047683716,1.2065519094467163,0
2019-09-06,1.3700000047683716,1.3700000047683716,1.3700000047683716,1.3700000047683716,1.2065519094467163,0
2019-09-09,1.3700000047683716,1.3700000047683716,1.3700000047683716,1.3700000047683716,1.2065519094467163,0
2019-09-10,1.3700000047683716,1.3700000047683716,1.3700000047683716,1.3700000047683716,1.2065519094467163,0
2019-09-11,1.3600000143051147,1.3600000143051147,1.3600000143051147,1.3600000143051147,1.1977449655532837,0
2019-09-12,1.3600000143051147,1.3600000143051147,1.3600000143051147,1.3600000143051147,1.1977449655532837,0
2019-09-13,1.3600000143051147,1.3600000143051147,1.3600000143051147,1.3600000143051147,1.1977449655532837,0
2019-09-16,1.3600000143051147,1.3600000143051147,1.3600000143051147,1.3600000143051147,1.1977449655532837,0
2019-09-17,1.3600000143051147,1.3600000143051147,1.3600000143051147,1.3600000143051147,1.1977449655532837,0
2019-09-18,1.3600000143051147,1.3600000143051147,1.3600000143051147,1.3600000143051147,1.1977449655532837,0
2019-09-19,1.3600000143051147,1.3600000143051147,1.3600000143051147,1.3600000143051147,1.1977449655532837,0
2019-09-20,1.3600000143051147,1.3600000143051147,1.3600000143051147,1.3600000143051147,1.1977449655532837,0
2019-09-23,1.3600000143051147,1.3600000143051147,1.3600000143051147,1.3600000143051147,1.1977449655532837,0
2019-09-24,1.3600000143051147,1.3600000143051147,1.3600000143051147,1.3600000143051147,1.1977449655532837,0
2019-09-25,1.3600000143051147,1.3600000143051147,1.3600000143051147,1.3600000143051147,1.1977449655532837,0
2019-09-26,1.3600000143051147,1.3600000143051147,1.3600000143051147,1.3600000143051147,1.1977449655532837,0
2019-09-27,1.3600000143051147,1.3600000143051147,1.3600000143051147,1.3600000143051147,1.1977449655532837,0
2019-09-30,1.3600000143051147,1.3799999952316284,1.3799999952316284,1.3600000143051147,1.1977449655532837,44000
2019-10-02,1.3600000143051147,1.3600000143051147,1.3600000143051147,1.3600000143051147,1.1977449655532837,0
2019-10-03,1.3600000143051147,1.3600000143051147,1.3600000143051147,1.3600000143051147,1.1977449655532837,0
2019-10-04,1.3600000143051147,1.3600000143051147,1.3600000143051147,1.3600000143051147,1.1977449655532837,0
2019-10-08,1.3600000143051147,1.3600000143051147,1.3600000143051147,1.3600000143051147,1.1977449655532837,0
2019-10-09,1.3600000143051147,1.3600000143051147,1.3600000143051147,1.3600000143051147,1.1977449655532837,0
2019-10-10,1.3600000143051147,1.3600000143051147,1.3600000143051147,1.3600000143051147,1.1977449655532837,0
2019-10-11,1.3600000143051147,1.3600000143051147,1.3600000143051147,1.3600000143051147,1.1977449655532837,0
2019-10-14,1.309999942779541,1.309999942779541,1.309999942779541,1.309999942779541,1.153709888458252,6000
2019-10-15,1.0800000429153442,1.0800000429153442,1.0800000429153442,1.0800000429153442,0.9511504769325256,0
2019-10-16,1.2999999523162842,1.2999999523162842,1.2999999523162842,1.3600000143051147,1.1977449655532837,4000
2019-10-17,1.350000023841858,1.350000023841858,1.350000023841858,1.350000023841858,1.1889379024505615,50000
2019-10-18,1.350000023841858,1.350000023841858,1.350000023841858,1.350000023841858,1.1889379024505615,0
2019-10-21,1.350000023841858,1.350000023841858,1.350000023841858,1.350000023841858,1.1889379024505615,0
2019-10-22,1.350000023841858,1.350000023841858,1.350000023841858,1.350000023841858,1.1889379024505615,0
2019-10-23,1.350000023841858,1.350000023841858,1.350000023841858,1.350000023841858,1.1889379024505615,0
2019-10-24,1.3300000429153442,1.3300000429153442,1.3300000429153442,1.3300000429153442,1.1713240146636963,0
2019-10-25,1.309999942779541,1.309999942779541,1.309999942779541,1.309999942779541,1.153709888458252,0
2019-10-28,1.2799999713897705,1.2799999713897705,1.2799999713897705,1.2799999713897705,1.1272892951965332,0
2019-10-29,1.25,1.25,1.25,1.25,1.1008683443069458,0
2019-10-30,1.25,1.25,1.25,1.25,1.1008683443069458,0
2019-10-31,1.25,1.25,1.25,1.25,1.1008683443069458,0
2019-11-01,1.25,1.25,1.25,1.25,1.1008683443069458,0
2019-11-04,1.1799999475479126,1.1799999475479126,1.1799999475479126,1.1799999475479126,1.0392197370529175,0
2019-11-05,1.1799999475479126,1.1799999475479126,1.1799999475479126,1.1799999475479126,1.0392197370529175,0
2019-11-06,1.1799999475479126,1.1799999475479126,1.1799999475479126,1.1799999475479126,1.0392197370529175,0
2019-11-07,1.149999976158142,1.149999976158142,1.149999976158142,1.149999976158142,1.0127990245819092,0
2019-11-08,1.090000033378601,1.090000033378601,1.090000033378601,1.090000033378601,0.9599573612213135,12000
2019-11-11,1.090000033378601,1.090000033378601,1.090000033378601,1.090000033378601,0.9599573612213135,0
2019-11-12,1.090000033378601,1.090000033378601,1.090000033378601,1.090000033378601,0.9599573612213135,0
2019-11-13,1.090000033378601,1.090000033378601,1.090000033378601,1.090000033378601,0.9599573612213135,0
2019-11-14,1.090000033378601,1.090000033378601,1.090000033378601,1.090000033378601,0.9599573612213135,0
2019-11-15,1.090000033378601,1.090000033378601,1.090000033378601,1.090000033378601,0.9599573612213135,0
2019-11-18,1.090000033378601,1.090000033378601,1.090000033378601,1.090000033378601,0.9599573612213135,0
2019-11-19,1.090000033378601,1.090000033378601,1.090000033378601,1.090000033378601,0.9599573612213135,0
2019-11-20,1.090000033378601,1.090000033378601,1.090000033378601,1.090000033378601,0.9599573612213135,0
2019-11-21,1.090000033378601,1.090000033378601,1.090000033378601,1.090000033378601,0.9599573612213135,0
2019-11-22,1.090000033378601,1.090000033378601,1.090000033378601,1.090000033378601,0.9599573612213135,0
2019-11-25,1.090000033378601,1.090000033378601,1.090000033378601,1.090000033378601,0.9599573612213135,0
2019-11-26,1.090000033378601,1.090000033378601,1.090000033378601,1.090000033378601,0.9599573612213135,0
2019-11-27,1.090000033378601,1.090000033378601,1.090000033378601,1.090000033378601,0.9599573612213135,0
2019-11-28,1.090000033378601,1.090000033378601,1.090000033378601,1.090000033378601,0.9599573612213135,0
2019-11-29,1.100000023841858,1.100000023841858,1.100000023841858,1.100000023841858,0.9687642455101013,10000
2019-12-02,1.0,1.0,1.0,1.0,0.8806947469711304,21600
2019-12-03,1.0,1.0,1.0,1.0,0.8806947469711304,0
2019-12-04,1.0,1.0,1.0,1.0,0.8806947469711304,34000
2019-12-05,1.0,1.0,1.0,1.0,0.8806947469711304,0
2019-12-06,1.0,1.0,1.0,1.0,0.8806947469711304,18000
2019-12-09,1.0,1.0,1.0,1.0,0.8806947469711304,0
2019-12-10,1.0,1.0,1.0,1.0,0.8806947469711304,0
2019-12-11,1.0,1.0,1.0,1.0,0.8806947469711304,0
2019-12-12,1.0,1.0,1.0,1.0,0.8806947469711304,0
2019-12-13,1.0,1.690000057220459,1.0,1.690000057220459,1.4883742332458496,46000
2019-12-16,1.6799999475479126,1.6799999475479126,1.190000057220459,1.399999976158142,1.2329726219177246,206000
2019-12-17,1.350000023841858,1.350000023841858,1.350000023841858,1.350000023841858,1.1889379024505615,10000
2019-12-18,1.350000023841858,1.350000023841858,1.350000023841858,1.350000023841858,1.1889379024505615,0
2019-12-19,1.350000023841858,1.350000023841858,1.350000023841858,1.350000023841858,1.1889379024505615,0
2019-12-20,1.350000023841858,1.350000023841858,1.350000023841858,1.350000023841858,1.1889379024505615,0
2019-12-23,1.2999999523162842,1.2999999523162842,1.2999999523162842,1.2999999523162842,1.1449031829833984,0
2019-12-24,0.8100000023841858,1.1399999856948853,0.8100000023841858,1.1200000047683716,0.9863781929016113,56000
2019-12-27,1.1200000047683716,1.1200000047683716,1.1200000047683716,1.1200000047683716,0.9863781929016113,0
2019-12-30,1.1200000047683716,1.1200000047683716,1.1200000047683716,1.1200000047683716,0.9863781929016113,0
2019-12-31,1.1299999952316284,1.1299999952316284,1.1299999952316284,1.1299999952316284,0.995185136795044,18000
2020-01-02,1.1299999952316284,1.1299999952316284,1.1299999952316284,1.1299999952316284,0.995185136795044,8000
2020-01-03,1.1299999952316284,1.1299999952316284,1.1299999952316284,1.1299999952316284,0.995185136795044,0
2020-01-06,1.1299999952316284,1.1299999952316284,1.1299999952316284,1.1299999952316284,0.995185136795044,0
2020-01-07,1.1299999952316284,1.1299999952316284,1.1299999952316284,1.1299999952316284,0.995185136795044,0
2020-01-08,1.1299999952316284,1.1299999952316284,1.1299999952316284,1.1299999952316284,0.995185136795044,0
2020-01-09,1.1299999952316284,1.1299999952316284,1.1299999952316284,1.1299999952316284,0.995185136795044,0
2020-01-10,1.1299999952316284,1.1299999952316284,1.1299999952316284,1.1299999952316284,0.995185136795044,0
2020-01-13,1.1299999952316284,1.1299999952316284,1.1299999952316284,1.1299999952316284,0.995185136795044,0
2020-01-14,1.1299999952316284,1.1299999952316284,1.1299999952316284,1.1299999952316284,0.995185136795044,0
2020-01-15,1.1299999952316284,1.1299999952316284,1.1299999952316284,1.1299999952316284,0.995185136795044,0
2020-01-16,1.1299999952316284,1.1299999952316284,1.1299999952316284,1.1299999952316284,0.995185136795044,0
2020-01-17,1.1299999952316284,1.1299999952316284,1.1299999952316284,1.1299999952316284,0.995185136795044,0
2020-01-20,1.1299999952316284,1.1299999952316284,1.1299999952316284,1.1299999952316284,0.995185136795044,0
2020-01-21,1.1299999952316284,1.1299999952316284,1.1299999952316284,1.1299999952316284,0.995185136795044,0
2020-01-22,1.1299999952316284,1.1299999952316284,1.1299999952316284,1.1299999952316284,0.995185136795044,0
2020-01-23,1.1299999952316284,1.1299999952316284,1.1200000047683716,1.1200000047683716,0.9863781929016113,20000
2020-01-24,1.1200000047683716,1.1200000047683716,1.1200000047683716,1.1200000047683716,0.9863781929016113,0
2020-01-29,1.1200000047683716,1.1200000047683716,1.1200000047683716,1.1200000047683716,0.9863781929016113,0
2020-01-30,1.1200000047683716,1.1200000047683716,1.1200000047683716,1.1200000047683716,0.9863781929016113,0
2020-01-31,1.1200000047683716,1.1200000047683716,1.1200000047683716,1.1200000047683716,0.9863781929016113,0
2020-02-03,1.0,1.0,1.0,1.0,0.8806947469711304,12000
2020-02-04,1.0,1.0,1.0,1.0,0.8806947469711304,10000
2020-02-05,1.0,1.0,1.0,1.0,0.8806947469711304,0
2020-02-06,1.0,1.0,1.0,1.0,0.8806947469711304,0
2020-02-07,1.0,1.0,1.0,1.0,0.8806947469711304,0
2020-02-10,1.0,1.0,1.0,1.0,0.8806947469711304,0
2020-02-11,1.0,1.0,1.0,1.0,0.8806947469711304,0
2020-02-12,1.0,1.0,1.0,1.0,0.8806947469711304,130000
2020-02-13,1.0,1.0,1.0,1.0,0.8806947469711304,0
2020-02-14,1.0,1.0,1.0,1.0,0.8806947469711304,0
2020-02-17,1.0,1.0,1.0,1.0,0.8806947469711304,0
2020-02-18,1.0,1.0,1.0,1.0,0.8806947469711304,0
2020-02-19,1.0,1.0,1.0,1.0,0.8806947469711304,0
2020-02-20,1.0,1.0,1.0,1.0,0.8806947469711304,0
2020-02-21,1.0,1.0,1.0,1.0,0.8806947469711304,0
2020-02-24,1.0,1.0,1.0,1.0,0.8806947469711304,0
2020-02-25,1.0,1.0,1.0,1.0,0.8806947469711304,0
2020-02-26,1.0,1.0,1.0,1.0,0.8806947469711304,0
2020-02-27,1.0,1.0,1.0,1.0,0.8806947469711304,0
2020-02-28,1.0,1.0,1.0,1.0,0.8806947469711304,0
2020-03-02,1.0,1.0,1.0,1.0,0.8806947469711304,0
2020-03-03,1.0,1.0,1.0,1.0,0.8806947469711304,0
2020-03-04,1.0,1.0,1.0,1.0,0.8806947469711304,0
2020-03-05,1.0,1.0,1.0,1.0,0.8806947469711304,0
2020-03-06,1.0,1.0,1.0,1.0,0.8806947469711304,0
2020-03-09,1.0,1.0,1.0,1.0,0.8806947469711304,0
2020-03-10,1.0,1.0,1.0,1.0,0.8806947469711304,0
2020-03-11,1.0,1.0,1.0,1.0,0.8806947469711304,0
2020-03-12,0.9599999785423279,0.9599999785423279,0.9599999785423279,0.9599999785423279,0.8454669713973999,10000
2020-03-13,0.9599999785423279,0.9599999785423279,0.9599999785423279,0.9599999785423279,0.8454669713973999,0
2020-03-16,0.8999999761581421,0.8999999761581421,0.8999999761581421,0.8999999761581421,0.7926251888275146,10000
2020-03-17,1.0499999523162842,1.899999976158142,1.0499999523162842,1.2000000476837158,1.0568337440490723,724000
2020-03-18,1.2000000476837158,1.2200000286102295,1.0,1.0,0.8806947469711304,210000
2020-03-19,1.0,1.0,1.0,1.0,0.8806947469711304,0
2020-03-20,1.0,1.0,1.0,1.0,0.8806947469711304,0
2020-03-23,0.9800000190734863,0.9800000190734863,0.9800000190734863,0.9800000190734863,0.8630808591842651,0
2020-03-24,0.8500000238418579,0.9800000190734863,0.9800000190734863,0.949999988079071,0.8366599678993225,2000
2020-03-25,0.9399999976158142,0.9399999976158142,0.9399999976158142,0.9399999976158142,0.8278530240058899,0
2020-03-26,0.8500000238418579,0.8700000047683716,0.800000011920929,0.8799999952316284,0.7750113606452942,50000
2020-03-27,0.8799999952316284,0.8799999952316284,0.8799999952316284,0.8799999952316284,0.7750113606452942,0
2020-03-30,0.8100000023841858,0.8100000023841858,0.800000011920929,0.800000011920929,0.7045558094978333,112000
2020-03-31,0.75,0.75,0.75,0.7599999904632568,0.6693280339241028,10000
2020-04-01,0.7599999904632568,0.7599999904632568,0.7599999904632568,0.7599999904632568,0.6693280339241028,0
2020-04-02,0.7799999713897705,0.7799999713897705,0.7799999713897705,0.7799999713897705,0.6869418621063232,0
2020-04-03,0.9599999785423279,0.9599999785423279,0.8899999856948853,0.8899999856948853,0.7838183045387268,126000
2020-04-06,0.8899999856948853,0.8899999856948853,0.8899999856948853,0.8899999856948853,0.7838183045387268,0
2020-04-07,0.8899999856948853,0.8899999856948853,0.8899999856948853,0.8899999856948853,0.7838183045387268,0
2020-04-08,0.8999999761581421,0.8999999761581421,0.8999999761581421,0.8999999761581421,0.7926251888275146,0
2020-04-09,0.8899999856948853,0.8899999856948853,0.8899999856948853,0.8899999856948853,0.7838183045387268,12000
2020-04-14,0.8799999952316284,0.8799999952316284,0.8799999952316284,0.8799999952316284,0.7750113606452942,0
2020-04-15,0.8799999952316284,0.8799999952316284,0.8799999952316284,0.8799999952316284,0.7750113606452942,0
2020-04-16,0.8799999952316284,0.8799999952316284,0.8799999952316284,0.8799999952316284,0.7750113606452942,0
2020-04-17,0.8600000143051147,0.8600000143051147,0.8600000143051147,0.8600000143051147,0.7573975920677185,0
2020-04-20,0.8600000143051147,0.8600000143051147,0.8600000143051147,0.8600000143051147,0.7573975920677185,0
2020-04-21,0.8600000143051147,0.8600000143051147,0.8600000143051147,0.8600000143051147,0.7573975920677185,0
2020-04-22,0.8399999737739563,0.8500000238418579,0.8399999737739563,0.8399999737739563,0.7397834658622742,14000
2020-04-23,0.8399999737739563,0.8399999737739563,0.8399999737739563,0.8399999737739563,0.7397834658622742,0
2020-04-24,0.8399999737739563,0.8399999737739563,0.8399999737739563,0.8399999737739563,0.7397834658622742,0
2020-04-27,0.8399999737739563,0.8399999737739563,0.8399999737739563,0.8399999737739563,0.7397834658622742,0
2020-04-28,0.800000011920929,0.800000011920929,0.800000011920929,0.800000011920929,0.7045558094978333,10000
2020-04-29,0.800000011920929,0.800000011920929,0.800000011920929,0.800000011920929,0.7045558094978333,0
2020-05-04,0.800000011920929,0.800000011920929,0.800000011920929,0.800000011920929,0.7045558094978333,0
2020-05-05,0.800000011920929,0.800000011920929,0.800000011920929,0.800000011920929,0.7045558094978333,0
2020-05-06,0.800000011920929,0.800000011920929,0.800000011920929,0.800000011920929,0.7045558094978333,0
2020-05-07,0.800000011920929,0.800000011920929,0.800000011920929,0.800000011920929,0.7045558094978333,0
2020-05-08,0.800000011920929,0.800000011920929,0.800000011920929,0.800000011920929,0.7045558094978333,0
2020-05-11,0.800000011920929,0.800000011920929,0.800000011920929,0.800000011920929,0.7045558094978333,0
2020-05-12,0.800000011920929,0.800000011920929,0.800000011920929,0.800000011920929,0.7045558094978333,0
2020-05-13,0.800000011920929,0.800000011920929,0.800000011920929,0.800000011920929,0.7045558094978333,0
2020-05-14,0.800000011920929,0.800000011920929,0.800000011920929,0.800000011920929,0.7045558094978333,0
2020-05-15,0.800000011920929,0.800000011920929,0.800000011920929,0.800000011920929,0.7045558094978333,0
2020-05-18,0.800000011920929,0.800000011920929,0.800000011920929,0.800000011920929,0.7045558094978333,0
2020-05-19,0.800000011920929,0.800000011920929,0.800000011920929,0.800000011920929,0.7045558094978333,14000
2020-05-20,0.8199999928474426,0.8199999928474426,0.8199999928474426,0.8199999928474426,0.7221696972846985,10000
2020-05-21,0.8299999833106995,0.8299999833106995,0.8199999928474426,0.8199999928474426,0.7221696972846985,28000
2020-05-22,0.7300000190734863,0.7799999713897705,0.7099999785423279,0.7799999713897705,0.6869418621063232,12000
2020-05-25,0.7799999713897705,0.7799999713897705,0.7799999713897705,0.7799999713897705,0.6869418621063232,0
2020-05-26,0.7799999713897705,0.7799999713897705,0.7799999713897705,0.7799999713897705,0.6869418621063232,0
2020-05-27,0.7799999713897705,0.7799999713897705,0.7799999713897705,0.7799999713897705,0.6869418621063232,0
2020-05-28,0.699999988079071,0.699999988079071,0.699999988079071,0.699999988079071,0.6164863109588623,14000
2020-05-29,0.699999988079071,0.699999988079071,0.699999988079071,0.699999988079071,0.6164863109588623,0
2020-06-01,0.699999988079071,0.699999988079071,0.699999988079071,0.699999988079071,0.6164863109588623,0
2020-06-02,0.7099999785423279,0.7099999785423279,0.7099999785423279,0.7099999785423279,0.6252932548522949,0
2020-06-03,0.7099999785423279,0.7099999785423279,0.7099999785423279,0.7099999785423279,0.6252932548522949,10000
2020-06-04,0.7900000214576721,0.7900000214576721,0.7900000214576721,0.7900000214576721,0.6957489252090454,0
2020-06-05,0.7300000190734863,0.7900000214576721,0.7200000286102295,0.7900000214576721,0.6957489252090454,14000
2020-06-08,0.7900000214576721,0.7900000214576721,0.7900000214576721,0.7900000214576721,0.6957489252090454,0
2020-06-09,1.0700000524520874,1.0700000524520874,1.0700000524520874,1.0700000524520874,0.9595918655395508,0
2020-06-10,1.0399999618530273,1.0399999618530273,1.0399999618530273,1.0399999618530273,0.9326871633529663,0
2020-06-11,1.0399999618530273,1.0399999618530273,1.0399999618530273,1.0399999618530273,0.9326871633529663,0
2020-06-12,1.0199999809265137,1.0199999809265137,1.0199999809265137,1.0199999809265137,0.9147509336471558,0
2020-06-15,1.0099999904632568,1.0099999904632568,1.0099999904632568,1.0099999904632568,0.9057828187942505,0
2020-06-16,1.0099999904632568,1.0099999904632568,1.0099999904632568,1.0099999904632568,0.9057828187942505,0
2020-06-17,1.0099999904632568,1.0099999904632568,1.0099999904632568,1.0099999904632568,0.9057828187942505,2000
2020-06-18,1.100000023841858,1.100000023841858,1.100000023841858,1.090000033378601,0.9775281548500061,10000
2020-06-19,1.090000033378601,1.090000033378601,1.090000033378601,1.090000033378601,0.9775281548500061,6000
2020-06-22,1.090000033378601,1.090000033378601,1.090000033378601,1.090000033378601,0.9775281548500061,0
2020-06-23,1.0499999523162842,1.0499999523162842,1.0499999523162842,1.0499999523162842,0.9416553974151611,0
2020-06-24,1.0499999523162842,1.0499999523162842,1.0499999523162842,1.0499999523162842,0.9416553974151611,0
2020-06-26,1.0499999523162842,1.0499999523162842,1.0499999523162842,1.0499999523162842,0.9416553974151611,0
2020-06-29,1.0499999523162842,1.0499999523162842,1.0499999523162842,1.0499999523162842,0.9416553974151611,0
2020-06-30,1.0499999523162842,1.0499999523162842,1.0499999523162842,1.0499999523162842,0.9416553974151611,0
2020-07-02,1.0499999523162842,1.0499999523162842,1.0499999523162842,1.0499999523162842,0.9416553974151611,0
2020-07-03,1.059999942779541,1.059999942779541,1.059999942779541,1.059999942779541,0.9506235122680664,20000
2020-07-06,1.0499999523162842,1.100000023841858,1.0499999523162842,1.100000023841858,0.9864962100982666,200000
2020-07-07,1.100000023841858,1.100000023841858,1.100000023841858,1.100000023841858,0.9864962100982666,0
2020-07-08,1.100000023841858,1.100000023841858,1.100000023841858,1.100000023841858,0.9864962100982666,0
2020-07-09,1.100000023841858,1.100000023841858,1.100000023841858,1.100000023841858,0.9864962100982666,0
2020-07-10,1.100000023841858,1.100000023841858,1.100000023841858,1.100000023841858,0.9864962100982666,24000
2020-07-13,1.100000023841858,1.100000023841858,1.100000023841858,1.100000023841858,0.9864962100982666,0
2020-07-14,1.100000023841858,1.100000023841858,1.100000023841858,1.100000023841858,0.9864962100982666,0
2020-07-15,1.100000023841858,1.100000023841858,1.100000023841858,1.100000023841858,0.9864962100982666,20000
2020-07-16,1.100000023841858,1.100000023841858,1.100000023841858,1.100000023841858,0.9864962100982666,38000
2020-07-17,1.100000023841858,1.100000023841858,1.100000023841858,1.100000023841858,0.9864962100982666,0
2020-07-20,1.100000023841858,1.100000023841858,1.100000023841858,1.100000023841858,0.9864962100982666,0
2020-07-21,1.100000023841858,1.100000023841858,1.100000023841858,1.100000023841858,0.9864962100982666,0
2020-07-22,1.100000023841858,1.100000023841858,1.100000023841858,1.100000023841858,0.9864962100982666,0
2020-07-23,1.100000023841858,1.100000023841858,1.100000023841858,1.100000023841858,0.9864962100982666,0
2020-07-24,1.100000023841858,1.100000023841858,1.100000023841858,1.100000023841858,0.9864962100982666,0
2020-07-27,1.100000023841858,1.100000023841858,1.100000023841858,1.100000023841858,0.9864962100982666,0
2020-07-28,1.100000023841858,1.100000023841858,1.100000023841858,1.100000023841858,0.9864962100982666,0
2020-07-29,1.0,1.2000000476837158,1.0,1.2000000476837158,1.0761775970458984,132000
2020-07-30,1.2000000476837158,1.2000000476837158,1.2000000476837158,1.2000000476837158,1.0761775970458984,0
2020-07-31,1.2000000476837158,1.2000000476837158,1.2000000476837158,1.2000000476837158,1.0761775970458984,0
2020-08-03,1.2000000476837158,1.2000000476837158,1.2000000476837158,1.2000000476837158,1.0761775970458984,0
2020-08-04,1.2000000476837158,1.2000000476837158,1.2000000476837158,1.2000000476837158,1.0761775970458984,0
2020-08-05,1.2000000476837158,1.2000000476837158,1.2000000476837158,1.2000000476837158,1.0761775970458984,0
2020-08-06,1.2000000476837158,1.2000000476837158,1.2000000476837158,1.2000000476837158,1.0761775970458984,0
2020-08-07,1.2000000476837158,1.2000000476837158,1.2000000476837158,1.2000000476837158,1.0761775970458984,0
2020-08-10,1.2000000476837158,1.2000000476837158,1.2000000476837158,1.2000000476837158,1.0761775970458984,0
2020-08-11,1.190000057220459,1.190000057220459,1.190000057220459,1.190000057220459,1.0672094821929932,0
2020-08-12,1.100000023841858,1.2000000476837158,1.059999942779541,1.149999976158142,1.031336784362793,30000
2020-08-13,1.149999976158142,1.149999976158142,1.149999976158142,1.149999976158142,1.031336784362793,0
2020-08-14,1.149999976158142,1.149999976158142,1.149999976158142,1.149999976158142,1.031336784362793,0
2020-08-17,1.100000023841858,1.309999942779541,1.100000023841858,1.2899999618530273,1.156890869140625,142000
2020-08-18,1.25,1.25,1.25,1.25,1.121018409729004,0
2020-08-19,1.25,1.25,1.25,1.25,1.121018409729004,0
2020-08-20,1.25,1.25,1.25,1.25,1.121018409729004,0
2020-08-21,1.25,1.25,1.25,1.25,1.121018409729004,0
2020-08-24,1.25,1.25,1.25,1.25,1.121018409729004,0
2020-08-25,1.1100000143051147,1.1100000143051147,1.1100000143051147,1.1100000143051147,0.9954644441604614,0
2020-08-26,1.1100000143051147,1.1100000143051147,1.1100000143051147,1.1100000143051147,0.9954644441604614,0
2020-08-27,1.1100000143051147,1.1100000143051147,1.1100000143051147,1.1100000143051147,0.9954644441604614,0
2020-08-28,1.1100000143051147,1.1100000143051147,1.1100000143051147,1.1100000143051147,0.9954644441604614,0
2020-08-31,1.1100000143051147,1.1100000143051147,1.1100000143051147,1.1100000143051147,0.9954644441604614,0
2020-09-01,1.0,1.0,1.0,1.0099999904632568,0.9057828187942505,4000
2020-09-02,1.0099999904632568,1.0099999904632568,1.0099999904632568,1.0099999904632568,0.9057828187942505,0
2020-09-03,1.0099999904632568,1.0099999904632568,1.0099999904632568,1.0099999904632568,0.9057828187942505,0
2020-09-04,1.0099999904632568,1.0099999904632568,1.0099999904632568,1.0099999904632568,0.9057828187942505,0
2020-09-07,1.0099999904632568,1.0099999904632568,1.0099999904632568,1.0099999904632568,0.9057828187942505,20000
2020-09-08,1.0099999904632568,1.0099999904632568,1.0099999904632568,1.0099999904632568,0.9057828187942505,0
2020-09-09,1.0099999904632568,1.0099999904632568,1.0099999904632568,1.0099999904632568,0.9057828187942505,0
2020-09-10,1.0099999904632568,1.0099999904632568,1.0099999904632568,1.0099999904632568,0.9057828187942505,0
2020-09-11,1.0099999904632568,1.0099999904632568,1.0099999904632568,1.0099999904632568,0.9057828187942505,0
2020-09-14,1.0099999904632568,1.0099999904632568,1.0099999904632568,1.0099999904632568,0.9057828187942505,0
2020-09-15,1.0099999904632568,1.0099999904632568,1.0099999904632568,1.0099999904632568,0.9057828187942505,0
2020-09-16,1.0099999904632568,1.0099999904632568,1.0099999904632568,1.0099999904632568,0.9057828187942505,0
2020-09-17,1.0399999618530273,1.0399999618530273,1.0399999618530273,1.0399999618530273,0.9326871633529663,0
2020-09-18,1.0399999618530273,1.0399999618530273,1.0399999618530273,1.0399999618530273,0.9326871633529663,0
2020-09-21,1.0399999618530273,1.0399999618530273,1.0399999618530273,1.0399999618530273,0.9326871633529663,0
2020-09-22,1.0399999618530273,1.0399999618530273,1.0399999618530273,1.0399999618530273,0.9326871633529663,0
2020-09-23,1.0399999618530273,1.0399999618530273,1.0399999618530273,1.0399999618530273,0.9326871633529663,0
2020-09-24,1.0399999618530273,1.0399999618530273,1.0399999618530273,1.0399999618530273,0.9326871633529663,0
2020-09-25,1.0399999618530273,1.0399999618530273,1.0399999618530273,1.0399999618530273,0.9326871633529663,0
2020-09-28,1.0399999618530273,1.0399999618530273,1.0399999618530273,1.0399999618530273,0.9326871633529663,0
2020-09-29,1.0399999618530273,1.0399999618530273,1.0399999618530273,1.0399999618530273,0.9326871633529663,0
2020-09-30,1.0399999618530273,1.0399999618530273,1.0399999618530273,1.0399999618530273,0.9326871633529663,0
2020-10-05,1.0399999618530273,1.0399999618530273,1.0399999618530273,1.0399999618530273,0.9326871633529663,0
2020-10-06,1.0399999618530273,1.0399999618530273,1.0399999618530273,1.0399999618530273,0.9326871633529663,0
2020-10-07,1.0399999618530273,1.0399999618530273,1.0399999618530273,1.0399999618530273,0.9326871633529663,0
2020-10-08,1.0399999618530273,1.0399999618530273,1.0399999618530273,1.0399999618530273,0.9326871633529663,0
2020-10-09,1.0399999618530273,1.0399999618530273,1.0399999618530273,1.0399999618530273,0.9326871633529663,0
2020-10-12,1.0399999618530273,1.0399999618530273,1.0399999618530273,1.0399999618530273,0.9326871633529663,0
2020-10-14,1.0399999618530273,1.0399999618530273,1.0399999618530273,1.0399999618530273,0.9326871633529663,0
2020-10-15,1.0399999618530273,1.0399999618530273,1.0399999618530273,1.0399999618530273,0.9326871633529663,0
2020-10-16,1.0399999618530273,1.0399999618530273,1.0399999618530273,1.0399999618530273,0.9326871633529663,0
2020-10-19,1.0399999618530273,1.0399999618530273,1.0399999618530273,1.0399999618530273,0.9326871633529663,0
2020-10-20,1.0399999618530273,1.0399999618530273,1.0399999618530273,1.0399999618530273,0.9326871633529663,0
2020-10-21,1.0399999618530273,1.0399999618530273,1.0399999618530273,1.0399999618530273,0.9326871633529663,0
2020-10-22,1.0399999618530273,1.0399999618530273,1.0399999618530273,1.0399999618530273,0.9326871633529663,0
2020-10-23,1.0399999618530273,1.0399999618530273,1.0399999618530273,1.0399999618530273,0.9326871633529663,0
2020-10-27,1.0399999618530273,1.0399999618530273,1.0399999618530273,1.0399999618530273,0.9326871633529663,0
2020-10-28,1.0399999618530273,1.0399999618530273,1.0399999618530273,1.0399999618530273,0.9326871633529663,0
2020-10-29,1.0399999618530273,1.0399999618530273,1.0399999618530273,1.0399999618530273,0.9326871633529663,0
2020-10-30,1.1399999856948853,1.1399999856948853,1.1399999856948853,1.1399999856948853,1.0223687887191772,4000
2020-11-02,1.1399999856948853,1.1399999856948853,1.1399999856948853,1.1399999856948853,1.0223687887191772,0
2020-11-03,1.1399999856948853,1.1399999856948853,1.1399999856948853,1.1399999856948853,1.0223687887191772,0
2020-11-04,1.1399999856948853,1.1399999856948853,1.1399999856948853,1.1399999856948853,1.0223687887191772,0
2020-11-05,1.1399999856948853,1.1399999856948853,1.1399999856948853,1.1399999856948853,1.0223687887191772,0
2020-11-06,1.1399999856948853,1.1399999856948853,1.1399999856948853,1.1399999856948853,1.0223687887191772,0
2020-11-09,1.1399999856948853,1.1399999856948853,1.1399999856948853,1.1399999856948853,1.0223687887191772,2000
2020-11-10,1.1399999856948853,1.1399999856948853,1.1399999856948853,1.1399999856948853,1.0223687887191772,2000
2020-11-11,1.1399999856948853,1.1399999856948853,1.1399999856948853,1.1399999856948853,1.0223687887191772,0
2020-11-12,1.1399999856948853,1.1399999856948853,1.1399999856948853,1.1399999856948853,1.0223687887191772,0
2020-11-13,1.1399999856948853,1.1399999856948853,1.1399999856948853,1.1399999856948853,1.0223687887191772,0
2020-11-16,1.1399999856948853,1.1399999856948853,1.1399999856948853,1.1399999856948853,1.0223687887191772,0
2020-11-17,1.1399999856948853,1.1399999856948853,1.1399999856948853,1.1399999856948853,1.0223687887191772,0
2020-11-18,0.8999999761581421,1.0499999523162842,0.8999999761581421,1.0499999523162842,0.9416553974151611,27200
2020-11-19,0.9399999976158142,0.9399999976158142,0.9399999976158142,0.9700000286102295,0.8699102997779846,2000
2020-11-20,1.0499999523162842,1.0499999523162842,1.0499999523162842,1.0499999523162842,0.9416553974151611,16000
2020-11-23,1.0499999523162842,1.0499999523162842,1.0499999523162842,1.0499999523162842,0.9416553974151611,0
2020-11-24,1.0499999523162842,1.0499999523162842,1.0499999523162842,1.0499999523162842,0.9416553974151611,0
2020-11-25,1.0499999523162842,1.0499999523162842,1.0499999523162842,1.0499999523162842,0.9416553974151611,0
2020-11-26,1.0499999523162842,1.0499999523162842,1.0499999523162842,1.0499999523162842,0.9416553974151611,0
2020-11-27,1.0499999523162842,1.0499999523162842,1.0499999523162842,1.0499999523162842,0.9416553974151611,0
2020-11-30,1.0499999523162842,1.0499999523162842,1.0499999523162842,1.0499999523162842,0.9416553974151611,0
2020-12-01,1.0499999523162842,1.0499999523162842,1.0499999523162842,1.0499999523162842,0.9416553974151611,0
2020-12-02,1.0499999523162842,1.0499999523162842,1.0499999523162842,1.0499999523162842,0.9416553974151611,0
2020-12-03,1.0499999523162842,1.0499999523162842,1.0499999523162842,1.0499999523162842,0.9416553974151611,0
2020-12-04,1.0499999523162842,1.0499999523162842,1.0499999523162842,1.0499999523162842,0.9416553974151611,0
2020-12-07,1.0499999523162842,1.0499999523162842,1.0499999523162842,1.0499999523162842,0.9416553974151611,0
2020-12-08,1.0499999523162842,1.0499999523162842,1.0499999523162842,1.0499999523162842,0.9416553974151611,0
2020-12-09,1.0499999523162842,1.0499999523162842,1.0499999523162842,1.0499999523162842,0.9416553974151611,0
2020-12-10,1.0499999523162842,1.0499999523162842,1.0499999523162842,1.0499999523162842,0.9416553974151611,0
2020-12-11,1.0499999523162842,1.0499999523162842,1.0499999523162842,1.0499999523162842,0.9416553974151611,0
2020-12-14,1.100000023841858,1.100000023841858,1.100000023841858,1.100000023841858,0.9864962100982666,10000
2020-12-15,1.100000023841858,1.100000023841858,1.100000023841858,1.100000023841858,0.9864962100982666,0
2020-12-16,1.100000023841858,1.100000023841858,1.100000023841858,1.100000023841858,0.9864962100982666,0
2020-12-17,1.100000023841858,1.100000023841858,1.100000023841858,1.100000023841858,0.9864962100982666,0
2020-12-18,1.100000023841858,1.100000023841858,1.100000023841858,1.100000023841858,0.9864962100982666,0
2020-12-21,1.100000023841858,1.100000023841858,1.100000023841858,1.100000023841858,0.9864962100982666,0
2020-12-22,1.100000023841858,1.100000023841858,1.100000023841858,1.100000023841858,0.9864962100982666,0
2020-12-23,1.100000023841858,1.100000023841858,1.100000023841858,1.100000023841858,0.9864962100982666,0
2020-12-24,1.100000023841858,1.100000023841858,1.100000023841858,1.100000023841858,0.9864962100982666,0
2020-12-28,1.100000023841858,1.100000023841858,1.100000023841858,1.100000023841858,0.9864962100982666,0
2020-12-29,1.100000023841858,1.100000023841858,1.100000023841858,1.100000023841858,0.9864962100982666,0
2020-12-30,1.100000023841858,1.100000023841858,1.100000023841858,1.100000023841858,0.9864962100982666,0
2020-12-31,1.100000023841858,1.100000023841858,1.100000023841858,1.100000023841858,0.9864962100982666,0
2021-01-04,1.100000023841858,1.100000023841858,1.100000023841858,1.100000023841858,0.9864962100982666,0
2021-01-05,1.100000023841858,1.100000023841858,1.100000023841858,1.100000023841858,0.9864962100982666,0
2021-01-06,1.100000023841858,1.100000023841858,1.100000023841858,1.100000023841858,0.9864962100982666,0
2021-01-07,1.100000023841858,1.100000023841858,1.100000023841858,1.100000023841858,0.9864962100982666,10000
2021-01-08,1.100000023841858,1.100000023841858,1.0,1.0,0.89681476354599,40000
2021-01-11,1.1399999856948853,1.1399999856948853,1.1399999856948853,1.1399999856948853,1.0223687887191772,0
2021-01-12,1.0099999904632568,1.149999976158142,1.0099999904632568,1.149999976158142,1.031336784362793,22000
2021-01-13,1.0,1.100000023841858,1.0,1.100000023841858,0.9864962100982666,22000
2021-01-14,1.100000023841858,1.100000023841858,1.100000023841858,1.100000023841858,0.9864962100982666,0
2021-01-15,1.100000023841858,1.100000023841858,1.100000023841858,1.100000023841858,0.9864962100982666,0
2021-01-18,1.0299999713897705,1.0299999713897705,1.0299999713897705,1.0299999713897705,0.923719048500061,0
2021-01-19,1.0299999713897705,1.0299999713897705,1.0299999713897705,1.0299999713897705,0.923719048500061,0
2021-01-20,1.0700000524520874,1.0700000524520874,1.0700000524520874,1.0700000524520874,0.9595918655395508,0
2021-01-21,1.0800000429153442,1.0800000429153442,1.0800000429153442,1.0800000429153442,0.9685600399971008,0
2021-01-22,1.0800000429153442,1.0800000429153442,1.0800000429153442,1.0800000429153442,0.9685600399971008,0
2021-01-25,1.0800000429153442,1.0800000429153442,1.0800000429153442,1.0800000429153442,0.9685600399971008,0
2021-01-26,1.0800000429153442,1.0800000429153442,1.0800000429153442,1.0800000429153442,0.9685600399971008,0
2021-01-27,1.0800000429153442,1.0800000429153442,1.0800000429153442,1.0800000429153442,0.9685600399971008,10000
2021-01-28,1.0800000429153442,1.0800000429153442,1.0800000429153442,1.0800000429153442,0.9685600399971008,0
2021-01-29,1.0800000429153442,1.0800000429153442,1.0800000429153442,1.0800000429153442,0.9685600399971008,0
2021-02-01,1.0800000429153442,1.0800000429153442,1.0800000429153442,1.0800000429153442,0.9685600399971008,0
2021-02-02,1.0800000429153442,1.0800000429153442,1.0800000429153442,1.0800000429153442,0.9685600399971008,0
2021-02-03,1.0800000429153442,1.0800000429153442,1.0800000429153442,1.0800000429153442,0.9685600399971008,0
2021-02-04,1.0800000429153442,1.0800000429153442,1.0800000429153442,1.0800000429153442,0.9685600399971008,0
2021-02-05,1.090000033378601,1.100000023841858,1.090000033378601,1.100000023841858,0.9864962100982666,50000
2021-02-08,1.100000023841858,1.100000023841858,1.100000023841858,1.100000023841858,0.9864962100982666,0
2021-02-09,1.100000023841858,1.100000023841858,1.100000023841858,1.100000023841858,0.9864962100982666,0
2021-02-10,1.100000023841858,1.100000023841858,1.100000023841858,1.100000023841858,0.9864962100982666,0
2021-02-11,1.100000023841858,1.100000023841858,1.100000023841858,1.100000023841858,0.9864962100982666,0
2021-02-16,1.100000023841858,1.100000023841858,1.100000023841858,1.100000023841858,0.9864962100982666,0
2021-02-17,1.090000033378601,1.090000033378601,1.090000033378601,1.090000033378601,0.9775281548500061,0
2021-02-18,1.0499999523162842,1.2100000381469727,1.0499999523162842,1.2000000476837158,1.0761775970458984,170000
2021-02-19,1.190000057220459,1.190000057220459,1.190000057220459,1.190000057220459,1.0672094821929932,0
2021-02-22,1.190000057220459,1.190000057220459,1.190000057220459,1.190000057220459,1.0672094821929932,0
2021-02-23,1.190000057220459,1.190000057220459,1.190000057220459,1.190000057220459,1.0672094821929932,0
2021-02-24,1.190000057220459,1.190000057220459,1.190000057220459,1.190000057220459,1.0672094821929932,0
2021-02-25,1.190000057220459,1.190000057220459,1.190000057220459,1.190000057220459,1.0672094821929932,0
2021-02-26,1.190000057220459,1.190000057220459,1.190000057220459,1.190000057220459,1.0672094821929932,0
2021-03-01,1.1799999475479126,1.1799999475479126,1.1799999475479126,1.1799999475479126,1.0582412481307983,94000
2021-03-02,1.1799999475479126,1.1799999475479126,1.1799999475479126,1.1799999475479126,1.0582412481307983,0
2021-03-03,1.1799999475479126,1.1799999475479126,1.1799999475479126,1.1799999475479126,1.0582412481307983,0
2021-03-04,1.1799999475479126,1.1799999475479126,1.1799999475479126,1.1799999475479126,1.0582412481307983,0
2021-03-05,1.1799999475479126,1.1799999475479126,1.1799999475479126,1.1799999475479126,1.0582412481307983,0
2021-03-08,1.1799999475479126,1.1799999475479126,1.1799999475479126,1.1799999475479126,1.0582412481307983,0
2021-03-09,1.1799999475479126,1.1799999475479126,1.1799999475479126,1.1799999475479126,1.0582412481307983,0
2021-03-10,1.1799999475479126,1.1799999475479126,1.1799999475479126,1.1799999475479126,1.0582412481307983,0
2021-03-11,1.1799999475479126,1.1799999475479126,1.1799999475479126,1.1799999475479126,1.0582412481307983,0
2021-03-12,1.1799999475479126,1.1799999475479126,1.1799999475479126,1.1799999475479126,1.0582412481307983,0
2021-03-15,1.1799999475479126,1.1799999475479126,1.1799999475479126,1.1799999475479126,1.0582412481307983,0
2021-03-16,1.1799999475479126,1.1799999475479126,1.1799999475479126,1.1799999475479126,1.0582412481307983,0
2021-03-17,1.1799999475479126,1.1799999475479126,1.1799999475479126,1.1799999475479126,1.0582412481307983,0
2021-03-18,1.1799999475479126,1.1799999475479126,1.1799999475479126,1.1799999475479126,1.0582412481307983,0
2021-03-19,1.1799999475479126,1.1799999475479126,1.1799999475479126,1.1799999475479126,1.0582412481307983,0
2021-03-22,1.1799999475479126,1.1799999475479126,1.1799999475479126,1.1799999475479126,1.0582412481307983,0
2021-03-23,1.1799999475479126,1.1799999475479126,1.1799999475479126,1.1799999475479126,1.0582412481307983,0
2021-03-24,1.1799999475479126,1.1799999475479126,1.1799999475479126,1.1799999475479126,1.0582412481307983,0
2021-03-25,1.1799999475479126,1.1799999475479126,1.1799999475479126,1.1799999475479126,1.0582412481307983,0
2021-03-26,1.1799999475479126,1.1799999475479126,1.1799999475479126,1.1799999475479126,1.0582412481307983,0
2021-03-29,1.1799999475479126,1.1799999475479126,1.1799999475479126,1.1799999475479126,1.0582412481307983,0
2021-03-30,1.1799999475479126,1.1799999475479126,1.1799999475479126,1.1799999475479126,1.0582412481307983,0
2021-03-31,1.1799999475479126,1.1799999475479126,1.1799999475479126,1.1799999475479126,1.0582412481307983,0
2021-04-01,1.1799999475479126,1.1799999475479126,1.1799999475479126,1.1799999475479126,1.0582412481307983,0
2021-04-07,1.1799999475479126,1.1799999475479126,1.1799999475479126,1.1799999475479126,1.0582412481307983,0
2021-04-08,1.1799999475479126,1.1799999475479126,1.1799999475479126,1.1799999475479126,1.0582412481307983,0
2021-04-09,1.1799999475479126,1.1799999475479126,1.1799999475479126,1.1799999475479126,1.0582412481307983,0
2021-04-12,1.1799999475479126,1.1799999475479126,1.1799999475479126,1.1799999475479126,1.0582412481307983,0
2021-04-13,1.1799999475479126,1.1799999475479126,1.1799999475479126,1.1799999475479126,1.0582412481307983,0
2021-04-14,1.1799999475479126,1.1799999475479126,1.1799999475479126,1.1799999475479126,1.0582412481307983,2000
2021-04-15,1.059999942779541,1.0800000429153442,1.0199999809265137,1.0199999809265137,0.9147509336471558,110000
2021-04-16,1.0199999809265137,1.0199999809265137,1.0199999809265137,1.0199999809265137,0.9147509336471558,0
2021-04-19,1.100000023841858,1.100000023841858,1.100000023841858,1.100000023841858,0.9864962100982666,2000
2021-04-20,1.1200000047683716,1.1200000047683716,1.1200000047683716,1.1200000047683716,1.0044325590133667,2000
2021-04-21,1.1200000047683716,1.1200000047683716,1.1200000047683716,1.1200000047683716,1.0044325590133667,0
2021-04-22,1.1200000047683716,1.1200000047683716,1.1200000047683716,1.1200000047683716,1.0044325590133667,0
2021-04-23,1.1200000047683716,1.1200000047683716,1.1200000047683716,1.1200000047683716,1.0044325590133667,0
2021-04-26,1.1200000047683716,1.1200000047683716,1.1200000047683716,1.1200000047683716,1.0044325590133667,0
2021-04-27,1.1200000047683716,1.1200000047683716,1.1200000047683716,1.1200000047683716,1.0044325590133667,0
2021-04-28,1.1200000047683716,1.1200000047683716,1.1200000047683716,1.1200000047683716,1.0044325590133667,0
2021-04-29,1.1200000047683716,1.1200000047683716,1.1200000047683716,1.1200000047683716,1.0044325590133667,0
2021-04-30,1.1200000047683716,1.1200000047683716,1.1200000047683716,1.1200000047683716,1.0044325590133667,0
2021-05-03,1.1200000047683716,1.1200000047683716,1.1200000047683716,1.1200000047683716,1.0044325590133667,0
2021-05-04,1.1200000047683716,1.1200000047683716,1.1200000047683716,1.1200000047683716,1.0044325590133667,0
2021-05-05,1.1200000047683716,1.1200000047683716,1.1200000047683716,1.1200000047683716,1.0044325590133667,0
2021-05-06,1.0299999713897705,1.090000033378601,1.0299999713897705,1.090000033378601,0.9775281548500061,10000
2021-05-07,1.090000033378601,1.090000033378601,1.090000033378601,1.090000033378601,0.9775281548500061,0
2021-05-10,1.090000033378601,1.090000033378601,1.090000033378601,1.090000033378601,0.9775281548500061,0
2021-05-11,1.090000033378601,1.090000033378601,1.090000033378601,1.090000033378601,0.9775281548500061,0
2021-05-12,1.090000033378601,1.090000033378601,1.090000033378601,1.090000033378601,0.9775281548500061,0
2021-05-13,1.090000033378601,1.090000033378601,1.090000033378601,1.090000033378601,0.9775281548500061,0
2021-05-14,1.090000033378601,1.090000033378601,1.090000033378601,1.090000033378601,0.9775281548500061,0
2021-05-17,1.0800000429153442,1.0800000429153442,1.0800000429153442,1.0800000429153442,0.9685600399971008,0
2021-05-18,1.0800000429153442,1.0800000429153442,1.0800000429153442,1.0800000429153442,0.9685600399971008,0
2021-05-20,1.0800000429153442,1.0800000429153442,1.0800000429153442,1.0800000429153442,0.9685600399971008,0
2021-05-21,1.0800000429153442,1.0800000429153442,1.0800000429153442,1.0800000429153442,0.9685600399971008,0
2021-05-24,1.0800000429153442,1.0800000429153442,1.0800000429153442,1.0800000429153442,0.9685600399971008,0
2021-05-25,1.0800000429153442,1.0800000429153442,1.0800000429153442,1.0800000429153442,0.9685600399971008,0
2021-05-26,1.0800000429153442,1.0800000429153442,1.0800000429153442,1.0800000429153442,0.9685600399971008,0
2021-05-27,1.0800000429153442,1.0800000429153442,1.0800000429153442,1.0800000429153442,0.9685600399971008,0
2021-05-28,1.0800000429153442,1.0800000429153442,1.0800000429153442,1.0800000429153442,0.9685600399971008,0
2021-05-31,1.0199999809265137,1.0199999809265137,1.0199999809265137,1.0199999809265137,0.9147509336471558,0
2021-06-01,1.0700000524520874,1.0700000524520874,1.0700000524520874,1.0399999618530273,0.9326871633529663,2000
2021-06-02,1.0299999713897705,1.0299999713897705,1.0299999713897705,1.0299999713897705,0.923719048500061,0
2021-06-03,1.0199999809265137,1.0299999713897705,1.0199999809265137,1.0299999713897705,0.923719048500061,12000
2021-06-04,1.0299999713897705,1.0299999713897705,1.0299999713897705,1.0299999713897705,0.923719048500061,2000
2021-06-07,1.0299999713897705,1.0299999713897705,1.0299999713897705,1.0299999713897705,0.923719048500061,0
2021-06-08,1.0299999713897705,1.0299999713897705,1.0299999713897705,1.0299999713897705,0.923719048500061,0
2021-06-09,1.1699999570846558,1.1699999570846558,1.0499999523162842,1.0499999523162842,0.9416553974151611,14000
2021-06-10,1.0499999523162842,1.0499999523162842,1.0499999523162842,1.0499999523162842,0.9416553974151611,0
2021-06-11,1.0499999523162842,1.0499999523162842,1.0499999523162842,1.0499999523162842,0.953460156917572,0
2021-06-15,1.0299999713897705,1.0299999713897705,1.0299999713897705,1.0299999713897705,0.9495880007743835,0
2021-06-16,1.0299999713897705,1.0299999713897705,1.0299999713897705,1.0299999713897705,0.9495880007743835,0
2021-06-17,1.0099999904632568,1.0099999904632568,1.0099999904632568,1.0099999904632568,0.931149423122406,0
2021-06-18,1.0099999904632568,1.0099999904632568,1.0099999904632568,1.0099999904632568,0.931149423122406,0
2021-06-21,1.0099999904632568,1.0099999904632568,1.0099999904632568,1.0099999904632568,0.931149423122406,0
2021-06-22,1.0,1.0,1.0,1.0,0.921930193901062,10000
2021-06-23,1.0,1.0,1.0,1.0,0.921930193901062,0
2021-06-24,1.0,1.0,1.0,1.0,0.921930193901062,0
2021-06-25,1.0,1.0,1.0,1.0,0.921930193901062,0
2021-06-28,1.0,1.0,1.0,1.0,0.921930193901062,0
2021-06-29,1.0,1.0,1.0,1.0,0.921930193901062,0
2021-06-30,1.0,1.0,1.0,1.0,0.921930193901062,0
2021-07-02,1.0,1.0,1.0,1.0,0.921930193901062,0
2021-07-05,1.0,1.0,1.0,1.0,0.921930193901062,0
2021-07-06,1.0,1.0,1.0,1.0,0.921930193901062,0
2021-07-07,1.0,1.0,1.0,1.0,0.921930193901062,0
2021-07-08,1.0,1.0,1.0,1.0,0.921930193901062,0
2021-07-09,1.0,1.0,1.0,1.0,0.921930193901062,0
2021-07-12,1.0,1.0199999809265137,1.0,1.0199999809265137,0.9403687119483948,24000
2021-07-13,1.0199999809265137,1.0199999809265137,1.0199999809265137,1.0199999809265137,0.9403687119483948,0
2021-07-14,1.0199999809265137,1.0299999713897705,1.0199999809265137,1.0299999713897705,0.9495880007743835,10000
2021-07-15,1.0299999713897705,1.0299999713897705,1.0299999713897705,1.0299999713897705,0.9495880007743835,0
2021-07-16,1.0299999713897705,1.0299999713897705,1.0299999713897705,1.0299999713897705,0.9495880007743835,0
2021-07-19,1.0299999713897705,1.0299999713897705,1.0299999713897705,1.0299999713897705,0.9495880007743835,0
2021-07-20,1.0299999713897705,1.0299999713897705,1.0299999713897705,1.0299999713897705,0.9495880007743835,0
2021-07-21,1.0199999809265137,1.0199999809265137,1.0199999809265137,1.0199999809265137,0.9403687119483948,0
2021-07-22,1.0199999809265137,1.0199999809265137,1.0199999809265137,1.0199999809265137,0.9403687119483948,0
2021-07-23,1.0199999809265137,1.0199999809265137,1.0199999809265137,1.0199999809265137,0.9403687119483948,0
2021-07-26,1.0199999809265137,1.0199999809265137,1.0199999809265137,1.0199999809265137,0.9403687119483948,0
2021-07-27,1.0199999809265137,1.0199999809265137,1.0199999809265137,1.0199999809265137,0.9403687119483948,0
2021-07-28,1.0199999809265137,1.0199999809265137,1.0199999809265137,1.0199999809265137,0.9403687119483948,0
2021-07-29,1.0199999809265137,1.0199999809265137,1.0199999809265137,1.0199999809265137,0.9403687119483948,0
2021-07-30,1.0199999809265137,1.0199999809265137,1.0199999809265137,1.0199999809265137,0.9403687119483948,0
2021-08-02,1.0199999809265137,1.0199999809265137,1.0199999809265137,1.0199999809265137,0.9403687119483948,0
2021-08-03,1.0199999809265137,1.0199999809265137,1.0199999809265137,1.0199999809265137,0.9403687119483948,0
2021-08-04,1.0199999809265137,1.0199999809265137,1.0199999809265137,1.0199999809265137,0.9403687119483948,0
2021-08-05,1.0199999809265137,1.0199999809265137,1.0199999809265137,1.0199999809265137,0.9403687119483948,0
2021-08-06,1.0199999809265137,1.0199999809265137,1.0199999809265137,1.0199999809265137,0.9403687119483948,0
2021-08-09,1.0199999809265137,1.0199999809265137,1.0199999809265137,1.0199999809265137,0.9403687119483948,0
2021-08-10,0.8899999856948853,0.8899999856948853,0.8899999856948853,0.9200000166893005,0.8481758236885071,3760
2021-08-11,1.0,1.0,1.0,1.0,0.921930193901062,0
2021-08-12,1.0,1.0,1.0,1.0,0.921930193901062,0
2021-08-13,1.0,1.0,1.0,1.0,0.921930193901062,0
2021-08-16,1.0,1.0,1.0,1.0,0.921930193901062,0
2021-08-17,1.0,1.0,1.0,1.0,0.921930193901062,0
2021-08-18,1.0,1.0,1.0,1.0,0.921930193901062,0
2021-08-19,1.0,1.0,1.0,1.0,0.921930193901062,2000
2021-08-20,1.0,1.0,1.0,1.0,0.921930193901062,0
2021-08-23,1.0,1.0,1.0,1.0,0.921930193901062,0
2021-08-24,1.0,1.0,1.0,1.0,0.921930193901062,0
2021-08-25,1.0,1.0,1.0,1.0,0.921930193901062,0
2021-08-26,1.0,1.0,1.0,1.0,0.921930193901062,0
2021-08-27,1.0,1.0,1.0,1.0,0.921930193901062,0
2021-08-30,1.0,1.0,1.0,1.0,0.921930193901062,0
2021-08-31,1.0,1.0,1.0,1.0,0.921930193901062,0
2021-09-01,1.0,1.0,1.0,1.0,0.921930193901062,0
2021-09-02,1.0,1.0,1.0,1.0,0.921930193901062,0
2021-09-03,1.0,1.0,1.0,1.0,0.921930193901062,0
2021-09-06,1.0,1.0,1.0,1.0,0.921930193901062,0
2021-09-07,1.0,1.0,1.0,1.0,0.921930193901062,0
2021-09-08,1.0,1.0,1.0,1.0,0.921930193901062,0
2021-09-09,1.0,1.0,1.0,1.0,0.921930193901062,0
2021-09-10,1.0,1.0,1.0,1.0,0.921930193901062,0
2021-09-13,1.0,1.0,1.0,1.0,0.921930193901062,0
2021-09-14,1.0,1.0,1.0,1.0,0.921930193901062,0
2021-09-15,1.0,1.0,1.0,1.0,0.921930193901062,0
2021-09-16,1.0,1.0,1.0,1.0,0.921930193901062,0
2021-09-17,1.0,1.0,1.0,1.0,0.921930193901062,0
2021-09-20,1.0,1.0,1.0,1.0,0.921930193901062,0
2021-09-21,1.0,1.0,1.0,1.0,0.921930193901062,0
2021-09-23,1.0,1.0,1.0,1.0,0.921930193901062,0
2021-09-24,1.0,1.0,1.0,1.0,0.921930193901062,0
2021-09-27,1.0,1.0,1.0,1.0,0.921930193901062,0
2021-09-28,1.0,1.0,1.0,1.0,0.921930193901062,0
2021-09-29,1.0,1.0,1.0,1.0,0.921930193901062,0
2021-09-30,1.0,1.0,1.0,1.0,0.921930193901062,0
2021-10-04,1.0,1.0,1.0,1.0,0.921930193901062,0
2021-10-05,1.0,1.0,1.0,1.0,0.921930193901062,0
2021-10-06,1.0,1.0,1.0,1.0,0.921930193901062,0
2021-10-07,1.0,1.0,1.0,1.0,0.921930193901062,0
2021-10-08,1.0,1.0,1.0,1.0,0.921930193901062,0
2021-10-11,1.0,1.0,1.0,1.0,0.921930193901062,0
2021-10-12,1.0,1.0,1.0,1.0,0.921930193901062,0
2021-10-15,1.0,1.0,1.0,1.0,0.921930193901062,0
2021-10-18,1.0,1.0,1.0,1.0,0.921930193901062,0
2021-10-19,1.0,1.0,1.0,1.0,0.921930193901062,0
2021-10-20,1.0,1.0,1.0,1.0,0.921930193901062,0
2021-10-21,1.0,1.0,1.0,1.0,0.921930193901062,0
2021-10-22,0.8999999761581421,1.0,1.0,1.0,0.921930193901062,30000
2021-10-25,1.0,1.0,1.0,1.0,0.921930193901062,0
2021-10-26,0.9900000095367432,0.9900000095367432,0.9900000095367432,0.9900000095367432,0.9127109050750732,4000
2021-10-27,0.9900000095367432,0.9900000095367432,0.9900000095367432,0.9900000095367432,0.9127109050750732,0
2021-10-28,0.9900000095367432,0.9900000095367432,0.9900000095367432,0.9900000095367432,0.9127109050750732,0
2021-10-29,0.9900000095367432,0.9900000095367432,0.9900000095367432,0.9900000095367432,0.9127109050750732,0
2021-11-01,0.9900000095367432,0.9900000095367432,0.9900000095367432,0.9900000095367432,0.9127109050750732,2000
2021-11-02,1.0,1.0099999904632568,1.0,1.0099999904632568,0.931149423122406,46000
2021-11-03,1.0099999904632568,1.0099999904632568,1.0099999904632568,1.0099999904632568,0.931149423122406,0
2021-11-04,1.0099999904632568,1.0099999904632568,1.0099999904632568,1.0099999904632568,0.931149423122406,4000
2021-11-05,0.8799999952316284,0.9100000262260437,0.8799999952316284,0.9100000262260437,0.8389565348625183,28000
2021-11-08,0.9100000262260437,0.9100000262260437,0.9100000262260437,0.9100000262260437,0.8389565348625183,0
2021-11-09,0.9100000262260437,0.9100000262260437,0.9100000262260437,0.9100000262260437,0.8389565348625183,0
2021-11-10,0.9100000262260437,0.9100000262260437,0.9100000262260437,0.9100000262260437,0.8389565348625183,0
2021-11-11,0.9100000262260437,0.9100000262260437,0.9100000262260437,0.9100000262260437,0.8389565348625183,0
2021-11-12,0.9100000262260437,0.9100000262260437,0.9100000262260437,0.9100000262260437,0.8389565348625183,0
2021-11-15,0.9100000262260437,0.9100000262260437,0.9100000262260437,0.9100000262260437,0.8389565348625183,0
2021-11-16,0.9100000262260437,0.9100000262260437,0.9100000262260437,0.9100000262260437,0.8389565348625183,0
2021-11-17,0.9100000262260437,0.9100000262260437,0.9100000262260437,0.9100000262260437,0.8389565348625183,0
2021-11-18,0.9100000262260437,0.9100000262260437,0.9100000262260437,0.9100000262260437,0.8389565348625183,235200
2021-11-19,1.0800000429153442,1.0800000429153442,1.0800000429153442,1.0800000429153442,0.9956846237182617,2000
2021-11-22,1.0800000429153442,1.149999976158142,1.0800000429153442,1.1399999856948853,1.0510003566741943,24000
2021-11-23,1.350000023841858,1.350000023841858,1.0499999523162842,1.0499999523162842,0.9680266380310059,6000
2021-11-24,1.1399999856948853,1.1399999856948853,1.1399999856948853,1.1399999856948853,1.0510003566741943,0
2021-11-25,1.100000023841858,1.100000023841858,0.9100000262260437,1.0199999809265137,0.9403687119483948,166000
2021-11-26,1.0199999809265137,1.0199999809265137,1.0199999809265137,1.0199999809265137,0.9403687119483948,0
2021-11-29,1.149999976158142,1.149999976158142,1.0499999523162842,1.1399999856948853,1.0510003566741943,14000
2021-11-30,1.1399999856948853,1.1399999856948853,1.1399999856948853,1.1399999856948853,1.0510003566741943,0
2021-12-01,1.1399999856948853,1.1399999856948853,1.1399999856948853,1.1399999856948853,1.0510003566741943,0
2021-12-02,1.1399999856948853,1.1399999856948853,1.1399999856948853,1.1399999856948853,1.0510003566741943,0
2021-12-03,1.1399999856948853,1.1399999856948853,1.1399999856948853,1.1399999856948853,1.0510003566741943,0
2021-12-06,0.9599999785423279,0.9599999785423279,0.9599999785423279,0.9700000286102295,0.8942722678184509,12000
2021-12-07,1.100000023841858,1.100000023841858,1.100000023841858,1.100000023841858,1.0141233205795288,2000
2021-12-08,1.0,1.190000057220459,0.9700000286102295,1.100000023841858,1.0141233205795288,14000
2021-12-09,1.2000000476837158,1.2000000476837158,1.0099999904632568,1.1100000143051147,1.023342490196228,40000
2021-12-10,1.1100000143051147,1.1100000143051147,1.1100000143051147,1.1100000143051147,1.023342490196228,0
2021-12-13,1.100000023841858,1.100000023841858,1.100000023841858,1.100000023841858,1.0141233205795288,0
2021-12-14,1.100000023841858,1.100000023841858,1.100000023841858,1.100000023841858,1.0141233205795288,0
2021-12-15,1.100000023841858,1.100000023841858,1.100000023841858,1.100000023841858,1.0141233205795288,22000
2021-12-16,1.100000023841858,1.100000023841858,1.100000023841858,1.100000023841858,1.0141233205795288,0
2021-12-17,1.100000023841858,1.100000023841858,1.100000023841858,1.100000023841858,1.0141233205795288,0
2021-12-20,0.9800000190734863,0.9800000190734863,0.9399999976158142,0.9399999976158142,0.8666143417358398,60000
2021-12-21,0.9399999976158142,0.9399999976158142,0.9399999976158142,0.9399999976158142,0.8666143417358398,0
2021-12-22,1.0700000524520874,1.0700000524520874,1.0700000524520874,1.0700000524520874,0.9864653944969177,2000
2021-12-23,1.0700000524520874,1.0700000524520874,1.0700000524520874,1.0700000524520874,0.9864653944969177,0
2021-12-24,1.0700000524520874,1.0700000524520874,1.0700000524520874,1.0700000524520874,0.9864653944969177,0
2021-12-28,1.0700000524520874,1.0700000524520874,1.0700000524520874,1.0700000524520874,0.9864653944969177,0
2021-12-29,1.0700000524520874,1.0700000524520874,1.0700000524520874,1.0700000524520874,0.9864653944969177,0
2021-12-30,1.0700000524520874,1.0700000524520874,1.0700000524520874,1.0700000524520874,0.9864653944969177,0
2021-12-31,1.0700000524520874,1.0700000524520874,1.0700000524520874,1.0700000524520874,0.9864653944969177,0
2022-01-03,1.0700000524520874,1.0700000524520874,1.0700000524520874,1.0700000524520874,0.9864653944969177,0
2022-01-04,1.059999942779541,1.059999942779541,1.059999942779541,1.059999942779541,0.9772458076477051,0
2022-01-05,1.059999942779541,1.059999942779541,1.059999942779541,1.059999942779541,0.9772458076477051,0
2022-01-06,1.059999942779541,1.059999942779541,1.059999942779541,1.059999942779541,0.9772458076477051,0
2022-01-07,1.059999942779541,1.059999942779541,1.059999942779541,1.059999942779541,0.9772458076477051,0
2022-01-10,1.059999942779541,1.059999942779541,1.059999942779541,1.059999942779541,0.9772458076477051,0
2022-01-11,1.0,0.9599999785423279,0.9300000071525574,0.9300000071525574,0.8573950529098511,28000
2022-01-12,0.9300000071525574,0.9300000071525574,0.9300000071525574,0.9300000071525574,0.8573950529098511,0
2022-01-13,0.9300000071525574,0.9300000071525574,0.9300000071525574,0.9300000071525574,0.8573950529098511,0
2022-01-14,0.9300000071525574,0.9300000071525574,0.9300000071525574,0.9300000071525574,0.8573950529098511,0
2022-01-17,0.9300000071525574,0.9300000071525574,0.9300000071525574,0.9300000071525574,0.8573950529098511,0
2022-01-18,0.9300000071525574,0.9300000071525574,0.9300000071525574,0.9300000071525574,0.8573950529098511,0
2022-01-19,0.9300000071525574,0.9300000071525574,0.9300000071525574,0.9300000071525574,0.8573950529098511,0
2022-01-20,0.8700000047683716,0.8700000047683716,0.8700000047683716,0.8999999761581421,0.82973712682724,2000
2022-01-21,0.8999999761581421,0.8999999761581421,0.8999999761581421,0.8999999761581421,0.82973712682724,0
2022-01-24,0.8999999761581421,0.8999999761581421,0.8999999761581421,0.8999999761581421,0.82973712682724,0
2022-01-25,0.8999999761581421,0.8999999761581421,0.8999999761581421,0.8999999761581421,0.82973712682724,0
2022-01-26,0.8999999761581421,0.8999999761581421,0.8999999761581421,0.8999999761581421,0.82973712682724,0
2022-01-27,0.8999999761581421,0.8999999761581421,0.8999999761581421,0.8999999761581421,0.82973712682724,0
2022-01-28,0.8799999952316284,0.8799999952316284,0.8799999952316284,0.8799999952316284,0.8112985491752625,0
2022-01-31,0.8799999952316284,0.8799999952316284,0.8799999952316284,0.8799999952316284,0.8112985491752625,0
2022-02-04,0.8799999952316284,0.8799999952316284,0.8799999952316284,0.8799999952316284,0.8112985491752625,0
2022-02-07,0.8799999952316284,0.8799999952316284,0.8799999952316284,0.8799999952316284,0.8112985491752625,0
2022-02-08,0.8700000047683716,0.8700000047683716,0.8700000047683716,0.8700000047683716,0.8020792603492737,0
2022-02-09,0.8700000047683716,0.8700000047683716,0.8700000047683716,0.8700000047683716,0.8020792603492737,0
2022-02-10,0.8700000047683716,0.8700000047683716,0.8700000047683716,0.8700000047683716,0.8020792603492737,0
2022-02-11,0.8700000047683716,0.8700000047683716,0.8700000047683716,0.8700000047683716,0.8020792603492737,0
2022-02-14,0.8700000047683716,0.8700000047683716,0.8700000047683716,0.8700000047683716,0.8020792603492737,0
2022-02-15,0.8700000047683716,0.8700000047683716,0.8700000047683716,0.8700000047683716,0.8020792603492737,0
2022-02-16,0.8700000047683716,0.8700000047683716,0.8700000047683716,0.8700000047683716,0.8020792603492737,0
2022-02-17,0.8700000047683716,0.8700000047683716,0.8700000047683716,0.8700000047683716,0.8020792603492737,0
2022-02-18,0.8700000047683716,0.8700000047683716,0.8700000047683716,0.8700000047683716,0.8020792603492737,0
2022-02-21,0.8700000047683716,0.8700000047683716,0.8700000047683716,0.8700000047683716,0.8020792603492737,0
2022-02-22,0.7699999809265137,0.8199999928474426,0.7200000286102295,0.8199999928474426,0.7559826970100403,160000
2022-02-23,0.9399999976158142,0.9399999976158142,0.8999999761581421,0.8999999761581421,0.82973712682724,40000
2022-02-24,0.8100000023841858,0.9399999976158142,0.8999999761581421,0.8999999761581421,0.82973712682724,20000
2022-02-25,0.8999999761581421,0.8999999761581421,0.8999999761581421,0.8999999761581421,0.82973712682724,0
2022-02-28,0.8999999761581421,0.8999999761581421,0.8999999761581421,0.8999999761581421,0.82973712682724,0
2022-03-01,0.8999999761581421,0.8999999761581421,0.8999999761581421,0.8999999761581421,0.82973712682724,0
2022-03-02,0.8999999761581421,0.8999999761581421,0.8999999761581421,0.8999999761581421,0.82973712682724,0
2022-03-03,0.8999999761581421,0.8999999761581421,0.8999999761581421,0.8999999761581421,0.82973712682724,0
2022-03-04,0.8999999761581421,0.8999999761581421,0.8999999761581421,0.8999999761581421,0.82973712682724,0
2022-03-07,0.8899999856948853,0.8899999856948853,0.8899999856948853,0.8899999856948853,0.8205177783966064,0
2022-03-08,0.8899999856948853,0.8899999856948853,0.8899999856948853,0.8899999856948853,0.8205177783966064,0
2022-03-09,0.8700000047683716,0.8700000047683716,0.8700000047683716,0.8700000047683716,0.8020792603492737,0
2022-03-10,0.8700000047683716,0.8700000047683716,0.8700000047683716,0.8700000047683716,0.8020792603492737,0
2022-03-11,0.8700000047683716,0.8700000047683716,0.8700000047683716,0.8700000047683716,0.8020792603492737,0
2022-03-14,1.0399999618530273,1.0399999618530273,1.0399999618530273,0.9900000095367432,0.9127109050750732,2000
2022-03-15,0.9800000190734863,0.9800000190734863,0.9800000190734863,0.9800000190734863,0.9034916162490845,0
2022-03-16,0.9800000190734863,0.9800000190734863,0.9800000190734863,0.9800000190734863,0.9034916162490845,0
2022-03-17,0.9800000190734863,0.9800000190734863,0.9800000190734863,0.9800000190734863,0.9034916162490845,0
2022-03-18,0.9800000190734863,0.9800000190734863,0.9800000190734863,0.9800000190734863,0.9034916162490845,0
2022-03-21,0.9800000190734863,0.9800000190734863,0.9800000190734863,0.9800000190734863,0.9034916162490845,2000
2022-03-22,0.9800000190734863,0.9800000190734863,0.9800000190734863,0.9800000190734863,0.9034916162490845,0
2022-03-23,0.9800000190734863,0.9800000190734863,0.9800000190734863,0.9800000190734863,0.9034916162490845,0
2022-03-24,0.9800000190734863,0.9800000190734863,0.9800000190734863,0.9800000190734863,0.9034916162490845,0
2022-03-25,0.9800000190734863,0.9800000190734863,0.9800000190734863,0.9800000190734863,0.9034916162490845,0
2022-03-28,0.9800000190734863,0.9800000190734863,0.9800000190734863,0.9800000190734863,0.9034916162490845,0
2022-03-29,0.8899999856948853,0.8899999856948853,0.8899999856948853,0.8899999856948853,0.8205177783966064,2000
2022-03-30,0.8899999856948853,0.8899999856948853,0.8899999856948853,0.8899999856948853,0.8205177783966064,0
2022-03-31,0.8899999856948853,0.8899999856948853,0.8899999856948853,0.8899999856948853,0.8205177783966064,0
2022-04-01,0.8899999856948853,0.8899999856948853,0.8899999856948853,0.8899999856948853,0.8205177783966064,0
2022-04-04,0.8899999856948853,0.8899999856948853,0.8899999856948853,0.8899999856948853,0.8205177783966064,0
2022-04-06,0.8899999856948853,0.8899999856948853,0.8899999856948853,0.8899999856948853,0.8205177783966064,0
2022-04-07,0.8899999856948853,0.8899999856948853,0.8899999856948853,0.8899999856948853,0.8205177783966064,0
2022-04-08,0.8899999856948853,0.8899999856948853,0.8899999856948853,0.8899999856948853,0.8205177783966064,0
2022-04-11,0.8899999856948853,0.8899999856948853,0.8899999856948853,0.8899999856948853,0.8205177783966064,0
2022-04-12,0.8899999856948853,0.8899999856948853,0.8899999856948853,0.8899999856948853,0.8205177783966064,0
2022-04-13,0.8899999856948853,0.8899999856948853,0.8899999856948853,0.8899999856948853,0.8205177783966064,0
2022-04-14,0.8899999856948853,0.8899999856948853,0.8899999856948853,0.8899999856948853,0.8205177783966064,0
2022-04-19,0.8899999856948853,0.8899999856948853,0.8899999856948853,0.8899999856948853,0.8205177783966064,0
2022-04-20,0.8899999856948853,0.8899999856948853,0.8899999856948853,0.8899999856948853,0.8205177783966064,0
2022-04-21,0.8899999856948853,0.8899999856948853,0.8899999856948853,0.8899999856948853,0.8205177783966064,0
2022-04-22,0.9900000095367432,0.9900000095367432,0.9900000095367432,0.9800000190734863,0.9034916162490845,2000
2022-04-25,0.9800000190734863,0.9800000190734863,0.9800000190734863,0.9800000190734863,0.9034916162490845,0
2022-04-26,0.9100000262260437,0.9100000262260437,0.9100000262260437,0.9100000262260437,0.8389565348625183,0
2022-04-27,0.9100000262260437,0.9100000262260437,0.9100000262260437,0.9100000262260437,0.8389565348625183,0
2022-04-28,0.9100000262260437,0.9100000262260437,0.9100000262260437,0.9100000262260437,0.8389565348625183,0
2022-04-29,0.9100000262260437,0.9100000262260437,0.9100000262260437,0.9100000262260437,0.8389565348625183,0
2022-05-03,0.9100000262260437,0.9100000262260437,0.9100000262260437,0.9100000262260437,0.8389565348625183,0
2022-05-04,0.9100000262260437,0.9100000262260437,0.9100000262260437,0.9100000262260437,0.8389565348625183,0
2022-05-05,0.9100000262260437,0.9100000262260437,0.9100000262260437,0.9100000262260437,0.8389565348625183,0
2022-05-06,0.9100000262260437,0.9100000262260437,0.9100000262260437,0.9100000262260437,0.8389565348625183,0
2022-05-10,0.9100000262260437,0.9100000262260437,0.9100000262260437,0.9100000262260437,0.8389565348625183,0
2022-05-11,0.7599999904632568,0.7599999904632568,0.6800000071525574,0.7200000286102295,0.6637897491455078,586000
2022-05-12,0.7200000286102295,0.7200000286102295,0.6700000166893005,0.6700000166893005,0.6176932454109192,18000
2022-05-13,0.7300000190734863,0.7300000190734863,0.7300000190734863,0.7099999785423279,0.6545704007148743,22000
2022-05-16,0.7099999785423279,0.7099999785423279,0.7099999785423279,0.7099999785423279,0.6545704007148743,0
2022-05-17,0.7099999785423279,0.7099999785423279,0.7099999785423279,0.7099999785423279,0.6545704007148743,0
2022-05-18,0.6499999761581421,0.6800000071525574,0.6499999761581421,0.6800000071525574,0.626912534236908,12000
2022-05-19,0.6800000071525574,0.6800000071525574,0.6800000071525574,0.6800000071525574,0.626912534236908,0
2022-05-20,0.7300000190734863,0.7300000190734863,0.7300000190734863,0.7300000190734863,0.6730090379714966,0
2022-05-23,0.7300000190734863,0.7300000190734863,0.7300000190734863,0.7300000190734863,0.6730090379714966,0
2022-05-24,0.7200000286102295,0.7200000286102295,0.7200000286102295,0.7200000286102295,0.6637897491455078,0
2022-05-25,0.699999988079071,0.699999988079071,0.699999988079071,0.699999988079071,0.6453511118888855,20000
2022-05-26,0.6800000071525574,0.6800000071525574,0.6800000071525574,0.6800000071525574,0.626912534236908,0
2022-05-27,0.6800000071525574,0.6800000071525574,0.6800000071525574,0.6800000071525574,0.626912534236908,0
2022-05-30,0.6800000071525574,0.6800000071525574,0.6800000071525574,0.6800000071525574,0.626912534236908,0
2022-05-31,0.6800000071525574,0.6800000071525574,0.6800000071525574,0.6800000071525574,0.626912534236908,0
2022-06-01,0.6899999976158142,0.6899999976158142,0.6899999976158142,0.6899999976158142,0.6361318230628967,28000
2022-06-02,0.6899999976158142,0.6899999976158142,0.6899999976158142,0.6899999976158142,0.6361318230628967,0
2022-06-06,0.6899999976158142,0.6899999976158142,0.6899999976158142,0.6899999976158142,0.6361318230628967,0
2022-06-07,0.6899999976158142,0.6899999976158142,0.6899999976158142,0.6899999976158142,0.6361318230628967,0
2022-06-08,0.6899999976158142,0.6899999976158142,0.6899999976158142,0.6899999976158142,0.6361318230628967,0
2022-06-09,0.6800000071525574,0.6899999976158142,0.6800000071525574,0.6899999976158142,0.6361318230628967,58000
2022-06-10,0.6899999976158142,0.6899999976158142,0.6899999976158142,0.6899999976158142,0.6361318230628967,0
2022-06-13,0.6800000071525574,0.6800000071525574,0.6800000071525574,0.6800000071525574,0.626912534236908,0
2022-06-14,0.6800000071525574,0.6800000071525574,0.6800000071525574,0.6800000071525574,0.626912534236908,0
2022-06-15,0.6899999976158142,0.6899999976158142,0.6800000071525574,0.6800000071525574,0.626912534236908,10000
2022-06-16,0.6800000071525574,0.6800000071525574,0.6800000071525574,0.6800000071525574,0.626912534236908,0
2022-06-17,0.6899999976158142,0.6899999976158142,0.6899999976158142,0.6800000071525574,0.626912534236908,2000
2022-06-20,0.6800000071525574,0.6800000071525574,0.6800000071525574,0.6800000071525574,0.626912534236908,0
2022-06-21,0.6800000071525574,0.6800000071525574,0.6800000071525574,0.6800000071525574,0.626912534236908,0
2022-06-22,0.6800000071525574,0.6800000071525574,0.6800000071525574,0.6800000071525574,0.626912534236908,0
2022-06-23,0.6800000071525574,0.6800000071525574,0.6800000071525574,0.6800000071525574,0.626912534236908,0
2022-06-24,0.6800000071525574,0.6800000071525574,0.6800000071525574,0.6800000071525574,0.626912534236908,0
2022-06-27,0.6600000262260437,0.6899999976158142,0.6600000262260437,0.6600000262260437,0.6084739565849304,292800
2022-06-28,0.6499999761581421,0.6899999976158142,0.6499999761581421,0.699999988079071,0.6605640649795532,24000
2022-06-29,0.7799999713897705,0.7799999713897705,0.699999988079071,0.7599999904632568,0.7171838879585266,188000
2022-06-30,0.7900000214576721,0.7900000214576721,0.7900000214576721,0.7900000214576721,0.7454937696456909,14000
2022-07-04,0.7900000214576721,0.7900000214576721,0.7900000214576721,0.7900000214576721,0.7454937696456909,0
2022-07-05,0.7900000214576721,0.7900000214576721,0.7900000214576721,0.7900000214576721,0.7454937696456909,0
2022-07-06,0.7900000214576721,0.7900000214576721,0.7900000214576721,0.7900000214576721,0.7454937696456909,0
2022-07-07,0.75,0.75,0.75,0.75,0.707747220993042,0
2022-07-08,0.699999988079071,0.699999988079071,0.699999988079071,0.699999988079071,0.6605640649795532,2000
2022-07-11,0.699999988079071,0.699999988079071,0.699999988079071,0.699999988079071,0.6605640649795532,0
2022-07-12,0.699999988079071,0.699999988079071,0.699999988079071,0.699999988079071,0.6605640649795532,0
2022-07-13,0.699999988079071,0.699999988079071,0.699999988079071,0.699999988079071,0.6605640649795532,0
2022-07-14,0.699999988079071,0.699999988079071,0.699999988079071,0.699999988079071,0.6605640649795532,0
2022-07-15,0.699999988079071,0.699999988079071,0.699999988079071,0.699999988079071,0.6605640649795532,0
2022-07-18,0.699999988079071,0.699999988079071,0.699999988079071,0.699999988079071,0.6605640649795532,0
2022-07-19,0.699999988079071,0.699999988079071,0.699999988079071,0.699999988079071,0.6605640649795532,0
2022-07-20,0.699999988079071,0.699999988079071,0.699999988079071,0.699999988079071,0.6605640649795532,0
2022-07-21,0.699999988079071,0.699999988079071,0.699999988079071,0.699999988079071,0.6605640649795532,0
2022-07-22,0.699999988079071,0.699999988079071,0.699999988079071,0.699999988079071,0.6605640649795532,0
2022-07-25,0.699999988079071,0.699999988079071,0.699999988079071,0.699999988079071,0.6605640649795532,0
2022-07-26,0.699999988079071,0.699999988079071,0.699999988079071,0.699999988079071,0.6605640649795532,0
2022-07-27,0.6899999976158142,0.7900000214576721,0.6800000071525574,0.6800000071525574,0.6416908502578735,32000
2022-07-28,0.7799999713897705,0.7799999713897705,0.7799999713897705,0.7799999713897705,0.7360571026802063,0
2022-07-29,0.7799999713897705,0.7799999713897705,0.7799999713897705,0.7799999713897705,0.7360571026802063,0
2022-08-01,0.7799999713897705,0.7799999713897705,0.7799999713897705,0.7799999713897705,0.7360571026802063,0
2022-08-02,0.7799999713897705,0.7799999713897705,0.7799999713897705,0.7799999713897705,0.7360571026802063,0
2022-08-03,0.7799999713897705,0.7799999713897705,0.7799999713897705,0.7799999713897705,0.7360571026802063,0
2022-08-04,0.75,0.75,0.75,0.75,0.707747220993042,52000
2022-08-05,0.75,0.75,0.75,0.75,0.707747220993042,0
2022-08-08,0.75,0.75,0.75,0.75,0.707747220993042,0
2022-08-09,0.75,0.75,0.75,0.75,0.707747220993042,0
2022-08-10,0.75,0.75,0.75,0.75,0.707747220993042,0
2022-08-11,0.75,0.75,0.75,0.75,0.707747220993042,0
2022-08-12,0.75,0.75,0.75,0.75,0.707747220993042,0
2022-08-15,0.7400000095367432,0.7400000095367432,0.7400000095367432,0.7400000095367432,0.6983106136322021,0
2022-08-16,0.7400000095367432,0.7400000095367432,0.7400000095367432,0.7400000095367432,0.6983106136322021,30000
2022-08-17,0.7300000190734863,0.9100000262260437,0.7300000190734863,0.7300000190734863,0.6888740062713623,52000
2022-08-18,0.7300000190734863,0.7300000190734863,0.7300000190734863,0.7300000190734863,0.6888740062713623,0
2022-08-19,0.7300000190734863,0.8899999856948853,0.7300000190734863,0.8899999856948853,0.8398600220680237,40000
2022-08-22,0.7900000214576721,0.7900000214576721,0.7900000214576721,0.7900000214576721,0.7454937696456909,0
2022-08-23,0.8399999737739563,0.8399999737739563,0.6700000166893005,0.8199999928474426,0.7738036513328552,6000
2022-08-24,0.8199999928474426,0.8199999928474426,0.8199999928474426,0.8199999928474426,0.7738036513328552,0
2022-08-25,0.8199999928474426,0.8199999928474426,0.8199999928474426,0.8199999928474426,0.7738036513328552,0
2022-08-26,0.8199999928474426,0.8199999928474426,0.8199999928474426,0.8199999928474426,0.7738036513328552,0
2022-08-29,0.8199999928474426,0.8199999928474426,0.8199999928474426,0.8199999928474426,0.7738036513328552,0
2022-08-30,0.8199999928474426,0.8199999928474426,0.8199999928474426,0.8199999928474426,0.7738036513328552,0
2022-08-31,0.8199999928474426,0.8199999928474426,0.8199999928474426,0.8199999928474426,0.7738036513328552,0
2022-09-01,0.699999988079071,0.7599999904632568,0.699999988079071,0.7599999904632568,0.7171838879585266,18000
2022-09-02,0.7400000095367432,0.7400000095367432,0.7400000095367432,0.7400000095367432,0.6983106136322021,0
2022-09-05,0.699999988079071,0.699999988079071,0.6600000262260437,0.6600000262260437,0.6228176355361938,28000
2022-09-06,0.6399999856948853,0.6399999856948853,0.6399999856948853,0.6399999856948853,0.6039443016052246,0
2022-09-07,0.6399999856948853,0.6399999856948853,0.6399999856948853,0.6399999856948853,0.6039443016052246,0
2022-09-08,0.6399999856948853,0.6399999856948853,0.6399999856948853,0.6399999856948853,0.6039443016052246,0
2022-09-09,0.6399999856948853,0.6399999856948853,0.6399999856948853,0.6399999856948853,0.6039443016052246,0
2022-09-13,0.6399999856948853,0.6399999856948853,0.6399999856948853,0.6399999856948853,0.6039443016052246,0
2022-09-14,0.6399999856948853,0.6399999856948853,0.6399999856948853,0.6399999856948853,0.6039443016052246,0
2022-09-15,0.6399999856948853,0.6399999856948853,0.6399999856948853,0.6399999856948853,0.6039443016052246,0
2022-09-16,0.6399999856948853,0.6399999856948853,0.6200000047683716,0.6200000047683716,0.5850710868835449,60000
2022-09-19,0.6000000238418579,0.6000000238418579,0.550000011920929,0.550000011920929,0.5190146565437317,64000
2022-09-20,0.6100000143051147,0.6100000143051147,0.550000011920929,0.550000011920929,0.5190146565437317,42000
2022-09-21,0.550000011920929,0.550000011920929,0.550000011920929,0.550000011920929,0.5190146565437317,0
2022-09-22,0.6600000262260437,0.6600000262260437,0.5199999809265137,0.5199999809265137,0.490704745054245,92000
2022-09-23,0.550000011920929,0.550000011920929,0.550000011920929,0.550000011920929,0.5190146565437317,30000
2022-09-26,0.550000011920929,0.550000011920929,0.550000011920929,0.550000011920929,0.5190146565437317,18000
2022-09-27,0.550000011920929,0.550000011920929,0.550000011920929,0.550000011920929,0.5190146565437317,0
2022-09-28,0.550000011920929,0.550000011920929,0.550000011920929,0.550000011920929,0.5190146565437317,0
2022-09-29,0.550000011920929,0.550000011920929,0.550000011920929,0.550000011920929,0.5190146565437317,0
2022-09-30,0.5099999904632568,0.5099999904632568,0.4950000047683716,0.4950000047683716,0.467113196849823,24000
2022-10-03,0.5699999928474426,0.5699999928474426,0.5699999928474426,0.5699999928474426,0.5378878712654114,2000
2022-10-05,0.5699999928474426,0.5699999928474426,0.5699999928474426,0.5699999928474426,0.5378878712654114,0
2022-10-06,0.5699999928474426,0.5699999928474426,0.5699999928474426,0.5699999928474426,0.5378878712654114,0
2022-10-07,0.5699999928474426,0.5699999928474426,0.5699999928474426,0.5699999928474426,0.5378878712654114,0
2022-10-10,0.5699999928474426,0.5699999928474426,0.5699999928474426,0.5699999928474426,0.5378878712654114,0
2022-10-11,0.5699999928474426,0.6000000238418579,0.5699999928474426,0.6000000238418579,0.5661978125572205,60000
2022-10-12,0.6000000238418579,0.6000000238418579,0.6000000238418579,0.6000000238418579,0.5661978125572205,0
2022-10-13,0.6000000238418579,0.6000000238418579,0.6000000238418579,0.6000000238418579,0.5661978125572205,0
2022-10-14,0.6000000238418579,0.6000000238418579,0.6000000238418579,0.6000000238418579,0.5661978125572205,0
2022-10-17,0.6700000166893005,0.6700000166893005,0.6700000166893005,0.6700000166893005,0.6322542428970337,30000
2022-10-18,0.6700000166893005,0.6700000166893005,0.6700000166893005,0.6700000166893005,0.6322542428970337,0
2022-10-19,0.6700000166893005,0.6700000166893005,0.6700000166893005,0.6700000166893005,0.6322542428970337,0
2022-10-20,0.6700000166893005,0.6700000166893005,0.6700000166893005,0.6700000166893005,0.6322542428970337,0
2022-10-21,0.6700000166893005,0.6700000166893005,0.6700000166893005,0.6700000166893005,0.6322542428970337,0
2022-10-24,0.6600000262260437,0.6600000262260437,0.550000011920929,0.5699999928474426,0.5378878712654114,84000
2022-10-25,0.5699999928474426,0.5699999928474426,0.5699999928474426,0.5699999928474426,0.5378878712654114,0
2022-10-26,0.5699999928474426,0.5699999928474426,0.5699999928474426,0.5699999928474426,0.5378878712654114,0
2022-10-27,0.5699999928474426,0.5699999928474426,0.5699999928474426,0.5699999928474426,0.5378878712654114,0
2022-10-28,0.5699999928474426,0.5699999928474426,0.5699999928474426,0.5699999928474426,0.5378878712654114,0
2022-10-31,0.5699999928474426,0.5699999928474426,0.5699999928474426,0.5699999928474426,0.5378878712654114,0
2022-11-01,0.5699999928474426,0.5699999928474426,0.5699999928474426,0.5699999928474426,0.5378878712654114,0
2022-11-02,0.5699999928474426,0.5699999928474426,0.5699999928474426,0.5699999928474426,0.5378878712654114,0
2022-11-03,0.5699999928474426,0.5699999928474426,0.5699999928474426,0.5699999928474426,0.5378878712654114,0
2022-11-04,0.5799999833106995,0.5799999833106995,0.5799999833106995,0.5899999737739563,0.5567611455917358,16000
2022-11-07,0.5899999737739563,0.5899999737739563,0.5899999737739563,0.5899999737739563,0.5567611455917358,0
2022-11-08,0.5899999737739563,0.5899999737739563,0.5899999737739563,0.5899999737739563,0.5567611455917358,0
2022-11-09,0.5899999737739563,0.5899999737739563,0.5899999737739563,0.5899999737739563,0.5567611455917358,0
2022-11-10,0.5899999737739563,0.5899999737739563,0.5899999737739563,0.5899999737739563,0.5567611455917358,0
2022-11-11,0.5899999737739563,0.5899999737739563,0.5899999737739563,0.5899999737739563,0.5567611455917358,0
2022-11-14,0.5899999737739563,0.5899999737739563,0.5899999737739563,0.5899999737739563,0.5567611455917358,0
2022-11-15,0.5899999737739563,0.5899999737739563,0.5899999737739563,0.5899999737739563,0.5567611455917358,0
2022-11-16,0.5899999737739563,0.5899999737739563,0.5899999737739563,0.5899999737739563,0.5567611455917358,2000
2022-11-17,0.5899999737739563,0.5899999737739563,0.5899999737739563,0.5899999737739563,0.5567611455917358,0
2022-11-18,0.5899999737739563,0.5899999737739563,0.5899999737739563,0.5899999737739563,0.5567611455917358,0
2022-11-21,0.5899999737739563,0.5899999737739563,0.5899999737739563,0.5899999737739563,0.5567611455917358,0
2022-11-22,0.5899999737739563,0.5899999737739563,0.5899999737739563,0.5899999737739563,0.5567611455917358,0
2022-11-23,0.5899999737739563,0.5899999737739563,0.5899999737739563,0.5899999737739563,0.5567611455917358,0
2022-11-24,0.5899999737739563,0.5899999737739563,0.5899999737739563,0.5899999737739563,0.5567611455917358,0
2022-11-25,0.5899999737739563,0.5899999737739563,0.5899999737739563,0.5899999737739563,0.5567611455917358,0
2022-11-28,0.5899999737739563,0.5899999737739563,0.5899999737739563,0.5899999737739563,0.5567611455917358,0
2022-11-29,0.5899999737739563,0.5899999737739563,0.5899999737739563,0.5899999737739563,0.5567611455917358,0
2022-11-30,0.6000000238418579,0.6000000238418579,0.6000000238418579,0.6000000238418579,0.5661978125572205,0
2022-12-01,0.6000000238418579,0.6000000238418579,0.6000000238418579,0.6000000238418579,0.5661978125572205,0
2022-12-02,0.6000000238418579,0.6000000238418579,0.6000000238418579,0.6000000238418579,0.5661978125572205,0
2022-12-05,0.7099999785423279,0.7099999785423279,0.5799999833106995,0.5799999833106995,0.547324538230896,8000
2022-12-06,0.5799999833106995,0.5799999833106995,0.5799999833106995,0.5799999833106995,0.547324538230896,0
2022-12-07,0.5799999833106995,0.5799999833106995,0.5799999833106995,0.5799999833106995,0.547324538230896,0
2022-12-08,0.5799999833106995,0.5799999833106995,0.5799999833106995,0.5799999833106995,0.547324538230896,0
2022-12-09,0.5799999833106995,0.5799999833106995,0.5799999833106995,0.5799999833106995,0.547324538230896,2304
2022-12-12,0.5799999833106995,0.5799999833106995,0.5799999833106995,0.5799999833106995,0.547324538230896,0
2022-12-13,0.5899999737739563,0.5899999737739563,0.5899999737739563,0.5899999737739563,0.5567611455917358,0
2022-12-14,0.5899999737739563,0.5899999737739563,0.5899999737739563,0.5899999737739563,0.5567611455917358,0
2022-12-15,0.5899999737739563,0.5899999737739563,0.5899999737739563,0.5899999737739563,0.5567611455917358,0
2022-12-16,0.5899999737739563,0.5899999737739563,0.5899999737739563,0.5899999737739563,0.5567611455917358,0
2022-12-19,0.5899999737739563,0.5899999737739563,0.5899999737739563,0.5899999737739563,0.5567611455917358,0
2022-12-20,0.5899999737739563,0.5899999737739563,0.5899999737739563,0.5899999737739563,0.5567611455917358,0
2022-12-21,0.5899999737739563,0.5899999737739563,0.5899999737739563,0.5899999737739563,0.5567611455917358,0
2022-12-22,0.5899999737739563,0.5899999737739563,0.5899999737739563,0.5899999737739563,0.5567611455917358,0
2022-12-23,0.5899999737739563,0.5899999737739563,0.5899999737739563,0.5899999737739563,0.5567611455917358,0
2022-12-28,0.5899999737739563,0.5899999737739563,0.5899999737739563,0.5899999737739563,0.5567611455917358,0
2022-12-29,0.5899999737739563,0.5899999737739563,0.5899999737739563,0.5899999737739563,0.5567611455917358,0
2022-12-30,0.5899999737739563,0.5899999737739563,0.5899999737739563,0.5899999737739563,0.5567611455917358,0
2023-01-03,0.5899999737739563,0.5899999737739563,0.5899999737739563,0.5899999737739563,0.5567611455917358,2000
2023-01-04,0.5899999737739563,0.5899999737739563,0.5899999737739563,0.5899999737739563,0.5567611455917358,0
2023-01-05,0.5899999737739563,0.5899999737739563,0.5899999737739563,0.5899999737739563,0.5567611455917358,0
2023-01-06,0.5899999737739563,0.5899999737739563,0.5899999737739563,0.5899999737739563,0.5567611455917358,0
2023-01-09,0.6700000166893005,0.6700000166893005,0.6700000166893005,0.6700000166893005,0.6322542428970337,0
2023-01-10,0.6700000166893005,0.6700000166893005,0.6700000166893005,0.6700000166893005,0.6322542428970337,0
2023-01-11,0.6700000166893005,0.6700000166893005,0.6700000166893005,0.6700000166893005,0.6322542428970337,0
2023-01-12,0.6700000166893005,0.6700000166893005,0.6700000166893005,0.6700000166893005,0.6322542428970337,0
2023-01-13,0.6700000166893005,0.6700000166893005,0.6700000166893005,0.6700000166893005,0.6322542428970337,0
2023-01-16,0.6700000166893005,0.6700000166893005,0.6700000166893005,0.6700000166893005,0.6322542428970337,0
2023-01-17,0.6700000166893005,0.6700000166893005,0.6700000166893005,0.6700000166893005,0.6322542428970337,0
2023-01-18,0.6700000166893005,0.6700000166893005,0.6700000166893005,0.6700000166893005,0.6322542428970337,0
2023-01-19,0.6700000166893005,0.6700000166893005,0.6700000166893005,0.6700000166893005,0.6322542428970337,0
2023-01-20,0.6700000166893005,0.6700000166893005,0.6700000166893005,0.6700000166893005,0.6322542428970337,0
2023-01-26,0.6700000166893005,0.6700000166893005,0.6700000166893005,0.6700000166893005,0.6322542428970337,0
2023-01-27,0.6700000166893005,0.6700000166893005,0.6700000166893005,0.6700000166893005,0.6322542428970337,0
2023-01-30,0.6700000166893005,0.6700000166893005,0.6700000166893005,0.6700000166893005,0.6322542428970337,0
2023-01-31,0.6700000166893005,0.6700000166893005,0.6700000166893005,0.6700000166893005,0.6322542428970337,0
2023-02-01,0.6700000166893005,0.6700000166893005,0.6700000166893005,0.6700000166893005,0.6322542428970337,0
2023-02-02,0.6700000166893005,0.6700000166893005,0.6700000166893005,0.6700000166893005,0.6322542428970337,0
2023-02-03,0.6700000166893005,0.6700000166893005,0.6700000166893005,0.6700000166893005,0.6322542428970337,0
2023-02-06,0.5899999737739563,0.5899999737739563,0.5899999737739563,0.5899999737739563,0.5567611455917358,0
2023-02-07,0.5899999737739563,0.5899999737739563,0.5899999737739563,0.5899999737739563,0.5567611455917358,0
2023-02-08,0.5899999737739563,0.5899999737739563,0.5899999737739563,0.5899999737739563,0.5567611455917358,0
2023-02-09,0.5899999737739563,0.5899999737739563,0.5899999737739563,0.5899999737739563,0.5567611455917358,0
2023-02-10,0.5899999737739563,0.5899999737739563,0.5899999737739563,0.5899999737739563,0.5567611455917358,0
2023-02-13,0.5899999737739563,0.5899999737739563,0.5899999737739563,0.5899999737739563,0.5567611455917358,0
2023-02-14,0.5899999737739563,0.5899999737739563,0.5899999737739563,0.5899999737739563,0.5567611455917358,0
2023-02-15,0.5899999737739563,0.5899999737739563,0.5899999737739563,0.5899999737739563,0.5567611455917358,0
2023-02-16,0.5899999737739563,0.5899999737739563,0.5899999737739563,0.5899999737739563,0.5567611455917358,0
2023-02-17,0.5899999737739563,0.5899999737739563,0.5899999737739563,0.5899999737739563,0.5567611455917358,0
2023-02-20,0.5899999737739563,0.5899999737739563,0.5899999737739563,0.5899999737739563,0.5567611455917358,0
2023-02-21,0.5899999737739563,0.5899999737739563,0.5899999737739563,0.5899999737739563,0.5567611455917358,0
2023-02-22,0.5899999737739563,0.5899999737739563,0.5899999737739563,0.5899999737739563,0.5567611455917358,0
2023-02-23,0.5899999737739563,0.5899999737739563,0.5899999737739563,0.5899999737739563,0.5567611455917358,0
2023-02-24,0.5899999737739563,0.5899999737739563,0.5899999737739563,0.5899999737739563,0.5567611455917358,0
2023-02-27,0.5899999737739563,0.5899999737739563,0.5899999737739563,0.5899999737739563,0.5567611455917358,0
2023-02-28,0.5899999737739563,0.5899999737739563,0.5899999737739563,0.5899999737739563,0.5567611455917358,0
2023-03-01,0.5899999737739563,0.5899999737739563,0.5899999737739563,0.5899999737739563,0.5567611455917358,0
2023-03-02,0.5899999737739563,0.5899999737739563,0.5899999737739563,0.5899999737739563,0.5567611455917358,0
2023-03-03,0.5899999737739563,0.5899999737739563,0.5899999737739563,0.5899999737739563,0.5567611455917358,0
2023-03-06,0.5899999737739563,0.5899999737739563,0.5899999737739563,0.5899999737739563,0.5567611455917358,0
2023-03-07,0.5899999737739563,0.5899999737739563,0.5899999737739563,0.5899999737739563,0.5567611455917358,0
2023-03-08,0.5899999737739563,0.5899999737739563,0.5899999737739563,0.5899999737739563,0.5567611455917358,0
2023-03-09,0.5899999737739563,0.5899999737739563,0.5899999737739563,0.5899999737739563,0.5567611455917358,0
2023-03-10,0.5899999737739563,0.5899999737739563,0.5899999737739563,0.5899999737739563,0.5567611455917358,0
2023-03-13,0.5899999737739563,0.5899999737739563,0.5899999737739563,0.5899999737739563,0.5567611455917358,0
2023-03-14,0.5899999737739563,0.5899999737739563,0.5899999737739563,0.5899999737739563,0.5567611455917358,0
2023-03-15,0.5899999737739563,0.5899999737739563,0.5899999737739563,0.5899999737739563,0.5567611455917358,0
2023-03-16,0.5899999737739563,0.5899999737739563,0.5899999737739563,0.5899999737739563,0.5567611455917358,0
2023-03-17,0.5899999737739563,0.5899999737739563,0.5899999737739563,0.5899999737739563,0.5567611455917358,0
2023-03-20,0.5899999737739563,0.5899999737739563,0.5899999737739563,0.5899999737739563,0.5567611455917358,0
2023-03-21,0.5899999737739563,0.5899999737739563,0.5899999737739563,0.5899999737739563,0.5567611455917358,0
2023-03-22,0.5400000214576721,0.5400000214576721,0.5400000214576721,0.5400000214576721,0.5095780491828918,0
2023-03-23,0.5400000214576721,0.5400000214576721,0.5400000214576721,0.5400000214576721,0.5095780491828918,0
2023-03-24,0.5400000214576721,0.5400000214576721,0.5400000214576721,0.5400000214576721,0.5095780491828918,0
2023-03-27,0.5299999713897705,0.5299999713897705,0.5299999713897705,0.5299999713897705,0.5001413226127625,0
2023-03-28,0.5299999713897705,0.5299999713897705,0.5299999713897705,0.5299999713897705,0.5001413226127625,0
2023-03-29,0.5299999713897705,0.5299999713897705,0.5299999713897705,0.5299999713897705,0.5001413226127625,0
2023-03-30,0.5299999713897705,0.5299999713897705,0.5299999713897705,0.5299999713897705,0.5001413226127625,0
2023-03-31,0.5299999713897705,0.5299999713897705,0.5299999713897705,0.5299999713897705,0.5001413226127625,0
2023-04-03,0.5299999713897705,0.5299999713897705,0.5299999713897705,0.5299999713897705,0.5001413226127625,0
2023-04-04,0.5299999713897705,0.5299999713897705,0.5299999713897705,0.5299999713897705,0.5001413226127625,0
2023-04-06,0.5299999713897705,0.5299999713897705,0.5299999713897705,0.5299999713897705,0.5001413226127625,0
2023-04-11,0.5299999713897705,0.5299999713897705,0.5299999713897705,0.5299999713897705,0.5001413226127625,0
2023-04-12,0.5299999713897705,0.5299999713897705,0.5299999713897705,0.5299999713897705,0.5001413226127625,0
2023-04-13,0.5299999713897705,0.5299999713897705,0.5299999713897705,0.5299999713897705,0.5001413226127625,0
2023-04-14,0.5299999713897705,0.5299999713897705,0.5299999713897705,0.5299999713897705,0.5001413226127625,0
2023-04-17,0.5299999713897705,0.5299999713897705,0.5299999713897705,0.5299999713897705,0.5001413226127625,0
2023-04-18,0.5299999713897705,0.5299999713897705,0.5299999713897705,0.5299999713897705,0.5001413226127625,0
2023-04-19,0.5299999713897705,0.5299999713897705,0.5299999713897705,0.5299999713897705,0.5001413226127625,0
2023-04-20,0.5299999713897705,0.5299999713897705,0.5299999713897705,0.5299999713897705,0.5001413226127625,0
2023-04-21,0.550000011920929,0.550000011920929,0.550000011920929,0.550000011920929,0.5190146565437317,0
2023-04-24,0.550000011920929,0.550000011920929,0.550000011920929,0.550000011920929,0.5190146565437317,0
2023-04-25,0.550000011920929,0.550000011920929,0.550000011920929,0.550000011920929,0.5190146565437317,0
2023-04-26,0.550000011920929,0.550000011920929,0.550000011920929,0.550000011920929,0.5190146565437317,0
2023-04-27,0.550000011920929,0.550000011920929,0.550000011920929,0.550000011920929,0.5190146565437317,0
2023-04-28,0.550000011920929,0.550000011920929,0.550000011920929,0.550000011920929,0.5190146565437317,0
2023-05-02,0.550000011920929,0.550000011920929,0.550000011920929,0.550000011920929,0.5190146565437317,0
2023-05-03,0.550000011920929,0.550000011920929,0.550000011920929,0.550000011920929,0.5190146565437317,0
2023-05-04,0.550000011920929,0.550000011920929,0.550000011920929,0.550000011920929,0.5190146565437317,0
2023-05-05,0.550000011920929,0.550000011920929,0.550000011920929,0.550000011920929,0.5190146565437317,0
2023-05-08,0.550000011920929,0.550000011920929,0.550000011920929,0.550000011920929,0.5190146565437317,0
2023-05-09,0.550000011920929,0.550000011920929,0.550000011920929,0.550000011920929,0.5190146565437317,0
2023-05-10,0.550000011920929,0.550000011920929,0.550000011920929,0.550000011920929,0.5190146565437317,0
2023-05-11,0.550000011920929,0.550000011920929,0.550000011920929,0.550000011920929,0.5190146565437317,0
2023-05-12,0.550000011920929,0.550000011920929,0.550000011920929,0.550000011920929,0.5190146565437317,0
2023-05-15,0.550000011920929,0.550000011920929,0.550000011920929,0.550000011920929,0.5190146565437317,0
2023-05-16,0.550000011920929,0.550000011920929,0.550000011920929,0.550000011920929,0.5190146565437317,0
2023-05-17,0.550000011920929,0.550000011920929,0.550000011920929,0.550000011920929,0.5190146565437317,0
2023-05-18,0.550000011920929,0.550000011920929,0.550000011920929,0.550000011920929,0.5190146565437317,0
2023-05-19,0.550000011920929,0.550000011920929,0.550000011920929,0.550000011920929,0.5190146565437317,0
2023-05-22,0.550000011920929,0.550000011920929,0.550000011920929,0.550000011920929,0.5190146565437317,0
2023-05-23,0.550000011920929,0.550000011920929,0.550000011920929,0.550000011920929,0.5190146565437317,0
2023-05-24,0.550000011920929,0.550000011920929,0.550000011920929,0.550000011920929,0.5190146565437317,0
2023-05-25,0.550000011920929,0.550000011920929,0.550000011920929,0.550000011920929,0.5190146565437317,0
2023-05-29,0.550000011920929,0.550000011920929,0.550000011920929,0.550000011920929,0.5190146565437317,0
2023-05-30,0.5600000023841858,0.5600000023841858,0.5600000023841858,0.5600000023841858,0.5284512639045715,0
2023-05-31,0.5699999928474426,0.5699999928474426,0.5699999928474426,0.5699999928474426,0.5378878712654114,0
2023-06-01,0.5799999833106995,0.5799999833106995,0.5799999833106995,0.5799999833106995,0.547324538230896,0
2023-06-02,0.6000000238418579,0.5199999809265137,0.5199999809265137,0.5799999833106995,0.547324538230896,10000
2023-06-05,0.5799999833106995,0.5799999833106995,0.5799999833106995,0.5799999833106995,0.547324538230896,0
2023-06-06,0.5799999833106995,0.5799999833106995,0.5799999833106995,0.5799999833106995,0.547324538230896,0
2023-06-07,0.5799999833106995,0.5799999833106995,0.5799999833106995,0.5799999833106995,0.547324538230896,0
2023-06-08,0.5799999833106995,0.5799999833106995,0.5799999833106995,0.5799999833106995,0.547324538230896,0
2023-06-09,0.5799999833106995,0.5799999833106995,0.5799999833106995,0.5799999833106995,0.547324538230896,0
2023-06-12,0.5799999833106995,0.5799999833106995,0.5799999833106995,0.5799999833106995,0.547324538230896,0
2023-06-13,0.5799999833106995,0.5799999833106995,0.5799999833106995,0.5799999833106995,0.547324538230896,0
2023-06-14,0.5799999833106995,0.5799999833106995,0.5799999833106995,0.5799999833106995,0.547324538230896,0
2023-06-15,0.5799999833106995,0.5799999833106995,0.5799999833106995,0.5799999833106995,0.547324538230896,0
2023-06-16,0.5799999833106995,0.5799999833106995,0.5799999833106995,0.5799999833106995,0.547324538230896,0
2023-06-19,0.4950000047683716,0.4950000047683716,0.4950000047683716,0.4950000047683716,0.467113196849823,0
2023-06-20,0.47999998927116394,0.47999998927116394,0.47999998927116394,0.47999998927116394,0.45295822620391846,0
2023-06-21,0.47999998927116394,0.47999998927116394,0.47999998927116394,0.47999998927116394,0.45295822620391846,0
2023-06-23,0.4659999907016754,0.4659999907016754,0.4659999907016754,0.4659999907016754,0.45322084426879883,0
2023-06-26,0.4659999907016754,0.4659999907016754,0.4659999907016754,0.4659999907016754,0.45322084426879883,0
2023-06-27,0.4659999907016754,0.4659999907016754,0.4659999907016754,0.4659999907016754,0.45322084426879883,0
2023-06-28,0.4659999907016754,0.4659999907016754,0.4659999907016754,0.4659999907016754,0.45322084426879883,0
2023-06-29,0.4659999907016754,0.4659999907016754,0.4659999907016754,0.4659999907016754,0.45322084426879883,0
2023-06-30,0.4659999907016754,0.4659999907016754,0.4659999907016754,0.4659999907016754,0.45322084426879883,0
2023-07-03,0.4300000071525574,0.4300000071525574,0.4300000071525574,0.4300000071525574,0.4182080924510956,0
2023-07-04,0.4350000023841858,0.4350000023841858,0.4350000023841858,0.4350000023841858,0.4230709671974182,0
2023-07-05,0.4699999988079071,0.4699999988079071,0.4699999988079071,0.4699999988079071,0.4571111500263214,0
2023-07-06,0.4699999988079071,0.4699999988079071,0.4699999988079071,0.4699999988079071,0.4571111500263214,0
2023-07-07,0.4699999988079071,0.4699999988079071,0.4699999988079071,0.4699999988079071,0.4571111500263214,0
2023-07-10,0.5699999928474426,0.5699999928474426,0.5699999928474426,0.5699999928474426,0.5543688535690308,0
2023-07-11,0.5699999928474426,0.5699999928474426,0.5699999928474426,0.5699999928474426,0.5543688535690308,6000
2023-07-12,0.5699999928474426,0.5699999928474426,0.5699999928474426,0.5699999928474426,0.5543688535690308,0
2023-07-13,0.5699999928474426,0.5699999928474426,0.5699999928474426,0.5699999928474426,0.5543688535690308,0
2023-07-14,0.5699999928474426,0.5699999928474426,0.5699999928474426,0.5699999928474426,0.5543688535690308,0
2023-07-18,0.5699999928474426,0.5699999928474426,0.5699999928474426,0.5699999928474426,0.5543688535690308,0
2023-07-19,0.5699999928474426,0.5699999928474426,0.5699999928474426,0.5699999928474426,0.5543688535690308,0
2023-07-20,0.5699999928474426,0.5699999928474426,0.5699999928474426,0.5699999928474426,0.5543688535690308,0
2023-07-21,0.5699999928474426,0.5699999928474426,0.5699999928474426,0.5699999928474426,0.5543688535690308,0
2023-07-24,0.5699999928474426,0.5699999928474426,0.5699999928474426,0.5699999928474426,0.5543688535690308,0
2023-07-25,0.5699999928474426,0.5699999928474426,0.5699999928474426,0.5699999928474426,0.5543688535690308,0
2023-07-26,0.5699999928474426,0.5699999928474426,0.5699999928474426,0.5699999928474426,0.5543688535690308,0
2023-07-27,0.5699999928474426,0.5699999928474426,0.5699999928474426,0.5699999928474426,0.5543688535690308,0
2023-07-28,0.5699999928474426,0.5699999928474426,0.5699999928474426,0.5699999928474426,0.5543688535690308,0
2023-07-31,0.5699999928474426,0.5699999928474426,0.5699999928474426,0.5699999928474426,0.5543688535690308,0
2023-08-01,0.6299999952316284,0.6299999952316284,0.6299999952316284,0.6299999952316284,0.6127234697341919,0
2023-08-02,0.5199999809265137,0.6499999761581421,0.5199999809265137,0.6499999761581421,0.6321749687194824,60000
2023-08-03,0.7200000286102295,0.7200000286102295,0.7200000286102295,0.7200000286102295,0.7002553939819336,0
2023-08-04,0.7200000286102295,0.7200000286102295,0.7200000286102295,0.7200000286102295,0.7002553939819336,0
2023-08-07,0.7200000286102295,0.7200000286102295,0.7200000286102295,0.7200000286102295,0.7002553939819336,0
2023-08-08,0.7200000286102295,0.7200000286102295,0.7200000286102295,0.7200000286102295,0.7002553939819336,0
2023-08-09,0.6299999952316284,0.6299999952316284,0.6299999952316284,0.6299999952316284,0.6127234697341919,0
2023-08-10,0.6299999952316284,0.6299999952316284,0.6299999952316284,0.6299999952316284,0.6127234697341919,0
2023-08-11,0.6299999952316284,0.6299999952316284,0.6299999952316284,0.6299999952316284,0.6127234697341919,0
2023-08-14,0.6299999952316284,0.6299999952316284,0.6299999952316284,0.6299999952316284,0.6127234697341919,0
2023-08-15,0.6600000262260437,0.6600000262260437,0.6600000262260437,0.6600000262260437,0.6419007778167725,0
2023-08-16,0.6800000071525574,0.6800000071525574,0.6800000071525574,0.6800000071525574,0.6613523364067078,0
2023-08-17,0.6800000071525574,0.6800000071525574,0.6800000071525574,0.6800000071525574,0.6613523364067078,0
2023-08-18,0.6800000071525574,0.6800000071525574,0.6800000071525574,0.6800000071525574,0.6613523364067078,0
2023-08-21,0.6000000238418579,0.6000000238418579,0.6000000238418579,0.6800000071525574,0.6613523364067078,10000
2023-08-22,0.6800000071525574,0.6800000071525574,0.6800000071525574,0.6800000071525574,0.6613523364067078,0
2023-08-23,0.6800000071525574,0.6800000071525574,0.6800000071525574,0.6800000071525574,0.6613523364067078,0
2023-08-24,0.6800000071525574,0.6800000071525574,0.6800000071525574,0.6800000071525574,0.6613523364067078,0
2023-08-25,0.6000000238418579,0.6000000238418579,0.6000000238418579,0.6000000238418579,0.5835461616516113,6000
2023-08-28,0.6000000238418579,0.6000000238418579,0.6000000238418579,0.6000000238418579,0.5835461616516113,0
2023-08-29,0.6000000238418579,0.6000000238418579,0.6000000238418579,0.6000000238418579,0.5835461616516113,0
2023-08-30,0.6000000238418579,0.6000000238418579,0.6000000238418579,0.6000000238418579,0.5835461616516113,0
2023-08-31,0.6000000238418579,0.6000000238418579,0.6000000238418579,0.6000000238418579,0.5835461616516113,0
2023-09-04,0.6000000238418579,0.6000000238418579,0.6000000238418579,0.6000000238418579,0.5835461616516113,0
2023-09-05,0.6000000238418579,0.6000000238418579,0.6000000238418579,0.6000000238418579,0.5835461616516113,0
2023-09-06,0.6000000238418579,0.6000000238418579,0.6000000238418579,0.6000000238418579,0.5835461616516113,0
2023-09-07,0.6000000238418579,0.6000000238418579,0.6000000238418579,0.6000000238418579,0.5835461616516113,0
2023-09-11,0.6000000238418579,0.6000000238418579,0.6000000238418579,0.6000000238418579,0.5835461616516113,0
2023-09-12,0.6000000238418579,0.6000000238418579,0.6000000238418579,0.6000000238418579,0.5835461616516113,0
2023-09-13,0.6000000238418579,0.6000000238418579,0.6000000238418579,0.6000000238418579,0.5835461616516113,0
2023-09-14,0.6000000238418579,0.6000000238418579,0.6000000238418579,0.6000000238418579,0.5835461616516113,0
2023-09-15,0.550000011920929,0.550000011920929,0.550000011920929,0.550000011920929,0.5349172949790955,0
2023-09-18,0.550000011920929,0.550000011920929,0.550000011920929,0.550000011920929,0.5349172949790955,0
2023-09-19,0.550000011920929,0.550000011920929,0.550000011920929,0.550000011920929,0.5349172949790955,4000
2023-09-20,0.550000011920929,0.550000011920929,0.550000011920929,0.550000011920929,0.5349172949790955,0
2023-09-21,0.550000011920929,0.550000011920929,0.550000011920929,0.550000011920929,0.5349172949790955,0
2023-09-22,0.550000011920929,0.550000011920929,0.550000011920929,0.550000011920929,0.5349172949790955,0
2023-09-25,0.550000011920929,0.550000011920929,0.550000011920929,0.550000011920929,0.5349172949790955,0
2023-09-26,0.550000011920929,0.550000011920929,0.550000011920929,0.550000011920929,0.5349172949790955,0
2023-09-27,0.550000011920929,0.550000011920929,0.550000011920929,0.550000011920929,0.5349172949790955,0
2023-09-28,0.550000011920929,0.550000011920929,0.550000011920929,0.550000011920929,0.5349172949790955,0
2023-09-29,0.550000011920929,0.550000011920929,0.550000011920929,0.550000011920929,0.5349172949790955,0
2023-10-03,0.550000011920929,0.550000011920929,0.550000011920929,0.550000011920929,0.5349172949790955,0
2023-10-04,0.550000011920929,0.550000011920929,0.550000011920929,0.550000011920929,0.5349172949790955,0
2023-10-05,0.550000011920929,0.550000011920929,0.550000011920929,0.550000011920929,0.5349172949790955,0
2023-10-06,0.550000011920929,0.550000011920929,0.550000011920929,0.550000011920929,0.5349172949790955,0
2023-10-09,0.550000011920929,0.550000011920929,0.550000011920929,0.550000011920929,0.5349172949790955,0
2023-10-10,0.550000011920929,0.550000011920929,0.550000011920929,0.550000011920929,0.5349172949790955,0
2023-10-11,0.550000011920929,0.550000011920929,0.550000011920929,0.550000011920929,0.5349172949790955,0
2023-10-12,0.550000011920929,0.550000011920929,0.550000011920929,0.550000011920929,0.5349172949790955,0
2023-10-13,0.550000011920929,0.550000011920929,0.550000011920929,0.550000011920929,0.5349172949790955,0
2023-10-16,0.550000011920929,0.550000011920929,0.550000011920929,0.550000011920929,0.5349172949790955,0
2023-10-17,0.550000011920929,0.550000011920929,0.550000011920929,0.550000011920929,0.5349172949790955,0
2023-10-18,0.550000011920929,0.550000011920929,0.550000011920929,0.550000011920929,0.5349172949790955,0
2023-10-19,0.550000011920929,0.550000011920929,0.550000011920929,0.550000011920929,0.5349172949790955,0
2023-10-20,0.550000011920929,0.550000011920929,0.550000011920929,0.550000011920929,0.5349172949790955,0
2023-10-24,0.550000011920929,0.550000011920929,0.550000011920929,0.550000011920929,0.5349172949790955,0
2023-10-25,0.550000011920929,0.550000011920929,0.550000011920929,0.550000011920929,0.5349172949790955,0
2023-10-26,0.550000011920929,0.550000011920929,0.550000011920929,0.550000011920929,0.5349172949790955,0
2023-10-27,0.550000011920929,0.550000011920929,0.550000011920929,0.550000011920929,0.5349172949790955,0
2023-10-30,0.550000011920929,0.550000011920929,0.550000011920929,0.550000011920929,0.5349172949790955,0
2023-10-31,0.550000011920929,0.550000011920929,0.550000011920929,0.550000011920929,0.5349172949790955,0
2023-11-01,0.550000011920929,0.550000011920929,0.550000011920929,0.550000011920929,0.5349172949790955,0
2023-11-02,0.550000011920929,0.550000011920929,0.550000011920929,0.550000011920929,0.5349172949790955,0
2023-11-03,0.550000011920929,0.550000011920929,0.550000011920929,0.550000011920929,0.5349172949790955,0
2023-11-06,0.550000011920929,0.550000011920929,0.550000011920929,0.550000011920929,0.5349172949790955,0
2023-11-07,0.550000011920929,0.550000011920929,0.550000011920929,0.550000011920929,0.5349172949790955,0
2023-11-08,0.550000011920929,0.550000011920929,0.550000011920929,0.550000011920929,0.5349172949790955,0
2023-11-09,0.550000011920929,0.550000011920929,0.550000011920929,0.550000011920929,0.5349172949790955,0
2023-11-10,0.550000011920929,0.550000011920929,0.550000011920929,0.550000011920929,0.5349172949790955,0
2023-11-13,0.550000011920929,0.550000011920929,0.550000011920929,0.550000011920929,0.5349172949790955,0
2023-11-14,0.550000011920929,0.550000011920929,0.550000011920929,0.550000011920929,0.5349172949790955,0
2023-11-15,0.5199999809265137,0.5199999809265137,0.5199999809265137,0.5199999809265137,0.5057399868965149,0
2023-11-16,0.5199999809265137,0.5199999809265137,0.5199999809265137,0.5199999809265137,0.5057399868965149,0
2023-11-17,0.5199999809265137,0.5199999809265137,0.5199999809265137,0.5199999809265137,0.5057399868965149,0
2023-11-20,0.5199999809265137,0.5199999809265137,0.5199999809265137,0.5199999809265137,0.5057399868965149,0
2023-11-21,0.5199999809265137,0.5199999809265137,0.5199999809265137,0.5199999809265137,0.5057399868965149,0
2023-11-22,0.5199999809265137,0.5199999809265137,0.5199999809265137,0.5199999809265137,0.5057399868965149,0
2023-11-23,0.5199999809265137,0.5199999809265137,0.5199999809265137,0.5199999809265137,0.5057399868965149,0
2023-11-24,0.5199999809265137,0.5199999809265137,0.5199999809265137,0.5199999809265137,0.5057399868965149,0
2023-11-27,0.5199999809265137,0.5199999809265137,0.5199999809265137,0.5199999809265137,0.5057399868965149,0
2023-11-28,0.5199999809265137,0.5199999809265137,0.5199999809265137,0.5199999809265137,0.5057399868965149,0
2023-11-29,0.5199999809265137,0.5199999809265137,0.5199999809265137,0.5199999809265137,0.5057399868965149,0
2023-11-30,0.5199999809265137,0.5199999809265137,0.5199999809265137,0.5199999809265137,0.5057399868965149,0
2023-12-01,0.5199999809265137,0.5199999809265137,0.5199999809265137,0.5199999809265137,0.5057399868965149,0
2023-12-04,0.5199999809265137,0.5199999809265137,0.5199999809265137,0.5199999809265137,0.5057399868965149,0
2023-12-05,0.5199999809265137,0.5199999809265137,0.5199999809265137,0.5199999809265137,0.5057399868965149,0
2023-12-06,0.5199999809265137,0.5199999809265137,0.5199999809265137,0.5199999809265137,0.5057399868965149,0
2023-12-07,0.5199999809265137,0.5199999809265137,0.5199999809265137,0.5199999809265137,0.5057399868965149,0
2023-12-08,0.5199999809265137,1.6799999475479126,0.5199999809265137,1.6799999475479126,1.6339291334152222,62000
2023-12-11,0.8999999761581421,1.1799999475479126,0.5799999833106995,0.6000000238418579,0.5835461616516113,236000
2023-12-12,0.550000011920929,0.550000011920929,0.550000011920929,0.550000011920929,0.5349172949790955,0
2023-12-13,0.5099999904632568,0.5099999904632568,0.5,0.5,0.486288458108902,22000
2023-12-14,0.5,0.5,0.5,0.5,0.486288458108902,0
2023-12-15,0.5,0.5,0.5,0.5,0.486288458108902,0
2023-12-18,0.5,0.5,0.5,0.5,0.486288458108902,0
2023-12-19,0.5,0.5,0.5,0.5,0.486288458108902,0
2023-12-20,0.5,0.5,0.5,0.5,0.486288458108902,0
2023-12-21,0.5,0.5,0.5,0.5,0.486288458108902,0
2023-12-22,0.5,0.5,0.5,0.5,0.486288458108902,0
2023-12-27,0.5,0.5,0.5,0.5,0.486288458108902,0
2023-12-28,0.5699999928474426,0.5699999928474426,0.5699999928474426,0.5699999928474426,0.5543688535690308,2000
2023-12-29,0.5699999928474426,0.5699999928474426,0.5699999928474426,0.5699999928474426,0.5543688535690308,0
2024-01-02,0.550000011920929,0.550000011920929,0.550000011920929,0.550000011920929,0.5349172949790955,0
2024-01-03,0.49000000953674316,0.49000000953674316,0.49000000953674316,0.49000000953674316,0.4765627086162567,0
2024-01-04,0.4950000047683716,0.4950000047683716,0.4950000047683716,0.4950000047683716,0.48142558336257935,0
2024-01-05,0.4950000047683716,0.4950000047683716,0.4950000047683716,0.4950000047683716,0.48142558336257935,0
2024-01-08,0.4950000047683716,0.4950000047683716,0.4950000047683716,0.4950000047683716,0.48142558336257935,0
2024-01-09,0.4950000047683716,0.4950000047683716,0.4950000047683716,0.4950000047683716,0.48142558336257935,0
2024-01-10,0.44999998807907104,0.44999998807907104,0.44999998807907104,0.44999998807907104,0.4376595914363861,0
2024-01-11,0.5199999809265137,0.5199999809265137,0.5199999809265137,0.5199999809265137,0.5057399868965149,0
2024-01-12,0.5199999809265137,0.5199999809265137,0.5199999809265137,0.5199999809265137,0.5057399868965149,0
2024-01-15,0.5199999809265137,0.5199999809265137,0.5199999809265137,0.5199999809265137,0.5057399868965149,0
2024-01-16,0.5199999809265137,0.5199999809265137,0.5199999809265137,0.5199999809265137,0.5057399868965149,0
2024-01-17,0.5199999809265137,0.5199999809265137,0.5199999809265137,0.5199999809265137,0.5057399868965149,0
2024-01-18,0.5199999809265137,0.5199999809265137,0.5199999809265137,0.5199999809265137,0.5057399868965149,0
2024-01-19,0.550000011920929,0.550000011920929,0.550000011920929,0.5400000214576721,0.5251915454864502,8000
2024-01-22,0.5400000214576721,0.5400000214576721,0.5400000214576721,0.5400000214576721,0.5251915454864502,0
2024-01-23,0.5400000214576721,0.5400000214576721,0.5400000214576721,0.5400000214576721,0.5251915454864502,0
2024-01-24,0.5400000214576721,0.5400000214576721,0.5400000214576721,0.5400000214576721,0.5251915454864502,0
2024-01-25,0.49000000953674316,0.49000000953674316,0.49000000953674316,0.4950000047683716,0.48142558336257935,20000
2024-01-26,0.4950000047683716,0.4950000047683716,0.4950000047683716,0.4950000047683716,0.48142558336257935,0
2024-01-29,0.4950000047683716,0.4950000047683716,0.4950000047683716,0.4950000047683716,0.48142558336257935,10000
2024-01-30,0.4950000047683716,0.4950000047683716,0.4950000047683716,0.4950000047683716,0.48142558336257935,0
2024-01-31,0.4950000047683716,0.4950000047683716,0.4950000047683716,0.4950000047683716,0.48142558336257935,0
2024-02-01,0.4950000047683716,0.4950000047683716,0.4950000047683716,0.4950000047683716,0.48142558336257935,0
2024-02-02,0.4950000047683716,0.4950000047683716,0.4950000047683716,0.4950000047683716,0.48142558336257935,0
2024-02-05,0.4950000047683716,0.4950000047683716,0.4950000047683716,0.4950000047683716,0.48142558336257935,0
2024-02-06,0.4950000047683716,0.4950000047683716,0.4950000047683716,0.4950000047683716,0.48142558336257935,0
2024-02-07,0.550000011920929,0.550000011920929,0.550000011920929,0.550000011920929,0.5349172949790955,20000
2024-02-08,0.550000011920929,0.550000011920929,0.550000011920929,0.550000011920929,0.5349172949790955,0
2024-02-09,0.550000011920929,0.550000011920929,0.550000011920929,0.550000011920929,0.5349172949790955,0
2024-02-14,0.550000011920929,0.550000011920929,0.550000011920929,0.550000011920929,0.5349172949790955,0
2024-02-15,0.550000011920929,0.550000011920929,0.550000011920929,0.550000011920929,0.5349172949790955,0
2024-02-16,0.550000011920929,0.550000011920929,0.550000011920929,0.550000011920929,0.5349172949790955,0
2024-02-19,0.5600000023841858,0.5600000023841858,0.5600000023841858,0.5600000023841858,0.5446431040763855,0
2024-02-20,0.5600000023841858,0.5600000023841858,0.5600000023841858,0.5600000023841858,0.5446431040763855,0
2024-02-21,0.5600000023841858,0.5600000023841858,0.5600000023841858,0.5600000023841858,0.5446431040763855,0
2024-02-22,0.5600000023841858,0.5600000023841858,0.5600000023841858,0.5600000023841858,0.5446431040763855,0
2024-02-23,0.5600000023841858,0.5600000023841858,0.5600000023841858,0.5600000023841858,0.5446431040763855,0
2024-02-26,0.5099999904632568,0.5099999904632568,0.5099999904632568,0.5099999904632568,0.49601420760154724,0
2024-02-27,0.44999998807907104,0.44999998807907104,0.44999998807907104,0.44999998807907104,0.4376595914363861,0
2024-02-28,0.44999998807907104,0.44999998807907104,0.44999998807907104,0.44999998807907104,0.4376595914363861,0
2024-02-29,0.41999998688697815,0.41999998688697815,0.41999998688697815,0.41999998688697815,0.40848228335380554,10000
2024-03-01,0.41999998688697815,0.41999998688697815,0.41999998688697815,0.41999998688697815,0.40848228335380554,0
2024-03-04,0.41999998688697815,0.41999998688697815,0.41999998688697815,0.41999998688697815,0.40848228335380554,0
2024-03-05,0.41999998688697815,0.41999998688697815,0.41999998688697815,0.41999998688697815,0.40848228335380554,0
2024-03-06,0.41999998688697815,0.41999998688697815,0.41999998688697815,0.41999998688697815,0.40848228335380554,0
2024-03-07,0.41999998688697815,0.41999998688697815,0.41999998688697815,0.41999998688697815,0.40848228335380554,0
2024-03-08,0.41999998688697815,0.41999998688697815,0.41999998688697815,0.41999998688697815,0.40848228335380554,0
2024-03-11,0.41999998688697815,0.41999998688697815,0.41999998688697815,0.41999998688697815,0.40848228335380554,0
2024-03-12,0.41999998688697815,0.41999998688697815,0.41999998688697815,0.41999998688697815,0.40848228335380554,0
2024-03-13,0.41999998688697815,0.41999998688697815,0.41999998688697815,0.41999998688697815,0.40848228335380554,0
2024-03-14,0.41999998688697815,0.41999998688697815,0.41999998688697815,0.41999998688697815,0.40848228335380554,0
2024-03-15,0.41999998688697815,0.41999998688697815,0.41999998688697815,0.41999998688697815,0.40848228335380554,0
2024-03-18,0.41999998688697815,0.41999998688697815,0.41999998688697815,0.41999998688697815,0.40848228335380554,0
2024-03-19,0.41999998688697815,0.41999998688697815,0.41999998688697815,0.41999998688697815,0.40848228335380554,0
2024-03-20,0.41999998688697815,0.41999998688697815,0.41999998688697815,0.41999998688697815,0.40848228335380554,0
2024-03-21,0.44999998807907104,0.44999998807907104,0.44999998807907104,0.44999998807907104,0.4376595914363861,0
2024-03-22,0.44999998807907104,0.44999998807907104,0.44999998807907104,0.44999998807907104,0.4376595914363861,0
2024-03-25,0.44999998807907104,0.44999998807907104,0.44999998807907104,0.44999998807907104,0.4376595914363861,0
2024-03-26,0.44999998807907104,0.44999998807907104,0.44999998807907104,0.44999998807907104,0.4376595914363861,0
2024-03-27,0.44999998807907104,0.44999998807907104,0.44999998807907104,0.44999998807907104,0.4376595914363861,0
2024-03-28,0.44999998807907104,0.44999998807907104,0.44999998807907104,0.44999998807907104,0.4376595914363861,0
2024-04-02,0.44999998807907104,0.44999998807907104,0.44999998807907104,0.44999998807907104,0.4376595914363861,0
2024-04-03,0.44999998807907104,0.44999998807907104,0.44999998807907104,0.44999998807907104,0.4376595914363861,0
2024-04-05,0.44999998807907104,0.44999998807907104,0.44999998807907104,0.44999998807907104,0.4376595914363861,0
2024-04-08,0.44999998807907104,0.44999998807907104,0.44999998807907104,0.44999998807907104,0.4376595914363861,0
2024-04-09,0.44999998807907104,0.44999998807907104,0.44999998807907104,0.44999998807907104,0.4376595914363861,0
2024-04-10,0.44999998807907104,0.44999998807907104,0.44999998807907104,0.44999998807907104,0.4376595914363861,0
2024-04-11,0.44999998807907104,0.44999998807907104,0.44999998807907104,0.44999998807907104,0.4376595914363861,0
2024-04-12,0.44999998807907104,0.44999998807907104,0.44999998807907104,0.44999998807907104,0.4376595914363861,0
2024-04-15,0.44999998807907104,0.44999998807907104,0.44999998807907104,0.44999998807907104,0.4376595914363861,0
2024-04-16,0.44999998807907104,0.44999998807907104,0.44999998807907104,0.44999998807907104,0.4376595914363861,0
2024-04-17,0.5199999809265137,0.5199999809265137,0.5199999809265137,0.5199999809265137,0.5057399868965149,2000
2024-04-18,0.5199999809265137,0.5199999809265137,0.5199999809265137,0.5199999809265137,0.5057399868965149,0
2024-04-19,0.5199999809265137,0.5199999809265137,0.5199999809265137,0.5199999809265137,0.5057399868965149,0
2024-04-22,0.5199999809265137,0.5199999809265137,0.5199999809265137,0.5199999809265137,0.5057399868965149,0
2024-04-23,0.5199999809265137,0.5199999809265137,0.5199999809265137,0.5199999809265137,0.5057399868965149,0
2024-04-24,0.5199999809265137,0.5199999809265137,0.5199999809265137,0.5199999809265137,0.5057399868965149,0
2024-04-25,0.5199999809265137,0.5199999809265137,0.5199999809265137,0.5199999809265137,0.5057399868965149,0
2024-04-26,0.5199999809265137,0.5199999809265137,0.5199999809265137,0.5199999809265137,0.5057399868965149,0
2024-04-29,0.5199999809265137,0.5199999809265137,0.5199999809265137,0.5199999809265137,0.5057399868965149,0
2024-04-30,0.5199999809265137,0.5199999809265137,0.5199999809265137,0.5199999809265137,0.5057399868965149,0
2024-05-02,0.48500001430511475,0.48500001430511475,0.48500001430511475,0.48500001430511475,0.4716998040676117,0
2024-05-03,0.44999998807907104,0.44999998807907104,0.44999998807907104,0.44999998807907104,0.4376595914363861,0
2024-05-06,0.44999998807907104,0.44999998807907104,0.44999998807907104,0.44999998807907104,0.4376595914363861,0
2024-05-07,0.550000011920929,0.550000011920929,0.550000011920929,0.550000011920929,0.5349172949790955,0
2024-05-08,0.550000011920929,0.550000011920929,0.550000011920929,0.550000011920929,0.5349172949790955,0
2024-05-09,0.75,0.75,0.75,0.75,0.7294327020645142,2000
2024-05-10,0.7400000095367432,0.7400000095367432,0.7400000095367432,0.7400000095367432,0.7197069525718689,0
2024-05-13,0.7400000095367432,0.7400000095367432,0.7400000095367432,0.7400000095367432,0.7197069525718689,0
2024-05-14,0.7400000095367432,0.7400000095367432,0.7400000095367432,0.7400000095367432,0.7197069525718689,0
2024-05-16,0.6899999976158142,0.6899999976158142,0.6899999976158142,0.6899999976158142,0.671078085899353,0
2024-05-17,0.8799999952316284,0.8799999952316284,0.8799999952316284,0.8799999952316284,0.8558676838874817,2000
2024-05-20,0.8100000023841858,0.8100000023841858,0.8100000023841858,0.8100000023841858,0.7877873182296753,0
2024-05-21,0.8100000023841858,0.8100000023841858,0.8100000023841858,0.8100000023841858,0.7877873182296753,60000
2024-05-22,0.8999999761581421,0.8999999761581421,0.550000011920929,0.5899999737739563,0.5738203525543213,46000
2024-05-23,0.5899999737739563,0.5899999737739563,0.5899999737739563,0.5899999737739563,0.5738203525543213,0
2024-05-24,0.5899999737739563,0.5899999737739563,0.5899999737739563,0.5899999737739563,0.5738203525543213,0
2024-05-27,0.5899999737739563,0.5899999737739563,0.5899999737739563,0.5899999737739563,0.5738203525543213,0
2024-05-28,0.5899999737739563,0.5899999737739563,0.5899999737739563,0.5899999737739563,0.5738203525543213,0
2024-05-29,0.5899999737739563,0.5899999737739563,0.5899999737739563,0.5899999737739563,0.5738203525543213,0
2024-05-30,0.5899999737739563,0.5899999737739563,0.5899999737739563,0.5899999737739563,0.5738203525543213,0
2024-05-31,0.5899999737739563,0.5899999737739563,0.5899999737739563,0.5899999737739563,0.5738203525543213,0
2024-06-03,0.7900000214576721,0.800000011920929,0.6200000047683716,0.6299999952316284,0.6127234697341919,52000
2024-06-04,0.800000011920929,0.800000011920929,0.6600000262260437,0.6600000262260437,0.6419007778167725,42000
2024-06-05,0.6600000262260437,0.6600000262260437,0.6600000262260437,0.6600000262260437,0.6419007778167725,0
2024-06-06,0.6600000262260437,0.6600000262260437,0.6600000262260437,0.6600000262260437,0.6419007778167725,0
2024-06-07,0.6499999761581421,0.6499999761581421,0.6499999761581421,0.6499999761581421,0.6321749687194824,0
2024-06-11,0.6499999761581421,0.6499999761581421,0.6499999761581421,0.6499999761581421,0.6321749687194824,0
2024-06-12,0.6499999761581421,0.6499999761581421,0.6499999761581421,0.6499999761581421,0.6321749687194824,0
2024-06-13,0.6499999761581421,0.6499999761581421,0.6499999761581421,0.6499999761581421,0.6321749687194824,0
2024-06-14,0.5199999809265137,0.5199999809265137,0.4950000047683716,0.5199999809265137,0.5057399868965149,50000
2024-06-17,0.5199999809265137,0.5199999809265137,0.5199999809265137,0.5199999809265137,0.5057399868965149,0
2024-06-18,0.5199999809265137,0.5199999809265137,0.5199999809265137,0.5199999809265137,0.5057399868965149,0
2024-06-19,0.5199999809265137,0.5199999809265137,0.5199999809265137,0.5199999809265137,0.5057399868965149,0
2024-06-20,0.5199999809265137,0.5199999809265137,0.5199999809265137,0.5199999809265137,0.5057399868965149,0
2024-06-21,0.5199999809265137,0.5199999809265137,0.5199999809265137,0.5199999809265137,0.5057399868965149,0
2024-06-24,0.5199999809265137,0.5199999809265137,0.5199999809265137,0.5199999809265137,0.5057399868965149,0
2024-06-25,0.5199999809265137,0.5199999809265137,0.5199999809265137,0.5199999809265137,0.5057399868965149,0
2024-06-26,0.5059999823570251,0.5059999823570251,0.5059999823570251,0.5059999823570251,0.5059999823570251,0
2024-06-27,0.5059999823570251,0.5059999823570251,0.5059999823570251,0.5059999823570251,0.5059999823570251,0
2024-06-28,0.5059999823570251,0.5059999823570251,0.5059999823570251,0.5059999823570251,0.5059999823570251,0
2024-07-02,0.5059999823570251,0.5059999823570251,0.5059999823570251,0.5059999823570251,0.5059999823570251,0
2024-07-03,0.5059999823570251,0.5059999823570251,0.5059999823570251,0.5059999823570251,0.5059999823570251,0
2024-07-04,0.4300000071525574,0.4300000071525574,0.4300000071525574,0.4300000071525574,0.4300000071525574,6000
2024-07-05,0.48500001430511475,0.48500001430511475,0.48500001430511475,0.48500001430511475,0.48500001430511475,0
2024-07-08,0.48500001430511475,0.48500001430511475,0.48500001430511475,0.48500001430511475,0.48500001430511475,0
2024-07-09,0.48500001430511475,0.48500001430511475,0.48500001430511475,0.48500001430511475,0.48500001430511475,0
2024-07-10,0.48500001430511475,0.48500001430511475,0.48500001430511475,0.48500001430511475,0.48500001430511475,0
2024-07-11,0.48500001430511475,0.48500001430511475,0.48500001430511475,0.48500001430511475,0.48500001430511475,0
2024-07-12,0.48500001430511475,0.48500001430511475,0.48500001430511475,0.48500001430511475,0.48500001430511475,0
2024-07-15,0.48500001430511475,0.48500001430511475,0.48500001430511475,0.48500001430511475,0.48500001430511475,0
2024-07-16,0.48500001430511475,0.48500001430511475,0.48500001430511475,0.48500001430511475,0.48500001430511475,0
2024-07-17,0.48500001430511475,0.48500001430511475,0.48500001430511475,0.48500001430511475,0.48500001430511475,0
2024-07-18,0.48500001430511475,0.48500001430511475,0.48500001430511475,0.48500001430511475,0.48500001430511475,0
2024-07-19,0.48500001430511475,0.48500001430511475,0.48500001430511475,0.48500001430511475,0.48500001430511475,0
2024-07-22,0.48500001430511475,0.48500001430511475,0.48500001430511475,0.48500001430511475,0.48500001430511475,0
2024-07-23,0.48500001430511475,0.48500001430511475,0.48500001430511475,0.48500001430511475,0.48500001430511475,0
2024-07-24,0.48500001430511475,0.48500001430511475,0.48500001430511475,0.48500001430511475,0.48500001430511475,0
2024-07-25,0.48500001430511475,0.48500001430511475,0.48500001430511475,0.48500001430511475,0.48500001430511475,0
2024-07-26,0.48500001430511475,0.48500001430511475,0.48500001430511475,0.48500001430511475,0.48500001430511475,0
2024-07-29,0.48500001430511475,0.48500001430511475,0.48500001430511475,0.48500001430511475,0.48500001430511475,0
2024-07-30,0.5,0.5,0.5,0.5,0.5,0
2024-07-31,0.5,0.5,0.5,0.5,0.5,0
2024-08-01,0.5,0.5,0.5,0.5,0.5,0
2024-08-02,0.5400000214576721,0.5400000214576721,0.5400000214576721,0.5400000214576721,0.5400000214576721,4000
2024-08-05,0.49000000953674316,0.49000000953674316,0.49000000953674316,0.49000000953674316,0.49000000953674316,4000
2024-08-06,0.49000000953674316,0.49000000953674316,0.49000000953674316,0.49000000953674316,0.49000000953674316,0
2024-08-07,0.550000011920929,0.550000011920929,0.550000011920929,0.550000011920929,0.550000011920929,0
2024-08-08,0.550000011920929,0.550000011920929,0.550000011920929,0.550000011920929,0.550000011920929,0
2024-08-09,0.550000011920929,0.550000011920929,0.550000011920929,0.550000011920929,0.550000011920929,0
2024-08-12,0.5799999833106995,0.5799999833106995,0.5799999833106995,0.5799999833106995,0.5799999833106995,0
2024-08-13,0.5600000023841858,0.5600000023841858,0.5600000023841858,0.5600000023841858,0.5600000023841858,2000
2024-08-14,0.6000000238418579,0.6000000238418579,0.6000000238418579,0.6000000238418579,0.6000000238418579,0
2024-08-15,0.5899999737739563,0.5899999737739563,0.5899999737739563,0.5899999737739563,0.5899999737739563,0
2024-08-16,0.550000011920929,0.6899999976158142,0.5199999809265137,0.6899999976158142,0.6899999976158142,415760
2024-08-19,0.75,0.75,0.75,0.75,0.75,0
2024-08-20,0.75,0.75,0.75,0.75,0.75,0
2024-08-21,0.75,0.75,0.75,0.75,0.75,0
2024-08-22,0.8199999928474426,0.8199999928474426,0.8199999928474426,0.8100000023841858,0.8100000023841858,10000
2024-08-23,0.800000011920929,0.800000011920929,0.800000011920929,0.800000011920929,0.800000011920929,0
2024-08-26,0.800000011920929,0.800000011920929,0.800000011920929,0.800000011920929,0.800000011920929,0
2024-08-27,0.8999999761581421,0.9599999785423279,0.75,0.8899999856948853,0.8899999856948853,396000
2024-08-28,0.8899999856948853,0.8899999856948853,0.8899999856948853,0.8899999856948853,0.8899999856948853,0
2024-08-29,0.8899999856948853,0.8899999856948853,0.8899999856948853,0.8899999856948853,0.8899999856948853,0
2024-08-30,0.8899999856948853,0.8899999856948853,0.8899999856948853,0.8899999856948853,0.8899999856948853,0
2024-09-02,0.699999988079071,0.699999988079071,0.699999988079071,0.699999988079071,0.699999988079071,2000
2024-09-03,0.6499999761581421,0.699999988079071,0.550000011920929,0.6399999856948853,0.6399999856948853,1074000
2024-09-04,0.7400000095367432,0.800000011920929,0.6200000047683716,0.6800000071525574,0.6800000071525574,996000
2024-09-05,0.6800000071525574,0.6800000071525574,0.6800000071525574,0.6800000071525574,0.6800000071525574,0
2024-09-09,0.5299999713897705,0.699999988079071,0.5299999713897705,0.6800000071525574,0.6800000071525574,1042000
2024-09-10,0.6800000071525574,0.6800000071525574,0.6800000071525574,0.6800000071525574,0.6800000071525574,0
2024-09-11,0.5699999928474426,0.6800000071525574,0.550000011920929,0.6100000143051147,0.6100000143051147,746000
2024-09-12,0.5799999833106995,0.5799999833106995,0.5799999833106995,0.5799999833106995,0.5799999833106995,0
2024-09-13,0.5799999833106995,0.5799999833106995,0.5799999833106995,0.5799999833106995,0.5799999833106995,0
2024-09-16,0.5600000023841858,0.6399999856948853,0.550000011920929,0.5699999928474426,0.5699999928474426,2022000
2024-09-17,0.5699999928474426,0.6200000047683716,0.5199999809265137,0.5199999809265137,0.5199999809265137,2552000
2024-09-19,0.5199999809265137,0.5699999928474426,0.5,0.5400000214576721,0.5400000214576721,1092000
2024-09-20,0.5400000214576721,0.550000011920929,0.5199999809265137,0.5199999809265137,0.5199999809265137,1378000
2024-09-23,0.5199999809265137,0.5199999809265137,0.5199999809265137,0.5199999809265137,0.5199999809265137,0
2024-09-24,0.5299999713897705,0.5699999928474426,0.5400000214576721,0.5699999928474426,0.5699999928474426,224000
2024-09-25,0.5400000214576721,0.6399999856948853,0.5400000214576721,0.5699999928474426,0.5699999928474426,1494000
2024-09-26,0.5899999737739563,0.6299999952316284,0.5899999737739563,0.6299999952316284,0.6299999952316284,116000
2024-09-27,0.6200000047683716,0.6200000047683716,0.5799999833106995,0.5799999833106995,0.5799999833106995,166000
2024-09-30,0.5799999833106995,0.6499999761581421,0.5600000023841858,0.5899999737739563,0.5899999737739563,2000000
2024-10-02,0.5899999737739563,0.6299999952316284,0.6000000238418579,0.6100000143051147,0.6100000143051147,76000
2024-10-03,0.6399999856948853,0.6499999761581421,0.5899999737739563,0.6299999952316284,0.6299999952316284,404000
2024-10-04,0.6000000238418579,0.6800000071525574,0.5699999928474426,0.6800000071525574,0.6800000071525574,1808000
2024-10-07,0.6899999976158142,0.6899999976158142,0.6700000166893005,0.6800000071525574,0.6800000071525574,112000
2024-10-08,0.6399999856948853,0.6399999856948853,0.6200000047683716,0.6200000047683716,0.6200000047683716,100000
2024-10-09,0.6200000047683716,0.6200000047683716,0.5799999833106995,0.5799999833106995,0.5799999833106995,232000
2024-10-10,0.5899999737739563,0.6800000071525574,0.5899999737739563,0.5899999737739563,0.5899999737739563,1352000
2024-10-14,0.6000000238418579,0.6100000143051147,0.6000000238418579,0.6000000238418579,0.6000000238418579,72000
2024-10-15,0.6000000238418579,0.6000000238418579,0.5899999737739563,0.5899999737739563,0.5899999737739563,28000
2024-10-16,0.5899999737739563,0.5899999737739563,0.5899999737739563,0.5899999737739563,0.5899999737739563,171200
2024-10-18,0.5600000023841858,0.6299999952316284,0.5400000214576721,0.5600000023841858,0.5600000023841858,1718000
