Date,Open,High,Low,Close,Adj Close,Volume
2000-01-04,0.7850000262260437,0.8700000047683716,0.7699999809265137,0.8349999785423279,0.38545987010002136,20300000
2000-01-05,0.7950000166893005,0.800000011920929,0.7400000095367432,0.75,0.3462214469909668,13920000
2000-01-06,0.7900000214576721,0.7900000214576721,0.6850000023841858,0.7350000143051147,0.33929699659347534,7212000
2000-01-07,0.7250000238418579,0.7599999904632568,0.7250000238418579,0.75,0.3462214469909668,6260000
2000-01-10,0.7749999761581421,0.800000011920929,0.7649999856948853,0.7799999713897705,0.36007025837898254,8032000
2000-01-11,0.7850000262260437,0.8199999928474426,0.7699999809265137,0.7799999713897705,0.36007025837898254,5772000
2000-01-12,0.7749999761581421,0.8199999928474426,0.75,0.8199999928474426,0.3785354197025299,8868000
2000-01-13,0.8100000023841858,0.8149999976158142,0.7950000166893005,0.800000011920929,0.3693028688430786,7688000
2000-01-14,0.800000011920929,0.800000011920929,0.7749999761581421,0.7950000166893005,0.3669946491718292,4660000
2000-01-17,0.8149999976158142,0.8949999809265137,0.7850000262260437,0.8849999904632568,0.4085412919521332,26592000
2000-01-18,0.8999999761581421,0.9049999713897705,0.8550000190734863,0.8550000190734863,0.39469248056411743,20756000
2000-01-19,0.8500000238418579,0.875,0.8299999833106995,0.8399999737739563,0.38776808977127075,8744000
2000-01-20,0.8550000190734863,0.8600000143051147,0.8100000023841858,0.8349999785423279,0.38545987010002136,3232000
2000-01-21,0.8450000286102295,0.8500000238418579,0.8100000023841858,0.8299999833106995,0.383151650428772,4176000
2000-01-24,0.8399999737739563,0.8500000238418579,0.8100000023841858,0.8349999785423279,0.38545987010002136,2692000
2000-01-25,0.824999988079071,0.8299999833106995,0.7799999713897705,0.8100000023841858,0.37391912937164307,9420000
2000-01-26,0.800000011920929,0.8399999737739563,0.7850000262260437,0.800000011920929,0.3693028688430786,14124000
2000-01-27,0.800000011920929,0.8050000071525574,0.7850000262260437,0.7850000262260437,0.3623785078525543,9612000
2000-01-28,0.7900000214576721,0.7900000214576721,0.7250000238418579,0.7250000238418579,0.33468082547187805,6676000
2000-01-31,0.7250000238418579,0.7549999952316284,0.7099999785423279,0.7400000095367432,0.34160515666007996,4700000
2000-02-01,0.75,0.7749999761581421,0.75,0.75,0.3462214469909668,11940000
2000-02-02,0.7699999809265137,0.7900000214576721,0.7649999856948853,0.7649999856948853,0.3531458377838135,4777066
2000-02-03,0.7749999761581421,0.7950000166893005,0.7649999856948853,0.7850000262260437,0.3623785078525543,1996000
2000-02-04,0.7850000262260437,0.7850000262260437,0.7850000262260437,0.7850000262260437,0.3623785078525543,0
2000-02-07,0.7850000262260437,0.7850000262260437,0.7850000262260437,0.7850000262260437,0.3623785078525543,0
2000-02-08,0.7749999761581421,0.7850000262260437,0.7599999904632568,0.7599999904632568,0.35083770751953125,1564000
2000-02-09,0.7599999904632568,0.7799999713897705,0.7400000095367432,0.7799999713897705,0.36007025837898254,3456000
2000-02-10,0.7900000214576721,0.7900000214576721,0.75,0.75,0.3462214469909668,3484000
2000-02-11,0.7699999809265137,0.7699999809265137,0.7099999785423279,0.7149999737739563,0.3300645053386688,4364000
2000-02-14,0.7149999737739563,0.7850000262260437,0.7099999785423279,0.7649999856948853,0.3531458377838135,6660000
2000-02-15,0.7649999856948853,0.800000011920929,0.7649999856948853,0.7799999713897705,0.36007025837898254,10272000
2000-02-16,0.800000011920929,0.800000011920929,0.7599999904632568,0.7599999904632568,0.35083770751953125,2376000
2000-02-17,0.7799999713897705,0.7799999713897705,0.75,0.7549999952316284,0.3485296666622162,2476000
2000-02-18,0.7549999952316284,0.7649999856948853,0.7450000047683716,0.7649999856948853,0.3531458377838135,3848000
2000-02-21,0.7450000047683716,0.7699999809265137,0.7450000047683716,0.7699999809265137,0.3554539978504181,4064000
2000-02-22,0.75,0.7799999713897705,0.7149999737739563,0.7599999904632568,0.35083770751953125,6356000
2000-02-23,0.7649999856948853,0.7900000214576721,0.7599999904632568,0.7749999761581421,0.3577621877193451,6224000
2000-02-24,0.7699999809265137,0.824999988079071,0.7699999809265137,0.8149999976158142,0.3762272894382477,28260000
2000-02-25,0.8299999833106995,0.8349999785423279,0.7549999952316284,0.7599999904632568,0.35083770751953125,6257000
2000-02-28,0.7400000095367432,0.7599999904632568,0.6949999928474426,0.699999988079071,0.3231399953365326,5628000
2000-02-29,0.7250000238418579,0.75,0.699999988079071,0.75,0.3462214469909668,4812000
2000-03-01,0.7549999952316284,0.7549999952316284,0.7250000238418579,0.7250000238418579,0.33468082547187805,2980000
2000-03-02,0.7200000286102295,0.7450000047683716,0.7200000286102295,0.7350000143051147,0.33929699659347534,3086000
2000-03-03,0.7400000095367432,0.7699999809265137,0.7400000095367432,0.7649999856948853,0.3531458377838135,3700000
2000-03-06,0.7799999713897705,0.8450000286102295,0.7599999904632568,0.8450000286102295,0.3900761604309082,18604000
2000-03-07,0.824999988079071,0.8450000286102295,0.7900000214576721,0.8199999928474426,0.3785354197025299,11860000
2000-03-08,0.7950000166893005,0.800000011920929,0.7749999761581421,0.7850000262260437,0.3623785078525543,2384000
2000-03-09,0.7649999856948853,0.824999988079071,0.7649999856948853,0.8100000023841858,0.37391912937164307,10624000
2000-03-10,0.8149999976158142,0.8450000286102295,0.7850000262260437,0.8299999833106995,0.383151650428772,13608000
2000-03-13,0.8149999976158142,0.824999988079071,0.7900000214576721,0.7950000166893005,0.3669946491718292,6024000
2000-03-14,0.7950000166893005,0.800000011920929,0.7649999856948853,0.7850000262260437,0.3623785078525543,1486666
2000-03-15,0.7749999761581421,0.824999988079071,0.7749999761581421,0.8100000023841858,0.37391912937164307,15516000
2000-03-16,0.8100000023841858,0.8199999928474426,0.7549999952316284,0.7900000214576721,0.36468666791915894,4788000
2000-03-17,0.7950000166893005,0.8299999833106995,0.7649999856948853,0.8199999928474426,0.3785354197025299,4088000
2000-03-20,0.824999988079071,0.824999988079071,0.7749999761581421,0.7950000166893005,0.3669946491718292,1420000
2000-03-21,0.7900000214576721,0.7900000214576721,0.7799999713897705,0.7900000214576721,0.36468666791915894,844000
2000-03-22,0.800000011920929,0.800000011920929,0.7699999809265137,0.7900000214576721,0.36468666791915894,2464000
2000-03-23,0.7950000166893005,0.7950000166893005,0.7649999856948853,0.7749999761581421,0.3577621877193451,1308000
2000-03-24,0.7699999809265137,0.7799999713897705,0.7649999856948853,0.7749999761581421,0.3577621877193451,2108000
2000-03-27,0.7450000047683716,0.7850000262260437,0.7450000047683716,0.7599999904632568,0.35083770751953125,2260000
2000-03-28,0.7649999856948853,0.7699999809265137,0.7549999952316284,0.7549999952316284,0.3485296666622162,1984000
2000-03-29,0.7549999952316284,0.7799999713897705,0.75,0.7799999713897705,0.36007025837898254,2760000
2000-03-30,0.7649999856948853,0.7649999856948853,0.7549999952316284,0.7599999904632568,0.35083770751953125,932000
2000-03-31,0.7599999904632568,0.7599999904632568,0.7350000143051147,0.7599999904632568,0.35083770751953125,2152000
2000-04-03,0.75,0.7549999952316284,0.7200000286102295,0.75,0.3462214469909668,1748000
2000-04-04,0.75,0.75,0.75,0.75,0.3462214469909668,0
2000-04-05,0.7400000095367432,0.7549999952316284,0.6700000166893005,0.7400000095367432,0.34160515666007996,4940000
2000-04-06,0.7649999856948853,0.7699999809265137,0.699999988079071,0.7300000190734863,0.3369889557361603,5112000
2000-04-07,0.7049999833106995,0.7450000047683716,0.7049999833106995,0.7200000286102295,0.33237266540527344,2660000
2000-04-10,0.7350000143051147,0.7400000095367432,0.7250000238418579,0.7250000238418579,0.33468082547187805,1600000
2000-04-11,0.7400000095367432,0.7400000095367432,0.7049999833106995,0.7250000238418579,0.33468082547187805,288000
2000-04-12,0.7300000190734863,0.7599999904632568,0.7300000190734863,0.7450000047683716,0.34391331672668457,2424000
2000-04-13,0.7400000095367432,0.7400000095367432,0.7200000286102295,0.7350000143051147,0.33929699659347534,524000
2000-04-14,0.7099999785423279,0.7250000238418579,0.6899999976158142,0.7250000238418579,0.33468082547187805,816000
2000-04-17,0.6600000262260437,0.699999988079071,0.5899999737739563,0.6449999809265137,0.29775041341781616,1208000
2000-04-18,0.675000011920929,0.6800000071525574,0.6200000047683716,0.6449999809265137,0.29775041341781616,1200000
2000-04-19,0.6399999856948853,0.6549999713897705,0.6200000047683716,0.6299999952316284,0.29082605242729187,1696000
2000-04-20,0.6499999761581421,0.6499999761581421,0.5950000286102295,0.6299999952316284,0.29082605242729187,1076000
2000-04-21,0.6299999952316284,0.6299999952316284,0.6299999952316284,0.6299999952316284,0.29082605242729187,0
2000-04-24,0.6299999952316284,0.6299999952316284,0.6299999952316284,0.6299999952316284,0.29082605242729187,0
2000-04-25,0.6399999856948853,0.6399999856948853,0.6100000143051147,0.6200000047683716,0.28620970249176025,352000
2000-04-26,0.6349999904632568,0.6399999856948853,0.6150000095367432,0.625,0.28851789236068726,1196000
2000-04-27,0.6050000190734863,0.6899999976158142,0.6050000190734863,0.6899999976158142,0.3185238540172577,2056000
2000-04-28,0.6850000023841858,0.6899999976158142,0.6499999761581421,0.6800000071525574,0.3139074146747589,1820000
2000-05-01,0.6800000071525574,0.6800000071525574,0.6800000071525574,0.6800000071525574,0.3139074146747589,0
2000-05-02,0.699999988079071,0.699999988079071,0.6600000262260437,0.6700000166893005,0.3092910647392273,700000
2000-05-03,0.6850000023841858,0.6850000023841858,0.6499999761581421,0.6800000071525574,0.3139074146747589,280000
2000-05-04,0.6700000166893005,0.6700000166893005,0.6349999904632568,0.6600000262260437,0.30467504262924194,976000
2000-05-05,0.6549999713897705,0.7200000286102295,0.6299999952316284,0.7200000286102295,0.33237266540527344,9240000
2000-05-08,0.7250000238418579,0.7250000238418579,0.6650000214576721,0.6850000023841858,0.31621548533439636,1700000
2000-05-09,0.6850000023841858,0.6850000023841858,0.6850000023841858,0.6850000023841858,0.31621548533439636,0
2000-05-10,0.6399999856948853,0.6800000071525574,0.6349999904632568,0.6800000071525574,0.3139074146747589,2428000
2000-05-11,0.6800000071525574,0.6800000071525574,0.6800000071525574,0.6800000071525574,0.3139074146747589,0
2000-05-12,0.6549999713897705,0.699999988079071,0.6399999856948853,0.6949999928474426,0.32083189487457275,1228000
2000-05-15,0.7099999785423279,0.7099999785423279,0.6700000166893005,0.6949999928474426,0.32083189487457275,744000
2000-05-16,0.699999988079071,0.699999988079071,0.675000011920929,0.6949999928474426,0.32083189487457275,280000
2000-05-17,0.699999988079071,0.699999988079071,0.6700000166893005,0.6899999976158142,0.3185238540172577,808000
2000-05-18,0.6850000023841858,0.7049999833106995,0.6650000214576721,0.7049999833106995,0.325448215007782,3556000
2000-05-19,0.7049999833106995,0.7099999785423279,0.6850000023841858,0.699999988079071,0.3231399953365326,1688000
2000-05-22,0.6949999928474426,0.6949999928474426,0.6449999809265137,0.6449999809265137,0.29775041341781616,908000
2000-05-23,0.6850000023841858,0.6899999976158142,0.6499999761581421,0.675000011920929,0.31159937381744385,1052000
2000-05-24,0.6650000214576721,0.6650000214576721,0.625,0.6449999809265137,0.29775041341781616,264000
2000-05-25,0.6499999761581421,0.6549999713897705,0.5849999785423279,0.6000000238418579,0.27697718143463135,1220000
2000-05-26,0.5849999785423279,0.5849999785423279,0.5099999904632568,0.5699999928474426,0.2631283104419708,9648000
2000-05-29,0.5450000166893005,0.5899999737739563,0.5450000166893005,0.5899999737739563,0.2723608613014221,1312000
2000-05-30,0.5899999737739563,0.5899999737739563,0.5899999737739563,0.5899999737739563,0.2723608613014221,0
2000-05-31,0.574999988079071,0.6050000190734863,0.5649999976158142,0.6000000238418579,0.27697718143463135,860000
2000-06-01,0.5950000286102295,0.5950000286102295,0.574999988079071,0.5950000286102295,0.27466902136802673,436000
2000-06-02,0.5600000023841858,0.6100000143051147,0.5600000023841858,0.5849999785423279,0.2700527012348175,684000
2000-06-05,0.5649999976158142,0.6349999904632568,0.5649999976158142,0.625,0.28851789236068726,5644000
2000-06-06,0.625,0.625,0.625,0.625,0.28851789236068726,0
2000-06-07,0.6200000047683716,0.6449999809265137,0.6100000143051147,0.6200000047683716,0.28620970249176025,4396000
2000-06-08,0.6299999952316284,0.6299999952316284,0.5849999785423279,0.5849999785423279,0.2700527012348175,3024000
2000-06-09,0.6200000047683716,0.6200000047683716,0.5849999785423279,0.6000000238418579,0.27697718143463135,1564000
2000-06-12,0.5899999737739563,0.5899999737739563,0.5799999833106995,0.5899999737739563,0.2723608613014221,724000
2000-06-13,0.5849999785423279,0.5849999785423279,0.5799999833106995,0.5849999785423279,0.2700527012348175,712000
2000-06-14,0.5799999833106995,0.6000000238418579,0.5799999833106995,0.6000000238418579,0.27697718143463135,1304000
2000-06-15,0.5950000286102295,0.5950000286102295,0.5849999785423279,0.5899999737739563,0.2723608613014221,1400000
2000-06-16,0.6000000238418579,0.6000000238418579,0.5550000071525574,0.5649999976158142,0.260820209980011,3964000
2000-06-19,0.5649999976158142,0.5649999976158142,0.550000011920929,0.5600000023841858,0.25851204991340637,3720000
2000-06-20,0.5450000166893005,0.5649999976158142,0.5450000166893005,0.5649999976158142,0.260820209980011,708000
2000-06-21,0.5649999976158142,0.574999988079071,0.5649999976158142,0.574999988079071,0.26543644070625305,1264000
2000-06-22,0.5699999928474426,0.5699999928474426,0.5550000071525574,0.5699999928474426,0.2631283104419708,1116000
2000-06-23,0.5600000023841858,0.5699999928474426,0.550000011920929,0.5699999928474426,0.2631283104419708,432000
2000-06-26,0.5649999976158142,0.5849999785423279,0.5649999976158142,0.5849999785423279,0.2700527012348175,2240000
2000-06-27,0.574999988079071,0.574999988079071,0.5550000071525574,0.5649999976158142,0.260820209980011,1356000
2000-06-28,0.5550000071525574,0.5649999976158142,0.5550000071525574,0.5649999976158142,0.260820209980011,628000
2000-06-29,0.5649999976158142,0.5799999833106995,0.5600000023841858,0.5600000023841858,0.25851204991340637,612000
2000-06-30,0.5550000071525574,0.5600000023841858,0.5550000071525574,0.5600000023841858,0.25851204991340637,548000
2000-07-03,0.5699999928474426,0.5699999928474426,0.5550000071525574,0.5649999976158142,0.260820209980011,616000
2000-07-04,0.5649999976158142,0.5649999976158142,0.5450000166893005,0.5600000023841858,0.25851204991340637,2040000
2000-07-05,0.5550000071525574,0.5699999928474426,0.5550000071525574,0.5699999928474426,0.2631283104419708,1928000
2000-07-06,0.5600000023841858,0.5649999976158142,0.550000011920929,0.5600000023841858,0.25851204991340637,1708000
2000-07-07,0.5699999928474426,0.5699999928474426,0.5550000071525574,0.5649999976158142,0.260820209980011,824000
2000-07-10,0.5649999976158142,0.5799999833106995,0.5600000023841858,0.574999988079071,0.26543644070625305,3140000
2000-07-11,0.574999988079071,0.5849999785423279,0.5649999976158142,0.5849999785423279,0.2700527012348175,3216000
2000-07-12,0.5699999928474426,0.6000000238418579,0.5699999928474426,0.5899999737739563,0.2723608613014221,3784000
2000-07-13,0.6050000190734863,0.6100000143051147,0.5849999785423279,0.5950000286102295,0.27466902136802673,10668000
2000-07-14,0.625,0.625,0.574999988079071,0.574999988079071,0.26543644070625305,9464000
2000-07-17,0.5699999928474426,0.5699999928474426,0.5600000023841858,0.5699999928474426,0.2631283104419708,2368000
2000-07-18,0.550000011920929,0.5649999976158142,0.550000011920929,0.5550000071525574,0.25620388984680176,1964000
2000-07-19,0.550000011920929,0.5649999976158142,0.550000011920929,0.5550000071525574,0.25620388984680176,1964000
2000-07-20,0.5550000071525574,0.5649999976158142,0.5550000071525574,0.5649999976158142,0.260820209980011,1592000
2000-07-21,0.5649999976158142,0.5649999976158142,0.550000011920929,0.5600000023841858,0.25851204991340637,3564000
2000-07-24,0.550000011920929,0.5600000023841858,0.5400000214576721,0.5550000071525574,0.25620388984680176,1044000
2000-07-25,0.5600000023841858,0.5799999833106995,0.5450000166893005,0.5450000166893005,0.2515875995159149,920000
2000-07-26,0.5450000166893005,0.5550000071525574,0.5450000166893005,0.5550000071525574,0.25620388984680176,1172000
2000-07-27,0.5649999976158142,0.574999988079071,0.5600000023841858,0.5600000023841858,0.25851204991340637,1172000
2000-07-28,0.5550000071525574,0.5550000071525574,0.5249999761581421,0.5350000262260437,0.24697130918502808,2764000
2000-07-31,0.5450000166893005,0.550000011920929,0.5299999713897705,0.550000011920929,0.25389572978019714,11280000
2000-08-01,0.550000011920929,0.550000011920929,0.550000011920929,0.550000011920929,0.25389572978019714,0
2000-08-02,0.550000011920929,0.550000011920929,0.5199999809265137,0.5400000214576721,0.2492794245481491,8748000
2000-08-03,0.5350000262260437,0.5699999928474426,0.5249999761581421,0.5649999976158142,0.260820209980011,8088276
2000-08-04,0.574999988079071,0.5950000286102295,0.5600000023841858,0.5950000286102295,0.27466902136802673,7976000
2000-08-07,0.5950000286102295,0.5950000286102295,0.5799999833106995,0.5799999833106995,0.2677445709705353,3832000
2000-08-08,0.5849999785423279,0.5899999737739563,0.5699999928474426,0.5799999833106995,0.2677445709705353,7364000
2000-08-09,0.574999988079071,0.5799999833106995,0.5550000071525574,0.5649999976158142,0.260820209980011,4496000
2000-08-10,0.5699999928474426,0.5699999928474426,0.5450000166893005,0.5699999928474426,0.2631283104419708,5804000
2000-08-11,0.5649999976158142,0.574999988079071,0.5400000214576721,0.574999988079071,0.26543644070625305,7088000
2000-08-14,0.5799999833106995,0.5799999833106995,0.5649999976158142,0.5649999976158142,0.260820209980011,1700000
2000-08-15,0.5649999976158142,0.5649999976158142,0.550000011920929,0.550000011920929,0.25389572978019714,880000
2000-08-16,0.5649999976158142,0.5649999976158142,0.5550000071525574,0.5649999976158142,0.260820209980011,2220000
2000-08-17,0.5550000071525574,0.574999988079071,0.550000011920929,0.574999988079071,0.26543644070625305,2788000
2000-08-18,0.574999988079071,0.5799999833106995,0.5600000023841858,0.5600000023841858,0.25851204991340637,1696000
2000-08-21,0.5699999928474426,0.5699999928474426,0.5649999976158142,0.5649999976158142,0.260820209980011,3704000
2000-08-22,0.5699999928474426,0.5699999928474426,0.5600000023841858,0.5649999976158142,0.260820209980011,2356000
2000-08-23,0.5600000023841858,0.5799999833106995,0.550000011920929,0.5699999928474426,0.27278441190719604,2452000
2000-08-24,0.5649999976158142,0.5699999928474426,0.5550000071525574,0.5699999928474426,0.27278441190719604,1012000
2000-08-25,0.5600000023841858,0.5600000023841858,0.5400000214576721,0.5600000023841858,0.26799866557121277,2928000
2000-08-28,0.5550000071525574,0.5600000023841858,0.550000011920929,0.5550000071525574,0.2656059265136719,1424000
2000-08-29,0.550000011920929,0.5550000071525574,0.5450000166893005,0.550000011920929,0.26321303844451904,1456000
2000-08-30,0.5550000071525574,0.5550000071525574,0.5450000166893005,0.5550000071525574,0.2656059265136719,2856000
2000-08-31,0.5450000166893005,0.5799999833106995,0.5450000166893005,0.5699999928474426,0.27278441190719604,3596000
2000-09-01,0.5649999976158142,0.5649999976158142,0.550000011920929,0.5600000023841858,0.26799866557121277,564000
2000-09-04,0.5600000023841858,0.574999988079071,0.550000011920929,0.550000011920929,0.26321303844451904,1408000
2000-09-05,0.5600000023841858,0.5600000023841858,0.5450000166893005,0.5550000071525574,0.2656059265136719,1444000
2000-09-06,0.5550000071525574,0.5550000071525574,0.5450000166893005,0.550000011920929,0.26321303844451904,1472000
2000-09-07,0.5400000214576721,0.5450000166893005,0.5400000214576721,0.5450000166893005,0.2608202397823334,664000
2000-09-08,0.550000011920929,0.550000011920929,0.5400000214576721,0.5400000214576721,0.2584274411201477,2516000
2000-09-11,0.5350000262260437,0.5400000214576721,0.5350000262260437,0.5350000262260437,0.2560345232486725,636000
2000-09-12,0.5299999713897705,0.5350000262260437,0.5249999761581421,0.5350000262260437,0.2560345232486725,1184000
2000-09-13,0.5350000262260437,0.5350000262260437,0.5350000262260437,0.5350000262260437,0.2560345232486725,0
2000-09-14,0.5249999761581421,0.5299999713897705,0.5199999809265137,0.5249999761581421,0.2512487471103668,708000
2000-09-15,0.5249999761581421,0.5299999713897705,0.5199999809265137,0.5299999713897705,0.25364166498184204,428000
2000-09-18,0.5149999856948853,0.5149999856948853,0.5,0.5149999856948853,0.24646306037902832,1476000
2000-09-19,0.5,0.5249999761581421,0.4950000047683716,0.5099999904632568,0.24407024681568146,4172000
2000-09-20,0.5099999904632568,0.5149999856948853,0.5099999904632568,0.5149999856948853,0.24646306037902832,2440000
2000-09-21,0.5,0.5099999904632568,0.5,0.5099999904632568,0.24407024681568146,1384000
2000-09-22,0.5,0.5,0.4749999940395355,0.5,0.23928458988666534,1541332
2000-09-25,0.5,0.5400000214576721,0.5,0.5400000214576721,0.2584274411201477,2064000
2000-09-26,0.5249999761581421,0.5400000214576721,0.5149999856948853,0.5400000214576721,0.2584274411201477,2980000
2000-09-27,0.5149999856948853,0.5199999809265137,0.5049999952316284,0.5049999952316284,0.241677388548851,2064000
2000-09-28,0.5149999856948853,0.5149999856948853,0.5,0.5,0.23928458988666534,840000
2000-09-29,0.5099999904632568,0.5350000262260437,0.5049999952316284,0.5350000262260437,0.2560345232486725,2176000
2000-10-02,0.5350000262260437,0.5350000262260437,0.5350000262260437,0.5350000262260437,0.2560345232486725,0
2000-10-03,0.5099999904632568,0.5099999904632568,0.5,0.5049999952316284,0.241677388548851,332000
2000-10-04,0.5049999952316284,0.5099999904632568,0.5,0.5049999952316284,0.241677388548851,2412000
2000-10-05,0.5099999904632568,0.5099999904632568,0.5,0.5099999904632568,0.24407024681568146,324000
2000-10-06,0.5099999904632568,0.5099999904632568,0.5099999904632568,0.5099999904632568,0.24407024681568146,0
2000-10-09,0.5,0.5049999952316284,0.4950000047683716,0.5,0.23928458988666534,1104000
2000-10-10,0.49000000953674316,0.4950000047683716,0.47999998927116394,0.47999998927116394,0.22971315681934357,492000
2000-10-11,0.5,0.5,0.47999998927116394,0.49000000953674316,0.23449887335300446,840000
2000-10-12,0.49000000953674316,0.49000000953674316,0.45500001311302185,0.49000000953674316,0.23449887335300446,6852000
2000-10-13,0.4749999940395355,0.48500001430511475,0.45500001311302185,0.4699999988079071,0.22492749989032745,2476000
2000-10-16,0.4699999988079071,0.4699999988079071,0.4699999988079071,0.4699999988079071,0.22492749989032745,0
2000-10-17,0.4650000035762787,0.4699999988079071,0.44999998807907104,0.4699999988079071,0.22492749989032745,724000
2000-10-18,0.46000000834465027,0.46000000834465027,0.4449999928474426,0.44999998807907104,0.21535606682300568,1040000
2000-10-19,0.4399999976158142,0.4449999928474426,0.42500001192092896,0.4449999928474426,0.21296323835849762,2220000
2000-10-20,0.45500001311302185,0.4650000035762787,0.45500001311302185,0.46000000834465027,0.2201416939496994,1888000
2000-10-23,0.46000000834465027,0.4650000035762787,0.45500001311302185,0.46000000834465027,0.2201416939496994,732000
2000-10-24,0.45500001311302185,0.45500001311302185,0.44999998807907104,0.44999998807907104,0.21535606682300568,740000
2000-10-25,0.46000000834465027,0.46000000834465027,0.44999998807907104,0.45500001311302185,0.21774893999099731,500000
2000-10-26,0.44999998807907104,0.45500001311302185,0.44999998807907104,0.45500001311302185,0.21774893999099731,580000
2000-10-27,0.45500001311302185,0.45500001311302185,0.45500001311302185,0.45500001311302185,0.21774893999099731,0
2000-10-30,0.46000000834465027,0.46000000834465027,0.44999998807907104,0.44999998807907104,0.21535606682300568,220000
2000-10-31,0.46000000834465027,0.46000000834465027,0.44999998807907104,0.46000000834465027,0.2201416939496994,344000
2000-11-01,0.46000000834465027,0.4699999988079071,0.46000000834465027,0.4699999988079071,0.22492749989032745,1156000
2000-11-02,0.4650000035762787,0.47999998927116394,0.45500001311302185,0.45500001311302185,0.21774893999099731,664000
2000-11-03,0.45500001311302185,0.46000000834465027,0.45500001311302185,0.45500001311302185,0.21774893999099731,904000
2000-11-06,0.45500001311302185,0.45500001311302185,0.45500001311302185,0.45500001311302185,0.21774893999099731,80000
2000-11-07,0.4699999988079071,0.47999998927116394,0.46000000834465027,0.47999998927116394,0.22971315681934357,2200000
2000-11-08,0.44999998807907104,0.47999998927116394,0.44999998807907104,0.47999998927116394,0.22971315681934357,248000
2000-11-09,0.4650000035762787,0.4699999988079071,0.45500001311302185,0.4699999988079071,0.22492749989032745,728000
2000-11-10,0.4699999988079071,0.4699999988079071,0.46000000834465027,0.4699999988079071,0.22492749989032745,488000
2000-11-13,0.46000000834465027,0.4650000035762787,0.46000000834465027,0.4650000035762787,0.22253456711769104,220000
2000-11-14,0.46000000834465027,0.4650000035762787,0.46000000834465027,0.4650000035762787,0.22253456711769104,272000
2000-11-15,0.46000000834465027,0.46000000834465027,0.44999998807907104,0.44999998807907104,0.21535606682300568,576000
2000-11-16,0.46000000834465027,0.46000000834465027,0.4449999928474426,0.46000000834465027,0.2201416939496994,440000
2000-11-17,0.4300000071525574,0.46000000834465027,0.4300000071525574,0.46000000834465027,0.2201416939496994,1480000
2000-11-20,0.46000000834465027,0.46000000834465027,0.4449999928474426,0.4449999928474426,0.21296323835849762,552000
2000-11-21,0.4399999976158142,0.4399999976158142,0.4399999976158142,0.4399999976158142,0.2105703353881836,1964000
2000-11-22,0.4399999976158142,0.4399999976158142,0.4350000023841858,0.4350000023841858,0.20817752182483673,1220000
2000-11-23,0.4399999976158142,0.4449999928474426,0.42500001192092896,0.4449999928474426,0.21296323835849762,96000
2000-11-24,0.4449999928474426,0.4449999928474426,0.4449999928474426,0.4449999928474426,0.21296323835849762,4000
2000-11-27,0.4399999976158142,0.4399999976158142,0.4300000071525574,0.4350000023841858,0.20817752182483673,1028000
2000-11-28,0.4300000071525574,0.4350000023841858,0.4300000071525574,0.4350000023841858,0.20817752182483673,868000
2000-11-29,0.42500001192092896,0.42500001192092896,0.42500001192092896,0.42500001192092896,0.2033919095993042,4000
2000-11-30,0.4350000023841858,0.4350000023841858,0.42500001192092896,0.4350000023841858,0.20817752182483673,552000
2000-12-01,0.4350000023841858,0.4350000023841858,0.4300000071525574,0.4350000023841858,0.20817752182483673,556000
2000-12-04,0.4350000023841858,0.44999998807907104,0.42500001192092896,0.42500001192092896,0.2033919095993042,380000
2000-12-05,0.42500001192092896,0.42500001192092896,0.4050000011920929,0.4050000011920929,0.19382049143314362,1520000
2000-12-06,0.4099999964237213,0.41499999165534973,0.4000000059604645,0.4000000059604645,0.19142763316631317,1304000
2000-12-07,0.4000000059604645,0.4099999964237213,0.39500001072883606,0.4000000059604645,0.19142763316631317,1472000
2000-12-08,0.4000000059604645,0.41499999165534973,0.4000000059604645,0.4050000011920929,0.19382049143314362,5732000
2000-12-11,0.4000000059604645,0.42500001192092896,0.4000000059604645,0.42500001192092896,0.2033919095993042,1056000
2000-12-12,0.42500001192092896,0.42500001192092896,0.41999998688697815,0.41999998688697815,0.20099902153015137,384000
2000-12-13,0.41999998688697815,0.4300000071525574,0.41999998688697815,0.41999998688697815,0.20099902153015137,308000
2000-12-14,0.41999998688697815,0.4449999928474426,0.41999998688697815,0.4449999928474426,0.21296323835849762,1084000
2000-12-15,0.44999998807907104,0.44999998807907104,0.41999998688697815,0.42500001192092896,0.2033919095993042,984000
2000-12-18,0.41999998688697815,0.4350000023841858,0.41999998688697815,0.4300000071525574,0.20578467845916748,668000
2000-12-19,0.4350000023841858,0.4350000023841858,0.41999998688697815,0.41999998688697815,0.20099902153015137,1208000
2000-12-20,0.41999998688697815,0.4300000071525574,0.41499999165534973,0.41499999165534973,0.1986061930656433,1408000
2000-12-21,0.42500001192092896,0.4300000071525574,0.41999998688697815,0.4300000071525574,0.20578467845916748,1440000
2000-12-22,0.4350000023841858,0.4449999928474426,0.4350000023841858,0.4449999928474426,0.21296323835849762,1708000
2000-12-25,0.4449999928474426,0.4449999928474426,0.4449999928474426,0.4449999928474426,0.21296323835849762,0
2000-12-26,0.4449999928474426,0.4449999928474426,0.4449999928474426,0.4449999928474426,0.21296323835849762,0
2000-12-27,0.4449999928474426,0.4449999928474426,0.4350000023841858,0.4350000023841858,0.20817752182483673,1092000
2000-12-28,0.4399999976158142,0.4399999976158142,0.4350000023841858,0.4350000023841858,0.20817752182483673,620000
2000-12-29,0.41499999165534973,0.4350000023841858,0.41499999165534973,0.41999998688697815,0.20333626866340637,224000
2001-01-01,0.41999998688697815,0.41999998688697815,0.41999998688697815,0.41999998688697815,0.20333626866340637,0
2001-01-02,0.4099999964237213,0.4300000071525574,0.4099999964237213,0.4300000071525574,0.20817752182483673,112000
2001-01-03,0.4300000071525574,0.4300000071525574,0.4300000071525574,0.4300000071525574,0.20817752182483673,80000
2001-01-04,0.4399999976158142,0.4399999976158142,0.42500001192092896,0.42500001192092896,0.20575685799121857,572000
2001-01-05,0.42500001192092896,0.4399999976158142,0.41499999165534973,0.42500001192092896,0.20575685799121857,844000
2001-01-08,0.4050000011920929,0.41499999165534973,0.4050000011920929,0.41499999165534973,0.20091556012630463,40000
2001-01-09,0.41999998688697815,0.41999998688697815,0.41499999165534973,0.41499999165534973,0.20091556012630463,168000
2001-01-10,0.4000000059604645,0.4000000059604645,0.4000000059604645,0.4000000059604645,0.19365353882312775,64000
2001-01-11,0.4099999964237213,0.4099999964237213,0.4099999964237213,0.4099999964237213,0.19849488139152527,208000
2001-01-12,0.4099999964237213,0.4399999976158142,0.4099999964237213,0.4300000071525574,0.20817752182483673,264000
2001-01-15,0.4350000023841858,0.4350000023841858,0.41499999165534973,0.41499999165534973,0.20091556012630463,1340000
2001-01-16,0.4050000011920929,0.41999998688697815,0.4000000059604645,0.41999998688697815,0.20333626866340637,1960000
2001-01-17,0.41999998688697815,0.41999998688697815,0.4000000059604645,0.41499999165534973,0.20091556012630463,240000
2001-01-18,0.41999998688697815,0.41999998688697815,0.4000000059604645,0.4000000059604645,0.19365353882312775,200000
2001-01-19,0.4000000059604645,0.42500001192092896,0.4000000059604645,0.42500001192092896,0.20575685799121857,2788000
2001-01-22,0.4099999964237213,0.4399999976158142,0.4099999964237213,0.42500001192092896,0.20575685799121857,468000
2001-01-23,0.4399999976158142,0.4449999928474426,0.4399999976158142,0.4449999928474426,0.215439572930336,740000
2001-01-24,0.4449999928474426,0.4449999928474426,0.4449999928474426,0.4449999928474426,0.215439572930336,0
2001-01-25,0.4449999928474426,0.4449999928474426,0.4449999928474426,0.4449999928474426,0.215439572930336,0
2001-01-26,0.4449999928474426,0.4449999928474426,0.4449999928474426,0.4449999928474426,0.215439572930336,0
2001-01-29,0.4449999928474426,0.4449999928474426,0.4449999928474426,0.4449999928474426,0.215439572930336,576000
2001-01-30,0.4449999928474426,0.4449999928474426,0.4399999976158142,0.4399999976158142,0.21301887929439545,89600
2001-01-31,0.4399999976158142,0.4399999976158142,0.4050000011920929,0.42500001192092896,0.20575685799121857,1350000
2001-02-01,0.41999998688697815,0.41999998688697815,0.4099999964237213,0.4099999964237213,0.19849488139152527,684000
2001-02-02,0.41499999165534973,0.41999998688697815,0.4099999964237213,0.4099999964237213,0.19849488139152527,584000
2001-02-05,0.4050000011920929,0.41999998688697815,0.4050000011920929,0.41999998688697815,0.20333626866340637,401400
2001-02-06,0.41499999165534973,0.4449999928474426,0.41499999165534973,0.4300000071525574,0.20817752182483673,1644000
2001-02-07,0.4350000023841858,0.45500001311302185,0.4300000071525574,0.4449999928474426,0.215439572930336,3484000
2001-02-08,0.44999998807907104,0.44999998807907104,0.4350000023841858,0.4350000023841858,0.21059821546077728,344000
2001-02-09,0.4350000023841858,0.4350000023841858,0.4300000071525574,0.4350000023841858,0.21059821546077728,500000
2001-02-12,0.42500001192092896,0.42500001192092896,0.41499999165534973,0.41499999165534973,0.20091556012630463,1276000
2001-02-13,0.42500001192092896,0.4350000023841858,0.42500001192092896,0.4350000023841858,0.21059821546077728,820000
2001-02-14,0.4300000071525574,0.4300000071525574,0.42500001192092896,0.4300000071525574,0.20817752182483673,696000
2001-02-15,0.4300000071525574,0.4300000071525574,0.41999998688697815,0.42500001192092896,0.20575685799121857,924000
2001-02-16,0.42500001192092896,0.42500001192092896,0.4099999964237213,0.41499999165534973,0.20091556012630463,2268000
2001-02-19,0.41499999165534973,0.41999998688697815,0.4050000011920929,0.41999998688697815,0.20333626866340637,2904000
2001-02-20,0.41499999165534973,0.41499999165534973,0.4099999964237213,0.41499999165534973,0.20091556012630463,2200000
2001-02-21,0.4099999964237213,0.41999998688697815,0.4099999964237213,0.41999998688697815,0.20333626866340637,1608000
2001-02-22,0.4099999964237213,0.41499999165534973,0.4050000011920929,0.41499999165534973,0.20091556012630463,1440000
2001-02-23,0.4099999964237213,0.41499999165534973,0.4050000011920929,0.41499999165534973,0.20091556012630463,2272000
2001-02-26,0.41499999165534973,0.41499999165534973,0.4099999964237213,0.41499999165534973,0.20091556012630463,880000
2001-02-27,0.4099999964237213,0.41499999165534973,0.4050000011920929,0.41499999165534973,0.20091556012630463,2284000
2001-02-28,0.4099999964237213,0.41499999165534973,0.4050000011920929,0.41499999165534973,0.20091556012630463,2724000
2001-03-01,0.4050000011920929,0.41499999165534973,0.39500001072883606,0.39500001072883606,0.1912328600883484,3512000
2001-03-02,0.39500001072883606,0.4000000059604645,0.39500001072883606,0.4000000059604645,0.19365353882312775,1448000
2001-03-05,0.4000000059604645,0.4050000011920929,0.38999998569488525,0.38999998569488525,0.1888122409582138,3148000
2001-03-06,0.39500001072883606,0.4000000059604645,0.39500001072883606,0.4000000059604645,0.19365353882312775,2024000
2001-03-07,0.4000000059604645,0.4050000011920929,0.39500001072883606,0.39500001072883606,0.1912328600883484,1868000
2001-03-08,0.4050000011920929,0.4050000011920929,0.39500001072883606,0.39500001072883606,0.1912328600883484,2764000
2001-03-09,0.4000000059604645,0.4000000059604645,0.39500001072883606,0.4000000059604645,0.19365353882312775,768000
2001-03-12,0.39500001072883606,0.4000000059604645,0.38999998569488525,0.4000000059604645,0.19365353882312775,1456000
2001-03-13,0.38999998569488525,0.4000000059604645,0.38999998569488525,0.4000000059604645,0.19365353882312775,1080000
2001-03-14,0.4000000059604645,0.4000000059604645,0.4000000059604645,0.4000000059604645,0.19365353882312775,0
2001-03-15,0.39500001072883606,0.4000000059604645,0.38999998569488525,0.4000000059604645,0.19365353882312775,844000
2001-03-16,0.4000000059604645,0.4000000059604645,0.38999998569488525,0.4000000059604645,0.19365353882312775,628000
2001-03-19,0.38999998569488525,0.39500001072883606,0.38999998569488525,0.39500001072883606,0.1912328600883484,740000
2001-03-20,0.39500001072883606,0.39500001072883606,0.38999998569488525,0.39500001072883606,0.1912328600883484,492000
2001-03-21,0.38999998569488525,0.39500001072883606,0.38499999046325684,0.39500001072883606,0.1912328600883484,744000
2001-03-22,0.38999998569488525,0.38999998569488525,0.38499999046325684,0.38999998569488525,0.1888122409582138,356000
2001-03-23,0.38499999046325684,0.38999998569488525,0.3799999952316284,0.38999998569488525,0.1888122409582138,944000
2001-03-26,0.38999998569488525,0.4000000059604645,0.38499999046325684,0.4000000059604645,0.19365353882312775,956000
2001-03-27,0.39500001072883606,0.39500001072883606,0.39500001072883606,0.39500001072883606,0.1912328600883484,100000
2001-03-28,0.38999998569488525,0.38999998569488525,0.38999998569488525,0.38999998569488525,0.1888122409582138,840000
2001-03-29,0.38999998569488525,0.38999998569488525,0.3799999952316284,0.38999998569488525,0.1888122409582138,872000
2001-03-30,0.38999998569488525,0.4000000059604645,0.38999998569488525,0.4000000059604645,0.19365353882312775,392000
2001-04-02,0.38999998569488525,0.39500001072883606,0.38999998569488525,0.39500001072883606,0.1912328600883484,220000
2001-04-03,0.39500001072883606,0.39500001072883606,0.38499999046325684,0.38999998569488525,0.1888122409582138,584000
2001-04-04,0.3799999952316284,0.39500001072883606,0.3799999952316284,0.39500001072883606,0.1912328600883484,820000
2001-04-05,0.39500001072883606,0.39500001072883606,0.39500001072883606,0.39500001072883606,0.1912328600883484,0
2001-04-06,0.375,0.4000000059604645,0.375,0.4000000059604645,0.19365353882312775,1604000
2001-04-09,0.375,0.38499999046325684,0.375,0.38499999046325684,0.18639154732227325,264000
2001-04-10,0.3799999952316284,0.39500001072883606,0.3799999952316284,0.39500001072883606,0.1912328600883484,240000
2001-04-11,0.38999998569488525,0.38999998569488525,0.38499999046325684,0.38499999046325684,0.18639154732227325,256000
2001-04-12,0.38499999046325684,0.38499999046325684,0.38499999046325684,0.38499999046325684,0.18639154732227325,8000
2001-04-13,0.38499999046325684,0.38499999046325684,0.38499999046325684,0.38499999046325684,0.18639154732227325,0
2001-04-16,0.38499999046325684,0.38499999046325684,0.38499999046325684,0.38499999046325684,0.18639154732227325,0
2001-04-17,0.38499999046325684,0.38499999046325684,0.3799999952316284,0.3799999952316284,0.1839708834886551,1140000
2001-04-18,0.38499999046325684,0.38999998569488525,0.3799999952316284,0.38499999046325684,0.18639154732227325,1668000
2001-04-19,0.38499999046325684,0.39500001072883606,0.38499999046325684,0.39500001072883606,0.1912328600883484,1520000
2001-04-20,0.38999998569488525,0.38999998569488525,0.38499999046325684,0.38999998569488525,0.1888122409582138,1548000
2001-04-23,0.38999998569488525,0.38999998569488525,0.38999998569488525,0.38999998569488525,0.1888122409582138,2732000
2001-04-24,0.38499999046325684,0.4000000059604645,0.38499999046325684,0.4000000059604645,0.19365353882312775,804000
2001-04-25,0.38499999046325684,0.4000000059604645,0.38499999046325684,0.4000000059604645,0.19365353882312775,364000
2001-04-26,0.38499999046325684,0.4000000059604645,0.38499999046325684,0.4000000059604645,0.19365353882312775,364000
2001-04-27,0.4000000059604645,0.4000000059604645,0.4000000059604645,0.4000000059604645,0.19365353882312775,300000
2001-04-30,0.4000000059604645,0.4000000059604645,0.4000000059604645,0.4000000059604645,0.19365353882312775,0
2001-05-01,0.4000000059604645,0.4000000059604645,0.4000000059604645,0.4000000059604645,0.19365353882312775,0
2001-05-02,0.4000000059604645,0.4050000011920929,0.39500001072883606,0.4050000011920929,0.1960742473602295,2516000
2001-05-03,0.4000000059604645,0.4000000059604645,0.39500001072883606,0.4000000059604645,0.19365353882312775,704000
2001-05-04,0.38999998569488525,0.39500001072883606,0.38999998569488525,0.39500001072883606,0.1912328600883484,572000
2001-05-07,0.4000000059604645,0.4050000011920929,0.39500001072883606,0.39500001072883606,0.1912328600883484,492000
2001-05-08,0.39500001072883606,0.39500001072883606,0.38999998569488525,0.38999998569488525,0.1888122409582138,584000
2001-05-09,0.39500001072883606,0.39500001072883606,0.38499999046325684,0.39500001072883606,0.1912328600883484,410000
2001-05-10,0.38499999046325684,0.38999998569488525,0.38499999046325684,0.38999998569488525,0.1888122409582138,280000
2001-05-11,0.39500001072883606,0.39500001072883606,0.38499999046325684,0.39500001072883606,0.1912328600883484,512000
2001-05-14,0.38999998569488525,0.4000000059604645,0.38999998569488525,0.4000000059604645,0.19365353882312775,680000
2001-05-15,0.4000000059604645,0.4000000059604645,0.4000000059604645,0.4000000059604645,0.19365353882312775,224000
2001-05-16,0.4000000059604645,0.4000000059604645,0.39500001072883606,0.39500001072883606,0.1912328600883484,292000
2001-05-17,0.39500001072883606,0.4000000059604645,0.39500001072883606,0.4000000059604645,0.19365353882312775,624000
2001-05-18,0.39500001072883606,0.4050000011920929,0.39500001072883606,0.4000000059604645,0.19365353882312775,644000
2001-05-21,0.4000000059604645,0.45500001311302185,0.4000000059604645,0.4300000071525574,0.20817752182483673,4788000
2001-05-22,0.4350000023841858,0.4350000023841858,0.41999998688697815,0.42500001192092896,0.20575685799121857,2368000
2001-05-23,0.42500001192092896,0.4350000023841858,0.42500001192092896,0.42500001192092896,0.20575685799121857,1504000
2001-05-24,0.4350000023841858,0.4350000023841858,0.42500001192092896,0.42500001192092896,0.20575685799121857,1568000
2001-05-25,0.42500001192092896,0.4399999976158142,0.42500001192092896,0.4350000023841858,0.21059821546077728,1788000
2001-05-28,0.4350000023841858,0.4399999976158142,0.42500001192092896,0.4350000023841858,0.21059821546077728,1276000
2001-05-29,0.4350000023841858,0.4350000023841858,0.41999998688697815,0.42500001192092896,0.20575685799121857,1640000
2001-05-30,0.42500001192092896,0.42500001192092896,0.4099999964237213,0.41999998688697815,0.20333626866340637,792000
2001-05-31,0.4099999964237213,0.41999998688697815,0.4099999964237213,0.41999998688697815,0.20333626866340637,1776000
2001-06-01,0.41499999165534973,0.4300000071525574,0.4000000059604645,0.4300000071525574,0.20817752182483673,812000
2001-06-04,0.41499999165534973,0.4399999976158142,0.41499999165534973,0.4399999976158142,0.21301887929439545,964000
2001-06-05,0.44999998807907104,0.44999998807907104,0.4300000071525574,0.4399999976158142,0.21301887929439545,708000
2001-06-06,0.4449999928474426,0.4449999928474426,0.4300000071525574,0.4300000071525574,0.20817752182483673,1708000
2001-06-07,0.4399999976158142,0.4399999976158142,0.41999998688697815,0.4300000071525574,0.20817752182483673,144000
2001-06-08,0.4300000071525574,0.4350000023841858,0.41999998688697815,0.41999998688697815,0.20333626866340637,688000
2001-06-11,0.41999998688697815,0.42500001192092896,0.41999998688697815,0.42500001192092896,0.20575685799121857,472000
2001-06-12,0.41499999165534973,0.41999998688697815,0.41499999165534973,0.41499999165534973,0.20091556012630463,836000
2001-06-13,0.41999998688697815,0.41999998688697815,0.41499999165534973,0.41499999165534973,0.20091556012630463,372000
2001-06-14,0.41499999165534973,0.41999998688697815,0.4099999964237213,0.41499999165534973,0.20091556012630463,434132
2001-06-15,0.4000000059604645,0.41499999165534973,0.4000000059604645,0.41499999165534973,0.20091556012630463,712000
2001-06-18,0.4099999964237213,0.4099999964237213,0.4000000059604645,0.4000000059604645,0.19365353882312775,420000
2001-06-19,0.4099999964237213,0.41499999165534973,0.4050000011920929,0.41499999165534973,0.20091556012630463,336000
2001-06-20,0.4099999964237213,0.41499999165534973,0.4050000011920929,0.4050000011920929,0.1960742473602295,224000
2001-06-21,0.41999998688697815,0.4350000023841858,0.41999998688697815,0.42500001192092896,0.20575685799121857,884000
2001-06-22,0.4300000071525574,0.4300000071525574,0.4300000071525574,0.4300000071525574,0.20817752182483673,296000
2001-06-25,0.4300000071525574,0.4300000071525574,0.4300000071525574,0.4300000071525574,0.20817752182483673,0
2001-06-26,0.41999998688697815,0.4300000071525574,0.4099999964237213,0.41999998688697815,0.20333626866340637,308000
2001-06-27,0.4099999964237213,0.41999998688697815,0.4099999964237213,0.41499999165534973,0.20091556012630463,1488000
2001-06-28,0.4099999964237213,0.41499999165534973,0.4050000011920929,0.41499999165534973,0.20091556012630463,992000
2001-06-29,0.42500001192092896,0.42500001192092896,0.41499999165534973,0.41999998688697815,0.20333626866340637,950000
2001-07-02,0.41999998688697815,0.41999998688697815,0.41999998688697815,0.41999998688697815,0.20333626866340637,0
2001-07-03,0.41999998688697815,0.41999998688697815,0.41999998688697815,0.41999998688697815,0.20333626866340637,200000
2001-07-04,0.41499999165534973,0.41999998688697815,0.4050000011920929,0.41999998688697815,0.20333626866340637,320000
2001-07-05,0.4099999964237213,0.4099999964237213,0.4000000059604645,0.4000000059604645,0.19365353882312775,300000
2001-07-06,0.4000000059604645,0.4000000059604645,0.4000000059604645,0.4000000059604645,0.19365353882312775,0
2001-07-09,0.4000000059604645,0.4050000011920929,0.39500001072883606,0.4050000011920929,0.1960742473602295,448000
2001-07-10,0.4000000059604645,0.4000000059604645,0.39500001072883606,0.39500001072883606,0.1912328600883484,356000
2001-07-11,0.38999998569488525,0.4050000011920929,0.38999998569488525,0.4050000011920929,0.1960742473602295,380000
2001-07-12,0.38999998569488525,0.4000000059604645,0.38999998569488525,0.4000000059604645,0.19365353882312775,120000
2001-07-13,0.4000000059604645,0.4050000011920929,0.4000000059604645,0.4050000011920929,0.1960742473602295,200000
2001-07-16,0.41499999165534973,0.41499999165534973,0.4050000011920929,0.41499999165534973,0.20091556012630463,120000
2001-07-17,0.4099999964237213,0.4099999964237213,0.4099999964237213,0.4099999964237213,0.19849488139152527,100000
2001-07-18,0.4050000011920929,0.4050000011920929,0.4050000011920929,0.4050000011920929,0.1960742473602295,152000
2001-07-19,0.39500001072883606,0.4000000059604645,0.39500001072883606,0.4000000059604645,0.19365353882312775,240000
2001-07-20,0.4000000059604645,0.4000000059604645,0.4000000059604645,0.4000000059604645,0.19365353882312775,200000
2001-07-23,0.4000000059604645,0.4000000059604645,0.39500001072883606,0.4000000059604645,0.19365353882312775,120000
2001-07-24,0.39500001072883606,0.4000000059604645,0.39500001072883606,0.4000000059604645,0.19365353882312775,180000
2001-07-25,0.4000000059604645,0.4000000059604645,0.4000000059604645,0.4000000059604645,0.19365353882312775,0
2001-07-26,0.39500001072883606,0.4000000059604645,0.39500001072883606,0.4000000059604645,0.19365353882312775,200000
2001-07-27,0.4000000059604645,0.41499999165534973,0.4000000059604645,0.4099999964237213,0.19849488139152527,824000
2001-07-30,0.41999998688697815,0.41999998688697815,0.4000000059604645,0.4099999964237213,0.19849488139152527,424000
2001-07-31,0.41499999165534973,0.41999998688697815,0.4099999964237213,0.4099999964237213,0.19849488139152527,668000
2001-08-01,0.4099999964237213,0.41499999165534973,0.4099999964237213,0.41499999165534973,0.20091556012630463,120000
2001-08-02,0.4050000011920929,0.4050000011920929,0.39500001072883606,0.39500001072883606,0.1912328600883484,260000
2001-08-03,0.4099999964237213,0.41499999165534973,0.4000000059604645,0.4000000059604645,0.19365353882312775,412000
2001-08-06,0.4000000059604645,0.4000000059604645,0.4000000059604645,0.4000000059604645,0.19365353882312775,440000
2001-08-07,0.39500001072883606,0.4000000059604645,0.3799999952316284,0.4000000059604645,0.19365353882312775,588000
2001-08-08,0.39500001072883606,0.39500001072883606,0.39500001072883606,0.39500001072883606,0.1912328600883484,160000
2001-08-09,0.39500001072883606,0.4000000059604645,0.39500001072883606,0.39500001072883606,0.1912328600883484,312000
2001-08-10,0.38499999046325684,0.4000000059604645,0.38499999046325684,0.4000000059604645,0.19365353882312775,1540000
2001-08-13,0.4000000059604645,0.4000000059604645,0.38999998569488525,0.38999998569488525,0.1888122409582138,780000
2001-08-14,0.3799999952316284,0.38999998569488525,0.3799999952316284,0.38999998569488525,0.1888122409582138,720000
2001-08-15,0.38999998569488525,0.38999998569488525,0.38999998569488525,0.38999998569488525,0.1888122409582138,264000
2001-08-16,0.39500001072883606,0.4099999964237213,0.39500001072883606,0.4000000059604645,0.19365353882312775,14372000
2001-08-17,0.4000000059604645,0.4099999964237213,0.3799999952316284,0.3799999952316284,0.1839708834886551,26813600
2001-08-20,0.3799999952316284,0.3799999952316284,0.35499998927116394,0.36000001430511475,0.17428819835186005,8824000
2001-08-21,0.36500000953674316,0.3700000047683716,0.36000001430511475,0.36000001430511475,0.17428819835186005,3740000
2001-08-22,0.35499998927116394,0.35499998927116394,0.3449999988079071,0.3499999940395355,0.1694468855857849,6520000
2001-08-23,0.3449999988079071,0.3449999988079071,0.32499998807907104,0.33500000834465027,0.17201417684555054,2264000
2001-08-24,0.3149999976158142,0.32499998807907104,0.3149999976158142,0.32499998807907104,0.16687944531440735,1212000
2001-08-27,0.32499998807907104,0.32499998807907104,0.3149999976158142,0.3199999928474426,0.16431212425231934,308000
2001-08-28,0.3149999976158142,0.32499998807907104,0.3100000023841858,0.32499998807907104,0.16687944531440735,1916000
2001-08-29,0.32499998807907104,0.33500000834465027,0.3199999928474426,0.33500000834465027,0.17201417684555054,1212000
2001-08-30,0.3199999928474426,0.3400000035762787,0.3199999928474426,0.3400000035762787,0.1745816022157669,2060000
2001-08-31,0.3400000035762787,0.3499999940395355,0.33500000834465027,0.3449999988079071,0.1771489977836609,3520000
2001-09-03,0.3449999988079071,0.3449999988079071,0.32499998807907104,0.32499998807907104,0.16687944531440735,1148000
2001-09-04,0.3199999928474426,0.32499998807907104,0.3149999976158142,0.3199999928474426,0.16431212425231934,1144000
2001-09-05,0.3149999976158142,0.3149999976158142,0.3149999976158142,0.3149999976158142,0.16174475848674774,732000
2001-09-06,0.3199999928474426,0.32499998807907104,0.3100000023841858,0.32499998807907104,0.16687944531440735,484000
2001-09-07,0.3149999976158142,0.3199999928474426,0.3100000023841858,0.3100000023841858,0.15917730331420898,200000
2001-09-10,0.3199999928474426,0.33000001311302185,0.3149999976158142,0.33000001311302185,0.1694469153881073,1060000
2001-09-11,0.3149999976158142,0.32499998807907104,0.30000001192092896,0.32499998807907104,0.16687944531440735,1528000
2001-09-12,0.30000001192092896,0.3100000023841858,0.2800000011920929,0.29499998688697815,0.1514752209186554,3640000
2001-09-13,0.28999999165534973,0.30000001192092896,0.28999999165534973,0.29499998688697815,0.1514752209186554,608000
2001-09-14,0.29499998688697815,0.29499998688697815,0.2800000011920929,0.2849999964237213,0.14634045958518982,356000
2001-09-17,0.2750000059604645,0.2849999964237213,0.26499998569488525,0.2849999964237213,0.14634045958518982,2596000
2001-09-18,0.2800000011920929,0.2849999964237213,0.2750000059604645,0.2849999964237213,0.14634045958518982,988000
2001-09-19,0.2849999964237213,0.30000001192092896,0.2849999964237213,0.30000001192092896,0.1540425568819046,512000
2001-09-20,0.28999999165534973,0.28999999165534973,0.28999999165534973,0.28999999165534973,0.1489078551530838,220000
2001-09-21,0.2849999964237213,0.28999999165534973,0.27000001072883606,0.2750000059604645,0.14120571315288544,392000
2001-09-24,0.2750000059604645,0.2750000059604645,0.2750000059604645,0.2750000059604645,0.14120571315288544,0
2001-09-25,0.2800000011920929,0.28999999165534973,0.2750000059604645,0.28999999165534973,0.1489078551530838,4216000
2001-09-26,0.2849999964237213,0.30000001192092896,0.2849999964237213,0.30000001192092896,0.1540425568819046,4468000
2001-09-27,0.28999999165534973,0.29499998688697815,0.28999999165534973,0.29499998688697815,0.1514752209186554,1900000
2001-09-28,0.29499998688697815,0.29499998688697815,0.29499998688697815,0.29499998688697815,0.1514752209186554,0
2001-10-01,0.29499998688697815,0.29499998688697815,0.29499998688697815,0.29499998688697815,0.1514752209186554,0
2001-10-02,0.29499998688697815,0.29499998688697815,0.29499998688697815,0.29499998688697815,0.1514752209186554,0
2001-10-03,0.30000001192092896,0.3050000071525574,0.30000001192092896,0.30000001192092896,0.1540425568819046,360000
2001-10-04,0.29499998688697815,0.3050000071525574,0.29499998688697815,0.3050000071525574,0.15660996735095978,912000
2001-10-05,0.3100000023841858,0.3149999976158142,0.3050000071525574,0.3149999976158142,0.16174475848674774,376000
2001-10-08,0.30000001192092896,0.3100000023841858,0.30000001192092896,0.3100000023841858,0.15917730331420898,1236000
2001-10-09,0.3149999976158142,0.33000001311302185,0.3149999976158142,0.33000001311302185,0.1694469153881073,1264200
2001-10-10,0.32499998807907104,0.33500000834465027,0.32499998807907104,0.33000001311302185,0.1694469153881073,780000
2001-10-11,0.3449999988079071,0.35499998927116394,0.3400000035762787,0.3499999940395355,0.1797163486480713,2872000
2001-10-12,0.3499999940395355,0.3499999940395355,0.33000001311302185,0.3449999988079071,0.1771489977836609,3232000
2001-10-15,0.33500000834465027,0.3400000035762787,0.33000001311302185,0.33500000834465027,0.17201417684555054,820000
2001-10-16,0.32499998807907104,0.33000001311302185,0.3199999928474426,0.33000001311302185,0.1694469153881073,668000
2001-10-17,0.32499998807907104,0.3400000035762787,0.3199999928474426,0.33500000834465027,0.17201417684555054,1672000
2001-10-18,0.32499998807907104,0.33500000834465027,0.32499998807907104,0.33500000834465027,0.17201417684555054,1608000
2001-10-19,0.33000001311302185,0.3499999940395355,0.33000001311302185,0.3499999940395355,0.1797163486480713,2000000
2001-10-22,0.3449999988079071,0.3499999940395355,0.3449999988079071,0.3449999988079071,0.1771489977836609,1660000
2001-10-23,0.3449999988079071,0.3499999940395355,0.3400000035762787,0.3499999940395355,0.1797163486480713,2760000
2001-10-24,0.3400000035762787,0.3499999940395355,0.3400000035762787,0.3499999940395355,0.1797163486480713,517000
2001-10-25,0.3499999940395355,0.3499999940395355,0.3499999940395355,0.3499999940395355,0.1797163486480713,0
2001-10-26,0.3499999940395355,0.3499999940395355,0.33500000834465027,0.3400000035762787,0.1745816022157669,2256000
2001-10-29,0.3400000035762787,0.3400000035762787,0.33500000834465027,0.3400000035762787,0.1745816022157669,420000
2001-10-30,0.3400000035762787,0.3499999940395355,0.3400000035762787,0.3449999988079071,0.1771489977836609,2725600
2001-10-31,0.3499999940395355,0.35499998927116394,0.3400000035762787,0.35499998927116394,0.18228372931480408,2116000
2001-11-01,0.3499999940395355,0.3499999940395355,0.3449999988079071,0.3499999940395355,0.1797163486480713,1000000
2001-11-02,0.3499999940395355,0.3499999940395355,0.3400000035762787,0.3499999940395355,0.1797163486480713,708000
2001-11-05,0.3499999940395355,0.3499999940395355,0.3499999940395355,0.3499999940395355,0.1797163486480713,448800
2001-11-06,0.3499999940395355,0.3499999940395355,0.3400000035762787,0.3400000035762787,0.1745816022157669,460000
2001-11-07,0.3449999988079071,0.3449999988079071,0.3400000035762787,0.3449999988079071,0.1771489977836609,296000
2001-11-08,0.3400000035762787,0.3499999940395355,0.3400000035762787,0.3499999940395355,0.1797163486480713,364000
2001-11-09,0.3499999940395355,0.3499999940395355,0.3499999940395355,0.3499999940395355,0.1797163486480713,0
2001-11-12,0.3400000035762787,0.3499999940395355,0.3400000035762787,0.3499999940395355,0.1797163486480713,3368000
2001-11-13,0.3449999988079071,0.3449999988079071,0.33000001311302185,0.33500000834465027,0.17201417684555054,1906800
2001-11-14,0.33500000834465027,0.3449999988079071,0.33500000834465027,0.3400000035762787,0.1745816022157669,364000
2001-11-15,0.33500000834465027,0.3449999988079071,0.33500000834465027,0.3449999988079071,0.1771489977836609,796000
2001-11-16,0.3400000035762787,0.3400000035762787,0.3400000035762787,0.3400000035762787,0.1745816022157669,340000
2001-11-19,0.3449999988079071,0.3449999988079071,0.33500000834465027,0.3400000035762787,0.1745816022157669,524000
2001-11-20,0.33000001311302185,0.3449999988079071,0.33000001311302185,0.3400000035762787,0.1745816022157669,740000
2001-11-21,0.3400000035762787,0.3400000035762787,0.33000001311302185,0.3400000035762787,0.1745816022157669,1100000
2001-11-22,0.33500000834465027,0.33500000834465027,0.33500000834465027,0.33500000834465027,0.17201417684555054,260000
2001-11-23,0.33500000834465027,0.3400000035762787,0.33500000834465027,0.33500000834465027,0.17201417684555054,600000
2001-11-26,0.33500000834465027,0.33500000834465027,0.33500000834465027,0.33500000834465027,0.17201417684555054,460000
2001-11-27,0.3400000035762787,0.3400000035762787,0.33500000834465027,0.33500000834465027,0.17201417684555054,306000
2001-11-28,0.3400000035762787,0.3400000035762787,0.33500000834465027,0.3400000035762787,0.1745816022157669,480000
2001-11-29,0.33500000834465027,0.3400000035762787,0.33000001311302185,0.3400000035762787,0.1745816022157669,564000
2001-11-30,0.33500000834465027,0.33500000834465027,0.33500000834465027,0.33500000834465027,0.17201417684555054,200000
2001-12-03,0.33500000834465027,0.33500000834465027,0.32499998807907104,0.33000001311302185,0.1694469153881073,336000
2001-12-04,0.33500000834465027,0.33500000834465027,0.3199999928474426,0.33000001311302185,0.1694469153881073,1904000
2001-12-05,0.33000001311302185,0.33000001311302185,0.3149999976158142,0.3199999928474426,0.16431212425231934,1472000
2001-12-06,0.32499998807907104,0.33000001311302185,0.3199999928474426,0.32499998807907104,0.16687944531440735,720000
2001-12-07,0.3199999928474426,0.32499998807907104,0.3199999928474426,0.32499998807907104,0.16687944531440735,640000
2001-12-10,0.32499998807907104,0.32499998807907104,0.3149999976158142,0.3199999928474426,0.16431212425231934,652000
2001-12-11,0.3199999928474426,0.3199999928474426,0.3199999928474426,0.3199999928474426,0.16431212425231934,200000
2001-12-12,0.3199999928474426,0.3199999928474426,0.28999999165534973,0.28999999165534973,0.1489078551530838,3676000
2001-12-13,0.30000001192092896,0.30000001192092896,0.2800000011920929,0.2800000011920929,0.14377306401729584,2275000
2001-12-14,0.2849999964237213,0.29499998688697815,0.2849999964237213,0.28999999165534973,0.1489078551530838,832000
2001-12-17,0.28999999165534973,0.30000001192092896,0.28999999165534973,0.30000001192092896,0.1540425568819046,1236000
2001-12-18,0.28999999165534973,0.29499998688697815,0.2800000011920929,0.2849999964237213,0.14634045958518982,1616000
2001-12-19,0.2849999964237213,0.2849999964237213,0.25,0.2549999952316284,0.13093620538711548,6177400
2001-12-20,0.25,0.27000001072883606,0.25,0.26499998569488525,0.13607096672058105,2348000
2001-12-21,0.26499998569488525,0.27000001072883606,0.25999999046325684,0.27000001072883606,0.13863837718963623,3640000
2001-12-24,0.26499998569488525,0.27000001072883606,0.26499998569488525,0.27000001072883606,0.13863837718963623,808000
2001-12-25,0.27000001072883606,0.27000001072883606,0.27000001072883606,0.27000001072883606,0.13863837718963623,0
2001-12-26,0.27000001072883606,0.27000001072883606,0.27000001072883606,0.27000001072883606,0.13863837718963623,0
2001-12-27,0.27000001072883606,0.27000001072883606,0.26499998569488525,0.26499998569488525,0.13607096672058105,964000
2001-12-28,0.26499998569488525,0.26499998569488525,0.25999999046325684,0.25999999046325684,0.13350354135036469,644000
2001-12-31,0.26499998569488525,0.2800000011920929,0.26499998569488525,0.2750000059604645,0.14120571315288544,2460000
2002-01-01,0.2750000059604645,0.2750000059604645,0.2750000059604645,0.2750000059604645,0.14120571315288544,0
2002-01-02,0.27000001072883606,0.27000001072883606,0.27000001072883606,0.27000001072883606,0.13863837718963623,280000
2002-01-03,0.27000001072883606,0.27000001072883606,0.27000001072883606,0.27000001072883606,0.13863837718963623,0
2002-01-04,0.2750000059604645,0.2750000059604645,0.2549999952316284,0.25999999046325684,0.13350354135036469,11107800
2002-01-07,0.25999999046325684,0.25999999046325684,0.25999999046325684,0.25999999046325684,0.13612127304077148,1868000
2002-01-08,0.25999999046325684,0.27000001072883606,0.25999999046325684,0.26499998569488525,0.13873903453350067,3820000
2002-01-09,0.25999999046325684,0.27000001072883606,0.25999999046325684,0.26499998569488525,0.13873903453350067,2824000
2002-01-10,0.25999999046325684,0.25999999046325684,0.2549999952316284,0.25999999046325684,0.13612127304077148,980000
2002-01-11,0.25999999046325684,0.26499998569488525,0.2549999952316284,0.26499998569488525,0.13873903453350067,2196000
2002-01-14,0.26499998569488525,0.2750000059604645,0.26499998569488525,0.27000001072883606,0.14135675132274628,7588000
2002-01-15,0.26499998569488525,0.2849999964237213,0.26499998569488525,0.2800000011920929,0.1465921700000763,9176000
2002-01-16,0.2849999964237213,0.29499998688697815,0.2849999964237213,0.28999999165534973,0.1518276035785675,12744000
2002-01-17,0.2849999964237213,0.2849999964237213,0.2750000059604645,0.2800000011920929,0.1465921700000763,3976000
2002-01-18,0.2800000011920929,0.2800000011920929,0.25999999046325684,0.27000001072883606,0.14135675132274628,6488000
2002-01-21,0.27000001072883606,0.27000001072883606,0.27000001072883606,0.27000001072883606,0.14135675132274628,1880000
2002-01-22,0.26499998569488525,0.26499998569488525,0.26499998569488525,0.26499998569488525,0.13873903453350067,948000
2002-01-23,0.25999999046325684,0.26499998569488525,0.25999999046325684,0.26499998569488525,0.13873903453350067,1868000
2002-01-24,0.26499998569488525,0.27000001072883606,0.25999999046325684,0.26499998569488525,0.13873903453350067,1512000
2002-01-25,0.25999999046325684,0.27000001072883606,0.25999999046325684,0.26499998569488525,0.13873903453350067,1760000
2002-01-28,0.26499998569488525,0.27000001072883606,0.26499998569488525,0.27000001072883606,0.14135675132274628,1600000
2002-01-29,0.27000001072883606,0.27000001072883606,0.25999999046325684,0.26499998569488525,0.13873903453350067,3116000
2002-01-30,0.25999999046325684,0.26499998569488525,0.25999999046325684,0.26499998569488525,0.13873903453350067,1348000
2002-01-31,0.26499998569488525,0.26499998569488525,0.26499998569488525,0.26499998569488525,0.13873903453350067,0
2002-02-01,0.26499998569488525,0.26499998569488525,0.25999999046325684,0.25999999046325684,0.13612127304077148,1536000
2002-02-04,0.25999999046325684,0.25999999046325684,0.25999999046325684,0.25999999046325684,0.13612127304077148,1316000
2002-02-05,0.25999999046325684,0.25999999046325684,0.2549999952316284,0.2549999952316284,0.13350357115268707,488000
2002-02-06,0.25999999046325684,0.25999999046325684,0.2549999952316284,0.25999999046325684,0.13612127304077148,1756000
2002-02-07,0.2549999952316284,0.2549999952316284,0.2549999952316284,0.2549999952316284,0.13350357115268707,460000
2002-02-08,0.2549999952316284,0.25999999046325684,0.2549999952316284,0.25999999046325684,0.13612127304077148,560000
2002-02-11,0.2549999952316284,0.26499998569488525,0.2549999952316284,0.26499998569488525,0.13873903453350067,1284000
2002-02-12,0.26499998569488525,0.26499998569488525,0.26499998569488525,0.26499998569488525,0.13873903453350067,0
2002-02-13,0.26499998569488525,0.26499998569488525,0.26499998569488525,0.26499998569488525,0.13873903453350067,0
2002-02-14,0.26499998569488525,0.26499998569488525,0.26499998569488525,0.26499998569488525,0.13873903453350067,0
2002-02-15,0.26499998569488525,0.2800000011920929,0.25999999046325684,0.2750000059604645,0.1439744383096695,3116000
2002-02-18,0.2750000059604645,0.2800000011920929,0.2750000059604645,0.2800000011920929,0.1465921700000763,932000
2002-02-19,0.2800000011920929,0.2849999964237213,0.2800000011920929,0.2800000011920929,0.1465921700000763,2368000
2002-02-20,0.2800000011920929,0.2800000011920929,0.2800000011920929,0.2800000011920929,0.1465921700000763,2776000
2002-02-21,0.2800000011920929,0.3050000071525574,0.2800000011920929,0.3050000071525574,0.15968075394630432,9860000
2002-02-22,0.3050000071525574,0.3050000071525574,0.28999999165534973,0.30000001192092896,0.15706303715705872,13224000
2002-02-25,0.29499998688697815,0.29499998688697815,0.2849999964237213,0.29499998688697815,0.15444529056549072,2248000
2002-02-26,0.28999999165534973,0.28999999165534973,0.2849999964237213,0.2849999964237213,0.1492099165916443,1120000
2002-02-27,0.28999999165534973,0.28999999165534973,0.2849999964237213,0.2849999964237213,0.1492099165916443,820000
2002-02-28,0.28999999165534973,0.29499998688697815,0.28999999165534973,0.29499998688697815,0.15444529056549072,3420000
2002-03-01,0.29499998688697815,0.29499998688697815,0.28999999165534973,0.28999999165534973,0.1518276035785675,1256000
2002-03-04,0.29499998688697815,0.29499998688697815,0.28999999165534973,0.29499998688697815,0.15444529056549072,1460000
2002-03-05,0.29499998688697815,0.29499998688697815,0.28999999165534973,0.29499998688697815,0.15444529056549072,3232000
2002-03-06,0.28999999165534973,0.29499998688697815,0.28999999165534973,0.29499998688697815,0.15444529056549072,1076000
2002-03-07,0.29499998688697815,0.3050000071525574,0.29499998688697815,0.3050000071525574,0.15968075394630432,2956000
2002-03-08,0.3050000071525574,0.3050000071525574,0.30000001192092896,0.3050000071525574,0.15968075394630432,1676000
2002-03-11,0.3100000023841858,0.3100000023841858,0.3050000071525574,0.3100000023841858,0.16229848563671112,2636000
2002-03-12,0.3100000023841858,0.3149999976158142,0.3050000071525574,0.3050000071525574,0.15968075394630432,2868000
2002-03-13,0.30000001192092896,0.30000001192092896,0.30000001192092896,0.30000001192092896,0.15706303715705872,1500000
2002-03-14,0.30000001192092896,0.30000001192092896,0.29499998688697815,0.29499998688697815,0.15444529056549072,2912000
2002-03-15,0.30000001192092896,0.30000001192092896,0.29499998688697815,0.30000001192092896,0.15706303715705872,904000
2002-03-18,0.30000001192092896,0.3149999976158142,0.30000001192092896,0.3149999976158142,0.16491621732711792,2384000
2002-03-19,0.3149999976158142,0.32499998807907104,0.3149999976158142,0.3149999976158142,0.16491621732711792,4880000
2002-03-20,0.3199999928474426,0.3199999928474426,0.3100000023841858,0.3199999928474426,0.16753393411636353,356000
2002-03-21,0.3149999976158142,0.3149999976158142,0.3100000023841858,0.3149999976158142,0.16491621732711792,1688000
2002-03-22,0.3149999976158142,0.3149999976158142,0.3149999976158142,0.3149999976158142,0.16491621732711792,872000
2002-03-25,0.3149999976158142,0.3199999928474426,0.3149999976158142,0.3199999928474426,0.16753393411636353,2484000
2002-03-26,0.3199999928474426,0.3199999928474426,0.3149999976158142,0.3149999976158142,0.16491621732711792,740000
2002-03-27,0.3149999976158142,0.3199999928474426,0.3149999976158142,0.3199999928474426,0.16753393411636353,1092000
2002-03-28,0.3199999928474426,0.3199999928474426,0.3149999976158142,0.3199999928474426,0.16753393411636353,560000
2002-03-29,0.3199999928474426,0.3199999928474426,0.3199999928474426,0.3199999928474426,0.16753393411636353,0
2002-04-01,0.3199999928474426,0.3199999928474426,0.3199999928474426,0.3199999928474426,0.16753393411636353,0
2002-04-02,0.3199999928474426,0.32499998807907104,0.3199999928474426,0.32499998807907104,0.17015163600444794,1652000
2002-04-03,0.33000001311302185,0.33500000834465027,0.32499998807907104,0.33500000834465027,0.17538702487945557,1672000
2002-04-04,0.32499998807907104,0.3449999988079071,0.32499998807907104,0.3449999988079071,0.18062253296375275,5268000
2002-04-05,0.3449999988079071,0.3449999988079071,0.3449999988079071,0.3449999988079071,0.18062253296375275,0
2002-04-08,0.3449999988079071,0.3449999988079071,0.3400000035762787,0.3400000035762787,0.17800478637218475,3624000
2002-04-09,0.3400000035762787,0.4099999964237213,0.3400000035762787,0.38999998569488525,0.20418193936347961,29480000
2002-04-10,0.38999998569488525,0.4050000011920929,0.375,0.3799999952316284,0.1989465355873108,20716000
2002-04-11,0.38999998569488525,0.39500001072883606,0.3799999952316284,0.3799999952316284,0.1989465355873108,5220000
2002-04-12,0.38999998569488525,0.38999998569488525,0.375,0.375,0.19632884860038757,3504000
2002-04-15,0.38499999046325684,0.38999998569488525,0.375,0.38499999046325684,0.2015642374753952,1836000
2002-04-16,0.38999998569488525,0.41499999165534973,0.38999998569488525,0.4099999964237213,0.21465285122394562,14448000
2002-04-17,0.41499999165534973,0.4449999928474426,0.41499999165534973,0.42500001192092896,0.22250595688819885,25316000
2002-04-18,0.42500001192092896,0.42500001192092896,0.4000000059604645,0.4050000011920929,0.21203507483005524,11100000
2002-04-19,0.4050000011920929,0.4050000011920929,0.38499999046325684,0.38499999046325684,0.2015642374753952,3712000
2002-04-22,0.38999998569488525,0.39500001072883606,0.3799999952316284,0.38499999046325684,0.2015642374753952,6056000
2002-04-23,0.3799999952316284,0.39500001072883606,0.3799999952316284,0.39500001072883606,0.20679965615272522,2256000
2002-04-24,0.39500001072883606,0.39500001072883606,0.38499999046325684,0.38999998569488525,0.20418193936347961,1460000
2002-04-25,0.38499999046325684,0.4099999964237213,0.38499999046325684,0.4000000059604645,0.2094174027442932,6888000
2002-04-26,0.4000000059604645,0.4000000059604645,0.38999998569488525,0.39500001072883606,0.20679965615272522,2744000
2002-04-29,0.38499999046325684,0.39500001072883606,0.3799999952316284,0.38999998569488525,0.20418193936347961,2368000
2002-04-30,0.4000000059604645,0.4099999964237213,0.39500001072883606,0.39500001072883606,0.20679965615272522,11080000
2002-05-01,0.39500001072883606,0.39500001072883606,0.39500001072883606,0.39500001072883606,0.20679965615272522,0
2002-05-02,0.4000000059604645,0.4050000011920929,0.39500001072883606,0.4000000059604645,0.2094174027442932,2336000
2002-05-03,0.4000000059604645,0.4099999964237213,0.4000000059604645,0.4050000011920929,0.21203507483005524,4024000
2002-05-06,0.4050000011920929,0.4099999964237213,0.4000000059604645,0.4050000011920929,0.21203507483005524,1856000
2002-05-07,0.39500001072883606,0.4099999964237213,0.38999998569488525,0.4099999964237213,0.21465285122394562,10232000
2002-05-08,0.4099999964237213,0.4099999964237213,0.4000000059604645,0.4000000059604645,0.2094174027442932,1580000
2002-05-09,0.4000000059604645,0.4050000011920929,0.39500001072883606,0.4000000059604645,0.2094174027442932,1940000
2002-05-10,0.39500001072883606,0.4000000059604645,0.39500001072883606,0.39500001072883606,0.20679965615272522,1848000
2002-05-13,0.39500001072883606,0.39500001072883606,0.39500001072883606,0.39500001072883606,0.20679965615272522,1476000
2002-05-14,0.39500001072883606,0.4000000059604645,0.39500001072883606,0.39500001072883606,0.20679965615272522,2764000
2002-05-15,0.39500001072883606,0.39500001072883606,0.3799999952316284,0.38499999046325684,0.2015642374753952,8604000
2002-05-16,0.38499999046325684,0.38499999046325684,0.3799999952316284,0.3799999952316284,0.1989465355873108,6368000
2002-05-17,0.3700000047683716,0.3799999952316284,0.36500000953674316,0.3700000047683716,0.19371111690998077,17320000
2002-05-20,0.3700000047683716,0.3700000047683716,0.3700000047683716,0.3700000047683716,0.19371111690998077,0
2002-05-21,0.3700000047683716,0.3700000047683716,0.36000001430511475,0.36500000953674316,0.19109338521957397,5752000
2002-05-22,0.36500000953674316,0.38499999046325684,0.36500000953674316,0.38499999046325684,0.2015642374753952,6412000
2002-05-23,0.38499999046325684,0.38999998569488525,0.3700000047683716,0.375,0.19632884860038757,6412000
2002-05-24,0.375,0.375,0.36500000953674316,0.3700000047683716,0.19371111690998077,3960000
2002-05-27,0.3700000047683716,0.3700000047683716,0.36500000953674316,0.36500000953674316,0.19109338521957397,2624000
2002-05-28,0.3700000047683716,0.38499999046325684,0.3700000047683716,0.375,0.19632884860038757,5016000
2002-05-29,0.3799999952316284,0.3799999952316284,0.3700000047683716,0.375,0.19632884860038757,4520000
2002-05-30,0.375,0.375,0.36500000953674316,0.375,0.19632884860038757,1760000
2002-05-31,0.375,0.39500001072883606,0.375,0.38999998569488525,0.20418193936347961,27268000
2002-06-03,0.38999998569488525,0.39500001072883606,0.3799999952316284,0.3799999952316284,0.1989465355873108,22408000
2002-06-04,0.375,0.3799999952316284,0.3700000047683716,0.3799999952316284,0.1989465355873108,19556000
2002-06-05,0.3799999952316284,0.38499999046325684,0.375,0.3799999952316284,0.1989465355873108,13772000
2002-06-06,0.38499999046325684,0.39500001072883606,0.38499999046325684,0.38999998569488525,0.20418193936347961,21084000
2002-06-07,0.38999998569488525,0.38999998569488525,0.3799999952316284,0.3799999952316284,0.1989465355873108,1904000
2002-06-10,0.3799999952316284,0.38499999046325684,0.3799999952316284,0.38499999046325684,0.2015642374753952,1660000
2002-06-11,0.38499999046325684,0.38999998569488525,0.3799999952316284,0.38499999046325684,0.2015642374753952,1988000
2002-06-12,0.3799999952316284,0.38499999046325684,0.3799999952316284,0.3799999952316284,0.1989465355873108,912000
2002-06-13,0.375,0.3799999952316284,0.375,0.3799999952316284,0.1989465355873108,1044000
2002-06-14,0.38499999046325684,0.38499999046325684,0.375,0.375,0.19632884860038757,648000
2002-06-17,0.375,0.375,0.36500000953674316,0.3700000047683716,0.19371111690998077,2284000
2002-06-18,0.3700000047683716,0.375,0.36500000953674316,0.36500000953674316,0.19109338521957397,2184000
2002-06-19,0.36000001430511475,0.36000001430511475,0.3199999928474426,0.33500000834465027,0.17538702487945557,7368000
2002-06-20,0.33000001311302185,0.3449999988079071,0.32499998807907104,0.3400000035762787,0.17800478637218475,2272000
2002-06-21,0.33000001311302185,0.33000001311302185,0.3050000071525574,0.32499998807907104,0.17015163600444794,10108000
2002-06-24,0.3149999976158142,0.3400000035762787,0.3149999976158142,0.3199999928474426,0.16753393411636353,4352000
2002-06-25,0.3400000035762787,0.3400000035762787,0.3199999928474426,0.32499998807907104,0.17015163600444794,5560000
2002-06-26,0.3149999976158142,0.3199999928474426,0.3100000023841858,0.3199999928474426,0.16753393411636353,4640000
2002-06-27,0.3149999976158142,0.3199999928474426,0.3149999976158142,0.3149999976158142,0.16491621732711792,876000
2002-06-28,0.3199999928474426,0.3199999928474426,0.3100000023841858,0.3149999976158142,0.16491621732711792,916000
2002-07-01,0.3149999976158142,0.3149999976158142,0.3149999976158142,0.3149999976158142,0.16491621732711792,0
2002-07-02,0.3100000023841858,0.3149999976158142,0.3100000023841858,0.3149999976158142,0.16491621732711792,840000
2002-07-03,0.3149999976158142,0.3199999928474426,0.3100000023841858,0.3199999928474426,0.16753393411636353,1032000
2002-07-04,0.3199999928474426,0.33000001311302185,0.3199999928474426,0.32499998807907104,0.17015163600444794,2428000
2002-07-05,0.33000001311302185,0.33000001311302185,0.3199999928474426,0.32499998807907104,0.17015163600444794,528000
2002-07-08,0.33000001311302185,0.33000001311302185,0.3199999928474426,0.3199999928474426,0.16753393411636353,1204000
2002-07-09,0.3149999976158142,0.3199999928474426,0.3149999976158142,0.3199999928474426,0.16753393411636353,820000
2002-07-10,0.3100000023841858,0.3149999976158142,0.3100000023841858,0.3149999976158142,0.16491621732711792,1284000
2002-07-11,0.3149999976158142,0.3149999976158142,0.3100000023841858,0.3149999976158142,0.16491621732711792,264000
2002-07-12,0.3149999976158142,0.3149999976158142,0.3100000023841858,0.3100000023841858,0.16229848563671112,640000
2002-07-15,0.3149999976158142,0.3149999976158142,0.3100000023841858,0.3100000023841858,0.16229848563671112,952000
2002-07-16,0.3050000071525574,0.3050000071525574,0.30000001192092896,0.3050000071525574,0.15968075394630432,1400000
2002-07-17,0.3050000071525574,0.3050000071525574,0.29499998688697815,0.30000001192092896,0.15706303715705872,980000
2002-07-18,0.30000001192092896,0.30000001192092896,0.30000001192092896,0.30000001192092896,0.15706303715705872,1300000
2002-07-19,0.30000001192092896,0.3100000023841858,0.28999999165534973,0.3100000023841858,0.16229848563671112,4880000
2002-07-22,0.2849999964237213,0.29499998688697815,0.2849999964237213,0.29499998688697815,0.15444529056549072,1732000
2002-07-23,0.3050000071525574,0.3100000023841858,0.29499998688697815,0.3100000023841858,0.16229848563671112,788000
2002-07-24,0.30000001192092896,0.3050000071525574,0.28999999165534973,0.28999999165534973,0.1518276035785675,2676000
2002-07-25,0.30000001192092896,0.30000001192092896,0.2750000059604645,0.28999999165534973,0.1518276035785675,3048000
2002-07-26,0.2800000011920929,0.29499998688697815,0.2750000059604645,0.2849999964237213,0.1492099165916443,2864000
2002-07-29,0.2849999964237213,0.29499998688697815,0.2849999964237213,0.28999999165534973,0.1518276035785675,1660000
2002-07-30,0.30000001192092896,0.30000001192092896,0.29499998688697815,0.29499998688697815,0.15444529056549072,1020000
2002-07-31,0.29499998688697815,0.30000001192092896,0.29499998688697815,0.29499998688697815,0.15444529056549072,356000
2002-08-01,0.28999999165534973,0.29499998688697815,0.28999999165534973,0.29499998688697815,0.15444529056549072,380000
2002-08-02,0.28999999165534973,0.29499998688697815,0.2849999964237213,0.29499998688697815,0.15444529056549072,528000
2002-08-05,0.28999999165534973,0.29499998688697815,0.2849999964237213,0.29499998688697815,0.15444529056549072,640000
2002-08-06,0.2800000011920929,0.28999999165534973,0.2800000011920929,0.28999999165534973,0.1518276035785675,448000
2002-08-07,0.28999999165534973,0.29499998688697815,0.2849999964237213,0.28999999165534973,0.1518276035785675,4576000
2002-08-08,0.29499998688697815,0.29499998688697815,0.28999999165534973,0.29499998688697815,0.15444529056549072,3884000
2002-08-09,0.28999999165534973,0.29499998688697815,0.28999999165534973,0.28999999165534973,0.1518276035785675,3712000
2002-08-12,0.2849999964237213,0.2849999964237213,0.2849999964237213,0.2849999964237213,0.1492099165916443,520000
2002-08-13,0.2849999964237213,0.28999999165534973,0.2849999964237213,0.28999999165534973,0.1518276035785675,344000
2002-08-14,0.28999999165534973,0.29499998688697815,0.28999999165534973,0.29499998688697815,0.15444529056549072,208000
2002-08-15,0.30000001192092896,0.30000001192092896,0.29499998688697815,0.30000001192092896,0.15706303715705872,1744000
2002-08-16,0.30000001192092896,0.3100000023841858,0.30000001192092896,0.3100000023841858,0.16229848563671112,504000
2002-08-19,0.3100000023841858,0.3100000023841858,0.30000001192092896,0.30000001192092896,0.15706303715705872,228000
2002-08-20,0.30000001192092896,0.3149999976158142,0.30000001192092896,0.3149999976158142,0.16491621732711792,1088000
2002-08-21,0.3100000023841858,0.3199999928474426,0.3100000023841858,0.3149999976158142,0.16491621732711792,1080000
2002-08-22,0.30000001192092896,0.3050000071525574,0.30000001192092896,0.30000001192092896,0.16771136224269867,1076000
2002-08-23,0.30000001192092896,0.30000001192092896,0.30000001192092896,0.30000001192092896,0.16771136224269867,0
2002-08-26,0.29499998688697815,0.29499998688697815,0.28999999165534973,0.28999999165534973,0.1621209979057312,196000
2002-08-27,0.28999999165534973,0.28999999165534973,0.2800000011920929,0.2800000011920929,0.15653063356876373,484000
2002-08-28,0.2849999964237213,0.28999999165534973,0.2849999964237213,0.28999999165534973,0.1621209979057312,116000
2002-08-29,0.2800000011920929,0.2849999964237213,0.2800000011920929,0.2849999964237213,0.15932580828666687,424000
2002-08-30,0.29499998688697815,0.30000001192092896,0.28999999165534973,0.29499998688697815,0.16491617262363434,428000
2002-09-02,0.28999999165534973,0.28999999165534973,0.28999999165534973,0.28999999165534973,0.1621209979057312,100000
2002-09-03,0.2800000011920929,0.28999999165534973,0.2800000011920929,0.28999999165534973,0.1621209979057312,496000
2002-09-04,0.26499998569488525,0.30000001192092896,0.26499998569488525,0.30000001192092896,0.16771136224269867,964000
2002-09-05,0.29499998688697815,0.29499998688697815,0.2849999964237213,0.2849999964237213,0.15932580828666687,240000
2002-09-06,0.28999999165534973,0.28999999165534973,0.2849999964237213,0.2849999964237213,0.15932580828666687,512000
2002-09-09,0.28999999165534973,0.28999999165534973,0.2849999964237213,0.28999999165534973,0.1621209979057312,228000
2002-09-10,0.28999999165534973,0.29499998688697815,0.2849999964237213,0.29499998688697815,0.16491617262363434,660000
2002-09-11,0.28999999165534973,0.29499998688697815,0.28999999165534973,0.29499998688697815,0.16491617262363434,136000
2002-09-12,0.29499998688697815,0.29499998688697815,0.28999999165534973,0.29499998688697815,0.16491617262363434,492000
2002-09-13,0.29499998688697815,0.29499998688697815,0.2849999964237213,0.2849999964237213,0.15932580828666687,0
2002-09-16,0.28999999165534973,0.28999999165534973,0.2800000011920929,0.28999999165534973,0.1621209979057312,640000
2002-09-17,0.28999999165534973,0.28999999165534973,0.2849999964237213,0.28999999165534973,0.1621209979057312,424000
2002-09-18,0.27000001072883606,0.28999999165534973,0.27000001072883606,0.28999999165534973,0.1621209979057312,344000
2002-09-19,0.29499998688697815,0.29499998688697815,0.29499998688697815,0.29499998688697815,0.16491617262363434,20000
2002-09-20,0.2750000059604645,0.30000001192092896,0.2750000059604645,0.30000001192092896,0.16771136224269867,892000
2002-09-23,0.29499998688697815,0.29499998688697815,0.2849999964237213,0.29499998688697815,0.16491617262363434,900000
2002-09-24,0.2849999964237213,0.2849999964237213,0.2750000059604645,0.2849999964237213,0.15932580828666687,388000
2002-09-25,0.2849999964237213,0.2849999964237213,0.2849999964237213,0.2849999964237213,0.15932580828666687,40000
2002-09-26,0.2849999964237213,0.2849999964237213,0.2849999964237213,0.2849999964237213,0.15932580828666687,240000
2002-09-27,0.28999999165534973,0.28999999165534973,0.28999999165534973,0.28999999165534973,0.1621209979057312,360000
2002-09-30,0.28999999165534973,0.28999999165534973,0.28999999165534973,0.28999999165534973,0.1621209979057312,24000
2002-10-01,0.28999999165534973,0.28999999165534973,0.28999999165534973,0.28999999165534973,0.1621209979057312,0
2002-10-02,0.2849999964237213,0.28999999165534973,0.2849999964237213,0.2849999964237213,0.15932580828666687,768000
2002-10-03,0.2849999964237213,0.2849999964237213,0.2750000059604645,0.2750000059604645,0.1537354439496994,436000
2002-10-04,0.27000001072883606,0.2800000011920929,0.27000001072883606,0.2800000011920929,0.15653063356876373,404000
2002-10-07,0.27000001072883606,0.2750000059604645,0.25999999046325684,0.2750000059604645,0.1537354439496994,604000
2002-10-08,0.26499998569488525,0.2750000059604645,0.25999999046325684,0.27000001072883606,0.15094023942947388,476000
2002-10-09,0.27000001072883606,0.27000001072883606,0.25999999046325684,0.27000001072883606,0.15094023942947388,488000
2002-10-10,0.25999999046325684,0.27000001072883606,0.25999999046325684,0.27000001072883606,0.15094023942947388,200000
2002-10-11,0.2750000059604645,0.2800000011920929,0.27000001072883606,0.2800000011920929,0.15653063356876373,300000
2002-10-14,0.2800000011920929,0.2800000011920929,0.2800000011920929,0.2800000011920929,0.15653063356876373,0
2002-10-15,0.28999999165534973,0.28999999165534973,0.2800000011920929,0.2800000011920929,0.15653063356876373,536000
2002-10-16,0.2849999964237213,0.28999999165534973,0.2849999964237213,0.28999999165534973,0.1621209979057312,828000
2002-10-17,0.28999999165534973,0.28999999165534973,0.2750000059604645,0.2800000011920929,0.15653063356876373,620000
2002-10-18,0.2849999964237213,0.29499998688697815,0.2849999964237213,0.29499998688697815,0.16491617262363434,304000
2002-10-21,0.2849999964237213,0.28999999165534973,0.2849999964237213,0.28999999165534973,0.1621209979057312,164000
2002-10-22,0.2849999964237213,0.28999999165534973,0.2849999964237213,0.28999999165534973,0.1621209979057312,400000
2002-10-23,0.2849999964237213,0.29499998688697815,0.2849999964237213,0.29499998688697815,0.16491617262363434,724000
2002-10-24,0.28999999165534973,0.28999999165534973,0.28999999165534973,0.28999999165534973,0.1621209979057312,244000
2002-10-25,0.28999999165534973,0.28999999165534973,0.28999999165534973,0.28999999165534973,0.1621209979057312,376000
2002-10-28,0.28999999165534973,0.28999999165534973,0.28999999165534973,0.28999999165534973,0.1621209979057312,616000
2002-10-29,0.29499998688697815,0.30000001192092896,0.29499998688697815,0.30000001192092896,0.16771136224269867,2540000
2002-10-30,0.29499998688697815,0.29499998688697815,0.28999999165534973,0.28999999165534973,0.1621209979057312,196000
2002-10-31,0.30000001192092896,0.30000001192092896,0.28999999165534973,0.28999999165534973,0.1621209979057312,1076000
2002-11-01,0.30000001192092896,0.30000001192092896,0.28999999165534973,0.28999999165534973,0.1621209979057312,204000
2002-11-04,0.28999999165534973,0.29499998688697815,0.28999999165534973,0.28999999165534973,0.1621209979057312,364000
2002-11-05,0.2849999964237213,0.28999999165534973,0.2849999964237213,0.28999999165534973,0.1621209979057312,336000
2002-11-06,0.28999999165534973,0.28999999165534973,0.2849999964237213,0.2849999964237213,0.15932580828666687,1600000
2002-11-07,0.2849999964237213,0.28999999165534973,0.2849999964237213,0.2849999964237213,0.15932580828666687,2804000
2002-11-08,0.26499998569488525,0.2849999964237213,0.26499998569488525,0.2849999964237213,0.15932580828666687,1824000
2002-11-11,0.2849999964237213,0.29499998688697815,0.2849999964237213,0.29499998688697815,0.16491617262363434,884000
2002-11-12,0.28999999165534973,0.30000001192092896,0.28999999165534973,0.30000001192092896,0.16771136224269867,3168000
2002-11-13,0.30000001192092896,0.32499998807907104,0.30000001192092896,0.32499998807907104,0.18168729543685913,7524000
2002-11-14,0.32499998807907104,0.32499998807907104,0.3199999928474426,0.32499998807907104,0.18168729543685913,3092000
2002-11-15,0.33000001311302185,0.33000001311302185,0.32499998807907104,0.32499998807907104,0.18168729543685913,3588000
2002-11-18,0.33000001311302185,0.33000001311302185,0.3199999928474426,0.3199999928474426,0.17889215052127838,768000
2002-11-19,0.3199999928474426,0.3199999928474426,0.3149999976158142,0.3199999928474426,0.17889215052127838,2528000
2002-11-20,0.32499998807907104,0.32499998807907104,0.3199999928474426,0.32499998807907104,0.18168729543685913,1124000
2002-11-21,0.32499998807907104,0.32499998807907104,0.32499998807907104,0.32499998807907104,0.18168729543685913,1708000
2002-11-22,0.33000001311302185,0.3400000035762787,0.33000001311302185,0.33500000834465027,0.1872776746749878,1128000
2002-11-25,0.33000001311302185,0.3400000035762787,0.33000001311302185,0.3400000035762787,0.19007287919521332,344000
2002-11-26,0.33500000834465027,0.33500000834465027,0.33500000834465027,0.33500000834465027,0.1872776746749878,692000
2002-11-27,0.33500000834465027,0.33500000834465027,0.33500000834465027,0.33500000834465027,0.1872776746749878,2100000
2002-11-28,0.3400000035762787,0.3400000035762787,0.33500000834465027,0.33500000834465027,0.1872776746749878,4616000
2002-11-29,0.33000001311302185,0.33500000834465027,0.33000001311302185,0.33000001311302185,0.18448254466056824,900000
2002-12-02,0.33000001311302185,0.33000001311302185,0.33000001311302185,0.33000001311302185,0.18448254466056824,0
2002-12-03,0.33500000834465027,0.3499999940395355,0.33500000834465027,0.3499999940395355,0.19566327333450317,3264000
2002-12-04,0.3499999940395355,0.3499999940395355,0.3449999988079071,0.3499999940395355,0.19566327333450317,2520000
2002-12-05,0.3499999940395355,0.3499999940395355,0.3499999940395355,0.3499999940395355,0.19566327333450317,360000
2002-12-06,0.3499999940395355,0.36000001430511475,0.3499999940395355,0.3499999940395355,0.19566327333450317,3764000
2002-12-09,0.35499998927116394,0.36500000953674316,0.3499999940395355,0.3499999940395355,0.19566327333450317,3384000
2002-12-10,0.35499998927116394,0.375,0.35499998927116394,0.3700000047683716,0.2068440318107605,9068000
2002-12-11,0.3700000047683716,0.375,0.36500000953674316,0.36500000953674316,0.20404884219169617,3180000
2002-12-12,0.36500000953674316,0.38499999046325684,0.36500000953674316,0.38499999046325684,0.2152295857667923,4604000
2002-12-13,0.38499999046325684,0.38499999046325684,0.375,0.38499999046325684,0.2152295857667923,1908000
2002-12-16,0.375,0.38499999046325684,0.375,0.3799999952316284,0.21243441104888916,532000
2002-12-17,0.38499999046325684,0.38999998569488525,0.38499999046325684,0.38499999046325684,0.2152295857667923,2112000
2002-12-18,0.38499999046325684,0.38499999046325684,0.3799999952316284,0.38499999046325684,0.2152295857667923,624000
2002-12-19,0.3799999952316284,0.38999998569488525,0.3799999952316284,0.38999998569488525,0.21802473068237305,932000
2002-12-20,0.38999998569488525,0.38999998569488525,0.38499999046325684,0.38999998569488525,0.21802473068237305,1060000
2002-12-23,0.375,0.38999998569488525,0.375,0.38999998569488525,0.2208562195301056,720000
2002-12-24,0.38999998569488525,0.38999998569488525,0.38999998569488525,0.38999998569488525,0.2208562195301056,300000
2002-12-25,0.38999998569488525,0.38999998569488525,0.38999998569488525,0.38999998569488525,0.2208562195301056,0
2002-12-26,0.38999998569488525,0.38999998569488525,0.38999998569488525,0.38999998569488525,0.2208562195301056,0
2002-12-27,0.38499999046325684,0.38999998569488525,0.38499999046325684,0.38999998569488525,0.2208562195301056,220000
2002-12-30,0.375,0.3799999952316284,0.3700000047683716,0.3799999952316284,0.21519330143928528,828000
2002-12-31,0.3799999952316284,0.38499999046325684,0.3799999952316284,0.38499999046325684,0.21802479028701782,776000
2003-01-01,0.38499999046325684,0.38499999046325684,0.38499999046325684,0.38499999046325684,0.21802479028701782,0
2003-01-02,0.3799999952316284,0.38499999046325684,0.3799999952316284,0.38499999046325684,0.21802479028701782,670666
2003-01-03,0.38499999046325684,0.38499999046325684,0.3799999952316284,0.38499999046325684,0.21802479028701782,332000
2003-01-06,0.3799999952316284,0.3799999952316284,0.3799999952316284,0.3799999952316284,0.21519330143928528,4288000
2003-01-07,0.375,0.3799999952316284,0.3700000047683716,0.375,0.21236181259155273,1740000
2003-01-08,0.3700000047683716,0.375,0.36000001430511475,0.375,0.21236181259155273,1968000
2003-01-09,0.36500000953674316,0.3799999952316284,0.36500000953674316,0.3799999952316284,0.21519330143928528,284000
2003-01-10,0.3799999952316284,0.3799999952316284,0.3799999952316284,0.3799999952316284,0.21519330143928528,216000
2003-01-13,0.3700000047683716,0.375,0.36000001430511475,0.375,0.21236181259155273,300000
2003-01-14,0.3700000047683716,0.3700000047683716,0.36000001430511475,0.36500000953674316,0.20669883489608765,800000
2003-01-15,0.36000001430511475,0.36500000953674316,0.36000001430511475,0.36500000953674316,0.20669883489608765,216000
2003-01-16,0.36500000953674316,0.36500000953674316,0.36000001430511475,0.36000001430511475,0.2038673460483551,1304000
2003-01-17,0.35499998927116394,0.36500000953674316,0.35499998927116394,0.36500000953674316,0.20669883489608765,632000
2003-01-20,0.3700000047683716,0.3700000047683716,0.36500000953674316,0.36500000953674316,0.20669883489608765,1404000
2003-01-21,0.36500000953674316,0.375,0.36500000953674316,0.375,0.21236181259155273,340000
2003-01-22,0.3700000047683716,0.3700000047683716,0.3700000047683716,0.3700000047683716,0.2095303237438202,288000
2003-01-23,0.36500000953674316,0.3799999952316284,0.36500000953674316,0.3799999952316284,0.21519330143928528,208000
2003-01-24,0.3700000047683716,0.3700000047683716,0.3700000047683716,0.3700000047683716,0.2095303237438202,1204000
2003-01-27,0.36500000953674316,0.36500000953674316,0.36500000953674316,0.36500000953674316,0.20669883489608765,484000
2003-01-28,0.36500000953674316,0.36500000953674316,0.36500000953674316,0.36500000953674316,0.20669883489608765,140000
2003-01-29,0.3700000047683716,0.375,0.3700000047683716,0.3700000047683716,0.2095303237438202,1660000
2003-01-30,0.3700000047683716,0.3700000047683716,0.3700000047683716,0.3700000047683716,0.2095303237438202,100000
2003-01-31,0.3700000047683716,0.3700000047683716,0.3700000047683716,0.3700000047683716,0.2095303237438202,0
2003-02-03,0.3700000047683716,0.3700000047683716,0.3700000047683716,0.3700000047683716,0.2095303237438202,0
2003-02-04,0.3700000047683716,0.38499999046325684,0.3700000047683716,0.3799999952316284,0.21519330143928528,1684000
2003-02-05,0.3799999952316284,0.38499999046325684,0.3799999952316284,0.38499999046325684,0.21802479028701782,900000
2003-02-06,0.38499999046325684,0.42500001192092896,0.38499999046325684,0.42500001192092896,0.24067671597003937,13128000
2003-02-07,0.41999998688697815,0.44999998807907104,0.41499999165534973,0.4300000071525574,0.2435082048177719,7204000
2003-02-10,0.42500001192092896,0.42500001192092896,0.41499999165534973,0.41999998688697815,0.23784519731998444,1672000
2003-02-11,0.41999998688697815,0.4449999928474426,0.41499999165534973,0.4449999928474426,0.2520027160644531,5300000
2003-02-12,0.4449999928474426,0.46000000834465027,0.4350000023841858,0.45500001311302185,0.25766560435295105,15252000
2003-02-13,0.44999998807907104,0.4749999940395355,0.44999998807907104,0.4699999988079071,0.2661600410938263,4156000
2003-02-14,0.48500001430511475,0.5099999904632568,0.47999998927116394,0.5049999952316284,0.28598055243492126,19144000
2003-02-17,0.5,0.5099999904632568,0.47999998927116394,0.48500001430511475,0.2746545970439911,4204000
2003-02-18,0.4749999940395355,0.47999998927116394,0.4650000035762787,0.4650000035762787,0.26332855224609375,2332000
2003-02-19,0.4699999988079071,0.49000000953674316,0.4699999988079071,0.47999998927116394,0.2718232274055481,3128000
2003-02-20,0.47999998927116394,0.47999998927116394,0.46000000834465027,0.4749999940395355,0.2689916491508484,1896000
2003-02-21,0.4650000035762787,0.4699999988079071,0.45500001311302185,0.4650000035762787,0.26332855224609375,3452000
2003-02-24,0.4749999940395355,0.4749999940395355,0.45500001311302185,0.45500001311302185,0.25766560435295105,2004000
2003-02-25,0.46000000834465027,0.4749999940395355,0.45500001311302185,0.46000000834465027,0.26049721240997314,7124000
2003-02-26,0.4699999988079071,0.5,0.4699999988079071,0.47999998927116394,0.2718232274055481,10844000
2003-02-27,0.47999998927116394,0.4950000047683716,0.4650000035762787,0.4749999940395355,0.2689916491508484,8684000
2003-02-28,0.4749999940395355,0.4749999940395355,0.4650000035762787,0.4699999988079071,0.2661600410938263,2304000
2003-03-03,0.4699999988079071,0.4699999988079071,0.44999998807907104,0.45500001311302185,0.25766560435295105,4544000
2003-03-04,0.45500001311302185,0.4650000035762787,0.44999998807907104,0.45500001311302185,0.25766560435295105,4256000
2003-03-05,0.44999998807907104,0.46000000834465027,0.4350000023841858,0.44999998807907104,0.2548341751098633,3912000
2003-03-06,0.4650000035762787,0.47999998927116394,0.4449999928474426,0.4449999928474426,0.2520027160644531,11356000
2003-03-07,0.44999998807907104,0.45500001311302185,0.4399999976158142,0.45500001311302185,0.25766560435295105,1980000
2003-03-10,0.4449999928474426,0.44999998807907104,0.4399999976158142,0.44999998807907104,0.2548341751098633,2788000
2003-03-11,0.4449999928474426,0.45500001311302185,0.4399999976158142,0.44999998807907104,0.2548341751098633,876000
2003-03-12,0.45500001311302185,0.4749999940395355,0.44999998807907104,0.4650000035762787,0.26332855224609375,4684000
2003-03-13,0.4699999988079071,0.4699999988079071,0.46000000834465027,0.46000000834465027,0.26049721240997314,484000
2003-03-14,0.4699999988079071,0.4699999988079071,0.45500001311302185,0.46000000834465027,0.26049721240997314,1584000
2003-03-17,0.45500001311302185,0.4650000035762787,0.4449999928474426,0.46000000834465027,0.26049721240997314,1788000
2003-03-18,0.46000000834465027,0.46000000834465027,0.45500001311302185,0.45500001311302185,0.25766560435295105,592000
2003-03-19,0.45500001311302185,0.46000000834465027,0.45500001311302185,0.46000000834465027,0.26049721240997314,556000
2003-03-20,0.46000000834465027,0.47999998927116394,0.46000000834465027,0.4650000035762787,0.26332855224609375,44472000
2003-03-21,0.46000000834465027,0.4650000035762787,0.45500001311302185,0.46000000834465027,0.26049721240997314,732000
2003-03-24,0.45500001311302185,0.46000000834465027,0.44999998807907104,0.44999998807907104,0.2548341751098633,1464000
2003-03-25,0.44999998807907104,0.44999998807907104,0.4449999928474426,0.4449999928474426,0.2520027160644531,1272000
2003-03-26,0.44999998807907104,0.44999998807907104,0.4350000023841858,0.4350000023841858,0.24633966386318207,2824000
2003-03-27,0.42500001192092896,0.42500001192092896,0.4099999964237213,0.42500001192092896,0.24067671597003937,5236000
2003-03-28,0.41499999165534973,0.42500001192092896,0.41499999165534973,0.42500001192092896,0.24067671597003937,1540000
2003-03-31,0.41499999165534973,0.41499999165534973,0.4000000059604645,0.4050000011920929,0.22935077548027039,3780000
2003-04-01,0.4050000011920929,0.4050000011920929,0.39500001072883606,0.39500001072883606,0.2236878126859665,1560000
2003-04-02,0.39500001072883606,0.4000000059604645,0.39500001072883606,0.4000000059604645,0.22651928663253784,1872000
2003-04-03,0.4050000011920929,0.4050000011920929,0.4000000059604645,0.4000000059604645,0.22651928663253784,812000
2003-04-04,0.4000000059604645,0.4000000059604645,0.39500001072883606,0.39500001072883606,0.2236878126859665,360000
2003-04-07,0.39500001072883606,0.4050000011920929,0.38999998569488525,0.4000000059604645,0.22651928663253784,1528000
2003-04-08,0.39500001072883606,0.4000000059604645,0.39500001072883606,0.4000000059604645,0.22651928663253784,852000
2003-04-09,0.4000000059604645,0.4000000059604645,0.3799999952316284,0.38999998569488525,0.2208562195301056,1964000
2003-04-10,0.3799999952316284,0.38499999046325684,0.3799999952316284,0.38499999046325684,0.21802479028701782,336000
2003-04-11,0.3799999952316284,0.3799999952316284,0.375,0.3799999952316284,0.21519330143928528,1236000
2003-04-14,0.35499998927116394,0.36000001430511475,0.35499998927116394,0.36000001430511475,0.2038673460483551,492000
2003-04-15,0.3799999952316284,0.3799999952316284,0.3700000047683716,0.3799999952316284,0.21519330143928528,1316000
2003-04-16,0.375,0.38999998569488525,0.375,0.38999998569488525,0.2208562195301056,1696000
2003-04-17,0.38999998569488525,0.38999998569488525,0.375,0.38499999046325684,0.21802479028701782,400000
2003-04-18,0.38499999046325684,0.38499999046325684,0.38499999046325684,0.38499999046325684,0.21802479028701782,0
2003-04-21,0.38499999046325684,0.38499999046325684,0.38499999046325684,0.38499999046325684,0.21802479028701782,0
2003-04-22,0.38499999046325684,0.38999998569488525,0.3700000047683716,0.38999998569488525,0.2208562195301056,964000
2003-04-23,0.3700000047683716,0.38999998569488525,0.3700000047683716,0.38999998569488525,0.2208562195301056,36000
2003-04-24,0.4000000059604645,0.4000000059604645,0.38499999046325684,0.38999998569488525,0.2208562195301056,2144000
2003-04-25,0.375,0.375,0.36000001430511475,0.36000001430511475,0.2038673460483551,1660000
2003-04-28,0.36500000953674316,0.4099999964237213,0.36500000953674316,0.4050000011920929,0.22935077548027039,14372000
2003-04-29,0.4099999964237213,0.42500001192092896,0.4099999964237213,0.41499999165534973,0.23501375317573547,3260000
2003-04-30,0.4300000071525574,0.4300000071525574,0.4000000059604645,0.4000000059604645,0.22651928663253784,1156000
2003-05-01,0.4000000059604645,0.4000000059604645,0.4000000059604645,0.4000000059604645,0.22651928663253784,0
2003-05-02,0.4000000059604645,0.4050000011920929,0.4000000059604645,0.4050000011920929,0.22935077548027039,360000
2003-05-05,0.41499999165534973,0.4300000071525574,0.41499999165534973,0.42500001192092896,0.24067671597003937,700000
2003-05-06,0.41499999165534973,0.41999998688697815,0.41499999165534973,0.41999998688697815,0.23784519731998444,2204000
2003-05-07,0.42500001192092896,0.4350000023841858,0.41999998688697815,0.42500001192092896,0.24067671597003937,5724000
2003-05-08,0.42500001192092896,0.42500001192092896,0.42500001192092896,0.42500001192092896,0.24067671597003937,0
2003-05-09,0.4050000011920929,0.41999998688697815,0.4050000011920929,0.41499999165534973,0.23501375317573547,348000
2003-05-12,0.41499999165534973,0.42500001192092896,0.41499999165534973,0.42500001192092896,0.24067671597003937,992000
2003-05-13,0.42500001192092896,0.4300000071525574,0.42500001192092896,0.42500001192092896,0.24067671597003937,828000
2003-05-14,0.42500001192092896,0.4350000023841858,0.42500001192092896,0.42500001192092896,0.24067671597003937,6440000
2003-05-15,0.42500001192092896,0.42500001192092896,0.41999998688697815,0.42500001192092896,0.24067671597003937,764000
2003-05-16,0.42500001192092896,0.44999998807907104,0.42500001192092896,0.4300000071525574,0.2435082048177719,1388000
2003-05-19,0.4300000071525574,0.4300000071525574,0.42500001192092896,0.42500001192092896,0.24067671597003937,2376000
2003-05-20,0.42500001192092896,0.4300000071525574,0.42500001192092896,0.42500001192092896,0.24067671597003937,904000
2003-05-21,0.42500001192092896,0.42500001192092896,0.41999998688697815,0.41999998688697815,0.23784519731998444,1900000
2003-05-22,0.41999998688697815,0.41999998688697815,0.41999998688697815,0.41999998688697815,0.23784519731998444,420000
2003-05-23,0.41999998688697815,0.4300000071525574,0.41999998688697815,0.42500001192092896,0.24067671597003937,784000
2003-05-26,0.4449999928474426,0.4650000035762787,0.4399999976158142,0.46000000834465027,0.26049721240997314,10376000
2003-05-27,0.46000000834465027,0.4650000035762787,0.44999998807907104,0.46000000834465027,0.26049721240997314,3486000
2003-05-28,0.4650000035762787,0.4650000035762787,0.4449999928474426,0.4449999928474426,0.2520027160644531,1648000
2003-05-29,0.44999998807907104,0.44999998807907104,0.4350000023841858,0.4449999928474426,0.2520027160644531,1672000
2003-05-30,0.4449999928474426,0.4449999928474426,0.4399999976158142,0.4399999976158142,0.24917122721672058,760000
2003-06-02,0.44999998807907104,0.45500001311302185,0.4449999928474426,0.44999998807907104,0.2548341751098633,1244000
2003-06-03,0.4350000023841858,0.44999998807907104,0.4350000023841858,0.44999998807907104,0.2548341751098633,1472000
2003-06-04,0.44999998807907104,0.44999998807907104,0.44999998807907104,0.44999998807907104,0.2548341751098633,0
2003-06-05,0.46000000834465027,0.46000000834465027,0.4449999928474426,0.4449999928474426,0.2520027160644531,1208002
2003-06-06,0.4399999976158142,0.4449999928474426,0.4399999976158142,0.4449999928474426,0.2520027160644531,264000
2003-06-09,0.4399999976158142,0.4399999976158142,0.4350000023841858,0.4399999976158142,0.24917122721672058,1400000
2003-06-10,0.4399999976158142,0.44999998807907104,0.4399999976158142,0.44999998807907104,0.2548341751098633,1044000
2003-06-11,0.4449999928474426,0.44999998807907104,0.4449999928474426,0.4449999928474426,0.2520027160644531,508000
2003-06-12,0.44999998807907104,0.45500001311302185,0.4449999928474426,0.45500001311302185,0.25766560435295105,1284000
2003-06-13,0.45500001311302185,0.46000000834465027,0.4449999928474426,0.4449999928474426,0.2520027160644531,2860000
2003-06-16,0.44999998807907104,0.44999998807907104,0.4449999928474426,0.4449999928474426,0.2520027160644531,1220000
2003-06-17,0.45500001311302185,0.45500001311302185,0.4399999976158142,0.4399999976158142,0.24917122721672058,7788000
2003-06-18,0.45500001311302185,0.46000000834465027,0.4449999928474426,0.44999998807907104,0.2548341751098633,3952000
2003-06-19,0.4449999928474426,0.45500001311302185,0.4449999928474426,0.4449999928474426,0.2520027160644531,612000
2003-06-20,0.4350000023841858,0.4449999928474426,0.4350000023841858,0.4449999928474426,0.2520027160644531,1536000
2003-06-23,0.44999998807907104,0.44999998807907104,0.4449999928474426,0.4449999928474426,0.2520027160644531,2296000
2003-06-24,0.4449999928474426,0.44999998807907104,0.4449999928474426,0.44999998807907104,0.2548341751098633,528000
2003-06-25,0.45500001311302185,0.47999998927116394,0.44999998807907104,0.4749999940395355,0.2689916491508484,46211200
2003-06-26,0.4749999940395355,0.4749999940395355,0.45500001311302185,0.46000000834465027,0.26049721240997314,4976000
2003-06-27,0.4650000035762787,0.4650000035762787,0.46000000834465027,0.46000000834465027,0.26049721240997314,1912000
2003-06-30,0.46000000834465027,0.46000000834465027,0.45500001311302185,0.46000000834465027,0.26049721240997314,1216000
2003-07-01,0.46000000834465027,0.46000000834465027,0.46000000834465027,0.46000000834465027,0.26049721240997314,0
2003-07-02,0.4650000035762787,0.4699999988079071,0.46000000834465027,0.4699999988079071,0.2661600410938263,3456000
2003-07-03,0.4699999988079071,0.47999998927116394,0.4699999988079071,0.4699999988079071,0.2661600410938263,4240000
2003-07-04,0.4749999940395355,0.5049999952316284,0.4749999940395355,0.5,0.2831491231918335,8872000
2003-07-07,0.5,0.5149999856948853,0.49000000953674316,0.5049999952316284,0.28598055243492126,6864000
2003-07-08,0.5099999904632568,0.5149999856948853,0.4950000047683716,0.5,0.2831491231918335,3192000
2003-07-09,0.5,0.5,0.49000000953674316,0.49000000953674316,0.2774861454963684,2388000
2003-07-10,0.49000000953674316,0.5,0.49000000953674316,0.4950000047683716,0.2803176939487457,1316000
2003-07-11,0.49000000953674316,0.4950000047683716,0.49000000953674316,0.4950000047683716,0.2803176939487457,1252000
2003-07-14,0.5,0.5,0.4950000047683716,0.5,0.2831491231918335,4076000
2003-07-15,0.5049999952316284,0.5049999952316284,0.4950000047683716,0.4950000047683716,0.2803176939487457,3120000
2003-07-16,0.5049999952316284,0.5099999904632568,0.4950000047683716,0.5049999952316284,0.28598055243492126,3756000
2003-07-17,0.4950000047683716,0.5049999952316284,0.49000000953674316,0.49000000953674316,0.2774861454963684,5512000
2003-07-18,0.49000000953674316,0.4950000047683716,0.49000000953674316,0.4950000047683716,0.2803176939487457,2060000
2003-07-21,0.5,0.5,0.4950000047683716,0.4950000047683716,0.2803176939487457,1400000
2003-07-22,0.49000000953674316,0.4950000047683716,0.48500001430511475,0.49000000953674316,0.2774861454963684,1520000
2003-07-23,0.49000000953674316,0.4950000047683716,0.49000000953674316,0.4950000047683716,0.2803176939487457,1285066
2003-07-24,0.49000000953674316,0.5,0.49000000953674316,0.4950000047683716,0.2803176939487457,800000
2003-07-25,0.4950000047683716,0.4950000047683716,0.4950000047683716,0.4950000047683716,0.2803176939487457,1553440
2003-07-28,0.5,0.5849999785423279,0.5,0.574999988079071,0.32562148571014404,24058344
2003-07-29,0.574999988079071,0.625,0.574999988079071,0.6000000238418579,0.339778870344162,16824000
2003-07-30,0.6150000095367432,0.6449999809265137,0.6150000095367432,0.6399999856948853,0.3624308705329895,22148000
2003-07-31,0.6399999856948853,0.6399999856948853,0.6000000238418579,0.6100000143051147,0.34544190764427185,7128000
2003-08-01,0.6150000095367432,0.625,0.6000000238418579,0.6100000143051147,0.34544190764427185,6148000
2003-08-04,0.6050000190734863,0.625,0.6050000190734863,0.6100000143051147,0.34544190764427185,1040000
2003-08-05,0.6100000143051147,0.6150000095367432,0.6050000190734863,0.6050000190734863,0.34261035919189453,2216000
2003-08-06,0.5950000286102295,0.625,0.5950000286102295,0.6150000095367432,0.348273366689682,4112000
2003-08-07,0.6200000047683716,0.625,0.6150000095367432,0.6200000047683716,0.3511047959327698,2968000
2003-08-08,0.6299999952316284,0.675000011920929,0.6299999952316284,0.6700000166893005,0.3794197142124176,13984000
2003-08-11,0.6800000071525574,0.7149999737739563,0.6700000166893005,0.7099999785423279,0.4020717740058899,18836000
2003-08-12,0.7250000238418579,0.7599999904632568,0.7200000286102295,0.7200000286102295,0.4077346920967102,30024000
2003-08-13,0.7200000286102295,0.7200000286102295,0.6700000166893005,0.6800000071525574,0.38508275151252747,19252000
2003-08-14,0.6850000023841858,0.6850000023841858,0.6549999713897705,0.6650000214576721,0.3765883445739746,13368000
2003-08-15,0.7200000286102295,0.7200000286102295,0.699999988079071,0.699999988079071,0.39640873670578003,20360000
2003-08-18,0.7099999785423279,0.7200000286102295,0.699999988079071,0.7049999833106995,0.3992401957511902,26640000
2003-08-19,0.7099999785423279,0.7149999737739563,0.6949999928474426,0.699999988079071,0.39640873670578003,9460000
2003-08-20,0.699999988079071,0.7149999737739563,0.6949999928474426,0.7099999785423279,0.4020717740058899,15196000
2003-08-21,0.6949999928474426,0.7300000190734863,0.6949999928474426,0.7200000286102295,0.41955313086509705,21680000
2003-08-22,0.7250000238418579,0.7649999856948853,0.7099999785423279,0.7599999904632568,0.4428616464138031,34104000
2003-08-25,0.7599999904632568,0.8050000071525574,0.7549999952316284,0.8050000071525574,0.46908366680145264,42096000
2003-08-26,0.8050000071525574,0.8299999833106995,0.7900000214576721,0.8050000071525574,0.46908366680145264,18929024
2003-08-27,0.7950000166893005,0.8100000023841858,0.7799999713897705,0.7799999713897705,0.4545157551765442,7824000
2003-08-28,0.7799999713897705,0.8050000071525574,0.7799999713897705,0.7950000166893005,0.46325650811195374,4948000
2003-08-29,0.800000011920929,0.8100000023841858,0.800000011920929,0.800000011920929,0.4661702513694763,7104000
2003-09-01,0.8199999928474426,0.9100000262260437,0.8199999928474426,0.9049999713897705,0.5273549556732178,48312000
2003-09-02,0.9399999976158142,1.0125000476837158,0.9399999976158142,0.9850000143051147,0.5739720463752747,58984000
2003-09-03,1.0125000476837158,1.0499999523162842,0.9449999928474426,0.9649999737739563,0.5623177289962769,47392000
2003-09-04,0.9549999833106995,0.9700000286102295,0.8999999761581421,0.925000011920929,0.5390093326568604,25668000
2003-09-05,0.925000011920929,0.9399999976158142,0.8999999761581421,0.925000011920929,0.5390093326568604,11956000
2003-09-08,0.925000011920929,0.9649999737739563,0.9200000166893005,0.9449999928474426,0.5506634712219238,16505600
2003-09-09,0.9449999928474426,0.9549999833106995,0.8849999904632568,0.8999999761581421,0.5244413018226624,16960000
2003-09-10,0.875,0.875,0.8149999976158142,0.8399999737739563,0.48947852849960327,26120000
2003-09-11,0.8299999833106995,0.9100000262260437,0.8299999833106995,0.9049999713897705,0.5273549556732178,26020000
2003-09-12,0.9049999713897705,0.9049999713897705,0.9049999713897705,0.9049999713897705,0.5273549556732178,0
2003-09-15,0.9049999713897705,0.9850000143051147,0.9049999713897705,0.9750000238418579,0.5681448578834534,38980000
2003-09-16,0.949999988079071,0.9750000238418579,0.9300000071525574,0.9599999785423279,0.5594040751457214,32916000
2003-09-17,0.9800000190734863,0.9900000095367432,0.925000011920929,0.949999988079071,0.5535771250724792,17732000
2003-09-18,0.949999988079071,0.9649999737739563,0.9300000071525574,0.9649999737739563,0.5623177289962769,12412000
2003-09-19,0.9700000286102295,0.9700000286102295,0.9399999976158142,0.9399999976158142,0.547749936580658,6976000
2003-09-22,0.9399999976158142,0.9750000238418579,0.9399999976158142,0.9750000238418579,0.5681448578834534,14656000
2003-09-23,0.9750000238418579,0.9850000143051147,0.9350000023841858,0.949999988079071,0.5535771250724792,16610000
2003-09-24,0.9549999833106995,0.9700000286102295,0.9449999928474426,0.949999988079071,0.5535771250724792,17564000
2003-09-25,0.9399999976158142,0.9549999833106995,0.925000011920929,0.925000011920929,0.5390093326568604,15976000
2003-09-26,0.9350000023841858,0.9449999928474426,0.9350000023841858,0.9399999976158142,0.547749936580658,5852000
2003-09-29,0.949999988079071,0.9599999785423279,0.9399999976158142,0.9449999928474426,0.5506634712219238,12684000
2003-09-30,0.949999988079071,0.9549999833106995,0.9200000166893005,0.9399999976158142,0.547749936580658,9564000
2003-10-01,0.9399999976158142,0.9399999976158142,0.9399999976158142,0.9399999976158142,0.547749936580658,0
2003-10-02,0.9399999976158142,0.949999988079071,0.8849999904632568,0.8999999761581421,0.5244413018226624,18928000
2003-10-03,0.9049999713897705,0.9150000214576721,0.8550000190734863,0.8550000190734863,0.4982193410396576,27703200
2003-10-06,0.8550000190734863,0.8700000047683716,0.8050000071525574,0.824999988079071,0.4807380139827728,28144000
2003-10-07,0.8349999785423279,0.875,0.8299999833106995,0.8450000286102295,0.4923921823501587,25248000
2003-10-08,0.8500000238418579,0.8550000190734863,0.7950000166893005,0.824999988079071,0.4807380139827728,32320000
2003-10-09,0.824999988079071,0.824999988079071,0.8050000071525574,0.824999988079071,0.4807380139827728,20860000
2003-10-10,0.8299999833106995,0.8299999833106995,0.8050000071525574,0.8149999976158142,0.47491079568862915,17384000
2003-10-13,0.8199999928474426,0.8399999737739563,0.8199999928474426,0.8399999737739563,0.48947852849960327,13192000
2003-10-14,0.8450000286102295,0.8500000238418579,0.8199999928474426,0.8500000238418579,0.4953056871891022,18236000
2003-10-15,0.8500000238418579,0.8550000190734863,0.8349999785423279,0.8399999737739563,0.48947852849960327,9504000
2003-10-16,0.8399999737739563,0.8450000286102295,0.8299999833106995,0.8349999785423279,0.48656511306762695,11192000
2003-10-17,0.8349999785423279,0.8399999737739563,0.8199999928474426,0.8299999833106995,0.4836514890193939,6757800
2003-10-20,0.8199999928474426,0.8399999737739563,0.8199999928474426,0.8399999737739563,0.48947852849960327,10720000
2003-10-21,0.8399999737739563,0.8399999737739563,0.8299999833106995,0.8349999785423279,0.48656511306762695,4244000
2003-10-22,0.8299999833106995,0.8349999785423279,0.8149999976158142,0.8299999833106995,0.4836514890193939,13316000
2003-10-23,0.8199999928474426,0.824999988079071,0.800000011920929,0.8050000071525574,0.46908366680145264,8132000
2003-10-24,0.8100000023841858,0.8100000023841858,0.7649999856948853,0.7649999856948853,0.44577500224113464,7164000
2003-10-27,0.7749999761581421,0.7850000262260437,0.7699999809265137,0.7799999713897705,0.4545157551765442,2376000
2003-10-28,0.7900000214576721,0.8450000286102295,0.7900000214576721,0.8450000286102295,0.4923921823501587,15292000
2003-10-29,0.8500000238418579,0.8849999904632568,0.8450000286102295,0.8700000047683716,0.5069600343704224,30328000
2003-10-30,0.8650000095367432,0.8650000095367432,0.8299999833106995,0.8399999737739563,0.48947852849960327,4992000
2003-10-31,0.8399999737739563,0.8500000238418579,0.8349999785423279,0.8450000286102295,0.4923921823501587,5912000
2003-11-03,0.8600000143051147,0.9200000166893005,0.8600000143051147,0.9200000166893005,0.5360956192016602,7048000
2003-11-04,0.9300000071525574,0.9300000071525574,0.8700000047683716,0.875,0.509873628616333,17768000
2003-11-05,0.8849999904632568,0.9100000262260437,0.8799999952316284,0.8799999952316284,0.5127871036529541,9868000
2003-11-06,0.8949999809265137,0.9300000071525574,0.8849999904632568,0.9049999713897705,0.5273549556732178,18756000
2003-11-07,0.9200000166893005,0.9200000166893005,0.8899999856948853,0.9049999713897705,0.5273549556732178,2992000
2003-11-10,0.8999999761581421,0.8999999761581421,0.8650000095367432,0.8899999856948853,0.5186142325401306,4448000
2003-11-11,0.8849999904632568,0.8849999904632568,0.8600000143051147,0.8650000095367432,0.5040465593338013,2256000
2003-11-12,0.875,0.8899999856948853,0.8600000143051147,0.8899999856948853,0.5186142325401306,4088000
2003-11-13,0.8849999904632568,0.8949999809265137,0.875,0.8799999952316284,0.5127871036529541,968000
2003-11-14,0.8600000143051147,0.8700000047683716,0.8600000143051147,0.8700000047683716,0.5069600343704224,1360000
2003-11-17,0.8550000190734863,0.8650000095367432,0.8450000286102295,0.8500000238418579,0.4953056871891022,2548000
2003-11-18,0.8450000286102295,0.8700000047683716,0.8450000286102295,0.8500000238418579,0.4953056871891022,2828322
2003-11-19,0.8600000143051147,0.8799999952316284,0.8550000190734863,0.8700000047683716,0.5069600343704224,7976000
2003-11-20,0.875,0.875,0.8450000286102295,0.8450000286102295,0.4923921823501587,2896000
2003-11-21,0.8399999737739563,0.8550000190734863,0.824999988079071,0.8450000286102295,0.4923921823501587,2536000
2003-11-24,0.8500000238418579,0.8600000143051147,0.8450000286102295,0.8500000238418579,0.4953056871891022,868000
2003-11-25,0.8600000143051147,0.8700000047683716,0.8550000190734863,0.8650000095367432,0.5040465593338013,1836000
2003-11-26,0.8700000047683716,0.875,0.8650000095367432,0.8700000047683716,0.5069600343704224,1864000
2003-11-27,0.875,0.875,0.8650000095367432,0.8650000095367432,0.5040465593338013,1632000
2003-11-28,0.875,0.8799999952316284,0.875,0.875,0.509873628616333,2216000
2003-12-01,0.8849999904632568,0.9150000214576721,0.8849999904632568,0.9100000262260437,0.5302684307098389,8468000
2003-12-02,0.9150000214576721,0.9300000071525574,0.9100000262260437,0.9100000262260437,0.5302684307098389,10816000
2003-12-03,0.9100000262260437,0.9449999928474426,0.8999999761581421,0.9449999928474426,0.5506634712219238,27072000
2003-12-04,0.9599999785423279,0.9750000238418579,0.949999988079071,0.9549999833106995,0.5564905405044556,24968000
2003-12-05,0.9549999833106995,0.9700000286102295,0.9449999928474426,0.949999988079071,0.5535771250724792,14415198
2003-12-08,0.949999988079071,0.9950000047683716,0.9399999976158142,0.9900000095367432,0.5768855810165405,31960000
2003-12-09,1.0,1.037500023841858,0.9950000047683716,1.037500023841858,0.604564368724823,32744000
2003-12-10,1.037500023841858,1.037500023841858,1.0125000476837158,1.0125000476837158,0.5899966359138489,8920000
2003-12-11,1.0125000476837158,1.0499999523162842,1.0125000476837158,1.0499999523162842,0.6118481755256653,9080000
2003-12-12,1.0499999523162842,1.0499999523162842,1.0125000476837158,1.024999976158142,0.5972805619239807,5292000
2003-12-15,1.037500023841858,1.0499999523162842,0.9850000143051147,0.9900000095367432,0.5768855810165405,9920000
2003-12-16,0.9800000190734863,1.024999976158142,0.9800000190734863,1.0,0.5886586904525757,7088000
2003-12-17,1.024999976158142,1.037500023841858,0.9649999737739563,0.9800000190734863,0.5768855810165405,8256000
2003-12-18,0.9900000095367432,0.9900000095367432,0.9649999737739563,0.9700000286102295,0.5709988474845886,3896000
2003-12-19,0.9700000286102295,1.0125000476837158,0.9700000286102295,0.9800000190734863,0.5768855810165405,7132000
2003-12-22,1.0125000476837158,1.0125000476837158,0.9900000095367432,1.0,0.5886586904525757,5432000
2003-12-23,1.0,1.0625,1.0,1.0625,0.6254498362541199,24995620
2003-12-24,1.0625,1.087499976158142,1.0625,1.087499976158142,0.6401663422584534,14512000
2003-12-25,1.087499976158142,1.087499976158142,1.087499976158142,1.087499976158142,0.6401663422584534,0
2003-12-26,1.087499976158142,1.087499976158142,1.087499976158142,1.087499976158142,0.6401663422584534,0
2003-12-29,1.0750000476837158,1.087499976158142,1.037500023841858,1.0625,0.6254498362541199,14636000
2003-12-30,1.0750000476837158,1.087499976158142,1.0125000476837158,1.024999976158142,0.6033750772476196,11812000
2003-12-31,1.037500023841858,1.100000023841858,1.037500023841858,1.0750000476837158,0.6328080892562866,10944000
2004-01-01,1.0750000476837158,1.0750000476837158,1.0750000476837158,1.0750000476837158,0.6328080892562866,0
2004-01-02,1.100000023841858,1.1375000476837158,1.100000023841858,1.1375000476837158,0.6695992350578308,15940000
2004-01-05,1.125,1.125,1.100000023841858,1.1124999523162842,0.6548826694488525,9876000
2004-01-06,1.1124999523162842,1.1375000476837158,1.0750000476837158,1.100000023841858,0.6475245356559753,6516000
2004-01-07,1.0750000476837158,1.1124999523162842,1.0750000476837158,1.087499976158142,0.6401663422584534,5128000
2004-01-08,1.087499976158142,1.100000023841858,1.037500023841858,1.0499999523162842,0.6180915832519531,9800000
2004-01-09,1.0499999523162842,1.125,1.0499999523162842,1.125,0.6622409820556641,16712000
2004-01-12,1.100000023841858,1.100000023841858,1.0499999523162842,1.087499976158142,0.6401663422584534,15296000
2004-01-13,1.0750000476837158,1.087499976158142,1.0,1.0499999523162842,0.6180915832519531,7796000
2004-01-14,1.024999976158142,1.0499999523162842,1.024999976158142,1.0499999523162842,0.6180915832519531,2020000
2004-01-15,1.0499999523162842,1.125,1.0499999523162842,1.125,0.6622409820556641,16816000
2004-01-16,1.125,1.125,1.087499976158142,1.087499976158142,0.6401663422584534,3644000
2004-01-19,1.125,1.25,1.125,1.225000023841858,0.7211068272590637,31004000
2004-01-20,1.25,1.399999976158142,1.25,1.3875000476837158,0.8167639374732971,39740000
2004-01-21,1.4249999523162842,1.462499976158142,1.375,1.399999976158142,0.8241220712661743,18944000
2004-01-22,1.399999976158142,1.399999976158142,1.399999976158142,1.399999976158142,0.8241220712661743,0
2004-01-23,1.399999976158142,1.399999976158142,1.399999976158142,1.399999976158142,0.8241220712661743,0
2004-01-26,1.399999976158142,1.4249999523162842,1.3250000476837158,1.350000023841858,0.794689416885376,16280000
2004-01-27,1.3624999523162842,1.399999976158142,1.3250000476837158,1.3250000476837158,0.7799728512763977,13124000
2004-01-28,1.3250000476837158,1.3250000476837158,1.25,1.2625000476837158,0.7431815266609192,8464000
2004-01-29,1.225000023841858,1.375,1.2000000476837158,1.375,0.8094056248664856,20592000
2004-01-30,1.399999976158142,1.399999976158142,1.3250000476837158,1.3250000476837158,0.7799728512763977,3456000
2004-02-02,1.2625000476837158,1.2999999523162842,1.25,1.274999976158142,0.7505397796630859,3904000
2004-02-03,1.25,1.3624999523162842,1.225000023841858,1.337499976158142,0.7873308658599854,8612000
2004-02-04,1.337499976158142,1.350000023841858,1.2999999523162842,1.3125,0.772614598274231,9056000
2004-02-05,1.3125,1.3125,1.274999976158142,1.287500023841858,0.7578981518745422,5780000
2004-02-06,1.287500023841858,1.350000023841858,1.287500023841858,1.3250000476837158,0.7799728512763977,6312000
2004-02-09,1.337499976158142,1.399999976158142,1.337499976158142,1.3624999523162842,0.8020474910736084,16200000
2004-02-10,1.375,1.399999976158142,1.3250000476837158,1.337499976158142,0.7873308658599854,14516000
2004-02-11,1.350000023841858,1.3624999523162842,1.337499976158142,1.350000023841858,0.794689416885376,5872000
2004-02-12,1.375,1.3875000476837158,1.350000023841858,1.350000023841858,0.794689416885376,5092000
2004-02-13,1.350000023841858,1.3624999523162842,1.337499976158142,1.350000023841858,0.794689416885376,2900000
2004-02-16,1.350000023841858,1.3624999523162842,1.337499976158142,1.350000023841858,0.794689416885376,2816000
2004-02-17,1.350000023841858,1.3624999523162842,1.337499976158142,1.3624999523162842,0.8020474910736084,2260000
2004-02-18,1.3624999523162842,1.375,1.350000023841858,1.350000023841858,0.794689416885376,3092000
2004-02-19,1.3624999523162842,1.3624999523162842,1.350000023841858,1.350000023841858,0.794689416885376,1956000
2004-02-20,1.350000023841858,1.3624999523162842,1.3125,1.3250000476837158,0.7799728512763977,7520000
2004-02-23,1.337499976158142,1.3624999523162842,1.3125,1.337499976158142,0.7873308658599854,6228000
2004-02-24,1.337499976158142,1.350000023841858,1.3250000476837158,1.350000023841858,0.794689416885376,1548000
2004-02-25,1.3125,1.350000023841858,1.3125,1.350000023841858,0.794689416885376,2512000
2004-02-26,1.350000023841858,1.350000023841858,1.3250000476837158,1.3250000476837158,0.7799728512763977,1368000
2004-02-27,1.337499976158142,1.350000023841858,1.3125,1.350000023841858,0.794689416885376,2514640
2004-03-01,1.3624999523162842,1.4249999523162842,1.337499976158142,1.4249999523162842,0.8388387560844421,12244000
2004-03-02,1.4375,1.4500000476837158,1.375,1.3875000476837158,0.8167639374732971,10678584
2004-03-03,1.3875000476837158,1.399999976158142,1.375,1.3875000476837158,0.8167639374732971,1648000
2004-03-04,1.3875000476837158,1.3875000476837158,1.3624999523162842,1.375,0.8094056248664856,1920000
2004-03-05,1.3875000476837158,1.3875000476837158,1.350000023841858,1.3624999523162842,0.8020474910736084,1664000
2004-03-08,1.399999976158142,1.399999976158142,1.375,1.375,0.8094056248664856,3524000
2004-03-09,1.375,1.399999976158142,1.375,1.375,0.8094056248664856,2480000
2004-03-10,1.3624999523162842,1.3875000476837158,1.3624999523162842,1.375,0.8094056248664856,1292000
2004-03-11,1.375,1.399999976158142,1.350000023841858,1.3624999523162842,0.8020474910736084,2824000
2004-03-12,1.3250000476837158,1.350000023841858,1.2999999523162842,1.350000023841858,0.794689416885376,3076000
2004-03-15,1.375,1.399999976158142,1.3624999523162842,1.3624999523162842,0.8020474910736084,2052000
2004-03-16,1.350000023841858,1.350000023841858,1.3125,1.3250000476837158,0.7799728512763977,1824000
2004-03-17,1.3250000476837158,1.350000023841858,1.3250000476837158,1.337499976158142,0.7873308658599854,3156000
2004-03-18,1.337499976158142,1.375,1.337499976158142,1.350000023841858,0.794689416885376,1480000
2004-03-19,1.337499976158142,1.3875000476837158,1.337499976158142,1.375,0.8094056248664856,2084000
2004-03-22,1.350000023841858,1.375,1.3125,1.3624999523162842,0.8020474910736084,1240000
2004-03-23,1.350000023841858,1.4249999523162842,1.337499976158142,1.4249999523162842,0.8388387560844421,4696000
2004-03-24,1.4249999523162842,1.5125000476837158,1.412500023841858,1.5,0.8829878568649292,14224000
2004-03-25,1.5,1.5125000476837158,1.4500000476837158,1.5125000476837158,0.8903464078903198,4616000
2004-03-26,1.524999976158142,1.5625,1.5,1.524999976158142,0.8977046012878418,14900000
2004-03-29,1.524999976158142,1.524999976158142,1.462499976158142,1.5125000476837158,0.8903464078903198,2360000
2004-03-30,1.524999976158142,1.587499976158142,1.524999976158142,1.5625,0.9197792410850525,5944000
2004-03-31,1.5499999523162842,1.587499976158142,1.5499999523162842,1.5750000476837158,0.9271371960639954,5692000
2004-04-01,1.5625,1.587499976158142,1.5499999523162842,1.5750000476837158,0.9271371960639954,2868000
2004-04-02,1.5750000476837158,1.587499976158142,1.5499999523162842,1.5499999523162842,0.9124208688735962,2152000
2004-04-05,1.5499999523162842,1.5499999523162842,1.5499999523162842,1.5499999523162842,0.9124208688735962,0
2004-04-06,1.5750000476837158,1.5750000476837158,1.5499999523162842,1.5625,0.9197792410850525,2320000
2004-04-07,1.5625,1.5625,1.524999976158142,1.537500023841858,0.9050626754760742,3284000
2004-04-08,1.537500023841858,1.5499999523162842,1.5125000476837158,1.524999976158142,0.8977046012878418,5860000
2004-04-09,1.524999976158142,1.524999976158142,1.524999976158142,1.524999976158142,0.8977046012878418,0
2004-04-12,1.524999976158142,1.524999976158142,1.524999976158142,1.524999976158142,0.8977046012878418,0
2004-04-13,1.537500023841858,1.5625,1.537500023841858,1.5499999523162842,0.9124208688735962,4460000
2004-04-14,1.5499999523162842,1.5499999523162842,1.475000023841858,1.475000023841858,0.8682715892791748,2540000
2004-04-15,1.5,1.5125000476837158,1.475000023841858,1.4874999523162842,0.8756296038627625,3388000
2004-04-16,1.4874999523162842,1.524999976158142,1.4874999523162842,1.5,0.8829878568649292,3468000
2004-04-19,1.5,1.537500023841858,1.5,1.537500023841858,0.9050626754760742,5252000
2004-04-20,1.537500023841858,1.587499976158142,1.537500023841858,1.5625,0.9197792410850525,8484000
2004-04-21,1.5499999523162842,1.5750000476837158,1.524999976158142,1.524999976158142,0.8977046012878418,11016000
2004-04-22,1.5625,1.587499976158142,1.5499999523162842,1.5625,0.9197792410850525,4892000
2004-04-23,1.5750000476837158,1.5750000476837158,1.524999976158142,1.5499999523162842,0.9124208688735962,6584000
2004-04-26,1.5625,1.5625,1.4249999523162842,1.4874999523162842,0.8756296038627625,3844000
2004-04-27,1.5,1.5625,1.5,1.5625,0.9197792410850525,3708000
2004-04-28,1.5750000476837158,1.5750000476837158,1.5499999523162842,1.5625,0.9197792410850525,4844000
2004-04-29,1.5750000476837158,1.5750000476837158,1.5125000476837158,1.524999976158142,0.8977046012878418,4448000
2004-04-30,1.5125000476837158,1.537500023841858,1.475000023841858,1.5125000476837158,0.8903464078903198,4176000
2004-05-03,1.524999976158142,1.5499999523162842,1.5125000476837158,1.537500023841858,0.9050626754760742,2500000
2004-05-04,1.5499999523162842,1.5499999523162842,1.524999976158142,1.524999976158142,0.8977046012878418,3484000
2004-05-05,1.524999976158142,1.524999976158142,1.4874999523162842,1.5,0.8829878568649292,1132000
2004-05-06,1.537500023841858,1.537500023841858,1.4874999523162842,1.5,0.8829878568649292,2464000
2004-05-07,1.537500023841858,1.5625,1.5125000476837158,1.537500023841858,0.9050626754760742,5900000
2004-05-10,1.5125000476837158,1.5125000476837158,1.4500000476837158,1.5125000476837158,0.8903464078903198,6972000
2004-05-11,1.5,1.5,1.4500000476837158,1.4500000476837158,0.8535551428794861,4839198
2004-05-12,1.475000023841858,1.475000023841858,1.399999976158142,1.4249999523162842,0.8388387560844421,7042000
2004-05-13,1.4249999523162842,1.4375,1.3624999523162842,1.375,0.8094056248664856,6080000
2004-05-14,1.412500023841858,1.412500023841858,1.3250000476837158,1.3250000476837158,0.7799728512763977,7488000
2004-05-17,1.3250000476837158,1.350000023841858,1.100000023841858,1.125,0.6622409820556641,8584000
2004-05-18,1.1375000476837158,1.162500023841858,1.1124999523162842,1.149999976158142,0.6769576072692871,11364000
2004-05-19,1.1875,1.3250000476837158,1.1875,1.287500023841858,0.7578981518745422,7256000
2004-05-20,1.2999999523162842,1.3250000476837158,1.2625000476837158,1.3125,0.772614598274231,4288000
2004-05-21,1.2999999523162842,1.4500000476837158,1.2999999523162842,1.412500023841858,0.8314806222915649,4396878
2004-05-24,1.4500000476837158,1.4500000476837158,1.399999976158142,1.4249999523162842,0.8388387560844421,1392000
2004-05-25,1.4249999523162842,1.4375,1.399999976158142,1.4375,0.8461967706680298,1868000
2004-05-26,1.4375,1.4375,1.4375,1.4375,0.8461967706680298,0
2004-05-27,1.475000023841858,1.475000023841858,1.4249999523162842,1.4249999523162842,0.8388387560844421,1508000
2004-05-28,1.462499976158142,1.462499976158142,1.4249999523162842,1.462499976158142,0.8609133958816528,1552000
2004-05-31,1.4500000476837158,1.4500000476837158,1.4249999523162842,1.4375,0.8461967706680298,224000
2004-06-01,1.4375,1.4500000476837158,1.4375,1.4500000476837158,0.8535551428794861,760000
2004-06-02,1.4500000476837158,1.4500000476837158,1.399999976158142,1.4375,0.8461967706680298,2468000
2004-06-03,1.4375,1.4375,1.399999976158142,1.412500023841858,0.8314806222915649,2136000
2004-06-04,1.399999976158142,1.399999976158142,1.3624999523162842,1.399999976158142,0.8241220712661743,284000
2004-06-07,1.399999976158142,1.4249999523162842,1.399999976158142,1.412500023841858,0.8314806222915649,580000
2004-06-08,1.4500000476837158,1.4500000476837158,1.4375,1.4375,0.8461967706680298,1860000
2004-06-09,1.4375,1.4375,1.4249999523162842,1.4375,0.8461967706680298,668000
2004-06-10,1.4375,1.4375,1.412500023841858,1.4375,0.8461967706680298,464000
2004-06-11,1.4500000476837158,1.4500000476837158,1.412500023841858,1.412500023841858,0.8314806222915649,384000
2004-06-14,1.412500023841858,1.412500023841858,1.399999976158142,1.399999976158142,0.8241220712661743,468000
2004-06-15,1.412500023841858,1.412500023841858,1.3875000476837158,1.3875000476837158,0.8167639374732971,316000
2004-06-16,1.399999976158142,1.4375,1.399999976158142,1.4249999523162842,0.8388387560844421,3860000
2004-06-17,1.4249999523162842,1.4249999523162842,1.337499976158142,1.337499976158142,0.7873308658599854,1812000
2004-06-18,1.350000023841858,1.375,1.2999999523162842,1.375,0.8094056248664856,4028000
2004-06-21,1.337499976158142,1.3624999523162842,1.337499976158142,1.3624999523162842,0.8020474910736084,1192000
2004-06-22,1.3624999523162842,1.3624999523162842,1.3624999523162842,1.3624999523162842,0.8020474910736084,0
2004-06-23,1.3624999523162842,1.375,1.3624999523162842,1.3624999523162842,0.8020474910736084,1508000
2004-06-24,1.375,1.462499976158142,1.375,1.462499976158142,0.8609133958816528,5087200
2004-06-25,1.5,1.524999976158142,1.4500000476837158,1.524999976158142,0.8977046012878418,7404000
2004-06-28,1.5499999523162842,1.6124999523162842,1.5125000476837158,1.524999976158142,0.8977046012878418,25012000
2004-06-29,1.5499999523162842,1.5499999523162842,1.475000023841858,1.5,0.8829878568649292,8816000
2004-06-30,1.524999976158142,1.537500023841858,1.5,1.537500023841858,0.9050626754760742,8896000
2004-07-01,1.537500023841858,1.537500023841858,1.537500023841858,1.537500023841858,0.9050626754760742,0
2004-07-02,1.537500023841858,1.5625,1.537500023841858,1.5499999523162842,0.9124208688735962,6748000
2004-07-05,1.537500023841858,1.587499976158142,1.537500023841858,1.5625,0.9197792410850525,9256000
2004-07-06,1.587499976158142,1.587499976158142,1.537500023841858,1.537500023841858,0.9050626754760742,10484000
2004-07-07,1.524999976158142,1.524999976158142,1.5125000476837158,1.524999976158142,0.8977046012878418,7328000
2004-07-08,1.524999976158142,1.524999976158142,1.5,1.5,0.8829878568649292,2324000
2004-07-09,1.5,1.5,1.462499976158142,1.462499976158142,0.8609133958816528,6932000
2004-07-12,1.4874999523162842,1.4874999523162842,1.475000023841858,1.4874999523162842,0.8756296038627625,4488000
2004-07-13,1.4874999523162842,1.4874999523162842,1.462499976158142,1.475000023841858,0.8682715892791748,4240000
2004-07-14,1.475000023841858,1.5,1.462499976158142,1.475000023841858,0.8682715892791748,2612000
2004-07-15,1.475000023841858,1.5,1.475000023841858,1.475000023841858,0.8682715892791748,4556000
2004-07-16,1.4874999523162842,1.4874999523162842,1.4375,1.4375,0.8461967706680298,1424000
2004-07-19,1.475000023841858,1.5,1.475000023841858,1.5,0.8829878568649292,3172000
2004-07-20,1.5,1.5,1.4874999523162842,1.5,0.8829878568649292,1008000
2004-07-21,1.5,1.5,1.475000023841858,1.475000023841858,0.8682715892791748,2612000
2004-07-22,1.475000023841858,1.5625,1.475000023841858,1.5499999523162842,0.9124208688735962,18528000
2004-07-23,1.5625,1.5750000476837158,1.537500023841858,1.5499999523162842,0.9124208688735962,8128000
2004-07-26,1.5499999523162842,1.5625,1.524999976158142,1.5625,0.9197792410850525,3916000
2004-07-27,1.5499999523162842,1.5625,1.537500023841858,1.5499999523162842,0.9124208688735962,1480000
2004-07-28,1.5499999523162842,1.5499999523162842,1.537500023841858,1.5499999523162842,0.9124208688735962,3532000
2004-07-29,1.5750000476837158,1.5750000476837158,1.5499999523162842,1.5750000476837158,0.9271371960639954,5554668
2004-07-30,1.5750000476837158,1.5750000476837158,1.5499999523162842,1.5750000476837158,0.9271371960639954,2928000
2004-08-02,1.5750000476837158,1.5750000476837158,1.524999976158142,1.5499999523162842,0.9124208688735962,5638000
2004-08-03,1.5625,1.5625,1.537500023841858,1.5499999523162842,0.9124208688735962,2284000
2004-08-04,1.537500023841858,1.5625,1.524999976158142,1.5625,0.9197792410850525,1656000
2004-08-05,1.5625,1.5750000476837158,1.5499999523162842,1.5750000476837158,0.9271371960639954,3180000
2004-08-06,1.5750000476837158,1.5750000476837158,1.5499999523162842,1.5625,0.9197792410850525,980000
2004-08-09,1.5750000476837158,1.5750000476837158,1.5499999523162842,1.5625,0.9197792410850525,1232000
2004-08-10,1.5750000476837158,1.5750000476837158,1.5625,1.5750000476837158,0.9271371960639954,1160000
2004-08-11,1.5750000476837158,1.5750000476837158,1.537500023841858,1.5499999523162842,0.9124208688735962,1676000
2004-08-12,1.5499999523162842,1.5499999523162842,1.537500023841858,1.5499999523162842,0.9124208688735962,1180000
2004-08-13,1.5499999523162842,1.5499999523162842,1.475000023841858,1.475000023841858,0.8682715892791748,4332000
2004-08-16,1.5,1.5,1.475000023841858,1.5,0.8829878568649292,780000
2004-08-17,1.5,1.5,1.4874999523162842,1.5,0.8829878568649292,703200
2004-08-18,1.5,1.537500023841858,1.5,1.524999976158142,0.8977046012878418,740000
2004-08-19,1.5125000476837158,1.537500023841858,1.5,1.524999976158142,0.9126663208007812,2268000
2004-08-20,1.524999976158142,1.537500023841858,1.5125000476837158,1.5125000476837158,0.9051855802536011,2252000
2004-08-23,1.537500023841858,1.537500023841858,1.5,1.537500023841858,0.9201470017433167,728000
2004-08-24,1.537500023841858,1.600000023841858,1.537500023841858,1.600000023841858,0.9575515985488892,9524000
2004-08-25,1.600000023841858,1.6124999523162842,1.5625,1.5750000476837158,0.9425897598266602,5408000
2004-08-26,1.587499976158142,1.600000023841858,1.5625,1.5625,0.93510901927948,3600000
2004-08-27,1.5750000476837158,1.600000023841858,1.5750000476837158,1.587499976158142,0.9500704407691956,5284000
2004-08-30,1.600000023841858,1.600000023841858,1.5750000476837158,1.5750000476837158,0.9425897598266602,2440000
2004-08-31,1.5625,1.5750000476837158,1.5625,1.5750000476837158,0.9425897598266602,320000
2004-09-01,1.5750000476837158,1.600000023841858,1.5750000476837158,1.587499976158142,0.9500704407691956,1980000
2004-09-02,1.587499976158142,1.600000023841858,1.537500023841858,1.5499999523162842,0.9276279211044312,4432000
2004-09-03,1.5499999523162842,1.5625,1.5125000476837158,1.524999976158142,0.9126663208007812,5332000
2004-09-06,1.5125000476837158,1.5625,1.5,1.537500023841858,0.9201470017433167,6680000
2004-09-07,1.537500023841858,1.600000023841858,1.537500023841858,1.587499976158142,0.9500704407691956,9244000
2004-09-08,1.600000023841858,1.6124999523162842,1.5750000476837158,1.600000023841858,0.9575515985488892,4448000
2004-09-09,1.600000023841858,1.6875,1.600000023841858,1.6749999523162842,1.002436876296997,23196000
2004-09-10,1.6875,1.712499976158142,1.6375000476837158,1.6375000476837158,0.9799940586090088,9148000
2004-09-13,1.662500023841858,1.75,1.649999976158142,1.75,1.0473219156265259,12392000
2004-09-14,1.75,1.850000023841858,1.725000023841858,1.787500023841858,1.0697647333145142,18578000
2004-09-15,1.8125,1.8250000476837158,1.774999976158142,1.774999976158142,1.0622836351394653,6624000
2004-09-16,1.787500023841858,1.787500023841858,1.7625000476837158,1.774999976158142,1.0622836351394653,3996000
2004-09-17,1.7625000476837158,1.774999976158142,1.7000000476837158,1.712499976158142,1.0248793363571167,6076000
2004-09-20,1.7000000476837158,1.774999976158142,1.7000000476837158,1.75,1.0473219156265259,5432000
2004-09-21,1.75,1.899999976158142,1.75,1.899999976158142,1.1370924711227417,11084000
2004-09-22,1.8875000476837158,1.9500000476837158,1.787500023841858,1.8624999523162842,1.1146495342254639,22894600
2004-09-23,1.774999976158142,1.875,1.7625000476837158,1.850000023841858,1.1071689128875732,5104000
2004-09-24,1.850000023841858,1.8624999523162842,1.8125,1.8250000476837158,1.0922070741653442,2860000
2004-09-27,1.850000023841858,1.899999976158142,1.7999999523162842,1.899999976158142,1.1370924711227417,4400306
2004-09-28,1.899999976158142,1.899999976158142,1.8250000476837158,1.875,1.1221305131912231,5491200
2004-09-29,1.875,1.875,1.875,1.875,1.1221305131912231,0
2004-09-30,1.875,1.875,1.8250000476837158,1.8250000476837158,1.0922070741653442,5616000
2004-10-01,1.8250000476837158,1.8250000476837158,1.8250000476837158,1.8250000476837158,1.0922070741653442,0
2004-10-04,1.875,1.8875000476837158,1.8250000476837158,1.837499976158142,1.099687933921814,6040600
2004-10-05,1.850000023841858,1.875,1.8250000476837158,1.837499976158142,1.099687933921814,3439800
2004-10-06,1.837499976158142,1.850000023841858,1.774999976158142,1.774999976158142,1.0622836351394653,3084000
2004-10-07,1.7999999523162842,1.9249999523162842,1.7999999523162842,1.912500023841858,1.1445732116699219,13831200
2004-10-08,1.899999976158142,1.899999976158142,1.8624999523162842,1.875,1.1221305131912231,4076000
2004-10-11,1.875,1.8875000476837158,1.850000023841858,1.8875000476837158,1.1296114921569824,2610400
2004-10-12,1.875,1.875,1.8125,1.8250000476837158,1.0922070741653442,3592000
2004-10-13,1.850000023841858,1.850000023841858,1.774999976158142,1.850000023841858,1.1071689128875732,7328000
2004-10-14,1.7999999523162842,1.8125,1.774999976158142,1.774999976158142,1.0622836351394653,2612000
2004-10-15,1.774999976158142,1.774999976158142,1.7000000476837158,1.75,1.0473219156265259,3852000
2004-10-18,1.725000023841858,1.7374999523162842,1.712499976158142,1.712499976158142,1.0248793363571167,6360000
2004-10-19,1.712499976158142,1.7374999523162842,1.7000000476837158,1.725000023841858,1.0323600769042969,4604000
2004-10-20,1.712499976158142,1.712499976158142,1.6749999523162842,1.6875,1.0099173784255981,3444000
2004-10-21,1.6875,1.6875,1.6124999523162842,1.6375000476837158,0.9799940586090088,6920000
2004-10-22,1.6375000476837158,1.6375000476837158,1.6375000476837158,1.6375000476837158,0.9799940586090088,0
2004-10-25,1.6124999523162842,1.6749999523162842,1.587499976158142,1.649999976158142,0.9874749183654785,3024000
2004-10-26,1.6749999523162842,1.712499976158142,1.6749999523162842,1.7000000476837158,1.017398476600647,8844000
2004-10-27,1.7000000476837158,1.7000000476837158,1.662500023841858,1.6875,1.0099173784255981,2596000
2004-10-28,1.6875,1.712499976158142,1.6875,1.7000000476837158,1.017398476600647,2200000
2004-10-29,1.6749999523162842,1.6875,1.625,1.625,0.9725132584571838,2484000
2004-11-01,1.625,1.6749999523162842,1.625,1.6749999523162842,1.002436876296997,2212000
2004-11-02,1.662500023841858,1.725000023841858,1.662500023841858,1.7000000476837158,1.017398476600647,2908000
2004-11-03,1.7000000476837158,1.774999976158142,1.7000000476837158,1.7625000476837158,1.054802656173706,4069200
2004-11-04,1.787500023841858,1.787500023841858,1.7374999523162842,1.7374999523162842,1.039840817451477,2476000
2004-11-05,1.75,1.774999976158142,1.75,1.75,1.0473219156265259,3900000
2004-11-08,1.7625000476837158,1.7625000476837158,1.7374999523162842,1.7625000476837158,1.054802656173706,4088000
2004-11-09,1.7625000476837158,1.7625000476837158,1.7374999523162842,1.75,1.0473219156265259,5124000
2004-11-10,1.75,1.75,1.7000000476837158,1.725000023841858,1.0323600769042969,4096000
2004-11-11,1.75,1.7625000476837158,1.7374999523162842,1.75,1.0473219156265259,1288000
2004-11-12,1.7625000476837158,1.7625000476837158,1.7374999523162842,1.7374999523162842,1.039840817451477,5663400
2004-11-15,1.75,1.787500023841858,1.7374999523162842,1.774999976158142,1.0622836351394653,5478534
2004-11-16,1.7625000476837158,1.774999976158142,1.725000023841858,1.725000023841858,1.0323600769042969,3732668
2004-11-17,1.725000023841858,1.75,1.725000023841858,1.7374999523162842,1.039840817451477,2737334
2004-11-18,1.75,1.8875000476837158,1.7374999523162842,1.875,1.1221305131912231,18152672
2004-11-19,1.875,1.899999976158142,1.850000023841858,1.850000023841858,1.1071689128875732,5338668
2004-11-22,1.837499976158142,1.850000023841858,1.7999999523162842,1.837499976158142,1.099687933921814,2451752
2004-11-23,1.8624999523162842,1.8875000476837158,1.850000023841858,1.875,1.1221305131912231,3776668
2004-11-24,1.8250000476837158,1.8624999523162842,1.8250000476837158,1.850000023841858,1.1071689128875732,9924934
2004-11-25,1.8624999523162842,1.8624999523162842,1.837499976158142,1.850000023841858,1.1071689128875732,3086470
2004-11-26,1.8624999523162842,1.8875000476837158,1.850000023841858,1.875,1.1221305131912231,4564668
2004-11-29,1.8624999523162842,1.9249999523162842,1.850000023841858,1.9249999523162842,1.1520538330078125,11748010
2004-11-30,1.9249999523162842,1.975000023841858,1.9249999523162842,1.9375,1.1595351696014404,12802004
2004-12-01,1.962499976158142,1.962499976158142,1.912500023841858,1.9249999523162842,1.1520538330078125,7192004
2004-12-02,1.9500000476837158,2.0374999046325684,1.9500000476837158,2.0374999046325684,1.2193814516067505,24020674
2004-12-03,2.049999952316284,2.137500047683716,2.0374999046325684,2.075000047683716,1.241824746131897,25023868
2004-12-06,2.125,2.125,2.075000047683716,2.0875000953674316,1.2493056058883667,6235734
2004-12-07,2.0999999046325684,2.0999999046325684,2.0,2.0250000953674316,1.211901068687439,6570002
2004-12-08,2.049999952316284,2.049999952316284,2.012500047683716,2.0250000953674316,1.211901068687439,3913334
2004-12-09,2.0250000953674316,2.0374999046325684,1.9874999523162842,2.0374999046325684,1.2193814516067505,5918334
2004-12-10,2.0250000953674316,2.0625,2.0,2.012500047683716,1.2044200897216797,5876000
2004-12-13,2.0374999046325684,2.049999952316284,2.0,2.0250000953674316,1.211901068687439,4915872
2004-12-14,2.0250000953674316,2.0374999046325684,2.012500047683716,2.0250000953674316,1.220944881439209,1788068
2004-12-15,2.049999952316284,2.049999952316284,2.0,2.0250000953674316,1.220944881439209,2702668
2004-12-16,2.0250000953674316,2.049999952316284,2.0250000953674316,2.049999952316284,1.236018419265747,4302668
2004-12-17,2.049999952316284,2.0625,2.0250000953674316,2.049999952316284,1.236018419265747,2291136
2004-12-20,2.0625,2.0875000953674316,2.049999952316284,2.0875000953674316,1.2586288452148438,3224002
2004-12-21,2.0999999046325684,2.125,2.0875000953674316,2.0875000953674316,1.2586288452148438,3704002
2004-12-22,2.0875000953674316,2.0999999046325684,2.049999952316284,2.075000047683716,1.2510918378829956,4802672
2004-12-23,2.075000047683716,2.0875000953674316,2.0374999046325684,2.075000047683716,1.2510918378829956,2300600
2004-12-24,2.075000047683716,2.0875000953674316,2.049999952316284,2.049999952316284,1.236018419265747,881334
2004-12-27,2.049999952316284,2.049999952316284,2.049999952316284,2.049999952316284,1.236018419265747,0
2004-12-28,2.075000047683716,2.0999999046325684,2.075000047683716,2.0999999046325684,1.2661652565002441,4414004
2004-12-29,2.0999999046325684,2.112499952316284,2.0875000953674316,2.0999999046325684,1.2661652565002441,3336002
2004-12-30,2.0999999046325684,2.112499952316284,2.075000047683716,2.075000047683716,1.2510918378829956,2599336
2004-12-31,2.075000047683716,2.112499952316284,2.0625,2.0625,1.2435553073883057,4030002
2005-01-03,2.0999999046325684,2.0999999046325684,2.0875000953674316,2.0999999046325684,1.2661652565002441,3810006
2005-01-04,2.0999999046325684,2.1500000953674316,2.0875000953674316,2.0999999046325684,1.2661652565002441,11039336
2005-01-05,2.0999999046325684,2.0999999046325684,2.012500047683716,2.0374999046325684,1.228481411933899,10526668
2005-01-06,2.049999952316284,2.1500000953674316,2.0374999046325684,2.137500047683716,1.2887754440307617,14437336
2005-01-07,2.137500047683716,2.1500000953674316,2.0625,2.0999999046325684,1.2661652565002441,6230402
2005-01-10,2.0999999046325684,2.125,2.075000047683716,2.0999999046325684,1.2661652565002441,3160660
2005-01-11,2.125,2.125,2.0875000953674316,2.0875000953674316,1.2586288452148438,1508000
2005-01-12,2.0999999046325684,2.1500000953674316,2.0374999046325684,2.137500047683716,1.2887754440307617,6476890
2005-01-13,2.137500047683716,2.137500047683716,2.0999999046325684,2.112499952316284,1.2737019062042236,2091666
2005-01-14,2.112499952316284,2.112499952316284,2.0875000953674316,2.0999999046325684,1.2661652565002441,2428000
2005-01-17,2.125,2.125,2.0999999046325684,2.0999999046325684,1.2661652565002441,1776000
2005-01-18,2.0999999046325684,2.0999999046325684,2.0625,2.075000047683716,1.2510918378829956,2518734
2005-01-19,2.0875000953674316,2.0875000953674316,2.012500047683716,2.0250000953674316,1.220944881439209,8640000
2005-01-20,2.049999952316284,2.049999952316284,2.012500047683716,2.0250000953674316,1.220944881439209,2323400
2005-01-21,2.012500047683716,2.012500047683716,1.9874999523162842,1.9874999523162842,1.19833505153656,4772000
2005-01-24,2.0,2.0,1.8875000476837158,1.899999976158142,1.145578384399414,15104510
2005-01-25,1.8875000476837158,1.975000023841858,1.8875000476837158,1.975000023841858,1.190798282623291,6953334
2005-01-26,2.0,2.0374999046325684,2.0,2.0250000953674316,1.220944881439209,4572000
2005-01-27,2.049999952316284,2.0625,2.0250000953674316,2.0625,1.2435553073883057,4112000
2005-01-28,2.049999952316284,2.049999952316284,2.012500047683716,2.0250000953674316,1.220944881439209,1879400
2005-01-31,2.049999952316284,2.049999952316284,2.0250000953674316,2.0250000953674316,1.220944881439209,1376000
2005-02-01,2.0374999046325684,2.0374999046325684,1.9874999523162842,1.9874999523162842,1.19833505153656,3580000
2005-02-02,2.0,2.0,1.9375,1.9500000476837158,1.1757251024246216,8159600
2005-02-03,1.962499976158142,1.9874999523162842,1.9500000476837158,1.975000023841858,1.190798282623291,3945200
2005-02-04,1.9874999523162842,2.0,1.975000023841858,2.0,1.2058717012405396,1928000
2005-02-07,2.0250000953674316,2.049999952316284,2.0,2.0374999046325684,1.228481411933899,4388000
2005-02-08,2.049999952316284,2.075000047683716,2.0250000953674316,2.075000047683716,1.2510918378829956,2860000
2005-02-14,2.0875000953674316,2.0875000953674316,2.0374999046325684,2.049999952316284,1.236018419265747,4406000
2005-02-15,2.049999952316284,2.049999952316284,2.0,2.012500047683716,1.213408350944519,5662800
2005-02-16,2.012500047683716,2.0250000953674316,2.0,2.0,1.2058717012405396,1888000
2005-02-17,2.012500047683716,2.0250000953674316,2.0,2.012500047683716,1.213408350944519,2572000
2005-02-18,2.0250000953674316,2.0250000953674316,2.012500047683716,2.012500047683716,1.213408350944519,3559708
2005-02-21,2.0374999046325684,2.0374999046325684,2.0,2.012500047683716,1.213408350944519,3444000
2005-02-22,2.012500047683716,2.012500047683716,2.0,2.0,1.2058717012405396,1505000
2005-02-23,2.012500047683716,2.012500047683716,2.0,2.0,1.2058717012405396,3152000
2005-02-24,2.0,2.0625,2.0,2.0625,1.2435553073883057,5932734
2005-02-25,2.075000047683716,2.075000047683716,2.049999952316284,2.0625,1.2435553073883057,2989334
2005-02-28,2.075000047683716,2.075000047683716,2.0374999046325684,2.0374999046325684,1.228481411933899,2313800
2005-03-01,2.049999952316284,2.049999952316284,2.0250000953674316,2.049999952316284,1.236018419265747,1252000
2005-03-02,2.049999952316284,2.049999952316284,2.0,2.012500047683716,1.213408350944519,2220000
2005-03-03,2.012500047683716,2.012500047683716,1.9874999523162842,2.0,1.2058717012405396,3970000
2005-03-04,2.0,2.012500047683716,1.9874999523162842,2.0,1.2058717012405396,2640000
2005-03-07,2.0,2.012500047683716,1.9874999523162842,1.9874999523162842,1.19833505153656,2660000
2005-03-08,2.0,2.0,1.975000023841858,1.975000023841858,1.190798282623291,2906000
2005-03-09,1.975000023841858,2.049999952316284,1.975000023841858,2.012500047683716,1.213408350944519,4415600
2005-03-10,2.0374999046325684,2.0374999046325684,2.0,2.0374999046325684,1.228481411933899,5559000
2005-03-11,2.0374999046325684,2.0374999046325684,2.012500047683716,2.012500047683716,1.213408350944519,2064000
2005-03-14,2.012500047683716,2.012500047683716,1.9874999523162842,2.0,1.2058717012405396,1669334
2005-03-15,2.0,2.012500047683716,1.975000023841858,1.975000023841858,1.190798282623291,939000
2005-03-16,1.9874999523162842,2.0,1.975000023841858,1.9874999523162842,1.19833505153656,928000
2005-03-17,1.9874999523162842,2.0250000953674316,1.975000023841858,1.9874999523162842,1.19833505153656,2989880
2005-03-18,2.0,2.0,1.975000023841858,1.9874999523162842,1.19833505153656,1908000
2005-03-21,1.9874999523162842,1.9874999523162842,1.962499976158142,1.975000023841858,1.190798282623291,3390000
2005-03-22,1.975000023841858,1.975000023841858,1.912500023841858,1.9249999523162842,1.1606513261795044,7512000
2005-03-23,1.912500023841858,1.9249999523162842,1.8624999523162842,1.899999976158142,1.145578384399414,8378000
2005-03-24,1.899999976158142,1.899999976158142,1.8624999523162842,1.875,1.1305049657821655,3236000
2005-03-29,1.8875000476837158,1.8875000476837158,1.837499976158142,1.850000023841858,1.115431308746338,5554668
2005-03-30,1.850000023841858,1.850000023841858,1.7625000476837158,1.7625000476837158,1.0626744031906128,12773702
2005-03-31,1.774999976158142,1.8875000476837158,1.774999976158142,1.875,1.1305049657821655,6160000
2005-04-01,1.875,1.912500023841858,1.850000023841858,1.912500023841858,1.1531147956848145,2731334
2005-04-04,1.9249999523162842,1.9249999523162842,1.875,1.8875000476837158,1.138041377067566,1726400
2005-04-06,1.912500023841858,1.9375,1.899999976158142,1.912500023841858,1.1531147956848145,3529334
2005-04-07,1.912500023841858,1.9249999523162842,1.912500023841858,1.912500023841858,1.1531147956848145,1204000
2005-04-08,1.9375,1.962499976158142,1.9249999523162842,1.9375,1.168188452720642,2627000
2005-04-11,1.9500000476837158,1.975000023841858,1.899999976158142,1.912500023841858,1.1531147956848145,6634668
2005-04-12,1.912500023841858,1.9249999523162842,1.899999976158142,1.912500023841858,1.1531147956848145,2060000
2005-04-13,1.912500023841858,1.912500023841858,1.899999976158142,1.912500023841858,1.1531147956848145,8700000
2005-04-14,1.912500023841858,1.912500023841858,1.899999976158142,1.899999976158142,1.145578384399414,2456000
2005-04-15,1.899999976158142,1.912500023841858,1.8875000476837158,1.899999976158142,1.145578384399414,3192000
2005-04-18,1.875,1.875,1.837499976158142,1.850000023841858,1.115431308746338,2312000
2005-04-19,1.850000023841858,1.8624999523162842,1.837499976158142,1.837499976158142,1.1078946590423584,4720000
2005-04-20,1.850000023841858,1.875,1.8125,1.8125,1.0928212404251099,6276000
2005-04-21,1.7999999523162842,1.850000023841858,1.787500023841858,1.837499976158142,1.1078946590423584,6532000
2005-04-22,1.850000023841858,1.850000023841858,1.8250000476837158,1.837499976158142,1.1078946590423584,2848000
2005-04-25,1.850000023841858,1.850000023841858,1.8125,1.8125,1.0928212404251099,4656000
2005-04-26,1.8250000476837158,1.8250000476837158,1.8125,1.8250000476837158,1.100358009338379,2344000
2005-04-27,1.8250000476837158,1.8250000476837158,1.774999976158142,1.787500023841858,1.0777480602264404,6848000
2005-04-28,1.8125,1.8125,1.7999999523162842,1.8125,1.0928212404251099,2036000
2005-04-29,1.7999999523162842,1.8125,1.7625000476837158,1.787500023841858,1.0777480602264404,4560000
2005-05-03,1.787500023841858,1.8125,1.787500023841858,1.787500023841858,1.0777480602264404,1324000
2005-05-04,1.7999999523162842,1.8125,1.7625000476837158,1.7625000476837158,1.0626744031906128,1504000
2005-05-05,1.774999976158142,1.787500023841858,1.7625000476837158,1.7625000476837158,1.0626744031906128,4972000
2005-05-06,1.787500023841858,1.8250000476837158,1.7625000476837158,1.7625000476837158,1.0626744031906128,9000000
2005-05-09,1.774999976158142,1.774999976158142,1.75,1.774999976158142,1.070211410522461,5676000
2005-05-10,1.774999976158142,1.850000023841858,1.7625000476837158,1.837499976158142,1.1078946590423584,7848000
2005-05-11,1.8250000476837158,1.850000023841858,1.8125,1.8125,1.0928212404251099,6012000
2005-05-12,1.850000023841858,1.850000023841858,1.837499976158142,1.850000023841858,1.115431308746338,1648000
2005-05-13,1.850000023841858,1.850000023841858,1.8125,1.8125,1.0928212404251099,2324000
2005-05-17,1.837499976158142,1.837499976158142,1.774999976158142,1.787500023841858,1.0777480602264404,7544000
2005-05-18,1.7999999523162842,1.8125,1.7999999523162842,1.8125,1.0928212404251099,604000
2005-05-19,1.8125,1.8125,1.774999976158142,1.787500023841858,1.0777480602264404,1360000
2005-05-20,1.7999999523162842,1.7999999523162842,1.774999976158142,1.774999976158142,1.070211410522461,923200
2005-05-23,1.774999976158142,1.787500023841858,1.774999976158142,1.774999976158142,1.070211410522461,364000
2005-05-24,1.787500023841858,1.7999999523162842,1.787500023841858,1.787500023841858,1.0777480602264404,268000
2005-05-25,1.7999999523162842,1.7999999523162842,1.787500023841858,1.787500023841858,1.0777480602264404,572000
2005-05-26,1.7999999523162842,1.7999999523162842,1.7625000476837158,1.774999976158142,1.070211410522461,400000
2005-05-27,1.774999976158142,1.837499976158142,1.774999976158142,1.8250000476837158,1.100358009338379,2670000
2005-05-30,1.850000023841858,1.850000023841858,1.8125,1.8125,1.0928212404251099,492000
2005-05-31,1.8250000476837158,1.8250000476837158,1.7999999523162842,1.7999999523162842,1.0852844715118408,300000
2005-06-01,1.850000023841858,1.850000023841858,1.774999976158142,1.787500023841858,1.0777480602264404,1768000
2005-06-02,1.787500023841858,1.7999999523162842,1.787500023841858,1.787500023841858,1.0777480602264404,660000
2005-06-03,1.7999999523162842,1.8125,1.7999999523162842,1.8125,1.0928212404251099,852000
2005-06-06,1.8250000476837158,1.8250000476837158,1.7999999523162842,1.8125,1.0928212404251099,556000
2005-06-07,1.8250000476837158,1.850000023841858,1.7999999523162842,1.850000023841858,1.115431308746338,2808000
2005-06-08,1.850000023841858,1.8624999523162842,1.837499976158142,1.850000023841858,1.115431308746338,1994400
2005-06-09,1.850000023841858,1.850000023841858,1.7999999523162842,1.7999999523162842,1.0852844715118408,2148000
2005-06-10,1.8125,1.837499976158142,1.8125,1.8250000476837158,1.100358009338379,396000
2005-06-13,1.8250000476837158,1.850000023841858,1.8250000476837158,1.837499976158142,1.1078946590423584,481334
2005-06-14,1.8250000476837158,1.837499976158142,1.8125,1.8125,1.0928212404251099,264000
2005-06-15,1.8250000476837158,1.8250000476837158,1.787500023841858,1.8125,1.0928212404251099,565598
2005-06-16,1.8125,1.8125,1.787500023841858,1.787500023841858,1.0777480602264404,588000
2005-06-17,1.7999999523162842,1.8250000476837158,1.7999999523162842,1.7999999523162842,1.0852844715118408,4004000
2005-06-20,1.7999999523162842,1.8250000476837158,1.7999999523162842,1.8250000476837158,1.100358009338379,872000
2005-06-21,1.7999999523162842,1.8250000476837158,1.7999999523162842,1.8125,1.0928212404251099,1484000
2005-06-22,1.7999999523162842,1.8125,1.787500023841858,1.7999999523162842,1.0852844715118408,2108000
2005-06-23,1.7999999523162842,1.837499976158142,1.7999999523162842,1.837499976158142,1.1078946590423584,3951274
2005-06-24,1.837499976158142,1.8624999523162842,1.837499976158142,1.850000023841858,1.115431308746338,7556000
2005-06-27,1.875,1.962499976158142,1.875,1.962499976158142,1.1832616329193115,13240000
2005-06-28,1.975000023841858,2.0,1.9375,1.9500000476837158,1.1757251024246216,10614668
2005-06-29,1.9500000476837158,1.975000023841858,1.875,1.875,1.1305049657821655,7748000
2005-06-30,1.899999976158142,1.9249999523162842,1.8875000476837158,1.912500023841858,1.1531147956848145,7448000
2005-07-04,1.899999976158142,1.899999976158142,1.837499976158142,1.850000023841858,1.115431308746338,6556000
2005-07-05,1.850000023841858,1.8624999523162842,1.837499976158142,1.837499976158142,1.1078946590423584,6820000
2005-07-06,1.875,1.899999976158142,1.8624999523162842,1.8875000476837158,1.138041377067566,5704000
2005-07-07,1.8875000476837158,1.9249999523162842,1.8875000476837158,1.912500023841858,1.1531147956848145,8724000
2005-07-08,1.912500023841858,1.912500023841858,1.8875000476837158,1.899999976158142,1.145578384399414,5236600
2005-07-11,1.899999976158142,1.912500023841858,1.8875000476837158,1.8875000476837158,1.138041377067566,2411478
2005-07-12,1.899999976158142,1.912500023841858,1.8875000476837158,1.8875000476837158,1.138041377067566,3232000
2005-07-13,1.899999976158142,1.9874999523162842,1.8875000476837158,1.962499976158142,1.1832616329193115,11913200
2005-07-14,2.049999952316284,2.049999952316284,1.9500000476837158,1.9874999523162842,1.19833505153656,13192000
2005-07-15,1.9874999523162842,1.9874999523162842,1.9500000476837158,1.962499976158142,1.1832616329193115,2932000
2005-07-18,1.975000023841858,1.975000023841858,1.9249999523162842,1.9500000476837158,1.1757251024246216,1910660
2005-07-19,1.962499976158142,1.962499976158142,1.9249999523162842,1.9375,1.168188452720642,1268000
2005-07-20,1.9375,1.9500000476837158,1.912500023841858,1.9249999523162842,1.1606513261795044,2292660
2005-07-21,1.9375,1.9500000476837158,1.9249999523162842,1.9375,1.168188452720642,936000
2005-07-22,1.9874999523162842,2.0,1.975000023841858,1.975000023841858,1.190798282623291,5548000
2005-07-25,1.975000023841858,1.9874999523162842,1.962499976158142,1.975000023841858,1.190798282623291,2376000
2005-07-26,1.975000023841858,2.0,1.962499976158142,1.9874999523162842,1.19833505153656,5856000
2005-07-27,2.0,2.0,1.962499976158142,1.962499976158142,1.1832616329193115,1428000
2005-07-28,1.962499976158142,1.9874999523162842,1.962499976158142,1.9874999523162842,1.19833505153656,2272000
2005-07-29,1.9874999523162842,1.9874999523162842,1.975000023841858,1.9874999523162842,1.19833505153656,1940000
2005-08-01,1.9874999523162842,2.0,1.962499976158142,1.9874999523162842,1.19833505153656,1924000
2005-08-02,2.0,2.0,1.962499976158142,1.962499976158142,1.1832616329193115,2424000
2005-08-03,1.975000023841858,1.975000023841858,1.9375,1.9500000476837158,1.1757251024246216,4144000
2005-08-04,1.962499976158142,1.975000023841858,1.962499976158142,1.975000023841858,1.190798282623291,1533200
2005-08-05,1.975000023841858,1.975000023841858,1.9500000476837158,1.975000023841858,1.190798282623291,1760000
2005-08-08,1.975000023841858,1.9874999523162842,1.9500000476837158,1.9874999523162842,1.19833505153656,1120000
2005-08-09,1.975000023841858,1.9874999523162842,1.962499976158142,1.962499976158142,1.1832616329193115,2148000
2005-08-10,1.975000023841858,1.9874999523162842,1.962499976158142,1.975000023841858,1.190798282623291,4576000
2005-08-11,2.0,2.0374999046325684,1.9874999523162842,2.0250000953674316,1.220944881439209,8640000
2005-08-12,2.0374999046325684,2.049999952316284,2.012500047683716,2.049999952316284,1.236018419265747,4988000
2005-08-15,2.0625,2.0625,2.0374999046325684,2.0625,1.2435553073883057,2648000
2005-08-16,2.0625,2.0625,2.0374999046325684,2.049999952316284,1.236018419265747,5117334
2005-08-17,2.049999952316284,2.0625,2.0374999046325684,2.049999952316284,1.236018419265747,5719200
2005-08-18,2.0,2.0250000953674316,1.9249999523162842,1.9375,1.1855376958847046,8156000
2005-08-19,1.9375,1.9500000476837158,1.9249999523162842,1.9249999523162842,1.1778887510299683,1856000
2005-08-22,1.9249999523162842,1.975000023841858,1.912500023841858,1.9249999523162842,1.1778887510299683,1316000
2005-08-23,1.9500000476837158,1.9500000476837158,1.875,1.8875000476837158,1.1549432277679443,3504000
2005-08-24,1.899999976158142,1.899999976158142,1.8125,1.8250000476837158,1.1166998147964478,8540000
2005-08-25,1.8250000476837158,1.8250000476837158,1.787500023841858,1.787500023841858,1.0937539339065552,10568000
2005-08-26,1.8125,1.8250000476837158,1.774999976158142,1.8125,1.1090513467788696,3856000
2005-08-29,1.8250000476837158,1.837499976158142,1.8125,1.837499976158142,1.1243486404418945,2104000
2005-08-30,1.837499976158142,1.875,1.8250000476837158,1.8250000476837158,1.1166998147964478,5660000
2005-08-31,1.837499976158142,1.850000023841858,1.7999999523162842,1.8125,1.1090513467788696,6740000
2005-09-01,1.7999999523162842,1.837499976158142,1.7999999523162842,1.7999999523162842,1.101402759552002,5400000
2005-09-02,1.7999999523162842,1.8125,1.7999999523162842,1.8125,1.1090513467788696,2836000
2005-09-05,1.8125,1.8125,1.7999999523162842,1.8125,1.1090513467788696,892000
2005-09-06,1.7999999523162842,1.8125,1.7999999523162842,1.8125,1.1090513467788696,2052000
2005-09-07,1.8125,1.837499976158142,1.7999999523162842,1.837499976158142,1.1243486404418945,8008800
2005-09-08,1.850000023841858,1.850000023841858,1.8125,1.8125,1.1090513467788696,3022000
2005-09-09,1.8250000476837158,1.8250000476837158,1.7999999523162842,1.8125,1.1090513467788696,2572000
2005-09-12,1.8250000476837158,1.8250000476837158,1.662500023841858,1.662500023841858,1.0172678232192993,15260000
2005-09-13,1.625,1.649999976158142,1.4874999523162842,1.5499999523162842,0.9484300017356873,90068000
2005-09-14,1.5499999523162842,1.625,1.5499999523162842,1.6124999523162842,0.9866733551025391,52858372
2005-09-15,1.625,1.662500023841858,1.6124999523162842,1.625,0.9943218231201172,25136000
2005-09-16,1.625,1.6375000476837158,1.6124999523162842,1.6375000476837158,1.0019705295562744,5832000
2005-09-20,1.625,1.6375000476837158,1.587499976158142,1.587499976158142,0.9713758826255798,12728000
2005-09-21,1.587499976158142,1.6124999523162842,1.587499976158142,1.600000023841858,0.9790247082710266,10178600
2005-09-22,1.600000023841858,1.6124999523162842,1.587499976158142,1.600000023841858,0.9790247082710266,4008000
2005-09-23,1.600000023841858,1.6124999523162842,1.600000023841858,1.6124999523162842,0.9866733551025391,3472000
2005-09-26,1.625,1.6375000476837158,1.600000023841858,1.6124999523162842,0.9866733551025391,3000000
2005-09-27,1.625,1.662500023841858,1.625,1.649999976158142,1.009619116783142,6732000
2005-09-28,1.649999976158142,1.662500023841858,1.600000023841858,1.600000023841858,0.9790247082710266,12636000
2005-09-29,1.6124999523162842,1.649999976158142,1.6124999523162842,1.6375000476837158,1.0019705295562744,3444000
2005-09-30,1.6749999523162842,1.75,1.6749999523162842,1.7374999523162842,1.063159465789795,19908000
2005-10-03,1.774999976158142,1.787500023841858,1.75,1.787500023841858,1.0937539339065552,21560000
2005-10-04,1.787500023841858,1.7999999523162842,1.7625000476837158,1.774999976158142,1.0861055850982666,8656000
2005-10-05,1.774999976158142,1.787500023841858,1.75,1.774999976158142,1.0861055850982666,7576000
2005-10-06,1.774999976158142,1.787500023841858,1.75,1.7625000476837158,1.0784568786621094,11672000
2005-10-07,1.712499976158142,1.712499976158142,1.6749999523162842,1.7000000476837158,1.0402135848999023,8593000
2005-10-10,1.7000000476837158,1.7000000476837158,1.625,1.6875,1.0325648784637451,2562000
2005-10-12,1.6749999523162842,1.6749999523162842,1.6124999523162842,1.6375000476837158,1.0019705295562744,7960000
2005-10-13,1.625,1.6375000476837158,1.625,1.6375000476837158,1.0019705295562744,1128000
2005-10-14,1.6375000476837158,1.6375000476837158,1.6124999523162842,1.6124999523162842,0.9866733551025391,1468000
2005-10-17,1.625,1.6375000476837158,1.6124999523162842,1.625,0.9943218231201172,928000
2005-10-18,1.625,1.6375000476837158,1.625,1.625,0.9943218231201172,2036000
2005-10-19,1.625,1.625,1.587499976158142,1.587499976158142,0.9713758826255798,3304000
2005-10-20,1.600000023841858,1.6124999523162842,1.5750000476837158,1.587499976158142,0.9713758826255798,3784000
2005-10-21,1.587499976158142,1.587499976158142,1.5125000476837158,1.537500023841858,0.9407815933227539,2480000
2005-10-24,1.537500023841858,1.537500023841858,1.4249999523162842,1.4249999523162842,0.8719437122344971,5156000
2005-10-25,1.4500000476837158,1.475000023841858,1.4249999523162842,1.4500000476837158,0.8872409462928772,2780000
2005-10-26,1.462499976158142,1.462499976158142,1.3875000476837158,1.412500023841858,0.8642950654029846,3900000
2005-10-27,1.412500023841858,1.412500023841858,1.350000023841858,1.3624999523162842,0.8337005972862244,6144000
2005-10-28,1.350000023841858,1.399999976158142,1.3250000476837158,1.399999976158142,0.8566462993621826,3876000
2005-10-31,1.3875000476837158,1.4375,1.3624999523162842,1.4375,0.8795921802520752,6260000
2005-11-01,1.4500000476837158,1.4874999523162842,1.4500000476837158,1.475000023841858,0.902538537979126,8736000
2005-11-02,1.475000023841858,1.537500023841858,1.475000023841858,1.537500023841858,0.9407815933227539,3904000
2005-11-03,1.537500023841858,1.5499999523162842,1.524999976158142,1.537500023841858,0.9407815933227539,2480000
2005-11-04,1.537500023841858,1.537500023841858,1.4874999523162842,1.5,0.9178352355957031,1992000
2005-11-07,1.5,1.5,1.4375,1.4500000476837158,0.8872409462928772,2192000
2005-11-08,1.4249999523162842,1.4249999523162842,1.375,1.399999976158142,0.8566462993621826,6452000
2005-11-09,1.375,1.4249999523162842,1.375,1.3875000476837158,0.8489980697631836,4114000
2005-11-10,1.3875000476837158,1.4249999523162842,1.3875000476837158,1.4249999523162842,0.8719437122344971,2640000
2005-11-11,1.4375,1.4375,1.399999976158142,1.399999976158142,0.8566462993621826,3094668
2005-11-14,1.375,1.399999976158142,1.375,1.3875000476837158,0.8489980697631836,364666
2005-11-15,1.3875000476837158,1.3875000476837158,1.350000023841858,1.375,0.8413492441177368,3962666
2005-11-16,1.375,1.375,1.3624999523162842,1.375,0.8413492441177368,704000
2005-11-17,1.3624999523162842,1.3624999523162842,1.337499976158142,1.3624999523162842,0.8337005972862244,2648000
2005-11-18,1.3624999523162842,1.399999976158142,1.350000023841858,1.3875000476837158,0.8489980697631836,6628000
2005-11-21,1.3875000476837158,1.4375,1.3875000476837158,1.4249999523162842,0.8719437122344971,3716000
2005-11-22,1.412500023841858,1.412500023841858,1.3875000476837158,1.3875000476837158,0.8489980697631836,1052000
2005-11-23,1.399999976158142,1.4249999523162842,1.3875000476837158,1.399999976158142,0.8566462993621826,3384666
2005-11-24,1.4249999523162842,1.462499976158142,1.4249999523162842,1.4375,0.8795921802520752,4892000
2005-11-25,1.4375,1.4500000476837158,1.4375,1.4500000476837158,0.8872409462928772,2152000
2005-11-28,1.4500000476837158,1.4874999523162842,1.4500000476837158,1.462499976158142,0.8948896527290344,5844000
2005-11-29,1.462499976158142,1.462499976158142,1.4249999523162842,1.4500000476837158,0.8872409462928772,1868000
2005-11-30,1.4249999523162842,1.4375,1.3875000476837158,1.3875000476837158,0.8489980697631836,3652666
2005-12-01,1.399999976158142,1.399999976158142,1.337499976158142,1.375,0.8413492441177368,6068640
2005-12-02,1.3875000476837158,1.412500023841858,1.3875000476837158,1.3875000476837158,0.8489980697631836,3040000
2005-12-05,1.399999976158142,1.412500023841858,1.375,1.375,0.8413492441177368,2368000
2005-12-06,1.3875000476837158,1.3875000476837158,1.350000023841858,1.3624999523162842,0.8337005972862244,3100000
2005-12-07,1.3624999523162842,1.375,1.350000023841858,1.3624999523162842,0.8337005972862244,4632000
2005-12-08,1.3624999523162842,1.3875000476837158,1.350000023841858,1.3624999523162842,0.8337005972862244,2524000
2005-12-09,1.3624999523162842,1.375,1.3624999523162842,1.3624999523162842,0.8337005972862244,925334
2005-12-12,1.3624999523162842,1.3875000476837158,1.3624999523162842,1.3624999523162842,0.8337005972862244,3012000
2005-12-13,1.3875000476837158,1.3875000476837158,1.350000023841858,1.350000023841858,0.8260521292686462,2844000
2005-12-14,1.3624999523162842,1.3624999523162842,1.350000023841858,1.350000023841858,0.8260521292686462,2916000
2005-12-15,1.350000023841858,1.375,1.350000023841858,1.375,0.8508026003837585,4570000
2005-12-16,1.3624999523162842,1.3624999523162842,1.350000023841858,1.350000023841858,0.835333526134491,3838000
2005-12-19,1.3624999523162842,1.375,1.350000023841858,1.350000023841858,0.835333526134491,5092000
2005-12-20,1.350000023841858,1.3624999523162842,1.3125,1.3250000476837158,0.8198643326759338,8212000
2005-12-21,1.3250000476837158,1.350000023841858,1.3250000476837158,1.3250000476837158,0.8198643326759338,3442266
2005-12-22,1.337499976158142,1.3624999523162842,1.3250000476837158,1.3624999523162842,0.8430681228637695,2940000
2005-12-23,1.3624999523162842,1.3624999523162842,1.350000023841858,1.3624999523162842,0.8430681228637695,1660000
2005-12-28,1.350000023841858,1.3624999523162842,1.337499976158142,1.337499976158142,0.827599048614502,1821334
2005-12-29,1.350000023841858,1.350000023841858,1.337499976158142,1.350000023841858,0.835333526134491,2313334
2005-12-30,1.350000023841858,1.350000023841858,1.337499976158142,1.350000023841858,0.835333526134491,2785332
2006-01-03,1.350000023841858,1.375,1.337499976158142,1.3624999523162842,0.8430681228637695,2561334
2006-01-04,1.375,1.3875000476837158,1.3624999523162842,1.375,0.8508026003837585,3815674
2006-01-05,1.375,1.3875000476837158,1.337499976158142,1.350000023841858,0.835333526134491,4047998
2006-01-06,1.3624999523162842,1.3624999523162842,1.337499976158142,1.350000023841858,0.835333526134491,2252000
2006-01-09,1.3624999523162842,1.3624999523162842,1.337499976158142,1.350000023841858,0.835333526134491,3529334
2006-01-10,1.3624999523162842,1.375,1.350000023841858,1.350000023841858,0.835333526134491,3589904
2006-01-11,1.350000023841858,1.412500023841858,1.350000023841858,1.412500023841858,0.8740063309669495,14336000
2006-01-12,1.4249999523162842,1.462499976158142,1.4249999523162842,1.4249999523162842,0.8817409873008728,16558666
2006-01-13,1.4249999523162842,1.4375,1.399999976158142,1.412500023841858,0.8740063309669495,4632000
2006-01-16,1.4249999523162842,1.462499976158142,1.4249999523162842,1.4500000476837158,0.8972100019454956,14430660
2006-01-17,1.4500000476837158,1.5125000476837158,1.4500000476837158,1.475000023841858,0.9126791954040527,33862000
2006-01-18,1.462499976158142,1.475000023841858,1.412500023841858,1.4500000476837158,0.8972100019454956,11508000
2006-01-19,1.4500000476837158,1.462499976158142,1.4375,1.4500000476837158,0.8972100019454956,7548000
2006-01-20,1.4500000476837158,1.5,1.4375,1.4500000476837158,0.8972100019454956,12920666
2006-01-23,1.4500000476837158,1.4500000476837158,1.3875000476837158,1.412500023841858,0.8740063309669495,6600000
2006-01-24,1.412500023841858,1.4249999523162842,1.3875000476837158,1.3875000476837158,0.8585371971130371,7879334
2006-01-25,1.399999976158142,1.412500023841858,1.3875000476837158,1.399999976158142,0.8662716150283813,4516000
2006-01-26,1.4249999523162842,1.4249999523162842,1.399999976158142,1.399999976158142,0.8662716150283813,3368000
2006-01-27,1.399999976158142,1.412500023841858,1.375,1.375,0.8508026003837585,7198000
2006-02-01,1.375,1.399999976158142,1.337499976158142,1.350000023841858,0.835333526134491,10600000
2006-02-02,1.3624999523162842,1.3875000476837158,1.350000023841858,1.3875000476837158,0.8585371971130371,9392000
2006-02-03,1.3875000476837158,1.4375,1.375,1.4375,0.8894753456115723,20044000
2006-02-06,1.4500000476837158,1.4500000476837158,1.4249999523162842,1.4375,0.8894753456115723,5396000
2006-02-07,1.462499976158142,1.475000023841858,1.4375,1.4500000476837158,0.8972100019454956,16412000
2006-02-08,1.4500000476837158,1.4500000476837158,1.4249999523162842,1.4249999523162842,0.8817409873008728,8886000
2006-02-09,1.4249999523162842,1.4249999523162842,1.375,1.399999976158142,0.8662716150283813,7098666
2006-02-10,1.399999976158142,1.412500023841858,1.3875000476837158,1.3875000476837158,0.8585371971130371,2188000
2006-02-13,1.399999976158142,1.399999976158142,1.3624999523162842,1.3875000476837158,0.8585371971130371,3910000
2006-02-14,1.3875000476837158,1.4249999523162842,1.375,1.4249999523162842,0.8817409873008728,4684666
2006-02-15,1.4249999523162842,1.4249999523162842,1.399999976158142,1.399999976158142,0.8662716150283813,4780000
2006-02-16,1.412500023841858,1.412500023841858,1.3875000476837158,1.3875000476837158,0.8585371971130371,1314666
2006-02-17,1.3875000476837158,1.399999976158142,1.375,1.3875000476837158,0.8585371971130371,1192000
2006-02-20,1.399999976158142,1.412500023841858,1.375,1.3875000476837158,0.8585371971130371,1890666
2006-02-21,1.3875000476837158,1.3875000476837158,1.375,1.3875000476837158,0.8585371971130371,1652000
2006-02-22,1.3875000476837158,1.3875000476837158,1.350000023841858,1.375,0.8508026003837585,5442400
2006-02-23,1.375,1.399999976158142,1.375,1.399999976158142,0.8662716150283813,3912000
2006-02-24,1.412500023841858,1.4375,1.399999976158142,1.4375,0.8894753456115723,10904788
2006-02-27,1.4375,1.4375,1.412500023841858,1.4249999523162842,0.8817409873008728,2280000
2006-02-28,1.4249999523162842,1.4249999523162842,1.375,1.3875000476837158,0.8585371971130371,3294666
2006-03-01,1.3875000476837158,1.4249999523162842,1.3875000476837158,1.4249999523162842,0.8817409873008728,2804000
2006-03-02,1.4375,1.4375,1.399999976158142,1.399999976158142,0.8662716150283813,3456000
2006-03-03,1.399999976158142,1.4249999523162842,1.3875000476837158,1.4249999523162842,0.8817409873008728,4006668
2006-03-06,1.4375,1.4500000476837158,1.412500023841858,1.4375,0.8894753456115723,4390666
2006-03-07,1.4249999523162842,1.4249999523162842,1.3875000476837158,1.3875000476837158,0.8585371971130371,1284000
2006-03-08,1.399999976158142,1.399999976158142,1.3624999523162842,1.3624999523162842,0.8430681228637695,2756000
2006-03-09,1.3624999523162842,1.3875000476837158,1.350000023841858,1.350000023841858,0.835333526134491,2852000
2006-03-10,1.375,1.375,1.3624999523162842,1.375,0.8508026003837585,492000
2006-03-13,1.3875000476837158,1.3875000476837158,1.3624999523162842,1.3624999523162842,0.8430681228637695,1152000
2006-03-14,1.375,1.375,1.337499976158142,1.337499976158142,0.827599048614502,4504000
2006-03-15,1.337499976158142,1.3624999523162842,1.337499976158142,1.350000023841858,0.835333526134491,3248000
2006-03-16,1.350000023841858,1.375,1.350000023841858,1.350000023841858,0.835333526134491,3409600
2006-03-17,1.375,1.3875000476837158,1.3624999523162842,1.375,0.8508026003837585,1373334
2006-03-20,1.375,1.375,1.350000023841858,1.3624999523162842,0.8430681228637695,1556000
2006-03-21,1.350000023841858,1.375,1.350000023841858,1.375,0.8508026003837585,2053332
2006-03-22,1.3624999523162842,1.375,1.350000023841858,1.3624999523162842,0.8430681228637695,1092000
2006-03-23,1.375,1.375,1.350000023841858,1.3624999523162842,0.8430681228637695,740000
2006-03-24,1.3624999523162842,1.3624999523162842,1.350000023841858,1.3624999523162842,0.8430681228637695,1444000
2006-03-27,1.3624999523162842,1.375,1.350000023841858,1.3624999523162842,0.8430681228637695,1408000
2006-03-28,1.350000023841858,1.3624999523162842,1.350000023841858,1.3624999523162842,0.8430681228637695,2372000
2006-03-29,1.3624999523162842,1.375,1.350000023841858,1.3624999523162842,0.8430681228637695,944000
2006-03-30,1.375,1.399999976158142,1.375,1.399999976158142,0.8662716150283813,7193334
2006-03-31,1.399999976158142,1.399999976158142,1.3875000476837158,1.399999976158142,0.8662716150283813,3808000
2006-04-03,1.4249999523162842,1.462499976158142,1.399999976158142,1.462499976158142,0.9049447774887085,14128000
2006-04-04,1.4375,1.475000023841858,1.4375,1.462499976158142,0.9049447774887085,10810934
2006-04-06,1.4874999523162842,1.537500023841858,1.475000023841858,1.537500023841858,0.9513522982597351,14162000
2006-04-07,1.5750000476837158,1.5750000476837158,1.5125000476837158,1.524999976158142,0.9436175227165222,10612000
2006-04-10,1.524999976158142,1.537500023841858,1.5,1.537500023841858,0.9513522982597351,4162000
2006-04-11,1.537500023841858,1.587499976158142,1.5125000476837158,1.587499976158142,0.9822899699211121,5536000
2006-04-12,1.587499976158142,1.7000000476837158,1.5750000476837158,1.7000000476837158,1.0519013404846191,21462668
2006-04-13,1.7000000476837158,1.7000000476837158,1.6749999523162842,1.6875,1.044166922569275,16974000
2006-04-18,1.649999976158142,1.6875,1.5750000476837158,1.6375000476837158,1.0132285356521606,8272000
2006-04-19,1.649999976158142,1.662500023841858,1.6124999523162842,1.6124999523162842,0.9977595806121826,4483334
2006-04-20,1.6124999523162842,1.6124999523162842,1.5750000476837158,1.600000023841858,0.9900249242782593,3645266
2006-04-21,1.600000023841858,1.600000023841858,1.5499999523162842,1.600000023841858,0.9900249242782593,3184000
2006-04-24,1.600000023841858,1.600000023841858,1.524999976158142,1.5499999523162842,0.959086537361145,1581334
2006-04-25,1.5499999523162842,1.587499976158142,1.524999976158142,1.5625,0.9668210744857788,6012000
2006-04-26,1.600000023841858,1.600000023841858,1.5750000476837158,1.600000023841858,0.9900249242782593,1452000
2006-04-27,1.600000023841858,1.625,1.5750000476837158,1.5750000476837158,0.9745559096336365,1345142
2006-04-28,1.5750000476837158,1.600000023841858,1.5499999523162842,1.600000023841858,0.9900249242782593,2656000
2006-05-02,1.5750000476837158,1.625,1.5750000476837158,1.587499976158142,0.9822899699211121,3312000
2006-05-03,1.600000023841858,1.625,1.5750000476837158,1.5750000476837158,0.9745559096336365,2100000
2006-05-04,1.5750000476837158,1.5750000476837158,1.537500023841858,1.537500023841858,0.9513522982597351,1464000
2006-05-08,1.5625,1.5625,1.350000023841858,1.4375,0.8894753456115723,6434668
2006-05-09,1.475000023841858,1.475000023841858,1.4500000476837158,1.475000023841858,0.9126791954040527,2878666
2006-05-10,1.4874999523162842,1.4874999523162842,1.4500000476837158,1.462499976158142,0.9049447774887085,1432000
2006-05-11,1.462499976158142,1.5,1.4500000476837158,1.475000023841858,0.9126791954040527,4504000
2006-05-12,1.4874999523162842,1.5125000476837158,1.462499976158142,1.5125000476837158,0.9358831644058228,4714000
2006-05-15,1.5125000476837158,1.5499999523162842,1.4874999523162842,1.5,0.9281482100486755,3796000
2006-05-16,1.4874999523162842,1.5125000476837158,1.4874999523162842,1.4874999523162842,0.9204134345054626,1560000
2006-05-17,1.5,1.5125000476837158,1.4874999523162842,1.5125000476837158,0.9358831644058228,650666
2006-05-18,1.524999976158142,1.524999976158142,1.462499976158142,1.5,0.9281482100486755,1192000
2006-05-19,1.5,1.5,1.4874999523162842,1.5,0.9281482100486755,1276000
2006-05-22,1.5,1.5,1.4500000476837158,1.475000023841858,0.9126791954040527,2312000
2006-05-23,1.5,1.5,1.4500000476837158,1.4500000476837158,0.8972100019454956,1012000
2006-05-24,1.5,1.5,1.4500000476837158,1.5,0.9281482100486755,1344000
2006-05-25,1.5,1.5,1.462499976158142,1.475000023841858,0.9126791954040527,424000
2006-05-26,1.5,1.5,1.399999976158142,1.399999976158142,0.8662716150283813,1512000
2006-05-29,1.399999976158142,1.4500000476837158,1.399999976158142,1.412500023841858,0.8740063309669495,200000
2006-05-30,1.412500023841858,1.4249999523162842,1.412500023841858,1.412500023841858,0.8740063309669495,146666
2006-06-01,1.412500023841858,1.412500023841858,1.3624999523162842,1.3624999523162842,0.8430681228637695,920000
2006-06-02,1.375,1.4375,1.375,1.3875000476837158,0.8585371971130371,1448000
2006-06-05,1.399999976158142,1.4375,1.399999976158142,1.412500023841858,0.8740063309669495,1015334
2006-06-06,1.412500023841858,1.412500023841858,1.3875000476837158,1.3875000476837158,0.8585371971130371,2724000
2006-06-07,1.3875000476837158,1.4500000476837158,1.3875000476837158,1.4249999523162842,0.8817409873008728,2018668
2006-06-08,1.4249999523162842,1.4249999523162842,1.350000023841858,1.375,0.8508026003837585,1188000
2006-06-09,1.3624999523162842,1.3875000476837158,1.3624999523162842,1.3624999523162842,0.8430681228637695,436000
2006-06-12,1.375,1.375,1.3624999523162842,1.375,0.8508026003837585,172000
2006-06-13,1.375,1.375,1.337499976158142,1.350000023841858,0.835333526134491,1088000
2006-06-14,1.3250000476837158,1.350000023841858,1.3250000476837158,1.350000023841858,0.835333526134491,548000
2006-06-15,1.337499976158142,1.350000023841858,1.337499976158142,1.350000023841858,0.835333526134491,216000
2006-06-16,1.350000023841858,1.3875000476837158,1.350000023841858,1.3875000476837158,0.8585371971130371,384000
2006-06-19,1.399999976158142,1.399999976158142,1.375,1.399999976158142,0.8662716150283813,440000
2006-06-20,1.399999976158142,1.399999976158142,1.375,1.3875000476837158,0.8585371971130371,572000
2006-06-21,1.3875000476837158,1.3875000476837158,1.375,1.375,0.8508026003837585,252000
2006-06-22,1.375,1.375,1.350000023841858,1.350000023841858,0.835333526134491,760000
2006-06-23,1.3624999523162842,1.3624999523162842,1.337499976158142,1.337499976158142,0.827599048614502,4008000
2006-06-26,1.337499976158142,1.350000023841858,1.3250000476837158,1.337499976158142,0.827599048614502,2008000
2006-06-27,1.3624999523162842,1.3624999523162842,1.337499976158142,1.350000023841858,0.835333526134491,2020000
2006-06-28,1.350000023841858,1.3624999523162842,1.3250000476837158,1.350000023841858,0.835333526134491,1388000
2006-06-29,1.350000023841858,1.412500023841858,1.350000023841858,1.375,0.8508026003837585,2188000
2006-06-30,1.399999976158142,1.399999976158142,1.3624999523162842,1.375,0.8508026003837585,3905334
2006-07-03,1.399999976158142,1.399999976158142,1.375,1.3875000476837158,0.8585371971130371,5866666
2006-07-04,1.3875000476837158,1.3875000476837158,1.375,1.3875000476837158,0.8585371971130371,6104000
2006-07-05,1.375,1.375,1.3624999523162842,1.375,0.8508026003837585,420000
2006-07-06,1.375,1.3875000476837158,1.3624999523162842,1.3875000476837158,0.8585371971130371,724000
2006-07-07,1.3624999523162842,1.3875000476837158,1.3624999523162842,1.3624999523162842,0.8430681228637695,4060000
2006-07-10,1.3624999523162842,1.375,1.3250000476837158,1.375,0.8508026003837585,496000
2006-07-11,1.375,1.3875000476837158,1.375,1.375,0.8508026003837585,336000
2006-07-12,1.375,1.375,1.3624999523162842,1.375,0.8508026003837585,660000
2006-07-13,1.3624999523162842,1.375,1.350000023841858,1.375,0.8508026003837585,1048000
2006-07-14,1.3250000476837158,1.3624999523162842,1.3250000476837158,1.3624999523162842,0.8430681228637695,284000
2006-07-17,1.3624999523162842,1.3624999523162842,1.350000023841858,1.350000023841858,0.835333526134491,272000
2006-07-18,1.350000023841858,1.3624999523162842,1.350000023841858,1.3624999523162842,0.8430681228637695,500000
2006-07-19,1.3624999523162842,1.3624999523162842,1.337499976158142,1.3624999523162842,0.8430681228637695,824000
2006-07-20,1.3624999523162842,1.3624999523162842,1.350000023841858,1.350000023841858,0.835333526134491,1452000
2006-07-21,1.350000023841858,1.3624999523162842,1.337499976158142,1.337499976158142,0.827599048614502,1140000
2006-07-24,1.3250000476837158,1.3550000190734863,1.3250000476837158,1.3450000286102295,0.8322397470474243,228000
2006-07-25,1.3450000286102295,1.350000023841858,1.3350000381469727,1.340000033378601,0.829145610332489,992000
2006-07-26,1.3350000381469727,1.340000033378601,1.3300000429153442,1.3300000429153442,0.8229581713676453,876000
2006-07-27,1.3300000429153442,1.3450000286102295,1.3250000476837158,1.340000033378601,0.829145610332489,910666
2006-07-28,1.3250000476837158,1.340000033378601,1.3250000476837158,1.3300000429153442,0.8229581713676453,428000
2006-07-31,1.3350000381469727,1.350000023841858,1.3250000476837158,1.3250000476837158,0.8198643326759338,828000
2006-08-01,1.3300000429153442,1.3450000286102295,1.3250000476837158,1.3350000381469727,0.8260521292686462,1048000
2006-08-02,1.3450000286102295,1.3450000286102295,1.3200000524520874,1.3350000381469727,0.8260521292686462,2292000
2006-08-03,1.3250000476837158,1.3300000429153442,1.3250000476837158,1.3250000476837158,0.8198643326759338,684000
2006-08-04,1.3300000429153442,1.340000033378601,1.3300000429153442,1.3350000381469727,0.8260521292686462,500000
2006-08-07,1.3350000381469727,1.350000023841858,1.3300000429153442,1.3450000286102295,0.8322397470474243,1126666
2006-08-08,1.350000023841858,1.350000023841858,1.340000033378601,1.340000033378601,0.829145610332489,360000
2006-08-09,1.3450000286102295,1.3550000190734863,1.3450000286102295,1.350000023841858,0.835333526134491,452000
2006-08-10,1.3550000190734863,1.3600000143051147,1.3250000476837158,1.3250000476837158,0.8198643326759338,2408000
2006-08-11,1.340000033378601,1.350000023841858,1.3350000381469727,1.3350000381469727,0.8260521292686462,524000
2006-08-14,1.3350000381469727,1.3600000143051147,1.3350000381469727,1.3550000190734863,0.8384272456169128,816000
2006-08-15,1.3550000190734863,1.3550000190734863,1.3350000381469727,1.3450000286102295,0.8322397470474243,897334
2006-08-16,1.3550000190734863,1.3799999952316284,1.3550000190734863,1.3799999952316284,0.8538965582847595,2140000
2006-08-17,1.3350000381469727,1.340000033378601,1.315000057220459,1.340000033378601,0.8444436192512512,732000
2006-08-18,1.340000033378601,1.340000033378601,1.315000057220459,1.3250000476837158,0.8349910378456116,505334
2006-08-21,1.3250000476837158,1.3350000381469727,1.3200000524520874,1.3300000429153442,0.8381418585777283,1228000
2006-08-22,1.3200000524520874,1.3200000524520874,1.315000057220459,1.315000057220459,0.8286891579627991,380000
2006-08-23,1.315000057220459,1.3250000476837158,1.2999999523162842,1.309999942779541,0.8255383968353271,972000
2006-08-24,1.2999999523162842,1.2999999523162842,1.2799999713897705,1.2899999618530273,0.8129346370697021,1732000
2006-08-25,1.2999999523162842,1.2999999523162842,1.2799999713897705,1.284999966621399,0.8097838163375854,1154732
2006-08-28,1.2799999713897705,1.2799999713897705,1.2400000095367432,1.2400000095367432,0.7814254760742188,2882666
2006-08-29,1.2450000047683716,1.25,1.2300000190734863,1.2350000143051147,0.7782745361328125,3023000
2006-08-30,1.2300000190734863,1.2300000190734863,1.2000000476837158,1.215000033378601,0.7656710743904114,3512000
2006-08-31,1.2000000476837158,1.215000033378601,1.190000057220459,1.2050000429153442,0.7593690156936646,4092000
2006-09-01,1.2000000476837158,1.2100000381469727,1.184999942779541,1.1950000524520874,0.7530671954154968,5376000
2006-09-04,1.1950000524520874,1.2599999904632568,1.1950000524520874,1.2549999952316284,0.7908783555030823,6136000
2006-09-05,1.2699999809265137,1.2949999570846558,1.2599999904632568,1.2649999856948853,0.7971798777580261,6428000
2006-09-06,1.2699999809265137,1.309999942779541,1.2699999809265137,1.2899999618530273,0.8129346370697021,6080000
2006-09-07,1.2899999618530273,1.2999999523162842,1.284999966621399,1.2949999570846558,0.8160853385925293,4440000
2006-09-08,1.284999966621399,1.309999942779541,1.284999966621399,1.3049999475479126,0.8223873972892761,1312000
2006-09-11,1.3049999475479126,1.315000057220459,1.2999999523162842,1.3049999475479126,0.8223873972892761,2297334
2006-09-12,1.2999999523162842,1.2999999523162842,1.274999976158142,1.2899999618530273,0.8129346370697021,656000
2006-09-13,1.2999999523162842,1.2999999523162842,1.2899999618530273,1.2899999618530273,0.8129346370697021,168000
2006-09-14,1.2899999618530273,1.2899999618530273,1.2649999856948853,1.274999976158142,0.8034818172454834,632000
2006-09-15,1.2649999856948853,1.2799999713897705,1.2400000095367432,1.25,0.787727415561676,2236000
2006-09-18,1.2300000190734863,1.25,1.225000023841858,1.25,0.787727415561676,2996000
2006-09-19,1.25,1.2699999809265137,1.25,1.2549999952316284,0.7908783555030823,532000
2006-09-20,1.2649999856948853,1.2649999856948853,1.2400000095367432,1.2450000047683716,0.7845765352249146,541332
2006-09-21,1.25,1.2649999856948853,1.2400000095367432,1.2599999904632568,0.7940291166305542,1236000
2006-09-22,1.2649999856948853,1.284999966621399,1.2649999856948853,1.2799999713897705,0.8066326975822449,1036000
2006-09-25,1.284999966621399,1.315000057220459,1.284999966621399,1.315000057220459,0.8286891579627991,3768000
2006-09-26,1.315000057220459,1.3250000476837158,1.2949999570846558,1.309999942779541,0.8255383968353271,2796000
2006-09-27,1.2999999523162842,1.3200000524520874,1.2899999618530273,1.2899999618530273,0.8129346370697021,1428000
2006-09-28,1.309999942779541,1.3300000429153442,1.2899999618530273,1.3250000476837158,0.8349910378456116,5872000
2006-09-29,1.3250000476837158,1.375,1.3250000476837158,1.3700000047683716,0.863349199295044,13396666
2006-10-03,1.3700000047683716,1.3899999856948853,1.3450000286102295,1.3650000095367432,0.8601983189582825,15628000
2006-10-04,1.3899999856948853,1.3899999856948853,1.3650000095367432,1.3700000047683716,0.863349199295044,2816000
2006-10-05,1.375,1.3799999952316284,1.3700000047683716,1.375,0.8665001392364502,8938666
2006-10-06,1.375,1.3849999904632568,1.3700000047683716,1.3849999904632568,0.8728018999099731,4033334
2006-10-09,1.3849999904632568,1.3849999904632568,1.3650000095367432,1.375,0.8665001392364502,1788000
2006-10-10,1.3700000047683716,1.3799999952316284,1.350000023841858,1.375,0.8665001392364502,5072000
2006-10-11,1.3650000095367432,1.3799999952316284,1.3300000429153442,1.3700000047683716,0.863349199295044,6800000
2006-10-12,1.3700000047683716,1.3700000047683716,1.3650000095367432,1.3650000095367432,0.8601983189582825,19944000
2006-10-13,1.3600000143051147,1.3700000047683716,1.3600000143051147,1.3700000047683716,0.863349199295044,4237334
2006-10-16,1.3700000047683716,1.375,1.3650000095367432,1.375,0.8665001392364502,6378000
2006-10-17,1.3650000095367432,1.3700000047683716,1.309999942779541,1.350000023841858,0.8507455587387085,1490000
2006-10-18,1.3550000190734863,1.375,1.340000033378601,1.350000023841858,0.8507455587387085,2136000
2006-10-19,1.350000023841858,1.3700000047683716,1.350000023841858,1.350000023841858,0.8507455587387085,840000
2006-10-20,1.350000023841858,1.3550000190734863,1.350000023841858,1.350000023841858,0.8507455587387085,1980000
2006-10-23,1.350000023841858,1.3550000190734863,1.350000023841858,1.3550000190734863,0.8538965582847595,616000
2006-10-24,1.3550000190734863,1.3799999952316284,1.3550000190734863,1.375,0.8665001392364502,6356000
2006-10-25,1.3650000095367432,1.3849999904632568,1.3650000095367432,1.3799999952316284,0.8696511387825012,4416000
2006-10-26,1.3799999952316284,1.3899999856948853,1.3550000190734863,1.3600000143051147,0.8570473194122314,1720000
2006-10-27,1.3600000143051147,1.3799999952316284,1.3600000143051147,1.375,0.8665001392364502,1541334
2006-10-31,1.3849999904632568,1.3849999904632568,1.3600000143051147,1.3799999952316284,0.8696511387825012,1372000
2006-11-01,1.3849999904632568,1.4249999523162842,1.3849999904632568,1.4249999523162842,0.898009181022644,3042666
2006-11-02,1.434999942779541,1.4500000476837158,1.434999942779541,1.4500000476837158,0.9137636423110962,2364000
2006-11-03,1.4500000476837158,1.4500000476837158,1.4149999618530273,1.4149999618530273,0.8917074203491211,2460000
2006-11-06,1.434999942779541,1.434999942779541,1.375,1.375,0.8665001392364502,892000
2006-11-07,1.3849999904632568,1.4199999570846558,1.3849999904632568,1.4199999570846558,0.894858181476593,808000
2006-11-08,1.4199999570846558,1.4199999570846558,1.3849999904632568,1.399999976158142,0.8822546601295471,112000
2006-11-09,1.3849999904632568,1.409999966621399,1.3849999904632568,1.399999976158142,0.8822546601295471,761332
2006-11-10,1.399999976158142,1.399999976158142,1.3650000095367432,1.3700000047683716,0.863349199295044,826664
2006-11-13,1.3700000047683716,1.399999976158142,1.3650000095367432,1.3949999809265137,0.8791037201881409,658000
2006-11-14,1.3899999856948853,1.3899999856948853,1.3600000143051147,1.3650000095367432,0.8601983189582825,712000
2006-11-15,1.375,1.3899999856948853,1.375,1.3799999952316284,0.8696511387825012,508000
2006-11-16,1.3799999952316284,1.3899999856948853,1.3799999952316284,1.3899999856948853,0.8759528994560242,764000
2006-11-17,1.3899999856948853,1.3949999809265137,1.3700000047683716,1.375,0.8665001392364502,884000
2006-11-20,1.375,1.3799999952316284,1.3700000047683716,1.3700000047683716,0.863349199295044,777332
2006-11-21,1.3650000095367432,1.3899999856948853,1.3600000143051147,1.3899999856948853,0.8759528994560242,920000
2006-11-22,1.3849999904632568,1.3899999856948853,1.3600000143051147,1.3799999952316284,0.8696511387825012,1057332
2006-11-23,1.3700000047683716,1.399999976158142,1.3700000047683716,1.3849999904632568,0.8728018999099731,1212000
2006-11-24,1.3799999952316284,1.399999976158142,1.3799999952316284,1.399999976158142,0.8822546601295471,1465332
2006-11-27,1.399999976158142,1.4149999618530273,1.3899999856948853,1.4149999618530273,0.8917074203491211,1064000
2006-11-28,1.4149999618530273,1.4149999618530273,1.375,1.3949999809265137,0.8791037201881409,856000
2006-11-29,1.3899999856948853,1.399999976158142,1.375,1.3849999904632568,0.8728018999099731,976000
2006-11-30,1.3949999809265137,1.399999976158142,1.3799999952316284,1.3949999809265137,0.8791037201881409,1384000
2006-12-01,1.399999976158142,1.434999942779541,1.3899999856948853,1.4299999475479126,0.901159942150116,2972000
2006-12-04,1.4249999523162842,1.4600000381469727,1.4199999570846558,1.4299999475479126,0.901159942150116,2294664
2006-12-05,1.4500000476837158,1.4500000476837158,1.4149999618530273,1.4149999618530273,0.8917074203491211,1616000
2006-12-06,1.475000023841858,1.475000023841858,1.4149999618530273,1.434999942779541,0.9043108224868774,3624000
2006-12-07,1.434999942779541,1.440000057220459,1.4149999618530273,1.4299999475479126,0.901159942150116,1204000
2006-12-08,1.4299999475479126,1.4299999475479126,1.4149999618530273,1.4199999570846558,0.894858181476593,580000
2006-12-11,1.4199999570846558,1.434999942779541,1.4149999618530273,1.4249999523162842,0.898009181022644,672000
2006-12-12,1.4500000476837158,1.4500000476837158,1.4249999523162842,1.434999942779541,0.9043108224868774,620000
2006-12-13,1.434999942779541,1.434999942779541,1.4149999618530273,1.4299999475479126,0.901159942150116,1020000
2006-12-14,1.4149999618530273,1.4299999475479126,1.3899999856948853,1.3949999809265137,0.8884226679801941,1502000
2006-12-15,1.4049999713897705,1.4049999713897705,1.3949999809265137,1.399999976158142,0.8916073441505432,281332
2006-12-18,1.399999976158142,1.4049999713897705,1.3899999856948853,1.3949999809265137,0.8884226679801941,272
2006-12-19,1.3550000190734863,1.3849999904632568,1.350000023841858,1.350000023841858,0.8597640991210938,1582666
2006-12-20,1.3550000190734863,1.3600000143051147,1.3450000286102295,1.350000023841858,0.8597640991210938,2246666
2006-12-21,1.350000023841858,1.375,1.3200000524520874,1.3200000524520874,0.8406581878662109,2636000
2006-12-22,1.3200000524520874,1.3200000524520874,1.2799999713897705,1.284999966621399,0.8183680176734924,4305332
2006-12-27,1.2899999618530273,1.2999999523162842,1.2899999618530273,1.2899999618530273,0.8215522170066833,1877332
2006-12-28,1.2899999618530273,1.2999999523162842,1.2899999618530273,1.2899999618530273,0.8215522170066833,1983332
2006-12-29,1.2949999570846558,1.315000057220459,1.2899999618530273,1.3049999475479126,0.83110511302948,1916666
2007-01-02,1.3049999475479126,1.315000057220459,1.2549999952316284,1.2649999856948853,0.805630624294281,3244000
2007-01-03,1.2699999809265137,1.2999999523162842,1.2599999904632568,1.2899999618530273,0.8215522170066833,2688000
2007-01-04,1.2899999618530273,1.2999999523162842,1.2899999618530273,1.2899999618530273,0.8215522170066833,2170664
2007-01-05,1.2899999618530273,1.2999999523162842,1.274999976158142,1.2949999570846558,0.824736475944519,4458664
2007-01-08,1.2999999523162842,1.3049999475479126,1.2899999618530273,1.2899999618530273,0.8215522170066833,1461332
2007-01-09,1.2999999523162842,1.315000057220459,1.2949999570846558,1.309999942779541,0.8342897295951843,1411998
2007-01-10,1.309999942779541,1.340000033378601,1.309999942779541,1.3350000381469727,0.8502111434936523,2580662
2007-01-11,1.3450000286102295,1.3550000190734863,1.340000033378601,1.3450000286102295,0.8565798997879028,2214666
2007-01-12,1.3450000286102295,1.3450000286102295,1.3200000524520874,1.3300000429153442,0.8470268249511719,1753332
2007-01-15,1.3300000429153442,1.3300000429153442,1.3200000524520874,1.3250000476837158,0.8438423871994019,5272000
2007-01-16,1.315000057220459,1.3250000476837158,1.2999999523162842,1.3250000476837158,0.8438423871994019,2166666
2007-01-17,1.3049999475479126,1.3450000286102295,1.3049999475479126,1.3450000286102295,0.8565798997879028,1122664
2007-01-18,1.3450000286102295,1.3550000190734863,1.340000033378601,1.3550000190734863,0.8629485964775085,3186664
2007-01-19,1.350000023841858,1.3550000190734863,1.340000033378601,1.350000023841858,0.8597640991210938,2788680
2007-01-22,1.350000023841858,1.375,1.350000023841858,1.3600000143051147,0.8661327362060547,2276664
2007-01-23,1.350000023841858,1.3849999904632568,1.350000023841858,1.3849999904632568,0.8820542693138123,5274000
2007-01-24,1.3849999904632568,1.3849999904632568,1.3650000095367432,1.3799999952316284,0.878869891166687,3084666
2007-01-25,1.375,1.3849999904632568,1.3650000095367432,1.375,0.8756857514381409,3442664
2007-01-26,1.3650000095367432,1.3650000095367432,1.3250000476837158,1.3250000476837158,0.8438423871994019,1488018
2007-01-29,1.2999999523162842,1.3600000143051147,1.2999999523162842,1.350000023841858,0.8597640991210938,5158664
2007-01-30,1.350000023841858,1.3550000190734863,1.3450000286102295,1.350000023841858,0.8597640991210938,865332
2007-01-31,1.3550000190734863,1.3550000190734863,1.3250000476837158,1.3300000429153442,0.8470268249511719,1088000
2007-02-01,1.350000023841858,1.350000023841858,1.3250000476837158,1.350000023841858,0.8597640991210938,1328004
2007-02-02,1.350000023841858,1.350000023841858,1.340000033378601,1.340000033378601,0.8533952832221985,1199334
2007-02-05,1.3450000286102295,1.350000023841858,1.3300000429153442,1.3300000429153442,0.8470268249511719,2228666
2007-02-06,1.3350000381469727,1.340000033378601,1.3250000476837158,1.3350000381469727,0.8502111434936523,4360000
2007-02-07,1.340000033378601,1.3450000286102295,1.3200000524520874,1.3300000429153442,0.8470268249511719,3059700
2007-02-08,1.3350000381469727,1.3350000381469727,1.2899999618530273,1.2949999570846558,0.824736475944519,5764000
2007-02-09,1.2999999523162842,1.2999999523162842,1.2599999904632568,1.2599999904632568,0.8024463653564453,11418664
2007-02-12,1.25,1.25,1.225000023841858,1.2300000190734863,0.7833406925201416,14092000
2007-02-13,1.2350000143051147,1.2450000047683716,1.2200000286102295,1.225000023841858,0.7801561951637268,9884000
2007-02-14,1.2300000190734863,1.2300000190734863,1.184999942779541,1.1950000524520874,0.7610501646995544,14401332
2007-02-15,1.2000000476837158,1.2300000190734863,1.1950000524520874,1.2300000190734863,0.7833406925201416,17344000
2007-02-16,1.2300000190734863,1.2300000190734863,1.2050000429153442,1.2200000286102295,0.7769720554351807,6902704
2007-02-21,1.2200000286102295,1.225000023841858,1.2100000381469727,1.215000033378601,0.7737876772880554,14124000
2007-02-22,1.215000033378601,1.2300000190734863,1.2100000381469727,1.215000033378601,0.7737876772880554,10504000
2007-02-23,1.215000033378601,1.2450000047683716,1.2100000381469727,1.2400000095367432,0.7897090911865234,12088000
2007-02-26,1.25,1.2699999809265137,1.2450000047683716,1.2549999952316284,0.7992621660232544,7932000
2007-02-27,1.2699999809265137,1.274999976158142,1.2350000143051147,1.2350000143051147,0.7865249514579773,6352000
2007-02-28,1.2100000381469727,1.215000033378601,1.190000057220459,1.2000000476837158,0.764234721660614,13050000
2007-03-01,1.2200000286102295,1.2200000286102295,1.1799999475479126,1.2000000476837158,0.764234721660614,18044000
2007-03-02,1.1950000524520874,1.1950000524520874,1.1699999570846558,1.184999942779541,0.7546818256378174,6496000
2007-03-05,1.1549999713897705,1.1549999713897705,1.100000023841858,1.1200000047683716,0.7132857441902161,8796000
2007-03-06,1.100000023841858,1.149999976158142,1.090000033378601,1.125,0.7164701819419861,5836000
2007-03-07,1.1749999523162842,1.1749999523162842,1.125,1.1299999952316284,0.7196543216705322,4430666
2007-03-08,1.1299999952316284,1.1399999856948853,1.1150000095367432,1.1150000095367432,0.7101014852523804,4064000
2007-03-09,1.125,1.125,1.100000023841858,1.1050000190734863,0.7037327885627747,4260000
2007-03-12,1.125,1.149999976158142,1.100000023841858,1.125,0.7164701819419861,28011000
2007-03-13,1.1399999856948853,1.1399999856948853,1.1150000095367432,1.1200000047683716,0.7132857441902161,12024000
2007-03-14,1.100000023841858,1.100000023841858,1.0750000476837158,1.090000033378601,0.6941798329353333,4924000
2007-03-15,1.100000023841858,1.149999976158142,1.100000023841858,1.1299999952316284,0.7196543216705322,11164000
2007-03-16,1.149999976158142,1.149999976158142,1.1150000095367432,1.1200000047683716,0.7132857441902161,4162000
2007-03-19,1.125,1.1399999856948853,1.125,1.1299999952316284,0.7196543216705322,11888000
2007-03-20,1.1449999809265137,1.1449999809265137,1.1200000047683716,1.1200000047683716,0.7132857441902161,10404000
2007-03-21,1.125,1.1349999904632568,1.1200000047683716,1.125,0.7164701819419861,4176000
2007-03-22,1.1299999952316284,1.1399999856948853,1.125,1.125,0.7164701819419861,28324000
2007-03-23,1.125,1.1299999952316284,1.1200000047683716,1.125,0.7164701819419861,3812000
2007-03-26,1.125,1.1399999856948853,1.1050000190734863,1.1100000143051147,0.7069172859191895,6204000
2007-03-27,1.1150000095367432,1.1399999856948853,1.1150000095367432,1.1349999904632568,0.7228385806083679,6936000
2007-03-28,1.1399999856948853,1.149999976158142,1.1200000047683716,1.1349999904632568,0.7228385806083679,10074664
2007-03-29,1.1449999809265137,1.1449999809265137,1.1200000047683716,1.1449999809265137,0.7292072176933289,8804000
2007-03-30,1.1449999809265137,1.149999976158142,1.1349999904632568,1.149999976158142,0.7323918342590332,3996000
2007-04-02,1.1399999856948853,1.2050000429153442,1.1349999904632568,1.2050000429153442,0.7674189805984497,12752000
2007-04-03,1.2200000286102295,1.2400000095367432,1.2100000381469727,1.225000023841858,0.7801561951637268,11584000
2007-04-04,1.2400000095367432,1.2400000095367432,1.1950000524520874,1.2000000476837158,0.764234721660614,6244666
2007-04-10,1.2000000476837158,1.2000000476837158,1.1799999475479126,1.2000000476837158,0.764234721660614,4044000
2007-04-11,1.190000057220459,1.2000000476837158,1.184999942779541,1.1950000524520874,0.7610501646995544,2408570
2007-04-12,1.2000000476837158,1.2000000476837158,1.1699999570846558,1.190000057220459,0.7578662633895874,4560000
2007-04-13,1.1799999475479126,1.2000000476837158,1.1699999570846558,1.1799999475479126,0.7514974474906921,3184000
2007-04-16,1.1749999523162842,1.190000057220459,1.1749999523162842,1.1749999523162842,0.7483130693435669,3651332
2007-04-17,1.184999942779541,1.184999942779541,1.1549999713897705,1.1799999475479126,0.7514974474906921,6892000
2007-04-18,1.1749999523162842,1.2100000381469727,1.1749999523162842,1.2000000476837158,0.764234721660614,3276000
2007-04-19,1.1950000524520874,1.1950000524520874,1.1699999570846558,1.184999942779541,0.7546818256378174,3724000
2007-04-20,1.1749999523162842,1.2000000476837158,1.1699999570846558,1.2000000476837158,0.764234721660614,3272000
2007-04-23,1.2050000429153442,1.2200000286102295,1.2000000476837158,1.2000000476837158,0.764234721660614,4969332
2007-04-24,1.2000000476837158,1.2050000429153442,1.1950000524520874,1.2050000429153442,0.7674189805984497,1568000
2007-04-25,1.2100000381469727,1.225000023841858,1.190000057220459,1.2100000381469727,0.7706031799316406,6348000
2007-04-26,1.225000023841858,1.225000023841858,1.2000000476837158,1.2100000381469727,0.7706031799316406,1688000
2007-04-27,1.2100000381469727,1.2200000286102295,1.2050000429153442,1.2200000286102295,0.7769720554351807,4732000
2007-04-30,1.215000033378601,1.215000033378601,1.184999942779541,1.2000000476837158,0.764234721660614,4144000
2007-05-02,1.2050000429153442,1.2050000429153442,1.1749999523162842,1.1749999523162842,0.7483130693435669,4500000
2007-05-03,1.1749999523162842,1.1950000524520874,1.1749999523162842,1.190000057220459,0.7578662633895874,1594000
2007-05-04,1.190000057220459,1.2100000381469727,1.190000057220459,1.2050000429153442,0.7674189805984497,7809998
2007-05-07,1.2999999523162842,1.2999999523162842,1.2549999952316284,1.2699999809265137,0.8088151216506958,23103998
2007-05-08,1.2649999856948853,1.2799999713897705,1.2400000095367432,1.2400000095367432,0.7897090911865234,3972000
2007-05-09,1.2450000047683716,1.2899999618530273,1.2400000095367432,1.284999966621399,0.8183680176734924,13432000
2007-05-10,1.2999999523162842,1.2999999523162842,1.2799999713897705,1.2949999570846558,0.824736475944519,13290664
2007-05-11,1.284999966621399,1.2999999523162842,1.25,1.2899999618530273,0.8215522170066833,10920000
2007-05-14,1.2899999618530273,1.3300000429153442,1.2899999618530273,1.3250000476837158,0.8438423871994019,18156004
2007-05-15,1.3250000476837158,1.350000023841858,1.309999942779541,1.315000057220459,0.8374738097190857,15916000
2007-05-16,1.315000057220459,1.3600000143051147,1.309999942779541,1.350000023841858,0.8597640991210938,12952000
2007-05-17,1.3450000286102295,1.350000023841858,1.3250000476837158,1.340000033378601,0.8533952832221985,7774666
2007-05-18,1.340000033378601,1.340000033378601,1.309999942779541,1.3200000524520874,0.8406581878662109,4502000
2007-05-21,1.2999999523162842,1.3250000476837158,1.2999999523162842,1.315000057220459,0.8374738097190857,4029332
2007-05-22,1.315000057220459,1.315000057220459,1.2799999713897705,1.309999942779541,0.8342897295951843,4850000
2007-05-23,1.309999942779541,1.315000057220459,1.2999999523162842,1.2999999523162842,0.8279210329055786,2748732
2007-05-25,1.2999999523162842,1.2999999523162842,1.2699999809265137,1.2949999570846558,0.824736475944519,4252000
2007-05-28,1.2949999570846558,1.3200000524520874,1.2949999570846558,1.2949999570846558,0.824736475944519,3120000
2007-05-29,1.2949999570846558,1.2999999523162842,1.2400000095367432,1.2699999809265137,0.8088151216506958,4848000
2007-05-30,1.2799999713897705,1.2799999713897705,1.2300000190734863,1.2400000095367432,0.7897090911865234,4356000
2007-05-31,1.2450000047683716,1.2599999904632568,1.2400000095367432,1.2400000095367432,0.7897090911865234,6874000
2007-06-01,1.2400000095367432,1.2450000047683716,1.2300000190734863,1.2400000095367432,0.7897090911865234,3108000
2007-06-04,1.25,1.2599999904632568,1.2400000095367432,1.2400000095367432,0.7897090911865234,3274000
2007-06-05,1.2450000047683716,1.2999999523162842,1.2400000095367432,1.25,0.7960778474807739,10353330
2007-06-06,1.2799999713897705,1.2799999713897705,1.225000023841858,1.2400000095367432,0.7897090911865234,5528000
2007-06-07,1.2400000095367432,1.2549999952316284,1.225000023841858,1.25,0.7960778474807739,2192000
2007-06-08,1.225000023841858,1.25,1.225000023841858,1.2400000095367432,0.7897090911865234,2236000
2007-06-11,1.25,1.3350000381469727,1.25,1.3300000429153442,0.8470268249511719,11024664
2007-06-12,1.3300000429153442,1.350000023841858,1.309999942779541,1.3300000429153442,0.8470268249511719,8240000
2007-06-13,1.3250000476837158,1.350000023841858,1.3200000524520874,1.3450000286102295,0.8565798997879028,8876000
2007-06-14,1.3450000286102295,1.4299999475479126,1.3450000286102295,1.4049999713897705,0.8947914242744446,28869994
2007-06-15,1.4049999713897705,1.4199999570846558,1.375,1.3849999904632568,0.8820542693138123,8505332
2007-06-18,1.399999976158142,1.4049999713897705,1.3600000143051147,1.3700000047683716,0.8725014328956604,9140000
2007-06-20,1.375,1.3799999952316284,1.3250000476837158,1.3300000429153442,0.8470268249511719,9244000
2007-06-21,1.3250000476837158,1.3300000429153442,1.2999999523162842,1.3250000476837158,0.8438423871994019,4228000
2007-06-22,1.3300000429153442,1.3700000047683716,1.2999999523162842,1.3650000095367432,0.8693170547485352,4499332
2007-06-25,1.3700000047683716,1.3799999952316284,1.3200000524520874,1.3250000476837158,0.8438423871994019,5132668
2007-06-26,1.350000023841858,1.3600000143051147,1.3300000429153442,1.3450000286102295,0.8565798997879028,3272000
2007-06-27,1.3450000286102295,1.375,1.340000033378601,1.350000023841858,0.8597640991210938,6107332
2007-06-28,1.3650000095367432,1.4149999618530273,1.350000023841858,1.399999976158142,0.8916073441505432,17862664
2007-06-29,1.4700000286102295,1.4900000095367432,1.4249999523162842,1.440000057220459,0.9170818328857422,25773332
2007-07-03,1.4550000429153442,1.475000023841858,1.4550000429153442,1.475000023841858,0.9393720030784607,16476000
2007-07-04,1.475000023841858,1.4800000190734863,1.4299999475479126,1.4299999475479126,0.9107129573822021,7708000
2007-07-05,1.4500000476837158,1.4550000429153442,1.4249999523162842,1.434999942779541,0.9138970375061035,4908000
2007-07-06,1.4500000476837158,1.4550000429153442,1.440000057220459,1.4550000429153442,0.9266347289085388,6760400
2007-07-09,1.465000033378601,1.465000033378601,1.4550000429153442,1.465000033378601,0.9330034852027893,7412000
2007-07-10,1.465000033378601,1.475000023841858,1.440000057220459,1.440000057220459,0.9170818328857422,7454000
2007-07-11,1.440000057220459,1.4600000381469727,1.4249999523162842,1.4500000476837158,0.923450231552124,6245600
2007-07-12,1.465000033378601,1.5049999952316284,1.4550000429153442,1.5,0.9552933573722839,18735864
2007-07-13,1.524999976158142,1.5700000524520874,1.5199999809265137,1.565000057220459,0.9966893196105957,18116664
2007-07-16,1.559999942779541,1.5700000524520874,1.5149999856948853,1.5199999809265137,0.9680306911468506,6325332
2007-07-17,1.534999966621399,1.5449999570846558,1.5199999809265137,1.5199999809265137,0.9680306911468506,3612000
2007-07-18,1.524999976158142,1.5299999713897705,1.4950000047683716,1.5049999952316284,0.9584777355194092,3994132
2007-07-19,1.5149999856948853,1.5149999856948853,1.5,1.5,0.9552933573722839,2177996
2007-07-20,1.5,1.534999966621399,1.4950000047683716,1.5149999856948853,0.9648463726043701,1950664
2007-07-23,1.5099999904632568,1.524999976158142,1.5,1.524999976158142,0.9712151885032654,2646660
2007-07-24,1.524999976158142,1.5399999618530273,1.5049999952316284,1.5149999856948853,0.9648463726043701,3841332
2007-07-25,1.5149999856948853,1.524999976158142,1.4900000095367432,1.5199999809265137,0.9680306911468506,5679332
2007-07-26,1.534999966621399,1.534999966621399,1.5099999904632568,1.5149999856948853,0.9648463726043701,2205332
2007-07-27,1.4500000476837158,1.4900000095367432,1.440000057220459,1.4550000429153442,0.9266347289085388,14996000
2007-07-30,1.4299999475479126,1.4600000381469727,1.4299999475479126,1.4500000476837158,0.923450231552124,3924000
2007-07-31,1.4500000476837158,1.465000033378601,1.434999942779541,1.434999942779541,0.9138970375061035,8200666
2007-08-01,1.440000057220459,1.440000057220459,1.3899999856948853,1.399999976158142,0.8916073441505432,8567000
2007-08-02,1.4049999713897705,1.409999966621399,1.350000023841858,1.3799999952316284,0.878869891166687,5656000
2007-08-03,1.3799999952316284,1.399999976158142,1.3600000143051147,1.3849999904632568,0.8820542693138123,4460000
2007-08-06,1.350000023841858,1.375,1.3250000476837158,1.3250000476837158,0.8438423871994019,5324000
2007-08-07,1.3450000286102295,1.350000023841858,1.2450000047683716,1.25,0.7960778474807739,13570000
2007-08-08,1.2799999713897705,1.340000033378601,1.2649999856948853,1.3250000476837158,0.8438423871994019,7588000
2007-08-09,1.375,1.375,1.315000057220459,1.3300000429153442,0.8470268249511719,4708000
2007-08-10,1.25,1.3049999475479126,1.25,1.2949999570846558,0.824736475944519,3705332
2007-08-13,1.284999966621399,1.3350000381469727,1.284999966621399,1.3300000429153442,0.8470268249511719,6924000
2007-08-14,1.340000033378601,1.3700000047683716,1.340000033378601,1.3600000143051147,0.8661327362060547,3700000
2007-08-15,1.3600000143051147,1.3650000095367432,1.3300000429153442,1.3350000381469727,0.8502111434936523,17762000
2007-08-16,1.2999999523162842,1.2999999523162842,1.215000033378601,1.25,0.8143784999847412,5728000
2007-08-17,1.2000000476837158,1.225000023841858,1.1100000143051147,1.1950000524520874,0.778545618057251,12280000
2007-08-20,1.225000023841858,1.274999976158142,1.225000023841858,1.25,0.8143784999847412,3016000
2007-08-21,1.2999999523162842,1.3250000476837158,1.274999976158142,1.2899999618530273,0.8404384851455688,4816000
2007-08-22,1.2899999618530273,1.2999999523162842,1.2649999856948853,1.274999976158142,0.8306658864021301,3728000
2007-08-23,1.284999966621399,1.3049999475479126,1.274999976158142,1.2999999523162842,0.8469536304473877,3627048
2007-08-24,1.2999999523162842,1.3250000476837158,1.2899999618530273,1.3200000524520874,0.8599836230278015,3916000
2007-08-27,1.340000033378601,1.3799999952316284,1.3250000476837158,1.375,0.8958165645599365,5965332
2007-08-28,1.375,1.375,1.3049999475479126,1.309999942779541,0.8534687161445618,2052000
2007-08-29,1.274999976158142,1.309999942779541,1.2599999904632568,1.2999999523162842,0.8469536304473877,2332000
2007-08-30,1.350000023841858,1.350000023841858,1.315000057220459,1.315000057220459,0.8567261695861816,1032000
2007-08-31,1.3200000524520874,1.3200000524520874,1.2949999570846558,1.2949999570846558,0.8436959385871887,1700000
2007-09-03,1.2999999523162842,1.340000033378601,1.2949999570846558,1.3250000476837158,0.8632410764694214,2661332
2007-09-04,1.3200000524520874,1.3200000524520874,1.2949999570846558,1.2999999523162842,0.8469536304473877,1180000
2007-09-05,1.2949999570846558,1.3049999475479126,1.2899999618530273,1.2999999523162842,0.8469536304473877,1344000
2007-09-06,1.2949999570846558,1.309999942779541,1.284999966621399,1.309999942779541,0.8534687161445618,1108000
2007-09-07,1.3200000524520874,1.350000023841858,1.2999999523162842,1.340000033378601,0.8730135560035706,2136000
2007-09-10,1.2999999523162842,1.350000023841858,1.2999999523162842,1.3300000429153442,0.8664987087249756,2204000
2007-09-11,1.3200000524520874,1.3550000190734863,1.3200000524520874,1.3450000286102295,0.8762714266777039,4207998
2007-09-12,1.3250000476837158,1.375,1.3250000476837158,1.3650000095367432,0.8893014788627625,4066800
2007-09-13,1.3650000095367432,1.375,1.3550000190734863,1.3600000143051147,0.8860437870025635,3326000
2007-09-14,1.3600000143051147,1.3650000095367432,1.340000033378601,1.350000023841858,0.879528820514679,3464000
2007-09-17,1.3450000286102295,1.350000023841858,1.3350000381469727,1.340000033378601,0.8730135560035706,1116000
2007-09-18,1.350000023841858,1.350000023841858,1.315000057220459,1.3350000381469727,0.8697561621665955,756000
2007-09-19,1.3350000381469727,1.3450000286102295,1.315000057220459,1.340000033378601,0.8730135560035706,3568000
2007-09-20,1.3200000524520874,1.3650000095367432,1.3200000524520874,1.3650000095367432,0.8893014788627625,3748000
2007-09-21,1.3600000143051147,1.3600000143051147,1.3300000429153442,1.3600000143051147,0.8860437870025635,5741332
2007-09-24,1.375,1.375,1.3600000143051147,1.375,0.8958165645599365,3042000
2007-09-25,1.350000023841858,1.375,1.3300000429153442,1.3650000095367432,0.8893014788627625,2576000
2007-09-27,1.3650000095367432,1.375,1.350000023841858,1.3650000095367432,0.8893014788627625,2792000
2007-09-28,1.3650000095367432,1.375,1.3600000143051147,1.375,0.8958165645599365,3766094
2007-10-02,1.3799999952316284,1.4249999523162842,1.3799999952316284,1.3949999809265137,0.9088461399078369,13001332
2007-10-03,1.399999976158142,1.399999976158142,1.340000033378601,1.350000023841858,0.879528820514679,7819332
2007-10-04,1.350000023841858,1.350000023841858,1.2899999618530273,1.2999999523162842,0.8469536304473877,12260000
2007-10-05,1.3049999475479126,1.3250000476837158,1.2949999570846558,1.2999999523162842,0.8469536304473877,6384000
2007-10-08,1.3049999475479126,1.309999942779541,1.2949999570846558,1.2999999523162842,0.8469536304473877,5852000
2007-10-09,1.3049999475479126,1.340000033378601,1.2999999523162842,1.3200000524520874,0.8599836230278015,4696000
2007-10-10,1.3250000476837158,1.340000033378601,1.2899999618530273,1.309999942779541,0.8534687161445618,5296000
2007-10-11,1.315000057220459,1.3300000429153442,1.2949999570846558,1.3049999475479126,0.8502110242843628,6454704
2007-10-12,1.309999942779541,1.3200000524520874,1.2949999570846558,1.2999999523162842,0.8469536304473877,5020000
2007-10-15,1.3200000524520874,1.3200000524520874,1.2949999570846558,1.2949999570846558,0.8436959385871887,3956000
2007-10-16,1.3049999475479126,1.309999942779541,1.2899999618530273,1.2949999570846558,0.8436959385871887,4760000
2007-10-17,1.2999999523162842,1.3049999475479126,1.2949999570846558,1.2999999523162842,0.8469536304473877,17004000
2007-10-18,1.315000057220459,1.3949999809265137,1.309999942779541,1.3550000190734863,0.8827864527702332,26133332
2007-10-22,1.350000023841858,1.350000023841858,1.2549999952316284,1.3049999475479126,0.8502110242843628,7376000
2007-10-23,1.309999942779541,1.350000023841858,1.309999942779541,1.309999942779541,0.8534687161445618,4606000
2007-10-24,1.315000057220459,1.3200000524520874,1.2949999570846558,1.2999999523162842,0.8469536304473877,4144000
2007-10-25,1.2999999523162842,1.3300000429153442,1.2949999570846558,1.2999999523162842,0.8469536304473877,6940000
2007-10-26,1.315000057220459,1.3250000476837158,1.2999999523162842,1.309999942779541,0.8534687161445618,5148000
2007-10-29,1.3300000429153442,1.3450000286102295,1.309999942779541,1.315000057220459,0.8567261695861816,14136000
2007-10-30,1.3250000476837158,1.3350000381469727,1.309999942779541,1.3300000429153442,0.8664987087249756,15920000
2007-10-31,1.3200000524520874,1.340000033378601,1.315000057220459,1.315000057220459,0.8567261695861816,13073332
2007-11-01,1.315000057220459,1.340000033378601,1.315000057220459,1.3350000381469727,0.8697561621665955,6614000
2007-11-02,1.3250000476837158,1.375,1.309999942779541,1.3700000047683716,0.8925589919090271,9150332
2007-11-05,1.3550000190734863,1.4850000143051147,1.350000023841858,1.440000057220459,0.9381642937660217,24302662
2007-11-06,1.434999942779541,1.4500000476837158,1.4149999618530273,1.4450000524520874,0.9414215087890625,6448000
2007-11-07,1.4450000524520874,1.4700000286102295,1.4450000524520874,1.4600000381469727,0.9511938691139221,4684000
2007-11-08,1.4500000476837158,1.4500000476837158,1.399999976158142,1.4500000476837158,0.9446789026260376,8828000
2007-11-09,1.440000057220459,1.4600000381469727,1.434999942779541,1.4450000524520874,0.9414215087890625,4272000
2007-11-12,1.434999942779541,1.465000033378601,1.409999966621399,1.4450000524520874,0.9414215087890625,6444000
2007-11-13,1.440000057220459,1.5299999713897705,1.4299999475479126,1.5099999904632568,0.9837691783905029,12446000
2007-11-14,1.5499999523162842,1.5499999523162842,1.5,1.5049999952316284,0.9805115461349487,16867328
2007-11-15,1.524999976158142,1.524999976158142,1.5049999952316284,1.5099999904632568,0.9837691783905029,5342000
2007-11-16,1.5099999904632568,1.5099999904632568,1.434999942779541,1.434999942779541,0.9349062442779541,3988000
2007-11-19,1.4500000476837158,1.5099999904632568,1.440000057220459,1.5,0.9772541522979736,3430666
2007-11-20,1.4950000047683716,1.5499999523162842,1.4500000476837158,1.5299999713897705,0.9967990517616272,6569332
2007-11-21,1.5399999618530273,1.5399999618530273,1.4600000381469727,1.4850000143051147,0.9674815535545349,2552000
2007-11-22,1.4500000476837158,1.4700000286102295,1.440000057220459,1.4500000476837158,0.9446789026260376,2490000
2007-11-23,1.4500000476837158,1.5049999952316284,1.4299999475479126,1.475000023841858,0.9609665274620056,5152000
2007-11-26,1.4850000143051147,1.5,1.4450000524520874,1.465000033378601,0.9544515609741211,728000
2007-11-27,1.440000057220459,1.5049999952316284,1.4199999570846558,1.5049999952316284,0.9805115461349487,5942666
2007-11-28,1.4950000047683716,1.4950000047683716,1.4700000286102295,1.4800000190734863,0.9642242193222046,552000
2007-11-29,1.5,1.5149999856948853,1.4700000286102295,1.5,0.9772541522979736,4597198
2007-11-30,1.524999976158142,1.5299999713897705,1.4700000286102295,1.524999976158142,0.9935417771339417,6072000
2007-12-03,1.5299999713897705,1.5399999618530273,1.4900000095367432,1.5049999952316284,0.9805115461349487,3516286
2007-12-04,1.5,1.524999976158142,1.4950000047683716,1.5199999809265137,0.9902842044830322,2632000
2007-12-05,1.5499999523162842,1.5499999523162842,1.5099999904632568,1.534999966621399,1.0000569820404053,2894664
2007-12-06,1.6100000143051147,1.690000057220459,1.534999966621399,1.684999942779541,1.0977821350097656,24033996
2007-12-07,1.7000000476837158,1.7649999856948853,1.6399999856948853,1.7350000143051147,1.130357265472412,15776664
2007-12-10,1.7000000476837158,1.7350000143051147,1.6549999713897705,1.7000000476837158,1.1075546741485596,6154956
2007-12-11,1.7000000476837158,1.815000057220459,1.684999942779541,1.8049999475479126,1.1759624481201172,20796666
2007-12-12,1.7300000190734863,1.7899999618530273,1.7050000429153442,1.774999976158142,1.1564176082611084,7724000
2007-12-13,1.75,1.7549999952316284,1.649999976158142,1.659999966621399,1.090712070465088,5034000
2007-12-14,1.649999976158142,1.774999976158142,1.649999976158142,1.774999976158142,1.1662732362747192,6640000
2007-12-17,1.75,1.7649999856948853,1.6299999952316284,1.649999976158142,1.084141492843628,5644000
2007-12-18,1.600000023841858,1.7100000381469727,1.5399999618530273,1.7000000476837158,1.116994023323059,4164000
2007-12-19,1.7000000476837158,1.7100000381469727,1.649999976158142,1.6699999570846558,1.0972824096679688,2940000
2007-12-20,1.6699999570846558,1.7000000476837158,1.6699999570846558,1.6699999570846558,1.0972824096679688,1352000
2007-12-21,1.6699999570846558,1.6699999570846558,1.565000057220459,1.6150000095367432,1.0611445903778076,4937332
2007-12-24,1.6100000143051147,1.6349999904632568,1.5750000476837158,1.590000033378601,1.0447180271148682,3241332
2007-12-27,1.590000033378601,1.659999966621399,1.5850000381469727,1.625,1.0677149295806885,1887998
2007-12-28,1.600000023841858,1.6399999856948853,1.5399999618530273,1.5850000381469727,1.0414328575134277,2120000
2007-12-31,1.5499999523162842,1.6200000047683716,1.5499999523162842,1.590000033378601,1.0447180271148682,1536000
2008-01-02,1.600000023841858,1.600000023841858,1.5499999523162842,1.600000023841858,1.0512884855270386,2180124
2008-01-03,1.6449999809265137,1.6449999809265137,1.5800000429153442,1.6200000047683716,1.064429521560669,628000
2008-01-04,1.6200000047683716,1.7350000143051147,1.6200000047683716,1.6749999523162842,1.1005679368972778,8249332
2008-01-07,1.649999976158142,1.649999976158142,1.5800000429153442,1.6349999904632568,1.0742852687835693,4788000
2008-01-08,1.7000000476837158,1.7599999904632568,1.6950000524520874,1.715000033378601,1.1268501281738281,8996000
2008-01-09,1.7000000476837158,1.8949999809265137,1.7000000476837158,1.850000023841858,1.2155523300170898,23887996
2008-01-10,1.850000023841858,1.8700000047683716,1.7999999523162842,1.7999999523162842,1.1826995611190796,7854000
2008-01-11,1.8250000476837158,1.8300000429153442,1.6749999523162842,1.7000000476837158,1.116994023323059,2944000
2008-01-14,1.6950000524520874,1.7100000381469727,1.6549999713897705,1.6950000524520874,1.1137090921401978,2212000
2008-01-15,1.690000057220459,1.7949999570846558,1.6399999856948853,1.7949999570846558,1.17941415309906,2648000
2008-01-16,1.6950000524520874,1.6950000524520874,1.5850000381469727,1.659999966621399,1.090712070465088,2865332
2008-01-17,1.649999976158142,1.690000057220459,1.6100000143051147,1.690000057220459,1.1104236841201782,1946000
2008-01-18,1.649999976158142,1.649999976158142,1.5750000476837158,1.6150000095367432,1.0611445903778076,5588000
2008-01-21,1.6100000143051147,1.6100000143051147,1.5,1.5399999618530273,1.0118651390075684,3944000
2008-01-22,1.399999976158142,1.4500000476837158,1.274999976158142,1.3300000429153442,0.8738836646080017,8336000
2008-01-23,1.284999966621399,1.4950000047683716,1.284999966621399,1.4500000476837158,0.9527302980422974,9816286
2008-01-24,1.399999976158142,1.565000057220459,1.399999976158142,1.5049999952316284,0.9888682961463928,4996000
2008-01-25,1.6050000190734863,1.6050000190734863,1.5149999856948853,1.5399999618530273,1.0118651390075684,2528000
2008-01-28,1.5,1.5,1.4500000476837158,1.465000033378601,0.9625862836837769,1912000
2008-01-29,1.559999942779541,1.559999942779541,1.534999966621399,1.5549999475479126,1.0217208862304688,2728000
2008-01-30,1.5700000524520874,1.600000023841858,1.5,1.524999976158142,1.0020092725753784,724000
2008-01-31,1.5399999618530273,1.5399999618530273,1.465000033378601,1.4700000286102295,0.9658712148666382,1972000
2008-02-01,1.5,1.5299999713897705,1.5,1.5149999856948853,0.995438814163208,753624
2008-02-04,1.5199999809265137,1.5800000429153442,1.4900000095367432,1.524999976158142,1.0020092725753784,1068000
2008-02-05,1.565000057220459,1.5800000429153442,1.5,1.5750000476837158,1.0348622798919678,1552000
2008-02-06,1.600000023841858,1.600000023841858,1.5,1.5499999523162842,1.0184358358383179,792000
2008-02-11,1.625,1.6399999856948853,1.524999976158142,1.5449999570846558,1.0151501893997192,1012000
2008-02-12,1.5499999523162842,1.600000023841858,1.5099999904632568,1.5399999618530273,1.0118651390075684,1824000
2008-02-13,1.5399999618530273,1.5750000476837158,1.5049999952316284,1.534999966621399,1.008579969406128,928000
2008-02-14,1.565000057220459,1.5800000429153442,1.5149999856948853,1.5449999570846558,1.0151501893997192,1278000
2008-02-15,1.524999976158142,1.5499999523162842,1.524999976158142,1.5449999570846558,1.0151501893997192,392000
2008-02-18,1.565000057220459,1.5800000429153442,1.5499999523162842,1.5549999475479126,1.0217208862304688,2124000
2008-02-19,1.5700000524520874,1.590000033378601,1.5499999523162842,1.5800000429153442,1.0381473302841187,2552000
2008-02-20,1.5850000381469727,1.600000023841858,1.559999942779541,1.5750000476837158,1.0348622798919678,2308000
2008-02-21,1.5299999713897705,1.600000023841858,1.524999976158142,1.5750000476837158,1.0348622798919678,980000
2008-02-22,1.5399999618530273,1.5750000476837158,1.524999976158142,1.5750000476837158,1.0348622798919678,842200
2008-02-25,1.5700000524520874,1.600000023841858,1.565000057220459,1.590000033378601,1.0447180271148682,2160000
2008-02-26,1.6399999856948853,1.649999976158142,1.600000023841858,1.6449999809265137,1.0808559656143188,3040000
2008-02-27,1.649999976158142,1.690000057220459,1.6349999904632568,1.649999976158142,1.084141492843628,4750666
2008-02-28,1.649999976158142,1.6799999475479126,1.6399999856948853,1.6749999523162842,1.1005679368972778,3404000
2008-02-29,1.659999966621399,1.7000000476837158,1.649999976158142,1.6799999475479126,1.1038528680801392,2996000
2008-03-03,1.6699999570846558,1.684999942779541,1.6399999856948853,1.6799999475479126,1.1038528680801392,2930000
2008-03-04,1.6799999475479126,1.7100000381469727,1.6699999570846558,1.7000000476837158,1.116994023323059,4080000
2008-03-05,1.6950000524520874,1.7050000429153442,1.6549999713897705,1.7000000476837158,1.116994023323059,3552000
2008-03-06,1.690000057220459,1.7000000476837158,1.690000057220459,1.7000000476837158,1.116994023323059,1644000
2008-03-07,1.6150000095367432,1.6699999570846558,1.600000023841858,1.649999976158142,1.084141492843628,2344000
2008-03-10,1.6150000095367432,1.649999976158142,1.6150000095367432,1.6299999952316284,1.071000337600708,1612000
2008-03-11,1.600000023841858,1.6050000190734863,1.5399999618530273,1.5499999523162842,1.0184358358383179,7675844
2008-03-12,1.6200000047683716,1.6449999809265137,1.5700000524520874,1.6299999952316284,1.071000337600708,1500000
2008-03-13,1.600000023841858,1.600000023841858,1.524999976158142,1.5499999523162842,1.0184358358383179,5548000
2008-03-14,1.559999942779541,1.590000033378601,1.475000023841858,1.534999966621399,1.008579969406128,3288000
2008-03-17,1.434999942779541,1.524999976158142,1.434999942779541,1.475000023841858,0.9691567420959473,4480000
2008-03-18,1.475000023841858,1.5,1.375,1.399999976158142,0.9198776483535767,1959332
2008-03-19,1.5,1.524999976158142,1.399999976158142,1.4199999570846558,0.933018684387207,8544000
2008-03-20,1.409999966621399,1.409999966621399,1.2999999523162842,1.3949999809265137,0.9165920615196228,1280000
2008-03-25,1.4199999570846558,1.4600000381469727,1.3200000524520874,1.4550000429153442,0.9560158252716064,9368000
2008-03-26,1.4600000381469727,1.4600000381469727,1.4249999523162842,1.4500000476837158,0.9527302980422974,380000
2008-03-27,1.4249999523162842,1.4249999523162842,1.3600000143051147,1.4149999618530273,0.9297335147857666,11112000
2008-03-28,1.2949999570846558,1.4800000190734863,1.2949999570846558,1.475000023841858,0.9691567420959473,1801230
2008-03-31,1.4500000476837158,1.4700000286102295,1.4149999618530273,1.465000033378601,0.9625862836837769,3300000
2008-04-01,1.4500000476837158,1.4500000476837158,1.399999976158142,1.4199999570846558,0.933018684387207,2164000
2008-04-02,1.434999942779541,1.475000023841858,1.4199999570846558,1.4249999523162842,0.9363038539886475,3502284
2008-04-03,1.440000057220459,1.4450000524520874,1.4049999713897705,1.4149999618530273,0.9297335147857666,3284000
2008-04-07,1.440000057220459,1.4450000524520874,1.3600000143051147,1.3949999809265137,0.9165920615196228,3992000
2008-04-08,1.3600000143051147,1.4249999523162842,1.3600000143051147,1.4149999618530273,0.9297335147857666,2264000
2008-04-09,1.4249999523162842,1.440000057220459,1.399999976158142,1.4249999523162842,0.9363038539886475,5408000
2008-04-10,1.3899999856948853,1.434999942779541,1.3899999856948853,1.409999966621399,0.9264481663703918,1564000
2008-04-11,1.4299999475479126,1.4450000524520874,1.4199999570846558,1.4450000524520874,0.9494450092315674,7840000
2008-04-14,1.4249999523162842,1.434999942779541,1.4149999618530273,1.434999942779541,0.9428741931915283,6968000
2008-04-15,1.440000057220459,1.4950000047683716,1.4149999618530273,1.4850000143051147,0.975727379322052,1644000
2008-04-16,1.4950000047683716,1.5499999523162842,1.475000023841858,1.5149999856948853,0.995438814163208,3296000
2008-04-17,1.5449999570846558,1.5449999570846558,1.4500000476837158,1.475000023841858,0.9691567420959473,2580000
2008-04-18,1.4550000429153442,1.5449999570846558,1.4550000429153442,1.5299999713897705,1.0052944421768188,4108000
2008-04-21,1.524999976158142,1.5399999618530273,1.4850000143051147,1.534999966621399,1.008579969406128,3260000
2008-04-22,1.565000057220459,1.565000057220459,1.5099999904632568,1.559999942779541,1.0250064134597778,1068000
2008-04-23,1.5750000476837158,1.6349999904632568,1.5549999475479126,1.600000023841858,1.0512884855270386,3596000
2008-04-24,1.600000023841858,1.625,1.590000033378601,1.600000023841858,1.0512884855270386,1958000
2008-04-25,1.600000023841858,1.600000023841858,1.5499999523162842,1.5700000524520874,1.0315766334533691,1336000
2008-04-28,1.5700000524520874,1.5800000429153442,1.5099999904632568,1.5299999713897705,1.0052944421768188,4560000
2008-04-29,1.5399999618530273,1.559999942779541,1.5299999713897705,1.5399999618530273,1.0118651390075684,3928000
2008-04-30,1.5750000476837158,1.5750000476837158,1.5399999618530273,1.5449999570846558,1.0151501893997192,10522000
2008-05-02,1.5449999570846558,1.565000057220459,1.524999976158142,1.5299999713897705,1.0052944421768188,5988000
2008-05-05,1.5499999523162842,1.565000057220459,1.5299999713897705,1.5299999713897705,1.0052944421768188,1708000
2008-05-06,1.559999942779541,1.559999942779541,1.524999976158142,1.5299999713897705,1.0052944421768188,3820000
2008-05-07,1.5299999713897705,1.5299999713897705,1.4700000286102295,1.4900000095367432,0.979012668132782,6084000
2008-05-08,1.4500000476837158,1.524999976158142,1.4500000476837158,1.5149999856948853,0.995438814163208,2396000
2008-05-09,1.5199999809265137,1.5299999713897705,1.5049999952316284,1.5099999904632568,0.9921537041664124,1848000
2008-05-13,1.5,1.5399999618530273,1.5,1.524999976158142,1.0020092725753784,3052000
2008-05-14,1.534999966621399,1.5399999618530273,1.5149999856948853,1.534999966621399,1.008579969406128,2484000
2008-05-15,1.5299999713897705,1.5299999713897705,1.5,1.5049999952316284,0.9888682961463928,1148000
2008-05-16,1.524999976158142,1.534999966621399,1.5099999904632568,1.524999976158142,1.0020092725753784,956000
2008-05-19,1.524999976158142,1.524999976158142,1.5,1.5099999904632568,0.9921537041664124,4088000
2008-05-20,1.5099999904632568,1.5449999570846558,1.5,1.524999976158142,1.0020092725753784,1808000
2008-05-21,1.524999976158142,1.6649999618530273,1.5199999809265137,1.6299999952316284,1.071000337600708,7684000
2008-05-22,1.600000023841858,1.6299999952316284,1.5750000476837158,1.6150000095367432,1.0611445903778076,2636346
2008-05-23,1.6050000190734863,1.6050000190734863,1.559999942779541,1.559999942779541,1.0250064134597778,1004000
2008-05-26,1.5449999570846558,1.559999942779541,1.534999966621399,1.559999942779541,1.0250064134597778,844000
2008-05-27,1.559999942779541,1.600000023841858,1.5299999713897705,1.5399999618530273,1.0118651390075684,3576000
2008-05-28,1.5399999618530273,1.5750000476837158,1.5399999618530273,1.5700000524520874,1.0315766334533691,1070000
2008-05-29,1.565000057220459,1.600000023841858,1.5499999523162842,1.600000023841858,1.0512884855270386,1808000
2008-05-30,1.5950000286102295,1.6200000047683716,1.5750000476837158,1.6150000095367432,1.0611445903778076,2148000
2008-06-02,1.6794999837875366,1.6794999837875366,1.590000033378601,1.625,1.0677149295806885,1325800
2008-06-03,1.600000023841858,1.625,1.590000033378601,1.625,1.0677149295806885,3818000
2008-06-04,1.6100000143051147,1.649999976158142,1.590000033378601,1.6449999809265137,1.0808559656143188,3623000
2008-06-05,1.649999976158142,1.649999976158142,1.625,1.6349999904632568,1.0742852687835693,913000
2008-06-06,1.6449999809265137,1.7100000381469727,1.6449999809265137,1.7050000429153442,1.1202794313430786,11237332
2008-06-10,1.6100000143051147,1.6799999475479126,1.6100000143051147,1.649999976158142,1.084141492843628,3536000
2008-06-11,1.649999976158142,1.6549999713897705,1.6200000047683716,1.649999976158142,1.084141492843628,1464000
2008-06-12,1.600000023841858,1.6050000190734863,1.5700000524520874,1.5850000381469727,1.0414328575134277,1624000
2008-06-13,1.600000023841858,1.6200000047683716,1.5850000381469727,1.6200000047683716,1.064429521560669,1524000
2008-06-16,1.7350000143051147,1.7350000143051147,1.6399999856948853,1.7000000476837158,1.116994023323059,6424000
2008-06-17,1.7000000476837158,1.7200000286102295,1.6699999570846558,1.6749999523162842,1.1005679368972778,2680000
2008-06-18,1.659999966621399,1.659999966621399,1.6200000047683716,1.6200000047683716,1.064429521560669,4104000
2008-06-19,1.600000023841858,1.6449999809265137,1.590000033378601,1.625,1.0677149295806885,3444000
2008-06-20,1.6449999809265137,1.7000000476837158,1.6449999809265137,1.6749999523162842,1.1005679368972778,5786000
2008-06-23,1.659999966621399,1.659999966621399,1.590000033378601,1.6299999952316284,1.071000337600708,4944000
2008-06-24,1.6299999952316284,1.6349999904632568,1.590000033378601,1.6200000047683716,1.064429521560669,8798266
2008-06-25,1.659999966621399,1.6950000524520874,1.6200000047683716,1.649999976158142,1.084141492843628,4804000
2008-06-26,1.690000057220459,1.690000057220459,1.6549999713897705,1.6799999475479126,1.1038528680801392,7612000
2008-06-27,1.6399999856948853,1.725000023841858,1.6050000190734863,1.7100000381469727,1.123564600944519,9365598
2008-06-30,1.725000023841858,1.774999976158142,1.7050000429153442,1.7699999809265137,1.1629877090454102,17146000
2008-07-02,1.7599999904632568,1.7699999809265137,1.684999942779541,1.725000023841858,1.1334205865859985,14164000
2008-07-03,1.725000023841858,1.7300000190734863,1.649999976158142,1.715000033378601,1.1268501281738281,6496000
2008-07-04,1.7400000095367432,1.7400000095367432,1.649999976158142,1.659999966621399,1.090712070465088,2552000
2008-07-07,1.6549999713897705,1.725000023841858,1.649999976158142,1.6799999475479126,1.1038528680801392,2736000
2008-07-08,1.6749999523162842,1.7200000286102295,1.6749999523162842,1.690000057220459,1.1104236841201782,4100000
2008-07-09,1.715000033378601,1.7400000095367432,1.6950000524520874,1.6950000524520874,1.1137090921401978,14672000
2008-07-10,1.7100000381469727,1.7100000381469727,1.6649999618530273,1.7050000429153442,1.1202794313430786,13516000
2008-07-11,1.715000033378601,1.715000033378601,1.6749999523162842,1.6950000524520874,1.1137090921401978,3739332
2008-07-14,1.7100000381469727,1.7100000381469727,1.6799999475479126,1.6950000524520874,1.1137090921401978,2032000
2008-07-15,1.690000057220459,1.7000000476837158,1.6150000095367432,1.649999976158142,1.084141492843628,6912000
2008-07-16,1.659999966621399,1.6649999618530273,1.6050000190734863,1.625,1.0677149295806885,7972000
2008-07-17,1.6549999713897705,1.659999966621399,1.6100000143051147,1.6549999713897705,1.0874266624450684,5024000
2008-07-18,1.6799999475479126,1.6950000524520874,1.600000023841858,1.6200000047683716,1.064429521560669,3936000
2008-07-21,1.690500020980835,1.690500020980835,1.5750000476837158,1.6050000190734863,1.054573893547058,2512000
2008-07-22,1.6100000143051147,1.659999966621399,1.590000033378601,1.649999976158142,1.084141492843628,2712000
2008-07-23,1.6549999713897705,1.6699999570846558,1.625,1.649999976158142,1.084141492843628,1631554
2008-07-24,1.649999976158142,1.6799999475479126,1.649999976158142,1.6699999570846558,1.0972824096679688,1933332
2008-07-25,1.6699999570846558,1.6699999570846558,1.649999976158142,1.659999966621399,1.090712070465088,580000
2008-07-28,1.6699999570846558,1.7599999904632568,1.6699999570846558,1.7400000095367432,1.143276333808899,11162666
2008-07-29,1.7450000047683716,1.7450000047683716,1.7050000429153442,1.7200000286102295,1.1301350593566895,1496000
2008-07-30,1.725000023841858,1.7599999904632568,1.725000023841858,1.75,1.1498467922210693,3733332
2008-07-31,1.7699999809265137,1.7699999809265137,1.7350000143051147,1.75,1.1498467922210693,2712000
2008-08-01,1.7400000095367432,1.75,1.7300000190734863,1.7450000047683716,1.146561622619629,1048000
2008-08-04,1.75,1.75,1.7300000190734863,1.7350000143051147,1.1399909257888794,1404000
2008-08-05,1.7350000143051147,1.7649999856948853,1.7100000381469727,1.7200000286102295,1.1301350593566895,5260000
2008-08-06,1.7200000286102295,1.7200000286102295,1.7200000286102295,1.7200000286102295,1.1301350593566895,0
2008-08-07,1.725000023841858,1.7450000047683716,1.6799999475479126,1.7000000476837158,1.116994023323059,2608000
2008-08-08,1.7000000476837158,1.7000000476837158,1.649999976158142,1.649999976158142,1.084141492843628,3024000
2008-08-11,1.6749999523162842,1.690000057220459,1.6299999952316284,1.659999966621399,1.090712070465088,1884000
2008-08-12,1.6349999904632568,1.6349999904632568,1.565000057220459,1.600000023841858,1.0512884855270386,4920000
2008-08-13,1.600000023841858,1.6299999952316284,1.5850000381469727,1.6100000143051147,1.0578590631484985,3148000
2008-08-14,1.6299999952316284,1.6349999904632568,1.6150000095367432,1.6200000047683716,1.064429521560669,1152000
2008-08-15,1.649999976158142,1.6549999713897705,1.6349999904632568,1.649999976158142,1.084141492843628,2004000
2008-08-18,1.649999976158142,1.690000057220459,1.625,1.6449999809265137,1.0808559656143188,2664000
2008-08-19,1.649999976158142,1.6549999713897705,1.6150000095367432,1.6150000095367432,1.0611445903778076,2900000
2008-08-20,1.625,1.6399999856948853,1.590000033378601,1.6050000190734863,1.054573893547058,3176000
2008-08-21,1.5750000476837158,1.5750000476837158,1.475000023841858,1.5,1.0011775493621826,1240000
2008-08-22,1.5,1.5,1.5,1.5,1.0011775493621826,0
2008-08-25,1.5499999523162842,1.5499999523162842,1.5049999952316284,1.534999966621399,1.024538516998291,1176000
2008-08-26,1.5499999523162842,1.559999942779541,1.534999966621399,1.5499999523162842,1.0345503091812134,2860000
2008-08-27,1.524999976158142,1.5499999523162842,1.5199999809265137,1.524999976158142,1.0178641080856323,3480000
2008-08-28,1.5499999523162842,1.5499999523162842,1.5099999904632568,1.5299999713897705,1.0212011337280273,2200000
2008-08-29,1.5449999570846558,1.5499999523162842,1.524999976158142,1.5399999618530273,1.027875542640686,1848000
2008-09-01,1.5399999618530273,1.5399999618530273,1.5,1.5099999904632568,1.0078521966934204,2212000
2008-09-02,1.524999976158142,1.524999976158142,1.4550000429153442,1.4850000143051147,0.9911659955978394,2892000
2008-09-03,1.524999976158142,1.5399999618530273,1.5,1.5199999809265137,1.014526605606079,4764000
2008-09-04,1.5499999523162842,1.5499999523162842,1.5049999952316284,1.5099999904632568,1.0078521966934204,1520000
2008-09-05,1.3899999856948853,1.5099999904632568,1.3899999856948853,1.4700000286102295,0.9811542630195618,2201778
2008-09-08,1.4700000286102295,1.5700000524520874,1.4700000286102295,1.4800000190734863,0.9878285527229309,887462
2008-09-09,1.3700000047683716,1.5399999618530273,1.3700000047683716,1.475000023841858,0.9844911694526672,2001482
2008-09-10,1.4500000476837158,1.5,1.4249999523162842,1.440000057220459,0.9611306190490723,1264000
2008-09-11,1.3550000190734863,1.5149999856948853,1.3550000190734863,1.4299999475479126,0.954456090927124,5062986
2008-09-12,1.434999942779541,1.4850000143051147,1.434999942779541,1.4450000524520874,0.9644678831100464,1372000
2008-09-16,1.375,1.375,1.309999942779541,1.350000023841858,0.9010599255561829,3601330
2008-09-17,1.3600000143051147,1.399999976158142,1.3550000190734863,1.3700000047683716,0.9144089818000793,2652000
2008-09-18,1.2999999523162842,1.350000023841858,0.9700000286102295,1.215000033378601,0.8109540939331055,4973370
2008-09-19,1.1890000104904175,1.3600000143051147,1.1890000104904175,1.350000023841858,0.9010599255561829,4196000
2008-09-22,1.399999976158142,1.399999976158142,1.2999999523162842,1.3049999475479126,0.871024489402771,1804000
2008-09-23,1.2899999618530273,1.3049999475479126,1.25,1.2699999809265137,0.8476637005805969,1462000
2008-09-24,1.2799999713897705,1.2799999713897705,1.2400000095367432,1.2799999713897705,0.8543382287025452,1236000
2008-09-25,1.2999999523162842,1.2999999523162842,1.215000033378601,1.2300000190734863,0.8209657073020935,2094000
2008-09-26,1.2400000095367432,1.2400000095367432,1.2000000476837158,1.2100000381469727,0.8076167106628418,1576000
2008-09-29,1.090000033378601,1.2300000190734863,1.090000033378601,1.1449999809265137,0.7642322778701782,3279290
2008-09-30,1.1100000143051147,1.1399999856948853,1.0499999523162842,1.1399999856948853,0.7608950734138489,1500000
2008-10-02,1.1100000143051147,1.1150000095367432,1.0549999475479126,1.065000057220459,0.7108360528945923,2152000
2008-10-03,1.0499999523162842,1.0800000429153442,1.024999976158142,1.0549999475479126,0.7041616439819336,3156000
2008-10-06,1.0549999475479126,1.0549999475479126,0.9599999785423279,0.9800000190734863,0.6541027426719666,5892000
2008-10-08,0.9549999833106995,0.9599999785423279,0.800000011920929,0.8399999737739563,0.5606594681739807,10714666
2008-10-09,0.8500000238418579,0.8600000143051147,0.7350000143051147,0.7749999761581421,0.5172751545906067,10164000
2008-10-10,0.75,0.75,0.6499999761581421,0.6650000214576721,0.443855345249176,7842000
2008-10-13,0.6650000214576721,0.6899999976158142,0.6100000143051147,0.6600000262260437,0.44051826000213623,10432000
2008-10-14,0.7599999904632568,0.7599999904632568,0.675000011920929,0.6899999976158142,0.46054181456565857,18724000
2008-10-15,0.5699999928474426,0.7250000238418579,0.5699999928474426,0.7099999785423279,0.4738907814025879,8654462
2008-10-16,0.699999988079071,0.7099999785423279,0.6600000262260437,0.6899999976158142,0.46054181456565857,4072000
2008-10-17,0.7300000190734863,0.7300000190734863,0.6600000262260437,0.699999988079071,0.46721625328063965,5204000
2008-10-20,0.7099999785423279,0.7149999737739563,0.6800000071525574,0.7049999833106995,0.4705534875392914,2900000
2008-10-21,0.75,0.7950000166893005,0.7250000238418579,0.7300000190734863,0.4872398376464844,4232000
2008-10-22,0.7400000095367432,0.7400000095367432,0.6850000023841858,0.6949999928474426,0.4638790488243103,3508000
2008-10-23,0.6600000262260437,0.7099999785423279,0.6499999761581421,0.6800000071525574,0.4538671672344208,2724000
2008-10-24,0.6899999976158142,0.6899999976158142,0.6349999904632568,0.6600000262260437,0.44051826000213623,4308000
2008-10-27,0.6549999713897705,0.6549999713897705,0.5400000214576721,0.5849999785423279,0.39045923948287964,6558000
2008-10-28,0.5400000214576721,0.6600000262260437,0.5350000262260437,0.625,0.4171573221683502,4742258
2008-10-29,0.5385000109672546,0.6499999761581421,0.5385000109672546,0.6050000190734863,0.4038083553314209,8772000
2008-10-30,0.6000000238418579,0.6349999904632568,0.5799999833106995,0.6000000238418579,0.4004710614681244,11120000
2008-10-31,0.5950000286102295,0.6150000095367432,0.5699999928474426,0.5799999833106995,0.38712194561958313,8832000
2008-11-03,0.6000000238418579,0.6600000262260437,0.5899999737739563,0.6050000190734863,0.4038083553314209,4500000
2008-11-04,0.625,0.625,0.5899999737739563,0.5950000286102295,0.3971337676048279,2690000
2008-11-05,0.6000000238418579,0.7099999785423279,0.6000000238418579,0.699999988079071,0.46721625328063965,5604000
2008-11-06,0.6899999976158142,0.6899999976158142,0.6299999952316284,0.6700000166893005,0.44719263911247253,3916000
2008-11-07,0.6299999952316284,0.6650000214576721,0.6299999952316284,0.6650000214576721,0.443855345249176,1532000
2008-11-10,0.675000011920929,0.6899999976158142,0.625,0.6399999856948853,0.4271691143512726,7932000
2008-11-11,0.6399999856948853,0.6650000214576721,0.6399999856948853,0.6600000262260437,0.44051826000213623,2048000
2008-11-12,0.6499999761581421,0.699999988079071,0.6399999856948853,0.6600000262260437,0.44051826000213623,2632000
2008-11-13,0.6499999761581421,0.6650000214576721,0.6399999856948853,0.6449999809265137,0.4305063486099243,1644000
2008-11-14,0.6600000262260437,0.6600000262260437,0.6349999904632568,0.6349999904632568,0.42383185029029846,1336000
2008-11-17,0.6299999952316284,0.6600000262260437,0.6150000095367432,0.625,0.4171573221683502,2952000
2008-11-18,0.625,0.625,0.5799999833106995,0.5799999833106995,0.38712194561958313,3268000
2008-11-19,0.5849999785423279,0.6200000047683716,0.5849999785423279,0.5950000286102295,0.3971337676048279,1760000
2008-11-20,0.574999988079071,0.574999988079071,0.5249999761581421,0.5450000166893005,0.3637612462043762,5704000
2008-11-21,0.5385000109672546,0.5400000214576721,0.49000000953674316,0.5199999809265137,0.3470748960971832,7804000
2008-11-24,0.5299999713897705,0.5600000023841858,0.5199999809265137,0.5550000071525574,0.3704357147216797,2712000
2008-11-25,0.5550000071525574,0.5799999833106995,0.5550000071525574,0.574999988079071,0.38378480076789856,3052000
2008-11-26,0.5950000286102295,0.6349999904632568,0.5849999785423279,0.6100000143051147,0.40714552998542786,2620000
2008-11-27,0.6200000047683716,0.6899999976158142,0.6100000143051147,0.6899999976158142,0.46054181456565857,10340000
2008-11-28,0.7049999833106995,0.7200000286102295,0.6650000214576721,0.699999988079071,0.46721625328063965,5384000
2008-12-01,0.6949999928474426,0.8149999976158142,0.6949999928474426,0.800000011920929,0.5339613556861877,5948000
2008-12-02,0.75,0.7900000214576721,0.75,0.7599999904632568,0.5072633028030396,3569044
2008-12-03,0.7649999856948853,0.7950000166893005,0.7649999856948853,0.7799999713897705,0.5206122398376465,2200000
2008-12-04,0.7850000262260437,0.824999988079071,0.7850000262260437,0.8050000071525574,0.5372987985610962,2040000
2008-12-05,0.800000011920929,0.8199999928474426,0.800000011920929,0.800000011920929,0.5339613556861877,2920000
2008-12-08,0.8050000071525574,0.824999988079071,0.800000011920929,0.8050000071525574,0.5372987985610962,5464000
2008-12-09,0.824999988079071,0.8500000238418579,0.8100000023841858,0.824999988079071,0.5506476759910583,7512000
2008-12-10,0.8100000023841858,0.8299999833106995,0.8100000023841858,0.824999988079071,0.5608447790145874,5674000
2008-12-11,0.8299999833106995,0.8799999952316284,0.8199999928474426,0.8700000047683716,0.591436505317688,5684000
2008-12-12,0.8999999761581421,0.925000011920929,0.8600000143051147,0.8700000047683716,0.591436505317688,4882664
2008-12-15,0.8999999761581421,0.9100000262260437,0.8349999785423279,0.8500000238418579,0.5778403282165527,2912000
2008-12-16,0.8399999737739563,0.875,0.8399999737739563,0.8700000047683716,0.591436505317688,1056000
2008-12-17,0.8849999904632568,0.8999999761581421,0.875,0.8999999761581421,0.6118308305740356,4796000
2008-12-18,0.9100000262260437,0.9399999976158142,0.8949999809265137,0.9300000071525574,0.632224977016449,3608000
2008-12-19,0.9350000023841858,1.0800000429153442,0.9350000023841858,1.024999976158142,0.6968072652816772,12192000
2008-12-22,1.0449999570846558,1.0750000476837158,0.9750000238418579,0.9750000238418579,0.6628167033195496,10640000
2008-12-23,0.9800000190734863,0.9800000190734863,0.8999999761581421,0.9200000166893005,0.6254270672798157,4952000
2008-12-24,0.8999999761581421,0.9200000166893005,0.8799999952316284,0.9100000262260437,0.6186287999153137,4632000
2008-12-29,0.8999999761581421,0.9599999785423279,0.8650000095367432,0.949999988079071,0.6458213329315186,1336000
2008-12-30,0.9599999785423279,0.9750000238418579,0.925000011920929,0.9350000023841858,0.6356242895126343,920000
2008-12-31,0.925000011920929,0.9599999785423279,0.925000011920929,0.949999988079071,0.6458213329315186,868000
2009-01-02,0.9350000023841858,0.9649999737739563,0.925000011920929,0.9649999737739563,0.6560186147689819,1512000
2009-01-05,0.9649999737739563,0.9700000286102295,0.9150000214576721,0.9200000166893005,0.6254270672798157,2696000
2009-01-06,0.9549999833106995,0.9599999785423279,0.9300000071525574,0.9449999928474426,0.6424224376678467,3796000
2009-01-07,0.949999988079071,0.9649999737739563,0.9350000023841858,0.9449999928474426,0.6424224376678467,3732000
2009-01-08,0.949999988079071,0.9700000286102295,0.9100000262260437,0.925000011920929,0.6288260221481323,3952000
2009-01-09,0.949999988079071,1.034999966621399,0.949999988079071,1.034999966621399,0.7036053538322449,8372000
2009-01-12,0.949999988079071,1.065000057220459,0.949999988079071,1.0449999570846558,0.7104034423828125,4896000
2009-01-13,1.024999976158142,1.0549999475479126,0.9950000047683716,1.0299999713897705,0.7002062797546387,3840000
2009-01-14,1.0299999713897705,1.034999966621399,1.0049999952316284,1.0149999856948853,0.6900090575218201,1352000
2009-01-15,0.949999988079071,0.9700000286102295,0.925000011920929,0.9599999785423279,0.652619481086731,4244000
2009-01-16,0.9800000190734863,0.9800000190734863,0.9599999785423279,0.9750000238418579,0.6628167033195496,1344000
2009-01-19,1.0,1.0,0.9800000190734863,0.9900000095367432,0.6730138063430786,2932000
2009-01-20,0.9750000238418579,1.0,0.925000011920929,0.9399999976158142,0.6390232443809509,3636000
2009-01-21,1.0,1.0,0.9200000166893005,0.9449999928474426,0.6424224376678467,936000
2009-01-22,0.9750000238418579,0.9850000143051147,0.949999988079071,0.9599999785423279,0.652619481086731,3184000
2009-01-23,0.9599999785423279,0.9800000190734863,0.9449999928474426,0.9700000286102295,0.6594176292419434,1172000
2009-01-29,0.9750000238418579,1.0199999809265137,0.9750000238418579,1.0099999904632568,0.6866101026535034,1384000
2009-01-30,1.0199999809265137,1.0499999523162842,1.0,1.0499999523162842,0.7138025760650635,2528000
2009-02-02,1.0499999523162842,1.065000057220459,0.9900000095367432,1.0199999809265137,0.6934083104133606,493332
2009-02-03,1.059999942779541,1.100000023841858,1.059999942779541,1.059999942779541,0.7206008434295654,3536000
2009-02-04,1.065000057220459,1.100000023841858,1.0399999618530273,1.0449999570846558,0.7104034423828125,2146000
2009-02-05,1.0750000476837158,1.1100000143051147,1.0499999523162842,1.090000033378601,0.7409951686859131,8776000
2009-02-06,1.0700000524520874,1.1100000143051147,1.0700000524520874,1.0950000286102295,0.7443941235542297,2308000
2009-02-09,1.1100000143051147,1.1200000047683716,1.090000033378601,1.100000023841858,0.7477931976318359,1436000
2009-02-10,1.0750000476837158,1.125,1.0750000476837158,1.1050000190734863,0.7511921525001526,1596000
2009-02-11,1.100000023841858,1.125,1.059999942779541,1.1150000095367432,0.7579903602600098,536148
2009-02-12,1.100000023841858,1.100000023841858,1.059999942779541,1.0750000476837158,0.7307978868484497,680000
2009-02-13,1.0800000429153442,1.1799999475479126,1.0800000429153442,1.1799999475479126,0.8021782040596008,2371998
2009-02-16,1.149999976158142,1.1649999618530273,1.1050000190734863,1.1200000047683716,0.7613893747329712,2664000
2009-02-17,1.1299999952316284,1.1299999952316284,1.0850000381469727,1.0950000286102295,0.7443941235542297,1808000
2009-02-18,1.0950000286102295,1.0950000286102295,1.0750000476837158,1.0850000381469727,0.7375960350036621,2288000
2009-02-19,1.0750000476837158,1.0950000286102295,1.0750000476837158,1.0850000381469727,0.7375960350036621,743332
2009-02-20,1.0950000286102295,1.1649999618530273,1.0850000381469727,1.0950000286102295,0.7443941235542297,9136000
2009-02-23,1.100000023841858,1.1100000143051147,1.0750000476837158,1.090000033378601,0.7409951686859131,1337332
2009-02-24,1.0750000476837158,1.090000033378601,1.0750000476837158,1.0750000476837158,0.7307978868484497,1402666
2009-02-25,1.0750000476837158,1.1399999856948853,1.0750000476837158,1.1150000095367432,0.7579903602600098,3300000
2009-02-26,1.125,1.1399999856948853,1.090000033378601,1.100000023841858,0.7477931976318359,2290830
2009-02-27,1.0950000286102295,1.0950000286102295,1.0750000476837158,1.0950000286102295,0.7443941235542297,2360000
2009-03-02,1.0950000286102295,1.0950000286102295,1.0299999713897705,1.0800000429153442,0.7341969609260559,3684000
2009-03-03,1.0,1.0499999523162842,1.0,1.034999966621399,0.7036053538322449,536000
2009-03-04,1.059999942779541,1.0700000524520874,1.034999966621399,1.059999942779541,0.7206008434295654,6396000
2009-03-05,1.090000033378601,1.090000033378601,1.0499999523162842,1.0549999475479126,0.7172016501426697,7244000
2009-03-06,1.0499999523162842,1.065000057220459,1.034999966621399,1.0449999570846558,0.7104034423828125,2436000
2009-03-09,1.0149999856948853,1.065000057220459,1.0149999856948853,1.0549999475479126,0.7172016501426697,1360000
2009-03-10,1.0299999713897705,1.0449999570846558,1.0199999809265137,1.034999966621399,0.7036053538322449,2196000
2009-03-11,1.0700000524520874,1.0700000524520874,1.034999966621399,1.0549999475479126,0.7172016501426697,460000
2009-03-12,1.0549999475479126,1.059999942779541,1.0499999523162842,1.059999942779541,0.7206008434295654,1424000
2009-03-13,1.0449999570846558,1.0700000524520874,1.0449999570846558,1.0700000524520874,0.7273989915847778,4352000
2009-03-16,1.065000057220459,1.100000023841858,1.065000057220459,1.0800000429153442,0.7341969609260559,5210000
2009-03-17,1.0800000429153442,1.1200000047683716,1.0750000476837158,1.090000033378601,0.7409951686859131,3120000
2009-03-18,1.0800000429153442,1.1449999809265137,1.0800000429153442,1.0850000381469727,0.7375960350036621,3332000
2009-03-19,1.0850000381469727,1.100000023841858,1.0800000429153442,1.090000033378601,0.7409951686859131,940000
2009-03-20,1.0950000286102295,1.0950000286102295,1.0549999475479126,1.0700000524520874,0.7273989915847778,1088000
2009-03-23,1.0700000524520874,1.0850000381469727,1.0700000524520874,1.0800000429153442,0.7341969609260559,1112000
2009-03-24,1.0800000429153442,1.1100000143051147,1.0800000429153442,1.100000023841858,0.7477931976318359,1244000
2009-03-25,1.100000023841858,1.1399999856948853,1.090000033378601,1.1150000095367432,0.7579903602600098,2908000
2009-03-26,1.1349999904632568,1.1649999618530273,1.1299999952316284,1.149999976158142,0.7817838788032532,9530332
2009-03-27,1.1399999856948853,1.2999999523162842,1.1399999856948853,1.274999976158142,0.8667601943016052,9500000
2009-03-30,1.274999976158142,1.274999976158142,1.1549999713897705,1.2200000286102295,0.8293704986572266,5124000
2009-03-31,1.1399999856948853,1.2300000190734863,1.1399999856948853,1.2050000429153442,0.8191734552383423,2614600
2009-04-01,1.225000023841858,1.274999976158142,1.225000023841858,1.2300000190734863,0.8361688852310181,2588000
2009-04-02,1.25,1.2899999618530273,1.25,1.2799999713897705,0.8701593279838562,4508000
2009-04-03,1.2999999523162842,1.350000023841858,1.2949999570846558,1.3350000381469727,0.9075490832328796,4372000
2009-04-06,1.340000033378601,1.600000023841858,1.340000033378601,1.440000057220459,0.978929340839386,8436666
2009-04-07,1.440000057220459,1.465000033378601,1.3650000095367432,1.3799999952316284,0.9381406903266907,2636000
2009-04-08,1.3799999952316284,1.4049999713897705,1.3250000476837158,1.350000023841858,0.9177462458610535,3216000
2009-04-09,1.399999976158142,1.4199999570846558,1.3899999856948853,1.399999976158142,0.9517368674278259,4708000
2009-04-14,1.399999976158142,1.4500000476837158,1.399999976158142,1.434999942779541,0.975530207157135,2639400
2009-04-15,1.4049999713897705,1.4199999570846558,1.3849999904632568,1.399999976158142,0.9517368674278259,2844000
2009-04-16,1.399999976158142,1.4299999475479126,1.3450000286102295,1.3550000190734863,0.9211453199386597,7476000
2009-04-17,1.399999976158142,1.399999976158142,1.2949999570846558,1.3250000476837158,0.900750994682312,6604000
2009-04-20,1.375,1.375,1.3300000429153442,1.3300000429153442,0.9041497707366943,3588000
2009-04-21,1.3250000476837158,1.350000023841858,1.284999966621399,1.3250000476837158,0.900750994682312,6284000
2009-04-22,1.3250000476837158,1.3600000143051147,1.309999942779541,1.3250000476837158,0.900750994682312,13772000
2009-04-23,1.3250000476837158,1.3600000143051147,1.309999942779541,1.3200000524520874,0.897351861000061,2478000
2009-04-24,1.3250000476837158,1.3250000476837158,1.2899999618530273,1.3250000476837158,0.900750994682312,5252000
2009-04-27,1.3200000524520874,1.350000023841858,1.2599999904632568,1.3200000524520874,0.897351861000061,7104000
2009-04-28,1.3300000429153442,1.340000033378601,1.2949999570846558,1.2949999570846558,0.8803566098213196,5728000
2009-04-29,1.2999999523162842,1.340000033378601,1.2899999618530273,1.3350000381469727,0.9075490832328796,5584000
2009-04-30,1.3300000429153442,1.3700000047683716,1.3250000476837158,1.3600000143051147,0.924544095993042,5784000
2009-05-04,1.3450000286102295,1.3949999809265137,1.3450000286102295,1.3700000047683716,0.9313424825668335,7512000
2009-05-05,1.3799999952316284,1.399999976158142,1.3650000095367432,1.3849999904632568,0.9415397047996521,1832000
2009-05-06,1.3899999856948853,1.3899999856948853,1.340000033378601,1.350000023841858,0.9177462458610535,4508000
2009-05-07,1.350000023841858,1.4149999618530273,1.3450000286102295,1.3949999809265137,0.9483377933502197,13496000
2009-05-08,1.399999976158142,1.440000057220459,1.3799999952316284,1.4149999618530273,0.9619339108467102,9406000
2009-05-11,1.4299999475479126,1.440000057220459,1.375,1.4299999475479126,0.9721311330795288,12312000
2009-05-12,1.4450000524520874,1.4450000524520874,1.4049999713897705,1.4199999570846558,0.9653329849243164,2818000
2009-05-13,1.409999966621399,1.4450000524520874,1.375,1.399999976158142,0.9517368674278259,9170098
2009-05-14,1.3799999952316284,1.4299999475479126,1.350000023841858,1.4149999618530273,0.9619339108467102,6148000
2009-05-15,1.399999976158142,1.434999942779541,1.3949999809265137,1.4299999475479126,0.9721311330795288,4184000
2009-05-18,1.409999966621399,1.434999942779541,1.3899999856948853,1.4299999475479126,0.9721311330795288,2632000
2009-05-19,1.434999942779541,1.4450000524520874,1.409999966621399,1.409999966621399,0.9585347175598145,2724000
2009-05-20,1.409999966621399,1.4299999475479126,1.409999966621399,1.4299999475479126,0.9721311330795288,1960000
2009-05-21,1.434999942779541,1.440000057220459,1.4199999570846558,1.4249999523162842,0.9687319397926331,1188000
2009-05-22,1.4199999570846558,1.4249999523162842,1.3849999904632568,1.3849999904632568,0.9415397047996521,2139998
2009-05-25,1.3650000095367432,1.409999966621399,1.3650000095367432,1.399999976158142,0.9517368674278259,2304000
2009-05-26,1.399999976158142,1.4249999523162842,1.3799999952316284,1.3849999904632568,0.9415397047996521,7309332
2009-05-27,1.3849999904632568,1.4550000429153442,1.3849999904632568,1.4550000429153442,0.9891263842582703,4172000
2009-05-29,1.4850000143051147,1.5,1.4299999475479126,1.4950000047683716,1.0163187980651855,7504000
2009-06-01,1.5,1.5,1.465000033378601,1.4850000143051147,1.0095208883285522,4928000
2009-06-02,1.4850000143051147,1.4850000143051147,1.4249999523162842,1.4299999475479126,0.9721311330795288,2912000
2009-06-03,1.4049999713897705,1.4450000524520874,1.3899999856948853,1.4249999523162842,0.9687319397926331,4464000
2009-06-04,1.4299999475479126,1.4299999475479126,1.375,1.3949999809265137,0.9483377933502197,1720000
2009-06-05,1.4199999570846558,1.4199999570846558,1.3799999952316284,1.399999976158142,0.9517368674278259,3124000
2009-06-08,1.409999966621399,1.4199999570846558,1.375,1.3799999952316284,0.9381406903266907,2840000
2009-06-09,1.3949999809265137,1.399999976158142,1.340000033378601,1.350000023841858,0.9177462458610535,4680000
2009-06-10,1.3600000143051147,1.3650000095367432,1.3250000476837158,1.350000023841858,0.9177462458610535,4984078
2009-06-11,1.350000023841858,1.399999976158142,1.3300000429153442,1.399999976158142,0.9517368674278259,5080000
2009-06-12,1.3949999809265137,1.3949999809265137,1.3300000429153442,1.3300000429153442,0.9041497707366943,7008000
2009-06-15,1.3200000524520874,1.3450000286102295,1.2699999809265137,1.274999976158142,0.8667601943016052,9472000
2009-06-16,1.2599999904632568,1.2649999856948853,1.1950000524520874,1.2300000190734863,0.8361688852310181,7522000
2009-06-17,1.2200000286102295,1.2300000190734863,1.1649999618530273,1.225000023841858,0.8327696919441223,7252000
2009-06-18,1.2450000047683716,1.2599999904632568,1.225000023841858,1.2549999952316284,0.8531640768051147,4709156
2009-06-19,1.2549999952316284,1.3300000429153442,1.2400000095367432,1.2999999523162842,0.8837557435035706,5852000
2009-06-22,1.3250000476837158,1.350000023841858,1.309999942779541,1.315000057220459,0.8939526677131653,3968000
2009-06-23,1.2999999523162842,1.3250000476837158,1.274999976158142,1.3200000524520874,0.897351861000061,2388000
2009-06-24,1.3350000381469727,1.340000033378601,1.315000057220459,1.3300000429153442,0.9041497707366943,3832000
2009-06-25,1.3049999475479126,1.3899999856948853,1.3049999475479126,1.375,0.9347415566444397,17424000
2009-06-26,1.399999976158142,1.4500000476837158,1.399999976158142,1.4450000524520874,0.9823284149169922,33592000
2009-06-29,1.4500000476837158,1.4850000143051147,1.4500000476837158,1.4600000381469727,0.9925252795219421,12524000
2009-06-30,1.475000023841858,1.4900000095367432,1.4500000476837158,1.4550000429153442,0.9891263842582703,6656000
2009-07-02,1.4850000143051147,1.5700000524520874,1.4600000381469727,1.5549999475479126,1.0571075677871704,18716132
2009-07-03,1.534999966621399,1.5750000476837158,1.524999976158142,1.5750000476837158,1.0707039833068848,7512000
2009-07-06,1.565000057220459,1.6299999952316284,1.565000057220459,1.625,1.1046943664550781,5257332
2009-07-07,1.6299999952316284,1.6649999618530273,1.625,1.6399999856948853,1.1148914098739624,8849984
2009-07-08,1.6449999809265137,1.6449999809265137,1.600000023841858,1.625,1.1046943664550781,4660000
2009-07-09,1.6299999952316284,1.6299999952316284,1.600000023841858,1.6050000190734863,1.0910983085632324,2060000
2009-07-10,1.625,1.625,1.5950000286102295,1.6050000190734863,1.0910983085632324,1868000
2009-07-13,1.6050000190734863,1.6050000190734863,1.559999942779541,1.5750000476837158,1.0707039833068848,2420000
2009-07-14,1.600000023841858,1.600000023841858,1.5750000476837158,1.5950000286102295,1.08430016040802,2096000
2009-07-15,1.590000033378601,1.6050000190734863,1.5850000381469727,1.600000023841858,1.0876989364624023,2956000
2009-07-16,1.6200000047683716,1.625,1.5499999523162842,1.600000023841858,1.0876989364624023,2788000
2009-07-17,1.590000033378601,1.6050000190734863,1.5850000381469727,1.5950000286102295,1.08430016040802,1728000
2009-07-20,1.5700000524520874,1.590000033378601,1.5700000524520874,1.590000033378601,1.08090078830719,2796000
2009-07-21,1.5950000286102295,1.7050000429153442,1.5950000286102295,1.690000057220459,1.1488820314407349,8204000
2009-07-22,1.690000057220459,1.7400000095367432,1.6749999523162842,1.7300000190734863,1.176074504852295,7633332
2009-07-23,1.715000033378601,1.7300000190734863,1.649999976158142,1.7100000381469727,1.1624785661697388,1104000
2009-07-24,1.7000000476837158,1.7100000381469727,1.649999976158142,1.6549999713897705,1.1250888109207153,2812000
2009-07-27,1.6649999618530273,1.715000033378601,1.6549999713897705,1.690000057220459,1.1488820314407349,2496000
2009-07-28,1.7000000476837158,1.715000033378601,1.690000057220459,1.7000000476837158,1.1556806564331055,3678666
2009-07-29,1.7350000143051147,1.75,1.7050000429153442,1.7200000286102295,1.1692765951156616,4780000
2009-07-30,1.7200000286102295,1.7400000095367432,1.7200000286102295,1.7300000190734863,1.176074504852295,3352000
2009-07-31,1.7400000095367432,1.8200000524520874,1.7400000095367432,1.809999942779541,1.230459451675415,8583332
2009-08-03,1.815000057220459,1.8450000286102295,1.7799999713897705,1.7949999570846558,1.2202622890472412,4814000
2009-08-04,1.815000057220459,1.815000057220459,1.7350000143051147,1.75,1.1896710395812988,4956000
2009-08-05,1.7599999904632568,1.7599999904632568,1.7100000381469727,1.7200000286102295,1.1692765951156616,4514000
2009-08-06,1.7599999904632568,1.7699999809265137,1.6549999713897705,1.6699999570846558,1.1352859735488892,12252000
2009-08-07,1.6549999713897705,1.6699999570846558,1.5850000381469727,1.5950000286102295,1.08430016040802,17896000
2009-08-10,1.625,1.649999976158142,1.625,1.6449999809265137,1.1182905435562134,8780000
2009-08-11,1.725000023841858,1.7300000190734863,1.684999942779541,1.7100000381469727,1.1624785661697388,4612000
2009-08-12,1.7100000381469727,1.715000033378601,1.6799999475479126,1.690000057220459,1.1488820314407349,2444000
2009-08-13,1.715000033378601,1.725000023841858,1.7000000476837158,1.7200000286102295,1.1692765951156616,2740000
2009-08-14,1.7350000143051147,1.7450000047683716,1.7000000476837158,1.725000023841858,1.1726757287979126,6256000
2009-08-17,1.7350000143051147,1.7400000095367432,1.6749999523162842,1.6950000524520874,1.1522815227508545,4264000
2009-08-18,1.6799999475479126,1.7300000190734863,1.6749999523162842,1.7300000190734863,1.176074504852295,4216000
2009-08-19,1.725000023841858,1.7400000095367432,1.6749999523162842,1.725000023841858,1.1726757287979126,5739332
2009-08-20,1.6699999570846558,1.6699999570846558,1.600000023841858,1.6449999809265137,1.1347359418869019,4484000
2009-08-21,1.6449999809265137,1.649999976158142,1.590000033378601,1.6050000190734863,1.1071436405181885,1986664
2009-08-24,1.6050000190734863,1.6399999856948853,1.600000023841858,1.625,1.1209399700164795,1892000
2009-08-25,1.6449999809265137,1.6449999809265137,1.625,1.6399999856948853,1.131286859512329,2896000
2009-08-26,1.6349999904632568,1.649999976158142,1.625,1.6299999952316284,1.1243891716003418,2990000
2009-08-27,1.6299999952316284,1.6399999856948853,1.6150000095367432,1.6200000047683716,1.1174910068511963,476000
2009-08-28,1.6349999904632568,1.6399999856948853,1.6150000095367432,1.6349999904632568,1.127837896347046,1828000
2009-08-31,1.600000023841858,1.6349999904632568,1.590000033378601,1.6349999904632568,1.127837896347046,2160000
2009-09-01,1.6349999904632568,1.6549999713897705,1.6200000047683716,1.6549999713897705,1.141634464263916,2048652
2009-09-02,1.625,1.6549999713897705,1.6100000143051147,1.6200000047683716,1.1174910068511963,1696000
2009-09-03,1.600000023841858,1.6449999809265137,1.600000023841858,1.6399999856948853,1.131286859512329,2004000
2009-09-04,1.649999976158142,1.649999976158142,1.6100000143051147,1.6299999952316284,1.1243891716003418,2132000
2009-09-07,1.6449999809265137,1.684999942779541,1.6399999856948853,1.684999942779541,1.1623284816741943,5248000
2009-09-08,1.7100000381469727,1.7100000381469727,1.6649999618530273,1.690000057220459,1.165777564048767,6400000
2009-09-09,1.6749999523162842,1.7000000476837158,1.6749999523162842,1.7000000476837158,1.1726757287979126,2132000
2009-09-10,1.7000000476837158,1.7000000476837158,1.6749999523162842,1.690000057220459,1.165777564048767,1936000
2009-09-11,1.7000000476837158,1.7050000429153442,1.6749999523162842,1.6950000524520874,1.1692267656326294,1916000
2009-09-14,1.6950000524520874,1.6950000524520874,1.6749999523162842,1.6749999523162842,1.1554303169250488,1012000
2009-09-15,1.6749999523162842,1.7050000429153442,1.6749999523162842,1.7000000476837158,1.1726757287979126,940000
2009-09-16,1.7100000381469727,1.7100000381469727,1.690000057220459,1.7000000476837158,1.1726757287979126,4028000
2009-09-17,1.7000000476837158,1.7200000286102295,1.6950000524520874,1.7000000476837158,1.1726757287979126,2048000
2009-09-18,1.7000000476837158,1.7450000047683716,1.6799999475479126,1.7400000095367432,1.200268030166626,4452000
2009-09-21,1.75,1.774999976158142,1.75,1.7599999904632568,1.214064121246338,3728000
2009-09-22,1.7599999904632568,1.7599999904632568,1.7200000286102295,1.7450000047683716,1.2037169933319092,880000
2009-09-23,1.7599999904632568,1.7599999904632568,1.684999942779541,1.6950000524520874,1.1692267656326294,1928000
2009-09-24,1.6799999475479126,1.684999942779541,1.659999966621399,1.659999966621399,1.1450833082199097,2224000
2009-09-25,1.6649999618530273,1.6649999618530273,1.6150000095367432,1.6649999618530273,1.1485320329666138,2812000
2009-09-28,1.684999942779541,1.6950000524520874,1.6399999856948853,1.6399999856948853,1.131286859512329,2424000
2009-09-29,1.659999966621399,1.6950000524520874,1.659999966621399,1.6799999475479126,1.1588793992996216,956000
2009-09-30,1.690000057220459,1.690000057220459,1.649999976158142,1.690000057220459,1.165777564048767,1076000
2009-10-02,1.6699999570846558,1.7000000476837158,1.6449999809265137,1.7000000476837158,1.1726757287979126,2644000
2009-10-05,1.684999942779541,1.684999942779541,1.6449999809265137,1.6749999523162842,1.1554303169250488,5052000
2009-10-06,1.6649999618530273,1.7000000476837158,1.6649999618530273,1.690000057220459,1.165777564048767,2542000
2009-10-07,1.7000000476837158,1.7050000429153442,1.6749999523162842,1.684999942779541,1.1623284816741943,5112000
2009-10-08,1.684999942779541,1.7000000476837158,1.6799999475479126,1.6950000524520874,1.1692267656326294,2406000
2009-10-09,1.690000057220459,1.7050000429153442,1.690000057220459,1.7000000476837158,1.1726757287979126,2150000
2009-10-12,1.715000033378601,1.7599999904632568,1.715000033378601,1.7350000143051147,1.1968188285827637,4927668
2009-10-13,1.7450000047683716,1.7549999952316284,1.7350000143051147,1.7400000095367432,1.200268030166626,2076000
2009-10-14,1.7450000047683716,1.7599999904632568,1.7350000143051147,1.7549999952316284,1.2106151580810547,3548000
2009-10-15,1.7549999952316284,1.8300000429153442,1.7549999952316284,1.8300000429153442,1.262351155281067,9214000
2009-10-16,1.850000023841858,1.9450000524520874,1.8300000429153442,1.940000057220459,1.3382301330566406,13581330
2009-10-19,1.9249999523162842,2.009999990463257,1.9199999570846558,1.9850000143051147,1.369271159172058,7345332
2009-10-20,2.0,2.0,1.9149999618530273,1.934999942779541,1.3347810506820679,5274000
2009-10-21,1.899999976158142,1.9700000286102295,1.899999976158142,1.9450000524520874,1.3416788578033447,6154000
2009-10-22,1.940000057220459,1.9450000524520874,1.9149999618530273,1.9199999570846558,1.32443368434906,2748000
2009-10-23,1.9149999618530273,1.934999942779541,1.8949999809265137,1.909999966621399,1.3175355195999146,2472000
2009-10-27,1.9249999523162842,2.0450000762939453,1.909999966621399,2.0250000953674316,1.3968636989593506,9622664
2009-10-28,2.0199999809265137,2.0199999809265137,1.934999942779541,1.9550000429153442,1.3485770225524902,3836000
2009-10-29,1.9249999523162842,1.9249999523162842,1.875,1.9249999523162842,1.3278825283050537,3180000
2009-10-30,1.9299999475479126,1.965000033378601,1.9299999475479126,1.9450000524520874,1.3416788578033447,5443998
2009-11-02,1.9249999523162842,1.9450000524520874,1.899999976158142,1.9299999475479126,1.3313319683074951,1788000
2009-11-03,1.9500000476837158,1.9700000286102295,1.934999942779541,1.934999942779541,1.3347810506820679,2632000
2009-11-04,1.934999942779541,1.9600000381469727,1.9249999523162842,1.9450000524520874,1.3416788578033447,2092000
2009-11-05,1.9600000381469727,1.9600000381469727,1.9249999523162842,1.934999942779541,1.3347810506820679,656000
2009-11-06,1.9700000286102295,1.9900000095367432,1.934999942779541,1.9450000524520874,1.3416788578033447,2532000
2009-11-09,1.9700000286102295,1.9850000143051147,1.9500000476837158,1.9800000190734863,1.3658223152160645,1248000
2009-11-10,1.9900000095367432,2.0,1.9700000286102295,1.9700000286102295,1.3589240312576294,1911000
2009-11-11,2.0,2.0,1.965000033378601,1.975000023841858,1.3623729944229126,1284000
2009-11-12,1.9900000095367432,2.0,1.975000023841858,1.9950000047683716,1.3761693239212036,3612000
2009-11-13,1.9950000047683716,2.0250000953674316,1.9950000047683716,2.005000114440918,1.3830677270889282,3128000
2009-11-16,2.005000114440918,2.0399999618530273,2.005000114440918,2.0250000953674316,1.3968636989593506,2120000
2009-11-17,2.0299999713897705,2.0399999618530273,2.015000104904175,2.0299999713897705,1.400312900543213,1208000
2009-11-18,2.0850000381469727,2.0850000381469727,2.0399999618530273,2.069999933242798,1.4279049634933472,2969332
2009-11-19,2.059999942779541,2.0999999046325684,2.059999942779541,2.0999999046325684,1.4485989809036255,3822000
2009-11-20,2.0999999046325684,2.1050000190734863,2.0399999618530273,2.0999999046325684,1.4485989809036255,4570464
2009-11-23,2.1449999809265137,2.184999942779541,2.115000009536743,2.174999952316284,1.5003350973129272,4672000
2009-11-24,2.125,2.174999952316284,2.125,2.1449999809265137,1.4796406030654907,3062000
2009-11-25,2.1700000762939453,2.1700000762939453,2.125,2.1449999809265137,1.4796406030654907,2484000
2009-11-26,2.1600000858306885,2.200000047683716,2.1449999809265137,2.200000047683716,1.5175803899765015,5365332
2009-11-27,2.174999952316284,2.2750000953674316,2.125,2.2249999046325684,1.5348255634307861,9649332
2009-11-30,2.305000066757202,2.4549999237060547,2.305000066757202,2.440000057220459,1.6831340789794922,9380000
2009-12-01,2.575000047683716,2.6500000953674316,2.505000114440918,2.6050000190734863,1.7969530820846558,13638000
2009-12-02,2.6050000190734863,2.7200000286102295,2.490000009536743,2.494999885559082,1.7210737466812134,18266000
2009-12-03,2.5,2.619999885559082,2.5,2.569999933242798,1.772809386253357,15233998
2009-12-04,2.5899999141693115,2.615000009536743,2.555000066757202,2.569999933242798,1.772809386253357,9765100
2009-12-07,2.615000009536743,2.630000114440918,2.569999933242798,2.569999933242798,1.772809386253357,13628000
2009-12-08,2.575000047683716,2.575000047683716,2.5250000953674316,2.5299999713897705,1.7452173233032227,9168000
2009-12-09,2.490000009536743,2.549999952316284,2.4800000190734863,2.515000104904175,1.734870433807373,5416000
2009-12-10,2.5199999809265137,2.5299999713897705,2.4000000953674316,2.4600000381469727,1.7071125507354736,3169070
2009-12-11,2.450000047683716,2.450000047683716,2.424999952316284,2.434999942779541,1.6897636651992798,2424000
2009-12-14,2.450000047683716,2.5,2.430000066757202,2.4700000286102295,1.7140518426895142,3058000
2009-12-15,2.4700000286102295,2.5,2.4549999237060547,2.5,1.7348700761795044,1824000
2009-12-16,2.450000047683716,2.494999885559082,2.450000047683716,2.4549999237060547,1.70364248752594,3357332
2009-12-17,2.430000066757202,2.4600000381469727,2.4000000953674316,2.424999952316284,1.6828241348266602,4332000
2009-12-18,2.390000104904175,2.434999942779541,2.380000114440918,2.4149999618530273,1.6758846044540405,3740000
2009-12-21,2.424999952316284,2.424999952316284,2.390000104904175,2.4100000858306885,1.6724151372909546,2132000
2009-12-22,2.4149999618530273,2.444999933242798,2.4149999618530273,2.424999952316284,1.6828241348266602,2184000
2009-12-23,2.4049999713897705,2.4600000381469727,2.4049999713897705,2.450000047683716,1.700173020362854,4812000
2009-12-24,2.444999933242798,2.575000047683716,2.434999942779541,2.559999942779541,1.7765072584152222,3987332
2009-12-28,2.444999933242798,2.6449999809265137,2.444999933242798,2.5950000286102295,1.800795555114746,5685332
2009-12-29,2.5950000286102295,2.619999885559082,2.515000104904175,2.5399999618530273,1.7626283168792725,2696000
2009-12-30,2.5250000953674316,2.549999952316284,2.5199999809265137,2.549999952316284,1.7695674896240234,1360000
2009-12-31,2.5399999618530273,2.609999895095825,2.5399999618530273,2.569999933242798,1.783446192741394,2954830
2010-01-04,2.5950000286102295,2.640000104904175,2.575000047683716,2.634999990463257,1.8285534381866455,8142668
2010-01-05,2.5999999046325684,2.640000104904175,2.575000047683716,2.615000009536743,1.814673900604248,9716000
2010-01-06,2.5999999046325684,2.5999999046325684,2.5450000762939453,2.5899999141693115,1.7973257303237915,7281000
2010-01-07,2.5999999046325684,2.6600000858306885,2.5850000381469727,2.5899999141693115,1.7973257303237915,9676000
2010-01-08,2.5950000286102295,2.625,2.5899999141693115,2.5950000286102295,1.800795555114746,3416000
2010-01-11,2.625,2.6500000953674316,2.6050000190734863,2.619999885559082,1.8181440830230713,6324000
2010-01-12,2.625,2.8399999141693115,2.625,2.805000066757202,1.9465246200561523,19304000
2010-01-13,2.805000066757202,2.805000066757202,2.7100000381469727,2.75,1.9083572626113892,11228934
2010-01-14,2.740000009536743,2.765000104904175,2.7200000286102295,2.734999895095825,1.8979480266571045,13928000
2010-01-15,2.700000047683716,2.7249999046325684,2.6600000858306885,2.680000066757202,1.8597805500030518,12844000
2010-01-18,2.6649999618530273,2.734999895095825,2.6500000953674316,2.7200000286102295,1.8875385522842407,4272000
2010-01-19,2.7200000286102295,2.7249999046325684,2.625,2.7149999141693115,1.8840692043304443,6310000
2010-01-20,2.7149999141693115,2.7249999046325684,2.674999952316284,2.7200000286102295,1.8875385522842407,4520000
2010-01-21,2.7200000286102295,2.75,2.674999952316284,2.7200000286102295,1.8875385522842407,7644000
2010-01-22,2.700000047683716,2.700000047683716,2.4749999046325684,2.569999933242798,1.783446192741394,15252000
2010-01-25,2.549999952316284,2.569999933242798,2.5,2.5350000858306885,1.7591584920883179,4860000
2010-01-26,2.5299999713897705,2.549999952316284,2.4649999141693115,2.490000009536743,1.7279307842254639,6760000
2010-01-27,2.4649999141693115,2.509999990463257,2.315000057220459,2.3350000381469727,1.6203687191009521,7312000
2010-01-28,2.3299999237060547,2.490000009536743,2.3299999237060547,2.4749999046325684,1.7175215482711792,7140000
2010-01-29,2.4700000286102295,2.515000104904175,2.384999990463257,2.509999990463257,1.7418099641799927,6212000
2010-02-01,2.424999952316284,2.5450000762939453,2.424999952316284,2.5299999713897705,1.7556886672973633,6072000
2010-02-02,2.5250000953674316,2.5850000381469727,2.509999990463257,2.5850000381469727,1.7938557863235474,4689000
2010-02-03,2.6050000190734863,2.700000047683716,2.5899999141693115,2.684999942779541,1.8632508516311646,8252000
2010-02-04,2.684999942779541,2.700000047683716,2.5899999141693115,2.684999942779541,1.8632508516311646,8344000
2010-02-05,2.6500000953674316,2.6500000953674316,2.509999990463257,2.509999990463257,1.7418099641799927,10384000
2010-02-08,2.515000104904175,2.555000066757202,2.494999885559082,2.549999952316284,1.7695674896240234,2292000
2010-02-09,2.490000009536743,2.5250000953674316,2.4549999237060547,2.5,1.7348700761795044,5624000
2010-02-10,2.5299999713897705,2.5299999713897705,2.4649999141693115,2.5,1.7348700761795044,2832646
2010-02-11,2.5299999713897705,2.5450000762939453,2.5,2.5350000858306885,1.7591584920883179,1624000
2010-02-12,2.5250000953674316,2.630000114440918,2.5250000953674316,2.625,1.8216136693954468,4352000
2010-02-17,2.619999885559082,2.6700000762939453,2.5850000381469727,2.5950000286102295,1.800795555114746,5842000
2010-02-18,2.5950000286102295,2.6050000190734863,2.549999952316284,2.549999952316284,1.7695674896240234,1032000
2010-02-19,2.549999952316284,2.5899999141693115,2.484999895095825,2.5450000762939453,1.766097903251648,3960000
2010-02-22,2.575000047683716,2.5799999237060547,2.5450000762939453,2.575000047683716,1.7869164943695068,1392000
2010-02-23,2.575000047683716,2.575000047683716,2.5399999618530273,2.555000066757202,1.7730375528335571,3496000
2010-02-24,2.5399999618530273,2.5850000381469727,2.5350000858306885,2.569999933242798,1.783446192741394,3168000
2010-02-25,2.5999999046325684,2.75,2.5799999237060547,2.744999885559082,1.9048869609832764,24674000
2010-02-26,2.740000009536743,2.744999885559082,2.6500000953674316,2.6549999713897705,1.842431902885437,5992000
2010-03-01,2.7249999046325684,2.825000047683716,2.6600000858306885,2.815000057220459,1.9534637928009033,14456058
2010-03-02,2.825000047683716,2.869999885559082,2.765000104904175,2.8499999046325684,1.9777517318725586,8505980
2010-03-03,2.8499999046325684,2.8550000190734863,2.809999942779541,2.8499999046325684,1.9777517318725586,9820800
2010-03-04,2.8299999237060547,2.859999895095825,2.8299999237060547,2.8450000286102295,1.974282145500183,3281332
2010-03-05,2.8450000286102295,2.9600000381469727,2.8450000286102295,2.950000047683716,2.047147035598755,7554000
2010-03-08,2.9800000190734863,3.0,2.930000066757202,2.950000047683716,2.047147035598755,10037332
2010-03-09,2.930000066757202,3.009999990463257,2.930000066757202,2.994999885559082,2.0783748626708984,8999400
2010-03-10,3.0,3.1649999618530273,3.0,3.0950000286102295,2.147768974304199,8817332
2010-03-11,3.0999999046325684,3.194999933242798,3.0999999046325684,3.1649999618530273,2.196345567703247,7579600
2010-03-12,3.1500000953674316,3.174999952316284,3.0299999713897705,3.065000057220459,2.12695050239563,9192000
2010-03-15,3.005000114440918,3.049999952316284,3.005000114440918,3.0450000762939453,2.113072395324707,3696000
2010-03-16,3.0999999046325684,3.0999999046325684,3.065000057220459,3.065000057220459,2.12695050239563,2527000
2010-03-17,3.065000057220459,3.1500000953674316,3.055000066757202,3.109999895095825,2.1581783294677734,9235000
2010-03-18,3.119999885559082,3.119999885559082,3.059999942779541,3.0950000286102295,2.147768974304199,3548000
2010-03-19,3.0950000286102295,3.134999990463257,3.0899999141693115,3.0950000286102295,2.147768974304199,3046222
2010-03-22,3.109999895095825,3.125,3.049999952316284,3.055000066757202,2.1200110912323,3328002
2010-03-23,3.059999942779541,3.059999942779541,2.930000066757202,2.9600000381469727,2.054086446762085,8274000
2010-03-24,2.9549999237060547,3.0299999713897705,2.9549999237060547,3.0,2.0818440914154053,2884000
2010-03-25,3.0,3.005000114440918,2.9749999046325684,3.005000114440918,2.0853140354156494,2588000
2010-03-26,3.0,3.075000047683716,3.0,3.055000066757202,2.1200110912323,2444000
2010-03-29,3.0350000858306885,3.069999933242798,3.009999990463257,3.0350000858306885,2.1061322689056396,5390000
2010-03-30,3.065000057220459,3.075000047683716,3.049999952316284,3.059999942779541,2.123481035232544,2268000
2010-03-31,3.059999942779541,3.075000047683716,3.009999990463257,3.0299999713897705,2.1026625633239746,2976000
2010-04-01,3.0299999713897705,3.1050000190734863,3.0299999713897705,3.0950000286102295,2.147768974304199,5048000
2010-04-07,3.115000009536743,3.140000104904175,3.005000114440918,3.065000057220459,2.12695050239563,8846694
2010-04-08,3.075000047683716,3.140000104904175,3.0450000762939453,3.119999885559082,2.1651179790496826,4928000
2010-04-09,3.0999999046325684,3.190000057220459,3.0999999046325684,3.1649999618530273,2.196345567703247,6340000
2010-04-12,3.200000047683716,3.299999952316284,3.1649999618530273,3.2899999618530273,2.2830886840820312,13566000
2010-04-13,3.319999933242798,3.319999933242798,3.180000066757202,3.2049999237060547,2.2241032123565674,8508000
2010-04-14,3.200000047683716,3.2249999046325684,3.119999885559082,3.125,2.1685874462127686,8584000
2010-04-15,3.1050000190734863,3.125,3.0799999237060547,3.0899999141693115,2.1442995071411133,8520000
2010-04-16,3.0850000381469727,3.0850000381469727,2.8499999046325684,3.0350000858306885,2.1061322689056396,21363704
2010-04-19,3.0,3.005000114440918,2.9200000762939453,2.9649999141693115,2.057555913925171,9448462
2010-04-20,2.9749999046325684,3.0950000286102295,2.9749999046325684,3.059999942779541,2.123481035232544,12743200
2010-04-21,3.059999942779541,3.1600000858306885,3.059999942779541,3.1449999809265137,2.182466745376587,9508000
2010-04-22,3.1549999713897705,3.1549999713897705,3.069999933242798,3.1050000190734863,2.1547086238861084,6258000
2010-04-23,3.1050000190734863,3.119999885559082,3.065000057220459,3.0799999237060547,2.137360095977783,6072000
2010-04-26,3.115000009536743,3.369999885559082,3.115000009536743,3.25,2.25533127784729,23573332
2010-04-27,3.25,3.309999942779541,3.200000047683716,3.2200000286102295,2.2345130443573,13862222
2010-04-28,3.130000114440918,3.194999933242798,3.119999885559082,3.1449999809265137,2.182466745376587,14040000
2010-04-29,3.1500000953674316,3.234999895095825,3.1500000953674316,3.2049999237060547,2.2241032123565674,11712000
2010-04-30,3.240000009536743,3.2850000858306885,3.2149999141693115,3.259999990463257,2.262270927429199,11834000
2010-05-03,3.25,3.25,3.0999999046325684,3.1050000190734863,2.1547086238861084,8748000
2010-05-04,3.130000114440918,3.1600000858306885,3.0250000953674316,3.0450000762939453,2.113072395324707,5147600
2010-05-05,3.015000104904175,3.0350000858306885,2.950000047683716,3.005000114440918,2.0853140354156494,10428000
2010-05-06,2.984999895095825,2.984999895095825,2.8450000286102295,2.9000000953674316,2.0124497413635254,11248000
2010-05-07,2.7799999713897705,2.869999885559082,2.755000114440918,2.8299999237060547,1.963873028755188,11642000
2010-05-10,2.799999952316284,2.994999885559082,2.799999952316284,2.984999895095825,2.0714352130889893,7654000
2010-05-11,2.941999912261963,3.0250000953674316,2.8949999809265137,2.9100000858306885,2.0193891525268555,9280000
2010-05-12,2.950000047683716,2.9749999046325684,2.8399999141693115,2.930000066757202,2.0332679748535156,3315000
2010-05-13,2.930000066757202,3.0,2.930000066757202,2.994999885559082,2.0783748626708984,4448000
2010-05-14,2.990000009536743,3.059999942779541,2.9600000381469727,3.0,2.0818440914154053,5816000
2010-05-17,2.984999895095825,2.984999895095825,2.8550000190734863,2.859999895095825,1.9846919775009155,8320000
2010-05-18,2.859999895095825,2.9000000953674316,2.799999952316284,2.8399999141693115,1.9708126783370972,4228000
2010-05-19,2.825000047683716,2.825000047683716,2.694999933242798,2.7049999237060547,1.8771296739578247,8040000
2010-05-20,2.7170000076293945,2.7170000076293945,2.549999952316284,2.5850000381469727,1.7938557863235474,9412000
2010-05-24,2.564500093460083,2.799999952316284,2.5,2.799999952316284,1.9430546760559082,8028000
2010-05-25,2.7699999809265137,2.7699999809265137,2.569999933242798,2.5950000286102295,1.800795555114746,6218000
2010-05-26,2.630000114440918,2.680000066757202,2.5999999046325684,2.6549999713897705,1.842431902885437,4123260
2010-05-27,2.6449999809265137,2.7249999046325684,2.5999999046325684,2.694999933242798,1.870190143585205,3356000
2010-05-28,2.759999990463257,2.8299999237060547,2.7100000381469727,2.765000104904175,1.9187663793563843,5174132
2010-05-31,2.809999942779541,2.825000047683716,2.765000104904175,2.809999942779541,1.9499943256378174,2172000
2010-06-01,2.7699999809265137,2.924999952316284,2.7699999809265137,2.859999895095825,1.9846919775009155,4572000
2010-06-02,2.859999895095825,2.9100000858306885,2.819999933242798,2.8550000190734863,1.9812215566635132,3820000
2010-06-03,2.9000000953674316,2.9100000858306885,2.859999895095825,2.865000009536743,1.9881614446640015,1600000
2010-06-04,2.865000009536743,2.8949999809265137,2.859999895095825,2.869999885559082,1.9916309118270874,2672000
2010-06-07,2.819999933242798,2.819999933242798,2.759999990463257,2.7899999618530273,1.9361152648925781,2132000
2010-06-08,2.7699999809265137,2.7899999618530273,2.7200000286102295,2.765000104904175,1.9187663793563843,3036000
2010-06-09,2.7750000953674316,2.865000009536743,2.7750000953674316,2.8299999237060547,1.963873028755188,3416000
2010-06-10,2.8499999046325684,2.8499999046325684,2.799999952316284,2.815000057220459,1.9534637928009033,3152000
2010-06-11,2.869999885559082,2.890000104904175,2.8299999237060547,2.875,1.9951006174087524,4696000
2010-06-14,2.9000000953674316,3.0,2.8949999809265137,2.984999895095825,2.0714352130889893,4360000
2010-06-15,3.005000114440918,3.119999885559082,3.005000114440918,3.109999895095825,2.1581783294677734,6904000
2010-06-17,3.1500000953674316,3.2049999237060547,3.119999885559082,3.194999933242798,2.2171640396118164,6264000
2010-06-18,3.1500000953674316,3.194999933242798,3.0999999046325684,3.140000104904175,2.178997039794922,4868000
2010-06-21,3.1500000953674316,3.244999885559082,3.1500000953674316,3.2200000286102295,2.2345130443573,5618000
2010-06-22,3.2200000286102295,3.240000009536743,3.1700000762939453,3.200000047683716,2.2206335067749023,4600000
2010-06-23,3.2200000286102295,3.240000009536743,3.180000066757202,3.2249999046325684,2.2379825115203857,6611332
2010-06-24,3.2249999046325684,3.2950000762939453,2.984999895095825,3.005000114440918,2.0853140354156494,21062928
2010-06-25,2.9649999141693115,3.1500000953674316,2.9649999141693115,3.069999933242798,2.130420684814453,11124000
2010-06-28,3.075000047683716,3.0999999046325684,2.984999895095825,3.0,2.0818440914154053,9124000
2010-06-29,3.0199999809265137,3.0299999713897705,2.924999952316284,2.944999933242798,2.0436770915985107,5868000
2010-06-30,2.944999933242798,3.0,2.9000000953674316,2.9700000286102295,2.061025619506836,6337066
2010-07-02,2.930000066757202,2.9800000190734863,2.9000000953674316,2.944999933242798,2.0436770915985107,7708000
2010-07-05,2.944999933242798,2.950000047683716,2.890000104904175,2.9200000762939453,2.0263283252716064,5320000
2010-07-06,2.9200000762939453,2.9600000381469727,2.890000104904175,2.9600000381469727,2.054086446762085,12285600
2010-07-07,2.9549999237060547,3.075000047683716,2.9549999237060547,3.055000066757202,2.1200110912323,7712000
2010-07-08,3.0999999046325684,3.0999999046325684,3.0399999618530273,3.0450000762939453,2.113072395324707,6292000
2010-07-09,3.075000047683716,3.0899999141693115,3.0299999713897705,3.0450000762939453,2.113072395324707,3574000
2010-07-12,3.059999942779541,3.0850000381469727,3.0,3.059999942779541,2.123481035232544,4556000
2010-07-13,3.075000047683716,3.075000047683716,2.994999885559082,3.0199999809265137,2.0957229137420654,3092000
2010-07-14,3.0350000858306885,3.075000047683716,3.0199999809265137,3.0399999618530273,2.1096019744873047,2286000
2010-07-15,3.0399999618530273,3.0399999618530273,2.990000009536743,3.0,2.0818440914154053,2244000
2010-07-16,3.0250000953674316,3.0350000858306885,2.990000009536743,3.0,2.0818440914154053,2463666
2010-07-19,3.0,3.0450000762939453,2.9749999046325684,2.990000009536743,2.074904680252075,4404000
2010-07-20,2.9749999046325684,3.0250000953674316,2.9749999046325684,3.005000114440918,2.0853140354156494,848000
2010-07-21,3.005000114440918,3.075000047683716,2.9549999237060547,3.0,2.0818440914154053,4282000
2010-07-22,3.015000104904175,3.0399999618530273,2.9800000190734863,3.0250000953674316,2.0991930961608887,4012000
2010-07-23,3.0350000858306885,3.049999952316284,3.009999990463257,3.009999990463257,2.0887832641601562,3108000
2010-07-26,3.0199999809265137,3.065000057220459,2.984999895095825,2.994999885559082,2.0783748626708984,7352000
2010-07-27,3.0,3.0299999713897705,2.994999885559082,3.009999990463257,2.0887832641601562,2716000
2010-07-28,3.0450000762939453,3.0450000762939453,2.9800000190734863,2.984999895095825,2.0714352130889893,4528000
2010-07-29,3.0,3.0,2.9700000286102295,2.9749999046325684,2.064495325088501,5236000
2010-07-30,2.9800000190734863,2.994999885559082,2.9600000381469727,2.9600000381469727,2.054086446762085,6590648
2010-08-02,2.9749999046325684,3.009999990463257,2.9749999046325684,3.0,2.0818440914154053,5956000
2010-08-03,3.009999990463257,3.069999933242798,3.0,3.015000104904175,2.0922536849975586,8060000
2010-08-04,3.0199999809265137,3.0399999618530273,2.990000009536743,3.0299999713897705,2.1026625633239746,4755388
2010-08-05,3.0299999713897705,3.049999952316284,3.005000114440918,3.0299999713897705,2.1026625633239746,5040000
2010-08-06,3.0450000762939453,3.0450000762939453,3.005000114440918,3.0350000858306885,2.1061322689056396,4831688
2010-08-09,3.0450000762939453,3.059999942779541,3.0299999713897705,3.055000066757202,2.1200110912323,4067020
2010-08-10,3.069999933242798,3.0899999141693115,3.0299999713897705,3.0350000858306885,2.1061322689056396,3756000
2010-08-11,3.0399999618530273,3.069999933242798,3.009999990463257,3.009999990463257,2.0887832641601562,3644000
2010-08-12,3.0250000953674316,3.0250000953674316,2.9800000190734863,3.009999990463257,2.0887832641601562,2984000
2010-08-13,3.009999990463257,3.0399999618530273,3.009999990463257,3.0299999713897705,2.1026625633239746,2548000
2010-08-16,3.0350000858306885,3.055000066757202,3.0250000953674316,3.055000066757202,2.1200110912323,2552000
2010-08-17,3.059999942779541,3.075000047683716,3.049999952316284,3.069999933242798,2.130420684814453,2394000
2010-08-18,3.075000047683716,3.0899999141693115,3.0399999618530273,3.049999952316284,2.116541624069214,7412000
2010-08-19,2.9749999046325684,2.9800000190734863,2.9149999618530273,2.924999952316284,2.0465734004974365,6270192
2010-08-20,2.880000114440918,2.924999952316284,2.8499999046325684,2.9200000762939453,2.0430748462677,10962000
2010-08-23,2.934999942779541,2.940000057220459,2.865000009536743,2.875,2.011589288711548,3244000
2010-08-24,2.8550000190734863,2.890000104904175,2.815000057220459,2.819999933242798,1.9731063842773438,6828000
2010-08-25,2.819999933242798,2.825000047683716,2.674999952316284,2.700000047683716,1.889144778251648,13101540
2010-08-26,2.740000009536743,2.7899999618530273,2.6600000858306885,2.740000009536743,1.917132019996643,15426000
2010-08-27,2.740000009536743,2.7750000953674316,2.7100000381469727,2.734999895095825,1.9136334657669067,7956000
2010-08-30,2.7300000190734863,2.755000114440918,2.7100000381469727,2.7100000381469727,1.896141529083252,1948000
2010-08-31,2.700000047683716,2.7049999237060547,2.6500000953674316,2.6700000762939453,1.8681544065475464,5688000
2010-09-01,2.694999933242798,2.8299999237060547,2.680000066757202,2.75,1.924128770828247,15547200
2010-09-02,2.815000057220459,2.9000000953674316,2.809999942779541,2.8949999809265137,2.0255825519561768,12720000
2010-09-03,2.8949999809265137,2.984999895095825,2.8499999046325684,2.9749999046325684,2.081557035446167,11176000
2010-09-06,3.0,3.065000057220459,2.9549999237060547,2.9649999141693115,2.0745606422424316,8682000
2010-09-07,3.0,3.009999990463257,2.9700000286102295,2.994999885559082,2.0955512523651123,4566000
2010-09-08,2.990000009536743,2.990000009536743,2.9000000953674316,2.940000057220459,2.0570685863494873,3212000
2010-09-09,2.930000066757202,2.9649999141693115,2.9149999618530273,2.9200000762939453,2.0430748462677,2508000
2010-09-10,2.924999952316284,2.934999942779541,2.890000104904175,2.924999952316284,2.0465734004974365,1828000
2010-09-13,2.950000047683716,2.9800000190734863,2.944999933242798,2.9549999237060547,2.067563772201538,3140364
2010-09-14,2.9749999046325684,2.994999885559082,2.9600000381469727,2.984999895095825,2.0885543823242188,4768000
2010-09-15,2.9600000381469727,3.0399999618530273,2.950000047683716,3.0250000953674316,2.116541624069214,8418000
2010-09-16,2.999000072479248,3.0199999809265137,2.9649999141693115,2.990000009536743,2.092052698135376,5465332
2010-09-17,3.0,3.0299999713897705,2.984999895095825,3.0250000953674316,2.116541624069214,7428000
2010-09-20,3.0250000953674316,3.0250000953674316,2.9800000190734863,2.994999885559082,2.0955512523651123,8872000
2010-09-21,3.0,3.140000104904175,2.994999885559082,3.140000104904175,2.197005271911621,24078000
2010-09-22,3.1700000762939453,3.259999990463257,3.1500000953674316,3.2100000381469727,2.2459826469421387,32040000
2010-09-24,3.25,3.25,3.1449999809265137,3.1649999618530273,2.2144973278045654,7284000
2010-09-27,3.180000066757202,3.2200000286102295,3.119999885559082,3.119999885559082,2.183011531829834,9188000
2010-09-28,3.134999990463257,3.1649999618530273,3.0850000381469727,3.1500000953674316,2.2040019035339355,12177420
2010-09-29,3.1500000953674316,3.1600000858306885,3.119999885559082,3.1500000953674316,2.2040019035339355,10828000
2010-09-30,3.134999990463257,3.140000104904175,3.049999952316284,3.0950000286102295,2.1655194759368896,6328000
2010-10-04,3.1500000953674316,3.1700000762939453,3.075000047683716,3.0999999046325684,2.169017791748047,11588000
2010-10-05,3.0899999141693115,3.174999952316284,3.0899999141693115,3.1700000762939453,2.2179958820343018,5678378
2010-10-06,3.200000047683716,3.2100000381469727,3.1050000190734863,3.119999885559082,2.183011531829834,7340000
2010-10-07,3.130000114440918,3.200000047683716,3.125,3.1449999809265137,2.2005038261413574,12140000
2010-10-08,3.1449999809265137,3.1600000858306885,3.0999999046325684,3.134999990463257,2.1935060024261475,4170986
2010-10-11,3.125,3.174999952316284,3.0899999141693115,3.0999999046325684,2.169017791748047,13789660
2010-10-12,3.0899999141693115,3.119999885559082,3.0250000953674316,3.109999895095825,2.1760146617889404,9686000
2010-10-13,3.1500000953674316,3.265000104904175,3.1500000953674316,3.25,2.273970603942871,21266000
2010-10-14,3.325000047683716,3.4800000190734863,3.319999933242798,3.4700000286102295,2.427901029586792,29380000
2010-10-15,3.4600000381469727,3.490000009536743,3.4200000762939453,3.430000066757202,2.3999133110046387,11264000
2010-10-18,3.440000057220459,3.440000057220459,3.3499999046325684,3.4000000953674316,2.378923177719116,5372000
2010-10-19,3.4000000953674316,3.490000009536743,3.3499999046325684,3.4800000190734863,2.4348976612091064,6826000
2010-10-20,3.444999933242798,3.5899999141693115,3.380000114440918,3.5799999237060547,2.504865884780884,13058666
2010-10-21,3.549999952316284,3.5899999141693115,3.4800000190734863,3.5850000381469727,2.508363962173462,8232400
2010-10-22,3.5999999046325684,3.634999990463257,3.484999895095825,3.509999990463257,2.455887794494629,5172000
2010-10-25,3.5,3.5799999237060547,3.5,3.549999952316284,2.483875274658203,3796000
2010-10-26,3.559999942779541,3.8399999141693115,3.559999942779541,3.694999933242798,2.585329055786133,12492000
2010-10-27,3.640000104904175,3.694999933242798,3.509999990463257,3.640000104904175,2.546846389770508,18003018
2010-10-28,3.5850000381469727,3.6050000190734863,3.5299999713897705,3.565000057220459,2.494370460510254,7356818
2010-10-29,3.5850000381469727,3.6050000190734863,3.5299999713897705,3.5450000762939453,2.480376958847046,4780000
2010-11-01,3.5450000762939453,3.7850000858306885,3.5399999618530273,3.740000009536743,2.6168153285980225,11992000
2010-11-02,3.740000009536743,3.8399999141693115,3.7249999046325684,3.809999942779541,2.66579270362854,8196000
2010-11-03,3.825000047683716,3.8399999141693115,3.75,3.765000104904175,2.6343071460723877,4788000
2010-11-04,3.7799999713897705,3.890000104904175,3.7799999713897705,3.884999990463257,2.718269109725952,7188000
2010-11-05,3.884999990463257,3.950000047683716,3.7699999809265137,3.799999952316284,2.6587963104248047,5260000
2010-11-08,3.8399999141693115,3.865000009536743,3.799999952316284,3.815000057220459,2.6692910194396973,2298000
2010-11-09,3.799999952316284,3.809999942779541,3.7100000381469727,3.744999885559082,2.6203134059906006,5744000
2010-11-10,3.759999990463257,3.7799999713897705,3.674999952316284,3.690000057220459,2.5818307399749756,5328000
2010-11-11,3.684999942779541,3.744999885559082,3.684999942779541,3.7249999046325684,2.6063199043273926,4108000
2010-11-12,3.75,3.884999990463257,3.75,3.7799999713897705,2.6448023319244385,10768000
2010-11-15,3.809999942779541,3.815000057220459,3.680000066757202,3.680000066757202,2.5748345851898193,5596000
2010-11-16,3.674999952316284,3.7699999809265137,3.6600000858306885,3.7249999046325684,2.6063199043273926,5528000
2010-11-17,3.6649999618530273,3.7100000381469727,3.575000047683716,3.5799999237060547,2.504865884780884,5720000
2010-11-18,3.5999999046325684,4.40500020980835,3.5799999237060547,4.28000020980835,2.9946441650390625,31200000
2010-11-19,4.349999904632568,4.375,4.099999904632568,4.139999866485596,2.896688461303711,28602666
2010-11-22,4.199999809265137,4.659999847412109,4.175000190734863,4.574999809265137,3.2010505199432373,31626400
2010-11-23,4.574999809265137,4.724999904632568,4.309999942779541,4.329999923706055,3.029628038406372,32892000
2010-11-24,4.425000190734863,4.579999923706055,4.425000190734863,4.53000020980835,3.169564962387085,15310000
2010-11-25,4.605000019073486,4.690000057220459,4.449999809265137,4.474999904632568,3.131082534790039,16956000
2010-11-26,4.485000133514404,4.5,4.320000171661377,4.360000133514404,3.0506186485290527,15894000
2010-11-29,4.420000076293945,4.510000228881836,4.380000114440918,4.474999904632568,3.131082534790039,10798000
2010-11-30,4.514999866485596,4.574999809265137,4.505000114440918,4.554999828338623,3.1870570182800293,11192000
2010-12-01,5.0,5.0,4.75,4.800000190734863,3.3584794998168945,19686400
2010-12-02,4.940000057220459,4.949999809265137,4.860000133514404,4.885000228881836,3.4179527759552,10242000
2010-12-03,4.960000038146973,4.96999979019165,4.900000095367432,4.920000076293945,3.442441463470459,8672200
2010-12-06,4.949999809265137,4.96999979019165,4.704999923706055,4.764999866485596,3.3339903354644775,13540000
2010-12-07,4.824999809265137,5.0,4.804999828338623,4.994999885559082,3.494917392730713,16202666
2010-12-08,5.099999904632568,5.130000114440918,5.0,5.050000190734863,3.533400297164917,11436000
2010-12-09,5.079999923706055,5.099999904632568,4.949999809265137,4.96999979019165,3.4774258136749268,7220600
2010-12-10,5.0,5.0,4.849999904632568,4.855000019073486,3.3969621658325195,11820000
2010-12-13,4.900000095367432,4.974999904632568,4.860000133514404,4.869999885559082,3.4074573516845703,13396000
2010-12-14,5.0,5.980000019073486,5.0,5.349999904632568,3.766507148742676,42378000
2010-12-15,5.429999828338623,5.440000057220459,4.949999809265137,5.0,3.5201003551483154,34967343
2010-12-16,5.039999961853027,5.090000152587891,4.949999809265137,4.96999979019165,3.498979330062866,9656000
2010-12-17,5.0,5.03000020980835,4.869999885559082,4.929999828338623,3.4708192348480225,7738000
2010-12-20,4.929999828338623,4.980000019073486,4.550000190734863,4.590000152587891,3.231451988220215,16945000
2010-12-21,4.650000095367432,4.929999828338623,4.590000152587891,4.889999866485596,3.442657709121704,12034583
2010-12-22,4.949999809265137,4.960000038146973,4.800000190734863,4.849999904632568,3.414496898651123,4678253
2010-12-23,4.849999904632568,4.849999904632568,4.730000019073486,4.769999980926514,3.358175754547119,7114000
2010-12-24,4.840000152587891,4.849999904632568,4.659999847412109,4.699999809265137,3.308894157409668,4692000
2010-12-28,4.840000152587891,4.840000152587891,4.539999961853027,4.610000133514404,3.245532274246216,9687000
2010-12-29,4.690000057220459,4.710000038146973,4.650000095367432,4.670000076293945,3.2877743244171143,6688000
2010-12-30,4.75,4.75,4.579999923706055,4.679999828338623,3.294813871383667,5460000
2010-12-31,4.679999828338623,4.849999904632568,4.679999828338623,4.849999904632568,3.414496898651123,5696000
2011-01-03,4.849999904632568,4.849999904632568,4.710000038146973,4.769999980926514,3.358175754547119,4406000
2011-01-04,4.75,4.769999980926514,4.659999847412109,4.699999809265137,3.308894157409668,11866000
2011-01-05,4.699999809265137,4.880000114440918,4.670000076293945,4.849999904632568,3.414496898651123,13732000
2011-01-06,4.860000133514404,4.949999809265137,4.860000133514404,4.940000057220459,3.477858543395996,9965800
2011-01-07,4.900000095367432,4.949999809265137,4.809999942779541,4.940000057220459,3.477858543395996,6560000
2011-01-10,4.849999904632568,4.869999885559082,4.75,4.75,3.344095468521118,5834000
2011-01-11,4.789999961853027,4.800000190734863,4.71999979019165,4.769999980926514,3.358175754547119,5038000
2011-01-12,4.710000038146973,4.800000190734863,4.710000038146973,4.75,3.344095468521118,4618500
2011-01-13,4.75,4.75,4.619999885559082,4.650000095367432,3.273693561553955,13168000
2011-01-14,4.599999904632568,4.599999904632568,4.539999961853027,4.539999961853027,3.1962506771087646,12740000
2011-01-17,4.5,4.639999866485596,4.5,4.579999923706055,3.2244112491607666,8587000
2011-01-18,4.579999923706055,4.679999828338623,4.570000171661377,4.619999885559082,3.252572536468506,6564000
2011-01-19,4.619999885559082,4.630000114440918,4.550000190734863,4.570000171661377,3.217372179031372,4774000
2011-01-20,4.570000171661377,4.590000152587891,4.5,4.519999980926514,3.1821701526641846,5450000
2011-01-21,4.449999809265137,4.510000228881836,4.380000114440918,4.389999866485596,3.0906481742858887,8340000
2011-01-24,4.389999866485596,4.389999866485596,4.099999904632568,4.179999828338623,2.9428036212921143,11406000
2011-01-25,4.21999979019165,4.409999847412109,4.21999979019165,4.329999923706055,3.0484063625335693,11220000
2011-01-26,4.349999904632568,4.369999885559082,4.210000038146973,4.25,2.9920854568481445,11367000
2011-01-27,4.289999961853027,4.440000057220459,4.199999809265137,4.369999885559082,3.0765671730041504,6001010
2011-01-28,4.369999885559082,4.369999885559082,4.210000038146973,4.239999771118164,2.9850447177886963,7914000
2011-01-31,4.210000038146973,4.309999942779541,4.210000038146973,4.260000228881836,2.9991254806518555,4275450
2011-02-01,4.300000190734863,4.309999942779541,4.25,4.309999942779541,3.0343263149261475,4236253
2011-02-02,4.400000095367432,4.539999961853027,4.400000095367432,4.539999961853027,3.1962506771087646,8618730
2011-02-07,4.639999866485596,4.639999866485596,4.5,4.510000228881836,3.175130844116211,5002000
2011-02-08,4.570000171661377,4.579999923706055,4.449999809265137,4.550000190734863,3.203291654586792,5621500
2011-02-09,4.550000190734863,4.550000190734863,4.28000020980835,4.320000171661377,3.0413661003112793,7582000
2011-02-10,4.21999979019165,4.320000171661377,4.059999942779541,4.110000133514404,2.8935225009918213,15230000
2011-02-11,4.099999904632568,4.159999847412109,4.010000228881836,4.050000190734863,2.85128116607666,12128000
2011-02-14,4.119999885559082,4.28000020980835,4.099999904632568,4.25,2.9920854568481445,7280000
2011-02-15,4.25,4.309999942779541,4.179999828338623,4.199999809265137,2.9568839073181152,4635652
2011-02-16,4.199999809265137,4.199999809265137,4.099999904632568,4.159999847412109,2.9287235736846924,3732000
2011-02-17,4.099999904632568,4.139999866485596,4.070000171661377,4.070000171661377,2.8653619289398193,4877000
2011-02-18,4.070000171661377,4.170000076293945,4.059999942779541,4.130000114440918,2.9076032638549805,3656000
2011-02-21,4.130000114440918,4.130000114440918,4.039999961853027,4.110000133514404,2.8935225009918213,2952000
2011-02-22,4.099999904632568,4.099999904632568,3.9200000762939453,3.940000057220459,2.773839235305786,8862000
2011-02-23,3.890000104904175,3.950000047683716,3.8399999141693115,3.9100000858306885,2.752718687057495,7393000
2011-02-24,3.8499999046325684,3.880000114440918,3.6600000858306885,3.690000057220459,2.5978338718414307,10592000
2011-02-25,3.6500000953674316,3.8499999046325684,3.6500000953674316,3.7899999618530273,2.668236017227173,27722000
2011-02-28,3.799999952316284,3.9600000381469727,3.799999952316284,3.940000057220459,2.773839235305786,5014000
2011-03-01,4.0,4.199999809265137,3.950000047683716,4.139999866485596,2.914642810821533,10640080
2011-03-02,4.090000152587891,4.170000076293945,4.010000228881836,4.090000152587891,2.879441976547241,7630000
2011-03-03,4.090000152587891,4.130000114440918,4.050000190734863,4.059999942779541,2.858320951461792,4360000
2011-03-04,4.150000095367432,4.150000095367432,4.099999904632568,4.119999885559082,2.9005627632141113,4684000
2011-03-07,4.139999866485596,4.179999828338623,4.079999923706055,4.079999923706055,2.872401475906372,3729332
2011-03-08,4.059999942779541,4.110000133514404,4.03000020980835,4.050000190734863,2.85128116607666,1636000
2011-03-09,4.050000190734863,4.150000095367432,4.050000190734863,4.099999904632568,2.886482000350952,5905500
2011-03-10,4.099999904632568,4.130000114440918,4.070000171661377,4.099999904632568,2.886482000350952,2384000
2011-03-11,4.090000152587891,4.090000152587891,4.0,4.03000020980835,2.837200880050659,4096000
2011-03-14,3.9600000381469727,3.9600000381469727,3.799999952316284,3.9200000762939453,2.759758234024048,3944000
2011-03-15,3.9000000953674316,3.9000000953674316,3.7799999713897705,3.869999885559082,2.7245571613311768,9572000
2011-03-16,3.819999933242798,4.019999980926514,3.819999933242798,4.0,2.816080093383789,4126000
2011-03-17,3.930000066757202,3.940000057220459,3.75,3.9200000762939453,2.759758234024048,4894000
2011-03-18,3.9200000762939453,3.950000047683716,3.819999933242798,3.8499999046325684,2.710477113723755,3192000
2011-03-21,3.8499999046325684,3.950000047683716,3.8499999046325684,3.940000057220459,2.773839235305786,2945000
2011-03-22,3.940000057220459,4.090000152587891,3.930000066757202,4.090000152587891,2.879441976547241,5650000
2011-03-23,4.039999961853027,4.079999923706055,4.019999980926514,4.050000190734863,2.85128116607666,2819000
2011-03-24,4.099999904632568,4.199999809265137,4.050000190734863,4.139999866485596,2.914642810821533,7340000
2011-03-25,4.150000095367432,4.199999809265137,4.059999942779541,4.079999923706055,2.872401475906372,3842000
2011-03-28,4.130000114440918,4.130000114440918,4.03000020980835,4.079999923706055,2.872401475906372,2350000
2011-03-29,4.019999980926514,4.050000190734863,4.0,4.03000020980835,2.837200880050659,1714000
2011-03-30,4.03000020980835,4.079999923706055,3.990000009536743,4.010000228881836,2.823120355606079,3367142
2011-03-31,4.0,4.019999980926514,3.930000066757202,3.9700000286102295,2.794959545135498,3584000
2011-04-01,3.930000066757202,4.019999980926514,3.9100000858306885,4.0,2.816080093383789,6546000
2011-04-04,4.0,4.269999980926514,3.9800000190734863,4.260000228881836,2.9991254806518555,16088401
2011-04-06,4.21999979019165,4.539999961853027,4.21999979019165,4.519999980926514,3.1821701526641846,30783302
2011-04-07,4.5,4.519999980926514,4.389999866485596,4.5,3.168090343475342,12362406
2011-04-08,4.489999771118164,4.599999904632568,4.429999828338623,4.579999923706055,3.2244112491607666,11938342
2011-04-11,4.539999961853027,4.71999979019165,4.519999980926514,4.679999828338623,3.294813871383667,12143335
2011-04-12,4.659999847412109,4.699999809265137,4.550000190734863,4.599999904632568,3.238492012023926,7894000
2011-04-13,4.599999904632568,4.699999809265137,4.53000020980835,4.650000095367432,3.273693561553955,6514000
2011-04-14,4.610000133514404,4.760000228881836,4.599999904632568,4.650000095367432,3.273693561553955,8624000
2011-04-15,4.699999809265137,4.760000228881836,4.559999942779541,4.619999885559082,3.252572536468506,12780848
2011-04-18,4.650000095367432,4.739999771118164,4.579999923706055,4.610000133514404,3.245532274246216,10231000
2011-04-19,4.599999904632568,4.650000095367432,4.5,4.619999885559082,3.252572536468506,5970000
2011-04-20,4.679999828338623,4.760000228881836,4.650000095367432,4.75,3.344095468521118,14202006
2011-04-21,4.760000228881836,4.829999923706055,4.670000076293945,4.78000020980835,3.365215301513672,13408000
2011-04-26,4.730000019073486,4.849999904632568,4.699999809265137,4.829999923706055,3.400416612625122,9881000
2011-04-27,4.800000190734863,4.860000133514404,4.769999980926514,4.800000190734863,3.379295587539673,9158000
2011-04-28,4.800000190734863,4.849999904632568,4.599999904632568,4.610000133514404,3.245532274246216,5740310
2011-04-29,4.699999809265137,4.699999809265137,4.610000133514404,4.650000095367432,3.273693561553955,3787916
2011-05-03,4.78000020980835,4.78000020980835,4.400000095367432,4.409999847412109,3.1047282218933105,8277659
2011-05-04,4.489999771118164,4.519999980926514,4.349999904632568,4.389999866485596,3.0906481742858887,5136000
2011-05-05,4.389999866485596,4.579999923706055,4.389999866485596,4.559999942779541,3.2103304862976074,3396200
2011-05-06,4.5,4.71999979019165,4.449999809265137,4.690000057220459,3.301853656768799,6938000
2011-05-09,4.690000057220459,4.820000171661377,4.690000057220459,4.809999942779541,3.386335849761963,13649012
2011-05-11,4.78000020980835,4.809999942779541,4.650000095367432,4.710000038146973,3.315934419631958,3926864
2011-05-12,4.710000038146973,4.710000038146973,4.650000095367432,4.659999847412109,3.280733108520508,2346000
2011-05-13,4.599999904632568,4.739999771118164,4.599999904632568,4.690000057220459,3.301853656768799,3916000
2011-05-16,4.659999847412109,4.760000228881836,4.659999847412109,4.699999809265137,3.308894157409668,4496571
2011-05-17,4.699999809265137,4.699999809265137,4.599999904632568,4.630000114440918,3.259612560272217,2211305
2011-05-18,4.670000076293945,4.699999809265137,4.619999885559082,4.690000057220459,3.301853656768799,2329600
2011-05-19,4.75,4.75,4.579999923706055,4.590000152587891,3.231451988220215,1942000
2011-05-20,4.590000152587891,4.659999847412109,4.400000095367432,4.550000190734863,3.203291654586792,4492000
2011-05-23,4.5,4.550000190734863,4.449999809265137,4.489999771118164,3.1610498428344727,1260000
2011-05-24,4.489999771118164,4.539999961853027,4.429999828338623,4.449999809265137,3.1328887939453125,5104000
2011-05-25,4.460000038146973,4.519999980926514,4.409999847412109,4.440000057220459,3.1258492469787598,2364000
2011-05-26,4.440000057220459,4.570000171661377,4.440000057220459,4.559999942779541,3.2103304862976074,4056000
2011-05-27,4.550000190734863,4.75,4.550000190734863,4.739999771118164,3.3370540142059326,6820000
2011-05-30,4.75,4.800000190734863,4.710000038146973,4.75,3.344095468521118,6111000
2011-05-31,4.75,4.800000190734863,4.630000114440918,4.690000057220459,3.301853656768799,10814359
2011-06-01,4.679999828338623,5.119999885559082,4.659999847412109,5.079999923706055,3.5764219760894775,27903437
2011-06-02,4.949999809265137,5.03000020980835,4.880000114440918,4.960000038146973,3.491938829421997,19862000
2011-06-03,4.960000038146973,5.090000152587891,4.920000076293945,5.019999980926514,3.5341811180114746,15760000
2011-06-07,5.0,5.230000019073486,4.960000038146973,5.210000038146973,3.6679444313049316,23769494
2011-06-08,5.199999809265137,5.210000038146973,4.900000095367432,4.929999828338623,3.4708192348480225,25996000
2011-06-09,4.96999979019165,5.010000228881836,4.75,4.949999809265137,3.4848990440368652,14382171
2011-06-10,4.989999771118164,5.039999961853027,4.900000095367432,4.960000038146973,3.491938829421997,5888000
2011-06-13,4.920000076293945,5.010000228881836,4.829999923706055,5.010000228881836,3.5271403789520264,9054000
2011-06-14,5.0,5.019999980926514,4.909999847412109,4.960000038146973,3.491938829421997,9378000
2011-06-15,4.960000038146973,5.079999923706055,4.949999809265137,5.039999961853027,3.5482611656188965,11966000
2011-06-16,5.039999961853027,5.039999961853027,4.659999847412109,4.760000228881836,3.3511359691619873,27420635
2011-06-17,4.849999904632568,5.010000228881836,4.679999828338623,4.889999866485596,3.442657709121704,26062190
2011-06-20,4.889999866485596,5.0,4.889999866485596,4.96999979019165,3.498979330062866,14192000
2011-06-21,5.010000228881836,5.059999942779541,4.940000057220459,4.980000019073486,3.5060200691223145,12878810
2011-06-22,4.980000019073486,5.059999942779541,4.980000019073486,4.989999771118164,3.513059616088867,12175000
2011-06-23,5.079999923706055,5.079999923706055,4.920000076293945,4.96999979019165,3.498979330062866,4582000
2011-06-24,5.0,5.0,4.889999866485596,4.960000038146973,3.491938829421997,5066000
2011-06-27,4.960000038146973,4.980000019073486,4.900000095367432,4.900000095367432,3.449697971343994,3292000
2011-06-28,4.869999885559082,4.949999809265137,4.869999885559082,4.900000095367432,3.449697971343994,3030000
2011-06-29,4.960000038146973,4.960000038146973,4.78000020980835,4.849999904632568,3.414496898651123,9444000
2011-06-30,4.880000114440918,4.989999771118164,4.860000133514404,4.980000019073486,3.5060200691223145,10176000
2011-07-04,5.0,5.130000114440918,5.0,5.110000133514404,3.5975425243377686,14550000
2011-07-05,5.199999809265137,5.199999809265137,5.070000171661377,5.090000152587891,3.5834624767303467,8820000
2011-07-06,5.050000190734863,5.119999885559082,5.010000228881836,5.090000152587891,3.5834624767303467,6812900
2011-07-07,5.090000152587891,5.28000020980835,5.059999942779541,5.190000057220459,3.6538639068603516,14834000
2011-07-08,5.210000038146973,5.28000020980835,5.210000038146973,5.25,3.69610595703125,10868358
2011-07-11,5.269999980926514,5.449999809265137,5.210000038146973,5.440000057220459,3.8298697471618652,19258000
2011-07-12,5.400000095367432,5.440000057220459,5.150000095367432,5.309999942779541,3.7383463382720947,15067500
2011-07-13,5.320000171661377,5.619999885559082,5.260000228881836,5.619999885559082,3.9565930366516113,21148000
2011-07-14,5.599999904632568,5.690000057220459,5.449999809265137,5.599999904632568,3.942511558532715,16778000
2011-07-15,5.570000171661377,5.579999923706055,5.449999809265137,5.570000171661377,3.9213919639587402,6211688
2011-07-18,5.579999923706055,5.739999771118164,5.480000019073486,5.659999847412109,3.9847538471221924,6384000
2011-07-19,5.699999809265137,5.699999809265137,5.409999847412109,5.599999904632568,3.942511558532715,8794000
2011-07-20,5.650000095367432,5.699999809265137,5.510000228881836,5.590000152587891,3.935472249984741,5026450
2011-07-21,5.650000095367432,5.670000076293945,5.550000190734863,5.639999866485596,3.9706735610961914,5766350
2011-07-22,5.650000095367432,5.940000057220459,5.650000095367432,5.940000057220459,4.181879043579102,14738000
2011-07-25,5.940000057220459,5.980000019073486,5.840000152587891,5.980000019073486,4.2100396156311035,7937000
2011-07-26,5.909999847412109,6.099999904632568,5.849999904632568,6.090000152587891,4.287481784820557,10735000
2011-07-27,6.070000171661377,6.300000190734863,6.019999980926514,6.179999828338623,4.350843906402588,9264000
2011-07-28,6.139999866485596,6.349999904632568,6.099999904632568,6.340000152587891,4.46348762512207,13348800
2011-07-29,6.269999980926514,6.340000152587891,6.110000133514404,6.190000057220459,4.357884883880615,12111800
2011-08-01,6.21999979019165,6.369999885559082,6.210000038146973,6.329999923706055,4.456446647644043,8807600
2011-08-02,6.369999885559082,6.400000095367432,6.130000114440918,6.269999980926514,4.414205551147461,5930000
2011-08-03,6.199999809265137,6.389999866485596,5.96999979019165,6.380000114440918,4.491648197174072,13868350
2011-08-04,6.449999809265137,6.449999809265137,6.139999866485596,6.25,4.400124549865723,5844000
2011-08-05,5.840000152587891,6.099999904632568,5.699999809265137,6.0,4.224120616912842,11368000
2011-08-08,5.78000020980835,5.880000114440918,5.579999923706055,5.820000171661377,4.097396373748779,13419300
2011-08-09,5.199999809265137,5.820000171661377,5.199999809265137,5.769999980926514,4.062195777893066,18274000
2011-08-10,5.900000095367432,6.199999809265137,5.900000095367432,6.139999866485596,4.3226823806762695,13337980
2011-08-11,5.929999828338623,6.090000152587891,5.849999904632568,5.96999979019165,4.202999114990234,6530000
2011-08-12,6.050000190734863,6.239999771118164,6.050000190734863,6.130000114440918,4.3156418800354,6947000
2011-08-15,6.239999771118164,6.489999771118164,6.159999847412109,6.360000133514404,4.47756814956665,7860000
2011-08-16,6.5,6.690000057220459,6.400000095367432,6.630000114440918,4.667652606964111,11145730
2011-08-17,6.619999885559082,6.960000038146973,6.610000133514404,6.889999866485596,4.850698471069336,12359400
2011-08-18,6.650000095367432,6.849999904632568,6.309999942779541,6.400000095367432,4.522136211395264,18100626
2011-08-19,6.079999923706055,6.239999771118164,6.050000190734863,6.079999923706055,4.2960286140441895,19905000
2011-08-22,6.099999904632568,6.349999904632568,5.769999980926514,5.900000095367432,4.1688432693481445,21531200
2011-08-23,5.949999809265137,5.980000019073486,5.71999979019165,5.900000095367432,4.1688432693481445,9195200
2011-08-24,5.940000057220459,6.0,5.75,5.78000020980835,4.084054470062256,7599571
2011-08-25,5.829999923706055,5.949999809265137,5.53000020980835,5.639999866485596,3.985133171081543,7709600
2011-08-26,5.659999847412109,5.809999942779541,5.53000020980835,5.539999961853027,3.9144744873046875,6728000
2011-08-29,5.590000152587891,5.860000133514404,5.590000152587891,5.710000038146973,4.0345940589904785,8090000
2011-08-30,5.980000019073486,6.0,5.800000190734863,5.889999866485596,4.161777973175049,7084000
2011-08-31,5.949999809265137,6.28000020980835,5.880000114440918,6.190000057220459,4.373754501342773,9690000
2011-09-01,6.25,6.340000152587891,5.829999923706055,5.909999847412109,4.175910472869873,15554000
2011-09-02,6.0,6.0,5.599999904632568,5.710000038146973,4.0345940589904785,14064000
2011-09-05,5.710000038146973,5.840000152587891,5.599999904632568,5.679999828338623,4.013396263122559,7428000
2011-09-06,5.559999942779541,5.619999885559082,5.150000095367432,5.360000133514404,3.7872884273529053,23336000
2011-09-07,5.150000095367432,5.539999961853027,5.150000095367432,5.460000038146973,3.857947587966919,16274000
2011-09-08,5.579999923706055,5.599999904632568,5.230000019073486,5.260000228881836,3.7166309356689453,10588003
2011-09-09,5.289999961853027,5.309999942779541,5.03000020980835,5.059999942779541,3.5753142833709717,20979500
2011-09-12,4.909999847412109,4.96999979019165,4.670000076293945,4.690000057220459,3.313877820968628,13767162
2011-09-14,4.71999979019165,4.860000133514404,4.409999847412109,4.679999828338623,3.3068125247955322,23576749
2011-09-15,4.809999942779541,4.889999866485596,4.75,4.849999904632568,3.426931381225586,14870269
2011-09-16,4.96999979019165,5.039999961853027,4.849999904632568,4.949999809265137,3.4975898265838623,10860060
2011-09-19,4.989999771118164,4.989999771118164,4.550000190734863,4.699999809265137,3.32094407081604,12687000
2011-09-20,4.75,4.789999961853027,4.449999809265137,4.630000114440918,3.2714827060699463,17157000
2011-09-21,4.630000114440918,4.769999980926514,4.449999809265137,4.659999847412109,3.292680263519287,8448000
2011-09-22,4.5,4.550000190734863,4.400000095367432,4.400000095367432,3.108968496322632,10307000
2011-09-23,4.269999980926514,4.570000171661377,3.9600000381469727,4.5,3.1796274185180664,13780000
2011-09-26,4.420000076293945,4.480000019073486,4.019999980926514,4.130000114440918,2.91819167137146,14012000
2011-09-27,4.230000019073486,4.559999942779541,4.230000019073486,4.539999961853027,3.207890272140503,12696500
2011-09-28,4.650000095367432,4.71999979019165,4.539999961853027,4.670000076293945,3.2997469902038574,6722000
2011-09-30,4.670000076293945,4.760000228881836,4.659999847412109,4.690000057220459,3.313877820968628,14504000
2011-10-03,4.699999809265137,4.699999809265137,4.099999904632568,4.260000228881836,3.010047197341919,10340000
2011-10-04,4.260000228881836,4.449999809265137,3.9100000858306885,3.930000066757202,2.776874542236328,16018000
2011-10-06,4.25,4.269999980926514,4.079999923706055,4.21999979019165,2.981783151626587,16570937
2011-10-07,4.380000114440918,4.670000076293945,4.380000114440918,4.590000152587891,3.2432196140289307,10339000
2011-10-10,4.800000190734863,4.800000190734863,4.400000095367432,4.480000019073486,3.1654958724975586,5894000
2011-10-11,4.679999828338623,4.880000114440918,4.619999885559082,4.78000020980835,3.3774702548980713,12720000
2011-10-12,4.78000020980835,5.070000171661377,4.71999979019165,4.829999923706055,3.412799835205078,14797966
2011-10-13,4.929999828338623,5.010000228881836,4.869999885559082,4.900000095367432,3.4622604846954346,10561428
2011-10-14,4.900000095367432,4.900000095367432,4.900000095367432,4.900000095367432,3.4622604846954346,0
2011-10-17,4.71999979019165,4.800000190734863,4.610000133514404,4.650000095367432,3.2856152057647705,11432000
2011-10-18,4.570000171661377,4.570000171661377,4.28000020980835,4.400000095367432,3.108968496322632,12516000
2011-10-19,4.400000095367432,4.5,4.190000057220459,4.190000057220459,2.9605863094329834,12717588
2011-10-20,4.079999923706055,4.099999904632568,3.990000009536743,4.010000228881836,2.8334012031555176,15958000
2011-10-21,3.9600000381469727,4.150000095367432,3.9600000381469727,4.099999904632568,2.896993398666382,13238070
2011-10-24,4.300000190734863,4.340000152587891,4.210000038146973,4.28000020980835,3.024178981781006,12565430
2011-10-25,4.400000095367432,4.400000095367432,4.230000019073486,4.289999961853027,3.0312442779541016,9044000
2011-10-26,4.179999828338623,4.300000190734863,4.090000152587891,4.230000019073486,2.9888501167297363,12068000
2011-10-27,4.300000190734863,4.71999979019165,4.300000190734863,4.619999885559082,3.2644171714782715,14938782
2011-10-28,4.869999885559082,4.949999809265137,4.690000057220459,4.75,3.3562731742858887,12902000
2011-10-31,4.730000019073486,4.820000171661377,4.599999904632568,4.710000038146973,3.328009605407715,6218000
2011-11-01,4.570000171661377,4.650000095367432,4.489999771118164,4.599999904632568,3.2502856254577637,5352000
2011-11-02,4.349999904632568,4.869999885559082,4.349999904632568,4.820000171661377,3.405733585357666,12896000
2011-11-03,4.900000095367432,5.0,4.71999979019165,4.96999979019165,3.511721611022949,19072196
2011-11-04,5.199999809265137,5.380000114440918,5.110000133514404,5.369999885559082,3.7943544387817383,23416818
2011-11-07,5.300000190734863,5.480000019073486,5.230000019073486,5.260000228881836,3.7166309356689453,8807399
2011-11-08,5.300000190734863,5.349999904632568,5.090000152587891,5.139999866485596,3.631840705871582,7630000
2011-11-09,5.340000152587891,5.340000152587891,5.199999809265137,5.25,3.7095658779144287,5892000
2011-11-10,5.159999847412109,5.159999847412109,4.880000114440918,4.900000095367432,3.4622604846954346,10969000
2011-11-11,4.949999809265137,5.019999980926514,4.920000076293945,4.96999979019165,3.511721611022949,4420000
2011-11-14,5.019999980926514,5.150000095367432,4.960000038146973,4.960000038146973,3.504655361175537,5716000
2011-11-15,4.960000038146973,4.989999771118164,4.929999828338623,4.960000038146973,3.504655361175537,3757000
2011-11-16,4.989999771118164,5.0,4.900000095367432,4.940000057220459,3.49052357673645,6364000
2011-11-17,4.860000133514404,5.03000020980835,4.75,4.809999942779541,3.398667812347412,9438000
2011-11-18,4.679999828338623,4.789999961853027,4.650000095367432,4.659999847412109,3.292680263519287,13121532
2011-11-21,4.550000190734863,4.619999885559082,4.429999828338623,4.519999980926514,3.193758487701416,8579000
2011-11-22,4.420000076293945,4.610000133514404,4.420000076293945,4.599999904632568,3.2502856254577637,2873942
2011-11-23,4.519999980926514,4.599999904632568,4.5,4.590000152587891,3.2432196140289307,5380000
2011-11-24,4.539999961853027,4.539999961853027,4.260000228881836,4.349999904632568,3.0736396312713623,11022000
2011-11-25,4.429999828338623,4.429999828338623,4.199999809265137,4.349999904632568,3.0736396312713623,4542000
2011-11-28,4.400000095367432,4.550000190734863,4.400000095367432,4.550000190734863,3.214956760406494,2930000
2011-11-29,4.599999904632568,4.650000095367432,4.489999771118164,4.579999923706055,3.2361533641815186,4607332
2011-11-30,4.650000095367432,4.650000095367432,4.489999771118164,4.53000020980835,3.2008249759674072,5557265
2011-12-01,4.75,4.800000190734863,4.630000114440918,4.769999980926514,3.3704051971435547,14648000
2011-12-02,4.760000228881836,4.769999980926514,4.630000114440918,4.699999809265137,3.32094407081604,3358910
2011-12-05,4.920000076293945,4.920000076293945,4.760000228881836,4.789999961853027,3.384536027908325,4342000
2011-12-06,4.800000190734863,4.829999923706055,4.650000095367432,4.699999809265137,3.32094407081604,3578000
2011-12-07,4.769999980926514,4.78000020980835,4.679999828338623,4.75,3.3562731742858887,3233600
2011-12-08,4.639999866485596,4.760000228881836,4.630000114440918,4.670000076293945,3.327770233154297,2796000
2011-12-09,4.519999980926514,4.659999847412109,4.510000228881836,4.619999885559082,3.292140483856201,4953437
2011-12-12,4.710000038146973,4.75,4.599999904632568,4.599999904632568,3.2778890132904053,1012230
2011-12-13,4.5,4.579999923706055,4.449999809265137,4.46999979019165,3.1852526664733887,2966000
2011-12-14,4.400000095367432,4.539999961853027,4.400000095367432,4.519999980926514,3.220881938934326,2044000
2011-12-15,4.380000114440918,4.5,4.380000114440918,4.449999809265137,3.1710009574890137,1847600
2011-12-16,4.460000038146973,4.46999979019165,4.349999904632568,4.380000114440918,3.1211204528808594,6294671
2011-12-19,4.309999942779541,4.429999828338623,4.199999809265137,4.300000190734863,3.0641138553619385,6292671
2011-12-20,4.300000190734863,4.340000152587891,4.099999904632568,4.159999847412109,2.9643516540527344,10774000
2011-12-21,4.28000020980835,4.28000020980835,4.139999866485596,4.21999979019165,3.007106065750122,6726965
2011-12-22,4.230000019073486,4.260000228881836,4.159999847412109,4.199999809265137,2.9928548336029053,6979391
2011-12-23,4.25,4.360000133514404,4.25,4.340000152587891,3.0926167964935303,3500000
2011-12-28,4.360000133514404,4.360000133514404,4.239999771118164,4.25,3.028484344482422,2362000
2011-12-29,4.199999809265137,4.269999980926514,4.150000095367432,4.260000228881836,3.0356104373931885,4867100
2011-12-30,4.260000228881836,4.329999923706055,4.260000228881836,4.300000190734863,3.0641138553619385,2114602
2012-01-03,4.340000152587891,4.360000133514404,4.300000190734863,4.360000133514404,3.1068687438964844,2544500
2012-01-04,4.380000114440918,4.389999866485596,4.309999942779541,4.340000152587891,3.0926167964935303,4168000
2012-01-05,4.360000133514404,4.389999866485596,4.300000190734863,4.309999942779541,3.071239471435547,2077000
2012-01-06,4.309999942779541,4.329999923706055,4.230000019073486,4.239999771118164,3.0213582515716553,1892000
2012-01-09,4.25,4.369999885559082,4.21999979019165,4.349999904632568,3.099742889404297,3436000
2012-01-10,4.400000095367432,4.400000095367432,4.269999980926514,4.269999980926514,3.0427353382110596,6553205
2012-01-11,4.28000020980835,4.329999923706055,4.239999771118164,4.289999961853027,3.0569872856140137,4295700
2012-01-12,4.340000152587891,4.769999980926514,4.340000152587891,4.739999771118164,3.3776497840881348,23620000
2012-01-13,4.800000190734863,5.110000133514404,4.769999980926514,5.099999904632568,3.634180784225464,29859200
2012-01-16,5.019999980926514,5.039999961853027,4.889999866485596,4.909999847412109,3.4987902641296387,10010000
2012-01-17,4.989999771118164,5.159999847412109,4.909999847412109,5.159999847412109,3.676936149597168,11110100
2012-01-18,5.099999904632568,5.380000114440918,5.099999904632568,5.28000020980835,3.762446403503418,11487000
2012-01-19,5.380000114440918,5.400000095367432,5.28000020980835,5.300000190734863,3.776698112487793,12754368
2012-01-20,5.329999923706055,5.329999923706055,5.050000190734863,5.090000152587891,3.627056121826172,10174000
2012-01-26,5.130000114440918,5.199999809265137,4.920000076293945,4.960000038146973,3.534419059753418,18995000
2012-01-27,5.019999980926514,5.199999809265137,4.989999771118164,5.019999980926514,3.5771751403808594,8038000
2012-01-30,5.03000020980835,5.110000133514404,5.010000228881836,5.070000171661377,3.6128041744232178,5053900
2012-01-31,5.059999942779541,5.119999885559082,4.960000038146973,5.010000228881836,3.5700485706329346,3770400
2012-02-01,4.869999885559082,4.980000019073486,4.869999885559082,4.960000038146973,3.534419059753418,8231100
2012-02-02,5.03000020980835,5.139999866485596,4.989999771118164,5.130000114440918,3.6555590629577637,9728800
2012-02-03,5.070000171661377,5.199999809265137,5.070000171661377,5.130000114440918,3.6555590629577637,9775000
2012-02-06,5.130000114440918,5.159999847412109,4.78000020980835,4.840000152587891,3.4489097595214844,26383408
2012-02-07,4.849999904632568,4.900000095367432,4.71999979019165,4.75,3.3847765922546387,9828519
2012-02-08,4.789999961853027,4.949999809265137,4.789999961853027,4.889999866485596,3.4845380783081055,6971617
2012-02-09,4.900000095367432,4.989999771118164,4.889999866485596,4.949999809265137,3.5272929668426514,8512300
2012-02-10,4.980000019073486,5.139999866485596,4.900000095367432,4.980000019073486,3.548670530319214,11630000
2012-02-13,4.96999979019165,5.079999923706055,4.909999847412109,5.0,3.562922477722168,4611975
2012-02-14,5.0,5.0,4.920000076293945,4.940000057220459,3.520167112350464,3508300
2012-02-15,4.980000019073486,4.980000019073486,4.860000133514404,4.929999828338623,3.5130419731140137,11620000
2012-02-16,4.920000076293945,5.03000020980835,4.900000095367432,4.949999809265137,3.5272929668426514,3522000
2012-02-17,5.070000171661377,5.070000171661377,4.920000076293945,4.949999809265137,3.5272929668426514,3762000
2012-02-20,5.050000190734863,5.050000190734863,4.880000114440918,4.929999828338623,3.5130419731140137,6197000
2012-02-21,4.949999809265137,4.96999979019165,4.820000171661377,4.909999847412109,3.4987902641296387,5234000
2012-02-22,4.909999847412109,4.920000076293945,4.829999923706055,4.909999847412109,3.4987902641296387,5830678
2012-02-23,4.900000095367432,4.900000095367432,4.730000019073486,4.75,3.3847765922546387,20147576
2012-02-24,4.789999961853027,4.829999923706055,4.699999809265137,4.710000038146973,3.3562734127044678,9853000
2012-02-27,4.699999809265137,4.769999980926514,4.599999904632568,4.610000133514404,3.2850148677825928,6666000
2012-02-28,4.610000133514404,4.730000019073486,4.559999942779541,4.659999847412109,3.3206441402435303,5301100
2012-02-29,4.659999847412109,4.730000019073486,4.639999866485596,4.71999979019165,3.363398551940918,7058210
2012-03-01,4.679999828338623,4.809999942779541,4.679999828338623,4.769999980926514,3.3990283012390137,8230000
2012-03-02,4.789999961853027,4.820000171661377,4.739999771118164,4.760000228881836,3.3919026851654053,5034626
2012-03-05,4.760000228881836,4.800000190734863,4.760000228881836,4.78000020980835,3.406154155731201,4632000
2012-03-06,4.789999961853027,4.789999961853027,4.619999885559082,4.670000076293945,3.327770233154297,4631001
2012-03-07,4.599999904632568,4.659999847412109,4.559999942779541,4.559999942779541,3.249385118484497,5050483
2012-03-08,4.630000114440918,4.71999979019165,4.610000133514404,4.699999809265137,3.3491475582122803,2667074
2012-03-09,4.730000019073486,4.75,4.679999828338623,4.699999809265137,3.3491475582122803,2332000
2012-03-12,4.699999809265137,4.739999771118164,4.630000114440918,4.670000076293945,3.327770233154297,2787900
2012-03-13,4.699999809265137,4.78000020980835,4.699999809265137,4.760000228881836,3.3919026851654053,3754000
2012-03-14,4.820000171661377,4.829999923706055,4.690000057220459,4.699999809265137,3.3491475582122803,6643006
2012-03-15,4.619999885559082,4.699999809265137,4.619999885559082,4.679999828338623,3.3348958492279053,2678000
2012-03-16,4.679999828338623,4.75,4.679999828338623,4.739999771118164,3.3776497840881348,3036765
2012-03-20,4.650000095367432,4.699999809265137,4.630000114440918,4.670000076293945,3.327770233154297,2052000
2012-03-21,4.650000095367432,4.679999828338623,4.590000152587891,4.610000133514404,3.2850148677825928,4056000
2012-03-22,4.599999904632568,4.630000114440918,4.53000020980835,4.539999961853027,3.2351338863372803,3984000
2012-03-23,4.539999961853027,4.570000171661377,4.409999847412109,4.480000019073486,3.1923792362213135,4321917
2012-03-26,4.5,4.650000095367432,4.5,4.650000095367432,3.3135180473327637,1740000
2012-03-27,4.699999809265137,4.699999809265137,4.579999923706055,4.590000152587891,3.2707629203796387,2300000
2012-03-28,4.619999885559082,4.670000076293945,4.5,4.53000020980835,3.2280080318450928,3841000
2012-03-29,4.510000228881836,4.590000152587891,4.46999979019165,4.480000019073486,3.1923792362213135,3407000
2012-03-30,4.449999809265137,4.639999866485596,4.429999828338623,4.5,3.2066307067871094,4731125
2012-04-02,4.5,4.550000190734863,4.489999771118164,4.5,3.2066307067871094,5679000
2012-04-03,4.539999961853027,4.650000095367432,4.519999980926514,4.539999961853027,3.2351338863372803,2864000
2012-04-05,4.409999847412109,4.5,4.409999847412109,4.449999809265137,3.1710009574890137,3755052
2012-04-10,4.380000114440918,4.489999771118164,4.380000114440918,4.440000057220459,3.1638758182525635,3699003
2012-04-11,4.389999866485596,4.480000019073486,4.380000114440918,4.440000057220459,3.1638758182525635,1902648
2012-04-12,4.510000228881836,4.599999904632568,4.409999847412109,4.590000152587891,3.2707629203796387,3052804
2012-04-13,4.619999885559082,4.659999847412109,4.599999904632568,4.639999866485596,3.306391954421997,2320000
2012-04-16,4.599999904632568,4.659999847412109,4.550000190734863,4.650000095367432,3.3135180473327637,1347800
2012-04-17,4.610000133514404,4.679999828338623,4.610000133514404,4.630000114440918,3.2992663383483887,1403048
2012-04-18,4.659999847412109,4.800000190734863,4.659999847412109,4.710000038146973,3.3562734127044678,8350838
2012-04-19,4.659999847412109,4.739999771118164,4.659999847412109,4.71999979019165,3.363398551940918,4516029
2012-04-20,4.710000038146973,4.78000020980835,4.670000076293945,4.769999980926514,3.3990283012390137,3872698
2012-04-23,4.769999980926514,4.949999809265137,4.769999980926514,4.860000133514404,3.4631614685058594,8800028
2012-04-24,4.829999923706055,4.889999866485596,4.760000228881836,4.789999961853027,3.4132792949676514,4352056
2012-04-25,4.789999961853027,4.840000152587891,4.699999809265137,4.75,3.3847765922546387,1634003
2012-04-26,4.800000190734863,4.800000190734863,4.699999809265137,4.75,3.3847765922546387,3342003
2012-04-27,4.75,4.769999980926514,4.679999828338623,4.739999771118164,3.3776497840881348,2166700
2012-04-30,4.739999771118164,4.829999923706055,4.699999809265137,4.829999923706055,3.4417834281921387,2475200
2012-05-02,4.849999904632568,5.0,4.829999923706055,4.96999979019165,3.5415453910827637,10590400
2012-05-03,5.0,5.019999980926514,4.960000038146973,5.0,3.562922477722168,7770370
2012-05-04,5.050000190734863,5.050000190734863,4.849999904632568,4.869999885559082,3.4702868461608887,9700611
2012-05-07,4.75,4.809999942779541,4.710000038146973,4.769999980926514,3.3990283012390137,5290000
2012-05-08,4.769999980926514,4.840000152587891,4.769999980926514,4.820000171661377,3.434657335281372,2263885
2012-05-09,4.800000190734863,4.849999904632568,4.639999866485596,4.71999979019165,3.363398551940918,2478009
2012-05-10,4.679999828338623,4.820000171661377,4.679999828338623,4.690000057220459,3.3420207500457764,1570000
2012-05-11,4.670000076293945,4.679999828338623,4.590000152587891,4.599999904632568,3.2778890132904053,2166000
2012-05-14,4.650000095367432,4.71999979019165,4.599999904632568,4.659999847412109,3.3206441402435303,2318000
2012-05-15,4.619999885559082,4.639999866485596,4.590000152587891,4.590000152587891,3.2707629203796387,3321200
2012-05-16,4.559999942779541,4.559999942779541,4.210000038146973,4.239999771118164,3.0213582515716553,12460007
2012-05-17,4.130000114440918,4.25,4.119999885559082,4.130000114440918,2.942974328994751,9167862
2012-05-18,4.099999904632568,4.099999904632568,4.0,4.039999961853027,2.8788416385650635,13436372
2012-05-21,4.0,4.179999828338623,3.990000009536743,4.150000095367432,2.957226276397705,2388648
2012-05-22,4.170000076293945,4.340000152587891,4.170000076293945,4.28000020980835,3.0498621463775635,6624002
2012-05-23,4.28000020980835,4.28000020980835,4.21999979019165,4.260000228881836,3.0356104373931885,6791403
2012-05-24,4.210000038146973,4.429999828338623,4.210000038146973,4.349999904632568,3.099742889404297,7442007
2012-05-25,4.320000171661377,4.489999771118164,4.300000190734863,4.400000095367432,3.135371446609497,3301002
2012-05-28,4.400000095367432,4.409999847412109,4.309999942779541,4.349999904632568,3.099742889404297,1920000
2012-05-29,4.260000228881836,4.460000038146973,4.260000228881836,4.449999809265137,3.1710009574890137,1406006
2012-05-30,4.400000095367432,4.449999809265137,4.369999885559082,4.440000057220459,3.1638758182525635,2407000
2012-05-31,4.389999866485596,4.449999809265137,4.320000171661377,4.400000095367432,3.135371446609497,2402163
2012-06-01,4.320000171661377,4.440000057220459,4.300000190734863,4.360000133514404,3.1068687438964844,5228000
2012-06-04,4.25,4.25,4.099999904632568,4.150000095367432,2.957226276397705,4053068
2012-06-05,4.150000095367432,4.199999809265137,4.150000095367432,4.170000076293945,2.971477508544922,3212462
2012-06-06,4.190000057220459,4.289999961853027,4.190000057220459,4.239999771118164,3.0213582515716553,1650000
2012-06-07,4.28000020980835,4.340000152587891,4.150000095367432,4.199999809265137,2.9928548336029053,2261104
2012-06-08,4.159999847412109,4.190000057220459,4.099999904632568,4.170000076293945,2.971477508544922,1702235
2012-06-11,4.28000020980835,4.28000020980835,4.190000057220459,4.260000228881836,3.0356104373931885,2247621
2012-06-12,4.170000076293945,4.230000019073486,4.159999847412109,4.21999979019165,3.007106065750122,2299028
2012-06-13,4.239999771118164,4.239999771118164,4.099999904632568,4.139999866485596,2.9500999450683594,2186405
2012-06-14,4.119999885559082,4.159999847412109,4.099999904632568,4.110000133514404,2.928722858428955,2474005
2012-06-15,4.099999904632568,4.320000171661377,4.099999904632568,4.199999809265137,2.9928548336029053,17182006
2012-06-18,4.320000171661377,4.5,4.289999961853027,4.449999809265137,3.1710009574890137,19970000
2012-06-19,4.480000019073486,4.710000038146973,4.409999847412109,4.670000076293945,3.327770233154297,12178000
2012-06-20,4.690000057220459,4.739999771118164,4.619999885559082,4.71999979019165,3.363398551940918,5402001
2012-06-21,4.699999809265137,4.789999961853027,4.679999828338623,4.730000019073486,3.3705248832702637,6082000
2012-06-22,4.699999809265137,4.699999809265137,4.590000152587891,4.630000114440918,3.2992663383483887,7014012
2012-06-25,4.670000076293945,4.78000020980835,4.630000114440918,4.739999771118164,3.3776497840881348,8940000
2012-06-26,4.659999847412109,4.769999980926514,4.659999847412109,4.739999771118164,3.3776497840881348,5148620
2012-06-27,4.690000057220459,4.869999885559082,4.690000057220459,4.800000190734863,3.420405626296997,5215202
2012-06-28,4.800000190734863,4.880000114440918,4.75,4.840000152587891,3.4489097595214844,4658800
2012-06-29,4.849999904632568,4.860000133514404,4.800000190734863,4.849999904632568,3.4560346603393555,4315689
2012-07-03,4.920000076293945,4.949999809265137,4.880000114440918,4.949999809265137,3.5272929668426514,4124355
2012-07-04,4.900000095367432,4.940000057220459,4.829999923706055,4.880000114440918,3.4774131774902344,4368076
2012-07-05,4.860000133514404,4.860000133514404,4.730000019073486,4.78000020980835,3.406154155731201,2775924
2012-07-06,4.849999904632568,4.940000057220459,4.789999961853027,4.880000114440918,3.4774131774902344,3550690
2012-07-09,4.880000114440918,4.869999885559082,4.690000057220459,4.75,3.3847765922546387,2060060
2012-07-10,4.71999979019165,4.889999866485596,4.71999979019165,4.800000190734863,3.420405626296997,3302000
2012-07-11,4.909999847412109,5.059999942779541,4.849999904632568,4.980000019073486,3.548670530319214,9249000
2012-07-12,4.949999809265137,5.139999866485596,4.949999809265137,5.079999923706055,3.6199302673339844,13010000
2012-07-13,5.039999961853027,5.039999961853027,4.940000057220459,4.980000019073486,3.548670530319214,6324000
2012-07-16,4.980000019073486,5.099999904632568,4.96999979019165,5.019999980926514,3.5771751403808594,5538000
2012-07-17,4.96999979019165,5.019999980926514,4.929999828338623,5.0,3.562922477722168,3644000
2012-07-18,5.0,5.010000228881836,4.75,4.989999771118164,3.5557963848114014,2401701
2012-07-19,5.0,5.010000228881836,4.849999904632568,4.920000076293945,3.5059165954589844,6562000
2012-07-20,4.920000076293945,4.980000019073486,4.880000114440918,4.880000114440918,3.4774131774902344,2650000
2012-07-23,4.800000190734863,4.860000133514404,4.800000190734863,4.820000171661377,3.434657335281372,2294000
2012-07-24,4.789999961853027,4.900000095367432,4.75,4.840000152587891,3.4489097595214844,866000
2012-07-25,4.800000190734863,4.800000190734863,4.75,4.769999980926514,3.3990283012390137,1996000
2012-07-26,4.769999980926514,4.789999961853027,4.679999828338623,4.690000057220459,3.3420207500457764,2333500
2012-07-27,4.75,4.809999942779541,4.670000076293945,4.679999828338623,3.3348958492279053,3735200
2012-07-30,4.699999809265137,4.769999980926514,4.699999809265137,4.769999980926514,3.3990283012390137,1638000
2012-07-31,4.739999771118164,4.78000020980835,4.730000019073486,4.730000019073486,3.3705248832702637,1584050
2012-08-01,4.710000038146973,4.820000171661377,4.690000057220459,4.800000190734863,3.420405626296997,2506000
2012-08-02,4.809999942779541,4.829999923706055,4.710000038146973,4.730000019073486,3.3705248832702637,1484030
2012-08-03,4.699999809265137,4.71999979019165,4.630000114440918,4.650000095367432,3.3135180473327637,3045003
2012-08-06,4.710000038146973,4.730000019073486,4.610000133514404,4.619999885559082,3.292140483856201,3268000
2012-08-07,4.599999904632568,4.710000038146973,4.599999904632568,4.690000057220459,3.3420207500457764,3497770
2012-08-08,4.690000057220459,4.71999979019165,4.670000076293945,4.710000038146973,3.3562734127044678,2763000
2012-08-09,4.679999828338623,4.78000020980835,4.679999828338623,4.760000228881836,3.3919026851654053,2944300
2012-08-10,4.760000228881836,4.760000228881836,4.699999809265137,4.739999771118164,3.3776497840881348,1090000
2012-08-13,4.650000095367432,4.699999809265137,4.619999885559082,4.659999847412109,3.3206441402435303,1508000
2012-08-14,4.670000076293945,4.730000019073486,4.539999961853027,4.570000171661377,3.256511926651001,5269138
2012-08-15,4.550000190734863,4.670000076293945,4.519999980926514,4.650000095367432,3.3135180473327637,2229000
2012-08-16,4.599999904632568,4.650000095367432,4.559999942779541,4.599999904632568,3.2778890132904053,2916001
2012-08-17,4.599999904632568,4.650000095367432,4.590000152587891,4.639999866485596,3.306391954421997,1803670
2012-08-20,4.639999866485596,4.639999866485596,4.610000133514404,4.619999885559082,3.292140483856201,1304000
2012-08-21,4.599999904632568,4.690000057220459,4.559999942779541,4.659999847412109,3.3206441402435303,916000
2012-08-22,4.659999847412109,4.699999809265137,4.619999885559082,4.690000057220459,3.3420207500457764,2498500
2012-08-23,4.699999809265137,4.860000133514404,4.690000057220459,4.849999904632568,3.4560346603393555,4691530
2012-08-24,4.809999942779541,4.829999923706055,4.760000228881836,4.809999942779541,3.4275312423706055,2172000
2012-08-27,4.860000133514404,5.050000190734863,4.829999923706055,5.010000228881836,3.630429744720459,15802000
2012-08-28,4.989999771118164,5.0,4.900000095367432,4.96999979019165,3.6014442443847656,5467000
2012-08-29,4.980000019073486,5.139999866485596,4.960000038146973,5.130000114440918,3.717386484146118,8711000
2012-08-30,5.110000133514404,5.110000133514404,5.010000228881836,5.079999923706055,3.6811540126800537,3185500
2012-08-31,5.059999942779541,5.079999923706055,5.0,5.070000171661377,3.673907995223999,3311645
2012-09-03,5.0,5.119999885559082,4.889999866485596,5.110000133514404,3.7028934955596924,4292011
2012-09-04,5.099999904632568,5.099999904632568,4.980000019073486,4.989999771118164,3.6159372329711914,2262000
2012-09-05,4.980000019073486,4.989999771118164,4.889999866485596,4.929999828338623,3.5724587440490723,1134000
2012-09-06,4.900000095367432,4.960000038146973,4.880000114440918,4.909999847412109,3.557967185974121,2931610
2012-09-07,4.96999979019165,4.96999979019165,4.800000190734863,4.900000095367432,3.550720453262329,6058500
2012-09-10,4.949999809265137,5.03000020980835,4.929999828338623,5.010000228881836,3.630429744720459,2983141
2012-09-11,5.0,5.039999961853027,4.940000057220459,5.019999980926514,3.637676954269409,2842000
2012-09-12,5.099999904632568,5.119999885559082,5.0,5.090000152587891,3.688401460647583,3504200
2012-09-13,5.010000228881836,5.079999923706055,4.920000076293945,4.929999828338623,3.5724587440490723,3214001
2012-09-14,4.989999771118164,5.119999885559082,4.980000019073486,5.079999923706055,3.6811540126800537,4940000
2012-09-17,5.099999904632568,5.119999885559082,4.989999771118164,5.019999980926514,3.637676954269409,2784000
2012-09-18,4.949999809265137,5.0,4.929999828338623,4.929999828338623,3.5724587440490723,3264000
2012-09-19,4.909999847412109,4.980000019073486,4.909999847412109,4.949999809265137,3.586951494216919,3996000
2012-09-20,4.940000057220459,5.019999980926514,4.940000057220459,5.0,3.6231839656829834,1786160
2012-09-21,5.0,5.079999923706055,5.0,5.079999923706055,3.6811540126800537,3524105
2012-09-24,5.079999923706055,5.190000057220459,5.059999942779541,5.179999828338623,3.7536184787750244,4040000
2012-09-25,5.190000057220459,5.269999980926514,5.170000076293945,5.25,3.8043432235717773,7239232
2012-09-26,5.25,5.28000020980835,5.139999866485596,5.269999980926514,3.818835735321045,3892117
2012-09-27,5.260000228881836,5.269999980926514,5.179999828338623,5.239999771118164,3.7970964908599854,5184000
2012-09-28,5.239999771118164,5.320000171661377,5.159999847412109,5.320000171661377,3.8550682067871094,5308380
2012-10-03,5.300000190734863,5.360000133514404,5.090000152587891,5.119999885559082,3.710139751434326,6776000
2012-10-04,5.119999885559082,5.21999979019165,5.019999980926514,5.210000038146973,3.7753567695617676,8039000
2012-10-05,5.199999809265137,5.199999809265137,5.059999942779541,5.110000133514404,3.7028934955596924,5807149
2012-10-08,5.099999904632568,5.170000076293945,5.050000190734863,5.119999885559082,3.710139751434326,5368000
2012-10-09,5.110000133514404,5.210000038146973,5.110000133514404,5.179999828338623,3.7536184787750244,5694281
2012-10-10,5.110000133514404,5.239999771118164,5.099999904632568,5.210000038146973,3.7753567695617676,6649000
2012-10-11,5.139999866485596,5.349999904632568,5.139999866485596,5.25,3.8043432235717773,10021557
2012-10-12,5.289999961853027,5.320000171661377,5.21999979019165,5.239999771118164,3.7970964908599854,3196001
2012-10-15,5.289999961853027,5.289999961853027,5.230000019073486,5.25,3.8043432235717773,2700000
2012-10-16,5.28000020980835,5.309999942779541,5.260000228881836,5.309999942779541,3.84782075881958,8897000
2012-10-17,5.309999942779541,5.309999942779541,5.21999979019165,5.25,3.8043432235717773,8707000
2012-10-18,5.210000038146973,5.210000038146973,5.150000095367432,5.170000076293945,3.7463715076446533,10088000
2012-10-19,5.170000076293945,5.199999809265137,5.139999866485596,5.159999847412109,3.739124298095703,7442000
2012-10-22,5.159999847412109,5.230000019073486,5.139999866485596,5.21999979019165,3.7826039791107178,3532000
2012-10-24,5.150000095367432,5.400000095367432,5.150000095367432,5.360000133514404,3.884052038192749,6502000
2012-10-25,5.360000133514404,5.360000133514404,5.230000019073486,5.28000020980835,3.8260817527770996,2058000
2012-10-26,5.289999961853027,5.289999961853027,5.139999866485596,5.150000095367432,3.7318789958953857,3178000
2012-10-29,5.159999847412109,5.25,5.150000095367432,5.230000019073486,3.7898497581481934,1086000
2012-10-30,5.230000019073486,5.25,5.159999847412109,5.190000057220459,3.760864496231079,938000
2012-10-31,5.190000057220459,5.329999923706055,5.190000057220459,5.329999923706055,3.862314462661743,2628000
2012-11-01,5.300000190734863,5.329999923706055,5.25,5.309999942779541,3.84782075881958,1584881
2012-11-02,5.340000152587891,5.519999980926514,5.289999961853027,5.489999771118164,3.9782562255859375,14542122
2012-11-05,5.489999771118164,5.710000038146973,5.429999828338623,5.630000114440918,4.079704761505127,13982235
2012-11-06,5.610000133514404,5.619999885559082,5.519999980926514,5.559999942779541,4.028980255126953,4055000
2012-11-07,5.550000190734863,5.809999942779541,5.550000190734863,5.78000020980835,4.188400745391846,12190884
2012-11-08,5.800000190734863,5.840000152587891,5.570000171661377,5.679999828338623,4.115935325622559,11030000
2012-11-09,5.599999904632568,5.639999866485596,5.5,5.519999980926514,3.9999945163726807,7040000
2012-11-12,5.550000190734863,5.639999866485596,5.550000190734863,5.619999885559082,4.072458744049072,3987000
2012-11-13,5.579999923706055,5.639999866485596,5.400000095367432,5.449999809265137,3.949270009994507,5202320
2012-11-14,5.429999828338623,5.579999923706055,5.409999847412109,5.5,3.985502243041992,3301000
2012-11-15,5.429999828338623,6.019999980926514,5.429999828338623,5.940000057220459,4.304341793060303,14361134
2012-11-16,5.889999866485596,6.139999866485596,5.739999771118164,5.989999771118164,4.340573787689209,15722000
2012-11-19,6.0,6.150000095367432,5.909999847412109,6.03000020980835,4.369559288024902,5200000
2012-11-20,6.019999980926514,6.150000095367432,5.949999809265137,5.96999979019165,4.326081275939941,6725000
2012-11-21,5.989999771118164,6.019999980926514,5.929999828338623,5.940000057220459,4.304341793060303,4860000
2012-11-22,5.949999809265137,5.96999979019165,5.940000057220459,5.960000038146973,4.31883430480957,2849158
2012-11-23,5.980000019073486,6.210000038146973,5.980000019073486,6.199999809265137,4.4927473068237305,10748000
2012-11-26,6.190000057220459,6.199999809265137,6.130000114440918,6.170000076293945,4.471008777618408,4625994
2012-11-27,6.130000114440918,6.190000057220459,6.099999904632568,6.170000076293945,4.471008777618408,1566000
2012-11-28,6.099999904632568,6.139999866485596,6.059999942779541,6.090000152587891,4.413037300109863,1864000
2012-11-29,6.099999904632568,6.400000095367432,6.099999904632568,6.400000095367432,4.637674808502197,7860000
2012-11-30,6.400000095367432,6.400000095367432,6.210000038146973,6.340000152587891,4.594196796417236,2394000
2012-12-03,6.340000152587891,6.340000152587891,6.199999809265137,6.239999771118164,4.521732330322266,5223000
2012-12-04,6.190000057220459,6.199999809265137,6.159999847412109,6.199999809265137,4.4927473068237305,3526000
2012-12-05,6.199999809265137,6.5,6.130000114440918,6.400000095367432,4.637674808502197,5456000
2012-12-06,6.400000095367432,6.480000019073486,6.289999961853027,6.389999866485596,4.663216590881348,3554000
2012-12-07,6.380000114440918,6.449999809265137,6.300000190734863,6.349999904632568,4.634026050567627,2626686
2012-12-10,6.300000190734863,6.579999923706055,6.300000190734863,6.559999942779541,4.787278175354004,8708468
2012-12-11,6.550000190734863,6.630000114440918,6.400000095367432,6.579999923706055,4.801873207092285,3555784
2012-12-12,6.579999923706055,6.699999809265137,6.550000190734863,6.599999904632568,4.816468238830566,5711000
2012-12-13,6.550000190734863,6.599999904632568,6.320000171661377,6.360000133514404,4.641324520111084,5480000
2012-12-14,6.269999980926514,6.320000171661377,6.179999828338623,6.199999809265137,4.524560451507568,14250700
2012-12-17,6.230000019073486,6.440000057220459,6.230000019073486,6.429999828338623,4.692407131195068,9695030
2012-12-18,6.480000019073486,6.480000019073486,6.349999904632568,6.420000076293945,4.685110092163086,2474000
2012-12-19,6.429999828338623,6.429999828338623,6.329999923706055,6.340000152587891,4.626728534698486,2424000
2012-12-20,6.309999942779541,6.309999942779541,6.199999809265137,6.230000019073486,4.546453475952148,3546000
2012-12-21,6.230000019073486,6.28000020980835,6.210000038146973,6.25,4.561049461364746,3557988
2012-12-24,6.25,6.289999961853027,6.199999809265137,6.269999980926514,4.575645446777344,406000
2012-12-27,6.269999980926514,6.349999904632568,6.010000228881836,6.340000152587891,4.626728534698486,4767000
2012-12-28,6.340000152587891,6.5,6.28000020980835,6.46999979019165,4.721598148345947,5670600
2012-12-31,6.46999979019165,6.46999979019165,6.349999904632568,6.360000133514404,4.641324520111084,732000
2013-01-02,6.409999847412109,6.550000190734863,6.380000114440918,6.489999771118164,4.736193656921387,6032000
2013-01-03,6.5,6.559999942779541,6.460000038146973,6.519999980926514,4.758086204528809,2256000
2013-01-04,6.5,6.679999828338623,6.489999771118164,6.610000133514404,4.823766231536865,6524000
2013-01-07,6.599999904632568,6.78000020980835,6.559999942779541,6.75,4.925932884216309,3960000
2013-01-08,6.75,6.75,6.570000171661377,6.599999904632568,4.816468238830566,5532068
2013-01-09,6.570000171661377,6.699999809265137,6.570000171661377,6.650000095367432,4.852956295013428,4134160
2013-01-10,6.75,6.800000190734863,6.579999923706055,6.769999980926514,4.94052791595459,3827267
2013-01-11,6.760000228881836,6.800000190734863,6.349999904632568,6.360000133514404,4.641324520111084,13278700
2013-01-14,6.329999923706055,6.440000057220459,6.329999923706055,6.389999866485596,4.663216590881348,7016100
2013-01-15,6.440000057220459,6.550000190734863,6.400000095367432,6.480000019073486,4.728896141052246,9169000
2013-01-16,6.480000019073486,6.539999961853027,6.369999885559082,6.420000076293945,4.685110092163086,6037000
2013-01-17,6.449999809265137,6.449999809265137,6.389999866485596,6.440000057220459,4.699704647064209,1932000
2013-01-18,6.440000057220459,6.5,6.440000057220459,6.46999979019165,4.721598148345947,1656000
2013-01-21,6.46999979019165,6.53000020980835,6.389999866485596,6.480000019073486,4.728896141052246,1832000
2013-01-22,6.539999961853027,6.539999961853027,6.440000057220459,6.510000228881836,4.750789642333984,1588000
2013-01-23,6.510000228881836,6.960000038146973,6.510000228881836,6.769999980926514,4.94052791595459,8517000
2013-01-24,6.789999961853027,7.03000020980835,6.75,7.0,5.108375072479248,10122000
2013-01-25,7.070000171661377,7.099999904632568,6.75,6.760000228881836,4.933231353759766,5019000
2013-01-28,6.699999809265137,6.980000019073486,6.699999809265137,6.96999979019165,5.086482048034668,6228000
2013-01-29,7.019999980926514,7.019999980926514,6.840000152587891,6.980000019073486,5.093780994415283,2380000
2013-01-30,6.989999771118164,7.130000114440918,6.980000019073486,7.050000190734863,5.144864082336426,6546000
2013-01-31,7.099999904632568,7.059999942779541,6.949999809265137,7.0,5.108375072479248,1592000
2013-02-01,6.980000019073486,7.150000095367432,6.920000076293945,7.150000095367432,5.217840194702148,4222000
2013-02-04,7.300000190734863,7.53000020980835,7.199999809265137,7.28000020980835,5.312710762023926,8225132
2013-02-05,7.199999809265137,7.400000095367432,7.110000133514404,7.269999980926514,5.305413722991943,3824000
2013-02-06,7.300000190734863,7.519999980926514,7.300000190734863,7.510000228881836,5.480556488037109,5677500
2013-02-07,7.519999980926514,7.519999980926514,7.190000057220459,7.289999961853027,5.320008277893066,5032061
2013-02-08,7.199999809265137,7.349999904632568,7.199999809265137,7.21999979019165,5.268924236297607,2631000
2013-02-14,7.099999904632568,7.400000095367432,7.099999904632568,7.340000152587891,5.356496810913086,3742883
2013-02-15,7.369999885559082,7.519999980926514,7.329999923706055,7.5,5.473259925842285,3470000
2013-02-18,7.5,7.5,7.340000152587891,7.449999809265137,5.436771392822266,7947000
2013-02-19,7.5,7.650000095367432,7.5,7.579999923706055,5.53164005279541,5506000
2013-02-20,7.800000190734863,8.25,7.699999809265137,8.180000305175781,5.969500541687012,14452000
2013-02-21,8.100000381469727,8.15999984741211,7.989999771118164,8.050000190734863,5.874632358551025,7545035
2013-02-22,8.0,8.0600004196167,7.900000095367432,8.010000228881836,5.8454413414001465,5817000
2013-02-25,7.960000038146973,8.380000114440918,7.960000038146973,8.180000305175781,5.969500541687012,11861000
2013-02-26,8.119999885559082,8.289999961853027,8.029999732971191,8.1899995803833,5.976799488067627,4257000
2013-02-27,8.1899995803833,8.25,8.050000190734863,8.170000076293945,5.962203502655029,7342000
2013-02-28,8.199999809265137,8.25,8.199999809265137,8.25,6.020585536956787,2080000
2013-03-01,8.229999542236328,8.430000305175781,8.170000076293945,8.270000457763672,6.035181045532227,8302000
2013-03-04,8.1899995803833,8.329999923706055,8.1899995803833,8.220000267028809,5.998692512512207,2450000
2013-03-05,8.199999809265137,8.65999984741211,8.199999809265137,8.430000305175781,6.151944160461426,6594000
2013-03-06,8.479999542236328,8.510000228881836,8.170000076293945,8.260000228881836,6.0278825759887695,8951163
2013-03-07,8.279999732971191,8.5,8.199999809265137,8.220000267028809,5.998692512512207,5016407
2013-03-08,8.229999542236328,8.3100004196167,8.199999809265137,8.199999809265137,5.984096527099609,3670000
2013-03-11,8.199999809265137,8.300000190734863,8.199999809265137,8.270000457763672,6.035181045532227,3728000
2013-03-12,8.300000190734863,8.3100004196167,8.220000267028809,8.260000228881836,6.0278825759887695,3710700
2013-03-13,8.25,8.260000228881836,8.140000343322754,8.210000038146973,5.991394519805908,2933665
2013-03-14,8.180000305175781,8.229999542236328,8.100000381469727,8.210000038146973,5.991394519805908,3340000
2013-03-15,8.199999809265137,8.300000190734863,8.149999618530273,8.25,6.020585536956787,7359302
2013-03-18,8.170000076293945,8.170000076293945,7.630000114440918,7.670000076293945,5.597320079803467,6192603
2013-03-19,7.659999847412109,7.849999904632568,7.659999847412109,7.75,5.655701637268066,6575329
2013-03-20,7.699999809265137,7.710000038146973,7.460000038146973,7.570000171661377,5.524343490600586,5596000
2013-03-21,7.610000133514404,7.96999979019165,7.610000133514404,7.78000020980835,5.677594184875488,6305600
2013-03-22,7.820000171661377,7.820000171661377,7.619999885559082,7.650000095367432,5.582724571228027,1780000
2013-03-25,7.650000095367432,7.75,7.380000114440918,7.400000095367432,5.400283336639404,4425332
2013-03-26,7.380000114440918,7.380000114440918,7.230000019073486,7.329999923706055,5.349198341369629,4590000
2013-03-27,7.300000190734863,7.639999866485596,7.300000190734863,7.539999961853027,5.5024495124816895,3786000
2013-03-28,7.460000038146973,7.610000133514404,7.420000076293945,7.510000228881836,5.480556488037109,5408400
2013-04-02,7.480000019073486,7.690000057220459,7.400000095367432,7.579999923706055,5.53164005279541,2425500
2013-04-03,7.619999885559082,7.699999809265137,7.619999885559082,7.639999866485596,5.575427055358887,3008153
2013-04-05,7.650000095367432,7.650000095367432,6.960000038146973,7.139999866485596,5.210542678833008,8162000
2013-04-08,7.0,7.300000190734863,6.960000038146973,7.159999847412109,5.2251386642456055,3471000
2013-04-09,7.150000095367432,7.550000190734863,7.150000095367432,7.519999980926514,5.487854480743408,4670461
2013-04-10,7.639999866485596,7.639999866485596,7.349999904632568,7.599999904632568,5.546236038208008,6690108
2013-04-11,7.539999961853027,7.599999904632568,7.489999771118164,7.5,5.473259925842285,4300000
2013-04-12,7.5,7.550000190734863,7.269999980926514,7.309999942779541,5.334603309631348,2022000
2013-04-15,7.210000038146973,7.519999980926514,7.210000038146973,7.349999904632568,5.363794803619385,4320800
2013-04-16,7.210000038146973,7.309999942779541,7.199999809265137,7.239999771118164,5.2835187911987305,2758200
2013-04-17,7.369999885559082,7.420000076293945,7.309999942779541,7.409999847412109,5.407580375671387,4852700
2013-04-18,7.369999885559082,7.369999885559082,7.010000228881836,7.03000020980835,5.130269527435303,9769880
2013-04-19,7.079999923706055,7.179999828338623,7.059999942779541,7.110000133514404,5.188650131225586,6390294
2013-04-22,7.110000133514404,7.400000095367432,7.110000133514404,7.360000133514404,5.371091842651367,6554000
2013-04-23,7.349999904632568,7.570000171661377,7.25,7.559999942779541,5.517045021057129,8579000
2013-04-24,7.579999923706055,7.800000190734863,7.550000190734863,7.800000190734863,5.6921892166137695,6966000
2013-04-25,7.800000190734863,8.149999618530273,7.800000190734863,8.130000114440918,5.933012962341309,11082700
2013-04-26,8.079999923706055,8.130000114440918,7.989999771118164,8.010000228881836,5.8454413414001465,8242227
2013-04-29,8.020000457763672,8.109999656677246,7.840000152587891,8.0,5.8381428718566895,3619530
2013-04-30,8.0,8.119999885559082,8.0,8.079999923706055,5.896524429321289,3142000
2013-05-02,8.079999923706055,8.300000190734863,8.010000228881836,8.119999885559082,5.925715446472168,5656300
2013-05-03,8.119999885559082,8.279999732971191,8.119999885559082,8.270000457763672,6.035181045532227,3394000
2013-05-06,8.3100004196167,8.699999809265137,8.3100004196167,8.6899995803833,6.341681957244873,8037280
2013-05-07,8.5600004196167,8.600000381469727,8.359999656677246,8.460000038146973,6.173837661743164,4881800
2013-05-08,8.460000038146973,8.5600004196167,8.369999885559082,8.399999618530273,6.130050182342529,3640505
2013-05-09,8.399999618530273,8.449999809265137,8.25,8.289999961853027,6.04977560043335,3337081
2013-05-10,8.25,8.350000381469727,8.0600004196167,8.119999885559082,5.925715446472168,7267000
2013-05-13,8.09000015258789,8.479999542236328,8.09000015258789,8.350000381469727,6.093562126159668,2803000
2013-05-14,8.3100004196167,8.479999542236328,8.25,8.350000381469727,6.093562126159668,1458000
2013-05-15,8.289999961853027,8.600000381469727,8.289999961853027,8.550000190734863,6.239515781402588,3789766
2013-05-16,8.510000228881836,8.649999618530273,8.359999656677246,8.619999885559082,6.2905988693237305,6380000
2013-05-20,8.5600004196167,8.630000114440918,8.369999885559082,8.449999809265137,6.166538238525391,3663074
2013-05-21,8.449999809265137,8.619999885559082,8.449999809265137,8.600000381469727,6.276004314422607,2014224
2013-05-22,8.600000381469727,8.850000381469727,8.449999809265137,8.720000267028809,6.363576889038086,3221000
2013-05-23,8.800000190734863,8.800000190734863,8.399999618530273,8.5,6.20302677154541,2713016
2013-05-24,8.399999618530273,8.600000381469727,8.390000343322754,8.470000267028809,6.1811347007751465,1921500
2013-05-27,8.289999961853027,8.470000267028809,8.289999961853027,8.430000305175781,6.151944160461426,1412000
2013-05-28,8.380000114440918,8.699999809265137,8.289999961853027,8.640000343322754,6.30519437789917,1699000
2013-05-29,8.569999694824219,8.680000305175781,8.529999732971191,8.539999961853027,6.232217311859131,1894000
2013-05-30,8.539999961853027,8.640000343322754,8.449999809265137,8.529999732971191,6.22491979598999,2292000
2013-05-31,8.529999732971191,8.800000190734863,8.520000457763672,8.680000305175781,6.334384918212891,4344200
2013-06-03,8.579999923706055,8.579999923706055,7.820000171661377,8.479999542236328,6.188432216644287,2837653
2013-06-04,8.479999542236328,8.699999809265137,8.479999542236328,8.6899995803833,6.341681957244873,1237000
2013-06-05,8.619999885559082,8.720000267028809,8.399999618530273,8.460000038146973,6.173837661743164,2424000
2013-06-06,8.350000381469727,8.380000114440918,8.109999656677246,8.15999984741211,5.9549055099487305,3576000
2013-06-07,8.300000190734863,8.350000381469727,8.109999656677246,8.229999542236328,6.005989074707031,2279416
2013-06-10,8.260000228881836,8.420000076293945,8.180000305175781,8.1899995803833,5.976799488067627,1502000
2013-06-11,8.069999694824219,8.350000381469727,8.069999694824219,8.199999809265137,5.984096527099609,2772816
2013-06-13,8.180000305175781,8.180000305175781,7.619999885559082,7.920000076293945,5.779761791229248,7326486
2013-06-14,8.0,8.199999809265137,7.960000038146973,8.079999923706055,5.896524429321289,3344900
2013-06-17,8.140000343322754,8.319999694824219,8.140000343322754,8.220000267028809,5.998692512512207,8198000
2013-06-18,8.170000076293945,8.25,8.100000381469727,8.109999656677246,5.918417930603027,2945076
2013-06-19,8.140000343322754,8.270000457763672,8.119999885559082,8.199999809265137,5.984096527099609,3703992
2013-06-20,8.100000381469727,8.149999618530273,7.71999979019165,7.730000019073486,5.6411051750183105,13873304
2013-06-21,7.5,7.650000095367432,7.25,7.440000057220459,5.429472923278809,12817167
2013-06-24,7.300000190734863,7.389999866485596,7.019999980926514,7.119999885559082,5.195947647094727,9226800
2013-06-25,6.960000038146973,7.099999904632568,6.900000095367432,7.03000020980835,5.130269527435303,7533000
2013-06-26,7.150000095367432,7.659999847412109,7.150000095367432,7.510000228881836,5.480556488037109,12254363
2013-06-27,7.730000019073486,7.949999809265137,7.710000038146973,7.800000190734863,5.6921892166137695,17064300
2013-06-28,7.800000190734863,7.840000152587891,7.519999980926514,7.699999809265137,5.619212627410889,7408000
2013-07-02,7.699999809265137,7.809999942779541,7.420000076293945,7.46999979019165,5.451366424560547,6914000
2013-07-03,7.5,7.550000190734863,7.099999904632568,7.309999942779541,5.334603309631348,13163200
2013-07-04,7.440000057220459,7.480000019073486,7.309999942779541,7.360000133514404,5.371091842651367,3939850
2013-07-05,7.400000095367432,7.550000190734863,7.340000152587891,7.380000114440918,5.385686874389648,3707580
2013-07-08,7.380000114440918,7.449999809265137,7.300000190734863,7.349999904632568,5.363794803619385,6046638
2013-07-09,7.380000114440918,7.400000095367432,7.300000190734863,7.400000095367432,5.400283336639404,3922567
2013-07-10,7.360000133514404,7.5,7.300000190734863,7.489999771118164,5.465961456298828,2115380
2013-07-11,7.460000038146973,7.75,7.460000038146973,7.739999771118164,5.648404121398926,3708000
2013-07-12,8.0,8.0,7.78000020980835,7.800000190734863,5.6921892166137695,4280000
2013-07-15,7.800000190734863,7.900000095367432,7.659999847412109,7.800000190734863,5.6921892166137695,3284000
2013-07-16,7.800000190734863,7.920000076293945,7.659999847412109,7.880000114440918,5.750571250915527,3206000
2013-07-17,7.800000190734863,7.900000095367432,7.760000228881836,7.880000114440918,5.750571250915527,3149000
2013-07-18,7.900000095367432,7.900000095367432,7.730000019073486,7.849999904632568,5.728678226470947,3020000
2013-07-19,7.849999904632568,7.849999904632568,7.769999980926514,7.800000190734863,5.6921892166137695,1164000
2013-07-22,7.789999961853027,7.849999904632568,7.679999828338623,7.820000171661377,5.706785202026367,1604000
2013-07-23,7.809999942779541,7.989999771118164,7.809999942779541,7.96999979019165,5.816249847412109,4203100
2013-07-24,7.980000019073486,8.300000190734863,7.96999979019165,8.010000228881836,5.8454413414001465,11587455
2013-07-25,7.980000019073486,8.050000190734863,7.820000171661377,7.980000019073486,5.82354736328125,3800000
2013-07-26,7.929999828338623,7.980000019073486,7.880000114440918,7.900000095367432,5.765167236328125,1892000
2013-07-29,7.800000190734863,7.929999828338623,7.71999979019165,7.769999980926514,5.670296669006348,3563500
2013-07-30,7.699999809265137,7.880000114440918,7.699999809265137,7.820000171661377,5.706785202026367,1537035
2013-07-31,7.769999980926514,7.920000076293945,7.730000019073486,7.730000019073486,5.6411051750183105,2104000
2013-08-01,7.730000019073486,7.960000038146973,7.730000019073486,7.920000076293945,5.779761791229248,3420672
2013-08-02,7.940000057220459,8.0,7.880000114440918,7.960000038146973,5.808952808380127,2860544
2013-08-05,8.0,8.140000343322754,7.980000019073486,8.109999656677246,5.918417930603027,4588221
2013-08-06,8.100000381469727,8.270000457763672,8.010000228881836,8.199999809265137,5.984096527099609,5536000
2013-08-07,8.180000305175781,8.430000305175781,8.180000305175781,8.390000343322754,6.122753143310547,8731313
2013-08-08,8.350000381469727,8.390000343322754,8.149999618530273,8.329999923706055,6.07896614074707,3208000
2013-08-09,8.319999694824219,8.319999694824219,8.25,8.270000457763672,6.035181045532227,1326000
2013-08-12,8.270000457763672,8.390000343322754,8.199999809265137,8.350000381469727,6.093562126159668,3334000
2013-08-13,8.350000381469727,8.390000343322754,8.260000228881836,8.300000190734863,6.057074069976807,7577800
2013-08-14,8.300000190734863,8.300000190734863,8.300000190734863,8.300000190734863,6.057074069976807,0
2013-08-15,8.199999809265137,8.329999923706055,8.15999984741211,8.1899995803833,5.976799488067627,2793180
2013-08-16,8.140000343322754,8.270000457763672,8.069999694824219,8.100000381469727,5.9111199378967285,2888105
2013-08-19,8.09000015258789,8.220000267028809,8.0600004196167,8.130000114440918,5.933012962341309,5179196
2013-08-20,8.130000114440918,8.319999694824219,8.130000114440918,8.220000267028809,5.998692512512207,7640000
2013-08-21,8.170000076293945,8.180000305175781,8.050000190734863,8.130000114440918,5.933012962341309,2584814
2013-08-22,8.050000190734863,8.300000190734863,8.050000190734863,8.170000076293945,5.962203502655029,2743815
2013-08-23,8.199999809265137,8.350000381469727,8.170000076293945,8.220000267028809,5.998692512512207,2802000
2013-08-26,8.100000381469727,8.180000305175781,7.5,8.149999618530273,5.984007358551025,1295010
2013-08-27,8.119999885559082,8.210000038146973,8.100000381469727,8.140000343322754,5.976665496826172,1248000
2013-08-28,8.0,8.0600004196167,7.960000038146973,8.020000457763672,5.888557434082031,1630000
2013-08-29,8.020000457763672,8.229999542236328,8.020000457763672,8.229999542236328,6.042745590209961,3023300
2013-08-30,8.25,8.319999694824219,8.25,8.3100004196167,6.101485252380371,4068000
2013-09-02,8.300000190734863,8.350000381469727,8.199999809265137,8.350000381469727,6.130854606628418,1710000
2013-09-03,8.380000114440918,8.399999618530273,8.260000228881836,8.279999732971191,6.079457759857178,1232000
2013-09-04,8.279999732971191,8.329999923706055,8.170000076293945,8.289999961853027,6.0868000984191895,1826441
2013-09-05,8.300000190734863,8.300000190734863,8.170000076293945,8.199999809265137,6.020719051361084,2164000
2013-09-06,8.199999809265137,8.260000228881836,8.130000114440918,8.130000114440918,5.969322204589844,762047
2013-09-09,8.1899995803833,8.300000190734863,8.050000190734863,8.300000190734863,6.094142913818359,1784000
2013-09-10,8.300000190734863,8.779999732971191,8.300000190734863,8.739999771118164,6.417205333709717,9855001
2013-09-11,8.739999771118164,8.859999656677246,8.59000015258789,8.75,6.424548149108887,4333332
2013-09-12,8.720000267028809,8.819999694824219,8.609999656677246,8.770000457763672,6.439231872558594,2320749
2013-09-13,8.770000457763672,8.899999618530273,8.75,8.800000190734863,6.461258888244629,3458000
2013-09-16,8.949999809265137,9.100000381469727,8.899999618530273,9.0,6.60810661315918,3965000
2013-09-17,8.960000038146973,9.079999923706055,8.960000038146973,9.0600004196167,6.652161598205566,3023196
2013-09-18,9.010000228881836,9.079999923706055,8.979999542236328,9.039999961853027,6.63747501373291,1736000
2013-09-19,9.079999923706055,9.3100004196167,9.079999923706055,9.100000381469727,6.681529998779297,2998000
2013-09-23,9.100000381469727,9.279999732971191,9.039999961853027,9.109999656677246,6.68887186050415,2770029
2013-09-24,9.039999961853027,9.140000343322754,8.979999542236328,9.0,6.60810661315918,2262407
2013-09-25,8.979999542236328,9.010000228881836,8.899999618530273,8.90999984741211,6.542024612426758,3131000
2013-09-26,8.9399995803833,8.9399995803833,8.729999542236328,8.819999694824219,6.475943088531494,7017000
2013-09-27,8.770000457763672,8.829999923706055,8.699999809265137,8.779999732971191,6.446575164794922,3865000
2013-09-30,8.779999732971191,8.899999618530273,8.739999771118164,8.75,6.424548149108887,5610871
2013-10-02,8.899999618530273,9.140000343322754,8.899999618530273,8.989999771118164,6.60076379776001,6664402
2013-10-03,8.989999771118164,9.09000015258789,8.989999771118164,9.039999961853027,6.63747501373291,1457000
2013-10-04,9.0,9.279999732971191,8.880000114440918,9.270000457763672,6.806349754333496,4972000
2013-10-07,9.25,9.25,9.079999923706055,9.119999885559082,6.696214199066162,1510000
2013-10-08,9.050000190734863,9.09000015258789,8.949999809265137,8.970000267028809,6.586080551147461,3684946
2013-10-09,8.899999618530273,8.899999618530273,8.649999618530273,8.710000038146973,6.395178318023682,6682362
2013-10-10,8.6899995803833,8.6899995803833,8.199999809265137,8.199999809265137,6.020719051361084,17245364
2013-10-11,8.199999809265137,8.359999656677246,8.170000076293945,8.300000190734863,6.094142913818359,10765942
2013-10-15,8.25,8.609999656677246,8.25,8.550000190734863,6.2777018547058105,19482800
2013-10-16,8.649999618530273,8.649999618530273,8.359999656677246,8.380000114440918,6.152881622314453,5801710
2013-10-17,8.5,8.5,8.25,8.270000457763672,6.072115898132324,5415160
2013-10-18,8.399999618530273,8.399999618530273,8.270000457763672,8.300000190734863,6.094142913818359,4748000
2013-10-21,8.3100004196167,8.5,8.3100004196167,8.399999618530273,6.167565822601318,3866043
2013-10-22,8.399999618530273,8.479999542236328,8.369999885559082,8.470000267028809,6.218962669372559,3852000
2013-10-23,8.470000267028809,8.5,8.25,8.260000228881836,6.064774036407471,5322261
2013-10-24,8.220000267028809,8.369999885559082,8.199999809265137,8.329999923706055,6.11616849899292,4089000
2013-10-25,8.350000381469727,8.460000038146973,8.329999923706055,8.350000381469727,6.130854606628418,8551317
2013-10-28,8.350000381469727,8.420000076293945,8.350000381469727,8.369999885559082,6.145538806915283,2361000
2013-10-29,8.399999618530273,8.40999984741211,8.170000076293945,8.239999771118164,6.050088405609131,2635997
2013-10-30,8.3100004196167,8.4399995803833,8.289999961853027,8.3100004196167,6.101485252380371,3016000
2013-10-31,8.289999961853027,8.5,8.289999961853027,8.460000038146973,6.211620807647705,2386700
2013-11-01,8.539999961853027,8.539999961853027,8.350000381469727,8.390000343322754,6.160223960876465,2529000
2013-11-04,8.5600004196167,8.5600004196167,8.3100004196167,8.4399995803833,6.196935176849365,2328001
2013-11-05,8.449999809265137,8.449999809265137,8.359999656677246,8.420000076293945,6.1822509765625,1453789
2013-11-06,8.420000076293945,8.529999732971191,8.40999984741211,8.520000457763672,6.255674362182617,2985878
2013-11-07,8.520000457763672,8.550000190734863,8.430000305175781,8.460000038146973,6.211620807647705,2746517
2013-11-08,8.460000038146973,8.460000038146973,8.289999961853027,8.300000190734863,6.094142913818359,1928000
2013-11-11,8.300000190734863,8.40999984741211,8.199999809265137,8.359999656677246,6.1381964683532715,4101375
2013-11-12,8.390000343322754,8.390000343322754,8.25,8.300000190734863,6.094142913818359,1997000
2013-11-13,8.260000228881836,8.34000015258789,8.170000076293945,8.180000305175781,6.0060343742370605,4555900
2013-11-14,8.199999809265137,8.3100004196167,8.0600004196167,8.09000015258789,5.939952850341797,6214084
2013-11-15,8.09000015258789,8.279999732971191,8.069999694824219,8.260000228881836,6.064774036407471,6762013
2013-11-18,8.260000228881836,8.649999618530273,8.260000228881836,8.649999618530273,6.3511247634887695,11168400
2013-11-19,8.850000381469727,8.989999771118164,8.630000114440918,8.960000038146973,6.578736782073975,16092000
2013-11-20,8.960000038146973,9.0,8.84000015258789,8.920000076293945,6.549368381500244,5109500
2013-11-21,8.899999618530273,8.899999618530273,8.760000228881836,8.779999732971191,6.446575164794922,4232000
2013-11-22,8.869999885559082,9.0,8.800000190734863,8.84000015258789,6.490627765655518,2164000
2013-11-25,8.880000114440918,8.989999771118164,8.859999656677246,8.960000038146973,6.578736782073975,3020900
2013-11-26,8.949999809265137,9.119999885559082,8.90999984741211,9.100000381469727,6.681529998779297,5123900
2013-11-27,9.029999732971191,9.210000038146973,8.930000305175781,9.149999618530273,6.7182416915893555,4710344
2013-11-28,9.149999618530273,9.25,9.069999694824219,9.170000076293945,6.732926368713379,2398800
2013-11-29,9.079999923706055,9.149999618530273,8.9399995803833,9.029999732971191,6.63013219833374,3708000
2013-12-02,9.0600004196167,9.149999618530273,9.029999732971191,9.100000381469727,6.681529998779297,2949400
2013-12-03,9.100000381469727,9.149999618530273,9.039999961853027,9.119999885559082,6.696214199066162,2636000
2013-12-04,9.109999656677246,9.15999984741211,9.050000190734863,9.140000343322754,6.710899353027344,3586347
2013-12-05,9.079999923706055,9.100000381469727,8.970000267028809,9.0,6.640802383422852,3316000
2013-12-06,9.0,9.010000228881836,8.800000190734863,8.989999771118164,6.633422374725342,2558543
2013-12-09,8.949999809265137,8.949999809265137,8.890000343322754,8.9399995803833,6.596529006958008,3523000
2013-12-10,8.9399995803833,9.029999732971191,8.800000190734863,8.920000076293945,6.581772804260254,2332800
2013-12-11,9.0,9.100000381469727,8.960000038146973,9.020000457763672,6.6555585861206055,4700155
2013-12-12,9.0,9.020000457763672,8.9399995803833,8.949999809265137,6.603909015655518,2738780
2013-12-13,8.84000015258789,8.949999809265137,8.710000038146973,8.739999771118164,6.448955535888672,4662894
2013-12-16,8.699999809265137,8.729999542236328,8.539999961853027,8.640000343322754,6.3751702308654785,5393631
2013-12-17,8.699999809265137,8.869999885559082,8.699999809265137,8.789999961853027,6.485850811004639,3796027
2013-12-18,8.699999809265137,8.899999618530273,8.699999809265137,8.869999885559082,6.54487943649292,3031972
2013-12-19,9.0,9.039999961853027,8.9399995803833,9.0,6.640802383422852,6243106
2013-12-20,9.0,9.0,8.630000114440918,8.75,6.456335544586182,3058000
2013-12-23,8.75,8.800000190734863,8.710000038146973,8.720000267028809,6.43419885635376,1084302
2013-12-24,8.699999809265137,8.960000038146973,8.699999809265137,8.960000038146973,6.6112871170043945,1559379
2013-12-27,8.960000038146973,9.0,8.899999618530273,8.970000267028809,6.61866569519043,1546000
2013-12-30,8.979999542236328,8.979999542236328,8.8100004196167,8.899999618530273,6.567015647888184,1598000
2013-12-31,8.880000114440918,9.119999885559082,8.880000114440918,9.09000015258789,6.707209587097168,2232920
2014-01-02,9.149999618530273,9.149999618530273,8.890000343322754,8.890000343322754,6.559636116027832,1302000
2014-01-03,8.90999984741211,8.949999809265137,8.699999809265137,8.800000190734863,6.493227481842041,2609000
2014-01-06,8.880000114440918,8.880000114440918,8.699999809265137,8.739999771118164,6.448955535888672,1486270
2014-01-07,8.90999984741211,8.90999984741211,8.699999809265137,8.819999694824219,6.507985591888428,1002878
2014-01-08,8.850000381469727,9.0,8.850000381469727,8.989999771118164,6.633422374725342,1978300
2014-01-09,9.050000190734863,9.100000381469727,9.0,9.020000457763672,6.6555585861206055,2792500
2014-01-10,8.920000076293945,8.920000076293945,8.199999809265137,8.489999771118164,6.264488697052002,21009200
2014-01-13,8.460000038146973,8.460000038146973,7.960000038146973,8.029999732971191,5.925069808959961,12312928
2014-01-14,8.0,8.100000381469727,7.800000190734863,7.880000114440918,5.814390659332275,10348668
2014-01-15,8.0,8.119999885559082,7.849999904632568,8.0,5.902935028076172,8256000
2014-01-16,8.069999694824219,8.09000015258789,7.980000019073486,7.980000019073486,5.888177871704102,5124000
2014-01-17,7.980000019073486,8.0,7.809999942779541,7.829999923706055,5.7774977684021,7571756
2014-01-20,7.829999923706055,7.860000133514404,7.449999809265137,7.460000038146973,5.504487037658691,11376000
2014-01-21,7.5,7.579999923706055,7.380000114440918,7.5,5.534001350402832,7758000
2014-01-22,7.590000152587891,7.739999771118164,7.480000019073486,7.730000019073486,5.703711032867432,10942000
2014-01-23,7.820000171661377,7.820000171661377,7.53000020980835,7.53000020980835,5.556138038635254,12083000
2014-01-24,7.53000020980835,7.599999904632568,7.449999809265137,7.449999809265137,5.497107982635498,7318000
2014-01-27,7.300000190734863,7.309999942779541,6.909999847412109,6.96999979019165,5.14293098449707,17011000
2014-01-28,7.119999885559082,7.230000019073486,7.119999885559082,7.199999809265137,5.312641143798828,15571600
2014-01-29,7.28000020980835,7.559999942779541,7.28000020980835,7.559999942779541,5.578273296356201,14141566
2014-01-30,7.449999809265137,7.449999809265137,7.25,7.429999828338623,5.482351303100586,4776000
2014-02-04,7.300000190734863,7.300000190734863,7.03000020980835,7.059999942779541,5.2093400955200195,9709421
2014-02-05,7.150000095367432,7.28000020980835,7.059999942779541,7.070000171661377,5.216718673706055,4587217
2014-02-06,7.090000152587891,7.170000076293945,7.079999923706055,7.119999885559082,5.253612041473389,5491349
2014-02-07,7.199999809265137,7.300000190734863,7.139999866485596,7.150000095367432,5.2757487297058105,5316191
2014-02-10,7.300000190734863,7.380000114440918,7.210000038146973,7.300000190734863,5.386427879333496,7942445
2014-02-11,7.400000095367432,7.5,7.300000190734863,7.400000095367432,5.4602155685424805,8117726
2014-02-12,7.440000057220459,7.510000228881836,7.110000133514404,7.190000057220459,5.305263042449951,12337000
2014-02-13,7.21999979019165,7.28000020980835,7.139999866485596,7.170000076293945,5.290505409240723,8430000
2014-02-14,7.150000095367432,7.239999771118164,7.059999942779541,7.150000095367432,5.2757487297058105,6422093
2014-02-17,7.170000076293945,7.199999809265137,7.0,7.039999961853027,5.194582462310791,9267658
2014-02-18,7.0,7.079999923706055,6.920000076293945,7.050000190734863,5.201961994171143,5136000
2014-02-19,7.059999942779541,7.079999923706055,6.980000019073486,7.010000228881836,5.1724467277526855,3654344
2014-02-20,7.0,7.059999942779541,6.920000076293945,6.960000038146973,5.135553359985352,2674776
2014-02-21,6.949999809265137,6.989999771118164,6.849999904632568,6.860000133514404,5.061766624450684,10236162
2014-02-24,6.860000133514404,6.880000114440918,6.690000057220459,6.730000019073486,4.965843677520752,5274333
2014-02-25,6.78000020980835,6.829999923706055,6.760000228881836,6.820000171661377,5.032251834869385,6640000
2014-02-26,6.820000171661377,6.949999809265137,6.820000171661377,6.909999847412109,5.098659515380859,4714874
2014-02-27,7.119999885559082,7.369999885559082,7.070000171661377,7.309999942779541,5.3938069343566895,12321976
2014-02-28,7.369999885559082,7.369999885559082,7.099999904632568,7.210000038146973,5.320019721984863,6146000
2014-03-03,7.170000076293945,7.199999809265137,7.050000190734863,7.070000171661377,5.216718673706055,4052000
2014-03-04,7.059999942779541,7.099999904632568,7.0,7.03000020980835,5.187203884124756,6375476
2014-03-05,7.070000171661377,7.139999866485596,6.940000057220459,7.039999961853027,5.194582462310791,5566878
2014-03-06,7.039999961853027,7.190000057220459,6.960000038146973,7.159999847412109,5.283126354217529,8651216
2014-03-07,7.210000038146973,7.21999979019165,7.139999866485596,7.159999847412109,5.283126354217529,4773681
2014-03-10,7.139999866485596,7.150000095367432,6.949999809265137,6.960000038146973,5.135553359985352,11049456
2014-03-11,6.940000057220459,6.949999809265137,6.78000020980835,6.829999923706055,5.039630889892578,8853752
2014-03-12,6.800000190734863,6.900000095367432,6.739999771118164,6.820000171661377,5.032251834869385,10318000
2014-03-13,6.840000152587891,6.900000095367432,6.690000057220459,6.699999809265137,4.943708419799805,3626000
2014-03-14,6.690000057220459,6.760000228881836,6.579999923706055,6.599999904632568,4.86992073059082,4808486
2014-03-17,6.599999904632568,6.75,6.599999904632568,6.699999809265137,4.943708419799805,3081000
2014-03-18,6.75,6.809999942779541,6.599999904632568,6.78000020980835,5.002737522125244,7335276
2014-03-19,6.800000190734863,6.900000095367432,6.78000020980835,6.800000190734863,5.017495632171631,3565110
2014-03-20,6.78000020980835,6.949999809265137,6.699999809265137,6.940000057220459,5.120795726776123,8656676
2014-03-21,6.909999847412109,6.989999771118164,6.800000190734863,6.849999904632568,5.05438756942749,15343195
2014-03-24,6.900000095367432,6.949999809265137,6.78000020980835,6.800000190734863,5.017495632171631,3779892
2014-03-25,6.840000152587891,6.840000152587891,6.650000095367432,6.650000095367432,4.906815528869629,6956000
2014-03-26,6.599999904632568,6.650000095367432,6.199999809265137,6.28000020980835,4.6338043212890625,19770628
2014-03-27,6.199999809265137,6.300000190734863,6.070000171661377,6.179999828338623,4.560017108917236,15855800
2014-03-28,6.159999847412109,6.28000020980835,6.099999904632568,6.199999809265137,4.57477331161499,21718686
2014-03-31,6.21999979019165,6.239999771118164,6.110000133514404,6.21999979019165,4.589531421661377,13803967
2014-04-01,6.260000228881836,6.559999942779541,6.260000228881836,6.539999961853027,4.825650215148926,8933270
2014-04-02,6.599999904632568,6.619999885559082,6.369999885559082,6.409999847412109,4.729726791381836,6368000
2014-04-03,6.480000019073486,6.570000171661377,6.409999847412109,6.519999980926514,4.810892105102539,3235861
2014-04-04,6.559999942779541,6.579999923706055,6.400000095367432,6.449999809265137,4.759240627288818,2228000
2014-04-07,6.5,6.5,6.230000019073486,6.25,4.611668109893799,4091231
2014-04-08,6.25,6.25,6.130000114440918,6.21999979019165,4.589531421661377,3747359
2014-04-09,6.179999828338623,6.449999809265137,6.179999828338623,6.409999847412109,4.729726791381836,6072000
2014-04-10,6.519999980926514,6.53000020980835,6.340000152587891,6.46999979019165,4.773998737335205,7435770
2014-04-11,6.400000095367432,6.590000152587891,6.349999904632568,6.570000171661377,4.847784996032715,8201000
2014-04-14,6.570000171661377,6.739999771118164,6.559999942779541,6.690000057220459,4.936328887939453,9255000
2014-04-15,6.699999809265137,6.699999809265137,6.449999809265137,6.460000038146973,4.76662015914917,7291000
2014-04-16,6.5,6.670000076293945,6.5,6.630000114440918,4.892057418823242,6457861
2014-04-17,6.630000114440918,6.920000076293945,6.630000114440918,6.900000095367432,5.091280937194824,10316000
2014-04-22,6.889999866485596,6.900000095367432,6.75,6.880000114440918,5.076524257659912,6055043
2014-04-23,6.880000114440918,6.900000095367432,6.820000171661377,6.840000152587891,5.047008514404297,3225000
2014-04-24,6.900000095367432,6.929999828338623,6.699999809265137,6.739999771118164,4.9732232093811035,8953200
2014-04-25,6.820000171661377,6.920000076293945,6.659999847412109,6.920000076293945,5.106039047241211,8893000
2014-04-28,6.840000152587891,6.849999904632568,6.5,6.550000190734863,4.833028316497803,10548000
2014-04-29,6.53000020980835,6.679999828338623,6.420000076293945,6.5,4.7961344718933105,6324000
2014-04-30,6.460000038146973,6.570000171661377,6.449999809265137,6.5,4.7961344718933105,2658000
2014-05-02,6.53000020980835,6.539999961853027,6.440000057220459,6.519999980926514,4.810892105102539,2182000
2014-05-05,6.5,6.5,6.349999904632568,6.360000133514404,4.692832946777344,3491000
2014-05-07,6.349999904632568,6.360000133514404,6.099999904632568,6.21999979019165,4.589531421661377,9297000
2014-05-08,5.900000095367432,5.900000095367432,5.570000171661377,5.699999809265137,4.205841541290283,29492500
2014-05-09,5.699999809265137,5.730000019073486,5.300000190734863,5.329999923706055,3.932830572128296,23425091
2014-05-12,5.309999942779541,5.480000019073486,5.03000020980835,5.340000152587891,3.9402098655700684,27292792
2014-05-13,5.360000133514404,5.610000133514404,5.340000152587891,5.599999904632568,4.132054328918457,8020710
2014-05-14,5.599999904632568,5.659999847412109,5.349999904632568,5.590000152587891,4.124675273895264,6548000
2014-05-15,5.550000190734863,5.809999942779541,5.489999771118164,5.769999980926514,4.2574920654296875,12944362
2014-05-16,5.710000038146973,5.860000133514404,5.710000038146973,5.809999942779541,4.287006855010986,11618448
2014-05-19,5.809999942779541,5.809999942779541,5.699999809265137,5.78000020980835,4.2648701667785645,7305858
2014-05-20,5.769999980926514,5.980000019073486,5.75,5.860000133514404,4.323899745941162,12238001
2014-05-21,5.860000133514404,5.860000133514404,5.789999961853027,5.800000190734863,4.279627799987793,5138526
2014-05-22,5.829999923706055,5.829999923706055,5.650000095367432,5.75,4.242734432220459,5332000
2014-05-23,5.75,5.809999942779541,5.690000057220459,5.769999980926514,4.2574920654296875,3375764
2014-05-26,5.769999980926514,5.849999904632568,5.769999980926514,5.800000190734863,4.279627799987793,3344000
2014-05-27,5.800000190734863,5.800000190734863,5.53000020980835,5.579999923706055,4.117297172546387,16704300
2014-05-28,5.570000171661377,5.570000171661377,5.440000057220459,5.449999809265137,4.021373748779297,8454000
2014-05-29,5.440000057220459,5.460000038146973,5.230000019073486,5.25,3.873800277709961,13584002
2014-05-30,5.25,5.320000171661377,5.150000095367432,5.260000228881836,3.8811798095703125,13415306
2014-06-03,5.260000228881836,5.320000171661377,5.119999885559082,5.210000038146973,3.844285488128662,8545400
2014-06-04,5.170000076293945,5.25,5.150000095367432,5.230000019073486,3.859043598175049,7132351
2014-06-05,5.230000019073486,5.440000057220459,5.190000057220459,5.420000076293945,3.9992380142211914,7858000
2014-06-06,5.420000076293945,5.489999771118164,5.320000171661377,5.380000114440918,3.969723701477051,7062000
2014-06-09,5.380000114440918,5.460000038146973,5.320000171661377,5.440000057220459,4.013996124267578,3266156
2014-06-10,5.449999809265137,5.480000019073486,5.380000114440918,5.46999979019165,4.036131381988525,3572376
2014-06-11,5.46999979019165,5.519999980926514,5.380000114440918,5.510000228881836,4.065645694732666,4787000
2014-06-12,5.460000038146973,5.659999847412109,5.460000038146973,5.610000133514404,4.13943338394165,5913000
2014-06-13,5.599999904632568,5.599999904632568,5.46999979019165,5.5,4.058267593383789,3992000
2014-06-16,5.5,5.519999980926514,5.349999904632568,5.360000133514404,3.9549667835235596,16548400
2014-06-17,5.360000133514404,5.360000133514404,5.130000114440918,5.159999847412109,3.8073928356170654,80082000
2014-06-18,5.159999847412109,5.21999979019165,5.139999866485596,5.159999847412109,3.8073928356170654,6065500
2014-06-19,5.159999847412109,5.190000057220459,5.070000171661377,5.079999923706055,3.748363971710205,6915400
2014-06-20,5.099999904632568,5.159999847412109,5.099999904632568,5.119999885559082,3.7778780460357666,9073238
2014-06-23,5.119999885559082,5.239999771118164,5.119999885559082,5.170000076293945,3.814771890640259,12111000
2014-06-24,5.139999866485596,5.210000038146973,5.139999866485596,5.150000095367432,3.8000142574310303,3572519
2014-06-25,5.190000057220459,5.199999809265137,5.099999904632568,5.139999866485596,3.7926361560821533,8348000
2014-06-26,5.150000095367432,5.320000171661377,5.139999866485596,5.300000190734863,3.9106945991516113,16405500
2014-06-27,5.309999942779541,5.309999942779541,5.159999847412109,5.170000076293945,3.814771890640259,8873443
2014-06-30,5.199999809265137,5.389999866485596,5.199999809265137,5.349999904632568,3.9475884437561035,8832000
2014-07-02,5.449999809265137,5.769999980926514,5.369999885559082,5.730000019073486,4.2279767990112305,24306108
2014-07-03,5.769999980926514,5.769999980926514,5.610000133514404,5.699999809265137,4.205841541290283,10447300
2014-07-04,5.739999771118164,5.739999771118164,5.630000114440918,5.670000076293945,4.1837053298950195,8440000
2014-07-07,5.679999828338623,5.71999979019165,5.599999904632568,5.670000076293945,4.1837053298950195,4906000
2014-07-08,5.670000076293945,5.670000076293945,5.610000133514404,5.619999885559082,4.1468119621276855,6830596
2014-07-09,5.619999885559082,5.75,5.570000171661377,5.739999771118164,4.235356330871582,7168900
2014-07-10,5.789999961853027,5.960000038146973,5.739999771118164,5.909999847412109,4.360793113708496,10536590
2014-07-11,5.920000076293945,5.96999979019165,5.800000190734863,5.940000057220459,4.38292932510376,6237329
2014-07-14,6.0,6.079999923706055,5.980000019073486,6.03000020980835,4.449337482452393,7390000
2014-07-15,6.059999942779541,6.070000171661377,5.989999771118164,6.019999980926514,4.441958427429199,4620000
2014-07-16,6.019999980926514,6.070000171661377,5.96999979019165,5.989999771118164,4.4198222160339355,3756376
2014-07-17,5.900000095367432,6.039999961853027,5.829999923706055,6.0,4.427201271057129,1764206
2014-07-18,5.900000095367432,6.0,5.900000095367432,5.900000095367432,4.353414058685303,1920915
2014-07-21,5.960000038146973,6.039999961853027,5.900000095367432,6.010000228881836,4.4345808029174805,7494936
2014-07-22,6.010000228881836,6.010000228881836,5.900000095367432,5.949999809265137,4.390307903289795,3909490
2014-07-23,5.980000019073486,6.010000228881836,5.900000095367432,5.96999979019165,4.405066013336182,1900544
2014-07-24,6.0,6.079999923706055,5.989999771118164,6.019999980926514,4.441958427429199,11250000
2014-07-25,6.019999980926514,6.050000190734863,5.699999809265137,6.050000190734863,4.464094161987305,2800000
2014-07-28,6.019999980926514,6.050000190734863,5.980000019073486,6.03000020980835,4.449337482452393,1692000
2014-07-29,6.050000190734863,6.070000171661377,5.960000038146973,6.019999980926514,4.441958427429199,2628000
2014-07-30,6.03000020980835,6.050000190734863,5.980000019073486,6.03000020980835,4.449337482452393,4079456
2014-07-31,6.119999885559082,6.260000228881836,6.0,6.190000057220459,4.56739616394043,6256000
2014-08-01,6.099999904632568,6.340000152587891,6.099999904632568,6.309999942779541,4.655940055847168,6941000
2014-08-04,6.260000228881836,6.289999961853027,6.159999847412109,6.199999809265137,4.57477331161499,4900626
2014-08-05,6.269999980926514,6.269999980926514,6.070000171661377,6.099999904632568,4.500988006591797,5042000
2014-08-06,6.099999904632568,6.130000114440918,6.039999961853027,6.050000190734863,4.464094161987305,4032000
2014-08-07,6.050000190734863,6.099999904632568,6.039999961853027,6.050000190734863,4.464094161987305,2370396
2014-08-08,6.039999961853027,6.050000190734863,6.019999980926514,6.039999961853027,4.456716060638428,1085000
2014-08-11,6.039999961853027,6.179999828338623,5.989999771118164,6.139999866485596,4.5305023193359375,4736000
2014-08-12,6.170000076293945,6.619999885559082,6.170000076293945,6.579999923706055,4.855164527893066,16670000
2014-08-13,6.590000152587891,6.909999847412109,6.5,6.800000190734863,5.017495632171631,15283000
2014-08-14,6.820000171661377,6.820000171661377,6.519999980926514,6.539999961853027,4.825650215148926,7497440
2014-08-15,6.579999923706055,6.699999809265137,6.53000020980835,6.539999961853027,4.825650215148926,3385116
2014-08-18,6.5,6.599999904632568,6.349999904632568,6.429999828338623,4.744483947753906,4608000
2014-08-19,6.5,6.550000190734863,6.360000133514404,6.389999866485596,4.714969158172607,3978000
2014-08-20,6.420000076293945,6.46999979019165,6.230000019073486,6.260000228881836,4.619047164916992,8564000
2014-08-21,6.260000228881836,6.320000171661377,6.119999885559082,6.21999979019165,4.589531421661377,7198000
2014-08-22,6.230000019073486,6.269999980926514,6.079999923706055,6.119999885559082,4.515744686126709,12528000
2014-08-25,6.0,6.039999961853027,5.909999847412109,5.989999771118164,4.459903240203857,9326000
2014-08-26,6.0,6.179999828338623,5.960000038146973,6.159999847412109,4.586477756500244,8206000
2014-08-27,6.150000095367432,6.170000076293945,6.0,6.059999942779541,4.512022495269775,4988000
2014-08-28,6.059999942779541,6.139999866485596,6.0,6.039999961853027,4.49713134765625,2659000
2014-08-29,6.059999942779541,6.099999904632568,6.019999980926514,6.050000190734863,4.504576683044434,2124000
2014-09-01,6.090000152587891,6.150000095367432,6.059999942779541,6.110000133514404,4.54925012588501,2082000
2014-09-02,6.099999904632568,6.449999809265137,6.079999923706055,6.289999961853027,4.6832709312438965,6217000
2014-09-03,6.340000152587891,6.349999904632568,6.199999809265137,6.28000020980835,4.675825595855713,2998626
2014-09-04,6.25,6.349999904632568,6.25,6.260000228881836,4.660934925079346,4182000
2014-09-05,6.25,6.329999923706055,6.079999923706055,6.110000133514404,4.54925012588501,5132369
2014-09-08,6.099999904632568,6.119999885559082,5.840000152587891,5.929999828338623,4.415229797363281,12665100
2014-09-10,5.949999809265137,6.0,5.820000171661377,5.840000152587891,4.348219871520996,6115340
2014-09-11,5.840000152587891,5.940000057220459,5.840000152587891,5.920000076293945,4.407784461975098,1604000
2014-09-12,5.900000095367432,5.949999809265137,5.820000171661377,5.880000114440918,4.378002166748047,3782000
2014-09-15,5.900000095367432,5.900000095367432,5.760000228881836,5.809999942779541,4.325883388519287,2084000
2014-09-16,5.800000190734863,5.880000114440918,5.78000020980835,5.789999961853027,4.3109917640686035,1486000
2014-09-17,5.75,5.829999923706055,5.75,5.78000020980835,4.303545951843262,3928000
2014-09-18,5.78000020980835,5.840000152587891,5.78000020980835,5.820000171661377,4.3333282470703125,2108000
2014-09-19,5.840000152587891,5.869999885559082,5.809999942779541,5.849999904632568,4.35566520690918,1685336
2014-09-22,5.849999904632568,5.849999904632568,5.809999942779541,5.809999942779541,4.325883388519287,2582000
2014-09-23,5.820000171661377,5.909999847412109,5.809999942779541,5.820000171661377,4.3333282470703125,1798000
2014-09-24,5.800000190734863,5.880000114440918,5.789999961853027,5.849999904632568,4.35566520690918,1142000
2014-09-25,5.800000190734863,5.800000190734863,5.5,5.510000228881836,4.102514743804932,7082000
2014-09-26,5.5,5.53000020980835,5.440000057220459,5.480000019073486,4.080178737640381,4586000
2014-09-29,5.349999904632568,5.349999904632568,5.150000095367432,5.309999942779541,3.953603744506836,6858000
2014-09-30,5.300000190734863,5.349999904632568,5.210000038146973,5.320000171661377,3.9610495567321777,12602000
2014-10-03,5.210000038146973,5.300000190734863,5.079999923706055,5.139999866485596,3.8270294666290283,15415000
2014-10-06,5.199999809265137,5.380000114440918,5.199999809265137,5.309999942779541,3.953603744506836,5322000
2014-10-07,5.349999904632568,5.389999866485596,5.170000076293945,5.25,3.9089295864105225,5791033
2014-10-08,5.239999771118164,5.25,5.190000057220459,5.199999809265137,3.8717024326324463,2733000
2014-10-09,5.300000190734863,5.380000114440918,5.28000020980835,5.320000171661377,3.9610495567321777,6960085
2014-10-10,5.320000171661377,5.320000171661377,5.150000095367432,5.199999809265137,3.8717024326324463,8259000
2014-10-13,5.230000019073486,5.28000020980835,5.199999809265137,5.260000228881836,3.9163761138916016,5332111
2014-10-14,5.190000057220459,5.300000190734863,5.190000057220459,5.28000020980835,3.931267261505127,3856000
2014-10-15,5.28000020980835,5.309999942779541,5.269999980926514,5.289999961853027,3.9387130737304688,2376000
2014-10-16,5.239999771118164,5.300000190734863,5.21999979019165,5.260000228881836,3.9163761138916016,3618000
2014-10-17,5.25,5.320000171661377,5.239999771118164,5.269999980926514,3.9238221645355225,3323000
2014-10-20,5.289999961853027,5.369999885559082,5.260000228881836,5.349999904632568,3.983386993408203,3603400
2014-10-21,5.380000114440918,5.420000076293945,5.360000133514404,5.400000095367432,4.020614147186279,2825000
2014-10-22,5.420000076293945,5.449999809265137,5.420000076293945,5.429999828338623,4.04295015335083,2288000
2014-10-23,5.429999828338623,5.610000133514404,5.400000095367432,5.449999809265137,4.0578413009643555,4826000
2014-10-24,5.519999980926514,5.550000190734863,5.380000114440918,5.449999809265137,4.0578413009643555,998000
2014-10-27,5.440000057220459,5.550000190734863,5.349999904632568,5.429999828338623,4.04295015335083,1290000
2014-10-28,5.400000095367432,5.480000019073486,5.400000095367432,5.429999828338623,4.04295015335083,2788400
2014-10-29,5.429999828338623,5.46999979019165,5.349999904632568,5.380000114440918,4.005722999572754,20994000
2014-10-30,5.400000095367432,5.400000095367432,5.329999923706055,5.340000152587891,3.9759414196014404,1586000
2014-10-31,5.389999866485596,5.389999866485596,5.340000152587891,5.360000133514404,3.9908320903778076,1906000
2014-11-03,5.400000095367432,5.46999979019165,5.389999866485596,5.400000095367432,4.020614147186279,2146000
2014-11-04,5.400000095367432,5.420000076293945,5.369999885559082,5.400000095367432,4.020614147186279,1570000
2014-11-05,5.300000190734863,5.400000095367432,5.300000190734863,5.380000114440918,4.005722999572754,1678000
2014-11-06,5.400000095367432,5.400000095367432,5.25,5.269999980926514,3.9238221645355225,4300000
2014-11-07,5.269999980926514,5.289999961853027,5.199999809265137,5.239999771118164,3.9014854431152344,2013910
2014-11-10,5.300000190734863,5.380000114440918,5.289999961853027,5.349999904632568,3.983386993408203,5164000
2014-11-11,5.300000190734863,5.519999980926514,5.300000190734863,5.489999771118164,4.0876240730285645,7836000
2014-11-12,5.519999980926514,5.670000076293945,5.519999980926514,5.639999866485596,4.199308395385742,5804998
2014-11-13,5.679999828338623,5.679999828338623,5.480000019073486,5.53000020980835,4.117406368255615,3364000
2014-11-14,5.5,5.75,5.489999771118164,5.739999771118164,4.273764610290527,5577000
2014-11-17,5.800000190734863,5.829999923706055,5.639999866485596,5.789999961853027,4.3109917640686035,4650000
2014-11-18,5.710000038146973,5.789999961853027,5.550000190734863,5.559999942779541,4.139742374420166,2556000
2014-11-19,5.550000190734863,5.78000020980835,5.519999980926514,5.670000076293945,4.221644878387451,6453000
2014-11-20,5.690000057220459,5.75,5.570000171661377,5.570000171661377,4.147189140319824,2446000
2014-11-21,5.619999885559082,5.619999885559082,5.5,5.590000152587891,4.162079811096191,2828000
2014-11-24,5.630000114440918,5.71999979019165,5.630000114440918,5.650000095367432,4.206753253936768,2887400
2014-11-25,5.650000095367432,5.880000114440918,5.650000095367432,5.869999885559082,4.370556831359863,6086538
2014-11-26,5.860000133514404,5.920000076293945,5.809999942779541,5.900000095367432,4.392892837524414,2531900
2014-11-27,5.849999904632568,5.900000095367432,5.760000228881836,5.820000171661377,4.3333282470703125,2968000
2014-11-28,5.880000114440918,5.900000095367432,5.769999980926514,5.829999923706055,4.340774059295654,1699000
2014-12-01,5.829999923706055,5.889999866485596,5.710000038146973,5.71999979019165,4.258872032165527,1732000
2014-12-02,5.739999771118164,5.739999771118164,5.650000095367432,5.679999828338623,4.229090213775635,3599400
2014-12-03,5.71999979019165,5.78000020980835,5.650000095367432,5.71999979019165,4.258872032165527,3049784
2014-12-04,5.710000038146973,5.710000038146973,5.550000190734863,5.579999923706055,4.191271781921387,2790000
2014-12-05,5.579999923706055,5.599999904632568,5.440000057220459,5.460000038146973,4.101136684417725,3498000
2014-12-08,5.5,5.510000228881836,5.389999866485596,5.420000076293945,4.071091175079346,3730000
2014-12-09,5.429999828338623,5.659999847412109,5.420000076293945,5.650000095367432,4.243850231170654,4262000
2014-12-10,5.650000095367432,5.889999866485596,5.650000095367432,5.869999885559082,4.409097671508789,5520000
2014-12-11,5.78000020980835,5.800000190734863,5.739999771118164,5.760000228881836,4.326473712921143,4906000
2014-12-12,5.710000038146973,5.849999904632568,5.679999828338623,5.829999923706055,4.379051685333252,6217800
2014-12-15,5.849999904632568,5.849999904632568,5.610000133514404,5.619999885559082,4.221315860748291,3892000
2014-12-16,5.599999904632568,5.610000133514404,5.539999961853027,5.559999942779541,4.176249027252197,974136
2014-12-17,5.519999980926514,5.570000171661377,5.380000114440918,5.380000114440918,4.041046619415283,3282000
2014-12-18,5.420000076293945,5.489999771118164,5.269999980926514,5.28000020980835,3.9659347534179688,5110000
2014-12-19,5.369999885559082,5.380000114440918,5.300000190734863,5.300000190734863,3.980957269668579,2182000
2014-12-22,5.28000020980835,5.369999885559082,5.21999979019165,5.260000228881836,3.9509119987487793,3511500
2014-12-23,5.28000020980835,5.289999961853027,5.25,5.269999980926514,3.958422899246216,1832000
2014-12-24,5.260000228881836,5.289999961853027,5.25,5.28000020980835,3.9659347534179688,2015000
2014-12-29,5.289999961853027,5.46999979019165,5.289999961853027,5.429999828338623,4.0786027908325195,2263616
2014-12-30,5.46999979019165,5.480000019073486,5.380000114440918,5.389999866485596,4.048558235168457,922000
2014-12-31,5.380000114440918,5.46999979019165,5.369999885559082,5.429999828338623,4.0786027908325195,1200000
2015-01-02,5.429999828338623,5.440000057220459,5.409999847412109,5.429999828338623,4.0786027908325195,1222000
2015-01-05,5.429999828338623,5.53000020980835,5.400000095367432,5.489999771118164,4.1236701011657715,2144000
2015-01-06,5.5,5.5,5.400000095367432,5.460000038146973,4.101136684417725,2763955
2015-01-07,5.480000019073486,5.480000019073486,5.400000095367432,5.449999809265137,4.093625068664551,2420000
2015-01-08,5.46999979019165,5.489999771118164,5.389999866485596,5.440000057220459,4.086114883422852,1770000
2015-01-09,5.449999809265137,5.449999809265137,5.289999961853027,5.360000133514404,4.026023864746094,5308000
2015-01-12,5.360000133514404,5.360000133514404,5.269999980926514,5.28000020980835,3.9659347534179688,1939000
2015-01-13,5.300000190734863,5.300000190734863,4.96999979019165,4.980000019073486,3.7405970096588135,18174000
2015-01-14,5.0,5.0,4.820000171661377,4.829999923706055,3.6279289722442627,9545000
2015-01-15,4.849999904632568,5.0,4.75,5.0,3.755619764328003,8575098
2015-01-16,5.050000190734863,5.050000190734863,4.920000076293945,5.019999980926514,3.7706427574157715,3133000
2015-01-19,5.019999980926514,5.099999904632568,4.989999771118164,5.090000152587891,3.823221206665039,5463500
2015-01-20,5.059999942779541,5.079999923706055,5.010000228881836,5.079999923706055,3.8157098293304443,1770000
2015-01-21,5.070000171661377,5.099999904632568,4.980000019073486,5.0,3.755619764328003,3630000
2015-01-22,5.019999980926514,5.039999961853027,4.980000019073486,4.980000019073486,3.7405970096588135,4228000
2015-01-23,5.0,5.010000228881836,4.920000076293945,4.929999828338623,3.7030413150787354,2684000
2015-01-26,4.949999809265137,4.989999771118164,4.920000076293945,4.960000038146973,3.7255752086639404,1052000
2015-01-27,4.920000076293945,4.989999771118164,4.920000076293945,4.96999979019165,3.7330856323242188,3004000
2015-01-28,4.980000019073486,4.980000019073486,4.920000076293945,4.949999809265137,3.7180635929107666,5550000
2015-01-29,5.0,5.03000020980835,4.929999828338623,5.0,3.755619764328003,9787391
2015-01-30,5.0,5.050000190734863,4.949999809265137,5.019999980926514,3.7706427574157715,7562640
2015-02-02,5.0,5.050000190734863,4.800000190734863,5.019999980926514,3.7706427574157715,2245000
2015-02-03,5.0,5.03000020980835,4.940000057220459,5.0,3.755619764328003,1506000
2015-02-04,5.010000228881836,5.019999980926514,4.909999847412109,4.920000076293945,3.6955301761627197,2360000
2015-02-05,4.929999828338623,5.019999980926514,4.920000076293945,5.0,3.755619764328003,4460000
2015-02-06,5.0,5.03000020980835,4.929999828338623,5.03000020980835,3.778153419494629,2020530
2015-02-09,5.019999980926514,5.050000190734863,4.96999979019165,5.039999961853027,3.7856645584106445,1991359
2015-02-10,5.0,5.019999980926514,4.920000076293945,4.980000019073486,3.7405970096588135,1939832
2015-02-11,5.0,5.03000020980835,4.949999809265137,5.010000228881836,3.7631313800811768,3882000
2015-02-12,5.059999942779541,5.059999942779541,4.920000076293945,4.989999771118164,3.748108148574829,1688000
2015-02-13,5.050000190734863,5.050000190734863,4.960000038146973,4.980000019073486,3.7405970096588135,1072000
2015-02-16,4.980000019073486,5.010000228881836,4.909999847412109,4.920000076293945,3.6955301761627197,2660000
2015-02-17,4.920000076293945,4.920000076293945,4.849999904632568,4.900000095367432,3.6805076599121094,1910000
2015-02-18,4.880000114440918,4.940000057220459,4.820000171661377,4.900000095367432,3.6805076599121094,933900
2015-02-23,4.909999847412109,4.909999847412109,4.869999885559082,4.900000095367432,3.6805076599121094,891436
2015-02-24,4.900000095367432,4.909999847412109,4.75,4.769999980926514,3.5828614234924316,4708000
2015-02-25,4.75,4.789999961853027,4.670000076293945,4.670000076293945,3.50774884223938,5640001
2015-02-26,4.670000076293945,4.75,4.599999904632568,4.619999885559082,3.4701926708221436,4684530
2015-02-27,4.599999904632568,4.619999885559082,4.550000190734863,4.570000171661377,3.4326367378234863,8722436
2015-03-02,4.5,4.519999980926514,4.329999923706055,4.369999885559082,3.2824113368988037,13442000
2015-03-03,4.340000152587891,4.380000114440918,4.309999942779541,4.329999923706055,3.252366065979004,7870810
2015-03-04,4.309999942779541,4.340000152587891,4.139999866485596,4.170000076293945,3.1321871280670166,19439000
2015-03-05,4.179999828338623,4.179999828338623,4.059999942779541,4.099999904632568,3.0796079635620117,10673500
2015-03-06,4.070000171661377,4.170000076293945,4.070000171661377,4.119999885559082,3.094630718231201,16759102
2015-03-09,4.119999885559082,4.199999809265137,4.070000171661377,4.099999904632568,3.0796079635620117,14561812
2015-03-10,4.099999904632568,4.099999904632568,3.869999885559082,3.890000104904175,2.921872138977051,22566000
2015-03-11,3.880000114440918,3.9600000381469727,3.8499999046325684,3.890000104904175,2.921872138977051,13486376
2015-03-12,3.890000104904175,3.9800000190734863,3.890000104904175,3.950000047683716,2.9669394493103027,10122000
2015-03-13,3.9200000762939453,4.03000020980835,3.9200000762939453,4.0,3.004495859146118,6454000
2015-03-16,4.0,4.050000190734863,3.9000000953674316,3.9100000858306885,2.9368951320648193,7327666
2015-03-17,3.9000000953674316,3.950000047683716,3.7100000381469727,3.7699999809265137,2.8317370414733887,12748666
2015-03-18,3.7699999809265137,3.8399999141693115,3.740000009536743,3.809999942779541,2.8617820739746094,3912099
2015-03-19,3.799999952316284,3.8499999046325684,3.75,3.759999990463257,2.824226140975952,4253000
2015-03-20,3.740000009536743,3.799999952316284,3.7200000286102295,3.7699999809265137,2.8317370414733887,5260000
2015-03-23,3.75,3.759999990463257,3.700000047683716,3.7300000190734863,2.801692485809326,7077436
2015-03-24,3.7300000190734863,3.8299999237060547,3.7200000286102295,3.809999942779541,2.8617820739746094,6364795
2015-03-25,3.819999933242798,3.950000047683716,3.809999942779541,3.9000000953674316,2.9293832778930664,7972214
2015-03-26,3.859999895095825,3.9200000762939453,3.7899999618530273,3.8299999237060547,2.8768043518066406,6440000
2015-03-27,3.799999952316284,3.8299999237060547,3.7799999713897705,3.799999952316284,2.8542709350585938,2388000
2015-03-30,3.799999952316284,3.8399999141693115,3.759999990463257,3.759999990463257,2.824226140975952,5552000
2015-03-31,3.759999990463257,3.819999933242798,3.759999990463257,3.7899999618530273,2.846759557723999,5564800
2015-04-01,3.799999952316284,4.0,3.7699999809265137,3.9800000190734863,2.989473342895508,15589600
2015-04-02,3.9800000190734863,4.079999923706055,3.9600000381469727,4.010000228881836,3.012007474899292,7501312
2015-04-08,4.03000020980835,4.130000114440918,3.9600000381469727,4.090000152587891,3.072097063064575,18922530
2015-04-09,4.159999847412109,4.650000095367432,4.159999847412109,4.269999980926514,3.20729923248291,28292541
2015-04-10,4.369999885559082,4.510000228881836,4.289999961853027,4.329999923706055,3.252366065979004,20486474
2015-04-13,4.239999771118164,4.239999771118164,3.9100000858306885,4.050000190734863,3.0420522689819336,30984000
2015-04-14,4.070000171661377,4.300000190734863,4.059999942779541,4.179999828338623,3.1396982669830322,23354088
2015-04-15,4.199999809265137,4.239999771118164,4.019999980926514,4.039999961853027,3.0345406532287598,11769000
2015-04-16,4.090000152587891,4.179999828338623,4.03000020980835,4.150000095367432,3.1171646118164062,9913870
2015-04-17,4.179999828338623,4.199999809265137,4.079999923706055,4.099999904632568,3.0796079635620117,7456000
2015-04-20,4.059999942779541,4.099999904632568,4.0,4.03000020980835,3.027029514312744,5880000
2015-04-21,4.039999961853027,4.110000133514404,4.039999961853027,4.099999904632568,3.0796079635620117,4750220
2015-04-22,4.099999904632568,4.150000095367432,4.099999904632568,4.130000114440918,3.102141857147217,4340000
2015-04-23,4.130000114440918,4.199999809265137,4.099999904632568,4.179999828338623,3.1396982669830322,9966422
2015-04-24,4.190000057220459,4.190000057220459,4.119999885559082,4.159999847412109,3.1246752738952637,6118000
2015-04-27,4.179999828338623,4.199999809265137,4.070000171661377,4.159999847412109,3.1246752738952637,10178750
2015-04-28,4.159999847412109,4.179999828338623,4.099999904632568,4.139999866485596,3.1096527576446533,4106342
2015-04-29,4.130000114440918,4.130000114440918,3.9200000762939453,3.9600000381469727,2.9744513034820557,16734000
2015-04-30,3.9600000381469727,3.9800000190734863,3.890000104904175,3.950000047683716,2.9669394493103027,6548000
2015-05-04,3.9000000953674316,3.950000047683716,3.859999895095825,3.9100000858306885,2.9368951320648193,12719934
2015-05-05,3.9000000953674316,3.940000057220459,3.8399999141693115,3.8499999046325684,2.89182710647583,10550000
2015-05-06,3.880000114440918,3.9700000286102295,3.859999895095825,3.950000047683716,2.9669394493103027,7183400
2015-05-07,3.930000066757202,3.930000066757202,3.880000114440918,3.9000000953674316,2.9293832778930664,7056000
2015-05-08,3.950000047683716,4.0,3.869999885559082,3.990000009536743,2.9969842433929443,7482000
2015-05-11,4.019999980926514,4.03000020980835,3.9000000953674316,3.940000057220459,2.959428071975708,5873248
2015-05-12,3.9700000286102295,4.079999923706055,3.940000057220459,3.950000047683716,2.9669394493103027,6500000
2015-05-13,3.9600000381469727,3.990000009536743,3.9100000858306885,3.9100000858306885,2.9368951320648193,6028054
2015-05-14,3.930000066757202,3.9600000381469727,3.9100000858306885,3.940000057220459,2.959428071975708,2546000
2015-05-15,3.950000047683716,4.0,3.930000066757202,3.9600000381469727,2.9744513034820557,2076781
2015-05-18,3.9700000286102295,4.050000190734863,3.940000057220459,4.039999961853027,3.0345406532287598,3718000
2015-05-19,4.050000190734863,4.110000133514404,4.03000020980835,4.090000152587891,3.072097063064575,7042000
2015-05-20,4.070000171661377,4.110000133514404,4.059999942779541,4.090000152587891,3.072097063064575,3992530
2015-05-21,4.099999904632568,4.099999904632568,4.0,4.010000228881836,3.012007474899292,2630342
2015-05-22,4.079999923706055,4.079999923706055,4.03000020980835,4.070000171661377,3.057074546813965,2856799
2015-05-26,4.079999923706055,4.119999885559082,4.03000020980835,4.090000152587891,3.072097063064575,6714077
2015-05-27,4.099999904632568,4.099999904632568,4.03000020980835,4.059999942779541,3.04956316947937,2275710
2015-05-28,4.059999942779541,4.090000152587891,3.9800000190734863,4.010000228881836,3.012007474899292,2762000
2015-05-29,4.010000228881836,4.050000190734863,3.990000009536743,4.03000020980835,3.027029514312744,1970000
2015-06-01,4.059999942779541,4.070000171661377,4.010000228881836,4.03000020980835,3.027029514312744,2464000
2015-06-02,4.03000020980835,4.03000020980835,3.940000057220459,3.9700000286102295,2.981962203979492,3726000
2015-06-03,4.0,4.019999980926514,3.940000057220459,3.9800000190734863,2.989473342895508,2914000
2015-06-04,3.950000047683716,3.990000009536743,3.880000114440918,3.9100000858306885,2.9368951320648193,4248000
2015-06-05,3.9000000953674316,3.9700000286102295,3.880000114440918,3.9200000762939453,2.944406032562256,4767000
2015-06-08,3.940000057220459,3.9600000381469727,3.9100000858306885,3.940000057220459,2.959428071975708,3282000
2015-06-09,3.9700000286102295,3.9700000286102295,3.8499999046325684,3.890000104904175,2.921872138977051,2937325
2015-06-10,3.940000057220459,3.940000057220459,3.8399999141693115,3.8499999046325684,2.89182710647583,2441500
2015-06-11,3.859999895095825,3.9000000953674316,3.8299999237060547,3.8499999046325684,2.89182710647583,1641499
2015-06-12,3.8499999046325684,3.9100000858306885,3.819999933242798,3.880000114440918,2.914360761642456,2758000
2015-06-15,3.890000104904175,3.9800000190734863,3.8399999141693115,3.9600000381469727,2.9744513034820557,4134000
2015-06-16,3.9600000381469727,3.9600000381469727,3.9200000762939453,3.9200000762939453,2.944406032562256,3338000
2015-06-17,3.950000047683716,3.950000047683716,3.869999885559082,3.9200000762939453,2.944406032562256,1776055
2015-06-18,4.050000190734863,4.369999885559082,4.03000020980835,4.139999866485596,3.1096527576446533,24055900
2015-06-19,4.159999847412109,4.190000057220459,3.9600000381469727,4.119999885559082,3.094630718231201,12842580
2015-06-22,4.119999885559082,4.119999885559082,4.050000190734863,4.110000133514404,3.0871195793151855,2299624
2015-06-23,4.110000133514404,4.110000133514404,4.03000020980835,4.099999904632568,3.0796079635620117,4445112
2015-06-24,4.099999904632568,4.190000057220459,4.050000190734863,4.150000095367432,3.1171646118164062,4828996
2015-06-25,4.099999904632568,4.230000019073486,4.099999904632568,4.210000038146973,3.162231922149658,8350000
2015-06-26,4.150000095367432,4.199999809265137,4.099999904632568,4.110000133514404,3.0871195793151855,10174000
2015-06-29,4.099999904632568,4.179999828338623,3.9700000286102295,4.050000190734863,3.0420522689819336,9464000
2015-06-30,4.0,4.210000038146973,4.0,4.199999809265137,3.1547207832336426,8616000
2015-07-02,4.199999809265137,4.199999809265137,4.099999904632568,4.130000114440918,3.102141857147217,12743248
2015-07-03,4.179999828338623,4.179999828338623,3.990000009536743,4.0,3.004495859146118,13432000
2015-07-06,3.990000009536743,4.130000114440918,3.819999933242798,3.9700000286102295,2.981962203979492,11470000
2015-07-07,3.950000047683716,4.079999923706055,3.8499999046325684,3.890000104904175,2.921872138977051,9491817
2015-07-08,3.799999952316284,3.890000104904175,3.5399999618530273,3.569999933242798,2.6815123558044434,12660000
2015-07-09,3.5799999237060547,3.8299999237060547,3.5799999237060547,3.7899999618530273,2.846759557723999,5160795
2015-07-10,3.7300000190734863,3.859999895095825,3.7200000286102295,3.799999952316284,2.8542709350585938,4930000
2015-07-13,3.799999952316284,3.9000000953674316,3.7300000190734863,3.880000114440918,2.914360761642456,3356900
2015-07-14,3.9000000953674316,3.9000000953674316,3.8299999237060547,3.8499999046325684,2.89182710647583,1368000
2015-07-15,3.859999895095825,3.859999895095825,3.759999990463257,3.7899999618530273,2.846759557723999,1504669
2015-07-16,3.7899999618530273,3.8399999141693115,3.759999990463257,3.809999942779541,2.8617820739746094,1044000
2015-07-17,3.8399999141693115,3.940000057220459,3.819999933242798,3.940000057220459,2.959428071975708,2596190
2015-07-20,3.8399999141693115,3.9200000762939453,3.8399999141693115,3.9000000953674316,2.9293832778930664,1216766
2015-07-21,3.809999942779541,3.930000066757202,3.809999942779541,3.9200000762939453,2.944406032562256,2102700
2015-07-22,3.9200000762939453,3.9200000762939453,3.759999990463257,3.7799999713897705,2.8392484188079834,3582000
2015-07-23,3.75,3.75,3.6500000953674316,3.6500000953674316,2.741602659225464,5813248
2015-07-24,3.5999999046325684,3.690000057220459,3.5999999046325684,3.5999999046325684,2.7040462493896484,3749319
2015-07-27,3.5999999046325684,3.619999885559082,3.4800000190734863,3.5299999713897705,2.6514675617218018,3508042
2015-07-28,3.5,3.5299999713897705,3.4200000762939453,3.430000066757202,2.576355218887329,4860000
2015-07-29,3.4700000286102295,3.5,3.430000066757202,3.450000047683716,2.5913774967193604,2447494
2015-07-30,3.4800000190734863,3.490000009536743,3.4600000381469727,3.4600000381469727,2.598888874053955,2273110
2015-07-31,3.4700000286102295,3.5299999713897705,3.4700000286102295,3.4800000190734863,2.6139113903045654,1936000
2015-08-03,3.4800000190734863,3.5299999713897705,3.4700000286102295,3.4800000190734863,2.6139113903045654,3232000
2015-08-04,3.4700000286102295,3.5,3.4600000381469727,3.5,2.6289336681365967,2434038
2015-08-05,3.4800000190734863,3.549999952316284,3.4800000190734863,3.509999990463257,2.6364450454711914,2022000
2015-08-06,3.5,3.509999990463257,3.490000009536743,3.5,2.6289336681365967,1290983
2015-08-07,3.4800000190734863,3.509999990463257,3.4800000190734863,3.490000009536743,2.62142276763916,2596000
2015-08-10,3.490000009536743,3.5199999809265137,3.4600000381469727,3.4700000286102295,2.6064000129699707,1547519
2015-08-11,3.490000009536743,3.5,3.440000057220459,3.440000057220459,2.583866596221924,1758000
2015-08-12,3.440000057220459,3.440000057220459,3.4000000953674316,3.4000000953674316,2.553821325302124,1180000
2015-08-13,3.4100000858306885,3.5199999809265137,3.4100000858306885,3.4600000381469727,2.598888874053955,2346000
2015-08-14,3.5,3.5299999713897705,3.490000009536743,3.5199999809265137,2.643956184387207,2582000
2015-08-17,3.5,3.549999952316284,3.490000009536743,3.509999990463257,2.6364450454711914,1712000
2015-08-18,3.5,3.509999990463257,3.440000057220459,3.4600000381469727,2.598888874053955,1812000
2015-08-19,3.440000057220459,3.490000009536743,3.390000104904175,3.390000104904175,2.5463104248046875,2674000
2015-08-20,3.380000114440918,3.430000066757202,3.3499999046325684,3.359999895095825,2.5237762928009033,3442000
2015-08-21,3.2200000286102295,3.2200000286102295,3.0199999809265137,3.109999895095825,2.4002888202667236,3598200
2015-08-24,2.9700000286102295,3.0,2.9000000953674316,2.9800000190734863,2.299955368041992,4356000
2015-08-25,2.9700000286102295,3.140000104904175,2.930000066757202,3.0999999046325684,2.392570972442627,6433082
2015-08-26,3.119999885559082,3.119999885559082,3.0299999713897705,3.069999933242798,2.369417190551758,3144000
2015-08-27,3.0999999046325684,3.200000047683716,3.0899999141693115,3.1500000953674316,2.4311606884002686,1746000
2015-08-28,3.1500000953674316,3.259999990463257,3.1500000953674316,3.2100000381469727,2.477468729019165,1216000
2015-08-31,3.200000047683716,3.25,3.190000057220459,3.240000009536743,2.500622510910034,1313730
2015-09-01,3.180000066757202,3.2899999618530273,3.1600000858306885,3.240000009536743,2.500622510910034,1966000
2015-09-02,3.200000047683716,3.2100000381469727,3.109999895095825,3.1500000953674316,2.4311606884002686,1740000
2015-09-04,3.109999895095825,3.2200000286102295,3.0999999046325684,3.1500000953674316,2.4311606884002686,688000
2015-09-07,3.130000114440918,3.1500000953674316,3.0,3.009999990463257,2.3231091499328613,1750000
2015-09-08,3.009999990463257,3.0799999237060547,2.9800000190734863,3.069999933242798,2.369417190551758,1898530
2015-09-09,3.0999999046325684,3.180000066757202,3.059999942779541,3.1600000858306885,2.4388790130615234,2836019
2015-09-10,3.140000104904175,3.180000066757202,3.0899999141693115,3.0999999046325684,2.392570972442627,1093325
2015-09-11,3.140000104904175,3.1700000762939453,3.0899999141693115,3.1500000953674316,2.4311606884002686,1363436
2015-09-14,3.1500000953674316,3.200000047683716,3.0399999618530273,3.0999999046325684,2.392570972442627,5758000
2015-09-15,3.0899999141693115,3.1500000953674316,3.0799999237060547,3.0999999046325684,2.392570972442627,1496000
2015-09-16,3.119999885559082,3.1700000762939453,3.0999999046325684,3.140000104904175,2.423442840576172,810530
2015-09-17,3.140000104904175,3.140000104904175,3.0799999237060547,3.0999999046325684,2.392570972442627,1876000
2015-09-18,3.069999933242798,3.130000114440918,3.009999990463257,3.009999990463257,2.3231091499328613,3090000
2015-09-21,3.0299999713897705,3.0799999237060547,3.009999990463257,3.049999952316284,2.353980779647827,722000
2015-09-22,3.0899999141693115,3.0899999141693115,3.049999952316284,3.0799999237060547,2.3771350383758545,820000
2015-09-23,3.0299999713897705,3.0799999237060547,2.9800000190734863,3.0,2.3153910636901855,2179400
2015-09-24,3.0199999809265137,3.0399999618530273,2.9600000381469727,3.0,2.3153910636901855,1590000
2015-09-25,3.0299999713897705,3.0999999046325684,2.9800000190734863,3.059999942779541,2.361699104309082,2173775
2015-09-29,3.059999942779541,3.059999942779541,2.950000047683716,2.9600000381469727,2.2845194339752197,2245240
2015-09-30,2.9700000286102295,3.0,2.9600000381469727,2.990000009536743,2.307673454284668,1392000
2015-10-02,3.0199999809265137,3.0299999713897705,2.990000009536743,3.0,2.3153910636901855,2897018
2015-10-05,3.0,3.2799999713897705,2.990000009536743,3.180000066757202,2.454314947128296,6215563
2015-10-06,3.240000009536743,3.240000009536743,3.1600000858306885,3.180000066757202,2.454314947128296,2850037
2015-10-07,3.200000047683716,3.259999990463257,3.200000047683716,3.2200000286102295,2.485186815261841,2208900
2015-10-08,3.2200000286102295,3.240000009536743,3.140000104904175,3.180000066757202,2.454314947128296,3016000
2015-10-09,3.140000104904175,3.2100000381469727,3.109999895095825,3.130000114440918,2.415724992752075,6036000
2015-10-12,3.119999885559082,3.1700000762939453,3.0799999237060547,3.130000114440918,2.415724992752075,7323998
2015-10-13,3.140000104904175,3.259999990463257,3.109999895095825,3.2100000381469727,2.477468729019165,7671365
2015-10-14,3.2100000381469727,3.2100000381469727,3.130000114440918,3.1700000762939453,2.446597099304199,3683703
2015-10-15,3.180000066757202,3.180000066757202,3.0899999141693115,3.130000114440918,2.415724992752075,7102000
2015-10-16,3.1500000953674316,3.1600000858306885,3.069999933242798,3.0799999237060547,2.3771350383758545,4293000
2015-10-19,3.0899999141693115,3.0999999046325684,3.0,3.009999990463257,2.3231091499328613,5411766
2015-10-20,3.0,3.0399999618530273,2.9700000286102295,3.0,2.3153910636901855,4556000
2015-10-22,2.990000009536743,2.990000009536743,2.9200000762939453,2.9200000762939453,2.253647565841675,5416000
2015-10-23,2.880000114440918,2.880000114440918,2.5,2.5199999809265137,1.944928526878357,36381000
2015-10-26,2.5199999809265137,2.5999999046325684,2.509999990463257,2.5899999141693115,1.9989545345306396,12522000
2015-10-27,2.5899999141693115,2.5899999141693115,2.5299999713897705,2.559999942779541,1.9758003950119019,4946000
2015-10-28,2.559999942779541,2.619999885559082,2.549999952316284,2.609999895095825,2.014390230178833,5909280
2015-10-29,2.609999895095825,2.619999885559082,2.4600000381469727,2.4700000286102295,1.9063388109207153,14000000
2015-10-30,2.5,2.509999990463257,2.450000047683716,2.490000009536743,1.9217747449874878,8155834
2015-11-02,2.4800000190734863,2.569999933242798,2.4800000190734863,2.549999952316284,1.9680824279785156,6226000
2015-11-03,2.5299999713897705,2.5799999237060547,2.5299999713897705,2.549999952316284,1.9680824279785156,2412000
2015-11-04,2.5299999713897705,2.640000104904175,2.5299999713897705,2.5999999046325684,2.0066726207733154,7535246
2015-11-05,2.5899999141693115,2.609999895095825,2.569999933242798,2.609999895095825,2.014390230178833,3560000
2015-11-06,2.5799999237060547,2.619999885559082,2.5799999237060547,2.609999895095825,2.014390230178833,2936000
2015-11-09,2.609999895095825,2.619999885559082,2.5899999141693115,2.619999885559082,2.022108316421509,4948273
2015-11-10,2.5799999237060547,2.619999885559082,2.569999933242798,2.5799999237060547,1.9912364482879639,3748000
2015-11-11,2.549999952316284,2.5999999046325684,2.5399999618530273,2.549999952316284,1.9680824279785156,3308000
2015-11-12,2.549999952316284,2.5899999141693115,2.5399999618530273,2.569999933242798,1.9835184812545776,4532000
2015-11-13,2.5299999713897705,2.549999952316284,2.5199999809265137,2.5399999618530273,1.960364580154419,1462000
2015-11-16,2.5199999809265137,2.680000066757202,2.4800000190734863,2.6600000858306885,2.052980422973633,9468234
2015-11-17,2.680000066757202,2.7100000381469727,2.630000114440918,2.690000057220459,2.076134204864502,5910400
2015-11-18,2.7100000381469727,2.7100000381469727,2.640000104904175,2.6600000858306885,2.052980422973633,1694000
2015-11-19,2.640000104904175,2.8399999141693115,2.630000114440918,2.799999952316284,2.161031723022461,9020000
2015-11-20,2.819999933242798,2.8299999237060547,2.7799999713897705,2.809999942779541,2.1687495708465576,4011000
2015-11-23,2.819999933242798,2.880000114440918,2.75,2.8399999141693115,2.191903591156006,4308000
2015-11-24,2.819999933242798,2.9800000190734863,2.799999952316284,2.930000066757202,2.2613654136657715,7962000
2015-11-25,2.940000057220459,2.940000057220459,2.7799999713897705,2.809999942779541,2.1687495708465576,6230834
2015-11-26,2.7899999618530273,2.8399999141693115,2.75,2.7699999809265137,2.137877941131592,2426000
2015-11-27,2.75,2.759999990463257,2.690000057220459,2.7100000381469727,2.0915699005126953,2736000
2015-11-30,2.700000047683716,2.7100000381469727,2.640000104904175,2.6600000858306885,2.052980422973633,3110019
2015-12-01,2.700000047683716,2.759999990463257,2.6700000762939453,2.7300000190734863,2.107006072998047,2824711
2015-12-02,2.740000009536743,2.759999990463257,2.700000047683716,2.7300000190734863,2.107006072998047,1846360
2015-12-03,2.75,2.75,2.680000066757202,2.7100000381469727,2.0915699005126953,1520000
2015-12-04,2.700000047683716,2.700000047683716,2.6700000762939453,2.680000066757202,2.068416118621826,2082000
2015-12-07,2.609999895095825,2.630000114440918,2.5399999618530273,2.549999952316284,1.9979021549224854,1780000
2015-12-08,2.5899999141693115,2.5899999141693115,2.4800000190734863,2.5399999618530273,1.9900670051574707,3483907
2015-12-09,2.5399999618530273,2.5799999237060547,2.509999990463257,2.5199999809265137,1.97439706325531,1530000
2015-12-10,2.490000009536743,2.559999942779541,2.490000009536743,2.5199999809265137,1.97439706325531,2476534
2015-12-11,2.5,2.5399999618530273,2.4800000190734863,2.490000009536743,1.950892448425293,2055395
2015-12-14,2.4800000190734863,2.5399999618530273,2.450000047683716,2.509999990463257,1.9665623903274536,5057622
2015-12-15,2.4800000190734863,2.619999885559082,2.4800000190734863,2.609999895095825,2.0449111461639404,3866539
2015-12-16,2.549999952316284,2.6600000858306885,2.549999952316284,2.5899999141693115,2.0292415618896484,2123738
2015-12-17,2.5999999046325684,2.640000104904175,2.5999999046325684,2.5999999046325684,2.037076473236084,3820296
2015-12-18,2.569999933242798,2.6700000762939453,2.549999952316284,2.6600000858306885,2.0840859413146973,3390000
2015-12-21,2.619999885559082,2.6700000762939453,2.559999942779541,2.609999895095825,2.0449111461639404,2745248
2015-12-22,2.5899999141693115,2.619999885559082,2.5899999141693115,2.609999895095825,2.0449111461639404,1010000
2015-12-23,2.5899999141693115,2.6500000953674316,2.5899999141693115,2.6500000953674316,2.0762510299682617,2288741
2015-12-24,2.6600000858306885,2.6700000762939453,2.640000104904175,2.6600000858306885,2.0840859413146973,572000
2015-12-28,2.6600000858306885,2.6600000858306885,2.619999885559082,2.630000114440918,2.0605812072753906,1248000
2015-12-29,2.609999895095825,2.619999885559082,2.5799999237060547,2.619999885559082,2.052746295928955,1060001
2015-12-30,2.630000114440918,2.630000114440918,2.5799999237060547,2.5799999237060547,2.021406412124634,698520
2015-12-31,2.5799999237060547,2.630000114440918,2.5799999237060547,2.619999885559082,2.052746295928955,422362
2016-01-04,2.5999999046325684,2.619999885559082,2.509999990463257,2.5199999809265137,1.97439706325531,1547442
2016-01-05,2.509999990463257,2.549999952316284,2.5,2.5,1.9587275981903076,1236388
2016-01-06,2.5,2.5399999618530273,2.380000114440918,2.509999990463257,1.9665623903274536,4834984
2016-01-07,2.509999990463257,2.509999990463257,2.509999990463257,2.509999990463257,1.9665623903274536,0
2016-01-08,2.4000000953674316,2.450000047683716,2.4000000953674316,2.430000066757202,1.9038830995559692,1337802
2016-01-11,2.4100000858306885,2.4200000762939453,2.319999933242798,2.369999885559082,1.856873631477356,5465618
2016-01-12,2.359999895095825,2.369999885559082,2.309999942779541,2.319999933242798,1.8176988363265991,2384628
2016-01-13,2.359999895095825,2.380000114440918,2.2699999809265137,2.2899999618530273,1.7941944599151611,2944887
2016-01-14,2.2100000381469727,2.2200000286102295,2.140000104904175,2.1500000953674316,1.684505820274353,2265851
2016-01-15,2.190000057220459,2.190000057220459,2.119999885559082,2.119999885559082,1.6610007286071777,3225400
2016-01-18,2.0999999046325684,2.140000104904175,2.0799999237060547,2.130000114440918,1.6688358783721924,2367749
2016-01-19,2.130000114440918,2.2300000190734863,2.130000114440918,2.2200000286102295,1.7393500804901123,2342831
2016-01-20,2.2200000286102295,2.2200000286102295,2.109999895095825,2.1700000762939453,1.700175404548645,2959818
2016-01-21,2.190000057220459,2.2100000381469727,2.0399999618530273,2.0399999618530273,1.598321557044983,2801543
2016-01-22,2.059999942779541,2.130000114440918,2.059999942779541,2.109999895095825,1.6531656980514526,1821394
2016-01-25,2.109999895095825,2.180000066757202,2.0999999046325684,2.140000104904175,1.676670789718628,383336
2016-01-26,2.0899999141693115,2.140000104904175,2.059999942779541,2.0799999237060547,1.6296610832214355,678074
2016-01-27,2.0899999141693115,2.1500000953674316,2.0899999141693115,2.140000104904175,1.676670789718628,1537694
2016-01-28,2.140000104904175,2.140000104904175,2.0899999141693115,2.140000104904175,1.676670789718628,1284014
2016-01-29,2.119999885559082,2.140000104904175,2.0799999237060547,2.119999885559082,1.6610007286071777,2104664
2016-02-01,2.140000104904175,2.200000047683716,2.119999885559082,2.180000066757202,1.7080103158950806,1564593
2016-02-02,2.1700000762939453,2.2799999713897705,2.1600000858306885,2.25,1.7628549337387085,4264041
2016-02-03,2.200000047683716,2.240000009536743,2.180000066757202,2.2200000286102295,1.7393500804901123,1956000
2016-02-04,2.2899999618530273,2.2899999618530273,2.2200000286102295,2.2200000286102295,1.7393500804901123,1224000
2016-02-05,2.2200000286102295,2.2899999618530273,2.2200000286102295,2.2799999713897705,1.786359429359436,1290272
2016-02-11,2.2200000286102295,2.2899999618530273,2.2200000286102295,2.2699999809265137,1.7785245180130005,726984
2016-02-12,2.2200000286102295,2.359999895095825,2.2200000286102295,2.25,1.7628549337387085,2087336
2016-02-15,2.25,2.3299999237060547,2.25,2.299999952316284,1.8020292520523071,1106000
2016-02-16,2.3399999141693115,2.380000114440918,2.2799999713897705,2.3299999237060547,1.8255338668823242,2106000
2016-02-17,2.3299999237060547,2.3399999141693115,2.299999952316284,2.309999942779541,1.8098641633987427,705605
2016-02-18,2.309999942779541,2.319999933242798,2.2799999713897705,2.309999942779541,1.8098641633987427,1444296
2016-02-19,2.309999942779541,2.380000114440918,2.309999942779541,2.380000114440918,1.8647085428237915,2507408
2016-02-22,2.359999895095825,2.4200000762939453,2.359999895095825,2.390000104904175,1.8725435733795166,4640000
2016-02-23,2.4200000762939453,2.4200000762939453,2.3399999141693115,2.380000114440918,1.8647085428237915,2003271
2016-02-24,2.390000104904175,2.4000000953674316,2.369999885559082,2.380000114440918,1.8647085428237915,951111
2016-02-25,2.3499999046325684,2.4000000953674316,2.299999952316284,2.3299999237060547,1.8255338668823242,1116000
2016-02-26,2.3499999046325684,2.4200000762939453,2.3499999046325684,2.4200000762939453,1.8960481882095337,954148
2016-02-29,2.4100000858306885,2.4800000190734863,2.369999885559082,2.4000000953674316,1.8803784847259521,4251133
2016-03-01,2.4000000953674316,2.440000057220459,2.3499999046325684,2.430000066757202,1.9038830995559692,3432359
2016-03-02,2.430000066757202,2.450000047683716,2.390000104904175,2.440000057220459,1.9117178916931152,2160000
2016-03-03,2.450000047683716,2.450000047683716,2.369999885559082,2.4000000953674316,1.8803784847259521,1374262
2016-03-04,2.390000104904175,2.440000057220459,2.380000114440918,2.4200000762939453,1.8960481882095337,3438000
2016-03-07,2.430000066757202,2.430000066757202,2.4100000858306885,2.4100000858306885,1.8882133960723877,464000
2016-03-08,2.4100000858306885,2.4200000762939453,2.4000000953674316,2.4100000858306885,1.8882133960723877,575704
2016-03-09,2.4000000953674316,2.4000000953674316,2.380000114440918,2.390000104904175,1.8725435733795166,1446448
2016-03-10,2.4000000953674316,2.430000066757202,2.369999885559082,2.369999885559082,1.856873631477356,1058002
2016-03-11,2.369999885559082,2.390000104904175,2.359999895095825,2.380000114440918,1.8647085428237915,213050
2016-03-14,2.390000104904175,2.440000057220459,2.380000114440918,2.430000066757202,1.9038830995559692,1504000
2016-03-15,2.4100000858306885,2.430000066757202,2.390000104904175,2.4200000762939453,1.8960481882095337,1080000
2016-03-16,2.430000066757202,2.430000066757202,2.380000114440918,2.4000000953674316,1.8803784847259521,607423
2016-03-17,2.4200000762939453,2.450000047683716,2.4000000953674316,2.4200000762939453,1.8960481882095337,664000
2016-03-18,2.4200000762939453,2.5,2.4100000858306885,2.4800000190734863,1.943057656288147,3293812
2016-03-21,2.5,2.5399999618530273,2.440000057220459,2.5,1.9587275981903076,3719298
2016-03-22,2.5,2.5,2.430000066757202,2.440000057220459,1.9117178916931152,2034000
2016-03-23,2.490000009536743,2.490000009536743,2.4200000762939453,2.440000057220459,1.9117178916931152,1397286
2016-03-24,2.4000000953674316,2.490000009536743,2.4000000953674316,2.450000047683716,1.9195528030395508,3988297
2016-03-29,2.4600000381469727,2.4600000381469727,2.380000114440918,2.4100000858306885,1.8882133960723877,2455368
2016-03-30,2.450000047683716,2.450000047683716,2.369999885559082,2.390000104904175,1.8725435733795166,2467103
2016-03-31,2.4100000858306885,2.440000057220459,2.369999885559082,2.4100000858306885,1.8882133960723877,1779400
2016-04-01,2.4000000953674316,2.440000057220459,2.3499999046325684,2.359999895095825,1.8490387201309204,492980
2016-04-05,2.3499999046325684,2.3499999046325684,2.2899999618530273,2.319999933242798,1.8176988363265991,1386000
2016-04-06,2.309999942779541,2.3499999046325684,2.2899999618530273,2.309999942779541,1.8098641633987427,1422741
2016-04-07,2.3299999237060547,2.359999895095825,2.299999952316284,2.3399999141693115,1.8333687782287598,2620000
2016-04-08,2.319999933242798,2.359999895095825,2.309999942779541,2.359999895095825,1.8490387201309204,1812000
2016-04-11,2.3399999141693115,2.390000104904175,2.319999933242798,2.369999885559082,1.856873631477356,1256000
2016-04-12,2.3299999237060547,2.4000000953674316,2.3299999237060547,2.390000104904175,1.8725435733795166,370000
2016-04-13,2.4000000953674316,2.4000000953674316,2.359999895095825,2.390000104904175,1.8725435733795166,4485000
2016-04-14,2.4100000858306885,2.569999933242798,2.390000104904175,2.5399999618530273,1.9900670051574707,8718367
2016-04-15,2.569999933242798,2.569999933242798,2.5,2.549999952316284,1.9979021549224854,1893244
2016-04-18,2.549999952316284,2.549999952316284,2.5,2.5399999618530273,1.9900670051574707,468000
2016-04-19,2.5799999237060547,2.5799999237060547,2.5,2.5199999809265137,1.97439706325531,677388
2016-04-20,2.5399999618530273,2.5399999618530273,2.5,2.5199999809265137,1.97439706325531,1570000
2016-04-21,2.549999952316284,2.5799999237060547,2.509999990463257,2.5299999713897705,1.9822319746017456,3135526
2016-04-22,2.5,2.5299999713897705,2.450000047683716,2.4600000381469727,1.9273879528045654,2190370
2016-04-25,2.450000047683716,2.5,2.440000057220459,2.490000009536743,1.950892448425293,1076000
2016-04-26,2.490000009536743,2.490000009536743,2.4200000762939453,2.4200000762939453,1.8960481882095337,984000
2016-04-27,2.4100000858306885,2.4700000286102295,2.4100000858306885,2.430000066757202,1.9038830995559692,638000
2016-04-28,2.4600000381469727,2.4600000381469727,2.390000104904175,2.4000000953674316,1.8803784847259521,2168000
2016-04-29,2.4000000953674316,2.4000000953674316,2.359999895095825,2.380000114440918,1.8647085428237915,566000
2016-05-03,2.4000000953674316,2.430000066757202,2.3399999141693115,2.380000114440918,1.8647085428237915,3485998
2016-05-04,2.380000114440918,2.390000104904175,2.3399999141693115,2.369999885559082,1.856873631477356,2632000
2016-05-05,2.369999885559082,2.5199999809265137,2.369999885559082,2.4800000190734863,1.943057656288147,8426000
2016-05-06,2.490000009536743,2.5,2.430000066757202,2.4600000381469727,1.9273879528045654,9112199
2016-05-09,2.490000009536743,2.490000009536743,2.4200000762939453,2.440000057220459,1.9117178916931152,2266792
2016-05-10,2.4200000762939453,2.450000047683716,2.3399999141693115,2.430000066757202,1.9038830995559692,2084000
2016-05-11,2.440000057220459,2.450000047683716,2.390000104904175,2.4000000953674316,1.8803784847259521,422000
2016-05-12,2.440000057220459,2.440000057220459,2.369999885559082,2.390000104904175,1.8725435733795166,158000
2016-05-13,2.380000114440918,2.380000114440918,2.2899999618530273,2.309999942779541,1.8098641633987427,2641980
2016-05-16,2.309999942779541,2.309999942779541,2.2699999809265137,2.299999952316284,1.8020292520523071,729482
2016-05-17,2.2799999713897705,2.2899999618530273,2.25,2.2699999809265137,1.7785245180130005,2106001
2016-05-18,2.25,2.2799999713897705,2.25,2.2799999713897705,1.786359429359436,916207
2016-05-19,2.299999952316284,2.359999895095825,2.259999990463257,2.3299999237060547,1.8255338668823242,1196074
2016-05-20,2.3499999046325684,2.3499999046325684,2.2899999618530273,2.309999942779541,1.8098641633987427,352149
2016-05-23,2.3499999046325684,2.3499999046325684,2.2899999618530273,2.299999952316284,1.8020292520523071,566000
2016-05-24,2.299999952316284,2.299999952316284,2.259999990463257,2.2799999713897705,1.786359429359436,358000
2016-05-25,2.319999933242798,2.319999933242798,2.2899999618530273,2.309999942779541,1.8098641633987427,844000
2016-05-26,2.309999942779541,2.390000104904175,2.2100000381469727,2.319999933242798,1.8176988363265991,1297232
2016-05-27,2.309999942779541,2.3299999237060547,2.259999990463257,2.259999990463257,1.7706893682479858,635000
2016-05-30,2.259999990463257,2.3299999237060547,2.25,2.319999933242798,1.8176988363265991,1090151
2016-05-31,2.3399999141693115,2.5,2.259999990463257,2.4700000286102295,1.9352225065231323,2908780
2016-06-01,2.440000057220459,2.549999952316284,2.4200000762939453,2.5199999809265137,1.97439706325531,4296000
2016-06-02,2.5399999618530273,2.690000057220459,2.5199999809265137,2.6500000953674316,2.0762510299682617,8460302
2016-06-03,2.6500000953674316,2.7100000381469727,2.640000104904175,2.7100000381469727,2.123260498046875,5153564
2016-06-06,2.7200000286102295,2.7200000286102295,2.6500000953674316,2.700000047683716,2.1154255867004395,2681685
2016-06-07,2.7200000286102295,2.7200000286102295,2.680000066757202,2.7100000381469727,2.123260498046875,3028444
2016-06-08,2.7200000286102295,2.75,2.690000057220459,2.75,2.154600143432617,2646151
2016-06-10,2.75,2.75,2.609999895095825,2.6600000858306885,2.0840859413146973,2740000
2016-06-13,2.6600000858306885,2.6600000858306885,2.559999942779541,2.6500000953674316,2.0762510299682617,1726000
2016-06-14,2.6500000953674316,2.700000047683716,2.5999999046325684,2.700000047683716,2.1154255867004395,633000
2016-06-15,2.690000057220459,2.7799999713897705,2.6600000858306885,2.7699999809265137,2.1702704429626465,1198000
2016-06-16,2.7699999809265137,2.7899999618530273,2.7200000286102295,2.75,2.154600143432617,4087205
2016-06-17,2.7799999713897705,2.799999952316284,2.759999990463257,2.7799999713897705,2.1781046390533447,4179702
2016-06-20,2.809999942779541,2.809999942779541,2.75,2.75,2.154600143432617,1056000
2016-06-21,2.75,2.7699999809265137,2.6700000762939453,2.700000047683716,2.1154255867004395,1836563
2016-06-22,2.700000047683716,2.7200000286102295,2.6700000762939453,2.7100000381469727,2.123260498046875,522000
2016-06-23,2.700000047683716,2.7799999713897705,2.700000047683716,2.7799999713897705,2.1781046390533447,3761368
2016-06-24,2.7799999713897705,2.869999885559082,2.700000047683716,2.8399999141693115,2.225114345550537,22432961
2016-06-27,2.8399999141693115,3.1600000858306885,2.819999933242798,3.0899999141693115,2.420987129211426,12934815
2016-06-28,3.049999952316284,3.0799999237060547,2.9700000286102295,3.0299999713897705,2.3739776611328125,4258740
2016-06-29,3.049999952316284,3.190000057220459,3.0199999809265137,3.180000066757202,2.4915013313293457,5134905
2016-06-30,3.190000057220459,3.190000057220459,2.950000047683716,3.0399999618530273,2.381812572479248,9116445
2016-07-04,3.069999933242798,3.130000114440918,3.059999942779541,3.0999999046325684,2.428821563720703,3479332
2016-07-05,3.130000114440918,3.1500000953674316,3.0899999141693115,3.0999999046325684,2.428821563720703,2209000
2016-07-06,3.0999999046325684,3.0999999046325684,3.049999952316284,3.0899999141693115,2.420987129211426,1356444
2016-07-07,3.1500000953674316,3.1500000953674316,3.069999933242798,3.140000104904175,2.4601616859436035,1702000
2016-07-08,3.0999999046325684,3.240000009536743,3.0899999141693115,3.1500000953674316,2.46799635887146,3544000
2016-07-11,3.0999999046325684,3.1600000858306885,3.0999999046325684,3.119999885559082,2.4444921016693115,2006000
2016-07-12,3.0999999046325684,3.240000009536743,3.0999999046325684,3.190000057220459,2.4993362426757812,10764191
2016-07-13,3.200000047683716,3.25,3.190000057220459,3.2200000286102295,2.522841215133667,4347447
2016-07-14,3.25,3.3299999237060547,3.200000047683716,3.309999942779541,2.593355178833008,4505136
2016-07-15,3.3399999141693115,3.390000104904175,3.25,3.2799999713897705,2.569850444793701,3598719
2016-07-18,3.259999990463257,3.259999990463257,3.2200000286102295,3.25,2.5463454723358154,5284295
2016-07-19,3.25,3.319999933242798,3.2200000286102295,3.25,2.5463454723358154,2630000
2016-07-20,3.240000009536743,3.259999990463257,3.2100000381469727,3.2300000190734863,2.5306758880615234,1872874
2016-07-21,3.259999990463257,3.259999990463257,3.1500000953674316,3.1700000762939453,2.4836666584014893,1931773
2016-07-22,3.1700000762939453,3.2699999809265137,3.069999933242798,3.259999990463257,2.554180383682251,3945852
2016-07-25,3.25,3.4600000381469727,3.2100000381469727,3.4200000762939453,2.679539203643799,3806896
2016-07-26,3.4200000762939453,3.4200000762939453,3.369999885559082,3.4100000858306885,2.6717042922973633,1343184
2016-07-27,3.4100000858306885,3.4700000286102295,3.359999895095825,3.390000104904175,2.656034469604492,2084251
2016-07-28,3.390000104904175,3.4600000381469727,3.390000104904175,3.4100000858306885,2.6717042922973633,3314074
2016-07-29,3.359999895095825,3.4100000858306885,3.3499999046325684,3.380000114440918,2.6481997966766357,3792420
2016-08-01,3.380000114440918,3.4100000858306885,3.3499999046325684,3.4000000953674316,2.6638691425323486,2704074
2016-08-02,3.4000000953674316,3.4000000953674316,3.4000000953674316,3.4000000953674316,2.6638691425323486,0
2016-08-03,3.369999885559082,3.4000000953674316,3.2899999618530273,3.3299999237060547,2.6090247631073,4409934
2016-08-04,3.319999933242798,3.319999933242798,3.2799999713897705,3.2899999618530273,2.5776853561401367,3858000
2016-08-05,3.2799999713897705,3.359999895095825,3.2699999809265137,3.299999952316284,2.585519790649414,10652000
2016-08-08,3.359999895095825,3.4000000953674316,3.319999933242798,3.369999885559082,2.640364408493042,1983477
2016-08-09,3.369999885559082,3.369999885559082,3.2899999618530273,3.2899999618530273,2.5776853561401367,2136000
2016-08-10,3.2899999618530273,3.319999933242798,3.2799999713897705,3.299999952316284,2.585519790649414,2499176
2016-08-11,3.3499999046325684,3.369999885559082,3.3299999237060547,3.359999895095825,2.6325294971466064,1790000
2016-08-12,3.3499999046325684,3.380000114440918,3.299999952316284,3.319999933242798,2.6011900901794434,2646296
2016-08-15,3.3499999046325684,3.3499999046325684,3.2799999713897705,3.2899999618530273,2.5776853561401367,3650222
2016-08-16,3.299999952316284,3.3299999237060547,3.240000009536743,3.2699999809265137,2.5620155334472656,2382000
2016-08-17,3.299999952316284,3.369999885559082,3.25,3.299999952316284,2.585519790649414,3512597
2016-08-18,3.3299999237060547,3.3299999237060547,3.2799999713897705,3.319999933242798,2.6011900901794434,3829334
2016-08-19,3.319999933242798,3.3499999046325684,3.2799999713897705,3.299999952316284,2.585519790649414,642888
2016-08-22,3.299999952316284,3.309999942779541,3.190000057220459,3.2300000190734863,2.5306758880615234,1471703
2016-08-23,3.2100000381469727,3.2300000190734863,3.1600000858306885,3.180000066757202,2.4915013313293457,1546000
2016-08-24,3.180000066757202,3.2100000381469727,3.1700000762939453,3.200000047683716,2.5071709156036377,636000
2016-08-25,3.200000047683716,3.200000047683716,3.180000066757202,3.200000047683716,2.5071709156036377,986000
2016-08-26,3.190000057220459,3.240000009536743,3.180000066757202,3.2300000190734863,2.5306758880615234,1010740
2016-08-29,3.240000009536743,3.259999990463257,3.200000047683716,3.2200000286102295,2.522841215133667,2090000
2016-08-30,3.240000009536743,3.2699999809265137,3.2300000190734863,3.25,2.5463454723358154,2997112
2016-08-31,3.25,3.2699999809265137,3.2200000286102295,3.2200000286102295,2.522841215133667,2928000
2016-09-01,3.0999999046325684,3.119999885559082,3.069999933242798,3.0999999046325684,2.4710285663604736,2924000
2016-09-02,3.0799999237060547,3.0999999046325684,2.9000000953674316,2.9700000286102295,2.367405414581299,5012000
2016-09-05,2.9700000286102295,3.0,2.9600000381469727,2.9800000190734863,2.3753764629364014,3370000
2016-09-06,2.990000009536743,3.049999952316284,2.990000009536743,3.0399999618530273,2.4232027530670166,2786000
2016-09-07,3.0,3.049999952316284,2.9200000762939453,2.940000057220459,2.343491792678833,4103989
2016-09-08,2.940000057220459,2.9700000286102295,2.9200000762939453,2.950000047683716,2.3514630794525146,4190074
2016-09-09,2.930000066757202,3.009999990463257,2.9200000762939453,2.990000009536743,2.3833470344543457,6615234
2016-09-12,2.950000047683716,3.0,2.859999895095825,2.890000104904175,2.3036365509033203,2003101
2016-09-13,2.890000104904175,2.930000066757202,2.890000104904175,2.9000000953674316,2.311607599258423,1164214
2016-09-14,2.880000114440918,2.950000047683716,2.859999895095825,2.9200000762939453,2.327549934387207,1230813
2016-09-15,2.950000047683716,3.069999933242798,2.890000104904175,3.069999933242798,2.447115898132324,28446058
2016-09-19,3.049999952316284,3.0799999237060547,3.0399999618530273,3.049999952316284,2.43117356300354,2584898
2016-09-20,3.059999942779541,3.0799999237060547,3.0199999809265137,3.059999942779541,2.4391446113586426,3053885
2016-09-21,3.049999952316284,3.069999933242798,3.0299999713897705,3.059999942779541,2.4391446113586426,7438889
2016-09-22,3.069999933242798,3.1600000858306885,3.069999933242798,3.130000114440918,2.4949421882629395,5435117
2016-09-23,3.119999885559082,3.140000104904175,3.0999999046325684,3.140000104904175,2.502913475036621,2053500
2016-09-26,3.130000114440918,3.130000114440918,3.069999933242798,3.0899999141693115,2.4630579948425293,2389712
2016-09-27,3.0899999141693115,3.140000104904175,3.0899999141693115,3.0899999141693115,2.4630579948425293,4429050
2016-09-28,3.0999999046325684,3.119999885559082,3.0899999141693115,3.0999999046325684,2.4710285663604736,2829528
2016-09-29,3.109999895095825,3.3299999237060547,3.109999895095825,3.2899999618530273,2.6224794387817383,17792148
2016-09-30,3.2699999809265137,3.299999952316284,3.25,3.2899999618530273,2.6224794387817383,3728000
2016-10-03,3.299999952316284,3.4200000762939453,3.1500000953674316,3.200000047683716,2.550739288330078,10086048
2016-10-04,3.180000066757202,3.259999990463257,3.180000066757202,3.25,2.59059476852417,1275944
2016-10-05,3.259999990463257,3.380000114440918,3.259999990463257,3.3299999237060547,2.6543631553649902,4761874
2016-10-06,3.3299999237060547,3.3499999046325684,3.2799999713897705,3.299999952316284,2.6304497718811035,5946000
2016-10-07,3.299999952316284,3.309999942779541,3.25,3.2899999618530273,2.6224794387817383,2315101
2016-10-11,3.309999942779541,3.430000066757202,3.240000009536743,3.3299999237060547,2.6543631553649902,15718740
2016-10-12,3.3499999046325684,3.4100000858306885,3.3399999141693115,3.4000000953674316,2.710160970687866,4573038
2016-10-13,3.4000000953674316,3.509999990463257,3.369999885559082,3.509999990463257,2.797842502593994,8355111
2016-10-14,3.5,3.509999990463257,3.4100000858306885,3.450000047683716,2.750016212463379,11428100
2016-10-17,3.4200000762939453,3.4700000286102295,3.3299999237060547,3.3499999046325684,2.6703052520751953,8187207
2016-10-18,3.380000114440918,3.4600000381469727,3.3299999237060547,3.4200000762939453,2.726102828979492,1496825
2016-10-19,3.440000057220459,3.509999990463257,3.440000057220459,3.4600000381469727,2.7579872608184814,3951912
2016-10-20,3.490000009536743,3.490000009536743,3.2799999713897705,3.2899999618530273,2.6224794387817383,4579381
2016-10-21,3.2899999618530273,3.2899999618530273,3.2899999618530273,3.2899999618530273,2.6224794387817383,0
2016-10-24,3.309999942779541,3.380000114440918,3.309999942779541,3.3499999046325684,2.6703052520751953,3298167
2016-10-25,3.3399999141693115,3.700000047683716,3.3299999237060547,3.680000066757202,2.9333505630493164,28374393
2016-10-26,3.6700000762939453,3.740000009536743,3.5799999237060547,3.690000057220459,2.941321849822998,8417789
2016-10-27,3.6700000762939453,3.680000066757202,3.5,3.640000104904175,2.9014663696289062,8534011
2016-10-28,3.609999895095825,3.6500000953674316,3.509999990463257,3.5299999713897705,2.813784599304199,4837821
2016-10-31,3.559999942779541,3.609999895095825,3.509999990463257,3.549999952316284,2.829726457595825,3391193
2016-11-01,3.549999952316284,3.609999895095825,3.509999990463257,3.549999952316284,2.829726457595825,3239617
2016-11-02,3.5399999618530273,3.549999952316284,3.440000057220459,3.4700000286102295,2.765958070755005,4022000
2016-11-03,3.440000057220459,3.5399999618530273,3.4000000953674316,3.440000057220459,2.7420451641082764,4566237
2016-11-04,3.4000000953674316,3.549999952316284,3.369999885559082,3.4000000953674316,2.710160970687866,7232660
2016-11-07,3.440000057220459,3.569999933242798,3.359999895095825,3.5,2.7898714542388916,4129128
2016-11-08,3.5,3.549999952316284,3.4800000190734863,3.490000009536743,2.781900644302368,2768969
2016-11-09,3.4800000190734863,3.509999990463257,3.2899999618530273,3.4200000762939453,2.726102828979492,7818200
2016-11-10,3.450000047683716,3.490000009536743,3.4200000762939453,3.430000066757202,2.734074115753174,2826069
2016-11-11,3.4000000953674316,3.450000047683716,3.299999952316284,3.309999942779541,2.6384212970733643,2461610
2016-11-14,3.2899999618530273,3.309999942779541,3.119999885559082,3.1700000762939453,2.5268266201019287,5217440
2016-11-15,3.200000047683716,3.3499999046325684,3.190000057220459,3.3299999237060547,2.6543631553649902,6479884
2016-11-16,3.380000114440918,3.4000000953674316,3.3399999141693115,3.4000000953674316,2.710160970687866,2885900
2016-11-17,3.359999895095825,3.390000104904175,3.3299999237060547,3.380000114440918,2.6942191123962402,550069
2016-11-18,3.380000114440918,3.380000114440918,3.2799999713897705,3.380000114440918,2.6942191123962402,1100326
2016-11-21,3.3499999046325684,3.380000114440918,3.259999990463257,3.2899999618530273,2.6224794387817383,2312471
2016-11-22,3.3299999237060547,3.3299999237060547,3.259999990463257,3.319999933242798,2.6463921070098877,2052514
2016-11-23,3.319999933242798,3.5,3.319999933242798,3.4600000381469727,2.7579872608184814,5740836
2016-11-24,3.490000009536743,3.549999952316284,3.380000114440918,3.4800000190734863,2.7739293575286865,13858255
2016-11-25,3.450000047683716,3.509999990463257,3.390000104904175,3.430000066757202,2.734074115753174,6422654
2016-11-28,3.450000047683716,3.4700000286102295,3.4000000953674316,3.430000066757202,2.734074115753174,3814500
2016-11-29,3.450000047683716,3.490000009536743,3.4000000953674316,3.490000009536743,2.781900644302368,1911852
2016-11-30,3.5,3.5399999618530273,3.4600000381469727,3.4800000190734863,2.7739293575286865,3030133
2016-12-01,3.4800000190734863,3.5399999618530273,3.4800000190734863,3.5299999713897705,2.813784599304199,1019830
2016-12-02,3.5299999713897705,3.5299999713897705,3.4100000858306885,3.440000057220459,2.7420451641082764,3733070
2016-12-05,3.4100000858306885,3.4200000762939453,3.3399999141693115,3.369999885559082,2.6862473487854004,4542000
2016-12-06,3.299999952316284,3.359999895095825,3.299999952316284,3.3399999141693115,2.70242977142334,2621571
2016-12-07,3.3499999046325684,3.3499999046325684,3.2799999713897705,3.3299999237060547,2.69433856010437,1736363
2016-12-08,3.3399999141693115,3.3499999046325684,3.2799999713897705,3.299999952316284,2.67006516456604,2944408
2016-12-09,3.299999952316284,3.299999952316284,3.240000009536743,3.25,2.6296095848083496,3319329
2016-12-12,3.2899999618530273,3.2899999618530273,3.140000104904175,3.1500000953674316,2.548698902130127,3696707
2016-12-13,3.1700000762939453,3.200000047683716,3.1500000953674316,3.190000057220459,2.5810635089874268,1270000
2016-12-14,3.180000066757202,3.2100000381469727,3.1500000953674316,3.190000057220459,2.5810635089874268,3077073
2016-12-15,3.200000047683716,3.2100000381469727,3.180000066757202,3.2100000381469727,2.597245454788208,3389950
2016-12-16,3.2100000381469727,3.2200000286102295,3.119999885559082,3.140000104904175,2.5406081676483154,3542477
2016-12-19,3.140000104904175,3.140000104904175,3.0299999713897705,3.059999942779541,2.4758787155151367,3253940
2016-12-20,3.059999942779541,3.0799999237060547,2.9800000190734863,3.009999990463257,2.4354233741760254,3847297
2016-12-21,3.009999990463257,3.1500000953674316,3.0,3.1500000953674316,2.548698902130127,3547716
2016-12-22,3.109999895095825,3.140000104904175,3.059999942779541,3.0899999141693115,2.500152111053467,2505350
2016-12-23,3.049999952316284,3.109999895095825,3.0299999713897705,3.0299999713897705,2.4516055583953857,2780299
2016-12-28,3.009999990463257,3.119999885559082,3.009999990463257,3.119999885559082,2.524425745010376,2995508
2016-12-29,3.109999895095825,3.119999885559082,3.059999942779541,3.0799999237060547,2.492060899734497,2736155
2016-12-30,3.059999942779541,3.109999895095825,3.059999942779541,3.0799999237060547,2.492060899734497,984000
2017-01-03,3.0999999046325684,3.2699999809265137,3.0999999046325684,3.2699999809265137,2.645792245864868,4353781
2017-01-04,3.299999952316284,3.299999952316284,3.190000057220459,3.2200000286102295,2.6053366661071777,4183567
2017-01-05,3.2200000286102295,3.299999952316284,3.190000057220459,3.2100000381469727,2.597245454788208,3658000
2017-01-06,3.25,3.25,3.190000057220459,3.200000047683716,2.5891542434692383,2958590
2017-01-09,3.180000066757202,3.180000066757202,3.1500000953674316,3.1700000762939453,2.5648813247680664,2811691
2017-01-10,3.1700000762939453,3.2300000190734863,3.1600000858306885,3.190000057220459,2.5810635089874268,3365500
2017-01-11,3.1700000762939453,3.200000047683716,3.140000104904175,3.1600000858306885,2.5567901134490967,2519066
2017-01-12,3.190000057220459,3.190000057220459,3.109999895095825,3.140000104904175,2.5406081676483154,1590000
2017-01-13,3.1600000858306885,3.180000066757202,3.140000104904175,3.1700000762939453,2.5648813247680664,1841811
2017-01-16,3.180000066757202,3.25,3.140000104904175,3.200000047683716,2.5891542434692383,3037132
2017-01-17,3.190000057220459,3.2100000381469727,3.0399999618530273,3.069999933242798,2.4839699268341064,14008382
2017-01-18,3.069999933242798,3.0999999046325684,3.0299999713897705,3.069999933242798,2.4839699268341064,6134005
2017-01-19,3.0899999141693115,3.1600000858306885,3.069999933242798,3.140000104904175,2.5406081676483154,14971089
2017-01-20,3.1600000858306885,3.1700000762939453,3.0799999237060547,3.0999999046325684,2.5082430839538574,14402325
2017-01-23,3.130000114440918,3.130000114440918,3.0999999046325684,3.109999895095825,2.516334295272827,3752042
2017-01-24,3.130000114440918,3.140000104904175,3.0799999237060547,3.109999895095825,2.516334295272827,2296018
2017-01-25,3.0999999046325684,3.119999885559082,3.069999933242798,3.0999999046325684,2.5082430839538574,1125995
2017-01-26,3.0899999141693115,3.119999885559082,3.0899999141693115,3.0999999046325684,2.5082430839538574,991790
2017-01-27,3.130000114440918,3.130000114440918,3.049999952316284,3.0999999046325684,2.5082430839538574,1213004
2017-02-01,3.119999885559082,3.130000114440918,3.069999933242798,3.119999885559082,2.524425745010376,1518000
2017-02-02,3.119999885559082,3.119999885559082,3.0799999237060547,3.0799999237060547,2.492060899734497,3400448
2017-02-03,3.109999895095825,3.3299999237060547,3.0899999141693115,3.2899999618530273,2.6619744300842285,25604252
2017-02-06,3.299999952316284,3.430000066757202,3.299999952316284,3.390000104904175,2.7428858280181885,15894645
2017-02-07,3.380000114440918,3.380000114440918,3.2799999713897705,3.2899999618530273,2.6619744300842285,7862650
2017-02-08,3.259999990463257,3.2899999618530273,3.2200000286102295,3.25,2.6296095848083496,12514500
2017-02-09,3.259999990463257,3.319999933242798,3.25,3.2699999809265137,2.645792245864868,5169169
2017-02-10,3.2699999809265137,3.2799999713897705,3.2300000190734863,3.25,2.6296095848083496,4834000
2017-02-13,3.25,3.2799999713897705,3.200000047683716,3.240000009536743,2.621518850326538,5084415
2017-02-14,3.25,3.2799999713897705,3.2100000381469727,3.259999990463257,2.6377007961273193,3638959
2017-02-15,3.2699999809265137,3.359999895095825,3.259999990463257,3.3399999141693115,2.70242977142334,6461064
2017-02-16,3.3399999141693115,3.359999895095825,3.2799999713897705,3.299999952316284,2.67006516456604,3214041
2017-02-17,3.299999952316284,3.4000000953674316,3.2699999809265137,3.380000114440918,2.7347943782806396,8103796
2017-02-20,3.4000000953674316,3.4200000762939453,3.299999952316284,3.4100000858306885,2.7590677738189697,8046000
2017-02-21,3.4000000953674316,3.450000047683716,3.359999895095825,3.390000104904175,2.7428858280181885,4027581
2017-02-22,3.390000104904175,3.4200000762939453,3.309999942779541,3.319999933242798,2.6862473487854004,5550344
2017-02-23,3.319999933242798,3.3299999237060547,3.2100000381469727,3.2200000286102295,2.6053366661071777,7540299
2017-02-24,3.2200000286102295,3.259999990463257,3.2200000286102295,3.2200000286102295,2.6053366661071777,4438205
2017-02-27,3.200000047683716,3.25,3.180000066757202,3.200000047683716,2.5891542434692383,1548000
2017-02-28,3.200000047683716,3.200000047683716,3.1700000762939453,3.1700000762939453,2.5648813247680664,1781348
2017-03-01,3.1600000858306885,3.240000009536743,3.1600000858306885,3.240000009536743,2.621518850326538,3936000
2017-03-02,3.240000009536743,3.259999990463257,3.180000066757202,3.2100000381469727,2.597245454788208,5033000
2017-03-03,3.200000047683716,3.2100000381469727,3.1500000953674316,3.1700000762939453,2.5648813247680664,6565500
2017-03-06,3.1600000858306885,3.190000057220459,3.109999895095825,3.119999885559082,2.524425745010376,5391005
2017-03-07,3.109999895095825,3.1500000953674316,3.109999895095825,3.109999895095825,2.516334295272827,7157320
2017-03-08,3.130000114440918,3.1500000953674316,3.109999895095825,3.130000114440918,2.5325169563293457,1541452
2017-03-09,3.130000114440918,3.130000114440918,3.049999952316284,3.0799999237060547,2.492060899734497,6439527
2017-03-10,3.0899999141693115,3.1600000858306885,3.069999933242798,3.140000104904175,2.5406081676483154,3570107
2017-03-13,3.130000114440918,3.1700000762939453,3.109999895095825,3.1700000762939453,2.5648813247680664,2822688
2017-03-14,3.1600000858306885,3.1600000858306885,3.0799999237060547,3.0799999237060547,2.492060899734497,4401625
2017-03-15,3.0899999141693115,3.130000114440918,3.0799999237060547,3.119999885559082,2.524425745010376,2206286
2017-03-16,3.109999895095825,3.140000104904175,3.109999895095825,3.119999885559082,2.524425745010376,2340000
2017-03-17,3.119999885559082,3.140000104904175,3.0899999141693115,3.140000104904175,2.5406081676483154,2421793
2017-03-20,3.140000104904175,3.1500000953674316,3.0999999046325684,3.140000104904175,2.5406081676483154,3120000
2017-03-21,3.119999885559082,3.1600000858306885,3.109999895095825,3.119999885559082,2.524425745010376,7068918
2017-03-22,3.109999895095825,3.119999885559082,3.069999933242798,3.0899999141693115,2.500152111053467,5772029
2017-03-23,3.0999999046325684,3.109999895095825,3.0799999237060547,3.0899999141693115,2.500152111053467,2216171
2017-03-24,3.0899999141693115,3.0999999046325684,3.0799999237060547,3.0799999237060547,2.492060899734497,3032083
2017-03-27,3.0799999237060547,3.0999999046325684,3.059999942779541,3.0799999237060547,2.492060899734497,3404000
2017-03-28,3.0799999237060547,3.0799999237060547,3.059999942779541,3.069999933242798,2.4839699268341064,1124836
2017-03-29,3.0899999141693115,3.0999999046325684,3.069999933242798,3.069999933242798,2.4839699268341064,1934000
2017-03-30,3.069999933242798,3.0899999141693115,3.049999952316284,3.069999933242798,2.4839699268341064,2716784
2017-03-31,3.069999933242798,3.069999933242798,3.0399999618530273,3.059999942779541,2.4758787155151367,5344000
2017-04-03,3.059999942779541,3.0799999237060547,3.059999942779541,3.0799999237060547,2.492060899734497,4713482
2017-04-05,3.0999999046325684,3.130000114440918,3.0899999141693115,3.130000114440918,2.5325169563293457,5891702
2017-04-06,3.140000104904175,3.1500000953674316,3.109999895095825,3.130000114440918,2.5325169563293457,2079618
2017-04-07,3.130000114440918,3.130000114440918,3.0799999237060547,3.0899999141693115,2.500152111053467,3506710
2017-04-10,3.069999933242798,3.119999885559082,3.069999933242798,3.0899999141693115,2.500152111053467,3328524
2017-04-11,3.0899999141693115,3.0999999046325684,3.059999942779541,3.0799999237060547,2.492060899734497,3128000
2017-04-12,3.069999933242798,3.0899999141693115,3.049999952316284,3.059999942779541,2.4758787155151367,3181933
2017-04-13,3.059999942779541,3.130000114440918,3.059999942779541,3.0899999141693115,2.500152111053467,7532000
2017-04-18,3.0999999046325684,3.119999885559082,3.0399999618530273,3.0799999237060547,2.492060899734497,3594000
2017-04-19,3.0799999237060547,3.0799999237060547,3.0399999618530273,3.0799999237060547,2.492060899734497,2793560
2017-04-20,3.059999942779541,3.0799999237060547,3.049999952316284,3.0799999237060547,2.492060899734497,1698961
2017-04-21,3.0799999237060547,3.0799999237060547,3.0399999618530273,3.049999952316284,2.467787504196167,4201284
2017-04-24,3.049999952316284,3.0899999141693115,3.049999952316284,3.0899999141693115,2.500152111053467,3843796
2017-04-25,3.0999999046325684,3.0999999046325684,3.049999952316284,3.069999933242798,2.4839699268341064,2606099
2017-04-26,3.069999933242798,3.0899999141693115,3.0399999618530273,3.0799999237060547,2.492060899734497,10208650
2017-04-27,3.0899999141693115,3.309999942779541,3.0799999237060547,3.299999952316284,2.67006516456604,23232816
2017-04-28,3.2799999713897705,3.3499999046325684,3.259999990463257,3.3299999237060547,2.69433856010437,7108525
2017-05-02,3.3499999046325684,3.3499999046325684,3.25,3.319999933242798,2.6862473487854004,7720000
2017-05-04,3.3499999046325684,3.450000047683716,3.319999933242798,3.4100000858306885,2.7590677738189697,9354242
2017-05-05,3.380000114440918,3.4000000953674316,3.299999952316284,3.3499999046325684,2.7105209827423096,5185111
2017-05-08,3.369999885559082,3.380000114440918,3.299999952316284,3.319999933242798,2.6862473487854004,3437709
2017-05-09,3.3499999046325684,3.4200000762939453,3.259999990463257,3.380000114440918,2.7347943782806396,6014998
2017-05-10,3.380000114440918,3.4000000953674316,3.309999942779541,3.309999942779541,2.6781563758850098,3716005
2017-05-11,3.299999952316284,3.309999942779541,3.2799999713897705,3.2899999618530273,2.6619744300842285,9765000
2017-05-12,3.2899999618530273,3.3499999046325684,3.2899999618530273,3.299999952316284,2.67006516456604,2466083
2017-05-15,3.3299999237060547,3.369999885559082,3.309999942779541,3.3399999141693115,2.70242977142334,2559798
2017-05-16,3.3299999237060547,3.369999885559082,3.299999952316284,3.3299999237060547,2.69433856010437,2511720
2017-05-17,3.309999942779541,3.369999885559082,3.299999952316284,3.3399999141693115,2.70242977142334,3120000
2017-05-18,3.3499999046325684,3.640000104904175,3.309999942779541,3.559999942779541,2.880434036254883,25173478
2017-05-19,3.5799999237060547,3.5999999046325684,3.5199999809265137,3.559999942779541,2.880434036254883,6222961
2017-05-22,3.5899999141693115,3.619999885559082,3.5299999713897705,3.5799999237060547,2.896616220474243,5092000
2017-05-23,3.5799999237060547,3.5999999046325684,3.5,3.549999952316284,2.872343063354492,5130267
2017-05-24,3.559999942779541,3.5999999046325684,3.5199999809265137,3.5899999141693115,2.904707431793213,2739200
2017-05-25,3.5999999046325684,3.7699999809265137,3.559999942779541,3.7100000381469727,3.001801013946533,11193900
2017-05-26,3.680000066757202,3.7300000190734863,3.6600000858306885,3.680000066757202,2.977527618408203,9575407
2017-05-29,3.6500000953674316,3.7899999618530273,3.640000104904175,3.700000047683716,2.9937098026275635,5252000
2017-05-31,3.680000066757202,3.7300000190734863,3.6500000953674316,3.690000057220459,2.9856185913085938,10867991
2017-06-01,3.7100000381469727,3.7100000381469727,3.5799999237060547,3.619999885559082,2.928980588912964,4907655
2017-06-02,3.5999999046325684,3.690000057220459,3.559999942779541,3.690000057220459,2.9856185913085938,3994846
2017-06-05,3.690000057220459,3.7300000190734863,3.619999885559082,3.640000104904175,2.9451632499694824,2410640
2017-06-06,3.630000114440918,3.6600000858306885,3.5999999046325684,3.619999885559082,2.928980588912964,2152061
2017-06-07,3.5999999046325684,3.609999895095825,3.4200000762939453,3.4800000190734863,2.8157055377960205,7761593
2017-06-08,3.4800000190734863,3.5399999618530273,3.450000047683716,3.5299999713897705,2.856160879135132,4098013
2017-06-09,3.559999942779541,3.5899999141693115,3.5,3.5299999713897705,2.856160879135132,5443854
2017-06-12,3.5299999713897705,3.559999942779541,3.4800000190734863,3.5199999809265137,2.848069667816162,2184587
2017-06-13,3.5199999809265137,3.549999952316284,3.509999990463257,3.5299999713897705,2.856160879135132,2272000
2017-06-14,3.549999952316284,3.6600000858306885,3.5199999809265137,3.619999885559082,2.928980588912964,2836301
2017-06-15,3.630000114440918,3.640000104904175,3.299999952316284,3.319999933242798,2.6862473487854004,16799683
2017-06-16,3.2799999713897705,3.2899999618530273,3.0999999046325684,3.130000114440918,2.5325169563293457,29671163
2017-06-19,3.119999885559082,3.1600000858306885,3.0799999237060547,3.0999999046325684,2.5082430839538574,8701340
2017-06-20,3.0999999046325684,3.180000066757202,3.0999999046325684,3.180000066757202,2.572972297668457,11924710
2017-06-21,3.180000066757202,3.190000057220459,3.0899999141693115,3.0999999046325684,2.5082430839538574,7464949
2017-06-22,3.0999999046325684,3.140000104904175,3.0999999046325684,3.130000114440918,2.5325169563293457,6853238
2017-06-23,3.130000114440918,3.130000114440918,3.0999999046325684,3.0999999046325684,2.5082430839538574,6678495
2017-06-26,3.109999895095825,3.119999885559082,3.0799999237060547,3.0799999237060547,2.492060899734497,5376000
2017-06-27,3.0899999141693115,3.0999999046325684,3.049999952316284,3.049999952316284,2.467787504196167,4782000
2017-06-28,3.049999952316284,3.0799999237060547,3.0199999809265137,3.0799999237060547,2.492060899734497,5353190
2017-06-29,3.0899999141693115,3.0999999046325684,3.049999952316284,3.069999933242798,2.4839699268341064,1426000
2017-06-30,3.069999933242798,3.0899999141693115,3.049999952316284,3.0799999237060547,2.492060899734497,1591086
2017-07-03,3.059999942779541,3.0799999237060547,3.059999942779541,3.069999933242798,2.4839699268341064,1428000
2017-07-04,3.069999933242798,3.130000114440918,3.069999933242798,3.0899999141693115,2.500152111053467,3919200
2017-07-05,3.0999999046325684,3.130000114440918,3.0899999141693115,3.109999895095825,2.516334295272827,2551000
2017-07-06,3.0999999046325684,3.130000114440918,3.0999999046325684,3.119999885559082,2.524425745010376,1418000
2017-07-07,3.109999895095825,3.109999895095825,3.049999952316284,3.049999952316284,2.467787504196167,4374307
2017-07-10,3.059999942779541,3.0799999237060547,3.049999952316284,3.059999942779541,2.4758787155151367,2289140
2017-07-11,3.049999952316284,3.0799999237060547,3.049999952316284,3.069999933242798,2.4839699268341064,3337774
2017-07-12,3.0899999141693115,3.0899999141693115,3.059999942779541,3.059999942779541,2.4758787155151367,1523090
2017-07-13,3.059999942779541,3.0899999141693115,3.059999942779541,3.059999942779541,2.4758787155151367,3391551
2017-07-14,3.059999942779541,3.0899999141693115,3.059999942779541,3.069999933242798,2.4839699268341064,3202787
2017-07-17,3.069999933242798,3.0899999141693115,3.059999942779541,3.059999942779541,2.4758787155151367,2990000
2017-07-18,3.069999933242798,3.0799999237060547,3.0199999809265137,3.0299999713897705,2.4516055583953857,10806240
2017-07-19,3.0299999713897705,3.0399999618530273,3.0199999809265137,3.0199999809265137,2.443514585494995,3988000
2017-07-20,3.0199999809265137,3.049999952316284,3.0,3.0,2.4273321628570557,7348000
2017-07-21,3.0,3.0299999713897705,3.0,3.009999990463257,2.4354233741760254,4837055
2017-07-24,3.0,3.0199999809265137,3.0,3.0,2.4273321628570557,2072000
2017-07-25,3.0,3.0299999713897705,3.0,3.0,2.4273321628570557,2005129
2017-07-26,3.0,3.0299999713897705,2.9800000190734863,2.9800000190734863,2.4111499786376953,3566000
2017-07-27,2.9800000190734863,2.9800000190734863,2.9200000762939453,2.9200000762939453,2.3626034259796143,10187180
2017-07-28,2.9200000762939453,2.950000047683716,2.9000000953674316,2.940000057220459,2.3787856101989746,3446000
2017-07-31,2.930000066757202,2.940000057220459,2.869999885559082,2.869999885559082,2.322147846221924,6412373
2017-08-01,2.859999895095825,2.859999895095825,2.7699999809265137,2.7799999713897705,2.2493276596069336,15172100
2017-08-02,2.799999952316284,2.859999895095825,2.7799999713897705,2.8499999046325684,2.3059656620025635,9085208
2017-08-03,2.8499999046325684,2.8499999046325684,2.809999942779541,2.8399999141693115,2.2978744506835938,4555101
2017-08-04,2.8499999046325684,2.869999885559082,2.8399999141693115,2.859999895095825,2.314056634902954,1824000
2017-08-07,2.8499999046325684,2.9200000762939453,2.8499999046325684,2.9100000858306885,2.3545122146606445,2888786
2017-08-08,2.9000000953674316,2.9200000762939453,2.880000114440918,2.9000000953674316,2.346421003341675,2442411
2017-08-09,2.9000000953674316,2.9100000858306885,2.859999895095825,2.859999895095825,2.314056634902954,2921405
2017-08-10,2.8499999046325684,2.880000114440918,2.809999942779541,2.8299999237060547,2.289783239364624,3999202
2017-08-11,2.8299999237060547,2.8299999237060547,2.7799999713897705,2.7799999713897705,2.2493276596069336,5844179
2017-08-14,2.7699999809265137,2.8299999237060547,2.7699999809265137,2.799999952316284,2.265510082244873,2357562
2017-08-15,2.8299999237060547,2.8299999237060547,2.799999952316284,2.799999952316284,2.265510082244873,4648000
2017-08-16,2.819999933242798,2.819999933242798,2.7899999618530273,2.799999952316284,2.265510082244873,1108000
2017-08-17,2.809999942779541,2.809999942779541,2.7899999618530273,2.799999952316284,2.265510082244873,944000
2017-08-18,2.7899999618530273,2.809999942779541,2.7799999713897705,2.7899999618530273,2.2574188709259033,1318444
2017-08-21,2.7899999618530273,2.799999952316284,2.7799999713897705,2.7899999618530273,2.2574188709259033,1170419
2017-08-22,2.799999952316284,2.819999933242798,2.7799999713897705,2.799999952316284,2.265510082244873,2750000
2017-08-23,2.799999952316284,2.799999952316284,2.799999952316284,2.799999952316284,2.265510082244873,0
2017-08-24,2.799999952316284,2.859999895095825,2.7899999618530273,2.8499999046325684,2.3059656620025635,2882676
2017-08-25,2.8499999046325684,2.9700000286102295,2.8499999046325684,2.9700000286102295,2.4030590057373047,8300000
2017-08-28,2.9700000286102295,2.9800000190734863,2.950000047683716,2.9800000190734863,2.4111499786376953,6567082
2017-08-29,2.9700000286102295,2.9700000286102295,2.9100000858306885,2.950000047683716,2.3868765830993652,3634800
2017-08-30,2.9800000190734863,2.990000009536743,2.9600000381469727,2.9800000190734863,2.4111499786376953,4876074
2017-08-31,2.9000000953674316,2.9000000953674316,2.8499999046325684,2.859999895095825,2.3778927326202393,2224008
2017-09-01,2.859999895095825,2.890000104904175,2.859999895095825,2.880000114440918,2.394521713256836,1998274
2017-09-04,2.880000114440918,2.880000114440918,2.880000114440918,2.880000114440918,2.394521713256836,0
2017-09-05,2.8399999141693115,2.8499999046325684,2.819999933242798,2.8299999237060547,2.352949857711792,1254000
2017-09-06,2.809999942779541,2.869999885559082,2.799999952316284,2.869999885559082,2.386207103729248,1794000
2017-09-07,2.859999895095825,2.869999885559082,2.8299999237060547,2.859999895095825,2.3778927326202393,1568509
2017-09-08,2.859999895095825,2.869999885559082,2.8299999237060547,2.8499999046325684,2.3695781230926514,1386666
2017-09-11,2.8499999046325684,2.9700000286102295,2.8499999046325684,2.9600000381469727,2.461035966873169,5466146
2017-09-12,2.9600000381469727,2.9800000190734863,2.9200000762939453,2.950000047683716,2.45272159576416,2128000
2017-09-13,2.9800000190734863,2.9800000190734863,2.890000104904175,2.890000104904175,2.4028358459472656,2140000
2017-09-14,2.9100000858306885,2.9000000953674316,2.859999895095825,2.859999895095825,2.3778927326202393,2872439
2017-09-15,2.880000114440918,2.880000114440918,2.8299999237060547,2.8299999237060547,2.352949857711792,3759670
2017-09-18,2.8299999237060547,2.880000114440918,2.8299999237060547,2.859999895095825,2.3778927326202393,4454745
2017-09-19,2.869999885559082,2.869999885559082,2.8399999141693115,2.8399999141693115,2.3612637519836426,1935500
2017-09-20,2.8399999141693115,2.859999895095825,2.8399999141693115,2.8499999046325684,2.3695781230926514,1708000
2017-09-21,2.8499999046325684,2.9000000953674316,2.8499999046325684,2.890000104904175,2.4028358459472656,3332000
2017-09-22,2.890000104904175,2.890000104904175,2.8499999046325684,2.859999895095825,2.3778927326202393,1189828
2017-09-25,2.9000000953674316,2.9800000190734863,2.880000114440918,2.950000047683716,2.45272159576416,13549890
2017-09-26,2.950000047683716,2.9600000381469727,2.9000000953674316,2.950000047683716,2.45272159576416,5388866
2017-09-27,2.950000047683716,3.069999933242798,2.950000047683716,3.059999942779541,2.5441789627075195,15327926
2017-09-28,3.0899999141693115,3.0999999046325684,3.0,3.009999990463257,2.5026073455810547,5358000
2017-09-29,3.059999942779541,3.0999999046325684,3.0299999713897705,3.049999952316284,2.5358645915985107,10272000
2017-10-03,3.140000104904175,3.1500000953674316,3.0799999237060547,3.0999999046325684,2.5774359703063965,11204346
2017-10-04,3.109999895095825,3.119999885559082,3.0299999713897705,3.069999933242798,2.5524933338165283,5510000
2017-10-06,3.069999933242798,3.0799999237060547,2.9700000286102295,2.990000009536743,2.485978841781616,6662058
2017-10-09,3.0,3.0299999713897705,2.9800000190734863,2.9800000190734863,2.4776647090911865,3360000
2017-10-10,3.0,3.0,2.950000047683716,2.990000009536743,2.485978841781616,1997226
2017-10-11,2.9700000286102295,2.990000009536743,2.950000047683716,2.9700000286102295,2.4693503379821777,5320000
2017-10-12,2.9700000286102295,2.9800000190734863,2.9100000858306885,2.930000066757202,2.4360928535461426,4366211
2017-10-13,2.930000066757202,2.940000057220459,2.880000114440918,2.940000057220459,2.4444069862365723,2378000
2017-10-16,2.940000057220459,2.940000057220459,2.9200000762939453,2.940000057220459,2.4444069862365723,2628286
2017-10-17,2.940000057220459,2.950000047683716,2.9100000858306885,2.9200000762939453,2.427778720855713,2327189
2017-10-18,2.9200000762939453,2.9200000762939453,2.890000104904175,2.890000104904175,2.4028358459472656,2313677
2017-10-19,2.9000000953674316,2.9100000858306885,2.8399999141693115,2.8399999141693115,2.3612637519836426,5573805
2017-10-20,2.8499999046325684,2.869999885559082,2.799999952316284,2.799999952316284,2.3280067443847656,11933635
2017-10-23,2.809999942779541,2.8499999046325684,2.799999952316284,2.799999952316284,2.3280067443847656,13157597
2017-10-24,2.799999952316284,2.8399999141693115,2.799999952316284,2.819999933242798,2.344635486602783,4595566
2017-10-25,2.819999933242798,2.859999895095825,2.819999933242798,2.8299999237060547,2.352949857711792,5569736
2017-10-26,2.8299999237060547,2.8299999237060547,2.799999952316284,2.819999933242798,2.344635486602783,4285657
2017-10-27,2.819999933242798,2.8399999141693115,2.809999942779541,2.8399999141693115,2.3612637519836426,1539817
2017-10-30,2.8399999141693115,2.8399999141693115,2.809999942779541,2.819999933242798,2.344635486602783,1423500
2017-10-31,2.819999933242798,2.859999895095825,2.819999933242798,2.8299999237060547,2.352949857711792,2065823
2017-11-01,2.8499999046325684,2.859999895095825,2.8299999237060547,2.859999895095825,2.3778927326202393,1845079
2017-11-02,2.8499999046325684,2.880000114440918,2.8499999046325684,2.859999895095825,2.3778927326202393,5871443
2017-11-03,2.880000114440918,2.890000104904175,2.859999895095825,2.869999885559082,2.386207103729248,4307937
2017-11-06,2.9000000953674316,2.9000000953674316,2.8499999046325684,2.869999885559082,2.386207103729248,2119222
2017-11-07,2.869999885559082,2.9000000953674316,2.859999895095825,2.869999885559082,2.386207103729248,4726504
2017-11-08,2.869999885559082,2.940000057220459,2.869999885559082,2.9100000858306885,2.419464349746704,5876724
2017-11-09,2.9000000953674316,2.9200000762939453,2.9000000953674316,2.9000000953674316,2.4111499786376953,5025229
2017-11-10,2.9000000953674316,2.9200000762939453,2.880000114440918,2.9000000953674316,2.4111499786376953,4141877
2017-11-13,2.9000000953674316,2.9000000953674316,2.8299999237060547,2.859999895095825,2.3778927326202393,2455000
2017-11-14,2.8499999046325684,2.8499999046325684,2.7899999618530273,2.809999942779541,2.3363211154937744,6755696
2017-11-15,2.809999942779541,2.8499999046325684,2.809999942779541,2.8499999046325684,2.3695781230926514,2424313
2017-11-16,2.8299999237060547,2.8399999141693115,2.809999942779541,2.8299999237060547,2.352949857711792,1932000
2017-11-17,2.819999933242798,2.8299999237060547,2.809999942779541,2.809999942779541,2.3363211154937744,1807623
2017-11-20,2.819999933242798,2.8299999237060547,2.7799999713897705,2.809999942779541,2.3363211154937744,4131297
2017-11-21,2.809999942779541,2.809999942779541,2.7899999618530273,2.799999952316284,2.3280067443847656,2480704
2017-11-22,2.799999952316284,2.8399999141693115,2.799999952316284,2.8299999237060547,2.352949857711792,2940000
2017-11-23,2.8499999046325684,2.930000066757202,2.819999933242798,2.9000000953674316,2.4111499786376953,13154246
2017-11-24,3.0999999046325684,3.25,3.009999990463257,3.0199999809265137,2.5109217166900635,45482552
2017-11-27,3.049999952316284,3.0899999141693115,3.0,3.0799999237060547,2.560807704925537,11799765
2017-11-28,3.0899999141693115,3.0999999046325684,3.0199999809265137,3.069999933242798,2.5524933338165283,6113652
2017-11-29,3.0899999141693115,3.0899999141693115,3.0399999618530273,3.0399999618530273,2.527550220489502,3854000
2017-11-30,3.049999952316284,3.049999952316284,2.9700000286102295,3.009999990463257,2.5026073455810547,7238687
2017-12-01,3.0399999618530273,3.0399999618530273,2.990000009536743,3.0,2.494292974472046,4743695
2017-12-04,3.0299999713897705,3.0299999713897705,2.9600000381469727,2.990000009536743,2.485978841781616,3031050
2017-12-05,2.9700000286102295,3.009999990463257,2.9700000286102295,3.0,2.494292974472046,3492338
2017-12-06,2.9800000190734863,2.9800000190734863,2.9000000953674316,2.940000057220459,2.473262071609497,6573437
2017-12-07,2.9200000762939453,2.9600000381469727,2.880000114440918,2.890000104904175,2.431199789047241,3122584
2017-12-08,2.890000104904175,2.950000047683716,2.859999895095825,2.940000057220459,2.473262071609497,2235291
2017-12-11,2.9200000762939453,2.9700000286102295,2.890000104904175,2.9200000762939453,2.456437349319458,4573911
2017-12-12,2.9100000858306885,2.9600000381469727,2.859999895095825,2.940000057220459,2.473262071609497,9897459
2017-12-13,2.9100000858306885,2.9800000190734863,2.9100000858306885,2.9800000190734863,2.5069119930267334,3339000
2017-12-14,2.940000057220459,3.0,2.940000057220459,2.9800000190734863,2.5069119930267334,3118018
2017-12-15,2.950000047683716,2.990000009536743,2.950000047683716,2.990000009536743,2.515324115753174,2746442
2017-12-18,2.990000009536743,3.059999942779541,2.9800000190734863,3.059999942779541,2.574211359024048,7827224
2017-12-19,3.059999942779541,3.059999942779541,3.009999990463257,3.0299999713897705,2.54897403717041,2232523
2017-12-20,3.0299999713897705,3.059999942779541,3.0299999713897705,3.049999952316284,2.5657989978790283,3521507
2017-12-21,3.0899999141693115,3.109999895095825,3.069999933242798,3.0899999141693115,2.5994489192962646,4208925
2017-12-22,3.0899999141693115,3.0999999046325684,3.0199999809265137,3.049999952316284,2.5657989978790283,2607046
2017-12-27,3.059999942779541,3.059999942779541,3.0,3.0299999713897705,2.54897403717041,2472916
2017-12-28,3.009999990463257,3.0399999618530273,3.0,3.0299999713897705,2.54897403717041,1499943
2017-12-29,3.0399999618530273,3.0399999618530273,3.0,3.009999990463257,2.532149076461792,2168836
2018-01-02,3.009999990463257,3.049999952316284,3.009999990463257,3.0399999618530273,2.5573863983154297,3063698
2018-01-03,3.049999952316284,3.049999952316284,3.009999990463257,3.0299999713897705,2.54897403717041,3162000
2018-01-04,3.049999952316284,3.1500000953674316,3.049999952316284,3.0999999046325684,2.607861042022705,13757109
2018-01-05,3.0999999046325684,3.119999885559082,3.0899999141693115,3.119999885559082,2.6246860027313232,7174076
2018-01-08,3.0999999046325684,3.109999895095825,3.0899999141693115,3.0899999141693115,2.5994489192962646,5186000
2018-01-09,3.0899999141693115,3.119999885559082,3.0899999141693115,3.0999999046325684,2.607861042022705,4547359
2018-01-10,3.119999885559082,3.119999885559082,3.0899999141693115,3.109999895095825,2.6162736415863037,2625675
2018-01-11,3.0999999046325684,3.109999895095825,3.059999942779541,3.0899999141693115,2.5994489192962646,4390300
2018-01-12,3.140000104904175,3.180000066757202,3.130000114440918,3.1500000953674316,2.649923324584961,11946115
2018-01-15,3.130000114440918,3.1600000858306885,3.059999942779541,3.069999933242798,2.5826239585876465,5505360
2018-01-16,3.069999933242798,3.1600000858306885,3.069999933242798,3.109999895095825,2.6162736415863037,5785450
2018-01-17,3.140000104904175,3.1500000953674316,3.0999999046325684,3.119999885559082,2.6246860027313232,3188175
2018-01-18,3.1500000953674316,3.2300000190734863,3.1500000953674316,3.2300000190734863,2.7172231674194336,13566324
2018-01-19,3.2300000190734863,3.309999942779541,3.200000047683716,3.309999942779541,2.784522533416748,14116147
2018-01-22,3.319999933242798,3.4200000762939453,3.309999942779541,3.4200000762939453,2.8770596981048584,12203278
2018-01-23,3.4200000762939453,3.4200000762939453,3.3499999046325684,3.380000114440918,2.843410015106201,9888676
2018-01-24,3.380000114440918,3.4200000762939453,3.309999942779541,3.3399999141693115,2.809760093688965,4975221
2018-01-25,3.3499999046325684,3.380000114440918,3.299999952316284,3.369999885559082,2.8349974155426025,5299007
2018-01-26,3.369999885559082,3.4600000381469727,3.369999885559082,3.4600000381469727,2.9107093811035156,12020808
2018-01-29,3.4800000190734863,3.5,3.4200000762939453,3.440000057220459,2.8938846588134766,6881500
2018-01-30,3.4200000762939453,3.430000066757202,3.319999933242798,3.359999895095825,2.826584815979004,7475398
2018-01-31,3.3499999046325684,3.430000066757202,3.2899999618530273,3.4000000953674316,2.8602349758148193,5648592
2018-02-01,3.4000000953674316,3.4100000858306885,3.3299999237060547,3.4000000953674316,2.8602349758148193,3857283
2018-02-02,3.4000000953674316,3.4000000953674316,3.3399999141693115,3.380000114440918,2.843410015106201,1703199
2018-02-05,3.3299999237060547,3.3499999046325684,3.240000009536743,3.3499999046325684,2.8181726932525635,4660155
2018-02-06,3.2100000381469727,3.259999990463257,3.1600000858306885,3.200000047683716,2.691985607147217,6846166
2018-02-07,3.2200000286102295,3.259999990463257,3.140000104904175,3.140000104904175,2.6415109634399414,4682501
2018-02-08,3.130000114440918,3.190000057220459,3.109999895095825,3.119999885559082,2.6246860027313232,3358670
2018-02-09,3.0299999713897705,3.0999999046325684,2.9800000190734863,3.0999999046325684,2.607861042022705,7121725
2018-02-12,3.0999999046325684,3.140000104904175,3.059999942779541,3.0799999237060547,2.591036319732666,4176885
2018-02-13,3.0999999046325684,3.109999895095825,3.0799999237060547,3.0899999141693115,2.5994489192962646,2902204
2018-02-14,3.0999999046325684,3.119999885559082,3.0799999237060547,3.109999895095825,2.6162736415863037,1680140
2018-02-15,3.1500000953674316,3.180000066757202,3.140000104904175,3.1500000953674316,2.649923324584961,1217057
2018-02-20,3.180000066757202,3.2699999809265137,3.1500000953674316,3.240000009536743,2.7256357669830322,4365647
2018-02-21,3.2300000190734863,3.259999990463257,3.2200000286102295,3.259999990463257,2.7424604892730713,2635872
2018-02-22,3.2200000286102295,3.3299999237060547,3.1700000762939453,3.3299999237060547,2.8013477325439453,5167882
2018-02-23,3.3399999141693115,3.380000114440918,3.2899999618530273,3.380000114440918,2.843410015106201,5962208
2018-02-26,3.4000000953674316,3.4000000953674316,3.3399999141693115,3.359999895095825,2.826584815979004,3145295
2018-02-27,3.4000000953674316,3.4000000953674316,3.299999952316284,3.4000000953674316,2.8602349758148193,5197803
2018-02-28,3.5999999046325684,3.5999999046325684,3.4600000381469727,3.5899999141693115,3.020071506500244,21944155
2018-03-01,3.5899999141693115,3.6500000953674316,3.509999990463257,3.619999885559082,3.045308828353882,8848383
2018-03-02,3.5899999141693115,3.6500000953674316,3.5299999713897705,3.630000114440918,3.0537216663360596,7378029
2018-03-05,3.630000114440918,3.700000047683716,3.619999885559082,3.700000047683716,3.1126084327697754,10077180
2018-03-06,3.7100000381469727,3.7699999809265137,3.6500000953674316,3.7699999809265137,3.1714954376220703,9959564
2018-03-07,3.75,3.799999952316284,3.6600000858306885,3.75,3.1546707153320312,9434229
2018-03-08,3.7300000190734863,3.799999952316284,3.7200000286102295,3.740000009536743,3.1462583541870117,3914460
2018-03-09,3.740000009536743,3.7699999809265137,3.7100000381469727,3.759999990463257,3.16308331489563,4253309
2018-03-12,3.740000009536743,3.799999952316284,3.7200000286102295,3.7799999713897705,3.179908037185669,5729038
2018-03-13,3.799999952316284,3.869999885559082,3.740000009536743,3.869999885559082,3.255620002746582,6029681
2018-03-14,3.8399999141693115,4.239999771118164,3.8399999141693115,4.230000019073486,3.558468818664551,36197569
2018-03-15,4.230000019073486,4.429999828338623,4.150000095367432,4.360000133514404,3.6678307056427,29942613
2018-03-16,4.360000133514404,4.480000019073486,4.300000190734863,4.420000076293945,3.7183051109313965,21699644
2018-03-19,4.400000095367432,4.420000076293945,4.099999904632568,4.110000133514404,3.457519292831421,16054422
2018-03-20,4.050000190734863,4.239999771118164,4.050000190734863,4.130000114440918,3.474344253540039,6618043
2018-03-21,4.130000114440918,4.170000076293945,4.010000228881836,4.050000190734863,3.4070446491241455,4276000
2018-03-22,4.050000190734863,4.099999904632568,3.930000066757202,4.0,3.3649821281433105,6903319
2018-03-23,3.8499999046325684,4.050000190734863,3.809999942779541,4.039999961853027,3.398632049560547,13392954
2018-03-26,4.0,4.0,3.9000000953674316,3.940000057220459,3.314507484436035,5457200
2018-03-27,3.9600000381469727,4.099999904632568,3.9600000381469727,4.03000020980835,3.3902196884155273,5212174
2018-03-28,4.0,4.03000020980835,3.9000000953674316,3.930000066757202,3.3060951232910156,1500583
2018-03-29,3.930000066757202,4.090000152587891,3.890000104904175,4.059999942779541,3.415457010269165,4356000
2018-04-03,4.050000190734863,4.320000171661377,4.03000020980835,4.25,3.575293779373169,8854419
2018-04-04,4.349999904632568,4.380000114440918,4.239999771118164,4.329999923706055,3.6425931453704834,11914921
2018-04-06,4.340000152587891,4.670000076293945,4.300000190734863,4.630000114440918,3.8949668407440186,17914442
2018-04-09,4.610000133514404,4.630000114440918,4.5,4.630000114440918,3.8949668407440186,11728727
2018-04-10,4.630000114440918,4.650000095367432,4.429999828338623,4.550000190734863,3.827667236328125,8644038
2018-04-11,4.519999980926514,4.599999904632568,4.389999866485596,4.409999847412109,3.709892749786377,6432895
2018-04-12,4.400000095367432,4.400000095367432,4.300000190734863,4.329999923706055,3.6425931453704834,5876000
2018-04-13,4.550000190734863,4.800000190734863,4.550000190734863,4.650000095367432,3.9117918014526367,20137004
2018-04-16,4.639999866485596,4.860000133514404,4.610000133514404,4.860000133514404,4.08845329284668,12631591
2018-04-17,4.860000133514404,4.909999847412109,4.71999979019165,4.789999961853027,4.029565811157227,13200976
2018-04-18,4.760000228881836,4.860000133514404,4.71999979019165,4.78000020980835,4.021153926849365,4316325
2018-04-19,4.820000171661377,4.889999866485596,4.760000228881836,4.829999923706055,4.063215732574463,3307030
2018-04-20,4.829999923706055,4.829999923706055,4.699999809265137,4.739999771118164,3.9875035285949707,4434603
2018-04-23,4.75,4.78000020980835,4.679999828338623,4.730000019073486,3.979091167449951,2076123
2018-04-24,4.679999828338623,4.760000228881836,4.670000076293945,4.730000019073486,3.979091167449951,2698000
2018-04-25,4.800000190734863,4.889999866485596,4.730000019073486,4.869999885559082,4.096865653991699,9062587
2018-04-26,4.869999885559082,4.889999866485596,4.800000190734863,4.829999923706055,4.063215732574463,3969153
2018-04-27,4.829999923706055,5.039999961853027,4.800000190734863,5.03000020980835,4.231464862823486,10856603
2018-04-30,5.019999980926514,5.03000020980835,4.880000114440918,4.900000095367432,4.122103214263916,8269960
2018-05-02,4.909999847412109,5.099999904632568,4.860000133514404,5.099999904632568,4.2903523445129395,10144256
2018-05-03,5.050000190734863,5.090000152587891,4.960000038146973,5.03000020980835,4.231464862823486,7659908
2018-05-04,4.96999979019165,5.159999847412109,4.940000057220459,5.059999942779541,4.256702423095703,14101000
2018-05-07,5.150000095367432,5.480000019073486,5.119999885559082,5.440000057220459,4.576375961303711,15267227
2018-05-08,5.5,5.679999828338623,5.420000076293945,5.630000114440918,4.736212253570557,15211638
2018-05-09,5.619999885559082,5.650000095367432,5.480000019073486,5.599999904632568,4.71097469329834,5915557
2018-05-10,5.599999904632568,5.650000095367432,5.440000057220459,5.449999809265137,4.5847883224487305,5958820
2018-05-11,5.429999828338623,5.579999923706055,5.400000095367432,5.460000038146973,4.593200206756592,7519415
2018-05-14,5.46999979019165,5.590000152587891,5.46999979019165,5.519999980926514,4.643675327301025,7778095
2018-05-15,5.519999980926514,5.630000114440918,5.46999979019165,5.599999904632568,4.71097469329834,5896001
2018-05-16,5.590000152587891,5.599999904632568,5.46999979019165,5.539999961853027,4.6605000495910645,2590172
2018-05-17,5.550000190734863,5.670000076293945,5.46999979019165,5.5,4.626850128173828,6405518
2018-05-18,5.53000020980835,5.53000020980835,5.230000019073486,5.25,4.416539192199707,17451933
2018-05-21,5.25,5.480000019073486,5.25,5.420000076293945,4.559550762176514,11229312
2018-05-23,5.480000019073486,5.53000020980835,5.420000076293945,5.440000057220459,4.576375961303711,7231643
2018-05-24,5.400000095367432,5.409999847412109,5.230000019073486,5.260000228881836,4.424951553344727,13695885
2018-05-25,5.260000228881836,5.300000190734863,5.070000171661377,5.269999980926514,4.433364391326904,8706680
2018-05-28,5.289999961853027,5.369999885559082,5.179999828338623,5.239999771118164,4.408126354217529,5801233
2018-05-29,5.239999771118164,5.269999980926514,5.150000095367432,5.190000057220459,4.36606502532959,7726176
2018-05-30,5.170000076293945,5.170000076293945,4.929999828338623,5.119999885559082,4.307177543640137,9779546
2018-05-31,5.099999904632568,5.619999885559082,5.079999923706055,5.619999885559082,4.727799892425537,18621231
2018-06-01,5.599999904632568,5.599999904632568,5.449999809265137,5.53000020980835,4.652088165283203,3302309
2018-06-04,5.510000228881836,5.639999866485596,5.480000019073486,5.579999923706055,4.694149971008301,4302841
2018-06-05,5.550000190734863,5.650000095367432,5.53000020980835,5.630000114440918,4.736212253570557,5920233
2018-06-06,5.630000114440918,5.659999847412109,5.480000019073486,5.519999980926514,4.643675327301025,5941972
2018-06-07,5.510000228881836,5.71999979019165,5.460000038146973,5.699999809265137,4.795099258422852,7140568
2018-06-08,5.699999809265137,5.71999979019165,5.510000228881836,5.570000171661377,4.6857380867004395,6086000
2018-06-11,5.550000190734863,5.760000228881836,5.539999961853027,5.650000095367432,4.753037452697754,5671722
2018-06-12,5.639999866485596,5.920000076293945,5.630000114440918,5.809999942779541,4.887636661529541,10366961
2018-06-13,5.840000152587891,5.849999904632568,5.619999885559082,5.710000038146973,4.803512096405029,3056000
2018-06-14,5.710000038146973,5.710000038146973,5.53000020980835,5.579999923706055,4.694149971008301,3496000
2018-06-15,5.590000152587891,5.639999866485596,5.369999885559082,5.400000095367432,4.542726039886475,7277392
2018-06-19,5.340000152587891,5.480000019073486,5.210000038146973,5.349999904632568,4.500663757324219,10112325
2018-06-20,5.380000114440918,5.460000038146973,5.349999904632568,5.420000076293945,4.559550762176514,4432879
2018-06-21,5.5,5.599999904632568,5.25,5.539999961853027,4.6605000495910645,17078754
2018-06-22,5.480000019073486,5.820000171661377,5.449999809265137,5.760000228881836,4.845574378967285,17222729
2018-06-25,5.71999979019165,5.75,5.119999885559082,5.210000038146973,4.382889270782471,17705520
2018-06-26,5.119999885559082,5.300000190734863,5.059999942779541,5.090000152587891,4.28193998336792,12050025
2018-06-27,5.150000095367432,5.28000020980835,4.75,4.789999961853027,4.029565811157227,18612500
2018-06-28,4.769999980926514,5.070000171661377,4.760000228881836,4.929999828338623,4.147340297698975,17134343
2018-06-29,4.96999979019165,5.050000190734863,4.920000076293945,4.980000019073486,4.1894025802612305,9833012
2018-07-03,4.960000038146973,4.960000038146973,4.650000095367432,4.800000190734863,4.0379791259765625,19570236
2018-07-04,4.769999980926514,4.789999961853027,4.570000171661377,4.679999828338623,3.9370288848876953,13598000
2018-07-05,4.599999904632568,4.699999809265137,4.449999809265137,4.5,3.785604953765869,8352224
2018-07-06,4.519999980926514,4.599999904632568,4.449999809265137,4.53000020980835,3.810842275619507,6055750
2018-07-09,4.610000133514404,4.75,4.599999904632568,4.75,3.9959163665771484,5252919
2018-07-10,4.829999923706055,4.880000114440918,4.71999979019165,4.820000171661377,4.054803848266602,6997795
2018-07-11,4.71999979019165,4.849999904632568,4.650000095367432,4.800000190734863,4.0379791259765625,4777365
2018-07-12,4.800000190734863,4.849999904632568,4.659999847412109,4.699999809265137,3.9538540840148926,5692200
2018-07-13,4.78000020980835,4.78000020980835,4.610000133514404,4.639999866485596,3.903379201889038,5130000
2018-07-16,4.639999866485596,4.650000095367432,4.449999809265137,4.510000228881836,3.794017791748047,5294364
2018-07-17,4.610000133514404,4.610000133514404,4.099999904632568,4.380000114440918,3.6846556663513184,23004953
2018-07-18,4.46999979019165,4.46999979019165,4.289999961853027,4.329999923706055,3.6425931453704834,14745145
2018-07-19,4.360000133514404,4.389999866485596,4.110000133514404,4.119999885559082,3.4659314155578613,9917066
2018-07-20,4.119999885559082,4.260000228881836,4.099999904632568,4.179999828338623,3.516406297683716,13958825
2018-07-23,4.170000076293945,4.239999771118164,4.059999942779541,4.090000152587891,3.4406943321228027,6658736
2018-07-24,4.139999866485596,4.28000020980835,4.119999885559082,4.25,3.575293779373169,8010000
2018-07-25,4.309999942779541,4.400000095367432,4.199999809265137,4.210000038146973,3.5416438579559326,12258411
2018-07-26,4.21999979019165,4.300000190734863,4.170000076293945,4.230000019073486,3.558468818664551,7998000
2018-07-27,4.239999771118164,4.380000114440918,4.230000019073486,4.349999904632568,3.6594181060791016,5512800
2018-07-30,4.349999904632568,4.400000095367432,4.179999828338623,4.239999771118164,3.566880941390991,5322800
2018-07-31,4.239999771118164,4.25,4.170000076293945,4.179999828338623,3.516406297683716,3318000
2018-08-01,4.210000038146973,4.320000171661377,4.210000038146973,4.260000228881836,3.5837061405181885,9078000
2018-08-02,4.269999980926514,4.300000190734863,4.210000038146973,4.260000228881836,3.5837061405181885,6266264
2018-08-03,4.300000190734863,4.300000190734863,4.159999847412109,4.170000076293945,3.5079939365386963,5760195
2018-08-06,4.179999828338623,4.239999771118164,4.079999923706055,4.079999923706055,3.432281732559204,2837575
2018-08-07,4.059999942779541,4.199999809265137,4.050000190734863,4.190000057220459,3.5248188972473145,2754473
2018-08-08,4.199999809265137,4.25,4.110000133514404,4.139999866485596,3.4827563762664795,3745200
2018-08-09,4.170000076293945,4.309999942779541,4.139999866485596,4.269999980926514,3.592118501663208,7240825
2018-08-10,4.28000020980835,4.309999942779541,4.179999828338623,4.190000057220459,3.5248188972473145,8467956
2018-08-13,4.099999904632568,4.190000057220459,4.099999904632568,4.139999866485596,3.4827563762664795,3779558
2018-08-14,4.210000038146973,4.210000038146973,3.990000009536743,4.039999961853027,3.398632049560547,4322000
2018-08-15,4.039999961853027,4.059999942779541,3.859999895095825,3.890000104904175,3.2724452018737793,8182000
2018-08-16,3.819999933242798,4.090000152587891,3.759999990463257,3.930000066757202,3.3060951232910156,4714996
2018-08-17,3.9800000190734863,4.039999961853027,3.859999895095825,3.9000000953674316,3.280857563018799,5726025
2018-08-20,3.9100000858306885,4.0,3.880000114440918,3.9200000762939453,3.297682762145996,8792000
2018-08-21,3.950000047683716,4.090000152587891,3.950000047683716,4.019999980926514,3.3818070888519287,8190000
2018-08-22,4.050000190734863,4.139999866485596,3.990000009536743,4.019999980926514,3.3818070888519287,4949580
2018-08-23,4.039999961853027,4.050000190734863,3.950000047683716,4.010000228881836,3.3733949661254883,2503500
2018-08-24,3.990000009536743,4.03000020980835,3.950000047683716,3.990000009536743,3.356569766998291,1694000
2018-08-27,4.03000020980835,4.349999904632568,4.03000020980835,4.349999904632568,3.6594181060791016,9258859
2018-08-28,4.349999904632568,4.369999885559082,4.159999847412109,4.230000019073486,3.558468818664551,10465731
2018-08-29,4.210000038146973,4.239999771118164,4.150000095367432,4.199999809265137,3.533231258392334,2690000
2018-08-30,4.25,4.260000228881836,4.179999828338623,4.199999809265137,3.533231258392334,5298000
2018-08-31,4.179999828338623,4.199999809265137,4.119999885559082,4.150000095367432,3.4911692142486572,3950000
2018-09-03,4.150000095367432,4.150000095367432,4.0,4.019999980926514,3.3818070888519287,6116241
2018-09-04,4.0,4.079999923706055,3.990000009536743,4.050000190734863,3.4070446491241455,4222000
2018-09-05,3.950000047683716,4.050000190734863,3.799999952316284,3.809999942779541,3.2946290969848633,8796058
2018-09-06,3.799999952316284,3.8499999046325684,3.7200000286102295,3.7899999618530273,3.277334690093994,3714000
2018-09-07,3.75,3.8299999237060547,3.690000057220459,3.759999990463257,3.2513926029205322,3167904
2018-09-10,3.799999952316284,3.8399999141693115,3.700000047683716,3.759999990463257,3.2513926029205322,4686000
2018-09-11,3.799999952316284,3.7899999618530273,3.5,3.5,3.026562213897705,7080592
2018-09-12,3.5899999141693115,3.5899999141693115,3.4600000381469727,3.569999933242798,3.0870935916900635,5896945
2018-09-13,3.5999999046325684,3.890000104904175,3.5999999046325684,3.8399999141693115,3.320571184158325,10627311
2018-09-14,3.8499999046325684,3.930000066757202,3.7799999713897705,3.890000104904175,3.3638079166412354,6570000
2018-09-17,3.890000104904175,3.9100000858306885,3.7799999713897705,3.859999895095825,3.3378655910491943,5018074
2018-09-18,3.809999942779541,3.930000066757202,3.7899999618530273,3.819999933242798,3.303276538848877,6092000
2018-09-19,3.930000066757202,3.930000066757202,3.799999952316284,3.799999952316284,3.2859818935394287,7468000
2018-09-20,3.8499999046325684,4.019999980926514,3.799999952316284,4.0,3.458928346633911,8550104
2018-09-21,4.03000020980835,4.130000114440918,3.950000047683716,4.099999904632568,3.5454013347625732,12568879
2018-09-24,4.119999885559082,4.130000114440918,4.019999980926514,4.03000020980835,3.484870433807373,5928328
2018-09-26,4.019999980926514,4.090000152587891,4.0,4.050000190734863,3.5021650791168213,3948012
2018-09-27,4.059999942779541,4.170000076293945,4.019999980926514,4.159999847412109,3.597285270690918,5626365
2018-09-28,4.150000095367432,4.340000152587891,4.139999866485596,4.340000152587891,3.752937078475952,9856017
2018-10-02,4.349999904632568,4.349999904632568,4.010000228881836,4.059999942779541,3.510812282562256,10123934
2018-10-03,4.090000152587891,4.179999828338623,4.059999942779541,4.119999885559082,3.5626962184906006,5388000
2018-10-04,4.139999866485596,4.179999828338623,4.070000171661377,4.119999885559082,3.5626962184906006,4262000
2018-10-05,4.119999885559082,4.199999809265137,4.070000171661377,4.199999809265137,3.6318745613098145,5538235
2018-10-08,4.210000038146973,4.239999771118164,3.869999885559082,3.880000114440918,3.3551604747772217,9852000
2018-10-09,3.9100000858306885,3.930000066757202,3.7799999713897705,3.7799999713897705,3.2686872482299805,6304000
2018-10-10,3.8299999237060547,3.859999895095825,3.759999990463257,3.7899999618530273,3.277334690093994,3100000
2018-10-11,3.609999895095825,3.640000104904175,3.4800000190734863,3.5999999046325684,3.1130354404449463,14543348
2018-10-12,3.6500000953674316,3.6500000953674316,3.549999952316284,3.5799999237060547,3.095740795135498,5194000
2018-10-15,3.549999952316284,3.609999895095825,3.390000104904175,3.450000047683716,2.983325481414795,11670000
2018-10-16,3.4600000381469727,3.5299999713897705,3.299999952316284,3.3499999046325684,2.8968522548675537,8017520
2018-10-18,3.3399999141693115,3.3499999046325684,3.2100000381469727,3.299999952316284,2.8536157608032227,7358000
2018-10-19,3.0999999046325684,3.119999885559082,2.9200000762939453,3.059999942779541,2.6460800170898438,22807340
2018-10-22,3.059999942779541,3.200000047683716,3.049999952316284,3.1700000762939453,2.7412006855010986,11144000
2018-10-23,3.190000057220459,3.259999990463257,3.049999952316284,3.069999933242798,2.6547272205352783,12200000
2018-10-24,3.069999933242798,3.119999885559082,3.0,3.059999942779541,2.6460800170898438,3845722
2018-10-25,3.0299999713897705,3.059999942779541,2.9700000286102295,3.0399999618530273,2.6287853717803955,5766300
2018-10-26,3.0299999713897705,3.1500000953674316,2.9800000190734863,3.0,2.594196319580078,3905410
2018-10-29,3.009999990463257,3.109999895095825,2.9800000190734863,3.0,2.594196319580078,6065926
2018-10-30,3.0,3.0199999809265137,2.9000000953674316,2.950000047683716,2.550959825515747,3648498
2018-10-31,3.0,3.0199999809265137,2.9600000381469727,3.009999990463257,2.6028435230255127,3621559
2018-11-01,3.009999990463257,3.1500000953674316,3.009999990463257,3.109999895095825,2.689316749572754,7528000
2018-11-02,3.1700000762939453,3.309999942779541,3.1700000762939453,3.299999952316284,2.8536157608032227,10628583
2018-11-05,3.200000047683716,3.319999933242798,3.0999999046325684,3.180000066757202,2.749847888946533,3768011
2018-11-06,3.200000047683716,3.25,3.1500000953674316,3.2100000381469727,2.775789976119995,3034004
2018-11-07,3.2100000381469727,3.3499999046325684,3.1700000762939453,3.309999942779541,2.8622629642486572,6171907
2018-11-08,3.359999895095825,3.4100000858306885,3.2899999618530273,3.369999885559082,2.914146900177002,8496215
2018-11-09,3.369999885559082,3.369999885559082,3.259999990463257,3.309999942779541,2.8622629642486572,3836384
2018-11-12,3.3299999237060547,3.440000057220459,3.3299999237060547,3.4200000762939453,2.957383632659912,3728697
2018-11-13,3.3499999046325684,3.490000009536743,3.309999942779541,3.4800000190734863,3.009267568588257,5214384
2018-11-14,3.490000009536743,3.490000009536743,3.3399999141693115,3.4100000858306885,2.9487364292144775,8503254
2018-11-15,3.4100000858306885,3.4700000286102295,3.3399999141693115,3.380000114440918,2.9227943420410156,9102943
2018-11-16,3.4100000858306885,3.4700000286102295,3.359999895095825,3.430000066757202,2.966031074523926,6284000
2018-11-19,3.4800000190734863,3.4800000190734863,3.4000000953674316,3.4600000381469727,2.9919729232788086,5568837
2018-11-20,3.4000000953674316,3.4100000858306885,3.3299999237060547,3.380000114440918,2.9227943420410156,3963076
2018-11-21,3.359999895095825,3.5199999809265137,3.259999990463257,3.5,3.026562213897705,19286806
2018-11-22,3.390000104904175,3.390000104904175,3.0999999046325684,3.1500000953674316,2.7239060401916504,41379634
2018-11-23,3.140000104904175,3.180000066757202,3.130000114440918,3.1700000762939453,2.7412006855010986,7750000
2018-11-26,3.180000066757202,3.2899999618530273,3.1600000858306885,3.2300000190734863,2.7930843830108643,13801438
2018-11-27,3.2300000190734863,3.2699999809265137,3.180000066757202,3.190000057220459,2.758495330810547,13785376
2018-11-28,3.2300000190734863,3.240000009536743,3.1700000762939453,3.190000057220459,2.758495330810547,11126205
2018-11-29,3.240000009536743,3.240000009536743,3.180000066757202,3.180000066757202,2.749847888946533,6130077
2018-11-30,3.180000066757202,3.190000057220459,3.1500000953674316,3.1700000762939453,2.7412006855010986,10182181
2018-12-03,3.2100000381469727,3.3299999237060547,3.2100000381469727,3.319999933242798,2.870910406112671,17385538
2018-12-04,3.180000066757202,3.2699999809265137,3.1600000858306885,3.200000047683716,2.826742649078369,5223847
2018-12-05,3.180000066757202,3.180000066757202,3.130000114440918,3.1700000762939453,2.8002419471740723,3259846
2018-12-06,3.1600000858306885,3.1600000858306885,3.059999942779541,3.0799999237060547,2.7207396030426025,8258000
2018-12-07,3.0799999237060547,3.0799999237060547,3.049999952316284,3.049999952316284,2.6942389011383057,2461906
2018-12-10,3.009999990463257,3.059999942779541,2.990000009536743,3.009999990463257,2.658904790878296,4116002
2018-12-11,3.0,3.069999933242798,2.9600000381469727,3.0199999809265137,2.667738199234009,7216000
2018-12-12,3.0399999618530273,3.0999999046325684,3.0,3.009999990463257,2.658904790878296,5980000
2018-12-13,3.009999990463257,3.0799999237060547,3.0,3.0199999809265137,2.667738199234009,6136000
2018-12-14,3.049999952316284,3.049999952316284,2.9600000381469727,2.9700000286102295,2.623570442199707,9179532
2018-12-17,2.950000047683716,2.990000009536743,2.930000066757202,2.940000057220459,2.59706974029541,5336377
2018-12-18,2.950000047683716,2.990000009536743,2.9000000953674316,2.9200000762939453,2.5794026851654053,7566445
2018-12-19,2.940000057220459,2.940000057220459,2.859999895095825,2.869999885559082,2.5352346897125244,6851170
2018-12-20,2.8499999046325684,2.880000114440918,2.7899999618530273,2.7899999618530273,2.464566230773926,7774569
2018-12-21,2.799999952316284,2.809999942779541,2.75,2.7799999713897705,2.455732583999634,14523035
2018-12-24,2.7799999713897705,2.8299999237060547,2.759999990463257,2.819999933242798,2.4910669326782227,997624
2018-12-27,2.819999933242798,2.880000114440918,2.819999933242798,2.869999885559082,2.5352346897125244,2776000
2018-12-28,2.8299999237060547,2.9100000858306885,2.8299999237060547,2.880000114440918,2.5440683364868164,2255398
2018-12-31,2.9000000953674316,2.9700000286102295,2.890000104904175,2.9600000381469727,2.614736795425415,3326000
2019-01-02,2.9600000381469727,2.9600000381469727,2.880000114440918,2.9000000953674316,2.5617356300354004,2430000
2019-01-03,2.880000114440918,2.9000000953674316,2.819999933242798,2.8399999141693115,2.5087339878082275,4967308
2019-01-04,2.819999933242798,2.8499999046325684,2.7899999618530273,2.809999942779541,2.4822332859039307,6110067
2019-01-07,2.8299999237060547,2.869999885559082,2.809999942779541,2.8499999046325684,2.5175676345825195,4912000
2019-01-08,2.859999895095825,2.859999895095825,2.7899999618530273,2.7899999618530273,2.464566230773926,7129820
2019-01-09,2.799999952316284,2.819999933242798,2.7799999713897705,2.799999952316284,2.4733996391296387,10169538
2019-01-10,2.809999942779541,2.809999942779541,2.7799999713897705,2.7899999618530273,2.464566230773926,6703223
2019-01-11,2.75,2.759999990463257,2.640000104904175,2.6600000858306885,2.3497297763824463,31878923
2019-01-14,2.6500000953674316,2.6500000953674316,2.5799999237060547,2.5899999141693115,2.2878947257995605,9976462
2019-01-15,2.609999895095825,2.630000114440918,2.5399999618530273,2.630000114440918,2.3232293128967285,11791262
2019-01-16,2.630000114440918,2.759999990463257,2.5899999141693115,2.759999990463257,2.438065528869629,13053076
2019-01-17,2.7699999809265137,2.869999885559082,2.7200000286102295,2.8399999141693115,2.5087339878082275,13324090
2019-01-18,2.8399999141693115,2.859999895095825,2.75,2.759999990463257,2.438065528869629,8425076
2019-01-21,2.7699999809265137,2.8499999046325684,2.7699999809265137,2.8499999046325684,2.5175676345825195,6367525
2019-01-22,2.819999933242798,2.8499999046325684,2.7799999713897705,2.819999933242798,2.4910669326782227,3440240
2019-01-23,2.7899999618530273,2.819999933242798,2.7699999809265137,2.7799999713897705,2.455732583999634,6515073
2019-01-24,2.7799999713897705,2.799999952316284,2.759999990463257,2.7799999713897705,2.455732583999634,3590001
2019-01-25,2.7799999713897705,2.8399999141693115,2.7799999713897705,2.819999933242798,2.4910669326782227,6647856
2019-01-28,2.8399999141693115,2.950000047683716,2.8299999237060547,2.930000066757202,2.5882363319396973,12252000
2019-01-29,2.930000066757202,2.930000066757202,2.869999885559082,2.890000104904175,2.5529019832611084,5432117
2019-01-30,2.890000104904175,2.940000057220459,2.880000114440918,2.940000057220459,2.59706974029541,4824554
2019-01-31,2.9700000286102295,2.990000009536743,2.950000047683716,2.9800000190734863,2.632404088973999,5812552
2019-02-01,2.990000009536743,2.990000009536743,2.9100000858306885,2.930000066757202,2.5882363319396973,2965628
2019-02-04,2.940000057220459,2.9800000190734863,2.930000066757202,2.940000057220459,2.59706974029541,3558504
2019-02-08,2.930000066757202,2.9600000381469727,2.890000104904175,2.950000047683716,2.605903387069702,6301903
2019-02-11,2.950000047683716,2.9600000381469727,2.9100000858306885,2.950000047683716,2.605903387069702,4464076
2019-02-12,2.930000066757202,3.0999999046325684,2.930000066757202,3.0899999141693115,2.7295732498168945,14711512
2019-02-13,3.0799999237060547,3.0899999141693115,3.009999990463257,3.0799999237060547,2.7207396030426025,8973847
2019-02-14,2.9800000190734863,2.9800000190734863,2.7699999809265137,2.799999952316284,2.4733996391296387,55244280
2019-02-15,2.7899999618530273,2.7899999618530273,2.75,2.7699999809265137,2.446898937225342,7827926
2019-02-18,2.7799999713897705,2.799999952316284,2.75,2.7799999713897705,2.455732583999634,10991000
2019-02-19,2.799999952316284,2.799999952316284,2.740000009536743,2.75,2.429231882095337,8428000
2019-02-20,2.7699999809265137,2.7699999809265137,2.75,2.759999990463257,2.438065528869629,11142000
2019-02-21,2.759999990463257,2.7899999618530273,2.7300000190734863,2.75,2.429231882095337,8000930
2019-02-22,2.75,2.75,2.700000047683716,2.7300000190734863,2.411564826965332,11428382
2019-02-25,2.740000009536743,2.8399999141693115,2.7300000190734863,2.8299999237060547,2.4999003410339355,15938020
2019-02-26,2.8499999046325684,2.8499999046325684,2.809999942779541,2.8299999237060547,2.4999003410339355,7812258
2019-02-27,2.8499999046325684,2.8499999046325684,2.799999952316284,2.809999942779541,2.4822332859039307,4706482
2019-02-28,2.819999933242798,2.819999933242798,2.7699999809265137,2.7899999618530273,2.464566230773926,4782000
2019-03-01,2.7799999713897705,2.7799999713897705,2.740000009536743,2.7799999713897705,2.455732583999634,3316140
2019-03-04,2.7899999618530273,2.7899999618530273,2.75,2.7699999809265137,2.446898937225342,5627168
2019-03-05,2.7699999809265137,2.819999933242798,2.740000009536743,2.819999933242798,2.4910669326782227,6648000
2019-03-06,2.819999933242798,2.8499999046325684,2.809999942779541,2.8299999237060547,2.4999003410339355,7584000
2019-03-07,2.8399999141693115,2.8399999141693115,2.799999952316284,2.819999933242798,2.4910669326782227,3141544
2019-03-08,2.819999933242798,2.819999933242798,2.75,2.7699999809265137,2.446898937225342,13006298
2019-03-11,2.7699999809265137,2.7699999809265137,2.700000047683716,2.7200000286102295,2.40273118019104,16504000
2019-03-12,2.740000009536743,2.740000009536743,2.680000066757202,2.7100000381469727,2.393897771835327,12682060
2019-03-13,2.7200000286102295,2.7200000286102295,2.6500000953674316,2.6500000953674316,2.3408963680267334,14642076
2019-03-14,2.6600000858306885,2.680000066757202,2.630000114440918,2.630000114440918,2.3232293128967285,12024034
2019-03-15,2.6600000858306885,2.6600000858306885,2.609999895095825,2.630000114440918,2.3232293128967285,7109797
2019-03-18,2.6500000953674316,2.6600000858306885,2.5999999046325684,2.630000114440918,2.3232293128967285,8382131
2019-03-19,2.630000114440918,2.630000114440918,2.5899999141693115,2.619999885559082,2.3143954277038574,11402314
2019-03-20,2.619999885559082,2.619999885559082,2.5999999046325684,2.609999895095825,2.3055617809295654,3312875
2019-03-21,2.619999885559082,2.740000009536743,2.5999999046325684,2.7200000286102295,2.40273118019104,17526000
2019-03-22,2.740000009536743,2.740000009536743,2.6600000858306885,2.6700000762939453,2.3585634231567383,5172692
2019-03-25,2.6500000953674316,2.6600000858306885,2.619999885559082,2.640000104904175,2.3320627212524414,2429258
2019-03-26,2.640000104904175,2.640000104904175,2.619999885559082,2.640000104904175,2.3320627212524414,2280000
2019-03-27,2.6700000762939453,2.6700000762939453,2.609999895095825,2.630000114440918,2.3232293128967285,3309028
2019-03-28,2.640000104904175,2.6700000762939453,2.619999885559082,2.6600000858306885,2.3497297763824463,2010000
2019-03-29,2.6700000762939453,2.680000066757202,2.630000114440918,2.680000066757202,2.3673970699310303,3864046
2019-04-01,2.690000057220459,2.7300000190734863,2.690000057220459,2.7200000286102295,2.40273118019104,4860007
2019-04-02,2.7300000190734863,2.75,2.700000047683716,2.740000009536743,2.420398473739624,8385883
2019-04-03,2.75,2.759999990463257,2.7200000286102295,2.75,2.429231882095337,6472000
2019-04-04,2.759999990463257,2.7799999713897705,2.7200000286102295,2.740000009536743,2.420398473739624,4814000
2019-04-08,2.759999990463257,2.7799999713897705,2.7100000381469727,2.7200000286102295,2.40273118019104,9555307
2019-04-09,2.740000009536743,2.7799999713897705,2.7200000286102295,2.7799999713897705,2.455732583999634,4754999
2019-04-10,2.7699999809265137,2.7899999618530273,2.75,2.7799999713897705,2.455732583999634,3786050
2019-04-11,2.7899999618530273,2.7899999618530273,2.7300000190734863,2.759999990463257,2.438065528869629,5694769
2019-04-12,2.6600000858306885,2.690000057220459,2.5899999141693115,2.6500000953674316,2.3408963680267334,23452449
2019-04-15,2.640000104904175,2.6500000953674316,2.5899999141693115,2.5899999141693115,2.2878947257995605,12680466
2019-04-16,2.5899999141693115,2.6500000953674316,2.5399999618530273,2.640000104904175,2.3320627212524414,14414000
2019-04-17,2.640000104904175,2.6500000953674316,2.609999895095825,2.630000114440918,2.3232293128967285,6906000
2019-04-18,2.640000104904175,2.6500000953674316,2.619999885559082,2.619999885559082,2.3143954277038574,4670000
2019-04-23,2.640000104904175,2.700000047683716,2.619999885559082,2.690000057220459,2.376230478286743,9997068
2019-04-24,2.680000066757202,2.7100000381469727,2.680000066757202,2.7100000381469727,2.393897771835327,7140050
2019-04-25,2.7100000381469727,2.7100000381469727,2.6500000953674316,2.6600000858306885,2.3497297763824463,3938000
2019-04-26,2.680000066757202,2.680000066757202,2.609999895095825,2.619999885559082,2.3143954277038574,5292452
2019-04-29,2.6500000953674316,2.6600000858306885,2.630000114440918,2.6500000953674316,2.3408963680267334,2053556
2019-04-30,2.6500000953674316,2.680000066757202,2.630000114440918,2.6600000858306885,2.3497297763824463,3014077
2019-05-02,2.6700000762939453,2.6700000762939453,2.619999885559082,2.6500000953674316,2.3408963680267334,3272000
2019-05-03,2.630000114440918,2.6600000858306885,2.630000114440918,2.6500000953674316,2.3408963680267334,2288712
2019-05-06,2.619999885559082,2.630000114440918,2.5399999618530273,2.5899999141693115,2.2878947257995605,8982970
2019-05-07,2.609999895095825,2.609999895095825,2.549999952316284,2.569999933242798,2.2702276706695557,5170000
2019-05-08,2.5,2.5399999618530273,2.5,2.5199999809265137,2.226059913635254,8722161
2019-05-09,2.5,2.5,2.359999895095825,2.4200000762939453,2.137723922729492,19823428
2019-05-10,2.380000114440918,2.430000066757202,2.359999895095825,2.380000114440918,2.1023898124694824,11632327
2019-05-14,2.3499999046325684,2.3499999046325684,2.259999990463257,2.309999942779541,2.0405547618865967,14158534
2019-05-15,2.309999942779541,2.359999895095825,2.2799999713897705,2.299999952316284,2.0317211151123047,5167632
2019-05-16,2.3299999237060547,2.3499999046325684,2.2699999809265137,2.319999933242798,2.0493881702423096,5114466
2019-05-17,2.3399999141693115,2.3399999141693115,2.2799999713897705,2.299999952316284,2.0317211151123047,3038000
2019-05-20,2.2799999713897705,2.299999952316284,2.240000009536743,2.2699999809265137,2.005220413208008,7800000
2019-05-21,2.259999990463257,2.2799999713897705,2.25,2.2699999809265137,2.005220413208008,4266518
2019-05-22,2.2799999713897705,2.2799999713897705,2.25,2.259999990463257,1.9963868856430054,1998923
2019-05-23,2.2799999713897705,2.2799999713897705,2.130000114440918,2.1500000953674316,1.8992177248001099,9662000
2019-05-24,2.180000066757202,2.180000066757202,2.140000104904175,2.1600000858306885,1.9080512523651123,8450212
2019-05-27,2.1600000858306885,2.190000057220459,2.130000114440918,2.190000057220459,1.9345519542694092,5570000
2019-05-28,2.180000066757202,2.2799999713897705,2.1700000762939453,2.2799999713897705,2.0140540599823,7972380
2019-05-29,2.259999990463257,2.2699999809265137,2.240000009536743,2.259999990463257,1.9963868856430054,1628000
2019-05-30,2.2899999618530273,2.2899999618530273,2.2100000381469727,2.25,1.9875532388687134,2072148
2019-05-31,2.25,2.25,2.190000057220459,2.200000047683716,1.9433854818344116,3868000
2019-06-03,2.200000047683716,2.2100000381469727,2.140000104904175,2.180000066757202,1.9257184267044067,4644000
2019-06-04,2.200000047683716,2.200000047683716,2.130000114440918,2.140000104904175,1.8903841972351074,4337988
2019-06-05,2.1600000858306885,2.180000066757202,2.140000104904175,2.1600000858306885,1.9080512523651123,2450000
2019-06-06,2.1700000762939453,2.1700000762939453,2.119999885559082,2.130000114440918,1.8815505504608154,2802000
2019-06-10,2.1500000953674316,2.190000057220459,2.130000114440918,2.140000104904175,1.8903841972351074,3997909
2019-06-11,2.1700000762939453,2.190000057220459,2.140000104904175,2.1700000762939453,1.9168847799301147,6600000
2019-06-12,2.1600000858306885,2.1600000858306885,2.0899999141693115,2.0899999141693115,1.846216082572937,8842000
2019-06-13,2.0899999141693115,2.140000104904175,2.059999942779541,2.130000114440918,1.8815505504608154,4855233
2019-06-14,2.1500000953674316,2.1500000953674316,2.0999999046325684,2.130000114440918,1.8815505504608154,3164000
2019-06-17,2.1500000953674316,2.190000057220459,2.140000104904175,2.1700000762939453,1.9168847799301147,5226890
2019-06-18,2.180000066757202,2.190000057220459,2.1500000953674316,2.180000066757202,1.9257184267044067,1632000
2019-06-19,2.2100000381469727,2.2300000190734863,2.190000057220459,2.2100000381469727,1.952219009399414,3720000
2019-06-20,2.2300000190734863,2.4800000190734863,2.200000047683716,2.4100000858306885,2.1288905143737793,20877093
2019-06-21,2.450000047683716,2.450000047683716,2.2300000190734863,2.25,1.9875532388687134,26344000
2019-06-24,2.240000009536743,2.240000009536743,2.1500000953674316,2.1700000762939453,1.9168847799301147,14404000
2019-06-25,2.1700000762939453,2.1700000762939453,2.1500000953674316,2.1500000953674316,1.8992177248001099,3836076
2019-06-26,2.1700000762939453,2.180000066757202,2.140000104904175,2.1700000762939453,1.9168847799301147,3190928
2019-06-27,2.190000057220459,2.2899999618530273,2.1700000762939453,2.2799999713897705,2.0140540599823,12726212
2019-06-28,2.25,2.2799999713897705,2.2200000286102295,2.240000009536743,1.978719711303711,4322615
2019-07-02,2.25,2.3299999237060547,2.240000009536743,2.319999933242798,2.0493881702423096,11053463
2019-07-03,2.3299999237060547,2.369999885559082,2.309999942779541,2.3499999046325684,2.0758888721466064,6470000
2019-07-04,2.380000114440918,2.380000114440918,2.240000009536743,2.2799999713897705,2.0140540599823,13555000
2019-07-05,2.309999942779541,2.3499999046325684,2.2699999809265137,2.3399999141693115,2.0670552253723145,4402584
2019-07-08,2.3399999141693115,2.3399999141693115,2.259999990463257,2.299999952316284,2.0317211151123047,4278999
2019-07-09,2.2899999618530273,2.2899999618530273,2.25,2.2799999713897705,2.0140540599823,2540000
2019-07-10,2.2799999713897705,2.299999952316284,2.259999990463257,2.2899999618530273,2.0228874683380127,2512384
2019-07-11,2.2899999618530273,2.299999952316284,2.259999990463257,2.2899999618530273,2.0228874683380127,1664000
2019-07-12,2.2699999809265137,2.2699999809265137,2.240000009536743,2.259999990463257,1.9963868856430054,3946973
2019-07-15,2.240000009536743,2.259999990463257,2.2100000381469727,2.25,1.9875532388687134,2050000
2019-07-16,2.259999990463257,2.259999990463257,2.2100000381469727,2.2200000286102295,1.961052656173706,4254000
2019-07-17,2.2100000381469727,2.240000009536743,2.200000047683716,2.2300000190734863,1.9698861837387085,2290038
2019-07-18,2.200000047683716,2.2300000190734863,2.200000047683716,2.2200000286102295,1.961052656173706,3404000
2019-07-19,2.2300000190734863,2.240000009536743,2.2200000286102295,2.2200000286102295,1.961052656173706,1868249
2019-07-22,2.2100000381469727,2.25,2.190000057220459,2.240000009536743,1.978719711303711,8434617
2019-07-23,2.25,2.25,2.2300000190734863,2.2300000190734863,1.9698861837387085,1530000
2019-07-24,2.25,2.2699999809265137,2.2300000190734863,2.240000009536743,1.978719711303711,3681831
2019-07-25,2.240000009536743,2.240000009536743,2.2200000286102295,2.2200000286102295,1.961052656173706,2876923
2019-07-26,2.2200000286102295,2.2300000190734863,2.2100000381469727,2.2300000190734863,1.9698861837387085,1607967
2019-07-29,2.2200000286102295,2.2300000190734863,2.200000047683716,2.2300000190734863,1.9698861837387085,12633218
2019-07-30,2.2300000190734863,2.25,2.2200000286102295,2.2300000190734863,1.9698861837387085,3718000
2019-07-31,2.2300000190734863,2.2300000190734863,2.2100000381469727,2.2100000381469727,1.952219009399414,3191906
2019-08-01,2.2200000286102295,2.2300000190734863,2.2100000381469727,2.2300000190734863,1.9698861837387085,1708050
2019-08-02,2.2100000381469727,2.2200000286102295,2.119999885559082,2.130000114440918,1.8815505504608154,8905772
2019-08-05,2.119999885559082,2.119999885559082,1.9600000381469727,2.0,1.766714096069336,7720239
2019-08-06,1.9600000381469727,1.9900000095367432,1.8799999952316284,1.9800000190734863,1.7490469217300415,7049879
2019-08-07,1.9800000190734863,2.009999990463257,1.899999976158142,1.909999966621399,1.6872119903564453,4733881
2019-08-08,1.909999966621399,1.940000057220459,1.8899999856948853,1.9199999570846558,1.6960455179214478,3314000
2019-08-09,1.9199999570846558,1.9299999475479126,1.8899999856948853,1.899999976158142,1.6783783435821533,2798057
2019-08-12,1.8899999856948853,1.8899999856948853,1.8300000429153442,1.850000023841858,1.6342105865478516,4367692
2019-08-13,1.850000023841858,1.850000023841858,1.7300000190734863,1.7599999904632568,1.554708480834961,15465482
2019-08-14,1.7799999713897705,1.8600000143051147,1.7699999809265137,1.809999942779541,1.5988762378692627,8962000
2019-08-15,1.7799999713897705,1.809999942779541,1.75,1.7799999713897705,1.5723755359649658,8074000
2019-08-16,1.7899999618530273,1.840000033378601,1.7799999713897705,1.809999942779541,1.5988762378692627,20192615
2019-08-19,1.8200000524520874,1.899999976158142,1.809999942779541,1.840000033378601,1.6253770589828491,11709846
2019-08-20,1.850000023841858,1.850000023841858,1.75,1.7599999904632568,1.554708480834961,17137000
2019-08-21,1.7599999904632568,1.7699999809265137,1.7300000190734863,1.75,1.545874834060669,10754819
2019-08-22,1.7799999713897705,1.7899999618530273,1.7300000190734863,1.75,1.545874834060669,5363041
2019-08-23,1.7599999904632568,1.7599999904632568,1.7300000190734863,1.75,1.545874834060669,6050000
2019-08-26,1.7000000476837158,1.7400000095367432,1.6799999475479126,1.7000000476837158,1.5017069578170776,6013360
2019-08-27,1.7100000381469727,1.7200000286102295,1.690000057220459,1.690000057220459,1.4928734302520752,3010000
2019-08-28,1.7000000476837158,1.7200000286102295,1.6799999475479126,1.7000000476837158,1.5017069578170776,6928000
2019-08-29,1.7100000381469727,1.7100000381469727,1.690000057220459,1.7000000476837158,1.5017069578170776,2614000
2019-08-30,1.7200000286102295,1.7200000286102295,1.6699999570846558,1.6699999570846558,1.4752061367034912,6183891
2019-09-02,1.6799999475479126,1.7000000476837158,1.6699999570846558,1.7000000476837158,1.5017069578170776,3438000
2019-09-03,1.7000000476837158,1.7200000286102295,1.6799999475479126,1.7100000381469727,1.51054048538208,15620229
2019-09-04,1.649999976158142,1.9500000476837158,1.6200000047683716,1.899999976158142,1.771621584892273,60608998
2019-09-05,1.899999976158142,1.9299999475479126,1.7300000190734863,1.75,1.6317567825317383,32128249
2019-09-06,1.7799999713897705,1.8300000429153442,1.75,1.809999942779541,1.6877026557922363,14807222
2019-09-09,1.7999999523162842,1.809999942779541,1.7300000190734863,1.7400000095367432,1.6224323511123657,9894000
2019-09-10,1.7599999904632568,1.7599999904632568,1.7200000286102295,1.75,1.6317567825317383,6563834
2019-09-11,1.7599999904632568,1.8300000429153442,1.7599999904632568,1.7999999523162842,1.6783783435821533,18894000
2019-09-12,1.809999942779541,1.8200000524520874,1.7599999904632568,1.7899999618530273,1.6690540313720703,7738000
2019-09-13,1.7899999618530273,1.7999999523162842,1.7400000095367432,1.7599999904632568,1.6410810947418213,9697415
2019-09-16,1.75,1.7699999809265137,1.7400000095367432,1.7699999809265137,1.6504054069519043,6386000
2019-09-17,1.7699999809265137,1.7699999809265137,1.7100000381469727,1.7200000286102295,1.6037837266921997,6179052
2019-09-18,1.7400000095367432,1.7400000095367432,1.7100000381469727,1.7100000381469727,1.5944594144821167,1532000
2019-09-19,1.7000000476837158,1.7400000095367432,1.6699999570846558,1.7300000190734863,1.6131080389022827,12534430
2019-09-20,1.7200000286102295,1.7400000095367432,1.690000057220459,1.7000000476837158,1.5851351022720337,6937075
2019-09-23,1.7000000476837158,1.7100000381469727,1.6799999475479126,1.690000057220459,1.5758107900619507,3179083
2019-09-24,1.690000057220459,1.75,1.690000057220459,1.7200000286102295,1.6037837266921997,4233187
2019-09-25,1.7000000476837158,1.7300000190734863,1.6799999475479126,1.7100000381469727,1.5944594144821167,3940000
2019-09-26,1.7200000286102295,1.7200000286102295,1.6799999475479126,1.7000000476837158,1.5851351022720337,3078000
2019-09-27,1.7000000476837158,1.7000000476837158,1.659999966621399,1.690000057220459,1.5758107900619507,4369002
2019-09-30,1.6799999475479126,1.7400000095367432,1.649999976158142,1.7400000095367432,1.6224323511123657,5358000
2019-10-02,1.690000057220459,1.7200000286102295,1.690000057220459,1.7000000476837158,1.5851351022720337,3174000
2019-10-03,1.690000057220459,1.7899999618530273,1.690000057220459,1.7699999809265137,1.6504054069519043,9462500
2019-10-04,1.7400000095367432,1.7699999809265137,1.690000057220459,1.75,1.6317567825317383,8348384
2019-10-08,1.7200000286102295,1.7400000095367432,1.6799999475479126,1.6799999475479126,1.5664863586425781,6771076
2019-10-09,1.6799999475479126,1.75,1.6799999475479126,1.7100000381469727,1.5944594144821167,7035134
2019-10-10,1.7200000286102295,1.7300000190734863,1.6799999475479126,1.7200000286102295,1.6037837266921997,3800000
2019-10-11,1.7300000190734863,1.7599999904632568,1.7100000381469727,1.7300000190734863,1.6131080389022827,5819428
2019-10-14,1.7599999904632568,1.7699999809265137,1.7400000095367432,1.75,1.6317567825317383,2772000
2019-10-15,1.7699999809265137,1.7699999809265137,1.7000000476837158,1.7100000381469727,1.5944594144821167,4933019
2019-10-16,1.7100000381469727,1.7200000286102295,1.690000057220459,1.7100000381469727,1.5944594144821167,5969062
2019-10-17,1.7100000381469727,1.809999942779541,1.7000000476837158,1.7599999904632568,1.6410810947418213,13633000
2019-10-18,1.7599999904632568,1.7799999713897705,1.75,1.7699999809265137,1.6504054069519043,5752811
2019-10-21,1.75,1.8700000047683716,1.75,1.8700000047683716,1.743648648262024,14583000
2019-10-22,1.8700000047683716,1.9600000381469727,1.8300000429153442,1.9299999475479126,1.799594521522522,17069361
2019-10-23,1.9299999475479126,2.0199999809265137,1.9299999475479126,1.9900000095367432,1.8555405139923096,15995137
2019-10-24,1.9900000095367432,1.9900000095367432,1.899999976158142,1.940000057220459,1.8089189529418945,9752000
2019-10-25,1.9199999570846558,1.940000057220459,1.8899999856948853,1.9199999570846558,1.790270209312439,4665357
2019-10-28,1.940000057220459,1.9700000286102295,1.8899999856948853,1.899999976158142,1.771621584892273,5200000
2019-10-29,1.909999966621399,1.9199999570846558,1.8899999856948853,1.899999976158142,1.771621584892273,5318000
2019-10-30,1.909999966621399,1.9199999570846558,1.8799999952316284,1.8899999856948853,1.76229727268219,4686859
2019-10-31,1.8899999856948853,1.8899999856948853,1.850000023841858,1.8799999952316284,1.752972960472107,4038379
2019-11-01,1.8799999952316284,1.9700000286102295,1.8799999952316284,1.9600000381469727,1.8275675773620605,9176008
2019-11-04,1.9800000190734863,2.049999952316284,1.9700000286102295,2.009999990463257,1.8741891384124756,11120953
2019-11-05,2.0299999713897705,2.049999952316284,1.9900000095367432,2.0,1.8648648262023926,8790266
2019-11-06,2.0,2.0399999618530273,1.9900000095367432,2.009999990463257,1.8741891384124756,9202047
2019-11-07,2.0199999809265137,2.069999933242798,2.0,2.0299999713897705,1.8928377628326416,13121718
2019-11-08,2.049999952316284,2.059999942779541,2.009999990463257,2.0199999809265137,1.8835134506225586,5010370
2019-11-11,2.0299999713897705,2.0299999713897705,1.8899999856948853,1.909999966621399,1.780945897102356,14253194
2019-11-12,1.909999966621399,1.9299999475479126,1.8700000047683716,1.909999966621399,1.780945897102356,5210154
2019-11-13,1.899999976158142,1.899999976158142,1.8200000524520874,1.8200000524520874,1.6970270872116089,8310000
2019-11-14,1.8300000429153442,1.8300000429153442,1.75,1.7599999904632568,1.6410810947418213,8960293
2019-11-15,1.7599999904632568,1.809999942779541,1.7599999904632568,1.7899999618530273,1.6690540313720703,4990000
2019-11-18,1.7899999618530273,1.840000033378601,1.7799999713897705,1.8200000524520874,1.6970270872116089,6674000
2019-11-19,1.8300000429153442,1.909999966621399,1.809999942779541,1.8899999856948853,1.76229727268219,11003528
2019-11-20,1.909999966621399,1.940000057220459,1.8600000143051147,1.8700000047683716,1.743648648262024,6768639
2019-11-21,1.8600000143051147,1.8700000047683716,1.7999999523162842,1.7999999523162842,1.6783783435821533,6016000
2019-11-22,1.7899999618530273,1.7899999618530273,1.7200000286102295,1.7400000095367432,1.6224323511123657,9586329
2019-11-25,1.7799999713897705,1.909999966621399,1.75,1.840000033378601,1.715675711631775,14488313
2019-11-26,1.8700000047683716,1.8799999952316284,1.7899999618530273,1.7999999523162842,1.6783783435821533,10274000
2019-11-27,1.850000023841858,1.850000023841858,1.7899999618530273,1.7899999618530273,1.6690540313720703,5311450
2019-11-28,1.7999999523162842,1.7999999523162842,1.7599999904632568,1.7699999809265137,1.6504054069519043,5484839
2019-11-29,1.7699999809265137,1.7699999809265137,1.7300000190734863,1.7599999904632568,1.6410810947418213,7328032
2019-12-02,1.75,1.7599999904632568,1.7000000476837158,1.7200000286102295,1.6037837266921997,7723037
2019-12-03,1.7200000286102295,1.7200000286102295,1.6799999475479126,1.690000057220459,1.5758107900619507,7628000
2019-12-04,1.6799999475479126,1.690000057220459,1.6399999856948853,1.659999966621399,1.547837734222412,6149090
2019-12-05,1.6699999570846558,1.75,1.6699999570846558,1.7300000190734863,1.6131080389022827,10220106
2019-12-06,1.7300000190734863,1.75,1.7000000476837158,1.7100000381469727,1.5944594144821167,3591974
2019-12-09,1.7000000476837158,1.7300000190734863,1.7000000476837158,1.7300000190734863,1.6131080389022827,1416987
2019-12-10,1.7300000190734863,1.7300000190734863,1.7000000476837158,1.7100000381469727,1.5944594144821167,2110250
2019-12-11,1.7200000286102295,1.7599999904632568,1.7000000476837158,1.7300000190734863,1.6131080389022827,4210996
2019-12-12,1.7400000095367432,1.7599999904632568,1.7300000190734863,1.7400000095367432,1.6224323511123657,6546765
2019-12-13,1.7699999809265137,1.7799999713897705,1.7400000095367432,1.7599999904632568,1.6410810947418213,3878000
2019-12-16,1.7599999904632568,1.7699999809265137,1.7400000095367432,1.7400000095367432,1.6224323511123657,4297323
2019-12-17,1.7699999809265137,1.850000023841858,1.7400000095367432,1.840000033378601,1.715675711631775,11910013
2019-12-18,1.840000033378601,1.850000023841858,1.7899999618530273,1.8300000429153442,1.706351399421692,5048905
2019-12-19,1.8300000429153442,1.850000023841858,1.7899999618530273,1.809999942779541,1.6877026557922363,4906000
2019-12-20,1.809999942779541,1.850000023841858,1.7999999523162842,1.8200000524520874,1.6970270872116089,4983715
2019-12-23,1.8200000524520874,1.840000033378601,1.7799999713897705,1.7999999523162842,1.6783783435821533,4741826
2019-12-24,1.7999999523162842,1.809999942779541,1.7699999809265137,1.7999999523162842,1.6783783435821533,3078086
2019-12-27,1.7999999523162842,1.8200000524520874,1.7799999713897705,1.809999942779541,1.6877026557922363,5116096
2019-12-30,1.8300000429153442,1.8300000429153442,1.7899999618530273,1.7899999618530273,1.6690540313720703,5230112
2019-12-31,1.7899999618530273,1.7899999618530273,1.7300000190734863,1.7599999904632568,1.6410810947418213,5130000
2020-01-02,1.7699999809265137,1.7699999809265137,1.7400000095367432,1.7599999904632568,1.6410810947418213,3609204
2020-01-03,1.7699999809265137,1.7699999809265137,1.7400000095367432,1.75,1.6317567825317383,4030308
2020-01-06,1.75,1.8200000524520874,1.7400000095367432,1.7999999523162842,1.6783783435821533,9972603
2020-01-07,1.809999942779541,1.809999942779541,1.7599999904632568,1.7699999809265137,1.6504054069519043,6775425
2020-01-08,1.75,1.7699999809265137,1.7200000286102295,1.7300000190734863,1.6131080389022827,11935131
2020-01-09,1.7400000095367432,1.75,1.7000000476837158,1.7200000286102295,1.6037837266921997,12023466
2020-01-10,1.7300000190734863,1.7300000190734863,1.6799999475479126,1.690000057220459,1.5758107900619507,15312000
2020-01-13,1.7000000476837158,1.7599999904632568,1.690000057220459,1.7400000095367432,1.6224323511123657,13809581
2020-01-14,1.7400000095367432,1.7599999904632568,1.7200000286102295,1.7300000190734863,1.6131080389022827,7292000
2020-01-15,1.75,1.7599999904632568,1.7200000286102295,1.7300000190734863,1.6131080389022827,9829918
2020-01-16,1.7300000190734863,1.8200000524520874,1.7200000286102295,1.809999942779541,1.6877026557922363,31068958
2020-01-17,1.8200000524520874,1.840000033378601,1.7699999809265137,1.809999942779541,1.6877026557922363,18966553
2020-01-20,1.8200000524520874,1.850000023841858,1.809999942779541,1.8200000524520874,1.6970270872116089,24253883
2020-01-21,1.7999999523162842,1.7999999523162842,1.7200000286102295,1.7300000190734863,1.6131080389022827,17550662
2020-01-22,1.7300000190734863,1.7699999809265137,1.7000000476837158,1.7300000190734863,1.6131080389022827,9208000
2020-01-23,1.7100000381469727,1.7200000286102295,1.649999976158142,1.659999966621399,1.547837734222412,24661233
2020-01-24,1.659999966621399,1.659999966621399,1.6200000047683716,1.649999976158142,1.538513422012329,6624000
2020-01-29,1.5499999523162842,1.5700000524520874,1.4700000286102295,1.5,1.3986486196517944,24854249
2020-01-30,1.5,1.5099999904632568,1.3600000143051147,1.409999966621399,1.3147296905517578,23646710
2020-01-31,1.409999966621399,1.440000057220459,1.3700000047683716,1.3799999952316284,1.2867567539215088,7580000
2020-02-03,1.3200000524520874,1.399999976158142,1.2999999523162842,1.3899999856948853,1.2960810661315918,7960000
2020-02-04,1.409999966621399,1.4800000190734863,1.399999976158142,1.4500000476837158,1.3520270586013794,8985649
2020-02-05,1.4700000286102295,1.4700000286102295,1.399999976158142,1.4299999475479126,1.3333783149719238,5099734
2020-02-06,1.4600000381469727,1.4700000286102295,1.409999966621399,1.440000057220459,1.3427027463912964,8656000
2020-02-07,1.440000057220459,1.440000057220459,1.409999966621399,1.4299999475479126,1.3333783149719238,3923064
2020-02-10,1.4199999570846558,1.5099999904632568,1.4199999570846558,1.4900000095367432,1.3893243074417114,7386500
2020-02-11,1.4900000095367432,1.5,1.4299999475479126,1.4600000381469727,1.3613513708114624,7224000
2020-02-12,1.4600000381469727,1.4900000095367432,1.4500000476837158,1.4700000286102295,1.3706756830215454,10732837
2020-02-13,1.5,1.5,1.4500000476837158,1.4600000381469727,1.3613513708114624,5229500
2020-02-14,1.4600000381469727,1.5499999523162842,1.4600000381469727,1.5,1.3986486196517944,10974570
2020-02-17,1.5099999904632568,1.6200000047683716,1.5099999904632568,1.600000023841858,1.491891860961914,13529076
2020-02-18,1.5700000524520874,1.590000033378601,1.5399999618530273,1.5499999523162842,1.4452701807022095,8690076
2020-02-19,1.5499999523162842,1.5700000524520874,1.5199999809265137,1.559999942779541,1.4545944929122925,5549000
2020-02-20,1.5800000429153442,1.6299999952316284,1.559999942779541,1.6200000047683716,1.51054048538208,8999062
2020-02-21,1.6100000143051147,1.649999976158142,1.600000023841858,1.6200000047683716,1.51054048538208,9777386
2020-02-24,1.6299999952316284,1.6399999856948853,1.5700000524520874,1.6100000143051147,1.501216173171997,10234500
2020-02-25,1.600000023841858,1.600000023841858,1.5299999713897705,1.590000033378601,1.482567548751831,7445657
2020-02-26,1.5800000429153442,1.6399999856948853,1.5099999904632568,1.590000033378601,1.482567548751831,10098400
2020-02-27,1.590000033378601,1.590000033378601,1.5399999618530273,1.5700000524520874,1.463918924331665,5740000
2020-02-28,1.5299999713897705,1.5399999618530273,1.4800000190734863,1.4800000190734863,1.3799999952316284,10498367
2020-03-02,1.4900000095367432,1.5,1.4299999475479126,1.4700000286102295,1.3706756830215454,4120478
2020-03-03,1.5099999904632568,1.5099999904632568,1.4500000476837158,1.4700000286102295,1.3706756830215454,4882000
2020-03-04,1.440000057220459,1.4700000286102295,1.4299999475479126,1.4700000286102295,1.3706756830215454,4244639
2020-03-05,1.4800000190734863,1.5099999904632568,1.4500000476837158,1.4600000381469727,1.3613513708114624,8990645
2020-03-06,1.4600000381469727,1.4900000095367432,1.4500000476837158,1.4800000190734863,1.3799999952316284,3870146
2020-03-09,1.4600000381469727,1.4600000381469727,1.399999976158142,1.399999976158142,1.3054053783416748,8476065
2020-03-10,1.399999976158142,1.4600000381469727,1.3899999856948853,1.440000057220459,1.3427027463912964,7469081
2020-03-11,1.440000057220459,1.4500000476837158,1.399999976158142,1.399999976158142,1.3054053783416748,2870429
2020-03-12,1.3799999952316284,1.3899999856948853,1.2999999523162842,1.340000033378601,1.2494595050811768,7655754
2020-03-13,1.2699999809265137,1.309999942779541,1.2100000381469727,1.309999942779541,1.2214864492416382,12853944
2020-03-16,1.2899999618530273,1.2999999523162842,1.2000000476837158,1.2100000381469727,1.1282432079315186,9609413
2020-03-17,1.190000057220459,1.2799999713897705,1.190000057220459,1.2300000190734863,1.1468918323516846,7440462
2020-03-18,1.2300000190734863,1.2699999809265137,1.149999976158142,1.1699999570846558,1.090945839881897,9326661
2020-03-19,1.159999966621399,1.2000000476837158,1.0499999523162842,1.1699999570846558,1.090945839881897,12254000
2020-03-20,1.2000000476837158,1.2400000095367432,1.1100000143051147,1.1200000047683716,1.044324278831482,8884438
2020-03-23,1.1100000143051147,1.1100000143051147,1.0499999523162842,1.1100000143051147,1.034999966621399,5229931
2020-03-24,1.1699999570846558,1.1699999570846558,1.0800000429153442,1.1299999952316284,1.053648591041565,6544662
2020-03-25,1.1699999570846558,1.190000057220459,1.149999976158142,1.190000057220459,1.1095945835113525,4513207
2020-03-26,1.159999966621399,1.190000057220459,1.149999976158142,1.1699999570846558,1.090945839881897,2204288
2020-03-27,1.190000057220459,1.190000057220459,1.149999976158142,1.1699999570846558,1.090945839881897,4098419
2020-03-30,1.090000033378601,1.149999976158142,1.090000033378601,1.1200000047683716,1.044324278831482,2739606
2020-03-31,1.159999966621399,1.159999966621399,1.1200000047683716,1.159999966621399,1.081621527671814,4254280
2020-04-01,1.1200000047683716,1.159999966621399,1.1200000047683716,1.1399999856948853,1.062972903251648,4150000
2020-04-02,1.1200000047683716,1.149999976158142,1.100000023841858,1.149999976158142,1.072297215461731,3818000
2020-04-03,1.149999976158142,1.159999966621399,1.1200000047683716,1.1200000047683716,1.044324278831482,3598500
2020-04-06,1.1200000047683716,1.1399999856948853,1.090000033378601,1.1299999952316284,1.053648591041565,6940226
2020-04-07,1.149999976158142,1.159999966621399,1.1399999856948853,1.149999976158142,1.072297215461731,8727602
2020-04-08,1.149999976158142,1.159999966621399,1.1399999856948853,1.149999976158142,1.072297215461731,7691284
2020-04-09,1.190000057220459,1.340000033378601,1.1699999570846558,1.309999942779541,1.2214864492416382,27182562
2020-04-14,1.309999942779541,1.3200000524520874,1.2599999904632568,1.309999942779541,1.2214864492416382,6591000
2020-04-15,1.3300000429153442,1.340000033378601,1.25,1.2799999713897705,1.1935135126113892,9850600
2020-04-16,1.2599999904632568,1.2799999713897705,1.2200000286102295,1.2699999809265137,1.1841892004013062,6374519
2020-04-17,1.2899999618530273,1.3300000429153442,1.2799999713897705,1.3300000429153442,1.2401351928710938,9167632
2020-04-20,1.3200000524520874,1.340000033378601,1.2899999618530273,1.2899999618530273,1.2028378248214722,4053154
2020-04-21,1.2899999618530273,1.2899999618530273,1.2300000190734863,1.2300000190734863,1.1468918323516846,6286000
2020-04-22,1.2200000286102295,1.2599999904632568,1.190000057220459,1.2400000095367432,1.1562161445617676,6642659
2020-04-23,1.2699999809265137,1.2999999523162842,1.25,1.2799999713897705,1.1935135126113892,4211113
2020-04-24,1.2699999809265137,1.2999999523162842,1.25,1.2799999713897705,1.1935135126113892,2752000
2020-04-27,1.2999999523162842,1.4299999475479126,1.2899999618530273,1.3799999952316284,1.2867567539215088,12957969
2020-04-28,1.4199999570846558,1.4800000190734863,1.3600000143051147,1.4700000286102295,1.3706756830215454,10093384
2020-04-29,1.4500000476837158,1.4900000095367432,1.4299999475479126,1.4500000476837158,1.3520270586013794,9526737
2020-05-04,1.409999966621399,1.4299999475479126,1.340000033378601,1.350000023841858,1.2587838172912598,10320000
2020-05-05,1.3600000143051147,1.4199999570846558,1.350000023841858,1.409999966621399,1.3147296905517578,7800000
2020-05-06,1.3899999856948853,1.409999966621399,1.3700000047683716,1.3899999856948853,1.2960810661315918,5518100
2020-05-07,1.3899999856948853,1.3899999856948853,1.3600000143051147,1.3600000143051147,1.2681081295013428,2490272
2020-05-08,1.3600000143051147,1.409999966621399,1.3600000143051147,1.399999976158142,1.3054053783416748,4414059
2020-05-11,1.399999976158142,1.4500000476837158,1.399999976158142,1.440000057220459,1.3427027463912964,6522000
2020-05-12,1.440000057220459,1.440000057220459,1.3799999952316284,1.3899999856948853,1.2960810661315918,3746000
2020-05-13,1.399999976158142,1.399999976158142,1.3600000143051147,1.3799999952316284,1.2867567539215088,2454000
2020-05-14,1.3700000047683716,1.3799999952316284,1.340000033378601,1.340000033378601,1.2494595050811768,6706426
2020-05-15,1.350000023841858,1.350000023841858,1.2999999523162842,1.340000033378601,1.2494595050811768,6980247
2020-05-18,1.3300000429153442,1.340000033378601,1.2999999523162842,1.3200000524520874,1.2308108806610107,4704627
2020-05-19,1.340000033378601,1.3600000143051147,1.3200000524520874,1.340000033378601,1.2494595050811768,5884000
2020-05-20,1.340000033378601,1.340000033378601,1.2899999618530273,1.2999999523162842,1.2121621370315552,12162000
2020-05-21,1.2999999523162842,1.3200000524520874,1.2899999618530273,1.2999999523162842,1.2121621370315552,4827384
2020-05-22,1.2699999809265137,1.2799999713897705,1.2000000476837158,1.2100000381469727,1.1282432079315186,11996610
2020-05-25,1.2200000286102295,1.2599999904632568,1.159999966621399,1.2599999904632568,1.1748648881912231,3998615
2020-05-26,1.2899999618530273,1.2899999618530273,1.2400000095367432,1.2599999904632568,1.1748648881912231,2800000
2020-05-27,1.2599999904632568,1.2599999904632568,1.2000000476837158,1.2400000095367432,1.1562161445617676,3602222
2020-05-28,1.2200000286102295,1.2400000095367432,1.159999966621399,1.190000057220459,1.1095945835113525,7844233
2020-05-29,1.159999966621399,1.2100000381469727,1.159999966621399,1.1699999570846558,1.090945839881897,6648103
2020-06-01,1.1799999475479126,1.2699999809265137,1.1699999570846558,1.2599999904632568,1.1748648881912231,11085876
2020-06-02,1.2699999809265137,1.2999999523162842,1.2400000095367432,1.25,1.1655404567718506,5369898
2020-06-03,1.2699999809265137,1.2799999713897705,1.25,1.2799999713897705,1.1935135126113892,3901397
2020-06-04,1.2899999618530273,1.309999942779541,1.2599999904632568,1.2599999904632568,1.1748648881912231,3915030
2020-06-05,1.2699999809265137,1.309999942779541,1.2400000095367432,1.2999999523162842,1.2121621370315552,9282966
2020-06-08,1.3300000429153442,1.399999976158142,1.2999999523162842,1.350000023841858,1.2587838172912598,21540000
2020-06-09,1.3600000143051147,1.4299999475479126,1.350000023841858,1.3899999856948853,1.2960810661315918,16170653
2020-06-10,1.3899999856948853,1.3899999856948853,1.350000023841858,1.3899999856948853,1.2960810661315918,4912000
2020-06-11,1.3899999856948853,1.3899999856948853,1.3300000429153442,1.350000023841858,1.2587838172912598,6994340
2020-06-12,1.2899999618530273,1.3600000143051147,1.2599999904632568,1.340000033378601,1.2494595050811768,3920000
2020-06-15,1.340000033378601,1.3600000143051147,1.2899999618530273,1.2899999618530273,1.2028378248214722,5864108
2020-06-16,1.340000033378601,1.3700000047683716,1.3200000524520874,1.340000033378601,1.2494595050811768,4886824
2020-06-17,1.350000023841858,1.399999976158142,1.350000023841858,1.399999976158142,1.3054053783416748,5950632
2020-06-18,1.3600000143051147,1.4199999570846558,1.3300000429153442,1.340000033378601,1.2494595050811768,10399597
2020-06-19,1.350000023841858,1.409999966621399,1.340000033378601,1.340000033378601,1.2494595050811768,10713451
2020-06-22,1.350000023841858,1.3600000143051147,1.2999999523162842,1.2999999523162842,1.2121621370315552,7108200
2020-06-23,1.2999999523162842,1.2999999523162842,1.2599999904632568,1.2799999713897705,1.1935135126113892,4600501
2020-06-24,1.2899999618530273,1.309999942779541,1.2699999809265137,1.2899999618530273,1.2028378248214722,5052319
2020-06-26,1.2899999618530273,1.2899999618530273,1.2599999904632568,1.2699999809265137,1.1841892004013062,1860276
2020-06-29,1.2400000095367432,1.2699999809265137,1.190000057220459,1.2200000286102295,1.1375675201416016,16204000
2020-06-30,1.2200000286102295,1.2999999523162842,1.2200000286102295,1.2999999523162842,1.2121621370315552,6820000
2020-07-02,1.2999999523162842,1.340000033378601,1.2999999523162842,1.309999942779541,1.2214864492416382,5940000
2020-07-03,1.309999942779541,1.3200000524520874,1.2699999809265137,1.2899999618530273,1.2028378248214722,5072000
2020-07-06,1.2899999618530273,1.350000023841858,1.2799999713897705,1.340000033378601,1.2494595050811768,12672277
2020-07-07,1.350000023841858,1.3799999952316284,1.2799999713897705,1.2899999618530273,1.2028378248214722,7990000
2020-07-08,1.2899999618530273,1.309999942779541,1.2699999809265137,1.2899999618530273,1.2028378248214722,5068961
2020-07-09,1.2899999618530273,1.2899999618530273,1.25,1.25,1.1655404567718506,8211995
2020-07-10,1.25,1.2599999904632568,1.2200000286102295,1.25,1.1655404567718506,9600000
2020-07-13,1.25,1.2699999809265137,1.2300000190734863,1.2599999904632568,1.1748648881912231,3923222
2020-07-14,1.25,1.2699999809265137,1.2400000095367432,1.2400000095367432,1.1562161445617676,7087881
2020-07-15,1.25,1.25,1.2100000381469727,1.2200000286102295,1.1375675201416016,5463118
2020-07-16,1.2300000190734863,1.2400000095367432,1.190000057220459,1.2400000095367432,1.1562161445617676,6554892
2020-07-17,1.2300000190734863,1.2300000190734863,1.190000057220459,1.2300000190734863,1.1468918323516846,3828549
2020-07-20,1.2300000190734863,1.2300000190734863,1.190000057220459,1.2100000381469727,1.1282432079315186,3921150
2020-07-21,1.2100000381469727,1.2200000286102295,1.2000000476837158,1.2100000381469727,1.1282432079315186,3584739
2020-07-22,1.2000000476837158,1.2200000286102295,1.2000000476837158,1.2000000476837158,1.1189188957214355,2767406
2020-07-23,1.2000000476837158,1.2000000476837158,1.1699999570846558,1.190000057220459,1.1095945835113525,2886000
2020-07-24,1.1799999475479126,1.190000057220459,1.1399999856948853,1.149999976158142,1.072297215461731,4226000
2020-07-27,1.149999976158142,1.1699999570846558,1.1200000047683716,1.1299999952316284,1.053648591041565,2146000
2020-07-28,1.1299999952316284,1.1399999856948853,1.1200000047683716,1.1299999952316284,1.053648591041565,1298583
2020-07-29,1.1100000143051147,1.1299999952316284,1.1100000143051147,1.1200000047683716,1.044324278831482,1820059
2020-07-30,1.149999976158142,1.149999976158142,1.1100000143051147,1.1200000047683716,1.044324278831482,2573307
2020-07-31,1.1200000047683716,1.1399999856948853,1.1100000143051147,1.1200000047683716,1.044324278831482,1298171
2020-08-03,1.1200000047683716,1.1299999952316284,1.1100000143051147,1.1200000047683716,1.044324278831482,1368093
2020-08-04,1.1399999856948853,1.2200000286102295,1.1399999856948853,1.2100000381469727,1.1282432079315186,6082055
2020-08-05,1.2100000381469727,1.2100000381469727,1.1799999475479126,1.190000057220459,1.1095945835113525,2868000
2020-08-06,1.2000000476837158,1.2100000381469727,1.159999966621399,1.159999966621399,1.081621527671814,2366280
2020-08-07,1.159999966621399,1.1799999475479126,1.1399999856948853,1.1799999475479126,1.10027015209198,2667411
2020-08-10,1.1699999570846558,1.1799999475479126,1.149999976158142,1.159999966621399,1.081621527671814,1336000
2020-08-11,1.1799999475479126,1.2300000190734863,1.1799999475479126,1.2100000381469727,1.1282432079315186,5541693
2020-08-12,1.2200000286102295,1.2699999809265137,1.2200000286102295,1.25,1.1655404567718506,10450000
2020-08-13,1.2400000095367432,1.25,1.2200000286102295,1.2400000095367432,1.1562161445617676,4222000
2020-08-14,1.2200000286102295,1.2300000190734863,1.2100000381469727,1.2200000286102295,1.1375675201416016,2752000
2020-08-17,1.2200000286102295,1.2400000095367432,1.2100000381469727,1.2200000286102295,1.1375675201416016,3274000
2020-08-18,1.2200000286102295,1.2400000095367432,1.2000000476837158,1.2200000286102295,1.1375675201416016,2592225
2020-08-19,1.2400000095367432,1.2400000095367432,1.2000000476837158,1.2100000381469727,1.1282432079315186,1050000
2020-08-20,1.2200000286102295,1.2400000095367432,1.2000000476837158,1.2400000095367432,1.1562161445617676,2700425
2020-08-21,1.2400000095367432,1.2400000095367432,1.2200000286102295,1.2400000095367432,1.1562161445617676,1326532
2020-08-24,1.25,1.3300000429153442,1.25,1.2899999618530273,1.2028378248214722,8828036
2020-08-25,1.2899999618530273,1.309999942779541,1.2799999713897705,1.2999999523162842,1.2121621370315552,4676502
2020-08-26,1.2999999523162842,1.3200000524520874,1.2799999713897705,1.2799999713897705,1.1935135126113892,2587519
2020-08-27,1.2899999618530273,1.2999999523162842,1.2599999904632568,1.2799999713897705,1.1935135126113892,2030106
2020-08-28,1.2699999809265137,1.340000033378601,1.2599999904632568,1.3300000429153442,1.2401351928710938,8140000
2020-08-31,1.340000033378601,1.3799999952316284,1.2999999523162842,1.309999942779541,1.2214864492416382,12300000
2020-09-01,1.3200000524520874,1.350000023841858,1.3200000524520874,1.340000033378601,1.2494595050811768,3321669
2020-09-02,1.350000023841858,1.3799999952316284,1.3300000429153442,1.3799999952316284,1.2867567539215088,8180000
2020-09-03,1.3799999952316284,1.399999976158142,1.3600000143051147,1.3799999952316284,1.2867567539215088,5521172
2020-09-04,1.3600000143051147,1.3799999952316284,1.309999942779541,1.3799999952316284,1.2867567539215088,4562000
2020-09-07,1.3700000047683716,1.3799999952316284,1.340000033378601,1.3700000047683716,1.2774324417114258,2945012
2020-09-08,1.350000023841858,1.3799999952316284,1.3300000429153442,1.3600000143051147,1.2681081295013428,3148000
2020-09-09,1.340000033378601,1.5,1.3300000429153442,1.4600000381469727,1.3613513708114624,25060093
2020-09-10,1.4700000286102295,1.4800000190734863,1.409999966621399,1.4600000381469727,1.3613513708114624,7058492
2020-09-11,1.4299999475479126,1.4500000476837158,1.4199999570846558,1.4299999475479126,1.3333783149719238,3392000
2020-09-14,1.399999976158142,1.4199999570846558,1.3899999856948853,1.4199999570846558,1.3240540027618408,3244000
2020-09-15,1.4199999570846558,1.4700000286102295,1.409999966621399,1.4600000381469727,1.3613513708114624,6070589
2020-09-16,1.4700000286102295,1.5,1.4299999475479126,1.440000057220459,1.3427027463912964,5856000
2020-09-17,1.440000057220459,1.440000057220459,1.399999976158142,1.399999976158142,1.3054053783416748,4784000
2020-09-18,1.399999976158142,1.440000057220459,1.3899999856948853,1.440000057220459,1.3427027463912964,7500915
2020-09-21,1.4299999475479126,1.4299999475479126,1.2999999523162842,1.2999999523162842,1.2121621370315552,9840000
2020-09-22,1.3200000524520874,1.340000033378601,1.2699999809265137,1.309999942779541,1.2214864492416382,5489084
2020-09-23,1.3300000429153442,1.3600000143051147,1.3300000429153442,1.3300000429153442,1.2401351928710938,2966000
2020-09-24,1.309999942779541,1.340000033378601,1.309999942779541,1.340000033378601,1.2494595050811768,3140000
2020-09-25,1.3300000429153442,1.350000023841858,1.3300000429153442,1.340000033378601,1.2494595050811768,3034000
2020-09-28,1.340000033378601,1.340000033378601,1.309999942779541,1.3300000429153442,1.2401351928710938,1212630
2020-09-29,1.3200000524520874,1.340000033378601,1.2999999523162842,1.3200000524520874,1.2308108806610107,1816177
2020-09-30,1.3200000524520874,1.350000023841858,1.309999942779541,1.340000033378601,1.2494595050811768,2760189
2020-10-05,1.3300000429153442,1.3600000143051147,1.3200000524520874,1.340000033378601,1.2494595050811768,2476272
2020-10-06,1.340000033378601,1.350000023841858,1.3200000524520874,1.350000023841858,1.2587838172912598,2723091
2020-10-07,1.340000033378601,1.340000033378601,1.3200000524520874,1.3200000524520874,1.2308108806610107,842000
2020-10-08,1.3200000524520874,1.350000023841858,1.2999999523162842,1.2999999523162842,1.2121621370315552,2938024
2020-10-09,1.2999999523162842,1.3300000429153442,1.2999999523162842,1.309999942779541,1.2214864492416382,1963067
2020-10-12,1.309999942779541,1.3200000524520874,1.2999999523162842,1.3200000524520874,1.2308108806610107,2970476
2020-10-14,1.309999942779541,1.3200000524520874,1.2999999523162842,1.3200000524520874,1.2308108806610107,1364000
2020-10-15,1.309999942779541,1.3200000524520874,1.2899999618530273,1.2999999523162842,1.2121621370315552,3127000
2020-10-16,1.2799999713897705,1.309999942779541,1.2699999809265137,1.2799999713897705,1.1935135126113892,5352000
2020-10-19,1.2799999713897705,1.2999999523162842,1.2799999713897705,1.2799999713897705,1.1935135126113892,1520000
2020-10-20,1.2799999713897705,1.2899999618530273,1.2599999904632568,1.2899999618530273,1.2028378248214722,4796797
2020-10-21,1.2799999713897705,1.2799999713897705,1.2599999904632568,1.2699999809265137,1.1841892004013062,2060928
2020-10-22,1.2699999809265137,1.2799999713897705,1.25,1.2799999713897705,1.1935135126113892,1882000
2020-10-23,1.2699999809265137,1.2799999713897705,1.2599999904632568,1.2699999809265137,1.1841892004013062,1868000
2020-10-27,1.2599999904632568,1.2699999809265137,1.2400000095367432,1.25,1.1655404567718506,4244000
2020-10-28,1.25,1.25,1.149999976158142,1.2000000476837158,1.1189188957214355,21512449
2020-10-29,1.1799999475479126,1.1799999475479126,1.1299999952316284,1.1399999856948853,1.062972903251648,21656426
2020-10-30,1.159999966621399,1.159999966621399,1.100000023841858,1.1100000143051147,1.034999966621399,19124000
2020-11-02,1.0700000524520874,1.1399999856948853,1.059999942779541,1.1299999952316284,1.053648591041565,81736745
2020-11-03,1.1399999856948853,1.190000057220459,1.1299999952316284,1.1799999475479126,1.10027015209198,11241618
2020-11-04,1.1699999570846558,1.190000057220459,1.149999976158142,1.1699999570846558,1.090945839881897,11554000
2020-11-05,1.1799999475479126,1.2599999904632568,1.1799999475479126,1.25,1.1655404567718506,10616745
2020-11-06,1.2300000190734863,1.2699999809265137,1.2000000476837158,1.2300000190734863,1.1468918323516846,7405653
2020-11-09,1.2400000095367432,1.2799999713897705,1.2200000286102295,1.2300000190734863,1.1468918323516846,6432000
2020-11-10,1.2999999523162842,1.3799999952316284,1.2699999809265137,1.2899999618530273,1.2028378248214722,26692466
2020-11-11,1.2999999523162842,1.2999999523162842,1.2599999904632568,1.2799999713897705,1.1935135126113892,8601408
2020-11-12,1.2899999618530273,1.2999999523162842,1.2599999904632568,1.2799999713897705,1.1935135126113892,6485000
2020-11-13,1.2799999713897705,1.2799999713897705,1.2400000095367432,1.2699999809265137,1.1841892004013062,5001426
2020-11-16,1.2699999809265137,1.309999942779541,1.25,1.2799999713897705,1.1935135126113892,10520000
2020-11-17,1.2999999523162842,1.3200000524520874,1.2799999713897705,1.2999999523162842,1.2121621370315552,6984000
2020-11-18,1.2899999618530273,1.2999999523162842,1.2699999809265137,1.2799999713897705,1.1935135126113892,4089520
2020-11-19,1.2799999713897705,1.2899999618530273,1.2699999809265137,1.2699999809265137,1.1841892004013062,7394000
2020-11-20,1.2899999618530273,1.3700000047683716,1.2799999713897705,1.309999942779541,1.2214864492416382,27618000
2020-11-23,1.2999999523162842,1.3300000429153442,1.2699999809265137,1.2899999618530273,1.2028378248214722,12790000
2020-11-24,1.2899999618530273,1.3200000524520874,1.2899999618530273,1.309999942779541,1.2214864492416382,5732000
2020-11-25,1.3300000429153442,1.440000057220459,1.3300000429153442,1.3600000143051147,1.2681081295013428,34156000
2020-11-26,1.3600000143051147,1.3700000047683716,1.340000033378601,1.350000023841858,1.2587838172912598,6240000
2020-11-27,1.340000033378601,1.3600000143051147,1.309999942779541,1.3200000524520874,1.2308108806610107,7870000
2020-11-30,1.3200000524520874,1.3200000524520874,1.2799999713897705,1.2799999713897705,1.1935135126113892,12522000
2020-12-01,1.2799999713897705,1.2999999523162842,1.2699999809265137,1.2699999809265137,1.1841892004013062,5962000
2020-12-02,1.2699999809265137,1.2999999523162842,1.2599999904632568,1.2799999713897705,1.1935135126113892,10928000
2020-12-03,1.2799999713897705,1.3200000524520874,1.2799999713897705,1.309999942779541,1.2214864492416382,7194792
2020-12-04,1.2999999523162842,1.3200000524520874,1.2899999618530273,1.2899999618530273,1.2028378248214722,3772924
2020-12-07,1.2899999618530273,1.3200000524520874,1.2799999713897705,1.2799999713897705,1.1935135126113892,5523504
2020-12-08,1.2799999713897705,1.2999999523162842,1.2200000286102295,1.2300000190734863,1.1468918323516846,13591499
2020-12-09,1.2300000190734863,1.2400000095367432,1.2000000476837158,1.2200000286102295,1.1375675201416016,8811789
2020-12-10,1.2100000381469727,1.2300000190734863,1.2000000476837158,1.2300000190734863,1.1468918323516846,2868000
2020-12-11,1.2300000190734863,1.2400000095367432,1.2100000381469727,1.2300000190734863,1.1468918323516846,3785213
2020-12-14,1.25,1.2599999904632568,1.2300000190734863,1.2400000095367432,1.1562161445617676,3235441
2020-12-15,1.2599999904632568,1.2599999904632568,1.2000000476837158,1.2100000381469727,1.1282432079315186,7003000
2020-12-16,1.2000000476837158,1.2699999809265137,1.2000000476837158,1.2699999809265137,1.1841892004013062,5228731
2020-12-17,1.2699999809265137,1.2699999809265137,1.2300000190734863,1.2699999809265137,1.1841892004013062,3853538
2020-12-18,1.2699999809265137,1.2699999809265137,1.190000057220459,1.2000000476837158,1.1189188957214355,26890000
2020-12-21,1.2000000476837158,1.2100000381469727,1.190000057220459,1.2000000476837158,1.1189188957214355,6852000
2020-12-22,1.190000057220459,1.190000057220459,1.149999976158142,1.159999966621399,1.081621527671814,10268000
2020-12-23,1.159999966621399,1.2100000381469727,1.159999966621399,1.2100000381469727,1.1282432079315186,5812000
2020-12-24,1.2100000381469727,1.2100000381469727,1.2100000381469727,1.2100000381469727,1.1282432079315186,0
2020-12-28,1.2100000381469727,1.2100000381469727,1.1799999475479126,1.2000000476837158,1.1189188957214355,4233005
2020-12-29,1.190000057220459,1.2100000381469727,1.1799999475479126,1.2000000476837158,1.1189188957214355,2780000
2020-12-30,1.2000000476837158,1.2100000381469727,1.190000057220459,1.190000057220459,1.1095945835113525,4530000
2020-12-31,1.2000000476837158,1.2000000476837158,1.2000000476837158,1.2000000476837158,1.1189188957214355,0
2021-01-04,1.2000000476837158,1.2200000286102295,1.2000000476837158,1.2200000286102295,1.1375675201416016,4364958
2021-01-05,1.2100000381469727,1.2200000286102295,1.2000000476837158,1.2100000381469727,1.1282432079315186,2247000
2021-01-06,1.2100000381469727,1.2100000381469727,1.2000000476837158,1.2000000476837158,1.1189188957214355,2624945
2021-01-07,1.2000000476837158,1.2200000286102295,1.1799999475479126,1.2000000476837158,1.1189188957214355,4188000
2021-01-08,1.2000000476837158,1.2400000095367432,1.190000057220459,1.2100000381469727,1.1282432079315186,7960721
2021-01-11,1.2300000190734863,1.2300000190734863,1.190000057220459,1.190000057220459,1.1095945835113525,3869579
2021-01-12,1.190000057220459,1.2100000381469727,1.190000057220459,1.190000057220459,1.1095945835113525,4790001
2021-01-13,1.190000057220459,1.2000000476837158,1.1799999475479126,1.2000000476837158,1.1189188957214355,4607349
2021-01-14,1.190000057220459,1.2000000476837158,1.1799999475479126,1.2000000476837158,1.1189188957214355,3054106
2021-01-15,1.2000000476837158,1.2000000476837158,1.1699999570846558,1.1799999475479126,1.10027015209198,7821513
2021-01-18,1.190000057220459,1.190000057220459,1.159999966621399,1.159999966621399,1.081621527671814,9520000
2021-01-19,1.1699999570846558,1.1799999475479126,1.159999966621399,1.1699999570846558,1.090945839881897,12233037
2021-01-20,1.1699999570846558,1.2000000476837158,1.1699999570846558,1.2000000476837158,1.1189188957214355,9893248
2021-01-21,1.2100000381469727,1.2200000286102295,1.190000057220459,1.2000000476837158,1.1189188957214355,5438000
2021-01-22,1.2000000476837158,1.2000000476837158,1.1699999570846558,1.1699999570846558,1.090945839881897,5486963
2021-01-25,1.1699999570846558,1.1799999475479126,1.149999976158142,1.1699999570846558,1.090945839881897,7356213
2021-01-26,1.1699999570846558,1.1699999570846558,1.149999976158142,1.149999976158142,1.072297215461731,6046000
2021-01-27,1.159999966621399,1.190000057220459,1.149999976158142,1.190000057220459,1.1095945835113525,8626000
2021-01-28,1.190000057220459,1.190000057220459,1.149999976158142,1.159999966621399,1.081621527671814,7750532
2021-01-29,1.159999966621399,1.159999966621399,1.149999976158142,1.149999976158142,1.072297215461731,3072607
2021-02-01,1.149999976158142,1.1699999570846558,1.1399999856948853,1.159999966621399,1.081621527671814,5591199
2021-02-02,1.159999966621399,1.190000057220459,1.159999966621399,1.1799999475479126,1.10027015209198,5450000
2021-02-03,1.190000057220459,1.2599999904632568,1.1799999475479126,1.2300000190734863,1.1468918323516846,19058078
2021-02-04,1.2400000095367432,1.2999999523162842,1.2300000190734863,1.2899999618530273,1.2028378248214722,27729028
2021-02-05,1.2999999523162842,1.309999942779541,1.2699999809265137,1.2799999713897705,1.1935135126113892,9722510
2021-02-08,1.2699999809265137,1.2999999523162842,1.25,1.2999999523162842,1.2121621370315552,9091463
2021-02-09,1.309999942779541,1.4299999475479126,1.2999999523162842,1.409999966621399,1.3147296905517578,52856574
2021-02-10,1.409999966621399,1.5,1.3600000143051147,1.4900000095367432,1.3893243074417114,28365686
2021-02-11,1.690000057220459,1.690000057220459,1.690000057220459,1.690000057220459,1.5758107900619507,0
2021-02-16,1.7899999618530273,1.9900000095367432,1.7699999809265137,1.9900000095367432,1.8555405139923096,101715421
2021-02-17,1.9900000095367432,1.9900000095367432,1.8300000429153442,1.8700000047683716,1.743648648262024,57204064
2021-02-18,1.899999976158142,1.899999976158142,1.7799999713897705,1.8200000524520874,1.6970270872116089,33712862
2021-02-19,1.8200000524520874,1.9299999475479126,1.7999999523162842,1.8799999952316284,1.752972960472107,27529344
2021-02-22,1.9299999475479126,1.940000057220459,1.7999999523162842,1.809999942779541,1.6877026557922363,24184052
2021-02-23,1.809999942779541,2.0,1.7400000095367432,1.9299999475479126,1.799594521522522,57286805
2021-02-24,1.9900000095367432,2.1700000762939453,1.940000057220459,2.109999895095825,1.9674322605133057,117151828
2021-02-25,2.1700000762939453,2.190000057220459,1.909999966621399,1.9199999570846558,1.790270209312439,56642500
2021-02-26,1.8200000524520874,1.9900000095367432,1.7599999904632568,1.899999976158142,1.771621584892273,36370000
2021-03-01,1.9299999475479126,1.9500000476837158,1.7899999618530273,1.809999942779541,1.6877026557922363,32134000
2021-03-02,1.840000033378601,1.8799999952316284,1.809999942779541,1.8600000143051147,1.734324336051941,14408000
2021-03-03,1.8600000143051147,1.909999966621399,1.8200000524520874,1.8899999856948853,1.76229727268219,13470619
2021-03-04,1.8899999856948853,1.8899999856948853,1.8200000524520874,1.850000023841858,1.725000023841858,11293643
2021-03-05,1.809999942779541,1.899999976158142,1.7799999713897705,1.8899999856948853,1.76229727268219,16702332
2021-03-08,1.9199999570846558,1.9199999570846558,1.8200000524520874,1.840000033378601,1.715675711631775,15808000
2021-03-09,1.840000033378601,1.9500000476837158,1.809999942779541,1.909999966621399,1.780945897102356,26887217
2021-03-10,1.9500000476837158,2.0,1.8799999952316284,1.8899999856948853,1.76229727268219,22825307
2021-03-11,1.8799999952316284,1.940000057220459,1.8799999952316284,1.8899999856948853,1.76229727268219,10951046
2021-03-12,1.899999976158142,1.899999976158142,1.840000033378601,1.850000023841858,1.725000023841858,11528000
2021-03-15,1.850000023841858,1.8799999952316284,1.8300000429153442,1.840000033378601,1.715675711631775,6134000
2021-03-16,1.850000023841858,1.899999976158142,1.8300000429153442,1.8899999856948853,1.76229727268219,6196760
2021-03-17,1.8799999952316284,2.0799999237060547,1.8700000047683716,2.049999952316284,1.9114863872528076,48207713
2021-03-18,2.059999942779541,2.069999933242798,1.9600000381469727,1.9700000286102295,1.8368918895721436,16856211
2021-03-19,1.9700000286102295,1.9900000095367432,1.8899999856948853,1.9299999475479126,1.799594521522522,27959847
2021-03-22,1.909999966621399,1.940000057220459,1.8899999856948853,1.8899999856948853,1.76229727268219,7554535
2021-03-23,1.899999976158142,1.899999976158142,1.840000033378601,1.8600000143051147,1.734324336051941,10438664
2021-03-24,1.8799999952316284,1.8799999952316284,1.75,1.7599999904632568,1.6410810947418213,21362327
2021-03-25,1.7599999904632568,1.7999999523162842,1.649999976158142,1.7999999523162842,1.6783783435821533,12346500
2021-03-26,1.7999999523162842,1.8200000524520874,1.7799999713897705,1.7999999523162842,1.6783783435821533,5760639
2021-03-29,1.8300000429153442,1.8799999952316284,1.809999942779541,1.8300000429153442,1.706351399421692,8677900
2021-03-30,1.840000033378601,1.850000023841858,1.8200000524520874,1.8300000429153442,1.706351399421692,5049544
2021-03-31,1.8300000429153442,1.850000023841858,1.7799999713897705,1.7799999713897705,1.6597297191619873,10840079
2021-04-01,1.7799999713897705,1.850000023841858,1.7799999713897705,1.8200000524520874,1.6970270872116089,7631855
2021-04-07,1.840000033378601,1.850000023841858,1.809999942779541,1.840000033378601,1.715675711631775,4400844
2021-04-08,1.850000023841858,1.8899999856948853,1.8200000524520874,1.850000023841858,1.725000023841858,6792000
2021-04-09,1.8600000143051147,1.8700000047683716,1.7999999523162842,1.809999942779541,1.6877026557922363,4866284
2021-04-12,1.8200000524520874,1.8300000429153442,1.7899999618530273,1.809999942779541,1.6877026557922363,4831479
2021-04-13,1.8899999856948853,1.9900000095367432,1.7699999809265137,1.7699999809265137,1.6504054069519043,77437738
2021-04-14,1.7999999523162842,1.8600000143051147,1.7899999618530273,1.850000023841858,1.725000023841858,16352229
2021-04-15,1.850000023841858,1.8799999952316284,1.8200000524520874,1.8600000143051147,1.734324336051941,7189132
2021-04-16,1.8700000047683716,1.9500000476837158,1.8700000047683716,1.8899999856948853,1.76229727268219,29120213
2021-04-19,1.909999966621399,1.9500000476837158,1.8700000047683716,1.8899999856948853,1.76229727268219,13418014
2021-04-20,1.899999976158142,1.9199999570846558,1.8700000047683716,1.899999976158142,1.771621584892273,6830000
2021-04-21,1.8899999856948853,1.8899999856948853,1.850000023841858,1.8700000047683716,1.743648648262024,8344675
2021-04-22,1.8700000047683716,1.909999966621399,1.850000023841858,1.899999976158142,1.771621584892273,7782000
2021-04-23,1.8899999856948853,1.9299999475479126,1.8899999856948853,1.899999976158142,1.771621584892273,4903925
2021-04-26,1.909999966621399,1.940000057220459,1.8799999952316284,1.909999966621399,1.780945897102356,12638785
2021-04-27,1.9299999475479126,1.9299999475479126,1.8799999952316284,1.899999976158142,1.771621584892273,6076000
2021-04-28,1.8799999952316284,1.9700000286102295,1.8799999952316284,1.8899999856948853,1.76229727268219,14485000
2021-04-29,1.8899999856948853,1.9199999570846558,1.8700000047683716,1.8899999856948853,1.76229727268219,12470000
2021-04-30,1.8799999952316284,1.8899999856948853,1.840000033378601,1.850000023841858,1.725000023841858,9092000
2021-05-03,1.8700000047683716,1.8700000047683716,1.7999999523162842,1.8300000429153442,1.706351399421692,4768000
2021-05-04,1.8300000429153442,1.850000023841858,1.8200000524520874,1.8300000429153442,1.706351399421692,2262690
2021-05-05,1.8300000429153442,1.899999976158142,1.8300000429153442,1.850000023841858,1.725000023841858,11706000
2021-05-06,1.850000023841858,1.8600000143051147,1.7999999523162842,1.8200000524520874,1.6970270872116089,9726884
2021-05-07,1.8300000429153442,1.840000033378601,1.7999999523162842,1.809999942779541,1.6877026557922363,5168953
2021-05-10,1.7999999523162842,1.8300000429153442,1.7999999523162842,1.7999999523162842,1.6783783435821533,4558000
2021-05-11,1.7799999713897705,1.7799999713897705,1.7100000381469727,1.7599999904632568,1.6410810947418213,9520000
2021-05-12,1.7799999713897705,1.8200000524520874,1.7400000095367432,1.8200000524520874,1.6970270872116089,11819500
2021-05-13,1.7899999618530273,1.809999942779541,1.7400000095367432,1.7400000095367432,1.6224323511123657,6462000
2021-05-14,1.75,1.7799999713897705,1.75,1.7599999904632568,1.6410810947418213,3450588
2021-05-17,1.7599999904632568,1.7699999809265137,1.7400000095367432,1.7400000095367432,1.6224323511123657,3344000
2021-05-18,1.7400000095367432,1.7699999809265137,1.7400000095367432,1.7699999809265137,1.6504054069519043,4216000
2021-05-20,1.7899999618530273,1.8799999952316284,1.7699999809265137,1.8600000143051147,1.734324336051941,18551629
2021-05-21,1.840000033378601,1.8600000143051147,1.809999942779541,1.840000033378601,1.715675711631775,7991212
2021-05-24,1.840000033378601,1.840000033378601,1.7999999523162842,1.809999942779541,1.6877026557922363,5344352
2021-05-25,1.8300000429153442,1.8700000047683716,1.809999942779541,1.8200000524520874,1.6970270872116089,5800500
2021-05-26,1.8200000524520874,1.840000033378601,1.8200000524520874,1.840000033378601,1.715675711631775,3648005
2021-05-27,1.840000033378601,1.840000033378601,1.7999999523162842,1.809999942779541,1.6877026557922363,6879325
2021-05-28,1.8200000524520874,1.909999966621399,1.8200000524520874,1.8899999856948853,1.76229727268219,25968901
2021-05-31,1.899999976158142,1.9600000381469727,1.8899999856948853,1.9600000381469727,1.8275675773620605,26083626
2021-06-01,1.9600000381469727,1.9800000190734863,1.909999966621399,1.940000057220459,1.8089189529418945,10592749
2021-06-02,1.9500000476837158,1.9800000190734863,1.9199999570846558,1.9600000381469727,1.8275675773620605,6786600
2021-06-03,1.9700000286102295,2.0299999713897705,1.940000057220459,1.9600000381469727,1.8275675773620605,17596477
2021-06-04,1.9700000286102295,1.9800000190734863,1.9299999475479126,1.9700000286102295,1.8368918895721436,4277613
2021-06-07,1.9500000476837158,1.9500000476837158,1.909999966621399,1.9299999475479126,1.799594521522522,6018460
2021-06-08,1.9299999475479126,2.0399999618530273,1.9199999570846558,2.0399999618530273,1.9021620750427246,11134094
2021-06-09,2.0399999618530273,2.069999933242798,1.9900000095367432,2.049999952316284,1.9114863872528076,19162016
2021-06-10,2.059999942779541,2.069999933242798,2.0,2.009999990463257,1.8741891384124756,5175200
2021-06-11,2.009999990463257,2.059999942779541,2.009999990463257,2.0299999713897705,1.8928377628326416,5368834
2021-06-15,2.0399999618530273,2.119999885559082,2.0399999618530273,2.049999952316284,1.9114863872528076,8542811
2021-06-16,2.059999942779541,2.0999999046325684,1.899999976158142,1.909999966621399,1.780945897102356,20595000
2021-06-17,1.899999976158142,1.9600000381469727,1.8700000047683716,1.909999966621399,1.780945897102356,11026900
2021-06-18,1.909999966621399,1.9199999570846558,1.8799999952316284,1.9199999570846558,1.790270209312439,12068000
2021-06-21,1.909999966621399,2.0299999713897705,1.8799999952316284,2.0,1.8648648262023926,12166852
2021-06-22,2.0,2.1700000762939453,2.0,2.1500000953674316,2.004729747772217,32746700
2021-06-23,2.1500000953674316,2.1600000858306885,2.049999952316284,2.049999952316284,1.9114863872528076,12759990
2021-06-24,2.049999952316284,2.049999952316284,1.9900000095367432,2.0,1.8648648262023926,8183618
2021-06-25,2.0,2.0299999713897705,1.9800000190734863,1.9900000095367432,1.8555405139923096,7114093
2021-06-28,2.0199999809265137,2.119999885559082,2.0,2.069999933242798,1.9301350116729736,6093000
2021-06-29,2.069999933242798,2.119999885559082,2.0299999713897705,2.059999942779541,1.9208106994628906,8640000
2021-06-30,2.0799999237060547,2.2899999618530273,2.0799999237060547,2.2200000286102295,2.069999933242798,53508792
2021-07-02,2.180000066757202,2.2100000381469727,2.0799999237060547,2.0999999046325684,1.9581079483032227,21090000
2021-07-05,2.0999999046325684,2.1500000953674316,2.0799999237060547,2.130000114440918,1.9860811233520508,6701812
2021-07-06,2.140000104904175,2.1500000953674316,2.0299999713897705,2.0399999618530273,1.9021620750427246,11206343
2021-07-07,2.0399999618530273,2.130000114440918,1.9800000190734863,2.119999885559082,1.9767565727233887,12505256
2021-07-08,2.0899999141693115,2.0999999046325684,2.0199999809265137,2.0799999237060547,1.9394593238830566,11162354
2021-07-09,2.059999942779541,2.0799999237060547,2.0199999809265137,2.0299999713897705,1.8928377628326416,9924000
2021-07-12,2.0399999618530273,2.0799999237060547,2.0199999809265137,2.059999942779541,1.9208106994628906,4710000
2021-07-13,2.0899999141693115,2.180000066757202,2.069999933242798,2.1500000953674316,2.004729747772217,14442933
2021-07-14,2.1500000953674316,2.1600000858306885,2.0999999046325684,2.109999895095825,1.9674322605133057,4176447
2021-07-15,2.109999895095825,2.130000114440918,2.0799999237060547,2.0899999141693115,1.9487836360931396,5196405
2021-07-16,2.0999999046325684,2.190000057220459,2.0799999237060547,2.0999999046325684,1.9581079483032227,13387770
2021-07-19,2.0999999046325684,2.0999999046325684,2.0299999713897705,2.0299999713897705,1.8928377628326416,8804000
2021-07-20,2.0299999713897705,2.049999952316284,1.909999966621399,1.940000057220459,1.8089189529418945,19900000
2021-07-21,1.9600000381469727,1.9900000095367432,1.940000057220459,1.9700000286102295,1.8368918895721436,6172000
2021-07-22,1.9800000190734863,2.0199999809265137,1.9700000286102295,2.009999990463257,1.8741891384124756,5794750
2021-07-23,2.009999990463257,2.0199999809265137,1.940000057220459,1.9500000476837158,1.8182432651519775,5510000
2021-07-26,1.9500000476837158,1.9500000476837158,1.8899999856948853,1.9199999570846558,1.790270209312439,10197000
2021-07-27,1.909999966621399,1.9700000286102295,1.8300000429153442,1.8600000143051147,1.734324336051941,14531500
2021-07-28,1.8700000047683716,1.909999966621399,1.7999999523162842,1.850000023841858,1.725000023841858,12880015
2021-07-29,1.850000023841858,1.9800000190734863,1.850000023841858,1.9700000286102295,1.8368918895721436,10076000
2021-07-30,1.9600000381469727,1.9700000286102295,1.899999976158142,1.940000057220459,1.8089189529418945,7720000
2021-08-02,1.9500000476837158,1.9800000190734863,1.9299999475479126,1.9700000286102295,1.8368918895721436,5440000
2021-08-03,1.9600000381469727,1.9800000190734863,1.909999966621399,1.9500000476837158,1.8182432651519775,4847314
2021-08-04,1.9299999475479126,1.940000057220459,1.8600000143051147,1.8799999952316284,1.752972960472107,12580000
2021-08-05,1.8799999952316284,1.8899999856948853,1.840000033378601,1.8700000047683716,1.743648648262024,6980000
2021-08-06,1.8700000047683716,1.899999976158142,1.8600000143051147,1.8700000047683716,1.743648648262024,2952893
2021-08-09,1.8799999952316284,1.8799999952316284,1.8300000429153442,1.850000023841858,1.725000023841858,8012000
2021-08-10,1.840000033378601,1.8700000047683716,1.8200000524520874,1.840000033378601,1.715675711631775,5746000
2021-08-11,1.8300000429153442,1.8899999856948853,1.8300000429153442,1.850000023841858,1.725000023841858,3508000
2021-08-12,1.8600000143051147,1.8700000047683716,1.8300000429153442,1.840000033378601,1.715675711631775,2918000
2021-08-13,1.840000033378601,1.8600000143051147,1.809999942779541,1.840000033378601,1.715675711631775,4946000
2021-08-16,1.8300000429153442,1.840000033378601,1.7799999713897705,1.7999999523162842,1.6783783435821533,8426000
2021-08-17,1.7899999618530273,1.7999999523162842,1.7400000095367432,1.75,1.6317567825317383,12712000
2021-08-18,1.75,1.7599999904632568,1.7000000476837158,1.7100000381469727,1.5944594144821167,6540500
2021-08-19,1.7000000476837158,1.7200000286102295,1.600000023841858,1.6100000143051147,1.501216173171997,15878000
2021-08-20,1.6100000143051147,1.6100000143051147,1.5,1.5199999809265137,1.4172972440719604,14728950
2021-08-23,1.5199999809265137,1.600000023841858,1.5199999809265137,1.5800000429153442,1.473243236541748,5660000
2021-08-24,1.5800000429153442,1.659999966621399,1.5800000429153442,1.649999976158142,1.538513422012329,5346426
2021-08-25,1.649999976158142,1.6699999570846558,1.5700000524520874,1.6399999856948853,1.529189109802246,7590001
2021-08-26,1.6100000143051147,1.6299999952316284,1.590000033378601,1.600000023841858,1.491891860961914,2005993
2021-08-27,1.5800000429153442,1.659999966621399,1.5800000429153442,1.659999966621399,1.547837734222412,5962000
2021-08-30,1.6699999570846558,1.6699999570846558,1.6299999952316284,1.649999976158142,1.538513422012329,3300781
2021-08-31,1.649999976158142,1.6799999475479126,1.6200000047683716,1.6799999475479126,1.5664863586425781,3660000
2021-09-01,1.6799999475479126,1.7799999713897705,1.6699999570846558,1.75,1.6317567825317383,6262000
2021-09-02,1.7599999904632568,1.7699999809265137,1.7200000286102295,1.7300000190734863,1.6131080389022827,5012000
2021-09-03,1.7400000095367432,1.7599999904632568,1.7200000286102295,1.7599999904632568,1.6410810947418213,2035400
2021-09-06,1.75,1.75,1.7000000476837158,1.7100000381469727,1.5944594144821167,2366000
2021-09-07,1.7100000381469727,1.899999976158142,1.7100000381469727,1.8899999856948853,1.76229727268219,21740158
2021-09-08,1.899999976158142,1.909999966621399,1.8200000524520874,1.840000033378601,1.715675711631775,16599628
2021-09-09,1.8200000524520874,1.840000033378601,1.7999999523162842,1.8200000524520874,1.6970270872116089,5746000
2021-09-10,1.8200000524520874,1.840000033378601,1.7999999523162842,1.809999942779541,1.6877026557922363,3642000
2021-09-13,1.7999999523162842,1.7999999523162842,1.7300000190734863,1.7300000190734863,1.6131080389022827,8490249
2021-09-14,1.7300000190734863,1.7400000095367432,1.7000000476837158,1.7000000476837158,1.5851351022720337,5864000
2021-09-15,1.690000057220459,1.7300000190734863,1.6699999570846558,1.6699999570846558,1.5571620464324951,3436000
2021-09-16,1.6699999570846558,1.690000057220459,1.6299999952316284,1.659999966621399,1.547837734222412,4164000
2021-09-17,1.659999966621399,1.6699999570846558,1.6299999952316284,1.659999966621399,1.547837734222412,2220000
2021-09-20,1.6399999856948853,1.6399999856948853,1.590000033378601,1.6299999952316284,1.519864797592163,4154000
2021-09-21,1.600000023841858,1.6699999570846558,1.600000023841858,1.659999966621399,1.547837734222412,3136468
2021-09-23,1.659999966621399,1.7000000476837158,1.649999976158142,1.7000000476837158,1.5851351022720337,3887724
2021-09-24,1.6799999475479126,1.7000000476837158,1.6299999952316284,1.6399999856948853,1.529189109802246,2596000
2021-09-27,1.649999976158142,1.7000000476837158,1.6299999952316284,1.659999966621399,1.547837734222412,3472543
2021-09-28,1.659999966621399,1.7000000476837158,1.6399999856948853,1.6799999475479126,1.5664863586425781,2410000
2021-09-29,1.6799999475479126,1.7400000095367432,1.649999976158142,1.7300000190734863,1.6131080389022827,3150000
2021-09-30,1.7599999904632568,1.7699999809265137,1.7300000190734863,1.7400000095367432,1.6224323511123657,3374000
2021-10-04,1.7599999904632568,1.7599999904632568,1.690000057220459,1.7000000476837158,1.5851351022720337,3836712
2021-10-05,1.7000000476837158,1.7300000190734863,1.6699999570846558,1.7200000286102295,1.6037837266921997,2616151
2021-10-06,1.7200000286102295,1.75,1.7000000476837158,1.7100000381469727,1.5944594144821167,2452000
2021-10-07,1.7400000095367432,1.75,1.7100000381469727,1.7200000286102295,1.6037837266921997,3406000
2021-10-08,1.7200000286102295,1.7200000286102295,1.690000057220459,1.7100000381469727,1.5944594144821167,2103587
2021-10-11,1.7200000286102295,1.7200000286102295,1.7000000476837158,1.7000000476837158,1.5851351022720337,2742000
2021-10-12,1.7000000476837158,1.7300000190734863,1.690000057220459,1.7000000476837158,1.5851351022720337,2100000
2021-10-15,1.7100000381469727,1.8300000429153442,1.7100000381469727,1.8300000429153442,1.706351399421692,13600000
2021-10-18,1.8300000429153442,1.8300000429153442,1.7799999713897705,1.8300000429153442,1.706351399421692,6210000
2021-10-19,1.8200000524520874,1.8200000524520874,1.7899999618530273,1.7899999618530273,1.6690540313720703,2880000
2021-10-20,1.7899999618530273,1.7999999523162842,1.75,1.7599999904632568,1.6410810947418213,4048000
2021-10-21,1.7599999904632568,1.7899999618530273,1.7300000190734863,1.7599999904632568,1.6410810947418213,3508000
2021-10-22,1.75,1.7699999809265137,1.75,1.7699999809265137,1.6504054069519043,2018845
2021-10-25,1.7699999809265137,1.7699999809265137,1.7300000190734863,1.75,1.6317567825317383,3760000
2021-10-26,1.75,1.7799999713897705,1.7100000381469727,1.7300000190734863,1.6131080389022827,4564000
2021-10-27,1.7200000286102295,1.7400000095367432,1.7000000476837158,1.7100000381469727,1.5944594144821167,3648000
2021-10-28,1.7100000381469727,1.7100000381469727,1.690000057220459,1.7000000476837158,1.5851351022720337,2886000
2021-10-29,1.7000000476837158,1.7100000381469727,1.690000057220459,1.7000000476837158,1.5851351022720337,2928122
2021-11-01,1.7000000476837158,1.7100000381469727,1.649999976158142,1.7000000476837158,1.5851351022720337,2004000
2021-11-02,1.7000000476837158,1.7200000286102295,1.6699999570846558,1.6699999570846558,1.5571620464324951,2706000
2021-11-03,1.690000057220459,1.7699999809265137,1.6799999475479126,1.7200000286102295,1.6037837266921997,10216000
2021-11-04,1.7400000095367432,1.8799999952316284,1.7300000190734863,1.8700000047683716,1.743648648262024,36102000
2021-11-05,1.899999976158142,1.909999966621399,1.7999999523162842,1.8300000429153442,1.706351399421692,15692446
2021-11-08,1.840000033378601,1.9500000476837158,1.840000033378601,1.899999976158142,1.771621584892273,23667456
2021-11-09,1.899999976158142,1.909999966621399,1.850000023841858,1.899999976158142,1.771621584892273,9254124
2021-11-10,1.8700000047683716,1.8700000047683716,1.8200000524520874,1.840000033378601,1.715675711631775,6926000
2021-11-11,1.8300000429153442,1.840000033378601,1.7999999523162842,1.809999942779541,1.6877026557922363,3744000
2021-11-12,1.8200000524520874,1.8300000429153442,1.7999999523162842,1.7999999523162842,1.6783783435821533,2218000
2021-11-15,1.7999999523162842,1.8200000524520874,1.7699999809265137,1.7799999713897705,1.6597297191619873,5302000
2021-11-16,1.7799999713897705,1.850000023841858,1.7799999713897705,1.8200000524520874,1.6970270872116089,6243724
2021-11-17,1.850000023841858,1.850000023841858,1.7999999523162842,1.809999942779541,1.6877026557922363,2258000
2021-11-18,1.7999999523162842,1.8200000524520874,1.7699999809265137,1.7799999713897705,1.6597297191619873,3992153
2021-11-19,1.7799999713897705,1.8600000143051147,1.7400000095367432,1.8300000429153442,1.706351399421692,8556000
2021-11-22,1.8600000143051147,1.940000057220459,1.8300000429153442,1.8899999856948853,1.76229727268219,19464000
2021-11-23,1.8899999856948853,1.899999976158142,1.8300000429153442,1.840000033378601,1.715675711631775,8038000
2021-11-24,1.840000033378601,1.9199999570846558,1.840000033378601,1.8899999856948853,1.76229727268219,9035215
2021-11-25,1.8899999856948853,1.9199999570846558,1.8600000143051147,1.899999976158142,1.771621584892273,8460925
2021-11-26,1.8899999856948853,1.899999976158142,1.809999942779541,1.809999942779541,1.6877026557922363,11068000
2021-11-29,1.7799999713897705,1.7799999713897705,1.7200000286102295,1.7400000095367432,1.6224323511123657,8822566
2021-11-30,1.75,1.7799999713897705,1.6799999475479126,1.6799999475479126,1.5664863586425781,9608000
2021-12-01,1.7100000381469727,1.7200000286102295,1.6799999475479126,1.7000000476837158,1.5851351022720337,3678000
2021-12-02,1.690000057220459,1.75,1.6699999570846558,1.75,1.6317567825317383,11446000
2021-12-03,1.75,1.75,1.690000057220459,1.7200000286102295,1.6037837266921997,6924000
2021-12-06,1.6799999475479126,1.7100000381469727,1.659999966621399,1.6799999475479126,1.5664863586425781,6532816
2021-12-07,1.7100000381469727,1.7200000286102295,1.659999966621399,1.7000000476837158,1.5851351022720337,5748198
2021-12-08,1.7100000381469727,1.7200000286102295,1.6699999570846558,1.6799999475479126,1.5664863586425781,6013622
2021-12-09,1.7000000476837158,1.7699999809265137,1.690000057220459,1.7599999904632568,1.6410810947418213,6410000
2021-12-10,1.7400000095367432,1.7599999904632568,1.7000000476837158,1.7200000286102295,1.6037837266921997,3709478
2021-12-13,1.7300000190734863,1.75,1.690000057220459,1.7000000476837158,1.5851351022720337,3366000
2021-12-14,1.690000057220459,1.7000000476837158,1.6699999570846558,1.6699999570846558,1.5571620464324951,3658000
2021-12-15,1.6699999570846558,1.7100000381469727,1.6699999570846558,1.690000057220459,1.5758107900619507,4182845
2021-12-16,1.690000057220459,1.690000057220459,1.6699999570846558,1.6799999475479126,1.5664863586425781,4198000
2021-12-17,1.6699999570846558,1.6799999475479126,1.6299999952316284,1.6299999952316284,1.519864797592163,9696000
2021-12-20,1.6200000047683716,1.6200000047683716,1.5700000524520874,1.600000023841858,1.491891860961914,5618000
2021-12-21,1.600000023841858,1.6699999570846558,1.5800000429153442,1.649999976158142,1.538513422012329,2965792
2021-12-22,1.6699999570846558,1.6799999475479126,1.6399999856948853,1.649999976158142,1.538513422012329,2022000
2021-12-23,1.649999976158142,1.6699999570846558,1.649999976158142,1.6699999570846558,1.5571620464324951,2626000
2021-12-24,1.6799999475479126,1.6799999475479126,1.649999976158142,1.6799999475479126,1.5664863586425781,2514000
2021-12-28,1.6799999475479126,1.6799999475479126,1.6399999856948853,1.649999976158142,1.538513422012329,2598000
2021-12-29,1.649999976158142,1.649999976158142,1.590000033378601,1.6399999856948853,1.529189109802246,2758000
2021-12-30,1.6299999952316284,1.659999966621399,1.6299999952316284,1.659999966621399,1.547837734222412,1694000
2021-12-31,1.659999966621399,1.6799999475479126,1.649999976158142,1.6699999570846558,1.5571620464324951,2432000
2022-01-03,1.6699999570846558,1.6699999570846558,1.6200000047683716,1.6200000047683716,1.51054048538208,3332213
2022-01-04,1.6200000047683716,1.6299999952316284,1.6100000143051147,1.6200000047683716,1.51054048538208,2144000
2022-01-05,1.600000023841858,1.6399999856948853,1.5700000524520874,1.5800000429153442,1.473243236541748,7708000
2022-01-06,1.5700000524520874,1.590000033378601,1.5499999523162842,1.5800000429153442,1.473243236541748,5312000
2022-01-07,1.5800000429153442,1.600000023841858,1.559999942779541,1.590000033378601,1.482567548751831,2019461
2022-01-10,1.5700000524520874,1.590000033378601,1.5499999523162842,1.590000033378601,1.482567548751831,2820000
2022-01-11,1.5700000524520874,1.5800000429153442,1.5499999523162842,1.5499999523162842,1.4452701807022095,2660000
2022-01-12,1.5499999523162842,1.600000023841858,1.5700000524520874,1.600000023841858,1.491891860961914,3378000
2022-01-13,1.600000023841858,1.600000023841858,1.5700000524520874,1.5700000524520874,1.463918924331665,1234000
2022-01-14,1.590000033378601,1.6100000143051147,1.5700000524520874,1.600000023841858,1.491891860961914,3454000
2022-01-17,1.590000033378601,1.6200000047683716,1.590000033378601,1.600000023841858,1.491891860961914,2724026
2022-01-18,1.600000023841858,1.6399999856948853,1.590000033378601,1.6100000143051147,1.501216173171997,2600000
2022-01-19,1.6100000143051147,1.6100000143051147,1.590000033378601,1.590000033378601,1.482567548751831,1269277
2022-01-20,1.590000033378601,1.6100000143051147,1.5800000429153442,1.590000033378601,1.482567548751831,1226000
2022-01-21,1.590000033378601,1.6200000047683716,1.590000033378601,1.600000023841858,1.491891860961914,1746000
2022-01-24,1.590000033378601,1.600000023841858,1.5700000524520874,1.600000023841858,1.491891860961914,1780000
2022-01-25,1.590000033378601,1.590000033378601,1.559999942779541,1.5700000524520874,1.463918924331665,3260000
2022-01-26,1.5700000524520874,1.5800000429153442,1.5399999618530273,1.5499999523162842,1.4452701807022095,4506000
2022-01-27,1.5499999523162842,1.5499999523162842,1.5099999904632568,1.5099999904632568,1.4079729318618774,4780327
2022-01-28,1.5099999904632568,1.5099999904632568,1.4199999570846558,1.4299999475479126,1.3333783149719238,10574639
2022-01-31,1.4900000095367432,1.4900000095367432,1.4900000095367432,1.4900000095367432,1.3893243074417114,0
2022-02-04,1.4900000095367432,1.5199999809265137,1.4800000190734863,1.5199999809265137,1.4172972440719604,2956000
2022-02-07,1.5,1.5399999618530273,1.4800000190734863,1.5,1.3986486196517944,3406000
2022-02-08,1.5,1.5099999904632568,1.4800000190734863,1.4800000190734863,1.3799999952316284,2168397
2022-02-09,1.5,1.5099999904632568,1.4800000190734863,1.5099999904632568,1.4079729318618774,2677319
2022-02-10,1.5099999904632568,1.5099999904632568,1.4700000286102295,1.4800000190734863,1.3799999952316284,2785077
2022-02-11,1.4700000286102295,1.4900000095367432,1.4600000381469727,1.4800000190734863,1.3799999952316284,1682000
2022-02-14,1.4600000381469727,1.4700000286102295,1.4500000476837158,1.4500000476837158,1.3520270586013794,2422000
2022-02-15,1.4500000476837158,1.4800000190734863,1.409999966621399,1.440000057220459,1.3427027463912964,2974000
2022-02-16,1.440000057220459,1.4800000190734863,1.440000057220459,1.4600000381469727,1.3613513708114624,1774000
2022-02-17,1.4700000286102295,1.4800000190734863,1.4600000381469727,1.4600000381469727,1.3613513708114624,1686000
2022-02-18,1.4600000381469727,1.4700000286102295,1.4500000476837158,1.4700000286102295,1.3706756830215454,770058
2022-02-21,1.4500000476837158,1.4700000286102295,1.4500000476837158,1.4700000286102295,1.3706756830215454,1158000
2022-02-22,1.4700000286102295,1.4700000286102295,1.4299999475479126,1.440000057220459,1.3427027463912964,3069409
2022-02-23,1.440000057220459,1.5099999904632568,1.409999966621399,1.4500000476837158,1.3520270586013794,10846000
2022-02-24,1.440000057220459,1.440000057220459,1.3899999856948853,1.399999976158142,1.3054053783416748,6232426
2022-02-25,1.399999976158142,1.409999966621399,1.399999976158142,1.399999976158142,1.3054053783416748,1698533
2022-02-28,1.399999976158142,1.4199999570846558,1.3300000429153442,1.3899999856948853,1.2960810661315918,4484500
2022-03-01,1.3799999952316284,1.3799999952316284,1.3200000524520874,1.350000023841858,1.2587838172912598,4254514
2022-03-02,1.3200000524520874,1.340000033378601,1.2999999523162842,1.3200000524520874,1.2308108806610107,3137283
2022-03-03,1.340000033378601,1.3799999952316284,1.340000033378601,1.350000023841858,1.2587838172912598,2657164
2022-03-04,1.340000033378601,1.350000023841858,1.309999942779541,1.3300000429153442,1.2401351928710938,3180000
2022-03-07,1.3200000524520874,1.3200000524520874,1.25,1.2999999523162842,1.2121621370315552,4486182
2022-03-08,1.2899999618530273,1.309999942779541,1.2599999904632568,1.2799999713897705,1.1935135126113892,2604000
2022-03-09,1.2799999713897705,1.309999942779541,1.2599999904632568,1.2999999523162842,1.2121621370315552,3824000
2022-03-10,1.3200000524520874,1.340000033378601,1.309999942779541,1.3200000524520874,1.2308108806610107,1730079
2022-03-11,1.2999999523162842,1.350000023841858,1.2899999618530273,1.350000023841858,1.2587838172912598,3646000
2022-03-14,1.3200000524520874,1.3300000429153442,1.2699999809265137,1.2699999809265137,1.1841892004013062,4232904
2022-03-15,1.2400000095367432,1.2599999904632568,1.2000000476837158,1.2200000286102295,1.1375675201416016,6654000
2022-03-16,1.2300000190734863,1.3200000524520874,1.2300000190734863,1.2999999523162842,1.2121621370315552,4854000
2022-03-17,1.2899999618530273,1.4199999570846558,1.2899999618530273,1.409999966621399,1.3147296905517578,7642333
2022-03-18,1.399999976158142,1.5099999904632568,1.3799999952316284,1.4600000381469727,1.3613513708114624,9918976
2022-03-21,1.5,1.5199999809265137,1.4600000381469727,1.4900000095367432,1.3893243074417114,7196000
2022-03-22,1.4900000095367432,1.4900000095367432,1.4600000381469727,1.4700000286102295,1.3706756830215454,2386000
2022-03-23,1.4700000286102295,1.4700000286102295,1.4299999475479126,1.4500000476837158,1.3520270586013794,4136000
2022-03-24,1.4199999570846558,1.4500000476837158,1.409999966621399,1.440000057220459,1.3427027463912964,1596000
2022-03-25,1.440000057220459,1.440000057220459,1.3899999856948853,1.399999976158142,1.3054053783416748,3148000
2022-03-28,1.399999976158142,1.4299999475479126,1.3899999856948853,1.4299999475479126,1.3333783149719238,1068000
2022-03-29,1.4299999475479126,1.4299999475479126,1.350000023841858,1.3799999952316284,1.2867567539215088,7550014
2022-03-30,1.3799999952316284,1.4299999475479126,1.3799999952316284,1.409999966621399,1.3147296905517578,3426000
2022-03-31,1.409999966621399,1.409999966621399,1.3799999952316284,1.3899999856948853,1.2960810661315918,1504226
2022-04-01,1.3899999856948853,1.4199999570846558,1.3700000047683716,1.4199999570846558,1.3240540027618408,1028000
2022-04-04,1.4299999475479126,1.4900000095367432,1.4299999475479126,1.4800000190734863,1.3799999952316284,5076000
2022-04-06,1.4800000190734863,1.5199999809265137,1.4500000476837158,1.5099999904632568,1.4079729318618774,5207158
2022-04-07,1.5,1.5,1.4299999475479126,1.4500000476837158,1.3520270586013794,4284000
2022-04-08,1.4299999475479126,1.4600000381469727,1.4199999570846558,1.4500000476837158,1.3520270586013794,1011885
2022-04-11,1.4299999475479126,1.440000057220459,1.399999976158142,1.399999976158142,1.3054053783416748,2436000
2022-04-12,1.399999976158142,1.409999966621399,1.3799999952316284,1.399999976158142,1.3054053783416748,3262000
2022-04-13,1.399999976158142,1.440000057220459,1.3899999856948853,1.4199999570846558,1.3240540027618408,1954000
2022-04-14,1.4199999570846558,1.4600000381469727,1.4199999570846558,1.4500000476837158,1.3520270586013794,2598016
2022-04-19,1.4500000476837158,1.4700000286102295,1.4299999475479126,1.4600000381469727,1.3613513708114624,4010368
2022-04-20,1.4700000286102295,1.4900000095367432,1.440000057220459,1.4700000286102295,1.3706756830215454,2488000
2022-04-21,1.4700000286102295,1.4900000095367432,1.4299999475479126,1.440000057220459,1.3427027463912964,3781661
2022-04-22,1.4299999475479126,1.4500000476837158,1.4199999570846558,1.440000057220459,1.3427027463912964,854000
2022-04-25,1.4199999570846558,1.4199999570846558,1.3799999952316284,1.3899999856948853,1.2960810661315918,2648000
2022-04-26,1.399999976158142,1.399999976158142,1.3600000143051147,1.3600000143051147,1.2681081295013428,2004000
2022-04-27,1.350000023841858,1.4299999475479126,1.3300000429153442,1.4299999475479126,1.3333783149719238,3750000
2022-04-28,1.4299999475479126,1.4299999475479126,1.399999976158142,1.409999966621399,1.3147296905517578,512000
2022-04-29,1.4199999570846558,1.4700000286102295,1.399999976158142,1.4199999570846558,1.3240540027618408,2562000
2022-05-03,1.4199999570846558,1.5199999809265137,1.399999976158142,1.5099999904632568,1.4079729318618774,7176639
2022-05-04,1.5099999904632568,1.5099999904632568,1.4800000190734863,1.4900000095367432,1.3893243074417114,1762000
2022-05-05,1.5099999904632568,1.5099999904632568,1.4600000381469727,1.4700000286102295,1.3706756830215454,1738000
2022-05-06,1.4500000476837158,1.4500000476837158,1.409999966621399,1.4199999570846558,1.3240540027618408,2289757
2022-05-10,1.409999966621399,1.4199999570846558,1.3799999952316284,1.409999966621399,1.3147296905517578,1769887
2022-05-11,1.409999966621399,1.440000057220459,1.399999976158142,1.399999976158142,1.3054053783416748,1510000
2022-05-12,1.399999976158142,1.4199999570846558,1.350000023841858,1.3700000047683716,1.2774324417114258,3294000
2022-05-13,1.3899999856948853,1.399999976158142,1.350000023841858,1.3600000143051147,1.2681081295013428,9408213
2022-05-16,1.3700000047683716,1.3899999856948853,1.350000023841858,1.3799999952316284,1.2867567539215088,2176831
2022-05-17,1.3899999856948853,1.399999976158142,1.3799999952316284,1.399999976158142,1.3054053783416748,1206000
2022-05-18,1.409999966621399,1.409999966621399,1.3799999952316284,1.399999976158142,1.3054053783416748,890000
2022-05-19,1.3799999952316284,1.3899999856948853,1.3700000047683716,1.3700000047683716,1.2774324417114258,1168355
2022-05-20,1.3899999856948853,1.3899999856948853,1.3600000143051147,1.3700000047683716,1.2774324417114258,2112000
2022-05-23,1.3700000047683716,1.3799999952316284,1.350000023841858,1.3700000047683716,1.2774324417114258,1098723
2022-05-24,1.3700000047683716,1.3799999952316284,1.340000033378601,1.350000023841858,1.2587838172912598,2264360
2022-05-25,1.350000023841858,1.3600000143051147,1.340000033378601,1.350000023841858,1.2587838172912598,756000
2022-05-26,1.3700000047683716,1.3700000047683716,1.3300000429153442,1.340000033378601,1.2494595050811768,1106000
2022-05-27,1.3600000143051147,1.3799999952316284,1.3600000143051147,1.3700000047683716,1.2774324417114258,1554000
2022-05-30,1.3700000047683716,1.3899999856948853,1.3600000143051147,1.3799999952316284,1.2867567539215088,3154000
2022-05-31,1.3799999952316284,1.440000057220459,1.3799999952316284,1.440000057220459,1.3427027463912964,11111333
2022-06-01,1.440000057220459,1.4500000476837158,1.4199999570846558,1.4500000476837158,1.3520270586013794,1388000
2022-06-02,1.4500000476837158,1.4500000476837158,1.409999966621399,1.4199999570846558,1.3240540027618408,958000
2022-06-06,1.4199999570846558,1.440000057220459,1.4199999570846558,1.440000057220459,1.3427027463912964,1252000
2022-06-07,1.4299999475479126,1.440000057220459,1.399999976158142,1.409999966621399,1.3147296905517578,1419869
2022-06-08,1.409999966621399,1.4500000476837158,1.409999966621399,1.4199999570846558,1.3240540027618408,3091779
2022-06-09,1.440000057220459,1.440000057220459,1.399999976158142,1.399999976158142,1.3054053783416748,1468493
2022-06-10,1.3899999856948853,1.440000057220459,1.3899999856948853,1.440000057220459,1.3427027463912964,1646000
2022-06-13,1.409999966621399,1.409999966621399,1.3799999952316284,1.3799999952316284,1.2867567539215088,1744000
2022-06-14,1.3700000047683716,1.3899999856948853,1.3600000143051147,1.3799999952316284,1.2867567539215088,1914000
2022-06-15,1.3600000143051147,1.3899999856948853,1.3600000143051147,1.3700000047683716,1.2774324417114258,1544000
2022-06-16,1.3700000047683716,1.3799999952316284,1.340000033378601,1.3600000143051147,1.2681081295013428,2574000
2022-06-17,1.3300000429153442,1.3700000047683716,1.3300000429153442,1.3600000143051147,1.2681081295013428,1132000
2022-06-20,1.3600000143051147,1.3600000143051147,1.350000023841858,1.350000023841858,1.2587838172912598,438000
2022-06-21,1.3600000143051147,1.3799999952316284,1.3600000143051147,1.3700000047683716,1.2774324417114258,1178006
2022-06-22,1.3600000143051147,1.3700000047683716,1.350000023841858,1.350000023841858,1.2587838172912598,808360
2022-06-23,1.350000023841858,1.3700000047683716,1.350000023841858,1.3700000047683716,1.2774324417114258,1314000
2022-06-24,1.3700000047683716,1.3799999952316284,1.350000023841858,1.3799999952316284,1.2867567539215088,1654000
2022-06-27,1.3799999952316284,1.4700000286102295,1.3799999952316284,1.4299999475479126,1.3333783149719238,8872400
2022-06-28,1.409999966621399,1.600000023841858,1.3899999856948853,1.5399999618530273,1.4359458684921265,17350000
2022-06-29,1.5199999809265137,1.5299999713897705,1.4500000476837158,1.4600000381469727,1.3613513708114624,7172280
2022-06-30,1.4600000381469727,1.5,1.440000057220459,1.440000057220459,1.3427027463912964,4934000
2022-07-04,1.4299999475479126,1.440000057220459,1.350000023841858,1.3799999952316284,1.2867567539215088,8101416
2022-07-05,1.3600000143051147,1.3899999856948853,1.350000023841858,1.3700000047683716,1.2774324417114258,3318705
2022-07-06,1.3600000143051147,1.3799999952316284,1.350000023841858,1.3600000143051147,1.2681081295013428,3114000
2022-07-07,1.3600000143051147,1.3799999952316284,1.340000033378601,1.3799999952316284,1.2867567539215088,2484579
2022-07-08,1.3899999856948853,1.3899999856948853,1.3700000047683716,1.3799999952316284,1.2867567539215088,1128071
2022-07-11,1.3700000047683716,1.3700000047683716,1.350000023841858,1.3600000143051147,1.2681081295013428,1630000
2022-07-12,1.350000023841858,1.3600000143051147,1.340000033378601,1.340000033378601,1.2494595050811768,1420000
2022-07-13,1.340000033378601,1.3600000143051147,1.340000033378601,1.350000023841858,1.2587838172912598,1096000
2022-07-14,1.350000023841858,1.3600000143051147,1.340000033378601,1.340000033378601,1.2494595050811768,1622166
2022-07-15,1.340000033378601,1.340000033378601,1.3200000524520874,1.3300000429153442,1.2401351928710938,1790000
2022-07-18,1.3300000429153442,1.340000033378601,1.3200000524520874,1.340000033378601,1.2494595050811768,825740
2022-07-19,1.3300000429153442,1.3300000429153442,1.2999999523162842,1.3200000524520874,1.2308108806610107,1606318
2022-07-20,1.3300000429153442,1.3300000429153442,1.3200000524520874,1.3300000429153442,1.2401351928710938,618000
2022-07-21,1.309999942779541,1.3200000524520874,1.309999942779541,1.3200000524520874,1.2308108806610107,262000
2022-07-22,1.3300000429153442,1.3300000429153442,1.2999999523162842,1.3200000524520874,1.2308108806610107,1114374
2022-07-25,1.309999942779541,1.340000033378601,1.2999999523162842,1.340000033378601,1.2494595050811768,418000
2022-07-26,1.340000033378601,1.340000033378601,1.309999942779541,1.3200000524520874,1.2308108806610107,840000
2022-07-27,1.309999942779541,1.340000033378601,1.309999942779541,1.3200000524520874,1.2308108806610107,700000
2022-07-28,1.3200000524520874,1.340000033378601,1.309999942779541,1.340000033378601,1.2494595050811768,888384
2022-07-29,1.309999942779541,1.3300000429153442,1.2999999523162842,1.2999999523162842,1.2121621370315552,1198000
2022-08-01,1.2999999523162842,1.3200000524520874,1.2799999713897705,1.2899999618530273,1.2028378248214722,1398000
2022-08-02,1.2899999618530273,1.2899999618530273,1.25,1.2599999904632568,1.1748648881912231,1640000
2022-08-03,1.2599999904632568,1.309999942779541,1.2599999904632568,1.2899999618530273,1.2028378248214722,971000
2022-08-04,1.2899999618530273,1.340000033378601,1.2899999618530273,1.2999999523162842,1.2121621370315552,1472317
2022-08-05,1.3200000524520874,1.340000033378601,1.309999942779541,1.340000033378601,1.2494595050811768,1454121
2022-08-08,1.340000033378601,1.3600000143051147,1.309999942779541,1.340000033378601,1.2494595050811768,2307500
2022-08-09,1.340000033378601,1.340000033378601,1.309999942779541,1.309999942779541,1.2214864492416382,1004000
2022-08-10,1.309999942779541,1.3200000524520874,1.2799999713897705,1.2999999523162842,1.2121621370315552,1520000
2022-08-11,1.3200000524520874,1.340000033378601,1.3200000524520874,1.340000033378601,1.2494595050811768,1918000
2022-08-12,1.340000033378601,1.350000023841858,1.3300000429153442,1.340000033378601,1.2494595050811768,864000
2022-08-15,1.3300000429153442,1.350000023841858,1.3300000429153442,1.350000023841858,1.2587838172912598,534000
2022-08-16,1.350000023841858,1.350000023841858,1.309999942779541,1.3300000429153442,1.2401351928710938,418223
2022-08-17,1.340000033378601,1.350000023841858,1.3200000524520874,1.350000023841858,1.2587838172912598,838000
2022-08-18,1.350000023841858,1.350000023841858,1.2999999523162842,1.309999942779541,1.2214864492416382,574000
2022-08-19,1.309999942779541,1.3300000429153442,1.309999942779541,1.3300000429153442,1.2401351928710938,252850
2022-08-22,1.3200000524520874,1.3200000524520874,1.309999942779541,1.3200000524520874,1.2308108806610107,214000
2022-08-23,1.3200000524520874,1.3200000524520874,1.2999999523162842,1.309999942779541,1.2214864492416382,670000
2022-08-24,1.309999942779541,1.309999942779541,1.2799999713897705,1.2799999713897705,1.1935135126113892,986000
2022-08-25,1.2899999618530273,1.309999942779541,1.2899999618530273,1.309999942779541,1.2214864492416382,324000
2022-08-26,1.3200000524520874,1.3300000429153442,1.2999999523162842,1.3200000524520874,1.2308108806610107,642000
2022-08-29,1.3200000524520874,1.3200000524520874,1.2899999618530273,1.2999999523162842,1.2121621370315552,546000
2022-08-30,1.2999999523162842,1.309999942779541,1.2899999618530273,1.2899999618530273,1.2028378248214722,454000
2022-08-31,1.2899999618530273,1.309999942779541,1.2799999713897705,1.2799999713897705,1.1935135126113892,1318000
2022-09-01,1.2799999713897705,1.2999999523162842,1.2799999713897705,1.2999999523162842,1.2121621370315552,428000
2022-09-02,1.2999999523162842,1.309999942779541,1.2899999618530273,1.2999999523162842,1.2121621370315552,454000
2022-09-05,1.2799999713897705,1.2999999523162842,1.2799999713897705,1.2899999618530273,1.2028378248214722,552000
2022-09-06,1.2999999523162842,1.2999999523162842,1.2799999713897705,1.2999999523162842,1.2121621370315552,314000
2022-09-07,1.2999999523162842,1.2999999523162842,1.2799999713897705,1.2899999618530273,1.2028378248214722,732248
2022-09-08,1.2899999618530273,1.309999942779541,1.2799999713897705,1.2799999713897705,1.1935135126113892,442000
2022-09-09,1.2999999523162842,1.309999942779541,1.2799999713897705,1.2999999523162842,1.2121621370315552,2146000
2022-09-13,1.2999999523162842,1.3200000524520874,1.2899999618530273,1.2899999618530273,1.2028378248214722,704000
2022-09-14,1.2699999809265137,1.2799999713897705,1.2599999904632568,1.2799999713897705,1.1935135126113892,656500
2022-09-15,1.2899999618530273,1.2899999618530273,1.2699999809265137,1.2899999618530273,1.2028378248214722,527283
2022-09-16,1.2799999713897705,1.2899999618530273,1.2699999809265137,1.2899999618530273,1.2028378248214722,468000
2022-09-19,1.2899999618530273,1.3200000524520874,1.2699999809265137,1.2799999713897705,1.1935135126113892,2737988
2022-09-20,1.2799999713897705,1.340000033378601,1.2699999809265137,1.2799999713897705,1.1935135126113892,10806000
2022-09-21,1.2799999713897705,1.2899999618530273,1.25,1.2599999904632568,1.1748648881912231,3920000
2022-09-22,1.25,1.2599999904632568,1.2000000476837158,1.2100000381469727,1.1282432079315186,5824339
2022-09-23,1.2100000381469727,1.2599999904632568,1.190000057220459,1.190000057220459,1.1095945835113525,22098213
2022-09-26,1.2100000381469727,1.25,1.2000000476837158,1.2000000476837158,1.1189188957214355,17314627
2022-09-27,1.2000000476837158,1.2100000381469727,1.0800000429153442,1.1299999952316284,1.053648591041565,14585043
2022-09-28,1.1299999952316284,1.1299999952316284,1.0800000429153442,1.090000033378601,1.016351342201233,5696000
2022-09-29,1.1100000143051147,1.1200000047683716,1.0499999523162842,1.0499999523162842,0.9790539741516113,4480000
2022-09-30,1.0499999523162842,1.1100000143051147,1.0399999618530273,1.090000033378601,1.016351342201233,3792000
2022-10-03,1.100000023841858,1.1399999856948853,1.0800000429153442,1.1100000143051147,1.034999966621399,3208888
2022-10-05,1.1399999856948853,1.1799999475479126,1.1299999952316284,1.1799999475479126,1.10027015209198,5040000
2022-10-06,1.190000057220459,1.2999999523162842,1.1799999475479126,1.2799999713897705,1.1935135126113892,11479048
2022-10-07,1.2699999809265137,1.2699999809265137,1.2000000476837158,1.2300000190734863,1.1468918323516846,5350000
2022-10-10,1.2200000286102295,1.2200000286102295,1.1100000143051147,1.1200000047683716,1.044324278831482,5390180
2022-10-11,1.100000023841858,1.1200000047683716,1.0800000429153442,1.1100000143051147,1.034999966621399,2396000
2022-10-12,1.1100000143051147,1.1200000047683716,1.059999942779541,1.100000023841858,1.025675654411316,3054000
2022-10-13,1.100000023841858,1.1100000143051147,1.0800000429153442,1.090000033378601,1.016351342201233,1360230
2022-10-14,1.1100000143051147,1.1399999856948853,1.1100000143051147,1.1200000047683716,1.044324278831482,2944000
2022-10-17,1.090000033378601,1.1200000047683716,1.0800000429153442,1.1100000143051147,1.034999966621399,1626387
2022-10-18,1.1200000047683716,1.1200000047683716,1.0800000429153442,1.100000023841858,1.025675654411316,3932000
2022-10-19,1.100000023841858,1.100000023841858,1.0,1.0499999523162842,0.9790539741516113,5130000
2022-10-20,1.0399999618530273,1.090000033378601,1.0,1.059999942779541,0.9883782863616943,5130000
2022-10-21,1.059999942779541,1.059999942779541,1.0,1.0099999904632568,0.9417567253112793,5414000
2022-10-24,1.0099999904632568,1.0099999904632568,0.8799999952316284,0.9399999976158142,0.8764864802360535,10126000
2022-10-25,0.9300000071525574,0.9399999976158142,0.8999999761581421,0.9100000262260437,0.8485135436058044,2622000
2022-10-26,0.8999999761581421,0.9599999785423279,0.8999999761581421,0.9200000166893005,0.8578378558158875,2398662
2022-10-27,0.9200000166893005,0.949999988079071,0.8600000143051147,0.8899999856948853,0.8298648595809937,3143914
2022-10-28,0.8899999856948853,0.8999999761581421,0.8299999833106995,0.8600000143051147,0.8018918633460999,2558107
2022-10-31,0.8399999737739563,0.8700000047683716,0.8299999833106995,0.8299999833106995,0.773918867111206,1322000
2022-11-01,0.8399999737739563,0.8899999856948853,0.8299999833106995,0.8799999952316284,0.8205405473709106,6200461
2022-11-02,0.8799999952316284,0.9200000166893005,0.8600000143051147,0.8999999761581421,0.8391891717910767,2104000
2022-11-03,0.8999999761581421,0.9200000166893005,0.8799999952316284,0.8899999856948853,0.8298648595809937,876000
2022-11-04,0.9100000262260437,0.9800000190734863,0.9100000262260437,0.9599999785423279,0.8951351046562195,5273977
2022-11-07,0.9800000190734863,1.0199999809265137,0.9599999785423279,1.0099999904632568,0.9417567253112793,2357877
2022-11-08,1.0299999713897705,1.0399999618530273,0.9599999785423279,0.9800000190734863,0.9137837886810303,4014964
2022-11-09,0.9900000095367432,1.0099999904632568,0.9800000190734863,0.9800000190734863,0.9137837886810303,1918000
2022-11-10,0.9800000190734863,0.9800000190734863,0.9300000071525574,0.9599999785423279,0.8951351046562195,2199153
2022-11-11,1.0,1.0299999713897705,0.9700000286102295,1.0199999809265137,0.9510810375213623,8116000
2022-11-14,1.0199999809265137,1.0800000429153442,1.0199999809265137,1.0800000429153442,1.00702702999115,5356000
2022-11-15,1.090000033378601,1.1200000047683716,1.0700000524520874,1.100000023841858,1.025675654411316,3800077
2022-11-16,1.1100000143051147,1.1699999570846558,1.090000033378601,1.1399999856948853,1.062972903251648,6976011
2022-11-17,1.149999976158142,1.149999976158142,1.0700000524520874,1.090000033378601,1.016351342201233,5802000
2022-11-18,1.100000023841858,1.100000023841858,1.0299999713897705,1.0399999618530273,0.9697296619415283,5729270
2022-11-21,1.0399999618530273,1.0399999618530273,0.9900000095367432,1.0,0.9324324131011963,3264000
2022-11-22,1.0,1.0199999809265137,0.9800000190734863,0.9900000095367432,0.9231081008911133,2402000
2022-11-23,0.9900000095367432,1.0199999809265137,0.9900000095367432,1.0,0.9324324131011963,1046000
2022-11-24,1.0,1.0199999809265137,0.9900000095367432,1.0099999904632568,0.9417567253112793,574000
2022-11-25,1.0,1.0099999904632568,0.9900000095367432,1.0099999904632568,0.9417567253112793,634000
2022-11-28,1.0,1.0,0.9599999785423279,0.9800000190734863,0.9137837886810303,2056000
2022-11-29,0.9800000190734863,1.059999942779541,0.9800000190734863,1.0499999523162842,0.9790539741516113,4644000
2022-11-30,1.0499999523162842,1.090000033378601,1.0299999713897705,1.0700000524520874,0.9977027177810669,5124000
2022-12-01,1.100000023841858,1.190000057220459,1.100000023841858,1.149999976158142,1.072297215461731,14402000
2022-12-02,1.1399999856948853,1.2599999904632568,1.1299999952316284,1.2400000095367432,1.1562161445617676,12350004
2022-12-05,1.2599999904632568,1.399999976158142,1.2599999904632568,1.3899999856948853,1.2960810661315918,31348777
2022-12-06,1.350000023841858,1.4500000476837158,1.350000023841858,1.440000057220459,1.3427027463912964,13021581
2022-12-07,1.4700000286102295,1.5099999904632568,1.3700000047683716,1.3700000047683716,1.2774324417114258,19868000
2022-12-08,1.3700000047683716,1.659999966621399,1.3700000047683716,1.6399999856948853,1.529189109802246,46714023
2022-12-09,1.649999976158142,1.6699999570846558,1.5199999809265137,1.659999966621399,1.547837734222412,28588000
2022-12-12,1.659999966621399,1.7999999523162842,1.6399999856948853,1.690000057220459,1.5758107900619507,35694785
2022-12-13,1.7300000190734863,1.9500000476837158,1.7000000476837158,1.9299999475479126,1.799594521522522,79315565
2022-12-14,1.9299999475479126,1.940000057220459,1.7899999618530273,1.840000033378601,1.715675711631775,31392640
2022-12-15,1.840000033378601,1.850000023841858,1.7000000476837158,1.7300000190734863,1.6131080389022827,24972000
2022-12-16,1.7100000381469727,1.8799999952316284,1.7000000476837158,1.8700000047683716,1.743648648262024,33219314
2022-12-19,1.8700000047683716,1.8899999856948853,1.7599999904632568,1.8300000429153442,1.706351399421692,21156053
2022-12-20,1.8200000524520874,1.899999976158142,1.7699999809265137,1.8899999856948853,1.76229727268219,25838543
2022-12-21,1.8799999952316284,1.909999966621399,1.850000023841858,1.8899999856948853,1.76229727268219,10356500
2022-12-22,1.9199999570846558,1.9500000476837158,1.899999976158142,1.9299999475479126,1.799594521522522,23562000
2022-12-23,1.9299999475479126,1.9500000476837158,1.8899999856948853,1.9199999570846558,1.790270209312439,10338000
2022-12-28,1.9600000381469727,2.0,1.7799999713897705,1.909999966621399,1.780945897102356,57076700
2022-12-29,1.899999976158142,1.899999976158142,1.840000033378601,1.8600000143051147,1.734324336051941,9961993
2022-12-30,1.8899999856948853,1.899999976158142,1.8200000524520874,1.8200000524520874,1.6970270872116089,7948000
2023-01-03,1.8200000524520874,1.8799999952316284,1.7999999523162842,1.8600000143051147,1.734324336051941,9542106
2023-01-04,1.8600000143051147,1.9800000190734863,1.840000033378601,1.9800000190734863,1.8462162017822266,35058225
2023-01-05,2.0,2.0,1.899999976158142,1.9199999570846558,1.790270209312439,17707536
2023-01-06,1.9199999570846558,1.9500000476837158,1.8700000047683716,1.909999966621399,1.780945897102356,12212000
2023-01-09,1.9299999475479126,1.9700000286102295,1.8600000143051147,1.8700000047683716,1.743648648262024,15910296
2023-01-10,1.8700000047683716,1.8899999856948853,1.7999999523162842,1.850000023841858,1.725000023841858,16576319
2023-01-11,1.850000023841858,1.8799999952316284,1.7999999523162842,1.8200000524520874,1.6970270872116089,11504000
2023-01-12,1.840000033378601,1.850000023841858,1.7999999523162842,1.8200000524520874,1.6970270872116089,9496400
2023-01-13,1.8200000524520874,1.8799999952316284,1.8200000524520874,1.8600000143051147,1.734324336051941,5813332
2023-01-16,1.8600000143051147,1.9299999475479126,1.8600000143051147,1.8600000143051147,1.734324336051941,8314000
2023-01-17,1.8600000143051147,1.8700000047683716,1.8200000524520874,1.850000023841858,1.725000023841858,4254180
2023-01-18,1.850000023841858,1.9700000286102295,1.840000033378601,1.940000057220459,1.8089189529418945,25524000
2023-01-19,1.940000057220459,2.049999952316284,1.909999966621399,2.0399999618530273,1.9021620750427246,42903043
2023-01-20,2.049999952316284,2.140000104904175,2.0299999713897705,2.130000114440918,1.9860811233520508,38732539
2023-01-26,2.1500000953674316,2.1500000953674316,2.0399999618530273,2.0999999046325684,1.9581079483032227,15812769
2023-01-27,2.0799999237060547,2.0999999046325684,2.0199999809265137,2.049999952316284,1.9114863872528076,14073077
2023-01-30,2.059999942779541,2.0899999141693115,1.9700000286102295,1.9800000190734863,1.8462162017822266,18151951
2023-01-31,1.9800000190734863,2.049999952316284,1.940000057220459,2.0399999618530273,1.9021620750427246,10941000
2023-02-01,2.0399999618530273,2.059999942779541,1.9900000095367432,2.0399999618530273,1.9021620750427246,4434000
2023-02-02,2.049999952316284,2.059999942779541,2.0,2.0299999713897705,1.8928377628326416,6772000
2023-02-03,2.0199999809265137,2.130000114440918,2.009999990463257,2.0999999046325684,1.9581079483032227,25672243
2023-02-06,2.059999942779541,2.069999933242798,1.899999976158142,1.9800000190734863,1.8462162017822266,23659000
2023-02-07,1.9900000095367432,2.0899999141693115,1.9900000095367432,2.0399999618530273,1.9021620750427246,12966000
2023-02-08,2.0199999809265137,2.0399999618530273,1.9500000476837158,1.9800000190734863,1.8462162017822266,9434780
2023-02-09,1.9600000381469727,1.9900000095367432,1.9500000476837158,1.9600000381469727,1.8275675773620605,5320000
2023-02-10,1.9600000381469727,1.9900000095367432,1.940000057220459,1.9800000190734863,1.8462162017822266,4797000
2023-02-13,1.9800000190734863,1.9800000190734863,1.9199999570846558,1.9700000286102295,1.8368918895721436,5417153
2023-02-14,1.9600000381469727,1.9800000190734863,1.9299999475479126,1.9299999475479126,1.799594521522522,2628000
2023-02-15,1.9199999570846558,1.9600000381469727,1.8600000143051147,1.8700000047683716,1.743648648262024,7317000
2023-02-16,1.8700000047683716,1.9600000381469727,1.8700000047683716,1.9199999570846558,1.790270209312439,9270000
2023-02-17,1.899999976158142,1.9299999475479126,1.8700000047683716,1.8799999952316284,1.752972960472107,4051000
2023-02-20,1.8899999856948853,1.899999976158142,1.8600000143051147,1.8600000143051147,1.734324336051941,5216000
2023-02-21,1.850000023841858,1.8700000047683716,1.8300000429153442,1.8700000047683716,1.743648648262024,3600914
2023-02-22,1.840000033378601,1.9199999570846558,1.7999999523162842,1.840000033378601,1.715675711631775,11636284
2023-02-23,1.840000033378601,1.8600000143051147,1.809999942779541,1.8300000429153442,1.706351399421692,2216000
2023-02-24,1.809999942779541,1.8200000524520874,1.7599999904632568,1.7799999713897705,1.6597297191619873,6065931
2023-02-27,1.7799999713897705,1.7899999618530273,1.7100000381469727,1.7300000190734863,1.6131080389022827,8046130
2023-02-28,1.75,1.840000033378601,1.75,1.8300000429153442,1.706351399421692,7989613
2023-03-01,1.840000033378601,1.899999976158142,1.840000033378601,1.8899999856948853,1.76229727268219,7926000
2023-03-02,1.909999966621399,1.909999966621399,1.850000023841858,1.8600000143051147,1.734324336051941,3146200
2023-03-03,1.8600000143051147,1.8899999856948853,1.8600000143051147,1.8799999952316284,1.752972960472107,3274000
2023-03-06,1.8799999952316284,1.899999976158142,1.840000033378601,1.8600000143051147,1.734324336051941,3870000
2023-03-07,1.850000023841858,1.8899999856948853,1.850000023841858,1.8600000143051147,1.734324336051941,2686528
2023-03-08,1.850000023841858,1.850000023841858,1.7999999523162842,1.8300000429153442,1.706351399421692,3052000
2023-03-09,1.8300000429153442,1.840000033378601,1.7999999523162842,1.809999942779541,1.6877026557922363,1152000
2023-03-10,1.7899999618530273,1.7899999618530273,1.7400000095367432,1.7599999904632568,1.6410810947418213,6630200
2023-03-13,1.7300000190734863,1.7799999713897705,1.7200000286102295,1.7799999713897705,1.6597297191619873,2178000
2023-03-14,1.7799999713897705,1.7799999713897705,1.6299999952316284,1.6699999570846558,1.5571620464324951,6934000
2023-03-15,1.6699999570846558,1.7200000286102295,1.6699999570846558,1.7000000476837158,1.5851351022720337,6240000
2023-03-16,1.649999976158142,1.690000057220459,1.6200000047683716,1.6399999856948853,1.529189109802246,2886000
2023-03-17,1.6699999570846558,1.7699999809265137,1.6699999570846558,1.7699999809265137,1.6504054069519043,5398000
2023-03-20,1.7699999809265137,1.7699999809265137,1.7000000476837158,1.7100000381469727,1.5944594144821167,4272000
2023-03-21,1.7300000190734863,1.7599999904632568,1.7200000286102295,1.75,1.6317567825317383,1508042
2023-03-22,1.7699999809265137,1.7899999618530273,1.75,1.7699999809265137,1.6504054069519043,1960000
2023-03-23,1.7599999904632568,1.7999999523162842,1.7400000095367432,1.7799999713897705,1.6597297191619873,2058000
2023-03-24,1.7899999618530273,1.809999942779541,1.7699999809265137,1.7699999809265137,1.6504054069519043,2677112
2023-03-27,1.7699999809265137,1.7899999618530273,1.7300000190734863,1.7699999809265137,1.6504054069519043,2002000
2023-03-28,1.7599999904632568,1.7999999523162842,1.75,1.7699999809265137,1.6504054069519043,2236500
2023-03-29,1.7899999618530273,1.7999999523162842,1.7599999904632568,1.7699999809265137,1.6504054069519043,2731776
2023-03-30,1.7599999904632568,1.7999999523162842,1.7599999904632568,1.7999999523162842,1.6783783435821533,2038000
2023-03-31,1.7999999523162842,1.8600000143051147,1.7999999523162842,1.840000033378601,1.715675711631775,5598000
2023-04-03,1.850000023841858,1.8700000047683716,1.8200000524520874,1.840000033378601,1.715675711631775,2210206
2023-04-04,1.850000023841858,1.850000023841858,1.7799999713897705,1.8200000524520874,1.6970270872116089,3790102
2023-04-06,1.809999942779541,1.850000023841858,1.7999999523162842,1.8300000429153442,1.706351399421692,2860000
2023-04-11,1.8300000429153442,1.8700000047683716,1.8200000524520874,1.840000033378601,1.715675711631775,2820000
2023-04-12,1.8600000143051147,1.9600000381469727,1.850000023841858,1.909999966621399,1.780945897102356,12014522
2023-04-13,1.909999966621399,1.909999966621399,1.8600000143051147,1.899999976158142,1.771621584892273,4976426
2023-04-14,1.909999966621399,1.909999966621399,1.8700000047683716,1.899999976158142,1.771621584892273,3612000
2023-04-17,1.899999976158142,1.9299999475479126,1.8899999856948853,1.909999966621399,1.780945897102356,5360000
2023-04-18,1.899999976158142,1.909999966621399,1.8899999856948853,1.899999976158142,1.771621584892273,3920000
2023-04-19,1.9199999570846558,1.940000057220459,1.8899999856948853,1.899999976158142,1.771621584892273,7526000
2023-04-20,1.899999976158142,1.940000057220459,1.8799999952316284,1.9199999570846558,1.790270209312439,7596106
2023-04-21,1.9299999475479126,1.9299999475479126,1.8600000143051147,1.8700000047683716,1.743648648262024,4994000
2023-04-24,1.8600000143051147,1.8899999856948853,1.8200000524520874,1.850000023841858,1.725000023841858,4264000
2023-04-25,1.8600000143051147,1.8600000143051147,1.7999999523162842,1.7999999523162842,1.6783783435821533,3132000
2023-04-26,1.8200000524520874,1.8700000047683716,1.809999942779541,1.8600000143051147,1.734324336051941,2302542
2023-04-27,1.8700000047683716,1.8700000047683716,1.8300000429153442,1.8600000143051147,1.734324336051941,988000
2023-04-28,1.8600000143051147,1.8700000047683716,1.8300000429153442,1.840000033378601,1.715675711631775,1870000
2023-05-02,1.840000033378601,1.8700000047683716,1.7699999809265137,1.7799999713897705,1.6597297191619873,4860494
2023-05-03,1.7699999809265137,1.7699999809265137,1.690000057220459,1.7100000381469727,1.5944594144821167,7488000
2023-05-04,1.7300000190734863,1.7300000190734863,1.690000057220459,1.7000000476837158,1.5851351022720337,5288000
2023-05-05,1.7100000381469727,1.7300000190734863,1.6799999475479126,1.6799999475479126,1.5664863586425781,6142000
2023-05-08,1.7200000286102295,1.7200000286102295,1.6699999570846558,1.6799999475479126,1.5664863586425781,3586584
2023-05-09,1.809999942779541,1.8300000429153442,1.6699999570846558,1.6699999570846558,1.5571620464324951,33172000
2023-05-10,1.690000057220459,1.7200000286102295,1.6699999570846558,1.7000000476837158,1.5851351022720337,12874180
2023-05-11,1.7000000476837158,1.7100000381469727,1.659999966621399,1.6699999570846558,1.5571620464324951,7861502
2023-05-12,1.690000057220459,1.690000057220459,1.6299999952316284,1.6799999475479126,1.5664863586425781,4776000
2023-05-15,1.649999976158142,1.7000000476837158,1.6399999856948853,1.690000057220459,1.5758107900619507,3800000
2023-05-16,1.7100000381469727,1.7100000381469727,1.659999966621399,1.6699999570846558,1.5571620464324951,3992000
2023-05-17,1.6699999570846558,1.690000057220459,1.649999976158142,1.6699999570846558,1.5571620464324951,1878000
2023-05-18,1.659999966621399,1.7000000476837158,1.659999966621399,1.6799999475479126,1.5664863586425781,2599717
2023-05-19,1.659999966621399,1.6799999475479126,1.649999976158142,1.6699999570846558,1.5571620464324951,2190000
2023-05-22,1.6699999570846558,1.6799999475479126,1.6299999952316284,1.659999966621399,1.547837734222412,3402591
2023-05-23,1.649999976158142,1.659999966621399,1.6100000143051147,1.6299999952316284,1.519864797592163,3786000
2023-05-24,1.6100000143051147,1.6100000143051147,1.559999942779541,1.5700000524520874,1.463918924331665,8266000
2023-05-25,1.5299999713897705,1.5499999523162842,1.5099999904632568,1.5299999713897705,1.4266215562820435,6474000
2023-05-29,1.5299999713897705,1.559999942779541,1.399999976158142,1.399999976158142,1.3054053783416748,12604000
2023-05-30,1.4700000286102295,1.4700000286102295,1.3799999952316284,1.4199999570846558,1.3240540027618408,7236492
2023-05-31,1.3899999856948853,1.4299999475479126,1.3300000429153442,1.340000033378601,1.2494595050811768,7576600
2023-06-01,1.340000033378601,1.399999976158142,1.3300000429153442,1.350000023841858,1.2587838172912598,4998000
2023-06-02,1.3799999952316284,1.4500000476837158,1.3799999952316284,1.4299999475479126,1.3333783149719238,6238270
2023-06-05,1.4500000476837158,1.4500000476837158,1.3799999952316284,1.4199999570846558,1.3240540027618408,3192330
2023-06-06,1.4299999475479126,1.4299999475479126,1.3899999856948853,1.3899999856948853,1.2960810661315918,2090000
2023-06-07,1.3899999856948853,1.4199999570846558,1.3899999856948853,1.409999966621399,1.3147296905517578,1842699
2023-06-08,1.409999966621399,1.4199999570846558,1.3899999856948853,1.409999966621399,1.3147296905517578,1312000
2023-06-09,1.409999966621399,1.4800000190734863,1.409999966621399,1.4299999475479126,1.3333783149719238,4760000
2023-06-12,1.4299999475479126,1.4700000286102295,1.409999966621399,1.4700000286102295,1.3706756830215454,2110000
2023-06-13,1.4700000286102295,1.5,1.4600000381469727,1.4800000190734863,1.3799999952316284,1762000
2023-06-14,1.4800000190734863,1.4900000095367432,1.440000057220459,1.4700000286102295,1.3706756830215454,1993030
2023-06-15,1.4700000286102295,1.5499999523162842,1.4700000286102295,1.4900000095367432,1.3893243074417114,7044300
2023-06-16,1.5,1.5099999904632568,1.4600000381469727,1.4800000190734863,1.3799999952316284,4480000
2023-06-19,1.4700000286102295,1.4900000095367432,1.4299999475479126,1.4900000095367432,1.3893243074417114,2678213
2023-06-20,1.4800000190734863,1.4800000190734863,1.4299999475479126,1.4600000381469727,1.3613513708114624,6346000
2023-06-21,1.4600000381469727,1.4600000381469727,1.409999966621399,1.440000057220459,1.3427027463912964,2328689
2023-06-23,1.4199999570846558,1.440000057220459,1.409999966621399,1.440000057220459,1.3427027463912964,1595798
2023-06-26,1.4299999475479126,1.4500000476837158,1.4199999570846558,1.440000057220459,1.3427027463912964,1256000
2023-06-27,1.440000057220459,1.4700000286102295,1.4299999475479126,1.440000057220459,1.3427027463912964,1700000
2023-06-28,1.4299999475479126,1.4500000476837158,1.409999966621399,1.440000057220459,1.3427027463912964,1160000
2023-06-29,1.440000057220459,1.440000057220459,1.409999966621399,1.4199999570846558,1.3240540027618408,1280000
2023-06-30,1.399999976158142,1.4299999475479126,1.399999976158142,1.409999966621399,1.3147296905517578,578000
2023-07-03,1.399999976158142,1.4500000476837158,1.399999976158142,1.4299999475479126,1.3333783149719238,1032000
2023-07-04,1.4299999475479126,1.4500000476837158,1.4199999570846558,1.4299999475479126,1.3333783149719238,812000
2023-07-05,1.4199999570846558,1.4199999570846558,1.399999976158142,1.409999966621399,1.3147296905517578,1212000
2023-07-06,1.409999966621399,1.4199999570846558,1.3700000047683716,1.3799999952316284,1.2867567539215088,2806000
2023-07-07,1.3799999952316284,1.3899999856948853,1.3700000047683716,1.3700000047683716,1.2774324417114258,1333600
2023-07-10,1.3700000047683716,1.409999966621399,1.3700000047683716,1.3899999856948853,1.2960810661315918,781222
2023-07-11,1.3899999856948853,1.399999976158142,1.3700000047683716,1.3799999952316284,1.2867567539215088,950000
2023-07-12,1.3700000047683716,1.409999966621399,1.3700000047683716,1.3700000047683716,1.2774324417114258,870000
2023-07-13,1.3700000047683716,1.409999966621399,1.3700000047683716,1.399999976158142,1.3054053783416748,1372000
2023-07-14,1.409999966621399,1.4199999570846558,1.399999976158142,1.399999976158142,1.3054053783416748,1234787
2023-07-18,1.399999976158142,1.409999966621399,1.3600000143051147,1.3600000143051147,1.2681081295013428,2564000
2023-07-19,1.3899999856948853,1.3899999856948853,1.309999942779541,1.3200000524520874,1.2308108806610107,4283408
2023-07-20,1.3200000524520874,1.3200000524520874,1.2799999713897705,1.309999942779541,1.2214864492416382,4020594
2023-07-21,1.2999999523162842,1.340000033378601,1.2999999523162842,1.3300000429153442,1.2401351928710938,1556000
2023-07-24,1.2999999523162842,1.3200000524520874,1.2899999618530273,1.2999999523162842,1.2121621370315552,2024000
2023-07-25,1.3200000524520874,1.3600000143051147,1.3200000524520874,1.350000023841858,1.2587838172912598,2816784
2023-07-26,1.350000023841858,1.3700000047683716,1.340000033378601,1.3600000143051147,1.2681081295013428,698000
2023-07-27,1.340000033378601,1.3899999856948853,1.340000033378601,1.3700000047683716,1.2774324417114258,1880000
2023-07-28,1.340000033378601,1.4199999570846558,1.340000033378601,1.409999966621399,1.3147296905517578,2586898
2023-07-31,1.4199999570846558,1.4700000286102295,1.409999966621399,1.4199999570846558,1.3240540027618408,3620000
2023-08-01,1.4199999570846558,1.440000057220459,1.3899999856948853,1.409999966621399,1.3147296905517578,2086000
2023-08-02,1.409999966621399,1.4199999570846558,1.350000023841858,1.3600000143051147,1.2681081295013428,1987964
2023-08-03,1.3600000143051147,1.399999976158142,1.3600000143051147,1.3899999856948853,1.2960810661315918,932000
2023-08-04,1.3899999856948853,1.399999976158142,1.3600000143051147,1.3700000047683716,1.2774324417114258,1046300
2023-08-07,1.3600000143051147,1.3700000047683716,1.3300000429153442,1.3300000429153442,1.2401351928710938,1363090
2023-08-08,1.3300000429153442,1.340000033378601,1.309999942779541,1.309999942779541,1.2214864492416382,1023432
2023-08-09,1.2999999523162842,1.340000033378601,1.2999999523162842,1.3200000524520874,1.2308108806610107,560000
2023-08-10,1.3200000524520874,1.3300000429153442,1.309999942779541,1.3300000429153442,1.2401351928710938,729230
2023-08-11,1.3200000524520874,1.340000033378601,1.309999942779541,1.309999942779541,1.2214864492416382,968004
2023-08-14,1.2999999523162842,1.2999999523162842,1.2699999809265137,1.2799999713897705,1.1935135126113892,1544000
2023-08-15,1.2699999809265137,1.2999999523162842,1.25,1.2599999904632568,1.1748648881912231,912000
2023-08-16,1.25,1.2699999809265137,1.2300000190734863,1.2699999809265137,1.1841892004013062,1724000
2023-08-17,1.25,1.2899999618530273,1.2300000190734863,1.2799999713897705,1.1935135126113892,2373937
2023-08-18,1.2799999713897705,1.2899999618530273,1.2100000381469727,1.2200000286102295,1.1375675201416016,2090000
2023-08-21,1.2100000381469727,1.2300000190734863,1.1699999570846558,1.190000057220459,1.1095945835113525,1916085
2023-08-22,1.190000057220459,1.190000057220459,1.1699999570846558,1.190000057220459,1.1095945835113525,883400
2023-08-23,1.1699999570846558,1.1799999475479126,1.159999966621399,1.1699999570846558,1.090945839881897,645597
2023-08-24,1.159999966621399,1.2000000476837158,1.159999966621399,1.2000000476837158,1.1189188957214355,1202000
2023-08-25,1.1699999570846558,1.1799999475479126,1.149999976158142,1.149999976158142,1.072297215461731,2062000
2023-08-28,1.159999966621399,1.190000057220459,1.1200000047683716,1.1699999570846558,1.090945839881897,1616000
2023-08-29,1.149999976158142,1.1799999475479126,1.149999976158142,1.1799999475479126,1.10027015209198,1049680
2023-08-30,1.1799999475479126,1.2000000476837158,1.149999976158142,1.159999966621399,1.081621527671814,1356000
2023-08-31,1.159999966621399,1.1699999570846558,1.1200000047683716,1.1399999856948853,1.062972903251648,2216000
2023-09-04,1.1299999952316284,1.1799999475479126,1.1299999952316284,1.1799999475479126,1.10027015209198,1480000
2023-09-05,1.159999966621399,1.1699999570846558,1.1399999856948853,1.149999976158142,1.072297215461731,1629086
2023-09-06,1.149999976158142,1.149999976158142,1.1299999952316284,1.1299999952316284,1.053648591041565,1301000
2023-09-07,1.1299999952316284,1.149999976158142,1.1299999952316284,1.1399999856948853,1.062972903251648,1275463
2023-09-11,1.1299999952316284,1.159999966621399,1.1200000047683716,1.1299999952316284,1.053648591041565,2158000
2023-09-12,1.1299999952316284,1.1699999570846558,1.1299999952316284,1.149999976158142,1.072297215461731,1170000
2023-09-13,1.149999976158142,1.1699999570846558,1.1399999856948853,1.149999976158142,1.072297215461731,1322148
2023-09-14,1.149999976158142,1.159999966621399,1.1399999856948853,1.1399999856948853,1.062972903251648,1166000
2023-09-15,1.149999976158142,1.1799999475479126,1.1399999856948853,1.159999966621399,1.081621527671814,1895907
2023-09-18,1.149999976158142,1.1799999475479126,1.1399999856948853,1.1399999856948853,1.062972903251648,1050000
2023-09-19,1.1399999856948853,1.1399999856948853,1.100000023841858,1.1100000143051147,1.034999966621399,1584000
2023-09-20,1.1100000143051147,1.1100000143051147,1.0700000524520874,1.0800000429153442,1.00702702999115,4048000
2023-09-21,1.0800000429153442,1.0800000429153442,1.0499999523162842,1.059999942779541,0.9883782863616943,1516000
2023-09-22,1.059999942779541,1.090000033378601,1.0499999523162842,1.090000033378601,1.016351342201233,1386000
2023-09-25,1.059999942779541,1.0800000429153442,1.0499999523162842,1.0700000524520874,0.9977027177810669,1712000
2023-09-26,1.0700000524520874,1.0700000524520874,1.0499999523162842,1.0499999523162842,0.9790539741516113,1176000
2023-09-27,1.0499999523162842,1.059999942779541,1.0399999618530273,1.059999942779541,0.9883782863616943,1056000
2023-09-28,1.0499999523162842,1.059999942779541,1.0199999809265137,1.0299999713897705,0.9604053497314453,902693
2023-09-29,1.0299999713897705,1.0499999523162842,1.0199999809265137,1.0299999713897705,0.9604053497314453,1092000
2023-10-03,1.0399999618530273,1.0399999618530273,0.9900000095367432,1.0299999713897705,0.9604053497314453,1925462
2023-10-04,1.0299999713897705,1.0499999523162842,1.0,1.0199999809265137,0.9510810375213623,1194000
2023-10-05,1.0299999713897705,1.0499999523162842,1.0199999809265137,1.0499999523162842,0.9790539741516113,740000
2023-10-06,1.0399999618530273,1.059999942779541,1.0199999809265137,1.0199999809265137,0.9510810375213623,2036271
2023-10-09,1.0199999809265137,1.090000033378601,1.0,1.0099999904632568,0.9417567253112793,1297502
2023-10-10,1.0299999713897705,1.059999942779541,1.0299999713897705,1.0499999523162842,0.9790539741516113,2040000
2023-10-11,1.0399999618530273,1.0700000524520874,1.0299999713897705,1.059999942779541,0.9883782863616943,1911573
2023-10-12,1.0499999523162842,1.090000033378601,1.0499999523162842,1.0700000524520874,0.9977027177810669,2812000
2023-10-13,1.090000033378601,1.1799999475479126,1.0700000524520874,1.1299999952316284,1.053648591041565,9025121
2023-10-16,1.159999966621399,1.159999966621399,1.0700000524520874,1.0700000524520874,0.9977027177810669,3080350
2023-10-17,1.090000033378601,1.090000033378601,1.059999942779541,1.090000033378601,1.016351342201233,1434800
2023-10-18,1.090000033378601,1.090000033378601,1.0499999523162842,1.059999942779541,0.9883782863616943,1470000
2023-10-19,1.0499999523162842,1.059999942779541,1.0299999713897705,1.0399999618530273,0.9697296619415283,1874000
2023-10-20,1.0299999713897705,1.0499999523162842,1.0199999809265137,1.0299999713897705,0.9604053497314453,742845
2023-10-24,1.0199999809265137,1.0299999713897705,1.0099999904632568,1.0099999904632568,0.9417567253112793,1831378
2023-10-25,1.0299999713897705,1.0499999523162842,1.0099999904632568,1.0199999809265137,0.9510810375213623,1712000
2023-10-26,1.0199999809265137,1.0399999618530273,1.0199999809265137,1.0199999809265137,0.9510810375213623,556394
2023-10-27,1.0099999904632568,1.0399999618530273,1.0099999904632568,1.0299999713897705,0.9604053497314453,932336
2023-10-30,1.0299999713897705,1.0399999618530273,1.0199999809265137,1.0399999618530273,0.9697296619415283,1614000
2023-10-31,1.0299999713897705,1.0299999713897705,1.0199999809265137,1.0199999809265137,0.9510810375213623,698000
2023-11-01,1.0299999713897705,1.0299999713897705,1.0099999904632568,1.0199999809265137,0.9510810375213623,922000
2023-11-02,1.0199999809265137,1.0299999713897705,1.0199999809265137,1.0199999809265137,0.9510810375213623,666000
2023-11-03,1.0299999713897705,1.0499999523162842,1.0199999809265137,1.0499999523162842,0.9790539741516113,1348000
2023-11-06,1.0499999523162842,1.100000023841858,1.0499999523162842,1.090000033378601,1.016351342201233,2611105
2023-11-07,1.100000023841858,1.100000023841858,1.059999942779541,1.0700000524520874,0.9977027177810669,1878743
2023-11-08,1.059999942779541,1.0700000524520874,1.0399999618530273,1.0499999523162842,0.9790539741516113,829000
2023-11-09,1.0499999523162842,1.0499999523162842,1.0299999713897705,1.0299999713897705,0.9604053497314453,1214000
2023-11-10,1.0399999618530273,1.090000033378601,1.0199999809265137,1.0399999618530273,0.9697296619415283,2768410
2023-11-13,1.0399999618530273,1.059999942779541,1.0199999809265137,1.0399999618530273,0.9697296619415283,1228000
2023-11-14,1.0399999618530273,1.0700000524520874,1.0399999618530273,1.059999942779541,0.9883782863616943,986000
2023-11-15,1.0800000429153442,1.1399999856948853,1.0800000429153442,1.1399999856948853,1.062972903251648,4908422
2023-11-16,1.1399999856948853,1.1399999856948853,1.100000023841858,1.1100000143051147,1.034999966621399,1444000
2023-11-17,1.1100000143051147,1.2000000476837158,1.0700000524520874,1.090000033378601,1.016351342201233,5948370
2023-11-20,1.090000033378601,1.1100000143051147,1.0800000429153442,1.1100000143051147,1.034999966621399,1212000
2023-11-21,1.1200000047683716,1.2000000476837158,1.1200000047683716,1.1299999952316284,1.053648591041565,3353860
2023-11-22,1.1299999952316284,1.1399999856948853,1.1200000047683716,1.1399999856948853,1.062972903251648,920000
2023-11-23,1.1399999856948853,1.1399999856948853,1.1100000143051147,1.1200000047683716,1.044324278831482,854000
2023-11-24,1.1200000047683716,1.1299999952316284,1.100000023841858,1.1100000143051147,1.034999966621399,856000
2023-11-27,1.1100000143051147,1.1299999952316284,1.090000033378601,1.1299999952316284,1.053648591041565,498615
2023-11-28,1.1200000047683716,1.1399999856948853,1.100000023841858,1.1299999952316284,1.053648591041565,1100000
2023-11-29,1.1100000143051147,1.1100000143051147,1.0800000429153442,1.0800000429153442,1.00702702999115,1722000
2023-11-30,1.100000023841858,1.100000023841858,1.059999942779541,1.059999942779541,0.9883782863616943,2442000
2023-12-01,1.059999942779541,1.090000033378601,1.0499999523162842,1.090000033378601,1.016351342201233,1710000
2023-12-04,1.0700000524520874,1.090000033378601,1.0499999523162842,1.059999942779541,0.9883782863616943,1246000
2023-12-05,1.059999942779541,1.059999942779541,1.0099999904632568,1.0299999713897705,0.9604053497314453,2248000
2023-12-06,1.0199999809265137,1.0299999713897705,1.0,1.0299999713897705,0.9604053497314453,1810000
2023-12-07,1.0099999904632568,1.0299999713897705,1.0099999904632568,1.0299999713897705,0.9604053497314453,952656
2023-12-08,1.0299999713897705,1.0299999713897705,1.0099999904632568,1.0099999904632568,0.9417567253112793,1750000
2023-12-11,1.0099999904632568,1.0099999904632568,0.9700000286102295,0.9700000286102295,0.9044594764709473,3240000
2023-12-12,0.9700000286102295,1.0099999904632568,0.9700000286102295,1.0,0.9324324131011963,1350000
2023-12-13,1.0,1.0199999809265137,1.0,1.0199999809265137,0.9510810375213623,1666000
2023-12-14,1.0,1.0299999713897705,1.0,1.0,0.9324324131011963,696000
2023-12-15,1.0,1.0399999618530273,1.0,1.0199999809265137,0.9510810375213623,2029190
2023-12-18,1.0199999809265137,1.0299999713897705,1.0,1.0,0.9324324131011963,1222000
2023-12-19,1.0199999809265137,1.0199999809265137,0.9900000095367432,0.9900000095367432,0.9231081008911133,908000
2023-12-20,1.0,1.0199999809265137,1.0,1.0,0.9324324131011963,424000
2023-12-21,1.0,1.0199999809265137,1.0,1.0,0.9324324131011963,374000
2023-12-22,1.0299999713897705,1.0299999713897705,0.9800000190734863,1.0,0.9324324131011963,1123336
2023-12-27,1.0,1.0199999809265137,0.9800000190734863,0.9900000095367432,0.9231081008911133,1607061
2023-12-28,0.9900000095367432,1.0199999809265137,0.9900000095367432,1.0199999809265137,0.9510810375213623,1571519
2023-12-29,1.0199999809265137,1.0199999809265137,1.0,1.0099999904632568,0.9417567253112793,1102000
2024-01-02,1.0099999904632568,1.0099999904632568,0.9900000095367432,1.0,0.9324324131011963,714000
2024-01-03,0.9900000095367432,1.0099999904632568,0.9900000095367432,1.0,0.9324324131011963,1080000
2024-01-04,1.0,1.0099999904632568,0.9800000190734863,0.9900000095367432,0.9231081008911133,1264674
2024-01-05,0.9900000095367432,0.9900000095367432,0.9800000190734863,0.9900000095367432,0.9231081008911133,980000
2024-01-08,0.9800000190734863,0.9900000095367432,0.949999988079071,0.9700000286102295,0.9044594764709473,2555088
2024-01-09,0.9800000190734863,0.9800000190734863,0.9399999976158142,0.9399999976158142,0.8764864802360535,2160000
2024-01-10,0.9399999976158142,0.9399999976158142,0.8999999761581421,0.9100000262260437,0.8485135436058044,3822000
2024-01-11,0.9100000262260437,0.9399999976158142,0.9100000262260437,0.9300000071525574,0.8671621680259705,3034000
2024-01-12,0.9300000071525574,0.949999988079071,0.9300000071525574,0.9399999976158142,0.8764864802360535,1424000
2024-01-15,0.9399999976158142,0.949999988079071,0.9200000166893005,0.9399999976158142,0.8764864802360535,814000
2024-01-16,0.9300000071525574,0.9399999976158142,0.9200000166893005,0.9300000071525574,0.8671621680259705,1050000
2024-01-17,0.9200000166893005,0.9200000166893005,0.8600000143051147,0.8799999952316284,0.8205405473709106,3697354
2024-01-18,0.8799999952316284,0.8999999761581421,0.8600000143051147,0.8999999761581421,0.8391891717910767,1880000
2024-01-19,0.9100000262260437,0.9100000262260437,0.8700000047683716,0.8799999952316284,0.8205405473709106,2344000
2024-01-22,0.8700000047683716,0.8799999952316284,0.8100000023841858,0.8399999737739563,0.7832431793212891,5016000
2024-01-23,0.8399999737739563,0.8799999952316284,0.8399999737739563,0.8600000143051147,0.8018918633460999,1306000
2024-01-24,0.8700000047683716,0.8899999856948853,0.8600000143051147,0.8899999856948853,0.8298648595809937,1846000
2024-01-25,0.8899999856948853,0.9100000262260437,0.8700000047683716,0.9100000262260437,0.8485135436058044,1906000
2024-01-26,0.8899999856948853,0.8999999761581421,0.8799999952316284,0.8999999761581421,0.8391891717910767,544000
2024-01-29,0.8999999761581421,0.8999999761581421,0.8799999952316284,0.8899999856948853,0.8298648595809937,1378600
2024-01-30,0.8899999856948853,0.8899999856948853,0.8299999833106995,0.8500000238418579,0.7925675511360168,1928500
2024-01-31,0.8500000238418579,0.8500000238418579,0.800000011920929,0.8199999928474426,0.764594554901123,3520148
2024-02-01,0.8100000023841858,0.8399999737739563,0.8100000023841858,0.8199999928474426,0.764594554901123,1384800
2024-02-02,0.8199999928474426,0.8500000238418579,0.8199999928474426,0.8399999737739563,0.7832431793212891,1484645
2024-02-05,0.8399999737739563,0.8399999737739563,0.800000011920929,0.8199999928474426,0.764594554901123,1216000
2024-02-06,0.8100000023841858,0.8500000238418579,0.8100000023841858,0.8500000238418579,0.7925675511360168,1802000
2024-02-07,0.8500000238418579,0.8500000238418579,0.8100000023841858,0.8500000238418579,0.7925675511360168,1606000
2024-02-08,0.8399999737739563,0.8399999737739563,0.8199999928474426,0.8199999928474426,0.764594554901123,926000
2024-02-09,0.8199999928474426,0.8399999737739563,0.8199999928474426,0.8399999737739563,0.7832431793212891,364000
2024-02-14,0.8299999833106995,0.8299999833106995,0.800000011920929,0.800000011920929,0.745945930480957,3383000
2024-02-15,0.800000011920929,0.800000011920929,0.7900000214576721,0.800000011920929,0.745945930480957,2054000
2024-02-16,0.800000011920929,0.8500000238418579,0.7799999713897705,0.8399999737739563,0.7832431793212891,7532852
2024-02-19,0.8500000238418579,0.8600000143051147,0.8199999928474426,0.8600000143051147,0.8018918633460999,4596000
2024-02-20,0.8600000143051147,0.8799999952316284,0.8399999737739563,0.8600000143051147,0.8018918633460999,3892000
2024-02-21,0.8600000143051147,0.8600000143051147,0.8299999833106995,0.8299999833106995,0.773918867111206,5899731
2024-02-22,0.8799999952316284,0.9599999785423279,0.8700000047683716,0.9599999785423279,0.8951351046562195,17416000
2024-02-23,0.9700000286102295,1.0499999523162842,0.9399999976158142,1.0399999618530273,0.9697296619415283,22712000
2024-02-26,1.0800000429153442,1.1100000143051147,1.0399999618530273,1.0499999523162842,0.9790539741516113,22209010
2024-02-27,1.059999942779541,1.059999942779541,1.0,1.0099999904632568,0.9417567253112793,10200000
2024-02-28,1.0099999904632568,1.0399999618530273,0.949999988079071,0.9599999785423279,0.8951351046562195,10215845
2024-02-29,0.949999988079071,0.9800000190734863,0.949999988079071,0.949999988079071,0.8858107924461365,35732543
2024-03-01,0.949999988079071,0.9800000190734863,0.9300000071525574,0.9599999785423279,0.8951351046562195,9231463
2024-03-04,0.9700000286102295,0.9700000286102295,0.9300000071525574,0.9599999785423279,0.8951351046562195,2526213
2024-03-05,0.9599999785423279,0.9599999785423279,0.8999999761581421,0.9200000166893005,0.8578378558158875,5006000
2024-03-06,0.9200000166893005,0.9399999976158142,0.9100000262260437,0.9300000071525574,0.8671621680259705,1646000
2024-03-07,0.9300000071525574,0.949999988079071,0.9100000262260437,0.9300000071525574,0.8671621680259705,3038000
2024-03-08,0.9300000071525574,0.949999988079071,0.9200000166893005,0.9399999976158142,0.8764864802360535,2570000
2024-03-11,0.949999988079071,0.9599999785423279,0.9300000071525574,0.949999988079071,0.8858107924461365,2393596
2024-03-12,0.949999988079071,0.9800000190734863,0.9399999976158142,0.9700000286102295,0.9044594764709473,5188000
2024-03-13,0.9800000190734863,0.9800000190734863,0.9300000071525574,0.9399999976158142,0.8764864802360535,3730237
2024-03-14,0.949999988079071,0.949999988079071,0.9300000071525574,0.9399999976158142,0.8764864802360535,2376000
2024-03-15,0.9300000071525574,0.9300000071525574,0.9100000262260437,0.9100000262260437,0.8485135436058044,4876720
2024-03-18,0.9200000166893005,0.9200000166893005,0.8899999856948853,0.9200000166893005,0.8578378558158875,3585180
2024-03-19,0.9100000262260437,0.9100000262260437,0.8799999952316284,0.8899999856948853,0.8298648595809937,2723000
2024-03-20,0.8799999952316284,0.8999999761581421,0.8799999952316284,0.8899999856948853,0.8298648595809937,1468247
2024-03-21,0.8899999856948853,0.8999999761581421,0.8799999952316284,0.8799999952316284,0.8205405473709106,1885146
2024-03-22,0.8799999952316284,0.8799999952316284,0.8399999737739563,0.8600000143051147,0.8018918633460999,4436501
2024-03-25,0.8600000143051147,0.8600000143051147,0.8399999737739563,0.8500000238418579,0.7925675511360168,2082000
2024-03-26,0.8500000238418579,0.8600000143051147,0.8199999928474426,0.8399999737739563,0.7832431793212891,2704000
2024-03-27,0.8299999833106995,0.8299999833106995,0.8100000023841858,0.8199999928474426,0.764594554901123,1182000
2024-03-28,0.8299999833106995,0.8500000238418579,0.8199999928474426,0.8299999833106995,0.773918867111206,1946000
2024-04-02,0.8299999833106995,0.8399999737739563,0.800000011920929,0.8199999928474426,0.764594554901123,2356000
2024-04-03,0.8199999928474426,0.8199999928474426,0.800000011920929,0.8100000023841858,0.75527024269104,2546828
2024-04-05,0.8100000023841858,0.8100000023841858,0.7699999809265137,0.7900000214576721,0.736621618270874,5474000
2024-04-08,0.7900000214576721,0.7900000214576721,0.7699999809265137,0.7900000214576721,0.736621618270874,2589963
2024-04-09,0.7900000214576721,0.8100000023841858,0.7900000214576721,0.8100000023841858,0.75527024269104,2243430
2024-04-10,0.800000011920929,0.8100000023841858,0.800000011920929,0.800000011920929,0.745945930480957,1254000
2024-04-11,0.800000011920929,0.8100000023841858,0.7900000214576721,0.800000011920929,0.745945930480957,1326000
2024-04-12,0.800000011920929,0.800000011920929,0.7699999809265137,0.7699999809265137,0.7179729342460632,4990000
2024-04-15,0.7599999904632568,0.7599999904632568,0.6600000262260437,0.699999988079071,0.6527026891708374,16054000
2024-04-16,0.7099999785423279,0.7099999785423279,0.6700000166893005,0.6800000071525574,0.6340540647506714,2384500
2024-04-17,0.6899999976158142,0.6899999976158142,0.6700000166893005,0.6899999976158142,0.6433783769607544,2226449
2024-04-18,0.699999988079071,0.699999988079071,0.6700000166893005,0.6800000071525574,0.6340540647506714,1693049
2024-04-19,0.6800000071525574,0.699999988079071,0.6700000166893005,0.6899999976158142,0.6433783769607544,2804000
2024-04-22,0.6899999976158142,0.7400000095367432,0.6899999976158142,0.7300000190734863,0.6806756854057312,5878000
2024-04-23,0.7200000286102295,0.7400000095367432,0.7200000286102295,0.7200000286102295,0.6713513731956482,1894000
2024-04-24,0.7200000286102295,0.75,0.7200000286102295,0.75,0.6993243098258972,2986000
2024-04-25,0.75,0.7699999809265137,0.7400000095367432,0.7400000095367432,0.6899999976158142,2350000
2024-04-26,0.75,0.7900000214576721,0.75,0.7900000214576721,0.736621618270874,3960000
2024-04-29,0.800000011920929,0.8299999833106995,0.7799999713897705,0.8199999928474426,0.764594554901123,8430000
2024-04-30,0.8199999928474426,0.8199999928474426,0.7599999904632568,0.7799999713897705,0.7272972464561462,4034000
2024-05-02,0.7799999713897705,0.800000011920929,0.7699999809265137,0.7900000214576721,0.736621618270874,2622000
2024-05-03,0.800000011920929,0.8100000023841858,0.7900000214576721,0.8100000023841858,0.75527024269104,4170000
2024-05-06,0.8199999928474426,0.8500000238418579,0.800000011920929,0.8500000238418579,0.7925675511360168,7442000
2024-05-07,0.8500000238418579,0.8500000238418579,0.800000011920929,0.8100000023841858,0.75527024269104,2431000
2024-05-08,0.8199999928474426,0.8199999928474426,0.7699999809265137,0.7799999713897705,0.7272972464561462,3470134
2024-05-09,0.7799999713897705,0.8100000023841858,0.7799999713897705,0.800000011920929,0.745945930480957,1550000
2024-05-10,0.8100000023841858,0.8100000023841858,0.7799999713897705,0.800000011920929,0.745945930480957,2038000
2024-05-13,0.8799999952316284,0.8799999952316284,0.8299999833106995,0.8399999737739563,0.7832431793212891,7584000
2024-05-14,0.8500000238418579,0.8700000047683716,0.8199999928474426,0.8600000143051147,0.8018918633460999,5505065
2024-05-16,0.8600000143051147,0.8600000143051147,0.8299999833106995,0.8399999737739563,0.7832431793212891,2304443
2024-05-17,0.8399999737739563,0.8500000238418579,0.8199999928474426,0.8399999737739563,0.7832431793212891,2480000
2024-05-20,0.8399999737739563,0.8399999737739563,0.8199999928474426,0.8199999928474426,0.764594554901123,2019560
2024-05-21,0.8199999928474426,0.8399999737739563,0.8100000023841858,0.8199999928474426,0.764594554901123,2324132
2024-05-22,0.8100000023841858,0.8199999928474426,0.8100000023841858,0.8199999928474426,0.764594554901123,974000
2024-05-23,0.8100000023841858,0.8100000023841858,0.7900000214576721,0.7900000214576721,0.736621618270874,1850666
2024-05-24,0.7900000214576721,0.800000011920929,0.7799999713897705,0.7900000214576721,0.736621618270874,1278000
2024-05-27,0.800000011920929,0.800000011920929,0.7900000214576721,0.800000011920929,0.745945930480957,968000
2024-05-28,0.800000011920929,0.8199999928474426,0.800000011920929,0.800000011920929,0.745945930480957,1252573
2024-05-29,0.7900000214576721,0.800000011920929,0.7799999713897705,0.7900000214576721,0.736621618270874,900000
2024-05-30,0.7799999713897705,0.7799999713897705,0.7699999809265137,0.7699999809265137,0.7179729342460632,682000
2024-05-31,0.7799999713897705,0.7900000214576721,0.7599999904632568,0.7799999713897705,0.7272972464561462,1072019
2024-06-03,0.7699999809265137,0.7699999809265137,0.75,0.7599999904632568,0.7086486220359802,2686000
2024-06-04,0.7599999904632568,0.7699999809265137,0.75,0.7599999904632568,0.7086486220359802,1080000
2024-06-05,0.7599999904632568,0.7599999904632568,0.7400000095367432,0.75,0.6993243098258972,1194000
2024-06-06,0.75,0.75,0.7400000095367432,0.7400000095367432,0.6899999976158142,1154000
2024-06-07,0.7400000095367432,0.75,0.7300000190734863,0.7400000095367432,0.6899999976158142,777989
2024-06-11,0.7300000190734863,0.7400000095367432,0.7099999785423279,0.7300000190734863,0.6806756854057312,1620000
2024-06-12,0.7300000190734863,0.7300000190734863,0.699999988079071,0.7200000286102295,0.6713513731956482,2384000
2024-06-13,0.7300000190734863,0.7300000190734863,0.699999988079071,0.7300000190734863,0.6806756854057312,2208000
2024-06-14,0.7200000286102295,0.7400000095367432,0.7099999785423279,0.7300000190734863,0.6806756854057312,874000
2024-06-17,0.7200000286102295,0.7300000190734863,0.7099999785423279,0.7099999785423279,0.6620270013809204,1391482
2024-06-18,0.7200000286102295,0.7300000190734863,0.7200000286102295,0.7200000286102295,0.6713513731956482,1140000
2024-06-19,0.7200000286102295,0.7799999713897705,0.7200000286102295,0.7599999904632568,0.7086486220359802,3008000
2024-06-20,0.7599999904632568,0.8399999737739563,0.75,0.8199999928474426,0.764594554901123,21548000
2024-06-21,0.8299999833106995,0.8600000143051147,0.8199999928474426,0.8399999737739563,0.7832431793212891,13106000
2024-06-24,0.8399999737739563,0.8399999737739563,0.8100000023841858,0.8100000023841858,0.75527024269104,2740000
2024-06-25,0.8100000023841858,0.8299999833106995,0.800000011920929,0.8100000023841858,0.75527024269104,2084367
2024-06-26,0.8100000023841858,0.8199999928474426,0.800000011920929,0.8100000023841858,0.75527024269104,1623312
2024-06-27,0.8100000023841858,0.8299999833106995,0.800000011920929,0.8199999928474426,0.764594554901123,4428000
2024-06-28,0.8199999928474426,0.8500000238418579,0.8100000023841858,0.8299999833106995,0.773918867111206,6624000
2024-07-02,0.8299999833106995,0.8299999833106995,0.800000011920929,0.800000011920929,0.745945930480957,2910000
2024-07-03,0.8199999928474426,0.8199999928474426,0.800000011920929,0.800000011920929,0.745945930480957,2288000
2024-07-04,0.8100000023841858,0.8100000023841858,0.800000011920929,0.8100000023841858,0.75527024269104,746000
2024-07-08,0.800000011920929,0.800000011920929,0.7799999713897705,0.7900000214576721,0.736621618270874,2503787
2024-07-09,0.7799999713897705,0.800000011920929,0.7799999713897705,0.800000011920929,0.745945930480957,1040000
2024-07-10,0.800000011920929,0.800000011920929,0.7799999713897705,0.7900000214576721,0.736621618270874,1096000
2024-07-11,0.7900000214576721,0.800000011920929,0.7900000214576721,0.800000011920929,0.745945930480957,702000
2024-07-12,0.800000011920929,0.8199999928474426,0.7900000214576721,0.800000011920929,0.745945930480957,1458000
2024-07-15,0.8100000023841858,0.8100000023841858,0.7900000214576721,0.7900000214576721,0.736621618270874,963299
2024-07-16,0.7900000214576721,0.7900000214576721,0.7699999809265137,0.7799999713897705,0.7272972464561462,2662000
2024-07-17,0.7799999713897705,0.7799999713897705,0.7599999904632568,0.7699999809265137,0.7179729342460632,2756000
2024-07-18,0.7699999809265137,0.7799999713897705,0.7599999904632568,0.7699999809265137,0.7179729342460632,1510000
2024-07-19,0.7699999809265137,0.7699999809265137,0.75,0.7599999904632568,0.7086486220359802,1543000
2024-07-22,0.75,0.75,0.7400000095367432,0.75,0.6993243098258972,2270000
2024-07-23,0.7400000095367432,0.75,0.7300000190734863,0.7300000190734863,0.6806756854057312,1196000
2024-07-24,0.7400000095367432,0.7400000095367432,0.7300000190734863,0.7300000190734863,0.6806756854057312,590000
2024-07-25,0.7400000095367432,0.7400000095367432,0.7200000286102295,0.7200000286102295,0.6713513731956482,2176000
2024-07-26,0.7400000095367432,0.7400000095367432,0.7300000190734863,0.7300000190734863,0.6806756854057312,356000
2024-07-29,0.7300000190734863,0.7400000095367432,0.7300000190734863,0.7300000190734863,0.6806756854057312,776679
2024-07-30,0.7300000190734863,0.7400000095367432,0.7200000286102295,0.7200000286102295,0.6713513731956482,898000
2024-07-31,0.7200000286102295,0.7400000095367432,0.7200000286102295,0.7300000190734863,0.6806756854057312,923924
2024-08-01,0.7300000190734863,0.7300000190734863,0.7200000286102295,0.7200000286102295,0.6713513731956482,704000
2024-08-02,0.7200000286102295,0.7300000190734863,0.7099999785423279,0.7300000190734863,0.6806756854057312,2736000
2024-08-05,0.7300000190734863,0.7300000190734863,0.6899999976158142,0.6899999976158142,0.6433783769607544,4172213
2024-08-06,0.699999988079071,0.7099999785423279,0.6899999976158142,0.699999988079071,0.6527026891708374,1424000
2024-08-07,0.699999988079071,0.7099999785423279,0.6899999976158142,0.699999988079071,0.6527026891708374,897061
2024-08-08,0.699999988079071,0.7099999785423279,0.6899999976158142,0.699999988079071,0.6527026891708374,3355897
2024-08-09,0.699999988079071,0.7200000286102295,0.699999988079071,0.7200000286102295,0.6713513731956482,1938100
2024-08-12,0.7099999785423279,0.7099999785423279,0.699999988079071,0.699999988079071,0.6527026891708374,592000
2024-08-13,0.699999988079071,0.7200000286102295,0.699999988079071,0.7099999785423279,0.6620270013809204,784000
2024-08-14,0.7200000286102295,0.7300000190734863,0.7099999785423279,0.7200000286102295,0.6713513731956482,978000
2024-08-15,0.7200000286102295,0.7200000286102295,0.699999988079071,0.7099999785423279,0.6620270013809204,2439721
2024-08-16,0.7099999785423279,0.7200000286102295,0.699999988079071,0.7099999785423279,0.6620270013809204,770295
2024-08-19,0.699999988079071,0.7200000286102295,0.699999988079071,0.699999988079071,0.6527026891708374,750106
2024-08-20,0.7099999785423279,0.7300000190734863,0.7099999785423279,0.7200000286102295,0.6713513731956482,1338000
2024-08-21,0.7099999785423279,0.7300000190734863,0.7099999785423279,0.7200000286102295,0.6713513731956482,860000
2024-08-22,0.7200000286102295,0.75,0.7200000286102295,0.7400000095367432,0.6899999976158142,3040000
2024-08-23,0.75,0.75,0.7200000286102295,0.7400000095367432,0.6899999976158142,1306000
2024-08-26,0.7099999785423279,0.7099999785423279,0.6800000071525574,0.6899999976158142,0.6899999976158142,1674000
2024-08-27,0.6899999976158142,0.6899999976158142,0.6700000166893005,0.6700000166893005,0.6700000166893005,1284000
2024-08-28,0.6700000166893005,0.6800000071525574,0.6700000166893005,0.6800000071525574,0.6800000071525574,794000
2024-08-29,0.6800000071525574,0.699999988079071,0.6700000166893005,0.6700000166893005,0.6700000166893005,2014000
2024-08-30,0.6800000071525574,0.6899999976158142,0.6700000166893005,0.6800000071525574,0.6800000071525574,4238000
2024-09-02,0.6800000071525574,0.6800000071525574,0.6700000166893005,0.6700000166893005,0.6700000166893005,1566034
2024-09-03,0.6700000166893005,0.6899999976158142,0.6700000166893005,0.6800000071525574,0.6800000071525574,1020000
2024-09-04,0.6700000166893005,0.6800000071525574,0.6600000262260437,0.6600000262260437,0.6600000262260437,2668000
2024-09-05,0.6600000262260437,0.6700000166893005,0.6600000262260437,0.6600000262260437,0.6600000262260437,1060879
2024-09-09,0.6499999761581421,0.6499999761581421,0.6299999952316284,0.6499999761581421,0.6499999761581421,2666000
2024-09-10,0.6499999761581421,0.6499999761581421,0.6299999952316284,0.6399999856948853,0.6399999856948853,606000
2024-09-11,0.6399999856948853,0.6399999856948853,0.6200000047683716,0.6399999856948853,0.6399999856948853,1884000
2024-09-12,0.6399999856948853,0.6499999761581421,0.6299999952316284,0.6299999952316284,0.6299999952316284,798152
2024-09-13,0.6399999856948853,0.6600000262260437,0.6399999856948853,0.6499999761581421,0.6499999761581421,2164000
2024-09-16,0.6399999856948853,0.6499999761581421,0.6399999856948853,0.6499999761581421,0.6499999761581421,1398000
2024-09-17,0.6399999856948853,0.6499999761581421,0.6399999856948853,0.6499999761581421,0.6499999761581421,488077
2024-09-19,0.6499999761581421,0.6899999976158142,0.6499999761581421,0.6899999976158142,0.6899999976158142,4172213
2024-09-20,0.6899999976158142,0.699999988079071,0.6800000071525574,0.6899999976158142,0.6899999976158142,1626000
2024-09-23,0.6899999976158142,0.699999988079071,0.6800000071525574,0.6899999976158142,0.6899999976158142,986000
2024-09-24,0.6899999976158142,0.699999988079071,0.6800000071525574,0.699999988079071,0.699999988079071,1278000
2024-09-25,0.699999988079071,0.7200000286102295,0.6899999976158142,0.6899999976158142,0.6899999976158142,5712000
2024-09-26,0.6899999976158142,0.7200000286102295,0.6899999976158142,0.7099999785423279,0.7099999785423279,6327284
2024-09-27,0.7300000190734863,0.75,0.7200000286102295,0.75,0.75,12497000
2024-09-30,0.7599999904632568,0.7900000214576721,0.7400000095367432,0.7900000214576721,0.7900000214576721,15988319
2024-10-02,0.7799999713897705,0.7900000214576721,0.75,0.7699999809265137,0.7699999809265137,15957682
2024-10-03,0.7799999713897705,0.7799999713897705,0.7300000190734863,0.7599999904632568,0.7599999904632568,12854000
2024-10-04,0.7599999904632568,0.7599999904632568,0.7300000190734863,0.7400000095367432,0.7400000095367432,11048031
2024-10-07,0.7599999904632568,0.9399999976158142,0.7599999904632568,0.9300000071525574,0.9300000071525574,43563441
2024-10-08,0.9300000071525574,0.9399999976158142,0.800000011920929,0.8100000023841858,0.8100000023841858,30273845
2024-10-09,0.8199999928474426,0.8299999833106995,0.75,0.7799999713897705,0.7799999713897705,12526000
2024-10-10,0.7900000214576721,0.8100000023841858,0.7799999713897705,0.800000011920929,0.800000011920929,5307944
