Date,Open,High,Low,Close,Adj Close,Volume
2010-12-20,2.700000047683716,2.940000057220459,2.609999895095825,2.880000114440918,1.9974136352539062,88695500
2010-12-21,2.950000047683716,2.950000047683716,2.7899999618530273,2.880000114440918,1.9974136352539062,25268900
2010-12-22,2.880000114440918,2.940000057220459,2.740000009536743,2.759999990463257,1.914188027381897,22072100
2010-12-23,2.819999933242798,2.859999895095825,2.759999990463257,2.8399999141693115,1.9696714878082275,12552200
2010-12-24,2.9000000953674316,3.0299999713897705,2.859999895095825,2.859999895095825,1.9835426807403564,24656000
2010-12-28,2.9000000953674316,2.9100000858306885,2.809999942779541,2.880000114440918,1.9974136352539062,12140662
2010-12-29,2.9100000858306885,2.930000066757202,2.869999885559082,2.9000000953674316,2.011284589767456,5984000
2010-12-30,2.9000000953674316,2.930000066757202,2.869999885559082,2.9000000953674316,2.011284589767456,2633404
2010-12-31,2.9000000953674316,2.9000000953674316,2.799999952316284,2.8299999237060547,1.9627362489700317,3118000
2011-01-03,2.8399999141693115,2.8499999046325684,2.799999952316284,2.8299999237060547,1.9627362489700317,1366000
2011-01-04,2.8299999237060547,2.9100000858306885,2.8299999237060547,2.869999885559082,1.9904778003692627,2186200
2011-01-05,2.8399999141693115,2.869999885559082,2.8299999237060547,2.8499999046325684,1.976607084274292,1363000
2011-01-06,2.8399999141693115,2.9700000286102295,2.8299999237060547,2.9200000762939453,2.0251553058624268,6535129
2011-01-07,2.9200000762939453,3.0299999713897705,2.9100000858306885,2.9200000762939453,2.0251553058624268,11162851
2011-01-10,2.880000114440918,2.930000066757202,2.8299999237060547,2.869999885559082,1.9904778003692627,1055000
2011-01-11,2.859999895095825,2.9000000953674316,2.8399999141693115,2.869999885559082,1.9904778003692627,2280000
2011-01-12,2.880000114440918,2.890000104904175,2.7799999713897705,2.8299999237060547,1.9627362489700317,3138000
2011-01-13,2.8299999237060547,2.8299999237060547,2.680000066757202,2.740000009536743,1.900316596031189,2940141
2011-01-14,2.759999990463257,2.799999952316284,2.6700000762939453,2.7100000381469727,1.8795109987258911,2165000
2011-01-17,2.740000009536743,2.9200000762939453,2.7200000286102295,2.859999895095825,1.9835426807403564,3739999
2011-01-18,2.890000104904175,2.950000047683716,2.8499999046325684,2.9000000953674316,2.011284589767456,6389871
2011-01-19,2.990000009536743,3.0799999237060547,2.930000066757202,3.0,2.080639123916626,23380365
2011-01-20,3.0399999618530273,3.0899999141693115,2.950000047683716,2.9700000286102295,2.0598323345184326,3255402
2011-01-21,3.0,3.0,2.9000000953674316,2.9100000858306885,2.0182197093963623,973399
2011-01-24,2.9700000286102295,3.0,2.880000114440918,2.9000000953674316,2.011284589767456,1504409
2011-01-25,2.950000047683716,2.950000047683716,2.799999952316284,2.8399999141693115,1.9696714878082275,1023411
2011-01-26,2.869999885559082,2.869999885559082,2.759999990463257,2.799999952316284,1.941929578781128,1235513
2011-01-27,2.819999933242798,2.869999885559082,2.7799999713897705,2.7799999713897705,1.9280593395233154,299000
2011-01-28,2.759999990463257,2.7899999618530273,2.6500000953674316,2.7100000381469727,1.8795109987258911,901000
2011-01-31,2.690000057220459,2.759999990463257,2.630000114440918,2.7300000190734863,1.8933815956115723,902000
2011-02-01,2.7100000381469727,2.7699999809265137,2.700000047683716,2.7699999809265137,1.9211232662200928,339489
2011-02-02,2.799999952316284,2.890000104904175,2.799999952316284,2.890000104904175,2.0043492317199707,1068000
2011-02-07,2.7799999713897705,2.819999933242798,2.7799999713897705,2.7799999713897705,1.9280593395233154,145000
2011-02-08,2.799999952316284,2.8399999141693115,2.799999952316284,2.799999952316284,1.941929578781128,239000
2011-02-09,2.890000104904175,2.930000066757202,2.75,2.7799999713897705,1.9280593395233154,1376000
2011-02-10,2.75,2.7799999713897705,2.6700000762939453,2.759999990463257,1.914188027381897,529110
2011-02-11,2.75,2.799999952316284,2.75,2.759999990463257,1.914188027381897,635000
2011-02-14,2.7899999618530273,2.8299999237060547,2.7100000381469727,2.7799999713897705,1.9280593395233154,3132000
2011-02-15,2.7699999809265137,2.7699999809265137,2.7200000286102295,2.75,1.907252550125122,545000
2011-02-16,2.75,2.759999990463257,2.740000009536743,2.759999990463257,1.914188027381897,183000
2011-02-17,2.75,2.7699999809265137,2.700000047683716,2.7699999809265137,1.9211232662200928,408000
2011-02-18,2.75,2.7799999713897705,2.740000009536743,2.7699999809265137,1.9211232662200928,2351000
2011-02-21,2.700000047683716,2.759999990463257,2.700000047683716,2.740000009536743,1.900316596031189,104000
2011-02-22,2.75,2.7799999713897705,2.619999885559082,2.700000047683716,1.872574806213379,1233138
2011-02-23,2.609999895095825,2.700000047683716,2.609999895095825,2.680000066757202,1.8587048053741455,814618
2011-02-24,2.630000114440918,2.630000114440918,2.4700000286102295,2.5899999141693115,1.796284794807434,3552000
2011-02-25,2.5999999046325684,2.5999999046325684,2.5,2.549999952316284,1.7685431241989136,3147050
2011-02-28,2.549999952316284,2.569999933242798,2.5,2.569999933242798,1.7824143171310425,941000
2011-03-01,2.5799999237060547,2.75,2.549999952316284,2.6500000953674316,1.837897777557373,3579000
2011-03-02,2.700000047683716,2.700000047683716,2.6700000762939453,2.680000066757202,1.8587048053741455,60000
2011-03-03,2.700000047683716,2.799999952316284,2.700000047683716,2.759999990463257,1.914188027381897,4987086
2011-03-04,2.6500000953674316,2.7300000190734863,2.6500000953674316,2.700000047683716,1.872574806213379,61040
2011-03-07,2.700000047683716,2.740000009536743,2.690000057220459,2.700000047683716,1.872574806213379,618000
2011-03-08,2.700000047683716,2.75,2.700000047683716,2.7100000381469727,1.8795109987258911,375000
2011-03-09,2.75,2.8399999141693115,2.75,2.8299999237060547,1.9627362489700317,1588000
2011-03-10,2.809999942779541,2.819999933242798,2.7799999713897705,2.819999933242798,1.9558005332946777,1095000
2011-03-11,2.799999952316284,2.8299999237060547,2.799999952316284,2.799999952316284,1.941929578781128,1373000
2011-03-14,2.7699999809265137,2.8499999046325684,2.7699999809265137,2.799999952316284,1.941929578781128,724000
2011-03-15,2.9200000762939453,2.9200000762939453,2.700000047683716,2.799999952316284,1.941929578781128,6142113
2011-03-16,2.7699999809265137,2.809999942779541,2.7200000286102295,2.7899999618530273,1.9349939823150635,1374202
2011-03-17,2.7200000286102295,2.799999952316284,2.700000047683716,2.799999952316284,1.941929578781128,594000
2011-03-18,2.799999952316284,2.819999933242798,2.7200000286102295,2.819999933242798,1.9558005332946777,2232002
2011-03-21,2.799999952316284,2.799999952316284,2.7799999713897705,2.7899999618530273,1.9349939823150635,212000
2011-03-22,2.819999933242798,2.8499999046325684,2.75,2.799999952316284,1.941929578781128,1781000
2011-03-23,2.759999990463257,2.8499999046325684,2.7200000286102295,2.799999952316284,1.941929578781128,1081000
2011-03-24,2.799999952316284,2.819999933242798,2.740000009536743,2.819999933242798,1.9558005332946777,306000
2011-03-25,2.759999990463257,2.809999942779541,2.75,2.809999942779541,1.9488648176193237,75000
2011-03-28,2.799999952316284,2.799999952316284,2.799999952316284,2.799999952316284,1.941929578781128,5000
2011-03-29,2.7799999713897705,2.819999933242798,2.7799999713897705,2.809999942779541,1.9488648176193237,529000
2011-03-30,2.799999952316284,2.819999933242798,2.7100000381469727,2.799999952316284,1.941929578781128,2868287
2011-03-31,2.8399999141693115,2.9200000762939453,2.8299999237060547,2.880000114440918,1.9974136352539062,1025000
2011-04-01,2.880000114440918,2.890000104904175,2.8299999237060547,2.8499999046325684,1.976607084274292,177000
2011-04-04,2.8499999046325684,2.8499999046325684,2.8499999046325684,2.8499999046325684,1.976607084274292,0
2011-04-06,2.8499999046325684,2.890000104904175,2.8299999237060547,2.8299999237060547,1.9627362489700317,911000
2011-04-07,2.9000000953674316,2.9000000953674316,2.799999952316284,2.8499999046325684,1.976607084274292,217000
2011-04-08,2.8299999237060547,2.8499999046325684,2.7899999618530273,2.8299999237060547,1.9627362489700317,83204
2011-04-11,2.869999885559082,2.869999885559082,2.809999942779541,2.809999942779541,1.9488648176193237,216000
2011-04-12,2.75,2.799999952316284,2.75,2.7799999713897705,1.9280593395233154,62000
2011-04-13,2.75,2.819999933242798,2.7100000381469727,2.819999933242798,1.9558005332946777,555000
2011-04-14,2.799999952316284,2.8299999237060547,2.75,2.819999933242798,1.9558005332946777,452983
2011-04-15,2.809999942779541,2.809999942779541,2.75,2.7799999713897705,1.9280593395233154,245000
2011-04-18,2.799999952316284,2.799999952316284,2.75,2.7699999809265137,1.9211232662200928,73000
2011-04-19,2.7799999713897705,2.799999952316284,2.740000009536743,2.7899999618530273,1.9349939823150635,569999
2011-04-20,2.799999952316284,2.8299999237060547,2.759999990463257,2.819999933242798,1.9558005332946777,161000
2011-04-21,2.799999952316284,2.8299999237060547,2.799999952316284,2.8299999237060547,1.9627362489700317,356000
2011-04-26,2.759999990463257,2.819999933242798,2.75,2.799999952316284,1.941929578781128,272000
2011-04-27,2.759999990463257,2.7899999618530273,2.7100000381469727,2.759999990463257,1.914188027381897,232000
2011-04-28,2.799999952316284,2.799999952316284,2.75,2.7899999618530273,1.9349939823150635,202000
2011-04-29,2.799999952316284,2.8299999237060547,2.700000047683716,2.819999933242798,1.9558005332946777,1619000
2011-05-03,2.819999933242798,2.8299999237060547,2.7899999618530273,2.809999942779541,1.9488648176193237,226946
2011-05-04,2.7899999618530273,2.8299999237060547,2.700000047683716,2.8299999237060547,1.9627362489700317,2215000
2011-05-05,2.819999933242798,2.8299999237060547,2.799999952316284,2.809999942779541,1.9488648176193237,947000
2011-05-06,2.799999952316284,2.819999933242798,2.75,2.799999952316284,1.941929578781128,2058117
2011-05-09,2.7799999713897705,2.819999933242798,2.700000047683716,2.799999952316284,1.941929578781128,505000
2011-05-11,2.799999952316284,2.799999952316284,2.490000009536743,2.740000009536743,1.900316596031189,281202
2011-05-12,2.7300000190734863,2.7699999809265137,2.690000057220459,2.759999990463257,1.914188027381897,81511
2011-05-13,2.690000057220459,2.8299999237060547,2.690000057220459,2.7899999618530273,1.9349939823150635,7978619
2011-05-16,2.7899999618530273,2.7899999618530273,2.7899999618530273,2.7899999618530273,1.9349939823150635,0
2011-05-17,2.75,2.799999952316284,2.700000047683716,2.700000047683716,1.872574806213379,581614
2011-05-18,2.7300000190734863,2.7300000190734863,2.680000066757202,2.680000066757202,1.8587048053741455,586000
2011-05-19,2.549999952316284,2.7699999809265137,2.549999952316284,2.700000047683716,1.872574806213379,567845
2011-05-20,2.7200000286102295,2.799999952316284,2.619999885559082,2.759999990463257,1.914188027381897,22010
2011-05-23,2.6700000762939453,2.759999990463257,2.5199999809265137,2.5199999809265137,1.7477368116378784,507068
2011-05-24,2.680000066757202,2.759999990463257,2.680000066757202,2.75,1.907252550125122,3207000
2011-05-25,2.700000047683716,2.75,2.630000114440918,2.700000047683716,1.872574806213379,3047000
2011-05-26,2.680000066757202,2.7100000381469727,2.559999942779541,2.700000047683716,1.872574806213379,1793000
2011-05-27,2.5999999046325684,2.7300000190734863,2.5999999046325684,2.7100000381469727,1.8795109987258911,101556
2011-05-30,2.75,2.799999952316284,2.75,2.7899999618530273,1.9349939823150635,107000
2011-05-31,2.799999952316284,2.799999952316284,2.759999990463257,2.7899999618530273,1.9349939823150635,4450847
2011-06-01,2.7899999618530273,2.7899999618530273,2.7699999809265137,2.7699999809265137,1.9211232662200928,28101
2011-06-02,2.759999990463257,2.799999952316284,2.759999990463257,2.7799999713897705,1.9280593395233154,131000
2011-06-03,2.509999990463257,2.799999952316284,2.509999990463257,2.690000057220459,1.8656392097473145,191000
2011-06-07,2.700000047683716,2.799999952316284,2.700000047683716,2.7799999713897705,1.9280593395233154,2952000
2011-06-08,2.7799999713897705,2.799999952316284,2.549999952316284,2.7799999713897705,1.9280593395233154,619000
2011-06-09,2.6500000953674316,2.75,2.6500000953674316,2.6500000953674316,1.837897777557373,1546000
2011-06-10,2.6500000953674316,2.6500000953674316,2.569999933242798,2.569999933242798,1.7824143171310425,68000
2011-06-13,2.569999933242798,2.6500000953674316,2.440000057220459,2.609999895095825,1.8101555109024048,1401000
2011-06-14,2.6500000953674316,2.740000009536743,2.549999952316284,2.5999999046325684,1.8032200336456299,617000
2011-06-15,2.5999999046325684,2.5999999046325684,2.1500000953674316,2.299999952316284,1.5951566696166992,2256000
2011-06-16,2.309999942779541,2.559999942779541,2.309999942779541,2.4800000190734863,1.7199949026107788,2660000
2011-06-17,2.5,2.630000114440918,2.450000047683716,2.549999952316284,1.7685431241989136,2440479
2011-06-20,2.5,2.559999942779541,2.450000047683716,2.5,1.7338658571243286,709000
2011-06-21,2.4700000286102295,2.549999952316284,2.450000047683716,2.450000047683716,1.6991888284683228,1222000
2011-06-22,2.549999952316284,2.5999999046325684,2.5,2.549999952316284,1.7685431241989136,1579000
2011-06-23,2.5,2.549999952316284,2.450000047683716,2.5,1.7338658571243286,373000
2011-06-24,2.5,2.549999952316284,2.4800000190734863,2.4800000190734863,1.7199949026107788,914000
2011-06-27,2.4100000858306885,2.4800000190734863,2.4100000858306885,2.430000066757202,1.6853175163269043,8000
2011-06-28,2.5999999046325684,2.5999999046325684,2.4000000953674316,2.569999933242798,1.7824143171310425,32000
2011-06-29,2.4000000953674316,2.5,2.380000114440918,2.450000047683716,1.6991888284683228,529000
2011-06-30,2.450000047683716,2.450000047683716,2.450000047683716,2.450000047683716,1.6991888284683228,3000
2011-07-04,2.4100000858306885,2.5,2.4100000858306885,2.440000057220459,1.6922529935836792,52000
2011-07-05,2.490000009536743,2.5799999237060547,2.450000047683716,2.5199999809265137,1.7477368116378784,188000
2011-07-06,2.369999885559082,2.619999885559082,2.369999885559082,2.509999990463257,1.7408009767532349,846173
2011-07-07,2.549999952316284,2.7300000190734863,2.5199999809265137,2.690000057220459,1.8656392097473145,1385000
2011-07-08,2.609999895095825,2.7799999713897705,2.609999895095825,2.7300000190734863,1.8933815956115723,1060000
2011-07-11,2.759999990463257,2.759999990463257,2.759999990463257,2.7300000190734863,1.8933815956115723,50068
2011-07-12,2.7200000286102295,2.740000009536743,2.7200000286102295,2.740000009536743,1.900316596031189,194000
2011-07-13,2.740000009536743,2.740000009536743,2.680000066757202,2.690000057220459,1.8656392097473145,175140
2011-07-14,2.740000009536743,2.740000009536743,2.7200000286102295,2.700000047683716,1.872574806213379,783000
2011-07-15,2.7100000381469727,2.7100000381469727,2.549999952316284,2.549999952316284,1.7685431241989136,218000
2011-07-18,2.509999990463257,2.5299999713897705,2.450000047683716,2.4600000381469727,1.7061240673065186,385000
2011-07-19,2.4600000381469727,2.5,2.4000000953674316,2.4600000381469727,1.7061240673065186,202000
2011-07-20,2.5,2.5999999046325684,2.450000047683716,2.509999990463257,1.7408009767532349,298000
2011-07-21,2.4800000190734863,2.5,2.4800000190734863,2.4800000190734863,1.7199949026107788,121000
2011-07-22,2.4800000190734863,2.4800000190734863,2.4200000762939453,2.4800000190734863,1.7199949026107788,103000
2011-07-25,2.4800000190734863,2.4800000190734863,2.4800000190734863,2.4800000190734863,1.7199949026107788,261000
2011-07-26,2.4800000190734863,2.4800000190734863,2.4100000858306885,2.4700000286102295,1.7130595445632935,58000
2011-07-27,2.4800000190734863,2.5199999809265137,2.4800000190734863,2.4800000190734863,1.7199949026107788,29052
2011-07-28,2.4800000190734863,2.5,2.4100000858306885,2.4100000858306885,1.6714468002319336,95000
2011-07-29,2.4800000190734863,2.5,2.4800000190734863,2.4800000190734863,1.7199949026107788,413000
2011-08-01,2.299999952316284,2.4800000190734863,2.299999952316284,2.4100000858306885,1.6714468002319336,250000
2011-08-02,2.380000114440918,2.4800000190734863,2.2799999713897705,2.380000114440918,1.6506400108337402,5916000
2011-08-03,2.4800000190734863,2.4800000190734863,2.299999952316284,2.390000104904175,1.6575758457183838,94000
2011-08-04,2.390000104904175,2.390000104904175,2.380000114440918,2.380000114440918,1.6506400108337402,5000
2011-08-05,2.3499999046325684,2.3499999046325684,2.259999990463257,2.299999952316284,1.5951566696166992,69000
2011-08-08,2.25,2.259999990463257,2.1600000858306885,2.1600000858306885,1.4980601072311401,236000
2011-08-09,2.0299999713897705,2.1600000858306885,2.0299999713897705,2.119999885559082,1.4703184366226196,456000
2011-08-10,2.25,2.25,1.9700000286102295,1.9900000095367432,1.3801575899124146,614000
2011-08-11,2.0,2.0799999237060547,2.0,2.0399999618530273,1.4148344993591309,247799
2011-08-12,2.0799999237060547,2.200000047683716,2.0,2.0,1.3870927095413208,217000
2011-08-15,2.180000066757202,2.190000057220459,2.049999952316284,2.0999999046325684,1.4564472436904907,121000
2011-08-16,2.2200000286102295,2.2200000286102295,2.140000104904175,2.200000047683716,1.5258020162582397,138000
2011-08-17,2.0999999046325684,2.299999952316284,2.0999999046325684,2.2899999618530273,1.5882209539413452,955000
2011-08-18,2.25,2.2799999713897705,2.25,2.2699999809265137,1.5743502378463745,228000
2011-08-19,2.200000047683716,2.200000047683716,2.049999952316284,2.0999999046325684,1.4564472436904907,1406000
2011-08-22,2.25,2.25,1.9800000190734863,2.0,1.3870927095413208,2630000
2011-08-23,1.9600000381469727,2.0,1.9600000381469727,1.9600000381469727,1.3593506813049316,174000
2011-08-24,1.9600000381469727,1.9600000381469727,1.899999976158142,1.909999966621399,1.3246734142303467,40605
2011-08-25,1.9299999475479126,1.9700000286102295,1.899999976158142,1.9500000476837158,1.3524153232574463,70000
2011-08-26,1.940000057220459,2.0,1.940000057220459,1.9800000190734863,1.3732218742370605,664000
2011-08-29,2.0,2.059999942779541,2.0,2.049999952316284,1.4217702150344849,371000
2011-08-30,1.9500000476837158,2.0899999141693115,1.9500000476837158,2.0,1.3870927095413208,349000
2011-08-31,2.059999942779541,2.059999942779541,1.9900000095367432,2.0,1.3870927095413208,581000
2011-09-01,2.049999952316284,2.049999952316284,1.9800000190734863,2.049999952316284,1.4217702150344849,113000
2011-09-02,2.0,2.049999952316284,2.0,2.0299999713897705,1.407899260520935,180000
2011-09-05,2.0299999713897705,2.0299999713897705,2.0299999713897705,2.0299999713897705,1.407899260520935,0
2011-09-06,1.7999999523162842,2.0,1.7999999523162842,1.9900000095367432,1.3801575899124146,12000
2011-09-07,2.0,2.0,2.0,2.0,1.3870927095413208,4000
2011-09-08,2.0,2.0,2.0,2.0,1.3870927095413208,0
2011-09-09,1.899999976158142,2.0,1.899999976158142,2.0,1.3870927095413208,61000
2011-09-12,2.0,2.0,2.0,2.0,1.3870927095413208,0
2011-09-14,2.0,2.0,2.0,2.0,1.3870927095413208,0
2011-09-15,1.9900000095367432,1.9900000095367432,1.9900000095367432,1.9800000190734863,1.3732218742370605,28000
2011-09-16,1.9600000381469727,1.9800000190734863,1.9600000381469727,1.9800000190734863,1.3732218742370605,28000
2011-09-19,1.850000023841858,1.9900000095367432,1.850000023841858,1.9900000095367432,1.3801575899124146,63000
2011-09-20,1.940000057220459,1.9500000476837158,1.8600000143051147,1.9199999570846558,1.3316090106964111,51000
2011-09-21,1.7000000476837158,1.899999976158142,1.7000000476837158,1.8799999952316284,1.303867220878601,28000
2011-09-22,1.649999976158142,1.7899999618530273,1.649999976158142,1.6699999570846558,1.1582224369049072,22000
2011-09-23,1.6799999475479126,1.6799999475479126,1.6799999475479126,1.6799999475479126,1.165157675743103,1000
2011-09-26,1.6799999475479126,1.6799999475479126,1.6799999475479126,1.6799999475479126,1.165157675743103,0
2011-09-27,1.659999966621399,1.7000000476837158,1.5,1.5199999809265137,1.0541906356811523,2135000
2011-09-28,1.600000023841858,1.600000023841858,1.5,1.600000023841858,1.1096742153167725,27000
2011-09-30,1.600000023841858,1.600000023841858,1.600000023841858,1.600000023841858,1.1096742153167725,0
2011-10-03,1.600000023841858,1.600000023841858,1.600000023841858,1.600000023841858,1.1096742153167725,0
2011-10-04,1.600000023841858,1.600000023841858,1.5499999523162842,1.600000023841858,1.1096742153167725,19000
2011-10-06,1.5,1.5499999523162842,1.399999976158142,1.5399999618530273,1.0680614709854126,1015099
2011-10-07,1.5399999618530273,1.5399999618530273,1.5399999618530273,1.5399999618530273,1.0680614709854126,0
2011-10-10,1.5,1.5,1.5,1.5,1.040319561958313,70000
2011-10-11,1.5399999618530273,1.5399999618530273,1.5,1.5,1.040319561958313,247912
2011-10-12,1.5,1.5,1.5,1.5,1.040319561958313,922000
2011-10-13,1.5,1.5499999523162842,1.4700000286102295,1.4700000286102295,1.0195130109786987,535000
2011-10-14,1.4900000095367432,1.4900000095367432,1.4900000095367432,1.4900000095367432,1.0333843231201172,783000
2011-10-17,1.5499999523162842,1.5499999523162842,1.4700000286102295,1.5,1.040319561958313,358000
2011-10-18,1.309999942779541,1.5199999809265137,1.309999942779541,1.5,1.040319561958313,6259000
2011-10-19,1.5,1.5099999904632568,1.5,1.5,1.040319561958313,219000
2011-10-20,1.5,1.5,1.5,1.5,1.040319561958313,70000
2011-10-21,1.5,1.649999976158142,1.3600000143051147,1.5,1.040319561958313,208000
2011-10-24,1.75,1.7699999809265137,1.600000023841858,1.600000023841858,1.1096742153167725,195000
2011-10-25,1.6100000143051147,1.6200000047683716,1.6100000143051147,1.6200000047683716,1.1235450506210327,30000
2011-10-26,1.6200000047683716,1.6200000047683716,1.6100000143051147,1.6200000047683716,1.1235450506210327,34000
2011-10-27,1.75,1.75,1.6299999952316284,1.6299999952316284,1.130480408668518,61000
2011-10-28,1.659999966621399,1.6699999570846558,1.659999966621399,1.659999966621399,1.1512869596481323,67000
2011-10-31,1.659999966621399,1.659999966621399,1.649999976158142,1.659999966621399,1.1512869596481323,62000
2011-11-01,1.6699999570846558,1.7999999523162842,1.6299999952316284,1.7200000286102295,1.1928997039794922,68000
2011-11-02,1.7200000286102295,1.7200000286102295,1.7000000476837158,1.7000000476837158,1.1790287494659424,14000
2011-11-03,1.7000000476837158,1.7000000476837158,1.7000000476837158,1.7000000476837158,1.1790287494659424,0
2011-11-04,1.659999966621399,1.7899999618530273,1.659999966621399,1.7899999618530273,1.241447925567627,20666
2011-11-07,1.7999999523162842,1.7999999523162842,1.7799999713897705,1.7899999618530273,1.241447925567627,15000
2011-11-08,1.7999999523162842,1.8899999856948853,1.7999999523162842,1.8899999856948853,1.3108025789260864,285000
2011-11-09,1.8899999856948853,1.899999976158142,1.8799999952316284,1.8899999856948853,1.3108025789260864,1217000
2011-11-10,2.0,2.0,2.0,1.9900000095367432,1.3801575899124146,71000
2011-11-11,1.9900000095367432,1.9900000095367432,1.809999942779541,1.809999942779541,1.2553187608718872,112000
2011-11-14,1.9900000095367432,2.0,1.9900000095367432,1.9900000095367432,1.3801575899124146,350000
2011-11-15,1.9900000095367432,1.9900000095367432,1.9900000095367432,1.9900000095367432,1.3801575899124146,0
2011-11-16,1.9900000095367432,1.9900000095367432,1.9900000095367432,1.9900000095367432,1.3801575899124146,0
2011-11-17,1.9900000095367432,1.9900000095367432,1.9900000095367432,1.9900000095367432,1.3801575899124146,0
2011-11-18,1.9299999475479126,1.9299999475479126,1.9299999475479126,1.9299999475479126,1.3385443687438965,37000
2011-11-21,1.9500000476837158,1.9500000476837158,1.9500000476837158,1.9500000476837158,1.3524153232574463,15000
2011-11-22,1.9500000476837158,2.0,1.9500000476837158,2.0,1.3870927095413208,16000
2011-11-23,1.850000023841858,1.9900000095367432,1.8300000429153442,1.909999966621399,1.3246734142303467,19000
2011-11-24,1.9800000190734863,1.9800000190734863,1.9800000190734863,1.9500000476837158,1.3524153232574463,40000
2011-11-25,1.8300000429153442,1.9500000476837158,1.8300000429153442,1.9500000476837158,1.3524153232574463,23000
2011-11-28,1.9500000476837158,1.9600000381469727,1.9500000476837158,1.9500000476837158,1.3524153232574463,147000
2011-11-29,1.9299999475479126,2.0299999713897705,1.8700000047683716,2.0299999713897705,1.407899260520935,88000
2011-11-30,2.0,2.0,1.8700000047683716,1.8700000047683716,1.296931505203247,2735000
2011-12-01,1.8700000047683716,1.899999976158142,1.850000023841858,1.899999976158142,1.3177378177642822,551000
2011-12-02,1.899999976158142,1.899999976158142,1.899999976158142,1.899999976158142,1.3177378177642822,0
2011-12-05,1.899999976158142,1.899999976158142,1.840000033378601,1.899999976158142,1.3177378177642822,212000
2011-12-06,1.899999976158142,1.899999976158142,1.899999976158142,1.899999976158142,1.3177378177642822,0
2011-12-07,1.9700000286102295,1.9800000190734863,1.9700000286102295,1.9800000190734863,1.3732218742370605,15000
2011-12-08,1.9800000190734863,1.9800000190734863,1.9800000190734863,1.9800000190734863,1.3732218742370605,0
2011-12-09,1.899999976158142,1.909999966621399,1.7799999713897705,1.7899999618530273,1.241447925567627,487000
2011-12-12,1.8300000429153442,1.9600000381469727,1.7999999523162842,1.7999999523162842,1.2483834028244019,149319
2011-12-13,1.75,1.7699999809265137,1.75,1.7699999809265137,1.2275770902633667,52000
2011-12-14,1.7699999809265137,1.7699999809265137,1.7699999809265137,1.7699999809265137,1.2275770902633667,0
2011-12-15,1.7699999809265137,1.7699999809265137,1.7699999809265137,1.7699999809265137,1.2275770902633667,0
2011-12-16,1.7999999523162842,1.7999999523162842,1.7999999523162842,1.7999999523162842,1.2483834028244019,16000
2011-12-19,1.7999999523162842,1.899999976158142,1.7999999523162842,1.8799999952316284,1.303867220878601,84000
2011-12-20,1.7999999523162842,1.8300000429153442,1.7999999523162842,1.7999999523162842,1.2483834028244019,185000
2011-12-21,1.75,1.7699999809265137,1.75,1.7599999904632568,1.2206416130065918,163000
2011-12-22,1.75,1.75,1.75,1.75,1.2137060165405273,82000
2011-12-23,1.7400000095367432,1.7400000095367432,1.6399999856948853,1.7400000095367432,1.2067705392837524,181000
2011-12-28,1.7400000095367432,1.7400000095367432,1.7400000095367432,1.7400000095367432,1.2067705392837524,0
2011-12-29,1.7000000476837158,1.7000000476837158,1.7000000476837158,1.7000000476837158,1.1790287494659424,22000
2011-12-30,1.7000000476837158,1.7000000476837158,1.7000000476837158,1.7000000476837158,1.1790287494659424,0
2012-01-03,1.6299999952316284,1.899999976158142,1.6299999952316284,1.7999999523162842,1.2483834028244019,33000
2012-01-04,1.75,1.75,1.75,1.7400000095367432,1.2067705392837524,59000
2012-01-05,1.7400000095367432,1.7400000095367432,1.7400000095367432,1.7400000095367432,1.2067705392837524,0
2012-01-06,1.850000023841858,1.8700000047683716,1.850000023841858,1.840000033378601,1.2761250734329224,2642000
2012-01-09,1.7999999523162842,1.7999999523162842,1.6699999570846558,1.6699999570846558,1.1582224369049072,188000
2012-01-10,1.649999976158142,1.649999976158142,1.5,1.5499999523162842,1.0749965906143188,2150000
2012-01-11,1.559999942779541,1.600000023841858,1.3300000429153442,1.399999976158142,0.970964789390564,5814000
2012-01-12,1.409999966621399,1.4299999475479126,1.3200000524520874,1.3899999856948853,0.9640296697616577,1518004
2012-01-13,1.399999976158142,1.409999966621399,1.399999976158142,1.399999976158142,0.970964789390564,277000
2012-01-16,1.3899999856948853,1.399999976158142,1.3899999856948853,1.399999976158142,0.970964789390564,40000
2012-01-17,1.399999976158142,1.409999966621399,1.3899999856948853,1.399999976158142,0.970964789390564,526000
2012-01-18,1.399999976158142,1.399999976158142,1.3700000047683716,1.399999976158142,0.970964789390564,288000
2012-01-19,1.3899999856948853,1.399999976158142,1.3700000047683716,1.399999976158142,0.970964789390564,3738000
2012-01-20,1.4500000476837158,1.4500000476837158,1.399999976158142,1.399999976158142,0.970964789390564,79000
2012-01-26,1.399999976158142,1.399999976158142,1.399999976158142,1.399999976158142,0.970964789390564,0
2012-01-27,1.350000023841858,1.3899999856948853,1.350000023841858,1.350000023841858,0.9362874031066895,80000
2012-01-30,1.3899999856948853,1.3899999856948853,1.3799999952316284,1.3799999952316284,0.9570940136909485,30000
2012-01-31,1.309999942779541,1.350000023841858,1.2999999523162842,1.340000033378601,0.9293524026870728,59000
2012-02-01,1.3600000143051147,1.3600000143051147,1.2999999523162842,1.2999999523162842,0.9016100168228149,471992
2012-02-02,1.3899999856948853,1.3899999856948853,1.2799999713897705,1.2999999523162842,0.9016100168228149,975932
2012-02-03,1.350000023841858,1.350000023841858,1.149999976158142,1.2799999713897705,0.8877393007278442,1864000
2012-02-06,1.2699999809265137,1.340000033378601,1.149999976158142,1.3300000429153442,0.9224167466163635,4893000
2012-02-07,1.2699999809265137,1.409999966621399,1.2300000190734863,1.3799999952316284,0.9570940136909485,1341000
2012-02-08,1.350000023841858,1.4500000476837158,1.350000023841858,1.3899999856948853,0.9640296697616577,766000
2012-02-09,1.409999966621399,1.4700000286102295,1.3600000143051147,1.3899999856948853,0.9640296697616577,1985000
2012-02-10,1.3899999856948853,1.4299999475479126,1.309999942779541,1.3799999952316284,0.9570940136909485,796000
2012-02-13,1.3899999856948853,1.4199999570846558,1.3899999856948853,1.4199999570846558,0.9848357439041138,190000
2012-02-14,1.3799999952316284,1.4800000190734863,1.3799999952316284,1.4800000190734863,1.0264488458633423,1154000
2012-02-15,1.4500000476837158,1.5299999713897705,1.4500000476837158,1.4800000190734863,1.0264488458633423,418178
2012-02-16,1.4800000190734863,1.4800000190734863,1.4500000476837158,1.4500000476837158,1.005642294883728,581000
2012-02-17,1.4500000476837158,1.4900000095367432,1.4500000476837158,1.4500000476837158,1.005642294883728,627000
2012-02-20,1.4800000190734863,1.4800000190734863,1.4500000476837158,1.4500000476837158,1.005642294883728,1028000
2012-02-21,1.4600000381469727,1.4800000190734863,1.3799999952316284,1.3799999952316284,0.9570940136909485,400000
2012-02-22,1.3799999952316284,1.3899999856948853,1.3300000429153442,1.3799999952316284,0.9570940136909485,2022000
2012-02-23,1.350000023841858,1.3899999856948853,1.350000023841858,1.3700000047683716,0.9501582980155945,517004
2012-02-24,1.3600000143051147,1.4199999570846558,1.3600000143051147,1.409999966621399,0.9779002666473389,410000
2012-02-27,1.4199999570846558,1.440000057220459,1.409999966621399,1.409999966621399,0.9779002666473389,144000
2012-02-28,1.409999966621399,1.409999966621399,1.409999966621399,1.409999966621399,0.9779002666473389,0
2012-02-29,1.3899999856948853,1.409999966621399,1.3899999856948853,1.399999976158142,0.970964789390564,411000
2012-03-01,1.4199999570846558,1.4199999570846558,1.3600000143051147,1.3600000143051147,0.9432230591773987,329000
2012-03-02,1.3600000143051147,1.4199999570846558,1.3600000143051147,1.3899999856948853,0.9640296697616577,50000
2012-03-05,1.3899999856948853,1.409999966621399,1.3899999856948853,1.3899999856948853,0.9640296697616577,213000
2012-03-06,1.3700000047683716,1.3799999952316284,1.350000023841858,1.350000023841858,0.9362874031066895,95000
2012-03-07,1.3300000429153442,1.350000023841858,1.3300000429153442,1.350000023841858,0.9362874031066895,529000
2012-03-08,1.340000033378601,1.340000033378601,1.340000033378601,1.350000023841858,0.9362874031066895,7598000
2012-03-09,1.3600000143051147,1.4299999475479126,1.3600000143051147,1.4299999475479126,0.9917713403701782,86000
2012-03-12,1.4800000190734863,1.5,1.440000057220459,1.4700000286102295,1.0195130109786987,530000
2012-03-13,1.4700000286102295,1.4800000190734863,1.4299999475479126,1.4700000286102295,1.0195130109786987,264000
2012-03-14,1.4700000286102295,1.4700000286102295,1.4500000476837158,1.4500000476837158,1.005642294883728,58000
2012-03-15,1.4700000286102295,1.5,1.4700000286102295,1.5,1.040319561958313,142000
2012-03-16,1.5199999809265137,1.590000033378601,1.5,1.5,1.040319561958313,1640000
2012-03-20,1.4700000286102295,1.4800000190734863,1.3899999856948853,1.399999976158142,0.970964789390564,255000
2012-03-21,1.350000023841858,1.350000023841858,1.25,1.3300000429153442,0.9224167466163635,878074
2012-03-22,1.2599999904632568,1.2799999713897705,1.2400000095367432,1.2799999713897705,0.8877393007278442,416000
2012-03-23,1.25,1.3300000429153442,1.25,1.3300000429153442,0.9224167466163635,698000
2012-03-26,1.3300000429153442,1.340000033378601,1.3300000429153442,1.3300000429153442,0.9224167466163635,259000
2012-03-27,1.3300000429153442,1.3600000143051147,1.3300000429153442,1.350000023841858,0.9362874031066895,195310
2012-03-28,1.350000023841858,1.399999976158142,1.340000033378601,1.350000023841858,0.9362874031066895,655000
2012-03-29,1.350000023841858,1.3700000047683716,1.2799999713897705,1.2799999713897705,0.8877393007278442,320000
2012-03-30,1.2999999523162842,1.3200000524520874,1.2999999523162842,1.3200000524520874,0.9154813289642334,699000
2012-04-02,1.3300000429153442,1.3799999952316284,1.2999999523162842,1.3300000429153442,0.9224167466163635,968000
2012-04-03,1.3300000429153442,1.3799999952316284,1.3300000429153442,1.350000023841858,0.9362874031066895,72000
2012-04-05,1.350000023841858,1.4500000476837158,1.350000023841858,1.440000057220459,0.9987068176269531,1206000
2012-04-10,1.5,1.5,1.399999976158142,1.4500000476837158,1.005642294883728,1045000
2012-04-11,1.440000057220459,1.4500000476837158,1.399999976158142,1.4299999475479126,0.9917713403701782,1168000
2012-04-12,1.440000057220459,1.4500000476837158,1.399999976158142,1.440000057220459,0.9987068176269531,487000
2012-04-13,1.440000057220459,1.440000057220459,1.409999966621399,1.440000057220459,0.9987068176269531,113000
2012-04-16,1.399999976158142,1.4199999570846558,1.340000033378601,1.350000023841858,0.9362874031066895,1841000
2012-04-17,1.350000023841858,1.3700000047683716,1.3200000524520874,1.340000033378601,0.9293524026870728,826000
2012-04-18,1.3600000143051147,1.3600000143051147,1.2999999523162842,1.2999999523162842,0.9016100168228149,151000
2012-04-19,1.2999999523162842,1.340000033378601,1.2999999523162842,1.309999942779541,0.908545732498169,35000
2012-04-20,1.2599999904632568,1.350000023841858,1.25,1.350000023841858,0.9362874031066895,704000
2012-04-23,1.3899999856948853,1.3899999856948853,1.309999942779541,1.3300000429153442,0.9224167466163635,344000
2012-04-24,1.350000023841858,1.350000023841858,1.2899999618530273,1.2999999523162842,0.9016100168228149,1203000
2012-04-25,1.3300000429153442,1.3300000429153442,1.2899999618530273,1.2999999523162842,0.9016100168228149,182000
2012-04-26,1.3300000429153442,1.3300000429153442,1.2799999713897705,1.3200000524520874,0.9154813289642334,40000
2012-04-27,1.2699999809265137,1.2899999618530273,1.25,1.25,0.8669329285621643,758000
2012-04-30,1.2999999523162842,1.2999999523162842,1.2599999904632568,1.2699999809265137,0.8808039426803589,141000
2012-05-02,1.2999999523162842,1.309999942779541,1.2799999713897705,1.309999942779541,0.908545732498169,237000
2012-05-03,1.2999999523162842,1.2999999523162842,1.2799999713897705,1.2999999523162842,0.9016100168228149,250000
2012-05-04,1.2799999713897705,1.2899999618530273,1.2699999809265137,1.2699999809265137,0.8808039426803589,121000
2012-05-07,1.2599999904632568,1.2599999904632568,1.2599999904632568,1.2599999904632568,0.8738684058189392,128000
2012-05-08,1.2599999904632568,1.309999942779541,1.2599999904632568,1.2799999713897705,0.8877393007278442,212000
2012-05-09,1.2799999713897705,1.2799999713897705,1.2799999713897705,1.2799999713897705,0.8877393007278442,0
2012-05-10,1.2799999713897705,1.2799999713897705,1.2799999713897705,1.2799999713897705,0.8877393007278442,0
2012-05-11,1.2799999713897705,1.2799999713897705,1.25,1.2599999904632568,0.8738684058189392,299212
2012-05-14,1.2699999809265137,1.2699999809265137,1.2100000381469727,1.2699999809265137,0.8808039426803589,413000
2012-05-15,1.2699999809265137,1.2999999523162842,1.2699999809265137,1.2799999713897705,0.8877393007278442,172000
2012-05-16,1.2799999713897705,1.2799999713897705,1.2400000095367432,1.2599999904632568,0.8738684058189392,975000
2012-05-17,1.2799999713897705,1.2799999713897705,1.2599999904632568,1.2599999904632568,0.8738684058189392,1943000
2012-05-18,1.2599999904632568,1.2699999809265137,1.2300000190734863,1.2599999904632568,0.8738684058189392,1799000
2012-05-21,1.2599999904632568,1.2599999904632568,1.2200000286102295,1.2200000286102295,0.8461264967918396,53000
2012-05-22,1.2400000095367432,1.25,1.2300000190734863,1.25,0.8669329285621643,474000
2012-05-23,1.2300000190734863,1.2300000190734863,1.2100000381469727,1.2300000190734863,0.8530620336532593,1053000
2012-05-24,1.2300000190734863,1.2300000190734863,1.2300000190734863,1.2300000190734863,0.8530620336532593,0
2012-05-25,1.2000000476837158,1.2100000381469727,1.2000000476837158,1.2100000381469727,0.8391910195350647,39000
2012-05-28,1.2100000381469727,1.2100000381469727,1.2100000381469727,1.2100000381469727,0.8391910195350647,0
2012-05-29,1.2200000286102295,1.2200000286102295,1.1799999475479126,1.1799999475479126,0.8183846473693848,68000
2012-05-30,1.1699999570846558,1.2000000476837158,1.149999976158142,1.1799999475479126,0.8183846473693848,482000
2012-05-31,1.149999976158142,1.159999966621399,1.149999976158142,1.159999966621399,0.8045138120651245,456000
2012-06-01,1.159999966621399,1.159999966621399,1.1100000143051147,1.1100000143051147,0.7698365449905396,1074000
2012-06-04,1.059999942779541,1.090000033378601,1.0,1.090000033378601,0.7559655904769897,3421402
2012-06-05,1.100000023841858,1.100000023841858,1.0,1.090000033378601,0.7559655904769897,4196000
2012-06-06,1.090000033378601,1.100000023841858,1.090000033378601,1.090000033378601,0.7559655904769897,750000
2012-06-07,1.1299999952316284,1.1299999952316284,1.090000033378601,1.090000033378601,0.7559655904769897,134000
2012-06-08,1.090000033378601,1.090000033378601,1.090000033378601,1.090000033378601,0.7559655904769897,0
2012-06-11,1.090000033378601,1.090000033378601,1.090000033378601,1.090000033378601,0.7559655904769897,0
2012-06-12,1.1200000047683716,1.1399999856948853,1.1200000047683716,1.1399999856948853,0.7906427383422852,25000
2012-06-13,1.100000023841858,1.100000023841858,1.100000023841858,1.100000023841858,0.7629010081291199,50000
2012-06-14,1.1100000143051147,1.1100000143051147,1.1100000143051147,1.1100000143051147,0.7698365449905396,4000
2012-06-15,1.1100000143051147,1.1100000143051147,1.100000023841858,1.100000023841858,0.7629010081291199,760000
2012-06-18,1.090000033378601,1.100000023841858,1.0800000429153442,1.100000023841858,0.7629010081291199,3651000
2012-06-19,1.100000023841858,1.100000023841858,1.100000023841858,1.100000023841858,0.7629010081291199,0
2012-06-20,1.1100000143051147,1.1100000143051147,1.1100000143051147,1.1100000143051147,0.7698365449905396,136000
2012-06-21,1.1100000143051147,1.1200000047683716,1.1100000143051147,1.1200000047683716,0.7767719626426697,54000
2012-06-22,1.1399999856948853,1.2300000190734863,1.1399999856948853,1.2300000190734863,0.8530620336532593,85000
2012-06-25,1.2300000190734863,1.2300000190734863,1.2200000286102295,1.2300000190734863,0.8530620336532593,638000
2012-06-26,1.2300000190734863,1.2300000190734863,1.2300000190734863,1.2300000190734863,0.8530620336532593,301000
2012-06-27,1.2300000190734863,1.2300000190734863,1.2300000190734863,1.2300000190734863,0.8530620336532593,584000
2012-06-28,1.2000000476837158,1.2200000286102295,1.2000000476837158,1.2200000286102295,0.8461264967918396,19000
2012-06-29,1.2000000476837158,1.2200000286102295,1.2000000476837158,1.2100000381469727,0.8391910195350647,41000
2012-07-03,1.2100000381469727,1.2100000381469727,1.190000057220459,1.190000057220459,0.8253200054168701,585000
2012-07-04,1.190000057220459,1.3200000524520874,1.1200000047683716,1.3200000524520874,0.9154813289642334,559000
2012-07-05,1.2100000381469727,1.2100000381469727,1.2100000381469727,1.2200000286102295,0.8461264967918396,600000
2012-07-06,1.2200000286102295,1.2200000286102295,1.2200000286102295,1.2200000286102295,0.8461264967918396,0
2012-07-09,1.2200000286102295,1.2200000286102295,1.2200000286102295,1.2200000286102295,0.8461264967918396,0
2012-07-10,1.2699999809265137,1.2999999523162842,1.2699999809265137,1.2899999618530273,0.8946747779846191,141000
2012-07-11,1.2899999618530273,1.3200000524520874,1.2899999618530273,1.3200000524520874,0.9154813289642334,454000
2012-07-12,1.2999999523162842,1.2999999523162842,1.2899999618530273,1.2999999523162842,0.9016100168228149,105000
2012-07-13,1.3200000524520874,1.3300000429153442,1.2999999523162842,1.3200000524520874,0.9154813289642334,438000
2012-07-16,1.340000033378601,1.3600000143051147,1.340000033378601,1.3600000143051147,0.9432230591773987,255000
2012-07-17,1.399999976158142,1.590000033378601,1.399999976158142,1.559999942779541,1.0819321870803833,1044000
2012-07-18,1.590000033378601,1.600000023841858,1.5099999904632568,1.5499999523162842,1.0749965906143188,121000
2012-07-19,1.5700000524520874,1.6100000143051147,1.559999942779541,1.5800000429153442,1.0958032608032227,593000
2012-07-20,1.5800000429153442,1.600000023841858,1.5700000524520874,1.600000023841858,1.1096742153167725,108000
2012-07-23,1.5700000524520874,1.590000033378601,1.5499999523162842,1.5700000524520874,1.0888679027557373,542000
2012-07-24,1.5700000524520874,1.5700000524520874,1.559999942779541,1.559999942779541,1.0819321870803833,180000
2012-07-25,1.5700000524520874,1.5800000429153442,1.5299999713897705,1.5499999523162842,1.0749965906143188,1392000
2012-07-26,1.5499999523162842,1.5499999523162842,1.5499999523162842,1.5499999523162842,1.0749965906143188,200000
2012-07-27,1.5499999523162842,1.5499999523162842,1.5499999523162842,1.5499999523162842,1.0749965906143188,0
2012-07-30,1.5499999523162842,1.5499999523162842,1.5399999618530273,1.5499999523162842,1.0749965906143188,82000
2012-07-31,1.600000023841858,1.690000057220459,1.5499999523162842,1.6100000143051147,1.1166094541549683,270000
2012-08-01,1.6100000143051147,1.6100000143051147,1.6100000143051147,1.6100000143051147,1.1166094541549683,0
2012-08-02,1.6100000143051147,1.6100000143051147,1.6100000143051147,1.6100000143051147,1.1166094541549683,0
2012-08-03,1.5800000429153442,1.5800000429153442,1.5399999618530273,1.5399999618530273,1.0680614709854126,598000
2012-08-06,1.559999942779541,1.559999942779541,1.5299999713897705,1.5399999618530273,1.0680614709854126,350000
2012-08-07,1.5299999713897705,1.5299999713897705,1.4800000190734863,1.5,1.040319561958313,520000
2012-08-08,1.4800000190734863,1.5,1.4800000190734863,1.5,1.040319561958313,300000
2012-08-09,1.5,1.5,1.4800000190734863,1.5,1.040319561958313,952000
2012-08-10,1.4800000190734863,1.4800000190734863,1.4700000286102295,1.4800000190734863,1.0264488458633423,250000
2012-08-13,1.4700000286102295,1.4700000286102295,1.440000057220459,1.4500000476837158,1.005642294883728,406000
2012-08-14,1.440000057220459,1.4500000476837158,1.440000057220459,1.4500000476837158,1.005642294883728,1081000
2012-08-15,1.440000057220459,1.4500000476837158,1.440000057220459,1.4500000476837158,1.005642294883728,220000
2012-08-16,1.440000057220459,1.440000057220459,1.4199999570846558,1.4199999570846558,0.9848357439041138,550000
2012-08-17,1.399999976158142,1.399999976158142,1.399999976158142,1.399999976158142,0.970964789390564,230000
2012-08-20,1.399999976158142,1.399999976158142,1.399999976158142,1.399999976158142,0.970964789390564,0
2012-08-21,1.4500000476837158,1.4500000476837158,1.409999966621399,1.409999966621399,0.9779002666473389,287000
2012-08-22,1.399999976158142,1.399999976158142,1.399999976158142,1.399999976158142,0.970964789390564,31000
2012-08-23,1.399999976158142,1.399999976158142,1.399999976158142,1.399999976158142,0.970964789390564,0
2012-08-24,1.399999976158142,1.399999976158142,1.399999976158142,1.399999976158142,0.970964789390564,0
2012-08-27,1.399999976158142,1.399999976158142,1.399999976158142,1.399999976158142,0.970964789390564,0
2012-08-28,1.2999999523162842,1.2999999523162842,1.2999999523162842,1.3200000524520874,0.9154813289642334,2187
2012-08-29,1.2999999523162842,1.2999999523162842,1.2400000095367432,1.25,0.8669329285621643,61000
2012-08-30,1.25,1.25,1.25,1.25,0.8669329285621643,40000
2012-08-31,1.350000023841858,1.3600000143051147,1.2599999904632568,1.2799999713897705,0.8877393007278442,155000
2012-09-03,1.2799999713897705,1.2899999618530273,1.1699999570846558,1.25,0.8669329285621643,271000
2012-09-04,1.2100000381469727,1.350000023841858,1.2100000381469727,1.350000023841858,0.9362874031066895,182000
2012-09-05,1.2999999523162842,1.3200000524520874,1.2599999904632568,1.2699999809265137,0.8808039426803589,175000
2012-09-06,1.2699999809265137,1.2699999809265137,1.2699999809265137,1.2699999809265137,0.8808039426803589,0
2012-09-07,1.2699999809265137,1.2699999809265137,1.25,1.25,0.8669329285621643,26000
2012-09-10,1.25,1.2799999713897705,1.25,1.2799999713897705,0.8877393007278442,19000
2012-09-11,1.2799999713897705,1.2799999713897705,1.2799999713897705,1.2799999713897705,0.8877393007278442,10000
2012-09-12,1.2799999713897705,1.2999999523162842,1.2799999713897705,1.2799999713897705,0.8877393007278442,129000
2012-09-13,1.2799999713897705,1.2999999523162842,1.2699999809265137,1.2999999523162842,0.9016100168228149,78000
2012-09-14,1.309999942779541,1.3200000524520874,1.309999942779541,1.2999999523162842,0.9016100168228149,12000
2012-09-17,1.2999999523162842,1.3200000524520874,1.2799999713897705,1.2999999523162842,0.9016100168228149,571000
2012-09-18,1.2999999523162842,1.3300000429153442,1.2799999713897705,1.309999942779541,0.908545732498169,1166110
2012-09-19,1.309999942779541,1.3200000524520874,1.25,1.2599999904632568,0.8738684058189392,1159000
2012-09-20,1.25,1.2799999713897705,1.25,1.2799999713897705,0.8877393007278442,60000
2012-09-21,1.3300000429153442,1.350000023841858,1.3300000429153442,1.3300000429153442,0.9224167466163635,133000
2012-09-24,1.3200000524520874,1.3300000429153442,1.2899999618530273,1.3300000429153442,0.9224167466163635,398200
2012-09-25,1.3300000429153442,1.3799999952316284,1.2999999523162842,1.3600000143051147,0.9432230591773987,1833000
2012-09-26,1.350000023841858,1.3600000143051147,1.350000023841858,1.350000023841858,0.9362874031066895,609000
2012-09-27,1.3300000429153442,1.399999976158142,1.3300000429153442,1.3700000047683716,0.9501582980155945,1463000
2012-09-28,1.3700000047683716,1.399999976158142,1.340000033378601,1.3799999952316284,0.9570940136909485,491000
2012-10-03,1.3799999952316284,1.3799999952316284,1.3799999952316284,1.3799999952316284,0.9570940136909485,0
2012-10-04,1.3700000047683716,1.3700000047683716,1.3700000047683716,1.3700000047683716,0.9501582980155945,38000
2012-10-05,1.350000023841858,1.350000023841858,1.2999999523162842,1.2999999523162842,0.9016100168228149,45000
2012-10-08,1.2999999523162842,1.2999999523162842,1.2799999713897705,1.2799999713897705,0.8877393007278442,94000
2012-10-09,1.2799999713897705,1.350000023841858,1.2799999713897705,1.2799999713897705,0.8877393007278442,62000
2012-10-10,1.2799999713897705,1.2799999713897705,1.2799999713897705,1.2799999713897705,0.8877393007278442,0
2012-10-11,1.2799999713897705,1.2799999713897705,1.2799999713897705,1.2799999713897705,0.8877393007278442,0
2012-10-12,1.309999942779541,1.3200000524520874,1.309999942779541,1.3200000524520874,0.9154813289642334,78000
2012-10-15,1.309999942779541,1.350000023841858,1.309999942779541,1.3200000524520874,0.9154813289642334,66000
2012-10-16,1.2999999523162842,1.3200000524520874,1.2999999523162842,1.3300000429153442,0.9224167466163635,26000
2012-10-17,1.340000033378601,1.3700000047683716,1.3300000429153442,1.340000033378601,0.9293524026870728,129000
2012-10-18,1.340000033378601,1.399999976158142,1.340000033378601,1.3799999952316284,0.9570940136909485,370000
2012-10-19,1.350000023841858,1.3899999856948853,1.2999999523162842,1.3600000143051147,0.9432230591773987,361000
2012-10-22,1.3799999952316284,1.3799999952316284,1.3799999952316284,1.3799999952316284,0.9570940136909485,104000
2012-10-24,1.3899999856948853,1.4600000381469727,1.3899999856948853,1.4299999475479126,0.9917713403701782,2444000
2012-10-25,1.4299999475479126,1.4299999475479126,1.3799999952316284,1.3799999952316284,0.9570940136909485,436000
2012-10-26,1.399999976158142,1.399999976158142,1.350000023841858,1.3799999952316284,0.9570940136909485,147000
2012-10-29,1.3600000143051147,1.3600000143051147,1.2999999523162842,1.340000033378601,0.9293524026870728,301000
2012-10-30,1.3799999952316284,1.3799999952316284,1.340000033378601,1.3600000143051147,0.9432230591773987,122000
2012-10-31,1.399999976158142,1.399999976158142,1.3799999952316284,1.3799999952316284,0.9570940136909485,104000
2012-11-01,1.4199999570846558,1.4800000190734863,1.399999976158142,1.4500000476837158,1.005642294883728,1506785
2012-11-02,1.5,1.5800000429153442,1.5,1.5700000524520874,1.0888679027557373,2395108
2012-11-05,1.559999942779541,1.649999976158142,1.559999942779541,1.6200000047683716,1.1235450506210327,953000
2012-11-06,1.6100000143051147,1.6200000047683716,1.5700000524520874,1.5800000429153442,1.0958032608032227,825000
2012-11-07,1.5800000429153442,1.6399999856948853,1.559999942779541,1.5700000524520874,1.0888679027557373,909000
2012-11-08,1.5700000524520874,1.600000023841858,1.5199999809265137,1.559999942779541,1.0819321870803833,1246000
2012-11-09,1.559999942779541,1.600000023841858,1.559999942779541,1.5800000429153442,1.0958032608032227,570000
2012-11-12,1.559999942779541,1.6299999952316284,1.559999942779541,1.6100000143051147,1.1166094541549683,1588020
2012-11-13,1.600000023841858,1.600000023841858,1.4500000476837158,1.5199999809265137,1.0541906356811523,982020
2012-11-14,1.5199999809265137,1.5199999809265137,1.4700000286102295,1.5,1.040319561958313,375000
2012-11-15,1.5,1.5499999523162842,1.4900000095367432,1.5399999618530273,1.0680614709854126,231000
2012-11-16,1.5199999809265137,1.5199999809265137,1.5099999904632568,1.5099999904632568,1.0472549200057983,63000
2012-11-19,1.5299999713897705,1.5499999523162842,1.5099999904632568,1.5499999523162842,1.0749965906143188,233000
2012-11-20,1.5499999523162842,1.5800000429153442,1.5,1.5399999618530273,1.0680614709854126,444000
2012-11-21,1.5299999713897705,1.5399999618530273,1.5099999904632568,1.5399999618530273,1.0680614709854126,82000
2012-11-22,1.5199999809265137,1.5299999713897705,1.5099999904632568,1.5299999713897705,1.0611259937286377,50000
2012-11-23,1.5700000524520874,1.5800000429153442,1.5499999523162842,1.5700000524520874,1.0888679027557373,863000
2012-11-26,1.5700000524520874,1.600000023841858,1.5499999523162842,1.600000023841858,1.1096742153167725,326000
2012-11-27,1.5800000429153442,1.6299999952316284,1.5800000429153442,1.5800000429153442,1.0958032608032227,229000
2012-11-28,1.5499999523162842,1.5499999523162842,1.4800000190734863,1.5099999904632568,1.0472549200057983,252000
2012-11-29,1.5499999523162842,1.5800000429153442,1.5399999618530273,1.5399999618530273,1.0680614709854126,102000
2012-11-30,1.590000033378601,1.659999966621399,1.590000033378601,1.600000023841858,1.1096742153167725,293000
2012-12-03,1.590000033378601,1.6100000143051147,1.590000033378601,1.590000033378601,1.1027387380599976,49000
2012-12-04,1.590000033378601,1.590000033378601,1.5700000524520874,1.5700000524520874,1.0888679027557373,104000
2012-12-05,1.5499999523162842,1.5499999523162842,1.5499999523162842,1.5499999523162842,1.0749965906143188,50000
2012-12-06,1.600000023841858,1.600000023841858,1.5499999523162842,1.5700000524520874,1.0888679027557373,1156000
2012-12-07,1.5499999523162842,1.600000023841858,1.5499999523162842,1.5800000429153442,1.0958032608032227,126000
2012-12-10,1.5800000429153442,1.6100000143051147,1.5800000429153442,1.600000023841858,1.1096742153167725,1148000
2012-12-11,1.6200000047683716,1.600000023841858,1.590000033378601,1.600000023841858,1.1096742153167725,216000
2012-12-12,1.600000023841858,1.600000023841858,1.600000023841858,1.600000023841858,1.1096742153167725,110000
2012-12-13,1.600000023841858,1.600000023841858,1.5700000524520874,1.590000033378601,1.1027387380599976,111000
2012-12-14,1.590000033378601,1.590000033378601,1.5700000524520874,1.5700000524520874,1.0888679027557373,309000
2012-12-17,1.5700000524520874,1.5700000524520874,1.5199999809265137,1.5399999618530273,1.0680614709854126,493000
2012-12-18,1.5399999618530273,1.5499999523162842,1.4700000286102295,1.4700000286102295,1.0195130109786987,1067000
2012-12-19,1.4700000286102295,1.5,1.4700000286102295,1.4900000095367432,1.0333843231201172,153000
2012-12-20,1.4900000095367432,1.4900000095367432,1.4900000095367432,1.4900000095367432,1.0333843231201172,61000
2012-12-21,1.5199999809265137,1.5299999713897705,1.5,1.5,1.040319561958313,597000
2012-12-24,1.5399999618530273,1.559999942779541,1.5199999809265137,1.5499999523162842,1.0749965906143188,385000
2012-12-27,1.5499999523162842,1.6100000143051147,1.5499999523162842,1.600000023841858,1.1096742153167725,108000
2012-12-28,1.559999942779541,1.600000023841858,1.5299999713897705,1.5700000524520874,1.0888679027557373,301000
2012-12-31,1.590000033378601,1.6200000047683716,1.590000033378601,1.600000023841858,1.1096742153167725,164000
2013-01-02,1.6100000143051147,1.6399999856948853,1.590000033378601,1.6200000047683716,1.1235450506210327,707000
2013-01-03,1.6100000143051147,1.7799999713897705,1.5800000429153442,1.6399999856948853,1.1374160051345825,1681000
2013-01-04,1.6399999856948853,1.7000000476837158,1.600000023841858,1.6299999952316284,1.130480408668518,502000
2013-01-07,1.6399999856948853,1.6799999475479126,1.5299999713897705,1.590000033378601,1.1027387380599976,1179000
2013-01-08,1.600000023841858,1.6200000047683716,1.5700000524520874,1.590000033378601,1.1027387380599976,530240
2013-01-09,1.5800000429153442,1.6100000143051147,1.5800000429153442,1.600000023841858,1.1096742153167725,524000
2013-01-10,1.6299999952316284,1.649999976158142,1.6100000143051147,1.6100000143051147,1.1166094541549683,906000
2013-01-11,1.6100000143051147,1.6100000143051147,1.5499999523162842,1.5800000429153442,1.0958032608032227,266000
2013-01-14,1.559999942779541,1.600000023841858,1.5199999809265137,1.590000033378601,1.1027387380599976,728000
2013-01-15,1.590000033378601,1.7000000476837158,1.5499999523162842,1.659999966621399,1.1512869596481323,3702900
2013-01-16,1.7400000095367432,2.0199999809265137,1.7100000381469727,1.940000057220459,1.34548020362854,16464000
2013-01-17,1.9700000286102295,2.0299999713897705,1.8300000429153442,1.899999976158142,1.3177378177642822,9048000
2013-01-18,1.899999976158142,1.9600000381469727,1.840000033378601,1.9299999475479126,1.3385443687438965,4786947
2013-01-21,1.8899999856948853,2.119999885559082,1.8799999952316284,2.059999942779541,1.4287055730819702,7053000
2013-01-22,2.119999885559082,2.119999885559082,2.009999990463257,2.059999942779541,1.4287055730819702,2514000
2013-01-23,2.059999942779541,2.140000104904175,2.0,2.0299999713897705,1.407899260520935,1759000
2013-01-24,2.0199999809265137,2.0199999809265137,2.0,2.009999990463257,1.3940280675888062,1132000
2013-01-25,2.0,2.009999990463257,1.840000033378601,1.9299999475479126,1.3385443687438965,3519000
2013-01-28,1.9299999475479126,1.9700000286102295,1.8899999856948853,1.9299999475479126,1.3385443687438965,693000
2013-01-29,1.8899999856948853,1.8899999856948853,1.840000033378601,1.8700000047683716,1.296931505203247,278000
2013-01-30,1.8700000047683716,1.899999976158142,1.8600000143051147,1.8700000047683716,1.296931505203247,892050
2013-01-31,1.8200000524520874,1.850000023841858,1.809999942779541,1.850000023841858,1.283060908317566,1173000
2013-02-01,1.8300000429153442,1.909999966621399,1.8300000429153442,1.899999976158142,1.3177378177642822,3357000
2013-02-04,1.899999976158142,1.9900000095367432,1.899999976158142,1.9500000476837158,1.3524153232574463,2737000
2013-02-05,1.809999942779541,1.9500000476837158,1.809999942779541,1.899999976158142,1.3177378177642822,889000
2013-02-06,1.909999966621399,1.9500000476837158,1.8899999856948853,1.909999966621399,1.3246734142303467,1611000
2013-02-07,1.899999976158142,1.899999976158142,1.8600000143051147,1.8700000047683716,1.296931505203247,1034000
2013-02-08,1.8600000143051147,1.899999976158142,1.8600000143051147,1.8899999856948853,1.3108025789260864,475000
2013-02-14,1.8799999952316284,1.899999976158142,1.8700000047683716,1.8799999952316284,1.303867220878601,87000
2013-02-15,1.7999999523162842,1.899999976158142,1.7999999523162842,1.899999976158142,1.3177378177642822,656000
2013-02-18,1.899999976158142,1.9500000476837158,1.899999976158142,1.9199999570846558,1.3316090106964111,2130000
2013-02-19,1.909999966621399,1.909999966621399,1.840000033378601,1.8799999952316284,1.303867220878601,816000
2013-02-20,1.8899999856948853,1.899999976158142,1.850000023841858,1.899999976158142,1.3177378177642822,1216000
2013-02-21,1.850000023841858,1.8899999856948853,1.840000033378601,1.850000023841858,1.283060908317566,824000
2013-02-22,1.8300000429153442,1.8799999952316284,1.8300000429153442,1.8700000047683716,1.296931505203247,511000
2013-02-25,1.8899999856948853,1.8899999856948853,1.7899999618530273,1.8200000524520874,1.2622544765472412,1817000
2013-02-26,1.7999999523162842,1.8200000524520874,1.7100000381469727,1.7799999713897705,1.234512448310852,1245000
2013-02-27,1.7599999904632568,1.7699999809265137,1.75,1.7799999713897705,1.234512448310852,179000
2013-02-28,1.7599999904632568,1.8200000524520874,1.75,1.8200000524520874,1.2622544765472412,804000
2013-03-01,1.809999942779541,1.8200000524520874,1.7599999904632568,1.7999999523162842,1.2483834028244019,927000
2013-03-04,1.7599999904632568,1.8300000429153442,1.7599999904632568,1.7999999523162842,1.2483834028244019,262000
2013-03-05,1.7899999618530273,2.0199999809265137,1.7899999618530273,1.9199999570846558,1.3316090106964111,2581000
2013-03-06,1.9800000190734863,1.9900000095367432,1.899999976158142,1.940000057220459,1.34548020362854,2545993
2013-03-07,1.9600000381469727,1.9600000381469727,1.8600000143051147,1.8799999952316284,1.303867220878601,1779000
2013-03-08,1.8799999952316284,1.9299999475479126,1.8600000143051147,1.899999976158142,1.3177378177642822,1967000
2013-03-11,1.9299999475479126,2.1700000762939453,1.899999976158142,2.119999885559082,1.4703184366226196,4345000
2013-03-12,2.059999942779541,2.0999999046325684,1.9700000286102295,1.9700000286102295,1.366286039352417,3086124
2013-03-13,2.0,2.1500000953674316,1.9700000286102295,2.009999990463257,1.3940280675888062,4341000
2013-03-14,2.0299999713897705,2.049999952316284,1.9299999475479126,2.0399999618530273,1.4148344993591309,1437000
2013-03-15,1.9800000190734863,1.9800000190734863,1.7200000286102295,1.75,1.2137060165405273,6421000
2013-03-18,1.75,1.75,1.6200000047683716,1.649999976158142,1.1443512439727783,2760000
2013-03-19,1.7000000476837158,1.7699999809265137,1.6699999570846558,1.75,1.2137060165405273,1073000
2013-03-20,1.7899999618530273,1.7899999618530273,1.75,1.7899999618530273,1.241447925567627,649000
2013-03-21,1.7899999618530273,1.7899999618530273,1.7300000190734863,1.7699999809265137,1.2275770902633667,941000
2013-03-22,1.7899999618530273,1.7999999523162842,1.7599999904632568,1.7799999713897705,1.234512448310852,279000
2013-03-25,1.8200000524520874,1.8300000429153442,1.7699999809265137,1.7999999523162842,1.2483834028244019,509000
2013-03-26,1.7799999713897705,1.7999999523162842,1.7100000381469727,1.7699999809265137,1.2275770902633667,505000
2013-03-27,1.7999999523162842,1.8300000429153442,1.7699999809265137,1.7999999523162842,1.2483834028244019,1503000
2013-03-28,1.7999999523162842,1.7999999523162842,1.75,1.7899999618530273,1.241447925567627,640000
2013-04-02,1.809999942779541,1.850000023841858,1.7999999523162842,1.8300000429153442,1.2691898345947266,401000
2013-04-03,1.8300000429153442,1.8300000429153442,1.7400000095367432,1.7899999618530273,1.241447925567627,394000
2013-04-05,1.7899999618530273,1.8300000429153442,1.7400000095367432,1.7400000095367432,1.2067705392837524,958000
2013-04-08,1.7300000190734863,1.7699999809265137,1.7300000190734863,1.75,1.2137060165405273,423000
2013-04-09,1.7999999523162842,1.7999999523162842,1.75,1.7799999713897705,1.234512448310852,412000
2013-04-10,1.809999942779541,1.8200000524520874,1.7899999618530273,1.7999999523162842,1.2483834028244019,224000
2013-04-11,1.7999999523162842,1.8200000524520874,1.7599999904632568,1.7799999713897705,1.234512448310852,875000
2013-04-12,1.7699999809265137,1.7899999618530273,1.7599999904632568,1.7599999904632568,1.2206416130065918,577000
2013-04-15,1.7300000190734863,1.7300000190734863,1.690000057220459,1.7000000476837158,1.1790287494659424,713000
2013-04-16,1.7000000476837158,1.75,1.7000000476837158,1.75,1.2137060165405273,248004
2013-04-17,1.7599999904632568,1.7599999904632568,1.6799999475479126,1.7000000476837158,1.1790287494659424,2247000
2013-04-18,1.7000000476837158,1.7000000476837158,1.649999976158142,1.690000057220459,1.1720935106277466,606000
2013-04-19,1.690000057220459,1.7000000476837158,1.690000057220459,1.7000000476837158,1.1790287494659424,467000
2013-04-22,1.6799999475479126,1.6799999475479126,1.649999976158142,1.6699999570846558,1.1582224369049072,231000
2013-04-23,1.690000057220459,1.690000057220459,1.6399999856948853,1.6699999570846558,1.1582224369049072,287000
2013-04-24,1.649999976158142,1.6699999570846558,1.6299999952316284,1.6699999570846558,1.1582224369049072,364000
2013-04-25,1.6699999570846558,1.7000000476837158,1.6299999952316284,1.6799999475479126,1.165157675743103,369000
2013-04-26,1.6399999856948853,1.6799999475479126,1.5800000429153442,1.6799999475479126,1.165157675743103,247000
2013-04-29,1.6299999952316284,1.7000000476837158,1.6299999952316284,1.649999976158142,1.1443512439727783,186000
2013-04-30,1.6699999570846558,1.6699999570846558,1.5700000524520874,1.600000023841858,1.1096742153167725,974000
2013-05-02,1.600000023841858,1.600000023841858,1.4500000476837158,1.5700000524520874,1.0888679027557373,3458000
2013-05-03,1.5399999618530273,1.590000033378601,1.5,1.5700000524520874,1.0888679027557373,201000
2013-05-06,1.5700000524520874,1.5700000524520874,1.5199999809265137,1.5399999618530273,1.0680614709854126,374000
2013-05-07,1.5399999618530273,1.600000023841858,1.5199999809265137,1.590000033378601,1.1027387380599976,867000
2013-05-08,1.5800000429153442,1.6299999952316284,1.5499999523162842,1.6200000047683716,1.1235450506210327,7188000
2013-05-09,1.659999966621399,1.7300000190734863,1.659999966621399,1.690000057220459,1.1720935106277466,8286000
2013-05-10,1.7000000476837158,1.8200000524520874,1.7000000476837158,1.809999942779541,1.2553187608718872,9906000
2013-05-13,1.850000023841858,2.0199999809265137,1.840000033378601,1.9500000476837158,1.3524153232574463,9098000
2013-05-14,1.9500000476837158,1.9800000190734863,1.8700000047683716,1.8799999952316284,1.303867220878601,3813000
2013-05-15,1.899999976158142,1.9500000476837158,1.8899999856948853,1.940000057220459,1.34548020362854,2309000
2013-05-16,1.9199999570846558,1.940000057220459,1.899999976158142,1.909999966621399,1.3246734142303467,949000
2013-05-20,1.899999976158142,1.9600000381469727,1.8899999856948853,1.9199999570846558,1.3316090106964111,2898000
2013-05-21,1.9500000476837158,2.0399999618530273,1.9299999475479126,1.940000057220459,1.34548020362854,9921230
2013-05-22,1.9700000286102295,1.9800000190734863,1.8200000524520874,1.899999976158142,1.3177378177642822,1619000
2013-05-23,1.899999976158142,1.899999976158142,1.8200000524520874,1.850000023841858,1.283060908317566,1644332
2013-05-24,1.850000023841858,1.8700000047683716,1.8300000429153442,1.8600000143051147,1.2899965047836304,782000
2013-05-27,1.850000023841858,1.9500000476837158,1.850000023841858,1.9500000476837158,1.3524153232574463,1926000
2013-05-28,1.9700000286102295,1.9900000095367432,1.940000057220459,1.9600000381469727,1.3593506813049316,1925000
2013-05-29,2.0399999618530273,2.0399999618530273,1.9500000476837158,1.9600000381469727,1.3593506813049316,1376000
2013-05-30,1.9500000476837158,1.9800000190734863,1.9199999570846558,1.9500000476837158,1.3524153232574463,2603000
2013-05-31,1.9800000190734863,1.9800000190734863,1.9199999570846558,1.940000057220459,1.34548020362854,1100000
2013-06-03,1.9500000476837158,1.9900000095367432,1.940000057220459,1.9600000381469727,1.3593506813049316,2248000
2013-06-04,1.940000057220459,1.9500000476837158,1.8899999856948853,1.909999966621399,1.3246734142303467,1311000
2013-06-05,1.8799999952316284,1.909999966621399,1.8700000047683716,1.8899999856948853,1.3108025789260864,975000
2013-06-06,1.8300000429153442,1.8700000047683716,1.7999999523162842,1.8200000524520874,1.2622544765472412,337000
2013-06-07,1.850000023841858,1.899999976158142,1.8200000524520874,1.899999976158142,1.3177378177642822,846000
2013-06-10,1.899999976158142,1.9600000381469727,1.8300000429153442,1.940000057220459,1.34548020362854,569000
2013-06-11,1.9199999570846558,1.9600000381469727,1.8300000429153442,1.8700000047683716,1.296931505203247,701000
2013-06-13,1.850000023841858,1.9299999475479126,1.8300000429153442,1.9199999570846558,1.3316090106964111,794000
2013-06-14,1.9500000476837158,1.9800000190734863,1.899999976158142,1.9500000476837158,1.3524153232574463,1868000
2013-06-17,1.9199999570846558,1.9600000381469727,1.8799999952316284,1.9299999475479126,1.3385443687438965,782000
2013-06-18,1.899999976158142,1.9299999475479126,1.8799999952316284,1.899999976158142,1.3177378177642822,187000
2013-06-19,1.8799999952316284,1.9299999475479126,1.850000023841858,1.9299999475479126,1.3385443687438965,535000
2013-06-20,1.899999976158142,1.899999976158142,1.8300000429153442,1.8300000429153442,1.2691898345947266,445000
2013-06-21,1.809999942779541,1.850000023841858,1.75,1.8300000429153442,1.2691898345947266,587000
2013-06-24,1.7300000190734863,1.8200000524520874,1.649999976158142,1.6699999570846558,1.1582224369049072,825000
2013-06-25,1.7200000286102295,1.7400000095367432,1.600000023841858,1.7000000476837158,1.1790287494659424,2030000
2013-06-26,1.7400000095367432,1.7899999618530273,1.659999966621399,1.75,1.2137060165405273,662000
2013-06-27,1.75,1.7899999618530273,1.6799999475479126,1.7200000286102295,1.1928997039794922,1166000
2013-06-28,1.7799999713897705,1.7999999523162842,1.7200000286102295,1.7899999618530273,1.241447925567627,519000
2013-07-02,1.7599999904632568,1.7799999713897705,1.7100000381469727,1.7799999713897705,1.234512448310852,433000
2013-07-03,1.7100000381469727,1.7899999618530273,1.7000000476837158,1.7899999618530273,1.241447925567627,419000
2013-07-04,1.7699999809265137,1.7699999809265137,1.7000000476837158,1.7599999904632568,1.2206416130065918,389000
2013-07-05,1.7599999904632568,1.809999942779541,1.7400000095367432,1.7899999618530273,1.241447925567627,958000
2013-07-08,1.7899999618530273,1.7899999618530273,1.7000000476837158,1.7000000476837158,1.1790287494659424,522000
2013-07-09,1.7200000286102295,1.7400000095367432,1.7100000381469727,1.7100000381469727,1.1859642267227173,38000
2013-07-10,1.7000000476837158,1.7100000381469727,1.6799999475479126,1.7000000476837158,1.1790287494659424,210000
2013-07-11,1.6699999570846558,1.7599999904632568,1.6699999570846558,1.75,1.2137060165405273,251000
2013-07-12,1.7300000190734863,1.7599999904632568,1.7300000190734863,1.7599999904632568,1.2206416130065918,97000
2013-07-15,1.7599999904632568,1.7899999618530273,1.75,1.7899999618530273,1.241447925567627,470000
2013-07-16,1.7799999713897705,1.7799999713897705,1.7599999904632568,1.7799999713897705,1.234512448310852,111000
2013-07-17,1.7599999904632568,1.7799999713897705,1.75,1.7799999713897705,1.234512448310852,91000
2013-07-18,1.7999999523162842,1.9199999570846558,1.7899999618530273,1.8799999952316284,1.303867220878601,5496000
2013-07-19,1.8799999952316284,1.8799999952316284,1.8200000524520874,1.850000023841858,1.283060908317566,1660000
2013-07-22,1.75,1.8300000429153442,1.75,1.7999999523162842,1.2483834028244019,1056000
2013-07-23,1.7699999809265137,1.8300000429153442,1.7699999809265137,1.809999942779541,1.2553187608718872,823000
2013-07-24,1.809999942779541,1.8300000429153442,1.7999999523162842,1.809999942779541,1.2553187608718872,286000
2013-07-25,1.8300000429153442,1.8300000429153442,1.8200000524520874,1.8200000524520874,1.2622544765472412,62000
2013-07-26,1.8300000429153442,1.8799999952316284,1.8300000429153442,1.8700000047683716,1.296931505203247,949000
2013-07-29,1.8600000143051147,1.8600000143051147,1.7999999523162842,1.8200000524520874,1.2622544765472412,274000
2013-07-30,1.8200000524520874,1.8899999856948853,1.8200000524520874,1.8600000143051147,1.2899965047836304,436000
2013-07-31,1.8600000143051147,1.899999976158142,1.840000033378601,1.8600000143051147,1.2899965047836304,282008
2013-08-01,1.8799999952316284,1.9500000476837158,1.8799999952316284,1.9500000476837158,1.3524153232574463,1393000
2013-08-02,1.8300000429153442,1.9199999570846558,1.8300000429153442,1.8700000047683716,1.296931505203247,1721000
2013-08-05,1.8799999952316284,2.0,1.850000023841858,1.940000057220459,1.34548020362854,1722000
2013-08-06,1.940000057220459,2.1600000858306885,1.9299999475479126,2.1500000953674316,1.4911249876022339,8450000
2013-08-07,2.25,2.609999895095825,2.25,2.609999895095825,1.8101555109024048,28014000
2013-08-08,2.700000047683716,2.8499999046325684,2.619999885559082,2.75,1.907252550125122,20168004
2013-08-09,2.700000047683716,2.9600000381469727,2.680000066757202,2.869999885559082,1.9904778003692627,9927000
2013-08-12,2.950000047683716,3.140000104904175,2.869999885559082,3.059999942779541,2.1222519874572754,9869995
2013-08-13,3.0999999046325684,3.109999895095825,2.9100000858306885,2.990000009536743,2.0737037658691406,4310000
2013-08-14,2.990000009536743,2.990000009536743,2.990000009536743,2.990000009536743,2.0737037658691406,0
2013-08-15,3.009999990463257,3.009999990463257,2.740000009536743,2.75,1.907252550125122,7912000
2013-08-16,2.700000047683716,2.9200000762939453,2.609999895095825,2.7300000190734863,1.8933815956115723,8526000
2013-08-19,2.7899999618530273,2.819999933242798,2.5899999141693115,2.700000047683716,1.872574806213379,4228000
2013-08-20,2.680000066757202,2.819999933242798,2.6600000858306885,2.7699999809265137,1.9211232662200928,2266000
2013-08-21,2.809999942779541,2.819999933242798,2.5999999046325684,2.690000057220459,1.8656392097473145,2893000
2013-08-22,2.640000104904175,2.740000009536743,2.640000104904175,2.7200000286102295,1.8864461183547974,457000
2013-08-23,2.7799999713897705,2.8399999141693115,2.6500000953674316,2.6600000858306885,1.844833493232727,1874000
2013-08-26,2.6600000858306885,2.6600000858306885,2.559999942779541,2.630000114440918,1.824027180671692,905000
2013-08-27,2.630000114440918,2.7899999618530273,2.630000114440918,2.700000047683716,1.872574806213379,1746000
2013-08-28,2.7300000190734863,2.7300000190734863,2.549999952316284,2.5999999046325684,1.8032200336456299,2357000
2013-08-29,2.630000114440918,2.6500000953674316,2.490000009536743,2.630000114440918,1.824027180671692,2243000
2013-08-30,2.5999999046325684,2.630000114440918,2.569999933242798,2.5799999237060547,1.7893495559692383,334000
2013-09-02,2.5799999237060547,2.680000066757202,2.549999952316284,2.619999885559082,1.817091464996338,909000
2013-09-03,2.6500000953674316,2.7300000190734863,2.559999942779541,2.6500000953674316,1.837897777557373,2093624
2013-09-04,2.6500000953674316,2.700000047683716,2.549999952316284,2.619999885559082,1.817091464996338,973000
2013-09-05,2.640000104904175,2.700000047683716,2.619999885559082,2.700000047683716,1.872574806213379,1204000
2013-09-06,2.700000047683716,2.759999990463257,2.6500000953674316,2.700000047683716,1.872574806213379,1547000
2013-09-09,2.619999885559082,2.6700000762939453,2.549999952316284,2.5799999237060547,1.7893495559692383,1110000
2013-09-10,2.559999942779541,2.630000114440918,2.549999952316284,2.549999952316284,1.7685431241989136,530000
2013-09-11,2.5199999809265137,2.6600000858306885,2.5,2.6500000953674316,1.837897777557373,4104000
2013-09-12,2.690000057220459,2.690000057220459,2.359999895095825,2.380000114440918,1.6506400108337402,7425000
2013-09-13,2.380000114440918,2.430000066757202,2.2899999618530273,2.3499999046325684,1.6298341751098633,3047000
2013-09-16,2.4100000858306885,2.440000057220459,2.3499999046325684,2.369999885559082,1.6437044143676758,1041000
2013-09-17,2.3499999046325684,2.4200000762939453,2.3299999237060547,2.3499999046325684,1.6298341751098633,1130000
2013-09-18,2.359999895095825,2.5399999618530273,2.359999895095825,2.440000057220459,1.6922529935836792,1219000
2013-09-19,2.4800000190734863,2.890000104904175,2.4800000190734863,2.869999885559082,1.9904778003692627,8460088
2013-09-23,2.880000114440918,3.119999885559082,2.869999885559082,3.0899999141693115,2.1430580615997314,10520000
2013-09-24,3.109999895095825,3.130000114440918,2.9600000381469727,3.0,2.080639123916626,5772955
2013-09-25,3.009999990463257,3.119999885559082,2.950000047683716,3.0199999809265137,2.0945098400115967,3507000
2013-09-26,3.009999990463257,3.059999942779541,3.0,3.0399999618530273,2.1083812713623047,791000
2013-09-27,3.0799999237060547,3.4000000953674316,3.0399999618530273,3.2100000381469727,2.2262837886810303,6913548
2013-09-30,3.2100000381469727,3.319999933242798,3.119999885559082,3.2699999809265137,2.2678961753845215,3015000
2013-10-02,3.299999952316284,3.509999990463257,3.25,3.4000000953674316,2.3580574989318848,4878000
2013-10-03,3.4600000381469727,3.509999990463257,3.359999895095825,3.5,2.4274120330810547,3459000
2013-10-04,3.4600000381469727,3.5199999809265137,3.4200000762939453,3.4800000190734863,2.413541078567505,2184000
2013-10-07,3.4800000190734863,3.6500000953674316,3.380000114440918,3.509999990463257,2.43434739112854,4042000
2013-10-08,3.4700000286102295,3.559999942779541,3.369999885559082,3.5,2.4274120330810547,2506844
2013-10-09,3.490000009536743,3.490000009536743,3.3299999237060547,3.3399999141693115,2.3164448738098145,628000
2013-10-10,3.390000104904175,3.390000104904175,3.059999942779541,3.109999895095825,2.1569292545318604,3357995
2013-10-11,3.2200000286102295,3.2200000286102295,3.0999999046325684,3.1700000762939453,2.1985421180725098,1960171
2013-10-15,3.130000114440918,3.180000066757202,3.0399999618530273,3.0899999141693115,2.1430580615997314,2281014
2013-10-16,3.049999952316284,3.200000047683716,3.0199999809265137,3.0999999046325684,2.1499931812286377,847000
2013-10-17,3.180000066757202,3.200000047683716,2.950000047683716,2.9700000286102295,2.0598323345184326,4885000
2013-10-18,3.009999990463257,3.0799999237060547,2.9800000190734863,3.009999990463257,2.0875744819641113,1575000
2013-10-21,3.009999990463257,3.069999933242798,2.9800000190734863,3.0199999809265137,2.0945098400115967,1362000
2013-10-22,3.180000066757202,3.240000009536743,3.0299999713897705,3.0999999046325684,2.1499931812286377,4664000
2013-10-23,3.109999895095825,3.1500000953674316,2.990000009536743,3.0,2.080639123916626,1500000
2013-10-24,2.9800000190734863,3.0799999237060547,2.950000047683716,3.069999933242798,2.12918758392334,955000
2013-10-25,3.0999999046325684,3.140000104904175,2.9600000381469727,3.0199999809265137,2.0945098400115967,1607012
2013-10-28,3.0,3.049999952316284,2.9700000286102295,2.990000009536743,2.0737037658691406,191000
2013-10-29,2.9600000381469727,3.049999952316284,2.9600000381469727,3.009999990463257,2.0875744819641113,1475000
2013-10-30,3.0399999618530273,3.240000009536743,3.0199999809265137,3.2300000190734863,2.24015474319458,3690000
2013-10-31,3.200000047683716,3.4000000953674316,3.200000047683716,3.2799999713897705,2.274832010269165,6645000
2013-11-01,3.319999933242798,3.3499999046325684,3.2899999618530273,3.309999942779541,2.2956385612487793,1734000
2013-11-04,3.2799999713897705,3.4600000381469727,3.2799999713897705,3.4200000762939453,2.3719284534454346,3045941
2013-11-05,3.380000114440918,3.4000000953674316,3.299999952316284,3.3399999141693115,2.3164448738098145,1927000
2013-11-06,3.3299999237060547,3.3399999141693115,3.25,3.25,2.2540252208709717,1662000
2013-11-07,3.2300000190734863,3.2300000190734863,3.119999885559082,3.190000057220459,2.2124130725860596,2123000
2013-11-08,3.190000057220459,3.190000057220459,3.049999952316284,3.0799999237060547,2.136122941970825,1659000
2013-11-11,3.130000114440918,3.130000114440918,3.069999933242798,3.0999999046325684,2.1499931812286377,845000
2013-11-12,3.119999885559082,3.119999885559082,3.059999942779541,3.0799999237060547,2.136122941970825,1113000
2013-11-13,3.0999999046325684,3.2200000286102295,3.049999952316284,3.109999895095825,2.1569292545318604,1113372
2013-11-14,3.1500000953674316,3.240000009536743,3.130000114440918,3.1600000858306885,2.1916065216064453,1015000
2013-11-15,3.200000047683716,3.2300000190734863,3.109999895095825,3.109999895095825,2.1569292545318604,224000
2013-11-18,3.2100000381469727,3.319999933242798,3.130000114440918,3.200000047683716,2.219348430633545,905000
2013-11-19,3.1600000858306885,3.25,3.109999895095825,3.130000114440918,2.170799970626831,476000
2013-11-20,3.109999895095825,3.109999895095825,3.049999952316284,3.069999933242798,2.12918758392334,1235000
2013-11-21,3.0799999237060547,3.069999933242798,2.9600000381469727,2.990000009536743,2.0737037658691406,2905000
2013-11-22,2.990000009536743,2.990000009536743,2.740000009536743,2.7799999713897705,1.9280593395233154,4961000
2013-11-25,2.819999933242798,2.940000057220459,2.759999990463257,2.7899999618530273,1.9349939823150635,2039000
2013-11-26,2.799999952316284,2.890000104904175,2.740000009536743,2.7699999809265137,1.9211232662200928,2571000
2013-11-27,2.7100000381469727,2.8399999141693115,2.7100000381469727,2.75,1.907252550125122,1417000
2013-11-28,2.7699999809265137,2.869999885559082,2.7699999809265137,2.859999895095825,1.9835426807403564,760055
2013-11-29,2.9000000953674316,2.990000009536743,2.8499999046325684,2.859999895095825,1.9835426807403564,1682000
2013-12-02,2.9000000953674316,2.9200000762939453,2.859999895095825,2.9200000762939453,2.0251553058624268,1554000
2013-12-03,2.859999895095825,2.880000114440918,2.8399999141693115,2.8399999141693115,1.9696714878082275,1282000
2013-12-04,2.8499999046325684,2.9100000858306885,2.8399999141693115,2.9000000953674316,2.011284589767456,1963000
2013-12-05,2.9000000953674316,2.930000066757202,2.8499999046325684,2.869999885559082,1.9904778003692627,1132000
2013-12-06,2.890000104904175,2.9200000762939453,2.869999885559082,2.890000104904175,2.0043492317199707,1047000
2013-12-09,2.859999895095825,2.859999895095825,2.75,2.799999952316284,1.941929578781128,1202000
2013-12-10,2.8399999141693115,2.8399999141693115,2.7699999809265137,2.799999952316284,1.941929578781128,441999
2013-12-11,2.7699999809265137,2.819999933242798,2.7699999809265137,2.7699999809265137,1.9211232662200928,503000
2013-12-12,2.75,2.7799999713897705,2.7200000286102295,2.740000009536743,1.900316596031189,813000
2013-12-13,2.7799999713897705,2.890000104904175,2.759999990463257,2.8499999046325684,1.976607084274292,706000
2013-12-16,2.8399999141693115,2.869999885559082,2.7799999713897705,2.8299999237060547,1.9627362489700317,729000
2013-12-17,2.880000114440918,2.880000114440918,2.809999942779541,2.819999933242798,1.9558005332946777,652212
2013-12-18,2.8299999237060547,3.0999999046325684,2.819999933242798,3.0799999237060547,2.136122941970825,2932000
2013-12-19,3.0899999141693115,3.0999999046325684,2.9600000381469727,3.0399999618530273,2.1083812713623047,2290000
2013-12-20,3.0899999141693115,3.2100000381469727,3.049999952316284,3.119999885559082,2.1638643741607666,3174000
2013-12-23,3.1500000953674316,3.180000066757202,3.0799999237060547,3.119999885559082,2.1638643741607666,1518226
2013-12-24,3.180000066757202,3.200000047683716,3.140000104904175,3.190000057220459,2.2124130725860596,1938279
2013-12-27,3.190000057220459,3.2200000286102295,3.1500000953674316,3.200000047683716,2.219348430633545,969000
2013-12-30,3.200000047683716,3.200000047683716,3.0999999046325684,3.109999895095825,2.1569292545318604,1026000
2013-12-31,3.0999999046325684,3.1700000762939453,3.069999933242798,3.119999885559082,2.1638643741607666,391000
2014-01-02,3.069999933242798,3.140000104904175,3.0299999713897705,3.109999895095825,2.1569292545318604,818000
2014-01-03,3.059999942779541,3.7300000190734863,3.0199999809265137,3.440000057220459,2.3857994079589844,11243209
2014-01-06,3.4800000190734863,3.619999885559082,3.4700000286102295,3.5799999237060547,2.482895851135254,3481000
2014-01-07,3.5999999046325684,3.5999999046325684,3.319999933242798,3.390000104904175,2.3511223793029785,1913000
2014-01-08,3.359999895095825,3.509999990463257,3.3499999046325684,3.4700000286102295,2.4066059589385986,2330000
2014-01-09,3.4700000286102295,3.950000047683716,3.4700000286102295,3.7300000190734863,2.5869274139404297,10428000
2014-01-10,3.619999885559082,3.7699999809265137,3.5199999809265137,3.740000009536743,2.593863010406494,5078616
2014-01-13,3.799999952316284,4.079999923706055,3.740000009536743,3.940000057220459,2.732572078704834,8554194
2014-01-14,3.930000066757202,4.5,3.819999933242798,3.880000114440918,2.69096040725708,10842000
2014-01-15,4.010000228881836,4.150000095367432,3.880000114440918,4.070000171661377,2.8227336406707764,5265000
2014-01-16,4.070000171661377,4.420000076293945,4.070000171661377,4.260000228881836,2.9545071125030518,8479000
2014-01-17,4.199999809265137,4.210000038146973,3.9000000953674316,4.039999961853027,2.801927328109741,195463000
2014-01-20,4.039999961853027,4.070000171661377,3.9200000762939453,3.990000009536743,2.767249822616577,10421000
2014-01-21,3.9600000381469727,4.039999961853027,3.819999933242798,3.930000066757202,2.725637435913086,9383020
2014-01-22,3.9800000190734863,3.990000009536743,3.7200000286102295,3.7899999618530273,2.628540515899658,3345000
2014-01-23,3.7899999618530273,3.799999952316284,3.630000114440918,3.75,2.600799083709717,3472000
2014-01-24,3.799999952316284,3.799999952316284,3.4700000286102295,3.490000009536743,2.4204769134521484,6256600
2014-01-27,3.4700000286102295,3.5799999237060547,3.190000057220459,3.430000066757202,2.378864049911499,6249000
2014-01-28,3.369999885559082,3.549999952316284,3.299999952316284,3.509999990463257,2.43434739112854,4274000
2014-01-29,3.549999952316284,3.7699999809265137,3.5,3.7200000286102295,2.5799930095672607,13705000
2014-01-30,3.630000114440918,3.859999895095825,3.5999999046325684,3.7200000286102295,2.5799930095672607,3293990
2014-02-04,3.680000066757202,3.680000066757202,3.4800000190734863,3.5199999809265137,2.4412832260131836,4240000
2014-02-05,3.5,3.609999895095825,3.25,3.359999895095825,2.330315351486206,12452000
2014-02-06,3.380000114440918,3.5399999618530273,3.369999885559082,3.5,2.4274120330810547,3338000
2014-02-07,3.549999952316284,3.700000047683716,3.509999990463257,3.680000066757202,2.5522501468658447,5931800
2014-02-10,3.7300000190734863,3.799999952316284,3.619999885559082,3.690000057220459,2.5591862201690674,6929000
2014-02-11,3.700000047683716,3.7300000190734863,3.609999895095825,3.6500000953674316,2.5314443111419678,3157000
2014-02-12,3.6600000858306885,3.680000066757202,3.4800000190734863,3.490000009536743,2.4204769134521484,4233500
2014-02-13,3.5299999713897705,3.549999952316284,3.4200000762939453,3.450000047683716,2.392735242843628,1459000
2014-02-14,3.5,3.7100000381469727,3.490000009536743,3.680000066757202,2.5522501468658447,5403000
2014-02-17,3.700000047683716,3.940000057220459,3.609999895095825,3.930000066757202,2.725637435913086,7698000
2014-02-18,4.079999923706055,4.099999904632568,3.799999952316284,3.809999942779541,2.642411708831787,6043000
2014-02-19,3.809999942779541,3.880000114440918,3.680000066757202,3.7300000190734863,2.5869274139404297,5731000
2014-02-20,3.75,3.8399999141693115,3.690000057220459,3.7899999618530273,2.628540515899658,4920000
2014-02-21,3.7799999713897705,3.930000066757202,3.7300000190734863,3.809999942779541,2.642411708831787,5061174
2014-02-24,3.930000066757202,3.930000066757202,3.7300000190734863,3.8299999237060547,2.6562821865081787,4875000
2014-02-25,3.8499999046325684,3.869999885559082,3.549999952316284,3.5899999141693115,2.4898314476013184,5279000
2014-02-26,3.5899999141693115,3.690000057220459,3.5199999809265137,3.680000066757202,2.5522501468658447,3064220
2014-02-27,3.680000066757202,3.7200000286102295,3.5999999046325684,3.6600000858306885,2.538379669189453,2739999
2014-02-28,3.640000104904175,3.700000047683716,3.490000009536743,3.569999933242798,2.4759604930877686,3978000
2014-03-03,3.5799999237060547,3.75,3.569999933242798,3.700000047683716,2.566121816635132,3414000
2014-03-04,3.75,3.9700000286102295,3.7100000381469727,3.9000000953674316,2.7048306465148926,8773000
2014-03-05,3.9600000381469727,4.239999771118164,3.930000066757202,4.159999847412109,2.88515305519104,16952000
2014-03-06,4.190000057220459,4.349999904632568,3.9800000190734863,4.070000171661377,2.8227336406707764,22797000
2014-03-07,4.099999904632568,4.539999961853027,4.099999904632568,4.420000076293945,3.06547474861145,14816219
2014-03-10,4.5,4.920000076293945,4.5,4.699999809265137,3.2596683502197266,33159917
2014-03-11,4.619999885559082,4.75,4.5,4.590000152587891,3.183377265930176,12599018
2014-03-12,4.329999923706055,4.71999979019165,4.320000171661377,4.650000095367432,3.2249913215637207,100487000
2014-03-13,4.650000095367432,4.96999979019165,4.610000133514404,4.739999771118164,3.2874088287353516,29782629
2014-03-14,4.699999809265137,4.739999771118164,4.329999923706055,4.400000095367432,3.0516040325164795,20180508
2014-03-17,4.360000133514404,4.760000228881836,4.300000190734863,4.599999904632568,3.1903133392333984,13292000
2014-03-18,4.710000038146973,5.130000114440918,4.670000076293945,4.880000114440918,3.3845059871673584,29493219
2014-03-19,4.880000114440918,4.940000057220459,4.730000019073486,4.789999961853027,3.322086811065674,12211000
2014-03-20,4.599999904632568,4.840000152587891,4.559999942779541,4.610000133514404,3.197248935699463,8792000
2014-03-21,4.559999942779541,4.679999828338623,4.289999961853027,4.409999847412109,3.058539390563965,14767735
2014-03-24,4.5,4.5,3.9200000762939453,4.210000038146973,2.919830083847046,17677830
2014-03-25,4.210000038146973,4.460000038146973,4.190000057220459,4.230000019073486,2.9337007999420166,9222499
2014-03-26,4.170000076293945,4.25,3.809999942779541,4.079999923706055,2.8296689987182617,18645600
2014-03-27,4.059999942779541,4.099999904632568,3.609999895095825,3.680000066757202,2.5522501468658447,18903000
2014-03-28,3.7200000286102295,3.9600000381469727,3.7200000286102295,3.940000057220459,2.732572078704834,14862000
2014-03-31,4.019999980926514,4.019999980926514,3.7200000286102295,3.950000047683716,2.7395079135894775,14558624
2014-04-01,3.990000009536743,4.179999828338623,3.880000114440918,4.130000114440918,2.864346981048584,9123000
2014-04-02,4.179999828338623,4.239999771118164,4.03000020980835,4.090000152587891,2.836604595184326,7733000
2014-04-03,4.159999847412109,4.199999809265137,3.950000047683716,4.0,2.7741854190826416,4173000
2014-04-04,4.010000228881836,4.139999866485596,3.9600000381469727,3.990000009536743,2.767249822616577,4617000
2014-04-07,3.9200000762939453,3.9200000762939453,3.700000047683716,3.759999990463257,2.607734441757202,10159000
2014-04-08,3.690000057220459,3.819999933242798,3.680000066757202,3.740000009536743,2.593863010406494,12612000
2014-04-09,3.799999952316284,3.8399999141693115,3.7100000381469727,3.819999933242798,2.6493468284606934,2979240
2014-04-10,3.880000114440918,3.930000066757202,3.759999990463257,3.9100000858306885,2.711766242980957,5380998
2014-04-11,3.869999885559082,3.869999885559082,3.7300000190734863,3.809999942779541,2.642411708831787,5644000
2014-04-14,3.859999895095825,3.859999895095825,3.700000047683716,3.7100000381469727,2.573056936264038,5794000
2014-04-15,3.7100000381469727,3.7699999809265137,3.7100000381469727,3.75,2.600799083709717,4481501
2014-04-16,3.7200000286102295,3.759999990463257,3.700000047683716,3.7200000286102295,2.5799930095672607,4525000
2014-04-17,3.7799999713897705,3.7799999713897705,3.7100000381469727,3.7300000190734863,2.5869274139404297,4628780
2014-04-22,3.7300000190734863,3.7799999713897705,3.619999885559082,3.700000047683716,2.566121816635132,8101000
2014-04-23,3.7100000381469727,3.930000066757202,3.700000047683716,3.930000066757202,2.725637435913086,5014000
2014-04-24,3.890000104904175,4.099999904632568,3.869999885559082,4.019999980926514,2.7880561351776123,6235000
2014-04-25,4.010000228881836,4.179999828338623,4.0,4.079999923706055,2.8296689987182617,3971000
2014-04-28,4.019999980926514,4.099999904632568,3.940000057220459,4.010000228881836,2.781120777130127,13654000
2014-04-29,3.940000057220459,4.079999923706055,3.940000057220459,4.050000190734863,2.8088629245758057,8516600
2014-04-30,4.019999980926514,4.099999904632568,3.990000009536743,4.039999961853027,2.801927328109741,2942000
2014-05-02,4.039999961853027,4.170000076293945,4.03000020980835,4.139999866485596,2.871281862258911,8943000
2014-05-05,4.150000095367432,4.380000114440918,4.139999866485596,4.230000019073486,2.9337007999420166,7980619
2014-05-07,4.190000057220459,4.210000038146973,4.099999904632568,4.159999847412109,2.88515305519104,5646265
2014-05-08,4.199999809265137,4.199999809265137,3.930000066757202,4.0,2.7741854190826416,11913978
2014-05-09,3.940000057220459,4.039999961853027,3.799999952316284,3.799999952316284,2.6354756355285645,4610000
2014-05-12,3.880000114440918,4.150000095367432,3.880000114440918,4.090000152587891,2.836604595184326,10759200
2014-05-13,4.179999828338623,4.670000076293945,3.9800000190734863,4.440000057220459,3.079346179962158,26522000
2014-05-14,4.429999828338623,4.519999980926514,4.269999980926514,4.429999828338623,3.0724098682403564,9822334
2014-05-15,4.429999828338623,4.75,4.360000133514404,4.599999904632568,3.1903133392333984,10016000
2014-05-16,4.659999847412109,4.75,4.5,4.570000171661377,3.169506788253784,18040000
2014-05-19,4.599999904632568,4.650000095367432,4.5,4.599999904632568,3.1903133392333984,5817000
2014-05-20,4.559999942779541,4.679999828338623,4.349999904632568,4.369999885559082,3.0307979583740234,9942676
2014-05-21,4.360000133514404,4.5,4.289999961853027,4.429999828338623,3.0724098682403564,4927000
2014-05-22,4.360000133514404,4.730000019073486,4.360000133514404,4.670000076293945,3.2388620376586914,5442000
2014-05-23,4.650000095367432,4.940000057220459,4.630000114440918,4.820000171661377,3.342893600463867,13744350
2014-05-26,4.789999961853027,4.920000076293945,4.630000114440918,4.670000076293945,3.2388620376586914,4209000
2014-05-27,4.679999828338623,4.769999980926514,4.619999885559082,4.679999828338623,3.2457973957061768,3202000
2014-05-28,4.699999809265137,4.940000057220459,4.699999809265137,4.860000133514404,3.3706350326538086,9272404
2014-05-29,4.809999942779541,4.860000133514404,4.75,4.820000171661377,3.342893600463867,6294930
2014-05-30,4.840000152587891,4.840000152587891,4.619999885559082,4.679999828338623,3.2457973957061768,7151000
2014-06-03,4.769999980926514,4.769999980926514,4.559999942779541,4.579999923706055,3.1764419078826904,9157000
2014-06-04,4.659999847412109,4.699999809265137,4.519999980926514,4.599999904632568,3.1903133392333984,4452000
2014-06-05,4.599999904632568,4.840000152587891,4.599999904632568,4.840000152587891,3.356764078140259,5970370
2014-06-06,4.849999904632568,4.880000114440918,4.71999979019165,4.800000190734863,3.3290226459503174,4604000
2014-06-09,4.800000190734863,4.860000133514404,4.730000019073486,4.840000152587891,3.356764078140259,3155000
2014-06-10,4.809999942779541,5.079999923706055,4.809999942779541,5.050000190734863,3.502408504486084,5675000
2014-06-11,5.050000190734863,5.150000095367432,4.960000038146973,5.050000190734863,3.502408504486084,3739000
2014-06-12,5.059999942779541,5.099999904632568,4.96999979019165,5.039999961853027,3.495473623275757,2096000
2014-06-13,5.010000228881836,5.159999847412109,4.96999979019165,5.019999980926514,3.4816019535064697,3465000
2014-06-16,5.0,5.079999923706055,4.800000190734863,4.829999923706055,3.3498291969299316,2177000
2014-06-17,4.809999942779541,4.929999828338623,4.800000190734863,4.920000076293945,3.412248134613037,1794616
2014-06-18,4.920000076293945,4.980000019073486,4.639999866485596,4.670000076293945,3.2388620376586914,8158000
2014-06-19,4.639999866485596,4.769999980926514,4.639999866485596,4.650000095367432,3.2249913215637207,4395594
2014-06-20,4.71999979019165,4.75,4.610000133514404,4.739999771118164,3.2874088287353516,2840000
2014-06-23,4.730000019073486,4.809999942779541,4.650000095367432,4.670000076293945,3.2388620376586914,3096000
2014-06-24,4.650000095367432,4.920000076293945,4.650000095367432,4.849999904632568,3.363699436187744,5057000
2014-06-25,4.849999904632568,4.920000076293945,4.710000038146973,4.880000114440918,3.3845059871673584,4384950
2014-06-26,4.949999809265137,4.949999809265137,4.78000020980835,4.840000152587891,3.356764078140259,2313000
2014-06-27,4.840000152587891,5.039999961853027,4.820000171661377,4.989999771118164,3.4607961177825928,5090000
2014-06-30,4.949999809265137,5.139999866485596,4.949999809265137,5.090000152587891,3.5301513671875,6342000
2014-07-02,5.090000152587891,5.110000133514404,4.980000019073486,5.03000020980835,3.4885385036468506,4599000
2014-07-03,4.989999771118164,5.099999904632568,4.989999771118164,5.019999980926514,3.4816019535064697,3223950
2014-07-04,5.059999942779541,5.079999923706055,5.039999961853027,5.070000171661377,3.5162808895111084,1084000
2014-07-07,5.070000171661377,5.070000171661377,4.929999828338623,5.03000020980835,3.4885385036468506,2844000
2014-07-08,5.050000190734863,5.059999942779541,4.989999771118164,5.059999942779541,3.5093445777893066,3104000
2014-07-09,5.079999923706055,5.079999923706055,4.900000095367432,5.019999980926514,3.4816019535064697,3057000
2014-07-10,5.25,5.5,5.25,5.309999942779541,3.6827311515808105,14816000
2014-07-11,5.28000020980835,5.429999828338623,5.260000228881836,5.400000095367432,3.745149612426758,5420000
2014-07-14,5.460000038146973,5.800000190734863,5.420000076293945,5.690000057220459,3.9462783336639404,7676376
2014-07-15,5.699999809265137,5.880000114440918,5.599999904632568,5.800000190734863,4.022569179534912,5539000
2014-07-16,5.739999771118164,5.800000190734863,5.639999866485596,5.670000076293945,3.932408094406128,3525000
2014-07-17,5.670000076293945,5.789999961853027,5.650000095367432,5.760000228881836,3.9948272705078125,1688000
2014-07-18,5.75,5.829999923706055,5.639999866485596,5.699999809265137,3.953214168548584,4243182
2014-07-21,5.699999809265137,5.75,5.570000171661377,5.679999828338623,3.939342975616455,2760000
2014-07-22,5.730000019073486,5.869999885559082,5.699999809265137,5.800000190734863,4.022569179534912,2363000
2014-07-23,5.860000133514404,6.03000020980835,5.769999980926514,5.800000190734863,4.022569179534912,4539198
2014-07-24,5.860000133514404,5.940000057220459,5.650000095367432,5.820000171661377,4.036439418792725,3416001
2014-07-25,5.829999923706055,5.989999771118164,5.75,5.889999866485596,4.084987163543701,1794702
2014-07-28,5.869999885559082,6.070000171661377,5.869999885559082,6.019999980926514,4.175148963928223,4773000
2014-07-29,6.050000190734863,6.059999942779541,5.920000076293945,5.960000038146973,4.133537292480469,4235000
2014-07-30,5.989999771118164,6.050000190734863,5.880000114440918,5.989999771118164,4.154342174530029,5558786
2014-07-31,5.989999771118164,6.019999980926514,5.579999923706055,6.0,4.161278247833252,5414000
2014-08-01,5.75,6.010000228881836,5.75,5.920000076293945,4.105795383453369,2931350
2014-08-04,5.949999809265137,6.050000190734863,5.929999828338623,6.03000020980835,4.1820855140686035,2719000
2014-08-05,6.449999809265137,6.949999809265137,6.400000095367432,6.900000095367432,4.785470485687256,20272368
2014-08-06,6.900000095367432,7.079999923706055,6.690000057220459,7.039999961853027,4.882566452026367,5770067
2014-08-07,7.070000171661377,7.489999771118164,6.949999809265137,7.440000057220459,5.1599860191345215,10533074
2014-08-08,7.300000190734863,7.710000038146973,7.300000190734863,7.599999904632568,5.270951271057129,9951000
2014-08-11,7.599999904632568,7.659999847412109,7.110000133514404,7.190000057220459,4.986597537994385,7444243
2014-08-12,7.25,7.400000095367432,7.019999980926514,7.300000190734863,5.0628886222839355,4262000
2014-08-13,7.320000171661377,7.320000171661377,7.03000020980835,7.260000228881836,5.035147190093994,3933000
2014-08-14,7.300000190734863,7.369999885559082,7.139999866485596,7.28000020980835,5.049017906188965,2532000
2014-08-15,7.289999961853027,7.289999961853027,7.139999866485596,7.230000019073486,5.014339923858643,1408000
2014-08-18,7.21999979019165,7.260000228881836,7.019999980926514,7.139999866485596,4.951920986175537,3069700
2014-08-19,7.059999942779541,7.25,7.0,7.179999828338623,4.979662895202637,5326020
2014-08-20,7.269999980926514,7.300000190734863,7.019999980926514,7.239999771118164,5.021275043487549,3589000
2014-08-21,7.159999847412109,7.199999809265137,7.059999942779541,7.099999904632568,4.9241790771484375,1437000
2014-08-22,7.090000152587891,7.119999885559082,7.039999961853027,7.059999942779541,4.89643669128418,1725000
2014-08-25,7.070000171661377,7.139999866485596,7.039999961853027,7.059999942779541,4.89643669128418,977000
2014-08-26,7.039999961853027,7.079999923706055,7.0,7.019999980926514,4.86869478225708,2457000
2014-08-27,7.019999980926514,7.039999961853027,7.0,7.0,4.854824066162109,7165000
2014-08-28,7.050000190734863,7.050000190734863,6.78000020980835,6.909999847412109,4.792405128479004,3641319
2014-08-29,6.840000152587891,7.150000095367432,6.820000171661377,7.050000190734863,4.889501571655273,2782000
2014-09-01,7.0,7.570000171661377,6.989999771118164,7.409999847412109,5.139178276062012,5597000
2014-09-02,7.400000095367432,7.960000038146973,7.300000190734863,7.940000057220459,5.506758213043213,7099000
2014-09-03,7.920000076293945,7.920000076293945,7.619999885559082,7.699999809265137,5.340306282043457,4288000
2014-09-04,7.699999809265137,8.0600004196167,7.46999979019165,8.029999732971191,5.569177150726318,5347321
2014-09-05,7.940000057220459,8.4399995803833,7.849999904632568,7.880000114440918,5.465144157409668,7586907
2014-09-08,7.880000114440918,8.130000114440918,7.880000114440918,7.96999979019165,5.527564525604248,2616000
2014-09-10,8.029999732971191,8.489999771118164,8.020000457763672,8.380000114440918,5.811917781829834,4165001
2014-09-11,8.470000267028809,8.470000267028809,8.0,8.1899995803833,5.680144786834717,6258303
2014-09-12,8.300000190734863,8.329999923706055,7.960000038146973,8.069999694824219,5.596919536590576,2695250
2014-09-15,8.09000015258789,8.399999618530273,8.0,8.3100004196167,5.763370990753174,2629261
2014-09-16,8.319999694824219,8.319999694824219,7.210000038146973,7.300000190734863,5.0628886222839355,102200231
2014-09-17,7.409999847412109,7.650000095367432,6.659999847412109,7.110000133514404,4.931114673614502,22113350
2014-09-18,7.210000038146973,7.400000095367432,7.099999904632568,7.25,5.0282111167907715,7847000
2014-09-19,7.300000190734863,7.369999885559082,6.980000019073486,7.170000076293945,4.972728252410889,11371000
2014-09-22,7.170000076293945,7.170000076293945,6.920000076293945,6.980000019073486,4.840953826904297,4167886
2014-09-23,6.980000019073486,7.150000095367432,6.800000190734863,6.809999942779541,4.72305154800415,7465000
2014-09-24,6.900000095367432,7.03000020980835,6.800000190734863,6.900000095367432,4.785470485687256,4147000
2014-09-25,7.050000190734863,7.050000190734863,6.800000190734863,6.829999923706055,4.736921787261963,2770406
2014-09-26,6.800000190734863,6.800000190734863,6.480000019073486,6.550000190734863,4.542728900909424,7624000
2014-09-29,6.550000190734863,6.550000190734863,6.159999847412109,6.380000114440918,4.424826145172119,9110000
2014-09-30,6.309999942779541,6.96999979019165,6.289999961853027,6.849999904632568,4.750792026519775,7275562
2014-10-03,6.840000152587891,6.96999979019165,6.5,6.849999904632568,4.750792026519775,5978757
2014-10-06,6.920000076293945,7.300000190734863,6.920000076293945,7.289999961853027,5.055952548980713,6999000
2014-10-07,7.300000190734863,7.309999942779541,7.199999809265137,7.239999771118164,5.021275043487549,4367600
2014-10-08,7.239999771118164,7.480000019073486,7.199999809265137,7.239999771118164,5.021275043487549,1988000
2014-10-09,7.239999771118164,7.400000095367432,7.239999771118164,7.25,5.0282111167907715,2421000
2014-10-10,7.210000038146973,7.340000152587891,7.059999942779541,7.179999828338623,4.979662895202637,3182000
2014-10-13,7.119999885559082,7.119999885559082,6.590000152587891,6.820000171661377,4.72998571395874,6699000
2014-10-14,6.650000095367432,6.960000038146973,6.650000095367432,6.730000019073486,4.667567729949951,3925000
2014-10-15,6.800000190734863,7.0,6.75,6.949999809265137,4.820146083831787,5393000
2014-10-16,6.989999771118164,7.0,6.809999942779541,6.889999866485596,4.778532981872559,1387669
2014-10-17,6.980000019073486,7.010000228881836,6.71999979019165,6.829999923706055,4.736921787261963,1771898
2014-10-20,6.869999885559082,7.0,6.800000190734863,6.840000152587891,4.743856906890869,3276000
2014-10-21,6.829999923706055,6.949999809265137,6.829999923706055,6.849999904632568,4.750792026519775,3373000
2014-10-22,6.860000133514404,7.010000228881836,6.809999942779541,6.889999866485596,4.778532981872559,2215000
2014-10-23,6.889999866485596,7.440000057220459,6.889999866485596,7.369999885559082,5.111437797546387,11299000
2014-10-24,7.420000076293945,7.599999904632568,7.309999942779541,7.360000133514404,5.1045002937316895,7006000
2014-10-27,7.440000057220459,7.559999942779541,7.320000171661377,7.519999980926514,5.215468883514404,5575000
2014-10-28,7.559999942779541,7.920000076293945,7.460000038146973,7.829999923706055,5.4304680824279785,10526400
2014-10-29,7.829999923706055,8.289999961853027,7.829999923706055,8.229999542236328,5.707886695861816,13414000
2014-10-30,8.079999923706055,8.239999771118164,8.0,8.119999885559082,5.63159704208374,4116000
2014-10-31,8.119999885559082,8.350000381469727,8.039999961853027,8.319999694824219,5.77030611038208,4801000
2014-11-03,8.3100004196167,8.4399995803833,8.149999618530273,8.239999771118164,5.714822292327881,2569000
2014-11-04,8.239999771118164,8.609999656677246,8.239999771118164,8.380000114440918,5.811917781829834,5581200
2014-11-05,8.399999618530273,8.399999618530273,7.909999847412109,8.010000228881836,5.555307388305664,4677933
2014-11-06,8.149999618530273,8.380000114440918,8.100000381469727,8.350000381469727,5.791112899780273,4689022
2014-11-07,8.430000305175781,8.489999771118164,8.220000267028809,8.369999885559082,5.804983139038086,3998000
2014-11-10,8.399999618530273,8.479999542236328,8.260000228881836,8.329999923706055,5.77724027633667,2376000
2014-11-11,8.289999961853027,8.829999923706055,8.289999961853027,8.729999542236328,6.054658889770508,6663000
2014-11-12,8.720000267028809,8.720000267028809,8.359999656677246,8.40999984741211,5.832724571228027,5269000
2014-11-13,8.489999771118164,8.5,8.34000015258789,8.380000114440918,5.811917781829834,3958932
2014-11-14,8.4399995803833,8.75,8.399999618530273,8.670000076293945,6.013046741485596,5497000
2014-11-17,8.84000015258789,8.930000305175781,8.65999984741211,8.829999923706055,6.1240153312683105,5235213
2014-11-18,8.9399995803833,8.9399995803833,8.460000038146973,8.520000457763672,5.9090142250061035,4032604
2014-11-19,8.5,8.720000267028809,8.369999885559082,8.5,5.895143508911133,2405200
2014-11-20,8.5,8.850000381469727,8.489999771118164,8.770000457763672,6.082401752471924,3935966
2014-11-21,8.680000305175781,9.079999923706055,8.680000305175781,9.010000228881836,6.248852252960205,4446000
2014-11-24,9.199999809265137,9.460000038146973,9.109999656677246,9.420000076293945,6.533205509185791,7022000
2014-11-25,9.430000305175781,9.510000228881836,8.899999618530273,9.079999923706055,6.297400951385498,4940900
2014-11-26,9.079999923706055,9.079999923706055,8.609999656677246,8.649999618530273,5.999176025390625,8114483
2014-11-27,8.699999809265137,8.739999771118164,8.609999656677246,8.699999809265137,6.0338521003723145,2776330
2014-11-28,8.699999809265137,8.9399995803833,8.369999885559082,8.529999732971191,5.91594934463501,4449000
2014-12-01,8.529999732971191,8.600000381469727,8.029999732971191,8.130000114440918,5.63853120803833,6354000
2014-12-02,8.119999885559082,8.510000228881836,8.069999694824219,8.359999656677246,5.7980475425720215,3970000
2014-12-03,8.359999656677246,8.720000267028809,8.130000114440918,8.470000267028809,5.874337196350098,3827000
2014-12-04,8.59000015258789,8.600000381469727,8.350000381469727,8.430000305175781,5.846595764160156,2562000
2014-12-05,8.359999656677246,8.5,8.109999656677246,8.140000343322754,5.645467281341553,2216387
2014-12-08,8.140000343322754,8.390000343322754,8.119999885559082,8.229999542236328,5.707886695861816,2981500
2014-12-09,8.199999809265137,8.34000015258789,8.079999923706055,8.210000038146973,5.694015979766846,3611864
2014-12-10,8.199999809265137,8.4399995803833,8.170000076293945,8.239999771118164,5.714822292327881,3270000
2014-12-11,8.15999984741211,8.800000190734863,8.15999984741211,8.649999618530273,5.999176025390625,3489000
2014-12-12,8.630000114440918,8.859999656677246,8.1899995803833,8.300000190734863,5.756435871124268,5254000
2014-12-15,8.300000190734863,8.300000190734863,7.789999961853027,7.800000190734863,5.409661293029785,5400000
2014-12-16,7.960000038146973,7.960000038146973,7.050000190734863,7.199999809265137,4.993533611297607,10464000
2014-12-17,7.440000057220459,7.440000057220459,6.539999961853027,7.010000228881836,4.861760139465332,14908000
2014-12-18,7.03000020980835,7.550000190734863,7.03000020980835,7.309999942779541,5.069823741912842,13259166
2014-12-19,7.5,7.699999809265137,7.489999771118164,7.550000190734863,5.236274719238281,10884000
2014-12-22,7.5,7.900000095367432,7.5,7.699999809265137,5.340306282043457,7332000
2014-12-23,7.820000171661377,7.980000019073486,7.659999847412109,7.849999904632568,5.444338321685791,3069000
2014-12-24,7.889999866485596,8.430000305175781,7.739999771118164,8.130000114440918,5.63853120803833,2508000
2014-12-29,8.180000305175781,8.449999809265137,8.050000190734863,8.079999923706055,5.603854656219482,3719400
2014-12-30,8.079999923706055,8.170000076293945,7.829999923706055,7.929999828338623,5.499822616577148,4569000
2014-12-31,8.020000457763672,8.069999694824219,7.940000057220459,8.0,5.548370838165283,2210800
2015-01-02,7.940000057220459,8.09000015258789,7.809999942779541,7.820000171661377,5.423532485961914,760000
2015-01-05,7.800000190734863,8.010000228881836,7.739999771118164,7.989999771118164,5.5414347648620605,2326000
2015-01-06,7.989999771118164,8.020000457763672,7.670000076293945,7.670000076293945,5.319499969482422,3047459
2015-01-07,7.710000038146973,7.739999771118164,7.130000114440918,7.269999980926514,5.042083263397217,5830000
2015-01-08,7.300000190734863,7.570000171661377,7.21999979019165,7.340000152587891,5.090630531311035,4958000
2015-01-09,7.420000076293945,7.449999809265137,7.090000152587891,7.099999904632568,4.9241790771484375,6062833
2015-01-12,7.199999809265137,7.440000057220459,7.079999923706055,7.360000133514404,5.1045002937316895,3602000
2015-01-13,7.519999980926514,7.550000190734863,7.440000057220459,7.519999980926514,5.215468883514404,3113000
2015-01-14,7.650000095367432,7.949999809265137,7.610000133514404,7.809999942779541,5.41659688949585,3749000
2015-01-15,7.880000114440918,8.0,7.820000171661377,7.989999771118164,5.5414347648620605,6877045
2015-01-16,8.0,8.050000190734863,7.730000019073486,7.949999809265137,5.513693332672119,5469500
2015-01-19,7.880000114440918,7.900000095367432,7.650000095367432,7.739999771118164,5.368048191070557,5417500
2015-01-20,7.659999847412109,7.699999809265137,7.340000152587891,7.489999771118164,5.194661617279053,3985000
2015-01-21,7.550000190734863,7.699999809265137,7.360000133514404,7.429999828338623,5.153049945831299,3136000
2015-01-22,7.360000133514404,7.579999923706055,7.300000190734863,7.360000133514404,5.1045002937316895,7369000
2015-01-23,7.460000038146973,7.489999771118164,7.28000020980835,7.289999961853027,5.055952548980713,4107000
2015-01-26,7.289999961853027,7.340000152587891,7.050000190734863,7.159999847412109,4.965791702270508,6204797
2015-01-27,7.199999809265137,7.230000019073486,6.829999923706055,6.96999979019165,4.834018230438232,7659579
2015-01-28,7.21999979019165,7.840000152587891,7.21999979019165,7.639999866485596,5.298693656921387,25203000
2015-01-29,7.550000190734863,7.679999828338623,7.5,7.590000152587891,5.264017105102539,8969000
2015-01-30,7.599999904632568,7.599999904632568,7.119999885559082,7.269999980926514,5.042083263397217,7526000
2015-02-02,7.0,7.159999847412109,6.679999828338623,6.880000114440918,4.771598815917969,9920000
2015-02-03,6.980000019073486,7.230000019073486,6.920000076293945,6.929999828338623,4.806275844573975,5719400
2015-02-04,7.039999961853027,7.119999885559082,6.679999828338623,6.71999979019165,4.660630702972412,7493000
2015-02-05,6.75,6.849999904632568,6.269999980926514,6.289999961853027,4.3624067306518555,8338830
2015-02-06,6.389999866485596,6.659999847412109,6.170000076293945,6.269999980926514,4.348536014556885,6546200
2015-02-09,6.420000076293945,6.420000076293945,6.28000020980835,6.289999961853027,4.3624067306518555,3161600
2015-02-10,6.289999961853027,6.300000190734863,5.920000076293945,5.960000038146973,4.133537292480469,8321700
2015-02-11,6.0,6.099999904632568,5.789999961853027,5.929999828338623,4.112730026245117,9480000
2015-02-12,5.940000057220459,6.25,5.929999828338623,6.150000095367432,4.265309810638428,13753900
2015-02-13,6.239999771118164,6.380000114440918,6.130000114440918,6.369999885559082,4.417889595031738,12099300
2015-02-16,6.389999866485596,6.940000057220459,6.389999866485596,6.900000095367432,4.785470485687256,18469300
2015-02-17,6.940000057220459,6.940000057220459,6.5,6.659999847412109,4.6190185546875,3169000
2015-02-18,6.71999979019165,6.880000114440918,6.619999885559082,6.679999828338623,4.632889747619629,1737900
2015-02-23,6.619999885559082,6.699999809265137,6.400000095367432,6.510000228881836,4.514987468719482,3775500
2015-02-24,6.590000152587891,6.659999847412109,6.449999809265137,6.610000133514404,4.584342002868652,1865000
2015-02-25,6.71999979019165,7.050000190734863,6.690000057220459,7.0,4.854824066162109,6825700
2015-02-26,7.079999923706055,7.159999847412109,6.929999828338623,7.010000228881836,4.861760139465332,4693298
2015-02-27,7.099999904632568,7.119999885559082,6.920000076293945,7.070000171661377,4.903372764587402,3560000
2015-03-02,7.039999961853027,7.150000095367432,7.010000228881836,7.130000114440918,4.944985389709473,1768400
2015-03-03,7.130000114440918,7.28000020980835,7.050000190734863,7.210000038146973,5.000469207763672,6221579
2015-03-04,7.159999847412109,7.210000038146973,7.0,7.079999923706055,4.910308361053467,2389900
2015-03-05,7.130000114440918,7.28000020980835,7.099999904632568,7.230000019073486,5.014339923858643,4906798
2015-03-06,7.340000152587891,7.360000133514404,6.769999980926514,6.880000114440918,4.771598815917969,11814000
2015-03-09,6.900000095367432,7.289999961853027,6.880000114440918,7.210000038146973,5.000469207763672,8309000
2015-03-10,7.28000020980835,7.860000133514404,7.269999980926514,7.789999961853027,5.402726650238037,14284000
2015-03-11,8.180000305175781,8.449999809265137,7.760000228881836,7.769999980926514,5.388854503631592,18494600
2015-03-12,8.149999618530273,8.199999809265137,7.909999847412109,8.09000015258789,5.610789775848389,6427200
2015-03-13,8.09000015258789,8.279999732971191,8.050000190734863,8.239999771118164,5.714822292327881,4288705
2015-03-16,8.260000228881836,8.279999732971191,7.96999979019165,8.100000381469727,5.617725849151611,2921000
2015-03-17,8.149999618530273,8.350000381469727,8.0600004196167,8.140000343322754,5.645467281341553,4713400
2015-03-18,8.119999885559082,8.149999618530273,7.989999771118164,8.0,5.548370838165283,2388000
2015-03-19,8.100000381469727,8.25,8.0,8.119999885559082,5.63159704208374,2871500
2015-03-20,8.180000305175781,8.180000305175781,7.96999979019165,8.130000114440918,5.63853120803833,4785000
2015-03-23,8.050000190734863,8.199999809265137,7.96999979019165,8.039999961853027,5.576112270355225,4247000
2015-03-24,8.100000381469727,8.430000305175781,8.100000381469727,8.319999694824219,5.77030611038208,4680000
2015-03-25,8.350000381469727,8.520000457763672,8.319999694824219,8.470000267028809,5.874337196350098,4946498
2015-03-26,8.380000114440918,8.4399995803833,8.270000457763672,8.319999694824219,5.77030611038208,4419200
2015-03-27,8.0600004196167,8.350000381469727,7.920000076293945,8.029999732971191,5.569177150726318,5709806
2015-03-30,8.039999961853027,8.350000381469727,8.0,8.079999923706055,5.603854656219482,7173850
2015-03-31,8.140000343322754,8.420000076293945,8.100000381469727,8.109999656677246,5.624661922454834,5449000
2015-04-01,8.180000305175781,8.229999542236328,7.860000133514404,7.949999809265137,5.513693332672119,8223000
2015-04-02,8.180000305175781,9.25,8.039999961853027,9.079999923706055,6.297400951385498,17612028
2015-04-08,9.350000381469727,10.0,9.100000381469727,9.90999984741211,6.873044967651367,30252279
2015-04-09,10.119999885559082,10.84000015258789,9.069999694824219,9.640000343322754,6.685787200927734,13501417
2015-04-10,9.609999656677246,10.420000076293945,9.539999961853027,10.34000015258789,7.171270847320557,11577968
2015-04-13,10.300000190734863,10.979999542236328,10.15999984741211,10.84000015258789,7.5180439949035645,16849436
2015-04-14,10.5600004196167,11.0600004196167,10.300000190734863,10.619999885559082,7.365462303161621,9839426
2015-04-15,10.5,10.5,9.989999771118164,10.199999809265137,7.074172496795654,11318605
2015-04-16,10.300000190734863,10.539999961853027,10.039999961853027,10.220000267028809,7.088043212890625,5098830
2015-04-17,10.300000190734863,10.399999618530273,9.960000038146973,10.020000457763672,6.949334144592285,4262400
2015-04-20,9.800000190734863,10.140000343322754,9.180000305175781,9.350000381469727,6.484658718109131,7020740
2015-04-21,9.699999809265137,10.15999984741211,9.529999732971191,10.079999923706055,6.990947246551514,6479500
2015-04-22,10.15999984741211,10.4399995803833,10.100000381469727,10.380000114440918,7.199012279510498,5803874
2015-04-23,11.0,11.4399995803833,10.5600004196167,10.579999923706055,7.337719917297363,15588081
2015-04-24,10.619999885559082,10.800000190734863,10.020000457763672,10.420000076293945,7.226754665374756,5189700
2015-04-27,10.5,10.859999656677246,10.479999542236328,10.800000190734863,7.490299224853516,6077217
2015-04-28,10.800000190734863,11.0,10.600000381469727,10.960000038146973,7.601266384124756,5192330
2015-04-29,10.9399995803833,10.960000038146973,10.619999885559082,10.739999771118164,7.448688983917236,2741740
2015-04-30,10.739999771118164,11.380000114440918,10.739999771118164,11.300000190734863,7.837071895599365,5173000
2015-05-04,11.220000267028809,11.680000305175781,11.220000267028809,11.600000381469727,8.045138359069824,5590000
2015-05-05,11.5,11.899999618530273,11.039999961853027,11.260000228881836,7.809331893920898,5100932
2015-05-06,11.260000228881836,11.380000114440918,10.739999771118164,10.819999694824219,7.5041728019714355,3101725
2015-05-07,10.5,10.760000228881836,10.260000228881836,10.359999656677246,7.185139179229736,4432134
2015-05-08,10.5,11.520000457763672,10.5,11.380000114440918,7.892556667327881,10532500
2015-05-11,11.319999694824219,12.140000343322754,11.079999923706055,12.079999923706055,8.378039360046387,9525000
2015-05-12,12.0600004196167,12.260000228881836,11.739999771118164,11.920000076293945,8.267074584960938,6498666
2015-05-13,11.920000076293945,12.300000190734863,11.720000267028809,11.819999694824219,8.197718620300293,2288426
2015-05-14,11.819999694824219,11.880000114440918,11.4399995803833,11.600000381469727,8.045138359069824,3694534
2015-05-15,11.760000228881836,12.359999656677246,11.460000038146973,12.34000015258789,8.558362007141113,7147218
2015-05-18,12.0,12.34000015258789,11.760000228881836,11.920000076293945,8.267074584960938,5856076
2015-05-19,12.199999809265137,12.4399995803833,11.859999656677246,12.180000305175781,8.447394371032715,3768878
2015-05-20,12.180000305175781,12.180000305175781,11.760000228881836,11.800000190734863,8.183847427368164,5706630
2015-05-21,11.979999542236328,12.15999984741211,11.880000114440918,12.0600004196167,8.364171028137207,2219000
2015-05-22,12.039999961853027,12.119999885559082,11.779999732971191,12.039999961853027,8.350297927856445,3556037
2015-05-26,12.300000190734863,13.300000190734863,12.199999809265137,12.579999923706055,8.724813461303711,9000400
2015-05-27,12.5600004196167,13.699999809265137,12.5600004196167,13.380000114440918,9.27964973449707,6511841
2015-05-28,13.199999809265137,13.539999961853027,12.800000190734863,13.279999732971191,9.210295677185059,7350964
2015-05-29,13.199999809265137,14.199999809265137,13.039999961853027,14.039999961853027,9.73738956451416,8124600
2015-06-01,14.020000457763672,14.020000457763672,13.239999771118164,13.479999542236328,9.349004745483398,7504154
2015-06-02,13.399999618530273,13.720000267028809,13.399999618530273,13.479999542236328,9.349004745483398,6140600
2015-06-03,13.399999618530273,13.600000381469727,12.520000457763672,12.65999984741211,8.780295372009277,7340546
2015-06-04,12.579999923706055,12.579999923706055,10.819999694824219,11.899999618530273,8.253203392028809,33407638
2015-06-05,11.399999618530273,12.100000381469727,11.0,11.859999656677246,8.225460052490234,20122016
2015-06-08,11.960000038146973,12.4399995803833,11.859999656677246,12.119999885559082,8.405782699584961,6209428
2015-06-09,12.260000228881836,12.5,10.859999656677246,11.699999809265137,8.11449146270752,9766918
2015-06-10,11.420000076293945,11.779999732971191,11.079999923706055,11.140000343322754,7.726106643676758,7901241
2015-06-11,11.5600004196167,11.600000381469727,11.0,11.039999961853027,7.656752109527588,6441898
2015-06-12,11.180000305175781,11.359999656677246,11.0,11.260000228881836,7.809331893920898,9308330
2015-06-15,11.0,11.380000114440918,11.0,11.260000228881836,7.809331893920898,3850515
2015-06-16,11.260000228881836,11.5,11.199999809265137,11.359999656677246,7.87868595123291,3689300
2015-06-17,11.359999656677246,12.079999923706055,11.359999656677246,11.859999656677246,8.225460052490234,8653400
2015-06-18,12.319999694824219,12.319999694824219,11.640000343322754,11.739999771118164,8.142233848571777,3655300
2015-06-19,11.84000015258789,12.300000190734863,11.739999771118164,11.84000015258789,8.211590766906738,3196768
2015-06-22,12.0,12.0,11.399999618530273,11.619999885559082,8.059008598327637,3042554
2015-06-23,11.680000305175781,12.100000381469727,11.680000305175781,12.039999961853027,8.350297927856445,7528000
2015-06-24,11.859999656677246,11.979999542236328,11.720000267028809,11.9399995803833,8.280942916870117,7826000
2015-06-25,11.920000076293945,12.100000381469727,11.779999732971191,11.979999542236328,8.308684349060059,2110000
2015-06-26,11.859999656677246,11.859999656677246,11.619999885559082,11.699999809265137,8.11449146270752,3403381
2015-06-29,11.699999809265137,11.880000114440918,8.65999984741211,11.039999961853027,7.656752109527588,10296200
2015-06-30,10.720000267028809,11.359999656677246,10.65999984741211,11.119999885559082,7.712237358093262,6114455
2015-07-02,11.699999809265137,12.699999809265137,11.680000305175781,12.100000381469727,8.391910552978516,16403407
2015-07-03,12.5600004196167,12.600000381469727,11.960000038146973,11.979999542236328,8.308684349060059,9116428
2015-07-06,11.979999542236328,12.260000228881836,11.15999984741211,11.479999542236328,7.961911201477051,19987992
2015-07-07,11.399999618530273,11.640000343322754,10.520000457763672,10.600000381469727,7.351591110229492,15393801
2015-07-08,10.300000190734863,10.859999656677246,9.520000457763672,10.579999923706055,7.337719917297363,20774000
2015-07-09,10.520000457763672,12.0,10.0,11.199999809265137,7.767718315124512,8359602
2015-07-10,11.300000190734863,11.760000228881836,11.100000381469727,11.380000114440918,7.892556667327881,7319601
2015-07-13,11.720000267028809,12.460000038146973,11.460000038146973,12.420000076293945,8.613844871520996,5785570
2015-07-14,12.199999809265137,12.420000076293945,11.899999618530273,12.399999618530273,8.59997272491455,6346837
2015-07-15,12.399999618530273,12.4399995803833,11.979999542236328,12.0600004196167,8.364171028137207,3692900
2015-07-16,12.0600004196167,12.920000076293945,11.960000038146973,12.899999618530273,8.946748733520508,7458921
2015-07-17,12.899999618530273,13.899999618530273,12.720000267028809,13.779999732971191,9.557065963745117,9306000
2015-07-20,13.899999618530273,13.899999618530273,13.380000114440918,13.520000457763672,9.376748085021973,11365000
2015-07-21,13.34000015258789,13.399999618530273,12.979999542236328,13.220000267028809,9.168684005737305,4625050
2015-07-22,13.020000457763672,13.0600004196167,12.600000381469727,12.880000114440918,8.932875633239746,4870000
2015-07-23,12.899999618530273,13.0600004196167,12.520000457763672,12.65999984741211,8.780295372009277,2874000
2015-07-24,12.699999809265137,13.619999885559082,12.699999809265137,13.300000190734863,9.224165916442871,5389600
2015-07-27,13.300000190734863,13.399999618530273,12.140000343322754,12.600000381469727,8.73868465423584,4647679
2015-07-28,12.399999618530273,12.779999732971191,11.880000114440918,11.920000076293945,8.267074584960938,6129200
2015-07-29,12.0,12.359999656677246,11.699999809265137,11.859999656677246,8.225460052490234,5149100
2015-07-30,12.199999809265137,12.579999923706055,12.15999984741211,12.199999809265137,8.461265563964844,2440400
2015-07-31,12.079999923706055,12.5600004196167,12.079999923706055,12.380000114440918,8.586103439331055,2400200
2015-08-03,12.260000228881836,12.260000228881836,11.0,11.359999656677246,7.87868595123291,7175000
2015-08-04,11.880000114440918,12.140000343322754,11.640000343322754,11.699999809265137,8.11449146270752,6235300
2015-08-05,11.5600004196167,12.039999961853027,11.5600004196167,11.779999732971191,8.169974327087402,2993537
2015-08-06,12.220000267028809,12.239999771118164,11.9399995803833,12.0,8.322556495666504,2378000
2015-08-07,11.819999694824219,11.859999656677246,9.449999809265137,10.0,6.9354634284973145,53545069
2015-08-10,10.079999923706055,10.119999885559082,9.0,9.1899995803833,6.373691558837891,34167298
2015-08-11,9.140000343322754,9.489999771118164,9.0600004196167,9.229999542236328,6.401433944702148,18901803
2015-08-12,9.180000305175781,9.239999771118164,8.619999885559082,8.760000228881836,6.075466156005859,10548514
2015-08-13,8.75,8.800000190734863,8.300000190734863,8.539999961853027,5.922885894775391,19352000
2015-08-14,8.5,8.819999694824219,8.359999656677246,8.6899995803833,6.02691650390625,10465900
2015-08-17,8.600000381469727,8.710000038146973,8.199999809265137,8.510000228881836,5.902079105377197,7156869
2015-08-18,8.640000343322754,8.640000343322754,8.020000457763672,8.069999694824219,5.596919536590576,7872800
2015-08-19,8.050000190734863,8.140000343322754,7.610000133514404,8.010000228881836,5.555307388305664,8469511
2015-08-20,7.900000095367432,7.980000019073486,7.389999866485596,7.409999847412109,5.152042388916016,12547403
2015-08-21,7.150000095367432,7.300000190734863,6.699999809265137,6.909999847412109,4.804401874542236,18317649
2015-08-24,6.989999771118164,7.380000114440918,6.760000228881836,6.900000095367432,4.797448635101318,19915898
2015-08-25,6.900000095367432,7.300000190734863,6.800000190734863,6.980000019073486,4.853071212768555,13612620
2015-08-26,7.03000020980835,7.820000171661377,7.0,7.360000133514404,5.117278575897217,13436300
2015-08-27,7.710000038146973,7.789999961853027,7.519999980926514,7.670000076293945,5.332815647125244,14378103
2015-08-28,8.430000305175781,8.430000305175781,7.53000020980835,7.650000095367432,5.318910121917725,15869400
2015-08-31,7.690000057220459,7.78000020980835,7.090000152587891,7.21999979019165,5.019939422607422,9702592
2015-09-01,7.260000228881836,7.309999942779541,7.0,7.03000020980835,4.887835502624512,5703000
2015-09-02,6.929999828338623,7.300000190734863,6.610000133514404,6.96999979019165,4.846118450164795,5806700
2015-09-04,7.099999904632568,7.130000114440918,6.849999904632568,6.980000019073486,4.853071212768555,2262541
2015-09-07,7.0,7.050000190734863,6.820000171661377,6.829999923706055,4.748779773712158,3253000
2015-09-08,6.840000152587891,7.309999942779541,6.840000152587891,7.25,5.040797710418701,7515065
2015-09-09,7.5,8.1899995803833,7.400000095367432,8.1899995803833,5.694362163543701,15015000
2015-09-10,7.920000076293945,8.329999923706055,7.800000190734863,8.220000267028809,5.715221881866455,9380000
2015-09-11,8.289999961853027,8.600000381469727,8.170000076293945,8.270000457763672,5.749986171722412,5624000
2015-09-14,8.380000114440918,8.550000190734863,8.170000076293945,8.239999771118164,5.729126930236816,3790000
2015-09-15,8.239999771118164,8.239999771118164,7.710000038146973,7.71999979019165,5.367579460144043,6694000
2015-09-16,7.940000057220459,8.069999694824219,7.760000228881836,8.0,5.562259197235107,6496000
2015-09-17,8.010000228881836,8.100000381469727,7.800000190734863,7.849999904632568,5.457966327667236,6187000
2015-09-18,7.800000190734863,8.229999542236328,7.800000190734863,8.220000267028809,5.715221881866455,9110200
2015-09-21,8.020000457763672,8.649999618530273,8.010000228881836,8.5600004196167,5.95161771774292,4730000
2015-09-22,8.510000228881836,8.770000457763672,8.449999809265137,8.600000381469727,5.979429244995117,4999508
2015-09-23,8.40999984741211,8.520000457763672,8.119999885559082,8.149999618530273,5.66655158996582,4149403
2015-09-24,8.149999618530273,8.15999984741211,7.920000076293945,8.050000190734863,5.5970234870910645,3609000
2015-09-25,8.039999961853027,8.149999618530273,7.920000076293945,8.130000114440918,5.652646064758301,3975600
2015-09-29,7.989999771118164,8.140000343322754,7.809999942779541,7.900000095367432,5.492730617523193,2307503
2015-09-30,8.0,8.119999885559082,7.829999923706055,8.039999961853027,5.590070724487305,2555909
2015-10-02,8.149999618530273,8.270000457763672,8.0,8.140000343322754,5.659599781036377,6252828
2015-10-05,8.3100004196167,8.59000015258789,8.119999885559082,8.270000457763672,5.749986171722412,7974300
2015-10-06,8.399999618530273,8.449999809265137,8.229999542236328,8.279999732971191,5.7569379806518555,2436000
2015-10-07,8.229999542236328,8.25,8.050000190734863,8.109999656677246,5.638741493225098,7938000
2015-10-08,8.149999618530273,8.210000038146973,7.949999809265137,8.119999885559082,5.645692348480225,8580565
2015-10-09,8.279999732971191,8.279999732971191,8.020000457763672,8.050000190734863,5.5970234870910645,3564800
2015-10-12,8.140000343322754,8.300000190734863,8.020000457763672,8.270000457763672,5.749986171722412,4064000
2015-10-13,8.260000228881836,8.899999618530273,8.260000228881836,8.6899995803833,6.0420026779174805,11465324
2015-10-14,8.649999618530273,8.949999809265137,8.40999984741211,8.699999809265137,6.048956394195557,4204000
2015-10-15,8.899999618530273,9.109999656677246,8.6899995803833,9.09000015258789,6.320115566253662,4580500
2015-10-16,9.300000190734863,10.0,9.210000038146973,9.859999656677246,6.855482578277588,16710901
2015-10-19,9.90999984741211,9.930000305175781,9.239999771118164,9.270000457763672,6.445269584655762,9905500
2015-10-20,10.0,10.100000381469727,9.449999809265137,9.829999923706055,6.834626197814941,24989000
2015-10-22,9.789999961853027,10.5600004196167,9.579999923706055,10.380000114440918,7.2170329093933105,16759962
2015-10-23,10.4399995803833,10.600000381469727,9.899999618530273,10.420000076293945,7.24484395980835,12800257
2015-10-26,10.600000381469727,10.619999885559082,10.279999732971191,10.600000381469727,7.369993686676025,5246497
2015-10-27,10.479999542236328,10.819999694824219,10.399999618530273,10.579999923706055,7.356086730957031,6544297
2015-10-28,10.5,10.760000228881836,10.460000038146973,10.539999961853027,7.328275680541992,4431500
2015-10-29,10.5,10.5600004196167,9.869999885559082,9.949999809265137,6.918060302734375,8133000
2015-10-30,9.970000267028809,10.239999771118164,9.949999809265137,10.180000305175781,7.077974796295166,9807634
2015-11-02,10.15999984741211,10.180000305175781,9.819999694824219,9.890000343322754,6.876343250274658,5487457
2015-11-03,10.079999923706055,10.119999885559082,9.829999923706055,9.949999809265137,6.918060302734375,6279395
2015-11-04,9.90999984741211,10.4399995803833,9.859999656677246,10.239999771118164,7.119691371917725,5049000
2015-11-05,10.199999809265137,10.300000190734863,9.899999618530273,10.119999885559082,7.036258220672607,2433000
2015-11-06,10.020000457763672,10.479999542236328,9.949999809265137,10.300000190734863,7.161410331726074,3573000
2015-11-09,10.140000343322754,10.399999618530273,10.020000457763672,10.079999923706055,7.008447647094727,3258000
2015-11-10,10.0600004196167,10.220000267028809,9.899999618530273,9.930000305175781,6.904153823852539,2498378
2015-11-11,10.0,10.119999885559082,9.949999809265137,10.0,6.952824115753174,2900825
2015-11-12,10.0,10.119999885559082,9.970000267028809,10.039999961853027,6.980633735656738,2628000
2015-11-13,10.0,10.220000267028809,9.850000381469727,10.180000305175781,7.077974796295166,3840500
2015-11-16,10.0,10.079999923706055,9.920000076293945,10.0,6.952824115753174,1970299
2015-11-17,10.079999923706055,10.100000381469727,9.960000038146973,10.0600004196167,6.994541645050049,3104000
2015-11-18,10.100000381469727,10.140000343322754,9.670000076293945,9.680000305175781,6.73033332824707,3518000
2015-11-19,9.779999732971191,9.8100004196167,9.100000381469727,9.380000114440918,6.5217485427856445,8787200
2015-11-20,9.479999542236328,9.880000114440918,9.1899995803833,9.800000190734863,6.813767433166504,8514718
2015-11-23,9.819999694824219,10.359999656677246,9.680000305175781,10.34000015258789,7.189220905303955,7231800
2015-11-24,10.15999984741211,10.279999732971191,9.970000267028809,10.039999961853027,6.980633735656738,3669537
2015-11-25,10.0,10.0600004196167,9.859999656677246,9.970000267028809,6.931966304779053,2088672
2015-11-26,9.90999984741211,10.199999809265137,9.800000190734863,9.8100004196167,6.82072114944458,2149000
2015-11-27,9.899999618530273,10.020000457763672,9.5,9.520000457763672,6.619086742401123,3210432
2015-11-30,9.5,9.680000305175781,9.420000076293945,9.59000015258789,6.6677565574646,2238000
2015-12-01,9.670000076293945,9.8100004196167,9.630000114440918,9.770000457763672,6.792908668518066,3329983
2015-12-02,9.779999732971191,9.899999618530273,9.75,9.8100004196167,6.82072114944458,5354274
2015-12-03,9.819999694824219,9.880000114440918,9.710000038146973,9.800000190734863,6.813767433166504,1391179
2015-12-04,9.84000015258789,9.84000015258789,9.489999771118164,9.6899995803833,6.737286567687988,3046400
2015-12-07,9.800000190734863,9.859999656677246,9.449999809265137,9.479999542236328,6.591276168823242,3097000
2015-12-08,9.399999618530273,9.529999732971191,9.140000343322754,9.1899995803833,6.389645099639893,3980900
2015-12-09,9.210000038146973,9.210000038146973,8.479999542236328,8.510000228881836,5.916853427886963,14813500
2015-12-10,8.380000114440918,8.649999618530273,8.170000076293945,8.199999809265137,5.701315879821777,15093438
2015-12-11,8.289999961853027,8.529999732971191,8.220000267028809,8.399999618530273,5.840371608734131,6839300
2015-12-14,8.300000190734863,8.300000190734863,8.020000457763672,8.199999809265137,5.701315879821777,5521723
2015-12-15,8.270000457763672,8.520000457763672,8.25,8.329999923706055,5.791701316833496,4598000
2015-12-16,8.5,8.880000114440918,8.5,8.789999961853027,6.111533164978027,9550992
2015-12-17,8.880000114440918,9.050000190734863,8.779999732971191,8.819999694824219,6.13239049911499,7961000
2015-12-18,8.800000190734863,8.829999923706055,8.710000038146973,8.779999732971191,6.104579448699951,7688900
2015-12-21,8.720000267028809,8.779999732971191,8.40999984741211,8.510000228881836,5.916853427886963,4885000
2015-12-22,8.510000228881836,8.59000015258789,8.430000305175781,8.460000038146973,5.882089138031006,1451000
2015-12-23,8.529999732971191,8.640000343322754,8.399999618530273,8.449999809265137,5.875135898590088,6441400
2015-12-24,8.489999771118164,8.489999771118164,8.399999618530273,8.40999984741211,5.847324371337891,1463000
2015-12-28,8.430000305175781,8.520000457763672,8.399999618530273,8.40999984741211,5.847324371337891,1444500
2015-12-29,8.520000457763672,8.520000457763672,8.399999618530273,8.420000076293945,5.854278087615967,1050000
2015-12-30,8.40999984741211,8.59000015258789,8.199999809265137,8.279999732971191,5.7569379806518555,3955519
2015-12-31,8.260000228881836,8.260000228881836,7.96999979019165,7.989999771118164,5.555306434631348,5570000
2016-01-04,7.989999771118164,8.039999961853027,7.53000020980835,7.679999828338623,5.339768886566162,9314300
2016-01-05,7.610000133514404,7.960000038146973,7.599999904632568,7.940000057220459,5.520542621612549,7662000
2016-01-06,7.900000095367432,7.929999828338623,7.679999828338623,7.900000095367432,5.492730617523193,5920728
2016-01-07,7.800000190734863,7.800000190734863,7.389999866485596,7.46999979019165,5.193759918212891,4539000
2016-01-08,7.400000095367432,7.650000095367432,7.349999904632568,7.5,5.214618682861328,4198000
2016-01-11,7.239999771118164,7.28000020980835,6.980000019073486,7.0,4.866976261138916,6593428
2016-01-12,7.119999885559082,7.119999885559082,6.920000076293945,6.949999809265137,4.832212448120117,5527000
2016-01-13,7.019999980926514,7.139999866485596,6.800000190734863,6.940000057220459,4.825259685516357,7914300
2016-01-14,6.800000190734863,6.800000190734863,6.53000020980835,6.699999809265137,4.65839147567749,6026833
2016-01-15,6.849999904632568,6.860000133514404,6.480000019073486,6.5,4.519335746765137,4611297
2016-01-18,6.429999828338623,6.440000057220459,6.139999866485596,6.260000228881836,4.3524675369262695,18543000
2016-01-19,6.269999980926514,6.5,6.199999809265137,6.460000038146973,4.491523742675781,11760573
2016-01-20,6.800000190734863,6.920000076293945,6.599999904632568,6.789999961853027,4.7209672927856445,30386960
2016-01-21,6.880000114440918,7.190000057220459,6.489999771118164,6.550000190734863,4.554100036621094,13770707
2016-01-22,6.800000190734863,7.0,6.610000133514404,6.96999979019165,4.846118450164795,11715000
2016-01-25,7.150000095367432,7.460000038146973,7.150000095367432,7.400000095367432,5.145090579986572,10213680
2016-01-26,7.289999961853027,7.400000095367432,7.110000133514404,7.260000228881836,5.047750949859619,8178000
2016-01-27,7.400000095367432,7.449999809265137,7.110000133514404,7.300000190734863,5.0755615234375,5269700
2016-01-28,7.329999923706055,7.639999866485596,7.230000019073486,7.579999923706055,5.270240783691406,7683900
2016-01-29,7.579999923706055,7.949999809265137,7.5,7.800000190734863,5.4232025146484375,9486237
2016-02-01,7.690000057220459,7.800000190734863,7.449999809265137,7.639999866485596,5.311956882476807,5348606
2016-02-02,7.650000095367432,7.75,7.5,7.690000057220459,5.346721172332764,2569000
2016-02-03,7.519999980926514,7.610000133514404,7.389999866485596,7.599999904632568,5.284146308898926,2352404
2016-02-04,7.630000114440918,7.809999942779541,7.619999885559082,7.760000228881836,5.395391941070557,4115464
2016-02-05,7.78000020980835,7.96999979019165,7.75,7.960000038146973,5.534448623657227,5214964
2016-02-11,7.510000228881836,7.699999809265137,7.28000020980835,7.300000190734863,5.0755615234375,8196430
2016-02-12,7.28000020980835,7.480000019073486,7.099999904632568,7.309999942779541,5.08251428604126,5353600
2016-02-15,7.5,8.029999732971191,7.400000095367432,8.0,5.562259197235107,7378105
2016-02-16,7.920000076293945,8.449999809265137,7.920000076293945,8.289999961853027,5.763891220092773,8986000
2016-02-17,8.260000228881836,8.449999809265137,8.199999809265137,8.390000343322754,5.8334197998046875,9331234
2016-02-18,8.539999961853027,8.729999542236328,8.520000457763672,8.619999885559082,5.993334770202637,8909000
2016-02-19,8.630000114440918,8.630000114440918,8.170000076293945,8.199999809265137,5.701315879821777,6298000
2016-02-22,8.350000381469727,8.550000190734863,8.289999961853027,8.539999961853027,5.937710762023926,7020000
2016-02-23,8.479999542236328,8.539999961853027,8.300000190734863,8.40999984741211,5.847324371337891,4654987
2016-02-24,8.350000381469727,8.479999542236328,8.300000190734863,8.350000381469727,5.805608749389648,3631581
2016-02-25,8.430000305175781,8.489999771118164,8.149999618530273,8.279999732971191,5.7569379806518555,4060000
2016-02-26,8.289999961853027,8.5,8.289999961853027,8.380000114440918,5.8264665603637695,2460500
2016-02-29,8.479999542236328,8.479999542236328,8.140000343322754,8.1899995803833,5.694362163543701,3485800
2016-03-01,8.199999809265137,8.279999732971191,7.989999771118164,8.270000457763672,5.749986171722412,6691982
2016-03-02,8.399999618530273,8.75,8.3100004196167,8.619999885559082,5.993334770202637,7489600
2016-03-03,8.550000190734863,8.65999984741211,8.470000267028809,8.5,5.909899711608887,3594929
2016-03-04,8.5,8.569999694824219,8.399999618530273,8.470000267028809,5.889041423797607,6946782
2016-03-07,8.470000267028809,8.640000343322754,8.4399995803833,8.489999771118164,5.902947902679443,4789000
2016-03-08,8.4399995803833,8.739999771118164,8.40999984741211,8.680000305175781,6.035051345825195,5299827
2016-03-09,8.470000267028809,8.489999771118164,7.900000095367432,8.100000381469727,5.6317877769470215,19032914
2016-03-10,8.119999885559082,8.119999885559082,7.28000020980835,7.300000190734863,5.0755615234375,29743872
2016-03-11,7.150000095367432,7.579999923706055,7.150000095367432,7.519999980926514,5.2285237312316895,18241833
2016-03-14,7.519999980926514,7.679999828338623,7.440000057220459,7.559999942779541,5.2563347816467285,8206300
2016-03-15,7.480000019073486,7.579999923706055,7.369999885559082,7.420000076293945,5.158995151519775,5375507
2016-03-16,7.400000095367432,7.400000095367432,7.170000076293945,7.210000038146973,5.012985706329346,5631889
2016-03-17,7.320000171661377,7.380000114440918,7.190000057220459,7.289999961853027,5.068609237670898,11948979
2016-03-18,7.380000114440918,7.380000114440918,7.159999847412109,7.300000190734863,5.0755615234375,9696200
2016-03-21,7.349999904632568,7.820000171661377,7.349999904632568,7.800000190734863,5.4232025146484375,17340000
2016-03-22,7.900000095367432,7.929999828338623,7.510000228881836,7.559999942779541,5.2563347816467285,7807322
2016-03-23,7.639999866485596,7.800000190734863,7.460000038146973,7.630000114440918,5.305003643035889,9623701
2016-03-24,7.630000114440918,7.659999847412109,7.449999809265137,7.650000095367432,5.318910121917725,8526000
2016-03-29,7.599999904632568,7.75,7.409999847412109,7.46999979019165,5.193759918212891,7269423
2016-03-30,7.610000133514404,7.769999980926514,7.550000190734863,7.769999980926514,5.402344226837158,5859724
2016-03-31,7.820000171661377,7.889999866485596,7.75,7.760000228881836,5.395391941070557,5622560
2016-04-01,7.829999923706055,7.829999923706055,7.599999904632568,7.659999847412109,5.325862407684326,2621013
2016-04-05,7.599999904632568,7.599999904632568,7.400000095367432,7.460000038146973,5.186806678771973,4856193
2016-04-06,7.449999809265137,7.650000095367432,7.420000076293945,7.570000171661377,5.263288974761963,4568600
2016-04-07,7.539999961853027,7.690000057220459,7.429999828338623,7.5,5.214618682861328,6184000
2016-04-08,7.340000152587891,7.53000020980835,7.340000152587891,7.519999980926514,5.2285237312316895,1671272
2016-04-11,7.519999980926514,7.599999904632568,7.480000019073486,7.53000020980835,5.235476970672607,4031000
2016-04-12,7.559999942779541,7.630000114440918,7.460000038146973,7.5,5.214618682861328,3325250
2016-04-13,7.599999904632568,7.599999904632568,7.349999904632568,7.389999866485596,5.138137340545654,10493216
2016-04-14,7.440000057220459,7.579999923706055,7.150000095367432,7.170000076293945,4.985174655914307,16734040
2016-04-15,7.239999771118164,7.25,7.119999885559082,7.179999828338623,4.992128372192383,6037000
2016-04-18,7.130000114440918,7.199999809265137,7.099999904632568,7.170000076293945,4.985174655914307,3709000
2016-04-19,7.309999942779541,7.309999942779541,6.800000190734863,6.840000152587891,4.75573205947876,20742680
2016-04-20,6.800000190734863,6.849999904632568,6.440000057220459,6.460000038146973,4.491523742675781,22840780
2016-04-21,6.510000228881836,6.989999771118164,6.510000228881836,6.96999979019165,4.846118450164795,17981293
2016-04-22,6.920000076293945,7.099999904632568,6.849999904632568,6.960000038146973,4.839164733886719,9176000
2016-04-25,7.0,7.070000171661377,6.860000133514404,6.920000076293945,4.811354160308838,8070000
2016-04-26,7.019999980926514,7.019999980926514,6.75,6.889999866485596,4.790494441986084,7302090
2016-04-27,6.869999885559082,6.900000095367432,6.650000095367432,6.710000038146973,4.665345191955566,6293600
2016-04-28,6.809999942779541,6.820000171661377,6.559999942779541,6.650000095367432,4.623627662658691,7950630
2016-04-29,6.599999904632568,6.909999847412109,6.599999904632568,6.710000038146973,4.665345191955566,14264600
2016-05-03,6.599999904632568,6.630000114440918,6.320000171661377,6.360000133514404,4.421995639801025,17236000
2016-05-04,6.360000133514404,6.449999809265137,6.199999809265137,6.420000076293945,4.4637131690979,9199400
2016-05-05,6.420000076293945,6.440000057220459,6.340000152587891,6.400000095367432,4.449807167053223,9910467
2016-05-06,6.380000114440918,6.559999942779541,6.380000114440918,6.429999828338623,4.470664978027344,7873121
2016-05-09,6.429999828338623,6.460000038146973,6.239999771118164,6.25,4.359072685241699,5552169
2016-05-10,6.199999809265137,6.28000020980835,6.150000095367432,6.25,4.359072685241699,8272017
2016-05-11,6.230000019073486,6.329999923706055,6.190000057220459,6.210000038146973,4.331174850463867,4501311
2016-05-12,6.239999771118164,6.239999771118164,6.03000020980835,6.099999904632568,4.254456043243408,8073966
2016-05-13,6.0,6.059999942779541,5.71999979019165,5.920000076293945,4.128915309906006,9796484
2016-05-16,5.920000076293945,6.03000020980835,5.840000152587891,5.940000057220459,4.142862796783447,7451800
2016-05-17,5.980000019073486,6.429999828338623,5.980000019073486,6.429999828338623,4.484614372253418,15351040
2016-05-18,6.400000095367432,6.639999866485596,6.309999942779541,6.349999904632568,4.428818225860596,11404683
2016-05-19,6.400000095367432,6.400000095367432,6.210000038146973,6.28000020980835,4.379997730255127,5032700
2016-05-20,6.289999961853027,6.289999961853027,6.039999961853027,6.090000152587891,4.247481822967529,8377000
2016-05-23,6.079999923706055,6.099999904632568,6.039999961853027,6.079999923706055,4.240507125854492,3307042
2016-05-24,6.019999980926514,6.179999828338623,6.019999980926514,6.170000076293945,4.303277492523193,5703000
2016-05-25,6.300000190734863,6.329999923706055,6.190000057220459,6.25,4.359072685241699,5489500
2016-05-26,6.300000190734863,6.300000190734863,6.190000057220459,6.210000038146973,4.331174850463867,2621435
2016-05-27,6.199999809265137,6.309999942779541,6.159999847412109,6.300000190734863,4.393946647644043,6789081
2016-05-30,6.320000171661377,6.449999809265137,6.300000190734863,6.349999904632568,4.428818225860596,5243386
2016-05-31,6.349999904632568,6.610000133514404,6.349999904632568,6.550000190734863,4.568309307098389,7603081
2016-06-01,6.480000019073486,6.690000057220459,6.480000019073486,6.590000152587891,4.596208095550537,6858860
2016-06-02,6.550000190734863,6.610000133514404,6.389999866485596,6.579999923706055,4.589231967926025,6699000
2016-06-03,6.599999904632568,6.650000095367432,6.53000020980835,6.590000152587891,4.596208095550537,5744800
2016-06-06,6.559999942779541,6.670000076293945,6.460000038146973,6.659999847412109,4.645029544830322,7204100
2016-06-07,6.71999979019165,6.909999847412109,6.710000038146973,6.849999904632568,4.7775444984436035,9221000
2016-06-08,6.849999904632568,6.849999904632568,6.550000190734863,6.599999904632568,4.603181838989258,5680207
2016-06-10,6.639999866485596,6.639999866485596,6.199999809265137,6.28000020980835,4.379997730255127,11171079
2016-06-13,6.199999809265137,6.260000228881836,6.119999885559082,6.179999828338623,4.310251235961914,12345541
2016-06-14,6.21999979019165,6.460000038146973,6.150000095367432,6.360000133514404,4.435793399810791,8401718
2016-06-15,6.349999904632568,6.380000114440918,6.21999979019165,6.329999923706055,4.41486930847168,5756230
2016-06-16,6.300000190734863,6.400000095367432,6.269999980926514,6.400000095367432,4.463690757751465,5126269
2016-06-17,6.46999979019165,6.5,6.369999885559082,6.389999866485596,4.456717491149902,4156800
2016-06-20,6.489999771118164,6.579999923706055,6.400000095367432,6.480000019073486,4.519487380981445,5896268
2016-06-21,6.440000057220459,6.5,6.300000190734863,6.360000133514404,4.435793399810791,6686800
2016-06-22,6.400000095367432,6.480000019073486,6.289999961853027,6.46999979019165,4.512511730194092,5224321
2016-06-23,6.5,6.510000228881836,6.349999904632568,6.440000057220459,4.491589069366455,6952346
2016-06-24,6.429999828338623,6.46999979019165,5.989999771118164,6.329999923706055,4.41486930847168,15182000
2016-06-27,6.309999942779541,6.510000228881836,6.179999828338623,6.510000228881836,4.540411949157715,8800079
2016-06-28,6.400000095367432,6.699999809265137,6.389999866485596,6.610000133514404,4.610156059265137,10057200
2016-06-29,6.610000133514404,6.71999979019165,6.579999923706055,6.679999828338623,4.658977031707764,5524700
2016-06-30,6.730000019073486,6.829999923706055,6.670000076293945,6.769999980926514,4.721747875213623,11272680
2016-07-04,6.789999961853027,6.820000171661377,6.679999828338623,6.760000228881836,4.714774131774902,8726161
2016-07-05,6.760000228881836,6.769999980926514,6.639999866485596,6.679999828338623,4.658977031707764,5755400
2016-07-06,6.599999904632568,6.599999904632568,6.230000019073486,6.289999961853027,4.3869709968566895,14031699
2016-07-07,6.300000190734863,6.349999904632568,6.079999923706055,6.230000019073486,4.345124244689941,18791000
2016-07-08,6.210000038146973,6.260000228881836,6.130000114440918,6.130000114440918,4.275379180908203,5511487
2016-07-11,6.199999809265137,6.199999809265137,6.099999904632568,6.139999866485596,4.282353401184082,6874000
2016-07-12,6.139999866485596,6.360000133514404,6.090000152587891,6.329999923706055,4.41486930847168,11602087
2016-07-13,6.340000152587891,6.420000076293945,6.340000152587891,6.369999885559082,4.442767143249512,6781800
2016-07-14,6.349999904632568,6.369999885559082,6.170000076293945,6.260000228881836,4.3660478591918945,6564205
2016-07-15,6.269999980926514,6.300000190734863,6.179999828338623,6.199999809265137,4.3242011070251465,6868000
2016-07-18,6.269999980926514,6.289999961853027,6.21999979019165,6.239999771118164,4.35209846496582,3228000
2016-07-19,6.210000038146973,6.369999885559082,6.210000038146973,6.329999923706055,4.41486930847168,4749100
2016-07-20,6.349999904632568,6.360000133514404,6.260000228881836,6.28000020980835,4.379997730255127,4598600
2016-07-21,6.289999961853027,6.639999866485596,6.289999961853027,6.590000152587891,4.596208095550537,11272293
2016-07-22,6.590000152587891,6.71999979019165,6.510000228881836,6.619999885559082,4.617130756378174,7652800
2016-07-25,6.619999885559082,6.71999979019165,6.570000171661377,6.610000133514404,4.610156059265137,3185000
2016-07-26,6.599999904632568,6.599999904632568,6.5,6.53000020980835,4.554359436035156,2190000
2016-07-27,6.570000171661377,6.590000152587891,6.369999885559082,6.440000057220459,4.491589069366455,4628567
2016-07-28,6.400000095367432,6.489999771118164,6.389999866485596,6.460000038146973,4.505538463592529,4412004
2016-07-29,6.429999828338623,6.460000038146973,6.360000133514404,6.409999847412109,4.470665454864502,3825607
2016-08-01,6.440000057220459,6.440000057220459,6.289999961853027,6.329999923706055,4.41486930847168,8612316
2016-08-02,6.329999923706055,6.329999923706055,6.329999923706055,6.329999923706055,4.41486930847168,0
2016-08-03,6.329999923706055,6.349999904632568,6.269999980926514,6.320000171661377,4.407895088195801,4483488
2016-08-04,6.300000190734863,6.320000171661377,6.260000228881836,6.269999980926514,4.37302303314209,5544763
2016-08-05,6.269999980926514,6.369999885559082,6.269999980926514,6.340000152587891,4.421844005584717,7583426
2016-08-08,6.369999885559082,6.440000057220459,6.340000152587891,6.340000152587891,4.421844005584717,4385000
2016-08-09,6.300000190734863,6.5,6.300000190734863,6.420000076293945,4.477640151977539,4129300
2016-08-10,6.800000190734863,6.820000171661377,6.610000133514404,6.78000020980835,4.728723526000977,28643678
2016-08-11,6.699999809265137,6.730000019073486,6.440000057220459,6.639999866485596,4.63107967376709,27160190
2016-08-12,6.820000171661377,6.840000152587891,6.519999980926514,6.610000133514404,4.610156059265137,18136900
2016-08-15,6.610000133514404,6.610000133514404,6.28000020980835,6.300000190734863,4.393946647644043,21146200
2016-08-16,6.369999885559082,6.369999885559082,6.119999885559082,6.230000019073486,4.345124244689941,19786305
2016-08-17,6.300000190734863,6.380000114440918,5.900000095367432,6.210000038146973,4.331174850463867,33684295
2016-08-18,6.170000076293945,6.190000057220459,5.949999809265137,5.960000038146973,4.156813144683838,38359600
2016-08-19,5.989999771118164,6.079999923706055,5.760000228881836,6.019999980926514,4.198659896850586,20002000
2016-08-22,6.0,6.119999885559082,5.929999828338623,6.039999961853027,4.2126078605651855,11049700
2016-08-23,6.0,6.019999980926514,5.829999923706055,5.889999866485596,4.135376930236816,9090985
2016-08-24,5.889999866485596,5.949999809265137,5.559999942779541,5.590000152587891,3.9247477054595947,16890294
2016-08-25,5.619999885559082,5.659999847412109,5.329999923706055,5.539999961853027,3.889641523361206,11576460
2016-08-26,5.539999961853027,5.849999904632568,5.480000019073486,5.820000171661377,4.086230278015137,10655000
2016-08-29,5.820000171661377,5.849999904632568,5.650000095367432,5.809999942779541,4.079208850860596,6423100
2016-08-30,5.860000133514404,6.03000020980835,5.78000020980835,6.019999980926514,4.226651191711426,10196653
2016-08-31,5.900000095367432,6.070000171661377,5.900000095367432,6.0,4.212608337402344,8228972
2016-09-01,6.010000228881836,6.079999923706055,5.949999809265137,6.03000020980835,4.23367166519165,5987700
2016-09-02,6.050000190734863,6.199999809265137,6.03000020980835,6.190000057220459,4.346007347106934,13312000
2016-09-05,6.25,6.309999942779541,6.059999942779541,6.099999904632568,4.28281831741333,9752167
2016-09-06,6.099999904632568,6.190000057220459,6.090000152587891,6.119999885559082,4.296861171722412,6979950
2016-09-07,6.139999866485596,6.239999771118164,6.139999866485596,6.170000076293945,4.331965923309326,11556900
2016-09-08,6.199999809265137,6.230000019073486,6.099999904632568,6.130000114440918,4.303881645202637,4288320
2016-09-09,6.139999866485596,6.21999979019165,6.130000114440918,6.159999847412109,4.324944972991943,5622200
2016-09-12,6.070000171661377,6.090000152587891,5.880000114440918,5.920000076293945,4.156440734863281,6271143
2016-09-13,6.0,6.03000020980835,5.800000190734863,5.800000190734863,4.072188377380371,4928000
2016-09-14,5.800000190734863,5.909999847412109,5.75,5.900000095367432,4.142398357391357,7535330
2016-09-15,5.989999771118164,6.179999828338623,5.980000019073486,6.170000076293945,4.331965923309326,8704620
2016-09-19,6.190000057220459,6.190000057220459,6.079999923706055,6.099999904632568,4.28281831741333,3619000
2016-09-20,6.099999904632568,6.119999885559082,6.050000190734863,6.079999923706055,4.268777370452881,2201000
2016-09-21,6.099999904632568,6.150000095367432,6.039999961853027,6.059999942779541,4.254734992980957,7992300
2016-09-22,6.139999866485596,6.150000095367432,6.019999980926514,6.039999961853027,4.240692138671875,4222019
2016-09-23,6.119999885559082,6.119999885559082,5.960000038146973,5.989999771118164,4.205586910247803,3154080
2016-09-26,5.989999771118164,5.989999771118164,5.809999942779541,5.820000171661377,4.086230278015137,3023472
2016-09-27,5.889999866485596,5.889999866485596,5.809999942779541,5.820000171661377,4.086230278015137,4670247
2016-09-28,5.869999885559082,5.869999885559082,5.739999771118164,5.75,4.037084102630615,4284700
2016-09-29,5.75,5.840000152587891,5.75,5.78000020980835,4.058146953582764,4751142
2016-09-30,5.75,5.800000190734863,5.679999828338623,5.699999809265137,4.001978874206543,6494442
2016-10-03,5.710000038146973,5.820000171661377,5.710000038146973,5.769999980926514,4.0511250495910645,1564841
2016-10-04,5.769999980926514,5.880000114440918,5.760000228881836,5.869999885559082,4.121335029602051,2399200
2016-10-05,5.800000190734863,5.880000114440918,5.800000190734863,5.809999942779541,4.079208850860596,2423900
2016-10-06,5.800000190734863,5.869999885559082,5.789999961853027,5.820000171661377,4.086230278015137,2247000
2016-10-07,5.860000133514404,5.869999885559082,5.71999979019165,5.78000020980835,4.058146953582764,3371467
2016-10-11,5.800000190734863,5.829999923706055,5.699999809265137,5.789999961853027,4.06516695022583,2986500
2016-10-12,5.78000020980835,5.809999942779541,5.710000038146973,5.800000190734863,4.072188377380371,2118627
2016-10-13,5.800000190734863,5.800000190734863,5.519999980926514,5.53000020980835,3.8826212882995605,5998466
2016-10-14,5.539999961853027,5.639999866485596,5.5,5.559999942779541,3.903684139251709,5220000
2016-10-17,5.559999942779541,5.579999923706055,5.5,5.510000228881836,3.8685786724090576,2254000
2016-10-18,5.480000019073486,5.559999942779541,5.460000038146973,5.510000228881836,3.8685786724090576,5140300
2016-10-19,5.650000095367432,5.699999809265137,5.519999980926514,5.650000095367432,3.9668729305267334,6825500
2016-10-20,5.75,5.75,5.559999942779541,5.610000133514404,3.9387893676757812,3301800
2016-10-21,5.610000133514404,5.610000133514404,5.610000133514404,5.610000133514404,3.9387893676757812,0
2016-10-24,5.550000190734863,5.650000095367432,5.510000228881836,5.539999961853027,3.889641523361206,5150000
2016-10-25,5.550000190734863,5.579999923706055,5.400000095367432,5.420000076293945,3.8053901195526123,5524475
2016-10-26,5.420000076293945,5.519999980926514,5.400000095367432,5.449999809265137,3.8264520168304443,3495488
2016-10-27,5.400000095367432,5.440000057220459,5.110000133514404,5.130000114440918,3.601780652999878,13112564
2016-10-28,5.119999885559082,5.150000095367432,4.679999828338623,4.78000020980835,3.356044292449951,19127106
2016-10-31,4.699999809265137,4.949999809265137,4.699999809265137,4.849999904632568,3.405191659927368,9074534
2016-11-01,4.840000152587891,4.849999904632568,4.639999866485596,4.679999828338623,3.285834789276123,11649644
2016-11-02,4.659999847412109,4.679999828338623,4.369999885559082,4.449999809265137,3.1243510246276855,11971972
2016-11-03,4.409999847412109,4.489999771118164,4.360000133514404,4.460000038146973,3.1313717365264893,5364481
2016-11-04,4.5,4.690000057220459,4.429999828338623,4.650000095367432,3.2647716999053955,11800148
2016-11-07,4.690000057220459,4.789999961853027,4.639999866485596,4.739999771118164,3.327960252761841,6606024
2016-11-08,4.800000190734863,4.840000152587891,4.71999979019165,4.769999980926514,3.3490235805511475,5432100
2016-11-09,4.769999980926514,4.849999904632568,4.429999828338623,4.619999885559082,3.243708372116089,6390000
2016-11-10,4.739999771118164,4.739999771118164,4.639999866485596,4.679999828338623,3.285834789276123,4754000
2016-11-11,4.650000095367432,4.699999809265137,4.480000019073486,4.519999980926514,3.1734979152679443,6178000
2016-11-14,4.559999942779541,4.559999942779541,4.420000076293945,4.489999771118164,3.1524345874786377,2954200
2016-11-15,4.5,4.650000095367432,4.480000019073486,4.579999923706055,3.2156240940093994,3990700
2016-11-16,4.679999828338623,4.78000020980835,4.610000133514404,4.769999980926514,3.3490235805511475,8111000
2016-11-17,4.789999961853027,4.789999961853027,4.650000095367432,4.739999771118164,3.327960252761841,3698000
2016-11-18,4.739999771118164,4.800000190734863,4.659999847412109,4.699999809265137,3.2998764514923096,2486000
2016-11-21,4.760000228881836,4.760000228881836,4.630000114440918,4.699999809265137,3.2998764514923096,1687200
2016-11-22,4.739999771118164,4.75,4.630000114440918,4.650000095367432,3.2647716999053955,3357200
2016-11-23,4.650000095367432,4.699999809265137,4.489999771118164,4.5,3.159456968307495,4857000
2016-11-24,4.559999942779541,4.769999980926514,4.460000038146973,4.739999771118164,3.327960252761841,9845000
2016-11-25,4.760000228881836,4.840000152587891,4.730000019073486,4.75,3.334981679916382,1831600
2016-11-28,4.800000190734863,5.050000190734863,4.78000020980835,5.03000020980835,3.5315709114074707,8747000
2016-11-29,5.070000171661377,5.070000171661377,4.96999979019165,4.989999771118164,3.5034854412078857,4003200
2016-11-30,5.079999923706055,5.25,5.0,5.199999809265137,3.6509275436401367,6597000
2016-12-01,5.269999980926514,5.269999980926514,5.099999904632568,5.190000057220459,3.643906831741333,4612200
2016-12-02,5.230000019073486,5.230000019073486,4.929999828338623,5.010000228881836,3.5175280570983887,7351000
2016-12-05,5.019999980926514,5.159999847412109,4.869999885559082,4.949999809265137,3.4754016399383545,6181000
2016-12-06,4.949999809265137,5.0,4.869999885559082,4.900000095367432,3.4402971267700195,3038040
2016-12-07,4.949999809265137,4.949999809265137,4.78000020980835,4.800000190734863,3.370087146759033,5180000
2016-12-08,4.869999885559082,4.889999866485596,4.679999828338623,4.699999809265137,3.2998764514923096,4244151
2016-12-09,4.75,4.900000095367432,4.650000095367432,4.800000190734863,3.370087146759033,4361558
2016-12-12,4.809999942779541,4.849999904632568,4.639999866485596,4.650000095367432,3.2647716999053955,3883700
2016-12-13,4.630000114440918,4.670000076293945,4.550000190734863,4.579999923706055,3.2156240940093994,5832000
2016-12-14,4.590000152587891,4.730000019073486,4.579999923706055,4.710000038146973,3.3068974018096924,3502000
2016-12-15,4.690000057220459,4.769999980926514,4.650000095367432,4.739999771118164,3.327960252761841,4039000
2016-12-16,4.739999771118164,4.78000020980835,4.699999809265137,4.739999771118164,3.327960252761841,3985300
2016-12-19,4.78000020980835,5.039999961853027,4.75,5.03000020980835,3.5315709114074707,11825400
2016-12-20,5.070000171661377,5.090000152587891,4.929999828338623,4.949999809265137,3.4754016399383545,6069800
2016-12-21,4.980000019073486,5.03000020980835,4.940000057220459,4.980000019073486,3.496464729309082,3246791
2016-12-22,4.920000076293945,5.019999980926514,4.829999923706055,5.0,3.510507106781006,2494166
2016-12-23,4.900000095367432,5.010000228881836,4.900000095367432,5.0,3.510507106781006,2364000
2016-12-28,5.0,5.139999866485596,4.989999771118164,5.139999866485596,3.6088013648986816,3271131
2016-12-29,5.099999904632568,5.25,5.039999961853027,5.119999885559082,3.594758987426758,3369000
2016-12-30,5.130000114440918,5.179999828338623,5.119999885559082,5.139999866485596,3.6088013648986816,1707000
2017-01-03,5.139999866485596,5.179999828338623,5.119999885559082,5.179999828338623,3.636884927749634,1400278
2017-01-04,5.230000019073486,5.230000019073486,5.090000152587891,5.110000133514404,3.587737560272217,2034900
2017-01-05,5.119999885559082,5.25,5.119999885559082,5.21999979019165,3.664968729019165,4245300
2017-01-06,5.21999979019165,5.28000020980835,5.159999847412109,5.230000019073486,3.671990394592285,2496152
2017-01-09,5.179999828338623,5.21999979019165,5.130000114440918,5.159999847412109,3.6228437423706055,2590304
2017-01-10,5.159999847412109,5.179999828338623,5.079999923706055,5.179999828338623,3.636884927749634,2069000
2017-01-11,5.159999847412109,5.159999847412109,5.079999923706055,5.150000095367432,3.6158227920532227,1418000
2017-01-12,5.190000057220459,5.190000057220459,5.110000133514404,5.159999847412109,3.6228437423706055,1259500
2017-01-13,5.260000228881836,5.260000228881836,5.119999885559082,5.150000095367432,3.6158227920532227,1571000
2017-01-16,5.150000095367432,5.150000095367432,5.070000171661377,5.119999885559082,3.594758987426758,1597906
2017-01-17,5.099999904632568,5.199999809265137,5.079999923706055,5.110000133514404,3.587737560272217,1837000
2017-01-18,5.090000152587891,5.170000076293945,5.090000152587891,5.139999866485596,3.6088013648986816,1294000
2017-01-19,5.130000114440918,5.210000038146973,5.119999885559082,5.199999809265137,3.6509275436401367,1624000
2017-01-20,5.199999809265137,5.210000038146973,5.179999828338623,5.190000057220459,3.643906831741333,1101210
2017-01-23,5.159999847412109,5.25,5.119999885559082,5.139999866485596,3.6088013648986816,517000
2017-01-24,5.349999904632568,5.360000133514404,5.159999847412109,5.230000019073486,3.671990394592285,1963373
2017-01-25,5.28000020980835,5.28000020980835,5.230000019073486,5.269999980926514,3.7000744342803955,1331000
2017-01-26,5.340000152587891,5.380000114440918,5.25,5.369999885559082,3.770284652709961,3092732
2017-01-27,5.380000114440918,5.460000038146973,5.320000171661377,5.440000057220459,3.819432258605957,2134000
2017-02-01,5.440000057220459,5.53000020980835,5.400000095367432,5.519999980926514,3.8755998611450195,4842002
2017-02-02,5.519999980926514,5.670000076293945,5.519999980926514,5.659999847412109,3.9738941192626953,5198000
2017-02-03,5.670000076293945,5.699999809265137,5.550000190734863,5.619999885559082,3.9458093643188477,4506502
2017-02-06,5.610000133514404,5.650000095367432,5.46999979019165,5.510000228881836,3.8685786724090576,3094180
2017-02-07,5.510000228881836,5.539999961853027,5.460000038146973,5.5,3.861557722091675,2260000
2017-02-08,5.5,5.630000114440918,5.5,5.630000114440918,3.952831506729126,3573126
2017-02-09,5.610000133514404,5.670000076293945,5.550000190734863,5.659999847412109,3.9738941192626953,4210454
2017-02-10,5.679999828338623,5.679999828338623,5.590000152587891,5.630000114440918,3.952831506729126,2267442
2017-02-13,5.639999866485596,5.679999828338623,5.599999904632568,5.659999847412109,3.9738941192626953,1820200
2017-02-14,5.659999847412109,5.699999809265137,5.599999904632568,5.650000095367432,3.9668729305267334,2898884
2017-02-15,5.679999828338623,5.769999980926514,5.670000076293945,5.690000057220459,3.9949567317962646,2644300
2017-02-16,5.710000038146973,5.75,5.690000057220459,5.730000019073486,4.023040771484375,3086400
2017-02-17,5.699999809265137,5.75,5.53000020980835,5.550000190734863,3.896662950515747,2814000
2017-02-20,5.639999866485596,5.659999847412109,5.550000190734863,5.650000095367432,3.9668729305267334,1820000
2017-02-21,5.659999847412109,5.670000076293945,5.519999980926514,5.559999942779541,3.903684139251709,2251300
2017-02-22,5.570000171661377,5.639999866485596,5.449999809265137,5.510000228881836,3.8685786724090576,4016000
2017-02-23,5.5,5.599999904632568,5.380000114440918,5.429999828338623,3.812411069869995,2692700
2017-02-24,5.46999979019165,5.480000019073486,5.309999942779541,5.340000152587891,3.749221086502075,2088110
2017-02-27,5.340000152587891,5.400000095367432,5.309999942779541,5.389999866485596,3.7843270301818848,1336300
2017-02-28,5.400000095367432,5.489999771118164,5.400000095367432,5.480000019073486,3.847515106201172,1503000
2017-03-01,5.460000038146973,5.519999980926514,5.440000057220459,5.46999979019165,3.8404948711395264,1369480
2017-03-02,5.400000095367432,5.539999961853027,5.400000095367432,5.460000038146973,3.8334739208221436,1527000
2017-03-03,5.460000038146973,5.5,5.300000190734863,5.369999885559082,3.770284652709961,1090756
2017-03-06,5.400000095367432,5.429999828338623,5.369999885559082,5.389999866485596,3.7843270301818848,462000
2017-03-07,5.369999885559082,5.429999828338623,5.369999885559082,5.420000076293945,3.8053901195526123,1150000
2017-03-08,5.449999809265137,5.5,5.380000114440918,5.409999847412109,3.798368215560913,1961430
2017-03-09,5.380000114440918,5.380000114440918,4.920000076293945,5.039999961853027,3.5385913848876953,14307000
2017-03-10,5.070000171661377,5.070000171661377,4.920000076293945,4.929999828338623,3.4613595008850098,6641027
2017-03-13,4.929999828338623,4.940000057220459,4.800000190734863,4.849999904632568,3.405191659927368,7740500
2017-03-14,4.849999904632568,4.980000019073486,4.849999904632568,4.860000133514404,3.4122135639190674,3434197
2017-03-15,4.880000114440918,4.920000076293945,4.869999885559082,4.880000114440918,3.4262547492980957,4550000
2017-03-16,4.889999866485596,4.96999979019165,4.889999866485596,4.949999809265137,3.4754016399383545,6405690
2017-03-17,4.900000095367432,4.980000019073486,4.889999866485596,4.940000057220459,3.468380928039551,7465000
2017-03-20,4.980000019073486,5.46999979019165,4.940000057220459,5.400000095367432,3.7913475036621094,36179000
2017-03-21,5.480000019073486,5.519999980926514,5.079999923706055,5.239999771118164,3.679011344909668,22426969
2017-03-22,5.199999809265137,5.199999809265137,5.099999904632568,5.179999828338623,3.636884927749634,6986000
2017-03-23,5.179999828338623,5.329999923706055,5.150000095367432,5.230000019073486,3.671990394592285,8658400
2017-03-24,5.25,5.289999961853027,5.170000076293945,5.179999828338623,3.636884927749634,3784000
2017-03-27,5.179999828338623,5.179999828338623,4.980000019073486,5.019999980926514,3.5245485305786133,7985200
2017-03-28,5.059999942779541,5.079999923706055,4.949999809265137,5.019999980926514,3.5245485305786133,3543914
2017-03-29,5.079999923706055,5.079999923706055,4.960000038146973,4.980000019073486,3.496464729309082,3383112
2017-03-30,4.96999979019165,4.989999771118164,4.940000057220459,4.960000038146973,3.4824230670928955,2083000
2017-03-31,4.980000019073486,5.0,4.920000076293945,4.960000038146973,3.4824230670928955,5017900
2017-04-03,5.019999980926514,5.03000020980835,4.949999809265137,4.989999771118164,3.5034854412078857,3646200
2017-04-05,4.96999979019165,5.03000020980835,4.929999828338623,4.960000038146973,3.4824230670928955,4701000
2017-04-06,4.960000038146973,4.96999979019165,4.860000133514404,4.869999885559082,3.419233798980713,7074229
2017-04-07,4.949999809265137,5.0,4.789999961853027,5.0,3.510507106781006,5516100
2017-04-10,4.949999809265137,4.949999809265137,4.880000114440918,4.889999866485596,3.4332761764526367,2165000
2017-04-11,4.889999866485596,4.900000095367432,4.710000038146973,4.760000228881836,3.3420021533966064,6420900
2017-04-12,4.869999885559082,4.869999885559082,4.71999979019165,4.760000228881836,3.3420021533966064,2795400
2017-04-13,4.800000190734863,4.800000190734863,4.619999885559082,4.670000076293945,3.2788140773773193,6584900
2017-04-18,4.730000019073486,4.730000019073486,4.610000133514404,4.619999885559082,3.243708372116089,3415000
2017-04-19,4.659999847412109,4.760000228881836,4.599999904632568,4.75,3.334981679916382,2525246
2017-04-20,4.789999961853027,4.789999961853027,4.699999809265137,4.739999771118164,3.327960252761841,1455784
2017-04-21,4.769999980926514,4.800000190734863,4.730000019073486,4.75,3.334981679916382,2762675
2017-04-24,4.78000020980835,4.840000152587891,4.769999980926514,4.820000171661377,3.384129047393799,2044000
2017-04-25,4.869999885559082,4.900000095367432,4.75,4.829999923706055,3.3911497592926025,2150966
2017-04-26,4.840000152587891,4.889999866485596,4.78000020980835,4.820000171661377,3.384129047393799,3615000
2017-04-27,4.820000171661377,4.880000114440918,4.789999961853027,4.820000171661377,3.384129047393799,2698500
2017-04-28,4.849999904632568,4.849999904632568,4.75,4.820000171661377,3.384129047393799,1789300
2017-05-02,4.829999923706055,4.880000114440918,4.760000228881836,4.820000171661377,3.384129047393799,2411207
2017-05-04,4.800000190734863,4.820000171661377,4.659999847412109,4.699999809265137,3.2998764514923096,3849209
2017-05-05,4.71999979019165,4.78000020980835,4.670000076293945,4.769999980926514,3.3490235805511475,3920394
2017-05-08,4.789999961853027,4.880000114440918,4.760000228881836,4.800000190734863,3.370087146759033,4333825
2017-05-09,4.760000228881836,4.760000228881836,4.699999809265137,4.71999979019165,3.341766834259033,1256000
2017-05-10,4.71999979019165,4.829999923706055,4.71999979019165,4.769999980926514,3.377166986465454,2405676
2017-05-11,4.730000019073486,4.78000020980835,4.699999809265137,4.71999979019165,3.341766834259033,2846000
2017-05-12,4.75,4.75,4.630000114440918,4.659999847412109,3.299286365509033,2897624
2017-05-15,4.659999847412109,4.699999809265137,4.650000095367432,4.679999828338623,3.3134472370147705,1349700
2017-05-16,4.78000020980835,4.78000020980835,4.699999809265137,4.730000019073486,3.348846912384033,1829690
2017-05-17,4.760000228881836,4.760000228881836,4.71999979019165,4.730000019073486,3.348846912384033,990800
2017-05-18,4.699999809265137,4.730000019073486,4.690000057220459,4.699999809265137,3.3276069164276123,1936100
2017-05-19,4.679999828338623,4.75,4.679999828338623,4.71999979019165,3.341766834259033,1248000
2017-05-22,4.71999979019165,4.739999771118164,4.670000076293945,4.690000057220459,3.320526361465454,1216000
2017-05-23,4.699999809265137,4.699999809265137,4.5,4.579999923706055,3.2426459789276123,2928375
2017-05-24,4.610000133514404,4.610000133514404,4.5,4.579999923706055,3.2426459789276123,2787000
2017-05-25,4.579999923706055,4.710000038146973,4.579999923706055,4.650000095367432,3.2922065258026123,2039000
2017-05-26,4.690000057220459,4.690000057220459,4.590000152587891,4.619999885559082,3.2709667682647705,1984000
2017-05-29,4.650000095367432,4.659999847412109,4.590000152587891,4.599999904632568,3.2568066120147705,2149745
2017-05-31,4.619999885559082,4.659999847412109,4.590000152587891,4.619999885559082,3.2709667682647705,2835040
2017-06-01,4.639999866485596,4.650000095367432,4.599999904632568,4.639999866485596,3.2851269245147705,1539743
2017-06-02,4.659999847412109,4.659999847412109,4.599999904632568,4.630000114440918,3.2780468463897705,2172298
2017-06-05,4.650000095367432,4.650000095367432,4.559999942779541,4.570000171661377,3.2355668544769287,1855000
2017-06-06,4.570000171661377,4.619999885559082,4.570000171661377,4.599999904632568,3.2568066120147705,1564376
2017-06-07,4.599999904632568,4.599999904632568,4.550000190734863,4.570000171661377,3.2355668544769287,1667000
2017-06-08,4.570000171661377,4.789999961853027,4.570000171661377,4.78000020980835,3.384246587753296,3925980
2017-06-09,4.800000190734863,4.949999809265137,4.789999961853027,4.849999904632568,3.4338066577911377,5643422
2017-06-12,4.929999828338623,4.929999828338623,4.820000171661377,4.860000133514404,3.440887212753296,1835600
2017-06-13,4.849999904632568,4.869999885559082,4.829999923706055,4.869999885559082,3.4479665756225586,1247845
2017-06-14,4.869999885559082,4.900000095367432,4.840000152587891,4.869999885559082,3.4479665756225586,2390900
2017-06-15,4.880000114440918,4.900000095367432,4.869999885559082,4.889999866485596,3.4621267318725586,2552837
2017-06-16,4.900000095367432,4.920000076293945,4.880000114440918,4.900000095367432,3.469207286834717,1800000
2017-06-19,4.900000095367432,4.900000095367432,4.840000152587891,4.849999904632568,3.4338066577911377,2012000
2017-06-20,4.849999904632568,4.889999866485596,4.760000228881836,4.869999885559082,3.4479665756225586,2374207
2017-06-21,4.909999847412109,4.960000038146973,4.860000133514404,4.940000057220459,3.4975271224975586,3850000
2017-06-22,5.0,5.110000133514404,4.960000038146973,5.039999961853027,3.5683279037475586,4425343
2017-06-23,5.0,5.070000171661377,4.989999771118164,5.03000020980835,3.5612478256225586,3163800
2017-06-26,4.980000019073486,5.199999809265137,4.980000019073486,5.190000057220459,3.674527883529663,5532000
2017-06-27,5.25,5.300000190734863,5.110000133514404,5.139999866485596,3.639127492904663,5690000
2017-06-28,5.139999866485596,5.139999866485596,4.989999771118164,5.03000020980835,3.5612478256225586,2948000
2017-06-29,5.079999923706055,5.079999923706055,4.949999809265137,4.980000019073486,3.5258467197418213,1759000
2017-06-30,5.059999942779541,5.059999942779541,4.949999809265137,5.010000228881836,3.5470869541168213,1484202
2017-07-03,5.039999961853027,5.039999961853027,4.949999809265137,4.980000019073486,3.5258467197418213,714327
2017-07-04,5.0,5.019999980926514,4.940000057220459,4.960000038146973,3.5116870403289795,1809373
2017-07-05,4.989999771118164,5.130000114440918,4.989999771118164,5.099999904632568,3.610807418823242,2599500
2017-07-06,5.050000190734863,5.150000095367432,5.050000190734863,5.099999904632568,3.610807418823242,1103696
2017-07-07,5.079999923706055,5.090000152587891,5.019999980926514,5.050000190734863,3.575407028198242,1520578
2017-07-10,5.019999980926514,5.070000171661377,4.960000038146973,5.059999942779541,3.582486867904663,1694000
2017-07-11,5.099999904632568,5.099999904632568,5.010000228881836,5.039999961853027,3.5683279037475586,934600
2017-07-12,5.050000190734863,5.090000152587891,4.96999979019165,5.079999923706055,3.596647262573242,2114000
2017-07-13,5.130000114440918,5.130000114440918,5.03000020980835,5.070000171661377,3.5895676612854004,1747319
2017-07-14,5.039999961853027,5.079999923706055,5.039999961853027,5.070000171661377,3.5895676612854004,996000
2017-07-17,5.070000171661377,5.21999979019165,5.070000171661377,5.199999809265137,3.6816070079803467,4535496
2017-07-18,5.179999828338623,5.199999809265137,5.139999866485596,5.159999847412109,3.653287410736084,2040000
2017-07-19,5.139999866485596,5.179999828338623,5.070000171661377,5.150000095367432,3.6462080478668213,2077800
2017-07-20,5.150000095367432,5.25,5.150000095367432,5.170000076293945,3.660367965698242,2820818
2017-07-21,5.159999847412109,5.170000076293945,5.099999904632568,5.159999847412109,3.653287410736084,2563877
2017-07-24,5.159999847412109,5.21999979019165,5.130000114440918,5.199999809265137,3.6816070079803467,2080700
2017-07-25,5.199999809265137,5.230000019073486,5.119999885559082,5.159999847412109,3.653287410736084,1308580
2017-07-26,5.210000038146973,5.21999979019165,5.150000095367432,5.199999809265137,3.6816070079803467,1517000
2017-07-27,5.230000019073486,5.25,5.170000076293945,5.210000038146973,3.688687562942505,1509650
2017-07-28,5.199999809265137,5.210000038146973,5.159999847412109,5.210000038146973,3.688687562942505,1486588
2017-07-31,5.21999979019165,5.21999979019165,5.130000114440918,5.179999828338623,3.6674468517303467,1129000
2017-08-01,5.179999828338623,5.199999809265137,5.050000190734863,5.099999904632568,3.610807418823242,2105000
2017-08-02,5.099999904632568,5.150000095367432,5.039999961853027,5.070000171661377,3.5895676612854004,1029082
2017-08-03,5.099999904632568,5.099999904632568,4.949999809265137,4.980000019073486,3.5258467197418213,1643689
2017-08-04,4.96999979019165,5.03000020980835,4.949999809265137,5.010000228881836,3.5470869541168213,954000
2017-08-07,5.0,5.039999961853027,4.960000038146973,4.989999771118164,3.532926559448242,918000
2017-08-08,4.960000038146973,5.0,4.929999828338623,4.980000019073486,3.5258467197418213,1818915
2017-08-09,4.96999979019165,5.010000228881836,4.949999809265137,5.0,3.5400075912475586,1226000
2017-08-10,4.949999809265137,4.949999809265137,4.650000095367432,4.710000038146973,3.334686756134033,7886300
2017-08-11,4.599999904632568,4.699999809265137,4.340000152587891,4.360000133514404,3.0868866443634033,15860000
2017-08-14,4.300000190734863,4.380000114440918,4.150000095367432,4.190000057220459,2.9665260314941406,14653000
2017-08-15,4.150000095367432,4.429999828338623,4.150000095367432,4.239999771118164,3.0019259452819824,16071120
2017-08-16,4.269999980926514,4.420000076293945,4.269999980926514,4.340000152587891,3.0727264881134033,5397400
2017-08-17,4.380000114440918,4.400000095367432,4.28000020980835,4.289999961853027,3.037325620651245,2483631
2017-08-18,4.349999904632568,4.369999885559082,4.25,4.260000228881836,3.0160861015319824,5597700
2017-08-21,4.239999771118164,4.349999904632568,4.179999828338623,4.190000057220459,2.9665260314941406,3714100
2017-08-22,4.230000019073486,4.269999980926514,4.079999923706055,4.239999771118164,3.030860185623169,9310360
2017-08-23,4.239999771118164,4.239999771118164,4.239999771118164,4.239999771118164,3.030860185623169,0
2017-08-24,4.110000133514404,4.199999809265137,4.110000133514404,4.130000114440918,2.952230215072632,3504023
2017-08-25,4.130000114440918,4.150000095367432,4.079999923706055,4.090000152587891,2.9236366748809814,4492555
2017-08-28,4.110000133514404,4.150000095367432,3.950000047683716,4.050000190734863,2.8950436115264893,10254666
2017-08-29,4.050000190734863,4.079999923706055,4.03000020980835,4.03000020980835,2.880746603012085,1651000
2017-08-30,4.050000190734863,4.25,4.03000020980835,4.230000019073486,3.023711919784546,7799420
2017-08-31,4.25,4.329999923706055,4.159999847412109,4.329999923706055,3.0951943397521973,6240328
2017-09-01,4.329999923706055,4.329999923706055,4.199999809265137,4.199999809265137,3.0022664070129395,3246000
2017-09-04,4.199999809265137,4.199999809265137,4.199999809265137,4.199999809265137,3.0022664070129395,0
2017-09-05,4.199999809265137,4.25,4.150000095367432,4.230000019073486,3.023711919784546,7658908
2017-09-06,4.260000228881836,4.460000038146973,4.25,4.389999866485596,3.1380841732025146,15089470
2017-09-07,4.400000095367432,4.440000057220459,4.329999923706055,4.389999866485596,3.1380841732025146,4684514
2017-09-08,4.360000133514404,4.369999885559082,4.260000228881836,4.320000171661377,3.0880463123321533,3924009
2017-09-11,4.340000152587891,4.380000114440918,4.28000020980835,4.300000190734863,3.0737502574920654,3485500
2017-09-12,4.309999942779541,4.309999942779541,4.21999979019165,4.260000228881836,3.045156478881836,5247000
2017-09-13,4.230000019073486,4.260000228881836,4.210000038146973,4.230000019073486,3.023711919784546,3624000
2017-09-14,4.25,4.25,4.170000076293945,4.179999828338623,2.9879703521728516,5733527
2017-09-15,4.190000057220459,4.25,4.170000076293945,4.199999809265137,3.0022664070129395,3102000
2017-09-18,4.199999809265137,4.199999809265137,4.150000095367432,4.170000076293945,2.9808223247528076,2548700
2017-09-19,4.179999828338623,4.21999979019165,4.159999847412109,4.170000076293945,2.9808223247528076,1795892
2017-09-20,4.199999809265137,4.289999961853027,4.190000057220459,4.28000020980835,3.0594539642333984,12690000
2017-09-21,4.289999961853027,4.309999942779541,4.210000038146973,4.25,3.038008451461792,4374532
2017-09-22,4.269999980926514,4.269999980926514,4.150000095367432,4.179999828338623,2.9879703521728516,2924000
2017-09-25,4.210000038146973,4.230000019073486,4.079999923706055,4.090000152587891,2.9236366748809814,5073000
2017-09-26,4.070000171661377,4.090000152587891,4.03000020980835,4.050000190734863,2.8950436115264893,5182000
2017-09-27,4.139999866485596,4.139999866485596,4.019999980926514,4.110000133514404,2.9379332065582275,13996300
2017-09-28,4.139999866485596,4.190000057220459,4.079999923706055,4.099999904632568,2.9307844638824463,4771716
2017-09-29,4.099999904632568,4.159999847412109,4.099999904632568,4.159999847412109,2.9736742973327637,1284000
2017-10-03,4.159999847412109,4.230000019073486,4.159999847412109,4.199999809265137,3.0022664070129395,3832000
2017-10-04,4.199999809265137,4.239999771118164,4.130000114440918,4.159999847412109,2.9736742973327637,2529100
2017-10-06,4.159999847412109,4.170000076293945,4.039999961853027,4.090000152587891,2.9236366748809814,7407804
2017-10-09,4.119999885559082,4.150000095367432,4.059999942779541,4.099999904632568,2.9307844638824463,10502302
2017-10-10,4.110000133514404,4.320000171661377,4.090000152587891,4.269999980926514,3.052304983139038,6195500
2017-10-11,4.309999942779541,4.329999923706055,4.210000038146973,4.289999961853027,3.066600799560547,6363195
2017-10-12,4.300000190734863,4.300000190734863,4.190000057220459,4.21999979019165,3.0165631771087646,1791026
2017-10-13,4.230000019073486,4.25,4.199999809265137,4.21999979019165,3.0165631771087646,4867000
2017-10-16,4.260000228881836,4.300000190734863,4.199999809265137,4.210000038146973,3.009415864944458,12797000
2017-10-17,4.199999809265137,4.21999979019165,4.119999885559082,4.170000076293945,2.9808223247528076,2553306
2017-10-18,4.150000095367432,4.159999847412109,4.110000133514404,4.119999885559082,2.9450809955596924,8758000
2017-10-19,4.099999904632568,4.139999866485596,4.0,4.0,2.859302043914795,8408960
2017-10-20,4.0,4.039999961853027,3.990000009536743,3.990000009536743,2.85215425491333,6854000
2017-10-23,4.0,4.019999980926514,3.930000066757202,3.950000047683716,2.823560953140259,6446000
2017-10-24,3.950000047683716,4.070000171661377,3.9000000953674316,4.010000228881836,2.866450309753418,6721000
2017-10-25,4.03000020980835,4.070000171661377,4.0,4.03000020980835,2.880746603012085,3237000
2017-10-26,4.0,4.019999980926514,3.9000000953674316,3.9000000953674316,2.7878196239471436,12318918
2017-10-27,3.9200000762939453,4.090000152587891,3.9200000762939453,3.990000009536743,2.85215425491333,11109569
2017-10-30,4.0,4.050000190734863,3.9800000190734863,4.03000020980835,2.880746603012085,3689000
2017-10-31,4.03000020980835,4.03000020980835,3.950000047683716,3.950000047683716,2.823560953140259,5339962
2017-11-01,3.990000009536743,4.0,3.930000066757202,3.930000066757202,2.8092644214630127,3934593
2017-11-02,3.9600000381469727,3.990000009536743,3.930000066757202,3.940000057220459,2.8164122104644775,2643103
2017-11-03,3.990000009536743,3.990000009536743,3.930000066757202,3.9700000286102295,2.837857484817505,2172000
2017-11-06,3.9800000190734863,4.019999980926514,3.880000114440918,4.019999980926514,2.87359881401062,4121000
2017-11-07,4.019999980926514,4.019999980926514,3.940000057220459,3.9600000381469727,2.8307087421417236,1728422
2017-11-08,3.9600000381469727,4.039999961853027,3.950000047683716,4.0,2.859302043914795,3754000
2017-11-09,4.019999980926514,4.019999980926514,3.950000047683716,3.990000009536743,2.85215425491333,3826317
2017-11-10,3.990000009536743,4.010000228881836,3.950000047683716,3.9800000190734863,2.845005989074707,3031000
2017-11-13,3.9800000190734863,4.119999885559082,3.9800000190734863,4.090000152587891,2.9236366748809814,5455000
2017-11-14,4.099999904632568,4.170000076293945,4.050000190734863,4.099999904632568,2.9307844638824463,3825000
2017-11-15,4.110000133514404,4.139999866485596,4.059999942779541,4.090000152587891,2.9236366748809814,3846600
2017-11-16,4.110000133514404,4.110000133514404,4.039999961853027,4.050000190734863,2.8950436115264893,2732445
2017-11-17,3.799999952316284,3.799999952316284,3.559999942779541,3.5999999046325684,2.573371648788452,25536000
2017-11-20,3.5999999046325684,3.5999999046325684,3.25,3.319999933242798,2.373220920562744,16767000
2017-11-21,3.299999952316284,3.4200000762939453,3.2799999713897705,3.4200000762939453,2.4447033405303955,6408400
2017-11-22,3.4200000762939453,3.5799999237060547,3.4000000953674316,3.549999952316284,2.537630081176758,15898200
2017-11-23,3.5399999618530273,3.549999952316284,3.4800000190734863,3.509999990463257,2.5090372562408447,2533400
2017-11-24,3.559999942779541,3.5999999046325684,3.5,3.509999990463257,2.5090372562408447,3818950
2017-11-27,3.5,3.559999942779541,3.4100000858306885,3.4600000381469727,2.4732964038848877,4505200
2017-11-28,3.380000114440918,3.450000047683716,3.369999885559082,3.430000066757202,2.4518513679504395,4056980
2017-11-29,3.490000009536743,3.5199999809265137,3.4200000762939453,3.4700000286102295,2.4804446697235107,1050000
2017-11-30,3.5,3.5299999713897705,3.450000047683716,3.4800000190734863,2.4875924587249756,2863646
2017-12-01,3.5199999809265137,3.5199999809265137,3.440000057220459,3.4700000286102295,2.4804446697235107,744600
2017-12-04,3.4700000286102295,3.630000114440918,3.4200000762939453,3.619999885559082,2.5876681804656982,7987000
2017-12-05,3.6500000953674316,3.6500000953674316,3.5299999713897705,3.609999895095825,2.5805203914642334,3381000
2017-12-06,3.619999885559082,3.619999885559082,3.4800000190734863,3.5299999713897705,2.523333787918091,6030900
2017-12-07,3.5,3.5399999618530273,3.380000114440918,3.450000047683716,2.4661481380462646,11537654
2017-12-08,3.450000047683716,3.4700000286102295,3.4000000953674316,3.4700000286102295,2.4804446697235107,1568000
2017-12-11,3.4100000858306885,3.509999990463257,3.4100000858306885,3.5,2.50188946723938,2588000
2017-12-12,3.5,3.569999933242798,3.490000009536743,3.509999990463257,2.5090372562408447,2198100
2017-12-13,3.569999933242798,3.569999933242798,3.4600000381469727,3.509999990463257,2.5090372562408447,2343000
2017-12-14,3.509999990463257,3.5199999809265137,3.4800000190734863,3.5,2.50188946723938,1713703
2017-12-15,3.5,3.5,3.430000066757202,3.440000057220459,2.4590001106262207,1606484
2017-12-18,3.5,3.549999952316284,3.450000047683716,3.5,2.50188946723938,13944000
2017-12-19,3.5,3.5199999809265137,3.4800000190734863,3.5,2.50188946723938,1423000
2017-12-20,3.5299999713897705,3.5999999046325684,3.4200000762939453,3.440000057220459,2.4590001106262207,6383726
2017-12-21,3.5,3.5299999713897705,3.430000066757202,3.5199999809265137,2.516185760498047,3582000
2017-12-22,3.549999952316284,3.630000114440918,3.5199999809265137,3.569999933242798,2.551926851272583,13394012
2017-12-27,3.619999885559082,3.619999885559082,3.5399999618530273,3.559999942779541,2.54477858543396,10362016
2017-12-28,3.559999942779541,3.5999999046325684,3.5299999713897705,3.5899999141693115,2.5662238597869873,2323200
2017-12-29,3.609999895095825,3.609999895095825,3.490000009536743,3.5,2.50188946723938,2033000
2018-01-02,3.549999952316284,3.5799999237060547,3.5299999713897705,3.569999933242798,2.551926851272583,1235000
2018-01-03,3.5799999237060547,3.680000066757202,3.559999942779541,3.680000066757202,2.6305577754974365,4023200
2018-01-04,3.740000009536743,3.740000009536743,3.6500000953674316,3.680000066757202,2.6305577754974365,2383563
2018-01-05,3.680000066757202,3.7200000286102295,3.6500000953674316,3.6700000762939453,2.6234099864959717,1249700
2018-01-08,3.6600000858306885,3.809999942779541,3.6600000858306885,3.809999942779541,2.723484992980957,2594715
2018-01-09,3.819999933242798,3.940000057220459,3.819999933242798,3.8499999046325684,2.7520785331726074,3160030
2018-01-10,4.0,4.010000228881836,3.759999990463257,3.890000104904175,2.7806708812713623,3897000
2018-01-11,3.8399999141693115,3.859999895095825,3.799999952316284,3.8299999237060547,2.737781524658203,1046852
2018-01-12,3.799999952316284,3.869999885559082,3.799999952316284,3.8499999046325684,2.7520785331726074,1041600
2018-01-15,3.9200000762939453,3.9200000762939453,3.880000114440918,3.9100000858306885,2.7949681282043457,6938300
2018-01-16,3.9100000858306885,3.9200000762939453,3.869999885559082,3.9200000762939453,2.8021159172058105,2179800
2018-01-17,3.9100000858306885,3.9100000858306885,3.869999885559082,3.880000114440918,2.7735233306884766,1207000
2018-01-18,3.9200000762939453,3.9200000762939453,3.869999885559082,3.880000114440918,2.7735233306884766,1292840
2018-01-19,3.9200000762939453,3.9200000762939453,3.880000114440918,3.890000104904175,2.7806708812713623,3049500
2018-01-22,3.880000114440918,3.9000000953674316,3.8399999141693115,3.880000114440918,2.7735233306884766,1683477
2018-01-23,3.880000114440918,3.880000114440918,3.8399999141693115,3.859999895095825,2.759226083755493,2723000
2018-01-24,3.859999895095825,3.9000000953674316,3.8499999046325684,3.9000000953674316,2.7878196239471436,2652800
2018-01-25,3.9000000953674316,3.9100000858306885,3.799999952316284,3.9000000953674316,2.7878196239471436,2631000
2018-01-26,3.9000000953674316,3.9100000858306885,3.8399999141693115,3.880000114440918,2.7735233306884766,1624100
2018-01-29,3.890000104904175,3.890000104904175,3.859999895095825,3.890000104904175,2.7806708812713623,1774050
2018-01-30,3.9000000953674316,3.9100000858306885,3.8499999046325684,3.859999895095825,2.759226083755493,2292800
2018-01-31,3.8299999237060547,3.8499999046325684,3.75,3.799999952316284,2.716336965560913,1396000
2018-02-01,3.759999990463257,3.8299999237060547,3.690000057220459,3.75,2.680596351623535,1126062
2018-02-02,3.75,3.75,3.690000057220459,3.75,2.680596351623535,1763000
2018-02-05,3.690000057220459,3.7300000190734863,3.619999885559082,3.640000104904175,2.6019644737243652,2780000
2018-02-06,3.5,3.559999942779541,3.4200000762939453,3.4800000190734863,2.4875924587249756,3062000
2018-02-07,3.5,3.5799999237060547,3.4600000381469727,3.5199999809265137,2.516185760498047,2695200
2018-02-08,3.549999952316284,3.549999952316284,3.4700000286102295,3.5,2.50188946723938,856000
2018-02-09,3.430000066757202,3.4700000286102295,3.3499999046325684,3.4700000286102295,2.4804446697235107,3277015
2018-02-12,3.490000009536743,3.559999942779541,3.440000057220459,3.5299999713897705,2.523333787918091,1117000
2018-02-13,3.490000009536743,3.5299999713897705,3.430000066757202,3.4800000190734863,2.4875924587249756,1373000
2018-02-14,3.5,3.630000114440918,3.4600000381469727,3.609999895095825,2.5805203914642334,3190000
2018-02-15,3.700000047683716,3.700000047683716,3.609999895095825,3.609999895095825,2.5805203914642334,462177
2018-02-20,3.640000104904175,3.759999990463257,3.569999933242798,3.7300000190734863,2.6662991046905518,967300
2018-02-21,3.7300000190734863,3.8399999141693115,3.7300000190734863,3.8299999237060547,2.737781524658203,1608000
2018-02-22,3.8399999141693115,3.9800000190734863,3.819999933242798,3.930000066757202,2.8092644214630127,3405513
2018-02-23,3.9700000286102295,3.990000009536743,3.9000000953674316,3.9600000381469727,2.8307087421417236,2641000
2018-02-26,3.9800000190734863,4.0,3.859999895095825,3.880000114440918,2.7735233306884766,4323000
2018-02-27,3.8399999141693115,3.940000057220459,3.8399999141693115,3.9200000762939453,2.8021159172058105,5116200
2018-02-28,3.9200000762939453,3.9200000762939453,3.8499999046325684,3.890000104904175,2.7806708812713623,1038350
2018-03-01,3.9700000286102295,4.119999885559082,3.9100000858306885,4.119999885559082,2.9450809955596924,6230485
2018-03-02,4.099999904632568,4.099999904632568,3.9200000762939453,3.950000047683716,2.823560953140259,1711700
2018-03-05,4.079999923706055,4.079999923706055,3.8399999141693115,3.9100000858306885,2.7949681282043457,1557679
2018-03-06,3.9600000381469727,3.9600000381469727,3.809999942779541,3.8399999141693115,2.7449300289154053,1634500
2018-03-07,3.9000000953674316,3.9100000858306885,3.7799999713897705,3.8399999141693115,2.7449300289154053,948200
2018-03-08,3.7799999713897705,3.9000000953674316,3.7799999713897705,3.7799999713897705,2.702040195465088,1860308
2018-03-09,3.759999990463257,3.890000104904175,3.759999990463257,3.8399999141693115,2.7449300289154053,8105400
2018-03-12,3.859999895095825,3.9100000858306885,3.8299999237060547,3.8499999046325684,2.7520785331726074,2366500
2018-03-13,3.8299999237060547,3.9100000858306885,3.809999942779541,3.9000000953674316,2.7878196239471436,3512000
2018-03-14,3.880000114440918,4.019999980926514,3.859999895095825,3.9800000190734863,2.845005989074707,3905000
2018-03-15,3.940000057220459,3.9700000286102295,3.819999933242798,3.859999895095825,2.759226083755493,3054481
2018-03-16,3.869999885559082,3.9000000953674316,3.7799999713897705,3.8299999237060547,2.737781524658203,1693000
2018-03-19,3.8299999237060547,3.8299999237060547,3.7699999809265137,3.7699999809265137,2.694892644882202,1540600
2018-03-20,3.7699999809265137,3.7699999809265137,3.7200000286102295,3.759999990463257,2.687744140625,636478
2018-03-21,3.7799999713897705,3.7799999713897705,3.630000114440918,3.640000104904175,2.6019644737243652,2716189
2018-03-22,3.680000066757202,3.7100000381469727,3.630000114440918,3.6700000762939453,2.6234099864959717,2179000
2018-03-23,3.609999895095825,3.6500000953674316,3.559999942779541,3.5999999046325684,2.573371648788452,2935000
2018-03-26,3.609999895095825,3.619999885559082,3.5199999809265137,3.559999942779541,2.54477858543396,1191000
2018-03-27,3.5999999046325684,3.6700000762939453,3.559999942779541,3.640000104904175,2.6019644737243652,757673
2018-03-28,3.609999895095825,3.619999885559082,3.5199999809265137,3.5399999618530273,2.530482530593872,2849000
2018-03-29,3.5999999046325684,3.5999999046325684,3.4600000381469727,3.549999952316284,2.537630081176758,2160000
2018-04-03,3.5199999809265137,3.559999942779541,3.4600000381469727,3.559999942779541,2.54477858543396,1331500
2018-04-04,3.569999933242798,3.569999933242798,3.4800000190734863,3.509999990463257,2.5090372562408447,864000
2018-04-06,3.549999952316284,3.559999942779541,3.490000009536743,3.509999990463257,2.5090372562408447,1366500
2018-04-09,3.509999990463257,3.5399999618530273,3.4600000381469727,3.5,2.50188946723938,1762000
2018-04-10,3.5199999809265137,3.5299999713897705,3.490000009536743,3.5,2.50188946723938,6375000
2018-04-11,3.5199999809265137,3.5399999618530273,3.4800000190734863,3.490000009536743,2.494741201400757,3676000
2018-04-12,3.509999990463257,3.509999990463257,3.440000057220459,3.450000047683716,2.4661481380462646,1376000
2018-04-13,3.490000009536743,3.5,3.4200000762939453,3.430000066757202,2.4518513679504395,2527411
2018-04-16,3.5,3.5199999809265137,3.4600000381469727,3.5,2.50188946723938,1964000
2018-04-17,3.5199999809265137,3.549999952316284,3.430000066757202,3.4800000190734863,2.4875924587249756,1934000
2018-04-18,3.5,3.549999952316284,3.4000000953674316,3.430000066757202,2.4518513679504395,6800900
2018-04-19,3.4200000762939453,3.4700000286102295,3.4000000953674316,3.430000066757202,2.4518513679504395,1091500
2018-04-20,3.4100000858306885,3.4600000381469727,3.3399999141693115,3.3499999046325684,2.3946657180786133,1733000
2018-04-23,3.359999895095825,3.359999895095825,3.2699999809265137,3.309999942779541,2.366072654724121,1647400
2018-04-24,3.309999942779541,3.369999885559082,3.2899999618530273,3.359999895095825,2.4018139839172363,1553280
2018-04-25,3.3499999046325684,3.390000104904175,3.299999952316284,3.390000104904175,2.4232587814331055,414000
2018-04-26,3.4200000762939453,3.4200000762939453,3.309999942779541,3.3499999046325684,2.3946657180786133,1851000
2018-04-27,3.440000057220459,3.509999990463257,3.390000104904175,3.5,2.50188946723938,4790000
2018-04-30,3.5399999618530273,3.5899999141693115,3.5199999809265137,3.5799999237060547,2.5590755939483643,1109000
2018-05-02,3.5999999046325684,3.6500000953674316,3.559999942779541,3.630000114440918,2.5948166847229004,5960100
2018-05-03,3.5999999046325684,3.640000104904175,3.5799999237060547,3.640000104904175,2.6019644737243652,2276000
2018-05-04,3.5999999046325684,3.619999885559082,3.549999952316284,3.5899999141693115,2.5662238597869873,2091000
2018-05-07,3.640000104904175,3.6500000953674316,3.5899999141693115,3.6500000953674316,2.6091132164001465,2212200
2018-05-08,3.6600000858306885,3.6600000858306885,3.5999999046325684,3.619999885559082,2.5876681804656982,4970000
2018-05-09,3.5899999141693115,3.5899999141693115,3.509999990463257,3.5799999237060547,2.5876684188842773,3824000
2018-05-10,3.5799999237060547,3.5799999237060547,3.490000009536743,3.5,2.529843330383301,1523000
2018-05-11,3.549999952316284,3.549999952316284,3.450000047683716,3.5,2.529843330383301,2604000
2018-05-14,3.5,3.549999952316284,3.4800000190734863,3.5399999618530273,2.5587563514709473,304921
2018-05-15,3.549999952316284,3.549999952316284,3.490000009536743,3.5299999713897705,2.551527500152588,2367059
2018-05-16,3.509999990463257,3.509999990463257,3.4600000381469727,3.5,2.529843330383301,612000
2018-05-17,3.5,3.5,3.369999885559082,3.380000114440918,2.443105936050415,1284096
2018-05-18,3.369999885559082,3.430000066757202,3.3499999046325684,3.380000114440918,2.443105936050415,1263800
2018-05-21,3.440000057220459,3.5,3.430000066757202,3.4800000190734863,2.5153872966766357,4535000
2018-05-23,3.5299999713897705,3.9800000190734863,3.5299999713897705,3.940000057220459,2.8478808403015137,13457996
2018-05-24,3.990000009536743,4.070000171661377,3.8499999046325684,3.9700000286102295,2.86956524848938,8892550
2018-05-25,3.990000009536743,4.050000190734863,3.9100000858306885,3.990000009536743,2.884021759033203,3764000
2018-05-28,3.990000009536743,4.039999961853027,3.940000057220459,3.940000057220459,2.8478808403015137,2068000
2018-05-29,3.940000057220459,4.0,3.869999885559082,3.930000066757202,2.8406529426574707,3445000
2018-05-30,3.9000000953674316,3.9000000953674316,3.75,3.8499999046325684,2.7828280925750732,1754000
2018-05-31,3.869999885559082,4.0,3.869999885559082,4.0,2.891249418258667,3585976
2018-06-01,4.0,4.0,3.890000104904175,3.9200000762939453,2.8334248065948486,827674
2018-06-04,3.9200000762939453,4.010000228881836,3.8499999046325684,3.9800000190734863,2.87679386138916,4029000
2018-06-05,3.990000009536743,4.079999923706055,3.890000104904175,4.079999923706055,2.9490745067596436,8330000
2018-06-06,4.099999904632568,4.269999980926514,4.079999923706055,4.25,3.0719523429870605,13048916
2018-06-07,4.25,4.28000020980835,4.019999980926514,4.050000190734863,2.9273905754089355,5787640
2018-06-08,4.050000190734863,4.110000133514404,3.9700000286102295,4.03000020980835,2.9129340648651123,2978735
2018-06-11,4.079999923706055,4.349999904632568,4.059999942779541,4.269999980926514,3.086409091949463,9485000
2018-06-12,4.300000190734863,4.320000171661377,4.199999809265137,4.25,3.0719523429870605,5757350
2018-06-13,4.300000190734863,4.300000190734863,4.099999904632568,4.119999885559082,2.977987289428711,2333000
2018-06-14,4.119999885559082,4.159999847412109,4.099999904632568,4.099999904632568,2.963531017303467,3133200
2018-06-15,4.139999866485596,4.21999979019165,4.090000152587891,4.139999866485596,2.992443084716797,2567200
2018-06-19,4.170000076293945,4.170000076293945,3.8499999046325684,3.9200000762939453,2.8334248065948486,4008900
2018-06-20,3.930000066757202,3.940000057220459,3.759999990463257,3.759999990463257,2.7177748680114746,3439000
2018-06-21,3.759999990463257,3.8399999141693115,3.700000047683716,3.740000009536743,2.7033181190490723,2259274
2018-06-22,3.6700000762939453,3.7899999618530273,3.630000114440918,3.7100000381469727,2.681633949279785,2702100
2018-06-25,3.7100000381469727,3.940000057220459,3.700000047683716,3.880000114440918,2.8045125007629395,8266000
2018-06-26,3.7899999618530273,4.03000020980835,3.7899999618530273,3.9200000762939453,2.8334248065948486,7711000
2018-06-27,4.03000020980835,4.03000020980835,3.740000009536743,3.75,2.7105467319488525,1399000
2018-06-28,3.8299999237060547,3.869999885559082,3.759999990463257,3.8399999141693115,2.775599718093872,2412000
2018-06-29,3.8499999046325684,3.9000000953674316,3.8399999141693115,3.869999885559082,2.797283887863159,1199000
2018-07-03,3.9000000953674316,3.9200000762939453,3.759999990463257,3.859999895095825,2.790055513381958,1560100
2018-07-04,3.859999895095825,3.859999895095825,3.7899999618530273,3.8299999237060547,2.768371343612671,734000
2018-07-05,3.809999942779541,3.8299999237060547,3.5799999237060547,3.609999895095825,2.6093528270721436,1227000
2018-07-06,3.619999885559082,3.680000066757202,3.549999952316284,3.5999999046325684,2.6021246910095215,889000
2018-07-09,3.5999999046325684,3.75,3.5999999046325684,3.75,2.7105467319488525,663000
2018-07-10,3.700000047683716,3.759999990463257,3.680000066757202,3.7100000381469727,2.681633949279785,290000
2018-07-11,3.700000047683716,3.75,3.619999885559082,3.7100000381469727,2.681633949279785,798000
2018-07-12,3.680000066757202,3.869999885559082,3.680000066757202,3.8399999141693115,2.775599718093872,749400
2018-07-13,3.9000000953674316,3.930000066757202,3.7799999713897705,3.819999933242798,2.761143684387207,419010
2018-07-16,3.819999933242798,3.8299999237060547,3.75,3.819999933242798,2.761143684387207,1503000
2018-07-17,3.7899999618530273,3.8299999237060547,3.75,3.75,2.7105467319488525,834000
2018-07-18,3.75,3.8499999046325684,3.75,3.819999933242798,2.761143684387207,1957800
2018-07-19,3.799999952316284,3.809999942779541,3.7699999809265137,3.799999952316284,2.7466869354248047,392000
2018-07-20,3.799999952316284,3.9600000381469727,3.7699999809265137,3.950000047683716,2.855109214782715,2053000
2018-07-23,3.9600000381469727,3.9600000381469727,3.7899999618530273,3.8399999141693115,2.775599718093872,886000
2018-07-24,3.819999933242798,3.9800000190734863,3.819999933242798,3.940000057220459,2.8478808403015137,2606300
2018-07-25,3.950000047683716,3.9800000190734863,3.9000000953674316,3.930000066757202,2.8406529426574707,713600
2018-07-26,3.930000066757202,3.9600000381469727,3.890000104904175,3.930000066757202,2.8406529426574707,271000
2018-07-27,3.940000057220459,3.940000057220459,3.869999885559082,3.880000114440918,2.8045125007629395,578000
2018-07-30,3.859999895095825,3.880000114440918,3.7899999618530273,3.819999933242798,2.761143684387207,1081000
2018-07-31,3.7799999713897705,3.799999952316284,3.75,3.7699999809265137,2.7250030040740967,489000
2018-08-01,3.799999952316284,3.799999952316284,3.7300000190734863,3.7799999713897705,2.7322309017181396,534000
2018-08-02,3.759999990463257,3.7799999713897705,3.7300000190734863,3.75,2.7105467319488525,940100
2018-08-03,3.7699999809265137,3.8399999141693115,3.740000009536743,3.7799999713897705,2.7322309017181396,1035000
2018-08-06,3.759999990463257,3.7699999809265137,3.640000104904175,3.6600000858306885,2.645493268966675,1013744
2018-08-07,3.680000066757202,3.740000009536743,3.630000114440918,3.6600000858306885,2.645493268966675,899000
2018-08-08,3.680000066757202,3.869999885559082,3.680000066757202,3.7699999809265137,2.7250030040740967,2107000
2018-08-09,3.759999990463257,3.869999885559082,3.75,3.8299999237060547,2.768371343612671,2725000
2018-08-10,3.8399999141693115,3.9000000953674316,3.8299999237060547,3.8399999141693115,2.775599718093872,2571000
2018-08-13,3.8399999141693115,3.9100000858306885,3.799999952316284,3.9000000953674316,2.8189682960510254,2396000
2018-08-14,3.8499999046325684,3.940000057220459,3.7799999713897705,3.869999885559082,2.797283887863159,3280000
2018-08-15,3.8499999046325684,3.869999885559082,3.7200000286102295,3.809999942779541,2.7539150714874268,2931900
2018-08-16,3.809999942779541,3.9000000953674316,3.799999952316284,3.859999895095825,2.790055513381958,2706600
2018-08-17,3.880000114440918,3.9000000953674316,3.8399999141693115,3.869999885559082,2.797283887863159,1291000
2018-08-20,3.9200000762939453,3.950000047683716,3.8499999046325684,3.880000114440918,2.8045125007629395,827000
2018-08-21,3.9100000858306885,3.950000047683716,3.9000000953674316,3.9200000762939453,2.8334248065948486,1576000
2018-08-22,3.950000047683716,3.9600000381469727,3.880000114440918,3.950000047683716,2.8845434188842773,1523000
2018-08-23,3.950000047683716,3.9800000190734863,3.9200000762939453,3.9700000286102295,2.89914870262146,1474000
2018-08-24,4.0,4.0,3.9000000953674316,3.950000047683716,2.8845434188842773,1174362
2018-08-27,3.9600000381469727,3.9600000381469727,3.869999885559082,3.890000104904175,2.8407270908355713,1645000
2018-08-28,3.9000000953674316,3.930000066757202,3.880000114440918,3.930000066757202,2.8699381351470947,1701018
2018-08-29,3.940000057220459,3.950000047683716,3.890000104904175,3.9200000762939453,2.8626348972320557,1076400
2018-08-30,3.940000057220459,3.940000057220459,3.869999885559082,3.869999885559082,2.8261215686798096,2821680
2018-08-31,3.9000000953674316,3.9000000953674316,3.859999895095825,3.880000114440918,2.8334248065948486,1213360
2018-09-03,3.880000114440918,3.890000104904175,3.8499999046325684,3.880000114440918,2.8334248065948486,1662000
2018-09-04,3.9000000953674316,3.9000000953674316,3.859999895095825,3.890000104904175,2.8407270908355713,238000
2018-09-05,3.869999885559082,3.930000066757202,3.8499999046325684,3.8499999046325684,2.8115170001983643,1009000
2018-09-06,3.9200000762939453,3.9200000762939453,3.8499999046325684,3.869999885559082,2.8261215686798096,826010
2018-09-07,3.880000114440918,4.079999923706055,3.880000114440918,4.010000228881836,2.928359270095825,9737862
2018-09-10,4.0,4.010000228881836,3.869999885559082,3.9000000953674316,2.8480300903320312,945400
2018-09-11,3.9200000762939453,3.9200000762939453,3.819999933242798,3.819999933242798,2.7896082401275635,1965318
2018-09-12,3.859999895095825,3.880000114440918,3.759999990463257,3.7699999809265137,2.7530956268310547,1153800
2018-09-13,3.809999942779541,3.809999942779541,3.75,3.7799999713897705,2.7603983879089355,343000
2018-09-14,3.7799999713897705,3.7899999618530273,3.6500000953674316,3.759999990463257,2.745793342590332,2243000
2018-09-17,3.75,3.759999990463257,3.6700000762939453,3.690000057220459,2.694674491882324,839550
2018-09-18,3.7200000286102295,3.8299999237060547,3.7100000381469727,3.7799999713897705,2.7603983879089355,643700
2018-09-19,3.799999952316284,3.8499999046325684,3.7799999713897705,3.8399999141693115,2.8042140007019043,593000
2018-09-20,3.8299999237060547,3.880000114440918,3.7699999809265137,3.819999933242798,2.7896082401275635,757596
2018-09-21,3.8299999237060547,3.9200000762939453,3.819999933242798,3.9200000762939453,2.8626348972320557,2464112
2018-09-24,3.9200000762939453,3.950000047683716,3.8299999237060547,3.8299999237060547,2.7969114780426025,1575000
2018-09-26,3.8299999237060547,3.9000000953674316,3.819999933242798,3.8499999046325684,2.8115170001983643,1902000
2018-09-27,3.8499999046325684,3.950000047683716,3.8499999046325684,3.890000104904175,2.8407270908355713,1595000
2018-09-28,3.9200000762939453,3.9800000190734863,3.859999895095825,3.9800000190734863,2.9064512252807617,1908000
2018-10-02,3.9800000190734863,4.099999904632568,3.9800000190734863,4.059999942779541,2.9648725986480713,2562000
2018-10-03,4.059999942779541,4.179999828338623,4.03000020980835,4.059999942779541,2.9648725986480713,3826360
2018-10-04,4.090000152587891,4.099999904632568,4.03000020980835,4.059999942779541,2.9648725986480713,1208000
2018-10-05,4.019999980926514,4.019999980926514,3.880000114440918,3.930000066757202,2.8699381351470947,794450
2018-10-08,3.950000047683716,3.950000047683716,3.859999895095825,3.880000114440918,2.8334248065948486,731000
2018-10-09,3.9000000953674316,3.9000000953674316,3.759999990463257,3.8299999237060547,2.7969114780426025,1302000
2018-10-10,3.859999895095825,3.859999895095825,3.7799999713897705,3.7799999713897705,2.7603983879089355,834125
2018-10-11,3.7100000381469727,3.740000009536743,3.450000047683716,3.509999990463257,2.5632264614105225,3206000
2018-10-12,3.6600000858306885,3.6600000858306885,3.5,3.549999952316284,2.592437505722046,1463000
2018-10-15,3.6600000858306885,3.6600000858306885,3.5399999618530273,3.569999933242798,2.6070427894592285,1909798
2018-10-16,3.5899999141693115,3.619999885559082,3.559999942779541,3.5999999046325684,2.628950595855713,1512360
2018-10-18,3.5999999046325684,3.690000057220459,3.5899999141693115,3.690000057220459,2.694674491882324,1489338
2018-10-19,3.690000057220459,3.7699999809265137,3.619999885559082,3.7699999809265137,2.7530956268310547,2500349
2018-10-22,3.819999933242798,3.880000114440918,3.6500000953674316,3.880000114440918,2.8334248065948486,1065000
2018-10-23,3.8499999046325684,3.9000000953674316,3.75,3.7699999809265137,2.7530956268310547,2669000
2018-10-24,3.7699999809265137,3.799999952316284,3.680000066757202,3.799999952316284,2.775003433227539,1047000
2018-10-25,3.6600000858306885,3.759999990463257,3.619999885559082,3.7300000190734863,2.7238848209381104,2363000
2018-10-26,3.6700000762939453,3.8499999046325684,3.6700000762939453,3.809999942779541,2.782305955886841,1001000
2018-10-29,3.9000000953674316,3.9000000953674316,3.740000009536743,3.7699999809265137,2.7530956268310547,1523171
2018-10-30,3.75,3.7799999713897705,3.7200000286102295,3.75,2.738490104675293,896000
2018-10-31,3.799999952316284,3.859999895095825,3.740000009536743,3.859999895095825,2.818819522857666,2119797
2018-11-01,3.859999895095825,3.880000114440918,3.7899999618530273,3.8399999141693115,2.8042140007019043,2373549
2018-11-02,3.8499999046325684,3.9200000762939453,3.799999952316284,3.869999885559082,2.8261215686798096,1973000
2018-11-05,3.8399999141693115,3.869999885559082,3.7899999618530273,3.8399999141693115,2.8042140007019043,710358
2018-11-06,3.799999952316284,3.9000000953674316,3.799999952316284,3.869999885559082,2.8261215686798096,1529000
2018-11-07,3.869999885559082,3.869999885559082,3.7799999713897705,3.799999952316284,2.775003433227539,1580000
2018-11-08,3.859999895095825,3.869999885559082,3.7699999809265137,3.7799999713897705,2.7603983879089355,1667000
2018-11-09,3.799999952316284,3.819999933242798,3.75,3.7799999713897705,2.7603983879089355,1093500
2018-11-12,3.7799999713897705,3.8299999237060547,3.75,3.799999952316284,2.775003433227539,1086000
2018-11-13,3.819999933242798,3.819999933242798,3.759999990463257,3.7699999809265137,2.7530956268310547,4171891
2018-11-14,3.7300000190734863,3.7799999713897705,3.7300000190734863,3.759999990463257,2.745793342590332,1108000
2018-11-15,3.759999990463257,3.7799999713897705,3.7300000190734863,3.7699999809265137,2.7530956268310547,1345276
2018-11-16,3.7799999713897705,3.819999933242798,3.7100000381469727,3.819999933242798,2.7896082401275635,1653085
2018-11-19,3.819999933242798,3.880000114440918,3.7699999809265137,3.859999895095825,2.818819522857666,2003466
2018-11-20,3.799999952316284,3.8299999237060547,3.7799999713897705,3.7899999618530273,2.7677009105682373,1036669
2018-11-21,3.740000009536743,3.740000009536743,3.5899999141693115,3.609999895095825,2.6362531185150146,4557947
2018-11-22,3.640000104904175,3.700000047683716,3.5999999046325684,3.6700000762939453,2.6800694465637207,1175000
2018-11-23,3.7100000381469727,3.7200000286102295,3.609999895095825,3.640000104904175,2.6581614017486572,686086
2018-11-26,3.6500000953674316,3.6600000858306885,3.609999895095825,3.619999885559082,2.6435558795928955,2049000
2018-11-27,3.630000114440918,3.640000104904175,3.549999952316284,3.549999952316284,2.592437505722046,1727000
2018-11-28,3.549999952316284,3.6700000762939453,3.549999952316284,3.609999895095825,2.6362531185150146,1522997
2018-11-29,3.619999885559082,3.630000114440918,3.559999942779541,3.5899999141693115,2.621648073196411,981079
2018-11-30,3.549999952316284,3.5999999046325684,3.549999952316284,3.559999942779541,2.5997397899627686,1264586
2018-12-03,3.5899999141693115,3.700000047683716,3.5899999141693115,3.619999885559082,2.6435558795928955,1013065
2018-12-04,3.5799999237060547,3.619999885559082,3.5799999237060547,3.5999999046325684,2.628950595855713,1801076
2018-12-05,3.700000047683716,3.7100000381469727,3.390000104904175,3.390000104904175,2.475595235824585,16521211
2018-12-06,3.4200000762939453,3.569999933242798,3.3299999237060547,3.450000047683716,2.519411563873291,5506156
2018-12-07,3.450000047683716,3.4700000286102295,3.299999952316284,3.309999942779541,2.4171738624572754,2491145
2018-12-10,3.299999952316284,3.4000000953674316,3.2799999713897705,3.309999942779541,2.4171738624572754,3076362
2018-12-11,3.3499999046325684,3.3499999046325684,3.140000104904175,3.180000066757202,2.322239637374878,3173585
2018-12-12,3.140000104904175,3.3399999141693115,3.140000104904175,3.2100000381469727,2.3441476821899414,13168000
2018-12-13,3.25,3.4200000762939453,3.25,3.390000104904175,2.475595235824585,4493545
2018-12-14,3.4100000858306885,3.440000057220459,3.359999895095825,3.390000104904175,2.475595235824585,2621362
2018-12-17,3.390000104904175,3.4600000381469727,3.3499999046325684,3.390000104904175,2.475595235824585,8724219
2018-12-18,3.359999895095825,3.390000104904175,3.259999990463257,3.299999952316284,2.4098713397979736,1474000
2018-12-19,3.240000009536743,3.2799999713897705,2.9700000286102295,3.0,2.1907920837402344,4861114
2018-12-20,3.0,3.0199999809265137,2.759999990463257,2.8399999141693115,2.0739500522613525,7783000
2018-12-21,2.8399999141693115,2.940000057220459,2.8299999237060547,2.9200000762939453,2.132371425628662,5015564
2018-12-24,2.9600000381469727,2.9800000190734863,2.930000066757202,2.940000057220459,2.1469762325286865,1799106
2018-12-27,2.950000047683716,2.950000047683716,2.7899999618530273,2.809999942779541,2.052042245864868,4545704
2018-12-28,2.809999942779541,2.8299999237060547,2.75,2.75,2.008225917816162,3045311
2018-12-31,2.75,2.8499999046325684,2.75,2.8299999237060547,2.066647529602051,1475464
2019-01-02,2.880000114440918,2.880000114440918,2.7799999713897705,2.869999885559082,2.095857858657837,1813935
2019-01-03,2.799999952316284,2.890000104904175,2.799999952316284,2.8499999046325684,2.0812528133392334,1089000
2019-01-04,2.8499999046325684,2.9700000286102295,2.799999952316284,2.950000047683716,2.1542792320251465,2029813
2019-01-07,2.950000047683716,3.069999933242798,2.950000047683716,3.0399999618530273,2.220003128051758,2367021
2019-01-08,3.0299999713897705,3.2100000381469727,3.009999990463257,3.200000047683716,2.3368453979492188,2900068
2019-01-09,3.2799999713897705,3.319999933242798,3.140000104904175,3.2100000381469727,2.3441476821899414,3284000
2019-01-10,3.180000066757202,3.2300000190734863,3.140000104904175,3.180000066757202,2.322239637374878,1582475
2019-01-11,3.200000047683716,3.240000009536743,3.1700000762939453,3.2300000190734863,2.358753204345703,1441694
2019-01-14,3.25,3.25,3.190000057220459,3.2300000190734863,2.358753204345703,987000
2019-01-15,3.25,3.3399999141693115,3.240000009536743,3.2799999713897705,2.39526629447937,1512000
2019-01-16,3.299999952316284,3.3499999046325684,3.259999990463257,3.309999942779541,2.4171738624572754,3456551
2019-01-17,3.359999895095825,3.359999895095825,3.25,3.259999990463257,2.3806610107421875,1531336
2019-01-18,3.3499999046325684,3.3499999046325684,3.240000009536743,3.240000009536743,2.366055965423584,449000
2019-01-21,3.2899999618530273,3.3299999237060547,3.2300000190734863,3.2799999713897705,2.39526629447937,873000
2019-01-22,3.299999952316284,3.3499999046325684,3.259999990463257,3.299999952316284,2.4098713397979736,1026270
2019-01-23,3.299999952316284,3.3299999237060547,3.2300000190734863,3.3299999237060547,2.431779384613037,986301
2019-01-24,3.3299999237060547,3.3299999237060547,3.240000009536743,3.299999952316284,2.4098713397979736,1166000
2019-01-25,3.3399999141693115,3.359999895095825,3.2799999713897705,3.299999952316284,2.4098713397979736,1446344
2019-01-28,3.2699999809265137,3.380000114440918,3.2699999809265137,3.3499999046325684,2.446384906768799,923300
2019-01-29,3.380000114440918,3.4600000381469727,3.3299999237060547,3.4600000381469727,2.5267138481140137,2027000
2019-01-30,3.440000057220459,3.4800000190734863,3.380000114440918,3.4700000286102295,2.5340168476104736,1544000
2019-01-31,3.4700000286102295,3.5,3.4000000953674316,3.430000066757202,2.50480580329895,721016
2019-02-01,3.430000066757202,3.4600000381469727,3.3299999237060547,3.369999885559082,2.4609897136688232,1494457
2019-02-04,3.2699999809265137,3.430000066757202,3.2699999809265137,3.3399999141693115,2.439082145690918,261000
2019-02-08,3.299999952316284,3.4000000953674316,3.2899999618530273,3.3499999046325684,2.446384906768799,1028407
2019-02-11,3.3299999237060547,3.390000104904175,3.299999952316284,3.369999885559082,2.4609897136688232,1195025
2019-02-12,3.4000000953674316,3.450000047683716,3.3399999141693115,3.369999885559082,2.4609897136688232,1649134
2019-02-13,3.359999895095825,3.4600000381469727,3.319999933242798,3.450000047683716,2.519411563873291,779544
2019-02-14,3.4700000286102295,3.4700000286102295,3.380000114440918,3.4000000953674316,2.482898235321045,875038
2019-02-15,3.4000000953674316,3.4200000762939453,3.2799999713897705,3.309999942779541,2.4171738624572754,2458472
2019-02-18,3.4000000953674316,3.4000000953674316,3.299999952316284,3.3299999237060547,2.431779384613037,1162282
2019-02-19,3.3499999046325684,3.440000057220459,3.3299999237060547,3.4000000953674316,2.482898235321045,1232000
2019-02-20,3.4600000381469727,3.619999885559082,3.380000114440918,3.5799999237060547,2.6143453121185303,4540078
2019-02-21,3.640000104904175,3.680000066757202,3.5799999237060547,3.6600000858306885,2.672766923904419,2902939
2019-02-22,3.630000114440918,3.75,3.609999895095825,3.75,2.738490104675293,2877000
2019-02-25,3.819999933242798,3.819999933242798,3.640000104904175,3.690000057220459,2.694674491882324,4861342
2019-02-26,3.6600000858306885,3.740000009536743,3.6600000858306885,3.690000057220459,2.694674491882324,1739278
2019-02-27,3.6700000762939453,3.700000047683716,3.609999895095825,3.6500000953674316,2.665464162826538,1105816
2019-02-28,3.6700000762939453,3.700000047683716,3.609999895095825,3.6700000762939453,2.6800694465637207,1350068
2019-03-01,3.7100000381469727,3.7699999809265137,3.700000047683716,3.7699999809265137,2.7530956268310547,1334699
2019-03-04,3.700000047683716,3.7699999809265137,3.700000047683716,3.7300000190734863,2.7238848209381104,1251000
2019-03-05,3.740000009536743,3.740000009536743,3.6500000953674316,3.680000066757202,2.6873717308044434,1260144
2019-03-06,3.6500000953674316,3.7699999809265137,3.6500000953674316,3.759999990463257,2.745793342590332,1557137
2019-03-07,3.759999990463257,3.799999952316284,3.619999885559082,3.6700000762939453,2.6800694465637207,1946780
2019-03-08,3.700000047683716,3.700000047683716,3.5799999237060547,3.5899999141693115,2.621648073196411,2960999
2019-03-11,3.559999942779541,3.569999933242798,3.380000114440918,3.380000114440918,2.468292713165283,4260000
2019-03-12,3.440000057220459,3.559999942779541,3.4100000858306885,3.509999990463257,2.5632264614105225,2190448
2019-03-13,3.559999942779541,3.559999942779541,3.490000009536743,3.5299999713897705,2.577831983566284,2773956
2019-03-14,3.5799999237060547,3.5799999237060547,3.440000057220459,3.509999990463257,2.5632264614105225,2427100
2019-03-15,3.569999933242798,3.6700000762939453,3.509999990463257,3.609999895095825,2.6362531185150146,1638941
2019-03-18,3.619999885559082,3.640000104904175,3.609999895095825,3.630000114440918,2.6508588790893555,1151778
2019-03-19,3.630000114440918,3.680000066757202,3.619999885559082,3.640000104904175,2.6581614017486572,2198523
2019-03-20,3.700000047683716,3.7699999809265137,3.700000047683716,3.740000009536743,2.7311878204345703,1238000
2019-03-21,3.7699999809265137,3.7699999809265137,3.630000114440918,3.6700000762939453,2.6800694465637207,1378080
2019-03-22,3.7300000190734863,3.799999952316284,3.700000047683716,3.7899999618530273,2.7677009105682373,2856156
2019-03-25,3.7799999713897705,3.7799999713897705,3.690000057220459,3.759999990463257,2.745793342590332,1067000
2019-03-26,3.7200000286102295,3.799999952316284,3.7100000381469727,3.759999990463257,2.745793342590332,823928
2019-03-27,3.7699999809265137,3.8499999046325684,3.7300000190734863,3.7799999713897705,2.7603983879089355,1876000
2019-03-28,3.7799999713897705,3.799999952316284,3.75,3.75,2.738490104675293,481692
2019-03-29,3.75,3.75,3.609999895095825,3.640000104904175,2.6581614017486572,1318116
2019-04-01,3.75,3.75,3.6600000858306885,3.7100000381469727,2.709280014038086,353000
2019-04-02,3.7200000286102295,3.740000009536743,3.680000066757202,3.7100000381469727,2.709280014038086,696314
2019-04-03,3.690000057220459,3.7300000190734863,3.6500000953674316,3.680000066757202,2.6873717308044434,986094
2019-04-04,3.7300000190734863,3.7300000190734863,3.630000114440918,3.640000104904175,2.6581614017486572,1086314
2019-04-08,3.700000047683716,3.700000047683716,3.640000104904175,3.640000104904175,2.6581614017486572,755856
2019-04-09,3.640000104904175,3.7200000286102295,3.640000104904175,3.690000057220459,2.694674491882324,1095929
2019-04-10,3.680000066757202,3.7100000381469727,3.680000066757202,3.7100000381469727,2.709280014038086,781000
2019-04-11,3.7300000190734863,3.7799999713897705,3.690000057220459,3.75,2.738490104675293,1321042
2019-04-12,3.700000047683716,3.7300000190734863,3.680000066757202,3.690000057220459,2.694674491882324,746000
2019-04-15,3.700000047683716,3.740000009536743,3.690000057220459,3.690000057220459,2.694674491882324,287000
2019-04-16,3.690000057220459,3.7100000381469727,3.680000066757202,3.680000066757202,2.6873717308044434,748027
2019-04-17,3.7300000190734863,3.75,3.680000066757202,3.75,2.738490104675293,1191054
2019-04-18,3.700000047683716,3.740000009536743,3.700000047683716,3.740000009536743,2.7311878204345703,316404
2019-04-23,3.690000057220459,3.740000009536743,3.690000057220459,3.7100000381469727,2.709280014038086,457000
2019-04-24,3.700000047683716,3.7200000286102295,3.690000057220459,3.700000047683716,2.701976776123047,296262
2019-04-25,3.690000057220459,3.690000057220459,3.619999885559082,3.6500000953674316,2.665464162826538,1281832
2019-04-26,3.6600000858306885,3.6700000762939453,3.5999999046325684,3.609999895095825,2.6362531185150146,1006000
2019-04-29,3.619999885559082,3.6700000762939453,3.619999885559082,3.640000104904175,2.6581614017486572,401000
2019-04-30,3.619999885559082,3.680000066757202,3.619999885559082,3.6600000858306885,2.672766923904419,466000
2019-05-02,3.6600000858306885,3.700000047683716,3.640000104904175,3.6500000953674316,2.665464162826538,825284
2019-05-03,3.700000047683716,3.7300000190734863,3.609999895095825,3.640000104904175,2.6581614017486572,1166034
2019-05-06,3.5999999046325684,3.5999999046325684,3.4700000286102295,3.4700000286102295,2.5340168476104736,585000
2019-05-07,3.549999952316284,3.549999952316284,3.369999885559082,3.390000104904175,2.475595235824585,608259
2019-05-08,3.3499999046325684,3.4000000953674316,3.319999933242798,3.369999885559082,2.490374803543091,511087
2019-05-09,3.5199999809265137,3.369999885559082,3.2300000190734863,3.240000009536743,2.3943071365356445,680850
2019-05-10,3.25,3.4100000858306885,3.25,3.3499999046325684,2.475594997406006,708430
2019-05-14,3.25,3.299999952316284,3.2300000190734863,3.240000009536743,2.3943071365356445,1416658
2019-05-15,3.2300000190734863,3.3499999046325684,3.2300000190734863,3.309999942779541,2.446035623550415,758889
2019-05-16,3.25,3.2899999618530273,3.25,3.2799999713897705,2.4238665103912354,569000
2019-05-17,3.259999990463257,3.309999942779541,3.2300000190734863,3.25,2.4016973972320557,1130000
2019-05-20,3.240000009536743,3.3499999046325684,3.240000009536743,3.240000009536743,2.3943071365356445,637439
2019-05-21,3.240000009536743,3.3499999046325684,3.240000009536743,3.309999942779541,2.446035623550415,222000
2019-05-22,3.2799999713897705,3.319999933242798,3.25,3.25,2.4016973972320557,357138
2019-05-23,3.259999990463257,3.2699999809265137,3.240000009536743,3.25,2.4016973972320557,751344
2019-05-24,3.259999990463257,3.3499999046325684,3.240000009536743,3.2699999809265137,2.4164764881134033,848618
2019-05-27,3.2699999809265137,3.2699999809265137,3.200000047683716,3.2100000381469727,2.3721373081207275,312000
2019-05-28,3.2100000381469727,3.25,3.180000066757202,3.190000057220459,2.3573577404022217,1086581
2019-05-29,3.1500000953674316,3.200000047683716,3.0799999237060547,3.1500000953674316,2.327798843383789,690194
2019-05-30,3.200000047683716,3.200000047683716,3.059999942779541,3.059999942779541,2.2612900733947754,296354
2019-05-31,3.049999952316284,3.049999952316284,2.890000104904175,2.9200000762939453,2.157832384109497,1246755
2019-06-03,2.9800000190734863,2.990000009536743,2.9000000953674316,2.9700000286102295,2.194781541824341,604254
2019-06-04,2.990000009536743,3.0799999237060547,2.950000047683716,3.059999942779541,2.2612900733947754,717072
2019-06-05,3.009999990463257,3.0899999141693115,3.009999990463257,3.0399999618530273,2.2465102672576904,163254
2019-06-06,3.0299999713897705,3.0999999046325684,2.930000066757202,2.930000066757202,2.165222406387329,1241654
2019-06-10,3.049999952316284,3.049999952316284,2.950000047683716,3.0,2.2169508934020996,945076
2019-06-11,3.0299999713897705,3.1700000762939453,3.0299999713897705,3.0799999237060547,2.2760696411132812,1456512
2019-06-12,3.0,3.0999999046325684,3.0,3.0799999237060547,2.2760696411132812,765256
2019-06-13,3.049999952316284,3.119999885559082,2.950000047683716,2.950000047683716,2.180001974105835,1062508
2019-06-14,2.9700000286102295,2.9800000190734863,2.869999885559082,2.9200000762939453,2.157832384109497,1430524
2019-06-17,3.0,3.0,2.9100000858306885,2.950000047683716,2.180001974105835,804912
2019-06-18,2.9700000286102295,3.0199999809265137,2.930000066757202,2.9600000381469727,2.187391519546509,529339
2019-06-19,2.990000009536743,3.0399999618530273,2.9800000190734863,3.0,2.2169508934020996,2106908
2019-06-20,2.9700000286102295,3.0,2.9200000762939453,2.9600000381469727,2.187391519546509,3129460
2019-06-21,2.9800000190734863,3.059999942779541,2.930000066757202,2.940000057220459,2.172611951828003,4339390
2019-06-24,2.940000057220459,3.009999990463257,2.940000057220459,2.9800000190734863,2.2021710872650146,357914
2019-06-25,2.9800000190734863,3.009999990463257,2.9700000286102295,2.9800000190734863,2.2021710872650146,297822
2019-06-26,3.0,3.140000104904175,3.0,3.009999990463257,2.2243406772613525,449000
2019-06-27,3.069999933242798,3.1500000953674316,3.069999933242798,3.119999885559082,2.305628776550293,259000
2019-06-28,3.119999885559082,3.259999990463257,3.119999885559082,3.180000066757202,2.3499674797058105,342684
2019-07-02,3.200000047683716,3.200000047683716,3.0899999141693115,3.0899999141693115,2.283459424972534,1138858
2019-07-03,3.0899999141693115,3.0999999046325684,3.059999942779541,3.0899999141693115,2.283459424972534,239000
2019-07-04,3.0899999141693115,3.119999885559082,3.069999933242798,3.119999885559082,2.305628776550293,439000
2019-07-05,3.130000114440918,3.140000104904175,3.0799999237060547,3.0999999046325684,2.290849208831787,217494
2019-07-08,3.0999999046325684,3.130000114440918,3.069999933242798,3.0799999237060547,2.2760696411132812,372000
2019-07-09,3.119999885559082,3.130000114440918,3.0799999237060547,3.0999999046325684,2.290849208831787,434700
2019-07-10,3.109999895095825,3.140000104904175,3.0899999141693115,3.119999885559082,2.305628776550293,604498
2019-07-11,3.109999895095825,3.1700000762939453,3.0799999237060547,3.119999885559082,2.305628776550293,121000
2019-07-12,3.0999999046325684,3.1700000762939453,3.069999933242798,3.0899999141693115,2.283459424972534,458988
2019-07-15,3.0799999237060547,3.119999885559082,3.059999942779541,3.069999933242798,2.2686798572540283,609996
2019-07-16,3.069999933242798,3.0999999046325684,3.009999990463257,3.049999952316284,2.2539002895355225,460000
2019-07-17,3.009999990463257,3.069999933242798,2.9800000190734863,3.069999933242798,2.2686798572540283,483296
2019-07-18,3.009999990463257,3.0999999046325684,3.0,3.0399999618530273,2.2465102672576904,413000
2019-07-19,3.0399999618530273,3.069999933242798,2.9800000190734863,3.0299999713897705,2.2391204833984375,444000
2019-07-22,3.0399999618530273,3.180000066757202,3.0199999809265137,3.1500000953674316,2.327798843383789,650188
2019-07-23,3.0999999046325684,3.1500000953674316,3.0999999046325684,3.109999895095825,2.29823899269104,193392
2019-07-24,3.0999999046325684,3.1700000762939453,3.0899999141693115,3.109999895095825,2.29823899269104,356000
2019-07-25,3.109999895095825,3.119999885559082,3.059999942779541,3.069999933242798,2.2686798572540283,394000
2019-07-26,3.069999933242798,3.1700000762939453,3.0399999618530273,3.0999999046325684,2.290849208831787,623928
2019-07-29,3.0999999046325684,3.200000047683716,3.0899999141693115,3.119999885559082,2.305628776550293,392383
2019-07-30,3.109999895095825,3.1700000762939453,3.109999895095825,3.1500000953674316,2.327798843383789,544000
2019-07-31,3.1500000953674316,3.1500000953674316,3.0399999618530273,3.1500000953674316,2.327798843383789,393000
2019-08-01,3.1500000953674316,3.2200000286102295,3.1500000953674316,3.2200000286102295,2.3795270919799805,755744
2019-08-02,3.200000047683716,3.200000047683716,3.0799999237060547,3.180000066757202,2.3499674797058105,1208722
2019-08-05,3.1700000762939453,3.1700000762939453,3.0199999809265137,3.059999942779541,2.2612900733947754,701856
2019-08-06,3.0399999618530273,3.069999933242798,2.930000066757202,3.0299999713897705,2.2391204833984375,1279000
2019-08-07,3.0999999046325684,3.109999895095825,3.0299999713897705,3.059999942779541,2.2612900733947754,619882
2019-08-08,3.0299999713897705,3.0399999618530273,3.0,3.0299999713897705,2.2391204833984375,397000
2019-08-09,3.009999990463257,3.109999895095825,3.009999990463257,3.059999942779541,2.2612900733947754,242000
2019-08-12,3.0199999809265137,3.0399999618530273,2.880000114440918,2.880000114440918,2.128272771835327,312000
2019-08-13,2.9800000190734863,3.109999895095825,2.9800000190734863,3.0399999618530273,2.2465102672576904,1939000
2019-08-14,3.119999885559082,3.1700000762939453,3.0399999618530273,3.119999885559082,2.305628776550293,887096
2019-08-15,3.0799999237060547,3.0999999046325684,3.0399999618530273,3.0399999618530273,2.2465102672576904,428000
2019-08-16,3.0399999618530273,3.1700000762939453,3.0399999618530273,3.140000104904175,2.320408821105957,601000
2019-08-19,3.140000104904175,3.299999952316284,3.140000104904175,3.259999990463257,2.4090867042541504,2315000
2019-08-20,3.319999933242798,3.5899999141693115,3.259999990463257,3.5399999618530273,2.616001844406128,2139392
2019-08-21,3.4600000381469727,3.5,3.4100000858306885,3.440000057220459,2.5711562633514404,734000
2019-08-22,3.4700000286102295,3.5999999046325684,3.4600000381469727,3.549999952316284,2.653373956680298,3149992
2019-08-23,3.549999952316284,3.630000114440918,3.5299999713897705,3.5299999713897705,2.638425350189209,794000
2019-08-26,3.4700000286102295,3.490000009536743,3.4000000953674316,3.450000047683716,2.5786306858062744,287000
2019-08-27,3.4700000286102295,3.5999999046325684,3.430000066757202,3.549999952316284,2.653373956680298,2510000
2019-08-28,3.5,3.5899999141693115,3.490000009536743,3.5199999809265137,2.630950689315796,325000
2019-08-29,3.4800000190734863,3.4800000190734863,3.369999885559082,3.4100000858306885,2.5487334728240967,872667
2019-08-30,3.4100000858306885,3.5299999713897705,3.4100000858306885,3.5,2.616001844406128,1286000
2019-09-02,3.5299999713897705,3.549999952316284,3.3399999141693115,3.369999885559082,2.51883602142334,570000
2019-09-03,3.4000000953674316,3.450000047683716,3.359999895095825,3.4100000858306885,2.5487334728240967,1248640
2019-09-04,3.4200000762939453,3.450000047683716,3.3499999046325684,3.3499999046325684,2.50388765335083,1422600
2019-09-05,3.3399999141693115,3.4200000762939453,3.3399999141693115,3.369999885559082,2.51883602142334,941744
2019-09-06,3.369999885559082,3.4600000381469727,3.3399999141693115,3.359999895095825,2.511361837387085,1380400
2019-09-09,3.430000066757202,3.4600000381469727,3.3499999046325684,3.390000104904175,2.5337846279144287,2057002
2019-09-10,3.4700000286102295,3.4700000286102295,3.4100000858306885,3.4100000858306885,2.5487334728240967,841000
2019-09-11,3.450000047683716,3.549999952316284,3.440000057220459,3.4800000190734863,2.6010537147521973,1533000
2019-09-12,3.5399999618530273,3.5399999618530273,3.430000066757202,3.450000047683716,2.5786306858062744,1301000
2019-09-13,3.4200000762939453,3.559999942779541,3.4200000762939453,3.5199999809265137,2.630950689315796,2575790
2019-09-16,3.509999990463257,3.5299999713897705,3.490000009536743,3.5,2.616001844406128,1733000
2019-09-17,3.509999990463257,3.5299999713897705,3.4700000286102295,3.4800000190734863,2.6010537147521973,1837000
2019-09-18,3.509999990463257,3.680000066757202,3.5,3.5299999713897705,2.638425350189209,2780000
2019-09-19,3.5799999237060547,3.5799999237060547,3.5299999713897705,3.549999952316284,2.653373956680298,2831000
2019-09-20,3.6700000762939453,3.6700000762939453,3.5399999618530273,3.5399999618530273,2.645899534225464,1801700
2019-09-23,3.5799999237060547,3.7100000381469727,3.5799999237060547,3.5999999046325684,2.6907451152801514,4094000
2019-09-24,3.5999999046325684,3.6700000762939453,3.559999942779541,3.5799999237060547,2.6757960319519043,2011000
2019-09-25,3.549999952316284,3.5999999046325684,3.5199999809265137,3.5399999618530273,2.645899534225464,1960100
2019-09-26,3.5399999618530273,3.619999885559082,3.5399999618530273,3.559999942779541,2.6608476638793945,1297000
2019-09-27,3.549999952316284,3.5999999046325684,3.549999952316284,3.5899999141693115,2.6832706928253174,981000
2019-09-30,3.549999952316284,3.609999895095825,3.5,3.5299999713897705,2.638425350189209,1420000
2019-10-02,3.5299999713897705,3.609999895095825,3.5299999713897705,3.569999933242798,2.6683223247528076,2105400
2019-10-03,3.549999952316284,3.7300000190734863,3.5399999618530273,3.7200000286102295,2.7804365158081055,4637700
2019-10-04,3.75,3.8499999046325684,3.6600000858306885,3.759999990463257,2.810333728790283,1630000
2019-10-08,3.700000047683716,3.869999885559082,3.700000047683716,3.75,2.8028595447540283,2463420
2019-10-09,3.7799999713897705,3.8499999046325684,3.75,3.7799999713897705,2.825282335281372,1207000
2019-10-10,3.7300000190734863,3.799999952316284,3.700000047683716,3.700000047683716,2.7654879093170166,620212
2019-10-11,3.75,3.7799999713897705,3.7100000381469727,3.7100000381469727,2.7729620933532715,667000
2019-10-14,3.809999942779541,3.819999933242798,3.7100000381469727,3.7100000381469727,2.7729620933532715,557174
2019-10-15,3.7100000381469727,3.7699999809265137,3.700000047683716,3.7200000286102295,2.7804365158081055,889000
2019-10-16,3.7100000381469727,3.7799999713897705,3.7100000381469727,3.7300000190734863,2.7879109382629395,631400
2019-10-17,3.7300000190734863,3.9100000858306885,3.7300000190734863,3.9000000953674316,2.914973735809326,1864000
2019-10-18,3.9000000953674316,3.9200000762939453,3.8399999141693115,3.859999895095825,2.8850767612457275,334000
2019-10-21,3.8499999046325684,3.9200000762939453,3.8499999046325684,3.9100000858306885,2.92244815826416,918000
2019-10-22,3.9100000858306885,3.9100000858306885,3.7200000286102295,3.7300000190734863,2.7879109382629395,1655000
2019-10-23,3.7899999618530273,3.799999952316284,3.7100000381469727,3.7100000381469727,2.7729620933532715,615000
2019-10-24,3.7699999809265137,3.809999942779541,3.7100000381469727,3.740000009536743,2.7953853607177734,990000
2019-10-25,3.7699999809265137,3.7899999618530273,3.640000104904175,3.6600000858306885,2.735590934753418,2781500
2019-10-28,3.6700000762939453,3.7899999618530273,3.6700000762939453,3.7799999713897705,2.825282335281372,363000
2019-10-29,3.799999952316284,3.8499999046325684,3.7100000381469727,3.7200000286102295,2.7804365158081055,265000
2019-10-30,3.7200000286102295,3.75,3.430000066757202,3.490000009536743,2.608527660369873,1767000
2019-10-31,3.5299999713897705,3.559999942779541,3.390000104904175,3.430000066757202,2.5636823177337646,2286000
2019-11-01,3.509999990463257,3.569999933242798,3.4600000381469727,3.5299999713897705,2.638425350189209,1328194
2019-11-04,3.549999952316284,3.569999933242798,3.490000009536743,3.509999990463257,2.623476028442383,1258261
2019-11-05,3.5299999713897705,3.5999999046325684,3.5299999713897705,3.5899999141693115,2.6832706928253174,715000
2019-11-06,3.630000114440918,3.630000114440918,3.4800000190734863,3.5299999713897705,2.638425350189209,887000
2019-11-07,3.549999952316284,3.549999952316284,3.4200000762939453,3.440000057220459,2.5711562633514404,908000
2019-11-08,3.450000047683716,3.490000009536743,3.390000104904175,3.4100000858306885,2.5487334728240967,2086899
2019-11-11,3.4000000953674316,3.4100000858306885,3.109999895095825,3.2899999618530273,2.4590418338775635,1353435
2019-11-12,3.299999952316284,3.380000114440918,3.299999952316284,3.380000114440918,2.526310682296753,778435
2019-11-13,3.380000114440918,3.390000104904175,3.190000057220459,3.25,2.4291443824768066,1557261
2019-11-14,3.25,3.4200000762939453,3.25,3.2899999618530273,2.4590418338775635,624000
2019-11-15,3.3299999237060547,3.380000114440918,3.309999942779541,3.369999885559082,2.51883602142334,1881000
2019-11-18,3.369999885559082,3.380000114440918,3.2300000190734863,3.25,2.4291443824768066,394000
2019-11-19,3.299999952316284,3.3299999237060547,3.2699999809265137,3.2899999618530273,2.4590418338775635,1254920
2019-11-20,3.319999933242798,3.309999942779541,3.2699999809265137,3.299999952316284,2.4665160179138184,302000
2019-11-21,3.3299999237060547,3.3299999237060547,3.259999990463257,3.2699999809265137,2.4440934658050537,2479000
2019-11-22,3.2699999809265137,3.319999933242798,3.2699999809265137,3.309999942779541,2.4739906787872314,644000
2019-11-25,3.309999942779541,3.369999885559082,3.2799999713897705,3.359999895095825,2.511361837387085,966000
2019-11-26,3.4000000953674316,3.430000066757202,3.319999933242798,3.319999933242798,2.481464385986328,1422000
2019-11-27,3.299999952316284,3.4200000762939453,3.299999952316284,3.4100000858306885,2.5487334728240967,558261
2019-11-28,3.4700000286102295,3.4700000286102295,3.3499999046325684,3.390000104904175,2.5337846279144287,5759000
2019-11-29,3.450000047683716,3.450000047683716,3.319999933242798,3.4200000762939453,2.5562081336975098,1385586
2019-12-02,3.4600000381469727,3.4600000381469727,3.309999942779541,3.380000114440918,2.526310682296753,336000
2019-12-03,3.4000000953674316,3.4200000762939453,3.299999952316284,3.319999933242798,2.481464385986328,1252174
2019-12-04,3.319999933242798,3.3499999046325684,3.2799999713897705,3.3499999046325684,2.50388765335083,6891000
2019-12-05,3.3499999046325684,3.3499999046325684,3.2100000381469727,3.25,2.4291443824768066,758000
2019-12-06,3.2799999713897705,3.369999885559082,3.259999990463257,3.3299999237060547,2.4889395236968994,1323000
2019-12-09,3.3299999237060547,3.3499999046325684,3.259999990463257,3.299999952316284,2.4665160179138184,907128
2019-12-10,3.309999942779541,3.309999942779541,3.190000057220459,3.25,2.4291443824768066,1281000
2019-12-11,3.240000009536743,3.259999990463257,3.200000047683716,3.2200000286102295,2.406722068786621,546000
2019-12-12,3.259999990463257,3.259999990463257,3.2100000381469727,3.2300000190734863,2.414196252822876,745000
2019-12-13,3.2799999713897705,3.299999952316284,3.240000009536743,3.2899999618530273,2.4590418338775635,960045
2019-12-16,3.3299999237060547,3.3299999237060547,3.259999990463257,3.309999942779541,2.4739906787872314,3877861
2019-12-17,3.3299999237060547,3.4200000762939453,3.2899999618530273,3.369999885559082,2.51883602142334,2976174
2019-12-18,3.430000066757202,3.5199999809265137,3.3399999141693115,3.5,2.616001844406128,2490586
2019-12-19,3.5,3.5999999046325684,3.4200000762939453,3.549999952316284,2.653373956680298,4144861
2019-12-20,3.549999952316284,3.700000047683716,3.5399999618530273,3.6700000762939453,2.743065357208252,3938109
2019-12-23,3.549999952316284,3.740000009536743,3.549999952316284,3.680000066757202,2.7505393028259277,2263006
2019-12-24,3.680000066757202,3.7699999809265137,3.549999952316284,3.5899999141693115,2.6832706928253174,566620
2019-12-27,3.5999999046325684,3.640000104904175,3.549999952316284,3.559999942779541,2.6608476638793945,1000839
2019-12-30,3.559999942779541,3.619999885559082,3.549999952316284,3.609999895095825,2.698219060897827,349000
2019-12-31,3.7100000381469727,3.7100000381469727,3.569999933242798,3.6500000953674316,2.728116273880005,1242212
2020-01-02,3.7699999809265137,3.7799999713897705,3.690000057220459,3.7699999809265137,2.817807674407959,1224804
2020-01-03,3.7899999618530273,3.809999942779541,3.7100000381469727,3.809999942779541,2.847705364227295,1415000
2020-01-06,3.880000114440918,3.880000114440918,3.7799999713897705,3.799999952316284,2.840230703353882,1222148
2020-01-07,3.8399999141693115,3.9100000858306885,3.7699999809265137,3.9000000953674316,2.914973735809326,8691000
2020-01-08,3.9100000858306885,3.950000047683716,3.859999895095825,3.9000000953674316,2.914973735809326,4165996
2020-01-09,3.990000009536743,4.150000095367432,3.950000047683716,4.090000152587891,3.05698561668396,5261000
2020-01-10,4.119999885559082,4.130000114440918,4.050000190734863,4.090000152587891,3.05698561668396,1431000
2020-01-13,4.110000133514404,4.159999847412109,4.079999923706055,4.159999847412109,3.1093051433563232,5181000
2020-01-14,4.179999828338623,4.190000057220459,4.150000095367432,4.179999828338623,3.124253988265991,2122000
2020-01-15,4.199999809265137,4.199999809265137,4.0,4.03000020980835,3.0121397972106934,3245000
2020-01-16,4.099999904632568,4.099999904632568,3.869999885559082,3.950000047683716,2.952345132827759,2127000
2020-01-17,4.0,4.070000171661377,3.9800000190734863,4.070000171661377,3.042037010192871,1157999
2020-01-20,4.050000190734863,4.110000133514404,4.0,4.039999961853027,3.0196139812469482,1486000
2020-01-21,4.050000190734863,4.050000190734863,3.8499999046325684,3.890000104904175,2.907499074935913,1729000
2020-01-22,3.930000066757202,4.070000171661377,3.880000114440918,4.0,2.9897165298461914,2112600
2020-01-23,4.03000020980835,4.03000020980835,3.9100000858306885,3.940000057220459,2.944870948791504,1522000
2020-01-24,3.9600000381469727,3.9700000286102295,3.9100000858306885,3.930000066757202,2.937396764755249,357300
2020-01-29,3.9100000858306885,3.9100000858306885,3.740000009536743,3.7899999618530273,2.832756757736206,857000
2020-01-30,3.799999952316284,3.799999952316284,3.5999999046325684,3.5999999046325684,2.6907451152801514,1299000
2020-01-31,3.609999895095825,3.690000057220459,3.5899999141693115,3.609999895095825,2.698219060897827,455000
2020-02-03,3.700000047683716,3.700000047683716,3.5299999713897705,3.5799999237060547,2.6757960319519043,1076350
2020-02-04,3.5999999046325684,3.680000066757202,3.5899999141693115,3.5899999141693115,2.6832706928253174,1021489
2020-02-05,3.619999885559082,3.819999933242798,3.5899999141693115,3.809999942779541,2.847705364227295,2208500
2020-02-06,3.819999933242798,3.8499999046325684,3.740000009536743,3.8299999237060547,2.8626537322998047,527779
2020-02-07,3.819999933242798,3.9000000953674316,3.7899999618530273,3.880000114440918,2.9000253677368164,2888200
2020-02-10,3.880000114440918,3.950000047683716,3.809999942779541,3.950000047683716,2.952345132827759,544000
2020-02-11,3.930000066757202,4.0,3.890000104904175,3.9700000286102295,2.9672939777374268,1123000
2020-02-12,4.0,4.090000152587891,3.990000009536743,4.079999923706055,3.049511194229126,2300296
2020-02-13,4.059999942779541,4.110000133514404,4.019999980926514,4.090000152587891,3.05698561668396,1285000
2020-02-14,4.079999923706055,4.110000133514404,4.050000190734863,4.070000171661377,3.042037010192871,1216296
2020-02-17,4.079999923706055,4.150000095367432,4.070000171661377,4.130000114440918,3.0868823528289795,2384000
2020-02-18,4.199999809265137,4.199999809265137,4.050000190734863,4.110000133514404,3.071934223175049,872000
2020-02-19,4.099999904632568,4.139999866485596,4.079999923706055,4.099999904632568,3.064459800720215,749000
2020-02-20,4.099999904632568,4.139999866485596,4.079999923706055,4.130000114440918,3.0868823528289795,686000
2020-02-21,4.139999866485596,4.179999828338623,4.119999885559082,4.139999866485596,3.0943570137023926,1722000
2020-02-24,4.179999828338623,4.179999828338623,4.03000020980835,4.110000133514404,3.071934223175049,2224000
2020-02-25,4.099999904632568,4.099999904632568,4.0,4.019999980926514,3.0046651363372803,4824000
2020-02-26,4.019999980926514,4.019999980926514,3.8399999141693115,3.8499999046325684,2.8776021003723145,1233092
2020-02-27,3.9000000953674316,4.179999828338623,3.880000114440918,4.019999980926514,3.0046651363372803,3848273
2020-02-28,4.0,4.010000228881836,3.8299999237060547,3.869999885559082,2.8925509452819824,1675304
2020-03-02,3.8399999141693115,3.930000066757202,3.799999952316284,3.8499999046325684,2.8776021003723145,451694
2020-03-03,3.9000000953674316,3.9200000762939453,3.7799999713897705,3.7799999713897705,2.825282335281372,962148
2020-03-04,3.8499999046325684,3.8499999046325684,3.75,3.7799999713897705,2.825282335281372,777000
2020-03-05,3.8299999237060547,3.8499999046325684,3.7899999618530273,3.809999942779541,2.847705364227295,541296
2020-03-06,3.8399999141693115,3.8499999046325684,3.7699999809265137,3.8399999141693115,2.8701281547546387,1162444
2020-03-09,3.740000009536743,3.809999942779541,3.5999999046325684,3.619999885559082,2.7056937217712402,1241000
2020-03-10,3.619999885559082,3.690000057220459,3.4700000286102295,3.4800000190734863,2.6010537147521973,1497000
2020-03-11,3.5299999713897705,3.569999933242798,3.5,3.5299999713897705,2.638425350189209,2199740
2020-03-12,3.490000009536743,3.490000009536743,3.200000047683716,3.2100000381469727,2.3992481231689453,1454592
2020-03-13,3.0,3.2799999713897705,3.0,3.200000047683716,2.391773223876953,2076000
2020-03-16,3.190000057220459,3.190000057220459,3.0299999713897705,3.0799999237060547,2.302081823348999,2357740
2020-03-17,3.0,3.049999952316284,2.940000057220459,3.0299999713897705,2.2647106647491455,1305000
2020-03-18,2.9800000190734863,3.009999990463257,2.7899999618530273,2.799999952316284,2.092801570892334,2117000
2020-03-19,2.75,2.75,2.640000104904175,2.6500000953674316,1.9806872606277466,2217740
2020-03-20,2.6500000953674316,2.7100000381469727,2.569999933242798,2.690000057220459,2.010584592819214,2634000
2020-03-23,2.690000057220459,2.690000057220459,2.4600000381469727,2.5,1.8685728311538696,1954000
2020-03-24,2.509999990463257,2.609999895095825,2.490000009536743,2.5,1.8685728311538696,2353000
2020-03-25,2.5799999237060547,2.6700000762939453,2.5799999237060547,2.6600000858306885,1.988161325454712,1139000
2020-03-26,2.690000057220459,2.8399999141693115,2.6600000858306885,2.8299999237060547,2.115224599838257,1548743
2020-03-27,2.930000066757202,2.940000057220459,2.819999933242798,2.859999895095825,2.1376471519470215,1112000
2020-03-30,2.9000000953674316,2.9000000953674316,2.75,2.7699999809265137,2.0703790187835693,1252000
2020-03-31,2.9700000286102295,3.119999885559082,2.880000114440918,2.9200000762939453,2.182492971420288,3382000
2020-04-01,2.9700000286102295,3.0399999618530273,2.799999952316284,2.799999952316284,2.092801570892334,2902000
2020-04-02,2.799999952316284,2.9200000762939453,2.759999990463257,2.880000114440918,2.1525959968566895,2453119
2020-04-03,2.890000104904175,2.9100000858306885,2.8499999046325684,2.869999885559082,2.1451215744018555,706740
2020-04-06,2.880000114440918,2.9800000190734863,2.880000114440918,2.9700000286102295,2.2198643684387207,1461000
2020-04-07,3.0399999618530273,3.1700000762939453,3.0199999809265137,3.049999952316284,2.279658794403076,1988000
2020-04-08,3.049999952316284,3.130000114440918,3.0,3.0399999618530273,2.2721846103668213,1366000
2020-04-09,3.0999999046325684,3.140000104904175,3.0799999237060547,3.0999999046325684,2.317030429840088,960000
2020-04-14,3.1700000762939453,3.3499999046325684,3.140000104904175,3.3399999141693115,2.496413469314575,4692000
2020-04-15,3.299999952316284,3.369999885559082,3.2100000381469727,3.2300000190734863,2.414196252822876,1310000
2020-04-16,3.2300000190734863,3.2300000190734863,3.069999933242798,3.1700000762939453,2.3693501949310303,1025000
2020-04-17,3.109999895095825,3.180000066757202,3.0299999713897705,3.1600000858306885,2.3618764877319336,3207000
2020-04-20,3.200000047683716,3.3499999046325684,3.180000066757202,3.259999990463257,2.4366190433502197,2204000
2020-04-21,3.200000047683716,3.200000047683716,3.0999999046325684,3.0999999046325684,2.317030429840088,1016000
2020-04-22,3.0999999046325684,3.0999999046325684,2.9800000190734863,3.049999952316284,2.279658794403076,1074000
2020-04-23,3.130000114440918,3.130000114440918,3.059999942779541,3.0899999141693115,2.309556484222412,632000
2020-04-24,3.109999895095825,3.2699999809265137,3.0799999237060547,3.240000009536743,2.421670436859131,3862000
2020-04-27,3.2899999618530273,3.2899999618530273,3.200000047683716,3.2799999713897705,2.4515678882598877,2010000
2020-04-28,3.319999933242798,3.319999933242798,3.200000047683716,3.2799999713897705,2.4515678882598877,844213
2020-04-29,3.299999952316284,3.3399999141693115,3.25,3.309999942779541,2.4739906787872314,2336000
2020-05-04,3.2899999618530273,3.3399999141693115,3.0299999713897705,3.0299999713897705,2.2647106647491455,3588296
2020-05-05,3.049999952316284,3.130000114440918,3.0399999618530273,3.069999933242798,2.294607639312744,2655420
2020-05-06,3.1500000953674316,3.180000066757202,3.0999999046325684,3.140000104904175,2.3469276428222656,1728000
2020-05-07,3.109999895095825,3.119999885559082,3.049999952316284,3.069999933242798,2.294607639312744,832000
2020-05-08,3.109999895095825,3.130000114440918,3.049999952316284,3.0999999046325684,2.317030429840088,1461000
2020-05-11,3.180000066757202,3.180000066757202,3.119999885559082,3.1500000953674316,2.3544020652770996,1044740
2020-05-12,3.190000057220459,3.190000057220459,3.0799999237060547,3.109999895095825,2.324504852294922,959184
2020-05-13,3.109999895095825,3.2200000286102295,3.0999999046325684,3.180000066757202,2.3768248558044434,2185000
2020-05-14,3.190000057220459,3.130000114440918,3.0399999618530273,3.049999952316284,2.279658794403076,783000
2020-05-15,3.0999999046325684,3.0999999046325684,3.049999952316284,3.0799999237060547,2.302081823348999,354000
2020-05-18,3.049999952316284,3.059999942779541,3.0,3.0199999809265137,2.2572362422943115,1357000
2020-05-19,3.049999952316284,3.0899999141693115,3.0,3.009999990463257,2.2497618198394775,1216000
2020-05-20,3.0,3.0399999618530273,2.990000009536743,3.0199999809265137,2.2572362422943115,1240000
2020-05-21,3.0299999713897705,3.119999885559082,3.0299999713897705,3.0399999618530273,2.2721846103668213,1339700
2020-05-22,3.390000104904175,3.390000104904175,2.9100000858306885,2.9700000286102295,2.2198643684387207,4141000
2020-05-25,2.9800000190734863,3.069999933242798,2.9700000286102295,3.0,2.2422873973846436,2372000
2020-05-26,3.0399999618530273,3.2200000286102295,3.0399999618530273,3.200000047683716,2.391773223876953,1926036
2020-05-27,3.200000047683716,3.200000047683716,3.0799999237060547,3.190000057220459,2.38429856300354,1825740
2020-05-28,3.130000114440918,3.2200000286102295,3.0999999046325684,3.1500000953674316,2.3544020652770996,1463400
2020-05-29,3.240000009536743,3.240000009536743,3.0,3.0,2.2422873973846436,3231000
2020-06-01,3.0299999713897705,3.109999895095825,3.0199999809265137,3.0899999141693115,2.309556484222412,569000
2020-06-02,3.119999885559082,3.119999885559082,3.009999990463257,3.0999999046325684,2.317030429840088,3601050
2020-06-03,3.0999999046325684,3.119999885559082,3.0399999618530273,3.0899999141693115,2.3551392555236816,960000
2020-06-04,3.1600000858306885,3.1600000858306885,3.009999990463257,3.0399999618530273,2.317030429840088,2705000
2020-06-05,3.0899999141693115,3.0999999046325684,2.990000009536743,3.0,2.286543130874634,3295154
2020-06-08,3.049999952316284,3.109999895095825,3.0199999809265137,3.0899999141693115,2.3551392555236816,6927308
2020-06-09,3.0999999046325684,3.190000057220459,3.0799999237060547,3.119999885559082,2.378004789352417,4483000
2020-06-10,3.119999885559082,3.1700000762939453,3.0999999046325684,3.1700000762939453,2.416114330291748,2779000
2020-06-11,3.200000047683716,3.3499999046325684,3.200000047683716,3.25,2.477088689804077,6760000
2020-06-12,3.200000047683716,3.200000047683716,3.140000104904175,3.180000066757202,2.4237358570098877,1294000
2020-06-15,3.1600000858306885,3.1700000762939453,3.0299999713897705,3.0399999618530273,2.317030429840088,2081000
2020-06-16,3.0999999046325684,3.190000057220459,3.069999933242798,3.180000066757202,2.4237358570098877,1096000
2020-06-17,3.200000047683716,3.359999895095825,3.1500000953674316,3.3399999141693115,2.545684814453125,1933200
2020-06-18,3.4100000858306885,3.5999999046325684,3.4100000858306885,3.569999933242798,2.7209861278533936,8866000
2020-06-19,3.5399999618530273,3.549999952316284,3.369999885559082,3.430000066757202,2.614280939102173,5241412
2020-06-22,3.4700000286102295,3.630000114440918,3.4700000286102295,3.619999885559082,2.7590951919555664,1769426
2020-06-23,3.640000104904175,3.6500000953674316,3.5299999713897705,3.619999885559082,2.7590951919555664,1721500
2020-06-24,3.640000104904175,3.680000066757202,3.559999942779541,3.6700000762939453,2.7972044944763184,1825000
2020-06-26,3.640000104904175,3.6700000762939453,3.5199999809265137,3.5199999809265137,2.6828770637512207,1664940
2020-06-29,3.5,3.5199999809265137,3.3499999046325684,3.4000000953674316,2.5914156436920166,1125000
2020-06-30,3.4000000953674316,3.4100000858306885,3.3299999237060547,3.369999885559082,2.5685501098632812,1224579
2020-07-02,3.4200000762939453,3.4200000762939453,3.319999933242798,3.3399999141693115,2.545684814453125,998154
2020-07-03,3.3399999141693115,3.359999895095825,3.319999933242798,3.3399999141693115,2.545684814453125,1535000
2020-07-06,3.3399999141693115,3.3399999141693115,3.2100000381469727,3.299999952316284,2.515197515487671,4400000
2020-07-07,3.319999933242798,3.450000047683716,3.319999933242798,3.3299999237060547,2.5380630493164062,2257915
2020-07-08,3.4200000762939453,3.4200000762939453,3.2899999618530273,3.3399999141693115,2.545684814453125,1598808
2020-07-09,3.3499999046325684,3.440000057220459,3.3399999141693115,3.440000057220459,2.6219029426574707,3458000
2020-07-10,3.440000057220459,3.440000057220459,3.180000066757202,3.2200000286102295,2.4542229175567627,3381187
2020-07-13,3.2699999809265137,3.359999895095825,3.240000009536743,3.309999942779541,2.5228192806243896,1910613
2020-07-14,3.380000114440918,3.4700000286102295,3.319999933242798,3.4000000953674316,2.5914156436920166,4467000
2020-07-15,3.4000000953674316,3.4600000381469727,3.3499999046325684,3.4600000381469727,2.637146234512329,3787124
2020-07-16,3.4600000381469727,3.5,3.3499999046325684,3.369999885559082,2.5685501098632812,2253000
2020-07-17,3.4200000762939453,3.5799999237060547,3.4000000953674316,3.5399999618530273,2.6981210708618164,2234000
2020-07-20,3.549999952316284,3.630000114440918,3.490000009536743,3.630000114440918,2.7667171955108643,3103000
2020-07-21,3.630000114440918,3.7300000190734863,3.5199999809265137,3.559999942779541,2.713364601135254,3703744
2020-07-22,3.5799999237060547,3.7100000381469727,3.569999933242798,3.5999999046325684,2.743851900100708,3041510
2020-07-23,3.6500000953674316,3.6500000953674316,3.5199999809265137,3.5799999237060547,2.7286081314086914,1897000
2020-07-24,3.5799999237060547,3.880000114440918,3.559999942779541,3.6600000858306885,2.7895827293395996,3811000
2020-07-27,3.700000047683716,3.7100000381469727,3.450000047683716,3.5,2.6676337718963623,2553000
2020-07-28,3.5199999809265137,3.559999942779541,3.4100000858306885,3.430000066757202,2.614280939102173,769000
2020-07-29,3.430000066757202,3.609999895095825,3.430000066757202,3.5799999237060547,2.7286081314086914,2739200
2020-07-30,3.5899999141693115,3.690000057220459,3.5899999141693115,3.6500000953674316,2.781960964202881,1922000
2020-07-31,3.6600000858306885,3.7300000190734863,3.5899999141693115,3.630000114440918,2.7667171955108643,4103000
2020-08-03,3.6600000858306885,3.6700000762939453,3.450000047683716,3.5,2.6676337718963623,4307100
2020-08-04,3.5,3.559999942779541,3.4600000381469727,3.490000009536743,2.6600117683410645,1767000
2020-08-05,3.4800000190734863,3.75,3.4800000190734863,3.6600000858306885,2.7895827293395996,4910000
2020-08-06,3.6600000858306885,3.6600000858306885,3.490000009536743,3.5299999713897705,2.6904993057250977,2693000
2020-08-07,3.5,3.5299999713897705,3.390000104904175,3.4200000762939453,2.606658935546875,6090000
2020-08-10,3.4800000190734863,3.5299999713897705,3.4100000858306885,3.5299999713897705,2.6904993057250977,1077000
2020-08-11,3.5199999809265137,3.549999952316284,3.5,3.5,2.6676337718963623,1338100
2020-08-12,3.559999942779541,3.5999999046325684,3.5,3.5899999141693115,2.7362301349639893,1873000
2020-08-13,3.630000114440918,3.7300000190734863,3.5799999237060547,3.700000047683716,2.820070266723633,2495000
2020-08-14,3.9000000953674316,4.639999866485596,3.9000000953674316,4.550000190734863,3.467923879623413,28155000
2020-08-17,4.949999809265137,5.340000152587891,4.789999961853027,5.170000076293945,3.940476417541504,30866857
2020-08-18,5.199999809265137,5.5,4.880000114440918,5.190000057220459,3.9557197093963623,20288300
2020-08-19,5.21999979019165,5.449999809265137,4.889999866485596,5.110000133514404,3.8947455883026123,5480500
2020-08-20,5.150000095367432,5.179999828338623,4.71999979019165,4.78000020980835,3.6938257217407227,8068000
2020-08-21,4.849999904632568,5.090000152587891,4.659999847412109,5.019999980926514,3.8792898654937744,9284900
2020-08-24,5.150000095367432,5.239999771118164,5.059999942779541,5.199999809265137,4.018388271331787,5197000
2020-08-25,5.179999828338623,5.179999828338623,4.900000095367432,4.920000076293945,3.8020126819610596,7017402
2020-08-26,4.849999904632568,4.989999771118164,4.789999961853027,4.829999923706055,3.786334276199341,3036000
2020-08-27,4.860000133514404,4.860000133514404,4.630000114440918,4.730000019073486,3.7079432010650635,2999300
2020-08-28,4.730000019073486,4.980000019073486,4.730000019073486,4.840000152587891,3.7941737174987793,3838000
2020-08-31,4.900000095367432,4.900000095367432,4.460000038146973,4.480000019073486,3.511962652206421,8851000
2020-09-01,4.510000228881836,4.829999923706055,4.510000228881836,4.710000038146973,3.6922640800476074,4396008
2020-09-02,4.710000038146973,4.710000038146973,4.46999979019165,4.5,3.5276408195495605,4109526
2020-09-03,4.460000038146973,4.480000019073486,4.25,4.340000152587891,3.4022138118743896,7847000
2020-09-04,4.320000171661377,4.320000171661377,4.119999885559082,4.210000038146973,3.3003041744232178,5640500
2020-09-07,4.199999809265137,4.230000019073486,4.099999904632568,4.199999809265137,3.2924649715423584,2410000
2020-09-08,4.300000190734863,4.349999904632568,4.050000190734863,4.210000038146973,3.3003041744232178,3028131
2020-09-09,4.199999809265137,4.21999979019165,4.090000152587891,4.199999809265137,3.2924649715423584,2034660
2020-09-10,4.239999771118164,4.239999771118164,4.130000114440918,4.130000114440918,3.237590789794922,1555000
2020-09-11,4.190000057220459,4.28000020980835,4.130000114440918,4.239999771118164,3.323821544647217,2669600
2020-09-14,4.28000020980835,4.550000190734863,4.28000020980835,4.480000019073486,3.511962652206421,3054000
2020-09-15,4.53000020980835,4.579999923706055,4.369999885559082,4.53000020980835,3.551159143447876,2719600
2020-09-16,4.630000114440918,4.949999809265137,4.599999904632568,4.900000095367432,3.8412091732025146,5903714
2020-09-17,4.889999866485596,4.889999866485596,4.639999866485596,4.760000228881836,3.7314603328704834,5511000
2020-09-18,4.75,4.760000228881836,4.579999923706055,4.679999828338623,3.6687469482421875,3177674
2020-09-21,4.679999828338623,4.78000020980835,4.550000190734863,4.570000171661377,3.5825161933898926,1190000
2020-09-22,4.559999942779541,4.670000076293945,4.440000057220459,4.5,3.5276408195495605,1450000
2020-09-23,4.599999904632568,4.820000171661377,4.599999904632568,4.78000020980835,3.747138261795044,3015892
2020-09-24,4.699999809265137,4.800000190734863,4.579999923706055,4.71999979019165,3.700103759765625,2687200
2020-09-25,4.699999809265137,4.75,4.449999809265137,4.449999809265137,3.4884450435638428,2240119
2020-09-28,4.5,4.650000095367432,4.5,4.610000133514404,3.6138722896575928,1005500
2020-09-29,4.610000133514404,4.659999847412109,4.550000190734863,4.599999904632568,3.6060328483581543,533000
2020-09-30,4.650000095367432,4.690000057220459,4.590000152587891,4.639999866485596,3.637389659881592,974974
2020-10-05,4.699999809265137,4.880000114440918,4.460000038146973,4.519999980926514,3.5433194637298584,3438246
2020-10-06,4.519999980926514,4.769999980926514,4.519999980926514,4.699999809265137,3.68442440032959,2695000
2020-10-07,4.630000114440918,4.690000057220459,4.579999923706055,4.659999847412109,3.6530683040618896,2039000
2020-10-08,4.699999809265137,5.170000076293945,4.699999809265137,5.139999866485596,4.029350280761719,9877071
2020-10-09,5.139999866485596,5.150000095367432,4.800000190734863,4.96999979019165,3.8960835933685303,3796528
2020-10-12,5.0,5.130000114440918,4.909999847412109,4.949999809265137,3.8804049491882324,2090000
2020-10-14,5.150000095367432,5.320000171661377,4.960000038146973,5.21999979019165,4.092063903808594,6486769
2020-10-15,5.230000019073486,5.230000019073486,4.820000171661377,4.929999828338623,3.8647265434265137,3531000
2020-10-16,4.900000095367432,4.960000038146973,4.840000152587891,4.949999809265137,3.8804049491882324,2796104
2020-10-19,5.0,5.010000228881836,4.690000057220459,4.800000190734863,3.762817144393921,4831230
2020-10-20,4.809999942779541,4.849999904632568,4.639999866485596,4.820000171661377,3.7784955501556396,2801042
2020-10-21,4.71999979019165,4.760000228881836,4.699999809265137,4.760000228881836,3.7314603328704834,2488752
2020-10-22,4.71999979019165,4.840000152587891,4.690000057220459,4.789999961853027,3.7549777030944824,3100000
2020-10-23,4.849999904632568,4.849999904632568,4.630000114440918,4.690000057220459,3.6765854358673096,3870870
2020-10-27,4.690000057220459,4.800000190734863,4.639999866485596,4.699999809265137,3.68442440032959,3944600
2020-10-28,4.78000020980835,4.78000020980835,4.599999904632568,4.659999847412109,3.6530683040618896,2385000
2020-10-29,4.650000095367432,4.71999979019165,4.460000038146973,4.539999961853027,3.558997869491577,7347976
2020-10-30,4.440000057220459,4.590000152587891,4.360000133514404,4.480000019073486,3.511962652206421,3995920
2020-11-02,4.610000133514404,4.650000095367432,4.5,4.570000171661377,3.5825161933898926,1345000
2020-11-03,4.599999904632568,4.710000038146973,4.519999980926514,4.550000190734863,3.5668370723724365,1567906
2020-11-04,4.579999923706055,4.590000152587891,4.389999866485596,4.449999809265137,3.4884450435638428,1660000
2020-11-05,4.5,4.599999904632568,4.5,4.599999904632568,3.6060328483581543,952000
2020-11-06,4.699999809265137,4.880000114440918,4.630000114440918,4.849999904632568,3.8020131587982178,2764000
2020-11-09,4.920000076293945,5.099999904632568,4.920000076293945,5.03000020980835,3.9431190490722656,3635000
2020-11-10,5.050000190734863,5.260000228881836,5.019999980926514,5.110000133514404,4.005833148956299,6775000
2020-11-11,5.059999942779541,5.119999885559082,4.849999904632568,4.869999885559082,3.8176910877227783,2885299
2020-11-12,4.889999866485596,4.900000095367432,4.699999809265137,4.75,3.723621129989624,1722000
2020-11-13,4.75,4.75,4.619999885559082,4.679999828338623,3.6687469482421875,2664000
2020-11-16,4.75,4.980000019073486,4.699999809265137,4.940000057220459,3.872565746307373,3492231
2020-11-17,5.0,5.190000057220459,4.849999904632568,4.860000133514404,3.809852361679077,2951609
2020-11-18,4.949999809265137,4.949999809265137,4.730000019073486,4.800000190734863,3.762817144393921,3186396
2020-11-19,4.849999904632568,4.849999904632568,4.679999828338623,4.849999904632568,3.8020131587982178,1540738
2020-11-20,4.840000152587891,4.989999771118164,4.800000190734863,4.809999942779541,3.770655870437622,3138723
2020-11-23,4.820000171661377,5.239999771118164,4.820000171661377,5.070000171661377,3.974475622177124,4392037
2020-11-24,5.050000190734863,5.099999904632568,4.940000057220459,5.050000190734863,3.9587974548339844,1823000
2020-11-25,5.070000171661377,5.070000171661377,4.929999828338623,4.929999828338623,3.8647265434265137,1801000
2020-11-26,4.980000019073486,5.059999942779541,4.920000076293945,5.050000190734863,3.9587974548339844,1354000
2020-11-27,5.099999904632568,5.480000019073486,5.079999923706055,5.420000076293945,4.248847961425781,14998390
2020-11-30,5.519999980926514,5.610000133514404,4.769999980926514,4.820000171661377,3.7784955501556396,13054621
2020-12-01,5.199999809265137,6.590000152587891,5.130000114440918,6.53000020980835,5.118999481201172,45721000
2020-12-02,6.349999904632568,6.710000038146973,6.019999980926514,6.260000228881836,4.907341003417969,19455104
2020-12-03,6.21999979019165,6.300000190734863,5.949999809265137,6.119999885559082,4.797591686248779,6568600
2020-12-04,6.199999809265137,6.199999809265137,5.840000152587891,6.03000020980835,4.727039337158203,6716556
2020-12-07,6.119999885559082,6.340000152587891,5.800000190734863,6.21999979019165,4.875983715057373,6993500
2020-12-08,6.159999847412109,6.25,5.920000076293945,5.96999979019165,4.6800031661987305,4785556
2020-12-09,6.320000171661377,7.010000228881836,6.320000171661377,6.829999923706055,5.354175090789795,22636560
2020-12-10,6.699999809265137,7.440000057220459,6.659999847412109,7.360000133514404,5.769652843475342,20452000
2020-12-11,7.269999980926514,7.300000190734863,6.809999942779541,7.0,5.487441539764404,12834415
2020-12-14,7.090000152587891,7.300000190734863,7.0,7.010000228881836,5.495281219482422,7117000
2020-12-15,7.019999980926514,7.360000133514404,7.019999980926514,7.230000019073486,5.66774320602417,11011248
2020-12-16,7.230000019073486,7.619999885559082,7.059999942779541,7.460000038146973,5.8480448722839355,11948536
2020-12-17,7.489999771118164,7.570000171661377,7.28000020980835,7.480000019073486,5.863722801208496,5048000
2020-12-18,7.559999942779541,7.590000152587891,7.070000171661377,7.349999904632568,5.761813640594482,8628166
2020-12-21,6.519999980926514,6.800000190734863,5.909999847412109,6.309999942779541,4.946536540985107,18706624
2020-12-22,6.400000095367432,6.679999828338623,6.329999923706055,6.400000095367432,5.01708984375,10462705
2020-12-23,6.5,6.659999847412109,6.420000076293945,6.559999942779541,5.142516613006592,4422346
2020-12-24,6.449999809265137,6.449999809265137,6.449999809265137,6.449999809265137,5.056285381317139,0
2020-12-28,6.5,6.590000152587891,6.260000228881836,6.340000152587891,4.970054626464844,3264000
2020-12-29,6.5,6.900000095367432,6.389999866485596,6.820000171661377,5.3463358879089355,7516000
2020-12-30,6.900000095367432,7.130000114440918,6.829999923706055,6.900000095367432,5.409049034118652,7202348
2020-12-31,6.900000095367432,6.900000095367432,6.900000095367432,6.900000095367432,5.409049034118652,0
2021-01-04,6.900000095367432,7.070000171661377,6.739999771118164,7.019999980926514,5.584048271179199,3139000
2021-01-05,6.849999904632568,7.150000095367432,6.829999923706055,7.150000095367432,5.6874566078186035,4918350
2021-01-06,7.159999847412109,7.349999904632568,7.070000171661377,7.21999979019165,5.743137836456299,4504381
2021-01-07,7.199999809265137,7.320000171661377,7.039999961853027,7.150000095367432,5.6874566078186035,4514869
2021-01-08,7.150000095367432,7.800000190734863,7.119999885559082,7.539999961853027,5.997681617736816,8395021
2021-01-11,7.46999979019165,7.78000020980835,7.289999961853027,7.570000171661377,6.02154541015625,7808201
2021-01-12,7.71999979019165,8.489999771118164,7.71999979019165,8.270000457763672,6.578359127044678,11060368
2021-01-13,8.300000190734863,8.300000190734863,7.980000019073486,8.079999923706055,6.427223205566406,7844352
2021-01-14,8.0,8.170000076293945,7.809999942779541,7.980000019073486,6.3476786613464355,7127000
2021-01-15,7.960000038146973,7.960000038146973,7.650000095367432,7.75,6.164725303649902,6001000
2021-01-18,7.820000171661377,8.0,7.380000114440918,7.949999809265137,6.323814868927002,3474000
2021-01-19,7.960000038146973,8.430000305175781,7.809999942779541,8.100000381469727,6.4431328773498535,6538259
2021-01-20,8.100000381469727,8.359999656677246,8.020000457763672,8.229999542236328,6.546540260314941,4615279
2021-01-21,8.399999618530273,8.65999984741211,8.15999984741211,8.3100004196167,6.610177516937256,6686000
2021-01-22,8.369999885559082,8.489999771118164,8.020000457763672,8.199999809265137,6.522677421569824,3529852
2021-01-25,8.260000228881836,8.300000190734863,7.849999904632568,8.050000190734863,6.403360366821289,3911000
2021-01-26,8.079999923706055,8.369999885559082,7.800000190734863,7.809999942779541,6.212452411651611,6340200
2021-01-27,8.0,8.0,7.289999961853027,7.760000228881836,6.172680377960205,4687000
2021-01-28,7.769999980926514,7.789999961853027,7.340000152587891,7.400000095367432,5.886318683624268,4938241
2021-01-29,7.599999904632568,7.650000095367432,7.409999847412109,7.619999885559082,6.0613179206848145,3887000
2021-02-01,7.639999866485596,7.849999904632568,7.550000190734863,7.829999923706055,6.2283616065979,2054000
2021-02-02,8.0,8.119999885559082,7.860000133514404,8.0,6.363587856292725,6007817
2021-02-03,8.020000457763672,8.050000190734863,7.650000095367432,7.920000076293945,6.299951553344727,2901400
2021-02-04,8.0,8.300000190734863,7.78000020980835,7.940000057220459,6.315860748291016,4932400
2021-02-05,8.119999885559082,8.279999732971191,7.949999809265137,8.079999923706055,6.427223205566406,3385000
2021-02-08,8.0,8.229999542236328,7.980000019073486,8.050000190734863,6.403360366821289,4105000
2021-02-09,8.100000381469727,8.789999961853027,8.0,8.6899995803833,6.91244649887085,9664127
2021-02-10,8.75,8.760000228881836,8.399999618530273,8.760000228881836,6.968128204345703,6069899
2021-02-11,8.710000038146973,8.710000038146973,8.710000038146973,8.710000038146973,6.928355693817139,0
2021-02-16,8.699999809265137,9.0,8.6899995803833,8.979999542236328,7.143126964569092,4398568
2021-02-17,9.149999618530273,9.180000305175781,8.670000076293945,8.710000038146973,6.928355693817139,5030713
2021-02-18,8.800000190734863,8.8100004196167,8.420000076293945,8.479999542236328,6.7454023361206055,3538125
2021-02-19,8.520000457763672,8.520000457763672,8.149999618530273,8.239999771118164,6.554494857788086,3257698
2021-02-22,8.270000457763672,8.449999809265137,7.949999809265137,7.980000019073486,6.3476786613464355,4384004
2021-02-23,7.96999979019165,7.980000019073486,7.369999885559082,7.699999809265137,6.124952793121338,4351472
2021-02-24,7.820000171661377,7.900000095367432,7.210000038146973,7.28000020980835,5.790865421295166,6427645
2021-02-25,7.510000228881836,7.78000020980835,7.360000133514404,7.449999809265137,5.926090717315674,5570870
2021-02-26,7.300000190734863,7.429999828338623,7.110000133514404,7.130000114440918,5.671548366546631,3722000
2021-03-01,7.130000114440918,7.619999885559082,7.119999885559082,7.590000152587891,6.037454128265381,3349130
2021-03-02,7.789999961853027,7.789999961853027,7.21999979019165,7.409999847412109,5.894272804260254,4666574
2021-03-03,7.5,7.659999847412109,7.309999942779541,7.510000228881836,5.973817825317383,3177345
2021-03-04,7.489999771118164,7.5,7.150000095367432,7.260000228881836,5.774955749511719,2335645
2021-03-05,7.059999942779541,7.400000095367432,6.929999828338623,7.300000190734863,5.8067731857299805,4490342
2021-03-08,7.5,7.5,6.699999809265137,6.829999923706055,5.432912826538086,4859430
2021-03-09,6.880000114440918,7.070000171661377,6.559999942779541,6.849999904632568,5.448821544647217,3496000
2021-03-10,7.090000152587891,7.260000228881836,7.0,7.210000038146973,5.7351837158203125,2507523
2021-03-11,7.25,7.570000171661377,7.119999885559082,7.389999866485596,5.878364086151123,5436420
2021-03-12,7.480000019073486,7.579999923706055,7.119999885559082,7.130000114440918,5.671548366546631,4606000
2021-03-15,7.139999866485596,7.480000019073486,7.139999866485596,7.300000190734863,5.8067731857299805,1879847
2021-03-16,7.349999904632568,7.650000095367432,7.320000171661377,7.639999866485596,6.077225685119629,4137284
2021-03-17,7.679999828338623,8.100000381469727,7.579999923706055,8.079999923706055,6.427223205566406,5167000
2021-03-18,8.1899995803833,8.350000381469727,8.0,8.180000305175781,6.506769180297852,4901404
2021-03-19,8.050000190734863,8.649999618530273,8.050000190734863,8.489999771118164,6.753357887268066,10195547
2021-03-22,8.449999809265137,8.789999961853027,8.25,8.649999618530273,6.8806281089782715,6811167
2021-03-23,8.470000267028809,8.59000015258789,8.079999923706055,8.210000038146973,6.530632495880127,5729468
2021-03-24,8.100000381469727,8.3100004196167,7.940000057220459,8.0,6.363587856292725,6230000
2021-03-25,7.909999847412109,8.039999961853027,7.650000095367432,8.039999961853027,6.3954057693481445,3299707
2021-03-26,8.149999618530273,8.239999771118164,7.860000133514404,8.109999656677246,6.451086521148682,2224265
2021-03-29,8.109999656677246,8.109999656677246,7.619999885559082,7.710000038146973,6.132907867431641,3455000
2021-03-30,8.0,8.399999618530273,8.0,8.25,6.562450408935547,5280578
2021-03-31,8.180000305175781,8.449999809265137,8.15999984741211,8.350000381469727,6.641994953155518,4254946
2021-04-01,8.479999542236328,8.550000190734863,8.199999809265137,8.399999618530273,6.681767463684082,2445256
2021-04-07,8.569999694824219,8.729999542236328,8.350000381469727,8.380000114440918,6.665858745574951,3514959
2021-04-08,8.40999984741211,8.6899995803833,8.399999618530273,8.5,6.761312484741211,3583000
2021-04-09,8.5,8.569999694824219,8.319999694824219,8.359999656677246,6.64995002746582,2170126
2021-04-12,8.470000267028809,8.470000267028809,7.940000057220459,8.050000190734863,6.403360366821289,3343300
2021-04-13,8.050000190734863,8.130000114440918,7.809999942779541,7.989999771118164,6.355633735656738,3333645
2021-04-14,7.989999771118164,8.520000457763672,7.96999979019165,8.5,6.761312484741211,3518400
2021-04-15,8.390000343322754,8.579999923706055,8.260000228881836,8.550000190734863,6.801084518432617,2497168
2021-04-16,8.640000343322754,9.050000190734863,8.5,9.039999961853027,7.190854072570801,19581822
2021-04-19,9.109999656677246,9.479999542236328,9.050000190734863,9.239999771118164,7.3499436378479,8582000
2021-04-20,9.270000457763672,9.359999656677246,8.420000076293945,8.5,6.761312484741211,8057081
2021-04-21,8.5,8.699999809265137,8.420000076293945,8.489999771118164,6.753357887268066,4404500
2021-04-22,8.5,8.869999885559082,8.449999809265137,8.75,6.960174083709717,2941000
2021-04-23,8.920000076293945,8.989999771118164,8.729999542236328,8.819999694824219,7.015854835510254,3569746
2021-04-26,8.9399995803833,8.9399995803833,8.460000038146973,8.5,6.761312484741211,4595000
2021-04-27,8.470000267028809,8.680000305175781,8.449999809265137,8.609999656677246,6.84881067276001,2351388
2021-04-28,8.630000114440918,8.6899995803833,8.529999732971191,8.649999618530273,6.8806281089782715,2398929
2021-04-29,8.65999984741211,8.65999984741211,8.479999542236328,8.649999618530273,6.8806281089782715,1655424
2021-04-30,8.600000381469727,9.0,8.550000190734863,8.579999923706055,6.824946880340576,2352711
2021-05-03,8.579999923706055,8.609999656677246,8.09000015258789,8.170000076293945,6.498814582824707,3133000
2021-05-04,8.239999771118164,8.270000457763672,7.869999885559082,8.029999732971191,6.387451171875,2958000
2021-05-05,8.149999618530273,8.479999542236328,8.0600004196167,8.199999809265137,6.522677421569824,2183815
2021-05-06,8.399999618530273,8.6899995803833,8.239999771118164,8.630000114440918,6.864720344543457,3917150
2021-05-07,8.579999923706055,8.630000114440918,8.260000228881836,8.270000457763672,6.578359127044678,2941500
2021-05-10,8.270000457763672,8.579999923706055,8.270000457763672,8.5,6.761312484741211,1924316
2021-05-11,8.59000015258789,8.649999618530273,8.229999542236328,8.380000114440918,6.665858745574951,2293435
2021-05-12,8.380000114440918,9.0,8.260000228881836,8.899999618530273,7.079490661621094,4721000
2021-05-13,8.760000228881836,8.760000228881836,8.260000228881836,8.260000228881836,6.570404052734375,5097718
2021-05-14,8.460000038146973,8.539999961853027,8.289999961853027,8.300000190734863,6.602222442626953,2327000
2021-05-17,8.1899995803833,8.699999809265137,8.180000305175781,8.59000015258789,6.832902431488037,2277000
2021-05-18,8.600000381469727,8.8100004196167,8.600000381469727,8.670000076293945,6.896538257598877,1540177
2021-05-20,8.800000190734863,9.149999618530273,8.6899995803833,9.039999961853027,7.190854072570801,3634525
2021-05-21,9.039999961853027,9.260000228881836,8.979999542236328,9.0,7.159035682678223,3503000
2021-05-24,9.0,9.199999809265137,8.890000343322754,9.010000228881836,7.166990756988525,1405835
2021-05-25,9.0,9.229999542236328,8.920000076293945,9.229999542236328,7.341989994049072,2669592
2021-05-26,9.25,10.0,9.229999542236328,10.0,7.954484939575195,9801000
2021-05-27,9.800000190734863,10.180000305175781,9.649999618530273,9.670000076293945,7.691986560821533,4097993
2021-05-28,9.760000228881836,9.890000343322754,9.550000190734863,9.699999809265137,7.715849876403809,2572882
2021-05-31,9.609999656677246,9.75,9.329999923706055,9.6899995803833,7.7881855964660645,1866000
2021-06-01,9.699999809265137,9.850000381469727,9.5,9.670000076293945,7.772111415863037,1205920
2021-06-02,9.710000038146973,9.729999542236328,9.550000190734863,9.640000343322754,7.74799919128418,1103035
2021-06-03,9.640000343322754,10.460000038146973,9.640000343322754,9.829999923706055,7.9007086753845215,4849000
2021-06-04,9.75,9.949999809265137,9.729999542236328,9.739999771118164,7.828372001647949,988003
2021-06-07,9.75,9.75,9.460000038146973,9.739999771118164,7.828372001647949,1671100
2021-06-08,9.739999771118164,9.9399995803833,9.420000076293945,9.520000457763672,7.651551723480225,1802000
2021-06-09,9.699999809265137,9.699999809265137,9.1899995803833,9.3100004196167,7.482767105102539,1847000
2021-06-10,9.3100004196167,9.729999542236328,9.199999809265137,9.3100004196167,7.482767105102539,2714116
2021-06-11,9.220000267028809,9.579999923706055,9.220000267028809,9.460000038146973,7.60332727432251,1037000
2021-06-15,9.460000038146973,9.460000038146973,9.029999732971191,9.199999809265137,7.3943562507629395,2852374
2021-06-16,9.210000038146973,9.210000038146973,8.770000457763672,8.84000015258789,7.105011940002441,2552374
2021-06-17,9.020000457763672,9.34000015258789,8.779999732971191,9.319999694824219,7.490804195404053,2634000
2021-06-18,9.75,9.800000190734863,9.229999542236328,9.710000038146973,7.804260730743408,10842954
2021-06-21,9.600000381469727,9.630000114440918,9.020000457763672,9.0600004196167,7.281833648681641,3167985
2021-06-22,9.149999618530273,9.279999732971191,8.800000190734863,8.800000190734863,7.072862148284912,3466514
2021-06-23,8.949999809265137,9.140000343322754,8.800000190734863,8.920000076293945,7.169310569763184,2162679
2021-06-24,9.020000457763672,9.260000228881836,8.84000015258789,9.09000015258789,7.305946350097656,1737687
2021-06-25,9.09000015258789,9.149999618530273,8.84000015258789,9.0600004196167,7.281833648681641,2270190
2021-06-28,9.0600004196167,9.0600004196167,8.880000114440918,8.930000305175781,7.177349090576172,603000
2021-06-29,9.029999732971191,9.029999732971191,8.739999771118164,8.789999961853027,7.064825057983398,1708219
2021-06-30,8.819999694824219,9.140000343322754,8.819999694824219,8.930000305175781,7.177349090576172,3125923
2021-07-02,8.970000267028809,9.020000457763672,8.779999732971191,8.960000038146973,7.201460361480713,1648049
2021-07-05,9.15999984741211,9.15999984741211,8.8100004196167,8.8100004196167,7.080900192260742,1260273
2021-07-06,8.989999771118164,8.989999771118164,8.579999923706055,8.670000076293945,6.968377113342285,2627000
2021-07-07,8.720000267028809,8.949999809265137,8.609999656677246,8.9399995803833,7.185385227203369,1958000
2021-07-08,8.949999809265137,8.949999809265137,8.630000114440918,8.789999961853027,7.064825057983398,3135405
2021-07-09,8.789999961853027,9.130000114440918,8.649999618530273,9.029999732971191,7.2577223777771,2791116
2021-07-12,9.050000190734863,9.75,9.0,9.739999771118164,7.828372001647949,4105670
2021-07-13,9.75,9.899999618530273,9.739999771118164,9.760000228881836,7.844447135925293,1112000
2021-07-14,9.760000228881836,9.779999732971191,9.3100004196167,9.470000267028809,7.611365795135498,1442000
2021-07-15,9.380000114440918,9.619999885559082,9.380000114440918,9.5600004196167,7.683700084686279,1303740
2021-07-16,9.470000267028809,9.579999923706055,9.359999656677246,9.420000076293945,7.571178436279297,800000
2021-07-19,9.329999923706055,9.34000015258789,9.140000343322754,9.15999984741211,7.36220645904541,1241400
2021-07-20,9.25,9.25,9.0,9.149999618530273,7.354169845581055,1738079
2021-07-21,9.220000267028809,9.329999923706055,9.039999961853027,9.119999885559082,7.330057621002197,855402
2021-07-22,9.119999885559082,9.5,9.119999885559082,9.460000038146973,7.60332727432251,804400
2021-07-23,9.550000190734863,9.600000381469727,9.170000076293945,9.180000305175781,7.37828254699707,830400
2021-07-26,9.180000305175781,9.260000228881836,8.979999542236328,9.010000228881836,7.241647720336914,1788262
2021-07-27,9.010000228881836,9.15999984741211,8.420000076293945,8.8100004196167,7.080900192260742,3814400
2021-07-28,8.8100004196167,8.84000015258789,8.069999694824219,8.239999771118164,6.622771263122559,3497744
2021-07-29,8.430000305175781,8.550000190734863,8.329999923706055,8.399999618530273,6.751368522644043,2100000
2021-07-30,8.40999984741211,8.460000038146973,8.170000076293945,8.399999618530273,6.751368522644043,1668644
2021-08-02,8.5,8.819999694824219,8.279999732971191,8.800000190734863,7.072862148284912,2239332
2021-08-03,8.979999542236328,8.979999542236328,8.59000015258789,8.65999984741211,6.960339546203613,2261264
2021-08-04,8.8100004196167,8.9399995803833,8.699999809265137,8.869999885559082,7.129123687744141,708252
2021-08-05,8.880000114440918,8.989999771118164,8.619999885559082,8.710000038146973,7.000525951385498,660277
2021-08-06,8.720000267028809,8.989999771118164,8.600000381469727,8.739999771118164,7.0246381759643555,793700
2021-08-09,8.729999542236328,8.8100004196167,8.649999618530273,8.760000228881836,7.040712833404541,367000
2021-08-10,8.850000381469727,9.149999618530273,8.649999618530273,9.140000343322754,7.346132278442383,1644203
2021-08-11,9.25,9.470000267028809,9.180000305175781,9.430000305175781,7.5792155265808105,1233000
2021-08-12,9.460000038146973,9.579999923706055,9.319999694824219,9.369999885559082,7.5309906005859375,1040800
2021-08-13,9.699999809265137,9.739999771118164,8.930000305175781,9.119999885559082,7.330057621002197,3040540
2021-08-16,9.3100004196167,9.3100004196167,8.789999961853027,8.930000305175781,7.177349090576172,1561000
2021-08-17,9.0,10.100000381469727,9.0,9.680000305175781,7.780148029327393,8910000
2021-08-18,9.800000190734863,10.0,9.609999656677246,9.880000114440918,7.940895080566406,1999186
2021-08-19,9.899999618530273,9.960000038146973,9.380000114440918,9.390000343322754,7.5470662117004395,1806000
2021-08-20,9.489999771118164,9.539999961853027,8.859999656677246,9.020000457763672,7.249683856964111,3149000
2021-08-23,9.180000305175781,9.289999961853027,9.0,9.210000038146973,7.402393341064453,928528
2021-08-24,9.289999961853027,9.479999542236328,9.239999771118164,9.369999885559082,7.5309906005859375,1495951
2021-08-25,9.470000267028809,9.470000267028809,9.170000076293945,9.25,7.434543132781982,1014894
2021-08-26,9.15999984741211,9.4399995803833,9.15999984741211,9.4399995803833,7.68697452545166,1270000
2021-08-27,9.600000381469727,9.600000381469727,9.3100004196167,9.369999885559082,7.629975318908691,1123000
2021-08-30,9.5,9.5,9.100000381469727,9.390000343322754,7.646261215209961,618930
2021-08-31,9.390000343322754,9.600000381469727,9.1899995803833,9.600000381469727,7.817263126373291,1399447
2021-09-01,9.680000305175781,9.920000076293945,9.619999885559082,9.699999809265137,7.898692607879639,1922000
2021-09-02,9.699999809265137,9.930000305175781,9.65999984741211,9.850000381469727,8.020838737487793,1510000
2021-09-03,10.0,11.0,10.0,10.65999984741211,8.680419921875,7512439
2021-09-06,10.680000305175781,10.920000076293945,10.359999656677246,10.5,8.550131797790527,1381000
2021-09-07,10.399999618530273,10.699999809265137,10.260000228881836,10.4399995803833,8.501274108886719,1630000
2021-09-08,10.5,10.5,9.970000267028809,10.100000381469727,8.224411964416504,2207555
2021-09-09,10.100000381469727,10.279999732971191,10.0,10.199999809265137,8.305841445922852,2787000
2021-09-10,10.199999809265137,10.479999542236328,10.140000343322754,10.15999984741211,8.273269653320312,992242
2021-09-13,10.119999885559082,10.15999984741211,9.850000381469727,9.960000038146973,8.1104097366333,1571892
2021-09-14,9.970000267028809,10.15999984741211,9.710000038146973,9.869999885559082,8.037123680114746,5963201
2021-09-15,9.899999618530273,10.399999618530273,9.899999618530273,10.140000343322754,8.25698471069336,1911000
2021-09-16,10.15999984741211,10.15999984741211,9.609999656677246,9.899999618530273,8.061552047729492,6593447
2021-09-17,9.75,10.359999656677246,9.75,10.0,8.142982482910156,4732257
2021-09-20,10.0,10.180000305175781,9.5,9.760000228881836,7.947551250457764,1933997
2021-09-21,9.699999809265137,9.949999809265137,9.619999885559082,9.880000114440918,8.045266151428223,2117229
2021-09-23,9.930000305175781,10.260000228881836,9.739999771118164,10.079999923706055,8.208126068115234,2276593
2021-09-24,10.079999923706055,10.079999923706055,9.529999732971191,9.649999618530273,7.857976913452148,2300000
2021-09-27,9.619999885559082,9.630000114440918,9.229999542236328,9.300000190734863,7.572974681854248,3196926
2021-09-28,9.489999771118164,9.5,9.15999984741211,9.289999961853027,7.564830780029297,1954001
2021-09-29,9.210000038146973,9.619999885559082,9.180000305175781,9.479999542236328,7.719547748565674,2795000
2021-09-30,9.350000381469727,9.850000381469727,9.300000190734863,9.850000381469727,8.020838737487793,2019000
2021-10-04,9.850000381469727,9.960000038146973,9.670000076293945,9.90999984741211,8.069695472717285,1793191
2021-10-05,9.899999618530273,9.899999618530273,9.4399995803833,9.65999984741211,7.866120338439941,1848060
2021-10-06,9.699999809265137,9.699999809265137,9.430000305175781,9.5,7.735832214355469,1395000
2021-10-07,9.4399995803833,9.720000267028809,9.350000381469727,9.6899995803833,7.8905487060546875,1152927
2021-10-08,9.770000457763672,9.989999771118164,9.6899995803833,9.880000114440918,8.045266151428223,2106000
2021-10-11,9.9399995803833,9.9399995803833,9.5600004196167,9.65999984741211,7.866120338439941,1187887
2021-10-12,9.899999618530273,9.960000038146973,9.609999656677246,9.630000114440918,7.841691493988037,1111615
2021-10-15,9.800000190734863,9.84000015258789,9.609999656677246,9.760000228881836,7.947551250457764,921966
2021-10-18,9.800000190734863,9.960000038146973,9.430000305175781,9.529999732971191,7.760261535644531,1805700
2021-10-19,9.649999618530273,9.84000015258789,9.5600004196167,9.789999961853027,7.97197961807251,1728352
2021-10-20,9.789999961853027,9.789999961853027,9.520000457763672,9.699999809265137,7.898692607879639,945199
2021-10-21,9.619999885559082,9.699999809265137,9.359999656677246,9.420000076293945,7.670690059661865,1947372
2021-10-22,9.350000381469727,9.5,9.350000381469727,9.40999984741211,7.6625471115112305,936878
2021-10-25,9.300000190734863,9.399999618530273,9.300000190734863,9.350000381469727,7.61368989944458,1564127
2021-10-26,9.3100004196167,9.640000343322754,9.3100004196167,9.529999732971191,7.760261535644531,1488062
2021-10-27,5.400000095367432,5.400000095367432,5.400000095367432,5.400000095367432,4.397210597991943,0
2021-10-28,5.400000095367432,5.400000095367432,5.400000095367432,5.400000095367432,4.397210597991943,0
2021-10-29,5.400000095367432,5.400000095367432,5.400000095367432,5.400000095367432,4.397210597991943,0
2021-11-01,4.300000190734863,6.539999961853027,4.300000190734863,5.800000190734863,4.722929954528809,58419083
2021-11-02,6.0,6.130000114440918,5.110000133514404,5.25,4.275065898895264,13029900
2021-11-03,4.989999771118164,5.409999847412109,4.869999885559082,5.010000228881836,4.079634666442871,8053967
2021-11-04,5.150000095367432,6.25,5.0,6.199999809265137,5.048648834228516,11333786
2021-11-05,6.269999980926514,6.429999828338623,5.849999904632568,5.909999847412109,4.812502861022949,6570000
2021-11-08,5.900000095367432,6.289999961853027,5.900000095367432,6.159999847412109,5.016077518463135,3689170
2021-11-09,6.21999979019165,6.360000133514404,6.019999980926514,6.090000152587891,4.959076404571533,4577449
2021-11-10,6.099999904632568,6.179999828338623,5.730000019073486,6.159999847412109,5.016077518463135,4453000
2021-11-11,6.130000114440918,6.210000038146973,5.960000038146973,6.0,4.885789394378662,2078000
2021-11-12,6.0,6.800000190734863,5.980000019073486,6.460000038146973,5.260366439819336,9370824
2021-11-15,6.599999904632568,6.650000095367432,6.340000152587891,6.460000038146973,5.260366439819336,2302000
2021-11-16,6.630000114440918,6.630000114440918,6.340000152587891,6.46999979019165,5.268509387969971,2956000
2021-11-17,6.46999979019165,6.639999866485596,6.349999904632568,6.5,5.292938709259033,3244635
2021-11-18,6.400000095367432,6.670000076293945,6.380000114440918,6.570000171661377,5.349939823150635,4060614
2021-11-19,6.46999979019165,6.539999961853027,6.369999885559082,6.519999980926514,5.309224605560303,3062022
2021-11-22,6.5,6.71999979019165,6.409999847412109,6.5,5.292938709259033,3356534
2021-11-23,6.599999904632568,6.599999904632568,6.260000228881836,6.300000190734863,5.1300787925720215,3470036
2021-11-24,6.260000228881836,6.550000190734863,6.21999979019165,6.5,5.292938709259033,3621597
2021-11-25,6.559999942779541,6.590000152587891,6.400000095367432,6.449999809265137,5.252223968505859,1572580
2021-11-26,6.449999809265137,6.590000152587891,6.300000190734863,6.349999904632568,5.170793533325195,2764000
2021-11-29,6.369999885559082,6.570000171661377,6.239999771118164,6.340000152587891,5.1626505851745605,3405248
2021-11-30,6.46999979019165,6.639999866485596,6.070000171661377,6.070000171661377,4.9427900314331055,14401232
2021-12-01,6.130000114440918,6.369999885559082,6.0,6.300000190734863,5.1300787925720215,14255963
2021-12-02,6.309999942779541,6.349999904632568,5.829999923706055,5.849999904632568,4.763644218444824,4206600
2021-12-03,5.889999866485596,5.909999847412109,5.53000020980835,5.829999923706055,4.747358798980713,3428413
2021-12-06,5.75,5.78000020980835,5.559999942779541,5.619999885559082,4.576356410980225,3707900
2021-12-07,6.0,6.010000228881836,5.53000020980835,5.760000228881836,4.6903581619262695,6741135
2021-12-08,5.800000190734863,5.920000076293945,5.710000038146973,5.920000076293945,4.820645332336426,3724679
2021-12-09,6.070000171661377,6.070000171661377,5.840000152587891,6.050000190734863,4.926504611968994,4888672
2021-12-10,6.050000190734863,6.050000190734863,5.650000095367432,5.730000019073486,4.665929317474365,2606190
2021-12-13,5.710000038146973,5.789999961853027,5.610000133514404,5.699999809265137,4.641499996185303,1668140
2021-12-14,5.75,5.840000152587891,5.539999961853027,5.550000190734863,4.519355773925781,4164000
2021-12-15,5.570000171661377,5.909999847412109,5.260000228881836,5.840000152587891,4.7555012702941895,10509000
2021-12-16,5.71999979019165,5.789999961853027,5.360000133514404,5.380000114440918,4.380924701690674,8837670
2021-12-17,5.300000190734863,5.510000228881836,5.260000228881836,5.389999866485596,4.38906717300415,9237530
2021-12-20,5.400000095367432,5.489999771118164,5.0,5.079999923706055,4.136634826660156,3512820
2021-12-21,5.079999923706055,5.179999828338623,4.920000076293945,5.179999828338623,4.218064785003662,4525447
2021-12-22,5.300000190734863,5.349999904632568,5.099999904632568,5.300000190734863,4.3157806396484375,4142720
2021-12-23,5.349999904632568,5.550000190734863,5.340000152587891,5.480000019073486,4.4623541831970215,2774970
2021-12-24,5.610000133514404,5.610000133514404,5.440000057220459,5.53000020980835,4.5030694007873535,1113650
2021-12-28,5.599999904632568,5.639999866485596,5.46999979019165,5.590000152587891,4.55192756652832,1687000
2021-12-29,5.630000114440918,5.630000114440918,5.329999923706055,5.400000095367432,4.397210597991943,1342611
2021-12-30,5.360000133514404,5.5,5.340000152587891,5.449999809265137,4.437924861907959,1480517
2021-12-31,5.539999961853027,5.579999923706055,5.449999809265137,5.519999980926514,4.494926452636719,756422
2022-01-03,5.590000152587891,5.590000152587891,5.369999885559082,5.429999828338623,4.421639442443848,1344206
2022-01-04,5.5,5.639999866485596,5.460000038146973,5.539999961853027,4.5112128257751465,2942000
2022-01-05,5.559999942779541,5.590000152587891,5.320000171661377,5.380000114440918,4.380924701690674,2593476
2022-01-06,5.380000114440918,5.440000057220459,5.25,5.349999904632568,4.356495380401611,2347085
2022-01-07,5.400000095367432,5.489999771118164,5.320000171661377,5.420000076293945,4.413496494293213,3889000
2022-01-10,5.5,5.5,5.130000114440918,5.309999942779541,4.323923110961914,3247000
2022-01-11,5.349999904632568,5.360000133514404,5.190000057220459,5.309999942779541,4.323923110961914,1957571
2022-01-12,5.400000095367432,5.429999828338623,5.300000190734863,5.429999828338623,4.421639442443848,1580700
2022-01-13,5.5,5.5,5.309999942779541,5.349999904632568,4.356495380401611,3425000
2022-01-14,5.420000076293945,5.440000057220459,5.329999923706055,5.380000114440918,4.380924701690674,1652357
2022-01-17,5.429999828338623,5.610000133514404,5.389999866485596,5.559999942779541,4.527498245239258,1602000
2022-01-18,5.599999904632568,5.75,5.570000171661377,5.659999847412109,4.6089277267456055,1978900
2022-01-19,5.699999809265137,5.730000019073486,5.480000019073486,5.53000020980835,4.5030694007873535,2199000
2022-01-20,5.53000020980835,5.71999979019165,5.460000038146973,5.590000152587891,4.55192756652832,1596060
2022-01-21,5.579999923706055,5.679999828338623,5.46999979019165,5.550000190734863,4.519355773925781,3118527
2022-01-24,5.550000190734863,5.570000171661377,5.360000133514404,5.369999885559082,4.372781276702881,2318200
2022-01-25,5.309999942779541,5.360000133514404,5.239999771118164,5.309999942779541,4.323923110961914,3769897
2022-01-26,5.320000171661377,5.429999828338623,5.269999980926514,5.300000190734863,4.3157806396484375,2173700
2022-01-27,5.349999904632568,5.510000228881836,5.329999923706055,5.449999809265137,4.437924861907959,3934000
2022-01-28,5.5,5.550000190734863,5.360000133514404,5.5,4.478639602661133,824844
2022-01-31,5.610000133514404,5.610000133514404,5.610000133514404,5.610000133514404,4.56821346282959,0
2022-02-04,5.650000095367432,5.829999923706055,5.639999866485596,5.829999923706055,4.747358798980713,2057400
2022-02-07,5.829999923706055,5.96999979019165,5.769999980926514,5.849999904632568,4.763644218444824,2054049
2022-02-08,5.849999904632568,5.949999809265137,5.829999923706055,5.860000133514404,4.771787643432617,1066578
2022-02-09,5.900000095367432,6.25,5.900000095367432,6.25,5.089364528656006,4961050
2022-02-10,6.329999923706055,6.360000133514404,6.150000095367432,6.25,5.089364528656006,2234162
2022-02-11,6.199999809265137,6.199999809265137,6.110000133514404,6.170000076293945,5.024219989776611,1194365
2022-02-14,6.179999828338623,6.309999942779541,6.179999828338623,6.210000038146973,5.05679178237915,1267778
2022-02-15,6.300000190734863,6.349999904632568,6.130000114440918,6.230000019073486,5.073078155517578,1988491
2022-02-16,6.25,6.309999942779541,6.119999885559082,6.190000057220459,5.040506362915039,1742710
2022-02-17,6.150000095367432,6.300000190734863,6.099999904632568,6.139999866485596,4.999791145324707,1353470
2022-02-18,6.179999828338623,6.199999809265137,6.050000190734863,6.119999885559082,4.9835052490234375,1647000
2022-02-21,6.050000190734863,6.190000057220459,6.050000190734863,6.170000076293945,5.024219989776611,2406000
2022-02-22,6.050000190734863,6.050000190734863,5.929999828338623,6.0,4.885789394378662,1891593
2022-02-23,6.050000190734863,6.070000171661377,5.960000038146973,6.0,4.885789394378662,1417268
2022-02-24,5.989999771118164,6.050000190734863,5.679999828338623,5.760000228881836,4.6903581619262695,3065300
2022-02-25,5.739999771118164,6.0,5.739999771118164,5.949999809265137,4.84507417678833,1143250
2022-02-28,5.849999904632568,5.960000038146973,5.78000020980835,5.820000171661377,4.739215850830078,1522420
2022-03-01,5.849999904632568,6.03000020980835,5.849999904632568,5.960000038146973,4.853218078613281,1051525
2022-03-02,5.900000095367432,5.900000095367432,5.710000038146973,5.739999771118164,4.674072265625,1629000
2022-03-03,5.769999980926514,5.829999923706055,5.599999904632568,5.610000133514404,4.56821346282959,1171463
2022-03-04,5.699999809265137,5.730000019073486,5.570000171661377,5.599999904632568,4.560070037841797,2140000
2022-03-07,5.690000057220459,5.690000057220459,5.400000095367432,5.409999847412109,4.405353546142578,2289500
2022-03-08,5.420000076293945,5.429999828338623,5.21999979019165,5.25,4.275065898895264,2763000
2022-03-09,5.300000190734863,5.369999885559082,5.110000133514404,5.360000133514404,4.364638805389404,3679000
2022-03-10,5.460000038146973,5.519999980926514,5.300000190734863,5.349999904632568,4.356495380401611,2782125
2022-03-11,5.349999904632568,5.349999904632568,5.079999923706055,5.230000019073486,4.258780002593994,2053730
2022-03-14,5.25,5.25,4.900000095367432,5.059999942779541,4.120348930358887,3904000
2022-03-15,5.010000228881836,5.130000114440918,4.599999904632568,4.610000133514404,3.7539150714874268,3994883
2022-03-16,4.710000038146973,5.400000095367432,4.710000038146973,5.349999904632568,4.356495380401611,3343146
2022-03-17,5.489999771118164,5.659999847412109,5.389999866485596,5.590000152587891,4.55192756652832,3429600
2022-03-18,5.699999809265137,6.039999961853027,5.559999942779541,6.039999961853027,4.918361186981201,3567400
2022-03-21,6.199999809265137,6.199999809265137,5.869999885559082,5.989999771118164,4.877646446228027,2374000
2022-03-22,6.099999904632568,6.300000190734863,6.0,6.25,5.089364528656006,2562000
2022-03-23,6.340000152587891,6.349999904632568,6.070000171661377,6.230000019073486,5.073078155517578,1811117
2022-03-24,6.5,6.590000152587891,6.079999923706055,6.329999923706055,5.154508113861084,6068095
2022-03-25,6.440000057220459,6.480000019073486,5.75,5.809999942779541,4.731072425842285,5799409
2022-03-28,6.010000228881836,6.179999828338623,5.900000095367432,6.130000114440918,4.9916486740112305,5981800
2022-03-29,6.199999809265137,6.28000020980835,6.070000171661377,6.179999828338623,5.032362937927246,3396770
2022-03-30,6.28000020980835,6.409999847412109,6.230000019073486,6.300000190734863,5.1300787925720215,4193163
2022-03-31,6.349999904632568,6.460000038146973,6.21999979019165,6.449999809265137,5.252223968505859,3711778
2022-04-01,6.53000020980835,7.019999980926514,6.440000057220459,6.900000095367432,5.61865758895874,5278715
2022-04-04,7.119999885559082,7.210000038146973,6.849999904632568,7.099999904632568,5.781517505645752,2640813
2022-04-06,7.159999847412109,7.230000019073486,6.980000019073486,7.050000190734863,5.740803241729736,2719919
2022-04-07,7.130000114440918,7.130000114440918,6.860000133514404,7.099999904632568,5.781517505645752,2574273
2022-04-08,7.099999904632568,7.150000095367432,6.699999809265137,6.809999942779541,5.545370578765869,2109381
2022-04-11,6.75,6.800000190734863,6.389999866485596,6.449999809265137,5.252223968505859,1895000
2022-04-12,6.559999942779541,6.739999771118164,6.340000152587891,6.650000095367432,5.415083885192871,1888000
2022-04-13,6.699999809265137,6.699999809265137,6.5,6.679999828338623,5.439512252807617,800992
2022-04-14,6.75,7.039999961853027,6.679999828338623,7.039999961853027,5.732659339904785,2161201
2022-04-19,7.0,7.090000152587891,6.940000057220459,7.059999942779541,5.748945713043213,898141
2022-04-20,7.099999904632568,7.099999904632568,6.809999942779541,6.849999904632568,5.577942848205566,987745
2022-04-21,6.880000114440918,6.96999979019165,6.699999809265137,6.96999979019165,5.675658702850342,1576516
2022-04-22,6.78000020980835,6.909999847412109,6.699999809265137,6.809999942779541,5.545370578765869,748535
2022-04-25,6.699999809265137,6.699999809265137,6.340000152587891,6.380000114440918,5.1952223777771,1627004
2022-04-26,6.519999980926514,6.659999847412109,6.409999847412109,6.550000190734863,5.333653450012207,1593930
2022-04-27,6.579999923706055,6.619999885559082,6.349999904632568,6.579999923706055,5.358082294464111,864603
2022-04-28,6.579999923706055,6.800000190734863,6.559999942779541,6.760000228881836,5.5046563148498535,3116813
2022-04-29,6.699999809265137,6.949999809265137,6.639999866485596,6.829999923706055,5.561656951904297,2115400
2022-05-03,6.789999961853027,6.900000095367432,6.690000057220459,6.800000190734863,5.537227630615234,748832
2022-05-04,6.900000095367432,6.960000038146973,6.800000190734863,6.840000152587891,5.56980037689209,685002
2022-05-05,7.0,7.0,6.699999809265137,6.730000019073486,5.480227470397949,4050000
2022-05-06,6.75,6.75,6.449999809265137,6.579999923706055,5.358082294464111,1025551
2022-05-10,6.380000114440918,6.440000057220459,6.179999828338623,6.360000133514404,5.1789374351501465,6292423
2022-05-11,6.360000133514404,6.559999942779541,6.360000133514404,6.480000019073486,5.2766523361206055,3427824
2022-05-12,6.480000019073486,6.480000019073486,6.300000190734863,6.329999923706055,5.154508113861084,1081000
2022-05-13,6.300000190734863,6.53000020980835,6.25,6.460000038146973,5.260366439819336,2512000
2022-05-16,6.5,6.650000095367432,6.46999979019165,6.53000020980835,5.317368030548096,283000
2022-05-17,6.489999771118164,6.650000095367432,6.489999771118164,6.559999942779541,5.341796875,1044756
2022-05-18,6.559999942779541,6.730000019073486,6.46999979019165,6.519999980926514,5.309224605560303,632000
2022-05-19,6.369999885559082,6.460000038146973,6.300000190734863,6.409999847412109,5.219651222229004,1511640
2022-05-20,6.53000020980835,6.550000190734863,6.25,6.25,5.089364528656006,2408000
2022-05-23,6.300000190734863,6.349999904632568,6.170000076293945,6.25,5.089364528656006,1397355
2022-05-24,6.28000020980835,6.389999866485596,6.03000020980835,6.050000190734863,4.926504611968994,1766000
2022-05-25,6.150000095367432,6.28000020980835,6.150000095367432,6.199999809265137,5.048648834228516,944000
2022-05-26,6.400000095367432,6.400000095367432,6.099999904632568,6.21999979019165,5.064935207366943,2848999
2022-05-27,6.139999866485596,6.340000152587891,5.96999979019165,6.119999885559082,5.106656074523926,978400
2022-05-30,6.210000038146973,6.210000038146973,5.989999771118164,6.059999942779541,5.056590557098389,1630387
2022-05-31,6.090000152587891,6.300000190734863,6.090000152587891,6.199999809265137,5.173409938812256,1744609
2022-06-01,6.230000019073486,6.369999885559082,6.199999809265137,6.309999942779541,5.265195846557617,1970090
2022-06-02,6.380000114440918,6.380000114440918,6.230000019073486,6.349999904632568,5.298572540283203,836212
2022-06-06,6.460000038146973,6.550000190734863,6.409999847412109,6.480000019073486,5.407047748565674,1625970
2022-06-07,6.590000152587891,6.590000152587891,6.25,6.28000020980835,5.240163326263428,1436000
2022-06-08,6.369999885559082,6.409999847412109,6.239999771118164,6.349999904632568,5.298572540283203,1543636
2022-06-09,6.389999866485596,6.460000038146973,6.329999923706055,6.369999885559082,5.315260887145996,1325998
2022-06-10,6.400000095367432,6.599999904632568,6.260000228881836,6.449999809265137,5.382014274597168,1109887
2022-06-13,6.400000095367432,6.400000095367432,6.130000114440918,6.21999979019165,5.190097808837891,813720
2022-06-14,6.159999847412109,6.170000076293945,6.03000020980835,6.159999847412109,5.1400322914123535,792900
2022-06-15,6.110000133514404,6.320000171661377,6.110000133514404,6.159999847412109,5.1400322914123535,931000
2022-06-16,6.25,6.289999961853027,6.130000114440918,6.150000095367432,5.131688594818115,1037012
2022-06-17,6.139999866485596,6.400000095367432,6.130000114440918,6.400000095367432,5.340293884277344,4237695
2022-06-20,6.400000095367432,6.400000095367432,6.159999847412109,6.190000057220459,5.165066242218018,770356
2022-06-21,6.170000076293945,6.389999866485596,6.170000076293945,6.360000133514404,5.3069167137146,738987
2022-06-22,6.25,6.519999980926514,6.25,6.309999942779541,5.265195846557617,1587000
2022-06-23,6.230000019073486,6.25,6.059999942779541,6.110000133514404,5.098311901092529,1454636
2022-06-24,6.199999809265137,6.300000190734863,6.150000095367432,6.289999961853027,5.248507499694824,933225
2022-06-27,6.28000020980835,6.400000095367432,6.28000020980835,6.349999904632568,5.298572540283203,1143000
2022-06-28,6.329999923706055,6.5,6.300000190734863,6.429999828338623,5.365326881408691,1177000
2022-06-29,6.429999828338623,6.5,6.269999980926514,6.309999942779541,5.265195846557617,1135000
2022-06-30,6.269999980926514,6.309999942779541,6.110000133514404,6.110000133514404,5.098311901092529,1763848
2022-07-04,6.699999809265137,7.5,6.579999923706055,6.989999771118164,5.832602500915527,11445000
2022-07-05,7.099999904632568,7.159999847412109,6.710000038146973,7.03000020980835,5.8659796714782715,2464000
2022-07-06,7.019999980926514,7.179999828338623,6.96999979019165,7.159999847412109,5.974453449249268,3165250
2022-07-07,7.139999866485596,7.25,7.010000228881836,7.099999904632568,5.924388885498047,2039000
2022-07-08,7.110000133514404,7.369999885559082,7.110000133514404,7.309999942779541,6.099616527557373,2223190
2022-07-11,7.309999942779541,7.389999866485596,7.21999979019165,7.260000228881836,6.057895660400391,1136204
2022-07-12,7.21999979019165,7.21999979019165,6.860000133514404,6.900000095367432,5.757504463195801,1713000
2022-07-13,6.860000133514404,6.989999771118164,6.800000190734863,6.940000057220459,5.7908806800842285,1853000
2022-07-14,6.909999847412109,6.909999847412109,6.670000076293945,6.699999809265137,5.590620040893555,1823000
2022-07-15,6.690000057220459,6.809999942779541,6.599999904632568,6.690000057220459,5.582275867462158,1262142
2022-07-18,6.710000038146973,6.809999942779541,6.610000133514404,6.78000020980835,5.657373905181885,828000
2022-07-19,6.800000190734863,6.929999828338623,6.800000190734863,6.840000152587891,5.707438945770264,2216000
2022-07-20,6.880000114440918,6.920000076293945,6.809999942779541,6.900000095367432,5.757504463195801,1057030
2022-07-21,6.900000095367432,7.199999809265137,6.869999885559082,7.170000076293945,5.9827985763549805,1959000
2022-07-22,7.199999809265137,7.25,7.110000133514404,7.190000057220459,5.999486446380615,2070717
2022-07-25,7.150000095367432,7.25,7.099999904632568,7.239999771118164,6.041207313537598,789000
2022-07-26,7.230000019073486,7.239999771118164,7.039999961853027,7.110000133514404,5.932733058929443,2025000
2022-07-27,7.050000190734863,7.190000057220459,7.050000190734863,7.170000076293945,5.9827985763549805,211932
2022-07-28,7.239999771118164,7.320000171661377,7.179999828338623,7.239999771118164,6.041207313537598,705543
2022-07-29,7.21999979019165,7.420000076293945,7.199999809265137,7.349999904632568,6.132993698120117,1237319
2022-08-01,7.360000133514404,7.429999828338623,7.170000076293945,7.190000057220459,5.999486446380615,594000
2022-08-02,7.079999923706055,7.25,7.0,7.079999923706055,5.907700538635254,1209085
2022-08-03,7.079999923706055,7.179999828338623,7.019999980926514,7.039999961853027,5.87432336807251,361932
2022-08-04,7.059999942779541,7.380000114440918,7.059999942779541,7.380000114440918,6.158026218414307,1066000
2022-08-05,7.239999771118164,7.480000019073486,7.239999771118164,7.449999809265137,6.216435432434082,1156000
2022-08-08,7.5,7.849999904632568,7.340000152587891,7.800000190734863,6.508482933044434,1996550
2022-08-09,7.699999809265137,7.880000114440918,7.699999809265137,7.800000190734863,6.508482933044434,1602600
2022-08-10,7.800000190734863,7.800000190734863,7.619999885559082,7.75,6.466761589050293,830114
2022-08-11,7.760000228881836,7.869999885559082,7.690000057220459,7.769999980926514,6.483450889587402,663932
2022-08-12,7.96999979019165,8.369999885559082,7.900000095367432,8.050000190734863,6.717088222503662,2261000
2022-08-15,8.100000381469727,8.100000381469727,7.829999923706055,7.909999847412109,6.600269317626953,2333010
2022-08-16,7.900000095367432,7.96999979019165,7.840000152587891,7.929999828338623,6.616957664489746,556630
2022-08-17,7.949999809265137,7.949999809265137,7.619999885559082,7.679999828338623,6.408352851867676,1475050
2022-08-18,7.619999885559082,7.769999980926514,7.619999885559082,7.699999809265137,6.425041198730469,1084797
2022-08-19,7.730000019073486,7.880000114440918,7.639999866485596,7.869999885559082,6.566892623901367,1914690
2022-08-22,7.849999904632568,7.849999904632568,7.619999885559082,7.619999885559082,6.358287334442139,941469
2022-08-23,7.610000133514404,7.739999771118164,7.519999980926514,7.599999904632568,6.3415985107421875,1136500
2022-08-24,7.619999885559082,7.78000020980835,7.610000133514404,7.71999979019165,6.441729545593262,1813668
2022-08-25,7.840000152587891,7.880000114440918,7.699999809265137,7.75,6.466761589050293,803700
2022-08-26,7.659999847412109,7.679999828338623,7.610000133514404,7.630000114440918,6.509418487548828,911000
2022-08-29,7.610000133514404,7.610000133514404,7.5,7.550000190734863,6.441167831420898,1540000
2022-08-30,7.550000190734863,7.659999847412109,7.340000152587891,7.440000057220459,6.347322940826416,973403
2022-08-31,7.340000152587891,7.579999923706055,7.340000152587891,7.519999980926514,6.415574073791504,1260350
2022-09-01,7.460000038146973,7.510000228881836,7.409999847412109,7.440000057220459,6.347322940826416,571880
2022-09-02,7.429999828338623,7.510000228881836,7.429999828338623,7.449999809265137,6.355854034423828,1244100
2022-09-05,7.449999809265137,7.449999809265137,7.159999847412109,7.159999847412109,6.108445167541504,736000
2022-09-06,7.320000171661377,7.349999904632568,7.269999980926514,7.349999904632568,6.270541191101074,902932
2022-09-07,7.429999828338623,7.46999979019165,7.239999771118164,7.320000171661377,6.244946479797363,511509
2022-09-08,7.289999961853027,7.400000095367432,7.25,7.300000190734863,6.227884769439697,951000
2022-09-09,7.300000190734863,7.360000133514404,7.190000057220459,7.340000152587891,6.262009620666504,972652
2022-09-13,7.300000190734863,7.519999980926514,7.300000190734863,7.440000057220459,6.347322940826416,1119329
2022-09-14,7.340000152587891,7.360000133514404,7.170000076293945,7.190000057220459,6.134038925170898,607660
2022-09-15,7.170000076293945,7.25,7.130000114440918,7.170000076293945,6.116976737976074,695273
2022-09-16,7.110000133514404,7.190000057220459,7.099999904632568,7.130000114440918,6.082851409912109,1037560
2022-09-19,7.099999904632568,7.099999904632568,7.010000228881836,7.03000020980835,5.997538089752197,603100
2022-09-20,7.0,7.03000020980835,6.980000019073486,7.010000228881836,5.980474948883057,240872
2022-09-21,7.0,7.099999904632568,6.940000057220459,6.96999979019165,5.946349620819092,903702
2022-09-22,7.0,7.0,6.579999923706055,6.829999923706055,5.826910495758057,1241000
2022-09-23,6.809999942779541,6.809999942779541,6.380000114440918,6.420000076293945,5.477125644683838,901043
2022-09-26,6.239999771118164,6.440000057220459,6.21999979019165,6.21999979019165,5.306499004364014,716000
2022-09-27,6.300000190734863,6.300000190734863,6.119999885559082,6.28000020980835,5.357686996459961,457910
2022-09-28,6.309999942779541,6.309999942779541,5.909999847412109,5.929999828338623,5.059089183807373,1002553
2022-09-29,6.099999904632568,6.199999809265137,6.050000190734863,6.099999904632568,5.204122543334961,540007
2022-09-30,6.099999904632568,6.110000133514404,5.940000057220459,5.960000038146973,5.084683895111084,705000
2022-10-03,6.0,6.070000171661377,5.889999866485596,5.920000076293945,5.050558567047119,714246
2022-10-05,6.019999980926514,6.289999961853027,6.019999980926514,6.239999771118164,5.32356071472168,1292560
2022-10-06,6.300000190734863,6.320000171661377,6.210000038146973,6.309999942779541,5.3832807540893555,303300
2022-10-07,6.300000190734863,6.480000019073486,6.190000057220459,6.429999828338623,5.48565673828125,1087660
2022-10-10,6.400000095367432,6.400000095367432,6.090000152587891,6.110000133514404,5.212653636932373,919000
2022-10-11,6.25,6.449999809265137,6.25,6.320000171661377,5.391811847686768,1271672
2022-10-12,6.289999961853027,6.389999866485596,6.170000076293945,6.260000228881836,5.3406243324279785,1453729
2022-10-13,6.360000133514404,6.360000133514404,6.059999942779541,6.099999904632568,5.204122543334961,1242520
2022-10-14,6.199999809265137,6.400000095367432,6.199999809265137,6.300000190734863,5.374749660491943,1904860
2022-10-17,6.320000171661377,6.320000171661377,6.050000190734863,6.199999809265137,5.289435863494873,1401975
2022-10-18,6.239999771118164,6.630000114440918,6.239999771118164,6.630000114440918,5.656283855438232,930672
2022-10-19,6.699999809265137,6.710000038146973,6.440000057220459,6.5,5.545376300811768,1056651
2022-10-20,6.449999809265137,6.5,6.320000171661377,6.369999885559082,5.434468746185303,719000
2022-10-21,6.570000171661377,6.570000171661377,6.309999942779541,6.5,5.545376300811768,270000
2022-10-24,6.699999809265137,6.699999809265137,6.070000171661377,6.130000114440918,5.2297163009643555,586698
2022-10-25,6.150000095367432,6.289999961853027,6.110000133514404,6.269999980926514,5.349155426025391,988672
2022-10-26,6.380000114440918,6.380000114440918,6.170000076293945,6.239999771118164,5.32356071472168,2055000
2022-10-27,6.400000095367432,6.400000095367432,6.269999980926514,6.320000171661377,5.391811847686768,364000
2022-10-28,6.25,6.5,6.150000095367432,6.21999979019165,5.306499004364014,2010000
2022-10-31,6.389999866485596,6.389999866485596,6.119999885559082,6.170000076293945,5.26384162902832,1024867
2022-11-01,6.369999885559082,6.480000019073486,6.239999771118164,6.389999866485596,5.451531887054443,1153000
2022-11-02,6.329999923706055,6.579999923706055,6.329999923706055,6.519999980926514,5.562439441680908,1027800
2022-11-03,6.550000190734863,6.550000190734863,6.199999809265137,6.25,5.33209228515625,534400
2022-11-04,6.300000190734863,6.5,6.300000190734863,6.320000171661377,5.391811847686768,1253572
2022-11-07,6.480000019073486,6.699999809265137,6.460000038146973,6.699999809265137,5.716002941131592,1023030
2022-11-08,6.75,6.980000019073486,6.690000057220459,6.900000095367432,5.886630535125732,1453625
2022-11-09,6.909999847412109,7.090000152587891,6.429999828338623,6.5,5.545376300811768,1602497
2022-11-10,6.670000076293945,6.670000076293945,6.28000020980835,6.340000152587891,5.408874988555908,1297710
2022-11-11,6.650000095367432,6.710000038146973,6.440000057220459,6.53000020980835,5.57097053527832,1301246
2022-11-14,6.550000190734863,6.730000019073486,6.46999979019165,6.599999904632568,5.63068962097168,549067
2022-11-15,6.739999771118164,6.800000190734863,6.550000190734863,6.78000020980835,5.78425407409668,1315152
2022-11-16,6.610000133514404,6.849999904632568,6.590000152587891,6.610000133514404,5.639221668243408,685837
2022-11-17,6.75,6.800000190734863,6.539999961853027,6.75,5.758660316467285,343000
2022-11-18,6.900000095367432,6.900000095367432,6.449999809265137,6.46999979019165,5.519781589508057,660034
2022-11-21,6.519999980926514,6.599999904632568,6.309999942779541,6.599999904632568,5.63068962097168,344821
2022-11-22,6.630000114440918,6.690000057220459,6.489999771118164,6.619999885559082,5.64775276184082,962303
2022-11-23,6.619999885559082,6.789999961853027,6.619999885559082,6.75,5.758660316467285,547113
2022-11-24,6.730000019073486,6.849999904632568,6.699999809265137,6.760000228881836,5.7671918869018555,564000
2022-11-25,6.849999904632568,6.860000133514404,6.730000019073486,6.769999980926514,5.775722980499268,279800
2022-11-28,6.769999980926514,6.769999980926514,6.409999847412109,6.579999923706055,5.6136274337768555,662000
2022-11-29,6.5,6.769999980926514,6.5,6.699999809265137,5.716002941131592,841257
2022-11-30,6.699999809265137,6.809999942779541,6.650000095367432,6.650000095367432,5.673346519470215,1228991
2022-12-01,6.789999961853027,6.949999809265137,6.760000228881836,6.840000152587891,5.835442543029785,1262131
2022-12-02,6.840000152587891,6.840000152587891,6.699999809265137,6.760000228881836,5.7671918869018555,283801
2022-12-05,6.800000190734863,7.0,6.730000019073486,7.0,5.9719438552856445,1454043
2022-12-06,6.900000095367432,6.96999979019165,6.78000020980835,6.789999961853027,5.792785167694092,728145
2022-12-07,6.820000171661377,6.820000171661377,6.590000152587891,6.639999866485596,5.664815425872803,1443000
2022-12-08,6.699999809265137,6.849999904632568,6.519999980926514,6.670000076293945,5.690409183502197,1817000
2022-12-09,6.800000190734863,6.820000171661377,6.650000095367432,6.78000020980835,5.78425407409668,1515000
2022-12-12,6.78000020980835,6.800000190734863,6.460000038146973,6.550000190734863,5.588033199310303,2003700
2022-12-13,6.559999942779541,6.650000095367432,6.190000057220459,6.239999771118164,5.32356071472168,2985000
2022-12-14,6.389999866485596,6.570000171661377,6.369999885559082,6.489999771118164,5.536844730377197,2807351
2022-12-15,6.599999904632568,6.599999904632568,6.400000095367432,6.460000038146973,5.511251449584961,1456999
2022-12-16,6.599999904632568,6.599999904632568,6.289999961853027,6.409999847412109,5.468594074249268,5982000
2022-12-19,6.449999809265137,6.659999847412109,6.440000057220459,6.599999904632568,5.63068962097168,1122566
2022-12-20,6.75,6.75,6.409999847412109,6.539999961853027,5.579501628875732,1801500
2022-12-21,6.590000152587891,6.699999809265137,6.550000190734863,6.690000057220459,5.707472324371338,1413053
2022-12-22,6.690000057220459,6.900000095367432,6.690000057220459,6.880000114440918,5.86956787109375,2007278
2022-12-23,6.949999809265137,6.949999809265137,6.809999942779541,6.869999885559082,5.86103630065918,626000
2022-12-28,6.900000095367432,6.949999809265137,6.800000190734863,6.909999847412109,5.8951616287231445,887800
2022-12-29,6.96999979019165,6.96999979019165,6.829999923706055,6.860000133514404,5.852504730224609,417160
2022-12-30,6.860000133514404,6.889999866485596,6.75,6.75,5.758660316467285,746670
2023-01-03,6.789999961853027,6.840000152587891,6.650000095367432,6.800000190734863,5.801316738128662,465770
2023-01-04,6.900000095367432,6.900000095367432,6.800000190734863,6.869999885559082,5.86103630065918,711339
2023-01-05,6.96999979019165,6.96999979019165,6.820000171661377,6.889999866485596,5.878098487854004,783000
2023-01-06,6.889999866485596,6.900000095367432,6.710000038146973,6.710000038146973,5.724534511566162,596391
2023-01-09,6.71999979019165,6.960000038146973,6.71999979019165,6.949999809265137,5.929286479949951,1198000
2023-01-10,6.989999771118164,7.079999923706055,6.940000057220459,6.980000019073486,5.954881191253662,1382300
2023-01-11,7.050000190734863,7.300000190734863,7.0,7.239999771118164,6.176695823669434,1799651
2023-01-12,7.260000228881836,7.389999866485596,7.050000190734863,7.119999885559082,6.074319839477539,801000
2023-01-13,7.21999979019165,7.21999979019165,7.0,7.050000190734863,6.01460075378418,1784020
2023-01-16,7.159999847412109,7.159999847412109,6.96999979019165,7.070000171661377,6.031663417816162,1026999
2023-01-17,7.110000133514404,7.260000228881836,7.039999961853027,7.179999828338623,6.125507831573486,976000
2023-01-18,7.179999828338623,7.289999961853027,7.150000095367432,7.21999979019165,6.159633636474609,729643
2023-01-19,7.239999771118164,7.329999923706055,7.199999809265137,7.21999979019165,6.159633636474609,522799
2023-01-20,7.25,7.53000020980835,7.190000057220459,7.21999979019165,6.159633636474609,1247230
2023-01-26,7.420000076293945,7.590000152587891,7.28000020980835,7.349999904632568,6.270541191101074,1795221
2023-01-27,7.550000190734863,7.550000190734863,7.369999885559082,7.440000057220459,6.347322940826416,1572020
2023-01-30,7.449999809265137,7.559999942779541,7.309999942779541,7.400000095367432,6.313197612762451,1243896
2023-01-31,7.46999979019165,7.46999979019165,7.320000171661377,7.400000095367432,6.313197612762451,751640
2023-02-01,7.420000076293945,7.550000190734863,7.389999866485596,7.550000190734863,6.441167831420898,4586745
2023-02-02,7.550000190734863,7.699999809265137,7.519999980926514,7.619999885559082,6.500886917114258,1768000
2023-02-03,7.699999809265137,7.730000019073486,7.599999904632568,7.679999828338623,6.552075386047363,447044
2023-02-06,7.659999847412109,7.670000076293945,7.539999961853027,7.639999866485596,6.51794958114624,1190743
2023-02-07,7.619999885559082,7.78000020980835,7.5,7.510000228881836,6.407042503356934,1039000
2023-02-08,7.5,7.550000190734863,7.110000133514404,7.25,6.185226917266846,1683484
2023-02-09,7.260000228881836,7.519999980926514,7.210000038146973,7.480000019073486,6.381448745727539,3297998
2023-02-10,7.550000190734863,7.590000152587891,7.480000019073486,7.480000019073486,6.381448745727539,797961
2023-02-13,7.480000019073486,7.570000171661377,7.480000019073486,7.550000190734863,6.441167831420898,570000
2023-02-14,7.610000133514404,7.619999885559082,7.489999771118164,7.550000190734863,6.441167831420898,777000
2023-02-15,7.550000190734863,7.550000190734863,7.5,7.510000228881836,6.407042503356934,588127
2023-02-16,7.519999980926514,7.519999980926514,7.239999771118164,7.239999771118164,6.176695823669434,1010263
2023-02-17,7.260000228881836,7.300000190734863,7.210000038146973,7.269999980926514,6.202290058135986,424637
2023-02-20,7.349999904632568,7.420000076293945,7.150000095367432,7.230000019073486,6.16816520690918,431392
2023-02-21,7.25,7.369999885559082,7.099999904632568,7.179999828338623,6.125507831573486,1246300
2023-02-22,7.190000057220459,7.199999809265137,7.050000190734863,7.110000133514404,6.065788745880127,787599
2023-02-23,7.110000133514404,7.179999828338623,7.050000190734863,7.070000171661377,6.031663417816162,869878
2023-02-24,7.099999904632568,7.179999828338623,7.050000190734863,7.070000171661377,6.031663417816162,821160
2023-02-27,7.010000228881836,7.070000171661377,6.710000038146973,6.869999885559082,5.86103630065918,1045306
2023-02-28,7.0,7.019999980926514,6.849999904632568,6.860000133514404,5.852504730224609,1241000
2023-03-01,7.03000020980835,7.050000190734863,6.929999828338623,6.980000019073486,5.954881191253662,699599
2023-03-02,7.150000095367432,7.179999828338623,7.0,7.159999847412109,6.108445167541504,820879
2023-03-03,7.199999809265137,7.199999809265137,7.019999980926514,7.099999904632568,6.057257175445557,585000
2023-03-06,7.150000095367432,7.170000076293945,7.099999904632568,7.099999904632568,6.057257175445557,387000
2023-03-07,7.179999828338623,7.179999828338623,7.050000190734863,7.079999923706055,6.040194511413574,506320
2023-03-08,7.159999847412109,7.389999866485596,7.159999847412109,7.380000114440918,6.296134948730469,2126000
2023-03-09,7.380000114440918,7.389999866485596,6.989999771118164,6.989999771118164,5.963412284851074,1732000
2023-03-10,7.099999904632568,7.130000114440918,6.960000038146973,7.019999980926514,5.989006042480469,974728
2023-03-13,6.96999979019165,7.190000057220459,6.940000057220459,7.110000133514404,6.065788745880127,890511
2023-03-14,7.150000095367432,7.190000057220459,6.929999828338623,6.949999809265137,5.929286479949951,650300
2023-03-15,7.0,7.119999885559082,6.96999979019165,6.989999771118164,5.963412284851074,831049
2023-03-16,6.920000076293945,7.070000171661377,6.900000095367432,6.900000095367432,5.886630535125732,721000
2023-03-17,6.949999809265137,7.079999923706055,6.909999847412109,7.019999980926514,5.989006042480469,889570
2023-03-20,6.989999771118164,7.119999885559082,6.929999828338623,6.980000019073486,5.954881191253662,468100
2023-03-21,6.949999809265137,6.949999809265137,6.710000038146973,6.800000190734863,5.801316738128662,1502000
2023-03-22,6.929999828338623,6.989999771118164,6.849999904632568,6.940000057220459,5.920755863189697,1327000
2023-03-23,6.730000019073486,6.880000114440918,6.610000133514404,6.78000020980835,5.78425407409668,4030000
2023-03-24,6.900000095367432,6.960000038146973,6.699999809265137,6.789999961853027,5.792785167694092,1306000
2023-03-27,6.75,6.75,6.449999809265137,6.46999979019165,5.519781589508057,1905300
2023-03-28,6.539999961853027,6.619999885559082,6.489999771118164,6.539999961853027,5.579501628875732,2135500
2023-03-29,6.539999961853027,6.630000114440918,6.460000038146973,6.53000020980835,5.57097053527832,1063001
2023-03-30,6.539999961853027,6.710000038146973,6.539999961853027,6.639999866485596,5.664815425872803,4610399
2023-03-31,6.659999847412109,6.710000038146973,6.559999942779541,6.590000152587891,5.622158527374268,3629793
2023-04-03,6.599999904632568,6.619999885559082,6.369999885559082,6.559999942779541,5.596564292907715,1890070
2023-04-04,6.599999904632568,6.639999866485596,6.460000038146973,6.610000133514404,5.639221668243408,3854173
2023-04-06,6.639999866485596,6.650000095367432,6.550000190734863,6.599999904632568,5.63068962097168,506389
2023-04-11,6.619999885559082,6.679999828338623,6.5,6.559999942779541,5.596564292907715,852900
2023-04-12,6.659999847412109,6.659999847412109,6.539999961853027,6.559999942779541,5.596564292907715,493668
2023-04-13,6.559999942779541,6.619999885559082,6.480000019073486,6.619999885559082,5.64775276184082,661408
2023-04-14,6.650000095367432,6.650000095367432,6.519999980926514,6.599999904632568,5.63068962097168,754319
2023-04-17,6.630000114440918,6.630000114440918,6.5,6.53000020980835,5.57097053527832,834000
2023-04-18,6.53000020980835,6.590000152587891,6.519999980926514,6.539999961853027,5.579501628875732,1035500
2023-04-19,6.539999961853027,6.599999904632568,6.489999771118164,6.559999942779541,5.596564292907715,1406480
2023-04-20,6.510000228881836,6.590000152587891,6.5,6.559999942779541,5.596564292907715,377000
2023-04-21,6.559999942779541,6.559999942779541,6.510000228881836,6.53000020980835,5.57097053527832,830051
2023-04-24,6.5,6.559999942779541,6.5,6.519999980926514,5.562439441680908,663660
2023-04-25,6.53000020980835,6.53000020980835,6.340000152587891,6.380000114440918,5.443000316619873,964986
2023-04-26,6.199999809265137,6.300000190734863,6.179999828338623,6.230000019073486,5.315030097961426,1032000
2023-04-27,6.300000190734863,6.440000057220459,6.210000038146973,6.389999866485596,5.451531887054443,1570000
2023-04-28,6.480000019073486,6.5,6.389999866485596,6.449999809265137,5.502719879150391,543445
2023-05-02,6.460000038146973,6.599999904632568,6.460000038146973,6.519999980926514,5.562439441680908,699338
2023-05-03,6.539999961853027,6.550000190734863,6.320000171661377,6.360000133514404,5.425937652587891,696200
2023-05-04,6.449999809265137,6.53000020980835,6.449999809265137,6.449999809265137,5.502719879150391,652000
2023-05-05,6.480000019073486,6.5,6.380000114440918,6.440000057220459,5.49418830871582,724000
2023-05-08,6.409999847412109,6.559999942779541,6.409999847412109,6.510000228881836,5.553907871246338,1225800
2023-05-09,6.460000038146973,6.570000171661377,6.460000038146973,6.53000020980835,5.57097053527832,769000
2023-05-10,6.53000020980835,6.630000114440918,6.5,6.590000152587891,5.622158527374268,873000
2023-05-11,6.679999828338623,6.679999828338623,6.539999961853027,6.550000190734863,5.588033199310303,489800
2023-05-12,6.550000190734863,6.550000190734863,6.409999847412109,6.460000038146973,5.511251449584961,835303
2023-05-15,6.5,6.519999980926514,6.389999866485596,6.510000228881836,5.553907871246338,522000
2023-05-16,6.519999980926514,6.590000152587891,6.519999980926514,6.559999942779541,5.596564292907715,411978
2023-05-17,6.559999942779541,6.559999942779541,6.46999979019165,6.550000190734863,5.588033199310303,620390
2023-05-18,6.5,6.539999961853027,6.360000133514404,6.400000095367432,5.4600629806518555,2236321
2023-05-19,6.400000095367432,6.400000095367432,6.289999961853027,6.300000190734863,5.374749660491943,603439
2023-05-22,6.300000190734863,6.489999771118164,6.300000190734863,6.429999828338623,5.48565673828125,1821000
2023-05-23,6.480000019073486,6.480000019073486,6.309999942779541,6.340000152587891,5.408874988555908,452800
2023-05-24,6.320000171661377,6.320000171661377,6.110000133514404,6.130000114440918,5.2297163009643555,1168850
2023-05-25,6.130000114440918,6.269999980926514,6.03000020980835,6.210000038146973,5.297967433929443,2626000
2023-05-29,6.210000038146973,6.340000152587891,6.150000095367432,6.150000095367432,5.246779441833496,464000
2023-05-30,6.170000076293945,6.170000076293945,6.050000190734863,6.070000171661377,5.178528785705566,887160
2023-05-31,6.039999961853027,6.159999847412109,5.96999979019165,6.059999942779541,5.169996738433838,3735494
2023-06-01,6.090000152587891,6.199999809265137,6.090000152587891,6.099999904632568,5.204122543334961,905995
2023-06-02,5.949999809265137,6.03000020980835,5.909999847412109,5.949999809265137,5.239344596862793,2013190
2023-06-05,6.010000228881836,6.260000228881836,6.0,6.170000076293945,5.433068752288818,1425300
2023-06-06,6.130000114440918,6.239999771118164,6.119999885559082,6.150000095367432,5.415457725524902,405640
2023-06-07,6.150000095367432,6.21999979019165,6.119999885559082,6.139999866485596,5.406651496887207,491000
2023-06-08,6.21999979019165,6.21999979019165,6.099999904632568,6.170000076293945,5.433068752288818,450000
2023-06-09,6.159999847412109,6.25,6.139999866485596,6.179999828338623,5.441874027252197,1417060
2023-06-12,6.179999828338623,6.21999979019165,6.130000114440918,6.150000095367432,5.415457725524902,2971678
2023-06-13,6.150000095367432,6.409999847412109,6.150000095367432,6.369999885559082,5.609180927276611,1155539
2023-06-14,6.369999885559082,6.489999771118164,6.349999904632568,6.429999828338623,5.662014961242676,1734190
2023-06-15,6.5,6.550000190734863,6.369999885559082,6.53000020980835,5.750071048736572,1758000
2023-06-16,6.5,6.5,6.25,6.360000133514404,5.600375652313232,7011000
2023-06-19,6.230000019073486,6.300000190734863,6.199999809265137,6.300000190734863,5.547541618347168,1406000
2023-06-20,6.309999942779541,6.309999942779541,6.179999828338623,6.179999828338623,5.441874027252197,392000
2023-06-21,6.179999828338623,6.289999961853027,6.079999923706055,6.079999923706055,5.353817939758301,549890
2023-06-23,6.099999904632568,6.170000076293945,5.909999847412109,5.949999809265137,5.239344596862793,1210196
2023-06-26,5.949999809265137,6.039999961853027,5.909999847412109,5.949999809265137,5.239344596862793,878682
2023-06-27,5.949999809265137,6.179999828338623,5.949999809265137,6.0,5.28337287902832,1237958
2023-06-28,6.010000228881836,6.03000020980835,5.960000038146973,6.03000020980835,5.309790134429932,613000
2023-06-29,6.050000190734863,6.289999961853027,5.929999828338623,6.210000038146973,5.468291282653809,1924000
2023-06-30,6.309999942779541,6.309999942779541,5.929999828338623,5.940000057220459,5.230539321899414,1297000
2023-07-03,6.0,6.039999961853027,5.960000038146973,6.010000228881836,5.292178630828857,524000
2023-07-04,6.0,6.050000190734863,5.980000019073486,6.010000228881836,5.292178630828857,241436
2023-07-05,6.010000228881836,6.099999904632568,5.909999847412109,5.980000019073486,5.2657623291015625,1765596
2023-07-06,6.099999904632568,6.099999904632568,5.960000038146973,5.96999979019165,5.256956100463867,874000
2023-07-07,5.949999809265137,6.0,5.929999828338623,5.96999979019165,5.256956100463867,725000
2023-07-10,6.0,6.0,5.929999828338623,5.940000057220459,5.230539321899414,753200
2023-07-11,5.96999979019165,5.96999979019165,5.920000076293945,5.940000057220459,5.230539321899414,542000
2023-07-12,5.949999809265137,5.960000038146973,5.909999847412109,5.940000057220459,5.230539321899414,757000
2023-07-13,5.960000038146973,6.28000020980835,5.920000076293945,6.130000114440918,5.397846221923828,4207230
2023-07-14,6.150000095367432,6.429999828338623,6.150000095367432,6.389999866485596,5.626791954040527,2142000
2023-07-18,6.349999904632568,6.349999904632568,6.119999885559082,6.159999847412109,5.424263000488281,846000
2023-07-19,6.110000133514404,6.190000057220459,6.079999923706055,6.150000095367432,5.415457725524902,1306383
2023-07-20,6.159999847412109,6.159999847412109,6.039999961853027,6.070000171661377,5.345012664794922,1457020
2023-07-21,6.070000171661377,6.150000095367432,6.050000190734863,6.119999885559082,5.389039993286133,2249300
2023-07-24,6.119999885559082,6.130000114440918,6.039999961853027,6.079999923706055,5.353817939758301,622940
2023-07-25,6.119999885559082,6.269999980926514,6.119999885559082,6.210000038146973,5.468291282653809,1625000
2023-07-26,6.179999828338623,6.230000019073486,6.130000114440918,6.150000095367432,5.415457725524902,266596
2023-07-27,6.170000076293945,6.269999980926514,6.130000114440918,6.210000038146973,5.468291282653809,468658
2023-07-28,6.199999809265137,6.300000190734863,6.199999809265137,6.25,5.503513813018799,773000
2023-07-31,6.269999980926514,6.380000114440918,6.269999980926514,6.320000171661377,5.565153121948242,1506970
2023-08-01,6.360000133514404,6.46999979019165,6.329999923706055,6.460000038146973,5.688431739807129,1352694
2023-08-02,6.449999809265137,6.449999809265137,6.309999942779541,6.349999904632568,5.591569423675537,886000
2023-08-03,6.349999904632568,6.380000114440918,6.25,6.320000171661377,5.565153121948242,762152
2023-08-04,6.329999923706055,6.449999809265137,6.320000171661377,6.420000076293945,5.653209209442139,786074
2023-08-07,6.440000057220459,6.5,6.369999885559082,6.380000114440918,5.617986679077148,580377
2023-08-08,6.380000114440918,6.409999847412109,6.300000190734863,6.349999904632568,5.591569423675537,517040
2023-08-09,6.300000190734863,6.46999979019165,6.300000190734863,6.409999847412109,5.644402980804443,462000
2023-08-10,6.400000095367432,6.480000019073486,6.369999885559082,6.429999828338623,5.662014961242676,520483
2023-08-11,6.440000057220459,6.449999809265137,6.380000114440918,6.429999828338623,5.662014961242676,190000
2023-08-14,6.460000038146973,6.480000019073486,6.360000133514404,6.409999847412109,5.644402980804443,977264
2023-08-15,6.420000076293945,6.420000076293945,6.380000114440918,6.409999847412109,5.644402980804443,555000
2023-08-16,6.400000095367432,6.409999847412109,6.329999923706055,6.369999885559082,5.609180927276611,1413000
2023-08-17,6.349999904632568,6.409999847412109,6.269999980926514,6.400000095367432,5.635598182678223,917090
2023-08-18,6.050000190734863,6.190000057220459,5.650000095367432,6.170000076293945,5.433068752288818,7272999
2023-08-21,6.03000020980835,6.210000038146973,6.03000020980835,6.119999885559082,5.389039993286133,1868000
2023-08-22,6.150000095367432,6.150000095367432,5.989999771118164,6.119999885559082,5.389039993286133,1458852
2023-08-23,6.130000114440918,6.130000114440918,5.789999961853027,5.809999942779541,5.116065979003906,1376599
2023-08-24,5.849999904632568,5.860000133514404,5.75,5.78000020980835,5.089649677276611,2837103
2023-08-25,5.78000020980835,5.889999866485596,5.78000020980835,5.809999942779541,5.116065979003906,3147730
2023-08-28,5.829999923706055,5.869999885559082,5.809999942779541,5.820000171661377,5.124871730804443,953000
2023-08-29,5.840000152587891,5.96999979019165,5.800000190734863,5.949999809265137,5.239344596862793,832000
2023-08-30,5.909999847412109,6.070000171661377,5.909999847412109,5.949999809265137,5.239344596862793,3239000
2023-08-31,6.059999942779541,6.059999942779541,5.889999866485596,5.940000057220459,5.230539321899414,2211303
2023-09-04,5.840000152587891,5.889999866485596,5.789999961853027,5.869999885559082,5.358335971832275,1612325
2023-09-05,5.829999923706055,5.829999923706055,5.650000095367432,5.670000076293945,5.175769329071045,802878
2023-09-06,5.670000076293945,5.820000171661377,5.559999942779541,5.769999980926514,5.26705265045166,3041000
2023-09-07,5.699999809265137,5.880000114440918,5.699999809265137,5.809999942779541,5.303565979003906,1496000
2023-09-11,5.75,5.889999866485596,5.699999809265137,5.78000020980835,5.276181221008301,792000
2023-09-12,5.670000076293945,5.760000228881836,5.659999847412109,5.699999809265137,5.20315408706665,644855
2023-09-13,5.670000076293945,5.739999771118164,5.659999847412109,5.699999809265137,5.20315408706665,415000
2023-09-14,5.710000038146973,5.789999961853027,5.650000095367432,5.699999809265137,5.20315408706665,2236000
2023-09-15,5.699999809265137,5.78000020980835,5.659999847412109,5.75,5.248795986175537,2269028
2023-09-18,5.71999979019165,5.730000019073486,5.650000095367432,5.659999847412109,5.166640758514404,1119704
2023-09-19,5.699999809265137,5.699999809265137,5.670000076293945,5.679999828338623,5.184897422790527,1240000
2023-09-20,5.679999828338623,5.679999828338623,5.599999904632568,5.630000114440918,5.139256000518799,664000
2023-09-21,5.599999904632568,5.690000057220459,5.440000057220459,5.650000095367432,5.157512664794922,2566000
2023-09-22,5.650000095367432,5.730000019073486,5.619999885559082,5.699999809265137,5.20315408706665,1192000
2023-09-25,5.710000038146973,5.75,5.650000095367432,5.679999828338623,5.184897422790527,243000
2023-09-26,5.610000133514404,5.679999828338623,5.570000171661377,5.570000171661377,5.08448600769043,469000
2023-09-27,5.550000190734863,5.559999942779541,5.480000019073486,5.53000020980835,5.047972679138184,1077857
2023-09-28,5.53000020980835,5.559999942779541,5.5,5.550000190734863,5.066229343414307,327000
2023-09-29,5.599999904632568,5.599999904632568,5.53000020980835,5.53000020980835,5.047972679138184,164623
2023-10-03,5.5,5.559999942779541,5.440000057220459,5.480000019073486,5.002330780029297,836000
2023-10-04,5.440000057220459,5.559999942779541,5.409999847412109,5.5,5.020587921142578,3103676
2023-10-05,5.570000171661377,5.570000171661377,5.46999979019165,5.46999979019165,4.993202209472656,190936
2023-10-06,5.46999979019165,5.610000133514404,5.46999979019165,5.519999980926514,5.038844108581543,369000
2023-10-09,5.699999809265137,5.730000019073486,5.53000020980835,5.550000190734863,5.066229343414307,377280
2023-10-10,5.570000171661377,5.639999866485596,5.480000019073486,5.489999771118164,5.011458873748779,372000
2023-10-11,5.519999980926514,5.610000133514404,5.5,5.570000171661377,5.08448600769043,621154
2023-10-12,5.699999809265137,5.730000019073486,5.590000152587891,5.599999904632568,5.111870765686035,622800
2023-10-13,5.599999904632568,5.75,5.539999961853027,5.75,5.248795986175537,955000
2023-10-16,5.75,5.75,5.579999923706055,5.579999923706055,5.093614101409912,383000
2023-10-17,5.550000190734863,5.650000095367432,5.519999980926514,5.639999866485596,5.148384094238281,327755
2023-10-18,5.639999866485596,5.690000057220459,5.599999904632568,5.630000114440918,5.139256000518799,130000
2023-10-19,5.599999904632568,5.599999904632568,5.510000228881836,5.510000228881836,5.0297160148620605,237000
2023-10-20,5.5,5.510000228881836,5.360000133514404,5.360000133514404,4.892790794372559,870934
2023-10-24,5.400000095367432,5.440000057220459,5.28000020980835,5.429999828338623,4.95668888092041,551000
2023-10-25,5.460000038146973,5.489999771118164,5.429999828338623,5.429999828338623,4.95668888092041,239051
2023-10-26,5.5,5.5,5.210000038146973,5.300000190734863,4.8380208015441895,330000
2023-10-27,5.340000152587891,5.409999847412109,5.260000228881836,5.380000114440918,4.91104793548584,490000
2023-10-30,5.400000095367432,5.510000228881836,5.309999942779541,5.460000038146973,4.984074115753174,839000
2023-10-31,5.369999885559082,5.449999809265137,5.369999885559082,5.400000095367432,4.929304122924805,465051
2023-11-01,5.400000095367432,5.489999771118164,5.400000095367432,5.420000076293945,4.947560787200928,288217
2023-11-02,5.460000038146973,5.53000020980835,5.460000038146973,5.519999980926514,5.038844108581543,292000
2023-11-03,5.519999980926514,5.769999980926514,5.519999980926514,5.75,5.248795986175537,549000
2023-11-06,5.730000019073486,5.829999923706055,5.710000038146973,5.829999923706055,5.321822643280029,419972
2023-11-07,5.800000190734863,5.829999923706055,5.710000038146973,5.760000228881836,5.257924556732178,443000
2023-11-08,5.880000114440918,5.889999866485596,5.699999809265137,5.789999961853027,5.285309314727783,785419
2023-11-09,5.800000190734863,5.800000190734863,5.679999828338623,5.71999979019165,5.221410751342773,324528
2023-11-10,5.650000095367432,5.670000076293945,5.570000171661377,5.579999923706055,5.093614101409912,785000
2023-11-13,5.579999923706055,5.690000057220459,5.329999923706055,5.690000057220459,5.194025993347168,1126000
2023-11-14,5.789999961853027,5.789999961853027,5.53000020980835,5.570000171661377,5.08448600769043,500467
2023-11-15,5.570000171661377,5.730000019073486,5.5,5.639999866485596,5.148384094238281,1042000
2023-11-16,5.699999809265137,5.739999771118164,5.679999828338623,5.699999809265137,5.20315408706665,229957
2023-11-17,5.760000228881836,5.829999923706055,5.690000057220459,5.71999979019165,5.221410751342773,680000
2023-11-20,5.71999979019165,5.730000019073486,5.659999847412109,5.659999847412109,5.166640758514404,294100
2023-11-21,5.659999847412109,5.789999961853027,5.659999847412109,5.78000020980835,5.276181221008301,399614
2023-11-22,5.78000020980835,5.849999904632568,5.639999866485596,5.690000057220459,5.194025993347168,415451
2023-11-23,5.690000057220459,5.809999942779541,5.650000095367432,5.800000190734863,5.294437885284424,535000
2023-11-24,5.800000190734863,5.800000190734863,5.71999979019165,5.71999979019165,5.221410751342773,77000
2023-11-27,5.789999961853027,5.789999961853027,5.619999885559082,5.679999828338623,5.184897422790527,258300
2023-11-28,5.679999828338623,5.769999980926514,5.650000095367432,5.679999828338623,5.184897422790527,510337
2023-11-29,5.699999809265137,5.840000152587891,5.699999809265137,5.78000020980835,5.276181221008301,626000
2023-11-30,5.78000020980835,5.820000171661377,5.699999809265137,5.78000020980835,5.276181221008301,624443
2023-12-01,5.78000020980835,5.78000020980835,5.670000076293945,5.699999809265137,5.20315408706665,267000
2023-12-04,5.699999809265137,5.739999771118164,5.639999866485596,5.690000057220459,5.194025993347168,286000
2023-12-05,5.690000057220459,5.690000057220459,5.53000020980835,5.53000020980835,5.047972679138184,630000
2023-12-06,5.5,5.590000152587891,5.460000038146973,5.559999942779541,5.075357913970947,506000
2023-12-07,5.559999942779541,5.650000095367432,5.519999980926514,5.570000171661377,5.08448600769043,235000
2023-12-08,5.599999904632568,5.650000095367432,5.559999942779541,5.630000114440918,5.139256000518799,574000
2023-12-11,5.650000095367432,5.71999979019165,5.579999923706055,5.71999979019165,5.221410751342773,446227
2023-12-12,5.699999809265137,5.78000020980835,5.679999828338623,5.75,5.248795986175537,438000
2023-12-13,5.800000190734863,5.800000190734863,5.730000019073486,5.78000020980835,5.276181221008301,806000
2023-12-14,5.800000190734863,5.889999866485596,5.78000020980835,5.860000133514404,5.349207878112793,999200
2023-12-15,5.860000133514404,5.940000057220459,5.760000228881836,5.940000057220459,5.422234535217285,760000
2023-12-18,5.940000057220459,5.940000057220459,5.849999904632568,5.869999885559082,5.358335971832275,240000
2023-12-19,5.900000095367432,5.929999828338623,5.840000152587891,5.869999885559082,5.358335971832275,591000
2023-12-20,5.889999866485596,5.940000057220459,5.800000190734863,5.940000057220459,5.422234535217285,720134
2023-12-21,5.949999809265137,6.0,5.900000095367432,5.920000076293945,5.403977870941162,632028
2023-12-22,5.920000076293945,6.0,5.909999847412109,5.929999828338623,5.4131059646606445,647827
2023-12-27,5.949999809265137,6.019999980926514,5.789999961853027,5.989999771118164,5.467875957489014,1293996
2023-12-28,6.0,6.090000152587891,6.0,6.03000020980835,5.504389762878418,313919
2023-12-29,6.050000190734863,6.050000190734863,5.960000038146973,6.050000190734863,5.522646427154541,379000
2024-01-02,6.050000190734863,6.070000171661377,5.960000038146973,5.96999979019165,5.449619293212891,365056
2024-01-03,5.960000038146973,5.96999979019165,5.829999923706055,5.880000114440918,5.367464542388916,381129
2024-01-04,5.880000114440918,5.909999847412109,5.840000152587891,5.909999847412109,5.3948493003845215,105754
2024-01-05,5.900000095367432,5.900000095367432,5.829999923706055,5.869999885559082,5.358335971832275,276848
2024-01-08,5.849999904632568,5.880000114440918,5.809999942779541,5.820000171661377,5.312694549560547,504000
2024-01-09,5.800000190734863,5.920000076293945,5.800000190734863,5.889999866485596,5.376592636108398,281000
2024-01-10,5.920000076293945,5.920000076293945,5.860000133514404,5.880000114440918,5.367464542388916,221914
2024-01-11,5.880000114440918,5.989999771118164,5.880000114440918,5.989999771118164,5.467875957489014,262173
2024-01-12,5.96999979019165,5.96999979019165,5.860000133514404,5.949999809265137,5.431362628936768,159800
2024-01-15,5.889999866485596,5.889999866485596,5.889999866485596,5.889999866485596,5.376592636108398,0
2024-01-16,5.949999809265137,5.949999809265137,5.829999923706055,5.829999923706055,5.321822643280029,435000
2024-01-17,5.909999847412109,5.909999847412109,5.619999885559082,5.639999866485596,5.148384094238281,665500
2024-01-18,5.599999904632568,5.739999771118164,5.599999904632568,5.730000019073486,5.230539321899414,229000
2024-01-19,5.739999771118164,5.78000020980835,5.699999809265137,5.739999771118164,5.2396674156188965,562791
2024-01-22,5.739999771118164,5.820000171661377,5.659999847412109,5.710000038146973,5.212282657623291,397240
2024-01-23,5.699999809265137,5.889999866485596,5.670000076293945,5.860000133514404,5.349207878112793,209000
2024-01-24,5.869999885559082,5.949999809265137,5.800000190734863,5.840000152587891,5.33095121383667,2187601
2024-01-25,5.840000152587891,5.949999809265137,5.809999942779541,5.889999866485596,5.376592636108398,926522
2024-01-26,5.880000114440918,5.920000076293945,5.820000171661377,5.829999923706055,5.321822643280029,850164
2024-01-29,5.889999866485596,5.889999866485596,5.710000038146973,5.710000038146973,5.212282657623291,936000
2024-01-30,5.75,5.840000152587891,5.619999885559082,5.619999885559082,5.130127906799316,1808900
2024-01-31,5.610000133514404,5.710000038146973,5.46999979019165,5.46999979019165,4.993202209472656,936229
2024-02-01,5.480000019073486,5.619999885559082,5.420000076293945,5.46999979019165,4.993202209472656,486000
2024-02-02,5.460000038146973,5.539999961853027,5.360000133514404,5.360000133514404,4.892790794372559,2619914
2024-02-05,5.360000133514404,5.429999828338623,5.289999961853027,5.360000133514404,4.892790794372559,376000
2024-02-06,5.289999961853027,5.599999904632568,5.289999961853027,5.519999980926514,5.038844108581543,519000
2024-02-07,5.599999904632568,5.75,5.590000152587891,5.679999828338623,5.184897422790527,349214
2024-02-08,5.71999979019165,5.829999923706055,5.71999979019165,5.800000190734863,5.294437885284424,377000
2024-02-09,5.869999885559082,5.869999885559082,5.869999885559082,5.869999885559082,5.358335971832275,0
2024-02-14,5.860000133514404,5.940000057220459,5.699999809265137,5.900000095367432,5.385721206665039,531000
2024-02-15,5.849999904632568,5.940000057220459,5.800000190734863,5.889999866485596,5.376592636108398,201000
2024-02-16,5.949999809265137,6.010000228881836,5.909999847412109,5.949999809265137,5.431362628936768,547000
2024-02-19,5.860000133514404,5.949999809265137,5.840000152587891,5.920000076293945,5.403977870941162,956000
2024-02-20,5.900000095367432,5.909999847412109,5.769999980926514,5.840000152587891,5.33095121383667,1027000
2024-02-21,5.840000152587891,5.920000076293945,5.840000152587891,5.889999866485596,5.376592636108398,639559
2024-02-22,5.900000095367432,5.949999809265137,5.880000114440918,5.920000076293945,5.403977870941162,1205133
2024-02-23,5.909999847412109,6.0,5.909999847412109,5.940000057220459,5.422234535217285,558000
2024-02-26,5.900000095367432,5.980000019073486,5.860000133514404,5.909999847412109,5.3948493003845215,443000
2024-02-27,5.909999847412109,5.949999809265137,5.849999904632568,5.940000057220459,5.422234535217285,531581
2024-02-28,5.909999847412109,6.050000190734863,5.900000095367432,5.960000038146973,5.440491199493408,1136000
2024-02-29,6.0,6.070000171661377,6.0,6.059999942779541,5.531774520874023,798000
2024-03-01,6.090000152587891,6.110000133514404,6.019999980926514,6.050000190734863,5.522646427154541,2875706
2024-03-04,6.079999923706055,6.119999885559082,6.039999961853027,6.059999942779541,5.531774520874023,521000
2024-03-05,6.059999942779541,6.090000152587891,5.980000019073486,5.980000019073486,5.458747863769531,432000
2024-03-06,6.0,6.010000228881836,5.909999847412109,6.0,5.477004528045654,317000
2024-03-07,6.0,6.03000020980835,5.920000076293945,5.989999771118164,5.467875957489014,270000
2024-03-08,5.989999771118164,6.019999980926514,5.730000019073486,5.800000190734863,5.294437885284424,1793646
2024-03-11,5.730000019073486,5.880000114440918,5.699999809265137,5.829999923706055,5.321822643280029,930047
2024-03-12,5.829999923706055,6.0,5.829999923706055,5.980000019073486,5.458747863769531,823000
2024-03-13,5.989999771118164,6.079999923706055,5.980000019073486,5.989999771118164,5.467875957489014,580000
2024-03-14,6.03000020980835,6.090000152587891,5.989999771118164,6.03000020980835,5.504389762878418,575000
2024-03-15,6.099999904632568,6.099999904632568,5.960000038146973,6.010000228881836,5.486133098602295,740000
2024-03-18,5.960000038146973,6.070000171661377,5.960000038146973,6.050000190734863,5.522646427154541,752000
2024-03-19,6.050000190734863,6.059999942779541,5.960000038146973,6.03000020980835,5.504389762878418,618000
2024-03-20,5.920000076293945,6.079999923706055,5.920000076293945,6.0,5.477004528045654,1291000
2024-03-21,6.010000228881836,6.289999961853027,6.010000228881836,6.25,5.7052130699157715,1731000
2024-03-22,6.199999809265137,6.230000019073486,6.019999980926514,6.099999904632568,5.5682878494262695,918000
2024-03-25,6.079999923706055,6.159999847412109,6.079999923706055,6.079999923706055,5.5500311851501465,404500
2024-03-26,6.090000152587891,6.119999885559082,6.050000190734863,6.070000171661377,5.540903091430664,733756
2024-03-27,6.090000152587891,6.130000114440918,6.070000171661377,6.070000171661377,5.540903091430664,1005500
2024-03-28,6.150000095367432,6.199999809265137,6.099999904632568,6.170000076293945,5.632186412811279,1421000
2024-04-02,6.199999809265137,6.300000190734863,6.199999809265137,6.260000228881836,5.714341640472412,538116
2024-04-03,6.289999961853027,6.349999904632568,6.269999980926514,6.320000171661377,5.769111633300781,680100
2024-04-05,6.349999904632568,6.349999904632568,6.21999979019165,6.239999771118164,5.696084499359131,484549
2024-04-08,6.329999923706055,6.329999923706055,6.190000057220459,6.21999979019165,5.677827835083008,624872
2024-04-09,6.190000057220459,6.269999980926514,6.190000057220459,6.260000228881836,5.714341640472412,372000
2024-04-10,6.349999904632568,6.400000095367432,6.269999980926514,6.369999885559082,5.81475305557251,918994
2024-04-11,6.369999885559082,6.420000076293945,6.269999980926514,6.369999885559082,5.81475305557251,633000
2024-04-12,6.420000076293945,6.539999961853027,6.400000095367432,6.409999847412109,5.851266384124756,680406
2024-04-15,6.409999847412109,6.420000076293945,6.340000152587891,6.360000133514404,5.805624961853027,468022
2024-04-16,6.349999904632568,6.380000114440918,6.289999961853027,6.360000133514404,5.805624961853027,577727
2024-04-17,6.300000190734863,6.550000190734863,6.289999961853027,6.440000057220459,5.8786516189575195,1060000
2024-04-18,6.349999904632568,6.400000095367432,6.289999961853027,6.349999904632568,5.796496391296387,520000
2024-04-19,6.349999904632568,6.349999904632568,6.28000020980835,6.320000171661377,5.769111633300781,501000
2024-04-22,6.289999961853027,6.380000114440918,6.289999961853027,6.349999904632568,5.796496391296387,484000
2024-04-23,6.309999942779541,6.409999847412109,6.289999961853027,6.400000095367432,5.842138290405273,1417000
2024-04-24,6.400000095367432,6.550000190734863,6.389999866485596,6.510000228881836,5.942550182342529,742000
2024-04-25,6.550000190734863,6.590000152587891,6.46999979019165,6.489999771118164,5.924293041229248,591000
2024-04-26,6.5,6.550000190734863,6.480000019073486,6.5,5.933421611785889,709000
2024-04-29,6.5,6.590000152587891,6.489999771118164,6.510000228881836,5.942550182342529,560000
2024-04-30,6.590000152587891,6.590000152587891,6.519999980926514,6.559999942779541,5.988191604614258,404076
2024-05-02,6.599999904632568,6.639999866485596,6.519999980926514,6.539999961853027,5.969934940338135,997197
2024-05-03,6.940000057220459,6.940000057220459,6.619999885559082,6.639999866485596,6.06121826171875,1298886
2024-05-06,6.699999809265137,6.699999809265137,6.449999809265137,6.53000020980835,5.960806369781494,626000
2024-05-07,6.630000114440918,6.670000076293945,6.559999942779541,6.650000095367432,6.070346355438232,295000
2024-05-08,6.579999923706055,6.670000076293945,6.570000171661377,6.599999904632568,6.024704933166504,181000
2024-05-09,6.650000095367432,6.650000095367432,6.579999923706055,6.599999904632568,6.024704933166504,296000
2024-05-10,6.5,6.590000152587891,6.489999771118164,6.559999942779541,5.988191604614258,626000
2024-05-13,6.579999923706055,6.650000095367432,6.559999942779541,6.639999866485596,6.06121826171875,546000
2024-05-14,6.650000095367432,6.650000095367432,6.599999904632568,6.630000114440918,6.052090167999268,176000
2024-05-16,6.650000095367432,6.670000076293945,6.489999771118164,6.489999771118164,5.924293041229248,816530
2024-05-17,6.489999771118164,6.510000228881836,6.309999942779541,6.360000133514404,5.805624961853027,1576000
2024-05-20,6.28000020980835,6.429999828338623,6.21999979019165,6.409999847412109,5.851266384124756,527280
2024-05-21,6.389999866485596,6.389999866485596,6.289999961853027,6.300000190734863,5.750854969024658,480000
2024-05-22,6.309999942779541,6.420000076293945,6.309999942779541,6.409999847412109,5.851266384124756,480316
2024-05-23,6.400000095367432,6.400000095367432,6.320000171661377,6.360000133514404,5.805624961853027,350000
2024-05-24,6.369999885559082,6.400000095367432,6.28000020980835,6.309999942779541,5.759983062744141,565000
2024-05-27,6.400000095367432,6.400000095367432,6.190000057220459,6.260000228881836,5.714341640472412,358168
2024-05-28,6.289999961853027,6.320000171661377,6.25,6.25,5.7052130699157715,445000
2024-05-29,6.25,6.25,6.159999847412109,6.179999828338623,5.641314506530762,327168
2024-05-30,6.179999828338623,6.199999809265137,6.130000114440918,6.190000057220459,5.650443077087402,235000
2024-05-31,6.199999809265137,6.260000228881836,6.199999809265137,6.230000019073486,5.686956405639648,922013
2024-06-03,6.199999809265137,6.199999809265137,5.880000114440918,5.900000095367432,5.592174053192139,1715000
2024-06-04,5.920000076293945,5.980000019073486,5.909999847412109,5.980000019073486,5.668000221252441,496000
2024-06-05,5.989999771118164,6.010000228881836,5.880000114440918,5.900000095367432,5.592174053192139,843000
2024-06-06,5.909999847412109,5.989999771118164,5.909999847412109,5.929999828338623,5.620608329772949,601000
2024-06-07,5.949999809265137,5.949999809265137,5.889999866485596,5.909999847412109,5.601652145385742,210000
2024-06-11,5.889999866485596,5.889999866485596,5.659999847412109,5.849999904632568,5.544782638549805,753000
2024-06-12,5.900000095367432,5.909999847412109,5.730000019073486,5.75,5.449999809265137,384000
2024-06-13,5.75,5.880000114440918,5.730000019073486,5.869999885559082,5.563738822937012,222000
2024-06-14,5.880000114440918,5.889999866485596,5.699999809265137,5.760000228881836,5.459478378295898,421000
2024-06-17,5.78000020980835,5.789999961853027,5.739999771118164,5.78000020980835,5.478435039520264,141000
2024-06-18,5.739999771118164,5.849999904632568,5.730000019073486,5.820000171661377,5.516347885131836,455000
2024-06-19,5.800000190734863,5.909999847412109,5.800000190734863,5.909999847412109,5.601652145385742,351000
2024-06-20,5.909999847412109,5.960000038146973,5.849999904632568,5.860000133514404,5.554261207580566,309000
2024-06-21,5.960000038146973,5.989999771118164,5.880000114440918,5.900000095367432,5.592174053192139,1343000
2024-06-24,5.900000095367432,5.920000076293945,5.769999980926514,5.800000190734863,5.497391700744629,730000
2024-06-25,5.800000190734863,5.909999847412109,5.800000190734863,5.900000095367432,5.592174053192139,265000
2024-06-26,5.900000095367432,5.920000076293945,5.869999885559082,5.880000114440918,5.573217391967773,261000
2024-06-27,5.880000114440918,5.880000114440918,5.829999923706055,5.840000152587891,5.535304546356201,339000
2024-06-28,5.869999885559082,5.880000114440918,5.840000152587891,5.860000133514404,5.554261207580566,755274
2024-07-02,5.0,5.690000057220459,4.409999847412109,5.0,4.73913049697876,15865430
2024-07-03,4.96999979019165,5.019999980926514,4.769999980926514,4.820000171661377,4.568521976470947,2690000
2024-07-04,4.920000076293945,5.010000228881836,4.900000095367432,4.949999809265137,4.691739082336426,3152500
2024-07-08,4.849999904632568,4.869999885559082,4.730000019073486,4.869999885559082,4.615912914276123,1055168
2024-07-09,4.869999885559082,4.909999847412109,4.800000190734863,4.849999904632568,4.596956253051758,1399000
2024-07-10,4.880000114440918,4.909999847412109,4.78000020980835,4.840000152587891,4.5874786376953125,1674000
2024-07-11,4.849999904632568,4.929999828338623,4.739999771118164,4.760000228881836,4.51165246963501,682500
2024-07-12,4.710000038146973,4.849999904632568,4.710000038146973,4.789999961853027,4.54008674621582,458000
2024-07-15,4.849999904632568,4.920000076293945,4.789999961853027,4.820000171661377,4.568521976470947,1022030
2024-07-16,4.75,4.809999942779541,4.679999828338623,4.800000190734863,4.549565315246582,552000
2024-07-17,4.800000190734863,4.800000190734863,4.550000190734863,4.550000190734863,4.31260871887207,793058
2024-07-18,4.599999904632568,4.670000076293945,4.539999961853027,4.619999885559082,4.378956317901611,701000
2024-07-19,4.630000114440918,4.650000095367432,4.570000171661377,4.599999904632568,4.360000133514404,2319000
2024-07-22,4.5,4.679999828338623,4.5,4.599999904632568,4.360000133514404,455604
2024-07-23,4.679999828338623,4.679999828338623,4.570000171661377,4.570000171661377,4.3315653800964355,1014000
2024-07-24,4.570000171661377,4.679999828338623,4.570000171661377,4.570000171661377,4.3315653800964355,687175
2024-07-25,4.559999942779541,4.570000171661377,4.480000019073486,4.510000228881836,4.274695873260498,613000
2024-07-26,4.510000228881836,4.510000228881836,4.369999885559082,4.400000095367432,4.170434951782227,878927
2024-07-29,4.400000095367432,4.429999828338623,4.329999923706055,4.380000114440918,4.151478290557861,602000
2024-07-30,4.380000114440918,4.400000095367432,4.260000228881836,4.300000190734863,4.075652122497559,1137000
2024-07-31,4.300000190734863,4.440000057220459,4.300000190734863,4.380000114440918,4.151478290557861,1044000
2024-08-01,4.380000114440918,4.400000095367432,4.289999961853027,4.300000190734863,4.075652122497559,991423
2024-08-02,4.320000171661377,4.320000171661377,4.110000133514404,4.170000076293945,3.952434778213501,1030510
2024-08-05,4.230000019073486,4.230000019073486,3.9700000286102295,4.03000020980835,3.81973934173584,1498500
2024-08-06,4.050000190734863,4.150000095367432,4.010000228881836,4.110000133514404,3.8955652713775635,1289000
2024-08-07,4.130000114440918,4.199999809265137,4.070000171661377,4.179999828338623,3.9619128704071045,633555
2024-08-08,4.170000076293945,4.170000076293945,4.059999942779541,4.110000133514404,3.8955652713775635,200000
2024-08-09,4.150000095367432,4.170000076293945,4.119999885559082,4.139999866485596,3.923999786376953,233000
2024-08-12,4.139999866485596,4.260000228881836,4.130000114440918,4.239999771118164,4.018782615661621,683000
2024-08-13,4.260000228881836,4.289999961853027,4.159999847412109,4.260000228881836,4.037739276885986,1051200
2024-08-14,4.199999809265137,4.25,4.110000133514404,4.130000114440918,3.9145219326019287,989200
2024-08-15,4.099999904632568,4.179999828338623,4.099999904632568,4.139999866485596,3.923999786376953,925420
2024-08-16,4.150000095367432,4.269999980926514,4.150000095367432,4.239999771118164,4.018782615661621,995200
2024-08-19,4.260000228881836,4.260000228881836,4.210000038146973,4.21999979019165,3.999825954437256,822000
2024-08-20,4.21999979019165,4.269999980926514,4.210000038146973,4.269999980926514,4.04721736907959,686000
2024-08-21,4.300000190734863,4.510000228881836,4.300000190734863,4.480000019073486,4.246261119842529,2383270
2024-08-22,4.5,4.610000133514404,4.369999885559082,4.440000057220459,4.208347797393799,2323978
2024-08-23,4.440000057220459,4.46999979019165,4.389999866485596,4.440000057220459,4.208347797393799,716000
2024-08-26,4.429999828338623,4.559999942779541,4.429999828338623,4.53000020980835,4.293652534484863,920000
2024-08-27,4.550000190734863,4.559999942779541,4.5,4.559999942779541,4.322086811065674,1054000
2024-08-28,4.559999942779541,4.559999942779541,4.480000019073486,4.510000228881836,4.274695873260498,467000
2024-08-29,4.519999980926514,4.559999942779541,4.480000019073486,4.53000020980835,4.293652534484863,723000
2024-08-30,4.559999942779541,4.590000152587891,4.510000228881836,4.53000020980835,4.293652534484863,1472041
2024-09-02,4.579999923706055,4.590000152587891,4.519999980926514,4.570000171661377,4.3315653800964355,374960
2024-09-03,4.579999923706055,4.610000133514404,4.570000171661377,4.599999904632568,4.360000133514404,402000
2024-09-04,4.579999923706055,4.610000133514404,4.510000228881836,4.599999904632568,4.360000133514404,640000
2024-09-05,4.550000190734863,4.619999885559082,4.539999961853027,4.599999904632568,4.360000133514404,1637000
2024-09-09,4.510000228881836,4.519999980926514,4.329999923706055,4.449999809265137,4.449999809265137,1287000
2024-09-10,4.5,4.5,4.380000114440918,4.440000057220459,4.440000057220459,590000
2024-09-11,4.440000057220459,4.5,4.409999847412109,4.460000038146973,4.460000038146973,580000
2024-09-12,4.460000038146973,4.53000020980835,4.460000038146973,4.53000020980835,4.53000020980835,387000
2024-09-13,4.630000114440918,4.630000114440918,4.539999961853027,4.550000190734863,4.550000190734863,445000
2024-09-16,4.579999923706055,4.639999866485596,4.570000171661377,4.610000133514404,4.610000133514404,443000
2024-09-17,4.519999980926514,4.71999979019165,4.519999980926514,4.659999847412109,4.659999847412109,890000
2024-09-19,4.670000076293945,4.710000038146973,4.579999923706055,4.670000076293945,4.670000076293945,651000
2024-09-20,4.670000076293945,4.679999828338623,4.559999942779541,4.659999847412109,4.659999847412109,1401472
2024-09-23,4.579999923706055,4.78000020980835,4.519999980926514,4.78000020980835,4.78000020980835,1146000
2024-09-24,4.800000190734863,4.869999885559082,4.800000190734863,4.849999904632568,4.849999904632568,776000
2024-09-25,4.909999847412109,4.909999847412109,4.820000171661377,4.860000133514404,4.860000133514404,817999
2024-09-26,4.869999885559082,4.940000057220459,4.860000133514404,4.920000076293945,4.920000076293945,763000
2024-09-27,4.940000057220459,5.070000171661377,4.920000076293945,5.059999942779541,5.059999942779541,1652000
2024-09-30,5.079999923706055,5.400000095367432,5.079999923706055,5.199999809265137,5.199999809265137,1591000
2024-10-02,5.199999809265137,5.320000171661377,5.119999885559082,5.300000190734863,5.300000190734863,989859
2024-10-03,5.300000190734863,5.349999904632568,5.099999904632568,5.289999961853027,5.289999961853027,1203000
