Date,Open,High,Low,Close,Adj Close,Volume
2012-11-26,2.4800000190734863,2.680000066757202,2.440000057220459,2.559999942779541,1.564629316329956,163895000
2012-11-27,2.5299999713897705,2.7300000190734863,2.5299999713897705,2.700000047683716,1.6501950025558472,33462001
2012-11-28,2.7200000286102295,2.7300000190734863,2.5999999046325684,2.630000114440918,1.6074120998382568,18538001
2012-11-29,2.630000114440918,2.6600000858306885,2.549999952316284,2.559999942779541,1.564629316329956,9221000
2012-11-30,2.5999999046325684,2.5999999046325684,2.5,2.549999952316284,1.558517575263977,7826000
2012-12-03,2.569999933242798,2.690000057220459,2.569999933242798,2.5899999141693115,1.5829647779464722,15224000
2012-12-04,2.5999999046325684,2.6600000858306885,2.5899999141693115,2.640000104904175,1.6135241985321045,12076000
2012-12-05,2.6700000762939453,2.680000066757202,2.5899999141693115,2.5999999046325684,1.5890765190124512,8452000
2012-12-06,2.5899999141693115,2.619999885559082,2.559999942779541,2.559999942779541,1.564629316329956,2812000
2012-12-07,2.559999942779541,2.5899999141693115,2.5399999618530273,2.549999952316284,1.558517575263977,5308000
2012-12-10,2.549999952316284,2.569999933242798,2.450000047683716,2.5,1.5279582738876343,8640000
2012-12-11,2.5,2.549999952316284,2.4800000190734863,2.5399999618530273,1.5524054765701294,7432000
2012-12-12,2.5299999713897705,2.5399999618530273,2.4800000190734863,2.509999990463257,1.534070372581482,6618000
2012-12-13,2.4800000190734863,2.509999990463257,2.4800000190734863,2.490000009536743,1.5218464136123657,4106000
2012-12-14,2.490000009536743,2.5,2.4200000762939453,2.430000066757202,1.485175609588623,10330400
2012-12-17,2.440000057220459,2.4600000381469727,2.369999885559082,2.390000104904175,1.4607285261154175,19608000
2012-12-18,2.4000000953674316,2.4200000762939453,2.380000114440918,2.4000000953674316,1.4668400287628174,8590000
2012-12-19,2.4000000953674316,2.5,2.4000000953674316,2.5,1.5279582738876343,9408000
2012-12-20,2.4800000190734863,2.5,2.4000000953674316,2.490000009536743,1.5218464136123657,3972000
2012-12-21,2.450000047683716,2.5,2.430000066757202,2.490000009536743,1.5218464136123657,2768000
2012-12-24,2.4800000190734863,2.4800000190734863,2.4200000762939453,2.4600000381469727,1.5035110712051392,854000
2012-12-27,2.4700000286102295,2.490000009536743,2.450000047683716,2.4800000190734863,1.5157347917556763,2364000
2012-12-28,2.4800000190734863,2.5,2.440000057220459,2.4700000286102295,1.5096229314804077,2506000
2012-12-31,2.4700000286102295,2.5299999713897705,2.4700000286102295,2.5199999809265137,1.5401818752288818,2996000
2013-01-02,2.5199999809265137,2.549999952316284,2.4700000286102295,2.509999990463257,1.534070372581482,5240000
2013-01-03,2.5299999713897705,2.5299999713897705,2.4800000190734863,2.5199999809265137,1.5401818752288818,3868000
2013-01-04,2.5299999713897705,2.640000104904175,2.5199999809265137,2.619999885559082,1.6013000011444092,9888000
2013-01-07,2.619999885559082,2.640000104904175,2.5799999237060547,2.630000114440918,1.6074120998382568,4222000
2013-01-08,2.619999885559082,2.640000104904175,2.5799999237060547,2.5899999141693115,1.5829647779464722,5586000
2013-01-09,2.5999999046325684,2.7300000190734863,2.5999999046325684,2.7200000286102295,1.6624186038970947,17638000
2013-01-10,2.700000047683716,2.930000066757202,2.700000047683716,2.7899999618530273,1.7052016258239746,15800000
2013-01-11,2.799999952316284,2.9000000953674316,2.7799999713897705,2.869999885559082,1.754096269607544,6082000
2013-01-14,2.890000104904175,3.0799999237060547,2.880000114440918,3.009999990463257,1.8396620750427246,17908000
2013-01-15,3.0299999713897705,3.190000057220459,3.0199999809265137,3.140000104904175,1.9191160202026367,12623000
2013-01-16,3.1700000762939453,3.2300000190734863,3.130000114440918,3.2200000286102295,1.968010425567627,8646000
2013-01-17,3.2200000286102295,3.3499999046325684,3.109999895095825,3.1700000762939453,1.9374511241912842,8644000
2013-01-18,3.2200000286102295,3.2300000190734863,3.130000114440918,3.2300000190734863,1.974122405052185,3724000
2013-01-21,3.240000009536743,3.299999952316284,3.1500000953674316,3.190000057220459,1.9496750831604004,2510000
2013-01-22,3.2300000190734863,3.3499999046325684,3.180000066757202,3.3399999141693115,2.0413525104522705,6332000
2013-01-23,3.359999895095825,3.4800000190734863,3.2899999618530273,3.3499999046325684,2.047464370727539,7752000
2013-01-24,3.359999895095825,3.390000104904175,3.240000009536743,3.2699999809265137,1.998569369316101,2878000
2013-01-25,3.309999942779541,3.3299999237060547,3.0999999046325684,3.119999885559082,1.9068915843963623,3876000
2013-01-28,3.1600000858306885,3.200000047683716,3.0299999713897705,3.0799999237060547,1.8824443817138672,4264000
2013-01-29,3.130000114440918,3.200000047683716,3.0299999713897705,3.190000057220459,1.9496750831604004,4752000
2013-01-30,3.2300000190734863,3.25,3.1600000858306885,3.200000047683716,1.9557868242263794,3292400
2013-01-31,3.2300000190734863,3.2300000190734863,3.1500000953674316,3.200000047683716,1.9557868242263794,5934000
2013-02-01,3.200000047683716,3.2200000286102295,3.119999885559082,3.200000047683716,1.9557868242263794,3566000
2013-02-04,3.200000047683716,3.2899999618530273,3.200000047683716,3.259999990463257,1.992457628250122,12004000
2013-02-05,3.200000047683716,3.2799999713897705,3.1700000762939453,3.190000057220459,1.9496750831604004,13408000
2013-02-06,3.200000047683716,3.2699999809265137,3.200000047683716,3.25,1.9863451719284058,4467400
2013-02-07,3.25,3.450000047683716,3.2100000381469727,3.430000066757202,2.0963592529296875,13264000
2013-02-08,3.4200000762939453,3.559999942779541,3.4000000953674316,3.450000047683716,2.1085827350616455,9427774
2013-02-14,3.4700000286102295,3.700000047683716,3.450000047683716,3.6700000762939453,2.2430431842803955,9935000
2013-02-15,3.690000057220459,3.9700000286102295,3.680000066757202,3.9200000762939453,2.395838499069214,11708000
2013-02-18,3.950000047683716,4.190000057220459,3.809999942779541,4.090000152587891,2.4997401237487793,14636000
2013-02-19,4.150000095367432,4.190000057220459,3.9800000190734863,4.010000228881836,2.45084547996521,9996001
2013-02-20,4.070000171661377,4.380000114440918,4.039999961853027,4.260000228881836,2.6036412715911865,17416000
2013-02-21,4.21999979019165,4.329999923706055,4.03000020980835,4.150000095367432,2.5364110469818115,15882000
2013-02-22,4.179999828338623,4.190000057220459,4.059999942779541,4.110000133514404,2.5119636058807373,9527800
2013-02-25,4.099999904632568,4.199999809265137,3.880000114440918,3.9100000858306885,2.3897266387939453,15650200
2013-02-26,3.869999885559082,3.9200000762939453,3.640000104904175,3.700000047683716,2.261378288269043,19692000
2013-02-27,3.759999990463257,3.880000114440918,3.700000047683716,3.8399999141693115,2.3469443321228027,9928000
2013-02-28,3.9000000953674316,3.940000057220459,3.7899999618530273,3.8399999141693115,2.3469443321228027,6856000
2013-03-01,3.8399999141693115,3.8499999046325684,3.759999990463257,3.7799999713897705,2.3102729320526123,3276000
2013-03-04,3.8499999046325684,3.9700000286102295,3.75,3.890000104904175,2.3775038719177246,8624000
2013-03-05,3.930000066757202,4.199999809265137,3.890000104904175,4.110000133514404,2.5119636058807373,8672707
2013-03-06,4.150000095367432,4.230000019073486,4.119999885559082,4.130000114440918,2.524186849594116,4818300
2013-03-07,4.150000095367432,4.320000171661377,4.130000114440918,4.300000190734863,2.6280887126922607,8482000
2013-03-08,4.349999904632568,4.460000038146973,4.170000076293945,4.190000057220459,2.5608582496643066,11578000
2013-03-11,4.25,4.260000228881836,4.150000095367432,4.179999828338623,2.554746150970459,4624000
2013-03-12,4.239999771118164,4.360000133514404,4.170000076293945,4.21999979019165,2.579193592071533,6154000
2013-03-13,4.25,4.300000190734863,4.070000171661377,4.210000038146973,2.5730817317962646,5796000
2013-03-14,4.210000038146973,4.320000171661377,4.130000114440918,4.320000171661377,2.6403119564056396,4638000
2013-03-15,4.340000152587891,4.349999904632568,4.230000019073486,4.28000020980835,2.6158647537231445,5298000
2013-03-18,4.28000020980835,4.28000020980835,4.110000133514404,4.199999809265137,2.566969871520996,3222000
2013-03-19,4.170000076293945,4.230000019073486,4.070000171661377,4.139999866485596,2.530299186706543,4579000
2013-03-20,4.139999866485596,4.159999847412109,3.9200000762939453,4.03000020980835,2.463068962097168,11153000
2013-03-21,4.010000228881836,4.119999885559082,3.859999895095825,3.9200000762939453,2.395838499069214,9364000
2013-03-22,3.9700000286102295,3.9800000190734863,3.819999933242798,3.9700000286102295,2.426398277282715,3706600
2013-03-25,3.9800000190734863,4.019999980926514,3.890000104904175,3.9100000858306885,2.3897266387939453,1508000
2013-03-26,3.9200000762939453,3.9200000762939453,3.7899999618530273,3.880000114440918,2.371391534805298,3232000
2013-03-27,3.880000114440918,3.9800000190734863,3.880000114440918,3.9200000762939453,2.395838499069214,1638000
2013-03-28,3.880000114440918,3.940000057220459,3.859999895095825,3.930000066757202,2.4019508361816406,2480000
2013-04-02,3.859999895095825,3.9800000190734863,3.859999895095825,3.950000047683716,2.4141745567321777,2334000
2013-04-03,3.9800000190734863,3.9800000190734863,3.7799999713897705,3.869999885559082,2.3652796745300293,2714000
2013-04-05,3.8299999237060547,3.8299999237060547,3.7300000190734863,3.799999952316284,2.3224964141845703,3612787
2013-04-08,3.75,3.9100000858306885,3.6600000858306885,3.8499999046325684,2.353055953979492,2682300
2013-04-09,3.859999895095825,3.9600000381469727,3.8499999046325684,3.950000047683716,2.4141745567321777,2576000
2013-04-10,3.9600000381469727,3.9600000381469727,3.9000000953674316,3.950000047683716,2.4141745567321777,1286000
2013-04-11,3.9800000190734863,4.090000152587891,3.9700000286102295,4.019999980926514,2.4569568634033203,10990000
2013-04-12,4.0,4.059999942779541,3.9700000286102295,4.03000020980835,2.463068962097168,8470000
2013-04-15,4.039999961853027,4.039999961853027,3.9100000858306885,4.010000228881836,2.45084547996521,2650000
2013-04-16,3.9200000762939453,4.010000228881836,3.9100000858306885,3.990000009536743,2.438621759414673,6412000
2013-04-17,4.03000020980835,4.079999923706055,3.990000009536743,4.010000228881836,2.45084547996521,1946000
2013-04-18,3.990000009536743,4.090000152587891,3.990000009536743,4.03000020980835,2.463068962097168,2602000
2013-04-19,4.019999980926514,4.260000228881836,4.019999980926514,4.170000076293945,2.5486347675323486,6106000
2013-04-22,4.159999847412109,4.25,4.119999885559082,4.21999979019165,2.579193592071533,1904000
2013-04-23,4.199999809265137,4.28000020980835,4.150000095367432,4.21999979019165,2.579193592071533,2108000
2013-04-24,4.28000020980835,4.420000076293945,4.25,4.400000095367432,2.689206838607788,8480000
2013-04-25,4.400000095367432,4.420000076293945,4.230000019073486,4.309999942779541,2.634199857711792,4402000
2013-04-26,4.289999961853027,4.349999904632568,4.039999961853027,4.269999980926514,2.609752893447876,7738000
2013-04-29,4.260000228881836,4.340000152587891,4.190000057220459,4.320000171661377,2.6403119564056396,1540000
2013-04-30,4.349999904632568,4.349999904632568,4.260000228881836,4.300000190734863,2.6280887126922607,2426000
2013-05-02,4.25,4.309999942779541,4.199999809265137,4.230000019073486,2.5853054523468018,2206000
2013-05-03,4.230000019073486,4.269999980926514,4.150000095367432,4.210000038146973,2.5730817317962646,3178000
2013-05-06,4.239999771118164,4.289999961853027,4.190000057220459,4.239999771118164,2.591417074203491,2900000
2013-05-07,4.28000020980835,4.510000228881836,4.260000228881836,4.5,2.7503252029418945,4251000
2013-05-08,4.53000020980835,4.730000019073486,4.510000228881836,4.650000095367432,2.8420026302337646,7060000
2013-05-09,4.670000076293945,4.769999980926514,4.599999904632568,4.610000133514404,2.8175554275512695,3700200
2013-05-10,4.579999923706055,4.710000038146973,4.570000171661377,4.650000095367432,2.8420026302337646,3100000
2013-05-13,4.650000095367432,4.650000095367432,4.519999980926514,4.519999980926514,2.7625489234924316,2366000
2013-05-14,4.559999942779541,4.599999904632568,4.449999809265137,4.5,2.7503252029418945,2308007
2013-05-15,4.550000190734863,4.699999809265137,4.53000020980835,4.659999847412109,2.848114252090454,3008000
2013-05-16,4.699999809265137,4.960000038146973,4.650000095367432,4.900000095367432,2.9947986602783203,8510000
2013-05-20,4.900000095367432,5.139999866485596,4.900000095367432,5.039999961853027,3.0803637504577637,7986000
2013-05-21,5.039999961853027,5.090000152587891,4.909999847412109,4.980000019073486,3.0436928272247314,5332200
2013-05-22,4.960000038146973,5.050000190734863,4.5,4.880000114440918,2.982574939727783,4774000
2013-05-23,4.889999866485596,4.960000038146973,4.769999980926514,4.809999942779541,2.9397919178009033,6518000
2013-05-24,4.820000171661377,5.010000228881836,4.820000171661377,4.880000114440918,2.982574939727783,2862000
2013-05-27,4.900000095367432,5.03000020980835,4.880000114440918,5.03000020980835,3.074251890182495,3174000
2013-05-28,5.090000152587891,5.25,4.96999979019165,5.25,3.2087130546569824,4685000
2013-05-29,5.239999771118164,5.369999885559082,5.150000095367432,5.170000076293945,3.159817934036255,4476300
2013-05-30,5.170000076293945,5.289999961853027,5.039999961853027,5.199999809265137,3.1781530380249023,2728000
2013-05-31,5.199999809265137,5.449999809265137,5.199999809265137,5.340000152587891,3.263718843460083,7336088
2013-06-03,5.300000190734863,5.380000114440918,5.150000095367432,5.21999979019165,3.1903765201568604,4117700
2013-06-04,5.269999980926514,5.28000020980835,5.159999847412109,5.190000057220459,3.172041416168213,1638000
2013-06-05,5.210000038146973,5.210000038146973,5.090000152587891,5.139999866485596,3.141482353210449,1868185
2013-06-06,5.159999847412109,5.190000057220459,5.0,5.0,3.0559165477752686,3250000
2013-06-07,5.039999961853027,5.130000114440918,5.0,5.039999961853027,3.0803637504577637,3240000
2013-06-10,5.079999923706055,5.150000095367432,4.989999771118164,5.059999942779541,3.0925869941711426,3716000
2013-06-11,5.079999923706055,5.139999866485596,4.940000057220459,4.949999809265137,3.025357246398926,1924000
2013-06-13,4.920000076293945,4.96999979019165,4.699999809265137,4.96999979019165,3.037580728530884,3174061
2013-06-14,5.050000190734863,5.050000190734863,4.869999885559082,4.900000095367432,2.9947986602783203,1388000
2013-06-17,4.900000095367432,5.150000095367432,4.78000020980835,5.079999923706055,3.104810953140259,3556000
2013-06-18,5.079999923706055,5.190000057220459,5.0,5.159999847412109,3.153705596923828,2544000
2013-06-19,5.179999828338623,5.269999980926514,5.139999866485596,5.230000019073486,3.19648814201355,2682000
2013-06-20,5.199999809265137,5.21999979019165,5.119999885559082,5.119999885559082,3.129258632659912,1186000
2013-06-21,5.039999961853027,5.150000095367432,4.949999809265137,5.119999885559082,3.129258632659912,2008000
2013-06-24,5.099999904632568,5.099999904632568,4.75,4.840000152587891,2.95812726020813,4036000
2013-06-25,4.800000190734863,4.869999885559082,4.489999771118164,4.789999961853027,2.927568197250366,8704000
2013-06-26,4.849999904632568,4.860000133514404,4.369999885559082,4.5,2.7503252029418945,13946520
2013-06-27,4.480000019073486,4.579999923706055,4.050000190734863,4.119999885559082,2.5180749893188477,18378521
2013-06-28,4.119999885559082,4.400000095367432,4.119999885559082,4.360000133514404,2.664759397506714,11475253
2013-07-02,4.380000114440918,4.409999847412109,4.150000095367432,4.239999771118164,2.591417074203491,4006000
2013-07-03,4.199999809265137,4.199999809265137,4.059999942779541,4.099999904632568,2.5058510303497314,2690000
2013-07-04,4.099999904632568,4.289999961853027,4.099999904632568,4.239999771118164,2.591417074203491,2650293
2013-07-05,4.309999942779541,4.429999828338623,4.099999904632568,4.25,2.597529172897339,7446000
2013-07-08,4.230000019073486,4.25,4.130000114440918,4.210000038146973,2.5730817317962646,2728000
2013-07-09,4.230000019073486,4.28000020980835,4.179999828338623,4.199999809265137,2.566969871520996,1932000
2013-07-10,4.269999980926514,4.300000190734863,4.179999828338623,4.199999809265137,2.566969871520996,1496020
2013-07-11,4.230000019073486,4.449999809265137,4.199999809265137,4.380000114440918,2.67698335647583,3226000
2013-07-12,4.449999809265137,4.480000019073486,4.300000190734863,4.369999885559082,2.670870780944824,1222000
2013-07-15,4.349999904632568,4.360000133514404,4.300000190734863,4.340000152587891,2.652535915374756,1043000
2013-07-16,4.349999904632568,4.369999885559082,4.300000190734863,4.309999942779541,2.634199857711792,804000
2013-07-17,4.300000190734863,4.429999828338623,4.289999961853027,4.320000171661377,2.6403119564056396,1266000
2013-07-18,4.320000171661377,4.440000057220459,4.300000190734863,4.349999904632568,2.658647298812866,698000
2013-07-19,4.340000152587891,4.340000152587891,4.210000038146973,4.210000038146973,2.5730817317962646,1338000
2013-07-22,4.28000020980835,4.320000171661377,4.199999809265137,4.269999980926514,2.609752893447876,1746000
2013-07-23,4.320000171661377,4.400000095367432,4.25,4.329999923706055,2.646423816680908,1852000
2013-07-24,4.360000133514404,4.389999866485596,4.300000190734863,4.320000171661377,2.6403119564056396,1188000
2013-07-25,4.320000171661377,4.389999866485596,4.28000020980835,4.380000114440918,2.67698335647583,2020000
2013-07-26,4.420000076293945,4.420000076293945,4.309999942779541,4.329999923706055,2.646423816680908,714000
2013-07-29,4.28000020980835,4.340000152587891,4.269999980926514,4.28000020980835,2.6158647537231445,1160000
2013-07-30,4.28000020980835,4.329999923706055,4.239999771118164,4.28000020980835,2.6158647537231445,1054000
2013-07-31,4.260000228881836,4.300000190734863,4.190000057220459,4.25,2.597529172897339,1854000
2013-08-01,4.230000019073486,4.28000020980835,4.190000057220459,4.230000019073486,2.5853054523468018,3028001
2013-08-02,4.269999980926514,4.269999980926514,4.119999885559082,4.170000076293945,2.5486347675323486,4012000
2013-08-05,4.199999809265137,4.21999979019165,4.159999847412109,4.210000038146973,2.5730817317962646,5207166
2013-08-06,4.190000057220459,4.239999771118164,4.170000076293945,4.230000019073486,2.5853054523468018,702000
2013-08-07,4.21999979019165,4.21999979019165,4.170000076293945,4.199999809265137,2.566969871520996,1054000
2013-08-08,4.199999809265137,4.239999771118164,4.179999828338623,4.199999809265137,2.566969871520996,1500000
2013-08-09,4.21999979019165,4.21999979019165,4.159999847412109,4.179999828338623,2.554746150970459,572000
2013-08-12,4.210000038146973,4.210000038146973,4.110000133514404,4.170000076293945,2.5486347675323486,704000
2013-08-13,4.179999828338623,4.199999809265137,4.170000076293945,4.190000057220459,2.5608582496643066,716000
2013-08-14,4.190000057220459,4.190000057220459,4.190000057220459,4.190000057220459,2.5608582496643066,0
2013-08-15,4.190000057220459,4.460000038146973,4.190000057220459,4.369999885559082,2.670870780944824,4680000
2013-08-16,4.389999866485596,4.400000095367432,4.300000190734863,4.329999923706055,2.646423816680908,1310000
2013-08-19,4.340000152587891,4.380000114440918,4.300000190734863,4.349999904632568,2.658647298812866,610000
2013-08-20,4.349999904632568,4.610000133514404,4.340000152587891,4.550000190734863,2.7808845043182373,7890000
2013-08-21,4.5,4.679999828338623,4.480000019073486,4.659999847412109,2.8797600269317627,4496000
2013-08-22,4.630000114440918,4.960000038146973,4.579999923706055,4.840000152587891,2.990995407104492,9364000
2013-08-23,4.900000095367432,4.940000057220459,4.829999923706055,4.900000095367432,3.028074264526367,3642000
2013-08-26,4.920000076293945,5.050000190734863,4.849999904632568,5.019999980926514,3.102231025695801,4202000
2013-08-27,4.980000019073486,5.070000171661377,4.900000095367432,4.940000057220459,3.052793264389038,2296000
2013-08-28,4.949999809265137,4.949999809265137,4.739999771118164,4.760000228881836,2.9415576457977295,3584000
2013-08-29,4.800000190734863,4.880000114440918,4.730000019073486,4.800000190734863,2.9662764072418213,1504000
2013-08-30,4.760000228881836,4.789999961853027,4.710000038146973,4.769999980926514,2.947736978530884,1208000
2013-09-02,4.800000190734863,4.860000133514404,4.679999828338623,4.739999771118164,2.9291975498199463,1340000
2013-09-03,4.739999771118164,4.789999961853027,4.650000095367432,4.75,2.935377597808838,1124000
2013-09-04,4.690000057220459,4.699999809265137,4.590000152587891,4.590000152587891,2.8365015983581543,1704000
2013-09-05,4.590000152587891,4.900000095367432,4.590000152587891,4.889999866485596,3.0218939781188965,3488000
2013-09-06,4.880000114440918,4.880000114440918,4.760000228881836,4.760000228881836,2.9415576457977295,1914000
2013-09-09,4.739999771118164,4.869999885559082,4.739999771118164,4.800000190734863,2.9662764072418213,868000
2013-09-10,4.789999961853027,4.920000076293945,4.78000020980835,4.789999961853027,2.960096597671509,2718000
2013-09-11,4.820000171661377,4.860000133514404,4.679999828338623,4.699999809265137,2.9044787883758545,1408000
2013-09-12,4.710000038146973,4.769999980926514,4.559999942779541,4.650000095367432,2.87358021736145,5156000
2013-09-13,4.579999923706055,4.690000057220459,4.579999923706055,4.639999866485596,2.867400646209717,1710000
2013-09-16,4.710000038146973,4.710000038146973,4.599999904632568,4.650000095367432,2.87358021736145,2270000
2013-09-17,4.619999885559082,4.670000076293945,4.599999904632568,4.639999866485596,2.867400646209717,898000
2013-09-18,4.619999885559082,4.699999809265137,4.599999904632568,4.679999828338623,2.8921194076538086,1390000
2013-09-19,4.71999979019165,4.78000020980835,4.690000057220459,4.699999809265137,2.9044787883758545,1642000
2013-09-23,4.699999809265137,4.769999980926514,4.639999866485596,4.699999809265137,2.9044787883758545,1279000
2013-09-24,4.690000057220459,4.690000057220459,4.630000114440918,4.650000095367432,2.87358021736145,828000
2013-09-25,4.650000095367432,4.730000019073486,4.510000228881836,4.639999866485596,2.867400646209717,3820000
2013-09-26,4.659999847412109,4.789999961853027,4.659999847412109,4.739999771118164,2.9291975498199463,2720000
2013-09-27,4.75,4.75,4.670000076293945,4.670000076293945,2.885939836502075,1502000
2013-09-30,4.650000095367432,4.679999828338623,4.53000020980835,4.659999847412109,2.8797600269317627,3306000
2013-10-02,4.690000057220459,4.699999809265137,4.599999904632568,4.619999885559082,2.8550407886505127,1314000
2013-10-03,4.690000057220459,4.690000057220459,4.570000171661377,4.630000114440918,2.8612208366394043,2358000
2013-10-04,4.650000095367432,4.650000095367432,4.559999942779541,4.610000133514404,2.8488614559173584,2959062
2013-10-07,4.599999904632568,4.599999904632568,4.550000190734863,4.590000152587891,2.8365015983581543,906000
2013-10-08,4.570000171661377,4.599999904632568,4.519999980926514,4.559999942779541,2.817962646484375,1912000
2013-10-09,4.599999904632568,4.860000133514404,4.599999904632568,4.739999771118164,2.9291975498199463,11647000
2013-10-10,4.789999961853027,5.28000020980835,4.789999961853027,5.269999980926514,3.2567245960235596,17058000
2013-10-11,5.360000133514404,5.360000133514404,5.119999885559082,5.150000095367432,3.1825673580169678,8114000
2013-10-15,5.159999847412109,5.590000152587891,5.150000095367432,5.5,3.3988585472106934,9976000
2013-10-16,5.480000019073486,5.659999847412109,5.329999923706055,5.429999828338623,3.355600357055664,6012000
2013-10-17,5.440000057220459,5.550000190734863,5.340000152587891,5.519999980926514,3.4112181663513184,3884000
2013-10-18,5.519999980926514,5.579999923706055,5.460000038146973,5.559999942779541,3.4359371662139893,3153000
2013-10-21,5.599999904632568,5.599999904632568,5.440000057220459,5.539999961853027,3.423577308654785,3899600
2013-10-22,5.539999961853027,5.539999961853027,5.449999809265137,5.480000019073486,3.3864986896514893,1774000
2013-10-23,5.460000038146973,5.480000019073486,5.300000190734863,5.389999866485596,3.3308804035186768,3425000
2013-10-24,5.349999904632568,5.389999866485596,5.289999961853027,5.380000114440918,3.3247015476226807,1436000
2013-10-25,5.380000114440918,5.400000095367432,5.300000190734863,5.360000133514404,3.3123421669006348,764000
2013-10-28,5.360000133514404,5.480000019073486,5.349999904632568,5.389999866485596,3.3308804035186768,1457000
2013-10-29,5.440000057220459,5.489999771118164,5.21999979019165,5.260000228881836,3.250544309616089,2178000
2013-10-30,5.289999961853027,5.440000057220459,5.269999980926514,5.409999847412109,3.3432412147521973,3202000
2013-10-31,5.409999847412109,5.46999979019165,5.329999923706055,5.329999923706055,3.2938027381896973,2476000
2013-11-01,5.329999923706055,5.480000019073486,5.329999923706055,5.46999979019165,3.380319833755493,3414000
2013-11-04,5.5,5.53000020980835,5.380000114440918,5.400000095367432,3.3370609283447266,1678000
2013-11-05,5.400000095367432,5.429999828338623,5.360000133514404,5.380000114440918,3.3247015476226807,972000
2013-11-06,5.349999904632568,5.400000095367432,5.329999923706055,5.369999885559082,3.318521499633789,884000
2013-11-07,5.380000114440918,5.460000038146973,5.300000190734863,5.360000133514404,3.3123421669006348,1884000
2013-11-08,5.300000190734863,5.340000152587891,5.090000152587891,5.199999809265137,3.2134664058685303,4838000
2013-11-11,5.21999979019165,5.289999961853027,5.099999904632568,5.289999961853027,3.2690834999084473,1354000
2013-11-12,5.289999961853027,5.320000171661377,5.179999828338623,5.28000020980835,3.262904167175293,1838000
2013-11-13,5.210000038146973,5.25,5.159999847412109,5.199999809265137,3.2134664058685303,1088000
2013-11-14,5.199999809265137,5.269999980926514,5.179999828338623,5.25,3.2443649768829346,4342000
2013-11-15,5.289999961853027,5.340000152587891,5.170000076293945,5.329999923706055,3.2938027381896973,2528000
2013-11-18,5.340000152587891,5.369999885559082,5.210000038146973,5.269999980926514,3.2567245960235596,3245000
2013-11-19,5.269999980926514,5.329999923706055,5.25,5.329999923706055,3.2938027381896973,1970000
2013-11-20,5.309999942779541,5.590000152587891,5.260000228881836,5.570000171661377,3.4421162605285645,6366000
2013-11-21,5.570000171661377,5.599999904632568,5.400000095367432,5.590000152587891,3.4544763565063477,3322000
2013-11-22,5.5,5.75,5.5,5.599999904632568,3.460655689239502,3758000
2013-11-25,5.599999904632568,5.690000057220459,5.599999904632568,5.630000114440918,3.4791955947875977,1040000
2013-11-26,5.630000114440918,5.690000057220459,5.349999904632568,5.480000019073486,3.3864986896514893,2218192
2013-11-27,5.650000095367432,5.650000095367432,5.53000020980835,5.599999904632568,3.460655689239502,1924000
2013-11-28,5.639999866485596,5.699999809265137,5.230000019073486,5.300000190734863,3.275263547897339,11078000
2013-11-29,5.309999942779541,5.429999828338623,5.309999942779541,5.409999847412109,3.3432412147521973,7060000
2013-12-02,5.409999847412109,5.409999847412109,5.289999961853027,5.389999866485596,3.3308804035186768,3446000
2013-12-03,5.369999885559082,5.369999885559082,5.309999942779541,5.320000171661377,3.287623405456543,2228000
2013-12-04,5.300000190734863,5.369999885559082,5.289999961853027,5.300000190734863,3.275263547897339,2684921
2013-12-05,5.349999904632568,5.420000076293945,5.269999980926514,5.400000095367432,3.3370609283447266,3384172
2013-12-06,5.400000095367432,5.449999809265137,5.329999923706055,5.400000095367432,3.3370609283447266,2060000
2013-12-09,5.389999866485596,5.389999866485596,5.28000020980835,5.369999885559082,3.318521499633789,2897996
2013-12-10,5.329999923706055,5.349999904632568,5.28000020980835,5.340000152587891,3.2999825477600098,1817746
2013-12-11,5.300000190734863,5.360000133514404,5.260000228881836,5.269999980926514,3.2567245960235596,2730686
2013-12-12,5.269999980926514,5.380000114440918,5.239999771118164,5.329999923706055,3.3063504695892334,3678000
2013-12-13,5.349999904632568,5.380000114440918,5.309999942779541,5.340000152587891,3.312553882598877,3320987
2013-12-16,5.340000152587891,5.360000133514404,5.28000020980835,5.309999942779541,3.2939443588256836,1364327
2013-12-17,5.300000190734863,5.389999866485596,5.269999980926514,5.269999980926514,3.2691311836242676,1216000
2013-12-18,5.300000190734863,5.320000171661377,5.239999771118164,5.239999771118164,3.2505199909210205,712779
2013-12-19,5.25,5.389999866485596,5.199999809265137,5.199999809265137,3.225708246231079,2759421
2013-12-20,5.199999809265137,5.199999809265137,5.050000190734863,5.090000152587891,3.1574718952178955,1795309
2013-12-23,5.090000152587891,5.170000076293945,5.059999942779541,5.159999847412109,3.200894594192505,1042501
2013-12-24,5.199999809265137,5.260000228881836,5.110000133514404,5.150000095367432,3.1946914196014404,762000
2013-12-27,5.150000095367432,5.400000095367432,5.130000114440918,5.360000133514404,3.324960708618164,2199635
2013-12-30,5.360000133514404,5.440000057220459,5.300000190734863,5.409999847412109,3.3559772968292236,4916970
2013-12-31,5.449999809265137,5.519999980926514,5.400000095367432,5.440000057220459,3.374586820602417,4538000
2014-01-02,5.519999980926514,5.46999979019165,5.349999904632568,5.460000038146973,3.386993646621704,1661314
2014-01-03,5.460000038146973,5.460000038146973,5.28000020980835,5.369999885559082,3.3311634063720703,2008000
2014-01-06,5.349999904632568,5.429999828338623,5.329999923706055,5.369999885559082,3.3311634063720703,1356000
2014-01-07,5.440000057220459,5.440000057220459,5.28000020980835,5.349999904632568,3.3187570571899414,1602327
2014-01-08,5.269999980926514,5.380000114440918,5.269999980926514,5.349999904632568,3.3187570571899414,2110000
2014-01-09,5.300000190734863,5.5,5.289999961853027,5.320000171661377,3.300147771835327,2441385
2014-01-10,5.320000171661377,5.320000171661377,5.159999847412109,5.269999980926514,3.2691311836242676,2090000
2014-01-13,5.289999961853027,5.400000095367432,5.260000228881836,5.389999866485596,3.34356951713562,2061654
2014-01-14,5.389999866485596,5.449999809265137,5.309999942779541,5.409999847412109,3.3559772968292236,3716177
2014-01-15,5.409999847412109,5.449999809265137,5.369999885559082,5.420000076293945,3.36217999458313,2452000
2014-01-16,5.050000190734863,5.269999980926514,4.980000019073486,5.099999904632568,3.163675308227539,148896654
2014-01-17,5.110000133514404,5.170000076293945,4.989999771118164,5.059999942779541,3.1388614177703857,17850960
2014-01-20,5.090000152587891,5.139999866485596,5.0,5.03000020980835,3.1202521324157715,6322500
2014-01-21,5.03000020980835,5.03000020980835,4.880000114440918,4.960000038146973,3.076829433441162,6241500
2014-01-22,4.920000076293945,5.019999980926514,4.900000095367432,5.0,3.101642370223999,2574000
2014-01-23,5.0,5.019999980926514,4.829999923706055,4.880000114440918,3.02720308303833,6850000
2014-01-24,4.829999923706055,4.900000095367432,4.760000228881836,4.829999923706055,2.9961864948272705,5828000
2014-01-27,4.800000190734863,4.820000171661377,4.53000020980835,4.78000020980835,2.965170383453369,5776328
2014-01-28,4.800000190734863,4.880000114440918,4.730000019073486,4.820000171661377,2.989983081817627,3328000
2014-01-29,4.820000171661377,4.900000095367432,4.670000076293945,4.760000228881836,2.952763795852661,3802000
2014-01-30,4.75,4.75,4.690000057220459,4.710000038146973,2.9217474460601807,1148000
2014-02-04,4.710000038146973,4.760000228881836,4.539999961853027,4.590000152587891,2.8473072052001953,3796000
2014-02-05,4.670000076293945,4.71999979019165,4.369999885559082,4.489999771118164,2.7852749824523926,8660000
2014-02-06,4.5,4.630000114440918,4.5,4.550000190734863,2.8224947452545166,6949073
2014-02-07,4.579999923706055,4.789999961853027,4.579999923706055,4.630000114440918,2.8721208572387695,8368000
2014-02-10,4.690000057220459,4.849999904632568,4.659999847412109,4.789999961853027,2.9713733196258545,5513723
2014-02-11,4.760000228881836,4.869999885559082,4.760000228881836,4.769999980926514,2.9589664936065674,4272422
2014-02-12,4.78000020980835,4.889999866485596,4.760000228881836,4.889999866485596,3.0334060192108154,2864000
2014-02-13,4.900000095367432,4.920000076293945,4.75,4.789999961853027,2.9713733196258545,3062000
2014-02-14,4.820000171661377,4.909999847412109,4.75,4.789999961853027,2.9713733196258545,2760000
2014-02-17,4.78000020980835,4.920000076293945,4.769999980926514,4.889999866485596,3.0334060192108154,3986845
2014-02-18,4.949999809265137,4.949999809265137,4.849999904632568,4.880000114440918,3.02720308303833,1763000
2014-02-19,4.900000095367432,4.96999979019165,4.860000133514404,4.920000076293945,3.052015781402588,4042000
2014-02-20,4.920000076293945,4.949999809265137,4.829999923706055,4.849999904632568,3.0085928440093994,2756000
2014-02-21,4.869999885559082,4.869999885559082,4.710000038146973,4.769999980926514,2.9589664936065674,4166000
2014-02-24,4.710000038146973,4.809999942779541,4.710000038146973,4.789999961853027,2.9713733196258545,2669000
2014-02-25,4.800000190734863,4.800000190734863,4.730000019073486,4.75,2.9465601444244385,2188000
2014-02-26,4.760000228881836,4.800000190734863,4.690000057220459,4.789999961853027,2.9713733196258545,2094000
2014-02-27,4.78000020980835,4.800000190734863,4.739999771118164,4.800000190734863,2.977576494216919,2374000
2014-02-28,4.789999961853027,4.900000095367432,4.739999771118164,4.869999885559082,3.0209996700286865,7814000
2014-03-03,4.860000133514404,4.929999828338623,4.769999980926514,4.840000152587891,3.002389669418335,3541000
2014-03-04,4.869999885559082,4.900000095367432,4.809999942779541,4.860000133514404,3.014796495437622,4854000
2014-03-05,4.889999866485596,4.900000095367432,4.699999809265137,4.730000019073486,2.9341537952423096,3438000
2014-03-06,4.760000228881836,4.769999980926514,4.599999904632568,4.599999904632568,2.853511095046997,8884654
2014-03-07,4.639999866485596,4.769999980926514,4.559999942779541,4.579999923706055,2.841104030609131,6278000
2014-03-10,4.579999923706055,4.739999771118164,4.579999923706055,4.679999828338623,2.903136968612671,4246000
2014-03-11,4.679999828338623,4.75,4.639999866485596,4.679999828338623,2.903136968612671,4122000
2014-03-12,4.690000057220459,4.710000038146973,4.579999923706055,4.579999923706055,2.841104030609131,1500000
2014-03-13,4.579999923706055,4.71999979019165,4.579999923706055,4.670000076293945,2.8969340324401855,3456327
2014-03-14,4.619999885559082,4.670000076293945,4.460000038146973,4.559999942779541,2.828697681427002,4060575
2014-03-17,4.559999942779541,4.760000228881836,4.559999942779541,4.710000038146973,2.9217474460601807,5388000
2014-03-18,4.679999828338623,4.909999847412109,4.679999828338623,4.880000114440918,3.02720308303833,7316328
2014-03-19,4.849999904632568,4.929999828338623,4.78000020980835,4.829999923706055,2.9961864948272705,1966328
2014-03-20,4.769999980926514,4.800000190734863,4.710000038146973,4.730000019073486,2.9341537952423096,796000
2014-03-21,4.730000019073486,4.78000020980835,4.659999847412109,4.690000057220459,2.9093403816223145,2804000
2014-03-24,4.690000057220459,4.739999771118164,4.599999904632568,4.619999885559082,2.865917205810547,2198000
2014-03-25,4.639999866485596,4.690000057220459,4.539999961853027,4.559999942779541,2.828697681427002,1266000
2014-03-26,4.570000171661377,4.639999866485596,4.519999980926514,4.519999980926514,2.803884744644165,2081305
2014-03-27,4.519999980926514,4.679999828338623,4.340000152587891,4.559999942779541,2.828697681427002,4846000
2014-03-28,4.590000152587891,4.590000152587891,4.360000133514404,4.480000019073486,2.779071092605591,4792000
2014-03-31,4.5,4.519999980926514,4.420000076293945,4.5,2.791478157043457,1404000
2014-04-01,4.46999979019165,4.510000228881836,4.329999923706055,4.340000152587891,2.692225694656372,5788713
2014-04-02,4.380000114440918,4.400000095367432,4.269999980926514,4.289999961853027,2.6612091064453125,3288000
2014-04-03,4.300000190734863,4.340000152587891,4.25,4.309999942779541,2.6736156940460205,2757510
2014-04-04,4.28000020980835,4.300000190734863,4.179999828338623,4.199999809265137,2.605379819869995,3730000
2014-04-07,4.179999828338623,4.289999961853027,4.119999885559082,4.230000019073486,2.6239893436431885,1144000
2014-04-08,4.199999809265137,4.210000038146973,4.079999923706055,4.099999904632568,2.5433461666107178,3654000
2014-04-09,4.099999904632568,4.139999866485596,4.0,4.0,2.481313943862915,6120000
2014-04-10,4.099999904632568,4.289999961853027,4.0,4.21999979019165,2.617786169052124,8094000
2014-04-11,4.190000057220459,4.21999979019165,4.019999980926514,4.019999980926514,2.493720293045044,4726000
2014-04-14,4.050000190734863,4.139999866485596,4.050000190734863,4.059999942779541,2.518533706665039,1112328
2014-04-15,4.099999904632568,4.130000114440918,4.010000228881836,4.039999961853027,2.506126880645752,1898000
2014-04-16,4.010000228881836,4.050000190734863,3.880000114440918,3.9000000953674316,2.419281482696533,5314000
2014-04-17,3.950000047683716,4.050000190734863,3.9000000953674316,3.9600000381469727,2.456501007080078,3977000
2014-04-22,3.950000047683716,4.239999771118164,3.940000057220459,4.230000019073486,2.6239893436431885,4558000
2014-04-23,4.199999809265137,4.230000019073486,4.099999904632568,4.199999809265137,2.605379819869995,5350000
2014-04-24,4.199999809265137,4.199999809265137,4.0,4.010000228881836,2.4875171184539795,4892000
2014-04-25,4.03000020980835,4.039999961853027,3.869999885559082,3.950000047683716,2.4502975940704346,7204000
2014-04-28,3.9000000953674316,3.950000047683716,3.869999885559082,3.890000104904175,2.4130783081054688,1492000
2014-04-29,3.9000000953674316,3.9800000190734863,3.8399999141693115,3.9600000381469727,2.456501007080078,2842000
2014-04-30,3.9600000381469727,4.0,3.9200000762939453,3.940000057220459,2.44409441947937,1832000
2014-05-02,3.9700000286102295,3.9800000190734863,3.890000104904175,3.930000066757202,2.4378912448883057,1456000
2014-05-05,3.930000066757202,3.930000066757202,3.859999895095825,3.9100000858306885,2.4254844188690186,2134000
2014-05-07,3.9100000858306885,3.9100000858306885,3.619999885559082,3.740000009536743,2.320028305053711,7740000
2014-05-08,3.7100000381469727,3.799999952316284,3.6500000953674316,3.6700000762939453,2.2766058444976807,3864000
2014-05-09,3.7100000381469727,3.880000114440918,3.619999885559082,3.799999952316284,2.357247829437256,1832000
2014-05-12,3.7699999809265137,3.7799999713897705,3.680000066757202,3.7300000190734863,2.3138253688812256,1754000
2014-05-13,3.740000009536743,3.880000114440918,3.6700000762939453,3.809999942779541,2.3634512424468994,2286549
2014-05-14,3.799999952316284,3.880000114440918,3.7899999618530273,3.8399999141693115,2.38206148147583,1395520
2014-05-15,3.880000114440918,3.880000114440918,3.75,3.7799999713897705,2.344841718673706,1684000
2014-05-16,3.799999952316284,3.799999952316284,3.7300000190734863,3.75,2.3262321949005127,1090000
2014-05-19,3.7799999713897705,3.809999942779541,3.7100000381469727,3.7200000286102295,2.307622194290161,854981
2014-05-20,3.7200000286102295,3.8499999046325684,3.7200000286102295,3.740000009536743,2.320028305053711,1232000
2014-05-21,3.7200000286102295,3.799999952316284,3.700000047683716,3.7799999713897705,2.344841718673706,708000
2014-05-22,3.7799999713897705,3.9800000190734863,3.7799999713897705,3.9600000381469727,2.456501007080078,3808000
2014-05-23,3.930000066757202,3.9600000381469727,3.869999885559082,3.9100000858306885,2.4254844188690186,1386000
2014-05-26,3.890000104904175,3.950000047683716,3.869999885559082,3.9000000953674316,2.419281482696533,1024000
2014-05-27,3.869999885559082,3.9100000858306885,3.799999952316284,3.859999895095825,2.394468069076538,2512000
2014-05-28,3.8399999141693115,3.9100000858306885,3.819999933242798,3.890000104904175,2.4130783081054688,634000
2014-05-29,3.950000047683716,3.950000047683716,3.8299999237060547,3.9000000953674316,2.419281482696533,728000
2014-05-30,3.9000000953674316,3.950000047683716,3.880000114440918,3.940000057220459,2.44409441947937,1256000
2014-06-03,3.950000047683716,3.9700000286102295,3.9000000953674316,3.930000066757202,2.4378912448883057,1192000
2014-06-04,3.930000066757202,3.950000047683716,3.8399999141693115,3.859999895095825,2.394468069076538,766283
2014-06-05,3.890000104904175,3.9000000953674316,3.8299999237060547,3.859999895095825,2.394468069076538,454000
2014-06-06,3.9000000953674316,3.9100000858306885,3.819999933242798,3.8399999141693115,2.38206148147583,604000
2014-06-09,3.859999895095825,3.9100000858306885,3.809999942779541,3.9000000953674316,2.419281482696533,857587
2014-06-10,3.859999895095825,3.9000000953674316,3.859999895095825,3.890000104904175,2.4130783081054688,316000
2014-06-11,3.859999895095825,4.0,3.859999895095825,3.9700000286102295,2.4627044200897217,1562327
2014-06-12,4.0,4.03000020980835,3.9600000381469727,3.990000009536743,2.4751105308532715,1332519
2014-06-13,4.0,4.03000020980835,3.9600000381469727,3.990000009536743,2.4751105308532715,1360000
2014-06-16,3.9800000190734863,4.0,3.9600000381469727,3.9700000286102295,2.4627044200897217,890327
2014-06-17,4.0,4.0,3.890000104904175,3.950000047683716,2.4502975940704346,622000
2014-06-18,3.9100000858306885,4.0,3.9100000858306885,3.9800000190734863,2.468907117843628,1034000
2014-06-19,3.990000009536743,4.0,3.9600000381469727,3.9700000286102295,2.4627044200897217,608000
2014-06-20,4.0,4.0,3.9800000190734863,3.990000009536743,2.4751105308532715,504000
2014-06-23,3.9800000190734863,4.010000228881836,3.9600000381469727,3.9700000286102295,2.4627044200897217,852000
2014-06-24,3.9800000190734863,4.03000020980835,3.9700000286102295,3.9800000190734863,2.468907117843628,1454000
2014-06-25,3.9800000190734863,4.019999980926514,3.9600000381469727,3.9600000381469727,2.456501007080078,1138000
2014-06-26,3.9800000190734863,4.0,3.9600000381469727,3.9700000286102295,2.4627044200897217,1954000
2014-06-27,3.9800000190734863,3.990000009536743,3.7699999809265137,3.809999942779541,2.3634512424468994,5109713
2014-06-30,3.799999952316284,3.819999933242798,3.740000009536743,3.759999990463257,2.332435131072998,1831294
2014-07-02,3.7699999809265137,3.869999885559082,3.7699999809265137,3.859999895095825,2.394468069076538,1206212
2014-07-03,3.859999895095825,3.8399999141693115,3.740000009536743,3.759999990463257,2.332435131072998,3084000
2014-07-04,3.799999952316284,3.799999952316284,3.75,3.7899999618530273,2.3510448932647705,1240304
2014-07-07,3.799999952316284,3.880000114440918,3.7699999809265137,3.7899999618530273,2.3510448932647705,1888000
2014-07-08,3.869999885559082,3.869999885559082,3.680000066757202,3.7100000381469727,2.3014187812805176,3742000
2014-07-09,3.5,3.5,3.319999933242798,3.3499999046325684,2.0781002044677734,81687000
2014-07-10,3.3499999046325684,3.430000066757202,3.3299999237060547,3.4000000953674316,2.109117269515991,8700000
2014-07-11,3.4100000858306885,3.450000047683716,3.369999885559082,3.430000066757202,2.1277270317077637,3864669
2014-07-14,3.440000057220459,3.450000047683716,3.359999895095825,3.390000104904175,2.1029136180877686,3032706
2014-07-15,3.390000104904175,3.4100000858306885,3.299999952316284,3.3399999141693115,2.071897029876709,3810000
2014-07-16,3.359999895095825,3.390000104904175,3.319999933242798,3.3399999141693115,2.071897029876709,4978000
2014-07-17,3.380000114440918,3.380000114440918,3.2799999713897705,3.3399999141693115,2.071897029876709,3872000
2014-07-18,3.3399999141693115,3.3399999141693115,3.2300000190734863,3.2699999809265137,2.0284738540649414,4378000
2014-07-21,3.2899999618530273,3.299999952316284,3.2699999809265137,3.2899999618530273,2.0408804416656494,1144000
2014-07-22,3.2899999618530273,3.3399999141693115,3.2799999713897705,3.299999952316284,2.047083854675293,2552000
2014-07-23,3.3299999237060547,3.3299999237060547,3.2799999713897705,3.299999952316284,2.047083854675293,2308000
2014-07-24,3.3299999237060547,3.3299999237060547,3.2899999618530273,3.319999933242798,2.059490442276001,1278000
2014-07-25,3.3299999237060547,3.3499999046325684,3.2799999713897705,3.2799999713897705,2.034677267074585,3134000
2014-07-28,3.309999942779541,3.319999933242798,3.2799999713897705,3.309999942779541,2.0532875061035156,1772000
2014-07-29,3.299999952316284,3.319999933242798,3.2799999713897705,3.309999942779541,2.0532875061035156,1448654
2014-07-30,3.309999942779541,3.309999942779541,3.2799999713897705,3.2899999618530273,2.0408804416656494,1788000
2014-07-31,3.299999952316284,3.299999952316284,3.259999990463257,3.2899999618530273,2.0408804416656494,1034000
2014-08-01,3.2899999618530273,3.2899999618530273,3.240000009536743,3.25,2.0160670280456543,1226000
2014-08-04,3.25,3.2699999809265137,3.130000114440918,3.1600000858306885,1.960237741470337,3378000
2014-08-05,3.130000114440918,3.25,3.130000114440918,3.25,2.0160670280456543,3320000
2014-08-06,3.2200000286102295,3.25,3.1700000762939453,3.190000057220459,1.9788482189178467,3438000
2014-08-07,3.200000047683716,3.2300000190734863,3.1600000858306885,3.2100000381469727,1.9912543296813965,2820000
2014-08-08,3.200000047683716,3.200000047683716,3.1500000953674316,3.1700000762939453,1.9664409160614014,2032545
2014-08-11,3.2100000381469727,3.2100000381469727,3.1500000953674316,3.1600000858306885,1.960237741470337,1866000
2014-08-12,3.1500000953674316,3.25,3.130000114440918,3.1500000953674316,1.9540348052978516,2476000
2014-08-13,3.1600000858306885,3.180000066757202,3.119999885559082,3.1500000953674316,1.9540348052978516,2375000
2014-08-14,3.1600000858306885,3.2100000381469727,3.130000114440918,3.200000047683716,1.985051155090332,5315939
2014-08-15,3.190000057220459,3.2899999618530273,3.190000057220459,3.2699999809265137,2.0284738540649414,4913068
2014-08-18,3.2899999618530273,3.319999933242798,3.2200000286102295,3.2300000190734863,2.0036611557006836,3714000
2014-08-19,3.240000009536743,3.3299999237060547,3.2300000190734863,3.309999942779541,2.0532875061035156,3134000
2014-08-20,3.2899999618530273,3.299999952316284,3.240000009536743,3.240000009536743,2.0406904220581055,1200000
2014-08-21,3.2200000286102295,3.240000009536743,3.190000057220459,3.2100000381469727,2.0217952728271484,1248000
2014-08-22,3.240000009536743,3.25,3.200000047683716,3.2300000190734863,2.0343921184539795,1300000
2014-08-25,3.2100000381469727,3.2300000190734863,3.190000057220459,3.2100000381469727,2.0217952728271484,970000
2014-08-26,3.2300000190734863,3.2300000190734863,3.190000057220459,3.200000047683716,2.0154964923858643,646000
2014-08-27,3.200000047683716,3.2200000286102295,3.180000066757202,3.180000066757202,2.0028998851776123,666000
2014-08-28,3.200000047683716,3.200000047683716,3.0999999046325684,3.0999999046325684,1.9525123834609985,1650000
2014-08-29,3.109999895095825,3.1600000858306885,3.0899999141693115,3.119999885559082,1.9651089906692505,1128000
2014-09-01,3.0999999046325684,3.140000104904175,3.049999952316284,3.109999895095825,1.9588103294372559,1484000
2014-09-02,3.0899999141693115,3.109999895095825,3.059999942779541,3.0799999237060547,1.939915418624878,864000
2014-09-03,3.069999933242798,3.119999885559082,3.069999933242798,3.0899999141693115,1.9462143182754517,2002000
2014-09-04,3.109999895095825,3.109999895095825,3.049999952316284,3.0799999237060547,1.939915418624878,1644000
2014-09-05,3.059999942779541,3.119999885559082,3.059999942779541,3.119999885559082,1.9651089906692505,1652000
2014-09-08,3.0999999046325684,3.119999885559082,3.059999942779541,3.0799999237060547,1.939915418624878,1492000
2014-09-10,3.059999942779541,3.0799999237060547,3.0199999809265137,3.069999933242798,1.9336167573928833,3118118
2014-09-11,3.059999942779541,3.069999933242798,3.0399999618530273,3.049999952316284,1.921020269393921,3644000
2014-09-12,3.0999999046325684,3.119999885559082,3.049999952316284,3.109999895095825,1.9588103294372559,1848000
2014-09-15,3.0799999237060547,3.109999895095825,3.069999933242798,3.0899999141693115,1.9462143182754517,934000
2014-09-16,3.0999999046325684,3.119999885559082,3.0399999618530273,3.109999895095825,1.9588103294372559,1186000
2014-09-17,3.119999885559082,3.119999885559082,3.059999942779541,3.0799999237060547,1.939915418624878,1392000
2014-09-18,3.0899999141693115,3.0999999046325684,3.049999952316284,3.0799999237060547,1.939915418624878,1258000
2014-09-19,3.109999895095825,3.1500000953674316,3.0799999237060547,3.140000104904175,1.9777061939239502,2490000
2014-09-22,3.140000104904175,3.1500000953674316,3.0299999713897705,3.119999885559082,1.9651089906692505,4683000
2014-09-23,3.1500000953674316,3.1500000953674316,3.069999933242798,3.0999999046325684,1.9525123834609985,1308000
2014-09-24,3.0799999237060547,3.119999885559082,3.0299999713897705,3.0799999237060547,1.939915418624878,1974000
2014-09-25,3.0799999237060547,3.0999999046325684,3.049999952316284,3.049999952316284,1.921020269393921,1294000
2014-09-26,3.049999952316284,3.0799999237060547,3.0299999713897705,3.0399999618530273,1.9147216081619263,1694000
2014-09-29,3.009999990463257,3.0399999618530273,2.859999895095825,2.9600000381469727,1.8643344640731812,4060000
2014-09-30,2.950000047683716,2.950000047683716,2.880000114440918,2.890000104904175,1.8202455043792725,1670000
2014-10-03,2.880000114440918,2.9800000190734863,2.799999952316284,2.930000066757202,1.8454389572143555,2194606
2014-10-06,2.950000047683716,3.0199999809265137,2.950000047683716,3.009999990463257,1.8958266973495483,2406000
2014-10-07,3.049999952316284,3.049999952316284,2.9800000190734863,3.0,1.8895282745361328,5969149
2014-10-08,2.9600000381469727,3.009999990463257,2.930000066757202,2.950000047683716,1.8580358028411865,1320000
2014-10-09,2.9800000190734863,3.059999942779541,2.9800000190734863,3.0,1.8895282745361328,1402000
2014-10-10,2.950000047683716,2.990000009536743,2.940000057220459,2.9600000381469727,1.8643344640731812,481800
2014-10-13,2.9600000381469727,3.0,2.940000057220459,2.9800000190734863,1.8769313097000122,774000
2014-10-14,2.9800000190734863,3.0,2.869999885559082,2.9000000953674316,1.8265438079833984,2340000
2014-10-15,2.9700000286102295,2.9700000286102295,2.8499999046325684,2.9000000953674316,1.8265438079833984,342000
2014-10-16,2.9000000953674316,2.940000057220459,2.859999895095825,2.930000066757202,1.8454389572143555,720000
2014-10-17,3.0,3.0,2.930000066757202,2.990000009536743,1.8832296133041382,1043000
2014-10-20,3.0,3.0,2.9000000953674316,2.940000057220459,1.851737141609192,728000
2014-10-21,2.930000066757202,3.0299999713897705,2.930000066757202,2.9800000190734863,1.8769313097000122,1266000
2014-10-22,3.0,3.0,2.9800000190734863,3.0,1.8895282745361328,750000
2014-10-23,2.9800000190734863,2.990000009536743,2.950000047683716,2.9600000381469727,1.8643344640731812,272000
2014-10-24,2.950000047683716,2.9800000190734863,2.9200000762939453,2.9200000762939453,1.8391408920288086,544327
2014-10-27,2.950000047683716,2.950000047683716,2.799999952316284,2.8499999046325684,1.7950516939163208,3365000
2014-10-28,2.799999952316284,2.8499999046325684,2.799999952316284,2.819999933242798,1.7761564254760742,8946000
2014-10-29,2.8399999141693115,2.890000104904175,2.809999942779541,2.8499999046325684,1.7950516939163208,2000980
2014-10-30,2.8299999237060547,2.8499999046325684,2.8299999237060547,2.8499999046325684,1.7950516939163208,746000
2014-10-31,2.8499999046325684,2.950000047683716,2.8499999046325684,2.930000066757202,1.8454389572143555,3168654
2014-11-03,2.950000047683716,3.0,2.9000000953674316,2.9700000286102295,1.870632529258728,2668000
2014-11-04,3.0,3.0199999809265137,2.9600000381469727,3.0,1.8895282745361328,3268000
2014-11-05,3.009999990463257,3.009999990463257,2.9200000762939453,2.9600000381469727,1.8643344640731812,2172000
2014-11-06,2.9800000190734863,3.0,2.9600000381469727,2.990000009536743,1.8832296133041382,6652000
2014-11-07,2.9700000286102295,2.990000009536743,2.940000057220459,2.9700000286102295,1.870632529258728,1472000
2014-11-10,3.009999990463257,3.009999990463257,2.950000047683716,2.9700000286102295,1.870632529258728,2212000
2014-11-11,3.0,3.0,2.9100000858306885,2.9200000762939453,1.8391408920288086,654000
2014-11-12,2.9200000762939453,2.940000057220459,2.890000104904175,2.890000104904175,1.8202455043792725,1640000
2014-11-13,2.880000114440918,2.9200000762939453,2.869999885559082,2.890000104904175,1.8202455043792725,1902000
2014-11-14,2.940000057220459,2.940000057220459,2.7899999618530273,2.869999885559082,1.8076484203338623,4624000
2014-11-17,2.9100000858306885,2.9100000858306885,2.7899999618530273,2.799999952316284,1.7635595798492432,6486000
2014-11-18,2.7899999618530273,2.8399999141693115,2.7799999713897705,2.799999952316284,1.7635595798492432,4563000
2014-11-19,2.8299999237060547,2.8299999237060547,2.7899999618530273,2.799999952316284,1.7635595798492432,726000
2014-11-20,2.799999952316284,2.809999942779541,2.7699999809265137,2.7799999713897705,1.7509626150131226,6778000
2014-11-21,2.809999942779541,2.809999942779541,2.7699999809265137,2.799999952316284,1.7635595798492432,5243400
2014-11-24,2.8399999141693115,2.8399999141693115,2.7699999809265137,2.7799999713897705,1.7509626150131226,1162506
2014-11-25,2.759999990463257,2.809999942779541,2.759999990463257,2.7899999618530273,1.7572611570358276,1544000
2014-11-26,2.799999952316284,2.819999933242798,2.7899999618530273,2.7899999618530273,1.7572611570358276,1342000
2014-11-27,2.799999952316284,2.8299999237060547,2.759999990463257,2.759999990463257,1.738365888595581,1933400
2014-11-28,2.759999990463257,2.990000009536743,2.759999990463257,2.880000114440918,1.813947081565857,8287582
2014-12-01,2.8499999046325684,2.9000000953674316,2.759999990463257,2.809999942779541,1.76985764503479,6206000
2014-12-02,2.799999952316284,2.859999895095825,2.799999952316284,2.8299999237060547,1.7824548482894897,2712000
2014-12-03,2.859999895095825,2.859999895095825,2.7899999618530273,2.799999952316284,1.7635595798492432,1071403
2014-12-04,2.799999952316284,2.799999952316284,2.75,2.75,1.732067346572876,1058000
2014-12-05,2.7899999618530273,2.7899999618530273,2.640000104904175,2.7300000190734863,1.7194706201553345,2954654
2014-12-08,2.7300000190734863,2.7300000190734863,2.640000104904175,2.690000057220459,1.6942769289016724,1405469
2014-12-09,2.6700000762939453,2.690000057220459,2.5399999618530273,2.5999999046325684,1.6375908851623535,2126206
2014-12-10,2.640000104904175,2.640000104904175,2.559999942779541,2.5899999141693115,1.631292700767517,778000
2014-12-11,2.5899999141693115,2.609999895095825,2.559999942779541,2.609999895095825,1.6566826105117798,762000
2014-12-12,2.5999999046325684,2.630000114440918,2.5899999141693115,2.5999999046325684,1.6503351926803589,6994000
2014-12-15,2.5999999046325684,2.609999895095825,2.5899999141693115,2.5999999046325684,1.6503351926803589,4071096
2014-12-16,2.5799999237060547,2.5999999046325684,2.559999942779541,2.5899999141693115,1.6439875364303589,716000
2014-12-17,2.569999933242798,2.569999933242798,2.5,2.5399999618530273,1.6122502088546753,1358000
2014-12-18,2.569999933242798,2.5999999046325684,2.559999942779541,2.5899999141693115,1.6439875364303589,744000
2014-12-19,2.5899999141693115,2.5899999141693115,2.5299999713897705,2.549999952316284,1.6185977458953857,645523
2014-12-22,2.5399999618530273,2.5799999237060547,2.5,2.549999952316284,1.6185977458953857,932000
2014-12-23,2.5899999141693115,2.5999999046325684,2.559999942779541,2.5999999046325684,1.6503351926803589,2290000
2014-12-24,2.5899999141693115,2.5999999046325684,2.569999933242798,2.5999999046325684,1.6503351926803589,390000
2014-12-29,2.5999999046325684,2.75,2.549999952316284,2.559999942779541,1.624945044517517,5954000
2014-12-30,2.5999999046325684,2.5999999046325684,2.5,2.5,1.5868607759475708,1821000
2014-12-31,2.549999952316284,2.759999990463257,2.509999990463257,2.75,1.7455466985702515,1788000
2015-01-02,2.75,2.75,2.5799999237060547,2.5999999046325684,1.6503351926803589,3092000
2015-01-05,2.640000104904175,2.640000104904175,2.569999933242798,2.5999999046325684,1.6503351926803589,802000
2015-01-06,2.569999933242798,2.609999895095825,2.559999942779541,2.569999933242798,1.631292700767517,646000
2015-01-07,2.5999999046325684,2.5999999046325684,2.5299999713897705,2.5399999618530273,1.6122502088546753,578874
2015-01-08,2.569999933242798,2.5799999237060547,2.5199999809265137,2.569999933242798,1.631292700767517,627382
2015-01-09,2.559999942779541,2.630000114440918,2.5399999618530273,2.619999885559082,1.6630299091339111,1829014
2015-01-12,2.5899999141693115,2.5899999141693115,2.549999952316284,2.549999952316284,1.6185977458953857,339986
2015-01-13,2.549999952316284,2.5899999141693115,2.5199999809265137,2.569999933242798,1.631292700767517,450307
2015-01-14,2.549999952316284,2.5799999237060547,2.5299999713897705,2.549999952316284,1.6185977458953857,1348000
2015-01-15,2.5299999713897705,2.5799999237060547,2.5,2.569999933242798,1.631292700767517,960257
2015-01-16,2.569999933242798,2.5799999237060547,2.5299999713897705,2.569999933242798,1.631292700767517,758000
2015-01-19,2.569999933242798,2.569999933242798,2.5,2.509999990463257,1.5932080745697021,532000
2015-01-20,2.490000009536743,2.5299999713897705,2.4700000286102295,2.5199999809265137,1.599555253982544,492000
2015-01-21,2.5,2.5199999809265137,2.4700000286102295,2.5,1.5868607759475708,888000
2015-01-22,2.5299999713897705,2.6600000858306885,2.5,2.609999895095825,1.6566826105117798,4188654
2015-01-23,2.609999895095825,2.690000057220459,2.5999999046325684,2.640000104904175,1.675724983215332,1264654
2015-01-26,2.6700000762939453,2.680000066757202,2.5999999046325684,2.630000114440918,1.669377326965332,670000
2015-01-27,2.5999999046325684,2.630000114440918,2.5899999141693115,2.630000114440918,1.669377326965332,360328
2015-01-28,2.609999895095825,2.630000114440918,2.549999952316284,2.569999933242798,1.631292700767517,970000
2015-01-29,2.569999933242798,2.5799999237060547,2.5199999809265137,2.5299999713897705,1.6059027910232544,1102000
2015-01-30,2.5199999809265137,2.559999942779541,2.5199999809265137,2.5299999713897705,1.6059027910232544,2366553
2015-02-02,2.5299999713897705,2.549999952316284,2.5,2.509999990463257,1.5932080745697021,1134000
2015-02-03,2.5,2.5299999713897705,2.490000009536743,2.5,1.5868607759475708,2212000
2015-02-04,2.549999952316284,2.549999952316284,2.4700000286102295,2.5,1.5868607759475708,1230000
2015-02-05,2.5199999809265137,2.5199999809265137,2.4700000286102295,2.5,1.5868607759475708,843351
2015-02-06,2.5,2.509999990463257,2.4700000286102295,2.4800000190734863,1.5741654634475708,580000
2015-02-09,2.4700000286102295,2.490000009536743,2.440000057220459,2.4800000190734863,1.5741654634475708,734000
2015-02-10,2.4800000190734863,2.490000009536743,2.440000057220459,2.4600000381469727,1.5614709854125977,715731
2015-02-11,2.4600000381469727,2.490000009536743,2.4600000381469727,2.4700000286102295,1.56781804561615,484000
2015-02-12,2.450000047683716,2.4700000286102295,2.440000057220459,2.4600000381469727,1.5614709854125977,464038
2015-02-13,2.450000047683716,2.4800000190734863,2.450000047683716,2.4600000381469727,1.5614709854125977,506654
2015-02-16,2.4600000381469727,2.4700000286102295,2.450000047683716,2.4700000286102295,1.56781804561615,632000
2015-02-17,2.4800000190734863,2.549999952316284,2.4800000190734863,2.5,1.5868607759475708,1802327
2015-02-18,2.5299999713897705,2.5399999618530273,2.5,2.5299999713897705,1.6059027910232544,412327
2015-02-23,2.5399999618530273,2.549999952316284,2.490000009536743,2.509999990463257,1.5932080745697021,794000
2015-02-24,2.5,2.5299999713897705,2.450000047683716,2.4800000190734863,1.5741654634475708,1644000
2015-02-25,2.4800000190734863,2.5,2.4700000286102295,2.4700000286102295,1.56781804561615,508000
2015-02-26,2.490000009536743,2.5,2.430000066757202,2.440000057220459,1.5487761497497559,922000
2015-02-27,2.4700000286102295,2.490000009536743,2.450000047683716,2.4700000286102295,1.56781804561615,1281000
2015-03-02,2.5,2.5399999618530273,2.430000066757202,2.4600000381469727,1.5614709854125977,1308000
2015-03-03,2.5,2.5,2.430000066757202,2.430000066757202,1.5424283742904663,1028000
2015-03-04,2.4200000762939453,2.4700000286102295,2.390000104904175,2.390000104904175,1.5170390605926514,1704327
2015-03-05,2.4000000953674316,2.430000066757202,2.380000114440918,2.4200000762939453,1.5360809564590454,1286000
2015-03-06,2.4000000953674316,2.4000000953674316,2.359999895095825,2.380000114440918,1.5106912851333618,862000
2015-03-09,2.369999885559082,2.380000114440918,2.319999933242798,2.3499999046325684,1.49164879322052,826000
2015-03-10,2.3399999141693115,2.390000104904175,2.3299999237060547,2.380000114440918,1.5106912851333618,1204000
2015-03-11,2.359999895095825,2.359999895095825,2.3299999237060547,2.3399999141693115,1.4853014945983887,830000
2015-03-12,2.3399999141693115,2.380000114440918,2.3299999237060547,2.380000114440918,1.5106912851333618,304000
2015-03-13,2.380000114440918,2.380000114440918,2.3399999141693115,2.3399999141693115,1.4853014945983887,1532000
2015-03-16,2.3499999046325684,2.3499999046325684,2.319999933242798,2.3299999237060547,1.4789540767669678,2559970
2015-03-17,2.3499999046325684,2.3499999046325684,2.3299999237060547,2.3399999141693115,1.4853014945983887,642000
2015-03-18,2.3399999141693115,2.359999895095825,2.3299999237060547,2.3499999046325684,1.49164879322052,338000
2015-03-19,2.3499999046325684,2.369999885559082,2.3299999237060547,2.3399999141693115,1.4853014945983887,446000
2015-03-20,2.3499999046325684,2.369999885559082,2.3399999141693115,2.3399999141693115,1.4853014945983887,624000
2015-03-23,2.369999885559082,2.380000114440918,2.3499999046325684,2.369999885559082,1.5043436288833618,2408000
2015-03-24,2.390000104904175,2.390000104904175,2.3499999046325684,2.3499999046325684,1.49164879322052,1018000
2015-03-25,2.359999895095825,2.359999895095825,2.319999933242798,2.3399999141693115,1.4853014945983887,3624000
2015-03-26,2.380000114440918,2.390000104904175,2.319999933242798,2.390000104904175,1.5170390605926514,1638000
2015-03-27,2.380000114440918,2.390000104904175,2.309999942779541,2.359999895095825,1.497996211051941,1490000
2015-03-30,2.359999895095825,2.4700000286102295,2.3399999141693115,2.380000114440918,1.5106912851333618,11792000
2015-03-31,2.4000000953674316,2.5399999618530273,2.4000000953674316,2.509999990463257,1.5932080745697021,6176000
2015-04-01,2.490000009536743,2.509999990463257,2.4000000953674316,2.4700000286102295,1.56781804561615,2252000
2015-04-02,2.490000009536743,2.619999885559082,2.490000009536743,2.609999895095825,1.6566826105117798,4530000
2015-04-08,2.700000047683716,2.7899999618530273,2.700000047683716,2.7799999713897705,1.7645889520645142,5777688
2015-04-09,2.799999952316284,2.9200000762939453,2.7200000286102295,2.819999933242798,1.7899783849716187,7624440
2015-04-10,2.9000000953674316,2.9000000953674316,2.6500000953674316,2.7799999713897705,1.7645889520645142,5001327
2015-04-13,2.7799999713897705,2.8499999046325684,2.7300000190734863,2.8499999046325684,1.80902099609375,3721294
2015-04-14,2.8399999141693115,2.859999895095825,2.75,2.7899999618530273,1.7709362506866455,2675296
2015-04-15,2.799999952316284,2.799999952316284,2.6500000953674316,2.700000047683716,1.713809609413147,2560000
2015-04-16,2.700000047683716,2.7699999809265137,2.630000114440918,2.740000009536743,1.7391990423202515,3094000
2015-04-17,2.740000009536743,2.75,2.690000057220459,2.75,1.7455466985702515,2014000
2015-04-20,2.7200000286102295,2.740000009536743,2.5999999046325684,2.619999885559082,1.6630299091339111,3564442
2015-04-21,2.619999885559082,2.6600000858306885,2.549999952316284,2.5899999141693115,1.6439875364303589,2690000
2015-04-22,2.5999999046325684,2.630000114440918,2.559999942779541,2.5899999141693115,1.6439875364303589,2144000
2015-04-23,2.6500000953674316,2.6500000953674316,2.5799999237060547,2.5999999046325684,1.6503351926803589,1146000
2015-04-24,2.630000114440918,2.630000114440918,2.5799999237060547,2.5999999046325684,1.6503351926803589,1000000
2015-04-27,2.5999999046325684,2.630000114440918,2.5999999046325684,2.609999895095825,1.6566826105117798,2258000
2015-04-28,2.609999895095825,2.619999885559082,2.559999942779541,2.569999933242798,1.631292700767517,2016655
2015-04-29,2.569999933242798,2.6500000953674316,2.559999942779541,2.5999999046325684,1.6503351926803589,3342000
2015-04-30,2.5799999237060547,2.619999885559082,2.5799999237060547,2.619999885559082,1.6630299091339111,1668000
2015-05-04,2.609999895095825,2.759999990463257,2.609999895095825,2.700000047683716,1.713809609413147,4386000
2015-05-05,2.7300000190734863,2.7300000190734863,2.630000114440918,2.6500000953674316,1.6820725202560425,934000
2015-05-06,2.619999885559082,2.6600000858306885,2.5999999046325684,2.609999895095825,1.6566826105117798,1724000
2015-05-07,2.609999895095825,2.619999885559082,2.549999952316284,2.5799999237060547,1.6376402378082275,2448000
2015-05-08,2.569999933242798,2.6500000953674316,2.559999942779541,2.640000104904175,1.675724983215332,872000
2015-05-11,2.640000104904175,2.680000066757202,2.5999999046325684,2.6500000953674316,1.6820725202560425,1266328
2015-05-12,2.640000104904175,2.6600000858306885,2.5799999237060547,2.5899999141693115,1.6439875364303589,1568327
2015-05-13,2.630000114440918,2.630000114440918,2.5799999237060547,2.5999999046325684,1.6503351926803589,576000
2015-05-14,2.5999999046325684,2.5999999046325684,2.549999952316284,2.5999999046325684,1.6503351926803589,600327
2015-05-15,2.5999999046325684,2.619999885559082,2.549999952316284,2.5999999046325684,1.6503351926803589,985570
2015-05-18,2.5999999046325684,2.609999895095825,2.5799999237060547,2.5899999141693115,1.6439875364303589,466000
2015-05-19,2.5999999046325684,2.619999885559082,2.5799999237060547,2.619999885559082,1.6630299091339111,1178000
2015-05-20,2.609999895095825,2.619999885559082,2.549999952316284,2.5799999237060547,1.6376402378082275,2052979
2015-05-21,2.569999933242798,2.5999999046325684,2.549999952316284,2.5799999237060547,1.6376402378082275,1232000
2015-05-22,2.5799999237060547,2.5899999141693115,2.549999952316284,2.5899999141693115,1.6439875364303589,1430000
2015-05-26,2.5999999046325684,2.7300000190734863,2.5899999141693115,2.7200000286102295,1.7265043258666992,10032000
2015-05-27,2.7100000381469727,2.740000009536743,2.6500000953674316,2.700000047683716,1.713809609413147,3320000
2015-05-28,2.7300000190734863,2.7300000190734863,2.549999952316284,2.609999895095825,1.6566826105117798,3382000
2015-05-29,2.5899999141693115,2.680000066757202,2.5799999237060547,2.6500000953674316,1.6820725202560425,2408000
2015-06-01,2.6500000953674316,2.6700000762939453,2.5999999046325684,2.609999895095825,1.6566826105117798,838000
2015-06-02,2.609999895095825,2.619999885559082,2.5799999237060547,2.5899999141693115,1.6439875364303589,1672000
2015-06-03,2.619999885559082,2.619999885559082,2.5299999713897705,2.5399999618530273,1.6122502088546753,2180000
2015-06-04,2.549999952316284,2.549999952316284,2.509999990463257,2.509999990463257,1.5932080745697021,2158000
2015-06-05,2.5,2.5199999809265137,2.4100000858306885,2.4600000381469727,1.5614709854125977,2474000
2015-06-08,2.4100000858306885,2.4700000286102295,2.4000000953674316,2.440000057220459,1.5487761497497559,2068000
2015-06-09,2.4200000762939453,2.4800000190734863,2.390000104904175,2.4600000381469727,1.5614709854125977,3725000
2015-06-10,2.4100000858306885,2.4600000381469727,2.4100000858306885,2.430000066757202,1.5424283742904663,1112000
2015-06-11,2.440000057220459,2.4800000190734863,2.4100000858306885,2.4200000762939453,1.5360809564590454,662000
2015-06-12,2.440000057220459,2.4600000381469727,2.4100000858306885,2.430000066757202,1.5424283742904663,678000
2015-06-15,2.450000047683716,2.4800000190734863,2.4000000953674316,2.430000066757202,1.5424283742904663,520327
2015-06-16,2.440000057220459,2.440000057220459,2.390000104904175,2.4000000953674316,1.5233864784240723,890000
2015-06-17,2.430000066757202,2.430000066757202,2.390000104904175,2.4000000953674316,1.5233864784240723,858001
2015-06-18,2.4000000953674316,2.4700000286102295,2.4000000953674316,2.4600000381469727,1.5614709854125977,1040000
2015-06-19,2.4800000190734863,2.569999933242798,2.4800000190734863,2.5399999618530273,1.6122502088546753,3106575
2015-06-22,2.5199999809265137,2.5999999046325684,2.5199999809265137,2.569999933242798,1.631292700767517,1008000
2015-06-23,2.569999933242798,2.5999999046325684,2.559999942779541,2.5999999046325684,1.6503351926803589,1450000
2015-06-24,2.5999999046325684,2.630000114440918,2.569999933242798,2.5899999141693115,1.6439875364303589,1866369
2015-06-25,2.5999999046325684,2.630000114440918,2.5399999618530273,2.609999895095825,1.6566826105117798,2554587
2015-06-26,2.609999895095825,2.609999895095825,2.509999990463257,2.5299999713897705,1.6059027910232544,1970000
2015-06-29,2.5299999713897705,2.5799999237060547,2.450000047683716,2.4600000381469727,1.5614709854125977,2156000
2015-06-30,2.450000047683716,2.490000009536743,2.4000000953674316,2.4100000858306885,1.529733657836914,3406000
2015-07-02,2.380000114440918,2.4600000381469727,2.380000114440918,2.4100000858306885,1.529733657836914,1386000
2015-07-03,2.4100000858306885,2.4100000858306885,2.309999942779541,2.369999885559082,1.5043436288833618,2226000
2015-07-06,2.380000114440918,2.380000114440918,2.200000047683716,2.2699999809265137,1.4408694505691528,3020000
2015-07-07,2.25,2.25,2.140000104904175,2.180000066757202,1.3837424516677856,5569000
2015-07-08,2.180000066757202,2.180000066757202,1.9199999570846558,2.069999933242798,1.3139206171035767,4094000
2015-07-09,2.009999990463257,2.240000009536743,2.009999990463257,2.190000057220459,1.3900898694992065,2506000
2015-07-10,2.240000009536743,2.3299999237060547,2.200000047683716,2.2799999713897705,1.4472167491912842,1962000
2015-07-13,2.3499999046325684,2.4200000762939453,2.2799999713897705,2.4200000762939453,1.5360809564590454,1464000
2015-07-14,2.4200000762939453,2.4200000762939453,2.319999933242798,2.319999933242798,1.4726065397262573,948000
2015-07-15,2.380000114440918,2.380000114440918,2.299999952316284,2.319999933242798,1.4726065397262573,668000
2015-07-16,2.319999933242798,2.359999895095825,2.309999942779541,2.3499999046325684,1.49164879322052,556000
2015-07-17,2.390000104904175,2.4200000762939453,2.359999895095825,2.4100000858306885,1.529733657836914,636000
2015-07-20,2.4100000858306885,2.4100000858306885,2.369999885559082,2.4000000953674316,1.5233864784240723,368000
2015-07-21,2.359999895095825,2.4100000858306885,2.359999895095825,2.390000104904175,1.5170390605926514,330000
2015-07-22,2.390000104904175,2.4000000953674316,2.3499999046325684,2.380000114440918,1.5106912851333618,180000
2015-07-23,2.4100000858306885,2.450000047683716,2.3499999046325684,2.430000066757202,1.5424283742904663,1229000
2015-07-24,2.4600000381469727,2.4600000381469727,2.390000104904175,2.4000000953674316,1.5233864784240723,386000
2015-07-27,2.390000104904175,2.4000000953674316,2.299999952316284,2.390000104904175,1.5170390605926514,1498000
2015-07-28,2.390000104904175,2.390000104904175,2.309999942779541,2.380000114440918,1.5106912851333618,774000
2015-07-29,2.359999895095825,2.4000000953674316,2.3399999141693115,2.3399999141693115,1.4853014945983887,222000
2015-07-30,2.359999895095825,2.380000114440918,2.3399999141693115,2.359999895095825,1.497996211051941,126000
2015-07-31,2.390000104904175,2.390000104904175,2.3499999046325684,2.3499999046325684,1.49164879322052,504000
2015-08-03,2.369999885559082,2.369999885559082,2.319999933242798,2.319999933242798,1.4726065397262573,170000
2015-08-04,2.309999942779541,2.380000114440918,2.309999942779541,2.3499999046325684,1.49164879322052,234000
2015-08-05,2.380000114440918,2.390000104904175,2.3299999237060547,2.359999895095825,1.497996211051941,250000
2015-08-06,2.369999885559082,2.390000104904175,2.369999885559082,2.380000114440918,1.5106912851333618,576000
2015-08-07,2.359999895095825,2.4200000762939453,2.3399999141693115,2.390000104904175,1.5170390605926514,508000
2015-08-10,2.4600000381469727,2.4600000381469727,2.390000104904175,2.4000000953674316,1.5233864784240723,802000
2015-08-11,2.440000057220459,2.4700000286102295,2.380000114440918,2.4000000953674316,1.5233864784240723,496000
2015-08-12,2.4000000953674316,2.4000000953674316,2.309999942779541,2.359999895095825,1.497996211051941,398000
2015-08-13,2.3499999046325684,2.369999885559082,2.319999933242798,2.3299999237060547,1.4789540767669678,214000
2015-08-14,2.3399999141693115,2.390000104904175,2.3299999237060547,2.3399999141693115,1.4853014945983887,430430
2015-08-17,2.3399999141693115,2.390000104904175,2.3399999141693115,2.3499999046325684,1.49164879322052,392000
2015-08-18,2.369999885559082,2.380000114440918,2.319999933242798,2.3299999237060547,1.4789540767669678,550000
2015-08-19,2.3499999046325684,2.3499999046325684,2.2799999713897705,2.299999952316284,1.4599114656448364,782000
2015-08-20,2.2300000190734863,2.2699999809265137,2.190000057220459,2.240000009536743,1.4599114656448364,410430
2015-08-21,2.200000047683716,2.2200000286102295,2.059999942779541,2.1600000858306885,1.4077719449996948,794000
2015-08-24,2.0999999046325684,2.130000114440918,1.9800000190734863,2.0,1.303492546081543,1278000
2015-08-25,2.0,2.130000114440918,2.0,2.0399999618530273,1.3295625448226929,1140000
2015-08-26,2.0299999713897705,2.049999952316284,1.9900000095367432,2.0,1.303492546081543,596011
2015-08-27,2.0299999713897705,2.119999885559082,2.0299999713897705,2.059999942779541,1.3425973653793335,754000
2015-08-28,2.109999895095825,2.109999895095825,2.0199999809265137,2.0199999809265137,1.3165274858474731,330000
2015-08-31,2.0199999809265137,2.0299999713897705,1.9800000190734863,2.0299999713897705,1.323045015335083,916000
2015-09-01,1.9900000095367432,2.0,1.9600000381469727,1.9700000286102295,1.2839401960372925,492000
2015-09-02,1.9700000286102295,2.0,1.8799999952316284,1.899999976158142,1.238317847251892,1373000
2015-09-04,1.9500000476837158,1.9500000476837158,1.8700000047683716,1.8799999952316284,1.225282907485962,1966000
2015-09-07,1.850000023841858,1.899999976158142,1.840000033378601,1.840000033378601,1.1992130279541016,1028000
2015-09-08,1.840000033378601,1.8799999952316284,1.7799999713897705,1.850000023841858,1.2057307958602905,9360000
2015-09-09,1.8799999952316284,1.9299999475479126,1.8600000143051147,1.909999966621399,1.2448354959487915,2354000
2015-09-10,1.8899999856948853,1.9299999475479126,1.8600000143051147,1.8899999856948853,1.2318005561828613,2526000
2015-09-11,1.9199999570846558,1.940000057220459,1.8899999856948853,1.899999976158142,1.238317847251892,1568000
2015-09-14,1.9199999570846558,1.9500000476837158,1.8200000524520874,1.8600000143051147,1.2122480869293213,1294000
2015-09-15,1.8700000047683716,1.8700000047683716,1.8200000524520874,1.8600000143051147,1.2122480869293213,394000
2015-09-16,1.8799999952316284,1.899999976158142,1.8600000143051147,1.8700000047683716,1.2187656164169312,548000
2015-09-17,1.899999976158142,1.899999976158142,1.850000023841858,1.8600000143051147,1.2122480869293213,328000
2015-09-18,1.840000033378601,1.899999976158142,1.840000033378601,1.8899999856948853,1.2318005561828613,700000
2015-09-21,1.8899999856948853,1.8899999856948853,1.840000033378601,1.840000033378601,1.1992130279541016,758000
2015-09-22,1.8300000429153442,1.9600000381469727,1.8300000429153442,1.909999966621399,1.2448354959487915,1046000
2015-09-23,1.8899999856948853,1.9199999570846558,1.8300000429153442,1.840000033378601,1.1992130279541016,594000
2015-09-24,1.840000033378601,1.8600000143051147,1.809999942779541,1.840000033378601,1.1992130279541016,460000
2015-09-25,1.850000023841858,1.8600000143051147,1.7999999523162842,1.8200000524520874,1.186178207397461,814000
2015-09-29,1.7799999713897705,1.809999942779541,1.7599999904632568,1.7899999618530273,1.166625738143921,674430
2015-09-30,1.8300000429153442,1.8300000429153442,1.7799999713897705,1.7999999523162842,1.1731433868408203,520000
2015-10-02,1.8200000524520874,1.8899999856948853,1.7999999523162842,1.8600000143051147,1.2122480869293213,2286000
2015-10-05,1.899999976158142,1.909999966621399,1.8600000143051147,1.8799999952316284,1.225282907485962,812000
2015-10-06,1.8899999856948853,2.0999999046325684,1.8899999856948853,2.0899999141693115,1.3621498346328735,3454000
2015-10-07,2.069999933242798,2.0899999141693115,1.9900000095367432,2.0,1.303492546081543,2024000
2015-10-08,2.0,2.0399999618530273,1.9900000095367432,2.0,1.303492546081543,1148000
2015-10-09,2.0199999809265137,2.049999952316284,1.9800000190734863,2.0,1.303492546081543,1422000
2015-10-12,1.9800000190734863,2.0399999618530273,1.9700000286102295,2.0199999809265137,1.3165274858474731,1932000
2015-10-13,2.0199999809265137,2.0399999618530273,1.9800000190734863,1.9900000095367432,1.296975016593933,650000
2015-10-14,1.9600000381469727,1.9900000095367432,1.9500000476837158,1.9800000190734863,1.2904576063156128,916000
2015-10-15,1.9500000476837158,2.0,1.9500000476837158,1.9600000381469727,1.2774226665496826,690000
2015-10-16,1.9600000381469727,1.9900000095367432,1.9199999570846558,1.940000057220459,1.2643879652023315,1138000
2015-10-19,1.940000057220459,1.9600000381469727,1.8700000047683716,1.9199999570846558,1.2513529062271118,2942000
2015-10-20,1.9299999475479126,1.9500000476837158,1.899999976158142,1.909999966621399,1.2448354959487915,1448000
2015-10-22,1.9199999570846558,1.9199999570846558,1.8799999952316284,1.899999976158142,1.238317847251892,1062000
2015-10-23,1.909999966621399,1.9199999570846558,1.8799999952316284,1.899999976158142,1.238317847251892,304000
2015-10-26,1.899999976158142,1.909999966621399,1.850000023841858,1.8600000143051147,1.2122480869293213,1174000
2015-10-27,1.8799999952316284,1.8799999952316284,1.8300000429153442,1.840000033378601,1.1992130279541016,1226000
2015-10-28,1.850000023841858,1.8799999952316284,1.8200000524520874,1.8300000429153442,1.1926957368850708,708174
2015-10-29,1.850000023841858,1.8600000143051147,1.7999999523162842,1.8200000524520874,1.186178207397461,1705000
2015-10-30,1.8200000524520874,1.8200000524520874,1.75,1.75,1.1405558586120605,3448000
2015-11-02,1.75,1.7999999523162842,1.75,1.7899999618530273,1.166625738143921,1146000
2015-11-03,1.75,1.8300000429153442,1.7400000095367432,1.8200000524520874,1.186178207397461,1240000
2015-11-04,1.850000023841858,1.8600000143051147,1.7999999523162842,1.7999999523162842,1.1731433868408203,1794000
2015-11-05,1.8200000524520874,1.8600000143051147,1.8200000524520874,1.840000033378601,1.1992130279541016,422000
2015-11-06,1.840000033378601,1.850000023841858,1.8200000524520874,1.8300000429153442,1.1926957368850708,262000
2015-11-09,1.8300000429153442,1.850000023841858,1.7899999618530273,1.809999942779541,1.179660677909851,450000
2015-11-10,1.809999942779541,1.809999942779541,1.7799999713897705,1.7899999618530273,1.166625738143921,798000
2015-11-11,1.7999999523162842,1.7999999523162842,1.7799999713897705,1.7999999523162842,1.1731433868408203,506000
2015-11-12,1.7899999618530273,1.7999999523162842,1.7799999713897705,1.7899999618530273,1.166625738143921,656000
2015-11-13,1.7699999809265137,1.7899999618530273,1.75,1.7899999618530273,1.166625738143921,414000
2015-11-16,1.7400000095367432,1.7899999618530273,1.7400000095367432,1.7599999904632568,1.1470733880996704,422000
2015-11-17,1.7599999904632568,1.7699999809265137,1.75,1.75,1.1405558586120605,438000
2015-11-18,1.75,1.7599999904632568,1.7400000095367432,1.7400000095367432,1.1340385675430298,494000
2015-11-19,1.75,1.7699999809265137,1.7400000095367432,1.7699999809265137,1.1535907983779907,448000
2015-11-20,1.7599999904632568,1.7799999713897705,1.75,1.7799999713897705,1.1601084470748901,432000
2015-11-23,1.7699999809265137,1.8200000524520874,1.7599999904632568,1.8200000524520874,1.186178207397461,928000
2015-11-24,1.8200000524520874,1.8200000524520874,1.7999999523162842,1.809999942779541,1.179660677909851,218000
2015-11-25,1.7899999618530273,1.8300000429153442,1.7899999618530273,1.7999999523162842,1.1731433868408203,894000
2015-11-26,1.7999999523162842,1.899999976158142,1.7899999618530273,1.899999976158142,1.238317847251892,1364000
2015-11-27,1.8899999856948853,1.9299999475479126,1.7999999523162842,1.809999942779541,1.179660677909851,1536000
2015-11-30,1.8200000524520874,1.8200000524520874,1.7599999904632568,1.7699999809265137,1.1535907983779907,1050000
2015-12-01,1.7899999618530273,1.8200000524520874,1.7799999713897705,1.809999942779541,1.179660677909851,632000
2015-12-02,1.8200000524520874,1.8200000524520874,1.7899999618530273,1.809999942779541,1.179660677909851,680000
2015-12-03,1.809999942779541,1.8200000524520874,1.7799999713897705,1.7899999618530273,1.166625738143921,594000
2015-12-04,1.7799999713897705,1.809999942779541,1.7599999904632568,1.7799999713897705,1.1601084470748901,742000
2015-12-07,1.7699999809265137,1.7999999523162842,1.7699999809265137,1.7799999713897705,1.1601084470748901,920000
2015-12-08,1.7799999713897705,1.7799999713897705,1.75,1.7599999904632568,1.1470733880996704,1176000
2015-12-09,1.7799999713897705,1.7799999713897705,1.75,1.7599999904632568,1.1470733880996704,990000
2015-12-10,1.7699999809265137,1.7699999809265137,1.7400000095367432,1.75,1.1536656618118286,600000
2015-12-11,1.7300000190734863,1.7699999809265137,1.7100000381469727,1.7300000190734863,1.140480875968933,814000
2015-12-14,1.7300000190734863,1.7400000095367432,1.7000000476837158,1.7100000381469727,1.1272962093353271,1413892
2015-12-15,1.7100000381469727,1.7300000190734863,1.7100000381469727,1.7100000381469727,1.1272962093353271,702000
2015-12-16,1.7400000095367432,1.75,1.7100000381469727,1.7200000286102295,1.1338887214660645,682000
2015-12-17,1.7300000190734863,1.7599999904632568,1.7300000190734863,1.7300000190734863,1.140480875968933,540000
2015-12-18,1.7300000190734863,1.75,1.7300000190734863,1.75,1.1536656618118286,510000
2015-12-21,1.7699999809265137,1.7899999618530273,1.7400000095367432,1.7400000095367432,1.14707350730896,810000
2015-12-22,1.7899999618530273,1.7999999523162842,1.7599999904632568,1.7999999523162842,1.186627745628357,1031000
2015-12-23,1.809999942779541,1.850000023841858,1.7899999618530273,1.7899999618530273,1.1800352334976196,3794000
2015-12-24,1.7999999523162842,1.809999942779541,1.7899999618530273,1.7999999523162842,1.186627745628357,1232000
2015-12-28,1.8300000429153442,1.8300000429153442,1.7699999809265137,1.7799999713897705,1.1734429597854614,874000
2015-12-29,1.7999999523162842,1.8300000429153442,1.7799999713897705,1.7999999523162842,1.186627745628357,3372000
2015-12-30,1.7999999523162842,1.8300000429153442,1.7899999618530273,1.7899999618530273,1.1800352334976196,1510000
2015-12-31,1.8200000524520874,1.850000023841858,1.7899999618530273,1.809999942779541,1.1932200193405151,1276000
2016-01-04,1.8300000429153442,1.8300000429153442,1.7599999904632568,1.7999999523162842,1.186627745628357,916000
2016-01-05,1.75,1.809999942779541,1.75,1.7899999618530273,1.1800352334976196,592000
2016-01-06,1.7999999523162842,1.7999999523162842,1.75,1.75,1.1536656618118286,1322000
2016-01-07,1.75,1.7899999618530273,1.6799999475479126,1.7000000476837158,1.120703935623169,2006000
2016-01-08,1.690000057220459,1.7300000190734863,1.659999966621399,1.690000057220459,1.1141116619110107,1498000
2016-01-11,1.690000057220459,1.7200000286102295,1.649999976158142,1.6799999475479126,1.1075190305709839,2092000
2016-01-12,1.6799999475479126,1.7000000476837158,1.649999976158142,1.659999966621399,1.0943342447280884,2962000
2016-01-13,1.6699999570846558,1.690000057220459,1.659999966621399,1.6699999570846558,1.1009266376495361,368000
2016-01-14,1.6399999856948853,1.6399999856948853,1.5499999523162842,1.590000033378601,1.0481877326965332,1410000
2016-01-15,1.590000033378601,1.590000033378601,1.4900000095367432,1.5,0.988856315612793,1449000
2016-01-18,1.350000023841858,1.5,1.350000023841858,1.409999966621399,0.9295250773429871,1432000
2016-01-19,1.4900000095367432,1.5,1.399999976158142,1.5,0.988856315612793,704000
2016-01-20,1.4700000286102295,1.4700000286102295,1.399999976158142,1.440000057220459,0.9493021965026855,606000
2016-01-21,1.440000057220459,1.440000057220459,1.399999976158142,1.4299999475479126,0.942709743976593,596000
2016-01-22,1.4500000476837158,1.4500000476837158,1.399999976158142,1.409999966621399,0.9295250773429871,304000
2016-01-25,1.4299999475479126,1.4700000286102295,1.4199999570846558,1.4500000476837158,0.955894410610199,414000
2016-01-26,1.440000057220459,1.4500000476837158,1.409999966621399,1.4299999475479126,0.942709743976593,156000
2016-01-27,1.440000057220459,1.4500000476837158,1.409999966621399,1.440000057220459,0.9493021965026855,144000
2016-01-28,1.4199999570846558,1.440000057220459,1.399999976158142,1.440000057220459,0.9493021965026855,112000
2016-01-29,1.4299999475479126,1.4500000476837158,1.4299999475479126,1.440000057220459,0.9493021965026855,158805
2016-02-01,1.4500000476837158,1.4500000476837158,1.3799999952316284,1.399999976158142,0.9229325652122498,366000
2016-02-02,1.4199999570846558,1.440000057220459,1.409999966621399,1.4299999475479126,0.942709743976593,254000
2016-02-03,1.399999976158142,1.4500000476837158,1.3899999856948853,1.440000057220459,0.9493021965026855,230000
2016-02-04,1.440000057220459,1.4700000286102295,1.4199999570846558,1.4700000286102295,0.9690794348716736,367060
2016-02-05,1.4500000476837158,1.4900000095367432,1.4500000476837158,1.4700000286102295,0.9690794348716736,253457
2016-02-11,1.440000057220459,1.4700000286102295,1.409999966621399,1.4299999475479126,0.942709743976593,438000
2016-02-12,1.4299999475479126,1.4299999475479126,1.399999976158142,1.399999976158142,0.9229325652122498,390000
2016-02-15,1.4199999570846558,1.440000057220459,1.409999966621399,1.4299999475479126,0.942709743976593,600000
2016-02-16,1.440000057220459,1.4600000381469727,1.4199999570846558,1.4199999570846558,0.9361172914505005,1228000
2016-02-17,1.440000057220459,1.4900000095367432,1.399999976158142,1.399999976158142,0.9229325652122498,422000
2016-02-18,1.409999966621399,1.4299999475479126,1.409999966621399,1.409999966621399,0.9295250773429871,748000
2016-02-19,1.409999966621399,1.4199999570846558,1.409999966621399,1.409999966621399,0.9295250773429871,292000
2016-02-22,1.4299999475479126,1.4299999475479126,1.399999976158142,1.399999976158142,0.9229325652122498,488000
2016-02-23,1.409999966621399,1.4199999570846558,1.3899999856948853,1.409999966621399,0.9295250773429871,674000
2016-02-24,1.409999966621399,1.4299999475479126,1.399999976158142,1.399999976158142,0.9229325652122498,1690000
2016-02-25,1.409999966621399,1.409999966621399,1.3899999856948853,1.3899999856948853,0.9163402318954468,1360000
2016-02-26,1.399999976158142,1.5800000429153442,1.3899999856948853,1.5299999713897705,1.0086334943771362,5558000
2016-02-29,1.5499999523162842,1.649999976158142,1.5299999713897705,1.6299999952316284,1.0745573043823242,2694036
2016-03-01,1.6299999952316284,1.6299999952316284,1.5800000429153442,1.6200000047683716,1.067964792251587,1326000
2016-03-02,1.6399999856948853,1.6399999856948853,1.5499999523162842,1.600000023841858,1.054780125617981,2505000
2016-03-03,1.590000033378601,1.6200000047683716,1.5800000429153442,1.5800000429153442,1.0415953397750854,696000
2016-03-04,1.5800000429153442,1.590000033378601,1.559999942779541,1.5800000429153442,1.0415953397750854,842000
2016-03-07,1.600000023841858,1.600000023841858,1.5399999618530273,1.559999942779541,1.0284106731414795,1024000
2016-03-08,1.600000023841858,1.600000023841858,1.5199999809265137,1.5299999713897705,1.0086334943771362,1212000
2016-03-09,1.5399999618530273,1.5399999618530273,1.4500000476837158,1.4800000190734863,0.975671648979187,2018000
2016-03-10,1.4800000190734863,1.5,1.4199999570846558,1.440000057220459,0.9493021965026855,1794000
2016-03-11,1.4500000476837158,1.5199999809265137,1.4500000476837158,1.4600000381469727,0.962486982345581,584000
2016-03-14,1.4900000095367432,1.5299999713897705,1.440000057220459,1.4800000190734863,0.975671648979187,1522700
2016-03-15,1.4800000190734863,1.4900000095367432,1.440000057220459,1.4500000476837158,0.955894410610199,706000
2016-03-16,1.4600000381469727,1.4700000286102295,1.440000057220459,1.440000057220459,0.9493021965026855,716000
2016-03-17,1.4600000381469727,1.4700000286102295,1.440000057220459,1.4600000381469727,0.962486982345581,1030000
2016-03-18,1.4500000476837158,1.4900000095367432,1.4500000476837158,1.4900000095367432,0.9822638630867004,832000
2016-03-21,1.5099999904632568,1.5399999618530273,1.4900000095367432,1.5399999618530273,1.0152257680892944,1036000
2016-03-22,1.5299999713897705,1.5299999713897705,1.4800000190734863,1.5299999713897705,1.0086334943771362,562000
2016-03-23,1.5,1.5199999809265137,1.5,1.5099999904632568,0.9954488277435303,614000
2016-03-24,1.5099999904632568,1.5399999618530273,1.4900000095367432,1.5,0.988856315612793,730000
2016-03-29,1.5,1.5,1.4600000381469727,1.4600000381469727,0.962486982345581,822000
2016-03-30,1.4800000190734863,1.5,1.4600000381469727,1.4900000095367432,0.9822638630867004,338000
2016-03-31,1.4900000095367432,1.5,1.4800000190734863,1.4800000190734863,0.975671648979187,434000
2016-04-01,1.4700000286102295,1.4800000190734863,1.4500000476837158,1.4600000381469727,0.962486982345581,424000
2016-04-05,1.4700000286102295,1.4700000286102295,1.4299999475479126,1.440000057220459,0.9493021965026855,414000
2016-04-06,1.4299999475479126,1.4700000286102295,1.4299999475479126,1.4500000476837158,0.955894410610199,752000
2016-04-07,1.440000057220459,1.5,1.440000057220459,1.4800000190734863,0.975671648979187,202000
2016-04-08,1.4700000286102295,1.5,1.4700000286102295,1.4700000286102295,0.9690794348716736,262000
2016-04-11,1.4700000286102295,1.5,1.4700000286102295,1.4900000095367432,0.9822638630867004,238000
2016-04-12,1.4800000190734863,1.5099999904632568,1.4800000190734863,1.5,0.988856315612793,150000
2016-04-13,1.5099999904632568,1.5499999523162842,1.5099999904632568,1.5399999618530273,1.0152257680892944,1438000
2016-04-14,1.5499999523162842,1.5800000429153442,1.5399999618530273,1.5800000429153442,1.0415953397750854,976000
2016-04-15,1.5700000524520874,1.600000023841858,1.559999942779541,1.590000033378601,1.0481877326965332,680000
2016-04-18,1.590000033378601,1.6100000143051147,1.5399999618530273,1.600000023841858,1.054780125617981,1396000
2016-04-19,1.600000023841858,1.6200000047683716,1.5800000429153442,1.6100000143051147,1.0613725185394287,840000
2016-04-20,1.600000023841858,1.600000023841858,1.5700000524520874,1.5800000429153442,1.0415953397750854,287049
2016-04-21,1.5800000429153442,1.600000023841858,1.5700000524520874,1.590000033378601,1.0481877326965332,544000
2016-04-22,1.590000033378601,1.590000033378601,1.5700000524520874,1.5800000429153442,1.0415953397750854,764000
2016-04-25,1.590000033378601,1.600000023841858,1.5499999523162842,1.600000023841858,1.054780125617981,320000
2016-04-26,1.590000033378601,1.590000033378601,1.5399999618530273,1.559999942779541,1.0284106731414795,499400
2016-04-27,1.559999942779541,1.590000033378601,1.5499999523162842,1.5499999523162842,1.0218182802200317,486000
2016-04-28,1.5399999618530273,1.5499999523162842,1.5399999618530273,1.5499999523162842,1.0218182802200317,106000
2016-04-29,1.5499999523162842,1.5499999523162842,1.5,1.5299999713897705,1.0086334943771362,678000
2016-05-03,1.5199999809265137,1.5199999809265137,1.4800000190734863,1.4900000095367432,0.9822638630867004,668425
2016-05-04,1.4900000095367432,1.4900000095367432,1.4500000476837158,1.4900000095367432,0.9822638630867004,444000
2016-05-05,1.4800000190734863,1.5,1.4700000286102295,1.4900000095367432,0.9822638630867004,336000
2016-05-06,1.4700000286102295,1.5,1.4500000476837158,1.4800000190734863,0.975671648979187,304000
2016-05-09,1.4900000095367432,1.4900000095367432,1.4700000286102295,1.4700000286102295,0.9690794348716736,172000
2016-05-10,1.4600000381469727,1.4700000286102295,1.4500000476837158,1.4700000286102295,0.9690794348716736,348000
2016-05-11,1.4600000381469727,1.4800000190734863,1.4600000381469727,1.4800000190734863,0.975671648979187,36000
2016-05-12,1.4700000286102295,1.5199999809265137,1.4700000286102295,1.4900000095367432,0.9822638630867004,584000
2016-05-13,1.4800000190734863,1.4900000095367432,1.4600000381469727,1.4600000381469727,0.962486982345581,384000
2016-05-16,1.4600000381469727,1.4800000190734863,1.4600000381469727,1.4700000286102295,0.9690794348716736,144000
2016-05-17,1.4600000381469727,1.4700000286102295,1.4600000381469727,1.4700000286102295,0.9690794348716736,80000
2016-05-18,1.4600000381469727,1.4600000381469727,1.4299999475479126,1.440000057220459,0.9493021965026855,747060
2016-05-19,1.4500000476837158,1.4500000476837158,1.440000057220459,1.440000057220459,0.9493021965026855,208000
2016-05-20,1.4299999475479126,1.440000057220459,1.4199999570846558,1.4199999570846558,0.9361172914505005,866000
2016-05-23,1.4299999475479126,1.440000057220459,1.4299999475479126,1.440000057220459,0.9493021965026855,264000
2016-05-24,1.4500000476837158,1.4500000476837158,1.4199999570846558,1.4500000476837158,0.955894410610199,284000
2016-05-25,1.4500000476837158,1.4800000190734863,1.4299999475479126,1.4600000381469727,0.962486982345581,798000
2016-05-26,1.4600000381469727,1.4800000190734863,1.4600000381469727,1.4800000190734863,0.975671648979187,348000
2016-05-27,1.4800000190734863,1.4900000095367432,1.4500000476837158,1.4600000381469727,0.962486982345581,434000
2016-05-30,1.4600000381469727,1.4800000190734863,1.4600000381469727,1.4700000286102295,0.9690794348716736,248000
2016-05-31,1.4900000095367432,1.5499999523162842,1.4700000286102295,1.5399999618530273,1.0152257680892944,652000
2016-06-01,1.5199999809265137,1.5299999713897705,1.4900000095367432,1.5,0.988856315612793,798000
2016-06-02,1.4700000286102295,1.5399999618530273,1.409999966621399,1.5199999809265137,1.0020411014556885,1934000
2016-06-03,1.5199999809265137,1.5199999809265137,1.4700000286102295,1.4900000095367432,0.9822638630867004,409340
2016-06-06,1.4900000095367432,1.4900000095367432,1.409999966621399,1.4600000381469727,0.962486982345581,564000
2016-06-07,1.4600000381469727,1.4700000286102295,1.440000057220459,1.4700000286102295,0.9690794348716736,448000
2016-06-08,1.4600000381469727,1.4900000095367432,1.4500000476837158,1.4800000190734863,0.975671648979187,388000
2016-06-10,1.4800000190734863,1.4800000190734863,1.409999966621399,1.440000057220459,0.9493021965026855,878000
2016-06-13,1.4299999475479126,1.4299999475479126,1.409999966621399,1.409999966621399,0.9295250773429871,290000
2016-06-14,1.409999966621399,1.409999966621399,1.3899999856948853,1.399999976158142,0.9229325652122498,312000
2016-06-15,1.399999976158142,1.409999966621399,1.3700000047683716,1.3899999856948853,0.9163402318954468,598000
2016-06-16,1.3899999856948853,1.399999976158142,1.3700000047683716,1.3799999952316284,0.9097480773925781,306000
2016-06-17,1.3899999856948853,1.399999976158142,1.3700000047683716,1.399999976158142,0.9229325652122498,286000
2016-06-20,1.399999976158142,1.4199999570846558,1.3899999856948853,1.409999966621399,0.9295250773429871,208000
2016-06-21,1.409999966621399,1.4199999570846558,1.399999976158142,1.4199999570846558,0.9361172914505005,220000
2016-06-22,1.409999966621399,1.409999966621399,1.2899999618530273,1.2999999523162842,0.8570089340209961,5154000
2016-06-23,1.2899999618530273,1.2899999618530273,1.2599999904632568,1.2699999809265137,0.8372316360473633,3114000
2016-06-24,1.2899999618530273,1.2899999618530273,1.190000057220459,1.2300000190734863,0.8108623027801514,3382000
2016-06-27,1.2200000286102295,1.2300000190734863,1.2100000381469727,1.2100000381469727,0.7976774573326111,1506000
2016-06-28,1.2000000476837158,1.2100000381469727,1.1699999570846558,1.2000000476837158,0.7910852432250977,2394654
2016-06-29,1.2200000286102295,1.2999999523162842,1.2200000286102295,1.2699999809265137,0.8372316360473633,3042000
2016-06-30,1.2899999618530273,1.2999999523162842,1.2400000095367432,1.2699999809265137,0.8372316360473633,1982400
2016-07-04,1.2999999523162842,1.2999999523162842,1.2200000286102295,1.2400000095367432,0.8174545168876648,1925000
2016-07-05,1.2400000095367432,1.2699999809265137,1.2400000095367432,1.2599999904632568,0.8306393623352051,606000
2016-07-06,1.2599999904632568,1.2899999618530273,1.2400000095367432,1.2599999904632568,0.8306393623352051,528000
2016-07-07,1.2699999809265137,1.2699999809265137,1.25,1.2699999809265137,0.8372316360473633,330000
2016-07-08,1.2599999904632568,1.2799999713897705,1.2400000095367432,1.2400000095367432,0.8174545168876648,1042000
2016-07-11,1.2599999904632568,1.2599999904632568,1.2400000095367432,1.25,0.8240469098091125,978327
2016-07-12,1.25,1.2599999904632568,1.25,1.2599999904632568,0.8306393623352051,918000
2016-07-13,1.2799999713897705,1.2799999713897705,1.2599999904632568,1.2799999713897705,0.8438240885734558,706000
2016-07-14,1.2699999809265137,1.2799999713897705,1.2699999809265137,1.2799999713897705,0.8438240885734558,314046
2016-07-15,1.2799999713897705,1.3600000143051147,1.2799999713897705,1.350000023841858,0.8899709582328796,4170000
2016-07-18,1.399999976158142,1.440000057220459,1.3600000143051147,1.3700000047683716,0.9031553268432617,7688000
2016-07-19,1.3700000047683716,1.3700000047683716,1.3700000047683716,1.3700000047683716,0.9031553268432617,0
2016-07-20,1.6799999475479126,1.6799999475479126,1.5299999713897705,1.5700000524520874,1.0350030660629272,47049000
2016-07-21,1.5700000524520874,1.5700000524520874,1.4700000286102295,1.4900000095367432,0.9822638630867004,8377000
2016-07-22,1.4900000095367432,1.4900000095367432,1.409999966621399,1.4500000476837158,0.955894410610199,7260654
2016-07-25,1.4600000381469727,1.4800000190734863,1.4299999475479126,1.4600000381469727,0.962486982345581,3442000
2016-07-26,1.4800000190734863,1.590000033378601,1.4800000190734863,1.559999942779541,1.0284106731414795,7802000
2016-07-27,1.590000033378601,1.590000033378601,1.5199999809265137,1.5399999618530273,1.0152257680892944,1662000
2016-07-28,1.5299999713897705,1.559999942779541,1.5,1.5,0.988856315612793,1734000
2016-07-29,1.5,1.5199999809265137,1.4500000476837158,1.4800000190734863,0.975671648979187,2216400
2016-08-01,1.4600000381469727,1.4800000190734863,1.399999976158142,1.4199999570846558,0.9361172914505005,4546000
2016-08-02,1.4199999570846558,1.4199999570846558,1.4199999570846558,1.4199999570846558,0.9361172914505005,0
2016-08-03,1.399999976158142,1.409999966621399,1.3600000143051147,1.3799999952316284,0.9097480773925781,1838000
2016-08-04,1.3799999952316284,1.399999976158142,1.3700000047683716,1.3899999856948853,0.9163402318954468,1912000
2016-08-05,1.3899999856948853,1.4199999570846558,1.3899999856948853,1.399999976158142,0.9229325652122498,1308000
2016-08-08,1.4199999570846558,1.440000057220459,1.409999966621399,1.4199999570846558,0.9361172914505005,554000
2016-08-09,1.4199999570846558,1.4199999570846558,1.3899999856948853,1.399999976158142,0.9229325652122498,806000
2016-08-10,1.4199999570846558,1.4500000476837158,1.399999976158142,1.4500000476837158,0.955894410610199,1950000
2016-08-11,1.4600000381469727,1.5800000429153442,1.4600000381469727,1.5700000524520874,1.0350030660629272,6050000
2016-08-12,1.590000033378601,1.809999942779541,1.5800000429153442,1.7200000286102295,1.1338887214660645,19534000
2016-08-15,1.7300000190734863,1.7899999618530273,1.6699999570846558,1.7799999713897705,1.1734429597854614,6000000
2016-08-16,1.7899999618530273,1.7999999523162842,1.7000000476837158,1.7699999809265137,1.1668504476547241,10694000
2016-08-17,1.7699999809265137,1.8600000143051147,1.7400000095367432,1.7899999618530273,1.1800352334976196,6415700
2016-08-18,1.809999942779541,1.840000033378601,1.7599999904632568,1.7899999618530273,1.1800352334976196,3547334
2016-08-19,1.8200000524520874,1.850000023841858,1.7400000095367432,1.840000033378601,1.2129970788955688,3730000
2016-08-22,1.8200000524520874,1.840000033378601,1.7599999904632568,1.7899999618530273,1.1800352334976196,3222000
2016-08-23,1.7899999618530273,1.809999942779541,1.75,1.7899999618530273,1.1800352334976196,3026000
2016-08-24,1.7899999618530273,1.809999942779541,1.7400000095367432,1.7699999809265137,1.1668504476547241,2424000
2016-08-25,1.7599999904632568,1.7699999809265137,1.7300000190734863,1.7599999904632568,1.160258173942566,1862000
2016-08-26,1.7599999904632568,1.7599999904632568,1.690000057220459,1.7000000476837158,1.120703935623169,2970000
2016-08-29,1.6699999570846558,1.7000000476837158,1.559999942779541,1.590000033378601,1.0481877326965332,4730000
2016-08-30,1.6200000047683716,1.6399999856948853,1.5399999618530273,1.6399999856948853,1.0811495780944824,1606000
2016-08-31,1.6299999952316284,1.649999976158142,1.6100000143051147,1.6399999856948853,1.0811495780944824,1061000
2016-09-01,1.600000023841858,1.6100000143051147,1.559999942779541,1.6100000143051147,1.0711696147918701,720000
2016-09-02,1.590000033378601,1.659999966621399,1.590000033378601,1.6200000047683716,1.0778230428695679,2312627
2016-09-05,1.6100000143051147,1.6299999952316284,1.559999942779541,1.5700000524520874,1.044556975364685,1998000
2016-09-06,1.5700000524520874,1.5800000429153442,1.5399999618530273,1.5399999618530273,1.0245970487594604,2902000
2016-09-07,1.5499999523162842,1.5499999523162842,1.5,1.5399999618530273,1.0245970487594604,2400000
2016-09-08,1.5299999713897705,1.5399999618530273,1.5099999904632568,1.5099999904632568,1.004637598991394,2020000
2016-09-09,1.5199999809265137,1.590000033378601,1.5,1.5499999523162842,1.0312504768371582,2816000
2016-09-12,1.5199999809265137,1.5299999713897705,1.5,1.5199999809265137,1.0112906694412231,1434000
2016-09-13,1.5199999809265137,1.5499999523162842,1.5099999904632568,1.5199999809265137,1.0112906694412231,2008000
2016-09-14,1.5099999904632568,1.5299999713897705,1.4900000095367432,1.5199999809265137,1.0112906694412231,1482000
2016-09-15,1.5099999904632568,1.5299999713897705,1.4900000095367432,1.5099999904632568,1.004637598991394,795000
2016-09-19,1.5,1.5299999713897705,1.4900000095367432,1.5099999904632568,1.004637598991394,1334000
2016-09-20,1.5,1.5099999904632568,1.4700000286102295,1.4800000190734863,0.9846779704093933,2022000
2016-09-21,1.4700000286102295,1.5099999904632568,1.4700000286102295,1.5099999904632568,1.004637598991394,4118000
2016-09-22,1.5299999713897705,1.5299999713897705,1.4900000095367432,1.5199999809265137,1.0112906694412231,2252000
2016-09-23,1.5099999904632568,1.5199999809265137,1.5,1.5,0.9979842901229858,526000
2016-09-26,1.5,1.5,1.5,1.5,0.9979842901229858,0
2016-09-27,1.5,1.5,1.5,1.5,0.9979842901229858,0
2016-09-28,1.649999976158142,1.649999976158142,1.4500000476837158,1.4900000095367432,0.9913309216499329,18014327
2016-09-29,1.4800000190734863,1.4900000095367432,1.4600000381469727,1.4700000286102295,0.9780246615409851,1824000
2016-09-30,1.4600000381469727,1.4600000381469727,1.4199999570846558,1.440000057220459,0.9580649733543396,1995314
2016-10-03,1.440000057220459,1.4500000476837158,1.4299999475479126,1.440000057220459,0.9580649733543396,498328
2016-10-04,1.4299999475479126,1.440000057220459,1.399999976158142,1.4299999475479126,0.9514117240905762,1556000
2016-10-05,1.409999966621399,1.440000057220459,1.409999966621399,1.4299999475479126,0.9514117240905762,1136000
2016-10-06,1.4199999570846558,1.5,1.4199999570846558,1.4800000190734863,0.9846779704093933,3088000
2016-10-07,1.4700000286102295,1.5,1.4600000381469727,1.4900000095367432,0.9913309216499329,1680000
2016-10-11,1.5099999904632568,1.5099999904632568,1.4600000381469727,1.4600000381469727,0.9713714122772217,436000
2016-10-12,1.3899999856948853,1.4299999475479126,1.3799999952316284,1.399999976158142,0.9314518570899963,3330000
2016-10-13,1.399999976158142,1.399999976158142,1.3700000047683716,1.3799999952316284,0.9181456565856934,1412000
2016-10-14,1.3700000047683716,1.3799999952316284,1.350000023841858,1.3700000047683716,0.9114921689033508,1630000
2016-10-17,1.3799999952316284,1.3799999952316284,1.350000023841858,1.3600000143051147,0.9048390984535217,1382000
2016-10-18,1.350000023841858,1.3700000047683716,1.350000023841858,1.350000023841858,0.8981860280036926,720000
2016-10-19,1.350000023841858,1.3799999952316284,1.350000023841858,1.3700000047683716,0.9114921689033508,620000
2016-10-20,1.3700000047683716,1.3799999952316284,1.3700000047683716,1.3799999952316284,0.9181456565856934,416000
2016-10-21,1.3799999952316284,1.3799999952316284,1.3799999952316284,1.3799999952316284,0.9181456565856934,0
2016-10-24,1.3899999856948853,1.3899999856948853,1.3600000143051147,1.3700000047683716,0.9114921689033508,348000
2016-10-25,1.3700000047683716,1.409999966621399,1.3600000143051147,1.3899999856948853,0.9247987270355225,2314000
2016-10-26,1.3600000143051147,1.3899999856948853,1.3600000143051147,1.3700000047683716,0.9114921689033508,326000
2016-10-27,1.3799999952316284,1.3799999952316284,1.340000033378601,1.350000023841858,0.8981860280036926,1312000
2016-10-28,1.3700000047683716,1.3700000047683716,1.350000023841858,1.3600000143051147,0.9048390984535217,342000
2016-10-31,1.350000023841858,1.350000023841858,1.3200000524520874,1.3300000429153442,0.8848795890808105,984000
2016-11-01,1.350000023841858,1.350000023841858,1.309999942779541,1.3300000429153442,0.8848795890808105,764000
2016-11-02,1.350000023841858,1.350000023841858,1.309999942779541,1.3300000429153442,0.8848795890808105,396000
2016-11-03,1.3300000429153442,1.340000033378601,1.309999942779541,1.340000033378601,0.8915325403213501,234000
2016-11-04,1.340000033378601,1.340000033378601,1.3200000524520874,1.3300000429153442,0.8848795890808105,250000
2016-11-07,1.3300000429153442,1.340000033378601,1.309999942779541,1.3300000429153442,0.8848795890808105,264000
2016-11-08,1.3300000429153442,1.3300000429153442,1.2999999523162842,1.309999942779541,0.8715727925300598,500000
2016-11-09,1.3200000524520874,1.3200000524520874,1.2699999809265137,1.2799999713897705,0.8516132235527039,2146000
2016-11-10,1.2899999618530273,1.3300000429153442,1.2799999713897705,1.3200000524520874,0.8782262206077576,1158000
2016-11-11,1.309999942779541,1.3200000524520874,1.2999999523162842,1.309999942779541,0.8715727925300598,358000
2016-11-14,1.2899999618530273,1.309999942779541,1.2899999618530273,1.2999999523162842,0.8649197816848755,648000
2016-11-15,1.2799999713897705,1.2899999618530273,1.2799999713897705,1.2899999618530273,0.8582664728164673,1028000
2016-11-16,1.2899999618530273,1.3700000047683716,1.2899999618530273,1.3700000047683716,0.9114921689033508,2302180
2016-11-17,1.350000023841858,1.350000023841858,1.3200000524520874,1.340000033378601,0.8915325403213501,566000
2016-11-18,1.340000033378601,1.340000033378601,1.3200000524520874,1.3300000429153442,0.8848795890808105,320000
2016-11-21,1.3200000524520874,1.340000033378601,1.309999942779541,1.309999942779541,0.8715727925300598,328000
2016-11-22,1.3300000429153442,1.3600000143051147,1.3200000524520874,1.340000033378601,0.8915325403213501,882000
2016-11-23,1.3200000524520874,1.350000023841858,1.3200000524520874,1.3300000429153442,0.8848795890808105,290000
2016-11-24,1.3300000429153442,1.3300000429153442,1.309999942779541,1.309999942779541,0.8715727925300598,236000
2016-11-25,1.309999942779541,1.3600000143051147,1.2999999523162842,1.340000033378601,0.8915325403213501,1004000
2016-11-28,1.350000023841858,1.3600000143051147,1.3200000524520874,1.350000023841858,0.8981860280036926,808000
2016-11-29,1.350000023841858,1.350000023841858,1.3300000429153442,1.340000033378601,0.8915325403213501,786800
2016-11-30,1.340000033378601,1.3600000143051147,1.2599999904632568,1.2799999713897705,0.8516132235527039,8826383
2016-12-01,1.2899999618530273,1.3200000524520874,1.2899999618530273,1.309999942779541,0.8715727925300598,1943112
2016-12-02,1.2999999523162842,1.3300000429153442,1.2899999618530273,1.2899999618530273,0.8582664728164673,1610000
2016-12-05,1.2999999523162842,1.3200000524520874,1.2899999618530273,1.2999999523162842,0.8649197816848755,589000
2016-12-06,1.2999999523162842,1.3300000429153442,1.2999999523162842,1.3200000524520874,0.8782262206077576,882000
2016-12-07,1.3200000524520874,1.3700000047683716,1.3200000524520874,1.3700000047683716,0.9114921689033508,1506000
2016-12-08,1.3799999952316284,1.3899999856948853,1.3600000143051147,1.3700000047683716,0.9114921689033508,3787000
2016-12-09,1.3600000143051147,1.3600000143051147,1.340000033378601,1.350000023841858,0.9114924669265747,754000
2016-12-12,1.350000023841858,1.350000023841858,1.2799999713897705,1.2999999523162842,0.8777334094047546,2608178
2016-12-13,1.2899999618530273,1.3300000429153442,1.2899999618530273,1.3200000524520874,0.8912369608879089,1868000
2016-12-14,1.3300000429153442,1.340000033378601,1.2999999523162842,1.3300000429153442,0.8979887962341309,882000
2016-12-15,1.309999942779541,1.309999942779541,1.2899999618530273,1.309999942779541,0.8844850659370422,1246000
2016-12-16,1.2899999618530273,1.309999942779541,1.2899999618530273,1.2999999523162842,0.8777334094047546,464000
2016-12-19,1.2999999523162842,1.309999942779541,1.2799999713897705,1.2999999523162842,0.8777334094047546,300000
2016-12-20,1.2999999523162842,1.3200000524520874,1.2899999618530273,1.3200000524520874,0.8912369608879089,466000
2016-12-21,1.3200000524520874,1.3200000524520874,1.2899999618530273,1.2999999523162842,0.8777334094047546,400181
2016-12-22,1.2999999523162842,1.2999999523162842,1.2799999713897705,1.2999999523162842,0.8777334094047546,908000
2016-12-23,1.2899999618530273,1.2999999523162842,1.2799999713897705,1.2999999523162842,0.8777334094047546,277000
2016-12-28,1.2799999713897705,1.2899999618530273,1.2699999809265137,1.2899999618530273,0.8709814548492432,996000
2016-12-29,1.2899999618530273,1.2999999523162842,1.2799999713897705,1.2999999523162842,0.8777334094047546,338000
2016-12-30,1.2999999523162842,1.309999942779541,1.2999999523162842,1.2999999523162842,0.8777334094047546,302000
2017-01-03,1.2899999618530273,1.2999999523162842,1.2799999713897705,1.2899999618530273,0.8709814548492432,634000
2017-01-04,1.2799999713897705,1.2999999523162842,1.2799999713897705,1.2999999523162842,0.8777334094047546,336000
2017-01-05,1.309999942779541,1.309999942779541,1.2899999618530273,1.2999999523162842,0.8777334094047546,176000
2017-01-06,1.3200000524520874,1.3200000524520874,1.2899999618530273,1.2999999523162842,0.8777334094047546,188423
2017-01-09,1.2999999523162842,1.2999999523162842,1.2899999618530273,1.2999999523162842,0.8777334094047546,426000
2017-01-10,1.309999942779541,1.309999942779541,1.2999999523162842,1.2999999523162842,0.8777334094047546,300000
2017-01-11,1.2999999523162842,1.3300000429153442,1.2899999618530273,1.2999999523162842,0.8777334094047546,336000
2017-01-12,1.2999999523162842,1.3200000524520874,1.2999999523162842,1.309999942779541,0.8844850659370422,188000
2017-01-13,1.309999942779541,1.3200000524520874,1.2899999618530273,1.309999942779541,0.8844850659370422,548000
2017-01-16,1.2999999523162842,1.309999942779541,1.2799999713897705,1.2899999618530273,0.8709814548492432,488000
2017-01-17,1.2999999523162842,1.2999999523162842,1.2899999618530273,1.2899999618530273,0.8709814548492432,238000
2017-01-18,1.2899999618530273,1.309999942779541,1.2899999618530273,1.2999999523162842,0.8777334094047546,192000
2017-01-19,1.2899999618530273,1.2999999523162842,1.2899999618530273,1.2899999618530273,0.8709814548492432,326000
2017-01-20,1.2899999618530273,1.2999999523162842,1.2899999618530273,1.2899999618530273,0.8709814548492432,526000
2017-01-23,1.2899999618530273,1.2899999618530273,1.2599999904632568,1.2699999809265137,0.8574778437614441,920000
2017-01-24,1.2699999809265137,1.2999999523162842,1.2699999809265137,1.2999999523162842,0.8777334094047546,598000
2017-01-25,1.2999999523162842,1.309999942779541,1.2999999523162842,1.2999999523162842,0.8777334094047546,156000
2017-01-26,1.309999942779541,1.309999942779541,1.2899999618530273,1.2999999523162842,0.8777334094047546,310000
2017-01-27,1.2899999618530273,1.2999999523162842,1.2899999618530273,1.2999999523162842,0.8777334094047546,310000
2017-02-01,1.2999999523162842,1.3200000524520874,1.2899999618530273,1.3200000524520874,0.8912369608879089,664000
2017-02-02,1.3200000524520874,1.340000033378601,1.2999999523162842,1.3200000524520874,0.8912369608879089,652000
2017-02-03,1.3200000524520874,1.3300000429153442,1.2999999523162842,1.3200000524520874,0.8912369608879089,710000
2017-02-06,1.3200000524520874,1.3899999856948853,1.3200000524520874,1.3700000047683716,0.9249957799911499,1996000
2017-02-07,1.350000023841858,1.3700000047683716,1.3300000429153442,1.3600000143051147,0.9182440638542175,1384000
2017-02-08,1.350000023841858,1.3700000047683716,1.340000033378601,1.3600000143051147,0.9182440638542175,1097209
2017-02-09,1.3799999952316284,1.399999976158142,1.350000023841858,1.3700000047683716,0.9249957799911499,1214000
2017-02-10,1.3799999952316284,1.3899999856948853,1.3600000143051147,1.3700000047683716,0.9249957799911499,1882000
2017-02-13,1.3799999952316284,1.3899999856948853,1.3300000429153442,1.3300000429153442,0.8979887962341309,1202000
2017-02-14,1.340000033378601,1.350000023841858,1.3300000429153442,1.350000023841858,0.9114924669265747,309677
2017-02-15,1.340000033378601,1.350000023841858,1.340000033378601,1.340000033378601,0.9047405123710632,522000
2017-02-16,1.340000033378601,1.350000023841858,1.3300000429153442,1.350000023841858,0.9114924669265747,434000
2017-02-17,1.3300000429153442,1.340000033378601,1.309999942779541,1.3200000524520874,0.8912369608879089,470000
2017-02-20,1.309999942779541,1.3200000524520874,1.2999999523162842,1.309999942779541,0.8844850659370422,1148000
2017-02-21,1.2999999523162842,1.2999999523162842,1.2799999713897705,1.2799999713897705,0.8642297983169556,2390000
2017-02-22,1.2799999713897705,1.309999942779541,1.2799999713897705,1.2899999618530273,0.8709814548492432,1090000
2017-02-23,1.2899999618530273,1.2999999523162842,1.2799999713897705,1.2899999618530273,0.8709814548492432,1076000
2017-02-24,1.2799999713897705,1.309999942779541,1.2799999713897705,1.2999999523162842,0.8777334094047546,247700
2017-02-27,1.2899999618530273,1.2999999523162842,1.2699999809265137,1.2699999809265137,0.8574778437614441,2618000
2017-02-28,1.2799999713897705,1.2799999713897705,1.2699999809265137,1.2699999809265137,0.8574778437614441,1292000
2017-03-01,1.2699999809265137,1.2999999523162842,1.2699999809265137,1.2899999618530273,0.8709814548492432,850000
2017-03-02,1.2899999618530273,1.2999999523162842,1.2799999713897705,1.2799999713897705,0.8642297983169556,564000
2017-03-03,1.2799999713897705,1.2999999523162842,1.2799999713897705,1.2999999523162842,0.8777334094047546,484000
2017-03-06,1.2999999523162842,1.2999999523162842,1.2799999713897705,1.2999999523162842,0.8777334094047546,148000
2017-03-07,1.2899999618530273,1.2999999523162842,1.2799999713897705,1.2999999523162842,0.8777334094047546,966000
2017-03-08,1.2799999713897705,1.2999999523162842,1.2799999713897705,1.2899999618530273,0.8709814548492432,180000
2017-03-09,1.2899999618530273,1.2899999618530273,1.2799999713897705,1.2799999713897705,0.8642297983169556,392000
2017-03-10,1.2799999713897705,1.2899999618530273,1.2599999904632568,1.2899999618530273,0.8709814548492432,1302000
2017-03-13,1.2899999618530273,1.2899999618530273,1.2699999809265137,1.2899999618530273,0.8709814548492432,542000
2017-03-14,1.2799999713897705,1.2899999618530273,1.2599999904632568,1.2799999713897705,0.8642297983169556,512000
2017-03-15,1.2699999809265137,1.2799999713897705,1.2699999809265137,1.2799999713897705,0.8642297983169556,176000
2017-03-16,1.2799999713897705,1.2799999713897705,1.2699999809265137,1.2799999713897705,0.8642297983169556,250553
2017-03-17,1.2799999713897705,1.2799999713897705,1.2599999904632568,1.2699999809265137,0.8574778437614441,1194000
2017-03-20,1.2699999809265137,1.2899999618530273,1.2699999809265137,1.2799999713897705,0.8642297983169556,4368000
2017-03-21,1.2799999713897705,1.2899999618530273,1.25,1.2599999904632568,0.8507261276245117,662000
2017-03-22,1.25,1.2699999809265137,1.25,1.2599999904632568,0.8507261276245117,224000
2017-03-23,1.2699999809265137,1.2799999713897705,1.2699999809265137,1.2799999713897705,0.8642297983169556,914000
2017-03-24,1.2799999713897705,1.2799999713897705,1.25,1.2599999904632568,0.8507261276245117,1460000
2017-03-27,1.2599999904632568,1.2699999809265137,1.25,1.25,0.8439742922782898,618000
2017-03-28,1.25,1.2599999904632568,1.2400000095367432,1.2599999904632568,0.8507261276245117,698000
2017-03-29,1.2599999904632568,1.2699999809265137,1.25,1.2599999904632568,0.8507261276245117,258000
2017-03-30,1.25,1.2599999904632568,1.25,1.25,0.8439742922782898,424000
2017-03-31,1.25,1.2599999904632568,1.25,1.2599999904632568,0.8507261276245117,462000
2017-04-03,1.2599999904632568,1.2599999904632568,1.25,1.2599999904632568,0.8507261276245117,194000
2017-04-05,1.2599999904632568,1.2699999809265137,1.2400000095367432,1.2599999904632568,0.8507261276245117,1152000
2017-04-06,1.25,1.2599999904632568,1.2400000095367432,1.25,0.8439742922782898,364000
2017-04-07,1.25,1.2599999904632568,1.2100000381469727,1.2400000095367432,0.8372225165367126,2802000
2017-04-10,1.2400000095367432,1.2400000095367432,1.2200000286102295,1.2400000095367432,0.8372225165367126,418000
2017-04-11,1.2300000190734863,1.25,1.2200000286102295,1.25,0.8439742922782898,396000
2017-04-12,1.2300000190734863,1.25,1.2200000286102295,1.2300000190734863,0.830470860004425,718000
2017-04-13,1.2200000286102295,1.2400000095367432,1.2200000286102295,1.2300000190734863,0.830470860004425,266000
2017-04-18,1.2300000190734863,1.2400000095367432,1.2000000476837158,1.2000000476837158,0.8102154731750488,680000
2017-04-19,1.2000000476837158,1.2300000190734863,1.2000000476837158,1.2300000190734863,0.830470860004425,739677
2017-04-20,1.2100000381469727,1.2300000190734863,1.2000000476837158,1.2200000286102295,0.8237190842628479,640000
2017-04-21,1.2200000286102295,1.2200000286102295,1.2000000476837158,1.2100000381469727,0.8169671297073364,498000
2017-04-24,1.2100000381469727,1.2200000286102295,1.2000000476837158,1.2200000286102295,0.8237190842628479,338000
2017-04-25,1.2200000286102295,1.2300000190734863,1.2000000476837158,1.2200000286102295,0.8237190842628479,214000
2017-04-26,1.2300000190734863,1.2400000095367432,1.2300000190734863,1.2400000095367432,0.8372225165367126,74000
2017-04-27,1.2400000095367432,1.2400000095367432,1.2200000286102295,1.2200000286102295,0.8237190842628479,284000
2017-04-28,1.2400000095367432,1.2599999904632568,1.2100000381469727,1.2200000286102295,0.8237190842628479,1928000
2017-05-02,1.2300000190734863,1.25,1.2200000286102295,1.25,0.8439742922782898,300000
2017-05-04,1.25,1.2599999904632568,1.2400000095367432,1.2400000095367432,0.8372225165367126,338000
2017-05-05,1.2200000286102295,1.2400000095367432,1.2100000381469727,1.2200000286102295,0.8237190842628479,316000
2017-05-08,1.2200000286102295,1.2400000095367432,1.2200000286102295,1.2400000095367432,0.8372225165367126,174000
2017-05-09,1.2400000095367432,1.2400000095367432,1.2200000286102295,1.2300000190734863,0.830470860004425,242911
2017-05-10,1.2300000190734863,1.2300000190734863,1.2200000286102295,1.2200000286102295,0.8237190842628479,274000
2017-05-11,1.2200000286102295,1.2400000095367432,1.2200000286102295,1.2300000190734863,0.830470860004425,330000
2017-05-12,1.2300000190734863,1.25,1.2200000286102295,1.2300000190734863,0.830470860004425,815380
2017-05-15,1.2300000190734863,1.25,1.2100000381469727,1.2100000381469727,0.8169671297073364,1326000
2017-05-16,1.2100000381469727,1.2799999713897705,1.2100000381469727,1.2699999809265137,0.8574778437614441,4031000
2017-05-17,1.2899999618530273,1.2899999618530273,1.2000000476837158,1.2100000381469727,0.8169671297073364,6870000
2017-05-18,1.2000000476837158,1.2000000476837158,1.149999976158142,1.190000057220459,0.8034636378288269,2504000
2017-05-19,1.190000057220459,1.2000000476837158,1.1699999570846558,1.2000000476837158,0.8102154731750488,700000
2017-05-22,1.190000057220459,1.2000000476837158,1.159999966621399,1.1799999475479126,0.7967116832733154,762000
2017-05-23,1.1799999475479126,1.190000057220459,1.1699999570846558,1.1699999570846558,0.7899599671363831,763999
2017-05-24,1.159999966621399,1.190000057220459,1.159999966621399,1.190000057220459,0.8034636378288269,1100000
2017-05-25,1.1799999475479126,1.190000057220459,1.1699999570846558,1.190000057220459,0.8034636378288269,1142000
2017-05-26,1.190000057220459,1.190000057220459,1.1699999570846558,1.1699999570846558,0.7899599671363831,310000
2017-05-29,1.1699999570846558,1.190000057220459,1.159999966621399,1.159999966621399,0.7832082509994507,1506000
2017-05-31,1.159999966621399,1.190000057220459,1.159999966621399,1.190000057220459,0.8034636378288269,414000
2017-06-01,1.1799999475479126,1.190000057220459,1.159999966621399,1.1699999570846558,0.7899599671363831,878000
2017-06-02,1.1699999570846558,1.1799999475479126,1.149999976158142,1.159999966621399,0.7832082509994507,1300690
2017-06-05,1.159999966621399,1.1699999570846558,1.149999976158142,1.1699999570846558,0.7899599671363831,238000
2017-06-06,1.1699999570846558,1.1699999570846558,1.149999976158142,1.159999966621399,0.7832082509994507,390000
2017-06-07,1.1699999570846558,1.1799999475479126,1.159999966621399,1.159999966621399,0.7832082509994507,862000
2017-06-08,1.1799999475479126,1.2100000381469727,1.159999966621399,1.159999966621399,0.7832082509994507,1686000
2017-06-09,1.159999966621399,1.1699999570846558,1.159999966621399,1.159999966621399,0.7832082509994507,700000
2017-06-12,1.159999966621399,1.159999966621399,1.1399999856948853,1.1399999856948853,0.7697045803070068,692000
2017-06-13,1.149999976158142,1.159999966621399,1.1399999856948853,1.1399999856948853,0.7697045803070068,1374000
2017-06-14,1.149999976158142,1.149999976158142,1.1299999952316284,1.1299999952316284,0.7629528045654297,1044000
2017-06-15,1.149999976158142,1.159999966621399,1.1200000047683716,1.1299999952316284,0.7629528045654297,876000
2017-06-16,1.1299999952316284,1.1399999856948853,1.1200000047683716,1.1299999952316284,0.7629528045654297,603340
2017-06-19,1.1200000047683716,1.1399999856948853,1.1200000047683716,1.1299999952316284,0.7629528045654297,774000
2017-06-20,1.1299999952316284,1.149999976158142,1.1299999952316284,1.1299999952316284,0.7629528045654297,986686
2017-06-21,1.1299999952316284,1.1399999856948853,1.1299999952316284,1.1299999952316284,0.7629528045654297,474000
2017-06-22,1.1299999952316284,1.149999976158142,1.1200000047683716,1.1399999856948853,0.7697045803070068,462000
2017-06-23,1.1399999856948853,1.159999966621399,1.1399999856948853,1.149999976158142,0.7764564156532288,430000
2017-06-26,1.149999976158142,1.1699999570846558,1.149999976158142,1.1699999570846558,0.7899599671363831,520000
2017-06-27,1.159999966621399,1.1699999570846558,1.149999976158142,1.1699999570846558,0.7899599671363831,464000
2017-06-28,1.159999966621399,1.2699999809265137,1.1299999952316284,1.2599999904632568,0.8507261276245117,8418000
2017-06-29,1.2699999809265137,1.2799999713897705,1.2000000476837158,1.2200000286102295,0.8237190842628479,3632000
2017-06-30,1.2200000286102295,1.2300000190734863,1.2000000476837158,1.2200000286102295,0.8237190842628479,1544000
2017-07-03,1.2200000286102295,1.2400000095367432,1.2200000286102295,1.2300000190734863,0.830470860004425,914000
2017-07-04,1.2300000190734863,1.2300000190734863,1.190000057220459,1.2000000476837158,0.8102154731750488,2082000
2017-07-05,1.2000000476837158,1.2000000476837158,1.159999966621399,1.1799999475479126,0.7967116832733154,1976000
2017-07-06,1.1799999475479126,1.2000000476837158,1.1799999475479126,1.2000000476837158,0.8102154731750488,408000
2017-07-07,1.2000000476837158,1.2100000381469727,1.2000000476837158,1.2100000381469727,0.8169671297073364,806000
2017-07-10,1.2200000286102295,1.2200000286102295,1.2000000476837158,1.2100000381469727,0.8169671297073364,460000
2017-07-11,1.2200000286102295,1.2200000286102295,1.2100000381469727,1.2200000286102295,0.8237190842628479,442000
2017-07-12,1.2000000476837158,1.2200000286102295,1.2000000476837158,1.2100000381469727,0.8169671297073364,540000
2017-07-13,1.2200000286102295,1.2200000286102295,1.2000000476837158,1.2100000381469727,0.8169671297073364,1766000
2017-07-14,1.2000000476837158,1.2200000286102295,1.2000000476837158,1.2100000381469727,0.8169671297073364,938000
2017-07-17,1.2000000476837158,1.2300000190734863,1.2000000476837158,1.2300000190734863,0.830470860004425,358000
2017-07-18,1.2100000381469727,1.2300000190734863,1.2100000381469727,1.2300000190734863,0.830470860004425,548000
2017-07-19,1.2300000190734863,1.2400000095367432,1.2200000286102295,1.2400000095367432,0.8372225165367126,864000
2017-07-20,1.2400000095367432,1.25,1.2100000381469727,1.2400000095367432,0.8372225165367126,730000
2017-07-21,1.2100000381469727,1.2400000095367432,1.2000000476837158,1.2100000381469727,0.8169671297073364,1061040
2017-07-24,1.2100000381469727,1.2100000381469727,1.190000057220459,1.2100000381469727,0.8169671297073364,1212000
2017-07-25,1.2100000381469727,1.2100000381469727,1.2000000476837158,1.2000000476837158,0.8102154731750488,442000
2017-07-26,1.2000000476837158,1.2200000286102295,1.1799999475479126,1.190000057220459,0.8034636378288269,1496000
2017-07-27,1.2100000381469727,1.2100000381469727,1.190000057220459,1.2000000476837158,0.8102154731750488,1568000
2017-07-28,1.190000057220459,1.2100000381469727,1.190000057220459,1.2000000476837158,0.8102154731750488,442000
2017-07-31,1.2000000476837158,1.2100000381469727,1.2000000476837158,1.2100000381469727,0.8169671297073364,3952000
2017-08-01,1.2100000381469727,1.2100000381469727,1.190000057220459,1.190000057220459,0.8034636378288269,624000
2017-08-02,1.190000057220459,1.2000000476837158,1.1799999475479126,1.190000057220459,0.8034636378288269,1408000
2017-08-03,1.1799999475479126,1.2100000381469727,1.1799999475479126,1.2100000381469727,0.8169671297073364,581800
2017-08-04,1.2000000476837158,1.2000000476837158,1.190000057220459,1.190000057220459,0.8034636378288269,284000
2017-08-07,1.190000057220459,1.2100000381469727,1.190000057220459,1.190000057220459,0.8034636378288269,130000
2017-08-08,1.190000057220459,1.2000000476837158,1.190000057220459,1.2000000476837158,0.8102154731750488,442000
2017-08-09,1.190000057220459,1.190000057220459,1.1699999570846558,1.190000057220459,0.8034636378288269,854000
2017-08-10,1.190000057220459,1.190000057220459,1.1699999570846558,1.190000057220459,0.8034636378288269,238000
2017-08-11,1.1799999475479126,1.1799999475479126,1.1699999570846558,1.1699999570846558,0.7899599671363831,392000
2017-08-14,1.1799999475479126,1.190000057220459,1.1699999570846558,1.1699999570846558,0.7899599671363831,918000
2017-08-15,1.1799999475479126,1.190000057220459,1.159999966621399,1.1799999475479126,0.7967116832733154,460000
2017-08-16,1.1699999570846558,1.1799999475479126,1.1699999570846558,1.1799999475479126,0.7967116832733154,134000
2017-08-17,1.159999966621399,1.1799999475479126,1.159999966621399,1.1699999570846558,0.7899599671363831,248654
2017-08-18,1.1699999570846558,1.190000057220459,1.1699999570846558,1.190000057220459,0.8034636378288269,224000
2017-08-21,1.190000057220459,1.190000057220459,1.149999976158142,1.1699999570846558,0.7899599671363831,950000
2017-08-22,1.159999966621399,1.1799999475479126,1.149999976158142,1.1699999570846558,0.7899599671363831,1438000
2017-08-23,1.1699999570846558,1.1699999570846558,1.1699999570846558,1.1699999570846558,0.7899599671363831,0
2017-08-24,1.159999966621399,1.190000057220459,1.159999966621399,1.1799999475479126,0.7967116832733154,802000
2017-08-25,1.159999966621399,1.1799999475479126,1.149999976158142,1.159999966621399,0.7832082509994507,1458000
2017-08-28,1.149999976158142,1.190000057220459,1.149999976158142,1.1799999475479126,0.7967116832733154,1394000
2017-08-29,1.190000057220459,1.190000057220459,1.159999966621399,1.1799999475479126,0.7967116832733154,796000
2017-08-30,1.159999966621399,1.159999966621399,1.1399999856948853,1.1399999856948853,0.7796149253845215,1218000
2017-08-31,1.1399999856948853,1.159999966621399,1.1399999856948853,1.159999966621399,0.7932924628257751,246000
2017-09-01,1.1699999570846558,1.1799999475479126,1.149999976158142,1.159999966621399,0.7932924628257751,162000
2017-09-04,1.149999976158142,1.149999976158142,1.1200000047683716,1.1200000047683716,0.7659375667572021,2012000
2017-09-05,1.1299999952316284,1.1299999952316284,1.1100000143051147,1.1200000047683716,0.7659375667572021,1848000
2017-09-06,1.1299999952316284,1.1299999952316284,1.100000023841858,1.1200000047683716,0.7659375667572021,1696000
2017-09-07,1.1299999952316284,1.1299999952316284,1.1100000143051147,1.1100000143051147,0.7590988874435425,3314000
2017-09-08,1.1100000143051147,1.1299999952316284,1.1100000143051147,1.1200000047683716,0.7659375667572021,1438000
2017-09-11,1.1200000047683716,1.1299999952316284,1.100000023841858,1.100000023841858,0.7522600889205933,3274000
2017-09-12,1.100000023841858,1.1100000143051147,1.090000033378601,1.1100000143051147,0.7590988874435425,1914000
2017-09-13,1.1100000143051147,1.1200000047683716,1.100000023841858,1.1100000143051147,0.7590988874435425,860000
2017-09-14,1.100000023841858,1.1200000047683716,1.100000023841858,1.1100000143051147,0.7590988874435425,164000
2017-09-15,1.1100000143051147,1.1200000047683716,1.100000023841858,1.100000023841858,0.7522600889205933,484000
2017-09-18,1.100000023841858,1.1799999475479126,1.100000023841858,1.1200000047683716,0.7659375667572021,3372000
2017-09-19,1.1200000047683716,1.1200000047683716,1.1100000143051147,1.1200000047683716,0.7659375667572021,1432000
2017-09-20,1.1200000047683716,1.1299999952316284,1.1100000143051147,1.1200000047683716,0.7659375667572021,1646000
2017-09-21,1.1200000047683716,1.149999976158142,1.1100000143051147,1.1200000047683716,0.7659375667572021,4180000
2017-09-22,1.1200000047683716,1.1299999952316284,1.1100000143051147,1.1200000047683716,0.7659375667572021,1882000
2017-09-25,1.1200000047683716,1.1200000047683716,1.090000033378601,1.100000023841858,0.7522600889205933,1486000
2017-09-26,1.100000023841858,1.1100000143051147,1.090000033378601,1.100000023841858,0.7522600889205933,1234000
2017-09-27,1.100000023841858,1.1100000143051147,1.090000033378601,1.100000023841858,0.7522600889205933,460000
2017-09-28,1.100000023841858,1.1100000143051147,1.090000033378601,1.100000023841858,0.7522600889205933,600000
2017-09-29,1.100000023841858,1.1100000143051147,1.090000033378601,1.100000023841858,0.7522600889205933,1028370
2017-10-03,1.100000023841858,1.1200000047683716,1.100000023841858,1.1100000143051147,0.7590988874435425,1268000
2017-10-04,1.1100000143051147,1.1200000047683716,1.1100000143051147,1.1200000047683716,0.7659375667572021,2390000
2017-10-06,1.1100000143051147,1.1200000047683716,1.1100000143051147,1.1100000143051147,0.7590988874435425,5134000
2017-10-09,1.1100000143051147,1.1200000047683716,1.100000023841858,1.100000023841858,0.7522600889205933,1400000
2017-10-10,1.1100000143051147,1.1200000047683716,1.100000023841858,1.1100000143051147,0.7590988874435425,2546000
2017-10-11,1.1100000143051147,1.1200000047683716,1.1100000143051147,1.1200000047683716,0.7659375667572021,3740000
2017-10-12,1.1200000047683716,1.1399999856948853,1.1100000143051147,1.1399999856948853,0.7796149253845215,10872000
2017-10-13,1.1399999856948853,1.1699999570846558,1.1299999952316284,1.159999966621399,0.7932924628257751,19276000
2017-10-16,1.1799999475479126,1.2100000381469727,1.159999966621399,1.1799999475479126,0.8069698810577393,13506000
2017-10-17,1.2100000381469727,1.2100000381469727,1.190000057220459,1.2000000476837158,0.8206474184989929,6612000
2017-10-18,1.2000000476837158,1.2100000381469727,1.190000057220459,1.2000000476837158,0.8206474184989929,4786000
2017-10-19,1.2000000476837158,1.2899999618530273,1.2000000476837158,1.2300000190734863,0.8411635160446167,12556000
2017-10-20,1.25,1.25,1.2200000286102295,1.2300000190734863,0.8411635160446167,7936000
2017-10-23,1.2400000095367432,1.2400000095367432,1.2000000476837158,1.2100000381469727,0.8274860978126526,4858000
2017-10-24,1.2000000476837158,1.2100000381469727,1.1799999475479126,1.190000057220459,0.8138085603713989,2570000
2017-10-25,1.1799999475479126,1.2000000476837158,1.1799999475479126,1.2000000476837158,0.8206474184989929,1394000
2017-10-26,1.2000000476837158,1.2000000476837158,1.1799999475479126,1.190000057220459,0.8138085603713989,458000
2017-10-27,1.190000057220459,1.2000000476837158,1.1799999475479126,1.190000057220459,0.8138085603713989,1630000
2017-10-30,1.1799999475479126,1.190000057220459,1.1699999570846558,1.1799999475479126,0.8069698810577393,1292000
2017-10-31,1.1799999475479126,1.1799999475479126,1.159999966621399,1.1799999475479126,0.8069698810577393,984000
2017-11-01,1.1699999570846558,1.1799999475479126,1.1699999570846558,1.1799999475479126,0.8069698810577393,488000
2017-11-02,1.1699999570846558,1.1799999475479126,1.159999966621399,1.1699999570846558,0.80013108253479,1406000
2017-11-03,1.1799999475479126,1.2100000381469727,1.1799999475479126,1.190000057220459,0.8138085603713989,1820000
2017-11-06,1.2100000381469727,1.25,1.2000000476837158,1.25,0.8548410534858704,10670000
2017-11-07,1.2400000095367432,1.2599999904632568,1.2200000286102295,1.2400000095367432,0.8480022549629211,6244000
2017-11-08,1.2400000095367432,1.2400000095367432,1.2100000381469727,1.2100000381469727,0.8274860978126526,4362000
2017-11-09,1.2200000286102295,1.2200000286102295,1.2000000476837158,1.2000000476837158,0.8206474184989929,5240000
2017-11-10,1.2000000476837158,1.2100000381469727,1.190000057220459,1.2000000476837158,0.8206474184989929,1600000
2017-11-13,1.2000000476837158,1.2200000286102295,1.2000000476837158,1.2200000286102295,0.8343248963356018,3094000
2017-11-14,1.2100000381469727,1.2100000381469727,1.1799999475479126,1.1799999475479126,0.8069698810577393,3520000
2017-11-15,1.1799999475479126,1.1799999475479126,1.1699999570846558,1.1699999570846558,0.80013108253479,1213000
2017-11-16,1.1799999475479126,1.190000057220459,1.159999966621399,1.1799999475479126,0.8069698810577393,1702000
2017-11-17,1.1799999475479126,1.1799999475479126,1.159999966621399,1.1699999570846558,0.80013108253479,1476000
2017-11-20,1.1699999570846558,1.1699999570846558,1.1399999856948853,1.149999976158142,0.7864537239074707,3492000
2017-11-21,1.159999966621399,1.159999966621399,1.1399999856948853,1.1399999856948853,0.7796149253845215,2098000
2017-11-22,1.1399999856948853,1.159999966621399,1.1399999856948853,1.159999966621399,0.7932924628257751,1100000
2017-11-23,1.149999976158142,1.159999966621399,1.149999976158142,1.159999966621399,0.7932924628257751,594000
2017-11-24,1.149999976158142,1.1699999570846558,1.149999976158142,1.1699999570846558,0.80013108253479,1000000
2017-11-27,1.1699999570846558,1.1799999475479126,1.159999966621399,1.1699999570846558,0.80013108253479,1184000
2017-11-28,1.1699999570846558,1.1699999570846558,1.1399999856948853,1.159999966621399,0.7932924628257751,6682000
2017-11-29,1.159999966621399,1.159999966621399,1.149999976158142,1.149999976158142,0.7864537239074707,1850000
2017-11-30,1.149999976158142,1.149999976158142,1.1399999856948853,1.1399999856948853,0.7796149253845215,1480000
2017-12-01,1.149999976158142,1.149999976158142,1.1299999952316284,1.1299999952316284,0.7727761268615723,2540000
2017-12-04,1.1399999856948853,1.159999966621399,1.1299999952316284,1.1399999856948853,0.7796149253845215,2256000
2017-12-05,1.1399999856948853,1.149999976158142,1.1299999952316284,1.149999976158142,0.7864537239074707,1076000
2017-12-06,1.149999976158142,1.149999976158142,1.1100000143051147,1.1100000143051147,0.7590988874435425,7304000
2017-12-07,1.1100000143051147,1.1299999952316284,1.1100000143051147,1.1299999952316284,0.7727761268615723,652000
2017-12-08,1.1200000047683716,1.159999966621399,1.1200000047683716,1.149999976158142,0.7864537239074707,1634000
2017-12-11,1.1399999856948853,1.1399999856948853,1.1200000047683716,1.1299999952316284,0.7864536643028259,412000
2017-12-12,1.1299999952316284,1.1699999570846558,1.1299999952316284,1.1399999856948853,0.7934134602546692,2932000
2017-12-13,1.1299999952316284,1.1399999856948853,1.1200000047683716,1.1299999952316284,0.7864536643028259,992000
2017-12-14,1.1200000047683716,1.1299999952316284,1.1200000047683716,1.1299999952316284,0.7864536643028259,426000
2017-12-15,1.1299999952316284,1.1399999856948853,1.1100000143051147,1.1399999856948853,0.7934134602546692,442000
2017-12-18,1.1299999952316284,1.149999976158142,1.1299999952316284,1.1299999952316284,0.7864536643028259,1158000
2017-12-19,1.1299999952316284,1.149999976158142,1.1299999952316284,1.1399999856948853,0.7934134602546692,728000
2017-12-20,1.1299999952316284,1.1399999856948853,1.1200000047683716,1.1399999856948853,0.7934134602546692,1612000
2017-12-21,1.1299999952316284,1.1399999856948853,1.1299999952316284,1.1399999856948853,0.7934134602546692,246000
2017-12-22,1.1399999856948853,1.1399999856948853,1.1200000047683716,1.1299999952316284,0.7864536643028259,364000
2017-12-27,1.1299999952316284,1.1299999952316284,1.1200000047683716,1.1299999952316284,0.7864536643028259,538000
2017-12-28,1.1299999952316284,1.1299999952316284,1.1200000047683716,1.1299999952316284,0.7864536643028259,506000
2017-12-29,1.1299999952316284,1.159999966621399,1.1299999952316284,1.1399999856948853,0.7934134602546692,3786000
2018-01-02,1.1399999856948853,1.149999976158142,1.1399999856948853,1.149999976158142,0.8003732562065125,1494000
2018-01-03,1.149999976158142,1.149999976158142,1.1299999952316284,1.1299999952316284,0.7864536643028259,3350000
2018-01-04,1.1299999952316284,1.1399999856948853,1.1299999952316284,1.1399999856948853,0.7934134602546692,2080000
2018-01-05,1.1399999856948853,1.149999976158142,1.1299999952316284,1.1399999856948853,0.7934134602546692,1780000
2018-01-08,1.149999976158142,1.149999976158142,1.1399999856948853,1.1399999856948853,0.7934134602546692,2164000
2018-01-09,1.1399999856948853,1.1399999856948853,1.1299999952316284,1.1399999856948853,0.7934134602546692,2850000
2018-01-10,1.1399999856948853,1.1399999856948853,1.1299999952316284,1.1299999952316284,0.7864536643028259,912000
2018-01-11,1.1299999952316284,1.1399999856948853,1.1299999952316284,1.1399999856948853,0.7934134602546692,1020000
2018-01-12,1.1399999856948853,1.1399999856948853,1.1200000047683716,1.1299999952316284,0.7864536643028259,3522000
2018-01-15,1.1399999856948853,1.149999976158142,1.1299999952316284,1.1399999856948853,0.7934134602546692,9182000
2018-01-16,1.1399999856948853,1.149999976158142,1.1299999952316284,1.1299999952316284,0.7864536643028259,2222000
2018-01-17,1.1299999952316284,1.1399999856948853,1.1200000047683716,1.1399999856948853,0.7934134602546692,1686000
2018-01-18,1.1299999952316284,1.1399999856948853,1.1200000047683716,1.1399999856948853,0.7934134602546692,2794000
2018-01-19,1.1299999952316284,1.149999976158142,1.1299999952316284,1.1399999856948853,0.7934134602546692,1758000
2018-01-22,1.1399999856948853,1.1399999856948853,1.1299999952316284,1.1299999952316284,0.7864536643028259,1170000
2018-01-23,1.1299999952316284,1.149999976158142,1.1200000047683716,1.149999976158142,0.8003732562065125,1450000
2018-01-24,1.1399999856948853,1.149999976158142,1.1399999856948853,1.1399999856948853,0.7934134602546692,1508000
2018-01-25,1.1399999856948853,1.149999976158142,1.1399999856948853,1.149999976158142,0.8003732562065125,690000
2018-01-26,1.149999976158142,1.159999966621399,1.1399999856948853,1.159999966621399,0.8073331117630005,2798000
2018-01-29,1.159999966621399,1.1699999570846558,1.149999976158142,1.159999966621399,0.8073331117630005,2600000
2018-01-30,1.159999966621399,1.1699999570846558,1.149999976158142,1.159999966621399,0.8073331117630005,1584000
2018-01-31,1.159999966621399,1.1699999570846558,1.149999976158142,1.1699999570846558,0.8142927289009094,816000
2018-02-01,1.1699999570846558,1.190000057220459,1.159999966621399,1.159999966621399,0.8073331117630005,3632000
2018-02-02,1.1699999570846558,1.190000057220459,1.159999966621399,1.1799999475479126,0.8212525248527527,1458000
2018-02-05,1.1699999570846558,1.1799999475479126,1.149999976158142,1.159999966621399,0.8073331117630005,2086000
2018-02-06,1.1399999856948853,1.1399999856948853,1.1200000047683716,1.1299999952316284,0.7864536643028259,3202000
2018-02-07,1.1299999952316284,1.149999976158142,1.1200000047683716,1.1399999856948853,0.7934134602546692,3106000
2018-02-08,1.1200000047683716,1.149999976158142,1.1299999952316284,1.1399999856948853,0.7934134602546692,1024000
2018-02-09,1.1200000047683716,1.1200000047683716,1.100000023841858,1.1100000143051147,0.7725342512130737,4010000
2018-02-12,1.1100000143051147,1.1299999952316284,1.1100000143051147,1.1299999952316284,0.7864536643028259,748000
2018-02-13,1.1299999952316284,1.1399999856948853,1.1299999952316284,1.1299999952316284,0.7864536643028259,334000
2018-02-14,1.1299999952316284,1.1399999856948853,1.1299999952316284,1.1399999856948853,0.7934134602546692,358000
2018-02-15,1.1299999952316284,1.149999976158142,1.1299999952316284,1.1399999856948853,0.7934134602546692,544000
2018-02-20,1.149999976158142,1.149999976158142,1.1399999856948853,1.149999976158142,0.8003732562065125,894000
2018-02-21,1.1399999856948853,1.149999976158142,1.1299999952316284,1.149999976158142,0.8003732562065125,1174001
2018-02-22,1.149999976158142,1.159999966621399,1.1399999856948853,1.159999966621399,0.8073331117630005,622000
2018-02-23,1.149999976158142,1.1699999570846558,1.149999976158142,1.1699999570846558,0.8142927289009094,830000
2018-02-26,1.159999966621399,1.1699999570846558,1.149999976158142,1.159999966621399,0.8073331117630005,798000
2018-02-27,1.149999976158142,1.1699999570846558,1.149999976158142,1.149999976158142,0.8003732562065125,2030000
2018-02-28,1.149999976158142,1.1699999570846558,1.149999976158142,1.159999966621399,0.8073331117630005,740000
2018-03-01,1.159999966621399,1.1699999570846558,1.159999966621399,1.159999966621399,0.8073331117630005,974000
2018-03-02,1.1699999570846558,1.1699999570846558,1.149999976158142,1.1699999570846558,0.8142927289009094,1370000
2018-03-05,1.1699999570846558,1.1699999570846558,1.159999966621399,1.1699999570846558,0.8142927289009094,2116000
2018-03-06,1.1699999570846558,1.2100000381469727,1.159999966621399,1.2100000381469727,0.8421318531036377,7924000
2018-03-07,1.2000000476837158,1.2000000476837158,1.1799999475479126,1.190000057220459,0.828212320804596,3856000
2018-03-08,1.190000057220459,1.190000057220459,1.1799999475479126,1.190000057220459,0.828212320804596,1664000
2018-03-09,1.190000057220459,1.190000057220459,1.1799999475479126,1.190000057220459,0.828212320804596,208000
2018-03-12,1.2000000476837158,1.2000000476837158,1.1699999570846558,1.1799999475479126,0.8212525248527527,618000
2018-03-13,1.1799999475479126,1.190000057220459,1.1699999570846558,1.1699999570846558,0.8142927289009094,480000
2018-03-14,1.1699999570846558,1.1799999475479126,1.159999966621399,1.1699999570846558,0.8142927289009094,750000
2018-03-15,1.1699999570846558,1.190000057220459,1.1699999570846558,1.1799999475479126,0.8212525248527527,622000
2018-03-16,1.1799999475479126,1.190000057220459,1.1699999570846558,1.190000057220459,0.828212320804596,534000
2018-03-19,1.190000057220459,1.2000000476837158,1.1699999570846558,1.2000000476837158,0.835172176361084,1400000
2018-03-20,1.190000057220459,1.2000000476837158,1.1799999475479126,1.2000000476837158,0.835172176361084,543000
2018-03-21,1.1799999475479126,1.2000000476837158,1.1699999570846558,1.1699999570846558,0.8142927289009094,254000
2018-03-22,1.1699999570846558,1.1799999475479126,1.159999966621399,1.1699999570846558,0.8142927289009094,708000
2018-03-23,1.1399999856948853,1.159999966621399,1.1299999952316284,1.159999966621399,0.8073331117630005,962000
2018-03-26,1.1399999856948853,1.1699999570846558,1.1299999952316284,1.149999976158142,0.8003732562065125,1292000
2018-03-27,1.159999966621399,1.159999966621399,1.149999976158142,1.159999966621399,0.8073331117630005,178000
2018-03-28,1.149999976158142,1.159999966621399,1.1399999856948853,1.1399999856948853,0.7934134602546692,702000
2018-03-29,1.1399999856948853,1.149999976158142,1.1299999952316284,1.1399999856948853,0.7934134602546692,568000
2018-04-03,1.1399999856948853,1.149999976158142,1.1299999952316284,1.1399999856948853,0.7934134602546692,832000
2018-04-04,1.1299999952316284,1.1399999856948853,1.1200000047683716,1.1299999952316284,0.7864536643028259,1542000
2018-04-06,1.1299999952316284,1.149999976158142,1.1200000047683716,1.1299999952316284,0.7864536643028259,610000
2018-04-09,1.1299999952316284,1.1399999856948853,1.1200000047683716,1.1299999952316284,0.7864536643028259,1088000
2018-04-10,1.1399999856948853,1.1399999856948853,1.1200000047683716,1.1399999856948853,0.7934134602546692,1444000
2018-04-11,1.1399999856948853,1.1399999856948853,1.1200000047683716,1.1200000047683716,0.7794939875602722,1868000
2018-04-12,1.1299999952316284,1.1399999856948853,1.1299999952316284,1.1399999856948853,0.7934134602546692,222000
2018-04-13,1.1200000047683716,1.1299999952316284,1.1100000143051147,1.1200000047683716,0.7794939875602722,1300000
2018-04-16,1.1200000047683716,1.1399999856948853,1.1100000143051147,1.1100000143051147,0.7725342512130737,1314000
2018-04-17,1.1299999952316284,1.1299999952316284,1.1100000143051147,1.1100000143051147,0.7725342512130737,782000
2018-04-18,1.1200000047683716,1.149999976158142,1.1200000047683716,1.1299999952316284,0.7864536643028259,1716000
2018-04-19,1.149999976158142,1.149999976158142,1.1299999952316284,1.149999976158142,0.8003732562065125,744000
2018-04-20,1.1399999856948853,1.149999976158142,1.1299999952316284,1.1299999952316284,0.7864536643028259,690000
2018-04-23,1.1399999856948853,1.1399999856948853,1.090000033378601,1.100000023841858,0.7655744552612305,2170000
2018-04-24,1.1200000047683716,1.1299999952316284,1.1100000143051147,1.1200000047683716,0.7794939875602722,1162000
2018-04-25,1.1200000047683716,1.1200000047683716,1.1100000143051147,1.1100000143051147,0.7725342512130737,618000
2018-04-26,1.1200000047683716,1.1200000047683716,1.090000033378601,1.100000023841858,0.7655744552612305,1238000
2018-04-27,1.100000023841858,1.1100000143051147,1.100000023841858,1.100000023841858,0.7655744552612305,880000
2018-04-30,1.1200000047683716,1.1299999952316284,1.100000023841858,1.1100000143051147,0.7725342512130737,818000
2018-05-02,1.1200000047683716,1.1299999952316284,1.1100000143051147,1.1200000047683716,0.7794939875602722,1160000
2018-05-03,1.1200000047683716,1.1299999952316284,1.1100000143051147,1.1200000047683716,0.7794939875602722,712000
2018-05-04,1.1200000047683716,1.1299999952316284,1.100000023841858,1.1100000143051147,0.7725342512130737,554000
2018-05-07,1.1100000143051147,1.1200000047683716,1.100000023841858,1.1100000143051147,0.7725342512130737,1624000
2018-05-08,1.1100000143051147,1.1200000047683716,1.100000023841858,1.100000023841858,0.7655744552612305,1778000
2018-05-09,1.1100000143051147,1.1200000047683716,1.100000023841858,1.100000023841858,0.7655744552612305,1912000
2018-05-10,1.1100000143051147,1.1200000047683716,1.1100000143051147,1.1100000143051147,0.7725342512130737,3096000
2018-05-11,1.1100000143051147,1.1100000143051147,1.100000023841858,1.1100000143051147,0.7725342512130737,3084000
2018-05-14,1.1100000143051147,1.1200000047683716,1.100000023841858,1.1100000143051147,0.7725342512130737,2122000
2018-05-15,1.1100000143051147,1.1200000047683716,1.090000033378601,1.1100000143051147,0.7725342512130737,2644000
2018-05-16,1.100000023841858,1.1100000143051147,1.100000023841858,1.1100000143051147,0.7725342512130737,308000
2018-05-17,1.100000023841858,1.1100000143051147,1.100000023841858,1.1100000143051147,0.7725342512130737,792000
2018-05-18,1.1100000143051147,1.1100000143051147,1.100000023841858,1.1100000143051147,0.7725342512130737,510000
2018-05-21,1.1100000143051147,1.1200000047683716,1.100000023841858,1.1100000143051147,0.7725342512130737,411754
2018-05-23,1.100000023841858,1.1100000143051147,1.100000023841858,1.1100000143051147,0.7725342512130737,100000
2018-05-24,1.1100000143051147,1.1100000143051147,1.100000023841858,1.100000023841858,0.7655744552612305,2882000
2018-05-25,1.100000023841858,1.1100000143051147,1.090000033378601,1.100000023841858,0.7655744552612305,1554000
2018-05-28,1.100000023841858,1.1100000143051147,1.090000033378601,1.100000023841858,0.7655744552612305,2416000
2018-05-29,1.100000023841858,1.1100000143051147,1.0800000429153442,1.100000023841858,0.7655744552612305,2040000
2018-05-30,1.1200000047683716,1.1200000047683716,1.090000033378601,1.100000023841858,0.7655744552612305,1338000
2018-05-31,1.100000023841858,1.1100000143051147,1.100000023841858,1.1100000143051147,0.7725342512130737,700000
2018-06-01,1.1100000143051147,1.1100000143051147,1.100000023841858,1.100000023841858,0.7655744552612305,716000
2018-06-04,1.1100000143051147,1.1100000143051147,1.090000033378601,1.090000033378601,0.7586146593093872,842000
2018-06-05,1.100000023841858,1.1100000143051147,1.100000023841858,1.100000023841858,0.7655744552612305,950000
2018-06-06,1.100000023841858,1.1100000143051147,1.100000023841858,1.1100000143051147,0.7725342512130737,1928000
2018-06-07,1.1100000143051147,1.1100000143051147,1.090000033378601,1.100000023841858,0.7655744552612305,1774000
2018-06-08,1.100000023841858,1.1100000143051147,1.100000023841858,1.100000023841858,0.7655744552612305,1710000
2018-06-11,1.100000023841858,1.1100000143051147,1.100000023841858,1.100000023841858,0.7655744552612305,1234000
2018-06-12,1.100000023841858,1.1100000143051147,1.090000033378601,1.100000023841858,0.7655744552612305,950000
2018-06-13,1.100000023841858,1.1100000143051147,1.100000023841858,1.100000023841858,0.7655744552612305,654000
2018-06-14,1.1100000143051147,1.1100000143051147,1.090000033378601,1.100000023841858,0.7655744552612305,1618000
2018-06-15,1.100000023841858,1.100000023841858,1.090000033378601,1.090000033378601,0.7586146593093872,1204000
2018-06-19,1.090000033378601,1.090000033378601,1.0499999523162842,1.0700000524520874,0.7446951866149902,2374000
2018-06-20,1.0700000524520874,1.0800000429153442,1.059999942779541,1.0700000524520874,0.7446951866149902,784000
2018-06-21,1.059999942779541,1.0700000524520874,1.059999942779541,1.0700000524520874,0.7446951866149902,1068000
2018-06-22,1.059999942779541,1.0800000429153442,1.059999942779541,1.0800000429153442,0.7516549229621887,574000
2018-06-25,1.0800000429153442,1.0800000429153442,1.059999942779541,1.0800000429153442,0.7516549229621887,882000
2018-06-26,1.0800000429153442,1.0800000429153442,1.0499999523162842,1.059999942779541,0.7377353310585022,1020000
2018-06-27,1.059999942779541,1.0700000524520874,1.0499999523162842,1.059999942779541,0.7377353310585022,1974000
2018-06-28,1.0399999618530273,1.0499999523162842,0.9900000095367432,1.0,0.695976734161377,4760000
2018-06-29,1.0099999904632568,1.0199999809265137,0.9900000095367432,0.9900000095367432,0.6890169978141785,4884000
2018-07-03,0.9900000095367432,0.9900000095367432,0.9599999785423279,0.9700000286102295,0.6750975251197815,2408000
2018-07-04,0.9700000286102295,0.9700000286102295,0.9300000071525574,0.9399999976158142,0.6542181372642517,2650000
2018-07-05,0.9399999976158142,0.9599999785423279,0.9300000071525574,0.9599999785423279,0.6681376695632935,1012000
2018-07-06,0.9599999785423279,0.9800000190734863,0.949999988079071,0.949999988079071,0.661177933216095,1062000
2018-07-09,0.9599999785423279,0.9599999785423279,0.949999988079071,0.9599999785423279,0.6681376695632935,1212000
2018-07-10,0.9599999785423279,0.9800000190734863,0.9599999785423279,0.9700000286102295,0.6750975251197815,606000
2018-07-11,0.9700000286102295,0.9800000190734863,0.9599999785423279,0.9800000190734863,0.6820572018623352,530000
2018-07-12,0.9700000286102295,0.9800000190734863,0.9700000286102295,0.9700000286102295,0.6750975251197815,456000
2018-07-13,0.9700000286102295,0.9900000095367432,0.9599999785423279,0.9700000286102295,0.6750975251197815,1454000
2018-07-16,0.9800000190734863,0.9800000190734863,0.9700000286102295,0.9800000190734863,0.6820572018623352,1076000
2018-07-17,0.9700000286102295,0.9800000190734863,0.9700000286102295,0.9700000286102295,0.6750975251197815,470000
2018-07-18,0.949999988079071,0.9700000286102295,0.949999988079071,0.9599999785423279,0.6681376695632935,592000
2018-07-19,0.9599999785423279,0.9599999785423279,0.949999988079071,0.9599999785423279,0.6681376695632935,486004
2018-07-20,0.949999988079071,0.9700000286102295,0.949999988079071,0.9700000286102295,0.6750975251197815,234001
2018-07-23,0.9700000286102295,0.9700000286102295,0.949999988079071,0.9700000286102295,0.6750975251197815,726000
2018-07-24,0.9800000190734863,0.9800000190734863,0.9599999785423279,0.9700000286102295,0.6750975251197815,334000
2018-07-25,0.9599999785423279,0.9700000286102295,0.9599999785423279,0.9599999785423279,0.6681376695632935,576000
2018-07-26,0.9700000286102295,0.9700000286102295,0.9599999785423279,0.9700000286102295,0.6750975251197815,750000
2018-07-27,0.9599999785423279,0.9700000286102295,0.9599999785423279,0.9599999785423279,0.6681376695632935,404000
2018-07-30,0.9599999785423279,0.9700000286102295,0.9399999976158142,0.949999988079071,0.661177933216095,554000
2018-07-31,0.949999988079071,0.9800000190734863,0.949999988079071,0.949999988079071,0.661177933216095,580000
2018-08-01,0.949999988079071,0.949999988079071,0.9399999976158142,0.9399999976158142,0.6542181372642517,406000
2018-08-02,0.9399999976158142,0.949999988079071,0.9399999976158142,0.9399999976158142,0.6542181372642517,594000
2018-08-03,0.9300000071525574,0.9599999785423279,0.9100000262260437,0.9300000071525574,0.647258460521698,1036000
2018-08-06,0.949999988079071,0.949999988079071,0.9300000071525574,0.9300000071525574,0.647258460521698,656000
2018-08-07,0.9399999976158142,0.9399999976158142,0.9300000071525574,0.9300000071525574,0.647258460521698,286000
2018-08-08,0.9399999976158142,0.9399999976158142,0.9300000071525574,0.9399999976158142,0.6542181372642517,1198000
2018-08-09,0.9399999976158142,0.949999988079071,0.9300000071525574,0.949999988079071,0.661177933216095,406000
2018-08-10,0.9399999976158142,0.949999988079071,0.9300000071525574,0.9399999976158142,0.6542181372642517,408000
2018-08-13,0.9300000071525574,0.9399999976158142,0.9200000166893005,0.9399999976158142,0.6542181372642517,410000
2018-08-14,0.9200000166893005,0.9399999976158142,0.9100000262260437,0.9200000166893005,0.6402986645698547,1044000
2018-08-15,0.9200000166893005,0.9300000071525574,0.9100000262260437,0.9100000262260437,0.6333388686180115,842000
2018-08-16,0.9100000262260437,0.9300000071525574,0.8999999761581421,0.9200000166893005,0.6402986645698547,294000
2018-08-17,0.9200000166893005,0.9200000166893005,0.8899999856948853,0.8899999856948853,0.619419276714325,590000
2018-08-20,0.8999999761581421,0.9399999976158142,0.8799999952316284,0.9100000262260437,0.6333388686180115,1456000
2018-08-21,0.9100000262260437,0.9200000166893005,0.8999999761581421,0.9100000262260437,0.6333388686180115,938000
2018-08-22,0.9200000166893005,0.9200000166893005,0.9200000166893005,0.9200000166893005,0.6402986645698547,40000
2018-08-23,0.8999999761581421,0.9100000262260437,0.8999999761581421,0.8999999761581421,0.6263790726661682,1314000
2018-08-24,0.9100000262260437,0.9200000166893005,0.8999999761581421,0.8999999761581421,0.6263790726661682,1214000
2018-08-27,0.9100000262260437,0.9399999976158142,0.8999999761581421,0.9399999976158142,0.6542181372642517,2582000
2018-08-28,0.9100000262260437,0.9100000262260437,0.8999999761581421,0.8999999761581421,0.6365365982055664,824000
2018-08-29,0.8899999856948853,0.8999999761581421,0.8899999856948853,0.8899999856948853,0.6294639110565186,136000
2018-08-30,0.8799999952316284,0.8999999761581421,0.8700000047683716,0.8899999856948853,0.6294639110565186,578000
2018-08-31,0.8799999952316284,0.8999999761581421,0.8700000047683716,0.8899999856948853,0.6294639110565186,3580000
2018-09-03,0.8799999952316284,0.8799999952316284,0.8600000143051147,0.8600000143051147,0.6082461476325989,1132000
2018-09-04,0.8700000047683716,0.8799999952316284,0.8600000143051147,0.8700000047683716,0.6153187155723572,1280000
2018-09-05,0.8600000143051147,0.8700000047683716,0.8500000238418579,0.8500000238418579,0.601173460483551,1222000
2018-09-06,0.8500000238418579,0.8600000143051147,0.8500000238418579,0.8600000143051147,0.6082461476325989,774000
2018-09-07,0.8600000143051147,0.8600000143051147,0.8600000143051147,0.8600000143051147,0.6082461476325989,436000
2018-09-10,0.8700000047683716,0.8700000047683716,0.8399999737739563,0.8399999737739563,0.594100832939148,894000
2018-09-11,0.8299999833106995,0.8399999737739563,0.8199999928474426,0.8299999833106995,0.5870281457901001,886000
2018-09-12,0.8199999928474426,0.8299999833106995,0.8199999928474426,0.8199999928474426,0.5799555778503418,818000
2018-09-13,0.8299999833106995,0.8600000143051147,0.8299999833106995,0.8399999737739563,0.594100832939148,488000
2018-09-14,0.8399999737739563,0.8399999737739563,0.8199999928474426,0.8299999833106995,0.5870281457901001,314000
2018-09-17,0.8299999833106995,0.8299999833106995,0.8100000023841858,0.8100000023841858,0.5728829503059387,1832000
2018-09-18,0.8100000023841858,0.8199999928474426,0.8100000023841858,0.8199999928474426,0.5799555778503418,804000
2018-09-19,0.8100000023841858,0.8299999833106995,0.8100000023841858,0.8199999928474426,0.5799555778503418,1584000
2018-09-20,0.8199999928474426,0.8199999928474426,0.8100000023841858,0.8199999928474426,0.5799555778503418,606666
2018-09-21,0.8199999928474426,0.8199999928474426,0.8100000023841858,0.8100000023841858,0.5728829503059387,1756000
2018-09-24,0.8100000023841858,0.8199999928474426,0.8100000023841858,0.8199999928474426,0.5799555778503418,326000
2018-09-26,0.8199999928474426,0.8299999833106995,0.8100000023841858,0.8299999833106995,0.5870281457901001,1714000
2018-09-27,0.8299999833106995,0.8600000143051147,0.8199999928474426,0.8299999833106995,0.5870281457901001,35622000
2018-09-28,0.8399999737739563,0.8500000238418579,0.8299999833106995,0.8299999833106995,0.5870281457901001,2060000
2018-10-02,0.8199999928474426,0.8299999833106995,0.8100000023841858,0.8199999928474426,0.5799555778503418,978000
2018-10-03,0.8199999928474426,0.8199999928474426,0.8100000023841858,0.8100000023841858,0.5728829503059387,484000
2018-10-04,0.8100000023841858,0.8199999928474426,0.800000011920929,0.800000011920929,0.5658103227615356,1146000
2018-10-05,0.800000011920929,0.8100000023841858,0.7900000214576721,0.800000011920929,0.5658103227615356,1828000
2018-10-08,0.800000011920929,0.800000011920929,0.7799999713897705,0.7900000214576721,0.5587376952171326,2274000
2018-10-09,0.7900000214576721,0.8100000023841858,0.7799999713897705,0.7799999713897705,0.5516650676727295,1274000
2018-10-10,0.7699999809265137,0.7900000214576721,0.7699999809265137,0.7799999713897705,0.5516650676727295,942000
2018-10-11,0.7900000214576721,0.7900000214576721,0.7400000095367432,0.7599999904632568,0.5375197529792786,2078000
2018-10-12,0.7699999809265137,0.7799999713897705,0.75,0.7699999809265137,0.5445923805236816,732000
2018-10-15,0.75,0.7699999809265137,0.7400000095367432,0.75,0.5304471254348755,1720000
2018-10-16,0.7599999904632568,0.7699999809265137,0.7400000095367432,0.75,0.5304471254348755,638000
2018-10-18,0.7400000095367432,0.7599999904632568,0.699999988079071,0.75,0.5304471254348755,1322000
2018-10-19,0.75,0.75,0.75,0.75,0.5304471254348755,272000
2018-10-22,0.7599999904632568,0.7699999809265137,0.7400000095367432,0.75,0.5304471254348755,400000
2018-10-23,0.7300000190734863,0.7400000095367432,0.7099999785423279,0.7300000190734863,0.5163019299507141,1300000
2018-10-24,0.7300000190734863,0.7300000190734863,0.7200000286102295,0.7200000286102295,0.509229302406311,628000
2018-10-25,0.7099999785423279,0.7200000286102295,0.699999988079071,0.7099999785423279,0.5021565556526184,1626000
2018-10-26,0.7200000286102295,0.7200000286102295,0.699999988079071,0.699999988079071,0.4950840175151825,746000
2018-10-29,0.7099999785423279,0.7200000286102295,0.699999988079071,0.7099999785423279,0.5021565556526184,866000
2018-10-30,0.699999988079071,0.7400000095367432,0.699999988079071,0.7300000190734863,0.5163019299507141,854000
2018-10-31,0.7200000286102295,0.7699999809265137,0.7200000286102295,0.7400000095367432,0.523374617099762,884000
2018-11-01,0.7599999904632568,0.7699999809265137,0.7400000095367432,0.75,0.5304471254348755,494000
2018-11-02,0.7599999904632568,0.7599999904632568,0.7400000095367432,0.7599999904632568,0.5375197529792786,762000
2018-11-05,0.7400000095367432,0.7400000095367432,0.699999988079071,0.7099999785423279,0.5021565556526184,3606000
2018-11-06,0.7099999785423279,0.7200000286102295,0.699999988079071,0.7200000286102295,0.509229302406311,798000
2018-11-07,0.7200000286102295,0.7300000190734863,0.7200000286102295,0.7300000190734863,0.5163019299507141,354000
2018-11-08,0.7300000190734863,0.7300000190734863,0.7200000286102295,0.7300000190734863,0.5163019299507141,232000
2018-11-09,0.7300000190734863,0.7300000190734863,0.7200000286102295,0.7200000286102295,0.509229302406311,328000
2018-11-12,0.7200000286102295,0.7200000286102295,0.7200000286102295,0.7200000286102295,0.509229302406311,32000
2018-11-13,0.7099999785423279,0.7200000286102295,0.7099999785423279,0.7099999785423279,0.5021565556526184,698000
2018-11-14,0.7099999785423279,0.7200000286102295,0.7099999785423279,0.7099999785423279,0.5021565556526184,354000
2018-11-15,0.7099999785423279,0.7200000286102295,0.699999988079071,0.7099999785423279,0.5021565556526184,652000
2018-11-16,0.7099999785423279,0.7300000190734863,0.7099999785423279,0.7200000286102295,0.509229302406311,344061
2018-11-19,0.7400000095367432,0.7699999809265137,0.7300000190734863,0.7400000095367432,0.523374617099762,1182000
2018-11-20,0.7400000095367432,0.7400000095367432,0.7400000095367432,0.7400000095367432,0.523374617099762,0
2018-11-21,0.7300000190734863,0.7400000095367432,0.7200000286102295,0.7300000190734863,0.5163019299507141,116000
2018-11-22,0.7300000190734863,0.7400000095367432,0.7300000190734863,0.7300000190734863,0.5163019299507141,466000
2018-11-23,0.7200000286102295,0.7300000190734863,0.7200000286102295,0.7200000286102295,0.509229302406311,66000
2018-11-26,0.7200000286102295,0.7400000095367432,0.7200000286102295,0.7300000190734863,0.5163019299507141,630000
2018-11-27,0.7300000190734863,0.7400000095367432,0.7300000190734863,0.7400000095367432,0.523374617099762,104000
2018-11-28,0.7400000095367432,0.7900000214576721,0.7300000190734863,0.7300000190734863,0.5163019299507141,516000
2018-11-29,0.7300000190734863,0.7400000095367432,0.7200000286102295,0.7300000190734863,0.5163019299507141,680000
2018-11-30,0.7300000190734863,0.7300000190734863,0.7099999785423279,0.7200000286102295,0.509229302406311,314000
2018-12-03,0.7200000286102295,0.7400000095367432,0.7200000286102295,0.7300000190734863,0.5163019299507141,160000
2018-12-04,0.7300000190734863,0.75,0.7300000190734863,0.7300000190734863,0.5163019299507141,498000
2018-12-05,0.7099999785423279,0.7400000095367432,0.7099999785423279,0.7099999785423279,0.5021565556526184,266000
2018-12-06,0.7099999785423279,0.7300000190734863,0.7099999785423279,0.7099999785423279,0.5021565556526184,230000
2018-12-07,0.7099999785423279,0.7200000286102295,0.7099999785423279,0.7200000286102295,0.509229302406311,514000
2018-12-10,0.7200000286102295,0.7400000095367432,0.699999988079071,0.7200000286102295,0.509229302406311,592000
2018-12-11,0.7200000286102295,0.7599999904632568,0.7099999785423279,0.7300000190734863,0.5235737562179565,590000
2018-12-12,0.7599999904632568,0.7599999904632568,0.7300000190734863,0.7400000095367432,0.5307460427284241,188000
2018-12-13,0.7400000095367432,0.7400000095367432,0.7300000190734863,0.7400000095367432,0.5307460427284241,130000
2018-12-14,0.7599999904632568,0.7599999904632568,0.7200000286102295,0.7200000286102295,0.5164015293121338,84000
2018-12-17,0.7200000286102295,0.75,0.7200000286102295,0.7400000095367432,0.5307460427284241,42000
2018-12-18,0.7200000286102295,0.75,0.7200000286102295,0.7400000095367432,0.5307460427284241,110000
2018-12-19,0.7400000095367432,0.75,0.7200000286102295,0.7400000095367432,0.5307460427284241,196000
2018-12-20,0.7200000286102295,0.7300000190734863,0.7200000286102295,0.7300000190734863,0.5235737562179565,554000
2018-12-21,0.7099999785423279,0.7400000095367432,0.7099999785423279,0.7200000286102295,0.5164015293121338,126000
2018-12-24,0.7099999785423279,0.7300000190734863,0.7099999785423279,0.7300000190734863,0.5235737562179565,338000
2018-12-27,0.7300000190734863,0.7400000095367432,0.7099999785423279,0.7099999785423279,0.509229302406311,238020
2018-12-28,0.7300000190734863,0.7400000095367432,0.699999988079071,0.7099999785423279,0.509229302406311,204000
2018-12-31,0.7099999785423279,0.7300000190734863,0.7099999785423279,0.7300000190734863,0.5235737562179565,140000
2019-01-02,0.7200000286102295,0.7300000190734863,0.7200000286102295,0.7200000286102295,0.5164015293121338,698000
2019-01-03,0.7099999785423279,0.7300000190734863,0.7099999785423279,0.7200000286102295,0.5164015293121338,154110
2019-01-04,0.7099999785423279,0.7300000190734863,0.699999988079071,0.7300000190734863,0.5235737562179565,696000
2019-01-07,0.7300000190734863,0.7300000190734863,0.7200000286102295,0.7300000190734863,0.5235737562179565,728000
2019-01-08,0.7200000286102295,0.7300000190734863,0.7099999785423279,0.7300000190734863,0.5235737562179565,564000
2019-01-09,0.7200000286102295,0.7300000190734863,0.699999988079071,0.7300000190734863,0.5235737562179565,364000
2019-01-10,0.7300000190734863,0.7400000095367432,0.7200000286102295,0.7300000190734863,0.5235737562179565,1166000
2019-01-11,0.7200000286102295,0.7200000286102295,0.7200000286102295,0.7200000286102295,0.5164015293121338,198000
2019-01-14,0.7099999785423279,0.7300000190734863,0.7099999785423279,0.7200000286102295,0.5164015293121338,1086000
2019-01-15,0.7099999785423279,0.7300000190734863,0.7099999785423279,0.7300000190734863,0.5235737562179565,44000
2019-01-16,0.7200000286102295,0.7400000095367432,0.7200000286102295,0.7400000095367432,0.5307460427284241,410000
2019-01-17,0.7400000095367432,0.7400000095367432,0.7400000095367432,0.7400000095367432,0.5307460427284241,18000
2019-01-18,0.7400000095367432,0.7400000095367432,0.7200000286102295,0.7300000190734863,0.5235737562179565,200000
2019-01-21,0.7300000190734863,0.75,0.7300000190734863,0.75,0.537918210029602,574000
2019-01-22,0.75,0.75,0.7300000190734863,0.75,0.537918210029602,774000
2019-01-23,0.75,0.800000011920929,0.75,0.7599999904632568,0.5450904965400696,2808000
2019-01-24,0.7699999809265137,0.7799999713897705,0.7699999809265137,0.7699999809265137,0.5522626638412476,452000
2019-01-25,0.7699999809265137,0.7799999713897705,0.7699999809265137,0.7699999809265137,0.5522626638412476,302000
2019-01-28,0.7799999713897705,0.8799999952316284,0.7799999713897705,0.8600000143051147,0.6168129444122314,9946000
2019-01-29,0.8700000047683716,0.9200000166893005,0.8500000238418579,0.8600000143051147,0.6168129444122314,6568000
2019-01-30,0.8600000143051147,0.8899999856948853,0.8399999737739563,0.8799999952316284,0.6311574578285217,3928000
2019-01-31,0.8799999952316284,0.8899999856948853,0.8399999737739563,0.8700000047683716,0.623985230922699,2904000
2019-02-01,0.8700000047683716,0.8899999856948853,0.8700000047683716,0.8799999952316284,0.6311574578285217,2708000
2019-02-04,0.8799999952316284,0.8799999952316284,0.8700000047683716,0.8799999952316284,0.6311574578285217,324000
2019-02-08,0.8600000143051147,0.9200000166893005,0.8600000143051147,0.9200000166893005,0.6598464250564575,1114000
2019-02-11,0.9200000166893005,0.9200000166893005,0.8799999952316284,0.8899999856948853,0.6383296847343445,1964000
2019-02-12,0.8899999856948853,0.9100000262260437,0.8799999952316284,0.8899999856948853,0.6383296847343445,812000
2019-02-13,0.8899999856948853,0.8899999856948853,0.8600000143051147,0.8799999952316284,0.6311574578285217,544000
2019-02-14,0.8799999952316284,0.8899999856948853,0.8700000047683716,0.8799999952316284,0.6311574578285217,320000
2019-02-15,0.8700000047683716,0.8700000047683716,0.8399999737739563,0.8500000238418579,0.6096407175064087,1178000
2019-02-18,0.8399999737739563,0.8600000143051147,0.8399999737739563,0.8500000238418579,0.6096407175064087,1062000
2019-02-19,0.8299999833106995,0.8700000047683716,0.8299999833106995,0.8700000047683716,0.623985230922699,530000
2019-02-20,0.8600000143051147,0.8700000047683716,0.8299999833106995,0.8700000047683716,0.623985230922699,412000
2019-02-21,0.8500000238418579,0.8799999952316284,0.8500000238418579,0.8500000238418579,0.6096407175064087,234000
2019-02-22,0.8399999737739563,0.8500000238418579,0.8399999737739563,0.8399999737739563,0.6024684309959412,260000
2019-02-25,0.8399999737739563,0.8500000238418579,0.8399999737739563,0.8399999737739563,0.6024684309959412,558000
2019-02-26,0.8399999737739563,0.8600000143051147,0.8399999737739563,0.8600000143051147,0.6168129444122314,1030000
2019-02-27,0.8399999737739563,0.8600000143051147,0.8399999737739563,0.8600000143051147,0.6168129444122314,280000
2019-02-28,0.8500000238418579,0.8600000143051147,0.8500000238418579,0.8600000143051147,0.6168129444122314,116000
2019-03-01,0.8600000143051147,0.9300000071525574,0.8500000238418579,0.9100000262260437,0.65267413854599,5306000
2019-03-04,0.9100000262260437,0.9399999976158142,0.8999999761581421,0.9200000166893005,0.6598464250564575,4098000
2019-03-05,0.9200000166893005,0.9300000071525574,0.8899999856948853,0.8899999856948853,0.6383296847343445,1192000
2019-03-06,0.8899999856948853,0.9200000166893005,0.8799999952316284,0.8899999856948853,0.6383296847343445,356000
2019-03-07,0.9200000166893005,0.9200000166893005,0.8700000047683716,0.8899999856948853,0.6383296847343445,444000
2019-03-08,0.8700000047683716,0.8799999952316284,0.8500000238418579,0.8600000143051147,0.6168129444122314,706000
2019-03-11,0.8600000143051147,0.8799999952316284,0.8500000238418579,0.8600000143051147,0.6168129444122314,514000
2019-03-12,0.8600000143051147,0.8799999952316284,0.8600000143051147,0.8700000047683716,0.623985230922699,708000
2019-03-13,0.8600000143051147,0.8700000047683716,0.8500000238418579,0.8600000143051147,0.6168129444122314,1646000
2019-03-14,0.8500000238418579,0.8500000238418579,0.8399999737739563,0.8399999737739563,0.6024684309959412,538000
2019-03-15,0.8500000238418579,0.8500000238418579,0.8399999737739563,0.8500000238418579,0.6096407175064087,602960
2019-03-18,0.8500000238418579,0.8600000143051147,0.8500000238418579,0.8500000238418579,0.6096407175064087,456000
2019-03-19,0.8500000238418579,0.8500000238418579,0.8399999737739563,0.8500000238418579,0.6096407175064087,382000
2019-03-20,0.8399999737739563,0.8500000238418579,0.8299999833106995,0.8500000238418579,0.6096407175064087,1404000
2019-03-21,0.8399999737739563,0.8500000238418579,0.8399999737739563,0.8500000238418579,0.6096407175064087,244000
2019-03-22,0.8399999737739563,0.8500000238418579,0.8399999737739563,0.8500000238418579,0.6096407175064087,520000
2019-03-25,0.8399999737739563,0.8500000238418579,0.8100000023841858,0.8100000023841858,0.5809516906738281,594000
2019-03-26,0.8100000023841858,0.8299999833106995,0.8100000023841858,0.8299999833106995,0.5952962040901184,80000
2019-03-27,0.8299999833106995,0.8299999833106995,0.800000011920929,0.8199999928474426,0.5881239175796509,1384000
2019-03-28,0.800000011920929,0.8199999928474426,0.800000011920929,0.8199999928474426,0.5881239175796509,620000
2019-03-29,0.8199999928474426,0.8199999928474426,0.8100000023841858,0.8100000023841858,0.5809516906738281,1421000
2019-04-01,0.8100000023841858,0.8100000023841858,0.800000011920929,0.8100000023841858,0.5809516906738281,2338000
2019-04-02,0.8100000023841858,0.8199999928474426,0.800000011920929,0.800000011920929,0.5737794637680054,1170000
2019-04-03,0.7799999713897705,0.800000011920929,0.7799999713897705,0.800000011920929,0.5737794637680054,762000
2019-04-04,0.7900000214576721,0.800000011920929,0.7900000214576721,0.800000011920929,0.5737794637680054,686000
2019-04-08,0.7900000214576721,0.8100000023841858,0.7900000214576721,0.800000011920929,0.5737794637680054,1366000
2019-04-09,0.7900000214576721,0.800000011920929,0.7900000214576721,0.800000011920929,0.5737794637680054,372000
2019-04-10,0.800000011920929,0.800000011920929,0.7799999713897705,0.800000011920929,0.5737794637680054,920000
2019-04-11,0.800000011920929,0.800000011920929,0.7900000214576721,0.7900000214576721,0.5666072368621826,618000
2019-04-12,0.800000011920929,0.8100000023841858,0.800000011920929,0.800000011920929,0.5737794637680054,328000
2019-04-15,0.800000011920929,0.8199999928474426,0.7900000214576721,0.8100000023841858,0.5809516906738281,1384000
2019-04-16,0.800000011920929,0.8899999856948853,0.800000011920929,0.8700000047683716,0.623985230922699,8074000
2019-04-17,0.8799999952316284,0.8799999952316284,0.8700000047683716,0.8700000047683716,0.623985230922699,1158000
2019-04-18,0.8399999737739563,0.8899999856948853,0.8399999737739563,0.8600000143051147,0.6168129444122314,4814000
2019-04-23,0.8600000143051147,0.8700000047683716,0.8500000238418579,0.8700000047683716,0.623985230922699,336000
2019-04-24,0.8500000238418579,0.8700000047683716,0.8500000238418579,0.8600000143051147,0.6168129444122314,776000
2019-04-25,0.8500000238418579,0.8700000047683716,0.8500000238418579,0.8700000047683716,0.623985230922699,62000
2019-04-26,0.8399999737739563,0.8600000143051147,0.8399999737739563,0.8500000238418579,0.6096407175064087,436000
2019-04-29,0.8500000238418579,0.8600000143051147,0.8500000238418579,0.8600000143051147,0.6168129444122314,2074000
2019-04-30,0.8500000238418579,0.8500000238418579,0.8299999833106995,0.8399999737739563,0.6024684309959412,958000
2019-05-02,0.8500000238418579,0.8500000238418579,0.8299999833106995,0.8399999737739563,0.6024684309959412,1754000
2019-05-03,0.8299999833106995,0.8299999833106995,0.800000011920929,0.8100000023841858,0.5809516906738281,1934000
2019-05-06,0.7900000214576721,0.800000011920929,0.7599999904632568,0.7699999809265137,0.5522626638412476,2014000
2019-05-07,0.7799999713897705,0.800000011920929,0.7799999713897705,0.800000011920929,0.5737794637680054,438000
2019-05-08,0.800000011920929,0.800000011920929,0.7799999713897705,0.7900000214576721,0.5666072368621826,94000
2019-05-09,0.7900000214576721,0.7900000214576721,0.7699999809265137,0.7699999809265137,0.5522626638412476,74000
2019-05-10,0.7699999809265137,0.7799999713897705,0.7699999809265137,0.7699999809265137,0.5522626638412476,1314000
2019-05-14,0.7599999904632568,0.7699999809265137,0.75,0.7599999904632568,0.5450904965400696,378000
2019-05-15,0.7599999904632568,0.7799999713897705,0.75,0.7699999809265137,0.5522626638412476,1092000
2019-05-16,0.7599999904632568,0.7699999809265137,0.75,0.7599999904632568,0.5450904965400696,1314000
2019-05-17,0.7599999904632568,0.7599999904632568,0.75,0.7599999904632568,0.5450904965400696,192000
2019-05-20,0.7599999904632568,0.7599999904632568,0.75,0.75,0.537918210029602,194000
2019-05-21,0.75,0.7599999904632568,0.75,0.75,0.537918210029602,612000
2019-05-22,0.7599999904632568,0.7699999809265137,0.75,0.7599999904632568,0.5450904965400696,1464654
2019-05-23,0.7599999904632568,0.7599999904632568,0.75,0.75,0.537918210029602,175025
2019-05-24,0.75,0.800000011920929,0.75,0.7599999904632568,0.5450904965400696,3760000
2019-05-27,0.7099999785423279,0.75,0.6700000166893005,0.6800000071525574,0.4877125322818756,9990000
2019-05-28,0.6800000071525574,0.699999988079071,0.6700000166893005,0.6700000166893005,0.48054030537605286,3734000
2019-05-29,0.6700000166893005,0.6899999976158142,0.6600000262260437,0.6899999976158142,0.49488481879234314,1802000
2019-05-30,0.6800000071525574,0.6899999976158142,0.6700000166893005,0.6899999976158142,0.49488481879234314,718000
2019-05-31,0.6899999976158142,0.699999988079071,0.6899999976158142,0.6899999976158142,0.49488481879234314,638000
2019-06-03,0.6700000166893005,0.6899999976158142,0.6700000166893005,0.6800000071525574,0.4877125322818756,256000
2019-06-04,0.6800000071525574,0.6800000071525574,0.6700000166893005,0.6800000071525574,0.4877125322818756,1780000
2019-06-05,0.6700000166893005,0.6899999976158142,0.6600000262260437,0.6800000071525574,0.4877125322818756,954000
2019-06-06,0.6800000071525574,0.6800000071525574,0.6600000262260437,0.6800000071525574,0.4877125322818756,544000
2019-06-10,0.6700000166893005,0.6800000071525574,0.6600000262260437,0.6700000166893005,0.48054030537605286,1036000
2019-06-11,0.6700000166893005,0.6899999976158142,0.6600000262260437,0.6700000166893005,0.48054030537605286,754000
2019-06-12,0.6700000166893005,0.6800000071525574,0.6399999856948853,0.6700000166893005,0.48054030537605286,960000
2019-06-13,0.6499999761581421,0.6800000071525574,0.6399999856948853,0.6499999761581421,0.46619582176208496,1487000
2019-06-14,0.6499999761581421,0.6800000071525574,0.6399999856948853,0.6600000262260437,0.4733680486679077,1490000
2019-06-17,0.6700000166893005,0.6800000071525574,0.6600000262260437,0.6700000166893005,0.48054030537605286,132000
2019-06-18,0.6600000262260437,0.6800000071525574,0.6600000262260437,0.6600000262260437,0.4733680486679077,632000
2019-06-19,0.6600000262260437,0.6700000166893005,0.6600000262260437,0.6600000262260437,0.4733680486679077,1050000
2019-06-20,0.6600000262260437,0.6700000166893005,0.6600000262260437,0.6700000166893005,0.48054030537605286,1032000
2019-06-21,0.6700000166893005,0.6700000166893005,0.6600000262260437,0.6700000166893005,0.48054030537605286,224000
2019-06-24,0.6700000166893005,0.6700000166893005,0.6600000262260437,0.6700000166893005,0.48054030537605286,298000
2019-06-25,0.6700000166893005,0.6700000166893005,0.6600000262260437,0.6700000166893005,0.48054030537605286,286000
2019-06-26,0.6600000262260437,0.6700000166893005,0.6600000262260437,0.6600000262260437,0.4733680486679077,72000
2019-06-27,0.6600000262260437,0.6800000071525574,0.6600000262260437,0.6700000166893005,0.48054030537605286,1670000
2019-06-28,0.6600000262260437,0.6800000071525574,0.6600000262260437,0.6600000262260437,0.4733680486679077,3010200
2019-07-02,0.6600000262260437,0.6600000262260437,0.6499999761581421,0.6499999761581421,0.46619582176208496,1118000
2019-07-03,0.6499999761581421,0.6600000262260437,0.6499999761581421,0.6499999761581421,0.46619582176208496,770000
2019-07-04,0.6499999761581421,0.6700000166893005,0.6399999856948853,0.6499999761581421,0.46619582176208496,3372000
2019-07-05,0.6399999856948853,0.6600000262260437,0.6399999856948853,0.6499999761581421,0.46619582176208496,1068000
2019-07-08,0.6499999761581421,0.6499999761581421,0.6200000047683716,0.6399999856948853,0.45902353525161743,1690000
2019-07-09,0.6399999856948853,0.6499999761581421,0.6200000047683716,0.6399999856948853,0.45902353525161743,1106000
2019-07-10,0.6399999856948853,0.6399999856948853,0.6200000047683716,0.6299999952316284,0.4518513083457947,654150
2019-07-11,0.6399999856948853,0.6499999761581421,0.6299999952316284,0.6399999856948853,0.45902353525161743,930000
2019-07-12,0.6399999856948853,0.6399999856948853,0.6200000047683716,0.6399999856948853,0.45902353525161743,1084000
2019-07-15,0.6299999952316284,0.6299999952316284,0.6200000047683716,0.6200000047683716,0.4446791112422943,1079808
2019-07-16,0.6200000047683716,0.6299999952316284,0.6200000047683716,0.6299999952316284,0.4518513083457947,582000
2019-07-17,0.6299999952316284,0.6299999952316284,0.6100000143051147,0.6200000047683716,0.4446791112422943,2270000
2019-07-18,0.6100000143051147,0.6299999952316284,0.6000000238418579,0.6000000238418579,0.4303346574306488,2778000
2019-07-19,0.6000000238418579,0.6200000047683716,0.6000000238418579,0.6100000143051147,0.43750691413879395,2082000
2019-07-22,0.6000000238418579,0.6100000143051147,0.6000000238418579,0.6000000238418579,0.4303346574306488,3228000
2019-07-23,0.6000000238418579,0.6200000047683716,0.6000000238418579,0.6100000143051147,0.43750691413879395,354000
2019-07-24,0.6000000238418579,0.6100000143051147,0.6000000238418579,0.6000000238418579,0.4303346574306488,643808
2019-07-25,0.6000000238418579,0.6100000143051147,0.5899999737739563,0.6100000143051147,0.43750691413879395,848000
2019-07-26,0.6000000238418579,0.6200000047683716,0.6000000238418579,0.6100000143051147,0.43750691413879395,656000
2019-07-29,0.6000000238418579,0.6100000143051147,0.6000000238418579,0.6100000143051147,0.43750691413879395,838000
2019-07-30,0.6000000238418579,0.6200000047683716,0.6000000238418579,0.6000000238418579,0.4303346574306488,782000
2019-07-31,0.6000000238418579,0.6000000238418579,0.6000000238418579,0.6000000238418579,0.4303346574306488,134000
2019-08-01,0.5899999737739563,0.6000000238418579,0.5899999737739563,0.6000000238418579,0.4303346574306488,1090000
2019-08-02,0.6000000238418579,0.6000000238418579,0.5799999833106995,0.5799999833106995,0.4159901440143585,1054000
2019-08-05,0.5699999928474426,0.5799999833106995,0.5199999809265137,0.5600000023841858,0.40164563059806824,1498000
2019-08-06,0.5299999713897705,0.5600000023841858,0.5199999809265137,0.5600000023841858,0.40164563059806824,2194000
2019-08-07,0.550000011920929,0.5600000023841858,0.5199999809265137,0.5600000023841858,0.40164563059806824,768000
2019-08-08,0.5600000023841858,0.5699999928474426,0.5299999713897705,0.550000011920929,0.3944734036922455,1182000
2019-08-09,0.550000011920929,0.5699999928474426,0.550000011920929,0.5699999928474426,0.4088178873062134,344000
2019-08-12,0.550000011920929,0.5899999737739563,0.5299999713897705,0.5299999713897705,0.3801288604736328,542000
2019-08-13,0.5199999809265137,0.550000011920929,0.5199999809265137,0.5299999713897705,0.3801288604736328,746000
2019-08-14,0.5299999713897705,0.5299999713897705,0.4950000047683716,0.5099999904632568,0.3657844066619873,3660000
2019-08-15,0.5,0.5199999809265137,0.5,0.5099999904632568,0.3657844066619873,890000
2019-08-16,0.5099999904632568,0.550000011920929,0.5099999904632568,0.5400000214576721,0.38730114698410034,400000
2019-08-19,0.5400000214576721,0.5400000214576721,0.5199999809265137,0.5400000214576721,0.38730114698410034,231400
2019-08-20,0.5400000214576721,0.550000011920929,0.5199999809265137,0.5199999809265137,0.37295663356781006,174000
2019-08-21,0.5199999809265137,0.5400000214576721,0.5199999809265137,0.5199999809265137,0.37295663356781006,284000
2019-08-22,0.5199999809265137,0.5699999928474426,0.5199999809265137,0.5600000023841858,0.40164563059806824,298000
2019-08-23,0.5400000214576721,0.5699999928474426,0.5199999809265137,0.5400000214576721,0.38730114698410034,772000
2019-08-26,0.5199999809265137,0.5299999713897705,0.5,0.5299999713897705,0.3801288604736328,1016000
2019-08-27,0.5199999809265137,0.5199999809265137,0.5099999904632568,0.5099999904632568,0.3728187382221222,912000
2019-08-28,0.5099999904632568,0.5199999809265137,0.5099999904632568,0.5099999904632568,0.3728187382221222,182000
2019-08-29,0.5,0.5199999809265137,0.4950000047683716,0.5,0.3655085563659668,1792000
2019-08-30,0.5,0.5099999904632568,0.4749999940395355,0.4950000047683716,0.3618534505367279,1124000
2019-09-02,0.4950000047683716,0.5,0.47999998927116394,0.4950000047683716,0.3618534505367279,588000
2019-09-03,0.4950000047683716,0.5,0.49000000953674316,0.4950000047683716,0.3618534505367279,268000
2019-09-04,0.5,0.5099999904632568,0.49000000953674316,0.4950000047683716,0.3618534505367279,658000
2019-09-05,0.5,0.5099999904632568,0.49000000953674316,0.5,0.3655085563659668,106000
2019-09-06,0.4950000047683716,0.5099999904632568,0.4950000047683716,0.5099999904632568,0.3728187382221222,72000
2019-09-09,0.4950000047683716,0.5099999904632568,0.49000000953674316,0.5,0.3655085563659668,114000
2019-09-10,0.5,0.5099999904632568,0.49000000953674316,0.4950000047683716,0.3618534505367279,544000
2019-09-11,0.4950000047683716,0.5099999904632568,0.5,0.5099999904632568,0.3728187382221222,150000
2019-09-12,0.5099999904632568,0.5099999904632568,0.4950000047683716,0.5,0.3655085563659668,210000
2019-09-13,0.5,0.5299999713897705,0.5,0.5199999809265137,0.3801288604736328,1382000
2019-09-16,0.5099999904632568,0.5199999809265137,0.5099999904632568,0.5099999904632568,0.3728187382221222,282000
2019-09-17,0.5099999904632568,0.5099999904632568,0.4950000047683716,0.4950000047683716,0.3618534505367279,532000
2019-09-18,0.4950000047683716,0.5099999904632568,0.4950000047683716,0.5099999904632568,0.3728187382221222,542000
2019-09-19,0.5,0.5099999904632568,0.5,0.5,0.3655085563659668,802000
2019-09-20,0.4950000047683716,0.5099999904632568,0.49000000953674316,0.5,0.3655085563659668,710000
2019-09-23,0.5,0.5099999904632568,0.5,0.5099999904632568,0.3728187382221222,286000
2019-09-24,0.4950000047683716,0.5099999904632568,0.4950000047683716,0.5099999904632568,0.3728187382221222,48000
2019-09-25,0.5,0.5099999904632568,0.5,0.5099999904632568,0.3728187382221222,142000
2019-09-26,0.5,0.5099999904632568,0.4950000047683716,0.5099999904632568,0.3728187382221222,670000
2019-09-27,0.4950000047683716,0.5099999904632568,0.4950000047683716,0.5099999904632568,0.3728187382221222,14566
2019-09-30,0.4950000047683716,0.5099999904632568,0.4950000047683716,0.4950000047683716,0.3618534505367279,372000
2019-10-02,0.4950000047683716,0.5099999904632568,0.4950000047683716,0.5099999904632568,0.3728187382221222,898000
2019-10-03,0.5099999904632568,0.5099999904632568,0.4950000047683716,0.4950000047683716,0.3618534505367279,210000
2019-10-04,0.5,0.5099999904632568,0.4950000047683716,0.5,0.3655085563659668,430000
2019-10-08,0.49000000953674316,0.4950000047683716,0.49000000953674316,0.4950000047683716,0.3618534505367279,292000
2019-10-09,0.49000000953674316,0.4950000047683716,0.49000000953674316,0.49000000953674316,0.3581983745098114,76000
2019-10-10,0.49000000953674316,0.4950000047683716,0.47999998927116394,0.49000000953674316,0.3581983745098114,466000
2019-10-11,0.49000000953674316,0.49000000953674316,0.48500001430511475,0.49000000953674316,0.3581983745098114,132000
2019-10-14,0.49000000953674316,0.49000000953674316,0.48500001430511475,0.49000000953674316,0.3581983745098114,302000
2019-10-15,0.49000000953674316,0.49000000953674316,0.49000000953674316,0.49000000953674316,0.3581983745098114,0
2019-10-16,0.49000000953674316,0.49000000953674316,0.47999998927116394,0.49000000953674316,0.3581983745098114,454000
2019-10-17,0.47999998927116394,0.49000000953674316,0.47999998927116394,0.49000000953674316,0.3581983745098114,174000
2019-10-18,0.48500001430511475,0.49000000953674316,0.48500001430511475,0.49000000953674316,0.3581983745098114,14000
2019-10-21,0.4699999988079071,0.49000000953674316,0.4699999988079071,0.48500001430511475,0.3545432984828949,308000
2019-10-22,0.48500001430511475,0.48500001430511475,0.48500001430511475,0.48500001430511475,0.3545432984828949,0
2019-10-23,0.48500001430511475,0.49000000953674316,0.47999998927116394,0.48500001430511475,0.3545432984828949,52000
2019-10-24,0.47999998927116394,0.49000000953674316,0.47999998927116394,0.49000000953674316,0.3581983745098114,136000
2019-10-25,0.47999998927116394,0.48500001430511475,0.47999998927116394,0.48500001430511475,0.3545432984828949,226000
2019-10-28,0.48500001430511475,0.48500001430511475,0.47999998927116394,0.47999998927116394,0.3508882224559784,140000
2019-10-29,0.48500001430511475,0.49000000953674316,0.48500001430511475,0.48500001430511475,0.3545432984828949,366000
2019-10-30,0.48500001430511475,0.4950000047683716,0.48500001430511475,0.48500001430511475,0.3545432984828949,1714000
2019-10-31,0.48500001430511475,0.48500001430511475,0.4749999940395355,0.4749999940395355,0.3472331166267395,404000
2019-11-01,0.4749999940395355,0.47999998927116394,0.4699999988079071,0.47999998927116394,0.3508882224559784,268000
2019-11-04,0.4699999988079071,0.49000000953674316,0.4699999988079071,0.47999998927116394,0.3508882224559784,324000
2019-11-05,0.47999998927116394,0.5,0.47999998927116394,0.49000000953674316,0.3581983745098114,586000
2019-11-06,0.47999998927116394,0.48500001430511475,0.47999998927116394,0.47999998927116394,0.3508882224559784,676000
2019-11-07,0.47999998927116394,0.49000000953674316,0.47999998927116394,0.47999998927116394,0.3508882224559784,456000
2019-11-08,0.47999998927116394,0.48500001430511475,0.4749999940395355,0.47999998927116394,0.3508882224559784,826000
2019-11-11,0.47999998927116394,0.47999998927116394,0.4650000035762787,0.4699999988079071,0.343578040599823,380000
2019-11-12,0.46000000834465027,0.4699999988079071,0.45500001311302185,0.4699999988079071,0.343578040599823,492000
2019-11-13,0.45500001311302185,0.45500001311302185,0.44999998807907104,0.44999998807907104,0.3289577066898346,400000
2019-11-14,0.44999998807907104,0.46000000834465027,0.4449999928474426,0.44999998807907104,0.3289577066898346,1116000
2019-11-15,0.4449999928474426,0.45500001311302185,0.4449999928474426,0.44999998807907104,0.3289577066898346,1014000
2019-11-18,0.4449999928474426,0.45500001311302185,0.4350000023841858,0.4449999928474426,0.3253026008605957,826000
2019-11-19,0.4449999928474426,0.44999998807907104,0.4449999928474426,0.4449999928474426,0.3253026008605957,168000
2019-11-20,0.44999998807907104,0.44999998807907104,0.4449999928474426,0.4449999928474426,0.3253026008605957,332000
2019-11-21,0.4300000071525574,0.4399999976158142,0.42500001192092896,0.4300000071525574,0.3143373727798462,558000
2019-11-22,0.4300000071525574,0.4399999976158142,0.4300000071525574,0.4399999976158142,0.3216475546360016,4000
2019-11-25,0.4350000023841858,0.4350000023841858,0.4300000071525574,0.4350000023841858,0.3179924488067627,258000
2019-11-26,0.42500001192092896,0.4350000023841858,0.42500001192092896,0.4350000023841858,0.3179924488067627,60000
2019-11-27,0.4350000023841858,0.4399999976158142,0.4350000023841858,0.4399999976158142,0.3216475546360016,1120000
2019-11-28,0.4399999976158142,0.4399999976158142,0.4300000071525574,0.4399999976158142,0.3216475546360016,162000
2019-11-29,0.4300000071525574,0.4350000023841858,0.42500001192092896,0.4350000023841858,0.3179924488067627,554000
2019-12-02,0.42500001192092896,0.4300000071525574,0.41999998688697815,0.42500001192092896,0.3106822669506073,260000
2019-12-03,0.41499999165534973,0.4300000071525574,0.41499999165534973,0.42500001192092896,0.3106822669506073,272000
2019-12-04,0.41999998688697815,0.42500001192092896,0.4099999964237213,0.42500001192092896,0.3106822669506073,996000
2019-12-05,0.41999998688697815,0.42500001192092896,0.4099999964237213,0.41499999165534973,0.3033721148967743,604000
2019-12-06,0.41999998688697815,0.42500001192092896,0.4099999964237213,0.41499999165534973,0.3033721148967743,996000
2019-12-09,0.4099999964237213,0.41999998688697815,0.4050000011920929,0.4099999964237213,0.2997170090675354,1178000
2019-12-10,0.4099999964237213,0.41999998688697815,0.4050000011920929,0.4099999964237213,0.2997170090675354,1082000
2019-12-11,0.4099999964237213,0.42500001192092896,0.4099999964237213,0.41499999165534973,0.3033721148967743,1102000
2019-12-12,0.4099999964237213,0.41999998688697815,0.4099999964237213,0.4099999964237213,0.2997170090675354,1608000
2019-12-13,0.4099999964237213,0.41999998688697815,0.4050000011920929,0.4099999964237213,0.2997170090675354,880000
2019-12-16,0.4099999964237213,0.41999998688697815,0.4050000011920929,0.4099999964237213,0.2997170090675354,986000
2019-12-17,0.4099999964237213,0.41499999165534973,0.4050000011920929,0.4099999964237213,0.2997170090675354,1496000
2019-12-18,0.4050000011920929,0.41499999165534973,0.4050000011920929,0.41499999165534973,0.3033721148967743,306000
2019-12-19,0.4099999964237213,0.41999998688697815,0.4099999964237213,0.4099999964237213,0.2997170090675354,380000
2019-12-20,0.41499999165534973,0.4350000023841858,0.4099999964237213,0.4350000023841858,0.3179924488067627,876000
2019-12-23,0.42500001192092896,0.4350000023841858,0.4099999964237213,0.41999998688697815,0.3070271909236908,976000
2019-12-24,0.4300000071525574,0.4449999928474426,0.41999998688697815,0.4449999928474426,0.3253026008605957,507000
2019-12-27,0.44999998807907104,0.44999998807907104,0.4350000023841858,0.4449999928474426,0.3253026008605957,318000
2019-12-30,0.4399999976158142,0.4449999928474426,0.4350000023841858,0.4350000023841858,0.3179924488067627,252000
2019-12-31,0.4300000071525574,0.4300000071525574,0.42500001192092896,0.4300000071525574,0.3143373727798462,124000
2020-01-02,0.4300000071525574,0.4399999976158142,0.42500001192092896,0.4300000071525574,0.3143373727798462,70000
2020-01-03,0.42500001192092896,0.4449999928474426,0.4050000011920929,0.42500001192092896,0.3106822669506073,470000
2020-01-06,0.41999998688697815,0.4449999928474426,0.4099999964237213,0.41999998688697815,0.3070271909236908,112000
2020-01-07,0.41999998688697815,0.4300000071525574,0.41999998688697815,0.42500001192092896,0.3106822669506073,92000
2020-01-08,0.41499999165534973,0.4300000071525574,0.41499999165534973,0.4300000071525574,0.3143373727798462,36000
2020-01-09,0.4300000071525574,0.4350000023841858,0.42500001192092896,0.42500001192092896,0.3106822669506073,210000
2020-01-10,0.42500001192092896,0.42500001192092896,0.41999998688697815,0.41999998688697815,0.3070271909236908,406000
2020-01-13,0.4300000071525574,0.4350000023841858,0.41999998688697815,0.4300000071525574,0.3143373727798462,510000
2020-01-14,0.4350000023841858,0.4449999928474426,0.41999998688697815,0.4300000071525574,0.3143373727798462,230000
2020-01-15,0.42500001192092896,0.4399999976158142,0.42500001192092896,0.4399999976158142,0.3216475546360016,40000
2020-01-16,0.42500001192092896,0.4449999928474426,0.42500001192092896,0.4449999928474426,0.3253026008605957,370000
2020-01-17,0.4399999976158142,0.46000000834465027,0.4399999976158142,0.44999998807907104,0.3289577066898346,406000
2020-01-20,0.46000000834465027,0.4650000035762787,0.44999998807907104,0.45500001311302185,0.3326127827167511,640000
2020-01-21,0.4699999988079071,0.4699999988079071,0.4449999928474426,0.44999998807907104,0.3289577066898346,898000
2020-01-22,0.44999998807907104,0.45500001311302185,0.4449999928474426,0.44999998807907104,0.3289577066898346,136000
2020-01-23,0.4449999928474426,0.4449999928474426,0.42500001192092896,0.42500001192092896,0.3106822669506073,780000
2020-01-24,0.4099999964237213,0.4699999988079071,0.4099999964237213,0.46000000834465027,0.33626788854599,282000
2020-01-29,0.4449999928474426,0.46000000834465027,0.4000000059604645,0.41499999165534973,0.3033721148967743,1314000
2020-01-30,0.41499999165534973,0.41999998688697815,0.4050000011920929,0.41499999165534973,0.3033721148967743,868000
2020-01-31,0.41499999165534973,0.42500001192092896,0.41499999165534973,0.41499999165534973,0.3033721148967743,526000
2020-02-03,0.42500001192092896,0.42500001192092896,0.41499999165534973,0.42500001192092896,0.3106822669506073,131616
2020-02-04,0.41999998688697815,0.4350000023841858,0.41499999165534973,0.42500001192092896,0.3106822669506073,272000
2020-02-05,0.41499999165534973,0.41999998688697815,0.41499999165534973,0.41999998688697815,0.3070271909236908,80000
2020-02-06,0.4099999964237213,0.42500001192092896,0.4099999964237213,0.42500001192092896,0.3106822669506073,14000
2020-02-07,0.4099999964237213,0.4099999964237213,0.38499999046325684,0.4099999964237213,0.2997170090675354,1558000
2020-02-10,0.4000000059604645,0.41499999165534973,0.4000000059604645,0.4000000059604645,0.29240682721138,208000
2020-02-11,0.4000000059604645,0.4000000059604645,0.38999998569488525,0.4000000059604645,0.29240682721138,1438000
2020-02-12,0.4099999964237213,0.4099999964237213,0.39500001072883606,0.4050000011920929,0.2960619330406189,180000
2020-02-13,0.39500001072883606,0.4050000011920929,0.38999998569488525,0.39500001072883606,0.2887517809867859,212000
2020-02-14,0.4000000059604645,0.4050000011920929,0.39500001072883606,0.4000000059604645,0.29240682721138,340000
2020-02-17,0.4000000059604645,0.41999998688697815,0.39500001072883606,0.4099999964237213,0.2997170090675354,728000
2020-02-18,0.4000000059604645,0.41499999165534973,0.4000000059604645,0.4050000011920929,0.2960619330406189,160000
2020-02-19,0.4000000059604645,0.4000000059604645,0.38999998569488525,0.39500001072883606,0.2887517809867859,484000
2020-02-20,0.39500001072883606,0.4000000059604645,0.38499999046325684,0.4000000059604645,0.29240682721138,738000
2020-02-21,0.4000000059604645,0.4000000059604645,0.38999998569488525,0.4000000059604645,0.29240682721138,1288000
2020-02-24,0.38999998569488525,0.39500001072883606,0.38499999046325684,0.38999998569488525,0.2850966453552246,258000
2020-02-25,0.39500001072883606,0.39500001072883606,0.38999998569488525,0.39500001072883606,0.2887517809867859,204000
2020-02-26,0.38999998569488525,0.4050000011920929,0.38999998569488525,0.39500001072883606,0.2887517809867859,598000
2020-02-27,0.38999998569488525,0.39500001072883606,0.38999998569488525,0.39500001072883606,0.2887517809867859,118000
2020-02-28,0.38999998569488525,0.39500001072883606,0.3799999952316284,0.39500001072883606,0.2887517809867859,1160000
2020-03-02,0.3799999952316284,0.39500001072883606,0.3799999952316284,0.38499999046325684,0.2814415693283081,168000
2020-03-03,0.38499999046325684,0.39500001072883606,0.38499999046325684,0.38999998569488525,0.2850966453552246,446000
2020-03-04,0.38499999046325684,0.38999998569488525,0.38499999046325684,0.38999998569488525,0.2850966453552246,188000
2020-03-05,0.38999998569488525,0.39500001072883606,0.38999998569488525,0.38999998569488525,0.2850966453552246,206000
2020-03-06,0.38999998569488525,0.39500001072883606,0.3799999952316284,0.39500001072883606,0.2887517809867859,90000
2020-03-09,0.38499999046325684,0.38499999046325684,0.36000001430511475,0.3799999952316284,0.2777864933013916,740000
2020-03-10,0.3799999952316284,0.38999998569488525,0.36000001430511475,0.3799999952316284,0.2777864933013916,240000
2020-03-11,0.3700000047683716,0.38499999046325684,0.36000001430511475,0.36000001430511475,0.2631661593914032,72000
2020-03-12,0.36000001430511475,0.38999998569488525,0.36000001430511475,0.3799999952316284,0.2777864933013916,424000
2020-03-13,0.36000001430511475,0.3700000047683716,0.3449999988079071,0.36000001430511475,0.2631661593914032,364000
2020-03-16,0.3499999940395355,0.36000001430511475,0.3499999940395355,0.3499999940395355,0.2558559775352478,248000
2020-03-17,0.3499999940395355,0.3499999940395355,0.3499999940395355,0.3499999940395355,0.2558559775352478,0
2020-03-18,0.3499999940395355,0.3499999940395355,0.32499998807907104,0.32499998807907104,0.2375805526971817,1354000
2020-03-19,0.32499998807907104,0.32499998807907104,0.3100000023841858,0.32499998807907104,0.2375805526971817,1642000
2020-03-20,0.3199999928474426,0.33000001311302185,0.3199999928474426,0.33000001311302185,0.2412356436252594,112000
2020-03-23,0.3050000071525574,0.3199999928474426,0.3050000071525574,0.3199999928474426,0.2339254766702652,624000
2020-03-24,0.3149999976158142,0.33000001311302185,0.3100000023841858,0.3199999928474426,0.2339254766702652,608000
2020-03-25,0.32499998807907104,0.32499998807907104,0.3149999976158142,0.32499998807907104,0.2375805526971817,298000
2020-03-26,0.32499998807907104,0.32499998807907104,0.3100000023841858,0.32499998807907104,0.2375805526971817,194000
2020-03-27,0.33000001311302185,0.33000001311302185,0.3100000023841858,0.3149999976158142,0.2302703708410263,1590000
2020-03-30,0.3149999976158142,0.3149999976158142,0.3050000071525574,0.3100000023841858,0.2266152948141098,14000
2020-03-31,0.3100000023841858,0.3149999976158142,0.3149999976158142,0.3149999976158142,0.2302703708410263,106000
2020-04-01,0.3050000071525574,0.33000001311302185,0.3050000071525574,0.32499998807907104,0.2375805526971817,696000
2020-04-02,0.3199999928474426,0.33000001311302185,0.3149999976158142,0.32499998807907104,0.2375805526971817,172000
2020-04-03,0.33000001311302185,0.33000001311302185,0.3100000023841858,0.3100000023841858,0.2266152948141098,1080000
2020-04-06,0.3100000023841858,0.3100000023841858,0.3100000023841858,0.3100000023841858,0.2266152948141098,0
2020-04-07,0.3100000023841858,0.3199999928474426,0.3100000023841858,0.3149999976158142,0.2302703708410263,414000
2020-04-08,0.3050000071525574,0.33000001311302185,0.3050000071525574,0.3199999928474426,0.2339254766702652,1050000
2020-04-09,0.32499998807907104,0.38499999046325684,0.32499998807907104,0.3499999940395355,0.2558559775352478,8810000
2020-04-14,0.33000001311302185,0.35499998927116394,0.33000001311302185,0.3449999988079071,0.2522009313106537,1262000
2020-04-15,0.3499999940395355,0.3499999940395355,0.33000001311302185,0.33500000834465027,0.2448907196521759,438000
2020-04-16,0.3199999928474426,0.33500000834465027,0.3149999976158142,0.3199999928474426,0.2339254766702652,408000
2020-04-17,0.32499998807907104,0.3400000035762787,0.3199999928474426,0.33500000834465027,0.2448907196521759,936000
2020-04-20,0.33500000834465027,0.36500000953674316,0.33500000834465027,0.36000001430511475,0.2631661593914032,2122000
2020-04-21,0.3400000035762787,0.36000001430511475,0.3400000035762787,0.36000001430511475,0.2631661593914032,396000
2020-04-22,0.3700000047683716,0.3799999952316284,0.36000001430511475,0.36500000953674316,0.2668212652206421,616000
2020-04-23,0.35499998927116394,0.36500000953674316,0.35499998927116394,0.36500000953674316,0.2668212652206421,8000
2020-04-24,0.3499999940395355,0.36000001430511475,0.3499999940395355,0.36000001430511475,0.2631661593914032,30000
2020-04-27,0.3499999940395355,0.35499998927116394,0.3400000035762787,0.35499998927116394,0.2595110535621643,48000
2020-04-28,0.3400000035762787,0.36500000953674316,0.3400000035762787,0.36000001430511475,0.2631661593914032,1154000
2020-04-29,0.3700000047683716,0.3700000047683716,0.3449999988079071,0.3449999988079071,0.2522009313106537,1452000
2020-05-04,0.3449999988079071,0.3499999940395355,0.33000001311302185,0.3499999940395355,0.2558559775352478,260000
2020-05-05,0.3499999940395355,0.38499999046325684,0.3400000035762787,0.36000001430511475,0.2631661593914032,3094000
2020-05-06,0.35499998927116394,0.36000001430511475,0.3449999988079071,0.3449999988079071,0.2522009313106537,1054000
2020-05-07,0.3400000035762787,0.3499999940395355,0.3400000035762787,0.3499999940395355,0.2558559775352478,914000
2020-05-08,0.3499999940395355,0.35499998927116394,0.3449999988079071,0.3499999940395355,0.2558559775352478,114000
2020-05-11,0.3499999940395355,0.3499999940395355,0.3400000035762787,0.3499999940395355,0.2558559775352478,80000
2020-05-12,0.3449999988079071,0.3499999940395355,0.3400000035762787,0.3400000035762787,0.2485458254814148,256000
2020-05-13,0.33500000834465027,0.3400000035762787,0.33000001311302185,0.33000001311302185,0.2412356436252594,1118000
2020-05-14,0.33000001311302185,0.3400000035762787,0.33000001311302185,0.3400000035762787,0.2485458254814148,370000
2020-05-15,0.33000001311302185,0.33500000834465027,0.3199999928474426,0.33500000834465027,0.2448907196521759,484000
2020-05-18,0.33000001311302185,0.33500000834465027,0.32499998807907104,0.33000001311302185,0.2412356436252594,180000
2020-05-19,0.33500000834465027,0.3400000035762787,0.33000001311302185,0.33500000834465027,0.2448907196521759,722000
2020-05-20,0.3400000035762787,0.3449999988079071,0.33000001311302185,0.33500000834465027,0.2448907196521759,466000
2020-05-21,0.33000001311302185,0.33500000834465027,0.33000001311302185,0.33500000834465027,0.2448907196521759,650000
2020-05-22,0.32499998807907104,0.33000001311302185,0.3149999976158142,0.3199999928474426,0.2339254766702652,1372000
2020-05-25,0.3199999928474426,0.3199999928474426,0.3100000023841858,0.3199999928474426,0.2339254766702652,478000
2020-05-26,0.3199999928474426,0.3199999928474426,0.3199999928474426,0.3199999928474426,0.2339254766702652,0
2020-05-27,0.3149999976158142,0.32499998807907104,0.3149999976158142,0.32499998807907104,0.2375805526971817,1192000
2020-05-28,0.3149999976158142,0.32499998807907104,0.3149999976158142,0.3199999928474426,0.2339254766702652,180000
2020-05-29,0.3100000023841858,0.3199999928474426,0.3050000071525574,0.3149999976158142,0.2302703708410263,1270000
2020-06-01,0.3149999976158142,0.3199999928474426,0.3149999976158142,0.3199999928474426,0.2339254766702652,418000
2020-06-02,0.3199999928474426,0.32499998807907104,0.3199999928474426,0.32499998807907104,0.2375805526971817,648000
2020-06-03,0.32499998807907104,0.33000001311302185,0.3199999928474426,0.3199999928474426,0.2339254766702652,756000
2020-06-04,0.3199999928474426,0.3199999928474426,0.3149999976158142,0.3199999928474426,0.2339254766702652,64000
2020-06-05,0.3199999928474426,0.3449999988079071,0.3199999928474426,0.33500000834465027,0.2448907196521759,1048000
2020-06-08,0.33500000834465027,0.3400000035762787,0.3199999928474426,0.33000001311302185,0.2412356436252594,1424000
2020-06-09,0.33500000834465027,0.3400000035762787,0.33000001311302185,0.33500000834465027,0.2448907196521759,234000
2020-06-10,0.33500000834465027,0.3400000035762787,0.33000001311302185,0.33500000834465027,0.2448907196521759,364000
2020-06-11,0.33500000834465027,0.3700000047683716,0.32499998807907104,0.33500000834465027,0.2448907196521759,1250000
2020-06-12,0.33000001311302185,0.33500000834465027,0.33000001311302185,0.33500000834465027,0.2448907196521759,104000
2020-06-15,0.33000001311302185,0.3400000035762787,0.3100000023841858,0.3100000023841858,0.2266152948141098,1502000
2020-06-16,0.3149999976158142,0.3449999988079071,0.3149999976158142,0.32499998807907104,0.2375805526971817,1840000
2020-06-17,0.32499998807907104,0.3400000035762787,0.3100000023841858,0.32499998807907104,0.2375805526971817,1052000
2020-06-18,0.32499998807907104,0.32499998807907104,0.3149999976158142,0.3149999976158142,0.2302703708410263,58000
2020-06-19,0.3149999976158142,0.32499998807907104,0.3149999976158142,0.3199999928474426,0.2339254766702652,544000
2020-06-22,0.3199999928474426,0.3199999928474426,0.3100000023841858,0.3149999976158142,0.2302703708410263,616000
2020-06-23,0.3100000023841858,0.3199999928474426,0.3100000023841858,0.3149999976158142,0.2302703708410263,226000
2020-06-24,0.3100000023841858,0.3199999928474426,0.3100000023841858,0.3149999976158142,0.2302703708410263,492000
2020-06-26,0.3100000023841858,0.3499999940395355,0.3100000023841858,0.3149999976158142,0.2302703708410263,2902000
2020-06-29,0.3149999976158142,0.3199999928474426,0.3100000023841858,0.3149999976158142,0.2302703708410263,306000
2020-06-30,0.3100000023841858,0.3149999976158142,0.3050000071525574,0.3149999976158142,0.2302703708410263,932000
2020-07-02,0.3149999976158142,0.3199999928474426,0.3100000023841858,0.3149999976158142,0.2302703708410263,1206000
2020-07-03,0.3149999976158142,0.3149999976158142,0.3149999976158142,0.3149999976158142,0.2302703708410263,0
2020-07-06,0.3100000023841858,0.3400000035762787,0.3100000023841858,0.32499998807907104,0.2375805526971817,2292000
2020-07-07,0.33500000834465027,0.33500000834465027,0.3199999928474426,0.32499998807907104,0.2375805526971817,558000
2020-07-08,0.3149999976158142,0.3199999928474426,0.3050000071525574,0.3149999976158142,0.2302703708410263,2264000
2020-07-09,0.3100000023841858,0.3149999976158142,0.3100000023841858,0.3149999976158142,0.2302703708410263,920000
2020-07-10,0.3100000023841858,0.3149999976158142,0.3050000071525574,0.3149999976158142,0.2302703708410263,410000
2020-07-13,0.3050000071525574,0.3100000023841858,0.3050000071525574,0.3100000023841858,0.2266152948141098,454000
2020-07-14,0.3050000071525574,0.3050000071525574,0.29499998688697815,0.30000001192092896,0.219305157661438,1520000
2020-07-15,0.30000001192092896,0.3050000071525574,0.30000001192092896,0.3050000071525574,0.22296024858951569,158000
2020-07-16,0.3050000071525574,0.3050000071525574,0.29499998688697815,0.30000001192092896,0.219305157661438,962000
2020-07-17,0.30000001192092896,0.3050000071525574,0.29499998688697815,0.3050000071525574,0.22296024858951569,206000
2020-07-20,0.29499998688697815,0.30000001192092896,0.28999999165534973,0.30000001192092896,0.219305157661438,1062000
2020-07-21,0.29499998688697815,0.29499998688697815,0.28999999165534973,0.28999999165534973,0.2119949609041214,242000
2020-07-22,0.28999999165534973,0.29499998688697815,0.28999999165534973,0.29499998688697815,0.2156500369310379,696000
2020-07-23,0.28999999165534973,0.29499998688697815,0.28999999165534973,0.29499998688697815,0.2156500369310379,184000
2020-07-24,0.28999999165534973,0.28999999165534973,0.2849999964237213,0.28999999165534973,0.2119949609041214,114000
2020-07-27,0.2849999964237213,0.28999999165534973,0.2800000011920929,0.2800000011920929,0.204684779047966,1044000
2020-07-28,0.2800000011920929,0.28999999165534973,0.2800000011920929,0.2800000011920929,0.204684779047966,280000
2020-07-29,0.2800000011920929,0.2800000011920929,0.27000001072883606,0.2800000011920929,0.204684779047966,833000
2020-07-30,0.27000001072883606,0.2849999964237213,0.27000001072883606,0.2800000011920929,0.204684779047966,958000
2020-07-31,0.2750000059604645,0.2800000011920929,0.27000001072883606,0.2800000011920929,0.204684779047966,116000
2020-08-03,0.27000001072883606,0.2800000011920929,0.27000001072883606,0.2800000011920929,0.204684779047966,252000
2020-08-04,0.2800000011920929,0.28999999165534973,0.2800000011920929,0.28999999165534973,0.2119949609041214,790000
2020-08-05,0.28999999165534973,0.28999999165534973,0.2750000059604645,0.28999999165534973,0.2119949609041214,790000
2020-08-06,0.2849999964237213,0.28999999165534973,0.2800000011920929,0.28999999165534973,0.2119949609041214,376000
2020-08-07,0.28999999165534973,0.28999999165534973,0.2750000059604645,0.2849999964237213,0.2083398699760437,916000
2020-08-10,0.29499998688697815,0.3100000023841858,0.2800000011920929,0.2849999964237213,0.2083398699760437,356000
2020-08-11,0.2849999964237213,0.3149999976158142,0.2800000011920929,0.3050000071525574,0.22296024858951569,2486000
2020-08-12,0.3149999976158142,0.3149999976158142,0.29499998688697815,0.3050000071525574,0.22296024858951569,726000
2020-08-13,0.3050000071525574,0.3050000071525574,0.29499998688697815,0.29499998688697815,0.2156500369310379,702000
2020-08-14,0.30000001192092896,0.3100000023841858,0.29499998688697815,0.30000001192092896,0.219305157661438,1124000
2020-08-17,0.30000001192092896,0.3050000071525574,0.30000001192092896,0.3050000071525574,0.22296024858951569,444000
2020-08-18,0.3100000023841858,0.3100000023841858,0.29499998688697815,0.30000001192092896,0.219305157661438,780000
2020-08-19,0.29499998688697815,0.3050000071525574,0.29499998688697815,0.30000001192092896,0.219305157661438,150000
2020-08-20,0.29499998688697815,0.3050000071525574,0.29499998688697815,0.3050000071525574,0.22296024858951569,914000
2020-08-21,0.3149999976158142,0.3149999976158142,0.3100000023841858,0.3100000023841858,0.2266152948141098,1408000
2020-08-24,0.3199999928474426,0.33500000834465027,0.30000001192092896,0.32499998807907104,0.2375805526971817,2178000
2020-08-25,0.32499998807907104,0.36000001430511475,0.3149999976158142,0.33000001311302185,0.2412356436252594,5070000
2020-08-26,0.33000001311302185,0.3400000035762787,0.3199999928474426,0.32499998807907104,0.2375805526971817,864000
2020-08-27,0.3400000035762787,0.3400000035762787,0.32499998807907104,0.33000001311302185,0.2412356436252594,276000
2020-08-28,0.33500000834465027,0.33500000834465027,0.32499998807907104,0.32499998807907104,0.2375805526971817,988000
2020-08-31,0.33500000834465027,0.3499999940395355,0.32499998807907104,0.33000001311302185,0.2412356436252594,994000
2020-09-01,0.33000001311302185,0.33500000834465027,0.32499998807907104,0.33000001311302185,0.2412356436252594,96000
2020-09-02,0.32499998807907104,0.3400000035762787,0.3199999928474426,0.3400000035762787,0.2485458254814148,612000
2020-09-03,0.3449999988079071,0.3499999940395355,0.32499998807907104,0.33500000834465027,0.2448907196521759,754000
2020-09-04,0.3199999928474426,0.33500000834465027,0.3199999928474426,0.33000001311302185,0.2412356436252594,504000
2020-09-07,0.32499998807907104,0.32499998807907104,0.3199999928474426,0.32499998807907104,0.2375805526971817,332000
2020-09-08,0.32499998807907104,0.3449999988079071,0.32499998807907104,0.33500000834465027,0.2448907196521759,1330000
2020-09-09,0.32499998807907104,0.3400000035762787,0.32499998807907104,0.3400000035762787,0.2485458254814148,212000
2020-09-10,0.33000001311302185,0.33000001311302185,0.32499998807907104,0.32499998807907104,0.2375805526971817,320000
2020-09-11,0.3199999928474426,0.33000001311302185,0.3199999928474426,0.3199999928474426,0.2339254766702652,490000
2020-09-14,0.3199999928474426,0.33000001311302185,0.3199999928474426,0.33000001311302185,0.2412356436252594,120000
2020-09-15,0.3199999928474426,0.33000001311302185,0.3199999928474426,0.33000001311302185,0.2412356436252594,82000
2020-09-16,0.33000001311302185,0.33000001311302185,0.3199999928474426,0.3199999928474426,0.2339254766702652,248000
2020-09-17,0.3199999928474426,0.32499998807907104,0.3100000023841858,0.3149999976158142,0.2302703708410263,226000
2020-09-18,0.3199999928474426,0.3199999928474426,0.3199999928474426,0.3199999928474426,0.2339254766702652,0
2020-09-21,0.3149999976158142,0.3199999928474426,0.3100000023841858,0.3149999976158142,0.2302703708410263,270000
2020-09-22,0.3050000071525574,0.3149999976158142,0.3050000071525574,0.3149999976158142,0.2302703708410263,226000
2020-09-23,0.3149999976158142,0.3149999976158142,0.3149999976158142,0.3149999976158142,0.2302703708410263,0
2020-09-24,0.3050000071525574,0.3149999976158142,0.30000001192092896,0.3100000023841858,0.2266152948141098,440000
2020-09-25,0.30000001192092896,0.3050000071525574,0.29499998688697815,0.30000001192092896,0.219305157661438,802000
2020-09-28,0.30000001192092896,0.3100000023841858,0.29499998688697815,0.3100000023841858,0.2266152948141098,146000
2020-09-29,0.3149999976158142,0.3199999928474426,0.3100000023841858,0.3100000023841858,0.2266152948141098,934000
2020-09-30,0.3100000023841858,0.3100000023841858,0.3100000023841858,0.3100000023841858,0.2266152948141098,0
2020-10-05,0.3199999928474426,0.3199999928474426,0.30000001192092896,0.3100000023841858,0.2266152948141098,890000
2020-10-06,0.30000001192092896,0.3100000023841858,0.29499998688697815,0.30000001192092896,0.219305157661438,474000
2020-10-07,0.3050000071525574,0.3050000071525574,0.29499998688697815,0.3050000071525574,0.22296024858951569,294000
2020-10-08,0.3050000071525574,0.3100000023841858,0.30000001192092896,0.3100000023841858,0.2266152948141098,576000
2020-10-09,0.3100000023841858,0.3100000023841858,0.28999999165534973,0.3050000071525574,0.22296024858951569,1762000
2020-10-12,0.3050000071525574,0.3100000023841858,0.29499998688697815,0.3050000071525574,0.22296024858951569,592000
2020-10-14,0.30000001192092896,0.30000001192092896,0.28999999165534973,0.29499998688697815,0.2156500369310379,1818000
2020-10-15,0.28999999165534973,0.29499998688697815,0.28999999165534973,0.29499998688697815,0.2156500369310379,1538000
2020-10-16,0.28999999165534973,0.30000001192092896,0.28999999165534973,0.29499998688697815,0.2156500369310379,668327
2020-10-19,0.30000001192092896,0.3100000023841858,0.28999999165534973,0.3100000023841858,0.2266152948141098,542000
2020-10-20,0.30000001192092896,0.3050000071525574,0.29499998688697815,0.3050000071525574,0.22296024858951569,406000
2020-10-21,0.30000001192092896,0.3050000071525574,0.30000001192092896,0.3050000071525574,0.22296024858951569,90000
2020-10-22,0.30000001192092896,0.30000001192092896,0.28999999165534973,0.30000001192092896,0.219305157661438,948000
2020-10-23,0.29499998688697815,0.3100000023841858,0.28999999165534973,0.30000001192092896,0.219305157661438,1250000
2020-10-27,0.30000001192092896,0.3100000023841858,0.29499998688697815,0.3100000023841858,0.2266152948141098,826000
2020-10-28,0.30000001192092896,0.30000001192092896,0.29499998688697815,0.30000001192092896,0.219305157661438,714000
2020-10-29,0.30000001192092896,0.30000001192092896,0.28999999165534973,0.28999999165534973,0.2119949609041214,1854000
2020-10-30,0.29499998688697815,0.29499998688697815,0.2849999964237213,0.28999999165534973,0.2119949609041214,814000
2020-11-02,0.28999999165534973,0.28999999165534973,0.2849999964237213,0.28999999165534973,0.2119949609041214,450000
2020-11-03,0.28999999165534973,0.28999999165534973,0.2849999964237213,0.28999999165534973,0.2119949609041214,356000
2020-11-04,0.2849999964237213,0.28999999165534973,0.2849999964237213,0.28999999165534973,0.2119949609041214,26000
2020-11-05,0.28999999165534973,0.29499998688697815,0.28999999165534973,0.29499998688697815,0.2156500369310379,1008000
2020-11-06,0.29499998688697815,0.29499998688697815,0.28999999165534973,0.29499998688697815,0.2156500369310379,684000
2020-11-09,0.29499998688697815,0.3050000071525574,0.29499998688697815,0.29499998688697815,0.2156500369310379,316000
2020-11-10,0.3100000023841858,0.3100000023841858,0.30000001192092896,0.3050000071525574,0.22296024858951569,1044000
2020-11-11,0.3050000071525574,0.3050000071525574,0.29499998688697815,0.30000001192092896,0.219305157661438,1284000
2020-11-12,0.29499998688697815,0.30000001192092896,0.29499998688697815,0.30000001192092896,0.219305157661438,170000
2020-11-13,0.28999999165534973,0.29499998688697815,0.28999999165534973,0.29499998688697815,0.2156500369310379,24000
2020-11-16,0.28999999165534973,0.29499998688697815,0.28999999165534973,0.29499998688697815,0.2156500369310379,266000
2020-11-17,0.28999999165534973,0.29499998688697815,0.28999999165534973,0.29499998688697815,0.2156500369310379,304000
2020-11-18,0.29499998688697815,0.3100000023841858,0.28999999165534973,0.29499998688697815,0.2156500369310379,1702000
2020-11-19,0.29499998688697815,0.3100000023841858,0.28999999165534973,0.29499998688697815,0.2156500369310379,1764000
2020-11-20,0.29499998688697815,0.29499998688697815,0.2849999964237213,0.28999999165534973,0.2119949609041214,2208000
2020-11-23,0.29499998688697815,0.29499998688697815,0.28999999165534973,0.29499998688697815,0.2156500369310379,2102000
2020-11-24,0.29499998688697815,0.3050000071525574,0.28999999165534973,0.29499998688697815,0.2156500369310379,2566000
2020-11-25,0.29499998688697815,0.30000001192092896,0.28999999165534973,0.28999999165534973,0.2119949609041214,2412000
2020-11-26,0.28999999165534973,0.28999999165534973,0.28999999165534973,0.28999999165534973,0.2119949609041214,706000
2020-11-27,0.28999999165534973,0.29499998688697815,0.28999999165534973,0.28999999165534973,0.2119949609041214,926000
2020-11-30,0.28999999165534973,0.28999999165534973,0.2800000011920929,0.2849999964237213,0.2083398699760437,1816000
2020-12-01,0.2849999964237213,0.2849999964237213,0.2800000011920929,0.2849999964237213,0.2083398699760437,1244000
2020-12-02,0.2849999964237213,0.2849999964237213,0.2750000059604645,0.2849999964237213,0.2083398699760437,1334100
2020-12-03,0.2750000059604645,0.2849999964237213,0.2750000059604645,0.2800000011920929,0.204684779047966,992000
2020-12-04,0.2849999964237213,0.2849999964237213,0.2750000059604645,0.2800000011920929,0.204684779047966,510000
2020-12-07,0.2849999964237213,0.28999999165534973,0.2750000059604645,0.2849999964237213,0.2083398699760437,2950000
2020-12-08,0.2800000011920929,0.2849999964237213,0.2800000011920929,0.2800000011920929,0.204684779047966,822000
2020-12-09,0.2800000011920929,0.2800000011920929,0.2750000059604645,0.2800000011920929,0.204684779047966,362000
2020-12-10,0.2750000059604645,0.2800000011920929,0.2750000059604645,0.2750000059604645,0.2010297030210495,348000
2020-12-11,0.2750000059604645,0.2750000059604645,0.26499998569488525,0.26499998569488525,0.1937195211648941,1688000
2020-12-14,0.25999999046325684,0.2800000011920929,0.25999999046325684,0.27000001072883606,0.197374626994133,988000
2020-12-15,0.27000001072883606,0.2800000011920929,0.27000001072883606,0.2750000059604645,0.2010297030210495,436000
2020-12-16,0.2800000011920929,0.2800000011920929,0.27000001072883606,0.2800000011920929,0.204684779047966,236000
2020-12-17,0.2800000011920929,0.2800000011920929,0.2800000011920929,0.2800000011920929,0.204684779047966,0
2020-12-18,0.27000001072883606,0.2849999964237213,0.27000001072883606,0.2800000011920929,0.204684779047966,1220000
2020-12-21,0.2800000011920929,0.2800000011920929,0.27000001072883606,0.2800000011920929,0.204684779047966,280000
2020-12-22,0.2800000011920929,0.2800000011920929,0.27000001072883606,0.27000001072883606,0.197374626994133,110000
2020-12-23,0.27000001072883606,0.2750000059604645,0.26499998569488525,0.27000001072883606,0.197374626994133,2152000
2020-12-24,0.26499998569488525,0.26499998569488525,0.26499998569488525,0.26499998569488525,0.1937195211648941,0
2020-12-28,0.26499998569488525,0.27000001072883606,0.26499998569488525,0.26499998569488525,0.1937195211648941,94000
2020-12-29,0.27000001072883606,0.27000001072883606,0.25999999046325684,0.27000001072883606,0.197374626994133,1262000
2020-12-30,0.2750000059604645,0.2750000059604645,0.25999999046325684,0.25999999046325684,0.1900644302368164,1998000
2020-12-31,0.26499998569488525,0.26499998569488525,0.26499998569488525,0.26499998569488525,0.1937195211648941,0
2021-01-04,0.26499998569488525,0.28999999165534973,0.25999999046325684,0.2750000059604645,0.2010297030210495,1970000
2021-01-05,0.2800000011920929,0.2800000011920929,0.27000001072883606,0.2800000011920929,0.204684779047966,1214000
2021-01-06,0.27000001072883606,0.2849999964237213,0.27000001072883606,0.2800000011920929,0.204684779047966,60000
2021-01-07,0.27000001072883606,0.2849999964237213,0.27000001072883606,0.2800000011920929,0.204684779047966,584000
2021-01-08,0.27000001072883606,0.2800000011920929,0.27000001072883606,0.2800000011920929,0.204684779047966,822100
2021-01-11,0.2800000011920929,0.2849999964237213,0.27000001072883606,0.2800000011920929,0.204684779047966,740000
2021-01-12,0.2800000011920929,0.2800000011920929,0.2750000059604645,0.2800000011920929,0.204684779047966,100000
2021-01-13,0.2800000011920929,0.2800000011920929,0.2750000059604645,0.2800000011920929,0.204684779047966,160000
2021-01-14,0.2800000011920929,0.2849999964237213,0.2750000059604645,0.2800000011920929,0.204684779047966,130000
2021-01-15,0.2800000011920929,0.2800000011920929,0.2750000059604645,0.2800000011920929,0.204684779047966,188000
2021-01-18,0.2750000059604645,0.2849999964237213,0.2750000059604645,0.2849999964237213,0.2083398699760437,406000
2021-01-19,0.2750000059604645,0.28999999165534973,0.2750000059604645,0.28999999165534973,0.2119949609041214,392000
2021-01-20,0.29499998688697815,0.29499998688697815,0.2800000011920929,0.2800000011920929,0.204684779047966,24000
2021-01-21,0.2800000011920929,0.2800000011920929,0.2800000011920929,0.2800000011920929,0.204684779047966,546000
2021-01-22,0.2849999964237213,0.30000001192092896,0.2750000059604645,0.2849999964237213,0.2083398699760437,676000
2021-01-25,0.2849999964237213,0.2849999964237213,0.2800000011920929,0.2849999964237213,0.2083398699760437,344000
2021-01-26,0.2849999964237213,0.2849999964237213,0.2849999964237213,0.2849999964237213,0.2083398699760437,210000
2021-01-27,0.2849999964237213,0.2849999964237213,0.2750000059604645,0.2800000011920929,0.204684779047966,880000
2021-01-28,0.2750000059604645,0.2800000011920929,0.2750000059604645,0.2750000059604645,0.2010297030210495,476000
2021-01-29,0.2800000011920929,0.2800000011920929,0.2750000059604645,0.2750000059604645,0.2010297030210495,772000
2021-02-01,0.27000001072883606,0.2849999964237213,0.27000001072883606,0.2849999964237213,0.2083398699760437,234000
2021-02-02,0.2849999964237213,0.28999999165534973,0.2800000011920929,0.2849999964237213,0.2083398699760437,434000
2021-02-03,0.2849999964237213,0.2849999964237213,0.2800000011920929,0.2800000011920929,0.204684779047966,44000
2021-02-04,0.2800000011920929,0.28999999165534973,0.2800000011920929,0.28999999165534973,0.2119949609041214,162000
2021-02-05,0.2800000011920929,0.2800000011920929,0.2750000059604645,0.2800000011920929,0.204684779047966,866000
2021-02-08,0.2800000011920929,0.28999999165534973,0.2750000059604645,0.2800000011920929,0.204684779047966,1976000
2021-02-09,0.2849999964237213,0.29499998688697815,0.2800000011920929,0.28999999165534973,0.2119949609041214,1896000
2021-02-10,0.2849999964237213,0.29499998688697815,0.2800000011920929,0.29499998688697815,0.2156500369310379,2244000
2021-02-11,0.3100000023841858,0.3100000023841858,0.3100000023841858,0.3100000023841858,0.2266152948141098,0
2021-02-16,0.3100000023841858,0.3499999940395355,0.3100000023841858,0.3499999940395355,0.2558559775352478,14262000
2021-02-17,0.36000001430511475,0.3700000047683716,0.32499998807907104,0.3449999988079071,0.2522009313106537,8508000
2021-02-18,0.3449999988079071,0.3449999988079071,0.3199999928474426,0.33500000834465027,0.2448907196521759,4172000
2021-02-19,0.3449999988079071,0.3449999988079071,0.33500000834465027,0.3449999988079071,0.2522009313106537,3468000
2021-02-22,0.3400000035762787,0.3449999988079071,0.33500000834465027,0.3400000035762787,0.2485458254814148,992000
2021-02-23,0.33000001311302185,0.3449999988079071,0.33000001311302185,0.33500000834465027,0.2448907196521759,2430000
2021-02-24,0.33500000834465027,0.38999998569488525,0.33500000834465027,0.375,0.2741314172744751,21186000
2021-02-25,0.375,0.38999998569488525,0.35499998927116394,0.3700000047683716,0.2704763412475586,8756000
2021-02-26,0.36500000953674316,0.38499999046325684,0.35499998927116394,0.3700000047683716,0.2704763412475586,4670000
2021-03-01,0.3700000047683716,0.3799999952316284,0.35499998927116394,0.35499998927116394,0.2595110535621643,732000
2021-03-02,0.35499998927116394,0.36000001430511475,0.3449999988079071,0.3449999988079071,0.2522009313106537,2222000
2021-03-03,0.3449999988079071,0.35499998927116394,0.3400000035762787,0.35499998927116394,0.2595110535621643,1608000
2021-03-04,0.3449999988079071,0.3449999988079071,0.3400000035762787,0.3400000035762787,0.2485458254814148,362000
2021-03-05,0.3400000035762787,0.3499999940395355,0.3400000035762787,0.3449999988079071,0.2522009313106537,380000
2021-03-08,0.3499999940395355,0.3499999940395355,0.33000001311302185,0.3400000035762787,0.2485458254814148,2102000
2021-03-09,0.33000001311302185,0.3400000035762787,0.33000001311302185,0.33500000834465027,0.2448907196521759,506000
2021-03-10,0.33500000834465027,0.3449999988079071,0.3199999928474426,0.33000001311302185,0.2412356436252594,1020000
2021-03-11,0.33500000834465027,0.3400000035762787,0.33000001311302185,0.3400000035762787,0.2485458254814148,2444000
2021-03-12,0.3400000035762787,0.3400000035762787,0.33000001311302185,0.33000001311302185,0.2412356436252594,462000
2021-03-15,0.33000001311302185,0.3400000035762787,0.33000001311302185,0.33500000834465027,0.2448907196521759,1434000
2021-03-16,0.3400000035762787,0.3400000035762787,0.33500000834465027,0.3400000035762787,0.2485458254814148,208000
2021-03-17,0.33500000834465027,0.3400000035762787,0.33500000834465027,0.33500000834465027,0.2448907196521759,142000
2021-03-18,0.33500000834465027,0.33500000834465027,0.32499998807907104,0.33500000834465027,0.2448907196521759,1032000
2021-03-19,0.33000001311302185,0.33000001311302185,0.32499998807907104,0.33000001311302185,0.2412356436252594,474000
2021-03-22,0.33000001311302185,0.3400000035762787,0.32499998807907104,0.3400000035762787,0.2485458254814148,464000
2021-03-23,0.33500000834465027,0.33500000834465027,0.32499998807907104,0.33000001311302185,0.2412356436252594,318000
2021-03-24,0.33000001311302185,0.33000001311302185,0.3149999976158142,0.3199999928474426,0.2339254766702652,850000
2021-03-25,0.3149999976158142,0.32499998807907104,0.3149999976158142,0.32499998807907104,0.2375805526971817,284000
2021-03-26,0.32499998807907104,0.33500000834465027,0.32499998807907104,0.33500000834465027,0.2448907196521759,398000
2021-03-29,0.33500000834465027,0.33500000834465027,0.33500000834465027,0.33500000834465027,0.2448907196521759,0
2021-03-30,0.3400000035762787,0.3400000035762787,0.32499998807907104,0.33500000834465027,0.2448907196521759,1544000
2021-03-31,0.32499998807907104,0.32499998807907104,0.3149999976158142,0.32499998807907104,0.2375805526971817,1388000
2021-04-01,0.32499998807907104,0.32499998807907104,0.3149999976158142,0.3199999928474426,0.2339254766702652,944000
2021-04-07,0.3149999976158142,0.32499998807907104,0.3050000071525574,0.3100000023841858,0.2266152948141098,3538000
2021-04-08,0.30000001192092896,0.3149999976158142,0.30000001192092896,0.3149999976158142,0.2302703708410263,336000
2021-04-09,0.3100000023841858,0.3100000023841858,0.3050000071525574,0.3100000023841858,0.2266152948141098,170000
2021-04-12,0.3050000071525574,0.3100000023841858,0.30000001192092896,0.3050000071525574,0.22296024858951569,502000
2021-04-13,0.3100000023841858,0.3199999928474426,0.3050000071525574,0.3100000023841858,0.2266152948141098,2362000
2021-04-14,0.3199999928474426,0.32499998807907104,0.3050000071525574,0.32499998807907104,0.2375805526971817,626000
2021-04-15,0.32499998807907104,0.32499998807907104,0.3149999976158142,0.32499998807907104,0.2375805526971817,214000
2021-04-16,0.3149999976158142,0.32499998807907104,0.3100000023841858,0.3199999928474426,0.2339254766702652,1764000
2021-04-19,0.3199999928474426,0.32499998807907104,0.3149999976158142,0.32499998807907104,0.2375805526971817,534000
2021-04-20,0.3149999976158142,0.3199999928474426,0.3100000023841858,0.3199999928474426,0.2339254766702652,1410000
2021-04-21,0.3100000023841858,0.3199999928474426,0.3050000071525574,0.3100000023841858,0.2266152948141098,1918000
2021-04-22,0.3050000071525574,0.3199999928474426,0.3050000071525574,0.3199999928474426,0.2339254766702652,232000
2021-04-23,0.3199999928474426,0.3199999928474426,0.3050000071525574,0.3149999976158142,0.2302703708410263,1148000
2021-04-26,0.3149999976158142,0.3149999976158142,0.3050000071525574,0.3100000023841858,0.2266152948141098,1322000
2021-04-27,0.3050000071525574,0.3149999976158142,0.3050000071525574,0.3149999976158142,0.2302703708410263,228000
2021-04-28,0.3149999976158142,0.33500000834465027,0.3100000023841858,0.32499998807907104,0.2375805526971817,5610000
2021-04-29,0.32499998807907104,0.32499998807907104,0.3149999976158142,0.32499998807907104,0.2375805526971817,1766000
2021-04-30,0.32499998807907104,0.32499998807907104,0.3100000023841858,0.3149999976158142,0.2302703708410263,1250000
2021-05-03,0.3100000023841858,0.3149999976158142,0.3100000023841858,0.3149999976158142,0.2302703708410263,474000
2021-05-04,0.3149999976158142,0.3149999976158142,0.3100000023841858,0.3149999976158142,0.2302703708410263,302000
2021-05-05,0.3149999976158142,0.3149999976158142,0.3100000023841858,0.3149999976158142,0.2302703708410263,1294000
2021-05-06,0.3050000071525574,0.3149999976158142,0.3050000071525574,0.3149999976158142,0.2302703708410263,474000
2021-05-07,0.3149999976158142,0.3149999976158142,0.3100000023841858,0.3100000023841858,0.2266152948141098,1134000
2021-05-10,0.3100000023841858,0.3149999976158142,0.3100000023841858,0.3149999976158142,0.2302703708410263,1356000
2021-05-11,0.3149999976158142,0.3149999976158142,0.3149999976158142,0.3149999976158142,0.2302703708410263,104000
2021-05-12,0.3149999976158142,0.3149999976158142,0.3100000023841858,0.3149999976158142,0.2302703708410263,524000
2021-05-13,0.3100000023841858,0.32499998807907104,0.3100000023841858,0.3199999928474426,0.2339254766702652,654000
2021-05-14,0.3199999928474426,0.32499998807907104,0.3149999976158142,0.3199999928474426,0.2339254766702652,250000
2021-05-17,0.3149999976158142,0.3199999928474426,0.3100000023841858,0.3199999928474426,0.2339254766702652,304000
2021-05-18,0.3199999928474426,0.3199999928474426,0.3100000023841858,0.3149999976158142,0.2302703708410263,160000
2021-05-20,0.3100000023841858,0.3149999976158142,0.3100000023841858,0.3149999976158142,0.2302703708410263,112000
2021-05-21,0.3100000023841858,0.3149999976158142,0.3100000023841858,0.3100000023841858,0.2266152948141098,442000
2021-05-24,0.3100000023841858,0.3149999976158142,0.3100000023841858,0.3149999976158142,0.2302703708410263,116000
2021-05-25,0.3149999976158142,0.3149999976158142,0.3100000023841858,0.3100000023841858,0.2266152948141098,110800
2021-05-26,0.3100000023841858,0.3100000023841858,0.3100000023841858,0.3100000023841858,0.2266152948141098,238000
2021-05-27,0.3149999976158142,0.3149999976158142,0.3149999976158142,0.3149999976158142,0.2302703708410263,30000
2021-05-28,0.3149999976158142,0.3199999928474426,0.3100000023841858,0.3149999976158142,0.2302703708410263,262000
2021-05-31,0.3100000023841858,0.3149999976158142,0.30000001192092896,0.3149999976158142,0.2302703708410263,768000
2021-06-01,0.3149999976158142,0.3199999928474426,0.3050000071525574,0.3149999976158142,0.2302703708410263,374000
2021-06-02,0.3149999976158142,0.3149999976158142,0.3149999976158142,0.3149999976158142,0.2302703708410263,150000
2021-06-03,0.3149999976158142,0.3199999928474426,0.3149999976158142,0.3199999928474426,0.2339254766702652,1484000
2021-06-04,0.3199999928474426,0.33000001311302185,0.3149999976158142,0.3199999928474426,0.2339254766702652,1550000
2021-06-07,0.3199999928474426,0.3199999928474426,0.3149999976158142,0.3199999928474426,0.2339254766702652,380000
2021-06-08,0.32499998807907104,0.32499998807907104,0.3149999976158142,0.3199999928474426,0.2339254766702652,212000
2021-06-09,0.3199999928474426,0.3199999928474426,0.3149999976158142,0.3199999928474426,0.2339254766702652,270000
2021-06-10,0.3199999928474426,0.3199999928474426,0.3199999928474426,0.3199999928474426,0.2339254766702652,0
2021-06-11,0.3149999976158142,0.3199999928474426,0.3149999976158142,0.3199999928474426,0.2339254766702652,60000
2021-06-15,0.3149999976158142,0.3199999928474426,0.3100000023841858,0.3149999976158142,0.2302703708410263,352000
2021-06-16,0.3149999976158142,0.3199999928474426,0.3100000023841858,0.3149999976158142,0.2302703708410263,312000
2021-06-17,0.3149999976158142,0.3149999976158142,0.3100000023841858,0.3149999976158142,0.2302703708410263,296000
2021-06-18,0.3199999928474426,0.3199999928474426,0.3149999976158142,0.3149999976158142,0.2302703708410263,328000
2021-06-21,0.3149999976158142,0.3199999928474426,0.3149999976158142,0.3199999928474426,0.2339254766702652,144000
2021-06-22,0.3199999928474426,0.32499998807907104,0.3199999928474426,0.3199999928474426,0.2339254766702652,1060000
2021-06-23,0.32499998807907104,0.33000001311302185,0.3199999928474426,0.3199999928474426,0.2339254766702652,990000
2021-06-24,0.3149999976158142,0.3199999928474426,0.3149999976158142,0.3199999928474426,0.2339254766702652,106000
2021-06-25,0.32499998807907104,0.33000001311302185,0.32499998807907104,0.33000001311302185,0.2412356436252594,946000
2021-06-28,0.33000001311302185,0.33000001311302185,0.3199999928474426,0.3199999928474426,0.2339254766702652,334000
2021-06-29,0.3199999928474426,0.32499998807907104,0.3199999928474426,0.32499998807907104,0.2375805526971817,354000
2021-06-30,0.32499998807907104,0.32499998807907104,0.3199999928474426,0.32499998807907104,0.2375805526971817,334000
2021-07-02,0.32499998807907104,0.32499998807907104,0.3199999928474426,0.32499998807907104,0.2375805526971817,374000
2021-07-05,0.3199999928474426,0.32499998807907104,0.3149999976158142,0.3199999928474426,0.2339254766702652,268000
2021-07-06,0.3199999928474426,0.3199999928474426,0.3199999928474426,0.3199999928474426,0.2339254766702652,0
2021-07-07,0.3100000023841858,0.3149999976158142,0.28999999165534973,0.30000001192092896,0.219305157661438,4776000
2021-07-08,0.3100000023841858,0.3149999976158142,0.30000001192092896,0.3100000023841858,0.2266152948141098,578000
2021-07-09,0.3100000023841858,0.3100000023841858,0.30000001192092896,0.3050000071525574,0.22296024858951569,396000
2021-07-12,0.3050000071525574,0.3050000071525574,0.29499998688697815,0.3050000071525574,0.22296024858951569,624000
2021-07-13,0.30000001192092896,0.3050000071525574,0.30000001192092896,0.30000001192092896,0.219305157661438,190000
2021-07-14,0.3050000071525574,0.3050000071525574,0.30000001192092896,0.30000001192092896,0.219305157661438,126000
2021-07-15,0.30000001192092896,0.3050000071525574,0.29499998688697815,0.30000001192092896,0.219305157661438,162000
2021-07-16,0.30000001192092896,0.30000001192092896,0.29499998688697815,0.30000001192092896,0.219305157661438,112000
2021-07-19,0.30000001192092896,0.3050000071525574,0.29499998688697815,0.30000001192092896,0.219305157661438,644000
2021-07-20,0.29499998688697815,0.30000001192092896,0.28999999165534973,0.29499998688697815,0.2156500369310379,980000
2021-07-21,0.30000001192092896,0.30000001192092896,0.29499998688697815,0.29499998688697815,0.2156500369310379,114000
2021-07-22,0.3050000071525574,0.3050000071525574,0.28999999165534973,0.29499998688697815,0.2156500369310379,672000
2021-07-23,0.28999999165534973,0.29499998688697815,0.2849999964237213,0.29499998688697815,0.2156500369310379,496000
2021-07-26,0.29499998688697815,0.29499998688697815,0.2800000011920929,0.28999999165534973,0.2119949609041214,1440000
2021-07-27,0.28999999165534973,0.28999999165534973,0.27000001072883606,0.2750000059604645,0.2010297030210495,1850000
2021-07-28,0.27000001072883606,0.2849999964237213,0.25999999046325684,0.2849999964237213,0.2083398699760437,1142000
2021-07-29,0.2800000011920929,0.2849999964237213,0.26499998569488525,0.2849999964237213,0.2083398699760437,290000
2021-07-30,0.2750000059604645,0.2849999964237213,0.27000001072883606,0.2849999964237213,0.2083398699760437,1022000
2021-08-02,0.2849999964237213,0.2849999964237213,0.2750000059604645,0.28999999165534973,0.2119949609041214,178000
2021-08-03,0.2800000011920929,0.30000001192092896,0.2800000011920929,0.28999999165534973,0.2119949609041214,619000
2021-08-04,0.28999999165534973,0.29499998688697815,0.2849999964237213,0.28999999165534973,0.2119949609041214,190000
2021-08-05,0.2849999964237213,0.28999999165534973,0.2849999964237213,0.28999999165534973,0.2119949609041214,264000
2021-08-06,0.2849999964237213,0.29499998688697815,0.2800000011920929,0.29499998688697815,0.2156500369310379,276000
2021-08-09,0.29499998688697815,0.30000001192092896,0.2849999964237213,0.29499998688697815,0.2156500369310379,459808
2021-08-10,0.28999999165534973,0.29499998688697815,0.28999999165534973,0.28999999165534973,0.2119949609041214,14000
2021-08-11,0.2849999964237213,0.28999999165534973,0.2849999964237213,0.28999999165534973,0.2119949609041214,228000
2021-08-12,0.28999999165534973,0.28999999165534973,0.2849999964237213,0.28999999165534973,0.2119949609041214,122000
2021-08-13,0.2849999964237213,0.28999999165534973,0.2800000011920929,0.2849999964237213,0.2083398699760437,1104000
2021-08-16,0.2849999964237213,0.28999999165534973,0.2800000011920929,0.2849999964237213,0.2083398699760437,546000
2021-08-17,0.2800000011920929,0.2849999964237213,0.2800000011920929,0.2849999964237213,0.2083398699760437,70000
2021-08-18,0.2849999964237213,0.2849999964237213,0.2849999964237213,0.2849999964237213,0.2083398699760437,154000
2021-08-19,0.2849999964237213,0.28999999165534973,0.2800000011920929,0.2800000011920929,0.204684779047966,740000
2021-08-20,0.2750000059604645,0.2800000011920929,0.2750000059604645,0.2800000011920929,0.204684779047966,76000
2021-08-23,0.2750000059604645,0.2800000011920929,0.27000001072883606,0.2800000011920929,0.204684779047966,224000
2021-08-24,0.2750000059604645,0.2800000011920929,0.2750000059604645,0.2800000011920929,0.204684779047966,32000
2021-08-25,0.2800000011920929,0.2800000011920929,0.2800000011920929,0.2800000011920929,0.204684779047966,0
2021-08-26,0.2800000011920929,0.2800000011920929,0.27000001072883606,0.2800000011920929,0.204684779047966,70000
2021-08-27,0.2750000059604645,0.2800000011920929,0.27000001072883606,0.2800000011920929,0.204684779047966,130000
2021-08-30,0.2750000059604645,0.2849999964237213,0.2750000059604645,0.2849999964237213,0.2083398699760437,68000
2021-08-31,0.2800000011920929,0.28999999165534973,0.27000001072883606,0.28999999165534973,0.2119949609041214,544000
2021-09-01,0.2800000011920929,0.30000001192092896,0.2800000011920929,0.29499998688697815,0.2156500369310379,28000
2021-09-02,0.2849999964237213,0.29499998688697815,0.2800000011920929,0.29499998688697815,0.2156500369310379,90000
2021-09-03,0.28999999165534973,0.29499998688697815,0.2750000059604645,0.2849999964237213,0.2083398699760437,342000
2021-09-06,0.2849999964237213,0.2849999964237213,0.2849999964237213,0.2849999964237213,0.2083398699760437,0
2021-09-07,0.2849999964237213,0.29499998688697815,0.2750000059604645,0.28999999165534973,0.2119949609041214,696000
2021-09-08,0.28999999165534973,0.28999999165534973,0.2800000011920929,0.28999999165534973,0.2119949609041214,82000
2021-09-09,0.2800000011920929,0.30000001192092896,0.2800000011920929,0.30000001192092896,0.219305157661438,1600000
2021-09-10,0.29499998688697815,0.30000001192092896,0.28999999165534973,0.30000001192092896,0.219305157661438,330000
2021-09-13,0.30000001192092896,0.3050000071525574,0.28999999165534973,0.30000001192092896,0.219305157661438,1142000
2021-09-14,0.29499998688697815,0.30000001192092896,0.28999999165534973,0.29499998688697815,0.2156500369310379,236000
2021-09-15,0.30000001192092896,0.30000001192092896,0.2800000011920929,0.29499998688697815,0.2156500369310379,1030000
2021-09-16,0.28999999165534973,0.29499998688697815,0.2800000011920929,0.2849999964237213,0.2083398699760437,1346000
2021-09-17,0.2750000059604645,0.28999999165534973,0.2750000059604645,0.28999999165534973,0.2119949609041214,202000
2021-09-20,0.2849999964237213,0.28999999165534973,0.2800000011920929,0.2800000011920929,0.204684779047966,384000
2021-09-21,0.2800000011920929,0.28999999165534973,0.27000001072883606,0.28999999165534973,0.2119949609041214,564000
2021-09-23,0.28999999165534973,0.28999999165534973,0.27000001072883606,0.28999999165534973,0.2119949609041214,1478000
2021-09-24,0.2750000059604645,0.28999999165534973,0.2750000059604645,0.28999999165534973,0.2119949609041214,310000
2021-09-27,0.28999999165534973,0.28999999165534973,0.27000001072883606,0.2750000059604645,0.2010297030210495,842000
2021-09-28,0.2750000059604645,0.2800000011920929,0.2750000059604645,0.2800000011920929,0.204684779047966,104000
2021-09-29,0.2800000011920929,0.2800000011920929,0.27000001072883606,0.2800000011920929,0.204684779047966,804000
2021-09-30,0.2800000011920929,0.2800000011920929,0.2800000011920929,0.2800000011920929,0.204684779047966,2000
2021-10-04,0.2800000011920929,0.28999999165534973,0.27000001072883606,0.2849999964237213,0.2083398699760437,260000
2021-10-05,0.28999999165534973,0.28999999165534973,0.28999999165534973,0.28999999165534973,0.2119949609041214,0
2021-10-06,0.28999999165534973,0.28999999165534973,0.28999999165534973,0.28999999165534973,0.2119949609041214,0
2021-10-07,0.2800000011920929,0.28999999165534973,0.2800000011920929,0.28999999165534973,0.2119949609041214,308000
2021-10-08,0.28999999165534973,0.28999999165534973,0.2800000011920929,0.2849999964237213,0.2083398699760437,204000
2021-10-11,0.2800000011920929,0.2849999964237213,0.2750000059604645,0.2849999964237213,0.2083398699760437,434000
2021-10-12,0.2800000011920929,0.2849999964237213,0.2750000059604645,0.2849999964237213,0.2083398699760437,42000
2021-10-15,0.2849999964237213,0.2849999964237213,0.2800000011920929,0.2849999964237213,0.2083398699760437,350000
2021-10-18,0.2800000011920929,0.2849999964237213,0.2750000059604645,0.2800000011920929,0.204684779047966,96000
2021-10-19,0.2800000011920929,0.28999999165534973,0.27000001072883606,0.2800000011920929,0.204684779047966,1090000
2021-10-20,0.2800000011920929,0.2849999964237213,0.2750000059604645,0.2800000011920929,0.204684779047966,204000
2021-10-21,0.2800000011920929,0.2849999964237213,0.2750000059604645,0.2800000011920929,0.204684779047966,94000
2021-10-22,0.2800000011920929,0.2800000011920929,0.2750000059604645,0.2800000011920929,0.204684779047966,254000
2021-10-25,0.2800000011920929,0.2800000011920929,0.27000001072883606,0.2800000011920929,0.204684779047966,986000
2021-10-26,0.2800000011920929,0.2800000011920929,0.2800000011920929,0.2800000011920929,0.204684779047966,0
2021-10-27,0.27000001072883606,0.2849999964237213,0.25999999046325684,0.2750000059604645,0.2010297030210495,1076000
2021-10-28,0.27000001072883606,0.2750000059604645,0.25999999046325684,0.26499998569488525,0.1937195211648941,590000
2021-10-29,0.25999999046325684,0.27000001072883606,0.25999999046325684,0.27000001072883606,0.197374626994133,222000
2021-11-01,0.27000001072883606,0.27000001072883606,0.25999999046325684,0.27000001072883606,0.197374626994133,282000
2021-11-02,0.26499998569488525,0.27000001072883606,0.25999999046325684,0.27000001072883606,0.197374626994133,36000
2021-11-03,0.25999999046325684,0.25999999046325684,0.23800000548362732,0.23800000548362732,0.17398206889629364,5060000
2021-11-04,0.23800000548362732,0.2460000067949295,0.23000000417232513,0.2409999966621399,0.17617513239383698,1622000
2021-11-05,0.2409999966621399,0.2460000067949295,0.2329999953508377,0.24300000071525574,0.17763715982437134,470000
2021-11-08,0.24199999868869781,0.24300000071525574,0.23000000417232513,0.24300000071525574,0.17763715982437134,1330000
2021-11-09,0.23999999463558197,0.24899999797344208,0.2329999953508377,0.24300000071525574,0.17763715982437134,650000
2021-11-10,0.23600000143051147,0.23600000143051147,0.2240000069141388,0.2280000001192093,0.16667190194129944,5312000
2021-11-11,0.22699999809265137,0.23399999737739563,0.22599999606609344,0.2329999953508377,0.17032699286937714,1594000
2021-11-12,0.2329999953508377,0.2329999953508377,0.2290000021457672,0.2329999953508377,0.17032699286937714,244000
2021-11-15,0.23399999737739563,0.23399999737739563,0.22699999809265137,0.2329999953508377,0.17032699286937714,16000
2021-11-16,0.23199999332427979,0.23800000548362732,0.23199999332427979,0.2370000034570694,0.17325106263160706,180000
2021-11-17,0.23199999332427979,0.23499999940395355,0.23000000417232513,0.23499999940395355,0.1717890202999115,30000
2021-11-18,0.23000000417232513,0.2370000034570694,0.23000000417232513,0.23399999737739563,0.17105801403522491,154000
2021-11-19,0.23000000417232513,0.24300000071525574,0.23000000417232513,0.23899999260902405,0.17471307516098022,258000
2021-11-22,0.23199999332427979,0.23999999463558197,0.23199999332427979,0.23999999463558197,0.1754441112279892,228000
2021-11-23,0.23999999463558197,0.24400000274181366,0.23800000548362732,0.24400000274181366,0.17836818099021912,112000
2021-11-24,0.24400000274181366,0.24799999594688416,0.2460000067949295,0.24699999392032623,0.18056122958660126,172000
2021-11-25,0.25,0.25,0.24199999868869781,0.24799999594688416,0.18129225075244904,244000
2021-11-26,0.23999999463558197,0.24799999594688416,0.23999999463558197,0.24799999594688416,0.18129225075244904,62000
2021-11-29,0.24500000476837158,0.24699999392032623,0.23999999463558197,0.24199999868869781,0.17690613865852356,88000
2021-11-30,0.23600000143051147,0.23899999260902405,0.23600000143051147,0.23899999260902405,0.17471307516098022,4000
2021-12-01,0.23199999332427979,0.23499999940395355,0.22699999809265137,0.22699999809265137,0.16594089567661285,722000
2021-12-02,0.2290000021457672,0.24199999868869781,0.2290000021457672,0.23899999260902405,0.17471307516098022,505000
2021-12-03,0.23100000619888306,0.23899999260902405,0.23100000619888306,0.23899999260902405,0.17471307516098022,74000
2021-12-06,0.24899999797344208,0.24899999797344208,0.23600000143051147,0.23899999260902405,0.17471307516098022,92000
2021-12-07,0.23100000619888306,0.23899999260902405,0.23100000619888306,0.23899999260902405,0.17471307516098022,36000
2021-12-08,0.23499999940395355,0.23999999463558197,0.23399999737739563,0.23899999260902405,0.17471307516098022,188000
2021-12-09,0.23899999260902405,0.23899999260902405,0.2329999953508377,0.23899999260902405,0.17471307516098022,200000
2021-12-10,0.23499999940395355,0.24300000071525574,0.23199999332427979,0.23899999260902405,0.17471307516098022,290000
2021-12-13,0.2409999966621399,0.24300000071525574,0.23399999737739563,0.23399999737739563,0.17105801403522491,980000
2021-12-14,0.23399999737739563,0.23899999260902405,0.22100000083446503,0.23499999940395355,0.1717890202999115,156000
2021-12-15,0.22599999606609344,0.23499999940395355,0.22599999606609344,0.2329999953508377,0.17032699286937714,326000
2021-12-16,0.2329999953508377,0.23600000143051147,0.22300000488758087,0.2240000069141388,0.16374783217906952,96000
2021-12-17,0.23499999940395355,0.24300000071525574,0.22599999606609344,0.2370000034570694,0.17325106263160706,64000
2021-12-20,0.23499999940395355,0.23899999260902405,0.2280000001192093,0.2370000034570694,0.17325106263160706,124000
2021-12-21,0.23600000143051147,0.2370000034570694,0.22499999403953552,0.23600000143051147,0.17252004146575928,274000
2021-12-22,0.23600000143051147,0.23999999463558197,0.23600000143051147,0.23999999463558197,0.1754441112279892,20000
2021-12-23,0.23999999463558197,0.23999999463558197,0.23999999463558197,0.23999999463558197,0.1754441112279892,0
2021-12-24,0.23999999463558197,0.23999999463558197,0.23999999463558197,0.23999999463558197,0.1754441112279892,0
2021-12-28,0.23999999463558197,0.23999999463558197,0.23999999463558197,0.23999999463558197,0.1754441112279892,0
2021-12-29,0.23999999463558197,0.23999999463558197,0.23999999463558197,0.23999999463558197,0.1754441112279892,0
2021-12-30,0.23199999332427979,0.23800000548362732,0.23000000417232513,0.23800000548362732,0.17398206889629364,52000
2021-12-31,0.23800000548362732,0.23800000548362732,0.23800000548362732,0.23800000548362732,0.17398206889629364,0
2022-01-03,0.2290000021457672,0.23999999463558197,0.2290000021457672,0.23600000143051147,0.17252004146575928,18000
2022-01-04,0.23600000143051147,0.24400000274181366,0.2290000021457672,0.23999999463558197,0.1754441112279892,560000
2022-01-05,0.2329999953508377,0.24400000274181366,0.2329999953508377,0.23899999260902405,0.17471307516098022,56000
2022-01-06,0.2409999966621399,0.2409999966621399,0.2409999966621399,0.2409999966621399,0.17617513239383698,0
2022-01-07,0.23100000619888306,0.2409999966621399,0.23100000619888306,0.23899999260902405,0.17471307516098022,156000
2022-01-10,0.23499999940395355,0.23999999463558197,0.2329999953508377,0.2370000034570694,0.17325106263160706,386000
2022-01-11,0.24400000274181366,0.24400000274181366,0.24400000274181366,0.24400000274181366,0.17836818099021912,0
2022-01-12,0.23499999940395355,0.24400000274181366,0.23399999737739563,0.24400000274181366,0.17836818099021912,118000
2022-01-13,0.23999999463558197,0.23999999463558197,0.23999999463558197,0.23999999463558197,0.1754441112279892,0
2022-01-14,0.23399999737739563,0.23899999260902405,0.23399999737739563,0.23899999260902405,0.17471307516098022,264000
2022-01-17,0.23899999260902405,0.23899999260902405,0.23399999737739563,0.23800000548362732,0.17398206889629364,30019
2022-01-18,0.23499999940395355,0.23800000548362732,0.23499999940395355,0.23800000548362732,0.17398206889629364,28000
2022-01-19,0.2370000034570694,0.23899999260902405,0.23600000143051147,0.23800000548362732,0.17398206889629364,70000
2022-01-20,0.23999999463558197,0.23999999463558197,0.23800000548362732,0.23800000548362732,0.17398206889629364,162000
2022-01-21,0.23499999940395355,0.24400000274181366,0.23499999940395355,0.23999999463558197,0.1754441112279892,168000
2022-01-24,0.23600000143051147,0.23999999463558197,0.23600000143051147,0.23999999463558197,0.1754441112279892,620000
2022-01-25,0.23600000143051147,0.23800000548362732,0.23000000417232513,0.23600000143051147,0.17252004146575928,176000
2022-01-26,0.23600000143051147,0.23600000143051147,0.23600000143051147,0.23600000143051147,0.17252004146575928,0
2022-01-27,0.22499999403953552,0.23499999940395355,0.2240000069141388,0.23499999940395355,0.1717890202999115,18000
2022-01-28,0.23499999940395355,0.23499999940395355,0.23499999940395355,0.23499999940395355,0.1717890202999115,0
2022-01-31,0.23499999940395355,0.23499999940395355,0.23499999940395355,0.23499999940395355,0.1717890202999115,0
2022-02-04,0.23600000143051147,0.2370000034570694,0.2329999953508377,0.2370000034570694,0.17325106263160706,316000
2022-02-07,0.23600000143051147,0.23899999260902405,0.23000000417232513,0.23199999332427979,0.16959595680236816,1374000
2022-02-08,0.23499999940395355,0.23499999940395355,0.23000000417232513,0.23399999737739563,0.17105801403522491,292000
2022-02-09,0.2329999953508377,0.2329999953508377,0.2329999953508377,0.2329999953508377,0.17032699286937714,0
2022-02-10,0.23100000619888306,0.23399999737739563,0.23100000619888306,0.23399999737739563,0.17105801403522491,74000
2022-02-11,0.2329999953508377,0.23399999737739563,0.2329999953508377,0.23399999737739563,0.17105801403522491,66000
2022-02-14,0.23100000619888306,0.23399999737739563,0.23100000619888306,0.23399999737739563,0.17105801403522491,290000
2022-02-15,0.23199999332427979,0.23199999332427979,0.23199999332427979,0.23199999332427979,0.16959595680236816,0
2022-02-16,0.23000000417232513,0.23000000417232513,0.23000000417232513,0.23000000417232513,0.168133944272995,22000
2022-02-17,0.2329999953508377,0.2329999953508377,0.23100000619888306,0.23199999332427979,0.16959595680236816,384000
2022-02-18,0.23000000417232513,0.23000000417232513,0.22599999606609344,0.2290000021457672,0.16740292310714722,100000
2022-02-21,0.23199999332427979,0.23199999332427979,0.22300000488758087,0.2240000069141388,0.16374783217906952,108000
2022-02-22,0.22599999606609344,0.22599999606609344,0.21400000154972076,0.22499999403953552,0.1644788533449173,544000
2022-02-23,0.22100000083446503,0.22200000286102295,0.21899999678134918,0.22200000286102295,0.16228580474853516,252000
2022-02-24,0.21699999272823334,0.2240000069141388,0.21699999272823334,0.2240000069141388,0.16374783217906952,396000
2022-02-25,0.22200000286102295,0.22200000286102295,0.22200000286102295,0.22200000286102295,0.16228580474853516,0
2022-02-28,0.22200000286102295,0.22300000488758087,0.22200000286102295,0.22200000286102295,0.16228580474853516,494000
2022-03-01,0.21400000154972076,0.22200000286102295,0.21400000154972076,0.22200000286102295,0.16228580474853516,140000
2022-03-02,0.21699999272823334,0.2240000069141388,0.21699999272823334,0.22200000286102295,0.16228580474853516,80019
2022-03-03,0.22200000286102295,0.23199999332427979,0.22200000286102295,0.2290000021457672,0.16740292310714722,340000
2022-03-04,0.2199999988079071,0.23499999940395355,0.21400000154972076,0.2280000001192093,0.16667190194129944,336000
2022-03-07,0.2199999988079071,0.22699999809265137,0.2160000056028366,0.22499999403953552,0.1644788533449173,66000
2022-03-08,0.21899999678134918,0.21899999678134918,0.21899999678134918,0.21899999678134918,0.16009275615215302,0
2022-03-09,0.21400000154972076,0.21699999272823334,0.20999999344348907,0.21699999272823334,0.15863071382045746,494000
2022-03-10,0.2240000069141388,0.2240000069141388,0.21699999272823334,0.21899999678134918,0.16009275615215302,318000
2022-03-11,0.21299999952316284,0.21799999475479126,0.21299999952316284,0.21799999475479126,0.15936173498630524,122000
2022-03-14,0.20800000429153442,0.21699999272823334,0.19300000369548798,0.2150000035762787,0.1571686863899231,82000
2022-03-15,0.20999999344348907,0.21400000154972076,0.20000000298023224,0.2029999941587448,0.14839646220207214,90000
2022-03-16,0.2029999941587448,0.2199999988079071,0.19599999487400055,0.2199999988079071,0.1608237773180008,1402000
2022-03-17,0.20399999618530273,0.21199999749660492,0.19699999690055847,0.1979999989271164,0.14474138617515564,2898000
2022-03-18,0.20900000631809235,0.20999999344348907,0.19699999690055847,0.20000000298023224,0.14620341360569,2398000
2022-03-21,0.20100000500679016,0.21699999272823334,0.20100000500679016,0.210999995470047,0.15424461662769318,726000
2022-03-22,0.210999995470047,0.21400000154972076,0.20800000429153442,0.21299999952316284,0.15570665895938873,92000
2022-03-23,0.21299999952316284,0.2150000035762787,0.210999995470047,0.21299999952316284,0.15570665895938873,658000
2022-03-24,0.2199999988079071,0.2199999988079071,0.20900000631809235,0.21299999952316284,0.15570665895938873,456000
2022-03-25,0.21199999749660492,0.21799999475479126,0.21199999749660492,0.2150000035762787,0.1571686863899231,26000
2022-03-28,0.21699999272823334,0.21699999272823334,0.210999995470047,0.2150000035762787,0.1571686863899231,58000
2022-03-29,0.2160000056028366,0.21799999475479126,0.2160000056028366,0.21799999475479126,0.15936173498630524,202000
2022-03-30,0.20999999344348907,0.21799999475479126,0.20499999821186066,0.21799999475479126,0.15936173498630524,86000
2022-03-31,0.21799999475479126,0.21799999475479126,0.21799999475479126,0.21799999475479126,0.15936173498630524,20000
2022-04-01,0.20800000429153442,0.21400000154972076,0.20800000429153442,0.21400000154972076,0.15643766522407532,20000
2022-04-04,0.21299999952316284,0.21299999952316284,0.21299999952316284,0.21299999952316284,0.15570665895938873,0
2022-04-06,0.2070000022649765,0.2199999988079071,0.2070000022649765,0.21799999475479126,0.15936173498630524,466000
2022-04-07,0.21799999475479126,0.21799999475479126,0.21799999475479126,0.21799999475479126,0.15936173498630524,0
2022-04-08,0.20800000429153442,0.2150000035762787,0.20000000298023224,0.20100000500679016,0.14693443477153778,6890000
2022-04-11,0.20000000298023224,0.20200000703334808,0.19300000369548798,0.19300000369548798,0.14108629524707794,2534000
2022-04-12,0.19300000369548798,0.20000000298023224,0.19099999964237213,0.19300000369548798,0.14108629524707794,1776000
2022-04-13,0.19300000369548798,0.19699999690055847,0.1889999955892563,0.19099999964237213,0.13962426781654358,930000
2022-04-14,0.19099999964237213,0.19200000166893005,0.1889999955892563,0.1899999976158142,0.1388932466506958,3730000
2022-04-19,0.21400000154972076,0.21400000154972076,0.1889999955892563,0.1889999955892563,0.13816222548484802,9606000
2022-04-20,0.1889999955892563,0.20000000298023224,0.1860000044107437,0.19599999487400055,0.14327934384346008,1180000
2022-04-21,0.19699999690055847,0.19699999690055847,0.18799999356269836,0.18799999356269836,0.13743120431900024,856000
2022-04-22,0.1889999955892563,0.1940000057220459,0.1889999955892563,0.1899999976158142,0.1388932466506958,1172000
2022-04-25,0.1899999976158142,0.19900000095367432,0.1770000010728836,0.18299999833106995,0.13377612829208374,816000
2022-04-26,0.18400000035762787,0.18799999356269836,0.1770000010728836,0.1850000023841858,0.1352381706237793,1290000
2022-04-27,0.19300000369548798,0.19300000369548798,0.18000000715255737,0.1850000023841858,0.1352381706237793,122000
2022-04-28,0.1850000023841858,0.1899999976158142,0.18400000035762787,0.1889999955892563,0.13816222548484802,172000
2022-04-29,0.1889999955892563,0.1889999955892563,0.1770000010728836,0.18700000643730164,0.13670019805431366,302000
2022-05-03,0.18700000643730164,0.20000000298023224,0.17900000512599945,0.19300000369548798,0.14108629524707794,906000
2022-05-04,0.1850000023841858,0.20000000298023224,0.1850000023841858,0.19099999964237213,0.13962426781654358,802000
2022-05-05,0.19300000369548798,0.19699999690055847,0.19099999964237213,0.19599999487400055,0.14327934384346008,274000
2022-05-06,0.1940000057220459,0.19499999284744263,0.1860000044107437,0.19499999284744263,0.1425483226776123,56000
2022-05-10,0.1940000057220459,0.1940000057220459,0.1940000057220459,0.19099999964237213,0.13962426781654358,412000
2022-05-11,0.19099999964237213,0.19099999964237213,0.19099999964237213,0.18700000643730164,0.13670019805431366,8000
2022-05-12,0.18400000035762787,0.1889999955892563,0.18299999833106995,0.1850000023841858,0.1352381706237793,354000
2022-05-13,0.1850000023841858,0.1850000023841858,0.1850000023841858,0.1850000023841858,0.1352381706237793,0
2022-05-16,0.1850000023841858,0.1850000023841858,0.1850000023841858,0.1850000023841858,0.1352381706237793,0
2022-05-17,0.1850000023841858,0.19499999284744263,0.1850000023841858,0.1940000057220459,0.14181731641292572,226000
2022-05-18,0.1899999976158142,0.19599999487400055,0.1899999976158142,0.19499999284744263,0.1425483226776123,382000
2022-05-19,0.19499999284744263,0.19499999284744263,0.18400000035762787,0.18400000035762787,0.13450714945793152,46000
2022-05-20,0.1860000044107437,0.19699999690055847,0.1860000044107437,0.19599999487400055,0.14327934384346008,322000
2022-05-23,0.18799999356269836,0.19599999487400055,0.18700000643730164,0.1940000057220459,0.14181731641292572,200000
2022-05-24,0.1899999976158142,0.1940000057220459,0.1889999955892563,0.1899999976158142,0.1388932466506958,66000
2022-05-25,0.1899999976158142,0.20000000298023224,0.18700000643730164,0.18799999356269836,0.13743120431900024,1018000
2022-05-26,0.1889999955892563,0.19300000369548798,0.1889999955892563,0.19300000369548798,0.14108629524707794,4000
2022-05-27,0.19300000369548798,0.19499999284744263,0.1899999976158142,0.19499999284744263,0.1425483226776123,304000
2022-05-30,0.1899999976158142,0.19499999284744263,0.1809999942779541,0.19499999284744263,0.1425483226776123,514000
2022-05-31,0.19499999284744263,0.19599999487400055,0.1899999976158142,0.19599999487400055,0.14327934384346008,54000
2022-06-01,0.19200000166893005,0.19200000166893005,0.19200000166893005,0.19499999284744263,0.1425483226776123,68000
2022-06-02,0.19499999284744263,0.20000000298023224,0.19499999284744263,0.20000000298023224,0.14620341360569,742000
2022-06-06,0.20000000298023224,0.20000000298023224,0.20000000298023224,0.20000000298023224,0.14620341360569,350000
2022-06-07,0.20000000298023224,0.20499999821186066,0.20000000298023224,0.20000000298023224,0.14620341360569,40000
2022-06-08,0.20200000703334808,0.20200000703334808,0.20200000703334808,0.20100000500679016,0.14693443477153778,334000
2022-06-09,0.20000000298023224,0.20000000298023224,0.20000000298023224,0.20000000298023224,0.14620341360569,0
2022-06-10,0.20000000298023224,0.20000000298023224,0.20000000298023224,0.20000000298023224,0.14620341360569,24000
2022-06-13,0.20200000703334808,0.20200000703334808,0.19300000369548798,0.19699999690055847,0.14401036500930786,52000
2022-06-14,0.1889999955892563,0.19900000095367432,0.1889999955892563,0.1979999989271164,0.14474138617515564,270000
2022-06-15,0.1899999976158142,0.19499999284744263,0.1889999955892563,0.19300000369548798,0.14108629524707794,856000
2022-06-16,0.19300000369548798,0.19300000369548798,0.19300000369548798,0.19200000166893005,0.14035528898239136,204000
2022-06-17,0.19300000369548798,0.19300000369548798,0.1850000023841858,0.1899999976158142,0.1388932466506958,148000
2022-06-20,0.1899999976158142,0.19200000166893005,0.1850000023841858,0.1899999976158142,0.1388932466506958,172000
2022-06-21,0.19099999964237213,0.20000000298023224,0.19099999964237213,0.19300000369548798,0.14108629524707794,1024000
2022-06-22,0.19099999964237213,0.20100000500679016,0.19099999964237213,0.19599999487400055,0.14327934384346008,154000
2022-06-23,0.19200000166893005,0.20000000298023224,0.19200000166893005,0.19699999690055847,0.14401036500930786,430000
2022-06-24,0.19300000369548798,0.20000000298023224,0.19300000369548798,0.19900000095367432,0.14547240734100342,364000
2022-06-27,0.20000000298023224,0.20000000298023224,0.18799999356269836,0.19900000095367432,0.14547240734100342,924000
2022-06-28,0.19900000095367432,0.20600000023841858,0.19200000166893005,0.20399999618530273,0.14912748336791992,592000
2022-06-29,0.19699999690055847,0.2160000056028366,0.19699999690055847,0.20600000023841858,0.15058952569961548,740000
2022-06-30,0.21400000154972076,0.21400000154972076,0.20200000703334808,0.20600000023841858,0.15058952569961548,206000
2022-07-04,0.20000000298023224,0.20000000298023224,0.20000000298023224,0.20000000298023224,0.14620341360569,200000
2022-07-05,0.21199999749660492,0.2150000035762787,0.20000000298023224,0.2070000022649765,0.15132053196430206,614000
2022-07-06,0.20000000298023224,0.2160000056028366,0.19699999690055847,0.2070000022649765,0.15132053196430206,1550000
2022-07-07,0.20499999821186066,0.2160000056028366,0.20499999821186066,0.21400000154972076,0.15643766522407532,106000
2022-07-08,0.21699999272823334,0.21699999272823334,0.20499999821186066,0.21299999952316284,0.15570665895938873,904000
2022-07-11,0.2160000056028366,0.2160000056028366,0.20399999618530273,0.2150000035762787,0.1571686863899231,344000
2022-07-12,0.2150000035762787,0.2150000035762787,0.20200000703334808,0.2150000035762787,0.1571686863899231,76000
2022-07-13,0.20399999618530273,0.21400000154972076,0.20399999618530273,0.20399999618530273,0.14912748336791992,242026
2022-07-14,0.20000000298023224,0.20000000298023224,0.20000000298023224,0.20000000298023224,0.14620341360569,0
2022-07-15,0.19200000166893005,0.210999995470047,0.19200000166893005,0.210999995470047,0.15424461662769318,224000
2022-07-18,0.20900000631809235,0.20900000631809235,0.20900000631809235,0.20900000631809235,0.15278257429599762,38000
2022-07-19,0.20499999821186066,0.20999999344348907,0.20499999821186066,0.20800000429153442,0.15205155313014984,422000
2022-07-20,0.20100000500679016,0.2070000022649765,0.19499999284744263,0.20000000298023224,0.14620341360569,254000
2022-07-21,0.20399999618530273,0.20399999618530273,0.20399999618530273,0.20399999618530273,0.14912748336791992,12000
2022-07-22,0.20399999618530273,0.20399999618530273,0.20399999618530273,0.20399999618530273,0.14912748336791992,200000
2022-07-25,0.2029999941587448,0.2029999941587448,0.20000000298023224,0.2029999941587448,0.14839646220207214,14000
2022-07-26,0.19599999487400055,0.2029999941587448,0.1940000057220459,0.2029999941587448,0.14839646220207214,132000
2022-07-27,0.2029999941587448,0.2029999941587448,0.2029999941587448,0.2029999941587448,0.14839646220207214,0
2022-07-28,0.2029999941587448,0.2029999941587448,0.2029999941587448,0.2029999941587448,0.14839646220207214,0
2022-07-29,0.20600000023841858,0.20600000023841858,0.20600000023841858,0.20600000023841858,0.15058952569961548,0
2022-08-01,0.1979999989271164,0.20600000023841858,0.1979999989271164,0.20600000023841858,0.15058952569961548,8000
2022-08-02,0.19699999690055847,0.19699999690055847,0.19699999690055847,0.19699999690055847,0.14401036500930786,0
2022-08-03,0.2029999941587448,0.2029999941587448,0.19599999487400055,0.20200000703334808,0.14766545593738556,190000
2022-08-04,0.20000000298023224,0.20000000298023224,0.20000000298023224,0.20000000298023224,0.14620341360569,0
2022-08-05,0.19300000369548798,0.2029999941587448,0.19300000369548798,0.2029999941587448,0.14839646220207214,4000
2022-08-08,0.19300000369548798,0.20100000500679016,0.19300000369548798,0.20100000500679016,0.14693443477153778,224000
2022-08-09,0.1940000057220459,0.20100000500679016,0.19300000369548798,0.20000000298023224,0.14620341360569,110000
2022-08-10,0.19900000095367432,0.19900000095367432,0.19200000166893005,0.1979999989271164,0.14474138617515564,146000
2022-08-11,0.19200000166893005,0.20000000298023224,0.18700000643730164,0.20000000298023224,0.14620341360569,626000
2022-08-12,0.19300000369548798,0.20000000298023224,0.19300000369548798,0.19599999487400055,0.14327934384346008,244000
2022-08-15,0.19599999487400055,0.20399999618530273,0.19599999487400055,0.20200000703334808,0.14766545593738556,214000
2022-08-16,0.19599999487400055,0.19599999487400055,0.19300000369548798,0.19599999487400055,0.14327934384346008,338000
2022-08-17,0.1979999989271164,0.1979999989271164,0.1979999989271164,0.1979999989271164,0.14474138617515564,0
2022-08-18,0.20000000298023224,0.20000000298023224,0.1979999989271164,0.1979999989271164,0.14474138617515564,54000
2022-08-19,0.19300000369548798,0.1979999989271164,0.19099999964237213,0.19599999487400055,0.14327934384346008,210000
2022-08-22,0.19599999487400055,0.1979999989271164,0.19200000166893005,0.1979999989271164,0.14474138617515564,180000
2022-08-23,0.19200000166893005,0.1979999989271164,0.19200000166893005,0.19699999690055847,0.14401036500930786,12000
2022-08-24,0.19599999487400055,0.19599999487400055,0.19599999487400055,0.19599999487400055,0.14327934384346008,0
2022-08-25,0.19699999690055847,0.19699999690055847,0.19200000166893005,0.19699999690055847,0.14401036500930786,6000
2022-08-26,0.19200000166893005,0.19499999284744263,0.18700000643730164,0.19300000369548798,0.14108629524707794,278000
2022-08-29,0.19300000369548798,0.19300000369548798,0.19300000369548798,0.19300000369548798,0.14108629524707794,0
2022-08-30,0.19300000369548798,0.19300000369548798,0.19300000369548798,0.19300000369548798,0.14108629524707794,0
2022-08-31,0.19099999964237213,0.19499999284744263,0.18700000643730164,0.19300000369548798,0.14108629524707794,416000
2022-09-01,0.19300000369548798,0.19300000369548798,0.19300000369548798,0.19300000369548798,0.14108629524707794,0
2022-09-02,0.1899999976158142,0.1899999976158142,0.1899999976158142,0.1899999976158142,0.1388932466506958,22000
2022-09-05,0.1899999976158142,0.1899999976158142,0.1899999976158142,0.1899999976158142,0.1388932466506958,8000
2022-09-06,0.19499999284744263,0.19499999284744263,0.1899999976158142,0.1899999976158142,0.1388932466506958,248000
2022-09-07,0.18799999356269836,0.18799999356269836,0.1860000044107437,0.1860000044107437,0.13596917688846588,192000
2022-09-08,0.1860000044107437,0.18799999356269836,0.1860000044107437,0.18799999356269836,0.13743120431900024,8000
2022-09-09,0.1860000044107437,0.18700000643730164,0.1809999942779541,0.18700000643730164,0.13670019805431366,212000
2022-09-13,0.1850000023841858,0.18700000643730164,0.1850000023841858,0.18700000643730164,0.13670019805431366,164000
2022-09-14,0.1850000023841858,0.1850000023841858,0.1850000023841858,0.1850000023841858,0.1352381706237793,0
2022-09-15,0.19099999964237213,0.19200000166893005,0.19099999964237213,0.19200000166893005,0.14035528898239136,352000
2022-09-16,0.1860000044107437,0.1860000044107437,0.1850000023841858,0.1899999976158142,0.1388932466506958,22000
2022-09-19,0.1860000044107437,0.19499999284744263,0.1860000044107437,0.19499999284744263,0.1425483226776123,320000
2022-09-20,0.19499999284744263,0.19499999284744263,0.18700000643730164,0.18700000643730164,0.13670019805431366,492000
2022-09-21,0.18799999356269836,0.18799999356269836,0.18799999356269836,0.18799999356269836,0.13743120431900024,0
2022-09-22,0.18799999356269836,0.1979999989271164,0.18799999356269836,0.1889999955892563,0.13816222548484802,420000
2022-09-23,0.18799999356269836,0.1940000057220459,0.1860000044107437,0.1940000057220459,0.14181731641292572,346000
2022-09-26,0.1940000057220459,0.19699999690055847,0.1809999942779541,0.19300000369548798,0.14108629524707794,1048000
2022-09-27,0.19300000369548798,0.19300000369548798,0.18400000035762787,0.18400000035762787,0.13450714945793152,576000
2022-09-28,0.18400000035762787,0.1899999976158142,0.18000000715255737,0.18000000715255737,0.1315830796957016,1202000
2022-09-29,0.18000000715255737,0.18000000715255737,0.18000000715255737,0.18000000715255737,0.1315830796957016,0
2022-09-30,0.1850000023841858,0.1860000044107437,0.17800000309944153,0.17800000309944153,0.13012105226516724,1386000
2022-10-03,0.18000000715255737,0.20100000500679016,0.17800000309944153,0.20100000500679016,0.14693443477153778,2050000
2022-10-05,0.210999995470047,0.2199999988079071,0.2029999941587448,0.20900000631809235,0.15278257429599762,5452000
2022-10-06,0.2160000056028366,0.21699999272823334,0.20499999821186066,0.20600000023841858,0.15058952569961548,848000
2022-10-07,0.20100000500679016,0.20800000429153442,0.20000000298023224,0.20600000023841858,0.15058952569961548,1036000
2022-10-10,0.20399999618530273,0.21400000154972076,0.20399999618530273,0.21299999952316284,0.15570665895938873,1680000
2022-10-11,0.20399999618530273,0.21699999272823334,0.2029999941587448,0.21400000154972076,0.15643766522407532,1462000
2022-10-12,0.21199999749660492,0.21699999272823334,0.20600000023841858,0.20999999344348907,0.1535135954618454,3578000
2022-10-13,0.20800000429153442,0.20800000429153442,0.20200000703334808,0.2029999941587448,0.14839646220207214,140000
2022-10-14,0.20800000429153442,0.20800000429153442,0.2029999941587448,0.2029999941587448,0.14839646220207214,356000
2022-10-17,0.20000000298023224,0.20800000429153442,0.19900000095367432,0.2029999941587448,0.14839646220207214,1992000
2022-10-18,0.2029999941587448,0.20399999618530273,0.1979999989271164,0.20399999618530273,0.14912748336791992,22000
2022-10-19,0.20000000298023224,0.20000000298023224,0.20000000298023224,0.20000000298023224,0.14620341360569,20000
2022-10-20,0.19599999487400055,0.19599999487400055,0.18299999833106995,0.1899999976158142,0.1388932466506958,124000
2022-10-21,0.18199999630451202,0.20000000298023224,0.18199999630451202,0.19200000166893005,0.14035528898239136,218000
2022-10-24,0.18400000035762787,0.1889999955892563,0.18400000035762787,0.1850000023841858,0.1352381706237793,272000
2022-10-25,0.18400000035762787,0.19699999690055847,0.18400000035762787,0.19699999690055847,0.14401036500930786,68000
2022-10-26,0.19699999690055847,0.19699999690055847,0.19699999690055847,0.19699999690055847,0.14401036500930786,0
2022-10-27,0.20000000298023224,0.2070000022649765,0.17499999701976776,0.1770000010728836,0.12939003109931946,788000
2022-10-28,0.17499999701976776,0.17499999701976776,0.17499999701976776,0.17499999701976776,0.1279279887676239,10000
2022-10-31,0.18400000035762787,0.18400000035762787,0.1679999977350235,0.17000000178813934,0.1242729127407074,402000
2022-11-01,0.17900000512599945,0.1850000023841858,0.1679999977350235,0.18000000715255737,0.1315830796957016,456000
2022-11-02,0.18000000715255737,0.18000000715255737,0.18000000715255737,0.18000000715255737,0.1315830796957016,0
2022-11-03,0.17599999904632568,0.17599999904632568,0.17599999904632568,0.17599999904632568,0.12865900993347168,0
2022-11-04,0.17399999499320984,0.1889999955892563,0.17399999499320984,0.18799999356269836,0.13743120431900024,184000
2022-11-07,0.18799999356269836,0.1899999976158142,0.18400000035762787,0.18400000035762787,0.13450714945793152,222000
2022-11-08,0.18000000715255737,0.1809999942779541,0.18000000715255737,0.18000000715255737,0.1315830796957016,140000
2022-11-09,0.18799999356269836,0.18799999356269836,0.18000000715255737,0.18000000715255737,0.1315830796957016,148654
2022-11-10,0.18799999356269836,0.18799999356269836,0.17499999701976776,0.17499999701976776,0.1279279887676239,1910000
2022-11-11,0.18000000715255737,0.19099999964237213,0.18000000715255737,0.18400000035762787,0.13450714945793152,50000
2022-11-14,0.1899999976158142,0.1899999976158142,0.1860000044107437,0.1860000044107437,0.13596917688846588,812000
2022-11-15,0.19300000369548798,0.19300000369548798,0.1860000044107437,0.18799999356269836,0.13743120431900024,1746000
2022-11-16,0.1860000044107437,0.1860000044107437,0.1850000023841858,0.1850000023841858,0.1352381706237793,188000
2022-11-17,0.17800000309944153,0.17800000309944153,0.17800000309944153,0.18000000715255737,0.1315830796957016,154000
2022-11-18,0.18000000715255737,0.18700000643730164,0.17900000512599945,0.18000000715255737,0.1315830796957016,1040000
2022-11-21,0.1809999942779541,0.18199999630451202,0.1770000010728836,0.17800000309944153,0.13012105226516724,1388000
2022-11-22,0.18799999356269836,0.1979999989271164,0.1860000044107437,0.1979999989271164,0.14474138617515564,1434000
2022-11-23,0.2029999941587448,0.2029999941587448,0.18700000643730164,0.1899999976158142,0.1388932466506958,816000
2022-11-24,0.19499999284744263,0.20000000298023224,0.19499999284744263,0.20000000298023224,0.14620341360569,202000
2022-11-25,0.20000000298023224,0.20800000429153442,0.19499999284744263,0.20800000429153442,0.15205155313014984,212000
2022-11-28,0.19200000166893005,0.19200000166893005,0.19200000166893005,0.19200000166893005,0.14035528898239136,0
2022-11-29,0.1899999976158142,0.19099999964237213,0.18000000715255737,0.18199999630451202,0.13304510712623596,108000
2022-11-30,0.1899999976158142,0.2070000022649765,0.1899999976158142,0.20000000298023224,0.14620341360569,1854000
2022-12-01,0.20600000023841858,0.2070000022649765,0.19699999690055847,0.20000000298023224,0.14620341360569,1528000
2022-12-02,0.1979999989271164,0.20000000298023224,0.1979999989271164,0.20000000298023224,0.14620341360569,20000
2022-12-05,0.2070000022649765,0.2070000022649765,0.19699999690055847,0.19900000095367432,0.14547240734100342,938000
2022-12-06,0.19699999690055847,0.20999999344348907,0.19699999690055847,0.20000000298023224,0.14620341360569,388000
2022-12-07,0.2029999941587448,0.20999999344348907,0.20200000703334808,0.2029999941587448,0.14839646220207214,164000
2022-12-08,0.20399999618530273,0.23899999260902405,0.20399999618530273,0.23800000548362732,0.17398206889629364,13484000
2022-12-09,0.23999999463558197,0.30000001192092896,0.23999999463558197,0.30000001192092896,0.219305157661438,33308000
2022-12-12,0.30000001192092896,0.36000001430511475,0.30000001192092896,0.33500000834465027,0.2448907196521759,31622000
2022-12-13,0.3400000035762787,0.38499999046325684,0.32499998807907104,0.3499999940395355,0.2558559775352478,25394000
2022-12-14,0.35499998927116394,0.36500000953674316,0.30000001192092896,0.3149999976158142,0.2302703708410263,17018000
2022-12-15,0.3199999928474426,0.32499998807907104,0.2750000059604645,0.30000001192092896,0.219305157661438,5870000
2022-12-16,0.29499998688697815,0.3050000071525574,0.2849999964237213,0.28999999165534973,0.2119949609041214,4044000
2022-12-19,0.29499998688697815,0.29499998688697815,0.24799999594688416,0.24799999594688416,0.18129225075244904,10016000
2022-12-20,0.24799999594688416,0.3100000023841858,0.2460000067949295,0.29499998688697815,0.2156500369310379,14790000
2022-12-21,0.29499998688697815,0.3050000071525574,0.2800000011920929,0.30000001192092896,0.219305157661438,9390000
2022-12-22,0.3100000023841858,0.35499998927116394,0.28999999165534973,0.3199999928474426,0.2339254766702652,24780000
2022-12-23,0.3100000023841858,0.3449999988079071,0.3100000023841858,0.33000001311302185,0.2412356436252594,12708000
2022-12-28,0.36000001430511475,0.375,0.32499998807907104,0.33500000834465027,0.2448907196521759,20684000
2022-12-29,0.33500000834465027,0.3449999988079071,0.3199999928474426,0.3449999988079071,0.2522009313106537,3154000
2022-12-30,0.3400000035762787,0.3449999988079071,0.3199999928474426,0.33000001311302185,0.2412356436252594,5380000
2023-01-03,0.33000001311302185,0.33000001311302185,0.3149999976158142,0.32499998807907104,0.2375805526971817,2936000
2023-01-04,0.3199999928474426,0.3400000035762787,0.3100000023841858,0.3149999976158142,0.2302703708410263,6468000
2023-01-05,0.3149999976158142,0.32499998807907104,0.3149999976158142,0.32499998807907104,0.2375805526971817,2616000
2023-01-06,0.32499998807907104,0.32499998807907104,0.3100000023841858,0.3199999928474426,0.2339254766702652,2636000
2023-01-09,0.3199999928474426,0.3199999928474426,0.30000001192092896,0.3050000071525574,0.22296024858951569,7122000
2023-01-10,0.30000001192092896,0.3050000071525574,0.29499998688697815,0.3050000071525574,0.22296024858951569,4220000
2023-01-11,0.3050000071525574,0.32499998807907104,0.29499998688697815,0.30000001192092896,0.219305157661438,6126000
2023-01-12,0.3050000071525574,0.32499998807907104,0.30000001192092896,0.3050000071525574,0.22296024858951569,18452000
2023-01-13,0.3050000071525574,0.3100000023841858,0.29499998688697815,0.30000001192092896,0.219305157661438,11754000
2023-01-16,0.30000001192092896,0.3100000023841858,0.29499998688697815,0.30000001192092896,0.219305157661438,8446000
2023-01-17,0.30000001192092896,0.30000001192092896,0.28999999165534973,0.29499998688697815,0.2156500369310379,1038000
2023-01-18,0.29499998688697815,0.3050000071525574,0.29499998688697815,0.3050000071525574,0.22296024858951569,1014000
2023-01-19,0.3050000071525574,0.3100000023841858,0.29499998688697815,0.30000001192092896,0.219305157661438,1736000
2023-01-20,0.30000001192092896,0.32499998807907104,0.29499998688697815,0.3100000023841858,0.2266152948141098,10720000
2023-01-26,0.3100000023841858,0.3199999928474426,0.3050000071525574,0.3149999976158142,0.2302703708410263,9122000
2023-01-27,0.3050000071525574,0.3149999976158142,0.30000001192092896,0.3050000071525574,0.22296024858951569,7376000
2023-01-30,0.3100000023841858,0.3100000023841858,0.2849999964237213,0.28999999165534973,0.2119949609041214,9520000
2023-01-31,0.28999999165534973,0.30000001192092896,0.2849999964237213,0.29499998688697815,0.2156500369310379,2378000
2023-02-01,0.2849999964237213,0.29499998688697815,0.2849999964237213,0.28999999165534973,0.2119949609041214,2198000
2023-02-02,0.29499998688697815,0.3050000071525574,0.2849999964237213,0.28999999165534973,0.2119949609041214,11908000
2023-02-03,0.28999999165534973,0.29499998688697815,0.27000001072883606,0.2849999964237213,0.2083398699760437,6454000
2023-02-06,0.2849999964237213,0.2849999964237213,0.2750000059604645,0.2800000011920929,0.204684779047966,2188000
2023-02-07,0.2800000011920929,0.28999999165534973,0.2750000059604645,0.28999999165534973,0.2119949609041214,962000
2023-02-08,0.2800000011920929,0.2849999964237213,0.2800000011920929,0.2849999964237213,0.2083398699760437,740000
2023-02-09,0.2800000011920929,0.2800000011920929,0.27000001072883606,0.27000001072883606,0.197374626994133,2842000
2023-02-10,0.27000001072883606,0.27000001072883606,0.2549999952316284,0.25999999046325684,0.1900644302368164,8156000
2023-02-13,0.25999999046325684,0.25999999046325684,0.2549999952316284,0.2549999952316284,0.1864093691110611,3218000
2023-02-14,0.2549999952316284,0.25999999046325684,0.25,0.2549999952316284,0.1864093691110611,1368000
2023-02-15,0.2549999952316284,0.25999999046325684,0.25,0.2549999952316284,0.1864093691110611,2534000
2023-02-16,0.25,0.2549999952316284,0.24699999392032623,0.25,0.1827542781829834,3932000
2023-02-17,0.25,0.25,0.24400000274181366,0.24500000476837158,0.1790991872549057,804000
2023-02-20,0.24199999868869781,0.27000001072883606,0.2409999966621399,0.25,0.1827542781829834,4286000
2023-02-21,0.25,0.2549999952316284,0.24699999392032623,0.25,0.1827542781829834,442000
2023-02-22,0.24799999594688416,0.25999999046325684,0.24799999594688416,0.2549999952316284,0.1864093691110611,854000
2023-02-23,0.2549999952316284,0.2549999952316284,0.24699999392032623,0.2549999952316284,0.1864093691110611,674000
2023-02-24,0.24699999392032623,0.2549999952316284,0.23399999737739563,0.2409999966621399,0.17617513239383698,3390000
2023-02-27,0.23899999260902405,0.23899999260902405,0.22699999809265137,0.23499999940395355,0.1717890202999115,3978000
2023-02-28,0.24300000071525574,0.24899999797344208,0.2370000034570694,0.24199999868869781,0.17690613865852356,1756000
2023-03-01,0.24199999868869781,0.2549999952316284,0.24199999868869781,0.2549999952316284,0.1864093691110611,2836000
2023-03-02,0.2549999952316284,0.24799999594688416,0.2409999966621399,0.24699999392032623,0.18056122958660126,2564000
2023-03-03,0.24500000476837158,0.24799999594688416,0.2409999966621399,0.24300000071525574,0.17763715982437134,744000
2023-03-06,0.24300000071525574,0.24699999392032623,0.23999999463558197,0.24699999392032623,0.18056122958660126,980000
2023-03-07,0.24699999392032623,0.24699999392032623,0.2409999966621399,0.24300000071525574,0.17763715982437134,410000
2023-03-08,0.23999999463558197,0.23999999463558197,0.23399999737739563,0.2370000034570694,0.17325106263160706,1234000
2023-03-09,0.23499999940395355,0.24400000274181366,0.23499999940395355,0.23600000143051147,0.17252004146575928,360000
2023-03-10,0.23499999940395355,0.23499999940395355,0.22599999606609344,0.22599999606609344,0.16520987451076508,1508000
2023-03-13,0.22599999606609344,0.2549999952316284,0.22599999606609344,0.24699999392032623,0.18056122958660126,2990000
2023-03-14,0.24899999797344208,0.25,0.23999999463558197,0.24300000071525574,0.17763715982437134,1344519
2023-03-15,0.24500000476837158,0.25,0.24400000274181366,0.25,0.1827542781829834,2048000
2023-03-16,0.24500000476837158,0.2549999952316284,0.24500000476837158,0.24799999594688416,0.18129225075244904,1448000
2023-03-17,0.2460000067949295,0.26499998569488525,0.2460000067949295,0.25999999046325684,0.1900644302368164,2216000
2023-03-20,0.25999999046325684,0.26499998569488525,0.24799999594688416,0.25,0.1827542781829834,808000
2023-03-21,0.24799999594688416,0.2549999952316284,0.2460000067949295,0.2460000067949295,0.17983020842075348,250000
2023-03-22,0.24799999594688416,0.25,0.24799999594688416,0.24799999594688416,0.18129225075244904,208000
2023-03-23,0.2460000067949295,0.2549999952316284,0.2460000067949295,0.24699999392032623,0.18056122958660126,32000
2023-03-24,0.2460000067949295,0.25,0.2460000067949295,0.2460000067949295,0.17983020842075348,224000
2023-03-27,0.24400000274181366,0.2549999952316284,0.24400000274181366,0.24400000274181366,0.17836818099021912,958000
2023-03-28,0.25,0.25,0.24500000476837158,0.24799999594688416,0.18129225075244904,1002000
2023-03-29,0.2460000067949295,0.2460000067949295,0.2409999966621399,0.2460000067949295,0.17983020842075348,388000
2023-03-30,0.2409999966621399,0.2460000067949295,0.23999999463558197,0.24500000476837158,0.1790991872549057,554000
2023-03-31,0.24500000476837158,0.2549999952316284,0.2409999966621399,0.24500000476837158,0.1790991872549057,1000000
2023-04-03,0.2460000067949295,0.2549999952316284,0.2460000067949295,0.2549999952316284,0.1864093691110611,76000
2023-04-04,0.25,0.25,0.24300000071525574,0.24400000274181366,0.17836818099021912,354000
2023-04-06,0.24500000476837158,0.25999999046325684,0.24500000476837158,0.24699999392032623,0.18056122958660126,1398000
2023-04-11,0.24699999392032623,0.25999999046325684,0.24699999392032623,0.25999999046325684,0.1900644302368164,1024000
2023-04-12,0.25,0.25,0.24799999594688416,0.24799999594688416,0.18129225075244904,618000
2023-04-13,0.24500000476837158,0.2549999952316284,0.24300000071525574,0.24799999594688416,0.18129225075244904,680000
2023-04-14,0.24799999594688416,0.25,0.24799999594688416,0.24899999797344208,0.18202325701713562,242000
2023-04-17,0.24899999797344208,0.25999999046325684,0.24500000476837158,0.2549999952316284,0.1864093691110611,1590000
2023-04-18,0.25,0.25,0.2409999966621399,0.24699999392032623,0.18056122958660126,1744000
2023-04-19,0.24300000071525574,0.2549999952316284,0.23899999260902405,0.2460000067949295,0.17983020842075348,1292000
2023-04-20,0.24699999392032623,0.25,0.24199999868869781,0.24199999868869781,0.17690613865852356,564000
2023-04-21,0.24400000274181366,0.24699999392032623,0.2409999966621399,0.2409999966621399,0.17617513239383698,354000
2023-04-24,0.23999999463558197,0.24899999797344208,0.23800000548362732,0.2409999966621399,0.17617513239383698,172000
2023-04-25,0.2409999966621399,0.24500000476837158,0.23499999940395355,0.23999999463558197,0.1754441112279892,234000
2023-04-26,0.23899999260902405,0.23999999463558197,0.23899999260902405,0.23999999463558197,0.1754441112279892,82000
2023-04-27,0.23999999463558197,0.24400000274181366,0.23899999260902405,0.23899999260902405,0.17471307516098022,156000
2023-04-28,0.23999999463558197,0.2460000067949295,0.23999999463558197,0.24400000274181366,0.17836818099021912,176000
2023-05-02,0.24400000274181366,0.24500000476837158,0.2409999966621399,0.24500000476837158,0.1790991872549057,424000
2023-05-03,0.23899999260902405,0.2460000067949295,0.23800000548362732,0.23899999260902405,0.17471307516098022,238000
2023-05-04,0.23899999260902405,0.2549999952316284,0.23899999260902405,0.23999999463558197,0.1754441112279892,916000
2023-05-05,0.24500000476837158,0.25,0.24300000071525574,0.24500000476837158,0.1790991872549057,572000
2023-05-08,0.24400000274181366,0.25,0.24400000274181366,0.24500000476837158,0.1790991872549057,558000
2023-05-09,0.24400000274181366,0.24400000274181366,0.23899999260902405,0.23899999260902405,0.17471307516098022,142000
2023-05-10,0.23800000548362732,0.23999999463558197,0.2370000034570694,0.23999999463558197,0.1754441112279892,180000
2023-05-11,0.23999999463558197,0.24300000071525574,0.2370000034570694,0.23999999463558197,0.1754441112279892,692000
2023-05-12,0.23999999463558197,0.23999999463558197,0.23600000143051147,0.23999999463558197,0.1754441112279892,60000
2023-05-15,0.23800000548362732,0.23800000548362732,0.23000000417232513,0.2370000034570694,0.17325106263160706,294000
2023-05-16,0.2370000034570694,0.2370000034570694,0.2280000001192093,0.2280000001192093,0.16667190194129944,1578000
2023-05-17,0.23000000417232513,0.23000000417232513,0.22599999606609344,0.22699999809265137,0.16594089567661285,896000
2023-05-18,0.22699999809265137,0.23199999332427979,0.21899999678134918,0.22699999809265137,0.16594089567661285,244000
2023-05-19,0.22699999809265137,0.22699999809265137,0.22699999809265137,0.22699999809265137,0.16594089567661285,0
2023-05-22,0.22300000488758087,0.23199999332427979,0.22200000286102295,0.23199999332427979,0.16959595680236816,508000
2023-05-23,0.23000000417232513,0.23399999737739563,0.22300000488758087,0.23399999737739563,0.17105801403522491,24000
2023-05-24,0.23000000417232513,0.23899999260902405,0.22300000488758087,0.22499999403953552,0.1644788533449173,458000
2023-05-25,0.23000000417232513,0.23000000417232513,0.20499999821186066,0.22200000286102295,0.16228580474853516,726000
2023-05-29,0.22100000083446503,0.22100000083446503,0.20999999344348907,0.20999999344348907,0.1535135954618454,1762000
2023-05-30,0.21799999475479126,0.22300000488758087,0.20000000298023224,0.20999999344348907,0.1535135954618454,396000
2023-05-31,0.210999995470047,0.2160000056028366,0.1940000057220459,0.20999999344348907,0.1535135954618454,432000
2023-06-01,0.19499999284744263,0.22200000286102295,0.19499999284744263,0.21799999475479126,0.15936173498630524,202000
2023-06-02,0.21699999272823334,0.23800000548362732,0.2029999941587448,0.23100000619888306,0.16886495053768158,456000
2023-06-05,0.21699999272823334,0.21699999272823334,0.210999995470047,0.21199999749660492,0.15497563779354095,516000
2023-06-06,0.210999995470047,0.2240000069141388,0.210999995470047,0.2199999988079071,0.1608237773180008,482000
2023-06-07,0.2280000001192093,0.2290000021457672,0.2199999988079071,0.22300000488758087,0.16301682591438293,416000
2023-06-08,0.22300000488758087,0.2240000069141388,0.21799999475479126,0.21799999475479126,0.15936173498630524,708000
2023-06-09,0.2240000069141388,0.2240000069141388,0.2150000035762787,0.2150000035762787,0.1571686863899231,260000
2023-06-12,0.21799999475479126,0.21799999475479126,0.21799999475479126,0.2199999988079071,0.1608237773180008,82000
2023-06-13,0.23100000619888306,0.2370000034570694,0.22200000286102295,0.23399999737739563,0.17105801403522491,1624000
2023-06-14,0.2549999952316284,0.2800000011920929,0.24500000476837158,0.2750000059604645,0.2010297030210495,9772000
2023-06-15,0.27000001072883606,0.2750000059604645,0.25999999046325684,0.27000001072883606,0.197374626994133,3984000
2023-06-16,0.27000001072883606,0.2849999964237213,0.26499998569488525,0.2849999964237213,0.2083398699760437,3610000
2023-06-19,0.2800000011920929,0.29499998688697815,0.27000001072883606,0.2849999964237213,0.2083398699760437,1974000
2023-06-20,0.2800000011920929,0.28999999165534973,0.2750000059604645,0.2849999964237213,0.2083398699760437,3402000
2023-06-21,0.28999999165534973,0.28999999165534973,0.2750000059604645,0.2849999964237213,0.2083398699760437,4290000
2023-06-23,0.2800000011920929,0.2800000011920929,0.26499998569488525,0.2750000059604645,0.2010297030210495,5182000
2023-06-26,0.27000001072883606,0.2750000059604645,0.26499998569488525,0.2750000059604645,0.2010297030210495,1972000
2023-06-27,0.2750000059604645,0.30000001192092896,0.2750000059604645,0.2800000011920929,0.204684779047966,7212000
2023-06-28,0.2849999964237213,0.2849999964237213,0.2800000011920929,0.2849999964237213,0.2083398699760437,980000
2023-06-29,0.2849999964237213,0.2800000011920929,0.2750000059604645,0.2750000059604645,0.2010297030210495,1860000
2023-06-30,0.23899999260902405,0.26499998569488525,0.23899999260902405,0.23899999260902405,0.20445147156715393,6378000
2023-07-03,0.2370000034570694,0.2370000034570694,0.22599999606609344,0.23000000417232513,0.19675247371196747,1926000
2023-07-04,0.2240000069141388,0.2329999953508377,0.21799999475479126,0.23000000417232513,0.19675247371196747,1472000
2023-07-05,0.23199999332427979,0.23199999332427979,0.22599999606609344,0.23199999332427979,0.19846336543560028,442000
2023-07-06,0.23199999332427979,0.23199999332427979,0.2199999988079071,0.2290000021457672,0.19589702785015106,166000
2023-07-07,0.23000000417232513,0.23000000417232513,0.23000000417232513,0.23000000417232513,0.19675247371196747,196000
2023-07-10,0.23000000417232513,0.23100000619888306,0.22100000083446503,0.23199999332427979,0.19846336543560028,475491
2023-07-11,0.23499999940395355,0.23499999940395355,0.21799999475479126,0.22499999403953552,0.19247524440288544,1104000
2023-07-12,0.21199999749660492,0.23000000417232513,0.21199999749660492,0.22699999809265137,0.19418613612651825,678000
2023-07-13,0.22499999403953552,0.23000000417232513,0.2199999988079071,0.2240000069141388,0.19161981344223022,940000
2023-07-14,0.23000000417232513,0.23000000417232513,0.23000000417232513,0.23000000417232513,0.19675247371196747,0
2023-07-18,0.2290000021457672,0.23000000417232513,0.20999999344348907,0.22599999606609344,0.19333069026470184,1778000
2023-07-19,0.22200000286102295,0.23000000417232513,0.21299999952316284,0.23000000417232513,0.19675247371196747,782000
2023-07-20,0.23000000417232513,0.2290000021457672,0.2199999988079071,0.2280000001192093,0.19504158198833466,292000
2023-07-21,0.22200000286102295,0.22599999606609344,0.22100000083446503,0.22499999403953552,0.19247524440288544,286000
2023-07-24,0.22699999809265137,0.23000000417232513,0.2199999988079071,0.22499999403953552,0.19247524440288544,618000
2023-07-25,0.23000000417232513,0.23000000417232513,0.21899999678134918,0.22499999403953552,0.19247524440288544,2692000
2023-07-26,0.22499999403953552,0.22499999403953552,0.21799999475479126,0.21799999475479126,0.1864871233701706,458000
2023-07-27,0.21799999475479126,0.22300000488758087,0.21799999475479126,0.22200000286102295,0.18990890681743622,540000
2023-07-28,0.22100000083446503,0.22200000286102295,0.21799999475479126,0.2199999988079071,0.1881980150938034,1766000
2023-07-31,0.2150000035762787,0.22200000286102295,0.2150000035762787,0.2199999988079071,0.1881980150938034,1786000
2023-08-01,0.2199999988079071,0.2199999988079071,0.2150000035762787,0.21699999272823334,0.1856316775083542,560000
2023-08-02,0.21699999272823334,0.22100000083446503,0.21299999952316284,0.22100000083446503,0.1890534609556198,280000
2023-08-03,0.21899999678134918,0.21899999678134918,0.21799999475479126,0.21799999475479126,0.1864871233701706,136000
2023-08-04,0.2199999988079071,0.22200000286102295,0.21400000154972076,0.2199999988079071,0.1881980150938034,366000
2023-08-07,0.2199999988079071,0.2199999988079071,0.2199999988079071,0.2199999988079071,0.1881980150938034,0
2023-08-08,0.20999999344348907,0.21699999272823334,0.20499999821186066,0.21799999475479126,0.1864871233701706,1040000
2023-08-09,0.20999999344348907,0.2150000035762787,0.20999999344348907,0.20999999344348907,0.17964355647563934,1016000
2023-08-10,0.20999999344348907,0.20999999344348907,0.20499999821186066,0.20999999344348907,0.17964355647563934,976000
2023-08-11,0.20999999344348907,0.20999999344348907,0.20800000429153442,0.20900000631809235,0.17878812551498413,64000
2023-08-14,0.20900000631809235,0.20900000631809235,0.2029999941587448,0.20399999618530273,0.1745108813047409,1648000
2023-08-15,0.20399999618530273,0.20800000429153442,0.20000000298023224,0.20499999821186066,0.1753663271665573,1082000
2023-08-16,0.20499999821186066,0.20499999821186066,0.20200000703334808,0.2029999941587448,0.1736554354429245,892000
2023-08-17,0.2029999941587448,0.2029999941587448,0.1940000057220459,0.20000000298023224,0.17108911275863647,2468000
2023-08-18,0.19300000369548798,0.1979999989271164,0.19200000166893005,0.19699999690055847,0.16852277517318726,504000
2023-08-21,0.19699999690055847,0.19699999690055847,0.18799999356269836,0.19200000166893005,0.16424554586410522,304000
2023-08-22,0.19099999964237213,0.1979999989271164,0.19099999964237213,0.19599999487400055,0.16766732931137085,140000
2023-08-23,0.1809999942779541,0.19599999487400055,0.18000000715255737,0.19599999487400055,0.16766732931137085,3052000
2023-08-24,0.19599999487400055,0.19599999487400055,0.18799999356269836,0.19300000369548798,0.16510099172592163,36000
2023-08-25,0.1809999942779541,0.19300000369548798,0.1809999942779541,0.18299999833106995,0.15654653310775757,540000
2023-08-28,0.1940000057220459,0.19599999487400055,0.18700000643730164,0.1940000057220459,0.16595643758773804,854000
2023-08-29,0.1940000057220459,0.1940000057220459,0.1940000057220459,0.1940000057220459,0.16595643758773804,0
2023-08-30,0.1899999976158142,0.19300000369548798,0.1899999976158142,0.1899999976158142,0.1625346541404724,742000
2023-08-31,0.1899999976158142,0.19300000369548798,0.1860000044107437,0.1860000044107437,0.1591128706932068,676000
2023-09-04,0.19200000166893005,0.19300000369548798,0.1860000044107437,0.19300000369548798,0.16510099172592163,866000
2023-09-05,0.1850000023841858,0.19099999964237213,0.1850000023841858,0.19200000166893005,0.16424554586410522,762000
2023-09-06,0.1899999976158142,0.19499999284744263,0.18700000643730164,0.19300000369548798,0.16510099172592163,1252000
2023-09-07,0.19300000369548798,0.1940000057220459,0.1889999955892563,0.1940000057220459,0.16595643758773804,1078000
2023-09-11,0.1940000057220459,0.1940000057220459,0.1860000044107437,0.1889999955892563,0.1616791933774948,396000
2023-09-12,0.1850000023841858,0.1889999955892563,0.1850000023841858,0.18700000643730164,0.1599683165550232,442654
2023-09-13,0.1860000044107437,0.19200000166893005,0.18000000715255737,0.19200000166893005,0.16424554586410522,514000
2023-09-14,0.19200000166893005,0.19200000166893005,0.1860000044107437,0.1889999955892563,0.1616791933774948,200000
2023-09-15,0.19099999964237213,0.19099999964237213,0.1860000044107437,0.1899999976158142,0.1625346541404724,490000
2023-09-18,0.18799999356269836,0.18799999356269836,0.1809999942779541,0.1850000023841858,0.15825742483139038,1406000
2023-09-19,0.1850000023841858,0.1850000023841858,0.18000000715255737,0.1809999942779541,0.15483564138412476,68000
2023-09-20,0.17800000309944153,0.18799999356269836,0.18299999833106995,0.18299999833106995,0.15654653310775757,232000
2023-09-21,0.18299999833106995,0.18299999833106995,0.18000000715255737,0.1809999942779541,0.15483564138412476,384000
2023-09-22,0.18700000643730164,0.18700000643730164,0.18000000715255737,0.18700000643730164,0.1599683165550232,428000
2023-09-25,0.18000000715255737,0.18799999356269836,0.18000000715255737,0.18799999356269836,0.1608237624168396,392000
2023-09-26,0.18700000643730164,0.1889999955892563,0.18400000035762787,0.1850000023841858,0.15825742483139038,1968000
2023-09-27,0.18000000715255737,0.18400000035762787,0.18000000715255737,0.1850000023841858,0.15825742483139038,12000
2023-09-28,0.1850000023841858,0.1850000023841858,0.18199999630451202,0.18199999630451202,0.15569108724594116,80000
2023-09-29,0.1809999942779541,0.1889999955892563,0.1809999942779541,0.1889999955892563,0.1616791933774948,336000
2023-10-03,0.1809999942779541,0.19099999964237213,0.18000000715255737,0.18799999356269836,0.1608237624168396,1204000
2023-10-04,0.18799999356269836,0.18799999356269836,0.18799999356269836,0.18799999356269836,0.1608237624168396,0
2023-10-05,0.1809999942779541,0.1860000044107437,0.1809999942779541,0.1860000044107437,0.1591128706932068,258000
2023-10-06,0.18799999356269836,0.1889999955892563,0.18799999356269836,0.18799999356269836,0.1608237624168396,320000
2023-10-09,0.18799999356269836,0.18799999356269836,0.18799999356269836,0.18799999356269836,0.1608237624168396,0
2023-10-10,0.1899999976158142,0.20000000298023224,0.18799999356269836,0.18799999356269836,0.1608237624168396,630000
2023-10-11,0.19200000166893005,0.19699999690055847,0.18700000643730164,0.19200000166893005,0.16424554586410522,120000
2023-10-12,0.1940000057220459,0.1940000057220459,0.1899999976158142,0.19099999964237213,0.16339010000228882,42000
2023-10-13,0.18799999356269836,0.1889999955892563,0.18299999833106995,0.1850000023841858,0.15825742483139038,242000
2023-10-16,0.18400000035762787,0.19699999690055847,0.18199999630451202,0.18199999630451202,0.15569108724594116,216000
2023-10-17,0.18199999630451202,0.1899999976158142,0.1679999977350235,0.18700000643730164,0.1599683165550232,708000
2023-10-18,0.1860000044107437,0.1860000044107437,0.1860000044107437,0.1860000044107437,0.1591128706932068,0
2023-10-19,0.18000000715255737,0.1860000044107437,0.18000000715255737,0.1860000044107437,0.1591128706932068,194000
2023-10-20,0.1809999942779541,0.1850000023841858,0.17900000512599945,0.1850000023841858,0.15825742483139038,58000
2023-10-24,0.18000000715255737,0.18000000715255737,0.17000000178813934,0.17499999701976776,0.14970296621322632,266000
2023-10-25,0.18199999630451202,0.18199999630451202,0.17299999296665192,0.18000000715255737,0.15398019552230835,110000
2023-10-26,0.1720000058412552,0.17900000512599945,0.17100000381469727,0.17900000512599945,0.15312476456165314,282000
2023-10-27,0.1720000058412552,0.17800000309944153,0.17100000381469727,0.1770000010728836,0.15141385793685913,280000
2023-10-30,0.1770000010728836,0.18400000035762787,0.1770000010728836,0.18299999833106995,0.15654653310775757,120000
2023-10-31,0.18299999833106995,0.18299999833106995,0.18299999833106995,0.18299999833106995,0.15654653310775757,0
2023-11-01,0.18199999630451202,0.18799999356269836,0.17299999296665192,0.18299999833106995,0.15654653310775757,804000
2023-11-02,0.18000000715255737,0.18000000715255737,0.17800000309944153,0.18000000715255737,0.15398019552230835,200000
2023-11-03,0.18299999833106995,0.1850000023841858,0.17800000309944153,0.1850000023841858,0.15825742483139038,384000
2023-11-06,0.1809999942779541,0.18700000643730164,0.1809999942779541,0.1809999942779541,0.15483564138412476,246000
2023-11-07,0.17900000512599945,0.17900000512599945,0.17800000309944153,0.17900000512599945,0.15312476456165314,98000
2023-11-08,0.19099999964237213,0.19099999964237213,0.19099999964237213,0.1899999976158142,0.1625346541404724,306000
2023-11-09,0.1899999976158142,0.1899999976158142,0.17800000309944153,0.18799999356269836,0.1608237624168396,40000
2023-11-10,0.1860000044107437,0.1860000044107437,0.1860000044107437,0.1860000044107437,0.1591128706932068,0
2023-11-13,0.1889999955892563,0.19099999964237213,0.18400000035762787,0.1860000044107437,0.1591128706932068,256000
2023-11-14,0.18199999630451202,0.1899999976158142,0.18199999630451202,0.1889999955892563,0.1616791933774948,376000
2023-11-15,0.1889999955892563,0.1940000057220459,0.18400000035762787,0.1899999976158142,0.1625346541404724,262000
2023-11-16,0.18700000643730164,0.1889999955892563,0.18700000643730164,0.1889999955892563,0.1616791933774948,48000
2023-11-17,0.1889999955892563,0.19599999487400055,0.1889999955892563,0.19499999284744263,0.16681186854839325,32000
2023-11-20,0.19499999284744263,0.1979999989271164,0.1889999955892563,0.19599999487400055,0.16766732931137085,420000
2023-11-21,0.19699999690055847,0.20000000298023224,0.18799999356269836,0.19599999487400055,0.16766732931137085,520000
2023-11-22,0.1940000057220459,0.19599999487400055,0.1899999976158142,0.19300000369548798,0.16510099172592163,1034000
2023-11-23,0.19300000369548798,0.19300000369548798,0.19300000369548798,0.19300000369548798,0.16510099172592163,0
2023-11-24,0.19200000166893005,0.19200000166893005,0.19200000166893005,0.19200000166893005,0.16424554586410522,0
2023-11-27,0.19499999284744263,0.20000000298023224,0.1899999976158142,0.20000000298023224,0.17108911275863647,2186000
2023-11-28,0.20000000298023224,0.2199999988079071,0.20000000298023224,0.20999999344348907,0.17964355647563934,2946000
2023-11-29,0.21799999475479126,0.21899999678134918,0.20399999618530273,0.20499999821186066,0.1753663271665573,1108000
2023-11-30,0.20499999821186066,0.20900000631809235,0.19599999487400055,0.20399999618530273,0.1745108813047409,262000
2023-12-01,0.20600000023841858,0.2070000022649765,0.20200000703334808,0.2070000022649765,0.17707721889019012,64000
2023-12-04,0.20499999821186066,0.20600000023841858,0.20200000703334808,0.20200000703334808,0.1728000044822693,570000
2023-12-05,0.20000000298023224,0.20600000023841858,0.19499999284744263,0.20000000298023224,0.17108911275863647,830000
2023-12-06,0.19499999284744263,0.20399999618530273,0.1899999976158142,0.20200000703334808,0.1728000044822693,114000
2023-12-07,0.20000000298023224,0.20000000298023224,0.18799999356269836,0.1979999989271164,0.17819999158382416,138000
2023-12-08,0.1889999955892563,0.19699999690055847,0.18700000643730164,0.18799999356269836,0.16919998824596405,108000
2023-12-11,0.1899999976158142,0.1899999976158142,0.1850000023841858,0.1860000044107437,0.16740000247955322,440000
2023-12-12,0.19599999487400055,0.19599999487400055,0.1860000044107437,0.1860000044107437,0.16740000247955322,42000
2023-12-13,0.19699999690055847,0.19699999690055847,0.1850000023841858,0.19099999964237213,0.17189998924732208,180000
2023-12-14,0.18700000643730164,0.19599999487400055,0.1850000023841858,0.1860000044107437,0.16740000247955322,304000
2023-12-15,0.1979999989271164,0.1979999989271164,0.18799999356269836,0.19499999284744263,0.17549999058246613,112000
2023-12-18,0.18799999356269836,0.19099999964237213,0.18799999356269836,0.1889999955892563,0.17009998857975006,124000
2023-12-19,0.1889999955892563,0.1979999989271164,0.18799999356269836,0.19200000166893005,0.1727999895811081,26000
2023-12-20,0.19599999487400055,0.19599999487400055,0.18799999356269836,0.19200000166893005,0.1727999895811081,180000
2023-12-21,0.19499999284744263,0.19499999284744263,0.1850000023841858,0.1860000044107437,0.16740000247955322,114000
2023-12-22,0.1860000044107437,0.1860000044107437,0.1860000044107437,0.1860000044107437,0.16740000247955322,0
2023-12-27,0.18700000643730164,0.19499999284744263,0.17800000309944153,0.1850000023841858,0.1665000021457672,566000
2023-12-28,0.18700000643730164,0.1889999955892563,0.1850000023841858,0.18799999356269836,0.16919998824596405,364000
2023-12-29,0.18799999356269836,0.18799999356269836,0.1850000023841858,0.18700000643730164,0.16830000281333923,258000
2024-01-02,0.1940000057220459,0.19499999284744263,0.18000000715255737,0.18799999356269836,0.16919998824596405,620000
2024-01-03,0.1850000023841858,0.19499999284744263,0.1809999942779541,0.19200000166893005,0.1727999895811081,1294000
2024-01-04,0.18299999833106995,0.1850000023841858,0.18299999833106995,0.1850000023841858,0.1665000021457672,18000
2024-01-05,0.18199999630451202,0.18799999356269836,0.1809999942779541,0.18700000643730164,0.16830000281333923,404000
2024-01-08,0.1809999942779541,0.18700000643730164,0.18000000715255737,0.18700000643730164,0.16830000281333923,512000
2024-01-09,0.18700000643730164,0.19099999964237213,0.1809999942779541,0.18199999630451202,0.16379998624324799,304000
2024-01-10,0.18199999630451202,0.18199999630451202,0.18199999630451202,0.18199999630451202,0.16379998624324799,2000
2024-01-11,0.18299999833106995,0.19099999964237213,0.18199999630451202,0.19099999964237213,0.17189998924732208,226000
2024-01-12,0.18299999833106995,0.18799999356269836,0.1720000058412552,0.18299999833106995,0.1647000014781952,1468000
2024-01-15,0.1860000044107437,0.1860000044107437,0.1860000044107437,0.1860000044107437,0.16740000247955322,0
2024-01-16,0.1860000044107437,0.1860000044107437,0.18299999833106995,0.1860000044107437,0.16740000247955322,106000
2024-01-17,0.1860000044107437,0.1860000044107437,0.1679999977350235,0.17599999904632568,0.15839999914169312,1560000
2024-01-18,0.18000000715255737,0.18299999833106995,0.17299999296665192,0.18299999833106995,0.1647000014781952,1110000
2024-01-19,0.18199999630451202,0.18400000035762787,0.17299999296665192,0.17299999296665192,0.1556999832391739,706000
2024-01-22,0.1679999977350235,0.17599999904632568,0.16699999570846558,0.17599999904632568,0.15839999914169312,86000
2024-01-23,0.16200000047683716,0.17399999499320984,0.16200000047683716,0.16699999570846558,0.15029999613761902,1476000
2024-01-24,0.17599999904632568,0.17800000309944153,0.17599999904632568,0.17499999701976776,0.1574999988079071,12000
2024-01-25,0.1770000010728836,0.19499999284744263,0.1770000010728836,0.1899999976158142,0.17099998891353607,982000
2024-01-26,0.17900000512599945,0.1899999976158142,0.17100000381469727,0.1809999942779541,0.16289998590946198,434000
2024-01-29,0.18299999833106995,0.18700000643730164,0.18299999833106995,0.1850000023841858,0.1665000021457672,1062000
2024-01-30,0.1809999942779541,0.1889999955892563,0.17299999296665192,0.17399999499320984,0.1565999984741211,192000
2024-01-31,0.18000000715255737,0.18000000715255737,0.17000000178813934,0.17000000178813934,0.15299999713897705,62000
2024-02-01,0.1889999955892563,0.1889999955892563,0.17000000178813934,0.1720000058412552,0.15479999780654907,316000
2024-02-02,0.18000000715255737,0.1850000023841858,0.17900000512599945,0.17900000512599945,0.16110000014305115,6000
2024-02-05,0.1770000010728836,0.17900000512599945,0.17599999904632568,0.17900000512599945,0.16110000014305115,56000
2024-02-06,0.17900000512599945,0.17900000512599945,0.17900000512599945,0.17900000512599945,0.16110000014305115,0
2024-02-07,0.17900000512599945,0.17900000512599945,0.17100000381469727,0.17100000381469727,0.15389999747276306,1506000
2024-02-08,0.1770000010728836,0.1770000010728836,0.1770000010728836,0.17499999701976776,0.1574999988079071,30000
2024-02-09,0.16899999976158142,0.16899999976158142,0.16899999976158142,0.16899999976158142,0.15209999680519104,0
2024-02-14,0.16899999976158142,0.17000000178813934,0.16599999368190765,0.17000000178813934,0.15299999713897705,254000
2024-02-15,0.17000000178813934,0.17000000178813934,0.17000000178813934,0.17000000178813934,0.15299999713897705,2000
2024-02-16,0.17000000178813934,0.1770000010728836,0.17000000178813934,0.1770000010728836,0.15929999947547913,808000
2024-02-19,0.16599999368190765,0.1770000010728836,0.16200000047683716,0.1770000010728836,0.15929999947547913,200000
2024-02-20,0.16899999976158142,0.17499999701976776,0.164000004529953,0.17499999701976776,0.1574999988079071,64000
2024-02-21,0.1809999942779541,0.1809999942779541,0.16599999368190765,0.17399999499320984,0.1565999984741211,466000
2024-02-22,0.1720000058412552,0.17499999701976776,0.1720000058412552,0.17399999499320984,0.1565999984741211,160000
2024-02-23,0.17499999701976776,0.17800000309944153,0.17000000178813934,0.17399999499320984,0.1565999984741211,112000
2024-02-26,0.17900000512599945,0.18000000715255737,0.17399999499320984,0.17900000512599945,0.16110000014305115,806000
2024-02-27,0.17499999701976776,0.1809999942779541,0.17499999701976776,0.17800000309944153,0.16019999980926514,148000
2024-02-28,0.17800000309944153,0.17800000309944153,0.17499999701976776,0.17499999701976776,0.1574999988079071,60000
2024-02-29,0.17499999701976776,0.18000000715255737,0.17499999701976776,0.18000000715255737,0.16200000047683716,568000
2024-03-01,0.18000000715255737,0.18000000715255737,0.18000000715255737,0.18000000715255737,0.16200000047683716,52000
2024-03-04,0.18400000035762787,0.1860000044107437,0.17399999499320984,0.17499999701976776,0.1574999988079071,494000
2024-03-05,0.17800000309944153,0.18000000715255737,0.17299999296665192,0.17299999296665192,0.1556999832391739,34000
2024-03-06,0.17499999701976776,0.17499999701976776,0.17499999701976776,0.17499999701976776,0.1574999988079071,0
2024-03-07,0.17499999701976776,0.17499999701976776,0.17499999701976776,0.17499999701976776,0.1574999988079071,0
2024-03-08,0.17100000381469727,0.17499999701976776,0.17000000178813934,0.17100000381469727,0.15389999747276306,242000
2024-03-11,0.16899999976158142,0.18700000643730164,0.16899999976158142,0.17100000381469727,0.15389999747276306,418000
2024-03-12,0.17399999499320984,0.18299999833106995,0.17399999499320984,0.18000000715255737,0.16200000047683716,294000
2024-03-13,0.18000000715255737,0.1850000023841858,0.18000000715255737,0.18000000715255737,0.16200000047683716,432000
2024-03-14,0.18199999630451202,0.18799999356269836,0.17800000309944153,0.18299999833106995,0.1647000014781952,694000
2024-03-15,0.17499999701976776,0.18400000035762787,0.17499999701976776,0.18199999630451202,0.16379998624324799,3004000
2024-03-18,0.18199999630451202,0.1860000044107437,0.18199999630451202,0.18400000035762787,0.1656000018119812,102000
2024-03-19,0.18400000035762787,0.18400000035762787,0.18400000035762787,0.18400000035762787,0.1656000018119812,0
2024-03-20,0.18400000035762787,0.18400000035762787,0.18400000035762787,0.18400000035762787,0.1656000018119812,8603
2024-03-21,0.18000000715255737,0.18199999630451202,0.17599999904632568,0.18000000715255737,0.16200000047683716,124000
2024-03-22,0.17800000309944153,0.18000000715255737,0.17800000309944153,0.17800000309944153,0.16019999980926514,40000
2024-03-25,0.17800000309944153,0.18199999630451202,0.17800000309944153,0.18199999630451202,0.16379998624324799,104000
2024-03-26,0.18000000715255737,0.18000000715255737,0.18000000715255737,0.18000000715255737,0.16200000047683716,0
2024-03-27,0.17599999904632568,0.18199999630451202,0.17100000381469727,0.17499999701976776,0.1574999988079071,68000
2024-03-28,0.17299999296665192,0.18000000715255737,0.17299999296665192,0.18000000715255737,0.16200000047683716,610000
2024-04-02,0.18000000715255737,0.18000000715255737,0.17499999701976776,0.1770000010728836,0.15929999947547913,232000
2024-04-03,0.17599999904632568,0.18000000715255737,0.1720000058412552,0.1720000058412552,0.15479999780654907,674000
2024-04-05,0.1720000058412552,0.18400000035762787,0.1720000058412552,0.18400000035762787,0.1656000018119812,560000
2024-04-08,0.17399999499320984,0.17800000309944153,0.1720000058412552,0.17299999296665192,0.1556999832391739,116000
2024-04-09,0.17499999701976776,0.17800000309944153,0.1720000058412552,0.17800000309944153,0.16019999980926514,576000
2024-04-10,0.17800000309944153,0.18299999833106995,0.17399999499320984,0.1770000010728836,0.15929999947547913,110000
2024-04-11,0.17599999904632568,0.17599999904632568,0.17599999904632568,0.17599999904632568,0.15839999914169312,0
2024-04-12,0.18000000715255737,0.18000000715255737,0.17299999296665192,0.17399999499320984,0.1565999984741211,274000
2024-04-15,0.17399999499320984,0.17399999499320984,0.17399999499320984,0.17399999499320984,0.1565999984741211,0
2024-04-16,0.17399999499320984,0.17399999499320984,0.17399999499320984,0.17399999499320984,0.1565999984741211,0
2024-04-17,0.1720000058412552,0.1720000058412552,0.16899999976158142,0.17499999701976776,0.1574999988079071,102000
2024-04-18,0.16899999976158142,0.17499999701976776,0.1679999977350235,0.17000000178813934,0.15299999713897705,724000
2024-04-19,0.17000000178813934,0.17100000381469727,0.16500000655651093,0.17100000381469727,0.15389999747276306,14000
2024-04-22,0.17100000381469727,0.17299999296665192,0.17000000178813934,0.17299999296665192,0.1556999832391739,44000
2024-04-23,0.17499999701976776,0.1770000010728836,0.17499999701976776,0.17499999701976776,0.1574999988079071,258000
2024-04-24,0.17499999701976776,0.17499999701976776,0.17499999701976776,0.17499999701976776,0.1574999988079071,0
2024-04-25,0.17499999701976776,0.1770000010728836,0.1679999977350235,0.16899999976158142,0.15209999680519104,1194000
2024-04-26,0.16899999976158142,0.17800000309944153,0.16899999976158142,0.17499999701976776,0.1574999988079071,832000
2024-04-29,0.1770000010728836,0.17900000512599945,0.1770000010728836,0.17900000512599945,0.16110000014305115,186000
2024-04-30,0.1770000010728836,0.1770000010728836,0.1770000010728836,0.1770000010728836,0.15929999947547913,0
2024-05-02,0.17499999701976776,0.18000000715255737,0.17499999701976776,0.1809999942779541,0.16289998590946198,1272000
2024-05-03,0.17800000309944153,0.18199999630451202,0.17499999701976776,0.17900000512599945,0.16110000014305115,736000
2024-05-06,0.18400000035762787,0.18400000035762787,0.18299999833106995,0.18299999833106995,0.1647000014781952,20000
2024-05-07,0.1850000023841858,0.1850000023841858,0.17599999904632568,0.18400000035762787,0.1656000018119812,476000
2024-05-08,0.18400000035762787,0.1850000023841858,0.18400000035762787,0.1850000023841858,0.1665000021457672,212000
2024-05-09,0.1850000023841858,0.1850000023841858,0.1850000023841858,0.1850000023841858,0.1665000021457672,0
2024-05-10,0.1850000023841858,0.1860000044107437,0.1770000010728836,0.1770000010728836,0.15929999947547913,506000
2024-05-13,0.1770000010728836,0.18299999833106995,0.17399999499320984,0.18199999630451202,0.16379998624324799,588000
2024-05-14,0.18400000035762787,0.18400000035762787,0.17599999904632568,0.1770000010728836,0.15929999947547913,122000
2024-05-16,0.18299999833106995,0.18400000035762787,0.18299999833106995,0.18299999833106995,0.1647000014781952,76000
2024-05-17,0.17800000309944153,0.19200000166893005,0.17800000309944153,0.19200000166893005,0.1727999895811081,542000
2024-05-20,0.18799999356269836,0.1899999976158142,0.1850000023841858,0.1899999976158142,0.17099998891353607,500000
2024-05-21,0.18700000643730164,0.19499999284744263,0.18700000643730164,0.1899999976158142,0.17099998891353607,554000
2024-05-22,0.19200000166893005,0.19599999487400055,0.19200000166893005,0.19300000369548798,0.1737000048160553,590000
2024-05-23,0.19300000369548798,0.1940000057220459,0.18799999356269836,0.18799999356269836,0.16919998824596405,250000
2024-05-24,0.18799999356269836,0.18799999356269836,0.18799999356269836,0.18799999356269836,0.16919998824596405,222000
2024-05-27,0.18799999356269836,0.1899999976158142,0.18799999356269836,0.1899999976158142,0.17099998891353607,158000
2024-05-28,0.19200000166893005,0.19499999284744263,0.18799999356269836,0.19200000166893005,0.1727999895811081,2224000
2024-05-29,0.18799999356269836,0.19099999964237213,0.18799999356269836,0.18799999356269836,0.16919998824596405,784000
2024-05-30,0.1860000044107437,0.1860000044107437,0.1860000044107437,0.1860000044107437,0.16740000247955322,0
2024-05-31,0.1899999976158142,0.1899999976158142,0.1899999976158142,0.1899999976158142,0.17099998891353607,0
2024-06-03,0.1889999955892563,0.1899999976158142,0.18299999833106995,0.18299999833106995,0.1647000014781952,118000
2024-06-04,0.18299999833106995,0.18299999833106995,0.18299999833106995,0.18299999833106995,0.1647000014781952,10000
2024-06-05,0.18299999833106995,0.18299999833106995,0.18199999630451202,0.18299999833106995,0.1647000014781952,66000
2024-06-06,0.18299999833106995,0.18299999833106995,0.18299999833106995,0.18299999833106995,0.1647000014781952,0
2024-06-07,0.18299999833106995,0.18299999833106995,0.18299999833106995,0.18299999833106995,0.1647000014781952,0
2024-06-11,0.18299999833106995,0.18799999356269836,0.18199999630451202,0.18799999356269836,0.16919998824596405,1170000
2024-06-12,0.18199999630451202,0.18199999630451202,0.17800000309944153,0.18000000715255737,0.16200000047683716,650000
2024-06-13,0.18000000715255737,0.1809999942779541,0.18000000715255737,0.1809999942779541,0.16289998590946198,400000
2024-06-14,0.1770000010728836,0.18199999630451202,0.1770000010728836,0.1809999942779541,0.16289998590946198,114000
2024-06-17,0.1809999942779541,0.18199999630451202,0.1770000010728836,0.18199999630451202,0.16379998624324799,884000
2024-06-18,0.19200000166893005,0.20800000429153442,0.18199999630451202,0.19599999487400055,0.17639999091625214,12022000
2024-06-19,0.19699999690055847,0.20100000500679016,0.19499999284744263,0.20000000298023224,0.17999999225139618,2150000
2024-06-20,0.20000000298023224,0.2029999941587448,0.1979999989271164,0.2029999941587448,0.1826999932527542,2072000
2024-06-21,0.20100000500679016,0.2029999941587448,0.1979999989271164,0.20000000298023224,0.17999999225139618,634000
2024-06-24,0.20100000500679016,0.20100000500679016,0.20000000298023224,0.20000000298023224,0.17999999225139618,344000
2024-06-25,0.20000000298023224,0.20499999821186066,0.20000000298023224,0.20499999821186066,0.18449999392032623,532000
2024-06-26,0.20100000500679016,0.20399999618530273,0.20000000298023224,0.20200000703334808,0.1818000078201294,2506000
2024-06-27,0.20200000703334808,0.20499999821186066,0.19300000369548798,0.20499999821186066,0.18449999392032623,1448000
2024-06-28,0.20399999618530273,0.21299999952316284,0.20000000298023224,0.210999995470047,0.1898999959230423,3968000
2024-07-02,0.210999995470047,0.2290000021457672,0.20999999344348907,0.22499999403953552,0.20249998569488525,12670000
2024-07-03,0.2329999953508377,0.2460000067949295,0.22499999403953552,0.23899999260902405,0.2150999903678894,10136000
2024-07-04,0.23999999463558197,0.24799999594688416,0.23499999940395355,0.23999999463558197,0.21599999070167542,5334000
2024-07-08,0.23999999463558197,0.2409999966621399,0.23199999332427979,0.23600000143051147,0.21239998936653137,2750000
2024-07-09,0.23600000143051147,0.24899999797344208,0.23600000143051147,0.24799999594688416,0.2231999933719635,8154000
2024-07-10,0.25,0.25999999046325684,0.2460000067949295,0.25,0.22499999403953552,8152000
2024-07-11,0.2280000001192093,0.23000000417232513,0.2199999988079071,0.2280000001192093,0.2280000001192093,2334000
2024-07-12,0.22100000083446503,0.22200000286102295,0.21799999475479126,0.2199999988079071,0.2199999988079071,1600000
2024-07-15,0.2199999988079071,0.2199999988079071,0.20000000298023224,0.210999995470047,0.210999995470047,4334000
2024-07-16,0.20999999344348907,0.20999999344348907,0.20800000429153442,0.20900000631809235,0.20900000631809235,728000
2024-07-17,0.20999999344348907,0.20999999344348907,0.20600000023841858,0.20999999344348907,0.20999999344348907,530000
2024-07-18,0.20999999344348907,0.21699999272823334,0.20999999344348907,0.2150000035762787,0.2150000035762787,724000
2024-07-19,0.2150000035762787,0.21699999272823334,0.20600000023841858,0.20600000023841858,0.20600000023841858,430000
2024-07-22,0.20600000023841858,0.22200000286102295,0.20600000023841858,0.21799999475479126,0.21799999475479126,4846000
2024-07-23,0.21299999952316284,0.2160000056028366,0.20999999344348907,0.2160000056028366,0.2160000056028366,920000
2024-07-24,0.20999999344348907,0.2160000056028366,0.20900000631809235,0.2160000056028366,0.2160000056028366,658000
2024-07-25,0.210999995470047,0.21899999678134918,0.20999999344348907,0.2160000056028366,0.2160000056028366,766000
2024-07-26,0.2150000035762787,0.2199999988079071,0.2150000035762787,0.2199999988079071,0.2199999988079071,12000
2024-07-29,0.21799999475479126,0.23199999332427979,0.20999999344348907,0.22300000488758087,0.22300000488758087,1112000
2024-07-30,0.21400000154972076,0.23000000417232513,0.21400000154972076,0.23000000417232513,0.23000000417232513,1412000
2024-07-31,0.23000000417232513,0.23000000417232513,0.22100000083446503,0.22100000083446503,0.22100000083446503,392000
2024-08-01,0.21699999272823334,0.21799999475479126,0.21400000154972076,0.21699999272823334,0.21699999272823334,428000
2024-08-02,0.2150000035762787,0.23199999332427979,0.21199999749660492,0.22300000488758087,0.22300000488758087,2300000
2024-08-05,0.2199999988079071,0.23000000417232513,0.21799999475479126,0.2199999988079071,0.2199999988079071,1966000
2024-08-06,0.22499999403953552,0.22499999403953552,0.2150000035762787,0.22499999403953552,0.22499999403953552,670000
2024-08-07,0.22499999403953552,0.23199999332427979,0.21699999272823334,0.22100000083446503,0.22100000083446503,786000
2024-08-08,0.22599999606609344,0.22599999606609344,0.21199999749660492,0.2150000035762787,0.2150000035762787,3012000
2024-08-09,0.2150000035762787,0.21799999475479126,0.20499999821186066,0.20800000429153442,0.20800000429153442,4688000
2024-08-12,0.20800000429153442,0.2160000056028366,0.20800000429153442,0.20900000631809235,0.20900000631809235,1610000
2024-08-13,0.210999995470047,0.2160000056028366,0.210999995470047,0.21400000154972076,0.21400000154972076,264000
2024-08-14,0.21400000154972076,0.21400000154972076,0.20200000703334808,0.20499999821186066,0.20499999821186066,842000
2024-08-15,0.20499999821186066,0.20800000429153442,0.20000000298023224,0.2070000022649765,0.2070000022649765,1150000
2024-08-16,0.2070000022649765,0.20999999344348907,0.20200000703334808,0.20800000429153442,0.20800000429153442,1014000
2024-08-19,0.20800000429153442,0.20999999344348907,0.20499999821186066,0.20999999344348907,0.20999999344348907,2648000
2024-08-20,0.210999995470047,0.210999995470047,0.2070000022649765,0.2070000022649765,0.2070000022649765,218000
2024-08-21,0.2070000022649765,0.20999999344348907,0.2070000022649765,0.20800000429153442,0.20800000429153442,310000
2024-08-22,0.20800000429153442,0.210999995470047,0.20499999821186066,0.20800000429153442,0.20800000429153442,204000
2024-08-23,0.20200000703334808,0.20999999344348907,0.20200000703334808,0.20999999344348907,0.20999999344348907,30000
2024-08-26,0.20999999344348907,0.2160000056028366,0.20399999618530273,0.20499999821186066,0.20499999821186066,518000
2024-08-27,0.20200000703334808,0.20600000023841858,0.19699999690055847,0.20499999821186066,0.20499999821186066,2528000
2024-08-28,0.20499999821186066,0.2070000022649765,0.20000000298023224,0.2070000022649765,0.2070000022649765,172000
2024-08-29,0.20000000298023224,0.2070000022649765,0.20000000298023224,0.2070000022649765,0.2070000022649765,106000
2024-08-30,0.20399999618530273,0.210999995470047,0.20200000703334808,0.210999995470047,0.210999995470047,154000
2024-09-02,0.21199999749660492,0.21199999749660492,0.20100000500679016,0.20600000023841858,0.20600000023841858,866000
2024-09-03,0.20600000023841858,0.21199999749660492,0.20499999821186066,0.210999995470047,0.210999995470047,266000
2024-09-04,0.20600000023841858,0.210999995470047,0.20499999821186066,0.210999995470047,0.210999995470047,588000
2024-09-05,0.20600000023841858,0.210999995470047,0.20200000703334808,0.210999995470047,0.210999995470047,1032000
2024-09-09,0.20600000023841858,0.20999999344348907,0.20399999618530273,0.2070000022649765,0.2070000022649765,156000
2024-09-10,0.20499999821186066,0.20499999821186066,0.20200000703334808,0.20399999618530273,0.20399999618530273,486000
2024-09-11,0.20499999821186066,0.20900000631809235,0.20399999618530273,0.20600000023841858,0.20600000023841858,322000
2024-09-12,0.20600000023841858,0.20600000023841858,0.20100000500679016,0.20600000023841858,0.20600000023841858,34000
2024-09-13,0.20100000500679016,0.20900000631809235,0.20000000298023224,0.20200000703334808,0.20200000703334808,850000
2024-09-16,0.2070000022649765,0.2070000022649765,0.1979999989271164,0.20100000500679016,0.20100000500679016,374000
2024-09-17,0.20499999821186066,0.20499999821186066,0.20499999821186066,0.20499999821186066,0.20499999821186066,0
2024-09-19,0.1979999989271164,0.20999999344348907,0.1979999989271164,0.20800000429153442,0.20800000429153442,214000
2024-09-20,0.20999999344348907,0.20999999344348907,0.20600000023841858,0.20800000429153442,0.20800000429153442,66000
2024-09-23,0.20100000500679016,0.20999999344348907,0.1979999989271164,0.20200000703334808,0.20200000703334808,376000
2024-09-24,0.20000000298023224,0.21199999749660492,0.20000000298023224,0.20900000631809235,0.20900000631809235,286000
2024-09-25,0.20399999618530273,0.20800000429153442,0.20399999618530273,0.20800000429153442,0.20800000429153442,10000
2024-09-26,0.20800000429153442,0.21199999749660492,0.20399999618530273,0.210999995470047,0.210999995470047,250000
2024-09-27,0.2150000035762787,0.23199999332427979,0.2150000035762787,0.2199999988079071,0.2199999988079071,1996000
2024-09-30,0.20000000298023224,0.21899999678134918,0.20000000298023224,0.21199999749660492,0.21199999749660492,7504000
2024-10-02,0.21400000154972076,0.23000000417232513,0.20800000429153442,0.22300000488758087,0.22300000488758087,3106000
2024-10-03,0.2280000001192093,0.2549999952316284,0.22100000083446503,0.25,0.25,6558000
2024-10-04,0.24199999868869781,0.2800000011920929,0.23999999463558197,0.27000001072883606,0.27000001072883606,4196000
2024-10-07,0.27000001072883606,0.28999999165534973,0.25999999046325684,0.27000001072883606,0.27000001072883606,4724000
2024-10-08,0.27000001072883606,0.27000001072883606,0.2549999952316284,0.25999999046325684,0.25999999046325684,1840000
2024-10-09,0.2549999952316284,0.25999999046325684,0.23999999463558197,0.25999999046325684,0.25999999046325684,3890000
2024-10-10,0.25999999046325684,0.27000001072883606,0.2549999952316284,0.27000001072883606,0.27000001072883606,3580000
2024-10-14,0.25999999046325684,0.27000001072883606,0.24500000476837158,0.27000001072883606,0.27000001072883606,2890000
2024-10-15,0.25999999046325684,0.2750000059604645,0.2549999952316284,0.25999999046325684,0.25999999046325684,2454000
2024-10-16,0.25999999046325684,0.2750000059604645,0.25999999046325684,0.2750000059604645,0.2750000059604645,2490000
2024-10-17,0.26499998569488525,0.2849999964237213,0.26499998569488525,0.27000001072883606,0.27000001072883606,3460000
2024-10-18,0.27000001072883606,0.2800000011920929,0.26499998569488525,0.27000001072883606,0.27000001072883606,3394000
2024-10-21,0.26499998569488525,0.2849999964237213,0.25999999046325684,0.27000001072883606,0.27000001072883606,2358000
2024-10-22,0.26499998569488525,0.2800000011920929,0.2549999952316284,0.26499998569488525,0.26499998569488525,2240000
2024-10-23,0.25999999046325684,0.26499998569488525,0.2549999952316284,0.2549999952316284,0.2549999952316284,1294000
2024-10-24,0.25,0.2549999952316284,0.23000000417232513,0.24300000071525574,0.24300000071525574,4362000
2024-10-25,0.24799999594688416,0.24799999594688416,0.24400000274181366,0.24500000476837158,0.24500000476837158,700000
2024-10-28,0.24500000476837158,0.2549999952316284,0.24500000476837158,0.25,0.25,910000
2024-10-29,0.2549999952316284,0.28999999165534973,0.2549999952316284,0.27000001072883606,0.27000001072883606,3394000
2024-10-30,0.27000001072883606,0.2800000011920929,0.27000001072883606,0.27000001072883606,0.27000001072883606,268000
2024-10-31,0.27000001072883606,0.28999999165534973,0.27000001072883606,0.27000001072883606,0.27000001072883606,1534000
2024-11-01,0.26499998569488525,0.27000001072883606,0.25999999046325684,0.27000001072883606,0.27000001072883606,742000
