Date,Open,High,Low,Close,Adj Close,Volume
2011-12-15,26.0,26.600000381469727,25.649999618530273,25.649999618530273,16.90778923034668,64515300
2011-12-16,25.799999237060547,26.600000381469727,25.649999618530273,26.5,17.468090057373047,16322700
2011-12-19,26.200000762939453,26.200000762939453,25.049999237060547,25.149999618530273,16.578201293945312,4621115
2011-12-20,25.25,25.399999618530273,23.75,23.75,15.65536117553711,6697100
2011-12-21,24.149999618530273,24.350000381469727,22.950000762939453,23.799999237060547,15.688316345214844,6591700
2011-12-22,23.75,24.649999618530273,23.700000762939453,24.149999618530273,15.91903018951416,2936500
2011-12-23,24.350000381469727,24.850000381469727,24.200000762939453,24.549999237060547,16.18269920349121,3097800
2011-12-28,24.399999618530273,24.950000762939453,24.350000381469727,24.700000762939453,16.28157615661621,464400
2011-12-29,24.5,25.950000762939453,24.450000762939453,25.549999237060547,16.84187126159668,2916700
2011-12-30,25.700000762939453,26.100000381469727,25.299999237060547,25.700000762939453,16.940746307373047,2571700
2012-01-03,25.950000762939453,26.049999237060547,25.649999618530273,25.950000762939453,17.10554313659668,1751100
2012-01-04,25.950000762939453,26.0,25.549999237060547,25.549999237060547,16.84187126159668,432000
2012-01-05,25.100000381469727,25.450000762939453,24.549999237060547,25.0,16.479328155517578,124400
2012-01-06,24.5,24.700000762939453,23.450000762939453,23.950000762939453,15.787199020385742,2087400
2012-01-09,23.950000762939453,24.799999237060547,23.350000381469727,24.799999237060547,16.347490310668945,649913
2012-01-10,24.649999618530273,26.0,24.549999237060547,26.0,17.138498306274414,2376000
2012-01-11,25.899999618530273,26.0,25.100000381469727,25.899999618530273,17.07258415222168,366400
2012-01-12,25.549999237060547,25.950000762939453,25.549999237060547,25.850000381469727,17.039623260498047,349000
2012-01-13,25.75,25.75,24.950000762939453,25.100000381469727,16.545246124267578,1057600
2012-01-16,24.899999618530273,25.450000762939453,24.850000381469727,25.149999618530273,16.578201293945312,2730400
2012-01-17,25.0,26.0,24.799999237060547,25.75,16.97370719909668,2497600
2012-01-18,26.149999618530273,28.350000381469727,26.149999618530273,27.799999237060547,18.325010299682617,15674700
2012-01-19,28.5,29.799999237060547,28.350000381469727,28.899999618530273,19.050098419189453,17016500
2012-01-20,29.25,29.25,28.25,28.5,18.78643226623535,3903124
2012-01-26,28.799999237060547,29.549999237060547,28.350000381469727,29.25,19.280813217163086,4441200
2012-01-27,29.0,29.600000381469727,28.149999618530273,29.0,19.116018295288086,2871261
2012-01-30,29.0,29.0,27.75,28.0,18.456844329833984,4229200
2012-01-31,27.899999618530273,29.049999237060547,27.850000381469727,28.549999237060547,18.81939125061035,6317200
2012-02-01,28.549999237060547,29.799999237060547,28.5,28.950000762939453,19.08306121826172,7605700
2012-02-02,29.100000381469727,31.75,29.100000381469727,31.5,20.76395034790039,9467300
2012-02-03,31.0,32.099998474121094,30.850000381469727,31.450000762939453,20.730993270874023,4128100
2012-02-06,31.799999237060547,32.20000076293945,31.0,31.850000381469727,20.99466323852539,5733300
2012-02-07,32.099998474121094,32.099998474121094,30.5,30.899999618530273,20.36844825744629,3634600
2012-02-08,30.950000762939453,33.0,30.649999618530273,32.650001525878906,21.522003173828125,6239600
2012-02-09,32.5,32.95000076293945,31.649999618530273,32.54999923706055,21.456083297729492,2660200
2012-02-10,32.54999923706055,32.54999923706055,31.649999618530273,32.400001525878906,21.357206344604492,4224400
2012-02-13,32.5,33.900001525878906,32.400001525878906,33.0,21.752714157104492,4329000
2012-02-14,33.79999923706055,33.79999923706055,32.75,33.20000076293945,21.88454818725586,2465800
2012-02-15,33.25,36.400001525878906,33.20000076293945,35.5,23.40064239501953,5665450
2012-02-16,35.5,36.400001525878906,34.650001525878906,35.400001525878906,23.334726333618164,5514400
2012-02-17,35.5,35.849998474121094,34.29999923706055,35.0,23.07105827331543,8309798
2012-02-20,35.650001525878906,36.04999923706055,34.900001525878906,35.400001525878906,23.334726333618164,3379200
2012-02-21,35.79999923706055,35.849998474121094,34.900001525878906,35.0,23.07105827331543,2130285
2012-02-22,34.79999923706055,36.29999923706055,34.599998474121094,35.75,23.56543731689453,2608300
2012-02-23,35.25,36.0,35.0,35.400001525878906,23.334726333618164,500600
2012-02-24,35.45000076293945,35.95000076293945,33.79999923706055,35.79999923706055,23.598398208618164,3990500
2012-02-27,36.20000076293945,36.20000076293945,34.650001525878906,34.95000076293945,23.038101196289062,2015600
2012-02-28,35.0,35.29999923706055,33.599998474121094,34.599998474121094,22.807384490966797,2830500
2012-02-29,34.599998474121094,34.79999923706055,34.0,34.20000076293945,22.54372215270996,1193503
2012-03-01,34.099998474121094,34.400001525878906,33.04999923706055,33.29999923706055,21.950462341308594,1847900
2012-03-02,33.5,34.900001525878906,33.5,34.599998474121094,22.807384490966797,1567200
2012-03-05,34.650001525878906,34.900001525878906,33.79999923706055,33.79999923706055,22.28005027770996,2138500
2012-03-06,33.5,33.5,31.399999618530273,31.850000381469727,20.99466323852539,2722200
2012-03-07,31.149999618530273,32.45000076293945,30.600000381469727,31.350000381469727,20.665077209472656,1476471
2012-03-08,31.549999237060547,32.650001525878906,30.850000381469727,32.650001525878906,21.522003173828125,1694200
2012-03-09,32.599998474121094,33.29999923706055,32.400001525878906,32.95000076293945,21.71975326538086,1401900
2012-03-12,33.25,33.25,32.0,32.45000076293945,21.390167236328125,440950
2012-03-13,32.25,32.29999923706055,31.700000762939453,31.899999618530273,21.027624130249023,705700
2012-03-14,32.45000076293945,33.45000076293945,32.349998474121094,32.650001525878906,21.522003173828125,1931900
2012-03-15,33.04999923706055,33.29999923706055,32.0,33.0,21.752714157104492,2366700
2012-03-16,33.5,33.900001525878906,32.900001525878906,33.0,21.752714157104492,1624900
2012-03-20,32.95000076293945,33.349998474121094,32.54999923706055,32.70000076293945,21.554962158203125,1274100
2012-03-21,33.0,33.04999923706055,31.799999237060547,33.0,21.752714157104492,298700
2012-03-22,32.04999923706055,33.0,32.04999923706055,32.75,21.587921142578125,244600
2012-03-23,32.25,32.25,31.450000762939453,31.649999618530273,20.862829208374023,555400
2012-03-26,31.399999618530273,32.25,31.0,32.150001525878906,21.192413330078125,372700
2012-03-27,32.349998474121094,33.0,32.0,32.70000076293945,21.554962158203125,536650
2012-03-28,32.900001525878906,33.0,31.649999618530273,32.099998474121094,21.159456253051758,322100
2012-03-29,31.450000762939453,32.0,28.350000381469727,30.25,19.939985275268555,4771400
2012-03-30,30.0,32.0,29.299999237060547,31.5,20.76395034790039,2570900
2012-04-02,31.399999618530273,31.450000762939453,30.5,30.799999237060547,20.30253028869629,655100
2012-04-03,31.299999237060547,31.5,30.200000762939453,31.0,20.43436622619629,1306100
2012-04-05,30.600000381469727,32.54999923706055,30.600000381469727,32.45000076293945,21.390167236328125,939800
2012-04-10,32.400001525878906,32.5,31.5,32.0,21.093538284301758,1175269
2012-04-11,31.299999237060547,32.099998474121094,31.299999237060547,32.0,21.093538284301758,921400
2012-04-12,31.600000381469727,32.0,31.399999618530273,31.950000762939453,21.06058120727539,1098600
2012-04-13,32.0,33.0,31.600000381469727,32.45000076293945,21.390167236328125,1881200
2012-04-16,31.700000762939453,32.0,31.350000381469727,31.450000762939453,20.730993270874023,987400
2012-04-17,31.549999237060547,32.04999923706055,31.200000762939453,31.5,20.76395034790039,922100
2012-04-18,31.899999618530273,33.099998474121094,31.75,32.45000076293945,21.390167236328125,2660400
2012-04-19,32.400001525878906,34.70000076293945,32.400001525878906,34.25,22.57668113708496,6148600
2012-04-20,34.25,34.79999923706055,34.20000076293945,34.5,22.74146842956543,2974000
2012-04-23,34.5,34.75,33.75,34.25,22.57668113708496,1069000
2012-04-24,34.400001525878906,35.20000076293945,33.599998474121094,34.29999923706055,22.609638214111328,2917300
2012-04-25,34.650001525878906,34.79999923706055,34.20000076293945,34.650001525878906,22.840347290039062,2505466
2012-04-26,34.849998474121094,35.5,34.54999923706055,35.20000076293945,23.202890396118164,2744400
2012-04-27,34.70000076293945,34.95000076293945,33.95000076293945,34.099998474121094,22.477800369262695,2514400
2012-04-30,34.29999923706055,35.150001525878906,34.099998474121094,35.0,23.07105827331543,947900
2012-05-02,35.150001525878906,36.95000076293945,35.099998474121094,36.599998474121094,24.125734329223633,2820267
2012-05-03,36.599998474121094,37.20000076293945,35.79999923706055,36.79999923706055,24.257568359375,1632050
2012-05-04,36.79999923706055,37.400001525878906,36.25,36.5,24.059816360473633,1986012
2012-05-07,35.599998474121094,36.150001525878906,34.25,34.900001525878906,23.005144119262695,2081556
2012-05-08,35.400001525878906,36.0,35.0,35.45000076293945,23.36768341064453,2075500
2012-05-09,34.95000076293945,35.29999923706055,34.0,34.400001525878906,22.675554275512695,3407800
2012-05-10,34.45000076293945,34.900001525878906,33.20000076293945,34.54999923706055,22.774425506591797,2289900
2012-05-11,34.5,35.349998474121094,33.29999923706055,33.599998474121094,22.14821434020996,4052900
2012-05-14,33.54999923706055,34.0,32.599998474121094,32.75,21.587921142578125,1744300
2012-05-15,32.5,33.54999923706055,31.350000381469727,32.900001525878906,21.68679428100586,5169466
2012-05-16,31.799999237060547,31.799999237060547,29.850000381469727,30.200000762939453,19.907026290893555,10180000
2012-05-17,30.299999237060547,31.200000762939453,29.649999618530273,30.75,20.269569396972656,3398500
2012-05-18,30.0,30.450000762939453,29.399999618530273,29.950000762939453,19.742233276367188,2576300
2012-05-21,29.600000381469727,30.5,28.350000381469727,28.450000762939453,18.753477096557617,3669900
2012-05-22,29.0,29.100000381469727,28.049999237060547,28.350000381469727,18.687559127807617,3448300
2012-05-23,28.200000762939453,28.200000762939453,26.950000762939453,27.200000762939453,17.929506301879883,1959600
2012-05-24,27.5,27.950000762939453,27.049999237060547,27.399999618530273,18.061342239379883,2292800
2012-05-25,27.799999237060547,28.200000762939453,27.049999237060547,28.149999618530273,18.555721282958984,2150600
2012-05-28,28.0,29.5,27.700000762939453,29.25,19.280813217163086,2740400
2012-05-29,29.200000762939453,30.100000381469727,28.75,29.850000381469727,19.676315307617188,1703200
2012-05-30,29.799999237060547,29.899999618530273,28.899999618530273,29.049999237060547,19.148975372314453,1758535
2012-05-31,29.0,29.600000381469727,28.5,29.299999237060547,19.313770294189453,2964513
2012-06-01,28.899999618530273,29.899999618530273,28.899999618530273,29.649999618530273,19.544479370117188,11464200
2012-06-04,29.0,29.149999618530273,28.5,28.899999618530273,19.050098419189453,5090400
2012-06-05,29.200000762939453,29.950000762939453,29.100000381469727,29.350000381469727,19.34673309326172,874400
2012-06-06,29.549999237060547,29.950000762939453,29.350000381469727,29.899999618530273,19.70927619934082,753668
2012-06-07,30.700000762939453,30.899999618530273,29.950000762939453,30.0,19.775192260742188,1603055
2012-06-08,30.600000381469727,30.799999237060547,30.100000381469727,30.549999237060547,20.137737274169922,2305600
2012-06-11,31.5,31.950000762939453,30.700000762939453,31.850000381469727,20.99466323852539,2303876
2012-06-12,31.600000381469727,31.950000762939453,31.299999237060547,31.75,20.928743362426758,807660
2012-06-13,31.75,32.599998474121094,30.950000762939453,32.5,21.42312240600586,3478500
2012-06-14,32.5,32.900001525878906,31.700000762939453,32.0,21.093538284301758,1816100
2012-06-15,32.0,32.45000076293945,31.049999237060547,31.850000381469727,20.99466323852539,2460300
2012-06-18,32.150001525878906,32.25,30.200000762939453,30.600000381469727,20.170696258544922,2894800
2012-06-19,30.600000381469727,30.899999618530273,29.950000762939453,30.75,20.269569396972656,2225200
2012-06-20,31.049999237060547,31.100000381469727,30.350000381469727,30.549999237060547,20.137737274169922,1669900
2012-06-21,30.700000762939453,30.700000762939453,28.700000762939453,29.0,19.116018295288086,1752472
2012-06-22,28.350000381469727,29.450000762939453,28.350000381469727,28.950000762939453,19.08306121826172,949500
2012-06-25,28.649999618530273,29.700000762939453,28.600000381469727,28.649999618530273,18.88530731201172,1047928
2012-06-26,28.649999618530273,29.100000381469727,28.200000762939453,29.0,19.116018295288086,1081100
2012-06-27,28.899999618530273,29.149999618530273,28.549999237060547,29.049999237060547,19.222312927246094,1391100
2012-06-28,29.350000381469727,29.350000381469727,28.399999618530273,28.450000762939453,18.82529640197754,783900
2012-06-29,28.649999618530273,30.0,28.450000762939453,29.549999237060547,19.553163528442383,2127372
2012-07-03,29.700000762939453,30.399999618530273,29.100000381469727,30.350000381469727,20.082517623901367,973183
2012-07-04,30.350000381469727,30.350000381469727,29.549999237060547,29.75,19.685503005981445,550200
2012-07-05,29.700000762939453,30.0,29.200000762939453,30.0,19.850927352905273,1915976
2012-07-06,29.899999618530273,31.350000381469727,29.899999618530273,31.149999618530273,20.61187744140625,2946400
2012-07-09,30.700000762939453,30.700000762939453,29.5,30.049999237060547,19.88401222229004,2342100
2012-07-10,29.950000762939453,30.200000762939453,29.350000381469727,29.799999237060547,19.718585968017578,2064700
2012-07-11,29.350000381469727,30.0,29.149999618530273,29.700000762939453,19.652416229248047,900400
2012-07-12,29.399999618530273,29.75,29.049999237060547,29.149999618530273,19.288482666015625,780100
2012-07-13,29.25,29.399999618530273,28.700000762939453,29.200000762939453,19.321569442749023,1064856
2012-07-16,29.25,29.649999618530273,29.100000381469727,29.399999618530273,19.453908920288086,1123600
2012-07-17,29.549999237060547,29.600000381469727,27.600000381469727,27.700000762939453,18.329021453857422,3544200
2012-07-18,27.950000762939453,28.149999618530273,26.600000381469727,26.700000762939453,17.66732406616211,3912200
2012-07-19,27.0,27.950000762939453,26.5,27.049999237060547,17.898916244506836,6285057
2012-07-20,27.100000381469727,27.350000381469727,26.450000762939453,27.100000381469727,17.932003021240234,1179600
2012-07-23,26.5,26.5,25.049999237060547,25.100000381469727,16.608610153198242,3029100
2012-07-24,25.100000381469727,25.399999618530273,24.399999618530273,24.649999618530273,16.310842514038086,1713300
2012-07-25,24.5,25.0,23.950000762939453,23.950000762939453,15.847657203674316,2836700
2012-07-26,24.100000381469727,24.399999618530273,23.600000381469727,23.950000762939453,15.847657203674316,1401200
2012-07-27,24.5,25.100000381469727,24.399999618530273,25.0,16.54244041442871,4104872
2012-07-30,25.149999618530273,25.299999237060547,23.700000762939453,24.100000381469727,15.94690990447998,3161454
2012-07-31,24.149999618530273,25.0,24.100000381469727,24.350000381469727,16.112333297729492,2306400
2012-08-01,24.399999618530273,24.899999618530273,24.049999237060547,24.600000381469727,16.277759552001953,2618400
2012-08-02,24.600000381469727,24.899999618530273,24.200000762939453,24.299999237060547,16.079252243041992,1622700
2012-08-03,24.049999237060547,24.600000381469727,24.0,24.350000381469727,16.112333297729492,2289600
2012-08-06,24.799999237060547,24.850000381469727,24.5,24.5,16.211593627929688,3309100
2012-08-07,24.5,25.149999618530273,24.5,24.75,16.37701416015625,2646200
2012-08-08,24.700000762939453,24.799999237060547,24.25,24.549999237060547,16.506641387939453,2933036
2012-08-09,24.700000762939453,25.350000381469727,24.399999618530273,25.25,16.9773006439209,3744900
2012-08-10,25.200000762939453,25.5,24.899999618530273,25.149999618530273,16.910062789916992,2479700
2012-08-13,25.100000381469727,25.149999618530273,24.25,24.399999618530273,16.405786514282227,1863800
2012-08-14,24.5,24.649999618530273,23.950000762939453,24.299999237060547,16.338550567626953,1846100
2012-08-15,24.149999618530273,24.200000762939453,23.850000381469727,24.0,16.1368408203125,1557976
2012-08-16,24.149999618530273,24.200000762939453,23.700000762939453,23.850000381469727,16.035985946655273,956700
2012-08-17,23.850000381469727,24.049999237060547,23.450000762939453,23.950000762939453,16.10322380065918,1527500
2012-08-20,23.799999237060547,24.200000762939453,23.399999618530273,23.950000762939453,16.10322380065918,1073700
2012-08-21,23.950000762939453,24.399999618530273,23.899999618530273,24.399999618530273,16.405786514282227,1152502
2012-08-22,24.0,24.25,23.799999237060547,23.950000762939453,16.10322380065918,640600
2012-08-23,24.25,24.350000381469727,24.049999237060547,24.149999618530273,16.237695693969727,495200
2012-08-24,24.299999237060547,24.299999237060547,23.799999237060547,23.850000381469727,16.035985946655273,653800
2012-08-27,24.149999618530273,24.149999618530273,22.600000381469727,22.899999618530273,15.397233009338379,2208200
2012-08-28,23.200000762939453,23.350000381469727,22.799999237060547,23.100000381469727,15.531708717346191,1213700
2012-08-29,23.200000762939453,23.200000762939453,22.600000381469727,22.75,15.296379089355469,1015708
2012-08-30,22.899999618530273,23.299999237060547,22.399999618530273,22.600000381469727,15.195526123046875,3857800
2012-08-31,22.899999618530273,23.299999237060547,22.75,23.25,15.632564544677734,1797038
2012-09-03,23.149999618530273,23.200000762939453,22.5,22.850000381469727,15.363617897033691,1988100
2012-09-04,22.649999618530273,23.100000381469727,22.25,22.25,14.960195541381836,1076400
2012-09-05,22.100000381469727,22.25,21.549999237060547,21.649999618530273,14.556774139404297,1321300
2012-09-06,21.649999618530273,21.950000762939453,21.25,21.549999237060547,14.48953914642334,1572900
2012-09-07,21.899999618530273,22.549999237060547,21.649999618530273,22.299999237060547,14.993815422058105,5127604
2012-09-10,22.350000381469727,22.549999237060547,21.700000762939453,21.799999237060547,14.657629013061523,1787376
2012-09-11,21.899999618530273,21.950000762939453,21.350000381469727,21.549999237060547,14.48953914642334,1606300
2012-09-12,21.700000762939453,22.299999237060547,21.700000762939453,22.200000762939453,14.926578521728516,2447500
2012-09-13,22.200000762939453,22.600000381469727,22.200000762939453,22.299999237060547,14.993815422058105,1996308
2012-09-14,22.799999237060547,23.25,22.799999237060547,22.950000762939453,15.430852890014648,6914100
2012-09-17,23.149999618530273,23.350000381469727,21.950000762939453,22.100000381469727,14.859338760375977,3805600
2012-09-18,22.200000762939453,22.450000762939453,22.0,22.049999237060547,14.825721740722656,1613500
2012-09-19,22.200000762939453,23.0,22.200000762939453,22.799999237060547,15.329996109008789,2164600
2012-09-20,22.850000381469727,22.850000381469727,21.799999237060547,21.950000762939453,14.758482933044434,3806200
2012-09-21,22.0,22.5,21.950000762939453,22.5,15.128284454345703,1895200
2012-09-24,22.200000762939453,22.850000381469727,22.100000381469727,22.850000381469727,15.363617897033691,1361900
2012-09-25,22.850000381469727,23.100000381469727,22.549999237060547,23.0,15.464469909667969,3047428
2012-09-26,22.75,23.0,22.450000762939453,22.950000762939453,15.430852890014648,1993356
2012-09-27,23.0,24.549999237060547,22.649999618530273,24.350000381469727,16.372167587280273,5661824
2012-09-28,24.450000762939453,25.049999237060547,24.200000762939453,24.850000381469727,16.708354949951172,7088900
2012-10-03,24.850000381469727,25.049999237060547,24.600000381469727,24.75,16.641115188598633,1739500
2012-10-04,24.850000381469727,24.850000381469727,24.299999237060547,24.450000762939453,16.43940544128418,1748424
2012-10-05,24.549999237060547,25.700000762939453,24.549999237060547,25.450000762939453,17.111772537231445,6892600
2012-10-08,25.700000762939453,25.799999237060547,24.700000762939453,24.799999237060547,16.67473602294922,2339300
2012-10-09,25.25,25.600000381469727,24.75,24.950000762939453,16.775590896606445,1858175
2012-10-10,24.899999618530273,25.200000762939453,24.600000381469727,25.149999618530273,16.910062789916992,2343300
2012-10-11,25.100000381469727,25.200000762939453,24.700000762939453,24.850000381469727,16.708354949951172,2563887
2012-10-12,25.0,25.600000381469727,24.950000762939453,25.5,17.14539337158203,2271600
2012-10-15,25.5,26.0,25.299999237060547,25.549999237060547,17.17900848388672,1710100
2012-10-16,25.850000381469727,26.0,25.299999237060547,25.899999618530273,17.41434097290039,1476900
2012-10-17,26.149999618530273,26.5,25.899999618530273,26.299999237060547,17.683286666870117,5687600
2012-10-18,26.399999618530273,26.399999618530273,25.0,25.649999618530273,17.24625015258789,5084600
2012-10-19,25.950000762939453,25.950000762939453,25.049999237060547,25.149999618530273,16.910062789916992,3004800
2012-10-22,25.100000381469727,25.850000381469727,24.899999618530273,25.649999618530273,17.24625015258789,2508300
2012-10-24,25.450000762939453,26.0,25.450000762939453,25.799999237060547,17.347103118896484,2516300
2012-10-25,26.0,26.0,25.25,25.450000762939453,17.111772537231445,1908900
2012-10-26,25.299999237060547,25.450000762939453,24.5,24.75,16.641115188598633,2065800
2012-10-29,24.899999618530273,24.950000762939453,23.899999618530273,24.200000762939453,16.271312713623047,2149700
2012-10-30,24.200000762939453,25.200000762939453,24.049999237060547,24.850000381469727,16.708354949951172,2912500
2012-10-31,25.25,25.75,25.200000762939453,25.700000762939453,17.27986717224121,1495000
2012-11-01,25.5,26.0,25.200000762939453,25.950000762939453,17.44795799255371,1559200
2012-11-02,26.200000762939453,27.0,26.149999618530273,26.899999618530273,18.086708068847656,4812200
2012-11-05,26.799999237060547,27.049999237060547,26.450000762939453,26.799999237060547,18.01947021484375,1490600
2012-11-06,26.5,26.850000381469727,26.049999237060547,26.299999237060547,17.683286666870117,903330
2012-11-07,26.600000381469727,26.600000381469727,26.0,26.200000762939453,17.61604881286621,1675972
2012-11-08,25.850000381469727,26.049999237060547,25.399999618530273,25.450000762939453,17.111772537231445,1327500
2012-11-09,25.399999618530273,25.75,25.200000762939453,25.700000762939453,17.27986717224121,2149400
2012-11-12,25.75,25.75,25.200000762939453,25.299999237060547,17.01091766357422,1022300
2012-11-13,25.350000381469727,25.5,24.350000381469727,24.649999618530273,16.573877334594727,2206900
2012-11-14,24.75,25.149999618530273,24.399999618530273,25.0,16.809206008911133,2042500
2012-11-15,24.399999618530273,24.850000381469727,22.850000381469727,23.850000381469727,16.035985946655273,8021824
2012-11-16,24.0,24.0,23.399999618530273,23.649999618530273,15.901510238647461,2374700
2012-11-19,23.649999618530273,23.950000762939453,23.25,23.549999237060547,15.834273338317871,1123200
2012-11-20,23.899999618530273,23.899999618530273,22.799999237060547,22.850000381469727,15.363617897033691,1783400
2012-11-21,23.100000381469727,23.350000381469727,22.899999618530273,23.299999237060547,15.666180610656738,1437200
2012-11-22,23.399999618530273,24.100000381469727,23.299999237060547,23.75,15.968745231628418,2322700
2012-11-23,24.0,24.299999237060547,23.799999237060547,24.200000762939453,16.271312713623047,1608600
2012-11-26,24.350000381469727,24.5,23.850000381469727,24.149999618530273,16.237695693969727,1456800
2012-11-27,24.399999618530273,24.399999618530273,23.799999237060547,23.799999237060547,16.002363204956055,2058400
2012-11-28,23.5,23.850000381469727,23.200000762939453,23.299999237060547,15.666180610656738,2097200
2012-11-29,23.5,24.100000381469727,23.399999618530273,23.5,15.80065631866455,2303624
2012-11-30,23.899999618530273,24.100000381469727,23.700000762939453,24.100000381469727,16.204076766967773,4196200
2012-12-03,24.200000762939453,24.299999237060547,23.600000381469727,23.75,15.968745231628418,1795200
2012-12-04,23.75,24.149999618530273,23.450000762939453,24.049999237060547,16.17045783996582,1910900
2012-12-05,23.600000381469727,26.149999618530273,23.600000381469727,26.049999237060547,17.51519203186035,6446300
2012-12-06,26.0,26.100000381469727,25.549999237060547,25.75,17.31348419189453,2168100
2012-12-07,26.200000762939453,27.100000381469727,25.799999237060547,26.5,17.81776237487793,4368500
2012-12-10,26.850000381469727,27.350000381469727,26.0,26.149999618530273,17.582435607910156,2501000
2012-12-11,26.049999237060547,26.450000762939453,26.0,26.200000762939453,17.61604881286621,2075722
2012-12-12,26.200000762939453,27.700000762939453,26.200000762939453,27.299999237060547,18.35565185546875,4175800
2012-12-13,27.100000381469727,27.600000381469727,26.950000762939453,27.399999618530273,18.422893524169922,2536800
2012-12-14,27.200000762939453,29.799999237060547,27.200000762939453,29.100000381469727,19.565919876098633,8542500
2012-12-17,28.700000762939453,29.149999618530273,28.100000381469727,28.600000381469727,19.229734420776367,3373338
2012-12-18,28.549999237060547,29.299999237060547,28.200000762939453,28.299999237060547,19.028024673461914,2830700
2012-12-19,28.5,28.549999237060547,27.75,28.549999237060547,19.19611358642578,1200900
2012-12-20,28.049999237060547,28.75,27.799999237060547,28.549999237060547,19.19611358642578,1145300
2012-12-21,28.350000381469727,28.649999618530273,28.0,28.149999618530273,18.927165985107422,930500
2012-12-24,28.0,28.600000381469727,27.799999237060547,28.149999618530273,18.927165985107422,43812334
2012-12-27,28.399999618530273,29.100000381469727,28.149999618530273,28.649999618530273,19.26335334777832,19074533
2012-12-28,29.25,29.25,28.600000381469727,28.700000762939453,19.296974182128906,1111600
2012-12-31,28.649999618530273,29.5,28.649999618530273,29.450000762939453,19.801246643066406,1082887
2013-01-02,29.799999237060547,33.29999923706055,29.799999237060547,33.150001525878906,22.289011001586914,6569600
2013-01-03,33.75,33.900001525878906,31.75,32.29999923706055,21.717493057250977,5847321
2013-01-04,32.599998474121094,32.599998474121094,31.049999237060547,32.54999923706055,21.885589599609375,5585106
2013-01-07,32.25,33.400001525878906,31.549999237060547,33.20000076293945,22.322628021240234,2595400
2013-01-08,32.75,32.75,31.399999618530273,31.75,21.347694396972656,5818800
2013-01-09,31.899999618530273,32.20000076293945,31.350000381469727,31.75,21.347694396972656,3857897
2013-01-10,31.850000381469727,32.54999923706055,31.350000381469727,31.899999618530273,21.448549270629883,5226825
2013-01-11,31.899999618530273,32.349998474121094,31.350000381469727,31.450000762939453,21.145984649658203,1875624
2013-01-14,31.799999237060547,32.54999923706055,31.549999237060547,32.150001525878906,21.616641998291016,3938700
2013-01-15,31.649999618530273,32.5,31.5,31.799999237060547,21.381311416625977,1616200
2013-01-16,32.0,32.099998474121094,30.799999237060547,31.299999237060547,21.045127868652344,2130400
2013-01-17,31.649999618530273,31.75,30.799999237060547,31.399999618530273,21.11236572265625,1288700
2013-01-18,31.799999237060547,32.599998474121094,31.450000762939453,32.45000076293945,21.81835174560547,3279920
2013-01-21,32.5,32.5,31.75,32.25,21.683879852294922,1132000
2013-01-22,32.400001525878906,32.54999923706055,31.799999237060547,31.899999618530273,21.448549270629883,1129644
2013-01-23,32.20000076293945,32.20000076293945,31.200000762939453,31.450000762939453,21.145984649658203,1776945
2013-01-24,31.100000381469727,32.0,30.350000381469727,30.5,20.507232666015625,3221900
2013-01-25,30.799999237060547,30.850000381469727,29.100000381469727,29.549999237060547,19.86848258972168,2227700
2013-01-28,29.600000381469727,30.399999618530273,29.299999237060547,30.149999618530273,20.27190399169922,2712145
2013-01-29,30.200000762939453,30.350000381469727,29.600000381469727,29.850000381469727,20.070194244384766,1639500
2013-01-30,29.899999618530273,30.75,29.899999618530273,30.350000381469727,20.406381607055664,3447300
2013-01-31,30.600000381469727,30.600000381469727,29.700000762939453,30.350000381469727,20.406381607055664,1657000
2013-02-01,30.450000762939453,31.950000762939453,29.799999237060547,31.350000381469727,21.078746795654297,7765986
2013-02-04,31.649999618530273,31.950000762939453,30.350000381469727,30.350000381469727,20.406381607055664,3456310
2013-02-05,29.950000762939453,30.0,29.299999237060547,29.399999618530273,19.767629623413086,2721400
2013-02-06,29.850000381469727,30.0,29.600000381469727,29.850000381469727,20.070194244384766,4752995
2013-02-07,29.299999237060547,30.200000762939453,29.0,29.149999618530273,19.599536895751953,2074700
2013-02-08,29.0,29.649999618530273,28.899999618530273,29.450000762939453,19.801246643066406,3323700
2013-02-14,30.149999618530273,31.100000381469727,30.149999618530273,30.799999237060547,20.70894432067871,7670800
2013-02-15,30.299999237060547,32.54999923706055,30.25,31.850000381469727,21.414932250976562,5273300
2013-02-18,32.29999923706055,32.45000076293945,31.200000762939453,31.200000762939453,20.977893829345703,3073100
2013-02-19,31.100000381469727,31.399999618530273,30.299999237060547,30.549999237060547,20.54085350036621,2831600
2013-02-20,30.149999618530273,30.799999237060547,29.75,30.75,20.675323486328125,5903500
2013-02-21,30.0,30.5,29.649999618530273,30.299999237060547,20.372760772705078,3474300
2013-02-22,29.899999618530273,30.950000762939453,29.899999618530273,30.100000381469727,20.2382869720459,2855400
2013-02-25,30.25,30.899999618530273,29.799999237060547,30.25,20.339141845703125,3953956
2013-02-26,29.899999618530273,30.350000381469727,28.899999618530273,29.549999237060547,19.86848258972168,4011000
2013-02-27,29.799999237060547,30.299999237060547,29.600000381469727,30.25,20.339141845703125,5476400
2013-02-28,30.600000381469727,31.75,30.350000381469727,31.450000762939453,21.145984649658203,36239495
2013-03-01,31.100000381469727,31.600000381469727,30.649999618530273,30.75,20.675323486328125,11251581
2013-03-04,30.549999237060547,31.399999618530273,29.549999237060547,29.649999618530273,19.935718536376953,4300600
2013-03-05,30.200000762939453,30.200000762939453,29.450000762939453,29.799999237060547,20.036571502685547,3750955
2013-03-06,30.200000762939453,30.299999237060547,29.799999237060547,29.850000381469727,20.070194244384766,3402826
2013-03-07,29.5,29.950000762939453,29.350000381469727,29.549999237060547,19.86848258972168,1828900
2013-03-08,29.649999618530273,30.149999618530273,29.600000381469727,29.850000381469727,20.070194244384766,2600300
2013-03-11,30.0,30.0,29.350000381469727,29.350000381469727,19.734010696411133,1003416
2013-03-12,29.700000762939453,29.75,28.899999618530273,29.0,19.49867820739746,2775380
2013-03-13,29.299999237060547,29.299999237060547,27.149999618530273,27.399999618530273,18.422893524169922,3433100
2013-03-14,27.049999237060547,28.149999618530273,26.450000762939453,27.899999618530273,18.759077072143555,4712782
2013-03-15,27.950000762939453,28.350000381469727,27.299999237060547,27.899999618530273,18.759077072143555,3181780
2013-03-18,27.399999618530273,27.450000762939453,26.75,26.950000762939453,18.12032699584961,1970629
2013-03-19,27.450000762939453,27.450000762939453,26.700000762939453,26.75,17.98585319519043,764800
2013-03-20,26.5,27.450000762939453,26.5,27.049999237060547,18.187562942504883,1277200
2013-03-21,27.100000381469727,27.350000381469727,26.549999237060547,26.799999237060547,18.01947021484375,1435400
2013-03-22,26.5,27.799999237060547,26.5,27.649999618530273,18.590984344482422,1764470
2013-03-25,28.149999618530273,28.149999618530273,27.200000762939453,27.700000762939453,18.624601364135742,1463000
2013-03-26,26.600000381469727,27.649999618530273,26.600000381469727,27.25,18.322036743164062,949400
2013-03-27,27.149999618530273,27.450000762939453,26.049999237060547,26.399999618530273,17.75052261352539,2505160
2013-03-28,26.0,26.899999618530273,25.799999237060547,26.450000762939453,17.78414535522461,2499300
2013-04-02,26.25,27.549999237060547,26.25,26.549999237060547,17.85137939453125,900671
2013-04-03,26.549999237060547,26.950000762939453,26.200000762939453,26.549999237060547,17.85137939453125,1268600
2013-04-05,26.5,26.649999618530273,25.5,25.649999618530273,17.24625015258789,1684700
2013-04-08,25.649999618530273,26.149999618530273,25.25,25.600000381469727,17.212627410888672,1126570
2013-04-09,25.799999237060547,27.200000762939453,25.799999237060547,26.549999237060547,17.85137939453125,1734212
2013-04-10,26.649999618530273,27.600000381469727,26.5,27.149999618530273,18.254798889160156,2386961
2013-04-11,27.299999237060547,27.75,26.649999618530273,26.799999237060547,18.01947021484375,1909100
2013-04-12,26.700000762939453,27.200000762939453,26.549999237060547,26.799999237060547,18.01947021484375,1138190
2013-04-15,26.700000762939453,26.700000762939453,26.0,26.399999618530273,17.75052261352539,1922226
2013-04-16,26.149999618530273,26.899999618530273,25.950000762939453,26.700000762939453,17.95223617553711,1481200
2013-04-17,26.5,26.75,26.049999237060547,26.350000381469727,17.716903686523438,1244166
2013-04-18,25.700000762939453,26.75,25.700000762939453,26.200000762939453,17.61604881286621,985400
2013-04-19,26.149999618530273,27.399999618530273,26.149999618530273,27.149999618530273,18.254798889160156,887120
2013-04-22,26.850000381469727,27.149999618530273,26.350000381469727,26.899999618530273,18.086708068847656,1205800
2013-04-23,27.0,27.049999237060547,26.149999618530273,26.649999618530273,17.918615341186523,1295400
2013-04-24,27.0,27.299999237060547,26.450000762939453,27.100000381469727,18.22118377685547,1544196
2013-04-25,27.399999618530273,28.200000762939453,26.899999618530273,27.899999618530273,18.759077072143555,2784883
2013-04-26,28.200000762939453,28.799999237060547,27.899999618530273,28.299999237060547,19.028024673461914,2392192
2013-04-29,28.299999237060547,28.700000762939453,27.399999618530273,27.850000381469727,18.7254581451416,937377
2013-04-30,28.700000762939453,28.899999618530273,28.0,28.850000381469727,19.3978271484375,1649189
2013-05-02,28.25,28.600000381469727,27.950000762939453,28.350000381469727,19.061641693115234,1103996
2013-05-03,28.600000381469727,29.5,28.200000762939453,28.5,19.162494659423828,660400
2013-05-06,29.200000762939453,29.350000381469727,28.399999618530273,28.5,19.162494659423828,1197509
2013-05-07,28.799999237060547,28.850000381469727,27.75,28.100000381469727,18.893550872802734,2937267
2013-05-08,28.5,29.0,28.350000381469727,29.0,19.49867820739746,2279765
2013-05-09,28.899999618530273,29.399999618530273,28.350000381469727,28.399999618530273,19.09526252746582,1283300
2013-05-10,28.600000381469727,29.049999237060547,28.450000762939453,28.950000762939453,19.46506118774414,1337400
2013-05-13,28.350000381469727,28.75,27.899999618530273,27.950000762939453,18.792692184448242,1270231
2013-05-14,28.200000762939453,28.25,27.399999618530273,27.549999237060547,18.523746490478516,1389200
2013-05-15,27.549999237060547,28.899999618530273,27.549999237060547,28.5,19.162494659423828,2635122
2013-05-16,28.5,29.0,28.100000381469727,29.0,19.49867820739746,1713428
2013-05-20,28.950000762939453,29.399999618530273,28.200000762939453,29.299999237060547,19.70039176940918,1743197
2013-05-21,29.350000381469727,29.350000381469727,28.600000381469727,29.149999618530273,19.599536895751953,599349
2013-05-22,29.299999237060547,29.450000762939453,28.350000381469727,28.649999618530273,19.26335334777832,991400
2013-05-23,28.600000381469727,28.649999618530273,27.549999237060547,27.75,18.658218383789062,1263542
2013-05-24,28.0,28.149999618530273,26.799999237060547,26.950000762939453,18.12032699584961,2304349
2013-05-27,26.649999618530273,27.600000381469727,26.649999618530273,27.049999237060547,18.187562942504883,1307314
2013-05-28,27.100000381469727,28.0,26.850000381469727,27.75,18.658218383789062,1824543
2013-05-29,28.0,28.200000762939453,27.450000762939453,27.700000762939453,18.624601364135742,2828579
2013-05-30,28.0,28.0,26.25,26.700000762939453,17.95223617553711,1939500
2013-05-31,26.799999237060547,26.850000381469727,26.149999618530273,26.700000762939453,17.95223617553711,1922632
2013-06-03,26.649999618530273,26.950000762939453,26.200000762939453,26.5,17.81776237487793,1794438
2013-06-04,26.549999237060547,26.549999237060547,25.799999237060547,26.100000381469727,17.54881477355957,1834000
2013-06-05,26.149999618530273,26.149999618530273,25.100000381469727,25.350000381469727,17.044540405273438,2727000
2013-06-06,25.100000381469727,25.649999618530273,25.100000381469727,25.549999237060547,17.17900848388672,1279700
2013-06-07,25.75,25.75,25.049999237060547,25.350000381469727,17.044540405273438,1014560
2013-06-10,25.350000381469727,25.5,24.649999618530273,25.0,16.809206008911133,730047
2013-06-11,24.299999237060547,24.950000762939453,24.200000762939453,24.450000762939453,16.43940544128418,1320026
2013-06-13,24.0,24.5,23.5,24.299999237060547,16.338550567626953,1954400
2013-06-14,24.600000381469727,24.899999618530273,23.649999618530273,24.100000381469727,16.204076766967773,1726254
2013-06-17,24.450000762939453,25.25,24.200000762939453,24.799999237060547,16.67473602294922,2604600
2013-06-18,24.350000381469727,24.799999237060547,24.25,24.649999618530273,16.573877334594727,1682593
2013-06-19,24.299999237060547,24.649999618530273,23.75,24.399999618530273,16.405786514282227,2548535
2013-06-20,23.850000381469727,24.0,23.5,23.75,15.968745231628418,2053700
2013-06-21,23.100000381469727,24.700000762939453,23.100000381469727,23.700000762939453,15.93513011932373,5975800
2013-06-24,23.25,23.899999618530273,22.899999618530273,23.299999237060547,15.666180610656738,2457221
2013-06-25,23.5,23.5,22.049999237060547,23.049999237060547,15.498089790344238,4584410
2013-06-26,23.299999237060547,23.899999618530273,23.299999237060547,23.5,15.80065631866455,2397200
2013-06-27,23.649999618530273,24.399999618530273,23.200000762939453,23.549999237060547,15.834273338317871,3223700
2013-06-28,23.600000381469727,24.399999618530273,23.549999237060547,23.899999618530273,16.06960105895996,3264600
2013-07-02,23.299999237060547,23.850000381469727,22.799999237060547,23.149999618530273,15.565326690673828,3278800
2013-07-03,22.75,23.25,22.450000762939453,22.600000381469727,15.195526123046875,3321848
2013-07-04,22.549999237060547,23.0,22.5,22.649999618530273,15.229140281677246,1173097
2013-07-05,22.950000762939453,23.200000762939453,22.950000762939453,23.049999237060547,15.498089790344238,1406793
2013-07-08,22.299999237060547,22.75,22.049999237060547,22.600000381469727,15.195526123046875,2470800
2013-07-09,22.549999237060547,22.75,21.850000381469727,22.149999618530273,14.89295768737793,1793421
2013-07-10,22.25,23.049999237060547,22.149999618530273,22.799999237060547,15.329996109008789,1652300
2013-07-11,23.299999237060547,24.299999237060547,23.149999618530273,24.049999237060547,16.17045783996582,4010700
2013-07-12,23.5,23.5,22.399999618530273,22.5,15.128284454345703,104960570
2013-07-15,22.299999237060547,22.75,22.100000381469727,22.200000762939453,14.926578521728516,5397633
2013-07-16,22.299999237060547,22.399999618530273,22.049999237060547,22.200000762939453,14.926578521728516,2867100
2013-07-17,22.100000381469727,22.200000762939453,21.399999618530273,21.549999237060547,14.48953914642334,4006119
2013-07-18,21.5,21.899999618530273,21.5,21.75,14.624011993408203,1674000
2013-07-19,21.600000381469727,21.850000381469727,21.299999237060547,21.700000762939453,14.59039306640625,3474800
2013-07-22,21.799999237060547,21.799999237060547,21.5,21.700000762939453,14.59039306640625,1456900
2013-07-23,21.5,22.450000762939453,21.5,22.299999237060547,14.993815422058105,4870600
2013-07-24,22.450000762939453,22.450000762939453,21.850000381469727,22.149999618530273,14.89295768737793,1598000
2013-07-25,22.399999618530273,22.399999618530273,21.899999618530273,22.0,14.792101860046387,4439702
2013-07-26,22.0,22.0,21.549999237060547,21.700000762939453,14.59039306640625,5776100
2013-07-29,21.399999618530273,21.549999237060547,20.899999618530273,21.049999237060547,14.153352737426758,3879500
2013-07-30,21.200000762939453,21.549999237060547,20.799999237060547,20.899999618530273,14.052494049072266,3192033
2013-07-31,21.049999237060547,21.399999618530273,20.75,20.850000381469727,14.018880844116211,3026900
2013-08-01,20.850000381469727,21.25,20.850000381469727,21.049999237060547,14.153352737426758,2787400
2013-08-02,21.25,21.399999618530273,20.799999237060547,20.899999618530273,14.052494049072266,1963300
2013-08-05,21.100000381469727,21.25,20.850000381469727,21.149999618530273,14.220588684082031,1789900
2013-08-06,20.899999618530273,21.100000381469727,20.5,20.5,13.783551216125488,5112500
2013-08-07,20.399999618530273,20.850000381469727,20.049999237060547,20.100000381469727,13.514602661132812,2276600
2013-08-08,20.200000762939453,20.75,20.149999618530273,20.5,13.783551216125488,2232560
2013-08-09,20.700000762939453,20.899999618530273,20.299999237060547,20.5,13.783551216125488,1490100
2013-08-12,20.5,21.450000762939453,20.200000762939453,21.399999618530273,14.38868236541748,4885000
2013-08-13,21.649999618530273,21.950000762939453,21.200000762939453,21.850000381469727,14.691247940063477,4301747
2013-08-14,21.850000381469727,21.850000381469727,21.850000381469727,21.850000381469727,14.691247940063477,0
2013-08-15,21.600000381469727,22.350000381469727,21.600000381469727,22.049999237060547,14.825721740722656,6946600
2013-08-16,21.899999618530273,22.75,21.600000381469727,22.25,14.960195541381836,3523648
2013-08-19,22.200000762939453,22.200000762939453,21.450000762939453,21.549999237060547,14.48953914642334,3282420
2013-08-20,21.600000381469727,21.799999237060547,21.0,21.149999618530273,14.220588684082031,2897200
2013-08-21,21.350000381469727,21.350000381469727,20.649999618530273,21.049999237060547,14.153352737426758,2126600
2013-08-22,20.75,21.5,20.5,21.450000762939453,14.422301292419434,2322620
2013-08-23,21.700000762939453,21.700000762939453,20.600000381469727,20.850000381469727,14.018880844116211,2603370
2013-08-26,21.100000381469727,21.649999618530273,20.950000762939453,21.399999618530273,14.38868236541748,2279500
2013-08-27,21.549999237060547,21.649999618530273,21.0,21.299999237060547,14.321443557739258,2307800
2013-08-28,20.600000381469727,20.850000381469727,20.299999237060547,20.549999237060547,13.817169189453125,3901300
2013-08-29,20.700000762939453,20.950000762939453,20.399999618530273,20.75,13.951643943786621,2174100
2013-08-30,20.450000762939453,21.350000381469727,20.450000762939453,21.149999618530273,14.220588684082031,7512300
2013-09-02,21.299999237060547,21.5,20.850000381469727,21.25,14.287829399108887,3364091
2013-09-03,21.200000762939453,21.75,21.200000762939453,21.549999237060547,14.48953914642334,2385250
2013-09-04,21.299999237060547,21.950000762939453,21.100000381469727,21.600000381469727,14.52315616607666,1557580
2013-09-05,22.0,22.049999237060547,21.75,21.899999618530273,14.724864959716797,2196699
2013-09-06,21.799999237060547,22.049999237060547,21.600000381469727,22.0,14.792101860046387,1460454
2013-09-09,22.299999237060547,22.850000381469727,22.25,22.799999237060547,15.329996109008789,7537200
2013-09-10,23.049999237060547,23.100000381469727,22.399999618530273,22.899999618530273,15.397233009338379,2741438
2013-09-11,23.0,23.450000762939453,22.850000381469727,23.0,15.464469909667969,3875293
2013-09-12,23.399999618530273,23.5,23.200000762939453,23.450000762939453,15.767035484313965,2832900
2013-09-13,23.399999618530273,23.5,22.950000762939453,23.299999237060547,15.666180610656738,3478100
2013-09-16,23.649999618530273,23.75,23.5,23.549999237060547,15.834273338317871,3298900
2013-09-17,23.549999237060547,23.700000762939453,22.75,22.950000762939453,15.430852890014648,2293480
2013-09-18,22.700000762939453,23.200000762939453,22.549999237060547,23.049999237060547,15.498089790344238,2291341
2013-09-19,23.799999237060547,23.799999237060547,23.450000762939453,23.700000762939453,15.93513011932373,3921741
2013-09-23,23.700000762939453,23.700000762939453,22.350000381469727,23.649999618530273,15.901510238647461,1079000
2013-09-24,23.799999237060547,23.799999237060547,22.700000762939453,22.799999237060547,15.329996109008789,2855100
2013-09-25,22.799999237060547,23.0,22.700000762939453,22.899999618530273,15.397233009338379,1826100
2013-09-26,22.899999618530273,22.899999618530273,22.549999237060547,22.600000381469727,15.195526123046875,1349100
2013-09-27,22.75,22.75,22.200000762939453,22.5,15.128284454345703,1068381
2013-09-30,22.350000381469727,22.399999618530273,22.049999237060547,22.25,14.960195541381836,1549000
2013-10-02,22.450000762939453,22.5,22.0,22.049999237060547,14.825721740722656,923078
2013-10-03,22.100000381469727,22.799999237060547,22.049999237060547,22.700000762939453,15.262763023376465,1188400
2013-10-04,22.549999237060547,23.100000381469727,22.450000762939453,22.950000762939453,15.430852890014648,749036
2013-10-07,22.950000762939453,22.950000762939453,22.100000381469727,22.5,15.128284454345703,2013500
2013-10-08,22.399999618530273,22.899999618530273,22.299999237060547,22.899999618530273,15.397233009338379,1209705
2013-10-09,22.850000381469727,22.850000381469727,22.200000762939453,22.450000762939453,15.0946683883667,2893424
2013-10-10,22.350000381469727,22.549999237060547,22.100000381469727,22.399999618530273,15.061051368713379,1075480
2013-10-11,22.600000381469727,22.850000381469727,22.5,22.5,15.128284454345703,1999200
2013-10-15,22.600000381469727,22.75,22.399999618530273,22.5,15.128284454345703,1330926
2013-10-16,22.700000762939453,22.700000762939453,22.350000381469727,22.450000762939453,15.0946683883667,1661900
2013-10-17,22.700000762939453,22.700000762939453,22.149999618530273,22.25,14.960195541381836,1195600
2013-10-18,22.25,22.5,22.25,22.450000762939453,15.0946683883667,914600
2013-10-21,22.5,22.700000762939453,22.299999237060547,22.5,15.128284454345703,780790
2013-10-22,22.600000381469727,22.700000762939453,22.399999618530273,22.649999618530273,15.229140281677246,820966
2013-10-23,22.649999618530273,22.649999618530273,21.600000381469727,21.600000381469727,14.52315616607666,2576337
2013-10-24,21.5,21.5,21.100000381469727,21.149999618530273,14.220588684082031,1594876
2013-10-25,21.149999618530273,21.200000762939453,20.75,20.799999237060547,13.985260963439941,2343500
2013-10-28,21.0,21.0,20.600000381469727,20.850000381469727,14.018880844116211,2086720
2013-10-29,20.850000381469727,21.5,20.850000381469727,21.149999618530273,14.220588684082031,1488900
2013-10-30,21.25,22.0,21.049999237060547,21.899999618530273,14.724864959716797,1531440
2013-10-31,22.200000762939453,22.600000381469727,21.649999618530273,21.850000381469727,14.691247940063477,4218800
2013-11-01,22.0,22.850000381469727,21.850000381469727,22.799999237060547,15.329996109008789,2873903
2013-11-04,22.5,23.200000762939453,22.5,22.600000381469727,15.195526123046875,1878400
2013-11-05,22.850000381469727,23.100000381469727,22.100000381469727,22.799999237060547,15.329996109008789,2361892
2013-11-06,23.0,23.0,21.850000381469727,22.100000381469727,14.859338760375977,4765700
2013-11-07,22.200000762939453,22.200000762939453,21.799999237060547,22.0,14.792101860046387,1621700
2013-11-08,21.950000762939453,22.0,21.700000762939453,21.899999618530273,14.724864959716797,892070
2013-11-11,21.850000381469727,22.899999618530273,21.399999618530273,22.75,15.296379089355469,2724000
2013-11-12,22.75,22.899999618530273,22.450000762939453,22.700000762939453,15.262763023376465,2133400
2013-11-13,22.399999618530273,22.600000381469727,22.200000762939453,22.299999237060547,14.993815422058105,2255841
2013-11-14,22.350000381469727,23.0,22.350000381469727,22.799999237060547,15.329996109008789,2456100
2013-11-15,22.899999618530273,27.299999237060547,22.899999618530273,24.700000762939453,16.607494354248047,10110200
2013-11-18,26.0,26.649999618530273,25.649999618530273,26.549999237060547,17.85137939453125,8281200
2013-11-19,27.0,27.450000762939453,26.549999237060547,26.899999618530273,18.086708068847656,10923300
2013-11-20,27.299999237060547,27.450000762939453,26.899999618530273,27.100000381469727,18.22118377685547,4232700
2013-11-21,26.0,27.100000381469727,25.899999618530273,26.799999237060547,18.01947021484375,325963224
2013-11-22,26.950000762939453,28.0,26.899999618530273,27.399999618530273,18.422893524169922,11703174
2013-11-25,27.399999618530273,27.899999618530273,27.0,27.100000381469727,18.22118377685547,9229951
2013-11-26,26.899999618530273,27.25,26.649999618530273,27.100000381469727,18.22118377685547,7050331
2013-11-27,27.0,27.649999618530273,26.950000762939453,27.5,18.490129470825195,5610054
2013-11-28,28.0,28.350000381469727,27.299999237060547,27.700000762939453,18.624601364135742,5979939
2013-11-29,27.549999237060547,28.0,27.25,27.700000762939453,18.624601364135742,2567182
2013-12-02,27.649999618530273,29.450000762939453,27.549999237060547,28.850000381469727,19.3978271484375,8848338
2013-12-03,28.799999237060547,29.049999237060547,28.350000381469727,28.600000381469727,19.229734420776367,5634496
2013-12-04,28.299999237060547,28.950000762939453,28.0,28.350000381469727,19.061641693115234,7705268
2013-12-05,28.350000381469727,28.649999618530273,27.899999618530273,28.149999618530273,18.927165985107422,7739085
2013-12-06,27.700000762939453,28.299999237060547,27.700000762939453,28.149999618530273,18.927165985107422,7643375
2013-12-09,28.600000381469727,28.649999618530273,27.75,28.100000381469727,18.893550872802734,3191234
2013-12-10,28.5,28.5,27.850000381469727,28.049999237060547,18.85993003845215,2621956
2013-12-11,28.200000762939453,28.200000762939453,26.299999237060547,26.649999618530273,17.918615341186523,6127107
2013-12-12,26.799999237060547,27.600000381469727,26.600000381469727,26.700000762939453,17.95223617553711,4182200
2013-12-13,26.75,27.25,26.5,26.950000762939453,18.12032699584961,4344500
2013-12-16,26.950000762939453,27.25,26.450000762939453,26.950000762939453,18.12032699584961,5595612
2013-12-17,27.200000762939453,27.200000762939453,26.5,26.899999618530273,18.086708068847656,1942834
2013-12-18,27.0,28.0,26.850000381469727,27.600000381469727,18.55736541748047,3921900
2013-12-19,27.75,28.0,26.049999237060547,26.299999237060547,17.683286666870117,5360700
2013-12-20,26.100000381469727,26.600000381469727,25.5,26.100000381469727,17.54881477355957,5280470
2013-12-23,26.200000762939453,26.5,25.649999618530273,25.850000381469727,17.380722045898438,2456933
2013-12-24,26.25,26.649999618530273,26.100000381469727,26.450000762939453,17.78414535522461,1355654
2013-12-27,25.799999237060547,26.950000762939453,25.799999237060547,26.549999237060547,17.85137939453125,953700
2013-12-30,27.0,27.0,25.899999618530273,25.950000762939453,17.44795799255371,2330008
2013-12-31,26.299999237060547,26.399999618530273,25.850000381469727,26.0,17.48157501220703,1955600
2014-01-02,26.200000762939453,26.200000762939453,25.549999237060547,25.799999237060547,17.347103118896484,1388865
2014-01-03,25.200000762939453,25.600000381469727,24.549999237060547,25.200000762939453,16.943681716918945,3719426
2014-01-06,25.049999237060547,25.25,24.600000381469727,25.149999618530273,16.910062789916992,2510435
2014-01-07,25.549999237060547,25.549999237060547,24.75,25.049999237060547,16.84282684326172,3586500
2014-01-08,25.399999618530273,25.950000762939453,25.100000381469727,25.700000762939453,17.27986717224121,3974375
2014-01-09,25.149999618530273,26.149999618530273,25.149999618530273,25.299999237060547,17.01091766357422,6476687
2014-01-10,25.0,25.299999237060547,24.5,24.75,16.641115188598633,5242692
2014-01-13,25.0,25.100000381469727,24.299999237060547,24.649999618530273,16.573877334594727,2624300
2014-01-14,24.25,24.850000381469727,24.25,24.649999618530273,16.573877334594727,5489900
2014-01-15,25.0,25.049999237060547,24.100000381469727,24.5,16.473024368286133,6078127
2014-01-16,24.5,25.0,24.200000762939453,24.75,16.641115188598633,4619660
2014-01-17,24.200000762939453,24.600000381469727,24.049999237060547,24.299999237060547,16.338550567626953,3364012
2014-01-20,24.049999237060547,24.100000381469727,23.350000381469727,23.899999618530273,16.06960105895996,2099631
2014-01-21,24.049999237060547,24.700000762939453,23.899999618530273,24.299999237060547,16.338550567626953,3357000
2014-01-22,24.0,24.700000762939453,24.0,24.450000762939453,16.43940544128418,4359600
2014-01-23,24.649999618530273,24.649999618530273,23.649999618530273,24.149999618530273,16.237695693969727,5858565
2014-01-24,23.600000381469727,24.75,23.600000381469727,24.0,16.1368408203125,1764400
2014-01-27,23.100000381469727,23.649999618530273,22.350000381469727,23.549999237060547,15.834273338317871,7810700
2014-01-28,23.350000381469727,24.100000381469727,23.200000762939453,23.450000762939453,15.767035484313965,2119450
2014-01-29,23.899999618530273,24.25,23.049999237060547,23.149999618530273,15.565326690673828,3598700
2014-01-30,22.850000381469727,23.450000762939453,22.600000381469727,23.100000381469727,15.531708717346191,1833200
2014-02-04,22.549999237060547,22.950000762939453,22.200000762939453,22.899999618530273,15.397233009338379,2131354
2014-02-05,23.5,23.600000381469727,22.200000762939453,22.549999237060547,15.161905288696289,4409000
2014-02-06,22.549999237060547,22.850000381469727,22.450000762939453,22.799999237060547,15.329996109008789,1905429
2014-02-07,22.899999618530273,23.399999618530273,22.5,23.200000762939453,15.598947525024414,1921200
2014-02-10,23.350000381469727,23.5,22.75,22.899999618530273,15.397233009338379,1126900
2014-02-11,22.600000381469727,24.0,22.600000381469727,23.899999618530273,16.06960105895996,4492960
2014-02-12,23.600000381469727,24.399999618530273,23.600000381469727,23.950000762939453,16.10322380065918,2791600
2014-02-13,23.950000762939453,24.200000762939453,23.5,23.75,15.968745231628418,2022100
2014-02-14,24.0,24.0,23.100000381469727,23.5,15.80065631866455,2537400
2014-02-17,23.799999237060547,24.399999618530273,23.799999237060547,23.850000381469727,16.035985946655273,4512130
2014-02-18,24.850000381469727,24.899999618530273,24.149999618530273,24.5,16.473024368286133,5678364
2014-02-19,24.5,25.100000381469727,24.350000381469727,24.899999618530273,16.741973876953125,4703497
2014-02-20,24.399999618530273,25.100000381469727,24.399999618530273,24.75,16.641115188598633,3259000
2014-02-21,25.0,25.0,24.399999618530273,24.700000762939453,16.607494354248047,1506498
2014-02-24,24.899999618530273,24.899999618530273,23.200000762939453,24.5,16.473024368286133,2448200
2014-02-25,24.850000381469727,24.850000381469727,23.600000381469727,24.350000381469727,16.372167587280273,2598400
2014-02-26,24.100000381469727,24.850000381469727,23.700000762939453,24.700000762939453,16.607494354248047,2544400
2014-02-27,24.600000381469727,24.649999618530273,24.049999237060547,24.200000762939453,16.271312713623047,3476731
2014-02-28,24.200000762939453,25.049999237060547,24.100000381469727,24.549999237060547,16.506641387939453,10343264
2014-03-03,23.700000762939453,24.200000762939453,23.5,23.700000762939453,15.93513011932373,5498260
2014-03-04,23.5,23.649999618530273,23.049999237060547,23.450000762939453,15.767035484313965,4053000
2014-03-05,23.649999618530273,23.899999618530273,23.0,23.100000381469727,15.531708717346191,2976260
2014-03-06,23.049999237060547,23.200000762939453,22.799999237060547,22.950000762939453,15.430852890014648,4284800
2014-03-07,23.0,23.25,22.649999618530273,23.049999237060547,15.498089790344238,5633754
2014-03-10,22.799999237060547,22.899999618530273,22.399999618530273,22.75,15.296379089355469,1832900
2014-03-11,22.799999237060547,22.799999237060547,22.100000381469727,22.5,15.128284454345703,2473483
2014-03-12,22.0,22.25,21.600000381469727,22.200000762939453,14.926578521728516,2626600
2014-03-13,22.0,22.299999237060547,21.549999237060547,21.950000762939453,14.758482933044434,2403484
2014-03-14,21.600000381469727,21.899999618530273,21.299999237060547,21.799999237060547,14.657629013061523,2520008
2014-03-17,21.5,21.799999237060547,21.299999237060547,21.450000762939453,14.422301292419434,2654021
2014-03-18,21.5,22.0,21.350000381469727,21.899999618530273,14.724864959716797,2031594
2014-03-19,21.899999618530273,21.950000762939453,21.299999237060547,21.950000762939453,14.758482933044434,2022567
2014-03-20,21.649999618530273,21.899999618530273,21.100000381469727,21.399999618530273,14.38868236541748,2505241
2014-03-21,21.25,22.350000381469727,21.25,21.899999618530273,14.724864959716797,2419500
2014-03-24,22.200000762939453,22.75,22.149999618530273,22.450000762939453,15.0946683883667,2192578
2014-03-25,22.700000762939453,22.899999618530273,22.25,22.399999618530273,15.061051368713379,2145352
2014-03-26,22.850000381469727,23.350000381469727,22.600000381469727,22.75,15.296379089355469,2386541
2014-03-27,23.0,23.799999237060547,22.549999237060547,23.0,15.464469909667969,4264927
2014-03-28,23.399999618530273,23.600000381469727,22.899999618530273,23.100000381469727,15.531708717346191,2816013
2014-03-31,23.5,23.700000762939453,22.549999237060547,23.450000762939453,15.767035484313965,3672480
2014-04-01,23.850000381469727,24.0,23.049999237060547,23.549999237060547,15.834273338317871,2156623
2014-04-02,23.75,23.75,23.200000762939453,23.299999237060547,15.666180610656738,1359700
2014-04-03,23.700000762939453,24.399999618530273,23.5,23.600000381469727,15.867891311645508,4209354
2014-04-04,23.799999237060547,24.149999618530273,23.600000381469727,23.649999618530273,15.901510238647461,1372602
2014-04-07,23.899999618530273,24.299999237060547,23.549999237060547,23.899999618530273,16.06960105895996,2044000
2014-04-08,24.299999237060547,24.5,24.0,24.299999237060547,16.338550567626953,2260400
2014-04-09,24.0,24.5,23.700000762939453,23.799999237060547,16.002363204956055,2089808
2014-04-10,24.049999237060547,24.950000762939453,23.399999618530273,24.5,16.473024368286133,8265800
2014-04-11,24.5,25.200000762939453,23.700000762939453,24.25,16.304931640625,9396423
2014-04-14,24.299999237060547,24.600000381469727,23.75,24.100000381469727,16.204076766967773,3027200
2014-04-15,24.100000381469727,24.25,23.200000762939453,23.350000381469727,15.699801445007324,3031100
2014-04-16,23.700000762939453,23.850000381469727,22.899999618530273,23.200000762939453,15.598947525024414,2004900
2014-04-17,23.149999618530273,23.350000381469727,23.0,23.149999618530273,15.565326690673828,1212873
2014-04-22,23.399999618530273,23.450000762939453,22.799999237060547,23.100000381469727,15.531708717346191,746542
2014-04-23,22.950000762939453,23.25,22.549999237060547,22.75,15.296379089355469,2044900
2014-04-24,22.600000381469727,22.850000381469727,22.549999237060547,22.75,15.296379089355469,839600
2014-04-25,22.5,22.75,22.299999237060547,22.600000381469727,15.195526123046875,1972700
2014-04-28,22.399999618530273,22.649999618530273,22.100000381469727,22.549999237060547,15.161905288696289,1601400
2014-04-29,22.5,23.100000381469727,22.100000381469727,22.799999237060547,15.329996109008789,1729490
2014-04-30,22.799999237060547,23.100000381469727,22.350000381469727,22.850000381469727,15.363617897033691,1898100
2014-05-02,22.649999618530273,23.799999237060547,22.450000762939453,23.049999237060547,15.498089790344238,1919247
2014-05-05,23.149999618530273,23.399999618530273,22.600000381469727,22.899999618530273,15.397233009338379,679600
2014-05-07,22.700000762939453,22.850000381469727,22.350000381469727,22.549999237060547,15.161905288696289,1946300
2014-05-08,22.600000381469727,23.049999237060547,22.5,22.600000381469727,15.195526123046875,1920611
2014-05-09,22.549999237060547,23.200000762939453,22.5,22.649999618530273,15.229140281677246,1111481
2014-05-12,22.700000762939453,23.649999618530273,22.700000762939453,23.0,15.464469909667969,2225276
2014-05-13,23.299999237060547,23.600000381469727,23.100000381469727,23.399999618530273,15.733417510986328,2098668
2014-05-14,23.700000762939453,24.200000762939453,23.450000762939453,23.700000762939453,15.93513011932373,2202752
2014-05-15,23.700000762939453,24.100000381469727,23.25,23.549999237060547,15.834273338317871,689702
2014-05-16,23.5,23.799999237060547,23.399999618530273,23.450000762939453,15.767035484313965,550773
2014-05-19,23.549999237060547,23.850000381469727,23.049999237060547,23.5,15.80065631866455,1011643
2014-05-20,23.5,23.75,23.200000762939453,23.25,15.632564544677734,695376
2014-05-21,23.200000762939453,23.600000381469727,23.049999237060547,23.549999237060547,15.834273338317871,419500
2014-05-22,23.350000381469727,24.200000762939453,23.299999237060547,23.600000381469727,15.996025085449219,1653800
2014-05-23,23.450000762939453,23.899999618530273,23.450000762939453,23.549999237060547,15.962137222290039,704600
2014-05-26,23.700000762939453,23.899999618530273,23.350000381469727,23.549999237060547,15.962137222290039,571400
2014-05-27,23.600000381469727,23.600000381469727,23.100000381469727,23.149999618530273,15.691019058227539,559900
2014-05-28,23.200000762939453,23.850000381469727,23.049999237060547,23.549999237060547,15.962137222290039,1690819
2014-05-29,23.549999237060547,24.600000381469727,23.549999237060547,23.850000381469727,16.165475845336914,4604200
2014-05-30,23.950000762939453,24.399999618530273,23.799999237060547,24.25,16.436595916748047,2085848
2014-06-03,24.75,24.950000762939453,24.0,24.200000762939453,16.402706146240234,2448453
2014-06-04,24.399999618530273,24.399999618530273,23.450000762939453,24.100000381469727,16.33492660522461,1810154
2014-06-05,23.649999618530273,24.399999618530273,23.649999618530273,24.299999237060547,16.470483779907227,1214870
2014-06-06,24.200000762939453,24.649999618530273,24.0,24.200000762939453,16.402706146240234,781700
2014-06-09,24.5,24.5,23.700000762939453,24.100000381469727,16.33492660522461,2051557
2014-06-10,24.200000762939453,24.850000381469727,24.100000381469727,24.700000762939453,16.74160385131836,3742121
2014-06-11,24.75,24.850000381469727,24.450000762939453,24.75,16.775493621826172,772196
2014-06-12,24.549999237060547,24.700000762939453,24.149999618530273,24.350000381469727,16.504375457763672,1175262
2014-06-13,24.049999237060547,24.850000381469727,24.049999237060547,24.649999618530273,16.707712173461914,1154381
2014-06-16,24.700000762939453,24.899999618530273,24.649999618530273,24.700000762939453,16.74160385131836,1042326
2014-06-17,24.799999237060547,24.799999237060547,24.149999618530273,24.549999237060547,16.639934539794922,1545820
2014-06-18,24.399999618530273,24.700000762939453,23.950000762939453,24.299999237060547,16.470483779907227,2149579
2014-06-19,24.399999618530273,24.600000381469727,23.799999237060547,24.100000381469727,16.33492660522461,1044700
2014-06-20,24.299999237060547,24.5,23.899999618530273,24.5,16.60604476928711,1060748
2014-06-23,24.600000381469727,25.0,23.850000381469727,24.200000762939453,16.402706146240234,1614810
2014-06-24,24.100000381469727,24.5,24.0,24.25,16.436595916748047,841552
2014-06-25,24.350000381469727,24.350000381469727,24.0,24.200000762939453,16.402706146240234,987291
2014-06-26,24.200000762939453,24.899999618530273,24.149999618530273,24.75,16.775493621826172,2013300
2014-06-27,24.399999618530273,24.799999237060547,24.149999618530273,24.75,16.775493621826172,1021866
2014-06-30,24.799999237060547,25.799999237060547,24.600000381469727,25.700000762939453,17.419403076171875,5846366
2014-07-02,25.799999237060547,26.200000762939453,25.600000381469727,26.149999618530273,17.724411010742188,2719480
2014-07-03,26.100000381469727,26.25,25.75,26.100000381469727,17.690519332885742,1104751
2014-07-04,26.049999237060547,26.700000762939453,26.0,26.649999618530273,18.063308715820312,2308412
2014-07-07,26.700000762939453,27.399999618530273,26.350000381469727,27.149999618530273,18.402206420898438,2508549
2014-07-08,27.0,27.450000762939453,26.700000762939453,26.700000762939453,18.097198486328125,3534334
2014-07-09,26.700000762939453,27.200000762939453,26.350000381469727,26.549999237060547,17.995529174804688,3333820
2014-07-10,26.649999618530273,27.299999237060547,26.649999618530273,27.100000381469727,18.368318557739258,2180080
2014-07-11,26.5,27.100000381469727,26.5,27.0,18.300537109375,2277382
2014-07-14,27.149999618530273,27.450000762939453,26.850000381469727,27.0,18.300537109375,1374012
2014-07-15,27.299999237060547,27.450000762939453,27.0,27.299999237060547,18.503875732421875,1632825
2014-07-16,27.149999618530273,27.700000762939453,27.0,27.5,18.63943862915039,2312959
2014-07-17,27.450000762939453,27.549999237060547,26.75,27.100000381469727,18.368318557739258,3015291
2014-07-18,26.600000381469727,27.549999237060547,26.600000381469727,27.399999618530273,18.571657180786133,1843204
2014-07-21,27.450000762939453,27.600000381469727,26.799999237060547,26.950000762939453,18.26664924621582,975212
2014-07-22,26.600000381469727,28.200000762939453,26.600000381469727,28.149999618530273,19.08000373840332,3216746
2014-07-23,28.299999237060547,29.0,28.100000381469727,28.450000762939453,19.283344268798828,4061341
2014-07-24,28.549999237060547,29.549999237060547,28.350000381469727,29.049999237060547,19.690025329589844,5309505
2014-07-25,28.299999237060547,28.299999237060547,27.600000381469727,27.899999618530273,18.910554885864258,93424147
2014-07-28,28.25,28.850000381469727,28.25,28.399999618530273,19.24945640563965,8971853
2014-07-29,28.600000381469727,28.649999618530273,28.149999618530273,28.5,19.31723403930664,9688768
2014-07-30,28.799999237060547,28.799999237060547,28.100000381469727,28.25,19.147783279418945,6194883
2014-07-31,28.350000381469727,28.549999237060547,27.799999237060547,28.200000762939453,19.1138973236084,5476260
2014-08-01,28.100000381469727,28.200000762939453,27.799999237060547,27.899999618530273,18.910554885864258,3178984
2014-08-04,27.950000762939453,28.399999618530273,27.850000381469727,28.149999618530273,19.08000373840332,4836879
2014-08-05,28.0,28.25,27.649999618530273,27.850000381469727,18.876667022705078,4576305
2014-08-06,27.600000381469727,27.799999237060547,26.75,27.350000381469727,18.53776741027832,7110064
2014-08-07,27.350000381469727,27.950000762939453,27.149999618530273,27.350000381469727,18.53776741027832,4510793
2014-08-08,27.399999618530273,28.100000381469727,26.950000762939453,27.850000381469727,18.876667022705078,5581176
2014-08-11,28.0,28.350000381469727,27.75,28.049999237060547,19.012224197387695,3213456
2014-08-12,28.399999618530273,28.600000381469727,28.049999237060547,28.350000381469727,19.215564727783203,2866632
2014-08-13,28.600000381469727,28.899999618530273,28.25,28.850000381469727,19.55446434020996,5848892
2014-08-14,28.450000762939453,28.450000762939453,27.899999618530273,28.0,18.978334426879883,34385692
2014-08-15,27.899999618530273,28.100000381469727,27.75,28.0,18.978334426879883,2329215
2014-08-18,28.0,28.149999618530273,27.299999237060547,27.600000381469727,18.707216262817383,8256192
2014-08-19,27.549999237060547,27.850000381469727,27.200000762939453,27.450000762939453,18.605546951293945,4376568
2014-08-20,27.549999237060547,27.850000381469727,27.5,27.649999618530273,18.741104125976562,2794045
2014-08-21,27.700000762939453,27.899999618530273,27.350000381469727,27.450000762939453,18.605546951293945,4128692
2014-08-22,27.350000381469727,28.200000762939453,27.299999237060547,28.100000381469727,19.046113967895508,3613203
2014-08-25,27.950000762939453,28.149999618530273,27.549999237060547,28.049999237060547,19.012224197387695,1734144
2014-08-26,28.049999237060547,28.600000381469727,27.75,28.200000762939453,19.1138973236084,2390532
2014-08-27,28.899999618530273,28.950000762939453,27.5,27.75,18.808887481689453,5220492
2014-08-28,27.75,28.149999618530273,27.299999237060547,27.399999618530273,18.571657180786133,3408500
2014-08-29,27.399999618530273,27.899999618530273,26.850000381469727,27.649999618530273,18.741104125976562,3287268
2014-09-01,27.700000762939453,27.899999618530273,27.100000381469727,27.549999237060547,18.673328399658203,2102860
2014-09-02,27.399999618530273,27.850000381469727,27.149999618530273,27.649999618530273,18.741104125976562,2950800
2014-09-03,27.450000762939453,28.5,27.450000762939453,28.350000381469727,19.215564727783203,4663400
2014-09-04,28.450000762939453,28.899999618530273,28.25,28.649999618530273,19.41890525817871,2644500
2014-09-05,28.600000381469727,28.899999618530273,28.200000762939453,28.399999618530273,19.24945640563965,2221601
2014-09-08,28.299999237060547,29.5,28.25,29.100000381469727,19.723915100097656,4767500
2014-09-10,28.75,29.0,28.200000762939453,28.350000381469727,19.215564727783203,2931012
2014-09-11,28.600000381469727,28.75,28.100000381469727,28.299999237060547,19.181673049926758,1364762
2014-09-12,28.049999237060547,28.399999618530273,27.549999237060547,28.0,18.978334426879883,3424620
2014-09-15,27.649999618530273,28.149999618530273,27.399999618530273,27.799999237060547,18.8427734375,2016785
2014-09-16,27.450000762939453,27.899999618530273,26.799999237060547,27.100000381469727,18.368318557739258,4035108
2014-09-17,27.600000381469727,27.700000762939453,26.899999618530273,27.25,18.469989776611328,3573467
2014-09-18,27.0,27.100000381469727,26.5,26.899999618530273,18.232759475708008,4806863
2014-09-19,27.299999237060547,27.549999237060547,26.799999237060547,27.149999618530273,18.402206420898438,5930200
2014-09-22,26.399999618530273,27.100000381469727,26.200000762939453,27.0,18.300537109375,2448800
2014-09-23,27.25,27.5,26.600000381469727,27.200000762939453,18.43609619140625,2245912
2014-09-24,27.25,27.799999237060547,26.799999237060547,27.399999618530273,18.571657180786133,2129307
2014-09-25,27.0,27.549999237060547,26.700000762939453,27.0,18.300537109375,3289605
2014-09-26,26.899999618530273,27.450000762939453,26.600000381469727,27.200000762939453,18.43609619140625,1758433
2014-09-29,26.700000762939453,27.299999237060547,26.200000762939453,27.25,18.469989776611328,2662705
2014-09-30,26.850000381469727,27.200000762939453,26.399999618530273,27.049999237060547,18.334426879882812,2935740
2014-10-03,26.850000381469727,27.549999237060547,26.799999237060547,27.049999237060547,18.334426879882812,2454029
2014-10-06,27.0,27.75,27.0,27.350000381469727,18.53776741027832,1386168
2014-10-07,27.100000381469727,27.700000762939453,27.100000381469727,27.399999618530273,18.571657180786133,1163187
2014-10-08,27.0,27.5,27.0,27.350000381469727,18.53776741027832,2071534
2014-10-09,27.549999237060547,27.700000762939453,27.350000381469727,27.450000762939453,18.605546951293945,3007004
2014-10-10,27.0,27.450000762939453,26.799999237060547,27.399999618530273,18.571657180786133,1141925
2014-10-13,27.149999618530273,27.25,26.75,26.850000381469727,18.198867797851562,4362124
2014-10-14,26.950000762939453,27.100000381469727,26.299999237060547,26.799999237060547,18.164979934692383,2332748
2014-10-15,27.0,27.5,26.899999618530273,27.100000381469727,18.368318557739258,1894113
2014-10-16,26.850000381469727,27.200000762939453,26.600000381469727,26.75,18.13109016418457,1337976
2014-10-17,26.950000762939453,27.049999237060547,26.399999618530273,26.950000762939453,18.26664924621582,5223900
2014-10-20,27.149999618530273,27.25,26.5,26.700000762939453,18.097198486328125,1531122
2014-10-21,26.600000381469727,27.049999237060547,26.5,26.600000381469727,18.029420852661133,1887247
2014-10-22,27.049999237060547,28.049999237060547,26.700000762939453,27.5,18.63943862915039,5202000
2014-10-23,27.549999237060547,28.200000762939453,27.100000381469727,27.399999618530273,18.571657180786133,3007759
2014-10-24,27.299999237060547,27.649999618530273,27.049999237060547,27.350000381469727,18.53776741027832,778400
2014-10-27,27.799999237060547,27.799999237060547,27.100000381469727,27.5,18.63943862915039,1964049
2014-10-28,27.75,28.200000762939453,27.399999618530273,28.100000381469727,19.046113967895508,5200600
2014-10-29,28.5,29.049999237060547,28.5,28.649999618530273,19.41890525817871,8566760
2014-10-30,28.5,29.0,28.350000381469727,28.700000762939453,19.452795028686523,2741440
2014-10-31,29.100000381469727,29.649999618530273,28.649999618530273,29.0,19.6561336517334,12975569
2014-11-03,29.299999237060547,29.299999237060547,28.549999237060547,28.850000381469727,19.55446434020996,4947156
2014-11-04,28.850000381469727,29.100000381469727,28.399999618530273,28.799999237060547,19.520572662353516,4319672
2014-11-05,29.0,29.0,28.450000762939453,28.75,19.486682891845703,3217722
2014-11-06,28.75,28.850000381469727,28.200000762939453,28.399999618530273,19.24945640563965,4351272
2014-11-07,28.5,29.350000381469727,27.649999618530273,28.399999618530273,19.24945640563965,11159800
2014-11-10,29.149999618530273,29.649999618530273,28.450000762939453,29.149999618530273,19.757802963256836,8869892
2014-11-11,29.299999237060547,30.149999618530273,29.049999237060547,29.450000762939453,19.96114158630371,37230367
2014-11-12,29.950000762939453,30.149999618530273,29.5,29.850000381469727,20.23225975036621,4951100
2014-11-13,30.200000762939453,32.29999923706055,29.950000762939453,32.20000076293945,21.825088500976562,12078712
2014-11-14,32.0,32.0,31.200000762939453,31.75,21.520076751708984,7032413
2014-11-17,32.54999923706055,32.79999923706055,30.700000762939453,30.950000762939453,20.977840423583984,5662674
2014-11-18,30.899999618530273,31.149999618530273,29.950000762939453,30.350000381469727,20.57115936279297,4348200
2014-11-19,30.399999618530273,31.399999618530273,29.799999237060547,29.850000381469727,20.23225975036621,8074068
2014-11-20,30.450000762939453,30.899999618530273,29.399999618530273,30.299999237060547,20.53727149963379,5990668
2014-11-21,30.100000381469727,31.549999237060547,29.700000762939453,30.649999618530273,20.774499893188477,11971757
2014-11-24,33.70000076293945,33.70000076293945,32.349998474121094,33.25,22.536771774291992,16895800
2014-11-25,32.95000076293945,33.099998474121094,32.25,32.349998474121094,21.926753997802734,27996328
2014-11-26,32.599998474121094,35.79999923706055,32.5,35.099998474121094,23.790699005126953,23694991
2014-11-27,35.45000076293945,37.099998474121094,34.599998474121094,35.20000076293945,23.858478546142578,18111200
2014-11-28,35.349998474121094,35.79999923706055,34.95000076293945,35.150001525878906,23.8245906829834,12213119
2014-12-01,34.5,35.099998474121094,33.5,33.75,22.875673294067383,10838200
2014-12-02,34.099998474121094,37.04999923706055,33.599998474121094,35.849998474121094,24.29904556274414,21747923
2014-12-03,36.04999923706055,37.349998474121094,34.5,35.349998474121094,23.960147857666016,15665705
2014-12-04,35.75,36.54999923706055,34.20000076293945,36.29999923706055,24.604055404663086,20299222
2014-12-05,36.849998474121094,38.20000076293945,35.849998474121094,36.04999923706055,24.43460464477539,17365564
2014-12-08,36.0,37.95000076293945,35.75,37.5,25.41741943359375,12559723
2014-12-09,36.349998474121094,36.5,33.54999923706055,33.599998474121094,22.774002075195312,21044648
2014-12-10,34.5,35.25,33.20000076293945,33.849998474121094,22.943450927734375,8255105
2014-12-11,33.25,35.04999923706055,32.849998474121094,33.20000076293945,22.502883911132812,12858970
2014-12-12,33.650001525878906,35.150001525878906,33.45000076293945,34.150001525878906,23.146793365478516,5783919
2014-12-15,33.599998474121094,34.25,33.599998474121094,34.04999923706055,23.079011917114258,3264613
2014-12-16,34.0,35.0,33.29999923706055,34.54999923706055,23.417909622192383,9012792
2014-12-17,34.70000076293945,34.95000076293945,33.04999923706055,34.0,23.04511833190918,9105003
2014-12-18,34.79999923706055,35.150001525878906,33.849998474121094,34.20000076293945,23.180679321289062,6588570
2014-12-19,34.900001525878906,35.5,34.29999923706055,34.54999923706055,23.417909622192383,6537017
2014-12-22,34.75,36.45000076293945,34.70000076293945,35.75,24.23126983642578,8961507
2014-12-23,35.849998474121094,37.29999923706055,35.29999923706055,36.54999923706055,24.77350425720215,6946294
2014-12-24,36.5,36.95000076293945,35.150001525878906,35.20000076293945,23.858478546142578,3021067
2014-12-29,37.45000076293945,40.349998474121094,37.45000076293945,39.099998474121094,26.50189208984375,12000031
2014-12-30,39.20000076293945,39.650001525878906,38.349998474121094,38.849998474121094,26.332439422607422,5771748
2014-12-31,38.79999923706055,39.25,38.099998474121094,39.150001525878906,26.535781860351562,2489600
2015-01-02,39.20000076293945,41.099998474121094,39.20000076293945,41.0,27.78970718383789,11583718
2015-01-05,41.0,42.25,40.150001525878906,41.45000076293945,28.09471321105957,11831337
2015-01-06,40.849998474121094,41.099998474121094,39.95000076293945,40.70000076293945,27.586368560791016,7147806
2015-01-07,40.70000076293945,41.29999923706055,39.099998474121094,40.150001525878906,27.213577270507812,8994741
2015-01-08,40.5,40.650001525878906,39.45000076293945,39.79999923706055,26.976350784301758,5885857
2015-01-09,40.04999923706055,42.599998474121094,40.04999923706055,40.400001525878906,27.38302993774414,9915323
2015-01-12,40.900001525878906,41.20000076293945,39.70000076293945,40.70000076293945,27.586368560791016,5478273
2015-01-13,40.95000076293945,41.54999923706055,40.54999923706055,41.04999923706055,27.82359504699707,4124397
2015-01-14,41.5,41.79999923706055,40.79999923706055,40.900001525878906,27.721927642822266,3833100
2015-01-15,41.400001525878906,43.75,41.150001525878906,43.20000076293945,29.280858993530273,9634190
2015-01-16,43.29999923706055,45.25,42.849998474121094,44.650001525878906,30.26366424560547,32634216
2015-01-19,44.650001525878906,44.650001525878906,44.650001525878906,44.650001525878906,30.26366424560547,0
2015-01-20,44.650001525878906,44.650001525878906,44.650001525878906,44.650001525878906,30.26366424560547,0
2015-01-21,44.650001525878906,44.650001525878906,44.650001525878906,44.650001525878906,30.26366424560547,0
2015-01-22,44.650001525878906,44.650001525878906,44.650001525878906,44.650001525878906,30.26366424560547,0
2015-01-23,44.650001525878906,44.650001525878906,44.650001525878906,44.650001525878906,30.26366424560547,0
2015-01-26,44.650001525878906,44.650001525878906,44.650001525878906,44.650001525878906,30.26366424560547,0
2015-01-27,44.650001525878906,44.650001525878906,44.650001525878906,44.650001525878906,30.26366424560547,0
2015-01-28,44.650001525878906,44.650001525878906,44.650001525878906,44.650001525878906,30.26366424560547,0
2015-01-29,44.650001525878906,44.650001525878906,44.650001525878906,44.650001525878906,30.26366424560547,0
2015-01-30,44.650001525878906,44.650001525878906,44.650001525878906,44.650001525878906,30.26366424560547,0
2015-02-02,44.650001525878906,44.650001525878906,44.650001525878906,44.650001525878906,30.26366424560547,0
2015-02-03,44.650001525878906,44.650001525878906,44.650001525878906,44.650001525878906,30.26366424560547,0
2015-02-04,44.650001525878906,44.650001525878906,44.650001525878906,44.650001525878906,30.26366424560547,0
2015-02-05,44.650001525878906,44.650001525878906,44.650001525878906,44.650001525878906,30.26366424560547,0
2015-02-06,44.650001525878906,44.650001525878906,44.650001525878906,44.650001525878906,30.26366424560547,0
2015-02-09,44.650001525878906,44.650001525878906,44.650001525878906,44.650001525878906,30.26366424560547,0
2015-02-10,44.650001525878906,44.650001525878906,44.650001525878906,44.650001525878906,30.26366424560547,0
2015-02-11,44.650001525878906,44.650001525878906,44.650001525878906,44.650001525878906,30.26366424560547,0
2015-02-12,44.650001525878906,44.650001525878906,44.650001525878906,44.650001525878906,30.26366424560547,0
2015-02-13,44.650001525878906,44.650001525878906,44.650001525878906,44.650001525878906,30.26366424560547,0
2015-02-16,44.650001525878906,44.650001525878906,44.650001525878906,44.650001525878906,30.26366424560547,0
2015-02-17,44.650001525878906,44.650001525878906,44.650001525878906,44.650001525878906,30.26366424560547,0
2015-02-18,44.650001525878906,44.650001525878906,44.650001525878906,44.650001525878906,30.26366424560547,0
2015-02-23,44.650001525878906,44.650001525878906,44.650001525878906,44.650001525878906,30.26366424560547,0
2015-02-24,44.650001525878906,44.650001525878906,44.650001525878906,44.650001525878906,30.26366424560547,0
2015-02-25,44.650001525878906,44.650001525878906,44.650001525878906,44.650001525878906,30.26366424560547,0
2015-02-26,44.650001525878906,44.650001525878906,44.650001525878906,44.650001525878906,30.26366424560547,0
2015-02-27,44.650001525878906,44.650001525878906,44.650001525878906,44.650001525878906,30.26366424560547,0
2015-03-02,45.75,45.79999923706055,42.650001525878906,43.20000076293945,29.280858993530273,31463691
2015-03-03,42.29999923706055,43.04999923706055,41.099998474121094,41.45000076293945,28.09471321105957,14792274
2015-03-04,41.75,41.75,39.900001525878906,40.150001525878906,27.213577270507812,11204064
2015-03-05,40.25,41.20000076293945,39.349998474121094,39.95000076293945,27.078022003173828,8759530
2015-03-06,40.400001525878906,40.599998474121094,39.849998474121094,40.349998474121094,27.349136352539062,6854298
2015-03-09,39.79999923706055,40.650001525878906,38.900001525878906,40.150001525878906,27.213577270507812,4309545
2015-03-10,40.349998474121094,40.54999923706055,39.599998474121094,39.900001525878906,27.04412841796875,3737833
2015-03-11,39.79999923706055,41.099998474121094,38.04999923706055,38.20000076293945,25.89187240600586,10419206
2015-03-12,38.04999923706055,39.849998474121094,38.04999923706055,39.400001525878906,26.705232620239258,9179425
2015-03-13,40.0,40.900001525878906,39.45000076293945,40.5,27.450809478759766,6807818
2015-03-16,40.70000076293945,42.45000076293945,39.79999923706055,42.150001525878906,28.569175720214844,6134368
2015-03-17,42.54999923706055,42.900001525878906,41.599998474121094,42.04999923706055,28.501394271850586,5768454
2015-03-18,42.099998474121094,43.04999923706055,41.849998474121094,42.5,28.806406021118164,4221241
2015-03-19,43.099998474121094,43.650001525878906,42.650001525878906,43.349998474121094,29.38252830505371,7157791
2015-03-20,43.900001525878906,44.900001525878906,43.29999923706055,44.5,30.161996841430664,6760857
2015-03-23,46.5,46.5,44.45000076293945,44.75,30.33144187927246,4309679
2015-03-24,45.29999923706055,45.29999923706055,43.5,43.95000076293945,29.789215087890625,7039300
2015-03-25,43.54999923706055,44.150001525878906,42.29999923706055,42.5,28.806406021118164,4635917
2015-03-26,41.95000076293945,41.95000076293945,40.400001525878906,40.54999923706055,27.484699249267578,9896955
2015-03-27,40.45000076293945,40.650001525878906,39.400001525878906,40.099998474121094,27.1796875,8184854
2015-03-30,41.29999923706055,43.79999923706055,41.20000076293945,42.650001525878906,28.9080753326416,11590022
2015-03-31,43.400001525878906,45.650001525878906,43.0,43.29999923706055,29.34864044189453,12452740
2015-04-01,43.400001525878906,44.79999923706055,43.099998474121094,44.29999923706055,30.02644157409668,9290522
2015-04-02,44.70000076293945,44.95000076293945,44.0,44.29999923706055,30.02644157409668,6732540
2015-04-08,47.25,51.5,45.599998474121094,50.5,34.22877883911133,15464813
2015-04-09,52.54999923706055,56.54999923706055,50.650001525878906,52.099998474121094,35.31325912475586,16594910
2015-04-10,53.20000076293945,54.0,49.70000076293945,53.150001525878906,36.02494812011719,11217712
2015-04-13,53.0,53.400001525878906,52.099998474121094,52.599998474121094,35.652156829833984,9168418
2015-04-14,51.04999923706055,51.20000076293945,48.900001525878906,49.0,33.21208953857422,105568000
2015-04-15,49.5,50.54999923706055,49.25,49.849998474121094,33.788211822509766,8752354
2015-04-16,50.0,50.79999923706055,49.0,50.54999923706055,34.26266860961914,12786253
2015-04-17,50.900001525878906,52.95000076293945,50.45000076293945,50.599998474121094,34.296566009521484,18105740
2015-04-20,50.900001525878906,51.29999923706055,48.75,49.5,33.550987243652344,12019419
2015-04-21,50.5,50.650001525878906,49.5,50.20000076293945,34.025447845458984,9371600
2015-04-22,50.0,51.400001525878906,49.79999923706055,51.04999923706055,34.60157012939453,8554171
2015-04-23,51.400001525878906,51.45000076293945,49.5,49.900001525878906,33.822105407714844,6241316
2015-04-24,49.5,50.25,47.5,48.95000076293945,33.178199768066406,9411936
2015-04-27,49.5,49.900001525878906,48.400001525878906,49.20000076293945,33.34764099121094,5466956
2015-04-28,49.75,50.29999923706055,48.5,49.0,33.21208953857422,3632098
2015-04-29,48.599998474121094,48.900001525878906,47.900001525878906,48.04999923706055,32.56818389892578,9898846
2015-04-30,49.099998474121094,50.20000076293945,48.0,48.150001525878906,32.635955810546875,10420900
2015-05-04,49.0,50.349998474121094,48.650001525878906,49.650001525878906,33.65265655517578,14307255
2015-05-05,50.25,51.95000076293945,48.29999923706055,49.25,33.38153839111328,13154037
2015-05-06,48.79999923706055,53.29999923706055,48.79999923706055,50.599998474121094,34.296566009521484,26171082
2015-05-07,50.79999923706055,51.70000076293945,49.95000076293945,50.599998474121094,34.296566009521484,8425512
2015-05-08,51.45000076293945,52.04999923706055,50.20000076293945,51.79999923706055,35.10992431640625,8959760
2015-05-11,53.0,54.099998474121094,50.79999923706055,53.29999923706055,36.126617431640625,10691549
2015-05-12,53.29999923706055,53.70000076293945,52.0,52.150001525878906,35.34715270996094,5079720
2015-05-13,52.20000076293945,52.45000076293945,50.0,50.20000076293945,34.025447845458984,7148058
2015-05-14,50.0,51.45000076293945,49.099998474121094,49.95000076293945,33.85599136352539,6368876
2015-05-15,50.20000076293945,50.900001525878906,48.70000076293945,50.45000076293945,34.19489669799805,4444233
2015-05-18,50.150001525878906,50.45000076293945,49.0,49.20000076293945,33.34764099121094,4305600
2015-05-19,49.099998474121094,51.79999923706055,49.099998474121094,51.400001525878906,34.83880615234375,7060555
2015-05-20,51.0,51.650001525878906,50.099998474121094,50.849998474121094,34.46601104736328,41264335
2015-05-21,50.599998474121094,51.04999923706055,49.79999923706055,49.95000076293945,33.85599136352539,4014413
2015-05-22,50.5,51.95000076293945,50.150001525878906,51.650001525878906,35.00825500488281,9974102
2015-05-26,54.5,54.900001525878906,52.650001525878906,53.150001525878906,36.02494812011719,12962350
2015-05-27,53.099998474121094,53.400001525878906,51.70000076293945,52.29999923706055,35.448822021484375,5204473
2015-05-28,53.0,53.0,49.0,50.54999923706055,34.26266860961914,10913724
2015-05-29,50.5,50.75,49.29999923706055,49.5,33.550987243652344,8613799
2015-06-01,49.20000076293945,51.099998474121094,48.599998474121094,50.70000076293945,34.36434555053711,7381452
2015-06-02,50.900001525878906,50.95000076293945,49.400001525878906,50.04999923706055,33.923770904541016,4228299
2015-06-03,50.04999923706055,50.5,49.400001525878906,49.599998474121094,33.6187629699707,5035988
2015-06-04,49.20000076293945,50.599998474121094,48.04999923706055,49.599998474121094,33.6187629699707,8289800
2015-06-05,49.5,50.099998474121094,48.099998474121094,48.349998474121094,32.77151870727539,5185595
2015-06-08,48.349998474121094,50.650001525878906,48.150001525878906,50.29999923706055,34.093223571777344,8154789
2015-06-09,50.79999923706055,50.849998474121094,48.0,48.25,32.7037353515625,6097896
2015-06-10,48.25,49.29999923706055,47.650001525878906,47.849998474121094,32.4326171875,4052300
2015-06-11,48.95000076293945,49.29999923706055,48.25,48.95000076293945,33.178199768066406,5159132
2015-06-12,49.45000076293945,50.25,49.04999923706055,49.900001525878906,33.822105407714844,4187890
2015-06-15,49.400001525878906,49.75,48.29999923706055,48.400001525878906,32.80541229248047,2924367
2015-06-16,48.04999923706055,48.29999923706055,46.599998474121094,46.75,31.687042236328125,6432152
2015-06-17,46.29999923706055,48.5,46.29999923706055,47.95000076293945,32.50040054321289,6246660
2015-06-18,47.70000076293945,48.54999923706055,47.400001525878906,47.599998474121094,32.2631721496582,3265791
2015-06-19,48.29999923706055,49.25,46.79999923706055,47.0,31.85649299621582,3667121
2015-06-22,47.599998474121094,48.95000076293945,47.25,48.900001525878906,33.14430618286133,2434886
2015-06-23,49.150001525878906,49.849998474121094,48.400001525878906,49.20000076293945,33.34764099121094,5904000
2015-06-24,49.70000076293945,49.70000076293945,48.650001525878906,49.04999923706055,33.24597930908203,3752148
2015-06-25,49.20000076293945,49.25,48.04999923706055,48.400001525878906,32.80541229248047,3779290
2015-06-26,48.04999923706055,48.5,45.400001525878906,46.650001525878906,31.794198989868164,6798883
2015-06-29,47.5,47.5,40.0,44.20000076293945,30.124408721923828,10176167
2015-06-30,44.20000076293945,46.70000076293945,43.349998474121094,46.29999923706055,31.555654525756836,9795710
2015-07-02,46.5,46.5,44.0,45.099998474121094,30.7377986907959,5219493
2015-07-03,45.20000076293945,45.20000076293945,42.150001525878906,42.70000076293945,29.102087020874023,7855700
2015-07-06,43.900001525878906,44.75,36.79999923706055,39.79999923706055,27.12559700012207,21385352
2015-07-07,38.20000076293945,39.5,35.29999923706055,35.900001525878906,24.467561721801758,21697339
2015-07-08,32.0,34.29999923706055,30.049999237060547,33.349998474121094,22.7296142578125,24554137
2015-07-09,34.0,37.45000076293945,33.04999923706055,36.900001525878906,25.149106979370117,15610776
2015-07-10,38.54999923706055,39.599998474121094,37.849998474121094,38.75,26.40997314453125,11084365
2015-07-13,38.29999923706055,41.099998474121094,38.150001525878906,39.79999923706055,27.12559700012207,8430745
2015-07-14,39.0,40.0,38.29999923706055,38.79999923706055,26.444047927856445,5841800
2015-07-15,38.5,39.400001525878906,37.54999923706055,37.75,25.728425979614258,5443196
2015-07-16,37.099998474121094,38.349998474121094,36.849998474121094,38.099998474121094,25.96696662902832,3689297
2015-07-17,38.29999923706055,39.349998474121094,38.25,38.75,26.40997314453125,6315012
2015-07-20,39.400001525878906,39.400001525878906,38.04999923706055,38.5,26.239580154418945,2578129
2015-07-21,38.099998474121094,39.150001525878906,37.54999923706055,38.79999923706055,26.444047927856445,4353310
2015-07-22,38.5,38.5,36.79999923706055,37.400001525878906,25.48988151550293,4866440
2015-07-23,37.29999923706055,39.04999923706055,37.0,38.599998474121094,26.307741165161133,5123038
2015-07-24,39.0,39.0,37.79999923706055,37.849998474121094,25.796579360961914,4978600
2015-07-27,37.29999923706055,37.400001525878906,35.20000076293945,35.70000076293945,24.331253051757812,6138681
2015-07-28,35.95000076293945,36.29999923706055,33.75,33.79999923706055,23.03630828857422,11352659
2015-07-29,34.45000076293945,35.0,33.20000076293945,33.900001525878906,23.10446548461914,9240399
2015-07-30,34.20000076293945,34.95000076293945,33.70000076293945,33.79999923706055,23.03630828857422,6074100
2015-07-31,34.0,34.25,32.95000076293945,33.29999923706055,22.695533752441406,5175400
2015-08-03,33.29999923706055,33.29999923706055,31.75,32.25,21.97991371154785,7347583
2015-08-04,32.70000076293945,33.349998474121094,32.0,32.650001525878906,22.252532958984375,6991515
2015-08-05,32.650001525878906,33.04999923706055,32.54999923706055,32.650001525878906,22.252532958984375,2361213
2015-08-06,32.54999923706055,33.45000076293945,32.150001525878906,33.04999923706055,22.525148391723633,3871716
2015-08-07,33.0,34.650001525878906,33.0,34.25,23.343008041381836,4880833
2015-08-10,33.900001525878906,35.29999923706055,33.20000076293945,35.0,23.854167938232422,7320072
2015-08-11,35.0,36.20000076293945,33.849998474121094,34.29999923706055,23.377084732055664,6373198
2015-08-12,33.599998474121094,33.95000076293945,32.599998474121094,33.099998474121094,22.559228897094727,4821900
2015-08-13,33.099998474121094,34.150001525878906,33.04999923706055,33.650001525878906,22.934080123901367,3377700
2015-08-14,33.349998474121094,34.099998474121094,33.20000076293945,33.29999923706055,22.695533752441406,2241900
2015-08-17,32.54999923706055,33.29999923706055,32.099998474121094,33.099998474121094,22.559228897094727,2896386
2015-08-18,32.900001525878906,33.45000076293945,31.75,32.099998474121094,21.8776798248291,6119000
2015-08-19,31.899999618530273,32.599998474121094,31.700000762939453,32.29999923706055,22.013988494873047,3196436
2015-08-20,32.29999923706055,32.29999923706055,30.950000762939453,31.350000381469727,21.366519927978516,3548211
2015-08-21,30.049999237060547,31.0,30.049999237060547,30.700000762939453,20.923513412475586,4220905
2015-08-24,29.75,29.75,27.049999237060547,28.5,19.42410659790039,8161863
2015-08-25,29.350000381469727,30.600000381469727,27.899999618530273,28.450000762939453,19.390031814575195,10606672
2015-08-26,28.799999237060547,29.549999237060547,27.200000762939453,27.850000381469727,18.981101989746094,11759982
2015-08-27,28.399999618530273,30.850000381469727,28.399999618530273,30.600000381469727,20.85536003112793,13806843
2015-08-28,30.799999237060547,31.75,30.299999237060547,30.450000762939453,20.753124237060547,13178962
2015-08-31,30.649999618530273,30.75,29.5,30.299999237060547,20.65089225769043,8906887
2015-09-01,29.299999237060547,29.649999618530273,28.350000381469727,28.75,19.59449577331543,5970178
2015-09-02,28.450000762939453,29.350000381469727,27.549999237060547,28.399999618530273,19.355953216552734,8931605
2015-09-04,28.100000381469727,28.5,27.399999618530273,28.299999237060547,19.287799835205078,4840511
2015-09-07,27.799999237060547,29.350000381469727,27.799999237060547,28.25,19.253721237182617,4781750
2015-09-08,28.75,30.799999237060547,28.25,30.549999237060547,20.821279525756836,9940761
2015-09-09,31.049999237060547,31.899999618530273,30.649999618530273,31.5,21.468751907348633,8626986
2015-09-10,31.0,31.850000381469727,30.350000381469727,31.5,21.468751907348633,3766878
2015-09-11,31.200000762939453,32.54999923706055,31.100000381469727,31.549999237060547,21.502824783325195,5751338
2015-09-14,32.0,32.349998474121094,30.75,31.450000762939453,21.434675216674805,3605800
2015-09-15,31.450000762939453,32.150001525878906,31.149999618530273,31.600000381469727,21.536903381347656,3380546
2015-09-16,32.5,34.150001525878906,31.899999618530273,33.650001525878906,22.934080123901367,9480341
2015-09-17,33.599998474121094,34.70000076293945,33.599998474121094,33.900001525878906,23.10446548461914,7729123
2015-09-18,34.29999923706055,34.900001525878906,33.900001525878906,34.599998474121094,23.581546783447266,5189840
2015-09-21,33.95000076293945,34.349998474121094,33.5,34.25,23.343008041381836,3129223
2015-09-22,34.20000076293945,35.45000076293945,34.150001525878906,34.75,23.683778762817383,6887500
2015-09-23,34.75,34.75,33.20000076293945,34.45000076293945,23.47931480407715,9120581
2015-09-24,34.0,35.099998474121094,33.849998474121094,34.54999923706055,23.547470092773438,3830800
2015-09-25,34.150001525878906,35.0,33.75,34.75,23.683778762817383,4190243
2015-09-29,32.79999923706055,33.650001525878906,32.45000076293945,32.599998474121094,22.21845245361328,8499128
2015-09-30,32.900001525878906,33.349998474121094,32.849998474121094,33.29999923706055,22.695533752441406,5837729
2015-10-02,33.400001525878906,34.900001525878906,33.0,34.54999923706055,23.547470092773438,6070644
2015-10-05,35.099998474121094,35.95000076293945,35.099998474121094,35.45000076293945,24.160865783691406,4618535
2015-10-06,36.099998474121094,36.150001525878906,34.79999923706055,35.099998474121094,23.92232322692871,3249200
2015-10-07,34.599998474121094,36.650001525878906,34.599998474121094,36.25,24.70610237121582,7909500
2015-10-08,35.95000076293945,36.29999923706055,35.349998474121094,36.0,24.535715103149414,4023400
2015-10-09,36.20000076293945,36.75,35.900001525878906,36.25,24.70610237121582,3703483
2015-10-12,36.04999923706055,36.95000076293945,36.04999923706055,36.349998474121094,24.774255752563477,3098361
2015-10-13,36.29999923706055,36.849998474121094,35.45000076293945,35.849998474121094,24.433481216430664,2925455
2015-10-14,35.0,35.5,34.849998474121094,35.45000076293945,24.160865783691406,2755024
2015-10-15,35.79999923706055,36.650001525878906,35.650001525878906,36.0,24.535715103149414,2762280
2015-10-16,36.79999923706055,36.849998474121094,36.20000076293945,36.45000076293945,24.8424129486084,2551088
2015-10-19,36.5,36.70000076293945,35.79999923706055,36.29999923706055,24.740177154541016,3256370
2015-10-20,35.849998474121094,36.349998474121094,35.5,36.04999923706055,24.569791793823242,1793880
2015-10-22,35.599998474121094,36.150001525878906,35.25,35.70000076293945,24.331253051757812,2539748
2015-10-23,36.0,36.5,35.849998474121094,36.29999923706055,24.740177154541016,3087312
2015-10-26,36.79999923706055,37.400001525878906,36.29999923706055,36.54999923706055,24.910566329956055,3153839
2015-10-27,37.20000076293945,37.20000076293945,35.54999923706055,36.599998474121094,24.94464111328125,2468687
2015-10-28,36.099998474121094,36.849998474121094,35.5,35.75,24.36532974243164,2349655
2015-10-29,36.0,36.0,33.75,34.04999923706055,23.206695556640625,7361210
2015-10-30,34.150001525878906,34.400001525878906,33.400001525878906,34.20000076293945,23.308929443359375,4955889
2015-11-02,33.29999923706055,34.099998474121094,33.099998474121094,33.5,22.83184814453125,3918857
2015-11-03,33.79999923706055,34.25,33.45000076293945,33.54999923706055,22.865922927856445,2167765
2015-11-04,33.599998474121094,35.349998474121094,33.599998474121094,34.5,23.513395309448242,6384923
2015-11-05,34.150001525878906,36.20000076293945,34.150001525878906,35.150001525878906,23.95639991760254,8968771
2015-11-06,35.150001525878906,36.5,34.79999923706055,35.95000076293945,24.501636505126953,4510900
2015-11-09,35.5,37.5,35.5,36.0,24.535715103149414,4469900
2015-11-10,35.54999923706055,35.95000076293945,35.099998474121094,35.099998474121094,23.92232322692871,3754576
2015-11-11,34.900001525878906,35.79999923706055,34.349998474121094,34.70000076293945,23.649703979492188,4568018
2015-11-12,35.04999923706055,35.75,34.5,34.900001525878906,23.786014556884766,6190570
2015-11-13,34.150001525878906,35.349998474121094,34.150001525878906,34.75,23.683778762817383,4965078
2015-11-16,34.29999923706055,34.29999923706055,33.5,33.70000076293945,22.968156814575195,5450799
2015-11-17,34.04999923706055,35.04999923706055,33.650001525878906,33.70000076293945,22.968156814575195,5079848
2015-11-18,33.79999923706055,34.349998474121094,33.650001525878906,33.75,23.00223159790039,3213371
2015-11-19,34.349998474121094,34.45000076293945,33.95000076293945,34.04999923706055,23.206695556640625,2026800
2015-11-20,33.95000076293945,34.54999923706055,33.599998474121094,34.400001525878906,23.44523811340332,2751610
2015-11-23,34.349998474121094,34.70000076293945,33.650001525878906,33.70000076293945,22.968156814575195,4534835
2015-11-24,33.95000076293945,33.95000076293945,33.04999923706055,33.099998474121094,22.559228897094727,6083572
2015-11-25,33.29999923706055,33.5,33.0,33.20000076293945,22.627382278442383,5456059
2015-11-26,33.599998474121094,33.900001525878906,33.150001525878906,33.25,22.661460876464844,2276601
2015-11-27,33.5,33.599998474121094,31.700000762939453,31.850000381469727,21.707290649414062,8506743
2015-11-30,31.899999618530273,32.5,31.649999618530273,32.099998474121094,21.8776798248291,5805604
2015-12-01,32.599998474121094,32.900001525878906,32.29999923706055,32.75,22.32068634033203,4658245
2015-12-02,32.900001525878906,34.25,32.79999923706055,34.150001525878906,23.274852752685547,10330052
2015-12-03,34.099998474121094,35.25,33.400001525878906,34.70000076293945,23.649703979492188,10780507
2015-12-04,34.04999923706055,34.29999923706055,33.75,33.79999923706055,23.03630828857422,4191200
2015-12-07,33.900001525878906,34.150001525878906,33.25,33.54999923706055,22.865922927856445,2672254
2015-12-08,33.599998474121094,34.0,32.849998474121094,33.20000076293945,22.627382278442383,3914151
2015-12-09,33.5,33.5,32.70000076293945,33.20000076293945,22.627382278442383,3539100
2015-12-10,33.0,33.70000076293945,32.349998474121094,32.400001525878906,22.08214569091797,3418918
2015-12-11,32.349998474121094,32.400001525878906,31.25,31.399999618530273,21.400596618652344,6959524
2015-12-14,30.5,32.79999923706055,30.450000762939453,32.400001525878906,22.08214569091797,7539372
2015-12-15,32.0,32.70000076293945,31.600000381469727,32.0,21.809524536132812,2997933
2015-12-16,32.400001525878906,32.79999923706055,32.0,32.04999923706055,21.843603134155273,4156133
2015-12-17,32.349998474121094,33.25,32.20000076293945,32.54999923706055,22.184375762939453,4077650
2015-12-18,32.04999923706055,32.70000076293945,31.850000381469727,32.150001525878906,21.911754608154297,3995466
2015-12-21,31.600000381469727,33.29999923706055,31.600000381469727,32.599998474121094,22.21845245361328,4809128
2015-12-22,32.95000076293945,33.25,32.75,32.900001525878906,22.42291831970215,1729176
2015-12-23,33.0,33.95000076293945,32.95000076293945,33.400001525878906,22.763694763183594,4652727
2015-12-24,33.70000076293945,34.099998474121094,33.70000076293945,33.849998474121094,23.070388793945312,1577300
2015-12-28,33.79999923706055,33.79999923706055,32.54999923706055,32.70000076293945,22.28660774230957,3742600
2015-12-29,32.70000076293945,33.0,32.54999923706055,32.95000076293945,22.456993103027344,3157594
2015-12-30,33.099998474121094,33.099998474121094,31.850000381469727,31.950000762939453,21.775447845458984,4778528
2015-12-31,31.950000762939453,32.650001525878906,31.950000762939453,32.54999923706055,22.184375762939453,2495700
2016-01-04,32.04999923706055,32.45000076293945,30.950000762939453,31.299999237060547,21.332441329956055,6125471
2016-01-05,31.649999618530273,32.04999923706055,30.5,31.100000381469727,21.19613265991211,5235960
2016-01-06,30.899999618530273,31.450000762939453,30.600000381469727,31.049999237060547,21.16205596923828,3942683
2016-01-07,30.5,30.600000381469727,28.850000381469727,29.25,19.935270309448242,8962293
2016-01-08,30.399999618530273,30.450000762939453,28.799999237060547,29.649999618530273,20.207887649536133,7960837
2016-01-11,28.600000381469727,29.0,28.299999237060547,28.549999237060547,19.45818328857422,6800793
2016-01-12,28.899999618530273,29.200000762939453,28.049999237060547,28.100000381469727,19.1514892578125,5387779
2016-01-13,28.75,29.100000381469727,27.950000762939453,28.149999618530273,19.18556785583496,8126877
2016-01-14,27.350000381469727,28.200000762939453,27.299999237060547,28.0,19.08333396911621,3984236
2016-01-15,28.200000762939453,28.200000762939453,26.75,26.950000762939453,18.36771011352539,4923705
2016-01-18,26.299999237060547,27.350000381469727,26.200000762939453,27.0,18.40178871154785,4335656
2016-01-19,26.950000762939453,28.0,26.549999237060547,27.75,18.912946701049805,8786700
2016-01-20,26.899999618530273,27.100000381469727,26.100000381469727,26.350000381469727,17.95878028869629,6218000
2016-01-21,26.600000381469727,26.950000762939453,25.549999237060547,25.700000762939453,17.515777587890625,5098800
2016-01-22,26.600000381469727,27.200000762939453,26.049999237060547,27.0,18.40178871154785,5557100
2016-01-25,27.5,27.5,26.700000762939453,27.100000381469727,18.469940185546875,3727200
2016-01-26,26.5,26.75,25.450000762939453,25.700000762939453,17.515777587890625,6027540
2016-01-27,26.399999618530273,26.399999618530273,25.450000762939453,25.600000381469727,17.447620391845703,7576550
2016-01-28,25.549999237060547,26.149999618530273,25.5,25.799999237060547,17.583927154541016,3801600
2016-01-29,25.700000762939453,26.600000381469727,25.399999618530273,26.399999618530273,17.992856979370117,5381597
2016-02-01,26.399999618530273,26.5,25.5,25.649999618530273,17.48169708251953,3444400
2016-02-02,25.600000381469727,25.899999618530273,25.149999618530273,25.5,17.37946319580078,2847961
2016-02-03,25.0,25.049999237060547,24.200000762939453,24.549999237060547,16.731996536254883,4975188
2016-02-04,24.799999237060547,24.950000762939453,24.5,24.549999237060547,16.731996536254883,2010827
2016-02-05,24.350000381469727,25.299999237060547,24.350000381469727,24.549999237060547,16.731996536254883,2848214
2016-02-11,23.200000762939453,23.25,22.5,22.799999237060547,15.539286613464355,2996093
2016-02-12,22.299999237060547,22.75,22.0,22.100000381469727,15.062204360961914,3251257
2016-02-15,22.700000762939453,23.950000762939453,22.600000381469727,23.799999237060547,16.220834732055664,6101727
2016-02-16,24.049999237060547,24.450000762939453,23.700000762939453,24.049999237060547,16.391220092773438,5809357
2016-02-17,24.600000381469727,24.75,23.600000381469727,23.850000381469727,16.254911422729492,3652102
2016-02-18,24.5,24.75,24.200000762939453,24.399999618530273,16.629764556884766,6337900
2016-02-19,23.899999618530273,24.450000762939453,23.899999618530273,24.200000762939453,16.493453979492188,2747521
2016-02-22,24.799999237060547,25.049999237060547,24.25,24.899999618530273,16.970535278320312,6683000
2016-02-23,25.100000381469727,25.200000762939453,24.299999237060547,24.700000762939453,16.834226608276367,3985600
2016-02-24,24.600000381469727,24.600000381469727,23.850000381469727,24.299999237060547,16.561607360839844,3426247
2016-02-25,24.200000762939453,24.549999237060547,23.100000381469727,23.200000762939453,15.811907768249512,5060049
2016-02-26,23.649999618530273,23.700000762939453,22.950000762939453,23.299999237060547,15.880060195922852,5849934
2016-02-29,23.350000381469727,23.350000381469727,22.299999237060547,22.5,15.334823608398438,5578427
2016-03-01,22.049999237060547,22.75,22.049999237060547,22.649999618530273,15.437053680419922,5222700
2016-03-02,23.049999237060547,24.299999237060547,23.049999237060547,24.049999237060547,16.391220092773438,6421697
2016-03-03,24.200000762939453,24.399999618530273,23.299999237060547,24.100000381469727,16.4252986907959,5986200
2016-03-04,24.399999618530273,25.149999618530273,24.100000381469727,25.049999237060547,17.07276725769043,6003594
2016-03-07,25.200000762939453,25.799999237060547,24.799999237060547,25.0,17.0386905670166,5268215
2016-03-08,24.899999618530273,24.899999618530273,23.850000381469727,24.600000381469727,16.766075134277344,6361600
2016-03-09,24.149999618530273,24.399999618530273,24.0,24.350000381469727,16.595684051513672,3478259
2016-03-10,24.450000762939453,24.549999237060547,23.549999237060547,23.799999237060547,16.220834732055664,3319718
2016-03-11,23.600000381469727,24.299999237060547,23.399999618530273,24.25,16.527530670166016,5163867
2016-03-14,24.450000762939453,25.399999618530273,24.450000762939453,25.0,17.0386905670166,5302743
2016-03-15,24.700000762939453,24.950000762939453,24.350000381469727,24.75,16.868305206298828,2163100
2016-03-16,24.799999237060547,25.149999618530273,24.350000381469727,24.649999618530273,16.800146102905273,2669300
2016-03-17,25.299999237060547,25.549999237060547,24.850000381469727,25.5,17.37946319580078,5039900
2016-03-18,25.649999618530273,26.100000381469727,25.350000381469727,25.950000762939453,17.686161041259766,7814827
2016-03-21,25.950000762939453,27.450000762939453,25.899999618530273,27.100000381469727,18.469940185546875,12185766
2016-03-22,27.049999237060547,27.350000381469727,26.549999237060547,26.850000381469727,18.299556732177734,8368300
2016-03-23,26.899999618530273,27.0,26.25,26.600000381469727,18.129167556762695,4386492
2016-03-24,26.399999618530273,26.700000762939453,25.850000381469727,26.049999237060547,17.754316329956055,4980855
2016-03-29,26.049999237060547,26.450000762939453,25.700000762939453,26.350000381469727,17.95878028869629,3710827
2016-03-30,26.899999618530273,27.399999618530273,26.350000381469727,27.100000381469727,18.469940185546875,6983653
2016-03-31,27.25,27.549999237060547,26.799999237060547,27.350000381469727,18.64032745361328,4075982
2016-04-01,27.149999618530273,27.149999618530273,26.299999237060547,26.75,18.231399536132812,5636336
2016-04-05,26.100000381469727,26.850000381469727,25.850000381469727,26.450000762939453,18.02693748474121,5243807
2016-04-06,26.100000381469727,26.600000381469727,26.100000381469727,26.299999237060547,17.924701690673828,2244531
2016-04-07,26.549999237060547,26.600000381469727,25.850000381469727,26.0,17.720239639282227,2480152
2016-04-08,25.700000762939453,26.049999237060547,25.450000762939453,25.950000762939453,17.686161041259766,3768508
2016-04-11,25.950000762939453,26.450000762939453,25.350000381469727,26.399999618530273,17.992856979370117,2113210
2016-04-12,26.149999618530273,26.549999237060547,26.149999618530273,26.549999237060547,18.095090866088867,1557230
2016-04-13,26.700000762939453,27.899999618530273,26.700000762939453,27.649999618530273,18.84479331970215,8872400
2016-04-14,27.899999618530273,28.450000762939453,27.600000381469727,27.75,18.912946701049805,4819933
2016-04-15,27.799999237060547,28.0,27.399999618530273,27.549999237060547,18.77663803100586,4481513
2016-04-18,27.600000381469727,27.600000381469727,26.399999618530273,26.899999618530273,18.333629608154297,4193298
2016-04-19,27.200000762939453,27.5,26.700000762939453,27.299999237060547,18.606250762939453,3214418
2016-04-20,27.0,27.200000762939453,26.299999237060547,26.75,18.231399536132812,3642933
2016-04-21,26.950000762939453,27.149999618530273,26.399999618530273,27.100000381469727,18.469940185546875,4556493
2016-04-22,26.850000381469727,26.950000762939453,26.5,26.799999237060547,18.265478134155273,2166497
2016-04-25,26.700000762939453,26.799999237060547,26.100000381469727,26.399999618530273,17.992856979370117,2153927
2016-04-26,26.350000381469727,26.5,25.5,26.25,17.890625,4036102
2016-04-27,25.549999237060547,26.149999618530273,25.549999237060547,25.950000762939453,17.686161041259766,3615808
2016-04-28,26.200000762939453,26.25,25.549999237060547,25.700000762939453,17.515777587890625,5650000
2016-04-29,25.299999237060547,25.649999618530273,25.299999237060547,25.450000762939453,17.345386505126953,3988337
2016-05-03,25.399999618530273,25.399999618530273,24.399999618530273,25.0,17.0386905670166,4934626
2016-05-04,24.549999237060547,25.049999237060547,24.549999237060547,25.0,17.0386905670166,4420985
2016-05-05,25.200000762939453,25.200000762939453,24.549999237060547,24.950000762939453,17.004613876342773,3230350
2016-05-06,24.649999618530273,25.049999237060547,24.299999237060547,24.350000381469727,16.595684051513672,4038800
2016-05-09,24.5,24.5,24.200000762939453,24.350000381469727,16.595684051513672,2589278
2016-05-10,24.100000381469727,24.549999237060547,24.100000381469727,24.350000381469727,16.595684051513672,4109308
2016-05-11,24.649999618530273,24.649999618530273,23.950000762939453,24.450000762939453,16.66383934020996,2743695
2016-05-12,24.149999618530273,24.549999237060547,24.049999237060547,24.5,16.69791603088379,1627000
2016-05-13,24.149999618530273,24.549999237060547,24.100000381469727,24.299999237060547,16.561607360839844,3895000
2016-05-16,24.149999618530273,24.799999237060547,23.799999237060547,24.399999618530273,16.629764556884766,2143785
2016-05-17,24.5,24.850000381469727,24.299999237060547,24.649999618530273,16.800146102905273,2812600
2016-05-18,24.100000381469727,24.5,24.100000381469727,24.299999237060547,16.561607360839844,3692493
2016-05-19,24.049999237060547,24.5,24.049999237060547,24.25,16.527530670166016,2470500
2016-05-20,24.0,24.799999237060547,24.0,24.700000762939453,16.834226608276367,3206799
2016-05-23,24.700000762939453,24.950000762939453,24.549999237060547,24.600000381469727,16.766075134277344,1983605
2016-05-24,24.799999237060547,24.799999237060547,24.149999618530273,24.350000381469727,16.595684051513672,3380442
2016-05-25,25.200000762939453,25.399999618530273,24.75,25.25,17.209077835083008,5028300
2016-05-26,25.049999237060547,25.450000762939453,24.799999237060547,25.450000762939453,17.345386505126953,2561988
2016-05-27,25.899999618530273,25.899999618530273,25.049999237060547,25.700000762939453,17.515777587890625,3713179
2016-05-30,25.700000762939453,26.149999618530273,25.399999618530273,26.0,17.720239639282227,5096548
2016-05-31,25.700000762939453,27.0,25.700000762939453,26.600000381469727,18.129167556762695,7929147
2016-06-01,26.450000762939453,26.850000381469727,26.350000381469727,26.700000762939453,18.197322845458984,4002182
2016-06-02,26.649999618530273,26.899999618530273,26.5,26.700000762939453,18.197322845458984,2142627
2016-06-03,26.5,27.149999618530273,26.450000762939453,26.899999618530273,18.333629608154297,2791400
2016-06-06,26.899999618530273,27.049999237060547,26.600000381469727,26.899999618530273,18.333629608154297,1838200
2016-06-07,27.149999618530273,27.5,26.700000762939453,27.450000762939453,18.70848274230957,3593202
2016-06-08,27.100000381469727,27.350000381469727,26.799999237060547,27.049999237060547,18.435863494873047,3377155
2016-06-10,27.100000381469727,27.100000381469727,26.549999237060547,26.649999618530273,18.163244247436523,2141847
2016-06-13,25.799999237060547,26.200000762939453,25.700000762939453,26.0,17.720239639282227,3937758
2016-06-14,25.5,26.25,25.5,26.100000381469727,17.788393020629883,3392400
2016-06-15,25.700000762939453,26.399999618530273,25.549999237060547,26.350000381469727,17.95878028869629,2786152
2016-06-16,26.049999237060547,26.25,25.649999618530273,26.049999237060547,17.754316329956055,3731385
2016-06-17,26.5,26.5,26.049999237060547,26.299999237060547,17.924701690673828,2046977
2016-06-20,26.5,26.899999618530273,26.049999237060547,26.649999618530273,18.163244247436523,1724140
2016-06-21,26.899999618530273,26.950000762939453,26.5,26.850000381469727,18.299556732177734,3426375
2016-06-22,26.899999618530273,27.299999237060547,26.549999237060547,27.200000762939453,18.538097381591797,2568978
2016-06-23,27.200000762939453,27.200000762939453,26.700000762939453,27.149999618530273,18.504018783569336,3879500
2016-06-24,27.0,27.299999237060547,25.5,27.100000381469727,18.469940185546875,8657800
2016-06-27,26.5,27.0,26.5,26.850000381469727,18.299556732177734,3970529
2016-06-28,26.25,26.899999618530273,25.899999618530273,26.799999237060547,18.265478134155273,4260854
2016-06-29,27.299999237060547,27.299999237060547,26.75,27.200000762939453,18.538097381591797,3530128
2016-06-30,27.75,27.899999618530273,27.350000381469727,27.549999237060547,18.77663803100586,3865566
2016-07-04,27.649999618530273,28.450000762939453,27.600000381469727,28.200000762939453,19.219642639160156,3997900
2016-07-05,28.100000381469727,28.399999618530273,27.350000381469727,27.450000762939453,18.70848274230957,2371102
2016-07-06,27.0,27.200000762939453,26.799999237060547,27.049999237060547,18.435863494873047,3103100
2016-07-07,27.25,27.350000381469727,26.700000762939453,27.200000762939453,18.538097381591797,3053162
2016-07-08,26.899999618530273,27.100000381469727,26.649999618530273,27.100000381469727,18.469940185546875,1079452
2016-07-11,27.299999237060547,27.5,27.0,27.0,18.62892723083496,1830448
2016-07-12,27.100000381469727,27.899999618530273,26.950000762939453,27.700000762939453,19.11189842224121,3287037
2016-07-13,27.799999237060547,28.149999618530273,27.600000381469727,28.0,19.318885803222656,2920040
2016-07-14,28.0,28.200000762939453,27.75,28.200000762939453,19.456878662109375,2221000
2016-07-15,28.200000762939453,28.75,27.950000762939453,28.450000762939453,19.629371643066406,6689400
2016-07-18,28.600000381469727,28.700000762939453,28.299999237060547,28.450000762939453,19.629371643066406,2484440
2016-07-19,28.149999618530273,28.600000381469727,28.0,28.149999618530273,19.422382354736328,2568800
2016-07-20,28.100000381469727,28.299999237060547,27.899999618530273,28.049999237060547,19.35338592529297,2705139
2016-07-21,28.25,28.350000381469727,27.950000762939453,28.200000762939453,19.456878662109375,3751306
2016-07-22,28.149999618530273,28.149999618530273,27.799999237060547,27.850000381469727,19.21539306640625,2852533
2016-07-25,28.049999237060547,28.100000381469727,27.200000762939453,28.100000381469727,19.38788414001465,3562076
2016-07-26,27.799999237060547,28.450000762939453,27.799999237060547,28.299999237060547,19.525875091552734,2798455
2016-07-27,28.5,28.600000381469727,27.700000762939453,28.049999237060547,19.35338592529297,6304600
2016-07-28,27.850000381469727,28.100000381469727,27.799999237060547,27.899999618530273,19.249893188476562,2788450
2016-07-29,27.649999618530273,27.950000762939453,27.399999618530273,27.450000762939453,18.939409255981445,3588968
2016-08-01,27.75,28.399999618530273,27.75,28.200000762939453,19.456878662109375,4714300
2016-08-02,28.200000762939453,28.200000762939453,28.200000762939453,28.200000762939453,19.456878662109375,0
2016-08-03,27.600000381469727,28.149999618530273,27.450000762939453,27.649999618530273,19.077402114868164,2770885
2016-08-04,28.0,28.100000381469727,27.549999237060547,27.950000762939453,19.284391403198242,2203205
2016-08-05,28.100000381469727,28.5,28.049999237060547,28.350000381469727,19.560375213623047,2842900
2016-08-08,28.75,28.799999237060547,28.450000762939453,28.799999237060547,19.870853424072266,2383500
2016-08-09,28.700000762939453,28.75,28.299999237060547,28.5,19.66386604309082,1624754
2016-08-10,28.25,28.700000762939453,28.25,28.450000762939453,19.629371643066406,1547700
2016-08-11,28.399999618530273,30.149999618530273,28.399999618530273,29.350000381469727,20.25033187866211,7437003
2016-08-12,29.799999237060547,30.5,29.350000381469727,30.450000762939453,21.009288787841797,6582663
2016-08-15,30.399999618530273,33.0,30.399999618530273,32.650001525878906,22.527202606201172,13926142
2016-08-16,32.849998474121094,32.849998474121094,31.700000762939453,32.04999923706055,22.11322593688965,5976231
2016-08-17,32.29999923706055,32.900001525878906,31.600000381469727,32.349998474121094,22.32021141052246,9579390
2016-08-18,32.25,33.04999923706055,31.850000381469727,32.29999923706055,22.285717010498047,8201200
2016-08-19,32.599998474121094,32.599998474121094,32.0,32.5,22.423709869384766,3777934
2016-08-22,32.5,32.650001525878906,31.75,32.20000076293945,22.21672248840332,5563664
2016-08-23,32.29999923706055,32.54999923706055,31.700000762939453,31.950000762939453,22.044231414794922,4871400
2016-08-24,31.950000762939453,32.0,31.200000762939453,31.700000762939453,21.871740341186523,3032400
2016-08-25,31.950000762939453,32.04999923706055,31.450000762939453,32.0,22.0787296295166,2520566
2016-08-26,32.0,32.099998474121094,31.75,31.799999237060547,21.940736770629883,2595840
2016-08-29,31.5,31.600000381469727,31.049999237060547,31.549999237060547,21.76824378967285,1989850
2016-08-30,31.5,31.850000381469727,31.450000762939453,31.700000762939453,21.871740341186523,1820500
2016-08-31,32.0,32.0,31.0,31.549999237060547,21.76824378967285,4498859
2016-09-01,31.399999618530273,32.099998474121094,31.200000762939453,31.799999237060547,21.940736770629883,3518820
2016-09-02,31.200000762939453,31.899999618530273,31.200000762939453,31.25,21.56125831604004,5344518
2016-09-05,31.850000381469727,32.599998474121094,31.850000381469727,32.20000076293945,22.21672248840332,6236114
2016-09-06,32.04999923706055,32.29999923706055,31.799999237060547,32.20000076293945,22.21672248840332,4902388
2016-09-07,31.850000381469727,33.25,31.850000381469727,32.95000076293945,22.734189987182617,7280200
2016-09-08,33.150001525878906,34.650001525878906,32.95000076293945,33.79999923706055,23.320655822753906,11493443
2016-09-09,34.25,35.150001525878906,34.099998474121094,34.400001525878906,23.734634399414062,10442259
2016-09-12,33.400001525878906,33.79999923706055,32.79999923706055,33.400001525878906,23.044673919677734,9564864
2016-09-13,33.650001525878906,33.95000076293945,32.400001525878906,32.650001525878906,22.527202606201172,6595500
2016-09-14,32.650001525878906,33.099998474121094,32.29999923706055,32.54999923706055,22.458208084106445,4058776
2016-09-15,32.54999923706055,33.400001525878906,32.20000076293945,33.29999923706055,22.975675582885742,3852795
2016-09-19,33.650001525878906,34.25,33.150001525878906,34.099998474121094,23.52764320373535,9044521
2016-09-20,33.900001525878906,34.5,33.29999923706055,34.0,23.458648681640625,7058496
2016-09-21,34.099998474121094,34.25,33.400001525878906,34.0,23.458648681640625,7780100
2016-09-22,34.04999923706055,35.20000076293945,34.0,34.20000076293945,23.596641540527344,10099400
2016-09-23,34.400001525878906,34.45000076293945,33.650001525878906,34.04999923706055,23.493148803710938,4098700
2016-09-26,33.79999923706055,33.95000076293945,33.45000076293945,33.79999923706055,23.320655822753906,3952200
2016-09-27,33.5,34.45000076293945,33.5,34.400001525878906,23.734634399414062,3694164
2016-09-28,34.099998474121094,34.45000076293945,33.70000076293945,34.349998474121094,23.700132369995117,2589449
2016-09-29,34.79999923706055,34.79999923706055,34.20000076293945,34.70000076293945,23.941621780395508,3898839
2016-09-30,34.150001525878906,34.599998474121094,34.04999923706055,34.25,23.63113784790039,4248700
2016-10-03,34.70000076293945,35.0,34.400001525878906,34.70000076293945,23.941621780395508,3000325
2016-10-04,35.0,35.0,34.349998474121094,34.849998474121094,24.04511070251465,1698456
2016-10-05,35.0,35.20000076293945,34.54999923706055,34.900001525878906,24.079614639282227,3447358
2016-10-06,35.04999923706055,35.29999923706055,34.70000076293945,35.29999923706055,24.355600357055664,2988330
2016-10-07,35.29999923706055,35.400001525878906,34.849998474121094,35.0,24.148611068725586,3903520
2016-10-11,35.45000076293945,35.79999923706055,34.79999923706055,35.04999923706055,24.183109283447266,5181200
2016-10-12,35.0,35.20000076293945,34.54999923706055,35.0,24.148611068725586,4754622
2016-10-13,35.20000076293945,35.20000076293945,34.70000076293945,34.75,23.976119995117188,6182084
2016-10-14,35.0,35.400001525878906,34.400001525878906,34.849998474121094,24.04511070251465,6473100
2016-10-17,35.29999923706055,35.29999923706055,34.25,34.400001525878906,23.734634399414062,3785100
2016-10-18,34.54999923706055,34.900001525878906,34.20000076293945,34.75,23.976119995117188,3727750
2016-10-19,34.849998474121094,34.849998474121094,34.29999923706055,34.45000076293945,23.769128799438477,3929900
2016-10-20,34.79999923706055,34.79999923706055,33.849998474121094,34.0,23.458648681640625,6247628
2016-10-21,34.0,34.0,34.0,34.0,23.458648681640625,0
2016-10-24,34.25,34.900001525878906,34.0,34.5,23.803630828857422,3931866
2016-10-25,34.349998474121094,34.75,34.20000076293945,34.45000076293945,23.769128799438477,2419160
2016-10-26,34.650001525878906,34.650001525878906,34.20000076293945,34.29999923706055,23.665637969970703,1623600
2016-10-27,34.5,34.5,33.54999923706055,34.099998474121094,23.52764320373535,2191500
2016-10-28,34.0,34.400001525878906,33.25,33.79999923706055,23.320655822753906,3874792
2016-10-31,33.95000076293945,33.95000076293945,33.25,33.599998474121094,23.182662963867188,3250258
2016-11-01,33.45000076293945,34.75,33.45000076293945,34.5,23.803630828857422,3215495
2016-11-02,34.400001525878906,34.400001525878906,33.5,33.849998474121094,23.35515594482422,4364347
2016-11-03,34.099998474121094,34.25,33.349998474121094,34.0,23.458648681640625,3012094
2016-11-04,33.5,34.099998474121094,33.5,34.0,23.458648681640625,1203333
2016-11-07,33.79999923706055,34.5,33.75,34.29999923706055,23.665637969970703,2526290
2016-11-08,34.400001525878906,34.599998474121094,34.349998474121094,34.599998474121094,23.872623443603516,2592500
2016-11-09,34.849998474121094,34.849998474121094,32.95000076293945,33.79999923706055,23.320655822753906,6932996
2016-11-10,34.900001525878906,34.900001525878906,34.25,34.54999923706055,23.838125228881836,2966532
2016-11-11,33.849998474121094,35.04999923706055,33.349998474121094,34.650001525878906,23.90712547302246,4881000
2016-11-14,33.79999923706055,34.79999923706055,33.79999923706055,34.099998474121094,23.52764320373535,4960164
2016-11-15,34.04999923706055,34.95000076293945,34.04999923706055,34.70000076293945,23.941621780395508,4025983
2016-11-16,35.0,35.75,34.95000076293945,35.29999923706055,24.355600357055664,6968722
2016-11-17,35.0,35.650001525878906,34.75,35.400001525878906,24.42459487915039,4433063
2016-11-18,35.20000076293945,35.54999923706055,35.04999923706055,35.54999923706055,24.528087615966797,3067515
2016-11-21,35.79999923706055,37.75,34.849998474121094,37.20000076293945,25.66652488708496,10938133
2016-11-22,37.099998474121094,38.349998474121094,37.099998474121094,38.0,26.21849250793457,7681787
2016-11-23,37.75,38.29999923706055,37.650001525878906,37.79999923706055,26.08049774169922,4857093
2016-11-24,38.0,39.599998474121094,37.29999923706055,39.54999923706055,27.28792953491211,10207800
2016-11-25,39.0,40.25,39.0,39.95000076293945,27.563915252685547,8795165
2016-11-28,39.95000076293945,40.20000076293945,39.54999923706055,39.849998474121094,27.49491310119629,4618492
2016-11-29,40.0,40.0,39.0,39.0,26.908451080322266,7236700
2016-11-30,39.5,39.79999923706055,38.900001525878906,39.25,27.0809383392334,5566800
2016-12-01,39.349998474121094,39.75,39.04999923706055,39.400001525878906,27.18443489074707,5570945
2016-12-02,38.599998474121094,39.29999923706055,38.599998474121094,38.75,26.7359619140625,6944429
2016-12-05,39.349998474121094,39.349998474121094,38.54999923706055,39.0,26.908451080322266,7814358
2016-12-06,39.04999923706055,39.54999923706055,39.04999923706055,39.400001525878906,27.18443489074707,4877600
2016-12-07,39.0,39.599998474121094,39.0,39.400001525878906,27.18443489074707,4530410
2016-12-08,40.0,40.0,39.0,39.150001525878906,27.011945724487305,4191178
2016-12-09,39.0,39.650001525878906,38.70000076293945,39.349998474121094,27.14993667602539,11115096
2016-12-12,39.400001525878906,39.400001525878906,37.349998474121094,37.5,25.873510360717773,7936348
2016-12-13,37.29999923706055,38.0,37.20000076293945,37.95000076293945,26.183996200561523,5914684
2016-12-14,38.0,38.0,36.95000076293945,37.25,25.70102310180664,4209610
2016-12-15,37.099998474121094,37.099998474121094,35.95000076293945,36.20000076293945,24.9765625,7427714
2016-12-16,36.400001525878906,36.79999923706055,36.0,36.20000076293945,24.9765625,4588309
2016-12-19,36.20000076293945,36.20000076293945,35.25,35.650001525878906,24.597082138061523,2783380
2016-12-20,35.650001525878906,36.04999923706055,35.099998474121094,35.29999923706055,24.355600357055664,1783688
2016-12-21,35.099998474121094,36.29999923706055,35.099998474121094,35.95000076293945,24.80406951904297,3447286
2016-12-22,35.349998474121094,36.099998474121094,35.150001525878906,35.150001525878906,24.252105712890625,1975702
2016-12-23,35.099998474121094,35.349998474121094,34.349998474121094,34.95000076293945,24.114110946655273,1458365
2016-12-28,35.099998474121094,35.54999923706055,34.95000076293945,35.45000076293945,24.459091186523438,2083177
2016-12-29,35.099998474121094,35.150001525878906,34.79999923706055,35.0,24.148611068725586,1183476
2016-12-30,35.20000076293945,36.0,35.150001525878906,35.599998474121094,24.562583923339844,2367900
2017-01-03,35.599998474121094,36.79999923706055,35.20000076293945,36.29999923706055,25.04555320739746,3464874
2017-01-04,36.29999923706055,36.5,35.70000076293945,36.0,24.83856773376465,3856066
2017-01-05,36.54999923706055,37.45000076293945,36.400001525878906,37.400001525878906,25.804513931274414,3824236
2017-01-06,37.75,37.75,36.849998474121094,37.25,25.70102310180664,2952504
2017-01-09,37.099998474121094,37.45000076293945,36.5,37.04999923706055,25.563026428222656,1864400
2017-01-10,36.900001525878906,37.45000076293945,36.900001525878906,37.150001525878906,25.63202476501465,2192922
2017-01-11,37.20000076293945,37.54999923706055,37.099998474121094,37.45000076293945,25.839012145996094,1653854
2017-01-12,37.099998474121094,38.0,37.099998474121094,37.400001525878906,25.804513931274414,2339156
2017-01-13,37.5,38.5,37.349998474121094,38.29999923706055,26.425477981567383,2477394
2017-01-16,37.599998474121094,38.0,37.04999923706055,37.349998474121094,25.770015716552734,2407100
2017-01-17,37.400001525878906,38.099998474121094,37.04999923706055,37.29999923706055,25.735517501831055,3163885
2017-01-18,37.650001525878906,38.099998474121094,37.650001525878906,37.79999923706055,26.08049774169922,3020600
2017-01-19,37.29999923706055,38.29999923706055,37.29999923706055,38.150001525878906,26.32198143005371,3258356
2017-01-20,38.0,38.099998474121094,37.650001525878906,37.79999923706055,26.08049774169922,1549741
2017-01-23,37.650001525878906,38.29999923706055,37.599998474121094,37.75,26.046001434326172,1474602
2017-01-24,38.099998474121094,38.599998474121094,37.849998474121094,37.95000076293945,26.183996200561523,2048898
2017-01-25,37.900001525878906,37.900001525878906,36.54999923706055,37.79999923706055,26.08049774169922,2371251
2017-01-26,38.400001525878906,38.45000076293945,37.79999923706055,37.79999923706055,26.08049774169922,1950596
2017-01-27,37.650001525878906,37.900001525878906,37.5,37.70000076293945,26.011503219604492,988996
2017-02-01,37.900001525878906,37.900001525878906,36.45000076293945,37.04999923706055,25.563026428222656,3829735
2017-02-02,36.849998474121094,37.0,36.20000076293945,36.599998474121094,25.252544403076172,1940875
2017-02-03,36.79999923706055,37.150001525878906,36.5,37.0,25.52853012084961,3711252
2017-02-06,37.45000076293945,39.54999923706055,37.099998474121094,39.5,27.253427505493164,10594682
2017-02-07,39.04999923706055,40.0,39.0,39.849998474121094,27.49491310119629,8409333
2017-02-08,39.849998474121094,40.04999923706055,38.5,40.0,27.598411560058594,8819644
2017-02-09,39.79999923706055,40.349998474121094,39.349998474121094,40.04999923706055,27.632904052734375,5704800
2017-02-10,39.79999923706055,40.75,39.79999923706055,40.25,27.77090072631836,7469600
2017-02-13,40.0,41.75,40.0,40.900001525878906,28.21937370300293,8181936
2017-02-14,41.0,41.599998474121094,40.54999923706055,40.75,28.11587905883789,9544980
2017-02-15,41.0,41.650001525878906,40.900001525878906,41.0,28.288368225097656,6911558
2017-02-16,41.0,41.150001525878906,39.95000076293945,40.25,27.77090072631836,4437300
2017-02-17,40.650001525878906,40.650001525878906,39.70000076293945,40.04999923706055,27.632904052734375,4500595
2017-02-20,39.79999923706055,40.20000076293945,39.400001525878906,40.04999923706055,27.632904052734375,6093000
2017-02-21,40.099998474121094,41.099998474121094,39.849998474121094,40.0,27.598411560058594,5852947
2017-02-22,40.29999923706055,40.5,39.900001525878906,40.0,27.598411560058594,5980200
2017-02-23,40.45000076293945,40.45000076293945,39.349998474121094,39.75,27.425920486450195,4083160
2017-02-24,39.5,39.95000076293945,38.79999923706055,39.099998474121094,26.977445602416992,3501300
2017-02-27,39.29999923706055,39.29999923706055,38.349998474121094,38.599998474121094,26.63246726989746,2897000
2017-02-28,38.45000076293945,38.599998474121094,37.79999923706055,38.25,26.39097785949707,4738390
2017-03-01,38.400001525878906,38.5,38.0,38.150001525878906,26.32198143005371,1960073
2017-03-02,38.70000076293945,38.900001525878906,38.099998474121094,38.150001525878906,26.32198143005371,3342561
2017-03-03,38.0,38.0,37.400001525878906,37.75,26.046001434326172,3276769
2017-03-06,37.900001525878906,38.29999923706055,37.79999923706055,38.150001525878906,26.32198143005371,2024530
2017-03-07,38.099998474121094,38.70000076293945,37.900001525878906,38.70000076293945,26.701465606689453,2333233
2017-03-08,38.70000076293945,38.75,38.0,38.599998474121094,26.63246726989746,2867725
2017-03-09,38.45000076293945,38.650001525878906,37.79999923706055,38.400001525878906,26.494474411010742,3698936
2017-03-10,38.650001525878906,38.650001525878906,37.599998474121094,38.29999923706055,26.425477981567383,3465056
2017-03-13,38.5,39.25,38.04999923706055,38.95000076293945,26.873952865600586,4123316
2017-03-14,38.849998474121094,39.150001525878906,38.349998474121094,38.79999923706055,26.770456314086914,3904830
2017-03-15,39.099998474121094,39.099998474121094,38.099998474121094,38.29999923706055,26.425477981567383,2996600
2017-03-16,38.5,39.349998474121094,38.5,38.95000076293945,26.873952865600586,5139413
2017-03-17,39.5,39.54999923706055,38.70000076293945,39.0,26.908451080322266,5217515
2017-03-20,39.20000076293945,39.20000076293945,38.70000076293945,39.0,26.908451080322266,1969800
2017-03-21,39.5,39.5,38.45000076293945,38.54999923706055,26.597965240478516,3337498
2017-03-22,38.20000076293945,38.20000076293945,37.20000076293945,37.54999923706055,25.90800666809082,5373488
2017-03-23,37.599998474121094,38.0,37.5,37.70000076293945,26.011503219604492,1543080
2017-03-24,37.95000076293945,38.0,36.79999923706055,37.099998474121094,25.59752655029297,4092960
2017-03-27,36.95000076293945,37.25,36.5,36.70000076293945,25.321542739868164,3781716
2017-03-28,36.95000076293945,37.54999923706055,36.70000076293945,36.95000076293945,25.494029998779297,2377200
2017-03-29,37.150001525878906,37.349998474121094,36.54999923706055,36.79999923706055,25.390535354614258,2255160
2017-03-30,37.349998474121094,37.349998474121094,36.5,36.75,25.35603904724121,2809163
2017-03-31,37.099998474121094,37.29999923706055,36.70000076293945,37.0,25.52853012084961,3339379
2017-04-03,37.29999923706055,37.5,37.150001525878906,37.29999923706055,25.735517501831055,1384840
2017-04-05,37.70000076293945,38.0,36.849998474121094,37.400001525878906,25.804513931274414,4904281
2017-04-06,37.20000076293945,37.45000076293945,36.79999923706055,36.849998474121094,25.425033569335938,937600
2017-04-07,37.20000076293945,37.20000076293945,36.400001525878906,36.54999923706055,25.218046188354492,2486231
2017-04-10,36.599998474121094,37.099998474121094,36.20000076293945,36.29999923706055,25.04555320739746,3523466
2017-04-11,36.150001525878906,36.650001525878906,36.0,36.150001525878906,24.94207000732422,2778677
2017-04-12,36.29999923706055,36.29999923706055,35.5,36.0,24.83856773376465,4156326
2017-04-13,35.349998474121094,36.29999923706055,35.349998474121094,36.099998474121094,24.90756607055664,2725500
2017-04-18,36.29999923706055,36.599998474121094,35.599998474121094,35.650001525878906,24.597082138061523,2098700
2017-04-19,35.900001525878906,36.0,35.400001525878906,35.599998474121094,24.562583923339844,3453804
2017-04-20,35.70000076293945,36.95000076293945,35.70000076293945,36.849998474121094,25.425033569335938,4670993
2017-04-21,37.0,37.5,36.70000076293945,36.849998474121094,25.425033569335938,2606378
2017-04-24,37.29999923706055,38.150001525878906,36.95000076293945,37.79999923706055,26.08049774169922,5500978
2017-04-25,38.150001525878906,38.79999923706055,38.0,38.650001525878906,26.666967391967773,5096564
2017-04-26,38.79999923706055,39.79999923706055,38.54999923706055,39.349998474121094,27.14993667602539,9379845
2017-04-27,39.400001525878906,39.849998474121094,39.0,39.04999923706055,26.942951202392578,6396124
2017-04-28,39.20000076293945,39.20000076293945,38.099998474121094,38.45000076293945,26.52897071838379,2745230
2017-05-02,39.20000076293945,39.25,38.349998474121094,38.75,26.7359619140625,4541002
2017-05-04,38.5,38.5,37.75,38.150001525878906,26.32198143005371,4973834
2017-05-05,37.849998474121094,38.25,36.54999923706055,37.099998474121094,25.59752655029297,6356900
2017-05-08,37.25,38.54999923706055,36.599998474121094,38.0,26.21849250793457,10369015
2017-05-09,38.25,40.349998474121094,38.25,40.04999923706055,27.632904052734375,16855883
2017-05-10,40.0,41.5,40.0,40.70000076293945,28.08138084411621,19571944
2017-05-11,40.70000076293945,41.54999923706055,40.5,40.54999923706055,27.97789192199707,18373465
2017-05-12,40.54999923706055,42.29999923706055,40.45000076293945,40.849998474121094,28.184873580932617,18072399
2017-05-15,41.20000076293945,41.349998474121094,40.45000076293945,41.099998474121094,28.35736656188965,20754600
2017-05-16,41.099998474121094,41.400001525878906,40.5,41.04999923706055,28.322872161865234,11084000
2017-05-17,41.099998474121094,41.29999923706055,40.0,40.150001525878906,27.701906204223633,5441356
2017-05-18,39.70000076293945,39.75,38.70000076293945,39.0,26.908451080322266,12313100
2017-05-19,39.099998474121094,39.900001525878906,39.0,39.599998474121094,27.322425842285156,7497812
2017-05-22,39.900001525878906,41.29999923706055,39.5,40.900001525878906,28.21937370300293,15506272
2017-05-23,40.599998474121094,42.04999923706055,40.599998474121094,41.0,28.288368225097656,14380526
2017-05-24,41.0,41.29999923706055,40.25,40.79999923706055,28.150379180908203,7002675
2017-05-25,41.20000076293945,41.400001525878906,40.900001525878906,41.0,28.288368225097656,10207956
2017-05-26,41.150001525878906,41.849998474121094,40.650001525878906,41.04999923706055,28.322872161865234,2435060
2017-05-29,41.099998474121094,41.25,40.650001525878906,40.79999923706055,28.150379180908203,1281503
2017-05-31,41.29999923706055,42.849998474121094,40.900001525878906,42.04999923706055,29.012826919555664,13043772
2017-06-01,42.5,42.5,41.79999923706055,42.349998474121094,29.21981430053711,8244947
2017-06-02,42.349998474121094,42.45000076293945,41.849998474121094,42.150001525878906,29.08182716369629,7725703
2017-06-05,41.849998474121094,42.25,41.0,41.20000076293945,28.42636489868164,8210200
2017-06-06,40.849998474121094,41.75,40.849998474121094,41.599998474121094,28.70234489440918,7624357
2017-06-07,41.5,41.75,41.349998474121094,41.5,28.63334846496582,5867348
2017-06-08,41.45000076293945,42.54999923706055,41.150001525878906,42.400001525878906,29.25431251525879,6527868
2017-06-09,42.150001525878906,43.20000076293945,41.79999923706055,42.29999923706055,29.185314178466797,9045802
2017-06-12,42.0,42.79999923706055,41.5,41.900001525878906,28.909339904785156,10679100
2017-06-13,42.0,42.150001525878906,41.0,41.04999923706055,28.322872161865234,9446454
2017-06-14,41.04999923706055,41.650001525878906,40.29999923706055,40.349998474121094,27.83989715576172,9972711
2017-06-15,40.29999923706055,40.29999923706055,39.400001525878906,39.54999923706055,27.28792953491211,5635600
2017-06-16,39.599998474121094,40.29999923706055,39.599998474121094,39.79999923706055,27.460418701171875,4338679
2017-06-19,39.79999923706055,40.849998474121094,39.79999923706055,40.70000076293945,28.08138084411621,4316021
2017-06-20,40.70000076293945,40.79999923706055,39.849998474121094,39.849998474121094,27.49491310119629,4007900
2017-06-21,40.0,40.0,39.25,39.349998474121094,27.14993667602539,3664147
2017-06-22,39.5,40.650001525878906,39.5,39.54999923706055,27.28792953491211,6526554
2017-06-23,39.75,40.29999923706055,39.650001525878906,39.79999923706055,27.460418701171875,3358870
2017-06-26,39.79999923706055,40.54999923706055,39.79999923706055,40.25,27.77090072631836,7195200
2017-06-27,40.5,40.5,39.70000076293945,40.0,27.598411560058594,6895400
2017-06-28,39.5,40.0,39.20000076293945,39.5,27.253427505493164,6713987
2017-06-29,40.0,40.0,39.70000076293945,39.79999923706055,27.460418701171875,3515600
2017-06-30,39.5,39.70000076293945,39.150001525878906,39.70000076293945,27.391427993774414,3179600
2017-07-03,39.400001525878906,40.150001525878906,39.400001525878906,40.04999923706055,27.632904052734375,3603464
2017-07-04,40.20000076293945,40.349998474121094,38.70000076293945,39.29999923706055,27.115436553955078,6367200
2017-07-05,39.29999923706055,41.599998474121094,38.900001525878906,41.5,28.63334846496582,16781261
2017-07-06,41.95000076293945,42.75,41.75,42.099998474121094,29.047325134277344,17353420
2017-07-07,42.04999923706055,42.29999923706055,41.5,41.599998474121094,28.70234489440918,8529069
2017-07-10,41.599998474121094,42.650001525878906,41.04999923706055,41.20000076293945,28.42636489868164,10999618
2017-07-11,40.599998474121094,41.650001525878906,40.599998474121094,41.45000076293945,28.985107421875,8783355
2017-07-12,41.5,42.0,41.20000076293945,41.20000076293945,28.81028938293457,7738127
2017-07-13,42.0,43.45000076293945,41.849998474121094,42.75,29.894174575805664,21651706
2017-07-14,43.099998474121094,43.70000076293945,42.849998474121094,43.5,30.41863250732422,17344418
2017-07-17,44.0,47.75,43.70000076293945,47.150001525878906,32.97100067138672,25538802
2017-07-18,47.0,48.0,46.349998474121094,47.650001525878906,33.320640563964844,13102573
2017-07-19,47.95000076293945,49.75,47.75,48.650001525878906,34.01991271972656,15178651
2017-07-20,48.04999923706055,49.349998474121094,47.900001525878906,49.0,34.26466369628906,9184731
2017-07-21,48.70000076293945,48.95000076293945,48.0,48.349998474121094,33.81013107299805,5975330
2017-07-24,48.599998474121094,50.900001525878906,47.95000076293945,50.650001525878906,35.41847229003906,10959397
2017-07-25,50.5,50.70000076293945,49.400001525878906,49.400001525878906,34.544376373291016,6618708
2017-07-26,49.400001525878906,50.150001525878906,48.79999923706055,49.79999923706055,34.8240852355957,6831442
2017-07-27,49.75,50.400001525878906,49.099998474121094,49.70000076293945,34.75415802001953,6497072
2017-07-28,49.20000076293945,50.099998474121094,49.0,49.599998474121094,34.684234619140625,4824200
2017-07-31,49.599998474121094,51.150001525878906,49.25,50.45000076293945,35.278621673583984,5126649
2017-08-01,50.20000076293945,54.349998474121094,50.20000076293945,53.95000076293945,37.726097106933594,12340663
2017-08-02,54.0,56.099998474121094,53.5,55.099998474121094,38.53026580810547,14206651
2017-08-03,54.900001525878906,54.900001525878906,52.599998474121094,53.29999923706055,37.27156066894531,10935827
2017-08-04,53.599998474121094,53.95000076293945,52.75,53.20000076293945,37.20163345336914,5871600
2017-08-07,53.5,54.75,52.20000076293945,52.70000076293945,36.851993560791016,6904554
2017-08-08,52.349998474121094,53.79999923706055,52.0,53.5,37.41141891479492,5245648
2017-08-09,52.900001525878906,53.849998474121094,52.5,53.20000076293945,37.20163345336914,3635164
2017-08-10,52.900001525878906,53.04999923706055,51.04999923706055,51.650001525878906,36.11775588989258,10306193
2017-08-11,50.5,51.599998474121094,49.20000076293945,49.54999923706055,34.649269104003906,16263908
2017-08-14,50.25,51.099998474121094,49.79999923706055,50.099998474121094,35.033870697021484,10115136
2017-08-15,50.20000076293945,51.79999923706055,50.150001525878906,50.349998474121094,35.20868682861328,12401900
2017-08-16,50.650001525878906,50.75,49.099998474121094,49.849998474121094,34.85905075073242,7801600
2017-08-17,49.900001525878906,50.79999923706055,49.599998474121094,50.20000076293945,35.10380172729492,5011393
2017-08-18,49.29999923706055,50.0,48.849998474121094,49.04999923706055,34.299625396728516,10081500
2017-08-21,49.150001525878906,49.900001525878906,48.70000076293945,49.400001525878906,34.544376373291016,5137221
2017-08-22,50.0,51.79999923706055,49.900001525878906,51.099998474121094,35.73314666748047,11036000
2017-08-23,51.099998474121094,51.099998474121094,51.099998474121094,51.099998474121094,35.73314666748047,0
2017-08-24,51.70000076293945,52.25,51.29999923706055,51.54999923706055,36.047821044921875,6630167
2017-08-25,51.54999923706055,53.95000076293945,51.04999923706055,53.349998474121094,37.30652618408203,9538218
2017-08-28,53.0,54.20000076293945,52.150001525878906,52.150001525878906,36.4673957824707,7844409
2017-08-29,52.150001525878906,52.95000076293945,51.400001525878906,52.45000076293945,36.67717361450195,4483700
2017-08-30,51.5,51.5,47.5,49.29999923706055,34.47444534301758,25288023
2017-08-31,49.29999923706055,50.45000076293945,48.900001525878906,50.099998474121094,35.033870697021484,8090636
2017-09-01,50.0,50.849998474121094,49.5,49.95000076293945,34.928977966308594,4899428
2017-09-04,49.54999923706055,50.150001525878906,48.650001525878906,48.900001525878906,34.19473648071289,8185612
2017-09-05,49.0,49.70000076293945,48.54999923706055,49.0,34.26466369628906,7227094
2017-09-06,49.20000076293945,49.20000076293945,48.29999923706055,48.5,33.91502380371094,6167263
2017-09-07,49.04999923706055,49.150001525878906,47.900001525878906,48.29999923706055,33.77516555786133,4777879
2017-09-08,48.25,48.79999923706055,47.79999923706055,47.95000076293945,33.530426025390625,3362028
2017-09-11,48.400001525878906,48.849998474121094,47.849998474121094,47.95000076293945,33.530426025390625,3912682
2017-09-12,48.29999923706055,48.5,46.599998474121094,47.150001525878906,32.97100067138672,11649798
2017-09-13,47.099998474121094,47.900001525878906,46.79999923706055,47.45000076293945,33.180782318115234,3956410
2017-09-14,47.5,47.5,46.04999923706055,46.400001525878906,32.44654083251953,9646000
2017-09-15,46.400001525878906,46.400001525878906,44.75,45.75,31.99201011657715,11838350
2017-09-18,46.0,47.25,45.75,46.95000076293945,32.831146240234375,8155012
2017-09-19,47.0,47.599998474121094,46.20000076293945,46.45000076293945,32.481502532958984,4454064
2017-09-20,46.5,47.400001525878906,46.29999923706055,47.0,32.86610794067383,4799561
2017-09-21,47.650001525878906,47.650001525878906,45.75,47.099998474121094,32.936031341552734,7225100
2017-09-22,46.29999923706055,46.79999923706055,46.0,46.5,32.51646423339844,5617300
2017-09-25,46.5,46.5,45.20000076293945,45.29999923706055,31.67733383178711,6986300
2017-09-26,45.29999923706055,46.04999923706055,44.79999923706055,45.75,31.99201011657715,3951922
2017-09-27,45.5,46.45000076293945,45.349998474121094,46.400001525878906,32.44654083251953,5547270
2017-09-28,46.150001525878906,46.150001525878906,44.5,44.5,31.117908477783203,6726232
2017-09-29,44.650001525878906,45.04999923706055,44.150001525878906,44.150001525878906,30.87316131591797,3759639
2017-10-03,44.099998474121094,46.20000076293945,43.79999923706055,45.849998474121094,32.06193161010742,6146500
2017-10-04,46.29999923706055,47.45000076293945,46.20000076293945,46.70000076293945,32.65632247924805,5291500
2017-10-06,47.70000076293945,47.70000076293945,46.75,47.45000076293945,33.180782318115234,7137162
2017-10-09,46.70000076293945,47.0,45.599998474121094,45.95000076293945,32.131858825683594,7865696
2017-10-10,46.04999923706055,46.099998474121094,45.29999923706055,45.599998474121094,31.887117385864258,5204000
2017-10-11,46.099998474121094,46.099998474121094,45.04999923706055,45.150001525878906,31.57244110107422,6101438
2017-10-12,45.400001525878906,48.45000076293945,45.150001525878906,48.0,33.56538772583008,13821834
2017-10-13,48.0,48.95000076293945,47.45000076293945,47.900001525878906,33.495460510253906,5397600
2017-10-16,47.900001525878906,48.70000076293945,47.599998474121094,48.54999923706055,33.94998550415039,6708448
2017-10-17,48.70000076293945,49.0,47.599998474121094,47.849998474121094,33.46049499511719,8547304
2017-10-18,47.599998474121094,50.70000076293945,47.54999923706055,50.0,34.96393966674805,15453704
2017-10-19,50.04999923706055,51.099998474121094,48.150001525878906,48.20000076293945,33.70524215698242,9339523
2017-10-20,48.70000076293945,49.45000076293945,48.54999923706055,48.900001525878906,34.19473648071289,4663441
2017-10-23,49.20000076293945,50.400001525878906,49.0,49.599998474121094,34.684234619140625,6474698
2017-10-24,49.650001525878906,49.79999923706055,48.599998474121094,48.70000076293945,34.05487823486328,4764900
2017-10-25,48.75,49.29999923706055,48.400001525878906,49.150001525878906,34.36955642700195,3722572
2017-10-26,48.599998474121094,50.25,48.5,49.79999923706055,34.8240852355957,7631436
2017-10-27,50.20000076293945,51.25,49.95000076293945,50.400001525878906,35.24365234375,8343034
2017-10-30,50.900001525878906,52.099998474121094,50.04999923706055,50.04999923706055,34.998905181884766,17558968
2017-10-31,48.150001525878906,49.45000076293945,47.650001525878906,48.75,34.08984375,106286488
2017-11-01,49.20000076293945,50.79999923706055,48.95000076293945,50.0,34.96393966674805,20134601
2017-11-02,49.70000076293945,50.75,49.400001525878906,49.599998474121094,34.684234619140625,11152895
2017-11-03,49.95000076293945,50.349998474121094,49.150001525878906,49.349998474121094,34.5094108581543,8782637
2017-11-06,49.099998474121094,49.5,47.70000076293945,48.70000076293945,34.05487823486328,11536792
2017-11-07,48.849998474121094,50.45000076293945,48.79999923706055,49.79999923706055,34.8240852355957,11437412
2017-11-08,49.20000076293945,50.20000076293945,49.0,49.20000076293945,34.404518127441406,10350823
2017-11-09,49.150001525878906,51.29999923706055,49.099998474121094,51.20000076293945,35.80308151245117,13746663
2017-11-10,50.5,54.150001525878906,50.29999923706055,53.900001525878906,37.69112777709961,21083376
2017-11-13,53.900001525878906,55.349998474121094,53.29999923706055,53.650001525878906,37.51631546020508,11854063
2017-11-14,53.650001525878906,55.20000076293945,53.650001525878906,53.79999923706055,37.62120056152344,16224476
2017-11-15,53.400001525878906,53.54999923706055,51.5,51.5,36.01285934448242,10895000
2017-11-16,52.0,54.20000076293945,51.349998474121094,53.79999923706055,37.62120056152344,12552900
2017-11-17,54.29999923706055,54.95000076293945,53.5,53.54999923706055,37.446380615234375,15792464
2017-11-20,53.5,54.849998474121094,52.54999923706055,53.25,37.236602783203125,10267783
2017-11-21,53.29999923706055,56.0,53.29999923706055,56.0,39.15961456298828,22400515
2017-11-22,56.5,57.849998474121094,55.099998474121094,56.150001525878906,39.26451110839844,14767826
2017-11-23,56.95000076293945,57.0,53.29999923706055,53.5,37.41141891479492,10384390
2017-11-24,53.75,55.54999923706055,53.5,54.650001525878906,38.21559143066406,12424447
2017-11-27,54.099998474121094,55.20000076293945,52.20000076293945,52.599998474121094,36.782066345214844,9408600
2017-11-28,52.0,52.5,50.0,52.150001525878906,36.4673957824707,12021364
2017-11-29,52.54999923706055,53.5,51.099998474121094,51.95000076293945,36.32753372192383,10438241
2017-11-30,51.0,51.5,49.70000076293945,49.79999923706055,34.8240852355957,11928412
2017-12-01,50.150001525878906,51.349998474121094,49.0,49.70000076293945,34.75415802001953,9847951
2017-12-04,49.5,52.04999923706055,49.20000076293945,51.5,36.01285934448242,12075963
2017-12-05,51.0,53.20000076293945,51.0,52.20000076293945,36.50235366821289,11066500
2017-12-06,53.0,53.0,49.400001525878906,49.79999923706055,34.8240852355957,14423204
2017-12-07,50.5,51.04999923706055,49.29999923706055,49.70000076293945,34.75415802001953,10354427
2017-12-08,50.099998474121094,52.599998474121094,50.04999923706055,52.29999923706055,36.57228469848633,8963080
2017-12-11,51.79999923706055,54.25,51.79999923706055,54.099998474121094,37.83098220825195,9832759
2017-12-12,54.099998474121094,54.150001525878906,52.0,52.349998474121094,36.60724639892578,7507532
2017-12-13,53.0,53.0,50.599998474121094,51.599998474121094,36.082786560058594,10141996
2017-12-14,52.0,53.29999923706055,51.599998474121094,52.0,36.36249923706055,10226786
2017-12-15,51.95000076293945,52.25,50.79999923706055,52.0,36.36249923706055,7032630
2017-12-18,52.0,52.29999923706055,51.0,51.599998474121094,36.082786560058594,4912760
2017-12-19,52.29999923706055,54.25,51.45000076293945,53.650001525878906,37.51631546020508,11425407
2017-12-20,53.099998474121094,53.25,51.70000076293945,51.849998474121094,36.257606506347656,12618566
2017-12-21,51.650001525878906,52.75,51.349998474121094,52.04999923706055,36.39746856689453,11649160
2017-12-22,52.54999923706055,52.900001525878906,52.099998474121094,52.349998474121094,36.60724639892578,5784082
2017-12-27,53.29999923706055,53.75,51.599998474121094,51.75,36.187679290771484,13026672
2017-12-28,51.900001525878906,53.5,51.900001525878906,53.400001525878906,37.341495513916016,7773100
2017-12-29,53.0,54.20000076293945,53.0,53.400001525878906,37.341495513916016,9821420
2018-01-02,53.900001525878906,56.400001525878906,53.349998474121094,55.849998474121094,39.054725646972656,20736199
2018-01-03,55.79999923706055,56.099998474121094,54.599998474121094,55.099998474121094,38.53026580810547,13237161
2018-01-04,55.5,56.79999923706055,54.70000076293945,56.150001525878906,39.26451110839844,18862523
2018-01-05,56.79999923706055,57.650001525878906,53.79999923706055,54.099998474121094,37.83098220825195,18449003
2018-01-08,54.150001525878906,54.79999923706055,52.349998474121094,53.29999923706055,37.27156066894531,18978939
2018-01-09,53.849998474121094,54.849998474121094,53.099998474121094,54.150001525878906,37.86594772338867,11779283
2018-01-10,54.150001525878906,54.150001525878906,52.75,53.04999923706055,37.096744537353516,11319464
2018-01-11,53.04999923706055,53.20000076293945,52.04999923706055,52.650001525878906,36.81703186035156,9192025
2018-01-12,52.650001525878906,53.650001525878906,52.150001525878906,53.349998474121094,37.30652618408203,11419141
2018-01-15,53.849998474121094,54.900001525878906,53.099998474121094,54.150001525878906,37.86594772338867,16384792
2018-01-16,54.29999923706055,55.849998474121094,53.75,55.849998474121094,39.054725646972656,16203504
2018-01-17,55.5,56.04999923706055,54.95000076293945,56.0,39.15961456298828,12943722
2018-01-18,56.29999923706055,57.45000076293945,54.849998474121094,56.25,39.334434509277344,14475750
2018-01-19,56.099998474121094,56.20000076293945,53.900001525878906,54.349998474121094,38.00580596923828,23654700
2018-01-22,54.20000076293945,54.5,52.70000076293945,53.5,37.41141891479492,23734251
2018-01-23,53.79999923706055,54.599998474121094,52.75,53.79999923706055,37.62120056152344,27887219
2018-01-24,53.79999923706055,54.20000076293945,52.54999923706055,52.849998474121094,36.95688247680664,17076311
2018-01-25,53.0,53.099998474121094,50.79999923706055,51.54999923706055,36.047821044921875,20748278
2018-01-26,51.54999923706055,52.79999923706055,51.0,52.0,36.36249923706055,19225692
2018-01-29,52.599998474121094,52.75,50.5,50.70000076293945,35.45343780517578,17712082
2018-01-30,50.70000076293945,51.70000076293945,49.0,49.29999923706055,34.47444534301758,25316716
2018-01-31,49.29999923706055,50.95000076293945,48.900001525878906,50.95000076293945,35.628257751464844,17701206
2018-02-01,50.95000076293945,51.04999923706055,49.0,49.45000076293945,34.57933807373047,14594082
2018-02-02,49.25,50.650001525878906,48.599998474121094,49.849998474121094,34.85905075073242,14707800
2018-02-05,48.79999923706055,50.95000076293945,48.70000076293945,50.349998474121094,35.20868682861328,13217946
2018-02-06,48.0,49.0,47.099998474121094,48.0,33.56538772583008,20125938
2018-02-07,49.29999923706055,49.75,46.20000076293945,46.45000076293945,32.481502532958984,17856083
2018-02-08,46.599998474121094,47.5,45.75,46.25,32.34164810180664,10232811
2018-02-09,44.0,45.0,43.29999923706055,45.0,31.467548370361328,29652509
2018-02-12,45.900001525878906,46.099998474121094,44.79999923706055,45.20000076293945,31.607404708862305,12681111
2018-02-13,45.75,46.849998474121094,45.0,45.099998474121094,31.537477493286133,7872417
2018-02-14,45.099998474121094,46.0,44.599998474121094,45.45000076293945,31.7822265625,5690638
2018-02-15,45.900001525878906,46.79999923706055,45.650001525878906,46.25,32.34164810180664,3457000
2018-02-20,46.29999923706055,47.5,45.75,46.70000076293945,32.65632247924805,3415339
2018-02-21,46.95000076293945,47.849998474121094,46.400001525878906,47.45000076293945,33.180782318115234,4249640
2018-02-22,47.0,48.349998474121094,46.70000076293945,47.29999923706055,33.075889587402344,8196435
2018-02-23,48.0,49.099998474121094,47.849998474121094,48.70000076293945,34.05487823486328,7957171
2018-02-26,49.0,49.849998474121094,48.599998474121094,49.849998474121094,34.85905075073242,7516421
2018-02-27,49.900001525878906,49.95000076293945,47.75,48.29999923706055,33.77516555786133,9541247
2018-02-28,47.25,48.29999923706055,46.79999923706055,46.849998474121094,32.761207580566406,8003000
2018-03-01,46.150001525878906,47.25,46.150001525878906,46.79999923706055,32.72624969482422,7102069
2018-03-02,45.79999923706055,46.349998474121094,44.900001525878906,45.0,31.467548370361328,12152056
2018-03-05,45.20000076293945,45.650001525878906,43.45000076293945,43.5,30.41863250732422,15241265
2018-03-06,44.400001525878906,46.25,44.04999923706055,45.849998474121094,32.06193161010742,23338536
2018-03-07,45.099998474121094,46.5,44.650001525878906,45.150001525878906,31.57244110107422,6320990
2018-03-08,45.5,46.599998474121094,45.0,46.099998474121094,32.236751556396484,6759194
2018-03-09,46.79999923706055,46.900001525878906,46.099998474121094,46.349998474121094,32.41157150268555,3677419
2018-03-12,47.29999923706055,47.45000076293945,46.54999923706055,46.79999923706055,32.72624969482422,6877890
2018-03-13,46.79999923706055,47.20000076293945,45.5,46.0,32.166831970214844,5458117
2018-03-14,45.5,45.849998474121094,45.099998474121094,45.79999923706055,32.02696990966797,3021076
2018-03-15,45.45000076293945,46.75,45.099998474121094,46.400001525878906,32.44654083251953,6999649
2018-03-16,45.79999923706055,47.0,45.70000076293945,46.0,32.166831970214844,7617213
2018-03-19,46.0,46.20000076293945,44.95000076293945,45.29999923706055,31.67733383178711,9344695
2018-03-20,44.70000076293945,45.45000076293945,44.04999923706055,44.29999923706055,30.978052139282227,13870277
2018-03-21,43.0,43.5,39.599998474121094,39.849998474121094,27.86625862121582,57497274
2018-03-22,40.29999923706055,41.0,38.599998474121094,38.849998474121094,27.166982650756836,20582228
2018-03-23,37.0,38.099998474121094,36.900001525878906,37.900001525878906,26.502666473388672,16895194
2018-03-26,37.900001525878906,38.04999923706055,36.650001525878906,38.0,26.572593688964844,16510436
2018-03-27,38.650001525878906,38.849998474121094,37.599998474121094,37.79999923706055,26.432741165161133,10367228
2018-03-28,37.45000076293945,37.54999923706055,36.099998474121094,36.45000076293945,25.48871612548828,14298491
2018-03-29,36.29999923706055,37.20000076293945,35.79999923706055,36.54999923706055,25.55864143371582,11600945
2018-04-03,36.0,36.400001525878906,35.29999923706055,36.20000076293945,25.313894271850586,8817292
2018-04-04,36.79999923706055,37.400001525878906,36.04999923706055,36.20000076293945,25.313894271850586,6931930
2018-04-06,36.29999923706055,37.150001525878906,36.20000076293945,36.849998474121094,25.768423080444336,4504960
2018-04-09,37.099998474121094,38.150001525878906,36.5,37.54999923706055,26.257917404174805,9045899
2018-04-10,37.5,39.400001525878906,36.75,38.849998474121094,27.166982650756836,13431966
2018-04-11,39.150001525878906,39.20000076293945,38.099998474121094,38.650001525878906,27.027128219604492,10261834
2018-04-12,38.900001525878906,39.04999923706055,37.45000076293945,37.849998474121094,26.46770477294922,7426326
2018-04-13,37.900001525878906,38.650001525878906,37.5,37.79999923706055,26.432741165161133,5233707
2018-04-16,37.79999923706055,37.79999923706055,36.150001525878906,36.5,25.523681640625,7318700
2018-04-17,36.599998474121094,36.75,34.70000076293945,34.900001525878906,24.404830932617188,12935500
2018-04-18,35.599998474121094,35.599998474121094,34.400001525878906,34.900001525878906,24.404830932617188,10723872
2018-04-19,34.79999923706055,35.45000076293945,34.70000076293945,35.25,24.649580001831055,9308600
2018-04-20,35.20000076293945,36.0,34.70000076293945,34.900001525878906,24.404830932617188,4829760
2018-04-23,34.599998474121094,35.70000076293945,34.54999923706055,34.900001525878906,24.404830932617188,3838117
2018-04-24,35.650001525878906,36.650001525878906,35.099998474121094,36.150001525878906,25.278932571411133,8504350
2018-04-25,35.900001525878906,36.150001525878906,35.45000076293945,35.79999923706055,25.0341796875,4920400
2018-04-26,36.0,36.0,34.54999923706055,34.95000076293945,24.439796447753906,3104980
2018-04-27,34.25,35.45000076293945,33.900001525878906,35.099998474121094,24.54468536376953,8018500
2018-04-30,35.150001525878906,37.0,35.150001525878906,36.95000076293945,25.838354110717773,6286736
2018-05-02,36.900001525878906,36.95000076293945,35.5,36.20000076293945,25.313894271850586,6435800
2018-05-03,35.95000076293945,36.349998474121094,35.29999923706055,35.95000076293945,25.13907241821289,3851005
2018-05-04,35.849998474121094,36.29999923706055,35.29999923706055,35.400001525878906,24.754474639892578,3651800
2018-05-07,35.599998474121094,36.900001525878906,35.20000076293945,36.5,25.523681640625,7647344
2018-05-08,36.5,38.849998474121094,36.5,38.25,26.74741554260254,12917511
2018-05-09,38.349998474121094,38.650001525878906,37.79999923706055,38.25,26.74741554260254,4596090
2018-05-10,38.75,38.79999923706055,37.45000076293945,37.599998474121094,26.292882919311523,7228597
2018-05-11,38.400001525878906,38.400001525878906,37.650001525878906,38.04999923706055,26.607561111450195,6594780
2018-05-14,38.849998474121094,39.400001525878906,38.099998474121094,39.0,27.27187156677246,7702100
2018-05-15,39.0,39.20000076293945,37.599998474121094,37.79999923706055,26.432741165161133,7436300
2018-05-16,37.79999923706055,37.95000076293945,36.900001525878906,37.349998474121094,26.118064880371094,7645022
2018-05-17,37.54999923706055,37.599998474121094,36.25,36.54999923706055,25.55864143371582,7829390
2018-05-18,36.95000076293945,37.45000076293945,36.29999923706055,37.25,26.048137664794922,5784397
2018-05-21,38.04999923706055,38.150001525878906,37.45000076293945,37.5,26.222957611083984,6364752
2018-05-23,36.849998474121094,37.349998474121094,35.849998474121094,36.20000076293945,25.313894271850586,7722037
2018-05-24,36.150001525878906,36.400001525878906,35.900001525878906,36.400001525878906,25.453752517700195,2761805
2018-05-25,36.04999923706055,36.400001525878906,35.79999923706055,35.95000076293945,25.13907241821289,4345400
2018-05-28,36.150001525878906,36.54999923706055,35.75,36.0,25.174039840698242,4559100
2018-05-29,35.79999923706055,36.099998474121094,34.900001525878906,35.29999923706055,24.684545516967773,8316112
2018-05-30,35.04999923706055,35.150001525878906,34.5,34.75,24.29994010925293,7493200
2018-05-31,34.75,35.599998474121094,34.599998474121094,35.599998474121094,24.894325256347656,7156014
2018-06-01,35.400001525878906,36.0,34.900001525878906,35.04999923706055,24.509723663330078,7897888
2018-06-04,35.349998474121094,36.79999923706055,35.29999923706055,36.650001525878906,25.62856674194336,10225000
2018-06-05,36.54999923706055,37.70000076293945,36.20000076293945,37.0,25.87331771850586,7379820
2018-06-06,36.95000076293945,37.599998474121094,36.70000076293945,37.150001525878906,25.978212356567383,3667800
2018-06-07,37.150001525878906,39.0,37.150001525878906,38.150001525878906,26.677488327026367,9591011
2018-06-08,38.29999923706055,38.29999923706055,36.79999923706055,37.20000076293945,26.013174057006836,4820000
2018-06-11,36.900001525878906,37.599998474121094,36.900001525878906,37.349998474121094,26.118064880371094,2555500
2018-06-12,37.349998474121094,38.150001525878906,36.79999923706055,37.70000076293945,26.36281394958496,5098563
2018-06-13,37.70000076293945,37.70000076293945,37.04999923706055,37.400001525878906,26.153032302856445,4427498
2018-06-14,37.150001525878906,38.400001525878906,37.150001525878906,38.0,26.572593688964844,8177115
2018-06-15,37.75,38.099998474121094,37.400001525878906,37.45000076293945,26.1879940032959,6456132
2018-06-19,36.099998474121094,37.150001525878906,35.29999923706055,35.79999923706055,25.0341796875,7636608
2018-06-20,35.79999923706055,36.20000076293945,35.150001525878906,35.70000076293945,24.96425437927246,6388879
2018-06-21,35.29999923706055,35.70000076293945,34.349998474121094,34.54999923706055,24.160083770751953,8404400
2018-06-22,34.400001525878906,35.5,34.25,35.349998474121094,24.719505310058594,6297072
2018-06-25,35.599998474121094,35.599998474121094,33.54999923706055,33.75,23.600658416748047,8184510
2018-06-26,34.099998474121094,34.099998474121094,32.79999923706055,33.70000076293945,23.565696716308594,5622468
2018-06-27,33.75,34.0,32.20000076293945,32.349998474121094,22.62166976928711,8185987
2018-06-28,32.599998474121094,32.599998474121094,31.5,32.150001525878906,22.481815338134766,9031485
2018-06-29,32.099998474121094,32.900001525878906,31.75,32.650001525878906,22.831453323364258,5915000
2018-07-03,31.649999618530273,31.899999618530273,30.799999237060547,31.799999237060547,22.23706817626953,9402891
2018-07-04,31.799999237060547,32.04999923706055,30.850000381469727,30.950000762939453,21.642681121826172,5091520
2018-07-05,31.0,31.75,30.5,31.25,21.852462768554688,6560616
2018-07-06,31.200000762939453,31.850000381469727,30.25,31.25,21.852462768554688,6502385
2018-07-09,31.799999237060547,33.5,31.549999237060547,32.5,22.7265625,7406813
2018-07-10,32.79999923706055,33.20000076293945,32.5,32.650001525878906,22.831453323364258,3517908
2018-07-11,31.0,31.600000381469727,31.0,31.299999237060547,22.317590713500977,6180038
2018-07-12,31.5,32.849998474121094,31.450000762939453,32.29999923706055,23.03061294555664,8185852
2018-07-13,32.75,32.75,31.950000762939453,32.29999923706055,23.03061294555664,5469799
2018-07-16,32.54999923706055,32.599998474121094,31.600000381469727,31.899999618530273,22.745405197143555,4616700
2018-07-17,31.700000762939453,32.599998474121094,31.600000381469727,32.29999923706055,23.03061294555664,9274013
2018-07-18,32.5,33.349998474121094,32.400001525878906,32.599998474121094,23.24452018737793,10523845
2018-07-19,34.0,35.20000076293945,33.650001525878906,33.95000076293945,24.20709800720215,18564575
2018-07-20,34.20000076293945,36.0,33.25,35.849998474121094,25.56184196472168,19170882
2018-07-23,36.0,37.0,35.79999923706055,35.900001525878906,25.597492218017578,12772223
2018-07-24,36.45000076293945,37.400001525878906,36.20000076293945,36.599998474121094,26.09660530090332,12111800
2018-07-25,36.29999923706055,37.599998474121094,36.29999923706055,37.25,26.56007194519043,10549653
2018-07-26,37.349998474121094,37.45000076293945,35.900001525878906,36.400001525878906,25.95400619506836,6738900
2018-07-27,36.5,36.79999923706055,35.900001525878906,36.25,25.847049713134766,5087293
2018-07-30,36.0,36.900001525878906,35.95000076293945,36.349998474121094,25.918350219726562,4250214
2018-07-31,36.5,36.79999923706055,35.849998474121094,36.099998474121094,25.740097045898438,4729023
2018-08-01,36.349998474121094,36.45000076293945,35.0,35.400001525878906,25.240983963012695,6990444
2018-08-02,35.400001525878906,35.54999923706055,33.599998474121094,34.150001525878906,24.34970474243164,10800701
2018-08-03,34.45000076293945,34.45000076293945,32.54999923706055,32.900001525878906,23.458425521850586,9101106
2018-08-06,33.349998474121094,33.70000076293945,32.5,32.849998474121094,23.422773361206055,5355965
2018-08-07,33.25,34.04999923706055,33.0,33.79999923706055,24.10014533996582,5251033
2018-08-08,33.849998474121094,34.099998474121094,33.29999923706055,33.5,23.88623809814453,3574100
2018-08-09,33.5,34.95000076293945,33.349998474121094,34.54999923706055,24.634910583496094,5325226
2018-08-10,34.79999923706055,35.29999923706055,34.45000076293945,34.599998474121094,24.670560836791992,3705380
2018-08-13,34.20000076293945,34.45000076293945,33.25,33.599998474121094,23.95754051208496,3143016
2018-08-14,33.849998474121094,33.95000076293945,33.0,33.349998474121094,23.77928352355957,3218058
2018-08-15,33.45000076293945,33.5,31.700000762939453,31.950000762939453,22.781057357788086,8171318
2018-08-16,31.5,32.70000076293945,31.5,32.599998474121094,23.24452018737793,7284303
2018-08-17,33.20000076293945,33.349998474121094,32.349998474121094,32.54999923706055,23.208866119384766,3361664
2018-08-20,32.29999923706055,33.54999923706055,32.150001525878906,33.400001525878906,23.814939498901367,7020917
2018-08-21,33.599998474121094,34.75,33.5,34.54999923706055,24.634910583496094,9798975
2018-08-22,34.650001525878906,35.45000076293945,34.099998474121094,35.099998474121094,25.027070999145508,8026400
2018-08-23,35.099998474121094,35.5,34.25,34.70000076293945,24.741865158081055,4696271
2018-08-24,34.20000076293945,35.54999923706055,34.20000076293945,34.849998474121094,24.848817825317383,7069360
2018-08-27,35.400001525878906,36.20000076293945,35.25,35.70000076293945,25.45488739013672,7188100
2018-08-28,36.0,36.150001525878906,35.5,35.900001525878906,25.597492218017578,6184951
2018-08-29,37.20000076293945,37.75,36.400001525878906,36.599998474121094,26.09660530090332,16313270
2018-08-30,36.599998474121094,37.349998474121094,36.04999923706055,36.25,25.847049713134766,6484686
2018-08-31,35.20000076293945,36.0,35.20000076293945,35.54999923706055,25.34793472290039,10630920
2018-09-03,35.599998474121094,35.849998474121094,34.95000076293945,35.29999923706055,25.169681549072266,4806056
2018-09-04,35.099998474121094,35.29999923706055,34.29999923706055,35.099998474121094,25.027070999145508,8593800
2018-09-05,35.04999923706055,35.75,34.099998474121094,34.45000076293945,24.563610076904297,5306100
2018-09-06,34.25,34.79999923706055,33.75,34.20000076293945,24.38535499572754,4775495
2018-09-07,33.79999923706055,35.04999923706055,33.75,33.95000076293945,24.20709800720215,7659761
2018-09-10,34.0,34.0,33.150001525878906,33.54999923706055,23.921890258789062,6103490
2018-09-11,33.650001525878906,33.900001525878906,32.70000076293945,32.900001525878906,23.458425521850586,4867459
2018-09-12,32.70000076293945,32.900001525878906,32.25,32.650001525878906,23.280170440673828,4737329
2018-09-13,33.45000076293945,34.29999923706055,33.29999923706055,33.95000076293945,24.20709800720215,5909974
2018-09-14,34.20000076293945,34.900001525878906,33.79999923706055,34.75,24.777517318725586,4958093
2018-09-17,34.20000076293945,34.54999923706055,33.849998474121094,34.400001525878906,24.5279598236084,2829540
2018-09-18,34.400001525878906,35.25,33.849998474121094,35.20000076293945,25.098377227783203,5422400
2018-09-19,35.20000076293945,36.5,35.150001525878906,36.04999923706055,25.704442977905273,7043258
2018-09-20,36.599998474121094,36.95000076293945,36.150001525878906,36.54999923706055,26.060955047607422,5818200
2018-09-21,36.849998474121094,37.849998474121094,36.599998474121094,37.599998474121094,26.809627532958984,8760515
2018-09-24,37.349998474121094,37.400001525878906,35.900001525878906,36.54999923706055,26.060955047607422,4406500
2018-09-26,36.70000076293945,38.849998474121094,36.70000076293945,37.650001525878906,26.845279693603516,17094362
2018-09-27,37.650001525878906,38.29999923706055,37.400001525878906,38.04999923706055,27.130489349365234,5472625
2018-09-28,38.29999923706055,39.04999923706055,37.45000076293945,37.54999923706055,26.773975372314453,6817456
2018-10-02,37.70000076293945,37.70000076293945,36.349998474121094,36.54999923706055,26.060955047607422,6857422
2018-10-03,36.20000076293945,37.29999923706055,36.20000076293945,36.900001525878906,26.310514450073242,3154079
2018-10-04,36.70000076293945,36.70000076293945,35.900001525878906,36.25,25.847049713134766,2518664
2018-10-05,36.0,36.45000076293945,35.849998474121094,36.25,25.847049713134766,1918679
2018-10-08,36.5,36.75,35.29999923706055,35.599998474121094,25.383583068847656,8363849
2018-10-09,35.5,36.70000076293945,35.5,36.400001525878906,25.95400619506836,5709232
2018-10-10,36.400001525878906,37.099998474121094,35.95000076293945,36.400001525878906,25.95400619506836,5440000
2018-10-11,34.599998474121094,35.5,34.45000076293945,35.20000076293945,25.098377227783203,10163141
2018-10-12,35.599998474121094,37.150001525878906,35.45000076293945,37.0,26.38181495666504,7702017
2018-10-15,36.54999923706055,37.599998474121094,36.54999923706055,36.849998474121094,26.274860382080078,7440745
2018-10-16,36.650001525878906,37.849998474121094,36.45000076293945,36.900001525878906,26.310514450073242,5866459
2018-10-18,36.95000076293945,37.04999923706055,35.900001525878906,36.650001525878906,26.13225555419922,10321367
2018-10-19,35.849998474121094,38.400001525878906,35.849998474121094,37.95000076293945,27.059186935424805,15456892
2018-10-22,38.20000076293945,40.29999923706055,38.20000076293945,39.900001525878906,28.449581146240234,14856081
2018-10-23,39.400001525878906,39.79999923706055,38.25,38.95000076293945,27.77220916748047,10499785
2018-10-24,38.95000076293945,39.900001525878906,38.45000076293945,39.20000076293945,27.950464248657227,6819450
2018-10-25,38.150001525878906,38.849998474121094,37.75,38.849998474121094,27.70090675354004,9181255
2018-10-26,39.25,39.25,36.5,37.45000076293945,26.70267677307129,6344645
2018-10-29,37.25,37.900001525878906,35.70000076293945,36.29999923706055,25.88269805908203,7308530
2018-10-30,36.599998474121094,37.0,35.849998474121094,36.150001525878906,25.77574920654297,6898303
2018-10-31,36.599998474121094,37.0,35.79999923706055,36.650001525878906,26.13225555419922,5841565
2018-11-01,36.70000076293945,37.900001525878906,36.70000076293945,37.150001525878906,26.488771438598633,6143703
2018-11-02,38.20000076293945,39.650001525878906,38.099998474121094,39.5,28.164371490478516,9521012
2018-11-05,38.599998474121094,39.5,37.900001525878906,38.79999923706055,27.665254592895508,4170884
2018-11-06,39.0,39.20000076293945,37.95000076293945,39.04999923706055,27.8435115814209,3668400
2018-11-07,38.900001525878906,39.599998474121094,38.20000076293945,38.400001525878906,27.380048751831055,5795395
2018-11-08,38.599998474121094,39.04999923706055,37.650001525878906,37.70000076293945,26.880931854248047,4602697
2018-11-09,37.70000076293945,37.70000076293945,36.29999923706055,36.75,26.203563690185547,7102231
2018-11-12,37.5,37.5,36.04999923706055,36.349998474121094,25.918350219726562,5522750
2018-11-13,35.5,37.5,35.5,37.25,26.56007194519043,6479045
2018-11-14,37.29999923706055,37.5,36.29999923706055,36.70000076293945,26.167909622192383,4890156
2018-11-15,37.099998474121094,37.099998474121094,36.25,36.95000076293945,26.346166610717773,6683100
2018-11-16,36.599998474121094,37.45000076293945,36.54999923706055,37.349998474121094,26.63137435913086,4020296
2018-11-19,37.5,37.849998474121094,36.099998474121094,36.5,26.02530860900879,9300815
2018-11-20,36.150001525878906,36.79999923706055,35.900001525878906,36.099998474121094,25.740097045898438,6505339
2018-11-21,35.79999923706055,36.45000076293945,35.599998474121094,36.04999923706055,25.704442977905273,3492734
2018-11-22,36.150001525878906,36.400001525878906,34.75,34.95000076293945,24.920120239257812,7999011
2018-11-23,35.20000076293945,35.20000076293945,34.29999923706055,34.599998474121094,24.670560836791992,5208700
2018-11-26,34.650001525878906,34.900001525878906,34.25,34.900001525878906,24.884469985961914,6146831
2018-11-27,34.900001525878906,35.099998474121094,34.45000076293945,34.75,24.777517318725586,3005625
2018-11-28,34.650001525878906,34.95000076293945,34.29999923706055,34.75,24.777517318725586,5199645
2018-11-29,35.0,35.25,34.29999923706055,34.5,24.599260330200195,3734796
2018-11-30,34.04999923706055,34.650001525878906,34.04999923706055,34.25,24.421005249023438,4318170
2018-12-03,35.04999923706055,35.900001525878906,35.0,35.599998474121094,25.383583068847656,7012024
2018-12-04,35.29999923706055,35.95000076293945,35.29999923706055,35.900001525878906,25.597492218017578,3871421
2018-12-05,35.04999923706055,35.349998474121094,34.75,34.95000076293945,24.920120239257812,3258989
2018-12-06,34.54999923706055,34.70000076293945,33.349998474121094,33.5,23.88623809814453,7222968
2018-12-07,34.0,34.150001525878906,33.04999923706055,33.04999923706055,23.565380096435547,7376813
2018-12-10,32.79999923706055,33.29999923706055,32.54999923706055,33.150001525878906,23.636682510375977,4141401
2018-12-11,32.900001525878906,33.20000076293945,32.650001525878906,32.900001525878906,23.458425521850586,2614024
2018-12-12,33.400001525878906,33.79999923706055,33.0,33.400001525878906,23.814939498901367,2048432
2018-12-13,33.650001525878906,34.20000076293945,33.29999923706055,34.04999923706055,24.27840232849121,3765585
2018-12-14,33.5,33.75,33.29999923706055,33.349998474121094,23.77928352355957,3220907
2018-12-17,33.650001525878906,33.650001525878906,33.0,33.29999923706055,23.743633270263672,1709500
2018-12-18,33.0,33.79999923706055,32.70000076293945,33.0,23.529727935791016,2750400
2018-12-19,33.599998474121094,33.599998474121094,32.79999923706055,32.95000076293945,23.494075775146484,2399935
2018-12-20,32.900001525878906,33.150001525878906,32.099998474121094,32.5,23.173215866088867,3516000
2018-12-21,32.29999923706055,32.5,30.75,31.450000762939453,22.424545288085938,8730567
2018-12-24,31.0,31.0,30.200000762939453,30.75,21.92542839050293,4107610
2018-12-27,30.799999237060547,31.950000762939453,30.799999237060547,31.0,22.103683471679688,4493804
2018-12-28,31.450000762939453,31.600000381469727,30.850000381469727,30.899999618530273,22.032379150390625,3593606
2018-12-31,31.299999237060547,31.299999237060547,30.75,31.100000381469727,22.17498779296875,1524640
2019-01-02,30.899999618530273,31.149999618530273,30.0,30.25,21.568918228149414,8179573
2019-01-03,30.0,30.600000381469727,29.75,29.899999618530273,21.319360733032227,6947300
2019-01-04,29.799999237060547,30.850000381469727,29.549999237060547,30.399999618530273,21.67586898803711,7916900
2019-01-07,30.799999237060547,30.799999237060547,27.600000381469727,28.100000381469727,20.035921096801758,29117646
2019-01-08,28.299999237060547,28.350000381469727,27.549999237060547,27.600000381469727,19.67940902709961,10823125
2019-01-09,27.950000762939453,28.399999618530273,27.5,27.950000762939453,19.928966522216797,14210194
2019-01-10,28.0,28.049999237060547,27.299999237060547,27.649999618530273,19.715059280395508,10434280
2019-01-11,27.649999618530273,28.5,27.600000381469727,28.5,20.321128845214844,7394207
2019-01-14,28.399999618530273,28.399999618530273,27.5,27.600000381469727,19.67940902709961,8949000
2019-01-15,27.799999237060547,28.600000381469727,27.600000381469727,28.600000381469727,20.392433166503906,10130000
2019-01-16,28.350000381469727,29.25,28.299999237060547,28.950000762939453,20.64198875427246,12473679
2019-01-17,29.149999618530273,29.950000762939453,28.399999618530273,29.0,20.677640914916992,15643500
2019-01-18,29.5,30.450000762939453,29.25,30.25,21.568918228149414,12489803
2019-01-21,30.149999618530273,30.700000762939453,29.799999237060547,30.0,21.390661239624023,8726600
2019-01-22,30.0,30.149999618530273,28.899999618530273,29.450000762939453,20.99850082397461,6824155
2019-01-23,28.950000762939453,30.149999618530273,28.950000762939453,29.649999618530273,21.141103744506836,6540900
2019-01-24,29.450000762939453,30.049999237060547,29.299999237060547,29.75,21.212406158447266,3715920
2019-01-25,29.950000762939453,30.799999237060547,29.950000762939453,30.350000381469727,21.64021873474121,7634700
2019-01-28,30.75,31.5,30.75,31.100000381469727,22.17498779296875,11500400
2019-01-29,31.049999237060547,31.350000381469727,30.399999618530273,30.600000381469727,21.818477630615234,11734700
2019-01-30,30.299999237060547,30.600000381469727,29.600000381469727,30.350000381469727,21.64021873474121,5903200
2019-01-31,31.0,33.25,31.0,33.20000076293945,23.672334671020508,15765091
2019-02-01,33.29999923706055,33.45000076293945,32.599998474121094,32.75,23.35147476196289,6276440
2019-02-04,32.79999923706055,33.20000076293945,32.400001525878906,32.650001525878906,23.280170440673828,2242705
2019-02-08,32.0,32.400001525878906,31.450000762939453,32.20000076293945,22.95931053161621,5129469
2019-02-11,32.20000076293945,33.0,32.0,32.849998474121094,23.422773361206055,6636705
2019-02-12,32.75,33.849998474121094,32.349998474121094,33.150001525878906,23.636682510375977,10635754
2019-02-13,33.20000076293945,34.70000076293945,33.20000076293945,34.599998474121094,24.670560836791992,11999405
2019-02-14,34.29999923706055,35.45000076293945,34.04999923706055,35.150001525878906,25.062726974487305,9497728
2019-02-15,34.849998474121094,34.849998474121094,33.5,33.70000076293945,24.028844833374023,12577450
2019-02-18,34.25,34.95000076293945,34.0,34.75,24.777517318725586,7289634
2019-02-19,35.099998474121094,35.95000076293945,34.599998474121094,34.900001525878906,24.884469985961914,14214580
2019-02-20,35.150001525878906,35.900001525878906,34.79999923706055,35.349998474121094,25.2053279876709,7886528
2019-02-21,35.400001525878906,36.099998474121094,34.650001525878906,35.400001525878906,25.240983963012695,10604800
2019-02-22,35.0,36.95000076293945,34.79999923706055,36.900001525878906,26.310514450073242,13924962
2019-02-25,37.45000076293945,40.150001525878906,37.45000076293945,39.75,28.342626571655273,37529774
2019-02-26,39.79999923706055,40.29999923706055,38.79999923706055,39.400001525878906,28.093069076538086,16073539
2019-02-27,39.95000076293945,40.95000076293945,38.5,38.75,27.62960433959961,17428439
2019-02-28,39.04999923706055,39.20000076293945,37.79999923706055,38.0,27.094837188720703,12406686
2019-03-01,38.599998474121094,40.400001525878906,37.849998474121094,40.29999923706055,28.734790802001953,17947986
2019-03-04,40.849998474121094,42.599998474121094,40.400001525878906,40.900001525878906,29.16260528564453,22605848
2019-03-05,40.900001525878906,40.900001525878906,39.650001525878906,39.95000076293945,28.4852352142334,9798100
2019-03-06,39.849998474121094,40.25,39.20000076293945,39.75,28.342626571655273,8637955
2019-03-07,39.29999923706055,39.79999923706055,38.5,38.650001525878906,27.558303833007812,12888196
2019-03-08,37.79999923706055,37.79999923706055,36.599998474121094,36.79999923706055,26.239212036132812,24018029
2019-03-11,36.70000076293945,37.849998474121094,36.25,37.75,26.91658592224121,12160722
2019-03-12,38.599998474121094,39.349998474121094,37.900001525878906,38.25,27.273094177246094,11245093
2019-03-13,38.349998474121094,38.54999923706055,37.45000076293945,37.75,26.91658592224121,4993227
2019-03-14,37.70000076293945,37.900001525878906,37.29999923706055,37.349998474121094,26.63137435913086,7114600
2019-03-15,37.20000076293945,38.75,37.20000076293945,38.400001525878906,27.380048751831055,8171882
2019-03-18,38.45000076293945,38.95000076293945,37.79999923706055,38.70000076293945,27.593955993652344,9551571
2019-03-19,38.95000076293945,39.45000076293945,38.349998474121094,38.599998474121094,27.52265167236328,12466889
2019-03-20,38.349998474121094,38.400001525878906,37.599998474121094,37.849998474121094,26.987886428833008,7005566
2019-03-21,38.70000076293945,41.849998474121094,38.70000076293945,40.75,29.055646896362305,31545759
2019-03-22,41.45000076293945,41.54999923706055,40.20000076293945,40.29999923706055,28.734790802001953,13374126
2019-03-25,39.099998474121094,39.79999923706055,38.70000076293945,38.79999923706055,27.665254592895508,17325882
2019-03-26,39.0,39.70000076293945,38.45000076293945,38.900001525878906,27.73655891418457,10467408
2019-03-27,39.0,40.29999923706055,39.0,39.349998474121094,28.057416915893555,9936090
2019-03-28,39.5,39.5,38.54999923706055,38.75,27.62960433959961,9160601
2019-03-29,38.95000076293945,40.5,38.849998474121094,40.0,28.520883560180664,9450390
2019-04-01,40.900001525878906,41.79999923706055,40.54999923706055,40.79999923706055,29.09130096435547,12939240
2019-04-02,41.099998474121094,41.79999923706055,40.79999923706055,41.150001525878906,29.34086036682129,8273091
2019-04-03,41.20000076293945,42.150001525878906,40.70000076293945,41.95000076293945,29.911273956298828,14136379
2019-04-04,42.150001525878906,43.79999923706055,42.099998474121094,42.75,30.48169708251953,13822705
2019-04-08,43.75,44.900001525878906,43.29999923706055,44.25,31.55122184753418,14654567
2019-04-09,44.400001525878906,45.150001525878906,44.20000076293945,44.75,31.907733917236328,9701420
2019-04-10,44.20000076293945,44.70000076293945,43.5,44.150001525878906,31.47992515563965,10062726
2019-04-11,44.45000076293945,44.900001525878906,43.099998474121094,43.349998474121094,30.909503936767578,11212338
2019-04-12,43.0,43.79999923706055,42.900001525878906,43.25,30.83820152282715,7078824
2019-04-15,43.849998474121094,46.400001525878906,43.79999923706055,44.75,31.907733917236328,15531620
2019-04-16,44.849998474121094,46.20000076293945,44.75,45.5,32.4425048828125,12421893
2019-04-17,45.849998474121094,46.95000076293945,45.0,46.25,32.97727584838867,11023594
2019-04-18,46.599998474121094,46.79999923706055,45.75,46.20000076293945,32.941619873046875,5703451
2019-04-23,45.099998474121094,46.70000076293945,44.599998474121094,45.849998474121094,32.69205856323242,12520504
2019-04-24,46.349998474121094,46.349998474121094,44.599998474121094,45.099998474121094,32.15729522705078,5280250
2019-04-25,45.099998474121094,45.900001525878906,43.54999923706055,43.599998474121094,31.087759017944336,11621114
2019-04-26,43.650001525878906,44.95000076293945,43.54999923706055,44.150001525878906,31.47992515563965,9021275
2019-04-29,45.5,45.5,42.900001525878906,43.099998474121094,30.731246948242188,13929190
2019-04-30,42.900001525878906,43.95000076293945,42.79999923706055,43.45000076293945,30.980812072753906,4723036
2019-05-02,43.20000076293945,44.150001525878906,42.95000076293945,43.70000076293945,31.159067153930664,2823649
2019-05-03,43.5,43.900001525878906,43.0,43.75,31.194713592529297,2542167
2019-05-06,42.0,42.650001525878906,39.150001525878906,40.04999923706055,28.55653190612793,30060206
2019-05-07,40.849998474121094,41.0,39.650001525878906,40.45000076293945,28.84174346923828,8657243
2019-05-08,39.349998474121094,39.75,38.04999923706055,38.79999923706055,27.665254592895508,14945177
2019-05-09,38.70000076293945,38.70000076293945,37.099998474121094,37.349998474121094,26.63137435913086,12930223
2019-05-10,38.0,39.5,37.5,38.5,27.45134735107422,13740200
2019-05-14,37.0,38.29999923706055,36.79999923706055,37.45000076293945,26.70267677307129,10946542
2019-05-15,37.79999923706055,38.849998474121094,37.79999923706055,38.150001525878906,27.20178985595703,7250086
2019-05-16,38.400001525878906,38.599998474121094,37.70000076293945,37.900001525878906,27.023534774780273,4298039
2019-05-17,38.349998474121094,38.599998474121094,36.54999923706055,36.599998474121094,26.09660530090332,11092000
2019-05-20,36.5,36.54999923706055,35.04999923706055,35.79999923706055,25.526187896728516,12571486
2019-05-21,36.400001525878906,37.29999923706055,35.29999923706055,36.20000076293945,25.811399459838867,7090000
2019-05-22,36.54999923706055,36.95000076293945,35.900001525878906,36.04999923706055,25.704442977905273,3951493
2019-05-23,35.79999923706055,35.900001525878906,34.70000076293945,35.04999923706055,24.991422653198242,8563803
2019-05-24,35.5,36.0,35.0,35.20000076293945,25.098377227783203,4329388
2019-05-27,35.29999923706055,35.400001525878906,34.25,34.95000076293945,24.920120239257812,5763600
2019-05-28,34.95000076293945,36.25,34.5,35.70000076293945,25.45488739013672,9384044
2019-05-29,35.29999923706055,38.099998474121094,35.29999923706055,37.099998474121094,26.45311737060547,16056000
2019-05-30,37.5,37.5,36.54999923706055,36.75,26.203563690185547,7724100
2019-05-31,36.70000076293945,37.650001525878906,36.400001525878906,36.400001525878906,25.95400619506836,6465857
2019-06-03,36.400001525878906,36.79999923706055,35.45000076293945,35.900001525878906,25.597492218017578,8324000
2019-06-04,36.29999923706055,36.400001525878906,34.20000076293945,34.29999923706055,24.45665740966797,13383157
2019-06-05,34.900001525878906,35.150001525878906,33.25,33.849998474121094,24.13579559326172,20059320
2019-06-06,33.849998474121094,34.25,33.150001525878906,34.150001525878906,24.34970474243164,8719100
2019-06-10,34.650001525878906,35.5,34.0,35.0,24.955772399902344,10467927
2019-06-11,35.25,36.54999923706055,34.95000076293945,35.79999923706055,25.526187896728516,10747486
2019-06-12,35.45000076293945,35.900001525878906,35.099998474121094,35.25,25.1340274810791,7352536
2019-06-13,35.150001525878906,35.400001525878906,34.54999923706055,35.25,25.1340274810791,3404113
2019-06-14,35.25,35.45000076293945,34.45000076293945,34.54999923706055,24.634910583496094,4490780
2019-06-17,34.900001525878906,35.400001525878906,34.45000076293945,34.54999923706055,24.634910583496094,5093592
2019-06-18,34.849998474121094,35.599998474121094,34.54999923706055,35.29999923706055,25.169681549072266,5411995
2019-06-19,37.5,37.5,35.599998474121094,35.849998474121094,25.56184196472168,11940500
2019-06-20,35.95000076293945,37.900001525878906,35.900001525878906,37.849998474121094,26.987886428833008,14086641
2019-06-21,37.95000076293945,38.599998474121094,37.29999923706055,37.5,26.738327026367188,9325683
2019-06-24,37.79999923706055,37.95000076293945,37.400001525878906,37.599998474121094,26.809627532958984,6097953
2019-06-25,37.79999923706055,37.900001525878906,36.349998474121094,37.599998474121094,26.809627532958984,9308551
2019-06-26,37.0,38.099998474121094,37.0,37.900001525878906,27.023534774780273,7791250
2019-06-27,38.20000076293945,38.849998474121094,37.5,38.349998474121094,27.344396591186523,11016267
2019-06-28,38.45000076293945,38.650001525878906,37.599998474121094,38.0,27.094837188720703,10078397
2019-07-02,39.400001525878906,39.70000076293945,38.95000076293945,39.150001525878906,27.914813995361328,14245209
2019-07-03,39.04999923706055,39.20000076293945,38.0,38.45000076293945,27.415699005126953,9676580
2019-07-04,38.29999923706055,38.70000076293945,37.29999923706055,37.95000076293945,27.059186935424805,9614364
2019-07-05,37.900001525878906,38.45000076293945,37.45000076293945,38.349998474121094,27.344396591186523,5905000
2019-07-08,37.900001525878906,37.900001525878906,37.0,37.400001525878906,26.667028427124023,9863151
2019-07-09,37.349998474121094,37.599998474121094,36.849998474121094,37.099998474121094,26.45311737060547,7201488
2019-07-10,36.5,37.29999923706055,36.5,36.75,26.837711334228516,7127853
2019-07-11,37.150001525878906,37.70000076293945,36.79999923706055,37.099998474121094,27.093305587768555,6858844
2019-07-12,36.79999923706055,38.150001525878906,36.79999923706055,37.79999923706055,27.604503631591797,7841500
2019-07-15,37.599998474121094,38.29999923706055,37.099998474121094,38.04999923706055,27.787071228027344,5630015
2019-07-16,37.599998474121094,38.20000076293945,37.599998474121094,37.849998474121094,27.641014099121094,6039900
2019-07-17,37.5,38.0,37.45000076293945,37.900001525878906,27.677526473999023,5084900
2019-07-18,37.5,38.099998474121094,37.29999923706055,37.599998474121094,27.458444595336914,4981100
2019-07-19,37.95000076293945,38.70000076293945,37.849998474121094,38.45000076293945,28.079181671142578,8267368
2019-07-22,38.0,38.599998474121094,37.849998474121094,37.849998474121094,27.641014099121094,5666966
2019-07-23,38.0,38.20000076293945,37.400001525878906,37.599998474121094,27.458444595336914,6254800
2019-07-24,37.79999923706055,38.5,37.599998474121094,38.29999923706055,27.96963882446289,7594900
2019-07-25,38.29999923706055,38.650001525878906,38.04999923706055,38.400001525878906,28.04266929626465,5804171
2019-07-26,38.099998474121094,38.95000076293945,38.0,38.45000076293945,28.079181671142578,5249976
2019-07-29,38.099998474121094,38.599998474121094,38.04999923706055,38.5,28.115694046020508,4995112
2019-07-30,39.54999923706055,39.95000076293945,39.400001525878906,39.54999923706055,28.882488250732422,14962703
2019-07-31,39.5,40.0,39.099998474121094,39.29999923706055,28.699918746948242,8935122
2019-08-01,38.79999923706055,39.599998474121094,38.79999923706055,39.20000076293945,28.626890182495117,6765322
2019-08-02,37.5,38.349998474121094,37.400001525878906,37.849998474121094,27.641014099121094,10033889
2019-08-05,37.599998474121094,37.599998474121094,36.29999923706055,36.54999923706055,26.691652297973633,12429651
2019-08-06,36.0,36.0,34.650001525878906,35.349998474121094,25.815319061279297,17090568
2019-08-07,35.54999923706055,35.75,34.54999923706055,35.150001525878906,25.669267654418945,8241474
2019-08-08,35.150001525878906,35.54999923706055,34.75,35.04999923706055,25.596237182617188,7071444
2019-08-09,35.349998474121094,35.5,34.150001525878906,34.25,25.012014389038086,7402409
2019-08-12,34.70000076293945,34.849998474121094,34.0,34.650001525878906,25.304128646850586,6401957
2019-08-13,34.25,34.75,33.45000076293945,33.599998474121094,24.53733253479004,10198949
2019-08-14,34.150001525878906,34.5,33.29999923706055,33.5,24.464305877685547,7310877
2019-08-15,32.79999923706055,33.650001525878906,32.79999923706055,33.349998474121094,24.35476303100586,8375323
2019-08-16,33.54999923706055,34.54999923706055,33.150001525878906,34.099998474121094,24.90247344970703,7736600
2019-08-19,34.70000076293945,35.150001525878906,34.400001525878906,34.95000076293945,25.523208618164062,5329845
2019-08-20,34.79999923706055,35.150001525878906,34.5,34.79999923706055,25.413667678833008,4501302
2019-08-21,34.95000076293945,35.29999923706055,34.599998474121094,35.0,25.559724807739258,5162584
2019-08-22,35.0,35.45000076293945,34.650001525878906,34.849998474121094,25.450180053710938,2652200
2019-08-23,34.599998474121094,35.79999923706055,34.5,35.5,25.92486000061035,5078964
2019-08-26,34.45000076293945,34.849998474121094,34.0,34.849998474121094,25.450180053710938,7453804
2019-08-27,34.75,35.04999923706055,34.0,34.099998474121094,24.90247344970703,8767109
2019-08-28,34.400001525878906,34.70000076293945,33.54999923706055,33.54999923706055,24.50082015991211,6374200
2019-08-29,33.5,33.5,31.149999618530273,31.5,23.003751754760742,31841844
2019-08-30,31.799999237060547,31.799999237060547,30.799999237060547,30.950000762939453,22.60209846496582,18433915
2019-09-02,30.700000762939453,31.450000762939453,30.700000762939453,31.200000762939453,22.784666061401367,10459500
2019-09-03,31.450000762939453,31.700000762939453,30.950000762939453,31.350000381469727,22.894208908081055,8854226
2019-09-04,31.600000381469727,32.400001525878906,31.299999237060547,32.20000076293945,23.51494598388672,13365043
2019-09-05,32.5,33.95000076293945,32.45000076293945,33.150001525878906,24.208709716796875,11104641
2019-09-06,33.29999923706055,33.650001525878906,32.900001525878906,33.29999923706055,24.318248748779297,9152839
2019-09-09,33.95000076293945,33.95000076293945,33.0,33.150001525878906,24.208709716796875,5644995
2019-09-10,33.349998474121094,33.5,32.849998474121094,33.20000076293945,24.245223999023438,5031331
2019-09-11,33.54999923706055,34.25,33.20000076293945,34.099998474121094,24.90247344970703,4721842
2019-09-12,34.29999923706055,34.75,34.099998474121094,34.20000076293945,24.975502014160156,4675857
2019-09-13,34.349998474121094,34.45000076293945,33.75,34.29999923706055,25.04852867126465,3486841
2019-09-16,33.900001525878906,34.5,33.599998474121094,33.849998474121094,24.71990394592285,5636026
2019-09-17,33.849998474121094,33.849998474121094,32.70000076293945,33.0,24.09916877746582,6072365
2019-09-18,33.04999923706055,33.29999923706055,32.79999923706055,33.0,24.09916877746582,4533237
2019-09-19,33.20000076293945,33.20000076293945,32.29999923706055,32.650001525878906,23.843570709228516,4253105
2019-09-20,32.599998474121094,32.849998474121094,32.400001525878906,32.79999923706055,23.95311164855957,5305164
2019-09-23,32.849998474121094,32.849998474121094,31.399999618530273,31.700000762939453,23.14980697631836,6954301
2019-09-24,31.850000381469727,31.899999618530273,31.350000381469727,31.450000762939453,22.967239379882812,7085839
2019-09-25,31.299999237060547,31.549999237060547,31.049999237060547,31.25,22.82118034362793,5976370
2019-09-26,31.399999618530273,31.700000762939453,31.049999237060547,31.200000762939453,22.784666061401367,6812759
2019-09-27,31.25,31.25,30.75,30.899999618530273,22.565582275390625,3615891
2019-09-30,30.850000381469727,31.149999618530273,30.600000381469727,31.0,22.638612747192383,2812601
2019-10-02,30.75,31.450000762939453,30.649999618530273,31.149999618530273,22.748151779174805,4550100
2019-10-03,30.799999237060547,31.399999618530273,30.75,31.149999618530273,22.748151779174805,1849930
2019-10-04,31.399999618530273,31.399999618530273,30.5,30.75,22.45604133605957,4778609
2019-10-08,31.149999618530273,31.649999618530273,30.700000762939453,30.950000762939453,22.60209846496582,9408757
2019-10-09,30.799999237060547,31.149999618530273,30.5,30.799999237060547,22.492555618286133,3580232
2019-10-10,30.799999237060547,31.399999618530273,30.649999618530273,31.149999618530273,22.748151779174805,5394300
2019-10-11,31.299999237060547,32.20000076293945,31.299999237060547,31.899999618530273,23.295862197875977,6818733
2019-10-14,32.349998474121094,32.849998474121094,31.649999618530273,31.75,23.186321258544922,12035600
2019-10-15,31.899999618530273,31.899999618530273,31.299999237060547,31.850000381469727,23.259347915649414,6844669
2019-10-16,32.0,32.400001525878906,31.600000381469727,31.75,23.186321258544922,5359900
2019-10-17,31.950000762939453,32.25,31.549999237060547,31.950000762939453,23.332378387451172,5318960
2019-10-18,31.950000762939453,32.349998474121094,31.399999618530273,31.549999237060547,23.04026222229004,3666950
2019-10-21,31.450000762939453,32.150001525878906,31.399999618530273,32.04999923706055,23.4054012298584,4358800
2019-10-22,32.150001525878906,32.54999923706055,31.899999618530273,32.150001525878906,23.478431701660156,6310990
2019-10-23,32.29999923706055,32.29999923706055,31.600000381469727,31.700000762939453,23.14980697631836,4366850
2019-10-24,31.799999237060547,32.0,31.5,31.799999237060547,23.22283363342285,4633769
2019-10-25,31.450000762939453,31.75,30.899999618530273,31.399999618530273,22.930723190307617,4960300
2019-10-28,31.350000381469727,31.950000762939453,31.25,31.600000381469727,23.076778411865234,4620720
2019-10-29,31.799999237060547,32.099998474121094,31.549999237060547,31.600000381469727,23.076778411865234,5712852
2019-10-30,31.649999618530273,32.0,31.200000762939453,31.350000381469727,22.894208908081055,7711091
2019-10-31,31.399999618530273,31.600000381469727,30.450000762939453,30.549999237060547,22.309986114501953,12011878
2019-11-01,30.5,31.100000381469727,30.450000762939453,30.950000762939453,22.60209846496582,8146339
2019-11-04,31.5,32.5,31.25,32.400001525878906,23.661001205444336,12805370
2019-11-05,32.5,33.95000076293945,32.20000076293945,33.650001525878906,24.573848724365234,18381680
2019-11-06,33.70000076293945,33.75,33.150001525878906,33.20000076293945,24.245223999023438,8369588
2019-11-07,33.150001525878906,33.54999923706055,32.79999923706055,33.54999923706055,24.50082015991211,11295367
2019-11-08,33.599998474121094,33.70000076293945,33.0,33.29999923706055,24.318248748779297,7862581
2019-11-11,33.0,33.0,32.150001525878906,32.45000076293945,23.6975154876709,5639769
2019-11-12,32.599998474121094,33.099998474121094,32.099998474121094,32.849998474121094,23.9896240234375,5865657
2019-11-13,32.5,33.0,32.0,32.29999923706055,23.58797264099121,7074904
2019-11-14,32.0,32.150001525878906,31.350000381469727,31.649999618530273,23.113292694091797,7019381
2019-11-15,31.5,31.950000762939453,31.350000381469727,31.450000762939453,22.967239379882812,4943165
2019-11-18,31.649999618530273,31.649999618530273,31.149999618530273,31.350000381469727,22.894208908081055,6231808
2019-11-19,31.299999237060547,32.150001525878906,31.0,32.0,23.36888885498047,7075375
2019-11-20,31.700000762939453,31.75,31.299999237060547,31.450000762939453,22.967239379882812,4704234
2019-11-21,31.200000762939453,31.200000762939453,30.799999237060547,31.100000381469727,22.711641311645508,6027416
2019-11-22,31.299999237060547,31.299999237060547,30.850000381469727,30.950000762939453,22.60209846496582,4151110
2019-11-25,31.100000381469727,31.549999237060547,30.899999618530273,31.25,22.82118034362793,4778608
2019-11-26,31.450000762939453,31.549999237060547,31.100000381469727,31.299999237060547,22.857694625854492,7194577
2019-11-27,31.299999237060547,31.299999237060547,31.0,31.100000381469727,22.711641311645508,4755035
2019-11-28,30.799999237060547,31.100000381469727,30.700000762939453,30.75,22.45604133605957,6722046
2019-11-29,30.600000381469727,30.75,30.0,30.149999618530273,22.01787567138672,6802886
2019-12-02,30.200000762939453,30.399999618530273,29.899999618530273,29.950000762939453,21.87181854248047,5194025
2019-12-03,29.950000762939453,30.350000381469727,29.600000381469727,30.049999237060547,21.944847106933594,4729840
2019-12-04,29.75,30.049999237060547,29.5,29.549999237060547,21.579708099365234,6253729
2019-12-05,29.799999237060547,30.5,29.549999237060547,30.350000381469727,22.163930892944336,11976289
2019-12-06,30.75,31.0,30.350000381469727,30.700000762939453,22.41952896118164,9153959
2019-12-09,30.899999618530273,30.950000762939453,30.450000762939453,30.700000762939453,22.41952896118164,5277400
2019-12-10,30.649999618530273,31.75,30.649999618530273,31.5,23.003751754760742,12760280
2019-12-11,31.5,32.400001525878906,31.399999618530273,32.349998474121094,23.62448501586914,11380624
2019-12-12,32.5,32.599998474121094,32.0,32.20000076293945,23.51494598388672,6499647
2019-12-13,32.79999923706055,33.70000076293945,32.70000076293945,33.599998474121094,24.53733253479004,13695052
2019-12-16,33.45000076293945,33.79999923706055,33.099998474121094,33.349998474121094,24.35476303100586,7259700
2019-12-17,33.650001525878906,34.20000076293945,33.20000076293945,33.95000076293945,24.792930603027344,8234298
2019-12-18,33.75,34.349998474121094,33.45000076293945,33.70000076293945,24.610363006591797,8783953
2019-12-19,33.95000076293945,33.95000076293945,33.04999923706055,33.29999923706055,24.318248748779297,4127074
2019-12-20,33.0,33.599998474121094,32.900001525878906,33.29999923706055,24.318248748779297,5140282
2019-12-23,33.45000076293945,33.45000076293945,32.5,32.70000076293945,23.880084991455078,3796729
2019-12-24,32.75,32.849998474121094,32.54999923706055,32.79999923706055,23.95311164855957,1205230
2019-12-27,33.150001525878906,33.75,33.0,33.29999923706055,24.318248748779297,5380318
2019-12-30,33.29999923706055,33.95000076293945,33.150001525878906,33.75,24.646873474121094,5714752
2019-12-31,33.70000076293945,33.849998474121094,33.349998474121094,33.5,24.464305877685547,2313800
2020-01-02,33.849998474121094,35.599998474121094,33.79999923706055,35.599998474121094,25.997888565063477,13252812
2020-01-03,35.599998474121094,36.349998474121094,35.0,35.099998474121094,25.632749557495117,7867691
2020-01-06,35.20000076293945,35.650001525878906,34.650001525878906,35.0,25.559724807739258,6864698
2020-01-07,35.400001525878906,35.95000076293945,34.849998474121094,34.95000076293945,25.523208618164062,7232610
2020-01-08,34.45000076293945,34.45000076293945,33.70000076293945,33.79999923706055,24.68338966369629,7621736
2020-01-09,34.349998474121094,35.0,34.349998474121094,34.900001525878906,25.486696243286133,5915087
2020-01-10,34.70000076293945,35.0,34.5,34.54999923706055,25.231098175048828,5125011
2020-01-13,34.79999923706055,35.099998474121094,34.599998474121094,34.900001525878906,25.486696243286133,5299441
2020-01-14,35.20000076293945,35.45000076293945,34.5,34.5,25.194583892822266,7435600
2020-01-15,34.400001525878906,34.79999923706055,34.150001525878906,34.29999923706055,25.04852867126465,6197209
2020-01-16,34.400001525878906,34.5,33.79999923706055,34.0,24.829444885253906,4955233
2020-01-17,34.349998474121094,34.70000076293945,33.95000076293945,34.650001525878906,25.304128646850586,4760103
2020-01-20,34.70000076293945,35.599998474121094,34.599998474121094,34.650001525878906,25.304128646850586,7219178
2020-01-21,34.0,34.5,32.54999923706055,32.70000076293945,23.880084991455078,14756531
2020-01-22,32.70000076293945,33.0,32.0,32.75,23.91659927368164,5524503
2020-01-23,32.349998474121094,32.400001525878906,31.200000762939453,31.950000762939453,23.332378387451172,8282445
2020-01-24,31.700000762939453,32.20000076293945,31.649999618530273,32.099998474121094,23.44191551208496,2050379
2020-01-29,30.799999237060547,31.049999237060547,30.399999618530273,30.950000762939453,22.60209846496582,8280748
2020-01-30,30.850000381469727,30.899999618530273,29.549999237060547,29.75,21.725765228271484,7987575
2020-01-31,30.100000381469727,30.450000762939453,29.399999618530273,29.399999618530273,21.470169067382812,7085645
2020-02-03,29.25,30.149999618530273,29.200000762939453,29.5,21.543195724487305,18767586
2020-02-04,29.25,30.549999237060547,29.25,30.350000381469727,22.163930892944336,13539294
2020-02-05,30.5,31.100000381469727,30.049999237060547,30.25,22.090904235839844,10154807
2020-02-06,30.700000762939453,31.600000381469727,30.549999237060547,31.200000762939453,22.784666061401367,10771899
2020-02-07,30.850000381469727,31.200000762939453,30.399999618530273,30.649999618530273,22.38301658630371,9672105
2020-02-10,30.350000381469727,30.549999237060547,30.200000762939453,30.299999237060547,22.127418518066406,6503500
2020-02-11,30.549999237060547,30.950000762939453,30.350000381469727,30.649999618530273,22.38301658630371,5873842
2020-02-12,30.5,30.899999618530273,30.100000381469727,30.600000381469727,22.34650230407715,7802176
2020-02-13,30.600000381469727,30.649999618530273,30.0,30.049999237060547,21.944847106933594,6630449
2020-02-14,30.049999237060547,30.649999618530273,30.049999237060547,30.399999618530273,22.200443267822266,5888838
2020-02-17,30.399999618530273,31.100000381469727,30.399999618530273,30.799999237060547,22.492555618286133,4911700
2020-02-18,30.649999618530273,30.75,30.299999237060547,30.450000762939453,22.236957550048828,5825000
2020-02-19,30.799999237060547,31.549999237060547,30.5,31.100000381469727,22.711641311645508,7176131
2020-02-20,31.100000381469727,32.150001525878906,30.950000762939453,32.0,23.36888885498047,11523074
2020-02-21,31.700000762939453,32.0,31.100000381469727,31.25,22.82118034362793,8154446
2020-02-24,30.899999618530273,31.049999237060547,30.350000381469727,30.450000762939453,22.236957550048828,7436551
2020-02-25,30.25,30.600000381469727,29.700000762939453,30.200000762939453,22.054391860961914,7841961
2020-02-26,29.649999618530273,30.600000381469727,29.600000381469727,30.25,22.090904235839844,7589203
2020-02-27,30.100000381469727,30.600000381469727,29.950000762939453,30.350000381469727,22.163930892944336,9374495
2020-02-28,29.950000762939453,30.100000381469727,29.399999618530273,29.649999618530273,21.652734756469727,13900537
2020-03-02,29.899999618530273,30.149999618530273,29.5,29.75,21.725765228271484,10306338
2020-03-03,30.200000762939453,30.299999237060547,29.25,29.299999237060547,21.397138595581055,10904300
2020-03-04,29.350000381469727,29.450000762939453,28.850000381469727,29.25,21.360626220703125,7990944
2020-03-05,29.5,30.350000381469727,29.25,30.200000762939453,22.054391860961914,12752032
2020-03-06,29.700000762939453,30.049999237060547,29.299999237060547,29.450000762939453,21.506683349609375,9488149
2020-03-09,28.5,28.5,27.399999618530273,27.600000381469727,20.15566635131836,21109860
2020-03-10,27.649999618530273,28.299999237060547,27.25,27.799999237060547,20.301725387573242,11893508
2020-03-11,28.0,28.0,26.950000762939453,27.0,19.717500686645508,12906832
2020-03-12,26.450000762939453,26.450000762939453,25.600000381469727,25.950000762939453,18.95071029663086,20080799
2020-03-13,24.5,25.950000762939453,24.100000381469727,25.5,18.62208366394043,38662762
2020-03-16,24.649999618530273,25.100000381469727,23.399999618530273,23.799999237060547,17.380611419677734,19884484
2020-03-17,23.799999237060547,23.799999237060547,23.799999237060547,23.799999237060547,17.380611419677734,0
2020-03-18,23.5,24.0,21.700000762939453,22.049999237060547,16.102624893188477,18364436
2020-03-19,21.700000762939453,22.0,20.450000762939453,20.649999618530273,15.080239295959473,26581597
2020-03-20,21.200000762939453,21.850000381469727,20.850000381469727,21.700000762939453,15.847028732299805,20968515
2020-03-23,20.700000762939453,21.350000381469727,20.5,20.950000762939453,15.299322128295898,17196390
2020-03-24,21.350000381469727,22.549999237060547,21.350000381469727,22.450000762939453,16.39473533630371,16228754
2020-03-25,23.149999618530273,24.149999618530273,23.100000381469727,23.950000762939453,17.490156173706055,22846300
2020-03-26,24.450000762939453,24.5,23.649999618530273,23.899999618530273,17.45363998413086,21735378
2020-03-27,24.600000381469727,24.600000381469727,23.200000762939453,23.299999237060547,17.015470504760742,19177590
2020-03-30,22.5,23.899999618530273,22.5,23.549999237060547,17.198041915893555,13823962
2020-03-31,24.049999237060547,24.600000381469727,23.899999618530273,24.149999618530273,17.636207580566406,15888098
2020-04-01,24.149999618530273,24.850000381469727,23.700000762939453,24.049999237060547,17.563180923461914,12660827
2020-04-02,23.5,24.600000381469727,23.5,24.399999618530273,17.818777084350586,4572992
2020-04-03,24.0,24.700000762939453,24.0,24.350000381469727,17.782264709472656,3428057
2020-04-06,25.149999618530273,25.149999618530273,24.200000762939453,24.850000381469727,18.147403717041016,4880100
2020-04-07,25.200000762939453,25.350000381469727,24.549999237060547,25.25,18.43951416015625,14565421
2020-04-08,24.850000381469727,24.950000762939453,24.0,24.149999618530273,17.636207580566406,14421198
2020-04-09,24.450000762939453,24.649999618530273,24.299999237060547,24.600000381469727,17.964834213256836,8713100
2020-04-14,24.600000381469727,25.100000381469727,24.450000762939453,25.0,18.256942749023438,8389313
2020-04-15,25.350000381469727,25.350000381469727,24.5,24.600000381469727,17.964834213256836,7057718
2020-04-16,24.299999237060547,24.799999237060547,24.149999618530273,24.600000381469727,17.964834213256836,8833878
2020-04-17,25.0,25.649999618530273,24.899999618530273,25.399999618530273,18.549057006835938,11421948
2020-04-20,25.299999237060547,25.600000381469727,24.850000381469727,25.049999237060547,18.293458938598633,8682343
2020-04-21,24.899999618530273,25.0,24.350000381469727,24.450000762939453,17.85529327392578,7050828
2020-04-22,24.100000381469727,24.649999618530273,23.950000762939453,24.600000381469727,17.964834213256836,4301647
2020-04-23,24.75,25.0,24.5,24.649999618530273,18.001346588134766,4274135
2020-04-24,24.450000762939453,25.0,24.399999618530273,24.649999618530273,18.001346588134766,4154032
2020-04-27,24.700000762939453,25.450000762939453,24.700000762939453,25.299999237060547,18.476028442382812,8030809
2020-04-28,25.25,25.799999237060547,25.100000381469727,25.75,18.80465316772461,4103094
2020-04-29,26.299999237060547,27.100000381469727,26.100000381469727,26.899999618530273,19.644472122192383,9707131
2020-05-04,25.75,25.850000381469727,25.399999618530273,25.799999237060547,18.84116554260254,8668776
2020-05-05,25.799999237060547,26.850000381469727,25.799999237060547,26.850000381469727,19.607959747314453,8682107
2020-05-06,26.700000762939453,27.100000381469727,26.25,26.649999618530273,19.461902618408203,15189700
2020-05-07,26.649999618530273,26.850000381469727,26.350000381469727,26.700000762939453,19.49842071533203,7911975
2020-05-08,27.0,27.100000381469727,26.649999618530273,27.049999237060547,19.754013061523438,7381588
2020-05-11,27.200000762939453,27.600000381469727,26.850000381469727,26.950000762939453,19.680986404418945,8480700
2020-05-12,26.600000381469727,26.850000381469727,26.049999237060547,26.350000381469727,19.242820739746094,8443913
2020-05-13,26.200000762939453,26.549999237060547,26.0,26.450000762939453,19.31584930419922,6996334
2020-05-14,26.049999237060547,26.25,25.799999237060547,26.049999237060547,19.02373695373535,8715283
2020-05-15,26.149999618530273,26.200000762939453,25.850000381469727,26.049999237060547,19.02373695373535,11452294
2020-05-18,26.100000381469727,26.100000381469727,25.549999237060547,25.700000762939453,18.76814079284668,9123802
2020-05-19,26.25,26.850000381469727,26.200000762939453,26.549999237060547,19.38887596130371,12496721
2020-05-20,26.399999618530273,26.75,26.25,26.350000381469727,19.242820739746094,3501769
2020-05-21,26.25,26.450000762939453,25.600000381469727,25.899999618530273,18.914196014404297,8382210
2020-05-22,25.600000381469727,25.700000762939453,24.049999237060547,24.25,17.709238052368164,14247932
2020-05-25,24.200000762939453,24.350000381469727,23.649999618530273,24.100000381469727,17.599695205688477,6030726
2020-05-26,24.299999237060547,24.75,24.299999237060547,24.600000381469727,17.964834213256836,4600600
2020-05-27,24.399999618530273,25.049999237060547,24.399999618530273,24.649999618530273,18.001346588134766,3916256
2020-05-28,24.700000762939453,25.049999237060547,24.149999618530273,24.549999237060547,17.928319931030273,8297824
2020-05-29,24.5,24.600000381469727,24.0,24.100000381469727,17.599695205688477,8087733
2020-06-01,24.450000762939453,25.299999237060547,24.450000762939453,25.149999618530273,18.366487503051758,10990525
2020-06-02,25.100000381469727,25.649999618530273,25.100000381469727,25.5,18.62208366394043,4704078
2020-06-03,26.0,26.5,25.799999237060547,25.799999237060547,18.84116554260254,7984909
2020-06-04,26.350000381469727,26.350000381469727,25.200000762939453,25.25,18.43951416015625,7847772
2020-06-05,25.299999237060547,26.350000381469727,25.299999237060547,26.350000381469727,19.242820739746094,18629414
2020-06-08,26.5,27.149999618530273,26.5,26.899999618530273,19.644472122192383,12228819
2020-06-09,26.899999618530273,27.700000762939453,26.850000381469727,27.399999618530273,20.009611129760742,12214519
2020-06-10,27.600000381469727,27.649999618530273,26.850000381469727,27.450000762939453,20.046125411987305,10434925
2020-06-11,27.299999237060547,27.299999237060547,26.100000381469727,26.450000762939453,19.31584930419922,11783682
2020-06-12,25.700000762939453,26.299999237060547,25.700000762939453,25.899999618530273,18.914196014404297,8672642
2020-06-15,25.799999237060547,25.799999237060547,25.149999618530273,25.200000762939453,18.402999877929688,7952685
2020-06-16,25.700000762939453,26.149999618530273,25.700000762939453,25.899999618530273,18.914196014404297,7093005
2020-06-17,26.100000381469727,26.899999618530273,25.649999618530273,26.200000762939453,19.13327980041504,19468523
2020-06-18,26.25,26.600000381469727,25.850000381469727,26.399999618530273,19.279333114624023,6844527
2020-06-19,26.600000381469727,26.950000762939453,25.850000381469727,26.799999237060547,19.571443557739258,26459733
2020-06-22,26.75,27.100000381469727,26.200000762939453,26.5,19.35236358642578,8277282
2020-06-23,26.549999237060547,26.549999237060547,25.950000762939453,26.450000762939453,19.31584930419922,3972199
2020-06-24,26.5,26.850000381469727,26.200000762939453,26.25,19.16979217529297,2910396
2020-06-26,26.200000762939453,26.700000762939453,26.049999237060547,26.350000381469727,19.242820739746094,5409029
2020-06-29,26.350000381469727,26.350000381469727,25.25,25.649999618530273,18.731624603271484,14171874
2020-06-30,25.899999618530273,26.299999237060547,25.700000762939453,25.950000762939453,18.95071029663086,12631137
2020-07-02,26.399999618530273,28.75,26.399999618530273,28.649999618530273,20.922460556030273,29124800
2020-07-03,29.0,29.950000762939453,28.799999237060547,29.350000381469727,21.433652877807617,21562723
2020-07-06,29.950000762939453,33.70000076293945,29.950000762939453,33.650001525878906,24.573848724365234,44823905
2020-07-07,34.5,37.29999923706055,33.54999923706055,33.70000076293945,24.610363006591797,51061230
2020-07-08,32.900001525878906,34.900001525878906,32.20000076293945,34.25,26.211475372314453,34235558
2020-07-09,34.849998474121094,35.900001525878906,34.20000076293945,34.400001525878906,26.32627296447754,24617028
2020-07-10,33.79999923706055,34.04999923706055,32.04999923706055,32.54999923706055,24.91046905517578,18929100
2020-07-13,33.150001525878906,34.04999923706055,32.099998474121094,32.95000076293945,25.216588973999023,17945597
2020-07-14,32.900001525878906,33.79999923706055,32.0,32.20000076293945,24.642616271972656,18489279
2020-07-15,32.95000076293945,33.150001525878906,31.0,31.600000381469727,24.18343734741211,14191951
2020-07-16,31.799999237060547,32.79999923706055,30.799999237060547,30.899999618530273,23.64772605895996,20151006
2020-07-17,31.049999237060547,31.700000762939453,30.5,30.600000381469727,23.418136596679688,8391035
2020-07-20,31.100000381469727,33.95000076293945,31.100000381469727,33.900001525878906,25.943622589111328,24334259
2020-07-21,34.95000076293945,35.5,33.0,33.900001525878906,25.943622589111328,18970742
2020-07-22,33.79999923706055,34.20000076293945,32.29999923706055,32.29999923706055,24.719144821166992,13143867
2020-07-23,32.5,32.75,31.600000381469727,32.150001525878906,24.604351043701172,8911700
2020-07-24,31.799999237060547,32.349998474121094,30.649999618530273,30.950000762939453,23.685993194580078,14160122
2020-07-27,31.25,31.5,29.899999618530273,30.149999618530273,23.07375144958496,14377416
2020-07-28,30.649999618530273,30.850000381469727,30.049999237060547,30.299999237060547,23.188547134399414,5439297
2020-07-29,30.299999237060547,31.0,29.850000381469727,30.649999618530273,23.45639991760254,7118600
2020-07-30,31.0,31.049999237060547,30.100000381469727,30.200000762939453,23.112016677856445,4939504
2020-07-31,30.200000762939453,30.950000762939453,30.049999237060547,30.299999237060547,23.188547134399414,4477827
2020-08-03,30.399999618530273,30.850000381469727,30.0,30.25,23.15028190612793,11815592
2020-08-04,30.5,32.849998474121094,30.350000381469727,31.950000762939453,24.451290130615234,19668515
2020-08-05,32.25,32.29999923706055,31.0,31.600000381469727,24.18343734741211,7834749
2020-08-06,31.549999237060547,31.899999618530273,30.899999618530273,31.549999237060547,24.14516830444336,6310172
2020-08-07,31.899999618530273,31.899999618530273,30.600000381469727,31.200000762939453,23.877317428588867,8243775
2020-08-10,31.100000381469727,32.599998474121094,30.75,32.099998474121094,24.566083908081055,10988000
2020-08-11,32.599998474121094,33.29999923706055,32.04999923706055,32.45000076293945,24.833940505981445,9090808
2020-08-12,32.04999923706055,32.95000076293945,31.700000762939453,32.75,25.063528060913086,11408516
2020-08-13,33.29999923706055,33.349998474121094,32.349998474121094,32.5,24.872203826904297,5026957
2020-08-14,32.650001525878906,34.04999923706055,32.150001525878906,33.5,25.637502670288086,11596056
2020-08-17,33.900001525878906,36.75,33.900001525878906,35.95000076293945,27.512483596801758,26837016
2020-08-18,36.25,36.599998474121094,35.25,35.849998474121094,27.43595314025879,9888089
2020-08-19,35.0,35.5,34.54999923706055,34.79999923706055,26.63239288330078,7758062
2020-08-20,34.25,35.150001525878906,34.0,35.0,26.785449981689453,8473064
2020-08-21,35.75,35.849998474121094,35.099998474121094,35.400001525878906,27.091571807861328,10365373
2020-08-24,35.70000076293945,35.70000076293945,34.650001525878906,34.79999923706055,26.63239288330078,9079836
2020-08-25,34.95000076293945,35.599998474121094,34.349998474121094,34.45000076293945,26.364534378051758,6709500
2020-08-26,32.849998474121094,33.75,31.549999237060547,31.799999237060547,24.33649253845215,22237465
2020-08-27,31.700000762939453,32.04999923706055,30.850000381469727,31.649999618530273,24.221698760986328,11073269
2020-08-28,31.700000762939453,32.599998474121094,31.350000381469727,31.899999618530273,24.41302490234375,8300753
2020-08-31,32.45000076293945,32.54999923706055,30.950000762939453,30.950000762939453,23.685993194580078,8907100
2020-09-01,30.950000762939453,31.200000762939453,30.649999618530273,31.049999237060547,23.762521743774414,4910912
2020-09-02,31.25,31.600000381469727,30.399999618530273,30.850000381469727,23.609460830688477,7372200
2020-09-03,30.5,31.25,30.399999618530273,30.649999618530273,23.45639991760254,4867700
2020-09-04,30.149999618530273,30.299999237060547,29.549999237060547,30.200000762939453,23.112016677856445,7585910
2020-09-07,30.049999237060547,30.600000381469727,29.350000381469727,29.649999618530273,22.691102981567383,5737340
2020-09-08,29.649999618530273,31.350000381469727,29.649999618530273,31.0,23.724254608154297,13305952
2020-09-09,30.600000381469727,30.850000381469727,30.049999237060547,30.299999237060547,23.188547134399414,5650171
2020-09-10,30.600000381469727,31.049999237060547,30.149999618530273,30.350000381469727,23.2268123626709,6572876
2020-09-11,30.450000762939453,30.450000762939453,30.0,30.25,23.15028190612793,2925570
2020-09-14,30.350000381469727,30.649999618530273,29.700000762939453,30.0,22.95895767211914,5854356
2020-09-15,30.149999618530273,30.299999237060547,29.649999618530273,30.0,22.95895767211914,3967298
2020-09-16,30.299999237060547,30.549999237060547,29.850000381469727,30.049999237060547,22.997222900390625,4324100
2020-09-17,30.149999618530273,30.399999618530273,29.700000762939453,29.899999618530273,22.882427215576172,4420381
2020-09-18,30.100000381469727,32.400001525878906,29.799999237060547,32.0,24.489553451538086,18967054
2020-09-21,32.25,32.54999923706055,30.899999618530273,31.049999237060547,23.762521743774414,9022358
2020-09-22,31.049999237060547,31.049999237060547,30.049999237060547,30.350000381469727,23.2268123626709,8970934
2020-09-23,30.25,30.450000762939453,29.899999618530273,29.950000762939453,22.920692443847656,5215288
2020-09-24,29.799999237060547,29.850000381469727,28.75,29.0,22.19365882873535,14283500
2020-09-25,29.0,29.5,28.450000762939453,28.850000381469727,22.07886505126953,4928200
2020-09-28,29.149999618530273,29.549999237060547,28.799999237060547,29.049999237060547,22.231922149658203,7439796
2020-09-29,29.350000381469727,29.399999618530273,28.799999237060547,28.850000381469727,22.07886505126953,3545779
2020-09-30,29.299999237060547,29.299999237060547,28.5,28.850000381469727,22.07886505126953,2961800
2020-10-05,29.049999237060547,29.700000762939453,28.75,29.5,22.576309204101562,3413800
2020-10-06,29.75,29.799999237060547,29.299999237060547,29.700000762939453,22.729368209838867,2799642
2020-10-07,29.399999618530273,29.799999237060547,29.25,29.799999237060547,22.805896759033203,2234030
2020-10-08,29.799999237060547,29.950000762939453,29.350000381469727,29.950000762939453,22.920692443847656,2994994
2020-10-09,30.049999237060547,30.149999618530273,29.100000381469727,29.25,22.384984970092773,5037419
2020-10-12,29.450000762939453,30.700000762939453,29.149999618530273,30.399999618530273,23.26507568359375,8819780
2020-10-14,30.700000762939453,30.700000762939453,29.299999237060547,29.799999237060547,22.805896759033203,8417454
2020-10-15,29.399999618530273,30.5,29.399999618530273,29.600000381469727,22.6528377532959,6543958
2020-10-16,30.0,31.75,29.75,31.200000762939453,23.877317428588867,14183397
2020-10-19,31.5,32.45000076293945,31.100000381469727,31.350000381469727,23.99211311340332,15894132
2020-10-20,31.25,31.350000381469727,30.5,30.799999237060547,23.571195602416992,4067782
2020-10-21,30.950000762939453,31.100000381469727,30.399999618530273,30.850000381469727,23.609460830688477,5206370
2020-10-22,30.899999618530273,30.899999618530273,30.100000381469727,30.899999618530273,23.64772605895996,7137544
2020-10-23,30.850000381469727,32.45000076293945,30.549999237060547,32.29999923706055,24.719144821166992,15673325
2020-10-27,32.0,32.0,30.75,31.25,23.915578842163086,8929949
2020-10-28,31.25,31.350000381469727,30.25,31.299999237060547,23.95384407043457,11438800
2020-10-29,30.649999618530273,32.400001525878906,30.450000762939453,32.099998474121094,24.566083908081055,10341830
2020-10-30,32.400001525878906,32.70000076293945,30.450000762939453,30.850000381469727,23.609460830688477,14402285
2020-11-02,30.850000381469727,31.700000762939453,30.799999237060547,31.100000381469727,23.80078887939453,8627534
2020-11-03,31.0,32.650001525878906,31.0,32.150001525878906,24.604351043701172,8187980
2020-11-04,32.0,32.150001525878906,31.149999618530273,31.350000381469727,23.99211311340332,5603038
2020-11-05,32.29999923706055,32.400001525878906,31.450000762939453,32.0,24.489553451538086,4615423
2020-11-06,31.950000762939453,32.099998474121094,31.5,31.75,24.298229217529297,4621946
2020-11-09,32.20000076293945,32.849998474121094,31.850000381469727,32.349998474121094,24.757408142089844,6125800
2020-11-10,32.79999923706055,33.95000076293945,32.5,32.70000076293945,25.025264739990234,11336678
2020-11-11,32.70000076293945,33.29999923706055,32.54999923706055,32.95000076293945,25.216588973999023,8741134
2020-11-12,33.400001525878906,33.400001525878906,32.099998474121094,32.599998474121094,24.948732376098633,6377400
2020-11-13,32.599998474121094,32.599998474121094,30.850000381469727,30.950000762939453,23.685993194580078,10994824
2020-11-16,31.450000762939453,31.850000381469727,31.149999618530273,31.75,24.298229217529297,4851400
2020-11-17,31.950000762939453,32.79999923706055,31.799999237060547,32.29999923706055,24.719144821166992,6831500
2020-11-18,32.29999923706055,33.400001525878906,32.20000076293945,32.849998474121094,25.140056610107422,7593600
2020-11-19,33.0,33.0,31.950000762939453,32.20000076293945,24.642616271972656,4684600
2020-11-20,32.099998474121094,32.349998474121094,31.850000381469727,32.25,24.680879592895508,4245182
2020-11-23,32.349998474121094,32.599998474121094,31.899999618530273,32.25,24.680879592895508,3746324
2020-11-24,32.29999923706055,32.349998474121094,31.649999618530273,31.850000381469727,24.374759674072266,4248851
2020-11-25,32.04999923706055,33.25,32.04999923706055,32.25,24.680879592895508,9962180
2020-11-26,32.29999923706055,33.25,32.20000076293945,33.150001525878906,25.369647979736328,7546886
2020-11-27,33.25,34.0,33.150001525878906,33.79999923706055,25.86709213256836,10649865
2020-11-30,34.0,35.349998474121094,32.54999923706055,32.54999923706055,24.91046905517578,15091765
2020-12-01,32.900001525878906,34.099998474121094,32.70000076293945,33.599998474121094,25.714031219482422,11817075
2020-12-02,33.900001525878906,34.150001525878906,33.400001525878906,33.599998474121094,25.714031219482422,12864743
2020-12-03,33.70000076293945,33.75,32.900001525878906,33.45000076293945,25.599239349365234,7562519
2020-12-04,33.599998474121094,33.599998474121094,32.75,33.0,25.254852294921875,4971423
2020-12-07,33.20000076293945,33.29999923706055,32.20000076293945,32.45000076293945,24.833940505981445,5775668
2020-12-08,32.599998474121094,32.599998474121094,31.799999237060547,32.29999923706055,24.719144821166992,9500501
2020-12-09,32.5,32.79999923706055,31.899999618530273,31.950000762939453,24.451290130615234,4378313
2020-12-10,31.950000762939453,32.099998474121094,31.350000381469727,31.399999618530273,24.03037452697754,3908855
2020-12-11,31.600000381469727,31.899999618530273,30.700000762939453,31.200000762939453,23.877317428588867,6612179
2020-12-14,31.100000381469727,31.450000762939453,30.5,30.799999237060547,23.571195602416992,8944500
2020-12-15,30.799999237060547,30.850000381469727,30.0,30.100000381469727,23.03548812866211,8997644
2020-12-16,30.299999237060547,30.850000381469727,30.299999237060547,30.600000381469727,23.418136596679688,5625429
2020-12-17,30.700000762939453,31.399999618530273,30.200000762939453,31.299999237060547,23.95384407043457,5921713
2020-12-18,31.399999618530273,31.450000762939453,30.600000381469727,30.850000381469727,23.609460830688477,7575593
2020-12-21,30.799999237060547,30.950000762939453,30.350000381469727,30.600000381469727,23.418136596679688,4682653
2020-12-22,30.600000381469727,30.850000381469727,29.700000762939453,29.950000762939453,22.920692443847656,7103264
2020-12-23,29.950000762939453,30.100000381469727,29.399999618530273,29.75,22.767635345458984,6544036
2020-12-24,29.799999237060547,29.799999237060547,29.799999237060547,29.799999237060547,22.805896759033203,0
2020-12-28,29.700000762939453,30.200000762939453,29.549999237060547,29.75,22.767635345458984,4302738
2020-12-29,29.899999618530273,30.149999618530273,29.549999237060547,29.600000381469727,22.6528377532959,4947800
2020-12-30,29.700000762939453,30.0,29.299999237060547,29.850000381469727,22.84416389465332,4484418
2020-12-31,30.049999237060547,30.049999237060547,30.049999237060547,30.049999237060547,22.997222900390625,0
2021-01-04,30.399999618530273,30.450000762939453,29.549999237060547,30.200000762939453,23.112016677856445,9745400
2021-01-05,30.0,30.0,28.700000762939453,29.399999618530273,22.49977684020996,14651254
2021-01-06,29.25,30.149999618530273,29.049999237060547,30.049999237060547,22.997222900390625,6857751
2021-01-07,30.200000762939453,30.850000381469727,29.5,29.850000381469727,22.84416389465332,8802557
2021-01-08,29.799999237060547,30.200000762939453,29.450000762939453,29.899999618530273,22.882427215576172,8546760
2021-01-11,30.049999237060547,30.399999618530273,29.299999237060547,29.549999237060547,22.61457061767578,9612817
2021-01-12,29.700000762939453,31.75,29.5,31.75,24.298229217529297,15375545
2021-01-13,32.0,32.29999923706055,31.100000381469727,31.299999237060547,23.95384407043457,11541358
2021-01-14,31.5,31.5,30.549999237060547,30.950000762939453,23.685993194580078,8287981
2021-01-15,31.0,31.75,30.75,31.200000762939453,23.877317428588867,11469421
2021-01-18,31.049999237060547,31.600000381469727,30.600000381469727,31.549999237060547,24.14516830444336,9894700
2021-01-19,31.700000762939453,33.650001525878906,31.700000762939453,33.349998474121094,25.522706985473633,28424162
2021-01-20,33.75,34.20000076293945,32.70000076293945,33.150001525878906,25.369647979736328,13462320
2021-01-21,33.150001525878906,33.5,32.5,32.75,25.063528060913086,9638205
2021-01-22,32.79999923706055,32.849998474121094,31.149999618530273,31.200000762939453,23.877317428588867,12603889
2021-01-25,31.149999618530273,31.299999237060547,30.399999618530273,31.0,23.724254608154297,10853220
2021-01-26,30.950000762939453,30.950000762939453,29.950000762939453,30.200000762939453,23.112016677856445,8224236
2021-01-27,30.299999237060547,30.399999618530273,29.799999237060547,30.0,22.95895767211914,7983436
2021-01-28,29.850000381469727,29.899999618530273,29.200000762939453,29.25,22.384984970092773,9127777
2021-01-29,29.399999618530273,29.600000381469727,28.600000381469727,28.950000762939453,22.1553955078125,10565579
2021-02-01,28.950000762939453,29.200000762939453,28.399999618530273,29.049999237060547,22.231922149658203,9835115
2021-02-02,29.350000381469727,29.399999618530273,28.799999237060547,29.25,22.384984970092773,7626480
2021-02-03,29.0,29.600000381469727,28.700000762939453,29.299999237060547,22.423246383666992,6833806
2021-02-04,29.100000381469727,30.200000762939453,28.899999618530273,29.200000762939453,22.34671974182129,10569942
2021-02-05,29.049999237060547,29.600000381469727,28.899999618530273,29.25,22.384984970092773,6538701
2021-02-08,29.399999618530273,29.75,29.0,29.049999237060547,22.231922149658203,5308887
2021-02-09,29.100000381469727,29.399999618530273,28.600000381469727,29.149999618530273,22.308452606201172,4333225
2021-02-10,29.200000762939453,29.899999618530273,29.200000762939453,29.5,22.576309204101562,2771417
2021-02-11,29.450000762939453,29.450000762939453,29.450000762939453,29.450000762939453,22.538043975830078,0
2021-02-16,29.899999618530273,30.049999237060547,29.450000762939453,30.049999237060547,22.997222900390625,5518394
2021-02-17,30.100000381469727,31.600000381469727,29.799999237060547,31.299999237060547,23.95384407043457,9204733
2021-02-18,31.5,32.0,30.950000762939453,31.299999237060547,23.95384407043457,11021335
2021-02-19,31.25,32.150001525878906,31.049999237060547,32.099998474121094,24.566083908081055,10704461
2021-02-22,32.29999923706055,32.54999923706055,31.5,31.549999237060547,24.14516830444336,11748560
2021-02-23,31.600000381469727,32.650001525878906,31.600000381469727,32.04999923706055,24.527816772460938,10806389
2021-02-24,32.400001525878906,33.20000076293945,31.25,31.649999618530273,24.221698760986328,18520543
2021-02-25,32.04999923706055,32.70000076293945,31.399999618530273,31.850000381469727,24.374759674072266,14267600
2021-02-26,31.149999618530273,31.399999618530273,29.5,29.600000381469727,22.6528377532959,21934509
2021-03-01,30.049999237060547,30.149999618530273,29.350000381469727,29.450000762939453,22.538043975830078,9685922
2021-03-02,29.799999237060547,29.899999618530273,29.0,29.100000381469727,22.27018928527832,9093031
2021-03-03,29.299999237060547,30.950000762939453,29.299999237060547,30.649999618530273,23.45639991760254,16399687
2021-03-04,30.5,31.0,30.100000381469727,30.200000762939453,23.112016677856445,10468585
2021-03-05,29.799999237060547,30.0,29.299999237060547,29.899999618530273,22.882427215576172,6656122
2021-03-08,30.299999237060547,31.200000762939453,29.899999618530273,29.950000762939453,22.920692443847656,12882238
2021-03-09,30.100000381469727,30.450000762939453,29.350000381469727,29.600000381469727,22.6528377532959,8251200
2021-03-10,30.049999237060547,30.149999618530273,29.149999618530273,29.5,22.576309204101562,5732640
2021-03-11,29.549999237060547,30.049999237060547,29.549999237060547,30.0,22.95895767211914,4739056
2021-03-12,30.100000381469727,30.600000381469727,29.799999237060547,29.799999237060547,22.805896759033203,6085234
2021-03-15,29.950000762939453,30.600000381469727,29.850000381469727,30.149999618530273,23.07375144958496,4607408
2021-03-16,30.549999237060547,30.700000762939453,30.149999618530273,30.600000381469727,23.418136596679688,4511579
2021-03-17,30.649999618530273,30.700000762939453,29.850000381469727,30.049999237060547,22.997222900390625,7344747
2021-03-18,30.25,30.399999618530273,29.899999618530273,29.950000762939453,22.920692443847656,2782155
2021-03-19,29.899999618530273,29.950000762939453,29.149999618530273,29.299999237060547,22.423246383666992,8323690
2021-03-22,29.299999237060547,29.549999237060547,29.149999618530273,29.350000381469727,22.46151351928711,4111140
2021-03-23,29.5,29.600000381469727,28.899999618530273,29.100000381469727,22.27018928527832,7153787
2021-03-24,29.0,29.049999237060547,28.399999618530273,28.600000381469727,21.887540817260742,10347293
2021-03-25,29.049999237060547,29.100000381469727,28.450000762939453,28.850000381469727,22.07886505126953,9665045
2021-03-26,29.100000381469727,29.899999618530273,29.0,29.700000762939453,22.729368209838867,8499384
2021-03-29,29.799999237060547,30.450000762939453,29.649999618530273,30.100000381469727,23.03548812866211,8864406
2021-03-30,30.25,30.299999237060547,29.75,30.200000762939453,23.112016677856445,6237591
2021-03-31,30.200000762939453,30.350000381469727,29.75,30.100000381469727,23.03548812866211,7128226
2021-04-01,30.25,30.450000762939453,30.100000381469727,30.399999618530273,23.26507568359375,5306383
2021-04-07,30.549999237060547,30.549999237060547,29.649999618530273,29.850000381469727,22.84416389465332,7242751
2021-04-08,29.850000381469727,30.149999618530273,29.600000381469727,29.799999237060547,22.805896759033203,5833092
2021-04-09,29.950000762939453,30.149999618530273,29.25,29.450000762939453,22.538043975830078,5762583
2021-04-12,29.299999237060547,29.549999237060547,28.899999618530273,29.100000381469727,22.27018928527832,4250323
2021-04-13,29.299999237060547,29.450000762939453,28.799999237060547,28.950000762939453,22.1553955078125,5645420
2021-04-14,29.200000762939453,29.299999237060547,28.600000381469727,28.75,22.002334594726562,7461982
2021-04-15,28.75,28.950000762939453,28.5,28.850000381469727,22.07886505126953,8574313
2021-04-16,29.0,29.600000381469727,28.799999237060547,29.549999237060547,22.61457061767578,6300970
2021-04-19,29.549999237060547,29.799999237060547,29.100000381469727,29.700000762939453,22.729368209838867,4910220
2021-04-20,29.549999237060547,30.100000381469727,29.549999237060547,29.799999237060547,22.805896759033203,4993915
2021-04-21,29.799999237060547,30.0,29.600000381469727,29.950000762939453,22.920692443847656,4985459
2021-04-22,30.100000381469727,30.200000762939453,29.75,29.850000381469727,22.84416389465332,2619894
2021-04-23,29.75,30.149999618530273,29.5,29.899999618530273,22.882427215576172,4511349
2021-04-26,29.75,29.950000762939453,28.950000762939453,29.100000381469727,22.27018928527832,5931203
2021-04-27,29.100000381469727,29.450000762939453,28.950000762939453,29.350000381469727,22.46151351928711,2981152
2021-04-28,29.399999618530273,29.549999237060547,29.200000762939453,29.450000762939453,22.538043975830078,2593593
2021-04-29,29.399999618530273,30.299999237060547,29.399999618530273,29.799999237060547,22.805896759033203,3629780
2021-04-30,30.200000762939453,30.200000762939453,29.799999237060547,29.950000762939453,22.920692443847656,3565300
2021-05-03,30.0,30.0,29.399999618530273,29.649999618530273,22.691102981567383,2021043
2021-05-04,29.600000381469727,29.850000381469727,29.5,29.850000381469727,22.84416389465332,1798640
2021-05-05,29.700000762939453,30.450000762939453,29.700000762939453,29.950000762939453,22.920692443847656,3638236
2021-05-06,30.0,30.450000762939453,28.950000762939453,30.100000381469727,23.03548812866211,7249741
2021-05-07,30.149999618530273,30.450000762939453,29.950000762939453,30.100000381469727,23.03548812866211,5165054
2021-05-10,30.100000381469727,30.450000762939453,30.100000381469727,30.399999618530273,23.26507568359375,5383300
2021-05-11,30.100000381469727,30.350000381469727,29.899999618530273,30.149999618530273,23.07375144958496,8037571
2021-05-12,30.100000381469727,30.200000762939453,29.549999237060547,29.649999618530273,22.691102981567383,4410263
2021-05-13,29.600000381469727,29.600000381469727,29.0,29.049999237060547,22.231922149658203,6257700
2021-05-14,29.299999237060547,30.299999237060547,29.200000762939453,30.0,22.95895767211914,10158300
2021-05-17,30.200000762939453,30.200000762939453,29.700000762939453,29.950000762939453,22.920692443847656,4921197
2021-05-18,30.200000762939453,30.950000762939453,29.950000762939453,30.600000381469727,23.418136596679688,9602517
2021-05-20,29.5,29.600000381469727,29.0,29.399999618530273,22.49977684020996,113045935
2021-05-21,29.399999618530273,29.649999618530273,29.100000381469727,29.25,22.384984970092773,8906835
2021-05-24,29.299999237060547,29.549999237060547,29.149999618530273,29.200000762939453,22.34671974182129,9371116
2021-05-25,29.25,30.049999237060547,28.799999237060547,29.850000381469727,22.84416389465332,29461075
2021-05-26,29.899999618530273,30.0,29.450000762939453,29.549999237060547,22.61457061767578,9928158
2021-05-27,29.399999618530273,29.700000762939453,29.350000381469727,29.350000381469727,22.46151351928711,9755008
2021-05-28,29.600000381469727,29.700000762939453,29.149999618530273,29.200000762939453,22.34671974182129,9319720
2021-05-31,29.350000381469727,29.350000381469727,28.700000762939453,29.049999237060547,22.231922149658203,9382081
2021-06-01,28.850000381469727,29.049999237060547,28.5,28.850000381469727,22.07886505126953,8818308
2021-06-02,28.899999618530273,29.049999237060547,28.549999237060547,28.700000762939453,21.96407127380371,9170361
2021-06-03,28.799999237060547,28.899999618530273,28.299999237060547,28.350000381469727,21.69621467590332,10477684
2021-06-04,28.350000381469727,28.600000381469727,28.200000762939453,28.25,21.61968421936035,6730701
2021-06-07,28.450000762939453,28.450000762939453,28.149999618530273,28.25,21.61968421936035,4565251
2021-06-08,28.399999618530273,28.450000762939453,28.149999618530273,28.299999237060547,21.657947540283203,5874235
2021-06-09,28.399999618530273,28.450000762939453,28.25,28.350000381469727,21.69621467590332,3557401
2021-06-10,28.299999237060547,28.450000762939453,28.100000381469727,28.149999618530273,21.543153762817383,7297771
2021-06-11,28.200000762939453,28.25,27.649999618530273,27.700000762939453,21.19877052307129,10843347
2021-06-15,27.700000762939453,27.799999237060547,27.0,27.299999237060547,20.892650604248047,10905777
2021-06-16,27.350000381469727,27.549999237060547,27.200000762939453,27.25,20.854387283325195,3980903
2021-06-17,27.200000762939453,27.350000381469727,26.600000381469727,26.799999237060547,20.510000228881836,11161997
2021-06-18,26.799999237060547,26.799999237060547,26.350000381469727,26.649999618530273,20.395206451416016,8984615
2021-06-21,26.5,26.5,26.0,26.25,20.089088439941406,8008560
2021-06-22,26.350000381469727,26.799999237060547,26.299999237060547,26.450000762939453,20.242149353027344,6323803
2021-06-23,26.600000381469727,26.75,26.25,26.549999237060547,20.318675994873047,6213800
2021-06-24,26.450000762939453,26.75,26.399999618530273,26.649999618530273,20.395206451416016,8257406
2021-06-25,26.649999618530273,27.149999618530273,26.600000381469727,26.950000762939453,20.624797821044922,7080153
2021-06-28,26.850000381469727,26.850000381469727,26.5,26.700000762939453,20.433473587036133,3116498
2021-06-29,26.700000762939453,26.75,26.200000762939453,26.299999237060547,20.127351760864258,5488633
2021-06-30,26.350000381469727,26.5,26.25,26.5,20.280412673950195,5425745
2021-07-02,26.5,26.5,26.0,26.0,19.897762298583984,6741056
2021-07-05,26.0,26.100000381469727,25.5,26.0,19.897762298583984,9378311
2021-07-06,26.049999237060547,26.5,26.0,26.299999237060547,20.127351760864258,6800309
2021-07-07,26.299999237060547,26.450000762939453,25.75,25.899999618530273,19.82123374938965,10077700
2021-07-08,24.25,24.600000381469727,23.5,23.549999237060547,19.263818740844727,12778080
2021-07-09,23.700000762939453,23.700000762939453,23.399999618530273,23.450000762939453,19.182022094726562,8869889
2021-07-12,23.75,23.850000381469727,23.25,23.299999237060547,19.0593204498291,8564974
2021-07-13,23.5,23.799999237060547,23.350000381469727,23.75,19.427419662475586,4432520
2021-07-14,23.649999618530273,23.799999237060547,23.350000381469727,23.399999618530273,19.1411190032959,8184400
2021-07-15,23.399999618530273,24.299999237060547,23.399999618530273,23.899999618530273,19.55011749267578,12954500
2021-07-16,23.850000381469727,24.450000762939453,23.649999618530273,23.850000381469727,19.509220123291016,10906823
2021-07-19,23.700000762939453,23.899999618530273,23.049999237060547,23.100000381469727,18.895723342895508,9744380
2021-07-20,22.850000381469727,23.0,22.200000762939453,22.549999237060547,18.44582176208496,13816059
2021-07-21,22.549999237060547,22.75,21.700000762939453,22.600000381469727,18.486722946166992,12941600
2021-07-22,22.700000762939453,23.5,22.5,23.149999618530273,18.936620712280273,10288840
2021-07-23,23.149999618530273,23.350000381469727,22.899999618530273,23.049999237060547,18.854820251464844,3357000
2021-07-26,23.049999237060547,23.049999237060547,21.799999237060547,21.899999618530273,17.914125442504883,14748615
2021-07-27,21.850000381469727,22.299999237060547,20.549999237060547,21.100000381469727,17.259727478027344,20527073
2021-07-28,21.200000762939453,21.549999237060547,20.950000762939453,21.200000762939453,17.341527938842773,9019767
2021-07-29,21.450000762939453,21.549999237060547,21.100000381469727,21.299999237060547,17.42332649230957,6917200
2021-07-30,21.299999237060547,21.649999618530273,21.0,21.25,17.382429122924805,8388563
2021-08-02,21.25,21.899999618530273,20.75,21.649999618530273,17.709627151489258,6985412
2021-08-03,21.75,21.899999618530273,21.399999618530273,21.75,17.791425704956055,3987483
2021-08-04,21.899999618530273,22.399999618530273,21.549999237060547,21.899999618530273,17.914125442504883,7532288
2021-08-05,22.0,22.299999237060547,21.700000762939453,21.799999237060547,17.832324981689453,4549000
2021-08-06,21.799999237060547,21.799999237060547,21.549999237060547,21.700000762939453,17.750526428222656,3036158
2021-08-09,21.600000381469727,22.549999237060547,21.450000762939453,22.299999237060547,18.241323471069336,12544991
2021-08-10,22.549999237060547,22.600000381469727,22.100000381469727,22.5,18.404924392700195,4345800
2021-08-11,22.450000762939453,23.049999237060547,22.450000762939453,22.700000762939453,18.568523406982422,6583183
2021-08-12,22.75,22.75,22.350000381469727,22.5,18.404924392700195,3401353
2021-08-13,22.399999618530273,22.649999618530273,22.25,22.399999618530273,18.323122024536133,2946619
2021-08-16,22.399999618530273,23.0,22.200000762939453,22.649999618530273,18.52762222290039,4142400
2021-08-17,22.75,23.200000762939453,22.299999237060547,22.399999618530273,18.323122024536133,4609800
2021-08-18,22.399999618530273,23.299999237060547,22.399999618530273,23.0,18.813920974731445,6816300
2021-08-19,23.100000381469727,23.100000381469727,22.100000381469727,22.25,18.200424194335938,6121831
2021-08-20,22.25,22.549999237060547,21.600000381469727,21.899999618530273,17.914125442504883,5319784
2021-08-23,21.950000762939453,22.299999237060547,21.700000762939453,21.850000381469727,17.873226165771484,3449471
2021-08-24,21.850000381469727,22.25,21.700000762939453,22.149999618530273,18.118623733520508,4364220
2021-08-25,22.25,22.600000381469727,22.100000381469727,22.200000762939453,18.15952491760254,4343065
2021-08-26,22.450000762939453,22.450000762939453,22.0,22.049999237060547,18.036823272705078,2570000
2021-08-27,22.299999237060547,22.950000762939453,22.299999237060547,22.850000381469727,18.69122314453125,10119629
2021-08-30,22.899999618530273,22.950000762939453,22.5,22.649999618530273,18.52762222290039,4311000
2021-08-31,22.600000381469727,22.899999618530273,22.200000762939453,22.899999618530273,18.73212242126465,6989329
2021-09-01,22.899999618530273,24.0,22.75,23.649999618530273,19.345619201660156,9872311
2021-09-02,23.649999618530273,23.799999237060547,23.299999237060547,23.649999618530273,19.345619201660156,6133245
2021-09-03,23.649999618530273,24.0,23.5,23.75,19.427419662475586,3772398
2021-09-06,23.899999618530273,24.149999618530273,23.700000762939453,24.049999237060547,19.67281723022461,5714470
2021-09-07,24.049999237060547,24.149999618530273,23.700000762939453,24.149999618530273,19.75461769104004,6595481
2021-09-08,24.149999618530273,24.299999237060547,23.600000381469727,23.799999237060547,19.468318939208984,5845766
2021-09-09,23.600000381469727,23.75,23.25,23.75,19.427419662475586,5197691
2021-09-10,23.700000762939453,24.299999237060547,23.700000762939453,24.049999237060547,19.67281723022461,4151319
2021-09-13,23.75,24.049999237060547,23.700000762939453,24.0,19.63191795349121,3626071
2021-09-14,24.0,24.200000762939453,23.200000762939453,23.399999618530273,19.1411190032959,4493138
2021-09-15,23.25,23.549999237060547,22.899999618530273,23.100000381469727,18.895723342895508,4376600
2021-09-16,23.0,23.100000381469727,22.350000381469727,22.700000762939453,18.568523406982422,4176400
2021-09-17,22.5,22.75,22.200000762939453,22.75,18.60942268371582,5167000
2021-09-20,22.75,22.75,21.549999237060547,21.950000762939453,17.95502471923828,3938600
2021-09-21,21.600000381469727,22.149999618530273,21.399999618530273,22.100000381469727,18.07772445678711,3614854
2021-09-23,22.450000762939453,23.0,22.450000762939453,22.600000381469727,18.486722946166992,5268330
2021-09-24,22.600000381469727,23.0,22.350000381469727,22.5,18.404924392700195,4161600
2021-09-27,22.399999618530273,22.799999237060547,22.399999618530273,22.5,18.404924392700195,3690500
2021-09-28,22.649999618530273,22.799999237060547,22.399999618530273,22.649999618530273,18.52762222290039,3607588
2021-09-29,22.649999618530273,22.950000762939453,22.399999618530273,22.850000381469727,18.69122314453125,1912500
2021-09-30,22.850000381469727,23.149999618530273,22.549999237060547,23.0,18.813920974731445,4149900
2021-10-04,23.100000381469727,23.100000381469727,22.5,22.75,18.60942268371582,1798500
2021-10-05,22.600000381469727,22.899999618530273,22.350000381469727,22.899999618530273,18.73212242126465,1585787
2021-10-06,23.0,23.100000381469727,22.649999618530273,22.850000381469727,18.69122314453125,1865783
2021-10-07,23.0,23.399999618530273,23.0,23.299999237060547,19.0593204498291,2209538
2021-10-08,23.399999618530273,24.200000762939453,23.299999237060547,24.0,19.63191795349121,11582440
2021-10-11,24.200000762939453,24.399999618530273,24.049999237060547,24.149999618530273,19.75461769104004,4877666
2021-10-12,24.149999618530273,24.299999237060547,23.75,23.950000762939453,19.591018676757812,2707646
2021-10-15,23.75,24.0,23.549999237060547,24.0,19.63191795349121,3053155
2021-10-18,24.0,24.0,23.700000762939453,23.899999618530273,19.55011749267578,2420580
2021-10-19,23.899999618530273,24.600000381469727,23.899999618530273,24.25,19.83641815185547,4186974
2021-10-20,24.299999237060547,24.549999237060547,24.049999237060547,24.200000762939453,19.795516967773438,2613658
2021-10-21,24.299999237060547,25.149999618530273,24.149999618530273,24.799999237060547,20.28631591796875,8419819
2021-10-22,25.0,25.0,24.450000762939453,24.850000381469727,20.32721519470215,3983956
2021-10-25,24.700000762939453,24.899999618530273,24.25,24.549999237060547,20.081815719604492,6859428
2021-10-26,24.649999618530273,24.649999618530273,24.299999237060547,24.450000762939453,20.000019073486328,2121726
2021-10-27,24.299999237060547,24.299999237060547,23.850000381469727,23.950000762939453,19.591018676757812,2312100
2021-10-28,23.799999237060547,24.0,23.399999618530273,23.75,19.427419662475586,4174858
2021-10-29,23.75,23.75,22.350000381469727,22.549999237060547,18.44582176208496,11268136
2021-11-01,22.549999237060547,22.600000381469727,22.200000762939453,22.399999618530273,18.323122024536133,4846756
2021-11-02,22.600000381469727,22.600000381469727,21.899999618530273,21.950000762939453,17.95502471923828,5364349
2021-11-03,22.149999618530273,22.200000762939453,21.700000762939453,21.899999618530273,17.914125442504883,3708301
2021-11-04,21.950000762939453,22.200000762939453,21.549999237060547,21.549999237060547,17.627826690673828,4227837
2021-11-05,21.700000762939453,21.850000381469727,21.450000762939453,21.549999237060547,17.627826690673828,3276212
2021-11-08,21.549999237060547,22.200000762939453,21.549999237060547,22.0,17.99592399597168,3598120
2021-11-09,22.25,22.299999237060547,21.700000762939453,21.75,17.791425704956055,1842502
2021-11-10,21.899999618530273,21.899999618530273,21.299999237060547,21.799999237060547,17.832324981689453,4340700
2021-11-11,21.600000381469727,22.350000381469727,21.600000381469727,22.200000762939453,18.15952491760254,3328357
2021-11-12,22.5,22.5,21.899999618530273,22.049999237060547,18.036823272705078,2184492
2021-11-15,22.149999618530273,22.149999618530273,21.649999618530273,21.899999618530273,17.914125442504883,2489097
2021-11-16,21.899999618530273,22.200000762939453,21.799999237060547,22.200000762939453,18.15952491760254,3090885
2021-11-17,22.200000762939453,22.200000762939453,21.899999618530273,22.149999618530273,18.118623733520508,1792235
2021-11-18,22.100000381469727,22.100000381469727,21.600000381469727,21.75,17.791425704956055,4439862
2021-11-19,21.75,22.100000381469727,21.600000381469727,21.850000381469727,17.873226165771484,3332093
2021-11-22,21.799999237060547,22.0,21.799999237060547,21.899999618530273,17.914125442504883,1383700
2021-11-23,21.899999618530273,22.200000762939453,21.75,22.049999237060547,18.036823272705078,2197200
2021-11-24,22.0,22.100000381469727,21.799999237060547,21.850000381469727,17.873226165771484,1891158
2021-11-25,21.799999237060547,21.950000762939453,21.75,21.899999618530273,17.914125442504883,1241678
2021-11-26,21.799999237060547,21.850000381469727,21.450000762939453,21.450000762939453,17.54602813720703,3537650
2021-11-29,21.399999618530273,21.5,21.100000381469727,21.299999237060547,17.42332649230957,3289159
2021-11-30,21.149999618530273,21.399999618530273,20.75,20.850000381469727,17.05523109436035,7497176
2021-12-01,20.899999618530273,21.100000381469727,20.649999618530273,20.75,16.97342872619629,4877017
2021-12-02,20.75,21.049999237060547,20.649999618530273,20.950000762939453,17.13702964782715,3373914
2021-12-03,20.899999618530273,21.200000762939453,20.649999618530273,21.100000381469727,17.259727478027344,5435342
2021-12-06,21.049999237060547,21.5,20.799999237060547,20.850000381469727,17.05523109436035,3497713
2021-12-07,21.0,21.600000381469727,21.0,21.450000762939453,17.54602813720703,4042912
2021-12-08,21.450000762939453,21.600000381469727,21.299999237060547,21.450000762939453,17.54602813720703,2836200
2021-12-09,21.5,21.899999618530273,21.25,21.649999618530273,17.709627151489258,3684600
2021-12-10,21.549999237060547,21.649999618530273,21.200000762939453,21.350000381469727,17.4642276763916,1978463
2021-12-13,21.399999618530273,21.75,21.25,21.25,17.382429122924805,2233538
2021-12-14,21.25,21.25,20.799999237060547,20.950000762939453,17.13702964782715,2683645
2021-12-15,21.049999237060547,21.200000762939453,20.850000381469727,20.850000381469727,17.05523109436035,1620239
2021-12-16,20.850000381469727,21.299999237060547,20.850000381469727,21.25,17.382429122924805,3277786
2021-12-17,21.200000762939453,21.450000762939453,21.0,21.0,17.177927017211914,3179306
2021-12-20,21.100000381469727,21.100000381469727,20.600000381469727,20.75,16.97342872619629,6257740
2021-12-21,20.75,21.0,20.600000381469727,20.950000762939453,17.13702964782715,1491712
2021-12-22,21.0,21.100000381469727,20.700000762939453,20.950000762939453,17.13702964782715,1770201
2021-12-23,21.049999237060547,21.149999618530273,20.899999618530273,21.049999237060547,17.218828201293945,2086405
2021-12-24,21.049999237060547,21.100000381469727,20.899999618530273,21.049999237060547,17.218828201293945,1038781
2021-12-28,21.100000381469727,21.399999618530273,21.049999237060547,21.25,17.382429122924805,2087800
2021-12-29,21.299999237060547,21.299999237060547,21.049999237060547,21.149999618530273,17.300628662109375,448510
2021-12-30,21.149999618530273,21.25,20.75,20.850000381469727,17.05523109436035,1445890
2021-12-31,20.899999618530273,21.0,20.700000762939453,20.850000381469727,17.05523109436035,910117
2022-01-03,20.850000381469727,21.100000381469727,20.850000381469727,21.0,17.177927017211914,877100
2022-01-04,21.100000381469727,21.350000381469727,21.049999237060547,21.25,17.382429122924805,3464309
2022-01-05,21.399999618530273,21.549999237060547,21.149999618530273,21.299999237060547,17.42332649230957,3998000
2022-01-06,21.399999618530273,21.5,21.0,21.299999237060547,17.42332649230957,2473996
2022-01-07,21.5,22.100000381469727,21.299999237060547,22.100000381469727,18.07772445678711,6562491
2022-01-10,22.100000381469727,22.450000762939453,21.899999618530273,22.299999237060547,18.241323471069336,4252490
2022-01-11,22.25,22.649999618530273,22.0,22.299999237060547,18.241323471069336,4199512
2022-01-12,22.600000381469727,22.600000381469727,22.149999618530273,22.549999237060547,18.44582176208496,3152796
2022-01-13,22.549999237060547,23.100000381469727,22.549999237060547,22.75,18.60942268371582,5147263
2022-01-14,22.799999237060547,22.799999237060547,22.299999237060547,22.600000381469727,18.486722946166992,2920300
2022-01-17,22.600000381469727,22.649999618530273,22.299999237060547,22.5,18.404924392700195,1486299
2022-01-18,22.5,22.899999618530273,22.350000381469727,22.649999618530273,18.52762222290039,1965770
2022-01-19,22.649999618530273,23.0,22.5,22.899999618530273,18.73212242126465,1911530
2022-01-20,22.899999618530273,23.649999618530273,22.899999618530273,23.5,19.222919464111328,7977710
2022-01-21,23.600000381469727,23.600000381469727,23.100000381469727,23.5,19.222919464111328,3350159
2022-01-24,23.399999618530273,23.399999618530273,22.899999618530273,23.350000381469727,19.1002197265625,2969279
2022-01-25,23.0,23.149999618530273,22.350000381469727,22.649999618530273,18.52762222290039,4957142
2022-01-26,22.75,23.049999237060547,22.649999618530273,22.850000381469727,18.69122314453125,2235700
2022-01-27,22.549999237060547,22.549999237060547,22.049999237060547,22.450000762939453,18.364025115966797,2935100
2022-01-28,22.299999237060547,22.5,22.049999237060547,22.149999618530273,18.118623733520508,2146202
2022-01-31,22.100000381469727,22.100000381469727,22.100000381469727,22.100000381469727,18.07772445678711,0
2022-02-04,22.649999618530273,23.149999618530273,22.450000762939453,22.899999618530273,18.73212242126465,3913941
2022-02-07,23.0,23.149999618530273,22.799999237060547,23.0,18.813920974731445,3642029
2022-02-08,23.100000381469727,23.549999237060547,23.0,23.450000762939453,19.182022094726562,4485000
2022-02-09,23.549999237060547,23.799999237060547,23.399999618530273,23.600000381469727,19.304718017578125,5592851
2022-02-10,23.799999237060547,24.049999237060547,23.5,24.0,19.63191795349121,4714119
2022-02-11,23.850000381469727,24.700000762939453,23.75,24.450000762939453,20.000019073486328,6893529
2022-02-14,24.350000381469727,24.350000381469727,23.75,23.899999618530273,19.55011749267578,3974703
2022-02-15,23.799999237060547,23.799999237060547,23.149999618530273,23.399999618530273,19.1411190032959,5261516
2022-02-16,23.5,23.899999618530273,23.399999618530273,23.850000381469727,19.509220123291016,3228873
2022-02-17,23.899999618530273,24.0,23.25,23.600000381469727,19.304718017578125,2689300
2022-02-18,23.450000762939453,23.799999237060547,23.399999618530273,23.600000381469727,19.304718017578125,2695805
2022-02-21,23.600000381469727,23.799999237060547,23.450000762939453,23.700000762939453,19.386518478393555,2207740
2022-02-22,23.450000762939453,23.549999237060547,23.149999618530273,23.5,19.222919464111328,2855600
2022-02-23,23.600000381469727,23.600000381469727,23.25,23.450000762939453,19.182022094726562,1192282
2022-02-24,23.299999237060547,23.299999237060547,22.600000381469727,22.850000381469727,18.69122314453125,4488069
2022-02-25,22.899999618530273,23.049999237060547,22.600000381469727,22.600000381469727,18.486722946166992,2469107
2022-02-28,22.299999237060547,22.5,21.899999618530273,22.350000381469727,18.282222747802734,4496122
2022-03-01,22.299999237060547,22.850000381469727,22.299999237060547,22.649999618530273,18.52762222290039,2113497
2022-03-02,22.649999618530273,22.649999618530273,22.25,22.350000381469727,18.282222747802734,2446100
2022-03-03,22.399999618530273,22.950000762939453,22.399999618530273,22.649999618530273,18.52762222290039,2731900
2022-03-04,22.350000381469727,22.549999237060547,22.149999618530273,22.549999237060547,18.44582176208496,3207558
2022-03-07,22.399999618530273,22.399999618530273,21.700000762939453,21.899999618530273,17.914125442504883,4002667
2022-03-08,21.899999618530273,22.049999237060547,21.149999618530273,21.299999237060547,17.42332649230957,4706791
2022-03-09,21.200000762939453,21.549999237060547,20.649999618530273,21.25,17.382429122924805,4264534
2022-03-10,21.600000381469727,21.799999237060547,21.350000381469727,21.700000762939453,17.750526428222656,3706872
2022-03-11,21.200000762939453,21.850000381469727,21.049999237060547,21.649999618530273,17.709627151489258,3547575
2022-03-14,21.149999618530273,21.600000381469727,20.700000762939453,20.850000381469727,17.05523109436035,4787253
2022-03-15,20.5,20.799999237060547,19.059999465942383,19.299999237060547,15.787334442138672,11892216
2022-03-16,19.600000381469727,20.450000762939453,19.239999771118164,20.299999237060547,16.605329513549805,6833663
2022-03-17,21.299999237060547,21.75,20.799999237060547,21.649999618530273,17.709627151489258,7241300
2022-03-18,21.450000762939453,22.450000762939453,21.200000762939453,22.350000381469727,18.282222747802734,7224842
2022-03-21,22.5,22.549999237060547,21.549999237060547,21.700000762939453,17.750526428222656,2293896
2022-03-22,21.700000762939453,22.149999618530273,21.549999237060547,22.149999618530273,18.118623733520508,2809817
2022-03-23,21.950000762939453,22.200000762939453,21.600000381469727,21.950000762939453,17.95502471923828,4804196
2022-03-24,21.700000762939453,22.200000762939453,21.600000381469727,21.899999618530273,17.914125442504883,2162410
2022-03-25,21.700000762939453,21.850000381469727,21.149999618530273,21.450000762939453,17.54602813720703,3871560
2022-03-28,21.299999237060547,21.450000762939453,20.899999618530273,21.450000762939453,17.54602813720703,2068200
2022-03-29,21.350000381469727,21.5,21.149999618530273,21.350000381469727,17.4642276763916,2008947
2022-03-30,21.549999237060547,22.049999237060547,21.549999237060547,22.0,17.99592399597168,4752172
2022-03-31,22.049999237060547,22.299999237060547,21.75,21.899999618530273,17.914125442504883,2454136
2022-04-01,21.950000762939453,22.350000381469727,21.600000381469727,22.299999237060547,18.241323471069336,3341898
2022-04-04,22.350000381469727,23.149999618530273,22.299999237060547,23.049999237060547,18.854820251464844,2534550
2022-04-06,22.5,22.950000762939453,22.100000381469727,22.75,18.60942268371582,5065726
2022-04-07,22.549999237060547,22.899999618530273,22.399999618530273,22.450000762939453,18.364025115966797,2521132
2022-04-08,22.450000762939453,22.899999618530273,22.350000381469727,22.899999618530273,18.73212242126465,2058875
2022-04-11,22.600000381469727,22.850000381469727,22.299999237060547,22.549999237060547,18.44582176208496,2913623
2022-04-12,22.299999237060547,22.700000762939453,22.149999618530273,22.450000762939453,18.364025115966797,2767592
2022-04-13,22.450000762939453,22.850000381469727,22.25,22.700000762939453,18.568523406982422,1775864
2022-04-14,22.850000381469727,23.0,22.600000381469727,22.799999237060547,18.65032196044922,2037584
2022-04-19,22.600000381469727,22.649999618530273,22.200000762939453,22.5,18.404924392700195,3801859
2022-04-20,22.5,22.600000381469727,21.950000762939453,22.149999618530273,18.118623733520508,3216333
2022-04-21,22.100000381469727,22.350000381469727,21.899999618530273,22.0,17.99592399597168,2665500
2022-04-22,21.799999237060547,22.549999237060547,21.600000381469727,22.399999618530273,18.323122024536133,4915170
2022-04-25,20.850000381469727,20.899999618530273,19.200000762939453,19.5,15.950934410095215,17888105
2022-04-26,19.700000762939453,19.700000762939453,18.700000762939453,18.81999969482422,15.394696235656738,9132523
2022-04-27,18.68000030517578,19.18000030517578,18.5,19.0,15.541934967041016,4298595
2022-04-28,19.059999465942383,19.799999237060547,19.059999465942383,19.780000686645508,16.179973602294922,3409243
2022-04-29,19.540000915527344,20.200000762939453,19.360000610351562,20.049999237060547,16.40083122253418,5156053
2022-05-03,20.049999237060547,20.350000381469727,19.700000762939453,20.100000381469727,16.44173240661621,2255928
2022-05-04,20.0,20.200000762939453,19.799999237060547,20.0,16.35993194580078,1709417
2022-05-05,19.8799991607666,19.940000534057617,19.34000015258789,19.479999542236328,15.934572219848633,4509373
2022-05-06,19.040000915527344,19.260000228881836,18.81999969482422,18.920000076293945,15.476494789123535,4206409
2022-05-10,18.600000381469727,19.100000381469727,18.3799991607666,18.920000076293945,15.476494789123535,4985227
2022-05-11,18.81999969482422,19.200000762939453,18.700000762939453,19.0,15.541934967041016,3695605
2022-05-12,18.860000610351562,19.219999313354492,18.799999237060547,18.84000015258789,15.411055564880371,2354102
2022-05-13,18.84000015258789,19.15999984741211,18.760000228881836,18.940000534057617,15.4928560256958,3319693
2022-05-16,19.200000762939453,19.200000762939453,18.760000228881836,18.760000228881836,15.345616340637207,1677160
2022-05-17,18.780000686645508,19.18000030517578,18.780000686645508,19.18000030517578,15.68917465209961,3047133
2022-05-18,19.059999465942383,19.31999969482422,19.020000457763672,19.1200008392334,15.640095710754395,1947661
2022-05-19,18.799999237060547,19.399999618530273,18.799999237060547,19.260000228881836,15.754613876342773,3644950
2022-05-20,19.3799991607666,19.639999389648438,19.299999237060547,19.540000915527344,15.983654975891113,3450608
2022-05-23,19.540000915527344,19.760000228881836,19.420000076293945,19.579999923706055,16.016374588012695,1880451
2022-05-24,19.459999084472656,19.899999618530273,19.459999084472656,19.459999084472656,15.918212890625,2685911
2022-05-25,19.65999984741211,19.739999771118164,19.399999618530273,19.420000076293945,15.88549518585205,2472735
2022-05-26,19.3799991607666,19.920000076293945,19.260000228881836,19.920000076293945,16.294490814208984,3252372
2022-05-27,19.920000076293945,20.25,19.81999969482422,20.100000381469727,16.44173240661621,3066200
2022-05-30,20.100000381469727,20.700000762939453,20.100000381469727,20.299999237060547,16.605329513549805,3973810
2022-05-31,20.399999618530273,20.549999237060547,20.200000762939453,20.549999237060547,16.809829711914062,4007481
2022-06-01,20.399999618530273,20.649999618530273,20.25,20.549999237060547,16.809829711914062,2194900
2022-06-02,20.450000762939453,20.5,20.049999237060547,20.450000762939453,16.728029251098633,2848731
2022-06-06,20.5,20.75,20.100000381469727,20.600000381469727,16.85072898864746,3606300
2022-06-07,20.549999237060547,21.149999618530273,20.350000381469727,21.100000381469727,17.259727478027344,4343701
2022-06-08,21.100000381469727,21.5,20.899999618530273,21.350000381469727,17.4642276763916,3861335
2022-06-09,21.350000381469727,21.649999618530273,21.149999618530273,21.350000381469727,17.4642276763916,1788116
2022-06-10,21.200000762939453,21.399999618530273,20.950000762939453,21.25,17.382429122924805,3408704
2022-06-13,21.0,20.899999618530273,20.399999618530273,20.649999618530273,16.891630172729492,2456649
2022-06-14,20.399999618530273,21.049999237060547,20.299999237060547,20.950000762939453,17.13702964782715,2110521
2022-06-15,20.899999618530273,22.399999618530273,20.899999618530273,22.049999237060547,18.036823272705078,11833685
2022-06-16,22.100000381469727,22.25,21.399999618530273,21.549999237060547,17.627826690673828,3256643
2022-06-17,21.299999237060547,21.850000381469727,21.299999237060547,21.700000762939453,17.750526428222656,5102694
2022-06-20,21.350000381469727,21.75,21.350000381469727,21.75,17.791425704956055,948012
2022-06-21,21.600000381469727,22.25,21.600000381469727,22.0,17.99592399597168,2587300
2022-06-22,22.0,22.0,21.649999618530273,21.799999237060547,17.832324981689453,2022789
2022-06-23,21.799999237060547,22.25,21.75,22.149999618530273,18.118623733520508,3248300
2022-06-24,22.25,22.399999618530273,21.700000762939453,21.950000762939453,17.95502471923828,2795725
2022-06-27,21.950000762939453,22.200000762939453,21.850000381469727,22.149999618530273,18.118623733520508,1896610
2022-06-28,21.799999237060547,22.200000762939453,21.799999237060547,22.149999618530273,18.118623733520508,2580426
2022-06-29,22.100000381469727,22.350000381469727,21.899999618530273,22.049999237060547,18.036823272705078,3088100
2022-06-30,22.200000762939453,22.299999237060547,21.899999618530273,22.049999237060547,18.036823272705078,2768695
2022-07-04,21.850000381469727,21.899999618530273,21.399999618530273,21.850000381469727,17.873226165771484,2114810
2022-07-05,21.899999618530273,22.399999618530273,21.899999618530273,22.0,17.99592399597168,2306060
2022-07-06,21.799999237060547,21.799999237060547,21.450000762939453,21.700000762939453,17.750526428222656,4340253
2022-07-07,20.200000762939453,20.200000762939453,19.84000015258789,19.979999542236328,17.721834182739258,3015848
2022-07-08,20.100000381469727,20.149999618530273,19.6200008392334,19.8799991607666,17.633136749267578,2151950
2022-07-11,19.700000762939453,20.0,19.239999771118164,19.479999542236328,17.278345108032227,2919881
2022-07-12,19.479999542236328,19.600000381469727,19.280000686645508,19.31999969482422,17.136428833007812,1759273
2022-07-13,19.799999237060547,19.799999237060547,19.18000030517578,19.360000610351562,17.171907424926758,2463901
2022-07-14,19.200000762939453,19.299999237060547,18.639999389648438,18.81999969482422,16.69293975830078,4946000
2022-07-15,18.440000534057617,18.65999984741211,18.360000610351562,18.440000534057617,16.35588836669922,3968800
2022-07-18,18.459999084472656,18.940000534057617,18.459999084472656,18.799999237060547,16.675199508666992,2771725
2022-07-19,18.700000762939453,18.979999542236328,18.600000381469727,18.920000076293945,16.78163719177246,1946371
2022-07-20,19.0,19.079999923706055,18.799999237060547,18.84000015258789,16.710678100585938,1964878
2022-07-21,18.719999313354492,18.8799991607666,18.520000457763672,18.68000030517578,16.568761825561523,3195706
2022-07-22,18.68000030517578,18.860000610351562,18.459999084472656,18.579999923706055,16.480064392089844,1492150
2022-07-25,18.579999923706055,18.8799991607666,18.459999084472656,18.68000030517578,16.568761825561523,1424126
2022-07-26,18.639999389648438,19.040000915527344,18.639999389648438,18.959999084472656,16.817115783691406,2592967
2022-07-27,18.959999084472656,18.959999084472656,18.68000030517578,18.81999969482422,16.69293975830078,1985344
2022-07-28,18.780000686645508,18.899999618530273,18.540000915527344,18.81999969482422,16.69293975830078,1848788
2022-07-29,18.860000610351562,18.8799991607666,18.579999923706055,18.719999313354492,16.60424041748047,3909300
2022-08-01,18.719999313354492,18.739999771118164,18.399999618530273,18.540000915527344,16.4445858001709,1559589
2022-08-02,18.440000534057617,18.440000534057617,17.84000015258789,18.020000457763672,15.983357429504395,2944279
2022-08-03,17.959999084472656,18.260000228881836,17.81999969482422,17.940000534057617,15.912398338317871,2271940
2022-08-04,18.15999984741211,18.360000610351562,18.100000381469727,18.360000610351562,16.284929275512695,1501401
2022-08-05,18.15999984741211,18.420000076293945,18.15999984741211,18.3799991607666,16.30266761779785,1635597
2022-08-08,18.3799991607666,18.479999542236328,18.18000030517578,18.420000076293945,16.33814811706543,1367675
2022-08-09,18.219999313354492,18.459999084472656,18.15999984741211,18.280000686645508,16.213972091674805,1396335
2022-08-10,18.239999771118164,18.479999542236328,17.860000610351562,17.920000076293945,15.894658088684082,2084000
2022-08-11,18.0,18.559999465942383,17.959999084472656,18.520000457763672,16.42684555053711,3629124
2022-08-12,18.68000030517578,18.860000610351562,18.479999542236328,18.739999771118164,16.621980667114258,2469346
2022-08-15,18.719999313354492,18.719999313354492,18.139999389648438,18.18000030517578,16.125274658203125,2828630
2022-08-16,18.219999313354492,18.34000015258789,18.020000457763672,18.15999984741211,16.107534408569336,1833166
2022-08-17,18.219999313354492,18.34000015258789,18.040000915527344,18.219999313354492,16.160751342773438,1034000
2022-08-18,18.040000915527344,18.260000228881836,18.040000915527344,18.1200008392334,16.07205581665039,816975
2022-08-19,18.100000381469727,18.260000228881836,18.059999465942383,18.139999389648438,16.089792251586914,597791
2022-08-22,18.059999465942383,18.31999969482422,17.979999542236328,18.059999465942383,16.018835067749023,1383180
2022-08-23,18.059999465942383,18.15999984741211,17.899999618530273,17.979999542236328,15.9478759765625,1114475
2022-08-24,18.0,18.31999969482422,17.920000076293945,18.020000457763672,15.983357429504395,2575000
2022-08-25,18.260000228881836,18.5,18.020000457763672,18.5,16.409107208251953,3075600
2022-08-26,18.600000381469727,18.600000381469727,18.31999969482422,18.520000457763672,16.42684555053711,1392000
2022-08-29,18.579999923706055,18.579999923706055,18.200000762939453,18.3799991607666,16.30266761779785,1438602
2022-08-30,18.3799991607666,18.5,18.219999313354492,18.5,16.409107208251953,1418853
2022-08-31,18.479999542236328,18.639999389648438,18.1200008392334,18.5,16.409107208251953,3985795
2022-09-01,18.5,18.540000915527344,18.31999969482422,18.479999542236328,16.391366958618164,1741295
2022-09-02,18.479999542236328,18.479999542236328,18.059999465942383,18.059999465942383,16.018835067749023,1881073
2022-09-05,18.059999465942383,18.360000610351562,18.059999465942383,18.239999771118164,16.178491592407227,1524040
2022-09-06,18.239999771118164,18.360000610351562,17.84000015258789,17.8799991607666,15.85917854309082,4982267
2022-09-07,17.899999618530273,17.899999618530273,17.420000076293945,17.420000076293945,15.451169967651367,6521798
2022-09-08,17.559999465942383,17.559999465942383,16.920000076293945,16.959999084472656,15.043158531188965,8031191
2022-09-09,16.959999084472656,17.420000076293945,16.959999084472656,17.360000610351562,15.397951126098633,5012002
2022-09-13,17.360000610351562,17.65999984741211,17.200000762939453,17.239999771118164,15.291512489318848,4391223
2022-09-14,17.219999313354492,17.219999313354492,16.959999084472656,17.020000457763672,15.0963773727417,4951249
2022-09-15,17.020000457763672,17.299999237060547,17.020000457763672,17.1200008392334,15.185075759887695,3066937
2022-09-16,16.799999237060547,16.799999237060547,15.960000038146973,16.100000381469727,14.280357360839844,52911466
2022-09-19,16.0,16.18000030517578,15.760000228881836,15.920000076293945,14.12070083618164,6762585
2022-09-20,16.31999969482422,16.31999969482422,16.020000457763672,16.18000030517578,14.35131549835205,5409334
2022-09-21,16.18000030517578,16.34000015258789,15.9399995803833,16.100000381469727,14.280357360839844,4849887
2022-09-22,16.100000381469727,16.100000381469727,15.819999694824219,15.9399995803833,14.138440132141113,3993030
2022-09-23,15.960000038146973,16.200000762939453,15.859999656677246,15.920000076293945,14.12070083618164,3863846
2022-09-26,15.920000076293945,16.0,15.460000038146973,15.5600004196167,13.801389694213867,4863811
2022-09-27,15.600000381469727,15.699999809265137,15.34000015258789,15.579999923706055,13.81912899017334,4715303
2022-09-28,15.399999618530273,15.399999618530273,15.0,15.100000381469727,13.393379211425781,7436107
2022-09-29,15.039999961853027,15.319999694824219,14.5600004196167,14.739999771118164,13.074066162109375,5199774
2022-09-30,14.739999771118164,15.079999923706055,14.640000343322754,14.979999542236328,13.286940574645996,6859026
2022-10-03,14.899999618530273,14.899999618530273,14.020000457763672,14.100000381469727,12.506400108337402,30476093
2022-10-05,14.720000267028809,15.119999885559082,14.460000038146973,14.960000038146973,13.269201278686523,9736028
2022-10-06,14.979999542236328,15.020000457763672,14.760000228881836,14.859999656677246,13.180503845214844,2060900
2022-10-07,14.5,14.720000267028809,14.4399995803833,14.65999984741211,13.003107070922852,3402610
2022-10-10,14.619999885559082,14.699999809265137,14.319999694824219,14.479999542236328,12.843451499938965,4981543
2022-10-11,14.479999542236328,14.5600004196167,14.15999984741211,14.300000190734863,12.683795928955078,3190885
2022-10-12,14.300000190734863,14.5600004196167,14.100000381469727,14.34000015258789,12.719274520874023,3766455
2022-10-13,14.380000114440918,14.380000114440918,14.119999885559082,14.220000267028809,12.612837791442871,4788054
2022-10-14,14.380000114440918,14.859999656677246,14.380000114440918,14.539999961853027,12.8966703414917,4457515
2022-10-17,14.4399995803833,14.819999694824219,14.380000114440918,14.779999732971191,13.109545707702637,4766512
2022-10-18,14.800000190734863,14.899999618530273,14.640000343322754,14.84000015258789,13.162764549255371,2896940
2022-10-19,14.859999656677246,14.979999542236328,14.640000343322754,14.65999984741211,13.003107070922852,1911685
2022-10-20,14.640000343322754,14.720000267028809,14.380000114440918,14.65999984741211,13.003107070922852,3630150
2022-10-21,14.800000190734863,14.800000190734863,14.579999923706055,14.720000267028809,13.056326866149902,2892898
2022-10-24,14.699999809265137,14.699999809265137,13.5,13.539999961853027,12.00969123840332,8056854
2022-10-25,13.119999885559082,13.479999542236328,13.100000381469727,13.199999809265137,11.708118438720703,7461969
2022-10-26,13.220000267028809,13.600000381469727,13.199999809265137,13.399999618530273,11.885515213012695,3690140
2022-10-27,13.640000343322754,13.960000038146973,13.5600004196167,13.800000190734863,12.240306854248047,4666600
2022-10-28,13.84000015258789,13.84000015258789,13.199999809265137,13.239999771118164,11.743597984313965,4384850
2022-10-31,12.9399995803833,12.9399995803833,12.039999961853027,12.460000038146973,11.05175495147705,16529650
2022-11-01,12.539999961853027,13.140000343322754,12.460000038146973,13.039999961853027,11.566202163696289,9168700
2022-11-02,13.039999961853027,13.420000076293945,12.920000076293945,13.399999618530273,11.885515213012695,3379913
2022-11-03,13.539999961853027,13.619999885559082,13.100000381469727,13.600000381469727,12.062911033630371,8892126
2022-11-04,13.300000190734863,14.140000343322754,13.300000190734863,13.920000076293945,12.3467435836792,6514594
2022-11-07,13.819999694824219,14.65999984741211,13.819999694824219,14.65999984741211,13.003107070922852,7060453
2022-11-08,14.65999984741211,14.779999732971191,14.479999542236328,14.779999732971191,13.109545707702637,4271337
2022-11-09,14.699999809265137,14.979999542236328,14.600000381469727,14.819999694824219,13.145024299621582,3993279
2022-11-10,14.680000305175781,14.84000015258789,14.460000038146973,14.760000228881836,13.091806411743164,4311391
2022-11-11,15.199999809265137,16.020000457763672,15.079999923706055,16.0,14.191659927368164,12871626
2022-11-14,16.280000686645508,16.5,15.899999618530273,16.059999465942383,14.244877815246582,5414530
2022-11-15,16.0,16.639999389648438,16.0,16.579999923706055,14.706107139587402,5882630
2022-11-16,16.579999923706055,16.579999923706055,16.020000457763672,16.200000762939453,14.36905574798584,4183662
2022-11-17,16.059999465942383,16.399999618530273,15.859999656677246,16.280000686645508,14.440013885498047,3700143
2022-11-18,16.360000610351562,16.399999618530273,15.979999542236328,16.100000381469727,14.280357360839844,4516700
2022-11-21,16.100000381469727,16.15999984741211,15.640000343322754,16.100000381469727,14.280357360839844,5068606
2022-11-22,15.720000267028809,16.559999465942383,15.640000343322754,16.399999618530273,14.5464506149292,3825694
2022-11-23,16.299999237060547,16.760000228881836,16.280000686645508,16.600000381469727,14.723846435546875,5402273
2022-11-24,16.639999389648438,16.899999618530273,16.6200008392334,16.799999237060547,14.901241302490234,4511190
2022-11-25,16.899999618530273,17.299999237060547,16.65999984741211,17.200000762939453,15.256034851074219,5721211
2022-11-28,16.920000076293945,16.979999542236328,16.34000015258789,16.940000534057617,15.025420188903809,4505200
2022-11-29,16.979999542236328,17.780000686645508,16.979999542236328,17.639999389648438,15.6463041305542,8925044
2022-11-30,17.639999389648438,18.280000686645508,17.459999084472656,18.219999313354492,16.160751342773438,11421910
2022-12-01,18.459999084472656,18.68000030517578,17.81999969482422,18.0,15.965617179870605,5908405
2022-12-02,17.920000076293945,18.260000228881836,17.600000381469727,18.139999389648438,16.089792251586914,4696179
2022-12-05,18.479999542236328,19.65999984741211,18.200000762939453,19.5,17.296085357666016,12072168
2022-12-06,19.34000015258789,20.049999237060547,18.979999542236328,19.65999984741211,17.43800163269043,8910148
2022-12-07,19.600000381469727,20.0,18.739999771118164,18.780000686645508,16.657461166381836,10008829
2022-12-08,18.799999237060547,19.479999542236328,18.799999237060547,19.18000030517578,17.012252807617188,5219000
2022-12-09,19.260000228881836,19.780000686645508,19.079999923706055,19.6200008392334,17.402523040771484,5862200
2022-12-12,19.299999237060547,19.34000015258789,18.81999969482422,19.059999465942383,16.905813217163086,5124109
2022-12-13,19.139999389648438,19.18000030517578,18.559999465942383,18.920000076293945,16.78163719177246,4910947
2022-12-14,19.020000457763672,19.020000457763672,18.1200008392334,18.360000610351562,16.284929275512695,9835240
2022-12-15,18.18000030517578,18.520000457763672,17.920000076293945,18.059999465942383,16.018835067749023,6219177
2022-12-16,18.0,18.31999969482422,17.899999618530273,18.15999984741211,16.107534408569336,6268059
2022-12-19,18.200000762939453,18.440000534057617,17.780000686645508,17.860000610351562,15.84144115447998,3935469
2022-12-20,17.84000015258789,17.959999084472656,17.739999771118164,17.84000015258789,15.823700904846191,1700704
2022-12-21,17.899999618530273,18.1200008392334,17.81999969482422,18.020000457763672,15.983357429504395,1413556
2022-12-22,18.200000762939453,18.540000915527344,18.1200008392334,18.219999313354492,16.160751342773438,1477750
2022-12-23,18.139999389648438,18.420000076293945,18.139999389648438,18.200000762939453,16.14301300048828,1324759
2022-12-28,18.34000015258789,19.079999923706055,18.34000015258789,18.940000534057617,16.79937744140625,4371800
2022-12-29,18.81999969482422,18.81999969482422,18.260000228881836,18.420000076293945,16.33814811706543,2625600
2022-12-30,18.68000030517578,19.459999084472656,18.520000457763672,19.100000381469727,16.941293716430664,6650608
2023-01-03,19.020000457763672,19.979999542236328,18.760000228881836,19.739999771118164,17.50895881652832,5252629
2023-01-04,19.700000762939453,20.950000762939453,19.700000762939453,20.799999237060547,18.449155807495117,8321526
2023-01-05,21.0,21.399999618530273,20.700000762939453,21.149999618530273,18.759599685668945,8070612
2023-01-06,21.200000762939453,21.350000381469727,20.899999618530273,21.25,18.848297119140625,2787963
2023-01-09,21.549999237060547,21.899999618530273,21.399999618530273,21.700000762939453,19.247438430786133,5811960
2023-01-10,21.700000762939453,22.0,21.25,21.600000381469727,19.15873908996582,6534098
2023-01-11,21.549999237060547,22.649999618530273,21.450000762939453,22.549999237060547,20.00136947631836,14950274
2023-01-12,22.799999237060547,22.799999237060547,21.649999618530273,22.450000762939453,19.912673950195312,17604826
2023-01-13,22.5,23.299999237060547,22.299999237060547,23.200000762939453,20.577905654907227,9927936
2023-01-16,23.149999618530273,23.149999618530273,22.200000762939453,22.549999237060547,20.00136947631836,14232200
2023-01-17,22.350000381469727,22.350000381469727,21.399999618530273,21.799999237060547,19.336135864257812,8107768
2023-01-18,21.899999618530273,22.0,21.200000762939453,21.5,19.07004165649414,7000579
2023-01-19,21.149999618530273,21.899999618530273,21.149999618530273,21.700000762939453,19.247438430786133,2202244
2023-01-20,21.950000762939453,22.299999237060547,21.850000381469727,22.149999618530273,19.64657974243164,2977751
2023-01-26,22.200000762939453,23.0,22.200000762939453,22.950000762939453,20.35616111755371,2824771
2023-01-27,22.899999618530273,23.0,22.600000381469727,23.0,20.400510787963867,1805772
2023-01-30,22.700000762939453,22.899999618530273,21.450000762939453,21.649999618530273,19.203088760375977,6804854
2023-01-31,21.5,22.25,20.75,21.0,18.626554489135742,10941341
2023-02-01,21.200000762939453,21.200000762939453,20.5,21.149999618530273,18.759599685668945,4961921
2023-02-02,21.299999237060547,21.350000381469727,20.149999618530273,20.25,17.961318969726562,9150747
2023-02-03,20.399999618530273,20.399999618530273,19.6200008392334,20.25,17.961318969726562,8366181
2023-02-06,19.899999618530273,20.25,19.700000762939453,20.100000381469727,17.828271865844727,4730349
2023-02-07,20.149999618530273,20.299999237060547,19.940000534057617,20.049999237060547,17.78392219543457,3166869
2023-02-08,19.799999237060547,20.549999237060547,19.799999237060547,20.049999237060547,17.78392219543457,3757001
2023-02-09,19.84000015258789,20.600000381469727,19.84000015258789,20.450000762939453,18.138713836669922,3700300
2023-02-10,20.149999618530273,20.549999237060547,20.0,20.25,17.961318969726562,2474740
2023-02-13,20.299999237060547,20.5,19.920000076293945,20.399999618530273,18.0943660736084,2554818
2023-02-14,20.5,20.600000381469727,20.200000762939453,20.5,18.183063507080078,2678100
2023-02-15,20.299999237060547,20.5,19.700000762939453,19.81999969482422,17.579917907714844,4746400
2023-02-16,20.049999237060547,20.299999237060547,19.639999389648438,19.860000610351562,17.615398406982422,3422465
2023-02-17,19.639999389648438,20.200000762939453,19.600000381469727,19.700000762939453,17.473482131958008,1894400
2023-02-20,19.559999465942383,20.850000381469727,19.559999465942383,20.649999618530273,18.316110610961914,4958673
2023-02-21,20.75,20.950000762939453,20.450000762939453,20.600000381469727,18.271760940551758,2780119
2023-02-22,20.5,20.600000381469727,20.100000381469727,20.25,17.961318969726562,1638850
2023-02-23,20.5,20.549999237060547,20.049999237060547,20.149999618530273,17.872621536254883,1367209
2023-02-24,20.100000381469727,20.200000762939453,19.760000228881836,19.959999084472656,17.70409393310547,1844236
2023-02-27,19.780000686645508,19.81999969482422,19.239999771118164,19.420000076293945,17.225126266479492,3076023
2023-02-28,19.459999084472656,19.639999389648438,18.940000534057617,19.0,16.85259437561035,4374341
2023-03-01,19.360000610351562,20.200000762939453,19.1200008392334,20.100000381469727,17.828271865844727,3907370
2023-03-02,20.25,20.5,19.959999084472656,20.25,17.961318969726562,2146040
2023-03-03,20.5,20.549999237060547,20.25,20.399999618530273,18.0943660736084,1839952
2023-03-06,20.600000381469727,20.600000381469727,19.899999618530273,20.049999237060547,17.78392219543457,1767444
2023-03-07,20.049999237060547,20.549999237060547,19.68000030517578,19.8799991607666,17.633136749267578,2427178
2023-03-08,19.600000381469727,19.700000762939453,19.31999969482422,19.65999984741211,17.43800163269043,1960400
2023-03-09,19.34000015258789,19.799999237060547,19.0,19.020000457763672,16.870336532592773,3261813
2023-03-10,18.899999618530273,19.040000915527344,18.700000762939453,18.84000015258789,16.710678100585938,1765142
2023-03-13,18.8799991607666,19.15999984741211,18.860000610351562,19.040000915527344,16.88807487487793,1957149
2023-03-14,18.639999389648438,18.739999771118164,18.040000915527344,18.15999984741211,16.107534408569336,4156295
2023-03-15,18.520000457763672,18.780000686645508,18.31999969482422,18.639999389648438,16.533283233642578,2343307
2023-03-16,18.299999237060547,18.739999771118164,18.139999389648438,18.399999618530273,16.32040786743164,1824703
2023-03-17,18.6200008392334,18.899999618530273,18.420000076293945,18.760000228881836,16.639720916748047,6502770
2023-03-20,18.719999313354492,18.899999618530273,18.040000915527344,18.360000610351562,16.284929275512695,3861400
2023-03-21,18.399999618530273,18.6200008392334,18.260000228881836,18.3799991607666,16.30266761779785,1263641
2023-03-22,18.700000762939453,18.860000610351562,18.540000915527344,18.719999313354492,16.60424041748047,1373283
2023-03-23,18.760000228881836,19.0,18.420000076293945,19.0,16.85259437561035,1940670
2023-03-24,18.68000030517578,18.799999237060547,18.420000076293945,18.5,16.409107208251953,2637929
2023-03-27,18.719999313354492,18.719999313354492,18.059999465942383,18.200000762939453,16.14301300048828,2238100
2023-03-28,18.280000686645508,18.65999984741211,18.260000228881836,18.600000381469727,16.497804641723633,3053580
2023-03-29,18.81999969482422,18.979999542236328,18.15999984741211,18.399999618530273,16.32040786743164,3032216
2023-03-30,18.6200008392334,18.6200008392334,17.540000915527344,17.959999084472656,15.930137634277344,3899344
2023-03-31,18.260000228881836,19.459999084472656,18.200000762939453,18.65999984741211,16.551023483276367,8488998
2023-04-03,18.700000762939453,19.34000015258789,18.700000762939453,19.100000381469727,16.941293716430664,5933285
2023-04-04,19.219999313354492,19.239999771118164,18.940000534057617,19.020000457763672,16.870336532592773,2525164
2023-04-06,19.020000457763672,19.15999984741211,18.860000610351562,19.0,16.85259437561035,3106038
2023-04-11,19.3799991607666,19.440000534057617,18.8799991607666,19.1200008392334,16.959033966064453,3501262
2023-04-12,19.139999389648438,19.920000076293945,19.100000381469727,19.520000457763672,17.313823699951172,5008777
2023-04-13,19.479999542236328,19.760000228881836,19.15999984741211,19.579999923706055,17.367042541503906,2752565
2023-04-14,19.700000762939453,19.899999618530273,19.579999923706055,19.780000686645508,17.5444393157959,2155288
2023-04-17,19.780000686645508,20.5,19.459999084472656,20.450000762939453,18.138713836669922,3867661
2023-04-18,20.299999237060547,21.0,20.25,20.75,18.404808044433594,4319890
2023-04-19,20.549999237060547,20.549999237060547,20.100000381469727,20.25,17.961318969726562,3726201
2023-04-20,20.100000381469727,20.600000381469727,19.860000610351562,20.399999618530273,18.0943660736084,4446400
2023-04-21,20.399999618530273,20.549999237060547,19.899999618530273,20.0,17.739574432373047,2597139
2023-04-24,21.049999237060547,21.350000381469727,20.350000381469727,20.75,18.404808044433594,8932967
2023-04-25,21.0,21.0,20.299999237060547,20.700000762939453,18.36046028137207,4443939
2023-04-26,20.600000381469727,20.950000762939453,20.399999618530273,20.899999618530273,18.537853240966797,4067405
2023-04-27,20.899999618530273,22.549999237060547,20.799999237060547,22.0,19.513532638549805,13055718
2023-04-28,22.5,23.5,22.200000762939453,22.399999618530273,19.868322372436523,17961437
2023-05-02,22.450000762939453,22.75,22.0,22.100000381469727,19.602230072021484,3247200
2023-05-03,21.850000381469727,22.149999618530273,21.649999618530273,22.100000381469727,19.602230072021484,1628900
2023-05-04,22.399999618530273,24.049999237060547,22.25,24.0,21.28748893737793,14737742
2023-05-05,23.899999618530273,24.700000762939453,23.700000762939453,24.350000381469727,21.597930908203125,10349400
2023-05-08,24.299999237060547,25.0,24.049999237060547,24.649999618530273,21.864025115966797,13214914
2023-05-09,24.799999237060547,24.950000762939453,23.700000762939453,23.899999618530273,21.19879150390625,6407589
2023-05-10,23.75,24.049999237060547,23.25,23.549999237060547,20.888347625732422,5378791
2023-05-11,23.75,24.200000762939453,23.200000762939453,23.5,20.8439998626709,6200750
2023-05-12,23.450000762939453,23.450000762939453,22.600000381469727,22.850000381469727,20.26746368408203,6485818
2023-05-15,22.5,23.149999618530273,21.850000381469727,23.0,20.400510787963867,11545159
2023-05-16,23.0,23.25,22.25,22.399999618530273,19.868322372436523,4191882
2023-05-17,22.399999618530273,22.600000381469727,21.899999618530273,22.100000381469727,19.602230072021484,4919691
2023-05-18,22.350000381469727,23.100000381469727,22.350000381469727,22.850000381469727,20.26746368408203,5684094
2023-05-19,22.75,22.799999237060547,22.100000381469727,22.5,19.957019805908203,2578986
2023-05-22,22.450000762939453,22.600000381469727,22.100000381469727,22.25,19.73527717590332,4657900
2023-05-23,22.25,22.549999237060547,21.799999237060547,21.950000762939453,19.46918296813965,2596866
2023-05-24,21.850000381469727,21.899999618530273,21.200000762939453,21.5,19.07004165649414,5566600
2023-05-25,21.399999618530273,21.399999618530273,20.649999618530273,20.950000762939453,18.582204818725586,6091300
2023-05-29,21.0,21.399999618530273,20.700000762939453,20.75,18.404808044433594,2712800
2023-05-30,20.75,21.049999237060547,20.350000381469727,20.799999237060547,18.449155807495117,2747050
2023-05-31,20.75,20.75,19.979999542236328,20.25,17.961318969726562,9279741
2023-06-01,20.0,20.350000381469727,19.899999618530273,20.0,17.739574432373047,3412396
2023-06-02,20.25,20.75,20.100000381469727,20.450000762939453,18.138713836669922,7674452
2023-06-05,20.450000762939453,20.75,19.979999542236328,20.350000381469727,18.050016403198242,3542212
2023-06-06,20.5,21.5,20.399999618530273,20.75,18.404808044433594,5045399
2023-06-07,21.049999237060547,21.25,20.600000381469727,20.649999618530273,18.316110610961914,2989030
2023-06-08,20.75,21.549999237060547,20.399999618530273,21.350000381469727,18.936996459960938,5907728
2023-06-09,21.450000762939453,21.700000762939453,21.350000381469727,21.450000762939453,19.025693893432617,3638100
2023-06-12,21.5,21.899999618530273,21.25,21.600000381469727,19.15873908996582,4294766
2023-06-13,21.600000381469727,21.75,21.25,21.600000381469727,19.15873908996582,3190102
2023-06-14,21.700000762939453,22.149999618530273,21.200000762939453,21.5,19.07004165649414,3034185
2023-06-15,21.5,22.0,21.049999237060547,21.399999618530273,18.98134422302246,3129938
2023-06-16,21.600000381469727,21.600000381469727,21.049999237060547,21.549999237060547,19.114391326904297,13592742
2023-06-19,21.549999237060547,21.549999237060547,20.299999237060547,20.950000762939453,18.582204818725586,5503011
2023-06-20,20.950000762939453,20.950000762939453,20.450000762939453,20.649999618530273,18.316110610961914,2010600
2023-06-21,20.5,20.700000762939453,20.299999237060547,20.450000762939453,18.138713836669922,1753259
2023-06-23,20.549999237060547,20.399999618530273,19.920000076293945,20.200000762939453,17.91697120666504,1533365
2023-06-26,20.350000381469727,20.350000381469727,19.760000228881836,19.8799991607666,17.633136749267578,3344100
2023-06-27,20.0,20.75,19.959999084472656,20.5,18.183063507080078,2973045
2023-06-28,20.600000381469727,20.799999237060547,20.450000762939453,20.600000381469727,18.271760940551758,2683998
2023-06-29,20.700000762939453,20.850000381469727,20.350000381469727,20.5,18.183063507080078,1994967
2023-06-30,20.75,20.799999237060547,20.350000381469727,20.649999618530273,18.316110610961914,1634850
2023-07-03,20.950000762939453,21.600000381469727,20.799999237060547,21.299999237060547,18.89264678955078,5818404
2023-07-04,21.399999618530273,21.600000381469727,21.049999237060547,21.200000762939453,18.8039493560791,2866200
2023-07-05,21.299999237060547,21.299999237060547,20.700000762939453,20.75,18.404808044433594,2879900
2023-07-06,19.780000686645508,20.100000381469727,19.280000686645508,19.440000534057617,18.280590057373047,3957256
2023-07-07,19.399999618530273,19.6200008392334,19.239999771118164,19.579999923706055,18.41223907470703,2696900
2023-07-10,19.8799991607666,19.8799991607666,19.100000381469727,19.299999237060547,18.14893913269043,3406367
2023-07-11,19.459999084472656,19.65999984741211,19.299999237060547,19.479999542236328,18.31820297241211,1777293
2023-07-12,19.479999542236328,19.899999618530273,19.479999542236328,19.68000030517578,18.506275177001953,2682733
2023-07-13,19.780000686645508,20.399999618530273,19.780000686645508,20.299999237060547,19.089298248291016,4659900
2023-07-14,20.5,20.5,19.899999618530273,20.049999237060547,18.85420799255371,1775200
2023-07-18,20.049999237060547,20.049999237060547,19.34000015258789,19.440000534057617,18.280590057373047,3988500
2023-07-19,19.440000534057617,19.440000534057617,18.920000076293945,19.100000381469727,17.960866928100586,6120682
2023-07-20,19.260000228881836,19.520000457763672,18.979999542236328,19.040000915527344,17.90444564819336,2443734
2023-07-21,19.059999465942383,19.280000686645508,19.040000915527344,19.200000762939453,18.054903030395508,1616900
2023-07-24,19.200000762939453,19.200000762939453,18.459999084472656,18.600000381469727,17.49068832397461,3799140
2023-07-25,19.059999465942383,20.600000381469727,18.979999542236328,20.549999237060547,19.32438850402832,9018900
2023-07-26,20.399999618530273,20.649999618530273,20.100000381469727,20.350000381469727,19.136316299438477,4522190
2023-07-27,20.350000381469727,21.350000381469727,20.350000381469727,21.049999237060547,19.794567108154297,5790607
2023-07-28,20.700000762939453,22.399999618530273,20.700000762939453,22.200000762939453,20.8759822845459,10916900
2023-07-31,22.700000762939453,23.149999618530273,22.299999237060547,22.5,21.15808868408203,10012674
2023-08-01,22.399999618530273,22.799999237060547,21.850000381469727,22.149999618530273,20.828964233398438,5038820
2023-08-02,22.149999618530273,22.5,21.799999237060547,22.049999237060547,20.734926223754883,6989900
2023-08-03,21.850000381469727,22.799999237060547,21.649999618530273,22.350000381469727,21.01703643798828,6445695
2023-08-04,22.850000381469727,23.450000762939453,22.5,22.700000762939453,21.346162796020508,7924958
2023-08-07,22.5,22.5,21.399999618530273,21.649999618530273,20.358783721923828,5932700
2023-08-08,21.600000381469727,21.600000381469727,21.0,21.149999618530273,19.88860321044922,4216800
2023-08-09,20.950000762939453,21.299999237060547,20.899999618530273,21.200000762939453,19.935623168945312,2510436
2023-08-10,20.950000762939453,21.25,20.700000762939453,20.850000381469727,19.606496810913086,3988753
2023-08-11,20.899999618530273,20.950000762939453,20.200000762939453,20.450000762939453,19.2303524017334,3735901
2023-08-14,20.100000381469727,20.200000762939453,19.719999313354492,20.100000381469727,18.901226043701172,5332793
2023-08-15,20.0,20.600000381469727,19.959999084472656,20.049999237060547,18.85420799255371,3073500
2023-08-16,20.200000762939453,20.200000762939453,19.719999313354492,19.799999237060547,18.619117736816406,3356444
2023-08-17,19.719999313354492,19.760000228881836,19.31999969482422,19.760000228881836,18.581504821777344,2519253
2023-08-18,19.719999313354492,20.649999618530273,19.579999923706055,19.81999969482422,18.63792610168457,5860374
2023-08-21,19.84000015258789,19.84000015258789,19.0,19.15999984741211,18.017288208007812,4812637
2023-08-22,19.200000762939453,19.540000915527344,18.940000534057617,19.280000686645508,18.1301326751709,3373620
2023-08-23,19.280000686645508,19.280000686645508,18.799999237060547,19.100000381469727,17.960866928100586,4334390
2023-08-24,19.200000762939453,19.399999618530273,18.860000610351562,19.219999313354492,18.07370948791504,4148060
2023-08-25,19.299999237060547,19.799999237060547,19.1200008392334,19.479999542236328,18.31820297241211,3977100
2023-08-28,20.799999237060547,21.049999237060547,19.639999389648438,19.739999771118164,18.56269645690918,8345800
2023-08-29,19.739999771118164,20.450000762939453,19.5,20.299999237060547,19.089298248291016,5762400
2023-08-30,20.5,20.700000762939453,19.8799991607666,20.0,18.80718994140625,6018980
2023-08-31,19.81999969482422,20.299999237060547,19.600000381469727,19.639999389648438,18.468660354614258,7564196
2023-09-04,19.979999542236328,20.899999618530273,19.899999618530273,20.75,19.512460708618164,10648962
2023-09-05,20.75,20.75,20.299999237060547,20.399999618530273,19.183334350585938,4057756
2023-09-06,20.299999237060547,20.649999618530273,20.200000762939453,20.5,19.27737045288086,2655889
2023-09-07,20.549999237060547,20.549999237060547,19.979999542236328,20.149999618530273,18.948244094848633,2990410
2023-09-11,20.149999618530273,20.5,19.959999084472656,20.399999618530273,19.183334350585938,2860836
2023-09-12,20.450000762939453,20.450000762939453,19.280000686645508,19.600000381469727,18.431047439575195,6893751
2023-09-13,19.799999237060547,20.049999237060547,19.440000534057617,19.579999923706055,18.41223907470703,3324164
2023-09-14,19.760000228881836,19.84000015258789,19.440000534057617,19.540000915527344,18.37462615966797,2407499
2023-09-15,19.459999084472656,20.100000381469727,19.459999084472656,19.780000686645508,18.600311279296875,4793856
2023-09-18,19.780000686645508,19.780000686645508,19.260000228881836,19.559999465942383,18.3934326171875,3113902
2023-09-19,19.579999923706055,19.600000381469727,19.31999969482422,19.520000457763672,18.355817794799805,2376369
2023-09-20,19.440000534057617,19.65999984741211,19.280000686645508,19.360000610351562,18.205360412597656,3625900
2023-09-21,19.459999084472656,19.540000915527344,19.219999313354492,19.280000686645508,18.1301326751709,3237011
2023-09-22,19.18000030517578,19.899999618530273,19.18000030517578,19.899999618530273,18.713153839111328,5140582
2023-09-25,19.459999084472656,19.579999923706055,19.399999618530273,19.520000457763672,18.355817794799805,3867800
2023-09-26,19.520000457763672,19.579999923706055,19.100000381469727,19.239999771118164,18.092517852783203,2562600
2023-09-27,19.34000015258789,19.479999542236328,19.18000030517578,19.200000762939453,18.054903030395508,1700982
2023-09-28,19.31999969482422,19.459999084472656,19.200000762939453,19.34000015258789,18.186553955078125,2733452
2023-09-29,19.239999771118164,19.440000534057617,18.31999969482422,18.8799991607666,17.753986358642578,3358127
2023-10-03,18.68000030517578,18.68000030517578,18.15999984741211,18.479999542236328,17.377843856811523,2081100
2023-10-04,18.3799991607666,18.459999084472656,18.1200008392334,18.3799991607666,17.2838077545166,1231172
2023-10-05,18.600000381469727,18.600000381469727,18.219999313354492,18.299999237060547,17.20857810974121,1197772
2023-10-06,18.260000228881836,18.799999237060547,18.219999313354492,18.600000381469727,17.49068832397461,661800
2023-10-09,19.079999923706055,19.079999923706055,18.420000076293945,18.860000610351562,17.73518180847168,2427499
2023-10-10,18.959999084472656,19.280000686645508,18.639999389648438,18.739999771118164,17.622337341308594,3492250
2023-10-11,18.899999618530273,19.31999969482422,18.899999618530273,19.18000030517578,18.036096572875977,4296271
2023-10-12,19.65999984741211,20.299999237060547,19.639999389648438,20.049999237060547,18.85420799255371,10224930
2023-10-13,19.700000762939453,20.100000381469727,19.6200008392334,20.049999237060547,18.85420799255371,3762700
2023-10-16,20.200000762939453,20.200000762939453,19.8799991607666,20.0,18.80718994140625,2473029
2023-10-17,20.0,20.25,19.799999237060547,20.100000381469727,18.901226043701172,3934450
2023-10-18,19.84000015258789,20.100000381469727,19.719999313354492,19.780000686645508,18.600311279296875,3804532
2023-10-19,19.639999389648438,19.639999389648438,19.100000381469727,19.100000381469727,17.960866928100586,3569682
2023-10-20,19.0,19.15999984741211,18.760000228881836,18.899999618530273,17.772794723510742,3136240
2023-10-24,18.739999771118164,19.100000381469727,18.6200008392334,18.799999237060547,17.67875862121582,2495619
2023-10-25,19.1200008392334,19.15999984741211,18.459999084472656,18.540000915527344,17.434267044067383,3676100
2023-10-26,18.600000381469727,18.719999313354492,18.280000686645508,18.459999084472656,17.35903549194336,3277904
2023-10-27,18.299999237060547,18.299999237060547,17.420000076293945,17.899999618530273,16.832435607910156,6232282
2023-10-30,17.5,17.6200008392334,16.799999237060547,17.100000381469727,16.080148696899414,13247700
2023-10-31,17.100000381469727,17.34000015258789,16.920000076293945,17.139999389648438,16.117761611938477,3941386
2023-11-01,17.139999389648438,17.18000030517578,16.860000610351562,16.899999618530273,15.892075538635254,3632700
2023-11-02,17.139999389648438,17.15999984741211,16.739999771118164,16.81999969482422,15.81684684753418,3120400
2023-11-03,16.920000076293945,17.239999771118164,16.760000228881836,17.100000381469727,16.080148696899414,4086556
2023-11-06,17.31999969482422,18.0,17.31999969482422,17.799999237060547,16.738399505615234,5414400
2023-11-07,17.8799991607666,17.8799991607666,17.139999389648438,17.200000762939453,16.174184799194336,5029757
2023-11-08,17.31999969482422,17.3799991607666,16.799999237060547,16.959999084472656,15.94849681854248,5596200
2023-11-09,16.959999084472656,16.979999542236328,16.739999771118164,16.739999771118164,15.741618156433105,3992082
2023-11-10,16.84000015258789,16.899999618530273,16.34000015258789,16.459999084472656,15.478317260742188,2930151
2023-11-13,16.520000457763672,16.559999465942383,16.239999771118164,16.440000534057617,15.459510803222656,4128453
2023-11-14,16.559999465942383,16.68000030517578,16.239999771118164,16.479999542236328,15.497124671936035,5347755
2023-11-15,16.780000686645508,16.959999084472656,16.65999984741211,16.959999084472656,15.94849681854248,5509920
2023-11-16,17.0,17.0,16.540000915527344,16.600000381469727,15.609968185424805,3050063
2023-11-17,16.579999923706055,16.579999923706055,16.260000228881836,16.3799991607666,15.403088569641113,2538493
2023-11-20,16.479999542236328,16.700000762939453,16.299999237060547,16.540000915527344,15.553547859191895,3891248
2023-11-21,16.600000381469727,16.8799991607666,16.3799991607666,16.420000076293945,15.440703392028809,3654775
2023-11-22,16.420000076293945,16.520000457763672,16.31999969482422,16.3799991607666,15.403088569641113,1287800
2023-11-23,16.420000076293945,16.6200008392334,16.139999389648438,16.600000381469727,15.609968185424805,2915733
2023-11-24,16.520000457763672,16.579999923706055,16.299999237060547,16.360000610351562,15.384282112121582,1181847
2023-11-27,16.3799991607666,16.420000076293945,15.819999694824219,16.15999984741211,15.196209907531738,4044700
2023-11-28,16.100000381469727,16.219999313354492,15.899999618530273,15.920000076293945,14.970523834228516,2910081
2023-11-29,15.9399995803833,15.960000038146973,15.34000015258789,15.5,14.575572967529297,3927188
2023-11-30,15.5,15.680000305175781,15.359999656677246,15.5,14.575572967529297,4640594
2023-12-01,15.539999961853027,15.65999984741211,15.380000114440918,15.460000038146973,14.537958145141602,2258709
2023-12-04,15.5,15.579999923706055,15.260000228881836,15.300000190734863,14.387500762939453,4037296
2023-12-05,15.279999732971191,15.380000114440918,14.720000267028809,14.880000114440918,13.992549896240234,5460816
2023-12-06,14.84000015258789,15.100000381469727,14.699999809265137,15.0,14.105393409729004,5364430
2023-12-07,14.800000190734863,14.960000038146973,14.520000457763672,14.800000190734863,13.91732120513916,4928632
2023-12-08,14.899999618530273,14.899999618530273,14.5,14.680000305175781,13.804478645324707,5290622
2023-12-11,14.5600004196167,14.800000190734863,14.239999771118164,14.739999771118164,13.860898971557617,5614408
2023-12-12,14.880000114440918,15.199999809265137,14.640000343322754,15.100000381469727,14.199429512023926,6235911
2023-12-13,14.899999618530273,14.9399995803833,14.579999923706055,14.699999809265137,13.823285102844238,3816650
2023-12-14,14.899999618530273,15.020000457763672,14.399999618530273,14.520000457763672,13.654021263122559,5137000
2023-12-15,14.640000343322754,15.119999885559082,14.640000343322754,14.819999694824219,13.936127662658691,4820869
2023-12-18,14.65999984741211,14.65999984741211,14.4399995803833,14.520000457763672,13.654021263122559,5226358
2023-12-19,14.680000305175781,14.680000305175781,14.140000343322754,14.220000267028809,13.371912956237793,4312243
2023-12-20,14.380000114440918,14.420000076293945,14.180000305175781,14.239999771118164,13.390719413757324,2581761
2023-12-21,14.100000381469727,14.600000381469727,14.100000381469727,14.539999961853027,13.67282772064209,2920085
2023-12-22,14.579999923706055,14.779999732971191,14.359999656677246,14.4399995803833,13.578791618347168,2278143
2023-12-27,14.479999542236328,14.699999809265137,14.279999732971191,14.579999923706055,13.710441589355469,4625204
2023-12-28,14.65999984741211,15.300000190734863,14.619999885559082,15.199999809265137,14.293464660644531,6032260
2023-12-29,15.239999771118164,15.34000015258789,15.079999923706055,15.220000267028809,14.312272071838379,3179367
2024-01-02,15.239999771118164,15.380000114440918,14.800000190734863,14.880000114440918,13.992549896240234,2911271
2024-01-03,14.819999694824219,15.119999885559082,14.699999809265137,14.960000038146973,14.067778587341309,3572928
2024-01-04,14.960000038146973,15.020000457763672,14.520000457763672,14.859999656677246,13.973742485046387,5435093
2024-01-05,14.960000038146973,15.100000381469727,14.739999771118164,14.819999694824219,13.936127662658691,3005467
2024-01-08,14.760000228881836,14.9399995803833,14.220000267028809,14.359999656677246,13.503562927246094,4866806
2024-01-09,14.399999618530273,14.5600004196167,14.220000267028809,14.220000267028809,13.371912956237793,3194043
2024-01-10,14.239999771118164,14.300000190734863,13.899999618530273,14.020000457763672,13.18384075164795,4869863
2024-01-11,14.140000343322754,14.520000457763672,13.979999542236328,14.220000267028809,13.371912956237793,2281341
2024-01-12,14.34000015258789,14.460000038146973,14.140000343322754,14.180000305175781,13.334298133850098,2597892
2024-01-15,14.180000305175781,14.180000305175781,14.180000305175781,14.180000305175781,13.334298133850098,0
2024-01-16,14.119999885559082,14.4399995803833,14.020000457763672,14.119999885559082,13.277876853942871,2393025
2024-01-17,14.119999885559082,14.15999984741211,13.420000076293945,13.4399995803833,12.638431549072266,6830699
2024-01-18,13.399999618530273,13.579999923706055,13.239999771118164,13.479999542236328,12.676046371459961,4675217
2024-01-19,13.4399995803833,13.520000457763672,13.100000381469727,13.239999771118164,12.450360298156738,5825022
2024-01-22,13.300000190734863,13.300000190734863,12.619999885559082,12.800000190734863,12.036602020263672,9571600
2024-01-23,12.800000190734863,13.279999732971191,12.600000381469727,13.15999984741211,12.375131607055664,7781429
2024-01-24,13.399999618530273,13.819999694824219,13.0600004196167,13.800000190734863,12.976962089538574,11137553
2024-01-25,13.899999618530273,14.640000343322754,13.720000267028809,14.520000457763672,13.654021263122559,12401876
2024-01-26,14.479999542236328,14.65999984741211,14.300000190734863,14.380000114440918,13.522370338439941,6289743
2024-01-29,14.600000381469727,14.84000015258789,14.359999656677246,14.4399995803833,13.578791618347168,6514146
2024-01-30,14.420000076293945,14.420000076293945,13.800000190734863,13.84000015258789,13.014575958251953,7525416
2024-01-31,13.800000190734863,14.180000305175781,13.720000267028809,13.960000038146973,13.127419471740723,7325100
2024-02-01,13.960000038146973,14.380000114440918,13.800000190734863,13.979999542236328,13.146225929260254,6995993
2024-02-02,14.100000381469727,14.300000190734863,13.65999984741211,13.899999618530273,13.07099723815918,6234144
2024-02-05,13.899999618530273,13.920000076293945,13.460000038146973,13.619999885559082,12.807696342468262,5243250
2024-02-06,13.65999984741211,14.399999618530273,13.5,14.380000114440918,13.522370338439941,8170578
2024-02-07,14.579999923706055,14.65999984741211,14.34000015258789,14.520000457763672,13.654021263122559,6718713
2024-02-08,14.520000457763672,14.84000015258789,14.479999542236328,14.600000381469727,13.729249954223633,4349782
2024-02-09,14.140000343322754,14.140000343322754,14.140000343322754,14.140000343322754,13.296684265136719,0
2024-02-14,13.880000114440918,14.199999809265137,13.5600004196167,14.119999885559082,13.277876853942871,1611652
2024-02-15,13.960000038146973,14.15999984741211,13.84000015258789,14.039999961853027,13.202648162841797,1123009
2024-02-16,14.039999961853027,14.720000267028809,13.920000076293945,14.5600004196167,13.691635131835938,3582017
2024-02-19,14.640000343322754,14.65999984741211,14.420000076293945,14.539999961853027,13.67282772064209,4460669
2024-02-20,14.479999542236328,14.720000267028809,14.460000038146973,14.699999809265137,13.823285102844238,3520444
2024-02-21,14.65999984741211,16.0,14.520000457763672,15.460000038146973,14.537958145141602,14663011
2024-02-22,15.420000076293945,15.920000076293945,15.399999618530273,15.819999694824219,14.876487731933594,6766094
2024-02-23,15.9399995803833,16.18000030517578,15.739999771118164,15.779999732971191,14.838872909545898,6116113
2024-02-26,15.819999694824219,15.84000015258789,15.319999694824219,15.4399995803833,14.519150733947754,5426464
2024-02-27,15.399999618530273,15.5600004196167,15.140000343322754,15.479999542236328,14.55676555633545,5118620
2024-02-28,15.5600004196167,15.579999923706055,15.0,15.079999923706055,14.180622100830078,5466400
2024-02-29,15.079999923706055,15.279999732971191,14.9399995803833,15.079999923706055,14.180622100830078,5682231
2024-03-01,15.239999771118164,15.5,14.9399995803833,15.319999694824219,14.4063081741333,4100268
2024-03-04,15.079999923706055,15.220000267028809,14.640000343322754,14.739999771118164,13.860898971557617,9445801
2024-03-05,14.739999771118164,14.739999771118164,14.380000114440918,14.4399995803833,13.578791618347168,6507872
2024-03-06,14.5,14.680000305175781,14.34000015258789,14.420000076293945,13.55998420715332,5227200
2024-03-07,14.539999961853027,14.779999732971191,14.34000015258789,14.420000076293945,13.55998420715332,4823959
2024-03-08,14.520000457763672,14.779999732971191,14.5,14.720000267028809,13.842092514038086,3472030
2024-03-11,14.720000267028809,15.0600004196167,14.699999809265137,14.880000114440918,13.992549896240234,3363558
2024-03-12,14.800000190734863,15.4399995803833,14.800000190734863,15.420000076293945,14.500344276428223,7378048
2024-03-13,15.4399995803833,15.460000038146973,14.819999694824219,14.880000114440918,13.992549896240234,9928100
2024-03-14,14.880000114440918,15.020000457763672,14.619999885559082,14.800000190734863,13.91732120513916,4326000
2024-03-15,14.800000190734863,14.800000190734863,14.15999984741211,14.359999656677246,13.503562927246094,11841321
2024-03-18,14.359999656677246,14.760000228881836,14.300000190734863,14.699999809265137,13.823285102844238,3774038
2024-03-19,14.65999984741211,14.65999984741211,14.279999732971191,14.300000190734863,13.447141647338867,5151363
2024-03-20,14.300000190734863,14.5,14.220000267028809,14.380000114440918,13.522370338439941,2597244
2024-03-21,14.460000038146973,14.819999694824219,14.460000038146973,14.699999809265137,13.823285102844238,3371860
2024-03-22,14.65999984741211,14.65999984741211,14.0600004196167,14.260000228881836,13.409526824951172,4854257
2024-03-25,14.239999771118164,14.239999771118164,13.720000267028809,13.760000228881836,12.939347267150879,8037077
2024-03-26,13.880000114440918,14.0,13.720000267028809,13.720000267028809,12.9017333984375,4303700
2024-03-27,13.779999732971191,13.779999732971191,13.539999961853027,13.579999923706055,12.770082473754883,3583847
2024-03-28,13.15999984741211,13.979999542236328,13.119999885559082,13.859999656677246,13.033382415771484,7874022
2024-04-02,14.180000305175781,14.220000267028809,13.739999771118164,13.899999618530273,13.07099723815918,10395363
2024-04-03,13.899999618530273,14.100000381469727,13.819999694824219,13.9399995803833,13.108611106872559,3754100
2024-04-05,13.5600004196167,13.720000267028809,13.180000305175781,13.479999542236328,12.676046371459961,3336526
2024-04-08,13.600000381469727,13.819999694824219,13.539999961853027,13.5600004196167,12.751276016235352,4089200
2024-04-09,13.539999961853027,13.800000190734863,13.539999961853027,13.640000343322754,12.826504707336426,2834672
2024-04-10,13.600000381469727,13.819999694824219,13.4399995803833,13.539999961853027,12.732467651367188,5764302
2024-04-11,13.460000038146973,13.520000457763672,13.260000228881836,13.479999542236328,12.676046371459961,4337410
2024-04-12,13.399999618530273,13.479999542236328,12.960000038146973,12.960000038146973,12.18705940246582,8999000
2024-04-15,12.819999694824219,13.180000305175781,12.460000038146973,13.039999961853027,12.262288093566895,11904700
2024-04-16,13.079999923706055,13.100000381469727,12.800000190734863,12.800000190734863,12.036602020263672,4657600
2024-04-17,12.779999732971191,13.100000381469727,12.779999732971191,13.100000381469727,12.318710327148438,4448900
2024-04-18,13.079999923706055,13.800000190734863,13.039999961853027,13.579999923706055,12.770082473754883,8648325
2024-04-19,13.579999923706055,13.680000305175781,13.399999618530273,13.579999923706055,12.770082473754883,2637211
2024-04-22,13.65999984741211,13.960000038146973,13.65999984741211,13.760000228881836,12.939347267150879,3853401
2024-04-23,13.859999656677246,13.859999656677246,13.680000305175781,13.800000190734863,12.976962089538574,2743637
2024-04-24,13.899999618530273,14.34000015258789,13.819999694824219,14.319999694824219,13.465948104858398,8044158
2024-04-25,14.300000190734863,14.619999885559082,14.199999809265137,14.319999694824219,13.465948104858398,7299400
2024-04-26,14.479999542236328,14.880000114440918,14.319999694824219,14.760000228881836,13.879707336425781,8832259
2024-04-29,14.819999694824219,15.479999542236328,14.739999771118164,15.239999771118164,14.331079483032227,11706300
2024-04-30,15.300000190734863,15.380000114440918,14.960000038146973,15.119999885559082,14.218235969543457,7735390
2024-05-02,15.119999885559082,15.899999618530273,14.819999694824219,15.800000190734863,14.857681274414062,5901166
2024-05-03,16.040000915527344,16.360000610351562,15.800000190734863,16.18000030517578,15.215017318725586,4248737
2024-05-06,15.979999542236328,16.219999313354492,15.920000076293945,16.0,15.04575252532959,9810544
2024-05-07,16.040000915527344,16.299999237060547,15.9399995803833,16.100000381469727,15.139788627624512,4858692
2024-05-08,15.9399995803833,16.040000915527344,15.4399995803833,15.520000457763672,14.594380378723145,7550693
2024-05-09,15.420000076293945,16.020000457763672,15.420000076293945,15.800000190734863,14.857681274414062,7338904
2024-05-10,15.979999542236328,16.780000686645508,15.84000015258789,16.760000228881836,15.760425567626953,17671921
2024-05-13,16.760000228881836,17.65999984741211,16.420000076293945,17.5,16.45629119873047,21344106
2024-05-14,17.600000381469727,17.600000381469727,16.860000610351562,16.920000076293945,15.910882949829102,8300030
2024-05-16,16.940000534057617,17.860000610351562,16.860000610351562,17.559999465942383,16.512712478637695,14267604
2024-05-17,17.700000762939453,18.34000015258789,17.459999084472656,18.200000762939453,17.114543914794922,14479221
2024-05-20,18.15999984741211,18.600000381469727,18.020000457763672,18.139999389648438,17.058120727539062,13195436
2024-05-21,18.100000381469727,18.139999389648438,17.399999618530273,17.5,16.45629119873047,10089744
2024-05-22,17.479999542236328,18.15999984741211,17.420000076293945,17.68000030517578,16.62555694580078,5389743
2024-05-23,17.68000030517578,17.68000030517578,17.100000381469727,17.200000762939453,16.174184799194336,8792200
2024-05-24,16.979999542236328,17.31999969482422,16.719999313354492,16.81999969482422,15.81684684753418,5919948
2024-05-27,16.84000015258789,17.139999389648438,16.799999237060547,17.059999465942383,16.04253387451172,8292840
2024-05-28,17.020000457763672,17.31999969482422,16.760000228881836,16.940000534057617,15.929691314697266,8339792
2024-05-29,16.940000534057617,16.979999542236328,16.399999618530273,16.5,15.515932083129883,6617100
2024-05-30,16.399999618530273,16.600000381469727,16.139999389648438,16.219999313354492,15.252631187438965,6842732
2024-05-31,16.459999084472656,16.799999237060547,15.979999542236328,15.979999542236328,15.026945114135742,10051721
2024-06-03,16.219999313354492,16.459999084472656,16.059999465942383,16.200000762939453,15.233824729919434,5312122
2024-06-04,16.459999084472656,16.65999984741211,16.200000762939453,16.420000076293945,15.440703392028809,5832533
2024-06-05,16.440000534057617,16.739999771118164,16.200000762939453,16.280000686645508,15.309053421020508,3450900
2024-06-06,16.479999542236328,16.600000381469727,16.040000915527344,16.139999389648438,15.17740249633789,3721400
2024-06-07,16.200000762939453,16.5,16.079999923706055,16.079999923706055,15.120981216430664,3986469
2024-06-11,16.059999465942383,16.059999465942383,15.460000038146973,15.65999984741211,14.726030349731445,6965597
2024-06-12,15.640000343322754,15.65999984741211,15.34000015258789,15.539999961853027,14.613186836242676,4205754
2024-06-13,15.739999771118164,15.859999656677246,15.479999542236328,15.619999885559082,14.68841552734375,3760147
2024-06-14,15.619999885559082,16.040000915527344,15.399999618530273,15.859999656677246,14.914101600646973,4976600
2024-06-17,15.859999656677246,16.020000457763672,15.600000381469727,15.699999809265137,14.763644218444824,2604260
2024-06-18,15.720000267028809,15.899999618530273,15.600000381469727,15.720000267028809,14.782452583312988,2321409
2024-06-19,15.819999694824219,16.260000228881836,15.760000228881836,16.219999313354492,15.252631187438965,4256632
2024-06-20,16.299999237060547,16.3799991607666,16.100000381469727,16.219999313354492,15.252631187438965,3688669
2024-06-21,16.239999771118164,16.239999771118164,15.880000114440918,15.880000114440918,14.932909965515137,3320300
2024-06-24,15.9399995803833,15.9399995803833,15.479999542236328,15.699999809265137,14.763644218444824,3528100
2024-06-25,15.760000228881836,15.960000038146973,15.5,15.65999984741211,14.726030349731445,3692132
2024-06-26,15.779999732971191,15.779999732971191,15.520000457763672,15.600000381469727,14.669609069824219,2074501
2024-06-27,15.600000381469727,15.600000381469727,14.920000076293945,15.079999923706055,14.180622100830078,6543400
2024-06-28,14.9399995803833,15.15999984741211,14.899999618530273,14.899999618530273,14.011356353759766,5773918
2024-07-02,14.979999542236328,15.979999542236328,14.960000038146973,15.640000343322754,14.707223892211914,8510780
2024-07-03,15.720000267028809,15.84000015258789,15.600000381469727,15.779999732971191,14.838872909545898,3617300
2024-07-04,15.880000114440918,15.979999542236328,15.680000305175781,15.739999771118164,14.80125904083252,3332280
2024-07-08,15.600000381469727,15.600000381469727,15.100000381469727,15.359999656677246,14.44392204284668,4675643
2024-07-09,15.399999618530273,15.779999732971191,15.0600004196167,15.579999923706055,14.650801658630371,6384688
2024-07-10,15.640000343322754,15.859999656677246,15.520000457763672,15.619999885559082,14.68841552734375,7342793
2024-07-11,14.760000228881836,15.199999809265137,14.760000228881836,14.960000038146973,14.960000038146973,4519074
2024-07-12,15.100000381469727,15.5600004196167,15.0600004196167,15.5,15.5,7210900
2024-07-15,15.520000457763672,15.619999885559082,15.15999984741211,15.279999732971191,15.279999732971191,4830867
2024-07-16,15.15999984741211,15.199999809265137,14.680000305175781,14.84000015258789,14.84000015258789,7006664
2024-07-17,14.800000190734863,15.15999984741211,14.760000228881836,15.079999923706055,15.079999923706055,4146100
2024-07-18,15.100000381469727,15.300000190734863,15.0,15.199999809265137,15.199999809265137,3045900
2024-07-19,15.0600004196167,15.140000343322754,14.699999809265137,14.800000190734863,14.800000190734863,5446140
2024-07-22,14.899999618530273,14.899999618530273,14.520000457763672,14.800000190734863,14.800000190734863,2857603
2024-07-23,14.800000190734863,14.960000038146973,14.619999885559082,14.699999809265137,14.699999809265137,3816690
2024-07-24,14.760000228881836,14.800000190734863,14.479999542236328,14.579999923706055,14.579999923706055,3557100
2024-07-25,14.680000305175781,14.680000305175781,14.180000305175781,14.359999656677246,14.359999656677246,3224460
2024-07-26,14.359999656677246,14.760000228881836,14.359999656677246,14.5,14.5,1489679
2024-07-29,14.5600004196167,14.899999618530273,14.5600004196167,14.680000305175781,14.680000305175781,3701718
2024-07-30,14.800000190734863,14.800000190734863,14.420000076293945,14.520000457763672,14.520000457763672,3121672
2024-07-31,14.399999618530273,15.380000114440918,14.399999618530273,15.239999771118164,15.239999771118164,6353364
2024-08-01,15.300000190734863,15.479999542236328,15.140000343322754,15.220000267028809,15.220000267028809,3188215
2024-08-02,15.020000457763672,15.100000381469727,14.739999771118164,14.9399995803833,14.9399995803833,5003948
2024-08-05,14.84000015258789,15.199999809265137,14.5600004196167,14.779999732971191,14.779999732971191,3815300
2024-08-06,14.819999694824219,15.0,14.399999618530273,14.5600004196167,14.5600004196167,4820090
2024-08-07,14.720000267028809,14.739999771118164,14.5,14.65999984741211,14.65999984741211,2690336
2024-08-08,14.619999885559082,14.739999771118164,14.460000038146973,14.520000457763672,14.520000457763672,2215944
2024-08-09,14.539999961853027,14.899999618530273,14.539999961853027,14.699999809265137,14.699999809265137,3079664
2024-08-12,14.800000190734863,14.84000015258789,14.579999923706055,14.779999732971191,14.779999732971191,2062124
2024-08-13,14.800000190734863,14.920000076293945,14.65999984741211,14.84000015258789,14.84000015258789,4486477
2024-08-14,14.859999656677246,14.899999618530273,14.460000038146973,14.619999885559082,14.619999885559082,2779750
2024-08-15,14.619999885559082,14.899999618530273,14.380000114440918,14.739999771118164,14.739999771118164,2198800
2024-08-16,14.800000190734863,15.0600004196167,14.760000228881836,14.859999656677246,14.859999656677246,2558409
2024-08-19,14.9399995803833,15.279999732971191,14.819999694824219,15.15999984741211,15.15999984741211,3140100
2024-08-20,15.15999984741211,15.199999809265137,14.760000228881836,14.880000114440918,14.880000114440918,3624840
2024-08-21,14.720000267028809,14.84000015258789,14.619999885559082,14.760000228881836,14.760000228881836,2523932
2024-08-22,14.819999694824219,14.819999694824219,14.5,14.699999809265137,14.699999809265137,2832140
2024-08-23,14.640000343322754,15.079999923706055,14.579999923706055,14.960000038146973,14.960000038146973,2811700
2024-08-26,15.140000343322754,15.34000015258789,14.960000038146973,15.279999732971191,15.279999732971191,4571580
2024-08-27,15.260000228881836,15.34000015258789,15.100000381469727,15.300000190734863,15.300000190734863,2412450
2024-08-28,15.300000190734863,15.779999732971191,15.15999984741211,15.720000267028809,15.720000267028809,7391740
2024-08-29,15.720000267028809,16.200000762939453,15.5,15.760000228881836,15.760000228881836,7356769
2024-08-30,16.5,17.65999984741211,16.420000076293945,16.920000076293945,16.920000076293945,33108521
2024-09-02,17.059999465942383,17.399999618530273,16.899999618530273,17.059999465942383,17.059999465942383,13351306
2024-09-03,17.020000457763672,17.15999984741211,16.68000030517578,16.739999771118164,16.739999771118164,8705794
2024-09-04,16.739999771118164,16.81999969482422,16.360000610351562,16.479999542236328,16.479999542236328,6851564
2024-09-05,16.5,16.760000228881836,16.399999618530273,16.719999313354492,16.719999313354492,5359837
2024-09-09,16.700000762939453,16.700000762939453,15.819999694824219,16.100000381469727,16.100000381469727,11717452
2024-09-10,16.020000457763672,16.15999984741211,15.800000190734863,15.9399995803833,15.9399995803833,7104420
2024-09-11,16.040000915527344,16.040000915527344,15.579999923706055,15.84000015258789,15.84000015258789,4450709
2024-09-12,15.800000190734863,15.960000038146973,15.600000381469727,15.84000015258789,15.84000015258789,4306300
2024-09-13,15.720000267028809,16.18000030517578,15.720000267028809,15.9399995803833,15.9399995803833,5452900
2024-09-16,15.920000076293945,15.920000076293945,15.520000457763672,15.800000190734863,15.800000190734863,1566800
2024-09-17,15.800000190734863,16.1200008392334,15.520000457763672,16.059999465942383,16.059999465942383,2194434
2024-09-19,16.18000030517578,16.719999313354492,16.059999465942383,16.68000030517578,16.68000030517578,9019989
2024-09-20,16.799999237060547,16.940000534057617,16.6200008392334,16.920000076293945,16.920000076293945,12173930
2024-09-23,16.81999969482422,17.360000610351562,16.81999969482422,17.020000457763672,17.020000457763672,9849466
2024-09-24,17.260000228881836,18.68000030517578,17.260000228881836,18.440000534057617,18.440000534057617,24353662
2024-09-25,18.920000076293945,19.68000030517578,18.799999237060547,18.979999542236328,18.979999542236328,31247113
2024-09-26,19.0,20.5,18.920000076293945,20.399999618530273,20.399999618530273,32157521
2024-09-27,21.200000762939453,21.75,20.600000381469727,21.549999237060547,21.549999237060547,34597786
2024-09-30,22.850000381469727,25.200000762939453,22.799999237060547,24.25,24.25,52645757
2024-10-02,24.350000381469727,28.0,24.200000762939453,27.049999237060547,27.049999237060547,20840618
2024-10-03,27.5,28.399999618530273,25.5,27.600000381469727,27.600000381469727,18326496
2024-10-04,27.600000381469727,29.899999618530273,27.350000381469727,29.450000762939453,29.450000762939453,24196425
2024-10-07,30.299999237060547,35.599998474121094,30.200000762939453,35.5,35.5,42398806
2024-10-08,33.900001525878906,33.900001525878906,26.100000381469727,26.549999237060547,26.549999237060547,99789574
2024-10-09,28.899999618530273,28.950000762939453,25.200000762939453,26.049999237060547,26.049999237060547,104996992
2024-10-10,27.200000762939453,30.75,26.75,28.75,28.75,62651540
2024-10-14,28.899999618530273,28.899999618530273,26.799999237060547,27.600000381469727,27.600000381469727,45901431
2024-10-15,27.75,28.149999618530273,24.399999618530273,24.950000762939453,24.950000762939453,53488400
2024-10-16,24.5,25.75,24.5,24.950000762939453,24.950000762939453,25904557
2024-10-17,25.299999237060547,26.600000381469727,24.299999237060547,24.649999618530273,24.649999618530273,30054738
2024-10-18,24.649999618530273,28.0,23.899999618530273,27.149999618530273,27.149999618530273,51760300
2024-10-21,27.549999237060547,27.649999618530273,26.200000762939453,26.700000762939453,26.700000762939453,29103146
2024-10-22,26.649999618530273,27.399999618530273,26.049999237060547,26.299999237060547,26.299999237060547,15993300
2024-10-23,26.399999618530273,27.399999618530273,25.950000762939453,26.75,26.75,26846707
2024-10-24,26.799999237060547,27.25,26.299999237060547,26.75,26.75,14417776
2024-10-25,26.75,27.200000762939453,26.5,26.850000381469727,26.850000381469727,11293940
2024-10-28,27.0,27.0,25.899999618530273,26.149999618530273,26.149999618530273,18024369
2024-10-29,26.350000381469727,26.950000762939453,26.149999618530273,26.5,26.5,12139800
2024-10-30,26.5,26.600000381469727,25.100000381469727,25.799999237060547,25.799999237060547,16920698
2024-10-31,26.049999237060547,27.0,25.549999237060547,26.299999237060547,26.299999237060547,17622356
2024-11-01,26.350000381469727,26.950000762939453,26.200000762939453,26.450000762939453,26.450000762939453,11810391
2024-11-04,26.600000381469727,26.899999618530273,26.25,26.899999618530273,26.899999618530273,13152509
2024-11-05,26.899999618530273,28.700000762939453,26.450000762939453,28.399999618530273,28.399999618530273,37858401
2024-11-06,28.450000762939453,28.75,26.799999237060547,27.100000381469727,27.100000381469727,25356922
2024-11-07,26.850000381469727,30.200000762939453,26.799999237060547,29.649999618530273,29.649999618530273,46120045
2024-11-08,30.25,30.549999237060547,28.25,28.350000381469727,28.350000381469727,32898100
2024-11-11,27.549999237060547,28.200000762939453,26.950000762939453,27.450000762939453,27.450000762939453,20929021
2024-11-12,27.549999237060547,28.200000762939453,25.5,25.75,25.75,28167252
2024-11-13,25.649999618530273,26.100000381469727,24.899999618530273,25.899999618530273,25.899999618530273,14639649
