Date,Open,High,Low,Close,Adj Close,Volume
2014-11-13,1.409999966621399,1.4199999570846558,1.2799999713897705,1.309999942779541,0.9565761089324951,88452000
2014-11-14,1.309999942779541,1.3899999856948853,1.2799999713897705,1.3700000047683716,1.000388741493225,27312000
2014-11-17,1.3799999952316284,1.3799999952316284,1.2899999618530273,1.340000033378601,0.9784824252128601,11646000
2014-11-18,1.340000033378601,1.4800000190734863,1.340000033378601,1.399999976158142,1.0222948789596558,14884000
2014-11-19,1.409999966621399,1.4500000476837158,1.3799999952316284,1.399999976158142,1.0222948789596558,7654000
2014-11-20,1.3899999856948853,1.3899999856948853,1.3600000143051147,1.3799999952316284,1.0076907873153687,3964000
2014-11-21,1.3600000143051147,1.3799999952316284,1.350000023841858,1.350000023841858,0.9857844114303589,2768000
2014-11-24,1.3600000143051147,1.5499999523162842,1.3600000143051147,1.4700000286102295,1.0734096765518188,26930000
2014-11-25,1.4700000286102295,1.4800000190734863,1.3700000047683716,1.440000057220459,1.0515034198760986,5218000
2014-11-26,1.4199999570846558,1.4199999570846558,1.3600000143051147,1.3799999952316284,1.0076907873153687,1988000
2014-11-27,1.3899999856948853,1.399999976158142,1.3799999952316284,1.399999976158142,1.0222948789596558,1074000
2014-11-28,1.3899999856948853,1.399999976158142,1.3600000143051147,1.3799999952316284,1.0076907873153687,1670000
2014-12-01,1.3600000143051147,1.3700000047683716,1.3300000429153442,1.340000033378601,0.9784824252128601,2394000
2014-12-02,1.350000023841858,1.3600000143051147,1.2999999523162842,1.3300000429153442,0.9711802005767822,2056000
2014-12-03,1.340000033378601,1.350000023841858,1.2899999618530273,1.2999999523162842,0.9492740035057068,1776000
2014-12-04,1.2999999523162842,1.340000033378601,1.2999999523162842,1.2999999523162842,0.9492740035057068,1454000
2014-12-05,1.2999999523162842,1.2999999523162842,1.2799999713897705,1.2999999523162842,0.9492740035057068,1034000
2014-12-08,1.3300000429153442,1.3300000429153442,1.2799999713897705,1.2899999618530273,0.9419718384742737,1328000
2014-12-09,1.2999999523162842,1.3200000524520874,1.2699999809265137,1.309999942779541,0.9565761089324951,640000
2014-12-10,1.2699999809265137,1.2999999523162842,1.2000000476837158,1.2799999713897705,0.9346696138381958,720000
2014-12-11,1.2300000190734863,1.2699999809265137,1.2300000190734863,1.25,0.9127632975578308,1072000
2014-12-12,1.2300000190734863,1.2999999523162842,1.2300000190734863,1.2999999523162842,0.9492740035057068,638000
2014-12-15,1.2599999904632568,1.2799999713897705,1.2400000095367432,1.2799999713897705,0.9346696138381958,192000
2014-12-16,1.25,1.2699999809265137,1.2400000095367432,1.2699999809265137,0.9273674488067627,272000
2014-12-17,1.2400000095367432,1.2699999809265137,1.2000000476837158,1.2200000286102295,0.8908572793006897,1126000
2014-12-18,1.2300000190734863,1.2599999904632568,1.2200000286102295,1.2300000190734863,0.8981592655181885,566000
2014-12-19,1.2100000381469727,1.2400000095367432,1.2100000381469727,1.2400000095367432,0.9054611325263977,232000
2014-12-22,1.2200000286102295,1.2200000286102295,1.2000000476837158,1.2000000476837158,0.8762528896331787,576000
2014-12-23,1.1799999475479126,1.190000057220459,1.1299999952316284,1.159999966621399,0.8470443487167358,1246000
2014-12-24,1.1699999570846558,1.2000000476837158,1.1699999570846558,1.1699999570846558,0.854346513748169,190000
2014-12-29,1.1699999570846558,1.1699999570846558,1.059999942779541,1.100000023841858,0.8032318353652954,1282000
2014-12-30,1.090000033378601,1.1399999856948853,1.0800000429153442,1.090000033378601,0.7959297299385071,244000
2014-12-31,1.100000023841858,1.2899999618530273,1.090000033378601,1.1200000047683716,0.8178360462188721,548000
2015-01-02,1.1100000143051147,1.1100000143051147,1.090000033378601,1.100000023841858,0.8032318353652954,796000
2015-01-05,1.0800000429153442,1.2000000476837158,1.0800000429153442,1.149999976158142,0.8397423028945923,2154000
2015-01-06,1.100000023841858,1.149999976158142,1.090000033378601,1.100000023841858,0.8032318353652954,584000
2015-01-07,1.0700000524520874,1.1200000047683716,1.059999942779541,1.100000023841858,0.8032318353652954,1288000
2015-01-08,1.0800000429153442,1.1399999856948853,1.0800000429153442,1.1299999952316284,0.8251380920410156,4448000
2015-01-09,1.1299999952316284,1.149999976158142,1.1100000143051147,1.1299999952316284,0.8251380920410156,1854000
2015-01-12,1.1299999952316284,1.2100000381469727,1.100000023841858,1.2000000476837158,0.8762528896331787,2472000
2015-01-13,1.2000000476837158,1.2000000476837158,1.1699999570846558,1.1699999570846558,0.854346513748169,766000
2015-01-14,1.2400000095367432,1.2899999618530273,1.2000000476837158,1.2799999713897705,0.9346696138381958,2524000
2015-01-15,1.2999999523162842,1.3200000524520874,1.2699999809265137,1.2999999523162842,0.9492740035057068,2224000
2015-01-16,1.3200000524520874,1.3200000524520874,1.2200000286102295,1.2799999713897705,0.9346696138381958,1244000
2015-01-19,1.2799999713897705,1.2799999713897705,1.2000000476837158,1.25,0.9127632975578308,812000
2015-01-20,1.2000000476837158,1.3300000429153442,1.2000000476837158,1.3300000429153442,0.9711802005767822,1030000
2015-01-21,1.2899999618530273,1.309999942779541,1.2699999809265137,1.2999999523162842,0.9492740035057068,996000
2015-01-22,1.2999999523162842,1.3300000429153442,1.2200000286102295,1.3200000524520874,0.9638780951499939,1246000
2015-01-23,1.2999999523162842,1.399999976158142,1.2599999904632568,1.350000023841858,0.9857844114303589,4194000
2015-01-26,1.350000023841858,1.440000057220459,1.3300000429153442,1.4299999475479126,1.044201135635376,5000000
2015-01-27,1.3700000047683716,1.5,1.3700000047683716,1.440000057220459,1.0515034198760986,4990000
2015-01-28,1.4500000476837158,1.4500000476837158,1.4199999570846558,1.4199999570846558,1.0368990898132324,742000
2015-01-29,1.4199999570846558,1.440000057220459,1.350000023841858,1.3700000047683716,1.000388741493225,650000
2015-01-30,1.3899999856948853,1.5399999618530273,1.3799999952316284,1.4299999475479126,1.044201135635376,8684000
2015-02-02,1.440000057220459,1.4500000476837158,1.3899999856948853,1.4299999475479126,1.044201135635376,634000
2015-02-03,1.440000057220459,1.4600000381469727,1.399999976158142,1.4299999475479126,1.044201135635376,1554000
2015-02-04,1.4299999475479126,1.440000057220459,1.399999976158142,1.4299999475479126,1.044201135635376,640000
2015-02-05,1.409999966621399,1.4700000286102295,1.3899999856948853,1.4299999475479126,1.044201135635376,1362000
2015-02-06,1.409999966621399,1.4199999570846558,1.409999966621399,1.409999966621399,1.0295971632003784,202000
2015-02-09,1.399999976158142,1.4299999475479126,1.3300000429153442,1.409999966621399,1.0295971632003784,2550000
2015-02-10,1.399999976158142,1.399999976158142,1.3200000524520874,1.350000023841858,0.9857844114303589,1498000
2015-02-11,1.3600000143051147,1.3799999952316284,1.3200000524520874,1.3700000047683716,1.000388741493225,1184000
2015-02-12,1.3300000429153442,1.3300000429153442,1.309999942779541,1.3300000429153442,0.9711802005767822,928000
2015-02-13,1.3200000524520874,1.3200000524520874,1.2599999904632568,1.2999999523162842,0.9492740035057068,612000
2015-02-16,1.2999999523162842,1.3200000524520874,1.2799999713897705,1.309999942779541,0.9565761089324951,66000
2015-02-17,1.309999942779541,1.3300000429153442,1.2699999809265137,1.3200000524520874,0.9638780951499939,340000
2015-02-18,1.309999942779541,1.4199999570846558,1.3300000429153442,1.3700000047683716,1.000388741493225,394000
2015-02-23,1.350000023841858,1.350000023841858,1.3200000524520874,1.3300000429153442,0.9711802005767822,220000
2015-02-24,1.3200000524520874,1.399999976158142,1.3200000524520874,1.3600000143051147,0.993086576461792,204000
2015-02-25,1.3600000143051147,1.3600000143051147,1.2999999523162842,1.3200000524520874,0.9638780951499939,598000
2015-02-26,1.2999999523162842,1.3300000429153442,1.2799999713897705,1.3200000524520874,0.9638780951499939,368000
2015-02-27,1.2999999523162842,1.350000023841858,1.2999999523162842,1.2999999523162842,0.9492740035057068,350000
2015-03-02,1.2999999523162842,1.3300000429153442,1.2899999618530273,1.2999999523162842,0.9492740035057068,544000
2015-03-03,1.2999999523162842,1.3899999856948853,1.2899999618530273,1.2999999523162842,0.9492740035057068,902000
2015-03-04,1.350000023841858,1.350000023841858,1.2799999713897705,1.3300000429153442,0.9711802005767822,850000
2015-03-05,1.2899999618530273,1.2999999523162842,1.2799999713897705,1.2999999523162842,0.9492740035057068,1074000
2015-03-06,1.2799999713897705,1.2999999523162842,1.2400000095367432,1.2899999618530273,0.9419718384742737,1224000
2015-03-09,1.25,1.399999976158142,1.2200000286102295,1.3600000143051147,0.993086576461792,3352000
2015-03-10,1.3300000429153442,1.350000023841858,1.2999999523162842,1.3300000429153442,0.9711802005767822,240000
2015-03-11,1.309999942779541,1.3799999952316284,1.2999999523162842,1.3700000047683716,1.000388741493225,768000
2015-03-12,1.309999942779541,1.350000023841858,1.309999942779541,1.340000033378601,0.9784824252128601,316000
2015-03-13,1.3200000524520874,1.3300000429153442,1.2899999618530273,1.3200000524520874,0.9638780951499939,644000
2015-03-16,1.2999999523162842,1.340000033378601,1.2899999618530273,1.3300000429153442,0.9711802005767822,120000
2015-03-17,1.2999999523162842,1.3200000524520874,1.2899999618530273,1.2899999618530273,0.9419718384742737,574000
2015-03-18,1.2999999523162842,1.3300000429153442,1.2799999713897705,1.309999942779541,0.9565761089324951,536000
2015-03-19,1.2799999713897705,1.340000033378601,1.2799999713897705,1.309999942779541,0.9565761089324951,948000
2015-03-20,1.2999999523162842,1.3300000429153442,1.2799999713897705,1.2799999713897705,0.9346696138381958,1284000
2015-03-23,1.3200000524520874,1.3200000524520874,1.2799999713897705,1.2999999523162842,0.9492740035057068,494000
2015-03-24,1.2799999713897705,1.2799999713897705,1.2400000095367432,1.2799999713897705,0.9346696138381958,290000
2015-03-25,1.25,1.309999942779541,1.2000000476837158,1.2699999809265137,0.9273674488067627,2148000
2015-03-26,1.2400000095367432,1.2799999713897705,1.2200000286102295,1.25,0.9127632975578308,846000
2015-03-27,1.2599999904632568,1.2799999713897705,1.2200000286102295,1.2699999809265137,0.9273674488067627,794000
2015-03-30,1.2699999809265137,1.2699999809265137,1.2000000476837158,1.2400000095367432,0.9054611325263977,940000
2015-03-31,1.2400000095367432,1.2599999904632568,1.2200000286102295,1.25,0.9127632975578308,206000
2015-04-01,1.2699999809265137,1.2799999713897705,1.2400000095367432,1.25,0.9127632975578308,180000
2015-04-02,1.2599999904632568,1.2699999809265137,1.2100000381469727,1.2400000095367432,0.9054611325263977,476000
2015-04-08,1.2400000095367432,1.2400000095367432,1.2000000476837158,1.2100000381469727,0.8835548758506775,1446000
2015-04-09,1.2300000190734863,1.2799999713897705,1.1699999570846558,1.2000000476837158,0.8762528896331787,3224000
2015-04-10,1.2000000476837158,1.2200000286102295,1.149999976158142,1.149999976158142,0.8397423028945923,6228000
2015-04-13,1.1399999856948853,1.1799999475479126,1.100000023841858,1.100000023841858,0.8032318353652954,5234000
2015-04-14,1.1399999856948853,1.190000057220459,1.1399999856948853,1.1699999570846558,0.854346513748169,2170000
2015-04-15,1.1699999570846558,1.190000057220459,1.159999966621399,1.1699999570846558,0.854346513748169,1150000
2015-04-16,1.159999966621399,1.1699999570846558,1.100000023841858,1.1399999856948853,0.8324402570724487,2448000
2015-04-17,1.149999976158142,1.159999966621399,1.1399999856948853,1.1399999856948853,0.8324402570724487,1524000
2015-04-20,1.1399999856948853,1.159999966621399,1.090000033378601,1.090000033378601,0.7959297299385071,2136000
2015-04-21,1.090000033378601,1.1299999952316284,1.090000033378601,1.1299999952316284,0.8251380920410156,896000
2015-04-22,1.1299999952316284,1.2799999713897705,1.090000033378601,1.25,0.9127632975578308,8338000
2015-04-23,1.25,1.25,1.2000000476837158,1.2100000381469727,0.8835548758506775,1186000
2015-04-24,1.2400000095367432,1.2400000095367432,1.190000057220459,1.2000000476837158,0.8762528896331787,998000
2015-04-27,1.2000000476837158,1.2300000190734863,1.1399999856948853,1.1799999475479126,0.8616486191749573,2422000
2015-04-28,1.159999966621399,1.190000057220459,1.159999966621399,1.1699999570846558,0.854346513748169,638000
2015-04-29,1.159999966621399,1.1699999570846558,1.1399999856948853,1.1699999570846558,0.854346513748169,508000
2015-04-30,1.1699999570846558,1.1699999570846558,1.1399999856948853,1.149999976158142,0.8397423028945923,824000
2015-05-04,1.1699999570846558,1.2000000476837158,1.159999966621399,1.1799999475479126,0.8616486191749573,1632000
2015-05-05,1.2000000476837158,1.2100000381469727,1.1200000047683716,1.159999966621399,0.8470443487167358,1460000
2015-05-06,1.159999966621399,1.159999966621399,1.1100000143051147,1.1399999856948853,0.8324402570724487,2018000
2015-05-07,1.1200000047683716,1.1299999952316284,1.1100000143051147,1.1200000047683716,0.8178360462188721,434000
2015-05-08,1.1399999856948853,1.159999966621399,1.1200000047683716,1.1399999856948853,0.8324402570724487,948000
2015-05-11,1.149999976158142,1.159999966621399,1.1200000047683716,1.159999966621399,0.8470443487167358,2640000
2015-05-12,1.149999976158142,1.159999966621399,1.1299999952316284,1.159999966621399,0.8470443487167358,800000
2015-05-13,1.1299999952316284,1.1299999952316284,1.1100000143051147,1.1299999952316284,0.8251380920410156,1080000
2015-05-14,1.1299999952316284,1.149999976158142,1.1200000047683716,1.1399999856948853,0.8324402570724487,436000
2015-05-15,1.1299999952316284,1.149999976158142,1.1200000047683716,1.1299999952316284,0.8251380920410156,748000
2015-05-18,1.1200000047683716,1.159999966621399,1.1100000143051147,1.1399999856948853,0.8324402570724487,2488000
2015-05-19,1.1399999856948853,1.2799999713897705,1.1299999952316284,1.2599999904632568,0.9200654625892639,10162000
2015-05-20,1.2599999904632568,1.3700000047683716,1.2599999904632568,1.350000023841858,0.9857844114303589,12064000
2015-05-21,1.350000023841858,1.3600000143051147,1.2200000286102295,1.340000033378601,0.9784824252128601,16160000
2015-05-22,1.3700000047683716,1.4900000095367432,1.3600000143051147,1.3899999856948853,1.0149928331375122,19096000
2015-05-26,1.3899999856948853,1.3899999856948853,1.3200000524520874,1.3600000143051147,0.993086576461792,8686000
2015-05-27,1.3799999952316284,1.440000057220459,1.3600000143051147,1.3799999952316284,1.0076907873153687,9690000
2015-05-28,1.440000057220459,1.4500000476837158,1.350000023841858,1.3799999952316284,1.0076907873153687,9694000
2015-05-29,1.3799999952316284,1.3899999856948853,1.350000023841858,1.3899999856948853,1.0149928331375122,5842000
2015-06-01,1.399999976158142,1.399999976158142,1.3200000524520874,1.3700000047683716,1.000388741493225,6906000
2015-06-02,1.3799999952316284,1.3799999952316284,1.3200000524520874,1.340000033378601,0.9784824252128601,6276000
2015-06-03,1.340000033378601,1.3600000143051147,1.2799999713897705,1.2999999523162842,0.9492740035057068,7714000
2015-06-04,1.3200000524520874,1.3300000429153442,1.2799999713897705,1.3300000429153442,0.9711802005767822,5576000
2015-06-05,1.2999999523162842,1.2999999523162842,1.25,1.2699999809265137,0.9273674488067627,6684000
2015-06-08,1.2699999809265137,1.2799999713897705,1.2000000476837158,1.2300000190734863,0.8981592655181885,6856000
2015-06-09,1.2200000286102295,1.2400000095367432,1.190000057220459,1.2200000286102295,0.8908572793006897,6166000
2015-06-10,1.2400000095367432,1.2400000095367432,1.190000057220459,1.2200000286102295,0.8908572793006897,5624000
2015-06-11,1.2400000095367432,1.2400000095367432,1.2000000476837158,1.2200000286102295,0.8908572793006897,4956000
2015-06-12,1.2400000095367432,1.2400000095367432,1.2100000381469727,1.2200000286102295,0.8908572793006897,4158000
2015-06-15,1.2300000190734863,1.3200000524520874,1.2300000190734863,1.2999999523162842,0.9492740035057068,6702000
2015-06-16,1.2999999523162842,1.309999942779541,1.2200000286102295,1.2699999809265137,0.9273674488067627,6208000
2015-06-17,1.2699999809265137,1.2799999713897705,1.2300000190734863,1.25,0.9127632975578308,4728000
2015-06-18,1.2599999904632568,1.2999999523162842,1.2599999904632568,1.2999999523162842,0.9492740035057068,5110000
2015-06-19,1.2999999523162842,1.3300000429153442,1.2999999523162842,1.3200000524520874,0.9638780951499939,6408000
2015-06-22,1.3300000429153442,1.409999966621399,1.3200000524520874,1.340000033378601,0.9784824252128601,9608000
2015-06-23,1.3799999952316284,1.399999976158142,1.340000033378601,1.399999976158142,1.0222948789596558,6112000
2015-06-24,1.399999976158142,1.409999966621399,1.3700000047683716,1.3799999952316284,1.0076907873153687,5406000
2015-06-25,1.409999966621399,1.409999966621399,1.2999999523162842,1.3200000524520874,0.9638780951499939,7500000
2015-06-26,1.3200000524520874,1.340000033378601,1.2599999904632568,1.3200000524520874,0.9638780951499939,6170000
2015-06-29,1.2999999523162842,1.309999942779541,1.2000000476837158,1.2699999809265137,0.9273674488067627,4790000
2015-06-30,1.2699999809265137,1.2699999809265137,1.1799999475479126,1.2200000286102295,0.8908572793006897,7574000
2015-07-02,1.2400000095367432,1.309999942779541,1.2300000190734863,1.25,0.9127632975578308,3950000
2015-07-03,1.25,1.25,1.149999976158142,1.2000000476837158,0.8762528896331787,1322000
2015-07-06,1.2400000095367432,1.2400000095367432,1.0800000429153442,1.159999966621399,0.8470443487167358,5630000
2015-07-07,1.1699999570846558,1.190000057220459,1.100000023841858,1.1799999475479126,0.8616486191749573,2884000
2015-07-08,1.1100000143051147,1.159999966621399,1.0,1.090000033378601,0.7959297299385071,2780000
2015-07-09,1.090000033378601,1.149999976158142,1.090000033378601,1.1399999856948853,0.8324402570724487,3474000
2015-07-10,1.149999976158142,1.190000057220459,1.1299999952316284,1.159999966621399,0.8470443487167358,2886000
2015-07-13,1.1799999475479126,1.190000057220459,1.149999976158142,1.149999976158142,0.8397423028945923,2480000
2015-07-14,1.1299999952316284,1.190000057220459,1.1299999952316284,1.1799999475479126,0.8616486191749573,1564000
2015-07-15,1.2100000381469727,1.2100000381469727,1.159999966621399,1.1799999475479126,0.8616486191749573,1252000
2015-07-16,1.1799999475479126,1.190000057220459,1.149999976158142,1.190000057220459,0.8689507246017456,2472000
2015-07-17,1.159999966621399,1.2000000476837158,1.159999966621399,1.2000000476837158,0.8762528896331787,1320000
2015-07-20,1.2000000476837158,1.2100000381469727,1.159999966621399,1.2100000381469727,0.8835548758506775,1616000
2015-07-21,1.1699999570846558,1.2400000095367432,1.1699999570846558,1.2100000381469727,0.8835548758506775,1654000
2015-07-22,1.1799999475479126,1.2100000381469727,1.1799999475479126,1.1799999475479126,0.8616486191749573,1188300
2015-07-23,1.1699999570846558,1.2200000286102295,1.1699999570846558,1.2200000286102295,0.8908572793006897,1152000
2015-07-24,1.2100000381469727,1.2400000095367432,1.2100000381469727,1.2200000286102295,0.8908572793006897,2122000
2015-07-27,1.2000000476837158,1.25,1.1799999475479126,1.2100000381469727,0.8835548758506775,2604000
2015-07-28,1.2000000476837158,1.2200000286102295,1.1799999475479126,1.2100000381469727,0.8835548758506775,1784000
2015-07-29,1.2000000476837158,1.2300000190734863,1.190000057220459,1.2300000190734863,0.8981592655181885,1778000
2015-07-30,1.2300000190734863,1.2300000190734863,1.2100000381469727,1.2300000190734863,0.8981592655181885,1680000
2015-07-31,1.2300000190734863,1.25,1.2200000286102295,1.2300000190734863,0.8981592655181885,1314000
2015-08-03,1.2200000286102295,1.25,1.2000000476837158,1.2300000190734863,0.8981592655181885,1382000
2015-08-04,1.2100000381469727,1.2300000190734863,1.1699999570846558,1.2100000381469727,0.8835548758506775,1102000
2015-08-05,1.2000000476837158,1.2200000286102295,1.190000057220459,1.2000000476837158,0.8762528896331787,1068000
2015-08-06,1.2100000381469727,1.2300000190734863,1.2100000381469727,1.2300000190734863,0.8981592655181885,1424000
2015-08-07,1.2200000286102295,1.2400000095367432,1.2100000381469727,1.2100000381469727,0.8835548758506775,1078000
2015-08-10,1.2200000286102295,1.2799999713897705,1.2000000476837158,1.2699999809265137,0.9273674488067627,2296000
2015-08-11,1.2799999713897705,1.309999942779541,1.25,1.2799999713897705,0.9346696138381958,1700000
2015-08-12,1.2699999809265137,1.2699999809265137,1.2000000476837158,1.2000000476837158,0.8762528896331787,2042000
2015-08-13,1.2100000381469727,1.2300000190734863,1.1699999570846558,1.2200000286102295,0.8908572793006897,2460000
2015-08-14,1.2100000381469727,1.2200000286102295,1.190000057220459,1.2000000476837158,0.8762528896331787,1216000
2015-08-17,1.190000057220459,1.2300000190734863,1.190000057220459,1.190000057220459,0.8689507246017456,1534000
2015-08-18,1.1399999856948853,1.1799999475479126,1.1399999856948853,1.149999976158142,0.8765731453895569,1286000
2015-08-19,1.1399999856948853,1.149999976158142,1.0499999523162842,1.149999976158142,0.8765731453895569,1972000
2015-08-20,1.1399999856948853,1.1399999856948853,1.0700000524520874,1.100000023841858,0.8384612798690796,1884000
2015-08-21,1.090000033378601,1.1399999856948853,1.0,1.1100000143051147,0.8460837006568909,3446000
2015-08-24,1.0800000429153442,1.0800000429153442,1.0,1.0,0.7622374892234802,2818000
2015-08-25,1.0,1.0499999523162842,0.9300000071525574,0.9300000071525574,0.7088809013366699,3822000
2015-08-26,0.949999988079071,0.9599999785423279,0.8799999952316284,0.8899999856948853,0.6783913373947144,3368000
2015-08-27,0.9300000071525574,1.0099999904632568,0.9200000166893005,0.9700000286102295,0.7393704056739807,3562000
2015-08-28,0.9800000190734863,0.9900000095367432,0.9700000286102295,0.9700000286102295,0.7393704056739807,2074000
2015-08-31,0.9800000190734863,1.0299999713897705,0.9599999785423279,0.9599999785423279,0.7317479848861694,3586000
2015-09-01,0.9599999785423279,0.9900000095367432,0.949999988079071,0.9700000286102295,0.7393704056739807,2322000
2015-09-02,0.949999988079071,0.9800000190734863,0.949999988079071,0.949999988079071,0.7241256237030029,3528000
2015-09-04,0.9599999785423279,0.9800000190734863,0.949999988079071,0.949999988079071,0.7241256237030029,1978000
2015-09-07,0.9399999976158142,0.9700000286102295,0.9399999976158142,0.949999988079071,0.7241256237030029,1308000
2015-09-08,0.9599999785423279,0.9700000286102295,0.949999988079071,0.9700000286102295,0.7393704056739807,1292000
2015-09-09,0.9700000286102295,0.9800000190734863,0.9399999976158142,0.9399999976158142,0.7165032625198364,1984000
2015-09-10,0.949999988079071,0.9599999785423279,0.9399999976158142,0.949999988079071,0.7241256237030029,1874000
2015-09-11,0.9599999785423279,0.9599999785423279,0.9399999976158142,0.949999988079071,0.7241256237030029,2510000
2015-09-14,0.949999988079071,0.949999988079071,0.9200000166893005,0.9200000166893005,0.7012584805488586,1414000
2015-09-15,0.9300000071525574,0.9800000190734863,0.9200000166893005,0.9200000166893005,0.7012584805488586,2370000
2015-09-16,0.9399999976158142,0.949999988079071,0.9200000166893005,0.9399999976158142,0.7165032625198364,1742000
2015-09-17,0.949999988079071,0.949999988079071,0.9100000262260437,0.9300000071525574,0.7088809013366699,1952000
2015-09-18,0.9300000071525574,0.9300000071525574,0.9100000262260437,0.9200000166893005,0.7012584805488586,1640000
2015-09-21,0.9100000262260437,0.9300000071525574,0.9100000262260437,0.9200000166893005,0.7012584805488586,1136000
2015-09-22,0.9200000166893005,0.9200000166893005,0.9100000262260437,0.9100000262260437,0.6936361789703369,1288000
2015-09-23,0.8999999761581421,0.9100000262260437,0.8799999952316284,0.8999999761581421,0.6860138177871704,1622000
2015-09-24,0.8999999761581421,0.8999999761581421,0.8899999856948853,0.8999999761581421,0.6860138177871704,1330000
2015-09-25,0.9100000262260437,0.9200000166893005,0.8899999856948853,0.8999999761581421,0.6860138177871704,1432000
2015-09-29,0.8899999856948853,0.9100000262260437,0.8700000047683716,0.9100000262260437,0.6936361789703369,1744000
2015-09-30,0.9200000166893005,0.9200000166893005,0.8899999856948853,0.8899999856948853,0.6783913373947144,1266000
2015-10-02,0.8999999761581421,0.9100000262260437,0.8600000143051147,0.8999999761581421,0.6860138177871704,2768000
2015-10-05,0.9100000262260437,0.9200000166893005,0.8999999761581421,0.9100000262260437,0.6936361789703369,2010000
2015-10-06,0.8999999761581421,0.9300000071525574,0.8999999761581421,0.8999999761581421,0.6860138177871704,1902000
2015-10-07,0.9200000166893005,0.9399999976158142,0.9100000262260437,0.9200000166893005,0.7012584805488586,1742000
2015-10-08,0.9300000071525574,0.949999988079071,0.9200000166893005,0.9300000071525574,0.7088809013366699,1784000
2015-10-09,0.9399999976158142,0.9800000190734863,0.9300000071525574,0.949999988079071,0.7241256237030029,1668000
2015-10-12,0.9399999976158142,0.9700000286102295,0.9399999976158142,0.9399999976158142,0.7165032625198364,1836000
2015-10-13,0.949999988079071,0.9599999785423279,0.9300000071525574,0.949999988079071,0.7241256237030029,1612000
2015-10-14,0.949999988079071,0.9599999785423279,0.9200000166893005,0.9399999976158142,0.7165032625198364,2202000
2015-10-15,0.949999988079071,0.949999988079071,0.9200000166893005,0.9300000071525574,0.7088809013366699,1694000
2015-10-16,0.949999988079071,0.949999988079071,0.9300000071525574,0.9399999976158142,0.7165032625198364,1730000
2015-10-19,0.9399999976158142,0.949999988079071,0.9300000071525574,0.9300000071525574,0.7088809013366699,1530000
2015-10-20,0.9399999976158142,0.9399999976158142,0.9100000262260437,0.9300000071525574,0.7088809013366699,1978000
2015-10-22,0.9100000262260437,0.9200000166893005,0.8899999856948853,0.8999999761581421,0.6860138177871704,1950000
2015-10-23,0.9100000262260437,0.9399999976158142,0.8899999856948853,0.9200000166893005,0.7012584805488586,1940000
2015-10-26,0.9200000166893005,0.9300000071525574,0.8899999856948853,0.9100000262260437,0.6936361789703369,1620000
2015-10-27,0.9100000262260437,0.9200000166893005,0.8899999856948853,0.8999999761581421,0.6860138177871704,1936006
2015-10-28,0.8999999761581421,0.9100000262260437,0.8799999952316284,0.8899999856948853,0.6783913373947144,1526000
2015-10-29,0.9200000166893005,0.9200000166893005,0.8899999856948853,0.8999999761581421,0.6860138177871704,2026000
2015-10-30,0.8999999761581421,0.9200000166893005,0.8899999856948853,0.8999999761581421,0.6860138177871704,1516000
2015-11-02,0.8999999761581421,0.9200000166893005,0.8899999856948853,0.8999999761581421,0.6860138177871704,2124000
2015-11-03,0.9100000262260437,0.9100000262260437,0.8899999856948853,0.8899999856948853,0.6783913373947144,2002000
2015-11-04,0.8999999761581421,0.8999999761581421,0.8600000143051147,0.8700000047683716,0.6631466746330261,2912000
2015-11-05,0.8799999952316284,0.8999999761581421,0.8500000238418579,0.8700000047683716,0.6631466746330261,2538000
2015-11-06,0.8700000047683716,0.8899999856948853,0.8600000143051147,0.8700000047683716,0.6631466746330261,2210000
2015-11-09,0.8899999856948853,0.8999999761581421,0.8799999952316284,0.8899999856948853,0.6783913373947144,1850000
2015-11-10,0.8899999856948853,0.8899999856948853,0.8500000238418579,0.8700000047683716,0.6631466746330261,2740000
2015-11-11,0.8700000047683716,0.8799999952316284,0.8500000238418579,0.8600000143051147,0.6555243730545044,1294000
2015-11-12,0.8600000143051147,0.8700000047683716,0.8399999737739563,0.8600000143051147,0.6555243730545044,1886000
2015-11-13,0.8600000143051147,0.8700000047683716,0.8299999833106995,0.8600000143051147,0.6555243730545044,2682000
2015-11-16,0.8500000238418579,0.8500000238418579,0.8199999928474426,0.8500000238418579,0.6479018926620483,3694000
2015-11-17,0.8600000143051147,0.9200000166893005,0.8500000238418579,0.9100000262260437,0.6936361789703369,3794000
2015-11-18,0.9100000262260437,0.949999988079071,0.9100000262260437,0.949999988079071,0.7241256237030029,3850000
2015-11-19,0.949999988079071,0.949999988079071,0.9300000071525574,0.949999988079071,0.7241256237030029,1812000
2015-11-20,0.949999988079071,0.9700000286102295,0.9399999976158142,0.9700000286102295,0.7393704056739807,2676000
2015-11-23,0.9800000190734863,1.0499999523162842,0.9800000190734863,1.0199999809265137,0.7774823307991028,2824000
2015-11-24,1.0299999713897705,1.0800000429153442,1.0299999713897705,1.0499999523162842,0.8003493547439575,3778000
2015-11-25,1.0499999523162842,1.0800000429153442,1.0499999523162842,1.059999942779541,0.8079717755317688,2849900
2015-11-26,1.100000023841858,1.2000000476837158,1.0800000429153442,1.1799999475479126,0.8994402885437012,11238000
2015-11-27,1.2300000190734863,1.2899999618530273,1.2100000381469727,1.2599999904632568,0.9604192972183228,15836000
2015-11-30,1.3200000524520874,1.3200000524520874,1.2899999618530273,1.3200000524520874,1.0061533451080322,7692000
2015-12-01,1.3200000524520874,1.3600000143051147,1.3200000524520874,1.340000033378601,1.0213984251022339,6414000
2015-12-02,1.3600000143051147,1.399999976158142,1.3600000143051147,1.399999976158142,1.0671324729919434,7640000
2015-12-03,1.399999976158142,1.4199999570846558,1.2599999904632568,1.3200000524520874,1.0061533451080322,9052000
2015-12-04,1.2799999713897705,1.3300000429153442,1.25,1.2699999809265137,0.9680414795875549,3714000
2015-12-07,1.2699999809265137,1.340000033378601,1.2699999809265137,1.309999942779541,0.9985311031341553,2204000
2015-12-08,1.3200000524520874,1.3300000429153442,1.2899999618530273,1.309999942779541,0.9985311031341553,2888000
2015-12-09,1.2999999523162842,1.3200000524520874,1.2599999904632568,1.309999942779541,0.9985311031341553,1376000
2015-12-10,1.3200000524520874,1.3300000429153442,1.2899999618530273,1.3300000429153442,1.0137760639190674,2286000
2015-12-11,1.309999942779541,1.340000033378601,1.2899999618530273,1.3200000524520874,1.0061533451080322,1382000
2015-12-14,1.2899999618530273,1.5,1.2200000286102295,1.399999976158142,1.0671324729919434,11084000
2015-12-15,1.399999976158142,1.399999976158142,1.340000033378601,1.3700000047683716,1.0442653894424438,1868000
2015-12-16,1.3899999856948853,1.399999976158142,1.3200000524520874,1.3700000047683716,1.0442653894424438,4960000
2015-12-17,1.3600000143051147,1.3799999952316284,1.309999942779541,1.340000033378601,1.0213984251022339,1526000
2015-12-18,1.3600000143051147,1.3799999952316284,1.3200000524520874,1.340000033378601,1.0213984251022339,2636000
2015-12-21,1.350000023841858,1.3600000143051147,1.2999999523162842,1.340000033378601,1.0213984251022339,1246000
2015-12-22,1.3300000429153442,1.340000033378601,1.2999999523162842,1.3200000524520874,1.0061533451080322,2152000
2015-12-23,1.3200000524520874,1.3300000429153442,1.2799999713897705,1.3300000429153442,1.0137760639190674,1798000
2015-12-24,1.3200000524520874,1.3300000429153442,1.2799999713897705,1.2999999523162842,0.9909088015556335,1546000
2015-12-28,1.2999999523162842,1.309999942779541,1.2799999713897705,1.2899999618530273,0.9832863211631775,1972000
2015-12-29,1.2899999618530273,1.340000033378601,1.2699999809265137,1.2999999523162842,0.9909088015556335,1940000
2015-12-30,1.3200000524520874,1.3700000047683716,1.2999999523162842,1.3200000524520874,1.0061533451080322,2844000
2015-12-31,1.2999999523162842,1.3200000524520874,1.2799999713897705,1.2799999713897705,0.9756640195846558,1276000
2016-01-04,1.309999942779541,1.309999942779541,1.2599999904632568,1.2799999713897705,0.9756640195846558,1342000
2016-01-05,1.2799999713897705,1.340000033378601,1.2599999904632568,1.2799999713897705,0.9756640195846558,1908000
2016-01-06,1.2799999713897705,1.3300000429153442,1.2799999713897705,1.2999999523162842,0.9909088015556335,1542000
2016-01-07,1.2999999523162842,1.2999999523162842,1.2999999523162842,1.2999999523162842,0.9909088015556335,0
2016-01-08,1.25,1.2799999713897705,1.2200000286102295,1.2699999809265137,0.9680414795875549,1724000
2016-01-11,1.2599999904632568,1.2699999809265137,1.1799999475479126,1.2400000095367432,0.9451744556427002,1906000
2016-01-12,1.25,1.2699999809265137,1.190000057220459,1.2300000190734863,0.9375522136688232,2288000
2016-01-13,1.2400000095367432,1.2400000095367432,1.1799999475479126,1.2100000381469727,0.9223072528839111,1752000
2016-01-14,1.2000000476837158,1.2300000190734863,1.159999966621399,1.2300000190734863,0.9375522136688232,2440000
2016-01-15,1.2400000095367432,1.2400000095367432,1.1699999570846558,1.2100000381469727,0.9223072528839111,1490000
2016-01-18,1.2000000476837158,1.2000000476837158,1.1699999570846558,1.2000000476837158,0.914685070514679,2730000
2016-01-19,1.190000057220459,1.2699999809265137,1.190000057220459,1.2400000095367432,0.9451744556427002,3800000
2016-01-20,1.2400000095367432,1.2400000095367432,1.149999976158142,1.190000057220459,0.9070625901222229,1620000
2016-01-21,1.2100000381469727,1.2300000190734863,1.1299999952316284,1.1699999570846558,0.8918178081512451,2380000
2016-01-22,1.190000057220459,1.2000000476837158,1.1399999856948853,1.190000057220459,0.9070625901222229,1910000
2016-01-25,1.190000057220459,1.190000057220459,1.159999966621399,1.1799999475479126,0.8994402885437012,1606000
2016-01-26,1.1799999475479126,1.1799999475479126,1.1100000143051147,1.159999966621399,0.8841953873634338,3202000
2016-01-27,1.1799999475479126,1.1799999475479126,1.1299999952316284,1.1399999856948853,0.8689507842063904,1800000
2016-01-28,1.1399999856948853,1.1699999570846558,1.0199999809265137,1.0800000429153442,0.8232164978981018,3096000
2016-01-29,1.0800000429153442,1.1399999856948853,1.0700000524520874,1.1200000047683716,0.8537060618400574,1892000
2016-02-01,1.1200000047683716,1.2000000476837158,1.1200000047683716,1.149999976158142,0.8765731453895569,2652000
2016-02-02,1.159999966621399,1.1699999570846558,1.149999976158142,1.159999966621399,0.8841953873634338,5528000
2016-02-03,1.149999976158142,1.149999976158142,1.100000023841858,1.149999976158142,0.8765731453895569,2816000
2016-02-04,1.159999966621399,1.1799999475479126,1.159999966621399,1.1799999475479126,0.8994402885437012,2678000
2016-02-05,1.1699999570846558,1.1799999475479126,1.159999966621399,1.1799999475479126,0.8994402885437012,1428000
2016-02-11,1.190000057220459,1.190000057220459,1.159999966621399,1.1799999475479126,0.8994402885437012,1310000
2016-02-12,1.1799999475479126,1.1799999475479126,1.0700000524520874,1.1399999856948853,0.8689507842063904,2958000
2016-02-15,1.1399999856948853,1.1799999475479126,1.1399999856948853,1.1699999570846558,0.8918178081512451,1478000
2016-02-16,1.1699999570846558,1.1699999570846558,1.1399999856948853,1.159999966621399,0.8841953873634338,3152000
2016-02-17,1.1699999570846558,1.1699999570846558,1.159999966621399,1.1699999570846558,0.8918178081512451,1496000
2016-02-18,1.190000057220459,1.2300000190734863,1.190000057220459,1.2000000476837158,0.914685070514679,3304000
2016-02-19,1.190000057220459,1.2799999713897705,1.1799999475479126,1.2799999713897705,0.9756640195846558,1834000
2016-02-22,1.2799999713897705,1.2999999523162842,1.2200000286102295,1.2799999713897705,0.9756640195846558,1502000
2016-02-23,1.2699999809265137,1.2799999713897705,1.2300000190734863,1.2400000095367432,0.9451744556427002,1814000
2016-02-24,1.25,1.2799999713897705,1.2100000381469727,1.2300000190734863,0.9375522136688232,1494000
2016-02-25,1.2300000190734863,1.2400000095367432,1.1699999570846558,1.2200000286102295,0.9299299716949463,1372000
2016-02-26,1.2200000286102295,1.2400000095367432,1.1699999570846558,1.190000057220459,0.9070625901222229,1394000
2016-02-29,1.2000000476837158,1.2200000286102295,1.1200000047683716,1.1299999952316284,0.8613283634185791,1412000
2016-03-01,1.1399999856948853,1.2000000476837158,1.100000023841858,1.1100000143051147,0.8460837006568909,1910000
2016-03-02,1.1299999952316284,1.1799999475479126,1.1100000143051147,1.1799999475479126,0.8994402885437012,1752000
2016-03-03,1.1699999570846558,1.1699999570846558,1.1100000143051147,1.1200000047683716,0.8537060618400574,1768000
2016-03-04,1.1299999952316284,1.1299999952316284,1.1100000143051147,1.1100000143051147,0.8460837006568909,1828000
2016-03-07,1.1299999952316284,1.149999976158142,1.100000023841858,1.1100000143051147,0.8460837006568909,1742000
2016-03-08,1.1200000047683716,1.1200000047683716,1.090000033378601,1.1100000143051147,0.8460837006568909,1268000
2016-03-09,1.1200000047683716,1.1200000047683716,1.090000033378601,1.1100000143051147,0.8460837006568909,1426000
2016-03-10,1.1100000143051147,1.1200000047683716,1.090000033378601,1.1100000143051147,0.8460837006568909,1648000
2016-03-11,1.1100000143051147,1.1100000143051147,1.0800000429153442,1.090000033378601,0.8308389186859131,1486000
2016-03-14,1.1100000143051147,1.1299999952316284,1.0800000429153442,1.100000023841858,0.8384612798690796,1570000
2016-03-15,1.100000023841858,1.1100000143051147,1.0700000524520874,1.1100000143051147,0.8460837006568909,1604000
2016-03-16,1.1100000143051147,1.1100000143051147,1.0700000524520874,1.100000023841858,0.8384612798690796,1774000
2016-03-17,1.100000023841858,1.100000023841858,1.059999942779541,1.0700000524520874,0.8155942559242249,1412000
2016-03-18,1.0700000524520874,1.1200000047683716,1.0700000524520874,1.090000033378601,0.8308389186859131,1530000
2016-03-21,1.090000033378601,1.1200000047683716,1.0800000429153442,1.1200000047683716,0.8537060618400574,2152000
2016-03-22,1.1200000047683716,1.1699999570846558,1.1100000143051147,1.1699999570846558,0.8918178081512451,2032000
2016-03-23,1.1699999570846558,1.190000057220459,1.1399999856948853,1.1399999856948853,0.8689507842063904,2460000
2016-03-24,1.1399999856948853,1.1699999570846558,1.1299999952316284,1.1699999570846558,0.8918178081512451,1370000
2016-03-29,1.1699999570846558,1.1699999570846558,1.1399999856948853,1.1399999856948853,0.8689507842063904,1594000
2016-03-30,1.149999976158142,1.149999976158142,1.1299999952316284,1.1299999952316284,0.8613283634185791,1828000
2016-03-31,1.1299999952316284,1.1399999856948853,1.1100000143051147,1.1200000047683716,0.8537060618400574,1266000
2016-04-01,1.1200000047683716,1.1200000047683716,1.090000033378601,1.1100000143051147,0.8460837006568909,1370000
2016-04-05,1.090000033378601,1.1200000047683716,1.090000033378601,1.1200000047683716,0.8537060618400574,1122000
2016-04-06,1.1100000143051147,1.1299999952316284,1.090000033378601,1.100000023841858,0.8384612798690796,1442000
2016-04-07,1.100000023841858,1.1200000047683716,1.090000033378601,1.100000023841858,0.8384612798690796,1242000
2016-04-08,1.100000023841858,1.1100000143051147,1.0499999523162842,1.100000023841858,0.8384612798690796,3466000
2016-04-11,1.090000033378601,1.100000023841858,1.0700000524520874,1.100000023841858,0.8384612798690796,1120000
2016-04-12,1.090000033378601,1.100000023841858,1.0800000429153442,1.090000033378601,0.8308389186859131,1450000
2016-04-13,1.090000033378601,1.100000023841858,1.0700000524520874,1.090000033378601,0.8308389186859131,1384000
2016-04-14,1.100000023841858,1.100000023841858,1.0700000524520874,1.100000023841858,0.8384612798690796,1262000
2016-04-15,1.100000023841858,1.1100000143051147,1.0800000429153442,1.100000023841858,0.8384612798690796,1198000
2016-04-18,1.100000023841858,1.100000023841858,1.0700000524520874,1.090000033378601,0.8308389186859131,1156000
2016-04-19,1.090000033378601,1.090000033378601,1.059999942779541,1.059999942779541,0.8079717755317688,1454000
2016-04-20,1.0800000429153442,1.0800000429153442,1.0499999523162842,1.0700000524520874,0.8155942559242249,1316000
2016-04-21,1.0700000524520874,1.100000023841858,1.0499999523162842,1.059999942779541,0.8079717755317688,1242000
2016-04-22,1.059999942779541,1.090000033378601,1.0499999523162842,1.0499999523162842,0.8003493547439575,1206000
2016-04-25,1.059999942779541,1.0800000429153442,1.0299999713897705,1.0499999523162842,0.8003493547439575,1378000
2016-04-26,1.059999942779541,1.0800000429153442,1.0299999713897705,1.0299999713897705,0.7851046323776245,1176000
2016-04-27,1.0399999618530273,1.0800000429153442,1.0299999713897705,1.0700000524520874,0.8155942559242249,1310000
2016-04-28,1.0700000524520874,1.0800000429153442,1.0399999618530273,1.0700000524520874,0.8155942559242249,2328000
2016-04-29,1.0700000524520874,1.0800000429153442,1.0399999618530273,1.059999942779541,0.8079717755317688,2856000
2016-05-03,1.059999942779541,1.0800000429153442,1.0499999523162842,1.0700000524520874,0.8155942559242249,2240000
2016-05-04,1.0499999523162842,1.0700000524520874,1.0399999618530273,1.0499999523162842,0.8003493547439575,1394000
2016-05-05,1.0499999523162842,1.090000033378601,1.0199999809265137,1.0499999523162842,0.8003493547439575,2100000
2016-05-06,1.0499999523162842,1.0800000429153442,1.0399999618530273,1.0800000429153442,0.8232164978981018,1414000
2016-05-09,1.0800000429153442,1.0800000429153442,1.0199999809265137,1.0299999713897705,0.7851046323776245,1558000
2016-05-10,1.0299999713897705,1.0499999523162842,1.0,1.0499999523162842,0.8003493547439575,1288000
2016-05-11,1.059999942779541,1.0700000524520874,1.0299999713897705,1.0700000524520874,0.8155942559242249,1306000
2016-05-12,1.0700000524520874,1.0800000429153442,1.0299999713897705,1.059999942779541,0.8079717755317688,1486000
2016-05-13,1.059999942779541,1.0700000524520874,1.0399999618530273,1.0499999523162842,0.8003493547439575,1258000
2016-05-16,1.0499999523162842,1.059999942779541,1.0399999618530273,1.059999942779541,0.8079717755317688,1216000
2016-05-17,1.0499999523162842,1.059999942779541,1.0399999618530273,1.059999942779541,0.8079717755317688,1252000
2016-05-18,1.0499999523162842,1.059999942779541,1.0199999809265137,1.059999942779541,0.8079717755317688,1400000
2016-05-19,1.0499999523162842,1.0499999523162842,1.0199999809265137,1.0199999809265137,0.7774823307991028,1422000
2016-05-20,1.0299999713897705,1.0399999618530273,1.0099999904632568,1.0199999809265137,0.7774823307991028,1186000
2016-05-23,1.0199999809265137,1.0199999809265137,1.0,1.0,0.7622374892234802,1240000
2016-05-24,1.0,1.0099999904632568,0.9399999976158142,0.9800000190734863,0.7469927072525024,2766000
2016-05-25,0.9800000190734863,1.0,0.9399999976158142,0.9700000286102295,0.7393704056739807,1566000
2016-05-26,0.949999988079071,0.9800000190734863,0.9300000071525574,0.9800000190734863,0.7469927072525024,1864000
2016-05-27,0.9800000190734863,0.9900000095367432,0.949999988079071,0.949999988079071,0.7241256237030029,1354000
2016-05-30,0.9599999785423279,1.0099999904632568,0.9599999785423279,0.9900000095367432,0.754615068435669,1700000
2016-05-31,0.9800000190734863,0.9900000095367432,0.9599999785423279,0.9700000286102295,0.7393704056739807,1254000
2016-06-01,0.9700000286102295,0.9800000190734863,0.9599999785423279,0.9800000190734863,0.7469927072525024,1138000
2016-06-02,0.9700000286102295,0.9800000190734863,0.9599999785423279,0.9599999785423279,0.7317479848861694,1272000
2016-06-03,0.9599999785423279,0.9700000286102295,0.9399999976158142,0.9700000286102295,0.7393704056739807,1508000
2016-06-06,0.9399999976158142,1.0,0.9300000071525574,1.0,0.7622374892234802,1468000
2016-06-07,1.0,1.0,0.9599999785423279,0.9599999785423279,0.7317479848861694,1288000
2016-06-08,0.9700000286102295,1.159999966621399,0.9599999785423279,1.100000023841858,0.8384612798690796,5496000
2016-06-10,1.1100000143051147,1.1200000047683716,1.059999942779541,1.100000023841858,0.8384612798690796,1692000
2016-06-13,1.059999942779541,1.090000033378601,1.0399999618530273,1.090000033378601,0.8308389186859131,1586000
2016-06-14,1.0800000429153442,1.0800000429153442,1.0499999523162842,1.059999942779541,0.8079717755317688,1226000
2016-06-15,1.0399999618530273,1.0499999523162842,1.0299999713897705,1.0499999523162842,0.8003493547439575,1478000
2016-06-16,1.0299999713897705,1.0800000429153442,1.0199999809265137,1.0299999713897705,0.7851046323776245,1802000
2016-06-17,1.0199999809265137,1.059999942779541,1.0199999809265137,1.0499999523162842,0.8003493547439575,1258000
2016-06-20,1.0399999618530273,1.0800000429153442,1.0399999618530273,1.0399999618530273,0.792726993560791,2952000
2016-06-21,1.0499999523162842,1.0700000524520874,1.0299999713897705,1.0700000524520874,0.8155942559242249,1164000
2016-06-22,1.059999942779541,1.0800000429153442,1.0399999618530273,1.0700000524520874,0.8155942559242249,6046000
2016-06-23,1.059999942779541,1.059999942779541,1.0299999713897705,1.059999942779541,0.8079717755317688,1230000
2016-06-24,1.0399999618530273,1.0499999523162842,1.0299999713897705,1.0399999618530273,0.792726993560791,1150000
2016-06-27,1.0399999618530273,1.0499999523162842,1.0299999713897705,1.0499999523162842,0.8003493547439575,1160000
2016-06-28,1.0299999713897705,1.0499999523162842,1.0199999809265137,1.0499999523162842,0.8003493547439575,1190000
2016-06-29,1.059999942779541,1.059999942779541,1.0099999904632568,1.0299999713897705,0.7851046323776245,1716000
2016-06-30,1.0499999523162842,1.0800000429153442,1.0399999618530273,1.0700000524520874,0.8155942559242249,1480000
2016-07-04,1.0299999713897705,1.059999942779541,1.0199999809265137,1.0499999523162842,0.8003493547439575,1372000
2016-07-05,1.0499999523162842,1.0499999523162842,1.0299999713897705,1.0499999523162842,0.8003493547439575,1064000
2016-07-06,1.0499999523162842,1.059999942779541,1.0499999523162842,1.059999942779541,0.8079717755317688,1370000
2016-07-07,1.059999942779541,1.059999942779541,1.0199999809265137,1.0299999713897705,0.7851046323776245,1088000
2016-07-08,1.0399999618530273,1.0499999523162842,1.0299999713897705,1.0499999523162842,0.8003493547439575,1068000
2016-07-11,1.0499999523162842,1.059999942779541,1.0199999809265137,1.0199999809265137,0.7774823307991028,1356000
2016-07-12,1.0299999713897705,1.1399999856948853,1.0299999713897705,1.0700000524520874,0.8155942559242249,3462000
2016-07-13,1.090000033378601,1.1100000143051147,1.0499999523162842,1.0499999523162842,0.8003493547439575,2440000
2016-07-14,1.059999942779541,1.059999942779541,1.0399999618530273,1.059999942779541,0.8079717755317688,1554000
2016-07-15,1.059999942779541,1.059999942779541,1.0499999523162842,1.059999942779541,0.8079717755317688,1164000
2016-07-18,1.059999942779541,1.059999942779541,1.0299999713897705,1.0399999618530273,0.792726993560791,2152000
2016-07-19,1.0499999523162842,1.0800000429153442,1.0499999523162842,1.059999942779541,0.8079717755317688,1148000
2016-07-20,1.059999942779541,1.1299999952316284,1.059999942779541,1.0800000429153442,0.8232164978981018,3574000
2016-07-21,1.090000033378601,1.090000033378601,1.059999942779541,1.0700000524520874,0.8155942559242249,1072000
2016-07-22,1.0800000429153442,1.090000033378601,1.059999942779541,1.090000033378601,0.8308389186859131,2016000
2016-07-25,1.0800000429153442,1.090000033378601,1.059999942779541,1.090000033378601,0.8308389186859131,1034000
2016-07-26,1.0800000429153442,1.100000023841858,1.0800000429153442,1.100000023841858,0.8384612798690796,1032000
2016-07-27,1.100000023841858,1.100000023841858,1.090000033378601,1.100000023841858,0.8384612798690796,1124000
2016-07-28,1.100000023841858,1.100000023841858,1.0700000524520874,1.100000023841858,0.8384612798690796,1510000
2016-07-29,1.090000033378601,1.090000033378601,1.059999942779541,1.090000033378601,0.8308389186859131,1742000
2016-08-01,1.090000033378601,1.1100000143051147,1.090000033378601,1.1100000143051147,0.8460837006568909,2478000
2016-08-02,1.1100000143051147,1.1100000143051147,1.1100000143051147,1.1100000143051147,0.8460837006568909,0
2016-08-03,1.1100000143051147,1.1100000143051147,1.100000023841858,1.1100000143051147,0.8460837006568909,1438000
2016-08-04,1.1100000143051147,1.1200000047683716,1.090000033378601,1.1200000047683716,0.8537060618400574,2146000
2016-08-05,1.1299999952316284,1.1399999856948853,1.1200000047683716,1.1299999952316284,0.8613283634185791,1804000
2016-08-08,1.1299999952316284,1.2200000286102295,1.1299999952316284,1.2200000286102295,0.9299299716949463,2594000
2016-08-09,1.2200000286102295,1.25,1.1799999475479126,1.2400000095367432,0.9451744556427002,3268000
2016-08-10,1.2400000095367432,1.25,1.2000000476837158,1.25,0.9527967572212219,3102000
2016-08-11,1.25,1.2599999904632568,1.2300000190734863,1.2400000095367432,0.9451744556427002,1608000
2016-08-12,1.2300000190734863,1.2400000095367432,1.2000000476837158,1.2300000190734863,0.9375522136688232,1792000
2016-08-15,1.2400000095367432,1.25,1.2300000190734863,1.25,0.9527967572212219,1248000
2016-08-16,1.25,1.25,1.190000057220459,1.2200000286102295,0.9299299716949463,1734000
2016-08-17,1.2200000286102295,1.2200000286102295,1.1799999475479126,1.2000000476837158,0.914685070514679,1382000
2016-08-18,1.190000057220459,1.2300000190734863,1.1699999570846558,1.1799999475479126,0.8994402885437012,1666000
2016-08-19,1.190000057220459,1.2300000190734863,1.1799999475479126,1.2100000381469727,0.9223072528839111,1778000
2016-08-22,1.2000000476837158,1.2000000476837158,1.1699999570846558,1.2000000476837158,0.914685070514679,1228000
2016-08-23,1.159999966621399,1.1699999570846558,1.1399999856948853,1.159999966621399,0.9077982306480408,1210000
2016-08-24,1.149999976158142,1.190000057220459,1.1299999952316284,1.190000057220459,0.9312758445739746,1540000
2016-08-25,1.190000057220459,1.190000057220459,1.1399999856948853,1.1699999570846558,0.9156240820884705,1242000
2016-08-26,1.159999966621399,1.190000057220459,1.1399999856948853,1.1699999570846558,0.9156240820884705,1328000
2016-08-29,1.1699999570846558,1.1699999570846558,1.149999976158142,1.149999976158142,0.8999723792076111,1450000
2016-08-30,1.159999966621399,1.1699999570846558,1.100000023841858,1.1699999570846558,0.9156240820884705,1454000
2016-08-31,1.159999966621399,1.159999966621399,1.1100000143051147,1.149999976158142,0.8999723792076111,4184000
2016-09-01,1.159999966621399,1.1799999475479126,1.149999976158142,1.149999976158142,0.8999723792076111,1232000
2016-09-02,1.159999966621399,1.440000057220459,1.159999966621399,1.4199999570846558,1.1112703084945679,21028000
2016-09-05,1.4199999570846558,1.4199999570846558,1.4199999570846558,1.4199999570846558,1.1112703084945679,0
2016-09-06,1.5499999523162842,1.649999976158142,1.2000000476837158,1.409999966621399,1.1034446954727173,82874000
2016-09-07,1.3899999856948853,1.4700000286102295,1.340000033378601,1.350000023841858,1.05648934841156,40684000
2016-09-08,1.350000023841858,1.3899999856948853,1.2999999523162842,1.3200000524520874,1.033011794090271,4574000
2016-09-09,1.4199999570846558,1.4199999570846558,1.2999999523162842,1.3200000524520874,1.033011794090271,11416000
2016-09-12,1.3200000524520874,1.3200000524520874,1.149999976158142,1.1799999475479126,0.9234499931335449,12432000
2016-09-13,1.2300000190734863,1.309999942779541,1.190000057220459,1.2400000095367432,0.9704051613807678,12016000
2016-09-14,1.2400000095367432,1.2400000095367432,1.2100000381469727,1.2200000286102295,0.954753577709198,1648000
2016-09-15,1.2300000190734863,1.2699999809265137,1.2100000381469727,1.2400000095367432,0.9704051613807678,11322000
2016-09-19,1.2599999904632568,1.2699999809265137,1.2000000476837158,1.2200000286102295,0.954753577709198,2118000
2016-09-20,1.2300000190734863,1.2300000190734863,1.190000057220459,1.2100000381469727,0.9469276070594788,5558000
2016-09-21,1.190000057220459,1.2000000476837158,1.1699999570846558,1.190000057220459,0.9312758445739746,2480000
2016-09-22,1.2100000381469727,1.2699999809265137,1.1799999475479126,1.2400000095367432,0.9704051613807678,8799000
2016-09-23,1.2599999904632568,1.2599999904632568,1.2000000476837158,1.2300000190734863,0.9625792503356934,2192000
2016-09-26,1.2400000095367432,1.2400000095367432,1.1799999475479126,1.190000057220459,0.9312758445739746,4689000
2016-09-27,1.190000057220459,1.2100000381469727,1.159999966621399,1.1799999475479126,0.9234499931335449,2128000
2016-09-28,1.2000000476837158,1.2000000476837158,1.159999966621399,1.1699999570846558,0.9156240820884705,5452000
2016-09-29,1.1699999570846558,1.1699999570846558,1.149999976158142,1.1699999570846558,0.9156240820884705,2156000
2016-09-30,1.159999966621399,1.25,1.149999976158142,1.2400000095367432,0.9704051613807678,8272000
2016-10-03,1.2400000095367432,1.309999942779541,1.2100000381469727,1.309999942779541,1.0251858234405518,5756000
2016-10-04,1.2999999523162842,1.3600000143051147,1.2999999523162842,1.3200000524520874,1.033011794090271,5408000
2016-10-05,1.3200000524520874,1.3200000524520874,1.2699999809265137,1.2899999618530273,1.0095343589782715,1748000
2016-10-06,1.2799999713897705,1.340000033378601,1.25,1.2699999809265137,0.9938825964927673,2850000
2016-10-07,1.2699999809265137,1.2699999809265137,1.25,1.2599999904632568,0.9860566854476929,488000
2016-10-11,1.25,1.2899999618530273,1.159999966621399,1.2000000476837158,0.9391016960144043,6356000
2016-10-12,1.190000057220459,1.2100000381469727,1.190000057220459,1.2100000381469727,0.9469276070594788,598000
2016-10-13,1.190000057220459,1.2100000381469727,1.1799999475479126,1.2000000476837158,0.9391016960144043,236000
2016-10-14,1.2000000476837158,1.2400000095367432,1.2100000381469727,1.2300000190734863,0.9625792503356934,1244000
2016-10-17,1.2300000190734863,1.2300000190734863,1.1699999570846558,1.2000000476837158,0.9391016960144043,1322000
2016-10-18,1.190000057220459,1.2300000190734863,1.190000057220459,1.2200000286102295,0.954753577709198,322000
2016-10-19,1.2200000286102295,1.2200000286102295,1.190000057220459,1.2200000286102295,0.954753577709198,118000
2016-10-20,1.2100000381469727,1.2100000381469727,1.2000000476837158,1.2100000381469727,0.9469276070594788,368000
2016-10-21,1.2100000381469727,1.2100000381469727,1.2100000381469727,1.2100000381469727,0.9469276070594788,0
2016-10-24,1.2000000476837158,1.2400000095367432,1.190000057220459,1.2200000286102295,0.954753577709198,544000
2016-10-25,1.2100000381469727,1.2200000286102295,1.190000057220459,1.2000000476837158,0.9391016960144043,704000
2016-10-26,1.190000057220459,1.2300000190734863,1.190000057220459,1.2000000476837158,0.9391016960144043,284000
2016-10-27,1.2000000476837158,1.2100000381469727,1.1799999475479126,1.2000000476837158,0.9391016960144043,600000
2016-10-28,1.2000000476837158,1.2100000381469727,1.1799999475479126,1.2100000381469727,0.9469276070594788,756000
2016-10-31,1.2200000286102295,1.3700000047683716,1.2200000286102295,1.340000033378601,1.04866361618042,11434000
2016-11-01,1.3200000524520874,1.3700000047683716,1.2799999713897705,1.309999942779541,1.0251858234405518,3622006
2016-11-02,1.2899999618530273,1.2899999618530273,1.25,1.2799999713897705,1.0017083883285522,1000000
2016-11-03,1.2799999713897705,1.2899999618530273,1.25,1.2799999713897705,1.0017083883285522,754000
2016-11-04,1.2599999904632568,1.2599999904632568,1.2300000190734863,1.2599999904632568,0.9860566854476929,710000
2016-11-07,1.2699999809265137,1.2699999809265137,1.2400000095367432,1.25,0.978230893611908,1720000
2016-11-08,1.2699999809265137,1.2699999809265137,1.1799999475479126,1.2300000190734863,0.9625792503356934,2908000
2016-11-09,1.2300000190734863,1.25,1.2000000476837158,1.2300000190734863,0.9625792503356934,954000
2016-11-10,1.2400000095367432,1.25,1.2000000476837158,1.2300000190734863,0.9625792503356934,1350000
2016-11-11,1.2100000381469727,1.2400000095367432,1.2100000381469727,1.2300000190734863,0.9625792503356934,340000
2016-11-14,1.2400000095367432,1.2799999713897705,1.2200000286102295,1.2599999904632568,0.9860566854476929,1080000
2016-11-15,1.2599999904632568,1.2799999713897705,1.2400000095367432,1.25,0.978230893611908,368000
2016-11-16,1.2699999809265137,1.2699999809265137,1.2400000095367432,1.25,0.978230893611908,326000
2016-11-17,1.25,1.2799999713897705,1.2300000190734863,1.2599999904632568,0.9860566854476929,1052000
2016-11-18,1.2699999809265137,1.2799999713897705,1.25,1.2799999713897705,1.0017083883285522,724000
2016-11-21,1.2899999618530273,1.2899999618530273,1.2400000095367432,1.2599999904632568,0.9860566854476929,784000
2016-11-22,1.25,1.2799999713897705,1.2400000095367432,1.2599999904632568,0.9860566854476929,624000
2016-11-23,1.2699999809265137,1.2699999809265137,1.2200000286102295,1.2599999904632568,0.9860566854476929,578000
2016-11-24,1.25,1.25,1.2200000286102295,1.2400000095367432,0.9704051613807678,2258000
2016-11-25,1.2400000095367432,1.25,1.2100000381469727,1.2400000095367432,0.9704051613807678,1774000
2016-11-28,1.25,1.2599999904632568,1.2300000190734863,1.2400000095367432,0.9704051613807678,542000
2016-11-29,1.2400000095367432,1.2400000095367432,1.1799999475479126,1.2100000381469727,0.9469276070594788,2316000
2016-11-30,1.2200000286102295,1.2400000095367432,1.2000000476837158,1.2200000286102295,0.954753577709198,1272000
2016-12-01,1.2000000476837158,1.2200000286102295,1.1699999570846558,1.2000000476837158,0.9391016960144043,2200000
2016-12-02,1.2000000476837158,1.2000000476837158,1.1799999475479126,1.2000000476837158,0.9391016960144043,1032000
2016-12-05,1.2100000381469727,1.2100000381469727,1.1699999570846558,1.2000000476837158,0.9391016960144043,1590000
2016-12-06,1.2000000476837158,1.25,1.2000000476837158,1.2300000190734863,0.9625792503356934,3050000
2016-12-07,1.2200000286102295,1.2300000190734863,1.190000057220459,1.2200000286102295,0.954753577709198,2546000
2016-12-08,1.2200000286102295,1.25,1.1699999570846558,1.1699999570846558,0.9156240820884705,4626070
2016-12-09,1.1699999570846558,1.1699999570846558,1.1100000143051147,1.1399999856948853,0.8921467065811157,3266000
2016-12-12,1.149999976158142,1.159999966621399,1.1200000047683716,1.149999976158142,0.8999723792076111,338000
2016-12-13,1.1299999952316284,1.159999966621399,1.1299999952316284,1.149999976158142,0.8999723792076111,264000
2016-12-14,1.1699999570846558,1.1799999475479126,1.1100000143051147,1.1299999952316284,0.8843206763267517,1516000
2016-12-15,1.1100000143051147,1.1299999952316284,1.100000023841858,1.1100000143051147,0.8686690926551819,540000
2016-12-16,1.100000023841858,1.1299999952316284,1.100000023841858,1.100000023841858,0.860843300819397,876000
2016-12-19,1.0800000429153442,1.0800000429153442,1.0299999713897705,1.0399999618530273,0.8138881325721741,1530000
2016-12-20,1.0399999618530273,1.090000033378601,1.0399999618530273,1.0700000524520874,0.8373656868934631,220000
2016-12-21,1.0700000524520874,1.1100000143051147,1.0700000524520874,1.100000023841858,0.860843300819397,448000
2016-12-22,1.1200000047683716,1.1200000047683716,1.090000033378601,1.100000023841858,0.860843300819397,396000
2016-12-23,1.090000033378601,1.1299999952316284,1.090000033378601,1.1200000047683716,0.876494824886322,538000
2016-12-28,1.1200000047683716,1.1299999952316284,1.1200000047683716,1.1200000047683716,0.876494824886322,80000
2016-12-29,1.1399999856948853,1.1799999475479126,1.1299999952316284,1.149999976158142,0.8999723792076111,1136000
2016-12-30,1.1699999570846558,1.190000057220459,1.159999966621399,1.1699999570846558,0.9156240820884705,1268000
2017-01-03,1.2000000476837158,1.2000000476837158,1.1100000143051147,1.149999976158142,0.8999723792076111,966000
2017-01-04,1.0800000429153442,1.0800000429153442,1.0099999904632568,1.0700000524520874,0.8373656868934631,2644000
2017-01-05,1.0499999523162842,1.059999942779541,1.0399999618530273,1.0499999523162842,0.821713924407959,1078000
2017-01-06,1.0499999523162842,1.0700000524520874,1.0399999618530273,1.0399999618530273,0.8138881325721741,636000
2017-01-09,1.0299999713897705,1.0499999523162842,1.0299999713897705,1.0399999618530273,0.8138881325721741,258000
2017-01-10,1.0499999523162842,1.0499999523162842,1.0299999713897705,1.0299999713897705,0.8060622215270996,1062000
2017-01-11,1.0399999618530273,1.0399999618530273,1.0299999713897705,1.0299999713897705,0.8060622215270996,378000
2017-01-12,1.0199999809265137,1.0299999713897705,1.0,1.0199999809265137,0.7982363700866699,404000
2017-01-13,1.0099999904632568,1.0199999809265137,1.0,1.0099999904632568,0.7904106974601746,1176000
2017-01-16,1.0099999904632568,1.0199999809265137,1.0099999904632568,1.0099999904632568,0.7904106974601746,432000
2017-01-17,1.0099999904632568,1.0199999809265137,1.0,1.0099999904632568,0.7904106974601746,162000
2017-01-18,1.0099999904632568,1.0299999713897705,1.0,1.0299999713897705,0.8060622215270996,454000
2017-01-19,1.0299999713897705,1.0399999618530273,1.0299999713897705,1.0399999618530273,0.8138881325721741,12000
2017-01-20,1.0099999904632568,1.0199999809265137,1.0099999904632568,1.0199999809265137,0.7982363700866699,66000
2017-01-23,1.0099999904632568,1.0299999713897705,1.0099999904632568,1.0299999713897705,0.8060622215270996,254000
2017-01-24,1.0199999809265137,1.0499999523162842,1.0199999809265137,1.0399999618530273,0.8138881325721741,868000
2017-01-25,1.0399999618530273,1.0399999618530273,1.0099999904632568,1.0199999809265137,0.7982363700866699,162000
2017-01-26,1.0199999809265137,1.0399999618530273,1.0199999809265137,1.0199999809265137,0.7982363700866699,92000
2017-01-27,1.0199999809265137,1.0199999809265137,1.0199999809265137,1.0199999809265137,0.7982363700866699,0
2017-02-01,1.0099999904632568,1.0199999809265137,1.0099999904632568,1.0199999809265137,0.7982363700866699,12000
2017-02-02,1.0,1.0199999809265137,1.0,1.0099999904632568,0.7904106974601746,48000
2017-02-03,1.0099999904632568,1.0299999713897705,1.0099999904632568,1.0199999809265137,0.7982363700866699,254000
2017-02-06,1.0299999713897705,1.0299999713897705,1.0299999713897705,1.0299999713897705,0.8060622215270996,96000
2017-02-07,1.0299999713897705,1.0299999713897705,1.0199999809265137,1.0199999809265137,0.7982363700866699,266000
2017-02-08,1.0199999809265137,1.0399999618530273,1.0099999904632568,1.0099999904632568,0.7904106974601746,624000
2017-02-09,1.0,1.0299999713897705,1.0,1.0199999809265137,0.7982363700866699,680000
2017-02-10,1.0,1.0199999809265137,1.0,1.0099999904632568,0.7904106974601746,160000
2017-02-13,1.0,1.0199999809265137,1.0,1.0099999904632568,0.7904106974601746,144000
2017-02-14,1.0099999904632568,1.0099999904632568,1.0,1.0099999904632568,0.7904106974601746,350000
2017-02-15,1.0,1.0,0.9800000190734863,0.9900000095367432,0.7747588157653809,2150000
2017-02-16,0.9900000095367432,0.9900000095367432,0.9800000190734863,0.9900000095367432,0.7747588157653809,836000
2017-02-17,0.9800000190734863,0.9800000190734863,0.9399999976158142,0.9700000286102295,0.759107232093811,2414000
2017-02-20,0.9599999785423279,0.9700000286102295,0.9399999976158142,0.9599999785423279,0.7512813210487366,480000
2017-02-21,0.949999988079071,0.9800000190734863,0.949999988079071,0.9700000286102295,0.759107232093811,506000
2017-02-22,0.9599999785423279,0.9800000190734863,0.9599999785423279,0.9800000190734863,0.7669330835342407,167000
2017-02-23,0.9700000286102295,1.0199999809265137,0.9700000286102295,1.0199999809265137,0.7982363700866699,968000
2017-02-24,1.0199999809265137,1.0299999713897705,1.0,1.0,0.7825847268104553,326000
2017-02-27,1.0,1.0,0.9900000095367432,1.0,0.7825847268104553,210000
2017-02-28,1.0,1.0,0.9700000286102295,1.0,0.7825847268104553,276000
2017-03-01,1.0,1.0,1.0,1.0,0.7825847268104553,78000
2017-03-02,1.0,1.0099999904632568,0.9800000190734863,0.9800000190734863,0.7669330835342407,590000
2017-03-03,0.9800000190734863,0.9900000095367432,0.9599999785423279,0.9800000190734863,0.7669330835342407,384000
2017-03-06,0.9800000190734863,0.9900000095367432,0.9800000190734863,0.9900000095367432,0.7747588157653809,54000
2017-03-07,0.9700000286102295,0.9700000286102295,0.9599999785423279,0.9700000286102295,0.759107232093811,1844000
2017-03-08,0.9599999785423279,0.9599999785423279,0.9300000071525574,0.949999988079071,0.7434554696083069,1336001
2017-03-09,0.9399999976158142,0.949999988079071,0.9399999976158142,0.9399999976158142,0.7356296181678772,395700
2017-03-10,0.9399999976158142,0.949999988079071,0.9399999976158142,0.9399999976158142,0.7356296181678772,188000
2017-03-13,0.9399999976158142,0.949999988079071,0.9100000262260437,0.9399999976158142,0.7356296181678772,570000
2017-03-14,0.9399999976158142,0.9399999976158142,0.9100000262260437,0.9200000166893005,0.7199779748916626,1710000
2017-03-15,0.9100000262260437,0.9300000071525574,0.9100000262260437,0.9300000071525574,0.7278037667274475,254000
2017-03-16,0.9300000071525574,0.9399999976158142,0.9200000166893005,0.9399999976158142,0.7356296181678772,451700
2017-03-17,0.9300000071525574,0.949999988079071,0.9300000071525574,0.949999988079071,0.7434554696083069,352000
2017-03-20,0.949999988079071,0.9599999785423279,0.9300000071525574,0.9399999976158142,0.7356296181678772,338000
2017-03-21,0.9399999976158142,0.949999988079071,0.9200000166893005,0.949999988079071,0.7434554696083069,406000
2017-03-22,0.9399999976158142,0.949999988079071,0.9300000071525574,0.949999988079071,0.7434554696083069,350000
2017-03-23,0.949999988079071,0.949999988079071,0.9300000071525574,0.949999988079071,0.7434554696083069,258000
2017-03-24,0.949999988079071,0.949999988079071,0.9100000262260437,0.9300000071525574,0.7278037667274475,536000
2017-03-27,0.9200000166893005,0.9300000071525574,0.9100000262260437,0.9200000166893005,0.7199779748916626,300000
2017-03-28,0.9200000166893005,0.9300000071525574,0.8899999856948853,0.8999999761581421,0.7043262720108032,6668000
2017-03-29,0.8999999761581421,0.9100000262260437,0.8799999952316284,0.8999999761581421,0.7043262720108032,856000
2017-03-30,0.8999999761581421,0.9200000166893005,0.8999999761581421,0.9200000166893005,0.7199779748916626,526000
2017-03-31,0.9200000166893005,0.9200000166893005,0.9100000262260437,0.9200000166893005,0.7199779748916626,642000
2017-04-03,0.9300000071525574,0.9300000071525574,0.9100000262260437,0.9200000166893005,0.7199779748916626,794000
2017-04-05,0.9200000166893005,0.9300000071525574,0.9100000262260437,0.9200000166893005,0.7199779748916626,240000
2017-04-06,0.9200000166893005,0.9599999785423279,0.9200000166893005,0.949999988079071,0.7434554696083069,832000
2017-04-07,0.9399999976158142,0.9399999976158142,0.9300000071525574,0.9300000071525574,0.7278037667274475,352000
2017-04-10,0.9300000071525574,0.9399999976158142,0.9300000071525574,0.9399999976158142,0.7356296181678772,334000
2017-04-11,0.9399999976158142,0.949999988079071,0.9200000166893005,0.9399999976158142,0.7356296181678772,376000
2017-04-12,0.9300000071525574,0.9300000071525574,0.9300000071525574,0.9300000071525574,0.7278037667274475,22000
2017-04-13,0.9300000071525574,0.9300000071525574,0.9200000166893005,0.9200000166893005,0.7199779748916626,290000
2017-04-18,0.9200000166893005,0.9200000166893005,0.9100000262260437,0.9100000262260437,0.7121521234512329,152000
2017-04-19,0.9100000262260437,0.9200000166893005,0.9100000262260437,0.9200000166893005,0.7199779748916626,18000
2017-04-20,0.9100000262260437,0.9100000262260437,0.9100000262260437,0.9100000262260437,0.7121521234512329,11000
2017-04-21,0.9100000262260437,0.9100000262260437,0.9100000262260437,0.9100000262260437,0.7121521234512329,34000
2017-04-24,0.9100000262260437,0.9200000166893005,0.8999999761581421,0.8999999761581421,0.7043262720108032,456000
2017-04-25,0.9200000166893005,0.9200000166893005,0.8999999761581421,0.9100000262260437,0.7121521234512329,296000
2017-04-26,0.8999999761581421,0.9100000262260437,0.8899999856948853,0.8899999856948853,0.6965003609657288,572000
2017-04-27,0.8999999761581421,0.9300000071525574,0.8999999761581421,0.8999999761581421,0.7043262720108032,360000
2017-04-28,0.9100000262260437,0.9200000166893005,0.9100000262260437,0.9200000166893005,0.7199779748916626,60000
2017-05-02,0.8999999761581421,0.9200000166893005,0.8999999761581421,0.9100000262260437,0.7121521234512329,64000
2017-05-04,0.8999999761581421,0.9100000262260437,0.8999999761581421,0.8999999761581421,0.7043262720108032,326000
2017-05-05,0.8899999856948853,0.9200000166893005,0.8899999856948853,0.8999999761581421,0.7043262720108032,998000
2017-05-08,0.8999999761581421,0.9100000262260437,0.8999999761581421,0.8999999761581421,0.7043262720108032,246000
2017-05-09,0.8999999761581421,0.8999999761581421,0.8999999761581421,0.8999999761581421,0.7043262720108032,10000
2017-05-10,0.8899999856948853,0.8999999761581421,0.8799999952316284,0.8899999856948853,0.6965003609657288,178000
2017-05-11,0.8999999761581421,0.8999999761581421,0.8899999856948853,0.8999999761581421,0.7043262720108032,142000
2017-05-12,0.8999999761581421,0.8999999761581421,0.8799999952316284,0.8999999761581421,0.7043262720108032,340000
2017-05-15,0.8999999761581421,0.8999999761581421,0.8999999761581421,0.8999999761581421,0.7043262720108032,60000
2017-05-16,0.8899999856948853,0.8899999856948853,0.8799999952316284,0.8899999856948853,0.6965003609657288,372000
2017-05-17,0.8799999952316284,0.8999999761581421,0.8700000047683716,0.8700000047683716,0.6808487772941589,914000
2017-05-18,0.8899999856948853,0.8899999856948853,0.8700000047683716,0.8799999952316284,0.6886745691299438,152000
2017-05-19,0.8799999952316284,0.8799999952316284,0.8700000047683716,0.8700000047683716,0.6808487772941589,80000
2017-05-22,0.8700000047683716,0.8899999856948853,0.8600000143051147,0.8899999856948853,0.6965003609657288,220000
2017-05-23,0.8700000047683716,0.8799999952316284,0.8600000143051147,0.8700000047683716,0.6808487772941589,524000
2017-05-24,0.8600000143051147,0.8899999856948853,0.8600000143051147,0.8899999856948853,0.6965003609657288,168000
2017-05-25,0.8700000047683716,0.8899999856948853,0.8700000047683716,0.8799999952316284,0.6886745691299438,140000
2017-05-26,0.8700000047683716,0.8799999952316284,0.8600000143051147,0.8799999952316284,0.6886745691299438,498001
2017-05-29,0.8799999952316284,0.8799999952316284,0.8700000047683716,0.8700000047683716,0.6808487772941589,116000
2017-05-31,0.8700000047683716,0.8799999952316284,0.8700000047683716,0.8700000047683716,0.6808487772941589,80000
2017-06-01,0.8700000047683716,0.8799999952316284,0.8600000143051147,0.8799999952316284,0.6886745691299438,96000
2017-06-02,0.8999999761581421,0.8999999761581421,0.8799999952316284,0.8799999952316284,0.6886745691299438,392000
2017-06-05,0.8999999761581421,0.9100000262260437,0.8899999856948853,0.8899999856948853,0.6965003609657288,524000
2017-06-06,0.8899999856948853,0.8899999856948853,0.8899999856948853,0.8899999856948853,0.6965003609657288,22000
2017-06-07,0.9200000166893005,1.0199999809265137,0.8999999761581421,0.9900000095367432,0.7747588157653809,4774000
2017-06-08,1.0099999904632568,1.1100000143051147,1.0,1.100000023841858,0.860843300819397,14452000
2017-06-09,1.100000023841858,1.1299999952316284,1.0499999523162842,1.0499999523162842,0.821713924407959,4000000
2017-06-12,1.0399999618530273,1.100000023841858,1.0399999618530273,1.100000023841858,0.860843300819397,4240000
2017-06-13,1.090000033378601,1.1100000143051147,1.0800000429153442,1.1100000143051147,0.8686690926551819,2936000
2017-06-14,1.100000023841858,1.1200000047683716,1.090000033378601,1.1200000047683716,0.876494824886322,2680000
2017-06-15,1.1100000143051147,1.2300000190734863,1.100000023841858,1.1299999952316284,0.8843206763267517,15836000
2017-06-16,1.1200000047683716,1.149999976158142,1.1100000143051147,1.149999976158142,0.8999723792076111,2638000
2017-06-19,1.1399999856948853,1.190000057220459,1.1399999856948853,1.1699999570846558,0.9156240820884705,2408000
2017-06-20,1.149999976158142,1.190000057220459,1.149999976158142,1.1799999475479126,0.9234499931335449,1388000
2017-06-21,1.1799999475479126,1.2000000476837158,1.159999966621399,1.1799999475479126,0.9234499931335449,2924000
2017-06-22,1.1699999570846558,1.190000057220459,1.149999976158142,1.1799999475479126,0.9234499931335449,1420000
2017-06-23,1.1699999570846558,1.1699999570846558,1.149999976158142,1.149999976158142,0.8999723792076111,2064000
2017-06-26,1.149999976158142,1.1699999570846558,1.1299999952316284,1.149999976158142,0.8999723792076111,2006000
2017-06-27,1.149999976158142,1.159999966621399,1.090000033378601,1.159999966621399,0.9077982306480408,3834000
2017-06-28,1.1399999856948853,1.159999966621399,1.090000033378601,1.149999976158142,0.8999723792076111,2176000
2017-06-29,1.1399999856948853,1.1399999856948853,1.1100000143051147,1.1299999952316284,0.8843206763267517,3162000
2017-06-30,1.1299999952316284,1.1299999952316284,1.1100000143051147,1.1200000047683716,0.876494824886322,1222000
2017-07-03,1.1299999952316284,1.159999966621399,1.1200000047683716,1.149999976158142,0.8999723792076111,1004000
2017-07-04,1.1399999856948853,1.159999966621399,1.1299999952316284,1.149999976158142,0.8999723792076111,1636000
2017-07-05,1.149999976158142,1.159999966621399,1.1299999952316284,1.149999976158142,0.8999723792076111,1112000
2017-07-06,1.1399999856948853,1.149999976158142,1.1299999952316284,1.1299999952316284,0.8843206763267517,940000
2017-07-07,1.1399999856948853,1.1399999856948853,1.1100000143051147,1.1399999856948853,0.8921467065811157,812000
2017-07-10,1.1399999856948853,1.149999976158142,1.1200000047683716,1.149999976158142,0.8999723792076111,1042000
2017-07-11,1.1399999856948853,1.149999976158142,1.1299999952316284,1.1399999856948853,0.8921467065811157,878000
2017-07-12,1.1200000047683716,1.1399999856948853,1.1200000047683716,1.1399999856948853,0.8921467065811157,878000
2017-07-13,1.1200000047683716,1.1399999856948853,1.100000023841858,1.1399999856948853,0.8921467065811157,574000
2017-07-14,1.1200000047683716,1.1399999856948853,1.1200000047683716,1.1399999856948853,0.8921467065811157,778000
2017-07-17,1.1200000047683716,1.1399999856948853,1.1200000047683716,1.1299999952316284,0.8843206763267517,680000
2017-07-18,1.1299999952316284,1.1399999856948853,1.1100000143051147,1.1200000047683716,0.876494824886322,250000
2017-07-19,1.1200000047683716,1.1200000047683716,1.0800000429153442,1.1100000143051147,0.8686690926551819,756000
2017-07-20,1.100000023841858,1.1200000047683716,1.0800000429153442,1.100000023841858,0.860843300819397,148000
2017-07-21,1.100000023841858,1.1200000047683716,1.090000033378601,1.1100000143051147,0.8686690926551819,518000
2017-07-24,1.1100000143051147,1.1100000143051147,1.1100000143051147,1.1100000143051147,0.8686690926551819,150000
2017-07-25,1.1100000143051147,1.1200000047683716,1.090000033378601,1.1100000143051147,0.8686690926551819,306000
2017-07-26,1.100000023841858,1.1100000143051147,1.0700000524520874,1.0700000524520874,0.8373656868934631,610000
2017-07-27,1.0499999523162842,1.090000033378601,1.0399999618530273,1.090000033378601,0.8530174493789673,108000
2017-07-28,1.059999942779541,1.0700000524520874,1.059999942779541,1.0700000524520874,0.8373656868934631,228000
2017-07-31,1.0499999523162842,1.059999942779541,1.0,1.0299999713897705,0.8060622215270996,812000
2017-08-01,1.0199999809265137,1.0399999618530273,1.0099999904632568,1.0199999809265137,0.7982363700866699,416000
2017-08-02,1.0199999809265137,1.059999942779541,1.0,1.0399999618530273,0.8138881325721741,1020000
2017-08-03,1.0099999904632568,1.0199999809265137,1.0099999904632568,1.0199999809265137,0.7982363700866699,26000
2017-08-04,1.0099999904632568,1.0399999618530273,1.0099999904632568,1.0299999713897705,0.8060622215270996,444000
2017-08-07,1.0099999904632568,1.0299999713897705,1.0,1.0299999713897705,0.8060622215270996,922000
2017-08-08,1.0399999618530273,1.059999942779541,1.0299999713897705,1.0499999523162842,0.821713924407959,474000
2017-08-09,1.0499999523162842,1.059999942779541,1.0299999713897705,1.0499999523162842,0.821713924407959,624000
2017-08-10,1.0499999523162842,1.0499999523162842,1.0,1.0399999618530273,0.8138881325721741,432000
2017-08-11,1.0299999713897705,1.0399999618530273,1.0199999809265137,1.0299999713897705,0.8060622215270996,440000
2017-08-14,1.0199999809265137,1.0299999713897705,1.0199999809265137,1.0299999713897705,0.8060622215270996,146000
2017-08-15,1.0399999618530273,1.0399999618530273,1.0099999904632568,1.0399999618530273,0.8138881325721741,114000
2017-08-16,1.0499999523162842,1.0499999523162842,1.0299999713897705,1.0499999523162842,0.821713924407959,344000
2017-08-17,1.0399999618530273,1.0399999618530273,1.0299999713897705,1.0299999713897705,0.8060622215270996,246000
2017-08-18,1.0099999904632568,1.0700000524520874,1.0099999904632568,1.059999942779541,0.8295397758483887,946000
2017-08-21,1.0700000524520874,1.0700000524520874,1.0399999618530273,1.0700000524520874,0.8373656868934631,152000
2017-08-22,1.059999942779541,1.1100000143051147,1.059999942779541,1.090000033378601,0.8738426566123962,1010000
2017-08-23,1.090000033378601,1.090000033378601,1.090000033378601,1.090000033378601,0.8738426566123962,0
2017-08-24,1.090000033378601,1.090000033378601,1.0700000524520874,1.0800000429153442,0.8658257126808167,426000
2017-08-25,1.0800000429153442,1.1100000143051147,1.0800000429153442,1.100000023841858,0.8818596005439758,768000
2017-08-28,1.1100000143051147,1.1100000143051147,1.059999942779541,1.100000023841858,0.8818596005439758,1224000
2017-08-29,1.0800000429153442,1.1200000047683716,1.0700000524520874,1.1200000047683716,0.8978932499885559,1060000
2017-08-30,1.1299999952316284,1.1399999856948853,1.1100000143051147,1.1200000047683716,0.8978932499885559,1354000
2017-08-31,1.1200000047683716,1.1299999952316284,1.1100000143051147,1.1200000047683716,0.8978932499885559,1646000
2017-09-01,1.1200000047683716,1.1399999856948853,1.1100000143051147,1.1200000047683716,0.8978932499885559,874000
2017-09-04,1.1299999952316284,1.1299999952316284,1.1100000143051147,1.1299999952316284,0.905910074710846,180000
2017-09-05,1.1299999952316284,1.1399999856948853,1.1100000143051147,1.1399999856948853,0.9139271974563599,552000
2017-09-06,1.149999976158142,1.149999976158142,1.1299999952316284,1.1299999952316284,0.905910074710846,164000
2017-09-07,1.149999976158142,1.149999976158142,1.100000023841858,1.1100000143051147,0.8898764848709106,686000
2017-09-08,1.1100000143051147,1.1299999952316284,1.0800000429153442,1.1100000143051147,0.8898764848709106,1018000
2017-09-11,1.1299999952316284,1.1299999952316284,1.100000023841858,1.1200000047683716,0.8978932499885559,530000
2017-09-12,1.1299999952316284,1.1299999952316284,1.1100000143051147,1.1200000047683716,0.8978932499885559,208000
2017-09-13,1.1200000047683716,1.149999976158142,1.100000023841858,1.1299999952316284,0.905910074710846,518000
2017-09-14,1.100000023841858,1.1200000047683716,1.100000023841858,1.1200000047683716,0.8978932499885559,138000
2017-09-15,1.1299999952316284,1.1299999952316284,1.100000023841858,1.1200000047683716,0.8978932499885559,884000
2017-09-18,1.1200000047683716,1.1299999952316284,1.100000023841858,1.100000023841858,0.8818596005439758,316000
2017-09-19,1.1200000047683716,1.1299999952316284,1.090000033378601,1.1200000047683716,0.8978932499885559,486000
2017-09-20,1.1399999856948853,1.1399999856948853,1.100000023841858,1.1200000047683716,0.8978932499885559,460000
2017-09-21,1.1200000047683716,1.1200000047683716,1.1100000143051147,1.1100000143051147,0.8898764848709106,314000
2017-09-22,1.100000023841858,1.1200000047683716,1.100000023841858,1.1100000143051147,0.8898764848709106,160000
2017-09-25,1.100000023841858,1.1100000143051147,1.0800000429153442,1.1100000143051147,0.8898764848709106,636000
2017-09-26,1.100000023841858,1.100000023841858,1.0499999523162842,1.059999942779541,0.8697731494903564,250000
2017-09-27,1.059999942779541,1.059999942779541,1.059999942779541,1.059999942779541,0.8697731494903564,30000
2017-09-28,1.0800000429153442,1.0800000429153442,1.0700000524520874,1.0700000524520874,0.8779786229133606,140000
2017-09-29,1.0700000524520874,1.0700000524520874,1.0499999523162842,1.0700000524520874,0.8779786229133606,122000
2017-10-03,1.0800000429153442,1.0800000429153442,1.0399999618530273,1.0700000524520874,0.8779786229133606,138000
2017-10-04,1.059999942779541,1.0800000429153442,1.0499999523162842,1.0800000429153442,0.88618403673172,212000
2017-10-06,1.059999942779541,1.100000023841858,1.059999942779541,1.0800000429153442,0.88618403673172,450000
2017-10-09,1.0700000524520874,1.0700000524520874,1.0499999523162842,1.0700000524520874,0.8779786229133606,248000
2017-10-10,1.0700000524520874,1.1200000047683716,1.0499999523162842,1.059999942779541,0.8697731494903564,990000
2017-10-11,1.059999942779541,1.0700000524520874,1.0499999523162842,1.059999942779541,0.8697731494903564,962000
2017-10-12,1.0499999523162842,1.0700000524520874,1.0399999618530273,1.0399999618530273,0.8533623218536377,324000
2017-10-13,1.0499999523162842,1.0499999523162842,1.0399999618530273,1.0399999618530273,0.8533623218536377,170000
2017-10-16,1.0499999523162842,1.0499999523162842,1.0399999618530273,1.0499999523162842,0.8615677356719971,848000
2017-10-17,1.0499999523162842,1.0499999523162842,1.0399999618530273,1.0499999523162842,0.8615677356719971,164000
2017-10-18,1.0499999523162842,1.0499999523162842,1.0399999618530273,1.0399999618530273,0.8533623218536377,536000
2017-10-19,1.0399999618530273,1.0399999618530273,0.9900000095367432,1.0099999904632568,0.8287461400032043,1416000
2017-10-20,1.0099999904632568,1.0199999809265137,1.0,1.0199999809265137,0.8369515538215637,508000
2017-10-23,1.0099999904632568,1.0099999904632568,0.9800000190734863,1.0,0.820540726184845,4818000
2017-10-24,1.0,1.0,1.0,1.0,0.820540726184845,424000
2017-10-25,1.0,1.0,0.9900000095367432,1.0,0.820540726184845,550000
2017-10-26,1.0,1.0,0.9900000095367432,0.9900000095367432,0.8123352527618408,1528000
2017-10-27,1.0,1.0,0.9700000286102295,0.9800000190734863,0.804129958152771,206000
2017-10-30,0.9800000190734863,0.9900000095367432,0.9800000190734863,0.9900000095367432,0.8123352527618408,296000
2017-10-31,1.0,1.0,0.9900000095367432,1.0,0.820540726184845,298000
2017-11-01,0.9900000095367432,1.0,0.9800000190734863,0.9900000095367432,0.8123352527618408,24000
2017-11-02,1.0,1.0,0.949999988079071,1.0,0.820540726184845,320000
2017-11-03,0.9900000095367432,0.9900000095367432,0.9700000286102295,0.9800000190734863,0.804129958152771,480000
2017-11-06,0.9900000095367432,0.9900000095367432,0.9700000286102295,0.9900000095367432,0.8123352527618408,940000
2017-11-07,0.9900000095367432,0.9900000095367432,0.9700000286102295,0.9900000095367432,0.8123352527618408,116000
2017-11-08,0.9700000286102295,0.9800000190734863,0.9599999785423279,0.9599999785423279,0.7877190709114075,1236000
2017-11-09,0.949999988079071,0.9800000190734863,0.9100000262260437,0.9700000286102295,0.7959244847297668,556000
2017-11-10,0.9399999976158142,0.9700000286102295,0.9399999976158142,0.9700000286102295,0.7959244847297668,1404000
2017-11-13,0.9700000286102295,0.9700000286102295,0.9200000166893005,0.9200000166893005,0.7548975348472595,1548000
2017-11-14,0.9200000166893005,0.9399999976158142,0.8999999761581421,0.8999999761581421,0.738486647605896,1550000
2017-11-15,0.8999999761581421,0.9200000166893005,0.8999999761581421,0.9100000262260437,0.7466920614242554,1334000
2017-11-16,0.8999999761581421,0.9100000262260437,0.8899999856948853,0.9100000262260437,0.7466920614242554,1688000
2017-11-17,0.9100000262260437,0.9100000262260437,0.8899999856948853,0.9100000262260437,0.7466920614242554,550000
2017-11-20,0.9300000071525574,0.9300000071525574,0.9100000262260437,0.9200000166893005,0.7548975348472595,1104000
2017-11-21,0.9300000071525574,0.9399999976158142,0.9200000166893005,0.9300000071525574,0.7631028294563293,1014000
2017-11-22,0.949999988079071,0.9700000286102295,0.9399999976158142,0.9599999785423279,0.7877190709114075,1454000
2017-11-23,0.9599999785423279,1.0,0.9599999785423279,1.0,0.820540726184845,3878000
2017-11-24,0.9900000095367432,1.0,0.9800000190734863,0.9800000190734863,0.804129958152771,620000
2017-11-27,0.9700000286102295,0.9900000095367432,0.9700000286102295,0.9800000190734863,0.804129958152771,718000
2017-11-28,0.9800000190734863,0.9800000190734863,0.9800000190734863,0.9800000190734863,0.804129958152771,390000
2017-11-29,0.9700000286102295,0.9700000286102295,0.9599999785423279,0.9700000286102295,0.7959244847297668,552000
2017-11-30,0.9700000286102295,0.9700000286102295,0.9700000286102295,0.9700000286102295,0.7959244847297668,6000
2017-12-01,0.9800000190734863,0.9800000190734863,0.9700000286102295,0.9700000286102295,0.7959244847297668,22000
2017-12-04,0.949999988079071,0.949999988079071,0.9300000071525574,0.9399999976158142,0.7713083028793335,828000
2017-12-05,0.9399999976158142,0.9599999785423279,0.9399999976158142,0.9599999785423279,0.7877190709114075,720000
2017-12-06,0.9599999785423279,0.9599999785423279,0.949999988079071,0.949999988079071,0.7795136570930481,1664000
2017-12-07,0.949999988079071,0.9700000286102295,0.9399999976158142,0.949999988079071,0.7795136570930481,408000
2017-12-08,0.949999988079071,0.949999988079071,0.949999988079071,0.949999988079071,0.7795136570930481,124000
2017-12-11,0.9599999785423279,0.9700000286102295,0.9599999785423279,0.9599999785423279,0.7877190709114075,316000
2017-12-12,0.9900000095367432,0.9900000095367432,0.949999988079071,0.9599999785423279,0.7877190709114075,726000
2017-12-13,0.9700000286102295,0.9700000286102295,0.9700000286102295,0.9700000286102295,0.7959244847297668,380000
2017-12-14,0.9800000190734863,0.9800000190734863,0.9399999976158142,0.9800000190734863,0.804129958152771,600000
2017-12-15,0.949999988079071,0.9599999785423279,0.949999988079071,0.949999988079071,0.7795136570930481,194000
2017-12-18,0.9700000286102295,0.9800000190734863,0.9599999785423279,0.9800000190734863,0.804129958152771,182000
2017-12-19,0.9599999785423279,0.9599999785423279,0.9399999976158142,0.949999988079071,0.7795136570930481,606000
2017-12-20,0.949999988079071,0.9599999785423279,0.9399999976158142,0.9599999785423279,0.7877190709114075,158000
2017-12-21,0.9399999976158142,0.949999988079071,0.9399999976158142,0.9399999976158142,0.7713083028793335,606000
2017-12-22,0.9399999976158142,0.9599999785423279,0.9399999976158142,0.949999988079071,0.7795136570930481,174000
2017-12-27,0.9599999785423279,1.090000033378601,0.9599999785423279,1.059999942779541,0.8697731494903564,7548000
2017-12-28,1.0700000524520874,1.0800000429153442,1.0499999523162842,1.059999942779541,0.8697731494903564,1818000
2017-12-29,1.0499999523162842,1.0700000524520874,1.0499999523162842,1.059999942779541,0.8697731494903564,744000
2018-01-02,1.0700000524520874,1.0800000429153442,1.0499999523162842,1.059999942779541,0.8697731494903564,652000
2018-01-03,1.059999942779541,1.0700000524520874,1.059999942779541,1.0700000524520874,0.8779786229133606,384000
2018-01-04,1.0700000524520874,1.0700000524520874,1.0499999523162842,1.0499999523162842,0.8615677356719971,570000
2018-01-05,1.0499999523162842,1.0499999523162842,1.0,1.0299999713897705,0.8451569080352783,1078000
2018-01-08,1.0299999713897705,1.0299999713897705,1.0,1.0099999904632568,0.8287461400032043,204000
2018-01-09,1.0099999904632568,1.0199999809265137,1.0,1.0,0.820540726184845,488000
2018-01-10,1.0,1.0499999523162842,1.0,1.0499999523162842,0.8615677356719971,1078000
2018-01-11,1.0499999523162842,1.0499999523162842,1.0299999713897705,1.0299999713897705,0.8451569080352783,150000
2018-01-12,1.0199999809265137,1.0199999809265137,1.0,1.0099999904632568,0.8287461400032043,118000
2018-01-15,1.0,1.059999942779541,0.9900000095367432,1.0399999618530273,0.8533623218536377,1882000
2018-01-16,1.0399999618530273,1.0399999618530273,1.0199999809265137,1.0199999809265137,0.8369515538215637,208000
2018-01-17,1.0099999904632568,1.0199999809265137,1.0099999904632568,1.0099999904632568,0.8287461400032043,110000
2018-01-18,1.0099999904632568,1.0099999904632568,1.0,1.0099999904632568,0.8287461400032043,168000
2018-01-19,1.0099999904632568,1.0099999904632568,1.0099999904632568,1.0099999904632568,0.8287461400032043,0
2018-01-22,1.0099999904632568,1.0399999618530273,0.9800000190734863,1.0,0.820540726184845,586000
2018-01-23,1.0,1.0,1.0,1.0,0.820540726184845,444000
2018-01-24,1.0,1.0,0.9800000190734863,0.9800000190734863,0.804129958152771,430000
2018-01-25,0.9800000190734863,0.9800000190734863,0.9599999785423279,0.9700000286102295,0.7959244847297668,1408000
2018-01-26,0.9800000190734863,1.0399999618530273,0.9800000190734863,1.0099999904632568,0.8287461400032043,386000
2018-01-29,0.9900000095367432,0.9900000095367432,0.9800000190734863,0.9900000095367432,0.8123352527618408,134000
2018-01-30,0.9900000095367432,1.0,0.9900000095367432,0.9900000095367432,0.8123352527618408,208000
2018-01-31,0.9900000095367432,0.9900000095367432,0.9700000286102295,0.9700000286102295,0.7959244847297668,360000
2018-02-01,0.9800000190734863,0.9800000190734863,0.9200000166893005,0.949999988079071,0.7795136570930481,294000
2018-02-02,0.9599999785423279,1.0,0.9399999976158142,0.949999988079071,0.7795136570930481,664000
2018-02-05,0.949999988079071,0.949999988079071,0.9300000071525574,0.9399999976158142,0.7713083028793335,578000
2018-02-06,0.9300000071525574,0.9399999976158142,0.9200000166893005,0.9200000166893005,0.7548975348472595,668000
2018-02-07,0.9200000166893005,0.9599999785423279,0.9200000166893005,0.9300000071525574,0.7631028294563293,226000
2018-02-08,0.949999988079071,0.949999988079071,0.9200000166893005,0.9200000166893005,0.7548975348472595,508000
2018-02-09,0.9200000166893005,0.9200000166893005,0.8799999952316284,0.8999999761581421,0.738486647605896,352000
2018-02-12,0.9200000166893005,0.9399999976158142,0.8999999761581421,0.8999999761581421,0.738486647605896,764000
2018-02-13,0.9100000262260437,0.9200000166893005,0.9100000262260437,0.9100000262260437,0.7466920614242554,244000
2018-02-14,0.8799999952316284,0.9100000262260437,0.8799999952316284,0.9100000262260437,0.7466920614242554,110000
2018-02-15,0.9399999976158142,0.9399999976158142,0.8999999761581421,0.9300000071525574,0.7631028294563293,1242000
2018-02-20,0.9200000166893005,0.9200000166893005,0.9200000166893005,0.9200000166893005,0.7548975348472595,46000
2018-02-21,0.9200000166893005,0.9399999976158142,0.8999999761581421,0.9300000071525574,0.7631028294563293,1750000
2018-02-22,0.9300000071525574,0.9300000071525574,0.9100000262260437,0.9100000262260437,0.7466920614242554,26000
2018-02-23,0.9200000166893005,0.9300000071525574,0.9100000262260437,0.9200000166893005,0.7548975348472595,30000
2018-02-26,0.9200000166893005,0.9200000166893005,0.9100000262260437,0.9100000262260437,0.7466920614242554,106000
2018-02-27,0.9300000071525574,0.9300000071525574,0.9300000071525574,0.9300000071525574,0.7631028294563293,0
2018-02-28,0.8999999761581421,0.9300000071525574,0.8999999761581421,0.9300000071525574,0.7631028294563293,68000
2018-03-01,0.8999999761581421,0.9100000262260437,0.8999999761581421,0.9100000262260437,0.7466920614242554,342000
2018-03-02,0.8999999761581421,0.9100000262260437,0.8999999761581421,0.9100000262260437,0.7466920614242554,44000
2018-03-05,0.8999999761581421,0.8999999761581421,0.8799999952316284,0.8899999856948853,0.7302812337875366,282000
2018-03-06,0.8899999856948853,0.9200000166893005,0.8899999856948853,0.8999999761581421,0.738486647605896,266000
2018-03-07,0.9100000262260437,0.9100000262260437,0.8799999952316284,0.8799999952316284,0.7220758199691772,102000
2018-03-08,0.8999999761581421,0.9200000166893005,0.8899999856948853,0.8899999856948853,0.7302812337875366,84000
2018-03-09,0.9100000262260437,0.9100000262260437,0.9100000262260437,0.9100000262260437,0.7466920614242554,10000
2018-03-12,0.9100000262260437,0.9100000262260437,0.9100000262260437,0.9100000262260437,0.7466920614242554,0
2018-03-13,0.9100000262260437,0.9100000262260437,0.9100000262260437,0.9100000262260437,0.7466920614242554,0
2018-03-14,0.9100000262260437,0.9100000262260437,0.9100000262260437,0.9100000262260437,0.7466920614242554,0
2018-03-15,0.8799999952316284,0.9100000262260437,0.8700000047683716,0.8899999856948853,0.7302812337875366,848000
2018-03-16,0.8899999856948853,0.8899999856948853,0.8899999856948853,0.8899999856948853,0.7302812337875366,90000
2018-03-19,0.8799999952316284,0.8899999856948853,0.8700000047683716,0.8799999952316284,0.7220758199691772,326000
2018-03-20,0.8799999952316284,0.8799999952316284,0.8700000047683716,0.8799999952316284,0.7220758199691772,114000
2018-03-21,0.8899999856948853,0.8899999856948853,0.8899999856948853,0.8899999856948853,0.7302812337875366,420000
2018-03-22,0.8799999952316284,0.8899999856948853,0.8700000047683716,0.8799999952316284,0.7220758199691772,280000
2018-03-23,0.8600000143051147,0.8700000047683716,0.8600000143051147,0.8600000143051147,0.7056650519371033,144000
2018-03-26,0.8600000143051147,0.8600000143051147,0.8399999737739563,0.8600000143051147,0.7056650519371033,100000
2018-03-27,0.8600000143051147,0.8700000047683716,0.8600000143051147,0.8700000047683716,0.7138704061508179,80000
2018-03-28,0.8600000143051147,0.8600000143051147,0.8600000143051147,0.8600000143051147,0.7056650519371033,0
2018-03-29,0.8600000143051147,0.8600000143051147,0.8600000143051147,0.8600000143051147,0.7056650519371033,386000
2018-04-03,0.8500000238418579,0.8500000238418579,0.8399999737739563,0.8399999737739563,0.689254105091095,46000
2018-04-04,0.8500000238418579,0.8500000238418579,0.8100000023841858,0.8100000023841858,0.6646379828453064,476000
2018-04-06,0.8199999928474426,0.8199999928474426,0.8100000023841858,0.8100000023841858,0.6646379828453064,150000
2018-04-09,0.8100000023841858,0.8100000023841858,0.800000011920929,0.8100000023841858,0.6646379828453064,294000
2018-04-10,0.8100000023841858,0.8100000023841858,0.8100000023841858,0.8100000023841858,0.6646379828453064,0
2018-04-11,0.8199999928474426,0.8299999833106995,0.800000011920929,0.800000011920929,0.6564325094223022,500000
2018-04-12,0.7900000214576721,0.8399999737739563,0.7900000214576721,0.8199999928474426,0.6728433966636658,84000
2018-04-13,0.800000011920929,0.800000011920929,0.800000011920929,0.800000011920929,0.6564325094223022,0
2018-04-16,0.800000011920929,0.800000011920929,0.800000011920929,0.800000011920929,0.6564325094223022,0
2018-04-17,0.8100000023841858,0.8100000023841858,0.7900000214576721,0.800000011920929,0.6564325094223022,112000
2018-04-18,0.800000011920929,0.800000011920929,0.7599999904632568,0.7699999809265137,0.6318163275718689,762000
2018-04-19,0.7400000095367432,0.7699999809265137,0.7400000095367432,0.75,0.6154054999351501,144000
2018-04-20,0.75,0.8899999856948853,0.75,0.8199999928474426,0.6728433966636658,146000
2018-04-23,0.800000011920929,0.800000011920929,0.800000011920929,0.800000011920929,0.6564325094223022,0
2018-04-24,0.7799999713897705,0.7799999713897705,0.7799999713897705,0.7799999713897705,0.6400217413902283,304000
2018-04-25,0.7799999713897705,0.7799999713897705,0.7799999713897705,0.7799999713897705,0.6400217413902283,10000
2018-04-26,0.7900000214576721,0.7900000214576721,0.7400000095367432,0.7599999904632568,0.6236109733581543,264000
2018-04-27,0.7599999904632568,0.7799999713897705,0.7599999904632568,0.7799999713897705,0.6400217413902283,54000
2018-04-30,0.7699999809265137,0.7699999809265137,0.7699999809265137,0.7699999809265137,0.6318163275718689,24000
2018-05-02,0.7599999904632568,0.7799999713897705,0.7599999904632568,0.7699999809265137,0.6318163275718689,46000
2018-05-03,0.75,0.75,0.75,0.75,0.6154054999351501,0
2018-05-04,0.7699999809265137,0.7699999809265137,0.7599999904632568,0.7699999809265137,0.6318163275718689,14000
2018-05-07,0.7699999809265137,0.800000011920929,0.7699999809265137,0.7900000214576721,0.6482272148132324,34000
2018-05-08,0.7900000214576721,0.7900000214576721,0.7699999809265137,0.7699999809265137,0.6318163275718689,68000
2018-05-09,0.7699999809265137,0.7699999809265137,0.7699999809265137,0.7699999809265137,0.6318163275718689,30000
2018-05-10,0.7699999809265137,0.7699999809265137,0.7699999809265137,0.7699999809265137,0.6318163275718689,0
2018-05-11,0.7699999809265137,0.7699999809265137,0.7699999809265137,0.7699999809265137,0.6318163275718689,0
2018-05-14,0.7599999904632568,0.7599999904632568,0.75,0.75,0.6154054999351501,30000
2018-05-15,0.75,0.75,0.75,0.75,0.6154054999351501,0
2018-05-16,0.75,0.75,0.75,0.7599999904632568,0.6236109733581543,30000
2018-05-17,0.7699999809265137,0.7900000214576721,0.75,0.75,0.6154054999351501,238000
2018-05-18,0.7300000190734863,0.7599999904632568,0.7300000190734863,0.7599999904632568,0.6236109733581543,802000
2018-05-21,0.7599999904632568,0.7799999713897705,0.7200000286102295,0.7300000190734863,0.5989947319030762,1040000
2018-05-23,0.7699999809265137,0.7699999809265137,0.7699999809265137,0.7699999809265137,0.6318163275718689,76000
2018-05-24,0.7699999809265137,0.7699999809265137,0.7699999809265137,0.7699999809265137,0.6318163275718689,0
2018-05-25,0.7699999809265137,0.7699999809265137,0.7699999809265137,0.7699999809265137,0.6318163275718689,0
2018-05-28,0.7699999809265137,0.7699999809265137,0.7699999809265137,0.7699999809265137,0.6318163275718689,0
2018-05-29,0.800000011920929,0.800000011920929,0.7799999713897705,0.7799999713897705,0.6400217413902283,130000
2018-05-30,0.7699999809265137,0.7699999809265137,0.7699999809265137,0.7699999809265137,0.6318163275718689,0
2018-05-31,0.7699999809265137,0.7699999809265137,0.7699999809265137,0.7699999809265137,0.6318163275718689,0
2018-06-01,0.7699999809265137,0.7699999809265137,0.7699999809265137,0.7699999809265137,0.6318163275718689,0
2018-06-04,0.75,0.75,0.7400000095367432,0.75,0.6154054999351501,82000
2018-06-05,0.75,0.75,0.75,0.75,0.6154054999351501,0
2018-06-06,0.7400000095367432,0.7400000095367432,0.7400000095367432,0.7400000095367432,0.6072000861167908,28000
2018-06-07,0.75,0.75,0.75,0.75,0.6154054999351501,0
2018-06-08,0.75,0.75,0.75,0.75,0.6154054999351501,0
2018-06-11,0.7400000095367432,0.7400000095367432,0.7200000286102295,0.7400000095367432,0.6072000861167908,460000
2018-06-12,0.7300000190734863,0.7300000190734863,0.7300000190734863,0.7300000190734863,0.5989947319030762,30000
2018-06-13,0.7599999904632568,0.7599999904632568,0.7599999904632568,0.7599999904632568,0.6236109733581543,20000
2018-06-14,0.7300000190734863,0.75,0.7200000286102295,0.75,0.6154054999351501,442000
2018-06-15,0.7300000190734863,0.7300000190734863,0.7200000286102295,0.7200000286102295,0.5907893180847168,186000
2018-06-19,0.7300000190734863,0.7300000190734863,0.699999988079071,0.699999988079071,0.5743784308433533,88000
2018-06-20,0.699999988079071,0.699999988079071,0.699999988079071,0.699999988079071,0.5743784308433533,4000
2018-06-21,0.699999988079071,0.699999988079071,0.699999988079071,0.699999988079071,0.5743784308433533,50000
2018-06-22,0.7200000286102295,0.7200000286102295,0.7200000286102295,0.7200000286102295,0.5907893180847168,30000
2018-06-25,0.7200000286102295,0.7200000286102295,0.7200000286102295,0.7200000286102295,0.5907893180847168,0
2018-06-26,0.6800000071525574,0.699999988079071,0.6800000071525574,0.699999988079071,0.5743784308433533,150000
2018-06-27,0.6700000166893005,0.6800000071525574,0.6299999952316284,0.6600000262260437,0.5415568947792053,144000
2018-06-28,0.699999988079071,0.699999988079071,0.6399999856948853,0.6800000071525574,0.5579676628112793,614000
2018-06-29,0.6899999976158142,0.699999988079071,0.6899999976158142,0.6899999976158142,0.5661730766296387,106000
2018-07-03,0.6299999952316284,0.6899999976158142,0.6299999952316284,0.6899999976158142,0.5661730766296387,44000
2018-07-04,0.6800000071525574,0.6800000071525574,0.6800000071525574,0.6800000071525574,0.5579676628112793,0
2018-07-05,0.6600000262260437,0.6800000071525574,0.6399999856948853,0.6800000071525574,0.5579676628112793,290000
2018-07-06,0.6800000071525574,0.6800000071525574,0.6600000262260437,0.6600000262260437,0.5415568947792053,160000
2018-07-09,0.6600000262260437,0.6600000262260437,0.6600000262260437,0.6700000166893005,0.5497622489929199,264000
2018-07-10,0.6700000166893005,0.6700000166893005,0.6700000166893005,0.6700000166893005,0.5497622489929199,12000
2018-07-11,0.6600000262260437,0.6600000262260437,0.6499999761581421,0.6700000166893005,0.5497622489929199,90000
2018-07-12,0.6800000071525574,0.6800000071525574,0.6700000166893005,0.6800000071525574,0.5579676628112793,176000
2018-07-13,0.6600000262260437,0.6800000071525574,0.6600000262260437,0.6800000071525574,0.5579676628112793,252000
2018-07-16,0.699999988079071,0.7099999785423279,0.699999988079071,0.7099999785423279,0.5825838446617126,52000
2018-07-17,0.699999988079071,0.699999988079071,0.699999988079071,0.699999988079071,0.5743784308433533,0
2018-07-18,0.6800000071525574,0.6800000071525574,0.6700000166893005,0.6700000166893005,0.5497622489929199,80000
2018-07-19,0.6700000166893005,0.6700000166893005,0.6700000166893005,0.6700000166893005,0.5497622489929199,336004
2018-07-20,0.6600000262260437,0.6600000262260437,0.6499999761581421,0.6499999761581421,0.533351480960846,112000
2018-07-23,0.6499999761581421,0.6499999761581421,0.6499999761581421,0.6499999761581421,0.533351480960846,0
2018-07-24,0.6700000166893005,0.6700000166893005,0.6700000166893005,0.6700000166893005,0.5497622489929199,110000
2018-07-25,0.6399999856948853,0.6600000262260437,0.6299999952316284,0.6399999856948853,0.5251460671424866,636000
2018-07-26,0.6600000262260437,0.6700000166893005,0.6600000262260437,0.6600000262260437,0.5415568947792053,506000
2018-07-27,0.6600000262260437,0.6700000166893005,0.6499999761581421,0.6700000166893005,0.5497622489929199,70000
2018-07-30,0.6600000262260437,0.6600000262260437,0.6600000262260437,0.6600000262260437,0.5415568947792053,0
2018-07-31,0.6600000262260437,0.6800000071525574,0.6399999856948853,0.6399999856948853,0.5251460671424866,76000
2018-08-01,0.6399999856948853,0.6499999761581421,0.6399999856948853,0.6499999761581421,0.533351480960846,36000
2018-08-02,0.6399999856948853,0.6499999761581421,0.6399999856948853,0.6499999761581421,0.533351480960846,292000
2018-08-03,0.6399999856948853,0.6399999856948853,0.6299999952316284,0.6399999856948853,0.5251460671424866,74000
2018-08-06,0.6299999952316284,0.6399999856948853,0.6299999952316284,0.6299999952316284,0.516940712928772,130000
2018-08-07,0.6299999952316284,0.6399999856948853,0.6000000238418579,0.6299999952316284,0.516940712928772,192000
2018-08-08,0.6399999856948853,0.6499999761581421,0.6399999856948853,0.6399999856948853,0.5251460671424866,446000
2018-08-09,0.6399999856948853,0.6399999856948853,0.6399999856948853,0.6399999856948853,0.5251460671424866,2000
2018-08-10,0.6299999952316284,0.6499999761581421,0.6200000047683716,0.6600000262260437,0.5415568947792053,126000
2018-08-13,0.6600000262260437,0.6600000262260437,0.6600000262260437,0.6600000262260437,0.5415568947792053,0
2018-08-14,0.6200000047683716,0.6299999952316284,0.6200000047683716,0.6299999952316284,0.516940712928772,222000
2018-08-15,0.6200000047683716,0.6200000047683716,0.6200000047683716,0.6200000047683716,0.5087352395057678,0
2018-08-16,0.6100000143051147,0.6299999952316284,0.6000000238418579,0.6200000047683716,0.5087352395057678,176000
2018-08-17,0.6100000143051147,0.6100000143051147,0.6100000143051147,0.6200000047683716,0.5087352395057678,4000
2018-08-20,0.6200000047683716,0.6200000047683716,0.6100000143051147,0.6200000047683716,0.5087352395057678,196000
2018-08-21,0.6299999952316284,0.6399999856948853,0.6299999952316284,0.6399999856948853,0.5251460671424866,72000
2018-08-22,0.6399999856948853,0.6399999856948853,0.6399999856948853,0.6399999856948853,0.5251460671424866,0
2018-08-23,0.6399999856948853,0.6399999856948853,0.6399999856948853,0.6399999856948853,0.5251460671424866,0
2018-08-24,0.6100000143051147,0.6499999761581421,0.6100000143051147,0.6499999761581421,0.533351480960846,166000
2018-08-27,0.6700000166893005,0.6399999856948853,0.6399999856948853,0.6399999856948853,0.5251460671424866,44000
2018-08-28,0.6499999761581421,0.6499999761581421,0.6399999856948853,0.6600000262260437,0.5415568947792053,438000
2018-08-29,0.6499999761581421,0.6600000262260437,0.6499999761581421,0.6600000262260437,0.5415568947792053,156000
2018-08-30,0.6200000047683716,0.6200000047683716,0.6200000047683716,0.6200000047683716,0.5388625860214233,6000
2018-08-31,0.6100000143051147,0.6100000143051147,0.6100000143051147,0.6100000143051147,0.5301713347434998,58000
2018-09-03,0.6100000143051147,0.6100000143051147,0.6100000143051147,0.6100000143051147,0.5301713347434998,0
2018-09-04,0.6100000143051147,0.6100000143051147,0.6100000143051147,0.6100000143051147,0.5301713347434998,0
2018-09-05,0.6100000143051147,0.6100000143051147,0.6100000143051147,0.6100000143051147,0.5301713347434998,0
2018-09-06,0.6000000238418579,0.6000000238418579,0.6000000238418579,0.6000000238418579,0.5214799642562866,400000
2018-09-07,0.5799999833106995,0.5799999833106995,0.5799999833106995,0.5799999833106995,0.5040972232818604,2000
2018-09-10,0.5799999833106995,0.5799999833106995,0.5299999713897705,0.5299999713897705,0.4606405794620514,260000
2018-09-11,0.5299999713897705,0.5299999713897705,0.5299999713897705,0.5299999713897705,0.4606405794620514,142000
2018-09-12,0.5400000214576721,0.5600000023841858,0.5400000214576721,0.5600000023841858,0.48671457171440125,56000
2018-09-13,0.5799999833106995,0.5799999833106995,0.5799999833106995,0.5799999833106995,0.5040972232818604,150000
2018-09-14,0.5799999833106995,0.5799999833106995,0.5600000023841858,0.5600000023841858,0.48671457171440125,436000
2018-09-17,0.5600000023841858,0.5600000023841858,0.5600000023841858,0.5600000023841858,0.48671457171440125,0
2018-09-18,0.5899999737739563,0.5899999737739563,0.5899999737739563,0.5899999737739563,0.5127885937690735,100000
2018-09-19,0.5899999737739563,0.5899999737739563,0.5899999737739563,0.5899999737739563,0.5127885937690735,0
2018-09-20,0.5699999928474426,0.5899999737739563,0.48500001430511475,0.5899999737739563,0.5127885937690735,2398000
2018-09-21,0.6000000238418579,0.6499999761581421,0.5699999928474426,0.6000000238418579,0.5214799642562866,3376000
2018-09-24,0.6100000143051147,0.6100000143051147,0.5600000023841858,0.5600000023841858,0.48671457171440125,136000
2018-09-26,0.5600000023841858,0.5600000023841858,0.5099999904632568,0.5099999904632568,0.4432579278945923,1552000
2018-09-27,0.5099999904632568,0.5099999904632568,0.5,0.5,0.43456658720970154,518000
2018-09-28,0.5,0.5,0.5,0.5,0.43456658720970154,636000
2018-10-02,0.5,0.5,0.49000000953674316,0.49000000953674316,0.4258752763271332,296000
2018-10-03,0.4749999940395355,0.47999998927116394,0.46000000834465027,0.4749999940395355,0.41283825039863586,1068000
2018-10-04,0.4749999940395355,0.4950000047683716,0.4749999940395355,0.49000000953674316,0.4258752763271332,290000
2018-10-05,0.49000000953674316,0.5299999713897705,0.49000000953674316,0.5299999713897705,0.4606405794620514,262000
2018-10-08,0.5299999713897705,0.5299999713897705,0.5299999713897705,0.5299999713897705,0.4606405794620514,110000
2018-10-09,0.4749999940395355,0.5199999809265137,0.4749999940395355,0.5199999809265137,0.45194923877716064,22000
2018-10-10,0.5199999809265137,0.5299999713897705,0.49000000953674316,0.5199999809265137,0.45194923877716064,384000
2018-10-11,0.5199999809265137,0.5199999809265137,0.5,0.5,0.43456658720970154,436000
2018-10-12,0.5299999713897705,0.5299999713897705,0.5299999713897705,0.5299999713897705,0.4606405794620514,2000
2018-10-15,0.5299999713897705,0.5299999713897705,0.5299999713897705,0.5299999713897705,0.4606405794620514,0
2018-10-16,0.5299999713897705,0.5299999713897705,0.5299999713897705,0.5299999713897705,0.4606405794620514,200000
2018-10-18,0.5299999713897705,0.5299999713897705,0.5299999713897705,0.5299999713897705,0.4606405794620514,300000
2018-10-19,0.5299999713897705,0.5299999713897705,0.5299999713897705,0.5299999713897705,0.4606405794620514,0
2018-10-22,0.5299999713897705,0.5299999713897705,0.5299999713897705,0.5299999713897705,0.4606405794620514,10000
2018-10-23,0.5299999713897705,0.5299999713897705,0.5299999713897705,0.5299999713897705,0.4606405794620514,0
2018-10-24,0.5299999713897705,0.5299999713897705,0.5299999713897705,0.5299999713897705,0.4606405794620514,0
2018-10-25,0.5299999713897705,0.5299999713897705,0.5299999713897705,0.5299999713897705,0.4606405794620514,0
2018-10-26,0.5299999713897705,0.5299999713897705,0.5299999713897705,0.5299999713897705,0.4606405794620514,0
2018-10-29,0.5299999713897705,0.5299999713897705,0.5299999713897705,0.5299999713897705,0.4606405794620514,0
2018-10-30,0.5099999904632568,0.5299999713897705,0.48500001430511475,0.5299999713897705,0.4606405794620514,52000
2018-10-31,0.5199999809265137,0.5199999809265137,0.5199999809265137,0.5199999809265137,0.45194923877716064,0
2018-11-01,0.5299999713897705,0.5699999928474426,0.5299999713897705,0.5400000214576721,0.4693319499492645,564000
2018-11-02,0.5400000214576721,0.5400000214576721,0.5099999904632568,0.5099999904632568,0.4432579278945923,308000
2018-11-05,0.5299999713897705,0.5400000214576721,0.5299999713897705,0.5299999713897705,0.4606405794620514,110000
2018-11-06,0.5299999713897705,0.5299999713897705,0.5299999713897705,0.5299999713897705,0.4606405794620514,0
2018-11-07,0.5099999904632568,0.5299999713897705,0.5,0.5099999904632568,0.4432579278945923,316000
2018-11-08,0.5099999904632568,0.5099999904632568,0.5099999904632568,0.5099999904632568,0.4432579278945923,0
2018-11-09,0.5099999904632568,0.5099999904632568,0.5099999904632568,0.5099999904632568,0.4432579278945923,0
2018-11-12,0.5400000214576721,0.5400000214576721,0.5400000214576721,0.5400000214576721,0.4693319499492645,40000
2018-11-13,0.5400000214576721,0.5400000214576721,0.5400000214576721,0.5400000214576721,0.4693319499492645,0
2018-11-14,0.5199999809265137,0.5199999809265137,0.5199999809265137,0.5199999809265137,0.45194923877716064,1000000
2018-11-15,0.5299999713897705,0.5299999713897705,0.4950000047683716,0.5,0.43456658720970154,1792000
2018-11-16,0.5199999809265137,0.5299999713897705,0.5199999809265137,0.5199999809265137,0.45194923877716064,40000
2018-11-19,0.5299999713897705,0.5299999713897705,0.49000000953674316,0.5099999904632568,0.4432579278945923,1684000
2018-11-20,0.5,0.5,0.5,0.5,0.43456658720970154,32000
2018-11-21,0.5099999904632568,0.5199999809265137,0.5099999904632568,0.5099999904632568,0.4432579278945923,228000
2018-11-22,0.5099999904632568,0.5099999904632568,0.5099999904632568,0.5099999904632568,0.4432579278945923,100000
2018-11-23,0.5199999809265137,0.5299999713897705,0.5199999809265137,0.5299999713897705,0.4606405794620514,100000
2018-11-26,0.5299999713897705,0.550000011920929,0.5299999713897705,0.550000011920929,0.4780232608318329,100000
2018-11-27,0.550000011920929,0.550000011920929,0.5299999713897705,0.550000011920929,0.4780232608318329,640000
2018-11-28,0.5400000214576721,0.5400000214576721,0.5400000214576721,0.5400000214576721,0.4693319499492645,78000
2018-11-29,0.550000011920929,0.5799999833106995,0.5400000214576721,0.550000011920929,0.4780232608318329,618000
2018-11-30,0.5600000023841858,0.5799999833106995,0.5600000023841858,0.5699999928474426,0.4954059422016144,922000
2018-12-03,0.6200000047683716,0.6200000047683716,0.5899999737739563,0.6200000047683716,0.5388625860214233,1494000
2018-12-04,0.6299999952316284,0.6299999952316284,0.6100000143051147,0.6100000143051147,0.5301713347434998,140000
2018-12-05,0.6100000143051147,0.6299999952316284,0.6000000238418579,0.6200000047683716,0.5388625860214233,392000
2018-12-06,0.6100000143051147,0.6200000047683716,0.5899999737739563,0.5899999737739563,0.5127885937690735,132000
2018-12-07,0.6299999952316284,0.6299999952316284,0.6200000047683716,0.6200000047683716,0.5388625860214233,92000
2018-12-10,0.5799999833106995,0.6800000071525574,0.5799999833106995,0.6800000071525574,0.5910105109214783,908000
2018-12-11,0.6200000047683716,0.6200000047683716,0.5299999713897705,0.550000011920929,0.5039625763893127,1420000
2018-12-12,0.550000011920929,0.550000011920929,0.49000000953674316,0.5,0.45814770460128784,844000
2018-12-13,0.5,0.5099999904632568,0.49000000953674316,0.5,0.45814770460128784,786000
2018-12-14,0.5,0.5,0.44999998807907104,0.47999998927116394,0.4398218095302582,1526000
2018-12-17,0.48500001430511475,0.48500001430511475,0.47999998927116394,0.48500001430511475,0.4444033205509186,466000
2018-12-18,0.48500001430511475,0.5,0.47999998927116394,0.47999998927116394,0.4398218095302582,174000
2018-12-19,0.48500001430511475,0.5,0.47999998927116394,0.47999998927116394,0.4398218095302582,110000
2018-12-20,0.49000000953674316,0.5199999809265137,0.49000000953674316,0.4950000047683716,0.4535662531852722,168000
2018-12-21,0.4950000047683716,0.4950000047683716,0.47999998927116394,0.48500001430511475,0.4444033205509186,150000
2018-12-24,0.47999998927116394,0.47999998927116394,0.47999998927116394,0.47999998927116394,0.4398218095302582,50000
2018-12-27,0.47999998927116394,0.47999998927116394,0.4749999940395355,0.47999998927116394,0.4398218095302582,70000
2018-12-28,0.47999998927116394,0.4950000047683716,0.4699999988079071,0.4699999988079071,0.43065884709358215,328000
2018-12-31,0.4699999988079071,0.4950000047683716,0.4699999988079071,0.4950000047683716,0.4535662531852722,116000
2019-01-02,0.47999998927116394,0.47999998927116394,0.47999998927116394,0.47999998927116394,0.4398218095302582,86000
2019-01-03,0.4699999988079071,0.47999998927116394,0.4699999988079071,0.47999998927116394,0.4398218095302582,34000
2019-01-04,0.46000000834465027,0.5199999809265137,0.46000000834465027,0.5199999809265137,0.4764735996723175,238000
2019-01-07,0.5199999809265137,0.5199999809265137,0.48500001430511475,0.5099999904632568,0.46731066703796387,38000
2019-01-08,0.5,0.5,0.5,0.5,0.45814770460128784,0
2019-01-09,0.5,0.5,0.5,0.5,0.45814770460128784,0
2019-01-10,0.49000000953674316,0.49000000953674316,0.49000000953674316,0.49000000953674316,0.4489847719669342,6000
2019-01-11,0.47999998927116394,0.5199999809265137,0.47999998927116394,0.5,0.45814770460128784,8000
2019-01-14,0.5,0.5099999904632568,0.49000000953674316,0.49000000953674316,0.4489847719669342,124000
2019-01-15,0.49000000953674316,0.49000000953674316,0.47999998927116394,0.47999998927116394,0.4398218095302582,212000
2019-01-16,0.49000000953674316,0.49000000953674316,0.4749999940395355,0.47999998927116394,0.4398218095302582,76000
2019-01-17,0.4699999988079071,0.49000000953674316,0.4699999988079071,0.4749999940395355,0.4352402985095978,158000
2019-01-18,0.49000000953674316,0.4950000047683716,0.48500001430511475,0.48500001430511475,0.4444033205509186,86000
2019-01-21,0.49000000953674316,0.49000000953674316,0.47999998927116394,0.47999998927116394,0.4398218095302582,82000
2019-01-22,0.47999998927116394,0.5,0.47999998927116394,0.49000000953674316,0.4489847719669342,64000
2019-01-23,0.49000000953674316,0.49000000953674316,0.49000000953674316,0.49000000953674316,0.4489847719669342,24000
2019-01-24,0.5,0.5,0.5,0.5,0.45814770460128784,0
2019-01-25,0.5,0.5,0.5,0.5,0.45814770460128784,18000
2019-01-28,0.4950000047683716,0.4950000047683716,0.4950000047683716,0.4950000047683716,0.4535662531852722,20000
2019-01-29,0.4950000047683716,0.5,0.47999998927116394,0.47999998927116394,0.4398218095302582,72000
2019-01-30,0.47999998927116394,0.47999998927116394,0.47999998927116394,0.47999998927116394,0.4398218095302582,0
2019-01-31,0.49000000953674316,0.49000000953674316,0.49000000953674316,0.49000000953674316,0.4489847719669342,40000
2019-02-01,0.5,0.5,0.5,0.5,0.45814770460128784,4000
2019-02-04,0.5,0.5,0.5,0.5,0.45814770460128784,0
2019-02-08,0.5,0.5099999904632568,0.4950000047683716,0.5,0.45814770460128784,44000
2019-02-11,0.5,0.5,0.5,0.5,0.45814770460128784,10000
2019-02-12,0.4950000047683716,0.4950000047683716,0.4950000047683716,0.4950000047683716,0.4535662531852722,110000
2019-02-13,0.49000000953674316,0.49000000953674316,0.49000000953674316,0.49000000953674316,0.4489847719669342,0
2019-02-14,0.49000000953674316,0.5099999904632568,0.49000000953674316,0.5099999904632568,0.46731066703796387,38000
2019-02-15,0.5099999904632568,0.5099999904632568,0.5099999904632568,0.5099999904632568,0.46731066703796387,0
2019-02-18,0.5,0.5,0.5,0.5,0.45814770460128784,0
2019-02-19,0.49000000953674316,0.5,0.49000000953674316,0.5,0.45814770460128784,14000
2019-02-20,0.47999998927116394,0.5,0.47999998927116394,0.5,0.45814770460128784,54000
2019-02-21,0.49000000953674316,0.49000000953674316,0.49000000953674316,0.49000000953674316,0.4489847719669342,0
2019-02-22,0.49000000953674316,0.5,0.49000000953674316,0.5,0.45814770460128784,64000
2019-02-25,0.5,0.5099999904632568,0.5,0.5099999904632568,0.46731066703796387,222000
2019-02-26,0.5,0.5099999904632568,0.5,0.5099999904632568,0.46731066703796387,8000
2019-02-27,0.5099999904632568,0.5099999904632568,0.5099999904632568,0.5099999904632568,0.46731066703796387,0
2019-02-28,0.5099999904632568,0.5400000214576721,0.5099999904632568,0.5199999809265137,0.4764735996723175,434000
2019-03-01,0.5299999713897705,0.5299999713897705,0.5,0.5099999904632568,0.46731066703796387,96000
2019-03-04,0.4950000047683716,0.5400000214576721,0.4950000047683716,0.5099999904632568,0.46731066703796387,180000
2019-03-05,0.5199999809265137,0.5299999713897705,0.5199999809265137,0.5199999809265137,0.4764735996723175,154000
2019-03-06,0.5400000214576721,0.5799999833106995,0.5199999809265137,0.5400000214576721,0.49479955434799194,1624000
2019-03-07,0.5600000023841858,0.5600000023841858,0.5400000214576721,0.550000011920929,0.5039625763893127,714000
2019-03-08,0.550000011920929,0.5600000023841858,0.5299999713897705,0.5299999713897705,0.4856365919113159,362000
2019-03-11,0.5299999713897705,0.550000011920929,0.5299999713897705,0.550000011920929,0.5039625763893127,188000
2019-03-12,0.5299999713897705,0.5699999928474426,0.5299999713897705,0.5600000023841858,0.5131254196166992,50000
2019-03-13,0.550000011920929,0.5600000023841858,0.5199999809265137,0.5299999713897705,0.4856365919113159,1192000
2019-03-14,0.5299999713897705,0.550000011920929,0.5299999713897705,0.5299999713897705,0.4856365919113159,360000
2019-03-15,0.5299999713897705,0.5400000214576721,0.5,0.5099999904632568,0.46731066703796387,1512000
2019-03-18,0.5099999904632568,0.5299999713897705,0.5099999904632568,0.5299999713897705,0.4856365919113159,188000
2019-03-19,0.5,0.5299999713897705,0.5,0.5299999713897705,0.4856365919113159,96000
2019-03-20,0.5299999713897705,0.5299999713897705,0.5299999713897705,0.5299999713897705,0.4856365919113159,0
2019-03-21,0.5,0.5299999713897705,0.5,0.5299999713897705,0.4856365919113159,16000
2019-03-22,0.5199999809265137,0.5199999809265137,0.5199999809265137,0.5199999809265137,0.4764735996723175,24000
2019-03-25,0.5099999904632568,0.5199999809265137,0.5099999904632568,0.5199999809265137,0.4764735996723175,26000
2019-03-26,0.5,0.5099999904632568,0.5,0.5,0.45814770460128784,134000
2019-03-27,0.5099999904632568,0.5299999713897705,0.5099999904632568,0.5199999809265137,0.4764735996723175,24000
2019-03-28,0.5,0.5299999713897705,0.5,0.5299999713897705,0.4856365919113159,52000
2019-03-29,0.5099999904632568,0.5099999904632568,0.5099999904632568,0.5099999904632568,0.46731066703796387,20000
2019-04-01,0.5099999904632568,0.5299999713897705,0.5,0.5299999713897705,0.4856365919113159,54000
2019-04-02,0.5099999904632568,0.5299999713897705,0.5,0.5099999904632568,0.46731066703796387,356000
2019-04-03,0.5,0.5199999809265137,0.5,0.5099999904632568,0.46731066703796387,174000
2019-04-04,0.5099999904632568,0.5099999904632568,0.5,0.5,0.45814770460128784,52000
2019-04-08,0.5,0.5199999809265137,0.5,0.5199999809265137,0.4764735996723175,394000
2019-04-09,0.5099999904632568,0.5299999713897705,0.5099999904632568,0.5299999713897705,0.4856365919113159,462000
2019-04-10,0.5199999809265137,0.5299999713897705,0.5199999809265137,0.5299999713897705,0.4856365919113159,168300
2019-04-11,0.5299999713897705,0.5400000214576721,0.5299999713897705,0.5299999713897705,0.4856365919113159,514000
2019-04-12,0.5699999928474426,0.5899999737739563,0.5299999713897705,0.5299999713897705,0.4856365919113159,314000
2019-04-15,0.5299999713897705,0.5600000023841858,0.5299999713897705,0.5299999713897705,0.4856365919113159,24000
2019-04-16,0.5299999713897705,0.5299999713897705,0.5299999713897705,0.5299999713897705,0.4856365919113159,10000
2019-04-17,0.5299999713897705,0.5299999713897705,0.5299999713897705,0.5299999713897705,0.4856365919113159,0
2019-04-18,0.5299999713897705,0.5299999713897705,0.5299999713897705,0.5299999713897705,0.4856365919113159,72000
2019-04-23,0.5400000214576721,0.5400000214576721,0.5400000214576721,0.5400000214576721,0.49479955434799194,0
2019-04-24,0.5400000214576721,0.5400000214576721,0.5400000214576721,0.5400000214576721,0.49479955434799194,0
2019-04-25,0.5299999713897705,0.5400000214576721,0.5299999713897705,0.5299999713897705,0.4856365919113159,76000
2019-04-26,0.5299999713897705,0.5299999713897705,0.5299999713897705,0.5299999713897705,0.4856365919113159,0
2019-04-29,0.5199999809265137,0.5199999809265137,0.4749999940395355,0.4749999940395355,0.4352402985095978,240000
2019-04-30,0.5299999713897705,0.5299999713897705,0.5299999713897705,0.5,0.45814770460128784,2000
2019-05-02,0.5,0.5,0.5,0.5,0.45814770460128784,46000
2019-05-03,0.5,0.5,0.49000000953674316,0.5099999904632568,0.46731066703796387,130000
2019-05-06,0.5099999904632568,0.5099999904632568,0.49000000953674316,0.49000000953674316,0.4489847719669342,278000
2019-05-07,0.4950000047683716,0.4950000047683716,0.49000000953674316,0.4950000047683716,0.4535662531852722,160000
2019-05-08,0.5,0.5600000023841858,0.49000000953674316,0.5199999809265137,0.4764735996723175,736000
2019-05-09,0.5099999904632568,0.5099999904632568,0.5,0.5,0.45814770460128784,54180
2019-05-10,0.5099999904632568,0.5099999904632568,0.5,0.5,0.45814770460128784,100000
2019-05-14,0.4950000047683716,0.4950000047683716,0.4950000047683716,0.4950000047683716,0.4535662531852722,28000
2019-05-15,0.5,0.5299999713897705,0.5,0.5,0.45814770460128784,38000
2019-05-16,0.5,0.5,0.5,0.5,0.45814770460128784,0
2019-05-17,0.5099999904632568,0.5099999904632568,0.5,0.5,0.45814770460128784,50000
2019-05-20,0.5,0.5,0.48500001430511475,0.48500001430511475,0.4444033205509186,504000
2019-05-21,0.49000000953674316,0.5,0.46000000834465027,0.49000000953674316,0.4489847719669342,354000
2019-05-22,0.49000000953674316,0.49000000953674316,0.49000000953674316,0.49000000953674316,0.4489847719669342,10000
2019-05-23,0.47999998927116394,0.4950000047683716,0.4650000035762787,0.4950000047683716,0.4535662531852722,138000
2019-05-24,0.4950000047683716,0.4950000047683716,0.4950000047683716,0.4950000047683716,0.4535662531852722,0
2019-05-27,0.47999998927116394,0.47999998927116394,0.47999998927116394,0.47999998927116394,0.4398218095302582,10000
2019-05-28,0.4699999988079071,0.4699999988079071,0.42500001192092896,0.4699999988079071,0.43065884709358215,718000
2019-05-29,0.4699999988079071,0.4699999988079071,0.4449999928474426,0.46000000834465027,0.4214959144592285,304100
2019-05-30,0.4650000035762787,0.4699999988079071,0.4650000035762787,0.4699999988079071,0.43065884709358215,38000
2019-05-31,0.47999998927116394,0.47999998927116394,0.44999998807907104,0.4699999988079071,0.43065884709358215,186000
2019-06-03,0.4650000035762787,0.4650000035762787,0.4350000023841858,0.46000000834465027,0.4214959144592285,438000
2019-06-04,0.4650000035762787,0.4699999988079071,0.4449999928474426,0.45500001311302185,0.4169144332408905,244000
2019-06-05,0.45500001311302185,0.45500001311302185,0.45500001311302185,0.45500001311302185,0.4169144332408905,0
2019-06-06,0.45500001311302185,0.45500001311302185,0.45500001311302185,0.45500001311302185,0.4169144332408905,0
2019-06-10,0.4449999928474426,0.4699999988079071,0.4449999928474426,0.4699999988079071,0.43065884709358215,6000
2019-06-11,0.4699999988079071,0.4699999988079071,0.4699999988079071,0.4699999988079071,0.43065884709358215,0
2019-06-12,0.4699999988079071,0.4699999988079071,0.4699999988079071,0.4699999988079071,0.43065884709358215,0
2019-06-13,0.46000000834465027,0.46000000834465027,0.45500001311302185,0.45500001311302185,0.4169144332408905,16000
2019-06-14,0.4650000035762787,0.4650000035762787,0.4650000035762787,0.46000000834465027,0.4214959144592285,2000
2019-06-17,0.45500001311302185,0.46000000834465027,0.45500001311302185,0.46000000834465027,0.4214959144592285,106000
2019-06-18,0.44999998807907104,0.46000000834465027,0.44999998807907104,0.46000000834465027,0.4214959144592285,54000
2019-06-19,0.5,0.550000011920929,0.4699999988079071,0.4699999988079071,0.43065884709358215,82000
2019-06-20,0.49000000953674316,0.49000000953674316,0.4699999988079071,0.49000000953674316,0.4489847719669342,162000
2019-06-21,0.47999998927116394,0.47999998927116394,0.47999998927116394,0.47999998927116394,0.4398218095302582,0
2019-06-24,0.47999998927116394,0.47999998927116394,0.4699999988079071,0.4699999988079071,0.43065884709358215,224000
2019-06-25,0.4650000035762787,0.4650000035762787,0.4449999928474426,0.45500001311302185,0.4169144332408905,148000
2019-06-26,0.45500001311302185,0.4650000035762787,0.44999998807907104,0.4650000035762787,0.42607736587524414,434000
2019-06-27,0.4650000035762787,0.4650000035762787,0.45500001311302185,0.45500001311302185,0.4169144332408905,268000
2019-06-28,0.46000000834465027,0.46000000834465027,0.45500001311302185,0.45500001311302185,0.4169144332408905,290350
2019-07-02,0.46000000834465027,0.46000000834465027,0.45500001311302185,0.46000000834465027,0.4214959144592285,194000
2019-07-03,0.45500001311302185,0.45500001311302185,0.44999998807907104,0.45500001311302185,0.4169144332408905,114000
2019-07-04,0.46000000834465027,0.46000000834465027,0.44999998807907104,0.44999998807907104,0.4123329520225525,96000
2019-07-05,0.44999998807907104,0.44999998807907104,0.4350000023841858,0.4399999976158142,0.40316998958587646,30000
2019-07-08,0.4399999976158142,0.4399999976158142,0.4399999976158142,0.4399999976158142,0.40316998958587646,100000
2019-07-09,0.4399999976158142,0.4399999976158142,0.4399999976158142,0.4399999976158142,0.40316998958587646,0
2019-07-10,0.44999998807907104,0.44999998807907104,0.44999998807907104,0.44999998807907104,0.4123329520225525,0
2019-07-11,0.44999998807907104,0.44999998807907104,0.44999998807907104,0.44999998807907104,0.4123329520225525,134000
2019-07-12,0.44999998807907104,0.44999998807907104,0.44999998807907104,0.44999998807907104,0.4123329520225525,30000
2019-07-15,0.4699999988079071,0.4699999988079071,0.4699999988079071,0.4699999988079071,0.43065884709358215,0
2019-07-16,0.4699999988079071,0.4699999988079071,0.4699999988079071,0.4699999988079071,0.43065884709358215,0
2019-07-17,0.44999998807907104,0.44999998807907104,0.4300000071525574,0.44999998807907104,0.4123329520225525,232000
2019-07-18,0.44999998807907104,0.44999998807907104,0.44999998807907104,0.44999998807907104,0.4123329520225525,0
2019-07-19,0.44999998807907104,0.44999998807907104,0.44999998807907104,0.44999998807907104,0.4123329520225525,0
2019-07-22,0.44999998807907104,0.44999998807907104,0.44999998807907104,0.44999998807907104,0.4123329520225525,100000
2019-07-23,0.4449999928474426,0.4449999928474426,0.4399999976158142,0.4449999928474426,0.4077514410018921,110000
2019-07-24,0.4399999976158142,0.45500001311302185,0.4399999976158142,0.44999998807907104,0.4123329520225525,114000
2019-07-25,0.4449999928474426,0.4449999928474426,0.42500001192092896,0.4399999976158142,0.40316998958587646,432000
2019-07-26,0.4399999976158142,0.4449999928474426,0.4399999976158142,0.4300000071525574,0.3940070569515228,8400
2019-07-29,0.41999998688697815,0.45500001311302185,0.41999998688697815,0.44999998807907104,0.4123329520225525,244000
2019-07-30,0.44999998807907104,0.44999998807907104,0.44999998807907104,0.44999998807907104,0.4123329520225525,0
2019-07-31,0.44999998807907104,0.44999998807907104,0.44999998807907104,0.44999998807907104,0.4123329520225525,0
2019-08-01,0.41499999165534973,0.41499999165534973,0.4000000059604645,0.4449999928474426,0.4077514410018921,40000
2019-08-02,0.4399999976158142,0.4399999976158142,0.4399999976158142,0.4399999976158142,0.40316998958587646,6000
2019-08-05,0.4300000071525574,0.4300000071525574,0.4300000071525574,0.4300000071525574,0.3940070569515228,0
2019-08-06,0.42500001192092896,0.42500001192092896,0.42500001192092896,0.42500001192092896,0.3894255757331848,0
2019-08-07,0.39500001072883606,0.4099999964237213,0.39500001072883606,0.4099999964237213,0.3756811320781708,154000
2019-08-08,0.4099999964237213,0.4099999964237213,0.4099999964237213,0.4099999964237213,0.3756811320781708,0
2019-08-09,0.4050000011920929,0.4099999964237213,0.3799999952316284,0.3799999952316284,0.3481922745704651,62000
2019-08-12,0.3799999952316284,0.38999998569488525,0.3799999952316284,0.38499999046325684,0.3527737557888031,180000
2019-08-13,0.36000001430511475,0.38999998569488525,0.36000001430511475,0.3700000047683716,0.33902931213378906,84000
2019-08-14,0.3700000047683716,0.4000000059604645,0.3700000047683716,0.4000000059604645,0.36651819944381714,68000
2019-08-15,0.39500001072883606,0.39500001072883606,0.39500001072883606,0.38999998569488525,0.3573552370071411,78000
2019-08-16,0.33500000834465027,0.39500001072883606,0.33500000834465027,0.38999998569488525,0.3573552370071411,100000
2019-08-19,0.4000000059604645,0.4000000059604645,0.4000000059604645,0.4000000059604645,0.36651819944381714,0
2019-08-20,0.35499998927116394,0.4000000059604645,0.35499998927116394,0.4000000059604645,0.36651819944381714,130000
2019-08-21,0.38999998569488525,0.46000000834465027,0.375,0.46000000834465027,0.4214959144592285,1424000
2019-08-22,0.4000000059604645,0.4350000023841858,0.4000000059604645,0.41999998688697815,0.3848440945148468,226000
2019-08-23,0.4050000011920929,0.4050000011920929,0.4050000011920929,0.4050000011920929,0.37109965085983276,8000
2019-08-26,0.4000000059604645,0.4000000059604645,0.4000000059604645,0.4000000059604645,0.36651819944381714,0
2019-08-27,0.39500001072883606,0.39500001072883606,0.39500001072883606,0.39500001072883606,0.3619367182254791,0
2019-08-28,0.38999998569488525,0.38999998569488525,0.38999998569488525,0.38999998569488525,0.3573552370071411,0
2019-08-29,0.38999998569488525,0.38999998569488525,0.38999998569488525,0.38999998569488525,0.3573552370071411,0
2019-08-30,0.38999998569488525,0.38999998569488525,0.38999998569488525,0.38999998569488525,0.3573552370071411,0
2019-09-02,0.3700000047683716,0.3700000047683716,0.3700000047683716,0.3700000047683716,0.33902931213378906,192000
2019-09-03,0.36000001430511475,0.41999998688697815,0.29499998688697815,0.36000001430511475,0.32986634969711304,692000
2019-09-04,0.44999998807907104,0.44999998807907104,0.36500000953674316,0.375,0.3436107933521271,632000
2019-09-05,0.375,0.375,0.3499999940395355,0.3499999940395355,0.3207033574581146,230000
2019-09-06,0.3700000047683716,0.3700000047683716,0.2800000011920929,0.28999999165534973,0.26572564244270325,8276000
2019-09-09,0.28999999165534973,0.3499999940395355,0.28999999165534973,0.3149999976158142,0.2886330783367157,4742000
2019-09-10,0.32499998807907104,0.32499998807907104,0.3050000071525574,0.3100000023841858,0.2840515673160553,646003
2019-09-11,0.3050000071525574,0.3199999928474426,0.3050000071525574,0.3100000023841858,0.2840515673160553,608000
2019-09-12,0.3100000023841858,0.32499998807907104,0.3100000023841858,0.3149999976158142,0.2886330783367157,252260
2019-09-13,0.3100000023841858,0.3149999976158142,0.3050000071525574,0.3100000023841858,0.2840515673160553,482100
2019-09-16,0.3100000023841858,0.3199999928474426,0.3050000071525574,0.3050000071525574,0.27947014570236206,540000
2019-09-17,0.3050000071525574,0.3149999976158142,0.3050000071525574,0.3050000071525574,0.27947014570236206,344000
2019-09-18,0.3199999928474426,0.32499998807907104,0.3050000071525574,0.3149999976158142,0.2886330783367157,788000
2019-09-19,0.3149999976158142,0.33000001311302185,0.3050000071525574,0.3100000023841858,0.2840515673160553,634000
2019-09-20,0.3100000023841858,0.3199999928474426,0.3100000023841858,0.3100000023841858,0.29147958755493164,46000
2019-09-23,0.30000001192092896,0.3100000023841858,0.30000001192092896,0.30000001192092896,0.28207704424858093,158000
2019-09-24,0.30000001192092896,0.3050000071525574,0.30000001192092896,0.3050000071525574,0.2867783308029175,134000
2019-09-25,0.3050000071525574,0.3149999976158142,0.30000001192092896,0.30000001192092896,0.28207704424858093,24000
2019-09-26,0.3100000023841858,0.3199999928474426,0.3100000023841858,0.3100000023841858,0.29147958755493164,364000
2019-09-27,0.3050000071525574,0.3149999976158142,0.3050000071525574,0.3149999976158142,0.2961809039115906,54000
2019-09-30,0.3149999976158142,0.3149999976158142,0.3050000071525574,0.3050000071525574,0.2867783308029175,16000
2019-10-02,0.3050000071525574,0.3149999976158142,0.3050000071525574,0.3149999976158142,0.2961809039115906,8000
2019-10-03,0.3149999976158142,0.3499999940395355,0.3149999976158142,0.3149999976158142,0.2961809039115906,412000
2019-10-04,0.3149999976158142,0.3149999976158142,0.2800000011920929,0.28999999165534973,0.27968889474868774,2196000
2019-10-08,0.2800000011920929,0.30000001192092896,0.2800000011920929,0.2849999964237213,0.27486667037010193,322000
2019-10-09,0.2849999964237213,0.29499998688697815,0.2800000011920929,0.28999999165534973,0.27968889474868774,594000
2019-10-10,0.29499998688697815,0.29499998688697815,0.28999999165534973,0.28999999165534973,0.27968889474868774,288000
2019-10-11,0.2849999964237213,0.29499998688697815,0.2849999964237213,0.2849999964237213,0.27486667037010193,78040
2019-10-14,0.2800000011920929,0.28999999165534973,0.2800000011920929,0.28999999165534973,0.27968889474868774,140000
2019-10-15,0.2849999964237213,0.2849999964237213,0.2800000011920929,0.2800000011920929,0.2700444459915161,158000
2019-10-16,0.2800000011920929,0.2800000011920929,0.2800000011920929,0.2800000011920929,0.2700444459915161,0
2019-10-17,0.2800000011920929,0.2800000011920929,0.2750000059604645,0.2800000011920929,0.2700444459915161,130000
2019-10-18,0.2800000011920929,0.2800000011920929,0.2800000011920929,0.2800000011920929,0.2700444459915161,14000
2019-10-21,0.30000001192092896,0.3100000023841858,0.29499998688697815,0.3100000023841858,0.2989777624607086,550000
2019-10-22,0.3050000071525574,0.3100000023841858,0.3050000071525574,0.3100000023841858,0.2989777624607086,34000
2019-10-23,0.29499998688697815,0.30000001192092896,0.28999999165534973,0.28999999165534973,0.27968889474868774,78000
2019-10-24,0.2849999964237213,0.29499998688697815,0.2849999964237213,0.29499998688697815,0.28451111912727356,72000
2019-10-25,0.29499998688697815,0.29499998688697815,0.29499998688697815,0.29499998688697815,0.28451111912727356,0
2019-10-28,0.2800000011920929,0.28999999165534973,0.2800000011920929,0.2849999964237213,0.27486667037010193,124100
2019-10-29,0.2800000011920929,0.2849999964237213,0.2750000059604645,0.2800000011920929,0.2700444459915161,290000
2019-10-30,0.2800000011920929,0.29499998688697815,0.2800000011920929,0.29499998688697815,0.28451111912727356,28000
2019-10-31,0.2800000011920929,0.2849999964237213,0.2800000011920929,0.2849999964237213,0.27486667037010193,92000
2019-11-01,0.28999999165534973,0.30000001192092896,0.28999999165534973,0.29499998688697815,0.28451111912727356,218000
2019-11-04,0.2800000011920929,0.28999999165534973,0.2750000059604645,0.2800000011920929,0.2700444459915161,772000
2019-11-05,0.2800000011920929,0.2800000011920929,0.2800000011920929,0.2800000011920929,0.2700444459915161,0
2019-11-06,0.2849999964237213,0.2849999964237213,0.2849999964237213,0.2849999964237213,0.27486667037010193,162000
2019-11-07,0.28999999165534973,0.28999999165534973,0.2800000011920929,0.2849999964237213,0.27486667037010193,124000
2019-11-08,0.2849999964237213,0.2849999964237213,0.2849999964237213,0.2849999964237213,0.27486667037010193,2000
2019-11-11,0.2800000011920929,0.2800000011920929,0.2750000059604645,0.2800000011920929,0.2700444459915161,74000
2019-11-12,0.2800000011920929,0.2800000011920929,0.2800000011920929,0.2800000011920929,0.2700444459915161,2000
2019-11-13,0.2800000011920929,0.2800000011920929,0.2750000059604645,0.2750000059604645,0.2652222216129303,108000
2019-11-14,0.2750000059604645,0.2750000059604645,0.25999999046325684,0.26499998569488525,0.25557777285575867,212000
2019-11-15,0.2549999952316284,0.25999999046325684,0.25,0.25999999046325684,0.25075554847717285,182000
2019-11-18,0.25,0.26499998569488525,0.25,0.26499998569488525,0.25557777285575867,24000
2019-11-19,0.26499998569488525,0.26499998569488525,0.26499998569488525,0.26499998569488525,0.25557777285575867,0
2019-11-20,0.26499998569488525,0.26499998569488525,0.26499998569488525,0.26499998569488525,0.25557777285575867,12000
2019-11-21,0.2549999952316284,0.2549999952316284,0.23999999463558197,0.23999999463558197,0.23146666586399078,234000
2019-11-22,0.23000000417232513,0.2460000067949295,0.23000000417232513,0.2460000067949295,0.237253338098526,404000
2019-11-25,0.2460000067949295,0.2460000067949295,0.24400000274181366,0.24400000274181366,0.2353244572877884,162000
2019-11-26,0.23999999463558197,0.24799999594688416,0.23999999463558197,0.24799999594688416,0.2391822189092636,120000
2019-11-27,0.2460000067949295,0.2460000067949295,0.2460000067949295,0.2460000067949295,0.237253338098526,0
2019-11-28,0.2460000067949295,0.2460000067949295,0.23800000548362732,0.23899999260902405,0.23050221800804138,26000
2019-11-29,0.2370000034570694,0.2370000034570694,0.22300000488758087,0.23399999737739563,0.22568000853061676,96000
2019-12-02,0.23000000417232513,0.23399999737739563,0.22100000083446503,0.23000000417232513,0.22182221710681915,36000
2019-12-03,0.23000000417232513,0.23000000417232513,0.2280000001192093,0.23000000417232513,0.22182221710681915,114000
2019-12-04,0.23600000143051147,0.23600000143051147,0.23600000143051147,0.23600000143051147,0.22760890424251556,90000
2019-12-05,0.24300000071525574,0.23999999463558197,0.23899999260902405,0.23999999463558197,0.23146666586399078,234000
2019-12-06,0.21699999272823334,0.23100000619888306,0.21699999272823334,0.23100000619888306,0.22278666496276855,16000
2019-12-09,0.23100000619888306,0.25,0.23100000619888306,0.24699999392032623,0.2382177710533142,36000
2019-12-10,0.24400000274181366,0.24400000274181366,0.24400000274181366,0.24400000274181366,0.2353244572877884,0
2019-12-11,0.23000000417232513,0.23199999332427979,0.2240000069141388,0.23199999332427979,0.22375111281871796,54000
2019-12-12,0.23199999332427979,0.23199999332427979,0.22200000286102295,0.2240000069141388,0.21603555977344513,156000
2019-12-13,0.22499999403953552,0.22499999403953552,0.2240000069141388,0.22499999403953552,0.21699999272823334,446000
2019-12-16,0.22100000083446503,0.23000000417232513,0.22100000083446503,0.22599999606609344,0.21796444058418274,66000
2019-12-17,0.2280000001192093,0.23199999332427979,0.2280000001192093,0.23100000619888306,0.22278666496276855,244000
2019-12-18,0.23100000619888306,0.23100000619888306,0.23100000619888306,0.23100000619888306,0.22278666496276855,0
2019-12-19,0.22300000488758087,0.22499999403953552,0.22200000286102295,0.22499999403953552,0.21699999272823334,34000
2019-12-20,0.23000000417232513,0.2800000011920929,0.23000000417232513,0.2800000011920929,0.2700444459915161,520000
2019-12-23,0.2549999952316284,0.2750000059604645,0.2549999952316284,0.2750000059604645,0.2652222216129303,664000
2019-12-24,0.2750000059604645,0.2750000059604645,0.2750000059604645,0.2800000011920929,0.2700444459915161,114000
2019-12-27,0.2800000011920929,0.2800000011920929,0.27000001072883606,0.27000001072883606,0.26040002703666687,166000
2019-12-30,0.27000001072883606,0.2800000011920929,0.26499998569488525,0.26499998569488525,0.25557777285575867,108000
2019-12-31,0.26499998569488525,0.2750000059604645,0.26499998569488525,0.2750000059604645,0.2652222216129303,52000
2020-01-02,0.27000001072883606,0.2800000011920929,0.27000001072883606,0.2800000011920929,0.2700444459915161,48000
2020-01-03,0.2750000059604645,0.2750000059604645,0.2750000059604645,0.2750000059604645,0.2652222216129303,0
2020-01-06,0.2750000059604645,0.2750000059604645,0.2750000059604645,0.2750000059604645,0.2652222216129303,0
2020-01-07,0.2750000059604645,0.2750000059604645,0.2750000059604645,0.2750000059604645,0.2652222216129303,0
2020-01-08,0.24400000274181366,0.26499998569488525,0.24400000274181366,0.26499998569488525,0.25557777285575867,194000
2020-01-09,0.26499998569488525,0.26499998569488525,0.26499998569488525,0.26499998569488525,0.25557777285575867,0
2020-01-10,0.2750000059604645,0.2800000011920929,0.2750000059604645,0.2750000059604645,0.2652222216129303,84000
2020-01-13,0.2800000011920929,0.2800000011920929,0.25,0.26499998569488525,0.25557777285575867,6000
2020-01-14,0.26499998569488525,0.26499998569488525,0.26499998569488525,0.26499998569488525,0.25557777285575867,0
2020-01-15,0.26499998569488525,0.26499998569488525,0.26499998569488525,0.26499998569488525,0.25557777285575867,0
2020-01-16,0.26499998569488525,0.26499998569488525,0.26499998569488525,0.26499998569488525,0.25557777285575867,0
2020-01-17,0.26499998569488525,0.26499998569488525,0.26499998569488525,0.26499998569488525,0.25557777285575867,0
2020-01-20,0.22300000488758087,0.22300000488758087,0.22300000488758087,0.22300000488758087,0.21507111191749573,4000
2020-01-21,0.23100000619888306,0.23100000619888306,0.23100000619888306,0.23100000619888306,0.22278666496276855,0
2020-01-22,0.27000001072883606,0.27000001072883606,0.27000001072883606,0.27000001072883606,0.26040002703666687,2000
2020-01-23,0.24699999392032623,0.25,0.24199999868869781,0.24199999868869781,0.2333955615758896,320000
2020-01-24,0.2750000059604645,0.2750000059604645,0.2750000059604645,0.27000001072883606,0.26040002703666687,100000
2020-01-29,0.2329999953508377,0.26499998569488525,0.2329999953508377,0.25999999046325684,0.25075554847717285,102000
2020-01-30,0.25,0.25,0.23999999463558197,0.23999999463558197,0.23146666586399078,138000
2020-01-31,0.2549999952316284,0.2549999952316284,0.25,0.25,0.24111111462116241,100000
2020-02-03,0.25,0.25,0.25,0.25,0.24111111462116241,0
2020-02-04,0.23199999332427979,0.23800000548362732,0.23199999332427979,0.23800000548362732,0.22953778505325317,14000
2020-02-05,0.2370000034570694,0.23800000548362732,0.23600000143051147,0.23600000143051147,0.22760890424251556,100000
2020-02-06,0.23600000143051147,0.23600000143051147,0.23499999940395355,0.23499999940395355,0.22664445638656616,170000
2020-02-07,0.23499999940395355,0.23499999940395355,0.2280000001192093,0.2280000001192093,0.21989333629608154,172000
2020-02-10,0.23399999737739563,0.24199999868869781,0.23399999737739563,0.24199999868869781,0.2333955615758896,44000
2020-02-11,0.2370000034570694,0.2370000034570694,0.22499999403953552,0.23100000619888306,0.22278666496276855,211000
2020-02-12,0.23399999737739563,0.23800000548362732,0.23399999737739563,0.23800000548362732,0.22953778505325317,108000
2020-02-13,0.23499999940395355,0.23499999940395355,0.2290000021457672,0.23000000417232513,0.22182221710681915,212000
2020-02-14,0.23000000417232513,0.23000000417232513,0.23000000417232513,0.23000000417232513,0.22182221710681915,0
2020-02-17,0.23000000417232513,0.23000000417232513,0.23000000417232513,0.23000000417232513,0.22182221710681915,4000
2020-02-18,0.23000000417232513,0.23000000417232513,0.23000000417232513,0.23000000417232513,0.22182221710681915,0
2020-02-19,0.23499999940395355,0.23899999260902405,0.23499999940395355,0.23499999940395355,0.22664445638656616,104000
2020-02-20,0.23499999940395355,0.23499999940395355,0.23499999940395355,0.23499999940395355,0.22664445638656616,0
2020-02-21,0.23499999940395355,0.23600000143051147,0.23000000417232513,0.23000000417232513,0.22182221710681915,342000
2020-02-24,0.2290000021457672,0.2290000021457672,0.22100000083446503,0.23499999940395355,0.22664445638656616,14000
2020-02-25,0.23499999940395355,0.23499999940395355,0.23499999940395355,0.23499999940395355,0.22664445638656616,0
2020-02-26,0.23600000143051147,0.23600000143051147,0.22499999403953552,0.22499999403953552,0.21699999272823334,790000
2020-02-27,0.23499999940395355,0.23499999940395355,0.22599999606609344,0.2290000021457672,0.22085778415203094,452000
2020-02-28,0.22599999606609344,0.23000000417232513,0.22499999403953552,0.23000000417232513,0.22182221710681915,284005
2020-03-02,0.2290000021457672,0.24400000274181366,0.2290000021457672,0.24199999868869781,0.2333955615758896,234000
2020-03-03,0.23600000143051147,0.24500000476837158,0.23499999940395355,0.23499999940395355,0.22664445638656616,8000
2020-03-04,0.23499999940395355,0.24300000071525574,0.23399999737739563,0.23600000143051147,0.22760890424251556,196000
2020-03-05,0.23499999940395355,0.24500000476837158,0.23499999940395355,0.24199999868869781,0.2333955615758896,8000
2020-03-06,0.24199999868869781,0.24199999868869781,0.24199999868869781,0.24199999868869781,0.2333955615758896,50000
2020-03-09,0.23499999940395355,0.23499999940395355,0.23499999940395355,0.23499999940395355,0.22664445638656616,68000
2020-03-10,0.22499999403953552,0.22499999403953552,0.22499999403953552,0.22599999606609344,0.21796444058418274,100000
2020-03-11,0.23499999940395355,0.2460000067949295,0.23499999940395355,0.23499999940395355,0.22664445638656616,116000
2020-03-12,0.23499999940395355,0.23499999940395355,0.23499999940395355,0.23499999940395355,0.22664445638656616,0
2020-03-13,0.23499999940395355,0.23499999940395355,0.19900000095367432,0.2199999988079071,0.21217778325080872,858000
2020-03-16,0.27000001072883606,0.27000001072883606,0.22300000488758087,0.22499999403953552,0.21699999272823334,174000
2020-03-17,0.22499999403953552,0.22499999403953552,0.22499999403953552,0.22499999403953552,0.21699999272823334,0
2020-03-18,0.22499999403953552,0.23999999463558197,0.22499999403953552,0.23800000548362732,0.22953778505325317,28000
2020-03-19,0.22499999403953552,0.23499999940395355,0.22499999403953552,0.23499999940395355,0.22664445638656616,202000
2020-03-20,0.23499999940395355,0.23499999940395355,0.23499999940395355,0.23499999940395355,0.22664445638656616,0
2020-03-23,0.23499999940395355,0.23499999940395355,0.23499999940395355,0.23499999940395355,0.22664445638656616,0
2020-03-24,0.23499999940395355,0.23499999940395355,0.23499999940395355,0.23499999940395355,0.22664445638656616,0
2020-03-25,0.2199999988079071,0.2199999988079071,0.2199999988079071,0.2199999988079071,0.21217778325080872,12000
2020-03-26,0.20999999344348907,0.22100000083446503,0.20999999344348907,0.2199999988079071,0.21217778325080872,606000
2020-03-27,0.22100000083446503,0.2329999953508377,0.22100000083446503,0.2329999953508377,0.22471556067466736,14000
2020-03-30,0.2329999953508377,0.2329999953508377,0.2329999953508377,0.2329999953508377,0.22471556067466736,0
2020-03-31,0.23000000417232513,0.23000000417232513,0.23000000417232513,0.23000000417232513,0.22182221710681915,0
2020-04-01,0.23000000417232513,0.23000000417232513,0.23000000417232513,0.23000000417232513,0.22182221710681915,0
2020-04-02,0.22499999403953552,0.22499999403953552,0.22499999403953552,0.22499999403953552,0.21699999272823334,0
2020-04-03,0.22499999403953552,0.22499999403953552,0.22499999403953552,0.22499999403953552,0.21699999272823334,0
2020-04-06,0.22100000083446503,0.22100000083446503,0.22100000083446503,0.22100000083446503,0.21314221620559692,0
2020-04-07,0.20600000023841858,0.2199999988079071,0.20600000023841858,0.21299999952316284,0.2054266631603241,494000
2020-04-08,0.21299999952316284,0.21299999952316284,0.21299999952316284,0.21299999952316284,0.2054266631603241,0
2020-04-09,0.21799999475479126,0.21799999475479126,0.2150000035762787,0.2150000035762787,0.2073555588722229,186000
2020-04-14,0.21699999272823334,0.23000000417232513,0.21699999272823334,0.23000000417232513,0.22182221710681915,46000
2020-04-15,0.22300000488758087,0.23000000417232513,0.22300000488758087,0.23000000417232513,0.22182221710681915,176000
2020-04-16,0.22499999403953552,0.22499999403953552,0.22499999403953552,0.22499999403953552,0.21699999272823334,0
2020-04-17,0.2199999988079071,0.22499999403953552,0.2199999988079071,0.23000000417232513,0.22182221710681915,112000
2020-04-20,0.23000000417232513,0.23000000417232513,0.23000000417232513,0.23000000417232513,0.22182221710681915,0
2020-04-21,0.21199999749660492,0.2290000021457672,0.21199999749660492,0.2290000021457672,0.22085778415203094,6000
2020-04-22,0.22499999403953552,0.22699999809265137,0.2199999988079071,0.22699999809265137,0.21892888844013214,66000
2020-04-23,0.22499999403953552,0.22499999403953552,0.22499999403953552,0.22499999403953552,0.21699999272823334,0
2020-04-24,0.22499999403953552,0.22499999403953552,0.22499999403953552,0.22499999403953552,0.21699999272823334,0
2020-04-27,0.20800000429153442,0.22499999403953552,0.20800000429153442,0.2199999988079071,0.21217778325080872,82000
2020-04-28,0.22200000286102295,0.22300000488758087,0.22200000286102295,0.22300000488758087,0.21507111191749573,244000
2020-04-29,0.22300000488758087,0.22300000488758087,0.22300000488758087,0.22300000488758087,0.21507111191749573,0
2020-05-04,0.22300000488758087,0.22300000488758087,0.22300000488758087,0.22300000488758087,0.21507111191749573,0
2020-05-05,0.22300000488758087,0.22300000488758087,0.22300000488758087,0.22300000488758087,0.21507111191749573,0
2020-05-06,0.22599999606609344,0.22599999606609344,0.22599999606609344,0.22599999606609344,0.21796444058418274,6000
2020-05-07,0.2280000001192093,0.24400000274181366,0.2280000001192093,0.24400000274181366,0.2353244572877884,296000
2020-05-08,0.24400000274181366,0.24400000274181366,0.24400000274181366,0.24400000274181366,0.2353244572877884,0
2020-05-11,0.24500000476837158,0.25999999046325684,0.24500000476837158,0.24799999594688416,0.2391822189092636,14000
2020-05-12,0.24799999594688416,0.24799999594688416,0.2280000001192093,0.2280000001192093,0.21989333629608154,6000
2020-05-13,0.23000000417232513,0.23000000417232513,0.23000000417232513,0.23000000417232513,0.22182221710681915,20000
2020-05-14,0.2290000021457672,0.23000000417232513,0.2280000001192093,0.2280000001192093,0.21989333629608154,146000
2020-05-15,0.2280000001192093,0.2280000001192093,0.2280000001192093,0.2280000001192093,0.21989333629608154,0
2020-05-18,0.2280000001192093,0.2280000001192093,0.2280000001192093,0.2280000001192093,0.21989333629608154,0
2020-05-19,0.23999999463558197,0.23999999463558197,0.23999999463558197,0.23999999463558197,0.23146666586399078,0
2020-05-20,0.2409999966621399,0.2409999966621399,0.22699999809265137,0.23999999463558197,0.23146666586399078,482000
2020-05-21,0.23999999463558197,0.23999999463558197,0.23999999463558197,0.23999999463558197,0.23146666586399078,0
2020-05-22,0.23199999332427979,0.23199999332427979,0.23199999332427979,0.23199999332427979,0.22375111281871796,0
2020-05-25,0.23199999332427979,0.23199999332427979,0.23199999332427979,0.23199999332427979,0.22375111281871796,0
2020-05-26,0.23600000143051147,0.23600000143051147,0.23499999940395355,0.23499999940395355,0.22664445638656616,36000
2020-05-27,0.2199999988079071,0.22300000488758087,0.2199999988079071,0.22200000286102295,0.21410666406154633,96000
2020-05-28,0.2160000056028366,0.22200000286102295,0.2150000035762787,0.22200000286102295,0.21410666406154633,102000
2020-05-29,0.22200000286102295,0.22200000286102295,0.22200000286102295,0.22200000286102295,0.21410666406154633,0
2020-06-01,0.22200000286102295,0.22200000286102295,0.22200000286102295,0.22200000286102295,0.21410666406154633,0
2020-06-02,0.23000000417232513,0.23000000417232513,0.21899999678134918,0.21899999678134918,0.21121333539485931,32000
2020-06-03,0.20999999344348907,0.2290000021457672,0.20999999344348907,0.2290000021457672,0.22085778415203094,12000
2020-06-04,0.2150000035762787,0.2150000035762787,0.20399999618530273,0.20499999821186066,0.19771111011505127,20000
2020-06-05,0.20800000429153442,0.20800000429153442,0.20800000429153442,0.20800000429153442,0.20060445368289948,0
2020-06-08,0.210999995470047,0.22300000488758087,0.20999999344348907,0.22300000488758087,0.21507111191749573,52000
2020-06-09,0.22300000488758087,0.22300000488758087,0.22200000286102295,0.22300000488758087,0.21507111191749573,350000
2020-06-10,0.2160000056028366,0.22300000488758087,0.2150000035762787,0.2150000035762787,0.2073555588722229,36000
2020-06-11,0.2150000035762787,0.2150000035762787,0.2150000035762787,0.2150000035762787,0.2073555588722229,0
2020-06-12,0.2150000035762787,0.2150000035762787,0.2150000035762787,0.2150000035762787,0.2073555588722229,80000
2020-06-15,0.21799999475479126,0.21799999475479126,0.21400000154972076,0.2150000035762787,0.2073555588722229,102000
2020-06-16,0.21899999678134918,0.21899999678134918,0.21899999678134918,0.21899999678134918,0.21121333539485931,0
2020-06-17,0.2290000021457672,0.23000000417232513,0.2290000021457672,0.23000000417232513,0.22182221710681915,100000
2020-06-18,0.22499999403953552,0.23000000417232513,0.22499999403953552,0.23000000417232513,0.22182221710681915,76000
2020-06-19,0.23000000417232513,0.23000000417232513,0.23000000417232513,0.23000000417232513,0.22182221710681915,0
2020-06-22,0.23000000417232513,0.23199999332427979,0.2199999988079071,0.23199999332427979,0.22375111281871796,296000
2020-06-23,0.23000000417232513,0.23000000417232513,0.2280000001192093,0.2280000001192093,0.21989333629608154,94000
2020-06-24,0.2280000001192093,0.2280000001192093,0.2280000001192093,0.2280000001192093,0.21989333629608154,0
2020-06-26,0.2280000001192093,0.2280000001192093,0.2280000001192093,0.2280000001192093,0.21989333629608154,0
2020-06-29,0.23000000417232513,0.23499999940395355,0.23000000417232513,0.23499999940395355,0.22664445638656616,28000
2020-06-30,0.23000000417232513,0.23000000417232513,0.23000000417232513,0.23000000417232513,0.22182221710681915,0
2020-07-02,0.22599999606609344,0.22599999606609344,0.22599999606609344,0.22599999606609344,0.21796444058418274,6000
2020-07-03,0.22599999606609344,0.22599999606609344,0.22599999606609344,0.22599999606609344,0.21796444058418274,0
2020-07-06,0.22599999606609344,0.23000000417232513,0.22599999606609344,0.22599999606609344,0.21796444058418274,66000
2020-07-07,0.2199999988079071,0.22499999403953552,0.2199999988079071,0.22100000083446503,0.21314221620559692,250000
2020-07-08,0.22100000083446503,0.22100000083446503,0.22100000083446503,0.22100000083446503,0.21314221620559692,0
2020-07-09,0.22100000083446503,0.22100000083446503,0.22100000083446503,0.22100000083446503,0.21314221620559692,0
2020-07-10,0.22200000286102295,0.21899999678134918,0.21199999749660492,0.21199999749660492,0.2044622302055359,34000
2020-07-13,0.21199999749660492,0.21199999749660492,0.21199999749660492,0.21199999749660492,0.2044622302055359,94000
2020-07-14,0.22200000286102295,0.22200000286102295,0.22200000286102295,0.22200000286102295,0.21410666406154633,0
2020-07-15,0.2150000035762787,0.2240000069141388,0.2150000035762787,0.2240000069141388,0.21603555977344513,40000
2020-07-16,0.2240000069141388,0.2240000069141388,0.2240000069141388,0.2240000069141388,0.21603555977344513,0
2020-07-17,0.22200000286102295,0.22200000286102295,0.22200000286102295,0.22200000286102295,0.21410666406154633,0
2020-07-20,0.22200000286102295,0.22200000286102295,0.22200000286102295,0.22200000286102295,0.21410666406154633,0
2020-07-21,0.22599999606609344,0.22599999606609344,0.22599999606609344,0.22599999606609344,0.21796444058418274,0
2020-07-22,0.210999995470047,0.210999995470047,0.210999995470047,0.210999995470047,0.2034977823495865,26000
2020-07-23,0.210999995470047,0.210999995470047,0.210999995470047,0.210999995470047,0.2034977823495865,0
2020-07-24,0.20800000429153442,0.210999995470047,0.20800000429153442,0.210999995470047,0.2034977823495865,90000
2020-07-27,0.210999995470047,0.210999995470047,0.210999995470047,0.210999995470047,0.2034977823495865,0
2020-07-28,0.20999999344348907,0.20999999344348907,0.20999999344348907,0.20999999344348907,0.20253333449363708,0
2020-07-29,0.20999999344348907,0.20999999344348907,0.20999999344348907,0.20999999344348907,0.20253333449363708,0
2020-07-30,0.20600000023841858,0.20600000023841858,0.20000000298023224,0.20000000298023224,0.19288890063762665,54000
2020-07-31,0.20000000298023224,0.2160000056028366,0.20000000298023224,0.20000000298023224,0.19288890063762665,90000
2020-08-03,0.20000000298023224,0.20000000298023224,0.20000000298023224,0.20000000298023224,0.19288890063762665,20000
2020-08-04,0.2029999941587448,0.2029999941587448,0.2029999941587448,0.2029999941587448,0.19578222930431366,4000
2020-08-05,0.2029999941587448,0.2029999941587448,0.2029999941587448,0.2029999941587448,0.19578222930431366,0
2020-08-06,0.2029999941587448,0.2029999941587448,0.2029999941587448,0.2029999941587448,0.19578222930431366,0
2020-08-07,0.2029999941587448,0.2029999941587448,0.2029999941587448,0.2029999941587448,0.19578222930431366,0
2020-08-10,0.2029999941587448,0.2029999941587448,0.2029999941587448,0.2029999941587448,0.19578222930431366,0
2020-08-11,0.19900000095367432,0.21299999952316284,0.19900000095367432,0.20100000500679016,0.19385334849357605,360000
2020-08-12,0.20000000298023224,0.20399999618530273,0.20000000298023224,0.20000000298023224,0.19288890063762665,74000
2020-08-13,0.20000000298023224,0.20000000298023224,0.20000000298023224,0.20000000298023224,0.19288890063762665,0
2020-08-14,0.20200000703334808,0.20200000703334808,0.19599999487400055,0.19599999487400055,0.18903110921382904,46000
2020-08-17,0.20000000298023224,0.20499999821186066,0.20000000298023224,0.20499999821186066,0.19771111011505127,1020000
2020-08-18,0.20499999821186066,0.20499999821186066,0.20499999821186066,0.20499999821186066,0.19771111011505127,0
2020-08-19,0.20499999821186066,0.20499999821186066,0.20499999821186066,0.20499999821186066,0.19771111011505127,0
2020-08-20,0.20499999821186066,0.20499999821186066,0.20499999821186066,0.20499999821186066,0.19771111011505127,0
2020-08-21,0.20000000298023224,0.20000000298023224,0.19200000166893005,0.20000000298023224,0.19288890063762665,300000
2020-08-24,0.20000000298023224,0.20000000298023224,0.20000000298023224,0.20000000298023224,0.19288890063762665,306000
2020-08-25,0.19200000166893005,0.20000000298023224,0.19200000166893005,0.20000000298023224,0.19288890063762665,2034000
2020-08-26,0.19900000095367432,0.19900000095367432,0.19900000095367432,0.19900000095367432,0.19192445278167725,0
2020-08-27,0.20000000298023224,0.20000000298023224,0.20000000298023224,0.20000000298023224,0.19288890063762665,100000
2020-08-28,0.19900000095367432,0.20000000298023224,0.19900000095367432,0.20000000298023224,0.19288890063762665,134000
2020-08-31,0.19900000095367432,0.19900000095367432,0.19900000095367432,0.19900000095367432,0.19192445278167725,0
2020-09-01,0.19900000095367432,0.19900000095367432,0.19900000095367432,0.19900000095367432,0.19192445278167725,100000
2020-09-02,0.19900000095367432,0.19900000095367432,0.19300000369548798,0.1940000057220459,0.18710222840309143,140000
2020-09-03,0.19300000369548798,0.20000000298023224,0.19200000166893005,0.19699999690055847,0.18999555706977844,192000
2020-09-04,0.20000000298023224,0.20000000298023224,0.1940000057220459,0.1940000057220459,0.18710222840309143,32000
2020-09-07,0.1940000057220459,0.1940000057220459,0.1899999976158142,0.1899999976158142,0.18324443697929382,38000
2020-09-08,0.1899999976158142,0.20000000298023224,0.1899999976158142,0.19599999487400055,0.18903110921382904,378000
2020-09-09,0.19900000095367432,0.19900000095367432,0.1899999976158142,0.19499999284744263,0.18806666135787964,658000
2020-09-10,0.19599999487400055,0.19599999487400055,0.19300000369548798,0.19300000369548798,0.18613778054714203,620000
2020-09-11,0.1899999976158142,0.1899999976158142,0.18299999833106995,0.1899999976158142,0.18324443697929382,64000
2020-09-14,0.19099999964237213,0.19499999284744263,0.1860000044107437,0.1899999976158142,0.18324443697929382,60000
2020-09-15,0.18400000035762787,0.1899999976158142,0.18299999833106995,0.18700000643730164,0.180351123213768,80000
2020-09-16,0.1860000044107437,0.18700000643730164,0.1860000044107437,0.1860000044107437,0.1793866753578186,384000
2020-09-17,0.1860000044107437,0.1860000044107437,0.17900000512599945,0.17900000512599945,0.17263557016849518,1042000
2020-09-18,0.17900000512599945,0.17900000512599945,0.17900000512599945,0.17900000512599945,0.17263557016849518,0
2020-09-21,0.1850000023841858,0.1850000023841858,0.17900000512599945,0.17900000512599945,0.17263557016849518,26000
2020-09-22,0.17900000512599945,0.17900000512599945,0.17900000512599945,0.17900000512599945,0.17263557016849518,0
2020-09-23,0.17900000512599945,0.17900000512599945,0.17900000512599945,0.17900000512599945,0.17263557016849518,0
2020-09-24,0.17900000512599945,0.17900000512599945,0.17900000512599945,0.17900000512599945,0.17263557016849518,0
2020-09-25,0.17800000309944153,0.17800000309944153,0.1770000010728836,0.1770000010728836,0.17070667445659637,110000
2020-09-28,0.1770000010728836,0.17800000309944153,0.1770000010728836,0.1770000010728836,0.17070667445659637,32000
2020-09-29,0.1770000010728836,0.1770000010728836,0.1770000010728836,0.1770000010728836,0.17070667445659637,0
2020-09-30,0.1770000010728836,0.1770000010728836,0.1770000010728836,0.1770000010728836,0.17070667445659637,0
2020-10-05,0.1770000010728836,0.1770000010728836,0.1770000010728836,0.1770000010728836,0.17070667445659637,0
2020-10-06,0.1770000010728836,0.1770000010728836,0.1770000010728836,0.1770000010728836,0.17070667445659637,0
2020-10-07,0.1770000010728836,0.1770000010728836,0.1770000010728836,0.1770000010728836,0.17070667445659637,0
2020-10-08,0.17100000381469727,0.17100000381469727,0.16899999976158142,0.17000000178813934,0.16395556926727295,82000
2020-10-09,0.17000000178813934,0.17000000178813934,0.17000000178813934,0.17000000178813934,0.16395556926727295,0
2020-10-12,0.17100000381469727,0.17100000381469727,0.17100000381469727,0.17100000381469727,0.16492000222206116,0
2020-10-14,0.17100000381469727,0.17100000381469727,0.17100000381469727,0.17100000381469727,0.16492000222206116,0
2020-10-15,0.17100000381469727,0.17100000381469727,0.16899999976158142,0.16899999976158142,0.16299112141132355,18000
2020-10-16,0.17599999904632568,0.17599999904632568,0.17499999701976776,0.17499999701976776,0.16877777874469757,56000
2020-10-19,0.17499999701976776,0.18000000715255737,0.17499999701976776,0.17800000309944153,0.17167112231254578,266000
2020-10-20,0.17800000309944153,0.17800000309944153,0.17800000309944153,0.17800000309944153,0.17167112231254578,0
2020-10-21,0.17599999904632568,0.17599999904632568,0.17599999904632568,0.17599999904632568,0.16974222660064697,0
2020-10-22,0.17599999904632568,0.17599999904632568,0.17599999904632568,0.17599999904632568,0.16974222660064697,0
2020-10-23,0.17599999904632568,0.17599999904632568,0.17599999904632568,0.17599999904632568,0.16974222660064697,0
2020-10-27,0.18000000715255737,0.18000000715255737,0.18000000715255737,0.18000000715255737,0.1736000031232834,0
2020-10-28,0.18199999630451202,0.18299999833106995,0.18199999630451202,0.18199999630451202,0.175528883934021,414000
2020-10-29,0.1809999942779541,0.18199999630451202,0.1809999942779541,0.18199999630451202,0.175528883934021,46000
2020-10-30,0.18199999630451202,0.18199999630451202,0.18000000715255737,0.18000000715255737,0.1736000031232834,114000
2020-11-02,0.18000000715255737,0.18000000715255737,0.18000000715255737,0.18000000715255737,0.1736000031232834,0
2020-11-03,0.18000000715255737,0.18400000035762787,0.18000000715255737,0.18400000035762787,0.1774577796459198,8000
2020-11-04,0.18400000035762787,0.18400000035762787,0.18400000035762787,0.18400000035762787,0.1774577796459198,0
2020-11-05,0.18400000035762787,0.18400000035762787,0.17000000178813934,0.17000000178813934,0.16395556926727295,102000
2020-11-06,0.17000000178813934,0.17000000178813934,0.17000000178813934,0.17000000178813934,0.16395556926727295,0
2020-11-09,0.18000000715255737,0.1850000023841858,0.18000000715255737,0.1850000023841858,0.1784222275018692,42000
2020-11-10,0.1860000044107437,0.1860000044107437,0.1860000044107437,0.1860000044107437,0.1793866753578186,0
2020-11-11,0.1860000044107437,0.1860000044107437,0.1860000044107437,0.1860000044107437,0.1793866753578186,0
2020-11-12,0.1860000044107437,0.1860000044107437,0.1860000044107437,0.1860000044107437,0.1793866753578186,0
2020-11-13,0.1860000044107437,0.1899999976158142,0.1860000044107437,0.1860000044107437,0.1793866753578186,272000
2020-11-16,0.1860000044107437,0.1860000044107437,0.1860000044107437,0.1860000044107437,0.1793866753578186,0
2020-11-17,0.1860000044107437,0.1860000044107437,0.1860000044107437,0.1860000044107437,0.1793866753578186,0
2020-11-18,0.18700000643730164,0.18700000643730164,0.1860000044107437,0.1860000044107437,0.1793866753578186,132000
2020-11-19,0.18700000643730164,0.18700000643730164,0.18700000643730164,0.18700000643730164,0.180351123213768,10000
2020-11-20,0.19699999690055847,0.1979999989271164,0.19699999690055847,0.1979999989271164,0.19096000492572784,16000
2020-11-23,0.1979999989271164,0.1979999989271164,0.1979999989271164,0.1979999989271164,0.19096000492572784,100000
2020-11-24,0.1809999942779541,0.1809999942779541,0.1809999942779541,0.1809999942779541,0.1745644360780716,0
2020-11-25,0.18299999833106995,0.18299999833106995,0.18299999833106995,0.18299999833106995,0.1764933317899704,10000
2020-11-26,0.18299999833106995,0.18299999833106995,0.18299999833106995,0.18299999833106995,0.1764933317899704,0
2020-11-27,0.18299999833106995,0.18299999833106995,0.18299999833106995,0.18299999833106995,0.1764933317899704,0
2020-11-30,0.18299999833106995,0.18299999833106995,0.18299999833106995,0.18299999833106995,0.1764933317899704,200000
2020-12-01,0.18299999833106995,0.18299999833106995,0.18299999833106995,0.18299999833106995,0.1764933317899704,0
2020-12-02,0.18299999833106995,0.18299999833106995,0.18299999833106995,0.18299999833106995,0.1764933317899704,210000
2020-12-03,0.18299999833106995,0.18299999833106995,0.18299999833106995,0.18299999833106995,0.1764933317899704,24000
2020-12-04,0.1940000057220459,0.1979999989271164,0.1940000057220459,0.19599999487400055,0.18903110921382904,142000
2020-12-07,0.19599999487400055,0.19599999487400055,0.18000000715255737,0.18000000715255737,0.1736000031232834,4000
2020-12-08,0.18199999630451202,0.18199999630451202,0.18199999630451202,0.18199999630451202,0.175528883934021,0
2020-12-09,0.18299999833106995,0.18299999833106995,0.18199999630451202,0.18199999630451202,0.175528883934021,80000
2020-12-10,0.18199999630451202,0.18199999630451202,0.18000000715255737,0.18000000715255737,0.1736000031232834,318000
2020-12-11,0.18199999630451202,0.18199999630451202,0.18199999630451202,0.18199999630451202,0.175528883934021,180000
2020-12-14,0.18299999833106995,0.18299999833106995,0.18299999833106995,0.18299999833106995,0.1764933317899704,0
2020-12-15,0.1850000023841858,0.1899999976158142,0.18299999833106995,0.1850000023841858,0.1784222275018692,390000
2020-12-16,0.1860000044107437,0.1860000044107437,0.1860000044107437,0.1860000044107437,0.1793866753578186,0
2020-12-17,0.1850000023841858,0.1850000023841858,0.1850000023841858,0.1850000023841858,0.1784222275018692,98000
2020-12-18,0.18799999356269836,0.1889999955892563,0.18799999356269836,0.18799999356269836,0.18131554126739502,118000
2020-12-21,0.18700000643730164,0.18700000643730164,0.18700000643730164,0.1860000044107437,0.1793866753578186,102000
2020-12-22,0.1860000044107437,0.1860000044107437,0.1860000044107437,0.1860000044107437,0.1793866753578186,0
2020-12-23,0.1860000044107437,0.1860000044107437,0.1860000044107437,0.1860000044107437,0.1793866753578186,0
2020-12-24,0.1860000044107437,0.1860000044107437,0.1860000044107437,0.1860000044107437,0.1793866753578186,0
2020-12-28,0.1860000044107437,0.1860000044107437,0.1860000044107437,0.1860000044107437,0.1793866753578186,300000
2020-12-29,0.1860000044107437,0.18700000643730164,0.1860000044107437,0.1860000044107437,0.1793866753578186,146000
2020-12-30,0.1860000044107437,0.1860000044107437,0.1860000044107437,0.1860000044107437,0.1793866753578186,0
2020-12-31,0.1860000044107437,0.1860000044107437,0.1860000044107437,0.1860000044107437,0.1793866753578186,0
2021-01-04,0.18400000035762787,0.18400000035762787,0.18400000035762787,0.18400000035762787,0.1774577796459198,0
2021-01-05,0.18199999630451202,0.19499999284744263,0.18000000715255737,0.19499999284744263,0.18806666135787964,292000
2021-01-06,0.19499999284744263,0.19499999284744263,0.1850000023841858,0.1850000023841858,0.1784222275018692,110000
2021-01-07,0.1860000044107437,0.1860000044107437,0.1860000044107437,0.1860000044107437,0.1793866753578186,0
2021-01-08,0.18700000643730164,0.18799999356269836,0.1860000044107437,0.1860000044107437,0.1793866753578186,572000
2021-01-11,0.1860000044107437,0.1860000044107437,0.1860000044107437,0.1860000044107437,0.1793866753578186,202000
2021-01-12,0.1860000044107437,0.1860000044107437,0.1860000044107437,0.1860000044107437,0.1793866753578186,16000
2021-01-13,0.1860000044107437,0.1860000044107437,0.1860000044107437,0.1860000044107437,0.1793866753578186,200000
2021-01-14,0.19900000095367432,0.19900000095367432,0.1979999989271164,0.1979999989271164,0.19096000492572784,22000
2021-01-15,0.2029999941587448,0.2029999941587448,0.18000000715255737,0.1809999942779541,0.1745644360780716,1050000
2021-01-18,0.18199999630451202,0.18199999630451202,0.1809999942779541,0.1809999942779541,0.1745644360780716,84000
2021-01-19,0.1809999942779541,0.1809999942779541,0.1809999942779541,0.1809999942779541,0.1745644360780716,32000
2021-01-20,0.18000000715255737,0.1899999976158142,0.17399999499320984,0.17399999499320984,0.16781333088874817,876000
2021-01-21,0.17499999701976776,0.18000000715255737,0.17499999701976776,0.18000000715255737,0.1736000031232834,986000
2021-01-22,0.18000000715255737,0.1889999955892563,0.18000000715255737,0.18000000715255737,0.1736000031232834,420000
2021-01-25,0.1899999976158142,0.1979999989271164,0.1899999976158142,0.19699999690055847,0.18999555706977844,10000
2021-01-26,0.1979999989271164,0.1979999989271164,0.1860000044107437,0.1860000044107437,0.1793866753578186,268000
2021-01-27,0.19499999284744263,0.19499999284744263,0.1940000057220459,0.1940000057220459,0.18710222840309143,70000
2021-01-28,0.20000000298023224,0.20499999821186066,0.1809999942779541,0.1809999942779541,0.1745644360780716,316000
2021-01-29,0.19900000095367432,0.19900000095367432,0.1850000023841858,0.1850000023841858,0.1784222275018692,68000
2021-02-01,0.1850000023841858,0.19300000369548798,0.1850000023841858,0.19200000166893005,0.18517333269119263,108000
2021-02-02,0.1850000023841858,0.1850000023841858,0.1850000023841858,0.1850000023841858,0.1784222275018692,112000
2021-02-03,0.1899999976158142,0.1899999976158142,0.1850000023841858,0.1850000023841858,0.1784222275018692,168000
2021-02-04,0.1899999976158142,0.2029999941587448,0.1899999976158142,0.19300000369548798,0.18613778054714203,214000
2021-02-05,0.20200000703334808,0.20200000703334808,0.20200000703334808,0.20200000703334808,0.19481779634952545,50000
2021-02-08,0.2029999941587448,0.2070000022649765,0.20200000703334808,0.20600000023841858,0.19867555797100067,332000
2021-02-09,0.20900000631809235,0.20900000631809235,0.20900000631809235,0.20900000631809235,0.20156890153884888,200000
2021-02-10,0.20900000631809235,0.21799999475479126,0.20900000631809235,0.21799999475479126,0.2102488875389099,350000
2021-02-11,0.23000000417232513,0.23000000417232513,0.23000000417232513,0.23000000417232513,0.22182221710681915,0
2021-02-16,0.23199999332427979,0.25,0.23000000417232513,0.25,0.24111111462116241,460000
2021-02-17,0.25,0.25999999046325684,0.25,0.25,0.24111111462116241,792000
2021-02-18,0.23800000548362732,0.23800000548362732,0.23399999737739563,0.23800000548362732,0.22953778505325317,118000
2021-02-19,0.2199999988079071,0.23800000548362732,0.2199999988079071,0.23800000548362732,0.22953778505325317,208000
2021-02-22,0.24199999868869781,0.2460000067949295,0.24199999868869781,0.24699999392032623,0.2382177710533142,308000
2021-02-23,0.24699999392032623,0.24899999797344208,0.24699999392032623,0.24699999392032623,0.2382177710533142,222000
2021-02-24,0.24799999594688416,0.25999999046325684,0.2460000067949295,0.24699999392032623,0.2382177710533142,916000
2021-02-25,0.25,0.25999999046325684,0.25,0.25999999046325684,0.25075554847717285,14000
2021-02-26,0.2460000067949295,0.25,0.2460000067949295,0.25,0.24111111462116241,264000
2021-03-01,0.24500000476837158,0.26499998569488525,0.24500000476837158,0.25999999046325684,0.25075554847717285,66000
2021-03-02,0.27000001072883606,0.27000001072883606,0.25,0.25,0.24111111462116241,358000
2021-03-03,0.25,0.25,0.25,0.25,0.24111111462116241,44000
2021-03-04,0.2549999952316284,0.2549999952316284,0.25,0.25,0.24111111462116241,354000
2021-03-05,0.24400000274181366,0.24400000274181366,0.24400000274181366,0.24400000274181366,0.2353244572877884,0
2021-03-08,0.22499999403953552,0.24199999868869781,0.2199999988079071,0.24199999868869781,0.2333955615758896,236000
2021-03-09,0.24300000071525574,0.24300000071525574,0.22499999403953552,0.22499999403953552,0.21699999272823334,152000
2021-03-10,0.22499999403953552,0.22499999403953552,0.22499999403953552,0.22499999403953552,0.21699999272823334,0
2021-03-11,0.22499999403953552,0.22499999403953552,0.22499999403953552,0.22499999403953552,0.21699999272823334,250000
2021-03-12,0.22499999403953552,0.22499999403953552,0.22200000286102295,0.22200000286102295,0.21410666406154633,32000
2021-03-15,0.24400000274181366,0.24500000476837158,0.23600000143051147,0.23899999260902405,0.23050221800804138,114000
2021-03-16,0.25999999046325684,0.25999999046325684,0.2549999952316284,0.2549999952316284,0.24593332409858704,8000
2021-03-17,0.2549999952316284,0.2549999952316284,0.2549999952316284,0.24799999594688416,0.2391822189092636,106000
2021-03-18,0.25999999046325684,0.25999999046325684,0.24799999594688416,0.25,0.24111111462116241,104000
2021-03-19,0.25999999046325684,0.25999999046325684,0.23999999463558197,0.23999999463558197,0.23146666586399078,54000
2021-03-22,0.23999999463558197,0.23999999463558197,0.23999999463558197,0.23999999463558197,0.23146666586399078,60000
2021-03-23,0.23999999463558197,0.2409999966621399,0.23999999463558197,0.2409999966621399,0.23243111371994019,108000
2021-03-24,0.2409999966621399,0.2409999966621399,0.2409999966621399,0.2409999966621399,0.23243111371994019,0
2021-03-25,0.23999999463558197,0.23999999463558197,0.23999999463558197,0.23999999463558197,0.23146666586399078,0
2021-03-26,0.23999999463558197,0.25,0.23499999940395355,0.24799999594688416,0.2391822189092636,230000
2021-03-29,0.2460000067949295,0.2460000067949295,0.2460000067949295,0.2460000067949295,0.237253338098526,0
2021-03-30,0.24500000476837158,0.24500000476837158,0.24500000476837158,0.24500000476837158,0.2362889051437378,0
2021-03-31,0.24300000071525574,0.24400000274181366,0.24300000071525574,0.24400000274181366,0.2353244572877884,66000
2021-04-01,0.2409999966621399,0.2409999966621399,0.2409999966621399,0.2409999966621399,0.23243111371994019,0
2021-04-07,0.2409999966621399,0.24199999868869781,0.2409999966621399,0.2409999966621399,0.23243111371994019,194000
2021-04-08,0.22499999403953552,0.22499999403953552,0.22499999403953552,0.22499999403953552,0.21699999272823334,100000
2021-04-09,0.23100000619888306,0.24799999594688416,0.23100000619888306,0.24799999594688416,0.2391822189092636,28000
2021-04-12,0.24799999594688416,0.24799999594688416,0.24799999594688416,0.24799999594688416,0.2391822189092636,0
2021-04-13,0.24799999594688416,0.24799999594688416,0.24799999594688416,0.24799999594688416,0.2391822189092636,0
2021-04-14,0.25,0.25,0.25,0.25,0.24111111462116241,4000
2021-04-15,0.25,0.25,0.2199999988079071,0.23000000417232513,0.22182221710681915,110000
2021-04-16,0.23000000417232513,0.25,0.23000000417232513,0.25,0.24111111462116241,234000
2021-04-19,0.2460000067949295,0.2460000067949295,0.2460000067949295,0.2460000067949295,0.237253338098526,0
2021-04-20,0.24199999868869781,0.24199999868869781,0.24199999868869781,0.24199999868869781,0.2333955615758896,0
2021-04-21,0.24199999868869781,0.24199999868869781,0.24199999868869781,0.24199999868869781,0.2333955615758896,0
2021-04-22,0.23999999463558197,0.23999999463558197,0.23999999463558197,0.23600000143051147,0.22760890424251556,2000
2021-04-23,0.2280000001192093,0.2280000001192093,0.2280000001192093,0.2280000001192093,0.21989333629608154,6000
2021-04-26,0.2280000001192093,0.22699999809265137,0.22499999403953552,0.22499999403953552,0.21699999272823334,42000
2021-04-27,0.22499999403953552,0.22499999403953552,0.22499999403953552,0.23800000548362732,0.22953778505325317,10000
2021-04-28,0.24400000274181366,0.2750000059604645,0.24400000274181366,0.25,0.24111111462116241,112000
2021-04-29,0.2549999952316284,0.27000001072883606,0.2549999952316284,0.27000001072883606,0.26040002703666687,650000
2021-04-30,0.2750000059604645,0.2750000059604645,0.2750000059604645,0.27000001072883606,0.26040002703666687,24000
2021-05-03,0.2750000059604645,0.2750000059604645,0.26499998569488525,0.26499998569488525,0.25557777285575867,6000
2021-05-04,0.26499998569488525,0.26499998569488525,0.26499998569488525,0.25999999046325684,0.25075554847717285,8000
2021-05-05,0.25999999046325684,0.25999999046325684,0.25999999046325684,0.25999999046325684,0.25075554847717285,2000
2021-05-06,0.26499998569488525,0.26499998569488525,0.26499998569488525,0.26499998569488525,0.25557777285575867,0
2021-05-07,0.2750000059604645,0.2750000059604645,0.27000001072883606,0.27000001072883606,0.26040002703666687,324000
2021-05-10,0.2750000059604645,0.2750000059604645,0.26499998569488525,0.26499998569488525,0.25557777285575867,52000
2021-05-11,0.27000001072883606,0.27000001072883606,0.25,0.25,0.24111111462116241,260000
2021-05-12,0.2549999952316284,0.2549999952316284,0.25,0.25,0.24111111462116241,204000
2021-05-13,0.2549999952316284,0.2549999952316284,0.25,0.25,0.24111111462116241,82000
2021-05-14,0.25,0.26499998569488525,0.25,0.26499998569488525,0.25557777285575867,22000
2021-05-17,0.25999999046325684,0.25999999046325684,0.25999999046325684,0.25999999046325684,0.25075554847717285,0
2021-05-18,0.25999999046325684,0.25999999046325684,0.25999999046325684,0.25999999046325684,0.25075554847717285,0
2021-05-20,0.24799999594688416,0.25999999046325684,0.24799999594688416,0.25999999046325684,0.25075554847717285,40000
2021-05-21,0.25999999046325684,0.25999999046325684,0.25999999046325684,0.25999999046325684,0.25075554847717285,36000
2021-05-24,0.25999999046325684,0.25999999046325684,0.25999999046325684,0.25999999046325684,0.25075554847717285,0
2021-05-25,0.25,0.25,0.25,0.25,0.24111111462116241,10000
2021-05-26,0.25,0.2750000059604645,0.25,0.2750000059604645,0.2652222216129303,10000
2021-05-27,0.27000001072883606,0.27000001072883606,0.27000001072883606,0.27000001072883606,0.26040002703666687,100000
2021-05-28,0.25,0.25,0.23499999940395355,0.23800000548362732,0.22953778505325317,102000
2021-05-31,0.23899999260902405,0.23899999260902405,0.23899999260902405,0.23899999260902405,0.23050221800804138,0
2021-06-01,0.23999999463558197,0.23999999463558197,0.23999999463558197,0.23999999463558197,0.23146666586399078,0
2021-06-02,0.23800000548362732,0.23800000548362732,0.23499999940395355,0.23499999940395355,0.22664445638656616,258000
2021-06-03,0.23499999940395355,0.23499999940395355,0.23499999940395355,0.23499999940395355,0.22664445638656616,0
2021-06-04,0.23600000143051147,0.23600000143051147,0.23600000143051147,0.23600000143051147,0.22760890424251556,0
2021-06-07,0.23600000143051147,0.23600000143051147,0.23600000143051147,0.23600000143051147,0.22760890424251556,0
2021-06-08,0.23600000143051147,0.23600000143051147,0.23600000143051147,0.23600000143051147,0.22760890424251556,0
2021-06-09,0.23600000143051147,0.25999999046325684,0.23600000143051147,0.2549999952316284,0.24593332409858704,114000
2021-06-10,0.2549999952316284,0.2549999952316284,0.2549999952316284,0.2549999952316284,0.24593332409858704,0
2021-06-11,0.25999999046325684,0.25999999046325684,0.25999999046325684,0.25999999046325684,0.25075554847717285,676000
2021-06-15,0.25999999046325684,0.25999999046325684,0.25999999046325684,0.25999999046325684,0.25075554847717285,0
2021-06-16,0.25999999046325684,0.25999999046325684,0.25999999046325684,0.25999999046325684,0.25075554847717285,0
2021-06-17,0.2409999966621399,0.2409999966621399,0.23800000548362732,0.23800000548362732,0.22953778505325317,100000
2021-06-18,0.23800000548362732,0.23800000548362732,0.23800000548362732,0.23800000548362732,0.22953778505325317,0
2021-06-21,0.23600000143051147,0.23600000143051147,0.23600000143051147,0.23600000143051147,0.22760890424251556,192000
2021-06-22,0.24500000476837158,0.24500000476837158,0.24500000476837158,0.24500000476837158,0.2362889051437378,4000
2021-06-23,0.25,0.25,0.25,0.25,0.24111111462116241,2000
2021-06-24,0.25,0.25,0.23100000619888306,0.23199999332427979,0.22375111281871796,86000
2021-06-25,0.23499999940395355,0.2370000034570694,0.23499999940395355,0.2370000034570694,0.22857335209846497,12000
2021-06-28,0.2370000034570694,0.2370000034570694,0.2370000034570694,0.2370000034570694,0.22857335209846497,0
2021-06-29,0.2370000034570694,0.2370000034570694,0.2370000034570694,0.2370000034570694,0.22857335209846497,0
2021-06-30,0.23100000619888306,0.23800000548362732,0.23100000619888306,0.23499999940395355,0.22664445638656616,498000
2021-07-02,0.23499999940395355,0.2370000034570694,0.23499999940395355,0.2370000034570694,0.22857335209846497,288000
2021-07-05,0.2370000034570694,0.2370000034570694,0.2370000034570694,0.2370000034570694,0.22857335209846497,0
2021-07-06,0.2370000034570694,0.2370000034570694,0.2370000034570694,0.2370000034570694,0.22857335209846497,0
2021-07-07,0.23499999940395355,0.23499999940395355,0.23499999940395355,0.23499999940395355,0.22664445638656616,50000
2021-07-08,0.23499999940395355,0.25999999046325684,0.23499999940395355,0.2549999952316284,0.24593332409858704,58000
2021-07-09,0.23600000143051147,0.23600000143051147,0.23600000143051147,0.23600000143051147,0.22760890424251556,0
2021-07-12,0.23600000143051147,0.23600000143051147,0.23600000143051147,0.23600000143051147,0.22760890424251556,0
2021-07-13,0.23600000143051147,0.23600000143051147,0.23600000143051147,0.23600000143051147,0.22760890424251556,0
2021-07-14,0.22200000286102295,0.22200000286102295,0.22200000286102295,0.22200000286102295,0.21410666406154633,8000
2021-07-15,0.22200000286102295,0.22200000286102295,0.22200000286102295,0.22200000286102295,0.21410666406154633,60000
2021-07-16,0.22200000286102295,0.22200000286102295,0.22200000286102295,0.22200000286102295,0.21410666406154633,0
2021-07-19,0.22200000286102295,0.22200000286102295,0.22200000286102295,0.22200000286102295,0.21410666406154633,0
2021-07-20,0.22200000286102295,0.22200000286102295,0.22200000286102295,0.22200000286102295,0.21410666406154633,114000
2021-07-21,0.22200000286102295,0.22200000286102295,0.22200000286102295,0.22200000286102295,0.21410666406154633,0
2021-07-22,0.22200000286102295,0.22200000286102295,0.22200000286102295,0.22200000286102295,0.21410666406154633,0
2021-07-23,0.22200000286102295,0.22200000286102295,0.22200000286102295,0.22200000286102295,0.21410666406154633,0
2021-07-26,0.2199999988079071,0.2199999988079071,0.2199999988079071,0.2199999988079071,0.21217778325080872,104000
2021-07-27,0.2199999988079071,0.2199999988079071,0.2199999988079071,0.2199999988079071,0.21217778325080872,0
2021-07-28,0.20499999821186066,0.20499999821186066,0.20499999821186066,0.20499999821186066,0.19771111011505127,2000
2021-07-29,0.20499999821186066,0.20499999821186066,0.20499999821186066,0.20499999821186066,0.19771111011505127,0
2021-07-30,0.20499999821186066,0.20499999821186066,0.20499999821186066,0.20499999821186066,0.19771111011505127,20000
2021-08-02,0.21199999749660492,0.21199999749660492,0.21199999749660492,0.21199999749660492,0.2044622302055359,0
2021-08-03,0.21199999749660492,0.21199999749660492,0.21199999749660492,0.21199999749660492,0.2044622302055359,0
2021-08-04,0.21199999749660492,0.21199999749660492,0.21199999749660492,0.21199999749660492,0.2044622302055359,10000
2021-08-05,0.21199999749660492,0.21199999749660492,0.21199999749660492,0.21199999749660492,0.2044622302055359,0
2021-08-06,0.21199999749660492,0.21199999749660492,0.21199999749660492,0.21199999749660492,0.2044622302055359,0
2021-08-09,0.21199999749660492,0.21199999749660492,0.21199999749660492,0.21199999749660492,0.2044622302055359,0
2021-08-10,0.21199999749660492,0.21199999749660492,0.21199999749660492,0.21199999749660492,0.2044622302055359,0
2021-08-11,0.20499999821186066,0.20600000023841858,0.20499999821186066,0.20600000023841858,0.19867555797100067,52000
2021-08-12,0.20600000023841858,0.20600000023841858,0.20600000023841858,0.20600000023841858,0.19867555797100067,0
2021-08-13,0.20600000023841858,0.20600000023841858,0.20600000023841858,0.20600000023841858,0.19867555797100067,0
2021-08-16,0.20499999821186066,0.20499999821186066,0.20499999821186066,0.20499999821186066,0.19771111011505127,30000
2021-08-17,0.20499999821186066,0.20499999821186066,0.20499999821186066,0.20499999821186066,0.19771111011505127,0
2021-08-18,0.20499999821186066,0.20499999821186066,0.20499999821186066,0.20499999821186066,0.19771111011505127,0
2021-08-19,0.20600000023841858,0.20600000023841858,0.20600000023841858,0.20600000023841858,0.19867555797100067,0
2021-08-20,0.20600000023841858,0.20600000023841858,0.20600000023841858,0.20600000023841858,0.19867555797100067,0
2021-08-23,0.20600000023841858,0.20600000023841858,0.20600000023841858,0.20600000023841858,0.19867555797100067,0
2021-08-24,0.20600000023841858,0.20600000023841858,0.20600000023841858,0.20600000023841858,0.19867555797100067,0
2021-08-25,0.20600000023841858,0.20600000023841858,0.20600000023841858,0.20600000023841858,0.19867555797100067,0
2021-08-26,0.20600000023841858,0.20600000023841858,0.20600000023841858,0.20600000023841858,0.19867555797100067,0
2021-08-27,0.20600000023841858,0.20600000023841858,0.20600000023841858,0.20600000023841858,0.19867555797100067,0
2021-08-30,0.20600000023841858,0.20600000023841858,0.20600000023841858,0.20600000023841858,0.19867555797100067,0
2021-08-31,0.20600000023841858,0.20600000023841858,0.20600000023841858,0.20600000023841858,0.19867555797100067,0
2021-09-01,0.20000000298023224,0.20100000500679016,0.20000000298023224,0.20100000500679016,0.19385334849357605,74000
2021-09-02,0.20100000500679016,0.20100000500679016,0.20100000500679016,0.20100000500679016,0.19385334849357605,0
2021-09-03,0.20100000500679016,0.20100000500679016,0.20100000500679016,0.20100000500679016,0.19385334849357605,0
2021-09-06,0.20100000500679016,0.20100000500679016,0.20100000500679016,0.20100000500679016,0.19385334849357605,0
2021-09-07,0.20000000298023224,0.20499999821186066,0.20000000298023224,0.20499999821186066,0.19771111011505127,500000
2021-09-08,0.20499999821186066,0.20499999821186066,0.20499999821186066,0.20499999821186066,0.19771111011505127,0
2021-09-09,0.20499999821186066,0.20499999821186066,0.20499999821186066,0.20499999821186066,0.19771111011505127,0
2021-09-10,0.20499999821186066,0.20499999821186066,0.20499999821186066,0.20499999821186066,0.19771111011505127,0
2021-09-13,0.20499999821186066,0.20499999821186066,0.20499999821186066,0.20499999821186066,0.19771111011505127,0
2021-09-14,0.20499999821186066,0.20499999821186066,0.20499999821186066,0.20499999821186066,0.19771111011505127,0
2021-09-15,0.20000000298023224,0.20000000298023224,0.19900000095367432,0.19900000095367432,0.19192445278167725,44000
2021-09-16,0.19900000095367432,0.19900000095367432,0.19900000095367432,0.19900000095367432,0.19192445278167725,0
2021-09-17,0.18000000715255737,0.18400000035762787,0.18000000715255737,0.18400000035762787,0.1774577796459198,134000
2021-09-20,0.18400000035762787,0.18400000035762787,0.18400000035762787,0.18400000035762787,0.1774577796459198,0
2021-09-21,0.18400000035762787,0.18400000035762787,0.18400000035762787,0.18400000035762787,0.1774577796459198,0
2021-09-23,0.1850000023841858,0.1850000023841858,0.1850000023841858,0.1850000023841858,0.1784222275018692,0
2021-09-24,0.1850000023841858,0.1850000023841858,0.1850000023841858,0.1850000023841858,0.1784222275018692,0
2021-09-27,0.1860000044107437,0.1860000044107437,0.1860000044107437,0.1860000044107437,0.1793866753578186,0
2021-09-28,0.1860000044107437,0.1860000044107437,0.1860000044107437,0.1860000044107437,0.1793866753578186,0
2021-09-29,0.1979999989271164,0.1979999989271164,0.1979999989271164,0.1979999989271164,0.19096000492572784,0
2021-09-30,0.1979999989271164,0.1979999989271164,0.1979999989271164,0.1979999989271164,0.19096000492572784,18000
2021-10-04,0.1979999989271164,0.1979999989271164,0.1979999989271164,0.1979999989271164,0.19096000492572784,8000
2021-10-05,0.1979999989271164,0.1979999989271164,0.1979999989271164,0.1979999989271164,0.19096000492572784,42000
2021-10-06,0.1979999989271164,0.1979999989271164,0.1979999989271164,0.1979999989271164,0.19096000492572784,0
2021-10-07,0.1979999989271164,0.1979999989271164,0.1979999989271164,0.1979999989271164,0.19096000492572784,0
2021-10-08,0.1979999989271164,0.1979999989271164,0.1979999989271164,0.1979999989271164,0.19096000492572784,0
2021-10-11,0.1979999989271164,0.1979999989271164,0.1979999989271164,0.1979999989271164,0.19096000492572784,0
2021-10-12,0.18000000715255737,0.18000000715255737,0.18000000715255737,0.18000000715255737,0.1736000031232834,0
2021-10-15,0.17000000178813934,0.17000000178813934,0.17000000178813934,0.17599999904632568,0.16974222660064697,10000
2021-10-18,0.17599999904632568,0.17599999904632568,0.17599999904632568,0.17599999904632568,0.16974222660064697,0
2021-10-19,0.17599999904632568,0.17599999904632568,0.17599999904632568,0.17599999904632568,0.16974222660064697,0
2021-10-20,0.17599999904632568,0.17599999904632568,0.17599999904632568,0.17599999904632568,0.16974222660064697,0
2021-10-21,0.17599999904632568,0.17599999904632568,0.17599999904632568,0.17599999904632568,0.16974222660064697,0
2021-10-22,0.17599999904632568,0.17599999904632568,0.17599999904632568,0.17599999904632568,0.16974222660064697,4000
2021-10-25,0.17599999904632568,0.17599999904632568,0.17599999904632568,0.17599999904632568,0.16974222660064697,0
2021-10-26,0.17399999499320984,0.17399999499320984,0.17399999499320984,0.17399999499320984,0.16781333088874817,0
2021-10-27,0.17399999499320984,0.17399999499320984,0.17399999499320984,0.17399999499320984,0.16781333088874817,0
2021-10-28,0.17399999499320984,0.17399999499320984,0.17399999499320984,0.17399999499320984,0.16781333088874817,0
2021-10-29,0.17399999499320984,0.17399999499320984,0.17399999499320984,0.17399999499320984,0.16781333088874817,0
2021-11-01,0.17599999904632568,0.17599999904632568,0.17599999904632568,0.17599999904632568,0.16974222660064697,0
2021-11-02,0.17800000309944153,0.17800000309944153,0.17800000309944153,0.17800000309944153,0.17167112231254578,0
2021-11-03,0.1809999942779541,0.1809999942779541,0.1809999942779541,0.1809999942779541,0.1745644360780716,0
2021-11-04,0.18199999630451202,0.18199999630451202,0.18199999630451202,0.18199999630451202,0.175528883934021,0
2021-11-05,0.18299999833106995,0.18299999833106995,0.18299999833106995,0.18299999833106995,0.1764933317899704,0
2021-11-08,0.1850000023841858,0.1850000023841858,0.1850000023841858,0.1850000023841858,0.1784222275018692,0
2021-11-09,0.1850000023841858,0.1850000023841858,0.1850000023841858,0.1850000023841858,0.1784222275018692,0
2021-11-10,0.1899999976158142,0.1899999976158142,0.1899999976158142,0.1899999976158142,0.18324443697929382,0
2021-11-11,0.18199999630451202,0.18199999630451202,0.18199999630451202,0.18199999630451202,0.175528883934021,0
2021-11-12,0.1850000023841858,0.1850000023841858,0.1850000023841858,0.1850000023841858,0.1784222275018692,0
2021-11-15,0.19599999487400055,0.19599999487400055,0.19599999487400055,0.19599999487400055,0.18903110921382904,0
2021-11-16,0.20100000500679016,0.20100000500679016,0.20100000500679016,0.20100000500679016,0.19385334849357605,0
2021-11-17,0.2029999941587448,0.2029999941587448,0.2029999941587448,0.2029999941587448,0.19578222930431366,0
2021-11-18,0.20000000298023224,0.20000000298023224,0.20000000298023224,0.20000000298023224,0.19288890063762665,0
2021-11-19,0.20999999344348907,0.20999999344348907,0.20999999344348907,0.20999999344348907,0.20253333449363708,20000
2021-11-22,0.20999999344348907,0.20999999344348907,0.20999999344348907,0.20999999344348907,0.20253333449363708,0
2021-11-23,0.2199999988079071,0.2199999988079071,0.2199999988079071,0.2199999988079071,0.21217778325080872,0
2021-11-24,0.23000000417232513,0.23100000619888306,0.23000000417232513,0.23100000619888306,0.22278666496276855,70000
2021-11-25,0.23999999463558197,0.2460000067949295,0.23999999463558197,0.24500000476837158,0.2362889051437378,346000
2021-11-26,0.2460000067949295,0.2460000067949295,0.24500000476837158,0.24500000476837158,0.2362889051437378,398000
2021-11-29,0.24500000476837158,0.24500000476837158,0.24500000476837158,0.24500000476837158,0.2362889051437378,240000
2021-11-30,0.24500000476837158,0.24500000476837158,0.24500000476837158,0.24500000476837158,0.2362889051437378,0
2021-12-01,0.24500000476837158,0.24500000476837158,0.24500000476837158,0.24500000476837158,0.2362889051437378,0
2021-12-02,0.24500000476837158,0.24500000476837158,0.24500000476837158,0.24400000274181366,0.2353244572877884,202000
2021-12-03,0.24400000274181366,0.24400000274181366,0.24400000274181366,0.24400000274181366,0.2353244572877884,0
2021-12-06,0.24300000071525574,0.24300000071525574,0.24300000071525574,0.24300000071525574,0.234360009431839,0
2021-12-07,0.23999999463558197,0.2409999966621399,0.23999999463558197,0.23999999463558197,0.23146666586399078,86000
2021-12-08,0.23999999463558197,0.23999999463558197,0.23999999463558197,0.23999999463558197,0.23146666586399078,334000
2021-12-09,0.23999999463558197,0.23999999463558197,0.23999999463558197,0.23999999463558197,0.23146666586399078,0
2021-12-10,0.23999999463558197,0.23999999463558197,0.23999999463558197,0.23999999463558197,0.23146666586399078,200000
2021-12-13,0.23999999463558197,0.24199999868869781,0.23999999463558197,0.23999999463558197,0.23146666586399078,92000
2021-12-14,0.23999999463558197,0.23999999463558197,0.23999999463558197,0.23999999463558197,0.23146666586399078,356000
2021-12-15,0.23999999463558197,0.23999999463558197,0.23999999463558197,0.23999999463558197,0.23146666586399078,340000
2021-12-16,0.23999999463558197,0.27000001072883606,0.23999999463558197,0.2549999952316284,0.24593332409858704,340000
2021-12-17,0.2549999952316284,0.2549999952316284,0.2549999952316284,0.2549999952316284,0.24593332409858704,0
2021-12-20,0.2549999952316284,0.2549999952316284,0.2549999952316284,0.2549999952316284,0.24593332409858704,10000
2021-12-21,0.2549999952316284,0.2549999952316284,0.2549999952316284,0.2549999952316284,0.24593332409858704,10000
2021-12-22,0.26499998569488525,0.26499998569488525,0.26499998569488525,0.26499998569488525,0.25557777285575867,6000
2021-12-23,0.23999999463558197,0.29499998688697815,0.23999999463558197,0.26499998569488525,0.25557777285575867,590000
2021-12-24,0.26499998569488525,0.26499998569488525,0.26499998569488525,0.26499998569488525,0.25557777285575867,0
2021-12-28,0.25,0.26499998569488525,0.25,0.26499998569488525,0.25557777285575867,200000
2021-12-29,0.26499998569488525,0.27000001072883606,0.26499998569488525,0.27000001072883606,0.26040002703666687,204000
2021-12-30,0.27000001072883606,0.27000001072883606,0.26499998569488525,0.27000001072883606,0.26040002703666687,142000
2021-12-31,0.26499998569488525,0.26499998569488525,0.26499998569488525,0.26499998569488525,0.25557777285575867,10000
2022-01-03,0.27000001072883606,0.27000001072883606,0.26499998569488525,0.26499998569488525,0.25557777285575867,94000
2022-01-04,0.26499998569488525,0.26499998569488525,0.26499998569488525,0.26499998569488525,0.25557777285575867,0
2022-01-05,0.26499998569488525,0.26499998569488525,0.25,0.24500000476837158,0.2362889051437378,432000
2022-01-06,0.25999999046325684,0.25999999046325684,0.25999999046325684,0.25999999046325684,0.25075554847717285,0
2022-01-07,0.25999999046325684,0.25999999046325684,0.25999999046325684,0.25999999046325684,0.25075554847717285,28000
2022-01-10,0.25999999046325684,0.25999999046325684,0.25999999046325684,0.25999999046325684,0.25075554847717285,0
2022-01-11,0.25999999046325684,0.25999999046325684,0.25999999046325684,0.25999999046325684,0.25075554847717285,0
2022-01-12,0.25999999046325684,0.25999999046325684,0.25999999046325684,0.25999999046325684,0.25075554847717285,0
2022-01-13,0.25999999046325684,0.25999999046325684,0.25999999046325684,0.25999999046325684,0.25075554847717285,0
2022-01-14,0.25999999046325684,0.25999999046325684,0.25999999046325684,0.25999999046325684,0.25075554847717285,0
2022-01-17,0.24799999594688416,0.24799999594688416,0.24799999594688416,0.24799999594688416,0.2391822189092636,0
2022-01-18,0.25999999046325684,0.27000001072883606,0.25999999046325684,0.27000001072883606,0.26040002703666687,116000
2022-01-19,0.27000001072883606,0.27000001072883606,0.27000001072883606,0.27000001072883606,0.26040002703666687,0
2022-01-20,0.27000001072883606,0.27000001072883606,0.27000001072883606,0.27000001072883606,0.26040002703666687,0
2022-01-21,0.27000001072883606,0.27000001072883606,0.27000001072883606,0.27000001072883606,0.26040002703666687,0
2022-01-24,0.27000001072883606,0.27000001072883606,0.27000001072883606,0.27000001072883606,0.26040002703666687,0
2022-01-25,0.27000001072883606,0.27000001072883606,0.27000001072883606,0.27000001072883606,0.26040002703666687,0
2022-01-26,0.27000001072883606,0.27000001072883606,0.27000001072883606,0.27000001072883606,0.26040002703666687,0
2022-01-27,0.27000001072883606,0.27000001072883606,0.27000001072883606,0.27000001072883606,0.26040002703666687,56000
2022-01-28,0.27000001072883606,0.27000001072883606,0.27000001072883606,0.27000001072883606,0.26040002703666687,0
2022-01-31,0.27000001072883606,0.27000001072883606,0.27000001072883606,0.27000001072883606,0.26040002703666687,0
2022-02-04,0.27000001072883606,0.27000001072883606,0.27000001072883606,0.27000001072883606,0.26040002703666687,0
2022-02-07,0.27000001072883606,0.27000001072883606,0.27000001072883606,0.27000001072883606,0.26040002703666687,0
2022-02-08,0.27000001072883606,0.27000001072883606,0.27000001072883606,0.27000001072883606,0.26040002703666687,0
2022-02-09,0.27000001072883606,0.27000001072883606,0.27000001072883606,0.27000001072883606,0.26040002703666687,0
2022-02-10,0.27000001072883606,0.27000001072883606,0.27000001072883606,0.27000001072883606,0.26040002703666687,0
2022-02-11,0.27000001072883606,0.27000001072883606,0.27000001072883606,0.27000001072883606,0.26040002703666687,0
2022-02-14,0.27000001072883606,0.27000001072883606,0.27000001072883606,0.27000001072883606,0.26040002703666687,0
2022-02-15,0.27000001072883606,0.27000001072883606,0.27000001072883606,0.27000001072883606,0.26040002703666687,34000
2022-02-16,0.27000001072883606,0.27000001072883606,0.27000001072883606,0.27000001072883606,0.26040002703666687,0
2022-02-17,0.27000001072883606,0.27000001072883606,0.27000001072883606,0.27000001072883606,0.26040002703666687,0
2022-02-18,0.27000001072883606,0.27000001072883606,0.27000001072883606,0.27000001072883606,0.26040002703666687,0
2022-02-21,0.27000001072883606,0.27000001072883606,0.27000001072883606,0.27000001072883606,0.26040002703666687,0
2022-02-22,0.27000001072883606,0.27000001072883606,0.27000001072883606,0.27000001072883606,0.26040002703666687,0
2022-02-23,0.27000001072883606,0.27000001072883606,0.27000001072883606,0.27000001072883606,0.26040002703666687,0
2022-02-24,0.2280000001192093,0.2280000001192093,0.2280000001192093,0.22200000286102295,0.21410666406154633,32000
2022-02-25,0.22200000286102295,0.22200000286102295,0.22200000286102295,0.22200000286102295,0.21410666406154633,0
2022-02-28,0.20800000429153442,0.20800000429153442,0.19200000166893005,0.20200000703334808,0.19481779634952545,248000
2022-03-01,0.20200000703334808,0.2150000035762787,0.20200000703334808,0.20399999618530273,0.19674667716026306,194000
2022-03-02,0.2150000035762787,0.2150000035762787,0.2150000035762787,0.2150000035762787,0.2073555588722229,0
2022-03-03,0.2150000035762787,0.2150000035762787,0.2150000035762787,0.2150000035762787,0.2073555588722229,38000
2022-03-04,0.2150000035762787,0.2150000035762787,0.2150000035762787,0.2150000035762787,0.2073555588722229,0
2022-03-07,0.2150000035762787,0.2150000035762787,0.2150000035762787,0.2150000035762787,0.2073555588722229,0
2022-03-08,0.2150000035762787,0.2150000035762787,0.2150000035762787,0.2150000035762787,0.2073555588722229,0
2022-03-09,0.2150000035762787,0.2150000035762787,0.2150000035762787,0.2150000035762787,0.2073555588722229,0
2022-03-10,0.21799999475479126,0.21799999475479126,0.2029999941587448,0.2029999941587448,0.19578222930431366,84000
2022-03-11,0.2029999941587448,0.2029999941587448,0.2029999941587448,0.2029999941587448,0.19578222930431366,0
2022-03-14,0.2029999941587448,0.2029999941587448,0.2029999941587448,0.2029999941587448,0.19578222930431366,0
2022-03-15,0.2029999941587448,0.2029999941587448,0.2029999941587448,0.2029999941587448,0.19578222930431366,50000
2022-03-16,0.2029999941587448,0.2029999941587448,0.2029999941587448,0.2029999941587448,0.19578222930431366,0
2022-03-17,0.2029999941587448,0.2029999941587448,0.2029999941587448,0.2029999941587448,0.19578222930431366,10000
2022-03-18,0.1899999976158142,0.2029999941587448,0.1889999955892563,0.1940000057220459,0.18710222840309143,140000
2022-03-21,0.19499999284744263,0.19499999284744263,0.19499999284744263,0.19499999284744263,0.18806666135787964,0
2022-03-22,0.19499999284744263,0.19499999284744263,0.19499999284744263,0.19499999284744263,0.18806666135787964,0
2022-03-23,0.20000000298023224,0.20000000298023224,0.20000000298023224,0.20000000298023224,0.19288890063762665,0
2022-03-24,0.20999999344348907,0.2199999988079071,0.20999999344348907,0.2199999988079071,0.21217778325080872,100000
2022-03-25,0.2199999988079071,0.2199999988079071,0.2199999988079071,0.2199999988079071,0.21217778325080872,0
2022-03-28,0.20000000298023224,0.20000000298023224,0.20000000298023224,0.20000000298023224,0.19288890063762665,4000
2022-03-29,0.20000000298023224,0.20000000298023224,0.20000000298023224,0.20000000298023224,0.19288890063762665,0
2022-03-30,0.19300000369548798,0.19300000369548798,0.19300000369548798,0.19300000369548798,0.18613778054714203,0
2022-03-31,0.1979999989271164,0.1979999989271164,0.1979999989271164,0.1979999989271164,0.19096000492572784,0
2022-04-01,0.1979999989271164,0.1979999989271164,0.1979999989271164,0.1979999989271164,0.19096000492572784,0
2022-04-04,0.1979999989271164,0.1979999989271164,0.1979999989271164,0.1979999989271164,0.19096000492572784,0
2022-04-06,0.20600000023841858,0.20600000023841858,0.20600000023841858,0.20600000023841858,0.19867555797100067,60000
2022-04-07,0.20499999821186066,0.20499999821186066,0.20499999821186066,0.20800000429153442,0.20060445368289948,2000
2022-04-08,0.20800000429153442,0.20800000429153442,0.20800000429153442,0.20800000429153442,0.20060445368289948,0
2022-04-11,0.20800000429153442,0.20800000429153442,0.20800000429153442,0.20800000429153442,0.20060445368289948,0
2022-04-12,0.20800000429153442,0.20800000429153442,0.20800000429153442,0.20800000429153442,0.20060445368289948,0
2022-04-13,0.20999999344348907,0.20999999344348907,0.20999999344348907,0.20999999344348907,0.20253333449363708,0
2022-04-14,0.20999999344348907,0.20999999344348907,0.20999999344348907,0.20999999344348907,0.20253333449363708,0
2022-04-19,0.2150000035762787,0.2150000035762787,0.2150000035762787,0.2150000035762787,0.2073555588722229,40000
2022-04-20,0.2150000035762787,0.2150000035762787,0.2150000035762787,0.2150000035762787,0.2073555588722229,0
2022-04-21,0.21299999952316284,0.21299999952316284,0.21299999952316284,0.21299999952316284,0.2054266631603241,0
2022-04-22,0.21299999952316284,0.21299999952316284,0.21299999952316284,0.21299999952316284,0.2054266631603241,0
2022-04-25,0.21299999952316284,0.21299999952316284,0.21299999952316284,0.21299999952316284,0.2054266631603241,0
2022-04-26,0.21299999952316284,0.21299999952316284,0.21299999952316284,0.21299999952316284,0.2054266631603241,0
2022-04-27,0.2150000035762787,0.2150000035762787,0.2150000035762787,0.2150000035762787,0.2073555588722229,0
2022-04-28,0.21799999475479126,0.21799999475479126,0.21799999475479126,0.21799999475479126,0.2102488875389099,0
2022-04-29,0.2199999988079071,0.2199999988079071,0.2199999988079071,0.2199999988079071,0.21217778325080872,0
2022-05-03,0.2199999988079071,0.2199999988079071,0.2199999988079071,0.2199999988079071,0.21217778325080872,92000
2022-05-04,0.22499999403953552,0.22499999403953552,0.22499999403953552,0.22499999403953552,0.21699999272823334,58000
2022-05-05,0.22499999403953552,0.22499999403953552,0.22499999403953552,0.22499999403953552,0.21699999272823334,0
2022-05-06,0.22499999403953552,0.22499999403953552,0.22499999403953552,0.22499999403953552,0.21699999272823334,0
2022-05-10,0.22499999403953552,0.22499999403953552,0.22499999403953552,0.22499999403953552,0.21699999272823334,0
2022-05-11,0.22499999403953552,0.22499999403953552,0.22499999403953552,0.22499999403953552,0.21699999272823334,0
2022-05-12,0.22499999403953552,0.22499999403953552,0.22499999403953552,0.22499999403953552,0.21699999272823334,0
2022-05-13,0.2280000001192093,0.2280000001192093,0.2280000001192093,0.2280000001192093,0.21989333629608154,30000
2022-05-16,0.2280000001192093,0.2280000001192093,0.2280000001192093,0.2280000001192093,0.21989333629608154,0
2022-05-17,0.2280000001192093,0.2280000001192093,0.2280000001192093,0.2280000001192093,0.21989333629608154,0
2022-05-18,0.2280000001192093,0.2280000001192093,0.2280000001192093,0.2280000001192093,0.21989333629608154,0
2022-05-19,0.2280000001192093,0.2280000001192093,0.2280000001192093,0.2280000001192093,0.21989333629608154,0
2022-05-20,0.2280000001192093,0.2280000001192093,0.2280000001192093,0.2280000001192093,0.21989333629608154,0
2022-05-23,0.2280000001192093,0.2280000001192093,0.2280000001192093,0.2280000001192093,0.21989333629608154,0
2022-05-24,0.2280000001192093,0.2280000001192093,0.2280000001192093,0.2280000001192093,0.21989333629608154,0
2022-05-25,0.2280000001192093,0.2280000001192093,0.2280000001192093,0.2280000001192093,0.21989333629608154,0
2022-05-26,0.2199999988079071,0.2199999988079071,0.2199999988079071,0.2199999988079071,0.21217778325080872,58000
2022-05-27,0.2199999988079071,0.22200000286102295,0.22200000286102295,0.22200000286102295,0.21410666406154633,30000
2022-05-30,0.22200000286102295,0.22200000286102295,0.22200000286102295,0.22200000286102295,0.21410666406154633,0
2022-05-31,0.2160000056028366,0.2160000056028366,0.2160000056028366,0.2160000056028366,0.2083200067281723,0
2022-06-01,0.2029999941587448,0.2029999941587448,0.2029999941587448,0.2029999941587448,0.19578222930431366,0
2022-06-02,0.20499999821186066,0.20499999821186066,0.20499999821186066,0.20499999821186066,0.19771111011505127,22000
2022-06-06,0.20499999821186066,0.20499999821186066,0.20499999821186066,0.20499999821186066,0.19771111011505127,0
2022-06-07,0.2160000056028366,0.2160000056028366,0.2160000056028366,0.2160000056028366,0.2083200067281723,18000
2022-06-08,0.21799999475479126,0.21799999475479126,0.21799999475479126,0.21799999475479126,0.2102488875389099,22000
2022-06-09,0.21799999475479126,0.2199999988079071,0.21799999475479126,0.2199999988079071,0.21217778325080872,44000
2022-06-10,0.2199999988079071,0.2199999988079071,0.2199999988079071,0.2199999988079071,0.21217778325080872,0
2022-06-13,0.2199999988079071,0.2199999988079071,0.2199999988079071,0.2199999988079071,0.21217778325080872,0
2022-06-14,0.2199999988079071,0.2199999988079071,0.2199999988079071,0.2199999988079071,0.21217778325080872,20000
2022-06-15,0.22200000286102295,0.22200000286102295,0.22200000286102295,0.22200000286102295,0.21410666406154633,0
2022-06-16,0.22200000286102295,0.22200000286102295,0.22200000286102295,0.22499999403953552,0.21699999272823334,2000
2022-06-17,0.22499999403953552,0.22499999403953552,0.22499999403953552,0.22499999403953552,0.21699999272823334,0
2022-06-20,0.22499999403953552,0.22499999403953552,0.22499999403953552,0.22499999403953552,0.21699999272823334,0
2022-06-21,0.2280000001192093,0.25,0.2280000001192093,0.25,0.24111111462116241,124000
2022-06-22,0.25999999046325684,0.25999999046325684,0.25,0.25,0.24111111462116241,6000
2022-06-23,0.25,0.25,0.25,0.25,0.24111111462116241,0
2022-06-24,0.25,0.25,0.25,0.25,0.24111111462116241,0
2022-06-27,0.25999999046325684,0.26499998569488525,0.25,0.25,0.24111111462116241,102000
2022-06-28,0.25,0.25,0.25,0.25,0.24111111462116241,0
2022-06-29,0.25,0.25,0.25,0.25,0.24111111462116241,0
2022-06-30,0.22499999403953552,0.22499999403953552,0.20100000500679016,0.210999995470047,0.2034977823495865,1162000
2022-07-04,0.20000000298023224,0.20000000298023224,0.20000000298023224,0.20000000298023224,0.19288890063762665,10000
2022-07-05,0.20000000298023224,0.20999999344348907,0.19599999487400055,0.20800000429153442,0.20060445368289948,222000
2022-07-06,0.20999999344348907,0.20999999344348907,0.20999999344348907,0.20999999344348907,0.20253333449363708,0
2022-07-07,0.2199999988079071,0.23000000417232513,0.2199999988079071,0.23000000417232513,0.22182221710681915,86000
2022-07-08,0.2370000034570694,0.2370000034570694,0.2370000034570694,0.2370000034570694,0.22857335209846497,0
2022-07-11,0.23600000143051147,0.23600000143051147,0.23600000143051147,0.23600000143051147,0.22760890424251556,0
2022-07-12,0.2370000034570694,0.24500000476837158,0.23499999940395355,0.24500000476837158,0.2362889051437378,422000
2022-07-13,0.25,0.25,0.24500000476837158,0.24500000476837158,0.2362889051437378,54000
2022-07-14,0.24899999797344208,0.25,0.2199999988079071,0.22300000488758087,0.21507111191749573,56000
2022-07-15,0.2290000021457672,0.23000000417232513,0.2290000021457672,0.23000000417232513,0.22182221710681915,54000
2022-07-18,0.24899999797344208,0.25,0.24500000476837158,0.24500000476837158,0.2362889051437378,36000
2022-07-19,0.2460000067949295,0.2460000067949295,0.2460000067949295,0.2460000067949295,0.237253338098526,0
2022-07-20,0.24500000476837158,0.24500000476837158,0.24500000476837158,0.24500000476837158,0.2362889051437378,30000
2022-07-21,0.24300000071525574,0.24300000071525574,0.24300000071525574,0.24300000071525574,0.234360009431839,0
2022-07-22,0.24400000274181366,0.24400000274181366,0.24400000274181366,0.24400000274181366,0.2353244572877884,0
2022-07-25,0.24400000274181366,0.24400000274181366,0.24400000274181366,0.24400000274181366,0.2353244572877884,0
2022-07-26,0.24400000274181366,0.24400000274181366,0.24400000274181366,0.24400000274181366,0.2353244572877884,2000
2022-07-27,0.22200000286102295,0.22200000286102295,0.22200000286102295,0.22200000286102295,0.21410666406154633,0
2022-07-28,0.23000000417232513,0.23000000417232513,0.23000000417232513,0.23000000417232513,0.22182221710681915,0
2022-07-29,0.23000000417232513,0.23000000417232513,0.23000000417232513,0.23000000417232513,0.22182221710681915,0
2022-08-01,0.23000000417232513,0.23000000417232513,0.23000000417232513,0.23000000417232513,0.22182221710681915,0
2022-08-02,0.22200000286102295,0.22200000286102295,0.20999999344348907,0.20999999344348907,0.20253333449363708,58000
2022-08-03,0.20999999344348907,0.20999999344348907,0.20000000298023224,0.20999999344348907,0.20253333449363708,36000
2022-08-04,0.20999999344348907,0.20999999344348907,0.20999999344348907,0.20999999344348907,0.20253333449363708,0
2022-08-05,0.20999999344348907,0.20999999344348907,0.20999999344348907,0.20999999344348907,0.20253333449363708,0
2022-08-08,0.2199999988079071,0.2199999988079071,0.2199999988079071,0.2199999988079071,0.21217778325080872,0
2022-08-09,0.21899999678134918,0.21899999678134918,0.21899999678134918,0.21899999678134918,0.21121333539485931,0
2022-08-10,0.21799999475479126,0.21899999678134918,0.21799999475479126,0.22200000286102295,0.21410666406154633,14001
2022-08-11,0.22200000286102295,0.23000000417232513,0.22200000286102295,0.23000000417232513,0.22182221710681915,20000
2022-08-12,0.23000000417232513,0.23000000417232513,0.23000000417232513,0.23000000417232513,0.22182221710681915,0
2022-08-15,0.23000000417232513,0.23000000417232513,0.23000000417232513,0.23000000417232513,0.22182221710681915,0
2022-08-16,0.23000000417232513,0.23000000417232513,0.23000000417232513,0.23000000417232513,0.22182221710681915,0
2022-08-17,0.23499999940395355,0.23499999940395355,0.23499999940395355,0.23499999940395355,0.22664445638656616,20000
2022-08-18,0.23000000417232513,0.23000000417232513,0.23000000417232513,0.23000000417232513,0.22182221710681915,0
2022-08-19,0.23499999940395355,0.23499999940395355,0.23499999940395355,0.23499999940395355,0.22664445638656616,0
2022-08-22,0.23499999940395355,0.23499999940395355,0.23499999940395355,0.23499999940395355,0.22664445638656616,0
2022-08-23,0.23499999940395355,0.23499999940395355,0.23499999940395355,0.23499999940395355,0.22664445638656616,0
2022-08-24,0.2150000035762787,0.2150000035762787,0.2150000035762787,0.2150000035762787,0.2073555588722229,4000
2022-08-25,0.2150000035762787,0.2150000035762787,0.2150000035762787,0.2150000035762787,0.2073555588722229,0
2022-08-26,0.22200000286102295,0.22200000286102295,0.22200000286102295,0.22200000286102295,0.21410666406154633,0
2022-08-29,0.22200000286102295,0.22200000286102295,0.22200000286102295,0.22200000286102295,0.21410666406154633,0
2022-08-30,0.2199999988079071,0.2199999988079071,0.2199999988079071,0.2199999988079071,0.21217778325080872,0
2022-08-31,0.2199999988079071,0.23000000417232513,0.2199999988079071,0.23000000417232513,0.22182221710681915,10000
2022-09-01,0.23000000417232513,0.23000000417232513,0.23000000417232513,0.23000000417232513,0.22182221710681915,10000
2022-09-02,0.23499999940395355,0.23499999940395355,0.23499999940395355,0.23499999940395355,0.22664445638656616,0
2022-09-05,0.23999999463558197,0.23999999463558197,0.23999999463558197,0.23999999463558197,0.23146666586399078,10000
2022-09-06,0.24400000274181366,0.24400000274181366,0.24400000274181366,0.24400000274181366,0.2353244572877884,10000
2022-09-07,0.24400000274181366,0.24400000274181366,0.24400000274181366,0.24400000274181366,0.2353244572877884,0
2022-09-08,0.24699999392032623,0.24699999392032623,0.24500000476837158,0.24400000274181366,0.2353244572877884,16000
2022-09-09,0.24400000274181366,0.25999999046325684,0.24400000274181366,0.25,0.24111111462116241,134000
2022-09-13,0.24400000274181366,0.24400000274181366,0.24400000274181366,0.24400000274181366,0.2353244572877884,0
2022-09-14,0.24400000274181366,0.24400000274181366,0.24400000274181366,0.24400000274181366,0.2353244572877884,0
2022-09-15,0.24300000071525574,0.24300000071525574,0.24300000071525574,0.24300000071525574,0.234360009431839,10000
2022-09-16,0.24799999594688416,0.24799999594688416,0.21799999475479126,0.21799999475479126,0.2102488875389099,14000
2022-09-19,0.22100000083446503,0.22100000083446503,0.2150000035762787,0.2150000035762787,0.2073555588722229,54000
2022-09-20,0.2150000035762787,0.2150000035762787,0.2150000035762787,0.2150000035762787,0.2073555588722229,0
2022-09-21,0.2199999988079071,0.2199999988079071,0.20200000703334808,0.2029999941587448,0.19578222930431366,22000
2022-09-22,0.2029999941587448,0.2029999941587448,0.19599999487400055,0.20100000500679016,0.19385334849357605,142000
2022-09-23,0.20100000500679016,0.20100000500679016,0.20100000500679016,0.20100000500679016,0.19385334849357605,0
2022-09-26,0.20000000298023224,0.20000000298023224,0.20000000298023224,0.20000000298023224,0.19288890063762665,0
2022-09-27,0.2199999988079071,0.2199999988079071,0.2199999988079071,0.2199999988079071,0.21217778325080872,2000
2022-09-28,0.2199999988079071,0.2199999988079071,0.2199999988079071,0.2199999988079071,0.21217778325080872,0
2022-09-29,0.21899999678134918,0.21899999678134918,0.21899999678134918,0.21899999678134918,0.21121333539485931,0
2022-09-30,0.21899999678134918,0.21899999678134918,0.21899999678134918,0.21899999678134918,0.21121333539485931,0
2022-10-03,0.11100000143051147,0.11100000143051147,0.11100000143051147,0.20100000500679016,0.19385334849357605,2000
2022-10-05,0.20000000298023224,0.20100000500679016,0.20000000298023224,0.20000000298023224,0.19288890063762665,14000
2022-10-06,0.20000000298023224,0.20000000298023224,0.18000000715255737,0.20000000298023224,0.19288890063762665,110000
2022-10-07,0.20000000298023224,0.20000000298023224,0.20000000298023224,0.20000000298023224,0.19288890063762665,28000
2022-10-10,0.20000000298023224,0.20000000298023224,0.20000000298023224,0.20000000298023224,0.19288890063762665,0
2022-10-11,0.20000000298023224,0.20000000298023224,0.20000000298023224,0.20000000298023224,0.19288890063762665,0
2022-10-12,0.20000000298023224,0.20000000298023224,0.20000000298023224,0.20000000298023224,0.19288890063762665,0
2022-10-13,0.20000000298023224,0.20000000298023224,0.17499999701976776,0.18199999630451202,0.175528883934021,10000
2022-10-14,0.1899999976158142,0.1899999976158142,0.18000000715255737,0.1899999976158142,0.18324443697929382,168000
2022-10-17,0.1899999976158142,0.1899999976158142,0.1899999976158142,0.1899999976158142,0.18324443697929382,0
2022-10-18,0.1899999976158142,0.1899999976158142,0.1899999976158142,0.1899999976158142,0.18324443697929382,0
2022-10-19,0.1899999976158142,0.1899999976158142,0.1899999976158142,0.1899999976158142,0.18324443697929382,0
2022-10-20,0.1899999976158142,0.1899999976158142,0.1899999976158142,0.1899999976158142,0.18324443697929382,0
2022-10-21,0.1899999976158142,0.1899999976158142,0.1899999976158142,0.1899999976158142,0.18324443697929382,0
2022-10-24,0.11299999803304672,0.15000000596046448,0.11299999803304672,0.15199999511241913,0.1465955525636673,4000
2022-10-25,0.15199999511241913,0.15199999511241913,0.15199999511241913,0.15199999511241913,0.1465955525636673,0
2022-10-26,0.13899999856948853,0.13899999856948853,0.13899999856948853,0.13899999856948853,0.13405777513980865,0
2022-10-27,0.18000000715255737,0.18000000715255737,0.18000000715255737,0.18000000715255737,0.1736000031232834,2000
2022-10-28,0.18000000715255737,0.18799999356269836,0.18000000715255737,0.18799999356269836,0.18131554126739502,46000
2022-10-31,0.18799999356269836,0.18799999356269836,0.18799999356269836,0.18799999356269836,0.18131554126739502,0
2022-11-01,0.1899999976158142,0.1899999976158142,0.1899999976158142,0.1899999976158142,0.18324443697929382,64000
2022-11-02,0.1899999976158142,0.1899999976158142,0.1899999976158142,0.1899999976158142,0.18324443697929382,0
2022-11-03,0.19499999284744263,0.19499999284744263,0.19499999284744263,0.19499999284744263,0.18806666135787964,16000
2022-11-04,0.20000000298023224,0.20000000298023224,0.20000000298023224,0.20000000298023224,0.19288890063762665,0
2022-11-07,0.20000000298023224,0.20000000298023224,0.20000000298023224,0.20000000298023224,0.19288890063762665,6000
2022-11-08,0.20000000298023224,0.18400000035762787,0.12999999523162842,0.18400000035762787,0.1774577796459198,10000
2022-11-09,0.18400000035762787,0.18400000035762787,0.18400000035762787,0.18400000035762787,0.1774577796459198,0
2022-11-10,0.1899999976158142,0.1899999976158142,0.1889999955892563,0.1889999955892563,0.18227998912334442,18000
2022-11-11,0.1889999955892563,0.1889999955892563,0.1889999955892563,0.1889999955892563,0.18227998912334442,196000
2022-11-14,0.1889999955892563,0.1889999955892563,0.1889999955892563,0.1889999955892563,0.18227998912334442,0
2022-11-15,0.1889999955892563,0.1889999955892563,0.18799999356269836,0.18799999356269836,0.18131554126739502,126000
2022-11-16,0.18799999356269836,0.18799999356269836,0.18799999356269836,0.18799999356269836,0.18131554126739502,0
2022-11-17,0.18799999356269836,0.18799999356269836,0.1860000044107437,0.1860000044107437,0.1793866753578186,12000
2022-11-18,0.1899999976158142,0.1899999976158142,0.1899999976158142,0.1899999976158142,0.18324443697929382,0
2022-11-21,0.1889999955892563,0.1889999955892563,0.1889999955892563,0.1889999955892563,0.18227998912334442,0
2022-11-22,0.1889999955892563,0.1889999955892563,0.1889999955892563,0.1889999955892563,0.18227998912334442,0
2022-11-23,0.1899999976158142,0.1899999976158142,0.1899999976158142,0.1899999976158142,0.18324443697929382,0
2022-11-24,0.20000000298023224,0.20000000298023224,0.1809999942779541,0.18400000035762787,0.1774577796459198,26000
2022-11-25,0.1899999976158142,0.1899999976158142,0.1899999976158142,0.1899999976158142,0.18324443697929382,0
2022-11-28,0.1899999976158142,0.1899999976158142,0.1899999976158142,0.1899999976158142,0.18324443697929382,0
2022-11-29,0.20000000298023224,0.2029999941587448,0.20000000298023224,0.2029999941587448,0.19578222930431366,18000
2022-11-30,0.20000000298023224,0.21699999272823334,0.20000000298023224,0.2160000056028366,0.2083200067281723,106000
2022-12-01,0.2199999988079071,0.2280000001192093,0.19200000166893005,0.20000000298023224,0.19288890063762665,212000
2022-12-02,0.20999999344348907,0.20999999344348907,0.20999999344348907,0.20900000631809235,0.20156890153884888,20000
2022-12-05,0.19499999284744263,0.19499999284744263,0.19499999284744263,0.19499999284744263,0.18806666135787964,40000
2022-12-06,0.19499999284744263,0.19499999284744263,0.1899999976158142,0.19499999284744263,0.18806666135787964,122000
2022-12-07,0.19499999284744263,0.19499999284744263,0.19499999284744263,0.19499999284744263,0.18806666135787964,0
2022-12-08,0.20000000298023224,0.20000000298023224,0.20000000298023224,0.20999999344348907,0.20253333449363708,16000
2022-12-09,0.2150000035762787,0.23000000417232513,0.2150000035762787,0.23000000417232513,0.22182221710681915,40000
2022-12-12,0.23199999332427979,0.23199999332427979,0.23199999332427979,0.23199999332427979,0.22375111281871796,20000
2022-12-13,0.23499999940395355,0.2549999952316284,0.23499999940395355,0.23999999463558197,0.23146666586399078,928000
2022-12-14,0.23999999463558197,0.23999999463558197,0.23999999463558197,0.23999999463558197,0.23146666586399078,0
2022-12-15,0.23999999463558197,0.23999999463558197,0.23999999463558197,0.23999999463558197,0.23146666586399078,10000
2022-12-16,0.21699999272823334,0.23999999463558197,0.21699999272823334,0.23999999463558197,0.23146666586399078,48000
2022-12-19,0.23000000417232513,0.23000000417232513,0.23000000417232513,0.23000000417232513,0.22182221710681915,0
2022-12-20,0.20999999344348907,0.2199999988079071,0.20499999821186066,0.2280000001192093,0.21989333629608154,32000
2022-12-21,0.23800000548362732,0.23800000548362732,0.22200000286102295,0.22499999403953552,0.21699999272823334,56000
2022-12-22,0.21699999272823334,0.21699999272823334,0.21699999272823334,0.21699999272823334,0.2092844396829605,0
2022-12-23,0.23000000417232513,0.23000000417232513,0.2199999988079071,0.2290000021457672,0.22085778415203094,102000
2022-12-28,0.24300000071525574,0.2549999952316284,0.24300000071525574,0.25,0.24111111462116241,218000
2022-12-29,0.25,0.2549999952316284,0.24300000071525574,0.25,0.24111111462116241,4000
2022-12-30,0.2549999952316284,0.2549999952316284,0.23800000548362732,0.23800000548362732,0.22953778505325317,82000
2023-01-03,0.22699999809265137,0.22699999809265137,0.22599999606609344,0.2280000001192093,0.21989333629608154,22000
2023-01-04,0.2280000001192093,0.2280000001192093,0.2280000001192093,0.2280000001192093,0.21989333629608154,0
2023-01-05,0.22300000488758087,0.22699999809265137,0.22599999606609344,0.22300000488758087,0.21507111191749573,6000
2023-01-06,0.22499999403953552,0.22499999403953552,0.22499999403953552,0.22499999403953552,0.21699999272823334,0
2023-01-09,0.23199999332427979,0.23199999332427979,0.23199999332427979,0.23199999332427979,0.22375111281871796,0
2023-01-10,0.24500000476837158,0.24500000476837158,0.22499999403953552,0.22499999403953552,0.21699999272823334,98000
2023-01-11,0.2199999988079071,0.23100000619888306,0.2150000035762787,0.23000000417232513,0.22182221710681915,150000
2023-01-12,0.22300000488758087,0.24799999594688416,0.22100000083446503,0.22200000286102295,0.21410666406154633,234000
2023-01-13,0.23999999463558197,0.23999999463558197,0.22499999403953552,0.22499999403953552,0.21699999272823334,116000
2023-01-16,0.20999999344348907,0.2150000035762787,0.20999999344348907,0.2160000056028366,0.2083200067281723,14000
2023-01-17,0.23000000417232513,0.23000000417232513,0.23000000417232513,0.23000000417232513,0.22182221710681915,100000
2023-01-18,0.23000000417232513,0.23000000417232513,0.23000000417232513,0.23000000417232513,0.22182221710681915,0
2023-01-19,0.24199999868869781,0.24400000274181366,0.24199999868869781,0.24400000274181366,0.2353244572877884,100000
2023-01-20,0.24400000274181366,0.24400000274181366,0.24400000274181366,0.24400000274181366,0.2353244572877884,0
2023-01-26,0.24400000274181366,0.24400000274181366,0.22599999606609344,0.24400000274181366,0.2353244572877884,54000
2023-01-27,0.23999999463558197,0.23999999463558197,0.23999999463558197,0.23999999463558197,0.23146666586399078,0
2023-01-30,0.2240000069141388,0.2240000069141388,0.22300000488758087,0.22300000488758087,0.21507111191749573,28000
2023-01-31,0.21299999952316284,0.21299999952316284,0.21199999749660492,0.21299999952316284,0.2054266631603241,76000
2023-02-01,0.21199999749660492,0.2329999953508377,0.21199999749660492,0.23199999332427979,0.22375111281871796,96000
2023-02-02,0.22100000083446503,0.22100000083446503,0.22100000083446503,0.22100000083446503,0.21314221620559692,0
2023-02-03,0.23000000417232513,0.23000000417232513,0.21400000154972076,0.21400000154972076,0.2063911110162735,52000
2023-02-06,0.2150000035762787,0.2150000035762787,0.2150000035762787,0.2150000035762787,0.2073555588722229,0
2023-02-07,0.2150000035762787,0.22200000286102295,0.2150000035762787,0.22200000286102295,0.21410666406154633,104000
2023-02-08,0.22200000286102295,0.22200000286102295,0.22200000286102295,0.22200000286102295,0.21410666406154633,0
2023-02-09,0.22200000286102295,0.22200000286102295,0.22200000286102295,0.22200000286102295,0.21410666406154633,0
2023-02-10,0.22300000488758087,0.22300000488758087,0.22300000488758087,0.22300000488758087,0.21507111191749573,0
2023-02-13,0.22300000488758087,0.22300000488758087,0.22300000488758087,0.22300000488758087,0.21507111191749573,0
2023-02-14,0.2199999988079071,0.2199999988079071,0.2199999988079071,0.2199999988079071,0.21217778325080872,0
2023-02-15,0.2199999988079071,0.2199999988079071,0.2199999988079071,0.2199999988079071,0.21217778325080872,0
2023-02-16,0.2160000056028366,0.25,0.20999999344348907,0.23000000417232513,0.22182221710681915,992000
2023-02-17,0.23999999463558197,0.24799999594688416,0.23999999463558197,0.24799999594688416,0.2391822189092636,130000
2023-02-20,0.24799999594688416,0.24799999594688416,0.24799999594688416,0.24799999594688416,0.2391822189092636,0
2023-02-21,0.24799999594688416,0.24799999594688416,0.24799999594688416,0.24799999594688416,0.2391822189092636,0
2023-02-22,0.24799999594688416,0.24799999594688416,0.24799999594688416,0.24799999594688416,0.2391822189092636,0
2023-02-23,0.24899999797344208,0.24899999797344208,0.22599999606609344,0.22699999809265137,0.21892888844013214,32000
2023-02-24,0.2280000001192093,0.2280000001192093,0.21799999475479126,0.22100000083446503,0.21314221620559692,192000
2023-02-27,0.22100000083446503,0.22100000083446503,0.22100000083446503,0.22100000083446503,0.21314221620559692,0
2023-02-28,0.22100000083446503,0.22100000083446503,0.22100000083446503,0.22100000083446503,0.21314221620559692,0
2023-03-01,0.22200000286102295,0.22200000286102295,0.22200000286102295,0.22200000286102295,0.21410666406154633,256000
2023-03-02,0.23000000417232513,0.23000000417232513,0.23000000417232513,0.23000000417232513,0.22182221710681915,2000
2023-03-03,0.23999999463558197,0.23999999463558197,0.23999999463558197,0.23999999463558197,0.23146666586399078,50000
2023-03-06,0.2199999988079071,0.22200000286102295,0.2199999988079071,0.22200000286102295,0.21410666406154633,76000
2023-03-07,0.2199999988079071,0.2199999988079071,0.21199999749660492,0.21199999749660492,0.2044622302055359,258000
2023-03-08,0.20499999821186066,0.20499999821186066,0.20000000298023224,0.20000000298023224,0.19288890063762665,100000
2023-03-09,0.20999999344348907,0.20999999344348907,0.19599999487400055,0.19599999487400055,0.18903110921382904,52000
2023-03-10,0.19599999487400055,0.19499999284744263,0.19499999284744263,0.19499999284744263,0.18806666135787964,42000
2023-03-13,0.19499999284744263,0.19499999284744263,0.19499999284744263,0.19499999284744263,0.18806666135787964,0
2023-03-14,0.1809999942779541,0.21199999749660492,0.1809999942779541,0.20999999344348907,0.20253333449363708,244000
2023-03-15,0.21699999272823334,0.21699999272823334,0.21699999272823334,0.21699999272823334,0.2092844396829605,0
2023-03-16,0.20100000500679016,0.20100000500679016,0.20000000298023224,0.20000000298023224,0.19288890063762665,50000
2023-03-17,0.20999999344348907,0.20999999344348907,0.20999999344348907,0.20999999344348907,0.20253333449363708,0
2023-03-20,0.20999999344348907,0.20999999344348907,0.20999999344348907,0.20999999344348907,0.20253333449363708,0
2023-03-21,0.23000000417232513,0.23000000417232513,0.1899999976158142,0.1899999976158142,0.18324443697929382,32000
2023-03-22,0.2280000001192093,0.2280000001192093,0.2280000001192093,0.2280000001192093,0.21989333629608154,2000
2023-03-23,0.23000000417232513,0.23000000417232513,0.23000000417232513,0.23000000417232513,0.22182221710681915,32000
2023-03-24,0.23000000417232513,0.23000000417232513,0.23000000417232513,0.23000000417232513,0.22182221710681915,0
2023-03-27,0.23000000417232513,0.23000000417232513,0.23000000417232513,0.23000000417232513,0.22182221710681915,0
2023-03-28,0.23000000417232513,0.23000000417232513,0.23000000417232513,0.23000000417232513,0.22182221710681915,0
2023-03-29,0.23000000417232513,0.23000000417232513,0.23000000417232513,0.23000000417232513,0.22182221710681915,0
2023-03-30,0.23199999332427979,0.24199999868869781,0.23199999332427979,0.23499999940395355,0.22664445638656616,18000
2023-03-31,0.22499999403953552,0.22499999403953552,0.22499999403953552,0.2240000069141388,0.21603555977344513,50000
2023-04-03,0.2240000069141388,0.2240000069141388,0.2240000069141388,0.2240000069141388,0.21603555977344513,0
2023-04-04,0.2240000069141388,0.2240000069141388,0.2240000069141388,0.2240000069141388,0.21603555977344513,0
2023-04-06,0.22300000488758087,0.22300000488758087,0.22300000488758087,0.22300000488758087,0.21507111191749573,0
2023-04-11,0.20999999344348907,0.20999999344348907,0.20999999344348907,0.20999999344348907,0.20253333449363708,148000
2023-04-12,0.20999999344348907,0.20999999344348907,0.20999999344348907,0.20999999344348907,0.20253333449363708,0
2023-04-13,0.20999999344348907,0.20999999344348907,0.20999999344348907,0.20999999344348907,0.20253333449363708,0
2023-04-14,0.22499999403953552,0.22499999403953552,0.22499999403953552,0.22499999403953552,0.21699999272823334,0
2023-04-17,0.22499999403953552,0.22499999403953552,0.22499999403953552,0.22499999403953552,0.21699999272823334,0
2023-04-18,0.22499999403953552,0.22499999403953552,0.22499999403953552,0.22499999403953552,0.21699999272823334,0
2023-04-19,0.22499999403953552,0.22499999403953552,0.22499999403953552,0.22499999403953552,0.21699999272823334,0
2023-04-20,0.24300000071525574,0.24300000071525574,0.24300000071525574,0.24300000071525574,0.234360009431839,12000
2023-04-21,0.24300000071525574,0.24300000071525574,0.24300000071525574,0.24300000071525574,0.234360009431839,0
2023-04-24,0.23899999260902405,0.23899999260902405,0.23899999260902405,0.23899999260902405,0.23050221800804138,0
2023-04-25,0.2199999988079071,0.2199999988079071,0.2199999988079071,0.2199999988079071,0.21217778325080872,0
2023-04-26,0.2199999988079071,0.2199999988079071,0.2199999988079071,0.2199999988079071,0.21217778325080872,0
2023-04-27,0.21899999678134918,0.21899999678134918,0.21899999678134918,0.21899999678134918,0.21121333539485931,0
2023-04-28,0.22499999403953552,0.22499999403953552,0.22499999403953552,0.22499999403953552,0.21699999272823334,0
2023-05-02,0.22499999403953552,0.22499999403953552,0.22499999403953552,0.22499999403953552,0.21699999272823334,0
2023-05-03,0.22499999403953552,0.22499999403953552,0.22499999403953552,0.22499999403953552,0.21699999272823334,0
2023-05-04,0.23499999940395355,0.23499999940395355,0.2160000056028366,0.2160000056028366,0.2083200067281723,50000
2023-05-05,0.2160000056028366,0.2160000056028366,0.2160000056028366,0.2160000056028366,0.2083200067281723,0
2023-05-08,0.20600000023841858,0.20600000023841858,0.20200000703334808,0.20200000703334808,0.19481779634952545,56000
2023-05-09,0.20000000298023224,0.20000000298023224,0.19900000095367432,0.19900000095367432,0.19192445278167725,206000
2023-05-10,0.19900000095367432,0.19900000095367432,0.19900000095367432,0.19900000095367432,0.19192445278167725,0
2023-05-11,0.19900000095367432,0.19900000095367432,0.19900000095367432,0.19900000095367432,0.19192445278167725,0
2023-05-12,0.1979999989271164,0.1979999989271164,0.18700000643730164,0.19300000369548798,0.18613778054714203,52000
2023-05-15,0.19300000369548798,0.19300000369548798,0.19300000369548798,0.19300000369548798,0.18613778054714203,0
2023-05-16,0.20900000631809235,0.20900000631809235,0.1889999955892563,0.1889999955892563,0.18227998912334442,8000
2023-05-17,0.19099999964237213,0.19099999964237213,0.19099999964237213,0.19099999964237213,0.18420888483524323,0
2023-05-18,0.19099999964237213,0.19099999964237213,0.19099999964237213,0.19099999964237213,0.18420888483524323,0
2023-05-19,0.20000000298023224,0.20000000298023224,0.1899999976158142,0.1899999976158142,0.18324443697929382,12000
2023-05-22,0.1899999976158142,0.1899999976158142,0.1899999976158142,0.1899999976158142,0.18324443697929382,0
2023-05-23,0.1899999976158142,0.1899999976158142,0.1899999976158142,0.1899999976158142,0.18324443697929382,0
2023-05-24,0.1899999976158142,0.1899999976158142,0.1899999976158142,0.1899999976158142,0.18324443697929382,0
2023-05-25,0.1899999976158142,0.1899999976158142,0.1899999976158142,0.1899999976158142,0.18324443697929382,0
2023-05-29,0.1899999976158142,0.1899999976158142,0.1889999955892563,0.1889999955892563,0.18227998912334442,160000
2023-05-30,0.1889999955892563,0.1899999976158142,0.1889999955892563,0.1889999955892563,0.18227998912334442,134000
2023-05-31,0.1889999955892563,0.1889999955892563,0.1889999955892563,0.1889999955892563,0.18227998912334442,0
2023-06-01,0.1899999976158142,0.1899999976158142,0.1899999976158142,0.1899999976158142,0.18324443697929382,0
2023-06-02,0.2029999941587448,0.2029999941587448,0.2029999941587448,0.2029999941587448,0.19578222930431366,4000
2023-06-05,0.2029999941587448,0.2029999941587448,0.2029999941587448,0.2029999941587448,0.19578222930431366,0
2023-06-06,0.2029999941587448,0.2029999941587448,0.2029999941587448,0.2029999941587448,0.19578222930431366,0
2023-06-07,0.2029999941587448,0.2029999941587448,0.2029999941587448,0.2029999941587448,0.19578222930431366,0
2023-06-08,0.2029999941587448,0.2029999941587448,0.2029999941587448,0.2029999941587448,0.19578222930431366,0
2023-06-09,0.2029999941587448,0.2029999941587448,0.2029999941587448,0.2029999941587448,0.19578222930431366,0
2023-06-12,0.2029999941587448,0.2029999941587448,0.2029999941587448,0.2029999941587448,0.19578222930431366,0
2023-06-13,0.2029999941587448,0.2029999941587448,0.2029999941587448,0.2029999941587448,0.19578222930431366,0
2023-06-14,0.2029999941587448,0.2029999941587448,0.2029999941587448,0.2029999941587448,0.19578222930431366,0
2023-06-15,0.2029999941587448,0.2029999941587448,0.2029999941587448,0.2029999941587448,0.19578222930431366,0
2023-06-16,0.2029999941587448,0.2029999941587448,0.2029999941587448,0.2029999941587448,0.19578222930431366,0
2023-06-19,0.2029999941587448,0.2029999941587448,0.2029999941587448,0.2029999941587448,0.19578222930431366,0
2023-06-20,0.20200000703334808,0.20200000703334808,0.20200000703334808,0.20200000703334808,0.19481779634952545,0
2023-06-21,0.2029999941587448,0.2029999941587448,0.2029999941587448,0.2029999941587448,0.19578222930431366,50000
2023-06-23,0.21899999678134918,0.21899999678134918,0.21899999678134918,0.21899999678134918,0.21121333539485931,50000
2023-06-26,0.2150000035762787,0.2150000035762787,0.19200000166893005,0.1940000057220459,0.18710222840309143,52000
2023-06-27,0.1889999955892563,0.19300000369548798,0.18799999356269836,0.1899999976158142,0.18324443697929382,610000
2023-06-28,0.20200000703334808,0.2029999941587448,0.20200000703334808,0.20200000703334808,0.19481779634952545,58000
2023-06-29,0.20900000631809235,0.2199999988079071,0.19099999964237213,0.1940000057220459,0.18710222840309143,138000
2023-06-30,0.20000000298023224,0.19599999487400055,0.19599999487400055,0.19599999487400055,0.18903110921382904,80000
2023-07-03,0.1899999976158142,0.2029999941587448,0.1889999955892563,0.2029999941587448,0.19578222930431366,208000
2023-07-04,0.20999999344348907,0.20999999344348907,0.20999999344348907,0.20999999344348907,0.20253333449363708,20000
2023-07-05,0.210999995470047,0.210999995470047,0.210999995470047,0.210999995470047,0.2034977823495865,12000
2023-07-06,0.19499999284744263,0.210999995470047,0.19200000166893005,0.210999995470047,0.2034977823495865,136000
2023-07-07,0.21299999952316284,0.21299999952316284,0.21299999952316284,0.21299999952316284,0.2054266631603241,50000
2023-07-10,0.21199999749660492,0.21199999749660492,0.21199999749660492,0.21199999749660492,0.2044622302055359,0
2023-07-11,0.21199999749660492,0.21199999749660492,0.21199999749660492,0.21199999749660492,0.2044622302055359,0
2023-07-12,0.21199999749660492,0.21199999749660492,0.21199999749660492,0.21199999749660492,0.2044622302055359,0
2023-07-13,0.19499999284744263,0.21299999952316284,0.19499999284744263,0.21299999952316284,0.2054266631603241,266000
2023-07-14,0.21199999749660492,0.21199999749660492,0.21199999749660492,0.21199999749660492,0.2044622302055359,0
2023-07-18,0.21199999749660492,0.21199999749660492,0.21199999749660492,0.21199999749660492,0.2044622302055359,0
2023-07-19,0.210999995470047,0.210999995470047,0.210999995470047,0.210999995470047,0.2034977823495865,0
2023-07-20,0.21299999952316284,0.21299999952316284,0.19599999487400055,0.1979999989271164,0.19096000492572784,68000
2023-07-21,0.21799999475479126,0.2240000069141388,0.19699999690055847,0.2160000056028366,0.2083200067281723,118000
2023-07-24,0.2160000056028366,0.2160000056028366,0.2160000056028366,0.2160000056028366,0.2083200067281723,0
2023-07-25,0.2029999941587448,0.2029999941587448,0.2029999941587448,0.2029999941587448,0.19578222930431366,0
2023-07-26,0.2029999941587448,0.2029999941587448,0.2029999941587448,0.2029999941587448,0.19578222930431366,0
2023-07-27,0.21400000154972076,0.21400000154972076,0.21400000154972076,0.21400000154972076,0.2063911110162735,80000
2023-07-28,0.20000000298023224,0.20000000298023224,0.20000000298023224,0.20000000298023224,0.19288890063762665,112000
2023-07-31,0.21799999475479126,0.21799999475479126,0.20000000298023224,0.20000000298023224,0.19288890063762665,32000
2023-08-01,0.20200000703334808,0.21799999475479126,0.20200000703334808,0.21799999475479126,0.2102488875389099,4000
2023-08-02,0.2150000035762787,0.2150000035762787,0.2150000035762787,0.2150000035762787,0.2073555588722229,0
2023-08-03,0.2150000035762787,0.2150000035762787,0.2150000035762787,0.2150000035762787,0.2073555588722229,8000
2023-08-04,0.2150000035762787,0.2150000035762787,0.2150000035762787,0.2150000035762787,0.2073555588722229,0
2023-08-07,0.2150000035762787,0.2150000035762787,0.2150000035762787,0.21299999952316284,0.2054266631603241,20000
2023-08-08,0.20600000023841858,0.20600000023841858,0.20600000023841858,0.20600000023841858,0.19867555797100067,0
2023-08-09,0.20600000023841858,0.20600000023841858,0.20600000023841858,0.20600000023841858,0.19867555797100067,0
2023-08-10,0.2280000001192093,0.2280000001192093,0.2280000001192093,0.2280000001192093,0.21989333629608154,20000
2023-08-11,0.2280000001192093,0.2280000001192093,0.2280000001192093,0.2280000001192093,0.21989333629608154,50000
2023-08-14,0.2280000001192093,0.2280000001192093,0.2280000001192093,0.2280000001192093,0.21989333629608154,0
2023-08-15,0.2280000001192093,0.2280000001192093,0.2280000001192093,0.2280000001192093,0.21989333629608154,0
2023-08-16,0.2280000001192093,0.2280000001192093,0.2280000001192093,0.2280000001192093,0.21989333629608154,0
2023-08-17,0.2280000001192093,0.2280000001192093,0.2280000001192093,0.2280000001192093,0.21989333629608154,0
2023-08-18,0.2199999988079071,0.2199999988079071,0.2199999988079071,0.2199999988079071,0.21217778325080872,0
2023-08-21,0.2199999988079071,0.2199999988079071,0.2199999988079071,0.2199999988079071,0.21217778325080872,0
2023-08-22,0.2199999988079071,0.2199999988079071,0.2199999988079071,0.2199999988079071,0.21217778325080872,0
2023-08-23,0.2199999988079071,0.2199999988079071,0.2199999988079071,0.2199999988079071,0.21217778325080872,0
2023-08-24,0.21799999475479126,0.21799999475479126,0.21799999475479126,0.21799999475479126,0.2102488875389099,30000
2023-08-25,0.21799999475479126,0.21799999475479126,0.21799999475479126,0.21799999475479126,0.2102488875389099,14000
2023-08-28,0.21799999475479126,0.21799999475479126,0.21799999475479126,0.21799999475479126,0.2102488875389099,0
2023-08-29,0.2070000022649765,0.2070000022649765,0.2070000022649765,0.2070000022649765,0.19964000582695007,0
2023-08-30,0.2070000022649765,0.2070000022649765,0.2070000022649765,0.2070000022649765,0.19964000582695007,0
2023-08-31,0.21899999678134918,0.21899999678134918,0.21899999678134918,0.21899999678134918,0.21121333539485931,24000
2023-09-04,0.21899999678134918,0.21899999678134918,0.21899999678134918,0.21899999678134918,0.21121333539485931,0
2023-09-05,0.21899999678134918,0.21899999678134918,0.21899999678134918,0.21899999678134918,0.21121333539485931,0
2023-09-06,0.2199999988079071,0.2199999988079071,0.2199999988079071,0.2199999988079071,0.21217778325080872,20000
2023-09-07,0.2280000001192093,0.2280000001192093,0.2280000001192093,0.2280000001192093,0.21989333629608154,50000
2023-09-11,0.20499999821186066,0.20499999821186066,0.20499999821186066,0.20600000023841858,0.19867555797100067,4000
2023-09-12,0.20499999821186066,0.20499999821186066,0.20499999821186066,0.20600000023841858,0.19867555797100067,8000
2023-09-13,0.20600000023841858,0.20600000023841858,0.20600000023841858,0.20600000023841858,0.19867555797100067,0
2023-09-14,0.2150000035762787,0.2240000069141388,0.2070000022649765,0.2240000069141388,0.21603555977344513,62000
2023-09-15,0.2240000069141388,0.2240000069141388,0.2240000069141388,0.2240000069141388,0.21603555977344513,50000
2023-09-18,0.2240000069141388,0.2240000069141388,0.2240000069141388,0.2240000069141388,0.21603555977344513,0
2023-09-19,0.2240000069141388,0.2240000069141388,0.2240000069141388,0.2240000069141388,0.21603555977344513,0
2023-09-20,0.2240000069141388,0.2240000069141388,0.2240000069141388,0.2240000069141388,0.21603555977344513,0
2023-09-21,0.2240000069141388,0.2240000069141388,0.2240000069141388,0.2240000069141388,0.21603555977344513,0
2023-09-22,0.22499999403953552,0.22499999403953552,0.22499999403953552,0.22300000488758087,0.21507111191749573,50000
2023-09-25,0.22300000488758087,0.22300000488758087,0.22300000488758087,0.22300000488758087,0.21507111191749573,0
2023-09-26,0.22300000488758087,0.22300000488758087,0.22300000488758087,0.22300000488758087,0.21507111191749573,50000
2023-09-27,0.22499999403953552,0.23499999940395355,0.22499999403953552,0.23499999940395355,0.22664445638656616,546000
2023-09-28,0.23499999940395355,0.23499999940395355,0.23499999940395355,0.23499999940395355,0.22664445638656616,0
2023-09-29,0.23000000417232513,0.23499999940395355,0.2199999988079071,0.2199999988079071,0.21217778325080872,82000
2023-10-03,0.2199999988079071,0.2199999988079071,0.2199999988079071,0.2199999988079071,0.21217778325080872,0
2023-10-04,0.21699999272823334,0.21699999272823334,0.21699999272823334,0.21699999272823334,0.21217776834964752,0
2023-10-05,0.21699999272823334,0.21699999272823334,0.21699999272823334,0.21699999272823334,0.21217776834964752,0
2023-10-06,0.21699999272823334,0.21699999272823334,0.21699999272823334,0.21699999272823334,0.21217776834964752,100000
2023-10-09,0.21699999272823334,0.21699999272823334,0.21699999272823334,0.21699999272823334,0.21217776834964752,0
2023-10-10,0.21699999272823334,0.21699999272823334,0.21699999272823334,0.21699999272823334,0.21217776834964752,0
2023-10-11,0.20399999618530273,0.23100000619888306,0.20399999618530273,0.23100000619888306,0.2258666753768921,182000
2023-10-12,0.23600000143051147,0.23600000143051147,0.23600000143051147,0.23600000143051147,0.23075555264949799,138000
2023-10-13,0.23600000143051147,0.23600000143051147,0.23600000143051147,0.23600000143051147,0.23075555264949799,0
2023-10-16,0.23999999463558197,0.23999999463558197,0.23999999463558197,0.23999999463558197,0.23466666042804718,202000
2023-10-17,0.23999999463558197,0.23999999463558197,0.23999999463558197,0.23999999463558197,0.23466666042804718,0
2023-10-18,0.23999999463558197,0.23999999463558197,0.23999999463558197,0.23999999463558197,0.23466666042804718,0
2023-10-19,0.23999999463558197,0.23999999463558197,0.23999999463558197,0.23999999463558197,0.23466666042804718,0
2023-10-20,0.2409999966621399,0.2409999966621399,0.20999999344348907,0.2199999988079071,0.21511110663414001,76000
2023-10-24,0.20499999821186066,0.2280000001192093,0.20499999821186066,0.2150000035762787,0.21022222936153412,64000
2023-10-25,0.23499999940395355,0.23499999940395355,0.23499999940395355,0.23499999940395355,0.22977778315544128,284000
2023-10-26,0.23999999463558197,0.23999999463558197,0.23999999463558197,0.23999999463558197,0.23466666042804718,136000
2023-10-27,0.24500000476837158,0.24500000476837158,0.24500000476837158,0.24500000476837158,0.23955556750297546,0
2023-10-30,0.24500000476837158,0.24500000476837158,0.24500000476837158,0.24500000476837158,0.23955556750297546,0
2023-10-31,0.23999999463558197,0.23999999463558197,0.2160000056028366,0.23999999463558197,0.23466666042804718,50000
2023-11-01,0.2199999988079071,0.23000000417232513,0.2199999988079071,0.23000000417232513,0.2248888909816742,168000
2023-11-02,0.22200000286102295,0.22200000286102295,0.22200000286102295,0.22200000286102295,0.2170666754245758,32000
2023-11-03,0.22499999403953552,0.22499999403953552,0.22499999403953552,0.22499999403953552,0.2199999988079071,0
2023-11-06,0.22499999403953552,0.25,0.22499999403953552,0.24899999797344208,0.24346666038036346,6000
2023-11-07,0.22300000488758087,0.22300000488758087,0.22100000083446503,0.22100000083446503,0.2160888910293579,104000
2023-11-08,0.22100000083446503,0.22100000083446503,0.22100000083446503,0.22100000083446503,0.2160888910293579,0
2023-11-09,0.23000000417232513,0.23999999463558197,0.21699999272823334,0.23999999463558197,0.23466666042804718,164000
2023-11-10,0.23899999260902405,0.23899999260902405,0.22100000083446503,0.2240000069141388,0.2190222293138504,54000
2023-11-13,0.2240000069141388,0.2240000069141388,0.2240000069141388,0.2240000069141388,0.2190222293138504,0
2023-11-14,0.2240000069141388,0.2240000069141388,0.2240000069141388,0.2240000069141388,0.2190222293138504,0
2023-11-15,0.22599999606609344,0.22599999606609344,0.22599999606609344,0.22599999606609344,0.2209777683019638,0
2023-11-16,0.22599999606609344,0.22599999606609344,0.22599999606609344,0.22599999606609344,0.2209777683019638,0
2023-11-17,0.23499999940395355,0.23499999940395355,0.21799999475479126,0.22599999606609344,0.2209777683019638,32000
2023-11-20,0.22499999403953552,0.22499999403953552,0.22499999403953552,0.22499999403953552,0.2199999988079071,102000
2023-11-21,0.22499999403953552,0.22499999403953552,0.2160000056028366,0.21799999475479126,0.21315555274486542,122000
2023-11-22,0.2199999988079071,0.2199999988079071,0.2199999988079071,0.2199999988079071,0.21511110663414001,0
2023-11-23,0.2199999988079071,0.2199999988079071,0.2199999988079071,0.2199999988079071,0.21511110663414001,0
2023-11-24,0.23000000417232513,0.23000000417232513,0.21899999678134918,0.2280000001192093,0.2229333370923996,52000
2023-11-27,0.2280000001192093,0.2280000001192093,0.2280000001192093,0.2280000001192093,0.2229333370923996,0
2023-11-28,0.2280000001192093,0.2280000001192093,0.2280000001192093,0.2280000001192093,0.2229333370923996,0
2023-11-29,0.2280000001192093,0.2280000001192093,0.2280000001192093,0.2280000001192093,0.2229333370923996,0
2023-11-30,0.2280000001192093,0.2280000001192093,0.2280000001192093,0.2280000001192093,0.2229333370923996,0
2023-12-01,0.2280000001192093,0.2280000001192093,0.2280000001192093,0.2280000001192093,0.2229333370923996,0
2023-12-04,0.2199999988079071,0.2199999988079071,0.21899999678134918,0.2199999988079071,0.21511110663414001,18000
2023-12-05,0.21799999475479126,0.21799999475479126,0.21799999475479126,0.21799999475479126,0.21315555274486542,0
2023-12-06,0.20999999344348907,0.20999999344348907,0.20999999344348907,0.20999999344348907,0.20533332228660583,0
2023-12-07,0.20900000631809235,0.20999999344348907,0.20900000631809235,0.20999999344348907,0.20533332228660583,10000
2023-12-08,0.20999999344348907,0.20999999344348907,0.20999999344348907,0.20999999344348907,0.20533332228660583,0
2023-12-11,0.20999999344348907,0.20999999344348907,0.20999999344348907,0.20999999344348907,0.20533332228660583,0
2023-12-12,0.23000000417232513,0.23000000417232513,0.23000000417232513,0.23000000417232513,0.2248888909816742,0
2023-12-13,0.23100000619888306,0.23100000619888306,0.20999999344348907,0.20999999344348907,0.20533332228660583,14000
2023-12-14,0.20999999344348907,0.20999999344348907,0.20999999344348907,0.20999999344348907,0.20533332228660583,0
2023-12-15,0.23000000417232513,0.23000000417232513,0.2290000021457672,0.23000000417232513,0.2248888909816742,103997
2023-12-18,0.23999999463558197,0.23999999463558197,0.210999995470047,0.21400000154972076,0.20924444496631622,6000
2023-12-19,0.21400000154972076,0.21400000154972076,0.21400000154972076,0.21400000154972076,0.20924444496631622,0
2023-12-20,0.21400000154972076,0.20999999344348907,0.20999999344348907,0.210999995470047,0.20631110668182373,4000
2023-12-21,0.23000000417232513,0.23000000417232513,0.23000000417232513,0.23000000417232513,0.2248888909816742,50000
2023-12-22,0.23000000417232513,0.23000000417232513,0.23000000417232513,0.23000000417232513,0.2248888909816742,0
2023-12-27,0.23000000417232513,0.23000000417232513,0.23000000417232513,0.23000000417232513,0.2248888909816742,0
2023-12-28,0.23000000417232513,0.23000000417232513,0.23000000417232513,0.23000000417232513,0.2248888909816742,0
2023-12-29,0.23000000417232513,0.23000000417232513,0.23000000417232513,0.23000000417232513,0.2248888909816742,0
2024-01-02,0.210999995470047,0.210999995470047,0.210999995470047,0.210999995470047,0.20631110668182373,0
2024-01-03,0.210999995470047,0.210999995470047,0.210999995470047,0.210999995470047,0.20631110668182373,0
2024-01-04,0.20499999821186066,0.22300000488758087,0.20200000703334808,0.22300000488758087,0.2180444449186325,150000
2024-01-05,0.23000000417232513,0.23000000417232513,0.23000000417232513,0.23000000417232513,0.2248888909816742,48000
2024-01-08,0.2199999988079071,0.2199999988079071,0.2199999988079071,0.2199999988079071,0.21511110663414001,0
2024-01-09,0.20999999344348907,0.21299999952316284,0.20999999344348907,0.21299999952316284,0.20826666057109833,42000
2024-01-10,0.21299999952316284,0.21299999952316284,0.21299999952316284,0.21299999952316284,0.20826666057109833,0
2024-01-11,0.2150000035762787,0.2150000035762787,0.2150000035762787,0.2150000035762787,0.21022222936153412,10000
2024-01-12,0.20999999344348907,0.20999999344348907,0.20800000429153442,0.20800000429153442,0.20337778329849243,32000
2024-01-15,0.20800000429153442,0.20800000429153442,0.20800000429153442,0.20800000429153442,0.20337778329849243,0
2024-01-16,0.20800000429153442,0.20800000429153442,0.20800000429153442,0.20800000429153442,0.20337778329849243,0
2024-01-17,0.20000000298023224,0.20000000298023224,0.20000000298023224,0.20000000298023224,0.19555555284023285,50000
2024-01-18,0.19099999964237213,0.19099999964237213,0.19099999964237213,0.19099999964237213,0.18675555288791656,2000
2024-01-19,0.19599999487400055,0.19599999487400055,0.19599999487400055,0.19599999487400055,0.19164444506168365,0
2024-01-22,0.1899999976158142,0.1899999976158142,0.1889999955892563,0.1899999976158142,0.18577776849269867,12000
2024-01-23,0.1809999942779541,0.18299999833106995,0.1809999942779541,0.18299999833106995,0.17893333733081818,26000
2024-01-24,0.17399999499320984,0.18199999630451202,0.17399999499320984,0.18199999630451202,0.17795555293560028,18000
2024-01-25,0.18199999630451202,0.18199999630451202,0.18199999630451202,0.18199999630451202,0.17795555293560028,0
2024-01-26,0.1850000023841858,0.1850000023841858,0.1850000023841858,0.1850000023841858,0.18088889122009277,4000
2024-01-29,0.1850000023841858,0.1850000023841858,0.1850000023841858,0.1850000023841858,0.18088889122009277,0
2024-01-30,0.18000000715255737,0.18000000715255737,0.18000000715255737,0.18000000715255737,0.17600001394748688,0
2024-01-31,0.18000000715255737,0.18000000715255737,0.18000000715255737,0.18000000715255737,0.17600001394748688,0
2024-02-01,0.18000000715255737,0.18000000715255737,0.18000000715255737,0.18000000715255737,0.17600001394748688,0
2024-02-02,0.18000000715255737,0.18000000715255737,0.18000000715255737,0.18000000715255737,0.17600001394748688,0
2024-02-05,0.18000000715255737,0.18000000715255737,0.18000000715255737,0.18000000715255737,0.17600001394748688,0
2024-02-06,0.18000000715255737,0.18000000715255737,0.18000000715255737,0.18000000715255737,0.17600001394748688,0
2024-02-07,0.18000000715255737,0.18000000715255737,0.18000000715255737,0.18000000715255737,0.17600001394748688,0
2024-02-08,0.18000000715255737,0.18000000715255737,0.18000000715255737,0.18000000715255737,0.17600001394748688,0
2024-02-09,0.18000000715255737,0.18000000715255737,0.18000000715255737,0.18000000715255737,0.17600001394748688,0
2024-02-14,0.18000000715255737,0.18000000715255737,0.18000000715255737,0.18000000715255737,0.17600001394748688,0
2024-02-15,0.18000000715255737,0.18000000715255737,0.18000000715255737,0.18000000715255737,0.17600001394748688,0
2024-02-16,0.18000000715255737,0.18000000715255737,0.18000000715255737,0.18000000715255737,0.17600001394748688,0
2024-02-19,0.17800000309944153,0.18700000643730164,0.17800000309944153,0.18700000643730164,0.18284444510936737,32000
2024-02-20,0.19499999284744263,0.19499999284744263,0.19499999284744263,0.19499999284744263,0.19066666066646576,14000
2024-02-21,0.19499999284744263,0.19499999284744263,0.19499999284744263,0.19499999284744263,0.19066666066646576,0
2024-02-22,0.20000000298023224,0.20000000298023224,0.20000000298023224,0.20000000298023224,0.19555555284023285,20000
2024-02-23,0.20000000298023224,0.20000000298023224,0.20000000298023224,0.20000000298023224,0.19555555284023285,0
2024-02-26,0.20000000298023224,0.20000000298023224,0.20000000298023224,0.20000000298023224,0.19555555284023285,0
2024-02-27,0.20000000298023224,0.20000000298023224,0.20000000298023224,0.20000000298023224,0.19555555284023285,0
2024-02-28,0.20000000298023224,0.20000000298023224,0.20000000298023224,0.20000000298023224,0.19555555284023285,0
2024-02-29,0.20999999344348907,0.21799999475479126,0.20999999344348907,0.21799999475479126,0.21315555274486542,10000
2024-03-01,0.21799999475479126,0.21799999475479126,0.21799999475479126,0.21799999475479126,0.21315555274486542,0
2024-03-04,0.21799999475479126,0.21899999678134918,0.21799999475479126,0.21799999475479126,0.21315555274486542,20000
2024-03-05,0.19200000166893005,0.21199999749660492,0.19200000166893005,0.21199999749660492,0.20728889107704163,12000
2024-03-06,0.21199999749660492,0.21199999749660492,0.21199999749660492,0.21199999749660492,0.20728889107704163,0
2024-03-07,0.21199999749660492,0.21199999749660492,0.21199999749660492,0.21199999749660492,0.20728889107704163,0
2024-03-08,0.19200000166893005,0.19599999487400055,0.1899999976158142,0.1899999976158142,0.18577776849269867,32000
2024-03-11,0.1899999976158142,0.1899999976158142,0.1899999976158142,0.1899999976158142,0.18577776849269867,0
2024-03-12,0.1899999976158142,0.1899999976158142,0.1899999976158142,0.1899999976158142,0.18577776849269867,0
2024-03-13,0.1899999976158142,0.1899999976158142,0.1899999976158142,0.1899999976158142,0.18577776849269867,0
2024-03-14,0.1899999976158142,0.1899999976158142,0.1899999976158142,0.1899999976158142,0.18577776849269867,0
2024-03-15,0.1899999976158142,0.1899999976158142,0.1899999976158142,0.1899999976158142,0.18577776849269867,0
2024-03-18,0.1899999976158142,0.1899999976158142,0.1899999976158142,0.1899999976158142,0.18577776849269867,0
2024-03-19,0.1899999976158142,0.1899999976158142,0.1899999976158142,0.1899999976158142,0.18577776849269867,0
2024-03-20,0.1899999976158142,0.1899999976158142,0.1899999976158142,0.1899999976158142,0.18577776849269867,0
2024-03-21,0.1899999976158142,0.1899999976158142,0.1899999976158142,0.1899999976158142,0.18577776849269867,0
2024-03-22,0.19300000369548798,0.19300000369548798,0.19300000369548798,0.19300000369548798,0.18871112167835236,0
2024-03-25,0.19300000369548798,0.19300000369548798,0.19300000369548798,0.19300000369548798,0.18871112167835236,0
2024-03-26,0.19300000369548798,0.19300000369548798,0.19300000369548798,0.19300000369548798,0.18871112167835236,0
2024-03-27,0.19300000369548798,0.19300000369548798,0.19300000369548798,0.19300000369548798,0.18871112167835236,0
2024-03-28,0.19300000369548798,0.19300000369548798,0.19300000369548798,0.19300000369548798,0.18871112167835236,0
2024-04-02,0.19900000095367432,0.20000000298023224,0.19900000095367432,0.20000000298023224,0.19555555284023285,100000
2024-04-03,0.2199999988079071,0.2199999988079071,0.2199999988079071,0.2199999988079071,0.21511110663414001,0
2024-04-05,0.2150000035762787,0.2150000035762787,0.2150000035762787,0.2150000035762787,0.21022222936153412,0
2024-04-08,0.2150000035762787,0.2150000035762787,0.2150000035762787,0.2150000035762787,0.21022222936153412,0
2024-04-09,0.19099999964237213,0.19099999964237213,0.19099999964237213,0.20399999618530273,0.19946666061878204,2000
2024-04-10,0.20399999618530273,0.20399999618530273,0.20399999618530273,0.20399999618530273,0.19946666061878204,0
2024-04-11,0.20399999618530273,0.20399999618530273,0.20399999618530273,0.20399999618530273,0.19946666061878204,0
2024-04-12,0.20399999618530273,0.20399999618530273,0.20399999618530273,0.20399999618530273,0.19946666061878204,0
2024-04-15,0.20399999618530273,0.20399999618530273,0.20399999618530273,0.20399999618530273,0.19946666061878204,0
2024-04-16,0.20399999618530273,0.20399999618530273,0.20399999618530273,0.20399999618530273,0.19946666061878204,0
2024-04-17,0.20399999618530273,0.20399999618530273,0.20399999618530273,0.20399999618530273,0.19946666061878204,0
2024-04-18,0.20399999618530273,0.20399999618530273,0.20399999618530273,0.20399999618530273,0.19946666061878204,0
2024-04-19,0.20399999618530273,0.20399999618530273,0.20399999618530273,0.20399999618530273,0.19946666061878204,0
2024-04-22,0.20399999618530273,0.20399999618530273,0.20399999618530273,0.20399999618530273,0.19946666061878204,0
2024-04-23,0.20399999618530273,0.20399999618530273,0.20399999618530273,0.20399999618530273,0.19946666061878204,0
2024-04-24,0.20000000298023224,0.20000000298023224,0.20000000298023224,0.20000000298023224,0.19555555284023285,0
2024-04-25,0.20000000298023224,0.20000000298023224,0.20000000298023224,0.20000000298023224,0.19555555284023285,0
2024-04-26,0.20000000298023224,0.20000000298023224,0.20000000298023224,0.20000000298023224,0.19555555284023285,0
2024-04-29,0.20000000298023224,0.20000000298023224,0.20000000298023224,0.20000000298023224,0.19555555284023285,0
2024-04-30,0.20000000298023224,0.20000000298023224,0.20000000298023224,0.20000000298023224,0.19555555284023285,0
2024-05-02,0.1899999976158142,0.1899999976158142,0.1899999976158142,0.1899999976158142,0.18577776849269867,0
2024-05-03,0.19300000369548798,0.19300000369548798,0.19300000369548798,0.19300000369548798,0.18871112167835236,50000
2024-05-06,0.19300000369548798,0.19300000369548798,0.19300000369548798,0.19300000369548798,0.18871112167835236,0
2024-05-07,0.19300000369548798,0.19300000369548798,0.19300000369548798,0.19300000369548798,0.18871112167835236,0
2024-05-08,0.19300000369548798,0.19300000369548798,0.19300000369548798,0.19300000369548798,0.18871112167835236,200000
2024-05-09,0.19300000369548798,0.19300000369548798,0.19300000369548798,0.19300000369548798,0.18871112167835236,0
2024-05-10,0.18000000715255737,0.18000000715255737,0.17000000178813934,0.17000000178813934,0.1662222295999527,200000
2024-05-13,0.17299999296665192,0.17299999296665192,0.16500000655651093,0.17000000178813934,0.1662222295999527,656000
2024-05-14,0.16500000655651093,0.16500000655651093,0.16500000655651093,0.16500000655651093,0.1613333374261856,210000
2024-05-16,0.164000004529953,0.164000004529953,0.1589999943971634,0.1589999943971634,0.15546666085720062,396000
2024-05-17,0.15700000524520874,0.15700000524520874,0.1509999930858612,0.15399999916553497,0.15057778358459473,178000
2024-05-20,0.1550000011920929,0.1550000011920929,0.1509999930858612,0.15299999713897705,0.14959999918937683,458000
2024-05-21,0.15399999916553497,0.15399999916553497,0.15000000596046448,0.15000000596046448,0.14666667580604553,348000
2024-05-22,0.15000000596046448,0.15000000596046448,0.14499999582767487,0.14499999582767487,0.14177776873111725,80000
2024-05-23,0.14499999582767487,0.14499999582767487,0.14499999582767487,0.14499999582767487,0.14177776873111725,0
2024-05-24,0.14399999380111694,0.14399999380111694,0.1420000046491623,0.14399999380111694,0.14079999923706055,454000
2024-05-27,0.15399999916553497,0.1550000011920929,0.15399999916553497,0.15000000596046448,0.14666667580604553,24000
2024-05-28,0.14100000262260437,0.14100000262260437,0.1340000033378601,0.14000000059604645,0.13688889145851135,496000
2024-05-29,0.14000000059604645,0.14000000059604645,0.14000000059604645,0.14000000059604645,0.13688889145851135,0
2024-05-30,0.13500000536441803,0.13500000536441803,0.13500000536441803,0.13500000536441803,0.13199999928474426,112000
2024-05-31,0.1379999965429306,0.1379999965429306,0.13699999451637268,0.13699999451637268,0.13395555317401886,344000
2024-06-03,0.13699999451637268,0.13699999451637268,0.13699999451637268,0.13699999451637268,0.13395555317401886,0
2024-06-04,0.13099999725818634,0.13099999725818634,0.12999999523162842,0.12999999523162842,0.12711110711097717,640000
2024-06-05,0.14000000059604645,0.12999999523162842,0.1289999932050705,0.12800000607967377,0.12515556812286377,22000
2024-06-06,0.14000000059604645,0.14000000059604645,0.125,0.125,0.12222222238779068,34000
2024-06-07,0.12300000339746475,0.12300000339746475,0.11999999731779099,0.11999999731779099,0.11733333021402359,364000
2024-06-11,0.12099999934434891,0.12099999934434891,0.11800000071525574,0.11900000274181366,0.11635556071996689,406000
2024-06-12,0.125,0.125,0.125,0.11999999731779099,0.11733333021402359,400000
2024-06-13,0.11999999731779099,0.12099999934434891,0.11900000274181366,0.11900000274181366,0.11635556071996689,212000
2024-06-14,0.12099999934434891,0.12200000137090683,0.12099999934434891,0.12200000137090683,0.11928889155387878,204000
2024-06-17,0.12099999934434891,0.12200000137090683,0.12099999934434891,0.12099999934434891,0.11831110715866089,156000
2024-06-18,0.11999999731779099,0.11999999731779099,0.11900000274181366,0.11999999731779099,0.11733333021402359,274000
2024-06-19,0.125,0.125,0.12399999797344208,0.12399999797344208,0.12124444544315338,200000
2024-06-20,0.125,0.125,0.125,0.125,0.12222222238779068,0
2024-06-21,0.12600000202655792,0.12700000405311584,0.12600000202655792,0.12700000405311584,0.12417778372764587,62000
2024-06-24,0.12999999523162842,0.12999999523162842,0.1289999932050705,0.1289999932050705,0.12613332271575928,36000
2024-06-25,0.1289999932050705,0.13899999856948853,0.1289999932050705,0.13899999856948853,0.13591110706329346,218000
2024-06-26,0.14000000059604645,0.14100000262260437,0.14000000059604645,0.14100000262260437,0.13786667585372925,82000
2024-06-27,0.14399999380111694,0.14399999380111694,0.14399999380111694,0.14399999380111694,0.14079999923706055,100000
2024-06-28,0.15000000596046448,0.15000000596046448,0.15000000596046448,0.15000000596046448,0.14666667580604553,0
2024-07-02,0.15000000596046448,0.15000000596046448,0.15000000596046448,0.15000000596046448,0.14666667580604553,216000
2024-07-03,0.14800000190734863,0.14800000190734863,0.14800000190734863,0.14800000190734863,0.14471110701560974,0
2024-07-04,0.1459999978542328,0.1459999978542328,0.1459999978542328,0.1459999978542328,0.14275555312633514,0
2024-07-08,0.14499999582767487,0.1459999978542328,0.14499999582767487,0.14000000059604645,0.13688889145851135,118000
2024-07-09,0.14900000393390656,0.14900000393390656,0.14900000393390656,0.14900000393390656,0.14568889141082764,100000
2024-07-10,0.15000000596046448,0.15000000596046448,0.1469999998807907,0.1469999998807907,0.14373333752155304,102000
2024-07-11,0.15000000596046448,0.15000000596046448,0.15000000596046448,0.15000000596046448,0.14666667580604553,20000
2024-07-12,0.15000000596046448,0.1509999930858612,0.15000000596046448,0.15000000596046448,0.14666667580604553,100000
2024-07-15,0.1509999930858612,0.1509999930858612,0.15000000596046448,0.15000000596046448,0.14666667580604553,150000
2024-07-16,0.14900000393390656,0.14900000393390656,0.14900000393390656,0.14900000393390656,0.14568889141082764,0
2024-07-17,0.15000000596046448,0.15000000596046448,0.15000000596046448,0.15000000596046448,0.14666667580604553,0
2024-07-18,0.15000000596046448,0.15000000596046448,0.15000000596046448,0.15000000596046448,0.14666667580604553,0
2024-07-19,0.15000000596046448,0.15299999713897705,0.15000000596046448,0.15000000596046448,0.14666667580604553,38000
2024-07-22,0.15299999713897705,0.15299999713897705,0.15299999713897705,0.15299999713897705,0.14959999918937683,100000
2024-07-23,0.15299999713897705,0.15299999713897705,0.15299999713897705,0.15299999713897705,0.14959999918937683,0
2024-07-24,0.15299999713897705,0.15299999713897705,0.15299999713897705,0.15299999713897705,0.14959999918937683,0
2024-07-25,0.15299999713897705,0.15299999713897705,0.15299999713897705,0.15299999713897705,0.14959999918937683,64000
2024-07-26,0.15299999713897705,0.15299999713897705,0.15299999713897705,0.15299999713897705,0.14959999918937683,0
2024-07-29,0.15299999713897705,0.15299999713897705,0.15299999713897705,0.15299999713897705,0.14959999918937683,0
2024-07-30,0.15299999713897705,0.15299999713897705,0.15299999713897705,0.15299999713897705,0.14959999918937683,0
2024-07-31,0.15299999713897705,0.15299999713897705,0.15299999713897705,0.15299999713897705,0.14959999918937683,0
2024-08-01,0.15299999713897705,0.15299999713897705,0.15299999713897705,0.15299999713897705,0.14959999918937683,0
2024-08-02,0.15299999713897705,0.15299999713897705,0.15299999713897705,0.15299999713897705,0.14959999918937683,0
2024-08-05,0.15399999916553497,0.1550000011920929,0.1340000033378601,0.15399999916553497,0.15057778358459473,226000
2024-08-06,0.1550000011920929,0.15600000321865082,0.1550000011920929,0.15600000321865082,0.15253333747386932,34000
2024-08-07,0.15000000596046448,0.15000000596046448,0.14900000393390656,0.14900000393390656,0.14568889141082764,134000
2024-08-08,0.15600000321865082,0.15600000321865082,0.14300000667572021,0.14900000393390656,0.14568889141082764,186000
2024-08-09,0.14900000393390656,0.14900000393390656,0.14900000393390656,0.14900000393390656,0.14568889141082764,0
2024-08-12,0.14900000393390656,0.14900000393390656,0.14900000393390656,0.14900000393390656,0.14568889141082764,0
2024-08-13,0.14499999582767487,0.14499999582767487,0.13899999856948853,0.1379999965429306,0.13493333756923676,90000
2024-08-14,0.13699999451637268,0.1379999965429306,0.1340000033378601,0.1379999965429306,0.13493333756923676,102000
2024-08-15,0.13699999451637268,0.14000000059604645,0.1340000033378601,0.14000000059604645,0.13688889145851135,102000
2024-08-16,0.14000000059604645,0.14000000059604645,0.14000000059604645,0.14000000059604645,0.13688889145851135,0
2024-08-19,0.14300000667572021,0.14499999582767487,0.1420000046491623,0.14499999582767487,0.14177776873111725,166000
2024-08-20,0.1420000046491623,0.1459999978542328,0.13500000536441803,0.14499999582767487,0.14177776873111725,40000
2024-08-21,0.14499999582767487,0.14499999582767487,0.14499999582767487,0.14499999582767487,0.14177776873111725,0
2024-08-22,0.14499999582767487,0.14499999582767487,0.14499999582767487,0.14499999582767487,0.14177776873111725,0
2024-08-23,0.14800000190734863,0.14800000190734863,0.14800000190734863,0.14800000190734863,0.14471110701560974,8000
2024-08-26,0.13699999451637268,0.13699999451637268,0.13600000739097595,0.14800000190734863,0.14471110701560974,152000
2024-08-27,0.14800000190734863,0.14800000190734863,0.14800000190734863,0.14800000190734863,0.14471110701560974,0
2024-08-28,0.14800000190734863,0.14800000190734863,0.14800000190734863,0.14800000190734863,0.14471110701560974,0
2024-08-29,0.14800000190734863,0.14800000190734863,0.14800000190734863,0.14800000190734863,0.14471110701560974,0
2024-08-30,0.14800000190734863,0.14800000190734863,0.14800000190734863,0.14800000190734863,0.14471110701560974,0
2024-09-02,0.14800000190734863,0.14800000190734863,0.14800000190734863,0.14800000190734863,0.14471110701560974,0
2024-09-03,0.1509999930858612,0.1509999930858612,0.1509999930858612,0.1509999930858612,0.14764444530010223,6000
2024-09-04,0.1509999930858612,0.1509999930858612,0.1509999930858612,0.1509999930858612,0.14764444530010223,0
2024-09-05,0.1509999930858612,0.1509999930858612,0.1509999930858612,0.1509999930858612,0.14764444530010223,0
2024-09-09,0.1509999930858612,0.1509999930858612,0.1509999930858612,0.1509999930858612,0.14764444530010223,0
2024-09-10,0.14800000190734863,0.14800000190734863,0.14800000190734863,0.14800000190734863,0.14471110701560974,0
2024-09-11,0.1469999998807907,0.1469999998807907,0.1469999998807907,0.1469999998807907,0.14373333752155304,0
2024-09-12,0.13600000739097595,0.14900000393390656,0.13600000739097595,0.14900000393390656,0.14568889141082764,92000
2024-09-13,0.14900000393390656,0.14900000393390656,0.14900000393390656,0.14900000393390656,0.14568889141082764,0
2024-09-16,0.14900000393390656,0.14900000393390656,0.14900000393390656,0.14900000393390656,0.14568889141082764,0
2024-09-17,0.15299999713897705,0.15299999713897705,0.13699999451637268,0.14100000262260437,0.13786667585372925,8000
2024-09-19,0.14100000262260437,0.14100000262260437,0.14100000262260437,0.14100000262260437,0.13786667585372925,0
2024-09-20,0.14100000262260437,0.14100000262260437,0.14100000262260437,0.14100000262260437,0.13786667585372925,0
2024-09-23,0.14100000262260437,0.14100000262260437,0.14100000262260437,0.14100000262260437,0.13786667585372925,0
2024-09-24,0.14100000262260437,0.14100000262260437,0.14100000262260437,0.14100000262260437,0.13786667585372925,0
2024-09-25,0.14100000262260437,0.14100000262260437,0.14100000262260437,0.14100000262260437,0.13786667585372925,0
2024-09-26,0.14100000262260437,0.14100000262260437,0.14100000262260437,0.14100000262260437,0.13786667585372925,0
2024-09-27,0.13300000131130219,0.13300000131130219,0.13300000131130219,0.13300000131130219,0.13004444539546967,0
2024-09-30,0.13300000131130219,0.13300000131130219,0.12600000202655792,0.13199999928474426,0.12906666100025177,334000
2024-10-02,0.13199999928474426,0.13899999856948853,0.13199999928474426,0.13500000536441803,0.13199999928474426,410000
2024-10-03,0.14000000059604645,0.1509999930858612,0.13199999928474426,0.14300000667572021,0.14300000667572021,314000
2024-10-04,0.14300000667572021,0.14300000667572021,0.13300000131130219,0.13600000739097595,0.13600000739097595,146000
2024-10-07,0.14000000059604645,0.1599999964237213,0.14000000059604645,0.1599999964237213,0.1599999964237213,630000
2024-10-08,0.1599999964237213,0.1599999964237213,0.1599999964237213,0.1599999964237213,0.1599999964237213,0
2024-10-09,0.1599999964237213,0.1599999964237213,0.1599999964237213,0.1599999964237213,0.1599999964237213,0
2024-10-10,0.1420000046491623,0.1420000046491623,0.14100000262260437,0.14100000262260437,0.14100000262260437,32000
2024-10-14,0.14499999582767487,0.14499999582767487,0.14499999582767487,0.14499999582767487,0.14499999582767487,0
2024-10-15,0.14499999582767487,0.14499999582767487,0.14300000667572021,0.14499999582767487,0.14499999582767487,200000
2024-10-16,0.14499999582767487,0.14499999582767487,0.14499999582767487,0.14499999582767487,0.14499999582767487,0
2024-10-17,0.14499999582767487,0.14499999582767487,0.14499999582767487,0.14499999582767487,0.14499999582767487,0
2024-10-18,0.14499999582767487,0.14499999582767487,0.14499999582767487,0.14499999582767487,0.14499999582767487,0
2024-10-21,0.14499999582767487,0.14499999582767487,0.14499999582767487,0.14499999582767487,0.14499999582767487,0
2024-10-22,0.14499999582767487,0.14499999582767487,0.14499999582767487,0.14499999582767487,0.14499999582767487,0
2024-10-23,0.12999999523162842,0.12999999523162842,0.12999999523162842,0.12999999523162842,0.12999999523162842,10000
2024-10-24,0.13199999928474426,0.13199999928474426,0.13199999928474426,0.13199999928474426,0.13199999928474426,0
2024-10-25,0.13600000739097595,0.13600000739097595,0.13600000739097595,0.13600000739097595,0.13600000739097595,0
2024-10-28,0.1379999965429306,0.1379999965429306,0.1379999965429306,0.1379999965429306,0.1379999965429306,0
2024-10-29,0.14499999582767487,0.14499999582767487,0.14499999582767487,0.14499999582767487,0.14499999582767487,0
2024-10-30,0.14499999582767487,0.14499999582767487,0.14499999582767487,0.14499999582767487,0.14499999582767487,0
2024-10-31,0.14000000059604645,0.14000000059604645,0.14000000059604645,0.14000000059604645,0.14000000059604645,0
2024-11-01,0.14000000059604645,0.14000000059604645,0.14000000059604645,0.14000000059604645,0.14000000059604645,0
2024-11-04,0.14000000059604645,0.14000000059604645,0.14000000059604645,0.14000000059604645,0.14000000059604645,0
2024-11-05,0.14000000059604645,0.14000000059604645,0.14000000059604645,0.14000000059604645,0.14000000059604645,0
2024-11-06,0.14000000059604645,0.14000000059604645,0.14000000059604645,0.14000000059604645,0.14000000059604645,0
2024-11-07,0.14000000059604645,0.14000000059604645,0.12800000607967377,0.13199999928474426,0.13199999928474426,188000
2024-11-08,0.1289999932050705,0.1289999932050705,0.1289999932050705,0.1289999932050705,0.1289999932050705,0
