Date,Open,High,Low,Close,Adj Close,Volume
2019-02-26,2.799999952316284,2.819999933242798,2.799999952316284,2.799999952316284,2.516582489013672,8105186
2019-02-27,2.799999952316284,2.8299999237060547,2.799999952316284,2.819999933242798,2.534557819366455,3684000
2019-02-28,2.819999933242798,2.819999933242798,2.799999952316284,2.799999952316284,2.516582489013672,1326000
2019-03-01,2.819999933242798,2.859999895095825,2.799999952316284,2.809999942779541,2.5255701541900635,1984000
2019-03-04,2.809999942779541,2.809999942779541,2.799999952316284,2.809999942779541,2.5255701541900635,343000
2019-03-05,2.809999942779541,2.8299999237060547,2.799999952316284,2.799999952316284,2.516582489013672,1199000
2019-03-06,2.809999942779541,2.809999942779541,2.799999952316284,2.809999942779541,2.5255701541900635,127000
2019-03-07,2.799999952316284,2.8399999141693115,2.799999952316284,2.8299999237060547,2.543545722961426,593000
2019-03-08,2.809999942779541,2.819999933242798,2.809999942779541,2.809999942779541,2.5255701541900635,88000
2019-03-11,2.799999952316284,2.809999942779541,2.799999952316284,2.809999942779541,2.5255701541900635,907000
2019-03-12,2.799999952316284,2.819999933242798,2.799999952316284,2.799999952316284,2.516582489013672,37000
2019-03-13,2.799999952316284,2.9600000381469727,2.799999952316284,2.9000000953674316,2.6064603328704834,1214000
2019-03-14,2.9000000953674316,2.9000000953674316,2.799999952316284,2.8299999237060547,2.543545722961426,294000
2019-03-15,2.809999942779541,2.869999885559082,2.809999942779541,2.8499999046325684,2.561521053314209,83000
2019-03-18,2.809999942779541,2.859999895095825,2.75,2.799999952316284,2.516582489013672,1036000
2019-03-19,2.809999942779541,2.809999942779541,2.799999952316284,2.809999942779541,2.5255701541900635,25000
2019-03-20,2.809999942779541,2.8399999141693115,2.809999942779541,2.819999933242798,2.534557819366455,1829000
2019-03-21,2.809999942779541,2.859999895095825,2.809999942779541,2.8299999237060547,2.543545722961426,1861000
2019-03-22,2.819999933242798,2.8399999141693115,2.809999942779541,2.8399999141693115,2.5525333881378174,1211000
2019-03-25,2.809999942779541,2.8499999046325684,2.799999952316284,2.809999942779541,2.5255701541900635,946000
2019-03-26,2.8299999237060547,2.8399999141693115,2.799999952316284,2.819999933242798,2.534557819366455,950000
2019-03-27,2.809999942779541,2.8299999237060547,2.799999952316284,2.8299999237060547,2.543545722961426,1466000
2019-03-28,2.809999942779541,2.8399999141693115,2.799999952316284,2.8299999237060547,2.543545722961426,1677000
2019-03-29,2.8399999141693115,2.9000000953674316,2.809999942779541,2.8499999046325684,2.561521053314209,2555000
2019-04-01,2.890000104904175,2.990000009536743,2.819999933242798,2.9200000762939453,2.6244359016418457,2719000
2019-04-02,2.930000066757202,2.930000066757202,2.859999895095825,2.9000000953674316,2.6064603328704834,2027000
2019-04-03,2.9100000858306885,2.950000047683716,2.8399999141693115,2.880000114440918,2.588484764099121,1205000
2019-04-04,2.890000104904175,2.940000057220459,2.869999885559082,2.890000104904175,2.597472667694092,1229186
2019-04-08,2.869999885559082,2.930000066757202,2.8499999046325684,2.890000104904175,2.597472667694092,2471000
2019-04-09,2.869999885559082,2.9200000762939453,2.869999885559082,2.9000000953674316,2.6064603328704834,968000
2019-04-10,2.890000104904175,2.9200000762939453,2.859999895095825,2.890000104904175,2.597472667694092,1514000
2019-04-11,2.9000000953674316,3.0399999618530273,2.880000114440918,2.9000000953674316,2.6064603328704834,3914000
2019-04-12,2.9100000858306885,2.9800000190734863,2.9000000953674316,2.9200000762939453,2.6244359016418457,2113000
2019-04-15,2.940000057220459,2.940000057220459,2.8499999046325684,2.9000000953674316,2.6064603328704834,1941000
2019-04-16,2.9000000953674316,2.9000000953674316,2.869999885559082,2.880000114440918,2.588484764099121,1332000
2019-04-17,2.859999895095825,2.9200000762939453,2.859999895095825,2.890000104904175,2.597472667694092,1885000
2019-04-18,2.890000104904175,2.9100000858306885,2.869999885559082,2.9000000953674316,2.6064603328704834,1866000
2019-04-23,2.9000000953674316,2.930000066757202,2.859999895095825,2.9000000953674316,2.6064603328704834,1710000
2019-04-24,2.890000104904175,2.930000066757202,2.869999885559082,2.9200000762939453,2.6244359016418457,1692000
2019-04-25,2.9100000858306885,2.940000057220459,2.9000000953674316,2.9200000762939453,2.6244359016418457,782000
2019-04-26,2.9100000858306885,2.9200000762939453,2.880000114440918,2.9100000858306885,2.615447998046875,916000
2019-04-29,2.9100000858306885,3.0299999713897705,2.9000000953674316,2.940000057220459,2.642411470413208,1356000
2019-04-30,2.940000057220459,2.9600000381469727,2.880000114440918,2.9200000762939453,2.6244359016418457,1827020
2019-05-02,2.9100000858306885,2.9700000286102295,2.890000104904175,2.9200000762939453,2.6244359016418457,875000
2019-05-03,2.9200000762939453,3.0799999237060547,2.9100000858306885,3.009999990463257,2.7053260803222656,2470000
2019-05-06,2.950000047683716,2.9800000190734863,2.869999885559082,2.9200000762939453,2.6244359016418457,1194000
2019-05-07,2.9000000953674316,3.0799999237060547,2.880000114440918,3.059999942779541,2.750264883041382,1248000
2019-05-08,2.9700000286102295,3.5,2.9700000286102295,3.1700000762939453,2.849130868911743,1950000
2019-05-09,3.1700000762939453,3.259999990463257,3.0199999809265137,3.109999895095825,2.795203924179077,1215000
2019-05-10,3.049999952316284,3.3399999141693115,3.049999952316284,3.180000066757202,2.8581185340881348,960000
2019-05-14,3.0799999237060547,3.380000114440918,3.059999942779541,3.25,2.9210331439971924,1103000
2019-05-15,3.2799999713897705,3.549999952316284,3.2799999713897705,3.319999933242798,2.983947515487671,2236000
2019-05-16,3.3499999046325684,3.450000047683716,3.2300000190734863,3.369999885559082,3.028886318206787,1336000
2019-05-17,3.4000000953674316,3.4800000190734863,3.3499999046325684,3.4000000953674316,3.05584979057312,1111000
2019-05-20,3.4800000190734863,3.4700000286102295,3.299999952316284,3.369999885559082,3.028886318206787,1349000
2019-05-21,3.319999933242798,3.5299999713897705,3.309999942779541,3.3499999046325684,3.010910749435425,1243000
2019-05-22,3.4000000953674316,3.440000057220459,3.3299999237060547,3.3499999046325684,3.010910749435425,1676000
2019-05-23,3.369999885559082,3.4000000953674316,3.2799999713897705,3.3399999141693115,3.001923084259033,1724000
2019-05-24,3.3399999141693115,3.5,3.309999942779541,3.490000009536743,3.13673996925354,1318000
2019-05-27,3.509999990463257,3.819999933242798,3.430000066757202,3.5299999713897705,3.1726911067962646,1327000
2019-05-28,3.5299999713897705,3.609999895095825,3.2200000286102295,3.3399999141693115,3.001923084259033,4587000
2019-05-29,3.3499999046325684,3.369999885559082,3.190000057220459,3.25,2.9210331439971924,2688000
2019-05-30,3.2300000190734863,3.2799999713897705,2.7300000190734863,3.200000047683716,2.876094102859497,2816000
2019-05-31,3.1600000858306885,3.490000009536743,3.140000104904175,3.4800000190734863,3.1277523040771484,2159000
2019-06-03,3.5999999046325684,3.5999999046325684,3.3299999237060547,3.4600000381469727,3.109776496887207,977000
2019-06-04,3.490000009536743,3.5199999809265137,3.319999933242798,3.5199999809265137,3.163703203201294,1402000
2019-06-05,3.5399999618530273,3.5399999618530273,3.4100000858306885,3.440000057220459,3.091801166534424,903000
2019-06-06,3.359999895095825,3.490000009536743,3.3399999141693115,3.369999885559082,3.028886318206787,1193000
2019-06-10,3.3399999141693115,3.3499999046325684,3.2899999618530273,3.3399999141693115,3.001923084259033,1011000
2019-06-11,3.3499999046325684,3.359999895095825,3.2799999713897705,3.2899999618530273,2.956984043121338,1453000
2019-06-12,3.359999895095825,3.369999885559082,3.2300000190734863,3.2899999618530273,2.956984043121338,598000
2019-06-13,3.3299999237060547,3.359999895095825,3.190000057220459,3.3499999046325684,3.010910749435425,1323000
2019-06-14,3.430000066757202,3.430000066757202,3.2100000381469727,3.25,2.9210331439971924,1110000
2019-06-17,3.240000009536743,3.309999942779541,3.2300000190734863,3.25,2.9210331439971924,1121000
2019-06-18,3.299999952316284,3.3399999141693115,3.2100000381469727,3.259999990463257,2.930020809173584,1078000
2019-06-19,3.3399999141693115,3.3399999141693115,3.1500000953674316,3.240000009536743,2.9120452404022217,1512000
2019-06-20,3.259999990463257,3.2799999713897705,3.1600000858306885,3.190000057220459,2.8671064376831055,1013000
2019-06-21,3.240000009536743,3.390000104904175,3.119999885559082,3.390000104904175,3.0468621253967285,1576000
2019-06-24,3.369999885559082,3.490000009536743,3.299999952316284,3.380000114440918,3.037874460220337,974000
2019-06-25,3.369999885559082,3.5399999618530273,3.3299999237060547,3.430000066757202,3.082813262939453,1054000
2019-06-26,3.430000066757202,3.440000057220459,3.359999895095825,3.4000000953674316,3.05584979057312,908000
2019-06-27,3.359999895095825,3.450000047683716,3.359999895095825,3.380000114440918,3.037874460220337,1001000
2019-06-28,3.4000000953674316,3.5,3.240000009536743,3.319999933242798,2.983947515487671,1798000
2019-07-02,3.359999895095825,3.450000047683716,3.359999895095825,3.380000114440918,3.037874460220337,522000
2019-07-03,3.4000000953674316,3.430000066757202,3.309999942779541,3.390000104904175,3.0468621253967285,500000
2019-07-04,3.4200000762939453,3.4200000762939453,3.369999885559082,3.380000114440918,3.037874460220337,501000
2019-07-05,3.4100000858306885,3.4100000858306885,3.299999952316284,3.3499999046325684,3.010910749435425,1062000
2019-07-08,3.369999885559082,3.390000104904175,3.319999933242798,3.359999895095825,3.0198986530303955,999000
2019-07-09,3.4000000953674316,3.5,3.240000009536743,3.319999933242798,2.983947515487671,1018000
2019-07-10,3.3499999046325684,3.3499999046325684,3.3299999237060547,3.3399999141693115,3.001923084259033,1063000
2019-07-11,3.3499999046325684,3.4100000858306885,3.3499999046325684,3.4000000953674316,3.05584979057312,976000
2019-07-12,3.309999942779541,3.430000066757202,3.299999952316284,3.4100000858306885,3.064837694168091,987000
2019-07-15,3.390000104904175,3.5799999237060547,3.3499999046325684,3.359999895095825,3.0198986530303955,785000
2019-07-16,3.380000114440918,3.4000000953674316,3.3399999141693115,3.3399999141693115,3.001923084259033,639000
2019-07-17,3.4000000953674316,3.4000000953674316,3.3299999237060547,3.359999895095825,3.0198986530303955,306000
2019-07-18,3.369999885559082,3.369999885559082,3.309999942779541,3.359999895095825,3.0198986530303955,993000
2019-07-19,3.369999885559082,3.369999885559082,3.2899999618530273,3.309999942779541,2.9749598503112793,777000
2019-07-22,3.4000000953674316,3.4700000286102295,3.119999885559082,3.200000047683716,2.876094102859497,1259000
2019-07-23,3.25,3.3499999046325684,3.2100000381469727,3.309999942779541,2.9749598503112793,1068000
2019-07-24,3.3399999141693115,3.359999895095825,3.319999933242798,3.359999895095825,3.0198986530303955,1522000
2019-07-25,3.369999885559082,3.390000104904175,3.3299999237060547,3.3499999046325684,3.010910749435425,1160000
2019-07-26,3.369999885559082,3.369999885559082,3.3399999141693115,3.3399999141693115,3.001923084259033,1457000
2019-07-29,3.390000104904175,3.4000000953674316,3.299999952316284,3.3299999237060547,2.9929351806640625,1144000
2019-07-30,3.4000000953674316,3.569999933242798,3.3299999237060547,3.4000000953674316,3.05584979057312,1555000
2019-07-31,3.4000000953674316,3.4000000953674316,3.4000000953674316,3.4000000953674316,3.05584979057312,0
2019-08-01,3.390000104904175,3.440000057220459,3.319999933242798,3.3499999046325684,3.010910749435425,1210000
2019-08-02,3.380000114440918,3.380000114440918,3.2899999618530273,3.3299999237060547,2.9929351806640625,1285000
2019-08-05,3.390000104904175,3.390000104904175,3.1600000858306885,3.259999990463257,2.930020809173584,1317000
2019-08-06,3.25,3.359999895095825,3.0399999618530273,3.240000009536743,2.9120452404022217,1215000
2019-08-07,3.2699999809265137,3.299999952316284,3.200000047683716,3.2100000381469727,2.8850817680358887,1915000
2019-08-08,3.25,3.3399999141693115,3.200000047683716,3.25,2.9210331439971924,1682000
2019-08-09,3.2899999618530273,3.319999933242798,3.2300000190734863,3.2899999618530273,2.956984043121338,1591000
2019-08-12,3.299999952316284,3.299999952316284,3.2100000381469727,3.2899999618530273,2.956984043121338,1326000
2019-08-13,3.2799999713897705,3.2799999713897705,3.130000114440918,3.25,2.9210331439971924,1806000
2019-08-14,3.25,3.359999895095825,3.1600000858306885,3.3399999141693115,3.001923084259033,1569000
2019-08-15,3.369999885559082,3.369999885559082,3.200000047683716,3.2799999713897705,2.9479963779449463,1580000
2019-08-16,3.2799999713897705,3.359999895095825,3.240000009536743,3.2899999618530273,2.956984043121338,1006000
2019-08-19,3.359999895095825,3.380000114440918,3.309999942779541,3.3499999046325684,3.010910749435425,960000
2019-08-20,3.359999895095825,3.5199999809265137,3.359999895095825,3.4100000858306885,3.064837694168091,1042000
2019-08-21,3.440000057220459,3.440000057220459,3.3399999141693115,3.390000104904175,3.0468621253967285,979000
2019-08-22,3.4000000953674316,3.5,3.359999895095825,3.4000000953674316,3.05584979057312,846000
2019-08-23,3.4700000286102295,3.4700000286102295,3.2799999713897705,3.3299999237060547,2.9929351806640625,1058000
2019-08-26,3.2699999809265137,3.3499999046325684,3.1500000953674316,3.259999990463257,2.930020809173584,821000
2019-08-27,3.259999990463257,3.359999895095825,3.2200000286102295,3.3299999237060547,2.9929351806640625,740000
2019-08-28,3.2899999618530273,3.2899999618530273,3.119999885559082,3.2200000286102295,2.8940696716308594,1164000
2019-08-29,3.299999952316284,3.3399999141693115,3.2300000190734863,3.240000009536743,2.9120452404022217,1032000
2019-08-30,3.240000009536743,3.3299999237060547,3.2300000190734863,3.299999952316284,2.9659719467163086,1030000
2019-09-02,3.25,3.3499999046325684,3.180000066757202,3.2300000190734863,2.903057336807251,1149000
2019-09-03,3.25,3.369999885559082,3.2200000286102295,3.2799999713897705,2.9479963779449463,1226000
2019-09-04,3.2899999618530273,3.390000104904175,3.240000009536743,3.319999933242798,2.983947515487671,1458000
2019-09-05,3.309999942779541,3.4000000953674316,3.2699999809265137,3.3299999237060547,2.9929351806640625,959000
2019-09-06,3.4100000858306885,3.440000057220459,3.299999952316284,3.3499999046325684,3.010910749435425,1103000
2019-09-09,3.4100000858306885,3.4100000858306885,3.309999942779541,3.309999942779541,2.9749598503112793,882000
2019-09-10,3.319999933242798,3.4100000858306885,3.319999933242798,3.3399999141693115,3.001923084259033,837000
2019-09-11,3.4200000762939453,3.4200000762939453,3.259999990463257,3.359999895095825,3.0198986530303955,1104000
2019-09-12,3.3499999046325684,3.359999895095825,3.299999952316284,3.319999933242798,2.983947515487671,1210000
2019-09-13,3.3499999046325684,3.4100000858306885,3.3499999046325684,3.369999885559082,3.028886318206787,708000
2019-09-16,3.4000000953674316,3.4000000953674316,3.299999952316284,3.3299999237060547,2.9929351806640625,721000
2019-09-17,3.309999942779541,3.380000114440918,3.309999942779541,3.359999895095825,3.0198986530303955,857000
2019-09-18,3.3299999237060547,3.4200000762939453,3.3299999237060547,3.3399999141693115,3.001923084259033,996000
2019-09-19,3.299999952316284,3.390000104904175,3.299999952316284,3.359999895095825,3.0198986530303955,1002000
2019-09-20,3.4000000953674316,3.4000000953674316,3.240000009536743,3.240000009536743,2.9120452404022217,2233000
2019-09-23,3.240000009536743,3.2899999618530273,3.180000066757202,3.180000066757202,2.8581185340881348,452000
2019-09-24,3.2100000381469727,3.2300000190734863,3.0899999141693115,3.180000066757202,2.8581185340881348,2001000
2019-09-25,3.2100000381469727,3.2300000190734863,3.1600000858306885,3.1600000858306885,2.8401429653167725,991000
2019-09-26,3.180000066757202,3.200000047683716,3.119999885559082,3.200000047683716,2.876094102859497,1238000
2019-09-27,3.2100000381469727,3.240000009536743,3.1500000953674316,3.240000009536743,2.9120452404022217,1031000
2019-09-30,3.2100000381469727,3.2899999618530273,3.119999885559082,3.25,2.9210331439971924,943000
2019-10-02,3.2200000286102295,3.309999942779541,3.180000066757202,3.2200000286102295,2.8940696716308594,1140000
2019-10-03,3.0899999141693115,3.1600000858306885,3.0899999141693115,3.119999885559082,2.9033751487731934,1350000
2019-10-04,3.1500000953674316,3.1600000858306885,3.059999942779541,3.130000114440918,2.9126811027526855,1477000
2019-10-08,3.0999999046325684,3.200000047683716,3.0899999141693115,3.180000066757202,2.959209442138672,729000
2019-10-09,3.119999885559082,3.25,3.119999885559082,3.140000104904175,2.9219868183135986,818000
2019-10-10,3.1600000858306885,3.25,3.130000114440918,3.190000057220459,2.968515396118164,1388000
2019-10-11,3.259999990463257,3.359999895095825,3.190000057220459,3.3299999237060547,3.09879469871521,587000
2019-10-14,3.3299999237060547,3.369999885559082,3.1700000762939453,3.2200000286102295,2.996432304382324,1460000
2019-10-15,3.1600000858306885,3.299999952316284,3.1500000953674316,3.2300000190734863,3.0057380199432373,1895000
2019-10-16,3.25,3.359999895095825,3.25,3.3299999237060547,3.09879469871521,883000
2019-10-17,3.390000104904175,3.390000104904175,3.319999933242798,3.359999895095825,3.126711845397949,1162000
2019-10-18,3.309999942779541,3.4800000190734863,3.299999952316284,3.450000047683716,3.210463285446167,4618000
2019-10-21,3.450000047683716,3.450000047683716,3.190000057220459,3.240000009536743,3.0150437355041504,1639000
2019-10-22,3.240000009536743,3.299999952316284,3.1500000953674316,3.1700000762939453,2.949903964996338,1142000
2019-10-23,3.1500000953674316,3.25,3.140000104904175,3.240000009536743,3.0150437355041504,906000
2019-10-24,3.2699999809265137,3.2699999809265137,3.140000104904175,3.2100000381469727,2.987126588821411,1059000
2019-10-25,3.190000057220459,3.190000057220459,3.059999942779541,3.0799999237060547,2.86615252494812,1460000
2019-10-28,3.069999933242798,3.130000114440918,3.0,3.0999999046325684,2.884763717651367,1624000
2019-10-29,3.0899999141693115,3.1700000762939453,3.0799999237060547,3.1600000858306885,2.9405980110168457,1048000
2019-10-30,3.1600000858306885,3.200000047683716,3.0999999046325684,3.140000104904175,2.9219868183135986,20836000
2019-10-31,3.140000104904175,3.200000047683716,3.109999895095825,3.200000047683716,2.977820873260498,1109000
2019-11-01,3.1500000953674316,3.200000047683716,3.140000104904175,3.1500000953674316,2.9312925338745117,1251000
2019-11-04,3.1700000762939453,3.200000047683716,3.1600000858306885,3.180000066757202,2.959209442138672,871000
2019-11-05,3.200000047683716,3.2799999713897705,3.1600000858306885,3.25,3.0243494510650635,1094000
2019-11-06,3.259999990463257,3.2899999618530273,3.2200000286102295,3.240000009536743,3.0150437355041504,996000
2019-11-07,3.2699999809265137,3.309999942779541,3.2200000286102295,3.309999942779541,3.080183267593384,1186000
2019-11-08,3.3399999141693115,3.3499999046325684,3.2200000286102295,3.2200000286102295,2.996432304382324,1058000
2019-11-11,3.2699999809265137,3.2799999713897705,3.2100000381469727,3.2100000381469727,2.987126588821411,934000
2019-11-12,3.240000009536743,3.259999990463257,3.0999999046325684,3.190000057220459,2.968515396118164,1056000
2019-11-13,3.2699999809265137,3.2899999618530273,3.0899999141693115,3.1500000953674316,2.9312925338745117,1101000
2019-11-14,3.1700000762939453,3.1700000762939453,3.0799999237060547,3.0799999237060547,2.86615252494812,1145000
2019-11-15,3.0899999141693115,3.0899999141693115,2.950000047683716,3.0799999237060547,2.86615252494812,1111000
2019-11-18,3.0999999046325684,3.0999999046325684,2.990000009536743,3.0899999141693115,2.875458240509033,1062000
2019-11-19,3.200000047683716,3.200000047683716,3.119999885559082,3.130000114440918,2.9126811027526855,662000
2019-11-20,3.140000104904175,3.140000104904175,3.059999942779541,3.069999933242798,2.856846809387207,1021000
2019-11-21,3.0899999141693115,3.130000114440918,3.069999933242798,3.109999895095825,2.8940696716308594,819000
2019-11-22,3.109999895095825,3.1700000762939453,3.109999895095825,3.1500000953674316,2.9312925338745117,1115000
2019-11-25,3.1600000858306885,3.1700000762939453,3.0799999237060547,3.140000104904175,2.9219868183135986,1358000
2019-11-26,3.200000047683716,3.25,3.180000066757202,3.240000009536743,3.0150437355041504,1398000
2019-11-27,3.2799999713897705,3.2799999713897705,3.0799999237060547,3.180000066757202,2.959209442138672,909000
2019-11-28,3.240000009536743,3.240000009536743,3.109999895095825,3.1700000762939453,2.949903964996338,482000
2019-11-29,3.180000066757202,3.180000066757202,3.0799999237060547,3.0999999046325684,2.884763717651367,27819000
2019-12-02,3.1500000953674316,3.1500000953674316,3.059999942779541,3.109999895095825,2.8940696716308594,487000
2019-12-03,3.130000114440918,3.140000104904175,3.059999942779541,3.069999933242798,2.856846809387207,470000
2019-12-04,3.0999999046325684,3.0999999046325684,3.0199999809265137,3.069999933242798,2.856846809387207,2480000
2019-12-05,3.0899999141693115,3.0999999046325684,3.0,3.0,2.7917070388793945,523000
2019-12-06,3.069999933242798,3.0999999046325684,3.0399999618530273,3.0399999618530273,2.828929901123047,238000
2019-12-09,3.130000114440918,3.130000114440918,3.0299999713897705,3.0399999618530273,2.828929901123047,492000
2019-12-10,3.0999999046325684,3.0999999046325684,3.069999933242798,3.0899999141693115,2.875458240509033,3308000
2019-12-11,3.0999999046325684,3.0999999046325684,3.069999933242798,3.0799999237060547,2.86615252494812,130000
2019-12-12,3.1600000858306885,3.1600000858306885,3.0899999141693115,3.119999885559082,2.9033751487731934,31322000
2019-12-13,3.319999933242798,3.319999933242798,3.140000104904175,3.1700000762939453,2.949903964996338,12957000
2019-12-16,3.309999942779541,3.309999942779541,3.1700000762939453,3.180000066757202,2.959209442138672,166000
2019-12-17,3.2899999618530273,3.2899999618530273,3.140000104904175,3.200000047683716,2.977820873260498,147000
2019-12-18,3.059999942779541,3.319999933242798,3.059999942779541,3.319999933242798,3.089489221572876,399000
2019-12-19,3.3499999046325684,3.3499999046325684,3.200000047683716,3.259999990463257,3.0336549282073975,249000
2019-12-20,3.299999952316284,3.299999952316284,3.180000066757202,3.25,3.0243494510650635,302000
2019-12-23,3.200000047683716,3.3399999141693115,3.200000047683716,3.2899999618530273,3.0615718364715576,1514000
2019-12-24,3.3299999237060547,3.3299999237060547,3.25,3.2699999809265137,3.0429608821868896,77000
2019-12-27,3.25,3.2699999809265137,3.130000114440918,3.190000057220459,2.968515396118164,401604
2019-12-30,3.190000057220459,3.2899999618530273,3.130000114440918,3.130000114440918,2.9126811027526855,43000
2019-12-31,3.190000057220459,3.2899999618530273,3.130000114440918,3.180000066757202,2.959209442138672,600000
2020-01-02,3.25,3.25,3.200000047683716,3.2100000381469727,2.987126588821411,157000
2020-01-03,3.2300000190734863,3.319999933242798,3.0899999141693115,3.200000047683716,2.977820873260498,127000
2020-01-06,3.2100000381469727,3.2100000381469727,3.119999885559082,3.130000114440918,2.9126811027526855,54000
2020-01-07,3.25,3.25,3.0899999141693115,3.140000104904175,2.9219868183135986,81000
2020-01-08,3.1600000858306885,3.2300000190734863,3.0899999141693115,3.130000114440918,2.9126811027526855,91000
2020-01-09,3.130000114440918,3.130000114440918,3.069999933242798,3.0999999046325684,2.884763717651367,486000
2020-01-10,3.130000114440918,3.130000114440918,3.069999933242798,3.119999885559082,2.9033751487731934,10342000
2020-01-13,3.2899999618530273,3.2899999618530273,3.0799999237060547,3.0999999046325684,2.884763717651367,429000
2020-01-14,3.0799999237060547,3.140000104904175,3.069999933242798,3.0999999046325684,2.884763717651367,20283
2020-01-15,3.069999933242798,3.0799999237060547,3.059999942779541,3.0799999237060547,2.86615252494812,39000
2020-01-16,3.0799999237060547,3.180000066757202,3.069999933242798,3.0999999046325684,2.884763717651367,104000
2020-01-17,3.130000114440918,3.140000104904175,3.0999999046325684,3.119999885559082,2.9033751487731934,342000
2020-01-20,3.119999885559082,3.119999885559082,3.069999933242798,3.119999885559082,2.9033751487731934,2072000
2020-01-21,3.0799999237060547,3.119999885559082,3.059999942779541,3.059999942779541,2.847541332244873,15000
2020-01-22,3.059999942779541,3.109999895095825,3.049999952316284,3.0999999046325684,2.884763717651367,22000
2020-01-23,3.119999885559082,3.119999885559082,3.0299999713897705,3.049999952316284,2.838235378265381,31000
2020-01-24,3.0999999046325684,3.0999999046325684,3.0799999237060547,3.0899999141693115,2.875458240509033,9000
2020-01-29,3.0299999713897705,3.059999942779541,3.0299999713897705,3.059999942779541,2.847541332244873,23000
2020-01-30,3.069999933242798,3.069999933242798,2.9100000858306885,2.9100000858306885,2.707955837249756,42000
2020-01-31,2.9200000762939453,3.049999952316284,2.8399999141693115,3.009999990463257,2.8010127544403076,89000
2020-02-03,2.8499999046325684,3.0299999713897705,2.8499999046325684,3.0299999713897705,2.819624185562134,57862
2020-02-04,3.0399999618530273,3.130000114440918,3.0299999713897705,3.069999933242798,2.856846809387207,37000
2020-02-05,3.130000114440918,3.130000114440918,3.009999990463257,3.130000114440918,2.9126811027526855,710000
2020-02-06,3.1600000858306885,3.259999990463257,3.0999999046325684,3.1600000858306885,2.9405980110168457,682000
2020-02-07,3.0999999046325684,3.130000114440918,3.009999990463257,3.0999999046325684,2.884763717651367,683662
2020-02-10,3.0899999141693115,3.109999895095825,3.069999933242798,3.109999895095825,2.8940696716308594,389000
2020-02-11,3.0999999046325684,3.119999885559082,3.0999999046325684,3.119999885559082,2.9033751487731934,22000
2020-02-12,3.0799999237060547,3.130000114440918,3.0799999237060547,3.130000114440918,2.9126811027526855,707000
2020-02-13,3.1600000858306885,3.1600000858306885,3.0999999046325684,3.1500000953674316,2.9312925338745117,568000
2020-02-14,3.1600000858306885,3.1600000858306885,3.0199999809265137,3.0199999809265137,2.8103184700012207,563000
2020-02-17,3.0999999046325684,3.1500000953674316,3.0999999046325684,3.130000114440918,2.9126811027526855,540000
2020-02-18,3.109999895095825,3.130000114440918,3.0899999141693115,3.119999885559082,2.9033751487731934,573000
2020-02-19,3.0999999046325684,3.240000009536743,3.0999999046325684,3.130000114440918,2.9126811027526855,914000
2020-02-20,3.2699999809265137,3.2699999809265137,3.119999885559082,3.140000104904175,2.9219868183135986,1049000
2020-02-21,3.140000104904175,3.1700000762939453,3.049999952316284,3.119999885559082,2.9033751487731934,1209000
2020-02-24,3.0999999046325684,3.1700000762939453,3.059999942779541,3.059999942779541,2.847541332244873,658000
2020-02-25,3.0799999237060547,3.130000114440918,3.069999933242798,3.0799999237060547,2.86615252494812,574000
2020-02-26,3.0899999141693115,3.119999885559082,3.069999933242798,3.119999885559082,2.9033751487731934,778000
2020-02-27,3.119999885559082,3.200000047683716,3.119999885559082,3.119999885559082,2.9033751487731934,614000
2020-02-28,3.2699999809265137,3.2699999809265137,3.0999999046325684,3.1600000858306885,2.9405980110168457,762000
2020-03-02,3.109999895095825,3.130000114440918,3.059999942779541,3.059999942779541,2.847541332244873,699000
2020-03-03,3.119999885559082,3.119999885559082,3.049999952316284,3.069999933242798,2.856846809387207,628000
2020-03-04,3.0899999141693115,3.0899999141693115,3.0299999713897705,3.069999933242798,2.856846809387207,598000
2020-03-05,3.0899999141693115,3.0899999141693115,3.049999952316284,3.0799999237060547,2.86615252494812,18829000
2020-03-06,3.0899999141693115,3.0899999141693115,3.049999952316284,3.0799999237060547,2.86615252494812,678000
2020-03-09,3.069999933242798,3.0799999237060547,3.0299999713897705,3.049999952316284,2.838235378265381,661000
2020-03-10,3.0399999618530273,3.059999942779541,3.0199999809265137,3.0299999713897705,2.819624185562134,418000
2020-03-11,3.069999933242798,3.119999885559082,3.009999990463257,3.0899999141693115,2.875458240509033,606000
2020-03-12,3.140000104904175,3.190000057220459,3.0299999713897705,3.190000057220459,2.968515396118164,1171000
2020-03-13,3.119999885559082,3.119999885559082,3.009999990463257,3.059999942779541,2.847541332244873,13139000
2020-03-16,3.0399999618530273,3.0799999237060547,2.990000009536743,3.009999990463257,2.8010127544403076,40635000
2020-03-17,3.009999990463257,3.009999990463257,2.950000047683716,2.9700000286102295,2.7637898921966553,174000
2020-03-18,3.009999990463257,3.0199999809265137,2.950000047683716,2.9800000190734863,2.7730958461761475,197000
2020-03-19,3.049999952316284,3.049999952316284,2.9200000762939453,2.950000047683716,2.745178461074829,288000
2020-03-20,3.0299999713897705,3.0299999713897705,2.9000000953674316,2.950000047683716,2.745178461074829,853000
2020-03-23,3.0299999713897705,3.0299999713897705,2.809999942779541,2.9700000286102295,2.7637898921966553,1138000
2020-03-24,3.0399999618530273,3.0399999618530273,2.8499999046325684,3.0299999713897705,2.819624185562134,2677000
2020-03-25,3.0399999618530273,3.049999952316284,2.880000114440918,2.9200000762939453,2.717261552810669,938000
2020-03-26,2.990000009536743,2.990000009536743,2.809999942779541,2.9200000762939453,2.717261552810669,2560000
2020-03-27,2.9100000858306885,3.0,2.9100000858306885,2.9600000381469727,2.7544844150543213,764000
2020-03-30,2.990000009536743,3.0299999713897705,2.950000047683716,3.0299999713897705,2.819624185562134,600000
2020-03-31,3.0299999713897705,3.0999999046325684,3.0299999713897705,3.0999999046325684,2.884763717651367,790000
2020-04-01,3.109999895095825,3.1700000762939453,3.0999999046325684,3.130000114440918,2.9126811027526855,693000
2020-04-02,3.130000114440918,3.1600000858306885,3.0399999618530273,3.0799999237060547,2.86615252494812,585000
2020-04-03,3.0899999141693115,3.109999895095825,3.049999952316284,3.0899999141693115,2.875458240509033,588000
2020-04-06,3.0899999141693115,3.119999885559082,3.069999933242798,3.0999999046325684,2.884763717651367,776000
2020-04-07,3.109999895095825,3.119999885559082,3.049999952316284,3.0899999141693115,2.875458240509033,666000
2020-04-08,3.119999885559082,3.119999885559082,3.049999952316284,3.109999895095825,2.8940696716308594,578000
2020-04-09,3.109999895095825,3.109999895095825,3.049999952316284,3.0999999046325684,2.884763717651367,681000
2020-04-14,3.0999999046325684,3.140000104904175,3.0899999141693115,3.119999885559082,2.9033751487731934,668000
2020-04-15,3.109999895095825,3.109999895095825,3.069999933242798,3.069999933242798,2.856846809387207,552000
2020-04-16,3.0299999713897705,3.049999952316284,2.990000009536743,3.0299999713897705,2.819624185562134,606000
2020-04-17,3.069999933242798,3.119999885559082,3.0299999713897705,3.0799999237060547,2.86615252494812,625000
2020-04-20,3.0899999141693115,3.109999895095825,3.049999952316284,3.109999895095825,2.8940696716308594,622000
2020-04-21,3.0899999141693115,3.0999999046325684,3.0799999237060547,3.0899999141693115,2.875458240509033,542000
2020-04-22,3.119999885559082,3.119999885559082,3.069999933242798,3.0999999046325684,2.884763717651367,548000
2020-04-23,3.0899999141693115,3.0999999046325684,3.0799999237060547,3.0899999141693115,2.875458240509033,584000
2020-04-24,3.0899999141693115,3.0999999046325684,3.0799999237060547,3.0899999141693115,2.875458240509033,531000
2020-04-27,3.0899999141693115,3.0999999046325684,3.049999952316284,3.049999952316284,2.838235378265381,888000
2020-04-28,3.0899999141693115,3.0999999046325684,3.069999933242798,3.0799999237060547,2.86615252494812,561000
2020-04-29,3.0999999046325684,3.130000114440918,3.0799999237060547,3.130000114440918,2.9126811027526855,872000
2020-05-04,3.049999952316284,3.119999885559082,2.950000047683716,3.0799999237060547,2.86615252494812,897000
2020-05-05,3.069999933242798,3.069999933242798,2.9100000858306885,2.930000066757202,2.726567268371582,965000
2020-05-06,2.9700000286102295,3.009999990463257,2.950000047683716,2.9700000286102295,2.7637898921966553,638000
2020-05-07,3.0,3.0,2.9100000858306885,2.9100000858306885,2.707955837249756,587000
2020-05-08,2.9600000381469727,2.9700000286102295,2.9100000858306885,2.9200000762939453,2.717261552810669,666000
2020-05-11,2.9600000381469727,3.059999942779541,2.8399999141693115,3.059999942779541,2.847541332244873,57585000
2020-05-12,3.0399999618530273,3.0399999618530273,2.9700000286102295,3.0,2.7917070388793945,722000
2020-05-13,3.0199999809265137,3.0799999237060547,3.0,3.049999952316284,2.838235378265381,749000
2020-05-14,3.0799999237060547,3.0799999237060547,2.950000047683716,2.9800000190734863,2.7730958461761475,649000
2020-05-15,2.9800000190734863,3.0799999237060547,2.940000057220459,3.069999933242798,2.856846809387207,924000
2020-05-18,3.069999933242798,3.069999933242798,3.0,3.069999933242798,2.856846809387207,738000
2020-05-19,3.0899999141693115,3.0899999141693115,3.0,3.0,2.7917070388793945,771000
2020-05-20,3.0199999809265137,3.0199999809265137,2.9800000190734863,3.009999990463257,2.8010127544403076,7630000
2020-05-21,2.990000009536743,3.049999952316284,2.9800000190734863,3.0,2.7917070388793945,1009000
2020-05-22,3.009999990463257,3.009999990463257,2.869999885559082,2.940000057220459,2.735872983932495,828000
2020-05-25,2.9800000190734863,2.9800000190734863,2.869999885559082,2.950000047683716,2.745178461074829,749000
2020-05-26,2.9600000381469727,2.9600000381469727,2.9100000858306885,2.950000047683716,2.745178461074829,815000
2020-05-27,2.9800000190734863,2.9800000190734863,2.9000000953674316,2.940000057220459,2.735872983932495,855000
2020-05-28,2.9700000286102295,2.9700000286102295,2.9000000953674316,2.930000066757202,2.726567268371582,1871000
2020-05-29,2.950000047683716,3.009999990463257,2.9200000762939453,3.009999990463257,2.8010127544403076,1534000
2020-06-01,2.990000009536743,3.0,2.9200000762939453,2.9200000762939453,2.717261552810669,725000
2020-06-02,2.9800000190734863,2.990000009536743,2.890000104904175,2.9000000953674316,2.698650360107422,923000
2020-06-03,2.9200000762939453,2.9700000286102295,2.890000104904175,2.9700000286102295,2.7637898921966553,1131000
2020-06-04,2.9700000286102295,2.9700000286102295,2.859999895095825,2.890000104904175,2.689344644546509,1087000
2020-06-05,2.9200000762939453,2.940000057220459,2.9000000953674316,2.9200000762939453,2.717261552810669,961933
2020-06-08,2.930000066757202,2.9800000190734863,2.880000114440918,2.940000057220459,2.819890260696411,921000
2020-06-09,2.990000009536743,2.990000009536743,2.9000000953674316,2.940000057220459,2.819890260696411,797000
2020-06-10,2.9800000190734863,2.9800000190734863,2.890000104904175,2.9000000953674316,2.781524419784546,706717
2020-06-11,2.950000047683716,2.9800000190734863,2.890000104904175,2.9100000858306885,2.7911157608032227,595000
2020-06-12,2.930000066757202,2.940000057220459,2.890000104904175,2.940000057220459,2.819890260696411,720000
2020-06-15,2.940000057220459,2.9700000286102295,2.9200000762939453,2.950000047683716,2.829481601715088,691000
2020-06-16,2.9200000762939453,2.9800000190734863,2.9200000762939453,2.9800000190734863,2.8582561016082764,814000
2020-06-17,2.9700000286102295,3.0299999713897705,2.9600000381469727,3.009999990463257,2.8870303630828857,935000
2020-06-18,3.009999990463257,3.009999990463257,2.990000009536743,3.0,2.877439022064209,653000
2020-06-19,2.950000047683716,3.0,2.9200000762939453,3.0,2.877439022064209,945000
2020-06-22,3.0,3.0299999713897705,2.9800000190734863,3.009999990463257,2.8870303630828857,14259000
2020-06-23,3.009999990463257,3.0899999141693115,3.009999990463257,3.059999942779541,2.934987783432007,1601000
2020-06-24,3.059999942779541,3.069999933242798,3.049999952316284,3.069999933242798,2.9445791244506836,578000
2020-06-26,3.059999942779541,3.0999999046325684,3.059999942779541,3.0899999141693115,2.963762044906616,1123000
2020-06-29,3.0899999141693115,3.259999990463257,3.049999952316284,3.140000104904175,3.0117194652557373,3214000
2020-06-30,3.1500000953674316,3.1600000858306885,3.109999895095825,3.1500000953674316,3.021311044692993,1596000
2020-07-02,3.140000104904175,3.259999990463257,3.140000104904175,3.200000047683716,3.069268226623535,3212000
2020-07-03,3.240000009536743,3.2699999809265137,3.190000057220459,3.2699999809265137,3.136408567428589,2363000
2020-07-06,3.259999990463257,3.259999990463257,3.200000047683716,3.25,3.1172256469726562,1376000
2020-07-07,3.259999990463257,3.2699999809265137,3.180000066757202,3.180000066757202,3.0500853061676025,1372000
2020-07-08,3.240000009536743,3.240000009536743,3.0899999141693115,3.140000104904175,3.0117194652557373,2042000
2020-07-09,3.200000047683716,3.2100000381469727,3.130000114440918,3.2100000381469727,3.078859806060791,2811505
2020-07-10,3.240000009536743,3.240000009536743,3.0999999046325684,3.0999999046325684,2.973353385925293,2198000
2020-07-13,3.190000057220459,3.190000057220459,3.049999952316284,3.069999933242798,2.9445791244506836,718000
2020-07-14,3.0999999046325684,3.0999999046325684,2.9700000286102295,2.9700000286102295,2.8486645221710205,2055000
2020-07-15,3.0799999237060547,3.0799999237060547,2.930000066757202,3.059999942779541,2.934987783432007,594000
2020-07-16,3.049999952316284,3.049999952316284,2.859999895095825,2.930000066757202,2.8102986812591553,2306000
2020-07-17,2.940000057220459,2.950000047683716,2.890000104904175,2.9000000953674316,2.781524419784546,547000
2020-07-20,2.930000066757202,3.009999990463257,2.930000066757202,2.990000009536743,2.867847442626953,611000
2020-07-21,3.009999990463257,3.0199999809265137,2.9800000190734863,2.990000009536743,2.867847442626953,589000
2020-07-22,3.0,3.0,2.940000057220459,2.940000057220459,2.819890260696411,553000
2020-07-23,3.009999990463257,3.009999990463257,2.9100000858306885,2.9100000858306885,2.7911157608032227,635000
2020-07-24,2.9800000190734863,2.9800000190734863,2.9100000858306885,2.9200000762939453,2.8007073402404785,624000
2020-07-27,2.950000047683716,2.950000047683716,2.9000000953674316,2.9100000858306885,2.7911157608032227,632000
2020-07-28,2.940000057220459,2.940000057220459,2.9000000953674316,2.9200000762939453,2.8007073402404785,703000
2020-07-29,2.930000066757202,2.940000057220459,2.9000000953674316,2.940000057220459,2.819890260696411,693000
2020-07-30,2.9800000190734863,2.9800000190734863,2.9100000858306885,2.940000057220459,2.819890260696411,732000
2020-07-31,2.9700000286102295,2.9700000286102295,2.890000104904175,2.9100000858306885,2.7911157608032227,20023000
2020-08-03,2.930000066757202,3.0299999713897705,2.930000066757202,3.0,2.877439022064209,520000
2020-08-04,3.0299999713897705,3.0399999618530273,2.9700000286102295,3.0299999713897705,2.9062132835388184,694000
2020-08-05,3.0399999618530273,3.0399999618530273,2.9100000858306885,2.940000057220459,2.819890260696411,574000
2020-08-06,2.990000009536743,2.990000009536743,2.9000000953674316,2.940000057220459,2.819890260696411,680000
2020-08-07,2.950000047683716,2.9700000286102295,2.930000066757202,2.9700000286102295,2.8486645221710205,632000
2020-08-10,2.9700000286102295,2.9800000190734863,2.950000047683716,2.950000047683716,2.829481601715088,546000
2020-08-11,3.0199999809265137,3.0299999713897705,2.9800000190734863,3.0199999809265137,2.8966219425201416,573000
2020-08-12,3.0299999713897705,3.0999999046325684,3.0199999809265137,3.0999999046325684,2.973353385925293,689941
2020-08-13,3.0899999141693115,3.1500000953674316,3.069999933242798,3.0799999237060547,2.9541707038879395,696000
2020-08-14,3.119999885559082,3.119999885559082,3.069999933242798,3.0899999141693115,2.963762044906616,1841000
2020-08-17,3.0899999141693115,3.0999999046325684,3.049999952316284,3.0799999237060547,2.9541707038879395,622000
2020-08-18,3.0899999141693115,3.0999999046325684,3.059999942779541,3.0999999046325684,2.973353385925293,718000
2020-08-19,3.130000114440918,3.130000114440918,3.069999933242798,3.0899999141693115,2.963762044906616,584000
2020-08-20,3.0899999141693115,3.0999999046325684,3.0399999618530273,3.059999942779541,2.934987783432007,662000
2020-08-21,3.0899999141693115,3.190000057220459,3.0899999141693115,3.119999885559082,2.9925363063812256,995000
2020-08-24,3.180000066757202,3.180000066757202,3.0299999713897705,3.069999933242798,2.9445791244506836,634000
2020-08-25,3.0899999141693115,3.0899999141693115,2.990000009536743,2.990000009536743,2.867847442626953,431000
2020-08-26,3.0399999618530273,3.059999942779541,2.9600000381469727,3.059999942779541,2.934987783432007,821000
2020-08-27,3.0399999618530273,3.049999952316284,3.0299999713897705,3.0399999618530273,2.915804862976074,8833000
2020-08-28,3.049999952316284,3.049999952316284,3.0199999809265137,3.0399999618530273,2.915804862976074,554000
2020-08-31,3.059999942779541,3.059999942779541,3.009999990463257,3.0199999809265137,2.8966219425201416,575000
2020-09-01,3.0299999713897705,3.0299999713897705,2.9600000381469727,2.990000009536743,2.867847442626953,629000
2020-09-02,3.0199999809265137,3.0199999809265137,2.9100000858306885,2.9800000190734863,2.8582561016082764,616000
2020-09-03,3.0,3.0199999809265137,2.9600000381469727,2.9700000286102295,2.8486645221710205,567000
2020-09-04,2.9700000286102295,2.990000009536743,2.890000104904175,2.940000057220459,2.819890260696411,695000
2020-09-07,2.990000009536743,2.990000009536743,2.9100000858306885,2.940000057220459,2.819890260696411,606000
2020-09-08,2.9100000858306885,2.9600000381469727,2.9000000953674316,2.950000047683716,2.829481601715088,642000
2020-09-09,2.940000057220459,2.9600000381469727,2.890000104904175,2.9000000953674316,2.781524419784546,659000
2020-09-10,2.940000057220459,2.990000009536743,2.9100000858306885,2.950000047683716,2.829481601715088,532000
2020-09-11,3.059999942779541,3.059999942779541,2.9000000953674316,2.9200000762939453,2.8007073402404785,685000
2020-09-14,2.9200000762939453,2.930000066757202,2.890000104904175,2.9200000762939453,2.8007073402404785,675000
2020-09-15,2.930000066757202,2.930000066757202,2.890000104904175,2.930000066757202,2.8102986812591553,609000
2020-09-16,2.930000066757202,2.940000057220459,2.9000000953674316,2.9000000953674316,2.781524419784546,634000
2020-09-17,2.9100000858306885,2.940000057220459,2.890000104904175,2.940000057220459,2.819890260696411,761000
2020-09-18,2.9100000858306885,2.940000057220459,2.890000104904175,2.930000066757202,2.8102986812591553,941000
2020-09-21,2.940000057220459,2.940000057220459,2.869999885559082,2.9100000858306885,2.7911157608032227,802000
2020-09-22,2.9100000858306885,2.9200000762939453,2.859999895095825,2.9000000953674316,2.781524419784546,807000
2020-09-23,2.880000114440918,2.9200000762939453,2.869999885559082,2.9000000953674316,2.781524419784546,867000
2020-09-24,2.869999885559082,2.9100000858306885,2.869999885559082,2.9100000858306885,2.7911157608032227,791000
2020-09-25,2.890000104904175,2.9200000762939453,2.8499999046325684,2.9000000953674316,2.781524419784546,1074000
2020-09-28,2.9200000762939453,2.9200000762939453,2.880000114440918,2.9200000762939453,2.8007073402404785,625000
2020-09-29,2.9100000858306885,2.950000047683716,2.859999895095825,2.9000000953674316,2.781524419784546,720000
2020-09-30,2.9100000858306885,2.9200000762939453,2.880000114440918,2.9100000858306885,2.7911157608032227,662000
2020-10-05,2.9200000762939453,2.930000066757202,2.859999895095825,2.9200000762939453,2.8007073402404785,855000
2020-10-06,2.930000066757202,2.930000066757202,2.859999895095825,2.880000114440918,2.7623414993286133,1208000
2020-10-07,2.9000000953674316,2.9200000762939453,2.869999885559082,2.9200000762939453,2.8007073402404785,702000
2020-10-08,2.9100000858306885,2.930000066757202,2.890000104904175,2.9000000953674316,2.781524419784546,653000
2020-10-09,2.9200000762939453,2.9700000286102295,2.9000000953674316,2.950000047683716,2.829481601715088,740000
2020-10-12,2.9700000286102295,3.0799999237060547,2.9700000286102295,3.0799999237060547,2.9541707038879395,51922000
2020-10-14,3.0799999237060547,3.0999999046325684,3.0199999809265137,3.0999999046325684,2.973353385925293,1880000
2020-10-15,3.0899999141693115,3.119999885559082,3.069999933242798,3.119999885559082,2.9925363063812256,1362000
2020-10-16,3.119999885559082,3.2899999618530273,3.119999885559082,3.2699999809265137,3.136408567428589,3105000
2020-10-19,3.2799999713897705,3.359999895095825,3.240000009536743,3.240000009536743,3.1076340675354004,1318000
2020-10-20,3.25,3.299999952316284,3.240000009536743,3.259999990463257,3.126816987991333,1470000
2020-10-21,3.25,3.25,3.190000057220459,3.190000057220459,3.0596768856048584,1232000
2020-10-22,3.2200000286102295,3.440000057220459,3.180000066757202,3.380000114440918,3.241914749145508,5452000
2020-10-23,3.380000114440918,3.440000057220459,3.299999952316284,3.299999952316284,3.1651828289031982,856000
2020-10-27,3.25,3.2699999809265137,3.1700000762939453,3.2100000381469727,3.078859806060791,1044000
2020-10-28,3.2100000381469727,3.2100000381469727,3.069999933242798,3.109999895095825,2.982944965362549,803000
2020-10-29,3.0999999046325684,3.119999885559082,2.990000009536743,3.0199999809265137,2.8966219425201416,761000
2020-10-30,3.0299999713897705,3.2100000381469727,3.0199999809265137,3.059999942779541,2.934987783432007,704000
2020-11-02,3.059999942779541,3.0899999141693115,2.9800000190734863,3.0,2.877439022064209,697000
2020-11-03,3.059999942779541,3.0899999141693115,3.0,3.0,2.877439022064209,15237000
2020-11-04,3.0799999237060547,3.109999895095825,3.0,3.0799999237060547,2.9541707038879395,601000
2020-11-05,3.0799999237060547,3.0899999141693115,3.0,3.0,2.877439022064209,721000
2020-11-06,3.0,3.049999952316284,2.9700000286102295,3.0399999618530273,2.915804862976074,681000
2020-11-09,3.0399999618530273,3.049999952316284,2.940000057220459,2.940000057220459,2.819890260696411,713000
2020-11-10,2.940000057220459,2.990000009536743,2.859999895095825,2.9200000762939453,2.8007073402404785,944000
2020-11-11,2.930000066757202,2.930000066757202,2.869999885559082,2.9000000953674316,2.781524419784546,873000
2020-11-12,2.9100000858306885,2.9200000762939453,2.859999895095825,2.9100000858306885,2.7911157608032227,782000
2020-11-13,2.9100000858306885,2.9100000858306885,2.8499999046325684,2.890000104904175,2.771933078765869,915000
2020-11-16,2.890000104904175,2.940000057220459,2.880000114440918,2.9200000762939453,2.8007073402404785,616000
2020-11-17,2.940000057220459,2.940000057220459,2.9000000953674316,2.9000000953674316,2.781524419784546,700000
2020-11-18,2.930000066757202,2.930000066757202,2.890000104904175,2.9000000953674316,2.781524419784546,594000
2020-11-19,2.930000066757202,2.930000066757202,2.869999885559082,2.9000000953674316,2.781524419784546,623000
2020-11-20,2.930000066757202,2.930000066757202,2.869999885559082,2.9000000953674316,2.781524419784546,723000
2020-11-23,2.880000114440918,2.9800000190734863,2.869999885559082,2.940000057220459,2.819890260696411,695000
2020-11-24,2.9700000286102295,3.0999999046325684,2.940000057220459,3.0999999046325684,2.973353385925293,784000
2020-11-25,3.0,3.0299999713897705,2.930000066757202,2.930000066757202,2.8102986812591553,914000
2020-11-26,2.930000066757202,2.950000047683716,2.880000114440918,2.9000000953674316,2.781524419784546,578000
2020-11-27,2.940000057220459,2.9600000381469727,2.890000104904175,2.9200000762939453,2.8007073402404785,652000
2020-11-30,2.950000047683716,2.9800000190734863,2.9000000953674316,2.9600000381469727,2.8390731811523438,1626000
2020-12-01,2.950000047683716,2.950000047683716,2.930000066757202,2.950000047683716,2.829481601715088,604000
2020-12-02,2.9600000381469727,2.9700000286102295,2.9000000953674316,2.9700000286102295,2.8486645221710205,10436000
2020-12-03,2.950000047683716,2.9600000381469727,2.880000114440918,2.880000114440918,2.7623414993286133,766000
2020-12-04,2.9000000953674316,2.9200000762939453,2.859999895095825,2.890000104904175,2.771933078765869,770000
2020-12-07,2.890000104904175,2.9100000858306885,2.8399999141693115,2.9100000858306885,2.7911157608032227,618000
2020-12-08,2.930000066757202,2.930000066757202,2.859999895095825,2.890000104904175,2.771933078765869,742000
2020-12-09,2.9000000953674316,2.9000000953674316,2.869999885559082,2.890000104904175,2.771933078765869,878000
2020-12-10,2.9200000762939453,2.940000057220459,2.869999885559082,2.940000057220459,2.819890260696411,748000
2020-12-11,2.9600000381469727,2.9600000381469727,2.890000104904175,2.9000000953674316,2.781524419784546,665000
2020-12-14,2.9200000762939453,2.9200000762939453,2.869999885559082,2.890000104904175,2.771933078765869,655000
2020-12-15,2.9100000858306885,2.9100000858306885,2.880000114440918,2.890000104904175,2.771933078765869,630000
2020-12-16,2.9100000858306885,2.930000066757202,2.890000104904175,2.930000066757202,2.8102986812591553,780000
2020-12-17,2.930000066757202,2.950000047683716,2.880000114440918,2.9100000858306885,2.7911157608032227,956000
2020-12-18,2.930000066757202,2.930000066757202,2.890000104904175,2.9000000953674316,2.781524419784546,953000
2020-12-21,2.9200000762939453,2.950000047683716,2.9000000953674316,2.940000057220459,2.819890260696411,1170000
2020-12-22,2.9600000381469727,2.9600000381469727,2.9100000858306885,2.9200000762939453,2.8007073402404785,761000
2020-12-23,2.9200000762939453,2.9600000381469727,2.9100000858306885,2.930000066757202,2.8102986812591553,838000
2020-12-24,2.930000066757202,2.930000066757202,2.930000066757202,2.930000066757202,2.8102986812591553,0
2020-12-28,2.940000057220459,2.950000047683716,2.9000000953674316,2.930000066757202,2.8102986812591553,754000
2020-12-29,2.9100000858306885,2.940000057220459,2.869999885559082,2.930000066757202,2.8102986812591553,775000
2020-12-30,2.930000066757202,2.950000047683716,2.9200000762939453,2.930000066757202,2.8102986812591553,768000
2020-12-31,2.9600000381469727,2.9600000381469727,2.9600000381469727,2.9600000381469727,2.8390731811523438,0
2021-01-04,2.930000066757202,2.990000009536743,2.9100000858306885,2.990000009536743,2.867847442626953,1005000
2021-01-05,3.0999999046325684,3.0999999046325684,2.9100000858306885,2.9600000381469727,2.8390731811523438,893000
2021-01-06,2.9700000286102295,2.990000009536743,2.930000066757202,2.9700000286102295,2.8486645221710205,697000
2021-01-07,2.9700000286102295,2.9700000286102295,2.930000066757202,2.940000057220459,2.819890260696411,696000
2021-01-08,2.940000057220459,2.9700000286102295,2.890000104904175,2.9700000286102295,2.8486645221710205,687000
2021-01-11,2.9800000190734863,2.990000009536743,2.930000066757202,2.9700000286102295,2.8486645221710205,1955000
2021-01-12,2.930000066757202,3.0,2.9100000858306885,2.930000066757202,2.8102986812591553,11319000
2021-01-13,2.940000057220459,2.950000047683716,2.9200000762939453,2.930000066757202,2.8102986812591553,902000
2021-01-14,2.940000057220459,2.9600000381469727,2.9100000858306885,2.950000047683716,2.829481601715088,837000
2021-01-15,2.930000066757202,2.9700000286102295,2.930000066757202,2.9700000286102295,2.8486645221710205,692000
2021-01-18,3.0,3.0,2.930000066757202,2.9600000381469727,2.8390731811523438,836000
2021-01-19,2.930000066757202,2.9700000286102295,2.930000066757202,2.9700000286102295,2.8486645221710205,763000
2021-01-20,2.9800000190734863,3.0,2.950000047683716,2.9800000190734863,2.8582561016082764,1436000
2021-01-21,2.9700000286102295,2.9800000190734863,2.940000057220459,2.9700000286102295,2.8486645221710205,1092000
2021-01-22,2.9800000190734863,2.9800000190734863,2.9200000762939453,2.930000066757202,2.8102986812591553,783000
2021-01-25,2.9600000381469727,2.9700000286102295,2.9100000858306885,2.9700000286102295,2.8486645221710205,1920000
2021-01-26,2.9600000381469727,2.9700000286102295,2.940000057220459,2.9700000286102295,2.8486645221710205,946000
2021-01-27,2.950000047683716,2.9700000286102295,2.930000066757202,2.950000047683716,2.829481601715088,608000
2021-01-28,2.950000047683716,2.950000047683716,2.9200000762939453,2.950000047683716,2.829481601715088,922000
2021-01-29,2.940000057220459,2.950000047683716,2.9200000762939453,2.950000047683716,2.829481601715088,567000
2021-02-01,2.9200000762939453,2.950000047683716,2.9000000953674316,2.940000057220459,2.819890260696411,674000
2021-02-02,2.9200000762939453,2.950000047683716,2.9200000762939453,2.950000047683716,2.829481601715088,520000
2021-02-03,2.950000047683716,2.950000047683716,2.930000066757202,2.950000047683716,2.829481601715088,581000
2021-02-04,2.940000057220459,2.9700000286102295,2.930000066757202,2.950000047683716,2.829481601715088,610000
2021-02-05,2.940000057220459,2.9800000190734863,2.930000066757202,2.950000047683716,2.829481601715088,486000
2021-02-08,2.9600000381469727,2.9600000381469727,2.9100000858306885,2.940000057220459,2.819890260696411,725000
2021-02-09,2.930000066757202,2.9800000190734863,2.9200000762939453,2.9700000286102295,2.8486645221710205,649000
2021-02-10,2.950000047683716,2.9800000190734863,2.940000057220459,2.940000057220459,2.819890260696411,508000
2021-02-11,2.940000057220459,2.940000057220459,2.940000057220459,2.940000057220459,2.819890260696411,0
2021-02-16,2.9800000190734863,2.990000009536743,2.940000057220459,2.9800000190734863,2.8582561016082764,613000
2021-02-17,2.9700000286102295,2.9800000190734863,2.9200000762939453,2.9700000286102295,2.8486645221710205,631000
2021-02-18,2.9600000381469727,2.9700000286102295,2.9200000762939453,2.940000057220459,2.819890260696411,594000
2021-02-19,2.940000057220459,2.9600000381469727,2.930000066757202,2.940000057220459,2.819890260696411,573000
2021-02-22,2.940000057220459,2.9600000381469727,2.930000066757202,2.9600000381469727,2.8390731811523438,568000
2021-02-23,2.940000057220459,2.9800000190734863,2.9200000762939453,2.950000047683716,2.829481601715088,726000
2021-02-24,2.940000057220459,2.990000009536743,2.930000066757202,2.990000009536743,2.867847442626953,654000
2021-02-25,2.9600000381469727,3.0299999713897705,2.9600000381469727,3.0299999713897705,2.9062132835388184,800000
2021-02-26,3.009999990463257,3.009999990463257,2.9200000762939453,2.9600000381469727,2.8390731811523438,607000
2021-03-01,2.940000057220459,2.9700000286102295,2.930000066757202,2.950000047683716,2.829481601715088,601000
2021-03-02,2.950000047683716,2.9600000381469727,2.9100000858306885,2.9600000381469727,2.8390731811523438,606000
2021-03-03,2.9600000381469727,3.0,2.9600000381469727,3.0,2.877439022064209,519000
2021-03-04,2.990000009536743,3.0199999809265137,2.9600000381469727,3.0,2.877439022064209,528000
2021-03-05,2.9700000286102295,3.049999952316284,2.9700000286102295,3.0399999618530273,2.915804862976074,669000
2021-03-08,3.009999990463257,3.1600000858306885,3.0,3.0399999618530273,2.915804862976074,776000
2021-03-09,3.0399999618530273,3.069999933242798,3.009999990463257,3.049999952316284,2.925396203994751,875000
2021-03-10,3.0,3.069999933242798,3.0,3.059999942779541,2.934987783432007,723000
2021-03-11,3.069999933242798,3.0799999237060547,3.0199999809265137,3.049999952316284,2.925396203994751,789000
2021-03-12,3.0299999713897705,3.069999933242798,3.009999990463257,3.069999933242798,2.9445791244506836,978000
2021-03-15,3.059999942779541,3.119999885559082,3.059999942779541,3.0899999141693115,2.963762044906616,762700
2021-03-16,3.0899999141693115,3.109999895095825,3.049999952316284,3.0999999046325684,2.973353385925293,1041000
2021-03-17,3.0799999237060547,3.1600000858306885,3.069999933242798,3.119999885559082,2.9925363063812256,932000
2021-03-18,3.0999999046325684,3.119999885559082,3.0899999141693115,3.109999895095825,2.982944965362549,776000
2021-03-19,3.119999885559082,3.1700000762939453,3.0,3.0,2.877439022064209,18733000
2021-03-22,2.9700000286102295,3.0199999809265137,2.940000057220459,2.950000047683716,2.829481601715088,732000
2021-03-23,2.950000047683716,2.9700000286102295,2.8399999141693115,2.9600000381469727,2.8390731811523438,1470000
2021-03-24,2.990000009536743,2.990000009536743,2.890000104904175,2.9600000381469727,2.8390731811523438,1072000
2021-03-25,2.9600000381469727,2.9700000286102295,2.9200000762939453,2.950000047683716,2.829481601715088,669000
2021-03-26,3.140000104904175,3.140000104904175,2.9200000762939453,2.9800000190734863,2.8582561016082764,880000
2021-03-29,3.0,3.0,2.930000066757202,2.990000009536743,2.867847442626953,636000
2021-03-30,3.009999990463257,3.0299999713897705,2.950000047683716,2.990000009536743,2.867847442626953,750000
2021-03-31,3.0199999809265137,3.0199999809265137,2.950000047683716,2.990000009536743,2.867847442626953,837000
2021-04-01,3.009999990463257,3.0199999809265137,2.9600000381469727,3.0199999809265137,2.8966219425201416,802000
2021-04-07,3.0299999713897705,3.0399999618530273,2.9600000381469727,3.0399999618530273,2.915804862976074,943000
2021-04-08,3.009999990463257,3.049999952316284,2.9800000190734863,2.9800000190734863,2.8582561016082764,774000
2021-04-09,3.0,3.0899999141693115,2.9600000381469727,3.0899999141693115,2.963762044906616,3296000
2021-04-12,3.1500000953674316,3.0899999141693115,2.940000057220459,2.9800000190734863,2.8582561016082764,10684000
2021-04-13,3.0,3.0,2.940000057220459,2.990000009536743,2.867847442626953,621000
2021-04-14,2.9700000286102295,3.0299999713897705,2.9600000381469727,3.0199999809265137,2.8966219425201416,565000
2021-04-15,3.190000057220459,3.180000066757202,2.9800000190734863,3.009999990463257,2.8870303630828857,642000
2021-04-16,3.0299999713897705,3.0299999713897705,2.9700000286102295,3.0,2.877439022064209,578000
2021-04-19,3.049999952316284,3.049999952316284,3.0,3.0199999809265137,2.8966219425201416,532000
2021-04-20,3.200000047683716,3.200000047683716,3.0199999809265137,3.049999952316284,2.925396203994751,584000
2021-04-21,3.0299999713897705,3.0399999618530273,2.9800000190734863,3.0299999713897705,2.9062132835388184,615000
2021-04-22,3.049999952316284,3.049999952316284,2.990000009536743,3.0,2.877439022064209,597000
2021-04-23,3.009999990463257,3.0399999618530273,2.990000009536743,3.009999990463257,2.8870303630828857,546000
2021-04-26,3.0299999713897705,3.0399999618530273,3.0,3.0199999809265137,2.8966219425201416,564000
2021-04-27,3.0199999809265137,3.0199999809265137,2.990000009536743,3.009999990463257,2.8870303630828857,502000
2021-04-28,3.0199999809265137,3.0199999809265137,2.9700000286102295,2.990000009536743,2.867847442626953,598000
2021-04-29,3.0,3.0799999237060547,2.9800000190734863,2.990000009536743,2.867847442626953,634000
2021-04-30,3.0199999809265137,3.0399999618530273,2.9800000190734863,3.0399999618530273,2.915804862976074,739000
2021-05-03,3.0399999618530273,3.200000047683716,3.009999990463257,3.059999942779541,2.934987783432007,625000
2021-05-04,3.0199999809265137,3.130000114440918,3.0199999809265137,3.0199999809265137,2.8966219425201416,538000
2021-05-05,3.0,3.069999933242798,3.0,3.049999952316284,2.925396203994751,523000
2021-05-06,3.0399999618530273,3.0399999618530273,3.0,3.0,2.877439022064209,506000
2021-05-07,2.9700000286102295,3.0,2.9600000381469727,2.9700000286102295,2.8486645221710205,609000
2021-05-10,2.9800000190734863,3.0,2.9700000286102295,2.9800000190734863,2.8582561016082764,514000
2021-05-11,2.9700000286102295,3.0,2.950000047683716,2.990000009536743,2.867847442626953,547000
2021-05-12,2.950000047683716,3.009999990463257,2.950000047683716,2.990000009536743,2.867847442626953,594000
2021-05-13,3.140000104904175,3.140000104904175,2.9600000381469727,2.990000009536743,2.867847442626953,634000
2021-05-14,3.119999885559082,3.140000104904175,2.9700000286102295,3.0,2.877439022064209,640000
2021-05-17,3.0399999618530273,3.1500000953674316,3.0299999713897705,3.0799999237060547,2.9541707038879395,773000
2021-05-18,3.009999990463257,3.180000066757202,3.009999990463257,3.119999885559082,2.9925363063812256,945000
2021-05-20,3.0899999141693115,3.109999895095825,3.0299999713897705,3.0999999046325684,2.973353385925293,681000
2021-05-21,3.119999885559082,3.119999885559082,3.0799999237060547,3.109999895095825,2.982944965362549,631000
2021-05-24,3.109999895095825,3.109999895095825,3.049999952316284,3.109999895095825,2.982944965362549,37042000
2021-05-25,3.1500000953674316,3.1500000953674316,3.0799999237060547,3.119999885559082,2.9925363063812256,5887000
2021-05-26,3.119999885559082,3.1500000953674316,3.0899999141693115,3.1500000953674316,3.021311044692993,1192000
2021-05-27,3.1700000762939453,3.180000066757202,3.0999999046325684,3.1600000858306885,3.03090238571167,922000
2021-05-28,3.309999942779541,3.319999933242798,3.0999999046325684,3.0999999046325684,2.973353385925293,704000
2021-05-31,3.1500000953674316,3.200000047683716,3.130000114440918,3.190000057220459,3.0596768856048584,698000
2021-06-01,3.2100000381469727,3.2100000381469727,3.1600000858306885,3.180000066757202,3.0500853061676025,542000
2021-06-02,3.180000066757202,3.25,3.180000066757202,3.2100000381469727,3.078859806060791,776000
2021-06-03,3.25,3.3399999141693115,3.200000047683716,3.2300000190734863,3.0980427265167236,761000
2021-06-04,3.259999990463257,3.2699999809265137,3.200000047683716,3.25,3.1172256469726562,846000
2021-06-07,3.2799999713897705,3.319999933242798,3.25,3.2799999713897705,3.1459999084472656,814000
2021-06-08,3.200000047683716,3.259999990463257,3.0899999141693115,3.1700000762939453,3.1700000762939453,728000
2021-06-09,3.200000047683716,3.240000009536743,3.140000104904175,3.1600000858306885,3.1600000858306885,609000
2021-06-10,3.1600000858306885,3.180000066757202,3.1500000953674316,3.1700000762939453,3.1700000762939453,544000
2021-06-11,3.2200000286102295,3.2200000286102295,3.109999895095825,3.180000066757202,3.180000066757202,501000
2021-06-15,3.200000047683716,3.200000047683716,2.9600000381469727,2.9800000190734863,2.9800000190734863,716000
2021-06-16,3.0899999141693115,3.0899999141693115,2.930000066757202,2.930000066757202,2.930000066757202,607000
2021-06-17,2.940000057220459,2.9800000190734863,2.859999895095825,2.950000047683716,2.950000047683716,649000
2021-06-18,2.9800000190734863,2.9800000190734863,2.880000114440918,2.9700000286102295,2.9700000286102295,729000
2021-06-21,2.990000009536743,3.0799999237060547,2.890000104904175,2.950000047683716,2.950000047683716,829000
2021-06-22,3.0199999809265137,3.0299999713897705,2.9100000858306885,2.9100000858306885,2.9100000858306885,695000
2021-06-23,2.990000009536743,3.0,2.890000104904175,2.890000104904175,2.890000104904175,541000
2021-06-24,2.9700000286102295,2.990000009536743,2.9200000762939453,2.9800000190734863,2.9800000190734863,576000
2021-06-25,2.9800000190734863,3.0199999809265137,2.940000057220459,3.0199999809265137,3.0199999809265137,609000
2021-06-28,3.0,3.0399999618530273,2.950000047683716,2.9600000381469727,2.9600000381469727,514000
2021-06-29,2.930000066757202,2.950000047683716,2.8499999046325684,2.930000066757202,2.930000066757202,1033000
2021-06-30,2.950000047683716,2.9800000190734863,2.880000114440918,2.950000047683716,2.950000047683716,860000
2021-07-02,2.950000047683716,3.0,2.890000104904175,3.0,3.0,848000
2021-07-05,3.0,3.0,2.9200000762939453,2.9800000190734863,2.9800000190734863,662000
2021-07-06,2.9800000190734863,3.0,2.9000000953674316,3.0,3.0,970000
2021-07-07,2.990000009536743,2.990000009536743,2.930000066757202,2.9600000381469727,2.9600000381469727,28487000
2021-07-08,2.9800000190734863,2.990000009536743,2.9200000762939453,2.9600000381469727,2.9600000381469727,685000
2021-07-09,2.9700000286102295,2.9700000286102295,2.930000066757202,2.950000047683716,2.950000047683716,852000
2021-07-12,2.9000000953674316,2.950000047683716,2.9000000953674316,2.930000066757202,2.930000066757202,601000
2021-07-13,2.940000057220459,2.950000047683716,2.9100000858306885,2.9200000762939453,2.9200000762939453,512000
2021-07-14,2.940000057220459,2.940000057220459,2.9100000858306885,2.9200000762939453,2.9200000762939453,624000
2021-07-15,2.930000066757202,2.930000066757202,2.9000000953674316,2.930000066757202,2.930000066757202,666000
2021-07-16,2.9200000762939453,2.930000066757202,2.880000114440918,2.9200000762939453,2.9200000762939453,588000
2021-07-19,2.9200000762939453,2.930000066757202,2.890000104904175,2.9100000858306885,2.9100000858306885,564000
2021-07-20,2.9100000858306885,2.9100000858306885,2.880000114440918,2.9000000953674316,2.9000000953674316,891000
2021-07-21,2.890000104904175,2.9100000858306885,2.880000114440918,2.9000000953674316,2.9000000953674316,597000
2021-07-22,2.9000000953674316,2.9000000953674316,2.859999895095825,2.9000000953674316,2.9000000953674316,873000
2021-07-23,2.9100000858306885,2.9100000858306885,2.859999895095825,2.880000114440918,2.880000114440918,592000
2021-07-26,2.869999885559082,2.880000114440918,2.7899999618530273,2.880000114440918,2.880000114440918,686000
2021-07-27,2.880000114440918,2.9700000286102295,2.880000114440918,2.880000114440918,2.880000114440918,533000
2021-07-28,2.9200000762939453,2.9200000762939453,2.880000114440918,2.880000114440918,2.880000114440918,442000
2021-07-29,2.9100000858306885,3.0,2.9000000953674316,2.9000000953674316,2.9000000953674316,477000
2021-07-30,2.9200000762939453,2.930000066757202,2.8399999141693115,2.9000000953674316,2.9000000953674316,435000
2021-08-02,2.8499999046325684,2.9100000858306885,2.8499999046325684,2.880000114440918,2.880000114440918,641000
2021-08-03,2.890000104904175,2.9700000286102295,2.8399999141693115,2.9700000286102295,2.9700000286102295,629000
2021-08-04,2.930000066757202,2.940000057220459,2.880000114440918,2.930000066757202,2.930000066757202,583000
2021-08-05,2.9700000286102295,2.9700000286102295,2.8499999046325684,2.890000104904175,2.890000104904175,528000
2021-08-06,2.8499999046325684,2.869999885559082,2.7799999713897705,2.8499999046325684,2.8499999046325684,806000
2021-08-09,2.880000114440918,2.9000000953674316,2.869999885559082,2.9000000953674316,2.9000000953674316,569000
2021-08-10,2.9100000858306885,2.930000066757202,2.890000104904175,2.9100000858306885,2.9100000858306885,658000
2021-08-11,2.950000047683716,3.059999942779541,2.940000057220459,3.0399999618530273,3.0399999618530273,726000
2021-08-12,3.0,3.009999990463257,2.9800000190734863,2.9800000190734863,2.9800000190734863,509000
2021-08-13,3.0,3.059999942779541,2.950000047683716,2.9800000190734863,2.9800000190734863,555000
2021-08-16,3.059999942779541,3.059999942779541,2.890000104904175,2.950000047683716,2.950000047683716,689000
2021-08-17,2.940000057220459,2.9600000381469727,2.869999885559082,2.930000066757202,2.930000066757202,572505
2021-08-18,2.950000047683716,3.0399999618530273,2.930000066757202,3.0,3.0,534000
2021-08-19,3.180000066757202,3.180000066757202,2.859999895095825,3.0399999618530273,3.0399999618530273,560000
2021-08-20,3.0299999713897705,3.0299999713897705,2.940000057220459,3.0,3.0,507000
2021-08-23,2.9600000381469727,3.0,2.9100000858306885,2.9200000762939453,2.9200000762939453,601000
2021-08-24,2.940000057220459,2.950000047683716,2.859999895095825,2.9100000858306885,2.9100000858306885,2138000
2021-08-25,2.9100000858306885,2.9100000858306885,2.8399999141693115,2.859999895095825,2.859999895095825,692000
2021-08-26,2.880000114440918,2.9100000858306885,2.8499999046325684,2.890000104904175,2.890000104904175,544000
2021-08-27,2.9000000953674316,2.950000047683716,2.759999990463257,2.869999885559082,2.869999885559082,799000
2021-08-30,2.880000114440918,2.9200000762939453,2.8299999237060547,2.8399999141693115,2.8399999141693115,726000
2021-08-31,2.859999895095825,2.869999885559082,2.819999933242798,2.8499999046325684,2.8499999046325684,673000
2021-09-01,2.859999895095825,2.859999895095825,2.819999933242798,2.859999895095825,2.859999895095825,585000
2021-09-02,2.8499999046325684,2.890000104904175,2.8299999237060547,2.8399999141693115,2.8399999141693115,2939000
2021-09-03,2.859999895095825,2.890000104904175,2.8299999237060547,2.880000114440918,2.880000114440918,681000
2021-09-06,2.869999885559082,2.880000114440918,2.8299999237060547,2.859999895095825,2.859999895095825,566000
2021-09-07,2.859999895095825,2.890000104904175,2.8399999141693115,2.8499999046325684,2.8499999046325684,1012000
2021-09-08,2.859999895095825,2.859999895095825,2.8299999237060547,2.8399999141693115,2.8399999141693115,543000
2021-09-09,2.8299999237060547,2.859999895095825,2.809999942779541,2.8399999141693115,2.8399999141693115,553000
2021-09-10,2.8399999141693115,2.8499999046325684,2.7799999713897705,2.8399999141693115,2.8399999141693115,825000
2021-09-13,2.8399999141693115,2.8399999141693115,2.7899999618530273,2.8399999141693115,2.8399999141693115,695000
2021-09-14,2.8399999141693115,2.859999895095825,2.799999952316284,2.8499999046325684,2.8499999046325684,634000
2021-09-15,2.9000000953674316,2.9000000953674316,2.7899999618530273,2.8299999237060547,2.8299999237060547,916000
2021-09-16,2.8299999237060547,2.8499999046325684,2.7300000190734863,2.7300000190734863,2.7300000190734863,301000
2021-09-17,2.7100000381469727,2.880000114440918,2.609999895095825,2.819999933242798,2.819999933242798,901000
2021-09-20,2.880000114440918,2.9000000953674316,2.6700000762939453,2.799999952316284,2.799999952316284,524000
2021-09-21,2.7899999618530273,2.7899999618530273,2.7100000381469727,2.7699999809265137,2.7699999809265137,864000
2021-09-23,2.7699999809265137,2.7799999713897705,2.7100000381469727,2.7799999713897705,2.7799999713897705,667000
2021-09-24,2.7899999618530273,2.7899999618530273,2.630000114440918,2.759999990463257,2.759999990463257,1389000
2021-09-27,2.75,2.75,2.619999885559082,2.700000047683716,2.700000047683716,553000
2021-09-28,2.690000057220459,2.7200000286102295,2.619999885559082,2.6500000953674316,2.6500000953674316,1267000
2021-09-29,2.700000047683716,2.7200000286102295,2.6600000858306885,2.700000047683716,2.700000047683716,1425000
2021-09-30,2.7100000381469727,2.7899999618530273,2.700000047683716,2.7899999618530273,2.7899999618530273,2102000
2021-10-04,2.8499999046325684,2.9000000953674316,2.7799999713897705,2.799999952316284,2.799999952316284,28473000
2021-10-05,2.8299999237060547,2.8299999237060547,2.7699999809265137,2.7699999809265137,2.7699999809265137,337000
2021-10-06,2.9000000953674316,2.9000000953674316,2.7300000190734863,2.759999990463257,2.759999990463257,1343000
2021-10-07,2.8399999141693115,2.8399999141693115,2.759999990463257,2.809999942779541,2.809999942779541,839000
2021-10-08,2.809999942779541,2.819999933242798,2.75,2.75,2.75,631000
2021-10-11,2.7899999618530273,2.7899999618530273,2.640000104904175,2.7100000381469727,2.7100000381469727,1360000
2021-10-12,2.7799999713897705,2.7799999713897705,2.680000066757202,2.7100000381469727,2.7100000381469727,606000
2021-10-15,2.7699999809265137,2.7699999809265137,2.6600000858306885,2.690000057220459,2.690000057220459,651000
2021-10-18,2.7200000286102295,2.7200000286102295,2.640000104904175,2.680000066757202,2.680000066757202,476000
2021-10-19,2.6700000762939453,2.690000057220459,2.630000114440918,2.6500000953674316,2.6500000953674316,741000
2021-10-20,2.6700000762939453,2.6700000762939453,2.619999885559082,2.6600000858306885,2.6600000858306885,1167000
2021-10-21,2.6600000858306885,2.690000057220459,2.609999895095825,2.640000104904175,2.640000104904175,3703000
2021-10-22,2.6600000858306885,2.6700000762939453,2.630000114440918,2.6500000953674316,2.6500000953674316,774000
2021-10-25,2.700000047683716,2.799999952316284,2.609999895095825,2.640000104904175,2.640000104904175,1318000
2021-10-26,2.6700000762939453,2.690000057220459,2.609999895095825,2.630000114440918,2.630000114440918,888000
2021-10-27,2.6500000953674316,2.6500000953674316,2.5999999046325684,2.630000114440918,2.630000114440918,1116000
2021-10-28,2.619999885559082,2.619999885559082,2.5899999141693115,2.609999895095825,2.609999895095825,1233000
2021-10-29,2.619999885559082,2.619999885559082,2.5799999237060547,2.609999895095825,2.609999895095825,1218000
2021-11-01,2.5999999046325684,2.609999895095825,2.569999933242798,2.609999895095825,2.609999895095825,1442000
2021-11-02,2.609999895095825,2.609999895095825,2.569999933242798,2.5999999046325684,2.5999999046325684,1065000
2021-11-03,2.6700000762939453,2.6700000762939453,2.5799999237060547,2.5999999046325684,2.5999999046325684,1021000
2021-11-04,2.5999999046325684,2.609999895095825,2.569999933242798,2.609999895095825,2.609999895095825,1027000
2021-11-05,2.640000104904175,2.640000104904175,2.559999942779541,2.5999999046325684,2.5999999046325684,1906000
2021-11-08,2.5999999046325684,2.5999999046325684,2.549999952316284,2.5899999141693115,2.5899999141693115,2318000
2021-11-09,2.5899999141693115,2.5899999141693115,2.5199999809265137,2.5899999141693115,2.5899999141693115,1224000
2021-11-10,2.5799999237060547,2.5999999046325684,2.5399999618530273,2.5799999237060547,2.5799999237060547,1881000
2021-11-11,2.5999999046325684,2.630000114440918,2.549999952316284,2.630000114440918,2.630000114440918,1724000
2021-11-12,2.619999885559082,2.680000066757202,2.5899999141693115,2.609999895095825,2.609999895095825,1339111
2021-11-15,2.6500000953674316,2.6500000953674316,2.5799999237060547,2.5899999141693115,2.5899999141693115,804000
2021-11-16,2.5899999141693115,2.5999999046325684,2.559999942779541,2.5899999141693115,2.5899999141693115,838000
2021-11-17,2.5999999046325684,2.5999999046325684,2.559999942779541,2.5799999237060547,2.5799999237060547,1138000
2021-11-18,2.5799999237060547,2.5899999141693115,2.4800000190734863,2.569999933242798,2.569999933242798,1722000
2021-11-19,2.559999942779541,2.5799999237060547,2.5399999618530273,2.5799999237060547,2.5799999237060547,1527000
2021-11-22,2.5899999141693115,2.5899999141693115,2.5399999618530273,2.549999952316284,2.549999952316284,2137000
2021-11-23,2.5399999618530273,2.559999942779541,2.5199999809265137,2.549999952316284,2.549999952316284,608000
2021-11-24,2.559999942779541,2.559999942779541,2.5299999713897705,2.559999942779541,2.559999942779541,1278000
2021-11-25,2.5399999618530273,2.549999952316284,2.5199999809265137,2.549999952316284,2.549999952316284,768000
2021-11-26,2.5399999618530273,2.549999952316284,2.5199999809265137,2.5399999618530273,2.5399999618530273,1224000
2021-11-29,2.549999952316284,2.549999952316284,2.5299999713897705,2.5399999618530273,2.5399999618530273,736000
2021-11-30,2.5199999809265137,2.549999952316284,2.509999990463257,2.5399999618530273,2.5399999618530273,1192000
2021-12-01,2.5399999618530273,2.549999952316284,2.5199999809265137,2.5399999618530273,2.5399999618530273,1382000
2021-12-02,2.5399999618530273,2.5399999618530273,2.5199999809265137,2.5399999618530273,2.5399999618530273,894000
2021-12-03,2.5199999809265137,2.5399999618530273,2.5,2.5399999618530273,2.5399999618530273,1580000
2021-12-06,2.509999990463257,2.5299999713897705,2.509999990463257,2.5299999713897705,2.5299999713897705,1448000
2021-12-07,2.5399999618530273,2.549999952316284,2.509999990463257,2.5399999618530273,2.5399999618530273,745000
2021-12-08,2.5299999713897705,2.549999952316284,2.5199999809265137,2.549999952316284,2.549999952316284,828000
2021-12-09,2.5399999618530273,2.549999952316284,2.5199999809265137,2.5399999618530273,2.5399999618530273,795000
2021-12-10,2.5399999618530273,2.5399999618530273,2.5199999809265137,2.5399999618530273,2.5399999618530273,758000
2021-12-13,2.5299999713897705,2.5299999713897705,2.490000009536743,2.5299999713897705,2.5299999713897705,939000
2021-12-14,2.5199999809265137,2.5299999713897705,2.4700000286102295,2.5,2.5,1810000
2021-12-15,2.5,2.5199999809265137,2.4800000190734863,2.5,2.5,897000
2021-12-16,2.5299999713897705,2.5299999713897705,2.440000057220459,2.5,2.5,27692000
2021-12-17,2.5199999809265137,2.5199999809265137,2.4200000762939453,2.490000009536743,2.490000009536743,2384000
2021-12-20,2.5399999618530273,2.5399999618530273,2.4600000381469727,2.5199999809265137,2.5199999809265137,1569000
2021-12-21,2.5,2.5,2.4700000286102295,2.5,2.5,833000
2021-12-22,2.5199999809265137,2.5299999713897705,2.4800000190734863,2.5299999713897705,2.5299999713897705,1040000
2021-12-23,2.5399999618530273,2.5399999618530273,2.5,2.5199999809265137,2.5199999809265137,16694000
2021-12-24,2.5299999713897705,2.5299999713897705,2.4800000190734863,2.490000009536743,2.490000009536743,586000
2021-12-28,2.5199999809265137,2.5199999809265137,2.490000009536743,2.509999990463257,2.509999990463257,836000
2021-12-29,2.5199999809265137,2.5199999809265137,2.4800000190734863,2.509999990463257,2.509999990463257,839000
2021-12-30,2.5,2.509999990463257,2.490000009536743,2.509999990463257,2.509999990463257,697000
2021-12-31,2.509999990463257,2.6700000762939453,2.509999990463257,2.6700000762939453,2.6700000762939453,869000
2022-01-03,2.690000057220459,2.690000057220459,2.609999895095825,2.630000114440918,2.630000114440918,645000
2022-01-04,2.609999895095825,2.7899999618530273,2.609999895095825,2.7300000190734863,2.7300000190734863,1970000
2022-01-05,2.7200000286102295,2.75,2.700000047683716,2.7300000190734863,2.7300000190734863,849000
2022-01-06,2.7300000190734863,2.7300000190734863,2.700000047683716,2.700000047683716,2.700000047683716,685000
2022-01-07,2.7100000381469727,2.7699999809265137,2.680000066757202,2.740000009536743,2.740000009536743,1118000
2022-01-10,2.7300000190734863,2.75,2.7100000381469727,2.7200000286102295,2.7200000286102295,839000
2022-01-11,2.75,2.799999952316284,2.7300000190734863,2.799999952316284,2.799999952316284,15511000
2022-01-12,2.7899999618530273,2.9700000286102295,2.7899999618530273,2.9200000762939453,2.9200000762939453,2839000
2022-01-13,2.940000057220459,2.940000057220459,2.799999952316284,2.859999895095825,2.859999895095825,624000
2022-01-14,2.880000114440918,2.9200000762939453,2.819999933242798,2.9100000858306885,2.9100000858306885,2644000
2022-01-17,2.9000000953674316,2.930000066757202,2.880000114440918,2.9200000762939453,2.9200000762939453,1626000
2022-01-18,2.869999885559082,3.009999990463257,2.869999885559082,3.0,3.0,4010000
2022-01-19,3.009999990463257,3.009999990463257,2.930000066757202,2.950000047683716,2.950000047683716,642000
2022-01-20,2.930000066757202,2.9800000190734863,2.819999933242798,2.8399999141693115,2.8399999141693115,1004000
2022-01-21,2.950000047683716,2.950000047683716,2.7300000190734863,2.740000009536743,2.740000009536743,9745000
2022-01-24,2.940000057220459,2.940000057220459,2.6600000858306885,2.680000066757202,2.680000066757202,750000
2022-01-25,2.7899999618530273,2.7899999618530273,2.630000114440918,2.6700000762939453,2.6700000762939453,467000
2022-01-26,2.7899999618530273,2.799999952316284,2.6700000762939453,2.690000057220459,2.690000057220459,649000
2022-01-27,2.819999933242798,2.819999933242798,2.630000114440918,2.640000104904175,2.640000104904175,427000
2022-01-28,2.75,2.75,2.609999895095825,2.680000066757202,2.680000066757202,562000
2022-01-31,2.690000057220459,2.690000057220459,2.690000057220459,2.690000057220459,2.690000057220459,0
2022-02-04,2.75,2.75,2.6600000858306885,2.7300000190734863,2.7300000190734863,724000
2022-02-07,2.759999990463257,2.819999933242798,2.7200000286102295,2.819999933242798,2.819999933242798,756200
2022-02-08,2.799999952316284,2.9000000953674316,2.799999952316284,2.809999942779541,2.809999942779541,731000
2022-02-09,2.799999952316284,2.8499999046325684,2.7699999809265137,2.7899999618530273,2.7899999618530273,655000
2022-02-10,2.799999952316284,2.9000000953674316,2.7899999618530273,2.8299999237060547,2.8299999237060547,823000
2022-02-11,2.8499999046325684,2.9000000953674316,2.809999942779541,2.859999895095825,2.859999895095825,769000
2022-02-14,2.880000114440918,3.009999990463257,2.8399999141693115,2.9000000953674316,2.9000000953674316,703000
2022-02-15,2.9000000953674316,3.0,2.869999885559082,2.890000104904175,2.890000104904175,687000
2022-02-16,2.9200000762939453,2.990000009536743,2.890000104904175,2.9200000762939453,2.9200000762939453,825000
2022-02-17,2.950000047683716,3.0799999237060547,2.9100000858306885,2.950000047683716,2.950000047683716,921000
2022-02-18,2.9600000381469727,3.0399999618530273,2.940000057220459,2.9700000286102295,2.9700000286102295,984000
2022-02-21,2.9800000190734863,3.0299999713897705,2.940000057220459,2.9700000286102295,2.9700000286102295,617000
2022-02-22,2.9700000286102295,3.049999952316284,2.950000047683716,2.9800000190734863,2.9800000190734863,585000
2022-02-23,3.0,3.0,2.9600000381469727,2.9600000381469727,2.9600000381469727,563000
2022-02-24,3.0,3.0299999713897705,2.9600000381469727,2.9600000381469727,2.9600000381469727,569000
2022-02-25,2.940000057220459,3.009999990463257,2.880000114440918,2.9100000858306885,2.9100000858306885,731000
2022-02-28,2.869999885559082,2.9000000953674316,2.75,2.890000104904175,2.890000104904175,547000
2022-03-01,2.819999933242798,2.890000104904175,2.7899999618530273,2.8499999046325684,2.8499999046325684,565000
2022-03-02,2.9000000953674316,2.9000000953674316,2.7699999809265137,2.7699999809265137,2.7699999809265137,520000
2022-03-03,2.819999933242798,2.819999933242798,2.7100000381469727,2.7699999809265137,2.7699999809265137,469000
2022-03-04,2.809999942779541,2.809999942779541,2.690000057220459,2.700000047683716,2.700000047683716,466000
2022-03-07,2.640000104904175,2.7300000190734863,2.549999952316284,2.6700000762939453,2.6700000762939453,516000
2022-03-08,2.8399999141693115,2.8399999141693115,2.6500000953674316,2.7100000381469727,2.7100000381469727,566000
2022-03-09,2.7300000190734863,2.7899999618530273,2.6700000762939453,2.700000047683716,2.700000047683716,434000
2022-03-10,2.799999952316284,2.799999952316284,2.6700000762939453,2.700000047683716,2.700000047683716,467000
2022-03-11,2.740000009536743,2.740000009536743,2.6600000858306885,2.690000057220459,2.690000057220459,509000
2022-03-14,2.7300000190734863,2.7300000190734863,2.5899999141693115,2.640000104904175,2.640000104904175,612000
2022-03-15,2.690000057220459,2.690000057220459,2.5799999237060547,2.609999895095825,2.609999895095825,554000
2022-03-16,2.7899999618530273,2.890000104904175,2.5799999237060547,2.890000104904175,2.890000104904175,1291000
2022-03-17,2.9800000190734863,2.9800000190734863,2.809999942779541,2.9000000953674316,2.9000000953674316,592000
2022-03-18,2.9800000190734863,2.9800000190734863,2.890000104904175,2.950000047683716,2.950000047683716,654809
2022-03-21,2.990000009536743,3.0299999713897705,2.859999895095825,3.009999990463257,3.009999990463257,808000
2022-03-22,3.119999885559082,3.119999885559082,2.940000057220459,2.950000047683716,2.950000047683716,1180000
2022-03-23,3.009999990463257,3.0799999237060547,2.9600000381469727,2.9700000286102295,2.9700000286102295,827000
2022-03-24,3.2899999618530273,3.2899999618530273,2.9700000286102295,2.9700000286102295,2.9700000286102295,3500000
2022-03-25,3.0,3.0,2.8299999237060547,2.8299999237060547,2.8299999237060547,591000
2022-03-28,2.9700000286102295,2.9700000286102295,2.859999895095825,2.880000114440918,2.880000114440918,510000
2022-03-29,3.2699999809265137,3.2699999809265137,2.880000114440918,3.0,3.0,795000
2022-03-30,3.009999990463257,3.130000114440918,2.869999885559082,3.009999990463257,3.009999990463257,651000
2022-03-31,3.190000057220459,3.190000057220459,2.950000047683716,3.0,3.0,604000
2022-04-01,3.140000104904175,3.140000104904175,2.9800000190734863,3.0399999618530273,3.0399999618530273,516000
2022-04-04,3.0299999713897705,3.1600000858306885,3.0299999713897705,3.140000104904175,3.140000104904175,639600
2022-04-06,3.140000104904175,3.140000104904175,3.009999990463257,3.049999952316284,3.049999952316284,942000
2022-04-07,2.9600000381469727,3.0399999618530273,2.9600000381469727,3.0299999713897705,3.0299999713897705,554000
2022-04-08,3.0999999046325684,3.0999999046325684,2.9800000190734863,3.059999942779541,3.059999942779541,541000
2022-04-11,3.0,3.049999952316284,2.9800000190734863,3.0399999618530273,3.0399999618530273,605000
2022-04-12,3.0199999809265137,3.069999933242798,3.0,3.069999933242798,3.069999933242798,546000
2022-04-13,3.1600000858306885,3.1600000858306885,3.0399999618530273,3.069999933242798,3.069999933242798,730000
2022-04-14,3.1500000953674316,3.1500000953674316,3.0299999713897705,3.109999895095825,3.109999895095825,765000
2022-04-19,3.190000057220459,3.190000057220459,3.0199999809265137,3.0799999237060547,3.0799999237060547,620000
2022-04-20,3.1600000858306885,3.1600000858306885,2.740000009536743,2.880000114440918,2.880000114440918,639000
2022-04-21,2.9200000762939453,2.9200000762939453,2.700000047683716,2.7699999809265137,2.7699999809265137,614000
2022-04-22,2.759999990463257,2.880000114440918,2.690000057220459,2.880000114440918,2.880000114440918,521000
2022-04-25,3.0299999713897705,3.0299999713897705,2.740000009536743,2.950000047683716,2.950000047683716,514000
2022-04-26,3.0799999237060547,3.0899999141693115,2.7300000190734863,3.0299999713897705,3.0299999713897705,19672000
2022-04-27,3.0399999618530273,3.0399999618530273,2.819999933242798,2.819999933242798,2.819999933242798,646000
2022-04-28,2.8399999141693115,2.940000057220459,2.759999990463257,2.859999895095825,2.859999895095825,494000
2022-04-29,2.9000000953674316,3.009999990463257,2.8499999046325684,2.940000057220459,2.940000057220459,588000
2022-05-03,2.950000047683716,3.009999990463257,2.8299999237060547,3.009999990463257,3.009999990463257,518000
2022-05-04,3.0,3.1500000953674316,3.0,3.0799999237060547,3.0799999237060547,474000
2022-05-05,3.069999933242798,3.0999999046325684,3.0199999809265137,3.049999952316284,3.049999952316284,424000
2022-05-06,3.009999990463257,3.049999952316284,2.950000047683716,2.9600000381469727,2.9600000381469727,386000
2022-05-10,3.0,3.1600000858306885,2.8499999046325684,3.1600000858306885,3.1600000858306885,532000
2022-05-11,3.130000114440918,3.190000057220459,3.0,3.059999942779541,3.059999942779541,676000
2022-05-12,3.1500000953674316,3.1500000953674316,3.0199999809265137,3.0399999618530273,3.0399999618530273,497000
2022-05-13,3.1600000858306885,3.1600000858306885,3.0199999809265137,3.0799999237060547,3.0799999237060547,605000
2022-05-16,3.109999895095825,3.109999895095825,2.9800000190734863,2.9800000190734863,2.9800000190734863,609000
2022-05-17,2.990000009536743,3.0999999046325684,2.9200000762939453,2.9700000286102295,2.9700000286102295,648000
2022-05-18,3.049999952316284,3.0799999237060547,2.950000047683716,2.9800000190734863,2.9800000190734863,625000
2022-05-19,2.9800000190734863,2.990000009536743,2.950000047683716,2.9700000286102295,2.9700000286102295,627000
2022-05-20,3.049999952316284,3.059999942779541,2.9000000953674316,2.9800000190734863,2.9800000190734863,820000
2022-05-23,2.9200000762939453,2.940000057220459,2.9000000953674316,2.9200000762939453,2.9200000762939453,523000
2022-05-24,2.880000114440918,2.940000057220459,2.859999895095825,2.930000066757202,2.930000066757202,518000
2022-05-25,2.940000057220459,2.940000057220459,2.799999952316284,2.8399999141693115,2.8399999141693115,612000
2022-05-26,2.8299999237060547,2.8399999141693115,2.7200000286102295,2.7300000190734863,2.7300000190734863,556000
2022-05-27,2.7200000286102295,2.740000009536743,2.5799999237060547,2.6600000858306885,2.6600000858306885,551000
2022-05-30,2.619999885559082,2.619999885559082,2.509999990463257,2.5399999618530273,2.5399999618530273,740000
2022-05-31,2.5199999809265137,2.569999933242798,2.4800000190734863,2.569999933242798,2.569999933242798,1401000
2022-06-01,2.6600000858306885,2.6600000858306885,2.549999952316284,2.5799999237060547,2.5799999237060547,575000
2022-06-02,2.630000114440918,2.630000114440918,2.5,2.509999990463257,2.509999990463257,1480000
2022-06-06,2.509999990463257,2.5799999237060547,2.4800000190734863,2.549999952316284,2.549999952316284,806000
2022-06-07,2.5999999046325684,2.690000057220459,2.549999952316284,2.690000057220459,2.690000057220459,966000
2022-06-08,2.75,2.7899999618530273,2.609999895095825,2.7899999618530273,2.7899999618530273,4977000
2022-06-09,2.7799999713897705,2.7799999713897705,2.619999885559082,2.6500000953674316,2.6500000953674316,1712000
2022-06-10,2.6700000762939453,2.700000047683716,2.619999885559082,2.6500000953674316,2.6500000953674316,624000
2022-06-13,2.559999942779541,2.690000057220459,2.559999942779541,2.619999885559082,2.619999885559082,774000
2022-06-14,2.609999895095825,2.6700000762939453,2.569999933242798,2.6700000762939453,2.6700000762939453,599000
2022-06-15,2.690000057220459,2.7200000286102295,2.5799999237060547,2.700000047683716,2.700000047683716,915000
2022-06-16,2.700000047683716,2.75,2.700000047683716,2.700000047683716,2.700000047683716,800000
2022-06-17,2.700000047683716,2.75,2.6500000953674316,2.700000047683716,2.700000047683716,1281000
2022-06-20,2.759999990463257,2.809999942779541,2.7300000190734863,2.759999990463257,2.759999990463257,674000
2022-06-21,2.75,2.75,2.6500000953674316,2.7200000286102295,2.7200000286102295,563000
2022-06-22,2.7300000190734863,2.799999952316284,2.680000066757202,2.799999952316284,2.799999952316284,1120000
2022-06-23,2.809999942779541,2.8399999141693115,2.75,2.7899999618530273,2.7899999618530273,782000
2022-06-24,2.819999933242798,2.819999933242798,2.619999885559082,2.6700000762939453,2.6700000762939453,504000
2022-06-27,2.740000009536743,2.740000009536743,2.630000114440918,2.680000066757202,2.680000066757202,612000
2022-06-28,2.7699999809265137,2.7699999809265137,2.5799999237060547,2.640000104904175,2.640000104904175,705000
2022-06-29,2.6700000762939453,2.7100000381469727,2.630000114440918,2.630000114440918,2.630000114440918,509006
2022-06-30,2.680000066757202,2.740000009536743,2.6600000858306885,2.7200000286102295,2.7200000286102295,847000
2022-07-04,2.7300000190734863,2.7799999713897705,2.690000057220459,2.690000057220459,2.690000057220459,601000
2022-07-05,2.700000047683716,2.7300000190734863,2.630000114440918,2.690000057220459,2.690000057220459,544000
2022-07-06,2.6500000953674316,2.6700000762939453,2.5999999046325684,2.6600000858306885,2.6600000858306885,554000
2022-07-07,2.6500000953674316,2.700000047683716,2.5799999237060547,2.619999885559082,2.619999885559082,604000
2022-07-08,2.630000114440918,2.630000114440918,2.5799999237060547,2.619999885559082,2.619999885559082,578000
2022-07-11,2.5999999046325684,2.5999999046325684,2.509999990463257,2.5399999618530273,2.5399999618530273,480000
2022-07-12,2.5799999237060547,2.5999999046325684,2.4800000190734863,2.5999999046325684,2.5999999046325684,641000
2022-07-13,2.5299999713897705,2.5799999237060547,2.4700000286102295,2.4700000286102295,2.4700000286102295,989000
2022-07-14,2.5299999713897705,2.5299999713897705,2.450000047683716,2.5299999713897705,2.5299999713897705,730000
2022-07-15,2.5,2.5199999809265137,2.4600000381469727,2.5,2.5,875000
2022-07-18,2.5,2.549999952316284,2.4600000381469727,2.5199999809265137,2.5199999809265137,3051000
2022-07-19,2.5999999046325684,2.5999999046325684,2.490000009536743,2.5799999237060547,2.5799999237060547,1192000
2022-07-20,2.630000114440918,2.6600000858306885,2.549999952316284,2.549999952316284,2.549999952316284,834000
2022-07-21,2.5299999713897705,2.549999952316284,2.5,2.5,2.5,620000
2022-07-22,2.509999990463257,2.559999942779541,2.450000047683716,2.5,2.5,870000
2022-07-25,2.5,2.5299999713897705,2.450000047683716,2.5,2.5,801000
2022-07-26,2.5299999713897705,2.5299999713897705,2.4700000286102295,2.5,2.5,926000
2022-07-27,2.4800000190734863,2.5,2.4600000381469727,2.5,2.5,716000
2022-07-28,2.5,2.5,2.25,2.4000000953674316,2.4000000953674316,1018000
2022-07-29,2.4700000286102295,2.5,2.180000066757202,2.180000066757202,2.180000066757202,1058250
2022-08-01,2.390000104904175,2.450000047683716,2.0399999618530273,2.0399999618530273,2.0399999618530273,584000
2022-08-02,2.0199999809265137,2.049999952316284,1.9199999570846558,2.009999990463257,2.009999990463257,997000
2022-08-03,2.059999942779541,2.059999942779541,1.9500000476837158,2.0,2.0,868000
2022-08-04,2.200000047683716,2.200000047683716,1.9600000381469727,2.009999990463257,2.009999990463257,2563000
2022-08-05,2.0199999809265137,2.0199999809265137,1.9700000286102295,2.0,2.0,636000
2022-08-08,2.0399999618530273,2.0399999618530273,1.9500000476837158,2.009999990463257,2.009999990463257,662000
2022-08-09,2.0399999618530273,2.0399999618530273,1.9600000381469727,2.0,2.0,746000
2022-08-10,2.0,2.0999999046325684,1.9700000286102295,1.9700000286102295,1.9700000286102295,880000
2022-08-11,2.009999990463257,2.009999990463257,1.9199999570846558,2.0,2.0,706000
2022-08-12,2.0,2.009999990463257,1.940000057220459,2.009999990463257,2.009999990463257,793000
2022-08-15,2.0299999713897705,2.049999952316284,1.9299999475479126,2.0,2.0,814000
2022-08-16,2.0,2.0199999809265137,1.9500000476837158,2.0,2.0,869000
2022-08-17,2.0199999809265137,2.0399999618530273,1.9700000286102295,2.0299999713897705,2.0299999713897705,617000
2022-08-18,2.0299999713897705,2.049999952316284,1.9900000095367432,2.009999990463257,2.009999990463257,762000
2022-08-19,1.9700000286102295,2.069999933242798,1.9700000286102295,2.0199999809265137,2.0199999809265137,785000
2022-08-22,2.0299999713897705,2.109999895095825,2.009999990463257,2.0399999618530273,2.0399999618530273,811000
2022-08-23,2.0399999618530273,2.069999933242798,1.9800000190734863,2.0,2.0,715000
2022-08-24,2.0299999713897705,2.0299999713897705,1.9199999570846558,2.0,2.0,902000
2022-08-25,2.0,2.0199999809265137,1.9500000476837158,1.9700000286102295,1.9700000286102295,948000
2022-08-26,1.9800000190734863,2.009999990463257,1.9600000381469727,2.009999990463257,2.009999990463257,769000
2022-08-29,2.0199999809265137,2.0799999237060547,1.9500000476837158,1.9500000476837158,1.9500000476837158,786000
2022-08-30,2.009999990463257,2.009999990463257,1.9500000476837158,1.9800000190734863,1.9800000190734863,811000
2022-08-31,1.9800000190734863,1.9900000095367432,1.940000057220459,1.9900000095367432,1.9900000095367432,910000
2022-09-01,1.9700000286102295,2.0,1.899999976158142,1.9900000095367432,1.9900000095367432,801000
2022-09-02,1.9800000190734863,1.9800000190734863,1.909999966621399,1.9700000286102295,1.9700000286102295,1163000
2022-09-05,1.9500000476837158,1.9600000381469727,1.909999966621399,1.9500000476837158,1.9500000476837158,1164000
2022-09-06,1.909999966621399,1.9600000381469727,1.909999966621399,1.9500000476837158,1.9500000476837158,1202000
2022-09-07,1.9700000286102295,1.9700000286102295,1.909999966621399,1.940000057220459,1.940000057220459,1294000
2022-09-08,1.940000057220459,1.9500000476837158,1.9199999570846558,1.9500000476837158,1.9500000476837158,1148000
2022-09-09,1.9500000476837158,2.009999990463257,1.9299999475479126,2.0,2.0,1503000
2022-09-13,2.200000047683716,2.240000009536743,1.8700000047683716,1.940000057220459,1.940000057220459,1540073
2022-09-14,1.9299999475479126,1.940000057220459,1.850000023841858,1.940000057220459,1.940000057220459,1094000
2022-09-15,1.9500000476837158,1.9800000190734863,1.9299999475479126,1.9700000286102295,1.9700000286102295,1342000
2022-09-16,1.9500000476837158,2.0,1.9500000476837158,1.9500000476837158,1.9500000476837158,1857000
2022-09-19,1.9700000286102295,1.9700000286102295,1.8799999952316284,1.9299999475479126,1.9299999475479126,1172000
2022-09-20,1.940000057220459,1.940000057220459,1.8899999856948853,1.909999966621399,1.909999966621399,1533000
2022-09-21,1.9199999570846558,1.9199999570846558,1.7799999713897705,1.7799999713897705,1.7799999713897705,998000
2022-09-22,1.7999999523162842,1.8200000524520874,1.6100000143051147,1.6100000143051147,1.6100000143051147,562000
2022-09-23,1.6100000143051147,1.7200000286102295,1.2599999904632568,1.559999942779541,1.559999942779541,2366000
2022-09-26,1.5800000429153442,1.649999976158142,1.4500000476837158,1.5499999523162842,1.5499999523162842,1457000
2022-09-27,1.5299999713897705,1.600000023841858,1.4900000095367432,1.5,1.5,929000
2022-09-28,1.5099999904632568,1.5499999523162842,1.3700000047683716,1.4299999475479126,1.4299999475479126,1219000
2022-09-29,1.4299999475479126,1.4500000476837158,1.3200000524520874,1.409999966621399,1.409999966621399,1475000
2022-09-30,1.4299999475479126,1.4299999475479126,1.3300000429153442,1.3899999856948853,1.3899999856948853,1545000
2022-10-03,1.399999976158142,1.409999966621399,1.2799999713897705,1.399999976158142,1.399999976158142,1357000
2022-10-05,1.399999976158142,1.4700000286102295,1.3700000047683716,1.4700000286102295,1.4700000286102295,1265000
2022-10-06,1.5299999713897705,1.5499999523162842,1.3899999856948853,1.3899999856948853,1.3899999856948853,881000
2022-10-07,1.3300000429153442,1.4199999570846558,1.2999999523162842,1.4199999570846558,1.4199999570846558,1889000
2022-10-10,1.3799999952316284,1.3799999952316284,1.309999942779541,1.3700000047683716,1.3700000047683716,1466000
2022-10-11,1.350000023841858,1.3899999856948853,1.2599999904632568,1.340000033378601,1.340000033378601,2108000
2022-10-12,1.3300000429153442,1.340000033378601,1.2799999713897705,1.2999999523162842,1.2999999523162842,1751000
2022-10-13,1.3200000524520874,1.340000033378601,1.190000057220459,1.2300000190734863,1.2300000190734863,1081000
2022-10-14,1.2999999523162842,1.2999999523162842,1.1699999570846558,1.2400000095367432,1.2400000095367432,1722000
2022-10-17,1.2200000286102295,1.2999999523162842,1.1399999856948853,1.2300000190734863,1.2300000190734863,1722000
2022-10-18,1.25,1.2799999713897705,1.1699999570846558,1.2400000095367432,1.2400000095367432,1453000
2022-10-19,1.25,1.2599999904632568,1.190000057220459,1.2200000286102295,1.2200000286102295,1489000
2022-10-20,1.190000057220459,1.2300000190734863,1.159999966621399,1.190000057220459,1.190000057220459,3436141
2022-10-21,1.190000057220459,1.2200000286102295,1.1100000143051147,1.1399999856948853,1.1399999856948853,1640000
2022-10-24,1.100000023841858,1.1100000143051147,0.9800000190734863,1.0099999904632568,1.0099999904632568,1557000
2022-10-25,1.159999966621399,1.159999966621399,0.8500000238418579,0.8500000238418579,0.8500000238418579,2541000
2022-10-26,0.8500000238418579,0.8700000047683716,0.800000011920929,0.8199999928474426,0.8199999928474426,3308000
2022-10-27,0.8199999928474426,0.8399999737739563,0.7900000214576721,0.8199999928474426,0.8199999928474426,4969000
2022-10-28,0.8299999833106995,0.8299999833106995,0.7200000286102295,0.75,0.75,1568000
2022-10-31,0.7900000214576721,0.7900000214576721,0.6700000166893005,0.6800000071525574,0.6800000071525574,1115000
2022-11-01,0.6800000071525574,0.6800000071525574,0.6200000047683716,0.6700000166893005,0.6700000166893005,2354000
2022-11-02,0.6899999976158142,0.6899999976158142,0.6299999952316284,0.6800000071525574,0.6800000071525574,1451000
2022-11-03,0.6700000166893005,0.6899999976158142,0.6399999856948853,0.6600000262260437,0.6600000262260437,1997000
2022-11-04,0.6600000262260437,0.6700000166893005,0.6200000047683716,0.6299999952316284,0.6299999952316284,5121000
2022-11-07,0.6200000047683716,0.6499999761581421,0.6100000143051147,0.6399999856948853,0.6399999856948853,5948750
2022-11-08,0.6499999761581421,0.6499999761581421,0.5899999737739563,0.6000000238418579,0.6000000238418579,2564993
2022-11-09,0.6000000238418579,0.6299999952316284,0.6000000238418579,0.6100000143051147,0.6100000143051147,3266000
2022-11-10,0.6000000238418579,0.6000000238418579,0.47999998927116394,0.5,0.5,7794026
2022-11-11,0.5400000214576721,0.5600000023841858,0.5299999713897705,0.550000011920929,0.550000011920929,8049000
2022-11-14,0.6100000143051147,1.6100000143051147,0.6100000143051147,1.159999966621399,1.159999966621399,57220000
2022-11-15,1.2200000286102295,1.8300000429153442,1.2200000286102295,1.2300000190734863,1.2300000190734863,90155000
2022-11-16,1.2799999713897705,1.2799999713897705,0.9700000286102295,1.0,1.0,37633000
2022-11-17,1.0399999618530273,1.159999966621399,0.9300000071525574,0.9599999785423279,0.9599999785423279,43535000
2022-11-18,1.0,1.0,0.8500000238418579,0.8700000047683716,0.8700000047683716,26591000
2022-11-21,0.8700000047683716,0.949999988079071,0.8199999928474426,0.8299999833106995,0.8299999833106995,33141000
2022-11-22,0.8799999952316284,0.8999999761581421,0.7099999785423279,0.7799999713897705,0.7799999713897705,38520009
2022-11-23,0.7799999713897705,0.800000011920929,0.7200000286102295,0.75,0.75,22666000
2022-11-24,0.7799999713897705,0.800000011920929,0.7300000190734863,0.800000011920929,0.800000011920929,62739000
2022-11-25,0.8100000023841858,0.8299999833106995,0.75,0.7799999713897705,0.7799999713897705,35766000
2022-11-28,0.7599999904632568,0.7599999904632568,0.7200000286102295,0.7300000190734863,0.7300000190734863,18700003
2022-11-29,0.8199999928474426,1.0800000429153442,0.7799999713897705,1.0,1.0,269136600
2022-11-30,1.0299999713897705,1.090000033378601,0.8999999761581421,0.9200000166893005,0.9200000166893005,109033000
2022-12-01,0.9399999976158142,0.9800000190734863,0.8799999952316284,0.8899999856948853,0.8899999856948853,69662000
2022-12-02,0.9100000262260437,0.9200000166893005,0.8299999833106995,0.8500000238418579,0.8500000238418579,46251554
2022-12-05,0.8899999856948853,0.9399999976158142,0.8399999737739563,0.9200000166893005,0.9200000166893005,79199480
2022-12-06,0.8999999761581421,0.9800000190734863,0.8799999952316284,0.949999988079071,0.949999988079071,67870808
2022-12-07,0.9399999976158142,0.9399999976158142,0.8399999737739563,0.8600000143051147,0.8600000143051147,55952000
2022-12-08,0.8700000047683716,0.9100000262260437,0.8500000238418579,0.8899999856948853,0.8899999856948853,48157000
2022-12-09,0.9200000166893005,1.0499999523162842,0.8999999761581421,1.0399999618530273,1.0399999618530273,191936000
2022-12-12,1.190000057220459,1.2899999618530273,1.0499999523162842,1.100000023841858,1.100000023841858,229071993
2022-12-13,0.9700000286102295,0.9800000190734863,0.8899999856948853,0.9200000166893005,0.9200000166893005,482976000
2022-12-14,0.9399999976158142,0.9599999785423279,0.8700000047683716,0.8799999952316284,0.8799999952316284,89787992
2022-12-15,0.8899999856948853,0.8999999761581421,0.8299999833106995,0.8899999856948853,0.8899999856948853,63655000
2022-12-16,0.9300000071525574,0.9399999976158142,0.8600000143051147,0.8799999952316284,0.8799999952316284,65770000
2022-12-19,0.8799999952316284,0.8799999952316284,0.8299999833106995,0.8600000143051147,0.8600000143051147,41774985
2022-12-20,0.8399999737739563,0.8399999737739563,0.7400000095367432,0.75,0.75,76664000
2022-12-21,0.7599999904632568,0.7799999713897705,0.7300000190734863,0.75,0.75,25522149
2022-12-22,0.7900000214576721,0.8399999737739563,0.7599999904632568,0.7799999713897705,0.7799999713897705,94703000
2022-12-23,0.7699999809265137,0.800000011920929,0.75,0.7900000214576721,0.7900000214576721,43114888
2022-12-28,0.800000011920929,0.8100000023841858,0.7400000095367432,0.7400000095367432,0.7400000095367432,45556000
2022-12-29,0.7400000095367432,0.7400000095367432,0.6899999976158142,0.7200000286102295,0.7200000286102295,46782000
2022-12-30,0.7400000095367432,0.7599999904632568,0.699999988079071,0.7599999904632568,0.7599999904632568,40097000
2023-01-03,0.7599999904632568,0.7900000214576721,0.7300000190734863,0.7799999713897705,0.7799999713897705,28487000
2023-01-04,0.7799999713897705,0.8500000238418579,0.7799999713897705,0.8100000023841858,0.8100000023841858,59029000
2023-01-05,0.8199999928474426,0.8199999928474426,0.7599999904632568,0.7900000214576721,0.7900000214576721,44310000
2023-01-06,0.8199999928474426,0.8199999928474426,0.7699999809265137,0.7900000214576721,0.7900000214576721,68375000
2023-01-09,0.800000011920929,0.800000011920929,0.7599999904632568,0.800000011920929,0.800000011920929,30633990
2023-01-10,0.800000011920929,0.8199999928474426,0.7699999809265137,0.7799999713897705,0.7799999713897705,31190000
2023-01-11,0.7799999713897705,0.7900000214576721,0.75,0.75,0.75,29351000
2023-01-12,0.7599999904632568,0.7599999904632568,0.7099999785423279,0.7200000286102295,0.7200000286102295,30904000
2023-01-13,0.7300000190734863,0.75,0.7200000286102295,0.75,0.75,16069000
2023-01-16,0.7400000095367432,0.7599999904632568,0.7300000190734863,0.7400000095367432,0.7400000095367432,16750000
2023-01-17,0.7400000095367432,0.7400000095367432,0.7099999785423279,0.7200000286102295,0.7200000286102295,13208000
2023-01-18,0.7300000190734863,0.7300000190734863,0.699999988079071,0.699999988079071,0.699999988079071,15787000
2023-01-19,0.7099999785423279,0.7300000190734863,0.699999988079071,0.7099999785423279,0.7099999785423279,1343000
2023-01-20,0.7099999785423279,0.7599999904632568,0.7099999785423279,0.7300000190734863,0.7300000190734863,1821000
2023-01-26,0.75,0.8299999833106995,0.75,0.8100000023841858,0.8100000023841858,3963000
2023-01-27,0.800000011920929,0.8199999928474426,0.7900000214576721,0.8100000023841858,0.8100000023841858,2216000
2023-01-30,0.7900000214576721,0.7900000214576721,0.7300000190734863,0.75,0.75,35949000
2023-01-31,0.7599999904632568,0.7599999904632568,0.7400000095367432,0.7599999904632568,0.7599999904632568,12030100
2023-02-01,0.75,0.7799999713897705,0.75,0.7699999809265137,0.7699999809265137,11394438
2023-02-02,0.7799999713897705,0.7799999713897705,0.7599999904632568,0.7699999809265137,0.7699999809265137,14768000
2023-02-03,0.7799999713897705,0.7799999713897705,0.75,0.75,0.75,12082000
2023-02-06,0.7599999904632568,0.75,0.699999988079071,0.7099999785423279,0.7099999785423279,28562000
2023-02-07,0.7200000286102295,0.7400000095367432,0.7099999785423279,0.7200000286102295,0.7200000286102295,14494000
2023-02-08,0.7300000190734863,0.7300000190734863,0.699999988079071,0.699999988079071,0.699999988079071,9534000
2023-02-09,0.7099999785423279,0.7099999785423279,0.6899999976158142,0.7099999785423279,0.7099999785423279,13437000
2023-02-10,0.7099999785423279,0.7099999785423279,0.699999988079071,0.699999988079071,0.699999988079071,14554000
2023-02-13,0.7200000286102295,0.7200000286102295,0.6899999976158142,0.699999988079071,0.699999988079071,10581481
2023-02-14,0.7099999785423279,0.7200000286102295,0.6899999976158142,0.699999988079071,0.699999988079071,13491000
2023-02-15,0.699999988079071,0.699999988079071,0.6600000262260437,0.6600000262260437,0.6600000262260437,19807000
2023-02-16,0.6700000166893005,0.6899999976158142,0.6600000262260437,0.6700000166893005,0.6700000166893005,14228000
2023-02-17,0.6700000166893005,0.6800000071525574,0.6600000262260437,0.6800000071525574,0.6800000071525574,8323000
2023-02-20,0.6800000071525574,0.7200000286102295,0.6600000262260437,0.6899999976158142,0.6899999976158142,23668011
2023-02-21,0.7099999785423279,0.7599999904632568,0.6899999976158142,0.699999988079071,0.699999988079071,33681000
2023-02-22,0.699999988079071,0.699999988079071,0.6700000166893005,0.6899999976158142,0.6899999976158142,12469967
2023-02-23,0.6899999976158142,0.6899999976158142,0.6800000071525574,0.6899999976158142,0.6899999976158142,7419000
2023-02-24,0.6899999976158142,0.6899999976158142,0.6600000262260437,0.6700000166893005,0.6700000166893005,19093000
2023-02-27,0.6800000071525574,0.6899999976158142,0.6600000262260437,0.6700000166893005,0.6700000166893005,9979000
2023-02-28,0.6800000071525574,0.6899999976158142,0.6399999856948853,0.6399999856948853,0.6399999856948853,32426000
2023-03-01,0.6499999761581421,0.6899999976158142,0.6499999761581421,0.6899999976158142,0.6899999976158142,18802000
2023-03-02,0.6899999976158142,0.699999988079071,0.6800000071525574,0.6899999976158142,0.6899999976158142,4438000
2023-03-03,0.6800000071525574,0.7099999785423279,0.6800000071525574,0.699999988079071,0.699999988079071,12476000
2023-03-06,0.7099999785423279,0.7099999785423279,0.6700000166893005,0.6899999976158142,0.6899999976158142,5737000
2023-03-07,0.6899999976158142,0.699999988079071,0.6600000262260437,0.6800000071525574,0.6800000071525574,9833000
2023-03-08,0.6700000166893005,0.6700000166893005,0.6399999856948853,0.6499999761581421,0.6499999761581421,13488000
2023-03-09,0.6499999761581421,0.6700000166893005,0.6399999856948853,0.6499999761581421,0.6499999761581421,8734000
2023-03-10,0.6399999856948853,0.6399999856948853,0.6200000047683716,0.6299999952316284,0.6299999952316284,10458000
2023-03-13,0.6299999952316284,0.6399999856948853,0.5899999737739563,0.6000000238418579,0.6000000238418579,27578000
2023-03-14,0.6000000238418579,0.6000000238418579,0.5699999928474426,0.5699999928474426,0.5699999928474426,16245000
2023-03-15,0.5799999833106995,0.6100000143051147,0.5799999833106995,0.5899999737739563,0.5899999737739563,10825000
2023-03-16,0.5899999737739563,0.6100000143051147,0.5799999833106995,0.5899999737739563,0.5899999737739563,12335000
2023-03-17,0.6000000238418579,0.6299999952316284,0.6000000238418579,0.6200000047683716,0.6200000047683716,12371000
2023-03-20,0.6200000047683716,0.6399999856948853,0.5899999737739563,0.5899999737739563,0.5899999737739563,8692000
2023-03-21,0.6000000238418579,0.6100000143051147,0.5799999833106995,0.6000000238418579,0.6000000238418579,7974000
2023-03-22,0.6100000143051147,0.6200000047683716,0.6000000238418579,0.6200000047683716,0.6200000047683716,6100000
2023-03-23,0.6100000143051147,0.6200000047683716,0.5799999833106995,0.5899999737739563,0.5899999737739563,16390000
2023-03-24,0.5899999737739563,0.5899999737739563,0.5699999928474426,0.5699999928474426,0.5699999928474426,15969000
2023-03-27,0.5799999833106995,0.5799999833106995,0.550000011920929,0.5600000023841858,0.5600000023841858,10603000
2023-03-28,0.5699999928474426,0.5699999928474426,0.550000011920929,0.5600000023841858,0.5600000023841858,7170000
2023-03-29,0.5600000023841858,0.5799999833106995,0.550000011920929,0.5799999833106995,0.5799999833106995,15307000
2023-03-30,0.5799999833106995,0.6100000143051147,0.5600000023841858,0.6100000143051147,0.6100000143051147,14062000
2023-03-31,0.6000000238418579,0.6100000143051147,0.5899999737739563,0.5899999737739563,0.5899999737739563,19158000
2023-04-03,0.6100000143051147,0.6299999952316284,0.6000000238418579,0.6299999952316284,0.6299999952316284,26769000
2023-04-04,0.6299999952316284,0.6299999952316284,0.5799999833106995,0.5899999737739563,0.5899999737739563,12842000
2023-04-06,0.5899999737739563,0.5899999737739563,0.5699999928474426,0.5799999833106995,0.5799999833106995,7535000
2023-04-11,0.5899999737739563,0.6200000047683716,0.5799999833106995,0.6200000047683716,0.6200000047683716,22204000
2023-04-12,0.6200000047683716,0.6299999952316284,0.6000000238418579,0.6200000047683716,0.6200000047683716,9770000
2023-04-13,0.6200000047683716,0.6299999952316284,0.6000000238418579,0.6299999952316284,0.6299999952316284,10936000
2023-04-14,0.6299999952316284,0.6399999856948853,0.6200000047683716,0.6399999856948853,0.6399999856948853,10495000
2023-04-17,0.6399999856948853,0.6499999761581421,0.6299999952316284,0.6399999856948853,0.6399999856948853,5239000
2023-04-18,0.6299999952316284,0.6399999856948853,0.6000000238418579,0.6100000143051147,0.6100000143051147,9197000
2023-04-19,0.6100000143051147,0.6100000143051147,0.5799999833106995,0.5799999833106995,0.5799999833106995,18687000
2023-04-20,0.5799999833106995,0.5899999737739563,0.5699999928474426,0.5799999833106995,0.5799999833106995,6676000
2023-04-21,0.5799999833106995,0.6000000238418579,0.5699999928474426,0.5899999737739563,0.5899999737739563,5705000
2023-04-24,0.5799999833106995,0.5799999833106995,0.5699999928474426,0.5699999928474426,0.5699999928474426,2676000
2023-04-25,0.5799999833106995,0.5799999833106995,0.5400000214576721,0.550000011920929,0.550000011920929,10153000
2023-04-26,0.5400000214576721,0.5699999928474426,0.5299999713897705,0.5699999928474426,0.5699999928474426,6219000
2023-04-27,0.5600000023841858,0.5699999928474426,0.550000011920929,0.5600000023841858,0.5600000023841858,5606000
2023-04-28,0.5699999928474426,0.5699999928474426,0.550000011920929,0.5600000023841858,0.5600000023841858,4397328
2023-05-02,0.6299999952316284,0.6299999952316284,0.5799999833106995,0.6000000238418579,0.6000000238418579,180000
2023-05-03,0.5699999928474426,0.5799999833106995,0.5199999809265137,0.5400000214576721,0.5400000214576721,1217000
2023-05-04,0.550000011920929,0.5600000023841858,0.5199999809265137,0.550000011920929,0.550000011920929,7307000
2023-05-05,0.5400000214576721,0.5699999928474426,0.5400000214576721,0.5600000023841858,0.5600000023841858,13450000
2023-05-08,0.5699999928474426,0.5699999928474426,0.5299999713897705,0.5400000214576721,0.5400000214576721,10496000
2023-05-09,0.5400000214576721,0.5600000023841858,0.5199999809265137,0.5199999809265137,0.5199999809265137,14804000
2023-05-10,0.5299999713897705,0.5299999713897705,0.5099999904632568,0.5199999809265137,0.5199999809265137,6257000
2023-05-11,0.5199999809265137,0.5199999809265137,0.5099999904632568,0.5199999809265137,0.5199999809265137,3392000
2023-05-12,0.5199999809265137,0.5199999809265137,0.49000000953674316,0.5,0.5,13373000
2023-05-15,0.4950000047683716,0.4950000047683716,0.4749999940395355,0.4950000047683716,0.4950000047683716,9449000
2023-05-16,0.4950000047683716,0.5,0.4749999940395355,0.47999998927116394,0.47999998927116394,12629000
2023-05-17,0.47999998927116394,0.48500001430511475,0.45500001311302185,0.46000000834465027,0.46000000834465027,13552000
2023-05-18,0.46000000834465027,0.4650000035762787,0.4399999976158142,0.4449999928474426,0.4449999928474426,8456000
2023-05-19,0.4449999928474426,0.45500001311302185,0.4350000023841858,0.4449999928474426,0.4449999928474426,15192000
2023-05-22,0.4449999928474426,0.45500001311302185,0.4399999976158142,0.4449999928474426,0.4449999928474426,4534000
2023-05-23,0.4449999928474426,0.4449999928474426,0.4300000071525574,0.4350000023841858,0.4350000023841858,5289000
2023-05-24,0.4350000023841858,0.4350000023841858,0.4000000059604645,0.4000000059604645,0.4000000059604645,14692000
2023-05-25,0.4000000059604645,0.4000000059604645,0.3700000047683716,0.3799999952316284,0.3799999952316284,14826000
2023-05-29,0.38499999046325684,0.38499999046325684,0.36000001430511475,0.3700000047683716,0.3700000047683716,6910000
2023-05-30,0.3700000047683716,0.38499999046325684,0.35499998927116394,0.3799999952316284,0.3799999952316284,17177000
2023-05-31,0.38499999046325684,0.38499999046325684,0.36500000953674316,0.3700000047683716,0.3700000047683716,6748000
2023-06-01,0.375,0.3799999952316284,0.3700000047683716,0.375,0.375,2448000
2023-06-02,0.3799999952316284,0.42500001192092896,0.3799999952316284,0.42500001192092896,0.42500001192092896,23763000
2023-06-05,0.4300000071525574,0.41999998688697815,0.4000000059604645,0.4099999964237213,0.4099999964237213,10407000
2023-06-06,0.4050000011920929,0.4650000035762787,0.4050000011920929,0.4300000071525574,0.4300000071525574,52963000
2023-06-07,0.4399999976158142,0.44999998807907104,0.42500001192092896,0.4300000071525574,0.4300000071525574,13856000
2023-06-08,0.4399999976158142,0.4650000035762787,0.41999998688697815,0.45500001311302185,0.45500001311302185,24934000
2023-06-09,0.46000000834465027,0.46000000834465027,0.4399999976158142,0.4449999928474426,0.4449999928474426,9948000
2023-06-12,0.4449999928474426,0.4449999928474426,0.41499999165534973,0.41999998688697815,0.41999998688697815,10857000
2023-06-13,0.41499999165534973,0.4399999976158142,0.41499999165534973,0.41999998688697815,0.41999998688697815,11506000
2023-06-14,0.42500001192092896,0.42500001192092896,0.38999998569488525,0.38999998569488525,0.38999998569488525,15083000
2023-06-15,0.38999998569488525,0.41999998688697815,0.38999998569488525,0.41499999165534973,0.41499999165534973,20047000
2023-06-16,0.41999998688697815,0.4300000071525574,0.4050000011920929,0.41999998688697815,0.41999998688697815,19696000
2023-06-19,0.42500001192092896,0.4300000071525574,0.4050000011920929,0.41499999165534973,0.41499999165534973,4369000
2023-06-20,0.4099999964237213,0.41499999165534973,0.39500001072883606,0.4050000011920929,0.4050000011920929,9826000
2023-06-21,0.39500001072883606,0.4050000011920929,0.38499999046325684,0.38499999046325684,0.38499999046325684,9948000
2023-06-23,0.375,0.4300000071525574,0.36000001430511475,0.3799999952316284,0.3799999952316284,3383000
2023-06-26,0.3799999952316284,0.38999998569488525,0.3700000047683716,0.3799999952316284,0.3799999952316284,4995000
2023-06-27,0.375,0.4099999964237213,0.375,0.4050000011920929,0.4050000011920929,15710000
2023-06-28,0.41499999165534973,0.41499999165534973,0.39500001072883606,0.4000000059604645,0.4000000059604645,6413000
2023-06-29,0.4050000011920929,0.4050000011920929,0.3799999952316284,0.3799999952316284,0.3799999952316284,7366000
2023-06-30,0.3799999952316284,0.4000000059604645,0.3799999952316284,0.38499999046325684,0.38499999046325684,9677000
2023-07-03,0.39500001072883606,0.39500001072883606,0.3799999952316284,0.39500001072883606,0.39500001072883606,6020000
2023-07-04,0.38999998569488525,0.39500001072883606,0.38499999046325684,0.38999998569488525,0.38999998569488525,5321000
2023-07-05,0.39500001072883606,0.39500001072883606,0.3799999952316284,0.3799999952316284,0.3799999952316284,4154000
2023-07-06,0.38999998569488525,0.39500001072883606,0.3799999952316284,0.38499999046325684,0.38499999046325684,4763000
2023-07-07,0.38999998569488525,0.39500001072883606,0.38499999046325684,0.38999998569488525,0.38999998569488525,6283000
2023-07-10,0.39500001072883606,0.39500001072883606,0.38499999046325684,0.38999998569488525,0.38999998569488525,3609000
2023-07-11,0.4000000059604645,0.41499999165534973,0.38999998569488525,0.38999998569488525,0.38999998569488525,15805000
2023-07-12,0.39500001072883606,0.39500001072883606,0.375,0.38999998569488525,0.38999998569488525,17454000
2023-07-13,0.39500001072883606,0.4000000059604645,0.38999998569488525,0.39500001072883606,0.39500001072883606,12684237
2023-07-14,0.39500001072883606,0.39500001072883606,0.38499999046325684,0.39500001072883606,0.39500001072883606,7680000
2023-07-18,0.38999998569488525,0.38499999046325684,0.3799999952316284,0.3799999952316284,0.3799999952316284,9992000
2023-07-19,0.3799999952316284,0.38499999046325684,0.375,0.38499999046325684,0.38499999046325684,3361000
2023-07-20,0.3799999952316284,0.38999998569488525,0.3799999952316284,0.38499999046325684,0.38499999046325684,5393000
2023-07-21,0.3799999952316284,0.38999998569488525,0.375,0.3799999952316284,0.3799999952316284,5919000
2023-07-24,0.38999998569488525,0.38999998569488525,0.36500000953674316,0.3700000047683716,0.3700000047683716,9346000
2023-07-25,0.38999998569488525,0.4099999964237213,0.3799999952316284,0.4050000011920929,0.4050000011920929,31827000
2023-07-26,0.4099999964237213,0.41499999165534973,0.4000000059604645,0.4050000011920929,0.4050000011920929,18459000
2023-07-27,0.4099999964237213,0.46000000834465027,0.39500001072883606,0.4449999928474426,0.4449999928474426,47310000
2023-07-28,0.44999998807907104,0.4699999988079071,0.4300000071525574,0.4449999928474426,0.4449999928474426,34492000
2023-07-31,0.45500001311302185,0.5099999904632568,0.45500001311302185,0.4699999988079071,0.4699999988079071,62738000
2023-08-01,0.49000000953674316,0.49000000953674316,0.4350000023841858,0.4350000023841858,0.4350000023841858,30897000
2023-08-02,0.4449999928474426,0.4650000035762787,0.42500001192092896,0.42500001192092896,0.42500001192092896,21827000
2023-08-03,0.4300000071525574,0.4350000023841858,0.4099999964237213,0.42500001192092896,0.42500001192092896,10514000
2023-08-04,0.4399999976158142,0.45500001311302185,0.42500001192092896,0.42500001192092896,0.42500001192092896,18155000
2023-08-07,0.42500001192092896,0.42500001192092896,0.4000000059604645,0.4000000059604645,0.4000000059604645,13138000
2023-08-08,0.4050000011920929,0.4050000011920929,0.3799999952316284,0.3799999952316284,0.3799999952316284,10661000
2023-08-09,0.38999998569488525,0.39500001072883606,0.3799999952316284,0.38499999046325684,0.38499999046325684,7725000
2023-08-10,0.38999998569488525,0.38999998569488525,0.3799999952316284,0.38499999046325684,0.38499999046325684,4814000
2023-08-11,0.38499999046325684,0.38999998569488525,0.375,0.3799999952316284,0.3799999952316284,7518000
2023-08-14,0.38999998569488525,0.38999998569488525,0.36000001430511475,0.36000001430511475,0.36000001430511475,9933000
2023-08-15,0.36500000953674316,0.375,0.36000001430511475,0.36500000953674316,0.36500000953674316,6692000
2023-08-16,0.36500000953674316,0.38499999046325684,0.36000001430511475,0.3700000047683716,0.3700000047683716,5838000
2023-08-17,0.3700000047683716,0.3700000047683716,0.36000001430511475,0.36500000953674316,0.36500000953674316,5722000
2023-08-18,0.3700000047683716,0.375,0.36000001430511475,0.36000001430511475,0.36000001430511475,7719000
2023-08-21,0.36500000953674316,0.3700000047683716,0.3499999940395355,0.3499999940395355,0.3499999940395355,4064000
2023-08-22,0.35499998927116394,0.36000001430511475,0.33500000834465027,0.3499999940395355,0.3499999940395355,10097000
2023-08-23,0.3499999940395355,0.35499998927116394,0.32499998807907104,0.32499998807907104,0.32499998807907104,10003000
2023-08-24,0.32499998807907104,0.3400000035762787,0.32499998807907104,0.33500000834465027,0.33500000834465027,4655000
2023-08-25,0.33500000834465027,0.3449999988079071,0.32499998807907104,0.33500000834465027,0.33500000834465027,9883000
2023-08-28,0.3499999940395355,0.36500000953674316,0.3400000035762787,0.3400000035762787,0.3400000035762787,13084000
2023-08-29,0.3449999988079071,0.36500000953674316,0.3400000035762787,0.36500000953674316,0.36500000953674316,13365000
2023-08-30,0.36500000953674316,0.3799999952316284,0.3499999940395355,0.3499999940395355,0.3499999940395355,8359000
2023-08-31,0.36000001430511475,0.36500000953674316,0.3400000035762787,0.3499999940395355,0.3499999940395355,8424000
2023-09-04,0.35499998927116394,0.38999998569488525,0.35499998927116394,0.38999998569488525,0.38999998569488525,27478000
2023-09-05,0.3799999952316284,0.3799999952316284,0.22499999403953552,0.2409999966621399,0.2409999966621399,44978000
2023-09-06,0.2549999952316284,0.2849999964237213,0.23000000417232513,0.25,0.25,27994000
2023-09-07,0.25999999046325684,0.3050000071525574,0.2409999966621399,0.25999999046325684,0.25999999046325684,29003000
2023-09-11,0.25999999046325684,0.25999999046325684,0.23399999737739563,0.23899999260902405,0.23899999260902405,8200000
2023-09-12,0.23499999940395355,0.27000001072883606,0.21899999678134918,0.25999999046325684,0.25999999046325684,10203000
2023-09-13,0.25999999046325684,0.29499998688697815,0.24899999797344208,0.26499998569488525,0.26499998569488525,20819000
2023-09-14,0.26499998569488525,0.2750000059604645,0.23000000417232513,0.2370000034570694,0.2370000034570694,8352000
2023-09-15,0.23100000619888306,0.24199999868869781,0.22499999403953552,0.22599999606609344,0.22599999606609344,4058000
2023-09-18,0.21699999272823334,0.23999999463558197,0.21199999749660492,0.2280000001192093,0.2280000001192093,1823000
2023-09-19,0.2280000001192093,0.2280000001192093,0.20800000429153442,0.20999999344348907,0.20999999344348907,3826000
2023-09-20,0.20999999344348907,0.210999995470047,0.1940000057220459,0.20000000298023224,0.20000000298023224,2824000
2023-09-21,0.20600000023841858,0.21699999272823334,0.1979999989271164,0.19900000095367432,0.19900000095367432,4149000
2023-09-22,0.2160000056028366,0.2160000056028366,0.1979999989271164,0.20800000429153442,0.20800000429153442,2412000
2023-09-25,0.20999999344348907,0.20999999344348907,0.19499999284744263,0.1979999989271164,0.1979999989271164,1249000
2023-09-26,0.1940000057220459,0.19900000095367432,0.18199999630451202,0.18199999630451202,0.18199999630451202,2042000
2023-09-27,0.18199999630451202,0.1889999955892563,0.17900000512599945,0.18199999630451202,0.18199999630451202,3208000
2023-09-28,0.18199999630451202,0.18299999833106995,0.17100000381469727,0.17299999296665192,0.17299999296665192,4003000
2023-09-29,0.17100000381469727,0.18199999630451202,0.16899999976158142,0.17299999296665192,0.17299999296665192,1062000
2023-10-03,0.16599999368190765,0.17499999701976776,0.16300000250339508,0.1679999977350235,0.1679999977350235,869000
2023-10-04,0.1850000023841858,0.18799999356269836,0.16699999570846558,0.17000000178813934,0.17000000178813934,2457000
2023-10-05,0.1679999977350235,0.18000000715255737,0.1679999977350235,0.17800000309944153,0.17800000309944153,1466000
2023-10-06,0.17100000381469727,0.17499999701976776,0.16099999845027924,0.16599999368190765,0.16599999368190765,2473000
2023-10-09,0.1599999964237213,0.17299999296665192,0.15199999511241913,0.1589999943971634,0.1589999943971634,859000
2023-10-10,0.1589999943971634,0.1599999964237213,0.1420000046491623,0.15000000596046448,0.15000000596046448,4253000
2023-10-11,0.14900000393390656,0.15600000321865082,0.1459999978542328,0.15299999713897705,0.15299999713897705,3226000
2023-10-12,0.15000000596046448,0.16500000655651093,0.1459999978542328,0.1459999978542328,0.1459999978542328,2918000
2023-10-13,0.15000000596046448,0.15000000596046448,0.1420000046491623,0.1420000046491623,0.1420000046491623,1298000
2023-10-16,0.1420000046491623,0.1459999978542328,0.12800000607967377,0.13500000536441803,0.13500000536441803,5106000
2023-10-17,0.14399999380111694,0.14499999582767487,0.1289999932050705,0.1379999965429306,0.1379999965429306,1958000
2023-10-18,0.12600000202655792,0.14000000059604645,0.12600000202655792,0.13699999451637268,0.13699999451637268,4906000
2023-10-19,0.12200000137090683,0.13699999451637268,0.12200000137090683,0.125,0.125,1165000
2023-10-20,0.1289999932050705,0.1289999932050705,0.11699999868869781,0.12099999934434891,0.12099999934434891,2552000
2023-10-24,0.12099999934434891,0.12700000405311584,0.11500000208616257,0.12099999934434891,0.12099999934434891,2378000
2023-10-25,0.12099999934434891,0.1340000033378601,0.11999999731779099,0.125,0.125,4130000
2023-10-26,0.12200000137090683,0.12999999523162842,0.11999999731779099,0.12600000202655792,0.12600000202655792,418000
2023-10-27,0.13899999856948853,0.13600000739097595,0.12200000137090683,0.12600000202655792,0.12600000202655792,808000
2023-10-30,0.11500000208616257,0.125,0.11500000208616257,0.11699999868869781,0.11699999868869781,2741000
2023-10-31,0.11500000208616257,0.11999999731779099,0.11500000208616257,0.11599999666213989,0.11599999666213989,533000
2023-11-01,0.11500000208616257,0.11999999731779099,0.11100000143051147,0.11500000208616257,0.11500000208616257,950000
2023-11-02,0.10999999940395355,0.13500000536441803,0.10999999940395355,0.12700000405311584,0.12700000405311584,192000
2023-11-03,0.12099999934434891,0.12099999934434891,0.11299999803304672,0.11699999868869781,0.11699999868869781,470000
2023-11-06,0.1379999965429306,0.1379999965429306,0.11500000208616257,0.11900000274181366,0.11900000274181366,6182000
2023-11-07,0.12099999934434891,0.12200000137090683,0.11699999868869781,0.11800000071525574,0.11800000071525574,1007000
2023-11-08,0.13099999725818634,0.13099999725818634,0.11800000071525574,0.12800000607967377,0.12800000607967377,2473000
2023-11-09,0.13899999856948853,0.13899999856948853,0.12099999934434891,0.12300000339746475,0.12300000339746475,897000
2023-11-10,0.12099999934434891,0.12800000607967377,0.12099999934434891,0.12300000339746475,0.12300000339746475,671000
2023-11-13,0.11999999731779099,0.12099999934434891,0.11299999803304672,0.11599999666213989,0.11599999666213989,1735000
2023-11-14,0.11299999803304672,0.11900000274181366,0.11299999803304672,0.11599999666213989,0.11599999666213989,1051000
2023-11-15,0.12800000607967377,0.11999999731779099,0.11100000143051147,0.11500000208616257,0.11500000208616257,820000
2023-11-16,0.125,0.125,0.11299999803304672,0.11500000208616257,0.11500000208616257,1002000
2023-11-17,0.1120000034570694,0.1120000034570694,0.10199999809265137,0.1080000028014183,0.1080000028014183,1718000
2023-11-20,0.1080000028014183,0.11100000143051147,0.10199999809265137,0.10599999874830246,0.10599999874830246,467000
2023-11-21,0.11299999803304672,0.11800000071525574,0.10000000149011612,0.10400000214576721,0.10400000214576721,3206000
2023-11-22,0.11699999868869781,0.11699999868869781,0.10100000351667404,0.10599999874830246,0.10599999874830246,300000
2023-11-23,0.10700000077486038,0.14900000393390656,0.10700000077486038,0.13699999451637268,0.13699999451637268,9265000
2023-11-24,0.1420000046491623,0.1420000046491623,0.12999999523162842,0.13099999725818634,0.13099999725818634,4459000
2023-11-27,0.14399999380111694,0.14399999380111694,0.12700000405311584,0.12999999523162842,0.12999999523162842,2303000
2023-11-28,0.12999999523162842,0.14000000059604645,0.12099999934434891,0.13899999856948853,0.13899999856948853,1785000
2023-11-29,0.13500000536441803,0.14100000262260437,0.12800000607967377,0.12999999523162842,0.12999999523162842,1528000
2023-11-30,0.1379999965429306,0.1379999965429306,0.12600000202655792,0.13500000536441803,0.13500000536441803,2017000
2023-12-01,0.13500000536441803,0.13500000536441803,0.12099999934434891,0.12099999934434891,0.12099999934434891,1772000
2023-12-04,0.12099999934434891,0.1289999932050705,0.11500000208616257,0.12399999797344208,0.12399999797344208,2237000
2023-12-05,0.13899999856948853,0.13899999856948853,0.11599999666213989,0.125,0.125,331000
2023-12-06,0.11900000274181366,0.1289999932050705,0.11299999803304672,0.12099999934434891,0.12099999934434891,534000
2023-12-07,0.11999999731779099,0.12700000405311584,0.11299999803304672,0.11299999803304672,0.11299999803304672,921000
2023-12-08,0.11299999803304672,0.12700000405311584,0.11299999803304672,0.11999999731779099,0.11999999731779099,170000
2023-12-11,0.11500000208616257,0.11500000208616257,0.10300000011920929,0.11299999803304672,0.11299999803304672,957000
2023-12-12,0.1080000028014183,0.125,0.10599999874830246,0.10599999874830246,0.10599999874830246,1940000
2023-12-13,0.10599999874830246,0.11100000143051147,0.09200000017881393,0.09600000083446503,0.09600000083446503,2495000
2023-12-14,0.1080000028014183,0.1080000028014183,0.0989999994635582,0.0989999994635582,0.0989999994635582,2090000
2023-12-15,0.09600000083446503,0.11299999803304672,0.09600000083446503,0.10700000077486038,0.10700000077486038,5156000
2023-12-18,0.1080000028014183,0.12200000137090683,0.10300000011920929,0.11599999666213989,0.11599999666213989,241000
2023-12-19,0.11500000208616257,0.11500000208616257,0.09799999743700027,0.09799999743700027,0.09799999743700027,2305200
2023-12-20,0.10899999737739563,0.10899999737739563,0.10000000149011612,0.10000000149011612,0.10000000149011612,769000
2023-12-21,0.10000000149011612,0.10400000214576721,0.10000000149011612,0.10000000149011612,0.10000000149011612,565000
2023-12-22,0.11599999666213989,0.11599999666213989,0.10000000149011612,0.10999999940395355,0.10999999940395355,615000
2023-12-27,0.11699999868869781,0.11699999868869781,0.0989999994635582,0.10000000149011612,0.10000000149011612,748000
2023-12-28,0.10999999940395355,0.11800000071525574,0.0989999994635582,0.10000000149011612,0.10000000149011612,1219000
2023-12-29,0.10899999737739563,0.10899999737739563,0.09600000083446503,0.10400000214576721,0.10400000214576721,963000
2024-01-02,0.10999999940395355,0.11999999731779099,0.10899999737739563,0.11400000005960464,0.11400000005960464,1428000
2024-01-03,0.11500000208616257,0.12999999523162842,0.11400000005960464,0.11800000071525574,0.11800000071525574,999000
2024-01-04,0.11999999731779099,0.12800000607967377,0.10599999874830246,0.11999999731779099,0.11999999731779099,2511000
2024-01-05,0.12999999523162842,0.12999999523162842,0.12099999934434891,0.125,0.125,154000
2024-01-08,0.12600000202655792,0.12600000202655792,0.1080000028014183,0.10899999737739563,0.10899999737739563,66000
2024-01-09,0.11999999731779099,0.11999999731779099,0.10300000011920929,0.1080000028014183,0.1080000028014183,54000
2024-01-10,0.13699999451637268,0.13699999451637268,0.10899999737739563,0.11100000143051147,0.11100000143051147,10000
2024-01-11,0.1080000028014183,0.12200000137090683,0.10499999672174454,0.10499999672174454,0.10499999672174454,857000
2024-01-12,0.12099999934434891,0.12099999934434891,0.10599999874830246,0.10599999874830246,0.10599999874830246,66000
2024-01-15,0.10599999874830246,0.10599999874830246,0.10599999874830246,0.10599999874830246,0.10599999874830246,0
2024-01-16,0.11999999731779099,0.11999999731779099,0.10999999940395355,0.11100000143051147,0.11100000143051147,208000
2024-01-17,0.11999999731779099,0.11999999731779099,0.10400000214576721,0.10499999672174454,0.10499999672174454,908000
2024-01-18,0.10100000351667404,0.12800000607967377,0.10100000351667404,0.10999999940395355,0.10999999940395355,480000
2024-01-19,0.10999999940395355,0.11400000005960464,0.10599999874830246,0.11400000005960464,0.11400000005960464,173000
2024-01-22,0.11800000071525574,0.11800000071525574,0.10400000214576721,0.10400000214576721,0.10400000214576721,504000
2024-01-23,0.10400000214576721,0.11800000071525574,0.10400000214576721,0.10499999672174454,0.10499999672174454,427000
2024-01-24,0.10499999672174454,0.1080000028014183,0.10300000011920929,0.10499999672174454,0.10499999672174454,296000
2024-01-25,0.12800000607967377,0.12800000607967377,0.1080000028014183,0.11400000005960464,0.11400000005960464,91000
2024-01-26,0.12700000405311584,0.11299999803304672,0.10599999874830246,0.10700000077486038,0.10700000077486038,417000
2024-01-29,0.10700000077486038,0.11599999666213989,0.10400000214576721,0.10400000214576721,0.10400000214576721,301000
2024-01-30,0.10400000214576721,0.11500000208616257,0.09600000083446503,0.09700000286102295,0.09700000286102295,800000
2024-01-31,0.10000000149011612,0.10000000149011612,0.09300000220537186,0.09399999678134918,0.09399999678134918,122000
2024-02-01,0.09300000220537186,0.0949999988079071,0.08799999952316284,0.09200000017881393,0.09200000017881393,884000
2024-02-02,0.0949999988079071,0.09600000083446503,0.0949999988079071,0.09600000083446503,0.09600000083446503,119000
2024-02-05,0.0949999988079071,0.10100000351667404,0.09099999815225601,0.09099999815225601,0.09099999815225601,220000
2024-02-06,0.0949999988079071,0.09799999743700027,0.09099999815225601,0.09200000017881393,0.09200000017881393,1454000
2024-02-07,0.09000000357627869,0.09700000286102295,0.09000000357627869,0.09000000357627869,0.09000000357627869,2484000
2024-02-08,0.09099999815225601,0.10499999672174454,0.09000000357627869,0.09799999743700027,0.09799999743700027,727000
2024-02-09,0.0949999988079071,0.0949999988079071,0.0949999988079071,0.0949999988079071,0.0949999988079071,0
2024-02-14,0.0949999988079071,0.10400000214576721,0.08900000154972076,0.09399999678134918,0.09399999678134918,400000
2024-02-15,0.08799999952316284,0.10199999809265137,0.08799999952316284,0.09600000083446503,0.09600000083446503,311000
2024-02-16,0.08799999952316284,0.10999999940395355,0.08799999952316284,0.10499999672174454,0.10499999672174454,1799000
2024-02-19,0.09300000220537186,0.11400000005960464,0.09300000220537186,0.10000000149011612,0.10000000149011612,339000
2024-02-20,0.10000000149011612,0.10000000149011612,0.09300000220537186,0.0949999988079071,0.0949999988079071,454000
2024-02-21,0.10400000214576721,0.10400000214576721,0.09000000357627869,0.10000000149011612,0.10000000149011612,1123000
2024-02-22,0.09200000017881393,0.0989999994635582,0.09200000017881393,0.09700000286102295,0.09700000286102295,323000
2024-02-23,0.09300000220537186,0.10300000011920929,0.09000000357627869,0.0989999994635582,0.0989999994635582,1293000
2024-02-26,0.09799999743700027,0.09799999743700027,0.09300000220537186,0.09700000286102295,0.09700000286102295,1405000
2024-02-27,0.09099999815225601,0.09399999678134918,0.08799999952316284,0.09300000220537186,0.09300000220537186,1498000
2024-02-28,0.08799999952316284,0.0949999988079071,0.08399999886751175,0.09000000357627869,0.09000000357627869,878000
2024-02-29,0.09099999815225601,0.09600000083446503,0.09099999815225601,0.09300000220537186,0.09300000220537186,263000
2024-03-01,0.09700000286102295,0.09700000286102295,0.09000000357627869,0.0949999988079071,0.0949999988079071,81000
2024-03-04,0.09799999743700027,0.09799999743700027,0.0860000029206276,0.0860000029206276,0.0860000029206276,2079000
2024-03-05,0.08799999952316284,0.0949999988079071,0.08699999749660492,0.08799999952316284,0.08799999952316284,108000
2024-03-06,0.0860000029206276,0.09600000083446503,0.0860000029206276,0.08900000154972076,0.08900000154972076,786000
2024-03-07,0.09600000083446503,0.09700000286102295,0.08699999749660492,0.09600000083446503,0.09600000083446503,405000
2024-03-08,0.08900000154972076,0.09399999678134918,0.08399999886751175,0.09000000357627869,0.09000000357627869,1663000
2024-03-11,0.08500000089406967,0.09200000017881393,0.08500000089406967,0.08699999749660492,0.08699999749660492,2930000
2024-03-12,0.09200000017881393,0.09200000017881393,0.09000000357627869,0.09099999815225601,0.09099999815225601,3314000
2024-03-13,0.09700000286102295,0.09700000286102295,0.09000000357627869,0.09099999815225601,0.09099999815225601,739000
2024-03-14,0.09600000083446503,0.09700000286102295,0.09000000357627869,0.09300000220537186,0.09300000220537186,457000
2024-03-15,0.08900000154972076,0.09099999815225601,0.08500000089406967,0.08500000089406967,0.08500000089406967,2427000
2024-03-18,0.0860000029206276,0.08799999952316284,0.08500000089406967,0.08699999749660492,0.08699999749660492,2136000
2024-03-19,0.08399999886751175,0.08799999952316284,0.08399999886751175,0.08500000089406967,0.08500000089406967,4082000
2024-03-20,0.09200000017881393,0.09200000017881393,0.08799999952316284,0.08799999952316284,0.08799999952316284,129000
2024-03-21,0.09300000220537186,0.09300000220537186,0.08399999886751175,0.08399999886751175,0.08399999886751175,3168000
2024-03-22,0.07500000298023224,0.07999999821186066,0.041999999433755875,0.06499999761581421,0.06499999761581421,35887000
2024-03-25,0.06700000166893005,0.07900000363588333,0.06499999761581421,0.06599999964237213,0.06599999964237213,1023000
2024-03-26,0.06800000369548798,0.0729999989271164,0.06599999964237213,0.06800000369548798,0.06800000369548798,1682000
2024-03-27,0.06700000166893005,0.07100000232458115,0.05000000074505806,0.054999999701976776,0.054999999701976776,6773000
2024-03-28,0.050999999046325684,0.05700000002980232,0.03099999949336052,0.05400000140070915,0.05400000140070915,8784000
2024-04-02,0.05400000140070915,0.05400000140070915,0.05400000140070915,0.05400000140070915,0.05400000140070915,0
2024-04-03,0.05400000140070915,0.05400000140070915,0.05400000140070915,0.05400000140070915,0.05400000140070915,0
2024-04-05,0.05400000140070915,0.05400000140070915,0.05400000140070915,0.05400000140070915,0.05400000140070915,0
2024-04-08,0.05400000140070915,0.05400000140070915,0.05400000140070915,0.05400000140070915,0.05400000140070915,0
2024-04-09,0.05400000140070915,0.05400000140070915,0.05400000140070915,0.05400000140070915,0.05400000140070915,0
2024-04-10,0.05400000140070915,0.05400000140070915,0.05400000140070915,0.05400000140070915,0.05400000140070915,0
2024-04-11,0.05400000140070915,0.05400000140070915,0.05400000140070915,0.05400000140070915,0.05400000140070915,0
2024-04-12,0.05400000140070915,0.05400000140070915,0.05400000140070915,0.05400000140070915,0.05400000140070915,0
2024-04-15,0.05400000140070915,0.05400000140070915,0.05400000140070915,0.05400000140070915,0.05400000140070915,0
2024-04-16,0.05400000140070915,0.05400000140070915,0.05400000140070915,0.05400000140070915,0.05400000140070915,0
2024-04-17,0.05400000140070915,0.05400000140070915,0.05400000140070915,0.05400000140070915,0.05400000140070915,0
2024-04-18,0.05400000140070915,0.05400000140070915,0.05400000140070915,0.05400000140070915,0.05400000140070915,0
2024-04-19,0.05400000140070915,0.05400000140070915,0.05400000140070915,0.05400000140070915,0.05400000140070915,0
2024-04-22,0.05400000140070915,0.05400000140070915,0.05400000140070915,0.05400000140070915,0.05400000140070915,0
2024-04-23,0.05400000140070915,0.05400000140070915,0.05400000140070915,0.05400000140070915,0.05400000140070915,0
2024-04-24,0.05400000140070915,0.05400000140070915,0.05400000140070915,0.05400000140070915,0.05400000140070915,0
2024-04-25,0.05400000140070915,0.05400000140070915,0.05400000140070915,0.05400000140070915,0.05400000140070915,0
2024-04-26,0.05900000035762787,0.05900000035762787,0.052000001072883606,0.057999998331069946,0.057999998331069946,1598000
2024-04-29,0.05900000035762787,0.07000000029802322,0.05900000035762787,0.06499999761581421,0.06499999761581421,5611000
2024-04-30,0.07000000029802322,0.07000000029802322,0.06400000303983688,0.06400000303983688,0.06400000303983688,1258000
2024-05-02,0.07000000029802322,0.07000000029802322,0.05999999865889549,0.06400000303983688,0.06400000303983688,3159000
2024-05-03,0.07100000232458115,0.07100000232458115,0.06199999898672104,0.06700000166893005,0.06700000166893005,2758000
2024-05-06,0.0729999989271164,0.0729999989271164,0.06199999898672104,0.06599999964237213,0.06599999964237213,921000
2024-05-07,0.0560000017285347,0.07000000029802322,0.0560000017285347,0.0689999982714653,0.0689999982714653,29000
2024-05-08,0.07100000232458115,0.07100000232458115,0.06199999898672104,0.06800000369548798,0.06800000369548798,611000
2024-05-09,0.07500000298023224,0.07500000298023224,0.06800000369548798,0.07100000232458115,0.07100000232458115,3112000
2024-05-10,0.07599999755620956,0.08699999749660492,0.06800000369548798,0.08299999684095383,0.08299999684095383,4583000
2024-05-13,0.08299999684095383,0.08799999952316284,0.07999999821186066,0.08399999886751175,0.08399999886751175,1195000
2024-05-14,0.07999999821186066,0.09399999678134918,0.07800000160932541,0.07800000160932541,0.07800000160932541,190000
2024-05-16,0.09399999678134918,0.11800000071525574,0.09000000357627869,0.10999999940395355,0.10999999940395355,11424000
2024-05-17,0.11699999868869781,0.14399999380111694,0.11299999803304672,0.13699999451637268,0.13699999451637268,17499000
2024-05-20,0.15000000596046448,0.15800000727176666,0.125,0.12800000607967377,0.12800000607967377,4755000
2024-05-21,0.13500000536441803,0.13500000536441803,0.11100000143051147,0.11699999868869781,0.11699999868869781,4796000
2024-05-22,0.125,0.13500000536441803,0.10999999940395355,0.11900000274181366,0.11900000274181366,8695000
2024-05-23,0.12999999523162842,0.12999999523162842,0.10400000214576721,0.11400000005960464,0.11400000005960464,2417000
2024-05-24,0.11699999868869781,0.11999999731779099,0.1120000034570694,0.11500000208616257,0.11500000208616257,827000
2024-05-27,0.12700000405311584,0.12700000405311584,0.09200000017881393,0.10100000351667404,0.10100000351667404,5630000
2024-05-28,0.10899999737739563,0.11900000274181366,0.09300000220537186,0.10300000011920929,0.10300000011920929,1421000
2024-05-29,0.10300000011920929,0.10999999940395355,0.08500000089406967,0.08500000089406967,0.08500000089406967,1678000
2024-05-30,0.09099999815225601,0.10199999809265137,0.0860000029206276,0.0949999988079071,0.0949999988079071,4504000
2024-05-31,0.10400000214576721,0.10400000214576721,0.08500000089406967,0.09000000357627869,0.09000000357627869,2815000
2024-06-03,0.0820000022649765,0.09700000286102295,0.0820000022649765,0.09399999678134918,0.09399999678134918,4566000
2024-06-04,0.09399999678134918,0.0989999994635582,0.09000000357627869,0.0949999988079071,0.0949999988079071,1751000
2024-06-05,0.09600000083446503,0.0989999994635582,0.09200000017881393,0.09200000017881393,0.09200000017881393,606000
2024-06-06,0.09600000083446503,0.09600000083446503,0.08100000023841858,0.09000000357627869,0.09000000357627869,5031000
2024-06-07,0.0860000029206276,0.09200000017881393,0.08500000089406967,0.09099999815225601,0.09099999815225601,1245000
2024-06-11,0.08500000089406967,0.08500000089406967,0.08500000089406967,0.08500000089406967,0.08500000089406967,0
2024-06-12,0.08500000089406967,0.08500000089406967,0.08500000089406967,0.08500000089406967,0.08500000089406967,0
2024-06-13,0.08500000089406967,0.08500000089406967,0.08500000089406967,0.08500000089406967,0.08500000089406967,0
2024-06-14,0.08500000089406967,0.08500000089406967,0.08500000089406967,0.08500000089406967,0.08500000089406967,0
2024-06-17,0.08500000089406967,0.08500000089406967,0.08500000089406967,0.08500000089406967,0.08500000089406967,0
2024-06-18,0.08500000089406967,0.08500000089406967,0.08500000089406967,0.08500000089406967,0.08500000089406967,0
2024-06-19,0.08500000089406967,0.08500000089406967,0.08500000089406967,0.08500000089406967,0.08500000089406967,0
2024-06-20,0.08500000089406967,0.08500000089406967,0.08500000089406967,0.08500000089406967,0.08500000089406967,0
2024-06-21,0.08500000089406967,0.08500000089406967,0.08500000089406967,0.08500000089406967,0.08500000089406967,0
2024-06-24,0.08500000089406967,0.08500000089406967,0.08500000089406967,0.08500000089406967,0.08500000089406967,0
2024-06-25,0.08500000089406967,0.08500000089406967,0.08500000089406967,0.08500000089406967,0.08500000089406967,0
2024-06-26,0.08500000089406967,0.08500000089406967,0.08500000089406967,0.08500000089406967,0.08500000089406967,0
2024-06-27,0.08500000089406967,0.08500000089406967,0.08500000089406967,0.08500000089406967,0.08500000089406967,0
2024-06-28,0.08500000089406967,0.08500000089406967,0.08500000089406967,0.08500000089406967,0.08500000089406967,0
2024-07-02,0.08500000089406967,0.08500000089406967,0.08500000089406967,0.08500000089406967,0.08500000089406967,0
2024-07-03,0.08500000089406967,0.08500000089406967,0.08500000089406967,0.08500000089406967,0.08500000089406967,0
2024-07-04,0.08500000089406967,0.08500000089406967,0.08500000089406967,0.08500000089406967,0.08500000089406967,0
2024-07-08,0.08500000089406967,0.08500000089406967,0.08500000089406967,0.08500000089406967,0.08500000089406967,0
2024-07-09,0.08500000089406967,0.08500000089406967,0.08500000089406967,0.08500000089406967,0.08500000089406967,0
2024-07-10,0.08500000089406967,0.08500000089406967,0.08500000089406967,0.08500000089406967,0.08500000089406967,0
2024-07-11,0.08500000089406967,0.08500000089406967,0.08500000089406967,0.08500000089406967,0.08500000089406967,0
2024-07-12,0.08500000089406967,0.08500000089406967,0.08500000089406967,0.08500000089406967,0.08500000089406967,0
2024-07-15,0.08500000089406967,0.08500000089406967,0.08500000089406967,0.08500000089406967,0.08500000089406967,0
2024-07-16,0.08500000089406967,0.08500000089406967,0.08500000089406967,0.08500000089406967,0.08500000089406967,0
2024-07-17,0.08500000089406967,0.08500000089406967,0.08500000089406967,0.08500000089406967,0.08500000089406967,0
2024-07-18,0.08500000089406967,0.08500000089406967,0.08500000089406967,0.08500000089406967,0.08500000089406967,0
2024-07-19,0.08500000089406967,0.08500000089406967,0.08500000089406967,0.08500000089406967,0.08500000089406967,0
2024-07-22,0.08500000089406967,0.08500000089406967,0.08500000089406967,0.08500000089406967,0.08500000089406967,0
2024-07-23,0.08500000089406967,0.08500000089406967,0.08500000089406967,0.08500000089406967,0.08500000089406967,0
2024-07-24,0.08500000089406967,0.08500000089406967,0.08500000089406967,0.08500000089406967,0.08500000089406967,0
2024-07-25,0.08500000089406967,0.08500000089406967,0.08500000089406967,0.08500000089406967,0.08500000089406967,0
2024-07-26,0.08500000089406967,0.08500000089406967,0.08500000089406967,0.08500000089406967,0.08500000089406967,0
2024-07-29,0.08500000089406967,0.08500000089406967,0.08500000089406967,0.08500000089406967,0.08500000089406967,0
2024-07-30,0.08500000089406967,0.08500000089406967,0.08500000089406967,0.08500000089406967,0.08500000089406967,0
2024-07-31,0.08500000089406967,0.08500000089406967,0.08500000089406967,0.08500000089406967,0.08500000089406967,0
2024-08-01,0.08500000089406967,0.08500000089406967,0.08500000089406967,0.08500000089406967,0.08500000089406967,0
2024-08-02,0.08500000089406967,0.08500000089406967,0.08500000089406967,0.08500000089406967,0.08500000089406967,0
2024-08-05,0.08500000089406967,0.08500000089406967,0.08500000089406967,0.08500000089406967,0.08500000089406967,0
2024-08-06,0.08500000089406967,0.08500000089406967,0.08500000089406967,0.08500000089406967,0.08500000089406967,0
2024-08-07,0.08500000089406967,0.08500000089406967,0.08500000089406967,0.08500000089406967,0.08500000089406967,0
2024-08-08,0.08500000089406967,0.08500000089406967,0.08500000089406967,0.08500000089406967,0.08500000089406967,0
2024-08-09,0.08500000089406967,0.08500000089406967,0.08500000089406967,0.08500000089406967,0.08500000089406967,0
2024-08-12,0.08500000089406967,0.08500000089406967,0.08500000089406967,0.08500000089406967,0.08500000089406967,0
2024-08-13,0.08500000089406967,0.08500000089406967,0.08500000089406967,0.08500000089406967,0.08500000089406967,0
2024-08-14,0.08500000089406967,0.08500000089406967,0.08500000089406967,0.08500000089406967,0.08500000089406967,0
2024-08-15,0.08500000089406967,0.08500000089406967,0.08500000089406967,0.08500000089406967,0.08500000089406967,0
2024-08-16,0.08500000089406967,0.08500000089406967,0.08500000089406967,0.08500000089406967,0.08500000089406967,0
2024-08-19,0.08500000089406967,0.08500000089406967,0.08500000089406967,0.08500000089406967,0.08500000089406967,0
2024-08-20,0.08500000089406967,0.08500000089406967,0.08500000089406967,0.08500000089406967,0.08500000089406967,0
2024-08-21,0.08500000089406967,0.08500000089406967,0.08500000089406967,0.08500000089406967,0.08500000089406967,0
2024-08-22,0.08500000089406967,0.08500000089406967,0.08500000089406967,0.08500000089406967,0.08500000089406967,0
2024-08-23,0.08500000089406967,0.08500000089406967,0.08500000089406967,0.08500000089406967,0.08500000089406967,0
2024-08-26,0.08500000089406967,0.08500000089406967,0.08500000089406967,0.08500000089406967,0.08500000089406967,0
2024-08-27,0.08500000089406967,0.08500000089406967,0.08500000089406967,0.08500000089406967,0.08500000089406967,0
2024-08-28,0.08500000089406967,0.08500000089406967,0.08500000089406967,0.08500000089406967,0.08500000089406967,0
2024-08-29,0.08500000089406967,0.08500000089406967,0.08500000089406967,0.08500000089406967,0.08500000089406967,0
2024-08-30,0.08500000089406967,0.08500000089406967,0.08500000089406967,0.08500000089406967,0.08500000089406967,0
2024-09-02,0.08500000089406967,0.08500000089406967,0.08500000089406967,0.08500000089406967,0.08500000089406967,0
2024-09-03,0.08500000089406967,0.08500000089406967,0.08500000089406967,0.08500000089406967,0.08500000089406967,0
2024-09-04,0.08500000089406967,0.08500000089406967,0.08500000089406967,0.08500000089406967,0.08500000089406967,0
2024-09-05,0.08500000089406967,0.08500000089406967,0.08500000089406967,0.08500000089406967,0.08500000089406967,0
2024-09-09,0.08500000089406967,0.08500000089406967,0.08500000089406967,0.08500000089406967,0.08500000089406967,0
2024-09-10,0.08500000089406967,0.08500000089406967,0.08500000089406967,0.08500000089406967,0.08500000089406967,0
2024-09-11,0.08500000089406967,0.08500000089406967,0.08500000089406967,0.08500000089406967,0.08500000089406967,0
2024-09-12,0.08500000089406967,0.08500000089406967,0.08500000089406967,0.08500000089406967,0.08500000089406967,0
2024-09-13,0.08500000089406967,0.08500000089406967,0.08500000089406967,0.08500000089406967,0.08500000089406967,0
2024-09-16,0.08500000089406967,0.08500000089406967,0.08500000089406967,0.08500000089406967,0.08500000089406967,0
2024-09-17,0.08500000089406967,0.08500000089406967,0.08500000089406967,0.08500000089406967,0.08500000089406967,0
2024-09-19,0.08500000089406967,0.08500000089406967,0.08500000089406967,0.08500000089406967,0.08500000089406967,0
2024-09-20,0.08500000089406967,0.08500000089406967,0.08500000089406967,0.08500000089406967,0.08500000089406967,0
2024-09-23,0.08500000089406967,0.08500000089406967,0.08500000089406967,0.08500000089406967,0.08500000089406967,0
2024-09-24,0.08500000089406967,0.08500000089406967,0.08500000089406967,0.08500000089406967,0.08500000089406967,0
2024-09-25,0.08500000089406967,0.08500000089406967,0.08500000089406967,0.08500000089406967,0.08500000089406967,0
2024-09-26,0.08500000089406967,0.08500000089406967,0.08500000089406967,0.08500000089406967,0.08500000089406967,0
2024-09-27,0.08500000089406967,0.08500000089406967,0.08500000089406967,0.08500000089406967,0.08500000089406967,0
2024-09-30,0.08500000089406967,0.08500000089406967,0.08500000089406967,0.08500000089406967,0.08500000089406967,0
2024-10-02,0.08500000089406967,0.08500000089406967,0.08500000089406967,0.08500000089406967,0.08500000089406967,0
2024-10-03,0.08500000089406967,0.08500000089406967,0.08500000089406967,0.08500000089406967,0.08500000089406967,0
2024-10-04,0.08500000089406967,0.08500000089406967,0.08500000089406967,0.08500000089406967,0.08500000089406967,0
2024-10-07,0.08500000089406967,0.08500000089406967,0.08500000089406967,0.08500000089406967,0.08500000089406967,0
2024-10-08,0.08500000089406967,0.08500000089406967,0.08500000089406967,0.08500000089406967,0.08500000089406967,0
2024-10-09,0.08500000089406967,0.08500000089406967,0.08500000089406967,0.08500000089406967,0.08500000089406967,0
2024-10-10,0.08500000089406967,0.08500000089406967,0.08500000089406967,0.08500000089406967,0.08500000089406967,0
2024-10-14,0.08500000089406967,0.08500000089406967,0.08500000089406967,0.08500000089406967,0.08500000089406967,0
2024-10-15,0.08500000089406967,0.08500000089406967,0.08500000089406967,0.08500000089406967,0.08500000089406967,0
2024-10-16,0.08500000089406967,0.08500000089406967,0.08500000089406967,0.08500000089406967,0.08500000089406967,0
2024-10-17,0.08500000089406967,0.08500000089406967,0.08500000089406967,0.08500000089406967,0.08500000089406967,0
2024-10-18,0.08500000089406967,0.08500000089406967,0.08500000089406967,0.08500000089406967,0.08500000089406967,0
2024-10-21,0.08500000089406967,0.08500000089406967,0.08500000089406967,0.08500000089406967,0.08500000089406967,0
2024-10-22,0.08500000089406967,0.08500000089406967,0.08500000089406967,0.08500000089406967,0.08500000089406967,0
2024-10-23,0.08500000089406967,0.08500000089406967,0.08500000089406967,0.08500000089406967,0.08500000089406967,0
2024-10-24,0.08500000089406967,0.08500000089406967,0.08500000089406967,0.08500000089406967,0.08500000089406967,0
2024-10-25,0.08500000089406967,0.08500000089406967,0.08500000089406967,0.08500000089406967,0.08500000089406967,0
2024-10-28,0.08500000089406967,0.08500000089406967,0.08500000089406967,0.08500000089406967,0.08500000089406967,0
2024-10-29,0.08500000089406967,0.08500000089406967,0.08500000089406967,0.08500000089406967,0.08500000089406967,0
2024-10-30,0.08500000089406967,0.08500000089406967,0.08500000089406967,0.08500000089406967,0.08500000089406967,0
2024-10-31,0.08500000089406967,0.08500000089406967,0.08500000089406967,0.08500000089406967,0.08500000089406967,0
