Date,Open,High,Low,Close,Adj Close,Volume
2010-05-28,1.659999966621399,1.7300000190734863,1.399999976158142,1.4600000381469727,1.3841922283172607,274096000
2010-05-31,1.4299999475479126,1.5399999618530273,1.4299999475479126,1.4700000286102295,1.393673062324524,27652000
2010-06-01,1.4500000476837158,1.4700000286102295,1.2799999713897705,1.3200000524520874,1.2514615058898926,33422000
2010-06-02,1.3200000524520874,1.440000057220459,1.2999999523162842,1.399999976158142,1.3273075819015503,40238500
2010-06-03,1.440000057220459,1.5399999618530273,1.409999966621399,1.5,1.4221153259277344,45306000
2010-06-04,1.5099999904632568,1.6100000143051147,1.5,1.5299999713897705,1.4505575895309448,38056000
2010-06-07,1.4299999475479126,1.4800000190734863,1.4199999570846558,1.440000057220459,1.365230679512024,15118000
2010-06-08,1.4500000476837158,1.4800000190734863,1.409999966621399,1.4299999475479126,1.3557499647140503,7138000
2010-06-09,1.440000057220459,1.440000057220459,1.340000033378601,1.3600000143051147,1.2893846035003662,10772000
2010-06-10,1.350000023841858,1.3899999856948853,1.3300000429153442,1.350000023841858,1.279903769493103,5268000
2010-06-11,1.3700000047683716,1.3899999856948853,1.2899999618530273,1.2999999523162842,1.2324998378753662,9778000
2010-06-14,1.3300000429153442,1.3300000429153442,1.2999999523162842,1.2999999523162842,1.2324998378753662,3220000
2010-06-15,1.2999999523162842,1.340000033378601,1.25,1.2999999523162842,1.2324998378753662,7514000
2010-06-17,1.2899999618530273,1.3300000429153442,1.2899999618530273,1.309999942779541,1.2419806718826294,1986000
2010-06-18,1.309999942779541,1.340000033378601,1.2999999523162842,1.309999942779541,1.2419806718826294,2014000
2010-06-21,1.3300000429153442,1.440000057220459,1.3200000524520874,1.4299999475479126,1.3557499647140503,10096000
2010-06-22,1.4199999570846558,1.4299999475479126,1.3600000143051147,1.3899999856948853,1.3178268671035767,15388000
2010-06-23,1.350000023841858,1.399999976158142,1.350000023841858,1.3700000047683716,1.2988653182983398,9922000
2010-06-24,1.3600000143051147,1.409999966621399,1.340000033378601,1.3600000143051147,1.2893846035003662,3656000
2010-06-25,1.350000023841858,1.3600000143051147,1.309999942779541,1.3300000429153442,1.2609423398971558,1604000
2010-06-28,1.3200000524520874,1.350000023841858,1.2899999618530273,1.2899999618530273,1.2230192422866821,2468000
2010-06-29,1.2999999523162842,1.3200000524520874,1.2200000286102295,1.2300000190734863,1.1661345958709717,4118000
2010-06-30,1.2300000190734863,1.2300000190734863,1.159999966621399,1.1799999475479126,1.1187306642532349,2790000
2010-07-02,1.2100000381469727,1.2100000381469727,1.1299999952316284,1.1399999856948853,1.0808076858520508,1048000
2010-07-05,1.1299999952316284,1.1399999856948853,1.0800000429153442,1.090000033378601,1.0334038734436035,1220000
2010-07-06,1.0199999809265137,1.1299999952316284,1.0199999809265137,1.0800000429153442,1.0239230394363403,2898000
2010-07-07,1.0700000524520874,1.0800000429153442,1.0199999809265137,1.0199999809265137,0.9670383930206299,2910000
2010-07-08,1.0499999523162842,1.1699999570846558,1.0499999523162842,1.1100000143051147,1.0523653030395508,8752000
2010-07-09,1.1399999856948853,1.1699999570846558,1.0800000429153442,1.1299999952316284,1.0713268518447876,3566000
2010-07-12,1.1299999952316284,1.1299999952316284,1.0800000429153442,1.100000023841858,1.0428845882415771,3274000
2010-07-13,1.1200000047683716,1.1299999952316284,1.090000033378601,1.1100000143051147,1.0523653030395508,1046000
2010-07-14,1.1399999856948853,1.190000057220459,1.1200000047683716,1.1699999570846558,1.1092499494552612,2146000
2010-07-15,1.1799999475479126,1.1799999475479126,1.100000023841858,1.1200000047683716,1.061846137046814,1914000
2010-07-16,1.1200000047683716,1.190000057220459,1.1200000047683716,1.149999976158142,1.0902884006500244,1906000
2010-07-19,1.1399999856948853,1.1699999570846558,1.1100000143051147,1.1299999952316284,1.0713268518447876,1038000
2010-07-20,1.1299999952316284,1.149999976158142,1.1100000143051147,1.1399999856948853,1.0808076858520508,2316000
2010-07-21,1.1399999856948853,1.25,1.1399999856948853,1.25,1.185096025466919,6046000
2010-07-22,1.2400000095367432,1.350000023841858,1.2100000381469727,1.2999999523162842,1.2324998378753662,11580000
2010-07-23,1.3200000524520874,1.3300000429153442,1.25,1.2599999904632568,1.1945768594741821,3892000
2010-07-26,1.2799999713897705,1.2799999713897705,1.2400000095367432,1.25,1.185096025466919,2208000
2010-07-27,1.2799999713897705,1.2799999713897705,1.2200000286102295,1.2400000095367432,1.1756154298782349,1214000
2010-07-28,1.25,1.309999942779541,1.2200000286102295,1.2899999618530273,1.2230192422866821,4144000
2010-07-29,1.2799999713897705,1.2999999523162842,1.2599999904632568,1.2899999618530273,1.2230192422866821,1180000
2010-07-30,1.2799999713897705,1.2899999618530273,1.25,1.25,1.185096025466919,1200000
2010-08-02,1.25,1.309999942779541,1.25,1.2899999618530273,1.2230192422866821,2152000
2010-08-03,1.2999999523162842,1.309999942779541,1.2300000190734863,1.2400000095367432,1.1756154298782349,2762000
2010-08-04,1.25,1.25,1.2300000190734863,1.2300000190734863,1.1661345958709717,1460000
2010-08-05,1.25,1.2599999904632568,1.2200000286102295,1.2300000190734863,1.1661345958709717,1810000
2010-08-06,1.2300000190734863,1.2400000095367432,1.2100000381469727,1.2100000381469727,1.1471730470657349,1853450
2010-08-09,1.2100000381469727,1.2100000381469727,1.1799999475479126,1.2100000381469727,1.1471730470657349,1704000
2010-08-10,1.2100000381469727,1.2100000381469727,1.149999976158142,1.1699999570846558,1.1092499494552612,2098000
2010-08-11,1.159999966621399,1.1699999570846558,1.1399999856948853,1.149999976158142,1.0902884006500244,982000
2010-08-12,1.1299999952316284,1.1799999475479126,1.100000023841858,1.1799999475479126,1.1187306642532349,1030000
2010-08-13,1.1699999570846558,1.2100000381469727,1.149999976158142,1.2100000381469727,1.1471730470657349,1608000
2010-08-16,1.2200000286102295,1.2200000286102295,1.149999976158142,1.1699999570846558,1.1092499494552612,1620000
2010-08-17,1.1699999570846558,1.2000000476837158,1.1699999570846558,1.1699999570846558,1.1092499494552612,798000
2010-08-18,1.1699999570846558,1.190000057220459,1.159999966621399,1.1799999475479126,1.1187306642532349,1050000
2010-08-19,1.1699999570846558,1.2000000476837158,1.1699999570846558,1.1799999475479126,1.1187306642532349,1340000
2010-08-20,1.1799999475479126,1.3200000524520874,1.1699999570846558,1.309999942779541,1.2419806718826294,5546000
2010-08-23,1.2999999523162842,1.350000023841858,1.25,1.2699999809265137,1.2040575742721558,6664000
2010-08-24,1.25,1.2699999809265137,1.2300000190734863,1.2699999809265137,1.2040575742721558,1804000
2010-08-25,1.25,1.2799999713897705,1.2200000286102295,1.2599999904632568,1.1945768594741821,1614000
2010-08-26,1.25,1.340000033378601,1.2400000095367432,1.3300000429153442,1.2609423398971558,6826000
2010-08-27,1.3300000429153442,1.3300000429153442,1.2599999904632568,1.2799999713897705,1.213538408279419,2828000
2010-08-30,1.2999999523162842,1.3300000429153442,1.2699999809265137,1.309999942779541,1.2419806718826294,4212000
2010-08-31,1.2000000476837158,1.2699999809265137,1.1699999570846558,1.2000000476837158,1.1376922130584717,6260000
2010-09-01,1.190000057220459,1.2200000286102295,1.149999976158142,1.1799999475479126,1.1187306642532349,2992000
2010-09-02,1.190000057220459,1.2200000286102295,1.190000057220459,1.2200000286102295,1.156653881072998,1886000
2010-09-03,1.2100000381469727,1.2200000286102295,1.1799999475479126,1.1799999475479126,1.1187306642532349,1542000
2010-09-06,1.2000000476837158,1.2100000381469727,1.190000057220459,1.190000057220459,1.1282116174697876,1530000
2010-09-07,1.2100000381469727,1.2100000381469727,1.1799999475479126,1.1799999475479126,1.1187306642532349,1254000
2010-09-08,1.190000057220459,1.2000000476837158,1.1699999570846558,1.190000057220459,1.1282116174697876,2344000
2010-09-09,1.190000057220459,1.2000000476837158,1.149999976158142,1.1699999570846558,1.1092499494552612,3168000
2010-09-10,1.1699999570846558,1.1799999475479126,1.149999976158142,1.149999976158142,1.0902884006500244,1042000
2010-09-13,1.159999966621399,1.2000000476837158,1.159999966621399,1.1799999475479126,1.1187306642532349,2888000
2010-09-14,1.2000000476837158,1.25,1.1699999570846558,1.1799999475479126,1.1187306642532349,6214000
2010-09-15,1.190000057220459,1.2100000381469727,1.159999966621399,1.1699999570846558,1.1092499494552612,2976000
2010-09-16,1.159999966621399,1.1699999570846558,1.149999976158142,1.149999976158142,1.0902884006500244,2316000
2010-09-17,1.1399999856948853,1.1699999570846558,1.1299999952316284,1.1399999856948853,1.0808076858520508,1604000
2010-09-20,1.159999966621399,1.159999966621399,1.1200000047683716,1.1299999952316284,1.0713268518447876,1802000
2010-09-21,1.1399999856948853,1.149999976158142,1.0700000524520874,1.100000023841858,1.0428845882415771,6998000
2010-09-22,1.100000023841858,1.1399999856948853,1.090000033378601,1.1200000047683716,1.061846137046814,2632000
2010-09-24,1.1299999952316284,1.149999976158142,1.100000023841858,1.1200000047683716,1.061846137046814,2766000
2010-09-27,1.1299999952316284,1.1299999952316284,1.100000023841858,1.100000023841858,1.0428845882415771,1440000
2010-09-28,1.100000023841858,1.1100000143051147,1.0800000429153442,1.0800000429153442,1.0239230394363403,1722000
2010-09-29,1.100000023841858,1.100000023841858,1.0099999904632568,1.0399999618530273,0.9859999418258667,8752000
2010-09-30,1.0299999713897705,1.0499999523162842,1.0299999713897705,1.0399999618530273,0.9859999418258667,2950000
2010-10-04,1.0199999809265137,1.0700000524520874,1.0199999809265137,1.059999942779541,1.004961371421814,852000
2010-10-05,1.0700000524520874,1.1699999570846558,1.0700000524520874,1.1299999952316284,1.0713268518447876,5836000
2010-10-06,1.159999966621399,1.1699999570846558,1.0700000524520874,1.100000023841858,1.0428845882415771,4934000
2010-10-07,1.100000023841858,1.149999976158142,1.100000023841858,1.1399999856948853,1.0808076858520508,4578000
2010-10-08,1.1399999856948853,1.1399999856948853,1.1100000143051147,1.1299999952316284,1.0713268518447876,2300000
2010-10-11,1.1200000047683716,1.1299999952316284,1.100000023841858,1.100000023841858,1.0428845882415771,1830000
2010-10-12,1.100000023841858,1.1200000047683716,1.100000023841858,1.1200000047683716,1.061846137046814,684000
2010-10-13,1.1200000047683716,1.1200000047683716,1.0800000429153442,1.100000023841858,1.0428845882415771,1802000
2010-10-14,1.1100000143051147,1.1100000143051147,1.0800000429153442,1.100000023841858,1.0428845882415771,2384000
2010-10-15,1.100000023841858,1.1399999856948853,1.100000023841858,1.1399999856948853,1.0808076858520508,3224000
2010-10-18,1.1399999856948853,1.1399999856948853,1.100000023841858,1.1200000047683716,1.061846137046814,1394000
2010-10-19,1.1200000047683716,1.1200000047683716,1.090000033378601,1.100000023841858,1.0428845882415771,1316000
2010-10-20,1.090000033378601,1.1100000143051147,1.0800000429153442,1.100000023841858,1.0428845882415771,1772000
2010-10-21,1.100000023841858,1.1100000143051147,1.100000023841858,1.1100000143051147,1.0523653030395508,980000
2010-10-22,1.1100000143051147,1.1299999952316284,1.100000023841858,1.1100000143051147,1.0523653030395508,2776000
2010-10-25,1.1299999952316284,1.2799999713897705,1.1299999952316284,1.190000057220459,1.1282116174697876,15268000
2010-10-26,1.2200000286102295,1.3700000047683716,1.2200000286102295,1.3200000524520874,1.2514615058898926,28352000
2010-10-27,1.2799999713897705,1.3300000429153442,1.2200000286102295,1.2300000190734863,1.1661345958709717,9483195
2010-10-28,1.2400000095367432,1.25,1.1699999570846558,1.190000057220459,1.1282116174697876,4514000
2010-10-29,1.2100000381469727,1.2300000190734863,1.1699999570846558,1.2300000190734863,1.1661345958709717,2588000
2010-11-01,1.2400000095367432,1.3200000524520874,1.2300000190734863,1.2699999809265137,1.2040575742721558,5346000
2010-11-02,1.2699999809265137,1.2699999809265137,1.2400000095367432,1.25,1.185096025466919,1670000
2010-11-03,1.2899999618530273,1.2899999618530273,1.2300000190734863,1.2400000095367432,1.1756154298782349,2634000
2010-11-04,1.2400000095367432,1.2599999904632568,1.2300000190734863,1.2599999904632568,1.1945768594741821,2450000
2010-11-05,1.2799999713897705,1.3300000429153442,1.2699999809265137,1.309999942779541,1.2419806718826294,4312000
2010-11-08,1.3300000429153442,1.4800000190734863,1.3300000429153442,1.4800000190734863,1.403153896331787,15270000
2010-11-09,1.5,1.5,1.409999966621399,1.409999966621399,1.3367884159088135,8362000
2010-11-10,1.440000057220459,1.4600000381469727,1.399999976158142,1.409999966621399,1.3367884159088135,8076000
2010-11-11,1.4299999475479126,1.4800000190734863,1.3700000047683716,1.3700000047683716,1.2988653182983398,17584000
2010-11-12,1.3700000047683716,1.440000057220459,1.2999999523162842,1.340000033378601,1.2704230546951294,8090000
2010-11-15,1.340000033378601,1.340000033378601,1.2899999618530273,1.2899999618530273,1.2230192422866821,4390000
2010-11-16,1.2999999523162842,1.340000033378601,1.2300000190734863,1.2599999904632568,1.1945768594741821,5522000
2010-11-17,1.2200000286102295,1.2799999713897705,1.2200000286102295,1.2400000095367432,1.1756154298782349,3084000
2010-11-18,1.2400000095367432,1.2799999713897705,1.2400000095367432,1.25,1.185096025466919,2980000
2010-11-19,1.25,1.2699999809265137,1.2200000286102295,1.2400000095367432,1.1756154298782349,1841500
2010-11-22,1.2400000095367432,1.3200000524520874,1.2300000190734863,1.2899999618530273,1.2230192422866821,4426000
2010-11-23,1.2599999904632568,1.2599999904632568,1.2300000190734863,1.2400000095367432,1.1756154298782349,3802000
2010-11-24,1.2200000286102295,1.2599999904632568,1.2000000476837158,1.2300000190734863,1.1661345958709717,4540000
2010-11-25,1.2400000095367432,1.2400000095367432,1.2100000381469727,1.2200000286102295,1.156653881072998,2971000
2010-11-26,1.2100000381469727,1.25,1.190000057220459,1.2100000381469727,1.1471730470657349,4372000
2010-11-29,1.2100000381469727,1.2300000190734863,1.1799999475479126,1.190000057220459,1.1282116174697876,5608000
2010-11-30,1.1799999475479126,1.25,1.1799999475479126,1.25,1.185096025466919,3484000
2010-12-01,1.25,1.2699999809265137,1.2400000095367432,1.2599999904632568,1.1945768594741821,4378000
2010-12-02,1.2699999809265137,1.2899999618530273,1.2400000095367432,1.2599999904632568,1.1945768594741821,3940000
2010-12-03,1.2599999904632568,1.2699999809265137,1.2400000095367432,1.25,1.185096025466919,2876000
2010-12-06,1.25,1.2599999904632568,1.2100000381469727,1.2400000095367432,1.1756154298782349,2474000
2010-12-07,1.2200000286102295,1.2400000095367432,1.2100000381469727,1.2200000286102295,1.156653881072998,1828000
2010-12-08,1.2599999904632568,1.2599999904632568,1.2000000476837158,1.2300000190734863,1.1661345958709717,1200905
2010-12-09,1.2300000190734863,1.25,1.2300000190734863,1.2300000190734863,1.1661345958709717,876000
2010-12-10,1.2300000190734863,1.2400000095367432,1.2000000476837158,1.2400000095367432,1.1756154298782349,2444000
2010-12-13,1.2200000286102295,1.2300000190734863,1.2000000476837158,1.2100000381469727,1.1471730470657349,740000
2010-12-14,1.2100000381469727,1.2100000381469727,1.1799999475479126,1.2000000476837158,1.1376922130584717,2050000
2010-12-15,1.1799999475479126,1.190000057220459,1.149999976158142,1.159999966621399,1.099769115447998,3734000
2010-12-16,1.149999976158142,1.2000000476837158,1.1399999856948853,1.159999966621399,1.099769115447998,1716000
2010-12-17,1.149999976158142,1.1699999570846558,1.1299999952316284,1.1399999856948853,1.0808076858520508,1950000
2010-12-20,1.1399999856948853,1.1399999856948853,1.1100000143051147,1.1200000047683716,1.061846137046814,1894000
2010-12-21,1.1100000143051147,1.149999976158142,1.1100000143051147,1.1399999856948853,1.0808076858520508,1700000
2010-12-22,1.159999966621399,1.159999966621399,1.1299999952316284,1.1399999856948853,1.0808076858520508,1084000
2010-12-23,1.1399999856948853,1.159999966621399,1.1100000143051147,1.1100000143051147,1.0523653030395508,1370000
2010-12-24,1.149999976158142,1.149999976158142,1.1200000047683716,1.1399999856948853,1.0808076858520508,218000
2010-12-28,1.149999976158142,1.159999966621399,1.100000023841858,1.1100000143051147,1.0523653030395508,544000
2010-12-29,1.1200000047683716,1.1200000047683716,1.100000023841858,1.1200000047683716,1.061846137046814,760000
2010-12-30,1.1100000143051147,1.1100000143051147,1.100000023841858,1.1100000143051147,1.0523653030395508,980000
2010-12-31,1.1100000143051147,1.1399999856948853,1.1100000143051147,1.1399999856948853,1.0808076858520508,186000
2011-01-03,1.149999976158142,1.2000000476837158,1.149999976158142,1.1799999475479126,1.1187306642532349,1894000
2011-01-04,1.1799999475479126,1.1799999475479126,1.1699999570846558,1.1799999475479126,1.1187306642532349,1526000
2011-01-05,1.2000000476837158,1.2100000381469727,1.1699999570846558,1.2000000476837158,1.1376922130584717,1404000
2011-01-06,1.2000000476837158,1.2200000286102295,1.190000057220459,1.2000000476837158,1.1376922130584717,1154000
2011-01-07,1.1699999570846558,1.2000000476837158,1.1699999570846558,1.2000000476837158,1.1376922130584717,540000
2011-01-10,1.190000057220459,1.2000000476837158,1.149999976158142,1.149999976158142,1.0902884006500244,808000
2011-01-11,1.149999976158142,1.159999966621399,1.1399999856948853,1.159999966621399,1.099769115447998,544000
2011-01-12,1.149999976158142,1.1799999475479126,1.100000023841858,1.1299999952316284,1.0713268518447876,1700000
2011-01-13,1.1299999952316284,1.159999966621399,1.1299999952316284,1.1399999856948853,1.0808076858520508,796000
2011-01-14,1.1399999856948853,1.159999966621399,1.1299999952316284,1.1399999856948853,1.0808076858520508,872000
2011-01-17,1.1399999856948853,1.1399999856948853,1.100000023841858,1.1200000047683716,1.061846137046814,2012000
2011-01-18,1.100000023841858,1.149999976158142,1.100000023841858,1.1299999952316284,1.0713268518447876,2026000
2011-01-19,1.1100000143051147,1.149999976158142,1.1100000143051147,1.149999976158142,1.0902884006500244,2430000
2011-01-20,1.1399999856948853,1.1399999856948853,1.100000023841858,1.1200000047683716,1.061846137046814,2796000
2011-01-21,1.100000023841858,1.1399999856948853,1.100000023841858,1.1200000047683716,1.061846137046814,1014000
2011-01-24,1.1100000143051147,1.1200000047683716,1.1100000143051147,1.1100000143051147,1.0523653030395508,629000
2011-01-25,1.1100000143051147,1.1200000047683716,1.100000023841858,1.100000023841858,1.0428845882415771,2404000
2011-01-26,1.100000023841858,1.1200000047683716,1.100000023841858,1.1200000047683716,1.061846137046814,994000
2011-01-27,1.1299999952316284,1.1399999856948853,1.090000033378601,1.100000023841858,1.0428845882415771,1354000
2011-01-28,1.1100000143051147,1.1100000143051147,1.0700000524520874,1.0800000429153442,1.0239230394363403,2200000
2011-01-31,1.0700000524520874,1.0800000429153442,1.0399999618530273,1.0700000524520874,1.0144423246383667,3570000
2011-02-01,1.0499999523162842,1.0700000524520874,1.0199999809265137,1.0499999523162842,0.9954805970191956,3692000
2011-02-02,1.0700000524520874,1.0800000429153442,1.0399999618530273,1.0800000429153442,1.0239230394363403,1086000
2011-02-07,1.0800000429153442,1.0800000429153442,1.0399999618530273,1.0399999618530273,0.9859999418258667,2542000
2011-02-08,1.0399999618530273,1.0499999523162842,1.0299999713897705,1.0499999523162842,0.9954805970191956,1814000
2011-02-09,1.0299999713897705,1.0399999618530273,0.9900000095367432,1.0,0.9480769038200378,4076000
2011-02-10,1.0,1.0499999523162842,1.0,1.0499999523162842,0.9954805970191956,1642000
2011-02-11,1.0299999713897705,1.0499999523162842,1.0099999904632568,1.0399999618530273,0.9859999418258667,1158000
2011-02-14,1.0099999904632568,1.0499999523162842,1.0099999904632568,1.0399999618530273,0.9859999418258667,462000
2011-02-15,1.0199999809265137,1.149999976158142,1.0199999809265137,1.1100000143051147,1.0523653030395508,4878000
2011-02-16,1.0800000429153442,1.149999976158142,1.0700000524520874,1.0700000524520874,1.0144423246383667,2578000
2011-02-17,1.059999942779541,1.1200000047683716,1.059999942779541,1.100000023841858,1.0428845882415771,1620000
2011-02-18,1.0700000524520874,1.0800000429153442,1.0499999523162842,1.059999942779541,1.004961371421814,2540000
2011-02-21,1.0499999523162842,1.0800000429153442,1.0399999618530273,1.059999942779541,1.004961371421814,1992000
2011-02-22,1.0399999618530273,1.0800000429153442,1.0199999809265137,1.0299999713897705,0.9765191674232483,1302000
2011-02-23,1.0199999809265137,1.0499999523162842,1.0199999809265137,1.0299999713897705,0.9765191674232483,1438000
2011-02-24,1.0299999713897705,1.0299999713897705,1.0099999904632568,1.0099999904632568,0.9575576782226562,2120000
2011-02-25,1.0,1.0399999618530273,1.0,1.0099999904632568,0.9575576782226562,2296000
2011-02-28,1.0099999904632568,1.0399999618530273,1.0099999904632568,1.0299999713897705,0.9765191674232483,1164000
2011-03-01,1.0199999809265137,1.0700000524520874,1.0199999809265137,1.0499999523162842,0.9954805970191956,1722000
2011-03-02,1.0299999713897705,1.090000033378601,1.0299999713897705,1.0499999523162842,0.9954805970191956,384000
2011-03-03,1.0399999618530273,1.1100000143051147,1.0399999618530273,1.090000033378601,1.0334038734436035,6644000
2011-03-04,1.1399999856948853,1.1399999856948853,1.100000023841858,1.1200000047683716,1.061846137046814,6984000
2011-03-07,1.100000023841858,1.1100000143051147,1.0299999713897705,1.0700000524520874,1.0144423246383667,4040000
2011-03-08,1.0499999523162842,1.059999942779541,1.0099999904632568,1.0399999618530273,0.9859999418258667,4672000
2011-03-09,1.0499999523162842,1.0800000429153442,1.0399999618530273,1.059999942779541,1.004961371421814,2572000
2011-03-10,1.0399999618530273,1.0700000524520874,1.0299999713897705,1.0499999523162842,0.9954805970191956,2456000
2011-03-11,1.0299999713897705,1.0399999618530273,1.0099999904632568,1.0199999809265137,0.9670383930206299,5478000
2011-03-14,1.0099999904632568,1.0399999618530273,1.0099999904632568,1.0299999713897705,0.9765191674232483,1394000
2011-03-15,1.0099999904632568,1.0299999713897705,0.9900000095367432,1.0,0.9480769038200378,6300000
2011-03-16,1.0,1.0299999713897705,1.0,1.0199999809265137,0.9670383930206299,3784000
2011-03-17,1.0,1.0099999904632568,0.9900000095367432,1.0,0.9480769038200378,2556000
2011-03-18,1.0,1.0399999618530273,1.0,1.0199999809265137,0.9670383930206299,810000
2011-03-21,1.0199999809265137,1.059999942779541,1.0199999809265137,1.0499999523162842,0.9954805970191956,1436000
2011-03-22,1.0499999523162842,1.0700000524520874,1.0399999618530273,1.0700000524520874,1.0144423246383667,1554000
2011-03-23,1.0800000429153442,1.0800000429153442,1.0399999618530273,1.0399999618530273,0.9859999418258667,1152000
2011-03-24,1.0299999713897705,1.059999942779541,1.0299999713897705,1.0399999618530273,0.9859999418258667,1212000
2011-03-25,1.0499999523162842,1.059999942779541,1.0299999713897705,1.0499999523162842,0.9954805970191956,1206000
2011-03-28,1.0499999523162842,1.0700000524520874,1.0299999713897705,1.059999942779541,1.004961371421814,2288000
2011-03-29,1.0499999523162842,1.0700000524520874,1.0399999618530273,1.0499999523162842,0.9954805970191956,2412000
2011-03-30,1.0499999523162842,1.100000023841858,1.0499999523162842,1.0700000524520874,1.0144423246383667,2402000
2011-03-31,1.059999942779541,1.149999976158142,1.059999942779541,1.149999976158142,1.0902884006500244,8272000
2011-04-01,1.149999976158142,1.149999976158142,1.1100000143051147,1.1299999952316284,1.0713268518447876,2552000
2011-04-04,1.1299999952316284,1.149999976158142,1.090000033378601,1.1299999952316284,1.0713268518447876,2296000
2011-04-06,1.1200000047683716,1.1299999952316284,1.090000033378601,1.1200000047683716,1.061846137046814,1386000
2011-04-07,1.1299999952316284,1.1399999856948853,1.1100000143051147,1.1100000143051147,1.0523653030395508,1070000
2011-04-08,1.100000023841858,1.2599999904632568,1.090000033378601,1.190000057220459,1.1282116174697876,9212130
2011-04-11,1.2000000476837158,1.2400000095367432,1.1399999856948853,1.2200000286102295,1.156653881072998,4982000
2011-04-12,1.2300000190734863,1.2300000190734863,1.1799999475479126,1.1799999475479126,1.1187306642532349,1236000
2011-04-13,1.1799999475479126,1.2999999523162842,1.1799999475479126,1.2799999713897705,1.213538408279419,11855000
2011-04-14,1.2799999713897705,1.309999942779541,1.2300000190734863,1.2899999618530273,1.2230192422866821,5150000
2011-04-15,1.2899999618530273,1.350000023841858,1.2899999618530273,1.309999942779541,1.2419806718826294,4572000
2011-04-18,1.309999942779541,1.3200000524520874,1.2699999809265137,1.2999999523162842,1.2324998378753662,3112000
2011-04-19,1.2899999618530273,1.2899999618530273,1.25,1.2799999713897705,1.213538408279419,1798000
2011-04-20,1.2799999713897705,1.3600000143051147,1.2599999904632568,1.3300000429153442,1.2609423398971558,6782000
2011-04-21,1.3600000143051147,1.409999966621399,1.350000023841858,1.350000023841858,1.279903769493103,5892000
2011-04-26,1.3600000143051147,1.409999966621399,1.340000033378601,1.3700000047683716,1.2988653182983398,4898000
2011-04-27,1.3700000047683716,1.399999976158142,1.2999999523162842,1.309999942779541,1.2419806718826294,2368000
2011-04-28,1.3200000524520874,1.350000023841858,1.25,1.2899999618530273,1.2230192422866821,2926000
2011-04-29,1.309999942779541,1.309999942779541,1.25,1.2799999713897705,1.213538408279419,2082000
2011-05-03,1.2899999618530273,1.2999999523162842,1.2699999809265137,1.2799999713897705,1.213538408279419,994000
2011-05-04,1.2999999523162842,1.2999999523162842,1.25,1.2599999904632568,1.1945768594741821,1294000
2011-05-05,1.2400000095367432,1.2999999523162842,1.2400000095367432,1.2699999809265137,1.2040575742721558,728000
2011-05-06,1.25,1.350000023841858,1.25,1.3200000524520874,1.2514615058898926,2094000
2011-05-09,1.2799999713897705,1.340000033378601,1.2799999713897705,1.3200000524520874,1.2514615058898926,650000
2011-05-11,1.3200000524520874,1.3300000429153442,1.2999999523162842,1.309999942779541,1.2419806718826294,698000
2011-05-12,1.2799999713897705,1.2999999523162842,1.2799999713897705,1.2999999523162842,1.2324998378753662,1144000
2011-05-13,1.2899999618530273,1.3600000143051147,1.2599999904632568,1.3300000429153442,1.2609423398971558,2636000
2011-05-16,1.3300000429153442,1.340000033378601,1.2999999523162842,1.309999942779541,1.2419806718826294,558000
2011-05-17,1.2799999713897705,1.3200000524520874,1.2799999713897705,1.309999942779541,1.2419806718826294,882000
2011-05-18,1.309999942779541,1.3200000524520874,1.309999942779541,1.3200000524520874,1.2514615058898926,618000
2011-05-19,1.3300000429153442,1.3300000429153442,1.309999942779541,1.309999942779541,1.2419806718826294,934000
2011-05-20,1.2999999523162842,1.2999999523162842,1.25,1.2799999713897705,1.213538408279419,1700000
2011-05-23,1.25,1.2599999904632568,1.190000057220459,1.2100000381469727,1.1471730470657349,2284000
2011-05-24,1.190000057220459,1.2699999809265137,1.1799999475479126,1.25,1.185096025466919,2556000
2011-05-25,1.2200000286102295,1.2300000190734863,1.190000057220459,1.2200000286102295,1.156653881072998,678000
2011-05-26,1.2100000381469727,1.2200000286102295,1.190000057220459,1.2100000381469727,1.1471730470657349,980000
2011-05-27,1.2000000476837158,1.2300000190734863,1.2000000476837158,1.2100000381469727,1.1471730470657349,1190000
2011-05-30,1.1699999570846558,1.2100000381469727,1.1699999570846558,1.1799999475479126,1.1187306642532349,954000
2011-05-31,1.190000057220459,1.2200000286102295,1.1699999570846558,1.2200000286102295,1.156653881072998,1594000
2011-06-01,1.2200000286102295,1.2200000286102295,1.2000000476837158,1.2000000476837158,1.1376922130584717,512000
2011-06-02,1.1699999570846558,1.2200000286102295,1.1699999570846558,1.2100000381469727,1.1471730470657349,814000
2011-06-03,1.2100000381469727,1.2400000095367432,1.2100000381469727,1.2100000381469727,1.1471730470657349,386000
2011-06-07,1.1699999570846558,1.2100000381469727,1.1699999570846558,1.2000000476837158,1.1376922130584717,216000
2011-06-08,1.2000000476837158,1.2000000476837158,1.1799999475479126,1.1799999475479126,1.1187306642532349,392000
2011-06-09,1.1799999475479126,1.1799999475479126,1.1100000143051147,1.149999976158142,1.0902884006500244,1232000
2011-06-10,1.149999976158142,1.159999966621399,1.1399999856948853,1.159999966621399,1.099769115447998,588000
2011-06-13,1.1399999856948853,1.1399999856948853,1.1100000143051147,1.1200000047683716,1.061846137046814,905000
2011-06-14,1.1299999952316284,1.159999966621399,1.1299999952316284,1.159999966621399,1.099769115447998,786000
2011-06-15,1.1699999570846558,1.190000057220459,1.1699999570846558,1.1799999475479126,1.1187306642532349,926000
2011-06-16,1.1799999475479126,1.190000057220459,1.149999976158142,1.1799999475479126,1.1187306642532349,448000
2011-06-17,1.190000057220459,1.2000000476837158,1.159999966621399,1.190000057220459,1.1282116174697876,824000
2011-06-20,1.2200000286102295,1.2200000286102295,1.159999966621399,1.159999966621399,1.099769115447998,462000
2011-06-21,1.1299999952316284,1.1799999475479126,1.1200000047683716,1.159999966621399,1.099769115447998,1072000
2011-06-22,1.190000057220459,1.190000057220459,1.1200000047683716,1.159999966621399,1.099769115447998,810752
2011-06-23,1.1799999475479126,1.1799999475479126,1.149999976158142,1.1699999570846558,1.1092499494552612,1954000
2011-06-24,1.1299999952316284,1.2000000476837158,1.1299999952316284,1.2000000476837158,1.1376922130584717,1514504
2011-06-27,1.2000000476837158,1.2100000381469727,1.159999966621399,1.2000000476837158,1.1376922130584717,704000
2011-06-28,1.190000057220459,1.2000000476837158,1.1799999475479126,1.2000000476837158,1.1376922130584717,1194000
2011-06-29,1.2000000476837158,1.2000000476837158,1.190000057220459,1.2000000476837158,1.1376922130584717,774000
2011-06-30,1.2000000476837158,1.2000000476837158,1.1799999475479126,1.2000000476837158,1.1376922130584717,1128000
2011-07-04,1.2000000476837158,1.25,1.190000057220459,1.2200000286102295,1.156653881072998,1002000
2011-07-05,1.2300000190734863,1.2300000190734863,1.2000000476837158,1.2300000190734863,1.1661345958709717,446000
2011-07-06,1.2200000286102295,1.2200000286102295,1.1699999570846558,1.1799999475479126,1.1187306642532349,662000
2011-07-07,1.190000057220459,1.190000057220459,1.1699999570846558,1.1799999475479126,1.1187306642532349,732000
2011-07-08,1.1799999475479126,1.2000000476837158,1.1799999475479126,1.190000057220459,1.1282116174697876,345756
2011-07-11,1.1799999475479126,1.190000057220459,1.1799999475479126,1.190000057220459,1.1282116174697876,194000
2011-07-12,1.1699999570846558,1.1699999570846558,1.1299999952316284,1.1699999570846558,1.1092499494552612,1526000
2011-07-13,1.1299999952316284,1.2000000476837158,1.1299999952316284,1.1799999475479126,1.1187306642532349,886000
2011-07-14,1.149999976158142,1.1699999570846558,1.149999976158142,1.1699999570846558,1.1092499494552612,1017252
2011-07-15,1.1699999570846558,1.190000057220459,1.159999966621399,1.159999966621399,1.099769115447998,236000
2011-07-18,1.159999966621399,1.159999966621399,1.149999976158142,1.149999976158142,1.0902884006500244,492000
2011-07-19,1.149999976158142,1.159999966621399,1.1200000047683716,1.159999966621399,1.099769115447998,502000
2011-07-20,1.149999976158142,1.159999966621399,1.1399999856948853,1.149999976158142,1.0902884006500244,540000
2011-07-21,1.1299999952316284,1.149999976158142,1.1299999952316284,1.149999976158142,1.0902884006500244,884000
2011-07-22,1.1699999570846558,1.2000000476837158,1.1399999856948853,1.159999966621399,1.099769115447998,507000
2011-07-25,1.1299999952316284,1.149999976158142,1.1299999952316284,1.149999976158142,1.0902884006500244,176000
2011-07-26,1.1399999856948853,1.1699999570846558,1.1399999856948853,1.1699999570846558,1.1092499494552612,203000
2011-07-27,1.149999976158142,1.159999966621399,1.1299999952316284,1.159999966621399,1.099769115447998,1134000
2011-07-28,1.149999976158142,1.149999976158142,1.1299999952316284,1.1299999952316284,1.0713268518447876,286000
2011-07-29,1.1299999952316284,1.1299999952316284,1.1299999952316284,1.1299999952316284,1.0713268518447876,272000
2011-08-01,1.1399999856948853,1.149999976158142,1.1299999952316284,1.1299999952316284,1.0713268518447876,67252
2011-08-02,1.1200000047683716,1.149999976158142,1.1200000047683716,1.1299999952316284,1.0713268518447876,594000
2011-08-03,1.1299999952316284,1.1299999952316284,1.100000023841858,1.1100000143051147,1.0523653030395508,1050000
2011-08-04,1.1100000143051147,1.1100000143051147,1.0800000429153442,1.1100000143051147,1.0523653030395508,578000
2011-08-05,1.0800000429153442,1.100000023841858,1.059999942779541,1.0700000524520874,1.0144423246383667,1572000
2011-08-08,1.0399999618530273,1.059999942779541,1.0,1.0499999523162842,0.9954805970191956,1684504
2011-08-09,0.9900000095367432,1.059999942779541,0.9900000095367432,1.0299999713897705,0.9765191674232483,750000
2011-08-10,1.0299999713897705,1.0700000524520874,1.0099999904632568,1.0099999904632568,0.9575576782226562,742000
2011-08-11,1.0,1.0,0.8899999856948853,0.9100000262260437,0.8627499938011169,1484504
2011-08-12,0.9200000166893005,1.0,0.8999999761581421,0.9800000190734863,0.929115355014801,2224000
2011-08-15,0.9900000095367432,1.0199999809265137,0.9700000286102295,1.0199999809265137,0.9670383930206299,1119748
2011-08-16,1.0299999713897705,1.0499999523162842,1.0199999809265137,1.0199999809265137,0.9670383930206299,1116000
2011-08-17,1.0199999809265137,1.0199999809265137,1.0,1.0,0.9480769038200378,104000
2011-08-18,0.9800000190734863,1.0199999809265137,0.9800000190734863,1.0099999904632568,0.9575576782226562,627252
2011-08-19,0.9900000095367432,1.0199999809265137,0.9599999785423279,1.0099999904632568,0.9575576782226562,684504
2011-08-22,1.0099999904632568,1.0099999904632568,0.9100000262260437,0.9599999785423279,0.9101538062095642,1442000
2011-08-23,0.9599999785423279,0.9900000095367432,0.9599999785423279,0.9900000095367432,0.9385960698127747,456000
2011-08-24,1.0099999904632568,1.0099999904632568,0.949999988079071,0.9900000095367432,0.9385960698127747,168000
2011-08-25,0.9900000095367432,1.0099999904632568,0.9900000095367432,1.0,0.9480769038200378,42000
2011-08-26,0.9700000286102295,0.9700000286102295,0.9700000286102295,0.9800000190734863,0.929115355014801,60000
2011-08-29,0.9800000190734863,0.9800000190734863,0.9700000286102295,0.9800000190734863,0.929115355014801,164000
2011-08-30,0.949999988079071,0.9599999785423279,0.8899999856948853,0.9200000166893005,0.8722307085990906,2888000
2011-08-31,0.8999999761581421,0.9200000166893005,0.8700000047683716,0.8999999761581421,0.8532691597938538,1996000
2011-09-01,0.8999999761581421,0.9200000166893005,0.8799999952316284,0.8999999761581421,0.8532691597938538,1194000
2011-09-02,0.8999999761581421,0.8999999761581421,0.8799999952316284,0.8999999761581421,0.8532691597938538,64000
2011-09-05,0.8999999761581421,0.8999999761581421,0.8600000143051147,0.8600000143051147,0.8153461217880249,275252
2011-09-06,0.8600000143051147,0.8700000047683716,0.8600000143051147,0.8700000047683716,0.8248268961906433,116000
2011-09-07,0.8700000047683716,0.8899999856948853,0.8700000047683716,0.8899999856948853,0.8437884449958801,78000
2011-09-08,0.8899999856948853,0.8999999761581421,0.8600000143051147,0.8999999761581421,0.8532691597938538,718000
2011-09-09,0.8999999761581421,0.9200000166893005,0.8999999761581421,0.9200000166893005,0.9023076891899109,620000
2011-09-12,0.8799999952316284,0.9200000166893005,0.8500000238418579,0.9200000166893005,0.9023076891899109,1066000
2011-09-14,0.8899999856948853,0.8999999761581421,0.8500000238418579,0.8799999952316284,0.86307692527771,685252
2011-09-15,0.8500000238418579,0.8799999952316284,0.8500000238418579,0.8700000047683716,0.8532692193984985,642000
2011-09-16,0.8100000023841858,0.949999988079071,0.8100000023841858,0.9300000071525574,0.9121153950691223,694000
2011-09-19,0.8399999737739563,0.8799999952316284,0.8399999737739563,0.8600000143051147,0.8434615135192871,194504
2011-09-20,0.8199999928474426,0.8500000238418579,0.7799999713897705,0.8500000238418579,0.8336538672447205,470000
2011-09-21,0.8500000238418579,0.8600000143051147,0.8500000238418579,0.8500000238418579,0.8336538672447205,200000
2011-09-22,0.800000011920929,0.8899999856948853,0.800000011920929,0.8399999737739563,0.8238461017608643,303252
2011-09-23,0.800000011920929,0.8299999833106995,0.800000011920929,0.8299999833106995,0.8140384554862976,272000
2011-09-26,0.8100000023841858,0.8100000023841858,0.7300000190734863,0.7900000214576721,0.7748076915740967,802000
2011-09-27,0.7900000214576721,0.8199999928474426,0.7900000214576721,0.8199999928474426,0.8042307496070862,186000
2011-09-28,0.8299999833106995,0.8500000238418579,0.8100000023841858,0.8399999737739563,0.8238461017608643,568000
2011-09-30,0.8999999761581421,0.8999999761581421,0.8199999928474426,0.8700000047683716,0.8532692193984985,214000
2011-10-03,0.8500000238418579,0.8500000238418579,0.7900000214576721,0.8399999737739563,0.8238461017608643,284000
2011-10-04,0.7900000214576721,0.800000011920929,0.7699999809265137,0.7900000214576721,0.7748076915740967,439252
2011-10-06,0.8299999833106995,0.8299999833106995,0.7799999713897705,0.800000011920929,0.7846153974533081,748000
2011-10-07,0.800000011920929,0.8100000023841858,0.75,0.7900000214576721,0.7748076915740967,736000
2011-10-10,0.800000011920929,0.8199999928474426,0.7699999809265137,0.7699999809265137,0.7551922798156738,432000
2011-10-11,0.8600000143051147,0.8600000143051147,0.7900000214576721,0.800000011920929,0.7846153974533081,321000
2011-10-12,0.800000011920929,0.8199999928474426,0.7799999713897705,0.8199999928474426,0.8042307496070862,755000
2011-10-13,0.8100000023841858,0.8500000238418579,0.8100000023841858,0.8399999737739563,0.8238461017608643,1217000
2011-10-14,0.8500000238418579,0.8500000238418579,0.800000011920929,0.8299999833106995,0.8140384554862976,594000
2011-10-17,0.8199999928474426,0.8299999833106995,0.7900000214576721,0.8100000023841858,0.7944230437278748,1932000
2011-10-18,0.7799999713897705,0.7900000214576721,0.75,0.7900000214576721,0.7748076915740967,1063369
2011-10-19,0.8100000023841858,0.8100000023841858,0.7599999904632568,0.7799999713897705,0.7649999856948853,556000
2011-10-20,0.7599999904632568,0.7799999713897705,0.75,0.7699999809265137,0.7551922798156738,194000
2011-10-21,0.7900000214576721,0.7900000214576721,0.75,0.7900000214576721,0.7748076915740967,200000
2011-10-24,0.7799999713897705,0.8199999928474426,0.75,0.8100000023841858,0.7944230437278748,470000
2011-10-25,0.8100000023841858,0.8399999737739563,0.800000011920929,0.8199999928474426,0.8042307496070862,306000
2011-10-26,0.8199999928474426,0.8399999737739563,0.800000011920929,0.8199999928474426,0.8042307496070862,278000
2011-10-27,0.8500000238418579,0.8700000047683716,0.8500000238418579,0.8700000047683716,0.8532692193984985,358000
2011-10-28,0.9200000166893005,0.9300000071525574,0.8100000023841858,0.8600000143051147,0.8434615135192871,532000
2011-10-31,0.8199999928474426,0.8700000047683716,0.8199999928474426,0.8500000238418579,0.8336538672447205,300000
2011-11-01,0.8500000238418579,0.9300000071525574,0.8500000238418579,0.8899999856948853,0.8728845715522766,1380000
2011-11-02,0.8799999952316284,0.8899999856948853,0.8500000238418579,0.8899999856948853,0.8728845715522766,408000
2011-11-03,0.8899999856948853,0.8999999761581421,0.8700000047683716,0.8899999856948853,0.8728845715522766,339368
2011-11-04,0.8999999761581421,0.8999999761581421,0.8899999856948853,0.8899999856948853,0.8728845715522766,44000
2011-11-07,0.8799999952316284,0.8799999952316284,0.8500000238418579,0.8600000143051147,0.8434615135192871,200000
2011-11-08,0.8600000143051147,0.8799999952316284,0.8500000238418579,0.8600000143051147,0.8434615135192871,474000
2011-11-09,0.8600000143051147,0.949999988079071,0.8600000143051147,0.949999988079071,0.9317307472229004,834000
2011-11-10,0.949999988079071,0.949999988079071,0.8399999737739563,0.8500000238418579,0.8336538672447205,1056000
2011-11-11,0.8500000238418579,0.8500000238418579,0.800000011920929,0.8199999928474426,0.8042307496070862,1316000
2011-11-14,0.8600000143051147,0.949999988079071,0.8600000143051147,0.9300000071525574,0.9121153950691223,3238000
2011-11-15,0.9300000071525574,0.9300000071525574,0.8600000143051147,0.8999999761581421,0.882692277431488,1477369
2011-11-16,0.8899999856948853,0.8899999856948853,0.8500000238418579,0.8700000047683716,0.8532692193984985,792000
2011-11-17,0.8600000143051147,0.8600000143051147,0.8399999737739563,0.8600000143051147,0.8434615135192871,586000
2011-11-18,0.8299999833106995,0.8399999737739563,0.7900000214576721,0.8100000023841858,0.7944230437278748,1228000
2011-11-21,0.7799999713897705,0.800000011920929,0.7799999713897705,0.7799999713897705,0.7649999856948853,408000
2011-11-22,0.7599999904632568,0.7799999713897705,0.75,0.75,0.7355769276618958,616000
2011-11-23,0.75,0.7599999904632568,0.7400000095367432,0.7599999904632568,0.7453845739364624,480107
2011-11-24,0.75,0.7799999713897705,0.7400000095367432,0.7799999713897705,0.7649999856948853,56000
2011-11-25,0.75,0.75,0.7400000095367432,0.7400000095367432,0.7257692217826843,128000
2011-11-28,0.7699999809265137,0.7799999713897705,0.7599999904632568,0.7699999809265137,0.7551922798156738,40003
2011-11-29,0.7799999713897705,0.8199999928474426,0.7599999904632568,0.8100000023841858,0.7944230437278748,88000
2011-11-30,0.7599999904632568,0.7699999809265137,0.7099999785423279,0.7699999809265137,0.7551922798156738,370000
2011-12-01,0.7699999809265137,0.7900000214576721,0.7599999904632568,0.7799999713897705,0.7649999856948853,654000
2011-12-02,0.800000011920929,0.800000011920929,0.75,0.75,0.7355769276618958,100000
2011-12-05,0.6800000071525574,0.7300000190734863,0.6499999761581421,0.7300000190734863,0.7159615755081177,1458000
2011-12-06,0.7099999785423279,0.7400000095367432,0.699999988079071,0.7400000095367432,0.7257692217826843,364000
2011-12-07,0.7400000095367432,0.7400000095367432,0.7099999785423279,0.7200000286102295,0.7061538696289062,268000
2011-12-08,0.7200000286102295,0.75,0.7099999785423279,0.7300000190734863,0.7159615755081177,366000
2011-12-09,0.699999988079071,0.7200000286102295,0.699999988079071,0.7099999785423279,0.69634610414505,262000
2011-12-12,0.7099999785423279,0.7200000286102295,0.6800000071525574,0.6800000071525574,0.6669230461120605,850000
2011-12-13,0.699999988079071,0.7099999785423279,0.6800000071525574,0.6899999976158142,0.676730751991272,197519
2011-12-14,0.6899999976158142,0.699999988079071,0.6800000071525574,0.6800000071525574,0.6669230461120605,750000
2011-12-15,0.6499999761581421,0.699999988079071,0.6100000143051147,0.6200000047683716,0.6080769300460815,2535963
2011-12-16,0.6299999952316284,0.6499999761581421,0.6200000047683716,0.6200000047683716,0.6080769300460815,1370000
2011-12-19,0.6200000047683716,0.6299999952316284,0.5899999737739563,0.6000000238418579,0.5884615778923035,1468000
2011-12-20,0.6000000238418579,0.6299999952316284,0.5699999928474426,0.5899999737739563,0.5786538124084473,2620008
2011-12-21,0.5899999737739563,0.5899999737739563,0.5400000214576721,0.5600000023841858,0.5492307543754578,4350000
2011-12-22,0.550000011920929,0.5799999833106995,0.5299999713897705,0.5600000023841858,0.5492307543754578,1346000
2011-12-23,0.550000011920929,0.5799999833106995,0.5400000214576721,0.550000011920929,0.5394231081008911,1808000
2011-12-28,0.550000011920929,0.550000011920929,0.5099999904632568,0.5299999713897705,0.5198076367378235,2776000
2011-12-29,0.5,0.5899999737739563,0.5,0.5699999928474426,0.5590384602546692,2866000
2011-12-30,0.5899999737739563,0.699999988079071,0.5899999737739563,0.6800000071525574,0.6669230461120605,5434000
2012-01-03,0.6800000071525574,0.6800000071525574,0.6200000047683716,0.6200000047683716,0.6080769300460815,808000
2012-01-04,0.6399999856948853,0.6399999856948853,0.6299999952316284,0.6299999952316284,0.6178845763206482,60000
2012-01-05,0.6100000143051147,0.6399999856948853,0.6100000143051147,0.6299999952316284,0.6178845763206482,104000
2012-01-06,0.6200000047683716,0.6200000047683716,0.6000000238418579,0.6000000238418579,0.5884615778923035,486000
2012-01-09,0.6000000238418579,0.6100000143051147,0.6000000238418579,0.6000000238418579,0.5884615778923035,358000
2012-01-10,0.6100000143051147,0.6100000143051147,0.5799999833106995,0.6000000238418579,0.5884615778923035,118000
2012-01-11,0.6000000238418579,0.6100000143051147,0.5899999737739563,0.5899999737739563,0.5786538124084473,332000
2012-01-12,0.5799999833106995,0.6100000143051147,0.5799999833106995,0.5899999737739563,0.5786538124084473,48000
2012-01-13,0.550000011920929,0.5699999928474426,0.5400000214576721,0.5600000023841858,0.5492307543754578,1362000
2012-01-16,0.5400000214576721,0.5600000023841858,0.5400000214576721,0.550000011920929,0.5394231081008911,494000
2012-01-17,0.5400000214576721,0.6000000238418579,0.5400000214576721,0.5899999737739563,0.5786538124084473,252000
2012-01-18,0.550000011920929,0.5699999928474426,0.550000011920929,0.5600000023841858,0.5492307543754578,206000
2012-01-19,0.550000011920929,0.5699999928474426,0.550000011920929,0.5600000023841858,0.5492307543754578,362000
2012-01-20,0.5600000023841858,0.5699999928474426,0.550000011920929,0.5600000023841858,0.5492307543754578,396000
2012-01-26,0.5699999928474426,0.5699999928474426,0.550000011920929,0.5600000023841858,0.5492307543754578,344000
2012-01-27,0.550000011920929,0.5699999928474426,0.550000011920929,0.5600000023841858,0.5492307543754578,368000
2012-01-30,0.5600000023841858,0.6200000047683716,0.5600000023841858,0.5699999928474426,0.5590384602546692,258000
2012-01-31,0.5299999713897705,0.5899999737739563,0.5299999713897705,0.5799999833106995,0.5688461065292358,32000
2012-02-01,0.5799999833106995,0.5799999833106995,0.5799999833106995,0.5799999833106995,0.5688461065292358,0
2012-02-02,0.5600000023841858,0.6100000143051147,0.5600000023841858,0.5899999737739563,0.5786538124084473,188000
2012-02-03,0.5799999833106995,0.5899999737739563,0.5799999833106995,0.5899999737739563,0.5786538124084473,78000
2012-02-06,0.6100000143051147,0.6200000047683716,0.5600000023841858,0.5799999833106995,0.5688461065292358,322000
2012-02-07,0.5799999833106995,0.5899999737739563,0.5799999833106995,0.5899999737739563,0.5786538124084473,99368
2012-02-08,0.5299999713897705,0.6100000143051147,0.5299999713897705,0.6100000143051147,0.5982692241668701,1152000
2012-02-09,0.6100000143051147,0.6399999856948853,0.6000000238418579,0.6200000047683716,0.6080769300460815,1426000
2012-02-10,0.5899999737739563,0.6200000047683716,0.5799999833106995,0.5799999833106995,0.5688461065292358,960000
2012-02-13,0.5799999833106995,0.6299999952316284,0.5799999833106995,0.6200000047683716,0.6080769300460815,498000
2012-02-14,0.5799999833106995,0.6200000047683716,0.5799999833106995,0.5899999737739563,0.5786538124084473,316000
2012-02-15,0.5899999737739563,0.6100000143051147,0.5799999833106995,0.5799999833106995,0.5688461065292358,1102000
2012-02-16,0.6000000238418579,0.6000000238418579,0.5699999928474426,0.5799999833106995,0.5688461065292358,1260000
2012-02-17,0.5899999737739563,0.6000000238418579,0.5799999833106995,0.5899999737739563,0.5786538124084473,768000
2012-02-20,0.5799999833106995,0.6000000238418579,0.550000011920929,0.5699999928474426,0.5590384602546692,2260000
2012-02-21,0.550000011920929,0.5699999928474426,0.550000011920929,0.5600000023841858,0.5492307543754578,706000
2012-02-22,0.5799999833106995,0.5899999737739563,0.5600000023841858,0.5799999833106995,0.5688461065292358,1166000
2012-02-23,0.5699999928474426,0.6700000166893005,0.5699999928474426,0.6399999856948853,0.6276922821998596,10080000
2012-02-24,0.6499999761581421,0.6800000071525574,0.6000000238418579,0.6600000262260437,0.6473076939582825,6466000
2012-02-27,0.6800000071525574,0.7699999809265137,0.6800000071525574,0.7300000190734863,0.7159615755081177,16312000
2012-02-28,0.75,0.75,0.6800000071525574,0.7099999785423279,0.69634610414505,3138000
2012-02-29,0.7200000286102295,0.7200000286102295,0.6800000071525574,0.699999988079071,0.6865384578704834,2642000
2012-03-01,0.6899999976158142,0.7400000095367432,0.6800000071525574,0.7099999785423279,0.69634610414505,3314000
2012-03-02,0.7400000095367432,0.75,0.699999988079071,0.7200000286102295,0.7061538696289062,3476000
2012-03-05,0.7200000286102295,0.7200000286102295,0.699999988079071,0.7099999785423279,0.69634610414505,768000
2012-03-06,0.699999988079071,0.699999988079071,0.6600000262260437,0.6700000166893005,0.6571153998374939,1820000
2012-03-07,0.6399999856948853,0.6600000262260437,0.6000000238418579,0.6200000047683716,0.6080769300460815,3322000
2012-03-08,0.6299999952316284,0.6499999761581421,0.6200000047683716,0.6299999952316284,0.6178845763206482,2590000
2012-03-09,0.6499999761581421,0.7099999785423279,0.6399999856948853,0.6800000071525574,0.6669230461120605,3286000
2012-03-12,0.6600000262260437,0.6700000166893005,0.6499999761581421,0.6600000262260437,0.6473076939582825,2668000
2012-03-13,0.6499999761581421,0.699999988079071,0.6499999761581421,0.6800000071525574,0.6669230461120605,4626000
2012-03-14,0.699999988079071,0.699999988079071,0.6499999761581421,0.6600000262260437,0.6473076939582825,3014000
2012-03-15,0.6499999761581421,0.6700000166893005,0.6399999856948853,0.6600000262260437,0.6473076939582825,416000
2012-03-16,0.6600000262260437,0.6700000166893005,0.6600000262260437,0.6600000262260437,0.6473076939582825,510000
2012-03-20,0.6200000047683716,0.6299999952316284,0.6200000047683716,0.6200000047683716,0.6080769300460815,522000
2012-03-21,0.6100000143051147,0.6299999952316284,0.6100000143051147,0.6200000047683716,0.6080769300460815,428000
2012-03-22,0.6100000143051147,0.6600000262260437,0.6000000238418579,0.6499999761581421,0.637499988079071,888000
2012-03-23,0.6499999761581421,0.6499999761581421,0.6100000143051147,0.6299999952316284,0.6178845763206482,1396000
2012-03-26,0.6100000143051147,0.6399999856948853,0.6000000238418579,0.6100000143051147,0.5982692241668701,1780000
2012-03-27,0.6100000143051147,0.6800000071525574,0.6100000143051147,0.6299999952316284,0.6178845763206482,2362000
2012-03-28,0.6100000143051147,0.6399999856948853,0.6100000143051147,0.6200000047683716,0.6080769300460815,791818
2012-03-29,0.6000000238418579,0.6200000047683716,0.5199999809265137,0.6200000047683716,0.6080769300460815,2260000
2012-03-30,0.5799999833106995,0.6200000047683716,0.5600000023841858,0.6100000143051147,0.5982692241668701,1342000
2012-04-02,0.6100000143051147,0.6100000143051147,0.6100000143051147,0.6100000143051147,0.5982692241668701,146000
2012-04-03,0.6100000143051147,0.6100000143051147,0.6000000238418579,0.6000000238418579,0.5884615778923035,158000
2012-04-05,0.6100000143051147,0.6200000047683716,0.6000000238418579,0.6200000047683716,0.6080769300460815,278000
2012-04-10,0.6000000238418579,0.6399999856948853,0.6000000238418579,0.6299999952316284,0.6178845763206482,190000
2012-04-11,0.6299999952316284,0.6299999952316284,0.6299999952316284,0.6299999952316284,0.6178845763206482,350000
2012-04-12,0.6200000047683716,0.6399999856948853,0.6200000047683716,0.6399999856948853,0.6276922821998596,156000
2012-04-13,0.6200000047683716,0.6200000047683716,0.5799999833106995,0.6200000047683716,0.6080769300460815,248000
2012-04-16,0.5799999833106995,0.6000000238418579,0.5799999833106995,0.6000000238418579,0.5884615778923035,76000
2012-04-17,0.6000000238418579,0.6200000047683716,0.5899999737739563,0.6200000047683716,0.6080769300460815,304000
2012-04-18,0.6200000047683716,0.6299999952316284,0.5899999737739563,0.6000000238418579,0.5884615778923035,326000
2012-04-19,0.6200000047683716,0.6299999952316284,0.6200000047683716,0.6200000047683716,0.6080769300460815,194000
2012-04-20,0.6200000047683716,0.6200000047683716,0.6200000047683716,0.6200000047683716,0.6080769300460815,0
2012-04-23,0.6100000143051147,0.6299999952316284,0.6000000238418579,0.6000000238418579,0.5884615778923035,186000
2012-04-24,0.5899999737739563,0.6000000238418579,0.5899999737739563,0.6200000047683716,0.6080769300460815,74000
2012-04-25,0.6100000143051147,0.6200000047683716,0.6100000143051147,0.6200000047683716,0.6080769300460815,154000
2012-04-26,0.6100000143051147,0.6200000047683716,0.6000000238418579,0.6000000238418579,0.5884615778923035,360000
2012-04-27,0.6100000143051147,0.6100000143051147,0.6000000238418579,0.6000000238418579,0.5884615778923035,188000
2012-04-30,0.5899999737739563,0.6100000143051147,0.5899999737739563,0.5899999737739563,0.5786538124084473,228000
2012-05-02,0.6000000238418579,0.6200000047683716,0.6000000238418579,0.6200000047683716,0.6080769300460815,40000
2012-05-03,0.5899999737739563,0.6000000238418579,0.5799999833106995,0.5799999833106995,0.5688461065292358,624000
2012-05-04,0.5699999928474426,0.5799999833106995,0.5,0.5299999713897705,0.5198076367378235,1006000
2012-05-07,0.5199999809265137,0.5600000023841858,0.5199999809265137,0.5400000214576721,0.5296154022216797,310000
2012-05-08,0.550000011920929,0.550000011920929,0.5299999713897705,0.550000011920929,0.5394231081008911,200000
2012-05-09,0.5199999809265137,0.5699999928474426,0.5199999809265137,0.5600000023841858,0.5492307543754578,24000
2012-05-10,0.5299999713897705,0.5600000023841858,0.5,0.5600000023841858,0.5492307543754578,64000
2012-05-11,0.5600000023841858,0.5600000023841858,0.5199999809265137,0.550000011920929,0.5394231081008911,256000
2012-05-14,0.550000011920929,0.550000011920929,0.550000011920929,0.550000011920929,0.5394231081008911,76000
2012-05-15,0.550000011920929,0.550000011920929,0.5,0.550000011920929,0.5394231081008911,1042000
2012-05-16,0.5099999904632568,0.550000011920929,0.5,0.5299999713897705,0.5198076367378235,216000
2012-05-17,0.5299999713897705,0.5299999713897705,0.5299999713897705,0.5299999713897705,0.5198076367378235,46000
2012-05-18,0.5,0.550000011920929,0.5,0.5299999713897705,0.5198076367378235,96000
2012-05-21,0.5,0.550000011920929,0.5,0.550000011920929,0.5394231081008911,152000
2012-05-22,0.5299999713897705,0.550000011920929,0.5199999809265137,0.550000011920929,0.5394231081008911,60000
2012-05-23,0.5199999809265137,0.550000011920929,0.5099999904632568,0.550000011920929,0.5394231081008911,180000
2012-05-24,0.5400000214576721,0.550000011920929,0.5299999713897705,0.5400000214576721,0.5296154022216797,240000
2012-05-25,0.5400000214576721,0.5400000214576721,0.5400000214576721,0.5400000214576721,0.5296154022216797,0
2012-05-28,0.5199999809265137,0.5199999809265137,0.5099999904632568,0.5199999809265137,0.5099999904632568,80000
2012-05-29,0.5099999904632568,0.5199999809265137,0.5099999904632568,0.5199999809265137,0.5199999809265137,250000
2012-05-30,0.5099999904632568,0.5299999713897705,0.5099999904632568,0.5299999713897705,0.5299999713897705,362000
2012-05-31,0.5299999713897705,0.550000011920929,0.5299999713897705,0.5400000214576721,0.5400000214576721,108000
2012-06-01,0.5400000214576721,0.550000011920929,0.5400000214576721,0.550000011920929,0.550000011920929,152000
2012-06-04,0.5,0.5400000214576721,0.5,0.5400000214576721,0.5400000214576721,50000
2012-06-05,0.5099999904632568,0.5400000214576721,0.5099999904632568,0.5400000214576721,0.5400000214576721,164000
2012-06-06,0.5400000214576721,0.5400000214576721,0.5400000214576721,0.5400000214576721,0.5400000214576721,0
2012-06-07,0.5099999904632568,0.5400000214576721,0.5,0.5199999809265137,0.5199999809265137,626000
2012-06-08,0.5,0.5199999809265137,0.4950000047683716,0.5199999809265137,0.5199999809265137,472000
2012-06-11,0.5099999904632568,0.5199999809265137,0.5,0.5199999809265137,0.5199999809265137,314000
2012-06-12,0.5099999904632568,0.5099999904632568,0.5,0.5,0.5,22000
2012-06-13,0.5099999904632568,0.5199999809265137,0.5,0.5199999809265137,0.5199999809265137,586000
2012-06-14,0.5,0.5199999809265137,0.5,0.5199999809265137,0.5199999809265137,314000
2012-06-15,0.5,0.5299999713897705,0.5,0.5299999713897705,0.5299999713897705,442000
2012-06-18,0.550000011920929,0.550000011920929,0.5400000214576721,0.5199999809265137,0.5199999809265137,70000
2012-06-19,0.5199999809265137,0.5199999809265137,0.5199999809265137,0.5199999809265137,0.5199999809265137,40000
2012-06-20,0.5199999809265137,0.5400000214576721,0.5099999904632568,0.5400000214576721,0.5400000214576721,360000
2012-06-21,0.5099999904632568,0.5099999904632568,0.5,0.5,0.5,262000
2012-06-22,0.5099999904632568,0.5299999713897705,0.5,0.5199999809265137,0.5199999809265137,32000
2012-06-25,0.5199999809265137,0.5400000214576721,0.5,0.5400000214576721,0.5400000214576721,204000
2012-06-26,0.5,0.5299999713897705,0.5,0.5299999713897705,0.5299999713897705,54000
2012-06-27,0.5,0.5299999713897705,0.5,0.5299999713897705,0.5299999713897705,112000
2012-06-28,0.5,0.5199999809265137,0.49000000953674316,0.5099999904632568,0.5099999904632568,132000
2012-06-29,0.5099999904632568,0.5199999809265137,0.5099999904632568,0.5199999809265137,0.5199999809265137,70000
2012-07-03,0.5199999809265137,0.5199999809265137,0.5,0.5,0.5,442000
2012-07-04,0.5,0.5,0.5,0.5,0.5,20000
2012-07-05,0.5199999809265137,0.5199999809265137,0.5199999809265137,0.5199999809265137,0.5199999809265137,20000
2012-07-06,0.4699999988079071,0.5,0.4699999988079071,0.5,0.5,32000
2012-07-09,0.5,0.5,0.5,0.5,0.5,0
2012-07-10,0.5,0.5,0.5,0.5,0.5,0
2012-07-11,0.5,0.5,0.45500001311302185,0.46000000834465027,0.46000000834465027,20000
2012-07-12,0.48500001430511475,0.5,0.48500001430511475,0.5,0.5,116000
2012-07-13,0.4950000047683716,0.5,0.4950000047683716,0.5,0.5,40000
2012-07-16,0.49000000953674316,0.5,0.49000000953674316,0.5,0.5,100000
2012-07-17,0.45500001311302185,0.5,0.44999998807907104,0.5,0.5,392000
2012-07-18,0.5,0.5,0.5,0.5,0.5,80000
2012-07-19,0.5,0.5,0.49000000953674316,0.49000000953674316,0.49000000953674316,78000
2012-07-20,0.49000000953674316,0.5,0.47999998927116394,0.5,0.5,200000
2012-07-23,0.4950000047683716,0.4950000047683716,0.4950000047683716,0.4950000047683716,0.4950000047683716,40000
2012-07-24,0.4950000047683716,0.4950000047683716,0.4950000047683716,0.4950000047683716,0.4950000047683716,0
2012-07-25,0.44999998807907104,0.47999998927116394,0.44999998807907104,0.4650000035762787,0.4650000035762787,724000
2012-07-26,0.4699999988079071,0.4749999940395355,0.45500001311302185,0.4749999940395355,0.4749999940395355,504000
2012-07-27,0.4699999988079071,0.48500001430511475,0.4699999988079071,0.48500001430511475,0.48500001430511475,32000
2012-07-30,0.46000000834465027,0.48500001430511475,0.45500001311302185,0.47999998927116394,0.47999998927116394,354000
2012-07-31,0.47999998927116394,0.47999998927116394,0.47999998927116394,0.47999998927116394,0.47999998927116394,4000
2012-08-01,0.47999998927116394,0.47999998927116394,0.47999998927116394,0.47999998927116394,0.47999998927116394,0
2012-08-02,0.4749999940395355,0.4749999940395355,0.4749999940395355,0.4749999940395355,0.4749999940395355,40000
2012-08-03,0.48500001430511475,0.49000000953674316,0.45500001311302185,0.49000000953674316,0.49000000953674316,452000
2012-08-06,0.49000000953674316,0.49000000953674316,0.49000000953674316,0.49000000953674316,0.49000000953674316,0
2012-08-07,0.48500001430511475,0.48500001430511475,0.48500001430511475,0.48500001430511475,0.48500001430511475,90000
2012-08-08,0.48500001430511475,0.48500001430511475,0.46000000834465027,0.48500001430511475,0.48500001430511475,820000
2012-08-09,0.4699999988079071,0.48500001430511475,0.4699999988079071,0.48500001430511475,0.48500001430511475,206000
2012-08-10,0.5,0.5,0.49000000953674316,0.49000000953674316,0.49000000953674316,404000
2012-08-13,0.4749999940395355,0.4749999940395355,0.4650000035762787,0.4699999988079071,0.4699999988079071,80000
2012-08-14,0.4699999988079071,0.48500001430511475,0.4699999988079071,0.4749999940395355,0.4749999940395355,232000
2012-08-15,0.46000000834465027,0.46000000834465027,0.46000000834465027,0.46000000834465027,0.46000000834465027,98000
2012-08-16,0.4749999940395355,0.47999998927116394,0.4749999940395355,0.47999998927116394,0.47999998927116394,78000
2012-08-17,0.46000000834465027,0.47999998927116394,0.46000000834465027,0.47999998927116394,0.47999998927116394,96000
2012-08-20,0.45500001311302185,0.47999998927116394,0.44999998807907104,0.47999998927116394,0.47999998927116394,216000
2012-08-21,0.47999998927116394,0.47999998927116394,0.47999998927116394,0.47999998927116394,0.47999998927116394,0
2012-08-22,0.4699999988079071,0.5,0.46000000834465027,0.48500001430511475,0.48500001430511475,346000
2012-08-23,0.5,0.5,0.48500001430511475,0.49000000953674316,0.49000000953674316,184000
2012-08-24,0.49000000953674316,0.49000000953674316,0.49000000953674316,0.49000000953674316,0.49000000953674316,0
2012-08-27,0.49000000953674316,0.49000000953674316,0.49000000953674316,0.49000000953674316,0.49000000953674316,0
2012-08-28,0.4950000047683716,0.4950000047683716,0.4950000047683716,0.4950000047683716,0.4950000047683716,2000
2012-08-29,0.47999998927116394,0.4950000047683716,0.47999998927116394,0.49000000953674316,0.49000000953674316,142000
2012-08-30,0.4699999988079071,0.4950000047683716,0.45500001311302185,0.49000000953674316,0.49000000953674316,420000
2012-08-31,0.49000000953674316,0.49000000953674316,0.49000000953674316,0.49000000953674316,0.49000000953674316,0
2012-09-03,0.4699999988079071,0.48500001430511475,0.4699999988079071,0.47999998927116394,0.47999998927116394,14000
2012-09-04,0.49000000953674316,0.49000000953674316,0.49000000953674316,0.49000000953674316,0.49000000953674316,4000
2012-09-05,0.4749999940395355,0.4749999940395355,0.4699999988079071,0.4699999988079071,0.4699999988079071,10000
2012-09-06,0.46000000834465027,0.5199999809265137,0.46000000834465027,0.5,0.5,738000
2012-09-07,0.5,0.5,0.5,0.5,0.5,44000
2012-09-10,0.5,0.5,0.5,0.5,0.5,0
2012-09-11,0.4950000047683716,0.5199999809265137,0.4950000047683716,0.5199999809265137,0.5199999809265137,202000
2012-09-12,0.49000000953674316,0.5199999809265137,0.49000000953674316,0.5199999809265137,0.5199999809265137,256000
2012-09-13,0.4950000047683716,0.4950000047683716,0.48500001430511475,0.48500001430511475,0.48500001430511475,4000
2012-09-14,0.47999998927116394,0.550000011920929,0.47999998927116394,0.550000011920929,0.550000011920929,566000
2012-09-17,0.5099999904632568,0.5099999904632568,0.5,0.5,0.5,60000
2012-09-18,0.5199999809265137,0.5199999809265137,0.5199999809265137,0.5199999809265137,0.5199999809265137,52000
2012-09-19,0.5199999809265137,0.5199999809265137,0.5199999809265137,0.5199999809265137,0.5199999809265137,120000
2012-09-20,0.5199999809265137,0.5400000214576721,0.5099999904632568,0.5099999904632568,0.5099999904632568,146000
2012-09-21,0.5,0.5099999904632568,0.5,0.5099999904632568,0.5099999904632568,150000
2012-09-24,0.4950000047683716,0.4950000047683716,0.4950000047683716,0.4950000047683716,0.4950000047683716,6000
2012-09-25,0.49000000953674316,0.48500001430511475,0.47999998927116394,0.48500001430511475,0.48500001430511475,186000
2012-09-26,0.4749999940395355,0.4749999940395355,0.4749999940395355,0.4749999940395355,0.4749999940395355,16000
2012-09-27,0.4699999988079071,0.5,0.4699999988079071,0.47999998927116394,0.47999998927116394,292000
2012-09-28,0.47999998927116394,0.48500001430511475,0.4699999988079071,0.4699999988079071,0.4699999988079071,310000
2012-10-03,0.4699999988079071,0.4699999988079071,0.4699999988079071,0.4699999988079071,0.4699999988079071,0
2012-10-04,0.4699999988079071,0.4699999988079071,0.4699999988079071,0.4699999988079071,0.4699999988079071,110000
2012-10-05,0.4699999988079071,0.4699999988079071,0.4699999988079071,0.4699999988079071,0.4699999988079071,0
2012-10-08,0.47999998927116394,0.47999998927116394,0.47999998927116394,0.47999998927116394,0.47999998927116394,174000
2012-10-09,0.4699999988079071,0.4749999940395355,0.4699999988079071,0.4699999988079071,0.4699999988079071,126000
2012-10-10,0.46000000834465027,0.47999998927116394,0.46000000834465027,0.47999998927116394,0.47999998927116394,260000
2012-10-11,0.47999998927116394,0.47999998927116394,0.47999998927116394,0.47999998927116394,0.47999998927116394,0
2012-10-12,0.4699999988079071,0.4699999988079071,0.4699999988079071,0.4699999988079071,0.4699999988079071,18000
2012-10-15,0.4699999988079071,0.4699999988079071,0.4699999988079071,0.4699999988079071,0.4699999988079071,20000
2012-10-16,0.4699999988079071,0.4699999988079071,0.4699999988079071,0.4699999988079071,0.4699999988079071,200000
2012-10-17,0.4699999988079071,0.47999998927116394,0.4699999988079071,0.4749999940395355,0.4749999940395355,246000
2012-10-18,0.49000000953674316,0.4950000047683716,0.49000000953674316,0.49000000953674316,0.49000000953674316,370000
2012-10-19,0.48500001430511475,0.48500001430511475,0.47999998927116394,0.47999998927116394,0.47999998927116394,16000
2012-10-22,0.47999998927116394,0.47999998927116394,0.47999998927116394,0.47999998927116394,0.47999998927116394,0
2012-10-24,0.4950000047683716,0.5,0.4950000047683716,0.4950000047683716,0.4950000047683716,526000
2012-10-25,0.5199999809265137,0.5199999809265137,0.5,0.5,0.5,190000
2012-10-26,0.5,0.5,0.5,0.5,0.5,0
2012-10-29,0.5,0.5,0.5,0.5,0.5,0
2012-10-30,0.5,0.5,0.5,0.5,0.5,14000
2012-10-31,0.49000000953674316,0.49000000953674316,0.49000000953674316,0.49000000953674316,0.49000000953674316,40000
2012-11-01,0.5,0.5,0.5,0.5,0.5,46504
2012-11-02,0.5,0.5,0.49000000953674316,0.49000000953674316,0.49000000953674316,66000
2012-11-05,0.5,0.5,0.48500001430511475,0.5,0.5,60000
2012-11-06,0.47999998927116394,0.49000000953674316,0.4749999940395355,0.47999998927116394,0.47999998927116394,874000
2012-11-07,0.4950000047683716,0.4950000047683716,0.49000000953674316,0.4950000047683716,0.4950000047683716,180000
2012-11-08,0.4950000047683716,0.4950000047683716,0.4950000047683716,0.4950000047683716,0.4950000047683716,80000
2012-11-09,0.47999998927116394,0.5,0.47999998927116394,0.5,0.5,106000
2012-11-12,0.5,0.5,0.5,0.5,0.5,88000
2012-11-13,0.4950000047683716,0.4950000047683716,0.4950000047683716,0.4950000047683716,0.4950000047683716,0
2012-11-14,0.4950000047683716,0.5,0.4950000047683716,0.5,0.5,200000
2012-11-15,0.5,0.5,0.5,0.5,0.5,256000
2012-11-16,0.5,0.5,0.5,0.5,0.5,250000
2012-11-19,0.5,0.5,0.5,0.5,0.5,250000
2012-11-20,0.5,0.5,0.5,0.5,0.5,250000
2012-11-21,0.48500001430511475,0.49000000953674316,0.48500001430511475,0.48500001430511475,0.48500001430511475,10000
2012-11-22,0.48500001430511475,0.5,0.48500001430511475,0.5,0.5,242000
2012-11-23,0.5,0.5099999904632568,0.5,0.5099999904632568,0.5099999904632568,250000
2012-11-26,0.5099999904632568,0.5099999904632568,0.5099999904632568,0.5099999904632568,0.5099999904632568,0
2012-11-27,0.5,0.5,0.48500001430511475,0.48500001430511475,0.48500001430511475,254000
2012-11-28,0.5,0.5,0.5,0.5,0.5,250000
2012-11-29,0.5,0.5,0.4749999940395355,0.47999998927116394,0.47999998927116394,42000
2012-11-30,0.4749999940395355,0.5,0.4749999940395355,0.5,0.5,98000
2012-12-03,0.5,0.5,0.5,0.5,0.5,0
2012-12-04,0.5,0.5,0.5,0.5,0.5,0
2012-12-05,0.5,0.5,0.45500001311302185,0.4950000047683716,0.4950000047683716,502000
2012-12-06,0.47999998927116394,0.5,0.47999998927116394,0.5,0.5,250000
2012-12-07,0.5,0.5,0.5,0.5,0.5,0
2012-12-10,0.5,0.5,0.5,0.5,0.5,70000
2012-12-11,0.46000000834465027,0.48500001430511475,0.46000000834465027,0.48500001430511475,0.48500001430511475,514000
2012-12-12,0.48500001430511475,0.5099999904632568,0.4749999940395355,0.5,0.5,508000
2012-12-13,0.49000000953674316,0.49000000953674316,0.49000000953674316,0.49000000953674316,0.49000000953674316,200000
2012-12-14,0.48500001430511475,0.5,0.48500001430511475,0.5,0.5,118000
2012-12-17,0.5,0.5,0.5,0.5,0.5,0
2012-12-18,0.5099999904632568,0.5099999904632568,0.49000000953674316,0.5099999904632568,0.5099999904632568,484000
2012-12-19,0.5099999904632568,0.5099999904632568,0.4950000047683716,0.5099999904632568,0.5099999904632568,350000
2012-12-20,0.5099999904632568,0.550000011920929,0.5,0.5,0.5,430000
2012-12-21,0.5099999904632568,0.5099999904632568,0.5099999904632568,0.5099999904632568,0.5099999904632568,0
2012-12-24,0.5099999904632568,0.5099999904632568,0.5099999904632568,0.5099999904632568,0.5099999904632568,2000
2012-12-27,0.5099999904632568,0.5199999809265137,0.5099999904632568,0.5199999809265137,0.5199999809265137,778000
2012-12-28,0.5199999809265137,0.5199999809265137,0.5,0.5099999904632568,0.5099999904632568,566000
2012-12-31,0.5099999904632568,0.5099999904632568,0.49000000953674316,0.5099999904632568,0.5099999904632568,2944000
2013-01-02,0.5199999809265137,0.5199999809265137,0.5199999809265137,0.5199999809265137,0.5199999809265137,92000
2013-01-03,0.5299999713897705,0.5400000214576721,0.5099999904632568,0.5400000214576721,0.5400000214576721,430000
2013-01-04,0.5299999713897705,0.5400000214576721,0.5299999713897705,0.5299999713897705,0.5299999713897705,262000
2013-01-07,0.5199999809265137,0.5199999809265137,0.4699999988079071,0.5099999904632568,0.5099999904632568,2342000
2013-01-08,0.5,0.5,0.5,0.5,0.5,12000
2013-01-09,0.4950000047683716,0.550000011920929,0.4950000047683716,0.5400000214576721,0.5400000214576721,708000
2013-01-10,0.550000011920929,0.6299999952316284,0.550000011920929,0.5899999737739563,0.5899999737739563,6146000
2013-01-11,0.5799999833106995,0.5799999833106995,0.5400000214576721,0.550000011920929,0.550000011920929,1696000
2013-01-14,0.5299999713897705,0.5400000214576721,0.5099999904632568,0.5299999713897705,0.5299999713897705,1646000
2013-01-15,0.5299999713897705,0.6000000238418579,0.5299999713897705,0.5699999928474426,0.5699999928474426,1218000
2013-01-16,0.5699999928474426,0.6000000238418579,0.5699999928474426,0.6000000238418579,0.6000000238418579,1110000
2013-01-17,0.5799999833106995,0.5799999833106995,0.5699999928474426,0.5699999928474426,0.5699999928474426,476000
2013-01-18,0.5699999928474426,0.6000000238418579,0.5699999928474426,0.5899999737739563,0.5899999737739563,868000
2013-01-21,0.5799999833106995,0.5799999833106995,0.5600000023841858,0.5600000023841858,0.5600000023841858,330000
2013-01-22,0.5799999833106995,0.5899999737739563,0.5799999833106995,0.5899999737739563,0.5899999737739563,244000
2013-01-23,0.5699999928474426,0.5899999737739563,0.5699999928474426,0.5899999737739563,0.5899999737739563,234000
2013-01-24,0.5899999737739563,0.6200000047683716,0.5799999833106995,0.6000000238418579,0.6000000238418579,820000
2013-01-25,0.6000000238418579,0.6000000238418579,0.5699999928474426,0.5899999737739563,0.5899999737739563,536000
2013-01-28,0.5899999737739563,0.6000000238418579,0.5699999928474426,0.5899999737739563,0.5899999737739563,424000
2013-01-29,0.5799999833106995,0.5899999737739563,0.5799999833106995,0.5799999833106995,0.5799999833106995,76000
2013-01-30,0.6000000238418579,0.6000000238418579,0.5699999928474426,0.6000000238418579,0.6000000238418579,794000
2013-01-31,0.6000000238418579,0.6000000238418579,0.5699999928474426,0.5899999737739563,0.5899999737739563,358000
2013-02-01,0.5699999928474426,0.5699999928474426,0.5699999928474426,0.5699999928474426,0.5699999928474426,390000
2013-02-04,0.5799999833106995,0.6200000047683716,0.5799999833106995,0.6000000238418579,0.6000000238418579,398000
2013-02-05,0.6000000238418579,0.6000000238418579,0.5799999833106995,0.6000000238418579,0.6000000238418579,458000
2013-02-06,0.6000000238418579,0.6000000238418579,0.6000000238418579,0.6000000238418579,0.6000000238418579,0
2013-02-07,0.5699999928474426,0.6200000047683716,0.5699999928474426,0.6200000047683716,0.6200000047683716,766000
2013-02-08,0.6200000047683716,0.6200000047683716,0.5899999737739563,0.6000000238418579,0.6000000238418579,60000
2013-02-14,0.6000000238418579,0.6000000238418579,0.6000000238418579,0.6000000238418579,0.6000000238418579,22000
2013-02-15,0.6000000238418579,0.6000000238418579,0.5899999737739563,0.5899999737739563,0.5899999737739563,154000
2013-02-18,0.5899999737739563,0.5899999737739563,0.5899999737739563,0.5899999737739563,0.5899999737739563,80000
2013-02-19,0.5799999833106995,0.5799999833106995,0.5799999833106995,0.5799999833106995,0.5799999833106995,76000
2013-02-20,0.5799999833106995,0.5799999833106995,0.5799999833106995,0.5799999833106995,0.5799999833106995,10000
2013-02-21,0.5699999928474426,0.5699999928474426,0.550000011920929,0.5600000023841858,0.5600000023841858,580000
2013-02-22,0.5600000023841858,0.5600000023841858,0.5600000023841858,0.5600000023841858,0.5600000023841858,242000
2013-02-25,0.5600000023841858,0.5600000023841858,0.5299999713897705,0.5400000214576721,0.5400000214576721,512000
2013-02-26,0.5199999809265137,0.5299999713897705,0.5,0.5,0.5,1140000
2013-02-27,0.49000000953674316,0.49000000953674316,0.4699999988079071,0.49000000953674316,0.49000000953674316,716000
2013-02-28,0.49000000953674316,0.5199999809265137,0.47999998927116394,0.5199999809265137,0.5199999809265137,934000
2013-03-01,0.5,0.5,0.47999998927116394,0.5,0.5,420000
2013-03-04,0.5,0.5,0.5,0.5,0.5,2000
2013-03-05,0.48500001430511475,0.48500001430511475,0.48500001430511475,0.48500001430511475,0.48500001430511475,50000
2013-03-06,0.5,0.5,0.5,0.5,0.5,40000
2013-03-07,0.47999998927116394,0.48500001430511475,0.4699999988079071,0.4749999940395355,0.4749999940395355,798000
2013-03-08,0.5099999904632568,0.5099999904632568,0.47999998927116394,0.48500001430511475,0.48500001430511475,150000
2013-03-11,0.48500001430511475,0.5099999904632568,0.48500001430511475,0.48500001430511475,0.48500001430511475,172000
2013-03-12,0.48500001430511475,0.48500001430511475,0.47999998927116394,0.48500001430511475,0.48500001430511475,202000
2013-03-13,0.48500001430511475,0.48500001430511475,0.4699999988079071,0.4699999988079071,0.4699999988079071,286000
2013-03-14,0.4699999988079071,0.48500001430511475,0.4699999988079071,0.48500001430511475,0.48500001430511475,46000
2013-03-15,0.49000000953674316,0.49000000953674316,0.4749999940395355,0.4749999940395355,0.4749999940395355,82000
2013-03-18,0.4749999940395355,0.4749999940395355,0.4749999940395355,0.4749999940395355,0.4749999940395355,110000
2013-03-19,0.4749999940395355,0.4749999940395355,0.4650000035762787,0.4699999988079071,0.4699999988079071,124000
2013-03-20,0.4699999988079071,0.4699999988079071,0.4699999988079071,0.4699999988079071,0.4699999988079071,0
2013-03-21,0.47999998927116394,0.47999998927116394,0.47999998927116394,0.47999998927116394,0.47999998927116394,54000
2013-03-22,0.4749999940395355,0.4749999940395355,0.4650000035762787,0.4699999988079071,0.4699999988079071,342000
2013-03-25,0.4699999988079071,0.4699999988079071,0.4699999988079071,0.4699999988079071,0.4699999988079071,0
2013-03-26,0.4699999988079071,0.4699999988079071,0.4650000035762787,0.4650000035762787,0.4650000035762787,242000
2013-03-27,0.4650000035762787,0.4650000035762787,0.4650000035762787,0.4699999988079071,0.4699999988079071,20000
2013-03-28,0.4650000035762787,0.4650000035762787,0.4399999976158142,0.4399999976158142,0.4399999976158142,618000
2013-04-02,0.4350000023841858,0.4399999976158142,0.41999998688697815,0.41999998688697815,0.41999998688697815,868000
2013-04-03,0.41999998688697815,0.41999998688697815,0.41999998688697815,0.41999998688697815,0.41999998688697815,50000
2013-04-05,0.41999998688697815,0.41999998688697815,0.3799999952316284,0.41499999165534973,0.41499999165534973,428000
2013-04-08,0.41499999165534973,0.41999998688697815,0.4000000059604645,0.41999998688697815,0.41999998688697815,102000
2013-04-09,0.4300000071525574,0.4300000071525574,0.41499999165534973,0.41499999165534973,0.41499999165534973,58000
2013-04-10,0.4300000071525574,0.44999998807907104,0.41499999165534973,0.44999998807907104,0.44999998807907104,38000
2013-04-11,0.44999998807907104,0.44999998807907104,0.44999998807907104,0.44999998807907104,0.44999998807907104,6000
2013-04-12,0.44999998807907104,0.44999998807907104,0.44999998807907104,0.44999998807907104,0.44999998807907104,0
2013-04-15,0.46000000834465027,0.46000000834465027,0.46000000834465027,0.45500001311302185,0.45500001311302185,50000
2013-04-16,0.4300000071525574,0.44999998807907104,0.4300000071525574,0.44999998807907104,0.44999998807907104,180000
2013-04-17,0.4399999976158142,0.46000000834465027,0.4399999976158142,0.44999998807907104,0.44999998807907104,262000
2013-04-18,0.44999998807907104,0.44999998807907104,0.44999998807907104,0.44999998807907104,0.44999998807907104,36000
2013-04-19,0.44999998807907104,0.44999998807907104,0.4300000071525574,0.4300000071525574,0.4300000071525574,78000
2013-04-22,0.4099999964237213,0.4300000071525574,0.4099999964237213,0.41999998688697815,0.41999998688697815,386000
2013-04-23,0.41999998688697815,0.41999998688697815,0.41999998688697815,0.41999998688697815,0.41999998688697815,770000
2013-04-24,0.41999998688697815,0.41999998688697815,0.41999998688697815,0.41999998688697815,0.41999998688697815,0
2013-04-25,0.41999998688697815,0.44999998807907104,0.41999998688697815,0.44999998807907104,0.44999998807907104,152000
2013-04-26,0.44999998807907104,0.44999998807907104,0.44999998807907104,0.44999998807907104,0.44999998807907104,0
2013-04-29,0.44999998807907104,0.44999998807907104,0.44999998807907104,0.44999998807907104,0.44999998807907104,0
2013-04-30,0.41999998688697815,0.5,0.4050000011920929,0.46000000834465027,0.46000000834465027,638000
2013-05-02,0.46000000834465027,0.46000000834465027,0.46000000834465027,0.46000000834465027,0.46000000834465027,0
2013-05-03,0.44999998807907104,0.44999998807907104,0.4399999976158142,0.4399999976158142,0.4399999976158142,1272000
2013-05-06,0.4399999976158142,0.44999998807907104,0.4399999976158142,0.44999998807907104,0.44999998807907104,482000
2013-05-07,0.44999998807907104,0.44999998807907104,0.4399999976158142,0.4399999976158142,0.4399999976158142,204000
2013-05-08,0.44999998807907104,0.44999998807907104,0.4449999928474426,0.4449999928474426,0.4449999928474426,134000
2013-05-09,0.4399999976158142,0.4399999976158142,0.4399999976158142,0.4399999976158142,0.4399999976158142,250000
2013-05-10,0.46000000834465027,0.46000000834465027,0.4399999976158142,0.4449999928474426,0.4449999928474426,852000
2013-05-13,0.4449999928474426,0.4449999928474426,0.4399999976158142,0.4399999976158142,0.4399999976158142,250000
2013-05-14,0.4399999976158142,0.4399999976158142,0.4399999976158142,0.4399999976158142,0.4399999976158142,0
2013-05-15,0.4399999976158142,0.4399999976158142,0.4399999976158142,0.4399999976158142,0.4399999976158142,0
2013-05-16,0.4449999928474426,0.44999998807907104,0.4449999928474426,0.44999998807907104,0.44999998807907104,46000
2013-05-20,0.4449999928474426,0.4449999928474426,0.4399999976158142,0.4449999928474426,0.4449999928474426,846000
2013-05-21,0.44999998807907104,0.44999998807907104,0.44999998807907104,0.44999998807907104,0.44999998807907104,58000
2013-05-22,0.44999998807907104,0.44999998807907104,0.44999998807907104,0.44999998807907104,0.44999998807907104,54000
2013-05-23,0.4399999976158142,0.44999998807907104,0.4399999976158142,0.44999998807907104,0.44999998807907104,218000
2013-05-24,0.44999998807907104,0.44999998807907104,0.44999998807907104,0.44999998807907104,0.44999998807907104,0
2013-05-27,0.4650000035762787,0.48500001430511475,0.4650000035762787,0.48500001430511475,0.48500001430511475,14000
2013-05-28,0.48500001430511475,0.48500001430511475,0.48500001430511475,0.48500001430511475,0.48500001430511475,0
2013-05-29,0.4749999940395355,0.4749999940395355,0.4650000035762787,0.4650000035762787,0.4650000035762787,94000
2013-05-30,0.4650000035762787,0.4650000035762787,0.4650000035762787,0.4650000035762787,0.4650000035762787,0
2013-05-31,0.5,0.5,0.47999998927116394,0.48500001430511475,0.48500001430511475,150000
2013-06-03,0.49000000953674316,0.5,0.49000000953674316,0.4950000047683716,0.4950000047683716,580000
2013-06-04,0.4950000047683716,0.5,0.4950000047683716,0.5,0.5,288000
2013-06-05,0.5,0.5,0.4950000047683716,0.4950000047683716,0.4950000047683716,68000
2013-06-06,0.49000000953674316,0.49000000953674316,0.4699999988079071,0.4699999988079071,0.4699999988079071,458000
2013-06-07,0.45500001311302185,0.48500001430511475,0.44999998807907104,0.48500001430511475,0.48500001430511475,98000
2013-06-10,0.47999998927116394,0.47999998927116394,0.4749999940395355,0.4749999940395355,0.4749999940395355,50000
2013-06-11,0.4449999928474426,0.4749999940395355,0.4449999928474426,0.4749999940395355,0.4749999940395355,44000
2013-06-13,0.4699999988079071,0.4699999988079071,0.46000000834465027,0.46000000834465027,0.46000000834465027,34000
2013-06-14,0.45500001311302185,0.45500001311302185,0.44999998807907104,0.44999998807907104,0.44999998807907104,150000
2013-06-17,0.48500001430511475,0.49000000953674316,0.48500001430511475,0.48500001430511475,0.48500001430511475,150000
2013-06-18,0.45500001311302185,0.4749999940395355,0.44999998807907104,0.4749999940395355,0.4749999940395355,502000
2013-06-19,0.46000000834465027,0.46000000834465027,0.45500001311302185,0.45500001311302185,0.45500001311302185,80000
2013-06-20,0.45500001311302185,0.47999998927116394,0.44999998807907104,0.46000000834465027,0.46000000834465027,32000
2013-06-21,0.4449999928474426,0.4449999928474426,0.4449999928474426,0.44999998807907104,0.44999998807907104,460000
2013-06-24,0.46000000834465027,0.46000000834465027,0.4399999976158142,0.4449999928474426,0.4449999928474426,662000
2013-06-25,0.44999998807907104,0.44999998807907104,0.4300000071525574,0.4399999976158142,0.4399999976158142,1018000
2013-06-26,0.4399999976158142,0.4399999976158142,0.4399999976158142,0.4399999976158142,0.4399999976158142,10000
2013-06-27,0.4749999940395355,0.4749999940395355,0.4749999940395355,0.4699999988079071,0.4699999988079071,20000
2013-06-28,0.4699999988079071,0.4699999988079071,0.4399999976158142,0.4399999976158142,0.4399999976158142,224000
2013-07-02,0.4449999928474426,0.4449999928474426,0.4449999928474426,0.4449999928474426,0.4449999928474426,22000
2013-07-03,0.4449999928474426,0.4449999928474426,0.4449999928474426,0.4449999928474426,0.4449999928474426,200000
2013-07-04,0.4449999928474426,0.4449999928474426,0.4449999928474426,0.4449999928474426,0.4449999928474426,16000
2013-07-05,0.4399999976158142,0.4399999976158142,0.4399999976158142,0.4399999976158142,0.4399999976158142,42000
2013-07-08,0.4399999976158142,0.4399999976158142,0.4399999976158142,0.4399999976158142,0.4399999976158142,796000
2013-07-09,0.4399999976158142,0.4399999976158142,0.4399999976158142,0.4399999976158142,0.4399999976158142,290000
2013-07-10,0.4399999976158142,0.44999998807907104,0.4050000011920929,0.44999998807907104,0.44999998807907104,1038000
2013-07-11,0.4449999928474426,0.4449999928474426,0.4300000071525574,0.4300000071525574,0.4300000071525574,78000
2013-07-12,0.41999998688697815,0.41999998688697815,0.41999998688697815,0.41999998688697815,0.41999998688697815,70000
2013-07-15,0.41999998688697815,0.4399999976158142,0.4099999964237213,0.4399999976158142,0.4399999976158142,544000
2013-07-16,0.5,0.5,0.5,0.5,0.5,0
2013-07-17,0.47999998927116394,0.47999998927116394,0.47999998927116394,0.47999998927116394,0.47999998927116394,130000
2013-07-18,0.4399999976158142,0.4449999928474426,0.42500001192092896,0.4449999928474426,0.4449999928474426,250000
2013-07-19,0.4399999976158142,0.4399999976158142,0.41999998688697815,0.4350000023841858,0.4350000023841858,50000
2013-07-22,0.41999998688697815,0.4650000035762787,0.41499999165534973,0.44999998807907104,0.44999998807907104,316000
2013-07-23,0.4699999988079071,0.4749999940395355,0.44999998807907104,0.44999998807907104,0.44999998807907104,68000
2013-07-24,0.4350000023841858,0.4350000023841858,0.4050000011920929,0.41999998688697815,0.41999998688697815,86000
2013-07-25,0.4000000059604645,0.4000000059604645,0.4000000059604645,0.41499999165534973,0.41499999165534973,36000
2013-07-26,0.41499999165534973,0.41499999165534973,0.41499999165534973,0.41499999165534973,0.41499999165534973,20000
2013-07-29,0.41499999165534973,0.41999998688697815,0.4000000059604645,0.41999998688697815,0.41999998688697815,166000
2013-07-30,0.41999998688697815,0.41999998688697815,0.41999998688697815,0.41999998688697815,0.41999998688697815,0
2013-07-31,0.41999998688697815,0.41999998688697815,0.41999998688697815,0.41999998688697815,0.41999998688697815,0
2013-08-01,0.41999998688697815,0.41999998688697815,0.41999998688697815,0.41999998688697815,0.41999998688697815,0
2013-08-02,0.41999998688697815,0.41999998688697815,0.41999998688697815,0.41999998688697815,0.41999998688697815,0
2013-08-05,0.41999998688697815,0.41999998688697815,0.41999998688697815,0.41999998688697815,0.41999998688697815,0
2013-08-06,0.4050000011920929,0.4099999964237213,0.4050000011920929,0.4099999964237213,0.4099999964237213,42000
2013-08-07,0.4099999964237213,0.4099999964237213,0.4099999964237213,0.4099999964237213,0.4099999964237213,116000
2013-08-08,0.4099999964237213,0.4399999976158142,0.4099999964237213,0.4300000071525574,0.4300000071525574,818000
2013-08-09,0.41499999165534973,0.4300000071525574,0.41499999165534973,0.4300000071525574,0.4300000071525574,132000
2013-08-12,0.4099999964237213,0.44999998807907104,0.4099999964237213,0.4449999928474426,0.4449999928474426,230000
2013-08-13,0.41999998688697815,0.4449999928474426,0.41999998688697815,0.4449999928474426,0.4449999928474426,24000
2013-08-14,0.4449999928474426,0.4449999928474426,0.4449999928474426,0.4449999928474426,0.4449999928474426,0
2013-08-15,0.4449999928474426,0.4449999928474426,0.4449999928474426,0.4449999928474426,0.4449999928474426,0
2013-08-16,0.45500001311302185,0.4749999940395355,0.45500001311302185,0.4699999988079071,0.4699999988079071,4000
2013-08-19,0.4699999988079071,0.4699999988079071,0.4300000071525574,0.4300000071525574,0.4300000071525574,222000
2013-08-20,0.4350000023841858,0.4350000023841858,0.4300000071525574,0.4300000071525574,0.4300000071525574,310000
2013-08-21,0.4449999928474426,0.44999998807907104,0.4449999928474426,0.44999998807907104,0.44999998807907104,30000
2013-08-22,0.41999998688697815,0.4350000023841858,0.41999998688697815,0.4300000071525574,0.4300000071525574,126000
2013-08-23,0.44999998807907104,0.44999998807907104,0.44999998807907104,0.44999998807907104,0.44999998807907104,2000
2013-08-26,0.44999998807907104,0.44999998807907104,0.44999998807907104,0.44999998807907104,0.44999998807907104,0
2013-08-27,0.44999998807907104,0.44999998807907104,0.44999998807907104,0.44999998807907104,0.44999998807907104,0
2013-08-28,0.41999998688697815,0.4300000071525574,0.41999998688697815,0.41999998688697815,0.41999998688697815,478000
2013-08-29,0.4300000071525574,0.4300000071525574,0.4300000071525574,0.4300000071525574,0.4300000071525574,220000
2013-08-30,0.4300000071525574,0.4300000071525574,0.4300000071525574,0.4300000071525574,0.4300000071525574,0
2013-09-02,0.4300000071525574,0.4300000071525574,0.4300000071525574,0.4300000071525574,0.4300000071525574,0
2013-09-03,0.4300000071525574,0.4300000071525574,0.4300000071525574,0.4300000071525574,0.4300000071525574,158000
2013-09-04,0.4099999964237213,0.4099999964237213,0.4099999964237213,0.4350000023841858,0.4350000023841858,60000
2013-09-05,0.4350000023841858,0.4350000023841858,0.4350000023841858,0.4350000023841858,0.4350000023841858,100000
2013-09-06,0.41999998688697815,0.46000000834465027,0.4099999964237213,0.46000000834465027,0.46000000834465027,492000
2013-09-09,0.46000000834465027,0.46000000834465027,0.46000000834465027,0.46000000834465027,0.46000000834465027,118000
2013-09-10,0.46000000834465027,0.46000000834465027,0.4300000071525574,0.4350000023841858,0.4350000023841858,1366000
2013-09-11,0.4350000023841858,0.4350000023841858,0.4350000023841858,0.4350000023841858,0.4350000023841858,832000
2013-09-12,0.4399999976158142,0.44999998807907104,0.4399999976158142,0.4399999976158142,0.4399999976158142,186000
2013-09-13,0.4300000071525574,0.4699999988079071,0.4300000071525574,0.4699999988079071,0.4699999988079071,1036000
2013-09-16,0.49000000953674316,0.49000000953674316,0.4699999988079071,0.4699999988079071,0.4699999988079071,184000
2013-09-17,0.4699999988079071,0.49000000953674316,0.4699999988079071,0.48500001430511475,0.48500001430511475,418000
2013-09-18,0.4950000047683716,0.5099999904632568,0.48500001430511475,0.4950000047683716,0.4950000047683716,188000
2013-09-19,0.5,0.5099999904632568,0.4699999988079071,0.4699999988079071,0.4699999988079071,340000
2013-09-23,0.5099999904632568,0.5199999809265137,0.5,0.5199999809265137,0.5199999809265137,344000
2013-09-24,0.5,0.5199999809265137,0.4950000047683716,0.5099999904632568,0.5099999904632568,104000
2013-09-25,0.5099999904632568,0.5099999904632568,0.48500001430511475,0.5099999904632568,0.5099999904632568,384000
2013-09-26,0.5099999904632568,0.5099999904632568,0.5099999904632568,0.5099999904632568,0.5099999904632568,30000
2013-09-27,0.5099999904632568,0.5099999904632568,0.5099999904632568,0.5099999904632568,0.5099999904632568,2000
2013-09-30,0.5,0.5,0.47999998927116394,0.5,0.5,112000
2013-10-02,0.5099999904632568,0.5099999904632568,0.5,0.5099999904632568,0.5099999904632568,320000
2013-10-03,0.5099999904632568,0.5099999904632568,0.5099999904632568,0.5099999904632568,0.5099999904632568,370000
2013-10-04,0.5099999904632568,0.5400000214576721,0.5099999904632568,0.5199999809265137,0.5199999809265137,308000
2013-10-07,0.550000011920929,0.5400000214576721,0.4950000047683716,0.5,0.5,242000
2013-10-08,0.5,0.5,0.5,0.5,0.5,580000
2013-10-09,0.5,0.5,0.5,0.5,0.5,0
2013-10-10,0.49000000953674316,0.49000000953674316,0.49000000953674316,0.5,0.5,2000
2013-10-11,0.48500001430511475,0.5,0.47999998927116394,0.5,0.5,160000
2013-10-15,0.48500001430511475,0.5400000214576721,0.4749999940395355,0.5400000214576721,0.5400000214576721,2084000
2013-10-16,0.5,0.5,0.5,0.5,0.5,64000
2013-10-17,0.5299999713897705,0.5099999904632568,0.5099999904632568,0.5099999904632568,0.5099999904632568,6000
2013-10-18,0.5099999904632568,0.5099999904632568,0.5099999904632568,0.5199999809265137,0.5199999809265137,2000
2013-10-21,0.5199999809265137,0.5199999809265137,0.5199999809265137,0.5199999809265137,0.5199999809265137,0
2013-10-22,0.5199999809265137,0.5199999809265137,0.5199999809265137,0.5199999809265137,0.5199999809265137,0
2013-10-23,0.5,0.5,0.4749999940395355,0.4749999940395355,0.4749999940395355,618000
2013-10-24,0.4699999988079071,0.4749999940395355,0.46000000834465027,0.46000000834465027,0.46000000834465027,550000
2013-10-25,0.46000000834465027,0.4650000035762787,0.46000000834465027,0.4650000035762787,0.4650000035762787,140000
2013-10-28,0.46000000834465027,0.4699999988079071,0.44999998807907104,0.4699999988079071,0.4699999988079071,1032000
2013-10-29,0.44999998807907104,0.4699999988079071,0.4399999976158142,0.46000000834465027,0.46000000834465027,880000
2013-10-30,0.4449999928474426,0.4699999988079071,0.4449999928474426,0.4699999988079071,0.4699999988079071,1180000
2013-10-31,0.45500001311302185,0.4650000035762787,0.4350000023841858,0.46000000834465027,0.46000000834465027,580000
2013-11-01,0.4399999976158142,0.4650000035762787,0.4399999976158142,0.44999998807907104,0.44999998807907104,718000
2013-11-04,0.4449999928474426,0.46000000834465027,0.4399999976158142,0.44999998807907104,0.44999998807907104,582000
2013-11-05,0.44999998807907104,0.4749999940395355,0.44999998807907104,0.4749999940395355,0.4749999940395355,1226000
2013-11-06,0.45500001311302185,0.47999998927116394,0.45500001311302185,0.47999998927116394,0.47999998927116394,132000
2013-11-07,0.47999998927116394,0.47999998927116394,0.47999998927116394,0.47999998927116394,0.47999998927116394,0
2013-11-08,0.46000000834465027,0.4650000035762787,0.4449999928474426,0.44999998807907104,0.44999998807907104,680000
2013-11-11,0.45500001311302185,0.45500001311302185,0.45500001311302185,0.45500001311302185,0.45500001311302185,0
2013-11-12,0.45500001311302185,0.45500001311302185,0.45500001311302185,0.45500001311302185,0.45500001311302185,62000
2013-11-13,0.44999998807907104,0.44999998807907104,0.44999998807907104,0.44999998807907104,0.44999998807907104,110000
2013-11-14,0.44999998807907104,0.44999998807907104,0.44999998807907104,0.44999998807907104,0.44999998807907104,178000
2013-11-15,0.44999998807907104,0.45500001311302185,0.44999998807907104,0.44999998807907104,0.44999998807907104,222000
2013-11-18,0.45500001311302185,0.4749999940395355,0.45500001311302185,0.4699999988079071,0.4699999988079071,414000
2013-11-19,0.45500001311302185,0.45500001311302185,0.4449999928474426,0.45500001311302185,0.45500001311302185,588000
2013-11-20,0.45500001311302185,0.46000000834465027,0.45500001311302185,0.46000000834465027,0.46000000834465027,28000
2013-11-21,0.46000000834465027,0.46000000834465027,0.46000000834465027,0.46000000834465027,0.46000000834465027,0
2013-11-22,0.45500001311302185,0.45500001311302185,0.45500001311302185,0.45500001311302185,0.45500001311302185,8000
2013-11-25,0.45500001311302185,0.46000000834465027,0.45500001311302185,0.45500001311302185,0.45500001311302185,134000
2013-11-26,0.45500001311302185,0.45500001311302185,0.45500001311302185,0.45500001311302185,0.45500001311302185,0
2013-11-27,0.45500001311302185,0.46000000834465027,0.45500001311302185,0.46000000834465027,0.46000000834465027,64000
2013-11-28,0.46000000834465027,0.4699999988079071,0.4350000023841858,0.4699999988079071,0.4699999988079071,1758000
2013-11-29,0.4699999988079071,0.47999998927116394,0.4699999988079071,0.4749999940395355,0.4749999940395355,26000
2013-12-02,0.45500001311302185,0.45500001311302185,0.4449999928474426,0.44999998807907104,0.44999998807907104,396000
2013-12-03,0.45500001311302185,0.46000000834465027,0.44999998807907104,0.44999998807907104,0.44999998807907104,88000
2013-12-04,0.45500001311302185,0.4950000047683716,0.44999998807907104,0.44999998807907104,0.44999998807907104,32000
2013-12-05,0.44999998807907104,0.45500001311302185,0.44999998807907104,0.45500001311302185,0.45500001311302185,36000
2013-12-06,0.44999998807907104,0.44999998807907104,0.44999998807907104,0.44999998807907104,0.44999998807907104,100000
2013-12-09,0.44999998807907104,0.4650000035762787,0.44999998807907104,0.46000000834465027,0.46000000834465027,706000
2013-12-10,0.46000000834465027,0.46000000834465027,0.46000000834465027,0.46000000834465027,0.46000000834465027,200000
2013-12-11,0.46000000834465027,0.46000000834465027,0.46000000834465027,0.46000000834465027,0.46000000834465027,154000
2013-12-12,0.44999998807907104,0.45500001311302185,0.4449999928474426,0.45500001311302185,0.45500001311302185,286000
2013-12-13,0.45500001311302185,0.45500001311302185,0.4399999976158142,0.4399999976158142,0.4399999976158142,120000
2013-12-16,0.44999998807907104,0.44999998807907104,0.4399999976158142,0.44999998807907104,0.44999998807907104,446000
2013-12-17,0.4399999976158142,0.4399999976158142,0.4300000071525574,0.4350000023841858,0.4350000023841858,44000
2013-12-18,0.4350000023841858,0.4399999976158142,0.4350000023841858,0.4399999976158142,0.4399999976158142,80000
2013-12-19,0.4399999976158142,0.4399999976158142,0.4399999976158142,0.4399999976158142,0.4399999976158142,36000
2013-12-20,0.42500001192092896,0.4399999976158142,0.42500001192092896,0.42500001192092896,0.42500001192092896,228000
2013-12-23,0.4300000071525574,0.4300000071525574,0.41999998688697815,0.41999998688697815,0.41999998688697815,160000
2013-12-24,0.41999998688697815,0.41999998688697815,0.41999998688697815,0.41999998688697815,0.41999998688697815,2000
2013-12-27,0.41999998688697815,0.41999998688697815,0.4099999964237213,0.4099999964237213,0.4099999964237213,420000
2013-12-30,0.4099999964237213,0.45500001311302185,0.4099999964237213,0.4449999928474426,0.4449999928474426,490000
2013-12-31,0.4300000071525574,0.4300000071525574,0.4300000071525574,0.4300000071525574,0.4300000071525574,14000
2014-01-02,0.4300000071525574,0.4449999928474426,0.42500001192092896,0.4300000071525574,0.4300000071525574,588000
2014-01-03,0.4300000071525574,0.4749999940395355,0.4300000071525574,0.4650000035762787,0.4650000035762787,780000
2014-01-06,0.4749999940395355,0.550000011920929,0.4699999988079071,0.5400000214576721,0.5400000214576721,6804000
2014-01-07,0.5400000214576721,0.5799999833106995,0.5,0.5099999904632568,0.5099999904632568,3416000
2014-01-08,0.48500001430511475,0.5199999809265137,0.48500001430511475,0.4950000047683716,0.4950000047683716,2144000
2014-01-09,0.4950000047683716,0.550000011920929,0.4950000047683716,0.5,0.5,664000
2014-01-10,0.5099999904632568,0.5099999904632568,0.5,0.5,0.5,944000
2014-01-13,0.5199999809265137,0.5600000023841858,0.4950000047683716,0.5400000214576721,0.5400000214576721,1496000
2014-01-14,0.5400000214576721,0.5699999928474426,0.5199999809265137,0.550000011920929,0.550000011920929,1236000
2014-01-15,0.5400000214576721,0.5799999833106995,0.5400000214576721,0.5699999928474426,0.5699999928474426,1168000
2014-01-16,0.5899999737739563,0.5899999737739563,0.5099999904632568,0.5400000214576721,0.5400000214576721,1388000
2014-01-17,0.5400000214576721,0.5400000214576721,0.5199999809265137,0.5199999809265137,0.5199999809265137,388000
2014-01-20,0.5299999713897705,0.5299999713897705,0.5299999713897705,0.5299999713897705,0.5299999713897705,112000
2014-01-21,0.5199999809265137,0.5299999713897705,0.5199999809265137,0.5299999713897705,0.5299999713897705,100000
2014-01-22,0.5299999713897705,0.550000011920929,0.5199999809265137,0.5400000214576721,0.5400000214576721,238000
2014-01-23,0.5400000214576721,0.5400000214576721,0.5199999809265137,0.5400000214576721,0.5400000214576721,502000
2014-01-24,0.5299999713897705,0.5799999833106995,0.5299999713897705,0.5699999928474426,0.5699999928474426,1902000
2014-01-27,0.550000011920929,0.6000000238418579,0.550000011920929,0.5699999928474426,0.5699999928474426,798000
2014-01-28,0.6000000238418579,0.6000000238418579,0.5299999713897705,0.550000011920929,0.550000011920929,922000
2014-01-29,0.5799999833106995,0.5899999737739563,0.5799999833106995,0.5899999737739563,0.5899999737739563,70000
2014-01-30,0.5899999737739563,0.5899999737739563,0.5899999737739563,0.5899999737739563,0.5899999737739563,672000
2014-02-04,0.6100000143051147,0.6100000143051147,0.5899999737739563,0.5899999737739563,0.5899999737739563,54000
2014-02-05,0.6200000047683716,0.6200000047683716,0.5699999928474426,0.5799999833106995,0.5799999833106995,70000
2014-02-06,0.6000000238418579,0.6000000238418579,0.5600000023841858,0.5600000023841858,0.5600000023841858,178000
2014-02-07,0.5899999737739563,0.6100000143051147,0.5699999928474426,0.5799999833106995,0.5799999833106995,1012000
2014-02-10,0.6000000238418579,0.6200000047683716,0.5799999833106995,0.6100000143051147,0.6100000143051147,632000
2014-02-11,0.6200000047683716,0.6299999952316284,0.6100000143051147,0.6299999952316284,0.6299999952316284,788000
2014-02-12,0.6200000047683716,0.6200000047683716,0.5600000023841858,0.6000000238418579,0.6000000238418579,334000
2014-02-13,0.6299999952316284,0.6499999761581421,0.6200000047683716,0.6200000047683716,0.6200000047683716,658000
2014-02-14,0.6499999761581421,0.6899999976158142,0.6499999761581421,0.6800000071525574,0.6800000071525574,1580000
2014-02-17,0.6800000071525574,0.699999988079071,0.6700000166893005,0.6800000071525574,0.6800000071525574,866000
2014-02-18,0.7099999785423279,0.7099999785423279,0.6700000166893005,0.6700000166893005,0.6700000166893005,238000
2014-02-19,0.6700000166893005,0.7099999785423279,0.6700000166893005,0.6899999976158142,0.6899999976158142,248000
2014-02-20,0.699999988079071,0.699999988079071,0.6700000166893005,0.6700000166893005,0.6700000166893005,624000
2014-02-21,0.6899999976158142,0.7599999904632568,0.6899999976158142,0.7099999785423279,0.7099999785423279,2798000
2014-02-24,0.7099999785423279,0.7699999809265137,0.6899999976158142,0.7300000190734863,0.7300000190734863,508000
2014-02-25,0.7400000095367432,0.7400000095367432,0.699999988079071,0.7099999785423279,0.7099999785423279,42000
2014-02-26,0.699999988079071,0.7400000095367432,0.699999988079071,0.7400000095367432,0.7400000095367432,1864000
2014-02-27,0.75,0.7699999809265137,0.7400000095367432,0.7599999904632568,0.7599999904632568,2684000
2014-02-28,0.7699999809265137,0.8199999928474426,0.7699999809265137,0.800000011920929,0.800000011920929,6076000
2014-03-03,0.8199999928474426,1.1799999475479126,0.8199999928474426,1.0399999618530273,1.0399999618530273,41763112
2014-03-04,1.0399999618530273,1.2799999713897705,1.0399999618530273,1.1299999952316284,1.1299999952316284,32380034
2014-03-05,1.1399999856948853,1.159999966621399,1.0800000429153442,1.090000033378601,1.090000033378601,15210000
2014-03-06,1.090000033378601,1.2200000286102295,0.9800000190734863,1.149999976158142,1.149999976158142,16720000
2014-03-07,1.149999976158142,1.2200000286102295,1.1200000047683716,1.1799999475479126,1.1799999475479126,21184000
2014-03-10,1.1799999475479126,1.1799999475479126,0.9599999785423279,1.0800000429153442,1.0800000429153442,16600888
2014-03-11,1.0800000429153442,1.1200000047683716,0.9900000095367432,1.100000023841858,1.100000023841858,9352000
2014-03-12,1.0299999713897705,1.100000023841858,1.0299999713897705,1.0700000524520874,1.0700000524520874,10626000
2014-03-13,1.0700000524520874,1.100000023841858,1.0499999523162842,1.059999942779541,1.059999942779541,2822000
2014-03-14,1.0299999713897705,1.0800000429153442,0.9399999976158142,1.0099999904632568,1.0099999904632568,10014000
2014-03-17,1.0299999713897705,1.1399999856948853,1.0,1.1299999952316284,1.1299999952316284,5830000
2014-03-18,1.149999976158142,1.2400000095367432,1.1200000047683716,1.1299999952316284,1.1299999952316284,5186000
2014-03-19,1.1399999856948853,1.149999976158142,1.0399999618530273,1.0700000524520874,1.0700000524520874,4446000
2014-03-20,1.0700000524520874,1.1100000143051147,1.0499999523162842,1.0700000524520874,1.0700000524520874,2314000
2014-03-21,1.0499999523162842,1.090000033378601,1.0,1.0399999618530273,1.0399999618530273,6070000
2014-03-24,1.0099999904632568,1.0700000524520874,0.9800000190734863,0.9800000190734863,0.9800000190734863,9248000
2014-03-25,0.9800000190734863,1.0099999904632568,0.8399999737739563,0.8700000047683716,0.8700000047683716,13424000
2014-03-26,0.8700000047683716,0.9200000166893005,0.8500000238418579,0.8899999856948853,0.8899999856948853,3597000
2014-03-27,0.8999999761581421,1.0,0.8399999737739563,0.8999999761581421,0.8999999761581421,2342000
2014-03-28,0.8999999761581421,0.949999988079071,0.8799999952316284,0.9100000262260437,0.9100000262260437,500000
2014-03-31,0.9200000166893005,0.9300000071525574,0.8999999761581421,0.9100000262260437,0.9100000262260437,416000
2014-04-01,0.9399999976158142,0.9399999976158142,0.8799999952316284,0.9100000262260437,0.9100000262260437,1870000
2014-04-02,0.9100000262260437,1.0299999713897705,0.9100000262260437,0.9900000095367432,0.9900000095367432,4724000
2014-04-03,0.9900000095367432,1.0700000524520874,0.9800000190734863,1.0199999809265137,1.0199999809265137,2834000
2014-04-04,1.0,1.0700000524520874,1.0,1.059999942779541,1.059999942779541,3094000
2014-04-07,1.059999942779541,1.059999942779541,0.949999988079071,0.9700000286102295,0.9700000286102295,2578000
2014-04-08,0.9700000286102295,1.0299999713897705,0.9300000071525574,0.9399999976158142,0.9399999976158142,1528000
2014-04-09,0.9700000286102295,1.0,0.9700000286102295,0.9700000286102295,0.9700000286102295,804000
2014-04-10,1.0299999713897705,1.0499999523162842,0.9700000286102295,1.0,1.0,748000
2014-04-11,1.0299999713897705,1.0299999713897705,0.9800000190734863,1.0,1.0,976000
2014-04-14,1.0,1.0199999809265137,0.949999988079071,1.0199999809265137,1.0199999809265137,1154000
2014-04-15,1.0199999809265137,1.0199999809265137,0.949999988079071,0.9599999785423279,0.9599999785423279,690000
2014-04-16,0.9599999785423279,1.0099999904632568,0.9300000071525574,1.0099999904632568,1.0099999904632568,1274000
2014-04-17,1.0099999904632568,1.0499999523162842,0.9599999785423279,1.0299999713897705,1.0299999713897705,3694000
2014-04-22,1.0399999618530273,1.149999976158142,1.0399999618530273,1.1100000143051147,1.1100000143051147,6374000
2014-04-23,1.1699999570846558,1.2000000476837158,1.1299999952316284,1.149999976158142,1.149999976158142,6240000
2014-04-24,1.149999976158142,1.159999966621399,1.1200000047683716,1.149999976158142,1.149999976158142,1122000
2014-04-25,1.2000000476837158,1.2000000476837158,1.0499999523162842,1.0800000429153442,1.0800000429153442,3428000
2014-04-28,1.0399999618530273,1.0700000524520874,0.9399999976158142,0.9599999785423279,0.9599999785423279,6586000
2014-04-29,0.9599999785423279,0.9800000190734863,0.9200000166893005,0.9700000286102295,0.9700000286102295,1836000
2014-04-30,0.9800000190734863,0.9800000190734863,0.949999988079071,0.9700000286102295,0.9700000286102295,674000
2014-05-02,0.9800000190734863,1.0099999904632568,0.9700000286102295,1.0099999904632568,1.0099999904632568,856000
2014-05-05,1.0,1.0,0.9300000071525574,0.9800000190734863,0.9800000190734863,1098000
2014-05-07,0.9900000095367432,1.0299999713897705,0.949999988079071,0.9800000190734863,0.9800000190734863,1678000
2014-05-08,0.9900000095367432,1.0700000524520874,0.949999988079071,0.949999988079071,0.949999988079071,3206000
2014-05-09,0.949999988079071,1.0299999713897705,0.9200000166893005,0.9900000095367432,0.9900000095367432,3084000
2014-05-12,0.9800000190734863,1.0199999809265137,0.9800000190734863,1.0,1.0,626000
2014-05-13,1.0,1.0499999523162842,1.0,1.0399999618530273,1.0399999618530273,1734000
2014-05-14,1.0499999523162842,1.090000033378601,1.0199999809265137,1.059999942779541,1.059999942779541,1694000
2014-05-15,1.0499999523162842,1.100000023841858,1.0399999618530273,1.059999942779541,1.059999942779541,1658000
2014-05-16,1.0700000524520874,1.0700000524520874,1.0199999809265137,1.0499999523162842,1.0499999523162842,624000
2014-05-19,1.0,1.059999942779541,1.0,1.0399999618530273,1.0399999618530273,1204000
2014-05-20,1.0,1.0700000524520874,1.0,1.0099999904632568,1.0099999904632568,788000
2014-05-21,1.0,1.0499999523162842,1.0,1.0299999713897705,1.0299999713897705,732000
2014-05-22,1.0499999523162842,1.059999942779541,1.0299999713897705,1.0299999713897705,1.0299999713897705,402000
2014-05-23,1.0199999809265137,1.0399999618530273,1.0099999904632568,1.0299999713897705,1.0299999713897705,530000
2014-05-26,1.0299999713897705,1.0800000429153442,1.0199999809265137,1.0399999618530273,1.0399999618530273,2004000
2014-05-27,1.0399999618530273,1.0399999618530273,1.0,1.0199999809265137,1.0199999809265137,1360000
2014-05-28,1.0399999618530273,1.0499999523162842,1.0299999713897705,1.0399999618530273,1.0399999618530273,2668000
2014-05-29,1.0399999618530273,1.0399999618530273,0.9300000071525574,0.9599999785423279,0.9599999785423279,1960000
2014-05-30,1.0,1.0,0.9700000286102295,1.0,1.0,962000
2014-06-03,1.0,1.0299999713897705,1.0,1.0099999904632568,1.0099999904632568,358000
2014-06-04,0.9599999785423279,1.0299999713897705,0.9599999785423279,1.0099999904632568,1.0099999904632568,548000
2014-06-05,0.9700000286102295,1.059999942779541,0.9900000095367432,1.0499999523162842,1.0499999523162842,5468000
2014-06-06,1.059999942779541,1.0700000524520874,1.0199999809265137,1.0199999809265137,1.0199999809265137,1570000
2014-06-09,1.0399999618530273,1.149999976158142,1.0299999713897705,1.1399999856948853,1.1399999856948853,17468000
2014-06-10,1.190000057220459,1.2400000095367432,1.100000023841858,1.1299999952316284,1.1299999952316284,10236000
2014-06-11,1.1200000047683716,1.1399999856948853,1.090000033378601,1.1200000047683716,1.1200000047683716,3796000
2014-06-12,1.090000033378601,1.1399999856948853,1.0800000429153442,1.1100000143051147,1.1100000143051147,2760000
2014-06-13,1.1200000047683716,1.1299999952316284,1.090000033378601,1.1200000047683716,1.1200000047683716,2174000
2014-06-16,1.1200000047683716,1.149999976158142,1.0800000429153442,1.1100000143051147,1.1100000143051147,1770000
2014-06-17,1.100000023841858,1.100000023841858,1.0800000429153442,1.090000033378601,1.090000033378601,876000
2014-06-18,1.0800000429153442,1.100000023841858,1.0800000429153442,1.100000023841858,1.100000023841858,482000
2014-06-19,1.100000023841858,1.100000023841858,1.0399999618530273,1.0499999523162842,1.0499999523162842,1498000
2014-06-20,1.0499999523162842,1.059999942779541,1.0,1.0399999618530273,1.0399999618530273,1870000
2014-06-23,1.0299999713897705,1.0499999523162842,0.9900000095367432,1.0,1.0,2866000
2014-06-24,0.9900000095367432,1.0199999809265137,0.9800000190734863,1.0199999809265137,1.0199999809265137,446000
2014-06-25,1.0199999809265137,1.059999942779541,1.0,1.0199999809265137,1.0199999809265137,1020000
2014-06-26,1.0,1.0099999904632568,0.9599999785423279,1.0099999904632568,1.0099999904632568,2478000
2014-06-27,1.0199999809265137,1.0199999809265137,0.9800000190734863,0.9900000095367432,0.9900000095367432,920000
2014-06-30,0.9900000095367432,1.0199999809265137,0.9800000190734863,1.0099999904632568,1.0099999904632568,1092000
2014-07-02,1.0299999713897705,1.0499999523162842,1.0,1.0399999618530273,1.0399999618530273,6758548
2014-07-03,1.059999942779541,1.149999976158142,1.0299999713897705,1.090000033378601,1.090000033378601,10710000
2014-07-04,1.090000033378601,1.1299999952316284,1.059999942779541,1.100000023841858,1.100000023841858,4130000
2014-07-07,1.1399999856948853,1.1399999856948853,1.090000033378601,1.100000023841858,1.100000023841858,2722000
2014-07-08,1.1100000143051147,1.1100000143051147,1.0399999618530273,1.0700000524520874,1.0700000524520874,3952000
2014-07-09,1.0199999809265137,1.0499999523162842,0.9900000095367432,1.0299999713897705,1.0299999713897705,5348000
2014-07-10,1.0199999809265137,1.0800000429153442,1.0199999809265137,1.0499999523162842,1.0499999523162842,1644000
2014-07-11,1.059999942779541,1.0700000524520874,1.0299999713897705,1.0399999618530273,1.0399999618530273,1646000
2014-07-14,1.0399999618530273,1.159999966621399,1.0399999618530273,1.100000023841858,1.100000023841858,11336000
2014-07-15,1.1200000047683716,1.149999976158142,1.100000023841858,1.1200000047683716,1.1200000047683716,8362000
2014-07-16,1.1100000143051147,1.149999976158142,1.090000033378601,1.090000033378601,1.090000033378601,5602000
2014-07-17,1.090000033378601,1.1200000047683716,1.090000033378601,1.100000023841858,1.100000023841858,1994000
2014-07-18,1.100000023841858,1.1100000143051147,1.090000033378601,1.100000023841858,1.100000023841858,1960000
2014-07-21,1.090000033378601,1.2100000381469727,1.0800000429153442,1.190000057220459,1.190000057220459,8248000
2014-07-22,1.190000057220459,1.340000033378601,1.1799999475479126,1.2799999713897705,1.2799999713897705,41002000
2014-07-23,1.2799999713897705,1.2899999618530273,1.2100000381469727,1.2400000095367432,1.2400000095367432,11882000
2014-07-24,1.2200000286102295,1.25,1.1799999475479126,1.2000000476837158,1.2000000476837158,7802000
2014-07-25,1.159999966621399,1.2799999713897705,1.149999976158142,1.2400000095367432,1.2400000095367432,6534000
2014-07-28,1.2599999904632568,1.3700000047683716,1.2200000286102295,1.3700000047683716,1.3700000047683716,16753463
2014-07-29,1.3799999952316284,1.4500000476837158,1.3300000429153442,1.409999966621399,1.409999966621399,13840000
2014-07-30,1.4299999475479126,1.4600000381469727,1.3200000524520874,1.350000023841858,1.350000023841858,13040000
2014-07-31,1.3799999952316284,1.3899999856948853,1.3200000524520874,1.3700000047683716,1.3700000047683716,8660000
2014-08-01,1.3300000429153442,1.4299999475479126,1.3300000429153442,1.3700000047683716,1.3700000047683716,6026000
2014-08-04,1.3700000047683716,1.3799999952316284,1.350000023841858,1.350000023841858,1.350000023841858,2074000
2014-08-05,1.3200000524520874,1.3700000047683716,1.2999999523162842,1.3300000429153442,1.3300000429153442,3708000
2014-08-06,1.309999942779541,1.3600000143051147,1.25,1.2999999523162842,1.2999999523162842,5908000
2014-08-07,1.350000023841858,1.350000023841858,1.25,1.2799999713897705,1.2799999713897705,3334000
2014-08-08,1.2699999809265137,1.2999999523162842,1.2699999809265137,1.2899999618530273,1.2899999618530273,1304000
2014-08-11,1.2699999809265137,1.309999942779541,1.2599999904632568,1.2999999523162842,1.2999999523162842,2444000
2014-08-12,1.3200000524520874,1.350000023841858,1.2899999618530273,1.309999942779541,1.309999942779541,1852000
2014-08-13,1.309999942779541,1.309999942779541,1.2699999809265137,1.2999999523162842,1.2999999523162842,1344000
2014-08-14,1.2999999523162842,1.3600000143051147,1.2699999809265137,1.350000023841858,1.350000023841858,5072000
2014-08-15,1.350000023841858,1.350000023841858,1.2799999713897705,1.2999999523162842,1.2999999523162842,5166000
2014-08-18,1.2999999523162842,1.2999999523162842,1.25,1.2799999713897705,1.2799999713897705,2966000
2014-08-19,1.25,1.2799999713897705,1.2400000095367432,1.2599999904632568,1.2599999904632568,4192000
2014-08-20,1.25,1.25,1.0800000429153442,1.159999966621399,1.159999966621399,20892000
2014-08-21,1.159999966621399,1.159999966621399,1.100000023841858,1.1200000047683716,1.1200000047683716,8646000
2014-08-22,1.1200000047683716,1.149999976158142,1.0800000429153442,1.100000023841858,1.100000023841858,8448000
2014-08-25,1.100000023841858,1.1299999952316284,1.0199999809265137,1.1200000047683716,1.1200000047683716,6934000
2014-08-26,1.149999976158142,1.149999976158142,1.059999942779541,1.1299999952316284,1.1299999952316284,2998000
2014-08-27,1.1799999475479126,1.2699999809265137,1.1799999475479126,1.2000000476837158,1.2000000476837158,22294000
2014-08-28,1.2100000381469727,1.2100000381469727,1.149999976158142,1.159999966621399,1.159999966621399,5774000
2014-08-29,1.1699999570846558,1.1799999475479126,1.1200000047683716,1.1799999475479126,1.1799999475479126,3690000
2014-09-01,1.1799999475479126,1.1799999475479126,1.1200000047683716,1.1399999856948853,1.1399999856948853,2280000
2014-09-02,1.1399999856948853,1.159999966621399,1.1200000047683716,1.159999966621399,1.159999966621399,1058000
2014-09-03,1.1399999856948853,1.1699999570846558,1.090000033378601,1.1399999856948853,1.1399999856948853,3204000
2014-09-04,1.1299999952316284,1.2200000286102295,1.1299999952316284,1.190000057220459,1.190000057220459,4230000
2014-09-05,1.1799999475479126,1.1799999475479126,1.1200000047683716,1.149999976158142,1.149999976158142,1574000
2014-09-08,1.1399999856948853,1.159999966621399,1.1200000047683716,1.1399999856948853,1.1399999856948853,836000
2014-09-10,1.1200000047683716,1.149999976158142,1.090000033378601,1.1200000047683716,1.1200000047683716,3142000
2014-09-11,1.1200000047683716,1.1299999952316284,1.100000023841858,1.1200000047683716,1.1200000047683716,1142000
2014-09-12,1.1299999952316284,1.1399999856948853,1.1100000143051147,1.1299999952316284,1.1299999952316284,946000
2014-09-15,1.1200000047683716,1.1200000047683716,1.0700000524520874,1.100000023841858,1.100000023841858,3562000
2014-09-16,1.100000023841858,1.1200000047683716,1.0199999809265137,1.0700000524520874,1.0700000524520874,3736000
2014-09-17,1.0700000524520874,1.090000033378601,1.0499999523162842,1.090000033378601,1.090000033378601,2224000
2014-09-18,1.0800000429153442,1.0800000429153442,1.0099999904632568,1.0499999523162842,1.0499999523162842,6050000
2014-09-19,1.0299999713897705,1.0499999523162842,1.0199999809265137,1.0399999618530273,1.0399999618530273,3298000
2014-09-22,1.0399999618530273,1.0399999618530273,1.0099999904632568,1.0299999713897705,1.0299999713897705,1126000
2014-09-23,1.0499999523162842,1.0499999523162842,1.0,1.0199999809265137,1.0199999809265137,2638000
2014-09-24,1.0299999713897705,1.0800000429153442,1.0099999904632568,1.0499999523162842,1.0499999523162842,3300000
2014-09-25,1.0499999523162842,1.0800000429153442,1.0399999618530273,1.0399999618530273,1.0399999618530273,2636000
2014-09-26,1.0700000524520874,1.0700000524520874,1.0,1.0499999523162842,1.0499999523162842,1932000
2014-09-29,1.059999942779541,1.059999942779541,0.9800000190734863,0.9800000190734863,0.9800000190734863,3882000
2014-09-30,1.0,1.0,0.9399999976158142,0.9900000095367432,0.9900000095367432,2606000
2014-10-03,0.9900000095367432,0.9900000095367432,0.8500000238418579,0.9599999785423279,0.9599999785423279,3230000
2014-10-06,0.9200000166893005,1.0,0.9200000166893005,1.0,1.0,596000
2014-10-07,1.0,1.0700000524520874,1.0,1.0499999523162842,1.0499999523162842,3038000
2014-10-08,1.0399999618530273,1.059999942779541,1.0099999904632568,1.0299999713897705,1.0299999713897705,1182000
2014-10-09,1.059999942779541,1.0700000524520874,1.0399999618530273,1.0499999523162842,1.0499999523162842,2286000
2014-10-10,1.0399999618530273,1.0499999523162842,1.0,1.0499999523162842,1.0499999523162842,4128000
2014-10-13,1.0199999809265137,1.0499999523162842,0.9900000095367432,1.0399999618530273,1.0399999618530273,2538000
2014-10-14,1.059999942779541,1.1100000143051147,1.0199999809265137,1.100000023841858,1.100000023841858,4902000
2014-10-15,1.100000023841858,1.149999976158142,1.0800000429153442,1.1299999952316284,1.1299999952316284,5530000
2014-10-16,1.090000033378601,1.159999966621399,1.090000033378601,1.149999976158142,1.149999976158142,3148000
2014-10-17,1.159999966621399,1.159999966621399,1.100000023841858,1.1200000047683716,1.1200000047683716,3232000
2014-10-20,1.1100000143051147,1.1399999856948853,1.0800000429153442,1.090000033378601,1.090000033378601,1498000
2014-10-21,1.1200000047683716,1.1399999856948853,1.100000023841858,1.1299999952316284,1.1299999952316284,1580000
2014-10-22,1.1200000047683716,1.149999976158142,1.1200000047683716,1.1399999856948853,1.1399999856948853,940000
2014-10-23,1.149999976158142,1.1799999475479126,1.1399999856948853,1.149999976158142,1.149999976158142,1888000
2014-10-24,1.1399999856948853,1.149999976158142,1.0800000429153442,1.090000033378601,1.090000033378601,5060000
2014-10-27,1.100000023841858,1.1399999856948853,1.090000033378601,1.1200000047683716,1.1200000047683716,4002000
2014-10-28,1.100000023841858,1.1200000047683716,1.090000033378601,1.1100000143051147,1.1100000143051147,1120000
2014-10-29,1.1100000143051147,1.1299999952316284,1.090000033378601,1.100000023841858,1.100000023841858,1678000
2014-10-30,1.100000023841858,1.149999976158142,1.090000033378601,1.1399999856948853,1.1399999856948853,4034000
2014-10-31,1.1699999570846558,1.1699999570846558,1.1299999952316284,1.149999976158142,1.149999976158142,1732000
2014-11-03,1.149999976158142,1.149999976158142,1.1100000143051147,1.1299999952316284,1.1299999952316284,1256000
2014-11-04,1.1100000143051147,1.1399999856948853,1.100000023841858,1.1399999856948853,1.1399999856948853,2084000
2014-11-05,1.1399999856948853,1.1399999856948853,1.1299999952316284,1.1299999952316284,1.1299999952316284,508000
2014-11-06,1.1200000047683716,1.1399999856948853,1.1100000143051147,1.1399999856948853,1.1399999856948853,990000
2014-11-07,1.1200000047683716,1.1299999952316284,1.1100000143051147,1.1299999952316284,1.1299999952316284,962000
2014-11-10,1.1299999952316284,1.149999976158142,1.100000023841858,1.1100000143051147,1.1100000143051147,1470000
2014-11-11,1.2100000381469727,1.2200000286102295,1.149999976158142,1.1699999570846558,1.1699999570846558,5518000
2014-11-12,1.1699999570846558,1.1699999570846558,1.1299999952316284,1.1399999856948853,1.1399999856948853,960000
2014-11-13,1.1399999856948853,1.149999976158142,1.1100000143051147,1.1299999952316284,1.1299999952316284,1056000
2014-11-14,1.1299999952316284,1.1299999952316284,1.090000033378601,1.1100000143051147,1.1100000143051147,2736000
2014-11-17,1.0800000429153442,1.1100000143051147,1.0700000524520874,1.090000033378601,1.090000033378601,1428000
2014-11-18,1.1100000143051147,1.1200000047683716,1.059999942779541,1.090000033378601,1.090000033378601,850000
2014-11-19,1.090000033378601,1.100000023841858,1.0499999523162842,1.059999942779541,1.059999942779541,1268000
2014-11-20,1.059999942779541,1.0700000524520874,1.0099999904632568,1.0399999618530273,1.0399999618530273,2168000
2014-11-21,1.0399999618530273,1.0399999618530273,1.0099999904632568,1.0299999713897705,1.0299999713897705,1618000
2014-11-24,1.0299999713897705,1.0399999618530273,1.0,1.0399999618530273,1.0399999618530273,1304000
2014-11-25,1.0399999618530273,1.0399999618530273,1.0199999809265137,1.0399999618530273,1.0399999618530273,380000
2014-11-26,1.0399999618530273,1.0800000429153442,1.0099999904632568,1.0299999713897705,1.0299999713897705,1900000
2014-11-27,1.0499999523162842,1.0700000524520874,1.0199999809265137,1.0700000524520874,1.0700000524520874,868000
2014-11-28,1.0700000524520874,1.0800000429153442,1.0399999618530273,1.059999942779541,1.059999942779541,846000
2014-12-01,1.0499999523162842,1.0499999523162842,0.949999988079071,1.0199999809265137,1.0199999809265137,3354000
2014-12-02,1.0199999809265137,1.0199999809265137,1.0,1.0,1.0,898000
2014-12-03,1.0299999713897705,1.0299999713897705,0.9599999785423279,1.0,1.0,2066000
2014-12-04,0.9800000190734863,1.0099999904632568,0.8999999761581421,0.9300000071525574,0.9300000071525574,5354000
2014-12-05,0.8999999761581421,0.8999999761581421,0.8299999833106995,0.8700000047683716,0.8700000047683716,4353000
2014-12-08,0.8500000238418579,0.8700000047683716,0.800000011920929,0.8500000238418579,0.8500000238418579,2806000
2014-12-09,0.8399999737739563,0.8399999737739563,0.800000011920929,0.8299999833106995,0.8299999833106995,2036000
2014-12-10,0.8299999833106995,0.9200000166893005,0.8299999833106995,0.9100000262260437,0.9100000262260437,1356000
2014-12-11,0.8799999952316284,0.8999999761581421,0.8600000143051147,0.8700000047683716,0.8700000047683716,502000
2014-12-12,0.8600000143051147,0.9800000190734863,0.8600000143051147,0.9399999976158142,0.9399999976158142,1894000
2014-12-15,0.9399999976158142,1.0499999523162842,0.9100000262260437,0.9399999976158142,0.9399999976158142,2306000
2014-12-16,0.9300000071525574,0.9300000071525574,0.8799999952316284,0.8899999856948853,0.8899999856948853,640000
2014-12-17,0.8999999761581421,0.8999999761581421,0.8600000143051147,0.8700000047683716,0.8700000047683716,382000
2014-12-18,0.8899999856948853,0.8899999856948853,0.8100000023841858,0.8500000238418579,0.8500000238418579,856000
2014-12-19,0.8799999952316284,0.8799999952316284,0.8500000238418579,0.8700000047683716,0.8700000047683716,740000
2014-12-22,0.8600000143051147,0.8600000143051147,0.8299999833106995,0.8299999833106995,0.8299999833106995,436000
2014-12-23,0.8299999833106995,0.8299999833106995,0.7099999785423279,0.7699999809265137,0.7699999809265137,3696000
2014-12-24,0.7699999809265137,0.7699999809265137,0.699999988079071,0.7200000286102295,0.7200000286102295,1014000
2014-12-29,0.699999988079071,0.7400000095367432,0.699999988079071,0.7099999785423279,0.7099999785423279,1300000
2014-12-30,0.7200000286102295,0.7400000095367432,0.7099999785423279,0.7200000286102295,0.7200000286102295,1068000
2014-12-31,0.7099999785423279,0.7200000286102295,0.7099999785423279,0.7200000286102295,0.7200000286102295,194000
2015-01-02,0.7400000095367432,0.7400000095367432,0.6800000071525574,0.6800000071525574,0.6800000071525574,548000
2015-01-05,0.699999988079071,0.7099999785423279,0.6899999976158142,0.6899999976158142,0.6899999976158142,1186000
2015-01-06,0.6899999976158142,0.7099999785423279,0.6899999976158142,0.6899999976158142,0.6899999976158142,992000
2015-01-07,0.6899999976158142,0.7200000286102295,0.6899999976158142,0.7200000286102295,0.7200000286102295,100000
2015-01-08,0.7200000286102295,0.7300000190734863,0.699999988079071,0.699999988079071,0.699999988079071,992000
2015-01-09,0.699999988079071,0.800000011920929,0.699999988079071,0.7799999713897705,0.7799999713897705,2326000
2015-01-12,0.7599999904632568,0.7799999713897705,0.7099999785423279,0.7400000095367432,0.7400000095367432,1548000
2015-01-13,0.75,0.75,0.7200000286102295,0.7200000286102295,0.7200000286102295,276000
2015-01-14,0.7200000286102295,0.800000011920929,0.7400000095367432,0.7699999809265137,0.7699999809265137,1538000
2015-01-15,0.7599999904632568,0.7799999713897705,0.75,0.75,0.75,2470000
2015-01-16,0.7400000095367432,0.7400000095367432,0.7099999785423279,0.7200000286102295,0.7200000286102295,486000
2015-01-19,0.7099999785423279,0.7400000095367432,0.699999988079071,0.7200000286102295,0.7200000286102295,540000
2015-01-20,0.7200000286102295,0.7300000190734863,0.699999988079071,0.699999988079071,0.699999988079071,1882000
2015-01-21,0.7099999785423279,0.7900000214576721,0.699999988079071,0.7400000095367432,0.7400000095367432,2536000
2015-01-22,0.75,0.7699999809265137,0.7300000190734863,0.7300000190734863,0.7300000190734863,816000
2015-01-23,0.75,0.7900000214576721,0.7300000190734863,0.7599999904632568,0.7599999904632568,598000
2015-01-26,0.7400000095367432,0.7599999904632568,0.7300000190734863,0.7400000095367432,0.7400000095367432,614000
2015-01-27,0.7400000095367432,0.75,0.7400000095367432,0.75,0.75,60000
2015-01-28,0.7400000095367432,0.7599999904632568,0.7400000095367432,0.7599999904632568,0.7599999904632568,226000
2015-01-29,0.7599999904632568,0.7599999904632568,0.7200000286102295,0.7400000095367432,0.7400000095367432,722000
2015-01-30,0.75,0.75,0.7400000095367432,0.7400000095367432,0.7400000095367432,246000
2015-02-02,0.7200000286102295,0.7400000095367432,0.7200000286102295,0.7200000286102295,0.7200000286102295,738000
2015-02-03,0.7300000190734863,0.7400000095367432,0.7200000286102295,0.7200000286102295,0.7200000286102295,90000
2015-02-04,0.75,0.7599999904632568,0.7200000286102295,0.7400000095367432,0.7400000095367432,1030000
2015-02-05,0.7400000095367432,0.7400000095367432,0.7300000190734863,0.7300000190734863,0.7300000190734863,422000
2015-02-06,0.7799999713897705,0.7900000214576721,0.7300000190734863,0.7599999904632568,0.7599999904632568,622000
2015-02-09,0.7400000095367432,0.7400000095367432,0.7400000095367432,0.75,0.75,4000
2015-02-10,0.7300000190734863,0.75,0.7200000286102295,0.7300000190734863,0.7300000190734863,716000
2015-02-11,0.7300000190734863,0.7599999904632568,0.7200000286102295,0.7300000190734863,0.7300000190734863,472000
2015-02-12,0.7300000190734863,0.7300000190734863,0.7200000286102295,0.7200000286102295,0.7200000286102295,184000
2015-02-13,0.7200000286102295,0.7400000095367432,0.7099999785423279,0.7300000190734863,0.7300000190734863,274000
2015-02-16,0.7599999904632568,0.7799999713897705,0.7599999904632568,0.7599999904632568,0.7599999904632568,728000
2015-02-17,0.7699999809265137,0.800000011920929,0.7599999904632568,0.7699999809265137,0.7699999809265137,942000
2015-02-18,0.800000011920929,0.8100000023841858,0.7699999809265137,0.800000011920929,0.800000011920929,712000
2015-02-23,0.800000011920929,0.800000011920929,0.7799999713897705,0.7900000214576721,0.7900000214576721,480000
2015-02-24,0.7799999713897705,0.7799999713897705,0.7799999713897705,0.7799999713897705,0.7799999713897705,4000
2015-02-25,0.7799999713897705,0.7799999713897705,0.7599999904632568,0.7599999904632568,0.7599999904632568,224000
2015-02-26,0.7599999904632568,0.7699999809265137,0.7599999904632568,0.7699999809265137,0.7699999809265137,106000
2015-02-27,0.7699999809265137,0.800000011920929,0.7699999809265137,0.7900000214576721,0.7900000214576721,334000
2015-03-02,0.800000011920929,0.8399999737739563,0.800000011920929,0.8299999833106995,0.8299999833106995,1012000
2015-03-03,0.8100000023841858,0.8700000047683716,0.800000011920929,0.8399999737739563,0.8399999737739563,982000
2015-03-04,0.8299999833106995,0.9399999976158142,0.8299999833106995,0.9300000071525574,0.9300000071525574,3280000
2015-03-05,0.949999988079071,0.9599999785423279,0.8899999856948853,0.9300000071525574,0.9300000071525574,2010000
2015-03-06,0.9200000166893005,0.949999988079071,0.8799999952316284,0.9399999976158142,0.9399999976158142,2654000
2015-03-09,0.9300000071525574,0.9700000286102295,0.9100000262260437,0.9599999785423279,0.9599999785423279,2254000
2015-03-10,0.9599999785423279,0.9700000286102295,0.9399999976158142,0.949999988079071,0.949999988079071,578000
2015-03-11,0.9300000071525574,0.9300000071525574,0.8999999761581421,0.9200000166893005,0.9200000166893005,754000
2015-03-12,0.9100000262260437,0.9200000166893005,0.8799999952316284,0.8999999761581421,0.8999999761581421,388000
2015-03-13,0.8999999761581421,0.9200000166893005,0.8999999761581421,0.8999999761581421,0.8999999761581421,430000
2015-03-16,0.8999999761581421,0.9200000166893005,0.8999999761581421,0.8999999761581421,0.8999999761581421,1234000
2015-03-17,0.8899999856948853,0.9100000262260437,0.8600000143051147,0.8799999952316284,0.8799999952316284,738000
2015-03-18,0.8899999856948853,0.9300000071525574,0.8899999856948853,0.9200000166893005,0.9200000166893005,600000
2015-03-19,0.9200000166893005,0.9399999976158142,0.8999999761581421,0.9100000262260437,0.9100000262260437,302000
2015-03-20,0.8999999761581421,0.9100000262260437,0.8799999952316284,0.9100000262260437,0.9100000262260437,1170000
2015-03-23,0.8999999761581421,0.9100000262260437,0.8600000143051147,0.8700000047683716,0.8700000047683716,1482000
2015-03-24,0.8799999952316284,0.8799999952316284,0.8600000143051147,0.8700000047683716,0.8700000047683716,266000
2015-03-25,0.8899999856948853,0.9800000190734863,0.8700000047683716,0.9700000286102295,0.9700000286102295,3540000
2015-03-26,0.9599999785423279,0.9700000286102295,0.949999988079071,0.949999988079071,0.949999988079071,1594000
2015-03-27,0.9900000095367432,0.9900000095367432,0.8999999761581421,0.9599999785423279,0.9599999785423279,586000
2015-03-30,0.949999988079071,0.9800000190734863,0.8999999761581421,0.9700000286102295,0.9700000286102295,2098000
2015-03-31,0.9700000286102295,0.9700000286102295,0.9200000166893005,0.949999988079071,0.949999988079071,1592000
2015-04-01,0.9599999785423279,1.190000057220459,0.9599999785423279,1.149999976158142,1.149999976158142,19008000
2015-04-02,1.159999966621399,1.399999976158142,1.159999966621399,1.3300000429153442,1.3300000429153442,25322000
2015-04-08,1.4299999475479126,1.600000023841858,1.399999976158142,1.5199999809265137,1.5199999809265137,39810000
2015-04-09,1.5099999904632568,1.5800000429153442,1.2999999523162842,1.4900000095367432,1.4900000095367432,21898000
2015-04-10,1.4500000476837158,1.4900000095367432,1.3799999952316284,1.4900000095367432,1.4900000095367432,8721000
2015-04-13,1.4800000190734863,1.5800000429153442,1.4800000190734863,1.5199999809265137,1.5199999809265137,11380000
2015-04-14,1.5299999713897705,1.7000000476837158,1.5199999809265137,1.559999942779541,1.559999942779541,16422000
2015-04-15,1.559999942779541,1.7000000476837158,1.5299999713897705,1.5700000524520874,1.5700000524520874,13388000
2015-04-16,1.5399999618530273,1.600000023841858,1.4900000095367432,1.5399999618530273,1.5399999618530273,6940000
2015-04-17,1.5499999523162842,1.559999942779541,1.4800000190734863,1.5199999809265137,1.5199999809265137,5564030
2015-04-20,1.5199999809265137,1.5199999809265137,1.3600000143051147,1.399999976158142,1.399999976158142,10640000
2015-04-21,1.409999966621399,1.5,1.3700000047683716,1.4600000381469727,1.4600000381469727,3812000
2015-04-22,1.4900000095367432,1.5800000429153442,1.4900000095367432,1.5099999904632568,1.5099999904632568,4756000
2015-04-23,1.5499999523162842,1.5499999523162842,1.409999966621399,1.5,1.5,2502000
2015-04-24,1.4700000286102295,1.4700000286102295,1.4199999570846558,1.4600000381469727,1.4600000381469727,1202000
2015-04-27,1.4600000381469727,1.5,1.4500000476837158,1.5,1.5,2596000
2015-04-28,1.4700000286102295,1.4700000286102295,1.4199999570846558,1.4299999475479126,1.4299999475479126,2020000
2015-04-29,1.4700000286102295,1.4700000286102295,1.350000023841858,1.409999966621399,1.409999966621399,2760000
2015-04-30,1.4299999475479126,1.4800000190734863,1.3700000047683716,1.3799999952316284,1.3799999952316284,2541200
2015-05-04,1.350000023841858,1.3799999952316284,1.3300000429153442,1.350000023841858,1.350000023841858,2914000
2015-05-05,1.350000023841858,1.3799999952316284,1.25,1.2999999523162842,1.2999999523162842,3014800
2015-05-06,1.2599999904632568,1.2999999523162842,1.2100000381469727,1.2599999904632568,1.2599999904632568,3624000
2015-05-07,1.2599999904632568,1.2599999904632568,1.2200000286102295,1.2400000095367432,1.2400000095367432,2266000
2015-05-08,1.2799999713897705,1.2999999523162842,1.2400000095367432,1.2899999618530273,1.2899999618530273,1778000
2015-05-11,1.309999942779541,1.3600000143051147,1.309999942779541,1.340000033378601,1.340000033378601,3054000
2015-05-12,1.3300000429153442,1.350000023841858,1.2799999713897705,1.2999999523162842,1.2999999523162842,1862000
2015-05-13,1.309999942779541,1.350000023841858,1.2899999618530273,1.2999999523162842,1.2999999523162842,1830000
2015-05-14,1.340000033378601,1.440000057220459,1.309999942779541,1.3899999856948853,1.3899999856948853,2812000
2015-05-15,1.5199999809265137,1.600000023841858,1.4600000381469727,1.559999942779541,1.559999942779541,17230000
2015-05-18,1.600000023841858,1.6100000143051147,1.4600000381469727,1.5399999618530273,1.5399999618530273,7196000
2015-05-19,1.559999942779541,1.559999942779541,1.5,1.5099999904632568,1.5099999904632568,4298000
2015-05-20,1.5499999523162842,1.5499999523162842,1.4500000476837158,1.4600000381469727,1.4600000381469727,4910000
2015-05-21,1.4500000476837158,1.4500000476837158,1.2599999904632568,1.399999976158142,1.399999976158142,12870000
2015-05-22,1.399999976158142,1.4600000381469727,1.399999976158142,1.4199999570846558,1.4199999570846558,2870000
2015-05-26,1.4199999570846558,1.5299999713897705,1.4199999570846558,1.4800000190734863,1.4800000190734863,4564000
2015-05-27,1.5299999713897705,1.5299999713897705,1.4299999475479126,1.4600000381469727,1.4600000381469727,4020000
2015-05-28,1.4700000286102295,1.4700000286102295,1.3899999856948853,1.3899999856948853,1.3899999856948853,3218000
2015-05-29,1.3899999856948853,1.4500000476837158,1.3799999952316284,1.4299999475479126,1.4299999475479126,3700000
2015-06-01,1.409999966621399,1.4600000381469727,1.3799999952316284,1.4500000476837158,1.4500000476837158,3984000
2015-06-02,1.4299999475479126,1.4500000476837158,1.3899999856948853,1.4199999570846558,1.4199999570846558,3378000
2015-06-03,1.4199999570846558,1.4199999570846558,1.3600000143051147,1.3899999856948853,1.3899999856948853,2238000
2015-06-04,1.399999976158142,1.409999966621399,1.3200000524520874,1.399999976158142,1.399999976158142,3561000
2015-06-05,1.3799999952316284,1.399999976158142,1.350000023841858,1.350000023841858,1.350000023841858,1768000
2015-06-08,1.350000023841858,1.350000023841858,1.2999999523162842,1.3300000429153442,1.3300000429153442,2948000
2015-06-09,1.3200000524520874,1.3300000429153442,1.2200000286102295,1.3200000524520874,1.3200000524520874,5901000
2015-06-10,1.350000023841858,1.440000057220459,1.3300000429153442,1.3600000143051147,1.3600000143051147,4711000
2015-06-11,1.3600000143051147,1.409999966621399,1.3600000143051147,1.3700000047683716,1.3700000047683716,2164000
2015-06-12,1.409999966621399,1.4299999475479126,1.3799999952316284,1.4299999475479126,1.4299999475479126,2876000
2015-06-15,1.4199999570846558,1.4500000476837158,1.3899999856948853,1.4299999475479126,1.4299999475479126,1538000
2015-06-16,1.4299999475479126,1.5499999523162842,1.3899999856948853,1.5,1.5,6872000
2015-06-17,1.5299999713897705,1.5299999713897705,1.4600000381469727,1.5,1.5,6788000
2015-06-18,1.5099999904632568,1.6200000047683716,1.5099999904632568,1.5700000524520874,1.5700000524520874,17646000
2015-06-19,1.6100000143051147,1.6100000143051147,1.4800000190734863,1.5,1.5,4196000
2015-06-22,1.4600000381469727,1.4900000095367432,1.409999966621399,1.4800000190734863,1.4800000190734863,1566000
2015-06-23,1.4500000476837158,1.559999942779541,1.4299999475479126,1.5199999809265137,1.5199999809265137,4064000
2015-06-24,1.5299999713897705,1.5299999713897705,1.4800000190734863,1.4900000095367432,1.4900000095367432,488030
2015-06-25,1.4900000095367432,1.5099999904632568,1.4199999570846558,1.4299999475479126,1.4299999475479126,1542000
2015-06-26,1.4299999475479126,1.4299999475479126,1.3200000524520874,1.3700000047683716,1.3700000047683716,3582000
2015-06-29,1.309999942779541,1.3799999952316284,1.2400000095367432,1.2799999713897705,1.2799999713897705,3630000
2015-06-30,1.2599999904632568,1.3300000429153442,1.2400000095367432,1.2799999713897705,1.2799999713897705,2942000
2015-07-02,1.2799999713897705,1.350000023841858,1.2599999904632568,1.2599999904632568,1.2599999904632568,1494000
2015-07-03,1.25,1.25,1.0199999809265137,1.0399999618530273,1.0399999618530273,3740000
2015-07-06,1.059999942779541,1.1299999952316284,0.7400000095367432,0.7900000214576721,0.7900000214576721,12020000
2015-07-07,0.7900000214576721,0.8100000023841858,0.6000000238418579,0.6100000143051147,0.6100000143051147,6458000
2015-07-08,0.5600000023841858,0.699999988079071,0.44999998807907104,0.5600000023841858,0.5600000023841858,11562000
2015-07-09,0.5600000023841858,0.9100000262260437,0.5600000023841858,0.8899999856948853,0.8899999856948853,7864000
2015-07-10,0.949999988079071,0.9800000190734863,0.8399999737739563,0.9100000262260437,0.9100000262260437,6268000
2015-07-13,0.9599999785423279,0.9599999785423279,0.8799999952316284,0.9399999976158142,0.9399999976158142,1814000
2015-07-14,0.9700000286102295,1.0800000429153442,0.949999988079071,1.0,1.0,4062000
2015-07-15,1.0299999713897705,1.0299999713897705,0.8799999952316284,0.8999999761581421,0.8999999761581421,2556000
2015-07-16,0.8799999952316284,0.949999988079071,0.8500000238418579,0.9200000166893005,0.9200000166893005,564000
2015-07-17,0.9800000190734863,0.9800000190734863,0.949999988079071,0.949999988079071,0.949999988079071,792000
2015-07-20,0.9800000190734863,1.149999976158142,0.9800000190734863,1.0800000429153442,1.0800000429153442,5782000
2015-07-21,1.0800000429153442,1.100000023841858,1.0199999809265137,1.090000033378601,1.090000033378601,2610000
2015-07-22,1.0800000429153442,1.149999976158142,1.059999942779541,1.0700000524520874,1.0700000524520874,2184000
2015-07-23,1.0800000429153442,1.149999976158142,1.0800000429153442,1.149999976158142,1.149999976158142,2190000
2015-07-24,1.159999966621399,1.2400000095367432,1.159999966621399,1.2100000381469727,1.2100000381469727,2574000
2015-07-27,1.1799999475479126,1.1799999475479126,1.0499999523162842,1.0800000429153442,1.0800000429153442,4278000
2015-07-28,1.059999942779541,1.100000023841858,1.0199999809265137,1.0800000429153442,1.0800000429153442,2016000
2015-07-29,1.090000033378601,1.090000033378601,1.0399999618530273,1.059999942779541,1.059999942779541,482000
2015-07-30,1.0800000429153442,1.1100000143051147,1.059999942779541,1.059999942779541,1.059999942779541,278000
2015-07-31,1.0199999809265137,1.0199999809265137,0.9900000095367432,1.0199999809265137,1.0199999809265137,660000
2015-08-03,0.9900000095367432,0.9900000095367432,0.8799999952316284,0.9200000166893005,0.9200000166893005,1728000
2015-08-04,0.9100000262260437,0.9700000286102295,0.8999999761581421,0.9700000286102295,0.9700000286102295,400000
2015-08-05,0.9700000286102295,0.9900000095367432,0.9200000166893005,0.9399999976158142,0.9399999976158142,1892000
2015-08-06,0.9399999976158142,0.949999988079071,0.9200000166893005,0.9599999785423279,0.9599999785423279,312000
2015-08-07,0.9800000190734863,1.100000023841858,0.9800000190734863,1.0399999618530273,1.0399999618530273,1132000
2015-08-10,0.9800000190734863,1.1399999856948853,0.9700000286102295,1.100000023841858,1.100000023841858,746000
2015-08-11,1.1399999856948853,1.1399999856948853,1.059999942779541,1.0800000429153442,1.0800000429153442,256000
2015-08-12,1.0499999523162842,1.0700000524520874,1.0099999904632568,1.0199999809265137,1.0199999809265137,212000
2015-08-13,1.0199999809265137,1.100000023841858,1.0199999809265137,1.090000033378601,1.090000033378601,192000
2015-08-14,1.1399999856948853,1.1399999856948853,1.0499999523162842,1.0499999523162842,1.0499999523162842,382000
2015-08-17,1.0800000429153442,1.0800000429153442,1.0499999523162842,1.0700000524520874,1.0700000524520874,404000
2015-08-18,1.0700000524520874,1.0700000524520874,1.0199999809265137,1.0399999618530273,1.0399999618530273,640000
2015-08-19,1.0800000429153442,1.0800000429153442,0.9900000095367432,1.0,1.0,848000
2015-08-20,1.0199999809265137,1.090000033378601,0.9800000190734863,1.0299999713897705,1.0299999713897705,614000
2015-08-21,1.0299999713897705,1.0299999713897705,0.949999988079071,0.9599999785423279,0.9599999785423279,1114000
2015-08-24,0.8999999761581421,0.8999999761581421,0.699999988079071,0.7300000190734863,0.7300000190734863,5902000
2015-08-25,0.6899999976158142,0.800000011920929,0.6800000071525574,0.7300000190734863,0.7300000190734863,4154000
2015-08-26,0.75,0.8299999833106995,0.7400000095367432,0.7900000214576721,0.7900000214576721,3306000
2015-08-27,0.800000011920929,0.8999999761581421,0.800000011920929,0.8999999761581421,0.8999999761581421,1492000
2015-08-28,0.8999999761581421,0.9200000166893005,0.8700000047683716,0.8899999856948853,0.8899999856948853,1346000
2015-08-31,0.8899999856948853,0.8999999761581421,0.8399999737739563,0.8799999952316284,0.8799999952316284,7106000
2015-09-01,0.8899999856948853,0.8999999761581421,0.8799999952316284,0.8899999856948853,0.8899999856948853,2140000
2015-09-02,0.8899999856948853,0.8899999856948853,0.7699999809265137,0.8500000238418579,0.8500000238418579,3382000
2015-09-04,0.8799999952316284,0.8799999952316284,0.8500000238418579,0.8500000238418579,0.8500000238418579,528000
2015-09-07,0.8700000047683716,0.9200000166893005,0.8700000047683716,0.8799999952316284,0.8799999952316284,446000
2015-09-08,0.8600000143051147,0.949999988079071,0.8500000238418579,0.9399999976158142,0.9399999976158142,1094000
2015-09-09,0.9900000095367432,0.9900000095367432,0.9300000071525574,0.9599999785423279,0.9599999785423279,468000
2015-09-10,0.9399999976158142,0.9599999785423279,0.9100000262260437,0.9300000071525574,0.9300000071525574,894000
2015-09-11,0.949999988079071,0.949999988079071,0.8999999761581421,0.8999999761581421,0.8999999761581421,220000
2015-09-14,0.949999988079071,0.949999988079071,0.8799999952316284,0.9100000262260437,0.9100000262260437,206000
2015-09-15,0.8799999952316284,0.8999999761581421,0.8700000047683716,0.8700000047683716,0.8700000047683716,230000
2015-09-16,0.8700000047683716,0.9200000166893005,0.8700000047683716,0.9200000166893005,0.9200000166893005,438000
2015-09-17,0.9200000166893005,0.949999988079071,0.8100000023841858,0.9200000166893005,0.9200000166893005,1322000
2015-09-18,0.9200000166893005,0.949999988079071,0.8999999761581421,0.9200000166893005,0.9200000166893005,436000
2015-09-21,0.9100000262260437,1.0099999904632568,0.9100000262260437,0.9599999785423279,0.9599999785423279,770000
2015-09-22,0.9900000095367432,1.0800000429153442,0.9900000095367432,1.0299999713897705,1.0299999713897705,3644000
2015-09-23,1.0299999713897705,1.2000000476837158,1.0,1.190000057220459,1.190000057220459,6510000
2015-09-24,1.2200000286102295,1.2400000095367432,1.1200000047683716,1.1299999952316284,1.1299999952316284,4630000
2015-09-25,1.1299999952316284,1.1299999952316284,1.0399999618530273,1.1200000047683716,1.1200000047683716,2932000
2015-09-29,1.0800000429153442,1.1100000143051147,1.0399999618530273,1.059999942779541,1.059999942779541,4590000
2015-09-30,1.059999942779541,1.100000023841858,1.0499999523162842,1.090000033378601,1.090000033378601,8142000
2015-10-02,1.1399999856948853,1.1399999856948853,1.0800000429153442,1.100000023841858,1.100000023841858,896000
2015-10-05,1.149999976158142,1.2899999618530273,1.1200000047683716,1.2300000190734863,1.2300000190734863,5588000
2015-10-06,1.2300000190734863,1.2300000190734863,1.1799999475479126,1.2200000286102295,1.2200000286102295,1214000
2015-10-07,1.2000000476837158,1.2200000286102295,1.1799999475479126,1.2000000476837158,1.2000000476837158,4130000
2015-10-08,1.2000000476837158,1.2000000476837158,1.159999966621399,1.1799999475479126,1.1799999475479126,1058000
2015-10-09,1.1799999475479126,1.350000023841858,1.1799999475479126,1.2799999713897705,1.2799999713897705,9880000
2015-10-12,1.2899999618530273,1.4700000286102295,1.2899999618530273,1.399999976158142,1.399999976158142,18300000
2015-10-13,1.4299999475479126,1.4500000476837158,1.309999942779541,1.350000023841858,1.350000023841858,13118000
2015-10-14,1.3600000143051147,1.4500000476837158,1.3200000524520874,1.399999976158142,1.399999976158142,10742000
2015-10-15,1.4199999570846558,1.4199999570846558,1.3200000524520874,1.3600000143051147,1.3600000143051147,6924000
2015-10-16,1.3799999952316284,1.399999976158142,1.2699999809265137,1.309999942779541,1.309999942779541,5694000
2015-10-19,1.340000033378601,1.399999976158142,1.2999999523162842,1.350000023841858,1.350000023841858,7002000
2015-10-20,1.3600000143051147,1.3600000143051147,1.2999999523162842,1.309999942779541,1.309999942779541,3260000
2015-10-22,1.2799999713897705,1.2899999618530273,1.2599999904632568,1.2699999809265137,1.2699999809265137,2562000
2015-10-23,1.2899999618530273,1.3700000047683716,1.2899999618530273,1.350000023841858,1.350000023841858,6500000
2015-10-26,1.3700000047683716,1.5,1.3600000143051147,1.399999976158142,1.399999976158142,10272000
2015-10-27,1.3899999856948853,1.5800000429153442,1.340000033378601,1.5700000524520874,1.5700000524520874,12456000
2015-10-28,1.5499999523162842,1.5499999523162842,1.4800000190734863,1.5199999809265137,1.5199999809265137,7396000
2015-10-29,1.5299999713897705,1.6100000143051147,1.4800000190734863,1.590000033378601,1.590000033378601,9380000
2015-10-30,1.5700000524520874,1.6699999570846558,1.5499999523162842,1.5800000429153442,1.5800000429153442,14668000
2015-11-02,1.5800000429153442,1.6299999952316284,1.4600000381469727,1.4700000286102295,1.4700000286102295,9036000
2015-11-03,1.5,1.5099999904632568,1.409999966621399,1.4199999570846558,1.4199999570846558,8346000
2015-11-04,1.4500000476837158,1.5,1.4199999570846558,1.4600000381469727,1.4600000381469727,10490000
2015-11-05,1.4900000095367432,1.5700000524520874,1.440000057220459,1.5,1.5,6058000
2015-11-06,1.5199999809265137,1.5800000429153442,1.4900000095367432,1.5700000524520874,1.5700000524520874,5484000
2015-11-09,1.5800000429153442,1.6399999856948853,1.5299999713897705,1.5299999713897705,1.5299999713897705,5712000
2015-11-10,1.4900000095367432,1.5499999523162842,1.4299999475479126,1.4700000286102295,1.4700000286102295,4464000
2015-11-11,1.4700000286102295,1.5099999904632568,1.4199999570846558,1.4900000095367432,1.4900000095367432,5590000
2015-11-12,1.4900000095367432,1.5399999618530273,1.4500000476837158,1.5299999713897705,1.5299999713897705,3056000
2015-11-13,1.5299999713897705,1.6299999952316284,1.5,1.5700000524520874,1.5700000524520874,8060000
2015-11-16,1.5299999713897705,1.7599999904632568,1.5,1.690000057220459,1.690000057220459,21406000
2015-11-17,1.7100000381469727,1.7999999523162842,1.659999966621399,1.659999966621399,1.659999966621399,21028000
2015-11-18,1.6799999475479126,1.7400000095367432,1.659999966621399,1.6699999570846558,1.6699999570846558,3830000
2015-11-19,1.7000000476837158,1.8300000429153442,1.7000000476837158,1.7999999523162842,1.7999999523162842,18436000
2015-11-20,1.809999942779541,1.9199999570846558,1.7899999618530273,1.909999966621399,1.909999966621399,16955700
2015-11-23,1.9299999475479126,2.0399999618530273,1.850000023841858,1.9199999570846558,1.9199999570846558,21481260
2015-11-24,1.9199999570846558,2.009999990463257,1.8799999952316284,1.9900000095367432,1.9900000095367432,7077700
2015-11-25,2.0199999809265137,2.130000114440918,1.9900000095367432,2.0899999141693115,2.0899999141693115,15024000
2015-11-26,2.109999895095825,2.130000114440918,1.909999966621399,1.9299999475479126,1.9299999475479126,12122000
2015-11-27,1.9299999475479126,1.9600000381469727,1.809999942779541,1.8600000143051147,1.8600000143051147,10324000
2015-11-30,1.8799999952316284,2.1600000858306885,1.809999942779541,2.119999885559082,2.119999885559082,15077300
2015-12-01,2.130000114440918,2.140000104904175,1.9600000381469727,2.0,2.0,11872000
2015-12-02,2.0,2.0799999237060547,1.9500000476837158,2.009999990463257,2.009999990463257,7170800
2015-12-03,2.009999990463257,2.069999933242798,1.9600000381469727,2.0,2.0,4784000
2015-12-04,2.0,2.0399999618530273,1.9600000381469727,1.9900000095367432,1.9900000095367432,3320000
2015-12-07,2.009999990463257,2.0399999618530273,1.9600000381469727,1.9700000286102295,1.9700000286102295,3940300
2015-12-08,1.9700000286102295,1.9700000286102295,1.850000023841858,1.9299999475479126,1.9299999475479126,7457330
2015-12-09,1.909999966621399,1.9600000381469727,1.8600000143051147,1.9299999475479126,1.9299999475479126,4068000
2015-12-10,1.9299999475479126,2.119999885559082,1.9299999475479126,2.0399999618530273,2.0399999618530273,20279000
2015-12-11,2.0399999618530273,2.0399999618530273,1.7999999523162842,1.840000033378601,1.840000033378601,13742000
2015-12-14,1.75,1.9299999475479126,1.75,1.899999976158142,1.899999976158142,11540000
2015-12-15,1.9299999475479126,1.9700000286102295,1.850000023841858,1.8899999856948853,1.8899999856948853,3608000
2015-12-16,1.9299999475479126,1.940000057220459,1.8700000047683716,1.8899999856948853,1.8899999856948853,2516000
2015-12-17,1.899999976158142,1.940000057220459,1.840000033378601,1.8899999856948853,1.8899999856948853,3754000
2015-12-18,1.850000023841858,1.899999976158142,1.850000023841858,1.8600000143051147,1.8600000143051147,1904000
2015-12-21,1.840000033378601,1.940000057220459,1.7999999523162842,1.9199999570846558,1.9199999570846558,4084575
2015-12-22,1.9199999570846558,2.0199999809265137,1.909999966621399,2.0199999809265137,2.0199999809265137,5580000
2015-12-23,2.0399999618530273,2.049999952316284,1.9500000476837158,2.0,2.0,3131913
2015-12-24,1.9800000190734863,1.9900000095367432,1.9600000381469727,1.9800000190734863,1.9800000190734863,981000
2015-12-28,1.9800000190734863,2.0299999713897705,1.8600000143051147,1.8799999952316284,1.8799999952316284,4998000
2015-12-29,1.8799999952316284,1.909999966621399,1.840000033378601,1.8899999856948853,1.8899999856948853,2710000
2015-12-30,1.8899999856948853,1.9199999570846558,1.850000023841858,1.9199999570846558,1.9199999570846558,3450000
2015-12-31,1.8799999952316284,1.9199999570846558,1.8799999952316284,1.8899999856948853,1.8899999856948853,1148000
2016-01-04,1.8899999856948853,1.9199999570846558,1.6799999475479126,1.75,1.75,8080000
2016-01-05,1.75,1.7699999809265137,1.6799999475479126,1.7400000095367432,1.7400000095367432,5452000
2016-01-06,1.7400000095367432,1.7400000095367432,1.6799999475479126,1.690000057220459,1.690000057220459,3926000
2016-01-07,1.690000057220459,1.690000057220459,1.690000057220459,1.690000057220459,1.690000057220459,0
2016-01-08,1.4900000095367432,1.5499999523162842,1.409999966621399,1.5399999618530273,1.5399999618530273,8828022
2016-01-11,1.5,1.5,1.350000023841858,1.3700000047683716,1.3700000047683716,6876000
2016-01-12,1.3700000047683716,1.4500000476837158,1.2999999523162842,1.399999976158142,1.399999976158142,7052000
2016-01-13,1.440000057220459,1.4800000190734863,1.3899999856948853,1.3899999856948853,1.3899999856948853,2604000
2016-01-14,1.3700000047683716,1.4500000476837158,1.309999942779541,1.409999966621399,1.409999966621399,3635847
2016-01-15,1.409999966621399,1.4199999570846558,1.350000023841858,1.3700000047683716,1.3700000047683716,1810000
2016-01-18,1.3300000429153442,1.5800000429153442,1.3300000429153442,1.4700000286102295,1.4700000286102295,5210000
2016-01-19,1.5099999904632568,1.559999942779541,1.440000057220459,1.5399999618530273,1.5399999618530273,4552000
2016-01-20,1.5,1.5399999618530273,1.409999966621399,1.4299999475479126,1.4299999475479126,3687215
2016-01-21,1.4299999475479126,1.4800000190734863,1.2899999618530273,1.309999942779541,1.309999942779541,5254000
2016-01-22,1.340000033378601,1.3899999856948853,1.2599999904632568,1.340000033378601,1.340000033378601,5370000
2016-01-25,1.3700000047683716,1.3700000047683716,1.2899999618530273,1.2999999523162842,1.2999999523162842,1082000
2016-01-26,1.2599999904632568,1.2599999904632568,1.1299999952316284,1.159999966621399,1.159999966621399,8314000
2016-01-27,1.2100000381469727,1.2200000286102295,1.1100000143051147,1.1399999856948853,1.1399999856948853,4627553
2016-01-28,1.100000023841858,1.159999966621399,1.100000023841858,1.1200000047683716,1.1200000047683716,3520000
2016-01-29,1.149999976158142,1.2599999904632568,1.1399999856948853,1.190000057220459,1.190000057220459,5704000
2016-02-01,1.2000000476837158,1.2000000476837158,1.1399999856948853,1.159999966621399,1.159999966621399,3740000
2016-02-02,1.1299999952316284,1.2000000476837158,1.100000023841858,1.149999976158142,1.149999976158142,3054000
2016-02-03,1.100000023841858,1.1299999952316284,1.100000023841858,1.1200000047683716,1.1200000047683716,2010000
2016-02-04,1.149999976158142,1.1799999475479126,1.1399999856948853,1.159999966621399,1.159999966621399,1884000
2016-02-05,1.1799999475479126,1.1799999475479126,1.149999976158142,1.1699999570846558,1.1699999570846558,838000
2016-02-11,1.100000023841858,1.100000023841858,1.0,1.0199999809265137,1.0199999809265137,4656000
2016-02-12,0.9800000190734863,1.0099999904632568,0.9100000262260437,0.9300000071525574,0.9300000071525574,2528000
2016-02-15,0.9200000166893005,1.0099999904632568,0.9200000166893005,1.0099999904632568,1.0099999904632568,2726000
2016-02-16,1.0399999618530273,1.0800000429153442,1.0099999904632568,1.0399999618530273,1.0399999618530273,2158000
2016-02-17,1.059999942779541,1.0700000524520874,1.0,1.0099999904632568,1.0099999904632568,1434000
2016-02-18,1.0800000429153442,1.0800000429153442,1.0299999713897705,1.0499999523162842,1.0499999523162842,1850000
2016-02-19,1.0700000524520874,1.2000000476837158,1.0399999618530273,1.1799999475479126,1.1799999475479126,6272000
2016-02-22,1.2000000476837158,1.399999976158142,1.159999966621399,1.3200000524520874,1.3200000524520874,8422000
2016-02-23,1.350000023841858,1.350000023841858,1.25,1.2999999523162842,1.2999999523162842,3116000
2016-02-24,1.2999999523162842,1.2999999523162842,1.2300000190734863,1.2599999904632568,1.2599999904632568,1278000
2016-02-25,1.2999999523162842,1.4299999475479126,1.2300000190734863,1.2799999713897705,1.2799999713897705,12156000
2016-02-26,1.3200000524520874,1.3600000143051147,1.2300000190734863,1.2799999713897705,1.2799999713897705,5190000
2016-02-29,1.25,1.25,1.1399999856948853,1.2100000381469727,1.2100000381469727,3608000
2016-03-01,1.1799999475479126,1.2599999904632568,1.159999966621399,1.2599999904632568,1.2599999904632568,1886000
2016-03-02,1.2599999904632568,1.2899999618530273,1.2599999904632568,1.2799999713897705,1.2799999713897705,2922000
2016-03-03,1.2899999618530273,1.3200000524520874,1.25,1.309999942779541,1.309999942779541,5953100
2016-03-04,1.350000023841858,1.350000023841858,1.2599999904632568,1.350000023841858,1.350000023841858,7688000
2016-03-07,1.3899999856948853,1.3899999856948853,1.2799999713897705,1.2999999523162842,1.2999999523162842,2894000
2016-03-08,1.2799999713897705,1.2999999523162842,1.25,1.2899999618530273,1.2899999618530273,1448000
2016-03-09,1.2799999713897705,1.350000023841858,1.25,1.340000033378601,1.340000033378601,3148000
2016-03-10,1.350000023841858,1.350000023841858,1.2699999809265137,1.2799999713897705,1.2799999713897705,2132000
2016-03-11,1.2899999618530273,1.2899999618530273,1.2300000190734863,1.2400000095367432,1.2400000095367432,4100000
2016-03-14,1.2699999809265137,1.2699999809265137,1.2300000190734863,1.2300000190734863,1.2300000190734863,2440142
2016-03-15,1.2400000095367432,1.25,1.2000000476837158,1.2000000476837158,1.2000000476837158,1926000
2016-03-16,1.2000000476837158,1.2100000381469727,1.1699999570846558,1.1799999475479126,1.1799999475479126,1972000
2016-03-17,1.190000057220459,1.2400000095367432,1.190000057220459,1.2400000095367432,1.2400000095367432,2336000
2016-03-18,1.25,1.2899999618530273,1.2300000190734863,1.2300000190734863,1.2300000190734863,3118000
2016-03-21,1.2300000190734863,1.2699999809265137,1.2300000190734863,1.2400000095367432,1.2400000095367432,2770000
2016-03-22,1.2400000095367432,1.3600000143051147,1.2400000095367432,1.2899999618530273,1.2899999618530273,8970000
2016-03-23,1.2899999618530273,1.2899999618530273,1.2400000095367432,1.2400000095367432,1.2400000095367432,2534000
2016-03-24,1.2300000190734863,1.2799999713897705,1.2200000286102295,1.2300000190734863,1.2300000190734863,1540000
2016-03-29,1.2200000286102295,1.2699999809265137,1.2100000381469727,1.2599999904632568,1.2599999904632568,1772000
2016-03-30,1.2699999809265137,1.2799999713897705,1.2300000190734863,1.2699999809265137,1.2699999809265137,2754000
2016-03-31,1.2799999713897705,1.2899999618530273,1.2300000190734863,1.25,1.25,972000
2016-04-01,1.25,1.25,1.2100000381469727,1.2300000190734863,1.2300000190734863,1182000
2016-04-05,1.2200000286102295,1.3300000429153442,1.2200000286102295,1.309999942779541,1.309999942779541,7114000
2016-04-06,1.3200000524520874,1.5,1.3200000524520874,1.4900000095367432,1.4900000095367432,24895700
2016-04-07,1.5,1.5099999904632568,1.3899999856948853,1.440000057220459,1.440000057220459,7878000
2016-04-08,1.4299999475479126,1.590000033378601,1.409999966621399,1.4800000190734863,1.4800000190734863,21461380
2016-04-11,1.4900000095367432,1.5399999618530273,1.440000057220459,1.4700000286102295,1.4700000286102295,6490000
2016-04-12,1.4600000381469727,1.4700000286102295,1.409999966621399,1.4500000476837158,1.4500000476837158,4184000
2016-04-13,1.4700000286102295,1.5199999809265137,1.4299999475479126,1.440000057220459,1.440000057220459,6622000
2016-04-14,1.4500000476837158,1.4800000190734863,1.440000057220459,1.4700000286102295,1.4700000286102295,2636000
2016-04-15,1.4600000381469727,1.4800000190734863,1.440000057220459,1.4500000476837158,1.4500000476837158,2218000
2016-04-18,1.4199999570846558,1.440000057220459,1.3700000047683716,1.4199999570846558,1.4199999570846558,3832000
2016-04-19,1.399999976158142,1.4600000381469727,1.399999976158142,1.4600000381469727,1.4600000381469727,3210000
2016-04-20,1.440000057220459,1.4600000381469727,1.3600000143051147,1.3899999856948853,1.3899999856948853,4996000
2016-04-21,1.4199999570846558,1.4199999570846558,1.3600000143051147,1.3600000143051147,1.3600000143051147,2970000
2016-04-22,1.3700000047683716,1.3700000047683716,1.3200000524520874,1.340000033378601,1.340000033378601,2704000
2016-04-25,1.340000033378601,1.3799999952316284,1.340000033378601,1.350000023841858,1.350000023841858,1074000
2016-04-26,1.350000023841858,1.350000023841858,1.25,1.3200000524520874,1.3200000524520874,4826000
2016-04-27,1.2999999523162842,1.3300000429153442,1.2799999713897705,1.2899999618530273,1.2899999618530273,2009722
2016-04-28,1.2799999713897705,1.340000033378601,1.2799999713897705,1.309999942779541,1.309999942779541,2962000
2016-04-29,1.3200000524520874,1.3600000143051147,1.309999942779541,1.350000023841858,1.350000023841858,2326000
2016-05-03,1.3300000429153442,1.3300000429153442,1.2799999713897705,1.2799999713897705,1.2799999713897705,3512000
2016-05-04,1.2699999809265137,1.2899999618530273,1.2400000095367432,1.2899999618530273,1.2899999618530273,2048000
2016-05-05,1.25,1.2999999523162842,1.25,1.25,1.25,1070000
2016-05-06,1.25,1.25,1.2200000286102295,1.2300000190734863,1.2300000190734863,2162000
2016-05-09,1.2799999713897705,1.2899999618530273,1.2200000286102295,1.2400000095367432,1.2400000095367432,1006000
2016-05-10,1.2100000381469727,1.25,1.2100000381469727,1.25,1.25,708000
2016-05-11,1.2599999904632568,1.2599999904632568,1.2200000286102295,1.2599999904632568,1.2599999904632568,574000
2016-05-12,1.2300000190734863,1.2799999713897705,1.2300000190734863,1.2400000095367432,1.2400000095367432,968000
2016-05-13,1.2300000190734863,1.2400000095367432,1.2200000286102295,1.2200000286102295,1.2200000286102295,490000
2016-05-16,1.2200000286102295,1.25,1.2100000381469727,1.25,1.25,796000
2016-05-17,1.2300000190734863,1.2799999713897705,1.2100000381469727,1.2599999904632568,1.2599999904632568,1486000
2016-05-18,1.2300000190734863,1.25,1.2300000190734863,1.2300000190734863,1.2300000190734863,466000
2016-05-19,1.2200000286102295,1.25,1.2200000286102295,1.2400000095367432,1.2400000095367432,290000
2016-05-20,1.2400000095367432,1.2699999809265137,1.2400000095367432,1.2599999904632568,1.2599999904632568,366000
2016-05-23,1.2699999809265137,1.3200000524520874,1.2699999809265137,1.2799999713897705,1.2799999713897705,2036000
2016-05-24,1.2699999809265137,1.2799999713897705,1.2699999809265137,1.2799999713897705,1.2799999713897705,242000
2016-05-25,1.3200000524520874,1.3200000524520874,1.2599999904632568,1.2699999809265137,1.2699999809265137,526000
2016-05-26,1.2799999713897705,1.2999999523162842,1.25,1.2999999523162842,1.2999999523162842,522000
2016-05-27,1.2899999618530273,1.2999999523162842,1.2799999713897705,1.2999999523162842,1.2999999523162842,972000
2016-05-30,1.2899999618530273,1.2899999618530273,1.25,1.2699999809265137,1.2699999809265137,260000
2016-05-31,1.2899999618530273,1.350000023841858,1.2599999904632568,1.309999942779541,1.309999942779541,2022000
2016-06-01,1.2999999523162842,1.3300000429153442,1.2799999713897705,1.2799999713897705,1.2799999713897705,606000
2016-06-02,1.2999999523162842,1.3300000429153442,1.2899999618530273,1.309999942779541,1.309999942779541,468000
2016-06-03,1.309999942779541,1.3300000429153442,1.2899999618530273,1.3200000524520874,1.3200000524520874,630000
2016-06-06,1.309999942779541,1.309999942779541,1.2799999713897705,1.2999999523162842,1.2999999523162842,727000
2016-06-07,1.3200000524520874,1.340000033378601,1.2799999713897705,1.3200000524520874,1.3200000524520874,1028000
2016-06-08,1.309999942779541,1.340000033378601,1.2899999618530273,1.3300000429153442,1.3300000429153442,690000
2016-06-10,1.350000023841858,1.350000023841858,1.2300000190734863,1.2300000190734863,1.2300000190734863,956000
2016-06-13,1.2000000476837158,1.2200000286102295,1.1399999856948853,1.1399999856948853,1.1399999856948853,4894000
2016-06-14,1.1299999952316284,1.190000057220459,1.100000023841858,1.1299999952316284,1.1299999952316284,2214000
2016-06-15,1.1699999570846558,1.2000000476837158,1.149999976158142,1.159999966621399,1.159999966621399,1612000
2016-06-16,1.1399999856948853,1.1699999570846558,1.1399999856948853,1.1399999856948853,1.1399999856948853,1428000
2016-06-17,1.1399999856948853,1.1799999475479126,1.1399999856948853,1.1799999475479126,1.1799999475479126,666000
2016-06-20,1.1699999570846558,1.2000000476837158,1.149999976158142,1.1699999570846558,1.1699999570846558,812000
2016-06-21,1.159999966621399,1.2000000476837158,1.159999966621399,1.190000057220459,1.190000057220459,1036000
2016-06-22,1.1799999475479126,1.190000057220459,1.1699999570846558,1.1799999475479126,1.1799999475479126,304000
2016-06-23,1.190000057220459,1.2100000381469727,1.159999966621399,1.1699999570846558,1.1699999570846558,492000
2016-06-24,1.159999966621399,1.159999966621399,1.059999942779541,1.1100000143051147,1.1100000143051147,2164000
2016-06-27,1.100000023841858,1.100000023841858,1.059999942779541,1.100000023841858,1.100000023841858,646000
2016-06-28,1.100000023841858,1.100000023841858,1.090000033378601,1.100000023841858,1.100000023841858,242000
2016-06-29,1.1299999952316284,1.149999976158142,1.1100000143051147,1.1399999856948853,1.1399999856948853,524000
2016-06-30,1.1399999856948853,1.159999966621399,1.1399999856948853,1.1399999856948853,1.1399999856948853,338000
2016-07-04,1.1399999856948853,1.149999976158142,1.100000023841858,1.1299999952316284,1.1299999952316284,1246000
2016-07-05,1.1299999952316284,1.1399999856948853,1.1200000047683716,1.1299999952316284,1.1299999952316284,854000
2016-07-06,1.1200000047683716,1.1200000047683716,1.100000023841858,1.1200000047683716,1.1200000047683716,320000
2016-07-07,1.1200000047683716,1.1200000047683716,1.100000023841858,1.100000023841858,1.100000023841858,484000
2016-07-08,1.1100000143051147,1.1200000047683716,1.0800000429153442,1.0800000429153442,1.0800000429153442,884000
2016-07-11,1.1100000143051147,1.149999976158142,1.0700000524520874,1.1299999952316284,1.1299999952316284,454000
2016-07-12,1.159999966621399,1.159999966621399,1.090000033378601,1.149999976158142,1.149999976158142,976000
2016-07-13,1.159999966621399,1.159999966621399,1.1100000143051147,1.1200000047683716,1.1200000047683716,356000
2016-07-14,1.1200000047683716,1.149999976158142,1.1200000047683716,1.1399999856948853,1.1399999856948853,564000
2016-07-15,1.159999966621399,1.159999966621399,1.1399999856948853,1.149999976158142,1.149999976158142,550000
2016-07-18,1.159999966621399,1.2000000476837158,1.159999966621399,1.190000057220459,1.190000057220459,2378000
2016-07-19,1.190000057220459,1.2699999809265137,1.190000057220459,1.2300000190734863,1.2300000190734863,4156000
2016-07-20,1.2300000190734863,1.2799999713897705,1.2200000286102295,1.2599999904632568,1.2599999904632568,2058000
2016-07-21,1.2799999713897705,1.2799999713897705,1.2200000286102295,1.2200000286102295,1.2200000286102295,1344000
2016-07-22,1.2100000381469727,1.2400000095367432,1.2100000381469727,1.2200000286102295,1.2200000286102295,814000
2016-07-25,1.2200000286102295,1.2200000286102295,1.1799999475479126,1.1799999475479126,1.1799999475479126,768000
2016-07-26,1.1799999475479126,1.2200000286102295,1.1699999570846558,1.2200000286102295,1.2200000286102295,878000
2016-07-27,1.2300000190734863,1.2300000190734863,1.159999966621399,1.1799999475479126,1.1799999475479126,850000
2016-07-28,1.1699999570846558,1.2100000381469727,1.1299999952316284,1.1799999475479126,1.1799999475479126,1272000
2016-07-29,1.149999976158142,1.1799999475479126,1.1399999856948853,1.149999976158142,1.149999976158142,944000
2016-08-01,1.1299999952316284,1.159999966621399,1.1299999952316284,1.149999976158142,1.149999976158142,672000
2016-08-02,1.149999976158142,1.149999976158142,1.149999976158142,1.149999976158142,1.149999976158142,0
2016-08-03,1.1299999952316284,1.149999976158142,1.100000023841858,1.149999976158142,1.149999976158142,642000
2016-08-04,1.1299999952316284,1.159999966621399,1.1299999952316284,1.149999976158142,1.149999976158142,390000
2016-08-05,1.1299999952316284,1.1799999475479126,1.1299999952316284,1.1799999475479126,1.1799999475479126,468000
2016-08-08,1.1799999475479126,1.1799999475479126,1.149999976158142,1.159999966621399,1.159999966621399,546000
2016-08-09,1.159999966621399,1.1799999475479126,1.1399999856948853,1.149999976158142,1.149999976158142,660000
2016-08-10,1.1699999570846558,1.2200000286102295,1.159999966621399,1.1799999475479126,1.1799999475479126,1348000
2016-08-11,1.1699999570846558,1.1799999475479126,1.149999976158142,1.159999966621399,1.159999966621399,814000
2016-08-12,1.159999966621399,1.1799999475479126,1.149999976158142,1.1699999570846558,1.1699999570846558,910000
2016-08-15,1.159999966621399,1.190000057220459,1.149999976158142,1.1699999570846558,1.1699999570846558,2168000
2016-08-16,1.159999966621399,1.1799999475479126,1.149999976158142,1.159999966621399,1.159999966621399,592000
2016-08-17,1.149999976158142,1.1699999570846558,1.100000023841858,1.1399999856948853,1.1399999856948853,1888000
2016-08-18,1.1200000047683716,1.2000000476837158,1.1200000047683716,1.1799999475479126,1.1799999475479126,1244578
2016-08-19,1.190000057220459,1.190000057220459,1.159999966621399,1.1699999570846558,1.1699999570846558,374000
2016-08-22,1.1699999570846558,1.1699999570846558,1.1299999952316284,1.1399999856948853,1.1399999856948853,666000
2016-08-23,1.1399999856948853,1.1799999475479126,1.1399999856948853,1.1799999475479126,1.1799999475479126,298000
2016-08-24,1.1799999475479126,1.1799999475479126,1.1399999856948853,1.1399999856948853,1.1399999856948853,742000
2016-08-25,1.1399999856948853,1.149999976158142,1.1299999952316284,1.1299999952316284,1.1299999952316284,532000
2016-08-26,1.1299999952316284,1.190000057220459,1.1200000047683716,1.1799999475479126,1.1799999475479126,1148000
2016-08-29,1.2000000476837158,1.2999999523162842,1.190000057220459,1.2300000190734863,1.2300000190734863,6152000
2016-08-30,1.25,1.25,1.1799999475479126,1.2000000476837158,1.2000000476837158,4258000
2016-08-31,1.2100000381469727,1.2300000190734863,1.190000057220459,1.2300000190734863,1.2300000190734863,1822000
2016-09-01,1.2300000190734863,1.2400000095367432,1.2100000381469727,1.2300000190734863,1.2300000190734863,844000
2016-09-02,1.2400000095367432,1.3799999952316284,1.2400000095367432,1.3600000143051147,1.3600000143051147,20248730
2016-09-05,1.440000057220459,1.4900000095367432,1.3899999856948853,1.4800000190734863,1.4800000190734863,19120000
2016-09-06,1.4800000190734863,1.5099999904632568,1.4299999475479126,1.4800000190734863,1.4800000190734863,13658000
2016-09-07,1.4800000190734863,1.4800000190734863,1.399999976158142,1.4199999570846558,1.4199999570846558,4502000
2016-09-08,1.399999976158142,1.5199999809265137,1.399999976158142,1.5,1.5,7838000
2016-09-09,1.5,1.5299999713897705,1.4500000476837158,1.4700000286102295,1.4700000286102295,4594000
2016-09-12,1.4500000476837158,1.4500000476837158,1.3799999952316284,1.3899999856948853,1.3899999856948853,5418000
2016-09-13,1.4199999570846558,1.4500000476837158,1.399999976158142,1.399999976158142,1.399999976158142,3484000
2016-09-14,1.4199999570846558,1.4500000476837158,1.409999966621399,1.440000057220459,1.440000057220459,3074000
2016-09-15,1.4700000286102295,1.5099999904632568,1.4299999475479126,1.4800000190734863,1.4800000190734863,4004000
2016-09-19,1.5,1.5800000429153442,1.4600000381469727,1.4800000190734863,1.4800000190734863,11178000
2016-09-20,1.5,1.5,1.4299999475479126,1.440000057220459,1.440000057220459,2086000
2016-09-21,1.4600000381469727,1.4700000286102295,1.409999966621399,1.4299999475479126,1.4299999475479126,1958000
2016-09-22,1.4600000381469727,1.4700000286102295,1.4299999475479126,1.440000057220459,1.440000057220459,2366000
2016-09-23,1.4700000286102295,1.4700000286102295,1.4299999475479126,1.4299999475479126,1.4299999475479126,1110000
2016-09-26,1.4600000381469727,1.4600000381469727,1.399999976158142,1.399999976158142,1.399999976158142,3018900
2016-09-27,1.399999976158142,1.409999966621399,1.3799999952316284,1.399999976158142,1.399999976158142,3240000
2016-09-28,1.3899999856948853,1.4299999475479126,1.3899999856948853,1.409999966621399,1.409999966621399,2944000
2016-09-29,1.440000057220459,1.440000057220459,1.3899999856948853,1.399999976158142,1.399999976158142,1584000
2016-09-30,1.399999976158142,1.409999966621399,1.3899999856948853,1.3899999856948853,1.3899999856948853,1826000
2016-10-03,1.4199999570846558,1.4199999570846558,1.399999976158142,1.399999976158142,1.399999976158142,938000
2016-10-04,1.399999976158142,1.4199999570846558,1.399999976158142,1.4199999570846558,1.4199999570846558,1116000
2016-10-05,1.409999966621399,1.4199999570846558,1.399999976158142,1.409999966621399,1.409999966621399,966000
2016-10-06,1.409999966621399,1.4800000190734863,1.409999966621399,1.440000057220459,1.440000057220459,1034000
2016-10-07,1.4299999475479126,1.4600000381469727,1.4299999475479126,1.440000057220459,1.440000057220459,812000
2016-10-11,1.4299999475479126,1.4500000476837158,1.409999966621399,1.440000057220459,1.440000057220459,1948000
2016-10-12,1.440000057220459,1.440000057220459,1.399999976158142,1.409999966621399,1.409999966621399,1386000
2016-10-13,1.409999966621399,1.409999966621399,1.399999976158142,1.399999976158142,1.399999976158142,1112000
2016-10-14,1.399999976158142,1.4299999475479126,1.399999976158142,1.409999966621399,1.409999966621399,524000
2016-10-17,1.399999976158142,1.409999966621399,1.399999976158142,1.399999976158142,1.399999976158142,861800
2016-10-18,1.399999976158142,1.4199999570846558,1.399999976158142,1.399999976158142,1.399999976158142,1694000
2016-10-19,1.409999966621399,1.409999966621399,1.3899999856948853,1.399999976158142,1.399999976158142,1840000
2016-10-20,1.399999976158142,1.399999976158142,1.3899999856948853,1.399999976158142,1.399999976158142,1700000
2016-10-21,1.399999976158142,1.399999976158142,1.399999976158142,1.399999976158142,1.399999976158142,0
2016-10-24,1.399999976158142,1.4500000476837158,1.399999976158142,1.4199999570846558,1.4199999570846558,1860000
2016-10-25,1.4199999570846558,1.4299999475479126,1.409999966621399,1.409999966621399,1.409999966621399,1100000
2016-10-26,1.399999976158142,1.409999966621399,1.3899999856948853,1.399999976158142,1.399999976158142,1872000
2016-10-27,1.409999966621399,1.409999966621399,1.3899999856948853,1.399999976158142,1.399999976158142,1322000
2016-10-28,1.399999976158142,1.409999966621399,1.399999976158142,1.399999976158142,1.399999976158142,842000
2016-10-31,1.399999976158142,1.409999966621399,1.399999976158142,1.399999976158142,1.399999976158142,770000
2016-11-01,1.399999976158142,1.399999976158142,1.3200000524520874,1.340000033378601,1.340000033378601,1778000
2016-11-02,1.309999942779541,1.309999942779541,1.2400000095367432,1.2400000095367432,1.2400000095367432,3900000
2016-11-03,1.2400000095367432,1.2400000095367432,1.2000000476837158,1.2300000190734863,1.2300000190734863,2800000
2016-11-04,1.2300000190734863,1.2300000190734863,1.190000057220459,1.2100000381469727,1.2100000381469727,1926000
2016-11-07,1.2100000381469727,1.2300000190734863,1.190000057220459,1.2300000190734863,1.2300000190734863,534000
2016-11-08,1.2300000190734863,1.2300000190734863,1.2300000190734863,1.2300000190734863,1.2300000190734863,234000
2016-11-09,1.2300000190734863,1.2300000190734863,1.190000057220459,1.2000000476837158,1.2000000476837158,1932000
2016-11-10,1.2300000190734863,1.2599999904632568,1.2100000381469727,1.2200000286102295,1.2200000286102295,1290000
2016-11-11,1.2200000286102295,1.2300000190734863,1.1799999475479126,1.190000057220459,1.190000057220459,2244000
2016-11-14,1.190000057220459,1.2200000286102295,1.1799999475479126,1.190000057220459,1.190000057220459,1304929
2016-11-15,1.190000057220459,1.2200000286102295,1.190000057220459,1.2000000476837158,1.2000000476837158,414000
2016-11-16,1.2000000476837158,1.2000000476837158,1.1799999475479126,1.190000057220459,1.190000057220459,322000
2016-11-17,1.1799999475479126,1.2200000286102295,1.1799999475479126,1.190000057220459,1.190000057220459,546000
2016-11-18,1.2000000476837158,1.2100000381469727,1.190000057220459,1.190000057220459,1.190000057220459,446000
2016-11-21,1.2000000476837158,1.2799999713897705,1.2000000476837158,1.2300000190734863,1.2300000190734863,1116000
2016-11-22,1.2200000286102295,1.25,1.2100000381469727,1.2400000095367432,1.2400000095367432,1004000
2016-11-23,1.25,1.25,1.2100000381469727,1.2300000190734863,1.2300000190734863,794001
2016-11-24,1.2300000190734863,1.2799999713897705,1.2300000190734863,1.2799999713897705,1.2799999713897705,2138000
2016-11-25,1.2699999809265137,1.2799999713897705,1.2599999904632568,1.2599999904632568,1.2599999904632568,608000
2016-11-28,1.2999999523162842,1.309999942779541,1.2699999809265137,1.2899999618530273,1.2899999618530273,1118000
2016-11-29,1.2899999618530273,1.2999999523162842,1.2699999809265137,1.2799999713897705,1.2799999713897705,592200
2016-11-30,1.309999942779541,1.309999942779541,1.2799999713897705,1.309999942779541,1.309999942779541,398000
2016-12-01,1.3300000429153442,1.3600000143051147,1.3200000524520874,1.350000023841858,1.350000023841858,1204001
2016-12-02,1.340000033378601,1.340000033378601,1.2799999713897705,1.2999999523162842,1.2999999523162842,324000
2016-12-05,1.2999999523162842,1.2999999523162842,1.2699999809265137,1.2699999809265137,1.2699999809265137,216000
2016-12-06,1.2699999809265137,1.2899999618530273,1.2599999904632568,1.2699999809265137,1.2699999809265137,142961
2016-12-07,1.2999999523162842,1.2999999523162842,1.2400000095367432,1.25,1.25,760000
2016-12-08,1.2400000095367432,1.2699999809265137,1.2400000095367432,1.2599999904632568,1.2599999904632568,231000
2016-12-09,1.25,1.2599999904632568,1.2300000190734863,1.2400000095367432,1.2400000095367432,502000
2016-12-12,1.2400000095367432,1.2400000095367432,1.2000000476837158,1.2100000381469727,1.2100000381469727,814000
2016-12-13,1.2100000381469727,1.25,1.2100000381469727,1.25,1.25,168000
2016-12-14,1.25,1.25,1.2200000286102295,1.2300000190734863,1.2300000190734863,88000
2016-12-15,1.2300000190734863,1.2400000095367432,1.2100000381469727,1.2200000286102295,1.2200000286102295,388000
2016-12-16,1.2200000286102295,1.2599999904632568,1.2000000476837158,1.2400000095367432,1.2400000095367432,598000
2016-12-19,1.2100000381469727,1.2300000190734863,1.2000000476837158,1.2300000190734863,1.2300000190734863,1456000
2016-12-20,1.2100000381469727,1.2400000095367432,1.2000000476837158,1.2200000286102295,1.2200000286102295,332000
2016-12-21,1.2300000190734863,1.2400000095367432,1.2100000381469727,1.2400000095367432,1.2400000095367432,170000
2016-12-22,1.2300000190734863,1.2300000190734863,1.2000000476837158,1.2200000286102295,1.2200000286102295,302795
2016-12-23,1.2000000476837158,1.2000000476837158,1.190000057220459,1.2000000476837158,1.2000000476837158,720000
2016-12-28,1.2200000286102295,1.2400000095367432,1.159999966621399,1.2100000381469727,1.2100000381469727,790000
2016-12-29,1.2200000286102295,1.2200000286102295,1.159999966621399,1.1699999570846558,1.1699999570846558,416000
2016-12-30,1.1799999475479126,1.190000057220459,1.159999966621399,1.1699999570846558,1.1699999570846558,582000
2017-01-03,1.1799999475479126,1.2000000476837158,1.1799999475479126,1.2000000476837158,1.2000000476837158,562000
2017-01-04,1.2000000476837158,1.2100000381469727,1.1799999475479126,1.1799999475479126,1.1799999475479126,80000
2017-01-05,1.190000057220459,1.2100000381469727,1.1699999570846558,1.1799999475479126,1.1799999475479126,216000
2017-01-06,1.2100000381469727,1.2799999713897705,1.2100000381469727,1.2400000095367432,1.2400000095367432,2034000
2017-01-09,1.2599999904632568,1.2799999713897705,1.2200000286102295,1.2200000286102295,1.2200000286102295,508000
2017-01-10,1.2699999809265137,1.3200000524520874,1.2699999809265137,1.2899999618530273,1.2899999618530273,2498000
2017-01-11,1.2899999618530273,1.2999999523162842,1.2799999713897705,1.2799999713897705,1.2799999713897705,340000
2017-01-12,1.2599999904632568,1.2899999618530273,1.2599999904632568,1.2599999904632568,1.2599999904632568,314000
2017-01-13,1.2599999904632568,1.2599999904632568,1.25,1.25,1.25,318000
2017-01-16,1.25,1.25,1.2300000190734863,1.2300000190734863,1.2300000190734863,508000
2017-01-17,1.25,1.2899999618530273,1.2400000095367432,1.2599999904632568,1.2599999904632568,524000
2017-01-18,1.2699999809265137,1.2899999618530273,1.25,1.2699999809265137,1.2699999809265137,646000
2017-01-19,1.2799999713897705,1.2799999713897705,1.25,1.25,1.25,352000
2017-01-20,1.25,1.2799999713897705,1.2300000190734863,1.2400000095367432,1.2400000095367432,398000
2017-01-23,1.2400000095367432,1.2699999809265137,1.2400000095367432,1.2400000095367432,1.2400000095367432,484000
2017-01-24,1.2400000095367432,1.2400000095367432,1.2300000190734863,1.2300000190734863,1.2300000190734863,360000
2017-01-25,1.2400000095367432,1.2400000095367432,1.2200000286102295,1.2300000190734863,1.2300000190734863,328000
2017-01-26,1.2300000190734863,1.2599999904632568,1.2200000286102295,1.25,1.25,462000
2017-01-27,1.25,1.25,1.2400000095367432,1.2400000095367432,1.2400000095367432,134000
2017-02-01,1.2300000190734863,1.2400000095367432,1.190000057220459,1.2200000286102295,1.2200000286102295,324000
2017-02-02,1.2000000476837158,1.2000000476837158,1.2000000476837158,1.2100000381469727,1.2100000381469727,222000
2017-02-03,1.2100000381469727,1.2300000190734863,1.2000000476837158,1.2200000286102295,1.2200000286102295,262000
2017-02-06,1.2100000381469727,1.2400000095367432,1.159999966621399,1.2200000286102295,1.2200000286102295,3020000
2017-02-07,1.2599999904632568,1.2599999904632568,1.2200000286102295,1.2400000095367432,1.2400000095367432,538000
2017-02-08,1.2400000095367432,1.2699999809265137,1.2400000095367432,1.2400000095367432,1.2400000095367432,1212000
2017-02-09,1.2400000095367432,1.2599999904632568,1.2400000095367432,1.2599999904632568,1.2599999904632568,2759058
2017-02-10,1.2699999809265137,1.2699999809265137,1.2300000190734863,1.2400000095367432,1.2400000095367432,545062
2017-02-13,1.2300000190734863,1.2400000095367432,1.2000000476837158,1.2400000095367432,1.2400000095367432,1728000
2017-02-14,1.2400000095367432,1.2599999904632568,1.2100000381469727,1.2200000286102295,1.2200000286102295,1082000
2017-02-15,1.2200000286102295,1.2300000190734863,1.2000000476837158,1.2200000286102295,1.2200000286102295,1174000
2017-02-16,1.2200000286102295,1.2300000190734863,1.2000000476837158,1.2100000381469727,1.2100000381469727,768000
2017-02-17,1.2100000381469727,1.2100000381469727,1.2000000476837158,1.2100000381469727,1.2100000381469727,800000
2017-02-20,1.2100000381469727,1.2100000381469727,1.190000057220459,1.2000000476837158,1.2000000476837158,850000
2017-02-21,1.2000000476837158,1.2000000476837158,1.1799999475479126,1.1799999475479126,1.1799999475479126,816000
2017-02-22,1.1799999475479126,1.2000000476837158,1.1799999475479126,1.190000057220459,1.190000057220459,456000
2017-02-23,1.1799999475479126,1.190000057220459,1.1399999856948853,1.190000057220459,1.190000057220459,736000
2017-02-24,1.2000000476837158,1.2000000476837158,1.1699999570846558,1.1799999475479126,1.1799999475479126,193730
2017-02-27,1.1799999475479126,1.190000057220459,1.1699999570846558,1.1799999475479126,1.1799999475479126,300000
2017-02-28,1.1799999475479126,1.1799999475479126,1.1699999570846558,1.1799999475479126,1.1799999475479126,198000
2017-03-01,1.1799999475479126,1.2000000476837158,1.1699999570846558,1.1799999475479126,1.1799999475479126,292000
2017-03-02,1.1699999570846558,1.2000000476837158,1.159999966621399,1.190000057220459,1.190000057220459,504674
2017-03-03,1.190000057220459,1.190000057220459,1.159999966621399,1.1799999475479126,1.1799999475479126,1090000
2017-03-06,1.1799999475479126,1.190000057220459,1.159999966621399,1.159999966621399,1.159999966621399,650000
2017-03-07,1.1799999475479126,1.2000000476837158,1.1699999570846558,1.190000057220459,1.190000057220459,486000
2017-03-08,1.2000000476837158,1.2999999523162842,1.2000000476837158,1.2799999713897705,1.2799999713897705,25068000
2017-03-09,1.2999999523162842,1.309999942779541,1.2300000190734863,1.2799999713897705,1.2799999713897705,15396000
2017-03-10,1.2999999523162842,1.3600000143051147,1.2999999523162842,1.350000023841858,1.350000023841858,15728000
2017-03-13,1.350000023841858,1.350000023841858,1.2999999523162842,1.3200000524520874,1.3200000524520874,5238000
2017-03-14,1.3200000524520874,1.350000023841858,1.2599999904632568,1.2999999523162842,1.2999999523162842,3440000
2017-03-15,1.2799999713897705,1.2999999523162842,1.2599999904632568,1.2999999523162842,1.2999999523162842,2828000
2017-03-16,1.2999999523162842,1.309999942779541,1.2699999809265137,1.2899999618530273,1.2899999618530273,2260000
2017-03-17,1.2799999713897705,1.3200000524520874,1.2799999713897705,1.2799999713897705,1.2799999713897705,2626000
2017-03-20,1.2699999809265137,1.2799999713897705,1.2599999904632568,1.2799999713897705,1.2799999713897705,2102000
2017-03-21,1.2799999713897705,1.2999999523162842,1.2599999904632568,1.2599999904632568,1.2599999904632568,913575
2017-03-22,1.25,1.2599999904632568,1.2300000190734863,1.2400000095367432,1.2400000095367432,2112000
2017-03-23,1.2400000095367432,1.25,1.2300000190734863,1.25,1.25,972000
2017-03-24,1.25,1.2599999904632568,1.2300000190734863,1.2400000095367432,1.2400000095367432,928000
2017-03-27,1.2400000095367432,1.25,1.2000000476837158,1.2000000476837158,1.2000000476837158,2084000
2017-03-28,1.2100000381469727,1.2300000190734863,1.2000000476837158,1.2100000381469727,1.2100000381469727,1524000
2017-03-29,1.2200000286102295,1.2200000286102295,1.100000023841858,1.1799999475479126,1.1799999475479126,5006000
2017-03-30,1.1799999475479126,1.1799999475479126,1.1399999856948853,1.1699999570846558,1.1699999570846558,1154000
2017-03-31,1.159999966621399,1.1699999570846558,1.149999976158142,1.159999966621399,1.159999966621399,776000
2017-04-03,1.149999976158142,1.1699999570846558,1.149999976158142,1.149999976158142,1.149999976158142,990000
2017-04-05,1.1399999856948853,1.149999976158142,1.1299999952316284,1.1399999856948853,1.1399999856948853,2212000
2017-04-06,1.1299999952316284,1.149999976158142,1.1100000143051147,1.149999976158142,1.149999976158142,1128000
2017-04-07,1.149999976158142,1.1699999570846558,1.1200000047683716,1.159999966621399,1.159999966621399,650000
2017-04-10,1.159999966621399,1.1699999570846558,1.149999976158142,1.159999966621399,1.159999966621399,546000
2017-04-11,1.149999976158142,1.149999976158142,1.1299999952316284,1.149999976158142,1.149999976158142,634000
2017-04-12,1.149999976158142,1.149999976158142,1.1200000047683716,1.1299999952316284,1.1299999952316284,1082000
2017-04-13,1.1299999952316284,1.149999976158142,1.1200000047683716,1.149999976158142,1.149999976158142,614000
2017-04-18,1.159999966621399,1.1799999475479126,1.149999976158142,1.149999976158142,1.149999976158142,1528000
2017-04-19,1.149999976158142,1.159999966621399,1.1299999952316284,1.159999966621399,1.159999966621399,936000
2017-04-20,1.1699999570846558,1.1699999570846558,1.1399999856948853,1.159999966621399,1.159999966621399,298000
2017-04-21,1.159999966621399,1.159999966621399,1.149999976158142,1.159999966621399,1.159999966621399,996000
2017-04-24,1.149999976158142,1.149999976158142,1.1299999952316284,1.1399999856948853,1.1399999856948853,300000
2017-04-25,1.159999966621399,1.1699999570846558,1.090000033378601,1.1200000047683716,1.1200000047683716,2856000
2017-04-26,1.1200000047683716,1.149999976158142,1.1100000143051147,1.1399999856948853,1.1399999856948853,720000
2017-04-27,1.1399999856948853,1.159999966621399,1.1399999856948853,1.149999976158142,1.149999976158142,640000
2017-04-28,1.1399999856948853,1.159999966621399,1.1399999856948853,1.149999976158142,1.149999976158142,638000
2017-05-02,1.149999976158142,1.159999966621399,1.149999976158142,1.149999976158142,1.149999976158142,154000
2017-05-04,1.149999976158142,1.2000000476837158,1.149999976158142,1.159999966621399,1.159999966621399,1800000
2017-05-05,1.159999966621399,1.159999966621399,1.149999976158142,1.149999976158142,1.149999976158142,904000
2017-05-08,1.149999976158142,1.1699999570846558,1.1399999856948853,1.159999966621399,1.159999966621399,420000
2017-05-09,1.149999976158142,1.1799999475479126,1.149999976158142,1.1799999475479126,1.1799999475479126,548000
2017-05-10,1.1799999475479126,1.2000000476837158,1.159999966621399,1.190000057220459,1.190000057220459,962000
2017-05-11,1.2000000476837158,1.2000000476837158,1.1799999475479126,1.1799999475479126,1.1799999475479126,1138000
2017-05-12,1.190000057220459,1.190000057220459,1.1799999475479126,1.190000057220459,1.190000057220459,782000
2017-05-15,1.190000057220459,1.2400000095367432,1.1799999475479126,1.190000057220459,1.190000057220459,2184000
2017-05-16,1.190000057220459,1.2000000476837158,1.190000057220459,1.190000057220459,1.190000057220459,318000
2017-05-17,1.190000057220459,1.2100000381469727,1.159999966621399,1.1799999475479126,1.1799999475479126,4770000
2017-05-18,1.1799999475479126,1.190000057220459,1.1699999570846558,1.1699999570846558,1.1699999570846558,752000
2017-05-19,1.1699999570846558,1.190000057220459,1.1699999570846558,1.1799999475479126,1.1799999475479126,440000
2017-05-22,1.1699999570846558,1.2000000476837158,1.149999976158142,1.190000057220459,1.190000057220459,1674000
2017-05-23,1.1799999475479126,1.190000057220459,1.149999976158142,1.159999966621399,1.159999966621399,1000000
2017-05-24,1.1699999570846558,1.1799999475479126,1.159999966621399,1.159999966621399,1.159999966621399,206000
2017-05-25,1.159999966621399,1.1799999475479126,1.159999966621399,1.1799999475479126,1.1799999475479126,460000
2017-05-26,1.159999966621399,1.1699999570846558,1.159999966621399,1.1699999570846558,1.1699999570846558,736000
2017-05-29,1.159999966621399,1.1699999570846558,1.159999966621399,1.159999966621399,1.159999966621399,440000
2017-05-31,1.1699999570846558,1.1699999570846558,1.149999976158142,1.149999976158142,1.149999976158142,654000
2017-06-01,1.159999966621399,1.1699999570846558,1.159999966621399,1.159999966621399,1.159999966621399,80000
2017-06-02,1.159999966621399,1.1699999570846558,1.149999976158142,1.1699999570846558,1.1699999570846558,438000
2017-06-05,1.1699999570846558,1.1699999570846558,1.149999976158142,1.149999976158142,1.149999976158142,752000
2017-06-06,1.149999976158142,1.149999976158142,1.1299999952316284,1.1299999952316284,1.1299999952316284,632000
2017-06-07,1.1399999856948853,1.1699999570846558,1.1399999856948853,1.159999966621399,1.159999966621399,602000
2017-06-08,1.1399999856948853,1.149999976158142,1.1299999952316284,1.1399999856948853,1.1399999856948853,660000
2017-06-09,1.1399999856948853,1.149999976158142,1.1299999952316284,1.1399999856948853,1.1399999856948853,318000
2017-06-12,1.1299999952316284,1.1399999856948853,1.1100000143051147,1.1200000047683716,1.1200000047683716,644000
2017-06-13,1.1200000047683716,1.1299999952316284,1.1100000143051147,1.1299999952316284,1.1299999952316284,318000
2017-06-14,1.1100000143051147,1.1200000047683716,1.100000023841858,1.1100000143051147,1.1100000143051147,330000
2017-06-15,1.1100000143051147,1.1200000047683716,1.1100000143051147,1.1100000143051147,1.1100000143051147,278000
2017-06-16,1.100000023841858,1.1100000143051147,1.100000023841858,1.1100000143051147,1.1100000143051147,290000
2017-06-19,1.090000033378601,1.1100000143051147,1.090000033378601,1.100000023841858,1.100000023841858,444000
2017-06-20,1.1299999952316284,1.159999966621399,1.1200000047683716,1.1399999856948853,1.1399999856948853,604000
2017-06-21,1.1100000143051147,1.1299999952316284,1.100000023841858,1.1299999952316284,1.1299999952316284,590000
2017-06-22,1.1100000143051147,1.1399999856948853,1.100000023841858,1.1299999952316284,1.1299999952316284,324000
2017-06-23,1.1299999952316284,1.1299999952316284,1.100000023841858,1.100000023841858,1.100000023841858,680000
2017-06-26,1.1299999952316284,1.1399999856948853,1.1100000143051147,1.1100000143051147,1.1100000143051147,330000
2017-06-27,1.1100000143051147,1.1100000143051147,1.100000023841858,1.100000023841858,1.100000023841858,820000
2017-06-28,1.1100000143051147,1.1200000047683716,1.100000023841858,1.1100000143051147,1.1100000143051147,760000
2017-06-29,1.100000023841858,1.1399999856948853,1.100000023841858,1.1299999952316284,1.1299999952316284,386000
2017-06-30,1.1299999952316284,1.1299999952316284,1.1100000143051147,1.1100000143051147,1.1100000143051147,66000
2017-07-03,1.1200000047683716,1.1299999952316284,1.1200000047683716,1.1299999952316284,1.1299999952316284,156000
2017-07-04,1.1100000143051147,1.1100000143051147,1.100000023841858,1.100000023841858,1.100000023841858,290000
2017-07-05,1.1100000143051147,1.1200000047683716,1.1100000143051147,1.1200000047683716,1.1200000047683716,236000
2017-07-06,1.1399999856948853,1.1399999856948853,1.1200000047683716,1.1200000047683716,1.1200000047683716,370000
2017-07-07,1.1200000047683716,1.1200000047683716,1.1200000047683716,1.1200000047683716,1.1200000047683716,36000
2017-07-10,1.1299999952316284,1.1299999952316284,1.100000023841858,1.1100000143051147,1.1100000143051147,508000
2017-07-11,1.1100000143051147,1.1100000143051147,1.1100000143051147,1.1100000143051147,1.1100000143051147,10000
2017-07-12,1.1100000143051147,1.1100000143051147,1.0800000429153442,1.100000023841858,1.100000023841858,276000
2017-07-13,1.0800000429153442,1.100000023841858,1.0800000429153442,1.100000023841858,1.100000023841858,1204000
2017-07-14,1.100000023841858,1.1200000047683716,1.100000023841858,1.1200000047683716,1.1200000047683716,440000
2017-07-17,1.1100000143051147,1.1200000047683716,1.0800000429153442,1.0800000429153442,1.0800000429153442,296000
2017-07-18,1.100000023841858,1.100000023841858,1.0800000429153442,1.100000023841858,1.100000023841858,300000
2017-07-19,1.100000023841858,1.100000023841858,1.0700000524520874,1.0800000429153442,1.0800000429153442,66000
2017-07-20,1.100000023841858,1.1399999856948853,1.100000023841858,1.100000023841858,1.100000023841858,1058000
2017-07-21,1.100000023841858,1.1299999952316284,1.0800000429153442,1.100000023841858,1.100000023841858,728000
2017-07-24,1.100000023841858,1.1200000047683716,1.0800000429153442,1.100000023841858,1.100000023841858,450000
2017-07-25,1.100000023841858,1.100000023841858,1.0800000429153442,1.0800000429153442,1.0800000429153442,222000
2017-07-26,1.0800000429153442,1.0800000429153442,1.0,1.0199999809265137,1.0199999809265137,1774000
2017-07-27,1.059999942779541,1.059999942779541,0.9100000262260437,1.0199999809265137,1.0199999809265137,6482000
2017-07-28,1.0299999713897705,1.0299999713897705,0.9900000095367432,1.0099999904632568,1.0099999904632568,1084000
2017-07-31,0.9900000095367432,1.0099999904632568,0.9599999785423279,0.9700000286102295,0.9700000286102295,1163000
2017-08-01,0.9800000190734863,1.0299999713897705,0.9700000286102295,0.9900000095367432,0.9900000095367432,784000
2017-08-02,1.0,1.0099999904632568,1.0,1.0099999904632568,1.0099999904632568,1272000
2017-08-03,1.0099999904632568,1.0399999618530273,1.0,1.0399999618530273,1.0399999618530273,2268000
2017-08-04,1.0399999618530273,1.0499999523162842,1.0199999809265137,1.0299999713897705,1.0299999713897705,598000
2017-08-07,0.9900000095367432,1.0,0.9800000190734863,0.9900000095367432,0.9900000095367432,848000
2017-08-08,0.9900000095367432,1.0199999809265137,0.9900000095367432,1.0099999904632568,1.0099999904632568,604000
2017-08-09,1.0199999809265137,1.0299999713897705,1.0,1.0099999904632568,1.0099999904632568,1544000
2017-08-10,1.0,1.0199999809265137,0.9900000095367432,1.0,1.0,890000
2017-08-11,1.0099999904632568,1.0099999904632568,0.9900000095367432,1.0,1.0,1042000
2017-08-14,0.9900000095367432,1.0099999904632568,0.9900000095367432,1.0099999904632568,1.0099999904632568,148000
2017-08-15,1.0099999904632568,1.0099999904632568,0.9900000095367432,0.9900000095367432,0.9900000095367432,408000
2017-08-16,1.0099999904632568,1.0099999904632568,0.9900000095367432,1.0,1.0,64000
2017-08-17,0.9900000095367432,1.0099999904632568,0.949999988079071,0.9599999785423279,0.9599999785423279,792000
2017-08-18,0.9599999785423279,0.9599999785423279,0.9599999785423279,0.9599999785423279,0.9599999785423279,480000
2017-08-21,0.9800000190734863,0.9900000095367432,0.9700000286102295,0.9700000286102295,0.9700000286102295,126000
2017-08-22,0.9700000286102295,0.9900000095367432,0.9700000286102295,0.9700000286102295,0.9700000286102295,182000
2017-08-23,0.9700000286102295,0.9700000286102295,0.9700000286102295,0.9700000286102295,0.9700000286102295,0
2017-08-24,0.9599999785423279,1.0399999618530273,0.9599999785423279,1.0399999618530273,1.0399999618530273,1660000
2017-08-25,1.0399999618530273,1.0800000429153442,1.0299999713897705,1.0499999523162842,1.0499999523162842,1290000
2017-08-28,1.059999942779541,1.1399999856948853,1.059999942779541,1.1299999952316284,1.1299999952316284,2878000
2017-08-29,1.149999976158142,1.159999966621399,1.0199999809265137,1.059999942779541,1.059999942779541,2982000
2017-08-30,1.0199999809265137,1.0499999523162842,1.0,1.0399999618530273,1.0399999618530273,1052000
2017-08-31,1.0399999618530273,1.0399999618530273,1.0299999713897705,1.0299999713897705,1.0299999713897705,200000
2017-09-01,1.0099999904632568,1.0199999809265137,1.0,1.0199999809265137,1.0199999809265137,492000
2017-09-04,1.0399999618530273,1.0700000524520874,1.0299999713897705,1.0700000524520874,1.0700000524520874,1232000
2017-09-05,1.0700000524520874,1.0800000429153442,1.059999942779541,1.0800000429153442,1.0800000429153442,508000
2017-09-06,1.0800000429153442,1.0800000429153442,1.0499999523162842,1.0700000524520874,1.0700000524520874,386000
2017-09-07,1.0499999523162842,1.059999942779541,1.0199999809265137,1.059999942779541,1.059999942779541,628000
2017-09-08,1.0399999618530273,1.0399999618530273,1.0199999809265137,1.0399999618530273,1.0399999618530273,418000
2017-09-11,1.0499999523162842,1.100000023841858,1.0499999523162842,1.0800000429153442,1.0800000429153442,1924000
2017-09-12,1.100000023841858,1.2200000286102295,1.0800000429153442,1.190000057220459,1.190000057220459,25488000
2017-09-13,1.2000000476837158,1.2100000381469727,1.1399999856948853,1.2100000381469727,1.2100000381469727,7586000
2017-09-14,1.2400000095367432,1.2999999523162842,1.159999966621399,1.2100000381469727,1.2100000381469727,9876000
2017-09-15,1.2100000381469727,1.2100000381469727,1.1399999856948853,1.1799999475479126,1.1799999475479126,3250000
2017-09-18,1.1699999570846558,1.2000000476837158,1.1200000047683716,1.190000057220459,1.190000057220459,3016000
2017-09-19,1.190000057220459,1.190000057220459,1.149999976158142,1.159999966621399,1.159999966621399,1346000
2017-09-20,1.1699999570846558,1.2699999809265137,1.1699999570846558,1.2400000095367432,1.2400000095367432,12382000
2017-09-21,1.25,1.25,1.190000057220459,1.2000000476837158,1.2000000476837158,3578000
2017-09-22,1.1699999570846558,1.190000057220459,1.159999966621399,1.159999966621399,1.159999966621399,1968000
2017-09-25,1.149999976158142,1.1799999475479126,1.0800000429153442,1.090000033378601,1.090000033378601,2800000
2017-09-26,1.100000023841858,1.149999976158142,1.100000023841858,1.1399999856948853,1.1399999856948853,1518000
2017-09-27,1.149999976158142,1.159999966621399,1.1299999952316284,1.1399999856948853,1.1399999856948853,720000
2017-09-28,1.149999976158142,1.149999976158142,1.1299999952316284,1.149999976158142,1.149999976158142,702000
2017-09-29,1.1699999570846558,1.190000057220459,1.159999966621399,1.1799999475479126,1.1799999475479126,1452000
2017-10-03,1.1699999570846558,1.2699999809265137,1.1699999570846558,1.2400000095367432,1.2400000095367432,4752000
2017-10-04,1.25,1.2699999809265137,1.2100000381469727,1.2100000381469727,1.2100000381469727,1458000
2017-10-06,1.2200000286102295,1.2300000190734863,1.1799999475479126,1.190000057220459,1.190000057220459,1842000
2017-10-09,1.2000000476837158,1.2000000476837158,1.159999966621399,1.1799999475479126,1.1799999475479126,1622000
2017-10-10,1.190000057220459,1.190000057220459,1.1699999570846558,1.1799999475479126,1.1799999475479126,1374000
2017-10-11,1.1699999570846558,1.1799999475479126,1.159999966621399,1.1699999570846558,1.1699999570846558,502000
2017-10-12,1.159999966621399,1.1699999570846558,1.159999966621399,1.1699999570846558,1.1699999570846558,304000
2017-10-13,1.1699999570846558,1.1799999475479126,1.1699999570846558,1.1799999475479126,1.1799999475479126,284000
2017-10-16,1.2000000476837158,1.2100000381469727,1.1799999475479126,1.190000057220459,1.190000057220459,1060000
2017-10-17,1.1799999475479126,1.190000057220459,1.149999976158142,1.1799999475479126,1.1799999475479126,956000
2017-10-18,1.1699999570846558,1.1699999570846558,1.159999966621399,1.159999966621399,1.159999966621399,624000
2017-10-19,1.159999966621399,1.159999966621399,1.0800000429153442,1.1399999856948853,1.1399999856948853,1644000
2017-10-20,1.1399999856948853,1.159999966621399,1.1399999856948853,1.149999976158142,1.149999976158142,686000
2017-10-23,1.1399999856948853,1.149999976158142,1.100000023841858,1.1399999856948853,1.1399999856948853,1282000
2017-10-24,1.1200000047683716,1.1200000047683716,1.0800000429153442,1.090000033378601,1.090000033378601,3468000
2017-10-25,1.090000033378601,1.090000033378601,1.0700000524520874,1.0800000429153442,1.0800000429153442,606000
2017-10-26,1.0800000429153442,1.0800000429153442,1.0499999523162842,1.059999942779541,1.059999942779541,3442000
2017-10-27,1.059999942779541,1.059999942779541,1.0499999523162842,1.0499999523162842,1.0499999523162842,1522000
2017-10-30,1.0499999523162842,1.059999942779541,1.0499999523162842,1.059999942779541,1.059999942779541,2748000
2017-10-31,1.059999942779541,1.059999942779541,1.0299999713897705,1.0499999523162842,1.0499999523162842,1170000
2017-11-01,1.0499999523162842,1.059999942779541,1.0399999618530273,1.0499999523162842,1.0499999523162842,2464000
2017-11-02,1.0499999523162842,1.0800000429153442,1.0499999523162842,1.059999942779541,1.059999942779541,482000
2017-11-03,1.059999942779541,1.0700000524520874,1.0399999618530273,1.0399999618530273,1.0399999618530273,222000
2017-11-06,1.0399999618530273,1.0499999523162842,1.0299999713897705,1.0499999523162842,1.0499999523162842,572000
2017-11-07,1.0299999713897705,1.0399999618530273,1.0299999713897705,1.0299999713897705,1.0299999713897705,762000
2017-11-08,1.0299999713897705,1.0399999618530273,1.0199999809265137,1.0399999618530273,1.0399999618530273,1088000
2017-11-09,1.0299999713897705,1.0700000524520874,1.0299999713897705,1.059999942779541,1.059999942779541,242000
2017-11-10,1.0499999523162842,1.059999942779541,1.0399999618530273,1.0399999618530273,1.0399999618530273,416000
2017-11-13,1.0399999618530273,1.0399999618530273,1.0199999809265137,1.0399999618530273,1.0399999618530273,796000
2017-11-14,1.0399999618530273,1.0399999618530273,1.0,1.0199999809265137,1.0199999809265137,646000
2017-11-15,1.0199999809265137,1.0199999809265137,1.0099999904632568,1.0199999809265137,1.0199999809265137,708000
2017-11-16,1.0099999904632568,1.0099999904632568,0.9900000095367432,1.0,1.0,1606000
2017-11-17,1.0099999904632568,1.0099999904632568,1.0,1.0,1.0,476000
2017-11-20,1.0,1.0099999904632568,0.9800000190734863,1.0099999904632568,1.0099999904632568,590000
2017-11-21,1.0099999904632568,1.0399999618530273,1.0099999904632568,1.0199999809265137,1.0199999809265137,1618000
2017-11-22,1.0199999809265137,1.0199999809265137,0.9800000190734863,1.0,1.0,1530000
2017-11-23,1.0,1.0,0.9900000095367432,0.9900000095367432,0.9900000095367432,508000
2017-11-24,1.0199999809265137,1.090000033378601,1.0099999904632568,1.0499999523162842,1.0499999523162842,1380000
2017-11-27,1.0499999523162842,1.0499999523162842,1.0399999618530273,1.0499999523162842,1.0499999523162842,218000
2017-11-28,1.0499999523162842,1.0499999523162842,1.0199999809265137,1.0199999809265137,1.0199999809265137,688027
2017-11-29,1.0299999713897705,1.0299999713897705,1.0,1.0099999904632568,1.0099999904632568,590000
2017-11-30,0.9900000095367432,1.0099999904632568,0.9900000095367432,1.0099999904632568,1.0099999904632568,356000
2017-12-01,1.0099999904632568,1.0099999904632568,1.0,1.0,1.0,630000
2017-12-04,1.0,1.0,0.9900000095367432,1.0,1.0,394000
2017-12-05,1.0,1.0099999904632568,0.9800000190734863,0.9800000190734863,0.9800000190734863,1334000
2017-12-06,1.0,1.0,0.9700000286102295,0.9800000190734863,0.9800000190734863,1244000
2017-12-07,0.9700000286102295,0.9700000286102295,0.949999988079071,0.9599999785423279,0.9599999785423279,470000
2017-12-08,0.9700000286102295,1.0,0.9700000286102295,1.0,1.0,98000
2017-12-11,0.9599999785423279,0.9800000190734863,0.9599999785423279,0.9700000286102295,0.9700000286102295,686000
2017-12-12,0.9700000286102295,0.9700000286102295,0.7699999809265137,0.800000011920929,0.800000011920929,11998000
2017-12-13,0.800000011920929,0.9100000262260437,0.800000011920929,0.9100000262260437,0.9100000262260437,3042000
2017-12-14,0.9300000071525574,0.9300000071525574,0.8999999761581421,0.9200000166893005,0.9200000166893005,1574000
2017-12-15,0.8899999856948853,0.9200000166893005,0.8799999952316284,0.8899999856948853,0.8899999856948853,174000
2017-12-18,0.8799999952316284,0.8799999952316284,0.8600000143051147,0.8700000047683716,0.8700000047683716,430000
2017-12-19,0.8600000143051147,0.8600000143051147,0.8600000143051147,0.8600000143051147,0.8600000143051147,6000
2017-12-20,0.8500000238418579,0.8500000238418579,0.8299999833106995,0.8399999737739563,0.8399999737739563,380000
2017-12-21,0.8799999952316284,0.8999999761581421,0.8500000238418579,0.8999999761581421,0.8999999761581421,374814
2017-12-22,0.8799999952316284,0.8799999952316284,0.8500000238418579,0.8600000143051147,0.8600000143051147,276000
2017-12-27,0.8799999952316284,0.949999988079071,0.8600000143051147,0.8899999856948853,0.8899999856948853,1502000
2017-12-28,0.8700000047683716,0.9399999976158142,0.8500000238418579,0.9200000166893005,0.9200000166893005,824000
2017-12-29,0.9399999976158142,0.9399999976158142,0.9100000262260437,0.9300000071525574,0.9300000071525574,520000
2018-01-02,0.8999999761581421,0.8999999761581421,0.8799999952316284,0.8999999761581421,0.8999999761581421,1510000
2018-01-03,0.8999999761581421,0.9200000166893005,0.8799999952316284,0.8899999856948853,0.8899999856948853,660000
2018-01-04,0.8799999952316284,0.9100000262260437,0.8799999952316284,0.9100000262260437,0.9100000262260437,270000
2018-01-05,0.8999999761581421,0.9300000071525574,0.8999999761581421,0.9200000166893005,0.9200000166893005,368000
2018-01-08,0.9300000071525574,0.949999988079071,0.9100000262260437,0.9300000071525574,0.9300000071525574,1358000
2018-01-09,0.9200000166893005,0.949999988079071,0.9200000166893005,0.949999988079071,0.949999988079071,188000
2018-01-10,0.9800000190734863,1.0499999523162842,0.9700000286102295,1.0299999713897705,1.0299999713897705,5466000
2018-01-11,1.0399999618530273,1.0399999618530273,0.9900000095367432,1.0199999809265137,1.0199999809265137,1200000
2018-01-12,0.9800000190734863,1.0199999809265137,0.9800000190734863,1.0099999904632568,1.0099999904632568,882000
2018-01-15,1.0,1.0,0.9700000286102295,0.9800000190734863,0.9800000190734863,1114000
2018-01-16,0.9599999785423279,0.9599999785423279,0.9300000071525574,0.9399999976158142,0.9399999976158142,1172000
2018-01-17,0.9800000190734863,1.0399999618530273,0.9800000190734863,0.9900000095367432,0.9900000095367432,2056000
2018-01-18,0.9599999785423279,1.0,0.9599999785423279,0.9700000286102295,0.9700000286102295,1510000
2018-01-19,0.9700000286102295,1.0,0.9599999785423279,0.9900000095367432,0.9900000095367432,762000
2018-01-22,0.9900000095367432,1.0099999904632568,0.9800000190734863,1.0,1.0,694000
2018-01-23,1.0199999809265137,1.0199999809265137,0.9800000190734863,0.9800000190734863,0.9800000190734863,602000
2018-01-24,1.0099999904632568,1.0099999904632568,0.9599999785423279,0.9700000286102295,0.9700000286102295,1080000
2018-01-25,0.9700000286102295,0.9900000095367432,0.9700000286102295,0.9800000190734863,0.9800000190734863,290000
2018-01-26,0.9900000095367432,1.0099999904632568,0.9700000286102295,0.9800000190734863,0.9800000190734863,2204000
2018-01-29,0.9800000190734863,0.9800000190734863,0.9399999976158142,0.949999988079071,0.949999988079071,1036000
2018-01-30,0.949999988079071,0.949999988079071,0.9200000166893005,0.9399999976158142,0.9399999976158142,708000
2018-01-31,0.949999988079071,0.949999988079071,0.9300000071525574,0.9399999976158142,0.9399999976158142,174000
2018-02-01,0.9399999976158142,0.9399999976158142,0.8999999761581421,0.9200000166893005,0.9200000166893005,704000
2018-02-02,0.8999999761581421,0.9300000071525574,0.8899999856948853,0.8999999761581421,0.8999999761581421,928000
2018-02-05,0.8799999952316284,0.9300000071525574,0.8799999952316284,0.9300000071525574,0.9300000071525574,212000
2018-02-06,0.8899999856948853,0.9100000262260437,0.8600000143051147,0.8999999761581421,0.8999999761581421,794000
2018-02-07,0.8799999952316284,0.8999999761581421,0.8799999952316284,0.8999999761581421,0.8999999761581421,830000
2018-02-08,0.8999999761581421,0.9200000166893005,0.8700000047683716,0.8999999761581421,0.8999999761581421,240000
2018-02-09,0.8600000143051147,0.8999999761581421,0.8500000238418579,0.8500000238418579,0.8500000238418579,702000
2018-02-12,0.8700000047683716,0.8899999856948853,0.8399999737739563,0.8700000047683716,0.8700000047683716,506000
2018-02-13,0.8600000143051147,0.8999999761581421,0.8600000143051147,0.8999999761581421,0.8999999761581421,794000
2018-02-14,0.9100000262260437,0.949999988079071,0.9100000262260437,0.9300000071525574,0.9300000071525574,1232000
2018-02-15,0.9399999976158142,0.9599999785423279,0.9399999976158142,0.9599999785423279,0.9599999785423279,30000
2018-02-20,0.9599999785423279,0.9599999785423279,0.9300000071525574,0.949999988079071,0.949999988079071,332000
2018-02-21,0.9399999976158142,0.9399999976158142,0.9300000071525574,0.9399999976158142,0.9399999976158142,129572
2018-02-22,0.9200000166893005,0.9200000166893005,0.9100000262260437,0.9200000166893005,0.9200000166893005,40000
2018-02-23,0.9399999976158142,0.9399999976158142,0.9300000071525574,0.9399999976158142,0.9399999976158142,132000
2018-02-26,0.9800000190734863,0.9800000190734863,0.9200000166893005,0.9399999976158142,0.9399999976158142,394000
2018-02-27,0.9300000071525574,0.9399999976158142,0.8999999761581421,0.9100000262260437,0.9100000262260437,600000
2018-02-28,0.8999999761581421,0.9100000262260437,0.8799999952316284,0.8899999856948853,0.8899999856948853,654000
2018-03-01,0.8899999856948853,0.9200000166893005,0.8799999952316284,0.8899999856948853,0.8899999856948853,582000
2018-03-02,0.8899999856948853,0.8899999856948853,0.8899999856948853,0.8899999856948853,0.8899999856948853,22000
2018-03-05,0.8799999952316284,0.8799999952316284,0.8700000047683716,0.8700000047683716,0.8700000047683716,288000
2018-03-06,0.8600000143051147,0.9100000262260437,0.8600000143051147,0.8999999761581421,0.8999999761581421,330000
2018-03-07,0.8999999761581421,0.8999999761581421,0.8799999952316284,0.8799999952316284,0.8799999952316284,20000
2018-03-08,0.8999999761581421,0.8999999761581421,0.8899999856948853,0.8899999856948853,0.8899999856948853,210000
2018-03-09,0.8899999856948853,0.8899999856948853,0.8799999952316284,0.8799999952316284,0.8799999952316284,70000
2018-03-12,0.8899999856948853,0.8899999856948853,0.8600000143051147,0.8799999952316284,0.8799999952316284,468000
2018-03-13,0.8600000143051147,0.8799999952316284,0.8600000143051147,0.8799999952316284,0.8799999952316284,589000
2018-03-14,0.8600000143051147,0.8799999952316284,0.8500000238418579,0.8700000047683716,0.8700000047683716,1344000
2018-03-15,0.8700000047683716,0.8999999761581421,0.8500000238418579,0.8899999856948853,0.8899999856948853,2398000
2018-03-16,0.8700000047683716,0.8700000047683716,0.8700000047683716,0.8799999952316284,0.8799999952316284,30000
2018-03-19,0.8899999856948853,0.8799999952316284,0.8500000238418579,0.8500000238418579,0.8500000238418579,504000
2018-03-20,0.8700000047683716,0.8700000047683716,0.8500000238418579,0.8500000238418579,0.8500000238418579,670000
2018-03-21,0.8600000143051147,0.8600000143051147,0.8299999833106995,0.8500000238418579,0.8500000238418579,414000
2018-03-22,0.8399999737739563,0.8399999737739563,0.8399999737739563,0.8399999737739563,0.8399999737739563,30000
2018-03-23,0.8299999833106995,0.8299999833106995,0.7799999713897705,0.7799999713897705,0.7799999713897705,2426000
2018-03-26,0.7799999713897705,0.7799999713897705,0.7599999904632568,0.7699999809265137,0.7699999809265137,1182000
2018-03-27,0.7900000214576721,0.8299999833106995,0.7900000214576721,0.8100000023841858,0.8100000023841858,830000
2018-03-28,0.8399999737739563,0.8899999856948853,0.7099999785423279,0.75,0.75,3946743
2018-03-29,0.800000011920929,0.8299999833106995,0.7599999904632568,0.7799999713897705,0.7799999713897705,2404000
2018-04-03,0.7900000214576721,0.8500000238418579,0.7599999904632568,0.8100000023841858,0.8100000023841858,1836000
2018-04-04,0.800000011920929,0.8500000238418579,0.7699999809265137,0.8199999928474426,0.8199999928474426,3680000
2018-04-06,0.7799999713897705,0.8100000023841858,0.7799999713897705,0.7900000214576721,0.7900000214576721,228000
2018-04-09,0.7799999713897705,0.7900000214576721,0.7400000095367432,0.7799999713897705,0.7799999713897705,1560000
2018-04-10,0.7699999809265137,0.800000011920929,0.7599999904632568,0.7900000214576721,0.7900000214576721,310000
2018-04-11,0.7699999809265137,0.8199999928474426,0.7599999904632568,0.7799999713897705,0.7799999713897705,396000
2018-04-12,0.800000011920929,0.8199999928474426,0.75,0.7599999904632568,0.7599999904632568,1138000
2018-04-13,0.7699999809265137,0.7900000214576721,0.7699999809265137,0.7699999809265137,0.7699999809265137,172000
2018-04-16,0.7699999809265137,0.7699999809265137,0.7300000190734863,0.7599999904632568,0.7599999904632568,722000
2018-04-17,0.7400000095367432,0.75,0.7300000190734863,0.7400000095367432,0.7400000095367432,556000
2018-04-18,0.7400000095367432,0.75,0.7400000095367432,0.7400000095367432,0.7400000095367432,22236000
2018-04-19,0.75,0.75,0.7200000286102295,0.7300000190734863,0.7300000190734863,926000
2018-04-20,0.7200000286102295,0.7200000286102295,0.7099999785423279,0.7200000286102295,0.7200000286102295,158000
2018-04-23,0.7099999785423279,0.7300000190734863,0.7099999785423279,0.7099999785423279,0.7099999785423279,276000
2018-04-24,0.699999988079071,0.7799999713897705,0.699999988079071,0.75,0.75,2736000
2018-04-25,0.7099999785423279,0.7300000190734863,0.7099999785423279,0.7300000190734863,0.7300000190734863,216000
2018-04-26,0.7400000095367432,0.7699999809265137,0.699999988079071,0.7400000095367432,0.7400000095367432,5076000
2018-04-27,0.75,0.7799999713897705,0.7400000095367432,0.7699999809265137,0.7699999809265137,1630000
2018-04-30,0.7400000095367432,0.7900000214576721,0.7200000286102295,0.7200000286102295,0.7200000286102295,3822000
2018-05-02,0.7400000095367432,0.75,0.7300000190734863,0.7400000095367432,0.7400000095367432,140000
2018-05-03,0.7300000190734863,0.75,0.7200000286102295,0.75,0.75,640000
2018-05-04,0.75,0.8299999833106995,0.75,0.8100000023841858,0.8100000023841858,4606000
2018-05-07,0.800000011920929,0.8299999833106995,0.7599999904632568,0.7599999904632568,0.7599999904632568,4526000
2018-05-08,0.7599999904632568,0.7900000214576721,0.75,0.7799999713897705,0.7799999713897705,6972000
2018-05-09,0.7599999904632568,0.800000011920929,0.7599999904632568,0.7699999809265137,0.7699999809265137,2402000
2018-05-10,0.7699999809265137,0.7900000214576721,0.7699999809265137,0.7799999713897705,0.7799999713897705,1324000
2018-05-11,0.7799999713897705,0.7900000214576721,0.7799999713897705,0.7900000214576721,0.7900000214576721,406000
2018-05-14,0.7799999713897705,0.8199999928474426,0.7799999713897705,0.8100000023841858,0.8100000023841858,1526000
2018-05-15,0.8100000023841858,0.8199999928474426,0.7599999904632568,0.7699999809265137,0.7699999809265137,1108000
2018-05-16,0.7599999904632568,0.7599999904632568,0.7200000286102295,0.7400000095367432,0.7400000095367432,2892000
2018-05-17,0.7400000095367432,0.7799999713897705,0.7300000190734863,0.7599999904632568,0.7599999904632568,900000
2018-05-18,0.7599999904632568,0.7799999713897705,0.75,0.7599999904632568,0.7599999904632568,1150000
2018-05-21,0.7900000214576721,0.800000011920929,0.7699999809265137,0.800000011920929,0.800000011920929,1866000
2018-05-23,0.800000011920929,1.0800000429153442,0.800000011920929,1.0299999713897705,1.0299999713897705,47458000
2018-05-24,1.0499999523162842,1.0800000429153442,0.9100000262260437,0.9399999976158142,0.9399999976158142,29078000
2018-05-25,0.9399999976158142,1.149999976158142,0.9399999976158142,1.100000023841858,1.100000023841858,34734000
2018-05-28,1.100000023841858,1.1399999856948853,0.9900000095367432,1.0,1.0,11932000
2018-05-29,1.0099999904632568,1.0499999523162842,0.9599999785423279,1.0199999809265137,1.0199999809265137,8718000
2018-05-30,1.0199999809265137,1.0499999523162842,0.9900000095367432,1.0199999809265137,1.0199999809265137,10066000
2018-05-31,1.0399999618530273,1.0399999618530273,0.9900000095367432,1.0,1.0,2018000
2018-06-01,0.9900000095367432,1.0,0.9599999785423279,0.9599999785423279,0.9599999785423279,1760000
2018-06-04,0.9700000286102295,1.0499999523162842,0.9599999785423279,0.9700000286102295,0.9700000286102295,14950000
2018-06-05,0.9800000190734863,1.0,0.949999988079071,0.9900000095367432,0.9900000095367432,5758000
2018-06-06,1.0099999904632568,1.1100000143051147,1.0,1.0399999618530273,1.0399999618530273,33104000
2018-06-07,1.059999942779541,1.059999942779541,0.949999988079071,1.0199999809265137,1.0199999809265137,18166000
2018-06-08,1.0199999809265137,1.0499999523162842,0.9900000095367432,1.0199999809265137,1.0199999809265137,3723000
2018-06-11,1.0,1.0199999809265137,0.9800000190734863,0.9800000190734863,0.9800000190734863,1770000
2018-06-12,0.9900000095367432,1.0499999523162842,0.9800000190734863,1.0099999904632568,1.0099999904632568,4270000
2018-06-13,1.0099999904632568,1.0299999713897705,0.9900000095367432,1.0,1.0,1830000
2018-06-14,1.0099999904632568,1.0299999713897705,0.9800000190734863,1.0,1.0,5562000
2018-06-15,1.0,1.0099999904632568,0.9800000190734863,0.9900000095367432,0.9900000095367432,880000
2018-06-19,1.0,1.059999942779541,0.949999988079071,0.9900000095367432,0.9900000095367432,9498000
2018-06-20,1.0,1.0199999809265137,0.9800000190734863,0.9900000095367432,0.9900000095367432,3332000
2018-06-21,0.9800000190734863,1.0199999809265137,0.9700000286102295,0.9900000095367432,0.9900000095367432,7477000
2018-06-22,0.9800000190734863,1.0700000524520874,0.9200000166893005,1.0099999904632568,1.0099999904632568,21220000
2018-06-25,1.0,1.0199999809265137,0.9800000190734863,0.9900000095367432,0.9900000095367432,2616000
2018-06-26,0.9700000286102295,1.0,0.949999988079071,0.9800000190734863,0.9800000190734863,1966000
2018-06-27,0.9900000095367432,1.0,0.949999988079071,0.949999988079071,0.949999988079071,1656000
2018-06-28,0.9700000286102295,0.9900000095367432,0.949999988079071,0.9599999785423279,0.9599999785423279,3574000
2018-06-29,0.9599999785423279,0.9800000190734863,0.949999988079071,0.9700000286102295,0.9700000286102295,3826000
2018-07-03,0.949999988079071,0.9700000286102295,0.9200000166893005,0.9200000166893005,0.9200000166893005,1724000
2018-07-04,0.9300000071525574,0.9800000190734863,0.9300000071525574,0.949999988079071,0.949999988079071,3004000
2018-07-05,0.9300000071525574,0.9399999976158142,0.8199999928474426,0.8399999737739563,0.8399999737739563,6742000
2018-07-06,0.8399999737739563,0.8799999952316284,0.8399999737739563,0.8500000238418579,0.8500000238418579,1766000
2018-07-09,0.8500000238418579,0.8999999761581421,0.8399999737739563,0.8600000143051147,0.8600000143051147,3102000
2018-07-10,0.8799999952316284,0.8799999952316284,0.8399999737739563,0.8600000143051147,0.8600000143051147,764000
2018-07-11,0.8600000143051147,0.8600000143051147,0.8199999928474426,0.8299999833106995,0.8299999833106995,266000
2018-07-12,0.8299999833106995,0.9300000071525574,0.800000011920929,0.8999999761581421,0.8999999761581421,18122000
2018-07-13,0.8999999761581421,0.9200000166893005,0.8600000143051147,0.8700000047683716,0.8700000047683716,1440000
2018-07-16,0.8700000047683716,0.9200000166893005,0.8600000143051147,0.8999999761581421,0.8999999761581421,1516000
2018-07-17,0.8999999761581421,0.9200000166893005,0.8899999856948853,0.8999999761581421,0.8999999761581421,1740000
2018-07-18,0.8899999856948853,0.9200000166893005,0.8799999952316284,0.8999999761581421,0.8999999761581421,608000
2018-07-19,0.8899999856948853,0.9200000166893005,0.800000011920929,0.8299999833106995,0.8299999833106995,7424000
2018-07-20,0.8199999928474426,1.0199999809265137,0.800000011920929,0.8899999856948853,0.8899999856948853,19196000
2018-07-23,0.9200000166893005,0.9200000166893005,0.8899999856948853,0.8899999856948853,0.8899999856948853,2082000
2018-07-24,0.8999999761581421,0.9599999785423279,0.8999999761581421,0.949999988079071,0.949999988079071,4440000
2018-07-25,0.949999988079071,0.9800000190734863,0.9300000071525574,0.9399999976158142,0.9399999976158142,2440000
2018-07-26,0.949999988079071,0.9700000286102295,0.9300000071525574,0.949999988079071,0.949999988079071,2012000
2018-07-27,0.9599999785423279,0.9599999785423279,0.9300000071525574,0.9399999976158142,0.9399999976158142,1178000
2018-07-30,0.9599999785423279,0.9599999785423279,0.9200000166893005,0.9399999976158142,0.9399999976158142,1930000
2018-07-31,0.9200000166893005,0.949999988079071,0.8999999761581421,0.9300000071525574,0.9300000071525574,1206000
2018-08-01,0.949999988079071,0.949999988079071,0.8999999761581421,0.8999999761581421,0.8999999761581421,1186000
2018-08-02,0.9200000166893005,0.949999988079071,0.8999999761581421,0.9200000166893005,0.9200000166893005,642000
2018-08-03,0.9100000262260437,0.9300000071525574,0.9100000262260437,0.9200000166893005,0.9200000166893005,284000
2018-08-06,0.9200000166893005,0.949999988079071,0.8999999761581421,0.9100000262260437,0.9100000262260437,1750000
2018-08-07,0.9100000262260437,0.9200000166893005,0.8999999761581421,0.9200000166893005,0.9200000166893005,190000
2018-08-08,0.9200000166893005,0.9200000166893005,0.8999999761581421,0.9100000262260437,0.9100000262260437,648000
2018-08-09,0.8999999761581421,0.9200000166893005,0.8799999952316284,0.8999999761581421,0.8999999761581421,1814000
2018-08-10,0.8999999761581421,0.8999999761581421,0.8600000143051147,0.8700000047683716,0.8700000047683716,998000
2018-08-13,0.8700000047683716,0.8799999952316284,0.8399999737739563,0.8600000143051147,0.8600000143051147,3462000
2018-08-14,0.8600000143051147,0.8999999761581421,0.7900000214576721,0.800000011920929,0.800000011920929,6788000
2018-08-15,0.8100000023841858,0.8299999833106995,0.7900000214576721,0.800000011920929,0.800000011920929,1250000
2018-08-16,0.800000011920929,0.8100000023841858,0.7900000214576721,0.800000011920929,0.800000011920929,896000
2018-08-17,0.8199999928474426,0.8299999833106995,0.7900000214576721,0.800000011920929,0.800000011920929,2056000
2018-08-20,0.800000011920929,0.8199999928474426,0.7900000214576721,0.800000011920929,0.800000011920929,1088000
2018-08-21,0.800000011920929,0.8100000023841858,0.7799999713897705,0.7900000214576721,0.7900000214576721,1552000
2018-08-22,0.800000011920929,0.800000011920929,0.7699999809265137,0.7799999713897705,0.7799999713897705,1414000
2018-08-23,0.7799999713897705,0.7799999713897705,0.75,0.7599999904632568,0.7599999904632568,1742000
2018-08-24,0.7599999904632568,0.800000011920929,0.7599999904632568,0.7900000214576721,0.7900000214576721,568000
2018-08-27,0.7699999809265137,0.7699999809265137,0.699999988079071,0.7400000095367432,0.7400000095367432,2120000
2018-08-28,0.7400000095367432,0.7400000095367432,0.7200000286102295,0.7200000286102295,0.7200000286102295,524000
2018-08-29,0.7200000286102295,0.7200000286102295,0.6899999976158142,0.699999988079071,0.699999988079071,2522000
2018-08-30,0.6899999976158142,0.699999988079071,0.6899999976158142,0.6899999976158142,0.6899999976158142,118000
2018-08-31,0.6800000071525574,0.6800000071525574,0.6600000262260437,0.6800000071525574,0.6800000071525574,440000
2018-09-03,0.6800000071525574,0.6800000071525574,0.6600000262260437,0.6600000262260437,0.6600000262260437,608000
2018-09-04,0.6899999976158142,0.6899999976158142,0.6600000262260437,0.6899999976158142,0.6899999976158142,60000
2018-09-05,0.6899999976158142,0.6899999976158142,0.6299999952316284,0.6399999856948853,0.6399999856948853,928000
2018-09-06,0.6499999761581421,0.6499999761581421,0.5699999928474426,0.5899999737739563,0.5899999737739563,2380000
2018-09-07,0.5899999737739563,0.6700000166893005,0.5899999737739563,0.6000000238418579,0.6000000238418579,830000
2018-09-10,0.5799999833106995,0.5899999737739563,0.5799999833106995,0.5899999737739563,0.5899999737739563,494000
2018-09-11,0.6000000238418579,0.6800000071525574,0.5699999928474426,0.5899999737739563,0.5899999737739563,818000
2018-09-12,0.5899999737739563,0.6399999856948853,0.5799999833106995,0.6299999952316284,0.6299999952316284,1004000
2018-09-13,0.6299999952316284,0.6899999976158142,0.6299999952316284,0.6800000071525574,0.6800000071525574,1444000
2018-09-14,0.6800000071525574,0.6899999976158142,0.6700000166893005,0.6899999976158142,0.6899999976158142,556000
2018-09-17,0.6899999976158142,0.7799999713897705,0.6899999976158142,0.699999988079071,0.699999988079071,4074000
2018-09-18,0.699999988079071,0.75,0.6899999976158142,0.75,0.75,1846000
2018-09-19,0.7200000286102295,0.7799999713897705,0.7200000286102295,0.7799999713897705,0.7799999713897705,1040000
2018-09-20,0.7799999713897705,0.8199999928474426,0.7300000190734863,0.8100000023841858,0.8100000023841858,4486000
2018-09-21,0.8100000023841858,0.8500000238418579,0.7900000214576721,0.8100000023841858,0.8100000023841858,442000
2018-09-24,0.800000011920929,0.8199999928474426,0.7599999904632568,0.8100000023841858,0.8100000023841858,1859000
2018-09-26,0.7799999713897705,0.7799999713897705,0.7799999713897705,0.7799999713897705,0.7799999713897705,0
2018-09-27,0.7799999713897705,0.800000011920929,0.75,0.7900000214576721,0.7900000214576721,792000
2018-09-28,0.7900000214576721,0.8399999737739563,0.7599999904632568,0.800000011920929,0.800000011920929,1482000
2018-10-02,0.800000011920929,0.8299999833106995,0.7599999904632568,0.7699999809265137,0.7699999809265137,564000
2018-10-03,0.7799999713897705,0.8299999833106995,0.7799999713897705,0.7799999713897705,0.7799999713897705,836000
2018-10-04,0.7799999713897705,0.8100000023841858,0.7599999904632568,0.7699999809265137,0.7699999809265137,774000
2018-10-05,0.800000011920929,0.800000011920929,0.7400000095367432,0.800000011920929,0.800000011920929,4048000
2018-10-08,0.8100000023841858,0.8100000023841858,0.7699999809265137,0.800000011920929,0.800000011920929,400000
2018-10-09,0.800000011920929,0.8100000023841858,0.75,0.7699999809265137,0.7699999809265137,1952000
2018-10-10,0.7699999809265137,0.7799999713897705,0.75,0.7799999713897705,0.7799999713897705,1334000
2018-10-11,0.7400000095367432,0.7699999809265137,0.6899999976158142,0.7599999904632568,0.7599999904632568,1837000
2018-10-12,0.7599999904632568,0.7900000214576721,0.75,0.7699999809265137,0.7699999809265137,458000
2018-10-15,0.7900000214576721,0.7900000214576721,0.7400000095367432,0.7799999713897705,0.7799999713897705,1814000
2018-10-16,0.75,0.7699999809265137,0.75,0.7599999904632568,0.7599999904632568,108000
2018-10-18,0.7799999713897705,0.7799999713897705,0.7799999713897705,0.7799999713897705,0.7799999713897705,0
2018-10-19,0.7799999713897705,0.7900000214576721,0.699999988079071,0.7599999904632568,0.7599999904632568,954000
2018-10-22,0.7799999713897705,0.800000011920929,0.7599999904632568,0.7900000214576721,0.7900000214576721,626000
2018-10-23,0.7799999713897705,0.7799999713897705,0.7799999713897705,0.7799999713897705,0.7799999713897705,0
2018-10-24,0.7599999904632568,0.7900000214576721,0.7599999904632568,0.7599999904632568,0.7599999904632568,78000
2018-10-25,0.7799999713897705,0.7900000214576721,0.7300000190734863,0.7599999904632568,0.7599999904632568,666000
2018-10-26,0.7900000214576721,0.7900000214576721,0.7200000286102295,0.7699999809265137,0.7699999809265137,1320000
2018-10-29,0.7699999809265137,0.7699999809265137,0.7699999809265137,0.7699999809265137,0.7699999809265137,0
2018-10-30,0.7599999904632568,0.7599999904632568,0.7599999904632568,0.7599999904632568,0.7599999904632568,0
2018-10-31,0.7599999904632568,0.7699999809265137,0.7300000190734863,0.7400000095367432,0.7400000095367432,534000
2018-11-01,0.75,0.75,0.75,0.75,0.75,0
2018-11-02,0.75,0.7599999904632568,0.7400000095367432,0.75,0.75,240000
2018-11-05,0.75,0.7599999904632568,0.7300000190734863,0.75,0.75,52000
2018-11-06,0.7599999904632568,0.7799999713897705,0.75,0.75,0.75,128000
2018-11-07,0.7699999809265137,0.7699999809265137,0.7300000190734863,0.75,0.75,776000
2018-11-08,0.7699999809265137,0.7699999809265137,0.7200000286102295,0.7300000190734863,0.7300000190734863,2516000
2018-11-09,0.7300000190734863,0.75,0.7300000190734863,0.7400000095367432,0.7400000095367432,588000
2018-11-12,0.7400000095367432,0.7599999904632568,0.7400000095367432,0.7400000095367432,0.7400000095367432,354000
2018-11-13,0.7300000190734863,0.7400000095367432,0.7300000190734863,0.7400000095367432,0.7400000095367432,124000
2018-11-14,0.75,0.7599999904632568,0.6899999976158142,0.7200000286102295,0.7200000286102295,2814000
2018-11-15,0.7300000190734863,0.7300000190734863,0.699999988079071,0.7200000286102295,0.7200000286102295,1366000
2018-11-16,0.699999988079071,0.7099999785423279,0.6600000262260437,0.699999988079071,0.699999988079071,876000
2018-11-19,0.6899999976158142,0.7099999785423279,0.6899999976158142,0.699999988079071,0.699999988079071,300000
2018-11-20,0.6899999976158142,0.7200000286102295,0.6700000166893005,0.6800000071525574,0.6800000071525574,516000
2018-11-21,0.6600000262260437,0.6700000166893005,0.6600000262260437,0.6700000166893005,0.6700000166893005,56000
2018-11-22,0.6600000262260437,0.6600000262260437,0.6499999761581421,0.6600000262260437,0.6600000262260437,582000
2018-11-23,0.6399999856948853,0.6499999761581421,0.6200000047683716,0.6399999856948853,0.6399999856948853,496000
2018-11-26,0.6399999856948853,0.6899999976158142,0.6200000047683716,0.6600000262260437,0.6600000262260437,1802000
2018-11-27,0.699999988079071,0.7200000286102295,0.6499999761581421,0.6800000071525574,0.6800000071525574,1954000
2018-11-28,0.6800000071525574,0.7300000190734863,0.6600000262260437,0.6700000166893005,0.6700000166893005,4712000
2018-11-29,0.6899999976158142,0.699999988079071,0.6700000166893005,0.6700000166893005,0.6700000166893005,402000
2018-11-30,0.6700000166893005,0.6899999976158142,0.6600000262260437,0.6600000262260437,0.6600000262260437,186000
2018-12-03,0.6600000262260437,0.6899999976158142,0.6600000262260437,0.6600000262260437,0.6600000262260437,512000
2018-12-04,0.6600000262260437,0.6600000262260437,0.6600000262260437,0.6600000262260437,0.6600000262260437,50000
2018-12-05,0.6499999761581421,0.6499999761581421,0.6499999761581421,0.6499999761581421,0.6499999761581421,398000
2018-12-06,0.6499999761581421,0.6499999761581421,0.6499999761581421,0.6499999761581421,0.6499999761581421,222000
2018-12-07,0.6399999856948853,0.6899999976158142,0.6299999952316284,0.6800000071525574,0.6800000071525574,726000
2018-12-10,0.6800000071525574,0.699999988079071,0.6100000143051147,0.6899999976158142,0.6899999976158142,1414000
2018-12-11,0.6800000071525574,0.7099999785423279,0.6700000166893005,0.699999988079071,0.699999988079071,1855000
2018-12-12,0.699999988079071,0.7300000190734863,0.6700000166893005,0.6700000166893005,0.6700000166893005,710000
2018-12-13,0.6800000071525574,0.7300000190734863,0.6700000166893005,0.6800000071525574,0.6800000071525574,2432000
2018-12-14,0.6899999976158142,0.699999988079071,0.6700000166893005,0.6700000166893005,0.6700000166893005,508000
2018-12-17,0.6800000071525574,0.7099999785423279,0.6700000166893005,0.7099999785423279,0.7099999785423279,1740000
2018-12-18,0.7300000190734863,0.7300000190734863,0.6899999976158142,0.7099999785423279,0.7099999785423279,1242000
2018-12-19,0.7200000286102295,0.7200000286102295,0.699999988079071,0.7200000286102295,0.7200000286102295,176000
2018-12-20,0.7200000286102295,0.7300000190734863,0.6800000071525574,0.6899999976158142,0.6899999976158142,1322000
2018-12-21,0.6700000166893005,0.6899999976158142,0.6700000166893005,0.6899999976158142,0.6899999976158142,818000
2018-12-24,0.6800000071525574,0.6899999976158142,0.6800000071525574,0.6800000071525574,0.6800000071525574,296000
2018-12-27,0.6800000071525574,0.6899999976158142,0.6700000166893005,0.6800000071525574,0.6800000071525574,204000
2018-12-28,0.699999988079071,0.699999988079071,0.6499999761581421,0.6899999976158142,0.6899999976158142,296000
2018-12-31,0.6700000166893005,0.6800000071525574,0.6700000166893005,0.6800000071525574,0.6800000071525574,170000
2019-01-02,0.6700000166893005,0.699999988079071,0.6600000262260437,0.6899999976158142,0.6899999976158142,696000
2019-01-03,0.6800000071525574,0.6899999976158142,0.6600000262260437,0.6800000071525574,0.6800000071525574,800000
2019-01-04,0.6600000262260437,0.6800000071525574,0.6200000047683716,0.6800000071525574,0.6800000071525574,1318000
2019-01-07,0.6899999976158142,0.6899999976158142,0.6600000262260437,0.6899999976158142,0.6899999976158142,132000
2019-01-08,0.6600000262260437,0.6800000071525574,0.6600000262260437,0.6800000071525574,0.6800000071525574,70000
2019-01-09,0.6600000262260437,0.6899999976158142,0.6600000262260437,0.6800000071525574,0.6800000071525574,180000
2019-01-10,0.6700000166893005,0.6800000071525574,0.6700000166893005,0.6800000071525574,0.6800000071525574,30000
2019-01-11,0.6800000071525574,0.6800000071525574,0.6800000071525574,0.6800000071525574,0.6800000071525574,250000
2019-01-14,0.6899999976158142,0.6899999976158142,0.5600000023841858,0.6000000238418579,0.6000000238418579,8447500
2019-01-15,0.5699999928474426,0.6700000166893005,0.5600000023841858,0.6100000143051147,0.6100000143051147,1310000
2019-01-16,0.6000000238418579,0.6100000143051147,0.5899999737739563,0.6000000238418579,0.6000000238418579,164000
2019-01-17,0.5899999737739563,0.6600000262260437,0.5899999737739563,0.6600000262260437,0.6600000262260437,2266000
2019-01-18,0.6600000262260437,0.6800000071525574,0.6100000143051147,0.6299999952316284,0.6299999952316284,3514500
2019-01-21,0.6299999952316284,0.7400000095367432,0.6200000047683716,0.7300000190734863,0.7300000190734863,3942000
2019-01-22,0.7300000190734863,0.7300000190734863,0.6800000071525574,0.6899999976158142,0.6899999976158142,1382000
2019-01-23,0.6899999976158142,0.699999988079071,0.6700000166893005,0.6700000166893005,0.6700000166893005,564000
2019-01-24,0.6600000262260437,0.6700000166893005,0.6399999856948853,0.6499999761581421,0.6499999761581421,1050000
2019-01-25,0.6499999761581421,0.6600000262260437,0.6399999856948853,0.6399999856948853,0.6399999856948853,438020
2019-01-28,0.6299999952316284,0.6399999856948853,0.6100000143051147,0.6299999952316284,0.6299999952316284,924000
2019-01-29,0.6200000047683716,0.6299999952316284,0.6200000047683716,0.6200000047683716,0.6200000047683716,524000
2019-01-30,0.6200000047683716,0.6399999856948853,0.6100000143051147,0.6299999952316284,0.6299999952316284,942000
2019-01-31,0.6399999856948853,0.6399999856948853,0.6100000143051147,0.6200000047683716,0.6200000047683716,70000
2019-02-01,0.6200000047683716,0.6200000047683716,0.6100000143051147,0.6200000047683716,0.6200000047683716,340000
2019-02-04,0.6100000143051147,0.6200000047683716,0.6100000143051147,0.6200000047683716,0.6200000047683716,40000
2019-02-08,0.6200000047683716,0.6399999856948853,0.6200000047683716,0.6399999856948853,0.6399999856948853,220000
2019-02-11,0.6200000047683716,0.6399999856948853,0.6200000047683716,0.6200000047683716,0.6200000047683716,110000
2019-02-12,0.6200000047683716,0.6399999856948853,0.6200000047683716,0.6299999952316284,0.6299999952316284,1004000
2019-02-13,0.6299999952316284,0.6399999856948853,0.6200000047683716,0.6299999952316284,0.6299999952316284,1920000
2019-02-14,0.6399999856948853,0.6399999856948853,0.6200000047683716,0.6200000047683716,0.6200000047683716,320000
2019-02-15,0.6200000047683716,0.6299999952316284,0.6200000047683716,0.6299999952316284,0.6299999952316284,426000
2019-02-18,0.6299999952316284,0.6299999952316284,0.6200000047683716,0.6299999952316284,0.6299999952316284,376000
2019-02-19,0.6200000047683716,0.6299999952316284,0.6100000143051147,0.6200000047683716,0.6200000047683716,578000
2019-02-20,0.6100000143051147,0.6299999952316284,0.6000000238418579,0.6200000047683716,0.6200000047683716,680000
2019-02-21,0.6100000143051147,0.6299999952316284,0.6000000238418579,0.6200000047683716,0.6200000047683716,1954000
2019-02-22,0.6100000143051147,0.6200000047683716,0.6000000238418579,0.6200000047683716,0.6200000047683716,2658000
2019-02-25,0.6299999952316284,0.7200000286102295,0.6299999952316284,0.6899999976158142,0.6899999976158142,9198000
2019-02-26,0.6899999976158142,0.6899999976158142,0.6800000071525574,0.6800000071525574,0.6800000071525574,794000
2019-02-27,0.6800000071525574,0.6899999976158142,0.6600000262260437,0.6800000071525574,0.6800000071525574,1278000
2019-02-28,0.6800000071525574,0.6899999976158142,0.6700000166893005,0.6800000071525574,0.6800000071525574,1204000
2019-03-01,0.6800000071525574,0.6800000071525574,0.6600000262260437,0.6700000166893005,0.6700000166893005,540000
2019-03-04,0.6700000166893005,0.6899999976158142,0.6700000166893005,0.6800000071525574,0.6800000071525574,778000
2019-03-05,0.6800000071525574,0.6899999976158142,0.6600000262260437,0.6800000071525574,0.6800000071525574,456000
2019-03-06,0.6700000166893005,0.6800000071525574,0.6700000166893005,0.6800000071525574,0.6800000071525574,478000
2019-03-07,0.6600000262260437,0.6800000071525574,0.6600000262260437,0.6600000262260437,0.6600000262260437,136000
2019-03-08,0.6499999761581421,0.6800000071525574,0.6499999761581421,0.6600000262260437,0.6600000262260437,424000
2019-03-11,0.6600000262260437,0.7400000095367432,0.6600000262260437,0.7400000095367432,0.7400000095367432,5680000
2019-03-12,0.75,0.7599999904632568,0.7200000286102295,0.7200000286102295,0.7200000286102295,3070000
2019-03-13,0.7200000286102295,0.7400000095367432,0.7200000286102295,0.7200000286102295,0.7200000286102295,1190000
2019-03-14,0.7099999785423279,0.7300000190734863,0.699999988079071,0.699999988079071,0.699999988079071,776000
2019-03-15,0.7099999785423279,0.7099999785423279,0.6700000166893005,0.6800000071525574,0.6800000071525574,758000
2019-03-18,0.6899999976158142,0.699999988079071,0.6600000262260437,0.6600000262260437,0.6600000262260437,594000
2019-03-19,0.6600000262260437,0.6700000166893005,0.6399999856948853,0.6600000262260437,0.6600000262260437,988000
2019-03-20,0.6600000262260437,0.6600000262260437,0.6399999856948853,0.6399999856948853,0.6399999856948853,354000
2019-03-21,0.6600000262260437,0.6499999761581421,0.6100000143051147,0.6200000047683716,0.6200000047683716,2532000
2019-03-22,0.6100000143051147,0.6299999952316284,0.6100000143051147,0.6200000047683716,0.6200000047683716,518000
2019-03-25,0.6000000238418579,0.6299999952316284,0.5799999833106995,0.6200000047683716,0.6200000047683716,644000
2019-03-26,0.6600000262260437,0.6600000262260437,0.6000000238418579,0.6100000143051147,0.6100000143051147,1468000
2019-03-27,0.6100000143051147,0.6499999761581421,0.6100000143051147,0.6299999952316284,0.6299999952316284,600000
2019-03-28,0.6200000047683716,0.6399999856948853,0.6200000047683716,0.6399999856948853,0.6399999856948853,306000
2019-03-29,0.6200000047683716,0.6399999856948853,0.6200000047683716,0.6399999856948853,0.6399999856948853,98000
2019-04-01,0.6200000047683716,0.6299999952316284,0.6200000047683716,0.6299999952316284,0.6299999952316284,552000
2019-04-02,0.6200000047683716,0.6299999952316284,0.6200000047683716,0.6299999952316284,0.6299999952316284,440000
2019-04-03,0.6200000047683716,0.6299999952316284,0.6000000238418579,0.6100000143051147,0.6100000143051147,2120000
2019-04-04,0.6100000143051147,0.6200000047683716,0.6100000143051147,0.6200000047683716,0.6200000047683716,438000
2019-04-08,0.6200000047683716,0.6299999952316284,0.6000000238418579,0.6299999952316284,0.6299999952316284,1190000
2019-04-09,0.6299999952316284,0.6399999856948853,0.6000000238418579,0.6299999952316284,0.6299999952316284,3452000
2019-04-10,0.6200000047683716,0.6299999952316284,0.6000000238418579,0.6200000047683716,0.6200000047683716,3152000
2019-04-11,0.6299999952316284,0.6299999952316284,0.6000000238418579,0.6000000238418579,0.6000000238418579,456000
2019-04-12,0.6000000238418579,0.6000000238418579,0.5899999737739563,0.6000000238418579,0.6000000238418579,540000
2019-04-15,0.6100000143051147,0.6299999952316284,0.5699999928474426,0.5799999833106995,0.5799999833106995,4996000
2019-04-16,0.5799999833106995,0.5799999833106995,0.550000011920929,0.5699999928474426,0.5699999928474426,2116000
2019-04-17,0.5699999928474426,0.6000000238418579,0.550000011920929,0.5600000023841858,0.5600000023841858,3188000
2019-04-18,0.5600000023841858,0.5699999928474426,0.550000011920929,0.5600000023841858,0.5600000023841858,1206000
2019-04-23,0.5600000023841858,0.5699999928474426,0.5400000214576721,0.550000011920929,0.550000011920929,3786000
2019-04-24,0.550000011920929,0.550000011920929,0.5400000214576721,0.5400000214576721,0.5400000214576721,1666000
2019-04-25,0.5400000214576721,0.5699999928474426,0.5400000214576721,0.550000011920929,0.550000011920929,3448000
2019-04-26,0.550000011920929,0.550000011920929,0.5299999713897705,0.5299999713897705,0.5299999713897705,532000
2019-04-29,0.5299999713897705,0.550000011920929,0.5199999809265137,0.5400000214576721,0.5400000214576721,1604000
2019-04-30,0.5299999713897705,0.5400000214576721,0.5299999713897705,0.5400000214576721,0.5400000214576721,532000
2019-05-02,0.5299999713897705,0.5299999713897705,0.5299999713897705,0.5299999713897705,0.5299999713897705,406000
2019-05-03,0.5299999713897705,0.5400000214576721,0.5199999809265137,0.5299999713897705,0.5299999713897705,606000
2019-05-06,0.5199999809265137,0.5199999809265137,0.4650000035762787,0.5199999809265137,0.5199999809265137,2578000
2019-05-07,0.5199999809265137,0.5299999713897705,0.4950000047683716,0.5199999809265137,0.5199999809265137,1746000
2019-05-08,0.5099999904632568,0.5099999904632568,0.5,0.5,0.5,410000
2019-05-09,0.5,0.5199999809265137,0.4699999988079071,0.5099999904632568,0.5099999904632568,1788000
2019-05-10,0.5199999809265137,0.5299999713897705,0.5,0.5099999904632568,0.5099999904632568,136000
2019-05-14,0.5,0.5099999904632568,0.4749999940395355,0.49000000953674316,0.49000000953674316,1922000
2019-05-15,0.49000000953674316,0.5199999809265137,0.47999998927116394,0.5199999809265137,0.5199999809265137,1340000
2019-05-16,0.5199999809265137,0.5199999809265137,0.4950000047683716,0.5199999809265137,0.5199999809265137,488000
2019-05-17,0.5,0.5099999904632568,0.48500001430511475,0.5099999904632568,0.5099999904632568,534000
2019-05-20,0.5,0.5099999904632568,0.4950000047683716,0.5099999904632568,0.5099999904632568,946000
2019-05-21,0.5,0.5299999713897705,0.4950000047683716,0.5199999809265137,0.5199999809265137,896000
2019-05-22,0.5099999904632568,0.5299999713897705,0.5099999904632568,0.5299999713897705,0.5299999713897705,724000
2019-05-23,0.5099999904632568,0.5299999713897705,0.49000000953674316,0.5299999713897705,0.5299999713897705,1420000
2019-05-24,0.5299999713897705,0.5400000214576721,0.5199999809265137,0.5199999809265137,0.5199999809265137,970000
2019-05-27,0.5099999904632568,0.5400000214576721,0.5099999904632568,0.5299999713897705,0.5299999713897705,1794000
2019-05-28,0.5400000214576721,0.5400000214576721,0.5299999713897705,0.5400000214576721,0.5400000214576721,468000
2019-05-29,0.5299999713897705,0.5400000214576721,0.5299999713897705,0.5400000214576721,0.5400000214576721,926000
2019-05-30,0.5400000214576721,0.5400000214576721,0.5099999904632568,0.5400000214576721,0.5400000214576721,1968000
2019-05-31,0.5400000214576721,0.5799999833106995,0.5199999809265137,0.5699999928474426,0.5699999928474426,686000
2019-06-03,0.5600000023841858,0.5699999928474426,0.5400000214576721,0.5699999928474426,0.5699999928474426,252000
2019-06-04,0.5699999928474426,0.5899999737739563,0.5400000214576721,0.5600000023841858,0.5600000023841858,1704000
2019-06-05,0.5699999928474426,0.5699999928474426,0.550000011920929,0.5600000023841858,0.5600000023841858,92000
2019-06-06,0.5600000023841858,0.5899999737739563,0.5600000023841858,0.5799999833106995,0.5799999833106995,1318000
2019-06-10,0.5899999737739563,0.5899999737739563,0.5699999928474426,0.5799999833106995,0.5799999833106995,574000
2019-06-11,0.5799999833106995,0.5899999737739563,0.5699999928474426,0.5899999737739563,0.5899999737739563,914000
2019-06-12,0.6000000238418579,0.6000000238418579,0.5699999928474426,0.6000000238418579,0.6000000238418579,3000000
2019-06-13,0.5799999833106995,0.6000000238418579,0.5799999833106995,0.6000000238418579,0.6000000238418579,840000
2019-06-14,0.5899999737739563,0.6000000238418579,0.5799999833106995,0.5799999833106995,0.5799999833106995,1328000
2019-06-17,0.5799999833106995,0.5899999737739563,0.5799999833106995,0.5899999737739563,0.5899999737739563,32000
2019-06-18,0.5799999833106995,0.6000000238418579,0.5799999833106995,0.6000000238418579,0.6000000238418579,740000
2019-06-19,0.5899999737739563,0.6000000238418579,0.5899999737739563,0.5899999737739563,0.5899999737739563,710000
2019-06-20,0.5899999737739563,0.6100000143051147,0.5899999737739563,0.6000000238418579,0.6000000238418579,2402000
2019-06-21,0.6100000143051147,0.6100000143051147,0.6000000238418579,0.6100000143051147,0.6100000143051147,1070000
2019-06-24,0.6000000238418579,0.6399999856948853,0.5899999737739563,0.6000000238418579,0.6000000238418579,3198000
2019-06-25,0.6200000047683716,0.6200000047683716,0.5799999833106995,0.6200000047683716,0.6200000047683716,1278000
2019-06-26,0.6200000047683716,0.6299999952316284,0.6000000238418579,0.6299999952316284,0.6299999952316284,578000
2019-06-27,0.6299999952316284,0.6299999952316284,0.6200000047683716,0.6299999952316284,0.6299999952316284,118000
2019-06-28,0.6299999952316284,0.6299999952316284,0.6000000238418579,0.6299999952316284,0.6299999952316284,596000
2019-07-02,0.6100000143051147,0.6200000047683716,0.6000000238418579,0.6200000047683716,0.6200000047683716,1470000
2019-07-03,0.6000000238418579,0.6299999952316284,0.6000000238418579,0.6299999952316284,0.6299999952316284,784000
2019-07-04,0.6000000238418579,0.6100000143051147,0.5799999833106995,0.6100000143051147,0.6100000143051147,1024000
2019-07-05,0.6000000238418579,0.6200000047683716,0.6000000238418579,0.6100000143051147,0.6100000143051147,300000
2019-07-08,0.6000000238418579,0.6000000238418579,0.5799999833106995,0.5899999737739563,0.5899999737739563,766000
2019-07-09,0.5899999737739563,0.6000000238418579,0.5899999737739563,0.6000000238418579,0.6000000238418579,140000
2019-07-10,0.6200000047683716,0.6200000047683716,0.6000000238418579,0.6000000238418579,0.6000000238418579,702000
2019-07-11,0.6100000143051147,0.6100000143051147,0.6100000143051147,0.6100000143051147,0.6100000143051147,0
2019-07-12,0.6000000238418579,0.6100000143051147,0.5799999833106995,0.6000000238418579,0.6000000238418579,824000
2019-07-15,0.5899999737739563,0.6000000238418579,0.5799999833106995,0.5799999833106995,0.5799999833106995,886000
2019-07-16,0.550000011920929,0.5799999833106995,0.5199999809265137,0.5799999833106995,0.5799999833106995,3620000
2019-07-17,0.5699999928474426,0.5799999833106995,0.5600000023841858,0.5799999833106995,0.5799999833106995,636000
2019-07-18,0.5799999833106995,0.5899999737739563,0.5699999928474426,0.5799999833106995,0.5799999833106995,358000
2019-07-19,0.5799999833106995,0.5899999737739563,0.5799999833106995,0.5899999737739563,0.5899999737739563,90000
2019-07-22,0.5699999928474426,0.5699999928474426,0.5699999928474426,0.5699999928474426,0.5699999928474426,0
2019-07-23,0.5699999928474426,0.5699999928474426,0.5699999928474426,0.5699999928474426,0.5699999928474426,0
2019-07-24,0.5699999928474426,0.5699999928474426,0.5699999928474426,0.5699999928474426,0.5699999928474426,0
2019-07-25,0.5699999928474426,0.5799999833106995,0.5600000023841858,0.5600000023841858,0.5600000023841858,190000
2019-07-26,0.5799999833106995,0.5799999833106995,0.5400000214576721,0.5400000214576721,0.5400000214576721,644000
2019-07-29,0.550000011920929,0.6000000238418579,0.5400000214576721,0.5899999737739563,0.5899999737739563,642000
2019-07-30,0.5899999737739563,0.6200000047683716,0.5600000023841858,0.5600000023841858,0.5600000023841858,882000
2019-07-31,0.5600000023841858,0.5799999833106995,0.5299999713897705,0.5699999928474426,0.5699999928474426,570000
2019-08-01,0.550000011920929,0.5699999928474426,0.550000011920929,0.5600000023841858,0.5600000023841858,72000
2019-08-02,0.5600000023841858,0.5699999928474426,0.5600000023841858,0.5600000023841858,0.5600000023841858,26000
2019-08-05,0.5799999833106995,0.5600000023841858,0.5299999713897705,0.550000011920929,0.550000011920929,506000
2019-08-06,0.5400000214576721,0.550000011920929,0.5299999713897705,0.5400000214576721,0.5400000214576721,514000
2019-08-07,0.550000011920929,0.550000011920929,0.5099999904632568,0.5099999904632568,0.5099999904632568,718000
2019-08-08,0.5199999809265137,0.5199999809265137,0.5,0.5,0.5,604000
2019-08-09,0.5,0.5,0.4950000047683716,0.4950000047683716,0.4950000047683716,238000
2019-08-12,0.49000000953674316,0.5,0.4699999988079071,0.4950000047683716,0.4950000047683716,678000
2019-08-13,0.4950000047683716,0.5,0.4699999988079071,0.47999998927116394,0.47999998927116394,350000
2019-08-14,0.5299999713897705,0.5299999713897705,0.48500001430511475,0.48500001430511475,0.48500001430511475,140000
2019-08-15,0.5099999904632568,0.5099999904632568,0.4749999940395355,0.4950000047683716,0.4950000047683716,1296000
2019-08-16,0.47999998927116394,0.48500001430511475,0.4650000035762787,0.47999998927116394,0.47999998927116394,850000
2019-08-19,0.5,0.5,0.48500001430511475,0.4950000047683716,0.4950000047683716,770000
2019-08-20,0.5,0.5,0.4950000047683716,0.5,0.5,82000
2019-08-21,0.4950000047683716,0.5,0.49000000953674316,0.4950000047683716,0.4950000047683716,110000
2019-08-22,0.5099999904632568,0.5099999904632568,0.47999998927116394,0.49000000953674316,0.49000000953674316,194000
2019-08-23,0.5199999809265137,0.5199999809265137,0.49000000953674316,0.49000000953674316,0.49000000953674316,194000
2019-08-26,0.4699999988079071,0.4950000047683716,0.4699999988079071,0.4950000047683716,0.4950000047683716,826000
2019-08-27,0.5,0.5099999904632568,0.48500001430511475,0.5099999904632568,0.5099999904632568,470000
2019-08-28,0.5,0.5099999904632568,0.4950000047683716,0.5099999904632568,0.5099999904632568,92000
2019-08-29,0.49000000953674316,0.5099999904632568,0.49000000953674316,0.5099999904632568,0.5099999904632568,90000
2019-08-30,0.5,0.5099999904632568,0.49000000953674316,0.5,0.5,260215
2019-09-02,0.5,0.5,0.5,0.5,0.5,8000
2019-09-03,0.49000000953674316,0.49000000953674316,0.49000000953674316,0.49000000953674316,0.49000000953674316,248000
2019-09-04,0.47999998927116394,0.5,0.47999998927116394,0.5,0.5,474000
2019-09-05,0.4950000047683716,0.5,0.4950000047683716,0.5,0.5,12000
2019-09-06,0.5,0.5,0.5,0.5,0.5,12000
2019-09-09,0.47999998927116394,0.47999998927116394,0.4699999988079071,0.47999998927116394,0.47999998927116394,502000
2019-09-10,0.4950000047683716,0.4950000047683716,0.46000000834465027,0.48500001430511475,0.48500001430511475,44000
2019-09-11,0.46000000834465027,0.4950000047683716,0.46000000834465027,0.48500001430511475,0.48500001430511475,864000
2019-09-12,0.46000000834465027,0.49000000953674316,0.46000000834465027,0.49000000953674316,0.49000000953674316,1648000
2019-09-13,0.49000000953674316,0.5099999904632568,0.49000000953674316,0.5099999904632568,0.5099999904632568,664000
2019-09-16,0.5099999904632568,0.5099999904632568,0.4699999988079071,0.47999998927116394,0.47999998927116394,322000
2019-09-17,0.49000000953674316,0.5,0.49000000953674316,0.5,0.5,36000
2019-09-18,0.47999998927116394,0.4950000047683716,0.47999998927116394,0.4950000047683716,0.4950000047683716,430000
2019-09-19,0.48500001430511475,0.4950000047683716,0.4699999988079071,0.4950000047683716,0.4950000047683716,306000
2019-09-20,0.4749999940395355,0.5,0.4749999940395355,0.4950000047683716,0.4950000047683716,796000
2019-09-23,0.47999998927116394,0.49000000953674316,0.4699999988079071,0.47999998927116394,0.47999998927116394,2010000
2019-09-24,0.4699999988079071,0.4749999940395355,0.4650000035762787,0.4699999988079071,0.4699999988079071,208000
2019-09-25,0.4650000035762787,0.47999998927116394,0.46000000834465027,0.47999998927116394,0.47999998927116394,306000
2019-09-26,0.4699999988079071,0.4699999988079071,0.4650000035762787,0.4699999988079071,0.4699999988079071,166000
2019-09-27,0.4650000035762787,0.4699999988079071,0.45500001311302185,0.4699999988079071,0.4699999988079071,908000
2019-09-30,0.45500001311302185,0.4749999940395355,0.4399999976158142,0.4749999940395355,0.4749999940395355,438000
2019-10-02,0.4699999988079071,0.4699999988079071,0.4699999988079071,0.4699999988079071,0.4699999988079071,6000
2019-10-03,0.44999998807907104,0.4699999988079071,0.4449999928474426,0.4699999988079071,0.4699999988079071,512000
2019-10-04,0.4699999988079071,0.4699999988079071,0.4699999988079071,0.4699999988079071,0.4699999988079071,0
2019-10-08,0.4699999988079071,0.4699999988079071,0.4699999988079071,0.4699999988079071,0.4699999988079071,0
2019-10-09,0.4699999988079071,0.4699999988079071,0.44999998807907104,0.4699999988079071,0.4699999988079071,576000
2019-10-10,0.4699999988079071,0.4699999988079071,0.4699999988079071,0.4699999988079071,0.4699999988079071,0
2019-10-11,0.46000000834465027,0.4699999988079071,0.46000000834465027,0.4699999988079071,0.4699999988079071,32000
2019-10-14,0.45500001311302185,0.4699999988079071,0.44999998807907104,0.4650000035762787,0.4650000035762787,328000
2019-10-15,0.45500001311302185,0.4699999988079071,0.44999998807907104,0.4699999988079071,0.4699999988079071,420000
2019-10-16,0.45500001311302185,0.46000000834465027,0.45500001311302185,0.45500001311302185,0.45500001311302185,24000
2019-10-17,0.4699999988079071,0.4699999988079071,0.44999998807907104,0.44999998807907104,0.44999998807907104,166000
2019-10-18,0.45500001311302185,0.46000000834465027,0.4449999928474426,0.46000000834465027,0.46000000834465027,146000
2019-10-21,0.46000000834465027,0.46000000834465027,0.46000000834465027,0.45500001311302185,0.45500001311302185,224000
2019-10-22,0.4449999928474426,0.46000000834465027,0.4350000023841858,0.45500001311302185,0.45500001311302185,880000
2019-10-23,0.45500001311302185,0.46000000834465027,0.44999998807907104,0.45500001311302185,0.45500001311302185,268000
2019-10-24,0.4350000023841858,0.45500001311302185,0.4350000023841858,0.45500001311302185,0.45500001311302185,34000
2019-10-25,0.4350000023841858,0.45500001311302185,0.4350000023841858,0.45500001311302185,0.45500001311302185,412000
2019-10-28,0.4650000035762787,0.4650000035762787,0.4350000023841858,0.45500001311302185,0.45500001311302185,98000
2019-10-29,0.4399999976158142,0.4449999928474426,0.4350000023841858,0.4350000023841858,0.4350000023841858,276000
2019-10-30,0.4350000023841858,0.44999998807907104,0.4350000023841858,0.44999998807907104,0.44999998807907104,320000
2019-10-31,0.4449999928474426,0.44999998807907104,0.4399999976158142,0.44999998807907104,0.44999998807907104,470000
2019-11-01,0.4399999976158142,0.4399999976158142,0.4350000023841858,0.4350000023841858,0.4350000023841858,418000
2019-11-04,0.4300000071525574,0.4350000023841858,0.4300000071525574,0.4350000023841858,0.4350000023841858,58000
2019-11-05,0.4350000023841858,0.4399999976158142,0.4350000023841858,0.4399999976158142,0.4399999976158142,14000
2019-11-06,0.4350000023841858,0.4399999976158142,0.4350000023841858,0.4399999976158142,0.4399999976158142,26000
2019-11-07,0.4300000071525574,0.4399999976158142,0.4300000071525574,0.4300000071525574,0.4300000071525574,410000
2019-11-08,0.4300000071525574,0.4350000023841858,0.4300000071525574,0.4350000023841858,0.4350000023841858,76000
2019-11-11,0.4300000071525574,0.4350000023841858,0.4300000071525574,0.4350000023841858,0.4350000023841858,70000
2019-11-12,0.41999998688697815,0.4350000023841858,0.41999998688697815,0.4350000023841858,0.4350000023841858,4000
2019-11-13,0.41999998688697815,0.4300000071525574,0.38999998569488525,0.4300000071525574,0.4300000071525574,2482000
2019-11-14,0.4050000011920929,0.4300000071525574,0.41999998688697815,0.42500001192092896,0.42500001192092896,488000
2019-11-15,0.41999998688697815,0.4300000071525574,0.4000000059604645,0.4300000071525574,0.4300000071525574,292000
2019-11-18,0.4300000071525574,0.4300000071525574,0.4300000071525574,0.4300000071525574,0.4300000071525574,14000
2019-11-19,0.4350000023841858,0.4350000023841858,0.41499999165534973,0.4350000023841858,0.4350000023841858,24000
2019-11-20,0.4300000071525574,0.4350000023841858,0.4300000071525574,0.4350000023841858,0.4350000023841858,26000
2019-11-21,0.4350000023841858,0.4350000023841858,0.4350000023841858,0.4350000023841858,0.4350000023841858,2000
2019-11-22,0.42500001192092896,0.42500001192092896,0.4050000011920929,0.41499999165534973,0.41499999165534973,236000
2019-11-25,0.4300000071525574,0.4300000071525574,0.4000000059604645,0.4300000071525574,0.4300000071525574,262000
2019-11-26,0.41499999165534973,0.4300000071525574,0.41499999165534973,0.4300000071525574,0.4300000071525574,190000
2019-11-27,0.4099999964237213,0.41999998688697815,0.4000000059604645,0.41499999165534973,0.41499999165534973,694000
2019-11-28,0.4000000059604645,0.41999998688697815,0.38999998569488525,0.41999998688697815,0.41999998688697815,928000
2019-11-29,0.4000000059604645,0.4050000011920929,0.38999998569488525,0.4000000059604645,0.4000000059604645,452000
2019-12-02,0.4050000011920929,0.4000000059604645,0.38499999046325684,0.4000000059604645,0.4000000059604645,252000
2019-12-03,0.4000000059604645,0.4300000071525574,0.4000000059604645,0.41499999165534973,0.41499999165534973,394000
2019-12-04,0.39500001072883606,0.4350000023841858,0.39500001072883606,0.4350000023841858,0.4350000023841858,500000
2019-12-05,0.4099999964237213,0.4350000023841858,0.4099999964237213,0.4350000023841858,0.4350000023841858,184000
2019-12-06,0.4350000023841858,0.4350000023841858,0.41499999165534973,0.4300000071525574,0.4300000071525574,90000
2019-12-09,0.41499999165534973,0.4300000071525574,0.4000000059604645,0.41999998688697815,0.41999998688697815,820000
2019-12-10,0.4300000071525574,0.4300000071525574,0.41499999165534973,0.42500001192092896,0.42500001192092896,438000
2019-12-11,0.4350000023841858,0.4350000023841858,0.41499999165534973,0.4350000023841858,0.4350000023841858,126000
2019-12-12,0.4300000071525574,0.4300000071525574,0.4300000071525574,0.4300000071525574,0.4300000071525574,150000
2019-12-13,0.42500001192092896,0.42500001192092896,0.41999998688697815,0.41999998688697815,0.41999998688697815,144000
2019-12-16,0.4350000023841858,0.4350000023841858,0.4350000023841858,0.4350000023841858,0.4350000023841858,4000
2019-12-17,0.4300000071525574,0.4300000071525574,0.4300000071525574,0.4300000071525574,0.4300000071525574,2000
2019-12-18,0.41499999165534973,0.41499999165534973,0.4099999964237213,0.41499999165534973,0.41499999165534973,160000
2019-12-19,0.3700000047683716,0.4350000023841858,0.3700000047683716,0.4300000071525574,0.4300000071525574,1966000
2019-12-20,0.4099999964237213,0.41999998688697815,0.4099999964237213,0.41999998688697815,0.41999998688697815,46000
2019-12-23,0.4099999964237213,0.4300000071525574,0.38999998569488525,0.42500001192092896,0.42500001192092896,2266000
2019-12-24,0.4050000011920929,0.4350000023841858,0.4050000011920929,0.4300000071525574,0.4300000071525574,1106000
2019-12-27,0.4300000071525574,0.45500001311302185,0.4300000071525574,0.45500001311302185,0.45500001311302185,784000
2019-12-30,0.4300000071525574,0.46000000834465027,0.4300000071525574,0.45500001311302185,0.45500001311302185,328000
2019-12-31,0.45500001311302185,0.46000000834465027,0.4399999976158142,0.4399999976158142,0.4399999976158142,60000
2020-01-02,0.4399999976158142,0.4399999976158142,0.41999998688697815,0.4399999976158142,0.4399999976158142,144000
2020-01-03,0.4399999976158142,0.4399999976158142,0.4399999976158142,0.4399999976158142,0.4399999976158142,2000
2020-01-06,0.41999998688697815,0.46000000834465027,0.41999998688697815,0.46000000834465027,0.46000000834465027,620000
2020-01-07,0.45500001311302185,0.4650000035762787,0.4350000023841858,0.4699999988079071,0.4699999988079071,754000
2020-01-08,0.44999998807907104,0.44999998807907104,0.44999998807907104,0.44999998807907104,0.44999998807907104,40000
2020-01-09,0.4399999976158142,0.45500001311302185,0.4399999976158142,0.45500001311302185,0.45500001311302185,240000
2020-01-10,0.4399999976158142,0.44999998807907104,0.4399999976158142,0.44999998807907104,0.44999998807907104,82000
2020-01-13,0.44999998807907104,0.45500001311302185,0.4399999976158142,0.45500001311302185,0.45500001311302185,64000
2020-01-14,0.44999998807907104,0.44999998807907104,0.4300000071525574,0.4449999928474426,0.4449999928474426,974000
2020-01-15,0.4399999976158142,0.4399999976158142,0.4399999976158142,0.4399999976158142,0.4399999976158142,120000
2020-01-16,0.4399999976158142,0.4399999976158142,0.4399999976158142,0.4399999976158142,0.4399999976158142,0
2020-01-17,0.42500001192092896,0.4399999976158142,0.42500001192092896,0.4350000023841858,0.4350000023841858,192000
2020-01-20,0.4350000023841858,0.4699999988079071,0.4350000023841858,0.4699999988079071,0.4699999988079071,278000
2020-01-21,0.4449999928474426,0.46000000834465027,0.4399999976158142,0.44999998807907104,0.44999998807907104,202000
2020-01-22,0.4399999976158142,0.46000000834465027,0.41999998688697815,0.46000000834465027,0.46000000834465027,550000
2020-01-23,0.4300000071525574,0.4650000035762787,0.4300000071525574,0.4449999928474426,0.4449999928474426,584001
2020-01-24,0.42500001192092896,0.4449999928474426,0.42500001192092896,0.4449999928474426,0.4449999928474426,12000
2020-01-29,0.41999998688697815,0.4449999928474426,0.41499999165534973,0.4449999928474426,0.4449999928474426,448000
2020-01-30,0.44999998807907104,0.44999998807907104,0.42500001192092896,0.44999998807907104,0.44999998807907104,560000
2020-01-31,0.4449999928474426,0.44999998807907104,0.41999998688697815,0.41999998688697815,0.41999998688697815,1856000
2020-02-03,0.4000000059604645,0.4300000071525574,0.4000000059604645,0.42500001192092896,0.42500001192092896,216000
2020-02-04,0.4399999976158142,0.4449999928474426,0.41999998688697815,0.4399999976158142,0.4399999976158142,324000
2020-02-05,0.4300000071525574,0.4449999928474426,0.4300000071525574,0.4449999928474426,0.4449999928474426,34000
2020-02-06,0.4449999928474426,0.4449999928474426,0.4350000023841858,0.4449999928474426,0.4449999928474426,154000
2020-02-07,0.4399999976158142,0.4399999976158142,0.4399999976158142,0.4399999976158142,0.4399999976158142,2000
2020-02-10,0.4449999928474426,0.4449999928474426,0.4300000071525574,0.4350000023841858,0.4350000023841858,94000
2020-02-11,0.4449999928474426,0.4449999928474426,0.4300000071525574,0.4399999976158142,0.4399999976158142,12000
2020-02-12,0.41999998688697815,0.4399999976158142,0.41999998688697815,0.4399999976158142,0.4399999976158142,124000
2020-02-13,0.41999998688697815,0.4399999976158142,0.4099999964237213,0.4399999976158142,0.4399999976158142,884000
2020-02-14,0.41999998688697815,0.4399999976158142,0.41999998688697815,0.4399999976158142,0.4399999976158142,34000
2020-02-17,0.4350000023841858,0.4399999976158142,0.41999998688697815,0.4300000071525574,0.4300000071525574,318000
2020-02-18,0.4300000071525574,0.4350000023841858,0.4300000071525574,0.4350000023841858,0.4350000023841858,46000
2020-02-19,0.41999998688697815,0.4449999928474426,0.41499999165534973,0.4399999976158142,0.4399999976158142,606000
2020-02-20,0.4300000071525574,0.4449999928474426,0.42500001192092896,0.4399999976158142,0.4399999976158142,134000
2020-02-21,0.4449999928474426,0.4449999928474426,0.4300000071525574,0.4399999976158142,0.4399999976158142,566000
2020-02-24,0.42500001192092896,0.4449999928474426,0.42500001192092896,0.4449999928474426,0.4449999928474426,10000
2020-02-25,0.42500001192092896,0.4350000023841858,0.42500001192092896,0.4350000023841858,0.4350000023841858,268000
2020-02-26,0.41999998688697815,0.4399999976158142,0.41499999165534973,0.4350000023841858,0.4350000023841858,1764000
2020-02-27,0.41999998688697815,0.4300000071525574,0.41999998688697815,0.4300000071525574,0.4300000071525574,82000
2020-02-28,0.41499999165534973,0.4350000023841858,0.4050000011920929,0.4300000071525574,0.4300000071525574,1324000
2020-03-02,0.41499999165534973,0.41499999165534973,0.4050000011920929,0.4099999964237213,0.4099999964237213,1242000
2020-03-03,0.4000000059604645,0.4300000071525574,0.3799999952316284,0.42500001192092896,0.42500001192092896,1596000
2020-03-04,0.4099999964237213,0.41999998688697815,0.4050000011920929,0.41999998688697815,0.41999998688697815,238000
2020-03-05,0.41999998688697815,0.4300000071525574,0.41999998688697815,0.4300000071525574,0.4300000071525574,226000
2020-03-06,0.4300000071525574,0.4300000071525574,0.4050000011920929,0.41999998688697815,0.41999998688697815,62000
2020-03-09,0.41999998688697815,0.46000000834465027,0.4050000011920929,0.4350000023841858,0.4350000023841858,1334000
2020-03-10,0.41999998688697815,0.4350000023841858,0.4099999964237213,0.42500001192092896,0.42500001192092896,198000
2020-03-11,0.41499999165534973,0.4300000071525574,0.4099999964237213,0.4300000071525574,0.4300000071525574,307000
2020-03-12,0.4099999964237213,0.41999998688697815,0.4050000011920929,0.4050000011920929,0.4050000011920929,258000
2020-03-13,0.38999998569488525,0.4300000071525574,0.3799999952316284,0.4300000071525574,0.4300000071525574,546000
2020-03-16,0.41499999165534973,0.41499999165534973,0.38999998569488525,0.38999998569488525,0.38999998569488525,912000
2020-03-17,0.38999998569488525,0.4000000059604645,0.3799999952316284,0.38499999046325684,0.38499999046325684,650000
2020-03-18,0.38499999046325684,0.4300000071525574,0.36000001430511475,0.41499999165534973,0.41499999165534973,2318000
2020-03-19,0.38999998569488525,0.4099999964237213,0.35499998927116394,0.4000000059604645,0.4000000059604645,2418000
2020-03-20,0.38499999046325684,0.38999998569488525,0.3799999952316284,0.38999998569488525,0.38999998569488525,128000
2020-03-23,0.38999998569488525,0.4050000011920929,0.38999998569488525,0.4000000059604645,0.4000000059604645,798000
2020-03-24,0.375,0.39500001072883606,0.3700000047683716,0.38999998569488525,0.38999998569488525,1804000
2020-03-25,0.375,0.38999998569488525,0.36500000953674316,0.3700000047683716,0.3700000047683716,1998000
2020-03-26,0.3400000035762787,0.39500001072883606,0.3400000035762787,0.38999998569488525,0.38999998569488525,1053000
2020-03-27,0.3700000047683716,0.38999998569488525,0.3700000047683716,0.3799999952316284,0.3799999952316284,626000
2020-03-30,0.38499999046325684,0.38999998569488525,0.38499999046325684,0.38999998569488525,0.38999998569488525,140000
2020-03-31,0.3700000047683716,0.38999998569488525,0.36500000953674316,0.38999998569488525,0.38999998569488525,654000
2020-04-01,0.38999998569488525,0.39500001072883606,0.3799999952316284,0.38999998569488525,0.38999998569488525,338000
2020-04-02,0.38999998569488525,0.38999998569488525,0.375,0.38999998569488525,0.38999998569488525,894000
2020-04-03,0.3799999952316284,0.38999998569488525,0.3799999952316284,0.38999998569488525,0.38999998569488525,1378000
2020-04-06,0.38499999046325684,0.38499999046325684,0.38499999046325684,0.38499999046325684,0.38499999046325684,0
2020-04-07,0.38999998569488525,0.41499999165534973,0.38499999046325684,0.39500001072883606,0.39500001072883606,1640000
2020-04-08,0.4000000059604645,0.4099999964237213,0.38499999046325684,0.4099999964237213,0.4099999964237213,2234000
2020-04-09,0.39500001072883606,0.41999998688697815,0.38999998569488525,0.4000000059604645,0.4000000059604645,1186000
2020-04-14,0.4000000059604645,0.41499999165534973,0.38999998569488525,0.4050000011920929,0.4050000011920929,590000
2020-04-15,0.39500001072883606,0.42500001192092896,0.38999998569488525,0.4050000011920929,0.4050000011920929,1796000
2020-04-16,0.4050000011920929,0.4099999964237213,0.39500001072883606,0.39500001072883606,0.39500001072883606,722000
2020-04-17,0.4000000059604645,0.4050000011920929,0.4000000059604645,0.4050000011920929,0.4050000011920929,42000
2020-04-20,0.4050000011920929,0.41499999165534973,0.39500001072883606,0.39500001072883606,0.39500001072883606,618000
2020-04-21,0.4050000011920929,0.4000000059604645,0.38499999046325684,0.38499999046325684,0.38499999046325684,216000
2020-04-22,0.38499999046325684,0.39500001072883606,0.38499999046325684,0.39500001072883606,0.39500001072883606,106000
2020-04-23,0.39500001072883606,0.4000000059604645,0.39500001072883606,0.4000000059604645,0.4000000059604645,52000
2020-04-24,0.38499999046325684,0.4000000059604645,0.3799999952316284,0.4000000059604645,0.4000000059604645,174000
2020-04-27,0.38499999046325684,0.4000000059604645,0.38499999046325684,0.4000000059604645,0.4000000059604645,46000
2020-04-28,0.38999998569488525,0.39500001072883606,0.38999998569488525,0.39500001072883606,0.39500001072883606,52000
2020-04-29,0.39500001072883606,0.39500001072883606,0.3799999952316284,0.3799999952316284,0.3799999952316284,204000
2020-05-04,0.38999998569488525,0.38499999046325684,0.3700000047683716,0.38499999046325684,0.38499999046325684,382000
2020-05-05,0.375,0.38999998569488525,0.3700000047683716,0.38499999046325684,0.38499999046325684,714000
2020-05-06,0.38499999046325684,0.39500001072883606,0.3700000047683716,0.39500001072883606,0.39500001072883606,528000
2020-05-07,0.38999998569488525,0.39500001072883606,0.38999998569488525,0.39500001072883606,0.39500001072883606,306000
2020-05-08,0.38999998569488525,0.39500001072883606,0.38999998569488525,0.39500001072883606,0.39500001072883606,54000
2020-05-11,0.38499999046325684,0.38499999046325684,0.38499999046325684,0.38499999046325684,0.38499999046325684,12000
2020-05-12,0.375,0.38499999046325684,0.375,0.38499999046325684,0.38499999046325684,124000
2020-05-13,0.3700000047683716,0.38499999046325684,0.3700000047683716,0.3799999952316284,0.3799999952316284,44000
2020-05-14,0.3799999952316284,0.4000000059604645,0.3799999952316284,0.4000000059604645,0.4000000059604645,490000
2020-05-15,0.38999998569488525,0.39500001072883606,0.38999998569488525,0.39500001072883606,0.39500001072883606,228000
2020-05-18,0.38999998569488525,0.38999998569488525,0.38999998569488525,0.38999998569488525,0.38999998569488525,108000
2020-05-19,0.38999998569488525,0.38999998569488525,0.38999998569488525,0.38999998569488525,0.38999998569488525,48000
2020-05-20,0.38999998569488525,0.4000000059604645,0.38999998569488525,0.39500001072883606,0.39500001072883606,156000
2020-05-21,0.39500001072883606,0.4000000059604645,0.39500001072883606,0.39500001072883606,0.39500001072883606,438000
2020-05-22,0.3799999952316284,0.39500001072883606,0.3700000047683716,0.39500001072883606,0.39500001072883606,732000
2020-05-25,0.39500001072883606,0.39500001072883606,0.3499999940395355,0.38499999046325684,0.38499999046325684,3020000
2020-05-26,0.3700000047683716,0.38499999046325684,0.36000001430511475,0.38499999046325684,0.38499999046325684,780000
2020-05-27,0.3700000047683716,0.38499999046325684,0.36500000953674316,0.38499999046325684,0.38499999046325684,2098000
2020-05-28,0.3700000047683716,0.38499999046325684,0.3700000047683716,0.38499999046325684,0.38499999046325684,182000
2020-05-29,0.375,0.38499999046325684,0.3700000047683716,0.3700000047683716,0.3700000047683716,1118000
2020-06-01,0.3700000047683716,0.38499999046325684,0.3700000047683716,0.38499999046325684,0.38499999046325684,82000
2020-06-02,0.375,0.38499999046325684,0.375,0.38499999046325684,0.38499999046325684,110000
2020-06-03,0.375,0.38999998569488525,0.375,0.38999998569488525,0.38999998569488525,278000
2020-06-04,0.3799999952316284,0.38999998569488525,0.3799999952316284,0.3799999952316284,0.3799999952316284,464000
2020-06-05,0.3799999952316284,0.39500001072883606,0.3799999952316284,0.38999998569488525,0.38999998569488525,1090000
2020-06-08,0.39500001072883606,0.39500001072883606,0.3799999952316284,0.38499999046325684,0.38499999046325684,1136000
2020-06-09,0.38499999046325684,0.38499999046325684,0.38499999046325684,0.38499999046325684,0.38499999046325684,0
2020-06-10,0.38499999046325684,0.38999998569488525,0.36500000953674316,0.3700000047683716,0.3700000047683716,958000
2020-06-11,0.3799999952316284,0.3799999952316284,0.3700000047683716,0.375,0.375,1332000
2020-06-12,0.375,0.38499999046325684,0.375,0.38499999046325684,0.38499999046325684,244000
2020-06-15,0.375,0.38499999046325684,0.375,0.38499999046325684,0.38499999046325684,210000
2020-06-16,0.38499999046325684,0.39500001072883606,0.375,0.38999998569488525,0.38999998569488525,206000
2020-06-17,0.38999998569488525,0.38999998569488525,0.3799999952316284,0.38499999046325684,0.38499999046325684,114000
2020-06-18,0.38499999046325684,0.38499999046325684,0.3799999952316284,0.38499999046325684,0.38499999046325684,228000
2020-06-19,0.38499999046325684,0.39500001072883606,0.3799999952316284,0.38499999046325684,0.38499999046325684,262000
2020-06-22,0.375,0.38499999046325684,0.375,0.38499999046325684,0.38499999046325684,202000
2020-06-23,0.3799999952316284,0.38499999046325684,0.3700000047683716,0.38499999046325684,0.38499999046325684,372000
2020-06-24,0.375,0.38499999046325684,0.3700000047683716,0.38499999046325684,0.38499999046325684,406000
2020-06-26,0.375,0.3799999952316284,0.3700000047683716,0.375,0.375,420000
2020-06-29,0.375,0.3799999952316284,0.3700000047683716,0.375,0.375,132000
2020-06-30,0.375,0.3799999952316284,0.375,0.3799999952316284,0.3799999952316284,18000
2020-07-02,0.3700000047683716,0.38499999046325684,0.3700000047683716,0.38499999046325684,0.38499999046325684,796000
2020-07-03,0.3799999952316284,0.39500001072883606,0.3799999952316284,0.38999998569488525,0.38999998569488525,744000
2020-07-06,0.38999998569488525,0.38999998569488525,0.3700000047683716,0.38999998569488525,0.38999998569488525,928000
2020-07-07,0.38499999046325684,0.4300000071525574,0.38499999046325684,0.42500001192092896,0.42500001192092896,5580000
2020-07-08,0.4300000071525574,0.4650000035762787,0.41999998688697815,0.46000000834465027,0.46000000834465027,14648000
2020-07-09,0.4699999988079071,0.5299999713897705,0.44999998807907104,0.5299999713897705,0.5299999713897705,9772000
2020-07-10,0.5400000214576721,0.5400000214576721,0.4699999988079071,0.5099999904632568,0.5099999904632568,5984000
2020-07-13,0.5299999713897705,0.5699999928474426,0.5099999904632568,0.5400000214576721,0.5400000214576721,3302000
2020-07-14,0.5400000214576721,0.5400000214576721,0.4950000047683716,0.5099999904632568,0.5099999904632568,1802000
2020-07-15,0.5400000214576721,0.5400000214576721,0.5099999904632568,0.5199999809265137,0.5199999809265137,708000
2020-07-16,0.5299999713897705,0.5299999713897705,0.49000000953674316,0.5199999809265137,0.5199999809265137,1748000
2020-07-17,0.4950000047683716,0.5199999809265137,0.4950000047683716,0.5099999904632568,0.5099999904632568,544000
2020-07-20,0.49000000953674316,0.5099999904632568,0.47999998927116394,0.47999998927116394,0.47999998927116394,708000
2020-07-21,0.47999998927116394,0.49000000953674316,0.4699999988079071,0.4699999988079071,0.4699999988079071,650000
2020-07-22,0.46000000834465027,0.4749999940395355,0.4449999928474426,0.46000000834465027,0.46000000834465027,822000
2020-07-23,0.4399999976158142,0.4749999940395355,0.42500001192092896,0.44999998807907104,0.44999998807907104,182000
2020-07-24,0.4300000071525574,0.4449999928474426,0.41499999165534973,0.4399999976158142,0.4399999976158142,444000
2020-07-27,0.41499999165534973,0.4300000071525574,0.4050000011920929,0.4300000071525574,0.4300000071525574,606000
2020-07-28,0.4300000071525574,0.4650000035762787,0.4300000071525574,0.4650000035762787,0.4650000035762787,400000
2020-07-29,0.4350000023841858,0.4650000035762787,0.4350000023841858,0.4650000035762787,0.4650000035762787,122000
2020-07-30,0.4449999928474426,0.4650000035762787,0.4449999928474426,0.4650000035762787,0.4650000035762787,310000
2020-07-31,0.4650000035762787,0.4699999988079071,0.4650000035762787,0.4650000035762787,0.4650000035762787,212000
2020-08-03,0.4399999976158142,0.4650000035762787,0.4399999976158142,0.46000000834465027,0.46000000834465027,162000
2020-08-04,0.46000000834465027,0.46000000834465027,0.4449999928474426,0.45500001311302185,0.45500001311302185,284000
2020-08-05,0.44999998807907104,0.45500001311302185,0.4449999928474426,0.45500001311302185,0.45500001311302185,170000
2020-08-06,0.45500001311302185,0.45500001311302185,0.45500001311302185,0.45500001311302185,0.45500001311302185,120000
2020-08-07,0.4950000047683716,0.4950000047683716,0.44999998807907104,0.47999998927116394,0.47999998927116394,74000
2020-08-10,0.44999998807907104,0.4749999940395355,0.44999998807907104,0.4650000035762787,0.4650000035762787,380000
2020-08-11,0.46000000834465027,0.4650000035762787,0.46000000834465027,0.46000000834465027,0.46000000834465027,166000
2020-08-12,0.49000000953674316,0.49000000953674316,0.4350000023841858,0.4399999976158142,0.4399999976158142,420000
2020-08-13,0.4399999976158142,0.47999998927116394,0.4399999976158142,0.4699999988079071,0.4699999988079071,50000
2020-08-14,0.46000000834465027,0.46000000834465027,0.46000000834465027,0.46000000834465027,0.46000000834465027,0
2020-08-17,0.46000000834465027,0.46000000834465027,0.4399999976158142,0.46000000834465027,0.46000000834465027,182000
2020-08-18,0.4650000035762787,0.4650000035762787,0.4399999976158142,0.46000000834465027,0.46000000834465027,72000
2020-08-19,0.4449999928474426,0.4449999928474426,0.41999998688697815,0.4350000023841858,0.4350000023841858,146000
2020-08-20,0.4449999928474426,0.4449999928474426,0.41999998688697815,0.4350000023841858,0.4350000023841858,226000
2020-08-21,0.4350000023841858,0.4699999988079071,0.4350000023841858,0.4650000035762787,0.4650000035762787,392000
2020-08-24,0.4699999988079071,0.47999998927116394,0.4449999928474426,0.47999998927116394,0.47999998927116394,784000
2020-08-25,0.45500001311302185,0.48500001430511475,0.4449999928474426,0.48500001430511475,0.48500001430511475,1564000
2020-08-26,0.4650000035762787,0.4749999940395355,0.4449999928474426,0.4449999928474426,0.4449999928474426,2744000
2020-08-27,0.4399999976158142,0.46000000834465027,0.4399999976158142,0.4399999976158142,0.4399999976158142,780000
2020-08-28,0.44999998807907104,0.44999998807907104,0.4350000023841858,0.4350000023841858,0.4350000023841858,1412000
2020-08-31,0.4399999976158142,0.4449999928474426,0.42500001192092896,0.4399999976158142,0.4399999976158142,348000
2020-09-01,0.4399999976158142,0.44999998807907104,0.4399999976158142,0.44999998807907104,0.44999998807907104,106000
2020-09-02,0.44999998807907104,0.45500001311302185,0.4350000023841858,0.4350000023841858,0.4350000023841858,240000
2020-09-03,0.4399999976158142,0.45500001311302185,0.4399999976158142,0.45500001311302185,0.45500001311302185,832000
2020-09-04,0.4449999928474426,0.4650000035762787,0.4399999976158142,0.4650000035762787,0.4650000035762787,408000
2020-09-07,0.45500001311302185,0.4699999988079071,0.4399999976158142,0.46000000834465027,0.46000000834465027,204000
2020-09-08,0.44999998807907104,0.47999998927116394,0.44999998807907104,0.47999998927116394,0.47999998927116394,956000
2020-09-09,0.46000000834465027,0.4749999940395355,0.44999998807907104,0.4749999940395355,0.4749999940395355,410000
2020-09-10,0.4749999940395355,0.4749999940395355,0.4650000035762787,0.4749999940395355,0.4749999940395355,94000
2020-09-11,0.4650000035762787,0.4749999940395355,0.4650000035762787,0.4749999940395355,0.4749999940395355,556000
2020-09-14,0.4650000035762787,0.4650000035762787,0.44999998807907104,0.45500001311302185,0.45500001311302185,706000
2020-09-15,0.46000000834465027,0.49000000953674316,0.46000000834465027,0.4749999940395355,0.4749999940395355,1544000
2020-09-16,0.46000000834465027,0.5199999809265137,0.44999998807907104,0.5,0.5,18782000
2020-09-17,0.5,0.5199999809265137,0.5,0.5099999904632568,0.5099999904632568,3644000
2020-09-18,0.5199999809265137,0.5199999809265137,0.48500001430511475,0.49000000953674316,0.49000000953674316,1138000
2020-09-21,0.47999998927116394,0.49000000953674316,0.45500001311302185,0.4650000035762787,0.4650000035762787,1180000
2020-09-22,0.4699999988079071,0.4699999988079071,0.44999998807907104,0.46000000834465027,0.46000000834465027,790000
2020-09-23,0.46000000834465027,0.46000000834465027,0.44999998807907104,0.45500001311302185,0.45500001311302185,494000
2020-09-24,0.44999998807907104,0.44999998807907104,0.41999998688697815,0.4300000071525574,0.4300000071525574,2342000
2020-09-25,0.4099999964237213,0.4699999988079071,0.4050000011920929,0.4650000035762787,0.4650000035762787,2102000
2020-09-28,0.4699999988079071,0.4699999988079071,0.44999998807907104,0.46000000834465027,0.46000000834465027,104000
2020-09-29,0.4399999976158142,0.4699999988079071,0.4350000023841858,0.4699999988079071,0.4699999988079071,304000
2020-09-30,0.4449999928474426,0.4650000035762787,0.4449999928474426,0.4650000035762787,0.4650000035762787,54000
2020-10-05,0.4650000035762787,0.4650000035762787,0.45500001311302185,0.46000000834465027,0.46000000834465027,12000
2020-10-06,0.4449999928474426,0.46000000834465027,0.4350000023841858,0.46000000834465027,0.46000000834465027,204000
2020-10-07,0.46000000834465027,0.4650000035762787,0.4449999928474426,0.4650000035762787,0.4650000035762787,130000
2020-10-08,0.4650000035762787,0.4699999988079071,0.4650000035762787,0.4699999988079071,0.4699999988079071,170000
2020-10-09,0.4650000035762787,0.4650000035762787,0.44999998807907104,0.4650000035762787,0.4650000035762787,106000
2020-10-12,0.4749999940395355,0.4749999940395355,0.4650000035762787,0.4650000035762787,0.4650000035762787,878000
2020-10-14,0.45500001311302185,0.4650000035762787,0.45500001311302185,0.4650000035762787,0.4650000035762787,110000
2020-10-15,0.4650000035762787,0.4650000035762787,0.44999998807907104,0.46000000834465027,0.46000000834465027,190000
2020-10-16,0.4650000035762787,0.4650000035762787,0.45500001311302185,0.46000000834465027,0.46000000834465027,262000
2020-10-19,0.45500001311302185,0.45500001311302185,0.4399999976158142,0.44999998807907104,0.44999998807907104,454000
2020-10-20,0.4449999928474426,0.44999998807907104,0.4449999928474426,0.44999998807907104,0.44999998807907104,38000
2020-10-21,0.4350000023841858,0.44999998807907104,0.4350000023841858,0.44999998807907104,0.44999998807907104,346000
2020-10-22,0.4449999928474426,0.4449999928474426,0.4300000071525574,0.4300000071525574,0.4300000071525574,872000
2020-10-23,0.4300000071525574,0.4300000071525574,0.4300000071525574,0.4300000071525574,0.4300000071525574,0
2020-10-27,0.4350000023841858,0.4399999976158142,0.42500001192092896,0.4300000071525574,0.4300000071525574,702000
2020-10-28,0.42500001192092896,0.4300000071525574,0.42500001192092896,0.4300000071525574,0.4300000071525574,226000
2020-10-29,0.42500001192092896,0.4300000071525574,0.41499999165534973,0.4300000071525574,0.4300000071525574,330000
2020-10-30,0.4300000071525574,0.4399999976158142,0.42500001192092896,0.42500001192092896,0.42500001192092896,562000
2020-11-02,0.42500001192092896,0.42500001192092896,0.4050000011920929,0.4099999964237213,0.4099999964237213,490000
2020-11-03,0.4050000011920929,0.4300000071525574,0.4050000011920929,0.41999998688697815,0.41999998688697815,450000
2020-11-04,0.42500001192092896,0.42500001192092896,0.42500001192092896,0.42500001192092896,0.42500001192092896,166000
2020-11-05,0.42500001192092896,0.4449999928474426,0.4099999964237213,0.4449999928474426,0.4449999928474426,222000
2020-11-06,0.4399999976158142,0.4399999976158142,0.41999998688697815,0.4399999976158142,0.4399999976158142,1338000
2020-11-09,0.4399999976158142,0.45500001311302185,0.42500001192092896,0.45500001311302185,0.45500001311302185,572000
2020-11-10,0.46000000834465027,0.46000000834465027,0.4399999976158142,0.4399999976158142,0.4399999976158142,144000
2020-11-11,0.4350000023841858,0.4399999976158142,0.42500001192092896,0.4399999976158142,0.4399999976158142,196000
2020-11-12,0.42500001192092896,0.4399999976158142,0.41999998688697815,0.4399999976158142,0.4399999976158142,342000
2020-11-13,0.42500001192092896,0.4350000023841858,0.41999998688697815,0.4350000023841858,0.4350000023841858,408000
2020-11-16,0.4350000023841858,0.4350000023841858,0.4350000023841858,0.4350000023841858,0.4350000023841858,14000
2020-11-17,0.42500001192092896,0.4399999976158142,0.42500001192092896,0.4399999976158142,0.4399999976158142,90000
2020-11-18,0.4300000071525574,0.4300000071525574,0.42500001192092896,0.4300000071525574,0.4300000071525574,234000
2020-11-19,0.4350000023841858,0.4350000023841858,0.4350000023841858,0.4350000023841858,0.4350000023841858,10000
2020-11-20,0.4350000023841858,0.4350000023841858,0.42500001192092896,0.4350000023841858,0.4350000023841858,180000
2020-11-23,0.4300000071525574,0.4350000023841858,0.41999998688697815,0.4300000071525574,0.4300000071525574,414000
2020-11-24,0.4300000071525574,0.48500001430511475,0.42500001192092896,0.47999998927116394,0.47999998927116394,4076000
2020-11-25,0.47999998927116394,0.5899999737739563,0.4749999940395355,0.5299999713897705,0.5299999713897705,17590000
2020-11-26,0.550000011920929,0.550000011920929,0.48500001430511475,0.4950000047683716,0.4950000047683716,8464000
2020-11-27,0.49000000953674316,0.5099999904632568,0.4699999988079071,0.47999998927116394,0.47999998927116394,2096000
2020-11-30,0.47999998927116394,0.47999998927116394,0.4399999976158142,0.4399999976158142,0.4399999976158142,3524000
2020-12-01,0.4350000023841858,0.4699999988079071,0.4300000071525574,0.46000000834465027,0.46000000834465027,1344000
2020-12-02,0.45500001311302185,0.45500001311302185,0.4300000071525574,0.4350000023841858,0.4350000023841858,2330000
2020-12-03,0.4300000071525574,0.45500001311302185,0.4300000071525574,0.44999998807907104,0.44999998807907104,830000
2020-12-04,0.4449999928474426,0.4449999928474426,0.4300000071525574,0.4399999976158142,0.4399999976158142,854000
2020-12-07,0.4399999976158142,0.4399999976158142,0.4300000071525574,0.4350000023841858,0.4350000023841858,560000
2020-12-08,0.4399999976158142,0.4449999928474426,0.4300000071525574,0.4300000071525574,0.4300000071525574,566000
2020-12-09,0.4399999976158142,0.4399999976158142,0.4300000071525574,0.4300000071525574,0.4300000071525574,566000
2020-12-10,0.4300000071525574,0.4300000071525574,0.42500001192092896,0.42500001192092896,0.42500001192092896,100000
2020-12-11,0.42500001192092896,0.42500001192092896,0.41999998688697815,0.42500001192092896,0.42500001192092896,628000
2020-12-14,0.41999998688697815,0.42500001192092896,0.4099999964237213,0.42500001192092896,0.42500001192092896,756000
2020-12-15,0.4399999976158142,0.4399999976158142,0.41499999165534973,0.42500001192092896,0.42500001192092896,66000
2020-12-16,0.41499999165534973,0.42500001192092896,0.4099999964237213,0.41999998688697815,0.41999998688697815,546000
2020-12-17,0.41999998688697815,0.4350000023841858,0.4099999964237213,0.41999998688697815,0.41999998688697815,652000
2020-12-18,0.4099999964237213,0.41499999165534973,0.4050000011920929,0.41499999165534973,0.41499999165534973,1070000
2020-12-21,0.4050000011920929,0.41999998688697815,0.38499999046325684,0.4099999964237213,0.4099999964237213,1430000
2020-12-22,0.41499999165534973,0.41499999165534973,0.4000000059604645,0.4000000059604645,0.4000000059604645,506000
2020-12-23,0.4050000011920929,0.41999998688697815,0.4000000059604645,0.41499999165534973,0.41499999165534973,594000
2020-12-24,0.39500001072883606,0.39500001072883606,0.39500001072883606,0.39500001072883606,0.39500001072883606,0
2020-12-28,0.4000000059604645,0.4399999976158142,0.3799999952316284,0.4300000071525574,0.4300000071525574,3804000
2020-12-29,0.4300000071525574,0.7099999785423279,0.4300000071525574,0.4749999940395355,0.4749999940395355,38498000
2020-12-30,0.49000000953674316,0.49000000953674316,0.4300000071525574,0.4300000071525574,0.4300000071525574,4040000
2020-12-31,0.41999998688697815,0.41999998688697815,0.41999998688697815,0.41999998688697815,0.41999998688697815,0
2021-01-04,0.41999998688697815,0.48500001430511475,0.41499999165534973,0.4749999940395355,0.4749999940395355,2908000
2021-01-05,0.4699999988079071,0.4699999988079071,0.45500001311302185,0.46000000834465027,0.46000000834465027,1276000
2021-01-06,0.4699999988079071,0.4749999940395355,0.4449999928474426,0.4449999928474426,0.4449999928474426,934000
2021-01-07,0.4449999928474426,0.4650000035762787,0.41999998688697815,0.45500001311302185,0.45500001311302185,1534000
2021-01-08,0.44999998807907104,0.46000000834465027,0.4399999976158142,0.45500001311302185,0.45500001311302185,706000
2021-01-11,0.4399999976158142,0.44999998807907104,0.4350000023841858,0.4350000023841858,0.4350000023841858,426000
2021-01-12,0.4350000023841858,0.44999998807907104,0.42500001192092896,0.4399999976158142,0.4399999976158142,848000
2021-01-13,0.4449999928474426,0.4449999928474426,0.4300000071525574,0.4300000071525574,0.4300000071525574,220000
2021-01-14,0.4300000071525574,0.46000000834465027,0.4300000071525574,0.4399999976158142,0.4399999976158142,868000
2021-01-15,0.4399999976158142,0.4449999928474426,0.4300000071525574,0.4399999976158142,0.4399999976158142,1900000
2021-01-18,0.4449999928474426,0.46000000834465027,0.4350000023841858,0.45500001311302185,0.45500001311302185,1320000
2021-01-19,0.46000000834465027,0.46000000834465027,0.4399999976158142,0.46000000834465027,0.46000000834465027,1188000
2021-01-20,0.46000000834465027,0.5099999904632568,0.46000000834465027,0.48500001430511475,0.48500001430511475,4516000
2021-01-21,0.48500001430511475,0.49000000953674316,0.4699999988079071,0.47999998927116394,0.47999998927116394,1114000
2021-01-22,0.47999998927116394,0.4950000047683716,0.4449999928474426,0.45500001311302185,0.45500001311302185,1558000
2021-01-25,0.4699999988079071,0.4699999988079071,0.4300000071525574,0.4699999988079071,0.4699999988079071,3622000
2021-01-26,0.4699999988079071,0.4749999940395355,0.4350000023841858,0.4399999976158142,0.4399999976158142,1372000
2021-01-27,0.4449999928474426,0.48500001430511475,0.4449999928474426,0.47999998927116394,0.47999998927116394,4870000
2021-01-28,0.47999998927116394,0.48500001430511475,0.44999998807907104,0.45500001311302185,0.45500001311302185,2372000
2021-01-29,0.4650000035762787,0.47999998927116394,0.4449999928474426,0.45500001311302185,0.45500001311302185,974000
2021-02-01,0.44999998807907104,0.4749999940395355,0.44999998807907104,0.4699999988079071,0.4699999988079071,1304000
2021-02-02,0.4699999988079071,0.4749999940395355,0.44999998807907104,0.4650000035762787,0.4650000035762787,1232000
2021-02-03,0.44999998807907104,0.46000000834465027,0.4449999928474426,0.45500001311302185,0.45500001311302185,1344000
2021-02-04,0.4449999928474426,0.4699999988079071,0.4350000023841858,0.4699999988079071,0.4699999988079071,1454000
2021-02-05,0.4699999988079071,0.4749999940395355,0.44999998807907104,0.46000000834465027,0.46000000834465027,594000
2021-02-08,0.45500001311302185,0.46000000834465027,0.4449999928474426,0.44999998807907104,0.44999998807907104,1414000
2021-02-09,0.4399999976158142,0.4650000035762787,0.4399999976158142,0.46000000834465027,0.46000000834465027,1072000
2021-02-10,0.44999998807907104,0.45500001311302185,0.4449999928474426,0.44999998807907104,0.44999998807907104,1910000
2021-02-11,0.46000000834465027,0.46000000834465027,0.46000000834465027,0.46000000834465027,0.46000000834465027,0
2021-02-16,0.4699999988079071,0.5199999809265137,0.4650000035762787,0.5,0.5,6338000
2021-02-17,0.5099999904632568,0.6100000143051147,0.5,0.5199999809265137,0.5199999809265137,13914000
2021-02-18,0.5400000214576721,0.550000011920929,0.49000000953674316,0.5400000214576721,0.5400000214576721,5442000
2021-02-19,0.5400000214576721,0.5699999928474426,0.5099999904632568,0.5299999713897705,0.5299999713897705,3744000
2021-02-22,0.5400000214576721,0.5400000214576721,0.47999998927116394,0.47999998927116394,0.47999998927116394,3430000
2021-02-23,0.48500001430511475,0.5199999809265137,0.48500001430511475,0.48500001430511475,0.48500001430511475,2136000
2021-02-24,0.49000000953674316,0.5099999904632568,0.45500001311302185,0.47999998927116394,0.47999998927116394,4128000
2021-02-25,0.49000000953674316,0.49000000953674316,0.4699999988079071,0.47999998927116394,0.47999998927116394,754000
2021-02-26,0.46000000834465027,0.49000000953674316,0.45500001311302185,0.47999998927116394,0.47999998927116394,2454000
2021-03-01,0.4950000047683716,0.5,0.4749999940395355,0.48500001430511475,0.48500001430511475,1356000
2021-03-02,0.48500001430511475,0.48500001430511475,0.45500001311302185,0.45500001311302185,0.45500001311302185,1730000
2021-03-03,0.45500001311302185,0.46000000834465027,0.4449999928474426,0.46000000834465027,0.46000000834465027,1104000
2021-03-04,0.44999998807907104,0.44999998807907104,0.4449999928474426,0.4449999928474426,0.4449999928474426,970000
2021-03-05,0.4399999976158142,0.45500001311302185,0.4350000023841858,0.45500001311302185,0.45500001311302185,1052000
2021-03-08,0.4699999988079071,0.4699999988079071,0.4399999976158142,0.4449999928474426,0.4449999928474426,834000
2021-03-09,0.4399999976158142,0.4449999928474426,0.4300000071525574,0.4399999976158142,0.4399999976158142,1248000
2021-03-10,0.44999998807907104,0.44999998807907104,0.4350000023841858,0.4449999928474426,0.4449999928474426,782000
2021-03-11,0.4350000023841858,0.4449999928474426,0.4350000023841858,0.4449999928474426,0.4449999928474426,814000
2021-03-12,0.4399999976158142,0.4399999976158142,0.4350000023841858,0.4350000023841858,0.4350000023841858,920000
2021-03-15,0.4399999976158142,0.4399999976158142,0.4350000023841858,0.4350000023841858,0.4350000023841858,858000
2021-03-16,0.4399999976158142,0.4399999976158142,0.42500001192092896,0.4300000071525574,0.4300000071525574,1458000
2021-03-17,0.4300000071525574,0.44999998807907104,0.4300000071525574,0.4399999976158142,0.4399999976158142,716000
2021-03-18,0.44999998807907104,0.44999998807907104,0.44999998807907104,0.44999998807907104,0.44999998807907104,42000
2021-03-19,0.4399999976158142,0.4399999976158142,0.4350000023841858,0.4399999976158142,0.4399999976158142,174000
2021-03-22,0.4449999928474426,0.4449999928474426,0.4350000023841858,0.4399999976158142,0.4399999976158142,372000
2021-03-23,0.4350000023841858,0.4449999928474426,0.4300000071525574,0.4300000071525574,0.4300000071525574,1532000
2021-03-24,0.42500001192092896,0.4300000071525574,0.41499999165534973,0.41999998688697815,0.41999998688697815,1892000
2021-03-25,0.4050000011920929,0.4099999964237213,0.4050000011920929,0.4099999964237213,0.4099999964237213,566000
2021-03-26,0.4050000011920929,0.4099999964237213,0.4000000059604645,0.4099999964237213,0.4099999964237213,856000
2021-03-29,0.4099999964237213,0.41999998688697815,0.4050000011920929,0.4099999964237213,0.4099999964237213,346000
2021-03-30,0.4050000011920929,0.41499999165534973,0.4000000059604645,0.4000000059604645,0.4000000059604645,226000
2021-03-31,0.4000000059604645,0.4050000011920929,0.39500001072883606,0.39500001072883606,0.39500001072883606,338000
2021-04-01,0.4000000059604645,0.4050000011920929,0.4000000059604645,0.4000000059604645,0.4000000059604645,100000
2021-04-07,0.4099999964237213,0.4099999964237213,0.3799999952316284,0.3799999952316284,0.3799999952316284,732000
2021-04-08,0.38999998569488525,0.39500001072883606,0.375,0.38999998569488525,0.38999998569488525,2560000
2021-04-09,0.4000000059604645,0.42500001192092896,0.39500001072883606,0.41999998688697815,0.41999998688697815,818000
2021-04-12,0.4050000011920929,0.41499999165534973,0.39500001072883606,0.4000000059604645,0.4000000059604645,396000
2021-04-13,0.4099999964237213,0.4099999964237213,0.38999998569488525,0.4000000059604645,0.4000000059604645,238000
2021-04-14,0.39500001072883606,0.4050000011920929,0.39500001072883606,0.4000000059604645,0.4000000059604645,134000
2021-04-15,0.38999998569488525,0.4000000059604645,0.38499999046325684,0.4000000059604645,0.4000000059604645,242000
2021-04-16,0.39500001072883606,0.4000000059604645,0.38999998569488525,0.38999998569488525,0.38999998569488525,78000
2021-04-19,0.38999998569488525,0.4050000011920929,0.3700000047683716,0.39500001072883606,0.39500001072883606,1442000
2021-04-20,0.39500001072883606,0.4000000059604645,0.39500001072883606,0.4000000059604645,0.4000000059604645,156000
2021-04-21,0.4000000059604645,0.4000000059604645,0.38999998569488525,0.38999998569488525,0.38999998569488525,306000
2021-04-22,0.38499999046325684,0.4000000059604645,0.38499999046325684,0.4000000059604645,0.4000000059604645,450000
2021-04-23,0.4000000059604645,0.4000000059604645,0.38499999046325684,0.38999998569488525,0.38999998569488525,116000
2021-04-26,0.38999998569488525,0.39500001072883606,0.38999998569488525,0.39500001072883606,0.39500001072883606,10000
2021-04-27,0.39500001072883606,0.4050000011920929,0.38999998569488525,0.4050000011920929,0.4050000011920929,578000
2021-04-28,0.39500001072883606,0.4000000059604645,0.38999998569488525,0.38999998569488525,0.38999998569488525,130000
2021-04-29,0.39500001072883606,0.4000000059604645,0.39500001072883606,0.39500001072883606,0.39500001072883606,744000
2021-04-30,0.4000000059604645,0.4000000059604645,0.39500001072883606,0.39500001072883606,0.39500001072883606,142000
2021-05-03,0.38999998569488525,0.4099999964237213,0.38999998569488525,0.4099999964237213,0.4099999964237213,8000
2021-05-04,0.4000000059604645,0.4000000059604645,0.4000000059604645,0.4000000059604645,0.4000000059604645,0
2021-05-05,0.4000000059604645,0.4000000059604645,0.38999998569488525,0.38999998569488525,0.38999998569488525,86000
2021-05-06,0.38999998569488525,0.38999998569488525,0.38499999046325684,0.38499999046325684,0.38499999046325684,184000
2021-05-07,0.39500001072883606,0.4000000059604645,0.4000000059604645,0.4000000059604645,0.4000000059604645,18000
2021-05-10,0.38499999046325684,0.39500001072883606,0.375,0.3799999952316284,0.3799999952316284,472000
2021-05-11,0.38999998569488525,0.38999998569488525,0.36500000953674316,0.375,0.375,664000
2021-05-12,0.3700000047683716,0.38499999046325684,0.3700000047683716,0.38499999046325684,0.38499999046325684,458000
2021-05-13,0.36500000953674316,0.38499999046325684,0.36500000953674316,0.3799999952316284,0.3799999952316284,8000
2021-05-14,0.36500000953674316,0.38499999046325684,0.36500000953674316,0.3799999952316284,0.3799999952316284,320000
2021-05-17,0.3799999952316284,0.38999998569488525,0.375,0.375,0.375,192000
2021-05-18,0.375,0.375,0.3700000047683716,0.3700000047683716,0.3700000047683716,56000
2021-05-20,0.3700000047683716,0.3799999952316284,0.36500000953674316,0.36500000953674316,0.36500000953674316,662000
2021-05-21,0.3799999952316284,0.4000000059604645,0.3799999952316284,0.39500001072883606,0.39500001072883606,1164000
2021-05-24,0.39500001072883606,0.39500001072883606,0.38499999046325684,0.38999998569488525,0.38999998569488525,1018000
2021-05-25,0.38999998569488525,0.38999998569488525,0.3799999952316284,0.38999998569488525,0.38999998569488525,138000
2021-05-26,0.3700000047683716,0.38999998569488525,0.3700000047683716,0.3799999952316284,0.3799999952316284,290000
2021-05-27,0.38499999046325684,0.38999998569488525,0.375,0.375,0.375,82000
2021-05-28,0.375,0.38999998569488525,0.375,0.38999998569488525,0.38999998569488525,390000
2021-05-31,0.38499999046325684,0.39500001072883606,0.38499999046325684,0.38999998569488525,0.38999998569488525,52000
2021-06-01,0.375,0.38499999046325684,0.375,0.38499999046325684,0.38499999046325684,94000
2021-06-02,0.3799999952316284,0.38499999046325684,0.36500000953674316,0.38499999046325684,0.38499999046325684,560000
2021-06-03,0.38499999046325684,0.38499999046325684,0.3799999952316284,0.38499999046325684,0.38499999046325684,30000
2021-06-04,0.3700000047683716,0.3799999952316284,0.3700000047683716,0.3799999952316284,0.3799999952316284,44000
2021-06-07,0.38999998569488525,0.39500001072883606,0.375,0.38999998569488525,0.38999998569488525,804000
2021-06-08,0.375,0.38499999046325684,0.3700000047683716,0.38499999046325684,0.38499999046325684,146000
2021-06-09,0.38999998569488525,0.38999998569488525,0.3700000047683716,0.375,0.375,318000
2021-06-10,0.3700000047683716,0.38499999046325684,0.36500000953674316,0.3799999952316284,0.3799999952316284,238000
2021-06-11,0.375,0.38999998569488525,0.375,0.38499999046325684,0.38499999046325684,110000
2021-06-15,0.38999998569488525,0.38999998569488525,0.38499999046325684,0.38999998569488525,0.38999998569488525,78000
2021-06-16,0.38999998569488525,0.38999998569488525,0.375,0.3799999952316284,0.3799999952316284,74000
2021-06-17,0.3799999952316284,0.38999998569488525,0.36500000953674316,0.38999998569488525,0.38999998569488525,776000
2021-06-18,0.375,0.38999998569488525,0.375,0.375,0.375,258000
2021-06-21,0.3799999952316284,0.38499999046325684,0.3700000047683716,0.3799999952316284,0.3799999952316284,184000
2021-06-22,0.3799999952316284,0.38999998569488525,0.3799999952316284,0.38999998569488525,0.38999998569488525,220000
2021-06-23,0.38999998569488525,0.39500001072883606,0.38999998569488525,0.38499999046325684,0.38499999046325684,58000
2021-06-24,0.375,0.3799999952316284,0.36500000953674316,0.36500000953674316,0.36500000953674316,736000
2021-06-25,0.36500000953674316,0.375,0.36500000953674316,0.375,0.375,208000
2021-06-28,0.375,0.3799999952316284,0.375,0.3799999952316284,0.3799999952316284,130000
2021-06-29,0.3799999952316284,0.3799999952316284,0.3700000047683716,0.3700000047683716,0.3700000047683716,362000
2021-06-30,0.375,0.375,0.36500000953674316,0.36500000953674316,0.36500000953674316,156000
2021-07-02,0.3700000047683716,0.41999998688697815,0.3700000047683716,0.41999998688697815,0.41999998688697815,686000
2021-07-05,0.4000000059604645,0.4099999964237213,0.38999998569488525,0.4099999964237213,0.4099999964237213,652000
2021-07-06,0.38999998569488525,0.4050000011920929,0.38999998569488525,0.4050000011920929,0.4050000011920929,90000
2021-07-07,0.4000000059604645,0.4000000059604645,0.38499999046325684,0.38499999046325684,0.38499999046325684,90000
2021-07-08,0.3799999952316284,0.3799999952316284,0.3799999952316284,0.3799999952316284,0.3799999952316284,198000
2021-07-09,0.39500001072883606,0.39500001072883606,0.3799999952316284,0.39500001072883606,0.39500001072883606,260000
2021-07-12,0.38999998569488525,0.39500001072883606,0.38999998569488525,0.39500001072883606,0.39500001072883606,182000
2021-07-13,0.38499999046325684,0.4099999964237213,0.38499999046325684,0.4099999964237213,0.4099999964237213,626000
2021-07-14,0.4000000059604645,0.4099999964237213,0.4000000059604645,0.4050000011920929,0.4050000011920929,218000
2021-07-15,0.4099999964237213,0.41999998688697815,0.4099999964237213,0.41999998688697815,0.41999998688697815,530000
2021-07-16,0.41999998688697815,0.4699999988079071,0.41999998688697815,0.45500001311302185,0.45500001311302185,5638000
2021-07-19,0.44999998807907104,0.46000000834465027,0.42500001192092896,0.4449999928474426,0.4449999928474426,3174000
2021-07-20,0.4300000071525574,0.4399999976158142,0.41499999165534973,0.4350000023841858,0.4350000023841858,1758000
2021-07-21,0.41999998688697815,0.45500001311302185,0.41999998688697815,0.44999998807907104,0.44999998807907104,1338000
2021-07-22,0.45500001311302185,0.45500001311302185,0.4350000023841858,0.4399999976158142,0.4399999976158142,426000
2021-07-23,0.4399999976158142,0.44999998807907104,0.4350000023841858,0.4399999976158142,0.4399999976158142,610000
2021-07-26,0.4300000071525574,0.4399999976158142,0.4000000059604645,0.41499999165534973,0.41499999165534973,1098000
2021-07-27,0.4099999964237213,0.41499999165534973,0.3700000047683716,0.38999998569488525,0.38999998569488525,938000
2021-07-28,0.38499999046325684,0.4000000059604645,0.3700000047683716,0.39500001072883606,0.39500001072883606,1790000
2021-07-29,0.39500001072883606,0.41999998688697815,0.38999998569488525,0.4099999964237213,0.4099999964237213,986000
2021-07-30,0.4099999964237213,0.44999998807907104,0.4000000059604645,0.4399999976158142,0.4399999976158142,1484000
2021-08-02,0.44999998807907104,0.44999998807907104,0.4300000071525574,0.4399999976158142,0.4399999976158142,642000
2021-08-03,0.4399999976158142,0.45500001311302185,0.42500001192092896,0.44999998807907104,0.44999998807907104,530000
2021-08-04,0.44999998807907104,0.44999998807907104,0.4300000071525574,0.44999998807907104,0.44999998807907104,536000
2021-08-05,0.44999998807907104,0.45500001311302185,0.4399999976158142,0.4399999976158142,0.4399999976158142,416000
2021-08-06,0.4300000071525574,0.4449999928474426,0.41999998688697815,0.4350000023841858,0.4350000023841858,790000
2021-08-09,0.4350000023841858,0.4350000023841858,0.4350000023841858,0.4350000023841858,0.4350000023841858,146000
2021-08-10,0.41999998688697815,0.4350000023841858,0.4099999964237213,0.42500001192092896,0.42500001192092896,420000
2021-08-11,0.4350000023841858,0.4399999976158142,0.4350000023841858,0.4350000023841858,0.4350000023841858,220000
2021-08-12,0.4350000023841858,0.46000000834465027,0.4000000059604645,0.4449999928474426,0.4449999928474426,2136000
2021-08-13,0.44999998807907104,0.44999998807907104,0.4350000023841858,0.44999998807907104,0.44999998807907104,996000
2021-08-16,0.4399999976158142,0.46000000834465027,0.4399999976158142,0.45500001311302185,0.45500001311302185,650000
2021-08-17,0.45500001311302185,0.45500001311302185,0.42500001192092896,0.4300000071525574,0.4300000071525574,834000
2021-08-18,0.42500001192092896,0.4350000023841858,0.42500001192092896,0.4350000023841858,0.4350000023841858,184000
2021-08-19,0.4399999976158142,0.4399999976158142,0.42500001192092896,0.42500001192092896,0.42500001192092896,304000
2021-08-20,0.41999998688697815,0.4350000023841858,0.4050000011920929,0.4099999964237213,0.4099999964237213,502000
2021-08-23,0.4300000071525574,0.4300000071525574,0.4300000071525574,0.4300000071525574,0.4300000071525574,0
2021-08-24,0.4300000071525574,0.4350000023841858,0.41999998688697815,0.42500001192092896,0.42500001192092896,250000
2021-08-25,0.42500001192092896,0.42500001192092896,0.4050000011920929,0.4099999964237213,0.4099999964237213,1214000
2021-08-26,0.4050000011920929,0.4099999964237213,0.4000000059604645,0.4050000011920929,0.4050000011920929,440000
2021-08-27,0.4050000011920929,0.4099999964237213,0.38999998569488525,0.4099999964237213,0.4099999964237213,346000
2021-08-30,0.4050000011920929,0.4050000011920929,0.39500001072883606,0.39500001072883606,0.39500001072883606,504000
2021-08-31,0.38999998569488525,0.4000000059604645,0.38999998569488525,0.4000000059604645,0.4000000059604645,162000
2021-09-01,0.4000000059604645,0.4050000011920929,0.38999998569488525,0.4050000011920929,0.4050000011920929,268000
2021-09-02,0.39500001072883606,0.41999998688697815,0.38999998569488525,0.41499999165534973,0.41499999165534973,1172000
2021-09-03,0.41499999165534973,0.42500001192092896,0.4099999964237213,0.41999998688697815,0.41999998688697815,954000
2021-09-06,0.41999998688697815,0.42500001192092896,0.4099999964237213,0.41999998688697815,0.41999998688697815,552000
2021-09-07,0.4099999964237213,0.41999998688697815,0.4050000011920929,0.41499999165534973,0.41499999165534973,534000
2021-09-08,0.4099999964237213,0.4099999964237213,0.39500001072883606,0.4000000059604645,0.4000000059604645,1032000
2021-09-09,0.38999998569488525,0.39500001072883606,0.3799999952316284,0.3799999952316284,0.3799999952316284,1756000
2021-09-10,0.38499999046325684,0.4050000011920929,0.38499999046325684,0.4000000059604645,0.4000000059604645,544000
2021-09-13,0.39500001072883606,0.4000000059604645,0.38499999046325684,0.38499999046325684,0.38499999046325684,452000
2021-09-14,0.38999998569488525,0.38999998569488525,0.38499999046325684,0.38499999046325684,0.38499999046325684,184000
2021-09-15,0.38499999046325684,0.38499999046325684,0.36000001430511475,0.3799999952316284,0.3799999952316284,492000
2021-09-16,0.375,0.3799999952316284,0.36000001430511475,0.3799999952316284,0.3799999952316284,1528000
2021-09-17,0.3799999952316284,0.39500001072883606,0.3700000047683716,0.39500001072883606,0.39500001072883606,1124000
2021-09-20,0.39500001072883606,0.39500001072883606,0.3700000047683716,0.375,0.375,846000
2021-09-21,0.36500000953674316,0.375,0.36000001430511475,0.375,0.375,678000
2021-09-23,0.375,0.375,0.36500000953674316,0.3700000047683716,0.3700000047683716,602000
2021-09-24,0.3700000047683716,0.375,0.36000001430511475,0.36500000953674316,0.36500000953674316,1384000
2021-09-27,0.3700000047683716,0.38999998569488525,0.36000001430511475,0.38499999046325684,0.38499999046325684,1100000
2021-09-28,0.3799999952316284,0.39500001072883606,0.3799999952316284,0.38999998569488525,0.38999998569488525,658000
2021-09-29,0.375,0.38999998569488525,0.375,0.38999998569488525,0.38999998569488525,246000
2021-09-30,0.38499999046325684,0.38999998569488525,0.375,0.38999998569488525,0.38999998569488525,340000
2021-10-04,0.38999998569488525,0.38999998569488525,0.3700000047683716,0.3700000047683716,0.3700000047683716,628000
2021-10-05,0.3700000047683716,0.3799999952316284,0.3700000047683716,0.3700000047683716,0.3700000047683716,146000
2021-10-06,0.375,0.3799999952316284,0.3700000047683716,0.3799999952316284,0.3799999952316284,410000
2021-10-07,0.3799999952316284,0.38499999046325684,0.375,0.38499999046325684,0.38499999046325684,188000
2021-10-08,0.3799999952316284,0.3799999952316284,0.375,0.3799999952316284,0.3799999952316284,580000
2021-10-11,0.3799999952316284,0.38999998569488525,0.375,0.38999998569488525,0.38999998569488525,216000
2021-10-12,0.38499999046325684,0.38499999046325684,0.375,0.3799999952316284,0.3799999952316284,378000
2021-10-15,0.3799999952316284,0.3799999952316284,0.3700000047683716,0.3799999952316284,0.3799999952316284,630000
2021-10-18,0.375,0.375,0.3700000047683716,0.375,0.375,344000
2021-10-19,0.375,0.38499999046325684,0.375,0.3799999952316284,0.3799999952316284,990000
2021-10-20,0.3799999952316284,0.38499999046325684,0.375,0.3799999952316284,0.3799999952316284,518000
2021-10-21,0.3799999952316284,0.3799999952316284,0.3700000047683716,0.375,0.375,350000
2021-10-22,0.375,0.3799999952316284,0.3700000047683716,0.3799999952316284,0.3799999952316284,280000
2021-10-25,0.3799999952316284,0.3799999952316284,0.3700000047683716,0.375,0.375,464000
2021-10-26,0.375,0.38999998569488525,0.375,0.38999998569488525,0.38999998569488525,1240000
2021-10-27,0.38499999046325684,0.45500001311302185,0.375,0.45500001311302185,0.45500001311302185,19256000
2021-10-28,0.44999998807907104,0.46000000834465027,0.39500001072883606,0.4050000011920929,0.4050000011920929,12448000
2021-10-29,0.4050000011920929,0.4050000011920929,0.38499999046325684,0.38499999046325684,0.38499999046325684,4120000
2021-11-01,0.38499999046325684,0.38499999046325684,0.375,0.3799999952316284,0.3799999952316284,2222000
2021-11-02,0.38499999046325684,0.38499999046325684,0.3700000047683716,0.3799999952316284,0.3799999952316284,3666000
2021-11-03,0.3799999952316284,0.3799999952316284,0.3700000047683716,0.375,0.375,1026000
2021-11-04,0.375,0.3799999952316284,0.3700000047683716,0.3799999952316284,0.3799999952316284,530000
2021-11-05,0.375,0.3799999952316284,0.3700000047683716,0.3799999952316284,0.3799999952316284,2494000
2021-11-08,0.375,0.3799999952316284,0.3700000047683716,0.3799999952316284,0.3799999952316284,396000
2021-11-09,0.3799999952316284,0.38499999046325684,0.3799999952316284,0.3799999952316284,0.3799999952316284,876000
2021-11-10,0.3799999952316284,0.38499999046325684,0.3700000047683716,0.3799999952316284,0.3799999952316284,752000
2021-11-11,0.3799999952316284,0.3799999952316284,0.3700000047683716,0.375,0.375,118000
2021-11-12,0.375,0.38499999046325684,0.3700000047683716,0.38499999046325684,0.38499999046325684,594000
2021-11-15,0.3799999952316284,0.3799999952316284,0.3799999952316284,0.3799999952316284,0.3799999952316284,0
2021-11-16,0.38499999046325684,0.38499999046325684,0.375,0.38499999046325684,0.38499999046325684,322000
2021-11-17,0.38499999046325684,0.4000000059604645,0.3799999952316284,0.39500001072883606,0.39500001072883606,2870000
2021-11-18,0.38499999046325684,0.39500001072883606,0.38499999046325684,0.39500001072883606,0.39500001072883606,262000
2021-11-19,0.38999998569488525,0.39500001072883606,0.38499999046325684,0.38499999046325684,0.38499999046325684,172000
2021-11-22,0.38999998569488525,0.39500001072883606,0.38499999046325684,0.39500001072883606,0.39500001072883606,504000
2021-11-23,0.39500001072883606,0.4000000059604645,0.3799999952316284,0.4000000059604645,0.4000000059604645,2564000
2021-11-24,0.4000000059604645,0.4099999964237213,0.38999998569488525,0.39500001072883606,0.39500001072883606,1330000
2021-11-25,0.39500001072883606,0.39500001072883606,0.38499999046325684,0.38999998569488525,0.38999998569488525,212000
2021-11-26,0.38499999046325684,0.39500001072883606,0.375,0.39500001072883606,0.39500001072883606,878000
2021-11-29,0.38999998569488525,0.38999998569488525,0.3799999952316284,0.38499999046325684,0.38499999046325684,84000
2021-11-30,0.38499999046325684,0.38999998569488525,0.3799999952316284,0.38999998569488525,0.38999998569488525,444000
2021-12-01,0.38999998569488525,0.38999998569488525,0.3799999952316284,0.38499999046325684,0.38499999046325684,182000
2021-12-02,0.39500001072883606,0.39500001072883606,0.3799999952316284,0.38999998569488525,0.38999998569488525,172000
2021-12-03,0.38499999046325684,0.38499999046325684,0.3799999952316284,0.3799999952316284,0.3799999952316284,374000
2021-12-06,0.3799999952316284,0.3799999952316284,0.3700000047683716,0.3700000047683716,0.3700000047683716,620000
2021-12-07,0.3700000047683716,0.3799999952316284,0.3700000047683716,0.3799999952316284,0.3799999952316284,682000
2021-12-08,0.3799999952316284,0.38999998569488525,0.3799999952316284,0.38499999046325684,0.38499999046325684,92000
2021-12-09,0.375,0.38999998569488525,0.375,0.38499999046325684,0.38499999046325684,372000
2021-12-10,0.375,0.3799999952316284,0.3700000047683716,0.3799999952316284,0.3799999952316284,1078000
2021-12-13,0.3799999952316284,0.3799999952316284,0.3700000047683716,0.375,0.375,120000
2021-12-14,0.3799999952316284,0.3799999952316284,0.36000001430511475,0.3700000047683716,0.3700000047683716,818000
2021-12-15,0.3700000047683716,0.375,0.3700000047683716,0.375,0.375,282000
2021-12-16,0.3799999952316284,0.3799999952316284,0.3799999952316284,0.3799999952316284,0.3799999952316284,0
2021-12-17,0.3799999952316284,0.38499999046325684,0.36500000953674316,0.38499999046325684,0.38499999046325684,640000
2021-12-20,0.38499999046325684,0.38499999046325684,0.36000001430511475,0.36500000953674316,0.36500000953674316,1960000
2021-12-21,0.36000001430511475,0.3799999952316284,0.36000001430511475,0.3799999952316284,0.3799999952316284,1290000
2021-12-22,0.38499999046325684,0.38499999046325684,0.3799999952316284,0.38499999046325684,0.38499999046325684,564000
2021-12-23,0.38499999046325684,0.38499999046325684,0.3799999952316284,0.3799999952316284,0.3799999952316284,42000
2021-12-24,0.38499999046325684,0.38499999046325684,0.38499999046325684,0.38499999046325684,0.38499999046325684,12000
2021-12-28,0.38499999046325684,0.38499999046325684,0.3700000047683716,0.3700000047683716,0.3700000047683716,68000
2021-12-29,0.375,0.3799999952316284,0.36000001430511475,0.375,0.375,692000
2021-12-30,0.36500000953674316,0.3799999952316284,0.36500000953674316,0.3799999952316284,0.3799999952316284,242000
2021-12-31,0.3799999952316284,0.3799999952316284,0.3700000047683716,0.375,0.375,70000
2022-01-03,0.3799999952316284,0.3799999952316284,0.375,0.3799999952316284,0.3799999952316284,110000
2022-01-04,0.3700000047683716,0.3799999952316284,0.3700000047683716,0.3799999952316284,0.3799999952316284,142000
2022-01-05,0.3799999952316284,0.3799999952316284,0.375,0.3799999952316284,0.3799999952316284,74000
2022-01-06,0.3799999952316284,0.3799999952316284,0.36500000953674316,0.3799999952316284,0.3799999952316284,666000
2022-01-07,0.3700000047683716,0.3700000047683716,0.36500000953674316,0.36500000953674316,0.36500000953674316,744000
2022-01-10,0.3700000047683716,0.3700000047683716,0.36500000953674316,0.3700000047683716,0.3700000047683716,12000
2022-01-11,0.3700000047683716,0.3700000047683716,0.36500000953674316,0.3700000047683716,0.3700000047683716,166000
2022-01-12,0.36000001430511475,0.3700000047683716,0.36000001430511475,0.3700000047683716,0.3700000047683716,2262000
2022-01-13,0.36500000953674316,0.36500000953674316,0.36000001430511475,0.36000001430511475,0.36000001430511475,1188000
2022-01-14,0.36000001430511475,0.36000001430511475,0.3449999988079071,0.36000001430511475,0.36000001430511475,768000
2022-01-17,0.36000001430511475,0.36500000953674316,0.3449999988079071,0.36500000953674316,0.36500000953674316,960000
2022-01-18,0.3700000047683716,0.3700000047683716,0.35499998927116394,0.3700000047683716,0.3700000047683716,68000
2022-01-19,0.35499998927116394,0.36000001430511475,0.35499998927116394,0.36000001430511475,0.36000001430511475,672000
2022-01-20,0.35499998927116394,0.35499998927116394,0.3499999940395355,0.3499999940395355,0.3499999940395355,1170000
2022-01-21,0.35499998927116394,0.35499998927116394,0.3499999940395355,0.35499998927116394,0.35499998927116394,482000
2022-01-24,0.3499999940395355,0.36500000953674316,0.3400000035762787,0.36500000953674316,0.36500000953674316,2144000
2022-01-25,0.36500000953674316,0.375,0.36500000953674316,0.375,0.375,276000
2022-01-26,0.375,0.375,0.36000001430511475,0.375,0.375,70000
2022-01-27,0.36000001430511475,0.375,0.36000001430511475,0.375,0.375,68000
2022-01-28,0.375,0.375,0.36000001430511475,0.375,0.375,282000
2022-01-31,0.375,0.375,0.375,0.375,0.375,0
2022-02-04,0.375,0.375,0.35499998927116394,0.3700000047683716,0.3700000047683716,1012000
2022-02-07,0.375,0.375,0.375,0.375,0.375,0
2022-02-08,0.375,0.375,0.35499998927116394,0.35499998927116394,0.35499998927116394,2440000
2022-02-09,0.35499998927116394,0.36000001430511475,0.3400000035762787,0.3400000035762787,0.3400000035762787,3038000
2022-02-10,0.3449999988079071,0.3499999940395355,0.3400000035762787,0.3449999988079071,0.3449999988079071,532000
2022-02-11,0.3449999988079071,0.3499999940395355,0.3400000035762787,0.3499999940395355,0.3499999940395355,314000
2022-02-14,0.3499999940395355,0.3700000047683716,0.3449999988079071,0.36500000953674316,0.36500000953674316,1168000
2022-02-15,0.36000001430511475,0.36000001430511475,0.3499999940395355,0.36000001430511475,0.36000001430511475,20000
2022-02-16,0.35499998927116394,0.35499998927116394,0.3400000035762787,0.3449999988079071,0.3449999988079071,1692000
2022-02-17,0.3449999988079071,0.3499999940395355,0.3400000035762787,0.3449999988079071,0.3449999988079071,38000
2022-02-18,0.3400000035762787,0.3400000035762787,0.3400000035762787,0.3400000035762787,0.3400000035762787,790000
2022-02-21,0.3400000035762787,0.3400000035762787,0.3400000035762787,0.3400000035762787,0.3400000035762787,48000
2022-02-22,0.33500000834465027,0.3449999988079071,0.33500000834465027,0.3449999988079071,0.3449999988079071,782000
2022-02-23,0.3449999988079071,0.35499998927116394,0.33500000834465027,0.35499998927116394,0.35499998927116394,256000
2022-02-24,0.3400000035762787,0.35499998927116394,0.33500000834465027,0.35499998927116394,0.35499998927116394,730000
2022-02-25,0.3499999940395355,0.35499998927116394,0.3499999940395355,0.35499998927116394,0.35499998927116394,532000
2022-02-28,0.3499999940395355,0.35499998927116394,0.3400000035762787,0.35499998927116394,0.35499998927116394,362000
2022-03-01,0.3400000035762787,0.3400000035762787,0.33500000834465027,0.33500000834465027,0.33500000834465027,1628000
2022-03-02,0.33500000834465027,0.33500000834465027,0.33000001311302185,0.33500000834465027,0.33500000834465027,262000
2022-03-03,0.33000001311302185,0.33500000834465027,0.3199999928474426,0.33000001311302185,0.33000001311302185,148000
2022-03-04,0.33000001311302185,0.33500000834465027,0.3149999976158142,0.33000001311302185,0.33000001311302185,696000
2022-03-07,0.33000001311302185,0.33000001311302185,0.3149999976158142,0.3149999976158142,0.3149999976158142,978000
2022-03-08,0.3199999928474426,0.3799999952316284,0.3199999928474426,0.375,0.375,3362000
2022-03-09,0.3700000047683716,0.36000001430511475,0.3449999988079071,0.3499999940395355,0.3499999940395355,298000
2022-03-10,0.35499998927116394,0.35499998927116394,0.3449999988079071,0.35499998927116394,0.35499998927116394,468000
2022-03-11,0.3499999940395355,0.36000001430511475,0.3199999928474426,0.36000001430511475,0.36000001430511475,6838000
2022-03-14,0.36000001430511475,0.36000001430511475,0.33000001311302185,0.36000001430511475,0.36000001430511475,1550000
2022-03-15,0.3400000035762787,0.3499999940395355,0.29499998688697815,0.32499998807907104,0.32499998807907104,5704000
2022-03-16,0.33000001311302185,0.35499998927116394,0.33000001311302185,0.33500000834465027,0.33500000834465027,624000
2022-03-17,0.33500000834465027,0.3499999940395355,0.33500000834465027,0.3499999940395355,0.3499999940395355,414000
2022-03-18,0.3499999940395355,0.3499999940395355,0.33500000834465027,0.3499999940395355,0.3499999940395355,62000
2022-03-21,0.3499999940395355,0.3499999940395355,0.3499999940395355,0.3499999940395355,0.3499999940395355,26000
2022-03-22,0.3499999940395355,0.3499999940395355,0.3499999940395355,0.3499999940395355,0.3499999940395355,0
2022-03-23,0.3499999940395355,0.3499999940395355,0.3449999988079071,0.3449999988079071,0.3449999988079071,106000
2022-03-24,0.3499999940395355,0.3499999940395355,0.3499999940395355,0.3499999940395355,0.3499999940395355,164000
2022-03-25,0.3499999940395355,0.3499999940395355,0.33000001311302185,0.3499999940395355,0.3499999940395355,436000
2022-03-28,0.3499999940395355,0.3449999988079071,0.33500000834465027,0.3449999988079071,0.3449999988079071,146000
2022-03-29,0.3449999988079071,0.35499998927116394,0.33500000834465027,0.35499998927116394,0.35499998927116394,4562000
2022-03-30,0.35499998927116394,0.35499998927116394,0.35499998927116394,0.35499998927116394,0.35499998927116394,64000
2022-03-31,0.35499998927116394,0.35499998927116394,0.35499998927116394,0.35499998927116394,0.35499998927116394,14000
2022-04-01,0.35499998927116394,0.35499998927116394,0.33500000834465027,0.3400000035762787,0.3400000035762787,426000
2022-04-04,0.3449999988079071,0.3449999988079071,0.30000001192092896,0.32499998807907104,0.32499998807907104,6102000
2022-04-06,0.3199999928474426,0.32499998807907104,0.3199999928474426,0.32499998807907104,0.32499998807907104,640000
2022-04-07,0.32499998807907104,0.32499998807907104,0.3050000071525574,0.3050000071525574,0.3050000071525574,1268000
2022-04-08,0.3100000023841858,0.33000001311302185,0.3050000071525574,0.3149999976158142,0.3149999976158142,1228000
2022-04-11,0.32499998807907104,0.33000001311302185,0.3199999928474426,0.33000001311302185,0.33000001311302185,288000
2022-04-12,0.33500000834465027,0.33500000834465027,0.3149999976158142,0.32499998807907104,0.32499998807907104,266000
2022-04-13,0.33500000834465027,0.33500000834465027,0.3100000023841858,0.3149999976158142,0.3149999976158142,988000
2022-04-14,0.3199999928474426,0.3199999928474426,0.3199999928474426,0.3199999928474426,0.3199999928474426,0
2022-04-19,0.33000001311302185,0.33000001311302185,0.3100000023841858,0.3149999976158142,0.3149999976158142,536000
2022-04-20,0.32499998807907104,0.32499998807907104,0.3100000023841858,0.3100000023841858,0.3100000023841858,536000
2022-04-21,0.3199999928474426,0.3199999928474426,0.3100000023841858,0.3199999928474426,0.3199999928474426,214000
2022-04-22,0.3199999928474426,0.32499998807907104,0.3100000023841858,0.32499998807907104,0.32499998807907104,1038000
2022-04-25,0.32499998807907104,0.33000001311302185,0.3100000023841858,0.3149999976158142,0.3149999976158142,618000
2022-04-26,0.3149999976158142,0.36000001430511475,0.3149999976158142,0.35499998927116394,0.35499998927116394,2072000
2022-04-27,0.3400000035762787,0.3449999988079071,0.33000001311302185,0.3449999988079071,0.3449999988079071,270000
2022-04-28,0.3449999988079071,0.3449999988079071,0.33000001311302185,0.3400000035762787,0.3400000035762787,20000
2022-04-29,0.3449999988079071,0.3449999988079071,0.32499998807907104,0.3400000035762787,0.3400000035762787,610000
2022-05-03,0.3400000035762787,0.3400000035762787,0.3400000035762787,0.3400000035762787,0.3400000035762787,0
2022-05-04,0.3400000035762787,0.3400000035762787,0.32499998807907104,0.3400000035762787,0.3400000035762787,20000
2022-05-05,0.3400000035762787,0.3400000035762787,0.3400000035762787,0.3400000035762787,0.3400000035762787,14000
2022-05-06,0.32499998807907104,0.32499998807907104,0.3100000023841858,0.32499998807907104,0.32499998807907104,1774000
2022-05-10,0.3149999976158142,0.32499998807907104,0.3100000023841858,0.32499998807907104,0.32499998807907104,322000
2022-05-11,0.32499998807907104,0.32499998807907104,0.3100000023841858,0.3199999928474426,0.3199999928474426,306000
2022-05-12,0.3100000023841858,0.3149999976158142,0.3100000023841858,0.3100000023841858,0.3100000023841858,562000
2022-05-13,0.3100000023841858,0.33500000834465027,0.3050000071525574,0.3100000023841858,0.3100000023841858,588000
2022-05-16,0.3100000023841858,0.3149999976158142,0.3100000023841858,0.3149999976158142,0.3149999976158142,346000
2022-05-17,0.3149999976158142,0.3149999976158142,0.3149999976158142,0.3149999976158142,0.3149999976158142,100000
2022-05-18,0.3149999976158142,0.3199999928474426,0.3100000023841858,0.3149999976158142,0.3149999976158142,1376000
2022-05-19,0.3199999928474426,0.32499998807907104,0.3100000023841858,0.3149999976158142,0.3149999976158142,348000
2022-05-20,0.3100000023841858,0.3149999976158142,0.3100000023841858,0.3149999976158142,0.3149999976158142,510000
2022-05-23,0.3100000023841858,0.3100000023841858,0.3100000023841858,0.3100000023841858,0.3100000023841858,574000
2022-05-24,0.3149999976158142,0.3149999976158142,0.3050000071525574,0.3100000023841858,0.3100000023841858,30000
2022-05-25,0.3050000071525574,0.3149999976158142,0.3050000071525574,0.3149999976158142,0.3149999976158142,276000
2022-05-26,0.3050000071525574,0.3400000035762787,0.3050000071525574,0.3400000035762787,0.3400000035762787,808000
2022-05-27,0.33500000834465027,0.33500000834465027,0.3149999976158142,0.33500000834465027,0.33500000834465027,514000
2022-05-30,0.3199999928474426,0.33500000834465027,0.3149999976158142,0.33500000834465027,0.33500000834465027,302000
2022-05-31,0.32499998807907104,0.33500000834465027,0.3199999928474426,0.33500000834465027,0.33500000834465027,552000
2022-06-01,0.33500000834465027,0.3700000047683716,0.33500000834465027,0.3449999988079071,0.3449999988079071,22822000
2022-06-02,0.3400000035762787,0.3400000035762787,0.3199999928474426,0.33000001311302185,0.33000001311302185,4704000
2022-06-06,0.3199999928474426,0.3400000035762787,0.3199999928474426,0.3400000035762787,0.3400000035762787,866000
2022-06-07,0.33500000834465027,0.33500000834465027,0.3199999928474426,0.32499998807907104,0.32499998807907104,1658000
2022-06-08,0.32499998807907104,0.32499998807907104,0.3149999976158142,0.32499998807907104,0.32499998807907104,2546000
2022-06-09,0.32499998807907104,0.33000001311302185,0.3149999976158142,0.33000001311302185,0.33000001311302185,1480000
2022-06-10,0.33000001311302185,0.33000001311302185,0.3199999928474426,0.33000001311302185,0.33000001311302185,1920000
2022-06-13,0.32499998807907104,0.33000001311302185,0.32499998807907104,0.33000001311302185,0.33000001311302185,426000
2022-06-14,0.32499998807907104,0.33000001311302185,0.3199999928474426,0.32499998807907104,0.32499998807907104,932000
2022-06-15,0.3199999928474426,0.32499998807907104,0.3199999928474426,0.32499998807907104,0.32499998807907104,756000
2022-06-16,0.32499998807907104,0.32499998807907104,0.3149999976158142,0.32499998807907104,0.32499998807907104,2278000
2022-06-17,0.3199999928474426,0.33000001311302185,0.3199999928474426,0.33000001311302185,0.33000001311302185,1566000
2022-06-20,0.33000001311302185,0.33500000834465027,0.32499998807907104,0.33000001311302185,0.33000001311302185,780000
2022-06-21,0.33000001311302185,0.3400000035762787,0.33000001311302185,0.3400000035762787,0.3400000035762787,716000
2022-06-22,0.33500000834465027,0.3400000035762787,0.33500000834465027,0.33500000834465027,0.33500000834465027,172000
2022-06-23,0.3400000035762787,0.36000001430511475,0.33500000834465027,0.35499998927116394,0.35499998927116394,7284000
2022-06-24,0.36000001430511475,0.36000001430511475,0.3449999988079071,0.3449999988079071,0.3449999988079071,502000
2022-06-27,0.3499999940395355,0.36000001430511475,0.3449999988079071,0.3449999988079071,0.3449999988079071,1328000
2022-06-28,0.3499999940395355,0.36000001430511475,0.3400000035762787,0.3449999988079071,0.3449999988079071,4940000
2022-06-29,0.3449999988079071,0.3449999988079071,0.3400000035762787,0.3449999988079071,0.3449999988079071,588000
2022-06-30,0.3449999988079071,0.3499999940395355,0.33000001311302185,0.33500000834465027,0.33500000834465027,680000
2022-07-04,0.33500000834465027,0.33500000834465027,0.32499998807907104,0.33000001311302185,0.33000001311302185,592000
2022-07-05,0.33000001311302185,0.3499999940395355,0.3199999928474426,0.3199999928474426,0.3199999928474426,1770000
2022-07-06,0.32499998807907104,0.3400000035762787,0.32499998807907104,0.33000001311302185,0.33000001311302185,1202000
2022-07-07,0.33000001311302185,0.3449999988079071,0.32499998807907104,0.33000001311302185,0.33000001311302185,802000
2022-07-08,0.3400000035762787,0.3499999940395355,0.33500000834465027,0.3449999988079071,0.3449999988079071,2398000
2022-07-11,0.36000001430511475,0.36000001430511475,0.3400000035762787,0.3449999988079071,0.3449999988079071,478000
2022-07-12,0.36000001430511475,0.36000001430511475,0.33500000834465027,0.3449999988079071,0.3449999988079071,276000
2022-07-13,0.3499999940395355,0.3499999940395355,0.3400000035762787,0.3449999988079071,0.3449999988079071,672000
2022-07-14,0.3499999940395355,0.3499999940395355,0.32499998807907104,0.33500000834465027,0.33500000834465027,1254000
2022-07-15,0.32499998807907104,0.33000001311302185,0.3199999928474426,0.33000001311302185,0.33000001311302185,2412000
2022-07-18,0.3199999928474426,0.32499998807907104,0.3199999928474426,0.3199999928474426,0.3199999928474426,1196000
2022-07-19,0.3149999976158142,0.3199999928474426,0.3050000071525574,0.3149999976158142,0.3149999976158142,988000
2022-07-20,0.3199999928474426,0.3199999928474426,0.3100000023841858,0.3149999976158142,0.3149999976158142,1116000
2022-07-21,0.3199999928474426,0.33000001311302185,0.3149999976158142,0.33000001311302185,0.33000001311302185,642000
2022-07-22,0.32499998807907104,0.33000001311302185,0.3199999928474426,0.33000001311302185,0.33000001311302185,908000
2022-07-25,0.33000001311302185,0.33500000834465027,0.32499998807907104,0.33000001311302185,0.33000001311302185,160000
2022-07-26,0.3199999928474426,0.3400000035762787,0.3199999928474426,0.3400000035762787,0.3400000035762787,1300000
2022-07-27,0.33000001311302185,0.33500000834465027,0.32499998807907104,0.33500000834465027,0.33500000834465027,82000
2022-07-28,0.32499998807907104,0.33000001311302185,0.3199999928474426,0.33000001311302185,0.33000001311302185,122000
2022-07-29,0.32499998807907104,0.32499998807907104,0.32499998807907104,0.32499998807907104,0.32499998807907104,0
2022-08-01,0.32499998807907104,0.32499998807907104,0.3199999928474426,0.32499998807907104,0.32499998807907104,684000
2022-08-02,0.3149999976158142,0.33000001311302185,0.3100000023841858,0.33000001311302185,0.33000001311302185,1112000
2022-08-03,0.3199999928474426,0.33000001311302185,0.3149999976158142,0.33000001311302185,0.33000001311302185,366000
2022-08-04,0.33000001311302185,0.33000001311302185,0.3149999976158142,0.3149999976158142,0.3149999976158142,608000
2022-08-05,0.3199999928474426,0.3199999928474426,0.3149999976158142,0.3149999976158142,0.3149999976158142,50000
2022-08-08,0.3149999976158142,0.32499998807907104,0.3149999976158142,0.32499998807907104,0.32499998807907104,344000
2022-08-09,0.3149999976158142,0.32499998807907104,0.3149999976158142,0.32499998807907104,0.32499998807907104,224000
2022-08-10,0.3199999928474426,0.32499998807907104,0.3149999976158142,0.32499998807907104,0.32499998807907104,482000
2022-08-11,0.33000001311302185,0.3400000035762787,0.3199999928474426,0.33500000834465027,0.33500000834465027,808000
2022-08-12,0.33000001311302185,0.33500000834465027,0.32499998807907104,0.32499998807907104,0.32499998807907104,36000
2022-08-15,0.33000001311302185,0.33000001311302185,0.32499998807907104,0.32499998807907104,0.32499998807907104,122000
2022-08-16,0.33000001311302185,0.33500000834465027,0.3199999928474426,0.32499998807907104,0.32499998807907104,608000
2022-08-17,0.33500000834465027,0.33500000834465027,0.33500000834465027,0.33500000834465027,0.33500000834465027,0
2022-08-18,0.33000001311302185,0.33000001311302185,0.33000001311302185,0.33000001311302185,0.33000001311302185,0
2022-08-19,0.3199999928474426,0.32499998807907104,0.3149999976158142,0.3199999928474426,0.3199999928474426,640000
2022-08-22,0.32499998807907104,0.33000001311302185,0.3199999928474426,0.32499998807907104,0.32499998807907104,2442000
2022-08-23,0.3199999928474426,0.32499998807907104,0.3199999928474426,0.3199999928474426,0.3199999928474426,228000
2022-08-24,0.32499998807907104,0.32499998807907104,0.3149999976158142,0.32499998807907104,0.32499998807907104,1166000
2022-08-25,0.32499998807907104,0.33000001311302185,0.32499998807907104,0.33000001311302185,0.33000001311302185,402000
2022-08-26,0.33000001311302185,0.33000001311302185,0.32499998807907104,0.33000001311302185,0.33000001311302185,154000
2022-08-29,0.33000001311302185,0.33000001311302185,0.3149999976158142,0.3149999976158142,0.3149999976158142,1854000
2022-08-30,0.3149999976158142,0.3149999976158142,0.3050000071525574,0.3050000071525574,0.3050000071525574,452000
2022-08-31,0.3050000071525574,0.3199999928474426,0.30000001192092896,0.3199999928474426,0.3199999928474426,1330000
2022-09-01,0.3199999928474426,0.3199999928474426,0.3100000023841858,0.3149999976158142,0.3149999976158142,34000
2022-09-02,0.3149999976158142,0.3199999928474426,0.3100000023841858,0.3199999928474426,0.3199999928474426,830000
2022-09-05,0.3100000023841858,0.3149999976158142,0.3050000071525574,0.3149999976158142,0.3149999976158142,626000
2022-09-06,0.3100000023841858,0.3149999976158142,0.3100000023841858,0.3100000023841858,0.3100000023841858,12000
2022-09-07,0.3050000071525574,0.3050000071525574,0.3050000071525574,0.3050000071525574,0.3050000071525574,36000
2022-09-08,0.3050000071525574,0.3199999928474426,0.30000001192092896,0.3199999928474426,0.3199999928474426,638000
2022-09-09,0.3199999928474426,0.32499998807907104,0.3100000023841858,0.3199999928474426,0.3199999928474426,624000
2022-09-13,0.3100000023841858,0.3199999928474426,0.3100000023841858,0.3199999928474426,0.3199999928474426,654000
2022-09-14,0.3149999976158142,0.3199999928474426,0.3100000023841858,0.3199999928474426,0.3199999928474426,216000
2022-09-15,0.3199999928474426,0.3199999928474426,0.3050000071525574,0.3100000023841858,0.3100000023841858,850000
2022-09-16,0.3149999976158142,0.3199999928474426,0.3050000071525574,0.3199999928474426,0.3199999928474426,716000
2022-09-19,0.3100000023841858,0.3199999928474426,0.3100000023841858,0.3199999928474426,0.3199999928474426,268000
2022-09-20,0.3199999928474426,0.3199999928474426,0.3100000023841858,0.3199999928474426,0.3199999928474426,302000
2022-09-21,0.3199999928474426,0.3199999928474426,0.3199999928474426,0.3199999928474426,0.3199999928474426,4000
2022-09-22,0.3100000023841858,0.3100000023841858,0.2549999952316284,0.25999999046325684,0.25999999046325684,3658000
2022-09-23,0.2750000059604645,0.29499998688697815,0.26499998569488525,0.28999999165534973,0.28999999165534973,3052000
2022-09-26,0.29499998688697815,0.29499998688697815,0.2800000011920929,0.29499998688697815,0.29499998688697815,226000
2022-09-27,0.29499998688697815,0.3199999928474426,0.2750000059604645,0.3199999928474426,0.3199999928474426,1084000
2022-09-28,0.32499998807907104,0.33500000834465027,0.29499998688697815,0.33500000834465027,0.33500000834465027,1466000
2022-09-29,0.3149999976158142,0.33500000834465027,0.2849999964237213,0.32499998807907104,0.32499998807907104,1572000
2022-09-30,0.32499998807907104,0.33000001311302185,0.3100000023841858,0.33000001311302185,0.33000001311302185,946000
2022-10-03,0.3199999928474426,0.33000001311302185,0.30000001192092896,0.33000001311302185,0.33000001311302185,724000
2022-10-05,0.33000001311302185,0.33500000834465027,0.3199999928474426,0.33500000834465027,0.33500000834465027,104000
2022-10-06,0.33000001311302185,0.33500000834465027,0.3149999976158142,0.33500000834465027,0.33500000834465027,252000
2022-10-07,0.33500000834465027,0.33500000834465027,0.3149999976158142,0.33000001311302185,0.33000001311302185,970000
2022-10-10,0.3149999976158142,0.3199999928474426,0.30000001192092896,0.3199999928474426,0.3199999928474426,1324000
2022-10-11,0.3100000023841858,0.33000001311302185,0.3100000023841858,0.32499998807907104,0.32499998807907104,118000
2022-10-12,0.3100000023841858,0.32499998807907104,0.30000001192092896,0.3199999928474426,0.3199999928474426,2618000
2022-10-13,0.33000001311302185,0.33000001311302185,0.3100000023841858,0.3199999928474426,0.3199999928474426,268000
2022-10-14,0.3199999928474426,0.3199999928474426,0.3199999928474426,0.3199999928474426,0.3199999928474426,4000
2022-10-17,0.3100000023841858,0.3199999928474426,0.3100000023841858,0.3149999976158142,0.3149999976158142,516000
2022-10-18,0.3199999928474426,0.33500000834465027,0.3100000023841858,0.33000001311302185,0.33000001311302185,1018000
2022-10-19,0.375,0.38499999046325684,0.3050000071525574,0.3100000023841858,0.3100000023841858,21058000
2022-10-20,0.3100000023841858,0.3199999928474426,0.3050000071525574,0.3199999928474426,0.3199999928474426,1180000
2022-10-21,0.3100000023841858,0.3199999928474426,0.30000001192092896,0.3149999976158142,0.3149999976158142,1860000
2022-10-24,0.3050000071525574,0.3199999928474426,0.28999999165534973,0.3199999928474426,0.3199999928474426,2388000
2022-10-25,0.3199999928474426,0.3199999928474426,0.3100000023841858,0.3199999928474426,0.3199999928474426,326000
2022-10-26,0.3100000023841858,0.3149999976158142,0.3100000023841858,0.3149999976158142,0.3149999976158142,208000
2022-10-27,0.3149999976158142,0.3199999928474426,0.3149999976158142,0.3199999928474426,0.3199999928474426,324000
2022-10-28,0.3149999976158142,0.3199999928474426,0.3050000071525574,0.3199999928474426,0.3199999928474426,178000
2022-10-31,0.3050000071525574,0.3149999976158142,0.3050000071525574,0.3149999976158142,0.3149999976158142,38000
2022-11-01,0.3100000023841858,0.3149999976158142,0.3050000071525574,0.3149999976158142,0.3149999976158142,170000
2022-11-02,0.3050000071525574,0.3149999976158142,0.30000001192092896,0.3149999976158142,0.3149999976158142,512000
2022-11-03,0.3050000071525574,0.3199999928474426,0.29499998688697815,0.3199999928474426,0.3199999928474426,3716000
2022-11-04,0.3050000071525574,0.3199999928474426,0.3050000071525574,0.3199999928474426,0.3199999928474426,380000
2022-11-07,0.3050000071525574,0.3199999928474426,0.3050000071525574,0.3050000071525574,0.3050000071525574,494000
2022-11-08,0.3050000071525574,0.3199999928474426,0.3050000071525574,0.3199999928474426,0.3199999928474426,288000
2022-11-09,0.3100000023841858,0.3199999928474426,0.3100000023841858,0.3199999928474426,0.3199999928474426,116000
2022-11-10,0.3199999928474426,0.3400000035762787,0.3149999976158142,0.33000001311302185,0.33000001311302185,672000
2022-11-11,0.3149999976158142,0.33000001311302185,0.3149999976158142,0.32499998807907104,0.32499998807907104,134000
2022-11-14,0.32499998807907104,0.33000001311302185,0.3100000023841858,0.33000001311302185,0.33000001311302185,2734000
2022-11-15,0.32499998807907104,0.3400000035762787,0.3149999976158142,0.3400000035762787,0.3400000035762787,592000
2022-11-16,0.3199999928474426,0.33000001311302185,0.3199999928474426,0.33000001311302185,0.33000001311302185,90000
2022-11-17,0.3199999928474426,0.33000001311302185,0.3149999976158142,0.33000001311302185,0.33000001311302185,62000
2022-11-18,0.3199999928474426,0.33000001311302185,0.3199999928474426,0.33000001311302185,0.33000001311302185,240000
2022-11-21,0.33000001311302185,0.33000001311302185,0.33000001311302185,0.33000001311302185,0.33000001311302185,0
2022-11-22,0.3199999928474426,0.32499998807907104,0.3149999976158142,0.32499998807907104,0.32499998807907104,224000
2022-11-23,0.3149999976158142,0.32499998807907104,0.3149999976158142,0.32499998807907104,0.32499998807907104,262000
2022-11-24,0.32499998807907104,0.32499998807907104,0.3149999976158142,0.32499998807907104,0.32499998807907104,210000
2022-11-25,0.33000001311302185,0.33000001311302185,0.3149999976158142,0.32499998807907104,0.32499998807907104,120000
2022-11-28,0.32499998807907104,0.32499998807907104,0.32499998807907104,0.32499998807907104,0.32499998807907104,6000
2022-11-29,0.3149999976158142,0.32499998807907104,0.3050000071525574,0.3199999928474426,0.3199999928474426,782000
2022-11-30,0.32499998807907104,0.32499998807907104,0.3199999928474426,0.32499998807907104,0.32499998807907104,14000
2022-12-01,0.32499998807907104,0.32499998807907104,0.32499998807907104,0.32499998807907104,0.32499998807907104,0
2022-12-02,0.32499998807907104,0.32499998807907104,0.3199999928474426,0.32499998807907104,0.32499998807907104,10000
2022-12-05,0.32499998807907104,0.33000001311302185,0.3149999976158142,0.33000001311302185,0.33000001311302185,932000
2022-12-06,0.33000001311302185,0.33500000834465027,0.3199999928474426,0.33500000834465027,0.33500000834465027,1334000
2022-12-07,0.33000001311302185,0.33500000834465027,0.33000001311302185,0.33500000834465027,0.33500000834465027,374000
2022-12-08,0.3199999928474426,0.33000001311302185,0.3199999928474426,0.32499998807907104,0.32499998807907104,216000
2022-12-09,0.3199999928474426,0.33000001311302185,0.3199999928474426,0.33000001311302185,0.33000001311302185,208000
2022-12-12,0.33000001311302185,0.33500000834465027,0.3199999928474426,0.33500000834465027,0.33500000834465027,342000
2022-12-13,0.33500000834465027,0.33500000834465027,0.3199999928474426,0.33000001311302185,0.33000001311302185,254000
2022-12-14,0.3199999928474426,0.33000001311302185,0.3199999928474426,0.33000001311302185,0.33000001311302185,96000
2022-12-15,0.3199999928474426,0.33000001311302185,0.3199999928474426,0.3199999928474426,0.3199999928474426,668000
2022-12-16,0.32499998807907104,0.33000001311302185,0.3149999976158142,0.33000001311302185,0.33000001311302185,254000
2022-12-19,0.3199999928474426,0.33000001311302185,0.3199999928474426,0.33000001311302185,0.33000001311302185,292000
2022-12-20,0.3199999928474426,0.3199999928474426,0.3149999976158142,0.3199999928474426,0.3199999928474426,614000
2022-12-21,0.3199999928474426,0.32499998807907104,0.3149999976158142,0.3149999976158142,0.3149999976158142,30000
2022-12-22,0.3199999928474426,0.32499998807907104,0.3149999976158142,0.32499998807907104,0.32499998807907104,410000
2022-12-23,0.3199999928474426,0.3199999928474426,0.3149999976158142,0.3199999928474426,0.3199999928474426,102000
2022-12-28,0.3149999976158142,0.3199999928474426,0.3100000023841858,0.3199999928474426,0.3199999928474426,1688000
2022-12-29,0.3199999928474426,0.3199999928474426,0.3100000023841858,0.3199999928474426,0.3199999928474426,266000
2022-12-30,0.32499998807907104,0.32499998807907104,0.3149999976158142,0.32499998807907104,0.32499998807907104,356000
2023-01-03,0.32499998807907104,0.32499998807907104,0.3149999976158142,0.32499998807907104,0.32499998807907104,8000
2023-01-04,0.3149999976158142,0.32499998807907104,0.3149999976158142,0.3199999928474426,0.3199999928474426,98000
2023-01-05,0.3149999976158142,0.3199999928474426,0.3100000023841858,0.3100000023841858,0.3100000023841858,1238000
2023-01-06,0.3149999976158142,0.32499998807907104,0.3100000023841858,0.32499998807907104,0.32499998807907104,486000
2023-01-09,0.3149999976158142,0.32499998807907104,0.3149999976158142,0.3149999976158142,0.3149999976158142,712000
2023-01-10,0.3199999928474426,0.32499998807907104,0.3149999976158142,0.3199999928474426,0.3199999928474426,1224000
2023-01-11,0.3199999928474426,0.3199999928474426,0.3100000023841858,0.3199999928474426,0.3199999928474426,250000
2023-01-12,0.3149999976158142,0.3199999928474426,0.3149999976158142,0.3199999928474426,0.3199999928474426,942000
2023-01-13,0.3149999976158142,0.3199999928474426,0.3149999976158142,0.3199999928474426,0.3199999928474426,758000
2023-01-16,0.3149999976158142,0.32499998807907104,0.3149999976158142,0.32499998807907104,0.32499998807907104,442000
2023-01-17,0.3149999976158142,0.3199999928474426,0.3149999976158142,0.3149999976158142,0.3149999976158142,770000
2023-01-18,0.3149999976158142,0.3199999928474426,0.3149999976158142,0.3199999928474426,0.3199999928474426,422000
2023-01-19,0.3149999976158142,0.3199999928474426,0.3149999976158142,0.3149999976158142,0.3149999976158142,520000
2023-01-20,0.3149999976158142,0.32499998807907104,0.3149999976158142,0.32499998807907104,0.32499998807907104,390000
2023-01-26,0.3149999976158142,0.32499998807907104,0.3149999976158142,0.32499998807907104,0.32499998807907104,800000
2023-01-27,0.3149999976158142,0.32499998807907104,0.3100000023841858,0.3100000023841858,0.3100000023841858,1406000
2023-01-30,0.3149999976158142,0.3149999976158142,0.3050000071525574,0.3100000023841858,0.3100000023841858,694000
2023-01-31,0.3100000023841858,0.3199999928474426,0.3100000023841858,0.3199999928474426,0.3199999928474426,332000
2023-02-01,0.3100000023841858,0.32499998807907104,0.3100000023841858,0.32499998807907104,0.32499998807907104,592000
2023-02-02,0.3149999976158142,0.32499998807907104,0.3149999976158142,0.32499998807907104,0.32499998807907104,216000
2023-02-03,0.32499998807907104,0.32499998807907104,0.3149999976158142,0.32499998807907104,0.32499998807907104,24000
2023-02-06,0.32499998807907104,0.33000001311302185,0.3199999928474426,0.33000001311302185,0.33000001311302185,572000
2023-02-07,0.33000001311302185,0.33500000834465027,0.33000001311302185,0.33500000834465027,0.33500000834465027,432000
2023-02-08,0.33500000834465027,0.33500000834465027,0.33000001311302185,0.33500000834465027,0.33500000834465027,192000
2023-02-09,0.33500000834465027,0.33500000834465027,0.33000001311302185,0.33500000834465027,0.33500000834465027,46000
2023-02-10,0.33500000834465027,0.33500000834465027,0.32499998807907104,0.33500000834465027,0.33500000834465027,290000
2023-02-13,0.32499998807907104,0.32499998807907104,0.3149999976158142,0.3149999976158142,0.3149999976158142,1128000
2023-02-14,0.3199999928474426,0.32499998807907104,0.3199999928474426,0.32499998807907104,0.32499998807907104,230000
2023-02-15,0.32499998807907104,0.32499998807907104,0.3199999928474426,0.3199999928474426,0.3199999928474426,174000
2023-02-16,0.32499998807907104,0.32499998807907104,0.3199999928474426,0.32499998807907104,0.32499998807907104,506000
2023-02-17,0.32499998807907104,0.32499998807907104,0.3149999976158142,0.32499998807907104,0.32499998807907104,186000
2023-02-20,0.3199999928474426,0.32499998807907104,0.3149999976158142,0.3199999928474426,0.3199999928474426,178000
2023-02-21,0.3199999928474426,0.32499998807907104,0.3199999928474426,0.32499998807907104,0.32499998807907104,18000
2023-02-22,0.32499998807907104,0.32499998807907104,0.3199999928474426,0.3199999928474426,0.3199999928474426,6000
2023-02-23,0.32499998807907104,0.32499998807907104,0.32499998807907104,0.32499998807907104,0.32499998807907104,0
2023-02-24,0.32499998807907104,0.32499998807907104,0.32499998807907104,0.32499998807907104,0.32499998807907104,0
2023-02-27,0.3149999976158142,0.3199999928474426,0.3100000023841858,0.3199999928474426,0.3199999928474426,400000
2023-02-28,0.3199999928474426,0.32499998807907104,0.3100000023841858,0.32499998807907104,0.32499998807907104,254000
2023-03-01,0.32499998807907104,0.32499998807907104,0.32499998807907104,0.32499998807907104,0.32499998807907104,0
2023-03-02,0.32499998807907104,0.33000001311302185,0.3149999976158142,0.33000001311302185,0.33000001311302185,54000
2023-03-03,0.33000001311302185,0.33500000834465027,0.3199999928474426,0.33000001311302185,0.33000001311302185,856000
2023-03-06,0.32499998807907104,0.33500000834465027,0.32499998807907104,0.33000001311302185,0.33000001311302185,54000
2023-03-07,0.33000001311302185,0.33500000834465027,0.3199999928474426,0.32499998807907104,0.32499998807907104,188000
2023-03-08,0.3199999928474426,0.32499998807907104,0.3149999976158142,0.32499998807907104,0.32499998807907104,90000
2023-03-09,0.32499998807907104,0.32499998807907104,0.3149999976158142,0.3199999928474426,0.3199999928474426,282000
2023-03-10,0.3149999976158142,0.3199999928474426,0.3149999976158142,0.3199999928474426,0.3199999928474426,256000
2023-03-13,0.3149999976158142,0.3199999928474426,0.3149999976158142,0.3199999928474426,0.3199999928474426,64000
2023-03-14,0.3199999928474426,0.32499998807907104,0.3149999976158142,0.32499998807907104,0.32499998807907104,312000
2023-03-15,0.32499998807907104,0.32499998807907104,0.3149999976158142,0.32499998807907104,0.32499998807907104,24000
2023-03-16,0.32499998807907104,0.32499998807907104,0.3149999976158142,0.32499998807907104,0.32499998807907104,12000
2023-03-17,0.32499998807907104,0.32499998807907104,0.3199999928474426,0.32499998807907104,0.32499998807907104,278000
2023-03-20,0.32499998807907104,0.33500000834465027,0.32499998807907104,0.33000001311302185,0.33000001311302185,1056000
2023-03-21,0.33000001311302185,0.3400000035762787,0.33000001311302185,0.3400000035762787,0.3400000035762787,268000
2023-03-22,0.3400000035762787,0.3400000035762787,0.33000001311302185,0.3400000035762787,0.3400000035762787,300000
2023-03-23,0.33000001311302185,0.33000001311302185,0.3149999976158142,0.32499998807907104,0.32499998807907104,988000
2023-03-24,0.3199999928474426,0.3199999928474426,0.3199999928474426,0.3199999928474426,0.3199999928474426,8000
2023-03-27,0.3199999928474426,0.32499998807907104,0.3199999928474426,0.3199999928474426,0.3199999928474426,196000
2023-03-28,0.32499998807907104,0.32499998807907104,0.3199999928474426,0.32499998807907104,0.32499998807907104,100000
2023-03-29,0.32499998807907104,0.32499998807907104,0.3199999928474426,0.32499998807907104,0.32499998807907104,110000
2023-03-30,0.3199999928474426,0.32499998807907104,0.3199999928474426,0.32499998807907104,0.32499998807907104,186000
2023-03-31,0.3199999928474426,0.3199999928474426,0.3149999976158142,0.3199999928474426,0.3199999928474426,70000
2023-04-03,0.32499998807907104,0.32499998807907104,0.32499998807907104,0.32499998807907104,0.32499998807907104,0
2023-04-04,0.3199999928474426,0.32499998807907104,0.3199999928474426,0.32499998807907104,0.32499998807907104,42000
2023-04-06,0.3199999928474426,0.32499998807907104,0.3199999928474426,0.32499998807907104,0.32499998807907104,20000
2023-04-11,0.3199999928474426,0.32499998807907104,0.3199999928474426,0.32499998807907104,0.32499998807907104,146000
2023-04-12,0.3199999928474426,0.32499998807907104,0.3199999928474426,0.32499998807907104,0.32499998807907104,752000
2023-04-13,0.3199999928474426,0.32499998807907104,0.3199999928474426,0.3199999928474426,0.3199999928474426,840000
2023-04-14,0.3199999928474426,0.32499998807907104,0.3199999928474426,0.32499998807907104,0.32499998807907104,92000
2023-04-17,0.3199999928474426,0.32499998807907104,0.3199999928474426,0.32499998807907104,0.32499998807907104,32000
2023-04-18,0.3149999976158142,0.3199999928474426,0.3149999976158142,0.3199999928474426,0.3199999928474426,170000
2023-04-19,0.3100000023841858,0.3199999928474426,0.3100000023841858,0.3199999928474426,0.3199999928474426,288000
2023-04-20,0.3149999976158142,0.3199999928474426,0.3100000023841858,0.3199999928474426,0.3199999928474426,58000
2023-04-21,0.3100000023841858,0.3199999928474426,0.3100000023841858,0.3199999928474426,0.3199999928474426,150000
2023-04-24,0.3199999928474426,0.3199999928474426,0.3199999928474426,0.3199999928474426,0.3199999928474426,6000
2023-04-25,0.3199999928474426,0.3199999928474426,0.3199999928474426,0.3199999928474426,0.3199999928474426,6000
2023-04-26,0.3199999928474426,0.3199999928474426,0.3199999928474426,0.3199999928474426,0.3199999928474426,0
2023-04-27,0.3149999976158142,0.3199999928474426,0.3100000023841858,0.3199999928474426,0.3199999928474426,290000
2023-04-28,0.3100000023841858,0.3199999928474426,0.3050000071525574,0.3199999928474426,0.3199999928474426,184000
2023-05-02,0.3149999976158142,0.3199999928474426,0.3149999976158142,0.3199999928474426,0.3199999928474426,170000
2023-05-03,0.3149999976158142,0.3199999928474426,0.3100000023841858,0.3199999928474426,0.3199999928474426,96000
2023-05-04,0.3100000023841858,0.3149999976158142,0.3100000023841858,0.3149999976158142,0.3149999976158142,48000
2023-05-05,0.3149999976158142,0.3199999928474426,0.3100000023841858,0.3199999928474426,0.3199999928474426,152000
2023-05-08,0.3100000023841858,0.3149999976158142,0.3050000071525574,0.3149999976158142,0.3149999976158142,378000
2023-05-09,0.3149999976158142,0.3199999928474426,0.3050000071525574,0.3199999928474426,0.3199999928474426,346000
2023-05-10,0.3100000023841858,0.32499998807907104,0.3100000023841858,0.3149999976158142,0.3149999976158142,482000
2023-05-11,0.3199999928474426,0.32499998807907104,0.3149999976158142,0.32499998807907104,0.32499998807907104,1142000
2023-05-12,0.33500000834465027,0.3400000035762787,0.3199999928474426,0.33000001311302185,0.33000001311302185,3558000
2023-05-15,0.32499998807907104,0.33500000834465027,0.3199999928474426,0.33500000834465027,0.33500000834465027,2810000
2023-05-16,0.33500000834465027,0.33500000834465027,0.32499998807907104,0.32499998807907104,0.32499998807907104,2118000
2023-05-17,0.33000001311302185,0.33000001311302185,0.32499998807907104,0.33000001311302185,0.33000001311302185,1162000
2023-05-18,0.32499998807907104,0.33000001311302185,0.32499998807907104,0.33000001311302185,0.33000001311302185,3056000
2023-05-19,0.33000001311302185,0.33000001311302185,0.32499998807907104,0.33000001311302185,0.33000001311302185,48000
2023-05-22,0.33000001311302185,0.33000001311302185,0.32499998807907104,0.33000001311302185,0.33000001311302185,36000
2023-05-23,0.33000001311302185,0.33000001311302185,0.33000001311302185,0.33000001311302185,0.33000001311302185,0
2023-05-24,0.33000001311302185,0.33500000834465027,0.33000001311302185,0.33000001311302185,0.33000001311302185,1620000
2023-05-25,0.33000001311302185,0.33500000834465027,0.33000001311302185,0.33500000834465027,0.33500000834465027,2226000
2023-05-29,0.33000001311302185,0.33500000834465027,0.3199999928474426,0.32499998807907104,0.32499998807907104,4276000
2023-05-30,0.32499998807907104,0.33000001311302185,0.3199999928474426,0.32499998807907104,0.32499998807907104,1330000
2023-05-31,0.3199999928474426,0.32499998807907104,0.3149999976158142,0.32499998807907104,0.32499998807907104,1594000
2023-06-01,0.32499998807907104,0.32499998807907104,0.3199999928474426,0.32499998807907104,0.32499998807907104,254000
2023-06-02,0.32499998807907104,0.33000001311302185,0.3199999928474426,0.33000001311302185,0.33000001311302185,682000
2023-06-05,0.32499998807907104,0.33000001311302185,0.32499998807907104,0.33000001311302185,0.33000001311302185,234000
2023-06-06,0.33000001311302185,0.33500000834465027,0.32499998807907104,0.33000001311302185,0.33000001311302185,2082000
2023-06-07,0.33000001311302185,0.33000001311302185,0.32499998807907104,0.33000001311302185,0.33000001311302185,2776000
2023-06-08,0.33000001311302185,0.3400000035762787,0.33000001311302185,0.33500000834465027,0.33500000834465027,2672000
2023-06-09,0.33500000834465027,0.33500000834465027,0.33000001311302185,0.33000001311302185,0.33000001311302185,1302000
2023-06-12,0.33500000834465027,0.33500000834465027,0.33000001311302185,0.33500000834465027,0.33500000834465027,1032000
2023-06-13,0.33500000834465027,0.3400000035762787,0.33000001311302185,0.3400000035762787,0.3400000035762787,1254000
2023-06-14,0.33500000834465027,0.3400000035762787,0.33500000834465027,0.3400000035762787,0.3400000035762787,194000
2023-06-15,0.3149999976158142,0.32499998807907104,0.30000001192092896,0.3149999976158142,0.3149999976158142,3292000
2023-06-16,0.3100000023841858,0.3199999928474426,0.3050000071525574,0.3199999928474426,0.3199999928474426,832000
2023-06-19,0.3199999928474426,0.3199999928474426,0.3199999928474426,0.3199999928474426,0.3199999928474426,0
2023-06-20,0.3100000023841858,0.32499998807907104,0.3050000071525574,0.32499998807907104,0.32499998807907104,778000
2023-06-21,0.3100000023841858,0.32499998807907104,0.3100000023841858,0.32499998807907104,0.32499998807907104,722000
2023-06-23,0.32499998807907104,0.32499998807907104,0.3199999928474426,0.3199999928474426,0.3199999928474426,218000
2023-06-26,0.3100000023841858,0.3100000023841858,0.29499998688697815,0.3100000023841858,0.3100000023841858,4512000
2023-06-27,0.3149999976158142,0.3149999976158142,0.3149999976158142,0.3149999976158142,0.3149999976158142,1450000
2023-06-28,0.3149999976158142,0.3149999976158142,0.3149999976158142,0.3149999976158142,0.3149999976158142,20000
2023-06-29,0.3149999976158142,0.3149999976158142,0.3149999976158142,0.3149999976158142,0.3149999976158142,676000
2023-06-30,0.3050000071525574,0.3199999928474426,0.3050000071525574,0.3199999928474426,0.3199999928474426,1496000
2023-07-03,0.3199999928474426,0.3199999928474426,0.3100000023841858,0.3199999928474426,0.3199999928474426,154000
2023-07-04,0.3199999928474426,0.3199999928474426,0.3149999976158142,0.3199999928474426,0.3199999928474426,62000
2023-07-05,0.3100000023841858,0.3199999928474426,0.3100000023841858,0.3199999928474426,0.3199999928474426,144000
2023-07-06,0.3100000023841858,0.3149999976158142,0.3100000023841858,0.3149999976158142,0.3149999976158142,206000
2023-07-07,0.3100000023841858,0.3199999928474426,0.3050000071525574,0.3199999928474426,0.3199999928474426,1084000
2023-07-10,0.3149999976158142,0.3149999976158142,0.3100000023841858,0.3149999976158142,0.3149999976158142,88000
2023-07-11,0.3149999976158142,0.3149999976158142,0.3100000023841858,0.3100000023841858,0.3100000023841858,140000
2023-07-12,0.3100000023841858,0.3149999976158142,0.3050000071525574,0.3050000071525574,0.3050000071525574,1012000
2023-07-13,0.3100000023841858,0.3100000023841858,0.29499998688697815,0.3050000071525574,0.3050000071525574,2926000
2023-07-14,0.3050000071525574,0.3100000023841858,0.30000001192092896,0.3100000023841858,0.3100000023841858,3264000
2023-07-18,0.3100000023841858,0.3149999976158142,0.30000001192092896,0.3149999976158142,0.3149999976158142,1326000
2023-07-19,0.3100000023841858,0.3149999976158142,0.3100000023841858,0.3100000023841858,0.3100000023841858,300000
2023-07-20,0.3149999976158142,0.33000001311302185,0.3149999976158142,0.33000001311302185,0.33000001311302185,3632000
2023-07-21,0.33500000834465027,0.33500000834465027,0.32499998807907104,0.33000001311302185,0.33000001311302185,728000
2023-07-24,0.3199999928474426,0.33000001311302185,0.3149999976158142,0.33000001311302185,0.33000001311302185,460000
2023-07-25,0.3199999928474426,0.33000001311302185,0.3199999928474426,0.33000001311302185,0.33000001311302185,236000
2023-07-26,0.32499998807907104,0.33000001311302185,0.3199999928474426,0.32499998807907104,0.32499998807907104,638000
2023-07-27,0.33000001311302185,0.33000001311302185,0.33000001311302185,0.33000001311302185,0.33000001311302185,0
2023-07-28,0.3199999928474426,0.33000001311302185,0.3199999928474426,0.33000001311302185,0.33000001311302185,1824000
2023-07-31,0.32499998807907104,0.33000001311302185,0.32499998807907104,0.33000001311302185,0.33000001311302185,320000
2023-08-01,0.33000001311302185,0.33000001311302185,0.3199999928474426,0.33000001311302185,0.33000001311302185,968000
2023-08-02,0.33000001311302185,0.33000001311302185,0.32499998807907104,0.32499998807907104,0.32499998807907104,394000
2023-08-03,0.32499998807907104,0.33000001311302185,0.3199999928474426,0.33000001311302185,0.33000001311302185,184000
2023-08-04,0.32499998807907104,0.33000001311302185,0.32499998807907104,0.33000001311302185,0.33000001311302185,12000
2023-08-07,0.33000001311302185,0.33500000834465027,0.33000001311302185,0.33500000834465027,0.33500000834465027,1576000
2023-08-08,0.33000001311302185,0.33000001311302185,0.32499998807907104,0.32499998807907104,0.32499998807907104,82000
2023-08-09,0.33000001311302185,0.33000001311302185,0.3199999928474426,0.32499998807907104,0.32499998807907104,586000
2023-08-10,0.32499998807907104,0.33000001311302185,0.32499998807907104,0.33000001311302185,0.33000001311302185,130000
2023-08-11,0.32499998807907104,0.33000001311302185,0.3199999928474426,0.33000001311302185,0.33000001311302185,762000
2023-08-14,0.33000001311302185,0.33000001311302185,0.33000001311302185,0.33000001311302185,0.33000001311302185,4000
2023-08-15,0.33000001311302185,0.33000001311302185,0.3199999928474426,0.33000001311302185,0.33000001311302185,82000
2023-08-16,0.32499998807907104,0.33000001311302185,0.32499998807907104,0.32499998807907104,0.32499998807907104,394000
2023-08-17,0.32499998807907104,0.33000001311302185,0.32499998807907104,0.33000001311302185,0.33000001311302185,186000
2023-08-18,0.3199999928474426,0.33000001311302185,0.3199999928474426,0.32499998807907104,0.32499998807907104,56000
2023-08-21,0.3199999928474426,0.32499998807907104,0.3100000023841858,0.32499998807907104,0.32499998807907104,1690000
2023-08-22,0.3199999928474426,0.32499998807907104,0.3149999976158142,0.32499998807907104,0.32499998807907104,838000
2023-08-23,0.3149999976158142,0.3199999928474426,0.3149999976158142,0.3199999928474426,0.3199999928474426,2180000
2023-08-24,0.3149999976158142,0.32499998807907104,0.3149999976158142,0.32499998807907104,0.32499998807907104,564000
2023-08-25,0.3199999928474426,0.3199999928474426,0.3149999976158142,0.3149999976158142,0.3149999976158142,1950000
2023-08-28,0.3199999928474426,0.3199999928474426,0.3149999976158142,0.3149999976158142,0.3149999976158142,362000
2023-08-29,0.3100000023841858,0.3199999928474426,0.3100000023841858,0.3199999928474426,0.3199999928474426,616000
2023-08-30,0.3149999976158142,0.3199999928474426,0.3100000023841858,0.3149999976158142,0.3149999976158142,592000
2023-08-31,0.3100000023841858,0.3199999928474426,0.3100000023841858,0.3199999928474426,0.3199999928474426,354000
2023-09-04,0.3149999976158142,0.3149999976158142,0.3149999976158142,0.3149999976158142,0.3149999976158142,340000
2023-09-05,0.3100000023841858,0.3149999976158142,0.30000001192092896,0.30000001192092896,0.30000001192092896,1440000
2023-09-06,0.3050000071525574,0.3050000071525574,0.3050000071525574,0.3050000071525574,0.3050000071525574,190000
2023-09-07,0.3050000071525574,0.3100000023841858,0.3050000071525574,0.3100000023841858,0.3100000023841858,430000
2023-09-11,0.3100000023841858,0.32499998807907104,0.3100000023841858,0.32499998807907104,0.32499998807907104,1138000
2023-09-12,0.3149999976158142,0.32499998807907104,0.3149999976158142,0.3199999928474426,0.3199999928474426,640000
2023-09-13,0.3199999928474426,0.32499998807907104,0.3199999928474426,0.32499998807907104,0.32499998807907104,148000
2023-09-14,0.3199999928474426,0.3199999928474426,0.3199999928474426,0.3199999928474426,0.3199999928474426,0
2023-09-15,0.3199999928474426,0.3199999928474426,0.3199999928474426,0.3199999928474426,0.3199999928474426,4000
2023-09-18,0.3199999928474426,0.3199999928474426,0.3199999928474426,0.3199999928474426,0.3199999928474426,0
2023-09-19,0.3199999928474426,0.3199999928474426,0.3199999928474426,0.3199999928474426,0.3199999928474426,0
2023-09-20,0.3199999928474426,0.3199999928474426,0.3199999928474426,0.3199999928474426,0.3199999928474426,0
2023-09-21,0.3100000023841858,0.3199999928474426,0.3100000023841858,0.3199999928474426,0.3199999928474426,326000
2023-09-22,0.3149999976158142,0.3199999928474426,0.3149999976158142,0.3199999928474426,0.3199999928474426,264000
2023-09-25,0.3149999976158142,0.3199999928474426,0.3100000023841858,0.3199999928474426,0.3199999928474426,1934000
2023-09-26,0.3149999976158142,0.3149999976158142,0.3050000071525574,0.3050000071525574,0.3050000071525574,1182000
2023-09-27,0.3100000023841858,0.3149999976158142,0.3050000071525574,0.3100000023841858,0.3100000023841858,778000
2023-09-28,0.3050000071525574,0.3149999976158142,0.3050000071525574,0.3149999976158142,0.3149999976158142,984000
2023-09-29,0.3100000023841858,0.32499998807907104,0.3050000071525574,0.32499998807907104,0.32499998807907104,1862000
2023-10-03,0.3149999976158142,0.3199999928474426,0.3100000023841858,0.3199999928474426,0.3199999928474426,1074000
2023-10-04,0.3149999976158142,0.3149999976158142,0.3149999976158142,0.3149999976158142,0.3149999976158142,1290000
2023-10-05,0.3100000023841858,0.3199999928474426,0.3100000023841858,0.3199999928474426,0.3199999928474426,922000
2023-10-06,0.3149999976158142,0.3199999928474426,0.3149999976158142,0.3199999928474426,0.3199999928474426,738000
2023-10-09,0.32499998807907104,0.32499998807907104,0.3149999976158142,0.3149999976158142,0.3149999976158142,680000
2023-10-10,0.3149999976158142,0.3149999976158142,0.3100000023841858,0.3149999976158142,0.3149999976158142,590000
2023-10-11,0.3149999976158142,0.3199999928474426,0.3149999976158142,0.3199999928474426,0.3199999928474426,820000
2023-10-12,0.3149999976158142,0.3199999928474426,0.3100000023841858,0.3100000023841858,0.3100000023841858,1576000
2023-10-13,0.3149999976158142,0.3149999976158142,0.3100000023841858,0.3149999976158142,0.3149999976158142,1062000
2023-10-16,0.3149999976158142,0.3149999976158142,0.3149999976158142,0.3149999976158142,0.3149999976158142,0
2023-10-17,0.3100000023841858,0.3199999928474426,0.3100000023841858,0.3199999928474426,0.3199999928474426,2036000
2023-10-18,0.3149999976158142,0.3199999928474426,0.3149999976158142,0.3199999928474426,0.3199999928474426,964000
2023-10-19,0.3149999976158142,0.3199999928474426,0.3149999976158142,0.3199999928474426,0.3199999928474426,2462000
2023-10-20,0.3149999976158142,0.32499998807907104,0.3149999976158142,0.32499998807907104,0.32499998807907104,2068000
2023-10-24,0.3199999928474426,0.32499998807907104,0.3199999928474426,0.3199999928474426,0.3199999928474426,1130000
2023-10-25,0.3149999976158142,0.3199999928474426,0.3149999976158142,0.3149999976158142,0.3149999976158142,1126000
2023-10-26,0.3199999928474426,0.3199999928474426,0.3199999928474426,0.3199999928474426,0.3199999928474426,86000
2023-10-27,0.3199999928474426,0.32499998807907104,0.3199999928474426,0.3199999928474426,0.3199999928474426,2032000
2023-10-30,0.3199999928474426,0.32499998807907104,0.3149999976158142,0.3149999976158142,0.3149999976158142,1024000
2023-10-31,0.3149999976158142,0.3149999976158142,0.3100000023841858,0.3100000023841858,0.3100000023841858,1622000
2023-11-01,0.3149999976158142,0.3149999976158142,0.3100000023841858,0.3149999976158142,0.3149999976158142,242000
2023-11-02,0.3100000023841858,0.32499998807907104,0.3100000023841858,0.32499998807907104,0.32499998807907104,3252000
2023-11-03,0.3199999928474426,0.32499998807907104,0.3199999928474426,0.3199999928474426,0.3199999928474426,530000
2023-11-06,0.32499998807907104,0.3199999928474426,0.3199999928474426,0.3199999928474426,0.3199999928474426,60000
2023-11-07,0.3149999976158142,0.3199999928474426,0.3149999976158142,0.3149999976158142,0.3149999976158142,1118000
2023-11-08,0.3149999976158142,0.3199999928474426,0.3100000023841858,0.3199999928474426,0.3199999928474426,2876000
2023-11-09,0.3199999928474426,0.3199999928474426,0.3199999928474426,0.3199999928474426,0.3199999928474426,0
2023-11-10,0.3199999928474426,0.3199999928474426,0.3199999928474426,0.3199999928474426,0.3199999928474426,6000
2023-11-13,0.3149999976158142,0.3199999928474426,0.3100000023841858,0.3100000023841858,0.3100000023841858,288000
2023-11-14,0.3149999976158142,0.3149999976158142,0.3100000023841858,0.3100000023841858,0.3100000023841858,3166000
2023-11-15,0.3100000023841858,0.3149999976158142,0.3100000023841858,0.3149999976158142,0.3149999976158142,336000
2023-11-16,0.3149999976158142,0.3199999928474426,0.3149999976158142,0.3199999928474426,0.3199999928474426,860000
2023-11-17,0.3149999976158142,0.3199999928474426,0.3149999976158142,0.3199999928474426,0.3199999928474426,486000
2023-11-20,0.3149999976158142,0.3199999928474426,0.3199999928474426,0.3199999928474426,0.3199999928474426,44000
2023-11-21,0.3149999976158142,0.3149999976158142,0.3149999976158142,0.3149999976158142,0.3149999976158142,264000
2023-11-22,0.3149999976158142,0.3199999928474426,0.3149999976158142,0.3199999928474426,0.3199999928474426,378000
2023-11-23,0.3149999976158142,0.3199999928474426,0.3149999976158142,0.3199999928474426,0.3199999928474426,2088000
2023-11-24,0.3149999976158142,0.3199999928474426,0.3149999976158142,0.3199999928474426,0.3199999928474426,794000
2023-11-27,0.3149999976158142,0.3199999928474426,0.3149999976158142,0.3149999976158142,0.3149999976158142,1110000
2023-11-28,0.3100000023841858,0.3100000023841858,0.3050000071525574,0.3100000023841858,0.3100000023841858,932000
2023-11-29,0.3050000071525574,0.3100000023841858,0.29499998688697815,0.3050000071525574,0.3050000071525574,730000
2023-11-30,0.3050000071525574,0.3100000023841858,0.3050000071525574,0.3100000023841858,0.3100000023841858,206000
2023-12-01,0.30000001192092896,0.3149999976158142,0.30000001192092896,0.3149999976158142,0.3149999976158142,3744000
2023-12-04,0.3050000071525574,0.3050000071525574,0.30000001192092896,0.3050000071525574,0.3050000071525574,1386000
2023-12-05,0.29499998688697815,0.3149999976158142,0.29499998688697815,0.3149999976158142,0.3149999976158142,1280000
2023-12-06,0.3050000071525574,0.3149999976158142,0.3050000071525574,0.3100000023841858,0.3100000023841858,188000
2023-12-07,0.3050000071525574,0.3149999976158142,0.3050000071525574,0.3050000071525574,0.3050000071525574,694000
2023-12-08,0.3050000071525574,0.3100000023841858,0.30000001192092896,0.3050000071525574,0.3050000071525574,914000
2023-12-11,0.3100000023841858,0.3100000023841858,0.3100000023841858,0.3100000023841858,0.3100000023841858,582000
2023-12-12,0.3100000023841858,0.3100000023841858,0.3100000023841858,0.3100000023841858,0.3100000023841858,336000
2023-12-13,0.3100000023841858,0.3100000023841858,0.3050000071525574,0.3050000071525574,0.3050000071525574,1692000
2023-12-14,0.3100000023841858,0.3100000023841858,0.30000001192092896,0.3050000071525574,0.3050000071525574,514000
2023-12-15,0.3050000071525574,0.3050000071525574,0.3050000071525574,0.3050000071525574,0.3050000071525574,470000
2023-12-18,0.30000001192092896,0.3050000071525574,0.29499998688697815,0.30000001192092896,0.30000001192092896,1796000
2023-12-19,0.30000001192092896,0.3050000071525574,0.30000001192092896,0.3050000071525574,0.3050000071525574,2256000
2023-12-20,0.30000001192092896,0.3100000023841858,0.30000001192092896,0.3100000023841858,0.3100000023841858,1882000
2023-12-21,0.30000001192092896,0.3050000071525574,0.30000001192092896,0.30000001192092896,0.30000001192092896,482000
2023-12-22,0.30000001192092896,0.3100000023841858,0.30000001192092896,0.3100000023841858,0.3100000023841858,1034000
2023-12-27,0.3149999976158142,0.32499998807907104,0.3100000023841858,0.32499998807907104,0.32499998807907104,1478000
2023-12-28,0.32499998807907104,0.32499998807907104,0.3100000023841858,0.32499998807907104,0.32499998807907104,4000
2023-12-29,0.3149999976158142,0.32499998807907104,0.3149999976158142,0.32499998807907104,0.32499998807907104,40000
2024-01-02,0.32499998807907104,0.33000001311302185,0.32499998807907104,0.33000001311302185,0.33000001311302185,302000
2024-01-03,0.33000001311302185,0.33000001311302185,0.33000001311302185,0.33000001311302185,0.33000001311302185,16000
2024-01-04,0.33000001311302185,0.33000001311302185,0.33000001311302185,0.33000001311302185,0.33000001311302185,6000
2024-01-05,0.3149999976158142,0.33000001311302185,0.3149999976158142,0.32499998807907104,0.32499998807907104,10000
2024-01-08,0.3149999976158142,0.32499998807907104,0.3149999976158142,0.32499998807907104,0.32499998807907104,118000
2024-01-09,0.3199999928474426,0.3199999928474426,0.3100000023841858,0.3199999928474426,0.3199999928474426,900000
2024-01-10,0.3149999976158142,0.3149999976158142,0.30000001192092896,0.3100000023841858,0.3100000023841858,2444000
2024-01-11,0.3050000071525574,0.3100000023841858,0.3050000071525574,0.3050000071525574,0.3050000071525574,516000
2024-01-12,0.3100000023841858,0.3100000023841858,0.3050000071525574,0.3100000023841858,0.3100000023841858,528000
2024-01-15,0.3050000071525574,0.3149999976158142,0.3050000071525574,0.3100000023841858,0.3100000023841858,2342000
2024-01-16,0.3100000023841858,0.3149999976158142,0.3100000023841858,0.3100000023841858,0.3100000023841858,674000
2024-01-17,0.3100000023841858,0.3149999976158142,0.3050000071525574,0.3100000023841858,0.3100000023841858,420000
2024-01-18,0.3050000071525574,0.3100000023841858,0.3050000071525574,0.3100000023841858,0.3100000023841858,964000
2024-01-19,0.3050000071525574,0.3100000023841858,0.3050000071525574,0.3100000023841858,0.3100000023841858,224000
2024-01-22,0.3050000071525574,0.3100000023841858,0.30000001192092896,0.3100000023841858,0.3100000023841858,2442000
2024-01-23,0.3050000071525574,0.3100000023841858,0.3050000071525574,0.3050000071525574,0.3050000071525574,1820000
2024-01-24,0.3050000071525574,0.3100000023841858,0.3050000071525574,0.3100000023841858,0.3100000023841858,398000
2024-01-25,0.3100000023841858,0.3149999976158142,0.3050000071525574,0.3100000023841858,0.3100000023841858,210000
2024-01-26,0.3100000023841858,0.3149999976158142,0.3100000023841858,0.3100000023841858,0.3100000023841858,502000
2024-01-29,0.3100000023841858,0.3100000023841858,0.3100000023841858,0.3100000023841858,0.3100000023841858,12000
2024-01-30,0.3149999976158142,0.3149999976158142,0.3050000071525574,0.3050000071525574,0.3050000071525574,924000
2024-01-31,0.3050000071525574,0.3100000023841858,0.30000001192092896,0.3100000023841858,0.3100000023841858,1010000
2024-02-01,0.3050000071525574,0.3100000023841858,0.3050000071525574,0.3050000071525574,0.3050000071525574,1052000
2024-02-02,0.3050000071525574,0.3050000071525574,0.3050000071525574,0.3050000071525574,0.3050000071525574,1110000
2024-02-05,0.3050000071525574,0.3100000023841858,0.30000001192092896,0.3100000023841858,0.3100000023841858,1268000
2024-02-06,0.3050000071525574,0.3100000023841858,0.3050000071525574,0.3100000023841858,0.3100000023841858,44000
2024-02-07,0.3050000071525574,0.3100000023841858,0.30000001192092896,0.3100000023841858,0.3100000023841858,1496000
2024-02-08,0.3100000023841858,0.3100000023841858,0.3100000023841858,0.3100000023841858,0.3100000023841858,122000
2024-02-09,0.3100000023841858,0.3100000023841858,0.3100000023841858,0.3100000023841858,0.3100000023841858,142000
2024-02-14,0.3100000023841858,0.3100000023841858,0.3100000023841858,0.3100000023841858,0.3100000023841858,62000
2024-02-15,0.3050000071525574,0.3100000023841858,0.30000001192092896,0.3050000071525574,0.3050000071525574,2046000
2024-02-16,0.3050000071525574,0.3100000023841858,0.30000001192092896,0.3100000023841858,0.3100000023841858,944000
2024-02-19,0.3100000023841858,0.3100000023841858,0.3050000071525574,0.3050000071525574,0.3050000071525574,650000
2024-02-20,0.3050000071525574,0.3100000023841858,0.30000001192092896,0.30000001192092896,0.30000001192092896,1054000
2024-02-21,0.3050000071525574,0.3100000023841858,0.30000001192092896,0.3100000023841858,0.3100000023841858,1096000
2024-02-22,0.3050000071525574,0.3100000023841858,0.3050000071525574,0.3050000071525574,0.3050000071525574,644000
2024-02-23,0.3050000071525574,0.3100000023841858,0.3050000071525574,0.3100000023841858,0.3100000023841858,928000
2024-02-26,0.3050000071525574,0.3100000023841858,0.3050000071525574,0.3100000023841858,0.3100000023841858,1936000
2024-02-27,0.3050000071525574,0.3100000023841858,0.3050000071525574,0.3050000071525574,0.3050000071525574,1772000
2024-02-28,0.3050000071525574,0.3050000071525574,0.3050000071525574,0.3050000071525574,0.3050000071525574,280000
2024-02-29,0.3050000071525574,0.3100000023841858,0.3050000071525574,0.3100000023841858,0.3100000023841858,1684000
2024-03-01,0.3050000071525574,0.3100000023841858,0.30000001192092896,0.3100000023841858,0.3100000023841858,3118000
2024-03-04,0.3100000023841858,0.3100000023841858,0.3050000071525574,0.3050000071525574,0.3050000071525574,758000
2024-03-05,0.30000001192092896,0.3100000023841858,0.30000001192092896,0.3100000023841858,0.3100000023841858,1892000
2024-03-06,0.3050000071525574,0.3100000023841858,0.3050000071525574,0.3050000071525574,0.3050000071525574,1294000
2024-03-07,0.3100000023841858,0.3100000023841858,0.3100000023841858,0.3100000023841858,0.3100000023841858,630000
2024-03-08,0.3050000071525574,0.3100000023841858,0.30000001192092896,0.3100000023841858,0.3100000023841858,3842000
2024-03-11,0.3050000071525574,0.3100000023841858,0.30000001192092896,0.30000001192092896,0.30000001192092896,4528000
2024-03-12,0.3050000071525574,0.3100000023841858,0.30000001192092896,0.3050000071525574,0.3050000071525574,6882000
2024-03-13,0.3050000071525574,0.3100000023841858,0.30000001192092896,0.30000001192092896,0.30000001192092896,4492000
2024-03-14,0.3050000071525574,0.3100000023841858,0.30000001192092896,0.3100000023841858,0.3100000023841858,2904000
2024-03-15,0.3050000071525574,0.3100000023841858,0.3050000071525574,0.3100000023841858,0.3100000023841858,1464000
2024-03-18,0.3050000071525574,0.3100000023841858,0.3050000071525574,0.3100000023841858,0.3100000023841858,3458000
2024-03-19,0.3050000071525574,0.3100000023841858,0.3050000071525574,0.3050000071525574,0.3050000071525574,1488000
2024-03-20,0.30000001192092896,0.3050000071525574,0.30000001192092896,0.3050000071525574,0.3050000071525574,316000
2024-03-21,0.30000001192092896,0.3100000023841858,0.28999999165534973,0.3100000023841858,0.3100000023841858,2184000
2024-03-22,0.3100000023841858,0.3100000023841858,0.3050000071525574,0.3100000023841858,0.3100000023841858,338000
2024-03-25,0.3050000071525574,0.3100000023841858,0.30000001192092896,0.3050000071525574,0.3050000071525574,1146000
2024-03-26,0.3050000071525574,0.3050000071525574,0.29499998688697815,0.3050000071525574,0.3050000071525574,1696000
2024-03-27,0.30000001192092896,0.3050000071525574,0.29499998688697815,0.3050000071525574,0.3050000071525574,3326000
2024-03-28,0.30000001192092896,0.3100000023841858,0.30000001192092896,0.3100000023841858,0.3100000023841858,1626000
2024-04-02,0.3050000071525574,0.3100000023841858,0.3050000071525574,0.3100000023841858,0.3100000023841858,264000
2024-04-03,0.3050000071525574,0.3100000023841858,0.3050000071525574,0.3100000023841858,0.3100000023841858,62000
2024-04-05,0.3050000071525574,0.3100000023841858,0.3050000071525574,0.3100000023841858,0.3100000023841858,210000
2024-04-08,0.3050000071525574,0.3100000023841858,0.3050000071525574,0.3100000023841858,0.3100000023841858,96000
2024-04-09,0.3100000023841858,0.3100000023841858,0.3100000023841858,0.3100000023841858,0.3100000023841858,110000
2024-04-10,0.3050000071525574,0.3100000023841858,0.3050000071525574,0.3100000023841858,0.3100000023841858,116000
2024-04-11,0.3050000071525574,0.3100000023841858,0.3050000071525574,0.3100000023841858,0.3100000023841858,26000
2024-04-12,0.3050000071525574,0.3100000023841858,0.3050000071525574,0.3100000023841858,0.3100000023841858,44000
2024-04-15,0.3050000071525574,0.3100000023841858,0.3050000071525574,0.3100000023841858,0.3100000023841858,554000
2024-04-16,0.3050000071525574,0.3100000023841858,0.3050000071525574,0.3050000071525574,0.3050000071525574,1170000
2024-04-17,0.3100000023841858,0.3100000023841858,0.3050000071525574,0.3050000071525574,0.3050000071525574,874000
2024-04-18,0.3050000071525574,0.3100000023841858,0.3050000071525574,0.3050000071525574,0.3050000071525574,104000
2024-04-19,0.3050000071525574,0.3100000023841858,0.30000001192092896,0.3100000023841858,0.3100000023841858,852000
2024-04-22,0.3100000023841858,0.3100000023841858,0.3050000071525574,0.3100000023841858,0.3100000023841858,88000
2024-04-23,0.3100000023841858,0.3100000023841858,0.3050000071525574,0.3050000071525574,0.3050000071525574,328000
2024-04-24,0.3100000023841858,0.3100000023841858,0.3100000023841858,0.3100000023841858,0.3100000023841858,34000
2024-04-25,0.3050000071525574,0.3100000023841858,0.3050000071525574,0.3100000023841858,0.3100000023841858,38000
2024-04-26,0.3050000071525574,0.3100000023841858,0.3050000071525574,0.3100000023841858,0.3100000023841858,136000
2024-04-29,0.3050000071525574,0.3100000023841858,0.3050000071525574,0.3050000071525574,0.3050000071525574,204000
2024-04-30,0.3050000071525574,0.3100000023841858,0.3050000071525574,0.3100000023841858,0.3100000023841858,594000
2024-05-02,0.3050000071525574,0.3100000023841858,0.3050000071525574,0.3100000023841858,0.3100000023841858,110000
2024-05-03,0.3050000071525574,0.3100000023841858,0.3050000071525574,0.3100000023841858,0.3100000023841858,224000
2024-05-06,0.3100000023841858,0.3100000023841858,0.3100000023841858,0.3100000023841858,0.3100000023841858,6000
2024-05-07,0.3050000071525574,0.3100000023841858,0.3050000071525574,0.3100000023841858,0.3100000023841858,108000
2024-05-08,0.3050000071525574,0.3050000071525574,0.30000001192092896,0.3050000071525574,0.3050000071525574,1358000
2024-05-09,0.3050000071525574,0.3100000023841858,0.3050000071525574,0.3050000071525574,0.3050000071525574,430000
2024-05-10,0.3050000071525574,0.3100000023841858,0.3050000071525574,0.3100000023841858,0.3100000023841858,1172000
2024-05-13,0.3100000023841858,0.3100000023841858,0.3050000071525574,0.3050000071525574,0.3050000071525574,1384000
2024-05-14,0.3050000071525574,0.3100000023841858,0.3050000071525574,0.3100000023841858,0.3100000023841858,2702000
2024-05-16,0.3050000071525574,0.3100000023841858,0.3050000071525574,0.3100000023841858,0.3100000023841858,46000
2024-05-17,0.3100000023841858,0.3100000023841858,0.3050000071525574,0.3100000023841858,0.3100000023841858,164000
2024-05-20,0.3100000023841858,0.3100000023841858,0.3100000023841858,0.3100000023841858,0.3100000023841858,8000
2024-05-21,0.3050000071525574,0.3100000023841858,0.3050000071525574,0.3100000023841858,0.3100000023841858,522000
2024-05-22,0.3100000023841858,0.3100000023841858,0.3100000023841858,0.3100000023841858,0.3100000023841858,0
2024-05-23,0.3050000071525574,0.3100000023841858,0.3050000071525574,0.3100000023841858,0.3100000023841858,1188000
2024-05-24,0.3050000071525574,0.3100000023841858,0.3050000071525574,0.3050000071525574,0.3050000071525574,920000
2024-05-27,0.30000001192092896,0.3100000023841858,0.30000001192092896,0.3100000023841858,0.3100000023841858,1220000
2024-05-28,0.3050000071525574,0.3100000023841858,0.30000001192092896,0.3050000071525574,0.3050000071525574,1602000
2024-05-29,0.30000001192092896,0.3050000071525574,0.29499998688697815,0.29499998688697815,0.29499998688697815,2830000
2024-05-30,0.29499998688697815,0.30000001192092896,0.28999999165534973,0.30000001192092896,0.30000001192092896,914000
2024-05-31,0.30000001192092896,0.3100000023841858,0.30000001192092896,0.3100000023841858,0.3100000023841858,2684000
2024-06-03,0.3050000071525574,0.3100000023841858,0.30000001192092896,0.3100000023841858,0.3100000023841858,2778000
2024-06-04,0.3050000071525574,0.3100000023841858,0.30000001192092896,0.3050000071525574,0.3050000071525574,2026000
2024-06-05,0.3050000071525574,0.3050000071525574,0.30000001192092896,0.3050000071525574,0.3050000071525574,264000
2024-06-06,0.30000001192092896,0.3050000071525574,0.30000001192092896,0.3050000071525574,0.3050000071525574,516000
2024-06-07,0.3050000071525574,0.3050000071525574,0.3050000071525574,0.3050000071525574,0.3050000071525574,40000
2024-06-11,0.30000001192092896,0.3050000071525574,0.30000001192092896,0.3050000071525574,0.3050000071525574,982000
2024-06-12,0.30000001192092896,0.3050000071525574,0.30000001192092896,0.3050000071525574,0.3050000071525574,266000
2024-06-13,0.3050000071525574,0.3100000023841858,0.3050000071525574,0.3050000071525574,0.3050000071525574,5340000
2024-06-14,0.3050000071525574,0.3100000023841858,0.3050000071525574,0.3100000023841858,0.3100000023841858,1430000
2024-06-17,0.3050000071525574,0.3100000023841858,0.3050000071525574,0.3100000023841858,0.3100000023841858,370000
2024-06-18,0.3100000023841858,0.3100000023841858,0.3050000071525574,0.3100000023841858,0.3100000023841858,380000
2024-06-19,0.3050000071525574,0.3100000023841858,0.3050000071525574,0.3100000023841858,0.3100000023841858,194000
2024-06-20,0.3050000071525574,0.3100000023841858,0.3050000071525574,0.3100000023841858,0.3100000023841858,1432000
2024-06-21,0.3050000071525574,0.3050000071525574,0.3050000071525574,0.3050000071525574,0.3050000071525574,3174000
2024-06-24,0.3050000071525574,0.3050000071525574,0.28999999165534973,0.3050000071525574,0.3050000071525574,3406000
2024-06-25,0.30000001192092896,0.3050000071525574,0.30000001192092896,0.30000001192092896,0.30000001192092896,868000
2024-06-26,0.30000001192092896,0.3050000071525574,0.30000001192092896,0.3050000071525574,0.3050000071525574,3116000
2024-06-27,0.30000001192092896,0.3100000023841858,0.30000001192092896,0.3100000023841858,0.3100000023841858,1030000
2024-06-28,0.3050000071525574,0.3100000023841858,0.3050000071525574,0.3100000023841858,0.3100000023841858,504000
2024-07-02,0.3050000071525574,0.3100000023841858,0.3050000071525574,0.3050000071525574,0.3050000071525574,2064000
2024-07-03,0.3050000071525574,0.3100000023841858,0.30000001192092896,0.3100000023841858,0.3100000023841858,1348000
2024-07-04,0.3050000071525574,0.3100000023841858,0.3050000071525574,0.3100000023841858,0.3100000023841858,110000
2024-07-08,0.3050000071525574,0.3050000071525574,0.30000001192092896,0.30000001192092896,0.30000001192092896,8000
2024-07-09,0.30000001192092896,0.3050000071525574,0.30000001192092896,0.3050000071525574,0.3050000071525574,1104000
2024-07-10,0.3100000023841858,0.3100000023841858,0.3100000023841858,0.3100000023841858,0.3100000023841858,1888000
2024-07-11,0.3100000023841858,0.3100000023841858,0.3100000023841858,0.3100000023841858,0.3100000023841858,114000
2024-07-12,0.3050000071525574,0.3100000023841858,0.3050000071525574,0.3100000023841858,0.3100000023841858,114000
2024-07-15,0.3050000071525574,0.3100000023841858,0.3050000071525574,0.3100000023841858,0.3100000023841858,548000
2024-07-16,0.3050000071525574,0.3100000023841858,0.3050000071525574,0.3050000071525574,0.3050000071525574,318000
2024-07-17,0.3100000023841858,0.3100000023841858,0.3100000023841858,0.3100000023841858,0.3100000023841858,312000
2024-07-18,0.3100000023841858,0.3100000023841858,0.3100000023841858,0.3100000023841858,0.3100000023841858,20000
2024-07-19,0.3100000023841858,0.3100000023841858,0.3100000023841858,0.3100000023841858,0.3100000023841858,10000
2024-07-22,0.3100000023841858,0.3100000023841858,0.3100000023841858,0.3100000023841858,0.3100000023841858,20000
2024-07-23,0.3050000071525574,0.3100000023841858,0.3050000071525574,0.3100000023841858,0.3100000023841858,130000
2024-07-24,0.3100000023841858,0.3100000023841858,0.3100000023841858,0.3100000023841858,0.3100000023841858,0
2024-07-25,0.3050000071525574,0.3100000023841858,0.3050000071525574,0.3100000023841858,0.3100000023841858,420000
2024-07-26,0.3050000071525574,0.3100000023841858,0.3050000071525574,0.3100000023841858,0.3100000023841858,500000
2024-07-29,0.3050000071525574,0.3100000023841858,0.3050000071525574,0.3100000023841858,0.3100000023841858,50000
2024-07-30,0.3100000023841858,0.3100000023841858,0.3050000071525574,0.3100000023841858,0.3100000023841858,6146000
2024-07-31,0.3100000023841858,0.3100000023841858,0.3100000023841858,0.3100000023841858,0.3100000023841858,0
2024-08-01,0.3100000023841858,0.3100000023841858,0.3100000023841858,0.3100000023841858,0.3100000023841858,10000
2024-08-02,0.3050000071525574,0.3100000023841858,0.3050000071525574,0.3100000023841858,0.3100000023841858,178000
2024-08-05,0.3050000071525574,0.3050000071525574,0.3050000071525574,0.3050000071525574,0.3050000071525574,772000
2024-08-06,0.3100000023841858,0.3100000023841858,0.30000001192092896,0.3100000023841858,0.3100000023841858,924000
2024-08-07,0.3100000023841858,0.3100000023841858,0.3100000023841858,0.3100000023841858,0.3100000023841858,4000
2024-08-08,0.3050000071525574,0.3100000023841858,0.3050000071525574,0.3100000023841858,0.3100000023841858,310000
2024-08-09,0.3050000071525574,0.3100000023841858,0.3050000071525574,0.3050000071525574,0.3050000071525574,224000
2024-08-12,0.3050000071525574,0.3100000023841858,0.3050000071525574,0.3100000023841858,0.3100000023841858,564000
2024-08-13,0.3050000071525574,0.3100000023841858,0.3050000071525574,0.3100000023841858,0.3100000023841858,206000
2024-08-14,0.3100000023841858,0.3100000023841858,0.3100000023841858,0.3100000023841858,0.3100000023841858,4000
2024-08-15,0.3050000071525574,0.3100000023841858,0.3050000071525574,0.3100000023841858,0.3100000023841858,48000
2024-08-16,0.3050000071525574,0.3050000071525574,0.3050000071525574,0.3050000071525574,0.3050000071525574,610000
2024-08-19,0.3100000023841858,0.3100000023841858,0.3050000071525574,0.3050000071525574,0.3050000071525574,90000
2024-08-20,0.3050000071525574,0.3050000071525574,0.3050000071525574,0.3050000071525574,0.3050000071525574,0
2024-08-21,0.30000001192092896,0.3050000071525574,0.30000001192092896,0.3050000071525574,0.3050000071525574,136000
2024-08-22,0.30000001192092896,0.3100000023841858,0.28999999165534973,0.3100000023841858,0.3100000023841858,1052000
2024-08-23,0.3100000023841858,0.3100000023841858,0.3050000071525574,0.3050000071525574,0.3050000071525574,54000
2024-08-26,0.3050000071525574,0.3100000023841858,0.3050000071525574,0.3100000023841858,0.3100000023841858,364000
2024-08-27,0.3100000023841858,0.3100000023841858,0.3100000023841858,0.3100000023841858,0.3100000023841858,8000
2024-08-28,0.3100000023841858,0.3100000023841858,0.3100000023841858,0.3100000023841858,0.3100000023841858,4000
2024-08-29,0.3050000071525574,0.3100000023841858,0.3050000071525574,0.3100000023841858,0.3100000023841858,708000
2024-08-30,0.3050000071525574,0.3050000071525574,0.3050000071525574,0.3050000071525574,0.3050000071525574,168000
2024-09-02,0.3100000023841858,0.3100000023841858,0.3050000071525574,0.3100000023841858,0.3100000023841858,202000
2024-09-03,0.3050000071525574,0.3050000071525574,0.3050000071525574,0.3050000071525574,0.3050000071525574,300000
2024-09-04,0.3050000071525574,0.3050000071525574,0.3050000071525574,0.3050000071525574,0.3050000071525574,190000
2024-09-05,0.3050000071525574,0.3100000023841858,0.30000001192092896,0.3100000023841858,0.3100000023841858,648000
2024-09-09,0.3050000071525574,0.3100000023841858,0.3050000071525574,0.3100000023841858,0.3100000023841858,1544000
2024-09-10,0.3100000023841858,0.3100000023841858,0.3100000023841858,0.3100000023841858,0.3100000023841858,4000
2024-09-11,0.3050000071525574,0.3100000023841858,0.3050000071525574,0.3100000023841858,0.3100000023841858,278000
2024-09-12,0.3050000071525574,0.3050000071525574,0.3050000071525574,0.3050000071525574,0.3050000071525574,410000
2024-09-13,0.3050000071525574,0.3100000023841858,0.3050000071525574,0.3100000023841858,0.3100000023841858,458000
2024-09-16,0.3100000023841858,0.3100000023841858,0.3100000023841858,0.3100000023841858,0.3100000023841858,0
2024-09-17,0.3050000071525574,0.3100000023841858,0.3050000071525574,0.3100000023841858,0.3100000023841858,100000
2024-09-19,0.3050000071525574,0.3100000023841858,0.3050000071525574,0.3100000023841858,0.3100000023841858,14000
2024-09-20,0.3050000071525574,0.3050000071525574,0.3050000071525574,0.3050000071525574,0.3050000071525574,1552000
2024-09-23,0.3100000023841858,0.3100000023841858,0.3050000071525574,0.3100000023841858,0.3100000023841858,1888000
2024-09-24,0.3050000071525574,0.3050000071525574,0.3050000071525574,0.3050000071525574,0.3050000071525574,1110000
2024-09-25,0.3050000071525574,0.3050000071525574,0.3050000071525574,0.3050000071525574,0.3050000071525574,26000
2024-09-26,0.30000001192092896,0.3100000023841858,0.30000001192092896,0.3100000023841858,0.3100000023841858,922000
2024-09-27,0.3050000071525574,0.3100000023841858,0.30000001192092896,0.3050000071525574,0.3050000071525574,1314000
2024-09-30,0.3100000023841858,0.3100000023841858,0.3050000071525574,0.3100000023841858,0.3100000023841858,7464000
2024-10-02,0.3100000023841858,0.3100000023841858,0.30000001192092896,0.30000001192092896,0.30000001192092896,2710000
2024-10-03,0.3050000071525574,0.3100000023841858,0.29499998688697815,0.30000001192092896,0.30000001192092896,2718000
2024-10-04,0.3050000071525574,0.3050000071525574,0.29499998688697815,0.3050000071525574,0.3050000071525574,1956000
2024-10-07,0.3050000071525574,0.3100000023841858,0.2750000059604645,0.3100000023841858,0.3100000023841858,6990000
2024-10-08,0.3100000023841858,0.3100000023841858,0.2849999964237213,0.3050000071525574,0.3050000071525574,6764000
2024-10-09,0.3050000071525574,0.3100000023841858,0.29499998688697815,0.3100000023841858,0.3100000023841858,7942000
2024-10-10,0.30000001192092896,0.3100000023841858,0.30000001192092896,0.3050000071525574,0.3050000071525574,1754000
2024-10-14,0.30000001192092896,0.3050000071525574,0.30000001192092896,0.3050000071525574,0.3050000071525574,718000
2024-10-15,0.3050000071525574,0.3050000071525574,0.3050000071525574,0.3050000071525574,0.3050000071525574,142000
2024-10-16,0.3050000071525574,0.3100000023841858,0.3050000071525574,0.3100000023841858,0.3100000023841858,2992000
2024-10-17,0.3050000071525574,0.3100000023841858,0.30000001192092896,0.3100000023841858,0.3100000023841858,1158000
2024-10-18,0.3050000071525574,0.3050000071525574,0.29499998688697815,0.29499998688697815,0.29499998688697815,2456000
2024-10-21,0.30000001192092896,0.3100000023841858,0.30000001192092896,0.3100000023841858,0.3100000023841858,7616000
2024-10-22,0.3100000023841858,0.3100000023841858,0.30000001192092896,0.3050000071525574,0.3050000071525574,1514000
2024-10-23,0.30000001192092896,0.3100000023841858,0.30000001192092896,0.3100000023841858,0.3100000023841858,2972000
2024-10-24,0.3050000071525574,0.3100000023841858,0.3050000071525574,0.3100000023841858,0.3100000023841858,612000
