Date,Open,High,Low,Close,Adj Close,Volume
2006-12-04,0.024900000542402267,0.02539999969303608,0.02319999970495701,0.02449999935925007,0.016131021082401276,83140600
2006-12-05,0.02449999935925007,0.02500000037252903,0.02410000003874302,0.02449999935925007,0.016131021082401276,5601300
2006-12-06,0.024700000882148743,0.024800000712275505,0.023900000378489494,0.02449999935925007,0.016131021082401276,58136150
2006-12-07,0.02449999935925007,0.02459999918937683,0.023800000548362732,0.02419999986886978,0.01593349501490593,3230150
2006-12-08,0.02419999986886978,0.02449999935925007,0.023800000548362732,0.02419999986886978,0.01593349501490593,8434200
2006-12-11,0.02419999986886978,0.02449999935925007,0.02419999986886978,0.02419999986886978,0.01593349501490593,792950
2006-12-12,0.02419999986886978,0.02449999935925007,0.024000000208616257,0.02419999986886978,0.01593349501490593,885000
2006-12-13,0.02419999986886978,0.02449999935925007,0.023800000548362732,0.02419999986886978,0.01593349501490593,2446450
2006-12-14,0.02419999986886978,0.02459999918937683,0.023800000548362732,0.02410000003874302,0.015867650508880615,4242000
2006-12-15,0.02410000003874302,0.02459999918937683,0.02410000003874302,0.02410000003874302,0.015867650508880615,1493250
2006-12-18,0.02410000003874302,0.023900000378489494,0.023499999195337296,0.023900000378489494,0.015735972672700882,3200000
2006-12-19,0.023900000378489494,0.023800000548362732,0.023399999365210533,0.023800000548362732,0.015670130029320717,950000
2006-12-20,0.023800000548362732,0.02384999953210354,0.023447999730706215,0.02370000071823597,0.015604287385940552,245300
2006-12-21,0.02370000071823597,0.023800000548362732,0.02370000071823597,0.02370000071823597,0.015604287385940552,1525400
2006-12-22,0.02370000071823597,0.02370000071823597,0.023399999365210533,0.02370000071823597,0.015604287385940552,375000
2006-12-27,0.02370000071823597,0.02370000071823597,0.02370000071823597,0.02370000071823597,0.015604287385940552,212500
2006-12-28,0.02370000071823597,0.023800000548362732,0.02370000071823597,0.02370000071823597,0.015604287385940552,5475000
2006-12-29,0.02370000071823597,0.0239499993622303,0.023800000548362732,0.023800000548362732,0.015670130029320717,7500
2007-01-02,0.02370000071823597,0.024000000208616257,0.023600000888109207,0.023800000548362732,0.015670130029320717,5804200
2007-01-03,0.023800000548362732,0.023800000548362732,0.023600000888109207,0.023800000548362732,0.015670130029320717,3842050
2007-01-04,0.023800000548362732,0.02387000061571598,0.023800000548362732,0.023800000548362732,0.015670130029320717,400000
2007-01-05,0.023800000548362732,0.023879999294877052,0.02370000071823597,0.023800000548362732,0.015670130029320717,405350
2007-01-08,0.023800000548362732,0.023499999195337296,0.023499999195337296,0.023499999195337296,0.01547260768711567,0
2007-01-09,0.023499999195337296,0.023879999294877052,0.023499999195337296,0.023499999195337296,0.01547260768711567,5000
2007-01-10,0.023499999195337296,0.023800000548362732,0.023499999195337296,0.023499999195337296,0.01547260768711567,250000
2007-01-11,0.023499999195337296,0.023499999195337296,0.023000000044703484,0.023499999195337296,0.01547260768711567,523750
2007-01-12,0.023499999195337296,0.023499999195337296,0.023000000044703484,0.023499999195337296,0.01547260768711567,250000
2007-01-15,0.023499999195337296,0.023600000888109207,0.023499999195337296,0.023499999195337296,0.01547260768711567,898750
2007-01-16,0.023499999195337296,0.023600000888109207,0.023499999195337296,0.023499999195337296,0.01547260768711567,250000
2007-01-17,0.023499999195337296,0.023600000888109207,0.02319999970495701,0.02319999970495701,0.015275088138878345,1707500
2007-01-18,0.023099999874830246,0.023600000888109207,0.02329999953508377,0.02329999953508377,0.015340928919613361,250000
2007-01-19,0.02329999953508377,0.023000000044703484,0.023000000044703484,0.023000000044703484,0.015143404714763165,0
2007-01-22,0.023000000044703484,0.02280000038444996,0.02280000038444996,0.02280000038444996,0.015011721290647984,0
2007-01-23,0.02280000038444996,0.023099999874830246,0.02280000038444996,0.02280000038444996,0.015011721290647984,47750
2007-01-24,0.02280000038444996,0.02319999970495701,0.02239999920129776,0.022700000554323196,0.014945881441235542,3845000
2007-01-25,0.022700000554323196,0.022600000724196434,0.022600000724196434,0.022600000724196434,0.014880039729177952,0
2007-01-26,0.022600000724196434,0.02280000038444996,0.022450000047683716,0.022600000724196434,0.014880039729177952,385400
2007-01-29,0.022600000724196434,0.02280000038444996,0.022447999566793442,0.022600000724196434,0.014880039729177952,116050
2007-01-30,0.022600000724196434,0.02280000038444996,0.022450000047683716,0.022600000724196434,0.014880039729177952,37900
2007-01-31,0.022600000724196434,0.022600000724196434,0.022600000724196434,0.022600000724196434,0.014880039729177952,0
2007-02-01,0.022600000724196434,0.022600000724196434,0.022600000724196434,0.022600000724196434,0.014880039729177952,0
2007-02-02,0.022600000724196434,0.022600000724196434,0.022600000724196434,0.022600000724196434,0.014880039729177952,0
2007-02-05,0.022600000724196434,0.022600000724196434,0.022463999688625336,0.022600000724196434,0.014880039729177952,137500
2007-02-06,0.022600000724196434,0.022299999371170998,0.022299999371170998,0.022299999371170998,0.014682518318295479,250000
2007-02-07,0.022299999371170998,0.02239999920129776,0.02219800092279911,0.022299999371170998,0.014682518318295479,415000
2007-02-08,0.022299999371170998,0.022199999541044235,0.021800000220537186,0.022099999710917473,0.014550837688148022,6022500
2007-02-09,0.022099999710917473,0.022099999710917473,0.021900000050663948,0.022099999710917473,0.014550837688148022,3804200
2007-02-12,0.022099999710917473,0.022350000217556953,0.022099999710917473,0.022099999710917473,0.014550837688148022,12600
2007-02-13,0.022099999710917473,0.022099999710917473,0.021800000220537186,0.022099999710917473,0.014550837688148022,1000000
2007-02-14,0.022099999710917473,0.022099999710917473,0.022099999710917473,0.022099999710917473,0.014550837688148022,0
2007-02-15,0.022099999710917473,0.02250000089406967,0.022099999710917473,0.022099999710917473,0.014550837688148022,495700
2007-02-16,0.022099999710917473,0.022099999710917473,0.022099999710917473,0.022099999710917473,0.014550837688148022,0
2007-02-21,0.022099999710917473,0.022099999710917473,0.022099999710917473,0.022099999710917473,0.014550837688148022,0
2007-02-22,0.022099999710917473,0.022099999710917473,0.022099999710917473,0.022099999710917473,0.014550837688148022,0
2007-02-23,0.022099999710917473,0.022099999710917473,0.022099999710917473,0.022099999710917473,0.014550837688148022,0
2007-02-26,0.022099999710917473,0.02199999988079071,0.02199999988079071,0.02199999988079071,0.014484995044767857,0
2007-02-27,0.02199999988079071,0.02199999988079071,0.02160000056028366,0.02199999988079071,0.014484995044767857,500000
2007-02-28,0.02199999988079071,0.02199999988079071,0.02199999988079071,0.02199999988079071,0.014484995044767857,0
2007-03-01,0.02199999988079071,0.021900000050663948,0.02160000056028366,0.021900000050663948,0.014419152401387691,207500
2007-03-02,0.021900000050663948,0.021900000050663948,0.021900000050663948,0.021900000050663948,0.014419152401387691,0
2007-03-05,0.021900000050663948,0.021900000050663948,0.021900000050663948,0.021900000050663948,0.014419152401387691,0
2007-03-06,0.021900000050663948,0.022199999541044235,0.021900000050663948,0.021900000050663948,0.014419152401387691,50000
2007-03-07,0.021900000050663948,0.02199999988079071,0.021900000050663948,0.021900000050663948,0.014419152401387691,22500000
2007-03-08,0.021900000050663948,0.02199999988079071,0.021900000050663948,0.021900000050663948,0.014419152401387691,27500000
2007-03-09,0.021900000050663948,0.021900000050663948,0.021400000900030136,0.021900000050663948,0.014419152401387691,331500
2007-03-12,0.021900000050663948,0.02199999988079071,0.02199999988079071,0.02199999988079071,0.014484995044767857,8700000
2007-03-13,0.02199999988079071,0.02239999920129776,0.02199999988079071,0.02199999988079071,0.014484995044767857,3750000
2007-03-14,0.021900000050663948,0.021900000050663948,0.020999999716877937,0.021900000050663948,0.014419152401387691,900000
2007-03-15,0.021900000050663948,0.021900000050663948,0.021900000050663948,0.021900000050663948,0.014419152401387691,0
2007-03-16,0.021900000050663948,0.022199999541044235,0.021609999239444733,0.021900000050663948,0.014419152401387691,148350
2007-03-19,0.021900000050663948,0.021900000050663948,0.021900000050663948,0.021900000050663948,0.014419152401387691,0
2007-03-20,0.021900000050663948,0.021900000050663948,0.021900000050663948,0.021900000050663948,0.014419152401387691,0
2007-03-21,0.021900000050663948,0.02239999920129776,0.021400000900030136,0.021900000050663948,0.014419152401387691,2000000
2007-03-22,0.021900000050663948,0.021900000050663948,0.021900000050663948,0.021900000050663948,0.014419152401387691,0
2007-03-23,0.021900000050663948,0.022199999541044235,0.02199999988079071,0.02199999988079071,0.014484995044767857,500000
2007-03-26,0.02199999988079071,0.02239999920129776,0.02199999988079071,0.02199999988079071,0.014484995044767857,2800000
2007-03-27,0.02250000089406967,0.02675200067460537,0.023000000044703484,0.026100000366568565,0.01718447171151638,27615500
2007-03-28,0.026100000366568565,0.026799999177455902,0.02574699930846691,0.02630000002682209,0.01731615699827671,23054800
2007-03-29,0.02630000002682209,0.026474999263882637,0.025599999353289604,0.02630000002682209,0.01731615699827671,3450700
2007-03-30,0.02630000002682209,0.02669999934732914,0.026000000536441803,0.026499999687075615,0.017447838559746742,6052100
2007-04-02,0.026499999687075615,0.028564000502228737,0.026623999699950218,0.02810000069439411,0.018501294776797295,57589950
2007-04-03,0.02810000069439411,0.03240000084042549,0.02800000086426735,0.03229999914765358,0.021266605705022812,92671900
2007-04-04,0.03240000084042549,0.03660000115633011,0.03240000084042549,0.035100001841783524,0.023110151290893555,47808450
2007-04-10,0.032600000500679016,0.03460000082850456,0.03099999949336052,0.032600000500679016,0.02146412990987301,5337850
2007-04-11,0.032600000500679016,0.03334999829530716,0.029179999604821205,0.03290000185370445,0.021661652252078056,18470850
2007-04-12,0.03319999948143959,0.035920001566410065,0.03289400041103363,0.03400000184774399,0.02238590270280838,9311850
2007-04-13,0.03400000184774399,0.03460000082850456,0.03175000101327896,0.03269999846816063,0.021529966965317726,2973350
2007-04-16,0.03269999846816063,0.03369000181555748,0.03290000185370445,0.03350000083446503,0.0220566987991333,2150850
2007-04-17,0.03350000083446503,0.03400000184774399,0.031199999153614044,0.032499998807907104,0.021398285403847694,4261250
2007-04-18,0.032499998807907104,0.03275199979543686,0.03174399957060814,0.032499998807907104,0.021398285403847694,1347550
2007-04-19,0.032499998807907104,0.03234399855136871,0.029047999531030655,0.030700000002980232,0.02021314948797226,7101850
2007-04-20,0.030700000002980232,0.03102800063788891,0.029999999329447746,0.030799999833106995,0.020278992131352425,55375150
2007-04-23,0.030799999833106995,0.03139999881386757,0.030260000377893448,0.030899999663233757,0.02034483291208744,417250
2007-04-24,0.030899999663233757,0.03099999949336052,0.029400000348687172,0.030400000512599945,0.02001563087105751,7975950
2007-04-25,0.030400000512599945,0.032999999821186066,0.0297200009226799,0.03220000118017197,0.021200766786932945,7180650
2007-04-26,0.03220000118017197,0.03384599834680557,0.03220000118017197,0.03290000185370445,0.021661652252078056,3430600
2007-04-27,0.03290000185370445,0.03400000184774399,0.03200000151991844,0.03280000016093254,0.021595807746052742,1380250
2007-04-30,0.03280000016093254,0.033399999141693115,0.032999999821186066,0.0333000011742115,0.02192501164972782,224550
2007-05-02,0.03220000118017197,0.03359999880194664,0.03200000151991844,0.032999999821186066,0.021727491170167923,524100
2007-05-03,0.032999999821186066,0.03269999846816063,0.03180000185966492,0.032499998807907104,0.021398285403847694,2035750
2007-05-04,0.032499998807907104,0.03359999880194664,0.03210999816656113,0.03290000185370445,0.021661652252078056,1278300
2007-05-07,0.03290000185370445,0.03290000185370445,0.03290000185370445,0.03290000185370445,0.021661652252078056,0
2007-05-08,0.03290000185370445,0.03380199894309044,0.03220000118017197,0.03310000151395798,0.02179333195090294,3205350
2007-05-09,0.03310000151395798,0.03350000083446503,0.03245000168681145,0.0333000011742115,0.02192501164972782,1240450
2007-05-10,0.0333000011742115,0.03290000185370445,0.03200000151991844,0.03290000185370445,0.021661652252078056,1088550
2007-05-11,0.03290000185370445,0.03229999914765358,0.03139999881386757,0.03200000151991844,0.021069083362817764,2681350
2007-05-14,0.03200000151991844,0.03200000151991844,0.03099999949336052,0.03200000151991844,0.021069083362817764,417500
2007-05-15,0.03200000151991844,0.032499998807907104,0.0315760001540184,0.032499998807907104,0.021398285403847694,810750
2007-05-16,0.032499998807907104,0.03319999948143959,0.03139999881386757,0.032499998807907104,0.021398285403847694,1990000
2007-05-17,0.032499998807907104,0.032499998807907104,0.031700000166893005,0.032499998807907104,0.021398285403847694,524550
2007-05-18,0.032499998807907104,0.03440000116825104,0.03200000151991844,0.03370000049471855,0.022188382223248482,1579100
2007-05-21,0.03370000049471855,0.035599999129772186,0.03353999927639961,0.03460000082850456,0.022780943661928177,714750
2007-05-22,0.03460000082850456,0.035999998450279236,0.034299999475479126,0.03550000116229057,0.023373520001769066,4560400
2007-05-23,0.03550000116229057,0.03759999945759773,0.03524800017476082,0.03680000081658363,0.024229448288679123,882650
2007-05-25,0.04149999842047691,0.042580001056194305,0.03999999910593033,0.040800001472234726,0.026863083243370056,5229050
2007-05-28,0.040800001472234726,0.040800001472234726,0.040800001472234726,0.040800001472234726,0.026863083243370056,0
2007-05-29,0.040800001472234726,0.047200001776218414,0.04118400067090988,0.04600000008940697,0.03028680942952633,4157300
2007-05-30,0.04619999974966049,0.04699999839067459,0.042399998754262924,0.04500000178813934,0.02962840348482132,10561950
2007-05-31,0.04479999840259552,0.045079998672008514,0.0430000014603138,0.043800000101327896,0.028838304802775383,7346800
2007-06-01,0.04360000044107437,0.04360000044107437,0.041600000113248825,0.041999999433755875,0.027653172612190247,1789100
2007-06-04,0.041999999433755875,0.041099999099969864,0.035999998450279236,0.039799999445676804,0.026204675436019897,4779650
2007-06-05,0.039799999445676804,0.0406000018119812,0.03799999877810478,0.039000000804662704,0.025677945464849472,2675450
2007-06-06,0.039000000804662704,0.03917999938130379,0.03799999877810478,0.038600001484155655,0.02541458047926426,2921250
2007-06-07,0.038600001484155655,0.039000000804662704,0.03759999945759773,0.03849999979138374,0.025348741561174393,1988300
2007-06-08,0.03849999979138374,0.039400000125169754,0.03720000013709068,0.03830000013113022,0.02521705999970436,2105450
2007-06-11,0.03830000013113022,0.038600001484155655,0.03759999945759773,0.038600001484155655,0.02541458047926426,518400
2007-06-12,0.038600001484155655,0.03894999995827675,0.03765000030398369,0.038100000470876694,0.02508537285029888,2774450
2007-06-13,0.038100000470876694,0.038100000470876694,0.03759999945759773,0.038100000470876694,0.02508537285029888,45900
2007-06-14,0.038100000470876694,0.03869999945163727,0.03759999945759773,0.03869999945163727,0.025480423122644424,1986250
2007-06-15,0.03869999945163727,0.039000000804662704,0.03799999877810478,0.03869999945163727,0.025480423122644424,319450
2007-06-18,0.03869999945163727,0.040800001472234726,0.03840000182390213,0.0406000018119812,0.026731403544545174,3116400
2007-06-20,0.04320000112056732,0.043111998587846756,0.03999999910593033,0.04270000010728836,0.028114059939980507,4272000
2007-06-21,0.04270000010728836,0.04259999841451645,0.04162000119686127,0.042500000447034836,0.027982382103800774,675600
2007-06-22,0.042500000447034836,0.042183998972177505,0.041175998747348785,0.04179999977350235,0.027521489188075066,398650
2007-06-25,0.04179999977350235,0.041999999433755875,0.03999999910593033,0.040800001472234726,0.026863083243370056,445050
2007-06-26,0.040800001472234726,0.041200000792741776,0.040800001472234726,0.041099999099969864,0.027060599997639656,574250
2007-06-27,0.041099999099969864,0.041200000792741776,0.04064999893307686,0.041099999099969864,0.027060599997639656,125200
2007-06-28,0.041099999099969864,0.042399998754262924,0.040630001574754715,0.041999999433755875,0.027653172612190247,772600
2007-06-29,0.041999999433755875,0.04360000044107437,0.041999999433755875,0.04280000180006027,0.028179898858070374,9772150
2007-07-03,0.0430000014603138,0.04399999976158142,0.04309999942779541,0.04360000044107437,0.02870662324130535,742750
2007-07-04,0.04360000044107437,0.04436999931931496,0.042876001447439194,0.043299999088048935,0.028509099036455154,234950
2007-07-05,0.043299999088048935,0.04399999976158142,0.0430000014603138,0.043299999088048935,0.028509099036455154,281750
2007-07-06,0.043299999088048935,0.04399999976158142,0.04259999841451645,0.043800000101327896,0.028838304802775383,1391900
2007-07-09,0.043800000101327896,0.04600000008940697,0.04390000179409981,0.04399999976158142,0.028969990089535713,1585750
2007-07-10,0.04399999976158142,0.04500000178813934,0.043699998408555984,0.04430000111460686,0.02916751429438591,1219200
2007-07-11,0.04430000111460686,0.04540000110864639,0.04360000044107437,0.04439999908208847,0.029233355075120926,987150
2007-07-12,0.04470000043511391,0.045965999364852905,0.0444599986076355,0.04569999873638153,0.030089277774095535,1622650
2007-07-13,0.04569999873638153,0.04639999940991402,0.04569999873638153,0.04569999873638153,0.030089277774095535,438950
2007-07-16,0.04569999873638153,0.04634999856352806,0.04540000110864639,0.045899998396635056,0.030220968648791313,1141300
2007-07-17,0.045899998396635056,0.04639999940991402,0.045499999076128006,0.045899998396635056,0.030220968648791313,1407400
2007-07-18,0.04540000110864639,0.04619999974966049,0.04442000016570091,0.04470000043511391,0.029430879279971123,12877900
2007-07-19,0.04470000043511391,0.04540000110864639,0.044199999421834946,0.04470000043511391,0.029430879279971123,4888050
2007-07-20,0.04470000043511391,0.04540000110864639,0.04439999908208847,0.04439999908208847,0.029233355075120926,1232000
2007-07-23,0.04439999908208847,0.04520000144839287,0.04360000044107437,0.04430000111460686,0.02916751429438591,46841200
2007-07-24,0.044199999421834946,0.04500000178813934,0.04430000111460686,0.04430000111460686,0.02916751429438591,200000
2007-07-25,0.04430000111460686,0.04520000144839287,0.041999999433755875,0.043699998408555984,0.028772464022040367,6659700
2007-07-26,0.04479999840259552,0.04707999899983406,0.04439999908208847,0.046799998730421066,0.030813531950116158,13230650
2007-07-27,0.046300001442432404,0.04642400145530701,0.04479999840259552,0.04569999873638153,0.030089277774095535,3110600
2007-07-30,0.04500000178813934,0.04594999924302101,0.0451200008392334,0.045499999076128006,0.029957596212625504,931150
2007-07-31,0.045499999076128006,0.04800000041723251,0.04526999965310097,0.047200001776218414,0.031076902523636818,494600
2007-08-01,0.047200001776218414,0.04742399975657463,0.04625999927520752,0.046799998730421066,0.030813531950116158,564100
2007-08-02,0.046799998730421066,0.048920001834630966,0.0471000000834465,0.04839999973773956,0.03186699002981186,3691750
2007-08-03,0.04839999973773956,0.049400001764297485,0.04800000041723251,0.048700001090765,0.03206451237201691,992650
2007-08-06,0.048700001090765,0.049400001764297485,0.04740000143647194,0.048500001430511475,0.031932830810546875,3277350
2007-08-07,0.049229998141527176,0.0492900013923645,0.04859999939799309,0.048900000751018524,0.03219619765877724,1147450
2007-08-08,0.048900000751018524,0.04966399818658829,0.048739999532699585,0.04899999871850014,0.03226204216480255,8965050
2007-08-09,0.04899999871850014,0.04927999898791313,0.04859999939799309,0.04859999939799309,0.03199867159128189,60350
2007-08-10,0.04859999939799309,0.04775400087237358,0.044599998742341995,0.04500000178813934,0.02962840348482132,1591700
2007-08-13,0.04500000178813934,0.04600000008940697,0.04399999976158142,0.044599998742341995,0.029365036636590958,25546100
2007-08-14,0.044599998742341995,0.04399999976158142,0.04280000180006027,0.043800000101327896,0.028838304802775383,1753500
2007-08-15,0.0430000014603138,0.041999999433755875,0.04100000113248825,0.04170000180602074,0.0274556502699852,1118750
2007-08-16,0.04170000180602074,0.04106999933719635,0.032999999821186066,0.0364999994635582,0.024031927809119225,6658500
2007-08-17,0.03669999912381172,0.03818000108003616,0.03539999946951866,0.03739999979734421,0.024624492973089218,3947850
2007-08-20,0.037700001150369644,0.04039999842643738,0.03779999911785126,0.03929999843239784,0.02587546780705452,1560500
2007-08-21,0.03959999978542328,0.04210999980568886,0.039000000804662704,0.041600000113248825,0.027389811351895332,2875150
2007-08-22,0.04170000180602074,0.0421999990940094,0.04039999842643738,0.04149999842047691,0.02732396498322487,1724700
2007-08-23,0.04170000180602074,0.0430000014603138,0.0414000004529953,0.041999999433755875,0.027653172612190247,512250
2007-08-24,0.041999999433755875,0.042739998549222946,0.04100000113248825,0.041999999433755875,0.027653172612190247,215950
2007-08-27,0.041999999433755875,0.041999999433755875,0.041999999433755875,0.041999999433755875,0.027653172612190247,0
2007-08-28,0.041999999433755875,0.04149999842047691,0.03999999910593033,0.04149999842047691,0.02732396498322487,1683750
2007-08-29,0.041200000792741776,0.0406000018119812,0.03959999978542328,0.0406000018119812,0.026731403544545174,4229450
2007-08-30,0.0406000018119812,0.04029799997806549,0.03959999978542328,0.03970000147819519,0.026138832792639732,4606000
2007-08-31,0.03970000147819519,0.04050000011920929,0.03959999978542328,0.04050000011920929,0.02666555903851986,3449150
2007-09-03,0.04050000011920929,0.04123599827289581,0.04010999947786331,0.04089999943971634,0.026928922161459923,281850
2007-09-04,0.04089999943971634,0.04089999943971634,0.04019999876618385,0.0406000018119812,0.026731403544545174,542500
2007-09-05,0.0406000018119812,0.04098400101065636,0.03922000154852867,0.03970000147819519,0.026138832792639732,1192050
2007-09-06,0.039500001817941666,0.04017600044608116,0.03717600181698799,0.03779999911785126,0.02488785795867443,2356950
2007-09-07,0.03779999911785126,0.039000000804662704,0.03700000047683716,0.03819999843835831,0.025151215493679047,1267400
2007-09-10,0.03819999843835831,0.039400000125169754,0.03739999979734421,0.03840000182390213,0.025282902643084526,935850
2007-09-11,0.03840000182390213,0.03819999843835831,0.037459999322891235,0.03819999843835831,0.025151215493679047,115700
2007-09-12,0.03819999843835831,0.03830000013113022,0.03757600113749504,0.03819999843835831,0.025151215493679047,76100
2007-09-13,0.03819999843835831,0.03910600021481514,0.038297999650239944,0.03869999945163727,0.025480423122644424,331800
2007-09-14,0.03869999945163727,0.03869999945163727,0.0382240004837513,0.03869999945163727,0.025480423122644424,260000
2007-09-17,0.03620000183582306,0.035576000809669495,0.029600000008940697,0.03400000184774399,0.02238590270280838,20659850
2007-09-18,0.03400000184774399,0.03519999980926514,0.032999999821186066,0.03480000048875809,0.022912628948688507,12192300
2007-09-19,0.03519999980926514,0.035999998450279236,0.03424600139260292,0.03519999980926514,0.02317599393427372,1349350
2007-09-20,0.03500000014901161,0.036400001496076584,0.03460000082850456,0.03590000048279762,0.023636875674128532,876700
2007-09-21,0.03590000048279762,0.039400000125169754,0.0358939990401268,0.03779999911785126,0.02488785795867443,2192300
2007-09-24,0.03819999843835831,0.04039999842643738,0.038759998977184296,0.039900001138448715,0.026270516216754913,5040950
2007-09-25,0.040300000458955765,0.0406000018119812,0.039000000804662704,0.039799999445676804,0.026204675436019897,2043250
2007-09-27,0.03999999910593033,0.04039999842643738,0.039400000125169754,0.03999999910593033,0.02633635327219963,2691100
2007-09-28,0.03999999910593033,0.04039999842643738,0.03920000046491623,0.039900001138448715,0.026270516216754913,1635600
2007-10-02,0.04019999876618385,0.0406000018119812,0.039000000804662704,0.039799999445676804,0.026204675436019897,3316200
2007-10-03,0.03959999978542328,0.04019999876618385,0.03906000033020973,0.039400000125169754,0.025941312313079834,625000
2007-10-04,0.039400000125169754,0.04010000079870224,0.03864800184965134,0.039400000125169754,0.025941312313079834,6337750
2007-10-05,0.03929999843239784,0.04052000120282173,0.038600001484155655,0.03999999910593033,0.02633635327219963,14196050
2007-10-08,0.03999999910593033,0.041600000113248825,0.04034800082445145,0.041099999099969864,0.027060599997639656,2687050
2007-10-09,0.040699999779462814,0.04479999840259552,0.041930001229047775,0.04399999976158142,0.028969990089535713,1899350
2007-10-10,0.04399999976158142,0.04740000143647194,0.04439999908208847,0.04520000144839287,0.029760079458355904,5244200
2007-10-11,0.04520000144839287,0.04600000008940697,0.04447999969124794,0.04569999873638153,0.030089277774095535,29220000
2007-10-12,0.04569999873638153,0.049400001764297485,0.045979999005794525,0.049400001764297485,0.032525401562452316,15060900
2007-10-15,0.049400001764297485,0.05040000006556511,0.04839999973773956,0.0494999997317791,0.03259124234318733,7968700
2007-10-16,0.04969999939203262,0.05000000074505806,0.04659999907016754,0.0494999997317791,0.03259124234318733,3986800
2007-10-17,0.0494999997317791,0.04919999837875366,0.04500000178813934,0.047200001776218414,0.031076902523636818,7201100
2007-10-18,0.04729999974370003,0.04960000142455101,0.04740000143647194,0.049400001764297485,0.032525401562452316,10854900
2007-10-22,0.04879999905824661,0.04919999837875366,0.04761600121855736,0.04879999905824661,0.03213035315275192,32961100
2007-10-23,0.04879999905824661,0.04919999837875366,0.04839999973773956,0.04899999871850014,0.03226204216480255,199700
2007-10-24,0.04899999871850014,0.050200000405311584,0.04919999837875366,0.0494999997317791,0.03259124234318733,4039750
2007-10-25,0.04969999939203262,0.05009999871253967,0.04901399835944176,0.05009999871253967,0.03298628702759743,12601150
2007-10-26,0.05009999871253967,0.05119999870657921,0.049800001084804535,0.05119999870657921,0.0337105318903923,8580350
2007-10-29,0.05119999870657921,0.0544000007212162,0.05040000006556511,0.05350000038743019,0.035224881023168564,18744450
2007-10-30,0.05350000038743019,0.05260000005364418,0.051020000129938126,0.052000001072883606,0.034237273037433624,1130200
2007-10-31,0.052000001072883606,0.05184200033545494,0.050599999725818634,0.05130000039935112,0.03377637267112732,851750
2007-11-01,0.05130000039935112,0.050599999725818634,0.04600000008940697,0.04780000075697899,0.031471945345401764,1350100
2007-11-02,0.04780000075697899,0.04749999940395355,0.04699999839067459,0.04749999940395355,0.031274423003196716,406800
2007-11-05,0.04749999940395355,0.04899999871850014,0.04699999839067459,0.04749999940395355,0.031274423003196716,3261950
2007-11-06,0.04749999940395355,0.04749999940395355,0.04699999839067459,0.04749999940395355,0.031274423003196716,198800
2007-11-07,0.04749999940395355,0.04746999964118004,0.04600000008940697,0.046799998730421066,0.030813531950116158,234050
2007-11-08,0.046799998730421066,0.046300001442432404,0.04600000008940697,0.046300001442432404,0.030484335497021675,494950
2007-11-09,0.046300001442432404,0.046300001442432404,0.04560000076889992,0.046300001442432404,0.030484335497021675,116850
2007-11-12,0.046300001442432404,0.04560000076889992,0.04399999976158142,0.04520000144839287,0.029760079458355904,937800
2007-11-13,0.04520000144839287,0.04600000008940697,0.04385000094771385,0.04520000144839287,0.029760079458355904,755200
2007-11-14,0.04520000144839287,0.04520000144839287,0.04439999908208847,0.04520000144839287,0.029760079458355904,11250
2007-11-15,0.04520000144839287,0.04540000110864639,0.04439999908208847,0.04479999840259552,0.02949671633541584,227250
2007-11-16,0.04479999840259552,0.044599998742341995,0.0430000014603138,0.043699998408555984,0.028772464022040367,994450
2007-11-19,0.043699998408555984,0.0430000014603138,0.039000000804662704,0.039799999445676804,0.026204675436019897,2862100
2007-11-20,0.039799999445676804,0.04039999842643738,0.03840000182390213,0.03920000046491623,0.025809627026319504,453800
2007-11-21,0.03920000046491623,0.03840000182390213,0.03759999945759773,0.038100000470876694,0.02508537285029888,479350
2007-11-22,0.038100000470876694,0.0395670011639595,0.03660000115633011,0.03920000046491623,0.025809627026319504,1822400
2007-11-23,0.03920000046491623,0.04100000113248825,0.039799999445676804,0.0406000018119812,0.026731403544545174,247300
2007-11-26,0.0406000018119812,0.04174000024795532,0.04065600037574768,0.04170000180602074,0.0274556502699852,891300
2007-11-27,0.04170000180602074,0.041680000722408295,0.04039999842643738,0.0414000004529953,0.0272581297904253,867800
2007-11-28,0.0414000004529953,0.0412600003182888,0.04039999842643738,0.041200000792741776,0.02712644264101982,175300
2007-11-29,0.041200000792741776,0.04149999842047691,0.0406000018119812,0.04149999842047691,0.02732396498322487,1810950
2007-11-30,0.04149999842047691,0.043800000101327896,0.0406000018119812,0.04349999874830246,0.028640786185860634,25720900
2007-12-03,0.04349999874830246,0.04411200061440468,0.043699998408555984,0.043699998408555984,0.028772464022040367,129700
2007-12-04,0.043699998408555984,0.04435599967837334,0.0430000014603138,0.04390000179409981,0.028904149308800697,860700
2007-12-05,0.04390000179409981,0.04390000179409981,0.0430000014603138,0.04390000179409981,0.028904149308800697,66350
2007-12-06,0.04390000179409981,0.04390000179409981,0.0430000014603138,0.04390000179409981,0.028904149308800697,185100
2007-12-07,0.04390000179409981,0.04390000179409981,0.0430000014603138,0.04390000179409981,0.028904149308800697,385900
2007-12-10,0.04390000179409981,0.04390000179409981,0.04390000179409981,0.04390000179409981,0.028904149308800697,0
2007-12-11,0.04390000179409981,0.04500000178813934,0.04340000078082085,0.04450000077486038,0.02929919771850109,1725000
2007-12-12,0.04450000077486038,0.04510600119829178,0.04479999840259552,0.04500000178813934,0.02962840348482132,283950
2007-12-13,0.04500000178813934,0.04540000110864639,0.04399999976158142,0.04450000077486038,0.02929919771850109,786850
2007-12-14,0.04450000077486038,0.044039998203516006,0.04360000044107437,0.04390000179409981,0.028904149308800697,320500
2007-12-17,0.04390000179409981,0.04406199976801872,0.04259999841451645,0.04390000179409981,0.028904149308800697,2007500
2007-12-18,0.04390000179409981,0.043800000101327896,0.0430000014603138,0.043800000101327896,0.028838304802775383,462500
2007-12-19,0.043800000101327896,0.0430000014603138,0.03999999910593033,0.04170000180602074,0.0274556502699852,2164700
2007-12-20,0.04170000180602074,0.041200000792741776,0.04039999842643738,0.041200000792741776,0.02712644264101982,367500
2007-12-21,0.041200000792741776,0.040800001472234726,0.04039999842643738,0.040800001472234726,0.026863083243370056,150000
2007-12-24,0.040800001472234726,0.040800001472234726,0.0400799997150898,0.040800001472234726,0.026863083243370056,5000
2007-12-27,0.040800001472234726,0.0406000018119812,0.03999999910593033,0.0406000018119812,0.026731403544545174,100000
2007-12-28,0.0406000018119812,0.04094399884343147,0.040780000388622284,0.040800001472234726,0.026863083243370056,150000
2007-12-31,0.040800001472234726,0.040800001472234726,0.040800001472234726,0.040800001472234726,0.026863083243370056,0
2008-01-02,0.040800001472234726,0.040300000458955765,0.039400000125169754,0.04019999876618385,0.026468034833669662,362500
2008-01-03,0.04019999876618385,0.03959999978542328,0.039000000804662704,0.03959999978542328,0.026072988286614418,231250
2008-01-04,0.03959999978542328,0.039400000125169754,0.03799999877810478,0.039000000804662704,0.025677945464849472,1031350
2008-01-07,0.039000000804662704,0.03799999877810478,0.03660000115633011,0.03759999945759773,0.02475617453455925,1284300
2008-01-08,0.03759999945759773,0.037300001829862595,0.03660000115633011,0.037300001829862595,0.02455865405499935,351100
2008-01-09,0.037300001829862595,0.03660000115633011,0.03500000014901161,0.03620000183582306,0.02383440174162388,3888950
2008-01-10,0.03620000183582306,0.03620000183582306,0.03579999879002571,0.03620000183582306,0.02383440174162388,147500
2008-01-11,0.03620000183582306,0.03723999857902527,0.03620000183582306,0.03700000047683716,0.024361127987504005,846600
2008-01-14,0.03700000047683716,0.03700000047683716,0.03700000047683716,0.03700000047683716,0.024361127987504005,83000
2008-01-15,0.03700000047683716,0.03700000047683716,0.036400001496076584,0.03700000047683716,0.024361127987504005,1125850
2008-01-16,0.03700000047683716,0.036400001496076584,0.03460000082850456,0.034699998795986176,0.02284679003059864,1431100
2008-01-17,0.034699998795986176,0.035659998655319214,0.03440000116825104,0.03539999946951866,0.023307673633098602,6747500
2008-01-18,0.03539999946951866,0.03519999980926514,0.03519999980926514,0.03519999980926514,0.02317599393427372,0
2008-01-21,0.03519999980926514,0.03500000014901161,0.03440000116825104,0.03500000014901161,0.023044316098093987,162150
2008-01-22,0.03449999913573265,0.03400000184774399,0.032999999821186066,0.03400000184774399,0.02238590270280838,296700
2008-01-23,0.03400000184774399,0.033975999802351,0.033399999141693115,0.03370000049471855,0.022188382223248482,9712200
2008-01-24,0.03370000049471855,0.03370000049471855,0.03355000168085098,0.03370000049471855,0.022188382223248482,264500
2008-01-25,0.034299999475479126,0.03460000082850456,0.03400000184774399,0.034299999475479126,0.02258342318236828,2632550
2008-01-28,0.034299999475479126,0.03489600121974945,0.03420000150799751,0.034699998795986176,0.02284679003059864,428650
2008-01-29,0.034699998795986176,0.03480000048875809,0.034699998795986176,0.034699998795986176,0.02284679003059864,10000
2008-01-30,0.034699998795986176,0.03500000014901161,0.03400000184774399,0.03500000014901161,0.023044316098093987,111200
2008-01-31,0.03500000014901161,0.03480000048875809,0.03480000048875809,0.03480000048875809,0.022912628948688507,0
2008-02-01,0.03480000048875809,0.03480000048875809,0.03480000048875809,0.03480000048875809,0.022912628948688507,0
2008-02-04,0.03480000048875809,0.03480000048875809,0.03280000016093254,0.03480000048875809,0.022912628948688507,407250
2008-02-05,0.03480000048875809,0.03460000082850456,0.033980000764131546,0.03420000150799751,0.02251758612692356,302550
2008-02-06,0.03420000150799751,0.03420000150799751,0.03420000150799751,0.03420000150799751,0.02251758612692356,0
2008-02-11,0.03420000150799751,0.03420000150799751,0.033399999141693115,0.03420000150799751,0.02251758612692356,200000
2008-02-12,0.03420000150799751,0.03420000150799751,0.03420000150799751,0.03420000150799751,0.02251758612692356,0
2008-02-13,0.03420000150799751,0.03420000150799751,0.033399999141693115,0.03420000150799751,0.02251758612692356,52550
2008-02-14,0.03420000150799751,0.03417599946260452,0.033399999141693115,0.03400000184774399,0.02238590270280838,4129600
2008-02-15,0.03400000184774399,0.03400000184774399,0.033799998462200165,0.03400000184774399,0.02238590270280838,21550
2008-02-18,0.03400000184774399,0.033799998462200165,0.032999999821186066,0.033799998462200165,0.0222542155534029,260000
2008-02-19,0.033799998462200165,0.033799998462200165,0.033799998462200165,0.033799998462200165,0.0222542155534029,0
2008-02-20,0.033799998462200165,0.0333000011742115,0.032600000500679016,0.0333000011742115,0.02192501164972782,213000
2008-02-21,0.0333000011742115,0.03319999948143959,0.032600000500679016,0.03310000151395798,0.02179333195090294,50350
2008-02-22,0.03310000151395798,0.03310000151395798,0.032600000500679016,0.03310000151395798,0.02179333195090294,136350
2008-02-25,0.03269999846816063,0.03229999914765358,0.031599998474121094,0.03229999914765358,0.021266605705022812,191450
2008-02-26,0.03229999914765358,0.032933998852968216,0.03099999949336052,0.03180000185966492,0.020937401801347733,935700
2008-02-27,0.03180000185966492,0.031300000846385956,0.029999999329447746,0.031300000846385956,0.020608199760317802,601100
2008-02-28,0.031300000846385956,0.03060000017285347,0.028999999165534973,0.02969999983906746,0.0195547454059124,808700
2008-02-29,0.02969999983906746,0.029500000178813934,0.02759999968111515,0.029500000178813934,0.01942306198179722,779750
2008-03-03,0.029500000178813934,0.029120000079274178,0.0284000001847744,0.028999999165534973,0.019093861803412437,234800
2008-03-04,0.028999999165534973,0.0284000001847744,0.02800000086426735,0.02810000069439411,0.018501294776797295,325000
2008-03-05,0.02810000069439411,0.02810000069439411,0.027400000020861626,0.02810000069439411,0.018501294776797295,85000
2008-03-06,0.02810000069439411,0.027400000020861626,0.026000000536441803,0.02669999934732914,0.017579514533281326,413050
2008-03-07,0.02669999934732914,0.026499999687075615,0.024399999529123306,0.025499999523162842,0.016789428889751434,3165150
2008-03-10,0.025100000202655792,0.02500000037252903,0.022700000554323196,0.022700000554323196,0.014945881441235542,3205950
2008-03-11,0.021800000220537186,0.02498999983072281,0.02160000056028366,0.024399999529123306,0.01606517657637596,5100600
2008-03-12,0.024399999529123306,0.024399999529123306,0.023600000888109207,0.024399999529123306,0.01606517657637596,1061250
2008-03-13,0.02428000047802925,0.024399999529123306,0.0236200001090765,0.024399999529123306,0.01606517657637596,1089500
2008-03-14,0.024399999529123306,0.02419999986886978,0.023399999365210533,0.02419999986886978,0.01593349501490593,119400
2008-03-17,0.02419999986886978,0.02419999986886978,0.023900000378489494,0.02419999986886978,0.01593349501490593,85000
2008-03-18,0.02419999986886978,0.023879999294877052,0.023399999365210533,0.02370000071823597,0.015604287385940552,542350
2008-03-19,0.02370000071823597,0.023399999365210533,0.023000000044703484,0.02329999953508377,0.015340928919613361,325000
2008-03-20,0.02329999953508377,0.023099999874830246,0.022600000724196434,0.023099999874830246,0.01520924549549818,250000
2008-03-25,0.023099999874830246,0.02319999970495701,0.021700000390410423,0.021900000050663948,0.014419152401387691,2050000
2008-03-26,0.021900000050663948,0.021900000050663948,0.021889999508857727,0.021900000050663948,0.014419152401387691,55000
2008-03-27,0.021900000050663948,0.022708000615239143,0.02208000048995018,0.022600000724196434,0.014880039729177952,761800
2008-03-28,0.022600000724196434,0.023706000298261642,0.023000000044703484,0.023399999365210533,0.015406765975058079,3900050
2008-03-31,0.024000000208616257,0.02459999918937683,0.02410000003874302,0.02419999986886978,0.01593349501490593,2460250
2008-04-01,0.02419999986886978,0.024800000712275505,0.02280000038444996,0.023600000888109207,0.015538451261818409,7677150
2008-04-02,0.023600000888109207,0.023533999919891357,0.023000000044703484,0.02329999953508377,0.015340928919613361,1042500
2008-04-03,0.02329999953508377,0.023399999365210533,0.02329999953508377,0.02329999953508377,0.015340928919613361,19500
2008-04-07,0.023399999365210533,0.023600000888109207,0.02250000089406967,0.02250000089406967,0.01481420174241066,490000
2008-04-08,0.023399999365210533,0.022690000012516975,0.02199999988079071,0.022199999541044235,0.014616677537560463,429450
2008-04-09,0.022199999541044235,0.023228000849485397,0.020880000665783882,0.020899999886751175,0.013760744594037533,3925300
2008-04-10,0.020899999886751175,0.02199999988079071,0.020600000396370888,0.0210999995470047,0.013892426155507565,5745750
2008-04-11,0.0210999995470047,0.021199999377131462,0.020600000396370888,0.020899999886751175,0.013760744594037533,216400
2008-04-14,0.020899999886751175,0.020899999886751175,0.018619999289512634,0.019099999219179153,0.012575607746839523,4918100
2008-04-15,0.019099999219179153,0.0207700002938509,0.019001999869942665,0.020500000566244125,0.01349738147109747,4144400
2008-04-16,0.020500000566244125,0.021199999377131462,0.020029999315738678,0.021050000563263893,0.013859507627785206,2440150
2008-04-17,0.021299999207258224,0.02500000037252903,0.02136800065636635,0.02250000089406967,0.01481420174241066,6415700
2008-04-18,0.02250000089406967,0.02319999970495701,0.022210000082850456,0.023000000044703484,0.015143404714763165,2816500
2008-04-21,0.023000000044703484,0.023600000888109207,0.022600000724196434,0.02290000021457672,0.015077562071383,5936150
2008-04-22,0.02290000021457672,0.023150000721216202,0.02250000089406967,0.02290000021457672,0.015077562071383,526500
2008-04-23,0.02290000021457672,0.022700000554323196,0.02239999920129776,0.022700000554323196,0.014945881441235542,11081750
2008-04-24,0.022700000554323196,0.022700000554323196,0.022099999710917473,0.022700000554323196,0.014945881441235542,79800
2008-04-25,0.022700000554323196,0.02302199974656105,0.017999999225139618,0.02070000022649765,0.01362906489521265,15574000
2008-04-28,0.02070000022649765,0.021299999207258224,0.020400000736117363,0.02070000022649765,0.01362906489521265,12400000
2008-04-29,0.02070000022649765,0.021400000900030136,0.017000000923871994,0.02070000022649765,0.01362906489521265,61695950
2008-04-30,0.02070000022649765,0.021299999207258224,0.02070000022649765,0.02070000022649765,0.01362906489521265,63100
2008-05-02,0.0210999995470047,0.021786000579595566,0.02019999921321869,0.02070000022649765,0.01362906489521265,4622400
2008-05-05,0.02070000022649765,0.02070000022649765,0.02070000022649765,0.02070000022649765,0.01362906489521265,0
2008-05-06,0.02070000022649765,0.02160000056028366,0.020670000463724136,0.021299999207258224,0.014024107716977596,4200400
2008-05-07,0.021299999207258224,0.021700000390410423,0.020959999412298203,0.021299999207258224,0.014024107716977596,574500
2008-05-08,0.021400000900030136,0.02250000089406967,0.021209999918937683,0.02250000089406967,0.01481420174241066,5708850
2008-05-09,0.02250000089406967,0.025800000876188278,0.02280000038444996,0.025100000202655792,0.016526062041521072,4223750
2008-05-13,0.024900000542402267,0.025200000032782555,0.024299999698996544,0.024399999529123306,0.01606517657637596,10196800
2008-05-14,0.024399999529123306,0.02459999918937683,0.02419999986886978,0.024299999698996544,0.015999335795640945,3401300
2008-05-15,0.024299999698996544,0.025200000032782555,0.024000000208616257,0.02459999918937683,0.016196856275200844,5158550
2008-05-16,0.02459999918937683,0.025100000202655792,0.024191999807953835,0.02459999918937683,0.016196856275200844,2132650
2008-05-19,0.02459999918937683,0.02556000091135502,0.023175999522209167,0.025100000202655792,0.016526062041521072,4352750
2008-05-20,0.025100000202655792,0.02556000091135502,0.024650000035762787,0.025100000202655792,0.016526062041521072,3232450
2008-05-21,0.025100000202655792,0.025100000202655792,0.024399999529123306,0.024800000712275505,0.016328541561961174,2031400
2008-05-22,0.024800000712275505,0.02507999911904335,0.02410000003874302,0.024700000882148743,0.016262700781226158,420600
2008-05-23,0.024700000882148743,0.025100000202655792,0.024000000208616257,0.024650000035762787,0.0162297785282135,1076650
2008-05-26,0.024650000035762787,0.024650000035762787,0.024650000035762787,0.024650000035762787,0.0162297785282135,0
2008-05-27,0.024650000035762787,0.02539999969303608,0.024000000208616257,0.02500000037252903,0.016460223123431206,5849300
2008-05-28,0.025299999862909317,0.027400000020861626,0.02459999918937683,0.026799999177455902,0.01764535903930664,5454400
2008-05-29,0.026799999177455902,0.028599999845027924,0.026200000196695328,0.027499999850988388,0.0181062463670969,9699350
2008-05-30,0.027499999850988388,0.029772000387310982,0.027000000700354576,0.028999999165534973,0.019093861803412437,9384950
2008-06-02,0.028999999165534973,0.03455999866127968,0.028720000758767128,0.03180000185966492,0.020937401801347733,10132800
2008-06-03,0.03180000185966492,0.034540001302957535,0.03166300058364868,0.03229999914765358,0.021266605705022812,8849450
2008-06-04,0.03229999914765358,0.03285999968647957,0.03182400017976761,0.03269999846816063,0.021529966965317726,5604250
2008-06-05,0.03290000185370445,0.03348999843001366,0.03220000118017197,0.03280000016093254,0.021595807746052742,2895200
2008-06-06,0.03280000016093254,0.0333000011742115,0.031599998474121094,0.032499998807907104,0.021398285403847694,1855900
2008-06-10,0.030500000342726707,0.030799999833106995,0.029400000348687172,0.03009999915957451,0.019818104803562164,3219050
2008-06-11,0.03009999915957451,0.029899999499320984,0.029400000348687172,0.029899999499320984,0.019686425104737282,844600
2008-06-12,0.029899999499320984,0.029650000855326653,0.028999999165534973,0.029500000178813934,0.01942306198179722,2819350
2008-06-13,0.029500000178813934,0.029789999127388,0.029200000688433647,0.029500000178813934,0.01942306198179722,689950
2008-06-16,0.029500000178813934,0.029890000820159912,0.029200000688433647,0.029600000008940697,0.019488900899887085,4559500
2008-06-17,0.02979999966919422,0.030664000660181046,0.029260000213980675,0.029500000178813934,0.01942306198179722,32759900
2008-06-18,0.029500000178813934,0.02979999966919422,0.029400000348687172,0.02979999966919422,0.019620584324002266,12764400
2008-06-19,0.02979999966919422,0.029999999329447746,0.029600000008940697,0.029999999329447746,0.019752267748117447,5308900
2008-06-20,0.029999999329447746,0.030400000512599945,0.029767999425530434,0.029999999329447746,0.019752267748117447,40464050
2008-06-23,0.029999999329447746,0.03020000085234642,0.02969999983906746,0.029899999499320984,0.019686425104737282,993750
2008-06-24,0.029899999499320984,0.03015200048685074,0.02964000031352043,0.029999999329447746,0.019752267748117447,166250
2008-06-25,0.029999999329447746,0.029600000008940697,0.02807999961078167,0.02850000001490116,0.01876465417444706,1275850
2008-06-26,0.02850000001490116,0.028669999912381172,0.02800000086426735,0.02850000001490116,0.01876465417444706,193250
2008-06-27,0.02850000001490116,0.028599999845027924,0.026799999177455902,0.027400000020861626,0.018040403723716736,3554550
2008-06-30,0.027300000190734863,0.02759999968111515,0.026399999856948853,0.02759999968111515,0.018172087147831917,4937750
2008-07-02,0.027499999850988388,0.027499999850988388,0.027499999850988388,0.027499999850988388,0.0181062463670969,0
2008-07-03,0.027400000020861626,0.027000000700354576,0.026599999517202377,0.026900000870227814,0.017711199820041656,3496800
2008-07-04,0.026900000870227814,0.026900000870227814,0.026599999517202377,0.026900000870227814,0.017711199820041656,300000
2008-07-07,0.026900000870227814,0.027000000700354576,0.026100000366568565,0.02630000002682209,0.01731615699827671,4622750
2008-07-08,0.02630000002682209,0.02582000009715557,0.023932000622153282,0.024399999529123306,0.01606517657637596,2761800
2008-07-09,0.024399999529123306,0.024800000712275505,0.023000000044703484,0.023800000548362732,0.015670130029320717,1440100
2008-07-10,0.023800000548362732,0.023189999163150787,0.02239999920129776,0.02290000021457672,0.015077562071383,737500
2008-07-11,0.02290000021457672,0.02370000071823597,0.020999999716877937,0.02370000071823597,0.015604287385940552,2750900
2008-07-14,0.02370000071823597,0.024399999529123306,0.023399999365210533,0.02370000071823597,0.015604287385940552,437050
2008-07-15,0.02370000071823597,0.024329999461770058,0.023000000044703484,0.023399999365210533,0.015406765975058079,728550
2008-07-16,0.023399999365210533,0.02319999970495701,0.02280000038444996,0.02290000021457672,0.015077562071383,600000
2008-07-17,0.02290000021457672,0.023099999874830246,0.022600000724196434,0.02280000038444996,0.015011721290647984,219050
2008-07-18,0.022700000554323196,0.022600000724196434,0.0221599992364645,0.02250000089406967,0.01481420174241066,5477800
2008-07-21,0.02250000089406967,0.023000000044703484,0.022220000624656677,0.02250000089406967,0.01481420174241066,47550
2008-07-22,0.02250000089406967,0.023919999599456787,0.02250000089406967,0.02329999953508377,0.015340928919613361,3231250
2008-07-23,0.02329999953508377,0.023807000368833542,0.02329999953508377,0.02370000071823597,0.015604287385940552,681900
2008-07-24,0.02370000071823597,0.02370000071823597,0.023000000044703484,0.02370000071823597,0.015604287385940552,65000
2008-07-25,0.02370000071823597,0.02329999953508377,0.02319999970495701,0.02329999953508377,0.015340928919613361,581900
2008-07-28,0.02329999953508377,0.023099999874830246,0.02275400049984455,0.023099999874830246,0.01520924549549818,1100
2008-07-29,0.023099999874830246,0.022700000554323196,0.021199999377131462,0.021299999207258224,0.014024107716977596,3251700
2008-07-30,0.021299999207258224,0.02160000056028366,0.021299999207258224,0.021299999207258224,0.014024107716977596,1593750
2008-07-31,0.021299999207258224,0.021159999072551727,0.020099999383091927,0.0203000009059906,0.013365701772272587,2572850
2008-08-01,0.0203000009059906,0.020509999245405197,0.01979999989271164,0.019999999552965164,0.013168176636099815,1787650
2008-08-04,0.019999999552965164,0.020400000736117363,0.019999999552965164,0.019999999552965164,0.013168176636099815,1060550
2008-08-05,0.019999999552965164,0.02199999988079071,0.01979999989271164,0.0215000007301569,0.014155791141092777,5243700
2008-08-06,0.0215000007301569,0.024000000208616257,0.02199999988079071,0.022299999371170998,0.014682518318295479,2611150
2008-08-07,0.022299999371170998,0.023000000044703484,0.02199999988079071,0.022299999371170998,0.014682518318295479,120550
2008-08-08,0.022299999371170998,0.022299999371170998,0.02199999988079071,0.022299999371170998,0.014682518318295479,28800
2008-08-11,0.022299999371170998,0.022099999710917473,0.021800000220537186,0.022099999710917473,0.014550837688148022,160000
2008-08-12,0.022099999710917473,0.02247999981045723,0.021709999069571495,0.02199999988079071,0.014484995044767857,239700
2008-08-13,0.02199999988079071,0.02239999920129776,0.021800000220537186,0.021800000220537186,0.014353311620652676,297700
2008-08-14,0.021800000220537186,0.02239999920129776,0.021700000390410423,0.02199999988079071,0.014484995044767857,3800000
2008-08-15,0.02199999988079071,0.02225000038743019,0.02199999988079071,0.02199999988079071,0.014484995044767857,2500000
2008-08-18,0.02199999988079071,0.022299999371170998,0.021727999672293663,0.02199999988079071,0.014484995044767857,412200
2008-08-19,0.02199999988079071,0.022304000332951546,0.021800000220537186,0.02199999988079071,0.014484995044767857,6138900
2008-08-20,0.02199999988079071,0.02225000038743019,0.02054399996995926,0.02070000022649765,0.01362906489521265,1619250
2008-08-21,0.020899999886751175,0.02070000022649765,0.020659999921917915,0.02070000022649765,0.01362906489521265,50000
2008-08-22,0.02070000022649765,0.020659999921917915,0.020600000396370888,0.020600000396370888,0.01356322132050991,163900
2008-08-25,0.020600000396370888,0.020600000396370888,0.020600000396370888,0.020600000396370888,0.01356322132050991,0
2008-08-26,0.020600000396370888,0.020959999412298203,0.020360000431537628,0.020600000396370888,0.01356322132050991,1109150
2008-08-27,0.020600000396370888,0.020400000736117363,0.02005000039935112,0.020400000736117363,0.013431541621685028,5306000
2008-08-28,0.020400000736117363,0.020800000056624413,0.019999999552965164,0.020400000736117363,0.013431541621685028,1037500
2008-08-29,0.020400000736117363,0.020400000736117363,0.019999999552965164,0.020400000736117363,0.013431541621685028,500000
2008-09-01,0.020400000736117363,0.021159999072551727,0.020169999450445175,0.020500000566244125,0.01349738147109747,4650650
2008-09-02,0.020500000566244125,0.020999999716877937,0.019999999552965164,0.020800000056624413,0.013694905675947666,30243200
2008-09-03,0.020800000056624413,0.021400000900030136,0.020800000056624413,0.021199999377131462,0.013958267867565155,540000
2008-09-04,0.0215000007301569,0.023399999365210533,0.0215000007301569,0.022700000554323196,0.014945881441235542,1097500
2008-09-05,0.022700000554323196,0.026000000536441803,0.022700000554323196,0.025599999353289604,0.01685526594519615,2435200
2008-09-08,0.025599999353289604,0.027400000020861626,0.025599999353289604,0.026100000366568565,0.01718447171151638,786250
2008-09-09,0.026000000536441803,0.025800000876188278,0.024299999698996544,0.02459999918937683,0.016196856275200844,2772750
2008-09-10,0.02459999918937683,0.024831999093294144,0.024399999529123306,0.02459999918937683,0.016196856275200844,270650
2008-09-11,0.02459999918937683,0.02459999918937683,0.02419999986886978,0.02459999918937683,0.016196856275200844,395000
2008-09-12,0.02459999918937683,0.02498999983072281,0.02459999918937683,0.024700000882148743,0.016262700781226158,270050
2008-09-16,0.023900000378489494,0.024305999279022217,0.02280000038444996,0.023000000044703484,0.015143404714763165,227900
2008-09-17,0.023000000044703484,0.023399999365210533,0.023000000044703484,0.023399999365210533,0.015406765975058079,221200
2008-09-18,0.023399999365210533,0.024000000208616257,0.02293200045824051,0.023399999365210533,0.015406765975058079,215700
2008-09-19,0.023399999365210533,0.025599999353289604,0.023159999400377274,0.02500000037252903,0.016460223123431206,1241050
2008-09-22,0.02500000037252903,0.025512000545859337,0.02500000037252903,0.025200000032782555,0.016591904684901237,465100
2008-09-23,0.025200000032782555,0.025699999183416367,0.024000000208616257,0.024299999698996544,0.015999335795640945,1450000
2008-09-24,0.024299999698996544,0.02410000003874302,0.02319999970495701,0.02410000003874302,0.015867650508880615,315550
2008-09-25,0.02410000003874302,0.02410000003874302,0.02410000003874302,0.02410000003874302,0.015867650508880615,0
2008-09-26,0.02410000003874302,0.02459999918937683,0.02319999970495701,0.02410000003874302,0.015867650508880615,125400
2008-09-29,0.02410000003874302,0.02500000037252903,0.023600000888109207,0.023900000378489494,0.015735972672700882,893000
2008-09-30,0.023399999365210533,0.02290000021457672,0.02199999988079071,0.022600000724196434,0.014880039729177952,485650
2008-10-02,0.022600000724196434,0.022600000724196434,0.022120000794529915,0.022600000724196434,0.014880039729177952,325000
2008-10-03,0.022600000724196434,0.022948000580072403,0.02199999988079071,0.022199999541044235,0.014616677537560463,205500
2008-10-06,0.022199999541044235,0.021400000900030136,0.019600000232458115,0.019999999552965164,0.013168176636099815,1156550
2008-10-08,0.019200000911951065,0.01940000057220459,0.017100000753998756,0.018300000578165054,0.012048882432281971,1061200
2008-10-09,0.018300000578165054,0.018650000914931297,0.018300000578165054,0.018300000578165054,0.012048882432281971,73450
2008-10-10,0.017500000074505806,0.018050000071525574,0.016599999740719795,0.017000000923871994,0.01119295135140419,2556450
2008-10-13,0.017000000923871994,0.017467999830842018,0.01679999940097332,0.017100000753998756,0.01125879306346178,938000
2008-10-14,0.017000000923871994,0.01720000058412552,0.01640000008046627,0.016599999740719795,0.010929588228464127,843850
2008-10-15,0.016599999740719795,0.017000000923871994,0.01600000075995922,0.01640000008046627,0.010797903873026371,1918450
2008-10-16,0.01640000008046627,0.01702200062572956,0.01600000075995922,0.016499999910593033,0.010863745585083961,3433400
2008-10-17,0.016499999910593033,0.016499999910593033,0.016499999910593033,0.016499999910593033,0.010863745585083961,0
2008-10-20,0.016499999910593033,0.01600000075995922,0.014999999664723873,0.015599999576807022,0.01027117669582367,907750
2008-10-21,0.015599999576807022,0.015799999237060547,0.014000000432133675,0.014499999582767487,0.009546930901706219,1175000
2008-10-22,0.014499999582767487,0.014020999893546104,0.012199999764561653,0.013700000010430813,0.009020201861858368,5238200
2008-10-23,0.013700000010430813,0.013700000010430813,0.013000000268220901,0.013700000010430813,0.009020201861858368,228000
2008-10-24,0.013700000010430813,0.013399999588727951,0.013000000268220901,0.013399999588727951,0.00882267951965332,250000
2008-10-27,0.013399999588727951,0.013039999641478062,0.012900000438094139,0.012900000438094139,0.00849347747862339,350000
2008-10-28,0.012400000356137753,0.012400000356137753,0.012400000356137753,0.012400000356137753,0.008164270780980587,0
2008-10-29,0.012299999594688416,0.012600000016391277,0.012000000104308128,0.012299999594688416,0.008098428137600422,440000
2008-10-30,0.012299999594688416,0.012400000356137753,0.012199999764561653,0.012400000356137753,0.008164270780980587,1000000
2008-10-31,0.012400000356137753,0.012418000027537346,0.011978999711573124,0.012000000104308128,0.007900906726717949,2710450
2008-11-03,0.012000000104308128,0.012160000391304493,0.011599999852478504,0.012000000104308128,0.007900906726717949,5129150
2008-11-04,0.012000000104308128,0.012319999746978283,0.011599999852478504,0.012199999764561653,0.00803258828818798,5659800
2008-11-05,0.012199999764561653,0.012199999764561653,0.012199999764561653,0.012199999764561653,0.00803258828818798,0
2008-11-06,0.012199999764561653,0.012500000186264515,0.012199999764561653,0.012500000186264515,0.008230111561715603,128550
2008-11-07,0.012500000186264515,0.012690000236034393,0.01218700036406517,0.012199999764561653,0.00803258828818798,61207500
2008-11-10,0.012500000186264515,0.015955999493598938,0.012000000104308128,0.014499999582767487,0.009546930901706219,16156150
2008-11-11,0.014499999582767487,0.015399999916553497,0.014499999582767487,0.014700000174343586,0.009678610600531101,1300900
2008-11-12,0.014700000174343586,0.01522000040858984,0.01360000018030405,0.013700000010430813,0.009020201861858368,553700
2008-11-13,0.013700000010430813,0.013899999670684338,0.012679999694228172,0.012799999676644802,0.008427632972598076,4005000
2008-11-14,0.012799999676644802,0.013344000093638897,0.012574000284075737,0.012799999676644802,0.008427632972598076,36950000
2008-11-17,0.012799999676644802,0.013399999588727951,0.012335999868810177,0.012799999676644802,0.008427632972598076,5041050
2008-11-18,0.012799999676644802,0.013000000268220901,0.012415999546647072,0.01269999984651804,0.008361793123185635,4800000
2008-11-19,0.01269999984651804,0.01269999984651804,0.012419999577105045,0.01269999984651804,0.008361793123185635,35969850
2008-11-20,0.01269999984651804,0.012799999676644802,0.01140000019222498,0.012299999594688416,0.008098428137600422,400050
2008-11-21,0.012299999594688416,0.01252800039947033,0.012000000104308128,0.012299999594688416,0.008098428137600422,390300
2008-11-24,0.012299999594688416,0.012299999594688416,0.012299999594688416,0.012299999594688416,0.008098428137600422,0
2008-11-25,0.012059999629855156,0.012570000253617764,0.012059999629855156,0.012299999594688416,0.008098428137600422,1098000
2008-11-26,0.012600000016391277,0.013399999588727951,0.012600000016391277,0.013000000268220901,0.008559318259358406,596750
2008-11-27,0.013319999910891056,0.013319999910891056,0.013000000268220901,0.013000000268220901,0.008559318259358406,503750
2008-11-28,0.013399999588727951,0.013431999832391739,0.013000000268220901,0.013000000268220901,0.008559318259358406,475000
2008-12-01,0.01336000021547079,0.01336000021547079,0.012768000364303589,0.013100000098347664,0.008625155314803123,3572950
2008-12-02,0.013199999928474426,0.013199999928474426,0.012600000016391277,0.012799999676644802,0.008427632972598076,1175000
2008-12-03,0.012600000016391277,0.012799999676644802,0.012600000016391277,0.012799999676644802,0.008427632972598076,314400
2008-12-04,0.01269999984651804,0.012799999676644802,0.012600000016391277,0.012799999676644802,0.008427632972598076,315000
2008-12-05,0.01269999984651804,0.012799999676644802,0.012400000356137753,0.012400000356137753,0.008164270780980587,375000
2008-12-08,0.012380000203847885,0.012480000033974648,0.012230000458657742,0.012400000356137753,0.008164270780980587,16274500
2008-12-09,0.012230000458657742,0.012400000356137753,0.012199999764561653,0.012400000356137753,0.008164270780980587,244050
2008-12-10,0.012356000021100044,0.012400000356137753,0.012356000021100044,0.012400000356137753,0.008164270780980587,50900
2008-12-11,0.01233999989926815,0.012381000444293022,0.010700000450015068,0.01140000019222498,0.007505860645323992,11308550
2008-12-12,0.011730000376701355,0.011730000376701355,0.01140000019222498,0.01140000019222498,0.007505860645323992,28000
2008-12-15,0.012000000104308128,0.012000000104308128,0.010400000028312206,0.01119999960064888,0.00737417908385396,1572500
2008-12-16,0.011620000004768372,0.011620000004768372,0.01119999960064888,0.01119999960064888,0.00737417908385396,93000
2008-12-17,0.011620000004768372,0.011620000004768372,0.009999999776482582,0.010999999940395355,0.007242497522383928,1243450
2008-12-18,0.010999999940395355,0.010999999940395355,0.010999999940395355,0.010999999940395355,0.007242497522383928,0
2008-12-19,0.011250000447034836,0.011250000447034836,0.010999999940395355,0.010999999940395355,0.007242497522383928,44400
2008-12-22,0.011180000379681587,0.011180000379681587,0.01080000028014183,0.01080000028014183,0.007110815495252609,200000
2008-12-23,0.010991999879479408,0.011180000379681587,0.01080000028014183,0.01080000028014183,0.007110815495252609,492350
2008-12-24,0.011180000379681587,0.011180000379681587,0.01080000028014183,0.01080000028014183,0.007110815495252609,225000
2008-12-29,0.011250000447034836,0.01140000019222498,0.010200000368058681,0.011099999770522118,0.0073083387687802315,1928300
2008-12-30,0.010759999975562096,0.01080000028014183,0.009600000455975533,0.009600000455975533,0.0063207256607711315,6086100
2008-12-31,0.010160000063478947,0.01080000028014183,0.010160000063478947,0.010499999858438969,0.006913293153047562,879950
2009-01-02,0.01080000028014183,0.011939999647438526,0.01080000028014183,0.011699999682605267,0.007703382987529039,2406700
2009-01-05,0.012000000104308128,0.012199999764561653,0.010999999940395355,0.011900000274181366,0.007835065014660358,15178950
2009-01-06,0.012133999727666378,0.012199999764561653,0.011649999767541885,0.011900000274181366,0.007835065014660358,1223400
2009-01-07,0.012400000356137753,0.01269999984651804,0.012079999782145023,0.012400000356137753,0.008164270780980587,22503000
2009-01-08,0.012590000405907631,0.012590000405907631,0.012500000186264515,0.012500000186264515,0.008230111561715603,1596400
2009-01-09,0.012470000423491001,0.012500000186264515,0.012199999764561653,0.012500000186264515,0.008230111561715603,5427350
2009-01-12,0.012466000393033028,0.01269999984651804,0.012199999764561653,0.012500000186264515,0.008230111561715603,5825850
2009-01-13,0.012733999639749527,0.012733999639749527,0.012299999594688416,0.012600000016391277,0.008295952342450619,7862050
2009-01-14,0.012911999598145485,0.013000000268220901,0.012600000016391277,0.01269999984651804,0.008361793123185635,8704100
2009-01-15,0.012609999626874924,0.012849999591708183,0.012609999626874924,0.01269999984651804,0.008361793123185635,183100
2009-01-16,0.013000000268220901,0.013000000268220901,0.012600000016391277,0.012799999676644802,0.008427632972598076,28849100
2009-01-19,0.013000000268220901,0.013000000268220901,0.01209999993443489,0.012500000186264515,0.008230111561715603,7075000
2009-01-20,0.012900000438094139,0.012900000438094139,0.012129999697208405,0.012500000186264515,0.008230111561715603,58550
2009-01-21,0.012799999676644802,0.012799999676644802,0.012299999594688416,0.012500000186264515,0.008230111561715603,3378800
2009-01-22,0.012299999594688416,0.012500000186264515,0.012180999852716923,0.012500000186264515,0.008230111561715603,4977550
2009-01-23,0.012500000186264515,0.012400000356137753,0.012199999764561653,0.012400000356137753,0.008164270780980587,670250
2009-01-29,0.011859999969601631,0.01209999993443489,0.011859999969601631,0.01209999993443489,0.007966747507452965,23000
2009-01-30,0.011869999580085278,0.012000000104308128,0.011869999580085278,0.012000000104308128,0.007900906726717949,10300
2009-02-02,0.011889999732375145,0.012000000104308128,0.011889999732375145,0.012000000104308128,0.007900906726717949,163100
2009-02-03,0.012000000104308128,0.012000000104308128,0.012000000104308128,0.012000000104308128,0.007900906726717949,0
2009-02-04,0.012000000104308128,0.012000000104308128,0.012000000104308128,0.012000000104308128,0.007900906726717949,0
2009-02-05,0.012919999659061432,0.012919999659061432,0.012600000016391277,0.012600000016391277,0.008295952342450619,1090750
2009-02-06,0.012719999998807907,0.013199999928474426,0.012400000356137753,0.012400000356137753,0.008164270780980587,2869100
2009-02-09,0.012760000303387642,0.013199999928474426,0.0124080004170537,0.012600000016391277,0.008295952342450619,5093550
2009-02-10,0.013199999928474426,0.01360000018030405,0.013100000098347664,0.013399999588727951,0.00882267951965332,9612150
2009-02-11,0.013799999840557575,0.013799999840557575,0.013319999910891056,0.01360000018030405,0.008954362012445927,19416150
2009-02-12,0.013368000276386738,0.013799999840557575,0.013302000239491463,0.013500000350177288,0.008888520300388336,2520250
2009-02-13,0.013620000332593918,0.013700000010430813,0.013101999647915363,0.013299999758601189,0.008756838738918304,2118350
2009-02-16,0.013460000045597553,0.013500000350177288,0.013100000098347664,0.013399999588727951,0.00882267951965332,801800
2009-02-17,0.013460000045597553,0.013530000112950802,0.013100000098347664,0.013299999758601189,0.008756838738918304,1774750
2009-02-18,0.013399999588727951,0.013799999840557575,0.013399999588727951,0.013399999588727951,0.00882267951965332,2704500
2009-02-19,0.01360000018030405,0.014399999752640724,0.01360000018030405,0.0142000000923872,0.009349406696856022,12955500
2009-02-20,0.014290000312030315,0.014290000312030315,0.014100000262260437,0.0142000000923872,0.009349406696856022,1522300
2009-02-23,0.014100000262260437,0.014759999699890614,0.014100000262260437,0.014499999582767487,0.009546930901706219,1788400
2009-02-24,0.014800000004470348,0.015599999576807022,0.014600000344216824,0.015399999916553497,0.010139496065676212,12249800
2009-02-25,0.015599999576807022,0.01679999940097332,0.015595999546349049,0.016599999740719795,0.010929588228464127,8519350
2009-02-26,0.01689000055193901,0.017000000923871994,0.01583000086247921,0.016100000590085983,0.010600383393466473,8621200
2009-02-27,0.015866000205278397,0.01679999940097332,0.015866000205278397,0.01640000008046627,0.010797903873026371,2400450
2009-03-02,0.016699999570846558,0.016899999231100082,0.016599999740719795,0.016599999740719795,0.010929588228464127,1662300
2009-03-03,0.017000000923871994,0.017000000923871994,0.016200000420212746,0.016699999570846558,0.010995427146553993,4041400
2009-03-04,0.016780000180006027,0.016780000180006027,0.016200000420212746,0.016200000420212746,0.010666224174201488,3528550
2009-03-05,0.01640000008046627,0.01640000008046627,0.015599999576807022,0.015699999406933784,0.010337019339203835,5739100
2009-03-06,0.01590000092983246,0.01590000092983246,0.014999999664723873,0.015599999576807022,0.01027117669582367,2534450
2009-03-09,0.01573600061237812,0.016899999231100082,0.015399999916553497,0.016599999740719795,0.010929588228464127,3105300
2009-03-10,0.01679999940097332,0.01679999940097332,0.01600000075995922,0.01640000008046627,0.010797903873026371,19702350
2009-03-11,0.016574999317526817,0.018400000408291817,0.016574999317526817,0.018300000578165054,0.012048882432281971,8575150
2009-03-12,0.018400000408291817,0.019600000232458115,0.017909999936819077,0.019500000402331352,0.012838972732424736,9377850
2009-03-13,0.019600000232458115,0.021199999377131462,0.019600000232458115,0.0210999995470047,0.013892426155507565,15426900
2009-03-16,0.021400000900030136,0.02157999947667122,0.020800000056624413,0.0215000007301569,0.014155791141092777,6771550
2009-03-17,0.021409999579191208,0.021560000255703926,0.021199999377131462,0.021400000900030136,0.014089949429035187,4703100
2009-03-18,0.02102999947965145,0.021199999377131462,0.020509999245405197,0.020800000056624413,0.013694905675947666,7876850
2009-03-19,0.020600000396370888,0.020840000361204147,0.020600000396370888,0.020800000056624413,0.013694905675947666,1431150
2009-03-20,0.021080000326037407,0.021080000326037407,0.020600000396370888,0.02070000022649765,0.01362906489521265,1829650
2009-03-23,0.020670000463724136,0.02199999988079071,0.020670000463724136,0.021800000220537186,0.014353311620652676,11563200
2009-03-24,0.021900000050663948,0.02280000038444996,0.02160000056028366,0.02239999920129776,0.01474835816770792,3819950
2009-03-25,0.023000000044703484,0.02459999918937683,0.022832000628113747,0.024299999698996544,0.015999335795640945,8564550
2009-03-26,0.024550000205636024,0.02500000037252903,0.02304000034928322,0.023399999365210533,0.015406765975058079,13671850
2009-03-27,0.023730000481009483,0.023800000548362732,0.023099999874830246,0.023399999365210533,0.015406765975058079,1451750
2009-03-30,0.023679999634623528,0.023679999634623528,0.023399999365210533,0.023399999365210533,0.015406765975058079,1000000
2009-03-31,0.0246799997985363,0.0246799997985363,0.023399999365210533,0.023900000378489494,0.015735972672700882,9221900
2009-04-01,0.024000000208616257,0.027400000020861626,0.023840000852942467,0.02710000053048134,0.017842883244156837,16002800
2009-04-02,0.026954999193549156,0.027799999341368675,0.02686000056564808,0.027400000020861626,0.018040403723716736,6805250
2009-04-03,0.027799999341368675,0.028999999165534973,0.027319999411702156,0.02850000001490116,0.01876465417444706,3887300
2009-04-06,0.02930000051856041,0.03180000185966492,0.028999999165534973,0.03009999915957451,0.019818104803562164,16968000
2009-04-07,0.03044999949634075,0.03099999949336052,0.029999999329447746,0.03009999915957451,0.019818104803562164,3730800
2009-04-08,0.03020000085234642,0.030500000342726707,0.029600000008940697,0.029999999329447746,0.019752267748117447,3115600
2009-04-09,0.030300000682473183,0.03200000151991844,0.030009999871253967,0.031099999323487282,0.020476514473557472,4050100
2009-04-14,0.03116000071167946,0.03175000101327896,0.030899999663233757,0.03150000050663948,0.020739879459142685,5049050
2009-04-15,0.031550001353025436,0.031700000166893005,0.028999999165534973,0.029899999499320984,0.019686425104737282,6641350
2009-04-16,0.03020000085234642,0.03060000017285347,0.026200000196695328,0.026900000870227814,0.017711199820041656,9123050
2009-04-17,0.027400000020861626,0.029200000688433647,0.027400000020861626,0.028599999845027924,0.018830496817827225,8590050
2009-04-20,0.02917500026524067,0.02917500026524067,0.02800000086426735,0.028699999675154686,0.01889633759856224,6000900
2009-04-21,0.02879999950528145,0.028999999165534973,0.026639999821782112,0.0272000003606081,0.017908724024891853,5033650
2009-04-22,0.026900000870227814,0.02879999950528145,0.026900000870227814,0.028300000354647636,0.01863297075033188,8834150
2009-04-23,0.027799999341368675,0.02858000062406063,0.02759999968111515,0.027799999341368675,0.01830376870930195,1835250
2009-04-24,0.027000000700354576,0.029200000688433647,0.027000000700354576,0.02879999950528145,0.018962174654006958,22721500
2009-04-27,0.029100000858306885,0.029200000688433647,0.02807999961078167,0.0284000001847744,0.018698813393712044,10944700
2009-04-28,0.028850000351667404,0.028850000351667404,0.02759999968111515,0.028300000354647636,0.01863297075033188,5007050
2009-04-29,0.0284000001847744,0.02969999983906746,0.02800000086426735,0.02930000051856041,0.019291382282972336,18427550
2009-04-30,0.029650000855326653,0.032999999821186066,0.029650000855326653,0.03290000185370445,0.021661652252078056,17780000
2009-05-04,0.036400001496076584,0.036400001496076584,0.036400001496076584,0.036400001496076584,0.02396608516573906,0
2009-05-05,0.03655000030994415,0.03739999979734421,0.035599999129772186,0.03709999844431877,0.024426966905593872,36397050
2009-05-06,0.03709999844431877,0.03840000182390213,0.035999998450279236,0.0364999994635582,0.024031927809119225,21706850
2009-05-07,0.03620000183582306,0.036890000104904175,0.035999998450279236,0.0364999994635582,0.024031927809119225,4127950
2009-05-08,0.036660000681877136,0.03700000047683716,0.035599999129772186,0.036400001496076584,0.02396608516573906,7502900
2009-05-11,0.0364999994635582,0.03700000047683716,0.035999998450279236,0.03629999980330467,0.023900242522358894,24128750
2009-05-12,0.03606000170111656,0.036249998956918716,0.03440000116825104,0.034699998795986176,0.02284679003059864,24386000
2009-05-13,0.03500000014901161,0.03519999980926514,0.03454999998211861,0.034699998795986176,0.02284679003059864,3580650
2009-05-14,0.034869998693466187,0.03539999946951866,0.03440000116825104,0.0348999984562397,0.022978469729423523,2119550
2009-05-15,0.03500000014901161,0.035999998450279236,0.03488000109791756,0.03530000150203705,0.023241834715008736,2343300
2009-05-18,0.03579999879002571,0.03700000047683716,0.03500000014901161,0.03590000048279762,0.023636875674128532,8635500
2009-05-19,0.036400001496076584,0.03840000182390213,0.03620000183582306,0.03739999979734421,0.024624492973089218,10202150
2009-05-20,0.0376800000667572,0.0376800000667572,0.035999998450279236,0.0364999994635582,0.024031927809119225,4146950
2009-05-21,0.035999998450279236,0.03720000013709068,0.035999998450279236,0.03680000081658363,0.024229448288679123,2727450
2009-05-22,0.03700000047683716,0.03700000047683716,0.03519999980926514,0.03590000048279762,0.023636875674128532,3670400
2009-05-25,0.03590000048279762,0.03590000048279762,0.03590000048279762,0.03590000048279762,0.023636875674128532,0
2009-05-26,0.03602999821305275,0.036079999059438705,0.03500000014901161,0.03550000116229057,0.023373520001769066,4175550
2009-05-27,0.03554999828338623,0.03554999828338623,0.03420000150799751,0.03480000048875809,0.022912628948688507,2552200
2009-05-29,0.03514999896287918,0.03579000011086464,0.03460000082850456,0.03530000150203705,0.023241834715008736,1940200
2009-06-01,0.03579999879002571,0.03680000081658363,0.03480000048875809,0.036400001496076584,0.02396608516573906,6412200
2009-06-02,0.036720000207424164,0.03680000081658363,0.035999998450279236,0.036400001496076584,0.02396608516573906,1159050
2009-06-03,0.03604000061750412,0.036660000681877136,0.035999998450279236,0.036400001496076584,0.02396608516573906,1142400
2009-06-04,0.035999998450279236,0.035999998450279236,0.03500000014901161,0.03550000116229057,0.023373520001769066,796500
2009-06-05,0.03554999828338623,0.035750001668930054,0.03500000014901161,0.03539999946951866,0.023307673633098602,704300
2009-06-08,0.035599999129772186,0.0357000008225441,0.03500000014901161,0.03539999946951866,0.023307673633098602,1453900
2009-06-09,0.03596999868750572,0.03680000081658363,0.03596999868750572,0.03620000183582306,0.02383440174162388,12689300
2009-06-10,0.036400001496076584,0.036400001496076584,0.03539999946951866,0.035999998450279236,0.02370271645486355,2106750
2009-06-11,0.036159999668598175,0.036400001496076584,0.035599999129772186,0.035999998450279236,0.02370271645486355,3113000
2009-06-12,0.036159999668598175,0.036400001496076584,0.035599999129772186,0.035999998450279236,0.02370271645486355,1215000
2009-06-15,0.036159999668598175,0.036400001496076584,0.035659998655319214,0.035999998450279236,0.02370271645486355,2855200
2009-06-16,0.036159999668598175,0.036159999668598175,0.035679999738931656,0.035999998450279236,0.02370271645486355,2257100
2009-06-17,0.035659998655319214,0.03631199896335602,0.035599999129772186,0.035999998450279236,0.02370271645486355,945650
2009-06-18,0.035599999129772186,0.035999998450279236,0.03440000116825104,0.0348999984562397,0.022978469729423523,2708150
2009-06-19,0.034960001707077026,0.03519999980926514,0.03460000082850456,0.03500000014901161,0.023044316098093987,2077250
2009-06-22,0.034860000014305115,0.03539999946951866,0.03460000082850456,0.035100001841783524,0.023110151290893555,6626150
2009-06-23,0.03465000167489052,0.03465000167489052,0.031599998474121094,0.032499998807907104,0.021398285403847694,11914150
2009-06-24,0.03220000118017197,0.03319999948143959,0.031599998474121094,0.03280000016093254,0.021595807746052742,5469600
2009-06-25,0.03296000137925148,0.0333000011742115,0.032600000500679016,0.032999999821186066,0.021727491170167923,4756000
2009-06-26,0.03265000134706497,0.033399999141693115,0.03265000134706497,0.033399999141693115,0.021990854293107986,1524250
2009-06-29,0.033399999141693115,0.036400001496076584,0.033399999141693115,0.03590000048279762,0.023636875674128532,3307650
2009-06-30,0.0356299988925457,0.036389999091625214,0.03539999946951866,0.0357000008225441,0.02350519597530365,5998700
2009-07-02,0.035406000912189484,0.035599999129772186,0.03500000014901161,0.03550000116229057,0.023373520001769066,889300
2009-07-03,0.03519999980926514,0.03558000177145004,0.03500000014901161,0.03539999946951866,0.023307673633098602,2000650
2009-07-06,0.035599999129772186,0.035599999129772186,0.034779999405145645,0.035100001841783524,0.023110151290893555,495550
2009-07-07,0.03466000035405159,0.035179998725652695,0.03460000082850456,0.03500000014901161,0.023044316098093987,340800
2009-07-08,0.03460799902677536,0.03500000014901161,0.03440000116825104,0.03500000014901161,0.023044316098093987,2001850
2009-07-09,0.03422800078988075,0.03440000116825104,0.034219998866319656,0.03440000116825104,0.022649263963103294,216050
2009-07-10,0.034219998866319656,0.034449998289346695,0.03420399874448776,0.03440000116825104,0.022649263963103294,787350
2009-07-13,0.0342399999499321,0.03440000116825104,0.03400000184774399,0.03440000116825104,0.022649263963103294,7986000
2009-07-14,0.03420000150799751,0.03424999862909317,0.032600000500679016,0.03310000151395798,0.02179333195090294,4085050
2009-07-15,0.033309999853372574,0.03477500006556511,0.03319999948143959,0.034699998795986176,0.02284679003059864,4101050
2009-07-16,0.03519999980926514,0.03519999980926514,0.03460000082850456,0.03480000048875809,0.022912628948688507,19452700
2009-07-17,0.035392001271247864,0.03579999879002571,0.03483999893069267,0.03530000150203705,0.023241834715008736,881050
2009-07-20,0.03579999879002571,0.03620000183582306,0.035100001841783524,0.03530000150203705,0.023241834715008736,1360350
2009-07-21,0.03579999879002571,0.03620000183582306,0.03530000150203705,0.03579999879002571,0.023571034893393517,3376100
2009-07-22,0.03700000047683716,0.03959999978542328,0.036400001496076584,0.039500001817941666,0.02600715495646,7053100
2009-07-23,0.03994999825954437,0.044199999421834946,0.03746600076556206,0.043699998408555984,0.028772464022040367,10953050
2009-07-24,0.044199999421834946,0.052000001072883606,0.044199999421834946,0.049800001084804535,0.03278875723481178,22586050
2009-07-27,0.05000000074505806,0.054999999701976776,0.05000000074505806,0.05290000140666962,0.03482983633875847,22614000
2009-07-28,0.05290199816226959,0.053199999034404755,0.04919999837875366,0.04969999939203262,0.032722920179367065,11209900
2009-07-29,0.049880001693964005,0.05299999937415123,0.049880001693964005,0.05119999870657921,0.0337105318903923,11857350
2009-07-30,0.051500000059604645,0.052400000393390656,0.05040000006556511,0.052000001072883606,0.034237273037433624,7709650
2009-07-31,0.05234000086784363,0.05239199846982956,0.050999999046325684,0.051500000059604645,0.03390806168317795,5797850
2009-08-03,0.05184999853372574,0.052000001072883606,0.050999999046325684,0.05130000039935112,0.03377637267112732,4364950
2009-08-04,0.050999999046325684,0.05113999918103218,0.04899999871850014,0.049400001764297485,0.032525401562452316,8432850
2009-08-05,0.049400001764297485,0.049400001764297485,0.048211999237537384,0.048700001090765,0.03206451237201691,1930700
2009-08-06,0.04820000007748604,0.050999999046325684,0.04820000007748604,0.05090000107884407,0.03351301699876785,5274450
2009-08-07,0.05079999938607216,0.05139999836683273,0.04809800162911415,0.051100000739097595,0.033644698560237885,5957000
2009-08-10,0.05138000100851059,0.05640000104904175,0.05119999870657921,0.05469999834895134,0.036014966666698456,32839700
2009-08-11,0.05469999834895134,0.0560000017285347,0.05375000089406967,0.05469999834895134,0.036014966666698456,6048900
2009-08-12,0.055399999022483826,0.055399999022483826,0.05400000140070915,0.05469999834895134,0.036014966666698456,6357850
2009-08-13,0.05457000061869621,0.05519000068306923,0.0538100004196167,0.054499998688697815,0.035883281379938126,2908650
2009-08-14,0.054499998688697815,0.06300000101327896,0.0544000007212162,0.060600001364946365,0.03989958018064499,10997900
2009-08-17,0.060600001364946365,0.06800000369548798,0.05999999865889549,0.06300000101327896,0.04147975891828537,31930250
2009-08-18,0.06317999958992004,0.06360000371932983,0.05900000035762787,0.059700001031160355,0.039307013154029846,15379300
2009-08-19,0.06024999916553497,0.06040000170469284,0.05779999867081642,0.058800000697374344,0.038714442402124405,9199900
2009-08-20,0.05894000083208084,0.06400000303983688,0.05894000083208084,0.06319999694824219,0.0416114367544651,15002300
2009-08-21,0.06328000128269196,0.0645499974489212,0.06300000101327896,0.06369999796152115,0.041940636932849884,10703800
2009-08-24,0.06459999829530716,0.06639999896287918,0.06350000202655792,0.06469999998807907,0.04259904846549034,16922950
2009-08-25,0.06459999829530716,0.06515000015497208,0.06300000101327896,0.0632999986410141,0.04167727380990982,5092450
2009-08-26,0.06339000165462494,0.06560000032186508,0.06300000101327896,0.0649000033736229,0.04273074492812157,9827950
2009-08-27,0.06520000100135803,0.06520000100135803,0.06360000371932983,0.06449999660253525,0.04246737062931061,2244200
2009-08-28,0.06469999998807907,0.06544999778270721,0.06400000303983688,0.06530000269412994,0.042994093149900436,3521350
2009-08-31,0.06530000269412994,0.06530000269412994,0.06530000269412994,0.06530000269412994,0.042994093149900436,0
2009-09-01,0.06679999828338623,0.06759999692440033,0.06360000371932983,0.06539999693632126,0.04305993393063545,9792550
2009-09-02,0.06499999761581421,0.06700000166893005,0.061799999326467514,0.06260000169277191,0.041216399520635605,4541900
2009-09-03,0.0630199983716011,0.06400000303983688,0.06199999898672104,0.06350000202655792,0.04180895909667015,6662450
2009-09-04,0.06400000303983688,0.07079999893903732,0.06323999911546707,0.0689999982714653,0.04543020948767662,9592050
2009-09-07,0.07039999961853027,0.07739999890327454,0.07012499868869781,0.07649999856948853,0.05036827549338341,20209850
2009-09-08,0.07662799954414368,0.0820000022649765,0.0763000026345253,0.07919999957084656,0.052145976573228836,17361150
2009-09-09,0.0803999975323677,0.08100000023841858,0.07780999690294266,0.07850000262260437,0.051685091108083725,17688850
2009-09-10,0.0774800032377243,0.0782800018787384,0.07500000298023224,0.07599999755620956,0.05003907531499863,4429650
2009-09-11,0.07620000094175339,0.07660000026226044,0.07460000365972519,0.07599999755620956,0.05003907531499863,4509350
2009-09-14,0.07654999941587448,0.07999999821186066,0.07639999687671661,0.07900000363588333,0.05201430991292,7815800
2009-09-15,0.07999999821186066,0.07999999821186066,0.07800000160932541,0.07850000262260437,0.051685091108083725,3338300
2009-09-16,0.07834000140428543,0.07834000140428543,0.07400000095367432,0.07649999856948853,0.05036827549338341,4465100
2009-09-17,0.07750000059604645,0.0778999999165535,0.07620000094175339,0.0778999999165535,0.05129005014896393,2843150
2009-09-18,0.07840000092983246,0.07880000025033951,0.07660000026226044,0.07800000160932541,0.051355890929698944,3594450
2009-09-21,0.07699999958276749,0.07717999815940857,0.07460000365972519,0.07530000060796738,0.04957819730043411,3600750
2009-09-22,0.07554999738931656,0.07554999738931656,0.07199999690055847,0.0729999989271164,0.04806385561823845,4936800
2009-09-23,0.0723000019788742,0.07400000095367432,0.07000000029802322,0.07079999893903732,0.046615347266197205,4177350
2009-09-24,0.07000000029802322,0.07739999890327454,0.06632000207901001,0.07000000029802322,0.04608863219618797,14820400
2009-09-25,0.06889999657869339,0.06949999928474426,0.06700000166893005,0.0681999996304512,0.044903479516506195,8576100
2009-09-28,0.0674000009894371,0.06849999725818634,0.0674000009894371,0.06849999725818634,0.04510100930929184,3170600
2009-09-29,0.06840000301599503,0.06960000097751617,0.06800000369548798,0.06939999759197235,0.04569358006119728,4328800
2009-09-30,0.06942000240087509,0.06942000240087509,0.06800000369548798,0.06939999759197235,0.04569358006119728,1628150
2009-10-02,0.06970000267028809,0.07039999961853027,0.04859999939799309,0.0681999996304512,0.044903479516506195,4385700
2009-10-05,0.06769999861717224,0.06920000165700912,0.06719999760389328,0.0681999996304512,0.044903479516506195,1552950
2009-10-06,0.06909999996423721,0.07500000298023224,0.06775999814271927,0.07400000095367432,0.04872225597500801,5124500
2009-10-07,0.07500000298023224,0.08079999685287476,0.07500000298023224,0.07859999686479568,0.05175093561410904,9778900
2009-10-08,0.07905399799346924,0.08299999684095383,0.07905399799346924,0.08060000091791153,0.05306775122880936,6767950
2009-10-09,0.0812000036239624,0.08500000089406967,0.08030000329017639,0.08500000089406967,0.05596476420760155,5176850
2009-10-12,0.08410000056028366,0.08472800254821777,0.08060000091791153,0.08179999887943268,0.053857844322919846,4159850
2009-10-13,0.08100000023841858,0.08500000089406967,0.08060000091791153,0.08399999886751175,0.05530634522438049,8533350
2009-10-14,0.0851999968290329,0.08879999816417694,0.0851999968290329,0.08749999850988388,0.057610780000686646,12245100
2009-10-15,0.08820199966430664,0.09399999678134918,0.08789999783039093,0.0934000015258789,0.06149538606405258,5912950
2009-10-16,0.0934000015258789,0.09539999812841415,0.09260000288486481,0.09449999779462814,0.062219634652137756,13415600
2009-10-19,0.0949999988079071,0.0949999988079071,0.09099999815225601,0.0917000025510788,0.06037609279155731,5529700
2009-10-20,0.09359999746084213,0.0949999988079071,0.09139999747276306,0.09139999747276306,0.06017855554819107,4312900
2009-10-21,0.09239999949932098,0.09239999949932098,0.0877000018954277,0.08900000154972076,0.05859839543700218,5129050
2009-10-22,0.09000000357627869,0.09799999743700027,0.0894400030374527,0.09600000083446503,0.06320725381374359,20988950
2009-10-23,0.09600000083446503,0.09650000184774399,0.09380000084638596,0.09529999643564224,0.06274636089801788,5722000
2009-10-27,0.09570000320672989,0.09638600051403046,0.09099999815225601,0.09239999949932098,0.06083698198199272,6056900
2009-10-28,0.09099999815225601,0.09200000017881393,0.08540000021457672,0.08699999749660492,0.05728157237172127,11288900
2009-10-29,0.08649999648332596,0.08908099681138992,0.08429999649524689,0.08749999850988388,0.057610780000686646,8861900
2009-10-30,0.08799999952316284,0.09200000017881393,0.08699999749660492,0.08820000290870667,0.058071669191122055,13942100
2009-11-02,0.0885000005364418,0.08959999680519104,0.08791200071573257,0.08879999816417694,0.05846671015024185,4430900
2009-11-03,0.08869999647140503,0.08820000290870667,0.0851999968290329,0.08649999648332596,0.05695236846804619,5022350
2009-11-04,0.08649999648332596,0.08860000222921371,0.08681000024080276,0.08780000358819962,0.057808298617601395,5387700
2009-11-05,0.08780000358819962,0.08860000222921371,0.08708000183105469,0.08780000358819962,0.057808298617601395,2476300
2009-11-06,0.08780000358819962,0.08839999884366989,0.08619999885559082,0.08699999749660492,0.05728157237172127,2406100
2009-11-09,0.08699999749660492,0.09099999815225601,0.08630000054836273,0.08980000019073486,0.05912511423230171,6424600
2009-11-10,0.09049999713897705,0.09600000083446503,0.09098999947309494,0.09459999948740005,0.06228547543287277,16055400
2009-11-11,0.09470000118017197,0.09799999743700027,0.09476999938488007,0.09700000286102295,0.06386566162109375,11725650
2009-11-12,0.09719999879598618,0.0990229994058609,0.09679999947547913,0.09830000251531601,0.06472159177064896,7124550
2009-11-13,0.09830000251531601,0.09860000014305115,0.09440000355243683,0.09600000083446503,0.06320725381374359,5062150
2009-11-16,0.09619999676942825,0.09700000286102295,0.09359999746084213,0.09437400102615356,0.06213666871190071,7866250
2009-11-17,0.09430000185966492,0.09560000151395798,0.09399999678134918,0.09470000118017197,0.062351323664188385,3851150
2009-11-18,0.09470000118017197,0.09560000151395798,0.09452500194311142,0.09459999948740005,0.06228547543287277,2994300
2009-11-19,0.09459999948740005,0.09480000287294388,0.09000000357627869,0.09160000085830688,0.060310248285532,16422650
2009-11-20,0.09160000085830688,0.09300000220537186,0.09120000153779984,0.0925000011920929,0.06090281531214714,2275300
2009-11-23,0.0925000011920929,0.0934000015258789,0.09200000017881393,0.09290000051259995,0.0611661896109581,6130100
2009-11-24,0.09319999814033508,0.09399999678134918,0.09260000288486481,0.09319999814033508,0.061363715678453445,3314250
2009-11-25,0.09319999814033508,0.09399999678134918,0.09279999881982803,0.09350000321865082,0.0615612268447876,4605550
2009-11-26,0.0949999988079071,0.09799999743700027,0.09399999678134918,0.09449999779462814,0.062219634652137756,10270100
2009-11-27,0.09449999779462814,0.09475000202655792,0.09300000220537186,0.09399999678134918,0.06189043074846268,2671050
2009-11-30,0.09399999678134918,0.09459999948740005,0.09300000220537186,0.09399999678134918,0.06189043074846268,4121300
2009-12-01,0.09399999678134918,0.09480000287294388,0.093299999833107,0.09399999678134918,0.06189043074846268,1948500
2009-12-02,0.09399999678134918,0.09619999676942825,0.0934000015258789,0.0949999988079071,0.06254884600639343,11362150
2009-12-03,0.0949999988079071,0.09594999998807907,0.09399999678134918,0.09480000287294388,0.06241714954376221,5111250
2009-12-04,0.09480000287294388,0.09430000185966492,0.09200000017881393,0.09319999814033508,0.061363715678453445,3501900
2009-12-07,0.09319999814033508,0.0934000015258789,0.09120000153779984,0.09220000356435776,0.06070530414581299,1762700
2009-12-08,0.09220000356435776,0.0934000015258789,0.08717499673366547,0.08789999783039093,0.057874150574207306,17062200
2009-12-09,0.08839999884366989,0.08900000154972076,0.08720000088214874,0.08839999884366989,0.05820335075259209,7436500
2009-12-10,0.08820000290870667,0.08839999884366989,0.08640000224113464,0.0869000032544136,0.05721574276685715,4319900
2009-12-11,0.0869000032544136,0.08815000206232071,0.08640000224113464,0.08780000358819962,0.057808298617601395,6202650
2009-12-14,0.08799999952316284,0.09019999951124191,0.08835999667644501,0.08959999680519104,0.05899343267083168,3653150
2009-12-15,0.08980000019073486,0.09300000220537186,0.09000000357627869,0.09200000017881393,0.06057361885905266,2694550
2009-12-16,0.09200000017881393,0.09359999746084213,0.09149999916553497,0.09300000220537186,0.06123202666640282,2739400
2009-12-17,0.09300000220537186,0.09369999915361404,0.09040000289678574,0.09049999713897705,0.059585995972156525,2364900
2009-12-18,0.09049999713897705,0.09139999747276306,0.09000000357627869,0.09080000221729279,0.05978352576494217,1786850
2009-12-21,0.09080000221729279,0.091279998421669,0.08900000154972076,0.08940000087022781,0.058861758559942245,1891950
2009-12-22,0.08940000087022781,0.08940000087022781,0.08760000020265579,0.08810000121593475,0.05800582841038704,1367750
2009-12-23,0.08810000121593475,0.08940000087022781,0.0860000029206276,0.08709999918937683,0.057347409427165985,3987550
2009-12-24,0.08709999918937683,0.08760000020265579,0.08639799803495407,0.08730000257492065,0.057479098439216614,1547900
2009-12-28,0.08730000257492065,0.08730000257492065,0.08730000257492065,0.08730000257492065,0.057479098439216614,0
2009-12-29,0.08730000257492065,0.09239999949932098,0.08799999952316284,0.0917000025510788,0.06037609279155731,3403950
2009-12-30,0.0917000025510788,0.09200000017881393,0.09000000357627869,0.09059999883174896,0.05965184420347214,1023000
2009-12-31,0.09059999883174896,0.09120000153779984,0.08889999985694885,0.0892999991774559,0.05879591405391693,1116250
2010-01-04,0.0892999991774559,0.09139999747276306,0.08839999884366989,0.08900000154972076,0.05859839543700218,3440900
2010-01-05,0.08900000154972076,0.08980000019073486,0.0860000029206276,0.08699999749660492,0.05728157237172127,5283850
2010-01-06,0.0885000005364418,0.08900000154972076,0.08619999885559082,0.0877000018954277,0.05774247273802757,5662450
2010-01-07,0.08789999783039093,0.08839999884366989,0.08739999681711197,0.08789999783039093,0.057874150574207306,4193800
2010-01-08,0.08789999783039093,0.08839999884366989,0.08739999681711197,0.08789999783039093,0.057874150574207306,3049500
2010-01-11,0.08789999783039093,0.09200000017881393,0.08739999681711197,0.09070000052452087,0.05971769243478775,8646450
2010-01-12,0.09130000323057175,0.0934000015258789,0.08925600349903107,0.09030000120401382,0.05945431441068649,6618200
2010-01-13,0.09030000120401382,0.0908999964594841,0.08974000066518784,0.09059999883174896,0.05965184420347214,1741900
2010-01-14,0.09059999883174896,0.09109999984502792,0.08959999680519104,0.09059999883174896,0.05965184420347214,4775450
2010-01-15,0.09049999713897705,0.09080000221729279,0.08959999680519104,0.09009999781847,0.05932263657450676,1601000
2010-01-18,0.09009999781847,0.09108299762010574,0.08959999680519104,0.09030000120401382,0.05945431441068649,3063650
2010-01-19,0.09030000120401382,0.09080000221729279,0.08980000019073486,0.09030000120401382,0.05945431441068649,5721650
2010-01-20,0.09030000120401382,0.0908999964594841,0.08959999680519104,0.09030000120401382,0.05945431441068649,3603300
2010-01-21,0.09030000120401382,0.09028500318527222,0.08799999952316284,0.08900000154972076,0.05859839543700218,3272350
2010-01-22,0.08900000154972076,0.08889999985694885,0.08501400053501129,0.08609999716281891,0.056689005345106125,5896650
2010-01-25,0.08609999716281891,0.08686000108718872,0.08560000360012054,0.08630000054836273,0.05682067945599556,2308900
2010-01-26,0.08659999817609787,0.08720000088214874,0.07900000363588333,0.08049999922513962,0.05300191789865494,9977750
2010-01-27,0.08049999922513962,0.08044999837875366,0.07699999958276749,0.07970000058412552,0.05247519537806511,17432250
2010-01-28,0.07970000058412552,0.07958000153303146,0.07900000363588333,0.07940000295639038,0.052277665585279465,8038000
2010-01-29,0.07940000295639038,0.07900000363588333,0.07599999755620956,0.07720000296831131,0.05082916095852852,13477150
2010-02-01,0.07760000228881836,0.08079999685287476,0.07660000026226044,0.08070000261068344,0.05313359573483467,21820800
2010-02-02,0.08110000193119049,0.08420000225305557,0.0803999975323677,0.08349999785423279,0.05497714504599571,20035600
2010-02-03,0.08380000293254852,0.08659999817609787,0.08420000225305557,0.08479999750852585,0.05583307147026062,12141550
2010-02-04,0.08479999750852585,0.08575999736785889,0.08320000022649765,0.08399999886751175,0.05530634522438049,3577400
2010-02-05,0.08399999886751175,0.0828000009059906,0.07840000092983246,0.07919999957084656,0.052145976573228836,6726550
2010-02-08,0.07919999957084656,0.0820000022649765,0.07919999957084656,0.08169999718666077,0.05379199981689453,2139900
2010-02-09,0.08250000327825546,0.0820000022649765,0.08020000159740448,0.08110000193119049,0.05339695140719414,2544950
2010-02-10,0.08129999786615372,0.09080000221729279,0.08160000294446945,0.08869999647140503,0.058400869369506836,18097350
2010-02-11,0.08900000154972076,0.09422499686479568,0.08990000188350677,0.0925000011920929,0.06090281531214714,7327450
2010-02-12,0.0925000011920929,0.09371999651193619,0.09099999815225601,0.0917000025510788,0.06037609279155731,5032900
2010-02-17,0.09070000052452087,0.09200000017881393,0.09040000289678574,0.09120000153779984,0.060046885162591934,6017250
2010-02-18,0.09120000153779984,0.09260000288486481,0.09040000289678574,0.09179999679327011,0.060441937297582626,3046750
2010-02-19,0.09179999679327011,0.09179999679327011,0.09099999815225601,0.09149999916553497,0.06024440377950668,1236400
2010-02-22,0.09149999916553497,0.09200000017881393,0.09099999815225601,0.09130000323057175,0.06011273339390755,1076200
2010-02-23,0.09130000323057175,0.09220000356435776,0.09026999771595001,0.0917000025510788,0.06037609279155731,4170550
2010-02-24,0.0917000025510788,0.09210000187158585,0.09000000357627869,0.09070000052452087,0.05971769243478775,1198050
2010-02-25,0.09070000052452087,0.09104999899864197,0.08972000330686569,0.09000000357627869,0.05925680696964264,3876500
2010-02-26,0.09019999951124191,0.09229999780654907,0.09006399661302567,0.09139999747276306,0.06017855554819107,942250
2010-03-01,0.09139999747276306,0.0989999994635582,0.09239999949932098,0.0982000008225441,0.06465575844049454,12293450
2010-03-02,0.09870000183582306,0.10531999915838242,0.09939999878406525,0.10450000315904617,0.06880372762680054,17043850
2010-03-03,0.10450000315904617,0.10760000348091125,0.10408099740743637,0.10499999672174454,0.06913293898105621,7830650
2010-03-04,0.10499999672174454,0.10530000180006027,0.10140000283718109,0.10239999741315842,0.0674210637807846,4672400
2010-03-05,0.10239999741315842,0.11826299875974655,0.1022619977593422,0.11699999868869781,0.07703384757041931,19419400
2010-03-08,0.11800000071525574,0.13099999725818634,0.11900000274181366,0.12849999964237213,0.08460553735494614,28783250
2010-03-09,0.1274999976158142,0.13699999451637268,0.12535999715328217,0.12620000541210175,0.08309119194746017,16710900
2010-03-10,0.12549999356269836,0.125,0.11760000139474869,0.11999999731779099,0.07900907099246979,17605300
2010-03-11,0.11900000274181366,0.11959999799728394,0.11180000007152557,0.11400000005960464,0.07505861669778824,23832050
2010-03-12,0.11429999768733978,0.125,0.11507999897003174,0.12200000137090683,0.0803258940577507,18909850
2010-03-15,0.12269999831914902,0.12762899696826935,0.11900000274181366,0.11969999969005585,0.07881154865026474,15240650
2010-03-16,0.11969999969005585,0.12200000137090683,0.11924999952316284,0.12099999934434891,0.07966747134923935,4463850
2010-03-17,0.12049999833106995,0.12300000339746475,0.12064000219106674,0.12219999730587006,0.08045756071805954,4226100
2010-03-18,0.12269999831914902,0.12700000405311584,0.12188699841499329,0.12398000061511993,0.08162952959537506,8612750
2010-03-19,0.125,0.12999999523162842,0.12489999830722809,0.1264999955892563,0.08328874409198761,10007450
2010-03-22,0.1264999955892563,0.12880000472068787,0.12514999508857727,0.1274999976158142,0.08394712209701538,4577700
2010-03-23,0.1274999976158142,0.1289999932050705,0.1265999972820282,0.1274999976158142,0.08394712209701538,5276100
2010-03-24,0.1274999976158142,0.12860000133514404,0.12439999729394913,0.12549999356269836,0.08263031393289566,11697000
2010-03-25,0.12549999356269836,0.12600000202655792,0.12399999797344208,0.125,0.08230110257863998,10925100
2010-03-26,0.125,0.1265999972820282,0.12409999966621399,0.12530000507831573,0.08249863237142563,9270000
2010-03-29,0.12549999356269836,0.1265999972820282,0.12399999797344208,0.125,0.08230110257863998,3146150
2010-03-30,0.125,0.125,0.12099999934434891,0.12200000137090683,0.0803258940577507,4897350
2010-03-31,0.12200000137090683,0.12399999797344208,0.12099999934434891,0.1216999962925911,0.08012836426496506,4982250
2010-04-01,0.1216999962925911,0.12219999730587006,0.11999999731779099,0.12099999934434891,0.07966747134923935,6909400
2010-04-07,0.12039999663829803,0.12139999866485596,0.11940000206232071,0.12039999663829803,0.07927241921424866,15248600
2010-04-08,0.12039999663829803,0.12300000339746475,0.11980000138282776,0.12250000238418579,0.08065510541200638,16583650
2010-04-09,0.12300000339746475,0.1316000074148178,0.1234000027179718,0.1281999945640564,0.08440800756216049,22685200
2010-04-12,0.12870000302791595,0.13300000131130219,0.12858299911022186,0.1307400017976761,0.08608037978410721,10467500
2010-04-13,0.13249999284744263,0.13860000669956207,0.13220000267028809,0.1379999965429306,0.09086041897535324,7349650
2010-04-14,0.13750000298023224,0.1462000012397766,0.13899999856948853,0.14300000667572021,0.09415248781442642,21299050
2010-04-15,0.14300000667572021,0.1459999978542328,0.14374999701976776,0.14470000565052032,0.09527178108692169,18996050
2010-04-16,0.14470000565052032,0.14509999752044678,0.13728000223636627,0.1396999955177307,0.0919797271490097,9878700
2010-04-19,0.1396999955177307,0.14042800664901733,0.13334999978542328,0.13349999487400055,0.08789757639169693,9079600
2010-04-20,0.1340000033378601,0.14107799530029297,0.13459999859333038,0.13899999856948853,0.0915188267827034,15174550
2010-04-21,0.13899999856948853,0.13899999856948853,0.13459999859333038,0.1379999965429306,0.09086041897535324,10093000
2010-04-22,0.1379999965429306,0.13899999856948853,0.1351500004529953,0.1379999965429306,0.09086041897535324,7704350
2010-04-23,0.1379999965429306,0.13899999856948853,0.13699999451637268,0.1379999965429306,0.09086041897535324,2399250
2010-04-26,0.1379999965429306,0.1428000032901764,0.13740000128746033,0.14100000262260437,0.09283565729856491,8932600
2010-04-27,0.14149999618530273,0.14399999380111694,0.1379999965429306,0.13899999856948853,0.0915188267827034,9458800
2010-04-28,0.13850000500679016,0.13699999451637268,0.13289999961853027,0.1340000033378601,0.0882267951965332,8514200
2010-04-29,0.1340000033378601,0.13478000462055206,0.13222000002861023,0.13339999318122864,0.08783173561096191,17172600
2010-04-30,0.13449999690055847,0.13555000722408295,0.13300000131130219,0.13349999487400055,0.08789757639169693,6991900
2010-05-03,0.13349999487400055,0.13349999487400055,0.13349999487400055,0.13349999487400055,0.08789757639169693,0
2010-05-04,0.13449999690055847,0.1348000019788742,0.1289999932050705,0.12950000166893005,0.0852639451622963,11651050
2010-05-05,0.12950000166893005,0.12999999523162842,0.11800000071525574,0.12099999934434891,0.07966747134923935,25538800
2010-05-06,0.12200000137090683,0.125,0.12110000103712082,0.12380000203847885,0.08151102811098099,5311000
2010-05-07,0.11949999630451202,0.12125299870967865,0.11699999868869781,0.11900000274181366,0.07835066318511963,17443200
2010-05-10,0.12049999833106995,0.12439999729394913,0.11999999731779099,0.12319999933242798,0.0811159685254097,10501900
2010-05-11,0.12300000339746475,0.12200000137090683,0.11999999731779099,0.12099999934434891,0.07966747134923935,1544100
2010-05-12,0.12099999934434891,0.12540000677108765,0.12240000069141388,0.12449999898672104,0.0819719210267067,0
2010-05-13,0.12549999356269836,0.12690000236034393,0.12399999797344208,0.12549999356269836,0.08263031393289566,4476400
2010-05-14,0.12549999356269836,0.12700000405311584,0.12399999797344208,0.1264999955892563,0.08328874409198761,5272050
2010-05-17,0.1264999955892563,0.12300000339746475,0.11999999731779099,0.12099999934434891,0.07966747134923935,6966650
2010-05-18,0.12099999934434891,0.12200000137090683,0.11840000003576279,0.11900000274181366,0.07835066318511963,6898400
2010-05-19,0.11900000274181366,0.11810000240802765,0.11101000010967255,0.11400000005960464,0.07505861669778824,5775250
2010-05-20,0.11400000005960464,0.11330000311136246,0.09799999743700027,0.10000000149011612,0.06584089249372482,12143550
2010-05-24,0.09000000357627869,0.09799999743700027,0.09070000052452087,0.09700000286102295,0.06386566162109375,13180300
2010-05-25,0.09700000286102295,0.09799999743700027,0.09160000085830688,0.09300000220537186,0.06123202666640282,12139550
2010-05-26,0.09449999779462814,0.09740000218153,0.09399999678134918,0.09650000184774399,0.06353646516799927,6626800
2010-05-27,0.09650000184774399,0.10379999876022339,0.09700000286102295,0.10300000011920929,0.0678161233663559,2982700
2010-05-28,0.10300000011920929,0.10824999958276749,0.10045000165700912,0.1014999970793724,0.06682848930358887,8325350
2010-05-31,0.1014999970793724,0.1014999970793724,0.1014999970793724,0.1014999970793724,0.06682848930358887,0
2010-06-01,0.10050000250339508,0.10499999672174454,0.09799999743700027,0.09849999845027924,0.06485328078269958,0
2010-06-02,0.09849999845027924,0.10100000351667404,0.09600000083446503,0.09950000047683716,0.06551168113946915,5758550
2010-06-03,0.09950000047683716,0.10499999672174454,0.09877999871969223,0.10350000113248825,0.06814531981945038,3234550
2010-06-04,0.10350000113248825,0.10400000214576721,0.10159999877214432,0.1014999970793724,0.06682848930358887,6388050
2010-06-07,0.10100000351667404,0.10140000283718109,0.09645000100135803,0.09950000047683716,0.06551168113946915,6280750
2010-06-08,0.09950000047683716,0.10040000081062317,0.09269999712705612,0.09350000321865082,0.0615612268447876,9534150
2010-06-09,0.09449999779462814,0.09600000083446503,0.09399999678134918,0.0949999988079071,0.06254884600639343,3193250
2010-06-10,0.0949999988079071,0.09560000151395798,0.09314999729394913,0.09449999779462814,0.062219634652137756,1598000
2010-06-11,0.09549999982118607,0.09634000062942505,0.09115000069141388,0.09449999779462814,0.062219634652137756,1279700
2010-06-14,0.09449999779462814,0.09799999743700027,0.09369000047445297,0.09749999642372131,0.06419485807418823,1991250
2010-06-15,0.09749999642372131,0.10300000011920929,0.09707999974489212,0.1014999970793724,0.06682848930358887,4070700
2010-06-17,0.10499999672174454,0.11004599928855896,0.10530000180006027,0.10849999636411667,0.07143737375736237,4788700
2010-06-18,0.10849999636411667,0.10999999940395355,0.10729999840259552,0.10849999636411667,0.07143737375736237,256450
2010-06-21,0.10849999636411667,0.1120000034570694,0.10766000300645828,0.11150000244379044,0.07341258972883224,6006150
2010-06-22,0.11150000244379044,0.11259999871253967,0.10620000213384628,0.10750000178813934,0.07077894359827042,7180600
2010-06-23,0.10750000178813934,0.10750000178813934,0.10599999874830246,0.10700000077486038,0.07044976204633713,3211500
2010-06-24,0.10750000178813934,0.10803999751806259,0.10599999874830246,0.10750000178813934,0.07077894359827042,1734250
2010-06-25,0.10750000178813934,0.10785999894142151,0.10400000214576721,0.10450000315904617,0.06880372762680054,2678800
2010-06-28,0.10450000315904617,0.10599999874830246,0.10300000011920929,0.10400000214576721,0.06847454607486725,1898950
2010-06-29,0.10350000113248825,0.10209999978542328,0.0989999994635582,0.10000000149011612,0.06584089249372482,2646850
2010-06-30,0.10000000149011612,0.1012049987912178,0.09700000286102295,0.09799999743700027,0.0645240843296051,3183450
2010-07-02,0.09650000184774399,0.10119999945163727,0.09399999678134918,0.09849999845027924,0.06485328078269958,4667950
2010-07-05,0.09749999642372131,0.09600000083446503,0.09000000357627869,0.09449999779462814,0.062219634652137756,2077450
2010-07-06,0.0949999988079071,0.09709999710321426,0.0949999988079071,0.09650000184774399,0.06353646516799927,1085750
2010-07-07,0.09549999982118607,0.09610000252723694,0.09399999678134918,0.09549999982118607,0.06287804991006851,1032500
2010-07-08,0.09549999982118607,0.09860000014305115,0.09619999676942825,0.09749999642372131,0.06419485807418823,2606300
2010-07-09,0.09799999743700027,0.10700000077486038,0.0994660034775734,0.10700000077486038,0.07044976204633713,2902900
2010-07-12,0.10700000077486038,0.10899999737739563,0.10400000214576721,0.1054999977350235,0.0694621279835701,2980150
2010-07-13,0.10400000214576721,0.10700000077486038,0.10100000351667404,0.10649999976158142,0.07012055069208145,2746600
2010-07-14,0.10649999976158142,0.11100000143051147,0.1080000028014183,0.10899999737739563,0.07176656275987625,3588700
2010-07-15,0.10899999737739563,0.10999999940395355,0.10700000077486038,0.1080000028014183,0.07110816240310669,672500
2010-07-16,0.1080000028014183,0.11800000071525574,0.10819999873638153,0.11749999970197678,0.0773630440235138,4851550
2010-07-19,0.11749999970197678,0.12399999797344208,0.11840000003576279,0.12099999934434891,0.07966747134923935,8536000
2010-07-20,0.12099999934434891,0.12300000339746475,0.12099999934434891,0.12049999833106995,0.07933826744556427,6342050
2010-07-21,0.12049999833106995,0.12520000338554382,0.12133999913930893,0.12399999797344208,0.08164270967245102,7572450
2010-07-22,0.12399999797344208,0.12700000405311584,0.1225999966263771,0.12600000202655792,0.08295951783657074,5011250
2010-07-23,0.12600000202655792,0.13434000313282013,0.12439999729394913,0.13199999928474426,0.08690996468067169,7094850
2010-07-26,0.13249999284744263,0.14100000262260437,0.13202999532222748,0.13850000500679016,0.09118963032960892,9454900
2010-07-27,0.13850000500679016,0.14100000262260437,0.13099999725818634,0.13199999928474426,0.08690996468067169,6220800
2010-07-28,0.13199999928474426,0.1340000033378601,0.1289999932050705,0.12950000166893005,0.0852639451622963,8921150
2010-07-29,0.12950000166893005,0.13300000131130219,0.12729999423027039,0.13099999725818634,0.08625155687332153,7906400
2010-07-30,0.13099999725818634,0.1379999965429306,0.131400004029274,0.1379999965429306,0.09086041897535324,8273150
2010-08-02,0.1379999965429306,0.14499999582767487,0.13744999468326569,0.1404999941587448,0.09250645339488983,24328000
2010-08-03,0.1404999941587448,0.14239999651908875,0.13899999856948853,0.1404999941587448,0.09250645339488983,21978500
2010-08-04,0.13899999856948853,0.1420000046491623,0.13699999451637268,0.13950000703334808,0.09184804558753967,24777150
2010-08-05,0.1404999941587448,0.14499999582767487,0.14000000059604645,0.14399999380111694,0.0948108658194542,15979200
2010-08-06,0.14399999380111694,0.14499999582767487,0.14000000059604645,0.14249999821186066,0.09382326155900955,9313300
2010-08-09,0.14249999821186066,0.14468300342559814,0.14000000059604645,0.14149999618530273,0.0931648388504982,20529950
2010-08-10,0.13950000703334808,0.13979999721050262,0.1367260068655014,0.13899999856948853,0.0915188267827034,10004750
2010-08-11,0.13899999856948853,0.13899999856948853,0.13899999856948853,0.13899999856948853,0.0915188267827034,0
2010-08-12,0.13899999856948853,0.13899999856948853,0.13899999856948853,0.13899999856948853,0.0915188267827034,0
2010-08-13,0.13899999856948853,0.13899999856948853,0.13899999856948853,0.13899999856948853,0.0915188267827034,0
2010-08-16,0.13899999856948853,0.13899999856948853,0.13899999856948853,0.13899999856948853,0.0915188267827034,0
2010-08-17,0.13899999856948853,0.13899999856948853,0.13899999856948853,0.13899999856948853,0.0915188267827034,0
2010-08-18,0.13899999856948853,0.13899999856948853,0.13899999856948853,0.13899999856948853,0.0915188267827034,0
2010-08-19,0.13899999856948853,0.13899999856948853,0.13899999856948853,0.13899999856948853,0.0915188267827034,0
2010-08-20,13.899999618530273,13.899999618530273,13.899999618530273,13.899999618530273,9.151883125305176,0
2010-08-23,1.850000023841858,1.9900000095367432,1.8200000524520874,1.940000057220459,1.277313470840454,660768000
2010-08-24,1.9500000476837158,2.109999895095825,1.8700000047683716,2.0899999141693115,1.3760745525360107,457169500
2010-08-25,2.0999999046325684,2.140000104904175,1.9900000095367432,2.059999942779541,1.3563222885131836,210261967
2010-08-26,2.0999999046325684,2.119999885559082,1.9800000190734863,1.9900000095367432,1.31023371219635,139397650
2010-08-27,2.0,2.059999942779541,1.9700000286102295,2.0299999713897705,1.336569905281067,121903900
2010-08-30,2.049999952316284,2.0799999237060547,1.9800000190734863,2.069999933242798,1.3629063367843628,89326250
2010-08-31,2.0399999618530273,2.130000114440918,2.0,2.130000114440918,1.402410864830017,85943850
2010-09-01,2.1500000953674316,2.240000009536743,2.140000104904175,2.1500000953674316,1.4155791997909546,140026800
2010-09-02,2.1700000762939453,2.2100000381469727,2.0899999141693115,2.119999885559082,1.3958266973495483,93224600
2010-09-03,2.119999885559082,2.190000057220459,2.0899999141693115,2.180000066757202,1.4353312253952026,57472500
2010-09-06,2.190000057220459,2.2899999618530273,2.180000066757202,2.259999990463257,1.4880040884017944,96869650
2010-09-07,2.25,2.369999885559082,2.25,2.3399999141693115,1.5406765937805176,74060000
2010-09-08,2.2899999618530273,2.440000057220459,2.2899999618530273,2.359999895095825,1.5538448095321655,62008850
2010-09-09,2.369999885559082,2.430000066757202,2.309999942779541,2.3499999046325684,1.5472609996795654,52751305
2010-09-10,2.3499999046325684,2.4100000858306885,2.2899999618530273,2.380000114440918,1.5670132637023926,40672650
2010-09-13,2.4100000858306885,2.4700000286102295,2.369999885559082,2.390000104904175,1.5735969543457031,49237950
2010-09-14,2.390000104904175,2.390000104904175,2.319999933242798,2.380000114440918,1.5670132637023926,30871750
2010-09-15,2.359999895095825,2.380000114440918,2.299999952316284,2.369999885559082,1.5604289770126343,26180550
2010-09-16,2.3499999046325684,2.359999895095825,2.299999952316284,2.3299999237060547,1.534092664718628,31065350
2010-09-17,2.309999942779541,2.380000114440918,2.2100000381469727,2.359999895095825,1.5538448095321655,79145000
2010-09-20,2.3399999141693115,2.4700000286102295,2.319999933242798,2.3399999141693115,1.5406765937805176,58942700
2010-09-21,2.3399999141693115,2.4100000858306885,2.2799999713897705,2.4000000953674316,1.580181360244751,48305085
2010-09-22,2.380000114440918,2.430000066757202,2.3399999141693115,2.369999885559082,1.5604289770126343,35689250
2010-09-24,2.3299999237060547,2.359999895095825,2.309999942779541,2.319999933242798,1.5275086164474487,28894610
2010-09-27,2.319999933242798,2.3499999046325684,2.2699999809265137,2.299999952316284,1.5143402814865112,48784900
2010-09-28,2.2799999713897705,2.299999952316284,2.2200000286102295,2.2300000190734863,1.4682517051696777,31228850
2010-09-29,2.25,2.319999933242798,2.2200000286102295,2.2699999809265137,1.4945881366729736,38501846
2010-09-30,2.259999990463257,2.369999885559082,2.259999990463257,2.3399999141693115,1.5406765937805176,38631150
2010-10-04,2.319999933242798,2.5399999618530273,2.319999933242798,2.5,1.6460222005844116,140189449
2010-10-05,2.509999990463257,2.740000009536743,2.5,2.630000114440918,1.731615662574768,127861500
2010-10-06,2.700000047683716,2.7899999618530273,2.6700000762939453,2.7300000190734863,1.797455906867981,101190650
2010-10-07,2.740000009536743,2.7899999618530273,2.6700000762939453,2.7300000190734863,1.797455906867981,54898392
2010-10-08,2.700000047683716,2.819999933242798,2.690000057220459,2.740000009536743,1.804040551185608,56393600
2010-10-11,2.759999990463257,2.809999942779541,2.5799999237060547,2.640000104904175,1.7381993532180786,48322400
2010-10-12,2.5999999046325684,2.690000057220459,2.5799999237060547,2.6500000953674316,1.7447832822799683,37331800
2010-10-13,2.75,3.009999990463257,2.740000009536743,2.990000009536743,1.9686427116394043,288509250
2010-10-14,3.0299999713897705,3.299999952316284,3.0299999713897705,3.200000047683716,2.1069085597991943,270754150
2010-10-15,3.1500000953674316,3.369999885559082,3.140000104904175,3.200000047683716,2.1069085597991943,103066400
2010-10-18,3.200000047683716,3.2100000381469727,3.109999895095825,3.1600000858306885,2.0805723667144775,50816200
2010-10-19,3.1500000953674316,3.5,3.1500000953674316,3.4000000953674316,2.238590717315674,120534550
2010-10-20,3.25,3.4700000286102295,3.2200000286102295,3.259999990463257,2.1464130878448486,110637600
2010-10-21,3.299999952316284,3.4100000858306885,3.2899999618530273,3.3499999046325684,2.205669403076172,75472200
2010-10-22,3.3499999046325684,3.440000057220459,3.2899999618530273,3.319999933242798,2.185917615890503,62015400
2010-10-25,3.299999952316284,3.430000066757202,3.299999952316284,3.3499999046325684,2.205669403076172,62833650
2010-10-26,3.4000000953674316,3.4000000953674316,3.25,3.2699999809265137,2.1529970169067383,45391000
2010-10-27,3.25,3.2899999618530273,3.059999942779541,3.069999933242798,2.0213146209716797,77245900
2010-10-28,3.0,3.140000104904175,2.990000009536743,3.059999942779541,2.0147311687469482,60410900
2010-10-29,3.0,3.140000104904175,2.990000009536743,3.0,1.975226640701294,60840900
2010-11-01,3.049999952316284,3.180000066757202,3.049999952316284,3.1600000858306885,2.0805723667144775,58186500
2010-11-02,3.109999895095825,3.1700000762939453,3.049999952316284,3.0799999237060547,2.0278995037078857,43001650
2010-11-03,3.069999933242798,3.140000104904175,3.0199999809265137,3.059999942779541,2.0147311687469482,42908050
2010-11-04,3.0799999237060547,3.130000114440918,3.0299999713897705,3.059999942779541,2.0147311687469482,33034000
2010-11-05,3.0999999046325684,3.299999952316284,3.0999999046325684,3.1700000762939453,2.087156295776367,74021000
2010-11-08,3.1500000953674316,3.2200000286102295,3.130000114440918,3.1500000953674316,2.0739879608154297,24478000
2010-11-09,3.119999885559082,3.1500000953674316,3.0799999237060547,3.0899999141693115,2.0344834327697754,34005016
2010-11-10,3.0899999141693115,3.180000066757202,3.059999942779541,3.1700000762939453,2.087156295776367,44223416
2010-11-11,3.1700000762939453,3.2699999809265137,3.140000104904175,3.2200000286102295,2.1200761795043945,52797398
2010-11-12,3.200000047683716,3.200000047683716,3.0,3.069999933242798,2.0213146209716797,81327846
2010-11-15,3.0999999046325684,3.0999999046325684,2.880000114440918,2.890000104904175,1.9028018712997437,71076000
2010-11-16,2.859999895095825,2.9600000381469727,2.7799999713897705,2.859999895095825,1.8830493688583374,86521650
2010-11-17,2.809999942779541,2.8499999046325684,2.6600000858306885,2.740000009536743,1.804040551185608,45699900
2010-11-18,2.799999952316284,2.930000066757202,2.799999952316284,2.9200000762939453,1.9225540161132812,46764900
2010-11-19,2.9200000762939453,3.0,2.8299999237060547,2.9200000762939453,1.9225540161132812,47550291
2010-11-22,2.890000104904175,2.930000066757202,2.859999895095825,2.9200000762939453,1.9225540161132812,11793200
2010-11-23,2.8499999046325684,2.890000104904175,2.700000047683716,2.740000009536743,1.804040551185608,91910213
2010-11-24,2.740000009536743,2.7899999618530273,2.700000047683716,2.7799999713897705,1.8303765058517456,36898000
2010-11-25,2.809999942779541,2.859999895095825,2.7699999809265137,2.809999942779541,1.8501285314559937,46368000
2010-11-26,2.799999952316284,2.799999952316284,2.6500000953674316,2.7300000190734863,1.797455906867981,33612000
2010-11-29,2.7300000190734863,2.7899999618530273,2.680000066757202,2.7699999809265137,1.823792576789856,20165300
2010-11-30,2.799999952316284,2.990000009536743,2.7899999618530273,2.9800000190734863,1.962058424949646,110908100
2010-12-01,2.990000009536743,3.049999952316284,2.940000057220459,2.990000009536743,1.9686427116394043,76307999
2010-12-02,3.0399999618530273,3.069999933242798,2.950000047683716,2.9600000381469727,1.9488900899887085,36716000
2010-12-03,2.990000009536743,3.0299999713897705,2.9600000381469727,2.9800000190734863,1.962058424949646,50279000
2010-12-06,3.009999990463257,3.140000104904175,3.0,3.0799999237060547,2.0278995037078857,75309800
2010-12-07,3.0299999713897705,3.140000104904175,3.0299999713897705,3.0999999046325684,2.0410678386688232,45703500
2010-12-08,3.069999933242798,3.119999885559082,2.940000057220459,3.009999990463257,1.9818108081817627,40590000
2010-12-09,3.0,3.0,2.859999895095825,2.950000047683716,1.9423062801361084,46244000
2010-12-10,2.9800000190734863,2.9800000190734863,2.8399999141693115,2.930000066757202,1.9291380643844604,25902800
2010-12-13,2.9600000381469727,2.990000009536743,2.9000000953674316,2.9200000762939453,1.9225540161132812,19933000
2010-12-14,2.9100000858306885,3.009999990463257,2.880000114440918,3.009999990463257,1.9818108081817627,39899550
2010-12-15,3.009999990463257,3.0199999809265137,2.890000104904175,2.940000057220459,1.9357218742370605,28563000
2010-12-16,2.950000047683716,3.0,2.890000104904175,2.9100000858306885,1.915969729423523,24589900
2010-12-17,2.9200000762939453,2.950000047683716,2.880000114440918,2.9100000858306885,1.915969729423523,14192000
2010-12-20,2.9100000858306885,2.9200000762939453,2.819999933242798,2.9100000858306885,1.915969729423523,16433000
2010-12-21,2.9000000953674316,2.950000047683716,2.880000114440918,2.950000047683716,1.9423062801361084,15200000
2010-12-22,2.9600000381469727,2.9700000286102295,2.9100000858306885,2.940000057220459,1.9357218742370605,9641000
2010-12-23,2.9100000858306885,2.940000057220459,2.859999895095825,2.9100000858306885,1.915969729423523,12000850
2010-12-24,2.869999885559082,2.890000104904175,2.859999895095825,2.880000114440918,1.8962178230285645,3492250
2010-12-28,2.869999885559082,2.890000104904175,2.809999942779541,2.880000114440918,1.8962178230285645,9181000
2010-12-29,2.859999895095825,2.880000114440918,2.8399999141693115,2.869999885559082,1.8896331787109375,7217000
2010-12-30,2.8499999046325684,2.869999885559082,2.809999942779541,2.8299999237060547,1.8632969856262207,14512750
2010-12-31,2.8299999237060547,2.859999895095825,2.799999952316284,2.8399999141693115,1.8698810338974,10682000
2011-01-03,2.869999885559082,2.950000047683716,2.8499999046325684,2.9100000858306885,1.915969729423523,21506400
2011-01-04,2.930000066757202,3.009999990463257,2.9100000858306885,2.990000009536743,1.9686427116394043,59390002
2011-01-05,3.0,3.0199999809265137,2.930000066757202,2.9600000381469727,1.9488900899887085,25588000
2011-01-06,2.990000009536743,3.119999885559082,2.9700000286102295,3.109999895095825,2.047651529312134,124531100
2011-01-07,3.140000104904175,3.190000057220459,3.0799999237060547,3.109999895095825,2.047651529312134,103301500
2011-01-10,3.1700000762939453,3.240000009536743,3.0799999237060547,3.0799999237060547,2.0278995037078857,50893848
2011-01-11,3.0999999046325684,3.1500000953674316,3.059999942779541,3.119999885559082,2.0542354583740234,35934000
2011-01-12,3.130000114440918,3.1500000953674316,3.069999933242798,3.0799999237060547,2.0278995037078857,37287950
2011-01-13,3.0799999237060547,3.0899999141693115,2.869999885559082,2.9200000762939453,1.9225540161132812,118053750
2011-01-14,2.9000000953674316,2.9100000858306885,2.8399999141693115,2.859999895095825,1.8830493688583374,68773061
2011-01-17,2.869999885559082,2.890000104904175,2.809999942779541,2.8399999141693115,1.8698810338974,39452000
2011-01-18,2.799999952316284,2.940000057220459,2.799999952316284,2.859999895095825,1.8830493688583374,28691500
2011-01-19,2.9000000953674316,2.950000047683716,2.9000000953674316,2.950000047683716,1.9423062801361084,27702700
2011-01-20,2.940000057220459,2.940000057220459,2.859999895095825,2.9100000858306885,1.915969729423523,28796000
2011-01-21,2.9000000953674316,2.9000000953674316,2.8299999237060547,2.859999895095825,1.8830493688583374,39075000
2011-01-24,2.859999895095825,2.869999885559082,2.7100000381469727,2.75,1.810624361038208,61668750
2011-01-25,2.7300000190734863,2.809999942779541,2.7200000286102295,2.799999952316284,1.8435449600219727,45484475
2011-01-26,2.7899999618530273,2.809999942779541,2.700000047683716,2.740000009536743,1.804040551185608,54533100
2011-01-27,2.75,2.7699999809265137,2.7100000381469727,2.7200000286102295,1.7908724546432495,36557500
2011-01-28,2.7100000381469727,2.7200000286102295,2.630000114440918,2.6700000762939453,1.7579519748687744,46459000
2011-01-31,2.5799999237060547,2.759999990463257,2.5799999237060547,2.759999990463257,1.8172085285186768,30584850
2011-02-01,2.75,2.7899999618530273,2.7200000286102295,2.75,1.810624361038208,12882700
2011-02-02,2.75,2.7699999809265137,2.6600000858306885,2.740000009536743,1.804040551185608,97292246
2011-02-07,2.7699999809265137,2.7899999618530273,2.680000066757202,2.740000009536743,1.804040551185608,34230650
2011-02-08,2.7100000381469727,2.740000009536743,2.6600000858306885,2.740000009536743,1.804040551185608,36518950
2011-02-09,2.740000009536743,2.740000009536743,2.640000104904175,2.680000066757202,1.764535903930664,24384656
2011-02-10,2.640000104904175,2.6600000858306885,2.5999999046325684,2.640000104904175,1.7381993532180786,18986000
2011-02-11,2.630000114440918,2.700000047683716,2.609999895095825,2.690000057220459,1.7711198329925537,16267962
2011-02-14,2.690000057220459,2.819999933242798,2.690000057220459,2.7799999713897705,1.8303765058517456,42827375
2011-02-15,2.75,2.8299999237060547,2.75,2.7899999618530273,1.8369605541229248,39511000
2011-02-16,2.799999952316284,2.869999885559082,2.7799999713897705,2.859999895095825,1.8830493688583374,42732000
2011-02-17,2.890000104904175,2.930000066757202,2.880000114440918,2.9200000762939453,1.9225540161132812,50602800
2011-02-18,2.9200000762939453,2.9200000762939453,2.8499999046325684,2.890000104904175,1.9028018712997437,24653000
2011-02-21,2.8399999141693115,2.9200000762939453,2.8299999237060547,2.890000104904175,1.9028018712997437,17582250
2011-02-22,2.819999933242798,2.859999895095825,2.759999990463257,2.8399999141693115,1.8698810338974,26288800
2011-02-23,2.819999933242798,2.819999933242798,2.7100000381469727,2.75,1.810624361038208,25626000
2011-02-24,2.700000047683716,2.7699999809265137,2.680000066757202,2.700000047683716,1.777703881263733,22132250
2011-02-25,2.7200000286102295,2.8499999046325684,2.700000047683716,2.809999942779541,1.8501285314559937,17650250
2011-02-28,2.609999895095825,2.690000057220459,2.5199999809265137,2.680000066757202,1.764535903930664,106962800
2011-03-01,2.6500000953674316,2.819999933242798,2.640000104904175,2.809999942779541,1.8501285314559937,75474200
2011-03-02,2.7799999713897705,2.8499999046325684,2.7300000190734863,2.799999952316284,1.8435449600219727,37705000
2011-03-03,2.9200000762939453,2.940000057220459,2.8499999046325684,2.890000104904175,1.9028018712997437,63023200
2011-03-04,2.950000047683716,3.0199999809265137,2.940000057220459,2.9600000381469727,1.9488900899887085,125358950
2011-03-07,2.930000066757202,3.0399999618530273,2.930000066757202,2.990000009536743,1.9686427116394043,59143000
2011-03-08,3.0199999809265137,3.0999999046325684,3.009999990463257,3.0799999237060547,2.0278995037078857,70849050
2011-03-09,3.0799999237060547,3.180000066757202,3.0799999237060547,3.1600000858306885,2.0805723667144775,119022650
2011-03-10,3.1700000762939453,3.1700000762939453,3.0899999141693115,3.130000114440918,2.060819387435913,75091302
2011-03-11,3.069999933242798,3.1700000762939453,3.049999952316284,3.130000114440918,2.060819387435913,88660650
2011-03-14,3.1500000953674316,3.390000104904175,3.130000114440918,3.359999895095825,2.212254047393799,197280801
2011-03-15,3.2699999809265137,3.319999933242798,3.119999885559082,3.309999942779541,2.179333209991455,157063400
2011-03-16,3.299999952316284,3.380000114440918,3.259999990463257,3.3299999237060547,2.1925010681152344,75704000
2011-03-17,3.2100000381469727,3.299999952316284,3.1600000858306885,3.2100000381469727,2.113492727279663,71623975
2011-03-18,3.25,3.2899999618530273,3.1700000762939453,3.240000009536743,2.1434614658355713,41959500
2011-03-21,3.2200000286102295,3.309999942779541,3.2200000286102295,3.2799999713897705,2.169923782348633,30803228
2011-03-22,3.309999942779541,3.359999895095825,3.2300000190734863,3.319999933242798,2.1963863372802734,64163250
2011-03-23,3.299999952316284,3.4600000381469727,3.2799999713897705,3.4100000858306885,2.2559263706207275,98543150
2011-03-24,3.4200000762939453,3.5,3.390000104904175,3.4100000858306885,2.2559263706207275,66127250
2011-03-25,3.4000000953674316,3.4800000190734863,3.319999933242798,3.440000057220459,2.275773286819458,61354750
2011-03-28,3.450000047683716,3.5199999809265137,3.380000114440918,3.440000057220459,2.275773286819458,37399500
2011-03-29,3.450000047683716,3.450000047683716,3.309999942779541,3.359999895095825,2.222848892211914,60317000
2011-03-30,3.380000114440918,3.4200000762939453,3.359999895095825,3.4000000953674316,2.249311685562134,70416400
2011-03-31,3.450000047683716,3.549999952316284,3.390000104904175,3.440000057220459,2.275773286819458,103554500
2011-04-01,3.4200000762939453,3.4600000381469727,3.319999933242798,3.3399999141693115,2.209617853164673,51835948
2011-04-04,3.3399999141693115,3.369999885559082,3.190000057220459,3.2799999713897705,2.169923782348633,63704755
2011-04-06,3.309999942779541,3.4100000858306885,3.240000009536743,3.380000114440918,2.2360799312591553,61138550
2011-04-07,3.299999952316284,3.4100000858306885,3.299999952316284,3.390000104904175,2.2426958084106445,67785500
2011-04-08,3.369999885559082,3.509999990463257,3.3399999141693115,3.3499999046325684,2.2162327766418457,55029150
2011-04-11,3.319999933242798,3.5,3.319999933242798,3.440000057220459,2.275773286819458,46852200
2011-04-12,3.450000047683716,3.450000047683716,3.3499999046325684,3.390000104904175,2.2426958084106445,22724500
2011-04-13,3.369999885559082,3.440000057220459,3.3299999237060547,3.430000066757202,2.269157886505127,27484000
2011-04-14,3.450000047683716,3.569999933242798,3.4200000762939453,3.509999990463257,2.322082996368408,93048350
2011-04-15,3.5299999713897705,3.630000114440918,3.5199999809265137,3.609999895095825,2.388239622116089,64125500
2011-04-18,3.6700000762939453,3.700000047683716,3.5899999141693115,3.630000114440918,2.401470422744751,43921696
2011-04-19,3.5999999046325684,3.630000114440918,3.5399999618530273,3.619999885559082,2.394854784011841,39436000
2011-04-20,3.5799999237060547,3.680000066757202,3.5799999237060547,3.640000104904175,2.408085823059082,21985000
2011-04-21,3.690000057220459,3.7200000286102295,3.5399999618530273,3.559999942779541,2.35516095161438,64730784
2011-04-26,3.5399999618530273,3.569999933242798,3.430000066757202,3.5,2.3154678344726562,39164000
2011-04-27,3.5,3.559999942779541,3.3299999237060547,3.380000114440918,2.2360799312591553,73561654
2011-04-28,3.369999885559082,3.369999885559082,3.25,3.2799999713897705,2.169923782348633,62181396
2011-04-29,3.2899999618530273,3.2899999618530273,3.1600000858306885,3.200000047683716,2.1169986724853516,66688000
2011-05-03,3.200000047683716,3.2899999618530273,3.200000047683716,3.2200000286102295,2.1302294731140137,43183273
2011-05-04,3.2100000381469727,3.2300000190734863,3.059999942779541,3.0999999046325684,2.050842761993408,40266624
2011-05-05,3.0999999046325684,3.2100000381469727,3.0899999141693115,3.1700000762939453,2.0971522331237793,35611900
2011-05-06,3.1500000953674316,3.2699999809265137,3.130000114440918,3.2200000286102295,2.1302294731140137,42378000
2011-05-09,3.2799999713897705,3.3399999141693115,3.25,3.309999942779541,2.189770460128784,32681266
2011-05-11,3.369999885559082,3.369999885559082,3.299999952316284,3.3499999046325684,2.2162327766418457,28767000
2011-05-12,3.309999942779541,3.3499999046325684,3.2200000286102295,3.240000009536743,2.1434614658355713,31975500
2011-05-13,3.2699999809265137,3.2699999809265137,3.2100000381469727,3.25,2.1500768661499023,33195000
2011-05-16,3.2100000381469727,3.2100000381469727,3.0299999713897705,3.049999952316284,2.0177645683288574,83903100
2011-05-17,2.9600000381469727,3.0899999141693115,2.890000104904175,3.0199999809265137,1.9979177713394165,82007120
2011-05-18,3.0199999809265137,3.069999933242798,2.9800000190734863,3.0199999809265137,1.9979177713394165,34284459
2011-05-19,3.0799999237060547,3.0999999046325684,3.0,3.0299999713897705,2.004533290863037,46151000
2011-05-20,3.0399999618530273,3.0999999046325684,3.0199999809265137,3.059999942779541,2.0243799686431885,35063000
2011-05-23,3.069999933242798,3.069999933242798,2.990000009536743,3.009999990463257,1.9913020133972168,19857790
2011-05-24,2.9700000286102295,3.0899999141693115,2.9700000286102295,3.0899999141693115,2.044226884841919,24923921
2011-05-25,3.049999952316284,3.119999885559082,3.0199999809265137,3.109999895095825,2.0574581623077393,23519000
2011-05-26,3.0999999046325684,3.130000114440918,3.049999952316284,3.069999933242798,2.0309951305389404,8291496
2011-05-27,3.049999952316284,3.119999885559082,3.049999952316284,3.059999942779541,2.0243799686431885,14554000
2011-05-30,3.059999942779541,3.0799999237060547,2.9800000190734863,3.0,1.9846863746643066,45824000
2011-05-31,3.009999990463257,3.0199999809265137,2.890000104904175,2.9200000762939453,1.9317615032196045,107747750
2011-06-01,2.9100000858306885,3.0299999713897705,2.869999885559082,3.0199999809265137,1.9979177713394165,70768378
2011-06-02,2.950000047683716,2.9800000190734863,2.880000114440918,2.9000000953674316,1.9185303449630737,80724000
2011-06-03,2.930000066757202,2.940000057220459,2.8299999237060547,2.8499999046325684,1.8854520320892334,56784000
2011-06-07,2.809999942779541,2.930000066757202,2.809999942779541,2.880000114440918,1.9052990674972534,39981920
2011-06-08,2.859999895095825,2.890000104904175,2.799999952316284,2.809999942779541,1.8589892387390137,30373100
2011-06-09,2.799999952316284,2.809999942779541,2.6700000762939453,2.740000009536743,1.8126804828643799,45893120
2011-06-10,2.7300000190734863,2.7699999809265137,2.700000047683716,2.7100000381469727,1.7928334474563599,23058250
2011-06-13,2.6500000953674316,2.7200000286102295,2.609999895095825,2.700000047683716,1.7862175703048706,35935000
2011-06-14,2.6500000953674316,2.819999933242798,2.6500000953674316,2.7699999809265137,1.8325270414352417,29921500
2011-06-15,2.799999952316284,2.869999885559082,2.7799999713897705,2.799999952316284,1.8523740768432617,30942625
2011-06-16,2.75,2.809999942779541,2.7100000381469727,2.7200000286102295,1.7994493246078491,29467250
2011-06-17,2.690000057220459,2.740000009536743,2.6500000953674316,2.6600000858306885,1.75975501537323,23252850
2011-06-20,2.6600000858306885,2.7200000286102295,2.6600000858306885,2.6700000762939453,1.7663711309432983,18501000
2011-06-21,2.700000047683716,2.740000009536743,2.690000057220459,2.7300000190734863,1.806064248085022,17545000
2011-06-22,2.7899999618530273,2.859999895095825,2.759999990463257,2.809999942779541,1.8589892387390137,51253290
2011-06-23,2.7799999713897705,2.880000114440918,2.7699999809265137,2.8299999237060547,1.872220754623413,21094886
2011-06-24,2.8299999237060547,2.9200000762939453,2.809999942779541,2.890000104904175,1.9119147062301636,21288000
2011-06-27,2.8499999046325684,2.880000114440918,2.8299999237060547,2.8399999141693115,1.8788362741470337,36264550
2011-06-28,2.8499999046325684,2.859999895095825,2.7300000190734863,2.759999990463257,1.825911521911621,33464000
2011-06-29,2.7799999713897705,2.799999952316284,2.7300000190734863,2.7799999713897705,1.8391425609588623,21235200
2011-06-30,2.799999952316284,2.8399999141693115,2.7799999713897705,2.799999952316284,1.8523740768432617,17259871
2011-07-04,2.8499999046325684,2.9600000381469727,2.8399999141693115,2.950000047683716,1.9516083002090454,46404650
2011-07-05,2.950000047683716,2.950000047683716,2.9100000858306885,2.9100000858306885,1.9251456260681152,37204452
2011-07-06,2.9000000953674316,2.9100000858306885,2.8499999046325684,2.859999895095825,1.892067551612854,18325229
2011-07-07,2.890000104904175,2.940000057220459,2.859999895095825,2.9000000953674316,1.9185303449630737,49994000
2011-07-08,2.950000047683716,2.9700000286102295,2.9000000953674316,2.9200000762939453,1.9317615032196045,41806000
2011-07-11,2.9100000858306885,2.9100000858306885,2.799999952316284,2.8299999237060547,1.872220754623413,35326000
2011-07-12,2.5,2.6700000762939453,2.0799999237060547,2.430000066757202,1.6075961589813232,256261100
2011-07-13,2.5799999237060547,2.619999885559082,2.5,2.559999942779541,1.6935988664627075,116861090
2011-07-14,2.5799999237060547,2.630000114440918,2.509999990463257,2.5399999618530273,1.6803675889968872,50726750
2011-07-15,2.5399999618530273,2.549999952316284,2.4800000190734863,2.509999990463257,1.6605206727981567,42952000
2011-07-18,2.5,2.5799999237060547,2.490000009536743,2.5199999809265137,1.667136549949646,29026300
2011-07-19,2.5199999809265137,2.5299999713897705,2.3299999237060547,2.440000057220459,1.6142115592956543,66583454
2011-07-20,2.4700000286102295,2.509999990463257,2.450000047683716,2.509999990463257,1.6605206727981567,25699900
2011-07-21,2.5,2.5399999618530273,2.4700000286102295,2.509999990463257,1.6605206727981567,12288000
2011-07-22,2.5299999713897705,2.609999895095825,2.5299999713897705,2.609999895095825,1.7266771793365479,33754900
2011-07-25,2.5899999141693115,2.5899999141693115,2.5199999809265137,2.569999933242798,1.7002146244049072,22034000
2011-07-26,2.559999942779541,2.609999895095825,2.5399999618530273,2.609999895095825,1.7266771793365479,20447474
2011-07-27,2.5899999141693115,2.640000104904175,2.559999942779541,2.5799999237060547,1.7068300247192383,28855300
2011-07-28,2.5399999618530273,2.5799999237060547,2.5199999809265137,2.5399999618530273,1.6803675889968872,19441000
2011-07-29,2.5199999809265137,2.549999952316284,2.490000009536743,2.509999990463257,1.6605206727981567,9817000
2011-08-01,2.559999942779541,2.559999942779541,2.509999990463257,2.5199999809265137,1.667136549949646,9666000
2011-08-02,2.5199999809265137,2.5299999713897705,2.4000000953674316,2.440000057220459,1.6142115592956543,15944875
2011-08-03,2.359999895095825,2.369999885559082,2.2699999809265137,2.3499999046325684,1.554671049118042,42727200
2011-08-04,2.359999895095825,2.4100000858306885,2.309999942779541,2.4000000953674316,1.5877491235733032,13411200
2011-08-05,2.200000047683716,2.2899999618530273,2.190000057220459,2.240000009536743,1.481899380683899,29805125
2011-08-08,2.1600000858306885,2.200000047683716,2.0,2.109999895095825,1.395896077156067,42708662
2011-08-09,1.8799999952316284,2.0999999046325684,1.8200000524520874,2.0,1.3231240510940552,38008100
2011-08-10,2.0999999046325684,2.140000104904175,1.9800000190734863,2.0199999809265137,1.336355447769165,29748246
2011-08-11,1.899999976158142,1.9800000190734863,1.8899999856948853,1.9299999475479126,1.2768150568008423,19625800
2011-08-12,1.9700000286102295,2.0199999809265137,1.9500000476837158,1.9700000286102295,1.3032774925231934,22576000
2011-08-15,2.0199999809265137,2.119999885559082,1.9700000286102295,2.119999885559082,1.4025115966796875,40760800
2011-08-16,2.1600000858306885,2.190000057220459,2.069999933242798,2.0899999141693115,1.3826647996902466,26742424
2011-08-17,2.0999999046325684,2.1600000858306885,2.0199999809265137,2.0399999618530273,1.3495864868164062,19010000
2011-08-18,2.059999942779541,2.140000104904175,2.009999990463257,2.0399999618530273,1.3495864868164062,27978000
2011-08-19,1.8799999952316284,1.9600000381469727,1.850000023841858,1.9299999475479126,1.2768150568008423,61625300
2011-08-22,1.8700000047683716,1.940000057220459,1.7599999904632568,1.8600000143051147,1.2305054664611816,38854820
2011-08-23,1.899999976158142,1.899999976158142,1.7899999618530273,1.850000023841858,1.2238900661468506,22276000
2011-08-24,1.8600000143051147,1.8700000047683716,1.7999999523162842,1.8300000429153442,1.2106586694717407,25376047
2011-08-25,1.8600000143051147,1.8700000047683716,1.809999942779541,1.8200000524520874,1.204042911529541,23706600
2011-08-26,1.8200000524520874,1.850000023841858,1.809999942779541,1.8300000429153442,1.2106586694717407,14436471
2011-08-29,1.8300000429153442,1.850000023841858,1.8200000524520874,1.8300000429153442,1.2106586694717407,10594000
2011-08-30,1.850000023841858,1.9299999475479126,1.850000023841858,1.9199999570846558,1.2701992988586426,27220846
2011-08-31,1.940000057220459,2.0399999618530273,1.940000057220459,2.0299999713897705,1.3429709672927856,37897500
2011-09-01,2.0999999046325684,2.140000104904175,2.059999942779541,2.0799999237060547,1.3760490417480469,40180000
2011-09-02,2.059999942779541,2.0899999141693115,1.9900000095367432,2.049999952316284,1.3693692684173584,20723000
2011-09-05,2.0,2.0,1.8200000524520874,1.850000023841858,1.2357723712921143,30093000
2011-09-06,1.7999999523162842,1.850000023841858,1.7799999713897705,1.840000033378601,1.2290923595428467,14278527
2011-09-07,1.8799999952316284,1.8799999952316284,1.8200000524520874,1.850000023841858,1.2357723712921143,11296550
2011-09-08,1.8899999856948853,1.8899999856948853,1.8300000429153442,1.840000033378601,1.2290923595428467,13138000
2011-09-09,1.8300000429153442,1.8600000143051147,1.8200000524520874,1.840000033378601,1.2290923595428467,10579886
2011-09-12,1.75,1.809999942779541,1.7000000476837158,1.7100000381469727,1.1422545909881592,19716000
2011-09-14,1.7400000095367432,1.7599999904632568,1.5,1.6200000047683716,1.0821359157562256,20313773
2011-09-15,1.6200000047683716,1.649999976158142,1.440000057220459,1.4700000286102295,0.9819378852844238,30450478
2011-09-16,1.5299999713897705,1.6799999475479126,1.5199999809265137,1.649999976158142,1.102175235748291,42210171
2011-09-19,1.649999976158142,1.649999976158142,1.5399999618530273,1.559999942779541,1.0420565605163574,19470000
2011-09-20,1.5299999713897705,1.590000033378601,1.4700000286102295,1.5800000429153442,1.0554163455963135,18219700
2011-09-21,1.5800000429153442,1.6299999952316284,1.5,1.5299999713897705,1.0220171213150024,13620000
2011-09-22,1.5,1.5299999713897705,1.440000057220459,1.440000057220459,0.9618986248970032,19153000
2011-09-23,1.3700000047683716,1.4299999475479126,1.3300000429153442,1.3899999856948853,0.9284990429878235,14339000
2011-09-26,1.3799999952316284,1.409999966621399,1.25,1.2799999713897705,0.8550207614898682,23251750
2011-09-27,1.2999999523162842,1.3899999856948853,1.2999999523162842,1.3700000047683716,0.9151396155357361,27995000
2011-09-28,1.409999966621399,1.4299999475479126,1.350000023841858,1.3700000047683716,0.9151396155357361,30520000
2011-09-30,1.3700000047683716,1.3700000047683716,1.2599999904632568,1.2699999809265137,0.8483408689498901,18836000
2011-10-03,1.2300000190734863,1.2400000095367432,1.1100000143051147,1.1399999856948853,0.7615028619766235,30678350
2011-10-04,1.1399999856948853,1.149999976158142,1.0299999713897705,1.059999942779541,0.7080640196800232,15133787
2011-10-06,1.100000023841858,1.190000057220459,1.100000023841858,1.1699999570846558,0.7815424203872681,35212552
2011-10-07,1.1699999570846558,1.2599999904632568,1.1699999570846558,1.2400000095367432,0.8283014893531799,38572000
2011-10-10,1.2400000095367432,1.2699999809265137,1.190000057220459,1.2200000286102295,0.8149417638778687,8630500
2011-10-11,1.2799999713897705,1.309999942779541,1.2100000381469727,1.25,0.8349813222885132,35011000
2011-10-12,1.2400000095367432,1.350000023841858,1.2100000381469727,1.2999999523162842,0.8683804869651794,42558000
2011-10-13,1.340000033378601,1.4199999570846558,1.2999999523162842,1.399999976158142,0.9351791143417358,78427360
2011-10-14,1.3700000047683716,1.409999966621399,1.340000033378601,1.3799999952316284,0.9218193888664246,40819000
2011-10-17,1.4199999570846558,1.4800000190734863,1.399999976158142,1.4700000286102295,0.9819378852844238,29072000
2011-10-18,1.3799999952316284,1.3799999952316284,1.2599999904632568,1.2799999713897705,0.8550207614898682,36095918
2011-10-19,1.3200000524520874,1.340000033378601,1.2799999713897705,1.2899999618530273,0.8617005348205566,21024000
2011-10-20,1.2899999618530273,1.2899999618530273,1.190000057220459,1.2200000286102295,0.8149417638778687,32330000
2011-10-21,1.2200000286102295,1.2599999904632568,1.2100000381469727,1.25,0.8349813222885132,8609500
2011-10-24,1.309999942779541,1.3300000429153442,1.2899999618530273,1.309999942779541,0.8750603199005127,25602000
2011-10-25,1.2999999523162842,1.3200000524520874,1.2599999904632568,1.2799999713897705,0.8550207614898682,17517100
2011-10-26,1.2300000190734863,1.3600000143051147,1.2100000381469727,1.340000033378601,0.8951000571250916,50190000
2011-10-27,1.3300000429153442,1.5,1.3300000429153442,1.4500000476837158,0.9685783982276917,106638000
2011-10-28,1.5299999713897705,1.5700000524520874,1.4299999475479126,1.4700000286102295,0.9819378852844238,78180000
2011-10-31,1.4500000476837158,1.5,1.4299999475479126,1.4800000190734863,0.9886178374290466,29088584
2011-11-01,1.4299999475479126,1.5199999809265137,1.409999966621399,1.440000057220459,0.9618986248970032,30126650
2011-11-02,1.3899999856948853,1.5,1.3700000047683716,1.4900000095367432,0.9952977895736694,40362300
2011-11-03,1.4600000381469727,1.5399999618530273,1.4199999570846558,1.4500000476837158,0.9685783982276917,49996000
2011-11-04,1.5199999809265137,1.5399999618530273,1.4800000190734863,1.5,1.0019774436950684,26099071
2011-11-07,1.5,1.590000033378601,1.4800000190734863,1.5399999618530273,1.028696894645691,36229950
2011-11-08,1.559999942779541,1.5800000429153442,1.5,1.5199999809265137,1.0153371095657349,19484000
2011-11-09,1.559999942779541,1.5700000524520874,1.5,1.5099999904632568,1.008657455444336,23850000
2011-11-10,1.399999976158142,1.4500000476837158,1.3799999952316284,1.399999976158142,0.9351791143417358,25720000
2011-11-11,1.4299999475479126,1.4500000476837158,1.409999966621399,1.440000057220459,0.9618986248970032,21659300
2011-11-14,1.4700000286102295,1.5,1.4500000476837158,1.4900000095367432,0.9952977895736694,13685892
2011-11-15,1.4600000381469727,1.4800000190734863,1.4500000476837158,1.4700000286102295,0.9819378852844238,3606000
2011-11-16,1.4800000190734863,1.4800000190734863,1.409999966621399,1.4199999570846558,0.9485387206077576,12320000
2011-11-17,1.3899999856948853,1.4299999475479126,1.3899999856948853,1.4199999570846558,0.9485387206077576,8216000
2011-11-18,1.3799999952316284,1.440000057220459,1.3799999952316284,1.409999966621399,0.9418588876724243,15060000
2011-11-21,1.399999976158142,1.4199999570846558,1.3899999856948853,1.3899999856948853,0.9284990429878235,7946000
2011-11-22,1.3600000143051147,1.399999976158142,1.3600000143051147,1.3799999952316284,0.9218193888664246,7029901
2011-11-23,1.3700000047683716,1.3799999952316284,1.3300000429153442,1.350000023841858,0.9017797708511353,4040400
2011-11-24,1.309999942779541,1.409999966621399,1.2799999713897705,1.3899999856948853,0.9284990429878235,6634000
2011-11-25,1.3600000143051147,1.399999976158142,1.3600000143051147,1.3799999952316284,0.9218193888664246,4718300
2011-11-28,1.399999976158142,1.4800000190734863,1.3600000143051147,1.4800000190734863,0.9886178374290466,21922610
2011-11-29,1.5,1.5099999904632568,1.440000057220459,1.4600000381469727,0.9752581119537354,18730000
2011-11-30,1.4199999570846558,1.4800000190734863,1.409999966621399,1.4299999475479126,0.9552186131477356,7898450
2011-12-01,1.5099999904632568,1.5499999523162842,1.4900000095367432,1.5099999904632568,1.008657455444336,34119592
2011-12-02,1.5199999809265137,1.5399999618530273,1.4500000476837158,1.4800000190734863,0.9886178374290466,11561620
2011-12-05,1.4800000190734863,1.5,1.4600000381469727,1.4900000095367432,0.9952977895736694,5161910
2011-12-06,1.4800000190734863,1.4800000190734863,1.4299999475479126,1.4700000286102295,0.9819378852844238,14524242
2011-12-07,1.4700000286102295,1.4900000095367432,1.4600000381469727,1.4800000190734863,0.9886178374290466,9362000
2011-12-08,1.4800000190734863,1.4800000190734863,1.440000057220459,1.4600000381469727,0.9752581119537354,4668000
2011-12-09,1.409999966621399,1.4500000476837158,1.409999966621399,1.4299999475479126,0.9552186131477356,7464000
2011-12-12,1.4500000476837158,1.4600000381469727,1.399999976158142,1.399999976158142,0.9351791143417358,4298000
2011-12-13,1.3899999856948853,1.409999966621399,1.3799999952316284,1.399999976158142,0.9351791143417358,5538000
2011-12-14,1.3700000047683716,1.399999976158142,1.3600000143051147,1.3600000143051147,0.9084598422050476,10002000
2011-12-15,1.350000023841858,1.3600000143051147,1.2799999713897705,1.350000023841858,0.9017797708511353,8732900
2011-12-16,1.3200000524520874,1.3700000047683716,1.3200000524520874,1.350000023841858,0.9017797708511353,12486761
2011-12-19,1.3300000429153442,1.350000023841858,1.2899999618530273,1.2899999618530273,0.8617005348205566,10973000
2011-12-20,1.2899999618530273,1.309999942779541,1.2699999809265137,1.2799999713897705,0.8550207614898682,3708508
2011-12-21,1.309999942779541,1.340000033378601,1.2699999809265137,1.2899999618530273,0.8617005348205566,10253000
2011-12-22,1.2799999713897705,1.2899999618530273,1.2599999904632568,1.2699999809265137,0.8483408689498901,7410274
2011-12-23,1.2799999713897705,1.3200000524520874,1.2699999809265137,1.2899999618530273,0.8617005348205566,8546000
2011-12-28,1.2799999713897705,1.309999942779541,1.2699999809265137,1.2799999713897705,0.8550207614898682,2944000
2011-12-29,1.2599999904632568,1.2899999618530273,1.2599999904632568,1.2799999713897705,0.8550207614898682,3131850
2011-12-30,1.2799999713897705,1.309999942779541,1.2799999713897705,1.2999999523162842,0.8683804869651794,4324015
2012-01-03,1.3200000524520874,1.3300000429153442,1.2999999523162842,1.2999999523162842,0.8683804869651794,3598000
2012-01-04,1.2999999523162842,1.309999942779541,1.2699999809265137,1.2799999713897705,0.8550207614898682,5844000
2012-01-05,1.2899999618530273,1.3200000524520874,1.2799999713897705,1.2799999713897705,0.8550207614898682,5692000
2012-01-06,1.2799999713897705,1.2799999713897705,1.1799999475479126,1.2000000476837158,0.8015820980072021,19474000
2012-01-09,1.2000000476837158,1.2300000190734863,1.149999976158142,1.2300000190734863,0.8216217160224915,8180000
2012-01-10,1.2200000286102295,1.2699999809265137,1.2100000381469727,1.25,0.8349813222885132,7644850
2012-01-11,1.2300000190734863,1.2599999904632568,1.2200000286102295,1.2599999904632568,0.8416610956192017,17967929
2012-01-12,1.25,1.2799999713897705,1.2300000190734863,1.2599999904632568,0.8416610956192017,13753650
2012-01-13,1.2699999809265137,1.2699999809265137,1.2300000190734863,1.25,0.8349813222885132,6903950
2012-01-16,1.2300000190734863,1.2400000095367432,1.2100000381469727,1.2300000190734863,0.8216217160224915,5102000
2012-01-17,1.2300000190734863,1.2999999523162842,1.2200000286102295,1.2899999618530273,0.8617005348205566,26008000
2012-01-18,1.2799999713897705,1.2999999523162842,1.2400000095367432,1.2799999713897705,0.8550207614898682,11943000
2012-01-19,1.2799999713897705,1.3300000429153442,1.2799999713897705,1.2999999523162842,0.8683804869651794,25080001
2012-01-20,1.309999942779541,1.3200000524520874,1.2699999809265137,1.2899999618530273,0.8617005348205566,10969500
2012-01-26,1.2799999713897705,1.3600000143051147,1.2799999713897705,1.3600000143051147,0.9084598422050476,25577500
2012-01-27,1.350000023841858,1.3799999952316284,1.3200000524520874,1.350000023841858,0.9017797708511353,26704000
2012-01-30,1.350000023841858,1.350000023841858,1.2799999713897705,1.2899999618530273,0.8617005348205566,15183242
2012-01-31,1.2899999618530273,1.309999942779541,1.2799999713897705,1.2899999618530273,0.8617005348205566,6836500
2012-02-01,1.2899999618530273,1.3200000524520874,1.25,1.2599999904632568,0.8416610956192017,20318450
2012-02-02,1.2799999713897705,1.309999942779541,1.2699999809265137,1.309999942779541,0.8750603199005127,12837250
2012-02-03,1.309999942779541,1.340000033378601,1.2899999618530273,1.3300000429153442,0.888420045375824,16488000
2012-02-06,1.350000023841858,1.3600000143051147,1.309999942779541,1.340000033378601,0.8951000571250916,20934000
2012-02-07,1.350000023841858,1.350000023841858,1.2999999523162842,1.3200000524520874,0.8817402124404907,10328015
2012-02-08,1.309999942779541,1.5399999618530273,1.309999942779541,1.5299999713897705,1.0220171213150024,101526950
2012-02-09,1.5199999809265137,1.6299999952316284,1.4800000190734863,1.6200000047683716,1.0821359157562256,71722252
2012-02-10,1.6200000047683716,1.6200000047683716,1.5,1.5199999809265137,1.0153371095657349,43096000
2012-02-13,1.5099999904632568,1.5099999904632568,1.4700000286102295,1.4800000190734863,0.9886178374290466,39833004
2012-02-14,1.4900000095367432,1.4900000095367432,1.4199999570846558,1.440000057220459,0.9618986248970032,29048009
2012-02-15,1.440000057220459,1.6200000047683716,1.4199999570846558,1.6100000143051147,1.0754555463790894,81724785
2012-02-16,1.5800000429153442,1.7100000381469727,1.5700000524520874,1.6699999570846558,1.1155351400375366,93504765
2012-02-17,1.7200000286102295,1.75,1.6299999952316284,1.7000000476837158,1.1355746984481812,56857050
2012-02-20,1.7400000095367432,1.7699999809265137,1.7000000476837158,1.7400000095367432,1.1622939109802246,64168000
2012-02-21,1.7400000095367432,1.8899999856948853,1.649999976158142,1.8799999952316284,1.2558119297027588,108337000
2012-02-22,1.8600000143051147,1.9299999475479126,1.8300000429153442,1.8600000143051147,1.2424520254135132,89192927
2012-02-23,1.8300000429153442,1.8799999952316284,1.75,1.75,1.1689738035202026,61198000
2012-02-24,1.7899999618530273,1.899999976158142,1.7400000095367432,1.8799999952316284,1.2558119297027588,75741000
2012-02-27,1.899999976158142,1.940000057220459,1.8200000524520874,1.8700000047683716,1.2491320371627808,45946000
2012-02-28,1.8700000047683716,1.8899999856948853,1.7899999618530273,1.8300000429153442,1.2224128246307373,37112500
2012-02-29,1.809999942779541,1.8300000429153442,1.7799999713897705,1.7999999523162842,1.2023731470108032,38760450
2012-03-01,1.7699999809265137,1.809999942779541,1.7000000476837158,1.7200000286102295,1.148934245109558,44766000
2012-03-02,1.75,1.7599999904632568,1.7200000286102295,1.7400000095367432,1.1622939109802246,25862002
2012-03-05,1.7300000190734863,1.7300000190734863,1.649999976158142,1.6699999570846558,1.1155351400375366,45554000
2012-03-06,1.649999976158142,1.649999976158142,1.5700000524520874,1.600000023841858,1.06877601146698,36437600
2012-03-07,1.559999942779541,1.6699999570846558,1.5499999523162842,1.6399999856948853,1.095495343208313,26638000
2012-03-08,1.6399999856948853,1.7100000381469727,1.6399999856948853,1.7000000476837158,1.1355746984481812,26206000
2012-03-09,1.7200000286102295,1.75,1.690000057220459,1.7200000286102295,1.148934245109558,18269400
2012-03-12,1.7300000190734863,1.7400000095367432,1.659999966621399,1.690000057220459,1.1288948059082031,7156000
2012-03-13,1.7000000476837158,1.7400000095367432,1.690000057220459,1.7000000476837158,1.1355746984481812,9112000
2012-03-14,1.7200000286102295,1.7899999618530273,1.7000000476837158,1.7200000286102295,1.148934245109558,44863250
2012-03-15,1.7200000286102295,1.7200000286102295,1.6399999856948853,1.659999966621399,1.1088553667068481,14244000
2012-03-16,1.659999966621399,1.659999966621399,1.5700000524520874,1.600000023841858,1.06877601146698,32961000
2012-03-20,1.5499999523162842,1.5499999523162842,1.4500000476837158,1.4700000286102295,0.9819378852844238,32742500
2012-03-21,1.4600000381469727,1.4800000190734863,1.409999966621399,1.4199999570846558,0.9485387206077576,23855515
2012-03-22,1.409999966621399,1.4600000381469727,1.409999966621399,1.440000057220459,0.9618986248970032,8824006
2012-03-23,1.409999966621399,1.4700000286102295,1.3700000047683716,1.4600000381469727,0.9752581119537354,14853000
2012-03-26,1.440000057220459,1.4900000095367432,1.4199999570846558,1.440000057220459,0.9618986248970032,13616000
2012-03-27,1.4700000286102295,1.600000023841858,1.4600000381469727,1.5800000429153442,1.0554163455963135,25048000
2012-03-28,1.5399999618530273,1.649999976158142,1.5399999618530273,1.6100000143051147,1.0754555463790894,30590330
2012-03-29,1.600000023841858,1.649999976158142,1.5499999523162842,1.6100000143051147,1.0754555463790894,27043356
2012-03-30,1.600000023841858,1.649999976158142,1.5800000429153442,1.6299999952316284,1.088815450668335,17207769
2012-04-02,1.6299999952316284,1.659999966621399,1.600000023841858,1.6299999952316284,1.088815450668335,9944750
2012-04-03,1.6299999952316284,1.7000000476837158,1.6299999952316284,1.6699999570846558,1.1155351400375366,24698683
2012-04-05,1.6299999952316284,1.7300000190734863,1.6200000047683716,1.6799999475479126,1.122214913368225,23197600
2012-04-10,1.659999966621399,1.7100000381469727,1.6299999952316284,1.6399999856948853,1.095495343208313,12039250
2012-04-11,1.600000023841858,1.6299999952316284,1.590000033378601,1.6100000143051147,1.0754555463790894,8946730
2012-04-12,1.6299999952316284,1.659999966621399,1.600000023841858,1.6299999952316284,1.088815450668335,7708160
2012-04-13,1.649999976158142,1.7400000095367432,1.6399999856948853,1.6699999570846558,1.1155351400375366,38617788
2012-04-16,1.649999976158142,1.6699999570846558,1.6299999952316284,1.6399999856948853,1.095495343208313,6700000
2012-04-17,1.649999976158142,1.6699999570846558,1.590000033378601,1.649999976158142,1.102175235748291,8558000
2012-04-18,1.6699999570846558,1.690000057220459,1.6399999856948853,1.6399999856948853,1.095495343208313,7892000
2012-04-19,1.6399999856948853,1.7300000190734863,1.6399999856948853,1.7300000190734863,1.1556142568588257,20575000
2012-04-20,1.7100000381469727,1.7599999904632568,1.690000057220459,1.75,1.1689738035202026,25458047
2012-04-23,1.7200000286102295,1.7699999809265137,1.7000000476837158,1.7400000095367432,1.1622939109802246,13104750
2012-04-24,1.7200000286102295,1.809999942779541,1.7100000381469727,1.7899999618530273,1.1956931352615356,23554000
2012-04-25,1.8200000524520874,1.8200000524520874,1.7699999809265137,1.7799999713897705,1.1890132427215576,7978400
2012-04-26,1.7999999523162842,1.8700000047683716,1.7999999523162842,1.840000033378601,1.2290923595428467,30074000
2012-04-27,1.850000023841858,1.8600000143051147,1.809999942779541,1.8300000429153442,1.2224128246307373,10612000
2012-04-30,1.850000023841858,1.8799999952316284,1.850000023841858,1.8799999952316284,1.2558119297027588,18971000
2012-05-02,1.8600000143051147,1.8899999856948853,1.850000023841858,1.8700000047683716,1.2491320371627808,10767083
2012-05-03,1.850000023841858,1.8600000143051147,1.8200000524520874,1.840000033378601,1.2290923595428467,8549941
2012-05-04,1.840000033378601,1.9299999475479126,1.8300000429153442,1.909999966621399,1.2758512496948242,28516366
2012-05-07,1.8799999952316284,1.9299999475479126,1.840000033378601,1.899999976158142,1.2691717147827148,14383000
2012-05-08,1.9299999475479126,1.9299999475479126,1.850000023841858,1.8799999952316284,1.2558119297027588,11184000
2012-05-09,1.850000023841858,1.8799999952316284,1.8200000524520874,1.8200000524520874,1.2157325744628906,16982000
2012-05-10,1.8200000524520874,1.850000023841858,1.7200000286102295,1.7300000190734863,1.1556142568588257,25998500
2012-05-11,1.7200000286102295,1.7599999904632568,1.6799999475479126,1.7400000095367432,1.1622939109802246,13784000
2012-05-14,1.7100000381469727,1.7400000095367432,1.6299999952316284,1.6399999856948853,1.095495343208313,10674150
2012-05-15,1.6399999856948853,1.7200000286102295,1.559999942779541,1.7100000381469727,1.1422545909881592,17548900
2012-05-16,1.659999966621399,1.75,1.6399999856948853,1.7200000286102295,1.148934245109558,26956000
2012-05-17,1.7000000476837158,1.7699999809265137,1.6799999475479126,1.7300000190734863,1.1556142568588257,19171000
2012-05-18,1.6799999475479126,1.7599999904632568,1.649999976158142,1.7300000190734863,1.1556142568588257,13104450
2012-05-21,1.7100000381469727,1.7699999809265137,1.7100000381469727,1.7300000190734863,1.1556142568588257,10754000
2012-05-22,1.75,1.8300000429153442,1.7300000190734863,1.809999942779541,1.2090528011322021,12820100
2012-05-23,1.7999999523162842,1.840000033378601,1.7699999809265137,1.809999942779541,1.2090528011322021,15826250
2012-05-24,1.8300000429153442,1.8700000047683716,1.7799999713897705,1.8300000429153442,1.2224128246307373,18972000
2012-05-25,1.840000033378601,1.8700000047683716,1.7899999618530273,1.8600000143051147,1.2424520254135132,12858300
2012-05-28,1.850000023841858,1.9299999475479126,1.840000033378601,1.9299999475479126,1.2892111539840698,19110000
2012-05-29,1.9199999570846558,2.009999990463257,1.9199999570846558,1.9900000095367432,1.3292902708053589,24420000
2012-05-30,1.9800000190734863,1.9900000095367432,1.8600000143051147,1.9299999475479126,1.2892111539840698,18019103
2012-05-31,1.8799999952316284,1.8799999952316284,1.7599999904632568,1.7699999809265137,1.1823333501815796,39932306
2012-06-01,1.7400000095367432,1.840000033378601,1.7300000190734863,1.7699999809265137,1.1823333501815796,25823568
2012-06-04,1.7000000476837158,1.7699999809265137,1.659999966621399,1.7599999904632568,1.1851615905761719,9686506
2012-06-05,1.7599999904632568,1.809999942779541,1.7599999904632568,1.7699999809265137,1.191895604133606,16554000
2012-06-06,1.7899999618530273,1.8200000524520874,1.7799999713897705,1.7799999713897705,1.198629379272461,7907050
2012-06-07,1.8300000429153442,1.8600000143051147,1.7999999523162842,1.809999942779541,1.218831181526184,9908000
2012-06-08,1.8200000524520874,1.8200000524520874,1.7000000476837158,1.7699999809265137,1.191895604133606,11434125
2012-06-11,1.7999999523162842,1.8200000524520874,1.7699999809265137,1.7899999618530273,1.2053632736206055,11417300
2012-06-12,1.75,1.7699999809265137,1.7400000095367432,1.75,1.178428053855896,11024000
2012-06-13,1.7400000095367432,1.7799999713897705,1.7300000190734863,1.75,1.178428053855896,18738980
2012-06-14,1.690000057220459,1.7100000381469727,1.659999966621399,1.6699999570846558,1.1245568990707397,27311350
2012-06-15,1.6100000143051147,1.6799999475479126,1.6100000143051147,1.649999976158142,1.1110891103744507,24096850
2012-06-18,1.6699999570846558,1.7200000286102295,1.659999966621399,1.690000057220459,1.1380246877670288,14994000
2012-06-19,1.6699999570846558,1.7300000190734863,1.6699999570846558,1.7000000476837158,1.1447585821151733,6166000
2012-06-20,1.7000000476837158,1.7300000190734863,1.6799999475479126,1.690000057220459,1.1380246877670288,9265206
2012-06-21,1.690000057220459,1.7000000476837158,1.659999966621399,1.659999966621399,1.1178231239318848,3556000
2012-06-22,1.6399999856948853,1.690000057220459,1.590000033378601,1.659999966621399,1.1178231239318848,5906000
2012-06-25,1.659999966621399,1.6799999475479126,1.6399999856948853,1.649999976158142,1.1110891103744507,6314000
2012-06-26,1.6200000047683716,1.6299999952316284,1.5,1.5,1.010081171989441,34943000
2012-06-27,1.5,1.559999942779541,1.4600000381469727,1.5,1.010081171989441,23610000
2012-06-28,1.5099999904632568,1.5199999809265137,1.409999966621399,1.4199999570846558,0.9562100768089294,13896350
2012-06-29,1.4199999570846558,1.5,1.409999966621399,1.5,1.010081171989441,6988840
2012-07-03,1.5199999809265137,1.5700000524520874,1.5099999904632568,1.559999942779541,1.0504841804504395,11382000
2012-07-04,1.5800000429153442,1.590000033378601,1.5399999618530273,1.5499999523162842,1.0437504053115845,21822000
2012-07-05,1.5499999523162842,1.5700000524520874,1.5299999713897705,1.559999942779541,1.0504841804504395,4926000
2012-07-06,1.5700000524520874,1.649999976158142,1.559999942779541,1.6399999856948853,1.1043552160263062,16121756
2012-07-09,1.6200000047683716,1.649999976158142,1.559999942779541,1.5800000429153442,1.0639519691467285,6180000
2012-07-10,1.6100000143051147,1.6100000143051147,1.5199999809265137,1.5199999809265137,1.0235487222671509,10049456
2012-07-11,1.5099999904632568,1.559999942779541,1.4900000095367432,1.5199999809265137,1.0235487222671509,9312000
2012-07-12,1.5199999809265137,1.5399999618530273,1.5,1.5399999618530273,1.03701651096344,3157970
2012-07-13,1.5299999713897705,1.590000033378601,1.5299999713897705,1.5800000429153442,1.0639519691467285,6687544
2012-07-16,1.5800000429153442,1.590000033378601,1.5399999618530273,1.5499999523162842,1.0437504053115845,1900000
2012-07-17,1.5299999713897705,1.559999942779541,1.4900000095367432,1.5199999809265137,1.0235487222671509,9678000
2012-07-18,1.5199999809265137,1.5199999809265137,1.440000057220459,1.4500000476837158,0.9764118194580078,10818000
2012-07-19,1.4500000476837158,1.4800000190734863,1.3899999856948853,1.399999976158142,0.9427422881126404,19754000
2012-07-20,1.399999976158142,1.399999976158142,1.3200000524520874,1.3300000429153442,0.8956053256988525,17530000
2012-07-23,1.2899999618530273,1.2999999523162842,1.2300000190734863,1.25,0.8417341709136963,20266000
2012-07-24,1.25,1.2799999713897705,1.1799999475479126,1.2200000286102295,0.821532666683197,8222000
2012-07-25,1.1799999475479126,1.2200000286102295,1.1699999570846558,1.2000000476837158,0.8080649375915527,11896000
2012-07-26,1.2000000476837158,1.2100000381469727,1.149999976158142,1.1699999570846558,0.7878631353378296,9508050
2012-07-27,1.190000057220459,1.2300000190734863,1.149999976158142,1.2100000381469727,0.8147987127304077,24494000
2012-07-30,1.2400000095367432,1.25,1.1799999475479126,1.2000000476837158,0.8080649375915527,9741450
2012-07-31,1.2000000476837158,1.2100000381469727,1.149999976158142,1.1699999570846558,0.7878631353378296,22850009
2012-08-01,1.159999966621399,1.2599999904632568,1.149999976158142,1.2400000095367432,0.8350003361701965,76654000
2012-08-02,1.2400000095367432,1.2899999618530273,1.2100000381469727,1.2300000190734863,0.828266441822052,43090000
2012-08-03,1.2000000476837158,1.2400000095367432,1.2000000476837158,1.2400000095367432,0.8350003361701965,28706000
2012-08-06,1.2599999904632568,1.2899999618530273,1.25,1.2799999713897705,0.8619357943534851,42846000
2012-08-07,1.2799999713897705,1.350000023841858,1.2699999809265137,1.3200000524520874,0.8888713717460632,41772000
2012-08-08,1.3300000429153442,1.3600000143051147,1.2899999618530273,1.2999999523162842,0.8754035234451294,34778000
2012-08-09,1.1399999856948853,1.350000023841858,1.090000033378601,1.2799999713897705,0.8619357943534851,170327650
2012-08-10,1.2899999618530273,1.3300000429153442,1.2799999713897705,1.2899999618530273,0.8686696290969849,31317700
2012-08-13,1.2699999809265137,1.2899999618530273,1.190000057220459,1.2100000381469727,0.8147987127304077,24128000
2012-08-14,1.2100000381469727,1.2400000095367432,1.159999966621399,1.190000057220459,0.8013309836387634,24163350
2012-08-15,1.1799999475479126,1.2100000381469727,1.1699999570846558,1.190000057220459,0.8013309836387634,12208000
2012-08-16,1.190000057220459,1.2000000476837158,1.1699999570846558,1.1799999475479126,0.7945971488952637,13482000
2012-08-17,1.190000057220459,1.2599999904632568,1.190000057220459,1.25,0.8417341709136963,27967350
2012-08-20,1.2400000095367432,1.2400000095367432,1.2000000476837158,1.2200000286102295,0.821532666683197,10598950
2012-08-21,1.2200000286102295,1.2400000095367432,1.1799999475479126,1.2100000381469727,0.8147987127304077,26576000
2012-08-22,1.2000000476837158,1.2200000286102295,1.190000057220459,1.2100000381469727,0.8147987127304077,7522500
2012-08-23,1.2100000381469727,1.2200000286102295,1.1799999475479126,1.190000057220459,0.8013309836387634,15849000
2012-08-24,1.1699999570846558,1.2200000286102295,1.1699999570846558,1.2100000381469727,0.8147987127304077,15485000
2012-08-27,1.2100000381469727,1.2200000286102295,1.2000000476837158,1.2000000476837158,0.8080649375915527,9466015
2012-08-28,1.2000000476837158,1.2400000095367432,1.2000000476837158,1.2300000190734863,0.828266441822052,12454000
2012-08-29,1.2400000095367432,1.2400000095367432,1.2000000476837158,1.2100000381469727,0.8147987127304077,7690650
2012-08-30,1.2100000381469727,1.2300000190734863,1.2000000476837158,1.2100000381469727,0.8147987127304077,7066355
2012-08-31,1.2100000381469727,1.2200000286102295,1.2000000476837158,1.2100000381469727,0.8147987127304077,10186021
2012-09-03,1.2200000286102295,1.2300000190734863,1.2000000476837158,1.2200000286102295,0.821532666683197,5962009
2012-09-04,1.2200000286102295,1.2300000190734863,1.2000000476837158,1.2200000286102295,0.821532666683197,6792000
2012-09-05,1.2100000381469727,1.2200000286102295,1.2000000476837158,1.2100000381469727,0.8147987127304077,9142000
2012-09-06,1.2100000381469727,1.2400000095367432,1.2100000381469727,1.2200000286102295,0.821532666683197,5557550
2012-09-07,1.2400000095367432,1.340000033378601,1.2400000095367432,1.3300000429153442,0.8956053256988525,25889017
2012-09-10,1.340000033378601,1.3700000047683716,1.3200000524520874,1.3300000429153442,0.8956053256988525,18231250
2012-09-11,1.3300000429153442,1.340000033378601,1.2899999618530273,1.3300000429153442,0.8956053256988525,8480879
2012-09-12,1.3300000429153442,1.3600000143051147,1.2999999523162842,1.3200000524520874,0.8888713717460632,9258650
2012-09-13,1.3200000524520874,1.3300000429153442,1.2999999523162842,1.2999999523162842,0.8754035234451294,13500650
2012-09-14,1.340000033378601,1.3799999952316284,1.3200000524520874,1.3600000143051147,0.9158068895339966,42897000
2012-09-17,1.3799999952316284,1.399999976158142,1.350000023841858,1.3799999952316284,0.9292744994163513,16621500
2012-09-18,1.3700000047683716,1.3700000047683716,1.3300000429153442,1.350000023841858,0.9090728163719177,8570000
2012-09-19,1.350000023841858,1.399999976158142,1.350000023841858,1.3600000143051147,0.9158068895339966,17754300
2012-09-20,1.3600000143051147,1.3700000047683716,1.3200000524520874,1.3300000429153442,0.8956053256988525,5976000
2012-09-21,1.340000033378601,1.3700000047683716,1.340000033378601,1.3600000143051147,0.9158068895339966,10913600
2012-09-24,1.3600000143051147,1.409999966621399,1.340000033378601,1.3799999952316284,0.9292744994163513,21937200
2012-09-25,1.3899999856948853,1.4299999475479126,1.3799999952316284,1.409999966621399,0.9494760036468506,19907000
2012-09-26,1.3700000047683716,1.3799999952316284,1.350000023841858,1.350000023841858,0.9090728163719177,10399000
2012-09-27,1.350000023841858,1.3600000143051147,1.3300000429153442,1.350000023841858,0.9090728163719177,10184000
2012-09-28,1.3600000143051147,1.3700000047683716,1.350000023841858,1.3600000143051147,0.9158068895339966,5494000
2012-10-03,1.3700000047683716,1.3799999952316284,1.340000033378601,1.340000033378601,0.9023390412330627,10567500
2012-10-04,1.340000033378601,1.350000023841858,1.309999942779541,1.340000033378601,0.9023390412330627,11939850
2012-10-05,1.350000023841858,1.3600000143051147,1.3300000429153442,1.340000033378601,0.9023390412330627,22772006
2012-10-08,1.340000033378601,1.350000023841858,1.309999942779541,1.3200000524520874,0.8888713717460632,8446003
2012-10-09,1.3300000429153442,1.340000033378601,1.2899999618530273,1.2999999523162842,0.8754035234451294,24575650
2012-10-10,1.2799999713897705,1.309999942779541,1.2699999809265137,1.2999999523162842,0.8754035234451294,10920001
2012-10-11,1.2899999618530273,1.3300000429153442,1.2799999713897705,1.309999942779541,0.8821373581886292,25655000
2012-10-12,1.309999942779541,1.3300000429153442,1.2999999523162842,1.3200000524520874,0.8888713717460632,16137500
2012-10-15,1.309999942779541,1.309999942779541,1.2899999618530273,1.309999942779541,0.8821373581886292,13675000
2012-10-16,1.309999942779541,1.309999942779541,1.2899999618530273,1.2999999523162842,0.8754035234451294,18738000
2012-10-17,1.3200000524520874,1.3700000047683716,1.309999942779541,1.340000033378601,0.9023390412330627,43846000
2012-10-18,1.3700000047683716,1.4500000476837158,1.3700000047683716,1.4299999475479126,0.9629439115524292,108566000
2012-10-19,1.4199999570846558,1.4500000476837158,1.399999976158142,1.399999976158142,0.9427422881126404,76015000
2012-10-22,1.3700000047683716,1.440000057220459,1.3700000047683716,1.4299999475479126,0.9629439115524292,49645828
2012-10-24,1.399999976158142,1.440000057220459,1.399999976158142,1.4199999570846558,0.9562100768089294,49431000
2012-10-25,1.4199999570846558,1.440000057220459,1.3600000143051147,1.3799999952316284,0.9292744994163513,20304000
2012-10-26,1.3899999856948853,1.3899999856948853,1.3200000524520874,1.340000033378601,0.9023390412330627,13084000
2012-10-29,1.340000033378601,1.3899999856948853,1.3300000429153442,1.3700000047683716,0.9225406646728516,8103000
2012-10-30,1.3600000143051147,1.3799999952316284,1.3300000429153442,1.350000023841858,0.9090728163719177,8126000
2012-10-31,1.3600000143051147,1.409999966621399,1.3300000429153442,1.399999976158142,0.9427422881126404,22202000
2012-11-01,1.3899999856948853,1.440000057220459,1.3799999952316284,1.4299999475479126,0.9629439115524292,40682000
2012-11-02,1.4500000476837158,1.4900000095367432,1.4199999570846558,1.4199999570846558,0.9562100768089294,34660889
2012-11-05,1.4199999570846558,1.4900000095367432,1.409999966621399,1.4700000286102295,0.989879310131073,48607550
2012-11-06,1.4700000286102295,1.4700000286102295,1.4199999570846558,1.4500000476837158,0.9764118194580078,16812000
2012-11-07,1.4700000286102295,1.4900000095367432,1.440000057220459,1.4900000095367432,1.0033471584320068,22408000
2012-11-08,1.4500000476837158,1.4600000381469727,1.4299999475479126,1.440000057220459,0.9696778059005737,16878002
2012-11-09,1.4299999475479126,1.440000057220459,1.3899999856948853,1.409999966621399,0.9494760036468506,15434000
2012-11-12,1.409999966621399,1.409999966621399,1.340000033378601,1.350000023841858,0.9090728163719177,26557000
2012-11-13,1.350000023841858,1.350000023841858,1.2999999523162842,1.3200000524520874,0.8888713717460632,15546000
2012-11-14,1.2799999713897705,1.350000023841858,1.2699999809265137,1.2999999523162842,0.8754035234451294,33020000
2012-11-15,1.2799999713897705,1.3200000524520874,1.2599999904632568,1.2899999618530273,0.8686696290969849,26034003
2012-11-16,1.2799999713897705,1.309999942779541,1.2799999713897705,1.2999999523162842,0.8754035234451294,8278003
2012-11-19,1.2899999618530273,1.3200000524520874,1.2899999618530273,1.2999999523162842,0.8754035234451294,5655100
2012-11-20,1.3200000524520874,1.3300000429153442,1.2999999523162842,1.309999942779541,0.8821373581886292,13246000
2012-11-21,1.309999942779541,1.3300000429153442,1.2899999618530273,1.3200000524520874,0.8888713717460632,16491000
2012-11-22,1.3200000524520874,1.3200000524520874,1.2999999523162842,1.3200000524520874,0.8888713717460632,3960000
2012-11-23,1.3200000524520874,1.3600000143051147,1.309999942779541,1.350000023841858,0.9090728163719177,25126000
2012-11-26,1.3600000143051147,1.3700000047683716,1.3300000429153442,1.3300000429153442,0.8956053256988525,6980000
2012-11-27,1.340000033378601,1.3600000143051147,1.309999942779541,1.3200000524520874,0.8888713717460632,5836000
2012-11-28,1.309999942779541,1.3300000429153442,1.2899999618530273,1.309999942779541,0.8821373581886292,8902000
2012-11-29,1.309999942779541,1.340000033378601,1.2999999523162842,1.3200000524520874,0.8888713717460632,8726000
2012-11-30,1.3200000524520874,1.3799999952316284,1.3200000524520874,1.3799999952316284,0.9292744994163513,26928454
2012-12-03,1.3799999952316284,1.4199999570846558,1.350000023841858,1.3600000143051147,0.9158068895339966,23368075
2012-12-04,1.350000023841858,1.3700000047683716,1.340000033378601,1.3600000143051147,0.9158068895339966,7850098
2012-12-05,1.3600000143051147,1.4199999570846558,1.3600000143051147,1.409999966621399,0.9494760036468506,23336008
2012-12-06,1.399999976158142,1.4299999475479126,1.3899999856948853,1.399999976158142,0.9427422881126404,12924010
2012-12-07,1.4600000381469727,1.5099999904632568,1.4600000381469727,1.4900000095367432,1.0033471584320068,77297508
2012-12-10,1.5,1.5399999618530273,1.4900000095367432,1.5,1.010081171989441,30372000
2012-12-11,1.5099999904632568,1.5199999809265137,1.4299999475479126,1.440000057220459,0.9696778059005737,20509100
2012-12-12,1.4600000381469727,1.5199999809265137,1.409999966621399,1.5099999904632568,1.0168150663375854,28932300
2012-12-13,1.5099999904632568,1.5099999904632568,1.4500000476837158,1.4700000286102295,0.989879310131073,16310000
2012-12-14,1.4600000381469727,1.5499999523162842,1.4500000476837158,1.5299999713897705,1.0302824974060059,44388010
2012-12-17,1.5499999523162842,1.5700000524520874,1.5199999809265137,1.5399999618530273,1.03701651096344,28865000
2012-12-18,1.5399999618530273,1.5700000524520874,1.5299999713897705,1.559999942779541,1.0504841804504395,26685004
2012-12-19,1.5499999523162842,1.5700000524520874,1.5299999713897705,1.5399999618530273,1.03701651096344,17396218
2012-12-20,1.5299999713897705,1.5399999618530273,1.4900000095367432,1.5199999809265137,1.0235487222671509,12073500
2012-12-21,1.5199999809265137,1.5399999618530273,1.5,1.5099999904632568,1.0168150663375854,10397100
2012-12-24,1.5099999904632568,1.5399999618530273,1.4900000095367432,1.5299999713897705,1.0302824974060059,5642750
2012-12-27,1.5499999523162842,1.559999942779541,1.5299999713897705,1.5499999523162842,1.0437504053115845,9064000
2012-12-28,1.559999942779541,1.5700000524520874,1.5299999713897705,1.559999942779541,1.0504841804504395,7994000
2012-12-31,1.5299999713897705,1.5399999618530273,1.5199999809265137,1.5399999618530273,1.03701651096344,6256000
2013-01-02,1.559999942779541,1.600000023841858,1.5499999523162842,1.590000033378601,1.0706861019134521,23535018
2013-01-03,1.600000023841858,1.6299999952316284,1.5800000429153442,1.6100000143051147,1.0841535329818726,19648534
2013-01-04,1.6100000143051147,1.6100000143051147,1.5700000524520874,1.600000023841858,1.077419638633728,11970006
2013-01-07,1.600000023841858,1.6699999570846558,1.600000023841858,1.6699999570846558,1.1245568990707397,29968016
2013-01-08,1.659999966621399,1.6699999570846558,1.6200000047683716,1.659999966621399,1.1178231239318848,21868016
2013-01-09,1.649999976158142,1.6699999570846558,1.6399999856948853,1.659999966621399,1.1178231239318848,9481034
2013-01-10,1.659999966621399,1.7000000476837158,1.6399999856948853,1.6799999475479126,1.1312906742095947,21071300
2013-01-11,1.6799999475479126,1.7000000476837158,1.6100000143051147,1.6100000143051147,1.0841535329818726,11186013
2013-01-14,1.6299999952316284,1.6299999952316284,1.590000033378601,1.6200000047683716,1.090887427330017,9368009
2013-01-15,1.6299999952316284,1.6399999856948853,1.600000023841858,1.6100000143051147,1.0841535329818726,8885654
2013-01-16,1.6100000143051147,1.6200000047683716,1.5800000429153442,1.6100000143051147,1.0841535329818726,11744000
2013-01-17,1.6100000143051147,1.6299999952316284,1.590000033378601,1.590000033378601,1.0706861019134521,7640000
2013-01-18,1.6100000143051147,1.6100000143051147,1.5800000429153442,1.590000033378601,1.0706861019134521,20844000
2013-01-21,1.590000033378601,1.6100000143051147,1.590000033378601,1.590000033378601,1.0706861019134521,12318000
2013-01-22,1.590000033378601,1.600000023841858,1.5700000524520874,1.5800000429153442,1.0639519691467285,15206000
2013-01-23,1.5700000524520874,1.5800000429153442,1.5299999713897705,1.5399999618530273,1.03701651096344,15423034
2013-01-24,1.5299999713897705,1.559999942779541,1.5099999904632568,1.5299999713897705,1.0302824974060059,13138000
2013-01-25,1.5299999713897705,1.5299999713897705,1.4700000286102295,1.4800000190734863,0.9966133236885071,9798000
2013-01-28,1.4800000190734863,1.5199999809265137,1.4800000190734863,1.5,1.010081171989441,7604000
2013-01-29,1.5099999904632568,1.5399999618530273,1.5099999904632568,1.5399999618530273,1.03701651096344,13886000
2013-01-30,1.5399999618530273,1.5499999523162842,1.5299999713897705,1.5299999713897705,1.0302824974060059,6084003
2013-01-31,1.5299999713897705,1.5299999713897705,1.5,1.5,1.010081171989441,6370000
2013-02-01,1.4900000095367432,1.5499999523162842,1.4800000190734863,1.5499999523162842,1.0437504053115845,8165000
2013-02-04,1.5700000524520874,1.5800000429153442,1.5399999618530273,1.5499999523162842,1.0437504053115845,7250956
2013-02-05,1.5399999618530273,1.5499999523162842,1.4900000095367432,1.5399999618530273,1.03701651096344,13131000
2013-02-06,1.5499999523162842,1.5800000429153442,1.5399999618530273,1.5700000524520874,1.057218313217163,14274650
2013-02-07,1.5700000524520874,1.5700000524520874,1.5399999618530273,1.5499999523162842,1.0437504053115845,6638608
2013-02-08,1.5499999523162842,1.5700000524520874,1.5299999713897705,1.559999942779541,1.0504841804504395,8616001
2013-02-14,1.5499999523162842,1.5700000524520874,1.5399999618530273,1.5499999523162842,1.0437504053115845,63411000
2013-02-15,1.5499999523162842,1.590000033378601,1.5399999618530273,1.5800000429153442,1.0639519691467285,21862000
2013-02-18,1.5800000429153442,1.5800000429153442,1.5399999618530273,1.559999942779541,1.0504841804504395,9295300
2013-02-19,1.559999942779541,1.5700000524520874,1.5099999904632568,1.5199999809265137,1.0235487222671509,9535400
2013-02-20,1.5199999809265137,1.5299999713897705,1.5,1.5199999809265137,1.0235487222671509,7943000
2013-02-21,1.5099999904632568,1.5099999904632568,1.4500000476837158,1.4700000286102295,0.989879310131073,10628000
2013-02-22,1.4700000286102295,1.4900000095367432,1.4500000476837158,1.4700000286102295,0.989879310131073,5154004
2013-02-25,1.4800000190734863,1.4800000190734863,1.440000057220459,1.4500000476837158,0.9764118194580078,5091700
2013-02-26,1.409999966621399,1.440000057220459,1.399999976158142,1.409999966621399,0.9494760036468506,7052554
2013-02-27,1.4299999475479126,1.4500000476837158,1.4199999570846558,1.440000057220459,0.9696778059005737,9418108
2013-02-28,1.4600000381469727,1.4800000190734863,1.440000057220459,1.4800000190734863,0.9966133236885071,14505158
2013-03-01,1.4700000286102295,1.4800000190734863,1.4600000381469727,1.4700000286102295,0.989879310131073,7904000
2013-03-04,1.4700000286102295,1.4700000286102295,1.409999966621399,1.4199999570846558,0.9562100768089294,10300010
2013-03-05,1.409999966621399,1.440000057220459,1.409999966621399,1.4299999475479126,0.9629439115524292,6374000
2013-03-06,1.440000057220459,1.4600000381469727,1.440000057220459,1.4500000476837158,0.9764118194580078,9320000
2013-03-07,1.440000057220459,1.4500000476837158,1.409999966621399,1.4299999475479126,0.9629439115524292,6246000
2013-03-08,1.440000057220459,1.4500000476837158,1.4199999570846558,1.440000057220459,0.9696778059005737,6404000
2013-03-11,1.440000057220459,1.440000057220459,1.399999976158142,1.409999966621399,0.9494760036468506,8404500
2013-03-12,1.399999976158142,1.409999966621399,1.3600000143051147,1.3899999856948853,0.9360085129737854,8274000
2013-03-13,1.3799999952316284,1.3799999952316284,1.340000033378601,1.3600000143051147,0.9158068895339966,5472300
2013-03-14,1.3600000143051147,1.3600000143051147,1.309999942779541,1.340000033378601,0.9023390412330627,9009060
2013-03-15,1.340000033378601,1.350000023841858,1.2400000095367432,1.25,0.8417341709136963,17249150
2013-03-18,1.2200000286102295,1.2599999904632568,1.190000057220459,1.2599999904632568,0.8484681248664856,15297126
2013-03-19,1.25,1.2599999904632568,1.2100000381469727,1.2300000190734863,0.828266441822052,10386000
2013-03-20,1.2400000095367432,1.2799999713897705,1.2300000190734863,1.2799999713897705,0.8619357943534851,23862024
2013-03-21,1.2799999713897705,1.2799999713897705,1.2400000095367432,1.25,0.8417341709136963,10944000
2013-03-22,1.2400000095367432,1.25,1.2200000286102295,1.2400000095367432,0.8350003361701965,8766000
2013-03-25,1.25,1.3200000524520874,1.2400000095367432,1.2899999618530273,0.8686696290969849,12896000
2013-03-26,1.2699999809265137,1.3600000143051147,1.2699999809265137,1.3600000143051147,0.9158068895339966,22588006
2013-03-27,1.3600000143051147,1.3700000047683716,1.309999942779541,1.3200000524520874,0.8888713717460632,14632000
2013-03-28,1.309999942779541,1.309999942779541,1.2699999809265137,1.2799999713897705,0.8619357943534851,5852500
2013-04-02,1.25,1.2699999809265137,1.2300000190734863,1.2400000095367432,0.8350003361701965,6116004
2013-04-03,1.2400000095367432,1.2699999809265137,1.2300000190734863,1.2400000095367432,0.8350003361701965,4643550
2013-04-05,1.2300000190734863,1.2400000095367432,1.1699999570846558,1.190000057220459,0.8013309836387634,15166000
2013-04-08,1.1799999475479126,1.2100000381469727,1.159999966621399,1.190000057220459,0.8013309836387634,7800000
2013-04-09,1.190000057220459,1.2799999713897705,1.1799999475479126,1.2799999713897705,0.8619357943534851,11356534
2013-04-10,1.2699999809265137,1.309999942779541,1.25,1.2699999809265137,0.855201780796051,13692200
2013-04-11,1.2899999618530273,1.2899999618530273,1.25,1.2599999904632568,0.8484681248664856,6205959
2013-04-12,1.2400000095367432,1.2699999809265137,1.2400000095367432,1.2599999904632568,0.8484681248664856,5686000
2013-04-15,1.25,1.3200000524520874,1.2400000095367432,1.309999942779541,0.8821373581886292,15966002
2013-04-16,1.2699999809265137,1.309999942779541,1.25,1.2999999523162842,0.8754035234451294,6904000
2013-04-17,1.3300000429153442,1.3300000429153442,1.2799999713897705,1.2999999523162842,0.8754035234451294,8540002
2013-04-18,1.2799999713897705,1.340000033378601,1.2799999713897705,1.3300000429153442,0.8956053256988525,6520002
2013-04-19,1.350000023841858,1.3799999952316284,1.340000033378601,1.3700000047683716,0.9225406646728516,9226004
2013-04-22,1.440000057220459,1.4700000286102295,1.4199999570846558,1.4500000476837158,0.9764118194580078,31486000
2013-04-23,1.4500000476837158,1.4800000190734863,1.3700000047683716,1.3899999856948853,0.9360085129737854,17753500
2013-04-24,1.4199999570846558,1.4199999570846558,1.3899999856948853,1.409999966621399,0.9494760036468506,5537950
2013-04-25,1.409999966621399,1.4199999570846558,1.3799999952316284,1.399999976158142,0.9427422881126404,5298000
2013-04-26,1.3799999952316284,1.409999966621399,1.3600000143051147,1.3600000143051147,0.9158068895339966,8588600
2013-04-29,1.3899999856948853,1.409999966621399,1.3600000143051147,1.3700000047683716,0.9225406646728516,6424000
2013-04-30,1.3799999952316284,1.3899999856948853,1.350000023841858,1.3600000143051147,0.9158068895339966,4976000
2013-05-02,1.3600000143051147,1.3600000143051147,1.340000033378601,1.350000023841858,0.9090728163719177,3071003
2013-05-03,1.3600000143051147,1.3700000047683716,1.350000023841858,1.3700000047683716,0.9225406646728516,5118011
2013-05-06,1.3799999952316284,1.399999976158142,1.3700000047683716,1.3700000047683716,0.9225406646728516,3438000
2013-05-07,1.3899999856948853,1.3899999856948853,1.3700000047683716,1.3899999856948853,0.9360085129737854,6364000
2013-05-08,1.3899999856948853,1.399999976158142,1.3700000047683716,1.3899999856948853,0.9360085129737854,5118000
2013-05-09,1.3799999952316284,1.399999976158142,1.3600000143051147,1.3700000047683716,0.9225406646728516,2950000
2013-05-10,1.3600000143051147,1.3799999952316284,1.340000033378601,1.350000023841858,0.9090728163719177,5462850
2013-05-13,1.350000023841858,1.3600000143051147,1.3300000429153442,1.340000033378601,0.9023390412330627,5420000
2013-05-14,1.350000023841858,1.3600000143051147,1.309999942779541,1.3300000429153442,0.8956053256988525,3377500
2013-05-15,1.340000033378601,1.340000033378601,1.309999942779541,1.309999942779541,0.8821373581886292,5762000
2013-05-16,1.309999942779541,1.309999942779541,1.2799999713897705,1.2899999618530273,0.8686696290969849,6509500
2013-05-20,1.2899999618530273,1.340000033378601,1.2899999618530273,1.3300000429153442,0.8956053256988525,10055603
2013-05-21,1.3200000524520874,1.3300000429153442,1.2999999523162842,1.309999942779541,0.8821373581886292,3788100
2013-05-22,1.309999942779541,1.3300000429153442,1.2899999618530273,1.309999942779541,0.8821373581886292,4892600
2013-05-23,1.309999942779541,1.3200000524520874,1.2799999713897705,1.309999942779541,0.8821373581886292,11011600
2013-05-24,1.3200000524520874,1.3200000524520874,1.2699999809265137,1.2899999618530273,0.8686696290969849,7255600
2013-05-27,1.2899999618530273,1.340000033378601,1.2799999713897705,1.3300000429153442,0.8956053256988525,7360000
2013-05-28,1.3200000524520874,1.340000033378601,1.2999999523162842,1.3200000524520874,0.8888713717460632,5256000
2013-05-29,1.309999942779541,1.309999942779541,1.2899999618530273,1.2999999523162842,0.8754035234451294,3238000
2013-05-30,1.2899999618530273,1.2999999523162842,1.2599999904632568,1.2799999713897705,0.8619357943534851,5942014
2013-05-31,1.2899999618530273,1.2999999523162842,1.2599999904632568,1.2699999809265137,0.855201780796051,4543974
2013-06-03,1.2599999904632568,1.2599999904632568,1.2300000190734863,1.25,0.8417341709136963,7202004
2013-06-04,1.2200000286102295,1.2400000095367432,1.159999966621399,1.2100000381469727,0.8280473351478577,7238439
2013-06-05,1.2000000476837158,1.2200000286102295,1.190000057220459,1.2100000381469727,0.8280473351478577,5962411
2013-06-06,1.2000000476837158,1.2100000381469727,1.1799999475479126,1.2000000476837158,0.8212042450904846,3042000
2013-06-07,1.2000000476837158,1.2300000190734863,1.2000000476837158,1.2200000286102295,0.8348907828330994,3902000
2013-06-10,1.2100000381469727,1.2100000381469727,1.1699999570846558,1.190000057220459,0.8143607974052429,3974750
2013-06-11,1.190000057220459,1.190000057220459,1.1399999856948853,1.159999966621399,0.7938304543495178,7420000
2013-06-13,1.159999966621399,1.159999966621399,1.1100000143051147,1.1399999856948853,0.7801437973976135,7853400
2013-06-14,1.159999966621399,1.159999966621399,1.1299999952316284,1.1299999952316284,0.7733004689216614,3922000
2013-06-17,1.1299999952316284,1.2200000286102295,1.1299999952316284,1.2000000476837158,0.8212042450904846,5837000
2013-06-18,1.2000000476837158,1.2000000476837158,1.159999966621399,1.190000057220459,0.8143607974052429,1697621
2013-06-19,1.190000057220459,1.190000057220459,1.149999976158142,1.1699999570846558,0.8006739616394043,2026200
2013-06-20,1.149999976158142,1.149999976158142,1.1200000047683716,1.149999976158142,0.7869871854782104,5516000
2013-06-21,1.1399999856948853,1.1699999570846558,1.1200000047683716,1.159999966621399,0.7938304543495178,3941000
2013-06-24,1.149999976158142,1.149999976158142,1.100000023841858,1.1200000047683716,0.7664571404457092,5536000
2013-06-25,1.090000033378601,1.149999976158142,1.0299999713897705,1.1200000047683716,0.7664571404457092,13727034
2013-06-26,1.1200000047683716,1.149999976158142,1.1100000143051147,1.149999976158142,0.7869871854782104,7198000
2013-06-27,1.1299999952316284,1.1699999570846558,1.1299999952316284,1.159999966621399,0.7938304543495178,5668000
2013-06-28,1.159999966621399,1.159999966621399,1.1299999952316284,1.149999976158142,0.7869871854782104,5510000
2013-07-02,1.1399999856948853,1.1699999570846558,1.1299999952316284,1.149999976158142,0.7869871854782104,5397820
2013-07-03,1.1399999856948853,1.1399999856948853,1.090000033378601,1.100000023841858,0.7527704238891602,6684002
2013-07-04,1.100000023841858,1.1200000047683716,1.090000033378601,1.1200000047683716,0.7664571404457092,4296300
2013-07-05,1.1200000047683716,1.1699999570846558,1.100000023841858,1.1399999856948853,0.7801437973976135,10476001
2013-07-08,1.1100000143051147,1.1100000143051147,1.0800000429153442,1.100000023841858,0.7527704238891602,10822008
2013-07-09,1.100000023841858,1.100000023841858,1.059999942779541,1.059999942779541,0.7253968119621277,6770000
2013-07-10,1.0299999713897705,1.0499999523162842,1.0099999904632568,1.0199999809265137,0.6980234980583191,18140200
2013-07-11,1.0499999523162842,1.100000023841858,1.0399999618530273,1.090000033378601,0.7459269762039185,26065550
2013-07-12,1.100000023841858,1.1200000047683716,1.090000033378601,1.1100000143051147,0.7596137523651123,25933360
2013-07-15,1.1100000143051147,1.1200000047683716,1.0800000429153442,1.090000033378601,0.7459269762039185,9261170
2013-07-16,1.0800000429153442,1.0800000429153442,1.059999942779541,1.059999942779541,0.7253968119621277,5654000
2013-07-17,1.0700000524520874,1.1100000143051147,1.0700000524520874,1.090000033378601,0.7459269762039185,9050300
2013-07-18,1.0800000429153442,1.0800000429153442,1.0700000524520874,1.0800000429153442,0.7390837073326111,4215400
2013-07-19,1.0700000524520874,1.0700000524520874,1.0399999618530273,1.0499999523162842,0.7185535430908203,6126000
2013-07-22,1.0499999523162842,1.0700000524520874,1.0399999618530273,1.0700000524520874,0.7322402000427246,3242615
2013-07-23,1.0700000524520874,1.090000033378601,1.059999942779541,1.090000033378601,0.7459269762039185,6162003
2013-07-24,1.090000033378601,1.090000033378601,1.0700000524520874,1.0800000429153442,0.7390837073326111,4186000
2013-07-25,1.0700000524520874,1.159999966621399,1.059999942779541,1.159999966621399,0.7938304543495178,32650000
2013-07-26,1.159999966621399,1.2100000381469727,1.1399999856948853,1.149999976158142,0.7869871854782104,20606000
2013-07-29,1.149999976158142,1.149999976158142,1.090000033378601,1.1100000143051147,0.7596137523651123,9206000
2013-07-30,1.090000033378601,1.1100000143051147,1.0800000429153442,1.090000033378601,0.7459269762039185,7170000
2013-07-31,1.0800000429153442,1.1100000143051147,1.0700000524520874,1.090000033378601,0.7459269762039185,8463750
2013-08-01,1.100000023841858,1.149999976158142,1.100000023841858,1.149999976158142,0.7869871854782104,10392000
2013-08-02,1.159999966621399,1.159999966621399,1.1299999952316284,1.1399999856948853,0.7801437973976135,7274000
2013-08-05,1.1399999856948853,1.149999976158142,1.1200000047683716,1.1399999856948853,0.7801437973976135,4663000
2013-08-06,1.1200000047683716,1.1399999856948853,1.100000023841858,1.1299999952316284,0.7733004689216614,9347550
2013-08-07,1.1299999952316284,1.1399999856948853,1.1100000143051147,1.1100000143051147,0.7596137523651123,3033000
2013-08-08,1.1200000047683716,1.1299999952316284,1.100000023841858,1.1200000047683716,0.7664571404457092,2618772
2013-08-09,1.1299999952316284,1.1299999952316284,1.100000023841858,1.1299999952316284,0.7733004689216614,6675000
2013-08-12,1.1399999856948853,1.1699999570846558,1.1200000047683716,1.159999966621399,0.7938304543495178,15416000
2013-08-13,1.1699999570846558,1.2100000381469727,1.1699999570846558,1.2100000381469727,0.8280473351478577,24010000
2013-08-14,1.2100000381469727,1.2100000381469727,1.2100000381469727,1.2100000381469727,0.8280473351478577,0
2013-08-15,1.2000000476837158,1.2100000381469727,1.1699999570846558,1.2000000476837158,0.8212042450904846,15172000
2013-08-16,1.1799999475479126,1.2300000190734863,1.159999966621399,1.2200000286102295,0.8348907828330994,12207000
2013-08-19,1.2200000286102295,1.25,1.2100000381469727,1.2200000286102295,0.8348907828330994,14842000
2013-08-20,1.2100000381469727,1.2400000095367432,1.1699999570846558,1.1799999475479126,0.8075173497200012,9276000
2013-08-21,1.1799999475479126,1.2000000476837158,1.159999966621399,1.190000057220459,0.8143607974052429,5340000
2013-08-22,1.1799999475479126,1.2000000476837158,1.1699999570846558,1.190000057220459,0.8143607974052429,6458000
2013-08-23,1.2000000476837158,1.2000000476837158,1.1699999570846558,1.1799999475479126,0.8075173497200012,3969200
2013-08-26,1.1799999475479126,1.190000057220459,1.1699999570846558,1.1799999475479126,0.8075173497200012,3692000
2013-08-27,1.1799999475479126,1.1799999475479126,1.149999976158142,1.159999966621399,0.7938304543495178,4878000
2013-08-28,1.1399999856948853,1.149999976158142,1.1200000047683716,1.1299999952316284,0.7733004689216614,4336000
2013-08-29,1.1299999952316284,1.149999976158142,1.1200000047683716,1.1399999856948853,0.7801437973976135,2308000
2013-08-30,1.1299999952316284,1.1299999952316284,1.1100000143051147,1.1200000047683716,0.7664571404457092,2235000
2013-09-02,1.1200000047683716,1.1399999856948853,1.1200000047683716,1.1399999856948853,0.7801437973976135,2994000
2013-09-03,1.1399999856948853,1.2200000286102295,1.1200000047683716,1.2000000476837158,0.8212042450904846,22095000
2013-09-04,1.2000000476837158,1.2200000286102295,1.1799999475479126,1.2000000476837158,0.8212042450904846,6269625
2013-09-05,1.2000000476837158,1.2200000286102295,1.1799999475479126,1.190000057220459,0.8143607974052429,3858550
2013-09-06,1.190000057220459,1.2100000381469727,1.1799999475479126,1.2000000476837158,0.8212042450904846,6016000
2013-09-09,1.190000057220459,1.2200000286102295,1.1799999475479126,1.2200000286102295,0.8348907828330994,16226000
2013-09-10,1.2200000286102295,1.2300000190734863,1.2000000476837158,1.2300000190734863,0.8417342901229858,16591400
2013-09-11,1.2400000095367432,1.2400000095367432,1.2000000476837158,1.2200000286102295,0.8348907828330994,4270010
2013-09-12,1.2200000286102295,1.2599999904632568,1.2100000381469727,1.2400000095367432,0.8485774993896484,14369000
2013-09-13,1.2300000190734863,1.2400000095367432,1.2000000476837158,1.2100000381469727,0.8280473351478577,4661000
2013-09-16,1.2200000286102295,1.2300000190734863,1.190000057220459,1.2000000476837158,0.8212042450904846,3978001
2013-09-17,1.2000000476837158,1.2100000381469727,1.1799999475479126,1.190000057220459,0.8143607974052429,6363000
2013-09-18,1.190000057220459,1.2100000381469727,1.1799999475479126,1.2000000476837158,0.8212042450904846,5304000
2013-09-19,1.2100000381469727,1.2200000286102295,1.2000000476837158,1.2100000381469727,0.8280473351478577,3790000
2013-09-23,1.190000057220459,1.2100000381469727,1.190000057220459,1.2100000381469727,0.8280473351478577,1512000
2013-09-24,1.2000000476837158,1.2100000381469727,1.190000057220459,1.2000000476837158,0.8212042450904846,2673000
2013-09-25,1.190000057220459,1.2000000476837158,1.1799999475479126,1.2000000476837158,0.8212042450904846,1966000
2013-09-26,1.190000057220459,1.190000057220459,1.1699999570846558,1.1799999475479126,0.8075173497200012,3040000
2013-09-27,1.190000057220459,1.2000000476837158,1.1699999570846558,1.190000057220459,0.8143607974052429,3530000
2013-09-30,1.190000057220459,1.190000057220459,1.149999976158142,1.1699999570846558,0.8006739616394043,4516000
2013-10-02,1.1699999570846558,1.1799999475479126,1.149999976158142,1.149999976158142,0.7869871854782104,3831250
2013-10-03,1.149999976158142,1.159999966621399,1.1399999856948853,1.149999976158142,0.7869871854782104,4416000
2013-10-04,1.1399999856948853,1.159999966621399,1.1399999856948853,1.149999976158142,0.7869871854782104,3348000
2013-10-07,1.149999976158142,1.149999976158142,1.1299999952316284,1.149999976158142,0.7869871854782104,3008000
2013-10-08,1.149999976158142,1.159999966621399,1.1299999952316284,1.159999966621399,0.7938304543495178,10506797
2013-10-09,1.149999976158142,1.1799999475479126,1.149999976158142,1.1699999570846558,0.8006739616394043,8038000
2013-10-10,1.159999966621399,1.159999966621399,1.1399999856948853,1.149999976158142,0.7869871854782104,4018000
2013-10-11,1.159999966621399,1.1699999570846558,1.1399999856948853,1.159999966621399,0.7938304543495178,5080000
2013-10-15,1.159999966621399,1.159999966621399,1.1399999856948853,1.1399999856948853,0.7801437973976135,7480380
2013-10-16,1.1399999856948853,1.149999976158142,1.1299999952316284,1.1399999856948853,0.7801437973976135,2354006
2013-10-17,1.149999976158142,1.159999966621399,1.1399999856948853,1.1399999856948853,0.7801437973976135,6635028
2013-10-18,1.1399999856948853,1.149999976158142,1.1299999952316284,1.149999976158142,0.7869871854782104,7017000
2013-10-21,1.1399999856948853,1.149999976158142,1.1299999952316284,1.1399999856948853,0.7801437973976135,4856125
2013-10-22,1.1299999952316284,1.149999976158142,1.1299999952316284,1.149999976158142,0.7869871854782104,2655250
2013-10-23,1.149999976158142,1.159999966621399,1.1299999952316284,1.1399999856948853,0.7801437973976135,4232300
2013-10-24,1.1299999952316284,1.1299999952316284,1.1200000047683716,1.1299999952316284,0.7733004689216614,4885208
2013-10-25,1.1299999952316284,1.1399999856948853,1.1200000047683716,1.1399999856948853,0.7801437973976135,2440000
2013-10-28,1.1399999856948853,1.1399999856948853,1.1200000047683716,1.1299999952316284,0.7733004689216614,3600000
2013-10-29,1.1299999952316284,1.149999976158142,1.1200000047683716,1.1399999856948853,0.7801437973976135,4355100
2013-10-30,1.1399999856948853,1.149999976158142,1.1200000047683716,1.1399999856948853,0.7801437973976135,6965600
2013-10-31,1.1299999952316284,1.1799999475479126,1.1299999952316284,1.159999966621399,0.7938304543495178,13529000
2013-11-01,1.159999966621399,1.2000000476837158,1.159999966621399,1.1799999475479126,0.8075173497200012,10600000
2013-11-04,1.1799999475479126,1.1799999475479126,1.149999976158142,1.159999966621399,0.7938304543495178,4200000
2013-11-05,1.159999966621399,1.1699999570846558,1.1399999856948853,1.1699999570846558,0.8006739616394043,3268456
2013-11-06,1.1699999570846558,1.1699999570846558,1.149999976158142,1.159999966621399,0.7938304543495178,2224000
2013-11-07,1.159999966621399,1.159999966621399,1.149999976158142,1.149999976158142,0.7869871854782104,3005000
2013-11-08,1.1399999856948853,1.149999976158142,1.1299999952316284,1.1399999856948853,0.7801437973976135,4164000
2013-11-11,1.1399999856948853,1.159999966621399,1.1299999952316284,1.149999976158142,0.7869871854782104,4532476
2013-11-12,1.159999966621399,1.159999966621399,1.1399999856948853,1.1399999856948853,0.7801437973976135,782000
2013-11-13,1.149999976158142,1.149999976158142,1.1100000143051147,1.1299999952316284,0.7733004689216614,4840000
2013-11-14,1.1299999952316284,1.1399999856948853,1.1200000047683716,1.1399999856948853,0.7801437973976135,5826000
2013-11-15,1.1399999856948853,1.149999976158142,1.1299999952316284,1.149999976158142,0.7869871854782104,2416923
2013-11-18,1.149999976158142,1.1799999475479126,1.1399999856948853,1.1799999475479126,0.8075173497200012,25490000
2013-11-19,1.1799999475479126,1.190000057220459,1.149999976158142,1.159999966621399,0.7938304543495178,11493000
2013-11-20,1.159999966621399,1.1699999570846558,1.149999976158142,1.1699999570846558,0.8006739616394043,6854000
2013-11-21,1.1699999570846558,1.2000000476837158,1.149999976158142,1.1799999475479126,0.8075173497200012,19071500
2013-11-22,1.190000057220459,1.2000000476837158,1.1699999570846558,1.1799999475479126,0.8075173497200012,14498000
2013-11-25,1.190000057220459,1.190000057220459,1.1699999570846558,1.190000057220459,0.8143607974052429,11846000
2013-11-26,1.1699999570846558,1.1799999475479126,1.159999966621399,1.1699999570846558,0.8006739616394043,5382476
2013-11-27,1.1699999570846558,1.25,1.1699999570846558,1.25,0.8554208278656006,55654000
2013-11-28,1.2699999809265137,1.2899999618530273,1.2200000286102295,1.2200000286102295,0.8348907828330994,15608550
2013-11-29,1.2300000190734863,1.2400000095367432,1.2100000381469727,1.2100000381469727,0.8280473351478577,7895501
2013-12-02,1.2100000381469727,1.2599999904632568,1.2100000381469727,1.2400000095367432,0.8485774993896484,12303000
2013-12-03,1.2300000190734863,1.2999999523162842,1.2100000381469727,1.2799999713897705,0.8759509325027466,28580000
2013-12-04,1.2799999713897705,1.309999942779541,1.25,1.2999999523162842,0.8896377086639404,26272000
2013-12-05,1.2999999523162842,1.2999999523162842,1.2699999809265137,1.2699999809265137,0.8691076040267944,5780000
2013-12-06,1.2699999809265137,1.2799999713897705,1.25,1.25,0.8554208278656006,5858000
2013-12-09,1.2799999713897705,1.2999999523162842,1.2300000190734863,1.2400000095367432,0.8485774993896484,13698000
2013-12-10,1.2599999904632568,1.2599999904632568,1.2200000286102295,1.2300000190734863,0.8417342901229858,4174000
2013-12-11,1.2100000381469727,1.2300000190734863,1.190000057220459,1.2000000476837158,0.8212042450904846,5545500
2013-12-12,1.2000000476837158,1.2200000286102295,1.190000057220459,1.2000000476837158,0.8212042450904846,4180000
2013-12-13,1.190000057220459,1.2100000381469727,1.1799999475479126,1.2000000476837158,0.8212042450904846,2846000
2013-12-16,1.2100000381469727,1.2100000381469727,1.1799999475479126,1.2000000476837158,0.8212042450904846,3156000
2013-12-17,1.2000000476837158,1.2100000381469727,1.1699999570846558,1.1799999475479126,0.8075173497200012,6109056
2013-12-18,1.1799999475479126,1.190000057220459,1.159999966621399,1.1799999475479126,0.8075173497200012,2893000
2013-12-19,1.1799999475479126,1.2000000476837158,1.1200000047683716,1.1299999952316284,0.7733004689216614,14420000
2013-12-20,1.1299999952316284,1.1399999856948853,1.1200000047683716,1.1399999856948853,0.7801437973976135,7756000
2013-12-23,1.1399999856948853,1.149999976158142,1.1299999952316284,1.1399999856948853,0.7801437973976135,1426000
2013-12-24,1.149999976158142,1.159999966621399,1.1399999856948853,1.159999966621399,0.7938304543495178,2910993
2013-12-27,1.149999976158142,1.159999966621399,1.1399999856948853,1.1399999856948853,0.7801437973976135,2611700
2013-12-30,1.149999976158142,1.159999966621399,1.1299999952316284,1.1399999856948853,0.7801437973976135,3206000
2013-12-31,1.1399999856948853,1.149999976158142,1.1399999856948853,1.149999976158142,0.7869871854782104,812000
2014-01-02,1.149999976158142,1.149999976158142,1.1299999952316284,1.1399999856948853,0.7801437973976135,2778000
2014-01-03,1.1399999856948853,1.1399999856948853,1.090000033378601,1.1100000143051147,0.7596137523651123,20940000
2014-01-06,1.1100000143051147,1.1200000047683716,1.0700000524520874,1.0800000429153442,0.7390837073326111,8986000
2014-01-07,1.0800000429153442,1.100000023841858,1.0800000429153442,1.090000033378601,0.7459269762039185,3937000
2014-01-08,1.090000033378601,1.1100000143051147,1.0800000429153442,1.100000023841858,0.7527704238891602,7563000
2014-01-09,1.090000033378601,1.100000023841858,1.0399999618530273,1.059999942779541,0.7253968119621277,22461669
2014-01-10,1.0499999523162842,1.059999942779541,1.0299999713897705,1.0399999618530273,0.7117100954055786,9962000
2014-01-13,1.0499999523162842,1.0499999523162842,1.0199999809265137,1.0399999618530273,0.7117100954055786,9054000
2014-01-14,1.0299999713897705,1.0299999713897705,1.0099999904632568,1.0199999809265137,0.6980234980583191,9798000
2014-01-15,1.0499999523162842,1.0700000524520874,1.0199999809265137,1.0299999713897705,0.7048668265342712,42995105
2014-01-16,1.0399999618530273,1.0399999618530273,1.0,1.0199999809265137,0.6980234980583191,22146000
2014-01-17,1.0199999809265137,1.0299999713897705,1.0,1.0099999904632568,0.6911800503730774,15240000
2014-01-20,1.0199999809265137,1.0199999809265137,0.9399999976158142,0.9700000286102295,0.6638066172599792,27634000
2014-01-21,0.9700000286102295,1.0,0.949999988079071,0.9900000095367432,0.6774933338165283,16775550
2014-01-22,0.9900000095367432,1.0,0.9700000286102295,0.9800000190734863,0.670650064945221,10960000
2014-01-23,0.9800000190734863,0.9800000190734863,0.949999988079071,0.949999988079071,0.6501199007034302,7083500
2014-01-24,0.949999988079071,0.9700000286102295,0.9399999976158142,0.9599999785423279,0.6569632291793823,11626000
2014-01-27,0.9399999976158142,0.949999988079071,0.8999999761581421,0.9100000262260437,0.6227464079856873,14422000
2014-01-28,0.8999999761581421,0.9399999976158142,0.8999999761581421,0.9399999976158142,0.6432765126228333,12966000
2014-01-29,0.9399999976158142,0.9399999976158142,0.9200000166893005,0.9300000071525574,0.6364331841468811,2826900
2014-01-30,0.9200000166893005,0.9300000071525574,0.8999999761581421,0.9100000262260437,0.6227464079856873,2252000
2014-02-04,0.8999999761581421,0.8999999761581421,0.8700000047683716,0.8899999856948853,0.6090596914291382,6498050
2014-02-05,0.8799999952316284,0.8999999761581421,0.8500000238418579,0.8600000143051147,0.5885295867919922,10201591
2014-02-06,0.8700000047683716,0.8899999856948853,0.8600000143051147,0.8799999952316284,0.6022163033485413,17589400
2014-02-07,0.8899999856948853,0.9100000262260437,0.8600000143051147,0.8600000143051147,0.5885295867919922,17144532
2014-02-10,0.8700000047683716,0.8799999952316284,0.8600000143051147,0.8600000143051147,0.5885295867919922,14354000
2014-02-11,0.8700000047683716,0.8999999761581421,0.8700000047683716,0.8999999761581421,0.6159031391143799,15913547
2014-02-12,0.9100000262260437,0.9599999785423279,0.9100000262260437,0.9599999785423279,0.6569632291793823,38142000
2014-02-13,0.949999988079071,0.9599999785423279,0.9200000166893005,0.9300000071525574,0.6364331841468811,22763019
2014-02-14,0.9399999976158142,0.949999988079071,0.9300000071525574,0.9399999976158142,0.6432765126228333,12374000
2014-02-17,0.949999988079071,0.949999988079071,0.9200000166893005,0.9399999976158142,0.6432765126228333,7755000
2014-02-18,0.9300000071525574,0.9300000071525574,0.9100000262260437,0.9200000166893005,0.6295897960662842,5589979
2014-02-19,0.9100000262260437,0.9200000166893005,0.9100000262260437,0.9200000166893005,0.6295897960662842,7010000
2014-02-20,0.9200000166893005,0.9200000166893005,0.8999999761581421,0.9100000262260437,0.6227464079856873,6093450
2014-02-21,0.9200000166893005,0.9200000166893005,0.8899999856948853,0.8999999761581421,0.6159031391143799,8449943
2014-02-24,0.8999999761581421,0.8999999761581421,0.8600000143051147,0.8700000047683716,0.5953729152679443,10870000
2014-02-25,0.8799999952316284,0.8899999856948853,0.8600000143051147,0.8899999856948853,0.6090596914291382,5326033
2014-02-26,0.8700000047683716,0.8899999856948853,0.8700000047683716,0.8899999856948853,0.6090596914291382,4278250
2014-02-27,0.8799999952316284,0.8899999856948853,0.8700000047683716,0.8799999952316284,0.6022163033485413,3450000
2014-02-28,0.8700000047683716,0.8999999761581421,0.8600000143051147,0.8799999952316284,0.6022163033485413,12270000
2014-03-03,0.8700000047683716,0.8799999952316284,0.8600000143051147,0.8700000047683716,0.5953729152679443,5936200
2014-03-04,0.8799999952316284,0.8799999952316284,0.8500000238418579,0.8700000047683716,0.5953729152679443,8428000
2014-03-05,0.8700000047683716,0.8700000047683716,0.8500000238418579,0.8700000047683716,0.5953729152679443,5389730
2014-03-06,0.8700000047683716,0.8700000047683716,0.8600000143051147,0.8700000047683716,0.5953729152679443,3116000
2014-03-07,0.8700000047683716,0.8799999952316284,0.8700000047683716,0.8700000047683716,0.5953729152679443,7168000
2014-03-10,0.8799999952316284,0.8799999952316284,0.8500000238418579,0.8600000143051147,0.5885295867919922,6012000
2014-03-11,0.8600000143051147,0.8600000143051147,0.8100000023841858,0.8199999928474426,0.561156153678894,16016719
2014-03-12,0.8199999928474426,0.8199999928474426,0.7699999809265137,0.7900000214576721,0.5406259298324585,12062000
2014-03-13,0.7799999713897705,0.8199999928474426,0.7699999809265137,0.7900000214576721,0.5406259298324585,7939000
2014-03-14,0.7900000214576721,0.7900000214576721,0.7599999904632568,0.7799999713897705,0.5337826013565063,5894021
2014-03-17,0.7699999809265137,0.7900000214576721,0.7699999809265137,0.7799999713897705,0.5337826013565063,3420000
2014-03-18,0.7900000214576721,0.8100000023841858,0.7799999713897705,0.800000011920929,0.547469437122345,7476000
2014-03-19,0.8100000023841858,0.8399999737739563,0.7900000214576721,0.8399999737739563,0.5748428702354431,17231068
2014-03-20,0.8199999928474426,0.8500000238418579,0.8199999928474426,0.8399999737739563,0.5748428702354431,10740800
2014-03-21,0.8500000238418579,0.9200000166893005,0.8500000238418579,0.9100000262260437,0.6227464079856873,27228000
2014-03-24,0.9100000262260437,0.9100000262260437,0.8799999952316284,0.9100000262260437,0.6227464079856873,17680000
2014-03-25,0.8999999761581421,0.9100000262260437,0.8600000143051147,0.8700000047683716,0.5953729152679443,16140700
2014-03-26,0.8799999952316284,0.8799999952316284,0.8500000238418579,0.8600000143051147,0.5885295867919922,8716000
2014-03-27,0.8500000238418579,0.8600000143051147,0.8100000023841858,0.8299999833106995,0.567999541759491,10303000
2014-03-28,0.8399999737739563,0.8600000143051147,0.8299999833106995,0.8399999737739563,0.5748428702354431,14636000
2014-03-31,0.8500000238418579,0.8899999856948853,0.8500000238418579,0.8700000047683716,0.5953729152679443,38120000
2014-04-01,0.8799999952316284,0.8999999761581421,0.8600000143051147,0.8700000047683716,0.5953729152679443,16109500
2014-04-02,0.8700000047683716,0.8899999856948853,0.8700000047683716,0.8799999952316284,0.6022163033485413,26152000
2014-04-03,0.8899999856948853,0.9599999785423279,0.8899999856948853,0.9599999785423279,0.6569632291793823,66972000
2014-04-04,0.9599999785423279,0.9599999785423279,0.9200000166893005,0.9399999976158142,0.6432765126228333,23626000
2014-04-07,0.9599999785423279,1.0099999904632568,0.9599999785423279,0.9800000190734863,0.670650064945221,63248000
2014-04-08,0.9800000190734863,1.0,0.949999988079071,0.9900000095367432,0.6774933338165283,45834000
2014-04-09,1.0,1.0299999713897705,0.9900000095367432,1.0,0.6843367218971252,54150000
2014-04-10,1.0099999904632568,1.100000023841858,1.0099999904632568,1.100000023841858,0.7527704238891602,77524000
2014-04-11,1.090000033378601,1.090000033378601,1.0299999713897705,1.0399999618530273,0.7117100954055786,64595573
2014-04-14,1.0499999523162842,1.159999966621399,1.0399999618530273,1.059999942779541,0.7253968119621277,51212000
2014-04-15,1.059999942779541,1.0800000429153442,0.9900000095367432,1.0199999809265137,0.6980234980583191,51042000
2014-04-16,1.0299999713897705,1.0700000524520874,0.9599999785423279,0.9800000190734863,0.670650064945221,57050000
2014-04-17,1.0,1.0099999904632568,0.9599999785423279,0.9900000095367432,0.6774933338165283,30012000
2014-04-22,0.9800000190734863,0.9800000190734863,0.9399999976158142,0.9800000190734863,0.670650064945221,19887000
2014-04-23,0.9800000190734863,0.9800000190734863,0.9399999976158142,0.9700000286102295,0.6638066172599792,28830000
2014-04-24,0.9700000286102295,0.9900000095367432,0.9300000071525574,0.949999988079071,0.6501199007034302,26872000
2014-04-25,0.9399999976158142,0.949999988079071,0.8999999761581421,0.9100000262260437,0.6227464079856873,32774842
2014-04-28,0.8999999761581421,0.9100000262260437,0.8299999833106995,0.8399999737739563,0.5748428702354431,36841000
2014-04-29,0.8500000238418579,0.8500000238418579,0.7699999809265137,0.8100000023841858,0.5543127655982971,89883471
2014-04-30,0.8199999928474426,0.8399999737739563,0.800000011920929,0.8399999737739563,0.5748428702354431,36429000
2014-05-02,0.8199999928474426,0.8700000047683716,0.8199999928474426,0.8600000143051147,0.5885295867919922,38952000
2014-05-05,0.8600000143051147,0.8700000047683716,0.8399999737739563,0.8700000047683716,0.5953729152679443,27712000
2014-05-07,0.8700000047683716,0.8700000047683716,0.8399999737739563,0.8500000238418579,0.5816863179206848,17404471
2014-05-08,0.8600000143051147,0.8600000143051147,0.8299999833106995,0.8299999833106995,0.567999541759491,29888000
2014-05-09,0.8299999833106995,0.8399999737739563,0.7900000214576721,0.800000011920929,0.547469437122345,27987000
2014-05-12,0.8100000023841858,0.8399999737739563,0.800000011920929,0.8100000023841858,0.5543127655982971,30882000
2014-05-13,0.8199999928474426,0.8399999737739563,0.800000011920929,0.8199999928474426,0.561156153678894,27626413
2014-05-14,0.8199999928474426,0.8600000143051147,0.8100000023841858,0.8399999737739563,0.5748428702354431,40036000
2014-05-15,0.8299999833106995,0.8299999833106995,0.800000011920929,0.8199999928474426,0.561156153678894,27480000
2014-05-16,0.8100000023841858,0.8100000023841858,0.800000011920929,0.8100000023841858,0.5543127655982971,14038000
2014-05-19,0.8100000023841858,0.8100000023841858,0.7699999809265137,0.7900000214576721,0.5406259298324585,29022942
2014-05-20,0.7900000214576721,0.800000011920929,0.7799999713897705,0.7900000214576721,0.5406259298324585,19736000
2014-05-21,0.7900000214576721,0.800000011920929,0.7699999809265137,0.7799999713897705,0.5337826013565063,44332000
2014-05-22,0.7799999713897705,0.7900000214576721,0.7699999809265137,0.7799999713897705,0.5337826013565063,26458000
2014-05-23,0.7799999713897705,0.7900000214576721,0.7699999809265137,0.7900000214576721,0.5406259298324585,18664000
2014-05-26,0.7900000214576721,0.800000011920929,0.7799999713897705,0.7900000214576721,0.5406259298324585,20924000
2014-05-27,0.7900000214576721,0.7900000214576721,0.7699999809265137,0.7699999809265137,0.5269392728805542,21336000
2014-05-28,0.7699999809265137,0.7799999713897705,0.7599999904632568,0.7699999809265137,0.5269392728805542,36774900
2014-05-29,0.7699999809265137,0.7799999713897705,0.7599999904632568,0.7799999713897705,0.5337826013565063,21615884
2014-05-30,0.7699999809265137,0.7799999713897705,0.7599999904632568,0.7699999809265137,0.5269392728805542,25538000
2014-06-03,0.7699999809265137,0.7900000214576721,0.7699999809265137,0.7900000214576721,0.5406259298324585,41364000
2014-06-04,0.7699999809265137,0.7799999713897705,0.75,0.7599999904632568,0.5336049199104309,24673600
2014-06-05,0.7599999904632568,0.7799999713897705,0.75,0.7799999713897705,0.5476470589637756,34552000
2014-06-06,0.7799999713897705,0.7900000214576721,0.7599999904632568,0.7699999809265137,0.5406259298324585,9686000
2014-06-09,0.7699999809265137,0.7799999713897705,0.7599999904632568,0.7599999904632568,0.5336049199104309,29500000
2014-06-10,0.7599999904632568,0.7699999809265137,0.75,0.7599999904632568,0.5336049199104309,16916000
2014-06-11,0.7599999904632568,0.7599999904632568,0.7400000095367432,0.75,0.526583731174469,28616000
2014-06-12,0.75,0.7699999809265137,0.75,0.7599999904632568,0.5336049199104309,35654413
2014-06-13,0.7599999904632568,0.7699999809265137,0.75,0.7699999809265137,0.5406259298324585,29564000
2014-06-16,0.7699999809265137,0.7699999809265137,0.75,0.7599999904632568,0.5336049199104309,19822000
2014-06-17,0.7599999904632568,0.7599999904632568,0.7400000095367432,0.7400000095367432,0.5195627808570862,13864944
2014-06-18,0.75,0.7599999904632568,0.7400000095367432,0.75,0.526583731174469,8956000
2014-06-19,0.75,0.7599999904632568,0.7400000095367432,0.7400000095367432,0.5195627808570862,10332000
2014-06-20,0.7400000095367432,0.7400000095367432,0.7200000286102295,0.7200000286102295,0.5055204629898071,22964000
2014-06-23,0.7200000286102295,0.7200000286102295,0.699999988079071,0.699999988079071,0.49147823452949524,20871944
2014-06-24,0.699999988079071,0.7200000286102295,0.699999988079071,0.7099999785423279,0.4984993040561676,12061000
2014-06-25,0.7099999785423279,0.7200000286102295,0.7099999785423279,0.7200000286102295,0.5055204629898071,14826000
2014-06-26,0.7200000286102295,0.7300000190734863,0.7200000286102295,0.7200000286102295,0.5055204629898071,23420150
2014-06-27,0.7200000286102295,0.7300000190734863,0.7099999785423279,0.7099999785423279,0.4984993040561676,20056000
2014-06-30,0.7200000286102295,0.7200000286102295,0.7099999785423279,0.7200000286102295,0.5055204629898071,21736462
2014-07-02,0.7200000286102295,0.7599999904632568,0.7099999785423279,0.75,0.526583731174469,29968000
2014-07-03,0.7599999904632568,0.7799999713897705,0.7599999904632568,0.7799999713897705,0.5476470589637756,41335950
2014-07-04,0.7799999713897705,0.8100000023841858,0.7799999713897705,0.800000011920929,0.5616893768310547,45160000
2014-07-07,0.8100000023841858,0.8199999928474426,0.800000011920929,0.8100000023841858,0.5687105059623718,29692000
2014-07-08,0.8100000023841858,0.8199999928474426,0.800000011920929,0.800000011920929,0.5616893768310547,15536924
2014-07-09,0.800000011920929,0.8100000023841858,0.7900000214576721,0.800000011920929,0.5616893768310547,21166000
2014-07-10,0.7900000214576721,0.8199999928474426,0.7900000214576721,0.8100000023841858,0.5687105059623718,32001000
2014-07-11,0.8199999928474426,0.8199999928474426,0.7799999713897705,0.7799999713897705,0.5476470589637756,20504497
2014-07-14,0.7900000214576721,0.800000011920929,0.7900000214576721,0.800000011920929,0.5616893768310547,11000000
2014-07-15,0.800000011920929,0.8100000023841858,0.7900000214576721,0.800000011920929,0.5616893768310547,8530000
2014-07-16,0.800000011920929,0.800000011920929,0.7799999713897705,0.7799999713897705,0.5476470589637756,12812155
2014-07-17,0.7900000214576721,0.8100000023841858,0.7799999713897705,0.8100000023841858,0.5687105059623718,28586000
2014-07-18,0.800000011920929,0.8199999928474426,0.7900000214576721,0.8100000023841858,0.5687105059623718,30852000
2014-07-21,0.8100000023841858,0.8199999928474426,0.7900000214576721,0.8100000023841858,0.5687105059623718,16060000
2014-07-22,0.8100000023841858,0.8399999737739563,0.800000011920929,0.8199999928474426,0.575731635093689,22926000
2014-07-23,0.8299999833106995,0.8700000047683716,0.8199999928474426,0.8600000143051147,0.603816032409668,32134000
2014-07-24,0.8700000047683716,0.8799999952316284,0.8399999737739563,0.8700000047683716,0.6108371615409851,23480000
2014-07-25,0.8799999952316284,0.9399999976158142,0.8500000238418579,0.9399999976158142,0.6599850058555603,45610000
2014-07-28,0.9399999976158142,0.9399999976158142,0.8999999761581421,0.9200000166893005,0.6459428071975708,34734000
2014-07-29,0.9300000071525574,0.9399999976158142,0.9100000262260437,0.9200000166893005,0.6459428071975708,19154000
2014-07-30,0.9200000166893005,0.9399999976158142,0.9100000262260437,0.9300000071525574,0.6529638767242432,22359000
2014-07-31,0.9200000166893005,0.9599999785423279,0.9100000262260437,0.9599999785423279,0.6740272641181946,28178000
2014-08-01,0.9399999976158142,0.949999988079071,0.9300000071525574,0.9300000071525574,0.6529638767242432,17943088
2014-08-04,0.9300000071525574,0.9700000286102295,0.9300000071525574,0.949999988079071,0.6670060753822327,26011231
2014-08-05,0.949999988079071,0.9599999785423279,0.9399999976158142,0.9599999785423279,0.6740272641181946,12784400
2014-08-06,0.949999988079071,0.949999988079071,0.9300000071525574,0.9399999976158142,0.6599850058555603,11702000
2014-08-07,0.9399999976158142,0.9399999976158142,0.8999999761581421,0.9100000262260437,0.6389216184616089,17060000
2014-08-08,0.8999999761581421,0.8999999761581421,0.8600000143051147,0.8700000047683716,0.6108371615409851,29840000
2014-08-11,0.8700000047683716,0.8999999761581421,0.8700000047683716,0.8799999952316284,0.6178582906723022,14524000
2014-08-12,0.8899999856948853,0.8899999856948853,0.8600000143051147,0.8700000047683716,0.6108371615409851,19624000
2014-08-13,0.8799999952316284,0.9100000262260437,0.8700000047683716,0.9100000262260437,0.6389216184616089,27894000
2014-08-14,0.9100000262260437,0.9100000262260437,0.8700000047683716,0.8799999952316284,0.6178582906723022,16346000
2014-08-15,0.8899999856948853,0.8999999761581421,0.8799999952316284,0.8999999761581421,0.6319005489349365,13548000
2014-08-18,0.8999999761581421,0.9100000262260437,0.8700000047683716,0.8799999952316284,0.6178582906723022,15906900
2014-08-19,0.8799999952316284,0.8899999856948853,0.8600000143051147,0.8799999952316284,0.6178582906723022,14526000
2014-08-20,0.8700000047683716,0.8799999952316284,0.8299999833106995,0.8399999737739563,0.5897738337516785,16758000
2014-08-21,0.8399999737739563,0.8399999737739563,0.7900000214576721,0.8299999833106995,0.5827527642250061,34804000
2014-08-22,0.8299999833106995,0.8399999737739563,0.8199999928474426,0.8299999833106995,0.5827527642250061,5428462
2014-08-25,0.8299999833106995,0.8299999833106995,0.8100000023841858,0.8199999928474426,0.575731635093689,16295000
2014-08-26,0.8199999928474426,0.8299999833106995,0.8100000023841858,0.8299999833106995,0.5827527642250061,13292000
2014-08-27,0.8299999833106995,0.8299999833106995,0.8100000023841858,0.8299999833106995,0.5827527642250061,15109000
2014-08-28,0.8299999833106995,0.8299999833106995,0.8100000023841858,0.8199999928474426,0.575731635093689,23742500
2014-08-29,0.8299999833106995,0.8399999737739563,0.8100000023841858,0.8299999833106995,0.5827527642250061,20206000
2014-09-01,0.8299999833106995,0.8399999737739563,0.8199999928474426,0.8299999833106995,0.5827527642250061,22784000
2014-09-02,0.8199999928474426,0.8500000238418579,0.8199999928474426,0.8399999737739563,0.5897738337516785,12735750
2014-09-03,0.8399999737739563,0.8600000143051147,0.8399999737739563,0.8500000238418579,0.5967950224876404,20062000
2014-09-04,0.8600000143051147,0.8999999761581421,0.8600000143051147,0.8899999856948853,0.6248794198036194,26300000
2014-09-05,0.8899999856948853,0.8899999856948853,0.8600000143051147,0.8700000047683716,0.6108371615409851,18417800
2014-09-08,0.8700000047683716,0.8899999856948853,0.8600000143051147,0.8799999952316284,0.6178582906723022,14706000
2014-09-10,0.8799999952316284,0.8899999856948853,0.8600000143051147,0.8799999952316284,0.6178582906723022,23348750
2014-09-11,0.8799999952316284,0.8899999856948853,0.8799999952316284,0.8899999856948853,0.6248794198036194,9288004
2014-09-12,0.8899999856948853,0.8899999856948853,0.8700000047683716,0.8799999952316284,0.6178582906723022,12112000
2014-09-15,0.8799999952316284,0.8899999856948853,0.8600000143051147,0.8799999952316284,0.6178582906723022,23613530
2014-09-16,0.8799999952316284,0.8899999856948853,0.8700000047683716,0.8799999952316284,0.6178582906723022,18631062
2014-09-17,0.8799999952316284,0.8899999856948853,0.8600000143051147,0.8700000047683716,0.6108371615409851,21794000
2014-09-18,0.8700000047683716,0.8700000047683716,0.8299999833106995,0.8399999737739563,0.5897738337516785,16242000
2014-09-19,0.8399999737739563,0.8600000143051147,0.8299999833106995,0.8399999737739563,0.5897738337516785,15709000
2014-09-22,0.8299999833106995,0.8399999737739563,0.8199999928474426,0.8399999737739563,0.5897738337516785,11882000
2014-09-23,0.8299999833106995,0.8399999737739563,0.8199999928474426,0.8399999737739563,0.5897738337516785,9678000
2014-09-24,0.8299999833106995,0.8399999737739563,0.8199999928474426,0.8299999833106995,0.5827527642250061,16788000
2014-09-25,0.8399999737739563,0.8500000238418579,0.8299999833106995,0.8399999737739563,0.5897738337516785,7884312
2014-09-26,0.8299999833106995,0.8299999833106995,0.800000011920929,0.8100000023841858,0.5687105059623718,16798000
2014-09-29,0.8100000023841858,0.8100000023841858,0.7599999904632568,0.7699999809265137,0.5406259298324585,21074000
2014-09-30,0.7599999904632568,0.7699999809265137,0.7200000286102295,0.7400000095367432,0.5195627808570862,37288000
2014-10-03,0.7400000095367432,0.7699999809265137,0.7300000190734863,0.7599999904632568,0.5336049199104309,15500250
2014-10-06,0.7599999904632568,0.7699999809265137,0.75,0.7599999904632568,0.5336049199104309,32818000
2014-10-07,0.7599999904632568,0.7699999809265137,0.75,0.7599999904632568,0.5336049199104309,18144000
2014-10-08,0.75,0.7699999809265137,0.75,0.7699999809265137,0.5406259298324585,18980000
2014-10-09,0.7699999809265137,0.7799999713897705,0.75,0.7599999904632568,0.5336049199104309,27812000
2014-10-10,0.75,0.7599999904632568,0.7400000095367432,0.7400000095367432,0.5195627808570862,15766000
2014-10-13,0.7400000095367432,0.75,0.7400000095367432,0.75,0.526583731174469,8539750
2014-10-14,0.7400000095367432,0.7599999904632568,0.7300000190734863,0.7400000095367432,0.5195627808570862,17026000
2014-10-15,0.7400000095367432,0.75,0.7200000286102295,0.7400000095367432,0.5195627808570862,14724039
2014-10-16,0.7300000190734863,0.7400000095367432,0.7200000286102295,0.7300000190734863,0.5125415325164795,7257000
2014-10-17,0.7400000095367432,0.7400000095367432,0.7300000190734863,0.7300000190734863,0.5125415325164795,4410000
2014-10-20,0.7400000095367432,0.7699999809265137,0.7400000095367432,0.7599999904632568,0.5336049199104309,23558000
2014-10-21,0.7599999904632568,0.7900000214576721,0.75,0.7599999904632568,0.5336049199104309,30796000
2014-10-22,0.7599999904632568,0.7699999809265137,0.75,0.7599999904632568,0.5336049199104309,15630000
2014-10-23,0.75,0.7599999904632568,0.75,0.7599999904632568,0.5336049199104309,4318000
2014-10-24,0.7599999904632568,0.7599999904632568,0.7300000190734863,0.7400000095367432,0.5195627808570862,12586000
2014-10-27,0.7400000095367432,0.7400000095367432,0.7300000190734863,0.7400000095367432,0.5195627808570862,4548000
2014-10-28,0.7400000095367432,0.7799999713897705,0.7400000095367432,0.7799999713897705,0.5476470589637756,45260839
2014-10-29,0.7799999713897705,0.7900000214576721,0.7699999809265137,0.7900000214576721,0.5546683073043823,18524000
2014-10-30,0.7699999809265137,0.7699999809265137,0.7400000095367432,0.7699999809265137,0.5406259298324585,32186000
2014-10-31,0.7699999809265137,0.7799999713897705,0.7699999809265137,0.7699999809265137,0.5406259298324585,12974000
2014-11-03,0.7699999809265137,0.7900000214576721,0.7699999809265137,0.7799999713897705,0.5476470589637756,9593100
2014-11-04,0.7799999713897705,0.8199999928474426,0.7799999713897705,0.8199999928474426,0.575731635093689,24750000
2014-11-05,0.8199999928474426,0.8299999833106995,0.800000011920929,0.8100000023841858,0.5687105059623718,13560526
2014-11-06,0.8100000023841858,0.8100000023841858,0.800000011920929,0.800000011920929,0.5616893768310547,4552000
2014-11-07,0.8100000023841858,0.8100000023841858,0.7900000214576721,0.800000011920929,0.5616893768310547,16726000
2014-11-10,0.8100000023841858,0.8100000023841858,0.800000011920929,0.8100000023841858,0.5687105059623718,11100000
2014-11-11,0.8100000023841858,0.8100000023841858,0.7799999713897705,0.800000011920929,0.5616893768310547,18084000
2014-11-12,0.800000011920929,0.800000011920929,0.7799999713897705,0.7900000214576721,0.5546683073043823,11620000
2014-11-13,0.7900000214576721,0.8100000023841858,0.7900000214576721,0.800000011920929,0.5616893768310547,6285200
2014-11-14,0.800000011920929,0.8199999928474426,0.800000011920929,0.8100000023841858,0.5687105059623718,5319556
2014-11-17,0.8199999928474426,0.8299999833106995,0.8100000023841858,0.8199999928474426,0.575731635093689,11496000
2014-11-18,0.8100000023841858,0.8199999928474426,0.7900000214576721,0.7900000214576721,0.5546683073043823,8538000
2014-11-19,0.800000011920929,0.800000011920929,0.7799999713897705,0.7799999713897705,0.5476470589637756,4192000
2014-11-20,0.7799999713897705,0.7799999713897705,0.7599999904632568,0.7599999904632568,0.5336049199104309,6146694
2014-11-21,0.7599999904632568,0.7799999713897705,0.7599999904632568,0.7699999809265137,0.5406259298324585,3034123
2014-11-24,0.800000011920929,0.8199999928474426,0.800000011920929,0.8100000023841858,0.5687105059623718,10905347
2014-11-25,0.8100000023841858,0.8100000023841858,0.7799999713897705,0.7799999713897705,0.5476470589637756,9594000
2014-11-26,0.7900000214576721,0.800000011920929,0.7799999713897705,0.800000011920929,0.5616893768310547,4492000
2014-11-27,0.800000011920929,0.8100000023841858,0.7799999713897705,0.800000011920929,0.5616893768310547,2710000
2014-11-28,0.7900000214576721,0.800000011920929,0.7799999713897705,0.7900000214576721,0.5546683073043823,8124000
2014-12-01,0.7799999713897705,0.800000011920929,0.7599999904632568,0.7599999904632568,0.5336049199104309,7760000
2014-12-02,0.7699999809265137,0.7799999713897705,0.699999988079071,0.7599999904632568,0.5336049199104309,10896692
2014-12-03,0.7699999809265137,0.7799999713897705,0.75,0.7599999904632568,0.5336049199104309,12130000
2014-12-04,0.7699999809265137,0.7799999713897705,0.7599999904632568,0.7799999713897705,0.5476470589637756,8676000
2014-12-05,0.7799999713897705,0.7900000214576721,0.75,0.7599999904632568,0.5336049199104309,18944000
2014-12-08,0.7599999904632568,0.7799999713897705,0.7599999904632568,0.7699999809265137,0.5406259298324585,6071237
2014-12-09,0.7599999904632568,0.8100000023841858,0.75,0.7799999713897705,0.5476470589637756,28526000
2014-12-10,0.7799999713897705,0.8100000023841858,0.7799999713897705,0.8100000023841858,0.5687105059623718,25152000
2014-12-11,0.7900000214576721,0.800000011920929,0.7900000214576721,0.7900000214576721,0.5546683073043823,4498038
2014-12-12,0.7900000214576721,0.8500000238418579,0.7900000214576721,0.8399999737739563,0.5897738337516785,32505700
2014-12-15,0.8199999928474426,0.8399999737739563,0.8100000023841858,0.8199999928474426,0.575731635093689,10888000
2014-12-16,0.8100000023841858,0.8199999928474426,0.800000011920929,0.8199999928474426,0.575731635093689,7122000
2014-12-17,0.8100000023841858,0.8199999928474426,0.7799999713897705,0.7900000214576721,0.5546683073043823,6616000
2014-12-18,0.800000011920929,0.8100000023841858,0.7799999713897705,0.7900000214576721,0.5546683073043823,3550000
2014-12-19,0.800000011920929,0.800000011920929,0.7599999904632568,0.7699999809265137,0.5406259298324585,9124000
2014-12-22,0.7799999713897705,0.7900000214576721,0.7699999809265137,0.7699999809265137,0.5406259298324585,6064000
2014-12-23,0.7799999713897705,0.7799999713897705,0.7699999809265137,0.7799999713897705,0.5476470589637756,2252000
2014-12-24,0.7900000214576721,0.7900000214576721,0.7699999809265137,0.7799999713897705,0.5476470589637756,2130000
2014-12-29,0.7799999713897705,0.800000011920929,0.7799999713897705,0.800000011920929,0.5616893768310547,5554000
2014-12-30,0.800000011920929,0.8199999928474426,0.7900000214576721,0.8100000023841858,0.5687105059623718,11692000
2014-12-31,0.8100000023841858,0.8199999928474426,0.8100000023841858,0.8199999928474426,0.575731635093689,3620000
2015-01-02,0.8199999928474426,0.8500000238418579,0.8100000023841858,0.8500000238418579,0.5967950224876404,24846000
2015-01-05,0.8399999737739563,0.9300000071525574,0.8399999737739563,0.9200000166893005,0.6459428071975708,59828000
2015-01-06,0.8999999761581421,0.9100000262260437,0.8899999856948853,0.9100000262260437,0.6389216184616089,20781000
2015-01-07,0.9100000262260437,0.9100000262260437,0.8799999952316284,0.8899999856948853,0.6248794198036194,10324000
2015-01-08,0.8899999856948853,0.9100000262260437,0.8799999952316284,0.8899999856948853,0.6248794198036194,13964000
2015-01-09,0.8999999761581421,0.9100000262260437,0.8799999952316284,0.8899999856948853,0.6248794198036194,16230000
2015-01-12,0.8899999856948853,0.9200000166893005,0.8799999952316284,0.8999999761581421,0.6319005489349365,32682000
2015-01-13,0.8999999761581421,0.9200000166893005,0.8899999856948853,0.9100000262260437,0.6389216184616089,7511250
2015-01-14,0.9100000262260437,0.9200000166893005,0.8700000047683716,0.8899999856948853,0.6248794198036194,8537000
2015-01-15,0.8899999856948853,0.8899999856948853,0.8799999952316284,0.8899999856948853,0.6248794198036194,2862000
2015-01-16,0.8799999952316284,0.8899999856948853,0.8799999952316284,0.8799999952316284,0.6178582906723022,3760000
2015-01-19,0.8700000047683716,0.8799999952316284,0.8500000238418579,0.8700000047683716,0.6108371615409851,13501650
2015-01-20,0.8799999952316284,0.8899999856948853,0.8799999952316284,0.8799999952316284,0.6178582906723022,7014000
2015-01-21,0.8799999952316284,0.9100000262260437,0.8799999952316284,0.9100000262260437,0.6389216184616089,9852000
2015-01-22,0.8999999761581421,0.9200000166893005,0.8999999761581421,0.9200000166893005,0.6459428071975708,10108000
2015-01-23,0.9200000166893005,0.9200000166893005,0.8799999952316284,0.8799999952316284,0.6178582906723022,8739082
2015-01-26,0.8899999856948853,0.8999999761581421,0.8799999952316284,0.8899999856948853,0.6248794198036194,1738000
2015-01-27,0.8899999856948853,0.8999999761581421,0.8799999952316284,0.8799999952316284,0.6178582906723022,3478400
2015-01-28,0.8799999952316284,0.8999999761581421,0.8700000047683716,0.8899999856948853,0.6248794198036194,1010000
2015-01-29,0.8899999856948853,0.8899999856948853,0.8600000143051147,0.8700000047683716,0.6108371615409851,2676000
2015-01-30,0.8700000047683716,0.8799999952316284,0.8600000143051147,0.8700000047683716,0.6108371615409851,3438000
2015-02-02,0.8700000047683716,0.8799999952316284,0.8500000238418579,0.8600000143051147,0.603816032409668,4210000
2015-02-03,0.8600000143051147,0.8799999952316284,0.8399999737739563,0.8500000238418579,0.5967950224876404,5274000
2015-02-04,0.8500000238418579,0.8500000238418579,0.8299999833106995,0.8299999833106995,0.5827527642250061,2856441
2015-02-05,0.8500000238418579,0.8600000143051147,0.8199999928474426,0.8299999833106995,0.5827527642250061,3798000
2015-02-06,0.8399999737739563,0.8500000238418579,0.8100000023841858,0.8199999928474426,0.575731635093689,4485350
2015-02-09,0.8100000023841858,0.8199999928474426,0.800000011920929,0.8100000023841858,0.5687105059623718,2048000
2015-02-10,0.8100000023841858,0.8199999928474426,0.7699999809265137,0.7799999713897705,0.5476470589637756,12704000
2015-02-11,0.7799999713897705,0.800000011920929,0.7699999809265137,0.7799999713897705,0.5476470589637756,12530000
2015-02-12,0.7900000214576721,0.800000011920929,0.7699999809265137,0.800000011920929,0.5616893768310547,6940292
2015-02-13,0.800000011920929,0.8100000023841858,0.7900000214576721,0.8100000023841858,0.5687105059623718,3180000
2015-02-16,0.8100000023841858,0.8299999833106995,0.8100000023841858,0.8199999928474426,0.575731635093689,3356000
2015-02-17,0.8100000023841858,0.8299999833106995,0.8100000023841858,0.8299999833106995,0.5827527642250061,1828000
2015-02-18,0.8299999833106995,0.8500000238418579,0.8299999833106995,0.8399999737739563,0.5897738337516785,2832000
2015-02-23,0.8399999737739563,0.8500000238418579,0.8199999928474426,0.8399999737739563,0.5897738337516785,1666000
2015-02-24,0.8299999833106995,0.8500000238418579,0.8299999833106995,0.8399999737739563,0.5897738337516785,1438000
2015-02-25,0.8399999737739563,0.9100000262260437,0.8299999833106995,0.8999999761581421,0.6319005489349365,19410000
2015-02-26,0.8899999856948853,1.0,0.8799999952316284,0.9599999785423279,0.6740272641181946,99948000
2015-02-27,0.9700000286102295,1.0199999809265137,0.9599999785423279,1.0099999904632568,0.7091327905654907,86058000
2015-03-02,1.0099999904632568,1.0700000524520874,0.9800000190734863,1.0199999809265137,0.7161540389060974,52388250
2015-03-03,1.0199999809265137,1.0199999809265137,0.9700000286102295,0.9800000190734863,0.6880695223808289,18419000
2015-03-04,0.9800000190734863,1.0399999618530273,0.9700000286102295,1.0099999904632568,0.7091327905654907,32314000
2015-03-05,1.0099999904632568,1.0099999904632568,0.9300000071525574,0.9399999976158142,0.6599850058555603,21560000
2015-03-06,0.9399999976158142,1.0099999904632568,0.9399999976158142,0.9900000095367432,0.6950905919075012,19813000
2015-03-09,0.9800000190734863,1.0700000524520874,0.9599999785423279,1.0399999618530273,0.7301961183547974,29968000
2015-03-10,1.0499999523162842,1.0499999523162842,1.0,1.0299999713897705,0.7231751084327698,13116000
2015-03-11,1.0199999809265137,1.0299999713897705,0.9900000095367432,1.0,0.7021117210388184,7248000
2015-03-12,1.0199999809265137,1.059999942779541,1.0,1.0499999523162842,0.737217366695404,28976000
2015-03-13,1.0499999523162842,1.0499999523162842,0.9900000095367432,1.0199999809265137,0.7161540389060974,14604500
2015-03-16,1.0099999904632568,1.0099999904632568,0.949999988079071,0.9599999785423279,0.6740272641181946,14173000
2015-03-17,0.949999988079071,1.0199999809265137,0.949999988079071,1.0,0.7021117210388184,25792000
2015-03-18,0.9900000095367432,1.0099999904632568,0.9700000286102295,1.0099999904632568,0.7091327905654907,14505184
2015-03-19,1.0099999904632568,1.1100000143051147,1.0099999904632568,1.090000033378601,0.7653017044067383,103653105
2015-03-20,1.090000033378601,1.1299999952316284,1.059999942779541,1.0700000524520874,0.751259446144104,42236000
2015-03-23,1.059999942779541,1.090000033378601,1.059999942779541,1.0800000429153442,0.7582806348800659,7401000
2015-03-24,1.0800000429153442,1.149999976158142,1.0800000429153442,1.149999976158142,0.8074284195899963,45961000
2015-03-25,1.1399999856948853,1.149999976158142,1.1200000047683716,1.1399999856948853,0.8004072904586792,19033200
2015-03-26,1.1399999856948853,1.1399999856948853,1.0700000524520874,1.090000033378601,0.7653017044067383,31484000
2015-03-27,1.0800000429153442,1.1100000143051147,1.0499999523162842,1.1100000143051147,0.7793440222740173,18154500
2015-03-30,1.1100000143051147,1.1799999475479126,1.1100000143051147,1.1699999570846558,0.8214706778526306,43471000
2015-03-31,1.159999966621399,1.2000000476837158,1.149999976158142,1.1699999570846558,0.8214706778526306,49368000
2015-04-01,1.1799999475479126,1.25,1.159999966621399,1.2300000190734863,0.8635974526405334,36263000
2015-04-02,1.2400000095367432,1.3200000524520874,1.2300000190734863,1.309999942779541,0.9197663068771362,45197000
2015-04-08,1.350000023841858,1.409999966621399,1.340000033378601,1.3700000047683716,0.9618931412696838,50662000
2015-04-09,1.399999976158142,1.4700000286102295,1.2999999523162842,1.3300000429153442,0.9338086843490601,39519500
2015-04-10,1.350000023841858,1.3700000047683716,1.309999942779541,1.3700000047683716,0.9618931412696838,24230000
2015-04-13,1.3700000047683716,1.4600000381469727,1.3700000047683716,1.4500000476837158,1.0180621147155762,44002350
2015-04-14,1.440000057220459,1.5099999904632568,1.399999976158142,1.4800000190734863,1.0391255617141724,51490000
2015-04-15,1.5,1.5099999904632568,1.399999976158142,1.440000057220459,1.0110409259796143,27238000
2015-04-16,1.440000057220459,1.4900000095367432,1.409999966621399,1.4600000381469727,1.025083065032959,25852000
2015-04-17,1.4500000476837158,1.4900000095367432,1.4299999475479126,1.4700000286102295,1.0321041345596313,26267392
2015-04-20,1.4500000476837158,1.4800000190734863,1.399999976158142,1.409999966621399,0.9899774193763733,18687000
2015-04-21,1.440000057220459,1.4500000476837158,1.409999966621399,1.4299999475479126,1.0040196180343628,17210000
2015-04-22,1.440000057220459,1.4500000476837158,1.409999966621399,1.440000057220459,1.0110409259796143,11055000
2015-04-23,1.4600000381469727,1.4700000286102295,1.440000057220459,1.4500000476837158,1.0180621147155762,12448600
2015-04-24,1.4700000286102295,1.4700000286102295,1.409999966621399,1.4299999475479126,1.0040196180343628,7455000
2015-04-27,1.4500000476837158,1.4500000476837158,1.3600000143051147,1.399999976158142,0.9829564690589905,26704000
2015-04-28,1.409999966621399,1.4199999570846558,1.3600000143051147,1.409999966621399,0.9899774193763733,16206850
2015-04-29,1.409999966621399,1.409999966621399,1.350000023841858,1.3700000047683716,0.9618931412696838,8804000
2015-04-30,1.340000033378601,1.350000023841858,1.309999942779541,1.3300000429153442,0.9338086843490601,23030300
2015-05-04,1.3300000429153442,1.399999976158142,1.309999942779541,1.3700000047683716,0.9618931412696838,26826850
2015-05-05,1.3799999952316284,1.409999966621399,1.3300000429153442,1.3899999856948853,0.9759353399276733,20706200
2015-05-06,1.3799999952316284,1.3899999856948853,1.2999999523162842,1.350000023841858,0.9478508234024048,15010000
2015-05-07,1.350000023841858,1.3700000047683716,1.2799999713897705,1.3300000429153442,0.9338086843490601,11554300
2015-05-08,1.3300000429153442,1.340000033378601,1.25,1.2999999523162842,0.9127451777458191,21516460
2015-05-11,1.309999942779541,1.340000033378601,1.2699999809265137,1.2999999523162842,0.9127451777458191,9154600
2015-05-12,1.2999999523162842,1.3200000524520874,1.2899999618530273,1.2999999523162842,0.9127451777458191,4068000
2015-05-13,1.2999999523162842,1.309999942779541,1.2599999904632568,1.2599999904632568,0.8846608400344849,8834500
2015-05-14,1.2699999809265137,1.2999999523162842,1.2699999809265137,1.2899999618530273,0.9057241082191467,11573200
2015-05-15,1.2899999618530273,1.2999999523162842,1.25,1.2599999904632568,0.8846608400344849,10137000
2015-05-18,1.2400000095367432,1.2699999809265137,1.2200000286102295,1.2599999904632568,0.8846608400344849,10196000
2015-05-19,1.2599999904632568,1.2999999523162842,1.2599999904632568,1.2899999618530273,0.9057241082191467,8161000
2015-05-20,1.309999942779541,1.340000033378601,1.2999999523162842,1.2999999523162842,0.9127451777458191,13960000
2015-05-21,1.2899999618530273,1.340000033378601,1.2699999809265137,1.340000033378601,0.9408296942710876,12730000
2015-05-22,1.350000023841858,1.3600000143051147,1.3200000524520874,1.3300000429153442,0.9338086843490601,11050000
2015-05-26,1.3600000143051147,1.4199999570846558,1.3300000429153442,1.409999966621399,0.9899774193763733,28914000
2015-05-27,1.409999966621399,1.4500000476837158,1.3799999952316284,1.4199999570846558,0.9969986081123352,22092000
2015-05-28,1.409999966621399,1.4199999570846558,1.3700000047683716,1.3799999952316284,0.9689140915870667,14289500
2015-05-29,1.3700000047683716,1.3899999856948853,1.309999942779541,1.3200000524520874,0.9267874956130981,16123500
2015-06-01,1.309999942779541,1.3899999856948853,1.2999999523162842,1.3700000047683716,0.9618931412696838,14584000
2015-06-02,1.350000023841858,1.3899999856948853,1.350000023841858,1.3700000047683716,0.9618931412696838,6260000
2015-06-03,1.3600000143051147,1.3799999952316284,1.340000033378601,1.3700000047683716,0.9636515974998474,7315400
2015-06-04,1.3600000143051147,1.3799999952316284,1.309999942779541,1.350000023841858,0.9495836496353149,15164000
2015-06-05,1.3300000429153442,1.350000023841858,1.309999942779541,1.3200000524520874,0.9284817576408386,4516000
2015-06-08,1.3200000524520874,1.3200000524520874,1.2899999618530273,1.2899999618530273,0.9073798656463623,11572000
2015-06-09,1.2799999713897705,1.2799999713897705,1.1699999570846558,1.2200000286102295,0.8581422567367554,20367602
2015-06-10,1.1699999570846558,1.2899999618530273,1.1699999570846558,1.2100000381469727,0.8511082530021667,18978000
2015-06-11,1.2100000381469727,1.3200000524520874,1.2100000381469727,1.309999942779541,0.92144775390625,16290250
2015-06-12,1.309999942779541,1.600000023841858,1.309999942779541,1.4700000286102295,1.0339909791946411,97865650
2015-06-15,1.4800000190734863,1.5199999809265137,1.4199999570846558,1.440000057220459,1.0128892660140991,54104000
2015-06-16,1.440000057220459,1.590000033378601,1.440000057220459,1.5199999809265137,1.06916081905365,122160000
2015-06-17,1.5299999713897705,1.7200000286102295,1.5,1.7000000476837158,1.1957720518112183,173022000
2015-06-18,1.7000000476837158,1.7000000476837158,1.7000000476837158,1.7000000476837158,1.1957720518112183,0
2015-06-19,1.6299999952316284,1.649999976158142,1.4700000286102295,1.5199999809265137,1.06916081905365,163467430
2015-06-22,1.5700000524520874,1.75,1.5499999523162842,1.6799999475479126,1.181704044342041,147383000
2015-06-23,1.6799999475479126,1.7100000381469727,1.590000033378601,1.6299999952316284,1.1465343236923218,105906359
2015-06-24,1.6399999856948853,1.659999966621399,1.559999942779541,1.600000023841858,1.1254324913024902,44793900
2015-06-25,1.600000023841858,1.7599999904632568,1.590000033378601,1.690000057220459,1.1887379884719849,111356000
2015-06-26,1.7000000476837158,1.7100000381469727,1.6100000143051147,1.649999976158142,1.1606022119522095,53038409
2015-06-29,1.6200000047683716,1.6200000047683716,1.4500000476837158,1.4600000381469727,1.0269570350646973,62701333
2015-06-30,1.440000057220459,1.5399999618530273,1.3600000143051147,1.5,1.0550928115844727,63885000
2015-07-02,1.4600000381469727,1.5299999713897705,1.3300000429153442,1.3899999856948853,0.9777194857597351,64394000
2015-07-03,1.409999966621399,1.4500000476837158,1.2799999713897705,1.340000033378601,0.9425496459007263,66717666
2015-07-06,1.3700000047683716,1.3799999952316284,1.1299999952316284,1.2999999523162842,0.9144138097763062,94848000
2015-07-07,1.2999999523162842,1.2999999523162842,1.1299999952316284,1.1399999856948853,0.8018705248832703,61818300
2015-07-08,1.0099999904632568,1.100000023841858,0.9399999976158142,1.0099999904632568,0.7104291915893555,83556300
2015-07-09,0.9599999785423279,1.3200000524520874,0.9599999785423279,1.2699999809265137,0.8933118581771851,78710376
2015-07-10,1.2400000095367432,1.399999976158142,1.2400000095367432,1.399999976158142,0.984753429889679,62798000
2015-07-13,1.3200000524520874,1.440000057220459,1.3200000524520874,1.3899999856948853,0.9777194857597351,19776666
2015-07-14,1.399999976158142,1.4299999475479126,1.3300000429153442,1.3600000143051147,0.9566175937652588,17932000
2015-07-15,1.3600000143051147,1.3799999952316284,1.2999999523162842,1.309999942779541,0.92144775390625,19364000
2015-07-16,1.309999942779541,1.3600000143051147,1.2300000190734863,1.340000033378601,0.9425496459007263,13656537
2015-07-17,1.340000033378601,1.3799999952316284,1.2899999618530273,1.3600000143051147,0.9566175937652588,19321000
2015-07-20,1.3600000143051147,1.4800000190734863,1.3600000143051147,1.4500000476837158,1.019923210144043,30071000
2015-07-21,1.440000057220459,1.4800000190734863,1.409999966621399,1.4600000381469727,1.0269570350646973,28107000
2015-07-22,1.4299999475479126,1.5399999618530273,1.4299999475479126,1.4500000476837158,1.019923210144043,40914398
2015-07-23,1.4500000476837158,1.5199999809265137,1.440000057220459,1.4900000095367432,1.0480589866638184,31090200
2015-07-24,1.4600000381469727,1.5099999904632568,1.4600000381469727,1.5099999904632568,1.062126874923706,21492000
2015-07-27,1.4800000190734863,1.5099999904632568,1.4299999475479126,1.4500000476837158,1.019923210144043,45912000
2015-07-28,1.409999966621399,1.4900000095367432,1.3799999952316284,1.3799999952316284,0.9706854224205017,25472000
2015-07-29,1.409999966621399,1.4600000381469727,1.3600000143051147,1.399999976158142,0.984753429889679,28378100
2015-07-30,1.399999976158142,1.4199999570846558,1.3300000429153442,1.340000033378601,0.9425496459007263,25902000
2015-07-31,1.3300000429153442,1.4199999570846558,1.3300000429153442,1.399999976158142,0.984753429889679,22276000
2015-08-03,1.399999976158142,1.399999976158142,1.3600000143051147,1.399999976158142,0.984753429889679,15363600
2015-08-04,1.350000023841858,1.399999976158142,1.350000023841858,1.3899999856948853,0.9777194857597351,44974000
2015-08-05,1.3899999856948853,1.4199999570846558,1.3899999856948853,1.4199999570846558,0.9988212585449219,49842000
2015-08-06,1.4199999570846558,1.4199999570846558,1.3700000047683716,1.409999966621399,0.9917872548103333,13916000
2015-08-07,1.399999976158142,1.4800000190734863,1.3899999856948853,1.4600000381469727,1.0269570350646973,16420796
2015-08-10,1.4700000286102295,1.5099999904632568,1.440000057220459,1.5,1.0550928115844727,21622000
2015-08-11,1.5,1.5299999713897705,1.4800000190734863,1.5199999809265137,1.06916081905365,28457700
2015-08-12,1.4700000286102295,1.5099999904632568,1.440000057220459,1.4800000190734863,1.041025161743164,26582000
2015-08-13,1.5,1.5099999904632568,1.4700000286102295,1.5099999904632568,1.062126874923706,12686000
2015-08-14,1.5,1.5099999904632568,1.4800000190734863,1.4900000095367432,1.0480589866638184,9511250
2015-08-17,1.4900000095367432,1.5099999904632568,1.4600000381469727,1.4700000286102295,1.0339909791946411,9926000
2015-08-18,1.4600000381469727,1.4800000190734863,1.3899999856948853,1.4299999475479126,1.0058550834655762,25136000
2015-08-19,1.4199999570846558,1.4800000190734863,1.409999966621399,1.4500000476837158,1.019923210144043,35886000
2015-08-20,1.440000057220459,1.4500000476837158,1.399999976158142,1.4199999570846558,0.9988212585449219,16474000
2015-08-21,1.3799999952316284,1.409999966621399,1.3300000429153442,1.350000023841858,0.9495836496353149,39469000
2015-08-24,1.25,1.2899999618530273,1.1299999952316284,1.1299999952316284,0.7948366403579712,57176600
2015-08-25,1.100000023841858,1.2200000286102295,1.100000023841858,1.1399999856948853,0.8018705248832703,30486025
2015-08-26,1.1799999475479126,1.2000000476837158,1.1299999952316284,1.190000057220459,0.8370404839515686,19878000
2015-08-27,1.2300000190734863,1.3200000524520874,1.2000000476837158,1.309999942779541,0.92144775390625,40744950
2015-08-28,1.309999942779541,1.350000023841858,1.2699999809265137,1.2699999809265137,0.8933118581771851,27298000
2015-08-31,1.2699999809265137,1.309999942779541,1.2599999904632568,1.2699999809265137,0.8933118581771851,11059150
2015-09-01,1.2300000190734863,1.2699999809265137,1.2100000381469727,1.2200000286102295,0.8581422567367554,14728000
2015-09-02,1.2100000381469727,1.2400000095367432,1.1799999475479126,1.190000057220459,0.8370404839515686,23058000
2015-09-04,1.149999976158142,1.2000000476837158,1.149999976158142,1.159999966621399,0.8159384727478027,19269200
2015-09-07,1.159999966621399,1.2599999904632568,1.159999966621399,1.190000057220459,0.8370404839515686,10258000
2015-09-08,1.1699999570846558,1.2599999904632568,1.159999966621399,1.2200000286102295,0.8581422567367554,14482000
2015-09-09,1.2400000095367432,1.3200000524520874,1.2400000095367432,1.2999999523162842,0.9144138097763062,22608000
2015-09-10,1.2599999904632568,1.2999999523162842,1.25,1.2699999809265137,0.8933118581771851,8020000
2015-09-11,1.25,1.2899999618530273,1.2300000190734863,1.2300000190734863,0.8651762008666992,19596000
2015-09-14,1.2300000190734863,1.25,1.2000000476837158,1.2100000381469727,0.8511082530021667,10751500
2015-09-15,1.2100000381469727,1.2300000190734863,1.1799999475479126,1.2000000476837158,0.8440744876861572,13447500
2015-09-16,1.2200000286102295,1.2300000190734863,1.190000057220459,1.190000057220459,0.8370404839515686,22210000
2015-09-17,1.2000000476837158,1.2300000190734863,1.1699999570846558,1.2100000381469727,0.8511082530021667,8764000
2015-09-18,1.2100000381469727,1.2300000190734863,1.190000057220459,1.2000000476837158,0.8440744876861572,15438732
2015-09-21,1.2200000286102295,1.2699999809265137,1.1799999475479126,1.25,0.8792440295219421,299826000
2015-09-22,1.25,1.2799999713897705,1.2400000095367432,1.25,0.8792440295219421,17976000
2015-09-23,1.25,1.2799999713897705,1.2000000476837158,1.2100000381469727,0.8511082530021667,9962000
2015-09-24,1.2100000381469727,1.2200000286102295,1.1699999570846558,1.1799999475479126,0.8300064206123352,13188000
2015-09-25,1.1699999570846558,1.1799999475479126,1.149999976158142,1.159999966621399,0.8159384727478027,17998062
2015-09-29,1.1399999856948853,1.1399999856948853,1.0800000429153442,1.100000023841858,0.7737348079681396,20554300
2015-09-30,1.1100000143051147,1.1200000047683716,1.0399999618530273,1.0499999523162842,0.7385650873184204,28977938
2015-10-02,1.0700000524520874,1.1399999856948853,1.0700000524520874,1.1299999952316284,0.7948366403579712,18250000
2015-10-05,1.149999976158142,1.159999966621399,1.1200000047683716,1.149999976158142,0.8089045286178589,14874400
2015-10-06,1.159999966621399,1.159999966621399,1.1299999952316284,1.1299999952316284,0.7948366403579712,4964000
2015-10-07,1.1200000047683716,1.190000057220459,1.1100000143051147,1.190000057220459,0.8370404839515686,14770000
2015-10-08,1.1799999475479126,1.2000000476837158,1.1299999952316284,1.2000000476837158,0.8440744876861572,17508100
2015-10-09,1.2000000476837158,1.2300000190734863,1.1699999570846558,1.190000057220459,0.8370404839515686,15216000
2015-10-12,1.1799999475479126,1.2000000476837158,1.1299999952316284,1.1399999856948853,0.8018705248832703,27384000
2015-10-13,1.1399999856948853,1.1399999856948853,1.090000033378601,1.100000023841858,0.7737348079681396,44429400
2015-10-14,1.1100000143051147,1.1200000047683716,0.9900000095367432,1.0499999523162842,0.7385650873184204,134246000
2015-10-15,1.0499999523162842,1.090000033378601,1.0299999713897705,1.090000033378601,0.766700804233551,69325700
2015-10-16,1.090000033378601,1.1299999952316284,1.0700000524520874,1.1200000047683716,0.7878027558326721,60142000
2015-10-19,1.1200000047683716,1.2000000476837158,1.1200000047683716,1.1699999570846558,0.8229724168777466,68397062
2015-10-20,1.1699999570846558,1.2300000190734863,1.159999966621399,1.2200000286102295,0.8581422567367554,58563400
2015-10-22,1.2100000381469727,1.2899999618530273,1.1699999570846558,1.2799999713897705,0.9003458619117737,327544800
2015-10-23,1.2999999523162842,1.3300000429153442,1.2699999809265137,1.309999942779541,0.92144775390625,46044000
2015-10-26,1.350000023841858,1.3600000143051147,1.309999942779541,1.3300000429153442,0.935515820980072,31566750
2015-10-27,1.3300000429153442,1.350000023841858,1.2999999523162842,1.340000033378601,0.9425496459007263,36746000
2015-10-28,1.350000023841858,1.350000023841858,1.309999942779541,1.3200000524520874,0.9284817576408386,23738000
2015-10-29,1.309999942779541,1.409999966621399,1.309999942779541,1.3700000047683716,0.9636515974998474,58944000
2015-10-30,1.350000023841858,1.3600000143051147,1.3200000524520874,1.340000033378601,0.9425496459007263,48364000
2015-11-02,1.340000033378601,1.3899999856948853,1.3300000429153442,1.350000023841858,0.9495836496353149,54478000
2015-11-03,1.3700000047683716,1.399999976158142,1.350000023841858,1.399999976158142,0.984753429889679,62762000
2015-11-04,1.409999966621399,1.4800000190734863,1.399999976158142,1.4700000286102295,1.0339909791946411,59436444
2015-11-05,1.4700000286102295,1.5,1.440000057220459,1.4600000381469727,1.0269570350646973,34688000
2015-11-06,1.4700000286102295,1.4800000190734863,1.4500000476837158,1.4700000286102295,1.0339909791946411,30492000
2015-11-09,1.4600000381469727,1.5199999809265137,1.4299999475479126,1.440000057220459,1.0128892660140991,60278000
2015-11-10,1.4500000476837158,1.5,1.4199999570846558,1.4900000095367432,1.0480589866638184,56482000
2015-11-11,1.5,1.5,1.4600000381469727,1.4600000381469727,1.0269570350646973,23540000
2015-11-12,1.4700000286102295,1.4700000286102295,1.3700000047683716,1.399999976158142,0.984753429889679,63138000
2015-11-13,1.3799999952316284,1.399999976158142,1.3700000047683716,1.399999976158142,0.984753429889679,35320000
2015-11-16,1.3600000143051147,1.4299999475479126,1.3600000143051147,1.409999966621399,0.9917872548103333,19982000
2015-11-17,1.4299999475479126,1.4700000286102295,1.4299999475479126,1.4500000476837158,1.019923210144043,29708000
2015-11-18,1.4500000476837158,1.4600000381469727,1.4299999475479126,1.440000057220459,1.0128892660140991,16534000
2015-11-19,1.4500000476837158,1.4500000476837158,1.4500000476837158,1.4500000476837158,1.019923210144043,102000
2015-11-20,1.4500000476837158,1.4500000476837158,1.4500000476837158,1.4500000476837158,1.019923210144043,0
2015-11-23,1.4500000476837158,1.4500000476837158,1.4500000476837158,1.4500000476837158,1.019923210144043,0
2015-11-24,1.4500000476837158,1.4500000476837158,1.4500000476837158,1.4500000476837158,1.019923210144043,0
2015-11-25,1.4500000476837158,1.4500000476837158,1.4500000476837158,1.4500000476837158,1.019923210144043,0
2015-11-26,1.4500000476837158,1.4500000476837158,1.4500000476837158,1.4500000476837158,1.019923210144043,0
2015-11-27,1.4500000476837158,1.4500000476837158,1.4500000476837158,1.4500000476837158,1.019923210144043,0
2015-11-30,1.6200000047683716,1.6299999952316284,1.4700000286102295,1.5499999523162842,1.0902626514434814,401098050
2015-12-01,1.5700000524520874,1.6100000143051147,1.559999942779541,1.600000023841858,1.1254324913024902,299246000
2015-12-02,1.6100000143051147,1.6100000143051147,1.590000033378601,1.600000023841858,1.1254324913024902,144413000
2015-12-03,1.6100000143051147,1.6100000143051147,1.590000033378601,1.6100000143051147,1.132466197013855,98022300
2015-12-04,1.600000023841858,1.6100000143051147,1.600000023841858,1.6100000143051147,1.132466197013855,25269450
2015-12-07,1.6100000143051147,1.6200000047683716,1.600000023841858,1.6100000143051147,1.132466197013855,35000000
2015-12-08,1.6100000143051147,1.6100000143051147,1.600000023841858,1.6100000143051147,1.132466197013855,33554000
2015-12-09,1.6100000143051147,1.6100000143051147,1.600000023841858,1.600000023841858,1.1254324913024902,75050250
2015-12-10,1.600000023841858,1.6100000143051147,1.590000033378601,1.590000033378601,1.1183984279632568,95332000
2015-12-11,1.600000023841858,1.6100000143051147,1.590000033378601,1.600000023841858,1.1254324913024902,32509700
2015-12-14,1.600000023841858,1.600000023841858,1.559999942779541,1.5800000429153442,1.1113646030426025,101688000
2015-12-15,1.5800000429153442,1.590000033378601,1.5700000524520874,1.5700000524520874,1.1043307781219482,38366838
2015-12-16,1.5800000429153442,1.590000033378601,1.5700000524520874,1.5800000429153442,1.1113646030426025,43653167
2015-12-17,1.590000033378601,1.590000033378601,1.5800000429153442,1.590000033378601,1.1183984279632568,13908000
2015-12-18,1.590000033378601,1.590000033378601,1.5800000429153442,1.590000033378601,1.1183984279632568,8972554
2015-12-21,1.5800000429153442,1.590000033378601,1.5700000524520874,1.5800000429153442,1.1113646030426025,28750000
2015-12-22,1.590000033378601,1.590000033378601,1.5700000524520874,1.5700000524520874,1.1043307781219482,24046000
2015-12-23,1.5800000429153442,1.5800000429153442,1.5700000524520874,1.5800000429153442,1.1113646030426025,10253224
2015-12-24,1.5800000429153442,1.5800000429153442,1.5700000524520874,1.5800000429153442,1.1113646030426025,7188000
2015-12-28,1.5800000429153442,1.5800000429153442,1.559999942779541,1.5700000524520874,1.1043307781219482,12678000
2015-12-29,1.5700000524520874,1.5700000524520874,1.5700000524520874,1.5700000524520874,1.1043307781219482,0
2015-12-30,1.5800000429153442,1.590000033378601,1.5700000524520874,1.5800000429153442,1.1113646030426025,52837595
2015-12-31,1.590000033378601,1.600000023841858,1.590000033378601,1.600000023841858,1.1254324913024902,10052000
2016-01-04,1.590000033378601,1.600000023841858,1.5800000429153442,1.600000023841858,1.1254324913024902,54016000
2016-01-05,1.590000033378601,1.600000023841858,1.590000033378601,1.600000023841858,1.1254324913024902,64822000
2016-01-06,1.600000023841858,1.600000023841858,1.590000033378601,1.600000023841858,1.1254324913024902,72042880
2016-01-07,1.600000023841858,1.600000023841858,1.600000023841858,1.600000023841858,1.1254324913024902,0
2016-01-08,1.5800000429153442,1.590000033378601,1.5800000429153442,1.590000033378601,1.1183984279632568,27352000
2016-01-11,1.5800000429153442,1.590000033378601,1.5800000429153442,1.5800000429153442,1.1113646030426025,33442800
2016-01-12,1.5800000429153442,1.590000033378601,1.5800000429153442,1.5800000429153442,1.1113646030426025,26596000
2016-01-13,1.5800000429153442,1.590000033378601,1.5800000429153442,1.5800000429153442,1.1113646030426025,31727000
2016-01-14,1.5800000429153442,1.590000033378601,1.5800000429153442,1.5800000429153442,1.1113646030426025,24980000
2016-01-15,1.590000033378601,1.590000033378601,1.5700000524520874,1.5800000429153442,1.1113646030426025,28813373
2016-01-18,1.5700000524520874,1.5800000429153442,1.5499999523162842,1.559999942779541,1.0972964763641357,37594000
2016-01-19,1.5700000524520874,1.600000023841858,1.5700000524520874,1.600000023841858,1.1254324913024902,52686000
2016-01-20,1.600000023841858,1.6200000047683716,1.590000033378601,1.600000023841858,1.1254324913024902,43420500
2016-01-21,1.6100000143051147,1.6100000143051147,1.5800000429153442,1.5800000429153442,1.1113646030426025,39017350
2016-01-22,1.590000033378601,1.600000023841858,1.5800000429153442,1.590000033378601,1.1183984279632568,9560017
2016-01-25,1.600000023841858,1.600000023841858,1.5800000429153442,1.5800000429153442,1.1113646030426025,11172000
2016-01-26,1.590000033378601,1.590000033378601,1.5700000524520874,1.590000033378601,1.1183984279632568,76129192
2016-01-27,1.590000033378601,1.600000023841858,1.5800000429153442,1.600000023841858,1.1254324913024902,39000000
2016-01-28,1.590000033378601,1.600000023841858,1.590000033378601,1.590000033378601,1.1183984279632568,3889309
2016-01-29,1.600000023841858,1.600000023841858,1.590000033378601,1.600000023841858,1.1254324913024902,21894000
2016-02-01,1.600000023841858,1.6200000047683716,1.600000023841858,1.6100000143051147,1.132466197013855,18720000
2016-02-02,1.6100000143051147,1.6200000047683716,1.600000023841858,1.6200000047683716,1.139500379562378,12338000
2016-02-03,1.6200000047683716,1.6200000047683716,1.6100000143051147,1.6100000143051147,1.132466197013855,40308000
2016-02-04,1.6200000047683716,1.6200000047683716,1.6100000143051147,1.6200000047683716,1.139500379562378,3255048
2016-02-05,1.6200000047683716,1.6200000047683716,1.6100000143051147,1.6200000047683716,1.139500379562378,21428014
2016-02-11,1.6100000143051147,1.6200000047683716,1.600000023841858,1.6200000047683716,1.139500379562378,41123420
2016-02-12,1.6100000143051147,1.6100000143051147,1.600000023841858,1.600000023841858,1.1254324913024902,25108000
2016-02-15,1.6100000143051147,1.6100000143051147,1.600000023841858,1.6100000143051147,1.132466197013855,28127649
2016-02-16,1.6100000143051147,1.6200000047683716,1.6100000143051147,1.6200000047683716,1.139500379562378,33420000
2016-02-17,1.6200000047683716,1.6299999952316284,1.6100000143051147,1.6299999952316284,1.1465343236923218,26852000
2016-02-18,1.6200000047683716,1.6299999952316284,1.6200000047683716,1.6200000047683716,1.139500379562378,22996539
2016-02-19,1.6200000047683716,1.6299999952316284,1.6200000047683716,1.6200000047683716,1.139500379562378,8222000
2016-02-22,1.6200000047683716,1.6299999952316284,1.6200000047683716,1.6299999952316284,1.1465343236923218,15582000
2016-02-23,1.6299999952316284,1.6399999856948853,1.6299999952316284,1.6399999856948853,1.1535682678222656,27400000
2016-02-24,1.6299999952316284,1.6399999856948853,1.6299999952316284,1.6299999952316284,1.1465343236923218,5108580
2016-02-25,1.6399999856948853,1.6399999856948853,1.6299999952316284,1.6299999952316284,1.1465343236923218,29408000
2016-02-26,1.6399999856948853,1.659999966621399,1.6299999952316284,1.649999976158142,1.1606022119522095,43184000
2016-02-29,1.649999976158142,1.649999976158142,1.6299999952316284,1.6299999952316284,1.1465343236923218,12266601
2016-03-01,1.6299999952316284,1.6399999856948853,1.6100000143051147,1.6299999952316284,1.1465343236923218,22244000
2016-03-02,1.6299999952316284,1.6399999856948853,1.6299999952316284,1.6399999856948853,1.1535682678222656,9704692
2016-03-03,1.6399999856948853,1.6399999856948853,1.6299999952316284,1.6399999856948853,1.1535682678222656,15322600
2016-03-04,1.6399999856948853,1.649999976158142,1.6100000143051147,1.6200000047683716,1.139500379562378,34542200
2016-03-07,1.6200000047683716,1.6299999952316284,1.6200000047683716,1.6200000047683716,1.139500379562378,5968000
2016-03-08,1.6200000047683716,1.6399999856948853,1.6200000047683716,1.6399999856948853,1.1535682678222656,7095950
2016-03-09,1.6299999952316284,1.6399999856948853,1.6200000047683716,1.6200000047683716,1.139500379562378,4659000
2016-03-10,1.6299999952316284,1.6399999856948853,1.6299999952316284,1.6299999952316284,1.1465343236923218,1502000
2016-03-11,1.6299999952316284,1.6399999856948853,1.6299999952316284,1.6299999952316284,1.1465343236923218,16714000
2016-03-14,1.6299999952316284,1.6399999856948853,1.6299999952316284,1.6299999952316284,1.1465343236923218,14553000
2016-03-15,1.6299999952316284,1.6399999856948853,1.6299999952316284,1.6299999952316284,1.1465343236923218,34332360
2016-03-16,1.6299999952316284,1.6399999856948853,1.6299999952316284,1.6299999952316284,1.1465343236923218,7146000
2016-03-17,1.6399999856948853,1.6399999856948853,1.6299999952316284,1.6299999952316284,1.1465343236923218,20834494
2016-03-18,1.6299999952316284,1.6299999952316284,1.6200000047683716,1.6200000047683716,1.139500379562378,24647671
2016-03-21,1.6299999952316284,1.6299999952316284,1.6200000047683716,1.6200000047683716,1.139500379562378,19267595
2016-03-22,1.6200000047683716,1.6299999952316284,1.6200000047683716,1.6299999952316284,1.1465343236923218,9201978
2016-03-23,1.6299999952316284,1.6299999952316284,1.5499999523162842,1.6100000143051147,1.132466197013855,60832000
2016-03-24,1.6100000143051147,1.6200000047683716,1.600000023841858,1.600000023841858,1.1254324913024902,24002000
2016-03-29,1.600000023841858,1.6100000143051147,1.590000033378601,1.600000023841858,1.1254324913024902,35352000
2016-03-30,1.600000023841858,1.6100000143051147,1.600000023841858,1.6100000143051147,1.132466197013855,19794000
2016-03-31,1.6100000143051147,1.6100000143051147,1.600000023841858,1.6100000143051147,1.132466197013855,17768000
2016-04-01,1.6100000143051147,1.6100000143051147,1.600000023841858,1.6100000143051147,1.132466197013855,29728679
2016-04-05,1.600000023841858,1.6100000143051147,1.600000023841858,1.6100000143051147,1.132466197013855,4764048
2016-04-06,1.600000023841858,1.6200000047683716,1.600000023841858,1.6200000047683716,1.139500379562378,7424787
2016-04-07,1.6200000047683716,1.6200000047683716,1.6100000143051147,1.6200000047683716,1.139500379562378,7474000
2016-04-08,1.6100000143051147,1.6200000047683716,1.600000023841858,1.6100000143051147,1.132466197013855,10424900
2016-04-11,1.600000023841858,1.6100000143051147,1.600000023841858,1.6100000143051147,1.132466197013855,13120500
2016-04-12,1.600000023841858,1.6100000143051147,1.590000033378601,1.600000023841858,1.1254324913024902,18546000
2016-04-13,1.600000023841858,1.6100000143051147,1.590000033378601,1.6100000143051147,1.132466197013855,14980000
2016-04-14,1.6100000143051147,1.6100000143051147,1.600000023841858,1.6100000143051147,1.132466197013855,10006000
2016-04-15,1.6100000143051147,1.6200000047683716,1.600000023841858,1.6100000143051147,1.132466197013855,21135000
2016-04-18,1.6100000143051147,1.6200000047683716,1.6100000143051147,1.6100000143051147,1.132466197013855,3296000
2016-04-19,1.6200000047683716,1.6200000047683716,1.6100000143051147,1.6200000047683716,1.139500379562378,20155000
2016-04-20,1.6200000047683716,1.6200000047683716,1.6100000143051147,1.6200000047683716,1.139500379562378,26048000
2016-04-21,1.6200000047683716,1.6299999952316284,1.6100000143051147,1.6299999952316284,1.1465343236923218,9443022
2016-04-22,1.6200000047683716,1.6299999952316284,1.6100000143051147,1.6200000047683716,1.139500379562378,4217000
2016-04-25,1.6200000047683716,1.6299999952316284,1.6200000047683716,1.6299999952316284,1.1465343236923218,3423400
2016-04-26,1.6200000047683716,1.6399999856948853,1.6200000047683716,1.6299999952316284,1.1465343236923218,40263300
2016-04-27,1.6299999952316284,1.6399999856948853,1.6299999952316284,1.6399999856948853,1.1535682678222656,2628000
2016-04-28,1.6399999856948853,1.6399999856948853,1.6299999952316284,1.6399999856948853,1.1535682678222656,29572429
2016-04-29,1.6299999952316284,1.6399999856948853,1.6299999952316284,1.6399999856948853,1.1535682678222656,8998300
2016-05-03,1.6399999856948853,1.6399999856948853,1.6299999952316284,1.6399999856948853,1.1535682678222656,13347200
2016-05-04,1.6399999856948853,1.6399999856948853,1.6299999952316284,1.6299999952316284,1.1465343236923218,46003684
2016-05-05,1.6399999856948853,1.6399999856948853,1.6200000047683716,1.6200000047683716,1.139500379562378,54301000
2016-05-06,1.6299999952316284,1.6299999952316284,1.6200000047683716,1.6200000047683716,1.139500379562378,6754600
2016-05-09,1.6299999952316284,1.6299999952316284,1.600000023841858,1.600000023841858,1.1254324913024902,30936000
2016-05-10,1.600000023841858,1.600000023841858,1.5099999904632568,1.5800000429153442,1.1113646030426025,67646418
2016-05-11,1.590000033378601,1.600000023841858,1.5800000429153442,1.590000033378601,1.1183984279632568,62960000
2016-05-12,1.590000033378601,1.590000033378601,1.5700000524520874,1.5800000429153442,1.1113646030426025,37134200
2016-05-13,1.5800000429153442,1.5800000429153442,1.4700000286102295,1.5399999618530273,1.083228588104248,37062316
2016-05-16,1.5399999618530273,1.5499999523162842,1.5199999809265137,1.5299999713897705,1.0761947631835938,19416050
2016-05-17,1.5299999713897705,1.559999942779541,1.5299999713897705,1.559999942779541,1.0972964763641357,30714940
2016-05-18,1.5399999618530273,1.5499999523162842,1.5299999713897705,1.5499999523162842,1.0902626514434814,10776000
2016-05-19,1.5399999618530273,1.559999942779541,1.5399999618530273,1.5399999618530273,1.083228588104248,8213500
2016-05-20,1.5499999523162842,1.559999942779541,1.5499999523162842,1.5499999523162842,1.0902626514434814,2422000
2016-05-23,1.6299999952316284,1.6399999856948853,1.6100000143051147,1.6299999952316284,1.1465343236923218,107876000
2016-05-24,1.6399999856948853,1.6399999856948853,1.6299999952316284,1.6399999856948853,1.1535682678222656,44528000
2016-05-25,1.6299999952316284,1.6399999856948853,1.6299999952316284,1.6399999856948853,1.1535682678222656,4982000
2016-05-26,1.6299999952316284,1.6399999856948853,1.6299999952316284,1.6299999952316284,1.1465343236923218,12857600
2016-05-27,1.6399999856948853,1.649999976158142,1.6299999952316284,1.6399999856948853,1.1535682678222656,24085750
2016-05-30,1.6399999856948853,1.6399999856948853,1.6299999952316284,1.6399999856948853,1.1535682678222656,19248000
2016-05-31,1.6299999952316284,1.6399999856948853,1.6299999952316284,1.6299999952316284,1.1465343236923218,11214000
2016-06-01,1.6299999952316284,1.6399999856948853,1.6299999952316284,1.6399999856948853,1.1535682678222656,5144275
2016-06-02,1.6399999856948853,1.6399999856948853,1.6299999952316284,1.6399999856948853,1.1535682678222656,738000
2016-06-03,1.6399999856948853,1.6399999856948853,1.6299999952316284,1.6399999856948853,1.1535682678222656,6989342
2016-06-06,1.6399999856948853,1.6399999856948853,1.6299999952316284,1.6399999856948853,1.1535682678222656,1496000
2016-06-07,1.6399999856948853,1.6399999856948853,1.6299999952316284,1.6399999856948853,1.1535682678222656,2730000
2016-06-08,1.6399999856948853,1.6399999856948853,1.6299999952316284,1.6299999952316284,1.1465343236923218,4261550
2016-06-10,1.6299999952316284,1.6399999856948853,1.6299999952316284,1.6299999952316284,1.1465343236923218,29934000
2016-06-13,1.6299999952316284,1.6399999856948853,1.6100000143051147,1.6299999952316284,1.1465343236923218,32792000
2016-06-14,1.6200000047683716,1.6299999952316284,1.6200000047683716,1.6200000047683716,1.139500379562378,15957750
2016-06-15,1.6299999952316284,1.6399999856948853,1.6200000047683716,1.6200000047683716,1.139500379562378,23006000
2016-06-16,1.6299999952316284,1.6399999856948853,1.6299999952316284,1.6299999952316284,1.1465343236923218,26004000
2016-06-17,1.6299999952316284,1.6399999856948853,1.6200000047683716,1.6399999856948853,1.1535682678222656,3442000
2016-06-20,1.6399999856948853,1.6399999856948853,1.6100000143051147,1.6299999952316284,1.1465343236923218,49181000
2016-06-21,1.6299999952316284,1.6299999952316284,1.6100000143051147,1.6100000143051147,1.132466197013855,17212000
2016-06-22,1.6200000047683716,1.6299999952316284,1.5800000429153442,1.590000033378601,1.1183984279632568,43396000
2016-06-23,1.590000033378601,1.600000023841858,1.559999942779541,1.5800000429153442,1.1113646030426025,36793802
2016-06-24,1.590000033378601,1.600000023841858,1.5299999713897705,1.590000033378601,1.1183984279632568,41696000
2016-06-27,1.5800000429153442,1.6100000143051147,1.5700000524520874,1.590000033378601,1.1183984279632568,3402000
2016-06-28,1.5800000429153442,1.590000033378601,0.8600000143051147,1.0700000524520874,0.7526328563690186,255404000
2016-06-29,1.0700000524520874,1.0700000524520874,1.0700000524520874,1.0700000524520874,0.7526328563690186,0
2016-06-30,1.0700000524520874,1.0700000524520874,1.0700000524520874,1.0700000524520874,0.7526328563690186,0
2016-07-04,0.7400000095367432,0.8500000238418579,0.699999988079071,0.8100000023841858,0.569750189781189,905360558
2016-07-05,0.8299999833106995,0.8399999737739563,0.7900000214576721,0.800000011920929,0.5627162456512451,170162000
2016-07-06,0.7900000214576721,0.7900000214576721,0.6899999976158142,0.75,0.5275464057922363,263686000
2016-07-07,0.7400000095367432,0.75,0.7099999785423279,0.7200000286102295,0.5064446330070496,70308000
2016-07-08,0.7200000286102295,0.7300000190734863,0.6800000071525574,0.7200000286102295,0.5064446330070496,138531000
2016-07-11,0.7300000190734863,0.7400000095367432,0.699999988079071,0.7200000286102295,0.5064446330070496,65848000
2016-07-12,0.7099999785423279,0.7400000095367432,0.7099999785423279,0.7300000190734863,0.5134785175323486,73834955
2016-07-13,0.7400000095367432,0.7799999713897705,0.7300000190734863,0.7699999809265137,0.541614294052124,178560000
2016-07-14,0.7699999809265137,0.7699999809265137,0.7400000095367432,0.75,0.5275464057922363,56723957
2016-07-15,0.75,0.75,0.7300000190734863,0.75,0.5275464057922363,44310000
2016-07-18,0.7400000095367432,0.75,0.7099999785423279,0.7300000190734863,0.5134785175323486,61544000
2016-07-19,0.7300000190734863,0.7300000190734863,0.7099999785423279,0.7200000286102295,0.5064446330070496,40180000
2016-07-20,0.7200000286102295,0.7300000190734863,0.699999988079071,0.7099999785423279,0.49941062927246094,56081807
2016-07-21,0.7200000286102295,0.7300000190734863,0.699999988079071,0.7099999785423279,0.49941062927246094,52555755
2016-07-22,0.7200000286102295,0.7200000286102295,0.699999988079071,0.7099999785423279,0.49941062927246094,17762000
2016-07-25,0.7200000286102295,0.7400000095367432,0.7099999785423279,0.7300000190734863,0.5134785175323486,99066001
2016-07-26,0.7300000190734863,0.7599999904632568,0.7300000190734863,0.7400000095367432,0.520512580871582,79122000
2016-07-27,0.7400000095367432,0.75,0.7300000190734863,0.7400000095367432,0.520512580871582,42376000
2016-07-28,0.7400000095367432,0.75,0.7300000190734863,0.7400000095367432,0.520512580871582,61130000
2016-07-29,0.7300000190734863,0.7400000095367432,0.7099999785423279,0.7300000190734863,0.5134785175323486,76144600
2016-08-01,0.7300000190734863,0.7300000190734863,0.699999988079071,0.7200000286102295,0.5064446330070496,67170000
2016-08-02,0.7200000286102295,0.7200000286102295,0.7200000286102295,0.7200000286102295,0.5064446330070496,0
2016-08-03,0.7099999785423279,0.7200000286102295,0.699999988079071,0.699999988079071,0.4923767149448395,81003123
2016-08-04,0.7099999785423279,0.7200000286102295,0.6700000166893005,0.6899999976158142,0.48534271121025085,146644000
2016-08-05,0.6899999976158142,0.6899999976158142,0.6399999856948853,0.6499999761581421,0.4572069048881531,260798000
2016-08-08,0.6499999761581421,0.7099999785423279,0.6499999761581421,0.699999988079071,0.4923767149448395,199429938
2016-08-09,0.7099999785423279,0.7699999809265137,0.7099999785423279,0.7699999809265137,0.541614294052124,331432000
2016-08-10,0.7699999809265137,0.7900000214576721,0.7699999809265137,0.7900000214576721,0.5556823015213013,156960000
2016-08-11,0.7799999713897705,0.7900000214576721,0.75,0.7699999809265137,0.541614294052124,52406000
2016-08-12,0.7699999809265137,0.800000011920929,0.7300000190734863,0.7900000214576721,0.5556823015213013,91220059
2016-08-15,0.7900000214576721,0.8100000023841858,0.7699999809265137,0.7799999713897705,0.5486482381820679,68166000
2016-08-16,0.7699999809265137,0.7900000214576721,0.7599999904632568,0.7699999809265137,0.541614294052124,49226000
2016-08-17,0.7699999809265137,0.8399999737739563,0.7699999809265137,0.8399999737739563,0.5908520221710205,264950200
2016-08-18,0.8299999833106995,0.8399999737739563,0.8100000023841858,0.8100000023841858,0.569750189781189,87142597
2016-08-19,0.8299999833106995,0.8299999833106995,0.800000011920929,0.8299999833106995,0.5838181376457214,53852000
2016-08-22,0.8199999928474426,0.8500000238418579,0.8199999928474426,0.8299999833106995,0.5838181376457214,77641582
2016-08-23,0.8299999833106995,0.8500000238418579,0.8299999833106995,0.8299999833106995,0.5838181376457214,94690000
2016-08-24,0.8399999737739563,0.8399999737739563,0.7799999713897705,0.8100000023841858,0.569750189781189,85973693
2016-08-25,0.8100000023841858,0.8100000023841858,0.800000011920929,0.8100000023841858,0.569750189781189,23955154
2016-08-26,0.8100000023841858,0.8100000023841858,0.7799999713897705,0.7799999713897705,0.5486482381820679,43486000
2016-08-29,0.7900000214576721,0.800000011920929,0.7799999713897705,0.800000011920929,0.5627162456512451,16192000
2016-08-30,0.800000011920929,0.8100000023841858,0.7900000214576721,0.800000011920929,0.5627162456512451,33570256
2016-08-31,0.800000011920929,0.8100000023841858,0.7799999713897705,0.7799999713897705,0.5486482381820679,19715485
2016-09-01,0.7900000214576721,0.7900000214576721,0.75,0.7699999809265137,0.541614294052124,59608051
2016-09-02,0.7699999809265137,0.7799999713897705,0.75,0.75,0.5275464057922363,35820000
2016-09-05,0.7599999904632568,0.7799999713897705,0.75,0.7699999809265137,0.541614294052124,51974938
2016-09-06,0.7799999713897705,0.800000011920929,0.7799999713897705,0.7900000214576721,0.5556823015213013,25326000
2016-09-07,0.7900000214576721,0.800000011920929,0.7900000214576721,0.800000011920929,0.5627162456512451,22976750
2016-09-08,0.800000011920929,0.8100000023841858,0.7799999713897705,0.8100000023841858,0.569750189781189,50914444
2016-09-09,0.8100000023841858,0.8199999928474426,0.7900000214576721,0.8100000023841858,0.569750189781189,46918000
2016-09-12,0.7699999809265137,0.7900000214576721,0.7599999904632568,0.7799999713897705,0.5486482381820679,43922000
2016-09-13,0.7900000214576721,0.800000011920929,0.7699999809265137,0.7799999713897705,0.5486482381820679,15796000
2016-09-14,0.7799999713897705,0.7799999713897705,0.7599999904632568,0.7599999904632568,0.534580409526825,12311000
2016-09-15,0.7699999809265137,0.800000011920929,0.7599999904632568,0.7900000214576721,0.5556823015213013,25430000
2016-09-19,0.7699999809265137,0.7799999713897705,0.7699999809265137,0.7699999809265137,0.541614294052124,44692305
2016-09-20,0.7799999713897705,0.7799999713897705,0.7699999809265137,0.7699999809265137,0.541614294052124,3554000
2016-09-21,0.7699999809265137,0.800000011920929,0.7699999809265137,0.7900000214576721,0.5556823015213013,14682000
2016-09-22,0.800000011920929,0.800000011920929,0.7699999809265137,0.7699999809265137,0.541614294052124,28328000
2016-09-23,0.7799999713897705,0.7900000214576721,0.7599999904632568,0.7699999809265137,0.541614294052124,40362000
2016-09-26,0.7699999809265137,0.7699999809265137,0.75,0.7599999904632568,0.534580409526825,13122000
2016-09-27,0.7599999904632568,0.7699999809265137,0.75,0.7599999904632568,0.534580409526825,21873769
2016-09-28,0.7699999809265137,0.7699999809265137,0.7400000095367432,0.75,0.5275464057922363,18538000
2016-09-29,0.7599999904632568,0.7599999904632568,0.7400000095367432,0.7599999904632568,0.534580409526825,19534000
2016-09-30,0.7599999904632568,0.7699999809265137,0.7400000095367432,0.7599999904632568,0.534580409526825,14376000
2016-10-03,0.7699999809265137,0.7699999809265137,0.7599999904632568,0.7699999809265137,0.541614294052124,2544000
2016-10-04,0.7699999809265137,0.7699999809265137,0.7599999904632568,0.7699999809265137,0.541614294052124,8648000
2016-10-05,0.7699999809265137,0.7799999713897705,0.7699999809265137,0.7799999713897705,0.5486482381820679,22524000
2016-10-06,0.7900000214576721,0.800000011920929,0.7699999809265137,0.800000011920929,0.5627162456512451,32906444
2016-10-07,0.7900000214576721,0.7900000214576721,0.7699999809265137,0.7900000214576721,0.5556823015213013,10284000
2016-10-11,0.7799999713897705,0.7900000214576721,0.7699999809265137,0.7699999809265137,0.541614294052124,12423882
2016-10-12,0.7699999809265137,0.7699999809265137,0.7200000286102295,0.75,0.5275464057922363,44022000
2016-10-13,0.7400000095367432,0.7599999904632568,0.7300000190734863,0.7599999904632568,0.534580409526825,15764000
2016-10-14,0.7599999904632568,0.7599999904632568,0.7300000190734863,0.7599999904632568,0.534580409526825,29090000
2016-10-17,0.7599999904632568,0.7599999904632568,0.7400000095367432,0.7599999904632568,0.534580409526825,16922800
2016-10-18,0.7599999904632568,0.7799999713897705,0.75,0.7799999713897705,0.5486482381820679,20782000
2016-10-19,0.7799999713897705,0.7900000214576721,0.7699999809265137,0.7799999713897705,0.5486482381820679,10530000
2016-10-20,0.7799999713897705,0.7799999713897705,0.7699999809265137,0.7799999713897705,0.5486482381820679,2104000
2016-10-21,0.7799999713897705,0.7799999713897705,0.7799999713897705,0.7799999713897705,0.5486482381820679,0
2016-10-24,0.7799999713897705,0.7900000214576721,0.7699999809265137,0.7900000214576721,0.5556823015213013,15021000
2016-10-25,0.7900000214576721,0.7900000214576721,0.7699999809265137,0.7799999713897705,0.5486482381820679,15698000
2016-10-26,0.7900000214576721,0.7900000214576721,0.7699999809265137,0.7900000214576721,0.5556823015213013,8788000
2016-10-27,0.7900000214576721,0.7900000214576721,0.7699999809265137,0.7900000214576721,0.5556823015213013,14119000
2016-10-28,0.7900000214576721,0.7900000214576721,0.7799999713897705,0.7900000214576721,0.5556823015213013,6306000
2016-10-31,0.7799999713897705,0.7900000214576721,0.7699999809265137,0.7900000214576721,0.5556823015213013,10338300
2016-11-01,0.7799999713897705,0.7900000214576721,0.7799999713897705,0.7900000214576721,0.5556823015213013,9517868
2016-11-02,0.7799999713897705,0.7900000214576721,0.7699999809265137,0.7900000214576721,0.5556823015213013,5120000
2016-11-03,0.7900000214576721,0.7900000214576721,0.7699999809265137,0.7799999713897705,0.5486482381820679,7190000
2016-11-04,0.7699999809265137,0.7900000214576721,0.7699999809265137,0.7799999713897705,0.5486482381820679,5618000
2016-11-07,0.7799999713897705,0.7799999713897705,0.7699999809265137,0.7799999713897705,0.5486482381820679,914000
2016-11-08,0.7799999713897705,0.7799999713897705,0.7599999904632568,0.7699999809265137,0.541614294052124,7716000
2016-11-09,0.7699999809265137,0.7799999713897705,0.7400000095367432,0.75,0.5275464057922363,26788500
2016-11-10,0.7599999904632568,0.7900000214576721,0.7599999904632568,0.7799999713897705,0.5486482381820679,31062000
2016-11-11,0.7799999713897705,0.8500000238418579,0.7599999904632568,0.8399999737739563,0.5908520221710205,181940000
2016-11-14,0.8399999737739563,0.8600000143051147,0.8199999928474426,0.8299999833106995,0.5838181376457214,38666000
2016-11-15,0.8199999928474426,0.8399999737739563,0.8100000023841858,0.8299999833106995,0.5838181376457214,47601044
2016-11-16,0.8299999833106995,0.8299999833106995,0.8100000023841858,0.8199999928474426,0.5767841339111328,20300000
2016-11-17,0.8100000023841858,0.8199999928474426,0.800000011920929,0.8199999928474426,0.5767841339111328,13428000
2016-11-18,0.8199999928474426,0.8199999928474426,0.8100000023841858,0.8199999928474426,0.5767841339111328,20998000
2016-11-21,0.8199999928474426,0.8199999928474426,0.800000011920929,0.8100000023841858,0.569750189781189,9948000
2016-11-22,0.8100000023841858,0.8199999928474426,0.7900000214576721,0.800000011920929,0.5627162456512451,71612222
2016-11-23,0.800000011920929,0.8100000023841858,0.7900000214576721,0.800000011920929,0.5627162456512451,7792000
2016-11-24,0.800000011920929,0.8100000023841858,0.7900000214576721,0.7900000214576721,0.5556823015213013,23004000
2016-11-25,0.7900000214576721,0.7900000214576721,0.7699999809265137,0.7900000214576721,0.5556823015213013,35704000
2016-11-28,0.7900000214576721,0.800000011920929,0.7799999713897705,0.7900000214576721,0.5556823015213013,35741750
2016-11-29,0.7799999713897705,0.7900000214576721,0.7799999713897705,0.7900000214576721,0.5556823015213013,12873162
2016-11-30,0.7900000214576721,0.7900000214576721,0.7699999809265137,0.7900000214576721,0.5556823015213013,20534000
2016-12-01,0.7900000214576721,0.7900000214576721,0.7699999809265137,0.7799999713897705,0.5486482381820679,7778589
2016-12-02,0.7799999713897705,0.7900000214576721,0.7799999713897705,0.7900000214576721,0.5556823015213013,5184000
2016-12-05,0.7799999713897705,0.7799999713897705,0.7699999809265137,0.7799999713897705,0.5486482381820679,17854000
2016-12-06,0.7799999713897705,0.7900000214576721,0.7699999809265137,0.7799999713897705,0.5486482381820679,8180669
2016-12-07,0.7900000214576721,0.8299999833106995,0.7900000214576721,0.8100000023841858,0.569750189781189,106414009
2016-12-08,0.8100000023841858,0.8199999928474426,0.800000011920929,0.8199999928474426,0.5767841339111328,33004000
2016-12-09,0.8199999928474426,0.8999999761581421,0.8100000023841858,0.8899999856948853,0.6260218024253845,208844500
2016-12-12,0.8999999761581421,0.9100000262260437,0.8500000238418579,0.8700000047683716,0.611953854560852,48584000
2016-12-13,0.8700000047683716,0.949999988079071,0.8700000047683716,0.9100000262260437,0.6400896310806274,124348000
2016-12-14,0.9300000071525574,0.949999988079071,0.8899999856948853,0.9200000166893005,0.6471236944198608,87568000
2016-12-15,0.9100000262260437,0.9200000166893005,0.8799999952316284,0.8999999761581421,0.6330557465553284,45715650
2016-12-16,0.8999999761581421,0.8999999761581421,0.8700000047683716,0.8799999952316284,0.6189877986907959,30498361
2016-12-19,0.8899999856948853,0.8899999856948853,0.8500000238418579,0.8700000047683716,0.611953854560852,25726000
2016-12-20,0.8700000047683716,0.8700000047683716,0.8399999737739563,0.8500000238418579,0.5978860259056091,19762000
2016-12-21,0.8500000238418579,0.8799999952316284,0.8500000238418579,0.8600000143051147,0.6049199104309082,17516000
2016-12-22,0.8600000143051147,0.8700000047683716,0.8500000238418579,0.8600000143051147,0.6049199104309082,9695752
2016-12-23,0.8600000143051147,0.8600000143051147,0.8500000238418579,0.8600000143051147,0.6049199104309082,1708000
2016-12-28,0.8600000143051147,0.8999999761581421,0.8600000143051147,0.8899999856948853,0.6260218024253845,13250000
2016-12-29,0.8899999856948853,0.8899999856948853,0.8600000143051147,0.8700000047683716,0.611953854560852,8005268
2016-12-30,0.8700000047683716,0.8799999952316284,0.8600000143051147,0.8700000047683716,0.611953854560852,14012000
2017-01-03,0.8700000047683716,0.8799999952316284,0.8299999833106995,0.8399999737739563,0.5908520221710205,33203800
2017-01-04,0.8399999737739563,0.8700000047683716,0.8399999737739563,0.8700000047683716,0.611953854560852,23001980
2017-01-05,0.8700000047683716,0.8999999761581421,0.8600000143051147,0.8999999761581421,0.6330557465553284,25192200
2017-01-06,0.9100000262260437,0.9100000262260437,0.8899999856948853,0.8899999856948853,0.6260218024253845,16201261
2017-01-09,0.8999999761581421,0.9300000071525574,0.8899999856948853,0.9100000262260437,0.6400896310806274,29851000
2017-01-10,0.9200000166893005,0.9399999976158142,0.9200000166893005,0.9399999976158142,0.6611915230751038,28598000
2017-01-11,0.949999988079071,0.9800000190734863,0.949999988079071,0.9700000286102295,0.6822934746742249,76626000
2017-01-12,0.9700000286102295,0.9900000095367432,0.9200000166893005,0.9200000166893005,0.6471236944198608,32146000
2017-01-13,0.9300000071525574,0.9399999976158142,0.8999999761581421,0.9200000166893005,0.6471236944198608,65322000
2017-01-16,0.9200000166893005,0.949999988079071,0.9200000166893005,0.949999988079071,0.6682254672050476,21016000
2017-01-17,0.949999988079071,0.949999988079071,0.9399999976158142,0.949999988079071,0.6682254672050476,8408000
2017-01-18,0.949999988079071,0.9800000190734863,0.949999988079071,0.9800000190734863,0.6893274188041687,23198000
2017-01-19,0.9800000190734863,1.0,0.9700000286102295,0.9800000190734863,0.6893274188041687,19028000
2017-01-20,0.9800000190734863,0.9900000095367432,0.9700000286102295,0.9800000190734863,0.6893274188041687,18965451
2017-01-23,0.9900000095367432,1.0499999523162842,0.9800000190734863,1.0199999809265137,0.7174632549285889,60285000
2017-01-24,1.0199999809265137,1.0800000429153442,1.0199999809265137,1.059999942779541,0.7455989718437195,57186549
2017-01-25,1.0700000524520874,1.0700000524520874,1.0199999809265137,1.0399999618530273,0.731531023979187,42858000
2017-01-26,1.0399999618530273,1.0700000524520874,1.0299999713897705,1.059999942779541,0.7455989718437195,24461000
2017-01-27,1.0700000524520874,1.0800000429153442,1.0399999618530273,1.0700000524520874,0.7526328563690186,14232673
2017-02-01,1.059999942779541,1.0700000524520874,1.0399999618530273,1.0499999523162842,0.7385650873184204,25728882
2017-02-02,1.059999942779541,1.059999942779541,0.9900000095367432,1.0,0.7033952474594116,27508888
2017-02-03,1.0,1.0199999809265137,1.0,1.0199999809265137,0.7174632549285889,26062934
2017-02-06,1.0299999713897705,1.0299999713897705,0.9900000095367432,1.0,0.7033952474594116,13032694
2017-02-07,1.0099999904632568,1.0099999904632568,0.9800000190734863,1.0,0.7033952474594116,22124000
2017-02-08,0.9900000095367432,1.0499999523162842,0.9900000095367432,1.0299999713897705,0.7244971394538879,62884000
2017-02-09,1.0399999618530273,1.090000033378601,1.0299999713897705,1.0700000524520874,0.7526328563690186,69754000
2017-02-10,1.0700000524520874,1.090000033378601,1.0700000524520874,1.0800000429153442,0.7596668601036072,51137118
2017-02-13,1.0800000429153442,1.090000033378601,1.0700000524520874,1.090000033378601,0.766700804233551,27256000
2017-02-14,1.0800000429153442,1.1100000143051147,1.0700000524520874,1.090000033378601,0.766700804233551,50246000
2017-02-15,1.090000033378601,1.1100000143051147,1.0499999523162842,1.059999942779541,0.7455989718437195,41832900
2017-02-16,1.059999942779541,1.0700000524520874,1.0399999618530273,1.059999942779541,0.7455989718437195,37922600
2017-02-17,1.0499999523162842,1.059999942779541,1.0,1.0099999904632568,0.7104291915893555,35784500
2017-02-20,1.0,1.0399999618530273,1.0,1.0099999904632568,0.7104291915893555,24832000
2017-02-21,1.0099999904632568,1.0299999713897705,0.9800000190734863,0.9900000095367432,0.6963613033294678,34092000
2017-02-22,1.0,1.0499999523162842,0.9900000095367432,1.0499999523162842,0.7385650873184204,65048000
2017-02-23,1.0499999523162842,1.0700000524520874,1.0099999904632568,1.0199999809265137,0.7174632549285889,53936682
2017-02-24,1.0099999904632568,1.0199999809265137,0.9900000095367432,1.0,0.7033952474594116,54642000
2017-02-27,1.0,1.0199999809265137,0.9900000095367432,1.0099999904632568,0.7104291915893555,14694000
2017-02-28,1.0099999904632568,1.0399999618530273,1.0099999904632568,1.0199999809265137,0.7174632549285889,29154000
2017-03-01,1.0199999809265137,1.0499999523162842,1.0199999809265137,1.0399999618530273,0.731531023979187,23036000
2017-03-02,1.0499999523162842,1.090000033378601,1.0299999713897705,1.059999942779541,0.7455989718437195,77803637
2017-03-03,1.0700000524520874,1.0700000524520874,1.0399999618530273,1.0499999523162842,0.7385650873184204,30496000
2017-03-06,1.0499999523162842,1.0700000524520874,1.0499999523162842,1.0700000524520874,0.7526328563690186,8216000
2017-03-07,1.0700000524520874,1.0700000524520874,1.0499999523162842,1.059999942779541,0.7455989718437195,27232200
2017-03-08,1.059999942779541,1.0700000524520874,1.0399999618530273,1.059999942779541,0.7455989718437195,4802000
2017-03-09,1.059999942779541,1.059999942779541,1.0199999809265137,1.0299999713897705,0.7244971394538879,19142000
2017-03-10,1.0299999713897705,1.0399999618530273,1.0199999809265137,1.0299999713897705,0.7244971394538879,7785800
2017-03-13,1.0399999618530273,1.0800000429153442,1.0399999618530273,1.0700000524520874,0.7526328563690186,59516000
2017-03-14,1.090000033378601,1.1100000143051147,1.0499999523162842,1.059999942779541,0.7455989718437195,77902203
2017-03-15,1.0700000524520874,1.1100000143051147,1.059999942779541,1.090000033378601,0.766700804233551,84760000
2017-03-16,1.1100000143051147,1.159999966621399,1.100000023841858,1.149999976158142,0.8089045286178589,102720000
2017-03-17,1.159999966621399,1.2100000381469727,1.1399999856948853,1.1799999475479126,0.8300064206123352,65432000
2017-03-20,1.1799999475479126,1.1799999475479126,1.1299999952316284,1.1399999856948853,0.8018705248832703,61799050
2017-03-21,1.1399999856948853,1.159999966621399,1.1299999952316284,1.1299999952316284,0.7948366403579712,39988000
2017-03-22,1.1200000047683716,1.1299999952316284,1.100000023841858,1.100000023841858,0.7737348079681396,37945000
2017-03-23,1.1100000143051147,1.149999976158142,1.100000023841858,1.149999976158142,0.8089045286178589,41054000
2017-03-24,1.149999976158142,1.159999966621399,1.1100000143051147,1.1299999952316284,0.7948366403579712,18269000
2017-03-27,1.1299999952316284,1.1299999952316284,1.0800000429153442,1.0800000429153442,0.7596668601036072,38574000
2017-03-28,1.0800000429153442,1.1200000047683716,1.0800000429153442,1.100000023841858,0.7737348079681396,21210951
2017-03-29,1.1100000143051147,1.1299999952316284,1.100000023841858,1.1200000047683716,0.7878027558326721,19564034
2017-03-30,1.1299999952316284,1.1299999952316284,1.100000023841858,1.1200000047683716,0.7878027558326721,10422000
2017-03-31,1.1100000143051147,1.1299999952316284,1.1100000143051147,1.1299999952316284,0.7948366403579712,16148000
2017-04-03,1.1200000047683716,1.1799999475479126,1.1200000047683716,1.149999976158142,0.8089045286178589,32993546
2017-04-05,1.1799999475479126,1.2799999713897705,1.1699999570846558,1.1799999475479126,0.8300064206123352,95224690
2017-04-06,1.1799999475479126,1.1799999475479126,1.1399999856948853,1.1399999856948853,0.8018705248832703,24543275
2017-04-07,1.149999976158142,1.159999966621399,1.1200000047683716,1.159999966621399,0.8159384727478027,13046000
2017-04-10,1.159999966621399,1.1699999570846558,1.149999976158142,1.159999966621399,0.8159384727478027,4636175
2017-04-11,1.149999976158142,1.1699999570846558,1.1299999952316284,1.1299999952316284,0.7948366403579712,15186500
2017-04-12,1.1399999856948853,1.159999966621399,1.1299999952316284,1.149999976158142,0.8089045286178589,8490157
2017-04-13,1.1699999570846558,1.1699999570846558,1.1399999856948853,1.1399999856948853,0.8018705248832703,7444000
2017-04-18,1.149999976158142,1.149999976158142,1.1200000047683716,1.1399999856948853,0.8018705248832703,31392000
2017-04-19,1.1399999856948853,1.149999976158142,1.1100000143051147,1.149999976158142,0.8089045286178589,19488000
2017-04-20,1.149999976158142,1.1799999475479126,1.149999976158142,1.159999966621399,0.8159384727478027,15814000
2017-04-21,1.1699999570846558,1.2200000286102295,1.1699999570846558,1.1799999475479126,0.8300064206123352,70725999
2017-04-24,1.190000057220459,1.2000000476837158,1.1299999952316284,1.149999976158142,0.8089045286178589,32018000
2017-04-25,1.149999976158142,1.190000057220459,1.1399999856948853,1.190000057220459,0.8370404839515686,39556000
2017-04-26,1.2000000476837158,1.2000000476837158,1.159999966621399,1.159999966621399,0.8159384727478027,16682602
2017-04-27,1.1699999570846558,1.1699999570846558,1.1399999856948853,1.149999976158142,0.8089045286178589,19956900
2017-04-28,1.159999966621399,1.1799999475479126,1.1399999856948853,1.1699999570846558,0.8229724168777466,9086900
2017-05-02,1.1799999475479126,1.1799999475479126,1.149999976158142,1.159999966621399,0.8159384727478027,8867846
2017-05-04,1.159999966621399,1.159999966621399,1.1299999952316284,1.1299999952316284,0.7948366403579712,19052677
2017-05-05,1.1399999856948853,1.1399999856948853,1.090000033378601,1.1100000143051147,0.7807687520980835,35008000
2017-05-08,1.1100000143051147,1.1299999952316284,1.100000023841858,1.1100000143051147,0.7807687520980835,30904000
2017-05-09,1.1100000143051147,1.1299999952316284,1.100000023841858,1.100000023841858,0.7737348079681396,19985335
2017-05-10,1.1100000143051147,1.1299999952316284,1.100000023841858,1.1200000047683716,0.7878027558326721,10976797
2017-05-11,1.1299999952316284,1.1299999952316284,1.100000023841858,1.1100000143051147,0.7807687520980835,17728529
2017-05-12,1.1100000143051147,1.1100000143051147,1.0800000429153442,1.100000023841858,0.7737348079681396,12568679
2017-05-15,1.100000023841858,1.1200000047683716,1.100000023841858,1.1200000047683716,0.7878027558326721,17323337
2017-05-16,1.1200000047683716,1.1200000047683716,1.0800000429153442,1.100000023841858,0.7737348079681396,28410661
2017-05-17,1.090000033378601,1.1200000047683716,1.090000033378601,1.1200000047683716,0.7878027558326721,20557080
2017-05-18,1.1100000143051147,1.1399999856948853,1.1100000143051147,1.1299999952316284,0.7948366403579712,22204059
2017-05-19,1.1299999952316284,1.1399999856948853,1.1100000143051147,1.1100000143051147,0.7807687520980835,4950000
2017-05-22,1.1100000143051147,1.1299999952316284,1.1100000143051147,1.1200000047683716,0.7878027558326721,9966000
2017-05-23,1.1200000047683716,1.1299999952316284,1.100000023841858,1.1299999952316284,0.7948366403579712,11528913
2017-05-24,1.1299999952316284,1.1299999952316284,1.1100000143051147,1.1299999952316284,0.7948366403579712,9387429
2017-05-25,1.1200000047683716,1.149999976158142,1.1100000143051147,1.1299999952316284,0.7948366403579712,10478000
2017-05-26,1.1299999952316284,1.159999966621399,1.1200000047683716,1.149999976158142,0.8089045286178589,9162000
2017-05-29,1.149999976158142,1.159999966621399,1.1399999856948853,1.1399999856948853,0.8018705248832703,6614000
2017-05-31,1.1399999856948853,1.159999966621399,1.1299999952316284,1.1399999856948853,0.8018705248832703,9357000
2017-06-01,1.1399999856948853,1.149999976158142,1.1299999952316284,1.1399999856948853,0.8018705248832703,12430000
2017-06-02,1.149999976158142,1.159999966621399,1.1399999856948853,1.1399999856948853,0.8018705248832703,7344000
2017-06-05,1.1399999856948853,1.149999976158142,1.1200000047683716,1.1299999952316284,0.7948366403579712,5378000
2017-06-06,1.1299999952316284,1.149999976158142,1.1299999952316284,1.1299999952316284,0.7948366403579712,7512000
2017-06-07,1.1299999952316284,1.1799999475479126,1.1299999952316284,1.1799999475479126,0.8300064206123352,42006000
2017-06-08,1.1799999475479126,1.2200000286102295,1.1699999570846558,1.2100000381469727,0.8511082530021667,35076000
2017-06-09,1.2100000381469727,1.2200000286102295,1.1799999475479126,1.2100000381469727,0.8511082530021667,12558000
2017-06-12,1.2000000476837158,1.2100000381469727,1.1699999570846558,1.1699999570846558,0.8229724168777466,14274935
2017-06-13,1.1699999570846558,1.190000057220459,1.159999966621399,1.190000057220459,0.8370404839515686,14579989
2017-06-14,1.190000057220459,1.190000057220459,1.1699999570846558,1.1699999570846558,0.8229724168777466,13589803
2017-06-15,1.159999966621399,1.1699999570846558,1.149999976158142,1.159999966621399,0.8159384727478027,12781229
2017-06-16,1.159999966621399,1.159999966621399,1.1299999952316284,1.1399999856948853,0.8018705248832703,7544836
2017-06-19,1.1399999856948853,1.1399999856948853,1.1399999856948853,1.1399999856948853,0.8018705248832703,0
2017-06-20,1.1399999856948853,1.159999966621399,1.1399999856948853,1.149999976158142,0.8089045286178589,10585800
2017-06-21,1.149999976158142,1.190000057220459,1.1399999856948853,1.1699999570846558,0.8229724168777466,17971421
2017-06-22,1.1699999570846558,1.1699999570846558,1.149999976158142,1.1699999570846558,0.8229724168777466,6915000
2017-06-23,1.159999966621399,1.1699999570846558,1.1399999856948853,1.1399999856948853,0.8018705248832703,7300000
2017-06-26,1.149999976158142,1.1699999570846558,1.1399999856948853,1.159999966621399,0.8159384727478027,7271250
2017-06-27,1.149999976158142,1.159999966621399,1.1399999856948853,1.159999966621399,0.8159384727478027,6754000
2017-06-28,1.159999966621399,1.159999966621399,1.1399999856948853,1.159999966621399,0.8159384727478027,7422322
2017-06-29,1.149999976158142,1.1699999570846558,1.149999976158142,1.159999966621399,0.8159384727478027,5415000
2017-06-30,1.159999966621399,1.2100000381469727,1.149999976158142,1.1799999475479126,0.8300064206123352,29076000
2017-07-03,1.2000000476837158,1.2000000476837158,1.159999966621399,1.1799999475479126,0.8300064206123352,13658000
2017-07-04,1.1799999475479126,1.1799999475479126,1.149999976158142,1.159999966621399,0.8159384727478027,13213000
2017-07-05,1.1699999570846558,1.1799999475479126,1.159999966621399,1.1699999570846558,0.8229724168777466,14766000
2017-07-06,1.159999966621399,1.1699999570846558,1.149999976158142,1.1699999570846558,0.8229724168777466,7646000
2017-07-07,1.159999966621399,1.1699999570846558,1.149999976158142,1.159999966621399,0.8159384727478027,3626000
2017-07-10,1.159999966621399,1.1799999475479126,1.149999976158142,1.149999976158142,0.8089045286178589,10322000
2017-07-11,1.159999966621399,1.1799999475479126,1.149999976158142,1.1699999570846558,0.8229724168777466,13678000
2017-07-12,1.1699999570846558,1.1699999570846558,1.149999976158142,1.159999966621399,0.8159384727478027,7192870
2017-07-13,1.159999966621399,1.1699999570846558,1.1399999856948853,1.159999966621399,0.8159384727478027,26646000
2017-07-14,1.149999976158142,1.159999966621399,1.1299999952316284,1.1399999856948853,0.8018705248832703,19790000
2017-07-17,1.1399999856948853,1.149999976158142,1.1100000143051147,1.1299999952316284,0.7948366403579712,47028000
2017-07-18,1.1200000047683716,1.1299999952316284,1.1100000143051147,1.1299999952316284,0.7948366403579712,16124000
2017-07-19,1.1299999952316284,1.1399999856948853,1.1200000047683716,1.1399999856948853,0.8018705248832703,47856000
2017-07-20,1.1299999952316284,1.1399999856948853,1.1200000047683716,1.1299999952316284,0.7948366403579712,10115300
2017-07-21,1.1200000047683716,1.1299999952316284,1.1100000143051147,1.1200000047683716,0.7878027558326721,6260000
2017-07-24,1.1100000143051147,1.1200000047683716,1.100000023841858,1.1200000047683716,0.7878027558326721,10194000
2017-07-25,1.1200000047683716,1.1299999952316284,1.1100000143051147,1.1200000047683716,0.7878027558326721,12176334
2017-07-26,1.1100000143051147,1.1299999952316284,1.1100000143051147,1.1200000047683716,0.7878027558326721,16543000
2017-07-27,1.1200000047683716,1.149999976158142,1.1100000143051147,1.149999976158142,0.8089045286178589,8138000
2017-07-28,1.1399999856948853,1.159999966621399,1.1100000143051147,1.1200000047683716,0.7878027558326721,26372000
2017-07-31,1.100000023841858,1.1399999856948853,1.100000023841858,1.1200000047683716,0.7878027558326721,10679539
2017-08-01,1.1200000047683716,1.149999976158142,1.1100000143051147,1.1200000047683716,0.7878027558326721,18429603
2017-08-02,1.1299999952316284,1.1399999856948853,1.1200000047683716,1.1299999952316284,0.7948366403579712,16102000
2017-08-03,1.1200000047683716,1.1399999856948853,1.1200000047683716,1.1399999856948853,0.8018705248832703,6556000
2017-08-04,1.1399999856948853,1.149999976158142,1.1299999952316284,1.1399999856948853,0.8018705248832703,6460650
2017-08-07,1.149999976158142,1.159999966621399,1.1399999856948853,1.159999966621399,0.8159384727478027,17398000
2017-08-08,1.159999966621399,1.1699999570846558,1.149999976158142,1.1699999570846558,0.8229724168777466,28703804
2017-08-09,1.1699999570846558,1.1699999570846558,1.1399999856948853,1.149999976158142,0.8089045286178589,11961513
2017-08-10,1.1399999856948853,1.149999976158142,1.1299999952316284,1.149999976158142,0.8089045286178589,5550000
2017-08-11,1.1399999856948853,1.1399999856948853,1.1200000047683716,1.1200000047683716,0.7878027558326721,8288000
2017-08-14,1.1299999952316284,1.1699999570846558,1.1299999952316284,1.1699999570846558,0.8229724168777466,15158000
2017-08-15,1.159999966621399,1.159999966621399,1.1100000143051147,1.1100000143051147,0.7807687520980835,25184000
2017-08-16,1.1200000047683716,1.1200000047683716,1.090000033378601,1.100000023841858,0.7737348079681396,20018836
2017-08-17,1.090000033378601,1.090000033378601,1.0299999713897705,1.0499999523162842,0.7385650873184204,40278000
2017-08-18,1.0299999713897705,1.059999942779541,1.0299999713897705,1.0399999618530273,0.731531023979187,15412000
2017-08-21,1.059999942779541,1.1200000047683716,1.059999942779541,1.1100000143051147,0.7807687520980835,26393999
2017-08-22,1.1299999952316284,1.1399999856948853,1.1200000047683716,1.1299999952316284,0.7948366403579712,26922000
2017-08-23,1.1299999952316284,1.1299999952316284,1.1299999952316284,1.1299999952316284,0.7948366403579712,0
2017-08-24,1.1299999952316284,1.1399999856948853,1.1299999952316284,1.1399999856948853,0.8018705248832703,20721099
2017-08-25,1.149999976158142,1.149999976158142,1.1299999952316284,1.1299999952316284,0.7948366403579712,16820000
2017-08-28,1.1399999856948853,1.149999976158142,1.1200000047683716,1.1399999856948853,0.8018705248832703,13292008
2017-08-29,1.1200000047683716,1.1399999856948853,1.1200000047683716,1.1299999952316284,0.7948366403579712,8092000
2017-08-30,1.1299999952316284,1.1399999856948853,1.1200000047683716,1.1299999952316284,0.7948366403579712,11576600
2017-08-31,1.1299999952316284,1.1399999856948853,1.1100000143051147,1.1299999952316284,0.7948366403579712,13102000
2017-09-01,1.1200000047683716,1.1399999856948853,1.1200000047683716,1.1299999952316284,0.7948366403579712,22736000
2017-09-04,1.1299999952316284,1.1299999952316284,1.1299999952316284,1.1299999952316284,0.7948366403579712,0
2017-09-05,1.1299999952316284,1.1299999952316284,1.1200000047683716,1.1299999952316284,0.7948366403579712,2460000
2017-09-06,1.1200000047683716,1.1299999952316284,1.1100000143051147,1.1100000143051147,0.7807687520980835,6894000
2017-09-07,1.1100000143051147,1.1699999570846558,1.1100000143051147,1.149999976158142,0.8089045286178589,82729070
2017-09-08,1.159999966621399,1.159999966621399,1.1299999952316284,1.1399999856948853,0.8018705248832703,6434000
2017-09-11,1.1399999856948853,1.1699999570846558,1.1299999952316284,1.1399999856948853,0.8018705248832703,15218000
2017-09-12,1.149999976158142,1.1699999570846558,1.1399999856948853,1.1699999570846558,0.8229724168777466,55756930
2017-09-13,1.159999966621399,1.25,1.159999966621399,1.25,0.8792440295219421,158897134
2017-09-14,1.2400000095367432,1.309999942779541,1.2400000095367432,1.2799999713897705,0.9003458619117737,102697500
2017-09-15,1.2899999618530273,1.2899999618530273,1.25,1.2699999809265137,0.8933118581771851,35478000
2017-09-18,1.2599999904632568,1.2699999809265137,1.2400000095367432,1.25,0.8792440295219421,26886000
2017-09-19,1.25,1.2599999904632568,1.2400000095367432,1.2400000095367432,0.8722101449966431,20768000
2017-09-20,1.2599999904632568,1.2999999523162842,1.2599999904632568,1.2899999618530273,0.9073798656463623,30608100
2017-09-21,1.2899999618530273,1.3300000429153442,1.2899999618530273,1.309999942779541,0.92144775390625,32056000
2017-09-22,1.309999942779541,1.3200000524520874,1.2799999713897705,1.2799999713897705,0.9003458619117737,15372484
2017-09-25,1.2999999523162842,1.2999999523162842,1.2200000286102295,1.2300000190734863,0.8651762008666992,34728000
2017-09-26,1.2200000286102295,1.2599999904632568,1.2000000476837158,1.25,0.8792440295219421,11702000
2017-09-27,1.2599999904632568,1.2699999809265137,1.2300000190734863,1.2400000095367432,0.8722101449966431,8404000
2017-09-28,1.2400000095367432,1.2799999713897705,1.2400000095367432,1.2699999809265137,0.8933118581771851,16418000
2017-09-29,1.2599999904632568,1.2799999713897705,1.2400000095367432,1.2699999809265137,0.8933118581771851,12621000
2017-10-03,1.2699999809265137,1.2999999523162842,1.2699999809265137,1.2999999523162842,0.9144138097763062,9326076
2017-10-04,1.2999999523162842,1.3200000524520874,1.2899999618530273,1.3200000524520874,0.9284817576408386,34608725
2017-10-06,1.3200000524520874,1.3200000524520874,1.2799999713897705,1.309999942779541,0.92144775390625,12310000
2017-10-09,1.2999999523162842,1.309999942779541,1.2699999809265137,1.2799999713897705,0.9003458619117737,8926000
2017-10-10,1.2799999713897705,1.2999999523162842,1.2699999809265137,1.2999999523162842,0.9144138097763062,7260000
2017-10-11,1.309999942779541,1.309999942779541,1.2799999713897705,1.2799999713897705,0.9003458619117737,22717390
2017-10-12,1.2699999809265137,1.2799999713897705,1.2699999809265137,1.2699999809265137,0.8933118581771851,7229750
2017-10-13,1.2799999713897705,1.2899999618530273,1.2699999809265137,1.2799999713897705,0.9003458619117737,8590500
2017-10-16,1.2799999713897705,1.2999999523162842,1.2799999713897705,1.2899999618530273,0.9073798656463623,6332000
2017-10-17,1.2799999713897705,1.2999999523162842,1.2599999904632568,1.2799999713897705,0.9003458619117737,23352000
2017-10-18,1.2699999809265137,1.2799999713897705,1.25,1.2699999809265137,0.8933118581771851,9942000
2017-10-19,1.2699999809265137,1.2899999618530273,1.2300000190734863,1.2400000095367432,0.8722101449966431,33257276
2017-10-20,1.2400000095367432,1.2999999523162842,1.2300000190734863,1.2699999809265137,0.8933118581771851,53289323
2017-10-23,1.2799999713897705,1.2999999523162842,1.2400000095367432,1.25,0.8792440295219421,21954000
2017-10-24,1.2599999904632568,1.2599999904632568,1.2300000190734863,1.25,0.8792440295219421,16267000
2017-10-25,1.2599999904632568,1.2899999618530273,1.25,1.2899999618530273,0.9073798656463623,25356000
2017-10-26,1.2899999618530273,1.2899999618530273,1.2200000286102295,1.25,0.8792440295219421,19211419
2017-10-27,1.2599999904632568,1.2599999904632568,1.2300000190734863,1.2300000190734863,0.8651762008666992,10133999
2017-10-30,1.2400000095367432,1.2400000095367432,1.2100000381469727,1.2200000286102295,0.8581422567367554,6794000
2017-10-31,1.2200000286102295,1.25,1.2200000286102295,1.2400000095367432,0.8722101449966431,9134428
2017-11-01,1.2400000095367432,1.2400000095367432,1.2200000286102295,1.2300000190734863,0.8651762008666992,25171000
2017-11-02,1.2300000190734863,1.2400000095367432,1.2200000286102295,1.2200000286102295,0.8581422567367554,8826381
2017-11-03,1.2300000190734863,1.2300000190734863,1.2000000476837158,1.2000000476837158,0.8440744876861572,8002000
2017-11-06,1.2000000476837158,1.2100000381469727,1.1799999475479126,1.2000000476837158,0.8440744876861572,8364000
2017-11-07,1.190000057220459,1.2100000381469727,1.1799999475479126,1.190000057220459,0.8370404839515686,14491000
2017-11-08,1.190000057220459,1.2000000476837158,1.149999976158142,1.1799999475479126,0.8300064206123352,29137875
2017-11-09,1.1699999570846558,1.190000057220459,1.159999966621399,1.1799999475479126,0.8300064206123352,10158000
2017-11-10,1.1799999475479126,1.190000057220459,1.1699999570846558,1.1799999475479126,0.8300064206123352,7280000
2017-11-13,1.190000057220459,1.190000057220459,1.1699999570846558,1.1799999475479126,0.8300064206123352,4382000
2017-11-14,1.1799999475479126,1.1799999475479126,1.159999966621399,1.1699999570846558,0.8229724168777466,9456000
2017-11-15,1.1699999570846558,1.190000057220459,1.1699999570846558,1.190000057220459,0.8370404839515686,6502090
2017-11-16,1.190000057220459,1.190000057220459,1.159999966621399,1.1799999475479126,0.8300064206123352,8140000
2017-11-17,1.190000057220459,1.190000057220459,1.1699999570846558,1.1799999475479126,0.8300064206123352,9784000
2017-11-20,1.1799999475479126,1.1799999475479126,1.149999976158142,1.1699999570846558,0.8229724168777466,20932000
2017-11-21,1.1699999570846558,1.1699999570846558,1.1200000047683716,1.1399999856948853,0.8018705248832703,22690900
2017-11-22,1.1399999856948853,1.149999976158142,1.1100000143051147,1.1299999952316284,0.7948366403579712,15936000
2017-11-23,1.1399999856948853,1.149999976158142,1.1200000047683716,1.1399999856948853,0.8018705248832703,12710000
2017-11-24,1.1299999952316284,1.1399999856948853,1.1200000047683716,1.1299999952316284,0.7948366403579712,7840000
2017-11-27,1.1399999856948853,1.149999976158142,1.1299999952316284,1.1399999856948853,0.8018705248832703,13446000
2017-11-28,1.1399999856948853,1.149999976158142,1.1299999952316284,1.149999976158142,0.8089045286178589,10456970
2017-11-29,1.149999976158142,1.190000057220459,1.1299999952316284,1.1799999475479126,0.8300064206123352,17624000
2017-11-30,1.1799999475479126,1.1799999475479126,1.159999966621399,1.1799999475479126,0.8300064206123352,11386000
2017-12-01,1.1799999475479126,1.190000057220459,1.159999966621399,1.1799999475479126,0.8300064206123352,9776000
2017-12-04,1.1699999570846558,1.1799999475479126,1.159999966621399,1.1699999570846558,0.8229724168777466,3141814
2017-12-05,1.1699999570846558,1.1699999570846558,1.1399999856948853,1.1399999856948853,0.8018705248832703,7538678
2017-12-06,1.1399999856948853,1.1399999856948853,1.090000033378601,1.100000023841858,0.7737348079681396,20520000
2017-12-07,1.1100000143051147,1.1100000143051147,1.0800000429153442,1.090000033378601,0.766700804233551,6022000
2017-12-08,1.090000033378601,1.1100000143051147,1.0700000524520874,1.1100000143051147,0.7807687520980835,16047694
2017-12-11,1.1200000047683716,1.1299999952316284,1.100000023841858,1.1299999952316284,0.7948366403579712,4104500
2017-12-12,1.1299999952316284,1.1299999952316284,1.0800000429153442,1.0800000429153442,0.7596668601036072,14956000
2017-12-13,1.090000033378601,1.090000033378601,1.0700000524520874,1.090000033378601,0.766700804233551,8348800
2017-12-14,1.100000023841858,1.1200000047683716,1.090000033378601,1.1100000143051147,0.7807687520980835,6110000
2017-12-15,1.1100000143051147,1.1100000143051147,1.100000023841858,1.1100000143051147,0.7807687520980835,6675116
2017-12-18,1.1100000143051147,1.1299999952316284,1.1100000143051147,1.1200000047683716,0.7878027558326721,4493166
2017-12-19,1.1299999952316284,1.1299999952316284,1.1200000047683716,1.1200000047683716,0.7878027558326721,5270000
2017-12-20,1.1299999952316284,1.1299999952316284,1.1100000143051147,1.1200000047683716,0.7878027558326721,18811500
2017-12-21,1.1200000047683716,1.149999976158142,1.1200000047683716,1.149999976158142,0.8089045286178589,9910000
2017-12-22,1.149999976158142,1.159999966621399,1.1299999952316284,1.1399999856948853,0.8018705248832703,7999500
2017-12-27,1.1399999856948853,1.1699999570846558,1.1299999952316284,1.159999966621399,0.8159384727478027,5726000
2017-12-28,1.159999966621399,1.159999966621399,1.1299999952316284,1.149999976158142,0.8089045286178589,5290000
2017-12-29,1.149999976158142,1.1799999475479126,1.1299999952316284,1.1699999570846558,0.8229724168777466,16778000
2018-01-02,1.2100000381469727,1.2400000095367432,1.2000000476837158,1.2200000286102295,0.8581422567367554,24375000
2018-01-03,1.2200000286102295,1.2300000190734863,1.2000000476837158,1.2100000381469727,0.8511082530021667,22612000
2018-01-04,1.2200000286102295,1.2300000190734863,1.2100000381469727,1.2300000190734863,0.8651762008666992,6502000
2018-01-05,1.25,1.25,1.2300000190734863,1.25,0.8792440295219421,12994904
2018-01-08,1.25,1.2899999618530273,1.2400000095367432,1.2899999618530273,0.9073798656463623,47020000
2018-01-09,1.2999999523162842,1.309999942779541,1.2599999904632568,1.2699999809265137,0.8933118581771851,59414475
2018-01-10,1.25,1.350000023841858,1.25,1.3200000524520874,0.9284817576408386,170691550
2018-01-11,1.3300000429153442,1.3300000429153442,1.2599999904632568,1.3200000524520874,0.9284817576408386,95405306
2018-01-12,1.3300000429153442,1.4299999475479126,1.2999999523162842,1.399999976158142,0.984753429889679,114396000
2018-01-15,1.409999966621399,1.409999966621399,1.350000023841858,1.3700000047683716,0.9636515974998474,19968000
2018-01-16,1.3700000047683716,1.3899999856948853,1.340000033378601,1.3899999856948853,0.9777194857597351,20356000
2018-01-17,1.3700000047683716,1.440000057220459,1.3600000143051147,1.399999976158142,0.984753429889679,54036200
2018-01-18,1.399999976158142,1.409999966621399,1.350000023841858,1.350000023841858,0.9495836496353149,21770000
2018-01-19,1.3600000143051147,1.3799999952316284,1.350000023841858,1.3600000143051147,0.9566175937652588,12132000
2018-01-22,1.3700000047683716,1.3799999952316284,1.3600000143051147,1.3799999952316284,0.9706854224205017,7650000
2018-01-23,1.3700000047683716,1.3899999856948853,1.350000023841858,1.3899999856948853,0.9777194857597351,26216000
2018-01-24,1.3899999856948853,1.399999976158142,1.3700000047683716,1.3899999856948853,0.9777194857597351,7976000
2018-01-25,1.3799999952316284,1.3799999952316284,1.3600000143051147,1.3700000047683716,0.9636515974998474,22964930
2018-01-26,1.3700000047683716,1.399999976158142,1.3600000143051147,1.3700000047683716,0.9636515974998474,10646000
2018-01-29,1.3700000047683716,1.3899999856948853,1.3600000143051147,1.3700000047683716,0.9636515974998474,20887130
2018-01-30,1.3700000047683716,1.3799999952316284,1.350000023841858,1.3700000047683716,0.9636515974998474,9917000
2018-01-31,1.3600000143051147,1.3700000047683716,1.340000033378601,1.350000023841858,0.9495836496353149,12206000
2018-02-01,1.3300000429153442,1.350000023841858,1.2799999713897705,1.309999942779541,0.92144775390625,69375505
2018-02-02,1.3300000429153442,1.350000023841858,1.309999942779541,1.350000023841858,0.9495836496353149,8406000
2018-02-05,1.2999999523162842,1.350000023841858,1.2999999523162842,1.350000023841858,0.9495836496353149,16856000
2018-02-06,1.309999942779541,1.3300000429153442,1.2599999904632568,1.2699999809265137,0.8933118581771851,30220000
2018-02-07,1.2999999523162842,1.309999942779541,1.2599999904632568,1.2699999809265137,0.8933118581771851,10821011
2018-02-08,1.2699999809265137,1.2999999523162842,1.2599999904632568,1.2799999713897705,0.9003458619117737,9224000
2018-02-09,1.25,1.25,1.2100000381469727,1.2300000190734863,0.8651762008666992,25678000
2018-02-12,1.2300000190734863,1.2699999809265137,1.2300000190734863,1.2300000190734863,0.8651762008666992,5378000
2018-02-13,1.25,1.350000023841858,1.25,1.3200000524520874,0.9284817576408386,27220000
2018-02-14,1.3200000524520874,1.3300000429153442,1.2799999713897705,1.3200000524520874,0.9284817576408386,11155591
2018-02-15,1.309999942779541,1.340000033378601,1.309999942779541,1.3300000429153442,0.935515820980072,3454000
2018-02-20,1.3300000429153442,1.350000023841858,1.3200000524520874,1.350000023841858,0.9495836496353149,15336000
2018-02-21,1.3300000429153442,1.350000023841858,1.3300000429153442,1.350000023841858,0.9495836496353149,6276000
2018-02-22,1.350000023841858,1.3700000047683716,1.340000033378601,1.3600000143051147,0.9566175937652588,8238000
2018-02-23,1.3600000143051147,1.3899999856948853,1.3600000143051147,1.3700000047683716,0.9636515974998474,14713924
2018-02-26,1.3899999856948853,1.3899999856948853,1.350000023841858,1.3600000143051147,0.9566175937652588,12570187
2018-02-27,1.3700000047683716,1.3700000047683716,1.3200000524520874,1.3300000429153442,0.935515820980072,11178000
2018-02-28,1.3200000524520874,1.350000023841858,1.309999942779541,1.3300000429153442,0.935515820980072,7674000
2018-03-01,1.3200000524520874,1.3600000143051147,1.3200000524520874,1.350000023841858,0.9495836496353149,3810000
2018-03-02,1.340000033378601,1.340000033378601,1.3200000524520874,1.340000033378601,0.9425496459007263,5262330
2018-03-05,1.3300000429153442,1.340000033378601,1.2699999809265137,1.2899999618530273,0.9073798656463623,11847283
2018-03-06,1.2899999618530273,1.3200000524520874,1.2799999713897705,1.2999999523162842,0.9144138097763062,9562000
2018-03-07,1.2899999618530273,1.2999999523162842,1.2599999904632568,1.2699999809265137,0.8933118581771851,22032000
2018-03-08,1.2699999809265137,1.309999942779541,1.2699999809265137,1.2999999523162842,0.9144138097763062,6807677
2018-03-09,1.309999942779541,1.309999942779541,1.2799999713897705,1.2899999618530273,0.9073798656463623,6511114
2018-03-12,1.3200000524520874,1.3600000143051147,1.309999942779541,1.340000033378601,0.9425496459007263,29318000
2018-03-13,1.340000033378601,1.3600000143051147,1.3300000429153442,1.350000023841858,0.9495836496353149,7688000
2018-03-14,1.350000023841858,1.409999966621399,1.3300000429153442,1.3799999952316284,0.9706854224205017,47798000
2018-03-15,1.3899999856948853,1.399999976158142,1.3700000047683716,1.3899999856948853,0.9777194857597351,13906768
2018-03-16,1.399999976158142,1.4700000286102295,1.3899999856948853,1.4700000286102295,1.0339909791946411,75595148
2018-03-19,1.4800000190734863,1.4800000190734863,1.4199999570846558,1.4299999475479126,1.0058550834655762,21832512
2018-03-20,1.4500000476837158,1.4800000190734863,1.3899999856948853,1.3899999856948853,0.9777194857597351,20422173
2018-03-21,1.3899999856948853,1.4199999570846558,1.3600000143051147,1.3799999952316284,0.9706854224205017,11276645
2018-03-22,1.399999976158142,1.409999966621399,1.3899999856948853,1.409999966621399,0.9917872548103333,14700000
2018-03-23,1.3600000143051147,1.4299999475479126,1.3600000143051147,1.3899999856948853,0.9777194857597351,33950563
2018-03-26,1.409999966621399,1.5299999713897705,1.399999976158142,1.4600000381469727,1.0269570350646973,131862513
2018-03-27,1.5,1.5199999809265137,1.4700000286102295,1.4900000095367432,1.0480589866638184,26210805
2018-03-28,1.4900000095367432,1.4900000095367432,1.399999976158142,1.4600000381469727,1.0269570350646973,35702000
2018-03-29,1.4600000381469727,1.5299999713897705,1.4600000381469727,1.4900000095367432,1.0480589866638184,32307900
2018-04-03,1.4700000286102295,1.5399999618530273,1.4600000381469727,1.5299999713897705,1.0761947631835938,28372166
2018-04-04,1.5499999523162842,1.6200000047683716,1.5399999618530273,1.559999942779541,1.0972964763641357,60450900
2018-04-06,1.5700000524520874,1.6399999856948853,1.5700000524520874,1.6100000143051147,1.132466197013855,72965000
2018-04-09,1.6100000143051147,1.6200000047683716,1.5700000524520874,1.600000023841858,1.1254324913024902,15494000
2018-04-10,1.6100000143051147,1.649999976158142,1.600000023841858,1.6100000143051147,1.132466197013855,52595532
2018-04-11,1.6100000143051147,1.6299999952316284,1.5800000429153442,1.590000033378601,1.1183984279632568,31788000
2018-04-12,1.590000033378601,1.600000023841858,1.559999942779541,1.590000033378601,1.1183984279632568,42448000
2018-04-13,1.590000033378601,1.6299999952316284,1.5800000429153442,1.6200000047683716,1.139500379562378,18418000
2018-04-16,1.6100000143051147,1.6100000143051147,1.5299999713897705,1.5700000524520874,1.1043307781219482,45116126
2018-04-17,1.559999942779541,1.600000023841858,1.5499999523162842,1.559999942779541,1.0972964763641357,21386000
2018-04-18,1.5800000429153442,1.600000023841858,1.559999942779541,1.590000033378601,1.1183984279632568,24012000
2018-04-19,1.600000023841858,1.6299999952316284,1.590000033378601,1.6100000143051147,1.132466197013855,37240774
2018-04-20,1.6299999952316284,1.649999976158142,1.590000033378601,1.6299999952316284,1.1465343236923218,43192000
2018-04-23,1.6399999856948853,1.6699999570846558,1.5099999904632568,1.5299999713897705,1.0761947631835938,35761760
2018-04-24,1.5299999713897705,1.6100000143051147,1.5199999809265137,1.600000023841858,1.1254324913024902,35977000
2018-04-25,1.600000023841858,1.600000023841858,1.559999942779541,1.5800000429153442,1.1113646030426025,13070000
2018-04-26,1.5700000524520874,1.6100000143051147,1.559999942779541,1.6100000143051147,1.132466197013855,21004000
2018-04-27,1.6100000143051147,1.6299999952316284,1.5700000524520874,1.600000023841858,1.1254324913024902,17206000
2018-04-30,1.590000033378601,1.6100000143051147,1.5800000429153442,1.600000023841858,1.1254324913024902,13055450
2018-05-02,1.600000023841858,1.6100000143051147,1.5700000524520874,1.5800000429153442,1.1113646030426025,13042000
2018-05-03,1.590000033378601,1.600000023841858,1.5399999618530273,1.5399999618530273,1.083228588104248,24026000
2018-05-04,1.5399999618530273,1.559999942779541,1.5399999618530273,1.5499999523162842,1.0902626514434814,11492226
2018-05-07,1.559999942779541,1.5800000429153442,1.5299999713897705,1.5499999523162842,1.0902626514434814,13176000
2018-05-08,1.5399999618530273,1.5800000429153442,1.5399999618530273,1.5700000524520874,1.1043307781219482,16844000
2018-05-09,1.5800000429153442,1.600000023841858,1.559999942779541,1.600000023841858,1.1254324913024902,20804000
2018-05-10,1.590000033378601,1.600000023841858,1.5499999523162842,1.559999942779541,1.0972964763641357,14628000
2018-05-11,1.559999942779541,1.5800000429153442,1.5399999618530273,1.5399999618530273,1.083228588104248,9298000
2018-05-14,1.559999942779541,1.5700000524520874,1.5399999618530273,1.559999942779541,1.0972964763641357,5880000
2018-05-15,1.5700000524520874,1.5700000524520874,1.5399999618530273,1.5399999618530273,1.083228588104248,3864000
2018-05-16,1.5499999523162842,1.559999942779541,1.5399999618530273,1.559999942779541,1.0972964763641357,9558383
2018-05-17,1.5700000524520874,1.5700000524520874,1.5499999523162842,1.5499999523162842,1.0902626514434814,10068000
2018-05-18,1.559999942779541,1.559999942779541,1.5499999523162842,1.5499999523162842,1.0902626514434814,11316722
2018-05-21,1.5399999618530273,1.559999942779541,1.5399999618530273,1.5499999523162842,1.0902626514434814,5146000
2018-05-23,1.5399999618530273,1.5499999523162842,1.5,1.5,1.0772637128829956,17669961
2018-05-24,1.5,1.5099999904632568,1.4299999475479126,1.4500000476837158,1.041355013847351,14819622
2018-05-25,1.4500000476837158,1.4700000286102295,1.440000057220459,1.4600000381469727,1.0485366582870483,7220150
2018-05-28,1.4700000286102295,1.4700000286102295,1.409999966621399,1.4299999475479126,1.026991367340088,9156000
2018-05-29,1.4299999475479126,1.440000057220459,1.4199999570846558,1.4299999475479126,1.026991367340088,5034000
2018-05-30,1.4199999570846558,1.4299999475479126,1.3600000143051147,1.3600000143051147,0.9767190217971802,17074000
2018-05-31,1.399999976158142,1.4900000095367432,1.399999976158142,1.4700000286102295,1.0557184219360352,33448000
2018-06-01,1.4600000381469727,1.5099999904632568,1.440000057220459,1.4900000095367432,1.0700820684432983,13572000
2018-06-04,1.4900000095367432,1.5199999809265137,1.4900000095367432,1.5199999809265137,1.0916272401809692,9371000
2018-06-05,1.5099999904632568,1.5399999618530273,1.4800000190734863,1.4900000095367432,1.0700820684432983,11044000
2018-06-06,1.5,1.5099999904632568,1.4800000190734863,1.4800000190734863,1.062900185585022,7293000
2018-06-07,1.4800000190734863,1.5,1.4600000381469727,1.4600000381469727,1.0485366582870483,19899372
2018-06-08,1.4800000190734863,1.4900000095367432,1.440000057220459,1.4700000286102295,1.0557184219360352,12350000
2018-06-11,1.4700000286102295,1.5,1.4600000381469727,1.4800000190734863,1.062900185585022,9058000
2018-06-12,1.4900000095367432,1.4900000095367432,1.440000057220459,1.4500000476837158,1.041355013847351,8202000
2018-06-13,1.4500000476837158,1.4800000190734863,1.4500000476837158,1.4800000190734863,1.062900185585022,5058000
2018-06-14,1.4800000190734863,1.4800000190734863,1.4500000476837158,1.4500000476837158,1.041355013847351,7642000
2018-06-15,1.4600000381469727,1.4600000381469727,1.4299999475479126,1.4500000476837158,1.041355013847351,10758000
2018-06-19,1.440000057220459,1.440000057220459,1.3600000143051147,1.3700000047683716,0.9839008450508118,16078000
2018-06-20,1.3799999952316284,1.3899999856948853,1.309999942779541,1.3300000429153442,0.955173909664154,25629639
2018-06-21,1.350000023841858,1.3700000047683716,1.3300000429153442,1.340000033378601,0.9623555541038513,4800000
2018-06-22,1.3300000429153442,1.340000033378601,1.309999942779541,1.3300000429153442,0.955173909664154,13281372
2018-06-25,1.340000033378601,1.3700000047683716,1.3300000429153442,1.3300000429153442,0.955173909664154,18835000
2018-06-26,1.3200000524520874,1.3300000429153442,1.2100000381469727,1.25,0.8977197408676147,68323000
2018-06-27,1.25,1.2999999523162842,1.1799999475479126,1.190000057220459,0.8546292185783386,26601648
2018-06-28,1.2000000476837158,1.2100000381469727,1.1399999856948853,1.1699999570846558,0.8402656316757202,29772248
2018-06-29,1.2000000476837158,1.2599999904632568,1.1699999570846558,1.25,0.8977197408676147,20794000
2018-07-03,1.2300000190734863,1.2400000095367432,1.1799999475479126,1.2000000476837158,0.861811101436615,22438000
2018-07-04,1.2000000476837158,1.2000000476837158,1.149999976158142,1.1699999570846558,0.8402656316757202,4133000
2018-07-05,1.1699999570846558,1.1799999475479126,1.1200000047683716,1.149999976158142,0.8259021043777466,5766000
2018-07-06,1.149999976158142,1.2000000476837158,1.1299999952316284,1.190000057220459,0.8546292185783386,13774810
2018-07-09,1.2100000381469727,1.2400000095367432,1.2000000476837158,1.2300000190734863,0.8833562731742859,23662000
2018-07-10,1.25,1.2999999523162842,1.2400000095367432,1.2599999904632568,0.9049015641212463,30743924
2018-07-11,1.2599999904632568,1.3300000429153442,1.2400000095367432,1.2799999713897705,0.9192648530006409,27304000
2018-07-12,1.2899999618530273,1.2899999618530273,1.2200000286102295,1.2899999618530273,0.9264467358589172,15678700
2018-07-13,1.2799999713897705,1.309999942779541,1.25,1.2599999904632568,0.9049015641212463,21180000
2018-07-16,1.2599999904632568,1.2599999904632568,1.2200000286102295,1.25,0.8977197408676147,10435000
2018-07-17,1.25,1.2599999904632568,1.2300000190734863,1.25,0.8977197408676147,7766000
2018-07-18,1.2599999904632568,1.2599999904632568,1.2200000286102295,1.2300000190734863,0.8833562731742859,6904000
2018-07-19,1.2400000095367432,1.25,1.2300000190734863,1.2400000095367432,0.8905379772186279,3556000
2018-07-20,1.2400000095367432,1.25,1.1699999570846558,1.2300000190734863,0.8833562731742859,11560000
2018-07-23,1.2300000190734863,1.2599999904632568,1.2000000476837158,1.2599999904632568,0.9049015641212463,11776000
2018-07-24,1.2899999618530273,1.3600000143051147,1.2899999618530273,1.3200000524520874,0.9479920864105225,38388496
2018-07-25,1.3300000429153442,1.3600000143051147,1.309999942779541,1.3200000524520874,0.9479920864105225,22796000
2018-07-26,1.3300000429153442,1.399999976158142,1.3300000429153442,1.3600000143051147,0.9767190217971802,37626200
2018-07-27,1.350000023841858,1.3899999856948853,1.3300000429153442,1.3700000047683716,0.9839008450508118,27609727
2018-07-30,1.3799999952316284,1.4500000476837158,1.3600000143051147,1.3799999952316284,0.991082489490509,47857330
2018-07-31,1.3700000047683716,1.399999976158142,1.340000033378601,1.3799999952316284,0.991082489490509,16245600
2018-08-01,1.3899999856948853,1.409999966621399,1.3700000047683716,1.3899999856948853,0.9982643723487854,21256000
2018-08-02,1.3899999856948853,1.3899999856948853,1.3300000429153442,1.3600000143051147,0.9767190217971802,24512000
2018-08-03,1.350000023841858,1.3600000143051147,1.2999999523162842,1.309999942779541,0.9408103227615356,19458000
2018-08-06,1.3300000429153442,1.340000033378601,1.309999942779541,1.3200000524520874,0.9479920864105225,9738000
2018-08-07,1.3300000429153442,1.3600000143051147,1.3200000524520874,1.350000023841858,0.9695372581481934,11528000
2018-08-08,1.3600000143051147,1.3799999952316284,1.3300000429153442,1.350000023841858,0.9695372581481934,12246000
2018-08-09,1.3600000143051147,1.3700000047683716,1.340000033378601,1.3600000143051147,0.9767190217971802,7679187
2018-08-10,1.350000023841858,1.3600000143051147,1.309999942779541,1.3200000524520874,0.9479920864105225,15118000
2018-08-13,1.309999942779541,1.3799999952316284,1.309999942779541,1.3600000143051147,0.9767190217971802,10344000
2018-08-14,1.3799999952316284,1.440000057220459,1.3700000047683716,1.3899999856948853,0.9982643723487854,43858000
2018-08-15,1.399999976158142,1.4199999570846558,1.3600000143051147,1.3700000047683716,0.9839008450508118,18690000
2018-08-16,1.3200000524520874,1.399999976158142,1.3200000524520874,1.399999976158142,1.0054460763931274,28941164
2018-08-17,1.399999976158142,1.5,1.399999976158142,1.4800000190734863,1.062900185585022,45930000
2018-08-20,1.5,1.5399999618530273,1.4900000095367432,1.5199999809265137,1.0916272401809692,47290000
2018-08-21,1.5,1.5099999904632568,1.4700000286102295,1.4900000095367432,1.0700820684432983,20793000
2018-08-22,1.5,1.5099999904632568,1.4700000286102295,1.4800000190734863,1.062900185585022,14790000
2018-08-23,1.4900000095367432,1.4900000095367432,1.440000057220459,1.4700000286102295,1.0557184219360352,20112000
2018-08-24,1.4600000381469727,1.4900000095367432,1.4500000476837158,1.4800000190734863,1.062900185585022,7122000
2018-08-27,1.4900000095367432,1.5,1.4700000286102295,1.4900000095367432,1.0700820684432983,12394000
2018-08-28,1.4900000095367432,1.5,1.4500000476837158,1.4600000381469727,1.0582669973373413,8238000
2018-08-29,1.4700000286102295,1.4900000095367432,1.4700000286102295,1.4800000190734863,1.0727638006210327,10378000
2018-08-30,1.4900000095367432,1.4900000095367432,1.4600000381469727,1.4700000286102295,1.065515398979187,9269204
2018-08-31,1.4600000381469727,1.4700000286102295,1.4299999475479126,1.4500000476837158,1.0510187149047852,10175950
2018-09-03,1.440000057220459,1.4500000476837158,1.3600000143051147,1.3700000047683716,0.99303138256073,17940000
2018-09-04,1.3799999952316284,1.4199999570846558,1.3700000047683716,1.3799999952316284,1.0002796649932861,7160843
2018-09-05,1.3899999856948853,1.4199999570846558,1.3600000143051147,1.3700000047683716,0.99303138256073,39295164
2018-09-06,1.3899999856948853,1.4299999475479126,1.3600000143051147,1.409999966621399,1.0220248699188232,24052000
2018-09-07,1.440000057220459,1.4500000476837158,1.409999966621399,1.4299999475479126,1.0365217924118042,12964000
2018-09-10,1.4199999570846558,1.4199999570846558,1.2699999809265137,1.2999999523162842,0.9422925114631653,33692791
2018-09-11,1.2899999618530273,1.3200000524520874,1.2200000286102295,1.2400000095367432,0.8988021016120911,37677000
2018-09-12,1.2599999904632568,1.2799999713897705,1.2400000095367432,1.2599999904632568,0.9132989645004272,18976000
2018-09-13,1.2799999713897705,1.3200000524520874,1.2699999809265137,1.2999999523162842,0.9422925114631653,21008740
2018-09-14,1.3200000524520874,1.340000033378601,1.2999999523162842,1.3300000429153442,0.9640378355979919,12638000
2018-09-17,1.340000033378601,1.340000033378601,1.2699999809265137,1.2899999618530273,0.9350441098213196,5462000
2018-09-18,1.2999999523162842,1.3700000047683716,1.2799999713897705,1.3600000143051147,0.9857829213142395,16738000
2018-09-19,1.3700000047683716,1.409999966621399,1.3300000429153442,1.3600000143051147,0.9857829213142395,31281689
2018-09-20,1.3799999952316284,1.3799999952316284,1.340000033378601,1.3700000047683716,0.99303138256073,14417833
2018-09-21,1.3899999856948853,1.409999966621399,1.3600000143051147,1.409999966621399,1.0220248699188232,16830000
2018-09-24,1.409999966621399,1.409999966621399,1.350000023841858,1.3600000143051147,0.9857829213142395,10122000
2018-09-26,1.3899999856948853,1.4199999570846558,1.3799999952316284,1.4199999570846558,1.029273271560669,13790000
2018-09-27,1.4199999570846558,1.4500000476837158,1.399999976158142,1.4199999570846558,1.029273271560669,9342000
2018-09-28,1.4600000381469727,1.4700000286102295,1.4299999475479126,1.4700000286102295,1.065515398979187,22926000
2018-10-02,1.4700000286102295,1.4700000286102295,1.4299999475479126,1.440000057220459,1.0437703132629395,6384000
2018-10-03,1.4500000476837158,1.4500000476837158,1.4199999570846558,1.4299999475479126,1.0365217924118042,10742000
2018-10-04,1.440000057220459,1.440000057220459,1.3799999952316284,1.3899999856948853,1.0075281858444214,15262000
2018-10-05,1.3700000047683716,1.399999976158142,1.3700000047683716,1.3899999856948853,1.0075281858444214,9468000
2018-10-08,1.3899999856948853,1.399999976158142,1.2999999523162842,1.2999999523162842,0.9422925114631653,16661696
2018-10-09,1.3200000524520874,1.350000023841858,1.2999999523162842,1.340000033378601,0.9712861776351929,10107644
2018-10-10,1.340000033378601,1.350000023841858,1.3200000524520874,1.3200000524520874,0.9567893743515015,20602020
2018-10-11,1.2999999523162842,1.2999999523162842,1.2400000095367432,1.2599999904632568,0.9132989645004272,14308722
2018-10-12,1.2599999904632568,1.2899999618530273,1.25,1.2799999713897705,0.9277955889701843,33996000
2018-10-15,1.2799999713897705,1.309999942779541,1.2699999809265137,1.2999999523162842,0.9422925114631653,7448000
2018-10-16,1.309999942779541,1.309999942779541,1.2599999904632568,1.2799999713897705,0.9277955889701843,12801448
2018-10-18,1.3200000524520874,1.3200000524520874,1.2400000095367432,1.2599999904632568,0.9132989645004272,13898100
2018-10-19,1.25,1.2799999713897705,1.2400000095367432,1.2599999904632568,0.9132989645004272,20492304
2018-10-22,1.2599999904632568,1.309999942779541,1.2599999904632568,1.2899999618530273,0.9350441098213196,13130000
2018-10-23,1.2899999618530273,1.2899999618530273,1.2300000190734863,1.2300000190734863,0.8915537595748901,10058000
2018-10-24,1.2400000095367432,1.2599999904632568,1.2000000476837158,1.2000000476837158,0.8698086738586426,8424000
2018-10-25,1.2000000476837158,1.2000000476837158,1.1299999952316284,1.159999966621399,0.8408148288726807,9640000
2018-10-26,1.149999976158142,1.1799999475479126,1.1100000143051147,1.1399999856948853,0.8263180255889893,16984000
2018-10-29,1.1399999856948853,1.1699999570846558,1.1299999952316284,1.149999976158142,0.833566427230835,7124825
2018-10-30,1.159999966621399,1.159999966621399,1.1200000047683716,1.1299999952316284,0.8190696835517883,3540000
2018-10-31,1.1399999856948853,1.1799999475479126,1.1299999952316284,1.159999966621399,0.8408148288726807,11288300
2018-11-01,1.1799999475479126,1.2300000190734863,1.1799999475479126,1.2100000381469727,0.877056896686554,12448000
2018-11-02,1.2400000095367432,1.2699999809265137,1.2300000190734863,1.25,0.9060505032539368,9648000
2018-11-05,1.2400000095367432,1.2400000095367432,1.1799999475479126,1.190000057220459,0.8625601530075073,10942000
2018-11-06,1.2100000381469727,1.2200000286102295,1.1799999475479126,1.190000057220459,0.8625601530075073,7422000
2018-11-07,1.2000000476837158,1.2400000095367432,1.190000057220459,1.2000000476837158,0.8698086738586426,4582000
2018-11-08,1.2300000190734863,1.2300000190734863,1.2000000476837158,1.2200000286102295,0.8843053579330444,13020000
2018-11-09,1.2100000381469727,1.2400000095367432,1.190000057220459,1.2000000476837158,0.8698086738586426,6138000
2018-11-12,1.2000000476837158,1.2100000381469727,1.190000057220459,1.190000057220459,0.8625601530075073,3476000
2018-11-13,1.190000057220459,1.2300000190734863,1.1799999475479126,1.2200000286102295,0.8843053579330444,6452000
2018-11-14,1.2100000381469727,1.2300000190734863,1.190000057220459,1.2200000286102295,0.8843053579330444,9088000
2018-11-15,1.2200000286102295,1.2300000190734863,1.190000057220459,1.2200000286102295,0.8843053579330444,13056700
2018-11-16,1.2300000190734863,1.2400000095367432,1.2100000381469727,1.2200000286102295,0.8843053579330444,13136000
2018-11-19,1.2200000286102295,1.2400000095367432,1.2100000381469727,1.2100000381469727,0.877056896686554,7088000
2018-11-20,1.190000057220459,1.2100000381469727,1.1799999475479126,1.190000057220459,0.8625601530075073,9868000
2018-11-21,1.1799999475479126,1.2000000476837158,1.1699999570846558,1.1799999475479126,0.8553116917610168,5158000
2018-11-22,1.1799999475479126,1.190000057220459,1.159999966621399,1.1699999570846558,0.8480632305145264,7498000
2018-11-23,1.1699999570846558,1.1799999475479126,1.159999966621399,1.159999966621399,0.8408148288726807,4192000
2018-11-26,1.159999966621399,1.1799999475479126,1.149999976158142,1.1699999570846558,0.8480632305145264,14198000
2018-11-27,1.1699999570846558,1.2200000286102295,1.1699999570846558,1.2100000381469727,0.877056896686554,5156000
2018-11-28,1.2100000381469727,1.2400000095367432,1.2100000381469727,1.2200000286102295,0.8843053579330444,8248000
2018-11-29,1.2200000286102295,1.2300000190734863,1.2000000476837158,1.2100000381469727,0.877056896686554,5832936
2018-11-30,1.2000000476837158,1.2300000190734863,1.2000000476837158,1.2300000190734863,0.8915537595748901,7670000
2018-12-03,1.2300000190734863,1.2899999618530273,1.2300000190734863,1.2799999713897705,0.9277955889701843,10136500
2018-12-04,1.25,1.2699999809265137,1.2400000095367432,1.25,0.9060505032539368,10181560
2018-12-05,1.2200000286102295,1.2400000095367432,1.2000000476837158,1.2000000476837158,0.8698086738586426,9660000
2018-12-06,1.2000000476837158,1.2100000381469727,1.149999976158142,1.159999966621399,0.8408148288726807,28363900
2018-12-07,1.159999966621399,1.190000057220459,1.159999966621399,1.1799999475479126,0.8553116917610168,6378000
2018-12-10,1.1699999570846558,1.1699999570846558,1.1299999952316284,1.149999976158142,0.833566427230835,11332000
2018-12-11,1.1699999570846558,1.190000057220459,1.149999976158142,1.159999966621399,0.8408148288726807,11150000
2018-12-12,1.1699999570846558,1.190000057220459,1.149999976158142,1.1799999475479126,0.8553116917610168,14781562
2018-12-13,1.1799999475479126,1.190000057220459,1.159999966621399,1.1799999475479126,0.8553116917610168,29508000
2018-12-14,1.159999966621399,1.159999966621399,1.1299999952316284,1.149999976158142,0.833566427230835,19206000
2018-12-17,1.1399999856948853,1.149999976158142,1.1100000143051147,1.1200000047683716,0.8118213415145874,18738000
2018-12-18,1.100000023841858,1.1100000143051147,1.0800000429153442,1.0800000429153442,0.782827615737915,29380000
2018-12-19,1.0700000524520874,1.0800000429153442,1.0399999618530273,1.059999942779541,0.7683308124542236,19643397
2018-12-20,1.0399999618530273,1.0499999523162842,0.9700000286102295,0.9900000095367432,0.7175920009613037,63591200
2018-12-21,0.9800000190734863,1.0199999809265137,0.9800000190734863,1.0199999809265137,0.7393373250961304,19819474
2018-12-24,1.0,1.0099999904632568,0.9800000190734863,0.9900000095367432,0.7175920009613037,7826000
2018-12-27,1.0099999904632568,1.0299999713897705,0.9800000190734863,1.0299999713897705,0.7465856671333313,20272000
2018-12-28,1.0299999713897705,1.0800000429153442,1.0199999809265137,1.059999942779541,0.7683308124542236,12238000
2018-12-31,1.0700000524520874,1.090000033378601,1.0499999523162842,1.059999942779541,0.7683308124542236,4232789
2019-01-02,1.0700000524520874,1.0800000429153442,1.0199999809265137,1.0299999713897705,0.7465856671333313,9146000
2019-01-03,1.0299999713897705,1.0299999713897705,0.9900000095367432,1.0099999904632568,0.7320888638496399,15956000
2019-01-04,1.0099999904632568,1.0199999809265137,0.9800000190734863,0.9900000095367432,0.7175920009613037,15726000
2019-01-07,1.0,1.0099999904632568,0.9800000190734863,1.0,0.7248404622077942,20758000
2019-01-08,1.0199999809265137,1.0399999618530273,1.0199999809265137,1.0199999809265137,0.7393373250961304,25358055
2019-01-09,1.0299999713897705,1.0700000524520874,1.0299999713897705,1.059999942779541,0.7683308124542236,15644000
2019-01-10,1.0700000524520874,1.0800000429153442,1.0399999618530273,1.0800000429153442,0.782827615737915,16590000
2019-01-11,1.0800000429153442,1.090000033378601,1.0499999523162842,1.0700000524520874,0.7755791544914246,27688000
2019-01-14,1.059999942779541,1.0800000429153442,1.059999942779541,1.0700000524520874,0.7755791544914246,12138000
2019-01-15,1.0700000524520874,1.0800000429153442,1.0499999523162842,1.0700000524520874,0.7755791544914246,17662000
2019-01-16,1.0700000524520874,1.1299999952316284,1.0700000524520874,1.1100000143051147,0.8045728206634521,13861000
2019-01-17,1.1100000143051147,1.1299999952316284,1.100000023841858,1.1100000143051147,0.8045728206634521,11064000
2019-01-18,1.1100000143051147,1.1200000047683716,1.0800000429153442,1.090000033378601,0.7900760173797607,14726000
2019-01-21,1.090000033378601,1.1200000047683716,1.090000033378601,1.090000033378601,0.7900760173797607,5902300
2019-01-22,1.100000023841858,1.1200000047683716,1.0800000429153442,1.1100000143051147,0.8045728206634521,6464000
2019-01-23,1.090000033378601,1.100000023841858,1.0800000429153442,1.100000023841858,0.797324538230896,4030000
2019-01-24,1.090000033378601,1.100000023841858,1.0800000429153442,1.090000033378601,0.7900760173797607,7688000
2019-01-25,1.090000033378601,1.1299999952316284,1.090000033378601,1.100000023841858,0.797324538230896,9768000
2019-01-28,1.100000023841858,1.1100000143051147,1.0800000429153442,1.0800000429153442,0.782827615737915,13821688
2019-01-29,1.0700000524520874,1.090000033378601,1.0499999523162842,1.0800000429153442,0.782827615737915,11790000
2019-01-30,1.0800000429153442,1.090000033378601,1.059999942779541,1.0800000429153442,0.782827615737915,9026000
2019-01-31,1.090000033378601,1.1200000047683716,1.0800000429153442,1.1200000047683716,0.8118213415145874,16476000
2019-02-01,1.1299999952316284,1.1299999952316284,1.100000023841858,1.1100000143051147,0.8045728206634521,9642097
2019-02-04,1.1200000047683716,1.1200000047683716,1.100000023841858,1.1100000143051147,0.8045728206634521,4660090
2019-02-08,1.1100000143051147,1.1299999952316284,1.0800000429153442,1.1299999952316284,0.8190696835517883,4761900
2019-02-11,1.1299999952316284,1.1399999856948853,1.1200000047683716,1.1200000047683716,0.8118213415145874,7180000
2019-02-12,1.1299999952316284,1.1399999856948853,1.1200000047683716,1.1200000047683716,0.8118213415145874,5934000
2019-02-13,1.1299999952316284,1.1699999570846558,1.1200000047683716,1.159999966621399,0.8408148288726807,13400000
2019-02-14,1.159999966621399,1.1699999570846558,1.1299999952316284,1.1399999856948853,0.8263180255889893,8470000
2019-02-15,1.1299999952316284,1.1399999856948853,1.1100000143051147,1.1200000047683716,0.8118213415145874,7512000
2019-02-18,1.1200000047683716,1.149999976158142,1.1200000047683716,1.1399999856948853,0.8263180255889893,14878000
2019-02-19,1.1399999856948853,1.1799999475479126,1.1299999952316284,1.1299999952316284,0.8190696835517883,10002000
2019-02-20,1.1399999856948853,1.159999966621399,1.1399999856948853,1.149999976158142,0.833566427230835,8706526
2019-02-21,1.159999966621399,1.1799999475479126,1.1399999856948853,1.1699999570846558,0.8480632305145264,8886000
2019-02-22,1.1799999475479126,1.190000057220459,1.159999966621399,1.1799999475479126,0.8553116917610168,6740000
2019-02-25,1.1799999475479126,1.2200000286102295,1.1799999475479126,1.190000057220459,0.8625601530075073,12374000
2019-02-26,1.190000057220459,1.2100000381469727,1.1799999475479126,1.190000057220459,0.8625601530075073,6768000
2019-02-27,1.1799999475479126,1.2100000381469727,1.1799999475479126,1.2000000476837158,0.8698086738586426,5206000
2019-02-28,1.2000000476837158,1.2000000476837158,1.1799999475479126,1.1799999475479126,0.8553116917610168,8180000
2019-03-01,1.190000057220459,1.2400000095367432,1.190000057220459,1.2400000095367432,0.8988021016120911,13660000
2019-03-04,1.2400000095367432,1.2799999713897705,1.2400000095367432,1.25,0.9060505032539368,9646493
2019-03-05,1.25,1.2799999713897705,1.2200000286102295,1.2799999713897705,0.9277955889701843,19032000
2019-03-06,1.2699999809265137,1.3200000524520874,1.2599999904632568,1.2799999713897705,0.9277955889701843,19646000
2019-03-07,1.2799999713897705,1.2899999618530273,1.25,1.25,0.9060505032539368,7644000
2019-03-08,1.25,1.25,1.2000000476837158,1.2100000381469727,0.877056896686554,11786000
2019-03-11,1.2400000095367432,1.2400000095367432,1.2100000381469727,1.2300000190734863,0.8915537595748901,5711120
2019-03-12,1.2300000190734863,1.2899999618530273,1.2300000190734863,1.2699999809265137,0.9205472469329834,14604000
2019-03-13,1.2899999618530273,1.2899999618530273,1.2400000095367432,1.25,0.9060505032539368,9603920
2019-03-14,1.25,1.2599999904632568,1.2400000095367432,1.2400000095367432,0.8988021016120911,3691920
2019-03-15,1.2400000095367432,1.2599999904632568,1.2300000190734863,1.2400000095367432,0.8988021016120911,5150160
2019-03-18,1.2599999904632568,1.2599999904632568,1.2000000476837158,1.2100000381469727,0.877056896686554,16123650
2019-03-19,1.1699999570846558,1.1799999475479126,1.0299999713897705,1.0499999523162842,0.7610824704170227,186164498
2019-03-20,1.0499999523162842,1.0700000524520874,1.0299999713897705,1.059999942779541,0.7683308124542236,59621750
2019-03-21,1.059999942779541,1.0700000524520874,1.0299999713897705,1.0299999713897705,0.7465856671333313,34810000
2019-03-22,1.0399999618530273,1.0399999618530273,0.9700000286102295,1.0,0.7248404622077942,112722000
2019-03-25,0.9900000095367432,1.0099999904632568,0.9800000190734863,1.0,0.7248404622077942,26038498
2019-03-26,1.0099999904632568,1.0199999809265137,0.9800000190734863,0.9900000095367432,0.7175920009613037,22286000
2019-03-27,0.9900000095367432,1.0399999618530273,0.9900000095367432,1.0299999713897705,0.7465856671333313,29596000
2019-03-28,1.0199999809265137,1.0499999523162842,1.0199999809265137,1.0399999618530273,0.7538340091705322,27576000
2019-03-29,1.0499999523162842,1.059999942779541,1.0299999713897705,1.0399999618530273,0.7538340091705322,19768000
2019-04-01,1.0499999523162842,1.0800000429153442,1.0499999523162842,1.0700000524520874,0.7755791544914246,21310000
2019-04-02,1.0700000524520874,1.090000033378601,1.059999942779541,1.0800000429153442,0.782827615737915,30158000
2019-04-03,1.0800000429153442,1.100000023841858,1.0700000524520874,1.090000033378601,0.7900760173797607,35812498
2019-04-04,1.090000033378601,1.1200000047683716,1.090000033378601,1.100000023841858,0.797324538230896,30004000
2019-04-08,1.1100000143051147,1.1299999952316284,1.100000023841858,1.1200000047683716,0.8118213415145874,34612000
2019-04-09,1.149999976158142,1.149999976158142,1.1200000047683716,1.1299999952316284,0.8190696835517883,29534000
2019-04-10,1.1299999952316284,1.1399999856948853,1.1100000143051147,1.1399999856948853,0.8263180255889893,33293439
2019-04-11,1.1399999856948853,1.159999966621399,1.1299999952316284,1.1299999952316284,0.8190696835517883,22612498
2019-04-12,1.1299999952316284,1.1399999856948853,1.1200000047683716,1.1399999856948853,0.8263180255889893,12732000
2019-04-15,1.149999976158142,1.1799999475479126,1.1399999856948853,1.159999966621399,0.8408148288726807,35508000
2019-04-16,1.159999966621399,1.1699999570846558,1.149999976158142,1.159999966621399,0.8408148288726807,18358000
2019-04-17,1.1699999570846558,1.1699999570846558,1.1399999856948853,1.1399999856948853,0.8263180255889893,17720000
2019-04-18,1.1399999856948853,1.149999976158142,1.1200000047683716,1.1299999952316284,0.8190696835517883,14752000
2019-04-23,1.1399999856948853,1.149999976158142,1.100000023841858,1.100000023841858,0.797324538230896,35563482
2019-04-24,1.1100000143051147,1.1200000047683716,1.100000023841858,1.1200000047683716,0.8118213415145874,30738200
2019-04-25,1.1299999952316284,1.1299999952316284,1.1100000143051147,1.1100000143051147,0.8045728206634521,14260200
2019-04-26,1.1200000047683716,1.1200000047683716,1.090000033378601,1.1100000143051147,0.8045728206634521,11206000
2019-04-29,1.1200000047683716,1.1200000047683716,1.090000033378601,1.100000023841858,0.797324538230896,6956000
2019-04-30,1.100000023841858,1.100000023841858,1.0800000429153442,1.100000023841858,0.797324538230896,7386517
2019-05-02,1.100000023841858,1.1299999952316284,1.0800000429153442,1.1299999952316284,0.8190696835517883,10398000
2019-05-03,1.1299999952316284,1.149999976158142,1.1100000143051147,1.1299999952316284,0.8190696835517883,12226000
2019-05-06,1.1100000143051147,1.1100000143051147,1.0399999618530273,1.0700000524520874,0.7755791544914246,29324000
2019-05-07,1.090000033378601,1.090000033378601,1.0499999523162842,1.0700000524520874,0.7755791544914246,9292498
2019-05-08,1.0499999523162842,1.059999942779541,1.0399999618530273,1.0499999523162842,0.7610824704170227,18280993
2019-05-09,1.0499999523162842,1.059999942779541,1.0099999904632568,1.0199999809265137,0.7393373250961304,15949292
2019-05-10,1.0299999713897705,1.0700000524520874,1.0199999809265137,1.0399999618530273,0.7538340091705322,20894000
2019-05-14,1.0199999809265137,1.059999942779541,1.0199999809265137,1.0499999523162842,0.7610824704170227,7580000
2019-05-15,1.059999942779541,1.100000023841858,1.0499999523162842,1.0800000429153442,0.782827615737915,9079324
2019-05-16,1.090000033378601,1.090000033378601,1.059999942779541,1.0700000524520874,0.7755791544914246,6856500
2019-05-17,1.0700000524520874,1.0700000524520874,1.0299999713897705,1.0399999618530273,0.7538340091705322,9339229
2019-05-20,1.0399999618530273,1.059999942779541,1.0299999713897705,1.0499999523162842,0.7610824704170227,6115234
2019-05-21,1.0399999618530273,1.0700000524520874,1.0399999618530273,1.0399999618530273,0.7538340091705322,8644000
2019-05-22,1.0299999713897705,1.0399999618530273,1.0199999809265137,1.0399999618530273,0.7656126618385315,6794000
2019-05-23,1.0399999618530273,1.0399999618530273,1.0199999809265137,1.0199999809265137,0.7508894205093384,20346000
2019-05-24,1.0299999713897705,1.0499999523162842,1.0099999904632568,1.0299999713897705,0.7582510709762573,11960000
2019-05-27,1.0299999713897705,1.0399999618530273,1.0199999809265137,1.0299999713897705,0.7582510709762573,9604000
2019-05-28,1.0299999713897705,1.0499999523162842,1.0299999713897705,1.0399999618530273,0.7656126618385315,18196000
2019-05-29,1.0299999713897705,1.0499999523162842,1.0299999713897705,1.0399999618530273,0.7656126618385315,13166000
2019-05-30,1.0499999523162842,1.0499999523162842,1.0299999713897705,1.0299999713897705,0.7582510709762573,4107234
2019-05-31,1.0399999618530273,1.0800000429153442,1.0299999713897705,1.0700000524520874,0.7876976132392883,12604000
2019-06-03,1.090000033378601,1.090000033378601,1.0499999523162842,1.0700000524520874,0.7876976132392883,12570000
2019-06-04,1.0700000524520874,1.0700000524520874,1.0399999618530273,1.0499999523162842,0.7729743719100952,5944202
2019-06-05,1.0499999523162842,1.059999942779541,1.0399999618530273,1.0499999523162842,0.7729743719100952,2612100
2019-06-06,1.0499999523162842,1.059999942779541,1.0399999618530273,1.0399999618530273,0.7656126618385315,2176000
2019-06-10,1.0499999523162842,1.059999942779541,1.0499999523162842,1.059999942779541,0.7803359627723694,2345234
2019-06-11,1.059999942779541,1.149999976158142,1.059999942779541,1.1399999856948853,0.8392292261123657,48517520
2019-06-12,1.1399999856948853,1.1399999856948853,1.1100000143051147,1.1200000047683716,0.8245060443878174,16233550
2019-06-13,1.1100000143051147,1.1200000047683716,1.090000033378601,1.1100000143051147,0.8171442747116089,4848250
2019-06-14,1.1100000143051147,1.1200000047683716,1.090000033378601,1.090000033378601,0.802420973777771,4650000
2019-06-17,1.090000033378601,1.100000023841858,1.0700000524520874,1.0700000524520874,0.7876976132392883,9997234
2019-06-18,1.0700000524520874,1.0800000429153442,1.059999942779541,1.0700000524520874,0.7876976132392883,4772000
2019-06-19,1.090000033378601,1.100000023841858,1.0800000429153442,1.090000033378601,0.802420973777771,9714000
2019-06-20,1.100000023841858,1.1100000143051147,1.100000023841858,1.100000023841858,0.8097826838493347,5510000
2019-06-21,1.1100000143051147,1.1100000143051147,1.0700000524520874,1.0700000524520874,0.7876976132392883,10284000
2019-06-24,1.0800000429153442,1.090000033378601,1.059999942779541,1.0800000429153442,0.795059323310852,7362000
2019-06-25,1.090000033378601,1.100000023841858,1.0800000429153442,1.090000033378601,0.802420973777771,9972000
2019-06-26,1.100000023841858,1.1200000047683716,1.090000033378601,1.100000023841858,0.8097826838493347,13674000
2019-06-27,1.1100000143051147,1.159999966621399,1.1100000143051147,1.149999976158142,0.8465909361839294,56242000
2019-06-28,1.149999976158142,1.2200000286102295,1.149999976158142,1.2000000476837158,0.8833994269371033,82950000
2019-07-02,1.2000000476837158,1.2799999713897705,1.2000000476837158,1.2699999809265137,0.9349308013916016,74129217
2019-07-03,1.2699999809265137,1.3200000524520874,1.2599999904632568,1.2899999618530273,0.9496541619300842,42983000
2019-07-04,1.3200000524520874,1.4199999570846558,1.309999942779541,1.3899999856948853,1.023270845413208,86443500
2019-07-05,1.3700000047683716,1.399999976158142,1.3700000047683716,1.3899999856948853,1.023270845413208,27581484
2019-07-08,1.3899999856948853,1.440000057220459,1.340000033378601,1.399999976158142,1.030632495880127,48684000
2019-07-09,1.399999976158142,1.409999966621399,1.3300000429153442,1.3799999952316284,1.0159090757369995,52696000
2019-07-10,1.3899999856948853,1.4199999570846558,1.3799999952316284,1.3899999856948853,1.023270845413208,28429000
2019-07-11,1.3899999856948853,1.4199999570846558,1.3799999952316284,1.409999966621399,1.0379940271377563,31386000
2019-07-12,1.409999966621399,1.4199999570846558,1.3799999952316284,1.409999966621399,1.0379940271377563,23970000
2019-07-15,1.440000057220459,1.440000057220459,1.3700000047683716,1.3700000047683716,1.0085475444793701,33482000
2019-07-16,1.3700000047683716,1.3799999952316284,1.3300000429153442,1.3600000143051147,1.0011857748031616,41180783
2019-07-17,1.3600000143051147,1.4199999570846558,1.350000023841858,1.399999976158142,1.030632495880127,32108000
2019-07-18,1.3899999856948853,1.440000057220459,1.3799999952316284,1.3899999856948853,1.023270845413208,33426000
2019-07-19,1.409999966621399,1.409999966621399,1.3600000143051147,1.3799999952316284,1.0159090757369995,15058000
2019-07-22,1.3799999952316284,1.399999976158142,1.3200000524520874,1.340000033378601,0.9864625334739685,48468000
2019-07-23,1.340000033378601,1.3700000047683716,1.340000033378601,1.350000023841858,0.9938241243362427,14672000
2019-07-24,1.3600000143051147,1.3600000143051147,1.2899999618530273,1.309999942779541,0.9643775224685669,29160000
2019-07-25,1.3300000429153442,1.340000033378601,1.309999942779541,1.3300000429153442,0.9791009426116943,11308000
2019-07-26,1.3200000524520874,1.3600000143051147,1.3200000524520874,1.350000023841858,0.9938241243362427,22904000
2019-07-29,1.340000033378601,1.350000023841858,1.3300000429153442,1.340000033378601,0.9864625334739685,5616000
2019-07-30,1.340000033378601,1.409999966621399,1.340000033378601,1.3799999952316284,1.0159090757369995,27364000
2019-07-31,1.3700000047683716,1.3700000047683716,1.3300000429153442,1.3300000429153442,0.9791009426116943,16507234
2019-08-01,1.3300000429153442,1.350000023841858,1.2999999523162842,1.3200000524520874,0.9717392325401306,16304000
2019-08-02,1.2999999523162842,1.2999999523162842,1.2400000095367432,1.2699999809265137,0.9349308013916016,25380132
2019-08-05,1.25,1.2899999618530273,1.2100000381469727,1.25,0.9202075600624084,30154000
2019-08-06,1.2100000381469727,1.309999942779541,1.2000000476837158,1.309999942779541,0.9643775224685669,23142000
2019-08-07,1.340000033378601,1.350000023841858,1.2999999523162842,1.3300000429153442,0.9791009426116943,11754000
2019-08-08,1.340000033378601,1.3700000047683716,1.2999999523162842,1.340000033378601,0.9864625334739685,21704000
2019-08-09,1.3700000047683716,1.3700000047683716,1.2899999618530273,1.2899999618530273,0.9496541619300842,12858000
2019-08-12,1.2999999523162842,1.3600000143051147,1.2999999523162842,1.350000023841858,0.9938241243362427,24353189
2019-08-13,1.3300000429153442,1.350000023841858,1.190000057220459,1.2000000476837158,0.8833994269371033,62811752
2019-08-14,1.2300000190734863,1.2699999809265137,1.2300000190734863,1.25,0.9202075600624084,36348414
2019-08-15,1.25,1.3200000524520874,1.2400000095367432,1.3200000524520874,0.9717392325401306,27226000
2019-08-16,1.3300000429153442,1.3300000429153442,1.2899999618530273,1.2999999523162842,0.9570158123970032,8117215
2019-08-19,1.340000033378601,1.399999976158142,1.340000033378601,1.399999976158142,1.030632495880127,48362000
2019-08-20,1.3899999856948853,1.4299999475479126,1.3899999856948853,1.409999966621399,1.0379940271377563,25102119
2019-08-21,1.3899999856948853,1.4199999570846558,1.3799999952316284,1.409999966621399,1.0379940271377563,11616000
2019-08-22,1.4199999570846558,1.4199999570846558,1.3600000143051147,1.3799999952316284,1.0159090757369995,12267000
2019-08-23,1.3799999952316284,1.399999976158142,1.3700000047683716,1.3799999952316284,1.0159090757369995,14494000
2019-08-26,1.3300000429153442,1.3700000047683716,1.3300000429153442,1.3600000143051147,1.0011857748031616,18634428
2019-08-27,1.350000023841858,1.399999976158142,1.3300000429153442,1.3700000047683716,1.0392669439315796,33151180
2019-08-28,1.3700000047683716,1.3899999856948853,1.3600000143051147,1.3700000047683716,1.0392669439315796,11098414
2019-08-29,1.3799999952316284,1.3799999952316284,1.2699999809265137,1.2899999618530273,0.9785797595977783,28698166
2019-08-30,1.2999999523162842,1.3300000429153442,1.2899999618530273,1.3300000429153442,1.0089235305786133,16538000
2019-09-02,1.3300000429153442,1.3600000143051147,1.3200000524520874,1.3600000143051147,1.0316811800003052,8946000
2019-09-03,1.340000033378601,1.3899999856948853,1.3200000524520874,1.340000033378601,1.0165092945098877,14122000
2019-09-04,1.340000033378601,1.3600000143051147,1.3300000429153442,1.350000023841858,1.0240951776504517,11396000
2019-09-05,1.3700000047683716,1.3899999856948853,1.3600000143051147,1.3799999952316284,1.0468528270721436,24479009
2019-09-06,1.3899999856948853,1.3899999856948853,1.3600000143051147,1.3799999952316284,1.0468528270721436,10702000
2019-09-09,1.3899999856948853,1.3899999856948853,1.309999942779541,1.340000033378601,1.0165092945098877,17248000
2019-09-10,1.340000033378601,1.3700000047683716,1.340000033378601,1.350000023841858,1.0240951776504517,13082000
2019-09-11,1.3700000047683716,1.3700000047683716,1.3200000524520874,1.3300000429153442,1.0089235305786133,8752000
2019-09-12,1.350000023841858,1.3700000047683716,1.340000033378601,1.3600000143051147,1.0316811800003052,4230000
2019-09-13,1.3700000047683716,1.3700000047683716,1.340000033378601,1.3600000143051147,1.0316811800003052,2656000
2019-09-16,1.350000023841858,1.3600000143051147,1.309999942779541,1.3200000524520874,1.0013375282287598,12438000
2019-09-17,1.309999942779541,1.3300000429153442,1.2899999618530273,1.309999942779541,0.9937515258789062,10380000
2019-09-18,1.3200000524520874,1.3200000524520874,1.2699999809265137,1.2899999618530273,0.9785797595977783,17806000
2019-09-19,1.2799999713897705,1.2999999523162842,1.25,1.2699999809265137,0.9634081721305847,15896000
2019-09-20,1.2699999809265137,1.2999999523162842,1.2699999809265137,1.2899999618530273,0.9785797595977783,8402000
2019-09-23,1.2799999713897705,1.2799999713897705,1.2400000095367432,1.2599999904632568,0.9558221697807312,14932000
2019-09-24,1.25,1.2799999713897705,1.2400000095367432,1.2599999904632568,0.9558221697807312,28340000
2019-09-25,1.2599999904632568,1.2699999809265137,1.2400000095367432,1.25,0.948236346244812,11394000
2019-09-26,1.2699999809265137,1.2799999713897705,1.2300000190734863,1.25,0.948236346244812,19764000
2019-09-27,1.2599999904632568,1.2799999713897705,1.2400000095367432,1.2799999713897705,0.9709939956665039,11180000
2019-09-30,1.2999999523162842,1.2999999523162842,1.25,1.2799999713897705,0.9709939956665039,5013488
2019-10-02,1.2999999523162842,1.2999999523162842,1.2599999904632568,1.2599999904632568,0.9558221697807312,1870000
2019-10-03,1.25,1.2699999809265137,1.2400000095367432,1.2599999904632568,0.9558221697807312,7470000
2019-10-04,1.2599999904632568,1.2599999904632568,1.2300000190734863,1.25,0.948236346244812,7288000
2019-10-08,1.25,1.2699999809265137,1.2400000095367432,1.2599999904632568,0.9558221697807312,10625009
2019-10-09,1.2599999904632568,1.2799999713897705,1.2599999904632568,1.2599999904632568,0.9558221697807312,6870000
2019-10-10,1.2599999904632568,1.2799999713897705,1.2599999904632568,1.2599999904632568,0.9558221697807312,8828000
2019-10-11,1.2699999809265137,1.3200000524520874,1.2699999809265137,1.309999942779541,0.9937515258789062,15334000
2019-10-14,1.3200000524520874,1.3200000524520874,1.2799999713897705,1.2899999618530273,0.9785797595977783,14758000
2019-10-15,1.2899999618530273,1.3600000143051147,1.2899999618530273,1.309999942779541,0.9937515258789062,29392000
2019-10-16,1.309999942779541,1.350000023841858,1.309999942779541,1.3200000524520874,1.0013375282287598,16659936
2019-10-17,1.3200000524520874,1.340000033378601,1.2999999523162842,1.3200000524520874,1.0013375282287598,13530000
2019-10-18,1.3300000429153442,1.3300000429153442,1.2599999904632568,1.309999942779541,0.9937515258789062,25987000
2019-10-21,1.2899999618530273,1.309999942779541,1.2799999713897705,1.2899999618530273,0.9785797595977783,10464000
2019-10-22,1.2999999523162842,1.309999942779541,1.2899999618530273,1.2999999523162842,0.9861658215522766,8170000
2019-10-23,1.2999999523162842,1.309999942779541,1.2699999809265137,1.2699999809265137,0.9634081721305847,15011000
2019-10-24,1.2799999713897705,1.350000023841858,1.2799999713897705,1.340000033378601,1.0165092945098877,25478000
2019-10-25,1.3300000429153442,1.340000033378601,1.309999942779541,1.309999942779541,0.9937515258789062,9924000
2019-10-28,1.309999942779541,1.3200000524520874,1.2999999523162842,1.309999942779541,0.9937515258789062,3634000
2019-10-29,1.3200000524520874,1.309999942779541,1.2899999618530273,1.2999999523162842,0.9861658215522766,7350000
2019-10-30,1.2999999523162842,1.309999942779541,1.2599999904632568,1.2599999904632568,0.9558221697807312,16306000
2019-10-31,1.2699999809265137,1.2799999713897705,1.25,1.2599999904632568,0.9558221697807312,16496000
2019-11-01,1.2599999904632568,1.2799999713897705,1.2599999904632568,1.2799999713897705,0.9709939956665039,5386000
2019-11-04,1.2699999809265137,1.2899999618530273,1.2599999904632568,1.2899999618530273,0.9785797595977783,13468000
2019-11-05,1.2999999523162842,1.3200000524520874,1.2899999618530273,1.3200000524520874,1.0013375282287598,14554000
2019-11-06,1.309999942779541,1.3200000524520874,1.2899999618530273,1.2999999523162842,0.9861658215522766,4558000
2019-11-07,1.2999999523162842,1.309999942779541,1.2899999618530273,1.2999999523162842,0.9861658215522766,7794000
2019-11-08,1.2899999618530273,1.309999942779541,1.2899999618530273,1.2899999618530273,0.9785797595977783,4606000
2019-11-11,1.2799999713897705,1.2899999618530273,1.25,1.2599999904632568,0.9558221697807312,7402000
2019-11-12,1.2799999713897705,1.2799999713897705,1.2599999904632568,1.2699999809265137,0.9634081721305847,3998000
2019-11-13,1.2699999809265137,1.2699999809265137,1.2400000095367432,1.25,0.948236346244812,8050000
2019-11-14,1.25,1.25,1.2200000286102295,1.2300000190734863,0.9330645203590393,13344000
2019-11-15,1.2300000190734863,1.2400000095367432,1.2200000286102295,1.2300000190734863,0.9330645203590393,7802000
2019-11-18,1.2300000190734863,1.2400000095367432,1.2200000286102295,1.2300000190734863,0.9330645203590393,6066000
2019-11-19,1.2300000190734863,1.25,1.2300000190734863,1.2400000095367432,0.9406504034996033,5466000
2019-11-20,1.2400000095367432,1.25,1.2200000286102295,1.2300000190734863,0.9330645203590393,7206000
2019-11-21,1.2300000190734863,1.25,1.2200000286102295,1.2400000095367432,0.9406504034996033,7656000
2019-11-22,1.25,1.2699999809265137,1.2300000190734863,1.25,0.948236346244812,7630000
2019-11-25,1.25,1.309999942779541,1.25,1.2899999618530273,0.9785797595977783,22050000
2019-11-26,1.2999999523162842,1.2999999523162842,1.25,1.2599999904632568,0.9558221697807312,10800000
2019-11-27,1.2699999809265137,1.2899999618530273,1.25,1.2699999809265137,0.9634081721305847,12150000
2019-11-28,1.2699999809265137,1.2899999618530273,1.25,1.2699999809265137,0.9634081721305847,6798000
2019-11-29,1.2699999809265137,1.2699999809265137,1.2200000286102295,1.2400000095367432,0.9406504034996033,11430000
2019-12-02,1.2400000095367432,1.2699999809265137,1.2300000190734863,1.25,0.948236346244812,9104400
2019-12-03,1.2400000095367432,1.25,1.2300000190734863,1.2400000095367432,0.9406504034996033,4540000
2019-12-04,1.2300000190734863,1.2400000095367432,1.2000000476837158,1.2200000286102295,0.9254787564277649,13680000
2019-12-05,1.2200000286102295,1.2300000190734863,1.2000000476837158,1.2000000476837158,0.9103069305419922,9531143
2019-12-06,1.2200000286102295,1.2400000095367432,1.2100000381469727,1.2200000286102295,0.9254787564277649,8932862
2019-12-09,1.2300000190734863,1.2400000095367432,1.2100000381469727,1.2300000190734863,0.9330645203590393,10138104
2019-12-10,1.2200000286102295,1.25,1.2200000286102295,1.2400000095367432,0.9406504034996033,6770000
2019-12-11,1.2400000095367432,1.2599999904632568,1.2400000095367432,1.2599999904632568,0.9558221697807312,4964000
2019-12-12,1.25,1.2599999904632568,1.2200000286102295,1.2200000286102295,0.9254787564277649,12954000
2019-12-13,1.25,1.25,1.2300000190734863,1.2300000190734863,0.9330645203590393,11010000
2019-12-16,1.2400000095367432,1.25,1.2400000095367432,1.2400000095367432,0.9406504034996033,4888000
2019-12-17,1.25,1.25,1.2300000190734863,1.2400000095367432,0.9406504034996033,12985000
2019-12-18,1.2400000095367432,1.25,1.2200000286102295,1.2300000190734863,0.9330645203590393,12244000
2019-12-19,1.2400000095367432,1.2400000095367432,1.2100000381469727,1.2200000286102295,0.9254787564277649,6096000
2019-12-20,1.2300000190734863,1.2300000190734863,1.2100000381469727,1.2200000286102295,0.9254787564277649,7440000
2019-12-23,1.2200000286102295,1.2400000095367432,1.2100000381469727,1.2300000190734863,0.9330645203590393,5658000
2019-12-24,1.2300000190734863,1.2300000190734863,1.2100000381469727,1.2300000190734863,0.9330645203590393,2193950
2019-12-27,1.2300000190734863,1.25,1.2200000286102295,1.2400000095367432,0.9406504034996033,10968042
2019-12-30,1.25,1.2899999618530273,1.2400000095367432,1.2799999713897705,0.9709939956665039,24836580
2019-12-31,1.2799999713897705,1.2899999618530273,1.2599999904632568,1.2799999713897705,0.9709939956665039,6898007
2020-01-02,1.2799999713897705,1.3300000429153442,1.2799999713897705,1.3200000524520874,1.0013375282287598,25872007
2020-01-03,1.340000033378601,1.399999976158142,1.3200000524520874,1.3899999856948853,1.0544387102127075,66234000
2020-01-06,1.3799999952316284,1.399999976158142,1.309999942779541,1.3300000429153442,1.0089235305786133,38011500
2020-01-07,1.340000033378601,1.3700000047683716,1.340000033378601,1.340000033378601,1.0165092945098877,12326000
2020-01-08,1.3300000429153442,1.340000033378601,1.309999942779541,1.3300000429153442,1.0089235305786133,13060000
2020-01-09,1.350000023841858,1.3899999856948853,1.350000023841858,1.350000023841858,1.0240951776504517,17410000
2020-01-10,1.3600000143051147,1.3600000143051147,1.3300000429153442,1.350000023841858,1.0240951776504517,8736000
2020-01-13,1.3799999952316284,1.4299999475479126,1.3799999952316284,1.3899999856948853,1.0544387102127075,47446500
2020-01-14,1.409999966621399,1.4199999570846558,1.3799999952316284,1.3899999856948853,1.0544387102127075,15799143
2020-01-15,1.3799999952316284,1.409999966621399,1.3799999952316284,1.409999966621399,1.0696104764938354,24558000
2020-01-16,1.399999976158142,1.440000057220459,1.399999976158142,1.4299999475479126,1.084782361984253,33402000
2020-01-17,1.4299999475479126,1.4600000381469727,1.4299999475479126,1.4500000476837158,1.0999542474746704,13791843
2020-01-20,1.4500000476837158,1.5,1.4500000476837158,1.4800000190734863,1.1227118968963623,14848000
2020-01-21,1.5,1.5,1.399999976158142,1.399999976158142,1.0620248317718506,17280000
2020-01-22,1.399999976158142,1.4299999475479126,1.3799999952316284,1.409999966621399,1.0696104764938354,12210000
2020-01-23,1.399999976158142,1.409999966621399,1.340000033378601,1.3600000143051147,1.0316811800003052,10662000
2020-01-24,1.350000023841858,1.3899999856948853,1.3300000429153442,1.3899999856948853,1.0544387102127075,2834100
2020-01-29,1.3300000429153442,1.3899999856948853,1.309999942779541,1.3300000429153442,1.0089235305786133,9159500
2020-01-30,1.3200000524520874,1.3200000524520874,1.25,1.2699999809265137,0.9634081721305847,16781611
2020-01-31,1.2699999809265137,1.2999999523162842,1.2400000095367432,1.2599999904632568,0.9558221697807312,11103341
2020-02-03,1.25,1.2699999809265137,1.2000000476837158,1.25,0.948236346244812,31251152
2020-02-04,1.2599999904632568,1.309999942779541,1.2599999904632568,1.2999999523162842,0.9861658215522766,12208572
2020-02-05,1.2999999523162842,1.350000023841858,1.2799999713897705,1.2999999523162842,0.9861658215522766,17211432
2020-02-06,1.309999942779541,1.350000023841858,1.2899999618530273,1.3300000429153442,1.0089235305786133,10894099
2020-02-07,1.309999942779541,1.3200000524520874,1.2999999523162842,1.3200000524520874,1.0013375282287598,5658000
2020-02-10,1.309999942779541,1.3899999856948853,1.2999999523162842,1.3600000143051147,1.0316811800003052,20388000
2020-02-11,1.3799999952316284,1.3899999856948853,1.3600000143051147,1.3799999952316284,1.0468528270721436,12762000
2020-02-12,1.3799999952316284,1.399999976158142,1.3700000047683716,1.3700000047683716,1.0392669439315796,11083036
2020-02-13,1.3799999952316284,1.3899999856948853,1.3700000047683716,1.3899999856948853,1.0544387102127075,11039122
2020-02-14,1.3899999856948853,1.399999976158142,1.350000023841858,1.3600000143051147,1.0316811800003052,16332000
2020-02-17,1.3600000143051147,1.399999976158142,1.350000023841858,1.3600000143051147,1.0316811800003052,21462000
2020-02-18,1.3600000143051147,1.3799999952316284,1.3300000429153442,1.3300000429153442,1.0089235305786133,10950000
2020-02-19,1.3300000429153442,1.340000033378601,1.309999942779541,1.309999942779541,0.9937515258789062,33338000
2020-02-20,1.309999942779541,1.340000033378601,1.309999942779541,1.3300000429153442,1.0089235305786133,21727000
2020-02-21,1.3300000429153442,1.340000033378601,1.2999999523162842,1.309999942779541,0.9937515258789062,17294000
2020-02-24,1.309999942779541,1.309999942779541,1.2799999713897705,1.2799999713897705,0.9709939956665039,16986000
2020-02-25,1.2699999809265137,1.2899999618530273,1.2599999904632568,1.2699999809265137,0.9634081721305847,16388000
2020-02-26,1.25,1.3200000524520874,1.25,1.2999999523162842,0.9861658215522766,16649000
2020-02-27,1.2999999523162842,1.340000033378601,1.2799999713897705,1.3300000429153442,1.0089235305786133,13575143
2020-02-28,1.2999999523162842,1.3200000524520874,1.25,1.2599999904632568,0.9558221697807312,28422378
2020-03-02,1.2599999904632568,1.350000023841858,1.2599999904632568,1.340000033378601,1.0165092945098877,29876564
2020-03-03,1.350000023841858,1.3899999856948853,1.3200000524520874,1.350000023841858,1.0240951776504517,37750724
2020-03-04,1.340000033378601,1.3600000143051147,1.3200000524520874,1.340000033378601,1.0165092945098877,9882000
2020-03-05,1.350000023841858,1.3700000047683716,1.340000033378601,1.3600000143051147,1.0316811800003052,15495951
2020-03-06,1.340000033378601,1.340000033378601,1.309999942779541,1.309999942779541,0.9937515258789062,13675806
2020-03-09,1.2899999618530273,1.2899999618530273,1.2599999904632568,1.2599999904632568,0.9558221697807312,29092802
2020-03-10,1.2599999904632568,1.2799999713897705,1.2300000190734863,1.25,0.948236346244812,33952550
2020-03-11,1.2599999904632568,1.2699999809265137,1.2300000190734863,1.2400000095367432,0.9406504034996033,12082000
2020-03-12,1.2100000381469727,1.2200000286102295,1.159999966621399,1.1699999570846558,0.8875491619110107,25850000
2020-03-13,1.0800000429153442,1.1699999570846558,1.059999942779541,1.1299999952316284,0.8572056293487549,46863500
2020-03-16,1.1299999952316284,1.1299999952316284,1.090000033378601,1.090000033378601,0.8268620371818542,21428000
2020-03-17,1.090000033378601,1.1200000047683716,1.0399999618530273,1.0800000429153442,0.8192762136459351,19900242
2020-03-18,1.0800000429153442,1.090000033378601,0.9900000095367432,1.0,0.7585890889167786,47568498
2020-03-19,0.9800000190734863,1.0099999904632568,0.9300000071525574,0.9399999976158142,0.71307373046875,33807294
2020-03-20,0.949999988079071,1.0199999809265137,0.949999988079071,0.9900000095367432,0.7510032057762146,51456000
2020-03-23,0.949999988079071,1.0700000524520874,0.949999988079071,1.0099999904632568,0.7661749720573425,32632000
2020-03-24,1.059999942779541,1.1100000143051147,1.059999942779541,1.100000023841858,0.834447979927063,33829437
2020-03-25,1.159999966621399,1.1699999570846558,1.1100000143051147,1.1299999952316284,0.8572056293487549,29148052
2020-03-26,1.1299999952316284,1.159999966621399,1.1200000047683716,1.1399999856948853,0.8647913932800293,19831384
2020-03-27,1.159999966621399,1.1699999570846558,1.1299999952316284,1.1299999952316284,0.8572056293487549,11414000
2020-03-30,1.1100000143051147,1.1699999570846558,1.100000023841858,1.159999966621399,0.8799632787704468,15163141
2020-03-31,1.190000057220459,1.2200000286102295,1.1799999475479126,1.2100000381469727,0.9178928136825562,33706000
2020-04-01,1.2599999904632568,1.2999999523162842,1.2200000286102295,1.2400000095367432,0.9406504034996033,41988834
2020-04-02,1.2200000286102295,1.25,1.2000000476837158,1.2400000095367432,0.9406504034996033,10828000
2020-04-03,1.2400000095367432,1.25,1.2200000286102295,1.25,0.948236346244812,6002000
2020-04-06,1.2699999809265137,1.2799999713897705,1.2400000095367432,1.2599999904632568,0.9558221697807312,9516664
2020-04-07,1.2899999618530273,1.3200000524520874,1.2799999713897705,1.3200000524520874,1.0013375282287598,39076900
2020-04-08,1.309999942779541,1.340000033378601,1.2999999523162842,1.309999942779541,0.9937515258789062,16439903
2020-04-09,1.3200000524520874,1.3300000429153442,1.2999999523162842,1.3300000429153442,1.0089235305786133,16466000
2020-04-14,1.340000033378601,1.350000023841858,1.3200000524520874,1.3300000429153442,1.0089235305786133,24227353
2020-04-15,1.3300000429153442,1.340000033378601,1.2799999713897705,1.2799999713897705,0.9709939956665039,22832000
2020-04-16,1.2699999809265137,1.2899999618530273,1.2599999904632568,1.2699999809265137,0.9634081721305847,27044000
2020-04-17,1.2899999618530273,1.350000023841858,1.2899999618530273,1.3200000524520874,1.0013375282287598,33668000
2020-04-20,1.3300000429153442,1.3799999952316284,1.3300000429153442,1.3600000143051147,1.0316811800003052,33786000
2020-04-21,1.350000023841858,1.3600000143051147,1.309999942779541,1.3300000429153442,1.0089235305786133,26536000
2020-04-22,1.3300000429153442,1.3600000143051147,1.309999942779541,1.3600000143051147,1.0316811800003052,17230768
2020-04-23,1.3700000047683716,1.3899999856948853,1.3600000143051147,1.3799999952316284,1.0468528270721436,15232000
2020-04-24,1.3899999856948853,1.3899999856948853,1.340000033378601,1.3799999952316284,1.0468528270721436,21226000
2020-04-27,1.3799999952316284,1.3899999856948853,1.3700000047683716,1.3799999952316284,1.0468528270721436,11675030
2020-04-28,1.3899999856948853,1.3899999856948853,1.350000023841858,1.3700000047683716,1.0392669439315796,7930000
2020-04-29,1.3700000047683716,1.3799999952316284,1.3600000143051147,1.3799999952316284,1.0468528270721436,5945100
2020-05-04,1.3700000047683716,1.3700000047683716,1.309999942779541,1.3300000429153442,1.0089235305786133,15075249
2020-05-05,1.340000033378601,1.350000023841858,1.3300000429153442,1.350000023841858,1.0240951776504517,3714000
2020-05-06,1.3700000047683716,1.3899999856948853,1.350000023841858,1.3700000047683716,1.0392669439315796,16382000
2020-05-07,1.3700000047683716,1.409999966621399,1.3700000047683716,1.409999966621399,1.0696104764938354,32281045
2020-05-08,1.4299999475479126,1.5800000429153442,1.4199999570846558,1.5299999713897705,1.1606413125991821,53016000
2020-05-11,1.5499999523162842,1.6299999952316284,1.5499999523162842,1.6100000143051147,1.2213284969329834,53547200
2020-05-12,1.6100000143051147,1.649999976158142,1.559999942779541,1.590000033378601,1.206156611442566,39517700
2020-05-13,1.5800000429153442,1.6100000143051147,1.5499999523162842,1.5700000524520874,1.1909849643707275,42792000
2020-05-14,1.559999942779541,1.5700000524520874,1.5399999618530273,1.5399999618530273,1.168227195739746,36841155
2020-05-15,1.5499999523162842,1.659999966621399,1.5399999618530273,1.6399999856948853,1.2440861463546753,34616000
2020-05-18,1.7200000286102295,1.7899999618530273,1.7200000286102295,1.7400000095367432,1.319944977760315,61710000
2020-05-19,1.7799999713897705,1.7799999713897705,1.6699999570846558,1.6799999475479126,1.2744296789169312,53242000
2020-05-20,1.690000057220459,1.690000057220459,1.6299999952316284,1.6399999856948853,1.2440861463546753,41310467
2020-05-21,1.649999976158142,1.6699999570846558,1.600000023841858,1.6699999570846558,1.2668436765670776,48640000
2020-05-22,1.649999976158142,1.659999966621399,1.5299999713897705,1.5299999713897705,1.1606413125991821,50302000
2020-05-25,1.5499999523162842,1.590000033378601,1.5299999713897705,1.5700000524520874,1.1909849643707275,23514000
2020-05-26,1.5800000429153442,1.600000023841858,1.5399999618530273,1.559999942779541,1.1833988428115845,22265300
2020-05-27,1.559999942779541,1.5800000429153442,1.5299999713897705,1.5399999618530273,1.168227195739746,21790000
2020-05-28,1.5299999713897705,1.5499999523162842,1.4600000381469727,1.4900000095367432,1.1302977800369263,33292000
2020-05-29,1.4800000190734863,1.4900000095367432,1.440000057220459,1.440000057220459,1.092368245124817,33613247
2020-06-01,1.4600000381469727,1.5099999904632568,1.4600000381469727,1.5,1.1378835439682007,34214000
2020-06-02,1.5199999809265137,1.5299999713897705,1.4600000381469727,1.5,1.1378835439682007,31443332
2020-06-03,1.5099999904632568,1.5199999809265137,1.4900000095367432,1.4900000095367432,1.1302977800369263,21593023
2020-06-04,1.5,1.5099999904632568,1.4600000381469727,1.4700000286102295,1.1151260137557983,19726000
2020-06-05,1.4700000286102295,1.5099999904632568,1.4199999570846558,1.4600000381469727,1.1075401306152344,49202766
2020-06-08,1.4900000095367432,1.4900000095367432,1.4600000381469727,1.4700000286102295,1.1151260137557983,18402000
2020-06-09,1.4800000190734863,1.5700000524520874,1.4700000286102295,1.5499999523162842,1.1758129596710205,41374000
2020-06-10,1.5700000524520874,1.5800000429153442,1.5299999713897705,1.5499999523162842,1.1758129596710205,35766000
2020-06-11,1.5499999523162842,1.5499999523162842,1.5,1.5,1.1378835439682007,21880000
2020-06-12,1.4800000190734863,1.5,1.4800000190734863,1.4900000095367432,1.1302977800369263,11282000
2020-06-15,1.4800000190734863,1.4900000095367432,1.4600000381469727,1.4700000286102295,1.1151260137557983,16470000
2020-06-16,1.4900000095367432,1.5700000524520874,1.4800000190734863,1.5700000524520874,1.1909849643707275,25134000
2020-06-17,1.559999942779541,1.600000023841858,1.5399999618530273,1.5499999523162842,1.1758129596710205,26308000
2020-06-18,1.5399999618530273,1.5399999618530273,1.5199999809265137,1.5299999713897705,1.1606413125991821,16224000
2020-06-19,1.5299999713897705,1.5399999618530273,1.5,1.5199999809265137,1.1530553102493286,20190000
2020-06-22,1.5199999809265137,1.5199999809265137,1.5,1.5099999904632568,1.1454695463180542,19176000
2020-06-23,1.5199999809265137,1.5199999809265137,1.4600000381469727,1.4800000190734863,1.1227118968963623,27372000
2020-06-24,1.4900000095367432,1.5,1.4700000286102295,1.4700000286102295,1.1151260137557983,8632000
2020-06-26,1.4700000286102295,1.4700000286102295,1.399999976158142,1.399999976158142,1.0620248317718506,32310000
2020-06-29,1.4199999570846558,1.4199999570846558,1.3899999856948853,1.409999966621399,1.0696104764938354,44090000
2020-06-30,1.4199999570846558,1.4500000476837158,1.409999966621399,1.409999966621399,1.0696104764938354,29114200
2020-07-02,1.3799999952316284,1.4800000190734863,1.3799999952316284,1.4500000476837158,1.156551480293274,29342000
2020-07-03,1.4700000286102295,1.5199999809265137,1.4700000286102295,1.5099999904632568,1.2044087648391724,30522000
2020-07-06,1.5499999523162842,1.6200000047683716,1.5299999713897705,1.590000033378601,1.2682183980941772,45178000
2020-07-07,1.659999966621399,1.690000057220459,1.5700000524520874,1.5800000429153442,1.260242223739624,54390000
2020-07-08,1.600000023841858,1.6299999952316284,1.559999942779541,1.600000023841858,1.2761945724487305,21040000
2020-07-09,1.600000023841858,1.6100000143051147,1.559999942779541,1.6100000143051147,1.2841708660125732,24970000
2020-07-10,1.600000023841858,1.6100000143051147,1.5499999523162842,1.559999942779541,1.2442896366119385,23546000
2020-07-13,1.559999942779541,1.6799999475479126,1.5399999618530273,1.6399999856948853,1.3080995082855225,33116000
2020-07-14,1.6399999856948853,1.649999976158142,1.5700000524520874,1.5800000429153442,1.260242223739624,27408000
2020-07-15,1.600000023841858,1.6200000047683716,1.5399999618530273,1.559999942779541,1.2442896366119385,19560000
2020-07-16,1.559999942779541,1.590000033378601,1.5399999618530273,1.5399999618530273,1.228337287902832,26605725
2020-07-17,1.5399999618530273,1.590000033378601,1.5299999713897705,1.559999942779541,1.2442896366119385,16858000
2020-07-20,1.559999942779541,1.840000033378601,1.559999942779541,1.7200000286102295,1.371909260749817,131687232
2020-07-21,1.7599999904632568,1.7599999904632568,1.649999976158142,1.690000057220459,1.3479806184768677,48314509
2020-07-22,1.690000057220459,1.7300000190734863,1.6299999952316284,1.6299999952316284,1.3001233339309692,26296000
2020-07-23,1.659999966621399,1.7000000476837158,1.6399999856948853,1.6799999475479126,1.340004324913025,30320000
2020-07-24,1.659999966621399,1.6799999475479126,1.5800000429153442,1.590000033378601,1.2682183980941772,53190000
2020-07-27,1.6299999952316284,1.7000000476837158,1.5800000429153442,1.590000033378601,1.2682183980941772,33176000
2020-07-28,1.6200000047683716,1.6299999952316284,1.590000033378601,1.590000033378601,1.2682183980941772,21953751
2020-07-29,1.600000023841858,1.659999966621399,1.590000033378601,1.6299999952316284,1.3001233339309692,27378000
2020-07-30,1.659999966621399,1.690000057220459,1.6200000047683716,1.6200000047683716,1.2921470403671265,42378725
2020-07-31,1.649999976158142,1.7100000381469727,1.6299999952316284,1.649999976158142,1.3160755634307861,51197000
2020-08-03,1.6799999475479126,1.7599999904632568,1.6799999475479126,1.75,1.395837664604187,67072157
2020-08-04,1.7599999904632568,1.7799999713897705,1.7100000381469727,1.7300000190734863,1.3798853158950806,30070000
2020-08-05,1.7300000190734863,1.7999999523162842,1.7300000190734863,1.7999999523162842,1.4357188940048218,38933950
2020-08-06,1.7799999713897705,1.7999999523162842,1.7300000190734863,1.75,1.395837664604187,34660000
2020-08-07,1.75,1.7599999904632568,1.7000000476837158,1.7300000190734863,1.3798853158950806,38634000
2020-08-10,1.7400000095367432,1.7699999809265137,1.690000057220459,1.690000057220459,1.3479806184768677,25114000
2020-08-11,1.7100000381469727,1.75,1.7100000381469727,1.7200000286102295,1.371909260749817,19358000
2020-08-12,1.7200000286102295,1.7599999904632568,1.690000057220459,1.75,1.395837664604187,34704950
2020-08-13,1.7799999713897705,1.7899999618530273,1.7000000476837158,1.7200000286102295,1.371909260749817,29680750
2020-08-14,1.7200000286102295,1.7400000095367432,1.690000057220459,1.690000057220459,1.3479806184768677,15680000
2020-08-17,1.7200000286102295,1.7200000286102295,1.6699999570846558,1.690000057220459,1.3479806184768677,36204050
2020-08-18,1.7000000476837158,1.7100000381469727,1.6699999570846558,1.690000057220459,1.3479806184768677,15839956
2020-08-19,1.6799999475479126,1.7100000381469727,1.649999976158142,1.659999966621399,1.3240519762039185,20300000
2020-08-20,1.659999966621399,1.659999966621399,1.559999942779541,1.5700000524520874,1.2522660493850708,57084618
2020-08-21,1.590000033378601,1.649999976158142,1.5800000429153442,1.6399999856948853,1.3080995082855225,27818000
2020-08-24,1.6200000047683716,1.659999966621399,1.600000023841858,1.6299999952316284,1.3001233339309692,28788000
2020-08-25,1.5299999713897705,1.5499999523162842,1.4199999570846558,1.4299999475479126,1.1405988931655884,162182000
2020-08-26,1.4500000476837158,1.4700000286102295,1.3700000047683716,1.3700000047683716,1.0927414894104004,87473176
2020-08-27,1.3799999952316284,1.3899999856948853,1.340000033378601,1.3600000143051147,1.0847654342651367,51101320
2020-08-28,1.3600000143051147,1.3899999856948853,1.350000023841858,1.3799999952316284,1.1007177829742432,36063000
2020-08-31,1.3899999856948853,1.4199999570846558,1.3600000143051147,1.3600000143051147,1.0847654342651367,51038000
2020-09-01,1.3600000143051147,1.3700000047683716,1.309999942779541,1.3200000524520874,1.0528604984283447,44931835
2020-09-02,1.3200000524520874,1.3300000429153442,1.25,1.25,0.9970270395278931,59562000
2020-09-03,1.2599999904632568,1.3300000429153442,1.2599999904632568,1.309999942779541,1.044884204864502,31461922
2020-09-04,1.2799999713897705,1.309999942779541,1.2599999904632568,1.2899999618530273,1.028931736946106,35950000
2020-09-07,1.2899999618530273,1.2999999523162842,1.2699999809265137,1.2899999618530273,1.028931736946106,16996000
2020-09-08,1.2899999618530273,1.2999999523162842,1.2699999809265137,1.2799999713897705,1.0209556818008423,20494000
2020-09-09,1.2699999809265137,1.2799999713897705,1.25,1.2599999904632568,1.0050032138824463,49475579
2020-09-10,1.2699999809265137,1.2899999618530273,1.25,1.25,0.9970270395278931,19924000
2020-09-11,1.25,1.2799999713897705,1.2400000095367432,1.2799999713897705,1.0209556818008423,16122000
2020-09-14,1.2899999618530273,1.2999999523162842,1.2699999809265137,1.2799999713897705,1.0209556818008423,13884900
2020-09-15,1.2899999618530273,1.2899999618530273,1.2699999809265137,1.2799999713897705,1.0209556818008423,12497890
2020-09-16,1.2799999713897705,1.3200000524520874,1.2799999713897705,1.2999999523162842,1.0369081497192383,19271434
2020-09-17,1.309999942779541,1.309999942779541,1.2699999809265137,1.2799999713897705,1.0209556818008423,18818000
2020-09-18,1.2799999713897705,1.2799999713897705,1.25,1.2599999904632568,1.0050032138824463,28340000
2020-09-21,1.2599999904632568,1.2699999809265137,1.2200000286102295,1.2300000190734863,0.9810745716094971,23822000
2020-09-22,1.2200000286102295,1.2300000190734863,1.2000000476837158,1.2000000476837158,0.9571459889411926,14544830
2020-09-23,1.2000000476837158,1.2200000286102295,1.1799999475479126,1.190000057220459,0.9491697549819946,26200000
2020-09-24,1.190000057220459,1.190000057220459,1.149999976158142,1.149999976158142,0.9172648787498474,18598038
2020-09-25,1.159999966621399,1.1699999570846558,1.1100000143051147,1.1299999952316284,0.9013124108314514,29282489
2020-09-28,1.1299999952316284,1.149999976158142,1.1100000143051147,1.149999976158142,0.9172648787498474,17848399
2020-09-29,1.159999966621399,1.1799999475479126,1.149999976158142,1.149999976158142,0.9172648787498474,13358300
2020-09-30,1.149999976158142,1.159999966621399,1.1200000047683716,1.1399999856948853,0.9092885255813599,19478564
2020-10-05,1.149999976158142,1.149999976158142,1.1100000143051147,1.1200000047683716,0.893336296081543,14712000
2020-10-06,1.1200000047683716,1.159999966621399,1.1200000047683716,1.149999976158142,0.9172648787498474,16866000
2020-10-07,1.149999976158142,1.149999976158142,1.1200000047683716,1.1299999952316284,0.9013124108314514,16068930
2020-10-08,1.1399999856948853,1.1699999570846558,1.1299999952316284,1.149999976158142,0.9172648787498474,18822154
2020-10-09,1.159999966621399,1.2100000381469727,1.159999966621399,1.190000057220459,0.9491697549819946,37828000
2020-10-12,1.2000000476837158,1.2100000381469727,1.1699999570846558,1.190000057220459,0.9491697549819946,41595800
2020-10-14,1.190000057220459,1.2100000381469727,1.1399999856948853,1.1399999856948853,0.9092885255813599,57933843
2020-10-15,1.1399999856948853,1.159999966621399,1.1299999952316284,1.1299999952316284,0.9013124108314514,22564000
2020-10-16,1.1399999856948853,1.149999976158142,1.1299999952316284,1.1399999856948853,0.9092885255813599,24452000
2020-10-19,1.149999976158142,1.1699999570846558,1.1399999856948853,1.159999966621399,0.9252410531044006,25177712
2020-10-20,1.159999966621399,1.1699999570846558,1.159999966621399,1.1699999570846558,0.9332172870635986,14506000
2020-10-21,1.159999966621399,1.159999966621399,1.1399999856948853,1.1399999856948853,0.9092885255813599,23926000
2020-10-22,1.1399999856948853,1.159999966621399,1.1399999856948853,1.1399999856948853,0.9092885255813599,20684000
2020-10-23,1.1399999856948853,1.1799999475479126,1.1299999952316284,1.1699999570846558,0.9332172870635986,17510446
2020-10-27,1.1699999570846558,1.1799999475479126,1.159999966621399,1.1699999570846558,0.9332172870635986,24098746
2020-10-28,1.1799999475479126,1.1799999475479126,1.149999976158142,1.149999976158142,0.9172648787498474,39467296
2020-10-29,1.1399999856948853,1.1699999570846558,1.1399999856948853,1.159999966621399,0.9252410531044006,22279467
2020-10-30,1.159999966621399,1.1699999570846558,1.1399999856948853,1.149999976158142,0.9172648787498474,19526000
2020-11-02,1.1399999856948853,1.149999976158142,1.1299999952316284,1.1399999856948853,0.9092885255813599,11612000
2020-11-03,1.1399999856948853,1.149999976158142,1.1299999952316284,1.1399999856948853,0.9092885255813599,10010000
2020-11-04,1.1399999856948853,1.1799999475479126,1.1399999856948853,1.1699999570846558,0.9332172870635986,23286000
2020-11-05,1.1799999475479126,1.2200000286102295,1.1699999570846558,1.2100000381469727,0.9651222229003906,28578000
2020-11-06,1.2200000286102295,1.2300000190734863,1.2000000476837158,1.2100000381469727,0.9651222229003906,13716000
2020-11-09,1.2200000286102295,1.2300000190734863,1.2100000381469727,1.2100000381469727,0.9651222229003906,17402000
2020-11-10,1.2200000286102295,1.2300000190734863,1.2100000381469727,1.2200000286102295,0.9730984568595886,12230000
2020-11-11,1.2200000286102295,1.2999999523162842,1.2000000476837158,1.2999999523162842,1.0369081497192383,72418000
2020-11-12,1.309999942779541,1.3200000524520874,1.2699999809265137,1.2899999618530273,1.028931736946106,35658000
2020-11-13,1.2899999618530273,1.2899999618530273,1.2300000190734863,1.2300000190734863,0.9810745716094971,31056000
2020-11-16,1.2400000095367432,1.2999999523162842,1.2400000095367432,1.2799999713897705,1.0209556818008423,42254385
2020-11-17,1.2799999713897705,1.2999999523162842,1.2699999809265137,1.2699999809265137,1.012979507446289,27906000
2020-11-18,1.2799999713897705,1.2799999713897705,1.2699999809265137,1.2799999713897705,1.0209556818008423,19776000
2020-11-19,1.2799999713897705,1.2799999713897705,1.25,1.2599999904632568,1.0050032138824463,22700000
2020-11-20,1.2599999904632568,1.2599999904632568,1.2400000095367432,1.2400000095367432,0.9890508055686951,15146000
2020-11-23,1.2400000095367432,1.2899999618530273,1.2400000095367432,1.2899999618530273,1.028931736946106,17397436
2020-11-24,1.2899999618530273,1.2999999523162842,1.2799999713897705,1.2799999713897705,1.0209556818008423,13350000
2020-11-25,1.2899999618530273,1.2899999618530273,1.2599999904632568,1.2699999809265137,1.012979507446289,23592000
2020-11-26,1.2799999713897705,1.2799999713897705,1.25,1.2599999904632568,1.0050032138824463,9540000
2020-11-27,1.2599999904632568,1.2699999809265137,1.25,1.2699999809265137,1.012979507446289,11068000
2020-11-30,1.2699999809265137,1.2699999809265137,1.2100000381469727,1.2100000381469727,0.9651222229003906,35873371
2020-12-01,1.2200000286102295,1.2400000095367432,1.2100000381469727,1.2200000286102295,0.9730984568595886,18813429
2020-12-02,1.2300000190734863,1.2400000095367432,1.2200000286102295,1.2400000095367432,0.9890508055686951,8352000
2020-12-03,1.2300000190734863,1.2400000095367432,1.2200000286102295,1.2300000190734863,0.9810745716094971,10976000
2020-12-04,1.2300000190734863,1.2400000095367432,1.2000000476837158,1.2100000381469727,0.9651222229003906,21400000
2020-12-07,1.2100000381469727,1.2100000381469727,1.1799999475479126,1.190000057220459,0.9491697549819946,11710000
2020-12-08,1.2000000476837158,1.2100000381469727,1.1799999475479126,1.2000000476837158,0.9571459889411926,11300000
2020-12-09,1.190000057220459,1.2000000476837158,1.1699999570846558,1.1799999475479126,0.9411935210227966,27046000
2020-12-10,1.1699999570846558,1.1799999475479126,1.149999976158142,1.149999976158142,0.9172648787498474,18316436
2020-12-11,1.149999976158142,1.1799999475479126,1.149999976158142,1.1699999570846558,0.9332172870635986,12330000
2020-12-14,1.159999966621399,1.1699999570846558,1.149999976158142,1.149999976158142,0.9172648787498474,12590000
2020-12-15,1.149999976158142,1.159999966621399,1.1299999952316284,1.1399999856948853,0.9092885255813599,26900000
2020-12-16,1.1399999856948853,1.149999976158142,1.1200000047683716,1.1299999952316284,0.9013124108314514,28466020
2020-12-17,1.1399999856948853,1.149999976158142,1.1100000143051147,1.1299999952316284,0.9013124108314514,40539600
2020-12-18,1.1299999952316284,1.1699999570846558,1.1299999952316284,1.159999966621399,0.9252410531044006,18762000
2020-12-21,1.159999966621399,1.159999966621399,1.1200000047683716,1.1299999952316284,0.9013124108314514,19544000
2020-12-22,1.1299999952316284,1.149999976158142,1.1200000047683716,1.1399999856948853,0.9092885255813599,17967600
2020-12-23,1.1299999952316284,1.149999976158142,1.1200000047683716,1.1200000047683716,0.893336296081543,19236000
2020-12-24,1.1299999952316284,1.1299999952316284,1.1299999952316284,1.1299999952316284,0.9013124108314514,0
2020-12-28,1.1399999856948853,1.149999976158142,1.1200000047683716,1.1399999856948853,0.9092885255813599,24988000
2020-12-29,1.1399999856948853,1.159999966621399,1.1299999952316284,1.159999966621399,0.9252410531044006,14050000
2020-12-30,1.159999966621399,1.159999966621399,1.149999976158142,1.149999976158142,0.9172648787498474,9829290
2020-12-31,1.149999976158142,1.149999976158142,1.149999976158142,1.149999976158142,0.9172648787498474,0
2021-01-04,1.149999976158142,1.159999966621399,1.1299999952316284,1.149999976158142,0.9172648787498474,16668000
2021-01-05,1.149999976158142,1.149999976158142,1.1299999952316284,1.149999976158142,0.9172648787498474,12302000
2021-01-06,1.149999976158142,1.2200000286102295,1.1399999856948853,1.2200000286102295,0.9730984568595886,40505289
2021-01-07,1.2200000286102295,1.2200000286102295,1.159999966621399,1.1699999570846558,0.9332172870635986,25076000
2021-01-08,1.1799999475479126,1.1799999475479126,1.149999976158142,1.1799999475479126,0.9411935210227966,21711000
2021-01-11,1.1799999475479126,1.190000057220459,1.149999976158142,1.1799999475479126,0.9411935210227966,25606000
2021-01-12,1.1799999475479126,1.2000000476837158,1.159999966621399,1.2000000476837158,0.9571459889411926,16688000
2021-01-13,1.2000000476837158,1.2300000190734863,1.2000000476837158,1.2100000381469727,0.9651222229003906,16714000
2021-01-14,1.2300000190734863,1.2999999523162842,1.190000057220459,1.2799999713897705,1.0209556818008423,81948000
2021-01-15,1.2799999713897705,1.2799999713897705,1.25,1.2599999904632568,1.0050032138824463,26662000
2021-01-18,1.2599999904632568,1.2599999904632568,1.2300000190734863,1.2599999904632568,1.0050032138824463,13703000
2021-01-19,1.2599999904632568,1.2999999523162842,1.25,1.2699999809265137,1.012979507446289,32364000
2021-01-20,1.2699999809265137,1.2899999618530273,1.25,1.25,0.9970270395278931,20976000
2021-01-21,1.25,1.2599999904632568,1.2300000190734863,1.2400000095367432,0.9890508055686951,34144000
2021-01-22,1.2400000095367432,1.2400000095367432,1.190000057220459,1.190000057220459,0.9491697549819946,27876233
2021-01-25,1.190000057220459,1.190000057220459,1.149999976158142,1.159999966621399,0.9252410531044006,24431567
2021-01-26,1.159999966621399,1.1699999570846558,1.149999976158142,1.149999976158142,0.9172648787498474,18854000
2021-01-27,1.149999976158142,1.1699999570846558,1.149999976158142,1.1699999570846558,0.9332172870635986,14818650
2021-01-28,1.159999966621399,1.1699999570846558,1.1299999952316284,1.1299999952316284,0.9013124108314514,22030000
2021-01-29,1.1399999856948853,1.149999976158142,1.1299999952316284,1.1299999952316284,0.9013124108314514,15814000
2021-02-01,1.1299999952316284,1.149999976158142,1.1299999952316284,1.1399999856948853,0.9092885255813599,13306000
2021-02-02,1.149999976158142,1.159999966621399,1.1399999856948853,1.1399999856948853,0.9092885255813599,19972000
2021-02-03,1.149999976158142,1.1699999570846558,1.1399999856948853,1.149999976158142,0.9172648787498474,25286000
2021-02-04,1.149999976158142,1.149999976158142,1.1200000047683716,1.1200000047683716,0.893336296081543,26458078
2021-02-05,1.1200000047683716,1.149999976158142,1.1200000047683716,1.1399999856948853,0.9092885255813599,11400000
2021-02-08,1.1399999856948853,1.1699999570846558,1.1299999952316284,1.149999976158142,0.9172648787498474,20346100
2021-02-09,1.149999976158142,1.149999976158142,1.1299999952316284,1.1399999856948853,0.9092885255813599,13034000
2021-02-10,1.149999976158142,1.149999976158142,1.1299999952316284,1.1299999952316284,0.9013124108314514,9926000
2021-02-11,1.1299999952316284,1.1299999952316284,1.1299999952316284,1.1299999952316284,0.9013124108314514,0
2021-02-16,1.149999976158142,1.190000057220459,1.149999976158142,1.190000057220459,0.9491697549819946,20736000
2021-02-17,1.190000057220459,1.2200000286102295,1.1799999475479126,1.2000000476837158,0.9571459889411926,28705000
2021-02-18,1.2000000476837158,1.2200000286102295,1.1799999475479126,1.190000057220459,0.9491697549819946,45369725
2021-02-19,1.190000057220459,1.2999999523162842,1.1799999475479126,1.2799999713897705,1.0209556818008423,133505342
2021-02-22,1.2999999523162842,1.350000023841858,1.2899999618530273,1.2999999523162842,1.0369081497192383,108418283
2021-02-23,1.2999999523162842,1.3200000524520874,1.2599999904632568,1.2999999523162842,1.0369081497192383,59670000
2021-02-24,1.2999999523162842,1.340000033378601,1.2400000095367432,1.2699999809265137,1.012979507446289,95020000
2021-02-25,1.2899999618530273,1.340000033378601,1.2799999713897705,1.3200000524520874,1.0528604984283447,70750000
2021-02-26,1.2899999618530273,1.2999999523162842,1.2599999904632568,1.2799999713897705,1.0209556818008423,65214000
2021-03-01,1.2899999618530273,1.2999999523162842,1.2599999904632568,1.2899999618530273,1.028931736946106,33861208
2021-03-02,1.2899999618530273,1.340000033378601,1.2899999618530273,1.309999942779541,1.044884204864502,45170000
2021-03-03,1.309999942779541,1.3200000524520874,1.2899999618530273,1.2999999523162842,1.0369081497192383,38744000
2021-03-04,1.2999999523162842,1.3300000429153442,1.2799999713897705,1.2899999618530273,1.028931736946106,43296000
2021-03-05,1.2799999713897705,1.2799999713897705,1.25,1.2599999904632568,1.0050032138824463,33878000
2021-03-08,1.2699999809265137,1.309999942779541,1.2400000095367432,1.2599999904632568,1.0050032138824463,39396203
2021-03-09,1.2599999904632568,1.2699999809265137,1.2300000190734863,1.25,0.9970270395278931,30372000
2021-03-10,1.2599999904632568,1.2599999904632568,1.2300000190734863,1.2400000095367432,0.9890508055686951,18368000
2021-03-11,1.25,1.2899999618530273,1.25,1.2799999713897705,1.0209556818008423,25854000
2021-03-12,1.2899999618530273,1.309999942779541,1.2799999713897705,1.2999999523162842,1.0369081497192383,35620000
2021-03-15,1.309999942779541,1.340000033378601,1.2999999523162842,1.3200000524520874,1.0528604984283447,42668000
2021-03-16,1.3200000524520874,1.3300000429153442,1.2999999523162842,1.3300000429153442,1.0608367919921875,21946500
2021-03-17,1.3200000524520874,1.3300000429153442,1.309999942779541,1.3200000524520874,1.0528604984283447,18186022
2021-03-18,1.3200000524520874,1.3300000429153442,1.2999999523162842,1.309999942779541,1.044884204864502,17084000
2021-03-19,1.309999942779541,1.3200000524520874,1.2899999618530273,1.309999942779541,1.044884204864502,43780000
2021-03-22,1.2999999523162842,1.3200000524520874,1.2799999713897705,1.3200000524520874,1.0528604984283447,21326000
2021-03-23,1.3200000524520874,1.340000033378601,1.2999999523162842,1.309999942779541,1.044884204864502,26342000
2021-03-24,1.309999942779541,1.3200000524520874,1.2599999904632568,1.2699999809265137,1.012979507446289,31666000
2021-03-25,1.2599999904632568,1.2699999809265137,1.2400000095367432,1.2699999809265137,1.012979507446289,16762000
2021-03-26,1.2799999713897705,1.2799999713897705,1.25,1.2599999904632568,1.0050032138824463,14051862
2021-03-29,1.2699999809265137,1.3600000143051147,1.2699999809265137,1.350000023841858,1.076789140701294,60322000
2021-03-30,1.3899999856948853,1.3899999856948853,1.309999942779541,1.3200000524520874,1.0528604984283447,71720400
2021-03-31,1.3300000429153442,1.350000023841858,1.309999942779541,1.3300000429153442,1.0608367919921875,30130000
2021-04-01,1.350000023841858,1.350000023841858,1.3200000524520874,1.3300000429153442,1.0608367919921875,25104000
2021-04-07,1.340000033378601,1.340000033378601,1.2999999523162842,1.309999942779541,1.044884204864502,41944000
2021-04-08,1.309999942779541,1.3200000524520874,1.2899999618530273,1.2899999618530273,1.028931736946106,34292750
2021-04-09,1.2999999523162842,1.2999999523162842,1.2799999713897705,1.2999999523162842,1.0369081497192383,19462000
2021-04-12,1.2999999523162842,1.309999942779541,1.2799999713897705,1.2999999523162842,1.0369081497192383,34116000
2021-04-13,1.309999942779541,1.309999942779541,1.2799999713897705,1.2799999713897705,1.0209556818008423,22278000
2021-04-14,1.2799999713897705,1.2999999523162842,1.2799999713897705,1.2899999618530273,1.028931736946106,22642000
2021-04-15,1.2999999523162842,1.2999999523162842,1.2799999713897705,1.2799999713897705,1.0209556818008423,24160000
2021-04-16,1.2899999618530273,1.3300000429153442,1.2799999713897705,1.3200000524520874,1.0528604984283447,27310000
2021-04-19,1.3300000429153442,1.340000033378601,1.309999942779541,1.3200000524520874,1.0528604984283447,25901253
2021-04-20,1.3300000429153442,1.3300000429153442,1.309999942779541,1.3300000429153442,1.0608367919921875,18294000
2021-04-21,1.3300000429153442,1.3300000429153442,1.2999999523162842,1.309999942779541,1.044884204864502,18758000
2021-04-22,1.3200000524520874,1.3200000524520874,1.2899999618530273,1.309999942779541,1.044884204864502,32632581
2021-04-23,1.2999999523162842,1.309999942779541,1.2899999618530273,1.2999999523162842,1.0369081497192383,13126000
2021-04-26,1.309999942779541,1.3300000429153442,1.2999999523162842,1.3300000429153442,1.0608367919921875,32094000
2021-04-27,1.3300000429153442,1.340000033378601,1.3200000524520874,1.340000033378601,1.0688129663467407,28084000
2021-04-28,1.340000033378601,1.340000033378601,1.3200000524520874,1.340000033378601,1.0688129663467407,17696000
2021-04-29,1.350000023841858,1.3899999856948853,1.350000023841858,1.3700000047683716,1.0927414894104004,21288000
2021-04-30,1.3700000047683716,1.399999976158142,1.350000023841858,1.3799999952316284,1.1007177829742432,19720000
2021-05-03,1.3799999952316284,1.3899999856948853,1.3600000143051147,1.3799999952316284,1.1007177829742432,17028000
2021-05-04,1.3799999952316284,1.399999976158142,1.3700000047683716,1.399999976158142,1.1166703701019287,18294000
2021-05-05,1.409999966621399,1.440000057220459,1.399999976158142,1.4199999570846558,1.1326227188110352,40198900
2021-05-06,1.4199999570846558,1.4299999475479126,1.3799999952316284,1.3899999856948853,1.1086939573287964,33816000
2021-05-07,1.399999976158142,1.4299999475479126,1.3899999856948853,1.409999966621399,1.1246464252471924,43598000
2021-05-10,1.4199999570846558,1.440000057220459,1.409999966621399,1.4299999475479126,1.1405988931655884,49440000
2021-05-11,1.4199999570846558,1.4299999475479126,1.3899999856948853,1.399999976158142,1.1166703701019287,27728000
2021-05-12,1.399999976158142,1.409999966621399,1.3600000143051147,1.3799999952316284,1.1007177829742432,48478000
2021-05-13,1.3700000047683716,1.3700000047683716,1.309999942779541,1.3300000429153442,1.0608367919921875,71102000
2021-05-14,1.340000033378601,1.3600000143051147,1.309999942779541,1.340000033378601,1.0688129663467407,22400000
2021-05-17,1.350000023841858,1.3600000143051147,1.340000033378601,1.350000023841858,1.076789140701294,21430976
2021-05-18,1.3600000143051147,1.3700000047683716,1.350000023841858,1.3600000143051147,1.0847654342651367,18894000
2021-05-20,1.3700000047683716,1.3700000047683716,1.2999999523162842,1.3300000429153442,1.0608367919921875,65872000
2021-05-21,1.3200000524520874,1.340000033378601,1.309999942779541,1.3300000429153442,1.0608367919921875,18473540
2021-05-24,1.3300000429153442,1.3600000143051147,1.3300000429153442,1.3300000429153442,1.0608367919921875,28880000
2021-05-25,1.3300000429153442,1.340000033378601,1.3200000524520874,1.3300000429153442,1.0608367919921875,20128000
2021-05-26,1.340000033378601,1.340000033378601,1.3200000524520874,1.3300000429153442,1.0608367919921875,25815000
2021-05-27,1.3300000429153442,1.3600000143051147,1.3200000524520874,1.340000033378601,1.0688129663467407,36042000
2021-05-28,1.350000023841858,1.3600000143051147,1.3200000524520874,1.3300000429153442,1.0608367919921875,36067000
2021-05-31,1.340000033378601,1.350000023841858,1.3200000524520874,1.340000033378601,1.0688129663467407,25950100
2021-06-01,1.340000033378601,1.3700000047683716,1.3300000429153442,1.350000023841858,1.076789140701294,49612000
2021-06-02,1.2400000095367432,1.25,1.2200000286102295,1.2400000095367432,1.0200294256210327,49480000
2021-06-03,1.25,1.2599999904632568,1.2000000476837158,1.2300000190734863,1.011803388595581,45788584
2021-06-04,1.2300000190734863,1.2300000190734863,1.2000000476837158,1.2000000476837158,0.9871253371238708,38174000
2021-06-07,1.2100000381469727,1.2100000381469727,1.1699999570846558,1.190000057220459,0.9788992404937744,32634000
2021-06-08,1.190000057220459,1.2000000476837158,1.1699999570846558,1.1799999475479126,0.9706732034683228,25716000
2021-06-09,1.1799999475479126,1.2000000476837158,1.1699999570846558,1.190000057220459,0.9788992404937744,20260000
2021-06-10,1.2000000476837158,1.2000000476837158,1.1799999475479126,1.190000057220459,0.9788992404937744,16264000
2021-06-11,1.190000057220459,1.2000000476837158,1.1799999475479126,1.2000000476837158,0.9871253371238708,22624000
2021-06-15,1.2000000476837158,1.2100000381469727,1.190000057220459,1.190000057220459,0.9788992404937744,20158000
2021-06-16,1.2000000476837158,1.2000000476837158,1.1799999475479126,1.1799999475479126,0.9706732034683228,28635000
2021-06-17,1.190000057220459,1.190000057220459,1.1799999475479126,1.1799999475479126,0.9706732034683228,11150000
2021-06-18,1.190000057220459,1.190000057220459,1.1399999856948853,1.149999976158142,0.9459950923919678,41640112
2021-06-21,1.149999976158142,1.149999976158142,1.1100000143051147,1.1200000047683716,0.9213169813156128,30400584
2021-06-22,1.1200000047683716,1.159999966621399,1.1200000047683716,1.149999976158142,0.9459950923919678,35776000
2021-06-23,1.159999966621399,1.159999966621399,1.1200000047683716,1.1399999856948853,0.9377689361572266,30128000
2021-06-24,1.149999976158142,1.1699999570846558,1.1399999856948853,1.159999966621399,0.9542210698127747,22657528
2021-06-25,1.1699999570846558,1.1799999475479126,1.149999976158142,1.159999966621399,0.9542210698127747,29430000
2021-06-28,1.1699999570846558,1.1799999475479126,1.159999966621399,1.159999966621399,0.9542210698127747,7876000
2021-06-29,1.159999966621399,1.1799999475479126,1.159999966621399,1.1699999570846558,0.9624471068382263,21312000
2021-06-30,1.1699999570846558,1.190000057220459,1.1699999570846558,1.190000057220459,0.9788992404937744,18546000
2021-07-02,1.190000057220459,1.190000057220459,1.149999976158142,1.159999966621399,0.9542210698127747,19564000
2021-07-05,1.159999966621399,1.1699999570846558,1.1299999952316284,1.149999976158142,0.9459950923919678,23282500
2021-07-06,1.149999976158142,1.149999976158142,1.1299999952316284,1.1399999856948853,0.9377689361572266,16922000
2021-07-07,1.149999976158142,1.149999976158142,1.1299999952316284,1.1399999856948853,0.9377689361572266,16072000
2021-07-08,1.149999976158142,1.149999976158142,1.1100000143051147,1.1200000047683716,0.9213169813156128,41663829
2021-07-09,1.1299999952316284,1.1399999856948853,1.1100000143051147,1.1399999856948853,0.9377689361572266,13876000
2021-07-12,1.1399999856948853,1.1699999570846558,1.1399999856948853,1.1699999570846558,0.9624471068382263,24390000
2021-07-13,1.1699999570846558,1.1799999475479126,1.159999966621399,1.1699999570846558,0.9624471068382263,10916000
2021-07-14,1.1699999570846558,1.1799999475479126,1.159999966621399,1.1699999570846558,0.9624471068382263,13086000
2021-07-15,1.1699999570846558,1.1799999475479126,1.159999966621399,1.1699999570846558,0.9624471068382263,15730000
2021-07-16,1.1799999475479126,1.1799999475479126,1.1699999570846558,1.1799999475479126,0.9706732034683228,13612000
2021-07-19,1.1799999475479126,1.2100000381469727,1.1699999570846558,1.1799999475479126,0.9706732034683228,40458000
2021-07-20,1.1799999475479126,1.1799999475479126,1.159999966621399,1.1799999475479126,0.9706732034683228,13148000
2021-07-21,1.190000057220459,1.190000057220459,1.1699999570846558,1.1799999475479126,0.9706732034683228,11141000
2021-07-22,1.190000057220459,1.2100000381469727,1.1699999570846558,1.1799999475479126,0.9706732034683228,32546411
2021-07-23,1.1799999475479126,1.2100000381469727,1.1799999475479126,1.190000057220459,0.9788992404937744,24858000
2021-07-26,1.2000000476837158,1.2100000381469727,1.1699999570846558,1.1799999475479126,0.9706732034683228,34236000
2021-07-27,1.1699999570846558,1.1799999475479126,1.1200000047683716,1.1399999856948853,0.9377689361572266,36628000
2021-07-28,1.1399999856948853,1.1699999570846558,1.1299999952316284,1.159999966621399,0.9542210698127747,25214000
2021-07-29,1.1699999570846558,1.1799999475479126,1.1299999952316284,1.159999966621399,0.9542210698127747,29528000
2021-07-30,1.159999966621399,1.1699999570846558,1.1399999856948853,1.159999966621399,0.9542210698127747,27528000
2021-08-02,1.149999976158142,1.2100000381469727,1.1399999856948853,1.2000000476837158,0.9871253371238708,75606000
2021-08-03,1.2300000190734863,1.2699999809265137,1.2100000381469727,1.2200000286102295,1.003577470779419,52858000
2021-08-04,1.2300000190734863,1.2400000095367432,1.2200000286102295,1.2300000190734863,1.011803388595581,25098000
2021-08-05,1.2400000095367432,1.25,1.2300000190734863,1.2400000095367432,1.0200294256210327,19053000
2021-08-06,1.2400000095367432,1.25,1.2300000190734863,1.25,1.028255581855774,16360398
2021-08-09,1.25,1.2799999713897705,1.2400000095367432,1.2599999904632568,1.036481499671936,43924000
2021-08-10,1.2599999904632568,1.2599999904632568,1.25,1.2599999904632568,1.036481499671936,9332330
2021-08-11,1.25,1.2799999713897705,1.25,1.2599999904632568,1.036481499671936,36308000
2021-08-12,1.2599999904632568,1.2599999904632568,1.2300000190734863,1.2300000190734863,1.011803388595581,25780000
2021-08-13,1.2300000190734863,1.2300000190734863,1.2100000381469727,1.2100000381469727,0.9953513741493225,21423500
2021-08-16,1.2100000381469727,1.2699999809265137,1.2100000381469727,1.2400000095367432,1.0200294256210327,38556000
2021-08-17,1.25,1.2599999904632568,1.2100000381469727,1.2200000286102295,1.003577470779419,20513000
2021-08-18,1.2300000190734863,1.2300000190734863,1.2100000381469727,1.2200000286102295,1.003577470779419,6258300
2021-08-19,1.2200000286102295,1.2300000190734863,1.1699999570846558,1.1799999475479126,0.9706732034683228,39956000
2021-08-20,1.190000057220459,1.190000057220459,1.1399999856948853,1.1799999475479126,0.9706732034683228,25786000
2021-08-23,1.190000057220459,1.190000057220459,1.149999976158142,1.159999966621399,0.9542210698127747,10908000
2021-08-24,1.1799999475479126,1.1799999475479126,1.149999976158142,1.149999976158142,0.9459950923919678,13074000
2021-08-25,1.1799999475479126,1.2100000381469727,1.159999966621399,1.2000000476837158,0.9871253371238708,36830000
2021-08-26,1.2100000381469727,1.2300000190734863,1.2000000476837158,1.2100000381469727,0.9953513741493225,12124000
2021-08-27,1.2200000286102295,1.2400000095367432,1.2200000286102295,1.2300000190734863,1.011803388595581,14108000
2021-08-30,1.2400000095367432,1.2400000095367432,1.190000057220459,1.2200000286102295,1.003577470779419,24264000
2021-08-31,1.2200000286102295,1.2400000095367432,1.2100000381469727,1.2400000095367432,1.0200294256210327,39076000
2021-09-01,1.2400000095367432,1.2999999523162842,1.2300000190734863,1.2699999809265137,1.0447076559066772,58348418
2021-09-02,1.2799999713897705,1.309999942779541,1.2699999809265137,1.2999999523162842,1.0693857669830322,40098000
2021-09-03,1.309999942779541,1.3799999952316284,1.309999942779541,1.3700000047683716,1.1269680261611938,88968000
2021-09-06,1.3899999856948853,1.4600000381469727,1.3799999952316284,1.4500000476837158,1.1927765607833862,66524000
2021-09-07,1.4500000476837158,1.4500000476837158,1.409999966621399,1.4199999570846558,1.1680982112884521,27016000
2021-09-08,1.4299999475479126,1.4299999475479126,1.3799999952316284,1.3899999856948853,1.1434201002120972,40472000
2021-09-09,1.3899999856948853,1.440000057220459,1.3700000047683716,1.440000057220459,1.184550404548645,34014618
2021-09-10,1.440000057220459,1.4900000095367432,1.440000057220459,1.4500000476837158,1.1927765607833862,46476400
2021-09-13,1.440000057220459,1.5,1.4299999475479126,1.4500000476837158,1.1927765607833862,38772000
2021-09-14,1.4600000381469727,1.4600000381469727,1.4199999570846558,1.4299999475479126,1.1763242483139038,30830000
2021-09-15,1.4299999475479126,1.440000057220459,1.3899999856948853,1.399999976158142,1.1516462564468384,25660761
2021-09-16,1.399999976158142,1.409999966621399,1.3600000143051147,1.399999976158142,1.1516462564468384,24194000
2021-09-17,1.3899999856948853,1.399999976158142,1.3700000047683716,1.3899999856948853,1.1434201002120972,14062000
2021-09-20,1.3899999856948853,1.399999976158142,1.3200000524520874,1.3600000143051147,1.1187419891357422,27800000
2021-09-21,1.340000033378601,1.3799999952316284,1.3300000429153442,1.3700000047683716,1.1269680261611938,7530000
2021-09-23,1.3899999856948853,1.440000057220459,1.3899999856948853,1.409999966621399,1.1598721742630005,30548000
2021-09-24,1.4199999570846558,1.4199999570846558,1.350000023841858,1.350000023841858,1.1105159521102905,30710000
2021-09-27,1.3700000047683716,1.3700000047683716,1.3200000524520874,1.340000033378601,1.1022899150848389,21760000
2021-09-28,1.3700000047683716,1.4299999475479126,1.3600000143051147,1.4199999570846558,1.1680982112884521,35460000
2021-09-29,1.4299999475479126,1.4299999475479126,1.3899999856948853,1.409999966621399,1.1598721742630005,17992000
2021-09-30,1.4299999475479126,1.4500000476837158,1.3899999856948853,1.4500000476837158,1.1927765607833862,27604000
2021-10-04,1.4500000476837158,1.4800000190734863,1.440000057220459,1.4700000286102295,1.2092283964157104,21734881
2021-10-05,1.4500000476837158,1.4800000190734863,1.4500000476837158,1.4600000381469727,1.2010024785995483,13857000
2021-10-06,1.4600000381469727,1.4700000286102295,1.4299999475479126,1.4500000476837158,1.1927765607833862,22123435
2021-10-07,1.4600000381469727,1.5,1.440000057220459,1.5,1.2339065074920654,28388000
2021-10-08,1.5,1.5,1.4199999570846558,1.440000057220459,1.184550404548645,28788000
2021-10-11,1.4500000476837158,1.4600000381469727,1.399999976158142,1.4199999570846558,1.1680982112884521,23740000
2021-10-12,1.4199999570846558,1.4199999570846558,1.3799999952316284,1.399999976158142,1.1516462564468384,14802000
2021-10-15,1.399999976158142,1.399999976158142,1.3700000047683716,1.3899999856948853,1.1434201002120972,19536995
2021-10-18,1.3899999856948853,1.4199999570846558,1.3799999952316284,1.3899999856948853,1.1434201002120972,12154000
2021-10-19,1.399999976158142,1.409999966621399,1.3799999952316284,1.399999976158142,1.1516462564468384,7278000
2021-10-20,1.399999976158142,1.4199999570846558,1.3799999952316284,1.399999976158142,1.1516462564468384,9874000
2021-10-21,1.409999966621399,1.409999966621399,1.3700000047683716,1.3899999856948853,1.1434201002120972,13088000
2021-10-22,1.3799999952316284,1.409999966621399,1.3799999952316284,1.3899999856948853,1.1434201002120972,8408000
2021-10-25,1.3799999952316284,1.3899999856948853,1.3600000143051147,1.3799999952316284,1.1351940631866455,12468000
2021-10-26,1.3700000047683716,1.3799999952316284,1.350000023841858,1.3600000143051147,1.1187419891357422,15973154
2021-10-27,1.3600000143051147,1.3700000047683716,1.340000033378601,1.3600000143051147,1.1187419891357422,13429767
2021-10-28,1.3600000143051147,1.3600000143051147,1.3200000524520874,1.3300000429153442,1.0940639972686768,15668000
2021-10-29,1.340000033378601,1.3799999952316284,1.3300000429153442,1.3600000143051147,1.1187419891357422,14036000
2021-11-01,1.3600000143051147,1.3899999856948853,1.3300000429153442,1.340000033378601,1.1022899150848389,16406000
2021-11-02,1.350000023841858,1.350000023841858,1.2999999523162842,1.3200000524520874,1.085837721824646,23088000
2021-11-03,1.3200000524520874,1.340000033378601,1.309999942779541,1.3200000524520874,1.085837721824646,12016000
2021-11-04,1.309999942779541,1.340000033378601,1.309999942779541,1.340000033378601,1.1022899150848389,7816000
2021-11-05,1.3300000429153442,1.3300000429153442,1.2999999523162842,1.3200000524520874,1.085837721824646,15298000
2021-11-08,1.3200000524520874,1.340000033378601,1.2999999523162842,1.3200000524520874,1.085837721824646,7532000
2021-11-09,1.3200000524520874,1.3300000429153442,1.309999942779541,1.3300000429153442,1.0940639972686768,6672000
2021-11-10,1.3200000524520874,1.350000023841858,1.2899999618530273,1.3300000429153442,1.0940639972686768,18882000
2021-11-11,1.3200000524520874,1.3700000047683716,1.3200000524520874,1.3600000143051147,1.1187419891357422,14240000
2021-11-12,1.3700000047683716,1.3700000047683716,1.3300000429153442,1.340000033378601,1.1022899150848389,9326000
2021-11-15,1.350000023841858,1.3600000143051147,1.340000033378601,1.350000023841858,1.1105159521102905,15131016
2021-11-16,1.350000023841858,1.3600000143051147,1.340000033378601,1.350000023841858,1.1105159521102905,9124000
2021-11-17,1.3600000143051147,1.3600000143051147,1.350000023841858,1.3600000143051147,1.1187419891357422,10886000
2021-11-18,1.350000023841858,1.3700000047683716,1.340000033378601,1.3600000143051147,1.1187419891357422,8212000
2021-11-19,1.350000023841858,1.350000023841858,1.3200000524520874,1.340000033378601,1.1022899150848389,11750368
2021-11-22,1.340000033378601,1.350000023841858,1.3200000524520874,1.340000033378601,1.1022899150848389,11812000
2021-11-23,1.340000033378601,1.340000033378601,1.3200000524520874,1.3300000429153442,1.0940639972686768,16368000
2021-11-24,1.340000033378601,1.340000033378601,1.309999942779541,1.3200000524520874,1.085837721824646,16664000
2021-11-25,1.3200000524520874,1.340000033378601,1.3200000524520874,1.340000033378601,1.1022899150848389,7614000
2021-11-26,1.3300000429153442,1.340000033378601,1.309999942779541,1.3300000429153442,1.0940639972686768,15929488
2021-11-29,1.3300000429153442,1.340000033378601,1.3200000524520874,1.340000033378601,1.1022899150848389,7212000
2021-11-30,1.340000033378601,1.3700000047683716,1.3200000524520874,1.3300000429153442,1.0940639972686768,15650000
2021-12-01,1.3300000429153442,1.350000023841858,1.3300000429153442,1.3300000429153442,1.0940639972686768,5162000
2021-12-02,1.3300000429153442,1.350000023841858,1.3200000524520874,1.340000033378601,1.1022899150848389,14324000
2021-12-03,1.340000033378601,1.350000023841858,1.3300000429153442,1.340000033378601,1.1022899150848389,10370000
2021-12-06,1.340000033378601,1.3700000047683716,1.3300000429153442,1.340000033378601,1.1022899150848389,16818000
2021-12-07,1.340000033378601,1.3700000047683716,1.340000033378601,1.3700000047683716,1.1269680261611938,26506000
2021-12-08,1.3700000047683716,1.3799999952316284,1.3600000143051147,1.3600000143051147,1.1187419891357422,14618403
2021-12-09,1.3700000047683716,1.3899999856948853,1.3600000143051147,1.3700000047683716,1.1269680261611938,12546000
2021-12-10,1.3700000047683716,1.3700000047683716,1.340000033378601,1.350000023841858,1.1105159521102905,9648000
2021-12-13,1.3600000143051147,1.3899999856948853,1.350000023841858,1.350000023841858,1.1105159521102905,27850000
2021-12-14,1.350000023841858,1.3600000143051147,1.3200000524520874,1.340000033378601,1.1022899150848389,18716000
2021-12-15,1.340000033378601,1.340000033378601,1.3200000524520874,1.3300000429153442,1.0940639972686768,15698000
2021-12-16,1.340000033378601,1.340000033378601,1.3200000524520874,1.3300000429153442,1.0940639972686768,16611513
2021-12-17,1.340000033378601,1.350000023841858,1.3300000429153442,1.340000033378601,1.1022899150848389,12532000
2021-12-20,1.350000023841858,1.350000023841858,1.309999942779541,1.3200000524520874,1.085837721824646,17660000
2021-12-21,1.3300000429153442,1.340000033378601,1.3200000524520874,1.340000033378601,1.1022899150848389,6671000
2021-12-22,1.340000033378601,1.340000033378601,1.3200000524520874,1.3300000429153442,1.0940639972686768,8396000
2021-12-23,1.3300000429153442,1.350000023841858,1.309999942779541,1.3300000429153442,1.0940639972686768,16980000
2021-12-24,1.3300000429153442,1.350000023841858,1.3300000429153442,1.340000033378601,1.1022899150848389,10640000
2021-12-28,1.340000033378601,1.3600000143051147,1.340000033378601,1.350000023841858,1.1105159521102905,15824000
2021-12-29,1.3600000143051147,1.3700000047683716,1.350000023841858,1.3700000047683716,1.1269680261611938,7718000
2021-12-30,1.3700000047683716,1.3799999952316284,1.350000023841858,1.3700000047683716,1.1269680261611938,5276000
2021-12-31,1.3799999952316284,1.399999976158142,1.3600000143051147,1.3899999856948853,1.1434201002120972,7774000
2022-01-03,1.3899999856948853,1.409999966621399,1.3799999952316284,1.3899999856948853,1.1434201002120972,7706000
2022-01-04,1.3899999856948853,1.409999966621399,1.3600000143051147,1.3600000143051147,1.1187419891357422,28488000
2022-01-05,1.3700000047683716,1.3799999952316284,1.350000023841858,1.350000023841858,1.1105159521102905,18154000
2022-01-06,1.350000023841858,1.3600000143051147,1.340000033378601,1.350000023841858,1.1105159521102905,18292000
2022-01-07,1.3600000143051147,1.3799999952316284,1.340000033378601,1.3799999952316284,1.1351940631866455,57516491
2022-01-10,1.3700000047683716,1.3799999952316284,1.3600000143051147,1.3700000047683716,1.1269680261611938,19510000
2022-01-11,1.3600000143051147,1.3899999856948853,1.3600000143051147,1.3799999952316284,1.1351940631866455,35754000
2022-01-12,1.3899999856948853,1.4199999570846558,1.3700000047683716,1.4199999570846558,1.1680982112884521,63196000
2022-01-13,1.4199999570846558,1.4500000476837158,1.409999966621399,1.4199999570846558,1.1680982112884521,33782302
2022-01-14,1.409999966621399,1.409999966621399,1.3700000047683716,1.3899999856948853,1.1434201002120972,31806683
2022-01-17,1.3899999856948853,1.3899999856948853,1.350000023841858,1.3600000143051147,1.1187419891357422,27122000
2022-01-18,1.350000023841858,1.3799999952316284,1.350000023841858,1.3600000143051147,1.1187419891357422,18370000
2022-01-19,1.350000023841858,1.399999976158142,1.350000023841858,1.3700000047683716,1.1269680261611938,21422000
2022-01-20,1.3700000047683716,1.409999966621399,1.3700000047683716,1.3899999856948853,1.1434201002120972,16972000
2022-01-21,1.3899999856948853,1.399999976158142,1.3799999952316284,1.3899999856948853,1.1434201002120972,10634000
2022-01-24,1.399999976158142,1.399999976158142,1.3600000143051147,1.3600000143051147,1.1187419891357422,13924000
2022-01-25,1.3600000143051147,1.3700000047683716,1.3300000429153442,1.350000023841858,1.1105159521102905,24802000
2022-01-26,1.3600000143051147,1.3700000047683716,1.350000023841858,1.3600000143051147,1.1187419891357422,9730000
2022-01-27,1.3600000143051147,1.3600000143051147,1.3300000429153442,1.340000033378601,1.1022899150848389,15720000
2022-01-28,1.340000033378601,1.350000023841858,1.2899999618530273,1.2999999523162842,1.0693857669830322,19736000
2022-01-31,1.309999942779541,1.309999942779541,1.309999942779541,1.309999942779541,1.0776116847991943,0
2022-02-04,1.3200000524520874,1.350000023841858,1.309999942779541,1.340000033378601,1.1022899150848389,7892000
2022-02-07,1.340000033378601,1.3700000047683716,1.3300000429153442,1.350000023841858,1.1105159521102905,14196284
2022-02-08,1.350000023841858,1.3600000143051147,1.3200000524520874,1.340000033378601,1.1022899150848389,12778000
2022-02-09,1.350000023841858,1.3600000143051147,1.3300000429153442,1.350000023841858,1.1105159521102905,11034000
2022-02-10,1.350000023841858,1.3700000047683716,1.340000033378601,1.3700000047683716,1.1269680261611938,17866516
2022-02-11,1.3700000047683716,1.399999976158142,1.3600000143051147,1.399999976158142,1.1516462564468384,24818332
2022-02-14,1.399999976158142,1.399999976158142,1.3700000047683716,1.3799999952316284,1.1351940631866455,13824000
2022-02-15,1.3700000047683716,1.3799999952316284,1.3600000143051147,1.3600000143051147,1.1187419891357422,5804000
2022-02-16,1.3700000047683716,1.3799999952316284,1.3600000143051147,1.3799999952316284,1.1351940631866455,13286000
2022-02-17,1.3799999952316284,1.3899999856948853,1.350000023841858,1.3799999952316284,1.1351940631866455,13670000
2022-02-18,1.3600000143051147,1.399999976158142,1.3600000143051147,1.399999976158142,1.1516462564468384,15570000
2022-02-21,1.399999976158142,1.399999976158142,1.3799999952316284,1.3899999856948853,1.1434201002120972,8404000
2022-02-22,1.3899999856948853,1.3899999856948853,1.3600000143051147,1.3700000047683716,1.1269680261611938,19804000
2022-02-23,1.3799999952316284,1.3799999952316284,1.350000023841858,1.3600000143051147,1.1187419891357422,10894000
2022-02-24,1.3600000143051147,1.3700000047683716,1.2799999713897705,1.3300000429153442,1.0940639972686768,49630000
2022-02-25,1.3300000429153442,1.350000023841858,1.309999942779541,1.340000033378601,1.1022899150848389,19498000
2022-02-28,1.340000033378601,1.350000023841858,1.309999942779541,1.340000033378601,1.1022899150848389,20102000
2022-03-01,1.3300000429153442,1.3700000047683716,1.3300000429153442,1.350000023841858,1.1105159521102905,7809150
2022-03-02,1.350000023841858,1.3600000143051147,1.340000033378601,1.350000023841858,1.1105159521102905,7584000
2022-03-03,1.350000023841858,1.3700000047683716,1.340000033378601,1.3600000143051147,1.1187419891357422,14578000
2022-03-04,1.3600000143051147,1.3600000143051147,1.3300000429153442,1.350000023841858,1.1105159521102905,11204000
2022-03-07,1.340000033378601,1.340000033378601,1.309999942779541,1.3300000429153442,1.0940639972686768,18072000
2022-03-08,1.3200000524520874,1.3300000429153442,1.2699999809265137,1.2799999713897705,1.0529335737228394,36236000
2022-03-09,1.2899999618530273,1.2999999523162842,1.2000000476837158,1.2599999904632568,1.036481499671936,40140000
2022-03-10,1.2899999618530273,1.2899999618530273,1.25,1.2599999904632568,1.036481499671936,17808000
2022-03-11,1.25,1.2699999809265137,1.2200000286102295,1.25,1.028255581855774,24724072
2022-03-14,1.25,1.25,1.2100000381469727,1.2200000286102295,1.003577470779419,27847664
2022-03-15,1.2200000286102295,1.2200000286102295,1.1299999952316284,1.149999976158142,0.9459950923919678,42256308
2022-03-16,1.1699999570846558,1.2200000286102295,1.149999976158142,1.2100000381469727,0.9953513741493225,30456116
2022-03-17,1.2400000095367432,1.2799999713897705,1.2200000286102295,1.2699999809265137,1.0447076559066772,18687892
2022-03-18,1.25,1.2999999523162842,1.25,1.2699999809265137,1.0447076559066772,16994000
2022-03-21,1.2899999618530273,1.2899999618530273,1.2599999904632568,1.2799999713897705,1.0529335737228394,17550382
2022-03-22,1.2899999618530273,1.2999999523162842,1.2599999904632568,1.2899999618530273,1.061159610748291,15081449
2022-03-23,1.2999999523162842,1.2999999523162842,1.2799999713897705,1.2899999618530273,1.061159610748291,14464000
2022-03-24,1.2899999618530273,1.2999999523162842,1.2799999713897705,1.2899999618530273,1.061159610748291,9076000
2022-03-25,1.2899999618530273,1.2999999523162842,1.2599999904632568,1.2799999713897705,1.0529335737228394,14498000
2022-03-28,1.2699999809265137,1.2699999809265137,1.2300000190734863,1.2599999904632568,1.036481499671936,31744000
2022-03-29,1.25,1.2599999904632568,1.2400000095367432,1.25,1.028255581855774,9820000
2022-03-30,1.25,1.2799999713897705,1.25,1.2599999904632568,1.036481499671936,20643449
2022-03-31,1.2699999809265137,1.2799999713897705,1.25,1.25,1.028255581855774,10968544
2022-04-01,1.2400000095367432,1.2599999904632568,1.2200000286102295,1.2599999904632568,1.036481499671936,8178000
2022-04-04,1.2599999904632568,1.2799999713897705,1.25,1.2699999809265137,1.0447076559066772,8426490
2022-04-06,1.2699999809265137,1.3300000429153442,1.2599999904632568,1.3200000524520874,1.085837721824646,42144000
2022-04-07,1.3200000524520874,1.3300000429153442,1.309999942779541,1.3200000524520874,1.085837721824646,18536000
2022-04-08,1.3200000524520874,1.3300000429153442,1.2999999523162842,1.309999942779541,1.0776116847991943,28938374
2022-04-11,1.2999999523162842,1.2999999523162842,1.2699999809265137,1.2799999713897705,1.0529335737228394,27666000
2022-04-12,1.2799999713897705,1.2999999523162842,1.2699999809265137,1.2899999618530273,1.061159610748291,18886000
2022-04-13,1.2699999809265137,1.2999999523162842,1.2699999809265137,1.2899999618530273,1.061159610748291,11832000
2022-04-14,1.2899999618530273,1.309999942779541,1.2899999618530273,1.2999999523162842,1.0693857669830322,10114000
2022-04-19,1.2899999618530273,1.2899999618530273,1.2699999809265137,1.2699999809265137,1.0447076559066772,13716000
2022-04-20,1.2799999713897705,1.2799999713897705,1.2400000095367432,1.2400000095367432,1.0200294256210327,20518000
2022-04-21,1.2400000095367432,1.25,1.2200000286102295,1.2300000190734863,1.011803388595581,12338000
2022-04-22,1.2300000190734863,1.25,1.2000000476837158,1.2400000095367432,1.0200294256210327,16496000
2022-04-25,1.2400000095367432,1.2400000095367432,1.190000057220459,1.2000000476837158,0.9871253371238708,24414000
2022-04-26,1.2100000381469727,1.2300000190734863,1.190000057220459,1.190000057220459,0.9788992404937744,15058404
2022-04-27,1.190000057220459,1.2300000190734863,1.190000057220459,1.2200000286102295,1.003577470779419,15292000
2022-04-28,1.2400000095367432,1.25,1.2200000286102295,1.25,1.028255581855774,7464000
2022-04-29,1.25,1.2599999904632568,1.2200000286102295,1.2400000095367432,1.0200294256210327,12935630
2022-05-03,1.2300000190734863,1.2599999904632568,1.2100000381469727,1.2400000095367432,1.0200294256210327,9252000
2022-05-04,1.25,1.25,1.2300000190734863,1.2400000095367432,1.0200294256210327,2998000
2022-05-05,1.25,1.25,1.2200000286102295,1.2200000286102295,1.003577470779419,11678000
2022-05-06,1.2200000286102295,1.2200000286102295,1.2000000476837158,1.2000000476837158,0.9871253371238708,12084000
2022-05-10,1.2000000476837158,1.2000000476837158,1.1699999570846558,1.1799999475479126,0.9706732034683228,17086418
2022-05-11,1.1799999475479126,1.2000000476837158,1.159999966621399,1.1699999570846558,0.9624471068382263,16650000
2022-05-12,1.159999966621399,1.1699999570846558,1.1299999952316284,1.1399999856948853,0.9377689361572266,19708000
2022-05-13,1.149999976158142,1.159999966621399,1.1399999856948853,1.159999966621399,0.9542210698127747,10092000
2022-05-16,1.1699999570846558,1.1699999570846558,1.1399999856948853,1.149999976158142,0.9459950923919678,4846000
2022-05-17,1.159999966621399,1.1699999570846558,1.1399999856948853,1.159999966621399,0.9542210698127747,9742866
2022-05-18,1.159999966621399,1.159999966621399,1.149999976158142,1.149999976158142,0.9459950923919678,4686000
2022-05-19,1.149999976158142,1.149999976158142,1.1399999856948853,1.1399999856948853,0.9377689361572266,11562000
2022-05-20,1.149999976158142,1.159999966621399,1.1399999856948853,1.149999976158142,0.9459950923919678,11829000
2022-05-23,1.159999966621399,1.1699999570846558,1.159999966621399,1.159999966621399,0.9542210698127747,5472000
2022-05-24,1.159999966621399,1.159999966621399,1.1299999952316284,1.1399999856948853,0.9377689361572266,13163393
2022-05-25,1.1399999856948853,1.149999976158142,1.1299999952316284,1.1299999952316284,0.9295429587364197,13736000
2022-05-26,1.1299999952316284,1.149999976158142,1.1299999952316284,1.149999976158142,0.9459950923919678,8354000
2022-05-27,1.159999966621399,1.159999966621399,1.1399999856948853,1.149999976158142,0.9459950923919678,7612000
2022-05-30,1.149999976158142,1.1699999570846558,1.149999976158142,1.159999966621399,0.9542210698127747,9074000
2022-05-31,1.159999966621399,1.190000057220459,1.159999966621399,1.190000057220459,0.9788992404937744,9204000
2022-06-01,1.1200000047683716,1.1200000047683716,1.100000023841858,1.1100000143051147,0.996860682964325,15208000
2022-06-02,1.100000023841858,1.1100000143051147,1.059999942779541,1.0700000524520874,0.9609377980232239,20974000
2022-06-06,1.0700000524520874,1.0700000524520874,1.0099999904632568,1.0199999809265137,0.9160341620445251,31736718
2022-06-07,1.0099999904632568,1.0499999523162842,1.0099999904632568,1.0199999809265137,0.9160341620445251,22928000
2022-06-08,1.0299999713897705,1.0299999713897705,1.0099999904632568,1.0099999904632568,0.9070534110069275,20086409
2022-06-09,1.0199999809265137,1.0199999809265137,0.9900000095367432,1.0,0.8980727195739746,25732000
2022-06-10,1.0,1.0099999904632568,0.9800000190734863,1.0,0.8980727195739746,22451515
2022-06-13,1.0,1.0,0.9800000190734863,0.9800000190734863,0.8801112174987793,12762000
2022-06-14,0.9800000190734863,0.9900000095367432,0.9700000286102295,0.9800000190734863,0.8801112174987793,14505006
2022-06-15,0.9900000095367432,1.0,0.9800000190734863,0.9900000095367432,0.889091968536377,19888000
2022-06-16,0.9900000095367432,1.0,0.9700000286102295,0.9800000190734863,0.8801112174987793,17988000
2022-06-17,0.9800000190734863,0.9800000190734863,0.9700000286102295,0.9700000286102295,0.8711305856704712,15875000
2022-06-20,0.9700000286102295,1.0,0.9700000286102295,0.9900000095367432,0.889091968536377,10512000
2022-06-21,0.9900000095367432,1.0099999904632568,0.9800000190734863,0.9800000190734863,0.8801112174987793,11832000
2022-06-22,0.9800000190734863,0.9800000190734863,0.9700000286102295,0.9700000286102295,0.8711305856704712,11614000
2022-06-23,0.9700000286102295,0.9900000095367432,0.9700000286102295,0.9800000190734863,0.8801112174987793,11232000
2022-06-24,0.9900000095367432,0.9900000095367432,0.9800000190734863,0.9800000190734863,0.8801112174987793,4832000
2022-06-27,0.9800000190734863,1.0,0.9800000190734863,0.9800000190734863,0.8801112174987793,9402000
2022-06-28,0.9800000190734863,1.0,0.9700000286102295,0.9900000095367432,0.889091968536377,14396000
2022-06-29,0.9900000095367432,1.0,0.9800000190734863,0.9800000190734863,0.8801112174987793,9980800
2022-06-30,0.9900000095367432,0.9900000095367432,0.9800000190734863,0.9900000095367432,0.889091968536377,9938000
2022-07-04,0.9900000095367432,0.9900000095367432,0.9700000286102295,0.9800000190734863,0.8801112174987793,25196000
2022-07-05,0.9900000095367432,1.0,0.9800000190734863,0.9800000190734863,0.8801112174987793,11924021
2022-07-06,0.9800000190734863,0.9800000190734863,0.9599999785423279,0.9700000286102295,0.8711305856704712,12268500
2022-07-07,0.9700000286102295,0.9800000190734863,0.949999988079071,0.9599999785423279,0.8621497750282288,17496000
2022-07-08,0.9700000286102295,0.9700000286102295,0.9399999976158142,0.949999988079071,0.8531690239906311,22242000
2022-07-11,0.949999988079071,0.949999988079071,0.9200000166893005,0.9300000071525574,0.8352076411247253,17682000
2022-07-12,0.9300000071525574,0.9399999976158142,0.9200000166893005,0.9300000071525574,0.8352076411247253,10874000
2022-07-13,0.9399999976158142,0.9399999976158142,0.9200000166893005,0.9200000166893005,0.8262268900871277,8793000
2022-07-14,0.9200000166893005,0.9200000166893005,0.8899999856948853,0.8999999761581421,0.8082653880119324,20936000
2022-07-15,0.8999999761581421,0.8999999761581421,0.8700000047683716,0.8700000047683716,0.781323254108429,9737660
2022-07-18,0.8799999952316284,0.8999999761581421,0.8799999952316284,0.8899999856948853,0.7992846369743347,7272000
2022-07-19,0.8999999761581421,0.8999999761581421,0.8899999856948853,0.8899999856948853,0.7992846369743347,4356000
2022-07-20,0.9100000262260437,0.9200000166893005,0.8999999761581421,0.8999999761581421,0.8082653880119324,8058000
2022-07-21,0.8999999761581421,0.9100000262260437,0.8999999761581421,0.8999999761581421,0.8082653880119324,6066000
2022-07-22,0.8999999761581421,0.9399999976158142,0.8999999761581421,0.9399999976158142,0.8441883325576782,19622000
2022-07-25,0.9300000071525574,0.9300000071525574,0.9100000262260437,0.9200000166893005,0.8262268900871277,10188551
2022-07-26,0.9200000166893005,0.949999988079071,0.9200000166893005,0.9300000071525574,0.8352076411247253,8304172
2022-07-27,0.9300000071525574,0.9399999976158142,0.9300000071525574,0.9300000071525574,0.8352076411247253,2294000
2022-07-28,0.9300000071525574,0.9399999976158142,0.9300000071525574,0.9399999976158142,0.8441883325576782,9392000
2022-07-29,0.9399999976158142,0.9399999976158142,0.9200000166893005,0.9200000166893005,0.8262268900871277,17434000
2022-08-01,0.9200000166893005,0.9200000166893005,0.9100000262260437,0.9100000262260437,0.8172461986541748,11349534
2022-08-02,0.8999999761581421,0.8999999761581421,0.8700000047683716,0.8799999952316284,0.7903040051460266,12962000
2022-08-03,0.8799999952316284,0.8899999856948853,0.8700000047683716,0.8799999952316284,0.7903040051460266,6512000
2022-08-04,0.8799999952316284,0.8899999856948853,0.8799999952316284,0.8799999952316284,0.7903040051460266,4650000
2022-08-05,0.8799999952316284,0.9100000262260437,0.8799999952316284,0.8999999761581421,0.8082653880119324,7588000
2022-08-08,0.8899999856948853,0.9200000166893005,0.8899999856948853,0.9100000262260437,0.8172461986541748,5006000
2022-08-09,0.9100000262260437,0.9200000166893005,0.8999999761581421,0.8999999761581421,0.8082653880119324,2742000
2022-08-10,0.8999999761581421,0.9100000262260437,0.8899999856948853,0.8999999761581421,0.8082653880119324,12168000
2022-08-11,0.8999999761581421,0.9100000262260437,0.8999999761581421,0.8999999761581421,0.8082653880119324,1702000
2022-08-12,0.8999999761581421,0.9200000166893005,0.8999999761581421,0.9100000262260437,0.8172461986541748,4492000
2022-08-15,0.9100000262260437,0.9300000071525574,0.9100000262260437,0.9200000166893005,0.8262268900871277,5076000
2022-08-16,0.9200000166893005,0.9300000071525574,0.9100000262260437,0.9100000262260437,0.8172461986541748,11268000
2022-08-17,0.9100000262260437,0.949999988079071,0.9100000262260437,0.9300000071525574,0.8352076411247253,6262000
2022-08-18,0.9399999976158142,0.9399999976158142,0.9200000166893005,0.9200000166893005,0.8262268900871277,4272000
2022-08-19,0.9300000071525574,0.949999988079071,0.9200000166893005,0.9399999976158142,0.8441883325576782,7436000
2022-08-22,0.9399999976158142,0.9599999785423279,0.9399999976158142,0.949999988079071,0.8531690239906311,4870000
2022-08-23,0.949999988079071,0.9599999785423279,0.9399999976158142,0.9399999976158142,0.8441883325576782,8906000
2022-08-24,0.9399999976158142,0.9399999976158142,0.9200000166893005,0.9300000071525574,0.8352076411247253,9190000
2022-08-25,0.9300000071525574,0.9399999976158142,0.9300000071525574,0.9300000071525574,0.8352076411247253,5888000
2022-08-26,0.9300000071525574,0.9599999785423279,0.9300000071525574,0.9599999785423279,0.8621497750282288,6528000
2022-08-29,0.9399999976158142,0.9599999785423279,0.9399999976158142,0.949999988079071,0.8531690239906311,4564000
2022-08-30,0.9700000286102295,0.9800000190734863,0.949999988079071,0.9599999785423279,0.8621497750282288,9249470
2022-08-31,0.9700000286102295,0.9800000190734863,0.949999988079071,0.9700000286102295,0.8711305856704712,8188000
2022-09-01,0.9700000286102295,0.9900000095367432,0.9700000286102295,0.9700000286102295,0.8711305856704712,5598000
2022-09-02,0.9700000286102295,0.9700000286102295,0.949999988079071,0.949999988079071,0.8531690239906311,7558000
2022-09-05,0.949999988079071,0.9599999785423279,0.949999988079071,0.9599999785423279,0.8621497750282288,4434000
2022-09-06,0.9599999785423279,0.9800000190734863,0.9599999785423279,0.9700000286102295,0.8711305856704712,5426000
2022-09-07,0.9700000286102295,0.9700000286102295,0.949999988079071,0.9599999785423279,0.8621497750282288,7082650
2022-09-08,0.9599999785423279,0.9599999785423279,0.9399999976158142,0.9399999976158142,0.8441883325576782,8376000
2022-09-09,0.9399999976158142,0.9700000286102295,0.9399999976158142,0.9700000286102295,0.8711305856704712,4714000
2022-09-13,0.9599999785423279,0.9900000095367432,0.9599999785423279,0.9900000095367432,0.889091968536377,5946558
2022-09-14,0.9900000095367432,0.9900000095367432,0.9599999785423279,0.9599999785423279,0.8621497750282288,6096000
2022-09-15,0.9700000286102295,0.9800000190734863,0.9599999785423279,0.9599999785423279,0.8621497750282288,3014000
2022-09-16,0.9599999785423279,0.9800000190734863,0.9399999976158142,0.9399999976158142,0.8441883325576782,9460000
2022-09-19,0.9399999976158142,0.949999988079071,0.9100000262260437,0.9300000071525574,0.8352076411247253,7370000
2022-09-20,0.9300000071525574,0.9599999785423279,0.9300000071525574,0.949999988079071,0.8531690239906311,3746000
2022-09-21,0.949999988079071,0.9599999785423279,0.9300000071525574,0.9399999976158142,0.8441883325576782,6092000
2022-09-22,0.9399999976158142,0.9399999976158142,0.9100000262260437,0.9200000166893005,0.8262268900871277,10222000
2022-09-23,0.9200000166893005,0.9300000071525574,0.8999999761581421,0.9100000262260437,0.8172461986541748,5738000
2022-09-26,0.9100000262260437,0.9200000166893005,0.8899999856948853,0.8999999761581421,0.8082653880119324,4982000
2022-09-27,0.8999999761581421,0.9100000262260437,0.8799999952316284,0.8899999856948853,0.7992846369743347,12434000
2022-09-28,0.8899999856948853,0.8899999856948853,0.8299999833106995,0.8399999737739563,0.7543810606002808,22170000
2022-09-29,0.8500000238418579,0.8500000238418579,0.7400000095367432,0.7799999713897705,0.7004966735839844,10164000
2022-09-30,0.7799999713897705,0.8100000023841858,0.7699999809265137,0.800000011920929,0.7184581756591797,3604000
2022-10-03,0.7799999713897705,0.7900000214576721,0.7400000095367432,0.7900000214576721,0.7094774842262268,2172000
2022-10-05,0.8100000023841858,0.8299999833106995,0.7900000214576721,0.8100000023841858,0.7274388670921326,6736350
2022-10-06,0.8299999833106995,0.8299999833106995,0.800000011920929,0.800000011920929,0.7184581756591797,4628000
2022-10-07,0.800000011920929,0.8100000023841858,0.7599999904632568,0.7699999809265137,0.6915159821510315,8392000
2022-10-10,0.7699999809265137,0.8299999833106995,0.7699999809265137,0.800000011920929,0.7184581756591797,13428000
2022-10-11,0.800000011920929,0.8199999928474426,0.7900000214576721,0.8100000023841858,0.7274388670921326,12958000
2022-10-12,0.800000011920929,0.800000011920929,0.7599999904632568,0.7599999904632568,0.6825352311134338,19217146
2022-10-13,0.7699999809265137,0.800000011920929,0.7599999904632568,0.7799999713897705,0.7004966735839844,11746854
2022-10-14,0.7900000214576721,0.8199999928474426,0.7799999713897705,0.8100000023841858,0.7274388670921326,7776000
2022-10-17,0.8100000023841858,0.8199999928474426,0.800000011920929,0.8199999928474426,0.7364196181297302,11456000
2022-10-18,0.8299999833106995,0.8299999833106995,0.7900000214576721,0.8100000023841858,0.7274388670921326,7010000
2022-10-19,0.8100000023841858,0.8199999928474426,0.800000011920929,0.800000011920929,0.7184581756591797,4826000
2022-10-20,0.7900000214576721,0.800000011920929,0.7599999904632568,0.7900000214576721,0.7094774842262268,31195515
2022-10-21,0.800000011920929,0.800000011920929,0.7799999713897705,0.7900000214576721,0.7094774842262268,7846000
2022-10-24,0.7900000214576721,0.7900000214576721,0.75,0.7599999904632568,0.6825352311134338,11100000
2022-10-25,0.7599999904632568,0.7799999713897705,0.75,0.7699999809265137,0.6915159821510315,14480000
2022-10-26,0.7799999713897705,0.7900000214576721,0.7699999809265137,0.7799999713897705,0.7004966735839844,10000000
2022-10-27,0.7799999713897705,0.7900000214576721,0.7699999809265137,0.7799999713897705,0.7004966735839844,8222000
2022-10-28,0.7799999713897705,0.7799999713897705,0.7400000095367432,0.75,0.6735544800758362,6648000
2022-10-31,0.7599999904632568,0.75,0.699999988079071,0.7099999785423279,0.6376315951347351,11044000
2022-11-01,0.7099999785423279,0.7400000095367432,0.7099999785423279,0.7300000190734863,0.6555930972099304,5890000
2022-11-02,0.7200000286102295,0.7599999904632568,0.7099999785423279,0.75,0.6735544800758362,42595881
2022-11-03,0.75,0.7599999904632568,0.7300000190734863,0.75,0.6735544800758362,7832000
2022-11-04,0.7400000095367432,0.7799999713897705,0.7400000095367432,0.7799999713897705,0.7004966735839844,4692000
2022-11-07,0.7900000214576721,0.8199999928474426,0.7799999713897705,0.8100000023841858,0.7274388670921326,11172000
2022-11-08,0.8199999928474426,0.8199999928474426,0.800000011920929,0.8199999928474426,0.7364196181297302,7964000
2022-11-09,0.8299999833106995,0.8399999737739563,0.800000011920929,0.800000011920929,0.7184581756591797,6556000
2022-11-10,0.7900000214576721,0.8100000023841858,0.7799999713897705,0.800000011920929,0.7184581756591797,7039500
2022-11-11,0.8199999928474426,0.8299999833106995,0.8100000023841858,0.8199999928474426,0.7364196181297302,17047640
2022-11-14,0.8399999737739563,0.8600000143051147,0.8299999833106995,0.8399999737739563,0.7543810606002808,19872000
2022-11-15,0.8399999737739563,0.8600000143051147,0.8199999928474426,0.8600000143051147,0.7723425626754761,21117991
2022-11-16,0.8700000047683716,0.8700000047683716,0.8199999928474426,0.8299999833106995,0.7454003691673279,12045973
2022-11-17,0.8299999833106995,0.8299999833106995,0.800000011920929,0.8199999928474426,0.7364196181297302,9452018
2022-11-18,0.8299999833106995,0.8299999833106995,0.800000011920929,0.8100000023841858,0.7274388670921326,5926000
2022-11-21,0.8100000023841858,0.8100000023841858,0.7699999809265137,0.8100000023841858,0.7274388670921326,9894000
2022-11-22,0.8100000023841858,0.8299999833106995,0.7900000214576721,0.8199999928474426,0.7364196181297302,5278000
2022-11-23,0.8199999928474426,0.8199999928474426,0.8100000023841858,0.8199999928474426,0.7364196181297302,1494000
2022-11-24,0.8199999928474426,0.8399999737739563,0.8100000023841858,0.8399999737739563,0.7543810606002808,6172000
2022-11-25,0.8399999737739563,0.8399999737739563,0.8199999928474426,0.8399999737739563,0.7543810606002808,2759460
2022-11-28,0.8299999833106995,0.8299999833106995,0.800000011920929,0.8299999833106995,0.7454003691673279,6830000
2022-11-29,0.8299999833106995,0.8600000143051147,0.8299999833106995,0.8500000238418579,0.7633618116378784,10292000
2022-11-30,0.8500000238418579,0.8799999952316284,0.8399999737739563,0.8600000143051147,0.7723425626754761,18076000
2022-12-01,0.8700000047683716,0.8799999952316284,0.8500000238418579,0.8600000143051147,0.7723425626754761,9294000
2022-12-02,0.8700000047683716,0.8700000047683716,0.8299999833106995,0.8500000238418579,0.7633618116378784,7028874
2022-12-05,0.8600000143051147,0.9200000166893005,0.8399999737739563,0.9200000166893005,0.8262268900871277,56924874
2022-12-06,0.9100000262260437,0.9300000071525574,0.8899999856948853,0.9200000166893005,0.8262268900871277,16574000
2022-12-07,0.9200000166893005,0.9200000166893005,0.8999999761581421,0.9100000262260437,0.8172461986541748,15864000
2022-12-08,0.9200000166893005,0.9800000190734863,0.8999999761581421,0.9599999785423279,0.8621497750282288,21083000
2022-12-09,0.9599999785423279,1.0,0.949999988079071,0.9900000095367432,0.889091968536377,34514000
2022-12-12,0.9900000095367432,1.190000057220459,0.9700000286102295,1.0,0.8980727195739746,146458000
2022-12-13,1.0099999904632568,1.0199999809265137,0.9800000190734863,0.9900000095367432,0.889091968536377,8884000
2022-12-14,1.0,1.0099999904632568,0.9800000190734863,1.0,0.8980727195739746,6864000
2022-12-15,1.0,1.0099999904632568,0.949999988079071,0.9599999785423279,0.8621497750282288,9762000
2022-12-16,0.9599999785423279,1.0499999523162842,0.949999988079071,0.9800000190734863,0.8801112174987793,56640000
2022-12-19,0.9800000190734863,0.9900000095367432,0.9300000071525574,0.949999988079071,0.8531690239906311,9296000
2022-12-20,0.9599999785423279,0.9599999785423279,0.9200000166893005,0.9300000071525574,0.8352076411247253,7675640
2022-12-21,0.9399999976158142,0.9399999976158142,0.9100000262260437,0.9200000166893005,0.8262268900871277,5947640
2022-12-22,0.9300000071525574,0.9399999976158142,0.9100000262260437,0.9100000262260437,0.8172461986541748,7742000
2022-12-23,0.9100000262260437,0.9300000071525574,0.8999999761581421,0.9200000166893005,0.8262268900871277,8016560
2022-12-28,0.9300000071525574,0.9399999976158142,0.8999999761581421,0.9100000262260437,0.8172461986541748,23018000
2022-12-29,0.9100000262260437,0.9100000262260437,0.8899999856948853,0.8999999761581421,0.8082653880119324,9307640
2022-12-30,0.9100000262260437,0.9300000071525574,0.8999999761581421,0.9200000166893005,0.8262268900871277,8552000
2023-01-03,0.9200000166893005,0.9300000071525574,0.8899999856948853,0.9100000262260437,0.8172461986541748,19326000
2023-01-04,0.9200000166893005,0.9300000071525574,0.8999999761581421,0.9200000166893005,0.8262268900871277,24316689
2023-01-05,0.9300000071525574,0.9399999976158142,0.9100000262260437,0.9300000071525574,0.8352076411247253,15417800
2023-01-06,0.9300000071525574,0.9300000071525574,0.9100000262260437,0.9100000262260437,0.8172461986541748,18134000
2023-01-09,0.9200000166893005,0.9300000071525574,0.9100000262260437,0.9200000166893005,0.8262268900871277,12193640
2023-01-10,0.9200000166893005,0.9399999976158142,0.9100000262260437,0.9100000262260437,0.8172461986541748,12871460
2023-01-11,0.9200000166893005,0.9300000071525574,0.9100000262260437,0.9200000166893005,0.8262268900871277,23686000
2023-01-12,0.9300000071525574,0.9399999976158142,0.9200000166893005,0.9399999976158142,0.8441883325576782,34322563
2023-01-13,0.9300000071525574,0.9599999785423279,0.9300000071525574,0.949999988079071,0.8531690239906311,23506000
2023-01-16,0.9599999785423279,0.9700000286102295,0.949999988079071,0.9700000286102295,0.8711305856704712,23302000
2023-01-17,0.9700000286102295,0.9700000286102295,0.949999988079071,0.9700000286102295,0.8711305856704712,12042920
2023-01-18,0.9700000286102295,1.0700000524520874,0.9599999785423279,0.9900000095367432,0.889091968536377,108895460
2023-01-19,0.9900000095367432,1.0,0.9700000286102295,0.9700000286102295,0.8711305856704712,2970000
2023-01-20,0.9700000286102295,0.9900000095367432,0.9700000286102295,0.9800000190734863,0.8801112174987793,11436000
2023-01-26,0.9800000190734863,0.9800000190734863,0.9599999785423279,0.9700000286102295,0.8711305856704712,10755200
2023-01-27,0.9800000190734863,0.9800000190734863,0.9599999785423279,0.9800000190734863,0.8801112174987793,4896000
2023-01-30,0.9800000190734863,0.9800000190734863,0.949999988079071,0.949999988079071,0.8531690239906311,35011640
2023-01-31,0.949999988079071,1.0099999904632568,0.9399999976158142,0.9599999785423279,0.8621497750282288,73943505
2023-02-01,0.9599999785423279,1.0,0.949999988079071,0.9800000190734863,0.8801112174987793,33428000
2023-02-02,0.9800000190734863,1.0099999904632568,0.9800000190734863,1.0099999904632568,0.9070534110069275,25720740
2023-02-03,1.0099999904632568,1.0099999904632568,0.9599999785423279,0.9599999785423279,0.8621497750282288,17376828
2023-02-06,0.9599999785423279,1.0299999713897705,0.9399999976158142,0.9700000286102295,0.8711305856704712,93972000
2023-02-07,0.9700000286102295,0.9900000095367432,0.9700000286102295,0.9700000286102295,0.8711305856704712,14168000
2023-02-08,0.9800000190734863,0.9800000190734863,0.9599999785423279,0.9599999785423279,0.8621497750282288,8418147
2023-02-09,0.9599999785423279,0.9700000286102295,0.949999988079071,0.9599999785423279,0.8621497750282288,8596000
2023-02-10,0.9700000286102295,0.9800000190734863,0.9599999785423279,0.9700000286102295,0.8711305856704712,9021840
2023-02-13,0.9700000286102295,0.9800000190734863,0.949999988079071,0.9700000286102295,0.8711305856704712,5374000
2023-02-14,0.9800000190734863,1.0199999809265137,0.9700000286102295,1.0,0.8980727195739746,71372000
2023-02-15,1.0,1.0099999904632568,0.9800000190734863,0.9900000095367432,0.889091968536377,12988000
2023-02-16,0.9900000095367432,1.0199999809265137,0.9700000286102295,0.9700000286102295,0.8711305856704712,44210000
2023-02-17,0.9700000286102295,0.9900000095367432,0.9700000286102295,0.9800000190734863,0.8801112174987793,22214000
2023-02-20,0.9900000095367432,1.0099999904632568,0.9800000190734863,1.0,0.8980727195739746,60436003
2023-02-21,1.0,1.0299999713897705,1.0,1.0299999713897705,0.925014853477478,31018000
2023-02-22,1.0199999809265137,1.0299999713897705,1.0,1.0099999904632568,0.9070534110069275,13594000
2023-02-23,1.0199999809265137,1.0299999713897705,1.0099999904632568,1.0199999809265137,0.9160341620445251,11620000
2023-02-24,1.0199999809265137,1.0199999809265137,0.9700000286102295,0.9700000286102295,0.8711305856704712,16986000
2023-02-27,0.9700000286102295,0.9800000190734863,0.949999988079071,0.9700000286102295,0.8711305856704712,13890000
2023-02-28,0.9700000286102295,0.9700000286102295,0.949999988079071,0.949999988079071,0.8531690239906311,15670000
2023-03-01,0.949999988079071,0.9900000095367432,0.9399999976158142,0.9800000190734863,0.8801112174987793,15116560
2023-03-02,0.9800000190734863,1.0099999904632568,0.9800000190734863,1.0,0.8980727195739746,15846000
2023-03-03,1.0,1.0099999904632568,0.9900000095367432,1.0,0.8980727195739746,13496000
2023-03-06,1.0,1.0099999904632568,0.9800000190734863,1.0,0.8980727195739746,5462000
2023-03-07,1.0,1.0099999904632568,0.9700000286102295,0.9700000286102295,0.8711305856704712,8466000
2023-03-08,0.9700000286102295,0.9800000190734863,0.9599999785423279,0.9800000190734863,0.8801112174987793,8751700
2023-03-09,0.9800000190734863,0.9800000190734863,0.949999988079071,0.9599999785423279,0.8621497750282288,14104000
2023-03-10,0.9599999785423279,0.9599999785423279,0.9300000071525574,0.9300000071525574,0.8352076411247253,13328000
2023-03-13,0.9399999976158142,0.9599999785423279,0.9200000166893005,0.949999988079071,0.8531690239906311,20051640
2023-03-14,0.949999988079071,0.9700000286102295,0.9200000166893005,0.949999988079071,0.8531690239906311,21475100
2023-03-15,0.949999988079071,1.0099999904632568,0.949999988079071,0.9900000095367432,0.889091968536377,37560000
2023-03-16,0.9900000095367432,0.9900000095367432,0.949999988079071,0.9800000190734863,0.8801112174987793,36288000
2023-03-17,0.9900000095367432,1.0,0.9700000286102295,0.9900000095367432,0.889091968536377,69894000
2023-03-20,0.9800000190734863,0.9800000190734863,0.949999988079071,0.9599999785423279,0.8621497750282288,38776000
2023-03-21,0.9599999785423279,0.9800000190734863,0.949999988079071,0.9599999785423279,0.8621497750282288,8892000
2023-03-22,0.9599999785423279,0.9700000286102295,0.9399999976158142,0.9399999976158142,0.8441883325576782,6528000
2023-03-23,0.9399999976158142,0.9599999785423279,0.9300000071525574,0.949999988079071,0.8531690239906311,16722000
2023-03-24,0.949999988079071,0.9599999785423279,0.9300000071525574,0.9399999976158142,0.8441883325576782,16468000
2023-03-27,0.9399999976158142,0.949999988079071,0.9200000166893005,0.9300000071525574,0.8352076411247253,15774000
2023-03-28,0.9300000071525574,0.949999988079071,0.9300000071525574,0.9300000071525574,0.8352076411247253,21094000
2023-03-29,0.9300000071525574,0.949999988079071,0.9200000166893005,0.9399999976158142,0.8441883325576782,25252000
2023-03-30,0.9399999976158142,0.9399999976158142,0.9100000262260437,0.9300000071525574,0.8352076411247253,27261892
2023-03-31,0.9399999976158142,0.9800000190734863,0.9300000071525574,0.9599999785423279,0.8621497750282288,35098000
2023-04-03,0.9700000286102295,0.9700000286102295,0.9399999976158142,0.9399999976158142,0.8441883325576782,6270000
2023-04-04,0.949999988079071,0.9599999785423279,0.9300000071525574,0.9399999976158142,0.8441883325576782,10602000
2023-04-06,0.949999988079071,0.9900000095367432,0.949999988079071,0.9800000190734863,0.8801112174987793,16873640
2023-04-11,0.9900000095367432,1.0199999809265137,0.9800000190734863,1.0099999904632568,0.9070534110069275,25996000
2023-04-12,1.0099999904632568,1.0399999618530273,1.0099999904632568,1.0399999618530273,0.9339955449104309,44694000
2023-04-13,1.0499999523162842,1.0499999523162842,1.0299999713897705,1.0499999523162842,0.9429762959480286,21190000
2023-04-14,1.059999942779541,1.059999942779541,1.0399999618530273,1.0499999523162842,0.9429762959480286,34800000
2023-04-17,1.0399999618530273,1.0499999523162842,1.0099999904632568,1.0399999618530273,0.9339955449104309,28119836
2023-04-18,1.0399999618530273,1.059999942779541,1.0199999809265137,1.059999942779541,0.9519570469856262,22290066
2023-04-19,1.059999942779541,1.059999942779541,1.0299999713897705,1.0499999523162842,0.9429762959480286,13126000
2023-04-20,1.0499999523162842,1.0499999523162842,1.0199999809265137,1.0299999713897705,0.925014853477478,13848000
2023-04-21,1.0399999618530273,1.0399999618530273,1.0,1.0199999809265137,0.9160341620445251,11108000
2023-04-24,1.0299999713897705,1.0299999713897705,1.0,1.0199999809265137,0.9160341620445251,9486000
2023-04-25,1.0299999713897705,1.0299999713897705,1.0099999904632568,1.0199999809265137,0.9160341620445251,7644000
2023-04-26,1.0199999809265137,1.0199999809265137,1.0,1.0099999904632568,0.9070534110069275,9588000
2023-04-27,1.0099999904632568,1.0499999523162842,1.0,1.0399999618530273,0.9339955449104309,18322000
2023-04-28,1.0199999809265137,1.0299999713897705,0.9599999785423279,0.9700000286102295,0.8711305856704712,51305210
2023-05-02,0.9700000286102295,0.9900000095367432,0.9599999785423279,0.9800000190734863,0.8801112174987793,8103200
2023-05-03,0.9900000095367432,1.0,0.9800000190734863,1.0,0.8980727195739746,6055025
2023-05-04,0.9900000095367432,1.0,0.9700000286102295,0.9800000190734863,0.8801112174987793,15169200
2023-05-05,0.9800000190734863,1.0,0.9800000190734863,1.0,0.8980727195739746,7034000
2023-05-08,1.0,1.0099999904632568,0.9900000095367432,1.0099999904632568,0.9070534110069275,6450640
2023-05-09,1.0,1.0299999713897705,1.0,1.0099999904632568,0.9070534110069275,18090000
2023-05-10,1.0199999809265137,1.0299999713897705,1.0099999904632568,1.0299999713897705,0.925014853477478,10352960
2023-05-11,1.0299999713897705,1.0399999618530273,1.0199999809265137,1.0399999618530273,0.9339955449104309,8538000
2023-05-12,1.0299999713897705,1.0299999713897705,0.9900000095367432,1.0,0.8980727195739746,15254000
2023-05-15,0.9900000095367432,1.0199999809265137,0.9800000190734863,1.0,0.8980727195739746,8608000
2023-05-16,1.0,1.0199999809265137,0.9800000190734863,0.9800000190734863,0.8801112174987793,9398000
2023-05-17,0.9800000190734863,1.0099999904632568,0.9800000190734863,1.0,0.8980727195739746,10346000
2023-05-18,1.0,1.0199999809265137,0.9800000190734863,0.9900000095367432,0.889091968536377,12244000
2023-05-19,0.9800000190734863,1.0,0.9800000190734863,0.9900000095367432,0.889091968536377,12055800
2023-05-22,0.9900000095367432,1.0,0.9800000190734863,0.9900000095367432,0.889091968536377,5498000
2023-05-23,0.9900000095367432,1.0,0.9800000190734863,0.9900000095367432,0.889091968536377,5200000
2023-05-24,0.9900000095367432,0.9900000095367432,0.949999988079071,0.9599999785423279,0.8621497750282288,15584000
2023-05-25,0.949999988079071,0.9700000286102295,0.9399999976158142,0.949999988079071,0.8531690239906311,12438000
2023-05-29,0.9399999976158142,0.949999988079071,0.9100000262260437,0.9100000262260437,0.8172461986541748,14712000
2023-05-30,0.8600000143051147,0.8799999952316284,0.8399999737739563,0.8500000238418579,0.8313000202178955,13942000
2023-05-31,0.8500000238418579,0.8600000143051147,0.8199999928474426,0.8299999833106995,0.811739981174469,18886000
2023-06-01,0.8299999833106995,0.8399999737739563,0.8199999928474426,0.8399999737739563,0.8215199708938599,6514000
2023-06-02,0.8399999737739563,0.8700000047683716,0.8399999737739563,0.8600000143051147,0.8410800099372864,6958000
2023-06-05,0.8600000143051147,0.8700000047683716,0.8500000238418579,0.8600000143051147,0.8410800099372864,11992000
2023-06-06,0.8700000047683716,0.8700000047683716,0.8500000238418579,0.8500000238418579,0.8313000202178955,5608000
2023-06-07,0.8600000143051147,0.8799999952316284,0.8600000143051147,0.8600000143051147,0.8410800099372864,6212000
2023-06-08,0.8700000047683716,0.8700000047683716,0.8500000238418579,0.8600000143051147,0.8410800099372864,2321200
2023-06-09,0.8600000143051147,0.8799999952316284,0.8600000143051147,0.8700000047683716,0.8508599996566772,5540000
2023-06-12,0.8700000047683716,0.8700000047683716,0.8399999737739563,0.8500000238418579,0.8313000202178955,5972000
2023-06-13,0.8500000238418579,0.8600000143051147,0.8399999737739563,0.8500000238418579,0.8313000202178955,3096000
2023-06-14,0.8500000238418579,0.8500000238418579,0.8199999928474426,0.8199999928474426,0.8019599914550781,10736000
2023-06-15,0.8299999833106995,0.8399999737739563,0.8199999928474426,0.8399999737739563,0.8215199708938599,7456000
2023-06-16,0.8500000238418579,0.8500000238418579,0.8299999833106995,0.8399999737739563,0.8215199708938599,6016000
2023-06-19,0.8399999737739563,0.8500000238418579,0.8399999737739563,0.8399999737739563,0.8215199708938599,2182000
2023-06-20,0.8399999737739563,0.8399999737739563,0.8199999928474426,0.8199999928474426,0.8019599914550781,6940000
2023-06-21,0.8199999928474426,0.8199999928474426,0.8100000023841858,0.8199999928474426,0.8019599914550781,3656000
2023-06-23,0.8199999928474426,0.8199999928474426,0.7799999713897705,0.7799999713897705,0.7628399729728699,5100000
2023-06-26,0.7900000214576721,0.800000011920929,0.7799999713897705,0.7799999713897705,0.7628399729728699,7884000
2023-06-27,0.7900000214576721,0.8199999928474426,0.7900000214576721,0.8100000023841858,0.7921800017356873,4900000
2023-06-28,0.8100000023841858,0.8199999928474426,0.800000011920929,0.8100000023841858,0.7921800017356873,1620000
2023-06-29,0.800000011920929,0.8100000023841858,0.7599999904632568,0.7699999809265137,0.753059983253479,18984000
2023-06-30,0.7699999809265137,0.800000011920929,0.7699999809265137,0.7900000214576721,0.7726200222969055,7074708
2023-07-03,0.7799999713897705,0.8100000023841858,0.7799999713897705,0.800000011920929,0.7824000120162964,6275292
2023-07-04,0.8100000023841858,0.8199999928474426,0.7900000214576721,0.800000011920929,0.7824000120162964,3920000
2023-07-05,0.800000011920929,0.800000011920929,0.7699999809265137,0.7799999713897705,0.7628399729728699,9420000
2023-07-06,0.7799999713897705,0.7900000214576721,0.7699999809265137,0.7699999809265137,0.753059983253479,4189790
2023-07-07,0.7699999809265137,0.7699999809265137,0.75,0.7599999904632568,0.7432799935340881,8096000
2023-07-10,0.7699999809265137,0.7699999809265137,0.75,0.75,0.7335000038146973,5076000
2023-07-11,0.75,0.7599999904632568,0.7400000095367432,0.75,0.7335000038146973,5594000
2023-07-12,0.75,0.7699999809265137,0.75,0.7599999904632568,0.7432799935340881,6416000
2023-07-13,0.7599999904632568,0.7900000214576721,0.7599999904632568,0.7699999809265137,0.753059983253479,6808000
2023-07-14,0.7699999809265137,0.7799999713897705,0.7699999809265137,0.7699999809265137,0.753059983253479,3478000
2023-07-18,0.7599999904632568,0.7799999713897705,0.7599999904632568,0.7699999809265137,0.753059983253479,4002000
2023-07-19,0.7699999809265137,0.7799999713897705,0.7599999904632568,0.7699999809265137,0.753059983253479,4130104
2023-07-20,0.7699999809265137,0.7799999713897705,0.7599999904632568,0.7699999809265137,0.753059983253479,1878000
2023-07-21,0.7599999904632568,0.7799999713897705,0.7599999904632568,0.7699999809265137,0.753059983253479,7558000
2023-07-24,0.7699999809265137,0.7799999713897705,0.7599999904632568,0.7599999904632568,0.7432799935340881,6304000
2023-07-25,0.7699999809265137,0.7900000214576721,0.7699999809265137,0.7799999713897705,0.7628399729728699,11446000
2023-07-26,0.7799999713897705,0.7900000214576721,0.7699999809265137,0.7799999713897705,0.7628399729728699,7296000
2023-07-27,0.7799999713897705,0.800000011920929,0.7799999713897705,0.7900000214576721,0.7726200222969055,5236000
2023-07-28,0.7900000214576721,0.8100000023841858,0.7799999713897705,0.7900000214576721,0.7726200222969055,7134000
2023-07-31,0.8100000023841858,0.8100000023841858,0.800000011920929,0.800000011920929,0.7824000120162964,9148000
2023-08-01,0.8100000023841858,0.8199999928474426,0.7799999713897705,0.800000011920929,0.7824000120162964,11422000
2023-08-02,0.7900000214576721,0.8100000023841858,0.7900000214576721,0.8100000023841858,0.7921800017356873,7662000
2023-08-03,0.8100000023841858,0.8199999928474426,0.800000011920929,0.8199999928474426,0.8019599914550781,12794000
2023-08-04,0.8199999928474426,0.8299999833106995,0.800000011920929,0.8100000023841858,0.7921800017356873,8350000
2023-08-07,0.800000011920929,0.8100000023841858,0.800000011920929,0.8100000023841858,0.7921800017356873,8797700
2023-08-08,0.8100000023841858,0.8199999928474426,0.800000011920929,0.8100000023841858,0.7921800017356873,8496000
2023-08-09,0.8100000023841858,0.8199999928474426,0.800000011920929,0.800000011920929,0.7824000120162964,4900000
2023-08-10,0.800000011920929,0.8100000023841858,0.7900000214576721,0.800000011920929,0.7824000120162964,5176000
2023-08-11,0.800000011920929,0.8100000023841858,0.7900000214576721,0.800000011920929,0.7824000120162964,5366000
2023-08-14,0.7900000214576721,0.7900000214576721,0.7699999809265137,0.7799999713897705,0.7628399729728699,10242000
2023-08-15,0.7799999713897705,0.7900000214576721,0.7699999809265137,0.7799999713897705,0.7628399729728699,7491350
2023-08-16,0.7699999809265137,0.7799999713897705,0.7699999809265137,0.7699999809265137,0.753059983253479,2714000
2023-08-17,0.7699999809265137,0.7799999713897705,0.7599999904632568,0.7699999809265137,0.753059983253479,1636000
2023-08-18,0.7699999809265137,0.7799999713897705,0.7699999809265137,0.7699999809265137,0.753059983253479,982000
2023-08-21,0.7699999809265137,0.7799999713897705,0.75,0.7599999904632568,0.7432799935340881,8418000
2023-08-22,0.7599999904632568,0.7799999713897705,0.7599999904632568,0.7699999809265137,0.753059983253479,6950000
2023-08-23,0.7699999809265137,0.7900000214576721,0.7699999809265137,0.7799999713897705,0.7628399729728699,934000
2023-08-24,0.7799999713897705,0.7900000214576721,0.7799999713897705,0.7799999713897705,0.7628399729728699,1824000
2023-08-25,0.7799999713897705,0.7900000214576721,0.7699999809265137,0.7699999809265137,0.753059983253479,3348000
2023-08-28,0.7799999713897705,0.800000011920929,0.7699999809265137,0.7699999809265137,0.753059983253479,11362000
2023-08-29,0.7699999809265137,0.7799999713897705,0.7599999904632568,0.7699999809265137,0.753059983253479,15118000
2023-08-30,0.7699999809265137,0.7699999809265137,0.75,0.75,0.7335000038146973,11424000
2023-08-31,0.75,0.7900000214576721,0.75,0.7799999713897705,0.7628399729728699,20290000
2023-09-04,0.7900000214576721,0.8299999833106995,0.7900000214576721,0.8100000023841858,0.7921800017356873,25536000
2023-09-05,0.800000011920929,0.8199999928474426,0.800000011920929,0.8100000023841858,0.7921800017356873,7979232
2023-09-06,0.800000011920929,0.8199999928474426,0.7900000214576721,0.8100000023841858,0.7921800017356873,8774000
2023-09-07,0.800000011920929,0.8199999928474426,0.800000011920929,0.800000011920929,0.7824000120162964,8292000
2023-09-11,0.800000011920929,0.800000011920929,0.7799999713897705,0.7900000214576721,0.7726200222969055,6110000
2023-09-12,0.7900000214576721,0.800000011920929,0.7799999713897705,0.800000011920929,0.7824000120162964,4193399
2023-09-13,0.800000011920929,0.800000011920929,0.7599999904632568,0.7599999904632568,0.7432799935340881,25826000
2023-09-14,0.7699999809265137,0.7900000214576721,0.7599999904632568,0.7699999809265137,0.753059983253479,12468000
2023-09-15,0.7799999713897705,0.7799999713897705,0.7699999809265137,0.7699999809265137,0.753059983253479,10354000
2023-09-18,0.7599999904632568,0.7699999809265137,0.75,0.7599999904632568,0.7432799935340881,19583500
2023-09-19,0.7599999904632568,0.7799999713897705,0.75,0.7599999904632568,0.7432799935340881,5496000
2023-09-20,0.7599999904632568,0.7799999713897705,0.7599999904632568,0.7699999809265137,0.753059983253479,9052000
2023-09-21,0.7699999809265137,0.7699999809265137,0.7599999904632568,0.7599999904632568,0.7432799935340881,7514000
2023-09-22,0.7599999904632568,0.7699999809265137,0.7599999904632568,0.7599999904632568,0.7432799935340881,6824000
2023-09-25,0.75,0.7599999904632568,0.75,0.75,0.7335000038146973,7686000
2023-09-26,0.75,0.7599999904632568,0.7400000095367432,0.7400000095367432,0.7237200140953064,6204000
2023-09-27,0.7400000095367432,0.75,0.7200000286102295,0.7300000190734863,0.7139400243759155,16550607
2023-09-28,0.7200000286102295,0.7300000190734863,0.7200000286102295,0.7200000286102295,0.7041600346565247,9080000
2023-09-29,0.7200000286102295,0.7400000095367432,0.7200000286102295,0.7300000190734863,0.7139400243759155,4370000
2023-10-03,0.7300000190734863,0.7300000190734863,0.699999988079071,0.7099999785423279,0.694379985332489,4044000
2023-10-04,0.699999988079071,0.699999988079071,0.6700000166893005,0.6800000071525574,0.6650400161743164,5642296
2023-10-05,0.6800000071525574,0.699999988079071,0.6800000071525574,0.6899999976158142,0.6748200058937073,2092000
2023-10-06,0.6899999976158142,0.699999988079071,0.6800000071525574,0.6800000071525574,0.6650400161743164,3206251
2023-10-09,0.6899999976158142,0.699999988079071,0.6800000071525574,0.6899999976158142,0.6748200058937073,13926000
2023-10-10,0.6899999976158142,0.7099999785423279,0.6600000262260437,0.6800000071525574,0.6650400161743164,26640000
2023-10-11,0.6800000071525574,0.7099999785423279,0.6800000071525574,0.7099999785423279,0.694379985332489,21207149
2023-10-12,0.699999988079071,0.7300000190734863,0.699999988079071,0.7099999785423279,0.694379985332489,18084000
2023-10-13,0.7200000286102295,0.75,0.7099999785423279,0.7300000190734863,0.7139400243759155,15346000
2023-10-16,0.7300000190734863,0.7400000095367432,0.7099999785423279,0.7200000286102295,0.7041600346565247,17418150
2023-10-17,0.7200000286102295,0.7300000190734863,0.699999988079071,0.7300000190734863,0.7139400243759155,13001759
2023-10-18,0.7300000190734863,0.7300000190734863,0.699999988079071,0.7200000286102295,0.7041600346565247,40275000
2023-10-19,0.7099999785423279,0.7200000286102295,0.6899999976158142,0.6899999976158142,0.6748200058937073,8376000
2023-10-20,0.699999988079071,0.699999988079071,0.6800000071525574,0.6899999976158142,0.6748200058937073,7990000
2023-10-24,0.6899999976158142,0.6899999976158142,0.6700000166893005,0.6700000166893005,0.6552600264549255,7234000
2023-10-25,0.699999988079071,0.699999988079071,0.6800000071525574,0.6899999976158142,0.6748200058937073,14418000
2023-10-26,0.6899999976158142,0.699999988079071,0.6899999976158142,0.699999988079071,0.6845999956130981,1866000
2023-10-27,0.699999988079071,0.7099999785423279,0.6899999976158142,0.699999988079071,0.6845999956130981,9258000
2023-10-30,0.699999988079071,0.7099999785423279,0.6899999976158142,0.699999988079071,0.6845999956130981,3970000
2023-10-31,0.7099999785423279,0.7200000286102295,0.699999988079071,0.7099999785423279,0.694379985332489,5290000
2023-11-01,0.7099999785423279,0.7200000286102295,0.699999988079071,0.699999988079071,0.6845999956130981,2256000
2023-11-02,0.699999988079071,0.7099999785423279,0.699999988079071,0.7099999785423279,0.694379985332489,1446000
2023-11-03,0.7099999785423279,0.7200000286102295,0.699999988079071,0.7099999785423279,0.694379985332489,6550000
2023-11-06,0.7099999785423279,0.7300000190734863,0.7099999785423279,0.7099999785423279,0.694379985332489,5196000
2023-11-07,0.7099999785423279,0.7099999785423279,0.6899999976158142,0.6899999976158142,0.6748200058937073,6592000
2023-11-08,0.6899999976158142,0.699999988079071,0.6800000071525574,0.6899999976158142,0.6748200058937073,6944834
2023-11-09,0.6899999976158142,0.699999988079071,0.6800000071525574,0.6800000071525574,0.6650400161743164,3334000
2023-11-10,0.6800000071525574,0.6800000071525574,0.6700000166893005,0.6700000166893005,0.6552600264549255,12006000
2023-11-13,0.6800000071525574,0.6800000071525574,0.6499999761581421,0.6700000166893005,0.6552600264549255,11560000
2023-11-14,0.6700000166893005,0.6899999976158142,0.6700000166893005,0.6800000071525574,0.6650400161743164,6119000
2023-11-15,0.699999988079071,0.7099999785423279,0.6700000166893005,0.6899999976158142,0.6748200058937073,17932000
2023-11-16,0.6899999976158142,0.699999988079071,0.6899999976158142,0.6899999976158142,0.6748200058937073,2932023
2023-11-17,0.699999988079071,0.699999988079071,0.6899999976158142,0.6899999976158142,0.6748200058937073,2754000
2023-11-20,0.699999988079071,0.7099999785423279,0.6899999976158142,0.699999988079071,0.6845999956130981,4403851
2023-11-21,0.7099999785423279,0.7200000286102295,0.699999988079071,0.7099999785423279,0.694379985332489,4494000
2023-11-22,0.7099999785423279,0.7099999785423279,0.699999988079071,0.699999988079071,0.6845999956130981,4700000
2023-11-23,0.7099999785423279,0.7200000286102295,0.699999988079071,0.7200000286102295,0.7041600346565247,5626000
2023-11-24,0.7200000286102295,0.7200000286102295,0.699999988079071,0.699999988079071,0.6845999956130981,2456000
2023-11-27,0.7099999785423279,0.7099999785423279,0.699999988079071,0.7099999785423279,0.694379985332489,1624000
2023-11-28,0.7099999785423279,0.7099999785423279,0.699999988079071,0.699999988079071,0.6845999956130981,2462000
2023-11-29,0.7099999785423279,0.7099999785423279,0.6800000071525574,0.6899999976158142,0.6748200058937073,4442000
2023-11-30,0.6899999976158142,0.6899999976158142,0.6800000071525574,0.6899999976158142,0.6748200058937073,5710000
2023-12-01,0.6800000071525574,0.7099999785423279,0.6800000071525574,0.6899999976158142,0.6748200058937073,6690000
2023-12-04,0.699999988079071,0.699999988079071,0.6800000071525574,0.6899999976158142,0.6748200058937073,10098000
2023-12-05,0.699999988079071,0.699999988079071,0.6800000071525574,0.6899999976158142,0.6748200058937073,10228000
2023-12-06,0.6899999976158142,0.6899999976158142,0.6800000071525574,0.6800000071525574,0.6650400161743164,5056000
2023-12-07,0.6899999976158142,0.6899999976158142,0.6700000166893005,0.6700000166893005,0.6552600264549255,4284000
2023-12-08,0.6700000166893005,0.6800000071525574,0.6600000262260437,0.6700000166893005,0.6552600264549255,4984000
2023-12-11,0.6700000166893005,0.6700000166893005,0.6600000262260437,0.6700000166893005,0.6552600264549255,6288000
2023-12-12,0.6700000166893005,0.6800000071525574,0.6600000262260437,0.6700000166893005,0.6552600264549255,2654000
2023-12-13,0.6800000071525574,0.6800000071525574,0.6499999761581421,0.6600000262260437,0.6454800367355347,8114000
2023-12-14,0.6600000262260437,0.6800000071525574,0.6600000262260437,0.6800000071525574,0.6650400161743164,6310000
2023-12-15,0.6800000071525574,0.6899999976158142,0.6700000166893005,0.6700000166893005,0.6552600264549255,8486000
2023-12-18,0.6700000166893005,0.6800000071525574,0.6600000262260437,0.6800000071525574,0.6650400161743164,22508600
2023-12-19,0.6800000071525574,0.6800000071525574,0.6700000166893005,0.6800000071525574,0.6650400161743164,2490600
2023-12-20,0.6800000071525574,0.6800000071525574,0.6700000166893005,0.6700000166893005,0.6552600264549255,5862000
2023-12-21,0.6700000166893005,0.6800000071525574,0.6600000262260437,0.6700000166893005,0.6552600264549255,2896000
2023-12-22,0.6800000071525574,0.6800000071525574,0.6600000262260437,0.6700000166893005,0.6552600264549255,5516000
2023-12-27,0.6700000166893005,0.6800000071525574,0.6600000262260437,0.6600000262260437,0.6454800367355347,6060000
2023-12-28,0.6600000262260437,0.6800000071525574,0.6600000262260437,0.6700000166893005,0.6552600264549255,10004000
2023-12-29,0.6800000071525574,0.6800000071525574,0.6700000166893005,0.6800000071525574,0.6650400161743164,5498000
2024-01-02,0.6800000071525574,0.6899999976158142,0.6800000071525574,0.6899999976158142,0.6748200058937073,4408000
2024-01-03,0.6899999976158142,0.6899999976158142,0.6800000071525574,0.6899999976158142,0.6748200058937073,3038000
2024-01-04,0.6899999976158142,0.699999988079071,0.6800000071525574,0.6899999976158142,0.6748200058937073,3408000
2024-01-05,0.6899999976158142,0.7099999785423279,0.6800000071525574,0.6899999976158142,0.6748200058937073,10121900
2024-01-08,0.6899999976158142,0.6899999976158142,0.6700000166893005,0.6700000166893005,0.6552600264549255,10582000
2024-01-09,0.6800000071525574,0.6800000071525574,0.6600000262260437,0.6700000166893005,0.6552600264549255,6734000
2024-01-10,0.6800000071525574,0.6800000071525574,0.6299999952316284,0.6399999856948853,0.6259199976921082,37865500
2024-01-11,0.6399999856948853,0.6600000262260437,0.6399999856948853,0.6600000262260437,0.6454800367355347,12426000
2024-01-12,0.6600000262260437,0.6700000166893005,0.6499999761581421,0.6700000166893005,0.6552600264549255,3496000
2024-01-15,0.6700000166893005,0.6800000071525574,0.6499999761581421,0.6600000262260437,0.6454800367355347,8580000
2024-01-16,0.6600000262260437,0.6700000166893005,0.6299999952316284,0.6399999856948853,0.6259199976921082,16186000
2024-01-17,0.6499999761581421,0.6499999761581421,0.6100000143051147,0.6100000143051147,0.5965800285339355,14920000
2024-01-18,0.6100000143051147,0.6200000047683716,0.6000000238418579,0.6000000238418579,0.5868000388145447,15420000
2024-01-19,0.6100000143051147,0.6200000047683716,0.5799999833106995,0.5799999833106995,0.5672399997711182,10629000
2024-01-22,0.5899999737739563,0.5899999737739563,0.5600000023841858,0.5699999928474426,0.5574600100517273,16303262
2024-01-23,0.5799999833106995,0.6100000143051147,0.5600000023841858,0.6100000143051147,0.5965800285339355,6794000
2024-01-24,0.6200000047683716,0.6200000047683716,0.5899999737739563,0.6100000143051147,0.5965800285339355,8662000
2024-01-25,0.6100000143051147,0.6299999952316284,0.6100000143051147,0.6200000047683716,0.6063600182533264,8166000
2024-01-26,0.6200000047683716,0.6299999952316284,0.6100000143051147,0.6100000143051147,0.5965800285339355,5420000
2024-01-29,0.6200000047683716,0.6399999856948853,0.6200000047683716,0.6299999952316284,0.6161400079727173,6638000
2024-01-30,0.6299999952316284,0.6399999856948853,0.6200000047683716,0.6200000047683716,0.6063600182533264,8034000
2024-01-31,0.6299999952316284,0.6299999952316284,0.6100000143051147,0.6200000047683716,0.6063600182533264,5696000
2024-02-01,0.6200000047683716,0.6299999952316284,0.6200000047683716,0.6299999952316284,0.6161400079727173,5770000
2024-02-02,0.6299999952316284,0.6399999856948853,0.6100000143051147,0.6200000047683716,0.6063600182533264,6778000
2024-02-05,0.6200000047683716,0.6200000047683716,0.6000000238418579,0.6100000143051147,0.5965800285339355,5974000
2024-02-06,0.6100000143051147,0.6399999856948853,0.6100000143051147,0.6299999952316284,0.6161400079727173,5896000
2024-02-07,0.6299999952316284,0.6499999761581421,0.6299999952316284,0.6299999952316284,0.6161400079727173,2072146
2024-02-08,0.6399999856948853,0.6700000166893005,0.6299999952316284,0.6600000262260437,0.6454800367355347,9738850
2024-02-09,0.6700000166893005,0.6700000166893005,0.6399999856948853,0.6499999761581421,0.635699987411499,1548000
2024-02-14,0.6600000262260437,0.6600000262260437,0.6299999952316284,0.6299999952316284,0.6161400079727173,2460000
2024-02-15,0.6399999856948853,0.6399999856948853,0.6200000047683716,0.6200000047683716,0.6063600182533264,2849278
2024-02-16,0.6200000047683716,0.6499999761581421,0.6200000047683716,0.6399999856948853,0.6259199976921082,4238000
2024-02-19,0.6499999761581421,0.6800000071525574,0.6399999856948853,0.6700000166893005,0.6552600264549255,7366000
2024-02-20,0.6700000166893005,0.7099999785423279,0.6700000166893005,0.6899999976158142,0.6748200058937073,28384000
2024-02-21,0.6899999976158142,0.7099999785423279,0.6800000071525574,0.699999988079071,0.6845999956130981,18782000
2024-02-22,0.699999988079071,0.7400000095367432,0.6899999976158142,0.7300000190734863,0.7139400243759155,14268000
2024-02-23,0.7300000190734863,0.7599999904632568,0.7300000190734863,0.75,0.7335000038146973,37540125
2024-02-26,0.7599999904632568,0.7699999809265137,0.75,0.7599999904632568,0.7432799935340881,14832000
2024-02-27,0.75,0.7900000214576721,0.75,0.7699999809265137,0.753059983253479,15786000
2024-02-28,0.7699999809265137,0.8299999833106995,0.7699999809265137,0.8100000023841858,0.7921800017356873,79748000
2024-02-29,0.8199999928474426,0.949999988079071,0.8199999928474426,0.8999999761581421,0.8801999688148499,128120000
2024-03-01,0.8899999856948853,1.0,0.8799999952316284,0.9599999785423279,0.9388799667358398,67192000
2024-03-04,0.9900000095367432,1.0299999713897705,0.949999988079071,1.0299999713897705,1.0073399543762207,75026000
2024-03-05,1.0199999809265137,1.0499999523162842,0.9800000190734863,1.0,0.9779999852180481,56950000
2024-03-06,1.0,1.0399999618530273,0.9900000095367432,1.0,0.9779999852180481,53280000
2024-03-07,1.0,1.090000033378601,1.0,1.0399999618530273,1.0171200037002563,62925628
2024-03-08,1.0499999523162842,1.0800000429153442,0.9900000095367432,1.0199999809265137,0.9975599646568298,86142000
2024-03-11,0.9599999785423279,1.0399999618530273,0.949999988079071,1.0299999713897705,1.0073399543762207,61320000
2024-03-12,1.0299999713897705,1.2100000381469727,1.0299999713897705,1.1799999475479126,1.154039978981018,114957900
2024-03-13,1.159999966621399,1.2000000476837158,1.1200000047683716,1.1399999856948853,1.1149200201034546,77146000
2024-03-14,1.149999976158142,1.159999966621399,1.090000033378601,1.100000023841858,1.0758000612258911,60570000
2024-03-15,1.100000023841858,1.1299999952316284,1.059999942779541,1.1200000047683716,1.0953600406646729,161782000
2024-03-18,1.1200000047683716,1.159999966621399,1.059999942779541,1.0700000524520874,1.0464600324630737,32844000
2024-03-19,1.0299999713897705,1.159999966621399,1.0299999713897705,1.1399999856948853,1.1149200201034546,102934000
2024-03-20,1.1399999856948853,1.1699999570846558,1.1200000047683716,1.1299999952316284,1.105139970779419,39344000
2024-03-21,1.1200000047683716,1.159999966621399,1.090000033378601,1.1100000143051147,1.0855799913406372,34424081
2024-03-22,1.1100000143051147,1.1100000143051147,1.0299999713897705,1.0399999618530273,1.0171200037002563,70043000
2024-03-25,1.0399999618530273,1.0700000524520874,0.9900000095367432,1.0399999618530273,1.0171200037002563,44598000
2024-03-26,1.0299999713897705,1.0800000429153442,1.0,1.0099999904632568,0.987779974937439,24168000
2024-03-27,1.0,1.0299999713897705,0.9800000190734863,1.0,0.9779999852180481,27184000
2024-03-28,1.0,1.0399999618530273,1.0,1.0299999713897705,1.0073399543762207,17534000
2024-04-02,1.0399999618530273,1.0700000524520874,1.0199999809265137,1.0399999618530273,1.0171200037002563,23094000
2024-04-03,1.0299999713897705,1.059999942779541,1.0299999713897705,1.0399999618530273,1.0171200037002563,15454000
2024-04-05,1.0399999618530273,1.0399999618530273,0.9900000095367432,1.0299999713897705,1.0073399543762207,11568500
2024-04-08,1.0299999713897705,1.059999942779541,1.0099999904632568,1.0199999809265137,0.9975599646568298,26755550
2024-04-09,1.0199999809265137,1.059999942779541,1.0099999904632568,1.0199999809265137,0.9975599646568298,32128089
2024-04-10,1.0199999809265137,1.0299999713897705,0.949999988079071,1.0099999904632568,0.987779974937439,55580000
2024-04-11,1.0099999904632568,1.1200000047683716,1.0099999904632568,1.090000033378601,1.0660200119018555,58258000
2024-04-12,1.100000023841858,1.1299999952316284,1.0800000429153442,1.1100000143051147,1.0855799913406372,53920000
2024-04-15,1.1100000143051147,1.159999966621399,1.100000023841858,1.100000023841858,1.0758000612258911,27836000
2024-04-16,1.1100000143051147,1.1100000143051147,1.0299999713897705,1.0499999523162842,1.0268999338150024,30910000
2024-04-17,1.0499999523162842,1.0800000429153442,1.0499999523162842,1.0700000524520874,1.0464600324630737,9008000
2024-04-18,1.059999942779541,1.0700000524520874,1.0299999713897705,1.0499999523162842,1.0268999338150024,16638000
2024-04-19,1.0399999618530273,1.0700000524520874,1.0199999809265137,1.0299999713897705,1.0073399543762207,9244000
2024-04-22,1.0399999618530273,1.159999966621399,1.0399999618530273,1.0700000524520874,1.0464600324630737,54794000
2024-04-23,1.0800000429153442,1.100000023841858,1.059999942779541,1.0700000524520874,1.0464600324630737,16630181
2024-04-24,1.0800000429153442,1.149999976158142,1.0700000524520874,1.1299999952316284,1.105139970779419,40704000
2024-04-25,1.1299999952316284,1.1399999856948853,1.1100000143051147,1.1100000143051147,1.0855799913406372,9184000
2024-04-26,1.1100000143051147,1.190000057220459,1.1100000143051147,1.159999966621399,1.1344799995422363,36346000
2024-04-29,1.1699999570846558,1.2200000286102295,1.1399999856948853,1.1699999570846558,1.1442599296569824,52822000
2024-04-30,1.1699999570846558,1.2200000286102295,1.1699999570846558,1.2000000476837158,1.1736000776290894,30850000
2024-05-02,1.2100000381469727,1.2200000286102295,1.159999966621399,1.1699999570846558,1.1442599296569824,8980000
2024-05-03,1.190000057220459,1.2100000381469727,1.1799999475479126,1.190000057220459,1.1638200283050537,5166000
2024-05-06,1.190000057220459,1.2899999618530273,1.1699999570846558,1.2799999713897705,1.2518399953842163,46908000
2024-05-07,1.2799999713897705,1.309999942779541,1.2400000095367432,1.2599999904632568,1.2322800159454346,37632000
2024-05-08,1.2599999904632568,1.2799999713897705,1.2300000190734863,1.2400000095367432,1.2127200365066528,18966152
2024-05-09,1.2400000095367432,1.2899999618530273,1.2400000095367432,1.2699999809265137,1.2420599460601807,20536000
2024-05-10,1.2699999809265137,1.2799999713897705,1.25,1.25,1.222499966621399,21498000
2024-05-13,1.25,1.2699999809265137,1.190000057220459,1.2599999904632568,1.2322800159454346,52278500
2024-05-14,1.2599999904632568,1.2899999618530273,1.2400000095367432,1.2599999904632568,1.2322800159454346,16632000
2024-05-16,1.25,1.2999999523162842,1.25,1.2799999713897705,1.2518399953842163,21912000
2024-05-17,1.2799999713897705,1.2899999618530273,1.2400000095367432,1.2699999809265137,1.2420599460601807,16528000
2024-05-20,1.2699999809265137,1.309999942779541,1.2599999904632568,1.2599999904632568,1.2322800159454346,29702000
2024-05-21,1.2599999904632568,1.2699999809265137,1.1299999952316284,1.159999966621399,1.1344799995422363,80328000
2024-05-22,1.1699999570846558,1.2100000381469727,1.159999966621399,1.1799999475479126,1.154039978981018,17648000
2024-05-23,1.159999966621399,1.159999966621399,1.1200000047683716,1.1399999856948853,1.1149200201034546,13966000
2024-05-24,1.1399999856948853,1.159999966621399,1.1299999952316284,1.1299999952316284,1.105139970779419,9404000
2024-05-27,1.149999976158142,1.1799999475479126,1.1399999856948853,1.149999976158142,1.1246999502182007,19784000
2024-05-28,1.149999976158142,1.1799999475479126,1.1399999856948853,1.149999976158142,1.1246999502182007,19216000
2024-05-29,1.149999976158142,1.1699999570846558,1.1299999952316284,1.1399999856948853,1.1399999856948853,16540000
2024-05-30,1.1399999856948853,1.149999976158142,1.100000023841858,1.1100000143051147,1.1100000143051147,10910000
2024-05-31,1.1399999856948853,1.1399999856948853,1.059999942779541,1.059999942779541,1.059999942779541,29728000
2024-06-03,1.0800000429153442,1.1100000143051147,1.0499999523162842,1.090000033378601,1.090000033378601,12168000
2024-06-04,1.100000023841858,1.1200000047683716,1.0800000429153442,1.1100000143051147,1.1100000143051147,8314000
2024-06-05,1.1200000047683716,1.1299999952316284,1.090000033378601,1.1299999952316284,1.1299999952316284,19030000
2024-06-06,1.1299999952316284,1.1699999570846558,1.100000023841858,1.100000023841858,1.100000023841858,20860000
2024-06-07,1.1100000143051147,1.1699999570846558,1.1100000143051147,1.159999966621399,1.159999966621399,12054000
2024-06-11,1.159999966621399,1.1699999570846558,1.100000023841858,1.1200000047683716,1.1200000047683716,18968000
2024-06-12,1.1200000047683716,1.1299999952316284,1.090000033378601,1.100000023841858,1.100000023841858,9218000
2024-06-13,1.1200000047683716,1.1200000047683716,1.090000033378601,1.1100000143051147,1.1100000143051147,5664000
2024-06-14,1.1200000047683716,1.1200000047683716,1.090000033378601,1.090000033378601,1.090000033378601,9292000
2024-06-17,1.090000033378601,1.100000023841858,1.0700000524520874,1.0800000429153442,1.0800000429153442,12696000
2024-06-18,1.090000033378601,1.090000033378601,1.0499999523162842,1.0499999523162842,1.0499999523162842,24516000
2024-06-19,1.0499999523162842,1.0800000429153442,1.0399999618530273,1.0800000429153442,1.0800000429153442,11824000
2024-06-20,1.090000033378601,1.090000033378601,1.0499999523162842,1.0700000524520874,1.0700000524520874,12348000
2024-06-21,1.059999942779541,1.059999942779541,1.0099999904632568,1.0299999713897705,1.0299999713897705,35219100
2024-06-24,1.0299999713897705,1.0399999618530273,1.0099999904632568,1.0299999713897705,1.0299999713897705,10010000
2024-06-25,1.0299999713897705,1.0499999523162842,1.0299999713897705,1.0399999618530273,1.0399999618530273,7670000
2024-06-26,1.0399999618530273,1.0399999618530273,1.0199999809265137,1.0299999713897705,1.0299999713897705,5430000
2024-06-27,1.0399999618530273,1.0399999618530273,0.9900000095367432,1.0099999904632568,1.0099999904632568,13440000
2024-06-28,1.0,1.0399999618530273,0.9900000095367432,1.0299999713897705,1.0299999713897705,9061605
2024-07-02,1.0399999618530273,1.090000033378601,1.0299999713897705,1.059999942779541,1.059999942779541,18269905
2024-07-03,1.0800000429153442,1.1200000047683716,1.059999942779541,1.090000033378601,1.090000033378601,31224000
2024-07-04,1.1100000143051147,1.149999976158142,1.090000033378601,1.1100000143051147,1.1100000143051147,26786000
2024-07-08,1.1299999952316284,1.1299999952316284,1.100000023841858,1.1100000143051147,1.1100000143051147,10148000
2024-07-09,1.100000023841858,1.100000023841858,1.0499999523162842,1.059999942779541,1.059999942779541,28529000
2024-07-10,1.059999942779541,1.0800000429153442,1.0199999809265137,1.059999942779541,1.059999942779541,13038000
2024-07-11,1.059999942779541,1.090000033378601,1.0499999523162842,1.0800000429153442,1.0800000429153442,9410000
2024-07-12,1.0800000429153442,1.1100000143051147,1.059999942779541,1.0800000429153442,1.0800000429153442,19274000
2024-07-15,1.090000033378601,1.1100000143051147,1.059999942779541,1.090000033378601,1.090000033378601,25884000
2024-07-16,1.090000033378601,1.1799999475479126,1.0800000429153442,1.159999966621399,1.159999966621399,45830000
2024-07-17,1.159999966621399,1.1799999475479126,1.1200000047683716,1.159999966621399,1.159999966621399,18382000
2024-07-18,1.149999976158142,1.1699999570846558,1.1399999856948853,1.1399999856948853,1.1399999856948853,9720000
2024-07-19,1.1299999952316284,1.1399999856948853,1.0800000429153442,1.1100000143051147,1.1100000143051147,31934000
2024-07-22,1.1200000047683716,1.1200000047683716,1.0800000429153442,1.090000033378601,1.090000033378601,5642000
2024-07-23,1.100000023841858,1.1100000143051147,1.0700000524520874,1.0700000524520874,1.0700000524520874,11224000
2024-07-24,1.0700000524520874,1.090000033378601,1.0700000524520874,1.0800000429153442,1.0800000429153442,4392000
2024-07-25,1.0800000429153442,1.0800000429153442,1.0499999523162842,1.059999942779541,1.059999942779541,12072650
2024-07-26,1.059999942779541,1.090000033378601,1.059999942779541,1.0700000524520874,1.0700000524520874,5966000
2024-07-29,1.0800000429153442,1.090000033378601,1.0700000524520874,1.0800000429153442,1.0800000429153442,8592000
2024-07-30,1.0700000524520874,1.100000023841858,1.0399999618530273,1.0399999618530273,1.0399999618530273,10090000
2024-07-31,1.0399999618530273,1.0499999523162842,1.0199999809265137,1.0299999713897705,1.0299999713897705,19588000
2024-08-01,1.0499999523162842,1.059999942779541,1.0,1.0099999904632568,1.0099999904632568,25640000
2024-08-02,1.0099999904632568,1.090000033378601,0.9900000095367432,1.0800000429153442,1.0800000429153442,31806000
2024-08-05,1.0800000429153442,1.0800000429153442,0.9800000190734863,1.0,1.0,51894000
2024-08-06,1.0199999809265137,1.0499999523162842,1.0099999904632568,1.0399999618530273,1.0399999618530273,14884000
2024-08-07,1.0399999618530273,1.0700000524520874,1.0399999618530273,1.059999942779541,1.059999942779541,10028000
2024-08-08,1.059999942779541,1.059999942779541,1.0399999618530273,1.0499999523162842,1.0499999523162842,4782000
2024-08-09,1.0499999523162842,1.0800000429153442,1.0499999523162842,1.0700000524520874,1.0700000524520874,6602000
2024-08-12,1.0700000524520874,1.090000033378601,1.0700000524520874,1.0800000429153442,1.0800000429153442,2284000
2024-08-13,1.0700000524520874,1.0700000524520874,1.0499999523162842,1.0700000524520874,1.0700000524520874,4744000
2024-08-14,1.0700000524520874,1.0800000429153442,1.0499999523162842,1.059999942779541,1.059999942779541,4712000
2024-08-15,1.059999942779541,1.0700000524520874,1.0499999523162842,1.0499999523162842,1.0499999523162842,4161794
2024-08-16,1.059999942779541,1.100000023841858,1.059999942779541,1.059999942779541,1.059999942779541,13410000
2024-08-19,1.0800000429153442,1.1100000143051147,1.059999942779541,1.090000033378601,1.090000033378601,12266000
2024-08-20,1.059999942779541,1.0700000524520874,0.949999988079071,0.9599999785423279,0.9599999785423279,101150000
2024-08-21,0.9599999785423279,0.9599999785423279,0.8100000023841858,0.8899999856948853,0.8899999856948853,135972000
2024-08-22,0.8899999856948853,0.9100000262260437,0.8500000238418579,0.8700000047683716,0.8700000047683716,29945333
2024-08-23,0.8600000143051147,0.8799999952316284,0.8299999833106995,0.8399999737739563,0.8399999737739563,34950000
2024-08-26,0.8399999737739563,0.8799999952316284,0.8399999737739563,0.8500000238418579,0.8500000238418579,15906000
2024-08-27,0.8500000238418579,0.8799999952316284,0.8199999928474426,0.8500000238418579,0.8500000238418579,33988000
2024-08-28,0.8500000238418579,0.8700000047683716,0.8399999737739563,0.8500000238418579,0.8500000238418579,11088000
2024-08-29,0.8500000238418579,0.8700000047683716,0.8399999737739563,0.8500000238418579,0.8500000238418579,8784000
2024-08-30,0.8500000238418579,0.8999999761581421,0.8500000238418579,0.8799999952316284,0.8799999952316284,24788000
2024-09-02,0.8799999952316284,0.8799999952316284,0.8600000143051147,0.8700000047683716,0.8700000047683716,8434000
2024-09-03,0.8700000047683716,0.8799999952316284,0.8500000238418579,0.8500000238418579,0.8500000238418579,10558000
2024-09-04,0.8399999737739563,0.8700000047683716,0.8299999833106995,0.8700000047683716,0.8700000047683716,8966000
2024-09-05,0.8600000143051147,0.8999999761581421,0.8600000143051147,0.8799999952316284,0.8799999952316284,9350000
2024-09-09,0.8799999952316284,0.8899999856948853,0.8399999737739563,0.8600000143051147,0.8600000143051147,13226000
2024-09-10,0.8500000238418579,0.8600000143051147,0.8199999928474426,0.8500000238418579,0.8500000238418579,15644002
2024-09-11,0.8399999737739563,0.8500000238418579,0.8199999928474426,0.8299999833106995,0.8299999833106995,10894002
2024-09-12,0.8399999737739563,0.8600000143051147,0.8399999737739563,0.8500000238418579,0.8500000238418579,7026000
2024-09-13,0.8399999737739563,0.8799999952316284,0.8399999737739563,0.8700000047683716,0.8700000047683716,6230002
2024-09-16,0.8700000047683716,0.8999999761581421,0.8600000143051147,0.8899999856948853,0.8899999856948853,3818020
2024-09-17,0.8799999952316284,0.8999999761581421,0.8799999952316284,0.8799999952316284,0.8799999952316284,1262000
2024-09-19,0.8899999856948853,0.9300000071525574,0.8600000143051147,0.8999999761581421,0.8999999761581421,35808100
2024-09-20,0.8999999761581421,0.9200000166893005,0.8899999856948853,0.9200000166893005,0.9200000166893005,16874000
2024-09-23,0.9200000166893005,0.9300000071525574,0.8799999952316284,0.8799999952316284,0.8799999952316284,12268000
2024-09-24,0.8899999856948853,0.9300000071525574,0.8799999952316284,0.9200000166893005,0.9200000166893005,37390000
2024-09-25,0.9399999976158142,0.9599999785423279,0.8999999761581421,0.9100000262260437,0.9100000262260437,30136000
2024-09-26,0.9100000262260437,1.0,0.8999999761581421,0.9900000095367432,0.9900000095367432,32544000
2024-09-27,1.0,1.0299999713897705,0.9800000190734863,1.0199999809265137,1.0199999809265137,28634000
2024-09-30,1.1200000047683716,1.190000057220459,1.090000033378601,1.149999976158142,1.149999976158142,109858000
2024-10-02,1.149999976158142,1.190000057220459,1.100000023841858,1.1399999856948853,1.1399999856948853,55950086
2024-10-03,1.149999976158142,1.159999966621399,1.0800000429153442,1.1299999952316284,1.1299999952316284,34296000
2024-10-04,1.1399999856948853,1.1799999475479126,1.1200000047683716,1.1799999475479126,1.1799999475479126,15406000
2024-10-07,1.2300000190734863,1.2799999713897705,1.2200000286102295,1.25,1.25,39888014
2024-10-08,1.25,1.2899999618530273,1.1299999952316284,1.159999966621399,1.159999966621399,106432000
2024-10-09,1.159999966621399,1.1799999475479126,1.0800000429153442,1.1100000143051147,1.1100000143051147,53136000
2024-10-10,1.1299999952316284,1.159999966621399,1.100000023841858,1.1100000143051147,1.1100000143051147,50982000
2024-10-14,1.1200000047683716,1.1299999952316284,1.0700000524520874,1.1200000047683716,1.1200000047683716,45396000
2024-10-15,1.1200000047683716,1.149999976158142,1.0800000429153442,1.090000033378601,1.090000033378601,20912000
2024-10-16,1.100000023841858,1.1399999856948853,1.090000033378601,1.1200000047683716,1.1200000047683716,19780000
2024-10-17,1.1299999952316284,1.1399999856948853,1.0800000429153442,1.0800000429153442,1.0800000429153442,26738000
2024-10-18,1.090000033378601,1.1699999570846558,1.0800000429153442,1.159999966621399,1.159999966621399,62822000
2024-10-21,1.159999966621399,1.159999966621399,1.1299999952316284,1.149999976158142,1.149999976158142,28942000
2024-10-22,1.149999976158142,1.159999966621399,1.1200000047683716,1.1299999952316284,1.1299999952316284,17774000
2024-10-23,1.1200000047683716,1.149999976158142,1.100000023841858,1.1100000143051147,1.1100000143051147,24376000
2024-10-24,1.100000023841858,1.1200000047683716,1.090000033378601,1.1100000143051147,1.1100000143051147,15038000
