Date,Open,High,Low,Close,Adj Close,Volume
1992-04-16,4.6666669845581055,4.75,4.6666669845581055,4.6666669845581055,3.6380300521850586,3240000
1992-04-20,4.6666669845581055,4.75,4.6666669845581055,4.75,3.7029929161071777,291000
1992-04-21,4.6666669845581055,4.75,4.6666669845581055,4.6666669845581055,3.6380300521850586,154800
1992-04-22,4.6666669845581055,4.75,4.6666669845581055,4.75,3.7029929161071777,103800
1992-04-23,4.75,4.75,4.6666669845581055,4.6666669845581055,3.6380300521850586,16800
1992-04-24,4.7083330154418945,4.9166669845581055,4.6666669845581055,4.8333330154418945,3.767958402633667,177300
1992-04-27,4.9166669845581055,4.9166669845581055,4.75,4.75,3.7029929161071777,9000
1992-04-28,4.75,4.7916669845581055,4.75,4.7916669845581055,3.735476493835449,30300
1992-04-29,4.7916669845581055,4.8333330154418945,4.75,4.75,3.7029929161071777,81000
1992-04-30,4.9166669845581055,5.1666669845581055,4.8333330154418945,5.0,3.89788818359375,58500
1992-05-01,5.0,5.1666669845581055,4.9166669845581055,4.9166669845581055,3.8329217433929443,4200
1992-05-04,4.9166669845581055,5.1666669845581055,4.9166669845581055,5.1666669845581055,4.0278167724609375,8100
1992-05-05,4.9166669845581055,5.1666669845581055,4.9166669845581055,5.0,3.89788818359375,4200
1992-05-06,5.0,5.0416669845581055,4.9583330154418945,4.9583330154418945,3.865405321121216,265500
1992-05-07,5.1666669845581055,5.1666669845581055,4.9166669845581055,5.1666669845581055,4.0278167724609375,33900
1992-05-08,4.9166669845581055,5.1666669845581055,4.9166669845581055,5.1666669845581055,4.0278167724609375,1500
1992-05-11,5.1666669845581055,5.1666669845581055,4.9166669845581055,5.0,3.89788818359375,7800
1992-05-12,4.9166669845581055,5.0,4.9166669845581055,4.9583330154418945,3.865405321121216,20400
1992-05-13,4.9166669845581055,5.0833330154418945,4.9166669845581055,5.0833330154418945,3.96285343170166,3300
1992-05-14,4.9166669845581055,5.0,4.8333330154418945,4.8333330154418945,3.767958402633667,258000
1992-05-15,4.75,4.8333330154418945,4.6666669845581055,4.6666669845581055,3.6380300521850586,27600
1992-05-18,4.6666669845581055,4.75,4.6666669845581055,4.6666669845581055,3.6380300521850586,48000
1992-05-19,4.6666669845581055,4.6666669845581055,4.5833330154418945,4.5833330154418945,3.5730628967285156,77100
1992-05-20,4.75,4.8333330154418945,4.5833330154418945,4.5833330154418945,3.5730628967285156,34800
1992-05-21,4.6666669845581055,4.7083330154418945,4.5833330154418945,4.5833330154418945,3.5730628967285156,13800
1992-05-22,4.8333330154418945,4.8333330154418945,4.7083330154418945,4.75,3.7029929161071777,111000
1992-05-26,4.6666669845581055,4.75,4.6666669845581055,4.75,3.7029929161071777,284700
1992-05-27,4.7083330154418945,4.7083330154418945,4.7083330154418945,4.7083330154418945,3.6705117225646973,12000
1992-05-28,4.6666669845581055,4.6666669845581055,4.6666669845581055,4.6666669845581055,3.6380300521850586,15000
1992-05-29,4.5833330154418945,4.6666669845581055,4.5833330154418945,4.6666669845581055,3.6380300521850586,7500
1992-06-01,4.6666669845581055,4.6666669845581055,4.5833330154418945,4.6666669845581055,3.6380300521850586,83700
1992-06-02,4.5833330154418945,4.8333330154418945,4.5833330154418945,4.8333330154418945,3.767958402633667,13800
1992-06-03,4.5833330154418945,4.8333330154418945,4.5833330154418945,4.8333330154418945,3.767958402633667,2700
1992-06-04,4.7083330154418945,4.8333330154418945,4.5833330154418945,4.8333330154418945,3.767958402633667,14100
1992-06-05,4.7083330154418945,4.8333330154418945,4.7083330154418945,4.8333330154418945,3.767958402633667,2400
1992-06-08,4.5833330154418945,4.5833330154418945,4.5833330154418945,4.5833330154418945,3.5730628967285156,6000
1992-06-09,4.5833330154418945,4.5833330154418945,4.5833330154418945,4.5833330154418945,3.5730628967285156,0
1992-06-10,4.5833330154418945,4.5833330154418945,4.5833330154418945,4.5833330154418945,3.5730628967285156,0
1992-06-11,4.6666669845581055,4.6666669845581055,4.5,4.5833330154418945,3.5730628967285156,81300
1992-06-12,4.5,4.5,4.1666669845581055,4.1666669845581055,3.2482409477233887,114000
1992-06-15,4.1666669845581055,4.1666669845581055,4.1666669845581055,4.1666669845581055,3.2482409477233887,35400
1992-06-16,4.0833330154418945,4.1666669845581055,3.9166669845581055,3.9166669845581055,3.0533463954925537,33000
1992-06-17,2.7916669845581055,2.8333330154418945,2.1666669845581055,2.4166669845581055,1.8839795589447021,1768200
1992-06-18,2.4166669845581055,2.4166669845581055,2.25,2.4166669845581055,1.8839795589447021,719700
1992-06-19,2.4166669845581055,2.4166669845581055,1.9166669845581055,2.0,1.5591553449630737,1639500
1992-06-22,2.0833330154418945,2.0833330154418945,1.9166669845581055,2.0833330154418945,1.6241199970245361,57300
1992-06-23,2.1666669845581055,2.1666669845581055,2.0,2.0833330154418945,1.6241199970245361,102600
1992-06-24,2.0833330154418945,2.1666669845581055,2.0833330154418945,2.0833330154418945,1.6241199970245361,27600
1992-06-25,2.0833330154418945,2.1666669845581055,2.0,2.0,1.5591553449630737,103200
1992-06-26,2.25,2.25,2.0,2.1666669845581055,1.6890839338302612,92100
1992-06-29,2.0833330154418945,2.1666669845581055,2.0,2.0,1.5591553449630737,23700
1992-06-30,2.0,2.1666669845581055,2.0,2.1666669845581055,1.6890839338302612,78300
1992-07-01,2.0,2.1666669845581055,2.0,2.0833330154418945,1.6241199970245361,261000
1992-07-02,2.1666669845581055,2.1666669845581055,2.1666669845581055,2.1666669845581055,1.6890839338302612,10800
1992-07-06,2.0833330154418945,2.1666669845581055,2.0,2.1666669845581055,1.6890839338302612,111600
1992-07-07,2.0,2.1666669845581055,2.0,2.1666669845581055,1.6890839338302612,7800
1992-07-08,2.1666669845581055,2.25,2.125,2.1666669845581055,1.6890839338302612,117000
1992-07-09,2.3333330154418945,2.3333330154418945,2.3333330154418945,2.3333330154418945,1.819014549255371,2100
1992-07-10,2.1666669845581055,2.4166669845581055,2.1666669845581055,2.4166669845581055,1.8839795589447021,39600
1992-07-13,2.4166669845581055,2.4166669845581055,2.3333330154418945,2.3333330154418945,1.819014549255371,5700
1992-07-14,2.5,2.5833330154418945,2.3333330154418945,2.5833330154418945,2.0139081478118896,90000
1992-07-15,2.5833330154418945,2.9166669845581055,2.5833330154418945,2.6666669845581055,2.078873872756958,37800
1992-07-16,2.75,2.75,2.5833330154418945,2.75,2.143838882446289,4200
1992-07-17,2.75,2.75,2.5,2.5833330154418945,2.0139081478118896,83700
1992-07-20,2.5833330154418945,2.5833330154418945,2.5,2.5833330154418945,2.0139081478118896,12900
1992-07-21,2.5833330154418945,2.5833330154418945,2.5,2.5833330154418945,2.0139081478118896,34200
1992-07-22,2.5833330154418945,2.5833330154418945,2.4166669845581055,2.4166669845581055,1.8839795589447021,5700
1992-07-23,2.3333330154418945,2.3333330154418945,2.3333330154418945,2.3333330154418945,1.819014549255371,30900
1992-07-24,2.3333330154418945,2.4166669845581055,2.3333330154418945,2.4166669845581055,1.8839795589447021,66000
1992-07-27,2.3333330154418945,2.5,2.3333330154418945,2.5,1.948944091796875,15600
1992-07-28,2.3333330154418945,2.4166669845581055,2.1666669845581055,2.25,1.7540496587753296,30600
1992-07-29,2.3333330154418945,2.3333330154418945,2.1666669845581055,2.25,1.7540496587753296,42000
1992-07-30,2.1666669845581055,2.3333330154418945,2.1666669845581055,2.3333330154418945,1.819014549255371,2100
1992-07-31,2.25,2.25,2.25,2.25,1.7540496587753296,1200
1992-08-03,2.3333330154418945,2.3333330154418945,2.1666669845581055,2.25,1.7540496587753296,4200
1992-08-04,2.3333330154418945,2.3333330154418945,2.1666669845581055,2.3333330154418945,1.819014549255371,5700
1992-08-05,2.3333330154418945,2.3333330154418945,2.3333330154418945,2.3333330154418945,1.819014549255371,0
1992-08-06,2.4166669845581055,2.5,2.3333330154418945,2.5,1.948944091796875,18600
1992-08-07,2.3333330154418945,2.5,2.3333330154418945,2.4166669845581055,1.8839795589447021,12300
1992-08-10,2.5,2.5,2.4166669845581055,2.4166669845581055,1.8839795589447021,6300
1992-08-11,2.3333330154418945,2.5,2.3333330154418945,2.4166669845581055,1.8839795589447021,983400
1992-08-12,2.4166669845581055,2.5,2.4166669845581055,2.5,1.948944091796875,6000
1992-08-13,2.4166669845581055,2.4166669845581055,2.4166669845581055,2.4166669845581055,1.8839795589447021,10500
1992-08-14,2.4166669845581055,2.4166669845581055,2.4166669845581055,2.4166669845581055,1.8839795589447021,10500
1992-08-17,2.4166669845581055,2.5833330154418945,2.4166669845581055,2.4166669845581055,1.8839795589447021,93600
1992-08-18,2.4166669845581055,2.4166669845581055,2.1666669845581055,2.1666669845581055,1.6890839338302612,1785000
1992-08-19,2.25,2.3333330154418945,2.1666669845581055,2.3333330154418945,1.819014549255371,1050600
1992-08-20,2.25,2.4166669845581055,2.2083330154418945,2.2083330154418945,1.7215673923492432,32400
1992-08-21,2.2916669845581055,2.2916669845581055,2.2916669845581055,2.2916669845581055,1.786531925201416,21000
1992-08-24,2.1666669845581055,2.3333330154418945,2.1666669845581055,2.25,1.7540496587753296,6000
1992-08-25,2.3333330154418945,2.3333330154418945,2.1666669845581055,2.3333330154418945,1.819014549255371,18300
1992-08-26,2.2916669845581055,2.2916669845581055,2.2916669845581055,2.2916669845581055,1.786531925201416,2700
1992-08-27,2.4166669845581055,2.4166669845581055,2.4166669845581055,2.4166669845581055,1.8839795589447021,300
1992-08-28,2.1666669845581055,2.4166669845581055,2.1666669845581055,2.4166669845581055,1.8839795589447021,19800
1992-08-31,2.4166669845581055,2.4166669845581055,2.4166669845581055,2.4166669845581055,1.8839795589447021,300
1992-09-01,2.1666669845581055,2.2083330154418945,2.1666669845581055,2.2083330154418945,1.7215673923492432,105000
1992-09-02,2.2083330154418945,2.2083330154418945,2.2083330154418945,2.2083330154418945,1.7215673923492432,0
1992-09-03,2.4166669845581055,2.4166669845581055,2.4166669845581055,2.4166669845581055,1.8839795589447021,1500
1992-09-04,2.2916669845581055,2.2916669845581055,2.2916669845581055,2.2916669845581055,1.786531925201416,6300
1992-09-08,2.1666669845581055,2.3333330154418945,1.9166669845581055,1.9583330154418945,1.5266727209091187,68100
1992-09-09,2.0416669845581055,2.0416669845581055,1.875,1.875,1.4617083072662354,1513800
1992-09-10,2.0,2.0833330154418945,1.875,1.9166669845581055,1.4941911697387695,51300
1992-09-11,2.0833330154418945,2.0833330154418945,1.8333330154418945,1.8333330154418945,1.429224967956543,4500
1992-09-14,1.9166669845581055,1.9166669845581055,1.9166669845581055,1.9166669845581055,1.4941911697387695,3000
1992-09-15,1.9166669845581055,2.0,1.8333330154418945,1.875,1.4617083072662354,1522200
1992-09-16,2.0833330154418945,2.0833330154418945,1.8333330154418945,1.875,1.4617083072662354,104100
1992-09-17,1.9166669845581055,2.1666669845581055,1.9166669845581055,2.0416669845581055,1.5916380882263184,92700
1992-09-18,2.0416669845581055,2.0416669845581055,2.0416669845581055,2.0416669845581055,1.5916380882263184,900
1992-09-21,2.0833330154418945,2.0833330154418945,2.0416669845581055,2.0416669845581055,1.5916380882263184,12000
1992-09-22,2.0,2.0,2.0,2.0,1.5591553449630737,6000
1992-09-23,2.0,2.0,2.0,2.0,1.5591553449630737,5700
1992-09-24,2.125,2.25,2.125,2.25,1.7540496587753296,4800
1992-09-25,2.0,2.25,2.0,2.25,1.7540496587753296,3900
1992-09-28,2.25,2.25,2.25,2.25,1.7540496587753296,0
1992-09-29,2.0,2.25,2.0,2.1666669845581055,1.6890839338302612,13800
1992-09-30,2.1666669845581055,2.1666669845581055,2.1666669845581055,2.1666669845581055,1.6890839338302612,600
1992-10-01,1.9166669845581055,1.9166669845581055,1.9166669845581055,1.9166669845581055,1.4941911697387695,600
1992-10-02,2.1666669845581055,2.1666669845581055,1.9166669845581055,1.9166669845581055,1.4941911697387695,18600
1992-10-05,2.1666669845581055,2.1666669845581055,1.8333330154418945,1.9166669845581055,1.4941911697387695,97500
1992-10-06,1.8333330154418945,2.0833330154418945,1.8333330154418945,1.8333330154418945,1.429224967956543,84600
1992-10-07,2.0833330154418945,2.0833330154418945,1.75,1.75,1.3642604351043701,71400
1992-10-08,1.7916669845581055,1.9166669845581055,1.6666669845581055,1.6666669845581055,1.2992960214614868,638700
1992-10-09,1.8333330154418945,1.8333330154418945,1.6666669845581055,1.6666669845581055,1.2992960214614868,77400
1992-10-12,1.75,1.9166669845581055,1.6666669845581055,1.9166669845581055,1.4941911697387695,794100
1992-10-13,1.6666669845581055,1.9166669845581055,1.6666669845581055,1.6666669845581055,1.2992960214614868,43200
1992-10-14,1.75,1.9166669845581055,1.75,1.9166669845581055,1.4941911697387695,4200
1992-10-15,1.9166669845581055,1.9166669845581055,1.7916669845581055,1.8333330154418945,1.429224967956543,5400
1992-10-16,1.7916669845581055,1.9166669845581055,1.7083330154418945,1.7916669845581055,1.3967429399490356,20100
1992-10-19,1.75,1.9166669845581055,1.75,1.7916669845581055,1.3967429399490356,152400
1992-10-20,1.8333330154418945,1.875,1.6666669845581055,1.75,1.3642604351043701,126600
1992-10-21,1.7083330154418945,1.7916669845581055,1.6666669845581055,1.6666669845581055,1.2992960214614868,208800
1992-10-22,1.8333330154418945,1.9166669845581055,1.75,1.8333330154418945,1.429224967956543,24600
1992-10-23,1.8333330154418945,1.8333330154418945,1.7083330154418945,1.75,1.3642604351043701,71400
1992-10-26,1.75,1.75,1.6666669845581055,1.75,1.3642604351043701,8100
1992-10-27,1.6666669845581055,1.75,1.6666669845581055,1.75,1.3642604351043701,3300
1992-10-28,1.6666669845581055,1.6666669845581055,1.6666669845581055,1.6666669845581055,1.2992960214614868,61200
1992-10-29,1.8333330154418945,2.0833330154418945,1.75,1.9583330154418945,1.5266727209091187,335400
1992-10-30,2.0833330154418945,2.25,2.0,2.1666669845581055,1.6890839338302612,132000
1992-11-02,2.25,2.25,2.1666669845581055,2.1666669845581055,1.6890839338302612,19500
1992-11-03,2.0416669845581055,2.1666669845581055,2.0416669845581055,2.1666669845581055,1.6890839338302612,7800
1992-11-04,2.25,2.25,2.25,2.25,1.7540496587753296,1200
1992-11-05,2.0833330154418945,2.25,2.0833330154418945,2.0833330154418945,1.6241199970245361,79800
1992-11-06,2.25,2.3333330154418945,2.0833330154418945,2.3333330154418945,1.819014549255371,6900
1992-11-09,2.3333330154418945,2.5833330154418945,2.25,2.5833330154418945,2.0139081478118896,95400
1992-11-10,2.5,2.5833330154418945,2.25,2.25,1.7540496587753296,113700
1992-11-11,2.4166669845581055,2.4166669845581055,2.3333330154418945,2.3333330154418945,1.819014549255371,97200
1992-11-12,2.4166669845581055,2.4166669845581055,2.25,2.4166669845581055,1.8839795589447021,78900
1992-11-13,2.3333330154418945,2.4166669845581055,2.3333330154418945,2.4166669845581055,1.8839795589447021,154500
1992-11-16,2.3333330154418945,2.4166669845581055,2.3333330154418945,2.4166669845581055,1.8839795589447021,9300
1992-11-17,2.3333330154418945,2.4166669845581055,2.25,2.4166669845581055,1.8839795589447021,149100
1992-11-18,2.4166669845581055,2.4166669845581055,2.375,2.375,1.8540539741516113,16500
1992-11-19,2.4166669845581055,2.4166669845581055,2.4166669845581055,2.4166669845581055,1.8865816593170166,1800
1992-11-20,2.4166669845581055,2.4166669845581055,2.3333330154418945,2.4166669845581055,1.8865816593170166,123900
1992-11-23,2.4166669845581055,2.5833330154418945,2.25,2.5833330154418945,2.0166900157928467,24300
1992-11-24,2.5833330154418945,2.75,2.375,2.5833330154418945,2.0166900157928467,68700
1992-11-25,2.75,2.75,2.5833330154418945,2.7083330154418945,2.114271640777588,212100
1992-11-27,2.5833330154418945,3.0,2.5833330154418945,3.0,2.341963768005371,85500
1992-11-30,3.5,3.6666669845581055,3.1666669845581055,3.4166669845581055,2.6672356128692627,332100
1992-12-01,3.4166669845581055,3.4166669845581055,3.25,3.3333330154418945,2.6021807193756104,84600
1992-12-02,3.25,3.4166669845581055,3.25,3.2916669845581055,2.569652795791626,30000
1992-12-03,3.3333330154418945,3.5,3.0,3.0,2.341963768005371,116700
1992-12-04,3.1666669845581055,3.1666669845581055,2.9166669845581055,2.9166669845581055,2.2769086360931396,30000
1992-12-07,3.125,3.1666669845581055,2.9166669845581055,3.1666669845581055,2.4720723628997803,54900
1992-12-08,2.9166669845581055,3.1666669845581055,2.9166669845581055,3.1666669845581055,2.4720723628997803,125100
1992-12-09,3.0833330154418945,3.125,2.9166669845581055,2.9166669845581055,2.2769086360931396,140100
1992-12-10,2.9166669845581055,3.0,2.8333330154418945,3.0,2.341963768005371,39300
1992-12-11,3.0,3.0833330154418945,3.0,3.0833330154418945,2.407017469406128,2400
1992-12-14,3.0833330154418945,3.0833330154418945,3.0833330154418945,3.0833330154418945,2.407017469406128,12000
1992-12-15,2.8333330154418945,3.0,2.8333330154418945,2.9166669845581055,2.2769086360931396,100200
1992-12-16,2.9166669845581055,2.9166669845581055,2.8333330154418945,2.8333330154418945,2.2118542194366455,21000
1992-12-17,2.9166669845581055,3.0,2.7916669845581055,3.0,2.341963768005371,249000
1992-12-18,3.0,3.0,2.75,2.8333330154418945,2.2118542194366455,13500
1992-12-21,3.0,3.0,2.75,2.7916669845581055,2.1793274879455566,40200
1992-12-22,3.0833330154418945,3.0833330154418945,3.0833330154418945,3.0833330154418945,2.407017469406128,23100
1992-12-23,3.0833330154418945,3.25,3.0,3.0833330154418945,2.407017469406128,42000
1992-12-24,3.3333330154418945,3.5,3.3333330154418945,3.4166669845581055,2.6672356128692627,50400
1992-12-28,3.5,3.5,3.3333330154418945,3.5,2.732290267944336,68100
1992-12-29,3.5,3.5,3.3333330154418945,3.5,2.732290267944336,64800
1992-12-30,3.5,3.5,3.5,3.5,2.732290267944336,0
1992-12-31,3.375,3.5833330154418945,3.3333330154418945,3.5,2.732290267944336,85500
1993-01-04,3.4166669845581055,3.6666669845581055,3.4166669845581055,3.4166669845581055,2.6672356128692627,288600
1993-01-05,3.5833330154418945,3.5833330154418945,3.3333330154418945,3.5,2.732290267944336,154800
1993-01-06,3.4166669845581055,3.5,3.4166669845581055,3.5,2.732290267944336,84900
1993-01-07,3.5,3.5,3.4166669845581055,3.4166669845581055,2.6672356128692627,12300
1993-01-08,3.6666669845581055,3.6666669845581055,3.4166669845581055,3.5833330154418945,2.7973437309265137,15000
1993-01-11,3.6666669845581055,3.6666669845581055,3.5,3.6666669845581055,2.862398147583008,21600
1993-01-12,3.6666669845581055,3.7083330154418945,3.5,3.7083330154418945,2.894926071166992,140400
1993-01-13,3.5833330154418945,3.75,3.5833330154418945,3.625,2.8298709392547607,18300
1993-01-14,3.6666669845581055,4.0833330154418945,3.6666669845581055,4.0833330154418945,3.187671184539795,205800
1993-01-15,4.0833330154418945,4.25,4.0,4.0,3.122617483139038,77100
1993-01-18,4.25,4.25,4.0,4.0833330154418945,3.187671184539795,31200
1993-01-19,4.0,4.25,4.0,4.1666669845581055,3.2527270317077637,118800
1993-01-20,4.1666669845581055,4.1666669845581055,4.0,4.1666669845581055,3.2527270317077637,121200
1993-01-21,4.0,4.1666669845581055,4.0,4.1666669845581055,3.2527270317077637,3000
1993-01-22,4.0,4.0833330154418945,4.0,4.0833330154418945,3.187671184539795,1500
1993-01-25,4.0833330154418945,4.1666669845581055,4.0,4.0,3.122617483139038,3300
1993-01-26,4.1666669845581055,4.1666669845581055,3.75,3.75,2.9274539947509766,36600
1993-01-27,3.8333330154418945,3.9166669845581055,3.6666669845581055,3.9166669845581055,3.0575625896453857,223500
1993-01-28,3.9166669845581055,3.9166669845581055,3.75,3.8333330154418945,2.9925081729888916,131400
1993-01-29,3.9166669845581055,3.9166669845581055,3.75,3.8333330154418945,2.9925081729888916,96900
1993-02-01,3.9166669845581055,3.9166669845581055,3.75,3.75,2.9274539947509766,8700
1993-02-02,3.75,3.9166669845581055,3.75,3.9166669845581055,3.0575625896453857,3000
1993-02-03,3.9166669845581055,4.0,3.75,4.0,3.122617483139038,159300
1993-02-04,3.75,3.8333330154418945,3.5833330154418945,3.6666669845581055,2.862398147583008,133200
1993-02-05,3.5833330154418945,3.75,3.5833330154418945,3.5833330154418945,2.7973437309265137,83400
1993-02-08,3.75,3.75,3.4583330154418945,3.5833330154418945,2.7973437309265137,279300
1993-02-09,3.5833330154418945,3.6666669845581055,3.5,3.6666669845581055,2.862398147583008,57000
1993-02-10,3.5,3.5416669845581055,3.4583330154418945,3.5416669845581055,2.764817714691162,60000
1993-02-11,3.4583330154418945,3.5,3.4166669845581055,3.5,2.732290267944336,220500
1993-02-12,3.4166669845581055,3.5833330154418945,3.4166669845581055,3.5,2.732290267944336,157500
1993-02-16,3.6666669845581055,3.6666669845581055,3.4166669845581055,3.6666669845581055,2.862398147583008,41100
1993-02-17,3.75,3.8333330154418945,3.75,3.8333330154418945,2.9925081729888916,2700
1993-02-18,3.75,3.75,3.5833330154418945,3.75,2.9274539947509766,117900
1993-02-19,3.8333330154418945,3.8333330154418945,3.6666669845581055,3.8333330154418945,2.9925081729888916,54600
1993-02-22,3.6666669845581055,3.9166669845581055,3.6666669845581055,3.6666669845581055,2.862398147583008,28200
1993-02-23,3.7916669845581055,3.9166669845581055,3.7916669845581055,3.9166669845581055,3.060345411300659,20100
1993-02-24,3.9166669845581055,4.0833330154418945,3.8333330154418945,4.0,3.1254589557647705,171000
1993-02-25,4.0,4.0833330154418945,4.0,4.0416669845581055,3.158015251159668,138000
1993-02-26,3.9166669845581055,4.0833330154418945,3.9166669845581055,4.0,3.1254589557647705,169200
1993-03-01,3.9166669845581055,4.1666669845581055,3.9166669845581055,4.0833330154418945,3.1905713081359863,76800
1993-03-02,3.9166669845581055,3.9166669845581055,3.9166669845581055,3.9166669845581055,3.060345411300659,600
1993-03-03,3.9166669845581055,4.25,3.9166669845581055,4.25,3.3207993507385254,28200
1993-03-04,4.0,4.375,4.0,4.375,3.4184696674346924,76200
1993-03-05,4.4166669845581055,4.4166669845581055,4.1666669845581055,4.4166669845581055,3.45102858543396,17100
1993-03-08,4.4166669845581055,4.6666669845581055,4.3333330154418945,4.625,3.6138103008270264,125700
1993-03-09,4.5,4.9166669845581055,4.5,4.9166669845581055,3.841707229614258,266400
1993-03-10,4.9166669845581055,4.9166669845581055,4.6666669845581055,4.6666669845581055,3.6463682651519775,70200
1993-03-11,4.6666669845581055,4.6666669845581055,4.6666669845581055,4.6666669845581055,3.6463682651519775,9300
1993-03-12,4.6666669845581055,4.9166669845581055,4.6666669845581055,4.8333330154418945,3.776594638824463,34200
1993-03-15,4.9166669845581055,5.3333330154418945,4.8333330154418945,5.0833330154418945,3.9719343185424805,65700
1993-03-16,5.3333330154418945,5.3333330154418945,5.0833330154418945,5.3333330154418945,4.167278289794922,229500
1993-03-17,5.3333330154418945,5.5,5.1666669845581055,5.4166669845581055,4.232391834259033,365100
1993-03-18,5.125,5.25,5.0833330154418945,5.1666669845581055,4.037048816680908,629700
1993-03-19,5.0833330154418945,5.3333330154418945,5.0833330154418945,5.25,4.102162837982178,71100
1993-03-22,5.0833330154418945,5.25,5.0,5.0416669845581055,3.939379930496216,447300
1993-03-23,4.9166669845581055,5.0,4.9166669845581055,4.9166669845581055,3.841707229614258,16200
1993-03-24,5.0416669845581055,5.0416669845581055,4.9166669845581055,4.9166669845581055,3.841707229614258,6000
1993-03-25,4.9166669845581055,5.0416669845581055,4.9166669845581055,5.0416669845581055,3.939379930496216,1500
1993-03-26,5.1666669845581055,5.25,4.9166669845581055,5.0833330154418945,3.9719343185424805,115500
1993-03-29,5.1666669845581055,5.25,5.0833330154418945,5.25,4.102162837982178,154800
1993-03-30,5.0833330154418945,5.25,5.0833330154418945,5.2083330154418945,4.069606304168701,115200
1993-03-31,5.25,5.25,5.0,5.1666669845581055,4.037048816680908,149400
1993-04-01,5.0833330154418945,5.1666669845581055,5.0833330154418945,5.0833330154418945,3.9719343185424805,163200
1993-04-02,5.0,5.0833330154418945,5.0,5.0833330154418945,3.9719343185424805,90000
1993-04-05,5.0,5.1666669845581055,5.0,5.0833330154418945,3.9719343185424805,177600
1993-04-06,5.0,5.0,4.9166669845581055,4.9166669845581055,3.841707229614258,19500
1993-04-07,4.9166669845581055,5.0416669845581055,4.9166669845581055,4.9166669845581055,3.841707229614258,66000
1993-04-08,4.9583330154418945,5.1666669845581055,4.9166669845581055,5.0,3.9068238735198975,58800
1993-04-12,5.0,5.0833330154418945,4.9166669845581055,5.0833330154418945,3.9719343185424805,113700
1993-04-13,4.9166669845581055,5.1666669845581055,4.9166669845581055,5.0,3.9068238735198975,235800
1993-04-14,4.8333330154418945,5.0,4.8333330154418945,4.8333330154418945,3.776594638824463,18900
1993-04-15,4.8333330154418945,5.0,4.8333330154418945,4.875,3.809152603149414,600900
1993-04-16,4.8333330154418945,5.0,4.8333330154418945,4.875,3.809152603149414,159600
1993-04-19,4.7916669845581055,4.9583330154418945,4.7916669845581055,4.875,3.809152603149414,13800
1993-04-20,4.875,4.875,4.875,4.875,3.809152603149414,0
1993-04-21,5.0,5.0,5.0,5.0,3.9068238735198975,7800
1993-04-22,4.75,5.0,4.75,5.0,3.9068238735198975,3600
1993-04-23,4.8333330154418945,4.875,4.8333330154418945,4.875,3.809152603149414,444000
1993-04-26,4.8333330154418945,5.0,4.8333330154418945,4.8333330154418945,3.776594638824463,9000
1993-04-27,5.0,5.0,4.8333330154418945,4.9166669845581055,3.841707229614258,124500
1993-04-28,5.0833330154418945,5.0833330154418945,4.9166669845581055,5.0833330154418945,3.9719343185424805,47400
1993-04-29,5.0833330154418945,5.0833330154418945,4.9166669845581055,5.0,3.9068238735198975,53400
1993-04-30,5.0,5.3333330154418945,5.0,5.25,4.102162837982178,177600
1993-05-03,5.3333330154418945,5.3333330154418945,5.3333330154418945,5.3333330154418945,4.167278289794922,3300
1993-05-04,5.1666669845581055,5.3333330154418945,5.1666669845581055,5.3333330154418945,4.167278289794922,83400
1993-05-05,5.1666669845581055,5.3333330154418945,5.1666669845581055,5.3333330154418945,4.167278289794922,1500
1993-05-06,5.1666669845581055,5.1666669845581055,5.1666669845581055,5.1666669845581055,4.037048816680908,1500
1993-05-07,5.1666669845581055,5.2916669845581055,5.1666669845581055,5.1666669845581055,4.037048816680908,526200
1993-05-10,5.3333330154418945,5.3333330154418945,5.1666669845581055,5.1666669845581055,4.037048816680908,108300
1993-05-11,5.3333330154418945,5.3333330154418945,5.0,5.0,3.9068238735198975,93600
1993-05-12,5.0,5.2083330154418945,4.75,4.8333330154418945,3.776594638824463,258900
1993-05-13,4.9166669845581055,4.9166669845581055,4.75,4.75,3.7114810943603516,350700
1993-05-14,4.875,4.9166669845581055,4.8333330154418945,4.9166669845581055,3.841707229614258,156600
1993-05-17,4.9166669845581055,5.0,4.875,4.9166669845581055,3.841707229614258,508800
1993-05-18,5.0,5.0,4.8333330154418945,4.9166669845581055,3.841707229614258,65700
1993-05-19,4.8333330154418945,4.8333330154418945,4.8333330154418945,4.8333330154418945,3.776594638824463,1200
1993-05-20,4.8333330154418945,4.8333330154418945,4.6666669845581055,4.7916669845581055,3.744037628173828,63000
1993-05-21,4.75,4.8333330154418945,4.75,4.75,3.7114810943603516,25500
1993-05-24,4.8333330154418945,4.9166669845581055,4.75,4.75,3.7114810943603516,24000
1993-05-25,4.8333330154418945,5.0,4.8333330154418945,4.8333330154418945,3.776594638824463,58200
1993-05-26,4.9166669845581055,5.0,4.8333330154418945,5.0,3.9068238735198975,68700
1993-05-27,4.8333330154418945,5.0,4.8333330154418945,4.9583330154418945,3.8742659091949463,76200
1993-05-28,5.0,5.0,4.8333330154418945,4.8333330154418945,3.776594638824463,18000
1993-06-01,4.9166669845581055,5.0833330154418945,4.9166669845581055,5.0833330154418945,3.9719343185424805,418500
1993-06-02,5.0833330154418945,5.5,4.9166669845581055,5.5,4.297505855560303,709800
1993-06-03,5.5833330154418945,6.0,5.5,5.9166669845581055,4.623072624206543,698400
1993-06-04,5.9166669845581055,6.1666669845581055,5.8333330154418945,5.8333330154418945,4.557958602905273,282000
1993-06-07,5.8333330154418945,6.1666669845581055,5.8333330154418945,6.1666669845581055,4.818413257598877,370800
1993-06-08,6.1666669845581055,6.1666669845581055,5.75,5.8333330154418945,4.557958602905273,240300
1993-06-09,5.75,5.9166669845581055,5.75,5.9166669845581055,4.623072624206543,35400
1993-06-10,5.9166669845581055,6.1666669845581055,5.8333330154418945,6.0,4.6881890296936035,77100
1993-06-11,6.1666669845581055,6.4166669845581055,6.1666669845581055,6.3333330154418945,4.948641777038574,405900
1993-06-14,6.5,6.5,6.1666669845581055,6.1666669845581055,4.820951461791992,192000
1993-06-15,6.25,6.4166669845581055,6.0,6.25,4.886098384857178,271200
1993-06-16,6.25,6.25,5.8333330154418945,5.8333330154418945,4.560357570648193,141900
1993-06-17,6.0,6.1666669845581055,5.8333330154418945,6.0,4.6906561851501465,117900
1993-06-18,6.0833330154418945,6.0833330154418945,5.9166669845581055,5.9166669845581055,4.625506401062012,70800
1993-06-21,6.0833330154418945,6.25,5.9166669845581055,6.25,4.886098384857178,152700
1993-06-22,6.25,6.5,6.25,6.25,4.886098384857178,347700
1993-06-23,6.25,6.5,6.25,6.5,5.081543445587158,119400
1993-06-24,6.3333330154418945,6.4166669845581055,6.3333330154418945,6.4166669845581055,5.016395092010498,262200
1993-06-25,6.4166669845581055,6.4166669845581055,6.3333330154418945,6.4166669845581055,5.016395092010498,251100
1993-06-28,6.4166669845581055,6.4166669845581055,6.3333330154418945,6.375,4.98382043838501,196800
1993-06-29,6.4166669845581055,6.5,6.1666669845581055,6.4583330154418945,5.04896879196167,288000
1993-06-30,6.5,6.5,6.3333330154418945,6.5,5.081543445587158,217500
1993-07-01,6.5,6.5,6.25,6.5,5.081543445587158,393000
1993-07-02,6.4166669845581055,6.5,6.4166669845581055,6.5,5.081543445587158,134100
1993-07-06,6.5,6.5,6.4166669845581055,6.5,5.081543445587158,215700
1993-07-07,6.5,6.6666669845581055,6.4166669845581055,6.6666669845581055,5.211838245391846,154500
1993-07-08,6.7083330154418945,6.8333330154418945,6.5833330154418945,6.75,5.276985168457031,270600
1993-07-09,6.8333330154418945,6.9166669845581055,6.6666669845581055,6.7916669845581055,5.309561252593994,413700
1993-07-12,6.9166669845581055,6.9166669845581055,6.75,6.75,5.276985168457031,38100
1993-07-13,6.8333330154418945,7.0,6.8333330154418945,6.9583330154418945,5.439858436584473,852300
1993-07-14,7.0,7.0,6.75,7.0,5.472430229187012,833700
1993-07-15,7.0,7.0,6.75,6.8333330154418945,5.34213399887085,193500
1993-07-16,6.9166669845581055,6.9166669845581055,6.5,6.5,5.081543445587158,129600
1993-07-19,6.6666669845581055,6.6666669845581055,6.25,6.4166669845581055,5.016395092010498,156600
1993-07-20,6.5,6.5,6.25,6.5,5.081543445587158,275700
1993-07-21,6.5,6.5833330154418945,6.3333330154418945,6.4166669845581055,5.016395092010498,260100
1993-07-22,6.5833330154418945,6.5833330154418945,6.4166669845581055,6.5833330154418945,5.146690845489502,236400
1993-07-23,6.5833330154418945,6.5833330154418945,6.4166669845581055,6.4166669845581055,5.016395092010498,50400
1993-07-26,6.4166669845581055,6.5,6.25,6.25,4.886098384857178,161100
1993-07-27,6.25,6.3333330154418945,5.9166669845581055,6.125,4.788379192352295,634500
1993-07-28,6.3333330154418945,6.3333330154418945,6.0,6.1666669845581055,4.820951461791992,625500
1993-07-29,6.0,6.1666669845581055,5.75,5.8333330154418945,4.560357570648193,170400
1993-07-30,5.6666669845581055,5.9166669845581055,5.5833330154418945,5.75,4.495213985443115,80700
1993-08-02,5.75,5.75,5.5833330154418945,5.5833330154418945,4.364914894104004,191100
1993-08-03,5.75,5.75,5.5833330154418945,5.5833330154418945,4.364914894104004,420000
1993-08-04,5.8333330154418945,6.6666669845581055,5.6666669845581055,6.5,5.081543445587158,740100
1993-08-05,6.6666669845581055,7.4166669845581055,6.5833330154418945,7.25,5.667872905731201,1340700
1993-08-06,7.3333330154418945,7.7083330154418945,7.1666669845581055,7.4166669845581055,5.800836563110352,1384800
1993-08-09,7.5,7.6666669845581055,7.25,7.5833330154418945,5.9311933517456055,829200
1993-08-10,7.6666669845581055,7.75,7.5,7.625,5.963783264160156,1314000
1993-08-11,7.75,7.75,7.4166669845581055,7.4166669845581055,5.800836563110352,552600
1993-08-12,7.4166669845581055,7.5833330154418945,7.25,7.4166669845581055,5.800836563110352,359100
1993-08-13,7.4166669845581055,7.5,7.25,7.5,5.866016387939453,62700
1993-08-16,7.3333330154418945,7.5,7.25,7.25,5.6704816818237305,81900
1993-08-17,7.5,7.5,7.25,7.5,5.866016387939453,62700
1993-08-18,7.3333330154418945,7.5,7.3333330154418945,7.4166669845581055,5.800836563110352,331500
1993-08-19,7.5,7.5,7.1666669845581055,7.375,5.76824951171875,904800
1993-08-20,7.4166669845581055,7.4166669845581055,7.3333330154418945,7.3333330154418945,5.735661506652832,147600
1993-08-23,7.3333330154418945,7.4166669845581055,7.3333330154418945,7.4166669845581055,5.800836563110352,141000
1993-08-24,7.5,8.166666984558105,7.3333330154418945,8.083333015441895,6.322260856628418,1937400
1993-08-25,8.166666984558105,8.666666984558105,7.75,8.083333015441895,6.322260856628418,1637100
1993-08-26,8.083333015441895,8.083333015441895,7.6666669845581055,7.75,6.061549663543701,505500
1993-08-27,7.7083330154418945,7.75,7.5833330154418945,7.5833330154418945,5.9311933517456055,4380000
1993-08-30,7.5833330154418945,7.6666669845581055,7.5,7.6666669845581055,5.996372222900391,587400
1993-08-31,7.5833330154418945,7.5833330154418945,7.1666669845581055,7.25,5.6704816818237305,795600
1993-09-01,7.3333330154418945,7.5,7.25,7.5,5.866016387939453,1077300
1993-09-02,7.5,7.6666669845581055,7.3333330154418945,7.6666669845581055,5.996372222900391,741600
1993-09-03,7.6666669845581055,7.6666669845581055,7.5,7.5,5.866016387939453,347700
1993-09-07,7.6666669845581055,7.6666669845581055,7.5,7.5833330154418945,5.9311933517456055,1529100
1993-09-08,7.5,7.6666669845581055,7.5,7.5416669845581055,5.8986029624938965,443700
1993-09-09,7.6666669845581055,7.6666669845581055,7.4166669845581055,7.4166669845581055,5.800836563110352,676200
1993-09-10,7.3333330154418945,7.5833330154418945,7.1666669845581055,7.4166669845581055,5.800836563110352,254100
1993-09-13,7.1666669845581055,7.4166669845581055,6.5833330154418945,6.8333330154418945,5.344590663909912,813000
1993-09-14,6.8333330154418945,7.4166669845581055,6.8333330154418945,7.3333330154418945,5.735661506652832,1138200
1993-09-15,7.4166669845581055,7.8333330154418945,7.25,7.6666669845581055,5.996372222900391,467400
1993-09-16,7.8333330154418945,7.9166669845581055,7.7083330154418945,7.9166669845581055,6.1919050216674805,573300
1993-09-17,7.9166669845581055,7.9166669845581055,7.75,7.75,6.061549663543701,161100
1993-09-20,7.9166669845581055,7.9166669845581055,7.75,7.9166669845581055,6.1919050216674805,382200
1993-09-21,7.875,8.25,7.6666669845581055,7.8333330154418945,6.126728057861328,1338900
1993-09-22,7.6666669845581055,8.083333015441895,7.6666669845581055,7.9583330154418945,6.224494934082031,203700
1993-09-23,8.083333015441895,8.083333015441895,7.9166669845581055,7.9166669845581055,6.1919050216674805,638700
1993-09-24,8.083333015441895,8.5,7.9166669845581055,8.5,6.648153305053711,298500
1993-09-27,8.333333015441895,8.5,8.166666984558105,8.25,6.4526166915893555,322800
1993-09-28,8.416666984558105,8.416666984558105,8.166666984558105,8.416666984558105,6.5829758644104,128400
1993-09-29,8.416666984558105,8.416666984558105,8.208333015441895,8.25,6.4526166915893555,85500
1993-09-30,8.333333015441895,8.333333015441895,8.0,8.083333015441895,6.322260856628418,118500
1993-10-01,8.25,8.25,8.083333015441895,8.208333015441895,6.420031547546387,128400
1993-10-04,8.083333015441895,8.25,8.083333015441895,8.208333015441895,6.420031547546387,100200
1993-10-05,8.166666984558105,8.666666984558105,8.083333015441895,8.5,6.648153305053711,653100
1993-10-06,8.583333015441895,8.583333015441895,8.25,8.25,6.4526166915893555,375600
1993-10-07,8.25,8.416666984558105,8.25,8.291666984558105,6.485205173492432,59700
1993-10-08,8.416666984558105,8.5,8.25,8.5,6.648153305053711,91800
1993-10-11,8.5,8.5,8.416666984558105,8.458333015441895,6.615562915802002,85500
1993-10-12,8.5,8.5,8.416666984558105,8.458333015441895,6.615562915802002,87900
1993-10-13,8.5,8.5,8.333333015441895,8.333333015441895,6.517793655395508,34200
1993-10-14,8.333333015441895,8.833333015441895,8.333333015441895,8.666666984558105,6.778510570526123,431700
1993-10-15,8.833333015441895,8.916666984558105,8.75,8.75,6.843684196472168,327300
1993-10-18,9.0,9.166666984558105,8.833333015441895,9.166666984558105,7.169576168060303,914400
1993-10-19,9.0,9.166666984558105,8.666666984558105,8.666666984558105,6.778510570526123,246300
1993-10-20,8.666666984558105,8.833333015441895,8.333333015441895,8.5,6.648153305053711,375300
1993-10-21,8.333333015441895,8.75,8.333333015441895,8.75,6.843684196472168,555300
1993-10-22,8.75,9.083333015441895,8.583333015441895,8.916666984558105,6.974040508270264,1048800
1993-10-25,9.083333015441895,9.083333015441895,8.833333015441895,9.083333015441895,7.104396820068359,1749900
1993-10-26,9.083333015441895,9.166666984558105,8.916666984558105,9.166666984558105,7.169576168060303,1159800
1993-10-27,9.166666984558105,9.166666984558105,9.0,9.0,7.039220333099365,723000
1993-10-28,8.916666984558105,9.083333015441895,8.916666984558105,9.083333015441895,7.104396820068359,582900
1993-10-29,9.083333015441895,9.083333015441895,8.833333015441895,9.083333015441895,7.104396820068359,729300
1993-11-01,9.166666984558105,9.666666984558105,9.0,9.5,7.4302873611450195,617700
1993-11-02,9.5,9.75,9.333333015441895,9.666666984558105,7.560647964477539,1111800
1993-11-03,9.666666984558105,9.666666984558105,9.5,9.666666984558105,7.560647964477539,722400
1993-11-04,9.75,10.416666984558105,9.666666984558105,10.0,7.821357250213623,2750100
1993-11-05,10.083333015441895,10.166666984558105,9.916666984558105,10.166666984558105,7.954360008239746,1210500
1993-11-08,10.166666984558105,11.083333015441895,10.0,11.0,8.606359481811523,1964700
1993-11-09,11.25,11.333333015441895,10.916666984558105,11.083333015441895,8.67155933380127,1739400
1993-11-10,11.083333015441895,11.25,10.833333015441895,11.208333015441895,8.769355773925781,1276200
1993-11-11,11.25,11.25,10.916666984558105,11.0,8.606359481811523,414600
1993-11-12,10.916666984558105,11.083333015441895,10.833333015441895,10.916666984558105,8.541155815124512,900000
1993-11-15,11.0,11.083333015441895,10.833333015441895,11.0,8.606359481811523,1361700
1993-11-16,10.916666984558105,11.083333015441895,10.583333015441895,10.666666984558105,8.345561981201172,636000
1993-11-17,10.833333015441895,10.833333015441895,10.583333015441895,10.833333015441895,8.475963592529297,659100
1993-11-18,10.833333015441895,11.0,10.583333015441895,10.916666984558105,8.541155815124512,1037700
1993-11-19,11.0,11.083333015441895,10.916666984558105,11.041666984558105,8.638960838317871,747900
1993-11-22,11.083333015441895,11.083333015441895,10.916666984558105,11.083333015441895,8.67155933380127,576600
1993-11-23,11.083333015441895,11.083333015441895,10.833333015441895,11.0,8.606359481811523,419400
1993-11-24,11.0,11.083333015441895,10.833333015441895,10.916666984558105,8.541155815124512,363300
1993-11-26,10.833333015441895,11.083333015441895,10.833333015441895,10.958333015441895,8.573760986328125,94500
1993-11-29,11.083333015441895,11.083333015441895,10.75,10.75,8.410761833190918,390000
1993-11-30,10.666666984558105,10.916666984558105,10.5,10.5,8.215156555175781,273300
1993-12-01,10.666666984558105,10.666666984558105,10.5,10.666666984558105,8.345561981201172,311100
1993-12-02,10.666666984558105,10.666666984558105,10.5,10.666666984558105,8.345561981201172,266400
1993-12-03,10.666666984558105,10.75,10.416666984558105,10.416666984558105,8.1499605178833,731100
1993-12-06,10.583333015441895,10.75,10.416666984558105,10.583333015441895,8.28036117553711,513000
1993-12-07,10.666666984558105,10.666666984558105,10.166666984558105,10.166666984558105,7.954360008239746,358200
1993-12-08,10.166666984558105,10.333333015441895,10.166666984558105,10.166666984558105,7.954360008239746,267600
1993-12-09,10.166666984558105,10.5,10.166666984558105,10.5,8.215156555175781,376500
1993-12-10,10.333333015441895,10.583333015441895,10.333333015441895,10.583333015441895,8.28036117553711,93600
1993-12-13,10.416666984558105,10.583333015441895,10.333333015441895,10.375,8.117361068725586,617100
1993-12-14,10.416666984558105,10.416666984558105,10.166666984558105,10.25,8.019556999206543,270000
1993-12-15,10.416666984558105,10.416666984558105,10.166666984558105,10.25,8.019556999206543,64200
1993-12-16,10.416666984558105,10.416666984558105,10.0,10.0,7.823965072631836,2084700
1993-12-17,10.0,10.166666984558105,9.666666984558105,9.75,7.628363609313965,835800
1993-12-20,9.666666984558105,9.833333015441895,9.333333015441895,9.625,7.5305681228637695,1473300
1993-12-21,9.583333015441895,9.833333015441895,9.583333015441895,9.75,7.628363609313965,382800
1993-12-22,9.75,9.916666984558105,9.583333015441895,9.666666984558105,7.563168525695801,558600
1993-12-23,9.75,10.0,9.75,9.958333015441895,7.791358947753906,641700
1993-12-27,10.0,10.25,9.833333015441895,10.25,8.019556999206543,1428000
1993-12-28,10.25,10.916666984558105,10.25,10.833333015441895,8.475963592529297,968400
1993-12-29,10.916666984558105,11.333333015441895,10.833333015441895,11.166666984558105,8.7367582321167,489600
1993-12-30,11.083333015441895,11.416666984558105,11.083333015441895,11.25,8.801957130432129,228600
1993-12-31,11.25,11.416666984558105,11.25,11.375,8.899758338928223,78900
1994-01-03,11.416666984558105,11.416666984558105,11.166666984558105,11.25,8.801957130432129,252600
1994-01-04,11.333333015441895,11.333333015441895,11.083333015441895,11.083333015441895,8.67155933380127,318900
1994-01-05,11.083333015441895,11.583333015441895,11.083333015441895,11.416666984558105,8.932356834411621,483000
1994-01-06,11.416666984558105,11.916666984558105,11.416666984558105,11.833333015441895,9.258353233337402,1356000
1994-01-07,11.916666984558105,12.25,11.833333015441895,12.083333015441895,9.453954696655273,708000
1994-01-10,12.25,12.333333015441895,12.083333015441895,12.25,9.584357261657715,451500
1994-01-11,12.25,12.333333015441895,11.833333015441895,12.166666984558105,9.519158363342285,1048800
1994-01-12,12.0,12.166666984558105,11.833333015441895,11.916666984558105,9.323554992675781,389700
1994-01-13,12.0,12.0,11.666666984558105,11.916666984558105,9.323554992675781,227700
1994-01-14,11.75,11.916666984558105,11.5,11.583333015441895,9.062758445739746,540600
1994-01-17,11.5,11.833333015441895,11.5,11.833333015441895,9.258353233337402,270900
1994-01-18,11.833333015441895,12.083333015441895,11.666666984558105,11.916666984558105,9.323554992675781,437700
1994-01-19,12.083333015441895,12.166666984558105,11.916666984558105,12.166666984558105,9.519158363342285,208800
1994-01-20,12.166666984558105,12.583333015441895,12.0,12.583333015441895,9.845151901245117,610200
1994-01-21,12.75,12.916666984558105,12.583333015441895,12.833333015441895,10.040749549865723,556200
1994-01-24,12.75,13.0,12.583333015441895,12.833333015441895,10.040749549865723,443400
1994-01-25,12.916666984558105,13.083333015441895,12.666666984558105,13.083333015441895,10.236355781555176,572100
1994-01-26,13.25,13.25,12.916666984558105,13.0,10.171152114868164,434700
1994-01-27,13.0,13.166666984558105,13.0,13.166666984558105,10.30155086517334,613200
1994-01-28,13.166666984558105,13.333333015441895,13.0,13.166666984558105,10.30155086517334,468900
1994-01-31,13.416666984558105,13.416666984558105,13.25,13.25,10.366750717163086,522900
1994-02-01,13.416666984558105,13.416666984558105,13.083333015441895,13.25,10.366750717163086,416100
1994-02-02,13.25,13.25,13.083333015441895,13.166666984558105,10.30155086517334,160800
1994-02-03,13.083333015441895,13.166666984558105,12.916666984558105,13.0,10.171152114868164,808200
1994-02-04,12.916666984558105,13.083333015441895,12.666666984558105,12.666666984558105,9.91035270690918,1418700
1994-02-07,12.5,12.666666984558105,12.5,12.625,9.880352973937988,779400
1994-02-08,12.666666984558105,13.083333015441895,12.5,13.083333015441895,10.239049911499023,699600
1994-02-09,13.416666984558105,13.75,13.25,13.5,10.5651273727417,864000
1994-02-10,13.5,13.5,13.083333015441895,13.083333015441895,10.239049911499023,1570800
1994-02-11,13.25,13.25,13.0,13.041666984558105,10.206439018249512,237600
1994-02-14,13.0,13.166666984558105,12.916666984558105,12.958333015441895,10.141219139099121,565500
1994-02-15,13.0,13.083333015441895,12.916666984558105,13.0,10.173829078674316,741600
1994-02-16,13.083333015441895,13.25,13.0,13.25,10.369482040405273,226500
1994-02-17,13.25,13.25,12.916666984558105,12.916666984558105,10.108612060546875,795600
1994-02-18,13.083333015441895,13.083333015441895,12.916666984558105,13.0,10.173829078674316,395100
1994-02-22,13.083333015441895,13.083333015441895,12.375,12.666666984558105,9.912960052490234,2801400
1994-02-23,12.583333015441895,12.833333015441895,12.5,12.666666984558105,9.912960052490234,1668300
1994-02-24,12.666666984558105,13.083333015441895,12.666666984558105,13.0,10.173829078674316,392700
1994-02-25,13.083333015441895,13.666666984558105,13.083333015441895,13.666666984558105,10.695563316345215,887100
1994-02-28,13.5,13.916666984558105,13.5,13.833333015441895,10.825995445251465,464700
1994-03-01,14.0,14.0,13.666666984558105,13.75,10.76077938079834,679800
1994-03-02,13.75,13.833333015441895,13.416666984558105,13.833333015441895,10.825995445251465,311400
1994-03-03,13.833333015441895,13.916666984558105,13.583333015441895,13.833333015441895,10.825995445251465,124200
1994-03-04,13.75,13.916666984558105,13.75,13.791666984558105,10.793391227722168,403200
1994-03-07,13.75,13.916666984558105,13.75,13.916666984558105,10.891216278076172,251700
1994-03-08,14.0,14.5,13.916666984558105,14.416666984558105,11.282513618469238,336300
1994-03-09,14.583333015441895,14.583333015441895,14.5,14.583333015441895,11.412951469421387,154800
1994-03-10,14.583333015441895,14.75,14.416666984558105,14.75,11.543384552001953,124200
1994-03-11,14.75,14.833333015441895,14.5,14.833333015441895,11.608593940734863,339900
1994-03-14,14.833333015441895,14.916666984558105,14.5,14.583333015441895,11.412951469421387,897600
1994-03-15,14.666666984558105,14.666666984558105,14.416666984558105,14.458333015441895,11.315123558044434,134100
1994-03-16,14.416666984558105,14.583333015441895,14.416666984558105,14.416666984558105,11.282513618469238,621900
1994-03-17,14.583333015441895,14.75,14.416666984558105,14.666666984558105,11.478165626525879,441600
1994-03-18,14.583333015441895,14.75,14.583333015441895,14.583333015441895,11.412951469421387,315000
1994-03-21,14.583333015441895,14.75,14.333333015441895,14.333333015441895,11.217297554016113,353400
1994-03-22,14.25,14.416666984558105,13.666666984558105,13.833333015441895,10.825995445251465,881100
1994-03-23,14.0,14.0,13.75,13.916666984558105,10.891216278076172,202800
1994-03-24,13.75,14.0,13.583333015441895,13.916666984558105,10.891216278076172,1019700
1994-03-25,13.75,14.0,13.583333015441895,13.666666984558105,10.695563316345215,504900
1994-03-28,13.666666984558105,13.666666984558105,12.833333015441895,13.083333015441895,10.239049911499023,390600
1994-03-29,12.666666984558105,12.791666984558105,11.916666984558105,11.916666984558105,9.326008796691895,2079000
1994-03-30,11.916666984558105,12.125,11.5,12.083333015441895,9.456441879272461,968400
1994-03-31,12.25,12.25,11.666666984558105,11.833333015441895,9.260790824890137,709500
1994-04-04,11.75,11.833333015441895,11.541666984558105,11.75,9.195575714111328,445800
1994-04-05,11.75,13.25,11.583333015441895,13.125,10.271653175354004,661800
1994-04-06,13.208333015441895,13.208333015441895,12.791666984558105,13.0,10.173829078674316,317400
1994-04-07,13.333333015441895,13.458333015441895,13.25,13.458333015441895,10.532522201538086,266700
1994-04-08,13.375,13.416666984558105,13.208333015441895,13.25,10.369482040405273,268800
1994-04-11,13.291666984558105,13.333333015441895,13.166666984558105,13.291666984558105,10.402091979980469,81600
1994-04-12,13.333333015441895,13.333333015441895,13.083333015441895,13.125,10.271653175354004,120000
1994-04-13,13.083333015441895,13.083333015441895,12.583333015441895,12.875,10.076004981994629,200700
1994-04-14,12.791666984558105,12.791666984558105,12.625,12.708333015441895,9.945570945739746,66900
1994-04-15,12.75,12.75,12.416666984558105,12.458333015441895,9.749918937683105,157200
1994-04-18,12.458333015441895,12.5,11.666666984558105,11.791666984558105,9.228182792663574,161100
1994-04-19,11.708333015441895,11.708333015441895,10.833333015441895,11.291666984558105,8.836883544921875,661500
1994-04-20,11.375,11.541666984558105,11.0,11.041666984558105,8.641233444213867,167100
1994-04-21,10.791666984558105,11.291666984558105,10.75,11.291666984558105,8.836883544921875,351600
1994-04-22,11.333333015441895,11.375,11.041666984558105,11.041666984558105,8.641233444213867,101100
1994-04-25,11.083333015441895,11.833333015441895,11.083333015441895,11.75,9.195575714111328,754500
1994-04-26,11.916666984558105,12.416666984558105,11.916666984558105,12.208333015441895,9.554269790649414,414000
1994-04-28,12.416666984558105,14.333333015441895,12.416666984558105,14.0,10.956427574157715,1194600
1994-04-29,13.916666984558105,15.416666984558105,13.833333015441895,14.708333015441895,11.510772705078125,1058400
1994-05-02,14.5,14.5,13.625,14.333333015441895,11.217297554016113,749100
1994-05-03,14.208333015441895,14.833333015441895,14.208333015441895,14.791666984558105,11.575992584228516,479400
1994-05-04,14.875,15.291666984558105,14.5,15.125,11.836853981018066,429000
1994-05-05,14.75,14.75,14.041666984558105,14.208333015441895,11.119474411010742,352800
1994-05-06,14.125,14.583333015441895,14.083333015441895,14.5,11.34773063659668,500400
1994-05-09,14.5,14.5,14.25,14.375,11.249908447265625,236100
1994-05-10,14.25,14.333333015441895,13.958333015441895,14.0,10.958971977233887,161400
1994-05-11,14.083333015441895,14.125,13.25,13.5,10.567577362060547,508500
1994-05-12,13.583333015441895,14.0,13.541666984558105,14.0,10.958971977233887,647400
1994-05-13,13.958333015441895,13.958333015441895,13.833333015441895,13.916666984558105,10.89374828338623,207900
1994-05-16,13.875,13.958333015441895,13.833333015441895,13.958333015441895,10.926356315612793,132600
1994-05-17,13.958333015441895,13.958333015441895,13.208333015441895,13.666666984558105,10.698042869567871,347100
1994-05-18,13.791666984558105,13.875,13.75,13.75,10.763273239135742,274800
1994-05-19,13.708333015441895,13.75,13.541666984558105,13.625,10.665427207946777,135000
1994-05-20,13.458333015441895,13.5,13.25,13.291666984558105,10.404504776000977,319800
1994-05-23,13.333333015441895,13.375,13.208333015441895,13.25,10.37188720703125,70200
1994-05-24,13.333333015441895,13.333333015441895,12.708333015441895,12.708333015441895,9.94787883758545,294300
1994-05-25,12.708333015441895,12.708333015441895,12.125,12.333333015441895,9.65433120727539,370500
1994-05-26,12.333333015441895,12.375,12.0,12.291666984558105,9.621719360351562,453600
1994-05-27,12.291666984558105,12.375,12.25,12.333333015441895,9.65433120727539,100500
1994-05-31,12.25,12.958333015441895,12.25,12.833333015441895,10.045726776123047,709200
1994-06-01,12.833333015441895,13.916666984558105,12.791666984558105,13.458333015441895,10.534964561462402,528000
1994-06-02,13.5,13.5,13.208333015441895,13.208333015441895,10.339268684387207,65400
1994-06-03,13.208333015441895,13.75,13.208333015441895,13.375,10.469731330871582,134700
1994-06-06,13.416666984558105,13.458333015441895,13.166666984558105,13.25,10.37188720703125,64500
1994-06-07,13.25,13.25,13.083333015441895,13.208333015441895,10.339268684387207,72600
1994-06-08,13.166666984558105,13.166666984558105,12.916666984558105,12.958333015441895,10.143572807312012,77100
1994-06-09,12.875,12.916666984558105,12.791666984558105,12.791666984558105,10.013108253479004,105000
1994-06-10,12.833333015441895,13.125,12.833333015441895,13.0,10.176188468933105,82800
1994-06-13,13.083333015441895,13.291666984558105,13.083333015441895,13.208333015441895,10.339268684387207,38400
1994-06-14,13.208333015441895,13.458333015441895,13.208333015441895,13.458333015441895,10.534964561462402,65400
1994-06-15,13.458333015441895,13.541666984558105,13.333333015441895,13.375,10.469731330871582,55800
1994-06-16,13.458333015441895,13.458333015441895,13.333333015441895,13.333333015441895,10.437113761901855,55200
1994-06-17,13.416666984558105,13.416666984558105,13.083333015441895,13.083333015441895,10.241421699523926,93300
1994-06-20,12.791666984558105,12.833333015441895,12.5,12.5,9.784796714782715,120900
1994-06-21,12.583333015441895,12.791666984558105,12.5,12.5,9.784796714782715,138900
1994-06-22,12.541666984558105,12.583333015441895,12.5,12.541666984558105,9.817414283752441,3093900
1994-06-23,12.583333015441895,12.75,12.5,12.666666984558105,9.915261268615723,1265700
1994-06-24,12.583333015441895,12.625,12.375,12.458333015441895,9.752182006835938,825300
1994-06-27,12.458333015441895,12.458333015441895,12.25,12.333333015441895,9.65433120727539,567000
1994-06-28,12.416666984558105,12.458333015441895,12.333333015441895,12.416666984558105,9.719560623168945,774300
1994-06-29,12.375,12.458333015441895,12.291666984558105,12.375,9.686948776245117,324900
1994-06-30,12.458333015441895,12.458333015441895,12.166666984558105,12.208333015441895,9.556482315063477,479100
1994-07-01,12.25,12.375,12.0,12.083333015441895,9.458633422851562,178200
1994-07-05,12.375,12.375,12.083333015441895,12.208333015441895,9.556482315063477,194700
1994-07-06,12.333333015441895,12.625,12.208333015441895,12.208333015441895,9.556482315063477,839400
1994-07-07,12.625,12.833333015441895,12.333333015441895,12.458333015441895,9.752182006835938,730200
1994-07-08,12.458333015441895,13.0,12.333333015441895,12.75,9.980487823486328,1202700
1994-07-11,12.75,13.333333015441895,12.75,13.25,10.37188720703125,390900
1994-07-12,13.25,14.0,13.125,13.833333015441895,10.828509330749512,480300
1994-07-13,14.0,14.083333015441895,13.75,13.791666984558105,10.795893669128418,338400
1994-07-14,13.791666984558105,14.0,13.791666984558105,13.958333015441895,10.926356315612793,464100
1994-07-15,13.916666984558105,14.125,13.916666984558105,14.0,10.958971977233887,274200
1994-07-18,14.0,14.666666984558105,14.0,14.666666984558105,11.480828285217285,279900
1994-07-19,14.75,14.916666984558105,14.75,14.75,11.546059608459473,697800
1994-07-20,14.5,14.541666984558105,14.125,14.166666984558105,11.089437484741211,312300
1994-07-21,14.166666984558105,14.333333015441895,14.166666984558105,14.166666984558105,11.089437484741211,75600
1994-07-22,14.166666984558105,14.416666984558105,14.041666984558105,14.125,11.056825637817383,216000
1994-07-25,14.208333015441895,14.583333015441895,14.208333015441895,14.5,11.350363731384277,202500
1994-07-26,14.666666984558105,14.666666984558105,14.458333015441895,14.625,11.448212623596191,159300
1994-07-27,14.541666984558105,14.875,14.5,14.833333015441895,11.61129093170166,372300
1994-07-28,14.833333015441895,14.833333015441895,14.5,14.625,11.448212623596191,641100
1994-07-29,14.666666984558105,14.958333015441895,14.666666984558105,14.916666984558105,11.676526069641113,297900
1994-08-01,15.0,15.166666984558105,14.958333015441895,14.958333015441895,11.709138870239258,693000
1994-08-02,15.25,15.75,15.208333015441895,15.708333015441895,12.29622745513916,1103400
1994-08-03,15.791666984558105,16.166667938232422,15.791666984558105,16.041667938232422,12.557157516479492,757200
1994-08-04,16.0,16.0,15.458333015441895,15.666666984558105,12.263609886169434,827100
1994-08-05,15.625,15.666666984558105,15.458333015441895,15.5,12.133148193359375,327000
1994-08-08,15.5,15.708333015441895,15.083333015441895,15.625,12.23099422454834,283500
1994-08-09,15.583333015441895,15.916666984558105,15.583333015441895,15.875,12.429346084594727,272700
1994-08-10,15.875,15.875,15.541666984558105,15.583333015441895,12.200982093811035,251700
1994-08-11,15.583333015441895,15.791666984558105,15.5,15.666666984558105,12.266227722167969,361200
1994-08-12,15.875,16.083332061767578,15.75,15.833333015441895,12.396717071533203,357600
1994-08-15,15.916666984558105,15.916666984558105,15.833333015441895,15.875,12.429346084594727,189600
1994-08-16,15.916666984558105,15.916666984558105,15.791666984558105,15.833333015441895,12.396717071533203,253200
1994-08-17,15.875,15.958333015441895,15.791666984558105,15.875,12.429346084594727,392700
1994-08-18,15.875,15.916666984558105,15.75,15.75,12.331474304199219,476400
1994-08-19,15.666666984558105,15.708333015441895,15.291666984558105,15.291666984558105,11.972620964050293,280800
1994-08-22,15.291666984558105,15.291666984558105,14.541666984558105,14.541666984558105,11.38541030883789,487200
1994-08-23,15.0,15.166666984558105,14.958333015441895,15.083333015441895,11.809505462646484,1548600
1994-08-24,15.166666984558105,15.791666984558105,15.083333015441895,15.75,12.331474304199219,809100
1994-08-25,15.75,15.833333015441895,15.416666984558105,15.833333015441895,12.396717071533203,342300
1994-08-26,15.916666984558105,16.541667938232422,15.666666984558105,16.416667938232422,12.85344409942627,382800
1994-08-29,16.375,16.625,16.333332061767578,16.5,12.918684005737305,288900
1994-08-30,16.416667938232422,16.416667938232422,16.125,16.25,12.722951889038086,629700
1994-08-31,16.166667938232422,16.666667938232422,16.125,16.5,12.918684005737305,316800
1994-09-01,16.416667938232422,16.5,16.125,16.25,12.722951889038086,361800
1994-09-02,16.25,16.416667938232422,16.25,16.291667938232422,12.755575180053711,182100
1994-09-06,16.208332061767578,16.208332061767578,15.875,15.958333015441895,12.494586944580078,108000
1994-09-07,15.875,15.958333015441895,15.375,15.5,12.135738372802734,192900
1994-09-08,15.583333015441895,15.875,15.5,15.833333015441895,12.396717071533203,379200
1994-09-09,15.708333015441895,15.708333015441895,15.083333015441895,15.375,12.037871360778809,156900
1994-09-12,15.333333015441895,15.333333015441895,14.916666984558105,14.958333015441895,11.711636543273926,221100
1994-09-13,15.125,15.375,15.125,15.25,11.939997673034668,201000
1994-09-14,15.208333015441895,15.291666984558105,15.0,15.083333015441895,11.809505462646484,189600
1994-09-15,15.083333015441895,15.291666984558105,15.0,15.25,11.939997673034668,286800
1994-09-16,15.333333015441895,15.333333015441895,14.833333015441895,15.0,11.74425983428955,591900
1994-09-19,14.958333015441895,15.0,14.916666984558105,15.0,11.74425983428955,329100
1994-09-20,14.958333015441895,15.0,14.708333015441895,14.958333015441895,11.711636543273926,196800
1994-09-21,14.875,15.0,14.75,14.875,11.64638900756836,206700
1994-09-22,14.833333015441895,14.916666984558105,14.75,14.791666984558105,11.581147193908691,176700
1994-09-23,14.833333015441895,15.0,14.75,14.791666984558105,11.581147193908691,318000
1994-09-26,14.791666984558105,15.125,14.791666984558105,15.083333015441895,11.809505462646484,605400
1994-09-27,15.083333015441895,15.208333015441895,15.041666984558105,15.125,11.842132568359375,131400
1994-09-28,15.125,15.833333015441895,15.125,15.666666984558105,12.266227722167969,359700
1994-09-29,15.666666984558105,16.166667938232422,15.666666984558105,16.041667938232422,12.559833526611328,209100
1994-09-30,16.666667938232422,16.708332061767578,16.416667938232422,16.708332061767578,13.08180046081543,724500
1994-10-03,16.666667938232422,17.333332061767578,16.583332061767578,17.125,13.408032417297363,573300
1994-10-04,17.166667938232422,17.291667938232422,16.541667938232422,16.583332061767578,12.983926773071289,455100
1994-10-05,16.541667938232422,16.625,16.125,16.333332061767578,12.788192749023438,209400
1994-10-06,16.333332061767578,16.541667938232422,16.333332061767578,16.375,12.820819854736328,79500
1994-10-07,16.333332061767578,16.375,16.125,16.125,12.625081062316895,204600
1994-10-10,16.208332061767578,16.208332061767578,15.916666984558105,15.916666984558105,12.461965560913086,162900
1994-10-11,15.916666984558105,16.125,15.875,16.0,12.527207374572754,434400
1994-10-12,16.083332061767578,16.583332061767578,16.0,16.416667938232422,12.85344409942627,222000
1994-10-13,16.416667938232422,16.666667938232422,16.416667938232422,16.458332061767578,12.886066436767578,229200
1994-10-14,16.583332061767578,16.625,16.416667938232422,16.458332061767578,12.886066436767578,126300
1994-10-17,16.416667938232422,16.458332061767578,16.166667938232422,16.291667938232422,12.755575180053711,120000
1994-10-18,16.291667938232422,16.333332061767578,16.208332061767578,16.208332061767578,12.690320014953613,37200
1994-10-19,16.25,16.25,16.0,16.041667938232422,12.559833526611328,63300
1994-10-20,16.041667938232422,16.041667938232422,15.791666984558105,15.875,12.429346084594727,59400
1994-10-21,15.833333015441895,15.833333015441895,15.666666984558105,15.791666984558105,12.364094734191895,172500
1994-10-24,15.833333015441895,16.166667938232422,15.833333015441895,16.041667938232422,12.559833526611328,290700
1994-10-25,16.0,16.0,15.791666984558105,15.958333015441895,12.494586944580078,120900
1994-10-26,15.875,15.916666984558105,15.791666984558105,15.791666984558105,12.364094734191895,67200
1994-10-27,15.833333015441895,16.5,15.833333015441895,16.458332061767578,12.886066436767578,714300
1994-10-28,16.5,17.833332061767578,16.5,17.5,13.701634407043457,472200
1994-10-31,17.583332061767578,18.375,17.5,18.333332061767578,14.35409164428711,390600
1994-11-01,17.833332061767578,17.833332061767578,17.458332061767578,17.458332061767578,13.669012069702148,485400
1994-11-02,17.5,17.541667938232422,17.166667938232422,17.166667938232422,13.440652847290039,102600
1994-11-03,17.125,17.416667938232422,16.958332061767578,16.958332061767578,13.277534484863281,260700
1994-11-04,16.833332061767578,16.875,16.666667938232422,16.666667938232422,13.04918098449707,342300
1994-11-07,16.666667938232422,17.0,16.666667938232422,16.958332061767578,13.277534484863281,292500
1994-11-08,16.833332061767578,17.0,16.708332061767578,16.916667938232422,13.24752426147461,163800
1994-11-09,17.0,17.416667938232422,17.0,17.166667938232422,13.443294525146484,333600
1994-11-10,17.125,17.25,16.708332061767578,16.708332061767578,13.084370613098145,119400
1994-11-11,16.75,16.770832061767578,16.416667938232422,16.416667938232422,12.855971336364746,249300
1994-11-14,16.416667938232422,17.333332061767578,16.375,17.208332061767578,13.475924491882324,353100
1994-11-15,17.291667938232422,17.541667938232422,17.166667938232422,17.291667938232422,13.54118824005127,185700
1994-11-16,17.291667938232422,17.291667938232422,17.0,17.041667938232422,13.34540843963623,292800
1994-11-17,17.041667938232422,17.041667938232422,16.375,16.583332061767578,12.986479759216309,297300
1994-11-18,16.541667938232422,16.666667938232422,16.541667938232422,16.625,13.019116401672363,75300
1994-11-21,16.625,16.666667938232422,15.583333015441895,15.625,12.23600959777832,873600
1994-11-22,15.625,15.666666984558105,15.208333015441895,15.208333015441895,11.909717559814453,244200
1994-11-23,15.0,15.083333015441895,14.666666984558105,14.958333015441895,11.713939666748047,269400
1994-11-25,14.958333015441895,15.458333015441895,14.875,15.458333015441895,12.105489730834961,146700
1994-11-28,15.5,15.875,15.375,15.5,12.138124465942383,120000
1994-11-29,15.5,15.541666984558105,15.125,15.333333015441895,12.00760555267334,280200
1994-11-30,15.416666984558105,15.541666984558105,15.166666984558105,15.208333015441895,11.909717559814453,86400
1994-12-01,15.208333015441895,15.208333015441895,14.333333015441895,14.666666984558105,11.485535621643066,682500
1994-12-02,14.75,14.75,14.5,14.5,11.35501766204834,249900
1994-12-05,14.5,14.541666984558105,13.958333015441895,13.958333015441895,10.93083667755127,360600
1994-12-06,13.166666984558105,13.333333015441895,12.708333015441895,13.333333015441895,10.441393852233887,2958000
1994-12-07,13.666666984558105,13.916666984558105,13.458333015441895,13.458333015441895,10.53928279876709,2113800
1994-12-08,13.625,13.625,12.583333015441895,12.625,9.886699676513672,968100
1994-12-09,12.666666984558105,12.791666984558105,12.458333015441895,12.583333015441895,9.854063987731934,518700
1994-12-12,12.5,12.541666984558105,12.166666984558105,12.25,9.593033790588379,599700
1994-12-13,12.291666984558105,12.958333015441895,12.291666984558105,12.916666984558105,10.115104675292969,948900
1994-12-14,13.0,13.5,13.0,13.291666984558105,10.408772468566895,606000
1994-12-15,13.458333015441895,13.458333015441895,13.333333015441895,13.416666984558105,10.5066556930542,805200
1994-12-16,13.5,14.8125,13.5,14.375,11.257128715515137,468600
1994-12-19,14.4375,14.8125,14.25,14.4375,11.306072235107422,299600
1994-12-20,14.5,15.0,14.5,14.875,11.648677825927734,636600
1994-12-21,14.75,14.9375,14.5,14.5625,11.403963088989258,230000
1994-12-22,14.6875,15.125,14.6875,14.9375,11.697626113891602,339400
1994-12-23,14.9375,15.0625,14.9375,15.0625,11.795514106750488,65800
1994-12-27,15.125,15.25,15.0,15.0,11.74656867980957,145600
1994-12-28,15.0,15.0625,15.0,15.0625,11.795514106750488,92200
1994-12-29,14.9375,15.0,14.6875,15.0,11.74656867980957,279200
1994-12-30,15.0,15.1875,14.875,15.1875,11.893403053283691,203200
1995-01-03,15.25,15.4375,14.75,14.8125,11.599735260009766,151200
1995-01-04,14.8125,14.9375,14.8125,14.875,11.648677825927734,66800
1995-01-05,14.875,14.9375,14.75,14.75,11.550793647766113,236400
1995-01-06,14.8125,15.25,14.75,14.8125,11.599735260009766,373800
1995-01-09,14.8125,15.125,14.8125,15.0,11.74656867980957,249400
1995-01-10,15.0625,15.0625,14.75,14.875,11.648677825927734,47600
1995-01-11,15.375,15.375,14.9375,15.0,11.74656867980957,244000
1995-01-12,14.9375,15.3125,14.9375,15.25,11.942343711853027,328000
1995-01-13,15.25,15.25,15.125,15.25,11.942343711853027,168600
1995-01-16,15.25,15.75,15.25,15.75,12.333898544311523,448200
1995-01-17,15.75,15.9375,15.75,15.9375,12.480732917785645,325400
1995-01-18,15.875,15.875,15.5625,15.75,12.333898544311523,420400
1995-01-19,15.6875,15.75,15.25,15.375,12.040238380432129,195200
1995-01-20,15.375,15.375,15.125,15.25,11.942343711853027,277800
1995-01-23,15.125,15.125,14.875,15.0,11.74656867980957,197600
1995-01-24,15.0,15.375,15.0,15.25,11.942343711853027,139200
1995-01-25,15.1875,15.375,15.0,15.0,11.74656867980957,148600
1995-01-26,14.875,15.1875,14.875,15.125,11.84445858001709,302200
1995-01-27,15.1875,15.3125,15.1875,15.1875,11.893403053283691,109600
1995-01-30,15.1875,15.3125,14.75,14.9375,11.697626113891602,361000
1995-01-31,14.875,14.9375,14.5,14.6875,11.501849174499512,165000
1995-02-01,14.75,14.875,14.6875,14.6875,11.501849174499512,163400
1995-02-02,14.75,14.75,14.5,14.625,11.45290470123291,120400
1995-02-03,14.5,14.6875,14.25,14.375,11.257128715515137,907800
1995-02-06,14.1875,14.1875,13.6875,14.0,10.963459014892578,766000
1995-02-07,14.5625,14.5625,13.9375,14.125,11.061352729797363,583800
1995-02-08,14.75,15.1875,13.6875,13.875,10.86557388305664,1496200
1995-02-09,14.25,14.4375,13.875,13.9375,10.914517402648926,1021600
1995-02-10,14.0,14.1875,14.0,14.125,11.061352729797363,242600
1995-02-13,14.0625,14.1875,13.875,13.9375,10.914517402648926,463000
1995-02-14,13.9375,14.0,13.875,14.0,10.967395782470703,496200
1995-02-15,13.9375,14.125,13.9375,14.0625,11.016364097595215,464000
1995-02-16,14.125,14.1875,13.9375,14.125,11.065323829650879,170400
1995-02-17,14.0625,14.1875,13.9375,14.0625,11.016364097595215,92400
1995-02-21,14.0,14.1875,13.875,13.875,10.869475364685059,524400
1995-02-22,13.875,14.0,13.5625,13.75,10.771554946899414,1403200
1995-02-23,13.875,14.125,13.75,13.8125,10.820512771606445,258400
1995-02-24,13.875,13.9375,13.5625,13.625,10.673630714416504,330600
1995-02-27,13.625,13.625,13.0,13.0,10.184020042419434,340400
1995-02-28,13.1875,13.1875,12.875,12.9375,10.135051727294922,369800
1995-03-01,13.0,13.375,13.0,13.375,10.477783203125,458200
1995-03-02,13.375,13.375,13.1875,13.375,10.477783203125,223000
1995-03-03,13.3125,13.375,13.25,13.25,10.379862785339355,791600
1995-03-06,13.1875,13.25,12.9375,13.0,10.184020042419434,557600
1995-03-07,13.0625,13.0625,12.375,12.5,9.792320251464844,256000
1995-03-08,12.5625,12.96875,12.5625,12.875,10.086091041564941,472800
1995-03-09,12.875,13.1875,12.875,13.0,10.184020042419434,817000
1995-03-10,12.875,13.6875,12.875,13.375,10.477783203125,390000
1995-03-13,13.625,13.75,13.5625,13.6875,10.7225923538208,373200
1995-03-14,13.6875,14.0,13.6875,13.9375,10.91843318939209,404200
1995-03-15,14.0,15.1875,13.9375,14.875,11.652859687805176,1176000
1995-03-16,14.9375,15.375,14.8125,14.875,11.652859687805176,369000
1995-03-17,14.8125,15.0,14.5625,14.9375,11.701822280883789,442000
1995-03-20,15.0,15.25,15.0,15.125,11.848711013793945,202800
1995-03-21,15.0,15.0625,14.8125,14.9375,11.701822280883789,114000
1995-03-22,14.9375,15.0,14.875,14.9375,11.701822280883789,179600
1995-03-23,15.0,15.4375,15.0,15.3125,11.995591163635254,197800
1995-03-24,15.375,15.375,15.0625,15.25,11.94662857055664,122400
1995-03-27,15.25,15.4375,15.1875,15.3125,11.995591163635254,461600
1995-03-28,15.375,15.375,15.1875,15.375,12.044559478759766,182200
1995-03-29,16.3125,16.5,15.375,15.375,12.044559478759766,393400
1995-03-30,15.6875,16.3125,15.625,16.1875,12.681052207946777,526800
1995-03-31,16.125,16.625,15.6875,16.5625,12.974823951721191,296400
1995-04-03,16.5625,16.5625,16.0625,16.125,12.632096290588379,291200
1995-04-04,16.0625,16.4375,16.0625,16.25,12.730016708374023,136600
1995-04-05,16.25,16.5,16.25,16.4375,12.876904487609863,143600
1995-04-06,16.5625,16.875,16.3125,16.3125,12.778980255126953,899600
1995-04-07,16.5,16.875,16.5,16.625,13.023785591125488,435200
1995-04-10,16.75,17.5,16.75,17.1875,13.46444034576416,376800
1995-04-11,17.25,17.5,17.1875,17.5,13.709244728088379,214400
1995-04-12,17.375,17.75,17.375,17.625,13.807177543640137,345400
1995-04-13,17.75,18.125,17.625,17.8125,13.954052925109863,499000
1995-04-17,17.9375,18.1875,17.75,17.75,13.90510082244873,164800
1995-04-18,17.6875,17.8125,17.25,17.625,13.807177543640137,265600
1995-04-19,17.5625,17.6875,17.375,17.4375,13.66029167175293,319600
1995-04-20,17.4375,17.5,17.3125,17.4375,13.66029167175293,454400
1995-04-21,17.4375,17.5625,17.375,17.5,13.709244728088379,180400
1995-04-24,17.5625,17.5625,17.25,17.5,13.709244728088379,176800
1995-04-25,17.4375,17.75,17.4375,17.75,13.90510082244873,121000
1995-04-26,17.875,18.4375,17.875,18.25,14.29679012298584,271400
1995-04-27,18.4375,18.625,17.5,17.875,14.003020286560059,363000
1995-04-28,17.875,18.0,17.75,17.8125,13.954052925109863,237200
1995-05-01,17.9375,18.0,17.8125,17.875,14.003020286560059,277000
1995-05-02,17.8125,17.875,17.75,17.875,14.003020286560059,371200
1995-05-03,17.8125,18.0,17.75,17.875,14.003020286560059,88200
1995-05-04,17.9375,17.9375,17.75,17.75,13.90510082244873,207200
1995-05-05,17.75,17.75,16.625,17.125,13.415478706359863,342600
1995-05-08,17.125,17.125,16.9375,17.0,13.317562103271484,106600
1995-05-09,17.125,17.3125,17.0,17.3125,13.56236743927002,320200
1995-05-10,17.25,17.5,17.125,17.4375,13.66423225402832,172800
1995-05-11,17.375,18.25,17.375,18.1875,14.25194263458252,1505200
1995-05-12,18.125,18.8125,18.0625,18.8125,14.741703987121582,373200
1995-05-15,18.9375,19.875,18.8125,19.3125,15.13350772857666,510800
1995-05-16,19.3125,19.9375,19.3125,19.625,15.378384590148926,580000
1995-05-17,19.625,19.8125,19.4375,19.5,15.280435562133789,348600
1995-05-18,19.5625,19.9375,19.375,19.375,15.18248176574707,228000
1995-05-19,19.25,19.25,18.3125,18.875,14.79067611694336,325400
1995-05-22,18.9375,20.5,18.875,20.1875,15.819175720214844,576800
1995-05-23,20.0625,20.0625,19.375,19.375,15.18248176574707,478600
1995-05-24,19.375,19.4375,18.8125,18.9375,14.839654922485352,232800
1995-05-25,18.9375,19.25,18.9375,19.0,14.888626098632812,231800
1995-05-26,19.0625,19.0625,18.8125,18.9375,14.839654922485352,120600
1995-05-30,19.0,19.1875,18.8125,18.9375,14.839654922485352,65800
1995-05-31,18.9375,19.0,18.625,18.9375,14.839654922485352,298600
1995-06-01,18.9375,19.1875,18.875,19.0,14.888626098632812,82400
1995-06-02,18.75,18.8125,18.625,18.625,14.594770431518555,77800
1995-06-05,18.75,18.8125,18.5,18.75,14.69272518157959,219200
1995-06-06,18.75,19.0,18.6875,18.8125,14.741703987121582,107800
1995-06-07,18.8125,19.0,18.6875,18.8125,14.741703987121582,252600
1995-06-08,18.8125,18.8125,18.625,18.625,14.594770431518555,409000
1995-06-09,18.625,18.75,18.5625,18.75,14.69272518157959,160600
1995-06-12,18.75,18.875,18.6875,18.75,14.69272518157959,454000
1995-06-13,18.75,19.0625,18.75,19.0,14.888626098632812,206000
1995-06-14,19.0,19.625,19.0,19.5625,15.329405784606934,534800
1995-06-15,19.5,19.625,19.1875,19.375,15.18248176574707,525200
1995-06-16,19.3125,19.375,19.125,19.1875,15.035558700561523,57200
1995-06-19,19.25,19.375,19.125,19.25,15.08453369140625,365800
1995-06-20,19.25,19.6875,19.25,19.625,15.378384590148926,76200
1995-06-21,19.6875,19.8125,19.375,19.75,15.476339340209961,277000
1995-06-22,19.875,19.875,19.4375,19.4375,15.231454849243164,121600
1995-06-23,19.5625,19.625,19.1875,19.25,15.08453369140625,366600
1995-06-26,19.4375,19.4375,19.25,19.25,15.08453369140625,60400
1995-06-27,19.25,19.3125,19.125,19.25,15.08453369140625,169600
1995-06-28,19.25,19.25,18.8125,18.875,14.79067611694336,89200
1995-06-29,18.75,18.75,18.375,18.5625,14.545797348022461,235000
1995-06-30,18.5625,18.875,18.375,18.75,14.69272518157959,223200
1995-07-03,18.8125,19.0625,18.8125,19.0625,14.937607765197754,19800
1995-07-05,19.1875,20.1875,19.1875,20.1875,15.819175720214844,330200
1995-07-06,20.125,21.9375,20.0,21.875,17.141510009765625,524000
1995-07-07,21.5,22.5,21.4375,22.3125,17.484344482421875,450400
1995-07-10,22.1875,22.625,22.0625,22.625,17.72922134399414,346800
1995-07-11,22.625,22.625,22.25,22.375,17.533315658569336,450000
1995-07-12,22.375,22.375,21.875,22.25,17.43536949157715,317800
1995-07-13,21.875,21.9375,21.5,21.5625,16.896635055541992,484400
1995-07-14,21.6875,22.125,21.125,22.125,17.337419509887695,304000
1995-07-17,22.25,22.875,22.25,22.5625,17.68024253845215,135600
1995-07-18,22.6875,22.875,22.4375,22.5625,17.68024253845215,314000
1995-07-19,22.5,22.5625,21.5625,21.8125,17.0925350189209,482200
1995-07-20,21.8125,22.375,21.75,22.3125,17.484344482421875,441400
1995-07-21,22.3125,23.5625,22.3125,23.0,18.023073196411133,466800
1995-07-24,23.125,23.125,22.75,22.875,17.92512321472168,244000
1995-07-25,22.875,24.3125,22.75,24.1875,18.95361328125,842400
1995-07-26,24.5625,24.8125,24.3125,24.375,19.100542068481445,168800
1995-07-27,24.25,24.25,23.3125,24.25,19.00258445739746,639600
1995-07-28,24.3125,25.3125,24.3125,25.3125,19.835186004638672,321400
1995-07-31,25.3125,26.8125,25.3125,26.8125,21.01059913635254,573000
1995-08-01,26.6875,27.3125,25.4375,25.75,20.17801284790039,778000
1995-08-02,25.8125,26.375,25.25,25.25,19.786203384399414,517200
1995-08-03,24.9375,25.0625,24.75,24.875,19.492345809936523,146800
1995-08-04,24.9375,25.125,24.6875,24.75,19.394393920898438,206200
1995-08-07,24.5625,24.5625,24.0,24.0,18.806692123413086,168800
1995-08-08,24.125,25.5,24.125,25.25,19.786203384399414,517200
1995-08-09,25.1875,25.5,25.1875,25.5,19.98210906982422,195800
1995-08-10,25.5,25.625,25.25,25.3125,19.835186004638672,262400
1995-08-11,25.3125,25.3125,25.0,25.125,19.692138671875,84600
1995-08-14,25.125,25.4375,25.0,25.375,19.888086318969727,142800
1995-08-15,25.5,25.75,25.4375,25.6875,20.133010864257812,123800
1995-08-16,25.6875,26.4375,25.5625,26.3125,20.62286376953125,166600
1995-08-17,26.1875,26.1875,24.625,25.125,19.692138671875,1046400
1995-08-18,25.0,25.5,25.0,25.375,19.888086318969727,253800
1995-08-21,25.5,25.8125,25.375,25.4375,19.937068939208984,158200
1995-08-22,25.25,25.25,24.8125,25.0,19.594160079956055,81000
1995-08-23,25.0625,25.0625,24.25,24.3125,19.055328369140625,232200
1995-08-24,24.3125,24.375,23.25,23.75,18.614458084106445,256000
1995-08-25,23.8125,24.3125,23.375,23.6875,18.565473556518555,173000
1995-08-28,23.8125,24.75,23.6875,24.1875,18.95735740661621,245600
1995-08-29,24.1875,24.3125,24.0625,24.25,19.006345748901367,107800
1995-08-30,24.1875,24.4375,24.0625,24.25,19.006345748901367,113600
1995-08-31,24.3125,24.625,24.1875,24.3125,19.055328369140625,98800
1995-09-01,24.4375,25.0625,24.4375,24.9375,19.54517936706543,125600
1995-09-05,24.875,24.875,24.5,24.6875,19.3492431640625,292800
1995-09-06,24.75,24.875,24.375,24.375,19.104307174682617,162400
1995-09-07,24.5,25.375,24.375,25.3125,19.83909797668457,284600
1995-09-08,25.3125,25.3125,25.0,25.125,19.692138671875,213200
1995-09-11,25.375,25.375,25.0625,25.0625,19.643157958984375,118200
1995-09-12,25.0,25.1875,24.875,25.1875,19.741119384765625,133600
1995-09-13,25.125,26.0,25.125,25.875,20.27996253967285,115600
1995-09-14,25.9375,26.5625,25.9375,26.375,20.671846389770508,223400
1995-09-15,26.4375,26.6875,26.4375,26.6875,20.916772842407227,82400
1995-09-18,26.5625,26.5625,26.25,26.5,20.769819259643555,105000
1995-09-19,24.9375,25.4375,24.5625,25.4375,19.937068939208984,578000
1995-09-20,25.4375,25.625,25.1875,25.625,20.084016799926758,264600
1995-09-21,25.5,25.5,25.125,25.1875,19.741119384765625,83200
1995-09-22,25.1875,25.1875,24.0,24.375,19.104307174682617,527200
1995-09-25,24.375,24.4375,23.6875,23.75,18.614458084106445,242200
1995-09-26,23.75,23.875,22.9375,22.9375,17.97765350341797,291600
1995-09-27,22.75,22.875,22.375,22.5,17.634750366210938,334200
1995-09-28,22.375,22.625,21.8125,22.5625,17.683740615844727,285000
1995-09-29,22.625,22.875,22.5,22.75,17.830692291259766,284600
1995-10-02,22.8125,22.8125,22.375,22.5,17.634750366210938,123400
1995-10-03,22.4375,22.6875,22.4375,22.625,17.73271942138672,175400
1995-10-04,22.5625,22.625,22.375,22.4375,17.585769653320312,179400
1995-10-05,22.4375,22.4375,21.8125,21.875,17.144899368286133,65800
1995-10-06,21.8125,21.875,21.25,21.8125,17.095911026000977,592400
1995-10-09,21.6875,21.875,21.5,21.5,16.850982666015625,188800
1995-10-10,21.375,21.375,21.0,21.3125,16.704029083251953,118800
1995-10-11,21.4375,21.75,21.4375,21.5625,16.89997673034668,136800
1995-10-12,21.375,22.1875,21.3125,22.0625,17.291854858398438,252800
1995-10-13,22.1875,22.9375,22.1875,22.3125,17.487794876098633,485400
1995-10-16,22.375,23.1875,22.375,23.0,18.02664566040039,197800
1995-10-17,22.875,22.9375,22.5,22.75,17.830692291259766,112400
1995-10-18,22.8125,22.875,22.5625,22.625,17.73271942138672,62800
1995-10-19,22.6875,23.0,22.625,22.6875,17.78170394897461,143000
1995-10-20,22.8125,22.875,22.75,22.8125,17.87967872619629,215000
1995-10-23,22.75,22.75,22.625,22.75,17.830692291259766,65600
1995-10-24,22.6875,22.75,22.5,22.5,17.634750366210938,113800
1995-10-25,22.25,22.5,21.375,22.5,17.634750366210938,727800
1995-10-26,22.4375,23.3125,22.4375,22.8125,17.87967872619629,136600
1995-10-27,22.75,22.875,22.125,22.875,17.928667068481445,408200
1995-10-30,22.875,23.5625,22.875,23.25,18.222585678100586,201200
1995-10-31,23.5,23.875,22.375,22.375,17.536781311035156,168000
1995-11-01,22.375,22.375,21.5625,21.5625,16.89997673034668,256800
1995-11-02,21.6875,22.8125,21.6875,22.5,17.634750366210938,238000
1995-11-03,22.75,22.75,22.4375,22.625,17.73271942138672,275200
1995-11-06,22.625,23.25,22.5625,22.75,17.830692291259766,213200
1995-11-07,22.6875,23.0625,22.625,23.0,18.02664566040039,171600
1995-11-08,22.9375,23.25,22.9375,23.0625,18.075618743896484,213000
1995-11-09,23.0,23.0,22.75,22.75,17.830692291259766,139000
1995-11-10,22.6875,22.75,22.1875,22.5625,17.683740615844727,311400
1995-11-13,22.5,22.5,22.4375,22.5,17.638654708862305,29000
1995-11-14,22.5,22.5,21.875,22.0,17.246681213378906,80200
1995-11-15,22.0,22.0,21.625,21.75,17.050701141357422,82000
1995-11-16,21.8125,21.8125,21.1875,21.4375,16.805721282958984,161200
1995-11-17,21.5,22.0,21.1875,22.0,17.246681213378906,151800
1995-11-20,22.125,22.25,21.8125,22.1875,17.393688201904297,352000
1995-11-21,22.1875,22.25,22.125,22.1875,17.393688201904297,113800
1995-11-22,22.3125,22.5,22.3125,22.375,17.54067039489746,416400
1995-11-24,22.4375,22.4375,22.1875,22.375,17.54067039489746,79800
1995-11-27,22.375,22.4375,21.75,22.3125,17.491674423217773,550200
1995-11-28,22.1875,22.5625,22.125,22.4375,17.58966636657715,394600
1995-11-29,20.0,20.75,20.0,20.6875,16.217769622802734,3305200
1995-11-30,20.75,21.6875,20.6875,21.5625,16.90372085571289,863200
1995-12-01,21.5625,21.6875,21.5,21.5625,16.90372085571289,450400
1995-12-04,23.0,23.0,22.625,23.0,18.030635833740234,607600
1995-12-05,23.0,23.25,22.75,23.1875,18.177621841430664,850400
1995-12-06,23.5,23.875,23.5,23.75,18.618589401245117,396000
1995-12-07,23.75,23.875,23.5,23.75,18.618589401245117,134600
1995-12-08,23.75,24.25,23.5625,24.25,19.010555267333984,255600
1995-12-11,24.6875,24.8125,24.5625,24.8125,19.451522827148438,255200
1995-12-12,24.8125,25.4375,24.8125,25.0,19.598506927490234,314000
1995-12-13,24.8125,25.1875,24.8125,25.125,19.696508407592773,173800
1995-12-14,25.0,25.5,24.875,24.9375,19.549514770507812,430800
1995-12-15,24.875,24.875,24.25,24.5,19.2065372467041,161200
1995-12-18,24.4375,24.5625,24.1875,24.375,19.108543395996094,237800
1995-12-19,24.3125,25.0,24.1875,25.0,19.598506927490234,310800
1995-12-20,24.875,26.0,24.875,25.0,19.598506927490234,703200
1995-12-21,25.0625,25.375,24.9375,24.9375,19.549514770507812,210000
1995-12-22,25.1875,25.1875,24.8125,25.0,19.598506927490234,63600
1995-12-26,25.125,25.125,24.9375,25.125,19.696508407592773,86400
1995-12-27,25.375,25.625,25.25,25.375,19.892494201660156,307800
1995-12-28,25.375,25.5625,25.25,25.375,19.892494201660156,126400
1995-12-29,25.25,25.5,24.75,25.5,19.990488052368164,182200
1996-01-02,25.5,25.5,25.0625,25.25,19.79450035095215,405200
1996-01-03,25.25,25.25,24.875,25.0625,19.647510528564453,263200
1996-01-04,25.0,25.0,24.625,24.75,19.40253257751465,178000
1996-01-05,24.625,24.6875,24.25,24.25,19.010555267333984,86400
1996-01-08,24.3125,24.4375,24.3125,24.4375,19.15755271911621,76200
1996-01-09,24.4375,24.5,24.25,24.3125,19.05956268310547,194800
1996-01-10,24.0625,24.0625,23.6875,23.6875,18.56959342956543,148600
1996-01-11,23.75,24.25,23.75,23.75,18.618589401245117,517600
1996-01-12,23.75,23.75,23.375,23.5,18.422603607177734,92800
1996-01-15,23.5,23.5,23.1875,23.25,18.22661590576172,166800
1996-01-16,23.125,23.25,22.5625,22.875,17.932634353637695,198000
1996-01-17,22.8125,22.875,22.5,22.5,17.638654708862305,270800
1996-01-18,22.5625,22.5625,21.1875,21.5625,16.90372085571289,1915200
1996-01-19,21.6875,22.125,21.625,22.0,17.246681213378906,1036400
1996-01-22,21.9375,22.9375,21.9375,22.9375,17.981639862060547,990400
1996-01-23,22.375,22.5625,22.3125,22.5625,17.68765640258789,657200
1996-01-24,22.625,23.0625,22.5625,23.0625,18.079631805419922,421400
1996-01-25,23.125,23.1875,23.0,23.0625,18.079631805419922,190600
1996-01-26,22.9375,23.375,22.9375,23.3125,18.275615692138672,206000
1996-01-29,23.3125,24.1875,23.3125,24.125,18.912567138671875,428600
1996-01-30,24.375,24.875,24.25,24.75,19.40253257751465,298800
1996-01-31,24.625,24.625,24.125,24.375,19.108543395996094,296800
1996-02-01,24.25,25.25,24.25,25.125,19.696508407592773,473400
1996-02-02,25.25,25.625,25.125,25.25,19.79450035095215,240100
1996-02-05,25.25,25.25,24.625,24.75,19.40253257751465,413900
1996-02-06,24.75,27.0,24.75,26.0,20.382455825805664,346300
1996-02-07,26.125,26.625,25.75,26.0,20.382455825805664,181400
1996-02-08,26.0,26.0,25.5,25.875,20.284456253051758,192800
1996-02-09,25.625,25.75,25.25,25.5,19.990488052368164,321100
1996-02-12,25.625,27.25,25.5,26.375,20.67643165588379,352300
1996-02-13,25.625,26.375,25.25,26.125,20.480445861816406,318800
1996-02-14,26.25,27.875,26.25,27.5,21.566617965698242,215400
1996-02-15,27.625,28.625,27.375,27.75,21.762683868408203,389500
1996-02-16,26.875,27.125,26.0,26.0,20.390254974365234,370100
1996-02-20,26.125,26.125,25.75,25.875,20.292224884033203,130100
1996-02-21,25.75,26.75,25.75,26.5,20.782379150390625,420800
1996-02-22,27.0,27.5,26.5,26.625,20.88040542602539,362900
1996-02-23,26.75,27.25,26.75,27.125,21.27252769470215,169900
1996-02-26,27.125,27.25,26.625,26.75,20.97843360900879,148800
1996-02-27,27.125,27.375,26.875,26.875,21.076467514038086,234600
1996-02-28,27.0,28.0,26.875,27.0,21.17449951171875,105800
1996-02-29,27.0,27.25,26.625,27.125,21.27252769470215,83900
1996-03-01,27.875,28.0,26.625,27.0,21.17449951171875,629300
1996-03-04,26.625,26.875,26.0,26.125,20.48828887939453,266200
1996-03-05,26.125,27.25,25.875,27.125,21.27252769470215,472100
1996-03-06,26.75,27.375,26.75,27.125,21.27252769470215,329000
1996-03-07,27.0,27.0,26.25,26.375,20.684345245361328,130500
1996-03-08,26.0,26.5,24.5,25.375,19.900108337402344,648500
1996-03-11,25.0,26.25,25.0,26.0,20.390254974365234,228600
1996-03-12,26.25,26.25,25.875,26.125,20.48828887939453,168900
1996-03-13,26.0,27.125,26.0,26.875,21.076467514038086,130200
1996-03-14,26.75,28.0,26.625,27.625,21.664655685424805,240400
1996-03-15,27.0,27.875,26.875,27.625,21.664655685424805,146400
1996-03-18,27.5,27.625,26.25,26.5,20.782379150390625,220900
1996-03-19,26.625,27.25,26.25,26.625,20.88040542602539,210900
1996-03-20,26.75,26.75,26.125,26.625,20.88040542602539,95900
1996-03-21,26.625,27.625,26.375,27.25,21.37055778503418,89400
1996-03-22,27.25,27.5,26.5,26.625,20.88040542602539,145400
1996-03-25,26.75,27.125,26.75,26.75,20.97843360900879,133500
1996-03-26,26.75,27.125,26.75,27.0,21.17449951171875,73600
1996-03-27,27.0,27.375,26.5,27.0,21.17449951171875,475500
1996-03-28,26.75,26.75,26.125,26.25,20.586315155029297,150700
1996-03-29,26.0,26.125,24.0,24.0,18.82177734375,2096300
1996-04-01,23.625,24.25,22.0,24.25,19.017841339111328,958300
1996-04-02,25.0,25.25,24.5,24.75,19.40995979309082,468500
1996-04-03,24.5,25.0,24.375,25.0,19.606014251708984,553700
1996-04-04,25.125,25.5,24.75,25.0,19.606014251708984,591600
1996-04-08,24.625,25.25,24.125,25.25,19.802078247070312,352900
1996-04-09,25.25,25.625,24.875,25.0,19.606014251708984,394700
1996-04-10,25.125,25.5,24.625,24.875,19.507991790771484,261200
1996-04-11,25.0,25.125,24.125,24.625,19.311922073364258,145800
1996-04-12,24.625,25.625,24.5,24.5,19.213895797729492,236100
1996-04-15,25.25,25.5,24.25,24.375,19.115861892700195,381500
1996-04-16,24.625,25.25,24.25,25.0,19.606014251708984,547300
1996-04-17,25.125,25.125,24.625,24.625,19.311922073364258,327600
1996-04-18,24.875,24.875,24.0,24.125,18.919811248779297,285700
1996-04-19,24.125,24.25,23.875,24.125,18.919811248779297,390300
1996-04-22,24.25,24.375,23.875,24.25,19.017841339111328,358400
1996-04-23,24.625,25.375,24.25,25.0,19.606014251708984,759700
1996-04-24,25.25,25.875,25.125,25.75,20.194196701049805,257400
1996-04-25,25.625,27.375,25.5,27.0,21.17449951171875,288200
1996-04-26,27.0,27.125,26.375,26.75,20.97843360900879,615900
1996-04-29,26.5,26.5,26.25,26.5,20.782379150390625,199800
1996-04-30,26.625,26.625,24.875,25.5,19.998138427734375,354100
1996-05-01,25.5,25.875,25.5,25.625,20.096172332763672,214000
1996-05-02,25.75,26.875,25.625,26.625,20.88040542602539,389300
1996-05-03,27.25,27.375,26.875,26.875,21.076467514038086,125900
1996-05-06,28.75,29.25,28.25,29.0,22.742979049682617,508000
1996-05-07,29.0,29.0,28.25,28.625,22.448890686035156,200500
1996-05-08,28.125,28.625,28.125,28.375,22.252832412719727,236600
1996-05-09,28.375,28.5,28.0,28.0,21.958744049072266,129200
1996-05-10,28.375,28.875,28.375,28.875,22.64494514465332,200800
1996-05-13,28.75,29.5,28.75,29.125,22.84892463684082,307000
1996-05-14,30.25,30.625,29.625,30.25,23.731502532958984,1099500
1996-05-15,30.0,30.125,29.75,30.125,23.633434295654297,541900
1996-05-16,30.25,30.375,30.0,30.375,23.829559326171875,132800
1996-05-17,30.375,31.625,30.25,30.875,24.221824645996094,278700
1996-05-20,31.0,31.0,30.625,31.0,24.319883346557617,428700
1996-05-21,31.0,31.25,30.875,31.0,24.319883346557617,134600
1996-05-22,30.875,31.25,30.875,30.875,24.221824645996094,232700
1996-05-23,31.125,31.25,30.625,30.875,24.221824645996094,279700
1996-05-24,30.875,31.0,30.125,30.25,23.731502532958984,132400
1996-05-28,30.25,30.25,29.375,29.375,23.045055389404297,94100
1996-05-29,29.375,29.75,29.125,29.625,23.24117660522461,251200
1996-05-30,29.5,30.125,29.5,30.0,23.53537368774414,202300
1996-05-31,30.0,30.25,29.375,30.125,23.633434295654297,166800
1996-06-03,30.0,30.0,29.625,29.875,23.437301635742188,175700
1996-06-04,30.0,30.375,29.625,29.875,23.437301635742188,96700
1996-06-05,29.625,30.25,29.625,30.125,23.633434295654297,144000
1996-06-06,30.0,30.125,29.5,30.0,23.53537368774414,67400
1996-06-07,29.75,29.875,29.0,29.125,22.84892463684082,595600
1996-06-10,29.125,29.125,28.375,28.75,22.554733276367188,102100
1996-06-11,28.875,29.25,28.75,29.0,22.750856399536133,436800
1996-06-12,29.125,29.25,28.875,29.0,22.750856399536133,185700
1996-06-13,28.875,29.25,28.125,28.25,22.1624813079834,193400
1996-06-14,28.375,28.875,28.375,28.875,22.652788162231445,65100
1996-06-17,28.75,28.875,28.125,28.5,22.35860252380371,104500
1996-06-18,28.375,28.5,27.875,28.125,22.064411163330078,68800
1996-06-19,28.125,28.375,27.75,28.0,21.966350555419922,279200
1996-06-20,27.875,28.0,27.5,28.0,21.966350555419922,68000
1996-06-21,28.0,28.875,28.0,28.875,22.652788162231445,185500
1996-06-24,28.75,28.875,28.125,28.875,22.652788162231445,179100
1996-06-25,28.75,28.75,28.0,28.25,22.1624813079834,118600
1996-06-26,28.375,28.5,28.0,28.375,22.26053810119629,263900
1996-06-27,28.375,29.5,28.375,28.875,22.652788162231445,459100
1996-06-28,28.625,29.0,26.625,27.75,21.770221710205078,484000
1996-07-01,27.875,27.875,27.0,27.125,21.27989387512207,420300
1996-07-02,27.25,27.625,27.25,27.625,21.672163009643555,491200
1996-07-03,27.625,27.625,26.75,27.0,21.181833267211914,374000
1996-07-05,26.625,27.0,26.625,26.875,21.083772659301758,47100
1996-07-08,26.875,26.875,26.125,26.375,20.69150733947754,196300
1996-07-09,26.25,26.25,25.875,26.125,20.49538230895996,127200
1996-07-10,26.375,26.875,26.125,26.875,21.083772659301758,555400
1996-07-11,26.75,26.75,25.625,26.0,20.397321701049805,156300
1996-07-12,26.0,26.25,25.875,26.0,20.397321701049805,523100
1996-07-15,25.75,25.875,24.625,24.75,19.416685104370117,447200
1996-07-16,24.625,24.875,23.0,24.25,19.024423599243164,1545700
1996-07-17,24.875,25.875,24.625,25.75,20.20119285583496,148900
1996-07-18,25.625,26.125,25.625,25.75,20.20119285583496,176300
1996-07-19,25.625,25.75,25.375,25.625,20.103126525878906,84200
1996-07-22,25.625,25.875,25.375,25.625,20.103126525878906,100300
1996-07-23,25.5,25.875,24.5,24.5,19.220558166503906,306700
1996-07-24,24.5,24.5,23.125,23.375,18.337984085083008,216300
1996-07-25,23.375,23.625,21.25,22.125,17.357343673706055,593300
1996-07-26,22.25,22.375,20.0,21.5,16.86701774597168,1681300
1996-07-29,21.5,21.5,20.5,21.25,16.67088508605957,789900
1996-07-30,21.5,21.625,19.25,21.0,16.474760055541992,1963600
1996-07-31,21.0,21.0,20.125,20.5,16.082504272460938,661300
1996-08-01,20.5,21.75,20.375,21.5,16.86701774597168,738500
1996-08-02,22.125,23.125,22.0,22.75,17.847658157348633,599100
1996-08-05,22.625,23.0,22.375,22.5,17.651527404785156,337200
1996-08-06,22.5,22.75,22.375,22.625,17.749591827392578,126300
1996-08-07,23.0,23.75,23.0,23.25,18.23992156982422,371200
1996-08-08,23.0,23.25,22.875,23.25,18.23992156982422,207500
1996-08-09,23.125,23.125,22.375,22.625,17.749591827392578,99200
1996-08-12,22.75,23.125,22.125,22.375,17.5534610748291,140300
1996-08-13,23.0,24.0,23.0,23.375,18.346179962158203,341300
1996-08-14,23.625,24.5,23.625,24.125,18.9348201751709,309400
1996-08-15,23.625,23.875,23.5,23.625,18.542396545410156,216900
1996-08-16,23.625,23.75,23.375,23.5,18.444286346435547,143300
1996-08-19,23.625,23.625,23.25,23.25,18.248077392578125,112200
1996-08-20,23.5,23.5,23.0,23.25,18.248077392578125,233700
1996-08-21,23.5,24.125,23.5,24.0,18.836713790893555,428800
1996-08-22,24.125,24.25,23.75,24.0,18.836713790893555,196000
1996-08-23,24.0,24.375,23.875,24.0,18.836713790893555,413400
1996-08-26,24.5,24.75,24.125,24.25,19.032928466796875,162500
1996-08-27,24.5,25.25,24.375,25.0,19.6215763092041,259300
1996-08-28,24.875,25.0,24.625,24.75,19.42536163330078,53800
1996-08-29,24.75,24.75,23.875,24.0,18.836713790893555,216100
1996-08-30,24.125,24.125,23.625,23.625,18.542396545410156,107600
1996-09-03,23.25,23.625,23.0,23.375,18.346179962158203,261100
1996-09-04,23.375,23.625,23.0,23.5,18.444286346435547,159300
1996-09-05,23.5,23.625,23.125,23.25,18.248077392578125,237200
1996-09-06,23.125,24.0,23.125,23.625,18.542396545410156,412500
1996-09-09,23.625,23.875,23.0,23.5,18.444286346435547,246300
1996-09-10,23.375,23.5,23.125,23.25,18.248077392578125,178900
1996-09-11,23.125,23.25,22.5,23.0,18.051855087280273,445500
1996-09-12,23.125,23.75,23.125,23.375,18.346179962158203,749100
1996-09-13,23.625,25.25,23.625,25.0,19.6215763092041,1196200
1996-09-16,25.125,26.5,24.875,26.125,20.50455093383789,375600
1996-09-17,26.125,26.375,25.5,25.5,20.014015197753906,414900
1996-09-18,25.75,25.75,24.125,24.25,19.032928466796875,316800
1996-09-19,23.625,24.125,23.375,23.375,18.346179962158203,406500
1996-09-20,23.75,23.875,23.375,23.5,18.444286346435547,145200
1996-09-23,23.25,23.625,22.875,23.25,18.248077392578125,185600
1996-09-24,23.375,24.375,23.125,24.125,18.9348201751709,538200
1996-09-25,24.375,25.75,24.25,25.375,19.9158992767334,622700
1996-09-26,24.75,25.625,24.5,25.25,19.817798614501953,495000
1996-09-27,25.25,25.25,24.875,24.875,19.52347183227539,103000
1996-09-30,24.875,25.625,24.875,25.5,20.014015197753906,202700
1996-10-01,25.5,26.25,25.25,25.375,19.9158992767334,345600
1996-10-02,25.5,25.5,25.0,25.375,19.9158992767334,153100
1996-10-03,25.375,25.375,24.875,25.125,19.719684600830078,136400
1996-10-04,25.375,25.375,24.125,24.25,19.032928466796875,248300
1996-10-07,24.25,24.5,24.0,24.125,18.9348201751709,193100
1996-10-08,24.0,25.5,23.75,25.375,19.9158992767334,552500
1996-10-09,25.375,25.375,24.75,25.125,19.719684600830078,123700
1996-10-10,25.125,26.0,25.125,25.875,20.308334350585938,363700
1996-10-11,25.875,26.25,25.875,25.875,20.308334350585938,109900
1996-10-14,26.0,26.375,26.0,26.375,20.70076560974121,78200
1996-10-15,26.5,27.375,26.5,27.25,21.387523651123047,321200
1996-10-16,27.125,27.25,26.25,26.625,20.896982192993164,357900
1996-10-17,26.5,26.5,25.875,26.25,20.6026554107666,295700
1996-10-18,26.25,26.375,26.0,26.0,20.406436920166016,137200
1996-10-21,26.0,26.75,26.0,26.5,20.798879623413086,152900
1996-10-22,26.5,26.5,25.75,25.75,20.210224151611328,82200
1996-10-23,26.0,26.0,25.5,25.875,20.308334350585938,75900
1996-10-24,25.875,26.625,25.75,26.0,20.406436920166016,355000
1996-10-25,26.0,26.125,25.75,26.0,20.406436920166016,266700
1996-10-28,26.0,26.0,25.125,25.375,19.9158992767334,76800
1996-10-29,25.5,25.5,25.0,25.375,19.9158992767334,90100
1996-10-30,25.375,25.375,25.25,25.375,19.9158992767334,273100
1996-10-31,25.375,25.375,25.125,25.375,19.9158992767334,280300
1996-11-01,25.375,25.375,25.125,25.25,19.817798614501953,143500
1996-11-04,25.125,25.125,24.5,24.5,19.229143142700195,216300
1996-11-05,24.5,25.375,24.375,25.0,19.6215763092041,584800
1996-11-06,25.25,25.25,24.75,24.75,19.42536163330078,95100
1996-11-07,24.5,24.625,24.0,24.125,18.9348201751709,331300
1996-11-08,24.25,24.25,23.875,24.0,18.836713790893555,261000
1996-11-11,24.0,25.125,24.0,25.0,19.6215763092041,392400
1996-11-12,25.125,25.375,25.0,25.25,19.817798614501953,212700
1996-11-13,26.0,26.125,25.375,25.5,20.021942138671875,364100
1996-11-14,25.5,25.5,25.125,25.25,19.825645446777344,244900
1996-11-15,25.375,26.0,25.0,26.0,20.41452980041504,477500
1996-11-18,26.0,26.5,25.875,26.0,20.41452980041504,286500
1996-11-19,26.5,27.125,26.5,26.875,21.101558685302734,360100
1996-11-20,27.25,28.375,27.125,28.0,21.98487663269043,365600
1996-11-21,28.25,28.375,27.75,28.125,22.083024978637695,306000
1996-11-22,27.75,28.25,27.75,27.875,21.886730194091797,484100
1996-11-25,27.75,28.25,27.625,28.0,21.98487663269043,312900
1996-11-26,28.125,28.125,26.75,26.875,21.101558685302734,202300
1996-11-27,26.875,27.375,26.875,27.375,21.494140625,164600
1996-11-29,27.5,28.0,27.375,27.875,21.886730194091797,111200
1996-12-02,27.75,27.875,27.5,27.75,21.788585662841797,52800
1996-12-03,28.0,28.25,27.75,27.875,21.886730194091797,121500
1996-12-04,28.0,28.0,27.75,27.875,21.886730194091797,93100
1996-12-05,27.875,28.375,27.875,28.25,22.18116569519043,111200
1996-12-06,27.75,28.0,27.0,27.0,21.19969940185547,176200
1996-12-09,27.25,27.75,27.25,27.5,21.59228515625,105600
1996-12-10,27.875,28.5,27.875,28.25,22.18116569519043,217500
1996-12-11,28.125,28.25,27.875,28.125,22.083024978637695,79400
1996-12-12,28.375,28.375,28.0,28.0,21.98487663269043,138600
1996-12-13,28.125,28.5,27.875,28.375,22.27931785583496,277700
1996-12-16,28.375,28.625,28.125,28.125,22.083024978637695,532600
1996-12-17,28.0,28.125,27.875,28.0,21.98487663269043,209500
1996-12-18,28.0,28.5,28.0,28.125,22.083024978637695,381300
1996-12-19,28.0,28.625,28.0,28.25,22.18116569519043,159500
1996-12-20,28.25,28.625,28.25,28.5,22.377458572387695,176400
1996-12-23,28.625,28.875,28.375,28.75,22.573755264282227,85200
1996-12-24,28.75,29.0,28.75,29.0,22.77005386352539,129600
1996-12-26,29.0,29.375,29.0,29.125,22.86819839477539,280600
1996-12-27,29.125,29.125,29.0,29.0,22.77005386352539,87500
1996-12-30,29.0,29.375,29.0,29.0,22.77005386352539,220800
1996-12-31,29.0,29.125,28.375,28.625,22.475608825683594,87500
1997-01-02,28.5,28.75,28.0,28.75,22.573755264282227,252400
1997-01-03,28.75,29.25,28.375,28.75,22.573755264282227,143900
1997-01-06,28.5,28.75,28.0,28.125,22.083024978637695,1617200
1997-01-07,28.25,28.25,27.375,27.5,21.59228515625,250700
1997-01-08,27.5,27.875,27.125,27.5,21.59228515625,195200
1997-01-09,27.625,27.625,27.0,27.0,21.19969940185547,254700
1997-01-10,27.0,27.625,26.75,27.625,21.690439224243164,253300
1997-01-13,27.625,27.875,27.625,27.75,21.788585662841797,174300
1997-01-14,27.875,27.875,27.625,27.75,21.788585662841797,183700
1997-01-15,27.75,27.75,26.875,27.0,21.19969940185547,356900
1997-01-16,27.0,27.125,26.625,27.125,21.2978458404541,238500
1997-01-17,27.0,28.625,27.0,28.5,22.377458572387695,488700
1997-01-20,28.625,29.375,28.375,28.875,22.671894073486328,183100
1997-01-21,28.625,29.75,28.625,29.625,23.260784149169922,273300
1997-01-22,29.25,29.75,28.625,29.625,23.260784149169922,322600
1997-01-23,29.75,29.875,29.5,29.625,23.260784149169922,130500
1997-01-24,29.25,29.25,29.0,29.125,22.86819839477539,130900
1997-01-27,29.0,29.5,29.0,29.5,23.162635803222656,130100
1997-01-28,29.5,29.75,29.25,29.375,23.064489364624023,259400
1997-01-29,29.5,29.5,29.375,29.375,23.064489364624023,146200
1997-01-30,29.5,29.75,29.375,29.75,23.35892105102539,110400
1997-01-31,29.75,29.75,29.375,29.5,23.162635803222656,184400
1997-02-03,29.5,29.625,29.125,29.125,22.86819839477539,231100
1997-02-04,29.25,29.25,28.25,28.25,22.18116569519043,220000
1997-02-05,28.75,28.75,28.5,28.5,22.377458572387695,180200
1997-02-06,28.75,29.0,28.625,28.875,22.671894073486328,189000
1997-02-07,28.75,29.0,27.875,28.25,22.18116569519043,294300
1997-02-10,28.75,28.875,27.75,28.125,22.083024978637695,235800
1997-02-11,28.25,28.25,28.0,28.0,21.98487663269043,90600
1997-02-12,28.0,28.875,27.875,28.875,22.680002212524414,456900
1997-02-13,28.75,29.125,28.625,29.0,22.77818489074707,73400
1997-02-14,29.0,29.25,29.0,29.0,22.77818489074707,115400
1997-02-18,29.0,29.875,29.0,29.625,23.26909065246582,168200
1997-02-19,29.625,30.625,29.625,30.375,23.858173370361328,225800
1997-02-20,30.25,30.625,30.25,30.375,23.858173370361328,229500
1997-02-21,30.375,30.5,29.75,29.875,23.465452194213867,290900
1997-02-24,29.75,30.0,29.5,29.625,23.26909065246582,156000
1997-02-25,29.875,29.875,29.25,29.25,22.974546432495117,50000
1997-02-26,29.125,29.375,28.875,28.875,22.680002212524414,73200
1997-02-27,29.0,29.125,27.75,28.5,22.385452270507812,128400
1997-02-28,28.5,28.5,28.125,28.375,22.287273406982422,148700
1997-03-03,28.625,29.0,28.625,28.875,22.680002212524414,153600
1997-03-04,28.625,28.75,28.5,28.625,22.4836368560791,1836000
1997-03-05,28.5,28.875,28.5,28.625,22.4836368560791,619800
1997-03-06,28.625,28.75,28.625,28.75,22.581819534301758,448200
1997-03-07,28.75,29.5,28.75,29.375,23.072731018066406,377100
1997-03-10,29.625,30.25,29.5,30.25,23.760007858276367,483900
1997-03-11,30.25,30.375,29.625,29.875,23.465452194213867,304100
1997-03-12,29.75,29.875,29.0,29.625,23.26909065246582,259500
1997-03-13,29.375,29.625,29.0,29.25,22.974546432495117,199600
1997-03-14,29.125,29.375,28.5,28.5,22.385452270507812,307600
1997-03-17,28.5,28.5,28.0,28.125,22.09091567993164,160500
1997-03-18,28.25,28.875,28.125,28.75,22.581819534301758,285800
1997-03-19,29.0,29.625,29.0,29.375,23.072731018066406,190700
1997-03-20,29.25,29.375,27.75,28.0,21.99272918701172,691000
1997-03-21,28.125,28.5,28.125,28.5,22.385452270507812,173300
1997-03-24,28.25,28.5,28.0,28.25,22.189098358154297,118200
1997-03-25,28.25,28.375,28.0,28.125,22.09091567993164,129100
1997-03-26,28.125,28.125,28.0,28.0,21.99272918701172,177500
1997-03-27,28.0,28.125,27.75,27.875,21.89455223083496,189800
1997-03-31,27.625,28.125,26.875,27.625,21.69818878173828,280800
1997-04-01,27.625,28.5,27.625,28.5,22.385452270507812,81500
1997-04-02,29.25,29.5,27.625,28.0,21.99272918701172,142200
1997-04-03,27.875,28.125,27.25,27.375,21.501821517944336,172500
1997-04-04,27.5,27.75,27.25,27.625,21.69818878173828,57900
1997-04-07,27.625,28.125,27.5,27.75,21.79636573791504,41000
1997-04-08,27.875,28.25,27.5,28.25,22.189098358154297,145400
1997-04-09,28.25,28.5,27.625,27.625,21.69818878173828,73500
1997-04-10,27.625,27.875,27.375,27.75,21.79636573791504,35500
1997-04-11,27.5,28.375,27.5,28.0,21.99272918701172,142200
1997-04-14,27.875,28.0,27.25,27.75,21.79636573791504,149300
1997-04-15,27.875,28.0,27.375,28.0,21.99272918701172,116900
1997-04-16,28.0,28.125,27.5,27.75,21.79636573791504,333900
1997-04-17,27.625,27.625,27.125,27.375,21.501821517944336,158400
1997-04-18,27.25,27.25,27.0,27.25,21.40363121032715,135300
1997-04-21,27.25,27.5,26.75,26.75,21.010908126831055,285400
1997-04-22,26.75,27.0,25.875,26.875,21.109098434448242,353800
1997-04-23,27.0,27.125,26.75,27.0,21.207271575927734,113900
1997-04-24,27.0,27.125,26.25,26.375,20.716360092163086,700000
1997-04-25,26.375,26.375,25.875,26.0,20.42182159423828,556800
1997-04-28,25.75,25.875,25.5,25.5,20.029096603393555,235500
1997-04-29,25.75,25.875,25.375,25.5,20.029096603393555,303200
1997-04-30,25.5,26.0,25.375,25.875,20.323637008666992,935100
1997-05-01,26.0,26.125,25.375,25.75,20.22545623779297,307900
1997-05-02,25.75,26.0,25.5,26.0,20.42182159423828,514100
1997-05-05,26.375,27.375,26.25,27.375,21.501821517944336,1332800
1997-05-06,27.625,29.0,27.5,28.75,22.581819534301758,617800
1997-05-07,28.5,28.875,28.5,28.625,22.4836368560791,208600
1997-05-08,28.5,29.125,28.25,29.0,22.77818489074707,255300
1997-05-09,29.0,29.75,29.0,29.5,23.170909881591797,353800
1997-05-12,29.5,29.875,29.5,29.75,23.367265701293945,302000
1997-05-13,29.75,31.375,29.75,30.5,23.964420318603516,473600
1997-05-14,30.75,31.625,30.625,31.0,24.35727882385254,529100
1997-05-15,30.625,31.0,30.5,30.75,24.160858154296875,129000
1997-05-16,30.75,31.0,30.375,30.875,24.259065628051758,329600
1997-05-19,30.875,31.5,30.625,31.375,24.651931762695312,310700
1997-05-20,30.75,31.0,30.625,30.875,24.259065628051758,136900
1997-05-21,30.625,30.875,30.375,30.375,23.866199493408203,216700
1997-05-22,30.5,31.0,30.5,30.75,24.160858154296875,160400
1997-05-23,30.75,31.125,30.625,30.875,24.259065628051758,372100
1997-05-27,31.125,31.625,31.125,31.5,24.750137329101562,196300
1997-05-28,32.125,32.75,31.0,31.25,24.553714752197266,531000
1997-05-29,31.375,32.125,31.0,32.0,25.14299964904785,450100
1997-05-30,31.5,32.0,31.375,31.875,25.044784545898438,1279400
1997-06-02,31.75,32.625,31.625,32.0,25.14299964904785,214400
1997-06-03,31.875,33.125,31.875,32.125,25.241222381591797,435800
1997-06-04,31.875,32.0,31.5,32.0,25.14299964904785,215100
1997-06-05,32.0,32.125,31.875,32.0,25.14299964904785,183600
1997-06-06,32.0,32.125,31.75,32.0,25.14299964904785,270700
1997-06-09,32.0,32.25,31.875,32.25,25.33942985534668,206600
1997-06-10,32.375,32.5,32.25,32.375,25.437644958496094,352500
1997-06-11,32.25,32.5,32.0,32.125,25.241222381591797,191200
1997-06-12,32.0,33.0,32.0,33.0,25.928712844848633,173800
1997-06-13,33.0,33.75,32.875,33.5,26.321590423583984,154900
1997-06-16,33.5,33.5,32.75,32.875,25.83050537109375,181800
1997-06-17,32.75,33.375,32.75,33.25,26.12514305114746,287800
1997-06-18,33.25,34.25,33.25,34.25,26.910865783691406,181000
1997-06-19,34.25,34.875,34.25,34.875,27.401947021484375,428400
1997-06-20,34.875,34.875,34.125,34.625,27.205516815185547,258100
1997-06-23,34.625,34.625,33.25,33.25,26.12514305114746,136000
1997-06-24,33.25,33.5,33.125,33.3125,26.17424774169922,212700
1997-06-25,33.5,34.625,33.5,34.375,27.009082794189453,224800
1997-06-26,34.125,34.375,33.5625,34.125,26.81264877319336,223400
1997-06-27,34.125,34.8125,34.0,34.6875,27.25461769104004,127600
1997-06-30,34.625,36.3125,34.625,35.9375,28.236772537231445,354300
1997-07-01,35.75,35.75,34.875,35.1875,27.647476196289062,545500
1997-07-02,34.75,34.875,34.5,34.875,27.401947021484375,311200
1997-07-03,34.875,34.9375,34.75,34.875,27.401947021484375,158500
1997-07-07,34.875,34.875,34.25,34.5,27.107301712036133,124600
1997-07-08,34.5625,34.9375,33.875,34.0,26.71443748474121,248000
1997-07-09,33.5,33.9375,33.4375,33.625,26.41979217529297,187600
1997-07-10,33.625,34.125,33.4375,34.125,26.81264877319336,40400
1997-07-11,34.125,34.5625,34.0625,34.5,27.107301712036133,140500
1997-07-14,34.5,34.875,34.5,34.5625,27.156394958496094,87500
1997-07-15,34.5625,34.625,34.125,34.25,26.910865783691406,229500
1997-07-16,34.25,34.5,34.25,34.375,27.009082794189453,148100
1997-07-17,34.5625,34.5625,34.25,34.3125,26.95996856689453,45000
1997-07-18,34.3125,34.3125,33.0,33.1875,26.076038360595703,281700
1997-07-21,33.1875,33.25,32.625,32.75,25.732282638549805,166100
1997-07-22,32.75,34.25,32.75,34.1875,26.86175537109375,271600
1997-07-23,34.0625,34.4375,33.5,33.625,26.41979217529297,349400
1997-07-24,33.0,33.0,30.5,30.9375,24.30816650390625,2033400
1997-07-25,31.1875,31.9375,30.0,30.4375,23.915313720703125,1076700
1997-07-28,31.0,31.125,30.5,30.5,23.964420318603516,367900
1997-07-29,30.625,31.75,30.5,31.625,24.848358154296875,1354300
1997-07-30,31.75,32.25,31.75,32.125,25.241222381591797,648700
1997-07-31,32.1875,32.1875,31.25,31.5625,24.79924774169922,2442800
1997-08-01,31.5,31.5,31.0,31.5,24.750137329101562,261700
1997-08-04,31.3125,31.3125,30.875,30.875,24.259065628051758,373600
1997-08-05,31.0,31.75,30.875,31.625,24.848358154296875,370600
1997-08-06,31.8125,31.8125,31.375,31.5,24.750137329101562,320600
1997-08-07,31.625,32.5625,31.4375,32.0625,25.192100524902344,262900
1997-08-08,31.75,31.875,30.875,31.5,24.750137329101562,174100
1997-08-11,31.5625,31.6875,31.0625,31.125,24.45549774169922,151900
1997-08-12,31.25,31.5,30.6875,30.875,24.259065628051758,488900
1997-08-13,31.0,31.0625,30.4375,31.0,24.365163803100586,254600
1997-08-14,31.1875,31.1875,30.75,30.9375,24.31604766845703,347200
1997-08-15,31.0,31.3125,30.9375,31.0625,24.414291381835938,400000
1997-08-18,31.0,31.0625,30.5,30.8125,24.217809677124023,301700
1997-08-19,31.6875,31.75,31.0625,31.375,24.6599178314209,409300
1997-08-20,31.875,32.1875,31.75,32.125,25.249401092529297,471900
1997-08-21,32.0,33.0,31.9375,32.5,25.544130325317383,500100
1997-08-22,32.5625,32.5625,31.875,32.1875,25.298513412475586,272100
1997-08-25,33.125,33.4375,32.875,33.125,26.035364151000977,377500
1997-08-26,33.125,33.375,32.125,32.5,25.544130325317383,305100
1997-08-27,32.6875,33.375,32.625,32.875,25.8388671875,237700
1997-08-28,32.875,32.875,32.25,32.4375,25.495006561279297,88200
1997-08-29,32.5,32.875,32.375,32.5,25.544130325317383,335800
1997-09-02,32.5,33.1875,32.5,33.1875,26.084484100341797,145400
1997-09-03,33.125,34.0,33.0,33.9375,26.67396354675293,200800
1997-09-04,33.5,33.625,33.25,33.625,26.428348541259766,325500
1997-09-05,34.0,34.5,34.0,34.375,27.017831802368164,198600
1997-09-08,34.375,34.4375,33.5625,33.6875,26.47747039794922,214300
1997-09-09,33.875,34.25,33.5,33.6875,26.47747039794922,1114900
1997-09-10,33.75,33.9375,33.0625,33.125,26.035364151000977,746400
1997-09-11,33.375,33.75,33.0,33.625,26.428348541259766,195100
1997-09-12,33.625,33.875,33.5,33.8125,26.575725555419922,233000
1997-09-15,33.875,34.375,33.875,34.1875,26.870458602905273,81200
1997-09-16,33.9375,34.0625,33.6875,33.8125,26.575725555419922,277200
1997-09-17,33.5625,34.625,33.5625,34.4375,27.066953659057617,297900
1997-09-18,34.5,34.875,34.1875,34.1875,26.870458602905273,198900
1997-09-19,34.4375,34.5,34.125,34.3125,26.96870231628418,238300
1997-09-22,34.0,34.0625,32.4375,32.5,25.544130325317383,1122400
1997-09-23,32.375,32.5,32.0,32.4375,25.495006561279297,613200
1997-09-24,32.5,32.5,31.4375,31.625,24.856407165527344,348900
1997-09-25,31.4375,32.125,31.0625,32.0625,25.20026397705078,613300
1997-09-26,31.9375,32.1875,31.875,32.0,25.15114402770996,332200
1997-09-29,31.9375,32.1875,31.8125,31.875,25.052898406982422,1423700
1997-09-30,31.8125,32.0,31.625,31.6875,24.905529022216797,549600
1997-10-01,31.625,31.625,31.0625,31.25,24.56167221069336,259200
1997-10-02,31.125,31.3125,30.875,31.0,24.365163803100586,241000
1997-10-03,31.3125,31.5625,31.0,31.0,24.365163803100586,287200
1997-10-06,31.0,31.125,30.875,30.9375,24.31604766845703,533100
1997-10-07,30.9375,31.375,30.8125,30.8125,24.217809677124023,474100
1997-10-08,30.875,31.25,30.8125,31.125,24.463424682617188,301000
1997-10-09,31.125,31.5,31.0,31.375,24.6599178314209,374800
1997-10-10,31.4375,31.5625,30.75,31.375,24.6599178314209,308000
1997-10-13,31.5,32.25,31.5,31.875,25.052898406982422,217500
1997-10-14,31.625,32.0,31.625,31.9375,25.10202407836914,251200
1997-10-15,32.0,32.25,31.875,32.125,25.249401092529297,358600
1997-10-16,32.375,32.875,32.25,32.5,25.544130325317383,206400
1997-10-17,32.5,32.5,31.6875,31.875,25.052898406982422,411600
1997-10-20,31.875,31.9375,31.0,31.125,24.463424682617188,245000
1997-10-21,31.25,31.25,30.6875,30.875,24.266921997070312,411000
1997-10-22,30.875,30.875,30.125,30.3125,23.824819564819336,398300
1997-10-23,30.3125,30.6875,30.0,30.3125,23.824819564819336,199500
1997-10-24,31.0,31.0625,29.75,30.1875,23.72657012939453,347000
1997-10-27,30.0,30.375,29.5,29.5,23.186208724975586,396100
1997-10-28,29.0,30.5,27.25,30.0625,23.628324508666992,576600
1997-10-29,30.1875,30.4375,29.625,29.625,23.284456253051758,244600
1997-10-30,28.25,29.0625,28.25,28.6875,22.547605514526367,240900
1997-10-31,28.9375,29.75,28.9375,29.0,22.793224334716797,216300
1997-11-03,29.5,30.0,29.5,29.6875,23.333574295043945,285600
1997-11-04,29.75,29.9375,29.375,29.5625,23.235336303710938,402500
1997-11-05,29.6875,29.9375,29.375,29.5625,23.235336303710938,182200
1997-11-06,29.4375,29.5625,28.75,28.8125,22.645854949951172,328800
1997-11-07,28.8125,28.875,28.5625,28.75,22.59673500061035,76000
1997-11-10,28.625,28.875,28.125,28.1875,22.154619216918945,157800
1997-11-11,28.25,28.3125,26.9375,27.0,21.221275329589844,453900
1997-11-12,26.9375,26.9375,25.0,25.875,20.337055206298828,932100
1997-11-13,25.9375,26.0625,25.3125,25.3125,19.90264320373535,487100
1997-11-14,25.375,26.0,25.25,25.9375,20.39406394958496,411000
1997-11-17,26.1875,27.25,26.1875,27.0625,21.278627395629883,268900
1997-11-18,27.375,27.75,27.25,27.375,21.524337768554688,358500
1997-11-19,27.5,27.625,27.3125,27.625,21.72091293334961,295700
1997-11-20,27.5625,28.3125,27.5625,28.25,22.212331771850586,341000
1997-11-21,28.5,28.5625,27.75,27.8125,21.868324279785156,162400
1997-11-24,27.8125,27.8125,26.5625,27.0,21.229480743408203,396300
1997-11-25,27.0,27.375,26.8125,27.0625,21.278627395629883,191400
1997-11-26,26.9375,27.25,26.8125,27.0625,21.278627395629883,178000
1997-11-28,27.0625,27.6875,27.0,27.375,21.524337768554688,141400
1997-12-01,27.625,28.5625,27.5625,28.3125,22.261465072631836,275700
1997-12-02,28.3125,28.9375,28.1875,28.9375,22.752899169921875,370400
1997-12-03,28.9375,29.0,27.0625,27.25,21.426050186157227,960800
1997-12-04,27.5,28.5625,27.5,27.8125,21.868324279785156,306200
1997-12-05,27.875,28.75,27.6875,28.5,22.40890121459961,327100
1997-12-08,28.4375,29.25,28.25,29.125,22.900320053100586,320700
1997-12-09,29.125,29.9375,29.125,29.5625,23.244314193725586,453500
1997-12-10,29.5,29.5625,29.1875,29.375,23.09689712524414,209900
1997-12-11,29.125,29.1875,28.5,29.0625,22.851177215576172,287800
1997-12-12,28.875,29.0,28.625,28.6875,22.55632209777832,184500
1997-12-15,28.6875,28.75,27.8125,28.375,22.31061363220215,239900
1997-12-16,28.3125,29.1875,28.0,28.5625,22.458038330078125,285300
1997-12-17,29.5,29.75,29.0625,29.125,22.900320053100586,254900
1997-12-18,29.5,29.9375,28.9375,29.0625,22.851177215576172,239100
1997-12-19,28.875,29.375,28.5,29.375,23.09689712524414,218900
1997-12-22,29.375,29.4375,28.8125,28.875,22.70375633239746,110100
1997-12-23,29.125,29.5,28.75,29.4375,23.14603614807129,131200
1997-12-24,29.4375,29.5,28.875,28.9375,22.752899169921875,42900
1997-12-26,29.1875,29.1875,28.75,28.8125,22.65460968017578,29900
1997-12-29,28.8125,29.25,28.8125,29.1875,22.949459075927734,69400
1997-12-30,29.1875,29.4375,29.0,29.4375,23.14603614807129,357100
1997-12-31,29.4375,29.4375,29.0,29.25,22.99860954284668,332600
1998-01-02,29.5,30.0625,29.4375,29.8125,23.440889358520508,134300
1998-01-05,30.0,30.9375,30.0,30.5625,24.030593872070312,289200
1998-01-06,30.5625,30.6875,30.25,30.25,23.78487777709961,304000
1998-01-07,30.25,30.25,29.125,29.25,22.99860954284668,197800
1998-01-08,29.375,29.6875,28.75,29.125,22.900320053100586,469300
1998-01-09,29.0625,29.0625,27.875,28.0,22.01575469970703,320600
1998-01-12,27.5625,28.6875,27.125,28.6875,22.55632209777832,476700
1998-01-13,28.6875,28.9375,28.0,28.875,22.70375633239746,361400
1998-01-14,28.8125,30.0,28.75,29.6875,23.34260368347168,597600
1998-01-15,29.6875,29.6875,27.9375,27.9375,21.96661949157715,437500
1998-01-16,28.1875,29.5625,28.125,29.4375,23.14603614807129,352700
1998-01-20,29.5625,29.5625,28.0,28.375,22.31061363220215,292900
1998-01-21,28.625,29.0,28.25,28.4375,22.359758377075195,205400
1998-01-22,28.5625,28.8125,28.5625,28.625,22.50718116760254,75400
1998-01-23,29.0,29.25,28.5625,28.6875,22.55632209777832,150100
1998-01-26,28.6875,28.6875,27.4375,27.875,21.917469024658203,176300
1998-01-27,27.875,27.9375,26.875,27.1875,21.376911163330078,373700
1998-01-28,27.1875,27.375,27.1875,27.375,21.524337768554688,486200
1998-01-29,27.5625,27.5625,26.875,26.9375,21.180339813232422,340500
1998-01-30,26.9375,27.125,26.875,27.0625,21.278627395629883,466400
1998-02-02,27.625,29.3125,27.5,28.75,22.60546875,304500
1998-02-03,28.75,29.25,28.75,29.25,22.99860954284668,135200
1998-02-04,29.1875,29.1875,28.625,29.0625,22.851177215576172,142000
1998-02-05,29.0625,29.0625,27.125,27.375,21.524337768554688,301000
1998-02-06,27.5,27.5,27.0625,27.125,21.32777214050293,555000
1998-02-09,27.375,28.4375,27.375,27.9375,21.96661949157715,536900
1998-02-10,28.125,28.8125,28.0,28.6875,22.55632209777832,654600
1998-02-11,28.5625,28.6875,28.4375,28.625,22.515033721923828,151800
1998-02-12,28.5,29.5625,28.4375,29.5625,23.252418518066406,360100
1998-02-13,29.5,29.6875,28.625,28.8125,22.66250991821289,246600
1998-02-17,29.5,29.5,28.75,29.0,22.809988021850586,377900
1998-02-18,28.875,29.125,27.9375,28.0,22.023439407348633,297800
1998-02-19,28.0,28.6875,27.75,28.5625,22.465869903564453,195500
1998-02-20,28.4375,28.4375,27.5,28.1875,22.170917510986328,545100
1998-02-23,28.0625,28.1875,27.625,28.0,22.023439407348633,306100
1998-02-24,28.25,28.5625,28.0,28.0625,22.07259750366211,161400
1998-02-25,28.0,28.4375,27.8125,28.4375,22.3675594329834,170900
1998-02-26,28.25,28.25,27.9375,27.9375,21.974281311035156,681800
1998-02-27,27.9375,28.375,27.8125,28.125,22.12175941467285,375900
1998-03-02,28.125,28.75,28.125,28.625,22.515033721923828,197900
1998-03-03,29.0,29.0625,28.75,29.0625,22.859148025512695,188000
1998-03-04,29.0625,29.25,28.75,29.0,22.809988021850586,329700
1998-03-05,28.5,29.3125,28.5,29.3125,23.055789947509766,272500
1998-03-06,29.25,29.9375,29.25,29.9375,23.547380447387695,236200
1998-03-09,29.8125,29.8125,29.3125,29.4375,23.154104232788086,301800
1998-03-10,29.375,29.75,29.25,29.6875,23.35074234008789,357200
1998-03-11,29.625,30.0,29.4375,29.9375,23.547380447387695,313700
1998-03-12,30.125,30.4375,29.875,30.1875,23.7440128326416,264300
1998-03-13,30.1875,30.4375,30.125,30.25,23.793170928955078,124200
1998-03-16,30.1875,30.3125,29.9375,30.0625,23.645700454711914,136300
1998-03-17,29.8125,30.0,29.625,29.8125,23.449060440063477,192200
1998-03-18,29.625,29.8125,29.0,29.25,23.006629943847656,575000
1998-03-19,29.125,29.375,29.0,29.25,23.006629943847656,359300
1998-03-20,29.3125,29.75,29.0,29.5,23.203264236450195,210000
1998-03-23,29.5625,29.5625,29.0625,29.125,22.908309936523438,260900
1998-03-24,29.25,29.25,29.0625,29.25,23.006629943847656,202000
1998-03-25,29.25,29.75,29.25,29.4375,23.154104232788086,124200
1998-03-26,29.4375,29.625,29.375,29.5625,23.252418518066406,321600
1998-03-27,29.5,29.75,29.4375,29.5,23.203264236450195,214500
1998-03-30,29.5,29.625,29.5,29.5,23.203264236450195,160200
1998-03-31,29.5,29.875,29.4375,29.6875,23.35074234008789,309500
1998-04-01,29.6875,29.75,29.1875,29.4375,23.154104232788086,347000
1998-04-02,29.3125,29.4375,28.75,29.0,22.809988021850586,237400
1998-04-03,29.0625,29.125,28.5,28.625,22.515033721923828,177300
1998-04-06,28.625,28.6875,27.75,28.0,22.023439407348633,206100
1998-04-07,27.875,28.1875,27.75,27.9375,21.974281311035156,217400
1998-04-08,27.8125,27.9375,27.5,27.5625,21.6793212890625,311800
1998-04-09,27.75,27.875,27.5625,27.625,21.728485107421875,489000
1998-04-13,27.5625,27.625,27.375,27.4375,21.580997467041016,425700
1998-04-14,27.375,27.4375,27.1875,27.375,21.531843185424805,1254600
1998-04-15,27.4375,27.5,27.125,27.25,21.433521270751953,618000
1998-04-16,27.25,27.25,26.875,26.875,21.13857078552246,301700
1998-04-17,26.875,27.1875,26.375,26.9375,21.187725067138672,478100
1998-04-20,26.9375,27.0,26.5,26.625,20.941932678222656,411700
1998-04-21,26.6875,27.1875,26.6875,26.9375,21.187725067138672,774400
1998-04-22,26.9375,27.0,26.6875,26.875,21.13857078552246,180000
1998-04-23,26.875,27.25,26.75,26.8125,21.08941078186035,690500
1998-04-24,26.6875,27.0625,26.6875,26.6875,20.991092681884766,191200
1998-04-27,26.5625,26.5625,25.625,26.0,20.450345993041992,482200
1998-04-28,26.0,26.1875,25.75,25.9375,20.40117645263672,420000
1998-04-29,26.0,26.5,26.0,26.25,20.646963119506836,687200
1998-04-30,26.5,27.3125,26.4375,26.75,21.04024887084961,738500
1998-05-01,26.6875,27.25,26.625,27.0,21.23688316345215,633600
1998-05-04,27.125,27.5,27.125,27.375,21.531843185424805,527100
1998-05-05,27.3125,27.3125,26.8125,26.875,21.13857078552246,389700
1998-05-06,27.0,27.375,26.875,26.9375,21.187725067138672,589000
1998-05-07,27.0,27.125,26.625,26.6875,20.991092681884766,454700
1998-05-08,26.6875,26.75,26.625,26.6875,20.991092681884766,247600
1998-05-11,26.75,27.3125,26.75,26.875,21.13857078552246,550500
1998-05-12,27.0,27.0625,26.75,26.9375,21.187725067138672,422500
1998-05-13,26.875,27.25,26.875,27.1875,21.392311096191406,286200
1998-05-14,27.0,27.375,26.875,27.3125,21.490657806396484,612200
1998-05-15,27.3125,27.3125,26.25,26.25,20.654630661010742,178800
1998-05-18,26.9375,27.1875,26.75,27.1875,21.392311096191406,661100
1998-05-19,27.0625,27.6875,27.0,27.5625,21.6873722076416,538500
1998-05-20,27.5,27.6875,27.0,27.375,21.539836883544922,712000
1998-05-21,27.125,27.25,26.875,27.0,21.244768142700195,203600
1998-05-22,27.0,27.0,26.875,27.0,21.244768142700195,212000
1998-05-26,27.0,27.0,26.5,26.5625,20.900529861450195,439400
1998-05-27,26.5,26.5,25.9375,26.1875,20.605464935302734,682800
1998-05-28,26.1875,26.8125,25.6875,25.75,20.261211395263672,506900
1998-05-29,25.8125,25.9375,25.0,25.125,19.76943016052246,319600
1998-06-01,25.25,25.25,23.625,23.75,18.68752670288086,1175400
1998-06-02,24.0,24.1875,23.875,24.0,18.884233474731445,917900
1998-06-03,24.0,24.0,23.875,23.9375,18.83506965637207,369400
1998-06-04,23.9375,24.0,23.75,23.8125,18.736705780029297,237400
1998-06-05,23.8125,23.8125,23.375,23.375,18.3924617767334,281900
1998-06-08,23.375,23.6875,23.375,23.5,18.490816116333008,551500
1998-06-09,23.375,23.625,23.25,23.5,18.490816116333008,780400
1998-06-10,23.5,23.8125,23.5,23.5625,18.53999900817871,638900
1998-06-11,23.375,23.5,22.875,23.0,18.09739875793457,382400
1998-06-12,23.0,23.1875,22.8125,23.0625,18.146575927734375,441000
1998-06-15,23.0,23.1875,22.9375,22.9375,18.048221588134766,211600
1998-06-16,22.875,23.25,22.875,23.25,18.294109344482422,252400
1998-06-17,23.3125,23.75,23.25,23.5625,18.53999900817871,479900
1998-06-18,23.5625,23.5625,23.125,23.3125,18.343284606933594,279600
1998-06-19,23.1875,23.375,22.5625,22.625,17.80233383178711,367800
1998-06-22,22.75,22.875,22.375,22.375,17.605623245239258,129900
1998-06-23,22.375,22.375,22.0,22.0625,17.359737396240234,297400
1998-06-24,22.125,22.5,22.0625,22.3125,17.556442260742188,153000
1998-06-25,22.3125,22.375,21.8125,21.9375,17.26137924194336,295100
1998-06-26,21.9375,22.25,20.5625,20.875,16.42535972595215,365400
1998-06-29,21.0,21.0,20.1875,20.4375,16.08111000061035,645300
1998-06-30,20.6875,21.0,20.3125,20.5625,16.179466247558594,408100
1998-07-01,20.625,20.75,20.375,20.5,16.13028907775879,376400
1998-07-02,20.5,20.5,19.625,19.9375,15.687686920166016,289800
1998-07-06,19.9375,20.5,19.6875,20.5,16.13028907775879,360300
1998-07-07,20.5,20.875,20.25,20.6875,16.277820587158203,327000
1998-07-08,20.625,20.875,20.0,20.1875,15.884395599365234,675100
1998-07-09,20.0,20.125,19.5,19.75,15.540155410766602,859200
1998-07-10,19.625,19.625,18.5,18.8125,14.802492141723633,1064000
1998-07-13,18.8125,19.0,18.5,18.5,14.556602478027344,306300
1998-07-14,18.5625,18.8125,18.5,18.75,14.753318786621094,550400
1998-07-15,18.875,18.9375,18.375,18.6875,14.704134941101074,383800
1998-07-16,18.75,18.9375,18.5,18.875,14.851675033569336,377600
1998-07-17,18.6875,18.875,18.1875,18.5,14.556602478027344,268300
1998-07-20,18.3125,18.375,17.0625,17.75,13.966466903686523,332800
1998-07-21,17.75,18.25,17.5,17.625,13.86811351776123,435500
1998-07-22,17.625,17.625,16.625,16.625,13.081270217895508,861000
1998-07-23,16.75,16.8125,16.625,16.625,13.081270217895508,369600
1998-07-24,16.625,17.375,16.625,16.875,13.277983665466309,378000
1998-07-27,16.875,16.875,16.0625,16.1875,12.737028121948242,189600
1998-07-28,16.1875,16.1875,15.125,15.3125,12.048540115356445,250000
1998-07-29,15.375,15.8125,15.25,15.75,12.392779350280762,219000
1998-07-30,15.5,15.5,13.5,13.6875,10.769918441772461,2015700
1998-07-31,13.5625,13.5625,12.5,12.75,10.03225326538086,1030300
1998-08-03,12.625,12.8125,11.5625,11.625,9.147054672241211,506600
1998-08-04,11.9375,12.0,10.875,11.0625,8.70445442199707,568300
1998-08-05,11.1875,11.1875,10.75,11.0,8.655277252197266,628300
1998-08-06,10.9375,11.0,10.8125,10.9375,8.606098175048828,888100
1998-08-07,11.0,11.5,10.9375,11.25,8.851987838745117,676000
1998-08-10,11.125,11.375,10.4375,10.4375,8.212679862976074,630000
1998-08-11,10.125,10.1875,9.0,9.5,7.475013732910156,921400
1998-08-12,9.375,10.25,9.25,10.0625,7.917612552642822,1933200
1998-08-13,9.9375,10.0625,9.4375,9.625,7.580901622772217,466700
1998-08-14,9.75,9.875,8.8125,9.25,7.285542011260986,1000700
1998-08-17,9.25,9.375,9.1875,9.375,7.383992671966553,475700
1998-08-18,9.375,10.125,9.375,10.0,7.87626314163208,985100
1998-08-19,10.0,10.125,9.0625,9.4375,7.433221340179443,590500
1998-08-20,9.4375,9.4375,9.0,9.1875,7.236314296722412,470600
1998-08-21,9.125,9.125,8.875,9.125,7.187088966369629,350200
1998-08-24,9.125,9.5,9.125,9.4375,7.433221340179443,666200
1998-08-25,9.375,9.625,9.0,9.0625,7.137862205505371,829600
1998-08-26,9.0625,9.5,9.0,9.4375,7.433221340179443,952100
1998-08-27,9.3125,9.3125,9.0,9.125,7.187088966369629,1300400
1998-08-28,9.25,9.5,9.0625,9.1875,7.236314296722412,586000
1998-08-31,9.25,9.375,8.5625,8.625,6.793274402618408,569600
1998-09-01,8.75,8.9375,8.25,8.375,6.596368312835693,726500
1998-09-02,8.5,8.75,8.4375,8.5,6.694822788238525,522600
1998-09-03,8.5,8.5625,8.0625,8.125,6.399462699890137,584900
1998-09-04,8.5,8.5,8.125,8.3125,6.5471415519714355,466100
1998-09-08,9.0,9.0625,8.5625,8.6875,6.842502593994141,622500
1998-09-09,8.8125,8.875,8.4375,8.5,6.694822788238525,614800
1998-09-10,8.5,8.5,8.0,8.125,6.399462699890137,792800
1998-09-11,8.0625,8.3125,8.0,8.3125,6.5471415519714355,452200
1998-09-14,8.375,8.5625,8.1875,8.3125,6.5471415519714355,399500
1998-09-15,8.375,8.4375,8.25,8.375,6.596368312835693,323600
1998-09-16,8.3125,8.375,8.125,8.1875,6.448687553405762,304500
1998-09-17,8.25,8.25,8.0625,8.125,6.399462699890137,324300
1998-09-18,8.1875,8.25,8.125,8.125,6.399462699890137,218000
1998-09-21,7.8125,7.8125,7.0,7.1875,5.661063194274902,6914400
1998-09-22,7.3125,7.375,6.6875,7.0625,5.562609672546387,1335900
1998-09-23,7.0,7.125,6.625,6.8125,5.365703582763672,701100
1998-09-24,6.75,6.8125,6.25,6.4375,5.070343017578125,806800
1998-09-25,6.4375,6.5625,5.8125,6.5,5.119568824768066,949900
1998-09-28,6.5625,6.75,6.25,6.5625,5.168796062469482,523500
1998-09-29,6.625,6.75,6.3125,6.5,5.119568824768066,641800
1998-09-30,6.4375,6.625,6.125,6.5,5.119568824768066,548100
1998-10-01,6.5,6.5625,6.0,6.3125,4.971888542175293,1040600
1998-10-02,6.3125,6.375,6.0,6.25,4.922665119171143,404100
1998-10-05,6.25,6.25,5.9375,6.0,4.725757122039795,334500
1998-10-06,6.125,6.3125,6.0,6.1875,4.873437404632568,769800
1998-10-07,6.1875,6.4375,6.125,6.3125,4.971888542175293,673700
1998-10-08,6.0625,6.0625,5.25,5.75,4.528848648071289,1466800
1998-10-09,5.875,6.375,5.75,6.25,4.922665119171143,950500
1998-10-12,6.4375,6.6875,6.3125,6.4375,5.070343017578125,577000
1998-10-13,6.5625,6.5625,6.125,6.1875,4.873437404632568,439700
1998-10-14,6.25,6.4375,5.9375,6.3125,4.971888542175293,712100
1998-10-15,6.375,6.625,6.3125,6.625,5.218023777008057,783200
1998-10-16,6.625,6.875,6.5625,6.75,5.316476821899414,313000
1998-10-19,6.875,8.3125,6.875,8.25,6.4979143142700195,1156300
1998-10-20,8.375,10.75,8.375,10.375,8.171624183654785,2466700
1998-10-21,10.25,10.3125,9.375,9.75,7.679352760314941,767000
1998-10-22,9.75,9.75,9.25,9.5,7.482449531555176,726700
1998-10-23,9.4375,9.4375,8.8125,9.0,7.088635444641113,765000
1998-10-26,8.875,8.9375,8.6875,8.8125,6.940953731536865,251500
1998-10-27,8.875,9.3125,8.8125,9.1875,7.236314296722412,711200
1998-10-28,9.125,9.125,8.75,8.875,6.990180969238281,362300
1998-10-29,8.75,9.625,8.5625,9.4375,7.433221340179443,747900
1998-10-30,9.3125,9.5625,9.0,9.375,7.383992671966553,760700
1998-11-02,9.375,9.4375,9.125,9.25,7.285542011260986,322800
1998-11-03,9.25,9.75,9.125,9.625,7.580901622772217,407500
1998-11-04,9.75,9.875,9.4375,9.5,7.482449531555176,327300
1998-11-05,9.5625,9.5625,9.0,9.375,7.383992671966553,221200
1998-11-06,9.3125,9.4375,9.0,9.125,7.187088966369629,354600
1998-11-09,9.125,9.1875,8.8125,9.125,7.187088966369629,215100
1998-11-10,9.0,9.125,8.8125,8.9375,7.039409160614014,330600
1998-11-11,8.9375,8.9375,8.3125,8.75,6.891731262207031,374700
1998-11-12,8.6875,8.75,8.0,8.5,6.702482223510742,301600
1998-11-13,8.4375,8.5,8.1875,8.375,6.603917598724365,167000
1998-11-16,8.4375,8.5,8.25,8.5,6.702482223510742,314900
1998-11-17,8.4375,8.5625,8.375,8.5625,6.751766204833984,171400
1998-11-18,8.5625,8.625,8.375,8.4375,6.653200626373291,175700
1998-11-19,8.4375,8.4375,7.9375,8.125,6.40678596496582,331100
1998-11-20,8.0,8.0,7.75,7.9375,6.258935451507568,280900
1998-11-23,7.9375,8.0,7.625,7.875,6.209653377532959,364100
1998-11-24,7.9375,8.25,7.6875,7.875,6.209653377532959,555200
1998-11-25,8.0,8.1875,7.9375,8.0625,6.357501029968262,421700
1998-11-27,8.0625,8.1875,7.9375,8.0625,6.357501029968262,113000
1998-11-30,8.125,8.1875,7.9375,8.1875,6.456067085266113,338300
1998-12-01,8.0,8.1875,7.9375,8.0625,6.357501029968262,296900
1998-12-02,8.125,8.125,7.75,7.8125,6.160369873046875,258200
1998-12-03,7.8125,7.9375,7.625,7.875,6.209653377532959,199500
1998-12-04,7.875,7.875,7.3125,7.5,5.91395378112793,475300
1998-12-07,7.625,7.6875,7.5,7.6875,6.061803817749023,326200
1998-12-08,7.625,7.75,7.5625,7.5625,5.963237285614014,141900
1998-12-09,7.5625,7.5625,7.375,7.375,5.81538724899292,306800
1998-12-10,7.5,7.5625,7.125,7.25,5.716823101043701,230600
1998-12-11,7.25,7.25,7.0,7.1875,5.667539119720459,301500
1998-12-14,7.1875,7.1875,6.6875,6.8125,5.371841907501221,362400
1998-12-15,6.8125,6.9375,6.6875,6.6875,5.273277759552002,221400
1998-12-16,6.8125,7.125,6.5625,7.0625,5.568974018096924,240800
1998-12-17,7.0,7.25,6.875,7.1875,5.667539119720459,189300
1998-12-18,7.0625,7.3125,7.0,7.25,5.716823101043701,304400
1998-12-21,7.25,7.375,6.875,6.9375,5.470408916473389,242600
1998-12-22,6.9375,7.0,6.5625,6.9375,5.470408916473389,348800
1998-12-23,7.0,7.0,6.75,7.0,5.519690990447998,195100
1998-12-24,6.9375,7.0,6.75,6.75,5.322558403015137,78200
1998-12-28,6.8125,6.9375,6.5,6.625,5.22399377822876,421200
1998-12-29,6.6875,6.75,6.4375,6.5625,5.174710273742676,514800
1998-12-30,6.5,7.125,6.3125,7.0625,5.568974018096924,515600
1998-12-31,7.0625,7.9375,7.0,7.875,6.209653377532959,571500
1999-01-04,7.875,8.0625,7.375,7.5,5.91395378112793,677900
1999-01-05,7.4375,7.5625,7.25,7.5,5.91395378112793,233700
1999-01-06,7.5,7.625,7.3125,7.5625,5.963237285614014,302500
1999-01-07,7.5,7.5,7.3125,7.4375,5.864673137664795,140200
1999-01-08,7.5,8.25,7.375,8.1875,6.456067085266113,1837800
1999-01-11,8.125,8.375,8.0,8.1875,6.456067085266113,509100
1999-01-12,8.125,8.125,7.75,7.875,6.209653377532959,213000
1999-01-13,7.625,7.8125,7.5,7.6875,6.061803817749023,333600
1999-01-14,7.6875,7.6875,7.4375,7.4375,5.864673137664795,170700
1999-01-15,7.375,8.0625,7.375,8.0,6.3082194328308105,541800
1999-01-19,8.0625,8.25,8.0,8.25,6.505349636077881,573100
1999-01-20,8.3125,8.4375,8.25,8.375,6.603917598724365,353100
1999-01-21,8.375,8.4375,8.1875,8.25,6.505349636077881,183800
1999-01-22,8.25,8.3125,8.0625,8.1875,6.456067085266113,182700
1999-01-25,8.125,8.25,8.0,8.1875,6.456067085266113,177800
1999-01-26,8.1875,8.1875,7.9375,8.0,6.3082194328308105,205000
1999-01-27,8.0,8.0,7.25,7.375,5.81538724899292,424500
1999-01-28,7.4375,7.5,7.25,7.3125,5.766105651855469,211500
1999-01-29,7.375,7.4375,7.25,7.375,5.81538724899292,225200
1999-02-01,7.5,7.5625,7.375,7.4375,5.864673137664795,181500
1999-02-02,7.4375,7.5,7.375,7.5,5.91395378112793,113000
1999-02-03,7.5,7.5,7.25,7.375,5.81538724899292,196000
1999-02-04,7.375,7.75,7.375,7.6875,6.061803817749023,240200
1999-02-05,7.6875,8.3125,7.5,8.1875,6.456067085266113,762200
1999-02-08,8.1875,8.625,8.125,8.5625,6.751766204833984,569700
1999-02-09,8.625,8.6875,8.0,8.125,6.40678596496582,385500
1999-02-10,8.125,8.125,7.75,7.875,6.2173051834106445,227800
1999-02-11,7.8125,7.875,7.1875,7.5,5.921241760253906,530300
1999-02-12,7.5,7.625,7.125,7.25,5.723868370056152,478600
1999-02-16,7.25,7.4375,7.0,7.125,5.625181198120117,381100
1999-02-17,7.0,7.125,6.9375,7.0,5.526492595672607,227300
1999-02-18,7.0,7.125,7.0,7.125,5.625181198120117,184500
1999-02-19,7.0625,7.3125,6.9375,7.1875,5.67452335357666,977400
1999-02-22,7.25,7.25,7.0,7.0625,5.575836181640625,291800
1999-02-23,7.125,7.125,6.8125,6.875,5.427804946899414,255600
1999-02-24,6.875,7.0,6.875,6.9375,5.477149486541748,341100
1999-02-25,6.9375,6.9375,6.5,6.6875,5.279776096343994,794400
1999-02-26,6.75,6.75,6.5,6.5625,5.181087017059326,208400
1999-03-01,6.5625,6.625,6.375,6.5625,5.181087017059326,291300
1999-03-02,6.625,6.625,6.25,6.5,5.131742477416992,374000
1999-03-03,6.5,6.5,6.1875,6.375,5.03305721282959,361900
1999-03-04,6.4375,6.5625,6.3125,6.5,5.131742477416992,334900
1999-03-05,6.5,6.625,6.4375,6.625,5.23043155670166,171800
1999-03-08,6.5625,6.625,6.4375,6.5,5.131742477416992,322200
1999-03-09,6.25,6.375,6.1875,6.25,4.9343671798706055,436800
1999-03-10,6.25,6.375,6.0625,6.0625,4.786335468292236,254900
1999-03-11,6.0625,6.25,6.0625,6.25,4.9343671798706055,338600
1999-03-12,6.1875,6.375,6.0625,6.3125,4.9837117195129395,938600
1999-03-15,6.375,6.4375,6.0625,6.25,4.9343671798706055,389100
1999-03-16,6.125,6.25,6.0625,6.0625,4.786335468292236,532500
1999-03-17,6.5,6.8125,6.5,6.5625,5.181087017059326,984700
1999-03-18,6.625,6.75,6.4375,6.5,5.131742477416992,599900
1999-03-19,6.25,6.375,6.0,6.1875,4.885024547576904,1440400
1999-03-22,6.1875,6.5625,6.125,6.5,5.131742477416992,1102600
1999-03-23,6.5,6.625,6.25,6.375,5.03305721282959,380800
1999-03-24,6.3125,6.375,6.0,6.1875,4.885024547576904,469800
1999-03-25,6.1875,6.375,6.125,6.1875,4.885024547576904,319000
1999-03-26,6.25,6.375,6.125,6.3125,4.9837117195129395,451500
1999-03-29,6.375,6.5625,6.3125,6.375,5.03305721282959,457400
1999-03-30,6.3125,6.4375,6.25,6.3125,4.9837117195129395,345600
1999-03-31,6.4375,6.625,6.4375,6.5625,5.181087017059326,475800
1999-04-01,6.5625,6.625,6.5,6.5625,5.181087017059326,132900
1999-04-05,6.625,6.6875,6.3125,6.3125,4.9837117195129395,180900
1999-04-06,6.25,6.375,6.25,6.3125,4.9837117195129395,292800
1999-04-07,6.3125,6.375,6.1875,6.3125,4.9837117195129395,215800
1999-04-08,6.4375,6.8125,6.375,6.75,5.329117774963379,399400
1999-04-09,6.875,7.6875,6.875,7.5625,5.97058629989624,579700
1999-04-12,7.5,7.5625,7.1875,7.25,5.723868370056152,330500
1999-04-13,7.25,7.25,6.875,6.9375,5.477149486541748,370100
1999-04-14,6.875,8.25,6.75,7.625,6.019930839538574,1896300
1999-04-15,7.9375,8.75,7.9375,8.6875,6.858770847320557,1735900
1999-04-16,8.8125,9.6875,8.5,9.0625,7.154834747314453,1324500
1999-04-19,9.125,9.6875,8.9375,9.375,7.401550769805908,1216300
1999-04-20,9.25,9.25,9.0,9.125,7.204179763793945,745200
1999-04-21,9.1875,9.25,8.875,9.0,7.105491638183594,603700
1999-04-22,9.0,9.0625,8.8125,8.9375,7.056146621704102,435100
1999-04-23,8.875,9.125,8.5,8.75,6.908117294311523,992200
1999-04-26,8.6875,8.6875,8.3125,8.5,6.710742473602295,213900
1999-04-27,8.5625,8.875,8.4375,8.5625,6.760087013244629,332100
1999-04-28,8.625,8.9375,8.5,8.8125,6.95745849609375,283300
1999-04-29,8.75,9.5,8.75,9.375,7.401550769805908,800900
1999-04-30,9.75,10.0625,9.625,9.875,7.7963032722473145,1378600
1999-05-03,9.9375,10.875,9.9375,10.875,8.585801124572754,1052100
1999-05-04,11.0,12.0,11.0,11.25,8.881860733032227,1393300
1999-05-05,11.25,11.25,10.8125,10.9375,8.635148048400879,353900
1999-05-06,10.8125,11.125,10.6875,10.8125,8.536458015441895,286900
1999-05-07,10.8125,11.0,10.625,10.75,8.487112998962402,223300
1999-05-10,10.6875,10.9375,10.125,10.8125,8.536458015441895,402600
1999-05-11,11.0,11.3125,10.8125,11.125,8.783174514770508,954200
1999-05-12,11.0625,11.0625,10.625,10.75,8.49474811553955,270100
1999-05-13,10.8125,11.0,10.5625,10.625,8.395971298217773,340900
1999-05-14,10.5,10.625,10.4375,10.625,8.395971298217773,226700
1999-05-17,10.75,11.8125,10.75,11.1875,8.840465545654297,770100
1999-05-18,11.25,11.25,10.1875,10.25,8.099645614624023,375500
1999-05-19,10.25,10.5,9.875,9.9375,7.8527045249938965,304500
1999-05-20,10.0,10.6875,9.9375,10.625,8.395971298217773,324600
1999-05-21,11.875,12.9375,11.625,12.9375,10.223332405090332,2128200
1999-05-24,12.9375,13.4375,12.5,12.625,9.97638988494873,1596800
1999-05-25,12.625,12.75,11.75,11.9375,9.433124542236328,860400
1999-05-26,11.9375,12.0,11.25,11.75,9.284958839416504,483300
1999-05-27,11.75,12.6875,11.3125,11.3125,8.93924331665039,599300
1999-05-28,11.4375,11.6875,11.375,11.625,9.186182975769043,271100
1999-06-01,11.75,12.0625,11.75,11.875,9.383735656738281,346800
1999-06-02,11.25,11.375,11.0,11.125,8.791077613830566,495600
1999-06-03,11.1875,11.3125,10.75,11.25,8.889852523803711,366000
1999-06-04,11.375,11.5625,11.3125,11.5625,9.136794090270996,221500
1999-06-07,11.625,12.1875,11.5,11.75,9.284958839416504,314800
1999-06-08,11.75,11.875,11.5,11.5625,9.136794090270996,205400
1999-06-09,11.5625,11.5625,10.875,11.0,8.692303657531738,333800
1999-06-10,11.0,11.0,10.3125,10.8125,8.544137001037598,360000
1999-06-11,10.9375,10.9375,10.5625,10.8125,8.544137001037598,126600
1999-06-14,10.8125,10.9375,10.375,10.375,8.198424339294434,136100
1999-06-15,10.3125,10.8125,10.3125,10.625,8.395971298217773,116900
1999-06-16,10.5,10.625,10.3125,10.5,8.297197341918945,154900
1999-06-17,10.375,10.625,10.1875,10.625,8.395971298217773,229000
1999-06-18,11.75,11.8125,11.3125,11.5625,9.136794090270996,603100
1999-06-21,11.5625,12.125,11.5625,11.75,9.284958839416504,618600
1999-06-22,11.625,11.9375,11.375,11.375,8.988630294799805,220900
1999-06-23,11.1875,11.625,11.125,11.625,9.186182975769043,201900
1999-06-24,11.625,11.625,11.3125,11.4375,9.038019180297852,154700
1999-06-25,11.3125,11.5,11.1875,11.25,8.889852523803711,248700
1999-06-28,11.25,11.5,11.1875,11.5,9.08740520477295,349000
1999-06-29,11.625,11.6875,11.4375,11.5,9.08740520477295,338600
1999-06-30,11.4375,11.4375,11.1875,11.3125,8.93924331665039,456900
1999-07-01,11.3125,11.6875,11.3125,11.5625,9.136794090270996,237500
1999-07-02,11.625,11.75,11.4375,11.625,9.186182975769043,173100
1999-07-06,11.625,11.625,11.3125,11.375,8.988630294799805,160300
1999-07-07,11.25,11.3125,10.8125,10.875,8.593525886535645,282200
1999-07-08,10.8125,10.8125,10.625,10.75,8.49474811553955,284600
1999-07-09,10.8125,11.25,10.8125,11.25,8.889852523803711,321600
1999-07-12,11.25,11.5,11.125,11.3125,8.93924331665039,254900
1999-07-13,11.4375,11.4375,11.25,11.375,8.988630294799805,294100
1999-07-14,11.4375,11.4375,11.125,11.1875,8.840465545654297,288400
1999-07-15,11.125,11.25,11.0,11.1875,8.840465545654297,184900
1999-07-16,11.1875,11.3125,11.0,11.0625,8.741693496704102,82900
1999-07-19,11.0625,11.1875,11.0,11.125,8.791077613830566,208100
1999-07-20,11.0625,11.125,10.8125,10.9375,8.642915725708008,145700
1999-07-21,10.9375,11.0,10.75,11.0,8.692303657531738,119100
1999-07-22,10.875,10.9375,10.5625,10.9375,8.642915725708008,176100
1999-07-23,10.875,10.875,10.5,10.625,8.395971298217773,145400
1999-07-26,10.625,10.6875,10.4375,10.5,8.297197341918945,374400
1999-07-27,10.4375,10.625,10.3125,10.625,8.395971298217773,158700
1999-07-28,10.5625,10.5625,10.3125,10.5,8.297197341918945,258900
1999-07-29,10.25,10.3125,9.25,9.75,7.7045392990112305,612700
1999-07-30,9.8125,9.8125,9.25,9.375,7.408210754394531,574500
1999-08-02,9.375,9.375,8.5,8.6875,6.86494255065918,694600
1999-08-03,8.625,8.8125,8.25,8.6875,6.86494255065918,389900
1999-08-04,8.625,10.25,8.625,10.0,7.90209436416626,659700
1999-08-05,9.75,9.75,9.375,9.5,7.506988525390625,272300
1999-08-06,9.375,11.75,9.375,11.625,9.186182975769043,1838000
1999-08-09,11.5,11.5625,10.625,10.75,8.49474811553955,704700
1999-08-10,10.75,10.8125,8.9375,9.9375,7.8527045249938965,380100
1999-08-11,10.0,10.125,9.9375,10.0,7.90209436416626,250400
1999-08-12,9.9375,10.75,9.875,10.5,8.30550479888916,510900
1999-08-13,10.625,10.9375,10.5,10.8125,8.552692413330078,163500
1999-08-16,10.6875,10.875,10.5625,10.8125,8.552692413330078,793700
1999-08-17,10.75,10.8125,10.375,10.5,8.30550479888916,245900
1999-08-18,10.6875,10.875,10.6875,10.8125,8.552692413330078,231900
1999-08-19,10.75,10.8125,10.6875,10.8125,8.552692413330078,313900
1999-08-20,10.75,10.875,10.75,10.875,8.602128982543945,175400
1999-08-23,10.8125,10.875,10.75,10.8125,8.552692413330078,162700
1999-08-24,10.8125,10.875,10.8125,10.875,8.602128982543945,251700
1999-08-25,10.8125,10.9375,10.75,10.875,8.602128982543945,170000
1999-08-26,10.875,11.125,10.875,11.0625,8.750444412231445,158100
1999-08-27,10.9375,11.0,10.75,10.875,8.602128982543945,152300
1999-08-30,10.8125,10.8125,10.25,10.25,8.107751846313477,213900
1999-08-31,10.25,10.5,10.1875,10.3125,8.157191276550293,138500
1999-09-01,10.375,11.0625,10.3125,10.875,8.602128982543945,250200
1999-09-02,10.625,10.625,10.3125,10.5625,8.354940414428711,115900
1999-09-03,10.625,10.6875,10.5,10.625,8.404377937316895,119200
1999-09-07,10.5625,10.875,10.5,10.875,8.602128982543945,164600
1999-09-08,10.9375,12.125,10.6875,11.4375,9.047062873840332,884100
1999-09-09,11.5,11.5625,11.25,11.375,8.997626304626465,1001700
1999-09-10,11.375,11.5625,11.375,11.5625,9.1459379196167,139000
1999-09-13,11.4375,12.1875,11.4375,12.0,9.492003440856934,470500
1999-09-14,12.0,12.0625,11.6875,12.0,9.492003440856934,196100
1999-09-15,12.0625,12.0625,11.625,11.625,9.195379257202148,150300
1999-09-16,11.5,11.625,11.3125,11.5,9.096503257751465,161500
1999-09-17,11.5625,11.8125,11.5,11.75,9.29425048828125,163800
1999-09-20,11.75,11.8125,11.5,11.75,9.29425048828125,150800
1999-09-21,11.625,11.8125,11.5625,11.75,9.29425048828125,327400
1999-09-22,11.6875,11.875,11.625,11.75,9.29425048828125,274200
1999-09-23,11.75,11.8125,11.375,11.4375,9.047062873840332,114200
1999-09-24,11.0,11.0625,10.625,10.8125,8.552692413330078,245300
1999-09-27,11.0,11.875,10.9375,11.75,9.29425048828125,527000
1999-09-28,11.625,12.0625,11.625,12.0625,9.5414400100708,410700
1999-09-29,12.0625,13.5625,11.875,13.5,10.678507804870605,627700
1999-09-30,13.5,14.0,12.8125,13.0,10.283003807067871,959400
1999-10-01,12.875,12.875,12.4375,12.625,9.986380577087402,172300
1999-10-04,12.5625,12.625,12.5,12.5625,9.936942100524902,229400
1999-10-05,12.5625,12.6875,12.5625,12.6875,10.035815238952637,207400
1999-10-06,12.625,13.4375,12.625,13.1875,10.431317329406738,551800
1999-10-07,13.1875,13.1875,12.5,12.9375,10.233566284179688,159800
1999-10-08,13.0,13.0,12.75,12.875,10.18412971496582,89400
1999-10-11,13.0,13.0625,12.875,13.0625,10.332443237304688,173700
1999-10-12,13.0,13.125,12.8125,13.0,10.283003807067871,317700
1999-10-13,12.9375,12.9375,12.375,12.375,9.788626670837402,55900
1999-10-14,12.375,12.375,11.75,11.9375,9.442572593688965,128200
1999-10-15,12.0,12.0,11.5,11.5625,9.1459379196167,119700
1999-10-18,11.5,11.8125,11.4375,11.6875,9.244813919067383,106400
1999-10-19,11.75,11.75,11.4375,11.5,9.096503257751465,204400
1999-10-20,11.5,11.5,11.125,11.1875,8.849315643310547,125200
1999-10-21,11.1875,11.1875,10.5625,11.0,8.701004028320312,340500
1999-10-22,11.0,11.0625,10.6875,10.875,8.602128982543945,184500
1999-10-25,10.875,10.875,10.25,10.5,8.30550479888916,241900
1999-10-26,10.5625,10.5625,10.25,10.25,8.107751846313477,500300
1999-10-27,10.25,10.5625,9.5,9.9375,7.86056661605835,476700
1999-10-28,9.9375,11.875,9.9375,11.3125,8.948190689086914,340600
1999-10-29,11.1875,11.1875,10.6875,10.75,8.503252029418945,255600
1999-11-01,10.6875,10.875,10.4375,10.875,8.602128982543945,256800
1999-11-02,10.875,10.875,10.5625,10.6875,8.453815460205078,289900
1999-11-03,10.6875,11.0625,10.6875,11.0,8.701004028320312,225900
1999-11-04,11.0,11.375,11.0,11.375,8.997626304626465,195100
1999-11-05,11.4375,12.0625,11.4375,12.0625,9.5414400100708,270400
1999-11-08,12.0625,12.0625,11.625,11.625,9.195379257202148,205000
1999-11-09,11.625,12.0,11.5,11.9375,9.442572593688965,180200
1999-11-10,11.75,11.75,11.0,11.1875,8.856733322143555,211200
1999-11-11,11.25,11.25,11.0,11.125,8.807254791259766,110300
1999-11-12,11.25,11.3125,11.0,11.0625,8.757780075073242,185200
1999-11-15,11.0625,11.8125,11.0625,11.8125,9.351524353027344,212400
1999-11-16,11.75,12.0,11.625,11.875,9.401005744934082,234300
1999-11-17,11.75,12.125,11.75,11.875,9.401005744934082,313500
1999-11-18,11.9375,12.25,11.875,12.25,9.697879791259766,630600
1999-11-19,12.0,12.125,11.625,11.75,9.302042961120605,331500
1999-11-22,11.875,12.25,11.75,12.25,9.697879791259766,204600
1999-11-23,12.125,12.25,11.75,12.1875,9.64840030670166,395900
1999-11-24,12.0625,12.75,12.0625,12.5625,9.945273399353027,448500
1999-11-26,12.5625,12.625,12.4375,12.5,9.895792961120605,158900
1999-11-29,12.5,12.5625,12.375,12.4375,9.846311569213867,230200
1999-11-30,12.5625,13.0,12.5,12.5625,9.945273399353027,821500
1999-12-01,12.5,13.0,12.5,13.0,10.29162311553955,651900
1999-12-02,12.875,13.5,12.5,13.375,10.58849811553955,770000
1999-12-03,13.3125,13.8125,13.0625,13.75,10.885370254516602,527900
1999-12-06,13.75,14.125,13.6875,14.125,11.182247161865234,694400
1999-12-07,14.125,14.125,13.0,13.125,10.390583992004395,175000
1999-12-08,13.0,13.0625,12.5,12.75,10.093710899353027,459800
1999-12-09,12.9375,13.0625,12.5625,12.6875,10.044230461120605,385700
1999-12-10,12.625,12.875,12.3125,12.75,10.093710899353027,229700
1999-12-13,12.625,13.1875,12.375,12.9375,10.242146492004395,256100
1999-12-14,12.875,12.9375,12.625,12.9375,10.242146492004395,153400
1999-12-15,12.875,13.25,12.75,13.125,10.390583992004395,354700
1999-12-16,13.0,13.0,12.5625,12.75,10.093710899353027,387500
1999-12-17,12.625,12.6875,11.75,12.1875,9.64840030670166,309700
1999-12-20,12.125,13.125,12.125,13.0625,10.341106414794922,389100
1999-12-21,13.0,13.3125,13.0,13.3125,10.539018630981445,398000
1999-12-22,13.25,13.5,13.125,13.25,10.489538192749023,482200
1999-12-23,13.25,13.8125,13.125,13.5625,10.736936569213867,332600
1999-12-27,13.5625,13.8125,13.25,13.5,10.687459945678711,470700
1999-12-28,13.5,13.5,13.0625,13.4375,10.637979507446289,186600
1999-12-29,13.4375,13.4375,12.6875,13.125,10.390583992004395,167000
1999-12-30,13.25,13.3125,12.9375,13.0625,10.341106414794922,87900
1999-12-31,13.0625,13.4375,13.0,13.4375,10.637979507446289,127300
2000-01-03,13.125,13.125,12.1875,12.25,9.697879791259766,257600
2000-01-04,12.25,12.5625,12.125,12.5625,9.945273399353027,178900
2000-01-05,12.4375,12.875,12.0,12.75,10.093710899353027,148600
2000-01-06,12.75,13.6875,12.75,13.6875,10.835893630981445,962200
2000-01-07,13.6875,13.9375,13.5,13.5,10.687459945678711,776700
2000-01-10,13.5625,13.625,13.0625,13.0625,10.341106414794922,183300
2000-01-11,13.0625,13.0625,12.375,12.375,9.796833038330078,165200
2000-01-12,12.4375,12.5625,12.1875,12.5625,9.945273399353027,225000
2000-01-13,12.4375,12.75,12.1875,12.3125,9.747354507446289,146500
2000-01-14,12.3125,13.5625,12.3125,13.5,10.687459945678711,483700
2000-01-18,13.375,14.4375,13.3125,13.875,10.984332084655762,855800
2000-01-19,13.9375,14.0625,13.5,13.625,10.786416053771973,371800
2000-01-20,13.6875,13.6875,12.75,12.9375,10.242146492004395,210700
2000-01-21,12.75,12.8125,12.5,12.8125,10.143189430236816,176500
2000-01-24,12.8125,13.5,12.8125,13.0625,10.341106414794922,336000
2000-01-25,13.0,13.0625,12.0625,12.125,9.598918914794922,179200
2000-01-26,12.0,12.5,11.75,12.125,9.598918914794922,364500
2000-01-27,12.25,12.4375,11.8125,11.875,9.401005744934082,214700
2000-01-28,11.9375,12.0,11.4375,11.4375,9.054648399353027,128000
2000-01-31,11.5625,11.75,11.375,11.625,9.203088760375977,193700
2000-02-01,11.5625,12.0625,11.5,11.875,9.401005744934082,174000
2000-02-02,12.5,12.875,11.8125,11.8125,9.351524353027344,520600
2000-02-03,11.8125,12.0,11.5,11.8125,9.351524353027344,219800
2000-02-04,11.6875,11.6875,10.3125,10.75,8.510381698608398,1447700
2000-02-07,11.375,12.0625,11.375,11.9375,9.450488090515137,511500
2000-02-08,12.0,12.0,11.25,11.5,9.10412883758545,214700
2000-02-09,11.5625,11.75,11.375,11.375,9.005169868469238,110900
2000-02-10,11.375,11.625,10.75,10.75,8.510381698608398,335900
2000-02-11,10.5625,10.6875,10.1875,10.1875,8.07258129119873,655500
2000-02-14,10.25,11.5,10.25,11.125,8.815457344055176,355200
2000-02-15,11.0,11.125,10.6875,11.125,8.815457344055176,308600
2000-02-16,11.0,11.0,10.5625,11.0,8.716408729553223,266700
2000-02-17,11.0625,11.0625,10.625,10.75,8.518304824829102,229800
2000-02-18,10.6875,10.6875,10.5,10.5625,8.369730949401855,218800
2000-02-22,10.5625,10.8125,10.5625,10.8125,8.567831993103027,217100
2000-02-23,10.9375,10.9375,10.6875,10.8125,8.567831993103027,90600
2000-02-24,10.8125,10.875,10.5625,10.875,8.617354393005371,228200
2000-02-25,10.8125,11.125,10.625,11.125,8.815457344055176,217800
2000-02-28,11.125,11.375,10.9375,11.375,9.013556480407715,195400
2000-02-29,11.375,11.4375,10.875,11.0,8.716408729553223,132100
2000-03-01,11.0625,11.125,10.8125,10.875,8.617354393005371,94100
2000-03-02,10.75,10.75,10.5625,10.6875,8.468781471252441,157300
2000-03-03,10.6875,11.25,10.625,11.1875,8.864981651306152,232600
2000-03-06,11.0,11.3125,10.875,11.25,8.91450309753418,161700
2000-03-07,11.1875,11.1875,10.625,10.875,8.617354393005371,225700
2000-03-08,11.0,11.0,10.5625,10.6875,8.468781471252441,100800
2000-03-09,10.8125,10.875,10.0625,10.1875,8.07258129119873,299200
2000-03-10,10.5625,10.6875,10.375,10.375,8.221155166625977,370700
2000-03-13,10.25,10.25,10.125,10.1875,8.07258129119873,115000
2000-03-14,10.0625,10.3125,10.0,10.0625,7.973532676696777,170400
2000-03-15,10.1875,11.0,10.0625,10.8125,8.567831993103027,363200
2000-03-16,11.1875,12.0,11.1875,12.0,9.508808135986328,551400
2000-03-17,11.625,11.6875,11.3125,11.4375,9.063081741333008,190900
2000-03-20,11.5625,11.875,11.3125,11.6875,9.261184692382812,180900
2000-03-21,11.5625,12.0,11.5,12.0,9.508808135986328,366800
2000-03-22,12.0,12.1875,11.9375,12.0625,9.558332443237305,408300
2000-03-23,11.9375,11.9375,11.5625,11.625,9.21165657043457,126400
2000-03-24,11.75,11.9375,11.625,11.75,9.310705184936523,66000
2000-03-27,11.625,11.625,11.0,11.0,8.716408729553223,685400
2000-03-28,11.0,11.0625,10.9375,10.9375,8.666882514953613,418100
2000-03-29,11.0,11.125,10.9375,11.0625,8.7659330368042,103500
2000-03-30,11.125,11.6875,11.0625,11.375,9.013556480407715,283900
2000-03-31,11.4375,11.5625,11.1875,11.375,9.013556480407715,389400
2000-04-03,11.5,11.5,11.0,11.0625,8.7659330368042,104100
2000-04-04,11.125,11.25,10.0,10.8125,8.567831993103027,351400
2000-04-05,10.6875,10.875,10.3125,10.5625,8.369730949401855,151700
2000-04-06,10.625,10.8125,10.5625,10.8125,8.567831993103027,131700
2000-04-07,10.75,11.0,10.75,10.9375,8.666882514953613,268400
2000-04-10,11.0,11.125,10.6875,10.6875,8.468781471252441,200700
2000-04-11,10.5625,11.1875,10.5625,11.0,8.716408729553223,249900
2000-04-12,11.3125,12.125,11.3125,12.0625,9.558332443237305,1189600
2000-04-13,11.9375,12.4375,11.4375,12.125,9.607857704162598,552200
2000-04-14,12.0,12.0,11.625,11.75,9.310705184936523,167300
2000-04-17,11.625,12.0,11.625,12.0,9.508808135986328,177700
2000-04-18,11.875,12.125,11.8125,12.125,9.607857704162598,210900
2000-04-19,12.0,12.0,11.5625,11.625,9.21165657043457,178200
2000-04-20,11.625,12.125,11.5625,11.9375,9.459282875061035,451200
2000-04-24,11.875,11.875,11.25,11.25,8.91450309753418,100100
2000-04-25,11.375,11.875,11.3125,11.875,9.409758567810059,93900
2000-04-26,11.875,12.0,11.75,11.875,9.409758567810059,186500
2000-04-27,11.75,11.875,11.5625,11.8125,9.360231399536133,81600
2000-04-28,11.875,11.9375,11.625,11.875,9.409758567810059,204700
2000-05-01,11.875,12.3125,11.875,11.9375,9.459282875061035,310400
2000-05-02,12.0,12.0,11.875,12.0,9.508808135986328,241200
2000-05-03,11.875,11.9375,11.6875,11.8125,9.360231399536133,114500
2000-05-04,11.75,12.0625,11.75,11.9375,9.459282875061035,132200
2000-05-05,11.9375,12.0,11.5,11.6875,9.261184692382812,110800
2000-05-08,11.75,12.0,11.6875,11.75,9.310705184936523,63300
2000-05-09,11.875,12.0,11.625,11.75,9.310705184936523,97900
2000-05-10,11.8125,12.125,11.375,12.0625,9.558332443237305,478100
2000-05-11,12.0,12.25,11.625,11.9375,9.467130661010742,494900
2000-05-12,12.25,13.5625,12.25,13.5,10.706287384033203,1157500
2000-05-15,13.8125,14.0,13.375,13.5625,10.755849838256836,424500
2000-05-16,13.8125,14.5,13.8125,14.375,11.400211334228516,1217000
2000-05-17,14.125,14.125,13.75,13.9375,11.053251266479492,242900
2000-05-18,13.8125,14.0625,13.8125,13.875,11.003677368164062,429900
2000-05-19,13.8125,13.8125,13.125,13.25,10.50801944732666,166700
2000-05-22,13.125,13.375,13.0625,13.25,10.50801944732666,115600
2000-05-23,13.125,13.1875,12.6875,12.75,10.111489295959473,194000
2000-05-24,12.75,13.5625,12.75,13.5625,10.755849838256836,478200
2000-05-25,13.5625,13.5625,13.0625,13.0625,10.359323501586914,314800
2000-05-26,13.0625,13.125,12.75,12.8125,10.161056518554688,52400
2000-05-30,12.6875,12.75,12.375,12.625,10.012362480163574,340000
2000-05-31,12.5,12.5625,12.3125,12.5,9.913224220275879,261300
2000-06-01,12.5,12.8125,12.5,12.8125,10.161056518554688,141200
2000-06-02,12.6875,13.125,12.5625,12.9375,10.260188102722168,304900
2000-06-05,12.9375,13.0,12.0625,12.4375,9.863658905029297,229600
2000-06-06,12.5,12.75,12.375,12.5,9.913224220275879,203700
2000-06-07,12.4375,12.5625,12.375,12.5,9.913224220275879,104600
2000-06-08,12.4375,12.4375,12.25,12.3125,9.76452350616455,58700
2000-06-09,12.3125,12.5,12.125,12.3125,9.76452350616455,86700
2000-06-12,12.4375,12.4375,12.125,12.1875,9.665395736694336,65100
2000-06-13,12.125,12.1875,11.875,12.1875,9.665395736694336,149100
2000-06-14,12.1875,12.5,12.1875,12.375,9.814095497131348,208500
2000-06-15,12.375,12.4375,11.8125,12.25,9.714964866638184,114000
2000-06-16,12.125,12.25,11.875,12.125,9.615830421447754,177600
2000-06-19,12.1875,12.1875,11.1875,11.5625,9.169734001159668,98600
2000-06-20,11.1875,11.4375,11.125,11.3125,8.97147274017334,219600
2000-06-21,11.0625,11.3125,11.0,11.25,8.921897888183594,269700
2000-06-22,11.25,11.3125,10.75,10.9375,8.674074172973633,407200
2000-06-23,10.9375,10.9375,10.25,10.6875,8.475808143615723,550000
2000-06-26,10.6875,10.875,10.6875,10.8125,8.574939727783203,193200
2000-06-27,10.875,11.375,10.875,11.375,9.021034240722656,71900
2000-06-28,11.3125,11.5625,11.0625,11.5625,9.169734001159668,182200
2000-06-29,11.5625,11.6875,11.3125,11.6875,9.268869400024414,105900
2000-06-30,11.6875,12.375,11.6875,12.25,9.714964866638184,616000
2000-07-03,12.125,12.125,11.75,11.9375,9.467130661010742,70000
2000-07-05,11.9375,12.375,11.9375,12.25,9.714964866638184,161600
2000-07-06,12.3125,12.4375,12.0,12.1875,9.665395736694336,271500
2000-07-07,12.0625,12.125,11.75,11.875,9.417564392089844,400000
2000-07-10,12.0,12.125,11.9375,11.9375,9.467130661010742,88100
2000-07-11,12.0625,12.125,11.875,12.125,9.615830421447754,262500
2000-07-12,12.0625,12.5625,12.0,12.5625,9.962791442871094,104600
2000-07-13,12.3125,13.0,12.25,13.0,10.309755325317383,236000
2000-07-14,12.875,13.125,12.625,13.0625,10.359323501586914,199200
2000-07-17,13.1875,13.1875,12.75,12.8125,10.161056518554688,184500
2000-07-18,12.875,13.125,12.875,12.875,10.210620880126953,140000
2000-07-19,12.9375,13.0,12.875,12.9375,10.260188102722168,110600
2000-07-20,12.9375,13.125,12.875,13.0625,10.359323501586914,257100
2000-07-21,13.0,13.0625,12.8125,12.875,10.210620880126953,84000
2000-07-24,13.0,13.0625,12.6875,12.8125,10.161056518554688,134000
2000-07-25,12.9375,13.25,12.875,13.0625,10.359323501586914,208800
2000-07-26,13.0625,13.1875,12.9375,12.9375,10.260188102722168,319000
2000-07-27,13.0625,13.0625,12.875,13.0,10.309755325317383,180900
2000-07-28,12.9375,13.0625,12.8125,12.9375,10.260188102722168,255200
2000-07-31,12.875,12.9375,12.8125,12.875,10.210620880126953,169200
2000-08-01,12.9375,12.9375,12.8125,12.875,10.210620880126953,116100
2000-08-02,12.875,12.9375,12.875,12.9375,10.260188102722168,232900
2000-08-03,12.9375,12.9375,12.875,12.9375,10.260188102722168,85300
2000-08-04,12.875,12.9375,12.8125,12.9375,10.260188102722168,194500
2000-08-07,12.875,12.9375,12.625,12.8125,10.161056518554688,128300
2000-08-08,12.875,13.0,12.8125,12.9375,10.260188102722168,129700
2000-08-09,12.875,13.125,12.75,12.875,10.210620880126953,273100
2000-08-10,12.75,12.75,12.125,12.1875,9.665395736694336,120000
2000-08-11,11.875,12.3125,11.875,12.125,9.623726844787598,311800
2000-08-14,12.125,12.5625,12.0625,12.25,9.722944259643555,158500
2000-08-15,12.1875,12.1875,11.875,12.0,9.524514198303223,203200
2000-08-16,11.9375,11.9375,11.4375,11.5,9.127656936645508,334000
2000-08-17,11.5,11.5,10.875,10.875,8.631587982177734,348400
2000-08-18,10.9375,11.0,10.0,10.0,7.937092304229736,2944600
2000-08-21,10.125,10.6875,10.125,10.6875,8.482766151428223,540400
2000-08-22,10.625,10.9375,10.625,10.875,8.631587982177734,159500
2000-08-23,10.75,10.75,10.5625,10.75,8.532379150390625,87600
2000-08-24,10.75,11.0,10.75,10.9375,8.681196212768555,166400
2000-08-25,10.9375,10.9375,10.6875,10.75,8.532379150390625,193300
2000-08-28,10.875,11.25,10.8125,11.125,8.83001708984375,257100
2000-08-29,11.125,11.25,11.0,11.0,8.730804443359375,421000
2000-08-30,10.875,10.9375,10.625,10.625,8.433161735534668,150100
2000-08-31,10.5,10.6875,10.5,10.5,8.33394718170166,184700
2000-09-01,10.625,10.625,10.3125,10.5,8.33394718170166,64500
2000-09-05,10.5,10.5,10.3125,10.375,8.234734535217285,88600
2000-09-06,10.375,10.625,10.1875,10.5,8.33394718170166,248900
2000-09-07,10.625,10.625,10.25,10.4375,8.284340858459473,97900
2000-09-08,10.5,10.5,10.1875,10.25,8.135519027709961,144600
2000-09-11,10.375,10.625,10.25,10.5625,8.383552551269531,204200
2000-09-12,10.5625,10.625,10.4375,10.5,8.33394718170166,241600
2000-09-13,10.5,10.5,10.0625,10.4375,8.284340858459473,237100
2000-09-14,10.5,10.5625,10.3125,10.5625,8.383552551269531,212800
2000-09-15,10.5,10.5,10.3125,10.4375,8.284340858459473,156100
2000-09-18,10.375,10.375,10.25,10.3125,8.185126304626465,80500
2000-09-19,10.25,10.25,10.125,10.1875,8.085916519165039,223500
2000-09-20,10.0625,10.1875,9.9375,10.0625,7.986701488494873,279300
2000-09-21,10.0625,10.4375,10.0625,10.4375,8.284340858459473,290500
2000-09-22,10.375,10.625,10.0,10.5625,8.383552551269531,711100
2000-09-25,10.5,10.9375,10.375,10.9375,8.681196212768555,145900
2000-09-26,10.9375,11.0625,10.8125,10.9375,8.681196212768555,201700
2000-09-27,11.0,11.0625,10.875,10.9375,8.681196212768555,147000
2000-09-28,10.9375,11.375,10.9375,11.3125,8.978837966918945,116000
2000-09-29,11.375,12.3125,11.3125,11.875,9.425297737121582,295900
2000-10-02,11.8125,11.8125,11.5,11.5625,9.177264213562012,293900
2000-10-03,11.5,11.8125,11.5,11.6875,9.276479721069336,91200
2000-10-04,11.6875,11.8125,11.5,11.5625,9.177264213562012,176800
2000-10-05,11.5625,11.6875,11.5,11.5,9.127656936645508,212200
2000-10-06,11.5,11.75,11.4375,11.6875,9.276479721069336,385900
2000-10-09,11.625,11.875,11.5625,11.8125,9.375692367553711,225200
2000-10-10,11.875,11.875,11.4375,11.5,9.127656936645508,122000
2000-10-11,11.4375,11.625,11.25,11.3125,8.978837966918945,434000
2000-10-12,11.25,11.25,11.0,11.0,8.730804443359375,375300
2000-10-13,11.0,11.375,10.625,11.375,9.028443336486816,194600
2000-10-16,11.3125,11.6875,11.25,11.5,9.127656936645508,103500
2000-10-17,11.5,11.5625,11.25,11.375,9.028443336486816,162800
2000-10-18,11.25,11.5625,11.0625,11.5,9.127656936645508,235800
2000-10-19,11.5,11.625,11.4375,11.5,9.127656936645508,97800
2000-10-20,11.375,11.5,11.25,11.375,9.028443336486816,99100
2000-10-23,11.3125,11.3125,11.125,11.1875,8.879623413085938,380400
2000-10-24,11.0625,11.8125,11.0625,11.75,9.32608699798584,303800
2000-10-25,11.75,11.875,11.625,11.8125,9.375692367553711,153400
2000-10-26,11.75,11.875,11.5,11.625,9.226874351501465,623200
2000-10-27,11.625,11.875,11.0625,11.125,8.83001708984375,590200
2000-10-30,11.0625,11.5625,11.0625,11.5625,9.177264213562012,182300
2000-10-31,10.875,11.4375,10.875,11.375,9.028443336486816,137500
2000-11-01,11.375,11.375,11.0625,11.25,8.929227828979492,146600
2000-11-02,11.25,11.375,10.875,11.0,8.730804443359375,510900
2000-11-03,11.0,11.0,10.75,10.8125,8.58198070526123,99300
2000-11-06,10.9375,10.9375,10.5,10.6875,8.482766151428223,331900
2000-11-07,10.6875,10.6875,10.375,10.5,8.33394718170166,284200
2000-11-08,10.5,10.5625,10.375,10.5,8.33394718170166,601200
2000-11-09,10.375,10.5,10.0625,10.25,8.135519027709961,105900
2000-11-10,10.125,10.1875,10.0625,10.125,8.036309242248535,93400
2000-11-13,10.0,10.0,9.8125,9.9375,7.8952860832214355,90000
2000-11-14,10.0625,10.375,10.0,10.3125,8.193216323852539,607700
2000-11-15,10.1875,10.5,10.1875,10.25,8.143561363220215,241600
2000-11-16,10.25,10.25,9.625,9.6875,7.696664810180664,292600
2000-11-17,9.8125,10.25,9.6875,10.1875,8.093913078308105,570300
2000-11-20,10.0625,10.0625,9.75,10.0,7.944941997528076,195900
2000-11-21,10.0,10.5,9.875,10.4375,8.292533874511719,569000
2000-11-22,10.4375,10.5,10.125,10.125,8.044251441955566,439100
2000-11-24,10.25,10.375,10.25,10.375,8.242875099182129,118300
2000-11-27,10.3125,10.4375,10.25,10.3125,8.193216323852539,297000
2000-11-28,10.3125,10.4375,9.4375,10.0,7.944941997528076,392700
2000-11-29,9.875,10.0,9.8125,9.875,7.845626354217529,101300
2000-11-30,9.875,10.0,9.625,9.75,7.7463178634643555,186800
2000-12-01,9.8125,10.0,9.8125,10.0,7.944941997528076,140300
2000-12-04,9.9375,10.375,9.9375,10.3125,8.193216323852539,337100
2000-12-05,10.375,10.375,9.9375,10.0625,7.9945969581604,133200
2000-12-06,10.0,10.125,9.8125,9.9375,7.8952860832214355,233300
2000-12-07,9.875,10.25,9.875,9.875,7.845626354217529,150200
2000-12-08,9.875,10.125,9.8125,10.125,8.044251441955566,735900
2000-12-11,10.0625,10.1875,10.0,10.125,8.044251441955566,211300
2000-12-12,10.0625,10.5,10.0625,10.375,8.242875099182129,391500
2000-12-13,10.5,10.5,9.9375,10.0,7.944941997528076,254600
2000-12-14,9.9375,10.0625,9.875,9.875,7.845626354217529,164700
2000-12-15,9.8125,9.9375,9.8125,9.9375,7.8952860832214355,235500
2000-12-18,9.8125,9.9375,9.6875,9.9375,7.8952860832214355,213600
2000-12-19,9.875,10.25,9.875,10.0625,7.9945969581604,208200
2000-12-20,10.0625,10.125,9.9375,9.9375,7.8952860832214355,208400
2000-12-21,10.0,10.125,9.9375,10.125,8.044251441955566,137900
2000-12-22,10.1875,10.375,10.0625,10.25,8.143561363220215,221400
2000-12-26,10.25,10.625,10.25,10.4375,8.292533874511719,235100
2000-12-27,10.375,11.0625,10.375,11.0,8.739437103271484,278800
2000-12-28,10.9375,11.6875,10.875,11.5625,9.186338424682617,281600
2000-12-29,11.5625,12.375,11.5625,12.125,9.633238792419434,281500
2001-01-02,12.0625,12.0625,11.6875,11.875,9.434616088867188,494800
2001-01-03,11.8125,12.4375,11.8125,12.0,9.533926010131836,374600
2001-01-04,12.0,12.1875,11.9375,12.125,9.633238792419434,416000
2001-01-05,12.0625,12.0625,11.75,11.9375,9.484275817871094,94200
2001-01-08,11.8125,11.9375,11.75,11.9375,9.484275817871094,103300
2001-01-09,11.875,12.0,11.875,12.0,9.533926010131836,225300
2001-01-10,11.875,12.0625,11.875,12.0,9.533926010131836,573600
2001-01-11,12.0,12.0,11.8125,12.0,9.533926010131836,82800
2001-01-12,12.0,12.0,11.5,11.6875,9.28564739227295,406800
2001-01-16,11.6875,12.0,11.6875,12.0,9.533926010131836,97100
2001-01-17,12.0,12.1875,11.75,11.9375,9.484275817871094,231400
2001-01-18,11.9375,11.9375,11.125,11.5625,9.186338424682617,203200
2001-01-19,11.5,11.5625,11.25,11.25,8.938056945800781,106700
2001-01-22,11.3125,11.3125,10.9375,11.125,8.838744163513184,115500
2001-01-23,11.25,11.3125,11.1875,11.3125,8.987712860107422,227600
2001-01-24,11.375,11.625,11.25,11.5,9.13668441772461,263400
2001-01-25,11.4375,11.75,11.4375,11.625,9.235992431640625,120800
2001-01-26,11.5,11.5,11.25,11.4375,9.087026596069336,122100
2001-01-29,11.5,11.979999542236328,11.5,11.819999694824219,9.390917778015137,81800
2001-01-30,11.75,12.100000381469727,11.710000038146973,12.0,9.533926010131836,179100
2001-01-31,12.0,12.050000190734863,11.899999618530273,11.989999771118164,9.525984764099121,120100
2001-02-01,12.0,12.09000015258789,11.760000228881836,11.989999771118164,9.525984764099121,91300
2001-02-02,11.970000267028809,12.0,11.760000228881836,11.8100004196167,9.38297176361084,119300
2001-02-05,11.819999694824219,11.949999809265137,11.319999694824219,11.949999809265137,9.494202613830566,59300
2001-02-06,11.949999809265137,11.970000267028809,11.539999961853027,11.920000076293945,9.470369338989258,98700
2001-02-07,11.930000305175781,11.989999771118164,11.699999809265137,11.989999771118164,9.525984764099121,69300
2001-02-08,11.949999809265137,11.949999809265137,11.399999618530273,11.720000267028809,9.311470031738281,82300
2001-02-09,11.720000267028809,11.949999809265137,11.720000267028809,11.819999694824219,9.390917778015137,166000
2001-02-12,11.819999694824219,11.819999694824219,11.670000076293945,11.800000190734863,9.375028610229492,178200
2001-02-13,11.890000343322754,12.199999809265137,11.890000343322754,11.970000267028809,9.518159866333008,411400
2001-02-14,12.0,12.079999923706055,11.960000038146973,12.0,9.542012214660645,143500
2001-02-15,11.949999809265137,12.100000381469727,11.899999618530273,11.920000076293945,9.478401184082031,168900
2001-02-16,11.899999618530273,11.899999618530273,11.5,11.729999542236328,9.327315330505371,105200
2001-02-20,11.729999542236328,11.729999542236328,11.350000381469727,11.350000381469727,9.025155067443848,100300
2001-02-21,11.149999618530273,11.15999984741211,11.0,11.0,8.746845245361328,141500
2001-02-22,11.0,11.229999542236328,11.0,11.229999542236328,8.929737091064453,105700
2001-02-23,11.199999809265137,11.300000190734863,10.880000114440918,11.079999923706055,8.810460090637207,182100
2001-02-26,11.100000381469727,11.279999732971191,11.100000381469727,11.279999732971191,8.969494819641113,100300
2001-02-27,11.199999809265137,11.59000015258789,11.199999809265137,11.569999694824219,9.200093269348145,143100
2001-02-28,11.569999694824219,11.90999984741211,11.569999694824219,11.800000190734863,9.382977485656738,472100
2001-03-01,11.600000381469727,11.779999732971191,11.579999923706055,11.710000038146973,9.311415672302246,1071100
2001-03-02,11.399999618530273,11.399999618530273,11.100000381469727,11.15999984741211,8.87407398223877,387000
2001-03-05,11.15999984741211,11.15999984741211,10.449999809265137,10.5,8.349266052246094,801400
2001-03-06,10.600000381469727,10.989999771118164,10.5,10.5,8.349266052246094,326900
2001-03-07,10.699999809265137,10.930000305175781,10.6899995803833,10.699999809265137,8.508296012878418,354100
2001-03-08,10.710000038146973,10.899999618530273,10.600000381469727,10.600000381469727,8.4287748336792,348400
2001-03-09,10.630000114440918,10.710000038146973,10.550000190734863,10.579999923706055,8.41287612915039,372500
2001-03-12,10.5,10.529999732971191,10.079999923706055,10.079999923706055,8.01529312133789,233600
2001-03-13,10.050000190734863,10.1899995803833,9.6899995803833,10.050000190734863,7.991440296173096,646500
2001-03-14,9.949999809265137,10.130000114440918,9.949999809265137,10.039999961853027,7.983484268188477,445000
2001-03-15,10.100000381469727,11.0600004196167,10.100000381469727,11.0600004196167,8.794554710388184,712200
2001-03-16,10.5,10.800000190734863,10.5,10.800000190734863,8.587814331054688,743700
2001-03-19,10.75,11.0,10.550000190734863,10.8100004196167,8.595766067504883,281900
2001-03-20,10.710000038146973,10.84000015258789,10.550000190734863,10.770000457763672,8.563960075378418,130400
2001-03-21,10.5,10.510000228881836,9.75,9.989999771118164,7.9437255859375,301900
2001-03-22,9.989999771118164,9.989999771118164,9.119999885559082,9.489999771118164,7.546144008636475,236000
2001-03-23,9.699999809265137,9.739999771118164,9.430000305175781,9.479999542236328,7.538193702697754,215400
2001-03-26,9.449999809265137,9.850000381469727,9.449999809265137,9.729999542236328,7.736983776092529,232400
2001-03-27,9.829999923706055,9.949999809265137,9.34000015258789,9.949999809265137,7.911921501159668,204800
2001-03-28,9.600000381469727,9.819999694824219,9.470000267028809,9.729999542236328,7.736983776092529,111700
2001-03-29,9.630000114440918,9.739999771118164,9.380000114440918,9.579999923706055,7.617710113525391,110900
2001-03-30,9.579999923706055,9.739999771118164,9.300000190734863,9.600000381469727,7.633609771728516,190000
2001-04-02,9.75,9.779999732971191,9.130000114440918,9.140000343322754,7.267834186553955,431400
2001-04-03,9.140000343322754,9.140000343322754,8.390000343322754,8.390000343322754,6.671457290649414,611800
2001-04-04,8.399999618530273,8.699999809265137,8.0,8.0,6.361342430114746,388900
2001-04-05,8.100000381469727,8.449999809265137,8.029999732971191,8.069999694824219,6.4170050621032715,446800
2001-04-06,8.170000076293945,8.1899995803833,7.940000057220459,8.069999694824219,6.4170050621032715,464000
2001-04-09,8.100000381469727,8.350000381469727,8.079999923706055,8.300000190734863,6.599891662597656,594600
2001-04-10,8.300000190734863,8.75,8.199999809265137,8.199999809265137,6.520376682281494,636400
2001-04-11,8.300000190734863,8.449999809265137,8.050000190734863,8.300000190734863,6.599891662597656,479600
2001-04-12,8.199999809265137,8.449999809265137,8.0,8.399999618530273,6.679409980773926,655900
2001-04-16,8.399999618530273,8.40999984741211,7.900000095367432,8.350000381469727,6.639652729034424,545500
2001-04-17,8.350000381469727,8.789999961853027,8.350000381469727,8.470000267028809,6.735072135925293,975700
2001-04-18,8.550000190734863,9.100000381469727,8.449999809265137,9.079999923706055,7.220123767852783,327500
2001-04-19,9.0,9.5,8.859999656677246,9.5,7.5540947914123535,267900
2001-04-20,9.399999618530273,9.399999618530273,8.760000228881836,8.859999656677246,7.045186519622803,312500
2001-04-23,9.0,9.050000190734863,8.869999885559082,8.979999542236328,7.140608310699463,174700
2001-04-24,8.979999542236328,9.100000381469727,8.899999618530273,9.0,7.156510829925537,220400
2001-04-25,8.979999542236328,9.15999984741211,8.920000076293945,9.100000381469727,7.236026763916016,145900
2001-04-26,9.029999732971191,9.149999618530273,8.300000190734863,8.300000190734863,6.599891662597656,209900
2001-04-27,8.899999618530273,9.0,8.779999732971191,8.930000305175781,7.100850582122803,125800
2001-04-30,8.829999923706055,8.899999618530273,8.649999618530273,8.699999809265137,6.917962551116943,155800
2001-05-01,8.699999809265137,8.770000457763672,8.5,8.5,6.758927345275879,254500
2001-05-02,8.399999618530273,8.699999809265137,8.369999885559082,8.579999923706055,6.822540283203125,180100
2001-05-03,8.5,8.550000190734863,8.279999732971191,8.380000114440918,6.663506507873535,90200
2001-05-04,8.350000381469727,8.649999618530273,8.180000305175781,8.619999885559082,6.854344844818115,207100
2001-05-07,8.550000190734863,8.8100004196167,8.399999618530273,8.800000190734863,6.99747896194458,307100
2001-05-08,8.699999809265137,8.800000190734863,8.350000381469727,8.800000190734863,6.99747896194458,226500
2001-05-09,8.699999809265137,8.710000038146973,8.510000228881836,8.630000114440918,6.862298965454102,151300
2001-05-10,8.699999809265137,8.760000228881836,8.579999923706055,8.600000381469727,6.838444232940674,188300
2001-05-11,8.649999618530273,8.699999809265137,8.260000228881836,8.329999923706055,6.623747825622559,86700
2001-05-14,8.399999618530273,8.479999542236328,8.260000228881836,8.300000190734863,6.599891662597656,203200
2001-05-15,8.300000190734863,8.319999694824219,8.199999809265137,8.300000190734863,6.599891662597656,409800
2001-05-16,8.25,8.300000190734863,8.100000381469727,8.100000381469727,6.440857410430908,237400
2001-05-17,8.100000381469727,8.100000381469727,7.900000095367432,8.100000381469727,6.440857410430908,867400
2001-05-18,8.029999732971191,8.0600004196167,8.020000457763672,8.0600004196167,6.409053802490234,85000
2001-05-21,8.039999961853027,8.149999618530273,8.0,8.149999618530273,6.480618953704834,346900
2001-05-22,8.149999618530273,8.479999542236328,8.050000190734863,8.350000381469727,6.639652729034424,309800
2001-05-23,8.319999694824219,8.34000015258789,8.210000038146973,8.260000228881836,6.56808614730835,181500
2001-05-24,8.229999542236328,8.390000343322754,8.15999984741211,8.350000381469727,6.639652729034424,277200
2001-05-25,8.380000114440918,8.619999885559082,8.380000114440918,8.529999732971191,6.782781600952148,211800
2001-05-29,8.5,8.670000076293945,8.5,8.670000076293945,6.894105434417725,299200
2001-05-30,8.649999618530273,8.720000267028809,8.550000190734863,8.5600004196167,6.806639194488525,262900
2001-05-31,8.5600004196167,8.800000190734863,8.5600004196167,8.649999618530273,6.878200531005859,155900
2001-06-01,8.649999618530273,8.970000267028809,8.649999618530273,8.930000305175781,7.100850582122803,229400
2001-06-04,8.829999923706055,8.869999885559082,8.510000228881836,8.800000190734863,6.99747896194458,527900
2001-06-05,8.800000190734863,8.979999542236328,8.699999809265137,8.770000457763672,6.973622798919678,272300
2001-06-06,8.75,8.850000381469727,8.649999618530273,8.649999618530273,6.878200531005859,299600
2001-06-07,8.600000381469727,8.819999694824219,8.5,8.729999542236328,6.94181489944458,245100
2001-06-08,8.75,8.75,8.5,8.600000381469727,6.838444232940674,100800
2001-06-11,8.550000190734863,8.670000076293945,8.5,8.5,6.758927345275879,417800
2001-06-12,8.449999809265137,8.579999923706055,8.300000190734863,8.489999771118164,6.750974655151367,332200
2001-06-13,8.529999732971191,8.680000305175781,8.449999809265137,8.449999809265137,6.719169616699219,92200
2001-06-14,8.449999809265137,8.520000457763672,8.40999984741211,8.510000228881836,6.766880512237549,70500
2001-06-15,8.369999885559082,8.5,8.1899995803833,8.300000190734863,6.599891662597656,374100
2001-06-18,8.100000381469727,8.300000190734863,8.010000228881836,8.020000457763672,6.377246379852295,241100
2001-06-19,8.079999923706055,8.149999618530273,8.0,8.050000190734863,6.401103496551514,325200
2001-06-20,8.029999732971191,8.369999885559082,8.029999732971191,8.319999694824219,6.615795135498047,273400
2001-06-21,8.300000190734863,8.449999809265137,8.289999961853027,8.3100004196167,6.607845783233643,101200
2001-06-22,8.399999618530273,8.399999618530273,8.279999732971191,8.3100004196167,6.607845783233643,210300
2001-06-25,8.319999694824219,8.319999694824219,8.140000343322754,8.180000305175781,6.504473686218262,146500
2001-06-26,8.180000305175781,8.649999618530273,8.170000076293945,8.649999618530273,6.878200531005859,1433400
2001-06-27,8.649999618530273,8.710000038146973,8.529999732971191,8.649999618530273,6.878200531005859,201400
2001-06-28,8.649999618530273,8.930000305175781,8.649999618530273,8.850000381469727,7.037236213684082,155800
2001-06-29,8.850000381469727,9.149999618530273,8.829999923706055,9.149999618530273,7.275785446166992,375200
2001-07-02,9.100000381469727,9.100000381469727,8.880000114440918,8.880000114440918,7.061091423034668,235800
2001-07-03,8.779999732971191,9.09000015258789,8.75,9.039999961853027,7.188319206237793,143700
2001-07-05,9.050000190734863,9.239999771118164,8.970000267028809,9.180000305175781,7.299641132354736,103400
2001-07-06,9.149999618530273,9.149999618530273,8.9399995803833,9.0,7.156510829925537,156600
2001-07-09,9.010000228881836,9.390000343322754,9.0,9.220000267028809,7.331447124481201,226600
2001-07-10,9.25,9.270000457763672,9.149999618530273,9.25,7.355299949645996,290100
2001-07-11,9.199999809265137,9.449999809265137,9.149999618530273,9.399999618530273,7.474579811096191,172600
2001-07-12,9.449999809265137,9.979999542236328,9.449999809265137,9.859999656677246,7.840356826782227,193000
2001-07-13,9.800000190734863,10.029999732971191,9.739999771118164,9.899999618530273,7.872162818908691,141100
2001-07-16,9.949999809265137,10.100000381469727,9.510000228881836,9.600000381469727,7.633609771728516,199900
2001-07-17,9.65999984741211,9.699999809265137,9.569999694824219,9.680000305175781,7.697225570678711,149400
2001-07-18,9.630000114440918,9.680000305175781,9.300000190734863,9.3100004196167,7.403012275695801,234600
2001-07-19,9.40999984741211,9.5,9.350000381469727,9.449999809265137,7.514336109161377,324000
2001-07-20,9.5,9.600000381469727,9.460000038146973,9.5600004196167,7.601808547973633,229100
2001-07-23,9.600000381469727,9.640000343322754,9.350000381469727,9.489999771118164,7.546144008636475,95400
2001-07-24,9.5,9.5,9.270000457763672,9.279999732971191,7.3791584968566895,153100
2001-07-25,9.25,9.699999809265137,9.25,9.649999618530273,7.673369407653809,95400
2001-07-26,9.699999809265137,9.949999809265137,9.300000190734863,9.949999809265137,7.911921501159668,165600
2001-07-27,9.899999618530273,9.899999618530273,9.5,9.869999885559082,7.848307132720947,118000
2001-07-30,9.949999809265137,10.25,9.75,10.25,8.150469779968262,181000
2001-07-31,10.25,10.369999885559082,10.220000267028809,10.3100004196167,8.198180198669434,244400
2001-08-01,10.300000190734863,10.5,10.300000190734863,10.460000038146973,8.31745719909668,237200
2001-08-02,10.449999809265137,10.470000267028809,10.25,10.319999694824219,8.206133842468262,100500
2001-08-03,10.380000114440918,10.600000381469727,10.25,10.489999771118164,8.34131145477295,254300
2001-08-06,10.489999771118164,10.529999732971191,10.319999694824219,10.369999885559082,8.245893478393555,131200
2001-08-07,10.449999809265137,10.5,10.34000015258789,10.489999771118164,8.34131145477295,215600
2001-08-08,10.449999809265137,10.449999809265137,10.199999809265137,10.25,8.150469779968262,312100
2001-08-09,10.229999542236328,10.229999542236328,10.109999656677246,10.130000114440918,8.055052757263184,312300
2001-08-10,10.050000190734863,10.239999771118164,10.050000190734863,10.210000038146973,8.118663787841797,537400
2001-08-13,10.199999809265137,10.399999618530273,10.140000343322754,10.399999618530273,8.269747734069824,438400
2001-08-14,10.350000381469727,10.630000114440918,10.279999732971191,10.300000190734863,8.190228462219238,319900
2001-08-15,10.850000381469727,11.489999771118164,10.850000381469727,11.100000381469727,8.82636547088623,975000
2001-08-16,11.079999923706055,11.569999694824219,11.020000457763672,11.569999694824219,9.200093269348145,240000
2001-08-17,11.529999732971191,11.550000190734863,11.199999809265137,11.5,9.144431114196777,161000
2001-08-20,11.449999809265137,12.0,11.350000381469727,12.0,9.542012214660645,631900
2001-08-21,11.949999809265137,12.449999809265137,11.899999618530273,12.300000190734863,9.780564308166504,881800
2001-08-22,12.300000190734863,12.329999923706055,12.100000381469727,12.279999732971191,9.764664649963379,566400
2001-08-23,12.279999732971191,12.279999732971191,11.680000305175781,11.75,9.343221664428711,278700
2001-08-24,11.779999732971191,12.119999885559082,11.779999732971191,12.119999885559082,9.637434959411621,1781900
2001-08-27,12.050000190734863,12.069999694824219,11.880000114440918,11.880000114440918,9.4465970993042,356400
2001-08-28,11.899999618530273,11.899999618530273,11.260000228881836,11.5,9.144431114196777,380400
2001-08-29,11.5,11.640000343322754,11.399999618530273,11.59000015258789,9.215998649597168,389800
2001-08-30,11.600000381469727,11.649999618530273,11.25,11.529999732971191,9.168288230895996,229000
2001-08-31,11.579999923706055,11.930000305175781,11.579999923706055,11.75,9.343221664428711,239300
2001-09-04,11.739999771118164,11.859999656677246,11.300000190734863,11.300000190734863,8.985394477844238,441400
2001-09-05,11.199999809265137,11.4399995803833,11.100000381469727,11.390000343322754,9.05695915222168,366200
2001-09-06,11.399999618530273,11.649999618530273,11.199999809265137,11.399999618530273,9.064912796020508,206800
2001-09-07,11.350000381469727,11.350000381469727,11.029999732971191,11.130000114440918,8.850220680236816,338800
2001-09-10,11.100000381469727,11.119999885559082,10.65999984741211,10.739999771118164,8.540102005004883,181700
2001-09-17,10.300000190734863,10.470000267028809,9.75,9.960000038146973,7.919870376586914,314900
2001-09-18,9.949999809265137,10.149999618530273,9.59000015258789,9.850000381469727,7.832404136657715,135400
2001-09-19,9.850000381469727,9.899999618530273,9.359999656677246,9.800000190734863,7.792642116546631,237700
2001-09-20,9.600000381469727,9.600000381469727,8.399999618530273,8.720000267028809,6.933864593505859,398100
2001-09-21,8.399999618530273,8.579999923706055,8.1899995803833,8.550000190734863,6.7986860275268555,281200
2001-09-24,9.100000381469727,9.199999809265137,8.899999618530273,8.920000076293945,7.092895984649658,442600
2001-09-25,8.899999618530273,9.0,8.770000457763672,8.970000267028809,7.132656574249268,313700
2001-09-26,8.869999885559082,9.0,8.550000190734863,8.949999809265137,7.1167521476745605,282200
2001-09-27,8.949999809265137,9.050000190734863,8.859999656677246,8.899999618530273,7.076992511749268,131500
2001-09-28,9.0,9.289999961853027,8.829999923706055,9.050000190734863,7.196268558502197,349600
2001-10-01,9.079999923706055,9.109999656677246,8.5,8.609999656677246,6.846395492553711,146500
2001-10-02,8.699999809265137,8.960000038146973,8.600000381469727,8.850000381469727,7.037236213684082,252400
2001-10-03,8.949999809265137,9.550000190734863,8.75,9.520000457763672,7.569998741149902,216000
2001-10-04,9.600000381469727,9.899999618530273,9.40999984741211,9.680000305175781,7.697225570678711,181200
2001-10-05,9.649999618530273,9.930000305175781,9.550000190734863,9.90999984741211,7.880115985870361,125200
2001-10-08,9.850000381469727,9.859999656677246,9.550000190734863,9.680000305175781,7.697225570678711,70400
2001-10-09,9.699999809265137,10.050000190734863,9.649999618530273,10.010000228881836,7.959630012512207,221600
2001-10-10,9.930000305175781,10.25,9.6899995803833,10.25,8.150469779968262,202100
2001-10-11,10.199999809265137,10.300000190734863,9.850000381469727,10.050000190734863,7.991440296173096,231500
2001-10-12,10.050000190734863,10.069999694824219,9.899999618530273,10.039999961853027,7.983484268188477,261400
2001-10-15,10.029999732971191,10.1899995803833,9.899999618530273,10.029999732971191,7.975534439086914,514600
2001-10-16,10.079999923706055,10.850000381469727,10.029999732971191,10.850000381469727,8.627570152282715,249100
2001-10-17,10.850000381469727,10.979999542236328,10.550000190734863,10.550000190734863,8.389020919799805,356100
2001-10-18,10.649999618530273,10.8100004196167,10.380000114440918,10.510000228881836,8.35721492767334,372900
2001-10-19,10.600000381469727,10.65999984741211,10.5,10.5,8.349266052246094,284100
2001-10-22,10.5,10.630000114440918,10.489999771118164,10.600000381469727,8.4287748336792,148400
2001-10-23,10.600000381469727,10.899999618530273,10.600000381469727,10.600000381469727,8.4287748336792,239300
2001-10-24,10.600000381469727,10.699999809265137,10.399999618530273,10.600000381469727,8.4287748336792,235100
2001-10-25,10.5,10.819999694824219,10.260000228881836,10.699999809265137,8.508296012878418,143300
2001-10-26,10.649999618530273,11.300000190734863,10.550000190734863,11.279999732971191,8.969494819641113,344900
2001-10-29,11.25,11.25,10.75,11.0,8.746845245361328,150300
2001-10-30,10.949999809265137,11.149999618530273,10.550000190734863,11.149999618530273,8.866120338439941,156500
2001-10-31,11.149999618530273,11.579999923706055,11.010000228881836,11.5600004196167,9.19214153289795,169900
2001-11-01,11.5,11.949999809265137,11.329999923706055,11.949999809265137,9.50225830078125,190800
2001-11-02,11.899999618530273,12.84000015258789,11.75,12.800000190734863,10.17814826965332,344600
2001-11-05,12.5,12.510000228881836,11.819999694824219,11.850000381469727,9.42273998260498,300200
2001-11-06,11.850000381469727,12.25,11.789999961853027,12.239999771118164,9.732854843139648,164300
2001-11-07,12.1899995803833,12.25,12.029999732971191,12.100000381469727,9.621526718139648,154900
2001-11-08,12.199999809265137,12.5,12.100000381469727,12.199999809265137,9.70104694366455,200400
2001-11-09,12.210000038146973,13.899999618530273,12.210000038146973,13.390000343322754,10.647297859191895,678600
2001-11-12,13.300000190734863,13.300000190734863,12.710000038146973,13.300000190734863,10.575733184814453,222400
2001-11-13,13.300000190734863,13.4399995803833,13.109999656677246,13.4399995803833,10.687056541442871,427800
2001-11-14,13.399999618530273,13.899999618530273,13.300000190734863,13.399999618530273,10.655250549316406,469800
2001-11-15,13.300000190734863,13.5,13.069999694824219,13.069999694824219,10.39284610748291,171500
2001-11-16,13.079999923706055,13.25,12.739999771118164,12.960000038146973,10.305376052856445,288800
2001-11-19,13.0,13.399999618530273,12.899999618530273,13.0,10.337180137634277,171400
2001-11-20,13.0,13.050000190734863,12.5600004196167,13.050000190734863,10.37694263458252,311400
2001-11-21,13.0,13.350000381469727,12.649999618530273,13.25,10.535971641540527,134700
2001-11-23,13.25,13.399999618530273,13.170000076293945,13.210000038146973,10.504171371459961,54300
2001-11-26,13.029999732971191,13.489999771118164,12.949999809265137,13.239999771118164,10.528019905090332,253900
2001-11-27,13.199999809265137,13.40999984741211,13.199999809265137,13.319999694824219,10.591636657714844,853300
2001-11-28,13.350000381469727,14.319999694824219,13.25,14.25,11.331141471862793,1493500
2001-11-29,14.25,14.329999923706055,13.710000038146973,14.010000228881836,11.140297889709473,466500
2001-11-30,13.949999809265137,14.600000381469727,13.6899995803833,13.949999809265137,11.092591285705566,2827900
2001-12-03,14.010000228881836,14.550000190734863,13.949999809265137,14.359999656677246,11.418609619140625,1256500
2001-12-04,14.399999618530273,14.550000190734863,14.350000381469727,14.449999809265137,11.490174293518066,354200
2001-12-05,14.479999542236328,15.5,14.470000267028809,15.119999885559082,12.022936820983887,430400
2001-12-06,15.119999885559082,16.190000534057617,15.119999885559082,15.649999618530273,12.444375038146973,812000
2001-12-07,15.600000381469727,16.149999618530273,15.510000228881836,15.550000190734863,12.364858627319336,485200
2001-12-10,15.550000190734863,15.899999618530273,15.220000267028809,15.359999656677246,12.213778495788574,307700
2001-12-11,15.609999656677246,16.079999923706055,15.449999809265137,16.079999923706055,12.786300659179688,546900
2001-12-12,16.049999237060547,16.06999969482422,15.5,15.699999809265137,12.484134674072266,449400
2001-12-13,15.649999618530273,15.979999542236328,15.550000190734863,15.5600004196167,12.372814178466797,480100
2001-12-14,15.699999809265137,15.890000343322754,15.5,15.699999809265137,12.484134674072266,229600
2001-12-17,15.550000190734863,16.520000457763672,15.550000190734863,16.520000457763672,13.1361722946167,723800
2001-12-18,16.670000076293945,16.950000762939453,16.139999389648438,16.850000381469727,13.398580551147461,1054500
2001-12-19,16.850000381469727,16.850000381469727,16.260000228881836,16.270000457763672,12.93738079071045,741000
2001-12-20,16.25,16.469999313354492,15.75,15.869999885559082,12.61931324005127,748800
2001-12-21,16.049999237060547,16.079999923706055,15.380000114440918,15.890000343322754,12.63521957397461,741300
2001-12-24,15.699999809265137,16.190000534057617,15.550000190734863,15.850000381469727,12.603410720825195,197000
2001-12-26,16.0,16.450000762939453,15.90999984741211,16.219999313354492,12.897622108459473,219600
2001-12-27,16.200000762939453,16.260000228881836,15.680000305175781,15.899999618530273,12.643170356750488,1124000
2001-12-28,15.899999618530273,15.970000267028809,15.680000305175781,15.9399995803833,12.674975395202637,528700
2001-12-31,16.0,16.219999313354492,15.670000076293945,15.779999732971191,12.547748565673828,307600
2002-01-02,15.550000190734863,15.8100004196167,15.0,15.779999732971191,12.547748565673828,484500
2002-01-03,15.75,15.850000381469727,15.479999542236328,15.829999923706055,12.587509155273438,299800
2002-01-04,15.829999923706055,16.059999465942383,15.25,15.869999885559082,12.61931324005127,1282800
2002-01-07,16.0,16.079999923706055,15.960000038146973,16.079999923706055,12.786300659179688,605300
2002-01-08,16.079999923706055,16.100000381469727,15.989999771118164,16.079999923706055,12.786300659179688,461000
2002-01-09,16.09000015258789,16.09000015258789,15.779999732971191,15.789999961853027,12.555700302124023,176900
2002-01-10,15.550000190734863,15.84000015258789,15.199999809265137,15.5,12.325101852416992,239700
2002-01-11,15.5,15.850000381469727,15.380000114440918,15.699999809265137,12.484134674072266,272000
2002-01-14,15.800000190734863,15.850000381469727,15.149999618530273,15.199999809265137,12.086553573608398,244700
2002-01-15,15.199999809265137,15.380000114440918,14.649999618530273,15.170000076293945,12.062697410583496,211600
2002-01-16,15.100000381469727,15.300000190734863,14.850000381469727,14.949999809265137,11.887762069702148,301700
2002-01-17,14.979999542236328,15.609999656677246,14.979999542236328,15.609999656677246,12.41257095336914,198600
2002-01-18,15.5,15.9399995803833,15.350000381469727,15.649999618530273,12.444375038146973,398100
2002-01-22,15.649999618530273,15.699999809265137,15.3100004196167,15.699999809265137,12.484134674072266,178700
2002-01-23,15.600000381469727,15.600000381469727,14.600000381469727,15.130000114440918,12.030889511108398,883000
2002-01-24,15.029999732971191,15.75,15.029999732971191,15.289999961853027,12.158117294311523,191900
2002-01-25,15.119999885559082,15.390000343322754,15.050000190734863,15.229999542236328,12.110406875610352,367300
2002-01-28,15.25,15.75,15.100000381469727,15.420000076293945,12.26148509979248,234700
2002-01-29,15.430000305175781,15.670000076293945,14.850000381469727,15.09000015258789,11.99908447265625,160600
2002-01-30,15.1899995803833,15.1899995803833,15.0,15.09000015258789,11.99908447265625,548800
2002-01-31,15.050000190734863,15.119999885559082,15.0,15.010000228881836,11.935471534729004,309300
2002-02-01,15.050000190734863,15.25,15.0,15.100000381469727,12.007030487060547,399700
2002-02-04,15.149999618530273,15.170000076293945,14.850000381469727,14.920000076293945,11.863907814025879,462100
2002-02-05,14.970000267028809,15.350000381469727,14.949999809265137,15.020000457763672,11.9434232711792,453700
2002-02-06,15.100000381469727,15.130000114440918,14.9399995803833,15.010000228881836,11.935471534729004,357300
2002-02-07,15.550000190734863,16.81999969482422,15.550000190734863,16.559999465942383,13.167983055114746,3111100
2002-02-08,16.559999465942383,16.940000534057617,16.43000030517578,16.770000457763672,13.334965705871582,1491600
2002-02-11,16.799999237060547,17.170000076293945,16.649999618530273,17.0,13.517854690551758,960500
2002-02-12,16.850000381469727,17.100000381469727,16.850000381469727,17.09000015258789,13.589421272277832,654700
2002-02-13,17.020000457763672,17.280000686645508,17.020000457763672,17.18000030517578,13.66098690032959,414000
2002-02-14,17.18000030517578,17.18000030517578,16.700000762939453,16.950000762939453,13.478096008300781,562600
2002-02-15,16.959999084472656,17.25,16.889999389648438,17.25,13.716646194458008,1328000
2002-02-19,17.0,17.3799991607666,17.0,17.31999969482422,13.772306442260742,1030200
2002-02-20,17.31999969482422,18.350000381469727,17.31999969482422,18.25,14.51181411743164,1827800
2002-02-21,18.25,19.049999237060547,17.950000762939453,18.700000762939453,14.869641304016113,1501700
2002-02-22,19.450000762939453,21.399999618530273,19.270000457763672,20.93000030517578,16.642864227294922,2689000
2002-02-25,20.950000762939453,21.299999237060547,20.850000381469727,21.15999984741211,16.82575225830078,1175900
2002-02-26,21.700000762939453,21.760000228881836,21.420000076293945,21.549999237060547,17.135866165161133,1339200
2002-02-27,21.600000381469727,21.809999465942383,21.299999237060547,21.440000534057617,17.048404693603516,1165800
2002-02-28,21.5,22.799999237060547,21.5,22.459999084472656,17.859474182128906,2298500
2002-03-01,22.459999084472656,22.84000015258789,20.959999084472656,21.309999465942383,16.945030212402344,2401200
2002-03-04,21.690000534057617,22.0,21.399999618530273,21.450000762939453,17.056350708007812,1319400
2002-03-05,21.389999389648438,21.59000015258789,20.700000762939453,20.850000381469727,16.579248428344727,989100
2002-03-06,22.25,22.850000381469727,21.850000381469727,22.200000762939453,17.65273094177246,1712400
2002-03-07,22.5,22.5,21.799999237060547,22.020000457763672,17.509597778320312,1005200
2002-03-08,22.270000457763672,22.270000457763672,21.979999542236328,22.100000381469727,17.573211669921875,592600
2002-03-11,22.0,22.5,21.65999984741211,22.149999618530273,17.61296844482422,991700
2002-03-12,21.979999542236328,22.100000381469727,21.489999771118164,21.579999923706055,17.159730911254883,406600
2002-03-13,21.5,21.700000762939453,20.799999237060547,20.959999084472656,16.66671371459961,1318700
2002-03-14,21.649999618530273,22.5,21.420000076293945,21.649999618530273,17.215383529663086,721000
2002-03-15,21.450000762939453,21.799999237060547,21.25,21.719999313354492,17.271045684814453,743100
2002-03-18,22.25,22.649999618530273,21.799999237060547,22.399999618530273,17.811758041381836,1047300
2002-03-19,22.520000457763672,22.600000381469727,22.0,22.450000762939453,17.851520538330078,465900
2002-03-20,22.479999542236328,22.90999984741211,22.309999465942383,22.6299991607666,17.994647979736328,666800
2002-03-21,22.6200008392334,22.6200008392334,21.799999237060547,21.950000762939453,17.45393943786621,501700
2002-03-22,21.989999771118164,22.649999618530273,21.899999618530273,22.299999237060547,17.732240676879883,620500
2002-03-25,22.450000762939453,22.549999237060547,21.549999237060547,21.700000762939453,17.25514030456543,432100
2002-03-26,21.700000762939453,22.09000015258789,21.649999618530273,21.860000610351562,17.382373809814453,358100
2002-03-27,21.850000381469727,22.600000381469727,21.799999237060547,22.549999237060547,17.93103790283203,798700
2002-03-28,22.600000381469727,23.0,22.450000762939453,22.81999969482422,18.145727157592773,393200
2002-04-01,22.81999969482422,22.81999969482422,21.6200008392334,21.959999084472656,17.461891174316406,901000
2002-04-02,21.799999237060547,21.799999237060547,21.170000076293945,21.270000457763672,16.913219451904297,526200
2002-04-03,21.299999237060547,21.329999923706055,20.549999237060547,20.799999237060547,16.53949546813965,360200
2002-04-04,20.649999618530273,20.940000534057617,20.100000381469727,20.790000915527344,16.53154182434082,586500
2002-04-05,20.799999237060547,21.110000610351562,20.75,21.010000228881836,16.706470489501953,471800
2002-04-08,21.0,22.329999923706055,20.40999984741211,21.719999313354492,17.271045684814453,642700
2002-04-09,22.100000381469727,23.100000381469727,22.040000915527344,22.049999237060547,17.53345489501953,952300
2002-04-10,22.0,23.030000686645508,21.81999969482422,23.030000686645508,18.312715530395508,933800
2002-04-11,23.049999237060547,23.700000762939453,22.100000381469727,22.489999771118164,17.883329391479492,594100
2002-04-12,22.600000381469727,22.700000762939453,21.799999237060547,22.5,17.891279220581055,351800
2002-04-15,22.5,22.5,21.149999618530273,21.18000030517578,16.841657638549805,570800
2002-04-16,21.18000030517578,21.229999542236328,20.510000228881836,20.770000457763672,16.515636444091797,1030800
2002-04-17,20.8700008392334,20.93000030517578,19.020000457763672,19.700000762939453,15.66480827331543,1484100
2002-04-18,20.1299991607666,20.1299991607666,19.719999313354492,19.799999237060547,15.744325637817383,618500
2002-04-19,20.0,20.549999237060547,19.799999237060547,20.5,16.300939559936523,816800
2002-04-22,20.399999618530273,20.399999618530273,19.729999542236328,19.920000076293945,15.839740753173828,739000
2002-04-23,20.0,20.049999237060547,19.299999237060547,19.700000762939453,15.66480827331543,493200
2002-04-24,19.850000381469727,20.040000915527344,19.0,19.139999389648438,15.219511032104492,618700
2002-04-25,19.18000030517578,20.25,18.75,20.09000015258789,15.974924087524414,942800
2002-04-26,20.350000381469727,21.299999237060547,20.350000381469727,21.09000015258789,16.770090103149414,1197300
2002-04-29,21.18000030517578,22.100000381469727,21.18000030517578,21.75,17.294902801513672,1985200
2002-04-30,22.0,22.979999542236328,21.93000030517578,22.719999313354492,18.06620979309082,999200
2002-05-01,22.899999618530273,23.299999237060547,22.200000762939453,23.0,18.288862228393555,1297300
2002-05-02,23.0,23.049999237060547,21.899999618530273,22.549999237060547,17.93103790283203,527700
2002-05-03,22.520000457763672,22.700000762939453,22.030000686645508,22.399999618530273,17.811758041381836,404600
2002-05-06,22.75,22.75,21.469999313354492,21.579999923706055,17.159730911254883,342200
2002-05-07,21.549999237060547,21.979999542236328,21.18000030517578,21.760000228881836,17.30284881591797,380200
2002-05-08,22.0,22.5,21.989999771118164,22.489999771118164,17.883329391479492,581500
2002-05-09,22.3799991607666,22.3799991607666,21.190000534057617,21.260000228881836,16.9052677154541,428200
2002-05-10,21.25,21.260000228881836,20.709999084472656,21.040000915527344,16.73033332824707,478300
2002-05-13,20.989999771118164,20.989999771118164,20.420000076293945,20.790000915527344,16.53154182434082,254900
2002-05-14,21.100000381469727,22.479999542236328,21.020000457763672,22.43000030517578,17.835617065429688,929000
2002-05-15,22.350000381469727,22.350000381469727,21.350000381469727,21.5,17.09610939025879,916200
2002-05-16,21.399999618530273,21.649999618530273,20.799999237060547,21.139999389648438,16.80984878540039,292200
2002-05-17,21.149999618530273,21.25,20.5,21.100000381469727,16.77804183959961,333200
2002-05-20,21.0,21.350000381469727,20.549999237060547,21.170000076293945,16.83370590209961,406400
2002-05-21,21.200000762939453,21.209999084472656,20.559999465942383,21.0,16.698532104492188,312800
2002-05-22,20.850000381469727,21.510000228881836,20.760000228881836,21.5,17.09610939025879,366000
2002-05-23,21.5,21.950000762939453,21.020000457763672,21.59000015258789,17.167673110961914,380200
2002-05-24,21.649999618530273,21.729999542236328,20.799999237060547,21.0,16.698532104492188,286900
2002-05-28,21.0,21.020000457763672,20.56999969482422,20.979999542236328,16.6826229095459,402400
2002-05-29,20.850000381469727,20.899999618530273,20.200000762939453,20.530000686645508,16.324798583984375,255700
2002-05-30,20.530000686645508,21.020000457763672,20.489999771118164,20.860000610351562,16.587200164794922,313300
2002-05-31,20.860000610351562,21.399999618530273,20.75,20.75,16.499736785888672,325400
2002-06-03,20.600000381469727,20.610000610351562,19.600000381469727,19.6299991607666,15.609149932861328,498300
2002-06-04,19.6299991607666,21.040000915527344,19.43000030517578,20.780000686645508,16.523588180541992,885100
2002-06-05,20.790000915527344,22.25,20.760000228881836,22.040000915527344,17.525495529174805,817600
2002-06-06,22.0,22.020000457763672,21.5,21.649999618530273,17.215383529663086,438900
2002-06-07,21.5,22.25,21.25,21.950000762939453,17.45393943786621,373900
2002-06-10,21.93000030517578,22.290000915527344,21.899999618530273,22.020000457763672,17.509597778320312,316500
2002-06-11,22.0,22.5,22.0,22.280000686645508,17.716344833374023,699500
2002-06-12,21.200000762939453,21.65999984741211,19.489999771118164,21.56999969482422,17.151775360107422,2337200
2002-06-13,21.549999237060547,21.549999237060547,20.600000381469727,20.719999313354492,16.475875854492188,516800
2002-06-14,20.6200008392334,20.700000762939453,19.860000610351562,20.440000534057617,16.253232955932617,310400
2002-06-17,20.399999618530273,21.0,20.399999618530273,20.90999984741211,16.626956939697266,500900
2002-06-18,20.780000686645508,21.079999923706055,20.510000228881836,20.649999618530273,16.420217514038086,304400
2002-06-19,20.649999618530273,20.850000381469727,20.329999923706055,20.479999542236328,16.285037994384766,352200
2002-06-20,20.479999542236328,20.75,20.459999084472656,20.5,16.300939559936523,299600
2002-06-21,20.450000762939453,21.5,20.200000762939453,21.5,17.09610939025879,843500
2002-06-24,21.25,21.450000762939453,20.760000228881836,21.079999923706055,16.762147903442383,523400
2002-06-25,20.850000381469727,20.920000076293945,19.6299991607666,19.700000762939453,15.66480827331543,619100
2002-06-26,19.670000076293945,20.40999984741211,19.200000762939453,20.280000686645508,16.12600326538086,1054700
2002-06-27,20.299999237060547,20.549999237060547,19.450000762939453,19.639999389648438,15.617093086242676,814900
2002-06-28,19.5,20.389999389648438,19.3700008392334,19.5,15.505775451660156,1480600
2002-07-01,19.510000228881836,19.760000228881836,19.350000381469727,19.479999542236328,15.489869117736816,556000
2002-07-02,19.479999542236328,19.68000030517578,18.950000762939453,19.209999084472656,15.27517318725586,428700
2002-07-03,19.020000457763672,19.149999618530273,18.350000381469727,19.049999237060547,15.147943496704102,437600
2002-07-05,19.200000762939453,20.43000030517578,19.200000762939453,20.40999984741211,16.22937774658203,216000
2002-07-08,20.15999984741211,20.170000076293945,19.010000228881836,19.020000457763672,15.124093055725098,453700
2002-07-09,19.020000457763672,19.450000762939453,19.020000457763672,19.1200008392334,15.203617095947266,487400
2002-07-10,19.149999618530273,19.399999618530273,19.030000686645508,19.040000915527344,15.139997482299805,474600
2002-07-11,19.200000762939453,19.329999923706055,18.0,18.43000030517578,14.654946327209473,428000
2002-07-12,18.399999618530273,18.649999618530273,17.459999084472656,17.459999084472656,13.88362979888916,569700
2002-07-15,17.399999618530273,17.440000534057617,16.0,17.440000534057617,13.867729187011719,873700
2002-07-16,16.899999618530273,17.25,16.299999237060547,16.799999237060547,13.358819961547852,462200
2002-07-17,16.799999237060547,17.049999237060547,16.0,16.5,13.120272636413574,452800
2002-07-18,16.489999771118164,16.5,15.720000267028809,16.06999969482422,12.778348922729492,835900
2002-07-19,16.0,16.020000457763672,15.449999809265137,15.460000038146973,12.293293952941895,395000
2002-07-22,15.210000038146973,16.270000457763672,15.1899995803833,15.789999961853027,12.555700302124023,420800
2002-07-23,15.789999961853027,16.040000915527344,14.989999771118164,15.380000114440918,12.229679107666016,346300
2002-07-24,15.130000114440918,16.389999389648438,14.680000305175781,16.389999389648438,13.03279972076416,1039000
2002-07-25,16.399999618530273,18.350000381469727,16.399999618530273,17.969999313354492,14.289167404174805,1427600
2002-07-26,17.799999237060547,18.200000762939453,17.299999237060547,17.850000381469727,14.193745613098145,851800
2002-07-29,18.0,19.25,18.0,19.059999465942383,15.155896186828613,536500
2002-07-30,19.0,19.0,18.100000381469727,18.299999237060547,14.551570892333984,646100
2002-07-31,18.25,18.270000457763672,17.5,17.93000030517578,14.257366180419922,193800
2002-08-01,17.829999923706055,18.149999618530273,17.34000015258789,17.549999237060547,13.95519733428955,289600
2002-08-02,17.5,17.600000381469727,16.6200008392334,17.010000228881836,13.525808334350586,251200
2002-08-05,17.010000228881836,17.209999084472656,16.450000762939453,16.75,13.31906509399414,436100
2002-08-06,16.850000381469727,18.209999084472656,16.850000381469727,17.8799991607666,14.21760082244873,542400
2002-08-07,18.350000381469727,18.770000457763672,17.899999618530273,18.739999771118164,14.901444435119629,528200
2002-08-08,18.600000381469727,18.799999237060547,18.200000762939453,18.440000534057617,14.662894248962402,393800
2002-08-09,18.440000534057617,19.600000381469727,18.049999237060547,19.260000228881836,15.31494140625,612000
2002-08-12,19.260000228881836,19.899999618530273,19.010000228881836,19.690000534057617,15.656852722167969,743100
2002-08-13,20.049999237060547,20.649999618530273,19.399999618530273,19.700000762939453,15.66480827331543,1091100
2002-08-14,19.549999237060547,19.649999618530273,18.940000534057617,19.450000762939453,15.466018676757812,682300
2002-08-15,19.399999618530273,19.809999465942383,19.06999969482422,19.450000762939453,15.466018676757812,914600
2002-08-16,19.299999237060547,19.56999969482422,18.93000030517578,19.25,15.306979179382324,839200
2002-08-19,19.149999618530273,19.5,19.100000381469727,19.350000381469727,15.38649845123291,784800
2002-08-20,19.40999984741211,19.8700008392334,19.190000534057617,19.799999237060547,15.744325637817383,456600
2002-08-21,19.950000762939453,20.350000381469727,19.549999237060547,20.200000762939453,16.0623836517334,549400
2002-08-22,20.209999084472656,20.510000228881836,19.950000762939453,20.260000228881836,16.110105514526367,567100
2002-08-23,20.200000762939453,20.299999237060547,19.75,19.940000534057617,15.855642318725586,200300
2002-08-26,19.950000762939453,20.350000381469727,19.729999542236328,20.350000381469727,16.18166732788086,209200
2002-08-27,20.399999618530273,20.450000762939453,19.899999618530273,20.170000076293945,16.03853416442871,499200
2002-08-28,20.0,20.25,19.690000534057617,19.81999969482422,15.760231971740723,437400
2002-08-29,19.56999969482422,19.56999969482422,18.700000762939453,18.850000381469727,14.988913536071777,634500
2002-08-30,18.799999237060547,19.209999084472656,18.799999237060547,19.1200008392334,15.203617095947266,451700
2002-09-03,18.899999618530273,19.0,18.479999542236328,18.59000015258789,14.782172203063965,329500
2002-09-04,18.59000015258789,18.829999923706055,18.0,18.760000228881836,14.917346954345703,272900
2002-09-05,18.549999237060547,18.940000534057617,18.190000534057617,18.709999084472656,14.877592086791992,347700
2002-09-06,18.799999237060547,19.1200008392334,18.700000762939453,19.1200008392334,15.203617095947266,375300
2002-09-09,19.100000381469727,19.979999542236328,19.0,19.899999618530273,15.823843002319336,615900
2002-09-10,19.81999969482422,20.09000015258789,19.5,19.8700008392334,15.799991607666016,370100
2002-09-11,20.100000381469727,20.31999969482422,19.989999771118164,20.079999923706055,15.966968536376953,423100
2002-09-12,20.079999923706055,21.959999084472656,20.049999237060547,21.350000381469727,16.97684097290039,1433200
2002-09-13,21.200000762939453,21.399999618530273,20.850000381469727,21.059999465942383,16.746238708496094,637200
2002-09-16,21.059999465942383,22.350000381469727,21.059999465942383,22.100000381469727,17.573211669921875,905000
2002-09-17,22.350000381469727,22.5,20.700000762939453,21.0,16.698532104492188,865200
2002-09-18,20.850000381469727,20.899999618530273,20.270000457763672,20.84000015258789,16.571298599243164,427500
2002-09-19,20.75,21.399999618530273,20.3700008392334,20.549999237060547,16.340702056884766,462900
2002-09-20,20.649999618530273,20.780000686645508,19.75,20.1299991607666,16.00672721862793,491100
2002-09-23,21.649999618530273,22.209999084472656,20.950000762939453,21.06999969482422,16.75419044494629,1342600
2002-09-24,21.06999969482422,21.5,20.31999969482422,20.75,16.499736785888672,993400
2002-09-25,20.850000381469727,21.309999465942383,20.350000381469727,21.309999465942383,16.945030212402344,889700
2002-09-26,21.450000762939453,22.799999237060547,21.450000762939453,22.510000228881836,17.89922523498535,992800
2002-09-27,22.510000228881836,23.049999237060547,22.3700008392334,22.6299991607666,17.994647979736328,1028800
2002-09-30,22.450000762939453,23.329999923706055,21.600000381469727,23.200000762939453,18.44789695739746,1050600
2002-10-01,23.209999084472656,24.149999618530273,22.350000381469727,24.100000381469727,19.16354751586914,973400
2002-10-02,24.649999618530273,24.739999771118164,22.790000915527344,22.93000030517578,18.233200073242188,1391400
2002-10-03,22.93000030517578,24.280000686645508,22.770000457763672,23.719999313354492,18.86138153076172,1759200
2002-10-04,23.549999237060547,23.719999313354492,22.43000030517578,23.280000686645508,18.51150894165039,669700
2002-10-07,23.100000381469727,23.18000030517578,22.75,22.850000381469727,18.169584274291992,660400
2002-10-08,22.700000762939453,22.799999237060547,20.649999618530273,22.31999969482422,17.74814796447754,1539900
2002-10-09,22.200000762939453,22.329999923706055,21.790000915527344,21.799999237060547,17.334653854370117,889600
2002-10-10,21.780000686645508,22.770000457763672,21.649999618530273,22.469999313354492,17.86741828918457,758600
2002-10-11,23.030000686645508,24.25,23.010000228881836,23.8700008392334,18.980663299560547,1226300
2002-10-14,23.1200008392334,23.84000015258789,23.059999465942383,23.760000228881836,18.8931941986084,860800
2002-10-15,24.299999237060547,25.600000381469727,24.25,25.600000381469727,20.35629653930664,1312000
2002-10-16,25.5,25.579999923706055,24.93000030517578,25.25,20.077991485595703,831000
2002-10-17,25.850000381469727,26.200000762939453,25.579999923706055,26.0,20.674360275268555,1252900
2002-10-18,26.010000228881836,26.100000381469727,25.399999618530273,25.5,20.27678108215332,909500
2002-10-21,25.299999237060547,26.100000381469727,25.100000381469727,25.860000610351562,20.563047409057617,681300
2002-10-22,25.350000381469727,25.6299991607666,25.100000381469727,25.149999618530273,19.99847412109375,708400
2002-10-23,24.899999618530273,25.440000534057617,24.75,25.3799991607666,20.181360244750977,476100
2002-10-24,25.3799991607666,25.5,22.979999542236328,23.3799991607666,18.591026306152344,1554400
2002-10-25,23.399999618530273,23.989999771118164,22.700000762939453,23.979999542236328,19.06812858581543,1353200
2002-10-28,24.75,25.049999237060547,24.209999084472656,24.5,19.48161506652832,831600
2002-10-29,24.200000762939453,24.3799991607666,23.5,23.639999389648438,18.797771453857422,562000
2002-10-30,23.75,25.200000762939453,23.5,24.75,19.680404663085938,1030800
2002-10-31,24.850000381469727,25.6299991607666,24.739999771118164,25.399999618530273,20.1972599029541,620000
2002-11-01,25.350000381469727,26.149999618530273,25.0,26.149999618530273,20.793638229370117,795500
2002-11-04,26.280000686645508,26.290000915527344,25.3700008392334,25.75,20.47557258605957,871000
2002-11-05,25.549999237060547,26.100000381469727,24.75,25.100000381469727,19.95871353149414,1645200
2002-11-06,25.149999618530273,25.75,24.860000610351562,25.139999389648438,19.990516662597656,2389100
2002-11-07,25.850000381469727,26.389999389648438,25.40999984741211,25.5,20.27678108215332,774800
2002-11-08,25.299999237060547,25.700000762939453,24.739999771118164,25.030000686645508,19.903051376342773,324600
2002-11-11,24.950000762939453,24.950000762939453,23.600000381469727,23.950000762939453,19.04426383972168,561300
2002-11-12,23.899999618530273,24.489999771118164,23.81999969482422,24.290000915527344,19.314632415771484,407800
2002-11-13,24.350000381469727,25.15999984741211,24.350000381469727,24.950000762939453,19.83943748474121,723700
2002-11-14,25.0,25.229999542236328,24.299999237060547,24.489999771118164,19.473665237426758,541600
2002-11-15,24.5,24.5,23.0,23.399999618530273,18.6069278717041,1209000
2002-11-18,23.100000381469727,23.350000381469727,21.489999771118164,22.549999237060547,17.93103790283203,1686600
2002-11-19,22.299999237060547,22.809999465942383,21.600000381469727,22.479999542236328,17.875375747680664,681500
2002-11-20,22.399999618530273,22.489999771118164,21.100000381469727,22.450000762939453,17.851520538330078,2135700
2002-11-21,22.450000762939453,22.780000686645508,22.15999984741211,22.670000076293945,18.026458740234375,895200
2002-11-22,22.420000076293945,23.5,22.290000915527344,22.899999618530273,18.209346771240234,1043100
2002-11-25,22.700000762939453,22.950000762939453,22.260000228881836,22.729999542236328,18.07416534423828,497300
2002-11-26,22.530000686645508,23.649999618530273,22.200000762939453,23.450000762939453,18.64669418334961,1090300
2002-11-27,23.600000381469727,24.200000762939453,23.350000381469727,23.780000686645508,18.90909767150879,810900
2002-11-29,23.899999618530273,24.5,23.829999923706055,24.139999389648438,19.195348739624023,681800
2002-12-02,24.25,24.510000228881836,23.520000457763672,23.899999618530273,19.0045166015625,723900
2002-12-03,23.5,23.84000015258789,23.020000457763672,23.399999618530273,18.6069278717041,703400
2002-12-04,22.5,23.25,22.399999618530273,22.8799991607666,18.19344139099121,779400
2002-12-05,23.1299991607666,23.190000534057617,22.25,22.799999237060547,18.129825592041016,471500
2002-12-06,22.799999237060547,23.149999618530273,22.450000762939453,23.020000457763672,18.304765701293945,508700
2002-12-09,23.0,23.799999237060547,22.899999618530273,23.110000610351562,18.376331329345703,833200
2002-12-10,23.110000610351562,23.290000915527344,22.40999984741211,22.600000381469727,17.970788955688477,1160800
2002-12-11,22.399999618530273,22.459999084472656,22.0,22.31999969482422,17.74814796447754,971300
2002-12-12,22.09000015258789,22.6299991607666,21.600000381469727,22.25,17.69248390197754,329200
2002-12-13,22.200000762939453,22.200000762939453,21.200000762939453,21.670000076293945,17.231294631958008,843200
2002-12-16,21.649999618530273,22.469999313354492,21.649999618530273,22.200000762939453,17.65273094177246,774200
2002-12-17,22.350000381469727,22.899999618530273,22.149999618530273,22.579999923706055,17.954891204833984,836600
2002-12-18,22.59000015258789,22.610000610351562,22.260000228881836,22.459999084472656,17.859474182128906,609900
2002-12-19,22.459999084472656,22.719999313354492,21.799999237060547,22.079999923706055,17.55730438232422,590100
2002-12-20,22.299999237060547,22.399999618530273,21.8799991607666,22.3700008392334,17.787912368774414,844200
2002-12-23,22.200000762939453,22.209999084472656,21.299999237060547,21.84000015258789,17.36646842956543,755200
2002-12-24,21.979999542236328,22.079999923706055,21.829999923706055,21.90999984741211,17.422128677368164,224000
2002-12-26,21.950000762939453,22.940000534057617,21.920000076293945,22.559999465942383,17.938989639282227,445100
2002-12-27,22.450000762939453,22.899999618530273,22.209999084472656,22.309999465942383,17.740196228027344,474800
2002-12-30,22.309999465942383,22.639999389648438,22.06999969482422,22.139999389648438,17.605018615722656,350500
2002-12-31,22.100000381469727,22.149999618530273,21.649999618530273,22.100000381469727,17.573211669921875,604300
2003-01-02,22.18000030517578,22.850000381469727,21.899999618530273,22.3700008392334,17.787912368774414,301500
2003-01-03,22.3799991607666,22.450000762939453,22.110000610351562,22.270000457763672,17.70838737487793,145500
2003-01-06,22.299999237060547,23.100000381469727,22.25,22.889999389648438,18.20139503479004,338100
2003-01-07,22.700000762939453,22.700000762939453,22.15999984741211,22.219999313354492,17.668630599975586,1109700
2003-01-08,21.780000686645508,22.200000762939453,21.719999313354492,22.049999237060547,17.53345489501953,1110300
2003-01-09,22.059999465942383,22.06999969482422,21.770000457763672,21.959999084472656,17.461891174316406,404500
2003-01-10,21.760000228881836,22.100000381469727,21.760000228881836,22.0,17.493690490722656,451400
2003-01-13,22.0,22.030000686645508,21.68000030517578,21.739999771118164,17.286949157714844,675800
2003-01-14,20.450000762939453,20.459999084472656,18.079999923706055,18.700000762939453,14.869641304016113,5550700
2003-01-15,18.709999084472656,19.5,18.170000076293945,18.350000381469727,14.591334342956543,2810800
2003-01-16,18.450000762939453,18.649999618530273,17.049999237060547,17.799999237060547,14.153985023498535,3490600
2003-01-17,17.799999237060547,18.670000076293945,17.770000457763672,18.510000228881836,14.718558311462402,2046900
2003-01-21,18.75,18.93000030517578,18.0,18.100000381469727,14.392537117004395,1475700
2003-01-22,18.049999237060547,18.479999542236328,17.860000610351562,18.200000762939453,14.472053527832031,690200
2003-01-23,18.450000762939453,18.670000076293945,18.200000762939453,18.43000030517578,14.654946327209473,687600
2003-01-24,18.450000762939453,18.600000381469727,17.780000686645508,18.170000076293945,14.44819164276123,542900
2003-01-27,17.950000762939453,17.959999084472656,17.0,17.510000228881836,13.923391342163086,835900
2003-01-28,17.59000015258789,18.0,17.549999237060547,17.90999984741211,14.241456985473633,1097100
2003-01-29,17.899999618530273,18.0,17.350000381469727,17.5,13.91543960571289,767700
2003-01-30,17.600000381469727,18.010000228881836,17.270000457763672,17.700000762939453,14.074472427368164,664900
2003-01-31,17.760000228881836,18.049999237060547,17.549999237060547,17.899999618530273,14.233504295349121,748600
2003-02-03,18.100000381469727,18.209999084472656,17.829999923706055,18.040000915527344,14.344831466674805,841800
2003-02-04,17.84000015258789,18.149999618530273,17.56999969482422,18.149999618530273,14.432299613952637,1094100
2003-02-05,18.190000534057617,18.610000610351562,17.989999771118164,18.020000457763672,14.328922271728516,770900
2003-02-06,18.5,18.739999771118164,16.75,17.049999237060547,13.557612419128418,2319100
2003-02-07,18.049999237060547,18.25,17.670000076293945,17.829999923706055,14.177846908569336,1364600
2003-02-10,17.75,17.799999237060547,17.100000381469727,17.360000610351562,13.80411434173584,631300
2003-02-11,17.450000762939453,17.729999542236328,17.200000762939453,17.34000015258789,13.78821086883545,1180600
2003-02-12,17.350000381469727,17.3799991607666,16.5,16.639999389648438,13.231590270996094,961100
2003-02-13,16.700000762939453,16.969999313354492,16.299999237060547,16.639999389648438,13.231590270996094,403000
2003-02-14,16.649999618530273,17.06999969482422,16.459999084472656,16.81999969482422,13.374727249145508,324300
2003-02-18,16.950000762939453,17.139999389648438,16.809999465942383,16.8799991607666,13.422433853149414,422400
2003-02-19,16.899999618530273,17.100000381469727,16.5,16.829999923706055,13.382676124572754,391000
2003-02-20,16.81999969482422,16.829999923706055,16.329999923706055,16.420000076293945,13.056661605834961,383500
2003-02-21,16.450000762939453,16.549999237060547,16.149999618530273,16.389999389648438,13.03279972076416,493800
2003-02-24,16.389999389648438,16.399999618530273,15.649999618530273,16.06999969482422,12.778348922729492,743900
2003-02-25,15.979999542236328,16.010000228881836,15.649999618530273,15.75,12.523898124694824,823300
2003-02-26,15.75,16.229999542236328,15.630000114440918,16.09000015258789,12.794251441955566,770400
2003-02-27,16.09000015258789,16.229999542236328,16.0,16.0,12.722684860229492,516600
2003-02-28,16.149999618530273,16.450000762939453,16.0,16.239999771118164,12.913524627685547,717400
2003-03-03,16.239999771118164,16.479999542236328,16.06999969482422,16.09000015258789,12.794251441955566,571900
2003-03-04,15.949999809265137,16.149999618530273,15.600000381469727,15.890000343322754,12.63521957397461,689600
2003-03-05,15.899999618530273,16.0,15.470000267028809,15.6899995803833,12.47618579864502,402600
2003-03-06,15.65999984741211,15.800000190734863,15.5,15.600000381469727,12.404620170593262,460500
2003-03-07,15.600000381469727,16.1200008392334,15.600000381469727,15.979999542236328,12.706780433654785,515100
2003-03-10,15.920000076293945,15.979999542236328,15.460000038146973,15.489999771118164,12.317150115966797,496500
2003-03-11,15.430000305175781,15.529999732971191,14.890000343322754,14.979999542236328,11.911620140075684,611000
2003-03-12,14.800000190734863,14.949999809265137,14.300000190734863,14.40999984741211,11.458370208740234,1014000
2003-03-13,14.649999618530273,14.960000038146973,14.600000381469727,14.739999771118164,11.720775604248047,670100
2003-03-14,14.819999694824219,15.130000114440918,14.6899995803833,15.100000381469727,12.007030487060547,622900
2003-03-17,15.0,16.25,15.0,16.15999984741211,12.84991455078125,832900
2003-03-18,16.200000762939453,16.3799991607666,15.920000076293945,15.949999809265137,12.682927131652832,652000
2003-03-19,16.200000762939453,16.399999618530273,15.949999809265137,16.219999313354492,12.897622108459473,1011200
2003-03-20,16.229999542236328,16.399999618530273,16.059999465942383,16.350000381469727,13.000995635986328,611500
2003-03-21,16.360000610351562,17.3799991607666,16.299999237060547,17.280000686645508,13.740499496459961,1024000
2003-03-24,16.850000381469727,16.850000381469727,15.90999984741211,15.9399995803833,12.674975395202637,815600
2003-03-25,15.9399995803833,16.989999771118164,15.930000305175781,16.899999618530273,13.438339233398438,968300
2003-03-26,16.700000762939453,16.700000762939453,16.299999237060547,16.389999389648438,13.03279972076416,772100
2003-03-27,16.350000381469727,16.950000762939453,16.25,16.700000762939453,13.279305458068848,1301200
2003-03-28,16.549999237060547,16.649999618530273,16.399999618530273,16.559999465942383,13.167983055114746,804100
2003-03-31,16.309999465942383,16.309999465942383,15.710000038146973,16.100000381469727,12.802206993103027,596800
2003-04-01,16.200000762939453,16.479999542236328,16.049999237060547,16.299999237060547,12.961237907409668,335300
2003-04-02,16.549999237060547,17.299999237060547,16.549999237060547,17.020000457763672,13.533761024475098,603800
2003-04-03,17.059999465942383,17.399999618530273,16.889999389648438,17.079999923706055,13.58146858215332,400500
2003-04-04,17.1200008392334,17.34000015258789,17.0,17.0,13.517854690551758,534400
2003-04-07,17.25,17.690000534057617,17.25,17.31999969482422,13.772306442260742,842700
2003-04-08,17.100000381469727,17.440000534057617,17.049999237060547,17.25,13.716646194458008,439200
2003-04-09,17.260000228881836,17.399999618530273,17.010000228881836,17.209999084472656,13.68483829498291,387700
2003-04-10,17.200000762939453,17.280000686645508,16.950000762939453,17.18000030517578,13.66098690032959,362800
2003-04-11,17.100000381469727,17.3799991607666,16.860000610351562,16.979999542236328,13.501949310302734,656300
2003-04-14,16.75,16.75,15.989999771118164,16.049999237060547,12.762445449829102,1587700
2003-04-15,16.0,16.25,15.800000190734863,16.049999237060547,12.762445449829102,902900
2003-04-16,16.25,16.299999237060547,15.949999809265137,15.979999542236328,12.706780433654785,432000
2003-04-17,15.850000381469727,16.139999389648438,15.850000381469727,16.030000686645508,12.746543884277344,690800
2003-04-21,16.030000686645508,16.1200008392334,15.850000381469727,16.079999923706055,12.786300659179688,353300
2003-04-22,16.100000381469727,16.6299991607666,16.049999237060547,16.479999542236328,13.104368209838867,1153600
2003-04-23,16.450000762939453,17.149999618530273,16.399999618530273,17.0,13.517854690551758,1090700
2003-04-24,17.0,18.010000228881836,16.799999237060547,17.459999084472656,13.88362979888916,1874900
2003-04-25,17.25,17.520000457763672,17.020000457763672,17.469999313354492,13.891581535339355,968000
2003-04-28,17.469999313354492,18.079999923706055,17.43000030517578,17.940000534057617,14.265313148498535,767400
2003-04-29,18.149999618530273,18.600000381469727,17.350000381469727,17.760000228881836,14.122182846069336,1487100
2003-04-30,17.510000228881836,18.260000228881836,17.450000762939453,18.209999084472656,14.480006217956543,750400
2003-05-01,18.100000381469727,18.1299991607666,17.670000076293945,18.0,14.313021659851074,779500
2003-05-02,18.049999237060547,18.700000762939453,18.049999237060547,18.399999618530273,14.631086349487305,1061000
2003-05-05,18.600000381469727,18.6299991607666,18.100000381469727,18.190000534057617,14.464103698730469,742400
2003-05-06,18.239999771118164,18.6200008392334,18.200000762939453,18.600000381469727,14.790122985839844,478700
2003-05-07,18.479999542236328,18.950000762939453,18.420000076293945,18.799999237060547,14.949159622192383,1564100
2003-05-08,18.780000686645508,18.920000076293945,18.559999465942383,18.799999237060547,14.949159622192383,785200
2003-05-09,18.799999237060547,19.079999923706055,18.700000762939453,19.079999923706055,15.171805381774902,552900
2003-05-12,19.0,19.389999389648438,18.860000610351562,18.989999771118164,15.100234031677246,847000
2003-05-13,18.989999771118164,18.989999771118164,18.06999969482422,18.190000534057617,14.464103698730469,1650000
2003-05-14,18.06999969482422,18.280000686645508,17.860000610351562,18.0,14.313021659851074,971000
2003-05-15,18.049999237060547,18.739999771118164,17.93000030517578,18.700000762939453,14.869641304016113,853900
2003-05-16,18.75,18.75,18.06999969482422,18.290000915527344,14.543621063232422,310800
2003-05-19,18.450000762939453,18.489999771118164,18.030000686645508,18.15999984741211,14.440247535705566,420000
2003-05-20,18.06999969482422,18.260000228881836,17.899999618530273,18.059999465942383,14.360732078552246,545000
2003-05-21,18.100000381469727,18.100000381469727,17.579999923706055,17.700000762939453,14.074472427368164,462300
2003-05-22,17.649999618530273,17.959999084472656,17.549999237060547,17.700000762939453,14.074472427368164,283800
2003-05-23,17.799999237060547,17.979999542236328,17.56999969482422,17.899999618530273,14.233504295349121,228700
2003-05-27,17.899999618530273,18.020000457763672,17.68000030517578,17.969999313354492,14.289167404174805,524700
2003-05-28,18.049999237060547,18.450000762939453,18.049999237060547,18.309999465942383,14.559523582458496,1028800
2003-05-29,18.25,18.469999313354492,17.489999771118164,17.6299991607666,14.018810272216797,863300
2003-05-30,17.6299991607666,17.979999542236328,17.6299991607666,17.8799991607666,14.21760082244873,905400
2003-06-02,17.950000762939453,18.09000015258789,17.75,17.850000381469727,14.193745613098145,811400
2003-06-03,17.899999618530273,17.899999618530273,17.40999984741211,17.559999465942383,13.963150024414062,808500
2003-06-04,17.56999969482422,18.219999313354492,17.399999618530273,18.149999618530273,14.432299613952637,1238300
2003-06-05,18.079999923706055,18.940000534057617,17.649999618530273,18.8700008392334,15.0048189163208,1197900
2003-06-06,19.0,19.489999771118164,18.940000534057617,19.149999618530273,15.227463722229004,1030100
2003-06-09,19.079999923706055,19.399999618530273,18.899999618530273,19.030000686645508,15.13204574584961,725400
2003-06-10,19.450000762939453,19.450000762939453,18.700000762939453,18.8799991607666,15.012763977050781,701800
2003-06-11,18.850000381469727,19.219999313354492,18.209999084472656,19.149999618530273,15.227463722229004,601300
2003-06-12,19.5,20.100000381469727,19.469999313354492,19.649999618530273,15.625057220458984,533000
2003-06-13,19.950000762939453,19.950000762939453,19.170000076293945,19.489999771118164,15.497817039489746,607000
2003-06-16,20.0,21.0,19.940000534057617,21.0,16.698532104492188,1122900
2003-06-17,21.5,22.479999542236328,21.09000015258789,22.219999313354492,17.668630599975586,1279500
2003-06-18,21.0,21.100000381469727,20.5,20.690000534057617,16.4520263671875,1972000
2003-06-19,20.850000381469727,20.969999313354492,20.100000381469727,20.299999237060547,16.141908645629883,477100
2003-06-20,20.309999465942383,20.360000610351562,20.110000610351562,20.329999923706055,16.165761947631836,985200
2003-06-23,20.31999969482422,20.5,19.700000762939453,20.079999923706055,15.966968536376953,576300
2003-06-24,20.079999923706055,20.200000762939453,19.450000762939453,19.520000457763672,15.521672248840332,621000
2003-06-25,19.520000457763672,19.90999984741211,19.420000076293945,19.6200008392334,15.601190567016602,379100
2003-06-26,19.5,19.670000076293945,19.309999465942383,19.510000228881836,15.513725280761719,645600
2003-06-27,17.5,18.049999237060547,15.869999885559082,16.93000030517578,13.462191581726074,6080600
2003-06-30,17.350000381469727,17.5,16.850000381469727,17.079999923706055,13.58146858215332,2978800
2003-07-01,17.079999923706055,17.100000381469727,16.25,16.440000534057617,13.072562217712402,2257700
2003-07-02,16.3799991607666,16.3799991607666,15.550000190734863,15.890000343322754,12.63521957397461,4249200
2003-07-03,15.699999809265137,16.399999618530273,15.649999618530273,16.200000762939453,12.881714820861816,1480000
2003-07-07,16.3799991607666,16.799999237060547,16.200000762939453,16.360000610351562,13.008947372436523,1712300
2003-07-08,16.360000610351562,16.709999084472656,16.329999923706055,16.459999084472656,13.088462829589844,1449400
2003-07-09,16.5,16.649999618530273,16.299999237060547,16.329999923706055,12.985090255737305,1498300
2003-07-10,16.239999771118164,16.600000381469727,16.209999084472656,16.56999969482422,13.175929069519043,1337000
2003-07-11,16.75,17.510000228881836,16.739999771118164,17.469999313354492,13.891581535339355,1965400
2003-07-14,17.719999313354492,17.84000015258789,17.270000457763672,17.440000534057617,13.867729187011719,1177100
2003-07-15,17.700000762939453,17.739999771118164,16.969999313354492,17.229999542236328,13.700742721557617,905700
2003-07-16,17.399999618530273,17.5,17.09000015258789,17.170000076293945,13.653031349182129,640100
2003-07-17,17.350000381469727,17.75,17.31999969482422,17.489999771118164,13.907488822937012,1229000
2003-07-18,17.549999237060547,17.719999313354492,17.170000076293945,17.639999389648438,14.026764869689941,751000
2003-07-21,17.75,17.899999618530273,17.389999389648438,17.6200008392334,14.010857582092285,703000
2003-07-22,17.559999465942383,18.139999389648438,17.40999984741211,18.100000381469727,14.392537117004395,1059000
2003-07-23,18.100000381469727,18.5,17.920000076293945,18.5,14.710599899291992,987700
2003-07-24,19.0,19.5,18.700000762939453,18.899999618530273,15.028672218322754,1686200
2003-07-25,18.8799991607666,19.299999237060547,18.850000381469727,19.270000457763672,15.32287883758545,1153200
2003-07-28,19.280000686645508,19.360000610351562,18.700000762939453,18.799999237060547,14.949159622192383,1029300
2003-07-29,18.899999618530273,18.950000762939453,18.479999542236328,18.700000762939453,14.869641304016113,1140900
2003-07-30,18.899999618530273,19.110000610351562,18.68000030517578,19.049999237060547,15.147943496704102,722200
2003-07-31,19.25,19.479999542236328,19.110000610351562,19.18000030517578,15.251322746276855,478000
2003-08-01,19.190000534057617,19.479999542236328,19.059999465942383,19.1299991607666,15.211559295654297,656200
2003-08-04,19.1200008392334,19.1200008392334,18.670000076293945,18.780000686645508,14.933256149291992,539500
2003-08-05,18.790000915527344,18.850000381469727,18.450000762939453,18.530000686645508,14.734464645385742,784200
2003-08-06,18.540000915527344,18.600000381469727,18.170000076293945,18.270000457763672,14.527714729309082,606900
2003-08-07,18.31999969482422,18.3799991607666,18.09000015258789,18.329999923706055,14.57542896270752,683400
2003-08-08,18.299999237060547,18.6200008392334,18.15999984741211,18.6200008392334,14.806024551391602,311500
2003-08-11,18.399999618530273,18.549999237060547,18.0,18.139999389648438,14.424345970153809,769100
2003-08-12,18.600000381469727,19.280000686645508,18.420000076293945,19.1299991607666,15.211559295654297,1050300
2003-08-13,19.25,21.43000030517578,19.25,20.229999542236328,16.086246490478516,2537700
2003-08-14,20.239999771118164,20.799999237060547,19.950000762939453,20.670000076293945,16.436124801635742,1117700
2003-08-15,20.600000381469727,20.68000030517578,20.229999542236328,20.459999084472656,16.269140243530273,293200
2003-08-18,20.700000762939453,21.239999771118164,20.700000762939453,21.030000686645508,16.722375869750977,681900
2003-08-19,21.75,21.950000762939453,21.299999237060547,21.889999389648438,17.406225204467773,1178000
2003-08-20,21.75,22.1299991607666,21.610000610351562,21.979999542236328,17.4777889251709,872400
2003-08-21,22.100000381469727,22.790000915527344,22.100000381469727,22.6299991607666,17.994647979736328,946000
2003-08-22,22.649999618530273,22.799999237060547,22.020000457763672,22.079999923706055,17.55730438232422,678700
2003-08-25,21.959999084472656,21.959999084472656,21.510000228881836,21.68000030517578,17.239248275756836,423000
2003-08-26,21.690000534057617,21.760000228881836,20.860000610351562,21.34000015258789,16.968881607055664,771200
2003-08-27,21.299999237060547,21.59000015258789,21.18000030517578,21.579999923706055,17.159730911254883,602200
2003-08-28,21.56999969482422,21.600000381469727,20.959999084472656,21.3799991607666,17.000688552856445,484900
2003-08-29,21.299999237060547,22.139999389648438,21.299999237060547,22.079999923706055,17.55730438232422,635300
2003-09-02,21.979999542236328,21.979999542236328,21.040000915527344,21.25,16.897321701049805,1315800
2003-09-03,21.200000762939453,21.200000762939453,20.270000457763672,20.5,16.300939559936523,1138200
2003-09-04,20.549999237060547,20.610000610351562,20.1200008392334,20.440000534057617,16.253232955932617,912100
2003-09-05,20.3799991607666,20.440000534057617,19.399999618530273,19.799999237060547,15.744325637817383,1122300
2003-09-08,19.899999618530273,20.270000457763672,19.65999984741211,20.229999542236328,16.086246490478516,1597600
2003-09-09,20.239999771118164,20.239999771118164,19.809999465942383,19.8799991607666,15.807941436767578,475400
2003-09-10,19.700000762939453,19.719999313354492,18.600000381469727,18.799999237060547,14.949159622192383,2014400
2003-09-11,18.799999237060547,18.799999237060547,18.209999084472656,18.25,14.51181411743164,1623100
2003-09-12,18.260000228881836,18.309999465942383,17.719999313354492,18.139999389648438,14.424345970153809,2276800
2003-09-15,18.299999237060547,18.510000228881836,18.09000015258789,18.5,14.710599899291992,1169200
2003-09-16,18.5,18.559999465942383,18.299999237060547,18.489999771118164,14.702651977539062,827300
2003-09-17,18.440000534057617,18.489999771118164,18.18000030517578,18.18000030517578,14.456149101257324,608900
2003-09-18,18.200000762939453,18.68000030517578,18.149999618530273,18.389999389648438,14.623133659362793,888600
2003-09-19,18.450000762939453,18.489999771118164,18.049999237060547,18.170000076293945,14.44819164276123,487500
2003-09-22,18.100000381469727,18.139999389648438,17.600000381469727,17.81999969482422,14.169888496398926,623600
2003-09-23,17.799999237060547,18.059999465942383,17.25,18.0,14.313021659851074,994100
2003-09-24,18.100000381469727,18.170000076293945,17.6200008392334,17.690000534057617,14.066518783569336,549500
2003-09-25,17.8799991607666,17.899999618530273,17.200000762939453,17.219999313354492,13.692790985107422,705100
2003-09-26,17.18000030517578,17.299999237060547,16.760000228881836,17.020000457763672,13.533761024475098,780100
2003-09-29,17.100000381469727,17.360000610351562,16.889999389648438,17.1299991607666,13.621225357055664,692900
2003-09-30,17.1299991607666,17.43000030517578,16.899999618530273,17.139999389648438,13.629178047180176,939200
2003-10-01,17.350000381469727,17.780000686645508,17.309999465942383,17.639999389648438,14.026764869689941,1496200
2003-10-02,17.639999389648438,17.729999542236328,17.079999923706055,17.489999771118164,13.907488822937012,1086800
2003-10-03,16.100000381469727,16.139999389648438,15.350000381469727,15.600000381469727,12.404620170593262,6164300
2003-10-06,15.600000381469727,15.899999618530273,15.399999618530273,15.609999656677246,12.41257095336914,1337500
2003-10-07,15.609999656677246,15.640000343322754,15.300000190734863,15.5,12.325101852416992,1135900
2003-10-08,15.5,15.779999732971191,15.449999809265137,15.579999923706055,12.388712882995605,935600
2003-10-09,15.630000114440918,15.890000343322754,15.430000305175781,15.539999961853027,12.35690975189209,965100
2003-10-10,15.600000381469727,15.65999984741211,15.25,15.460000038146973,12.293293952941895,609200
2003-10-13,15.65999984741211,16.09000015258789,15.640000343322754,15.949999809265137,12.682927131652832,956300
2003-10-14,16.030000686645508,16.200000762939453,15.949999809265137,16.170000076293945,12.857866287231445,707300
2003-10-15,16.25,16.799999237060547,16.229999542236328,16.709999084472656,13.28725528717041,1378000
2003-10-16,16.5,16.649999618530273,16.170000076293945,16.600000381469727,13.199783325195312,1038600
2003-10-17,16.549999237060547,16.549999237060547,16.280000686645508,16.299999237060547,12.961237907409668,516500
2003-10-20,16.200000762939453,16.5,15.9399995803833,16.5,13.120272636413574,746200
2003-10-21,16.450000762939453,16.600000381469727,16.399999618530273,16.600000381469727,13.199783325195312,951100
2003-10-22,16.709999084472656,16.950000762939453,15.739999771118164,16.18000030517578,12.865817070007324,1325800
2003-10-23,16.200000762939453,16.450000762939453,15.75,16.329999923706055,12.985090255737305,781000
2003-10-24,16.329999923706055,16.43000030517578,16.1200008392334,16.280000686645508,12.945334434509277,555200
2003-10-27,16.299999237060547,16.399999618530273,16.059999465942383,16.299999237060547,12.961237907409668,576400
2003-10-28,16.25,16.530000686645508,16.139999389648438,16.469999313354492,13.096414566040039,535600
2003-10-29,16.510000228881836,17.010000228881836,16.25,17.0,13.517854690551758,879200
2003-10-30,17.399999618530273,17.649999618530273,17.1200008392334,17.389999389648438,13.827964782714844,1651400
2003-10-31,17.450000762939453,18.200000762939453,17.440000534057617,18.0,14.313021659851074,1750200
2003-11-03,18.200000762939453,18.420000076293945,17.84000015258789,17.920000076293945,14.249407768249512,856400
2003-11-04,17.950000762939453,17.959999084472656,17.610000610351562,17.950000762939453,14.273262977600098,797600
2003-11-05,17.950000762939453,17.989999771118164,17.700000762939453,17.889999389648438,14.225554466247559,300600
2003-11-06,17.920000076293945,18.0,17.760000228881836,18.0,14.313021659851074,675900
2003-11-07,18.100000381469727,18.280000686645508,18.0,18.209999084472656,14.480006217956543,655500
2003-11-10,18.209999084472656,18.219999313354492,18.0,18.0,14.313021659851074,454100
2003-11-11,18.049999237060547,18.079999923706055,17.479999542236328,17.549999237060547,13.95519733428955,676600
2003-11-12,17.68000030517578,17.860000610351562,17.65999984741211,17.719999313354492,14.090373039245605,1114100
2003-11-13,17.170000076293945,17.600000381469727,16.600000381469727,17.510000228881836,13.923391342163086,1326600
2003-11-14,17.649999618530273,17.829999923706055,17.450000762939453,17.489999771118164,13.907488822937012,653600
2003-11-17,17.489999771118164,17.56999969482422,17.1299991607666,17.299999237060547,13.756401062011719,539100
2003-11-18,17.25,17.530000686645508,17.229999542236328,17.270000457763672,13.732549667358398,372200
2003-11-19,17.299999237060547,17.299999237060547,16.899999618530273,17.06999969482422,13.573519706726074,593700
2003-11-20,16.899999618530273,16.969999313354492,16.709999084472656,16.790000915527344,13.350872993469238,559200
2003-11-21,16.8700008392334,16.899999618530273,16.440000534057617,16.56999969482422,13.175929069519043,741700
2003-11-24,16.719999313354492,16.75,16.489999771118164,16.56999969482422,13.175929069519043,994300
2003-11-25,17.040000915527344,17.360000610351562,16.790000915527344,16.969999313354492,13.493998527526855,940200
2003-11-26,17.170000076293945,17.329999923706055,16.90999984741211,16.940000534057617,13.470144271850586,360800
2003-11-28,17.0,17.420000076293945,17.0,17.200000762939453,13.676888465881348,204500
2003-12-01,17.200000762939453,17.81999969482422,17.200000762939453,17.65999984741211,14.0426664352417,652500
2003-12-02,17.5,17.670000076293945,17.200000762939453,17.260000228881836,13.724597930908203,386900
2003-12-03,17.290000915527344,17.950000762939453,17.290000915527344,17.639999389648438,14.026764869689941,653700
2003-12-04,17.56999969482422,17.639999389648438,17.149999618530273,17.329999923706055,13.780263900756836,485400
2003-12-05,17.3799991607666,17.520000457763672,17.149999618530273,17.270000457763672,13.732549667358398,406900
2003-12-08,17.350000381469727,17.389999389648438,16.989999771118164,17.020000457763672,13.533761024475098,584900
2003-12-09,17.059999465942383,17.100000381469727,16.799999237060547,16.829999923706055,13.382676124572754,651900
2003-12-10,16.829999923706055,16.8700008392334,16.6200008392334,16.670000076293945,13.255447387695312,684900
2003-12-11,16.700000762939453,16.950000762939453,16.649999618530273,16.700000762939453,13.279305458068848,1064900
2003-12-12,16.8799991607666,17.579999923706055,16.8799991607666,17.5,13.91543960571289,869000
2003-12-15,17.75,17.84000015258789,17.299999237060547,17.309999465942383,13.76435375213623,469500
2003-12-16,17.0,17.149999618530273,16.559999465942383,17.06999969482422,13.573519706726074,3123400
2003-12-17,17.079999923706055,18.8799991607666,16.969999313354492,18.799999237060547,14.949159622192383,7986500
2003-12-18,19.0,19.940000534057617,18.850000381469727,19.5,15.505775451660156,2922400
2003-12-19,20.0,20.219999313354492,19.18000030517578,19.290000915527344,15.33878231048584,1976600
2003-12-22,19.290000915527344,19.940000534057617,19.229999542236328,19.799999237060547,15.744325637817383,1458800
2003-12-23,19.950000762939453,20.299999237060547,19.719999313354492,20.260000228881836,16.110105514526367,1486400
2003-12-24,20.079999923706055,20.200000762939453,19.540000915527344,19.989999771118164,15.895405769348145,1475800
2003-12-26,19.989999771118164,20.170000076293945,19.959999084472656,20.139999389648438,16.014686584472656,324700
2003-12-29,20.270000457763672,20.5,20.15999984741211,20.219999313354492,16.078289031982422,645700
2003-12-30,20.200000762939453,20.479999542236328,20.149999618530273,20.270000457763672,16.11804962158203,997100
2003-12-31,20.350000381469727,20.350000381469727,20.020000457763672,20.139999389648438,16.014686584472656,1081000
2004-01-02,20.170000076293945,21.0,20.170000076293945,20.510000228881836,16.30889129638672,1018400
2004-01-05,20.510000228881836,20.709999084472656,20.239999771118164,20.520000457763672,16.316844940185547,1092700
2004-01-06,20.600000381469727,20.850000381469727,20.440000534057617,20.75,16.499736785888672,1151300
2004-01-07,20.75,21.190000534057617,20.649999618530273,21.139999389648438,16.80984878540039,1776200
2004-01-08,21.309999465942383,21.549999237060547,21.209999084472656,21.329999923706055,16.960933685302734,1099300
2004-01-09,21.18000030517578,21.56999969482422,21.049999237060547,21.100000381469727,16.77804183959961,1186200
2004-01-12,21.100000381469727,21.530000686645508,21.100000381469727,21.399999618530273,17.016592025756836,1606000
2004-01-13,21.649999618530273,21.940000534057617,20.950000762939453,21.100000381469727,16.77804183959961,1559100
2004-01-14,21.479999542236328,21.940000534057617,20.899999618530273,21.31999969482422,16.952980041503906,1112200
2004-01-15,21.18000030517578,21.850000381469727,20.799999237060547,21.770000457763672,17.310806274414062,2221100
2004-01-16,21.670000076293945,21.68000030517578,20.899999618530273,21.110000610351562,16.785993576049805,863500
2004-01-20,21.520000457763672,21.68000030517578,20.829999923706055,20.940000534057617,16.650814056396484,652200
2004-01-21,20.850000381469727,21.690000534057617,20.780000686645508,21.459999084472656,17.06430435180664,876200
2004-01-22,21.3799991607666,22.0,21.3799991607666,21.649999618530273,17.215383529663086,738900
2004-01-23,21.549999237060547,21.979999542236328,21.399999618530273,21.639999389648438,17.207433700561523,599000
2004-01-26,21.739999771118164,21.889999389648438,21.520000457763672,21.799999237060547,17.334653854370117,325100
2004-01-27,22.100000381469727,22.1299991607666,21.780000686645508,21.8700008392334,17.39031982421875,701200
2004-01-28,21.670000076293945,21.899999618530273,21.200000762939453,21.34000015258789,16.968881607055664,698400
2004-01-29,21.25,21.25,20.0,20.280000686645508,16.12600326538086,1658900
2004-01-30,20.25,20.40999984741211,19.479999542236328,20.15999984741211,16.03058624267578,1122500
2004-02-02,20.15999984741211,20.559999465942383,19.950000762939453,20.260000228881836,16.110105514526367,665300
2004-02-03,20.229999542236328,20.229999542236328,19.719999313354492,19.790000915527344,15.736377716064453,975800
2004-02-04,19.649999618530273,19.649999618530273,18.270000457763672,19.350000381469727,15.38649845123291,2212400
2004-02-05,17.520000457763672,17.75,16.110000610351562,16.25,12.921477317810059,13019500
2004-02-06,16.799999237060547,17.690000534057617,16.649999618530273,17.469999313354492,13.891581535339355,5465200
2004-02-09,17.719999313354492,17.780000686645508,17.280000686645508,17.450000762939453,13.875682830810547,2430100
2004-02-10,17.450000762939453,17.989999771118164,17.450000762939453,17.889999389648438,14.225554466247559,1721300
2004-02-11,18.0,18.670000076293945,17.93000030517578,18.610000610351562,14.798076629638672,2078100
2004-02-12,18.610000610351562,19.1200008392334,18.530000686645508,18.600000381469727,14.790122985839844,1714700
2004-02-13,18.6299991607666,18.780000686645508,18.1200008392334,18.139999389648438,14.424345970153809,912600
2004-02-17,18.75,18.90999984741211,18.670000076293945,18.850000381469727,14.988913536071777,1619500
2004-02-18,19.0,19.06999969482422,18.700000762939453,18.700000762939453,14.869641304016113,965100
2004-02-19,19.0,19.06999969482422,18.65999984741211,18.700000762939453,14.869641304016113,954700
2004-02-20,18.700000762939453,18.770000457763672,18.100000381469727,18.25,14.51181411743164,1080200
2004-02-23,18.25,18.420000076293945,18.0,18.1200008392334,14.40844440460205,755800
2004-02-24,18.15999984741211,18.360000610351562,18.059999465942383,18.229999542236328,14.495915412902832,700400
2004-02-25,18.399999618530273,18.68000030517578,18.200000762939453,18.559999465942383,14.758316993713379,1275100
2004-02-26,18.549999237060547,18.950000762939453,18.360000610351562,18.770000457763672,14.925307273864746,552000
2004-02-27,18.770000457763672,19.040000915527344,18.59000015258789,18.649999618530273,14.829877853393555,796000
2004-03-01,18.649999618530273,18.729999542236328,18.25,18.549999237060547,14.75036334991455,828500
2004-03-02,18.25,18.81999969482422,18.25,18.780000686645508,14.933256149291992,562800
2004-03-03,18.649999618530273,18.780000686645508,18.350000381469727,18.5,14.710599899291992,488100
2004-03-04,18.5,18.510000228881836,18.059999465942383,18.40999984741211,14.639039039611816,1338800
2004-03-05,18.40999984741211,18.6200008392334,18.270000457763672,18.459999084472656,14.67879867553711,465300
2004-03-08,18.459999084472656,18.510000228881836,18.18000030517578,18.280000686645508,14.53566837310791,485200
2004-03-09,18.219999313354492,18.56999969482422,18.15999984741211,18.329999923706055,14.57542896270752,558500
2004-03-10,18.329999923706055,19.0,17.8799991607666,18.219999313354492,14.487955093383789,1821900
2004-03-11,18.270000457763672,19.420000076293945,18.270000457763672,19.010000228881836,15.116144180297852,2520700
2004-03-12,19.010000228881836,19.25,18.829999923706055,18.959999084472656,15.076387405395508,2172900
2004-03-15,18.959999084472656,19.280000686645508,18.90999984741211,19.149999618530273,15.227463722229004,1508300
2004-03-16,19.399999618530273,19.639999389648438,19.09000015258789,19.200000762939453,15.267219543457031,1259600
2004-03-17,19.25,20.0,19.149999618530273,19.889999389648438,15.815885543823242,1128900
2004-03-18,19.889999389648438,20.079999923706055,19.719999313354492,19.90999984741211,15.831796646118164,1154400
2004-03-19,19.959999084472656,19.959999084472656,19.420000076293945,19.559999465942383,15.553485870361328,827700
2004-03-22,19.360000610351562,19.559999465942383,18.780000686645508,19.0,15.108189582824707,689500
2004-03-23,19.200000762939453,19.209999084472656,18.829999923706055,18.90999984741211,15.036622047424316,922900
2004-03-24,19.010000228881836,19.030000686645508,18.579999923706055,18.729999542236328,14.89349365234375,969900
2004-03-25,18.739999771118164,20.1200008392334,18.600000381469727,19.940000534057617,15.855642318725586,2627700
2004-03-26,19.959999084472656,20.469999313354492,19.850000381469727,20.299999237060547,16.141908645629883,1209200
2004-03-29,20.420000076293945,20.780000686645508,20.329999923706055,20.770000457763672,16.515636444091797,1300500
2004-03-30,20.770000457763672,20.950000762939453,20.520000457763672,20.889999389648438,16.611055374145508,962200
2004-03-31,20.899999618530273,20.899999618530273,20.520000457763672,20.709999084472656,16.46792984008789,879300
2004-04-01,20.56999969482422,21.5,20.399999618530273,21.450000762939453,17.056350708007812,2181100
2004-04-02,21.799999237060547,22.100000381469727,21.3799991607666,21.65999984741211,17.22334861755371,7672300
2004-04-05,21.65999984741211,22.329999923706055,21.469999313354492,22.200000762939453,17.65273094177246,1881200
2004-04-06,22.200000762939453,22.260000228881836,21.75,21.979999542236328,17.4777889251709,1441600
2004-04-07,21.8799991607666,22.030000686645508,21.530000686645508,21.989999771118164,17.485742568969727,799100
2004-04-08,21.989999771118164,22.020000457763672,21.649999618530273,21.799999237060547,17.334653854370117,1385300
2004-04-12,21.799999237060547,22.079999923706055,21.639999389648438,22.079999923706055,17.55730438232422,1482300
2004-04-13,22.049999237060547,22.049999237060547,21.190000534057617,21.260000228881836,16.9052677154541,1265300
2004-04-14,21.06999969482422,21.540000915527344,20.760000228881836,20.8799991607666,16.603113174438477,1753600
2004-04-15,21.049999237060547,21.170000076293945,20.68000030517578,21.079999923706055,16.762147903442383,1513700
2004-04-16,21.0,21.790000915527344,20.829999923706055,21.700000762939453,17.25514030456543,873800
2004-04-19,21.700000762939453,21.700000762939453,21.010000228881836,21.389999389648438,17.008642196655273,680900
2004-04-20,21.540000915527344,21.639999389648438,20.770000457763672,20.780000686645508,16.523588180541992,639100
2004-04-21,20.850000381469727,20.850000381469727,20.450000762939453,20.719999313354492,16.475875854492188,1029700
2004-04-22,20.81999969482422,21.649999618530273,20.799999237060547,21.459999084472656,17.06430435180664,1635500
2004-04-23,21.399999618530273,21.510000228881836,20.770000457763672,20.940000534057617,16.650814056396484,812400
2004-04-26,21.0,21.09000015258789,20.65999984741211,20.850000381469727,16.579248428344727,749100
2004-04-27,20.84000015258789,21.209999084472656,20.829999923706055,21.1200008392334,16.793941497802734,794200
2004-04-28,21.229999542236328,21.600000381469727,19.860000610351562,20.059999465942383,15.951068878173828,2376800
2004-04-29,20.239999771118164,20.989999771118164,19.450000762939453,19.729999542236328,15.688665390014648,1747400
2004-04-30,19.729999542236328,20.079999923706055,19.149999618530273,19.25,15.306979179382324,1990500
2004-05-03,19.299999237060547,19.850000381469727,19.25,19.799999237060547,15.744325637817383,1552500
2004-05-04,20.010000228881836,20.100000381469727,19.459999084472656,19.920000076293945,15.839740753173828,1099500
2004-05-05,20.0,20.0,19.450000762939453,19.670000076293945,15.640951156616211,856700
2004-05-06,19.670000076293945,19.670000076293945,19.100000381469727,19.329999923706055,15.370595932006836,902500
2004-05-07,19.329999923706055,19.649999618530273,18.799999237060547,19.0,15.108189582824707,666900
2004-05-10,18.950000762939453,18.959999084472656,18.350000381469727,18.799999237060547,14.949159622192383,1555500
2004-05-11,18.75,19.0,18.700000762939453,18.850000381469727,14.988913536071777,892200
2004-05-12,18.940000534057617,19.209999084472656,18.68000030517578,19.139999389648438,15.219511032104492,1096900
2004-05-13,18.90999984741211,19.809999465942383,18.850000381469727,19.5,15.505775451660156,1202600
2004-05-14,19.510000228881836,19.709999084472656,19.219999313354492,19.459999084472656,15.473967552185059,1086400
2004-05-17,19.389999389648438,19.389999389648438,18.84000015258789,19.079999923706055,15.171805381774902,827900
2004-05-18,18.790000915527344,18.8799991607666,18.479999542236328,18.489999771118164,14.702651977539062,1968800
2004-05-19,18.6200008392334,18.989999771118164,18.299999237060547,18.350000381469727,14.591334342956543,1486100
2004-05-20,18.389999389648438,18.40999984741211,17.780000686645508,18.040000915527344,14.344831466674805,1077900
2004-05-21,18.0,18.139999389648438,17.799999237060547,18.100000381469727,14.392537117004395,914100
2004-05-24,18.299999237060547,18.68000030517578,18.06999969482422,18.309999465942383,14.559523582458496,508200
2004-05-25,18.200000762939453,18.520000457763672,18.100000381469727,18.469999313354492,14.686755180358887,778000
2004-05-26,18.479999542236328,18.719999313354492,18.360000610351562,18.649999618530273,14.829877853393555,923100
2004-05-27,18.93000030517578,19.43000030517578,18.729999542236328,18.90999984741211,15.036622047424316,1033900
2004-05-28,18.889999389648438,19.219999313354492,18.8799991607666,19.15999984741211,15.235420227050781,455600
2004-06-01,19.15999984741211,19.399999618530273,19.049999237060547,19.3799991607666,15.41035270690918,986500
2004-06-02,19.479999542236328,19.670000076293945,19.31999969482422,19.479999542236328,15.489869117736816,754900
2004-06-03,19.549999237060547,19.600000381469727,19.25,19.25,15.306979179382324,501500
2004-06-04,19.350000381469727,19.479999542236328,19.06999969482422,19.290000915527344,15.33878231048584,1021400
2004-06-07,19.420000076293945,19.969999313354492,19.3799991607666,19.959999084472656,15.87155818939209,444500
2004-06-08,19.959999084472656,20.020000457763672,19.709999084472656,20.020000457763672,15.919260025024414,464600
2004-06-09,20.020000457763672,20.030000686645508,19.440000534057617,19.520000457763672,15.521672248840332,433200
2004-06-10,19.540000915527344,19.75,19.31999969482422,19.5,15.505775451660156,738400
2004-06-14,19.5,19.600000381469727,19.329999923706055,19.3799991607666,15.41035270690918,559300
2004-06-15,19.5,19.729999542236328,19.469999313354492,19.639999389648438,15.617093086242676,563900
2004-06-16,19.559999465942383,19.639999389648438,19.149999618530273,19.239999771118164,15.299030303955078,480900
2004-06-17,19.299999237060547,19.700000762939453,19.200000762939453,19.649999618530273,15.625057220458984,522800
2004-06-18,19.65999984741211,19.81999969482422,19.510000228881836,19.690000534057617,15.656852722167969,296200
2004-06-21,19.690000534057617,19.770000457763672,19.450000762939453,19.489999771118164,15.497817039489746,318000
2004-06-22,19.5,19.889999389648438,19.489999771118164,19.850000381469727,15.784083366394043,387700
2004-06-23,19.719999313354492,20.1200008392334,19.719999313354492,20.1200008392334,15.998778343200684,510400
2004-06-24,20.1200008392334,20.18000030517578,19.93000030517578,19.989999771118164,15.895405769348145,488400
2004-06-25,19.969999313354492,20.1299991607666,19.850000381469727,20.1299991607666,16.00672721862793,316700
2004-06-28,20.290000915527344,20.440000534057617,19.799999237060547,19.889999389648438,15.815885543823242,1150500
2004-06-29,19.899999618530273,20.040000915527344,19.809999465942383,19.979999542236328,15.887451171875,638700
2004-06-30,19.989999771118164,20.389999389648438,19.860000610351562,20.3700008392334,16.197568893432617,606900
2004-07-01,20.3700008392334,20.3700008392334,19.100000381469727,19.579999923706055,15.569384574890137,1697000
2004-07-02,19.579999923706055,19.579999923706055,19.139999389648438,19.209999084472656,15.27517318725586,561900
2004-07-06,19.219999313354492,19.389999389648438,19.059999465942383,19.270000457763672,15.32287883758545,556700
2004-07-07,19.280000686645508,19.6299991607666,19.239999771118164,19.6299991607666,15.609149932861328,728800
2004-07-08,19.600000381469727,19.610000610351562,19.100000381469727,19.1299991607666,15.211559295654297,504800
2004-07-09,19.1299991607666,19.40999984741211,19.110000610351562,19.3700008392334,15.40240478515625,632900
2004-07-12,19.3700008392334,19.469999313354492,19.15999984741211,19.31999969482422,15.362641334533691,239800
2004-07-13,19.34000015258789,19.639999389648438,19.09000015258789,19.600000381469727,15.585284233093262,865900
2004-07-14,18.75,19.139999389648438,18.329999923706055,18.84000015258789,14.980964660644531,1842600
2004-07-15,18.84000015258789,18.950000762939453,18.760000228881836,18.899999618530273,15.028672218322754,1155700
2004-07-16,19.049999237060547,19.479999542236328,18.920000076293945,19.389999389648438,15.418304443359375,1520700
2004-07-19,19.389999389648438,19.389999389648438,19.020000457763672,19.1200008392334,15.203617095947266,437200
2004-07-20,19.1299991607666,19.200000762939453,18.8700008392334,18.950000762939453,15.068428993225098,453400
2004-07-21,19.200000762939453,19.399999618530273,18.760000228881836,18.760000228881836,14.917346954345703,503700
2004-07-22,18.6200008392334,18.6200008392334,18.190000534057617,18.399999618530273,14.631086349487305,821900
2004-07-23,18.350000381469727,18.579999923706055,18.229999542236328,18.299999237060547,14.551570892333984,358200
2004-07-26,18.479999542236328,18.649999618530273,18.139999389648438,18.299999237060547,14.551570892333984,423500
2004-07-27,18.450000762939453,18.75,18.229999542236328,18.56999969482422,14.76626968383789,561200
2004-07-28,20.100000381469727,21.239999771118164,19.610000610351562,20.579999923706055,16.364553451538086,3012900
2004-07-29,20.59000015258789,20.989999771118164,20.489999771118164,20.600000381469727,16.380456924438477,1526900
2004-07-30,20.6299991607666,21.5,20.6299991607666,20.920000076293945,16.63491439819336,1613100
2004-08-02,20.75,20.889999389648438,20.510000228881836,20.649999618530273,16.420217514038086,877200
2004-08-03,20.719999313354492,20.81999969482422,20.40999984741211,20.469999313354492,16.27708625793457,482800
2004-08-04,20.459999084472656,20.459999084472656,19.8799991607666,20.110000610351562,15.990826606750488,637900
2004-08-05,20.15999984741211,20.209999084472656,19.450000762939453,19.600000381469727,15.585284233093262,611600
2004-08-06,19.3700008392334,19.670000076293945,19.149999618530273,19.5,15.505775451660156,1066900
2004-08-09,19.450000762939453,19.90999984741211,19.450000762939453,19.81999969482422,15.760231971740723,1060900
2004-08-10,19.829999923706055,20.170000076293945,19.829999923706055,20.059999465942383,15.951068878173828,771700
2004-08-11,20.040000915527344,20.040000915527344,19.6299991607666,19.829999923706055,15.76817512512207,519800
2004-08-12,19.6299991607666,19.739999771118164,19.15999984741211,19.229999542236328,15.29107666015625,753900
2004-08-13,19.18000030517578,19.389999389648438,19.0,19.1299991607666,15.211559295654297,546700
2004-08-16,19.25,19.780000686645508,19.25,19.5,15.505775451660156,844500
2004-08-17,19.899999618530273,20.0,19.469999313354492,19.530000686645508,15.52962875366211,1043700
2004-08-18,19.5,19.790000915527344,19.360000610351562,19.68000030517578,15.648900985717773,1086200
2004-08-19,19.68000030517578,19.799999237060547,19.09000015258789,19.260000228881836,15.31494140625,618400
2004-08-20,19.25,19.549999237060547,19.200000762939453,19.34000015258789,15.378544807434082,465900
2004-08-23,19.450000762939453,19.93000030517578,19.40999984741211,19.860000610351562,15.792030334472656,571200
2004-08-24,19.93000030517578,20.1200008392334,19.899999618530273,19.989999771118164,15.895405769348145,852600
2004-08-25,19.989999771118164,20.020000457763672,19.709999084472656,19.90999984741211,15.831796646118164,586900
2004-08-26,19.979999542236328,20.1200008392334,19.6299991607666,20.010000228881836,15.911314010620117,578500
2004-08-27,20.0,20.110000610351562,19.65999984741211,20.06999969482422,15.959015846252441,336200
2004-08-30,20.06999969482422,20.079999923706055,19.81999969482422,19.889999389648438,15.815885543823242,526100
2004-08-31,19.950000762939453,20.09000015258789,19.600000381469727,19.989999771118164,15.895405769348145,557300
2004-09-01,19.899999618530273,20.1200008392334,19.829999923706055,19.93000030517578,15.84769058227539,389800
2004-09-02,19.899999618530273,20.309999465942383,19.84000015258789,20.229999542236328,16.086246490478516,460500
2004-09-03,20.229999542236328,20.389999389648438,20.1299991607666,20.280000686645508,16.12600326538086,499700
2004-09-07,20.3799991607666,20.6200008392334,20.34000015258789,20.59000015258789,16.37250518798828,884600
2004-09-08,20.709999084472656,21.1200008392334,20.649999618530273,20.93000030517578,16.642864227294922,1444200
2004-09-09,20.8799991607666,21.079999923706055,20.670000076293945,20.90999984741211,16.626956939697266,612900
2004-09-10,20.959999084472656,20.979999542236328,20.639999389648438,20.950000762939453,16.658767700195312,497300
2004-09-13,21.0,21.239999771118164,20.979999542236328,20.979999542236328,16.6826229095459,805700
2004-09-14,21.079999923706055,21.889999389648438,20.950000762939453,21.889999389648438,17.406225204467773,1485400
2004-09-15,21.899999618530273,21.899999618530273,21.360000610351562,21.6200008392334,17.191532135009766,1128600
2004-09-16,21.649999618530273,21.989999771118164,21.6299991607666,21.809999465942383,17.342613220214844,960600
2004-09-17,21.81999969482422,22.1200008392334,21.75,22.09000015258789,17.565258026123047,738700
2004-09-20,22.09000015258789,22.139999389648438,21.860000610351562,22.049999237060547,17.53345489501953,723400
2004-09-21,22.200000762939453,22.34000015258789,22.020000457763672,22.270000457763672,17.70838737487793,862200
2004-09-22,22.25,22.25,21.739999771118164,21.829999923706055,17.358516693115234,1258400
2004-09-23,21.729999542236328,21.950000762939453,21.209999084472656,21.360000610351562,16.984786987304688,1856100
2004-09-24,21.479999542236328,21.950000762939453,21.450000762939453,21.799999237060547,17.334653854370117,1287800
2004-09-27,21.799999237060547,21.93000030517578,21.399999618530273,21.559999465942383,17.143823623657227,605900
2004-09-28,21.479999542236328,21.979999542236328,21.200000762939453,21.8799991607666,17.398273468017578,1154300
2004-09-29,21.959999084472656,22.709999084472656,21.719999313354492,22.59000015258789,17.962848663330078,1253300
2004-09-30,22.610000610351562,22.899999618530273,22.299999237060547,22.6200008392334,17.986696243286133,627400
2004-10-01,22.639999389648438,22.780000686645508,22.530000686645508,22.6299991607666,17.994647979736328,892300
2004-10-04,22.899999618530273,23.1299991607666,22.600000381469727,22.81999969482422,18.145727157592773,591200
2004-10-05,22.959999084472656,23.059999465942383,22.25,22.34000015258789,17.764053344726562,617300
2004-10-06,22.34000015258789,22.81999969482422,22.31999969482422,22.56999969482422,17.94693946838379,1071500
2004-10-07,22.649999618530273,22.809999465942383,22.1200008392334,22.190000534057617,17.644771575927734,669800
2004-10-08,22.049999237060547,22.100000381469727,21.6299991607666,21.68000030517578,17.239248275756836,784500
2004-10-11,21.65999984741211,21.850000381469727,21.489999771118164,21.6299991607666,17.199481964111328,568600
2004-10-12,21.510000228881836,21.540000915527344,20.09000015258789,20.43000030517578,16.24527931213379,3183500
2004-10-13,20.440000534057617,20.440000534057617,19.260000228881836,19.5,15.505775451660156,2880400
2004-10-14,19.75,20.170000076293945,19.389999389648438,19.510000228881836,15.513725280761719,2314800
2004-10-15,19.760000228881836,20.010000228881836,19.610000610351562,19.860000610351562,15.792030334472656,1297700
2004-10-18,19.610000610351562,19.899999618530273,19.280000686645508,19.889999389648438,15.815885543823242,1487400
2004-10-19,19.889999389648438,19.889999389648438,19.190000534057617,19.399999618530273,15.426257133483887,1585500
2004-10-20,19.389999389648438,19.639999389648438,19.010000228881836,19.43000030517578,15.450117111206055,1153400
2004-10-21,19.479999542236328,19.59000015258789,19.079999923706055,19.489999771118164,15.497817039489746,1156700
2004-10-22,19.540000915527344,19.540000915527344,19.209999084472656,19.209999084472656,15.27517318725586,742400
2004-10-25,19.18000030517578,19.68000030517578,18.93000030517578,19.6200008392334,15.601190567016602,1213200
2004-10-26,19.520000457763672,19.84000015258789,19.350000381469727,19.729999542236328,15.688665390014648,1204500
2004-10-27,19.6299991607666,19.639999389648438,19.010000228881836,19.209999084472656,15.27517318725586,2311500
2004-10-28,19.209999084472656,19.239999771118164,18.81999969482422,19.0,15.108189582824707,1569500
2004-10-29,19.0,19.579999923706055,19.0,19.420000076293945,15.442159652709961,1767200
2004-11-01,19.6299991607666,19.649999618530273,19.079999923706055,19.299999237060547,15.346738815307617,949500
2004-11-02,19.420000076293945,20.040000915527344,19.280000686645508,19.84000015258789,15.776129722595215,1407500
2004-11-03,20.049999237060547,20.3799991607666,20.049999237060547,20.219999313354492,16.078289031982422,1256500
2004-11-04,20.260000228881836,20.549999237060547,19.90999984741211,20.450000762939453,16.26118278503418,1164000
2004-11-05,20.520000457763672,20.889999389648438,20.5,20.6299991607666,16.40431785583496,1316000
2004-11-08,20.600000381469727,21.049999237060547,20.520000457763672,20.940000534057617,16.650814056396484,1339500
2004-11-09,20.940000534057617,21.399999618530273,20.829999923706055,21.360000610351562,16.984786987304688,1143500
2004-11-10,21.399999618530273,21.780000686645508,21.31999969482422,21.450000762939453,17.056350708007812,2351700
2004-11-11,21.700000762939453,21.75,21.389999389648438,21.68000030517578,17.239248275756836,1118600
2004-11-12,21.649999618530273,21.670000076293945,21.15999984741211,21.649999618530273,17.215383529663086,720700
2004-11-15,21.829999923706055,21.829999923706055,21.459999084472656,21.459999084472656,17.06430435180664,583300
2004-11-16,21.450000762939453,21.709999084472656,21.25,21.639999389648438,17.207433700561523,684500
2004-11-17,21.610000610351562,22.059999465942383,21.610000610351562,21.920000076293945,17.43008041381836,1574000
2004-11-18,21.969999313354492,22.06999969482422,21.549999237060547,21.899999618530273,17.41417121887207,1353200
2004-11-19,21.850000381469727,21.860000610351562,21.299999237060547,21.3799991607666,17.000688552856445,540300
2004-11-22,21.3799991607666,21.610000610351562,21.209999084472656,21.579999923706055,17.159730911254883,934000
2004-11-23,21.770000457763672,21.770000457763672,20.899999618530273,21.360000610351562,16.984786987304688,1445800
2004-11-24,21.5,21.690000534057617,21.350000381469727,21.639999389648438,17.207433700561523,1315100
2004-11-26,21.549999237060547,21.639999389648438,21.469999313354492,21.510000228881836,17.104061126708984,259100
2004-11-29,21.520000457763672,21.520000457763672,21.110000610351562,21.31999969482422,16.952980041503906,1334600
2004-11-30,21.299999237060547,21.84000015258789,21.149999618530273,21.790000915527344,17.326704025268555,1144900
2004-12-01,21.81999969482422,22.31999969482422,21.729999542236328,22.219999313354492,17.668630599975586,1118200
2004-12-02,22.219999313354492,22.219999313354492,21.270000457763672,21.75,17.294902801513672,863200
2004-12-03,21.75,21.8799991607666,21.530000686645508,21.719999313354492,17.271045684814453,919900
2004-12-06,21.729999542236328,21.729999542236328,21.260000228881836,21.3700008392334,16.99274253845215,1015300
2004-12-07,21.5,21.549999237060547,20.959999084472656,21.1299991607666,16.80190086364746,573700
2004-12-08,20.969999313354492,21.149999618530273,20.670000076293945,21.0,16.698532104492188,1137500
2004-12-09,21.010000228881836,21.540000915527344,20.889999389648438,21.399999618530273,17.016592025756836,858400
2004-12-10,21.149999618530273,21.3700008392334,20.700000762939453,21.329999923706055,16.960933685302734,465900
2004-12-13,21.6299991607666,22.040000915527344,21.450000762939453,22.020000457763672,17.509597778320312,703000
2004-12-14,21.780000686645508,22.010000228881836,21.540000915527344,21.959999084472656,17.461891174316406,579800
2004-12-15,22.149999618530273,22.6299991607666,22.0,22.6299991607666,17.994647979736328,1128400
2004-12-16,22.6200008392334,22.690000534057617,22.149999618530273,22.200000762939453,17.65273094177246,884900
2004-12-17,22.3799991607666,22.489999771118164,21.979999542236328,22.280000686645508,17.716344833374023,692100
2004-12-20,22.200000762939453,22.3700008392334,21.8799991607666,22.0,17.493690490722656,734600
2004-12-21,22.0,22.09000015258789,21.649999618530273,21.700000762939453,17.25514030456543,1089400
2004-12-22,21.700000762939453,21.700000762939453,21.350000381469727,21.43000030517578,17.040443420410156,1033900
2004-12-23,21.5,21.850000381469727,21.399999618530273,21.450000762939453,17.056350708007812,672400
2004-12-27,21.700000762939453,21.700000762939453,20.799999237060547,21.1200008392334,16.793941497802734,906400
2004-12-28,21.139999389648438,22.0,21.139999389648438,21.93000030517578,17.43802833557129,976200
2004-12-29,22.0,22.100000381469727,21.770000457763672,21.84000015258789,17.36646842956543,654400
2004-12-30,21.889999389648438,21.979999542236328,21.5,21.809999465942383,17.342613220214844,702000
2004-12-31,21.84000015258789,22.100000381469727,21.719999313354492,21.889999389648438,17.406225204467773,588500
2005-01-03,21.899999618530273,21.940000534057617,21.309999465942383,21.309999465942383,16.945030212402344,932900
2005-01-04,21.399999618530273,21.489999771118164,20.6299991607666,20.81999969482422,16.55539321899414,1279500
2005-01-05,20.889999389648438,21.06999969482422,20.75,20.780000686645508,16.523588180541992,1480700
2005-01-06,20.670000076293945,20.93000030517578,20.540000915527344,20.739999771118164,16.49178695678711,727500
2005-01-07,20.59000015258789,20.739999771118164,20.260000228881836,20.309999465942383,16.149860382080078,954200
2005-01-10,20.350000381469727,20.440000534057617,20.15999984741211,20.260000228881836,16.110105514526367,1295100
2005-01-11,20.260000228881836,20.34000015258789,20.049999237060547,20.049999237060547,15.943110466003418,998700
2005-01-12,20.100000381469727,20.25,19.799999237060547,20.1200008392334,15.998778343200684,1496400
2005-01-13,20.170000076293945,21.09000015258789,20.1200008392334,20.56999969482422,16.35660743713379,1590400
2005-01-14,20.780000686645508,20.899999618530273,20.56999969482422,20.68000030517578,16.444080352783203,1501600
2005-01-18,20.790000915527344,21.43000030517578,20.65999984741211,21.190000534057617,16.849605560302734,1618400
2005-01-19,21.25,21.270000457763672,20.84000015258789,20.8799991607666,16.603113174438477,575100
2005-01-20,20.790000915527344,20.81999969482422,20.5,20.540000915527344,16.332746505737305,577500
2005-01-21,20.700000762939453,20.739999771118164,20.139999389648438,20.299999237060547,16.141908645629883,685400
2005-01-24,20.299999237060547,20.469999313354492,19.940000534057617,20.010000228881836,15.911314010620117,424600
2005-01-25,20.299999237060547,20.5,19.950000762939453,20.18000030517578,16.04648780822754,608200
2005-01-26,20.40999984741211,20.440000534057617,20.170000076293945,20.34000015258789,16.173717498779297,447800
2005-01-27,20.149999618530273,20.34000015258789,19.6200008392334,20.190000534057617,16.054445266723633,1262800
2005-01-28,20.43000030517578,20.549999237060547,20.010000228881836,20.049999237060547,15.943110466003418,966400
2005-01-31,20.350000381469727,20.709999084472656,20.299999237060547,20.530000686645508,16.324798583984375,490200
2005-02-01,20.530000686645508,20.760000228881836,20.440000534057617,20.6200008392334,16.396360397338867,461300
2005-02-02,20.56999969482422,20.90999984741211,20.350000381469727,20.860000610351562,16.587200164794922,752900
2005-02-03,20.84000015258789,21.149999618530273,20.59000015258789,20.649999618530273,16.420217514038086,1048200
2005-02-04,20.780000686645508,20.850000381469727,19.3799991607666,19.5,15.505775451660156,3330900
2005-02-07,19.549999237060547,19.68000030517578,19.31999969482422,19.43000030517578,15.450117111206055,1790300
2005-02-08,19.479999542236328,19.59000015258789,19.15999984741211,19.440000534057617,15.458064079284668,1047600
2005-02-09,19.610000610351562,19.649999618530273,19.229999542236328,19.260000228881836,15.31494140625,824900
2005-02-10,19.290000915527344,19.5,19.15999984741211,19.420000076293945,15.442159652709961,741600
2005-02-11,19.489999771118164,19.799999237060547,19.360000610351562,19.739999771118164,15.696614265441895,1479600
2005-02-14,19.739999771118164,20.06999969482422,18.969999313354492,19.170000076293945,15.243368148803711,1936300
2005-02-15,18.93000030517578,18.969999313354492,18.030000686645508,18.399999618530273,14.631086349487305,4423000
2005-02-16,18.270000457763672,18.81999969482422,18.049999237060547,18.700000762939453,14.869641304016113,3525500
2005-02-17,18.8799991607666,19.100000381469727,18.700000762939453,19.049999237060547,15.147943496704102,1859700
2005-02-18,19.0,19.0,18.68000030517578,18.700000762939453,14.869641304016113,1101200
2005-02-22,18.75,18.959999084472656,18.290000915527344,18.56999969482422,14.76626968383789,2031200
2005-02-23,18.510000228881836,18.700000762939453,18.149999618530273,18.31999969482422,14.567472457885742,2241500
2005-02-24,18.489999771118164,19.5,18.469999313354492,19.3799991607666,15.41035270690918,1942600
2005-02-25,19.350000381469727,19.479999542236328,19.049999237060547,19.399999618530273,15.426257133483887,1853300
2005-02-28,19.270000457763672,19.75,19.18000030517578,19.469999313354492,15.481922149658203,1519600
2005-03-01,19.579999923706055,19.81999969482422,19.489999771118164,19.790000915527344,15.736377716064453,1083700
2005-03-02,19.770000457763672,19.920000076293945,19.399999618530273,19.860000610351562,15.792030334472656,1363900
2005-03-03,20.0,20.059999465942383,19.709999084472656,20.030000686645508,15.927213668823242,1990000
2005-03-04,20.100000381469727,20.190000534057617,19.719999313354492,20.020000457763672,15.919260025024414,921300
2005-03-07,20.0,20.059999465942383,19.760000228881836,19.969999313354492,15.879502296447754,692600
2005-03-08,19.950000762939453,19.989999771118164,19.389999389648438,19.579999923706055,15.569384574890137,1447000
2005-03-09,19.579999923706055,19.579999923706055,19.1299991607666,19.299999237060547,15.346738815307617,1287500
2005-03-10,19.479999542236328,19.780000686645508,19.270000457763672,19.770000457763672,15.72046947479248,1341800
2005-03-11,19.920000076293945,19.940000534057617,19.649999618530273,19.81999969482422,15.760231971740723,867500
2005-03-14,19.790000915527344,19.93000030517578,19.360000610351562,19.479999542236328,15.489869117736816,1177800
2005-03-15,19.469999313354492,19.68000030517578,19.25,19.5,15.505775451660156,1464600
2005-03-16,19.5,19.610000610351562,18.950000762939453,19.100000381469727,15.187705993652344,978100
2005-03-17,19.219999313354492,19.350000381469727,19.06999969482422,19.299999237060547,15.346738815307617,763400
2005-03-18,19.18000030517578,19.270000457763672,18.309999465942383,18.700000762939453,14.869641304016113,1756300
2005-03-21,18.639999389648438,18.860000610351562,18.540000915527344,18.860000610351562,14.996864318847656,656200
2005-03-22,18.790000915527344,19.190000534057617,18.75,18.84000015258789,14.980964660644531,879200
2005-03-23,18.799999237060547,18.920000076293945,18.56999969482422,18.579999923706055,14.774221420288086,752200
2005-03-24,18.639999389648438,18.989999771118164,18.530000686645508,18.809999465942383,14.957107543945312,567400
2005-03-28,18.8700008392334,18.959999084472656,18.489999771118164,18.600000381469727,14.790122985839844,743700
2005-03-29,18.600000381469727,18.760000228881836,18.100000381469727,18.15999984741211,14.440247535705566,966200
2005-03-30,18.299999237060547,18.520000457763672,18.280000686645508,18.5,14.710599899291992,695600
2005-03-31,18.450000762939453,18.530000686645508,18.219999313354492,18.25,14.51181411743164,799700
2005-04-01,18.299999237060547,18.34000015258789,17.90999984741211,18.0,14.313021659851074,1189800
2005-04-04,17.989999771118164,18.270000457763672,17.920000076293945,18.010000228881836,14.320972442626953,1189100
2005-04-05,18.040000915527344,18.09000015258789,17.700000762939453,17.790000915527344,14.146039009094238,1238700
2005-04-06,17.829999923706055,18.059999465942383,17.719999313354492,17.950000762939453,14.273262977600098,854900
2005-04-07,17.950000762939453,18.280000686645508,17.8799991607666,18.100000381469727,14.392537117004395,568600
2005-04-08,18.200000762939453,18.200000762939453,17.770000457763672,17.780000686645508,14.138087272644043,516100
2005-04-11,17.799999237060547,17.8799991607666,17.549999237060547,17.579999923706055,13.97905158996582,986800
2005-04-12,17.579999923706055,17.579999923706055,17.06999969482422,17.450000762939453,13.875682830810547,1409800
2005-04-13,17.489999771118164,17.6299991607666,17.260000228881836,17.270000457763672,13.732549667358398,1084300
2005-04-14,17.299999237060547,17.479999542236328,17.020000457763672,17.020000457763672,13.533761024475098,909100
2005-04-15,16.75,17.0,16.5,16.56999969482422,13.175929069519043,861800
2005-04-18,16.5,16.950000762939453,16.5,16.809999465942383,13.36677360534668,818100
2005-04-19,16.829999923706055,17.0,16.700000762939453,16.959999084472656,13.48604679107666,754200
2005-04-20,17.149999618530273,17.420000076293945,16.700000762939453,16.719999313354492,13.295207023620605,1402800
2005-04-21,16.920000076293945,17.25,16.860000610351562,17.1200008392334,13.61327838897705,2621700
2005-04-22,17.100000381469727,17.649999618530273,16.969999313354492,17.649999618530273,14.034716606140137,1980200
2005-04-25,17.68000030517578,18.149999618530273,17.56999969482422,17.90999984741211,14.241456985473633,1072200
2005-04-26,18.200000762939453,18.200000762939453,17.170000076293945,17.170000076293945,13.653031349182129,975100
2005-04-27,17.18000030517578,17.31999969482422,16.979999542236328,17.260000228881836,13.724597930908203,716500
2005-04-28,17.260000228881836,17.260000228881836,16.93000030517578,17.040000915527344,13.549664497375488,708400
2005-04-29,17.1200008392334,17.25,16.959999084472656,17.200000762939453,13.676888465881348,899900
2005-05-02,17.600000381469727,17.799999237060547,17.329999923706055,17.68000030517578,14.05856990814209,1104800
2005-05-03,17.450000762939453,17.90999984741211,17.190000534057617,17.600000381469727,13.99495792388916,1174500
2005-05-04,17.75,18.649999618530273,17.68000030517578,18.3799991607666,14.615188598632812,1425200
2005-05-05,18.399999618530273,18.510000228881836,18.15999984741211,18.270000457763672,14.527714729309082,1384800
2005-05-06,18.350000381469727,19.610000610351562,18.350000381469727,18.610000610351562,14.798076629638672,2875700
2005-05-09,18.65999984741211,18.850000381469727,18.459999084472656,18.68000030517578,14.853734970092773,780600
2005-05-10,18.700000762939453,18.729999542236328,18.350000381469727,18.5,14.710599899291992,1398800
2005-05-11,18.40999984741211,18.549999237060547,18.079999923706055,18.31999969482422,14.567472457885742,750700
2005-05-12,18.329999923706055,18.34000015258789,17.760000228881836,17.790000915527344,14.146039009094238,996600
2005-05-13,17.860000610351562,17.969999313354492,17.489999771118164,17.700000762939453,14.074472427368164,734800
2005-05-16,17.690000534057617,17.760000228881836,17.540000915527344,17.760000228881836,14.122182846069336,784700
2005-05-17,17.8799991607666,18.200000762939453,17.600000381469727,17.739999771118164,14.106285095214844,1404300
2005-05-18,17.84000015258789,18.270000457763672,17.84000015258789,18.0,14.313021659851074,1187000
2005-05-19,17.950000762939453,18.049999237060547,17.729999542236328,17.920000076293945,14.249407768249512,730700
2005-05-20,18.0,18.020000457763672,17.770000457763672,17.860000610351562,14.201701164245605,384200
2005-05-23,17.950000762939453,17.959999084472656,17.690000534057617,17.770000457763672,14.130132675170898,1073700
2005-05-24,17.850000381469727,17.899999618530273,17.520000457763672,17.600000381469727,13.99495792388916,910800
2005-05-25,17.65999984741211,17.829999923706055,17.489999771118164,17.709999084472656,14.08242130279541,774200
2005-05-26,17.959999084472656,18.770000457763672,17.8700008392334,18.770000457763672,14.925307273864746,2725600
2005-05-27,18.920000076293945,18.940000534057617,18.5,18.549999237060547,14.75036334991455,1066100
2005-05-31,18.59000015258789,18.610000610351562,18.309999465942383,18.360000610351562,14.599282264709473,654400
2005-06-01,18.440000534057617,18.84000015258789,18.350000381469727,18.5,14.710599899291992,868500
2005-06-02,18.479999542236328,18.479999542236328,18.170000076293945,18.309999465942383,14.559523582458496,923200
2005-06-03,18.3799991607666,18.549999237060547,18.1200008392334,18.1299991607666,14.416393280029297,595200
2005-06-06,18.170000076293945,18.43000030517578,18.049999237060547,18.399999618530273,14.631086349487305,1094300
2005-06-07,18.540000915527344,18.719999313354492,18.40999984741211,18.530000686645508,14.734464645385742,871700
2005-06-08,18.579999923706055,18.6299991607666,17.950000762939453,18.290000915527344,14.543621063232422,823100
2005-06-09,18.299999237060547,18.450000762939453,18.110000610351562,18.440000534057617,14.662894248962402,559700
2005-06-10,18.549999237060547,19.170000076293945,18.530000686645508,19.09000015258789,15.179757118225098,844000
2005-06-13,19.100000381469727,19.139999389648438,18.75,18.860000610351562,14.996864318847656,584300
2005-06-14,18.84000015258789,18.959999084472656,18.649999618530273,18.850000381469727,14.988913536071777,636500
2005-06-15,18.90999984741211,18.940000534057617,18.610000610351562,18.739999771118164,14.901444435119629,756700
2005-06-16,18.850000381469727,18.850000381469727,18.5,18.75,14.909403800964355,725200
2005-06-17,18.75,18.969999313354492,18.639999389648438,18.860000610351562,14.996864318847656,1121200
2005-06-20,18.940000534057617,19.100000381469727,18.700000762939453,19.059999465942383,15.155896186828613,689000
2005-06-21,19.139999389648438,19.649999618530273,19.100000381469727,19.540000915527344,15.537577629089355,1603800
2005-06-22,19.520000457763672,19.6200008392334,19.299999237060547,19.43000030517578,15.450117111206055,973800
2005-06-23,19.549999237060547,19.559999465942383,18.950000762939453,19.030000686645508,15.13204574584961,514300
2005-06-24,18.93000030517578,19.280000686645508,18.469999313354492,18.799999237060547,14.949159622192383,4082400
2005-06-27,18.649999618530273,18.860000610351562,18.549999237060547,18.809999465942383,14.957107543945312,843800
2005-06-28,18.920000076293945,19.489999771118164,18.899999618530273,19.260000228881836,15.31494140625,720400
2005-06-29,19.149999618530273,19.600000381469727,19.049999237060547,19.510000228881836,15.513725280761719,466500
2005-06-30,19.530000686645508,19.639999389648438,19.1200008392334,19.1200008392334,15.203617095947266,880000
2005-07-01,19.149999618530273,19.920000076293945,19.1299991607666,19.920000076293945,15.839740753173828,1130800
2005-07-05,19.950000762939453,20.030000686645508,19.850000381469727,19.989999771118164,15.895405769348145,1222600
2005-07-06,19.940000534057617,20.0,19.799999237060547,19.959999084472656,15.87155818939209,892300
2005-07-07,19.969999313354492,20.170000076293945,19.809999465942383,20.15999984741211,16.03058624267578,967800
2005-07-08,20.149999618530273,20.6299991607666,20.0,20.6299991607666,16.40431785583496,788200
2005-07-11,20.600000381469727,20.8700008392334,20.1200008392334,20.8700008392334,16.59514617919922,1221200
2005-07-12,20.770000457763672,21.200000762939453,20.770000457763672,21.020000457763672,16.71442985534668,921700
2005-07-13,20.850000381469727,20.850000381469727,20.450000762939453,20.639999389648438,16.412267684936523,1102000
2005-07-14,20.670000076293945,20.770000457763672,20.049999237060547,20.06999969482422,15.959015846252441,1165100
2005-07-15,20.06999969482422,20.31999969482422,19.84000015258789,20.280000686645508,16.12600326538086,652000
2005-07-18,20.190000534057617,20.5,20.15999984741211,20.25,16.102149963378906,425100
2005-07-19,20.43000030517578,20.959999084472656,20.329999923706055,20.899999618530273,16.619009017944336,752700
2005-07-20,20.850000381469727,21.40999984741211,20.799999237060547,21.299999237060547,16.93707847595215,1097200
2005-07-21,21.190000534057617,21.350000381469727,20.459999084472656,20.81999969482422,16.55539321899414,1534500
2005-07-22,20.739999771118164,21.459999084472656,20.739999771118164,21.020000457763672,16.71442985534668,672500
2005-07-25,20.850000381469727,21.239999771118164,20.389999389648438,20.399999618530273,16.221416473388672,723800
2005-07-26,19.989999771118164,20.389999389648438,19.450000762939453,20.1200008392334,15.998778343200684,1510800
2005-07-27,20.420000076293945,20.8799991607666,20.40999984741211,20.6299991607666,16.40431785583496,1109700
2005-07-28,20.579999923706055,20.780000686645508,20.329999923706055,20.610000610351562,16.388410568237305,619900
2005-07-29,20.549999237060547,20.690000534057617,20.309999465942383,20.690000534057617,16.4520263671875,771700
2005-08-01,20.40999984741211,20.84000015258789,20.40999984741211,20.770000457763672,16.515636444091797,537200
2005-08-02,20.700000762939453,20.809999465942383,20.600000381469727,20.780000686645508,16.523588180541992,462700
2005-08-03,20.65999984741211,20.770000457763672,20.479999542236328,20.520000457763672,16.316844940185547,593000
2005-08-04,20.399999618530273,20.399999618530273,19.770000457763672,20.059999465942383,15.951068878173828,734100
2005-08-05,20.0,20.209999084472656,19.719999313354492,19.780000686645508,15.728423118591309,1237200
2005-08-08,19.8799991607666,20.079999923706055,19.520000457763672,19.610000610351562,15.593244552612305,889300
2005-08-09,19.6200008392334,20.860000610351562,19.6200008392334,20.530000686645508,16.324798583984375,1620100
2005-08-10,20.700000762939453,21.100000381469727,20.649999618530273,20.889999389648438,16.611055374145508,810200
2005-08-11,20.889999389648438,21.299999237060547,20.829999923706055,20.989999771118164,16.69057273864746,968100
2005-08-12,20.850000381469727,21.010000228881836,20.350000381469727,20.940000534057617,16.650814056396484,471100
2005-08-15,20.940000534057617,21.100000381469727,20.530000686645508,20.950000762939453,16.658767700195312,418500
2005-08-16,20.209999084472656,20.219999313354492,19.579999923706055,19.969999313354492,15.879502296447754,1760700
2005-08-17,19.799999237060547,20.290000915527344,19.600000381469727,20.139999389648438,16.014686584472656,720400
2005-08-18,20.049999237060547,20.09000015258789,19.760000228881836,19.889999389648438,15.815885543823242,620000
2005-08-19,19.8799991607666,20.030000686645508,19.709999084472656,19.979999542236328,15.887451171875,400000
2005-08-22,20.0,20.200000762939453,19.780000686645508,19.959999084472656,15.87155818939209,629600
2005-08-23,20.0,20.110000610351562,19.739999771118164,19.75,15.704570770263672,513200
2005-08-24,19.75,19.899999618530273,19.329999923706055,19.68000030517578,15.648900985717773,1051400
2005-08-25,19.559999465942383,19.829999923706055,19.559999465942383,19.709999084472656,15.67276382446289,744800
2005-08-26,19.75,19.75,19.600000381469727,19.739999771118164,15.696614265441895,562400
2005-08-29,19.700000762939453,20.059999465942383,19.690000534057617,20.0,15.903352737426758,548400
2005-08-30,20.040000915527344,20.049999237060547,19.700000762939453,19.850000381469727,15.784083366394043,447400
2005-08-31,19.850000381469727,20.649999618530273,19.75,20.530000686645508,16.324798583984375,560000
2005-09-01,20.530000686645508,20.65999984741211,20.280000686645508,20.549999237060547,16.340702056884766,453700
2005-09-02,20.56999969482422,20.690000534057617,20.059999465942383,20.360000610351562,16.189620971679688,388400
2005-09-06,20.350000381469727,20.40999984741211,20.09000015258789,20.260000228881836,16.110105514526367,810100
2005-09-07,20.260000228881836,20.489999771118164,20.09000015258789,20.489999771118164,16.292991638183594,425300
2005-09-08,20.299999237060547,20.329999923706055,19.729999542236328,19.8799991607666,15.807941436767578,804800
2005-09-09,19.799999237060547,20.31999969482422,19.799999237060547,20.299999237060547,16.141908645629883,399300
2005-09-12,20.200000762939453,20.540000915527344,19.979999542236328,20.450000762939453,16.26118278503418,419100
2005-09-13,20.0,20.540000915527344,19.889999389648438,20.34000015258789,16.173717498779297,658700
2005-09-14,20.299999237060547,20.309999465942383,19.700000762939453,19.84000015258789,15.776129722595215,866500
2005-09-15,19.8700008392334,20.020000457763672,19.649999618530273,19.860000610351562,15.792030334472656,426600
2005-09-16,19.969999313354492,20.110000610351562,19.799999237060547,19.989999771118164,15.895405769348145,1115300
2005-09-19,20.0,20.079999923706055,19.719999313354492,19.760000228881836,15.712523460388184,410300
2005-09-20,19.84000015258789,19.84000015258789,19.420000076293945,19.510000228881836,15.513725280761719,1631000
2005-09-21,19.43000030517578,19.81999969482422,19.360000610351562,19.549999237060547,15.545533180236816,782100
2005-09-22,19.5,19.530000686645508,19.06999969482422,19.31999969482422,15.362641334533691,829300
2005-09-23,19.34000015258789,19.520000457763672,19.09000015258789,19.1200008392334,15.203617095947266,746500
2005-09-26,19.1299991607666,19.1299991607666,18.68000030517578,18.790000915527344,14.941205024719238,1150300
2005-09-27,18.790000915527344,18.969999313354492,18.6200008392334,18.860000610351562,14.996864318847656,2106000
2005-09-28,18.399999618530273,18.40999984741211,17.899999618530273,18.260000228881836,14.519769668579102,1379600
2005-09-29,18.31999969482422,18.450000762939453,17.899999618530273,18.059999465942383,14.360732078552246,1250700
2005-09-30,18.149999618530273,18.260000228881836,17.90999984741211,18.200000762939453,14.472053527832031,1057100
2005-10-03,18.200000762939453,18.200000762939453,17.850000381469727,17.90999984741211,14.241456985473633,1384200
2005-10-04,17.899999618530273,18.09000015258789,17.65999984741211,17.760000228881836,14.122182846069336,1248400
2005-10-05,17.75,17.75,17.459999084472656,17.5,13.91543960571289,1802800
2005-10-06,17.5,17.68000030517578,17.469999313354492,17.6200008392334,14.010857582092285,1346900
2005-10-07,17.700000762939453,17.81999969482422,17.479999542236328,17.59000015258789,13.987003326416016,717500
2005-10-10,17.600000381469727,17.670000076293945,17.489999771118164,17.510000228881836,13.923391342163086,1205100
2005-10-11,17.520000457763672,17.520000457763672,17.18000030517578,17.229999542236328,13.700742721557617,2082300
2005-10-12,17.25,17.40999984741211,17.100000381469727,17.239999771118164,13.70868968963623,1137100
2005-10-13,17.25,17.31999969482422,16.790000915527344,17.270000457763672,13.732549667358398,1351400
2005-10-14,17.3700008392334,17.479999542236328,17.09000015258789,17.200000762939453,13.676888465881348,948400
2005-10-17,17.1299991607666,17.229999542236328,16.979999542236328,17.200000762939453,13.676888465881348,1328200
2005-10-18,17.209999084472656,17.270000457763672,16.850000381469727,16.850000381469727,13.398580551147461,1209200
2005-10-19,16.90999984741211,17.329999923706055,16.489999771118164,17.31999969482422,13.772306442260742,1496900
2005-10-20,17.299999237060547,17.479999542236328,17.1200008392334,17.209999084472656,13.68483829498291,1052400
2005-10-21,17.219999313354492,17.229999542236328,16.850000381469727,16.899999618530273,13.438339233398438,1189900
2005-10-24,16.860000610351562,16.969999313354492,16.729999542236328,16.829999923706055,13.382676124572754,1923200
2005-10-25,16.81999969482422,16.899999618530273,16.639999389648438,16.790000915527344,13.350872993469238,1976300
2005-10-26,15.75,15.989999771118164,14.649999618530273,15.0,11.927519798278809,8171800
2005-10-27,14.949999809265137,15.050000190734863,14.739999771118164,14.739999771118164,11.720775604248047,2710100
2005-10-28,14.729999542236328,15.140000343322754,14.600000381469727,14.920000076293945,11.863907814025879,2410600
2005-10-31,15.0,16.06999969482422,14.930000305175781,15.989999771118164,12.714734077453613,2914600
2005-11-01,16.049999237060547,16.239999771118164,15.710000038146973,15.829999923706055,12.587509155273438,1885700
2005-11-02,15.699999809265137,16.110000610351562,15.699999809265137,16.110000610351562,12.81015682220459,868900
2005-11-03,16.360000610351562,16.43000030517578,16.0,16.0,12.722684860229492,1206500
2005-11-04,16.010000228881836,16.030000686645508,15.800000190734863,15.859999656677246,12.611359596252441,632300
2005-11-07,15.859999656677246,16.020000457763672,15.75,15.979999542236328,12.706780433654785,2406800
2005-11-08,15.859999656677246,15.920000076293945,15.699999809265137,15.8100004196167,12.571602821350098,1503900
2005-11-09,15.8100004196167,15.890000343322754,15.670000076293945,15.779999732971191,12.547748565673828,704500
2005-11-10,15.779999732971191,15.899999618530273,15.470000267028809,15.8100004196167,12.571602821350098,1287100
2005-11-11,15.829999923706055,16.40999984741211,15.6899995803833,16.34000015258789,12.993046760559082,1240300
2005-11-14,16.34000015258789,16.510000228881836,16.25,16.40999984741211,13.0487060546875,1366600
2005-11-15,16.43000030517578,16.549999237060547,16.299999237060547,16.350000381469727,13.000995635986328,1036700
2005-11-16,16.399999618530273,16.600000381469727,16.25,16.350000381469727,13.000995635986328,730100
2005-11-17,16.3700008392334,16.440000534057617,16.18000030517578,16.350000381469727,13.000995635986328,961200
2005-11-18,16.489999771118164,16.540000915527344,16.030000686645508,16.270000457763672,12.93738079071045,879400
2005-11-21,16.270000457763672,16.329999923706055,16.110000610351562,16.239999771118164,12.913524627685547,575700
2005-11-22,16.149999618530273,16.299999237060547,15.819999694824219,16.290000915527344,12.953287124633789,1245000
2005-11-23,16.3700008392334,16.3700008392334,16.15999984741211,16.290000915527344,12.953287124633789,356500
2005-11-25,16.299999237060547,16.440000534057617,16.229999542236328,16.3700008392334,13.016897201538086,240000
2005-11-28,16.459999084472656,16.950000762939453,16.399999618530273,16.760000228881836,13.32701301574707,1512700
2005-11-29,16.770000457763672,16.920000076293945,16.690000534057617,16.760000228881836,13.32701301574707,1024000
2005-11-30,16.84000015258789,17.06999969482422,16.829999923706055,16.93000030517578,13.462191581726074,950900
2005-12-01,16.979999542236328,17.270000457763672,16.860000610351562,17.270000457763672,13.732549667358398,1288200
2005-12-02,17.200000762939453,17.299999237060547,16.969999313354492,17.290000915527344,13.748452186584473,898400
2005-12-05,17.290000915527344,17.290000915527344,16.90999984741211,17.190000534057617,13.668933868408203,1017000
2005-12-06,17.270000457763672,17.309999465942383,17.139999389648438,17.15999984741211,13.64508056640625,560800
2005-12-07,17.15999984741211,17.15999984741211,16.709999084472656,16.829999923706055,13.382676124572754,692300
2005-12-08,16.889999389648438,17.170000076293945,16.649999618530273,16.84000015258789,13.390625,925200
2005-12-09,16.90999984741211,17.149999618530273,16.8799991607666,17.079999923706055,13.58146858215332,870500
2005-12-12,17.200000762939453,17.420000076293945,17.020000457763672,17.030000686645508,13.541706085205078,1279300
2005-12-13,17.030000686645508,17.110000610351562,16.75,16.850000381469727,13.398580551147461,1273200
2005-12-14,16.850000381469727,17.299999237060547,16.81999969482422,17.049999237060547,13.557612419128418,927800
2005-12-15,17.020000457763672,17.059999465942383,16.579999923706055,16.68000030517578,13.263401985168457,569600
2005-12-16,16.68000030517578,17.079999923706055,16.6200008392334,17.0,13.517854690551758,1115100
2005-12-19,17.010000228881836,17.010000228881836,16.40999984741211,16.5,13.120272636413574,448200
2005-12-20,16.549999237060547,16.8700008392334,16.399999618530273,16.68000030517578,13.263401985168457,642400
2005-12-21,16.75,17.049999237060547,16.729999542236328,16.90999984741211,13.446287155151367,595100
2005-12-22,16.979999542236328,17.139999389648438,16.549999237060547,16.989999771118164,13.509902000427246,552700
2005-12-23,17.030000686645508,17.139999389648438,16.770000457763672,16.799999237060547,13.358819961547852,320700
2005-12-27,16.860000610351562,17.06999969482422,16.510000228881836,16.520000457763672,13.1361722946167,645300
2005-12-28,16.520000457763672,16.860000610351562,16.43000030517578,16.84000015258789,13.390625,659500
2005-12-29,16.850000381469727,16.860000610351562,16.610000610351562,16.65999984741211,13.247495651245117,428600
2005-12-30,16.65999984741211,16.68000030517578,16.440000534057617,16.56999969482422,13.175929069519043,523100
2006-01-03,16.75,16.899999618530273,16.59000015258789,16.719999313354492,13.295207023620605,1082900
2006-01-04,16.799999237060547,16.809999465942383,16.639999389648438,16.799999237060547,13.358819961547852,801700
2006-01-05,16.780000686645508,16.889999389648438,16.309999465942383,16.420000076293945,13.056661605834961,1104400
2006-01-06,16.420000076293945,16.469999313354492,16.25,16.309999465942383,12.969189643859863,817900
2006-01-09,16.31999969482422,16.489999771118164,16.25,16.40999984741211,13.0487060546875,658900
2006-01-10,16.329999923706055,16.469999313354492,16.280000686645508,16.440000534057617,13.072562217712402,668700
2006-01-11,16.5,16.959999084472656,16.469999313354492,16.920000076293945,13.454239845275879,1324400
2006-01-12,16.920000076293945,16.959999084472656,16.670000076293945,16.780000686645508,13.342914581298828,1070900
2006-01-13,16.860000610351562,17.15999984741211,16.739999771118164,17.15999984741211,13.64508056640625,971500
2006-01-17,16.989999771118164,17.1299991607666,16.829999923706055,17.059999465942383,13.565563201904297,879500
2006-01-18,17.0,17.799999237060547,16.950000762939453,17.770000457763672,14.130132675170898,1670900
2006-01-19,17.760000228881836,18.059999465942383,17.540000915527344,18.030000686645508,14.336877822875977,1176000
2006-01-20,18.030000686645508,18.030000686645508,17.450000762939453,17.600000381469727,13.99495792388916,1155300
2006-01-23,17.600000381469727,17.610000610351562,16.850000381469727,16.920000076293945,13.454239845275879,1705700
2006-01-24,17.0,17.31999969482422,16.979999542236328,17.309999465942383,13.76435375213623,928800
2006-01-25,17.299999237060547,17.3799991607666,16.950000762939453,17.010000228881836,13.525808334350586,1379600
2006-01-26,17.040000915527344,17.190000534057617,16.8700008392334,17.1299991607666,13.621225357055664,1476800
2006-01-27,17.25,17.719999313354492,17.200000762939453,17.579999923706055,13.97905158996582,994000
2006-01-30,17.579999923706055,17.729999542236328,17.520000457763672,17.709999084472656,14.08242130279541,1043300
2006-01-31,17.799999237060547,18.06999969482422,17.790000915527344,18.010000228881836,14.320972442626953,1448900
2006-02-01,18.110000610351562,19.3799991607666,18.100000381469727,19.360000610351562,15.394451141357422,3220600
2006-02-02,19.360000610351562,19.43000030517578,18.399999618530273,18.649999618530273,14.829877853393555,2198800
2006-02-03,18.649999618530273,18.780000686645508,18.450000762939453,18.5,14.710599899291992,2035200
2006-02-06,18.559999465942383,19.030000686645508,18.540000915527344,19.0,15.108189582824707,1743400
2006-02-07,18.950000762939453,19.010000228881836,18.06999969482422,18.1299991607666,14.416393280029297,2022500
2006-02-08,18.190000534057617,18.219999313354492,17.6299991607666,17.979999542236328,14.297118186950684,2593300
2006-02-09,17.950000762939453,18.43000030517578,17.690000534057617,17.780000686645508,14.138087272644043,2707400
2006-02-10,17.780000686645508,17.780000686645508,17.0,17.520000457763672,13.931340217590332,2018800
2006-02-13,17.520000457763672,17.90999984741211,17.420000076293945,17.649999618530273,14.034716606140137,1590300
2006-02-14,17.649999618530273,17.850000381469727,17.34000015258789,17.780000686645508,14.138087272644043,1592500
2006-02-15,17.75,18.15999984741211,17.600000381469727,18.1299991607666,14.416393280029297,1343700
2006-02-16,18.139999389648438,18.579999923706055,18.139999389648438,18.579999923706055,14.774221420288086,1554100
2006-02-17,17.940000534057617,18.760000228881836,17.940000534057617,18.709999084472656,14.877592086791992,1165700
2006-02-21,19.299999237060547,19.40999984741211,18.690000534057617,19.040000915527344,15.139997482299805,1420800
2006-02-22,19.270000457763672,19.420000076293945,19.149999618530273,19.31999969482422,15.362641334533691,668700
2006-02-23,19.34000015258789,19.90999984741211,19.139999389648438,19.770000457763672,15.72046947479248,2181400
2006-02-24,19.899999618530273,20.059999465942383,19.350000381469727,20.049999237060547,15.943110466003418,2176700
2006-02-27,20.049999237060547,20.149999618530273,19.68000030517578,19.770000457763672,15.72046947479248,1028900
2006-02-28,19.770000457763672,19.850000381469727,19.309999465942383,19.549999237060547,15.545533180236816,1519200
2006-03-01,19.649999618530273,19.700000762939453,19.489999771118164,19.649999618530273,15.625057220458984,1454200
2006-03-02,19.68000030517578,19.690000534057617,19.100000381469727,19.40999984741211,15.434207916259766,1224300
2006-03-03,19.420000076293945,19.510000228881836,19.209999084472656,19.399999618530273,15.426257133483887,1152100
2006-03-06,19.5,19.559999465942383,18.959999084472656,19.059999465942383,15.155896186828613,587100
2006-03-07,19.030000686645508,19.079999923706055,18.56999969482422,18.700000762939453,14.869641304016113,964300
2006-03-08,18.579999923706055,18.639999389648438,17.989999771118164,18.270000457763672,14.527714729309082,2320900
2006-03-09,18.270000457763672,18.850000381469727,18.219999313354492,18.510000228881836,14.718558311462402,1904600
2006-03-10,18.610000610351562,19.010000228881836,18.31999969482422,18.940000534057617,15.060479164123535,1757700
2006-03-13,19.049999237060547,19.260000228881836,18.889999389648438,19.1299991607666,15.211559295654297,904100
2006-03-14,19.010000228881836,19.520000457763672,19.0,19.43000030517578,15.450117111206055,1143300
2006-03-15,19.43000030517578,20.059999465942383,19.43000030517578,19.899999618530273,15.823843002319336,1212900
2006-03-16,20.0,20.1200008392334,19.799999237060547,19.860000610351562,15.792030334472656,1010000
2006-03-17,19.860000610351562,20.170000076293945,19.829999923706055,20.149999618530273,16.02263069152832,1533200
2006-03-20,20.149999618530273,20.190000534057617,19.899999618530273,20.020000457763672,15.919260025024414,945000
2006-03-21,20.010000228881836,20.040000915527344,19.459999084472656,19.469999313354492,15.481922149658203,1015100
2006-03-22,19.469999313354492,20.079999923706055,19.469999313354492,20.059999465942383,15.951068878173828,984900
2006-03-23,20.0,20.15999984741211,19.850000381469727,20.06999969482422,15.959015846252441,520500
2006-03-24,20.09000015258789,20.18000030517578,19.860000610351562,20.170000076293945,16.03853416442871,677600
2006-03-27,20.15999984741211,21.100000381469727,20.079999923706055,20.989999771118164,16.69057273864746,1899700
2006-03-28,20.959999084472656,20.959999084472656,20.290000915527344,20.360000610351562,16.189620971679688,1050600
2006-03-29,20.860000610351562,21.010000228881836,20.209999084472656,20.799999237060547,16.53949546813965,1857800
2006-03-30,20.899999618530273,21.0,20.670000076293945,20.860000610351562,16.587200164794922,1442400
2006-03-31,20.950000762939453,21.040000915527344,20.709999084472656,20.739999771118164,16.49178695678711,1700300
2006-04-03,20.989999771118164,21.200000762939453,20.579999923706055,20.65999984741211,16.428178787231445,1917900
2006-04-04,20.520000457763672,21.09000015258789,20.329999923706055,20.979999542236328,16.6826229095459,1510200
2006-04-05,20.979999542236328,21.5,20.809999465942383,21.420000076293945,17.032489776611328,1347400
2006-04-06,21.420000076293945,21.6200008392334,21.100000381469727,21.56999969482422,17.151775360107422,1095700
2006-04-07,21.649999618530273,21.790000915527344,21.309999465942383,21.489999771118164,17.088159561157227,1688000
2006-04-10,21.489999771118164,21.6200008392334,21.290000915527344,21.3799991607666,17.000688552856445,1290700
2006-04-11,21.469999313354492,22.510000228881836,21.3799991607666,21.860000610351562,17.382373809814453,2738700
2006-04-12,21.959999084472656,22.780000686645508,21.93000030517578,22.459999084472656,17.859474182128906,2402500
2006-04-13,22.350000381469727,22.940000534057617,22.15999984741211,22.6299991607666,17.994647979736328,1005400
2006-04-17,22.6299991607666,22.899999618530273,22.59000015258789,22.899999618530273,18.209346771240234,934400
2006-04-18,23.0,23.329999923706055,22.790000915527344,23.290000915527344,18.51946449279785,2208400
2006-04-19,23.25,24.440000534057617,23.239999771118164,24.200000762939453,19.243053436279297,3629900
2006-04-20,24.0,24.010000228881836,23.020000457763672,23.43000030517578,18.630786895751953,1970100
2006-04-21,23.420000076293945,23.739999771118164,23.209999084472656,23.440000534057617,18.638736724853516,1282100
2006-04-24,23.399999618530273,23.549999237060547,23.170000076293945,23.420000076293945,18.622831344604492,729400
2006-04-25,23.420000076293945,23.649999618530273,23.139999389648438,23.40999984741211,18.614879608154297,1143200
2006-04-26,23.329999923706055,23.989999771118164,23.309999465942383,23.780000686645508,18.90909767150879,1372800
2006-04-27,24.170000076293945,24.170000076293945,23.3700008392334,23.799999237060547,18.92499351501465,2629200
2006-04-28,23.65999984741211,24.200000762939453,23.600000381469727,23.670000076293945,18.82162857055664,2379500
2006-05-01,24.5,27.799999237060547,24.5,26.309999465942383,20.920866012573242,8882600
2006-05-02,27.0,28.0,26.799999237060547,27.559999465942383,21.914827346801758,5277300
2006-05-03,27.559999465942383,27.719999313354492,26.770000457763672,27.0,21.46953010559082,2655400
2006-05-04,27.0,27.6299991607666,26.969999313354492,27.270000457763672,21.684234619140625,2691200
2006-05-05,27.299999237060547,27.5,27.139999389648438,27.25,21.668325424194336,2022900
2006-05-08,27.100000381469727,28.559999465942383,26.829999923706055,28.530000686645508,22.686141967773438,2738500
2006-05-09,28.540000915527344,28.690000534057617,28.020000457763672,28.3700008392334,22.558910369873047,1568300
2006-05-10,28.15999984741211,28.219999313354492,27.34000015258789,27.6299991607666,21.97048568725586,2314300
2006-05-11,27.579999923706055,27.920000076293945,27.020000457763672,27.059999465942383,21.51724624633789,1386600
2006-05-12,26.049999237060547,26.049999237060547,24.81999969482422,25.209999084472656,20.046180725097656,3327400
2006-05-15,24.81999969482422,25.309999465942383,24.299999237060547,25.239999771118164,20.070037841796875,2652200
2006-05-16,25.170000076293945,25.8799991607666,24.969999313354492,25.450000762939453,20.237022399902344,1712600
2006-05-17,25.1299991607666,25.389999389648438,24.270000457763672,24.389999389648438,19.394142150878906,1450900
2006-05-18,24.520000457763672,24.850000381469727,23.670000076293945,23.739999771118164,18.877281188964844,1065900
2006-05-19,23.75,24.15999984741211,23.010000228881836,23.670000076293945,18.82162857055664,3031700
2006-05-22,23.549999237060547,24.0,23.3799991607666,23.829999923706055,18.94884490966797,1535500
2006-05-23,23.989999771118164,24.729999542236328,23.649999618530273,23.670000076293945,18.82162857055664,1292000
2006-05-24,23.68000030517578,24.860000610351562,23.200000762939453,24.559999465942383,19.529329299926758,2822900
2006-05-25,24.989999771118164,24.989999771118164,23.899999618530273,24.510000228881836,19.48957061767578,1262100
2006-05-26,24.729999542236328,25.809999465942383,24.549999237060547,25.209999084472656,20.046180725097656,1941700
2006-05-30,25.010000228881836,25.010000228881836,23.899999618530273,23.969999313354492,19.060171127319336,1278700
2006-05-31,24.010000228881836,24.549999237060547,23.649999618530273,24.459999084472656,19.449810028076172,1314900
2006-06-01,24.459999084472656,25.270000457763672,23.969999313354492,25.260000228881836,20.0859375,2149500
2006-06-02,25.299999237060547,25.299999237060547,23.719999313354492,23.950000762939453,19.04426383972168,2785800
2006-06-05,23.850000381469727,24.219999313354492,23.190000534057617,23.260000228881836,18.49560546875,1739700
2006-06-06,23.260000228881836,23.3700008392334,22.469999313354492,22.56999969482422,17.94693946838379,2258800
2006-06-07,22.579999923706055,23.170000076293945,21.899999618530273,21.93000030517578,17.43802833557129,1894500
2006-06-08,21.850000381469727,22.030000686645508,20.829999923706055,21.860000610351562,17.382373809814453,3800600
2006-06-09,21.950000762939453,22.559999465942383,21.65999984741211,22.010000228881836,17.50164222717285,1262000
2006-06-12,21.979999542236328,22.0,21.40999984741211,21.43000030517578,17.040443420410156,1973700
2006-06-13,21.43000030517578,21.65999984741211,20.889999389648438,20.90999984741211,16.626956939697266,2138100
2006-06-14,20.809999465942383,21.360000610351562,20.760000228881836,21.010000228881836,16.706470489501953,2189300
2006-06-15,21.049999237060547,22.31999969482422,21.049999237060547,22.25,17.69248390197754,2246700
2006-06-16,22.25,22.309999465942383,21.579999923706055,21.959999084472656,17.461891174316406,2005600
2006-06-19,22.059999465942383,22.06999969482422,21.459999084472656,21.6200008392334,17.191532135009766,1041300
2006-06-20,21.549999237060547,22.170000076293945,21.219999313354492,21.920000076293945,17.43008041381836,1372600
2006-06-21,21.920000076293945,22.809999465942383,21.780000686645508,22.700000762939453,18.050310134887695,1105700
2006-06-22,22.559999465942383,22.559999465942383,21.979999542236328,22.360000610351562,17.779956817626953,1012300
2006-06-23,22.360000610351562,23.3799991607666,22.059999465942383,22.979999542236328,18.2729549407959,1118900
2006-06-26,22.979999542236328,23.59000015258789,22.799999237060547,23.469999313354492,18.66259002685547,1423300
2006-06-27,23.270000457763672,23.739999771118164,22.809999465942383,22.920000076293945,18.225248336791992,923500
2006-06-28,22.93000030517578,23.290000915527344,22.479999542236328,23.170000076293945,18.424036026000977,1971400
2006-06-29,23.399999618530273,24.920000076293945,23.399999618530273,24.920000076293945,19.815580368041992,2677700
2006-06-30,24.940000534057617,26.31999969482422,24.790000915527344,26.31999969482422,20.928821563720703,5880600
2006-07-03,26.299999237060547,26.299999237060547,25.90999984741211,26.0,20.674360275268555,1563300
2006-07-05,25.979999542236328,25.979999542236328,25.200000762939453,25.520000457763672,20.292686462402344,2289400
2006-07-06,25.540000915527344,26.239999771118164,25.540000915527344,25.93000030517578,20.61870574951172,1533600
2006-07-07,25.93000030517578,26.059999465942383,25.360000610351562,25.40999984741211,20.205217361450195,1300500
2006-07-10,25.459999084472656,26.40999984741211,25.350000381469727,26.139999389648438,20.78569221496582,1682300
2006-07-11,26.139999389648438,27.610000610351562,26.1200008392334,26.93000030517578,21.413867950439453,3529800
2006-07-12,26.799999237060547,26.809999465942383,25.799999237060547,26.360000610351562,20.960620880126953,2712400
2006-07-13,25.799999237060547,26.149999618530273,24.90999984741211,24.90999984741211,19.807626724243164,1762300
2006-07-14,24.90999984741211,24.90999984741211,24.1299991607666,24.420000076293945,19.417999267578125,1574600
2006-07-17,24.280000686645508,24.690000534057617,23.979999542236328,24.049999237060547,19.123783111572266,1404200
2006-07-18,24.049999237060547,24.43000030517578,23.43000030517578,23.809999465942383,18.93294334411621,1789200
2006-07-19,23.81999969482422,24.56999969482422,23.6200008392334,24.5,19.48161506652832,2158700
2006-07-20,24.459999084472656,24.610000610351562,23.579999923706055,23.68000030517578,18.829574584960938,1075500
2006-07-21,23.709999084472656,24.0,22.989999771118164,23.079999923706055,18.35247802734375,1747400
2006-07-24,23.1200008392334,23.860000610351562,23.100000381469727,23.770000457763672,18.901140213012695,1312000
2006-07-25,23.780000686645508,24.719999313354492,23.399999618530273,24.5,19.48161506652832,1325500
2006-07-26,24.399999618530273,24.90999984741211,24.030000686645508,24.610000610351562,19.569076538085938,1176800
2006-07-27,24.610000610351562,25.399999618530273,24.190000534057617,24.510000228881836,19.48957061767578,1085000
2006-07-28,24.950000762939453,25.729999542236328,24.790000915527344,25.700000762939453,20.435813903808594,2043300
2006-07-31,22.950000762939453,23.0,21.520000457763672,22.959999084472656,18.257047653198242,8910700
2006-08-01,22.959999084472656,24.850000381469727,22.799999237060547,23.81999969482422,18.940906524658203,4230700
2006-08-02,23.950000762939453,25.110000610351562,23.850000381469727,24.5,19.48161506652832,2183000
2006-08-03,24.450000762939453,25.559999465942383,24.200000762939453,25.469999313354492,20.252927780151367,1157000
2006-08-04,25.739999771118164,26.600000381469727,25.139999389648438,25.5,20.27678108215332,1505500
2006-08-07,25.399999618530273,25.600000381469727,25.219999313354492,25.479999542236328,20.26087760925293,1183000
2006-08-08,25.479999542236328,25.530000686645508,24.799999237060547,25.0,19.879196166992188,1637000
2006-08-09,25.18000030517578,25.18000030517578,23.989999771118164,24.049999237060547,19.123783111572266,1453800
2006-08-10,23.959999084472656,24.190000534057617,23.790000915527344,23.850000381469727,18.964759826660156,1601000
2006-08-11,23.850000381469727,23.850000381469727,22.979999542236328,23.09000015258789,18.360424041748047,1451700
2006-08-14,23.3700008392334,23.75,22.860000610351562,22.940000534057617,18.241151809692383,1635000
2006-08-15,23.0,23.84000015258789,22.549999237060547,23.479999542236328,18.670541763305664,1506300
2006-08-16,23.600000381469727,24.270000457763672,23.489999771118164,24.1200008392334,19.179445266723633,1428700
2006-08-17,23.8799991607666,24.209999084472656,23.6200008392334,23.850000381469727,18.964759826660156,866200
2006-08-18,23.850000381469727,24.280000686645508,23.6200008392334,24.239999771118164,19.274869918823242,841000
2006-08-21,24.09000015258789,24.09000015258789,23.440000534057617,23.469999313354492,18.66259002685547,856200
2006-08-22,23.510000228881836,23.889999389648438,23.43000030517578,23.799999237060547,18.92499351501465,1012400
2006-08-23,23.8700008392334,24.1200008392334,23.190000534057617,23.399999618530273,18.6069278717041,825800
2006-08-24,23.56999969482422,23.600000381469727,22.989999771118164,23.290000915527344,18.51946449279785,683800
2006-08-25,23.290000915527344,23.690000534057617,23.239999771118164,23.3700008392334,18.583070755004883,947500
2006-08-28,23.3700008392334,23.420000076293945,22.93000030517578,23.139999389648438,18.40018653869629,1104400
2006-08-29,23.209999084472656,23.790000915527344,22.93000030517578,23.690000534057617,18.8375244140625,1024500
2006-08-30,23.799999237060547,24.079999923706055,23.700000762939453,23.8700008392334,18.980663299560547,548600
2006-08-31,24.040000915527344,24.940000534057617,24.040000915527344,24.850000381469727,19.759925842285156,1291100
2006-09-01,24.850000381469727,24.850000381469727,24.149999618530273,24.520000457763672,19.497514724731445,734600
2006-09-05,25.229999542236328,25.8700008392334,25.09000015258789,25.600000381469727,20.35629653930664,1247000
2006-09-06,25.3700008392334,25.420000076293945,25.06999969482422,25.100000381469727,19.95871353149414,830100
2006-09-07,24.93000030517578,25.139999389648438,24.459999084472656,24.75,19.680404663085938,682500
2006-09-08,24.75,25.09000015258789,24.649999618530273,24.979999542236328,19.86329460144043,721800
2006-09-11,24.829999923706055,24.829999923706055,24.1299991607666,24.239999771118164,19.274869918823242,893500
2006-09-12,24.229999542236328,24.68000030517578,24.149999618530273,24.6299991607666,19.584983825683594,767100
2006-09-13,24.729999542236328,25.520000457763672,24.729999542236328,25.389999389648438,20.189313888549805,826400
2006-09-14,25.399999618530273,25.479999542236328,24.739999771118164,24.799999237060547,19.72016143798828,861000
2006-09-15,24.899999618530273,25.15999984741211,24.59000015258789,24.809999465942383,19.728111267089844,848100
2006-09-18,24.809999465942383,25.579999923706055,24.68000030517578,25.0,19.879196166992188,1034500
2006-09-19,24.889999389648438,25.229999542236328,24.739999771118164,25.049999237060547,19.91895866394043,1274200
2006-09-20,25.25,25.6299991607666,25.049999237060547,25.1299991607666,19.98256492614746,855300
2006-09-21,25.299999237060547,25.40999984741211,24.389999389648438,24.450000762939453,19.441856384277344,1068600
2006-09-22,24.489999771118164,24.59000015258789,23.84000015258789,24.09000015258789,19.155597686767578,975500
2006-09-25,24.149999618530273,24.479999542236328,23.639999389648438,24.389999389648438,19.394142150878906,944600
2006-09-26,24.440000534057617,25.1200008392334,24.360000610351562,25.049999237060547,19.91895866394043,1413500
2006-09-27,24.899999618530273,25.100000381469727,24.68000030517578,25.030000686645508,19.903051376342773,1051300
2006-09-28,25.100000381469727,25.59000015258789,25.0,25.459999084472656,20.244977951049805,767900
2006-09-29,25.520000457763672,25.639999389648438,25.15999984741211,25.350000381469727,20.157512664794922,755800
2006-10-02,25.299999237060547,25.81999969482422,25.1200008392334,25.40999984741211,20.205217361450195,654100
2006-10-03,25.290000915527344,25.950000762939453,24.940000534057617,25.559999465942383,20.324493408203125,697800
2006-10-04,25.540000915527344,25.729999542236328,25.190000534057617,25.56999969482422,20.332441329956055,1047700
2006-10-05,25.579999923706055,26.40999984741211,25.1200008392334,26.25,20.87316131591797,1499400
2006-10-06,23.09000015258789,25.219999313354492,22.469999313354492,24.700000762939453,19.640647888183594,9923200
2006-10-09,24.59000015258789,25.280000686645508,24.18000030517578,24.649999618530273,19.600887298583984,2793300
2006-10-10,24.530000686645508,24.969999313354492,24.3799991607666,24.860000610351562,19.767871856689453,2137900
2006-10-11,24.850000381469727,25.15999984741211,24.56999969482422,24.610000610351562,19.569076538085938,2135100
2006-10-12,24.850000381469727,26.899999618530273,24.850000381469727,26.809999465942383,21.318452835083008,4035900
2006-10-13,26.81999969482422,28.100000381469727,26.700000762939453,27.25,21.668325424194336,2800500
2006-10-16,27.260000228881836,27.90999984741211,27.149999618530273,27.790000915527344,22.09771728515625,1721900
2006-10-17,27.59000015258789,27.600000381469727,26.790000915527344,27.170000076293945,21.604717254638672,1390900
2006-10-18,27.3700008392334,27.43000030517578,26.450000762939453,26.780000686645508,21.29459571838379,1674400
2006-10-19,26.700000762939453,27.530000686645508,26.700000762939453,27.520000457763672,21.883020401000977,1505800
2006-10-20,26.729999542236328,27.15999984741211,26.110000610351562,26.729999542236328,21.254833221435547,2496900
2006-10-23,26.540000915527344,27.280000686645508,26.3799991607666,27.170000076293945,21.604717254638672,1033800
2006-10-24,27.049999237060547,27.530000686645508,27.010000228881836,27.260000228881836,21.67627716064453,949000
2006-10-25,27.280000686645508,27.68000030517578,27.059999465942383,27.229999542236328,21.652421951293945,1230700
2006-10-26,27.329999923706055,27.610000610351562,26.739999771118164,27.5,21.86711883544922,1317300
2006-10-27,27.440000534057617,27.579999923706055,26.81999969482422,26.860000610351562,21.358217239379883,1270000
2006-10-30,26.65999984741211,26.950000762939453,26.530000686645508,26.719999313354492,21.246889114379883,1505100
2006-10-31,26.8799991607666,26.950000762939453,26.6299991607666,26.75,21.27073860168457,1400000
2006-11-01,27.540000915527344,28.540000915527344,26.920000076293945,28.059999465942383,22.312406539916992,4309900
2006-11-02,27.770000457763672,28.469999313354492,27.68000030517578,28.1299991607666,22.368080139160156,2401300
2006-11-03,28.200000762939453,28.309999465942383,27.670000076293945,27.959999084472656,22.232892990112305,1627200
2006-11-06,28.0,29.440000534057617,28.0,29.260000228881836,23.266611099243164,2443100
2006-11-07,29.260000228881836,30.0,29.0,29.139999389648438,23.17119026184082,2402800
2006-11-08,29.100000381469727,30.149999618530273,28.90999984741211,30.049999237060547,23.894794464111328,2490400
2006-11-09,30.049999237060547,31.190000534057617,30.049999237060547,30.399999618530273,24.173107147216797,3355800
2006-11-10,30.6299991607666,30.729999542236328,30.209999084472656,30.6299991607666,24.35599136352539,1351400
2006-11-13,30.6299991607666,31.1299991607666,30.6200008392334,30.889999389648438,24.562742233276367,1264000
2006-11-14,31.0,31.0,30.59000015258789,30.84000015258789,24.52297019958496,1863100
2006-11-15,30.899999618530273,31.719999313354492,30.889999389648438,31.399999618530273,24.96826934814453,1498700
2006-11-16,31.549999237060547,31.8700008392334,31.049999237060547,31.190000534057617,24.801292419433594,1480200
2006-11-17,31.09000015258789,31.100000381469727,30.3799991607666,30.700000762939453,24.411657333374023,1855400
2006-11-20,30.799999237060547,31.75,30.75,31.270000457763672,24.864896774291992,1628500
2006-11-21,30.200000762939453,32.790000915527344,29.899999618530273,32.29999923706055,25.683927536010742,4214000
2006-11-22,32.5099983215332,33.34000015258789,32.4900016784668,32.93000030517578,26.18488121032715,1899200
2006-11-24,32.93000030517578,33.22999954223633,32.779998779296875,32.779998779296875,26.06559944152832,493500
2006-11-27,32.790000915527344,33.29999923706055,32.43000030517578,32.5,25.842954635620117,1802700
2006-11-28,31.809999465942383,31.84000015258789,30.860000610351562,31.329999923706055,24.912612915039062,3495500
2006-11-29,31.34000015258789,31.739999771118164,31.270000457763672,31.399999618530273,24.96826934814453,4767400
2006-11-30,31.270000457763672,31.520000457763672,31.18000030517578,31.229999542236328,24.833087921142578,2376100
2006-12-01,31.389999389648438,31.709999084472656,30.940000534057617,31.360000610351562,24.93647003173828,1669400
2006-12-04,31.469999313354492,32.290000915527344,31.440000534057617,32.209999084472656,25.612356185913086,2501400
2006-12-05,32.29999923706055,32.630001068115234,31.809999465942383,32.33000183105469,25.70777702331543,3386700
2006-12-06,32.310001373291016,33.13999938964844,32.16999816894531,32.689998626708984,25.994035720825195,2243900
2006-12-07,33.150001525878906,35.56999969482422,32.20000076293945,32.41999816894531,25.779338836669922,2597800
2006-12-08,32.400001525878906,32.86000061035156,32.09000015258789,32.45000076293945,25.80319595336914,1775200
2006-12-11,32.529998779296875,32.65999984741211,32.15999984741211,32.209999084472656,25.612356185913086,743200
2006-12-12,32.349998474121094,32.369998931884766,30.690000534057617,31.0,24.650203704833984,2698200
2006-12-13,30.899999618530273,31.360000610351562,30.760000228881836,31.200000762939453,24.809240341186523,2309200
2006-12-14,31.200000762939453,31.899999618530273,31.200000762939453,31.579999923706055,25.111400604248047,1673100
2006-12-15,31.899999618530273,31.920000076293945,31.299999237060547,31.489999771118164,25.039836883544922,1703200
2006-12-18,31.799999237060547,32.0,31.06999969482422,31.110000610351562,24.737668991088867,1182300
2006-12-19,31.1200008392334,31.639999389648438,30.93000030517578,31.59000015258789,25.119354248046875,1005500
2006-12-20,31.549999237060547,31.65999984741211,31.059999465942383,31.3700008392334,24.944416046142578,1268300
2006-12-21,31.5,31.520000457763672,31.040000915527344,31.239999771118164,24.841045379638672,710900
2006-12-22,31.25,31.25,30.68000030517578,30.84000015258789,24.52297019958496,605000
2006-12-26,30.790000915527344,31.25,30.600000381469727,31.25,24.84899139404297,530600
2006-12-27,31.450000762939453,32.150001525878906,31.399999618530273,32.150001525878906,25.564651489257812,1160000
2006-12-28,32.15999984741211,32.22999954223633,31.209999084472656,31.260000228881836,24.85694694519043,842900
2006-12-29,31.350000381469727,31.670000076293945,30.850000381469727,30.940000534057617,24.602493286132812,922400
2007-01-03,31.219999313354492,31.299999237060547,30.200000762939453,30.299999237060547,24.09358787536621,2005800
2007-01-04,30.309999465942383,30.34000015258789,29.350000381469727,29.6200008392334,23.552875518798828,2115000
2007-01-05,29.579999923706055,29.59000015258789,29.049999237060547,29.31999969482422,23.314319610595703,1975400
2007-01-08,29.31999969482422,29.34000015258789,28.940000534057617,29.18000030517578,23.203001022338867,2876000
2007-01-09,29.3799991607666,29.389999389648438,28.670000076293945,29.31999969482422,23.314319610595703,2343300
2007-01-10,29.139999389648438,29.440000534057617,28.84000015258789,29.440000534057617,23.40974235534668,1326500
2007-01-11,29.3700008392334,30.229999542236328,29.3700008392334,29.969999313354492,23.831180572509766,1619700
2007-01-12,29.969999313354492,31.809999465942383,29.969999313354492,31.780000686645508,25.27043914794922,2711800
2007-01-16,31.850000381469727,32.060001373291016,31.6299991607666,31.770000457763672,25.262479782104492,1605200
2007-01-17,31.780000686645508,32.68000030517578,31.75,32.18000030517578,25.588502883911133,1726100
2007-01-18,32.189998626708984,32.4900016784668,31.81999969482422,32.15999984741211,25.572601318359375,1572400
2007-01-19,32.130001068115234,32.2400016784668,31.799999237060547,32.060001373291016,25.493087768554688,1428000
2007-01-22,32.189998626708984,32.2400016784668,31.520000457763672,31.760000228881836,25.25452423095703,1340800
2007-01-23,31.760000228881836,33.5,31.760000228881836,33.41999816894531,26.57451057434082,3824000
2007-01-24,33.41999816894531,33.72999954223633,32.88999938964844,33.650001525878906,26.757400512695312,2379600
2007-01-25,33.650001525878906,33.650001525878906,32.59000015258789,32.650001525878906,25.962234497070312,1041900
2007-01-26,33.11000061035156,33.439998626708984,32.150001525878906,33.29999923706055,26.479087829589844,1609700
2007-01-29,33.400001525878906,33.810001373291016,33.22999954223633,33.54999923706055,26.677881240844727,1017300
2007-01-30,33.75,33.9900016784668,33.310001373291016,33.939998626708984,26.98799705505371,1032300
2007-01-31,33.900001525878906,34.2599983215332,33.58000183105469,33.970001220703125,27.011850357055664,3253400
2007-02-01,34.150001525878906,35.0,34.099998474121094,34.90999984741211,27.759307861328125,1520000
2007-02-02,34.900001525878906,35.11000061035156,34.45000076293945,35.06999969482422,27.88654136657715,1193900
2007-02-05,35.130001068115234,35.439998626708984,34.70000076293945,35.06999969482422,27.88654136657715,1526500
2007-02-06,35.20000076293945,35.369998931884766,34.91999816894531,35.11000061035156,27.918344497680664,1253700
2007-02-07,35.29999923706055,36.5,35.150001525878906,36.459999084472656,28.991830825805664,2284000
2007-02-08,36.459999084472656,36.599998474121094,35.7599983215332,36.470001220703125,28.999773025512695,2020000
2007-02-09,35.560001373291016,35.56999969482422,34.369998931884766,34.9900016784668,27.822921752929688,2838100
2007-02-12,35.15999984741211,35.970001220703125,35.0,35.630001068115234,28.33182716369629,3583300
2007-02-13,35.93000030517578,36.0,35.400001525878906,35.95000076293945,28.586294174194336,2925300
2007-02-14,36.52000045776367,37.900001525878906,36.29999923706055,37.0,29.421199798583984,3037300
2007-02-15,37.34000015258789,37.599998474121094,36.970001220703125,37.380001068115234,29.723379135131836,2523100
2007-02-16,37.380001068115234,38.0,37.290000915527344,37.880001068115234,30.12095832824707,983900
2007-02-20,37.66999816894531,38.150001525878906,37.650001525878906,37.95000076293945,30.176612854003906,1988500
2007-02-21,37.900001525878906,39.5,37.75,39.189998626708984,31.162628173828125,2423700
2007-02-22,39.220001220703125,39.400001525878906,38.09000015258789,38.68000030517578,30.757089614868164,1914200
2007-02-23,38.29999923706055,38.59000015258789,38.13999938964844,38.369998931884766,30.51059913635254,3401500
2007-02-26,38.369998931884766,38.52000045776367,37.31999969482422,37.540000915527344,29.850614547729492,1804200
2007-02-27,36.86000061035156,36.97999954223633,35.130001068115234,35.95000076293945,28.586294174194336,2912900
2007-02-28,35.959999084472656,36.68000030517578,35.36000061035156,36.25,28.82483673095703,2524800
2007-03-01,36.25,36.720001220703125,35.099998474121094,36.34000015258789,28.89638328552246,1844700
2007-03-02,36.34000015258789,36.34000015258789,35.22999954223633,35.540000915527344,28.260265350341797,1239600
2007-03-05,35.31999969482422,36.04999923706055,35.11000061035156,35.4900016784668,28.220510482788086,1225400
2007-03-06,36.25,36.38999938964844,35.400001525878906,35.5099983215332,28.23641014099121,1677700
2007-03-07,35.7599983215332,37.060001373291016,35.5,35.9900016784668,28.618099212646484,2108700
2007-03-08,36.45000076293945,36.790000915527344,36.16999816894531,36.709999084472656,29.190610885620117,3278200
2007-03-09,36.880001068115234,37.779998779296875,36.810001373291016,37.2599983215332,29.62795066833496,1998900
2007-03-12,36.959999084472656,37.47999954223633,36.689998626708984,37.279998779296875,29.64385986328125,1314100
2007-03-13,37.13999938964844,37.13999938964844,35.90999984741211,36.099998474121094,28.705554962158203,817900
2007-03-14,36.2400016784668,36.45000076293945,35.29999923706055,35.650001525878906,28.347740173339844,1322700
2007-03-15,35.66999816894531,36.27000045776367,35.560001373291016,35.880001068115234,28.53062629699707,881900
2007-03-16,35.95000076293945,36.25,35.400001525878906,35.529998779296875,28.2523250579834,551400
2007-03-19,35.939998626708984,36.650001525878906,35.689998626708984,36.2400016784668,28.8168888092041,689200
2007-03-20,36.38999938964844,36.709999084472656,36.20000076293945,36.380001068115234,28.928207397460938,1143800
2007-03-21,36.5,37.18000030517578,36.22999954223633,36.86000061035156,29.309892654418945,763300
2007-03-22,36.869998931884766,37.34000015258789,36.45000076293945,36.970001220703125,29.39736557006836,1344400
2007-03-23,36.97999954223633,37.470001220703125,36.66999816894531,36.66999816894531,29.158798217773438,647300
2007-03-26,36.70000076293945,37.0099983215332,35.95000076293945,36.77000045776367,29.238325119018555,809000
2007-03-27,36.689998626708984,36.810001373291016,35.63999938964844,35.849998474121094,28.50676918029785,1222200
2007-03-28,35.720001220703125,36.279998779296875,35.5,35.959999084472656,28.594236373901367,1204800
2007-03-29,36.31999969482422,36.779998779296875,36.06999969482422,36.70000076293945,29.182668685913086,1511900
2007-03-30,37.15999984741211,38.2400016784668,36.61000061035156,36.970001220703125,29.39736557006836,1649900
2007-04-02,36.970001220703125,36.9900016784668,35.5,36.130001068115234,28.729415893554688,1865900
2007-04-03,36.400001525878906,37.06999969482422,36.310001373291016,36.45000076293945,28.983863830566406,1030900
2007-04-04,36.5,36.63999938964844,35.95000076293945,36.11000061035156,28.713520050048828,1463700
2007-04-05,36.209999084472656,36.4900016784668,35.91999816894531,36.150001525878906,28.745328903198242,1395600
2007-04-09,36.349998474121094,36.81999969482422,35.97999954223633,36.06999969482422,28.681703567504883,2073200
2007-04-10,36.06999969482422,36.2400016784668,35.709999084472656,35.959999084472656,28.594236373901367,1024400
2007-04-11,35.91999816894531,36.34000015258789,35.709999084472656,36.2400016784668,28.8168888092041,2116100
2007-04-12,36.20000076293945,36.63999938964844,35.88999938964844,36.599998474121094,29.10314178466797,1098600
2007-04-13,36.70000076293945,37.209999084472656,36.650001525878906,37.11000061035156,29.508682250976562,1368300
2007-04-16,37.25,37.7599983215332,37.25,37.7400016784668,30.0096378326416,1045300
2007-04-17,38.04999923706055,38.54999923706055,37.9900016784668,38.310001373291016,30.46289825439453,1606200
2007-04-18,38.2400016784668,39.06999969482422,38.029998779296875,38.58000183105469,30.67756462097168,1757900
2007-04-19,38.5,38.79999923706055,38.029998779296875,38.5,30.61395835876465,1727000
2007-04-20,38.75,39.20000076293945,38.709999084472656,39.150001525878906,31.130821228027344,1396300
2007-04-23,39.400001525878906,41.22999954223633,39.400001525878906,41.04999923706055,32.641639709472656,3025100
2007-04-24,41.099998474121094,41.29999923706055,40.459999084472656,40.630001068115234,32.30766677856445,1103800
2007-04-25,40.900001525878906,41.959999084472656,40.529998779296875,41.880001068115234,33.30162811279297,1318700
2007-04-26,42.29999923706055,43.97999954223633,42.29999923706055,42.84000015258789,34.064979553222656,1972800
2007-04-27,42.75,42.75,41.779998779296875,42.36000061035156,33.68331527709961,890100
2007-04-30,42.459999084472656,42.689998626708984,41.689998626708984,41.72999954223633,33.1823616027832,1117600
2007-05-01,41.880001068115234,42.29999923706055,41.0,41.790000915527344,33.230064392089844,1500800
2007-05-02,43.20000076293945,43.97999954223633,42.349998474121094,42.5,33.79464340209961,5921600
2007-05-03,42.5,42.54999923706055,41.810001373291016,42.5,33.79464340209961,2322200
2007-05-04,42.25,42.939998626708984,42.04999923706055,42.540000915527344,33.826438903808594,1460100
2007-05-07,42.540000915527344,43.38999938964844,41.959999084472656,43.33000183105469,34.454620361328125,1523900
2007-05-08,42.970001220703125,43.099998474121094,41.79999923706055,42.9900016784668,34.18427658081055,1661800
2007-05-09,42.75,43.79999923706055,42.7400016784668,43.66999816894531,34.724979400634766,1125900
2007-05-10,43.650001525878906,43.650001525878906,42.380001068115234,42.75,33.99342346191406,1056500
2007-05-11,42.95000076293945,43.0,42.27000045776367,42.5,33.79464340209961,1146100
2007-05-14,42.41999816894531,43.34000015258789,42.310001373291016,43.11000061035156,34.27969741821289,1488800
2007-05-15,43.119998931884766,44.130001068115234,42.810001373291016,43.43000030517578,34.53413009643555,1724900
2007-05-16,43.849998474121094,44.099998474121094,42.040000915527344,42.54999923706055,33.83440017700195,1569600
2007-05-17,42.20000076293945,43.099998474121094,41.790000915527344,42.939998626708984,34.14451599121094,1027400
2007-05-18,42.970001220703125,42.970001220703125,41.529998779296875,41.900001525878906,33.317535400390625,1372400
2007-05-21,42.0,43.04999923706055,41.91999816894531,42.5099983215332,33.802589416503906,1523300
2007-05-22,42.83000183105469,42.83000183105469,41.7599983215332,42.540000915527344,33.826438903808594,1515700
2007-05-23,42.0,42.0099983215332,40.470001220703125,40.470001220703125,32.180442810058594,2223100
2007-05-24,40.470001220703125,41.63999938964844,40.25,40.380001068115234,32.108890533447266,2048600
2007-05-25,40.52000045776367,41.540000915527344,40.52000045776367,41.38999938964844,32.9119987487793,1099700
2007-05-29,41.63999938964844,42.20000076293945,40.540000915527344,40.709999084472656,32.37129211425781,1654900
2007-05-30,40.439998626708984,42.599998474121094,40.150001525878906,42.58000183105469,33.85824966430664,1830300
2007-05-31,42.75,44.20000076293945,42.599998474121094,43.279998779296875,34.41486740112305,1564900
2007-06-01,43.400001525878906,44.20000076293945,43.02000045776367,43.33000183105469,34.454620361328125,1168100
2007-06-04,43.150001525878906,43.810001373291016,42.689998626708984,43.72999954223633,34.77268981933594,879400
2007-06-05,43.72999954223633,44.290000915527344,43.400001525878906,44.099998474121094,35.06690979003906,1338300
2007-06-06,44.02000045776367,44.02000045776367,42.880001068115234,43.150001525878906,34.31150436401367,1159300
2007-06-07,43.0,43.400001525878906,41.7400016784668,41.88999938964844,33.30957794189453,835000
2007-06-08,41.7599983215332,42.47999954223633,41.18000030517578,42.41999816894531,33.73101806640625,965400
2007-06-11,42.400001525878906,43.630001068115234,42.0,43.029998779296875,34.216087341308594,987700
2007-06-12,42.95000076293945,43.400001525878906,42.470001220703125,42.65999984741211,33.92186737060547,814100
2007-06-13,42.83000183105469,44.15999984741211,42.619998931884766,43.939998626708984,34.93968200683594,1182100
2007-06-14,43.9900016784668,45.119998931884766,43.959999084472656,44.63999938964844,35.49629592895508,1350700
2007-06-15,44.79999923706055,45.13999938964844,44.27000045776367,44.70000076293945,35.544010162353516,1075400
2007-06-18,45.09000015258789,45.27000045776367,44.779998779296875,45.119998931884766,35.87797927856445,936700
2007-06-19,44.86000061035156,45.099998474121094,44.43000030517578,45.029998779296875,35.806396484375,979400
2007-06-20,45.099998474121094,45.61000061035156,44.560001373291016,44.560001373291016,35.43268966674805,1078000
2007-06-21,44.400001525878906,45.029998779296875,43.880001068115234,45.0,35.78255844116211,1064900
2007-06-22,44.79999923706055,45.189998626708984,43.959999084472656,44.220001220703125,35.16232681274414,958100
2007-06-25,44.189998626708984,45.34000015258789,43.939998626708984,44.15999984741211,35.11460876464844,1295800
2007-06-26,44.40999984741211,44.40999984741211,43.220001220703125,43.68000030517578,34.73293685913086,1090300
2007-06-27,43.29999923706055,43.83000183105469,42.220001220703125,43.650001525878906,34.709083557128906,1518400
2007-06-28,43.65999984741211,43.9900016784668,43.130001068115234,43.220001220703125,34.36715316772461,1194500
2007-06-29,43.290000915527344,43.70000076293945,43.02000045776367,43.40999984741211,34.51823806762695,1497200
2007-07-02,43.790000915527344,45.06999969482422,43.720001220703125,44.900001525878906,35.703041076660156,1229700
2007-07-03,44.900001525878906,45.06999969482422,44.36000061035156,45.0,35.78255844116211,450200
2007-07-05,44.95000076293945,45.65999984741211,44.599998474121094,45.38999938964844,36.092674255371094,1037900
2007-07-06,45.540000915527344,46.439998626708984,45.5099983215332,46.220001220703125,36.752662658691406,809600
2007-07-09,46.38999938964844,46.470001220703125,45.33000183105469,45.70000076293945,36.339168548583984,1130600
2007-07-10,45.5,45.70000076293945,44.52000045776367,44.75,35.58376693725586,1468100
2007-07-11,44.459999084472656,45.25,44.34000015258789,45.189998626708984,35.93363571166992,1687800
2007-07-12,45.349998474121094,45.959999084472656,45.25,45.959999084472656,36.5459098815918,1492500
2007-07-13,45.86000061035156,46.06999969482422,45.220001220703125,45.43000030517578,36.12447738647461,802800
2007-07-16,45.47999954223633,46.18000030517578,45.099998474121094,45.16999816894531,35.91773223876953,1128900
2007-07-17,45.52000045776367,45.619998931884766,44.11000061035156,44.31999969482422,35.24184036254883,1219500
2007-07-18,44.150001525878906,45.029998779296875,44.13999938964844,44.58000183105469,35.448585510253906,1163800
2007-07-19,45.0,45.209999084472656,44.52000045776367,44.70000076293945,35.544010162353516,926600
2007-07-20,44.0,44.45000076293945,42.79999923706055,43.630001068115234,34.693180084228516,1190300
2007-07-23,43.79999923706055,44.459999084472656,42.560001373291016,42.75,33.99342346191406,1772500
2007-07-24,42.5,42.97999954223633,41.79999923706055,41.849998474121094,33.277774810791016,1196600
2007-07-25,42.11000061035156,42.2599983215332,40.400001525878906,41.060001373291016,32.64959716796875,1743900
2007-07-26,40.09000015258789,40.54999923706055,38.5,39.310001373291016,31.25804328918457,1753700
2007-07-27,39.459999084472656,40.11000061035156,38.650001525878906,38.81999969482422,30.86841583251953,2127600
2007-07-30,38.91999816894531,40.54999923706055,38.290000915527344,40.04999923706055,31.84647560119629,1875000
2007-07-31,40.5,40.95000076293945,36.75,38.43000030517578,30.558305740356445,2755000
2007-08-01,39.9900016784668,40.70000076293945,38.810001373291016,40.349998474121094,32.08502960205078,1850900
2007-08-02,40.459999084472656,42.2400016784668,40.099998474121094,42.06999969482422,33.45270538330078,2828500
2007-08-03,42.119998931884766,42.470001220703125,40.709999084472656,40.720001220703125,32.379241943359375,2514800
2007-08-06,41.20000076293945,42.630001068115234,40.099998474121094,42.599998474121094,33.8741569519043,1996600
2007-08-07,42.56999969482422,45.900001525878906,42.029998779296875,44.06999969482422,35.04304122924805,3148700
2007-08-08,44.40999984741211,44.849998474121094,39.75,41.970001220703125,33.373191833496094,2815000
2007-08-09,41.5,41.91999816894531,38.81999969482422,39.400001525878906,31.32961654663086,2642700
2007-08-10,39.11000061035156,41.5,38.45000076293945,41.119998931884766,32.697296142578125,1919000
2007-08-13,41.689998626708984,42.43000030517578,41.150001525878906,41.689998626708984,33.150543212890625,1300400
2007-08-14,42.0,42.66999816894531,41.0099983215332,41.79999923706055,33.23801803588867,1223500
2007-08-15,42.04999923706055,43.09000015258789,40.02000045776367,40.279998779296875,32.02937316894531,1476400
2007-08-16,39.70000076293945,40.0,36.65999984741211,38.150001525878906,30.335660934448242,2364400
2007-08-17,39.400001525878906,41.689998626708984,38.279998779296875,39.099998474121094,31.091066360473633,1357800
2007-08-20,39.2599983215332,40.27000045776367,38.66999816894531,39.97999954223633,31.79081153869629,702400
2007-08-21,40.119998931884766,40.77000045776367,39.38999938964844,39.72999954223633,31.592031478881836,1139000
2007-08-22,39.9900016784668,41.09000015258789,39.9900016784668,40.59000015258789,32.275856018066406,931400
2007-08-23,40.75,41.27000045776367,39.77000045776367,40.83000183105469,32.46671676635742,783300
2007-08-24,40.61000061035156,42.45000076293945,40.34000015258789,42.18000030517578,33.54018020629883,768500
2007-08-27,41.86000061035156,42.369998931884766,41.439998626708984,41.79999923706055,33.23801803588867,462000
2007-08-28,41.45000076293945,41.45000076293945,40.130001068115234,40.22999954223633,31.98959732055664,776800
2007-08-29,40.33000183105469,41.08000183105469,40.0,41.029998779296875,32.625728607177734,587000
2007-08-30,40.61000061035156,42.08000183105469,40.61000061035156,41.810001373291016,33.245967864990234,950300
2007-08-31,42.29999923706055,43.36000061035156,42.13999938964844,43.20000076293945,34.35125732421875,755900
2007-09-04,44.119998931884766,44.5,43.630001068115234,43.959999084472656,34.9555778503418,1811000
2007-09-05,43.459999084472656,44.20000076293945,43.400001525878906,44.09000015258789,35.058956146240234,1439300
2007-09-06,44.09000015258789,45.20000076293945,43.560001373291016,45.119998931884766,35.87797927856445,5906800
2007-09-07,44.380001068115234,44.58000183105469,43.5,43.93000030517578,34.93171691894531,859200
2007-09-10,44.47999954223633,44.68000030517578,42.16999816894531,43.22999954223633,34.37510681152344,696900
2007-09-11,43.5,44.86000061035156,43.5,44.27000045776367,35.20208740234375,793100
2007-09-12,44.20000076293945,44.880001068115234,43.63999938964844,43.959999084472656,34.9555778503418,660700
2007-09-13,44.060001373291016,44.88999938964844,43.540000915527344,44.38999938964844,35.29750442504883,662900
2007-09-14,44.04999923706055,45.68000030517578,43.7599983215332,45.189998626708984,35.93363571166992,888500
2007-09-17,45.040000915527344,45.95000076293945,44.810001373291016,45.38999938964844,36.092674255371094,698300
2007-09-18,45.65999984741211,47.9900016784668,45.65999984741211,47.709999084472656,37.93745803833008,1413300
2007-09-19,47.939998626708984,49.27000045776367,47.04999923706055,47.689998626708984,37.92155838012695,2798600
2007-09-20,47.45000076293945,48.41999816894531,46.7400016784668,46.90999984741211,37.301334381103516,1396700
2007-09-21,47.47999954223633,48.06999969482422,46.9900016784668,47.400001525878906,37.69095993041992,2647800
2007-09-24,47.869998931884766,48.130001068115234,46.400001525878906,47.959999084472656,38.13625717163086,1832700
2007-09-25,47.689998626708984,48.38999938964844,47.06999969482422,48.189998626708984,38.31912612915039,1930500
2007-09-26,48.619998931884766,49.33000183105469,48.099998474121094,49.11000061035156,39.05070114135742,1539900
2007-09-27,49.61000061035156,50.720001220703125,49.310001373291016,49.66999816894531,39.495994567871094,1362200
2007-09-28,49.689998626708984,51.18000030517578,49.369998931884766,50.77000045776367,40.37068176269531,1290300
2007-10-01,50.97999954223633,52.59000015258789,50.77000045776367,52.02000045776367,41.3646354675293,1264600
2007-10-02,51.86000061035156,51.86000061035156,50.58000183105469,51.20000076293945,40.71259307861328,1127600
2007-10-03,51.0,51.2599983215332,49.310001373291016,49.41999816894531,39.29718780517578,1322200
2007-10-04,49.79999923706055,50.689998626708984,49.66999816894531,50.59000015258789,40.2275505065918,905100
2007-10-05,50.84000015258789,52.11000061035156,50.470001220703125,51.25,40.752357482910156,1127100
2007-10-08,51.29999923706055,52.25,51.029998779296875,52.18000030517578,41.491859436035156,654000
2007-10-09,52.63999938964844,53.13999938964844,52.2400016784668,53.0,42.14388656616211,641400
2007-10-10,52.70000076293945,53.599998474121094,51.97999954223633,53.11000061035156,42.23136901855469,874800
2007-10-11,53.349998474121094,54.52000045776367,51.54999923706055,52.45000076293945,41.70655822753906,1044400
2007-10-12,52.720001220703125,54.439998626708984,52.68000030517578,54.060001373291016,42.986785888671875,1227100
2007-10-15,54.45000076293945,54.68000030517578,52.290000915527344,54.04999923706055,42.97882843017578,1079100
2007-10-16,53.84000015258789,53.959999084472656,52.2599983215332,52.560001373291016,41.79403305053711,1660200
2007-10-17,53.290000915527344,54.16999816894531,53.029998779296875,53.91999816894531,42.87545394897461,1295300
2007-10-18,53.61000061035156,54.369998931884766,53.20000076293945,54.130001068115234,43.042442321777344,622600
2007-10-19,53.439998626708984,53.650001525878906,50.4900016784668,50.72999954223633,40.3388671875,1488800
2007-10-22,49.70000076293945,50.25,48.189998626708984,49.220001220703125,39.138153076171875,1996400
2007-10-23,49.54999923706055,52.9900016784668,49.540000915527344,52.7599983215332,41.95304489135742,1694100
2007-10-24,53.58000183105469,53.58000183105469,50.849998474121094,51.79999923706055,41.189693450927734,1093900
2007-10-25,51.720001220703125,51.86000061035156,49.2599983215332,50.5,40.155982971191406,1270000
2007-10-26,51.029998779296875,52.650001525878906,50.77000045776367,52.25,41.54752731323242,919400
2007-10-29,52.380001068115234,53.9900016784668,51.93000030517578,53.810001373291016,42.78798294067383,1302700
2007-10-30,60.0,61.25,57.33000183105469,58.619998931884766,46.61274337768555,7800400
2007-10-31,59.45000076293945,59.709999084472656,58.189998626708984,59.68000030517578,47.455631256103516,3739300
2007-11-01,59.279998779296875,62.95000076293945,58.7599983215332,61.0,48.50524139404297,3267400
2007-11-02,61.52000045776367,61.52000045776367,59.349998474121094,60.5099983215332,48.11559295654297,1995100
2007-11-05,58.790000915527344,61.439998626708984,58.790000915527344,60.790000915527344,48.338253021240234,2167800
2007-11-06,61.5,66.5199966430664,61.09000015258789,66.27999877929688,52.70371627807617,2104700
2007-11-07,65.04000091552734,66.0,63.75,63.939998626708984,50.843040466308594,1783300
2007-11-08,64.23999786376953,66.5999984741211,63.7599983215332,65.68000030517578,52.226646423339844,2256400
2007-11-09,64.2300033569336,67.16000366210938,62.68000030517578,63.349998474121094,50.3738899230957,1998800
2007-11-12,63.41999816894531,63.41999816894531,57.27000045776367,57.619998931884766,45.81756591796875,2329600
2007-11-13,58.09000015258789,59.13999938964844,56.119998931884766,58.650001525878906,46.6366081237793,3346600
2007-11-14,59.7400016784668,60.95000076293945,58.29999923706055,60.470001220703125,48.08380126953125,3018200
2007-11-15,60.15999984741211,60.220001220703125,56.84000015258789,57.900001525878906,46.04022216796875,2722600
2007-11-16,58.209999084472656,58.970001220703125,56.709999084472656,58.09000015258789,46.191307067871094,1922500
2007-11-19,57.779998779296875,58.36000061035156,56.20000076293945,56.619998931884766,45.022396087646484,1457900
2007-11-20,56.720001220703125,59.09000015258789,56.720001220703125,58.18000030517578,46.26286697387695,1303500
2007-11-21,57.66999816894531,61.86000061035156,57.029998779296875,60.560001373291016,48.15535354614258,2156500
2007-11-23,61.04999923706055,61.5,59.619998931884766,60.380001068115234,48.012237548828125,397500
2007-11-26,61.13999938964844,62.0,60.189998626708984,60.29999923706055,47.948631286621094,1188400
2007-11-27,60.459999084472656,62.0,59.90999984741211,61.209999084472656,48.67222595214844,1305800
2007-11-28,61.54999923706055,65.69000244140625,61.209999084472656,65.63999938964844,52.19482421875,1886000
2007-11-29,65.48999786376953,68.16999816894531,65.0199966430664,68.0,54.07141876220703,2115700
2007-11-30,69.63999938964844,70.83000183105469,67.51000213623047,68.94000244140625,54.8188591003418,3207400
2007-12-03,68.44000244140625,68.45999908447266,66.1500015258789,66.22000122070312,52.656009674072266,3620200
2007-12-04,65.5199966430664,66.48999786376953,64.73999786376953,66.13999938964844,52.592411041259766,3942200
2007-12-05,67.0,68.2300033569336,66.13999938964844,67.0999984741211,53.35576248168945,1365300
2007-12-06,67.13999938964844,69.9800033569336,67.13999938964844,69.3499984741211,55.14490509033203,1557600
2007-12-07,70.0999984741211,70.0999984741211,68.54000091552734,68.93000030517578,54.810935974121094,921700
2007-12-10,69.18000030517578,70.83999633789062,68.54000091552734,70.77999877929688,56.2819938659668,2786400
2007-12-11,71.08999633789062,71.94999694824219,67.1500015258789,67.30999755859375,53.52276611328125,2470600
2007-12-12,68.7300033569336,69.30999755859375,66.26000213623047,67.4800033569336,53.65794372558594,1638600
2007-12-13,67.23999786376953,67.83999633789062,66.33999633789062,67.30999755859375,53.52276611328125,1255900
2007-12-14,66.27999877929688,67.12999725341797,65.7699966430664,66.05000305175781,52.52083206176758,1221500
2007-12-17,65.61000061035156,68.30999755859375,64.52999877929688,64.69000244140625,51.43940353393555,1910500
2007-12-18,65.41999816894531,65.44999694824219,60.900001525878906,62.75,49.89677810668945,3992500
2007-12-19,62.7400016784668,64.9000015258789,62.7400016784668,64.5,51.28832244873047,1288400
2007-12-20,65.11000061035156,68.37999725341797,64.0,68.37999725341797,54.37358093261719,1789200
2007-12-21,68.69000244140625,70.58999633789062,68.41000366210938,68.80000305175781,54.70755386352539,2597400
2007-12-24,69.0,69.5,68.19999694824219,68.97000122070312,54.84273910522461,290000
2007-12-26,68.41000366210938,70.0,68.41000366210938,69.95999908447266,55.62995529174805,477100
2007-12-27,69.72000122070312,70.5,68.77999877929688,69.05999755859375,54.91429138183594,1090900
2007-12-28,70.45999908447266,70.45999908447266,68.23999786376953,68.70999908447266,54.63597106933594,785900
2007-12-31,68.4800033569336,69.5999984741211,67.48999786376953,67.9800033569336,54.055519104003906,719700
2008-01-02,67.9800033569336,68.05999755859375,66.16000366210938,66.80999755859375,53.12516403198242,1536500
2008-01-03,67.05999755859375,71.94000244140625,66.8499984741211,70.5,56.05933380126953,1787700
2008-01-04,69.43000030517578,70.1500015258789,67.55999755859375,68.13999938964844,54.182735443115234,2528000
2008-01-07,68.30999755859375,69.54000091552734,65.01000213623047,67.12999725341797,53.37961959838867,1527600
2008-01-08,67.51000213623047,68.55000305175781,62.66999816894531,62.900001525878906,50.016056060791016,1838000
2008-01-09,62.810001373291016,63.27000045776367,59.31999969482422,62.099998474121094,49.379940032958984,2667700
2008-01-10,61.779998779296875,65.8499984741211,61.130001068115234,64.70999908447266,51.455326080322266,2540100
2008-01-11,64.0,66.30999755859375,63.47999954223633,63.79999923706055,50.73170852661133,1673900
2008-01-14,64.37000274658203,68.37999725341797,64.26000213623047,68.05000305175781,54.111183166503906,1778800
2008-01-15,67.18000030517578,68.52999877929688,66.20999908447266,67.62000274658203,53.76925277709961,1749100
2008-01-16,67.22000122070312,67.4800033569336,62.97999954223633,64.88999938964844,51.59844970703125,3110300
2008-01-17,65.02999877929688,65.68000030517578,57.83000183105469,60.40999984741211,48.03609085083008,4080400
2008-01-18,60.310001373291016,61.880001068115234,55.630001068115234,57.810001373291016,45.96866989135742,3029300
2008-01-22,54.34000015258789,59.939998626708984,53.0,59.09000015258789,46.98647689819336,3331800
2008-01-23,57.06999969482422,58.40999984741211,49.79999923706055,56.97999954223633,45.308658599853516,4731500
2008-01-24,57.439998626708984,58.95000076293945,53.66999816894531,55.040000915527344,43.76604080200195,2745800
2008-01-25,57.41999816894531,58.90999984741211,55.40999984741211,56.720001220703125,45.101924896240234,2573800
2008-01-28,56.400001525878906,59.119998931884766,55.63999938964844,58.97999954223633,46.89900207519531,1648900
2008-01-29,59.41999816894531,59.599998474121094,57.349998474121094,58.29999923706055,46.358299255371094,2958400
2008-01-30,58.83000183105469,60.209999084472656,57.2599983215332,58.119998931884766,46.21515655517578,1884300
2008-01-31,56.75,60.70000076293945,56.43000030517578,60.220001220703125,47.885009765625,1742000
2008-02-01,60.16999816894531,63.2400016784668,60.0,62.150001525878906,49.4196891784668,2000200
2008-02-04,62.13999938964844,62.900001525878906,60.349998474121094,60.54999923706055,48.147430419921875,1276900
2008-02-05,59.33000183105469,59.900001525878906,57.290000915527344,57.560001373291016,45.769874572753906,1307100
2008-02-06,57.0,59.4900016784668,56.849998474121094,57.959999084472656,46.08794021606445,1425200
2008-02-07,55.70000076293945,57.31999969482422,53.59000015258789,55.689998626708984,44.28290939331055,5001900
2008-02-08,55.459999084472656,56.91999816894531,54.86000061035156,56.72999954223633,45.10987091064453,1744600
2008-02-11,57.209999084472656,59.68000030517578,56.29999923706055,59.2599983215332,47.12165069580078,1441300
2008-02-12,59.689998626708984,63.939998626708984,59.470001220703125,63.130001068115234,50.1989631652832,3155600
2008-02-13,63.77000045776367,66.80000305175781,62.52000045776367,66.19000244140625,52.63218307495117,3208100
2008-02-14,66.2699966430664,66.31999969482422,63.380001068115234,64.06999969482422,50.94641876220703,2346400
2008-02-15,63.439998626708984,64.69999694824219,62.38999938964844,64.48999786376953,51.28037643432617,1291500
2008-02-19,65.02999877929688,66.16999816894531,63.08000183105469,63.75,50.691959381103516,1615100
2008-02-20,63.33000183105469,65.19000244140625,61.810001373291016,64.94000244140625,51.638214111328125,1646000
2008-02-21,65.58000183105469,66.38999938964844,64.72000122070312,65.45999908447266,52.05169677734375,1357500
2008-02-22,65.5199966430664,66.02999877929688,62.560001373291016,64.66000366210938,51.41555404663086,1432900
2008-02-25,64.68000030517578,67.54000091552734,64.51000213623047,67.37999725341797,53.578407287597656,1647400
2008-02-26,67.5999984741211,68.48999786376953,66.63999938964844,66.69999694824219,53.0377082824707,1624000
2008-02-27,66.11000061035156,67.86000061035156,65.22000122070312,65.80000305175781,52.32204055786133,1251700
2008-02-28,65.44000244140625,65.83000183105469,64.08000183105469,65.04000091552734,51.71772384643555,1293000
2008-02-29,64.0,65.0999984741211,63.61000061035156,64.86000061035156,51.57460021972656,1660000
2008-03-03,64.19999694824219,67.25,64.01000213623047,66.68000030517578,53.02178955078125,1281500
2008-03-04,66.11000061035156,66.44999694824219,63.0,64.54000091552734,51.320133209228516,1507000
2008-03-05,64.9000015258789,67.12000274658203,64.9000015258789,66.2699966430664,52.695770263671875,1311400
2008-03-06,66.26000213623047,66.58999633789062,64.51000213623047,64.91999816894531,51.622310638427734,955300
2008-03-07,63.52000045776367,65.12999725341797,61.75,62.47999954223633,49.682090759277344,1184700
2008-03-10,62.0099983215332,62.470001220703125,58.68000030517578,59.029998779296875,46.93875503540039,1582200
2008-03-11,61.099998474121094,61.31999969482422,58.83000183105469,61.150001525878906,48.62452697753906,2016600
2008-03-12,61.13999938964844,62.02000045776367,59.79999923706055,60.029998779296875,47.73393630981445,2774700
2008-03-13,59.029998779296875,60.529998779296875,59.029998779296875,60.13999938964844,47.82139587402344,2526900
2008-03-14,60.75,61.380001068115234,58.38999938964844,59.630001068115234,47.415855407714844,1564800
2008-03-17,58.119998931884766,59.470001220703125,55.790000915527344,57.369998931884766,45.61878967285156,1118000
2008-03-18,58.22999954223633,62.5,58.22999954223633,62.2400016784668,49.49125671386719,2019900
2008-03-19,62.0099983215332,62.0099983215332,56.47999954223633,56.47999954223633,44.91108703613281,1326400
2008-03-20,56.43000030517578,56.43000030517578,52.47999954223633,54.349998474121094,43.217376708984375,3307300
2008-03-24,54.36000061035156,58.20000076293945,54.36000061035156,57.369998931884766,45.61878967285156,1278200
2008-03-25,58.7599983215332,61.27000045776367,58.0,60.68000030517578,48.250789642333984,1651000
2008-03-26,61.59000015258789,62.060001373291016,59.5,62.040000915527344,49.332210540771484,1337300
2008-03-27,61.599998474121094,62.529998779296875,60.31999969482422,60.66999816894531,48.242835998535156,1343800
2008-03-28,61.0,62.349998474121094,59.68000030517578,60.279998779296875,47.932716369628906,1049500
2008-03-31,60.0099983215332,62.290000915527344,58.91999816894531,59.880001068115234,47.61466979980469,1574000
2008-04-01,60.45000076293945,62.09000015258789,58.59000015258789,62.09000015258789,49.3719596862793,1908600
2008-04-02,62.88999938964844,63.34000015258789,61.29999923706055,62.68000030517578,49.84112548828125,1754900
2008-04-03,62.29999923706055,65.12999725341797,62.13999938964844,63.97999954223633,50.87483596801758,1488400
2008-04-04,63.970001220703125,66.23999786376953,63.970001220703125,64.58999633789062,51.35989761352539,1174600
2008-04-07,65.0999984741211,66.80999755859375,64.88999938964844,65.7699966430664,52.29819107055664,1709300
2008-04-08,65.79000091552734,67.41999816894531,65.27999877929688,66.66999816894531,53.01382827758789,1369400
2008-04-09,66.87999725341797,67.0999984741211,64.33000183105469,64.63999938964844,51.399658203125,1505800
2008-04-10,64.51000213623047,65.19000244140625,62.959999084472656,64.2300033569336,51.073638916015625,1341000
2008-04-11,63.2400016784668,64.0,62.15999984741211,62.7400016784668,49.888832092285156,1080000
2008-04-14,62.61000061035156,65.38999938964844,62.290000915527344,64.36000061035156,51.177005767822266,1111700
2008-04-15,65.41000366210938,66.2699966430664,62.66999816894531,65.0,51.685909271240234,1191700
2008-04-16,65.62000274658203,68.58000183105469,65.62000274658203,67.63999938964844,53.78514862060547,1694000
2008-04-17,67.13999938964844,68.08000183105469,65.19999694824219,66.19000244140625,52.63218307495117,1013000
2008-04-18,68.54000091552734,71.05999755859375,68.05000305175781,69.83999633789062,55.53451919555664,1833900
2008-04-21,70.97000122070312,71.19000244140625,69.25,70.51000213623047,56.067291259765625,1020300
2008-04-22,70.37999725341797,70.62999725341797,67.08999633789062,68.27999877929688,54.2940788269043,1648600
2008-04-23,68.58999633789062,68.76000213623047,66.2300033569336,67.9800033569336,54.055519104003906,1029600
2008-04-24,68.02999877929688,68.02999877929688,65.02999877929688,66.19999694824219,52.64011001586914,1365000
2008-04-25,66.25,67.87000274658203,66.0,67.66999816894531,53.80902099609375,1040500
2008-04-28,69.3499984741211,70.7699966430664,68.05999755859375,68.77999877929688,54.69164276123047,1530500
2008-04-29,70.0999984741211,70.5999984741211,60.5099983215332,60.959999084472656,48.47343826293945,4123800
2008-04-30,61.209999084472656,62.16999816894531,59.7400016784668,60.130001068115234,47.8134651184082,3697900
2008-05-01,60.150001525878906,60.279998779296875,54.95000076293945,55.529998779296875,44.15567398071289,4842400
2008-05-02,55.810001373291016,59.29999923706055,55.529998779296875,59.18000030517578,47.05802917480469,3943900
2008-05-05,59.61000061035156,59.61000061035156,54.68000030517578,55.56999969482422,44.1875,2888800
2008-05-06,57.15999984741211,59.45000076293945,56.84000015258789,58.66999816894531,46.65249252319336,2890200
2008-05-07,58.869998931884766,60.380001068115234,57.849998474121094,58.04999923706055,46.15949630737305,2117000
2008-05-08,58.38999938964844,59.86000061035156,57.88999938964844,59.45000076293945,47.27273941040039,1535600
2008-05-09,58.939998626708984,59.470001220703125,57.77000045776367,59.150001525878906,47.0341911315918,1606000
2008-05-12,59.11000061035156,59.150001525878906,57.70000076293945,58.36000061035156,46.406002044677734,1352400
2008-05-13,58.25,60.04999923706055,58.16999816894531,60.04999923706055,47.74983596801758,2093300
2008-05-14,59.34000015258789,61.0099983215332,57.11000061035156,57.5099983215332,45.7301025390625,2879300
2008-05-15,57.66999816894531,59.31999969482422,57.5099983215332,59.09000015258789,46.98647689819336,2311400
2008-05-16,59.630001068115234,59.86000061035156,58.599998474121094,59.689998626708984,47.46357345581055,1793300
2008-05-19,59.83000183105469,59.97999954223633,56.77000045776367,56.86000061035156,45.213226318359375,2045200
2008-05-20,56.779998779296875,58.11000061035156,56.599998474121094,57.9900016784668,46.11178970336914,2343700
2008-05-21,58.09000015258789,59.86000061035156,57.060001373291016,57.099998474121094,45.40408706665039,1922600
2008-05-22,57.099998474121094,58.0099983215332,56.45000076293945,57.59000015258789,45.79372024536133,1619100
2008-05-23,57.099998474121094,57.959999084472656,56.029998779296875,57.849998474121094,46.00047302246094,1752800
2008-05-27,59.189998626708984,60.619998931884766,58.380001068115234,59.5099983215332,47.3204345703125,2538600
2008-05-28,59.599998474121094,61.41999816894531,59.0,61.41999816894531,48.83921813964844,1674200
2008-05-29,61.310001373291016,61.5,59.88999938964844,60.54999923706055,48.147430419921875,1566600
2008-05-30,60.83000183105469,61.5099983215332,59.83000183105469,60.43000030517578,48.05199432373047,2545500
2008-06-02,60.150001525878906,61.279998779296875,59.439998626708984,60.060001373291016,47.7578010559082,2298700
2008-06-03,60.349998474121094,60.939998626708984,58.31999969482422,59.18000030517578,47.05802917480469,1465200
2008-06-04,59.20000076293945,59.470001220703125,57.5099983215332,57.849998474121094,46.00047302246094,1809100
2008-06-05,57.45000076293945,57.939998626708984,55.119998931884766,57.119998931884766,45.41999053955078,3217300
2008-06-06,57.08000183105469,57.31999969482422,54.9900016784668,55.13999938964844,43.845550537109375,1792600
2008-06-09,56.61000061035156,56.880001068115234,55.099998474121094,56.130001068115234,44.63277816772461,1682300
2008-06-10,55.81999969482422,55.86000061035156,54.11000061035156,54.52000045776367,43.35255432128906,1922900
2008-06-11,54.52000045776367,55.18000030517578,52.369998931884766,52.439998626708984,41.698604583740234,2461900
2008-06-12,52.40999984741211,53.33000183105469,51.40999984741211,52.41999816894531,41.682708740234375,2125600
2008-06-13,52.900001525878906,53.54999923706055,52.349998474121094,53.5,42.54147720336914,1437400
2008-06-16,54.70000076293945,60.15999984741211,54.599998474121094,59.93000030517578,47.65440368652344,4957400
2008-06-17,60.20000076293945,60.459999084472656,58.75,59.619998931884766,47.40790557861328,2761900
2008-06-18,59.0099983215332,59.209999084472656,56.66999816894531,57.099998474121094,45.40408706665039,2579100
2008-06-19,57.959999084472656,58.279998779296875,56.5,56.70000076293945,45.08600616455078,1381300
2008-06-20,56.540000915527344,57.619998931884766,53.41999816894531,54.869998931884766,43.630859375,2023300
2008-06-23,55.2400016784668,55.58000183105469,53.68000030517578,54.209999084472656,43.106056213378906,1477900
2008-06-24,53.75,54.06999969482422,51.58000183105469,51.75,41.149932861328125,2099700
2008-06-25,51.599998474121094,52.5099983215332,50.11000061035156,51.349998474121094,40.831878662109375,2331600
2008-06-26,50.75,52.439998626708984,49.83000183105469,52.060001373291016,41.39645004272461,2889600
2008-06-27,52.33000183105469,52.36000061035156,50.209999084472656,50.70000076293945,40.315025329589844,1901600
2008-06-30,50.79999923706055,53.2599983215332,50.79999923706055,52.40999984741211,41.67475509643555,2218300
2008-07-01,51.2599983215332,52.290000915527344,50.13999938964844,51.81999969482422,41.205589294433594,2333800
2008-07-02,51.630001068115234,51.810001373291016,49.27000045776367,49.880001068115234,39.6629753112793,2672600
2008-07-03,49.90999984741211,50.150001525878906,48.04999923706055,49.5099983215332,39.368751525878906,1326900
2008-07-07,49.75,51.36000061035156,49.04999923706055,50.560001373291016,40.20370101928711,2144700
2008-07-08,50.95000076293945,50.95000076293945,45.900001525878906,47.7599983215332,37.97722625732422,4880800
2008-07-09,48.130001068115234,49.119998931884766,46.5,46.79999923706055,37.2138557434082,1416800
2008-07-10,46.72999954223633,48.720001220703125,46.029998779296875,47.880001068115234,38.07263946533203,1950100
2008-07-11,47.15999984741211,49.45000076293945,47.04999923706055,48.709999084472656,38.732627868652344,1563300
2008-07-14,49.099998474121094,49.43000030517578,47.93000030517578,49.22999954223633,39.146114349365234,1138000
2008-07-15,48.81999969482422,50.119998931884766,46.9900016784668,48.29999923706055,38.4066047668457,1763000
2008-07-16,49.27000045776367,50.16999816894531,47.650001525878906,49.849998474121094,39.63912582397461,3307500
2008-07-17,50.209999084472656,51.529998779296875,49.15999984741211,51.529998779296875,40.97499084472656,1668100
2008-07-18,51.61000061035156,52.13999938964844,50.40999984741211,50.79999923706055,40.3945198059082,886800
2008-07-21,51.52000045776367,55.15999984741211,51.119998931884766,54.869998931884766,43.630859375,2377000
2008-07-22,54.63999938964844,54.849998474121094,52.220001220703125,53.09000015258789,42.21546936035156,1794100
2008-07-23,54.0,56.15999984741211,53.38999938964844,53.470001220703125,42.51762771606445,2380900
2008-07-24,53.90999984741211,54.15999984741211,50.66999816894531,51.5,40.95114517211914,1843600
2008-07-25,51.65999984741211,52.97999954223633,51.08000183105469,52.779998779296875,41.968971252441406,913100
2008-07-28,52.90999984741211,53.33000183105469,51.83000183105469,52.29999923706055,41.587276458740234,1257800
2008-07-29,56.959999084472656,61.970001220703125,56.400001525878906,58.880001068115234,46.81948471069336,5139100
2008-07-30,60.029998779296875,63.13999938964844,58.97999954223633,63.060001373291016,50.143306732177734,3780600
2008-07-31,62.5099983215332,62.5099983215332,59.58000183105469,59.849998474121094,47.59080505371094,2214000
2008-08-01,59.900001525878906,59.900001525878906,57.31999969482422,58.81999969482422,46.77177429199219,1751400
2008-08-04,58.400001525878906,58.5,54.65999984741211,55.09000015258789,43.80580139160156,1726200
2008-08-05,54.779998779296875,55.27000045776367,53.90999984741211,54.619998931884766,43.432071685791016,2404900
2008-08-06,54.619998931884766,58.16999816894531,54.15999984741211,58.119998931884766,46.21515655517578,1867900
2008-08-07,57.369998931884766,58.119998931884766,55.540000915527344,55.900001525878906,44.44989013671875,1563700
2008-08-08,55.599998474121094,58.93000030517578,54.45000076293945,58.0099983215332,46.12769317626953,1970600
2008-08-11,57.810001373291016,58.91999816894531,56.31999969482422,57.209999084472656,45.491546630859375,1808300
2008-08-12,56.83000183105469,57.77000045776367,56.38999938964844,56.959999084472656,45.29276657104492,1048400
2008-08-13,55.68000030517578,58.630001068115234,53.52000045776367,58.290000915527344,46.350341796875,1985000
2008-08-14,57.79999923706055,61.400001525878906,57.79999923706055,60.81999969482422,48.36211013793945,1992600
2008-08-15,60.02000045776367,60.86000061035156,59.43000030517578,59.79999923706055,47.551048278808594,1501800
2008-08-18,60.2599983215332,61.66999816894531,59.790000915527344,60.310001373291016,47.95656967163086,1466800
2008-08-19,59.869998931884766,60.11000061035156,58.91999816894531,59.68000030517578,47.455631256103516,857700
2008-08-20,60.060001373291016,61.41999816894531,59.529998779296875,61.08000183105469,48.56886672973633,1278100
2008-08-21,60.4900016784668,62.36000061035156,59.65999984741211,60.189998626708984,47.86115646362305,2119400
2008-08-22,60.45000076293945,61.08000183105469,59.810001373291016,60.560001373291016,48.15535354614258,743200
2008-08-25,60.36000061035156,60.84000015258789,59.650001525878906,60.20000076293945,47.86909866333008,710500
2008-08-26,60.900001525878906,60.900001525878906,59.5,60.7599983215332,48.31439971923828,922600
2008-08-27,61.060001373291016,62.189998626708984,60.939998626708984,61.41999816894531,48.83921813964844,955600
2008-08-28,61.84000015258789,61.84000015258789,60.0099983215332,61.5,48.902828216552734,1404700
2008-08-29,61.2599983215332,62.4900016784668,60.849998474121094,61.630001068115234,49.006187438964844,791200
2008-09-02,61.560001373291016,61.630001068115234,58.209999084472656,58.880001068115234,46.81948471069336,1183000
2008-09-03,59.38999938964844,59.58000183105469,55.04999923706055,56.099998474121094,44.60892105102539,1937700
2008-09-04,55.0,55.459999084472656,51.47999954223633,53.41999816894531,42.47785949707031,2477300
2008-09-05,52.869998931884766,54.290000915527344,51.58000183105469,53.95000076293945,42.89931106567383,1397300
2008-09-08,55.33000183105469,56.220001220703125,50.77000045776367,52.900001525878906,42.06437301635742,1995800
2008-09-09,52.900001525878906,52.900001525878906,47.779998779296875,48.31999969482422,38.42250442504883,2839300
2008-09-10,48.66999816894531,49.11000061035156,47.06999969482422,48.34000015258789,38.438419342041016,2334100
2008-09-11,47.83000183105469,50.119998931884766,46.54999923706055,49.56999969482422,39.41647720336914,1307000
2008-09-12,49.16999816894531,51.56999969482422,48.36000061035156,51.40999984741211,40.87958526611328,1530800
2008-09-15,49.81999969482422,50.83000183105469,47.869998931884766,48.439998626708984,38.517921447753906,1187200
2008-09-16,47.2400016784668,50.33000183105469,46.06999969482422,50.2599983215332,39.96512985229492,2125000
2008-09-17,49.5,50.220001220703125,46.900001525878906,47.09000015258789,37.4444580078125,1654900
2008-09-18,47.75,50.91999816894531,46.880001068115234,49.83000183105469,39.62320327758789,2549900
2008-09-19,51.7400016784668,55.9900016784668,49.279998779296875,50.720001220703125,40.3309211730957,1991700
2008-09-22,50.09000015258789,52.369998931884766,50.0,50.36000061035156,40.044647216796875,1168300
2008-09-23,50.25,51.189998626708984,47.95000076293945,49.08000183105469,39.02684020996094,1094500
2008-09-24,49.09000015258789,49.68000030517578,47.040000915527344,47.63999938964844,37.881813049316406,997100
2008-09-25,47.790000915527344,48.310001373291016,46.209999084472656,47.56999969482422,37.826141357421875,1005900
2008-09-26,46.650001525878906,46.650001525878906,44.58000183105469,45.849998474121094,36.45845031738281,1683800
2008-09-29,45.060001373291016,45.060001373291016,39.209999084472656,40.9900016784668,32.59392547607422,3288300
2008-09-30,41.9900016784668,47.220001220703125,40.130001068115234,42.61000061035156,33.88210678100586,2481100
2008-10-01,42.22999954223633,42.36000061035156,40.209999084472656,41.29999923706055,32.84043502807617,1627200
2008-10-02,39.83000183105469,39.83000183105469,34.56999969482422,37.0099983215332,29.42917251586914,4721500
2008-10-03,37.720001220703125,39.13999938964844,35.33000183105469,35.619998931884766,28.323883056640625,2530200
2008-10-06,34.16999816894531,34.91999816894531,30.579999923706055,33.09000015258789,26.31210708618164,2668900
2008-10-07,33.880001068115234,35.2599983215332,31.040000915527344,31.459999084472656,25.01598358154297,2354600
2008-10-08,30.309999465942383,33.75,29.389999389648438,32.720001220703125,26.017894744873047,3745600
2008-10-09,32.40999984741211,35.810001373291016,32.380001068115234,33.0,26.24054527282715,3323000
2008-10-10,31.270000457763672,37.86000061035156,28.299999237060547,35.65999984741211,28.355693817138672,3973800
2008-10-13,37.529998779296875,38.189998626708984,35.150001525878906,37.61000061035156,29.9062557220459,1725500
2008-10-14,38.86000061035156,38.86000061035156,33.189998626708984,34.72999954223633,27.616178512573242,2672900
2008-10-15,33.939998626708984,34.130001068115234,29.06999969482422,29.440000534057617,23.40974235534668,2544800
2008-10-16,29.8799991607666,30.760000228881836,27.780000686645508,29.739999771118164,23.648290634155273,3117700
2008-10-17,28.610000610351562,33.209999084472656,27.81999969482422,30.6299991607666,24.35599136352539,2320100
2008-10-20,31.079999923706055,31.290000915527344,28.020000457763672,29.639999389648438,23.56877326965332,2623400
2008-10-21,29.639999389648438,32.38999938964844,29.1200008392334,30.889999389648438,24.562742233276367,2404800
2008-10-22,29.809999465942383,29.809999465942383,23.520000457763672,24.790000915527344,19.712215423583984,3895700
2008-10-23,25.1299991607666,25.6200008392334,23.139999389648438,24.8799991607666,19.783781051635742,3337300
2008-10-24,22.68000030517578,24.75,21.979999542236328,24.020000457763672,19.099933624267578,2318400
2008-10-27,23.610000610351562,25.100000381469727,22.93000030517578,23.260000228881836,18.49560546875,2599600
2008-10-28,23.75,27.010000228881836,22.280000686645508,26.81999969482422,21.326404571533203,2704300
2008-10-29,29.030000686645508,31.350000381469727,27.479999542236328,27.940000534057617,22.216995239257812,4399800
2008-10-30,28.399999618530273,30.8799991607666,28.18000030517578,29.950000762939453,23.81528091430664,3061100
2008-10-31,29.389999389648438,33.130001068115234,29.389999389648438,31.520000457763672,25.06369400024414,2858800
2008-11-03,31.360000610351562,32.75,30.200000762939453,30.360000610351562,24.14129638671875,2286400
2008-11-04,31.8700008392334,32.939998626708984,31.15999984741211,31.8799991607666,25.349950790405273,2588000
2008-11-05,31.829999923706055,32.630001068115234,29.639999389648438,29.790000915527344,23.688053131103516,2364400
2008-11-06,29.6200008392334,29.889999389648438,27.290000915527344,27.510000228881836,21.875072479248047,1995600
2008-11-07,27.809999465942383,28.489999771118164,27.09000015258789,28.059999465942383,22.312406539916992,1449900
2008-11-10,28.969999313354492,29.889999389648438,28.3700008392334,28.979999542236328,23.043970108032227,2353200
2008-11-11,28.520000457763672,29.170000076293945,25.639999389648438,26.280000686645508,20.897016525268555,2832200
2008-11-12,25.510000228881836,25.920000076293945,24.290000915527344,24.700000762939453,19.640647888183594,2451700
2008-11-13,25.170000076293945,28.700000762939453,24.459999084472656,28.700000762939453,22.821321487426758,3060600
2008-11-14,28.149999618530273,29.280000686645508,27.450000762939453,27.600000381469727,21.946640014648438,2512300
2008-11-17,26.5,27.940000534057617,26.329999923706055,27.100000381469727,21.549041748046875,3414300
2008-11-18,27.18000030517578,27.610000610351562,25.149999618530273,26.3799991607666,20.97652244567871,2306000
2008-11-19,26.5,26.969999313354492,23.200000762939453,23.479999542236328,18.670541763305664,2408300
2008-11-20,22.010000228881836,23.059999465942383,20.25,20.579999923706055,16.364553451538086,3845500
2008-11-21,21.139999389648438,23.899999618530273,21.0,23.899999618530273,19.0045166015625,2818000
2008-11-24,24.229999542236328,25.889999389648438,23.59000015258789,24.420000076293945,19.417999267578125,2663500
2008-11-25,24.8799991607666,25.579999923706055,22.56999969482422,24.309999465942383,19.33052635192871,2438200
2008-11-26,22.440000534057617,23.979999542236328,20.420000076293945,23.889999389648438,18.99656105041504,3753000
2008-11-28,23.75,24.700000762939453,22.459999084472656,24.6200008392334,19.577035903930664,959900
2008-12-01,24.049999237060547,24.049999237060547,19.989999771118164,20.100000381469727,15.982880592346191,2544500
2008-12-02,20.40999984741211,21.510000228881836,20.149999618530273,21.229999542236328,16.88141441345215,4666300
2008-12-03,20.670000076293945,22.209999084472656,20.350000381469727,21.420000076293945,17.032489776611328,2858200
2008-12-04,21.15999984741211,21.760000228881836,18.940000534057617,19.350000381469727,15.38649845123291,2720100
2008-12-05,19.34000015258789,20.229999542236328,17.739999771118164,20.200000762939453,16.0623836517334,2689200
2008-12-08,20.75,22.059999465942383,20.450000762939453,21.56999969482422,17.151775360107422,3489700
2008-12-09,21.260000228881836,23.450000762939453,20.709999084472656,22.469999313354492,17.86741828918457,3608100
2008-12-10,22.649999618530273,23.90999984741211,22.260000228881836,23.31999969482422,18.543315887451172,2280600
2008-12-11,23.010000228881836,23.459999084472656,21.469999313354492,21.799999237060547,17.334653854370117,3133000
2008-12-12,21.299999237060547,23.040000915527344,21.15999984741211,22.829999923706055,18.1536808013916,2390600
2008-12-15,22.3799991607666,23.149999618530273,21.270000457763672,21.469999313354492,17.07225799560547,2157900
2008-12-16,21.989999771118164,23.459999084472656,21.40999984741211,22.579999923706055,17.954891204833984,2606400
2008-12-17,22.399999618530273,26.149999618530273,22.399999618530273,24.649999618530273,19.600887298583984,4641600
2008-12-18,24.899999618530273,25.809999465942383,23.149999618530273,23.600000381469727,18.765954971313477,2712200
2008-12-19,23.489999771118164,24.799999237060547,22.93000030517578,23.510000228881836,18.694406509399414,2019700
2008-12-22,24.0,24.020000457763672,21.940000534057617,22.700000762939453,18.050310134887695,1226700
2008-12-23,22.979999542236328,23.6299991607666,22.549999237060547,22.729999542236328,18.07416534423828,922400
2008-12-24,22.719999313354492,23.15999984741211,22.260000228881836,23.049999237060547,18.328615188598633,447500
2008-12-26,23.06999969482422,23.649999618530273,22.75,23.6299991607666,18.789817810058594,523200
2008-12-29,24.209999084472656,24.209999084472656,22.709999084472656,23.459999084472656,18.654630661010742,1266500
2008-12-30,24.040000915527344,24.450000762939453,23.010000228881836,23.690000534057617,18.8375244140625,1271200
2008-12-31,23.81999969482422,24.110000610351562,23.459999084472656,23.59000015258789,18.758012771606445,1630500
2009-01-02,23.84000015258789,26.299999237060547,23.700000762939453,25.989999771118164,20.666410446166992,2087400
2009-01-05,25.729999542236328,27.68000030517578,25.389999389648438,26.600000381469727,21.151466369628906,2235400
2009-01-06,27.6299991607666,28.700000762939453,26.670000076293945,28.1299991607666,22.368080139160156,2222200
2009-01-07,27.8700008392334,27.93000030517578,25.520000457763672,25.799999237060547,20.515331268310547,1889300
2009-01-08,25.809999465942383,26.68000030517578,25.690000534057617,26.440000534057617,21.02423667907715,1805500
2009-01-09,25.610000610351562,25.760000228881836,24.299999237060547,25.420000076293945,20.213176727294922,2378100
2009-01-12,25.270000457763672,25.479999542236328,21.90999984741211,22.43000030517578,17.835617065429688,3185300
2009-01-13,22.299999237060547,23.149999618530273,21.979999542236328,22.93000030517578,18.233200073242188,2421100
2009-01-14,22.25,22.309999465942383,20.549999237060547,20.989999771118164,16.69057273864746,3593400
2009-01-15,20.950000762939453,21.139999389648438,19.56999969482422,20.729999542236328,16.48383331298828,2882000
2009-01-16,21.440000534057617,21.899999618530273,20.020000457763672,20.959999084472656,16.66671371459961,2634700
2009-01-20,20.639999389648438,20.889999389648438,19.219999313354492,19.610000610351562,15.593244552612305,2335000
2009-01-21,20.100000381469727,21.600000381469727,19.81999969482422,21.450000762939453,17.056350708007812,3526000
2009-01-22,20.93000030517578,21.510000228881836,19.450000762939453,19.959999084472656,15.87155818939209,3675000
2009-01-23,19.170000076293945,20.520000457763672,19.170000076293945,19.829999923706055,15.76817512512207,2755200
2009-01-26,18.510000228881836,21.149999618530273,18.510000228881836,20.31999969482422,16.157814025878906,2304900
2009-01-27,20.459999084472656,21.989999771118164,20.459999084472656,21.170000076293945,16.83370590209961,1989000
2009-01-28,21.90999984741211,23.489999771118164,21.829999923706055,22.829999923706055,18.1536808013916,2387500
2009-01-29,22.309999465942383,22.75,21.56999969482422,21.850000381469727,17.37441635131836,1440900
2009-01-30,21.8799991607666,21.8799991607666,20.270000457763672,21.280000686645508,16.92117691040039,2461200
2009-02-02,20.90999984741211,21.5,20.34000015258789,21.40999984741211,17.0245418548584,2003000
2009-02-03,21.6299991607666,21.940000534057617,21.100000381469727,21.690000534057617,17.2471923828125,1477700
2009-02-04,21.799999237060547,23.1200008392334,21.770000457763672,22.940000534057617,18.241151809692383,2360000
2009-02-05,23.049999237060547,24.440000534057617,22.25,24.100000381469727,19.16354751586914,3132100
2009-02-06,24.200000762939453,25.540000915527344,24.200000762939453,25.040000915527344,19.91100311279297,2843600
2009-02-09,26.420000076293945,26.420000076293945,23.219999313354492,23.889999389648438,18.99656105041504,3877700
2009-02-10,22.3799991607666,23.920000076293945,21.450000762939453,22.079999923706055,17.55730438232422,3112300
2009-02-11,22.31999969482422,22.899999618530273,21.270000457763672,21.920000076293945,17.43008041381836,2014800
2009-02-12,21.020000457763672,21.489999771118164,20.549999237060547,21.3700008392334,16.99274253845215,2823800
2009-02-13,21.579999923706055,21.65999984741211,20.25,20.469999313354492,16.27708625793457,2939000
2009-02-17,19.5,19.700000762939453,18.450000762939453,18.520000457763672,14.726511001586914,3483700
2009-02-18,18.239999771118164,19.739999771118164,17.889999389648438,18.940000534057617,15.060479164123535,3707700
2009-02-19,19.469999313354492,19.469999313354492,18.15999984741211,18.229999542236328,14.495915412902832,1876200
2009-02-20,16.18000030517578,17.799999237060547,16.18000030517578,16.950000762939453,13.478096008300781,3329500
2009-02-23,17.459999084472656,17.65999984741211,16.15999984741211,16.170000076293945,12.857866287231445,3018200
2009-02-24,16.25,17.6299991607666,16.0,17.43000030517578,13.859777450561523,2390800
2009-02-25,17.350000381469727,17.639999389648438,16.270000457763672,16.700000762939453,13.279305458068848,2172400
2009-02-26,16.729999542236328,17.610000610351562,16.639999389648438,17.360000610351562,13.80411434173584,3485500
2009-02-27,16.90999984741211,17.729999542236328,16.600000381469727,17.139999389648438,13.629178047180176,2718300
2009-03-02,16.489999771118164,16.6200008392334,15.260000228881836,15.369999885559082,12.221735000610352,2388500
2009-03-03,15.649999618530273,16.329999923706055,15.140000343322754,15.8100004196167,12.571602821350098,3468300
2009-03-04,16.350000381469727,16.979999542236328,16.049999237060547,16.329999923706055,12.985090255737305,2562600
2009-03-05,15.800000190734863,16.219999313354492,14.84000015258789,15.109999656677246,12.01498794555664,2249500
2009-03-06,15.380000114440918,15.880000114440918,14.619999885559082,15.100000381469727,12.007030487060547,1714600
2009-03-09,14.859999656677246,15.899999618530273,14.6899995803833,15.529999732971191,12.348955154418945,2197400
2009-03-10,16.0,16.690000534057617,15.75,16.579999923706055,13.183883666992188,3135600
2009-03-11,16.739999771118164,17.229999542236328,16.229999542236328,16.75,13.31906509399414,2121000
2009-03-12,16.65999984741211,17.6299991607666,16.110000610351562,17.600000381469727,13.99495792388916,2119800
2009-03-13,17.729999542236328,17.829999923706055,16.809999465942383,17.09000015258789,13.589421272277832,1824600
2009-03-16,17.350000381469727,17.950000762939453,17.31999969482422,17.459999084472656,13.88362979888916,2840800
2009-03-17,17.459999084472656,18.579999923706055,16.93000030517578,18.579999923706055,14.774221420288086,2640400
2009-03-18,18.68000030517578,19.59000015258789,17.729999542236328,19.299999237060547,15.346738815307617,2724500
2009-03-19,19.729999542236328,20.0,19.239999771118164,19.56999969482422,15.56143569946289,2195700
2009-03-20,19.6200008392334,19.719999313354492,17.709999084472656,17.8799991607666,14.21760082244873,2551200
2009-03-23,18.760000228881836,20.1200008392334,18.530000686645508,20.1200008392334,15.998778343200684,2702000
2009-03-24,19.43000030517578,20.299999237060547,18.989999771118164,19.899999618530273,15.823843002319336,2071800
2009-03-25,20.100000381469727,20.649999618530273,18.790000915527344,19.65999984741211,15.632996559143066,1870300
2009-03-26,20.3700008392334,21.229999542236328,19.850000381469727,21.170000076293945,16.83370590209961,2319400
2009-03-27,20.760000228881836,21.530000686645508,20.68000030517578,21.079999923706055,16.762147903442383,1778400
2009-03-30,20.3799991607666,20.399999618530273,18.899999618530273,19.350000381469727,15.38649845123291,2421000
2009-03-31,19.6200008392334,20.110000610351562,19.100000381469727,19.600000381469727,15.585284233093262,1662900
2009-04-01,19.209999084472656,20.899999618530273,18.940000534057617,20.6299991607666,16.40431785583496,2611000
2009-04-02,21.25,22.649999618530273,21.239999771118164,22.290000915527344,17.724292755126953,2345100
2009-04-03,22.219999313354492,23.059999465942383,21.8700008392334,22.93000030517578,18.233200073242188,1684200
2009-04-06,22.479999542236328,23.0,21.65999984741211,22.889999389648438,18.20139503479004,2250700
2009-04-07,22.280000686645508,22.31999969482422,21.239999771118164,21.440000534057617,17.048404693603516,1037400
2009-04-08,21.540000915527344,21.850000381469727,20.959999084472656,21.389999389648438,17.008642196655273,936700
2009-04-09,22.09000015258789,23.299999237060547,22.030000686645508,23.299999237060547,18.52741050720215,1399100
2009-04-13,23.049999237060547,23.780000686645508,22.579999923706055,23.610000610351562,18.773916244506836,1357900
2009-04-14,23.389999389648438,24.290000915527344,23.049999237060547,23.360000610351562,18.575124740600586,1457800
2009-04-15,23.059999465942383,23.8700008392334,23.049999237060547,23.8700008392334,18.980663299560547,898300
2009-04-16,23.950000762939453,25.110000610351562,23.5,24.899999618530273,19.7996826171875,1193100
2009-04-17,24.940000534057617,24.940000534057617,23.549999237060547,24.15999984741211,19.211252212524414,1558600
2009-04-20,23.6200008392334,23.93000030517578,22.170000076293945,22.280000686645508,17.716344833374023,1221700
2009-04-21,21.649999618530273,23.079999923706055,21.649999618530273,22.920000076293945,18.225248336791992,1343000
2009-04-22,22.559999465942383,24.670000076293945,22.559999465942383,23.920000076293945,19.020418167114258,1402500
2009-04-23,23.65999984741211,24.25,22.950000762939453,23.600000381469727,18.765954971313477,1606600
2009-04-24,24.110000610351562,26.229999542236328,23.81999969482422,25.579999923706055,20.34039306640625,3348500
2009-04-27,25.350000381469727,25.56999969482422,23.969999313354492,24.25,19.282825469970703,2305100
2009-04-28,23.18000030517578,24.299999237060547,23.030000686645508,23.68000030517578,18.829574584960938,1953600
2009-04-29,24.15999984741211,24.350000381469727,23.309999465942383,24.079999923706055,19.147642135620117,2569600
2009-04-30,24.75,25.520000457763672,24.1299991607666,24.299999237060547,19.322580337524414,2616900
2009-05-01,25.540000915527344,25.899999618530273,24.56999969482422,25.510000228881836,20.284727096557617,2736300
2009-05-04,24.549999237060547,26.489999771118164,24.549999237060547,25.530000686645508,20.300630569458008,1091600
2009-05-05,25.5,27.06999969482422,25.3700008392334,26.920000076293945,21.405920028686523,1628000
2009-05-06,28.110000610351562,28.110000610351562,26.270000457763672,27.389999389648438,21.779647827148438,1544100
2009-05-07,27.670000076293945,27.81999969482422,25.040000915527344,25.530000686645508,20.300630569458008,1369800
2009-05-08,25.549999237060547,26.670000076293945,25.350000381469727,26.209999084472656,20.841354370117188,1120300
2009-05-11,25.639999389648438,26.06999969482422,24.700000762939453,24.739999771118164,19.672454833984375,1260900
2009-05-12,24.799999237060547,25.700000762939453,24.690000534057617,25.469999313354492,20.252927780151367,1198800
2009-05-13,24.969999313354492,25.190000534057617,24.15999984741211,24.219999313354492,19.258960723876953,1594000
2009-05-14,24.299999237060547,25.270000457763672,24.09000015258789,25.09000015258789,19.950763702392578,1334200
2009-05-15,25.040000915527344,25.940000534057617,24.75,25.219999313354492,20.054136276245117,1573900
2009-05-18,25.229999542236328,27.399999618530273,25.100000381469727,27.329999923706055,21.73193359375,1651700
2009-05-19,27.389999389648438,28.200000762939453,27.09000015258789,27.889999389648438,22.177234649658203,1412100
2009-05-20,28.270000457763672,29.790000915527344,27.510000228881836,27.739999771118164,22.05795669555664,2008400
2009-05-21,27.610000610351562,27.729999542236328,25.969999313354492,26.31999969482422,20.928821563720703,1146800
2009-05-22,26.43000030517578,26.989999771118164,26.1299991607666,26.360000610351562,20.960620880126953,969700
2009-05-26,25.899999618530273,27.219999313354492,25.670000076293945,27.040000915527344,21.501340866088867,843800
2009-05-27,26.700000762939453,27.8700008392334,26.610000610351562,27.3799991607666,21.771692276000977,1362700
2009-05-28,27.600000381469727,27.979999542236328,26.959999084472656,27.670000076293945,22.00229263305664,1099500
2009-05-29,27.860000610351562,28.860000610351562,27.860000610351562,28.860000610351562,22.94854736328125,1217600
2009-06-01,28.799999237060547,30.959999084472656,28.799999237060547,30.790000915527344,24.48322296142578,1279300
2009-06-02,30.40999984741211,31.280000686645508,29.969999313354492,30.34000015258789,24.125394821166992,1208100
2009-06-03,29.950000762939453,30.06999969482422,28.670000076293945,28.93000030517578,23.004209518432617,940100
2009-06-04,29.020000457763672,30.600000381469727,28.719999313354492,30.399999618530273,24.173107147216797,1051900
2009-06-05,31.260000228881836,31.260000228881836,28.90999984741211,29.479999542236328,23.441551208496094,1601200
2009-06-08,29.079999923706055,29.079999923706055,28.18000030517578,28.809999465942383,22.908782958984375,763200
2009-06-09,29.100000381469727,29.440000534057617,28.469999313354492,29.209999084472656,23.226848602294922,774100
2009-06-10,30.040000915527344,30.079999923706055,28.309999465942383,28.770000457763672,22.87697982788086,1369100
2009-06-11,28.860000610351562,29.350000381469727,28.5,28.709999084472656,22.829265594482422,874000
2009-06-12,28.709999084472656,28.729999542236328,27.84000015258789,28.389999389648438,22.5748233795166,682500
2009-06-15,29.5,29.5,27.639999389648438,28.229999542236328,22.447587966918945,1443100
2009-06-16,28.610000610351562,28.989999771118164,26.860000610351562,26.979999542236328,21.453630447387695,3808400
2009-06-17,26.8799991607666,27.43000030517578,25.899999618530273,27.260000228881836,21.67627716064453,1890900
2009-06-18,27.209999084472656,27.8799991607666,26.399999618530273,27.549999237060547,21.906879425048828,1575600
2009-06-19,27.56999969482422,28.579999923706055,27.559999465942383,27.8799991607666,22.169275283813477,1184100
2009-06-22,27.5,28.190000534057617,26.309999465942383,26.350000381469727,20.952674865722656,1202700
2009-06-23,26.389999389648438,26.940000534057617,25.809999465942383,26.690000534057617,21.2230281829834,1322900
2009-06-24,27.5,28.690000534057617,27.209999084472656,28.280000686645508,22.48734474182129,1514900
2009-06-25,27.770000457763672,29.790000915527344,27.770000457763672,29.700000762939453,23.61648178100586,1065000
2009-06-26,29.399999618530273,30.059999465942383,29.329999923706055,29.649999618530273,23.57672691345215,2104800
2009-06-29,29.75,30.540000915527344,29.68000030517578,30.260000228881836,24.061779022216797,736900
2009-06-30,29.700000762939453,30.110000610351562,28.6200008392334,29.06999969482422,23.115537643432617,1802100
2009-07-01,29.18000030517578,30.1200008392334,29.18000030517578,29.290000915527344,23.290464401245117,764900
2009-07-02,28.56999969482422,28.770000457763672,28.030000686645508,28.030000686645508,22.288557052612305,650200
2009-07-06,27.600000381469727,28.1200008392334,26.889999389648438,27.420000076293945,21.803503036499023,847000
2009-07-07,27.34000015258789,27.34000015258789,25.540000915527344,25.549999237060547,20.31653594970703,1439100
2009-07-08,25.68000030517578,26.1200008392334,25.1299991607666,25.649999618530273,20.396060943603516,1404400
2009-07-09,25.6200008392334,26.3700008392334,25.579999923706055,25.959999084472656,20.642559051513672,1073900
2009-07-10,25.649999618530273,25.770000457763672,24.950000762939453,25.059999465942383,19.92690658569336,1250400
2009-07-13,25.280000686645508,26.260000228881836,24.610000610351562,26.209999084472656,20.841354370117188,1304400
2009-07-14,26.200000762939453,26.639999389648438,25.790000915527344,26.59000015258789,21.143516540527344,773800
2009-07-15,26.979999542236328,27.950000762939453,26.81999969482422,27.8799991607666,22.169275283813477,1061900
2009-07-16,27.770000457763672,29.6299991607666,27.770000457763672,29.360000610351562,23.346128463745117,1691500
2009-07-17,29.68000030517578,29.940000534057617,29.06999969482422,29.229999542236328,23.242755889892578,961200
2009-07-20,29.549999237060547,30.389999389648438,29.200000762939453,29.8700008392334,23.751663208007812,1057600
2009-07-21,30.399999618530273,31.469999313354492,29.190000534057617,29.59000015258789,23.529014587402344,1321500
2009-07-22,29.219999313354492,29.579999923706055,28.3700008392334,28.739999771118164,22.853124618530273,1326300
2009-07-23,28.690000534057617,30.90999984741211,28.31999969482422,30.790000915527344,24.48322296142578,1257500
2009-07-24,30.170000076293945,31.6200008392334,29.809999465942383,31.59000015258789,25.119354248046875,1234900
2009-07-27,31.350000381469727,31.780000686645508,31.0,31.559999465942383,25.095497131347656,1217600
2009-07-28,30.989999771118164,31.700000762939453,30.670000076293945,31.34000015258789,24.920562744140625,1024500
2009-07-29,30.889999389648438,31.540000915527344,30.440000534057617,31.1299991607666,24.753572463989258,1256100
2009-07-30,31.110000610351562,32.150001525878906,30.969999313354492,31.040000915527344,24.682008743286133,969100
2009-07-31,30.799999237060547,31.850000381469727,30.56999969482422,31.459999084472656,25.01598358154297,1069800
2009-08-03,32.060001373291016,33.18000030517578,31.739999771118164,32.84000015258789,26.113323211669922,1486100
2009-08-04,32.7599983215332,33.4900016784668,32.7599983215332,33.310001373291016,26.487043380737305,1640400
2009-08-05,33.470001220703125,33.5099983215332,32.189998626708984,32.5,25.842954635620117,951000
2009-08-06,32.77000045776367,33.52000045776367,32.61000061035156,32.810001373291016,26.089454650878906,1360700
2009-08-07,33.060001373291016,33.83000183105469,33.040000915527344,33.5,26.63813018798828,1015100
2009-08-10,33.34000015258789,33.41999816894531,32.599998474121094,32.86000061035156,26.129215240478516,1213100
2009-08-11,32.84000015258789,32.84000015258789,31.969999313354492,32.040000915527344,25.477182388305664,873400
2009-08-12,31.760000228881836,32.40999984741211,31.649999618530273,31.920000076293945,25.381757736206055,1676400
2009-08-13,31.920000076293945,32.209999084472656,31.0,31.479999542236328,25.03188705444336,2075900
2009-08-14,31.59000015258789,31.729999542236328,30.170000076293945,30.65999984741211,24.379846572875977,2152000
2009-08-17,30.149999618530273,30.149999618530273,29.110000610351562,29.450000762939453,23.417692184448242,1269700
2009-08-18,29.799999237060547,30.59000015258789,29.799999237060547,30.549999237060547,24.292381286621094,1102900
2009-08-19,30.25,30.459999084472656,29.530000686645508,30.030000686645508,23.8789005279541,986300
2009-08-20,30.049999237060547,30.729999542236328,29.899999618530273,30.59000015258789,24.324186325073242,587100
2009-08-21,30.799999237060547,31.6299991607666,30.540000915527344,31.540000915527344,25.079593658447266,1058300
2009-08-24,31.739999771118164,32.0099983215332,31.139999389648438,31.280000686645508,24.87285804748535,483400
2009-08-25,31.559999465942383,32.459999084472656,31.219999313354492,32.20000076293945,25.604413986206055,879600
2009-08-26,31.889999389648438,32.0,31.25,31.829999923706055,25.31020164489746,1056600
2009-08-27,31.799999237060547,32.529998779296875,31.100000381469727,32.380001068115234,25.747541427612305,888100
2009-08-28,32.7599983215332,32.849998474121094,31.3799991607666,31.559999465942383,25.095497131347656,818300
2009-08-31,30.84000015258789,31.260000228881836,30.549999237060547,31.239999771118164,24.841045379638672,822800
2009-09-01,30.93000030517578,31.84000015258789,30.209999084472656,30.3700008392334,24.149250030517578,844000
2009-09-02,30.3799991607666,30.530000686645508,28.229999542236328,29.059999465942383,23.10757827758789,2895100
2009-09-03,29.399999618530273,29.68000030517578,28.719999313354492,29.489999771118164,23.449501037597656,808600
2009-09-04,29.709999084472656,29.809999465942383,29.219999313354492,29.670000076293945,23.59263038635254,703200
2009-09-08,30.170000076293945,30.399999618530273,29.760000228881836,30.040000915527344,23.8868465423584,851400
2009-09-09,29.950000762939453,31.100000381469727,29.899999618530273,30.860000610351562,24.538883209228516,514400
2009-09-10,30.760000228881836,31.260000228881836,30.329999923706055,30.969999313354492,24.62635040283203,935900
2009-09-11,30.989999771118164,31.969999313354492,30.989999771118164,31.6299991607666,25.151155471801758,725500
2009-09-14,31.40999984741211,32.5099983215332,31.209999084472656,32.45000076293945,25.80319595336914,744000
2009-09-15,32.369998931884766,32.900001525878906,32.040000915527344,32.560001373291016,25.890668869018555,695900
2009-09-16,30.540000915527344,30.600000381469727,27.920000076293945,29.450000762939453,23.417692184448242,8725300
2009-09-17,29.18000030517578,30.600000381469727,28.700000762939453,30.190000534057617,24.006118774414062,3358000
2009-09-18,30.299999237060547,30.459999084472656,28.3700008392334,29.010000228881836,23.067821502685547,2844600
2009-09-21,28.700000762939453,28.860000610351562,28.260000228881836,28.43000030517578,22.606613159179688,1938800
2009-09-22,28.610000610351562,29.0,28.15999984741211,28.229999542236328,22.447587966918945,1979500
2009-09-23,28.229999542236328,28.719999313354492,27.81999969482422,27.899999618530273,22.185182571411133,2000300
2009-09-24,28.040000915527344,28.190000534057617,26.809999465942383,27.270000457763672,21.684234619140625,1911000
2009-09-25,27.290000915527344,27.399999618530273,26.75,27.260000228881836,21.67627716064453,1371600
2009-09-28,27.610000610351562,27.889999389648438,27.100000381469727,27.43000030517578,21.811452865600586,726100
2009-09-29,27.709999084472656,28.059999465942383,27.25,27.56999969482422,21.922775268554688,1852700
2009-09-30,27.850000381469727,28.3799991607666,27.0,27.6299991607666,21.97048568725586,1436500
2009-10-01,27.3799991607666,27.59000015258789,26.059999465942383,26.149999618530273,20.793638229370117,2082600
2009-10-02,26.059999465942383,26.84000015258789,25.770000457763672,26.540000915527344,21.103759765625,1972300
2009-10-05,26.81999969482422,27.229999542236328,26.739999771118164,27.020000457763672,21.485441207885742,1441600
2009-10-06,27.239999771118164,28.34000015258789,27.239999771118164,27.520000457763672,21.883020401000977,1435700
2009-10-07,27.5,27.5,26.329999923706055,26.690000534057617,21.2230281829834,2396100
2009-10-08,26.950000762939453,27.3700008392334,26.649999618530273,27.049999237060547,21.50929069519043,2033500
2009-10-09,27.049999237060547,27.40999984741211,26.350000381469727,27.360000610351562,21.75579071044922,2071400
2009-10-12,27.719999313354492,27.739999771118164,26.559999465942383,26.920000076293945,21.405920028686523,1231600
2009-10-13,26.8799991607666,27.1299991607666,26.520000457763672,26.969999313354492,21.4456787109375,1365300
2009-10-14,26.5,26.989999771118164,26.459999084472656,26.93000030517578,21.413867950439453,2146200
2009-10-15,26.56999969482422,27.149999618530273,26.56999969482422,26.920000076293945,21.405920028686523,2069000
2009-10-16,26.68000030517578,26.84000015258789,26.31999969482422,26.670000076293945,21.20712661743164,1177700
2009-10-19,26.799999237060547,28.479999542236328,26.649999618530273,28.399999618530273,22.582767486572266,1927400
2009-10-20,28.68000030517578,29.1200008392334,28.40999984741211,28.700000762939453,22.821321487426758,2893700
2009-10-21,28.40999984741211,30.780000686645508,28.270000457763672,29.459999084472656,23.425643920898438,3215100
2009-10-22,29.309999465942383,29.559999465942383,28.700000762939453,29.559999465942383,23.50516700744629,1772700
2009-10-23,29.530000686645508,29.989999771118164,28.90999984741211,29.540000915527344,23.489253997802734,1378800
2009-10-26,29.549999237060547,30.350000381469727,28.489999771118164,28.649999618530273,22.78156280517578,1828500
2009-10-27,30.760000228881836,30.760000228881836,28.469999313354492,28.75,22.861072540283203,1325700
2009-10-28,28.5,28.889999389648438,27.75,27.780000686645508,22.089773178100586,1478800
2009-10-29,28.1299991607666,29.18000030517578,28.059999465942383,29.049999237060547,23.099628448486328,1320100
2009-10-30,28.940000534057617,29.190000534057617,27.690000534057617,28.110000610351562,22.352174758911133,1341600
2009-11-02,28.200000762939453,28.739999771118164,27.770000457763672,28.459999084472656,22.630483627319336,1641600
2009-11-03,28.25,28.860000610351562,27.829999923706055,28.850000381469727,22.940603256225586,1227700
2009-11-04,29.1200008392334,29.43000030517578,28.31999969482422,28.440000534057617,22.614580154418945,1257800
2009-11-05,28.530000686645508,29.610000610351562,28.350000381469727,29.59000015258789,23.529014587402344,910100
2009-11-06,29.389999389648438,29.700000762939453,28.809999465942383,29.010000228881836,23.067821502685547,711700
2009-11-09,29.350000381469727,30.09000015258789,29.350000381469727,30.0,23.855039596557617,825400
2009-11-10,29.760000228881836,30.239999771118164,29.25,29.360000610351562,23.346128463745117,1104900
2009-11-11,29.3799991607666,29.979999542236328,29.3799991607666,29.639999389648438,23.56877326965332,759100
2009-11-12,29.65999984741211,29.899999618530273,28.979999542236328,29.030000686645508,23.083723068237305,684300
2009-11-13,29.209999084472656,29.440000534057617,28.809999465942383,29.09000015258789,23.131433486938477,1003200
2009-11-16,29.459999084472656,29.93000030517578,29.239999771118164,29.43000030517578,23.40178680419922,1013700
2009-11-17,29.15999984741211,29.43000030517578,29.0,29.350000381469727,23.33818244934082,834600
2009-11-18,29.479999542236328,30.950000762939453,29.469999313354492,30.600000381469727,24.332138061523438,2643100
2009-11-19,30.270000457763672,30.399999618530273,29.43000030517578,29.579999923706055,23.52106475830078,1616700
2009-11-20,29.459999084472656,29.56999969482422,28.579999923706055,29.0,23.05986785888672,1220900
2009-11-23,29.6299991607666,30.030000686645508,29.139999389648438,29.34000015258789,23.33022689819336,2034300
2009-11-24,29.260000228881836,29.559999465942383,29.18000030517578,29.389999389648438,23.36998176574707,1296700
2009-11-25,29.350000381469727,30.829999923706055,29.059999465942383,30.81999969482422,24.507078170776367,1687300
2009-11-27,29.850000381469727,30.809999465942383,29.6299991607666,30.149999618530273,23.974315643310547,879500
2009-11-30,30.190000534057617,30.579999923706055,29.719999313354492,30.309999465942383,24.101537704467773,1455600
2009-12-01,30.65999984741211,32.2400016784668,30.309999465942383,31.90999984741211,25.373809814453125,2655000
2009-12-02,32.040000915527344,32.349998474121094,31.610000610351562,32.310001373291016,25.69187355041504,2540800
2009-12-03,32.29999923706055,32.63999938964844,32.15999984741211,32.290000915527344,25.675966262817383,1977100
2009-12-04,32.5,33.099998474121094,32.0,32.18000030517578,25.588502883911133,1709500
2009-12-07,32.04999923706055,32.36000061035156,31.200000762939453,31.3700008392334,24.944416046142578,1875600
2009-12-08,30.940000534057617,31.709999084472656,30.3799991607666,30.950000762939453,24.610448837280273,2513000
2009-12-09,31.15999984741211,31.239999771118164,30.100000381469727,30.639999389648438,24.36395263671875,1331400
2009-12-10,30.790000915527344,31.219999313354492,30.110000610351562,30.190000534057617,24.006118774414062,937900
2009-12-11,30.40999984741211,30.59000015258789,29.709999084472656,29.81999969482422,23.711912155151367,1394800
2009-12-14,30.1200008392334,30.34000015258789,29.690000534057617,30.0,23.855039596557617,1136800
2009-12-15,29.799999237060547,30.420000076293945,29.719999313354492,30.049999237060547,23.894794464111328,972600
2009-12-16,29.959999084472656,30.93000030517578,29.950000762939453,30.770000457763672,24.467321395874023,820600
2009-12-17,30.389999389648438,30.700000762939453,30.040000915527344,30.360000610351562,24.14129638671875,845900
2009-12-18,30.860000610351562,31.030000686645508,30.229999542236328,31.030000686645508,24.6740665435791,1343000
2009-12-21,31.270000457763672,31.799999237060547,31.020000457763672,31.799999237060547,25.286340713500977,720000
2009-12-22,31.860000610351562,32.79999923706055,31.829999923706055,32.779998779296875,26.06559944152832,1069800
2009-12-23,32.79999923706055,32.91999816894531,32.349998474121094,32.65999984741211,25.97018051147461,975900
2009-12-24,32.68000030517578,32.97999954223633,32.619998931884766,32.77000045776367,26.057647705078125,354400
2009-12-28,32.86000061035156,32.97999954223633,32.38999938964844,32.5099983215332,25.850908279418945,678200
2009-12-29,32.54999923706055,32.7599983215332,32.22999954223633,32.279998779296875,25.668020248413086,813300
2009-12-30,32.08000183105469,32.61000061035156,31.899999618530273,32.41999816894531,25.779338836669922,919500
2009-12-31,32.56999969482422,32.869998931884766,32.2599983215332,32.34000015258789,25.71573257446289,784400
2010-01-04,32.70000076293945,33.56999969482422,32.5,33.029998779296875,26.26439094543457,1338800
2010-01-05,33.02000045776367,33.619998931884766,32.7599983215332,33.15999984741211,26.367767333984375,925600
2010-01-06,33.060001373291016,33.58000183105469,32.7599983215332,32.9900016784668,26.232589721679688,1093900
2010-01-07,32.900001525878906,33.4900016784668,32.619998931884766,33.38999938964844,26.550662994384766,761100
2010-01-08,33.41999816894531,35.70000076293945,33.119998931884766,35.689998626708984,28.379541397094727,2000000
2010-01-11,35.599998474121094,37.40999984741211,35.599998474121094,36.86000061035156,29.309892654418945,1846200
2010-01-12,36.459999084472656,36.459999084472656,34.369998931884766,35.2400016784668,28.02171516418457,2406600
2010-01-13,35.16999816894531,35.52000045776367,34.15999984741211,35.40999984741211,28.156890869140625,1309300
2010-01-14,35.040000915527344,35.369998931884766,34.209999084472656,34.970001220703125,27.80702018737793,981800
2010-01-15,34.849998474121094,34.849998474121094,34.04999923706055,34.58000183105469,27.496904373168945,896000
2010-01-19,34.650001525878906,34.97999954223633,34.400001525878906,34.540000915527344,27.465099334716797,551900
2010-01-20,34.209999084472656,34.5,33.13999938964844,33.650001525878906,26.757400512695312,1787100
2010-01-21,33.709999084472656,33.869998931884766,32.540000915527344,32.95000076293945,26.200782775878906,1000800
2010-01-22,32.93000030517578,33.0099983215332,31.6299991607666,31.68000030517578,25.1909236907959,701700
2010-01-25,32.06999969482422,32.52000045776367,32.0,32.06999969482422,25.501035690307617,1267500
2010-01-26,31.729999542236328,33.11000061035156,31.610000610351562,32.61000061035156,25.9304256439209,1743400
2010-01-27,32.0099983215332,32.58000183105469,31.610000610351562,32.380001068115234,25.747541427612305,632600
2010-01-28,32.369998931884766,32.58000183105469,31.270000457763672,31.329999923706055,24.912612915039062,802500
2010-01-29,31.489999771118164,32.0,30.899999618530273,30.90999984741211,24.578638076782227,798600
2010-02-01,31.100000381469727,31.93000030517578,31.059999465942383,31.93000030517578,25.38970947265625,708900
2010-02-02,32.0,32.2599983215332,31.549999237060547,31.950000762939453,25.405611038208008,1175900
2010-02-03,31.799999237060547,32.290000915527344,31.610000610351562,31.780000686645508,25.27043914794922,333500
2010-02-04,31.520000457763672,31.56999969482422,30.110000610351562,30.219999313354492,24.02997589111328,978200
2010-02-05,30.170000076293945,30.540000915527344,29.600000381469727,30.440000534057617,24.20490837097168,967500
2010-02-08,30.43000030517578,30.889999389648438,29.889999389648438,30.440000534057617,24.20490837097168,709000
2010-02-09,31.989999771118164,32.59000015258789,31.079999923706055,31.809999465942383,25.294294357299805,2098000
2010-02-10,31.690000534057617,32.060001373291016,31.049999237060547,31.719999313354492,25.222719192504883,1270400
2010-02-11,31.75,33.63999938964844,31.540000915527344,33.459999084472656,26.6063175201416,1724400
2010-02-12,33.06999969482422,33.880001068115234,32.72999954223633,33.790000915527344,26.868728637695312,882600
2010-02-16,34.5099983215332,34.75,33.939998626708984,34.4900016784668,27.42534828186035,1274400
2010-02-17,35.70000076293945,35.7599983215332,34.689998626708984,34.84000015258789,27.703643798828125,827600
2010-02-18,34.9900016784668,35.290000915527344,34.5099983215332,34.59000015258789,27.504863739013672,707000
2010-02-19,34.439998626708984,34.91999816894531,34.209999084472656,34.75,27.632080078125,543300
2010-02-22,34.95000076293945,34.97999954223633,34.47999954223633,34.709999084472656,27.600276947021484,418000
2010-02-23,34.5,34.900001525878906,33.630001068115234,33.709999084472656,26.80511474609375,1172500
2010-02-24,33.689998626708984,34.209999084472656,33.279998779296875,33.41999816894531,26.57451057434082,850900
2010-02-25,32.810001373291016,33.90999984741211,32.650001525878906,33.619998931884766,26.73354721069336,879800
2010-02-26,33.709999084472656,34.310001373291016,33.290000915527344,34.25,27.234495162963867,708100
2010-03-01,34.290000915527344,35.0099983215332,34.290000915527344,34.779998779296875,27.655929565429688,631200
2010-03-02,35.0,35.209999084472656,34.540000915527344,34.720001220703125,27.60822868347168,426200
2010-03-03,34.91999816894531,35.810001373291016,34.81999969482422,35.41999816894531,28.16484260559082,775300
2010-03-04,35.650001525878906,35.810001373291016,34.70000076293945,34.91999816894531,27.76725959777832,787000
2010-03-05,35.27000045776367,35.70000076293945,35.08000183105469,35.27000045776367,28.045574188232422,803200
2010-03-08,35.16999816894531,35.36000061035156,34.72999954223633,35.16999816894531,27.966047286987305,529300
2010-03-09,35.040000915527344,35.70000076293945,34.869998931884766,35.56999969482422,28.28412628173828,700200
2010-03-10,35.720001220703125,35.93000030517578,35.099998474121094,35.560001373291016,28.276174545288086,1152300
2010-03-11,35.41999816894531,35.41999816894531,33.86000061035156,34.20000076293945,27.194744110107422,1304700
2010-03-12,34.43000030517578,35.060001373291016,34.22999954223633,34.72999954223633,27.616178512573242,1157200
2010-03-15,34.70000076293945,34.70000076293945,34.130001068115234,34.59000015258789,27.504863739013672,645000
2010-03-16,34.86000061035156,35.0099983215332,34.40999984741211,34.900001525878906,27.751365661621094,580400
2010-03-17,35.09000015258789,35.790000915527344,35.0,35.41999816894531,28.16484260559082,662000
2010-03-18,34.970001220703125,35.38999938964844,34.5,34.90999984741211,27.759307861328125,762400
2010-03-19,34.54999923706055,35.209999084472656,34.34000015258789,34.54999923706055,27.473060607910156,963900
2010-03-22,34.290000915527344,35.029998779296875,33.95000076293945,34.79999923706055,27.671850204467773,692400
2010-03-23,34.900001525878906,36.150001525878906,34.810001373291016,35.81999969482422,28.482913970947266,1130900
2010-03-24,35.650001525878906,36.09000015258789,35.36000061035156,35.77000045776367,28.443153381347656,783000
2010-03-25,36.22999954223633,36.790000915527344,35.880001068115234,35.91999816894531,28.56243324279785,1114500
2010-03-26,36.119998931884766,36.59000015258789,35.689998626708984,35.95000076293945,28.586294174194336,542200
2010-03-29,36.040000915527344,36.439998626708984,35.93000030517578,36.220001220703125,28.800975799560547,609000
2010-03-30,36.470001220703125,37.099998474121094,36.470001220703125,36.650001525878906,29.14290428161621,1904900
2010-03-31,36.63999938964844,36.849998474121094,35.84000015258789,35.869998931884766,28.522676467895508,833700
2010-04-01,36.09000015258789,36.599998474121094,35.939998626708984,36.209999084472656,28.793031692504883,527900
2010-04-05,36.459999084472656,37.27000045776367,36.45000076293945,37.25,29.620006561279297,700000
2010-04-06,37.31999969482422,37.529998779296875,37.119998931884766,37.380001068115234,29.723379135131836,1487600
2010-04-07,37.38999938964844,37.84000015258789,37.11000061035156,37.5099983215332,29.826740264892578,1346500
2010-04-08,37.369998931884766,38.06999969482422,37.06999969482422,37.68000030517578,29.961929321289062,1849800
2010-04-09,37.86000061035156,38.720001220703125,37.790000915527344,38.630001068115234,30.717334747314453,1067400
2010-04-12,38.7599983215332,39.060001373291016,38.459999084472656,38.9900016784668,31.00359535217285,1378600
2010-04-13,38.880001068115234,39.619998931884766,38.7400016784668,39.61000061035156,31.49659538269043,1133700
2010-04-14,39.7599983215332,39.900001525878906,38.06999969482422,39.20000076293945,31.170568466186523,1678900
2010-04-15,39.20000076293945,39.349998474121094,38.2599983215332,38.33000183105469,30.478771209716797,1712100
2010-04-16,38.459999084472656,39.0,37.650001525878906,38.31999969482422,30.470840454101562,1983400
2010-04-19,38.06999969482422,38.83000183105469,37.66999816894531,38.150001525878906,30.335660934448242,1151000
2010-04-20,38.29999923706055,39.27000045776367,38.29999923706055,38.900001525878906,30.932037353515625,1075500
2010-04-21,38.83000183105469,39.08000183105469,37.689998626708984,37.97999954223633,30.200468063354492,1262500
2010-04-22,37.560001373291016,38.70000076293945,37.20000076293945,38.47999954223633,30.598060607910156,1387500
2010-04-23,38.470001220703125,39.09000015258789,38.08000183105469,38.880001068115234,30.916128158569336,1167200
2010-04-26,38.880001068115234,40.290000915527344,38.7400016784668,39.77000045776367,31.62382698059082,1496400
2010-04-27,39.380001068115234,39.380001068115234,35.720001220703125,35.91999816894531,28.56243324279785,3889000
2010-04-28,36.040000915527344,36.97999954223633,35.560001373291016,35.86000061035156,28.514732360839844,1710600
2010-04-29,36.119998931884766,36.400001525878906,35.689998626708984,36.22999954223633,28.80893325805664,1046300
2010-04-30,36.27000045776367,36.5,35.0099983215332,35.02000045776367,27.846782684326172,1109700
2010-05-03,35.130001068115234,35.66999816894531,35.130001068115234,35.630001068115234,28.33182716369629,1020600
2010-05-04,35.040000915527344,35.130001068115234,34.13999938964844,34.709999084472656,27.600276947021484,1953700
2010-05-05,34.18000030517578,34.70000076293945,33.150001525878906,34.16999816894531,27.170886993408203,1481400
2010-05-06,33.91999816894531,34.650001525878906,31.809999465942383,33.16999816894531,26.3757266998291,1954700
2010-05-07,33.15999984741211,33.560001373291016,31.469999313354492,32.959999084472656,26.208736419677734,2548300
2010-05-10,34.83000183105469,35.72999954223633,34.380001068115234,34.54999923706055,27.473060607910156,1788700
2010-05-11,33.36000061035156,34.349998474121094,33.36000061035156,33.86000061035156,26.92438316345215,1699000
2010-05-12,33.88999938964844,34.5099983215332,33.650001525878906,33.779998779296875,26.86077117919922,2016700
2010-05-13,33.7400016784668,33.88999938964844,32.97999954223633,33.119998931884766,26.335966110229492,2115400
2010-05-14,32.63999938964844,32.84000015258789,29.6299991607666,30.299999237060547,24.09358787536621,5146900
2010-05-17,30.549999237060547,30.850000381469727,29.479999542236328,29.899999618530273,23.775524139404297,2736900
2010-05-18,30.09000015258789,30.709999084472656,29.5,29.56999969482422,23.51311683654785,1515100
2010-05-19,29.700000762939453,30.239999771118164,28.780000686645508,29.940000534057617,23.807334899902344,2568700
2010-05-20,29.020000457763672,29.510000228881836,28.34000015258789,28.3700008392334,22.558910369873047,1792700
2010-05-21,28.1200008392334,29.75,27.799999237060547,29.350000381469727,23.33818244934082,2479000
2010-05-24,29.0,29.079999923706055,28.290000915527344,28.399999618530273,22.582767486572266,1892700
2010-05-25,27.639999389648438,28.540000915527344,26.979999542236328,28.40999984741211,22.590721130371094,1494300
2010-05-26,28.579999923706055,29.25,28.260000228881836,28.329999923706055,22.527101516723633,1454300
2010-05-27,28.920000076293945,29.350000381469727,28.809999465942383,29.149999618530273,23.179149627685547,1068900
2010-05-28,28.959999084472656,29.260000228881836,28.43000030517578,28.770000457763672,22.87697982788086,1767700
2010-06-01,28.440000534057617,28.979999542236328,27.579999923706055,27.639999389648438,21.97844123840332,1198900
2010-06-02,27.860000610351562,28.43000030517578,27.3700008392334,28.43000030517578,22.606613159179688,1493600
2010-06-03,28.59000015258789,28.8799991607666,27.959999084472656,28.43000030517578,22.606613159179688,856200
2010-06-04,27.520000457763672,28.0,26.6299991607666,26.760000228881836,21.278696060180664,2354600
2010-06-07,26.780000686645508,26.84000015258789,25.65999984741211,25.860000610351562,20.563047409057617,1951100
2010-06-08,25.8700008392334,26.34000015258789,25.479999542236328,26.0,20.674360275268555,2884900
2010-06-09,26.149999618530273,27.100000381469727,26.139999389648438,26.450000762939453,21.03218650817871,1893200
2010-06-10,27.139999389648438,28.170000076293945,27.049999237060547,28.149999618530273,22.383981704711914,1755600
2010-06-11,27.729999542236328,28.719999313354492,27.459999084472656,27.940000534057617,22.216995239257812,1513700
2010-06-14,28.079999923706055,28.489999771118164,27.75,27.940000534057617,22.216995239257812,1241500
2010-06-15,28.06999969482422,29.469999313354492,28.06999969482422,29.40999984741211,23.385887145996094,1416500
2010-06-16,29.18000030517578,29.639999389648438,28.8700008392334,29.299999237060547,23.298418045043945,1059500
2010-06-17,29.530000686645508,29.899999618530273,28.850000381469727,29.1299991607666,23.163244247436523,1335400
2010-06-18,29.18000030517578,29.540000915527344,28.780000686645508,29.3700008392334,23.35408592224121,996800
2010-06-21,29.969999313354492,30.1200008392334,29.030000686645508,29.15999984741211,23.187101364135742,1151900
2010-06-22,29.059999465942383,29.360000610351562,28.049999237060547,28.09000015258789,22.336273193359375,1510300
2010-06-23,28.0,28.780000686645508,27.729999542236328,28.510000228881836,22.670238494873047,1127300
2010-06-24,28.260000228881836,28.68000030517578,28.030000686645508,28.309999465942383,22.511198043823242,1667000
2010-06-25,28.3799991607666,28.989999771118164,28.030000686645508,28.719999313354492,22.83721923828125,1255400
2010-06-28,28.90999984741211,29.040000915527344,28.15999984741211,28.579999923706055,22.72589874267578,1101500
2010-06-29,27.969999313354492,27.979999542236328,26.860000610351562,27.100000381469727,21.549041748046875,1411300
2010-06-30,27.149999618530273,27.729999542236328,26.81999969482422,26.969999313354492,21.4456787109375,3506300
2010-07-01,27.0,27.1200008392334,26.239999771118164,26.59000015258789,21.143516540527344,1618300
2010-07-02,26.700000762939453,26.889999389648438,26.309999465942383,26.5,21.071943283081055,1071100
2010-07-06,27.350000381469727,27.459999084472656,26.579999923706055,26.959999084472656,21.437726974487305,1614800
2010-07-07,26.979999542236328,28.079999923706055,26.84000015258789,28.030000686645508,22.288557052612305,1542900
2010-07-08,28.290000915527344,28.950000762939453,28.0,28.790000915527344,22.89289093017578,2051100
2010-07-09,28.760000228881836,29.440000534057617,28.719999313354492,29.1299991607666,23.163244247436523,1015400
2010-07-12,29.040000915527344,29.420000076293945,28.709999084472656,29.350000381469727,23.33818244934082,1612800
2010-07-13,29.700000762939453,30.65999984741211,29.700000762939453,30.520000457763672,24.26852798461914,1649400
2010-07-14,30.420000076293945,30.610000610351562,29.969999313354492,30.329999923706055,24.117441177368164,1275900
2010-07-15,30.260000228881836,30.280000686645508,29.399999618530273,29.860000610351562,23.743717193603516,2240500
2010-07-16,29.549999237060547,29.920000076293945,29.309999465942383,29.530000686645508,23.481307983398438,1656900
2010-07-19,29.56999969482422,30.25,29.450000762939453,30.06999969482422,23.91069793701172,1255500
2010-07-20,29.549999237060547,31.469999313354492,29.530000686645508,31.329999923706055,24.912612915039062,1858700
2010-07-21,31.489999771118164,32.220001220703125,31.15999984741211,31.31999969482422,24.90465545654297,1286300
2010-07-22,31.760000228881836,32.2599983215332,31.649999618530273,32.0099983215332,25.453319549560547,1358100
2010-07-23,31.84000015258789,32.84000015258789,31.780000686645508,32.84000015258789,26.113323211669922,1337400
2010-07-26,32.84000015258789,33.68000030517578,32.68000030517578,33.619998931884766,26.73354721069336,1694100
2010-07-27,34.689998626708984,34.720001220703125,33.45000076293945,34.11000061035156,27.1231746673584,3575500
2010-07-28,34.93000030517578,34.95000076293945,33.939998626708984,34.52000045776367,27.449195861816406,2106100
2010-07-29,34.970001220703125,35.22999954223633,33.65999984741211,33.93000030517578,26.98005485534668,3368400
2010-07-30,33.369998931884766,34.970001220703125,33.34000015258789,34.7599983215332,27.640033721923828,1823900
2010-08-02,35.209999084472656,35.59000015258789,34.709999084472656,35.45000076293945,28.188709259033203,1913500
2010-08-03,35.29999923706055,36.0,35.29999923706055,35.72999954223633,28.411361694335938,1684900
2010-08-04,35.95000076293945,36.52000045776367,35.29999923706055,36.38999938964844,28.9361572265625,2329200
2010-08-05,36.40999984741211,37.68000030517578,36.099998474121094,36.75,29.222415924072266,2976400
2010-08-06,36.40999984741211,37.029998779296875,36.209999084472656,36.709999084472656,29.190610885620117,2017800
2010-08-09,36.869998931884766,37.099998474121094,36.20000076293945,36.279998779296875,28.848691940307617,1558800
2010-08-10,35.93000030517578,36.40999984741211,35.56999969482422,36.08000183105469,28.68966293334961,1321800
2010-08-11,35.33000183105469,35.33000183105469,33.97999954223633,34.68000030517578,27.5764217376709,2411300
2010-08-12,34.099998474121094,34.599998474121094,33.90999984741211,34.060001373291016,27.083412170410156,2560300
2010-08-13,33.970001220703125,34.2400016784668,33.65999984741211,33.880001068115234,26.940288543701172,1381900
2010-08-16,33.75,35.040000915527344,33.400001525878906,34.77000045776367,27.647993087768555,1675300
2010-08-17,35.279998779296875,36.900001525878906,35.279998779296875,36.630001068115234,29.127002716064453,2629900
2010-08-18,36.45000076293945,36.4900016784668,35.220001220703125,35.459999084472656,28.196653366088867,1840700
2010-08-19,35.31999969482422,35.810001373291016,34.540000915527344,34.849998474121094,27.71158790588379,1154100
2010-08-20,34.63999938964844,35.349998474121094,34.45000076293945,35.25,28.029666900634766,926700
2010-08-23,35.459999084472656,35.5099983215332,33.369998931884766,33.65999984741211,26.765352249145508,1870400
2010-08-24,33.02000045776367,34.060001373291016,32.779998779296875,33.91999816894531,26.97209358215332,2967100
2010-08-25,33.560001373291016,33.560001373291016,32.36000061035156,33.310001373291016,26.487043380737305,2663400
2010-08-26,33.4900016784668,34.099998474121094,32.810001373291016,32.810001373291016,26.089454650878906,1465000
2010-08-27,33.11000061035156,33.52000045776367,32.43000030517578,33.43000030517578,26.582460403442383,1435000
2010-08-30,33.349998474121094,33.56999969482422,32.65999984741211,32.65999984741211,25.97018051147461,775700
2010-08-31,32.529998779296875,33.540000915527344,32.380001068115234,33.04999923706055,26.280303955078125,1674600
2010-09-01,33.72999954223633,34.41999816894531,32.90999984741211,34.369998931884766,27.329923629760742,2181600
2010-09-02,34.43000030517578,36.130001068115234,34.20000076293945,35.93000030517578,28.57038688659668,1967200
2010-09-03,36.56999969482422,37.43000030517578,36.369998931884766,36.900001525878906,29.341707229614258,1387700
2010-09-07,36.70000076293945,36.939998626708984,36.13999938964844,36.209999084472656,28.793031692504883,1134300
2010-09-08,36.34000015258789,36.779998779296875,36.2400016784668,36.63999938964844,29.134944915771484,1834400
2010-09-09,37.0,37.7599983215332,36.90999984741211,37.5,29.81880760192871,1657700
2010-09-10,37.529998779296875,38.369998931884766,37.130001068115234,38.130001068115234,30.319744110107422,2521000
2010-09-13,38.5099983215332,39.75,38.369998931884766,38.93000030517578,30.95589256286621,2228500
2010-09-14,38.83000183105469,39.279998779296875,38.720001220703125,38.84000015258789,30.884319305419922,1265300
2010-09-15,38.720001220703125,39.029998779296875,38.220001220703125,38.91999816894531,30.947935104370117,691500
2010-09-16,38.91999816894531,39.09000015258789,38.619998931884766,38.65999984741211,30.741191864013672,491700
2010-09-17,38.91999816894531,40.290000915527344,38.310001373291016,39.97999954223633,31.79081153869629,1402300
2010-09-20,40.0,40.18000030517578,39.61000061035156,40.060001373291016,31.854427337646484,1312000
2010-09-21,40.119998931884766,40.70000076293945,39.61000061035156,39.93000030517578,31.751056671142578,1612900
2010-09-22,39.869998931884766,40.060001373291016,39.4900016784668,39.54999923706055,31.448902130126953,1269700
2010-09-23,39.25,39.95000076293945,39.13999938964844,39.5,31.409141540527344,1414800
2010-09-24,39.970001220703125,40.34000015258789,39.689998626708984,40.189998626708984,31.957788467407227,1305500
2010-09-27,40.189998626708984,40.72999954223633,39.93000030517578,39.970001220703125,31.782854080200195,1892900
2010-09-28,40.130001068115234,40.27000045776367,39.29999923706055,40.0,31.806705474853516,1048500
2010-09-29,39.959999084472656,40.11000061035156,39.56999969482422,39.72999954223633,31.592031478881836,797400
2010-09-30,40.0,40.16999816894531,38.439998626708984,39.0099983215332,31.01950454711914,1652600
2010-10-01,39.31999969482422,39.349998474121094,37.68000030517578,37.77000045776367,30.033485412597656,2728900
2010-10-04,37.70000076293945,37.90999984741211,36.52000045776367,37.11000061035156,29.508682250976562,1873000
2010-10-05,37.4900016784668,38.5099983215332,37.380001068115234,38.380001068115234,30.51853370666504,1996700
2010-10-06,38.22999954223633,39.029998779296875,38.09000015258789,38.47999954223633,30.598060607910156,1544800
2010-10-07,38.630001068115234,39.220001220703125,38.380001068115234,39.209999084472656,31.178525924682617,1909000
2010-10-08,40.150001525878906,43.27000045776367,40.150001525878906,40.630001068115234,32.30766677856445,6430600
2010-10-11,41.43000030517578,42.38999938964844,40.63999938964844,41.58000183105469,33.06308364868164,2244600
2010-10-12,41.86000061035156,42.52000045776367,41.099998474121094,42.43000030517578,33.73897171020508,1624500
2010-10-13,42.90999984741211,43.25,42.52000045776367,42.58000183105469,33.85824966430664,1619300
2010-10-14,42.56999969482422,42.81999969482422,41.7400016784668,41.7599983215332,33.20622634887695,2877400
2010-10-15,41.95000076293945,42.97999954223633,41.47999954223633,42.900001525878906,34.112701416015625,1345100
2010-10-18,42.880001068115234,42.880001068115234,42.349998474121094,42.72999954223633,33.97752380371094,1211900
2010-10-19,41.91999816894531,42.2599983215332,41.02000045776367,41.5099983215332,33.007423400878906,1705800
2010-10-20,41.720001220703125,43.060001373291016,41.4900016784668,42.529998779296875,33.81850051879883,1376800
2010-10-21,43.0,44.22999954223633,42.86000061035156,43.43000030517578,34.53413009643555,2284700
2010-10-22,44.349998474121094,44.4900016784668,43.619998931884766,44.02000045776367,35.0032844543457,1666500
2010-10-25,44.2599983215332,46.060001373291016,43.810001373291016,43.83000183105469,34.852203369140625,3089300
2010-10-26,44.15999984741211,44.54999923706055,42.68000030517578,42.810001373291016,34.0411376953125,3188000
2010-10-27,42.13999938964844,42.34000015258789,40.86000061035156,42.2400016784668,33.58788299560547,2483100
2010-10-28,41.83000183105469,42.849998474121094,41.630001068115234,42.09000015258789,33.4686279296875,765400
2010-10-29,42.0,42.79999923706055,41.849998474121094,42.470001220703125,33.77077865600586,1003200
2010-11-01,42.58000183105469,43.099998474121094,41.75,42.209999084472656,33.56403732299805,1341600
2010-11-02,42.56999969482422,43.06999969482422,42.43000030517578,42.7400016784668,33.9854850769043,995600
2010-11-03,42.720001220703125,43.33000183105469,41.810001373291016,42.75,33.99342346191406,1114600
2010-11-04,43.189998626708984,44.43000030517578,43.099998474121094,44.310001373291016,35.233890533447266,1548100
2010-11-05,44.18000030517578,44.45000076293945,43.97999954223633,44.45000076293945,35.3452262878418,772400
2010-11-08,44.290000915527344,44.47999954223633,44.0099983215332,44.41999816894531,35.32136154174805,898100
2010-11-09,45.0,46.5,44.58000183105469,45.209999084472656,35.949546813964844,2973500
2010-11-10,45.15999984741211,46.099998474121094,44.720001220703125,45.900001525878906,36.49821472167969,1565400
2010-11-11,45.5,47.22999954223633,45.470001220703125,46.650001525878906,37.09458541870117,1995300
2010-11-12,46.220001220703125,46.65999984741211,44.79999923706055,45.459999084472656,36.14833068847656,1935400
2010-11-15,46.56999969482422,46.970001220703125,45.650001525878906,45.7400016784668,36.37097930908203,2063000
2010-11-16,45.40999984741211,45.40999984741211,43.560001373291016,44.56999969482422,35.44063186645508,1381500
2010-11-17,44.52000045776367,45.52000045776367,44.380001068115234,45.09000015258789,35.854122161865234,1132800
2010-11-18,45.58000183105469,46.22999954223633,45.45000076293945,45.79999923706055,36.41869354248047,921900
2010-11-19,46.220001220703125,47.25,45.810001373291016,47.209999084472656,37.53987121582031,1369200
2010-11-22,46.90999984741211,47.0,45.86000061035156,46.31999969482422,36.832183837890625,1322700
2010-11-23,45.81999969482422,45.86000061035156,45.040000915527344,45.79999923706055,36.41869354248047,1027600
2010-11-24,45.619998931884766,46.7599983215332,45.619998931884766,46.560001373291016,37.02301788330078,1194200
2010-11-26,46.18000030517578,46.400001525878906,45.720001220703125,46.02000045776367,36.5936279296875,548900
2010-11-29,45.709999084472656,45.75,44.33000183105469,44.63999938964844,35.49629592895508,1546500
2010-11-30,44.15999984741211,45.47999954223633,43.810001373291016,45.13999938964844,35.89387893676758,1788900
2010-12-01,47.290000915527344,47.290000915527344,44.18000030517578,44.54999923706055,35.424739837646484,2245400
2010-12-02,44.56999969482422,46.0,44.56999969482422,45.959999084472656,36.5459098815918,944300
2010-12-03,45.65999984741211,46.29999923706055,45.52000045776367,46.15999984741211,36.7049560546875,1173300
2010-12-06,45.970001220703125,46.20000076293945,45.650001525878906,46.09000015258789,36.64927673339844,1348100
2010-12-07,46.58000183105469,49.34000015258789,46.11000061035156,47.84000015258789,38.040836334228516,3822400
2010-12-08,47.93000030517578,48.08000183105469,46.279998779296875,47.040000915527344,37.404685974121094,1570000
2010-12-09,47.43000030517578,48.060001373291016,47.220001220703125,47.5,37.77046585083008,1444400
2010-12-10,46.86000061035156,47.880001068115234,46.86000061035156,47.189998626708984,37.52398681640625,813000
2010-12-13,47.720001220703125,48.630001068115234,47.54999923706055,48.04999923706055,38.20781326293945,882600
2010-12-14,48.13999938964844,49.349998474121094,47.86000061035156,48.16999816894531,38.303245544433594,1863600
2010-12-15,48.02000045776367,48.34000015258789,46.59000015258789,46.720001220703125,37.15024948120117,1655000
2010-12-16,46.709999084472656,46.93000030517578,46.119998931884766,46.58000183105469,37.0389289855957,1161200
2010-12-17,46.52000045776367,47.7400016784668,46.45000076293945,47.060001373291016,37.42060852050781,2118000
2010-12-20,47.380001068115234,48.5,46.95000076293945,48.43000030517578,38.50997543334961,1247100
2010-12-21,48.650001525878906,50.4900016784668,48.34000015258789,50.33000183105469,40.020816802978516,1611100
2010-12-22,50.25,50.790000915527344,50.209999084472656,50.619998931884766,40.25138473510742,1088700
2010-12-23,50.470001220703125,50.75,50.279998779296875,50.54999923706055,40.195735931396484,560700
2010-12-27,50.36000061035156,50.66999816894531,50.209999084472656,50.5099983215332,40.1639404296875,324000
2010-12-28,50.7400016784668,50.90999984741211,50.290000915527344,50.66999816894531,40.29115676879883,394600
2010-12-29,50.84000015258789,51.5099983215332,50.650001525878906,50.939998626708984,40.505855560302734,508700
2010-12-30,51.0,51.31999969482422,50.720001220703125,50.77000045776367,40.37068176269531,495300
2010-12-31,50.599998474121094,51.099998474121094,50.529998779296875,50.65999984741211,40.2832145690918,679000
2011-01-03,51.209999084472656,53.220001220703125,51.09000015258789,52.88999938964844,42.05643844604492,2281100
2011-01-04,53.13999938964844,53.209999084472656,51.16999816894531,52.220001220703125,41.5236701965332,1176800
2011-01-05,52.060001373291016,53.18000030517578,51.599998474121094,52.88999938964844,42.05643844604492,1325400
2011-01-06,53.029998779296875,53.689998626708984,51.849998474121094,52.34000015258789,41.61908721923828,1561100
2011-01-07,52.4900016784668,52.779998779296875,50.779998779296875,51.97999954223633,41.332820892333984,1525400
2011-01-10,51.77000045776367,52.560001373291016,51.150001525878906,52.189998626708984,41.49981689453125,1516500
2011-01-11,52.54999923706055,53.900001525878906,52.400001525878906,53.70000076293945,42.70051574707031,1233100
2011-01-12,54.2400016784668,55.349998474121094,54.220001220703125,55.11000061035156,43.82171630859375,1988800
2011-01-13,55.349998474121094,56.18000030517578,54.70000076293945,55.380001068115234,44.03639221191406,1761100
2011-01-14,55.15999984741211,55.15999984741211,53.11000061035156,53.7400016784668,42.73233413696289,2474400
2011-01-18,53.77000045776367,54.220001220703125,52.939998626708984,53.650001525878906,42.6607666015625,3981500
2011-01-19,53.66999816894531,53.70000076293945,51.72999954223633,52.18000030517578,41.491859436035156,1767800
2011-01-20,51.9900016784668,52.119998931884766,50.099998474121094,50.88999938964844,40.46609878540039,2498500
2011-01-21,51.380001068115234,51.900001525878906,50.90999984741211,51.33000183105469,40.81597900390625,964300
2011-01-24,51.41999816894531,52.43000030517578,51.349998474121094,52.0099983215332,41.35668182373047,904800
2011-01-25,51.88999938964844,51.959999084472656,50.279998779296875,51.310001373291016,40.8000602722168,948100
2011-01-26,51.5,52.88999938964844,51.400001525878906,52.290000915527344,41.5793342590332,1169600
2011-01-27,52.380001068115234,52.880001068115234,50.939998626708984,51.43000030517578,40.895484924316406,1677300
2011-01-28,51.5,51.939998626708984,49.81999969482422,50.0099983215332,39.7663459777832,1551700
2011-01-31,50.09000015258789,51.0099983215332,50.09000015258789,50.70000076293945,40.315025329589844,1173400
2011-02-01,51.22999954223633,51.7400016784668,50.970001220703125,51.209999084472656,40.72053909301758,2184900
2011-02-02,51.060001373291016,51.88999938964844,50.81999969482422,50.970001220703125,40.529720306396484,1574500
2011-02-03,51.0,51.70000076293945,50.41999816894531,51.279998779296875,40.77621078491211,982600
2011-02-04,51.31999969482422,52.31999969482422,51.22999954223633,52.220001220703125,41.5236701965332,765900
2011-02-07,52.380001068115234,53.65999984741211,52.34000015258789,53.459999084472656,42.509666442871094,1563500
2011-02-08,52.02000045776367,54.040000915527344,51.599998474121094,52.310001373291016,41.595237731933594,3353900
2011-02-09,52.47999954223633,53.36000061035156,51.599998474121094,51.83000183105469,41.213558197021484,2166400
2011-02-10,52.2400016784668,53.0099983215332,51.88999938964844,52.84000015258789,42.016685485839844,1728900
2011-02-11,53.11000061035156,54.04999923706055,52.59000015258789,54.0,42.93906021118164,1506700
2011-02-14,53.970001220703125,54.119998931884766,53.13999938964844,53.79999923706055,42.780029296875,1403000
2011-02-15,53.63999938964844,54.279998779296875,53.38999938964844,53.619998931884766,42.636905670166016,2295100
2011-02-16,54.720001220703125,56.560001373291016,54.529998779296875,55.939998626708984,44.48169708251953,3135600
2011-02-17,55.81999969482422,57.20000076293945,55.45000076293945,56.77000045776367,45.14169692993164,2091500
2011-02-18,57.060001373291016,57.060001373291016,55.7400016784668,56.650001525878906,45.04624938964844,1425200
2011-02-22,56.0099983215332,56.29999923706055,53.36000061035156,53.650001525878906,42.6607666015625,1616800
2011-02-23,53.689998626708984,53.779998779296875,51.380001068115234,52.93000030517578,42.088233947753906,1684400
2011-02-24,53.0099983215332,53.560001373291016,51.279998779296875,52.83000183105469,42.00872039794922,1440500
2011-02-25,53.0099983215332,54.06999969482422,52.97999954223633,53.93000030517578,42.88341522216797,1053600
2011-02-28,54.63999938964844,54.93000030517578,54.0,54.779998779296875,43.559295654296875,1731400
2011-03-01,55.04999923706055,55.13999938964844,53.09000015258789,53.650001525878906,42.6607666015625,1366000
2011-03-02,53.29999923706055,54.06999969482422,52.560001373291016,53.470001220703125,42.51762771606445,1200000
2011-03-03,54.060001373291016,56.369998931884766,54.060001373291016,55.720001220703125,44.30674743652344,1463100
2011-03-04,55.900001525878906,56.029998779296875,54.439998626708984,55.40999984741211,44.06026077270508,833200
2011-03-07,56.119998931884766,56.119998931884766,53.869998931884766,54.189998626708984,43.090152740478516,1034400
2011-03-08,54.310001373291016,55.540000915527344,53.5,55.0,43.73423767089844,1244500
2011-03-09,54.959999084472656,55.09000015258789,53.310001373291016,53.470001220703125,42.51762771606445,1472000
2011-03-10,52.599998474121094,52.599998474121094,51.0,51.189998626708984,40.70464324951172,1911600
2011-03-11,50.7400016784668,51.70000076293945,49.869998931884766,51.2599983215332,40.76030349731445,1601000
2011-03-14,50.86000061035156,51.970001220703125,50.40999984741211,51.209999084472656,40.72053909301758,1171200
2011-03-15,49.22999954223633,50.7599983215332,48.52000045776367,50.18000030517578,39.901527404785156,2262000
2011-03-16,49.81999969482422,51.150001525878906,49.13999938964844,49.75,39.55959701538086,1184800
2011-03-17,51.18000030517578,51.290000915527344,50.380001068115234,50.91999816894531,40.48995590209961,1125300
2011-03-18,51.72999954223633,52.31999969482422,51.2400016784668,51.33000183105469,40.81597900390625,1416800
2011-03-21,52.220001220703125,52.709999084472656,51.970001220703125,52.470001220703125,41.72243881225586,1096900
2011-03-22,52.63999938964844,52.7400016784668,51.810001373291016,52.41999816894531,41.682708740234375,869700
2011-03-23,52.41999816894531,53.2599983215332,52.209999084472656,53.06999969482422,42.199562072753906,825400
2011-03-24,53.540000915527344,53.95000076293945,52.65999984741211,53.90999984741211,42.86750411987305,705000
2011-03-25,53.9900016784668,54.720001220703125,53.5099983215332,54.38999938964844,43.249183654785156,1235700
2011-03-28,54.5099983215332,54.9900016784668,54.20000076293945,54.2400016784668,43.129913330078125,997200
2011-03-29,54.11000061035156,54.18000030517578,53.380001068115234,53.779998779296875,42.764137268066406,780100
2011-03-30,54.09000015258789,54.380001068115234,53.58000183105469,54.150001525878906,43.058349609375,880700
2011-03-31,54.5099983215332,56.029998779296875,54.5099983215332,54.970001220703125,43.71037673950195,1743600
2011-04-01,55.869998931884766,55.869998931884766,54.7599983215332,54.95000076293945,43.694488525390625,1538100
2011-04-04,55.060001373291016,55.31999969482422,54.7400016784668,55.11000061035156,43.82171630859375,877300
2011-04-05,55.0,55.18000030517578,54.27000045776367,54.33000183105469,43.201473236083984,1063100
2011-04-06,54.70000076293945,54.779998779296875,53.380001068115234,53.88999938964844,42.851585388183594,839600
2011-04-07,53.900001525878906,54.849998474121094,53.689998626708984,53.83000183105469,42.80389404296875,1088400
2011-04-08,54.130001068115234,54.459999084472656,52.58000183105469,53.0099983215332,42.151832580566406,899800
2011-04-11,53.310001373291016,53.529998779296875,52.040000915527344,52.36000061035156,41.634986877441406,899600
2011-04-12,51.90999984741211,52.029998779296875,50.56999969482422,50.880001068115234,40.45814895629883,1072500
2011-04-13,51.25,51.599998474121094,50.029998779296875,50.400001525878906,40.076473236083984,1407000
2011-04-14,50.09000015258789,51.90999984741211,49.91999816894531,51.43000030517578,40.895484924316406,2265900
2011-04-15,51.61000061035156,52.0,50.79999923706055,51.91999816894531,41.285118103027344,1488400
2011-04-18,51.0,51.2400016784668,49.45000076293945,50.310001373291016,40.00490188598633,1291000
2011-04-19,50.470001220703125,51.91999816894531,50.470001220703125,51.81999969482422,41.205589294433594,901100
2011-04-20,52.790000915527344,53.689998626708984,52.380001068115234,53.5,42.54147720336914,1503200
2011-04-21,53.66999816894531,54.36000061035156,53.29999923706055,54.31999969482422,43.193511962890625,1998100
2011-04-25,54.060001373291016,55.15999984741211,54.02000045776367,54.90999984741211,43.66267013549805,1316000
2011-04-26,59.7400016784668,59.810001373291016,56.529998779296875,57.0,45.32456588745117,4202700
2011-04-27,57.65999984741211,57.81999969482422,55.20000076293945,57.7400016784668,45.912994384765625,2205900
2011-04-28,57.70000076293945,58.209999084472656,56.5,56.97999954223633,45.308658599853516,1134400
2011-04-29,57.2599983215332,57.900001525878906,57.15999984741211,57.58000183105469,45.78578186035156,1336400
2011-05-02,57.93000030517578,59.220001220703125,57.79999923706055,58.130001068115234,46.223106384277344,1570800
2011-05-03,57.90999984741211,57.95000076293945,56.04999923706055,56.22999954223633,44.71229553222656,1502300
2011-05-04,56.33000183105469,56.41999816894531,54.0099983215332,54.68000030517578,43.47977066040039,1419400
2011-05-05,54.06999969482422,55.029998779296875,53.5,54.279998779296875,43.16170883178711,1026300
2011-05-06,55.380001068115234,56.0,54.58000183105469,54.93000030517578,43.678565979003906,1198900
2011-05-09,54.97999954223633,56.04999923706055,54.650001525878906,55.56999969482422,44.1875,834400
2011-05-10,55.86000061035156,56.45000076293945,55.619998931884766,56.220001220703125,44.704349517822266,819400
2011-05-11,56.2599983215332,56.5,54.0099983215332,54.290000915527344,43.169677734375,1064500
2011-05-12,54.2400016784668,54.439998626708984,51.959999084472656,52.11000061035156,41.43620681762695,2413200
2011-05-13,52.2400016784668,52.68000030517578,50.79999923706055,50.9900016784668,40.545616149902344,1848200
2011-05-16,50.72999954223633,51.959999084472656,50.349998474121094,50.7400016784668,40.34682846069336,1167800
2011-05-17,50.38999938964844,50.38999938964844,48.5099983215332,49.619998931884766,39.45622253417969,2154100
2011-05-18,49.58000183105469,51.45000076293945,48.810001373291016,51.31999969482422,40.808006286621094,1932000
2011-05-19,51.65999984741211,52.08000183105469,50.63999938964844,51.06999969482422,40.60921096801758,1314000
2011-05-20,50.79999923706055,50.810001373291016,49.56999969482422,50.02000045776367,39.774295806884766,963000
2011-05-23,49.310001373291016,49.310001373291016,47.790000915527344,47.83000183105469,38.03288269042969,1946500
2011-05-24,48.29999923706055,48.75,47.5,48.209999084472656,38.33504867553711,1551900
2011-05-25,47.939998626708984,49.95000076293945,47.68000030517578,49.5,39.360809326171875,1813500
2011-05-26,50.36000061035156,51.349998474121094,49.81999969482422,50.790000915527344,40.38658142089844,1859700
2011-05-27,50.9900016784668,51.77000045776367,50.81999969482422,51.4900016784668,40.943199157714844,906600
2011-05-31,52.33000183105469,52.400001525878906,50.95000076293945,51.66999816894531,41.086307525634766,1103000
2011-06-01,51.41999816894531,51.599998474121094,48.869998931884766,49.040000915527344,38.99502944946289,1834000
2011-06-02,49.20000076293945,50.869998931884766,49.18000030517578,50.4900016784668,40.14802169799805,1223200
2011-06-03,49.5099983215332,50.40999984741211,49.0099983215332,49.220001220703125,39.138153076171875,1198100
2011-06-06,49.209999084472656,49.560001373291016,48.5,48.72999954223633,38.74853515625,1010600
2011-06-07,49.02000045776367,49.150001525878906,47.95000076293945,48.20000076293945,38.32709503173828,1021400
2011-06-08,48.09000015258789,48.31999969482422,46.88999938964844,47.04999923706055,37.412654876708984,1377100
2011-06-09,47.18000030517578,48.59000015258789,47.18000030517578,48.2400016784668,38.358890533447266,2164900
2011-06-10,47.9900016784668,48.0099983215332,46.84000015258789,47.369998931884766,37.66709518432617,1284700
2011-06-13,47.58000183105469,47.88999938964844,46.2400016784668,46.7400016784668,37.166141510009766,1102300
2011-06-14,47.380001068115234,47.970001220703125,47.02000045776367,47.43000030517578,37.714820861816406,1032900
2011-06-15,46.84000015258789,47.599998474121094,46.20000076293945,46.36000061035156,36.86399459838867,1364500
2011-06-16,46.31999969482422,47.20000076293945,44.560001373291016,45.310001373291016,36.029056549072266,1778300
2011-06-17,45.970001220703125,46.33000183105469,45.06999969482422,45.36000061035156,36.068809509277344,1649700
2011-06-20,45.099998474121094,46.08000183105469,44.88999938964844,45.97999954223633,36.561824798583984,969000
2011-06-21,46.2599983215332,47.54999923706055,46.11000061035156,47.20000076293945,37.53190994262695,1475200
2011-06-22,47.0,48.5,47.0,47.43000030517578,37.714820861816406,1387600
2011-06-23,46.61000061035156,46.61000061035156,45.290000915527344,46.349998474121094,36.85602569580078,1987700
2011-06-24,46.5,46.810001373291016,45.70000076293945,45.7599983215332,36.38688278198242,983500
2011-06-27,45.779998779296875,46.91999816894531,45.220001220703125,46.54999923706055,37.01506805419922,1078500
2011-06-28,46.7400016784668,47.45000076293945,46.61000061035156,47.41999816894531,37.70685958862305,907300
2011-06-29,47.779998779296875,49.220001220703125,47.58000183105469,48.849998474121094,38.84394454956055,1531600
2011-06-30,48.41999816894531,49.52000045776367,48.0,49.36000061035156,39.2495002746582,1752900
2011-07-01,49.529998779296875,50.5099983215332,48.779998779296875,50.310001373291016,40.00490188598633,1116500
2011-07-05,50.060001373291016,50.459999084472656,49.47999954223633,50.06999969482422,39.81407165527344,1122900
2011-07-06,49.779998779296875,50.130001068115234,48.88999938964844,50.130001068115234,39.86176300048828,1520500
2011-07-07,50.86000061035156,51.540000915527344,50.56999969482422,51.380001068115234,40.85572814941406,1691700
2011-07-08,50.560001373291016,52.97999954223633,50.18000030517578,52.880001068115234,42.0484733581543,2763200
2011-07-11,51.95000076293945,52.029998779296875,50.0099983215332,50.29999923706055,39.9969482421875,2099200
2011-07-12,49.599998474121094,50.189998626708984,48.560001373291016,49.18000030517578,39.106353759765625,2434800
2011-07-13,49.41999816894531,50.54999923706055,49.380001068115234,50.119998931884766,39.85381317138672,2017000
2011-07-14,50.38999938964844,50.790000915527344,48.45000076293945,48.72999954223633,38.74853515625,1603500
2011-07-15,49.060001373291016,49.16999816894531,47.90999984741211,48.380001068115234,38.47023391723633,1623100
2011-07-18,48.209999084472656,48.209999084472656,46.70000076293945,47.150001525878906,37.49216079711914,1617300
2011-07-19,48.61000061035156,48.790000915527344,47.560001373291016,48.13999938964844,38.279388427734375,1617600
2011-07-20,48.52000045776367,48.7400016784668,47.400001525878906,47.88999938964844,38.08059310913086,1327600
2011-07-21,47.970001220703125,48.900001525878906,47.470001220703125,48.83000183105469,38.82804489135742,1395600
2011-07-22,48.56999969482422,48.9900016784668,47.720001220703125,48.939998626708984,38.9155158996582,1545400
2011-07-25,48.400001525878906,51.369998931884766,48.400001525878906,50.84000015258789,40.426353454589844,2834400
2011-07-26,51.029998779296875,51.060001373291016,50.060001373291016,51.060001373291016,40.601261138916016,1941700
2011-07-27,50.75,51.5099983215332,49.15999984741211,49.529998779296875,39.38467788696289,2743800
2011-07-28,50.209999084472656,50.59000015258789,46.11000061035156,46.349998474121094,36.85602569580078,3395100
2011-07-29,45.439998626708984,48.25,45.439998626708984,47.41999816894531,37.70685958862305,2112800
2011-08-01,48.47999954223633,48.83000183105469,46.849998474121094,47.47999954223633,37.75456237792969,1799300
2011-08-02,46.9900016784668,47.58000183105469,44.58000183105469,44.61000061035156,35.47244644165039,2188900
2011-08-03,44.70000076293945,45.209999084472656,43.130001068115234,44.43000030517578,35.329315185546875,2259500
2011-08-04,43.61000061035156,43.7599983215332,40.75,40.7599983215332,32.411041259765625,3502600
2011-08-05,41.56999969482422,41.75,38.619998931884766,39.7400016784668,31.59998321533203,3621800
2011-08-08,37.709999084472656,38.5,35.59000015258789,35.79999923706055,28.467008590698242,2320300
2011-08-09,36.849998474121094,39.43000030517578,36.150001525878906,39.43000030517578,31.353469848632812,2870100
2011-08-10,38.25,38.630001068115234,36.11000061035156,36.15999984741211,28.753276824951172,3491300
2011-08-11,36.91999816894531,39.79999923706055,36.869998931884766,39.119998931884766,31.106971740722656,2770700
2011-08-12,39.560001373291016,40.75,39.47999954223633,40.25,32.00551223754883,1981600
2011-08-15,40.650001525878906,41.13999938964844,40.16999816894531,40.84000015258789,32.47465515136719,854500
2011-08-16,40.36000061035156,41.13999938964844,40.04999923706055,40.5099983215332,32.21225357055664,2155200
2011-08-17,40.47999954223633,40.7599983215332,38.91999816894531,39.20000076293945,31.170568466186523,1188600
2011-08-18,37.54999923706055,37.59000015258789,35.959999084472656,36.290000915527344,28.856639862060547,1561100
2011-08-19,35.56999969482422,37.380001068115234,35.09000015258789,35.13999938964844,27.942197799682617,1543800
2011-08-22,36.36000061035156,36.5099983215332,35.13999938964844,35.31999969482422,28.0853328704834,1637900
2011-08-23,35.540000915527344,37.47999954223633,35.220001220703125,37.47999954223633,29.802888870239258,1547500
2011-08-24,37.349998474121094,38.65999984741211,36.83000183105469,38.400001525878906,30.534439086914062,1769300
2011-08-25,38.709999084472656,39.060001373291016,37.150001525878906,37.43000030517578,29.763126373291016,1309800
2011-08-26,36.88999938964844,38.93000030517578,36.11000061035156,38.93000030517578,30.95589256286621,1095900
2011-08-29,39.84000015258789,41.93000030517578,39.84000015258789,41.90999984741211,33.32549285888672,1890200
2011-08-30,41.72999954223633,43.41999816894531,41.459999084472656,43.0,34.19221878051758,2207200
2011-08-31,43.40999984741211,44.41999816894531,42.20000076293945,42.84000015258789,34.064979553222656,2141000
2011-09-01,42.7599983215332,43.9900016784668,42.119998931884766,42.41999816894531,33.73101806640625,1486700
2011-09-02,40.869998931884766,41.88999938964844,40.349998474121094,41.36000061035156,32.888160705566406,1784300
2011-09-06,39.41999816894531,41.79999923706055,39.41999816894531,41.61000061035156,33.08693313598633,1847900
2011-09-07,42.459999084472656,43.529998779296875,41.97999954223633,43.36000061035156,34.47849655151367,1139400
2011-09-08,42.79999923706055,43.58000183105469,41.959999084472656,42.59000015258789,33.86619186401367,1314100
2011-09-09,41.849998474121094,41.959999084472656,39.810001373291016,40.9900016784668,32.59392547607422,2237700
2011-09-12,40.150001525878906,40.97999954223633,38.5099983215332,39.75,31.607919692993164,2834400
2011-09-13,40.0,42.38999938964844,39.52000045776367,42.2599983215332,33.60380172729492,2164100
2011-09-14,43.09000015258789,44.599998474121094,41.369998931884766,44.15999984741211,35.11460876464844,2517900
2011-09-15,45.34000015258789,45.34000015258789,43.220001220703125,43.86000061035156,34.87605667114258,1914600
2011-09-16,43.880001068115234,44.2400016784668,43.02000045776367,43.689998626708984,34.740882873535156,1624900
2011-09-19,42.4900016784668,42.75,41.52000045776367,42.29999923706055,33.63560485839844,2150600
2011-09-20,42.529998779296875,42.79999923706055,41.27000045776367,41.470001220703125,32.975616455078125,1844800
2011-09-21,41.369998931884766,41.45000076293945,39.470001220703125,39.470001220703125,31.38527488708496,1337500
2011-09-22,38.119998931884766,38.2400016784668,35.380001068115234,36.029998779296875,28.649898529052734,3267900
2011-09-23,35.83000183105469,37.63999938964844,35.720001220703125,37.61000061035156,29.9062557220459,2044500
2011-09-26,38.040000915527344,38.25,36.290000915527344,38.130001068115234,30.319744110107422,2023600
2011-09-27,39.56999969482422,40.34000015258789,38.470001220703125,38.86000061035156,30.90023422241211,1575700
2011-09-28,38.9900016784668,39.56999969482422,36.75,36.81999969482422,29.278078079223633,2546300
2011-09-29,38.0,38.04999923706055,34.68000030517578,36.02000045776367,28.641944885253906,3673800
2011-09-30,35.189998626708984,35.47999954223633,33.29999923706055,34.56999969482422,27.488964080810547,2775700
2011-10-03,34.119998931884766,34.33000183105469,32.279998779296875,32.38999938964844,25.755489349365234,2283300
2011-10-04,31.6299991607666,32.45000076293945,30.110000610351562,32.38999938964844,25.755489349365234,3600000
2011-10-05,32.599998474121094,34.290000915527344,32.099998474121094,34.060001373291016,27.083412170410156,2405100
2011-10-06,34.0,35.13999938964844,33.65999984741211,35.11000061035156,27.918344497680664,1883700
2011-10-07,35.439998626708984,35.9900016784668,34.630001068115234,34.900001525878906,27.751365661621094,2351500
2011-10-10,35.619998931884766,36.84000015258789,35.40999984741211,36.5,29.02362823486328,1682400
2011-10-11,36.02000045776367,38.16999816894531,35.93000030517578,37.88999938964844,30.128910064697266,1500900
2011-10-12,38.369998931884766,39.45000076293945,37.790000915527344,38.470001220703125,30.590110778808594,2095600
2011-10-13,38.130001068115234,38.400001525878906,37.11000061035156,37.599998474121094,29.898319244384766,2539300
2011-10-14,38.5,39.86000061035156,38.31999969482422,39.630001068115234,31.512508392333984,1787200
2011-10-17,39.27000045776367,39.43000030517578,36.849998474121094,36.9900016784668,29.413259506225586,1993000
2011-10-18,36.91999816894531,39.16999816894531,36.40999984741211,38.779998779296875,30.83660888671875,1716800
2011-10-19,38.779998779296875,39.47999954223633,38.150001525878906,38.310001373291016,30.46289825439453,1807800
2011-10-20,38.310001373291016,38.91999816894531,37.29999923706055,38.810001373291016,30.860464096069336,1351600
2011-10-21,39.7599983215332,40.619998931884766,39.220001220703125,40.0,31.806705474853516,1094400
2011-10-24,40.380001068115234,41.79999923706055,40.380001068115234,41.59000015258789,33.071022033691406,1330700
2011-10-25,41.22999954223633,42.279998779296875,40.0,40.959999084472656,32.57007598876953,1674300
2011-10-26,41.599998474121094,43.54999923706055,41.22999954223633,43.119998931884766,34.28764724731445,2845400
2011-10-27,44.5099983215332,46.349998474121094,44.5099983215332,45.220001220703125,35.957496643066406,2363900
2011-10-28,45.130001068115234,46.22999954223633,44.939998626708984,45.22999954223633,35.965450286865234,1912900
2011-10-31,44.65999984741211,44.88999938964844,43.61000061035156,43.83000183105469,34.852203369140625,1771500
2011-11-01,41.810001373291016,43.56999969482422,40.7400016784668,42.93000030517578,34.13654327392578,2432400
2011-11-02,43.540000915527344,44.22999954223633,42.83000183105469,44.04999923706055,35.02714157104492,1857300
2011-11-03,44.90999984741211,45.4900016784668,43.86000061035156,45.20000076293945,35.94157791137695,2035300
2011-11-04,44.540000915527344,46.41999816894531,43.95000076293945,46.2400016784668,36.7685661315918,1485000
2011-11-07,45.97999954223633,46.470001220703125,45.22999954223633,46.369998931884766,36.8719482421875,2151000
2011-11-08,46.72999954223633,47.060001373291016,45.81999969482422,46.81999969482422,37.229759216308594,1573300
2011-11-09,46.0,46.38999938964844,44.720001220703125,45.029998779296875,35.806396484375,2195300
2011-11-10,45.77000045776367,46.310001373291016,44.939998626708984,45.33000183105469,36.044952392578125,1723200
2011-11-11,45.93000030517578,47.33000183105469,45.81999969482422,46.40999984741211,36.903743743896484,1056600
2011-11-14,46.040000915527344,46.939998626708984,45.630001068115234,46.18000030517578,36.720848083496094,990900
2011-11-15,46.220001220703125,47.150001525878906,45.560001373291016,46.41999816894531,36.91168975830078,1320800
2011-11-16,45.939998626708984,47.56999969482422,45.709999084472656,46.54999923706055,37.01506805419922,2161500
2011-11-17,46.56999969482422,46.90999984741211,44.11000061035156,44.43000030517578,35.329315185546875,1703700
2011-11-18,44.849998474121094,45.040000915527344,43.91999816894531,44.56999969482422,35.44063186645508,2133800
2011-11-21,43.599998474121094,43.599998474121094,41.97999954223633,43.220001220703125,34.36715316772461,1641400
2011-11-22,43.33000183105469,43.58000183105469,41.79999923706055,42.15999984741211,33.524295806884766,2013400
2011-11-23,42.20000076293945,42.939998626708984,41.22999954223633,41.630001068115234,33.10284423828125,2117000
2011-11-25,41.470001220703125,42.02000045776367,41.06999969482422,41.290000915527344,32.832481384277344,629900
2011-11-28,42.869998931884766,43.970001220703125,42.869998931884766,43.77000045776367,34.80449676513672,1779000
2011-11-29,43.81999969482422,43.88999938964844,42.61000061035156,42.77000045776367,34.009334564208984,1441600
2011-11-30,45.099998474121094,46.029998779296875,44.88999938964844,45.75,36.378936767578125,1702600
2011-12-01,45.47999954223633,46.09000015258789,44.90999984741211,45.25,35.98134994506836,1227500
2011-12-02,45.970001220703125,46.459999084472656,45.06999969482422,45.20000076293945,35.94157791137695,1158200
2011-12-05,46.150001525878906,46.54999923706055,45.43000030517578,45.9900016784668,36.569766998291016,1387800
2011-12-06,46.209999084472656,46.29999923706055,45.439998626708984,45.93000030517578,36.52206802368164,1309500
2011-12-07,45.529998779296875,45.70000076293945,44.33000183105469,45.439998626708984,36.13241958618164,1507800
2011-12-08,45.02000045776367,46.060001373291016,43.349998474121094,43.4900016784668,34.58186340332031,1514900
2011-12-09,43.790000915527344,45.2599983215332,43.36000061035156,45.119998931884766,35.87797927856445,1241400
2011-12-12,44.369998931884766,44.38999938964844,42.369998931884766,43.38999938964844,34.5023307800293,1659700
2011-12-13,43.720001220703125,44.380001068115234,42.619998931884766,42.97999954223633,34.17631912231445,1790400
2011-12-14,42.459999084472656,42.650001525878906,40.56999969482422,41.41999816894531,32.93585968017578,1663900
2011-12-15,41.86000061035156,42.209999084472656,40.529998779296875,40.66999816894531,32.339481353759766,1875900
2011-12-16,40.97999954223633,42.529998779296875,40.04999923706055,40.310001373291016,32.05322265625,4152500
2011-12-19,40.43000030517578,40.779998779296875,39.95000076293945,40.31999969482422,32.06117248535156,2236500
2011-12-20,41.209999084472656,42.150001525878906,41.09000015258789,42.0099983215332,33.404998779296875,1259000
2011-12-21,41.72999954223633,41.939998626708984,40.47999954223633,41.52000045776367,33.015377044677734,1775500
2011-12-22,41.72999954223633,42.38999938964844,41.630001068115234,42.15999984741211,33.524295806884766,647000
2011-12-23,42.290000915527344,42.43000030517578,41.849998474121094,42.43000030517578,33.73897171020508,1105000
2011-12-27,42.47999954223633,42.939998626708984,42.15999984741211,42.5,33.79464340209961,664800
2011-12-28,42.40999984741211,42.7400016784668,41.93000030517578,41.970001220703125,33.373191833496094,1480400
2011-12-29,42.060001373291016,43.060001373291016,42.029998779296875,42.63999938964844,33.90596008300781,1220800
2011-12-30,42.63999938964844,43.31999969482422,42.5099983215332,42.970001220703125,34.168357849121094,680500
2012-01-03,44.13999938964844,44.97999954223633,43.9900016784668,44.22999954223633,35.17028045654297,1548400
2012-01-04,44.04999923706055,45.90999984741211,44.02000045776367,45.36000061035156,36.068809509277344,2232400
2012-01-05,45.56999969482422,46.88999938964844,45.150001525878906,46.84000015258789,37.245662689208984,4113500
2012-01-06,46.900001525878906,48.040000915527344,46.52000045776367,47.63999938964844,37.881813049316406,1832300
2012-01-09,47.83000183105469,49.0099983215332,47.7400016784668,48.900001525878906,38.88371276855469,1781900
2012-01-10,49.779998779296875,50.25,49.18000030517578,49.84000015258789,39.631160736083984,2030700
2012-01-11,49.619998931884766,50.20000076293945,49.41999816894531,50.0,39.758392333984375,1639800
2012-01-12,48.099998474121094,50.18000030517578,47.400001525878906,49.93000030517578,39.702735900878906,2333800
2012-01-13,49.529998779296875,49.880001068115234,48.68000030517578,49.619998931884766,39.45622253417969,1650300
2012-01-17,50.59000015258789,51.380001068115234,50.18000030517578,50.189998626708984,39.90947341918945,3390300
2012-01-18,50.0,50.81999969482422,49.540000915527344,50.7599983215332,40.36272048950195,1460600
2012-01-19,51.11000061035156,51.619998931884766,50.630001068115234,51.47999954223633,40.93524169921875,858900
2012-01-20,51.4900016784668,51.4900016784668,50.43000030517578,50.5099983215332,40.1639404296875,1268000
2012-01-23,50.720001220703125,51.849998474121094,50.619998931884766,51.5,40.95114517211914,1138000
2012-01-24,50.90999984741211,51.369998931884766,50.310001373291016,51.27000045776367,40.768245697021484,1131200
2012-01-25,51.25,53.040000915527344,51.0,52.939998626708984,42.09619140625,1333900
2012-01-26,53.439998626708984,53.689998626708984,52.119998931884766,52.2400016784668,41.539581298828125,1238000
2012-01-27,52.02000045776367,52.95000076293945,51.970001220703125,52.59000015258789,41.81788635253906,856600
2012-01-30,51.93000030517578,51.93000030517578,51.119998931884766,51.65999984741211,41.0783805847168,1838700
2012-01-31,52.150001525878906,52.41999816894531,50.119998931884766,50.93000030517578,40.497894287109375,1874700
2012-02-01,51.650001525878906,51.900001525878906,51.060001373291016,51.540000915527344,40.98295593261719,1621000
2012-02-02,51.84000015258789,52.06999969482422,51.36000061035156,51.470001220703125,40.92729949951172,1278800
2012-02-03,52.15999984741211,53.5,52.15999984741211,52.84000015258789,42.016685485839844,1254500
2012-02-06,52.689998626708984,53.79999923706055,52.439998626708984,53.72999954223633,42.72437286376953,1460800
2012-02-07,53.400001525878906,53.70000076293945,51.0099983215332,52.439998626708984,41.698604583740234,2492400
2012-02-08,52.779998779296875,53.54999923706055,52.75,53.209999084472656,42.310874938964844,1199400
2012-02-09,53.5099983215332,53.560001373291016,52.52000045776367,52.689998626708984,41.89738845825195,1351000
2012-02-10,51.93000030517578,51.93000030517578,50.56999969482422,51.2599983215332,40.76030349731445,1378400
2012-02-13,51.880001068115234,52.84000015258789,51.38999938964844,52.81999969482422,42.00076675415039,1527900
2012-02-14,52.31999969482422,53.09000015258789,51.720001220703125,52.40999984741211,41.67475509643555,1388900
2012-02-15,52.540000915527344,52.540000915527344,50.630001068115234,51.060001373291016,40.601261138916016,1914100
2012-02-16,51.060001373291016,51.529998779296875,50.59000015258789,51.20000076293945,40.71259307861328,1514500
2012-02-17,51.63999938964844,51.810001373291016,50.95000076293945,51.369998931884766,40.847774505615234,1032000
2012-02-21,51.5099983215332,53.56999969482422,51.40999984741211,53.5,42.54147720336914,1653900
2012-02-22,53.16999816894531,54.0,52.540000915527344,52.66999816894531,41.881500244140625,1519900
2012-02-23,52.560001373291016,52.709999084472656,50.86000061035156,52.25,41.54752731323242,1315400
2012-02-24,52.59000015258789,53.38999938964844,52.47999954223633,52.66999816894531,41.881500244140625,1237200
2012-02-27,52.38999938964844,52.47999954223633,51.439998626708984,51.86000061035156,41.23741149902344,1050100
2012-02-28,51.90999984741211,52.7400016784668,51.77000045776367,52.40999984741211,41.67475509643555,1101300
2012-02-29,52.540000915527344,53.29999923706055,51.209999084472656,51.630001068115234,41.05451965332031,1439100
2012-03-01,51.540000915527344,52.36000061035156,51.5099983215332,51.97999954223633,41.332820892333984,702800
2012-03-02,51.72999954223633,51.75,50.119998931884766,50.43000030517578,40.10031509399414,1093200
2012-03-05,50.27000045776367,50.310001373291016,49.34000015258789,50.040000915527344,39.79019546508789,931500
2012-03-06,49.119998931884766,49.16999816894531,47.22999954223633,47.5,37.77046585083008,1370300
2012-03-07,47.630001068115234,48.83000183105469,47.619998931884766,48.72999954223633,38.74853515625,1467500
2012-03-08,49.119998931884766,49.31999969482422,48.369998931884766,49.16999816894531,39.09839630126953,981000
2012-03-09,49.16999816894531,49.869998931884766,48.91999816894531,49.189998626708984,39.11430740356445,618000
2012-03-12,49.369998931884766,49.779998779296875,48.61000061035156,48.86000061035156,38.85190963745117,830800
2012-03-13,49.34000015258789,50.9900016784668,49.290000915527344,50.97999954223633,40.53765869140625,803500
2012-03-14,50.9900016784668,50.9900016784668,50.029998779296875,50.31999969482422,40.012847900390625,788800
2012-03-15,50.439998626708984,51.27000045776367,50.119998931884766,51.2599983215332,40.76030349731445,1088800
2012-03-16,51.349998474121094,52.220001220703125,51.099998474121094,51.939998626708984,41.301021575927734,1157900
2012-03-19,52.02000045776367,52.369998931884766,51.52000045776367,51.77000045776367,41.16584014892578,960600
2012-03-20,51.18000030517578,51.22999954223633,49.52000045776367,49.79999923706055,39.599365234375,1477900
2012-03-21,49.939998626708984,49.939998626708984,48.810001373291016,49.150001525878906,39.0825080871582,1510500
2012-03-22,48.720001220703125,48.720001220703125,46.709999084472656,46.84000015258789,37.245662689208984,2108700
2012-03-23,47.040000915527344,49.04999923706055,46.54999923706055,48.59000015258789,38.637210845947266,1754800
2012-03-26,49.209999084472656,49.77000045776367,48.91999816894531,49.060001373291016,39.01093292236328,922000
2012-03-27,49.20000076293945,49.349998474121094,48.459999084472656,48.5099983215332,38.5736083984375,739200
2012-03-28,48.810001373291016,48.810001373291016,46.619998931884766,46.970001220703125,37.34903335571289,1141300
2012-03-29,46.54999923706055,47.04999923706055,46.099998474121094,46.81999969482422,37.229759216308594,1816000
2012-03-30,47.25,47.59000015258789,46.63999938964844,47.209999084472656,37.53987121582031,1170600
2012-04-02,47.25,48.220001220703125,46.7599983215332,47.63999938964844,37.881813049316406,1059800
2012-04-03,47.58000183105469,47.88999938964844,46.43000030517578,46.779998779296875,37.19795227050781,1274200
2012-04-04,46.119998931884766,46.56999969482422,45.790000915527344,45.959999084472656,36.5459098815918,1209600
2012-04-05,45.869998931884766,46.900001525878906,45.869998931884766,46.0099983215332,36.585670471191406,880800
2012-04-09,45.11000061035156,45.709999084472656,44.79999923706055,45.54999923706055,36.21989822387695,999500
2012-04-10,45.29999923706055,45.36000061035156,43.31999969482422,43.91999816894531,34.92378234863281,1392100
2012-04-11,44.84000015258789,44.93000030517578,43.68000030517578,43.75,34.78858947753906,1250000
2012-04-12,43.869998931884766,45.97999954223633,43.869998931884766,45.61000061035156,36.26759719848633,1475100
2012-04-13,45.31999969482422,45.72999954223633,44.72999954223633,44.88999938964844,35.69507598876953,936000
2012-04-16,45.220001220703125,45.709999084472656,44.279998779296875,44.66999816894531,35.5201416015625,1299100
2012-04-17,45.13999938964844,45.65999984741211,44.91999816894531,45.0099983215332,35.79051208496094,1124600
2012-04-18,44.849998474121094,45.290000915527344,44.619998931884766,44.84000015258789,35.655330657958984,936900
2012-04-19,44.81999969482422,45.369998931884766,44.15999984741211,44.7599983215332,35.59170150756836,1103200
2012-04-20,45.16999816894531,45.5,44.75,45.04999923706055,35.822322845458984,1109500
2012-04-23,44.2599983215332,45.18000030517578,44.040000915527344,44.880001068115234,35.68714141845703,1231000
2012-04-24,44.9900016784668,45.47999954223633,44.72999954223633,45.15999984741211,35.90978240966797,685600
2012-04-25,45.900001525878906,46.84000015258789,45.58000183105469,46.41999816894531,36.91168975830078,1658600
2012-04-26,46.20000076293945,46.869998931884766,45.7599983215332,46.7400016784668,37.166141510009766,1713500
2012-04-27,46.959999084472656,47.380001068115234,46.36000061035156,47.220001220703125,37.54783248901367,1359900
2012-04-30,47.06999969482422,47.06999969482422,45.869998931884766,46.56999969482422,37.03097915649414,1582400
2012-05-01,51.220001220703125,51.25,49.20000076293945,49.34000015258789,39.23358917236328,3071000
2012-05-02,49.06999969482422,49.16999816894531,48.130001068115234,49.040000915527344,38.99502944946289,2751600
2012-05-03,49.189998626708984,49.189998626708984,47.220001220703125,47.63999938964844,37.881813049316406,1526500
2012-05-04,47.06999969482422,47.189998626708984,46.13999938964844,46.290000915527344,36.808326721191406,1589300
2012-05-07,46.02000045776367,46.290000915527344,45.25,45.349998474121094,36.06086349487305,2212500
2012-05-08,44.81999969482422,45.529998779296875,43.72999954223633,45.36000061035156,36.068809509277344,2600600
2012-05-09,44.41999816894531,44.41999816894531,43.0099983215332,43.2400016784668,34.38306427001953,2871800
2012-05-10,43.7400016784668,44.04999923706055,43.060001373291016,43.16999816894531,34.32740020751953,1975200
2012-05-11,42.84000015258789,44.34000015258789,42.540000915527344,43.849998474121094,34.86810302734375,2024300
2012-05-14,43.279998779296875,43.290000915527344,42.279998779296875,42.77000045776367,34.009334564208984,1853700
2012-05-15,42.56999969482422,42.650001525878906,41.220001220703125,41.380001068115234,32.904052734375,1726400
2012-05-16,41.650001525878906,41.650001525878906,40.25,40.27000045776367,32.021400451660156,2108800
2012-05-17,40.540000915527344,40.630001068115234,38.689998626708984,38.75,30.812755584716797,3074200
2012-05-18,39.0,39.68000030517578,38.43000030517578,38.560001373291016,30.661678314208984,1738400
2012-05-21,38.7400016784668,40.34000015258789,38.7400016784668,40.22999954223633,31.98959732055664,1820200
2012-05-22,40.52000045776367,40.81999969482422,39.86000061035156,40.27000045776367,32.021400451660156,1490500
2012-05-23,39.95000076293945,41.38999938964844,39.4900016784668,41.220001220703125,32.77682113647461,1680800
2012-05-24,41.40999984741211,41.45000076293945,40.16999816894531,40.880001068115234,32.506465911865234,997600
2012-05-25,40.790000915527344,41.099998474121094,39.900001525878906,40.11000061035156,31.894180297851562,1062300
2012-05-29,40.70000076293945,42.349998474121094,40.400001525878906,41.65999984741211,33.1266975402832,1744300
2012-05-30,41.11000061035156,41.58000183105469,40.099998474121094,41.349998474121094,32.880191802978516,2138900
2012-05-31,41.2599983215332,41.2599983215332,39.75,40.209999084472656,31.973712921142578,1875800
2012-06-01,39.18000030517578,39.7400016784668,38.689998626708984,39.25,31.210330963134766,1928600
2012-06-04,39.34000015258789,39.709999084472656,38.09000015258789,38.900001525878906,30.932037353515625,1139500
2012-06-05,38.72999954223633,39.59000015258789,38.560001373291016,39.310001373291016,31.25804328918457,1492700
2012-06-06,39.61000061035156,40.88999938964844,39.61000061035156,40.810001373291016,32.4508056640625,991500
2012-06-07,41.61000061035156,41.900001525878906,40.130001068115234,40.220001220703125,31.981653213500977,1727300
2012-06-08,40.09000015258789,41.38999938964844,39.7599983215332,41.33000183105469,32.86428451538086,912000
2012-06-11,41.970001220703125,41.9900016784668,40.209999084472656,40.279998779296875,32.02937316894531,1418300
2012-06-12,40.66999816894531,41.349998474121094,40.02000045776367,41.31999969482422,32.85635757446289,1697100
2012-06-13,41.349998474121094,41.709999084472656,39.939998626708984,40.130001068115234,31.91010093688965,1063200
2012-06-14,40.099998474121094,41.06999969482422,39.779998779296875,40.939998626708984,32.55417251586914,1234400
2012-06-15,41.099998474121094,42.220001220703125,40.900001525878906,42.11000061035156,33.4845085144043,1443200
2012-06-18,41.68000030517578,42.15999984741211,41.0099983215332,41.91999816894531,33.33342742919922,1002200
2012-06-19,42.27000045776367,43.650001525878906,42.0,43.349998474121094,34.47053527832031,2038400
2012-06-20,43.34000015258789,43.34000015258789,42.130001068115234,42.439998626708984,33.746917724609375,1387900
2012-06-21,42.400001525878906,42.45000076293945,40.5,40.59000015258789,32.275856018066406,1108300
2012-06-22,40.95000076293945,41.2599983215332,40.310001373291016,40.630001068115234,32.30766677856445,1286800
2012-06-25,40.09000015258789,40.150001525878906,38.900001525878906,39.77000045776367,31.62382698059082,1749600
2012-06-26,39.970001220703125,41.459999084472656,39.849998474121094,41.29999923706055,32.84043502807617,1847000
2012-06-27,41.40999984741211,42.45000076293945,41.279998779296875,42.38999938964844,33.70716094970703,1428400
2012-06-28,41.959999084472656,43.310001373291016,41.66999816894531,43.2599983215332,34.398963928222656,1213400
2012-06-29,44.47999954223633,45.93000030517578,44.20000076293945,45.72999954223633,36.363033294677734,2173900
2012-07-02,45.88999938964844,46.0,44.04999923706055,44.5099983215332,35.392921447753906,1724700
2012-07-03,44.619998931884766,46.08000183105469,44.5,45.88999938964844,36.490257263183594,1103700
2012-07-05,45.61000061035156,46.31999969482422,45.06999969482422,45.81999969482422,36.4345817565918,1248200
2012-07-06,45.060001373291016,45.29999923706055,44.5,44.70000076293945,35.544010162353516,923800
2012-07-09,44.70000076293945,45.25,44.189998626708984,45.0099983215332,35.79051208496094,1165800
2012-07-10,45.470001220703125,46.060001373291016,43.34000015258789,43.70000076293945,34.74883270263672,1547500
2012-07-11,44.060001373291016,44.400001525878906,43.380001068115234,43.77000045776367,34.80449676513672,1787700
2012-07-12,43.279998779296875,43.790000915527344,42.36000061035156,43.47999954223633,34.57389831542969,1092300
2012-07-13,43.599998474121094,44.040000915527344,43.029998779296875,43.91999816894531,34.92378234863281,1540600
2012-07-16,43.619998931884766,43.68000030517578,41.97999954223633,43.0,34.19221878051758,1722900
2012-07-17,43.08000183105469,43.08000183105469,41.2599983215332,42.349998474121094,33.675357818603516,2423100
2012-07-18,42.18000030517578,43.2400016784668,41.91999816894531,43.08000183105469,34.25584030151367,1211000
2012-07-19,43.33000183105469,43.45000076293945,42.36000061035156,42.540000915527344,33.826438903808594,1344200
2012-07-20,42.029998779296875,42.709999084472656,41.619998931884766,42.34000015258789,33.66741180419922,1132300
2012-07-23,41.29999923706055,41.849998474121094,41.0,41.5,32.999473571777344,812200
2012-07-24,41.619998931884766,41.619998931884766,40.290000915527344,40.709999084472656,32.37129211425781,1120300
2012-07-25,41.130001068115234,41.63999938964844,40.439998626708984,40.97999954223633,32.58598327636719,1534000
2012-07-26,42.72999954223633,44.900001525878906,41.0,43.45000076293945,34.550052642822266,2437600
2012-07-27,43.900001525878906,45.83000183105469,43.720001220703125,45.459999084472656,36.14833068847656,1442200
2012-07-30,45.52000045776367,45.709999084472656,44.29999923706055,44.34000015258789,35.25774383544922,1384900
2012-07-31,44.34000015258789,44.90999984741211,43.7400016784668,43.84000015258789,34.86016082763672,1048700
2012-08-01,44.099998474121094,44.939998626708984,43.29999923706055,43.400001525878906,34.51028060913086,971100
2012-08-02,43.0099983215332,43.72999954223633,42.209999084472656,42.849998474121094,34.072940826416016,1254300
2012-08-03,43.9900016784668,44.75,43.65999984741211,44.40999984741211,35.313419342041016,791100
2012-08-06,44.59000015258789,45.209999084472656,44.470001220703125,44.630001068115234,35.48833084106445,637500
2012-08-07,44.93000030517578,46.2400016784668,44.810001373291016,45.86000061035156,36.466400146484375,946900
2012-08-08,45.529998779296875,46.33000183105469,45.439998626708984,45.75,36.378936767578125,850900
2012-08-09,45.59000015258789,45.880001068115234,45.040000915527344,45.09000015258789,35.854122161865234,901500
2012-08-10,44.939998626708984,45.36000061035156,44.439998626708984,45.2400016784668,35.973392486572266,1126100
2012-08-13,45.29999923706055,45.36000061035156,44.209999084472656,44.54999923706055,35.424739837646484,1155700
2012-08-14,44.880001068115234,45.130001068115234,44.36000061035156,44.4900016784668,35.377010345458984,1304900
2012-08-15,43.66999816894531,43.7400016784668,41.939998626708984,42.56999969482422,33.85029602050781,2897400
2012-08-16,42.9900016784668,43.91999816894531,42.83000183105469,43.790000915527344,34.82041549682617,1791700
2012-08-17,43.88999938964844,44.11000061035156,43.40999984741211,43.72999954223633,34.77268981933594,1500900
2012-08-20,43.709999084472656,44.119998931884766,43.33000183105469,44.0099983215332,34.995338439941406,1334100
2012-08-21,44.20000076293945,44.540000915527344,43.470001220703125,43.599998474121094,34.669307708740234,951300
2012-08-22,43.52000045776367,43.58000183105469,42.900001525878906,43.16999816894531,34.32740020751953,746500
2012-08-23,43.040000915527344,43.040000915527344,42.56999969482422,42.650001525878906,33.913902282714844,989500
2012-08-24,42.5099983215332,42.779998779296875,42.040000915527344,42.52000045776367,33.8105354309082,659600
2012-08-27,42.619998931884766,42.619998931884766,41.66999816894531,41.939998626708984,33.34934616088867,859400
2012-08-28,41.75,41.91999816894531,41.34000015258789,41.790000915527344,33.230064392089844,1152200
2012-08-29,41.7400016784668,42.2599983215332,41.279998779296875,42.11000061035156,33.4845085144043,604200
2012-08-30,41.72999954223633,42.34000015258789,41.59000015258789,42.16999816894531,33.5322265625,646700
2012-08-31,42.63999938964844,42.9900016784668,41.7599983215332,42.09000015258789,33.4686279296875,590700
2012-09-04,42.130001068115234,42.220001220703125,41.16999816894531,41.7599983215332,33.20622634887695,614300
2012-09-05,41.68000030517578,42.22999954223633,41.369998931884766,41.81999969482422,33.25391387939453,886500
2012-09-06,42.2400016784668,43.0099983215332,42.119998931884766,43.0,34.19221878051758,919600
2012-09-07,43.380001068115234,44.4900016784668,43.31999969482422,43.880001068115234,34.891971588134766,1207600
2012-09-10,43.54999923706055,43.7599983215332,43.099998474121094,43.459999084472656,34.5579948425293,880900
2012-09-11,43.65999984741211,44.40999984741211,43.400001525878906,44.34000015258789,35.25774383544922,1089300
2012-09-12,44.349998474121094,44.810001373291016,44.11000061035156,44.79999923706055,35.62351608276367,980200
2012-09-13,44.650001525878906,45.97999954223633,44.2400016784668,45.849998474121094,36.45845031738281,1692200
2012-09-14,46.209999084472656,47.689998626708984,46.029998779296875,47.15999984741211,37.50011444091797,1817500
2012-09-17,46.97999954223633,48.0,46.70000076293945,46.959999084472656,37.34108352661133,1347200
2012-09-18,46.959999084472656,47.619998931884766,46.7400016784668,47.02000045776367,37.38881301879883,1081900
2012-09-19,46.970001220703125,47.66999816894531,46.869998931884766,47.290000915527344,37.60348892211914,760000
2012-09-20,46.72999954223633,46.97999954223633,45.959999084472656,46.810001373291016,37.221805572509766,688700
2012-09-21,47.369998931884766,47.66999816894531,46.560001373291016,46.75,37.174110412597656,1153400
2012-09-24,46.459999084472656,47.47999954223633,46.400001525878906,47.029998779296875,37.39674377441406,682200
2012-09-25,47.0,47.380001068115234,46.31999969482422,46.349998474121094,36.85602569580078,1321500
2012-09-26,46.400001525878906,46.400001525878906,45.099998474121094,45.72999954223633,36.363033294677734,1309500
2012-09-27,46.11000061035156,47.0099983215332,45.959999084472656,46.91999816894531,37.309261322021484,1295300
2012-09-28,46.75,47.650001525878906,46.310001373291016,47.47999954223633,37.75456237792969,1543000
2012-10-01,47.47999954223633,47.970001220703125,46.68000030517578,46.79999923706055,37.2138557434082,1366500
2012-10-02,47.130001068115234,47.560001373291016,46.720001220703125,47.52000045776367,37.7863883972168,1311700
2012-10-03,47.540000915527344,47.540000915527344,46.529998779296875,46.91999816894531,37.309261322021484,751800
2012-10-04,47.2599983215332,48.15999984741211,46.900001525878906,47.97999954223633,38.152164459228516,920300
2012-10-05,48.400001525878906,48.720001220703125,47.43000030517578,47.619998931884766,37.86588668823242,773600
2012-10-08,47.33000183105469,48.029998779296875,46.810001373291016,48.0,38.16804885864258,736500
2012-10-09,47.97999954223633,48.189998626708984,47.09000015258789,47.130001068115234,37.476261138916016,1349200
2012-10-10,46.959999084472656,46.959999084472656,45.4900016784668,46.189998626708984,36.728797912597656,1945500
2012-10-11,46.79999923706055,47.18000030517578,46.560001373291016,46.900001525878906,37.29338836669922,940300
2012-10-12,46.81999969482422,47.119998931884766,46.20000076293945,46.689998626708984,37.12639617919922,816300
2012-10-15,47.02000045776367,47.150001525878906,46.43000030517578,47.11000061035156,37.46036148071289,629500
2012-10-16,47.54999923706055,48.31999969482422,47.150001525878906,48.29999923706055,38.4066047668457,909000
2012-10-17,48.5,49.540000915527344,48.150001525878906,49.4900016784668,39.35285568237305,1021800
2012-10-18,49.5,49.900001525878906,49.290000915527344,49.56999969482422,39.41647720336914,776400
2012-10-19,49.220001220703125,49.31999969482422,47.959999084472656,48.279998779296875,38.39069747924805,1012600
2012-10-22,47.81999969482422,48.849998474121094,47.7599983215332,48.619998931884766,38.66105270385742,688000
2012-10-23,47.86000061035156,48.15999984741211,47.2400016784668,47.880001068115234,38.07263946533203,671100
2012-10-24,48.130001068115234,48.150001525878906,47.18000030517578,47.36000061035156,37.659149169921875,651000
2012-10-25,47.779998779296875,47.84000015258789,47.130001068115234,47.41999816894531,37.70685958862305,1017000
2012-10-26,47.220001220703125,47.900001525878906,47.060001373291016,47.56999969482422,37.826141357421875,741400
2012-10-31,45.79999923706055,46.2599983215332,44.20000076293945,45.5099983215332,36.18808364868164,2857700
2012-11-01,45.7400016784668,47.09000015258789,44.79999923706055,46.97999954223633,37.35698699951172,2039700
2012-11-02,47.25,47.25,45.709999084472656,45.779998779296875,36.40279006958008,1234100
2012-11-05,45.65999984741211,46.130001068115234,45.5,45.939998626708984,36.53002166748047,1087300
2012-11-06,46.16999816894531,46.459999084472656,46.0,46.130001068115234,36.68109893798828,974900
2012-11-07,45.4900016784668,45.63999938964844,44.83000183105469,44.959999084472656,35.75075149536133,1466600
2012-11-08,44.79999923706055,44.91999816894531,44.04999923706055,44.27000045776367,35.20208740234375,1012700
2012-11-09,44.220001220703125,44.689998626708984,44.029998779296875,44.31999969482422,35.24184036254883,796500
2012-11-12,44.369998931884766,45.349998474121094,44.34000015258789,44.83000183105469,35.64738464355469,1073400
2012-11-13,44.45000076293945,45.58000183105469,44.0099983215332,44.790000915527344,35.615577697753906,1381000
2012-11-14,45.119998931884766,45.209999084472656,43.25,43.369998931884766,34.48642349243164,1542600
2012-11-15,43.279998779296875,43.77000045776367,42.47999954223633,43.20000076293945,34.35125732421875,2091600
2012-11-16,43.369998931884766,43.5,42.779998779296875,43.209999084472656,34.359222412109375,2166200
2012-11-19,43.7400016784668,44.810001373291016,43.63999938964844,44.4900016784668,35.377010345458984,1578300
2012-11-20,44.400001525878906,44.7599983215332,44.060001373291016,44.54999923706055,35.424739837646484,984800
2012-11-21,44.29999923706055,44.79999923706055,44.0,44.61000061035156,35.47244644165039,700800
2012-11-23,44.91999816894531,45.81999969482422,44.77000045776367,45.61000061035156,36.26759719848633,609800
2012-11-26,45.45000076293945,45.599998474121094,44.66999816894531,45.08000183105469,35.846168518066406,1025700
2012-11-27,45.02000045776367,45.900001525878906,44.75,45.45000076293945,36.14037322998047,948100
2012-11-28,45.36000061035156,46.150001525878906,45.029998779296875,46.130001068115234,36.68109893798828,1150100
2012-11-29,46.36000061035156,46.7599983215332,46.18000030517578,46.540000915527344,37.007118225097656,883600
2012-11-30,46.59000015258789,46.720001220703125,45.86000061035156,46.150001525878906,36.696998596191406,915000
2012-12-03,46.560001373291016,46.66999816894531,45.31999969482422,45.369998931884766,36.07677459716797,850400
2012-12-04,45.529998779296875,46.279998779296875,45.290000915527344,46.150001525878906,36.696998596191406,602400
2012-12-05,46.189998626708984,46.95000076293945,46.11000061035156,46.59000015258789,37.04685974121094,651100
2012-12-06,46.630001068115234,46.68000030517578,46.0099983215332,46.279998779296875,36.80037307739258,1041500
2012-12-07,46.38999938964844,46.79999923706055,46.279998779296875,46.599998474121094,37.0548210144043,920600
2012-12-10,46.40999984741211,46.720001220703125,46.099998474121094,46.470001220703125,36.951446533203125,1338400
2012-12-11,46.439998626708984,48.4900016784668,45.880001068115234,48.09000015258789,38.2396354675293,2284000
2012-12-12,48.400001525878906,49.58000183105469,48.25,49.16999816894531,39.09839630126953,1501400
2012-12-13,48.900001525878906,49.25,48.4900016784668,48.88999938964844,38.87575912475586,1733700
2012-12-14,48.70000076293945,49.43000030517578,48.65999984741211,48.79999923706055,38.8041877746582,932700
2012-12-17,49.099998474121094,49.31999969482422,48.91999816894531,49.150001525878906,39.0825080871582,867300
2012-12-18,49.13999938964844,49.849998474121094,49.09000015258789,49.40999984741211,39.28924560546875,963800
2012-12-19,49.5099983215332,49.689998626708984,48.869998931884766,48.880001068115234,38.8678092956543,821600
2012-12-20,48.869998931884766,49.33000183105469,48.61000061035156,49.16999816894531,39.09839630126953,995100
2012-12-21,48.380001068115234,48.75,48.02000045776367,48.68000030517578,38.708770751953125,1192700
2012-12-24,48.47999954223633,48.810001373291016,48.09000015258789,48.61000061035156,38.653106689453125,201000
2012-12-26,48.59000015258789,49.2400016784668,48.52000045776367,48.61000061035156,38.653106689453125,379600
2012-12-27,48.66999816894531,48.93000030517578,48.18000030517578,48.779998779296875,38.78828430175781,798900
2012-12-28,48.31999969482422,48.369998931884766,47.939998626708984,48.06999969482422,38.22372055053711,531900
2012-12-31,47.849998474121094,49.15999984741211,47.720001220703125,49.119998931884766,39.058658599853516,645400
2013-01-02,50.439998626708984,50.599998474121094,49.61000061035156,50.189998626708984,39.90947341918945,1064900
2013-01-03,50.15999984741211,50.70000076293945,50.029998779296875,50.369998931884766,40.0526123046875,1001100
2013-01-04,50.54999923706055,50.959999084472656,50.279998779296875,50.779998779296875,40.37862777709961,593500
2013-01-07,50.5099983215332,50.81999969482422,50.040000915527344,50.349998474121094,40.03670883178711,930700
2013-01-08,50.36000061035156,50.65999984741211,49.959999084472656,50.189998626708984,39.90947341918945,810000
2013-01-09,50.540000915527344,50.95000076293945,50.209999084472656,50.900001525878906,40.47404479980469,665400
2013-01-10,51.11000061035156,51.22999954223633,50.619998931884766,50.9900016784668,40.545616149902344,600600
2013-01-11,50.88999938964844,51.220001220703125,50.72999954223633,51.06999969482422,40.60921096801758,497500
2013-01-14,51.0099983215332,51.189998626708984,50.59000015258789,51.0,40.55356216430664,415400
2013-01-15,50.689998626708984,51.58000183105469,50.619998931884766,51.400001525878906,40.87162780761719,553100
2013-01-16,51.310001373291016,51.599998474121094,51.150001525878906,51.18000030517578,40.696678161621094,503700
2013-01-17,51.349998474121094,51.869998931884766,51.29999923706055,51.86000061035156,41.23741149902344,597300
2013-01-18,52.09000015258789,52.09000015258789,51.5099983215332,51.66999816894531,41.086307525634766,567700
2013-01-22,51.61000061035156,52.349998474121094,51.459999084472656,52.130001068115234,41.45210647583008,1127000
2013-01-23,52.0,52.04999923706055,51.5,51.84000015258789,41.22150421142578,727600
2013-01-24,51.81999969482422,52.400001525878906,51.72999954223633,52.16999816894531,41.48390197753906,695700
2013-01-25,52.439998626708984,53.650001525878906,52.310001373291016,53.540000915527344,42.57328414916992,1102900
2013-01-28,53.91999816894531,54.22999954223633,53.45000076293945,54.18000030517578,43.08219528198242,1061700
2013-01-29,54.08000183105469,54.41999816894531,53.869998931884766,53.9900016784668,42.931114196777344,1283600
2013-01-30,54.040000915527344,54.22999954223633,53.540000915527344,53.599998474121094,42.621002197265625,790100
2013-01-31,53.439998626708984,54.0,52.849998474121094,53.0,42.14388656616211,1489500
2013-02-01,53.439998626708984,53.88999938964844,52.709999084472656,52.880001068115234,42.0484733581543,1955800
2013-02-04,52.38999938964844,52.77000045776367,51.81999969482422,52.5,41.74632263183594,2043500
2013-02-05,53.43000030517578,54.34000015258789,52.20000076293945,53.540000915527344,42.57328414916992,2105700
2013-02-06,53.38999938964844,54.54999923706055,53.029998779296875,54.400001525878906,43.25714111328125,1651800
2013-02-07,54.349998474121094,54.459999084472656,53.36000061035156,53.47999954223633,42.52558517456055,1223600
2013-02-08,53.5,54.65999984741211,53.459999084472656,54.439998626708984,43.2889404296875,929700
2013-02-11,54.29999923706055,54.939998626708984,54.0099983215332,54.869998931884766,43.630859375,920400
2013-02-12,54.79999923706055,55.040000915527344,54.220001220703125,54.61000061035156,43.42411422729492,938100
2013-02-13,54.81999969482422,55.02000045776367,53.43000030517578,53.810001373291016,42.866477966308594,1525100
2013-02-14,53.61000061035156,54.29999923706055,53.470001220703125,53.79999923706055,42.8585090637207,1107200
2013-02-15,53.900001525878906,53.959999084472656,53.349998474121094,53.68000030517578,42.76292037963867,935800
2013-02-19,53.869998931884766,54.52000045776367,53.540000915527344,53.86000061035156,42.906307220458984,736300
2013-02-20,53.849998474121094,53.959999084472656,51.84000015258789,51.90999984741211,41.3529052734375,1571200
2013-02-21,51.77000045776367,51.869998931884766,50.2400016784668,50.4900016784668,40.221683502197266,1082300
2013-02-22,50.790000915527344,51.18000030517578,50.310001373291016,50.70000076293945,40.388973236083984,782200
2013-02-25,51.130001068115234,51.31999969482422,49.25,49.310001373291016,39.28165054321289,1455300
2013-02-26,49.52000045776367,50.36000061035156,49.060001373291016,50.150001525878906,39.9508171081543,1132400
2013-02-27,50.15999984741211,51.13999938964844,49.900001525878906,50.86000061035156,40.51643371582031,757800
2013-02-28,50.810001373291016,51.7400016784668,50.709999084472656,51.47999954223633,41.01033401489258,1085600
2013-03-01,51.11000061035156,51.5099983215332,50.20000076293945,51.2599983215332,40.83507537841797,1630400
2013-03-04,50.95000076293945,51.279998779296875,50.52000045776367,50.93000030517578,40.57218933105469,882900
2013-03-05,51.45000076293945,52.970001220703125,51.439998626708984,52.560001373291016,41.87069320678711,1127600
2013-03-06,52.90999984741211,52.970001220703125,52.43000030517578,52.599998474121094,41.90255355834961,1234300
2013-03-07,52.689998626708984,53.0,52.43000030517578,52.689998626708984,41.97425079345703,908800
2013-03-08,53.0099983215332,54.0099983215332,52.86000061035156,53.970001220703125,42.99394607543945,1076800
2013-03-11,53.810001373291016,54.52000045776367,53.540000915527344,54.52000045776367,43.432090759277344,919000
2013-03-12,54.52000045776367,54.52000045776367,53.900001525878906,54.150001525878906,43.1373405456543,496300
2013-03-13,54.150001525878906,54.369998931884766,53.83000183105469,54.27000045776367,43.23293685913086,778600
2013-03-14,54.58000183105469,55.150001525878906,54.45000076293945,55.119998931884766,43.910057067871094,451400
2013-03-15,54.91999816894531,55.02000045776367,54.31999969482422,54.84000015258789,43.687007904052734,1642500
2013-03-18,53.88999938964844,54.77000045776367,53.86000061035156,54.11000061035156,43.10547637939453,629200
2013-03-19,53.349998474121094,53.599998474121094,52.45000076293945,53.119998931884766,42.31679916381836,899100
2013-03-20,51.970001220703125,52.79999923706055,50.70000076293945,51.029998779296875,40.65185546875,2210700
2013-03-21,50.599998474121094,51.08000183105469,49.810001373291016,50.220001220703125,40.00658416748047,1066600
2013-03-22,50.5,51.5099983215332,50.5,50.77000045776367,40.44474792480469,880100
2013-03-25,51.33000183105469,51.400001525878906,50.220001220703125,50.56999969482422,40.28542709350586,1340200
2013-03-26,50.779998779296875,51.209999084472656,50.720001220703125,50.869998931884766,40.52439498901367,1131600
2013-03-27,50.540000915527344,51.439998626708984,50.349998474121094,51.25,40.82711410522461,1372700
2013-03-28,51.40999984741211,52.29999923706055,51.15999984741211,52.119998931884766,41.52018356323242,1943200
2013-04-01,52.209999084472656,52.290000915527344,51.380001068115234,51.83000183105469,41.289154052734375,1779700
2013-04-02,52.209999084472656,52.279998779296875,50.40999984741211,50.7599983215332,40.436763763427734,1868200
2013-04-03,50.849998474121094,51.16999816894531,49.93000030517578,50.18000030517578,39.97473907470703,2299200
2013-04-04,50.189998626708984,50.58000183105469,49.869998931884766,50.43000030517578,40.17388153076172,1826700
2013-04-05,49.63999938964844,50.7400016784668,49.34000015258789,50.70000076293945,40.388973236083984,1000400
2013-04-08,50.75,51.459999084472656,50.43000030517578,50.869998931884766,40.52439498901367,918400
2013-04-09,51.029998779296875,51.16999816894531,50.0,50.65999984741211,40.35710906982422,1225600
2013-04-10,50.709999084472656,51.290000915527344,50.400001525878906,51.20000076293945,40.78728103637695,849000
2013-04-11,51.20000076293945,51.650001525878906,50.86000061035156,51.630001068115234,41.12983703613281,949700
2013-04-12,51.20000076293945,51.529998779296875,50.63999938964844,50.91999816894531,40.56423568725586,879800
2013-04-15,50.560001373291016,50.59000015258789,48.0,48.02000045776367,38.254005432128906,1865600
2013-04-16,48.65999984741211,49.20000076293945,48.15999984741211,48.40999984741211,38.564693450927734,1156500
2013-04-17,48.04999923706055,48.209999084472656,47.290000915527344,48.060001373291016,38.28585433959961,1126400
2013-04-18,48.279998779296875,48.58000183105469,47.7599983215332,48.40999984741211,38.564693450927734,1048900
2013-04-19,48.61000061035156,49.310001373291016,48.189998626708984,49.099998474121094,39.11436462402344,861300
2013-04-22,49.27000045776367,49.77000045776367,48.59000015258789,49.599998474121094,39.512691497802734,754500
2013-04-23,49.86000061035156,50.380001068115234,49.4900016784668,50.2400016784668,40.022518157958984,931400
2013-04-24,50.31999969482422,50.900001525878906,50.27000045776367,50.790000915527344,40.46067428588867,826300
2013-04-25,51.13999938964844,51.779998779296875,50.81999969482422,51.13999938964844,40.739479064941406,989900
2013-04-26,51.18000030517578,51.18000030517578,50.2400016784668,50.66999816894531,40.365074157714844,635900
2013-04-29,50.84000015258789,51.689998626708984,50.70000076293945,51.25,40.82711410522461,1545600
2013-04-30,53.349998474121094,54.29999923706055,53.04999923706055,53.25,42.420379638671875,2491400
2013-05-01,53.209999084472656,53.209999084472656,51.66999816894531,51.810001373291016,41.27324295043945,1737800
2013-05-02,52.099998474121094,53.779998779296875,51.9900016784668,53.68000030517578,42.76292037963867,1018800
2013-05-03,54.38999938964844,54.900001525878906,54.040000915527344,54.189998626708984,43.169193267822266,952300
2013-05-06,54.15999984741211,54.65999984741211,53.91999816894531,54.47999954223633,43.40023422241211,852000
2013-05-07,54.709999084472656,55.45000076293945,54.599998474121094,55.43000030517578,44.157012939453125,1038400
2013-05-08,55.34000015258789,55.93000030517578,55.150001525878906,55.90999984741211,44.53939437866211,715700
2013-05-09,55.75,56.279998779296875,55.5,56.0099983215332,44.61906051635742,1333300
2013-05-10,56.040000915527344,56.279998779296875,55.810001373291016,56.2400016784668,44.802284240722656,1026000
2013-05-13,56.15999984741211,56.31999969482422,55.77000045776367,56.2400016784668,44.882083892822266,995900
2013-05-14,56.13999938964844,56.83000183105469,55.849998474121094,56.54999923706055,45.129478454589844,751300
2013-05-15,55.959999084472656,55.959999084472656,55.22999954223633,55.560001373291016,44.33941650390625,884800
2013-05-16,55.36000061035156,55.689998626708984,54.61000061035156,54.70000076293945,43.653099060058594,733800
2013-05-17,54.869998931884766,55.369998931884766,54.7400016784668,55.0099983215332,43.90049743652344,914500
2013-05-20,55.06999969482422,55.5099983215332,54.88999938964844,55.45000076293945,44.25163269042969,751100
2013-05-21,55.310001373291016,55.68000030517578,54.869998931884766,55.4900016784668,44.28355026245117,621500
2013-05-22,55.40999984741211,55.5,53.189998626708984,53.75,42.89494705200195,1521200
2013-05-23,53.0,54.400001525878906,52.65999984741211,54.2400016784668,43.28599166870117,815200
2013-05-24,53.959999084472656,53.970001220703125,52.939998626708984,53.52000045776367,42.711395263671875,516600
2013-05-28,54.25,54.77000045776367,54.040000915527344,54.380001068115234,43.397708892822266,679300
2013-05-29,54.18000030517578,55.119998931884766,53.95000076293945,54.9900016784668,43.8845329284668,842400
2013-05-30,55.06999969482422,56.099998474121094,54.7400016784668,55.880001068115234,44.59479522705078,1096800
2013-05-31,55.619998931884766,56.5,55.41999816894531,55.470001220703125,44.267601013183594,700200
2013-06-03,55.59000015258789,56.16999816894531,54.97999954223633,56.099998474121094,44.770362854003906,1065300
2013-06-04,55.97999954223633,56.5,55.18000030517578,55.619998931884766,44.387290954589844,675800
2013-06-05,55.209999084472656,55.54999923706055,54.689998626708984,54.7400016784668,43.685028076171875,658300
2013-06-06,54.75,55.22999954223633,54.20000076293945,54.75,43.692996978759766,786100
2013-06-07,55.04999923706055,55.79999923706055,54.599998474121094,55.720001220703125,44.46712112426758,572000
2013-06-10,55.779998779296875,56.31999969482422,55.41999816894531,55.880001068115234,44.59479522705078,527400
2013-06-11,54.970001220703125,55.29999923706055,54.43000030517578,54.45000076293945,43.45358657836914,826900
2013-06-12,54.939998626708984,55.08000183105469,53.06999969482422,53.33000183105469,42.55977249145508,1064600
2013-06-13,53.150001525878906,54.540000915527344,53.150001525878906,54.40999984741211,43.421653747558594,678700
2013-06-14,54.41999816894531,54.41999816894531,53.779998779296875,53.91999816894531,43.03061294555664,547700
2013-06-17,54.16999816894531,54.83000183105469,53.90999984741211,54.34000015258789,43.365806579589844,609700
2013-06-18,54.29999923706055,54.779998779296875,54.2599983215332,54.5,43.49349594116211,682200
2013-06-19,54.58000183105469,54.84000015258789,53.939998626708984,53.95000076293945,43.054561614990234,440000
2013-06-20,53.2400016784668,53.27000045776367,52.119998931884766,52.470001220703125,41.87346649169922,651200
2013-06-21,52.7400016784668,52.790000915527344,51.06999969482422,52.02000045776367,41.51433563232422,887100
2013-06-24,51.27000045776367,51.27000045776367,50.290000915527344,50.58000183105469,40.365150451660156,945800
2013-06-25,51.189998626708984,51.5099983215332,50.709999084472656,51.02000045776367,40.716285705566406,646400
2013-06-26,51.650001525878906,51.75,50.88999938964844,51.029998779296875,40.72425842285156,723700
2013-06-27,51.45000076293945,51.54999923706055,50.9900016784668,51.310001373291016,40.947731018066406,817800
2013-06-28,51.22999954223633,51.43000030517578,50.04999923706055,50.189998626708984,40.05390930175781,1874900
2013-07-01,50.36000061035156,50.77000045776367,49.630001068115234,50.59000015258789,40.37314224243164,1444500
2013-07-02,50.65999984741211,51.02000045776367,50.0,50.29999923706055,40.14169692993164,1060400
2013-07-03,50.22999954223633,50.529998779296875,49.95000076293945,50.040000915527344,39.934207916259766,419300
2013-07-05,50.459999084472656,50.5,49.849998474121094,50.38999938964844,40.21352005004883,903400
2013-07-08,51.459999084472656,51.560001373291016,50.86000061035156,51.2599983215332,40.90782165527344,1081700
2013-07-09,51.7400016784668,52.970001220703125,51.7400016784668,52.7400016784668,42.088932037353516,1402200
2013-07-10,52.689998626708984,53.209999084472656,52.529998779296875,53.13999938964844,42.40814971923828,841300
2013-07-11,53.810001373291016,54.47999954223633,53.689998626708984,54.189998626708984,43.246089935302734,788100
2013-07-12,54.06999969482422,54.369998931884766,53.7599983215332,54.33000183105469,43.35782241821289,809000
2013-07-15,54.369998931884766,54.709999084472656,54.220001220703125,54.369998931884766,43.38974380493164,713400
2013-07-16,54.70000076293945,55.040000915527344,54.220001220703125,54.5,43.49349594116211,852300
2013-07-17,54.70000076293945,54.88999938964844,54.09000015258789,54.13999938964844,43.20619583129883,953000
2013-07-18,54.220001220703125,55.0,54.209999084472656,54.68000030517578,43.63713455200195,708900
2013-07-19,54.630001068115234,55.459999084472656,54.56999969482422,55.22999954223633,44.0760612487793,602300
2013-07-22,55.560001373291016,56.189998626708984,55.459999084472656,55.84000015258789,44.5628662109375,722000
2013-07-23,55.900001525878906,56.209999084472656,55.33000183105469,55.619998931884766,44.387290954589844,863400
2013-07-24,55.630001068115234,56.09000015258789,54.88999938964844,55.06999969482422,43.94837188720703,1420800
2013-07-25,54.970001220703125,55.2599983215332,54.630001068115234,54.79999923706055,43.73289489746094,1185700
2013-07-26,54.43000030517578,54.81999969482422,54.2400016784668,54.34000015258789,43.365806579589844,779700
2013-07-29,54.279998779296875,54.880001068115234,54.15999984741211,54.41999816894531,43.42964172363281,806000
2013-07-30,54.63999938964844,55.130001068115234,54.25,54.880001068115234,43.79673767089844,1067100
2013-07-31,56.95000076293945,57.0,55.63999938964844,56.25,44.890071868896484,1950600
2013-08-01,57.29999923706055,57.880001068115234,56.45000076293945,57.209999084472656,45.65618896484375,2265900
2013-08-02,57.08000183105469,57.810001373291016,56.779998779296875,57.689998626708984,46.039249420166016,860700
2013-08-05,57.689998626708984,58.540000915527344,57.45000076293945,58.540000915527344,46.71758270263672,1039100
2013-08-06,58.209999084472656,58.36000061035156,55.90999984741211,56.16999816894531,44.82622146606445,2253300
2013-08-07,55.939998626708984,55.939998626708984,55.41999816894531,55.70000076293945,44.45112991333008,1421300
2013-08-08,56.04999923706055,57.09000015258789,56.04999923706055,56.95000076293945,45.448699951171875,578300
2013-08-09,56.810001373291016,57.060001373291016,56.20000076293945,56.58000183105469,45.1534309387207,756500
2013-08-12,56.33000183105469,57.45000076293945,56.209999084472656,57.45000076293945,45.84772491455078,979000
2013-08-13,57.619998931884766,58.119998931884766,57.369998931884766,57.65999984741211,46.09554672241211,709700
2013-08-14,57.599998474121094,58.040000915527344,56.810001373291016,57.040000915527344,45.599910736083984,952400
2013-08-15,56.16999816894531,57.72999954223633,55.560001373291016,57.619998931884766,46.06357192993164,2638500
2013-08-16,57.56999969482422,57.849998474121094,56.13999938964844,56.2400016784668,44.960350036621094,1812400
2013-08-19,56.2400016784668,57.040000915527344,56.22999954223633,56.630001068115234,45.27212905883789,1253600
2013-08-20,56.790000915527344,57.459999084472656,56.2400016784668,57.310001373291016,45.81574249267578,920200
2013-08-21,57.150001525878906,57.2599983215332,56.560001373291016,56.58000183105469,45.232154846191406,787700
2013-08-22,57.0,57.86000061035156,56.90999984741211,57.43000030517578,45.91167068481445,496500
2013-08-23,57.779998779296875,57.86000061035156,56.59000015258789,57.43000030517578,45.91167068481445,907500
2013-08-26,57.619998931884766,59.0,57.4900016784668,58.369998931884766,46.66315841674805,986000
2013-08-27,57.83000183105469,58.099998474121094,56.959999084472656,57.29999923706055,45.807769775390625,900600
2013-08-28,57.189998626708984,57.7400016784668,56.970001220703125,57.27000045776367,45.78377151489258,769000
2013-08-29,57.189998626708984,58.029998779296875,56.93000030517578,57.099998474121094,45.64786148071289,559300
2013-08-30,57.150001525878906,57.77000045776367,56.2599983215332,56.560001373291016,45.21616744995117,691600
2013-09-03,57.400001525878906,57.75,56.08000183105469,56.66999816894531,45.30411148071289,1209900
2013-09-04,56.599998474121094,56.90999984741211,56.150001525878906,56.77000045776367,45.3840446472168,782800
2013-09-05,56.97999954223633,57.630001068115234,56.400001525878906,57.2599983215332,45.7757682800293,781500
2013-09-06,57.54999923706055,57.9900016784668,56.88999938964844,57.38999938964844,45.87970733642578,447100
2013-09-09,57.38999938964844,58.540000915527344,57.38999938964844,58.2599983215332,46.5751953125,443500
2013-09-10,58.380001068115234,59.619998931884766,58.31999969482422,58.88999938964844,47.078857421875,790800
2013-09-11,58.90999984741211,59.31999969482422,58.689998626708984,59.11000061035156,47.25471496582031,841500
2013-09-12,58.88999938964844,59.83000183105469,58.709999084472656,59.209999084472656,47.33467102050781,889700
2013-09-13,59.43000030517578,59.43000030517578,58.560001373291016,58.869998931884766,47.06287384033203,511000
2013-09-16,59.70000076293945,59.77000045776367,59.130001068115234,59.209999084472656,47.33467102050781,563300
2013-09-17,59.380001068115234,59.63999938964844,59.040000915527344,59.15999984741211,47.29469680786133,835100
2013-09-18,59.0099983215332,59.810001373291016,58.65999984741211,59.77000045776367,47.78236770629883,739600
2013-09-19,59.970001220703125,60.650001525878906,59.88999938964844,60.540000915527344,48.39792251586914,1048000
2013-09-20,60.529998779296875,60.70000076293945,59.93000030517578,60.189998626708984,48.11812210083008,1971900
2013-09-23,60.06999969482422,60.54999923706055,59.79999923706055,60.439998626708984,48.3179817199707,971000
2013-09-24,60.41999816894531,61.38999938964844,60.060001373291016,60.83000183105469,48.6297607421875,1052000
2013-09-25,60.91999816894531,61.7400016784668,60.56999969482422,61.400001525878906,49.08544158935547,944400
2013-09-26,61.5,61.880001068115234,60.900001525878906,61.25,48.96553039550781,812700
2013-09-27,60.91999816894531,61.38999938964844,60.7400016784668,61.220001220703125,48.941551208496094,1256700
2013-09-30,60.599998474121094,61.22999954223633,60.20000076293945,60.41999816894531,48.3019905090332,1270100
2013-10-01,60.4900016784668,61.439998626708984,60.33000183105469,60.7599983215332,48.573795318603516,1309000
2013-10-02,60.65999984741211,61.310001373291016,60.400001525878906,61.150001525878906,48.885581970214844,923100
2013-10-03,61.290000915527344,61.77000045776367,60.7599983215332,61.439998626708984,49.11742401123047,901200
2013-10-04,61.5099983215332,62.310001373291016,61.279998779296875,62.0099983215332,49.573097229003906,792200
2013-10-07,61.400001525878906,61.77000045776367,61.16999816894531,61.29999923706055,49.00550842285156,622300
2013-10-08,61.459999084472656,61.97999954223633,60.619998931884766,60.63999938964844,48.477867126464844,527900
2013-10-09,60.720001220703125,61.2599983215332,60.040000915527344,60.81999969482422,48.62177276611328,799600
2013-10-10,61.439998626708984,61.90999984741211,60.83000183105469,61.630001068115234,49.269309997558594,1208500
2013-10-11,61.61000061035156,61.61000061035156,60.47999954223633,61.150001525878906,48.885581970214844,1526000
2013-10-14,61.04999923706055,62.65999984741211,60.75,62.58000183105469,50.02877426147461,797200
2013-10-15,62.45000076293945,62.91999816894531,61.79999923706055,61.970001220703125,49.54112243652344,831200
2013-10-16,62.43000030517578,62.7400016784668,62.130001068115234,62.25,49.764957427978516,625100
2013-10-17,62.13999938964844,63.029998779296875,62.02000045776367,62.709999084472656,50.13270950317383,892600
2013-10-18,63.06999969482422,64.20999908447266,62.66999816894531,64.19999694824219,51.323856353759766,729100
2013-10-21,64.44000244140625,64.5999984741211,63.08000183105469,63.52000045776367,50.780250549316406,1143000
2013-10-22,63.900001525878906,64.5,63.63999938964844,64.41999816894531,51.4997444152832,781700
2013-10-23,63.849998474121094,64.33999633789062,63.470001220703125,63.63999938964844,50.87617111206055,907500
2013-10-24,63.88999938964844,64.41999816894531,63.68000030517578,64.19000244140625,51.31587219238281,622800
2013-10-25,64.44000244140625,64.44000244140625,62.720001220703125,63.33000183105469,50.62837219238281,1725300
2013-10-28,63.220001220703125,63.4900016784668,62.61000061035156,63.029998779296875,50.388526916503906,1448700
2013-10-29,61.619998931884766,61.619998931884766,58.0099983215332,58.43000030517578,46.71110534667969,3645000
2013-10-30,58.43000030517578,58.70000076293945,57.150001525878906,57.5,45.96763229370117,2510700
2013-10-31,57.40999984741211,59.04999923706055,57.310001373291016,58.380001068115234,46.67113494873047,1414600
2013-11-01,58.56999969482422,58.75,57.77000045776367,58.380001068115234,46.67113494873047,1251100
2013-11-04,58.45000076293945,59.119998931884766,58.43000030517578,59.0,47.16679382324219,1186200
2013-11-05,58.959999084472656,59.13999938964844,58.040000915527344,58.470001220703125,46.74309158325195,1457500
2013-11-06,58.779998779296875,58.79999923706055,57.470001220703125,57.619998931884766,46.06357192993164,1640300
2013-11-07,57.70000076293945,57.900001525878906,57.290000915527344,57.470001220703125,45.94366455078125,1820100
2013-11-08,57.75,58.599998474121094,57.599998474121094,58.029998779296875,46.39133834838867,1188400
2013-11-11,57.119998931884766,57.369998931884766,56.439998626708984,57.16999816894531,45.703819274902344,2199900
2013-11-12,57.2400016784668,58.220001220703125,57.11000061035156,58.20000076293945,46.52724838256836,1212100
2013-11-13,57.90999984741211,58.540000915527344,57.27000045776367,58.349998474121094,46.64715576171875,1131500
2013-11-14,58.31999969482422,58.31999969482422,57.630001068115234,58.220001220703125,46.54322052001953,934000
2013-11-15,58.220001220703125,58.45000076293945,57.790000915527344,58.220001220703125,46.54322052001953,823100
2013-11-18,58.400001525878906,58.81999969482422,57.779998779296875,58.02000045776367,46.383338928222656,940700
2013-11-19,57.7599983215332,57.97999954223633,57.209999084472656,57.380001068115234,45.871707916259766,1283100
2013-11-20,57.790000915527344,58.119998931884766,56.81999969482422,56.91999816894531,45.50395965576172,1312300
2013-11-21,56.970001220703125,57.47999954223633,56.5,57.459999084472656,45.93565368652344,881000
2013-11-22,57.349998474121094,57.75,57.18000030517578,57.45000076293945,45.92765426635742,1339900
2013-11-25,57.66999816894531,58.06999969482422,57.2599983215332,57.81999969482422,46.22344970703125,1011500
2013-11-26,57.81999969482422,58.04999923706055,57.290000915527344,57.91999816894531,46.30340576171875,795600
2013-11-27,58.04999923706055,58.400001525878906,57.849998474121094,58.22999954223633,46.55122375488281,792100
2013-11-29,58.220001220703125,58.63999938964844,57.97999954223633,58.279998779296875,46.59119415283203,414800
2013-12-02,58.2400016784668,58.97999954223633,57.70000076293945,58.2599983215332,46.5751953125,827900
2013-12-03,57.959999084472656,58.220001220703125,57.4900016784668,57.77000045776367,46.1834831237793,1106500
2013-12-04,57.58000183105469,59.16999816894531,57.439998626708984,59.0,47.16679382324219,1453200
2013-12-05,58.939998626708984,58.939998626708984,58.09000015258789,58.33000183105469,46.63116455078125,872500
2013-12-06,58.59000015258789,59.189998626708984,58.4900016784668,58.97999954223633,47.15080261230469,622300
2013-12-09,58.869998931884766,60.34000015258789,58.77000045776367,60.290000915527344,48.19807434082031,960100
2013-12-10,60.33000183105469,61.38999938964844,60.29999923706055,60.47999954223633,48.3499641418457,1105600
2013-12-11,60.2400016784668,60.439998626708984,58.869998931884766,59.04999923706055,47.206764221191406,1000800
2013-12-12,58.790000915527344,59.400001525878906,58.630001068115234,59.11000061035156,47.25471496582031,711000
2013-12-13,59.150001525878906,59.470001220703125,58.59000015258789,58.95000076293945,47.12681579589844,681000
2013-12-16,59.349998474121094,60.7599983215332,59.040000915527344,60.58000183105469,48.42991256713867,1138500
2013-12-17,60.869998931884766,61.13999938964844,57.45000076293945,57.58000183105469,46.03160095214844,3250700
2013-12-18,57.52000045776367,57.58000183105469,56.310001373291016,57.0,45.56792449951172,2237700
2013-12-19,57.15999984741211,57.72999954223633,56.720001220703125,57.15999984741211,45.69582748413086,1754900
2013-12-20,57.09000015258789,58.11000061035156,57.0,57.619998931884766,46.06357192993164,2192800
2013-12-23,58.0099983215332,58.59000015258789,57.97999954223633,58.45000076293945,46.72711181640625,975000
2013-12-24,58.45000076293945,58.7400016784668,58.29999923706055,58.68000030517578,46.910980224609375,632900
2013-12-26,58.79999923706055,59.20000076293945,58.38999938964844,59.0099983215332,47.17477798461914,694000
2013-12-27,59.16999816894531,59.41999816894531,58.790000915527344,58.90999984741211,47.094852447509766,561200
2013-12-30,59.36000061035156,59.38999938964844,58.5,58.529998779296875,46.79105758666992,974100
2013-12-31,58.650001525878906,59.2599983215332,58.5,59.189998626708984,47.31867599487305,886200
2014-01-02,59.02000045776367,59.02000045776367,57.59000015258789,57.689998626708984,46.119544982910156,1332700
2014-01-03,57.97999954223633,58.630001068115234,57.630001068115234,58.5,46.7670783996582,1005300
2014-01-06,58.43000030517578,58.52000045776367,57.189998626708984,57.2400016784668,45.7597770690918,1249200
2014-01-07,57.33000183105469,57.90999984741211,57.15999984741211,57.599998474121094,46.047576904296875,973200
2014-01-08,57.400001525878906,57.810001373291016,56.79999923706055,57.0099983215332,45.575904846191406,1495700
2014-01-09,57.5,57.79999923706055,56.45000076293945,56.720001220703125,45.34408187866211,1389100
2014-01-10,56.83000183105469,57.47999954223633,56.41999816894531,56.93000030517578,45.511962890625,1595700
2014-01-13,57.099998474121094,57.310001373291016,56.45000076293945,56.47999954223633,45.1522102355957,957400
2014-01-14,56.619998931884766,56.900001525878906,56.040000915527344,56.29999923706055,45.00831604003906,1308300
2014-01-15,56.47999954223633,56.709999084472656,56.29999923706055,56.52000045776367,45.18419647216797,1310400
2014-01-16,55.72999954223633,55.779998779296875,55.20000076293945,55.349998474121094,44.24884796142578,2581200
2014-01-17,55.349998474121094,55.54999923706055,55.130001068115234,55.40999984741211,44.296810150146484,1682700
2014-01-21,55.70000076293945,55.970001220703125,55.209999084472656,55.599998474121094,44.4487190246582,1473100
2014-01-22,55.52000045776367,55.650001525878906,55.150001525878906,55.22999954223633,44.15291213989258,1086100
2014-01-23,55.04999923706055,55.4900016784668,54.75,55.400001525878906,44.288814544677734,1814500
2014-01-24,54.95000076293945,55.06999969482422,52.43000030517578,53.08000183105469,42.43413543701172,2554000
2014-01-27,53.970001220703125,54.060001373291016,52.560001373291016,53.119998931884766,42.466121673583984,1417100
2014-01-28,53.31999969482422,54.02000045776367,53.119998931884766,53.790000915527344,43.00173568725586,987100
2014-01-29,53.5,54.36000061035156,53.20000076293945,53.77000045776367,42.9857292175293,1289700
2014-01-30,53.93000030517578,54.63999938964844,53.43000030517578,54.43000030517578,43.51336669921875,1228500
2014-01-31,53.81999969482422,54.36000061035156,53.279998779296875,53.33000183105469,42.63398742675781,1595600
2014-02-03,53.2400016784668,53.689998626708984,52.209999084472656,52.650001525878906,42.09038162231445,2303600
2014-02-04,51.79999923706055,52.650001525878906,50.869998931884766,51.91999816894531,41.50677490234375,3342900
2014-02-05,51.36000061035156,51.380001068115234,49.93000030517578,50.45000076293945,40.331607818603516,3642100
2014-02-06,50.5,51.529998779296875,50.5,50.849998474121094,40.65138244628906,1697000
2014-02-07,51.13999938964844,51.34000015258789,50.66999816894531,51.02000045776367,40.78728485107422,1663500
2014-02-10,51.099998474121094,51.790000915527344,50.7599983215332,51.279998779296875,40.9951286315918,1722900
2014-02-11,51.27000045776367,51.7599983215332,51.119998931884766,51.369998931884766,41.06708908081055,1702500
2014-02-12,51.209999084472656,52.45000076293945,50.91999816894531,51.91999816894531,41.59584045410156,1878500
2014-02-13,51.709999084472656,51.849998474121094,51.22999954223633,51.599998474121094,41.339473724365234,1112800
2014-02-14,51.630001068115234,52.2400016784668,51.52000045776367,52.099998474121094,41.740055084228516,685400
2014-02-18,52.060001373291016,52.279998779296875,51.279998779296875,51.97999954223633,41.6439208984375,985500
2014-02-19,51.790000915527344,52.220001220703125,51.619998931884766,51.83000183105469,41.52375030517578,1289800
2014-02-20,51.83000183105469,52.52000045776367,51.83000183105469,52.2400016784668,41.85222244262695,1660700
2014-02-21,52.470001220703125,52.560001373291016,51.4900016784668,51.63999938964844,41.37152862548828,1324100
2014-02-24,51.84000015258789,52.2599983215332,51.599998474121094,51.689998626708984,41.41158676147461,1330800
2014-02-25,51.529998779296875,51.77000045776367,51.08000183105469,51.25,41.05908203125,1181400
2014-02-26,51.380001068115234,52.029998779296875,51.0,51.630001068115234,41.36351776123047,1176300
2014-02-27,51.380001068115234,52.04999923706055,51.040000915527344,51.66999816894531,41.39555740356445,1871700
2014-02-28,51.66999816894531,52.84000015258789,51.61000061035156,52.47999954223633,42.044498443603516,1709200
2014-03-03,52.11000061035156,52.91999816894531,51.9900016784668,52.209999084472656,41.82819366455078,1716200
2014-03-04,52.709999084472656,53.13999938964844,52.040000915527344,52.4900016784668,42.052520751953125,1197400
2014-03-05,52.599998474121094,53.15999984741211,52.400001525878906,52.79999923706055,42.30086135864258,984400
2014-03-06,52.880001068115234,53.7599983215332,52.7599983215332,53.540000915527344,42.893714904785156,1024500
2014-03-07,53.86000061035156,54.61000061035156,53.75,54.16999816894531,43.3984489440918,1525600
2014-03-10,53.95000076293945,53.95000076293945,52.310001373291016,53.119998931884766,42.557254791259766,1724900
2014-03-11,53.119998931884766,54.0099983215332,52.88999938964844,53.130001068115234,42.56523513793945,1162400
2014-03-12,52.880001068115234,53.220001220703125,52.4900016784668,52.81999969482422,42.316871643066406,1174100
2014-03-13,53.040000915527344,53.150001525878906,52.02000045776367,52.45000076293945,42.02045822143555,1319600
2014-03-14,52.27000045776367,52.849998474121094,51.959999084472656,52.04999923706055,41.70001220703125,751100
2014-03-17,52.45000076293945,52.90999984741211,52.0,52.189998626708984,41.812164306640625,925500
2014-03-18,52.380001068115234,53.06999969482422,52.33000183105469,52.529998779296875,42.08454895019531,933500
2014-03-19,52.40999984741211,52.47999954223633,51.709999084472656,52.0099983215332,41.66795349121094,1060100
2014-03-20,51.90999984741211,52.22999954223633,51.720001220703125,52.0,41.659942626953125,1039600
2014-03-21,52.40999984741211,53.029998779296875,52.15999984741211,52.2599983215332,41.86824417114258,2304800
2014-03-24,52.54999923706055,53.290000915527344,52.45000076293945,52.9900016784668,42.45307159423828,1372300
2014-03-25,53.31999969482422,54.130001068115234,53.16999816894531,54.0,43.26224899291992,1707300
2014-03-26,54.119998931884766,54.33000183105469,53.15999984741211,53.22999954223633,42.645347595214844,2530200
2014-03-27,53.36000061035156,53.689998626708984,52.849998474121094,53.619998931884766,42.95780563354492,1546100
2014-03-28,53.849998474121094,54.2400016784668,53.72999954223633,54.06999969482422,43.31834030151367,828800
2014-03-31,54.209999084472656,55.27000045776367,53.7400016784668,55.15999984741211,44.19158172607422,1760700
2014-04-01,54.88999938964844,55.810001373291016,54.619998931884766,54.7599983215332,43.871131896972656,1731600
2014-04-02,54.7400016784668,55.5,54.470001220703125,55.2599983215332,44.271705627441406,1046300
2014-04-03,55.369998931884766,55.5,54.7599983215332,55.08000183105469,44.12749481201172,865100
2014-04-04,55.459999084472656,56.130001068115234,55.369998931884766,55.5099983215332,44.47197723388672,1635700
2014-04-07,55.279998779296875,55.29999923706055,54.52000045776367,54.810001373291016,43.91117858886719,1534400
2014-04-08,54.95000076293945,55.91999816894531,54.65999984741211,55.77000045776367,44.6802978515625,1128000
2014-04-09,56.040000915527344,56.150001525878906,55.29999923706055,56.040000915527344,44.896602630615234,1136600
2014-04-10,56.0099983215332,56.7400016784668,55.56999969482422,55.599998474121094,44.544090270996094,2187800
2014-04-11,55.290000915527344,55.56999969482422,54.08000183105469,54.380001068115234,43.566680908203125,1258000
2014-04-14,54.7599983215332,54.7599983215332,53.91999816894531,54.45000076293945,43.62278366088867,1476500
2014-04-15,54.459999084472656,56.130001068115234,54.33000183105469,56.099998474121094,44.944671630859375,2717400
2014-04-16,56.4900016784668,56.84000015258789,56.099998474121094,56.5,45.26511764526367,1327700
2014-04-17,56.4900016784668,57.13999938964844,56.279998779296875,56.630001068115234,45.36928176879883,915900
2014-04-21,56.54999923706055,56.65999984741211,56.08000183105469,56.5,45.26511764526367,887700
2014-04-22,56.40999984741211,56.91999816894531,56.130001068115234,56.709999084472656,45.43336868286133,866200
2014-04-23,56.83000183105469,57.33000183105469,56.61000061035156,56.709999084472656,45.43336868286133,919500
2014-04-24,57.25,57.279998779296875,56.189998626708984,57.279998779296875,45.89002990722656,1155000
2014-04-25,57.279998779296875,57.5099983215332,56.63999938964844,56.939998626708984,45.617637634277344,877600
2014-04-28,57.08000183105469,57.209999084472656,56.40999984741211,56.79999923706055,45.50547409057617,1698600
2014-04-29,58.290000915527344,59.18000030517578,56.33000183105469,56.400001525878906,45.18500518798828,3139000
2014-04-30,55.349998474121094,55.939998626708984,53.90999984741211,55.70000076293945,44.624210357666016,2699300
2014-05-01,55.599998474121094,55.72999954223633,54.5099983215332,54.90999984741211,43.99127960205078,1489400
2014-05-02,54.88999938964844,55.47999954223633,54.59000015258789,54.810001373291016,43.91117858886719,982900
2014-05-05,54.5099983215332,54.66999816894531,53.95000076293945,54.540000915527344,43.69486618041992,752600
2014-05-06,54.439998626708984,55.040000915527344,54.22999954223633,54.65999984741211,43.79100036621094,898400
2014-05-07,54.849998474121094,55.52000045776367,54.54999923706055,55.22999954223633,44.2476692199707,1217300
2014-05-08,55.11000061035156,55.959999084472656,54.63999938964844,55.16999816894531,44.1995964050293,1499500
2014-05-09,55.08000183105469,55.15999984741211,54.599998474121094,55.150001525878906,44.183570861816406,1182000
2014-05-12,55.400001525878906,55.66999816894531,54.900001525878906,55.09000015258789,44.13551330566406,958900
2014-05-13,55.02000045776367,55.150001525878906,54.47999954223633,55.02000045776367,44.16761779785156,791200
2014-05-14,54.7400016784668,54.75,54.08000183105469,54.5,43.75017166137695,1068700
2014-05-15,54.33000183105469,54.72999954223633,53.470001220703125,53.97999954223633,43.332759857177734,1384000
2014-05-16,53.880001068115234,54.20000076293945,53.689998626708984,54.08000183105469,43.41304016113281,804600
2014-05-19,53.9900016784668,54.31999969482422,53.91999816894531,54.06999969482422,43.405006408691406,1567300
2014-05-20,54.0,54.2400016784668,53.279998779296875,53.650001525878906,43.067840576171875,1608800
2014-05-21,53.86000061035156,54.31999969482422,53.63999938964844,53.88999938964844,43.260501861572266,682900
2014-05-22,53.849998474121094,54.34000015258789,53.849998474121094,53.939998626708984,43.30064010620117,532800
2014-05-23,54.029998779296875,54.400001525878906,53.869998931884766,54.04999923706055,43.38894271850586,858400
2014-05-27,54.34000015258789,54.61000061035156,53.81999969482422,54.040000915527344,43.38090896606445,935200
2014-05-28,54.119998931884766,54.529998779296875,53.83000183105469,54.2400016784668,43.54146194458008,658600
2014-05-29,54.33000183105469,54.619998931884766,53.79999923706055,54.5099983215332,43.758209228515625,724600
2014-05-30,54.36000061035156,54.439998626708984,53.880001068115234,53.959999084472656,43.316680908203125,1003300
2014-06-02,53.959999084472656,54.150001525878906,53.70000076293945,54.06999969482422,43.405006408691406,578200
2014-06-03,54.0,54.66999816894531,54.0,54.459999084472656,43.71806716918945,750600
2014-06-04,54.380001068115234,55.470001220703125,54.380001068115234,54.38999938964844,43.6618766784668,1226400
2014-06-05,54.63999938964844,55.41999816894531,54.59000015258789,55.27000045776367,44.368309020996094,1049700
2014-06-06,55.290000915527344,56.040000915527344,55.290000915527344,55.66999816894531,44.68940353393555,890300
2014-06-09,55.709999084472656,56.4900016784668,55.65999984741211,56.20000076293945,45.1148681640625,999600
2014-06-10,55.939998626708984,56.20000076293945,55.25,55.34000015258789,44.424495697021484,1074500
2014-06-11,55.029998779296875,55.130001068115234,54.70000076293945,55.11000061035156,44.2398567199707,766800
2014-06-12,54.88999938964844,55.2599983215332,54.529998779296875,54.599998474121094,43.8304443359375,1519900
2014-06-13,54.70000076293945,54.959999084472656,54.529998779296875,54.68000030517578,43.894683837890625,534600
2014-06-16,54.4900016784668,54.7599983215332,54.2400016784668,54.41999816894531,43.68594741821289,1008500
2014-06-17,54.34000015258789,54.65999984741211,53.95000076293945,54.369998931884766,43.64582443237305,848200
2014-06-18,54.31999969482422,54.88999938964844,53.869998931884766,54.880001068115234,44.05522155761719,1168200
2014-06-19,54.95000076293945,55.7599983215332,54.939998626708984,55.52000045776367,44.56899642944336,1075200
2014-06-20,55.52000045776367,56.5,55.4900016784668,56.459999084472656,45.323585510253906,1282500
2014-06-23,56.61000061035156,57.459999084472656,56.56999969482422,56.900001525878906,45.67680358886719,1706000
2014-06-24,56.7400016784668,57.29999923706055,55.65999984741211,55.709999084472656,44.72150802612305,1116700
2014-06-25,55.52000045776367,56.02000045776367,55.380001068115234,55.66999816894531,44.68940353393555,731600
2014-06-26,55.619998931884766,56.16999816894531,55.599998474121094,56.11000061035156,45.04262161254883,821700
2014-06-27,56.060001373291016,56.970001220703125,56.0,56.09000015258789,45.02655792236328,1291600
2014-06-30,56.2599983215332,57.150001525878906,55.5,56.220001220703125,45.130924224853516,1876600
2014-07-01,56.38999938964844,56.61000061035156,55.220001220703125,55.52000045776367,44.56899642944336,1583000
2014-07-02,55.59000015258789,55.81999969482422,55.150001525878906,55.529998779296875,44.57700729370117,867500
2014-07-03,55.91999816894531,56.349998474121094,55.86000061035156,56.08000183105469,45.0185432434082,600600
2014-07-07,56.189998626708984,56.189998626708984,55.43000030517578,55.779998779296875,44.77770233154297,936500
2014-07-08,55.540000915527344,55.83000183105469,55.060001373291016,55.11000061035156,44.2398567199707,1208700
2014-07-09,54.65999984741211,54.88999938964844,53.599998474121094,53.900001525878906,43.26852035522461,2725000
2014-07-10,53.25,53.88999938964844,53.08000183105469,53.290000915527344,42.77885818481445,1417500
2014-07-11,53.27000045776367,53.68000030517578,53.02000045776367,53.52000045776367,42.96348190307617,1232100
2014-07-14,53.75,54.119998931884766,53.47999954223633,53.52000045776367,42.96348190307617,1076600
2014-07-15,53.380001068115234,53.540000915527344,53.029998779296875,53.29999923706055,42.78688049316406,1643800
2014-07-16,53.36000061035156,53.970001220703125,52.93000030517578,53.689998626708984,43.099945068359375,1546500
2014-07-17,53.599998474121094,54.25,53.220001220703125,53.220001220703125,42.72264862060547,1806600
2014-07-18,53.099998474121094,53.650001525878906,53.02000045776367,53.099998474121094,42.62632369995117,977500
2014-07-21,52.84000015258789,53.290000915527344,52.650001525878906,52.849998474121094,42.425628662109375,1208100
2014-07-22,53.310001373291016,53.9900016784668,53.29999923706055,53.689998626708984,43.099945068359375,1222900
2014-07-23,53.7400016784668,53.7400016784668,52.720001220703125,52.849998474121094,42.425628662109375,944800
2014-07-24,52.650001525878906,52.970001220703125,52.36000061035156,52.880001068115234,42.4497184753418,1998800
2014-07-25,52.779998779296875,52.810001373291016,52.130001068115234,52.33000183105469,42.00821304321289,1099800
2014-07-28,52.209999084472656,52.279998779296875,51.380001068115234,52.029998779296875,41.767372131347656,2362600
2014-07-29,51.099998474121094,51.41999816894531,49.36000061035156,49.59000015258789,39.80863571166992,5339800
2014-07-30,49.779998779296875,49.900001525878906,49.06999969482422,49.310001373291016,39.58386993408203,2270800
2014-07-31,49.0,49.27000045776367,48.66999816894531,48.709999084472656,39.102237701416016,2139200
2014-08-01,48.630001068115234,48.900001525878906,47.939998626708984,48.22999954223633,38.71691131591797,2058900
2014-08-04,48.16999816894531,48.58000183105469,47.7599983215332,48.119998931884766,38.62858963012695,2091600
2014-08-05,47.959999084472656,48.63999938964844,47.779998779296875,48.279998779296875,38.757049560546875,2403500
2014-08-06,48.09000015258789,48.70000076293945,48.02000045776367,48.18000030517578,38.6767692565918,1273900
2014-08-07,48.43000030517578,48.7599983215332,48.150001525878906,48.20000076293945,38.69282913208008,964100
2014-08-08,48.33000183105469,48.86000061035156,48.13999938964844,48.79999923706055,39.174476623535156,911800
2014-08-11,49.150001525878906,49.369998931884766,48.849998474121094,49.189998626708984,39.487548828125,899300
2014-08-12,49.20000076293945,49.4900016784668,49.040000915527344,49.380001068115234,39.640071868896484,1284700
2014-08-13,49.13999938964844,49.34000015258789,48.06999969482422,48.11000061035156,38.7067985534668,1448500
2014-08-14,48.22999954223633,48.72999954223633,47.91999816894531,48.72999954223633,39.20561599731445,1203900
2014-08-15,48.79999923706055,49.04999923706055,48.22999954223633,48.4900016784668,39.01252746582031,843700
2014-08-18,48.68000030517578,49.31999969482422,48.68000030517578,49.290000915527344,39.65616226196289,1086000
2014-08-19,49.13999938964844,49.29999923706055,48.790000915527344,48.91999816894531,39.35848617553711,1245700
2014-08-20,48.849998474121094,49.150001525878906,48.47999954223633,48.84000015258789,39.294124603271484,1177300
2014-08-21,49.060001373291016,49.65999984741211,48.619998931884766,49.2400016784668,39.615936279296875,1185100
2014-08-22,48.439998626708984,48.97999954223633,48.130001068115234,48.38999938964844,38.93206787109375,1321600
2014-08-25,48.7400016784668,48.900001525878906,48.47999954223633,48.560001373291016,39.068851470947266,745100
2014-08-26,48.689998626708984,48.7599983215332,48.38999938964844,48.41999816894531,38.95620346069336,796000
2014-08-27,48.4900016784668,48.97999954223633,48.41999816894531,48.5099983215332,39.028621673583984,1166900
2014-08-28,48.279998779296875,48.45000076293945,48.0099983215332,48.22999954223633,38.8033447265625,1109800
2014-08-29,48.400001525878906,49.0,48.400001525878906,48.84000015258789,39.294124603271484,1327400
2014-09-02,48.84000015258789,49.11000061035156,48.16999816894531,48.31999969482422,38.87574005126953,907400
2014-09-03,48.529998779296875,49.06999969482422,48.04999923706055,48.20000076293945,38.77920913696289,995600
2014-09-04,48.25,49.09000015258789,48.25,48.41999816894531,38.95620346069336,995000
2014-09-05,48.29999923706055,48.33000183105469,47.88999938964844,48.2599983215332,38.82747268676758,645900
2014-09-08,48.130001068115234,48.29999923706055,47.880001068115234,48.119998931884766,38.7148551940918,466400
2014-09-09,47.9900016784668,48.060001373291016,47.619998931884766,47.720001220703125,38.39302444458008,847400
2014-09-10,47.720001220703125,47.93000030517578,47.18000030517578,47.34000015258789,38.087303161621094,1110300
2014-09-11,47.06999969482422,47.33000183105469,46.72999954223633,47.13999938964844,37.92637252807617,908600
2014-09-12,46.959999084472656,47.22999954223633,46.619998931884766,46.779998779296875,37.63675308227539,865900
2014-09-15,46.58000183105469,47.15999984741211,46.349998474121094,47.040000915527344,37.84593200683594,723000
2014-09-16,46.810001373291016,46.97999954223633,46.380001068115234,46.43000030517578,37.35515594482422,1401200
2014-09-17,46.630001068115234,46.939998626708984,46.36000061035156,46.400001525878906,37.331016540527344,1004200
2014-09-18,46.43000030517578,46.58000183105469,46.22999954223633,46.40999984741211,37.33906555175781,724600
2014-09-19,46.61000061035156,46.65999984741211,45.81999969482422,46.09000015258789,37.081607818603516,1435300
2014-09-22,45.790000915527344,45.880001068115234,45.439998626708984,45.52000045776367,36.623016357421875,919700
2014-09-23,45.36000061035156,45.83000183105469,45.06999969482422,45.7599983215332,36.81611633300781,1470100
2014-09-24,45.77000045776367,46.0099983215332,45.56999969482422,45.810001373291016,36.856327056884766,1162700
2014-09-25,45.52000045776367,45.709999084472656,45.31999969482422,45.45000076293945,36.56669235229492,1543100
2014-09-26,45.45000076293945,46.130001068115234,45.369998931884766,46.060001373291016,37.05746841430664,1205300
2014-09-29,45.650001525878906,46.060001373291016,45.2400016784668,45.97999954223633,36.99311065673828,1140900
2014-09-30,46.11000061035156,46.54999923706055,45.43000030517578,45.459999084472656,36.574745178222656,1689000
2014-10-01,45.2400016784668,45.869998931884766,45.0,45.310001373291016,36.45406723022461,1679900
2014-10-02,45.279998779296875,45.95000076293945,45.130001068115234,45.75,36.80806350708008,2343800
2014-10-03,46.13999938964844,46.5099983215332,46.029998779296875,46.439998626708984,37.36319351196289,1968700
2014-10-06,46.72999954223633,47.369998931884766,46.56999969482422,47.099998474121094,37.894203186035156,1615100
2014-10-07,44.5,44.939998626708984,42.0,42.130001068115234,33.89558792114258,7252600
2014-10-08,42.68000030517578,43.0,41.83000183105469,42.75,34.39442825317383,4386400
2014-10-09,42.630001068115234,42.90999984741211,42.18000030517578,42.2400016784668,33.98409652709961,2192900
2014-10-10,42.150001525878906,42.90999984741211,42.0,42.08000183105469,33.85537338256836,1893700
2014-10-13,42.220001220703125,43.189998626708984,42.119998931884766,42.34000015258789,34.0645637512207,2173800
2014-10-14,42.630001068115234,44.68000030517578,42.52000045776367,43.619998931884766,35.09437942504883,2194400
2014-10-15,43.189998626708984,45.08000183105469,42.93000030517578,44.77000045776367,36.01960754394531,2424800
2014-10-16,44.13999938964844,45.459999084472656,44.02000045776367,45.22999954223633,36.38970947265625,1706600
2014-10-17,45.40999984741211,45.470001220703125,43.45000076293945,43.529998779296875,35.02197265625,2451700
2014-10-20,43.5,43.5099983215332,42.439998626708984,43.400001525878906,34.917381286621094,1869700
2014-10-21,43.7599983215332,44.83000183105469,43.529998779296875,44.70000076293945,35.96329879760742,1121500
2014-10-22,44.810001373291016,45.310001373291016,43.959999084472656,43.97999954223633,35.38400650024414,1046000
2014-10-23,44.720001220703125,45.2599983215332,44.52000045776367,45.0,36.20465087890625,1294500
2014-10-24,45.02000045776367,45.529998779296875,44.650001525878906,45.29999923706055,36.446014404296875,951400
2014-10-27,44.970001220703125,45.029998779296875,44.20000076293945,44.63999938964844,35.91500473022461,1260100
2014-10-28,45.11000061035156,46.130001068115234,44.5099983215332,45.2599983215332,36.41383361816406,2513600
2014-10-29,45.310001373291016,45.7400016784668,44.13999938964844,44.31999969482422,35.65755844116211,1767500
2014-10-30,44.06999969482422,44.209999084472656,43.459999084472656,43.95000076293945,35.35988235473633,1546800
2014-10-31,44.47999954223633,44.47999954223633,43.77000045776367,44.310001373291016,35.6495246887207,1409600
2014-11-03,44.310001373291016,44.33000183105469,43.130001068115234,43.529998779296875,35.02197265625,1545000
2014-11-04,43.2599983215332,43.41999816894531,43.099998474121094,43.29999923706055,34.836917877197266,929900
2014-11-05,43.599998474121094,43.880001068115234,43.189998626708984,43.58000183105469,35.06218719482422,1012200
2014-11-06,43.68000030517578,44.970001220703125,43.54999923706055,44.63999938964844,35.91500473022461,1215900
2014-11-07,44.66999816894531,45.81999969482422,44.65999984741211,45.54999923706055,36.64714050292969,895300
2014-11-10,45.5,45.79999923706055,44.91999816894531,45.2400016784668,36.39775085449219,1117200
2014-11-11,45.2599983215332,45.400001525878906,44.95000076293945,45.11000061035156,36.293148040771484,813300
2014-11-12,44.79999923706055,45.25,44.529998779296875,44.849998474121094,36.17216491699219,1052000
2014-11-13,44.65999984741211,45.099998474121094,43.68000030517578,44.09000015258789,35.559226989746094,1138900
2014-11-14,43.869998931884766,44.529998779296875,43.75,44.18000030517578,35.63180160522461,1125200
2014-11-17,43.9900016784668,44.61000061035156,43.560001373291016,44.459999084472656,35.85763931274414,743200
2014-11-18,44.41999816894531,44.90999984741211,44.09000015258789,44.59000015258789,35.96247100830078,723900
2014-11-19,44.369998931884766,44.810001373291016,43.84000015258789,44.0,35.486629486083984,1216700
2014-11-20,43.75,44.380001068115234,43.650001525878906,44.16999816894531,35.62375259399414,1097600
2014-11-21,44.7599983215332,45.22999954223633,44.720001220703125,44.939998626708984,36.2447624206543,1436100
2014-11-24,45.0099983215332,45.38999938964844,44.220001220703125,44.40999984741211,35.81731033325195,1460900
2014-11-25,44.560001373291016,44.83000183105469,43.88999938964844,44.65999984741211,36.01893615722656,1682100
2014-11-26,44.0099983215332,44.02000045776367,42.83000183105469,43.61000061035156,35.17210006713867,2504800
2014-11-28,43.400001525878906,43.400001525878906,42.099998474121094,42.189998626708984,34.02684783935547,1242500
2014-12-01,42.20000076293945,43.31999969482422,41.560001373291016,43.11000061035156,34.76884078979492,2239000
2014-12-02,43.06999969482422,43.88999938964844,42.970001220703125,43.41999816894531,35.01885986328125,2071500
2014-12-03,43.45000076293945,44.459999084472656,43.45000076293945,43.84000015258789,35.357601165771484,1470600
2014-12-04,43.720001220703125,43.72999954223633,43.189998626708984,43.63999938964844,35.196292877197266,779200
2014-12-05,43.630001068115234,44.13999938964844,43.47999954223633,43.880001068115234,35.389854431152344,1038500
2014-12-08,43.709999084472656,44.150001525878906,43.20000076293945,43.439998626708984,35.03499221801758,1098800
2014-12-09,43.04999923706055,44.0099983215332,43.0,43.97999954223633,35.47050857543945,966600
2014-12-10,43.630001068115234,43.650001525878906,42.939998626708984,43.0,34.68013000488281,1626600
2014-12-11,43.0099983215332,43.40999984741211,42.75,42.91999816894531,34.61560821533203,1299200
2014-12-12,42.4900016784668,42.4900016784668,41.849998474121094,42.15999984741211,34.002655029296875,2300900
2014-12-15,42.75,44.15999984741211,42.380001068115234,43.849998474121094,35.365657806396484,3877300
2014-12-16,43.779998779296875,45.36000061035156,43.61000061035156,43.93000030517578,35.430179595947266,3428900
2014-12-17,44.16999816894531,44.38999938964844,43.29999923706055,44.15999984741211,35.615684509277344,1888400
2014-12-18,44.790000915527344,44.91999816894531,43.869998931884766,44.4900016784668,35.8818473815918,1314000
2014-12-19,44.4900016784668,45.52000045776367,44.40999984741211,45.290000915527344,36.52703094482422,2040200
2014-12-22,45.33000183105469,45.439998626708984,44.7400016784668,45.0,36.293148040771484,2037400
2014-12-23,45.33000183105469,46.400001525878906,45.18000030517578,46.27000045776367,37.31742858886719,1414900
2014-12-24,46.150001525878906,46.189998626708984,45.459999084472656,45.459999084472656,36.664154052734375,570500
2014-12-26,45.70000076293945,46.34000015258789,45.5,46.08000183105469,37.1641960144043,758100
2014-12-29,46.150001525878906,46.619998931884766,45.84000015258789,46.40999984741211,37.430328369140625,863000
2014-12-30,46.16999816894531,46.34000015258789,45.459999084472656,45.709999084472656,36.86577606201172,966900
2014-12-31,45.900001525878906,45.900001525878906,44.97999954223633,45.20000076293945,36.45444869995117,1603100
2015-01-02,45.209999084472656,45.470001220703125,44.599998474121094,45.02000045776367,36.30929183959961,1208600
2015-01-05,44.72999954223633,44.72999954223633,42.83000183105469,42.95000076293945,34.639801025390625,1472700
2015-01-06,43.189998626708984,43.36000061035156,42.20000076293945,42.75,34.478492736816406,1440300
2015-01-07,42.86000061035156,42.91999816894531,42.06999969482422,42.720001220703125,34.45429229736328,1502200
2015-01-08,43.04999923706055,43.650001525878906,42.56999969482422,43.630001068115234,35.18822479248047,1085700
2015-01-09,43.75,43.79999923706055,42.959999084472656,43.16999816894531,34.817230224609375,835500
2015-01-12,43.0,43.40999984741211,42.630001068115234,43.22999954223633,34.8656120300293,1126300
2015-01-13,43.4900016784668,43.810001373291016,42.790000915527344,43.25,34.88176345825195,775300
2015-01-14,42.93000030517578,43.540000915527344,42.43000030517578,43.47999954223633,35.06724548339844,1074600
2015-01-15,43.810001373291016,44.029998779296875,42.9900016784668,42.9900016784668,34.672061920166016,970100
2015-01-16,42.81999969482422,43.52000045776367,42.81999969482422,43.33000183105469,34.94628143310547,924300
2015-01-20,43.380001068115234,43.790000915527344,43.0099983215332,43.56999969482422,35.13984680175781,998900
2015-01-21,43.36000061035156,43.97999954223633,43.2599983215332,43.880001068115234,35.389854431152344,855600
2015-01-22,44.16999816894531,44.54999923706055,43.880001068115234,44.380001068115234,35.793113708496094,1133300
2015-01-23,44.150001525878906,44.45000076293945,43.54999923706055,43.619998931884766,35.180171966552734,798500
2015-01-26,43.77000045776367,44.61000061035156,43.470001220703125,44.58000183105469,35.95441818237305,1233000
2015-01-27,43.720001220703125,43.91999816894531,43.130001068115234,43.29999923706055,34.92207336425781,1082000
2015-01-28,43.54999923706055,43.54999923706055,42.95000076293945,43.02000045776367,34.69624328613281,1032300
2015-01-29,43.0,43.79999923706055,42.83000183105469,43.63999938964844,35.196292877197266,1045000
2015-01-30,43.43000030517578,43.66999816894531,43.09000015258789,43.34000015258789,34.95433807373047,1424800
2015-02-02,43.40999984741211,44.779998779296875,43.27000045776367,44.709999084472656,36.05926513671875,2092100
2015-02-03,46.31999969482422,49.27000045776367,44.439998626708984,48.959999084472656,39.48695755004883,4260400
2015-02-04,48.470001220703125,49.11000061035156,47.400001525878906,47.619998931884766,38.40621566772461,2820300
2015-02-05,47.72999954223633,48.88999938964844,47.40999984741211,48.84000015258789,39.39017868041992,1411200
2015-02-06,48.869998931884766,49.20000076293945,48.459999084472656,48.88999938964844,39.43049240112305,943400
2015-02-09,48.540000915527344,49.720001220703125,48.540000915527344,49.18000030517578,39.66438674926758,1098000
2015-02-10,49.29999923706055,49.29999923706055,48.16999816894531,48.470001220703125,39.09174728393555,987700
2015-02-11,48.16999816894531,48.95000076293945,47.7599983215332,48.79999923706055,39.45558166503906,646400
2015-02-12,49.27000045776367,49.40999984741211,48.439998626708984,48.810001373291016,39.463687896728516,747400
2015-02-13,48.9900016784668,50.0,48.91999816894531,49.779998779296875,40.247928619384766,1231100
2015-02-17,49.619998931884766,49.970001220703125,49.25,49.849998474121094,40.30452346801758,1107500
2015-02-18,49.56999969482422,50.95000076293945,49.56999969482422,50.52000045776367,40.84624099731445,1181700
2015-02-19,50.11000061035156,50.77000045776367,49.959999084472656,50.4900016784668,40.82197570800781,1112900
2015-02-20,49.9900016784668,50.4900016784668,49.38999938964844,50.459999084472656,40.797725677490234,1056900
2015-02-23,50.22999954223633,50.59000015258789,49.65999984741211,49.849998474121094,40.30452346801758,1001500
2015-02-24,49.939998626708984,50.52000045776367,49.900001525878906,50.08000183105469,40.49048614501953,795800
2015-02-25,50.130001068115234,50.650001525878906,49.88999938964844,50.43000030517578,40.77347183227539,868300
2015-02-26,50.33000183105469,50.779998779296875,49.869998931884766,49.95000076293945,40.3853874206543,853600
2015-02-27,49.77000045776367,50.18000030517578,49.529998779296875,49.7400016784668,40.21559524536133,794500
2015-03-02,49.459999084472656,50.209999084472656,49.150001525878906,49.939998626708984,40.377296447753906,998000
2015-03-03,50.02000045776367,50.29999923706055,49.790000915527344,49.97999954223633,40.409645080566406,698700
2015-03-04,49.86000061035156,50.040000915527344,49.47999954223633,49.959999084472656,40.393463134765625,634000
2015-03-05,49.900001525878906,49.900001525878906,49.20000076293945,49.52000045776367,40.037715911865234,706900
2015-03-06,49.099998474121094,49.5099983215332,48.7400016784668,48.790000915527344,39.4474983215332,1000600
2015-03-09,48.97999954223633,49.689998626708984,48.97999954223633,49.189998626708984,39.770904541015625,1058500
2015-03-10,48.75,49.150001525878906,47.900001525878906,48.0099983215332,38.81686782836914,1872900
2015-03-11,48.18000030517578,48.18000030517578,47.04999923706055,47.349998474121094,38.283241271972656,1645800
2015-03-12,47.689998626708984,47.779998779296875,46.9900016784668,47.36000061035156,38.291316986083984,1259500
2015-03-13,47.13999938964844,47.290000915527344,46.61000061035156,47.0,38.00025177001953,1248500
2015-03-16,47.060001373291016,47.45000076293945,46.689998626708984,47.20000076293945,38.16197204589844,1031000
2015-03-17,46.88999938964844,47.41999816894531,46.88999938964844,47.02000045776367,38.01643371582031,896900
2015-03-18,46.75,48.20000076293945,46.529998779296875,47.90999984741211,38.73601531982422,912700
2015-03-19,47.650001525878906,47.650001525878906,46.75,47.31999969482422,38.25899124145508,766300
2015-03-20,47.59000015258789,47.779998779296875,47.31999969482422,47.58000183105469,38.46919250488281,1843300
2015-03-23,47.630001068115234,47.869998931884766,47.2599983215332,47.27000045776367,38.21856689453125,887200
2015-03-24,47.209999084472656,47.380001068115234,46.70000076293945,47.060001373291016,38.04877471923828,924600
2015-03-25,47.27000045776367,47.34000015258789,46.630001068115234,46.91999816894531,37.935569763183594,768100
2015-03-26,46.88999938964844,47.209999084472656,46.65999984741211,46.709999084472656,37.76579284667969,563600
2015-03-27,46.560001373291016,46.93000030517578,46.18000030517578,46.83000183105469,37.86280059814453,594300
2015-03-30,47.16999816894531,48.38999938964844,47.099998474121094,48.06999969482422,38.865379333496094,1049400
2015-03-31,47.869998931884766,48.11000061035156,47.459999084472656,47.63999938964844,38.5177116394043,883500
2015-04-01,47.65999984741211,47.900001525878906,47.209999084472656,47.47999954223633,38.38834762573242,835800
2015-04-02,47.33000183105469,48.43000030517578,47.33000183105469,47.599998474121094,38.48536682128906,868300
2015-04-06,46.38999938964844,47.439998626708984,46.18000030517578,46.959999084472656,37.967918395996094,2037700
2015-04-07,46.880001068115234,47.029998779296875,46.439998626708984,46.91999816894531,37.935569763183594,1108600
2015-04-08,47.09000015258789,47.63999938964844,46.869998931884766,47.040000915527344,38.0325927734375,882800
2015-04-09,47.040000915527344,47.470001220703125,46.97999954223633,47.150001525878906,38.12152862548828,983800
2015-04-10,47.52000045776367,47.91999816894531,47.5,47.720001220703125,38.58238983154297,674700
2015-04-13,47.81999969482422,47.959999084472656,47.22999954223633,47.349998474121094,38.283241271972656,437600
2015-04-14,47.41999816894531,47.650001525878906,47.09000015258789,47.29999923706055,38.24280548095703,667400
2015-04-15,47.560001373291016,49.77000045776367,47.40999984741211,49.439998626708984,39.97303009033203,1673700
2015-04-16,48.31999969482422,48.79999923706055,47.810001373291016,48.2599983215332,39.01898956298828,1557400
2015-04-17,47.84000015258789,48.2400016784668,47.380001068115234,48.09000015258789,38.88154983520508,805500
2015-04-20,48.22999954223633,48.81999969482422,47.880001068115234,48.7400016784668,39.40707778930664,1265100
2015-04-21,48.959999084472656,49.06999969482422,47.88999938964844,48.31999969482422,39.0675048828125,916600
2015-04-22,48.369998931884766,48.52000045776367,47.970001220703125,48.15999984741211,38.93813705444336,1039900
2015-04-23,48.56999969482422,49.209999084472656,48.45000076293945,48.869998931884766,39.51218795776367,1101400
2015-04-24,48.38999938964844,48.90999984741211,48.119998931884766,48.310001373291016,39.059417724609375,1323500
2015-04-27,48.369998931884766,48.97999954223633,48.22999954223633,48.43000030517578,39.15644073486328,2049100
2015-04-28,49.040000915527344,50.41999816894531,47.619998931884766,50.0,40.425811767578125,4233400
2015-04-29,49.900001525878906,51.84000015258789,49.779998779296875,51.58000183105469,41.703269958496094,2411000
2015-04-30,51.5,51.900001525878906,51.08000183105469,51.5099983215332,41.64666748046875,1630000
2015-05-01,51.900001525878906,52.41999816894531,51.34000015258789,51.7599983215332,41.84879684448242,1226600
2015-05-04,51.650001525878906,51.88999938964844,51.38999938964844,51.54999923706055,41.67900466918945,877500
2015-05-05,51.45000076293945,51.970001220703125,50.90999984741211,51.06999969482422,41.29092025756836,927400
2015-05-06,51.439998626708984,51.459999084472656,50.86000061035156,51.22999954223633,41.420284271240234,737300
2015-05-07,51.02000045776367,51.02000045776367,50.33000183105469,50.88999938964844,41.145389556884766,1215600
2015-05-08,51.310001373291016,51.40999984741211,50.869998931884766,50.959999084472656,41.20197296142578,1407200
2015-05-11,51.0,51.470001220703125,50.939998626708984,51.290000915527344,41.46880340576172,942000
2015-05-12,51.13999938964844,51.369998931884766,50.790000915527344,51.0,41.23432540893555,648400
2015-05-13,51.029998779296875,51.709999084472656,50.90999984741211,51.43000030517578,41.68006896972656,710600
2015-05-14,51.650001525878906,52.16999816894531,51.310001373291016,51.939998626708984,42.09336853027344,572000
2015-05-15,51.77000045776367,51.77000045776367,50.720001220703125,51.13999938964844,41.445045471191406,1349800
2015-05-18,51.0,51.20000076293945,50.4900016784668,50.9900016784668,41.323482513427734,804900
2015-05-19,50.939998626708984,51.20000076293945,50.34000015258789,51.15999984741211,41.46124267578125,969700
2015-05-20,51.13999938964844,51.33000183105469,50.709999084472656,51.150001525878906,41.45314025878906,820500
2015-05-21,51.25,52.130001068115234,51.25,51.93000030517578,42.08526611328125,909300
2015-05-22,52.0,52.40999984741211,51.68000030517578,51.86000061035156,42.028541564941406,626700
2015-05-26,51.5099983215332,51.54999923706055,51.029998779296875,51.459999084472656,41.704376220703125,785600
2015-05-27,51.599998474121094,52.029998779296875,51.43000030517578,51.83000183105469,42.004234313964844,610300
2015-05-28,51.61000061035156,51.66999816894531,51.08000183105469,51.56999969482422,41.79352569580078,758900
2015-05-29,51.45000076293945,51.470001220703125,50.66999816894531,50.779998779296875,41.153297424316406,994700
2015-06-01,50.9900016784668,51.02000045776367,49.86000061035156,50.349998474121094,40.80479431152344,968000
2015-06-02,50.31999969482422,50.84000015258789,50.09000015258789,50.599998474121094,41.007408142089844,960100
2015-06-03,50.7599983215332,51.20000076293945,50.5,50.88999938964844,41.2424201965332,515300
2015-06-04,50.59000015258789,51.119998931884766,50.27000045776367,50.880001068115234,41.23432922363281,621400
2015-06-05,50.65999984741211,51.11000061035156,50.16999816894531,51.09000015258789,41.404518127441406,458400
2015-06-08,51.0,51.25,51.0,51.02000045776367,41.34779357910156,542500
2015-06-09,51.15999984741211,51.90999984741211,50.849998474121094,51.189998626708984,41.485557556152344,1063100
2015-06-10,51.5,52.040000915527344,51.34000015258789,51.54999923706055,41.777305603027344,625600
2015-06-11,51.56999969482422,51.810001373291016,51.16999816894531,51.40999984741211,41.66386032104492,783100
2015-06-12,51.290000915527344,51.56999969482422,50.939998626708984,51.130001068115234,41.43693923950195,650000
2015-06-15,50.790000915527344,51.34000015258789,50.400001525878906,51.13999938964844,41.445045471191406,801300
2015-06-16,51.15999984741211,51.400001525878906,51.0,51.349998474121094,41.615230560302734,715900
2015-06-17,51.650001525878906,52.040000915527344,51.279998779296875,51.45000076293945,41.6962776184082,699800
2015-06-18,51.439998626708984,51.9900016784668,51.16999816894531,51.70000076293945,41.89887619018555,586200
2015-06-19,52.630001068115234,53.68000030517578,52.34000015258789,52.68000030517578,42.693084716796875,1924900
2015-06-22,53.79999923706055,55.040000915527344,53.790000915527344,54.970001220703125,44.54896545410156,2041500
2015-06-23,54.97999954223633,56.06999969482422,54.970001220703125,55.06999969482422,44.6299934387207,959500
2015-06-24,54.83000183105469,55.18000030517578,54.4900016784668,54.75,44.370662689208984,1017500
2015-06-25,54.599998474121094,54.84000015258789,54.22999954223633,54.380001068115234,44.07081985473633,1030300
2015-06-26,54.540000915527344,56.619998931884766,54.279998779296875,56.33000183105469,45.65113830566406,2577300
2015-06-29,55.5099983215332,56.689998626708984,55.41999816894531,55.61000061035156,45.06761932373047,1274900
2015-06-30,55.959999084472656,57.2599983215332,55.470001220703125,56.779998779296875,46.01582717895508,1927100
2015-07-01,56.91999816894531,56.939998626708984,54.86000061035156,55.25,44.77588653564453,2019200
2015-07-02,55.470001220703125,55.959999084472656,54.97999954223633,55.22999954223633,44.75966262817383,954600
2015-07-06,54.779998779296875,55.290000915527344,54.310001373291016,54.52000045776367,44.18426513671875,1299000
2015-07-07,54.349998474121094,54.349998474121094,53.470001220703125,54.25,43.965457916259766,1341200
2015-07-08,53.90999984741211,54.0,53.31999969482422,53.599998474121094,43.43867874145508,1095500
2015-07-09,54.22999954223633,54.5,53.439998626708984,53.439998626708984,43.30900955200195,760600
2015-07-10,54.380001068115234,54.43000030517578,53.52000045776367,53.970001220703125,43.73851776123047,740000
2015-07-13,54.709999084472656,55.0,54.189998626708984,54.650001525878906,44.289634704589844,814400
2015-07-14,54.70000076293945,54.84000015258789,54.16999816894531,54.59000015258789,44.240997314453125,691400
2015-07-15,54.91999816894531,55.400001525878906,54.439998626708984,54.560001373291016,44.216678619384766,1021400
2015-07-16,55.02000045776367,55.18000030517578,54.650001525878906,54.939998626708984,44.52463912963867,1152000
2015-07-17,54.90999984741211,54.90999984741211,53.810001373291016,54.20000076293945,43.92493438720703,996000
2015-07-20,54.220001220703125,54.400001525878906,53.70000076293945,54.0099983215332,43.770957946777344,505600
2015-07-21,53.77000045776367,54.349998474121094,53.33000183105469,53.47999954223633,43.341434478759766,844300
2015-07-22,53.27000045776367,54.02000045776367,52.93000030517578,53.7400016784668,43.55214309692383,757100
2015-07-23,53.560001373291016,53.81999969482422,52.41999816894531,53.20000076293945,43.1145133972168,1274300
2015-07-24,53.18000030517578,53.18000030517578,52.2599983215332,52.29999923706055,42.3851203918457,1296700
2015-07-27,52.209999084472656,52.45000076293945,51.529998779296875,51.7599983215332,41.94749450683594,1395100
2015-07-28,53.5,54.189998626708984,50.2599983215332,52.2400016784668,42.33649444580078,3723400
2015-07-29,52.31999969482422,55.02000045776367,52.31999969482422,54.88999938964844,44.484127044677734,2345600
2015-07-30,54.52000045776367,55.040000915527344,53.970001220703125,54.880001068115234,44.47601318359375,1041600
2015-07-31,55.04999923706055,55.11000061035156,54.560001373291016,55.0099983215332,44.581390380859375,868300
2015-08-03,54.970001220703125,55.040000915527344,54.040000915527344,54.599998474121094,44.24910354614258,831400
2015-08-04,54.66999816894531,55.150001525878906,54.20000076293945,54.470001220703125,44.143741607666016,554600
2015-08-05,54.849998474121094,56.0,54.849998474121094,55.7400016784668,45.1729850769043,929500
2015-08-06,55.7400016784668,56.349998474121094,55.209999084472656,56.2400016784668,45.57817840576172,1015900
2015-08-07,56.18000030517578,57.150001525878906,56.029998779296875,56.93000030517578,46.13737869262695,1281100
2015-08-10,57.13999938964844,57.900001525878906,56.83000183105469,57.869998931884766,46.89918518066406,874500
2015-08-11,57.18000030517578,57.630001068115234,56.720001220703125,57.08000183105469,46.25894546508789,556800
2015-08-12,56.810001373291016,56.810001373291016,54.13999938964844,54.93000030517578,44.61031723022461,1638100
2015-08-13,54.75,54.91999816894531,53.84000015258789,54.310001373291016,44.1068115234375,1049300
2015-08-14,54.4900016784668,54.7400016784668,54.029998779296875,54.65999984741211,44.391056060791016,1043500
2015-08-17,54.310001373291016,54.33000183105469,53.060001373291016,53.720001220703125,43.627655029296875,1195300
2015-08-18,53.540000915527344,53.77000045776367,52.900001525878906,53.220001220703125,43.22158432006836,860800
2015-08-19,53.0,53.0099983215332,51.7400016784668,52.040000915527344,42.263267517089844,1111700
2015-08-20,51.880001068115234,52.36000061035156,51.65999984741211,51.65999984741211,41.95465087890625,1662800
2015-08-21,50.7599983215332,51.040000915527344,48.81999969482422,48.84000015258789,39.66445541381836,2117500
2015-08-24,46.22999954223633,48.720001220703125,45.279998779296875,46.81999969482422,38.02395248413086,1965200
2015-08-25,47.97999954223633,48.08000183105469,46.2599983215332,46.290000915527344,37.59352493286133,1589700
2015-08-26,47.25,47.38999938964844,46.41999816894531,47.09000015258789,38.24323272705078,1108800
2015-08-27,47.59000015258789,48.97999954223633,47.369998931884766,48.65999984741211,39.518280029296875,1108400
2015-08-28,48.31999969482422,49.08000183105469,48.290000915527344,48.900001525878906,39.71317672729492,914400
2015-08-31,48.72999954223633,49.68000030517578,48.310001373291016,49.040000915527344,39.82686996459961,953900
2015-09-01,48.029998779296875,48.20000076293945,46.95000076293945,47.2599983215332,38.38128662109375,1575300
2015-09-02,47.720001220703125,47.90999984741211,47.119998931884766,47.90999984741211,38.90916442871094,1105800
2015-09-03,47.689998626708984,48.70000076293945,47.45000076293945,48.560001373291016,39.43704605102539,1041000
2015-09-04,48.11000061035156,48.33000183105469,47.529998779296875,47.56999969482422,38.633052825927734,872800
2015-09-08,48.40999984741211,48.599998474121094,47.939998626708984,48.459999084472656,39.355838775634766,919000
2015-09-09,48.779998779296875,49.4900016784668,48.33000183105469,48.439998626708984,39.339595794677734,970900
2015-09-10,48.349998474121094,48.650001525878906,47.880001068115234,48.459999084472656,39.355838775634766,1054000
2015-09-11,48.029998779296875,48.279998779296875,47.18000030517578,47.400001525878906,38.4949836730957,969300
2015-09-14,47.40999984741211,47.70000076293945,46.849998474121094,47.34000015258789,38.44624710083008,730800
2015-09-15,47.5,48.22999954223633,47.25,48.13999938964844,39.09597396850586,859000
2015-09-16,48.27000045776367,48.470001220703125,47.150001525878906,47.459999084472656,38.5437126159668,1405800
2015-09-17,47.25,47.36000061035156,46.56999969482422,46.689998626708984,37.91836929321289,1187800
2015-09-18,46.130001068115234,46.220001220703125,45.25,45.65999984741211,37.08186340332031,2435300
2015-09-21,45.959999084472656,46.15999984741211,45.380001068115234,45.790000915527344,37.18745040893555,921400
2015-09-22,45.18000030517578,45.79999923706055,44.650001525878906,45.65999984741211,37.08186340332031,1379300
2015-09-23,45.68000030517578,45.75,44.790000915527344,44.84000015258789,36.415924072265625,1245400
2015-09-24,43.77000045776367,45.20000076293945,43.209999084472656,44.95000076293945,36.50526809692383,2125200
2015-09-25,45.0099983215332,46.689998626708984,44.959999084472656,45.88999938964844,37.26866912841797,1915100
2015-09-28,45.619998931884766,45.869998931884766,45.0,45.599998474121094,37.03316116333008,1424700
2015-09-29,45.66999816894531,46.40999984741211,45.5,46.36000061035156,37.65036392211914,1188900
2015-09-30,46.83000183105469,47.13999938964844,46.150001525878906,46.630001068115234,37.86964797973633,1771600
2015-10-01,44.95000076293945,45.38999938964844,43.11000061035156,43.83000183105469,35.595680236816406,3223400
2015-10-02,42.4900016784668,44.040000915527344,41.90999984741211,44.02000045776367,35.74998092651367,1615300
2015-10-05,44.349998474121094,45.86000061035156,44.18000030517578,45.779998779296875,37.179325103759766,1638900
2015-10-06,45.70000076293945,46.459999084472656,45.47999954223633,46.2599983215332,37.56916046142578,1659800
2015-10-07,46.47999954223633,47.0099983215332,45.220001220703125,46.29999923706055,37.601646423339844,1328800
2015-10-08,46.08000183105469,47.709999084472656,46.06999969482422,47.58000183105469,38.64115905761719,850600
2015-10-09,47.720001220703125,47.97999954223633,46.779998779296875,47.0099983215332,38.17825698852539,910200
2015-10-12,47.04999923706055,47.34000015258789,45.97999954223633,46.310001373291016,37.609764099121094,864200
2015-10-13,45.95000076293945,46.06999969482422,45.06999969482422,45.61000061035156,37.04127502441406,1637900
2015-10-14,45.529998779296875,45.93000030517578,44.959999084472656,45.45000076293945,36.91132736206055,933500
2015-10-15,45.33000183105469,45.43000030517578,43.869998931884766,44.709999084472656,36.310340881347656,1396800
2015-10-16,44.849998474121094,44.849998474121094,43.880001068115234,44.2400016784668,35.92864990234375,1043200
2015-10-19,44.099998474121094,44.13999938964844,43.29999923706055,43.86000061035156,35.62004470825195,848200
2015-10-20,43.65999984741211,44.880001068115234,43.369998931884766,44.369998931884766,36.03423309326172,1019200
2015-10-21,44.5099983215332,45.779998779296875,44.5,44.86000061035156,36.43217849731445,1093100
2015-10-22,44.91999816894531,46.68000030517578,44.77000045776367,46.25,37.56102752685547,1217700
2015-10-23,46.459999084472656,46.77000045776367,45.97999954223633,46.33000183105469,37.62600326538086,1060000
2015-10-26,46.29999923706055,46.5,44.7599983215332,44.84000015258789,36.415924072265625,1146900
2015-10-27,44.34000015258789,44.56999969482422,43.68000030517578,44.40999984741211,36.06671905517578,1655000
2015-10-28,45.68000030517578,48.630001068115234,44.040000915527344,48.599998474121094,39.46953582763672,3874300
2015-10-29,48.630001068115234,49.0,48.2400016784668,48.650001525878906,39.51014709472656,1576000
2015-10-30,48.709999084472656,49.02000045776367,48.0,48.38999938964844,39.29899978637695,1410900
2015-11-02,48.58000183105469,50.27000045776367,48.540000915527344,50.08000183105469,40.671485900878906,1758300
2015-11-03,50.06999969482422,50.15999984741211,49.43000030517578,49.5099983215332,40.20857238769531,1298100
2015-11-04,49.79999923706055,49.83000183105469,47.83000183105469,48.0,38.98226547241211,1568500
2015-11-05,48.11000061035156,49.310001373291016,47.77000045776367,48.650001525878906,39.51014709472656,1049500
2015-11-06,48.58000183105469,48.72999954223633,47.43000030517578,48.38999938964844,39.29899978637695,914300
2015-11-09,48.27000045776367,48.29999923706055,47.470001220703125,47.869998931884766,38.87668228149414,881800
2015-11-10,47.720001220703125,48.81999969482422,47.720001220703125,48.470001220703125,39.363956451416016,1207000
2015-11-11,48.689998626708984,48.689998626708984,47.45000076293945,47.59000015258789,38.649288177490234,777100
2015-11-12,47.09000015258789,47.16999816894531,45.34000015258789,45.45000076293945,37.004638671875,1301300
2015-11-13,45.41999816894531,46.290000915527344,45.119998931884766,46.18000030517578,37.5989875793457,1281500
2015-11-16,46.04999923706055,47.13999938964844,46.04999923706055,47.09000015258789,38.33989715576172,758900
2015-11-17,47.33000183105469,47.33000183105469,46.5,46.75,38.06308364868164,600700
2015-11-18,47.119998931884766,48.15999984741211,46.90999984741211,48.130001068115234,39.18663787841797,882100
2015-11-19,47.849998474121094,48.540000915527344,47.63999938964844,48.209999084472656,39.25177764892578,696900
2015-11-20,48.45000076293945,49.2599983215332,48.310001373291016,48.63999938964844,39.601871490478516,680600
2015-11-23,48.25,49.130001068115234,48.11000061035156,48.13999938964844,39.194793701171875,686600
2015-11-24,47.91999816894531,49.45000076293945,47.36000061035156,49.13999938964844,40.008975982666016,1074400
2015-11-25,49.630001068115234,50.380001068115234,49.209999084472656,49.79999923706055,40.54632568359375,1230800
2015-11-27,49.72999954223633,50.310001373291016,49.66999816894531,50.040000915527344,40.741737365722656,427200
2015-11-30,50.29999923706055,50.72999954223633,49.810001373291016,50.2599983215332,40.920860290527344,1435300
2015-12-01,50.029998779296875,51.22999954223633,50.029998779296875,50.779998779296875,41.3442497253418,1308800
2015-12-02,50.77000045776367,51.310001373291016,50.5,51.130001068115234,41.62921142578125,1283900
2015-12-03,51.11000061035156,51.459999084472656,49.83000183105469,50.0,40.709163665771484,947200
2015-12-04,49.88999938964844,51.52000045776367,49.790000915527344,51.439998626708984,41.881591796875,1178800
2015-12-07,51.279998779296875,51.38999938964844,50.29999923706055,50.560001373291016,41.16511154174805,933500
2015-12-08,49.83000183105469,50.81999969482422,49.380001068115234,50.529998779296875,41.14067840576172,1342700
2015-12-09,50.380001068115234,51.72999954223633,50.18000030517578,50.2599983215332,40.920860290527344,1109500
2015-12-10,50.279998779296875,50.849998474121094,50.13999938964844,50.439998626708984,41.067405700683594,854700
2015-12-11,49.66999816894531,49.709999084472656,48.47999954223633,49.029998779296875,39.91939926147461,1208200
2015-12-14,49.20000076293945,49.61000061035156,48.459999084472656,49.41999816894531,40.236942291259766,1051900
2015-12-15,49.52000045776367,49.75,45.529998779296875,46.040000915527344,37.48500061035156,4139200
2015-12-16,46.040000915527344,46.40999984741211,44.630001068115234,45.5,37.04534912109375,2178500
2015-12-17,45.529998779296875,45.66999816894531,44.459999084472656,44.58000183105469,36.296295166015625,1288700
2015-12-18,44.529998779296875,44.529998779296875,43.709999084472656,43.970001220703125,35.79964828491211,1525100
2015-12-21,44.290000915527344,44.540000915527344,43.72999954223633,44.310001373291016,36.07646179199219,824800
2015-12-22,44.41999816894531,45.400001525878906,44.40999984741211,45.060001373291016,36.68710708618164,605600
2015-12-23,45.470001220703125,46.15999984741211,45.22999954223633,46.04999923706055,37.49314498901367,560700
2015-12-24,46.02000045776367,46.40999984741211,45.810001373291016,46.04999923706055,37.49314498901367,254100
2015-12-28,45.91999816894531,46.25,45.43000030517578,46.09000015258789,37.52571105957031,693400
2015-12-29,46.29999923706055,46.66999816894531,42.939998626708984,46.15999984741211,37.58270263671875,650600
2015-12-30,46.18000030517578,46.95000076293945,45.86000061035156,46.22999954223633,37.63970947265625,725400
2015-12-31,45.849998474121094,46.25,45.38999938964844,45.38999938964844,36.95579528808594,1099700
2016-01-04,44.380001068115234,45.040000915527344,43.45000076293945,45.0,36.638248443603516,1574200
2016-01-05,45.0,45.86000061035156,44.97999954223633,45.650001525878906,37.16746520996094,1330100
2016-01-06,44.7599983215332,45.66999816894531,44.72999954223633,45.22999954223633,36.82551956176758,1097200
2016-01-07,44.209999084472656,45.810001373291016,43.939998626708984,45.2599983215332,36.84992980957031,2583100
2016-01-08,45.540000915527344,45.959999084472656,44.849998474121094,45.06999969482422,36.69525146484375,1273400
2016-01-11,45.119998931884766,45.529998779296875,44.63999938964844,45.209999084472656,36.809226989746094,1626300
2016-01-12,45.70000076293945,46.09000015258789,44.02000045776367,45.31999969482422,36.89879608154297,1109300
2016-01-13,45.630001068115234,46.790000915527344,44.869998931884766,44.970001220703125,36.613834381103516,1904700
2016-01-14,45.22999954223633,45.77000045776367,44.0,45.119998931884766,36.735958099365234,1402200
2016-01-15,43.90999984741211,45.47999954223633,43.7599983215332,44.72999954223633,36.41842269897461,2289600
2016-01-19,45.25,45.68000030517578,43.84000015258789,44.61000061035156,36.320716857910156,1304400
2016-01-20,43.77000045776367,44.86000061035156,43.20000076293945,44.470001220703125,36.20673751831055,1400100
2016-01-21,44.470001220703125,44.880001068115234,43.91999816894531,44.22999954223633,36.01133346557617,1292900
2016-01-22,45.130001068115234,46.63999938964844,45.099998474121094,45.95000076293945,37.41172790527344,1118200
2016-01-25,45.630001068115234,46.02000045776367,44.15999984741211,44.25,36.02761459350586,1007700
2016-01-26,44.75,46.959999084472656,44.65999984741211,46.58000183105469,37.9246711730957,1554100
2016-01-27,46.279998779296875,48.459999084472656,45.45000076293945,46.959999084472656,38.23405075073242,1305700
2016-01-28,47.599998474121094,48.18000030517578,46.20000076293945,47.150001525878906,38.38874816894531,1137800
2016-01-29,47.790000915527344,48.790000915527344,47.290000915527344,48.77000045776367,39.70772171020508,1737100
2016-02-01,48.4900016784668,49.20000076293945,47.47999954223633,48.33000183105469,39.3494873046875,2173000
2016-02-02,46.02000045776367,46.7599983215332,42.400001525878906,44.02000045776367,35.84035873413086,4289300
2016-02-03,44.08000183105469,45.060001373291016,42.9900016784668,44.54999923706055,36.27187728881836,1673000
2016-02-04,44.4900016784668,48.099998474121094,44.400001525878906,47.18000030517578,38.41317367553711,2005500
2016-02-05,46.79999923706055,47.529998779296875,46.689998626708984,47.310001373291016,38.51901626586914,1512200
2016-02-08,46.52000045776367,47.5,46.16999816894531,46.880001068115234,38.16892623901367,1235600
2016-02-09,46.08000183105469,46.75,45.31999969482422,46.380001068115234,37.76183319091797,1261400
2016-02-10,46.720001220703125,46.869998931884766,44.47999954223633,45.029998779296875,36.66267395019531,1142400
2016-02-11,44.04999923706055,46.060001373291016,43.75,45.68000030517578,37.299583435058594,1276600
2016-02-12,46.689998626708984,46.689998626708984,44.959999084472656,45.720001220703125,37.33224868774414,839000
2016-02-16,46.689998626708984,47.36000061035156,45.959999084472656,47.34000015258789,38.65503692626953,1491600
2016-02-17,48.0,49.310001373291016,47.779998779296875,49.25,40.214622497558594,1147300
2016-02-18,49.220001220703125,49.65999984741211,47.34000015258789,47.7599983215332,38.99797439575195,855000
2016-02-19,46.880001068115234,46.880001068115234,43.790000915527344,46.400001525878906,37.88749694824219,1160800
2016-02-22,46.88999938964844,47.619998931884766,46.529998779296875,47.25,38.58154296875,1302000
2016-02-23,47.13999938964844,47.790000915527344,46.619998931884766,46.689998626708984,38.1242790222168,705600
2016-02-24,45.95000076293945,47.2599983215332,45.58000183105469,47.099998474121094,38.45906448364258,665300
2016-02-25,47.959999084472656,47.959999084472656,46.93000030517578,47.90999984741211,39.12046432495117,734100
2016-02-26,48.15999984741211,48.439998626708984,47.599998474121094,47.88999938964844,39.10414123535156,495700
2016-02-29,48.0099983215332,49.61000061035156,47.36000061035156,49.4900016784668,40.410606384277344,1468700
2016-03-01,49.79999923706055,50.290000915527344,48.97999954223633,50.279998779296875,41.055667877197266,921900
2016-03-02,50.33000183105469,50.689998626708984,49.810001373291016,50.5099983215332,41.243465423583984,1086400
2016-03-03,50.470001220703125,51.11000061035156,49.959999084472656,51.060001373291016,41.69257354736328,1793300
2016-03-04,51.11000061035156,52.650001525878906,50.65999984741211,52.20000076293945,42.62343215942383,1311400
2016-03-07,51.880001068115234,53.349998474121094,51.599998474121094,53.279998779296875,43.50529098510742,953500
2016-03-08,52.79999923706055,52.91999816894531,51.369998931884766,51.5099983215332,42.06000518798828,1280600
2016-03-09,51.849998474121094,52.54999923706055,51.54999923706055,52.25,42.66425704956055,578900
2016-03-10,52.27000045776367,52.27000045776367,50.20000076293945,51.439998626708984,42.00285720825195,1019300
2016-03-11,51.959999084472656,52.15999984741211,51.15999984741211,52.02000045776367,42.47644805908203,652200
2016-03-14,51.689998626708984,52.18000030517578,51.099998474121094,51.310001373291016,41.896705627441406,833800
2016-03-15,50.459999084472656,50.970001220703125,49.79999923706055,50.689998626708984,41.390445709228516,1185600
2016-03-16,50.72999954223633,51.939998626708984,50.43000030517578,51.90999984741211,42.386627197265625,706100
2016-03-17,51.90999984741211,53.0,51.65999984741211,52.599998474121094,42.95004653930664,1057300
2016-03-18,52.58000183105469,53.02000045776367,51.75,52.25,42.66425704956055,1472500
2016-03-21,52.2400016784668,52.7599983215332,51.790000915527344,52.08000183105469,42.525455474853516,605000
2016-03-22,51.560001373291016,51.97999954223633,51.279998779296875,51.709999084472656,42.22330856323242,593000
2016-03-23,51.470001220703125,51.779998779296875,50.47999954223633,50.9900016784668,41.63541793823242,855500
2016-03-24,50.65999984741211,51.189998626708984,50.029998779296875,51.0099983215332,41.6517448425293,581700
2016-03-28,51.209999084472656,51.220001220703125,50.189998626708984,50.63999938964844,41.3496208190918,559300
2016-03-29,50.380001068115234,51.52000045776367,50.380001068115234,51.349998474121094,41.92937088012695,657700
2016-03-30,51.5,51.810001373291016,51.16999816894531,51.38999938964844,41.96202087402344,617600
2016-03-31,51.45000076293945,51.47999954223633,49.59000015258789,49.70000076293945,40.58208084106445,1711500
2016-04-01,49.13999938964844,50.06999969482422,48.0,49.939998626708984,40.778045654296875,1246700
2016-04-04,49.83000183105469,49.97999954223633,49.15999984741211,49.31999969482422,40.27178955078125,529800
2016-04-05,49.02000045776367,49.72999954223633,48.599998474121094,48.68000030517578,39.74919128417969,1215100
2016-04-06,48.7400016784668,48.95000076293945,47.970001220703125,48.93000030517578,39.953338623046875,747700
2016-04-07,48.560001373291016,48.720001220703125,47.869998931884766,48.220001220703125,39.373592376708984,899700
2016-04-08,48.90999984741211,49.439998626708984,48.439998626708984,48.630001068115234,39.708377838134766,854000
2016-04-11,48.959999084472656,49.66999816894531,48.45000076293945,48.470001220703125,39.57772445678711,572600
2016-04-12,48.470001220703125,49.290000915527344,48.27000045776367,48.93000030517578,39.953338623046875,625800
2016-04-13,49.61000061035156,50.86000061035156,49.40999984741211,50.650001525878906,41.35779571533203,1164100
2016-04-14,50.75,50.790000915527344,50.0,50.18000030517578,40.97401428222656,944500
2016-04-15,50.130001068115234,50.38999938964844,49.540000915527344,50.25,41.03117370605469,513800
2016-04-18,50.25,50.709999084472656,49.650001525878906,50.41999816894531,41.16997146606445,442500
2016-04-19,50.63999938964844,52.290000915527344,50.470001220703125,52.2599983215332,42.672420501708984,1025300
2016-04-20,52.33000183105469,53.29999923706055,52.220001220703125,52.869998931884766,43.170501708984375,995200
2016-04-21,53.08000183105469,53.45000076293945,52.45000076293945,52.529998779296875,42.89289093017578,688900
2016-04-22,52.61000061035156,53.45000076293945,52.11000061035156,53.040000915527344,43.3093147277832,983700
2016-04-25,53.0,53.16999816894531,52.470001220703125,53.040000915527344,43.3093147277832,808400
2016-04-26,53.38999938964844,53.58000183105469,52.689998626708984,53.22999954223633,43.4644660949707,1607200
2016-04-27,55.0,56.0,51.130001068115234,53.970001220703125,44.068695068359375,2950000
2016-04-28,53.9900016784668,54.459999084472656,52.08000183105469,53.36000061035156,43.57060241699219,1566800
2016-04-29,53.41999816894531,54.63999938964844,53.20000076293945,53.470001220703125,43.660430908203125,1468200
2016-05-02,53.52000045776367,53.650001525878906,52.61000061035156,53.2400016784668,43.47264099121094,1139900
2016-05-03,52.47999954223633,52.790000915527344,52.189998626708984,52.58000183105469,42.933719635009766,846500
2016-05-04,52.400001525878906,52.84000015258789,51.31999969482422,51.58000183105469,42.11717987060547,1001100
2016-05-05,51.939998626708984,51.97999954223633,50.7400016784668,50.83000183105469,41.5047721862793,891300
2016-05-06,50.63999938964844,51.810001373291016,50.41999816894531,51.380001068115234,41.9538688659668,790100
2016-05-09,50.869998931884766,51.400001525878906,50.40999984741211,51.060001373291016,41.69257354736328,1059000
2016-05-10,51.29999923706055,52.58000183105469,51.09000015258789,52.34000015258789,42.73773956298828,1391900
2016-05-11,52.20000076293945,52.68000030517578,51.880001068115234,52.209999084472656,42.631595611572266,588200
2016-05-12,52.43000030517578,52.880001068115234,51.65999984741211,52.43000030517578,42.9180908203125,1277200
2016-05-13,52.16999816894531,52.38999938964844,51.33000183105469,51.470001220703125,42.13226318359375,749700
2016-05-16,51.619998931884766,52.279998779296875,51.599998474121094,51.7400016784668,42.35328674316406,825900
2016-05-17,51.75,52.290000915527344,51.0,51.2400016784668,41.94398498535156,608300
2016-05-18,51.06999969482422,51.77000045776367,50.810001373291016,51.36000061035156,42.04221725463867,881200
2016-05-19,50.83000183105469,51.150001525878906,50.349998474121094,51.02000045776367,41.7639045715332,1097400
2016-05-20,51.060001373291016,51.369998931884766,49.40999984741211,49.79999923706055,40.765235900878906,1810300
2016-05-23,49.540000915527344,50.619998931884766,49.2400016784668,50.04999923706055,40.96987533569336,631300
2016-05-24,50.58000183105469,51.47999954223633,50.31999969482422,51.15999984741211,41.878501892089844,1038900
2016-05-25,51.5,51.79999923706055,51.099998474121094,51.59000015258789,42.23048400878906,718400
2016-05-26,51.81999969482422,51.90999984741211,51.290000915527344,51.5099983215332,42.16499710083008,532500
2016-05-27,51.349998474121094,51.689998626708984,50.93000030517578,51.31999969482422,42.00947189331055,472700
2016-05-31,51.63999938964844,52.93000030517578,51.599998474121094,51.93000030517578,42.50881576538086,1119600
2016-06-01,51.529998779296875,52.2599983215332,51.22999954223633,51.84000015258789,42.43512725830078,1126700
2016-06-02,51.900001525878906,52.619998931884766,51.59000015258789,52.59000015258789,43.049072265625,839300
2016-06-03,52.709999084472656,53.599998474121094,52.63999938964844,53.11000061035156,43.4747200012207,831400
2016-06-06,53.45000076293945,55.099998474121094,53.27000045776367,54.9900016784668,45.01365661621094,887900
2016-06-07,54.849998474121094,55.279998779296875,54.59000015258789,54.939998626708984,44.97272491455078,690500
2016-06-08,55.310001373291016,55.310001373291016,54.7400016784668,54.88999938964844,44.93180847167969,467700
2016-06-09,54.2400016784668,54.7400016784668,53.02000045776367,54.540000915527344,44.64529800415039,366600
2016-06-10,53.83000183105469,54.41999816894531,53.650001525878906,53.779998779296875,44.023170471191406,719300
2016-06-13,53.63999938964844,54.31999969482422,52.86000061035156,52.86000061035156,43.27008056640625,697100
2016-06-14,52.61000061035156,53.13999938964844,52.15999984741211,52.599998474121094,43.0572509765625,493800
2016-06-15,52.88999938964844,53.09000015258789,52.27000045776367,52.310001373291016,42.819862365722656,483100
2016-06-16,52.0099983215332,52.040000915527344,51.04999923706055,51.880001068115234,42.46786880493164,699600
2016-06-17,52.06999969482422,52.72999954223633,51.880001068115234,52.099998474121094,42.64796447753906,1143200
2016-06-20,52.52000045776367,53.06999969482422,52.38999938964844,52.540000915527344,43.00812911987305,587800
2016-06-21,52.41999816894531,52.41999816894531,51.54999923706055,51.56999969482422,42.214115142822266,1046300
2016-06-22,51.880001068115234,52.47999954223633,51.66999816894531,51.86000061035156,42.45150375366211,593000
2016-06-23,52.66999816894531,52.88999938964844,51.900001525878906,52.25,42.7707405090332,672200
2016-06-24,50.09000015258789,50.29999923706055,48.310001373291016,48.33000183105469,39.56193161010742,1875500
2016-06-27,47.0,47.369998931884766,44.68000030517578,45.5099983215332,37.25352096557617,1914100
2016-06-28,46.11000061035156,46.560001373291016,45.0099983215332,46.119998931884766,37.752864837646484,1159200
2016-06-29,46.689998626708984,47.15999984741211,46.130001068115234,46.45000076293945,38.02298355102539,964800
2016-06-30,46.720001220703125,47.189998626708984,46.18000030517578,47.130001068115234,38.579620361328125,1430900
2016-07-01,47.130001068115234,47.689998626708984,46.97999954223633,47.18000030517578,38.62056350708008,966500
2016-07-05,46.689998626708984,46.959999084472656,45.470001220703125,46.220001220703125,37.834712982177734,869900
2016-07-06,45.93000030517578,46.72999954223633,45.7400016784668,46.72999954223633,38.252193450927734,993500
2016-07-07,47.0,47.31999969482422,46.369998931884766,46.689998626708984,38.219459533691406,620200
2016-07-08,47.22999954223633,47.849998474121094,47.22999954223633,47.70000076293945,39.04622268676758,586100
2016-07-11,48.279998779296875,48.349998474121094,47.619998931884766,47.84000015258789,39.16081619262695,326900
2016-07-12,48.470001220703125,48.97999954223633,48.060001373291016,48.81999969482422,39.9630241394043,482200
2016-07-13,49.279998779296875,49.33000183105469,48.36000061035156,48.75,39.90571594238281,890500
2016-07-14,49.4900016784668,49.81999969482422,49.15999984741211,49.22999954223633,40.29863357543945,680600
2016-07-15,49.33000183105469,49.619998931884766,48.959999084472656,49.31999969482422,40.372318267822266,557800
2016-07-18,48.959999084472656,50.0,48.88999938964844,49.90999984741211,40.85527038574219,546900
2016-07-19,49.529998779296875,49.529998779296875,48.61000061035156,48.9900016784668,40.1021842956543,415000
2016-07-20,49.060001373291016,49.349998474121094,48.790000915527344,48.869998931884766,40.003936767578125,474400
2016-07-21,49.380001068115234,50.209999084472656,49.209999084472656,49.310001373291016,40.36412048339844,869400
2016-07-22,48.93000030517578,49.18000030517578,47.939998626708984,48.54999923706055,39.742000579833984,760000
2016-07-25,47.689998626708984,47.689998626708984,46.34000015258789,47.2599983215332,38.686038970947266,1291700
2016-07-26,47.59000015258789,48.77000045776367,47.59000015258789,48.40999984741211,39.627418518066406,948800
2016-07-27,48.61000061035156,48.970001220703125,48.349998474121094,48.459999084472656,39.6683235168457,624900
2016-07-28,48.369998931884766,48.599998474121094,47.90999984741211,47.959999084472656,39.259033203125,410500
2016-07-29,47.66999816894531,48.5099983215332,47.650001525878906,48.15999984741211,39.42274856567383,518600
2016-08-01,48.04999923706055,48.83000183105469,47.65999984741211,48.380001068115234,39.60285186767578,900900
2016-08-02,48.349998474121094,48.47999954223633,47.77000045776367,48.060001373291016,39.340911865234375,654700
2016-08-03,48.0,49.130001068115234,47.810001373291016,48.77000045776367,39.922096252441406,1057000
2016-08-04,48.790000915527344,49.709999084472656,46.75,46.86000061035156,38.35860824584961,1644000
2016-08-05,46.869998931884766,48.560001373291016,46.869998931884766,48.41999816894531,39.63559341430664,816600
2016-08-08,48.650001525878906,49.15999984741211,48.33000183105469,49.13999938964844,40.22495651245117,944900
2016-08-09,49.11000061035156,49.560001373291016,48.16999816894531,48.7400016784668,39.89753723144531,1222100
2016-08-10,48.959999084472656,49.15999984741211,47.7599983215332,47.88999938964844,39.20173645019531,639800
2016-08-11,47.880001068115234,48.25,47.72999954223633,48.0,39.39873504638672,678600
2016-08-12,48.0,48.2400016784668,47.060001373291016,47.150001525878906,38.701053619384766,845100
2016-08-15,47.34000015258789,47.880001068115234,47.34000015258789,47.849998474121094,39.27561569213867,519700
2016-08-16,47.7599983215332,47.869998931884766,47.43000030517578,47.599998474121094,39.07041931152344,458100
2016-08-17,47.540000915527344,47.66999816894531,46.939998626708984,46.97999954223633,38.56150817871094,623800
2016-08-18,47.0,47.29999923706055,46.599998474121094,46.65999984741211,38.29885482788086,840900
2016-08-19,47.2400016784668,50.099998474121094,46.81999969482422,49.849998474121094,40.917232513427734,2393700
2016-08-22,49.380001068115234,49.90999984741211,48.93000030517578,49.4900016784668,40.62174606323242,860600
2016-08-23,49.779998779296875,49.939998626708984,49.310001373291016,49.52000045776367,40.6463623046875,494400
2016-08-24,49.45000076293945,49.560001373291016,49.02000045776367,49.150001525878906,40.342674255371094,504100
2016-08-25,49.130001068115234,49.130001068115234,48.29999923706055,48.58000183105469,39.874813079833984,596000
2016-08-26,48.58000183105469,48.84000015258789,47.77000045776367,47.900001525878906,39.31666564941406,554000
2016-08-29,48.06999969482422,48.779998779296875,47.849998474121094,48.560001373291016,39.858394622802734,465000
2016-08-30,48.560001373291016,49.130001068115234,48.38999938964844,48.83000183105469,40.08000183105469,1010500
2016-08-31,48.7599983215332,49.18000030517578,48.099998474121094,48.540000915527344,39.841976165771484,870900
2016-09-01,48.58000183105469,48.83000183105469,47.209999084472656,47.439998626708984,38.9390869140625,730100
2016-09-02,47.810001373291016,47.959999084472656,47.290000915527344,47.59000015258789,39.06220626831055,523200
2016-09-06,47.709999084472656,48.09000015258789,47.52000045776367,47.939998626708984,39.34949493408203,586600
2016-09-07,47.81999969482422,48.25,47.459999084472656,48.06999969482422,39.45619583129883,602900
2016-09-08,47.91999816894531,48.150001525878906,47.459999084472656,48.099998474121094,39.48080825805664,671200
2016-09-09,47.77000045776367,48.0,46.869998931884766,46.880001068115234,38.479427337646484,562600
2016-09-12,46.369998931884766,47.56999969482422,46.369998931884766,47.47999954223633,38.971920013427734,487200
2016-09-13,46.88999938964844,47.04999923706055,46.400001525878906,46.529998779296875,38.19214630126953,583600
2016-09-14,46.619998931884766,46.70000076293945,46.220001220703125,46.459999084472656,38.134700775146484,552800
2016-09-15,46.540000915527344,47.189998626708984,46.459999084472656,47.11000061035156,38.668212890625,425400
2016-09-16,46.900001525878906,47.16999816894531,46.63999938964844,46.72999954223633,38.356319427490234,1161800
2016-09-19,47.06999969482422,47.369998931884766,46.709999084472656,47.06999969482422,38.63538360595703,428600
2016-09-20,47.29999923706055,47.439998626708984,47.0,47.0,38.57792663574219,462600
2016-09-21,47.400001525878906,47.88999938964844,47.369998931884766,47.810001373291016,39.2427864074707,402100
2016-09-22,48.2599983215332,48.599998474121094,48.02000045776367,48.459999084472656,39.776309967041016,482400
2016-09-23,48.130001068115234,48.470001220703125,47.790000915527344,47.81999969482422,39.25098419189453,361900
2016-09-26,47.70000076293945,47.790000915527344,47.45000076293945,47.5099983215332,38.996524810791016,517600
2016-09-27,47.189998626708984,47.45000076293945,46.75,46.79999923706055,38.41376876831055,687300
2016-09-28,46.959999084472656,47.7599983215332,46.79999923706055,47.720001220703125,39.168922424316406,794300
2016-09-29,47.849998474121094,48.939998626708984,47.75,47.83000183105469,39.25919723510742,639400
2016-09-30,48.16999816894531,49.41999816894531,48.11000061035156,49.31999969482422,40.48220443725586,981800
2016-10-03,49.02000045776367,49.849998474121094,48.9900016784668,49.290000915527344,40.457576751708984,642100
2016-10-04,49.31999969482422,49.939998626708984,48.83000183105469,48.88999938964844,40.12925338745117,516200
2016-10-05,49.40999984741211,49.95000076293945,49.27000045776367,49.439998626708984,40.58069610595703,681600
2016-10-06,49.189998626708984,50.150001525878906,48.779998779296875,50.060001373291016,41.089595794677734,569900
2016-10-07,50.13999938964844,50.59000015258789,49.689998626708984,50.20000076293945,41.204524993896484,1183000
2016-10-10,52.9900016784668,53.06999969482422,51.63999938964844,52.029998779296875,42.70659255981445,1377500
2016-10-11,51.970001220703125,52.72999954223633,51.36000061035156,51.70000076293945,42.435726165771484,1005300
2016-10-12,51.689998626708984,52.189998626708984,51.650001525878906,52.0,42.681968688964844,1110300
2016-10-13,51.0099983215332,51.59000015258789,50.790000915527344,51.279998779296875,42.09098815917969,1054900
2016-10-14,52.150001525878906,52.349998474121094,51.0099983215332,51.08000183105469,41.92681884765625,865800
2016-10-17,50.970001220703125,51.689998626708984,50.970001220703125,51.380001068115234,42.17306900024414,601000
2016-10-18,52.08000183105469,52.709999084472656,50.970001220703125,52.209999084472656,42.854331970214844,1303500
2016-10-19,52.2400016784668,52.45000076293945,51.529998779296875,51.61000061035156,42.361839294433594,767000
2016-10-20,50.7400016784668,51.5,50.59000015258789,50.77000045776367,41.67237091064453,758600
2016-10-21,50.459999084472656,51.4900016784668,50.220001220703125,51.310001373291016,42.11561584472656,559500
2016-10-24,51.95000076293945,52.2400016784668,51.560001373291016,51.84000015258789,42.55064010620117,793100
2016-10-25,51.650001525878906,52.20000076293945,51.099998474121094,51.709999084472656,42.44392776489258,1518900
2016-10-26,51.33000183105469,52.5099983215332,49.61000061035156,50.810001373291016,41.70521545410156,2215000
2016-10-27,50.88999938964844,51.20000076293945,49.529998779296875,50.02000045776367,41.0567741394043,1451700
2016-10-28,50.13999938964844,50.810001373291016,49.869998931884766,50.310001373291016,41.294803619384766,540900
2016-10-31,50.459999084472656,51.529998779296875,50.400001525878906,51.08000183105469,41.92681884765625,1070000
2016-11-01,50.939998626708984,51.40999984741211,49.77000045776367,49.959999084472656,41.00752258300781,1100700
2016-11-02,49.84000015258789,49.97999954223633,48.93000030517578,49.099998474121094,40.30162811279297,1288200
2016-11-03,49.15999984741211,49.630001068115234,49.040000915527344,49.290000915527344,40.457576751708984,420300
2016-11-04,49.04999923706055,50.11000061035156,49.04999923706055,49.54999923706055,40.67097854614258,793900
2016-11-07,50.59000015258789,51.220001220703125,50.290000915527344,50.70000076293945,41.61491394042969,811400
2016-11-08,50.45000076293945,51.27000045776367,50.369998931884766,50.91999816894531,41.79549026489258,545800
2016-11-09,50.79999923706055,52.130001068115234,50.61000061035156,51.150001525878906,41.984283447265625,1279900
2016-11-10,51.91999816894531,52.45000076293945,51.59000015258789,51.90999984741211,42.7166633605957,862800
2016-11-11,51.93000030517578,52.33000183105469,51.290000915527344,52.220001220703125,42.971763610839844,993400
2016-11-14,52.45000076293945,53.22999954223633,52.029998779296875,53.0,43.613624572753906,1063900
2016-11-15,53.099998474121094,53.810001373291016,52.7599983215332,53.72999954223633,44.21435546875,854400
2016-11-16,53.52000045776367,53.79999923706055,53.2400016784668,53.310001373291016,43.86872482299805,791800
2016-11-17,53.290000915527344,53.63999938964844,53.15999984741211,53.459999084472656,43.99215316772461,492400
2016-11-18,53.54999923706055,53.56999969482422,52.65999984741211,52.709999084472656,43.37497329711914,500700
2016-11-21,52.97999954223633,53.25,52.54999923706055,53.220001220703125,43.794654846191406,549300
2016-11-22,53.540000915527344,54.41999816894531,53.290000915527344,54.33000183105469,44.708072662353516,996400
2016-11-23,55.72999954223633,56.439998626708984,55.47999954223633,56.15999984741211,46.2139778137207,1622700
2016-11-25,56.0099983215332,56.540000915527344,55.5099983215332,56.5,46.49376678466797,438000
2016-11-28,56.9900016784668,56.9900016784668,56.16999816894531,56.290000915527344,46.32097244262695,1260300
2016-11-29,55.61000061035156,56.33000183105469,55.45000076293945,55.86000061035156,45.96711349487305,847200
2016-11-30,56.400001525878906,56.59000015258789,55.79999923706055,55.79999923706055,45.91773223876953,769700
2016-12-01,55.7400016784668,57.08000183105469,55.59000015258789,56.81999969482422,46.75709915161133,1063600
2016-12-02,56.560001373291016,57.06999969482422,56.310001373291016,56.83000183105469,46.76532745361328,664600
2016-12-05,57.400001525878906,58.36000061035156,57.16999816894531,57.47999954223633,47.30020523071289,2140400
2016-12-06,57.310001373291016,59.09000015258789,56.88999938964844,58.66999816894531,48.279457092285156,1735300
2016-12-07,58.09000015258789,59.88999938964844,58.09000015258789,59.79999923706055,49.20932388305664,1017600
2016-12-08,59.90999984741211,61.220001220703125,59.40999984741211,60.65999984741211,49.91701889038086,1742000
2016-12-09,60.650001525878906,60.72999954223633,60.0,60.349998474121094,49.661922454833984,868800
2016-12-12,60.310001373291016,61.0,60.119998931884766,60.27000045776367,49.59608840942383,727800
2016-12-13,59.04999923706055,59.959999084472656,59.04999923706055,59.22999954223633,48.74028015136719,1063400
2016-12-14,58.900001525878906,58.95000076293945,57.54999923706055,57.630001068115234,47.42364501953125,795200
2016-12-15,57.380001068115234,57.86000061035156,57.15999984741211,57.56999969482422,47.374271392822266,1109800
2016-12-16,57.5,59.70000076293945,57.279998779296875,58.22999954223633,47.9173698425293,1569100
2016-12-19,58.369998931884766,59.27000045776367,58.06999969482422,58.13999938964844,47.843318939208984,941800
2016-12-20,58.41999816894531,58.84000015258789,57.9900016784668,58.349998474121094,48.0161247253418,599600
2016-12-21,58.400001525878906,58.400001525878906,57.27000045776367,57.56999969482422,47.374271392822266,846400
2016-12-22,57.7400016784668,57.7400016784668,57.060001373291016,57.54999923706055,47.35780334472656,829700
2016-12-23,57.58000183105469,58.16999816894531,57.439998626708984,57.7599983215332,47.53062438964844,308500
2016-12-27,58.04999923706055,58.59000015258789,57.849998474121094,58.29999923706055,47.974979400634766,332800
2016-12-28,58.400001525878906,58.790000915527344,57.70000076293945,58.099998474121094,47.8104133605957,601400
2016-12-29,58.150001525878906,58.61000061035156,57.79999923706055,58.04999923706055,47.769256591796875,1482100
2016-12-30,58.22999954223633,58.38999938964844,57.720001220703125,57.86000061035156,47.612911224365234,454600
2017-01-03,58.599998474121094,58.72999954223633,57.7599983215332,58.310001373291016,47.98321533203125,664900
2017-01-04,58.900001525878906,60.790000915527344,58.900001525878906,60.59000015258789,49.85942459106445,1587300
2017-01-05,60.33000183105469,60.79999923706055,60.040000915527344,60.349998474121094,49.661922454833984,1112400
2017-01-06,59.86000061035156,60.709999084472656,59.119998931884766,60.540000915527344,49.81828308105469,558900
2017-01-09,60.5,60.7400016784668,59.95000076293945,60.4900016784668,49.777122497558594,1055400
2017-01-10,60.38999938964844,60.93000030517578,60.0,60.34000015258789,49.65370178222656,1107500
2017-01-11,60.279998779296875,60.86000061035156,60.279998779296875,60.849998474121094,50.07337951660156,507100
2017-01-12,60.65999984741211,60.880001068115234,59.84000015258789,60.650001525878906,49.90879821777344,456900
2017-01-13,60.88999938964844,61.470001220703125,60.650001525878906,60.880001068115234,50.098052978515625,597300
2017-01-17,60.619998931884766,61.0099983215332,60.290000915527344,60.650001525878906,49.90879821777344,909600
2017-01-18,60.869998931884766,61.709999084472656,60.869998931884766,61.709999084472656,50.78105545043945,900600
2017-01-19,62.04999923706055,62.2599983215332,61.290000915527344,61.68000030517578,50.75638198852539,798000
2017-01-20,61.959999084472656,62.290000915527344,61.70000076293945,62.279998779296875,51.2501106262207,1388700
2017-01-23,62.29999923706055,62.54999923706055,61.959999084472656,62.2400016784668,51.21719741821289,534800
2017-01-24,62.84000015258789,63.720001220703125,62.4900016784668,63.470001220703125,52.22936248779297,711100
2017-01-25,63.959999084472656,64.37999725341797,63.900001525878906,64.0,52.665504455566406,963600
2017-01-26,63.880001068115234,64.11000061035156,63.45000076293945,63.5,52.254058837890625,465500
2017-01-27,63.720001220703125,63.959999084472656,63.189998626708984,63.459999084472656,52.22114181518555,481000
2017-01-30,63.11000061035156,63.18000030517578,62.310001373291016,63.099998474121094,51.92488479614258,984500
2017-01-31,63.0,63.0,62.16999816894531,62.79999923706055,51.67803955078125,789900
2017-02-01,62.77000045776367,63.290000915527344,62.279998779296875,62.38999938964844,51.34063720703125,750000
2017-02-02,62.4900016784668,62.63999938964844,61.81999969482422,62.400001525878906,51.3488655090332,906300
2017-02-03,62.939998626708984,63.220001220703125,62.59000015258789,63.18000030517578,51.99073028564453,348200
2017-02-06,63.09000015258789,63.34000015258789,62.790000915527344,63.11000061035156,51.93313217163086,1226700
2017-02-07,63.75,64.16999816894531,62.5099983215332,63.9900016784668,52.65727615356445,1368500
2017-02-08,64.01000213623047,64.29000091552734,63.61000061035156,64.08999633789062,52.73957824707031,1034400
2017-02-09,64.41000366210938,64.5,63.849998474121094,64.31999969482422,52.9288330078125,1945900
2017-02-10,64.54000091552734,64.79000091552734,64.04000091552734,64.73999786376953,53.274444580078125,553100
2017-02-13,64.75,64.9000015258789,64.1500015258789,64.16999816894531,52.919837951660156,765400
2017-02-14,64.08000183105469,64.2699966430664,63.79999923706055,64.25,52.98580551147461,625800
2017-02-15,63.91999816894531,64.4800033569336,63.72999954223633,64.4800033569336,53.175498962402344,549600
2017-02-16,64.45999908447266,64.45999908447266,63.5,63.810001373291016,52.62295150756836,791500
2017-02-17,63.65999984741211,64.45999908447266,63.369998931884766,63.9900016784668,52.77139663696289,581600
2017-02-21,64.0999984741211,64.0999984741211,63.060001373291016,63.38999938964844,52.27657699584961,1209900
2017-02-22,63.27000045776367,63.5,62.939998626708984,63.02000045776367,51.971458435058594,996200
2017-02-23,62.95000076293945,63.18000030517578,61.20000076293945,61.2599983215332,50.52001190185547,1434600
2017-02-24,60.88999938964844,61.72999954223633,60.72999954223633,61.72999954223633,50.907615661621094,454900
2017-02-27,61.540000915527344,62.16999816894531,61.43000030517578,61.90999984741211,51.05605697631836,441500
2017-02-28,61.47999954223633,62.02000045776367,60.83000183105469,60.91999816894531,50.23960876464844,688900
2017-03-01,61.689998626708984,62.65999984741211,61.689998626708984,62.400001525878906,51.46014404296875,640000
2017-03-02,62.13999938964844,62.220001220703125,60.939998626708984,60.9900016784668,50.297340393066406,635400
2017-03-03,61.13999938964844,61.4900016784668,60.65999984741211,61.439998626708984,50.66845703125,392500
2017-03-06,60.86000061035156,61.27000045776367,60.63999938964844,61.11000061035156,50.39631271362305,387100
2017-03-07,60.9900016784668,61.4900016784668,60.5099983215332,60.56999969482422,49.950984954833984,629500
2017-03-08,60.70000076293945,61.029998779296875,59.81999969482422,59.81999969482422,49.33247756958008,840100
2017-03-09,59.939998626708984,60.119998931884766,58.88999938964844,59.189998626708984,48.81290817260742,598200
2017-03-10,59.54999923706055,59.650001525878906,58.869998931884766,59.5099983215332,49.07682418823242,455900
2017-03-13,59.7400016784668,59.79999923706055,59.20000076293945,59.2599983215332,48.87063980102539,633300
2017-03-14,59.15999984741211,59.34000015258789,58.540000915527344,59.310001373291016,48.91188430786133,531000
2017-03-15,59.66999816894531,60.869998931884766,59.38999938964844,60.689998626708984,50.0499382019043,745900
2017-03-16,60.75,60.9900016784668,60.540000915527344,60.68000030517578,50.041709899902344,332800
2017-03-17,60.650001525878906,61.34000015258789,60.52000045776367,60.95000076293945,50.26435089111328,905200
2017-03-20,61.0,61.0,60.45000076293945,60.810001373291016,50.14890670776367,431300
2017-03-21,60.959999084472656,61.310001373291016,59.529998779296875,59.59000015258789,49.142784118652344,510300
2017-03-22,59.59000015258789,59.97999954223633,59.310001373291016,59.88999938964844,49.39019775390625,351200
2017-03-23,59.900001525878906,60.31999969482422,59.4900016784668,59.709999084472656,49.241764068603516,308600
2017-03-24,59.72999954223633,60.13999938964844,58.959999084472656,59.20000076293945,48.821163177490234,263400
2017-03-27,58.349998474121094,58.52000045776367,58.0,58.38999938964844,48.15316390991211,468000
2017-03-28,58.380001068115234,59.25,58.20000076293945,59.15999984741211,48.78818893432617,377100
2017-03-29,58.849998474121094,60.04999923706055,58.849998474121094,59.849998474121094,49.357200622558594,431200
2017-03-30,59.81999969482422,60.47999954223633,59.81999969482422,60.36000061035156,49.777809143066406,209500
2017-03-31,60.16999816894531,60.630001068115234,60.040000915527344,60.18000030517578,49.629356384277344,259600
2017-04-03,60.380001068115234,60.560001373291016,59.849998474121094,60.4900016784668,49.885005950927734,747300
2017-04-04,60.40999984741211,60.97999954223633,60.29999923706055,60.59000015258789,49.96747589111328,443900
2017-04-05,60.959999084472656,61.470001220703125,60.209999084472656,60.52000045776367,49.909751892089844,630100
2017-04-06,60.599998474121094,61.540000915527344,60.529998779296875,61.380001068115234,50.61897659301758,411600
2017-04-07,61.13999938964844,61.810001373291016,60.91999816894531,60.95000076293945,50.26435089111328,358700
2017-04-10,61.0,61.349998474121094,60.779998779296875,61.08000183105469,50.37158203125,554900
2017-04-11,60.91999816894531,61.029998779296875,59.79999923706055,60.779998779296875,50.12416076660156,724000
2017-04-12,60.790000915527344,61.02000045776367,58.72999954223633,58.869998931884766,48.54902648925781,626100
2017-04-13,59.0099983215332,59.029998779296875,58.0099983215332,58.029998779296875,47.85628890991211,521900
2017-04-17,58.29999923706055,58.959999084472656,58.029998779296875,58.93000030517578,48.5984992980957,298000
2017-04-18,58.470001220703125,59.18000030517578,58.40999984741211,58.900001525878906,48.57377243041992,440300
2017-04-19,59.119998931884766,59.45000076293945,58.45000076293945,58.86000061035156,48.5407829284668,681300
2017-04-20,59.08000183105469,60.540000915527344,58.689998626708984,60.09000015258789,49.55514144897461,884600
2017-04-21,60.220001220703125,60.220001220703125,59.349998474121094,59.4900016784668,49.060333251953125,335000
2017-04-24,60.61000061035156,61.900001525878906,60.61000061035156,61.5,50.71794128417969,542100
2017-04-25,62.25,63.68000030517578,61.849998474121094,62.90999984741211,51.880741119384766,1226500
2017-04-26,62.90999984741211,64.06999969482422,62.90999984741211,63.77000045776367,52.58995819091797,859300
2017-04-27,63.77000045776367,64.3499984741211,63.45000076293945,64.12000274658203,52.87861251831055,1340900
2017-04-28,64.7699966430664,65.66999816894531,61.93000030517578,63.9900016784668,52.77139663696289,1209200
2017-05-01,65.4000015258789,65.55000305175781,64.26000213623047,64.97000122070312,53.57957077026367,1242000
2017-05-02,64.97000122070312,65.4000015258789,63.779998779296875,64.1500015258789,52.903343200683594,993200
2017-05-03,63.880001068115234,63.959999084472656,63.279998779296875,63.900001525878906,52.69717025756836,721800
2017-05-04,63.869998931884766,64.0,63.02000045776367,63.86000061035156,52.664188385009766,925600
2017-05-05,63.880001068115234,64.47000122070312,63.470001220703125,64.0,52.77964401245117,647700
2017-05-08,63.77000045776367,63.86000061035156,62.86000061035156,63.47999954223633,52.350807189941406,702200
2017-05-09,63.7599983215332,64.05999755859375,63.41999816894531,63.81999969482422,52.63119888305664,608500
2017-05-10,63.84000015258789,64.54000091552734,63.75,64.37000274658203,53.084774017333984,718200
2017-05-11,64.02999877929688,64.4000015258789,63.380001068115234,64.30000305175781,53.14263153076172,361500
2017-05-12,63.90999984741211,64.0,63.650001525878906,63.7400016784668,52.67980194091797,241700
2017-05-15,64.05999755859375,64.54000091552734,63.91999816894531,64.13999938964844,53.01039123535156,372300
2017-05-16,64.18000030517578,64.4000015258789,63.63999938964844,64.31999969482422,53.15916061401367,326200
2017-05-17,64.31999969482422,64.31999969482422,62.84000015258789,62.880001068115234,51.969024658203125,507900
2017-05-18,61.90999984741211,61.90999984741211,60.33000183105469,61.75,51.03509521484375,1202900
2017-05-19,62.619998931884766,65.22000122070312,62.5,64.18000030517578,53.0434455871582,1413300
2017-05-22,64.41999816894531,64.68000030517578,63.34000015258789,64.05000305175781,52.93600082397461,852900
2017-05-23,64.20999908447266,64.37999725341797,63.5,64.04000091552734,52.927738189697266,657900
2017-05-24,64.0199966430664,64.1500015258789,63.66999816894531,64.02999877929688,52.91947555541992,358200
2017-05-25,64.37999725341797,64.44999694824219,63.41999816894531,63.7400016784668,52.67980194091797,363400
2017-05-26,63.97999954223633,64.0999984741211,63.52000045776367,63.959999084472656,52.86161804199219,439500
2017-05-30,63.59000015258789,63.72999954223633,63.20000076293945,63.59000015258789,52.55582046508789,464700
2017-05-31,63.93000030517578,64.08000183105469,63.45000076293945,64.02999877929688,52.91947555541992,551000
2017-06-01,64.55000305175781,65.44999694824219,64.31999969482422,65.3499984741211,54.01042556762695,778100
2017-06-02,65.41999816894531,65.76000213623047,65.0,65.2300033569336,53.91124725341797,299600
2017-06-05,64.94000244140625,65.5,64.83000183105469,64.95999908447266,53.68809509277344,202400
2017-06-06,64.55000305175781,65.41999816894531,64.38999938964844,64.81999969482422,53.57240295410156,371300
2017-06-07,65.0,65.0,64.37999725341797,64.5999984741211,53.39056396484375,269600
2017-06-08,64.6500015258789,66.06999969482422,64.55999755859375,65.41999816894531,54.06829071044922,485200
2017-06-09,66.37999725341797,67.5199966430664,66.1500015258789,67.20999908447266,55.54767608642578,856700
2017-06-12,67.0999984741211,67.3499984741211,65.95999908447266,66.73999786376953,55.15922164916992,671700
2017-06-13,66.83000183105469,67.1500015258789,66.4000015258789,66.93000030517578,55.3162727355957,628500
2017-06-14,67.16999816894531,67.30999755859375,66.58999633789062,67.19000244140625,55.53116989135742,407100
2017-06-15,66.12000274658203,67.44000244140625,66.12000274658203,67.44000244140625,55.737770080566406,472700
2017-06-16,67.4000015258789,67.7300033569336,67.04000091552734,67.33999633789062,55.655128479003906,982900
2017-06-19,67.9000015258789,68.01000213623047,66.91999816894531,67.80000305175781,56.035316467285156,690900
2017-06-20,67.54000091552734,67.54000091552734,66.87999725341797,66.91999816894531,55.307987213134766,327300
2017-06-21,67.62999725341797,68.04000091552734,66.73999786376953,67.16000366210938,55.506370544433594,670800
2017-06-22,67.02999877929688,67.2699966430664,66.4000015258789,66.69000244140625,55.1179084777832,440500
2017-06-23,66.61000061035156,67.33999633789062,66.30000305175781,66.81999969482422,55.225364685058594,700900
2017-06-26,66.87000274658203,67.4000015258789,66.45999908447266,67.13999938964844,55.48982238769531,339100
2017-06-27,67.23999786376953,67.58999633789062,66.33999633789062,66.47000122070312,54.93608856201172,356200
2017-06-28,66.94999694824219,67.38999938964844,66.61000061035156,67.26000213623047,55.5890007019043,478700
2017-06-29,67.30000305175781,67.73999786376953,66.12000274658203,66.62000274658203,55.06005859375,527800
2017-06-30,67.0999984741211,67.73999786376953,66.70999908447266,67.38999938964844,55.696449279785156,467300
2017-07-03,67.80000305175781,68.12000274658203,67.41999816894531,67.93000030517578,56.14274597167969,415200
2017-07-05,67.8499984741211,68.93000030517578,67.8499984741211,68.91999816894531,56.96095657348633,813700
2017-07-06,68.5999984741211,68.66000366210938,67.79000091552734,67.83000183105469,56.06011199951172,801600
2017-07-07,68.04000091552734,68.54000091552734,67.55000305175781,68.37999725341797,56.51464080810547,537200
2017-07-10,68.44000244140625,70.12000274658203,68.25,69.30000305175781,57.275028228759766,1201400
2017-07-11,70.51000213623047,70.7699966430664,69.88999938964844,70.41000366210938,58.19241714477539,1275500
2017-07-12,70.93000030517578,71.05999755859375,68.91000366210938,69.01000213623047,57.03535461425781,820100
2017-07-13,69.05000305175781,69.75,68.27999877929688,69.68000030517578,57.589088439941406,704000
2017-07-14,69.87000274658203,70.58999633789062,69.51000213623047,70.27999877929688,58.0849723815918,386600
2017-07-17,70.36000061035156,70.86000061035156,69.80000305175781,70.44999694824219,58.22548294067383,561100
2017-07-18,70.41999816894531,70.5999984741211,69.72000122070312,70.55999755859375,58.316383361816406,527800
2017-07-19,71.0,71.51000213623047,70.47000122070312,71.5,59.09328842163086,430400
2017-07-20,71.5999984741211,71.72000122070312,71.0199966430664,71.5199966430664,59.10978698730469,467800
2017-07-21,71.25,72.0,71.0199966430664,71.81999969482422,59.35776901245117,538000
2017-07-24,71.81999969482422,71.94999694824219,71.2300033569336,71.73999786376953,59.2916259765625,378400
2017-07-25,72.2699966430664,72.31999969482422,71.47000122070312,71.8499984741211,59.38253402709961,665900
2017-07-26,71.8499984741211,71.91000366210938,71.26000213623047,71.80999755859375,59.34947967529297,684800
2017-07-27,73.06999969482422,73.97000122070312,70.55000305175781,72.26000213623047,59.72140884399414,956100
2017-07-28,72.41999816894531,72.58000183105469,71.20999908447266,71.94000244140625,59.4569206237793,461500
2017-07-31,72.36000061035156,72.55000305175781,71.86000061035156,72.13999938964844,59.622222900390625,485000
2017-08-01,72.4000015258789,72.55999755859375,71.52999877929688,71.91000366210938,59.4321403503418,545500
2017-08-02,71.87999725341797,72.58000183105469,71.20999908447266,72.16000366210938,59.63874435424805,436300
2017-08-03,72.08000183105469,72.38999938964844,71.55000305175781,72.19999694824219,59.67182159423828,510900
2017-08-04,72.30000305175781,72.52999877929688,71.80000305175781,71.87999725341797,59.407325744628906,416500
2017-08-07,71.91999816894531,72.0199966430664,71.30999755859375,71.30999755859375,58.936241149902344,382400
2017-08-08,71.19000244140625,73.30000305175781,71.13999938964844,72.9000015258789,60.250370025634766,494700
2017-08-09,72.54000091552734,72.87000274658203,72.12999725341797,72.45999908447266,59.88669967651367,446700
2017-08-10,72.16000366210938,72.62000274658203,69.94000244140625,70.04000091552734,57.886619567871094,590000
2017-08-11,69.30999755859375,69.63999938964844,68.70999908447266,68.81999969482422,56.99221420288086,572800
2017-08-14,69.5199966430664,70.25,69.43000030517578,70.08000183105469,58.03568649291992,423700
2017-08-15,69.88999938964844,69.91999816894531,68.58000183105469,69.69000244140625,57.71271514892578,443300
2017-08-16,69.8499984741211,69.95999908447266,69.37999725341797,69.5,57.55536651611328,429700
2017-08-17,69.26000213623047,69.43000030517578,67.80000305175781,67.83999633789062,56.180641174316406,474100
2017-08-18,66.08000183105469,67.08000183105469,64.36000061035156,66.61000061035156,55.16206359863281,1029300
2017-08-21,66.68000030517578,67.11000061035156,66.48999786376953,67.08999633789062,55.55955123901367,555100
2017-08-22,67.20999908447266,68.05000305175781,67.08000183105469,67.94000244140625,56.263484954833984,363300
2017-08-23,67.5,68.04000091552734,67.19999694824219,67.20999908447266,55.658931732177734,348900
2017-08-24,67.37999725341797,67.5,66.37999725341797,66.41999816894531,55.00470733642578,394500
2017-08-25,66.70999908447266,67.27999877929688,66.5999984741211,66.9000015258789,55.40220642089844,319200
2017-08-28,67.11000061035156,67.11000061035156,66.25,66.61000061035156,55.16206359863281,282700
2017-08-29,66.11000061035156,66.95999908447266,65.93000030517578,66.55999755859375,55.120643615722656,261800
2017-08-30,66.45999908447266,67.97000122070312,66.33000183105469,67.9000015258789,56.23035430908203,659900
2017-08-31,68.36000061035156,68.55000305175781,67.47000122070312,68.44999694824219,56.685829162597656,628400
2017-09-01,68.69999694824219,68.88999938964844,68.37999725341797,68.41000366210938,56.65269088745117,250900
2017-09-05,68.33999633789062,68.75,67.16999816894531,67.66000366210938,56.031593322753906,426900
2017-09-06,67.94999694824219,67.94999694824219,66.69000244140625,66.75,55.277976989746094,553700
2017-09-07,66.81999969482422,67.16000366210938,66.16999816894531,66.72000122070312,55.253150939941406,410400
2017-09-08,66.58000183105469,67.83999633789062,66.37000274658203,67.80000305175781,56.14754867553711,455700
2017-09-11,68.3499984741211,69.06999969482422,67.93000030517578,68.95999908447266,57.108158111572266,439800
2017-09-12,69.23999786376953,69.9800033569336,68.80000305175781,69.29000091552734,57.38145065307617,852500
2017-09-13,69.23999786376953,69.5999984741211,68.7300033569336,69.37000274658203,57.447723388671875,528600
2017-09-14,69.25,69.72000122070312,68.94000244140625,69.68000030517578,57.70442581176758,299300
2017-09-15,69.69000244140625,70.45999908447266,69.63999938964844,70.38999938964844,58.29240798950195,599400
2017-09-18,70.7699966430664,71.9000015258789,70.5,71.73999786376953,59.410369873046875,335900
2017-09-19,71.77999877929688,73.01000213623047,71.5,72.97000122070312,60.42898941040039,485400
2017-09-20,73.13999938964844,73.36000061035156,72.80999755859375,73.30999755859375,60.710548400878906,265500
2017-09-21,73.5,74.4000015258789,73.30000305175781,73.37000274658203,60.7602424621582,952000
2017-09-22,73.2699966430664,73.44999694824219,72.55999755859375,72.62000274658203,60.1391487121582,519300
2017-09-25,72.31999969482422,73.61000061035156,72.23999786376953,73.5,60.86788558959961,635100
2017-09-26,73.72000122070312,73.94000244140625,72.83000183105469,72.88999938964844,60.362735748291016,395800
2017-09-27,73.19000244140625,73.4800033569336,72.63999938964844,73.01000213623047,60.462127685546875,369800
2017-09-28,73.06999969482422,73.55999755859375,72.83000183105469,73.4800033569336,60.85132598876953,515800
2017-09-29,73.62999725341797,74.19000244140625,73.18000030517578,73.7699966430664,61.09150695800781,387800
2017-10-02,73.91000366210938,74.18000030517578,73.61000061035156,74.16999816894531,61.422733306884766,278100
2017-10-03,74.5,75.41999816894531,74.19999694824219,75.33999633789062,62.391658782958984,455800
2017-10-04,75.4000015258789,75.52999877929688,74.87000274658203,75.16999816894531,62.25090408325195,959500
2017-10-05,75.37999725341797,75.58000183105469,74.88999938964844,75.29000091552734,62.35026931762695,416100
2017-10-06,74.98999786376953,75.58000183105469,74.73999786376953,75.4800033569336,62.50759506225586,574600
2017-10-09,75.41000366210938,75.47000122070312,74.77999877929688,75.05000305175781,62.15150833129883,492200
2017-10-10,73.9000015258789,75.3499984741211,72.69999694824219,74.55000305175781,61.73741912841797,648300
2017-10-11,74.30999755859375,74.83000183105469,74.29000091552734,74.72000122070312,61.87823486328125,531900
2017-10-12,74.13999938964844,74.83999633789062,74.13999938964844,74.6500015258789,61.82025146484375,660400
2017-10-13,72.81999969482422,73.2300033569336,71.38999938964844,71.4800033569336,59.19508361816406,1573100
2017-10-16,71.5,72.33999633789062,71.22000122070312,71.69999694824219,59.37725830078125,716800
2017-10-17,71.75,72.0999984741211,71.27999877929688,71.58000183105469,59.27788162231445,887800
2017-10-18,71.77999877929688,72.25,71.36000061035156,71.75,59.418663024902344,731100
2017-10-19,71.44999694824219,71.75,70.66000366210938,71.73999786376953,59.410369873046875,588300
2017-10-20,71.55999755859375,71.55999755859375,70.36000061035156,70.81999969482422,58.64851379394531,851900
2017-10-23,70.66000366210938,71.52999877929688,70.41999816894531,71.2699966430664,59.02116012573242,661500
2017-10-24,71.83000183105469,72.33000183105469,70.70999908447266,71.5,59.211639404296875,763700
2017-10-25,71.3499984741211,71.63999938964844,69.55999755859375,70.43000030517578,58.32552719116211,436700
2017-10-26,70.58000183105469,71.30000305175781,70.3499984741211,71.16999816894531,58.938350677490234,469000
2017-10-27,70.91999816894531,72.80000305175781,70.72000122070312,72.80000305175781,60.28821563720703,712300
2017-10-30,72.4800033569336,72.7699966430664,71.19999694824219,71.4000015258789,59.12882995605469,677600
2017-10-31,71.9000015258789,72.05999755859375,68.0999984741211,68.56999969482422,56.78520584106445,1567200
2017-11-01,69.2300033569336,70.06999969482422,69.05000305175781,69.43000030517578,57.497398376464844,893900
2017-11-02,69.58999633789062,70.0,68.66000366210938,68.98999786376953,57.13301467895508,534500
2017-11-03,68.73999786376953,69.70999908447266,68.47000122070312,69.0,57.14128112792969,751900
2017-11-06,68.87000274658203,70.3499984741211,68.87000274658203,69.69999694824219,57.72098159790039,663100
2017-11-07,69.43000030517578,70.11000061035156,68.79000091552734,68.80000305175781,56.97567367553711,662400
2017-11-08,68.73999786376953,69.16999816894531,68.45999908447266,69.04000091552734,57.17442321777344,473700
2017-11-09,68.81999969482422,68.81999969482422,67.05000305175781,67.3499984741211,55.774871826171875,527000
2017-11-10,67.5199966430664,68.01000213623047,67.27999877929688,67.97000122070312,56.288307189941406,456700
2017-11-13,67.58999633789062,67.88999938964844,66.83000183105469,67.66999816894531,56.03987503051758,551800
2017-11-14,67.3499984741211,67.52999877929688,66.37999725341797,66.88999938964844,55.50877380371094,924900
2017-11-15,66.13999938964844,66.62999725341797,65.30000305175781,65.79000091552734,54.59593200683594,832900
2017-11-16,65.9000015258789,68.02999877929688,65.9000015258789,67.44999694824219,55.97348403930664,889100
2017-11-17,67.04000091552734,67.68000030517578,66.62999725341797,66.66000366210938,55.31789779663086,577900
2017-11-20,66.9000015258789,69.0,66.9000015258789,68.95999908447266,57.22655487060547,709300
2017-11-21,69.29000091552734,69.7699966430664,68.81999969482422,68.91000366210938,57.185081481933594,674400
2017-11-22,69.73999786376953,71.41999816894531,69.73999786376953,70.4000015258789,58.42154312133789,1031000
2017-11-24,70.33999633789062,70.94999694824219,69.9000015258789,69.98999786376953,58.08131408691406,278400
2017-11-27,70.11000061035156,70.94999694824219,70.08000183105469,70.48999786376953,58.49624252319336,551100
2017-11-28,70.72000122070312,71.5199966430664,70.31999969482422,71.43000030517578,59.27631378173828,560100
2017-11-29,71.31999969482422,71.94999694824219,70.18000030517578,70.9000015258789,58.83647155761719,536800
2017-11-30,71.06999969482422,71.4800033569336,70.54000091552734,70.77999877929688,58.736881256103516,1156400
2017-12-01,72.02999877929688,73.08999633789062,71.04000091552734,72.38999938964844,60.07294845581055,1341000
2017-12-04,73.31999969482422,73.6500015258789,72.12999725341797,72.22000122070312,59.93186950683594,557500
2017-12-05,72.29000091552734,72.31999969482422,71.3499984741211,71.5,59.33439636230469,622100
2017-12-06,71.1500015258789,71.47000122070312,70.61000061035156,70.70999908447266,58.678802490234375,562900
2017-12-07,70.61000061035156,72.22000122070312,70.44999694824219,71.7699966430664,59.55843734741211,682100
2017-12-08,72.19999694824219,72.97000122070312,71.56999969482422,72.45999908447266,60.131046295166016,872800
2017-12-11,72.2699966430664,72.70999908447266,71.72000122070312,72.48999786376953,60.155948638916016,626700
2017-12-12,72.41999816894531,72.9800033569336,71.6500015258789,71.69999694824219,59.5003662109375,753100
2017-12-13,71.87000274658203,72.94999694824219,71.56999969482422,71.9800033569336,59.732723236083984,640800
2017-12-14,72.04000091552734,72.70999908447266,71.6500015258789,72.16999816894531,59.890380859375,999700
2017-12-15,72.62999725341797,74.76000213623047,72.61000061035156,74.38999938964844,61.73264694213867,1063900
2017-12-18,74.9000015258789,75.94999694824219,74.63999938964844,74.95999908447266,62.20566940307617,878300
2017-12-19,74.80999755859375,75.33000183105469,71.06999969482422,72.38999938964844,60.07294845581055,2040100
2017-12-20,72.29000091552734,72.91999816894531,71.70999908447266,72.37000274658203,60.05636978149414,660700
2017-12-21,72.44999694824219,73.01000213623047,72.27999877929688,72.69999694824219,60.3302001953125,393500
2017-12-22,72.80000305175781,73.0,72.08999633789062,72.94000244140625,60.529380798339844,345700
2017-12-26,72.69999694824219,73.08000183105469,72.30999755859375,72.86000061035156,60.46297836303711,278800
2017-12-27,72.8499984741211,73.37000274658203,72.55999755859375,72.86000061035156,60.46297836303711,269000
2017-12-28,72.95999908447266,72.95999908447266,72.08999633789062,72.30999755859375,60.006568908691406,471000
2017-12-29,72.19000244140625,72.29000091552734,71.4000015258789,71.43000030517578,59.27631378173828,534900
2018-01-02,71.87000274658203,72.08999633789062,71.2699966430664,71.62999725341797,59.442256927490234,522500
2018-01-03,71.88999938964844,72.43000030517578,71.70999908447266,72.0199966430664,59.76591873168945,634400
2018-01-04,72.23999786376953,72.6500015258789,70.66999816894531,72.05999755859375,59.799110412597656,1014300
2018-01-05,72.37000274658203,72.75,71.68000030517578,72.54000091552734,60.19744110107422,528700
2018-01-08,72.73999786376953,73.33000183105469,72.05999755859375,73.06999969482422,60.63724899291992,502200
2018-01-09,73.30999755859375,74.0,72.98999786376953,73.81999969482422,61.259647369384766,701900
2018-01-10,73.93000030517578,74.41000366210938,72.0199966430664,72.23999786376953,59.94846725463867,851800
2018-01-11,72.0999984741211,73.19000244140625,71.87999725341797,73.12000274658203,60.67876052856445,581700
2018-01-12,73.54000091552734,74.8499984741211,73.20999908447266,74.11000061035156,61.50029373168945,837900
2018-01-16,74.70999908447266,74.75,72.18000030517578,72.63999938964844,60.280418395996094,615400
2018-01-17,73.08999633789062,73.3499984741211,72.5,73.0199966430664,60.59576416015625,620000
2018-01-18,73.3499984741211,74.05999755859375,72.97000122070312,73.58999633789062,61.06877517700195,496700
2018-01-19,73.75,74.3499984741211,72.88999938964844,73.7699966430664,61.21815490722656,677400
2018-01-22,73.5,73.91000366210938,72.5,73.0,60.57918167114258,716600
2018-01-23,73.08000183105469,73.20999908447266,72.54000091552734,73.13999938964844,60.695350646972656,375900
2018-01-24,73.31999969482422,73.62999725341797,72.5199966430664,72.95999908447266,60.54595947265625,534300
2018-01-25,73.69000244140625,73.8499984741211,72.08999633789062,72.69000244140625,60.3219108581543,423600
2018-01-26,72.8499984741211,74.33999633789062,72.66000366210938,74.02999877929688,61.43389892578125,574500
2018-01-29,74.0999984741211,75.0999984741211,73.48999786376953,73.51000213623047,61.00237274169922,714300
2018-01-30,72.9000015258789,73.16000366210938,72.0,72.83999633789062,60.44637680053711,533600
2018-01-31,73.44000244140625,73.98999786376953,72.18000030517578,72.62000274658203,60.263832092285156,561500
2018-02-01,72.48999786376953,73.76000213623047,71.69999694824219,73.33000183105469,60.85301208496094,508300
2018-02-02,72.94999694824219,73.98999786376953,72.51000213623047,73.12000274658203,60.67876052856445,860000
2018-02-05,72.33999633789062,74.44000244140625,70.30999755859375,70.62000274658203,58.6041145324707,1697700
2018-02-06,67.4000015258789,68.19000244140625,65.38999938964844,67.30000305175781,55.84901809692383,2412800
2018-02-07,67.37000274658203,70.37999725341797,67.36000061035156,69.19999694824219,57.42573547363281,2013700
2018-02-08,69.0999984741211,69.62999725341797,67.69999694824219,67.69999694824219,56.180938720703125,1525400
2018-02-09,68.45999908447266,69.6500015258789,66.02999877929688,67.98999786376953,56.421600341796875,1281200
2018-02-12,68.41999816894531,69.06999969482422,67.47000122070312,68.20999908447266,56.60416793823242,924200
2018-02-13,67.72000122070312,68.54000091552734,66.83999633789062,68.25,56.63737106323242,553200
2018-02-14,67.44999694824219,68.75,66.51000213623047,68.61000061035156,57.061519622802734,554400
2018-02-15,68.79000091552734,69.45999908447266,68.08000183105469,68.97000122070312,57.360923767089844,602100
2018-02-16,68.62999725341797,70.06999969482422,66.91000366210938,67.08000183105469,55.78904342651367,1300200
2018-02-20,66.70999908447266,67.43000030517578,66.12000274658203,66.4000015258789,55.2235107421875,659500
2018-02-21,66.56999969482422,68.98999786376953,66.19000244140625,67.2699966430664,55.94707107543945,736700
2018-02-22,67.4800033569336,68.94999694824219,67.31999969482422,67.55999755859375,56.188262939453125,547700
2018-02-23,67.66999816894531,68.68000030517578,67.66999816894531,68.44000244140625,56.920143127441406,374500
2018-02-26,68.86000061035156,68.87000274658203,67.94000244140625,67.9800033569336,56.537567138671875,436000
2018-02-27,68.12000274658203,68.87999725341797,67.69999694824219,67.72000122070312,56.32133865356445,451900
2018-02-28,68.08999633789062,68.54000091552734,66.54000091552734,66.5999984741211,55.389835357666016,790200
2018-03-01,66.5999984741211,68.0199966430664,65.58999633789062,66.01000213623047,54.89915084838867,972300
2018-03-02,64.9800033569336,64.9800033569336,62.75,64.41000366210938,53.5684700012207,1315100
2018-03-05,63.9900016784668,65.55999755859375,63.7599983215332,65.25,54.26708221435547,534800
2018-03-06,65.3499984741211,66.47000122070312,64.94999694824219,66.25,55.0987663269043,586400
2018-03-07,65.23999786376953,65.88999938964844,64.66999816894531,65.2699966430664,54.28371047973633,642900
2018-03-08,65.54000091552734,66.16000366210938,65.05000305175781,66.0199966430664,54.907474517822266,516000
2018-03-09,66.5,68.66000366210938,66.5,68.06999969482422,56.612430572509766,583300
2018-03-12,68.04000091552734,68.6500015258789,66.69000244140625,67.02999877929688,55.747474670410156,585700
2018-03-13,67.4800033569336,68.26000213623047,67.0199966430664,67.63999938964844,56.254798889160156,501900
2018-03-14,67.66999816894531,67.87999725341797,66.86000061035156,67.04000091552734,55.75578308105469,549500
2018-03-15,67.37000274658203,67.69000244140625,66.91999816894531,67.44999694824219,56.09678649902344,387000
2018-03-16,67.58000183105469,68.2699966430664,67.30999755859375,67.45999908447266,56.1051025390625,604900
2018-03-19,67.12999725341797,67.1500015258789,65.2699966430664,65.69000244140625,54.63302993774414,445000
2018-03-20,65.72000122070312,67.13999938964844,65.72000122070312,66.4000015258789,55.2235107421875,535200
2018-03-21,66.23999786376953,66.58000183105469,65.68000030517578,65.87000274658203,54.78273010253906,486600
2018-03-22,65.29000091552734,65.41999816894531,62.84000015258789,62.880001068115234,52.29600143432617,599700
2018-03-23,62.91999816894531,63.61000061035156,62.130001068115234,62.220001220703125,51.747100830078125,532000
2018-03-26,63.060001373291016,63.97999954223633,62.279998779296875,63.900001525878906,53.14431381225586,614300
2018-03-27,64.25,64.70999908447266,63.400001525878906,63.84000015258789,53.09440994262695,988400
2018-03-28,63.84000015258789,64.93000030517578,63.470001220703125,64.11000061035156,53.318973541259766,813400
2018-03-29,64.44000244140625,65.22000122070312,64.01000213623047,64.8499984741211,53.934410095214844,541700
2018-04-02,65.38999938964844,65.38999938964844,63.84000015258789,64.51000213623047,53.651634216308594,608200
2018-04-03,64.81999969482422,65.3499984741211,64.16999816894531,65.2300033569336,54.25044631958008,696300
2018-04-04,63.5099983215332,65.87999725341797,62.81999969482422,65.4800033569336,54.458377838134766,1254600
2018-04-05,65.63999938964844,66.7699966430664,65.63999938964844,66.23999786376953,55.090450286865234,712700
2018-04-06,65.45999908447266,65.73999786376953,63.880001068115234,64.76000213623047,53.85956573486328,554500
2018-04-09,64.9800033569336,65.19000244140625,63.95000076293945,64.0,53.22748947143555,508000
2018-04-10,64.81999969482422,65.79000091552734,64.5,65.43000030517578,54.41679000854492,683100
2018-04-11,65.12000274658203,65.12000274658203,63.83000183105469,64.0,53.22748947143555,466700
2018-04-12,64.19999694824219,65.51000213623047,64.18000030517578,64.97000122070312,54.034202575683594,644100
2018-04-13,65.47000122070312,65.94999694824219,64.80000305175781,65.4800033569336,54.458377838134766,543300
2018-04-16,65.8499984741211,65.95999908447266,65.22000122070312,65.51000213623047,54.48331832885742,762600
2018-04-17,66.08999633789062,66.80000305175781,65.8499984741211,66.30000305175781,55.14034652709961,421500
2018-04-18,66.62999725341797,67.43000030517578,66.2300033569336,66.8499984741211,55.59776306152344,554400
2018-04-19,66.87999725341797,67.18000030517578,66.25,66.94999694824219,55.680938720703125,766900
2018-04-20,66.91000366210938,67.16999816894531,65.88999938964844,66.30000305175781,55.14034652709961,535300
2018-04-23,66.55999755859375,66.80000305175781,66.02999877929688,66.29000091552734,55.13203430175781,521400
2018-04-24,66.98999786376953,67.31999969482422,62.68000030517578,63.220001220703125,52.57876968383789,903100
2018-04-25,62.70000076293945,64.1500015258789,62.189998626708984,63.56999969482422,52.86985397338867,713800
2018-04-26,63.5,63.689998626708984,61.939998626708984,62.66999816894531,52.1213493347168,503700
2018-04-27,62.68000030517578,63.439998626708984,62.560001373291016,63.43000030517578,52.75342559814453,862000
2018-04-30,63.43000030517578,64.0199966430664,62.650001525878906,62.68000030517578,52.129661560058594,1158400
2018-05-01,63.5,63.7400016784668,60.59000015258789,61.18000030517578,50.88215255737305,1532200
2018-05-02,60.86000061035156,60.959999084472656,58.79999923706055,59.22999954223633,49.260372161865234,1619000
2018-05-03,59.18000030517578,59.52000045776367,58.119998931884766,59.400001525878906,49.40176773071289,1166800
2018-05-04,59.22999954223633,60.4900016784668,59.06999969482422,60.189998626708984,50.05879592895508,669400
2018-05-07,60.5,61.970001220703125,60.290000915527344,61.68000030517578,51.297977447509766,616300
2018-05-08,61.68000030517578,64.0,61.4900016784668,63.02000045776367,52.412445068359375,1070700
2018-05-09,63.36000061035156,63.68000030517578,62.65999984741211,63.45000076293945,52.77006149291992,604800
2018-05-10,63.5,64.83999633789062,63.439998626708984,64.51000213623047,53.651634216308594,759600
2018-05-11,64.37999725341797,64.9800033569336,63.869998931884766,64.3499984741211,53.51856994628906,681800
2018-05-14,64.23999786376953,64.70999908447266,63.84000015258789,64.30999755859375,53.61027145385742,817900
2018-05-15,63.7599983215332,64.68000030517578,63.689998626708984,64.16999816894531,53.493568420410156,857700
2018-05-16,64.18000030517578,65.52999877929688,64.0,65.08000183105469,54.252166748046875,607700
2018-05-17,65.19999694824219,66.6500015258789,65.19999694824219,66.43000030517578,55.377540588378906,892100
2018-05-18,66.19999694824219,68.0999984741211,65.9800033569336,67.20999908447266,56.02777862548828,991600
2018-05-21,67.87999725341797,68.7699966430664,67.5,68.05000305175781,56.72801971435547,608600
2018-05-22,68.04000091552734,68.47000122070312,66.98999786376953,67.05999755859375,55.902732849121094,551400
2018-05-23,66.55999755859375,66.79000091552734,65.66999816894531,66.61000061035156,55.527610778808594,567800
2018-05-24,66.68000030517578,67.0199966430664,65.83999633789062,66.94999694824219,55.81102752685547,558800
2018-05-25,66.83000183105469,67.58999633789062,66.56999969482422,67.45999908447266,56.23618698120117,586100
2018-05-29,66.68000030517578,67.0199966430664,65.11000061035156,65.45999908447266,54.568931579589844,916000
2018-05-30,65.91000366210938,65.94000244140625,64.9800033569336,65.02999877929688,54.21047592163086,830300
2018-05-31,64.87000274658203,65.2300033569336,63.58000183105469,63.599998474121094,53.018402099609375,1095700
2018-06-01,64.02999877929688,64.76000213623047,63.88999938964844,64.33999633789062,53.63526916503906,572200
2018-06-04,64.47000122070312,64.62000274658203,63.36000061035156,63.5099983215332,52.9433708190918,716600
2018-06-05,63.33000183105469,64.04000091552734,63.279998779296875,63.86000061035156,53.235137939453125,932600
2018-06-06,64.16000366210938,65.62000274658203,64.0,65.61000061035156,54.693992614746094,507400
2018-06-07,65.5999984741211,65.7699966430664,63.599998474121094,63.91999816894531,53.28516387939453,1239800
2018-06-08,63.650001525878906,64.33000183105469,62.970001220703125,63.68000030517578,53.08509063720703,718700
2018-06-11,63.619998931884766,64.4800033569336,63.400001525878906,63.68000030517578,53.08509063720703,357400
2018-06-12,63.68000030517578,64.61000061035156,63.369998931884766,64.05000305175781,53.39353942871094,395800
2018-06-13,64.12999725341797,64.16000366210938,62.40999984741211,62.43000030517578,52.043060302734375,701300
2018-06-14,62.54999923706055,62.709999084472656,60.63999938964844,61.689998626708984,51.426185607910156,909800
2018-06-15,61.41999816894531,62.40999984741211,61.25,62.34000015258789,51.96803283691406,1316400
2018-06-18,61.79999923706055,62.900001525878906,61.2599983215332,62.63999938964844,52.21812057495117,617400
2018-06-19,61.540000915527344,61.63999938964844,59.599998474121094,60.709999084472656,50.60922622680664,890800
2018-06-20,61.349998474121094,61.5,60.09000015258789,61.38999938964844,51.176090240478516,453300
2018-06-21,61.16999816894531,61.220001220703125,60.06999969482422,60.4900016784668,50.42582321166992,517800
2018-06-22,61.029998779296875,61.11000061035156,60.38999938964844,60.72999954223633,50.62589645385742,592300
2018-06-25,60.43000030517578,60.52000045776367,59.63999938964844,60.099998474121094,50.100711822509766,753100
2018-06-26,60.2400016784668,60.61000061035156,59.880001068115234,60.310001373291016,50.27577590942383,453200
2018-06-27,60.45000076293945,60.970001220703125,59.45000076293945,60.0,50.01735305786133,453200
2018-06-28,59.70000076293945,60.720001220703125,59.66999816894531,60.4900016784668,50.42582321166992,655600
2018-06-29,60.900001525878906,61.720001220703125,60.41999816894531,60.720001220703125,50.61757278442383,599300
2018-07-02,60.08000183105469,60.65999984741211,59.709999084472656,60.59000015258789,50.50918960571289,386400
2018-07-03,60.900001525878906,61.13999938964844,60.279998779296875,60.380001068115234,50.334136962890625,210500
2018-07-05,60.650001525878906,60.90999984741211,60.040000915527344,60.619998931884766,50.53419876098633,652600
2018-07-06,60.470001220703125,61.04999923706055,59.869998931884766,60.93000030517578,50.79263687133789,659600
2018-07-09,61.34000015258789,63.349998474121094,61.0099983215332,63.13999938964844,52.63492965698242,469800
2018-07-10,63.38999938964844,63.59000015258789,62.13999938964844,62.65999984741211,52.23480224609375,567500
2018-07-11,56.36000061035156,61.77000045776367,56.36000061035156,60.22999954223633,50.209102630615234,745500
2018-07-12,60.7400016784668,60.939998626708984,59.97999954223633,60.04999923706055,50.05903625488281,764800
2018-07-13,60.16999816894531,60.54999923706055,59.439998626708984,60.380001068115234,50.334136962890625,822500
2018-07-16,60.34000015258789,60.540000915527344,58.470001220703125,58.59000015258789,48.84194564819336,740600
2018-07-17,58.20000076293945,59.630001068115234,57.9900016784668,59.40999984741211,49.52552795410156,593100
2018-07-18,59.11000061035156,60.29999923706055,58.61000061035156,60.18000030517578,50.16740798950195,898700
2018-07-19,60.119998931884766,60.7599983215332,59.4900016784668,60.43000030517578,50.37581253051758,380500
2018-07-20,59.97999954223633,59.97999954223633,59.27000045776367,59.33000183105469,49.45883560180664,558500
2018-07-23,58.9900016784668,59.47999954223633,58.400001525878906,59.099998474121094,49.2671012878418,615800
2018-07-24,59.5099983215332,60.90999984741211,58.939998626708984,59.47999954223633,49.5838737487793,1232300
2018-07-25,59.47999954223633,59.88999938964844,58.18000030517578,59.470001220703125,49.57554626464844,1268100
2018-07-26,60.04999923706055,61.779998779296875,59.83000183105469,60.959999084472656,50.8176383972168,1059800
2018-07-27,61.2400016784668,61.83000183105469,60.52000045776367,60.97999954223633,50.83432388305664,489400
2018-07-30,61.209999084472656,61.66999816894531,59.90999984741211,60.27000045776367,50.242427825927734,951200
2018-07-31,61.060001373291016,63.66999816894531,59.54999923706055,63.02000045776367,52.53489685058594,1131400
2018-08-01,62.720001220703125,63.59000015258789,61.31999969482422,61.59000015258789,51.34281921386719,898400
2018-08-02,61.099998474121094,61.91999816894531,60.38999938964844,61.439998626708984,51.2177734375,691900
2018-08-03,61.369998931884766,62.63999938964844,61.36000061035156,62.54999923706055,52.143096923828125,694200
2018-08-06,62.54999923706055,63.33000183105469,62.41999816894531,62.599998474121094,52.18476867675781,896500
2018-08-07,62.54999923706055,64.7699966430664,62.41999816894531,63.959999084472656,53.31850051879883,637200
2018-08-08,63.72999954223633,64.45999908447266,63.41999816894531,63.4900016784668,52.92670440673828,838400
2018-08-09,63.400001525878906,63.689998626708984,61.04999923706055,61.20000076293945,51.01771545410156,883200
2018-08-10,60.5,60.5,58.79999923706055,59.209999084472656,49.358795166015625,758000
2018-08-13,57.41999816894531,59.02000045776367,57.150001525878906,58.52000045776367,48.78360366821289,915800
2018-08-14,58.61000061035156,59.400001525878906,58.2599983215332,58.529998779296875,48.917320251464844,468400
2018-08-15,58.0,58.0,56.65999984741211,57.5,48.056488037109375,725900
2018-08-16,57.97999954223633,58.90999984741211,57.970001220703125,58.279998779296875,48.70838165283203,885700
2018-08-17,58.130001068115234,60.290000915527344,58.130001068115234,60.0099983215332,50.15424346923828,843800
2018-08-20,60.310001373291016,60.68000030517578,59.849998474121094,60.31999969482422,50.4133415222168,434600
2018-08-21,60.59000015258789,61.9900016784668,60.59000015258789,61.619998931884766,51.49982833862305,470700
2018-08-22,61.380001068115234,61.65999984741211,60.95000076293945,61.040000915527344,51.01509475708008,401300
2018-08-23,60.849998474121094,60.86000061035156,59.849998474121094,60.2599983215332,50.36318588256836,394500
2018-08-24,60.61000061035156,61.36000061035156,60.29999923706055,61.31999969482422,51.24911117553711,327200
2018-08-27,61.65999984741211,62.619998931884766,61.65999984741211,62.02000045776367,51.83414840698242,552300
2018-08-28,62.31999969482422,62.650001525878906,61.650001525878906,61.880001068115234,51.71713638305664,528500
2018-08-29,61.95000076293945,62.27000045776367,61.290000915527344,61.790000915527344,51.64191436767578,378800
2018-08-30,61.77000045776367,61.91999816894531,59.869998931884766,59.939998626708984,50.09574890136719,850200
2018-08-31,59.540000915527344,60.13999938964844,59.27000045776367,59.65999984741211,49.86173629760742,750900
2018-09-04,59.56999969482422,59.70000076293945,58.2599983215332,59.099998474121094,49.393707275390625,589100
2018-09-05,59.560001373291016,61.41999816894531,59.20000076293945,61.220001220703125,51.16551971435547,882800
2018-09-06,61.04999923706055,62.18000030517578,60.43000030517578,60.56999969482422,50.62227249145508,768300
2018-09-07,60.47999954223633,60.599998474121094,59.83000183105469,60.439998626708984,50.51362991333008,902400
2018-09-10,60.439998626708984,61.20000076293945,60.290000915527344,60.63999938964844,50.6807746887207,470200
2018-09-11,60.290000915527344,60.70000076293945,59.66999816894531,60.189998626708984,50.304683685302734,431900
2018-09-12,59.83000183105469,60.33000183105469,59.060001373291016,59.119998931884766,49.4104118347168,829500
2018-09-13,59.470001220703125,59.75,58.54999923706055,58.790000915527344,49.13461685180664,567700
2018-09-14,58.790000915527344,59.540000915527344,58.150001525878906,58.4900016784668,48.88388442993164,822900
2018-09-17,58.66999816894531,59.709999084472656,58.54999923706055,59.099998474121094,49.393707275390625,847800
2018-09-18,59.08000183105469,59.529998779296875,57.939998626708984,59.11000061035156,49.40206527709961,796200
2018-09-19,59.189998626708984,60.630001068115234,59.130001068115234,59.959999084472656,50.112464904785156,690300
2018-09-20,60.560001373291016,61.4900016784668,60.34000015258789,61.130001068115234,51.09029769897461,825500
2018-09-21,61.209999084472656,61.58000183105469,60.150001525878906,60.2400016784668,50.34646987915039,836800
2018-09-24,60.290000915527344,60.88999938964844,59.349998474121094,60.400001525878906,50.4802131652832,812300
2018-09-25,60.7599983215332,60.84000015258789,59.97999954223633,60.5,50.563777923583984,873300
2018-09-26,60.41999816894531,61.560001373291016,60.11000061035156,61.15999984741211,51.11537551879883,738100
2018-09-27,61.369998931884766,61.939998626708984,60.52000045776367,60.790000915527344,50.806148529052734,634600
2018-09-28,60.31999969482422,61.290000915527344,60.16999816894531,60.790000915527344,50.806148529052734,799800
2018-10-01,61.33000183105469,61.470001220703125,59.47999954223633,59.68000030517578,49.878448486328125,794700
2018-10-02,59.4900016784668,60.72999954223633,59.4900016784668,60.209999084472656,50.321407318115234,494400
2018-10-03,60.5,62.36000061035156,60.150001525878906,61.86000061035156,51.700416564941406,1052100
2018-10-04,61.7400016784668,62.93000030517578,61.59000015258789,62.0,51.817420959472656,781700
2018-10-05,62.02000045776367,62.310001373291016,59.91999816894531,60.5,50.563777923583984,621900
2018-10-08,60.279998779296875,61.13999938964844,60.029998779296875,60.650001525878906,50.689144134521484,416300
2018-10-09,60.22999954223633,60.619998931884766,58.279998779296875,58.34000015258789,48.75852584838867,798900
2018-10-10,58.15999984741211,58.400001525878906,56.72999954223633,56.900001525878906,47.555023193359375,948200
2018-10-11,56.689998626708984,57.88999938964844,56.189998626708984,56.220001220703125,46.98670196533203,614700
2018-10-12,56.959999084472656,56.959999084472656,54.470001220703125,55.459999084472656,46.35152053833008,645400
2018-10-15,55.349998474121094,56.209999084472656,55.25,55.709999084472656,46.560462951660156,427600
2018-10-16,56.290000915527344,56.95000076293945,55.369998931884766,56.84000015258789,47.50487518310547,400800
2018-10-17,56.40999984741211,56.65999984741211,55.5,56.40999984741211,47.145503997802734,352500
2018-10-18,56.0,56.150001525878906,54.709999084472656,55.0,45.96706771850586,528200
2018-10-19,55.08000183105469,55.380001068115234,53.72999954223633,54.38999938964844,45.457252502441406,576200
2018-10-22,54.68000030517578,54.68000030517578,53.66999816894531,54.060001373291016,45.18144607543945,638200
2018-10-23,52.63999938964844,52.83000183105469,51.209999084472656,52.58000183105469,43.944522857666016,722600
2018-10-24,52.66999816894531,52.939998626708984,50.0099983215332,50.06999969482422,41.846744537353516,619800
2018-10-25,50.689998626708984,51.34000015258789,50.459999084472656,50.599998474121094,42.289703369140625,636100
2018-10-26,49.9900016784668,51.75,49.5,51.209999084472656,42.799530029296875,1168800
2018-10-29,52.209999084472656,53.540000915527344,50.84000015258789,51.84000015258789,43.32604217529297,1330200
2018-10-30,51.72999954223633,54.38999938964844,50.47999954223633,54.13999938964844,45.24829864501953,1842500
2018-10-31,55.369998931884766,56.77000045776367,54.970001220703125,56.040000915527344,46.836265563964844,1366200
2018-11-01,56.209999084472656,57.90999984741211,55.75,57.38999938964844,47.96453857421875,1047800
2018-11-02,58.060001373291016,59.099998474121094,56.709999084472656,57.13999938964844,47.75559997558594,710100
2018-11-05,57.040000915527344,57.66999816894531,55.90999984741211,56.25,47.01177215576172,768300
2018-11-06,56.13999938964844,57.959999084472656,56.04999923706055,57.68000030517578,48.20691680908203,875300
2018-11-07,58.060001373291016,58.689998626708984,56.72999954223633,58.2599983215332,48.69165802001953,928400
2018-11-08,58.04999923706055,58.779998779296875,56.86000061035156,57.93000030517578,48.415855407714844,864800
2018-11-09,57.22999954223633,57.45000076293945,55.40999984741211,55.779998779296875,46.61896896362305,1033600
2018-11-12,55.779998779296875,57.220001220703125,55.22999954223633,56.209999084472656,46.97834014892578,992000
2018-11-13,56.45000076293945,58.68000030517578,56.25,57.470001220703125,48.03141403198242,917900
2018-11-14,57.689998626708984,58.470001220703125,56.20000076293945,56.810001373291016,47.60405349731445,865800
2018-11-15,56.2599983215332,57.58000183105469,55.56999969482422,57.400001525878906,48.09844207763672,892800
2018-11-16,57.150001525878906,57.65999984741211,56.459999084472656,57.18000030517578,47.914093017578125,917200
2018-11-19,57.0,58.279998779296875,56.970001220703125,57.349998474121094,48.056549072265625,810000
2018-11-20,56.52000045776367,58.2400016784668,55.459999084472656,57.939998626708984,48.550941467285156,1227500
2018-11-21,57.709999084472656,59.41999816894531,57.650001525878906,58.02000045776367,48.61796951293945,918700
2018-11-23,57.56999969482422,58.5099983215332,57.02000045776367,57.91999816894531,48.534183502197266,244400
2018-11-26,58.36000061035156,59.38999938964844,58.36000061035156,59.22999954223633,49.63188934326172,864400
2018-11-27,58.849998474121094,59.220001220703125,57.970001220703125,58.290000915527344,48.84421920776367,883400
2018-11-28,58.54999923706055,59.2599983215332,57.06999969482422,59.150001525878906,49.564857482910156,753800
2018-11-29,58.93000030517578,59.47999954223633,58.119998931884766,58.5,49.02019119262695,942300
2018-11-30,58.529998779296875,59.84000015258789,58.529998779296875,59.68000030517578,50.008975982666016,4426000
2018-12-03,62.400001525878906,63.18000030517578,61.040000915527344,61.08000183105469,51.18210983276367,1727100
2018-12-04,60.45000076293945,60.88999938964844,59.20000076293945,59.27000045776367,49.665409088134766,1298200
2018-12-06,58.06999969482422,58.290000915527344,56.5099983215332,58.189998626708984,48.76042556762695,1580400
2018-12-07,58.09000015258789,58.86000061035156,56.75,56.7599983215332,47.56214904785156,1043200
2018-12-10,56.56999969482422,56.869998931884766,54.95000076293945,55.599998474121094,46.590126037597656,1260700
2018-12-11,55.95000076293945,56.369998931884766,54.779998779296875,54.93000030517578,46.0286979675293,1173700
2018-12-12,55.86000061035156,56.70000076293945,55.52000045776367,55.529998779296875,46.53147888183594,904000
2018-12-13,55.81999969482422,56.18000030517578,54.59000015258789,54.63999938964844,45.785701751708984,1092200
2018-12-14,54.0,55.529998779296875,54.0,54.7599983215332,45.88624954223633,1116700
2018-12-17,54.58000183105469,55.45000076293945,53.61000061035156,53.88999938964844,45.15723419189453,1462800
2018-12-18,54.439998626708984,57.27000045776367,54.439998626708984,56.41999816894531,47.27724838256836,1988000
2018-12-19,56.4900016784668,57.2599983215332,54.4900016784668,54.70000076293945,45.83597946166992,1093100
2018-12-20,54.599998474121094,55.91999816894531,54.060001373291016,54.58000183105469,45.73542404174805,890100
2018-12-21,54.599998474121094,55.529998779296875,53.650001525878906,53.709999084472656,45.006412506103516,1295200
2018-12-24,53.22999954223633,53.31999969482422,52.13999938964844,52.150001525878906,43.699188232421875,331100
2018-12-26,52.5,54.099998474121094,51.47999954223633,54.029998779296875,45.274539947509766,523900
2018-12-27,53.060001373291016,54.66999816894531,52.779998779296875,54.65999984741211,45.802459716796875,531700
2018-12-28,54.880001068115234,55.150001525878906,54.0099983215332,54.68000030517578,45.8192253112793,413500
2018-12-31,54.900001525878906,55.66999816894531,54.5099983215332,55.66999816894531,46.6487922668457,402100
2019-01-02,54.959999084472656,55.95000076293945,54.400001525878906,55.540000915527344,46.53984451293945,771300
2019-01-03,55.310001373291016,55.54999923706055,54.029998779296875,54.349998474121094,45.54269790649414,752600
2019-01-04,55.209999084472656,57.7400016784668,55.189998626708984,57.54999923706055,48.22413635253906,1008000
2019-01-07,58.810001373291016,60.47999954223633,58.099998474121094,59.47999954223633,49.84138870239258,1343200
2019-01-08,60.099998474121094,60.560001373291016,59.310001373291016,60.18000030517578,50.427947998046875,872000
2019-01-09,61.0,61.459999084472656,60.52000045776367,61.20000076293945,51.28266143798828,642700
2019-01-10,61.04999923706055,62.02000045776367,61.0,61.95000076293945,51.9111213684082,351500
2019-01-11,61.58000183105469,62.2599983215332,60.83000183105469,61.95000076293945,51.9111213684082,548300
2019-01-14,61.27000045776367,62.189998626708984,61.27000045776367,61.810001373291016,51.7938117980957,406000
2019-01-15,61.650001525878906,62.02000045776367,61.279998779296875,61.869998931884766,51.844093322753906,439100
2019-01-16,62.18000030517578,62.58000183105469,61.66999816894531,62.189998626708984,52.11223220825195,503500
2019-01-17,61.880001068115234,63.45000076293945,61.880001068115234,62.79999923706055,52.62338638305664,598300
2019-01-18,63.56999969482422,65.25,63.36000061035156,64.70999908447266,54.223873138427734,721500
2019-01-22,64.0199966430664,64.23999786376953,62.52000045776367,62.849998474121094,52.665279388427734,637300
2019-01-23,61.34000015258789,62.099998474121094,60.2599983215332,61.45000076293945,51.492149353027344,790100
2019-01-24,61.459999084472656,62.09000015258789,61.459999084472656,61.689998626708984,51.69326400756836,401700
2019-01-25,62.47999954223633,63.939998626708984,62.11000061035156,63.130001068115234,52.89990997314453,650800
2019-01-28,61.68000030517578,62.689998626708984,61.27000045776367,62.02000045776367,51.969791412353516,510500
2019-01-29,62.41999816894531,63.470001220703125,61.779998779296875,63.09000015258789,52.866397857666016,382100
2019-01-30,63.630001068115234,64.4000015258789,63.040000915527344,63.75,53.419437408447266,466300
2019-01-31,63.470001220703125,64.30999755859375,62.939998626708984,64.19999694824219,53.796512603759766,761000
2019-02-01,64.0999984741211,65.05000305175781,63.88999938964844,64.97000122070312,54.44173812866211,902400
2019-02-04,65.06999969482422,65.80000305175781,64.75,65.72000122070312,55.07019805908203,1229900
2019-02-05,65.75,66.45999908447266,63.04999923706055,63.4900016784668,53.201568603515625,1716600
2019-02-06,63.61000061035156,65.41999816894531,63.2599983215332,64.23999786376953,53.830039978027344,884100
2019-02-07,64.18000030517578,64.4800033569336,62.810001373291016,63.400001525878906,53.12615966796875,875300
2019-02-08,62.790000915527344,63.369998931884766,62.130001068115234,62.84000015258789,52.65690612792969,686800
2019-02-11,62.97999954223633,63.349998474121094,62.45000076293945,63.16999816894531,52.93342971801758,409400
2019-02-12,63.68000030517578,64.87999725341797,63.619998931884766,64.4800033569336,54.0311393737793,490000
2019-02-13,64.5999984741211,65.16999816894531,64.33999633789062,64.66999816894531,54.19035339355469,479500
2019-02-14,64.13999938964844,64.7300033569336,63.810001373291016,64.18000030517578,53.904788970947266,674900
2019-02-15,64.1500015258789,65.3499984741211,63.93000030517578,64.76000213623047,54.391929626464844,541600
2019-02-19,64.48999786376953,65.5,64.44000244140625,65.05999755859375,54.643898010253906,630500
2019-02-20,64.91999816894531,65.94999694824219,64.76000213623047,65.7699966430664,55.24022674560547,459000
2019-02-21,65.93000030517578,67.16000366210938,65.30000305175781,66.41000366210938,55.77775955200195,604800
2019-02-22,66.44000244140625,67.12000274658203,66.44000244140625,66.94999694824219,56.23130798339844,335300
2019-02-25,67.33999633789062,68.55000305175781,67.23999786376953,68.18000030517578,57.26438522338867,769300
2019-02-26,67.76000213623047,68.12999725341797,67.19000244140625,67.19000244140625,56.43287658691406,550600
2019-02-27,67.19999694824219,67.75,66.9000015258789,67.62000274658203,56.794044494628906,574600
2019-02-28,67.62999725341797,67.98999786376953,67.22000122070312,67.58000183105469,56.76044845581055,665400
2019-03-01,68.04000091552734,68.66999816894531,68.0199966430664,68.44999694824219,57.49116516113281,513600
2019-03-04,68.6500015258789,69.30999755859375,68.25,68.66999816894531,57.675941467285156,797600
2019-03-05,68.5999984741211,68.97000122070312,68.16999816894531,68.27999877929688,57.348384857177734,509400
2019-03-06,68.12999725341797,68.4800033569336,67.02999877929688,67.13999938964844,56.39088821411133,658900
2019-03-07,66.80999755859375,67.01000213623047,65.80000305175781,66.30999755859375,55.69377136230469,459800
2019-03-08,65.55000305175781,66.29000091552734,65.04000091552734,65.97000122070312,55.40821075439453,780800
2019-03-11,65.91000366210938,66.76000213623047,65.7699966430664,66.69999694824219,56.02134323120117,471300
2019-03-12,66.81999969482422,67.0199966430664,66.30999755859375,66.62000274658203,55.95414352416992,281900
2019-03-13,65.93000030517578,67.27999877929688,65.93000030517578,66.76000213623047,56.07173156738281,495400
2019-03-14,66.41999816894531,66.94000244140625,65.44999694824219,65.9800033569336,55.41661071777344,453400
2019-03-15,66.11000061035156,66.94000244140625,66.11000061035156,66.58000183105469,55.92055130004883,753200
2019-03-18,66.77999877929688,67.73999786376953,66.45999908447266,67.68000030517578,56.84443664550781,396000
2019-03-19,68.0,68.44000244140625,67.55999755859375,67.75,56.903236389160156,482500
2019-03-20,67.5,68.5199966430664,67.13999938964844,67.95999908447266,57.07960510253906,469200
2019-03-21,67.5,68.73999786376953,67.5,68.62999725341797,57.642337799072266,620900
2019-03-22,68.37000274658203,68.86000061035156,67.08000183105469,67.4000015258789,56.60926818847656,1008200
2019-03-25,67.6500015258789,68.91000366210938,67.63999938964844,68.31999969482422,57.38198471069336,589000
2019-03-26,67.83999633789062,68.77999877929688,67.43000030517578,67.9000015258789,57.02921676635742,666200
2019-03-27,68.19000244140625,68.7699966430664,67.68000030517578,68.5999984741211,57.61713790893555,445500
2019-03-28,68.77999877929688,69.08000183105469,68.11000061035156,68.9000015258789,57.86911392211914,250900
2019-03-29,69.54000091552734,69.66000366210938,69.01000213623047,69.55000305175781,58.41505432128906,493700
2019-04-01,70.30999755859375,70.58000183105469,69.8499984741211,70.44000244140625,59.16256332397461,549400
2019-04-02,70.44000244140625,70.61000061035156,69.77999877929688,70.55000305175781,59.25495529174805,374800
2019-04-03,71.19999694824219,71.31999969482422,70.43000030517578,70.66000366210938,59.34734344482422,568600
2019-04-04,70.55999755859375,71.44000244140625,70.43000030517578,70.97000122070312,59.607696533203125,441900
2019-04-05,71.33000183105469,71.45999908447266,70.87999725341797,71.18000030517578,59.784095764160156,417000
2019-04-08,71.01000213623047,71.61000061035156,70.72000122070312,71.44999694824219,60.01084518432617,439400
2019-04-09,70.98999786376953,71.1500015258789,69.5999984741211,69.81999969482422,58.641815185546875,661400
2019-04-10,70.02999877929688,70.37000274658203,69.19999694824219,70.19000244140625,58.95258712768555,578200
2019-04-11,70.44999694824219,71.30999755859375,70.0999984741211,71.16999816894531,59.77568054199219,461800
2019-04-12,71.95999908447266,72.0,71.0,71.95999908447266,60.43919372558594,515000
2019-04-15,71.91999816894531,72.0,71.16000366210938,71.4000015258789,59.9688720703125,534000
2019-04-16,71.94000244140625,72.5199966430664,70.77999877929688,72.30000305175781,60.724788665771484,492100
2019-04-17,72.5,72.94999694824219,72.4000015258789,72.56999969482422,60.95154571533203,459000
2019-04-18,72.86000061035156,73.22000122070312,72.44000244140625,72.55000305175781,60.934757232666016,489600
2019-04-22,72.16999816894531,72.83000183105469,72.16999816894531,72.58000183105469,60.9599609375,400200
2019-04-23,72.68000030517578,72.91999816894531,71.69999694824219,71.83000183105469,60.33001708984375,608700
2019-04-24,71.5,72.05000305175781,71.19000244140625,71.56999969482422,60.111663818359375,357700
2019-04-25,71.0999984741211,71.0999984741211,69.56999969482422,69.62000274658203,58.47383499145508,420100
2019-04-26,69.66999816894531,70.87999725341797,69.66999816894531,70.87000274658203,59.52371597290039,892400
2019-04-29,71.1500015258789,71.44000244140625,70.55999755859375,70.80999755859375,59.47332763671875,441200
2019-04-30,70.91999816894531,71.13999938964844,70.30000305175781,70.77999877929688,59.448123931884766,573500
2019-05-01,71.55000305175781,71.66999816894531,70.05999755859375,70.05999755859375,58.84341049194336,745500
2019-05-02,74.12000274658203,75.55999755859375,72.3499984741211,74.93000030517578,62.933719635009766,1477500
2019-05-03,75.43000030517578,75.5,73.38999938964844,74.81999969482422,62.8412971496582,788400
2019-05-06,73.66999816894531,74.69999694824219,72.44000244140625,74.1500015258789,62.278587341308594,801200
2019-05-07,73.43000030517578,73.80000305175781,72.05000305175781,73.11000061035156,61.405094146728516,701500
2019-05-08,72.9800033569336,73.6500015258789,71.94999694824219,73.0,61.312713623046875,647500
2019-05-09,71.91000366210938,73.12000274658203,71.11000061035156,72.87999725341797,61.21192169189453,610000
2019-05-10,72.33999633789062,73.4800033569336,71.44000244140625,73.31999969482422,61.58147048950195,446800
2019-05-13,71.7699966430664,71.7699966430664,69.4800033569336,70.62999725341797,59.322139739990234,782900
2019-05-14,71.4000015258789,71.9000015258789,70.56999969482422,71.4000015258789,60.10503005981445,563400
2019-05-15,71.33999633789062,71.75,70.25,70.30000305175781,59.17903518676758,726300
2019-05-16,70.5199966430664,71.0199966430664,70.04000091552734,70.41000366210938,59.27163314819336,592200
2019-05-17,69.3499984741211,69.61000061035156,67.05999755859375,67.41000366210938,56.74620819091797,1030500
2019-05-20,65.70999908447266,66.70999908447266,65.44000244140625,66.0999984741211,55.64344024658203,672300
2019-05-21,66.93000030517578,67.79000091552734,66.30000305175781,67.61000061035156,56.914588928222656,638900
2019-05-22,67.31999969482422,68.08999633789062,67.02999877929688,67.37999725341797,56.720970153808594,453900
2019-05-23,66.41999816894531,67.02999877929688,64.81999969482422,65.36000061035156,55.020503997802734,543300
2019-05-24,66.0,66.7699966430664,65.77999877929688,66.18000030517578,55.71079635620117,598000
2019-05-28,66.02999877929688,66.69999694824219,65.86000061035156,66.51000213623047,55.988590240478516,532000
2019-05-29,66.08999633789062,68.04000091552734,66.08999633789062,67.54000091552734,56.85564041137695,642100
2019-05-30,67.52999877929688,68.30000305175781,67.01000213623047,67.45999908447266,56.788291931152344,764400
2019-05-31,66.5,67.5999984741211,66.0,66.55999755859375,56.03067398071289,705600
2019-06-03,66.37999725341797,67.33000183105469,66.19999694824219,67.13999938964844,56.51892852783203,697200
2019-06-04,68.0999984741211,69.55999755859375,67.61000061035156,69.41999816894531,58.43825149536133,605400
2019-06-05,69.94000244140625,70.68000030517578,69.11000061035156,69.95999908447266,58.89282989501953,474800
2019-06-06,69.70999908447266,70.16999816894531,68.5199966430664,69.16000366210938,58.219383239746094,540700
2019-06-07,69.5,70.11000061035156,69.30000305175781,69.75,58.716041564941406,379400
2019-06-10,69.98999786376953,70.66000366210938,69.88999938964844,70.11000061035156,59.01910400390625,326800
2019-06-11,70.7699966430664,71.62000274658203,69.93000030517578,70.38999938964844,59.254791259765625,403900
2019-06-12,70.58000183105469,71.45999908447266,70.30000305175781,71.38999938964844,60.09658432006836,578400
2019-06-13,71.54000091552734,72.69000244140625,71.18000030517578,72.33000183105469,60.88791275024414,690100
2019-06-14,72.30000305175781,72.9000015258789,71.30999755859375,72.37999725341797,60.929988861083984,545900
2019-06-17,72.66999816894531,73.06999969482422,72.05000305175781,72.76000213623047,61.2498893737793,588000
2019-06-18,73.4000015258789,75.05999755859375,73.13999938964844,74.63999938964844,62.83247375488281,496600
2019-06-19,74.77999877929688,75.13999938964844,74.41000366210938,74.9000015258789,63.05135726928711,507200
2019-06-20,75.68000030517578,75.81999969482422,74.9000015258789,75.2699966430664,63.36280059814453,891500
2019-06-21,74.9000015258789,75.30000305175781,74.52999877929688,74.73999786376953,62.91664505004883,553900
2019-06-24,76.30000305175781,76.94999694824219,75.75,76.51000213623047,64.40666961669922,770400
2019-06-25,77.4000015258789,77.4000015258789,76.37999725341797,76.81999969482422,64.66764068603516,722000
2019-06-26,77.26000213623047,78.31999969482422,76.87999725341797,77.51000213623047,65.24845886230469,706400
2019-06-27,77.75,78.08000183105469,77.04000091552734,77.8499984741211,65.53467559814453,498400
2019-06-28,77.75,78.44999694824219,77.48999786376953,77.56999969482422,65.2989730834961,722000
2019-07-01,78.75,79.0,76.66999816894531,77.63999938964844,65.35789489746094,443700
2019-07-02,77.31999969482422,77.80999755859375,77.11000061035156,77.63999938964844,65.35789489746094,373500
2019-07-03,78.05999755859375,78.48999786376953,77.37000274658203,78.43000030517578,66.02294158935547,203400
2019-07-05,77.69999694824219,77.80000305175781,76.9800033569336,77.66000366210938,65.374755859375,417300
2019-07-08,77.44999694824219,77.79000091552734,76.87000274658203,77.02999877929688,64.84439849853516,429200
2019-07-09,76.33000183105469,76.61000061035156,75.63999938964844,76.44999694824219,64.35615539550781,535100
2019-07-10,75.5199966430664,76.9000015258789,75.1500015258789,75.18000030517578,63.28705978393555,546200
2019-07-11,75.1500015258789,75.83000183105469,74.80000305175781,75.36000061035156,63.4385871887207,718600
2019-07-12,76.1500015258789,77.68000030517578,75.58000183105469,77.62000274658203,65.34107971191406,547900
2019-07-15,77.13999938964844,77.45999908447266,76.56999969482422,77.1500015258789,64.94541931152344,596200
2019-07-16,76.9000015258789,77.66999816894531,76.62000274658203,77.62999725341797,65.3494873046875,656800
2019-07-17,76.86000061035156,77.23999786376953,75.45999908447266,75.79000091552734,63.800559997558594,739000
2019-07-18,75.26000213623047,75.76000213623047,74.44000244140625,75.44999694824219,63.51433181762695,514100
2019-07-19,75.94999694824219,76.37999725341797,75.47000122070312,75.75,63.766876220703125,454100
2019-07-22,75.9000015258789,76.4000015258789,74.79000091552734,75.2300033569336,63.32913589477539,648800
2019-07-23,75.68000030517578,76.56999969482422,75.16000366210938,76.4000015258789,64.31404876708984,656400
2019-07-24,75.43000030517578,76.68000030517578,75.43000030517578,76.11000061035156,64.06993103027344,440700
2019-07-25,75.98999786376953,76.2699966430664,75.0199966430664,75.33000183105469,63.41334533691406,416900
2019-07-26,75.31999969482422,75.91000366210938,75.12999725341797,75.79000091552734,63.800559997558594,393300
2019-07-29,76.43000030517578,77.5,75.80000305175781,76.37000274658203,64.28882598876953,1016300
2019-07-30,77.0999984741211,80.63999938964844,76.51000213623047,80.20999908447266,67.52135467529297,1456900
2019-07-31,79.80999755859375,79.9000015258789,76.44999694824219,77.0,64.81914520263672,1067500
2019-08-01,77.18000030517578,77.55000305175781,73.8499984741211,74.16999816894531,62.43682098388672,647800
2019-08-02,73.86000061035156,73.86000061035156,72.19000244140625,73.18000030517578,61.603450775146484,620600
2019-08-05,71.66999816894531,71.79000091552734,69.16000366210938,69.87000274658203,58.81705856323242,743900
2019-08-06,70.33999633789062,71.52999877929688,69.61000061035156,71.5,60.1891975402832,694900
2019-08-07,70.80000305175781,72.05000305175781,70.37000274658203,71.79000091552734,60.433319091796875,701100
2019-08-08,72.16000366210938,73.31999969482422,71.80999755859375,73.16000366210938,61.58661651611328,633400
2019-08-09,72.69000244140625,74.1500015258789,72.4800033569336,73.66999816894531,62.015926361083984,573200
2019-08-12,73.0999984741211,73.36000061035156,67.66000366210938,67.87000274658203,57.133445739746094,1288400
2019-08-13,67.48999786376953,69.2699966430664,67.31999969482422,67.87000274658203,57.133445739746094,774900
2019-08-14,66.2699966430664,66.38999938964844,63.72999954223633,64.13999938964844,54.121089935302734,804500
2019-08-15,64.91999816894531,65.86000061035156,64.11000061035156,65.6500015258789,55.39522171020508,844600
2019-08-16,65.93000030517578,67.83999633789062,64.11000061035156,67.55000305175781,56.998443603515625,812500
2019-08-19,68.58999633789062,69.55000305175781,68.19000244140625,69.08000183105469,58.2894401550293,873300
2019-08-20,69.2300033569336,69.44000244140625,68.4000015258789,68.9800033569336,58.20507049560547,686800
2019-08-21,70.0199966430664,70.08000183105469,69.16000366210938,69.23999786376953,58.42444610595703,448200
2019-08-22,69.61000061035156,69.75,68.58999633789062,68.5999984741211,57.8844108581543,318200
2019-08-23,67.36000061035156,67.91999816894531,65.6500015258789,65.87000274658203,55.58086013793945,551100
2019-08-26,66.8499984741211,67.1500015258789,65.58999633789062,66.27999877929688,55.926822662353516,392700
2019-08-27,66.56999969482422,66.5999984741211,65.7699966430664,65.80999755859375,55.53021240234375,391400
2019-08-28,65.45999908447266,67.2699966430664,65.30000305175781,67.22000122070312,56.71998977661133,410100
2019-08-29,67.9800033569336,68.68000030517578,67.75,68.55000305175781,57.84224319458008,292700
2019-08-30,69.12999725341797,69.44000244140625,68.5999984741211,69.12000274658203,58.32320785522461,393600
2019-09-03,68.2300033569336,68.66000366210938,66.83999633789062,67.5999984741211,57.04063034057617,475900
2019-09-04,68.61000061035156,68.94999694824219,68.12999725341797,68.7300033569336,57.99412536621094,306900
2019-09-05,69.66999816894531,70.83000183105469,69.33000183105469,70.33999633789062,59.352630615234375,498800
2019-09-06,72.08000183105469,73.11000061035156,71.66999816894531,71.97000122070312,60.72801208496094,744500
2019-09-09,72.20999908447266,73.80000305175781,72.13999938964844,73.76000213623047,62.238407135009766,615400
2019-09-10,73.81999969482422,75.66999816894531,73.31999969482422,75.5999984741211,63.790992736816406,506800
2019-09-11,76.36000061035156,77.16999816894531,75.87999725341797,77.13999938964844,65.09043884277344,576400
2019-09-12,76.91000366210938,76.91000366210938,75.54000091552734,75.81999969482422,63.97661590576172,385700
2019-09-13,76.58999633789062,77.01000213623047,75.81999969482422,76.79000091552734,64.79512786865234,363000
2019-09-16,76.27999877929688,77.01000213623047,76.26000213623047,76.9000015258789,64.8879165649414,414200
2019-09-17,76.13999938964844,76.4000015258789,75.56999969482422,76.19000244140625,64.28883361816406,379400
2019-09-18,75.7699966430664,76.27999877929688,75.13999938964844,76.0999984741211,64.212890625,359400
2019-09-19,76.19999694824219,77.23999786376953,75.83999633789062,77.05999755859375,65.02291870117188,453600
2019-09-20,77.16999816894531,77.7699966430664,76.45999908447266,76.45999908447266,64.51665496826172,1122200
2019-09-23,76.16000366210938,76.94000244140625,75.69000244140625,75.79000091552734,63.95130920410156,609100
2019-09-24,75.83999633789062,76.33000183105469,74.81999969482422,75.56999969482422,63.76566696166992,407400
2019-09-25,75.48999786376953,76.08999633789062,75.33000183105469,75.87999725341797,64.0272445678711,407300
2019-09-26,75.66999816894531,76.05000305175781,74.66999816894531,75.58999633789062,63.78253936767578,700900
2019-09-27,76.08000183105469,76.86000061035156,75.44000244140625,76.18000030517578,64.28040313720703,496200
2019-09-30,76.48999786376953,76.69999694824219,75.63999938964844,75.69999694824219,63.87537384033203,368500
2019-10-01,76.30999755859375,76.70999908447266,73.33000183105469,73.5,62.019020080566406,467500
2019-10-02,72.6500015258789,72.72000122070312,70.80999755859375,71.88999938964844,60.66051483154297,510000
2019-10-03,71.5999984741211,72.43000030517578,70.20999908447266,72.36000061035156,61.05710220336914,414700
2019-10-04,72.26000213623047,73.72000122070312,71.88999938964844,73.69000244140625,62.179344177246094,303800
2019-10-07,72.83999633789062,72.83999633789062,71.25,72.0,60.753334045410156,570600
2019-10-08,71.0,71.20999908447266,69.81999969482422,70.12000274658203,59.16698455810547,599800
2019-10-09,71.05999755859375,71.19999694824219,70.18000030517578,70.83000183105469,59.76610565185547,451600
2019-10-10,70.9000015258789,72.58000183105469,70.76000213623047,72.12999725341797,60.8630256652832,518200
2019-10-11,73.66000366210938,75.12000274658203,73.62999725341797,73.8499984741211,62.3143424987793,355500
2019-10-14,73.43000030517578,73.87999725341797,73.01000213623047,73.12999725341797,61.70683670043945,285300
2019-10-15,73.25,74.18000030517578,72.62000274658203,73.55000305175781,62.06121063232422,459700
2019-10-16,73.11000061035156,73.77999877929688,72.51000213623047,72.72000122070312,61.36086654663086,453900
2019-10-17,73.11000061035156,73.76000213623047,72.83000183105469,73.48999786376953,62.01059341430664,517500
2019-10-18,73.44000244140625,74.29000091552734,73.01000213623047,73.95999908447266,62.40716552734375,309000
2019-10-21,74.66000366210938,75.54000091552734,74.08000183105469,75.25,63.495662689208984,358900
2019-10-22,75.44999694824219,76.95999908447266,75.19999694824219,76.54000091552734,64.58417510986328,489000
2019-10-23,76.26000213623047,76.87999725341797,75.8499984741211,76.62000274658203,64.65167236328125,343900
2019-10-24,76.47000122070312,76.52999877929688,75.2300033569336,75.55999755859375,63.75724411010742,304400
2019-10-25,75.44999694824219,76.88999938964844,75.25,76.83999633789062,64.83727264404297,540100
2019-10-28,77.23999786376953,78.61000061035156,76.93000030517578,77.0,64.97230529785156,927300
2019-10-29,75.5199966430664,76.52999877929688,72.63999938964844,76.11000061035156,64.22132873535156,805000
2019-10-30,76.18000030517578,76.31999969482422,74.62999725341797,76.19000244140625,64.28883361816406,483300
2019-10-31,75.86000061035156,76.94999694824219,75.05000305175781,76.69000244140625,64.71073913574219,661700
2019-11-01,77.0,78.11000061035156,76.69000244140625,77.69999694824219,65.56297302246094,433500
2019-11-04,78.5999984741211,80.04000091552734,78.51000213623047,79.45999908447266,67.0480728149414,563900
2019-11-05,79.91999816894531,80.0,78.9000015258789,79.36000061035156,66.96366119384766,491600
2019-11-06,79.19999694824219,79.56999969482422,77.9000015258789,78.20999908447266,65.9933090209961,447300
2019-11-07,79.04000091552734,79.76000213623047,78.80000305175781,78.95999908447266,66.62615203857422,510900
2019-11-08,78.79000091552734,79.98999786376953,78.44999694824219,79.81999969482422,67.35181427001953,391400
2019-11-11,79.19000244140625,80.30000305175781,78.98999786376953,80.2699966430664,67.73151397705078,343300
2019-11-12,80.2699966430664,80.2699966430664,78.8499984741211,78.94000244140625,66.6092758178711,445400
2019-11-13,78.5,79.55000305175781,77.75,79.11000061035156,66.75271606445312,458100
2019-11-14,79.80000305175781,81.38999938964844,79.79000091552734,80.13999938964844,67.75886535644531,569100
2019-11-15,79.68000030517578,80.4000015258789,79.62999725341797,80.12999725341797,67.75041961669922,429500
2019-11-18,79.55999755859375,79.68000030517578,78.8499984741211,79.41000366210938,67.14166259765625,401200
2019-11-19,79.66000366210938,80.5199966430664,79.26000213623047,79.97000122070312,67.61514282226562,461200
2019-11-20,79.29000091552734,79.80999755859375,78.1500015258789,78.5199966430664,66.3891372680664,482500
2019-11-21,78.36000061035156,79.54000091552734,78.0999984741211,79.23999786376953,66.99790954589844,300900
2019-11-22,79.47000122070312,79.9800033569336,79.16000366210938,79.70999908447266,67.39530181884766,361100
2019-11-25,80.05999755859375,81.26000213623047,79.83999633789062,80.68000030517578,68.21544647216797,366500
2019-11-26,80.7300033569336,80.98999786376953,80.05000305175781,80.55000305175781,68.10553741455078,366100
2019-11-27,79.01000213623047,79.68000030517578,78.2300033569336,78.9800033569336,66.77808380126953,518600
2019-11-29,78.73999786376953,78.73999786376953,78.05999755859375,78.12999725341797,66.05940246582031,222700
2019-12-02,78.20999908447266,78.62000274658203,77.31999969482422,77.5,65.5267562866211,466700
2019-12-03,76.18000030517578,76.76000213623047,75.2699966430664,76.54000091552734,64.7150650024414,544800
2019-12-04,76.87999725341797,77.55000305175781,76.1500015258789,76.26000213623047,64.4782943725586,426800
2019-12-05,76.41000366210938,76.62999725341797,75.58000183105469,76.11000061035156,64.35149383544922,636800
2019-12-06,77.18000030517578,77.41999816894531,76.1500015258789,76.58999633789062,64.75732421875,477100
2019-12-09,76.5,76.75,75.66999816894531,75.97000122070312,64.23310089111328,545800
2019-12-10,75.69999694824219,76.66000366210938,75.16000366210938,76.54000091552734,64.7150650024414,512600
2019-12-11,76.86000061035156,77.31999969482422,75.86000061035156,76.58999633789062,64.75732421875,442300
2019-12-12,76.18000030517578,78.20999908447266,75.91000366210938,78.08999633789062,66.02557373046875,744600
2019-12-13,78.30000305175781,78.95999908447266,76.68000030517578,77.02999877929688,65.12934875488281,745900
2019-12-16,78.4800033569336,78.62999725341797,77.0,77.3499984741211,65.39990234375,582600
2019-12-17,77.19000244140625,77.94000244140625,77.16000366210938,77.30000305175781,65.35765838623047,447500
2019-12-18,77.55000305175781,78.58999633789062,77.1500015258789,78.31999969482422,66.22004699707031,508300
2019-12-19,78.4000015258789,78.44000244140625,77.66999816894531,77.73999786376953,65.72967529296875,364900
2019-12-20,78.37000274658203,78.70999908447266,77.5,77.69000244140625,65.6873779296875,1024000
2019-12-23,77.91000366210938,77.91999816894531,77.30999755859375,77.7699966430664,65.75501251220703,155900
2019-12-24,77.83999633789062,77.94999694824219,77.41000366210938,77.41999816894531,65.4590835571289,90100
2019-12-26,77.58999633789062,78.2300033569336,77.22000122070312,77.83999633789062,65.81420135498047,284400
2019-12-27,78.06999969482422,78.0999984741211,77.5199966430664,77.75,65.73811340332031,227500
2019-12-30,77.77999877929688,78.01000213623047,77.38999938964844,77.5999984741211,65.61128234863281,281600
2019-12-31,77.47000122070312,78.0999984741211,77.1500015258789,77.25,65.31536102294922,299700
2020-01-02,77.91999816894531,78.2300033569336,77.12999725341797,78.22000122070312,66.13549041748047,264200
2020-01-03,76.83000183105469,77.19000244140625,76.2699966430664,77.13999938964844,65.22235870361328,334800
2020-01-06,76.47000122070312,76.51000213623047,75.76000213623047,76.37999725341797,64.57975769042969,372400
2020-01-07,75.81999969482422,76.4800033569336,75.62000274658203,75.66999816894531,63.979461669921875,376100
2020-01-08,75.75,76.04000091552734,75.16999816894531,75.80999755859375,64.09782409667969,346400
2020-01-09,76.19000244140625,76.36000061035156,75.51000213623047,75.80999755859375,64.09782409667969,295600
2020-01-10,75.95999908447266,75.95999908447266,73.66000366210938,73.79000091552734,62.3899040222168,318800
2020-01-13,73.69000244140625,74.55999755859375,73.12999725341797,74.51000213623047,62.99867248535156,494600
2020-01-14,74.38999938964844,74.73999786376953,73.83000183105469,74.54000091552734,63.02403259277344,299800
2020-01-15,74.05000305175781,74.70999908447266,73.73999786376953,74.05000305175781,62.609745025634766,435300
2020-01-16,74.54000091552734,74.9000015258789,74.04000091552734,74.9000015258789,63.32841491699219,377700
2020-01-17,75.19999694824219,75.30999755859375,74.47000122070312,74.76000213623047,63.21005630493164,281400
2020-01-21,74.38999938964844,74.41000366210938,73.05000305175781,73.0999984741211,61.806522369384766,360500
2020-01-22,73.26000213623047,73.5,72.26000213623047,72.73999786376953,61.50210952758789,280000
2020-01-23,72.36000061035156,72.86000061035156,71.4000015258789,72.55000305175781,61.34147262573242,383600
2020-01-24,72.55999755859375,72.86000061035156,71.37999725341797,71.80999755859375,60.715789794921875,293600
2020-01-27,71.01000213623047,71.01000213623047,68.87999725341797,69.11000061035156,58.432926177978516,351100
2020-01-28,69.5,70.44000244140625,68.98999786376953,70.19999694824219,59.35454177856445,291800
2020-01-29,70.66999816894531,71.1500015258789,70.16999816894531,70.38999938964844,59.51517868041992,444800
2020-01-30,69.63999938964844,71.22000122070312,69.63999938964844,71.08999633789062,60.107032775878906,377200
2020-01-31,70.52999877929688,71.06999969482422,69.7300033569336,70.13999938964844,59.30381774902344,617100
2020-02-03,70.55999755859375,71.80000305175781,70.5199966430664,71.22000122070312,60.216957092285156,575500
2020-02-04,72.12999725341797,73.08999633789062,72.0,72.66999816894531,61.442935943603516,533400
2020-02-05,73.55000305175781,73.79000091552734,72.5,73.22000122070312,61.90797424316406,607100
2020-02-06,69.55999755859375,71.18000030517578,66.91000366210938,69.08999633789062,58.41602325439453,1668200
2020-02-07,68.5,69.26000213623047,66.45999908447266,66.8499984741211,56.522098541259766,730700
2020-02-10,66.3499984741211,66.94000244140625,65.68000030517578,66.77999877929688,56.46291732788086,584200
2020-02-11,67.23999786376953,67.9800033569336,66.91000366210938,67.33999633789062,56.9363899230957,505100
2020-02-12,68.05999755859375,68.94000244140625,68.0,68.88999938964844,58.24693298339844,468600
2020-02-13,67.91000366210938,67.91000366210938,66.51000213623047,66.75,56.568939208984375,538700
2020-02-14,66.80000305175781,67.41999816894531,66.66000366210938,66.76000213623047,56.57741165161133,370300
2020-02-18,66.47000122070312,67.11000061035156,66.05000305175781,66.61000061035156,56.45027160644531,363700
2020-02-19,66.6500015258789,66.7699966430664,66.0,66.37000274658203,56.246883392333984,492500
2020-02-20,66.19000244140625,67.95999908447266,66.19000244140625,67.47000122070312,57.179107666015625,474300
2020-02-21,68.26000213623047,68.79000091552734,67.43000030517578,68.58000183105469,58.11979675292969,688200
2020-02-24,66.58000183105469,67.81999969482422,66.05000305175781,67.51000213623047,57.21300506591797,713100
2020-02-25,67.56999969482422,67.75,64.16999816894531,64.19999694824219,54.407859802246094,784500
2020-02-26,64.80000305175781,65.1500015258789,62.279998779296875,62.279998779296875,52.78071212768555,579000
2020-02-27,61.09000015258789,63.52000045776367,60.04999923706055,61.380001068115234,52.01799774169922,905600
2020-02-28,59.4900016784668,60.720001220703125,59.06999969482422,60.43000030517578,51.212886810302734,961200
2020-03-02,60.81999969482422,63.619998931884766,60.02000045776367,63.599998474121094,53.89938735961914,686600
2020-03-03,63.61000061035156,64.30999755859375,60.63999938964844,61.029998779296875,51.721370697021484,445700
2020-03-04,61.97999954223633,62.91999816894531,60.88999938964844,62.79999923706055,53.22141647338867,553900
2020-03-05,60.88999938964844,62.09000015258789,60.45000076293945,60.970001220703125,51.6705207824707,815300
2020-03-06,58.970001220703125,61.689998626708984,58.79999923706055,61.40999984741211,52.04342269897461,638800
2020-03-09,56.86000061035156,58.25,55.66999816894531,56.97999954223633,48.289100646972656,775700
2020-03-10,58.880001068115234,59.68000030517578,56.72999954223633,59.560001373291016,50.475582122802734,981200
2020-03-11,57.790000915527344,58.4900016784668,55.29999923706055,56.220001220703125,47.64502716064453,819100
2020-03-12,52.349998474121094,52.93000030517578,48.959999084472656,50.29999923706055,42.62797164916992,1087700
2020-03-13,53.13999938964844,55.34000015258789,50.72999954223633,55.33000183105469,46.89076614379883,905700
2020-03-16,49.709999084472656,54.400001525878906,47.63999938964844,47.970001220703125,40.653358459472656,1245300
2020-03-17,48.63999938964844,49.40999984741211,45.130001068115234,45.52000045776367,38.57705307006836,1278400
2020-03-18,42.349998474121094,44.84000015258789,35.33000183105469,36.970001220703125,31.331138610839844,1491600
2020-03-19,36.130001068115234,45.18000030517578,35.400001525878906,44.369998931884766,37.60243606567383,1191300
2020-03-20,44.7599983215332,45.54999923706055,39.93000030517578,40.29999923706055,34.153221130371094,953200
2020-03-23,40.29999923706055,41.130001068115234,37.06999969482422,39.47999954223633,33.45830154418945,702100
2020-03-24,41.470001220703125,43.189998626708984,40.380001068115234,42.88999938964844,36.348175048828125,819200
2020-03-25,43.38999938964844,46.970001220703125,43.099998474121094,44.47999954223633,37.69567108154297,938700
2020-03-26,44.52000045776367,48.77000045776367,44.060001373291016,47.41999816894531,40.187252044677734,652900
2020-03-27,45.630001068115234,47.189998626708984,44.38999938964844,46.20000076293945,39.15332794189453,620800
2020-03-30,46.06999969482422,47.75,45.060001373291016,47.290000915527344,40.07707977294922,463300
2020-03-31,46.650001525878906,48.31999969482422,46.459999084472656,47.25,40.043174743652344,826500
2020-04-01,44.810001373291016,46.45000076293945,43.849998474121094,44.68000030517578,37.86516189575195,602600
2020-04-02,44.290000915527344,45.84000015258789,43.2599983215332,44.650001525878906,37.839752197265625,496400
2020-04-03,44.470001220703125,44.81999969482422,42.88999938964844,43.5,36.86513900756836,476100
2020-04-06,45.56999969482422,47.75,45.060001373291016,47.689998626708984,40.416053771972656,802100
2020-04-07,49.77000045776367,50.93000030517578,48.88999938964844,49.13999938964844,41.6449089050293,567500
2020-04-08,49.790000915527344,51.34000015258789,48.88999938964844,51.04999923706055,43.26357650756836,330900
2020-04-09,51.81999969482422,52.97999954223633,51.09000015258789,52.099998474121094,44.15342330932617,404600
2020-04-13,51.900001525878906,52.630001068115234,50.099998474121094,50.91999816894531,43.15340042114258,551600
2020-04-14,51.810001373291016,52.619998931884766,49.380001068115234,49.86000061035156,42.255088806152344,585300
2020-04-15,47.939998626708984,48.0099983215332,46.209999084472656,47.77000045776367,40.483856201171875,487000
2020-04-16,47.15999984741211,47.63999938964844,44.41999816894531,44.91999816894531,38.06856155395508,1008100
2020-04-17,46.689998626708984,49.599998474121094,46.5099983215332,49.4900016784668,41.94152069091797,869500
2020-04-20,47.91999816894531,49.29999923706055,46.40999984741211,49.15999984741211,41.66185760498047,1223200
2020-04-21,47.630001068115234,48.75,46.7599983215332,47.689998626708984,40.416053771972656,600700
2020-04-22,49.08000183105469,49.279998779296875,47.77000045776367,48.33000183105469,40.95844650268555,303800
2020-04-23,48.869998931884766,49.59000015258789,48.130001068115234,48.91999816894531,41.45845031738281,883000
2020-04-24,49.689998626708984,50.189998626708984,48.54999923706055,49.75,42.161861419677734,500300
2020-04-27,49.93000030517578,51.380001068115234,49.33000183105469,50.7400016784668,43.00087356567383,495800
2020-04-28,52.0,52.77000045776367,51.22999954223633,51.66999816894531,43.78901290893555,592500
2020-04-29,52.91999816894531,54.33000183105469,52.79999923706055,53.939998626708984,45.712772369384766,469900
2020-04-30,53.189998626708984,53.5099983215332,52.189998626708984,52.84000015258789,44.780555725097656,731200
2020-05-01,51.630001068115234,51.779998779296875,49.720001220703125,50.290000915527344,42.6195068359375,429000
2020-05-04,49.90999984741211,49.90999984741211,48.43000030517578,49.63999938964844,42.068634033203125,662800
2020-05-05,51.0099983215332,53.959999084472656,48.7400016784668,49.040000915527344,41.560150146484375,1006700
2020-05-06,49.790000915527344,49.790000915527344,47.970001220703125,48.5,41.10251998901367,464600
2020-05-07,49.34000015258789,50.189998626708984,49.08000183105469,49.45000076293945,41.907623291015625,311700
2020-05-08,50.27000045776367,51.59000015258789,50.27000045776367,51.130001068115234,43.33137130737305,374600
2020-05-11,50.150001525878906,50.79999923706055,49.02000045776367,50.380001068115234,42.69576644897461,504000
2020-05-12,50.41999816894531,50.849998474121094,47.619998931884766,47.650001525878906,40.38216018676758,574600
2020-05-13,47.16999816894531,47.540000915527344,45.16999816894531,45.56999969482422,38.61941909790039,563200
2020-05-14,44.650001525878906,46.2599983215332,42.84000015258789,45.68000030517578,38.84904098510742,421700
2020-05-15,45.380001068115234,46.369998931884766,44.779998779296875,45.72999954223633,38.891563415527344,461800
2020-05-18,47.4900016784668,49.88999938964844,47.4900016784668,49.290000915527344,41.91920471191406,641100
2020-05-19,49.5,49.540000915527344,48.060001373291016,48.439998626708984,41.1963005065918,440000
2020-05-20,49.11000061035156,51.41999816894531,49.11000061035156,51.09000015258789,43.45003128051758,399300
2020-05-21,50.91999816894531,51.849998474121094,50.619998931884766,51.099998474121094,43.45854568481445,518100
2020-05-22,51.720001220703125,52.06999969482422,51.02000045776367,51.84000015258789,44.08787536621094,552700
2020-05-26,54.22999954223633,57.97999954223633,54.040000915527344,57.040000915527344,48.510257720947266,898200
2020-05-27,58.540000915527344,59.959999084472656,56.709999084472656,58.130001068115234,49.437278747558594,657300
2020-05-28,58.939998626708984,58.939998626708984,56.70000076293945,57.709999084472656,49.080078125,964000
2020-05-29,56.88999938964844,56.88999938964844,54.0,55.22999954223633,46.97093963623047,656600
2020-06-01,55.34000015258789,57.279998779296875,54.72999954223633,56.58000183105469,48.11906433105469,560200
2020-06-02,57.22999954223633,57.619998931884766,56.58000183105469,57.060001373291016,48.52729034423828,591600
2020-06-03,58.2599983215332,59.619998931884766,58.0099983215332,59.470001220703125,50.576908111572266,392400
2020-06-04,58.95000076293945,61.040000915527344,58.400001525878906,61.040000915527344,51.9121208190918,623500
2020-06-05,63.130001068115234,64.95999908447266,62.36000061035156,63.0099983215332,53.5875244140625,485500
2020-06-08,64.0999984741211,64.62000274658203,62.90999984741211,63.619998931884766,54.10630416870117,475800
2020-06-09,62.029998779296875,62.61000061035156,60.720001220703125,61.59000015258789,52.3798713684082,380700
2020-06-10,61.43000030517578,61.61000061035156,58.4900016784668,58.56999969482422,49.81147003173828,571000
2020-06-11,55.790000915527344,56.02000045776367,54.369998931884766,54.41999816894531,46.28205871582031,501700
2020-06-12,57.040000915527344,57.040000915527344,53.72999954223633,55.22999954223633,46.97093963623047,469500
2020-06-15,53.02000045776367,56.27000045776367,52.849998474121094,55.650001525878906,47.3281364440918,466700
2020-06-16,58.369998931884766,59.099998474121094,55.70000076293945,56.290000915527344,47.87242889404297,453200
2020-06-17,56.33000183105469,56.33000183105469,54.540000915527344,54.65999984741211,46.486175537109375,346300
2020-06-18,54.02000045776367,55.349998474121094,53.79999923706055,54.16999816894531,46.06945037841797,368000
2020-06-19,54.7599983215332,55.349998474121094,53.310001373291016,54.2400016784668,46.12898635864258,703900
2020-06-22,53.88999938964844,54.75,52.9900016784668,54.220001220703125,46.11198043823242,430300
2020-06-23,54.84000015258789,55.209999084472656,54.38999938964844,54.619998931884766,46.45216751098633,373700
2020-06-24,53.779998779296875,54.09000015258789,52.880001068115234,53.130001068115234,45.184967041015625,703800
2020-06-25,52.689998626708984,54.22999954223633,52.04999923706055,54.040000915527344,45.958885192871094,606000
2020-06-26,53.68000030517578,54.029998779296875,52.540000915527344,52.70000076293945,44.81927490234375,731200
2020-06-29,53.560001373291016,55.150001525878906,53.4900016784668,54.5,46.350101470947266,469500
2020-06-30,54.040000915527344,55.77000045776367,53.650001525878906,55.459999084472656,47.166542053222656,744100
2020-07-01,54.11000061035156,55.68000030517578,53.5099983215332,53.959999084472656,45.89085388183594,486900
2020-07-02,55.15999984741211,56.77000045776367,54.4900016784668,54.650001525878906,46.477684020996094,594900
2020-07-06,56.25,57.25,55.58000183105469,56.4900016784668,48.04252624511719,581500
2020-07-07,55.7400016784668,56.27000045776367,55.119998931884766,55.189998626708984,46.93693161010742,458500
2020-07-08,55.34000015258789,55.34000015258789,53.79999923706055,54.369998931884766,46.239540100097656,270000
2020-07-09,54.11000061035156,54.5,52.36000061035156,53.41999816894531,45.431610107421875,381300
2020-07-10,53.47999954223633,54.41999816894531,53.119998931884766,54.36000061035156,46.231048583984375,473000
2020-07-13,55.220001220703125,58.209999084472656,54.880001068115234,57.5,48.90148162841797,936600
2020-07-14,57.5,60.900001525878906,56.70000076293945,60.560001373291016,51.5038948059082,967100
2020-07-15,61.86000061035156,62.400001525878906,60.81999969482422,61.880001068115234,52.62650680541992,567300
2020-07-16,61.84000015258789,63.72999954223633,61.09000015258789,61.619998931884766,52.40538787841797,464100
2020-07-17,61.95000076293945,63.16999816894531,61.599998474121094,62.599998474121094,53.23883819580078,600500
2020-07-20,62.11000061035156,62.7400016784668,60.90999984741211,61.34000015258789,52.16725158691406,408200
2020-07-21,61.81999969482422,62.959999084472656,61.599998474121094,61.970001220703125,52.70304870605469,394500
2020-07-22,62.79999923706055,63.7400016784668,62.56999969482422,63.2400016784668,53.78312301635742,307600
2020-07-23,63.060001373291016,64.0,63.060001373291016,63.65999984741211,54.14033126831055,418900
2020-07-24,63.90999984741211,63.90999984741211,62.689998626708984,63.400001525878906,53.91920852661133,342100
2020-07-27,63.09000015258789,64.0199966430664,62.33000183105469,63.400001525878906,53.91920852661133,619300
2020-07-28,62.86000061035156,63.29999923706055,61.779998779296875,62.060001373291016,52.77959060668945,628400
2020-07-29,62.220001220703125,63.88999938964844,61.9900016784668,63.43000030517578,53.944725036621094,470400
2020-07-30,67.5,68.47000122070312,65.8499984741211,67.91999816894531,57.763282775878906,1076500
2020-07-31,67.44000244140625,67.94000244140625,63.869998931884766,65.62999725341797,55.815731048583984,779300
2020-08-03,66.66999816894531,68.08000183105469,66.12000274658203,67.62000274658203,57.50815200805664,584900
2020-08-04,67.23999786376953,68.79000091552734,67.23999786376953,67.91999816894531,57.763282775878906,446900
2020-08-05,68.70999908447266,69.33000183105469,68.05999755859375,68.6500015258789,58.38412857055664,371000
2020-08-06,68.13999938964844,68.72000122070312,67.91000366210938,68.30000305175781,58.08646774291992,238200
2020-08-07,68.29000091552734,68.79000091552734,67.66999816894531,68.70999908447266,58.435150146484375,383500
2020-08-10,68.87999725341797,71.11000061035156,68.83999633789062,70.44999694824219,59.91494369506836,541700
2020-08-11,71.69999694824219,74.22000122070312,71.5199966430664,73.1500015258789,62.21120071411133,888300
2020-08-12,73.70999908447266,74.05999755859375,72.26000213623047,73.44000244140625,62.45782470703125,398900
2020-08-13,72.6500015258789,73.12999725341797,72.16999816894531,72.93000030517578,62.159515380859375,271800
2020-08-14,72.41999816894531,74.25,72.05000305175781,73.55999755859375,62.69647216796875,404700
2020-08-17,74.25,74.25,72.61000061035156,73.08999633789062,62.2958869934082,384500
2020-08-18,73.04000091552734,73.43000030517578,71.66999816894531,71.8499984741211,61.2390022277832,558500
2020-08-19,72.37999725341797,72.94000244140625,71.7300033569336,71.9800033569336,61.34981155395508,461400
2020-08-20,71.1500015258789,71.69999694824219,70.43000030517578,71.05000305175781,60.55715560913086,521600
2020-08-21,71.44000244140625,72.75,71.22000122070312,72.05000305175781,61.40948486328125,418900
2020-08-24,72.86000061035156,73.27999877929688,71.69000244140625,72.05000305175781,61.40948486328125,558400
2020-08-25,72.27999877929688,72.61000061035156,71.05000305175781,71.16000366210938,60.65092849731445,308300
2020-08-26,71.36000061035156,71.72000122070312,70.77999877929688,71.41000366210938,60.86399841308594,312000
2020-08-27,71.98999786376953,73.20999908447266,71.3499984741211,72.55000305175781,61.83563232421875,365600
2020-08-28,72.83000183105469,73.26000213623047,71.63999938964844,72.5199966430664,61.81007766723633,323000
2020-08-31,72.52999877929688,72.52999877929688,71.01000213623047,71.0999984741211,60.59978103637695,486700
2020-09-01,70.66000366210938,73.52999877929688,70.19999694824219,73.38999938964844,62.551570892333984,427100
2020-09-02,73.55000305175781,74.68000030517578,73.12000274658203,73.80999755859375,62.90955352783203,381700
2020-09-03,75.87000274658203,76.30000305175781,72.86000061035156,73.51000213623047,62.653873443603516,566900
2020-09-04,74.79000091552734,75.22000122070312,72.91999816894531,73.7699966430664,62.87546157836914,532200
2020-09-08,73.31999969482422,73.72000122070312,72.30000305175781,73.0,62.21918869018555,473500
2020-09-09,73.51000213623047,75.54000091552734,73.51000213623047,74.94000244140625,63.87266540527344,570700
2020-09-10,75.16999816894531,76.0199966430664,74.16999816894531,75.02999877929688,63.949363708496094,601600
2020-09-11,75.08999633789062,77.04000091552734,74.75,75.44999694824219,64.30735778808594,648200
2020-09-14,75.6500015258789,77.55999755859375,75.2699966430664,75.66000366210938,64.48635864257812,476800
2020-09-15,76.27999877929688,76.63999938964844,75.16000366210938,75.68000030517578,64.5033950805664,469800
2020-09-16,75.98999786376953,77.26000213623047,75.29000091552734,76.26000213623047,64.99773406982422,554200
2020-09-17,75.63999938964844,77.18000030517578,74.91000366210938,76.26000213623047,64.99773406982422,558100
2020-09-18,76.41999816894531,76.87000274658203,74.87000274658203,75.11000061035156,64.01757049560547,918800
2020-09-21,73.30999755859375,73.38999938964844,69.7300033569336,70.77999877929688,60.32704162597656,586800
2020-09-22,70.77999877929688,72.2699966430664,70.62999725341797,71.80000305175781,61.1963996887207,409700
2020-09-23,72.79000091552734,73.20999908447266,70.45999908447266,70.58999633789062,60.165096282958984,410700
2020-09-24,70.38999938964844,71.9800033569336,69.68000030517578,70.73999786376953,60.29294204711914,365900
2020-09-25,70.08000183105469,72.0199966430664,69.91000366210938,71.51000213623047,60.94921112060547,523600
2020-09-28,72.69000244140625,73.55999755859375,72.22000122070312,72.9000015258789,62.13395309448242,346300
2020-09-29,72.75,73.29000091552734,71.79000091552734,72.66000366210938,61.929386138916016,286400
2020-09-30,72.80000305175781,75.5,72.80000305175781,74.2699966430664,63.3016242980957,728100
2020-10-01,74.91000366210938,75.19999694824219,72.6500015258789,73.30999755859375,62.483402252197266,651600
2020-10-02,72.18000030517578,75.58000183105469,71.91000366210938,75.19000244140625,64.08574676513672,363600
2020-10-05,76.11000061035156,77.4800033569336,75.97000122070312,76.66999816894531,65.34718322753906,381900
2020-10-06,77.31999969482422,79.12000274658203,76.66999816894531,77.01000213623047,65.63697814941406,488200
2020-10-07,77.9800033569336,79.36000061035156,77.58000183105469,78.94999694824219,67.29046630859375,391100
2020-10-08,79.29000091552734,79.79000091552734,78.33000183105469,79.66000366210938,67.89562225341797,288400
2020-10-09,80.54000091552734,81.11000061035156,79.73999786376953,80.56999969482422,68.67122650146484,417200
2020-10-12,81.18000030517578,81.18000030517578,79.80999755859375,80.61000061035156,68.705322265625,195700
2020-10-13,81.41000366210938,82.44000244140625,79.69000244140625,80.69000244140625,68.77349090576172,433800
2020-10-14,80.37999725341797,82.06999969482422,80.29000091552734,80.36000061035156,68.49223327636719,350000
2020-10-15,79.0,80.83999633789062,78.7300033569336,80.58999633789062,68.68826293945312,350800
2020-10-16,83.37000274658203,83.56999969482422,81.33000183105469,81.44000244140625,69.41275024414062,610800
2020-10-19,82.11000061035156,82.76000213623047,80.98999786376953,81.3499984741211,69.33600616455078,398000
2020-10-20,82.2300033569336,82.83999633789062,80.66999816894531,81.08999633789062,69.11443328857422,484200
2020-10-21,81.20999908447266,82.93000030517578,81.12999725341797,81.41999816894531,69.39570617675781,786400
2020-10-22,81.45999908447266,82.05000305175781,80.83999633789062,81.88999938964844,69.79627990722656,609500
2020-10-23,82.30000305175781,83.58000183105469,82.04000091552734,82.81999969482422,70.58895111083984,522100
2020-10-26,81.58999633789062,81.72000122070312,80.44000244140625,81.45999908447266,69.4297866821289,769700
2020-10-27,81.0999984741211,81.66999816894531,77.87000274658203,78.0199966430664,66.49781799316406,907800
2020-10-28,76.0,77.68000030517578,75.5199966430664,76.44000244140625,65.15116119384766,741700
2020-10-29,75.79000091552734,77.5999984741211,74.7699966430664,77.22000122070312,65.81595611572266,871000
2020-10-30,77.18000030517578,78.05999755859375,76.04000091552734,77.02999877929688,65.65401458740234,659500
2020-11-02,77.98999786376953,80.12000274658203,77.4800033569336,80.12000274658203,68.28766632080078,834500
2020-11-03,84.23999786376953,87.48999786376953,82.83000183105469,86.94000244140625,74.10050201416016,1306100
2020-11-04,86.23999786376953,89.05999755859375,84.51000213623047,86.44000244140625,73.67432403564453,1019900
2020-11-05,87.80000305175781,90.8499984741211,87.36000061035156,90.5999984741211,77.21996307373047,468300
2020-11-06,90.4000015258789,91.48999786376953,90.12000274658203,90.69000244140625,77.29668426513672,528700
2020-11-09,97.37999725341797,99.73999786376953,89.31999969482422,89.5199966430664,76.2994613647461,1242200
2020-11-10,90.25,90.69999694824219,87.5,89.08000183105469,75.9244384765625,1419300
2020-11-11,89.47000122070312,89.75,87.44000244140625,88.22000122070312,75.19145965576172,1068100
2020-11-12,88.31999969482422,90.23999786376953,87.80000305175781,89.73999786376953,76.48697662353516,492700
2020-11-13,89.8499984741211,92.94999694824219,89.8499984741211,92.33000183105469,78.83502960205078,769100
2020-11-16,94.0,96.95999908447266,93.3499984741211,96.52999877929688,82.42117309570312,846700
2020-11-17,95.30000305175781,95.30000305175781,92.94000244140625,93.19999694824219,79.57787322998047,931500
2020-11-18,93.70999908447266,94.22000122070312,92.51000213623047,92.70999908447266,79.15950775146484,989000
2020-11-19,92.23999786376953,93.2300033569336,91.87000274658203,92.12000274658203,78.65573120117188,515000
2020-11-20,91.80999755859375,92.5199966430664,91.51000213623047,91.91000366210938,78.4764404296875,621200
2020-11-23,92.88999938964844,94.69999694824219,92.88999938964844,93.95999908447266,80.2267837524414,1118200
2020-11-24,95.55999755859375,96.94000244140625,94.72000122070312,96.20999908447266,82.1479263305664,437400
2020-11-25,96.25,96.25,92.69000244140625,93.19999694824219,79.57787322998047,419300
2020-11-27,93.33000183105469,94.22000122070312,93.02999877929688,93.45999908447266,79.79986572265625,178900
2020-11-30,93.36000061035156,93.58999633789062,92.27999877929688,92.51000213623047,78.98872375488281,572100
2020-12-01,93.5199966430664,94.69000244140625,91.4800033569336,92.08999633789062,78.63011169433594,571200
2020-12-02,91.7699966430664,92.77999877929688,91.05999755859375,91.87000274658203,78.4422836303711,480800
2020-12-03,91.69000244140625,93.66999816894531,91.69000244140625,93.01000213623047,79.41563415527344,558600
2020-12-04,93.7300033569336,94.69000244140625,90.33999633789062,90.72000122070312,77.46036529541016,1134200
2020-12-07,90.38999938964844,91.48999786376953,88.02999877929688,89.0199966430664,76.00881958007812,1045800
2020-12-08,88.9800033569336,90.81999969482422,88.88999938964844,89.12999725341797,76.10275268554688,644400
2020-12-09,89.68000030517578,90.58999633789062,89.01000213623047,89.97000122070312,76.81997680664062,690000
2020-12-10,89.11000061035156,89.73999786376953,88.37999725341797,89.19000244140625,76.15398406982422,652600
2020-12-11,88.4800033569336,89.93000030517578,88.33999633789062,89.66999816894531,76.56380462646484,1343100
2020-12-14,91.01000213623047,91.31999969482422,89.01000213623047,89.04000091552734,76.02592468261719,516200
2020-12-15,94.66999816894531,96.5999984741211,93.48999786376953,96.4800033569336,82.37847137451172,1233700
2020-12-16,96.33000183105469,98.44999694824219,96.13999938964844,97.80999755859375,83.51406860351562,920500
2020-12-17,98.30000305175781,100.05999755859375,97.86000061035156,99.80000305175781,85.21322631835938,818100
2020-12-18,99.79000091552734,102.94999694824219,99.79000091552734,102.87999725341797,87.84304809570312,1431500
2020-12-21,101.30999755859375,104.44999694824219,101.16999816894531,103.2699966430664,88.1760482788086,786500
2020-12-22,102.95999908447266,103.61000061035156,102.87999725341797,103.0999984741211,88.0308837890625,705300
2020-12-23,103.5999984741211,104.5999984741211,102.5,103.6500015258789,88.5005111694336,560000
2020-12-24,104.12999725341797,104.36000061035156,102.87000274658203,103.20999908447266,88.12481689453125,179000
2020-12-28,104.08000183105469,104.19999694824219,102.06999969482422,102.18000030517578,87.24535369873047,636700
2020-12-29,102.08000183105469,102.56999969482422,100.23999786376953,101.26000213623047,86.45983123779297,269700
2020-12-30,101.91000366210938,102.83000183105469,101.56999969482422,102.18000030517578,87.24535369873047,337200
2020-12-31,102.47000122070312,103.69000244140625,101.51000213623047,103.08999633789062,88.0223617553711,617300
2021-01-04,103.56999969482422,104.23999786376953,100.9800033569336,102.51000213623047,87.5271224975586,787100
2021-01-05,102.0199966430664,106.11000061035156,102.0199966430664,105.45999908447266,90.04595184326172,1277100
2021-01-06,106.83000183105469,111.44999694824219,106.83000183105469,109.91999816894531,93.85408782958984,968600
2021-01-07,110.93000030517578,114.91000366210938,110.01000213623047,114.80000305175781,98.02082061767578,702700
2021-01-08,114.69999694824219,115.62999725341797,110.31999969482422,112.08999633789062,95.70692443847656,479100
2021-01-11,110.43000030517578,114.61000061035156,110.0,114.43000030517578,97.70490264892578,1000600
2021-01-12,114.04000091552734,115.41999816894531,112.55000305175781,114.63999938964844,97.88420104980469,1163500
2021-01-13,114.94000244140625,116.19000244140625,114.3499984741211,114.66999816894531,97.9098129272461,815300
2021-01-14,115.79000091552734,118.11000061035156,114.69000244140625,116.2699966430664,99.27595520019531,733400
2021-01-15,115.72000122070312,115.72000122070312,112.31999969482422,114.12999725341797,97.44876098632812,405200
2021-01-19,114.87999725341797,117.30000305175781,114.87999725341797,115.91000366210938,98.96859741210938,606900
2021-01-20,116.41999816894531,116.80000305175781,114.38999938964844,115.54000091552734,98.65267181396484,599700
2021-01-21,116.4800033569336,116.4800033569336,114.45999908447266,115.06999969482422,98.25135040283203,538500
2021-01-22,113.75,115.19999694824219,113.2699966430664,114.08999633789062,97.4145736694336,706400
2021-01-25,113.80000305175781,114.98999786376953,111.19000244140625,112.13999938964844,95.74960327148438,848100
2021-01-26,113.3499984741211,113.3499984741211,110.8499984741211,111.06999969482422,94.83599853515625,364200
2021-01-27,108.91999816894531,109.0199966430664,101.69000244140625,102.80000305175781,87.77474212646484,889400
2021-01-28,105.7699966430664,112.95999908447266,105.22000122070312,112.43000030517578,95.99720001220703,1157400
2021-01-29,111.5999984741211,112.37000274658203,109.05999755859375,110.9000015258789,94.69085693359375,806600
2021-02-01,112.12999725341797,115.16999816894531,110.98999786376953,114.62000274658203,97.86712646484375,918300
2021-02-02,116.12000274658203,118.63999938964844,116.01000213623047,117.31999969482422,100.1724853515625,545400
2021-02-03,117.08999633789062,118.41999816894531,116.27999877929688,117.76000213623047,100.54818725585938,588400
2021-02-04,123.0,124.8499984741211,120.0,121.0999984741211,103.40000915527344,762700
2021-02-05,122.04000091552734,122.04000091552734,118.52999877929688,119.69000244140625,102.19609069824219,580000
2021-02-08,121.55000305175781,123.0,120.94000244140625,121.83999633789062,104.0318603515625,392700
2021-02-09,121.4000015258789,122.9800033569336,120.94000244140625,121.62999725341797,103.85254669189453,482700
2021-02-10,122.47000122070312,122.58000183105469,119.02999877929688,119.68000030517578,102.18755340576172,657200
2021-02-11,120.33999633789062,121.4000015258789,118.02999877929688,120.91000366210938,103.23780059814453,569500
2021-02-12,119.94000244140625,120.16000366210938,116.66999816894531,118.5999984741211,101.39960479736328,1040300
2021-02-16,119.19999694824219,119.87999725341797,116.70999908447266,117.6500015258789,100.58736419677734,699800
2021-02-17,117.19000244140625,119.12000274658203,116.43000030517578,118.70999908447266,101.49363708496094,524600
2021-02-18,118.19999694824219,118.72000122070312,114.91999816894531,115.06999969482422,98.38153076171875,523600
2021-02-19,117.81999969482422,125.36000061035156,117.81999969482422,123.91999816894531,105.94804382324219,847600
2021-02-22,122.54000091552734,128.5500030517578,122.51000213623047,126.5,108.15386962890625,929000
2021-02-23,125.05999755859375,126.47000122070312,122.12000274658203,126.11000061035156,107.82041931152344,592200
2021-02-24,126.94000244140625,129.99000549316406,125.6500015258789,129.8300018310547,111.00092315673828,718400
2021-02-25,129.88999938964844,130.55999755859375,128.17999267578125,129.16000366210938,110.4281005859375,811100
2021-02-26,129.27000427246094,131.1999969482422,128.0,129.47999572753906,110.70166778564453,570500
2021-03-01,131.30999755859375,133.4499969482422,130.24000549316406,131.7100067138672,112.6082534790039,538000
2021-03-02,131.3300018310547,131.5399932861328,127.08000183105469,129.11000061035156,110.38533782958984,588300
2021-03-03,129.19000244140625,129.9600067138672,126.0199966430664,126.04000091552734,107.7605972290039,590700
2021-03-04,126.94000244140625,128.97000122070312,123.61000061035156,125.76000213623047,107.52118682861328,896300
2021-03-05,128.64999389648438,134.19000244140625,126.12999725341797,133.39999389648438,114.05316162109375,816400
2021-03-08,134.94000244140625,137.8699951171875,133.0399932861328,133.27000427246094,113.9420394897461,813500
2021-03-09,133.9499969482422,134.8300018310547,130.69000244140625,130.9199981689453,111.9328384399414,465800
2021-03-10,130.92999267578125,135.5,130.13999938964844,134.99000549316406,115.41256713867188,383100
2021-03-11,136.00999450683594,139.6199951171875,135.4199981689453,136.4199981689453,116.63516998291016,475100
2021-03-12,136.2100067138672,138.5800018310547,136.0,138.4600067138672,118.37932586669922,407200
2021-03-15,140.0,143.02000427246094,138.4499969482422,142.82000732421875,122.10699462890625,740000
2021-03-16,143.30999755859375,144.5500030517578,141.57000732421875,142.11000061035156,121.49998474121094,693100
2021-03-17,142.5399932861328,144.25999450683594,141.5,144.08999633789062,123.19280242919922,428900
2021-03-18,143.92999267578125,148.4600067138672,143.92999267578125,147.42999267578125,126.04844665527344,1732600
2021-03-19,146.4199981689453,147.9499969482422,143.35000610351562,143.91000366210938,123.03890228271484,993700
2021-03-22,144.75,144.75,141.1999969482422,143.00999450683594,122.26942443847656,428900
2021-03-23,140.63999938964844,142.2100067138672,133.8699951171875,135.19000244140625,115.58355712890625,904400
2021-03-24,137.39999389648438,140.60000610351562,136.27000427246094,136.35000610351562,116.57534790039062,517800
2021-03-25,135.38999938964844,141.5399932861328,134.02000427246094,140.86000061035156,120.43125915527344,488200
2021-03-26,141.9499969482422,144.36000061035156,140.57000732421875,142.5399932861328,121.86758422851562,509000
2021-03-29,142.47000122070312,143.42999267578125,140.35000610351562,140.72999572753906,120.32012176513672,500200
2021-03-30,141.7899932861328,144.6699981689453,141.60000610351562,143.5399932861328,122.72256469726562,379200
2021-03-31,143.8699951171875,146.0800018310547,140.07000732421875,143.64999389648438,122.81661987304688,709500
2021-04-01,143.82000732421875,145.22999572753906,142.8800048828125,144.4199981689453,123.47494506835938,449300
2021-04-05,146.38999938964844,147.0399932861328,144.33999633789062,145.82000732421875,124.67192840576172,300200
2021-04-06,145.1699981689453,147.99000549316406,144.8800048828125,145.27999877929688,124.21022033691406,542200
2021-04-07,145.22999572753906,145.86000061035156,143.11000061035156,144.0,123.1158676147461,319100
2021-04-08,143.6300048828125,145.47999572753906,142.00999450683594,145.39999389648438,124.31280517578125,475600
2021-04-09,146.16000366210938,147.5399932861328,144.8300018310547,147.14999389648438,125.80902099609375,425600
2021-04-12,147.83999633789062,149.1699981689453,146.44000244140625,148.77000427246094,127.19409942626953,393900
2021-04-13,150.58999633789062,151.0399932861328,147.33999633789062,148.5,126.96324157714844,470700
2021-04-14,148.17999267578125,151.69000244140625,148.17999267578125,150.64999389648438,128.80145263671875,494000
2021-04-15,151.05999755859375,152.07000732421875,148.74000549316406,151.00999450683594,129.10922241210938,417500
2021-04-16,153.27000427246094,153.82000732421875,151.3699951171875,151.8800048828125,129.85304260253906,413200
2021-04-19,152.02999877929688,152.8800048828125,150.14999389648438,151.72000122070312,129.71621704101562,388000
2021-04-20,150.66000366210938,150.85000610351562,143.24000549316406,145.1300048828125,124.08197021484375,674500
2021-04-21,145.52999877929688,148.72999572753906,144.3699951171875,148.10000610351562,126.62127685546875,543700
2021-04-22,148.52999877929688,150.82000732421875,148.02999877929688,148.07000732421875,126.59558868408203,476300
2021-04-23,150.22000122070312,155.9499969482422,149.75,153.72000122070312,131.4261932373047,747500
2021-04-26,154.00999450683594,157.11000061035156,154.00999450683594,156.0,133.37551879882812,1231400
2021-04-27,156.16000366210938,157.1199951171875,154.17999267578125,156.60000610351562,133.8885040283203,459700
2021-04-28,157.27000427246094,158.6199951171875,155.05999755859375,156.16000366210938,133.5123291015625,701300
2021-04-29,154.1300048828125,155.55999755859375,145.88999938964844,147.94000244140625,126.48443603515625,1163400
2021-04-30,147.00999450683594,148.07000732421875,145.05999755859375,145.9199981689453,124.75740814208984,1032400
2021-05-03,149.49000549316406,151.5800018310547,148.69000244140625,150.52999877929688,128.69886779785156,782000
2021-05-04,149.02000427246094,152.97000122070312,146.80999755859375,152.5500030517578,130.42587280273438,786800
2021-05-05,153.80999755859375,153.80999755859375,149.0399932861328,152.1199951171875,130.05825805664062,660500
2021-05-06,151.64999389648438,156.6199951171875,151.47999572753906,156.52000427246094,133.82012939453125,588100
2021-05-07,151.3300018310547,154.14999389648438,148.77999877929688,153.8000030517578,134.94317626953125,536300
2021-05-10,155.14999389648438,155.8699951171875,151.00999450683594,151.1300048828125,132.60057067871094,502900
2021-05-11,148.32000732421875,149.57000732421875,145.05999755859375,147.47000122070312,129.38925170898438,736100
2021-05-12,147.50999450683594,149.1300048828125,143.1199951171875,143.5399932861328,125.94110107421875,587000
2021-05-13,143.4199981689453,145.57000732421875,141.8699951171875,144.99000549316406,127.39080810546875,792200
2021-05-14,147.07000732421875,147.9199981689453,145.30999755859375,145.89999389648438,128.19039916992188,771300
2021-05-17,145.66000366210938,150.2100067138672,143.77999877929688,149.55999755859375,131.40609741210938,730400
2021-05-18,150.3800048828125,150.67999267578125,142.25,142.3300018310547,125.0536880493164,550600
2021-05-19,139.16000366210938,139.32000732421875,132.05999755859375,135.1199951171875,118.71884155273438,1724800
2021-05-20,135.39999389648438,135.57000732421875,130.33999633789062,132.25,116.1972427368164,1424800
2021-05-21,134.30999755859375,137.00999450683594,132.80999755859375,132.91000366210938,116.77713012695312,896200
2021-05-24,133.60000610351562,134.42999267578125,132.64999389648438,133.44000244140625,117.24278259277344,743500
2021-05-25,134.47999572753906,138.30999755859375,133.7899932861328,135.4199981689453,118.98248291015625,826500
2021-05-26,134.8800048828125,136.22999572753906,133.2899932861328,136.0800018310547,119.56233978271484,868300
2021-05-27,139.3300018310547,139.63999938964844,137.25999450683594,138.72000122070312,121.88188934326172,778400
2021-05-28,139.3800048828125,139.55999755859375,136.5500030517578,138.3699951171875,121.5743637084961,346800
2021-06-01,140.5500030517578,142.3300018310547,139.47000122070312,140.47000122070312,123.4194564819336,427700
2021-06-02,140.52000427246094,140.6199951171875,137.02000427246094,137.25,120.59033966064453,585700
2021-06-03,136.36000061035156,137.6300048828125,135.50999450683594,136.0,119.49203491210938,417900
2021-06-04,136.60000610351562,137.64999389648438,135.52999877929688,136.22000122070312,119.68535614013672,452100
2021-06-07,136.33999633789062,136.89999389648438,134.39999389648438,136.5800018310547,120.00164794921875,583100
2021-06-08,136.6199951171875,137.94000244140625,134.91000366210938,136.5399932861328,119.96650695800781,571800
2021-06-09,135.99000549316406,137.42999267578125,132.8699951171875,133.27999877929688,117.10220336914062,750600
2021-06-10,134.3800048828125,136.0,129.72000122070312,130.24000549316406,114.43122863769531,643200
2021-06-11,132.27000427246094,133.22999572753906,129.88999938964844,130.80999755859375,114.93201446533203,554400
2021-06-14,130.0500030517578,130.52000427246094,125.5,126.36000061035156,111.02215576171875,657000
2021-06-15,126.75,127.12000274658203,125.0999984741211,126.69999694824219,111.3208999633789,621600
2021-06-16,126.44999694824219,126.52999877929688,124.94000244140625,125.61000061035156,110.36320495605469,455300
2021-06-17,125.44000244140625,126.12000274658203,118.22000122070312,121.75,106.97174835205078,921400
2021-06-18,121.54000091552734,123.81999969482422,119.98999786376953,122.3499984741211,107.4989242553711,1218700
2021-06-21,123.86000061035156,126.06999969482422,123.58000183105469,124.69999694824219,109.56365966796875,533000
2021-06-22,124.69000244140625,125.93000030517578,123.36000061035156,125.30000305175781,110.09085083007812,561600
2021-06-23,125.22000122070312,127.44000244140625,124.63999938964844,126.76000213623047,111.37362670898438,527000
2021-06-24,127.93000030517578,128.5,126.0,127.37999725341797,111.91837310791016,515100
2021-06-25,128.5800018310547,131.64999389648438,127.7300033569336,131.52999877929688,115.56462097167969,1576100
2021-06-28,131.67999267578125,131.67999267578125,128.27000427246094,129.61000061035156,113.87767791748047,1063300
2021-06-29,130.38999938964844,131.55999755859375,127.1500015258789,127.5,112.02378845214844,712100
2021-06-30,126.9000015258789,130.7100067138672,126.61000061035156,130.3800048828125,114.5542221069336,677800
2021-07-01,134.4499969482422,134.9600067138672,130.50999450683594,132.13999938964844,116.10057830810547,1097900
2021-07-02,132.42999267578125,132.55999755859375,131.0399932861328,132.19000244140625,116.1445083618164,444100
2021-07-06,132.25999450683594,132.25999450683594,126.83000183105469,128.85000610351562,113.20993041992188,650500
2021-07-07,128.5399932861328,129.91000366210938,127.75,129.36000061035156,113.65804290771484,409600
2021-07-08,126.19999694824219,126.9000015258789,122.68000030517578,125.48999786376953,110.25778198242188,712100
2021-07-09,128.60000610351562,130.1699981689453,127.86000061035156,130.05999755859375,114.27305603027344,462300
2021-07-12,128.30999755859375,131.85000610351562,128.1199951171875,131.36000061035156,115.41527557373047,363500
2021-07-13,133.1699981689453,133.1699981689453,128.60000610351562,128.72999572753906,113.10449981689453,484600
2021-07-14,129.1699981689453,130.10000610351562,125.95999908447266,126.30999755859375,110.97824096679688,539200
2021-07-15,125.0,126.4000015258789,123.86000061035156,125.51000213623047,110.27535247802734,599400
2021-07-16,125.51000213623047,125.91999816894531,123.05000305175781,123.55000305175781,108.55326080322266,561600
2021-07-19,119.95999908447266,120.9800033569336,117.86000061035156,119.79000091552734,105.24964904785156,685400
2021-07-20,120.26000213623047,124.88999938964844,119.5999984741211,123.63999938964844,108.63233947753906,722800
2021-07-21,125.77999877929688,126.5999984741211,124.37999725341797,125.93000030517578,110.64435577392578,575900
2021-07-22,125.9800033569336,126.1500015258789,123.27999877929688,123.83000183105469,108.79927825927734,366500
2021-07-23,125.04000091552734,125.79000091552734,124.43000030517578,125.44000244140625,110.21383666992188,545800
2021-07-26,125.47000122070312,126.6500015258789,125.04000091552734,126.13999938964844,110.82887268066406,416900
2021-07-27,125.04000091552734,126.63999938964844,123.54000091552734,125.13999938964844,109.95024871826172,475700
2021-07-28,125.36000061035156,127.33000183105469,123.62999725341797,125.7699966430664,110.5037841796875,744100
2021-07-29,130.47999572753906,133.0,127.02999877929688,127.13999938964844,111.70748901367188,1079800
2021-07-30,127.41000366210938,132.4199981689453,127.12999725341797,132.11000061035156,116.07422637939453,758000
2021-08-02,132.77999877929688,135.0,129.19000244140625,129.55999755859375,113.833740234375,690900
2021-08-03,130.3800048828125,134.58999633789062,129.0,134.25,117.9544677734375,508200
2021-08-04,133.0,134.27999877929688,131.72000122070312,131.82000732421875,115.81944274902344,458900
2021-08-05,132.7899932861328,133.97000122070312,132.00999450683594,133.5800018310547,117.36578369140625,380300
2021-08-06,135.2100067138672,136.17999267578125,134.97999572753906,135.35000610351562,118.92095947265625,469100
2021-08-09,134.60000610351562,136.4600067138672,133.63999938964844,135.8800048828125,119.38661193847656,399700
2021-08-10,136.3800048828125,139.58999633789062,135.5500030517578,139.08999633789062,122.20695495605469,424000
2021-08-11,139.47000122070312,142.9600067138672,139.0,142.94000244140625,125.58966827392578,600500
2021-08-12,143.44000244140625,144.77999877929688,142.2100067138672,143.47999572753906,126.0640869140625,687000
2021-08-13,142.88999938964844,143.30999755859375,140.3699951171875,140.85000610351562,123.92607879638672,285600
2021-08-16,139.7100067138672,140.58999633789062,138.0500030517578,139.9499969482422,123.13421630859375,410200
2021-08-17,138.72999572753906,138.72999572753906,133.0399932861328,134.25,118.11912536621094,690900
2021-08-18,133.47999572753906,135.75999450683594,132.83999633789062,134.10000610351562,117.98715209960938,492900
2021-08-19,131.50999450683594,132.1999969482422,127.75,129.1199951171875,113.60551452636719,505800
2021-08-20,129.6300048828125,131.4199981689453,126.94999694824219,129.33999633789062,113.799072265625,431000
2021-08-23,129.9600067138672,132.88999938964844,129.82000732421875,131.92999267578125,116.07786560058594,614700
2021-08-24,134.77999877929688,136.89999389648438,134.32000732421875,135.5500030517578,119.2629165649414,408400
2021-08-25,136.07000732421875,139.10000610351562,135.49000549316406,138.92999267578125,122.23678588867188,587300
2021-08-26,138.57000732421875,140.72999572753906,138.35000610351562,139.5800018310547,122.8086929321289,599700
2021-08-27,140.0800018310547,141.00999450683594,139.25,140.02000427246094,123.19581604003906,614800
2021-08-30,140.42999267578125,141.47000122070312,138.50999450683594,139.8800048828125,123.07264709472656,366600
2021-08-31,139.8000030517578,140.0800018310547,137.07000732421875,137.6199951171875,121.08421325683594,404100
2021-09-01,137.44000244140625,137.8800048828125,134.4600067138672,135.77999877929688,119.46526336669922,390400
2021-09-02,136.72999572753906,139.9199981689453,136.22999572753906,138.41000366210938,121.77926635742188,512600
2021-09-03,138.38999938964844,139.7899932861328,137.52999877929688,138.02999877929688,121.44490814208984,314100
2021-09-07,137.11000061035156,137.75999450683594,133.97000122070312,134.22999572753906,118.10151672363281,309000
2021-09-08,133.3000030517578,133.66000366210938,130.02000427246094,131.80999755859375,115.97228240966797,527100
2021-09-09,131.05999755859375,132.33999633789062,128.4199981689453,129.1199951171875,113.60551452636719,551900
2021-09-10,129.9499969482422,130.41000366210938,127.62999725341797,128.00999450683594,112.62889862060547,601800
2021-09-13,129.17999267578125,129.32000732421875,125.5999984741211,128.86000061035156,113.37677001953125,686300
2021-09-14,130.00999450683594,131.0,127.44000244140625,127.81999969482422,112.46171569824219,419400
2021-09-15,127.27999877929688,130.99000549316406,126.73999786376953,130.64999389648438,114.95167541503906,471900
2021-09-16,130.72000122070312,131.4499969482422,129.1999969482422,129.30999755859375,113.7726821899414,362800
2021-09-17,128.8000030517578,129.82000732421875,125.36000061035156,126.20999908447266,111.04515838623047,853900
2021-09-20,122.06999969482422,122.68000030517578,120.0999984741211,122.58000183105469,107.85132598876953,562400
2021-09-21,123.94000244140625,123.94000244140625,120.80000305175781,122.66999816894531,107.93049621582031,494000
2021-09-22,124.25,126.08999633789062,124.25,124.83999633789062,109.83978271484375,386800
2021-09-23,126.37999725341797,128.8000030517578,126.0,127.72000122070312,112.37374114990234,340600
2021-09-24,126.5,127.19999694824219,123.66999816894531,123.76000213623047,108.88955688476562,505700
2021-09-27,123.66999816894531,128.25,123.66999816894531,127.41999816894531,112.10977935791016,463300
2021-09-28,126.72000122070312,128.44000244140625,126.02999877929688,127.19999694824219,111.91620635986328,426000
2021-09-29,128.41000366210938,128.75999450683594,126.23999786376953,128.0800018310547,112.69046783447266,545900
2021-09-30,128.61000061035156,128.67999267578125,122.47000122070312,122.52999877929688,107.8073501586914,606300
2021-10-01,123.33999633789062,127.02999877929688,121.62000274658203,125.55000305175781,110.46448516845703,507900
2021-10-04,125.05999755859375,127.22000122070312,124.83999633789062,126.58999633789062,111.3795166015625,477300
2021-10-05,126.05000305175781,127.88999938964844,124.61000061035156,127.2300033569336,111.942626953125,455600
2021-10-06,124.91999816894531,127.0,123.62000274658203,125.62000274658203,110.52605438232422,557400
2021-10-07,126.44000244140625,128.30999755859375,126.04000091552734,127.91000366210938,112.5409164428711,491900
2021-10-08,128.25999450683594,129.30999755859375,127.30000305175781,127.44999694824219,112.13616943359375,301300
2021-10-11,128.0500030517578,128.0500030517578,124.4800033569336,124.5,109.54061889648438,354200
2021-10-12,124.45999908447266,124.66000366210938,121.44999694824219,124.05999755859375,109.15350341796875,565900
2021-10-13,125.83000183105469,125.83000183105469,123.38999938964844,125.27999877929688,110.2269058227539,377500
2021-10-14,126.0,128.27999877929688,125.05000305175781,127.29000091552734,111.99540710449219,413900
2021-10-15,128.47000122070312,131.0,127.91000366210938,128.32000732421875,112.9016342163086,391500
2021-10-18,127.56999969482422,127.56999969482422,125.69999694824219,126.04000091552734,110.89558410644531,535100
2021-10-19,127.05000305175781,130.50999450683594,126.87999725341797,129.58999633789062,114.01904296875,428100
2021-10-20,129.52999877929688,132.0399932861328,129.22999572753906,131.1199951171875,115.36518859863281,293800
2021-10-21,131.0,132.32000732421875,130.7899932861328,131.7899932861328,115.95469665527344,327100
2021-10-22,132.4499969482422,133.07000732421875,130.13999938964844,130.6300048828125,114.93408203125,563400
2021-10-25,130.52000427246094,134.4600067138672,130.3699951171875,133.32000732421875,117.30086517333984,445000
2021-10-26,134.32000732421875,134.32000732421875,128.25999450683594,128.35000610351562,112.92803955078125,536600
2021-10-27,127.7300033569336,129.61000061035156,125.91000366210938,126.51000213623047,111.30912017822266,783800
2021-10-28,122.0,128.47999572753906,118.41999816894531,124.19000244140625,109.26788330078125,1111300
2021-10-29,122.80000305175781,124.12000274658203,120.4800033569336,122.20999908447266,107.5257797241211,844000
2021-11-01,120.47000122070312,127.41000366210938,120.44000244140625,123.93000030517578,109.03911590576172,700300
2021-11-02,124.18000030517578,125.11000061035156,121.11000061035156,124.7300033569336,109.74300384521484,645500
2021-11-03,124.55999755859375,124.73999786376953,119.55000305175781,121.91000366210938,107.26184844970703,724600
2021-11-04,122.81999969482422,124.0,122.05999755859375,122.23999786376953,107.55217742919922,518000
2021-11-05,123.55999755859375,125.68000030517578,123.22000122070312,124.86000061035156,109.85739135742188,504800
2021-11-08,125.75,126.69999694824219,124.41000366210938,126.02999877929688,110.88679504394531,609600
2021-11-09,125.47000122070312,126.5999984741211,122.0,122.13999938964844,107.46419525146484,833500
2021-11-10,121.68000030517578,123.95999908447266,121.25,122.81999969482422,108.0625,516800
2021-11-11,123.41000366210938,124.8499984741211,122.56999969482422,123.95999908447266,109.06550598144531,626600
2021-11-12,124.83999633789062,128.42999267578125,124.12000274658203,128.0800018310547,112.8725814819336,595200
2021-11-15,129.0,129.22999572753906,126.7699966430664,127.44999694824219,112.3174057006836,493000
2021-11-16,126.97000122070312,128.0800018310547,125.41999816894531,125.56999969482422,110.66060638427734,448900
2021-11-17,125.19000244140625,125.19000244140625,119.7699966430664,121.91999816894531,107.44398498535156,971200
2021-11-18,121.86000061035156,123.0,120.33000183105469,120.63999938964844,106.31597900390625,764900
2021-11-19,119.5,120.73999786376953,118.37999725341797,118.7300033569336,104.63275146484375,809500
2021-11-22,119.5199966430664,122.80000305175781,118.86000061035156,121.01000213623047,106.64204406738281,365200
2021-11-23,121.2699966430664,122.41999816894531,119.83000183105469,121.30999755859375,106.90641021728516,457000
2021-11-24,121.0999984741211,125.88999938964844,121.0999984741211,124.08999633789062,109.35633087158203,668800
2021-11-26,119.6500015258789,120.25,116.45999908447266,117.27999877929688,103.35491943359375,366000
2021-11-29,119.04000091552734,119.04000091552734,113.80000305175781,114.0999984741211,100.55248260498047,536000
2021-11-30,112.44999694824219,113.7300033569336,108.55999755859375,110.20999908447266,97.1243667602539,689400
2021-12-01,113.31999969482422,114.4000015258789,109.12999725341797,109.20999908447266,96.24308013916016,664100
2021-12-02,110.22000122070312,113.83999633789062,109.91000366210938,113.47000122070312,99.9972915649414,588700
2021-12-03,114.20999908447266,114.55000305175781,111.94999694824219,113.29000091552734,99.83866882324219,669300
2021-12-06,114.68000030517578,117.58000183105469,113.25,116.83000183105469,102.9583511352539,739600
2021-12-07,118.62999725341797,121.37999725341797,117.45999908447266,119.2300033569336,105.0733871459961,697700
2021-12-08,119.04000091552734,119.7300033569336,118.16999816894531,119.11000061035156,104.9676284790039,422600
2021-12-09,118.61000061035156,123.05999755859375,118.13999938964844,120.13999938964844,105.87533569335938,800100
2021-12-10,117.4800033569336,119.5999984741211,115.23999786376953,117.20999908447266,103.293212890625,814100
2021-12-13,116.56999969482422,117.36000061035156,113.43000030517578,115.04000091552734,101.3808822631836,734800
2021-12-14,114.25,118.3499984741211,114.25,116.0999984741211,102.31501770019531,769200
2021-12-15,116.41999816894531,116.41999816894531,113.30999755859375,115.22000122070312,101.53949737548828,419000
2021-12-16,116.80999755859375,117.2300033569336,114.37999725341797,115.12999725341797,101.4601821899414,387000
2021-12-17,113.76000213623047,114.58999633789062,111.29000091552734,112.38999938964844,99.04551696777344,1277700
2021-12-20,110.55999755859375,111.38999938964844,108.69000244140625,109.08999633789062,96.13734436035156,616900
2021-12-21,110.66999816894531,114.47000122070312,110.22000122070312,114.13999938964844,100.58773803710938,634900
2021-12-22,112.54000091552734,114.5,112.0999984741211,114.36000061035156,100.78162384033203,858500
2021-12-23,115.54000091552734,116.69999694824219,115.31999969482422,115.5999984741211,101.87438201904297,264300
2021-12-27,115.70999908447266,117.70999908447266,115.41000366210938,117.06999969482422,103.16984558105469,367700
2021-12-28,116.56999969482422,117.75,115.9000015258789,116.25,102.44720458984375,268900
2021-12-29,116.0,117.33999633789062,115.33999633789062,115.88999938964844,102.12995910644531,323400
2021-12-30,115.69000244140625,117.26000213623047,114.73999786376953,114.73999786376953,101.11649322509766,332900
2021-12-31,114.75,116.94999694824219,114.62999725341797,116.0199966430664,102.24451446533203,327000
2022-01-03,117.27999877929688,119.38999938964844,116.80000305175781,117.23999786376953,103.31964874267578,385600
2022-01-04,119.26000213623047,123.1500015258789,118.66999816894531,122.66999816894531,108.10493469238281,472300
2022-01-05,123.4800033569336,126.19999694824219,121.80999755859375,121.86000061035156,107.39110565185547,790500
2022-01-06,123.05000305175781,124.0999984741211,120.56999969482422,120.93000030517578,106.57154083251953,378500
2022-01-07,120.7699966430664,123.01000213623047,120.61000061035156,121.48999786376953,107.06504821777344,570700
2022-01-10,121.5199966430664,122.05999755859375,118.62999725341797,120.27999877929688,105.99871826171875,705000
2022-01-11,121.33999633789062,123.83000183105469,120.2699966430664,123.75,109.05670928955078,512000
2022-01-12,124.62000274658203,125.43000030517578,122.4000015258789,123.75,109.05670928955078,582100
2022-01-13,124.88999938964844,127.68000030517578,123.75,127.06999969482422,111.98251342773438,665600
2022-01-14,125.91999816894531,127.05000305175781,124.48999786376953,126.05999755859375,111.09241485595703,351900
2022-01-18,125.37000274658203,127.01000213623047,124.12000274658203,126.63999938964844,111.60356903076172,569800
2022-01-19,127.69999694824219,127.69999694824219,121.13999938964844,121.4000015258789,106.98573303222656,579200
2022-01-20,120.94000244140625,123.63999938964844,118.2699966430664,118.66000366210938,104.5710678100586,593200
2022-01-21,118.41000366210938,120.56999969482422,116.48999786376953,117.4800033569336,103.53118133544922,433100
2022-01-24,114.87999725341797,119.20999908447266,112.1500015258789,118.91000366210938,104.7913818359375,593900
2022-01-25,117.11000061035156,117.80999755859375,112.98999786376953,116.62000274658203,102.77326965332031,532000
2022-01-26,118.4800033569336,120.55999755859375,114.94999694824219,116.37000274658203,102.55296325683594,538300
2022-01-27,117.05000305175781,118.72000122070312,112.2300033569336,113.3499984741211,99.89154052734375,1253200
2022-01-28,112.87000274658203,115.48999786376953,111.0999984741211,115.30999755859375,101.61881256103516,607000
2022-01-31,115.54000091552734,117.2300033569336,113.94000244140625,117.19999694824219,103.28440856933594,807100
2022-02-01,116.87000274658203,118.54000091552734,115.23999786376953,118.18000030517578,104.14804077148438,385400
2022-02-02,117.63999938964844,118.30000305175781,113.02999877929688,116.30000305175781,102.49127197265625,756600
2022-02-03,116.05999755859375,117.55000305175781,114.47000122070312,115.45999908447266,101.75100708007812,731500
2022-02-04,114.87000274658203,116.2300033569336,112.69000244140625,114.51000213623047,100.91381072998047,651700
2022-02-07,115.1500015258789,116.37999725341797,113.08000183105469,115.76000213623047,102.015380859375,1334300
2022-02-08,127.80000305175781,131.00999450683594,123.05999755859375,126.12000274658203,111.14531707763672,1849000
2022-02-09,128.5800018310547,132.1999969482422,127.7300033569336,130.92999267578125,115.3841781616211,933800
2022-02-10,130.58999633789062,135.38999938964844,129.3699951171875,130.3699951171875,114.89069366455078,801600
2022-02-11,131.0,133.16000366210938,126.56999969482422,128.1199951171875,112.90782165527344,903900
2022-02-14,128.0800018310547,130.52000427246094,127.20999908447266,128.75,113.64042663574219,669700
2022-02-15,129.91000366210938,134.25,129.67999267578125,133.27000427246094,117.62999725341797,760300
2022-02-16,132.2100067138672,133.0,130.4600067138672,131.92999267578125,116.44723510742188,934000
2022-02-17,130.11000061035156,130.5800018310547,127.12000274658203,127.87999725341797,112.8725357055664,840900
2022-02-18,128.1999969482422,130.2899932861328,127.16000366210938,128.00999450683594,112.9872817993164,546100
2022-02-22,127.55000305175781,128.82000732421875,121.93000030517578,122.33999633789062,107.9826889038086,660800
2022-02-23,123.16999816894531,123.16999816894531,116.8499984741211,117.27999877929688,103.51651000976562,548000
2022-02-24,113.81999969482422,118.55000305175781,112.55999755859375,118.16000366210938,104.29325103759766,911800
2022-02-25,118.27999877929688,120.02999877929688,116.93000030517578,118.38999938964844,104.4962387084961,756500
2022-02-28,116.61000061035156,120.80000305175781,116.61000061035156,120.16000366210938,106.05853271484375,611400
2022-03-01,120.37999725341797,123.5,117.93000030517578,120.55000305175781,106.40275573730469,970100
2022-03-02,122.0,130.6999969482422,121.62000274658203,128.5399932861328,113.455078125,1049400
2022-03-03,129.2100067138672,131.39999389648438,128.1999969482422,131.1999969482422,115.80290985107422,768900
2022-03-04,129.6300048828125,131.97000122070312,127.75,129.83999633789062,114.6025161743164,1000700
2022-03-07,130.9499969482422,131.25,117.7300033569336,117.80999755859375,103.98431396484375,1253700
2022-03-08,119.87999725341797,126.43000030517578,118.52999877929688,123.70999908447266,109.19190216064453,913900
2022-03-09,126.30000305175781,129.27000427246094,125.16999816894531,127.91999816894531,112.90782928466797,808200
2022-03-10,125.87999725341797,130.25999450683594,125.01000213623047,129.72000122070312,114.49659729003906,866400
2022-03-11,133.1300048828125,133.1300048828125,129.22000122070312,130.8300018310547,115.47633361816406,918200
2022-03-14,131.25,132.58999633789062,127.73999786376953,128.75,113.64042663574219,533700
2022-03-15,128.44000244140625,128.44000244140625,124.02999877929688,126.94000244140625,112.04286193847656,1143300
2022-03-16,128.27000427246094,132.7899932861328,128.14999389648438,130.35000610351562,115.05266571044922,654100
2022-03-17,127.94999694824219,131.6199951171875,127.26000213623047,131.5500030517578,116.11183166503906,586300
2022-03-18,130.97000122070312,133.67999267578125,129.74000549316406,132.4600067138672,116.91505432128906,977200
2022-03-21,133.25,138.97000122070312,132.67999267578125,136.88999938964844,120.82515716552734,1009800
2022-03-22,137.58999633789062,142.25,137.5,137.9199981689453,121.73428344726562,937200
2022-03-23,137.52999877929688,142.49000549316406,137.52999877929688,141.11000061035156,124.54991912841797,923400
2022-03-24,140.64999389648438,144.35000610351562,139.11000061035156,143.0,126.2181167602539,1060200
2022-03-25,144.69000244140625,148.11000061035156,143.64999389648438,147.99000549316406,130.62249755859375,1587700
2022-03-28,148.0,150.27999877929688,145.17999267578125,148.64999389648438,131.20504760742188,1415200
2022-03-29,147.0,148.17999267578125,141.02000427246094,142.32000732421875,125.61793518066406,1767300
2022-03-30,143.5500030517578,146.99000549316406,143.00999450683594,145.13999938964844,128.1069793701172,977000
2022-03-31,144.0500030517578,149.89999389648438,144.0500030517578,146.02999877929688,128.89254760742188,1310500
2022-04-01,146.92999267578125,147.86000061035156,143.1699981689453,144.72000122070312,127.73625946044922,745600
2022-04-04,145.0,145.5399932861328,140.6199951171875,143.10000610351562,126.3063735961914,878200
2022-04-05,143.61000061035156,144.58999633789062,139.49000549316406,139.99000549316406,123.56134796142578,815700
2022-04-06,138.9499969482422,139.3000030517578,134.10000610351562,136.10000610351562,120.12787628173828,1018700
2022-04-07,135.97999572753906,136.50999450683594,131.55999755859375,135.4499969482422,119.55415344238281,832600
2022-04-08,135.86000061035156,138.27999877929688,135.2899932861328,135.97000122070312,120.01311492919922,880300
2022-04-11,136.0,138.6999969482422,135.25,137.27999877929688,121.16940307617188,575400
2022-04-12,137.67999267578125,140.6999969482422,136.72999572753906,137.9199981689453,121.73428344726562,517400
2022-04-13,138.6300048828125,139.49000549316406,137.14999389648438,138.39999389648438,122.15795135498047,535200
2022-04-14,139.0,142.80999755859375,138.39999389648438,141.50999450683594,124.90296173095703,550700
2022-04-18,140.0,143.97000122070312,139.77999877929688,141.74000549316406,125.10598754882812,521500
2022-04-19,141.75,143.94000244140625,141.36000061035156,143.2899932861328,126.47406768798828,529800
2022-04-20,145.0,147.0,143.3000030517578,144.75999450683594,127.77157592773438,709500
2022-04-21,146.4499969482422,146.7100067138672,140.80999755859375,141.6699981689453,125.04420471191406,618600
2022-04-22,140.63999938964844,140.63999938964844,134.1300048828125,134.83999633789062,119.0157470703125,710400
2022-04-25,130.38999938964844,131.74000549316406,126.68000030517578,128.3699951171875,113.30500793457031,1393000
2022-04-26,128.60000610351562,128.74000549316406,122.52999877929688,122.55999755859375,108.17687225341797,842400
2022-04-27,122.70999908447266,127.52999877929688,120.87999725341797,126.68000030517578,111.8133544921875,795700
2022-04-28,127.61000061035156,128.9600067138672,122.69999694824219,127.30999755859375,112.36942291259766,1183500
2022-04-29,127.37999725341797,130.77000427246094,127.19999694824219,127.4000015258789,112.44886779785156,575700
2022-05-02,126.5999984741211,130.1300048828125,125.73999786376953,128.8300018310547,113.7110595703125,774400
2022-05-03,131.25,134.8000030517578,128.60000610351562,130.33999633789062,115.04383850097656,1299600
2022-05-04,130.22999572753906,136.66000366210938,128.58999633789062,136.0,120.03960418701172,1084800
2022-05-05,135.8000030517578,135.8000030517578,129.67999267578125,130.8300018310547,115.47633361816406,886500
2022-05-06,130.39999389648438,130.39999389648438,122.36000061035156,123.30000305175781,108.83003234863281,965700
2022-05-09,120.86000061035156,123.9000015258789,120.47000122070312,122.13999938964844,107.80615234375,933400
2022-05-10,122.66999816894531,123.62999725341797,118.98999786376953,120.62999725341797,106.47337341308594,1049300
2022-05-11,121.66999816894531,122.91999816894531,118.19000244140625,118.54000091552734,104.6286392211914,789900
2022-05-12,118.0,119.48999786376953,115.87999725341797,118.41000366210938,104.51392364501953,808800
2022-05-13,120.0,122.55999755859375,119.19999694824219,122.11000061035156,107.99858856201172,692500
2022-05-16,122.30000305175781,124.88999938964844,120.5999984741211,123.5999984741211,109.31639099121094,863400
2022-05-17,127.30999755859375,127.79000091552734,124.88999938964844,127.47000122070312,112.7391586303711,604100
2022-05-18,126.86000061035156,128.30999755859375,123.1500015258789,123.95999908447266,109.63477325439453,546200
2022-05-19,118.48999786376953,122.16999816894531,117.30000305175781,119.79000091552734,109.93762969970703,560300
2022-05-20,117.9800033569336,118.73999786376953,109.02999877929688,112.12999725341797,102.90765380859375,1348600
2022-05-23,114.68000030517578,120.56999969482422,113.72000122070312,120.16000366210938,110.2772216796875,788600
2022-05-24,119.12000274658203,120.58999633789062,116.68000030517578,120.41000366210938,110.50665283203125,517200
2022-05-25,119.94000244140625,122.97000122070312,119.18000030517578,122.58000183105469,112.49817657470703,642600
2022-05-26,124.5999984741211,125.33000183105469,122.69999694824219,123.9800033569336,113.78303527832031,366800
2022-05-27,125.83999633789062,127.76000213623047,125.0,127.66000366210938,117.16035461425781,403100
2022-05-31,126.87999725341797,130.6199951171875,126.37999725341797,128.1300048828125,117.59171295166016,840900
2022-06-01,128.89999389648438,129.50999450683594,123.63999938964844,126.12000274658203,115.74700927734375,444800
2022-06-02,127.19000244140625,129.94000244140625,126.37000274658203,129.88999938964844,119.20695495605469,274300
2022-06-03,128.5500030517578,130.75999450683594,128.2899932861328,129.64999389648438,118.98667907714844,302600
2022-06-06,130.25,132.72000122070312,130.0,132.3699951171875,121.48296356201172,402700
2022-06-07,130.82000732421875,133.44000244140625,130.55999755859375,133.0800018310547,122.13458251953125,366200
2022-06-08,131.77999877929688,132.32000732421875,128.8300018310547,129.22999572753906,118.6012191772461,352100
2022-06-09,127.9800033569336,128.0,122.12000274658203,122.19999694824219,112.14942169189453,972500
2022-06-10,118.9800033569336,120.62999725341797,116.19999694824219,117.8499984741211,108.15718841552734,653400
2022-06-13,114.48999786376953,114.87999725341797,110.0999984741211,110.88999938964844,101.7696304321289,782300
2022-06-14,111.0999984741211,111.98999786376953,110.0999984741211,111.33999633789062,102.18262481689453,447000
2022-06-15,112.0,115.0,111.5999984741211,113.86000061035156,104.49537658691406,409000
2022-06-16,110.95999908447266,111.30999755859375,106.38999938964844,107.58000183105469,98.73187255859375,655600
2022-06-17,108.0999984741211,109.13999938964844,105.72000122070312,107.80999755859375,98.94295501708984,810900
2022-06-21,110.6500015258789,111.97000122070312,108.41999816894531,110.63999938964844,101.54020690917969,381600
2022-06-22,108.0,109.16000366210938,105.86000061035156,106.19000244140625,97.45619201660156,452400
2022-06-23,104.25,105.38999938964844,96.5199966430664,97.19000244140625,89.19641876220703,1089400
2022-06-24,98.4000015258789,102.88999938964844,98.26000213623047,100.62999725341797,92.3534927368164,1381400
2022-06-27,102.83999633789062,103.22000122070312,100.44000244140625,102.36000061035156,93.94120025634766,732800
2022-06-28,103.83999633789062,104.80000305175781,101.73999786376953,102.41000366210938,93.98709869384766,512000
2022-06-29,101.88999938964844,102.44999694824219,100.12999725341797,101.1500015258789,92.83074188232422,502500
2022-06-30,99.18000030517578,99.66999816894531,97.05000305175781,98.69999694824219,90.58222961425781,551700
2022-07-01,98.91000366210938,101.6500015258789,97.0,100.62000274658203,92.34432220458984,471200
2022-07-05,98.36000061035156,98.38999938964844,95.08999633789062,96.55999755859375,88.61824035644531,785300
2022-07-06,96.08999633789062,97.2699966430664,93.79000091552734,95.19999694824219,87.37007904052734,632500
2022-07-07,98.5999984741211,99.56999969482422,97.41000366210938,98.91000366210938,90.77496337890625,697200
2022-07-08,98.8499984741211,99.19000244140625,96.81999969482422,97.1500015258789,89.15971374511719,580700
2022-07-11,95.19000244140625,95.87000274658203,93.05999755859375,94.16999816894531,86.42479705810547,879100
2022-07-12,92.69000244140625,95.11000061035156,91.79000091552734,93.31999969482422,85.64471435546875,1001400
2022-07-13,91.87999725341797,92.33000183105469,90.44999694824219,91.77999877929688,84.23138427734375,979200
2022-07-14,89.5199966430664,90.27999877929688,88.55000305175781,90.25,82.82720184326172,648400
2022-07-15,91.83000183105469,92.0,89.36000061035156,91.94999694824219,84.38739776611328,512600
2022-07-18,94.0199966430664,95.41999816894531,91.6500015258789,91.95999908447266,84.39656066894531,674200
2022-07-19,93.5199966430664,97.68000030517578,93.18000030517578,97.56999969482422,89.545166015625,593100
2022-07-20,97.68000030517578,99.25,97.27999877929688,99.19999694824219,91.04110717773438,615600
2022-07-21,98.94000244140625,99.51000213623047,97.52999877929688,98.7699966430664,90.64645385742188,679000
2022-07-22,99.52999877929688,100.12000274658203,97.06999969482422,97.94000244140625,89.88475036621094,354900
2022-07-25,98.87999725341797,100.80000305175781,97.87000274658203,100.54000091552734,92.27091217041016,478100
2022-07-26,100.0,101.12999725341797,99.0,99.83999633789062,91.62846374511719,776200
2022-07-27,99.93000030517578,104.06999969482422,99.05999755859375,103.81999969482422,95.28112030029297,650400
2022-07-28,103.72000122070312,106.16000366210938,99.52999877929688,103.20999908447266,94.7212905883789,1060600
2022-07-29,105.62999725341797,110.54000091552734,105.20999908447266,108.91999816894531,99.961669921875,950100
2022-08-01,107.38999938964844,108.55000305175781,105.87999725341797,107.18000030517578,98.36477661132812,607900
2022-08-02,106.33999633789062,107.37000274658203,105.12000274658203,105.44000244140625,96.76787567138672,443500
2022-08-03,106.20999908447266,106.54000091552734,105.12999725341797,105.37999725341797,96.71282196044922,404500
2022-08-04,105.19999694824219,107.86000061035156,104.54000091552734,106.27999877929688,97.53878784179688,449200
2022-08-05,104.36000061035156,106.61000061035156,104.36000061035156,106.20999908447266,97.47455596923828,340500
2022-08-08,106.83999633789062,108.19999694824219,106.37000274658203,107.13999938964844,98.32807159423828,357400
2022-08-09,107.0,107.37999725341797,105.91000366210938,106.63999938964844,97.86919403076172,741200
2022-08-10,107.52999877929688,111.94999694824219,107.37999725341797,110.30000305175781,101.22816467285156,529400
2022-08-11,112.18000030517578,113.11000061035156,110.7300033569336,112.26000213623047,103.02696228027344,506100
2022-08-12,112.51000213623047,113.0999984741211,111.33000183105469,112.69999694824219,103.6523666381836,390200
2022-08-15,110.80999755859375,112.16999816894531,110.43000030517578,111.83000183105469,102.85221862792969,327400
2022-08-16,111.94000244140625,113.80999755859375,111.36000061035156,113.06999969482422,103.99266815185547,323700
2022-08-17,111.19999694824219,111.66000366210938,110.0199966430664,110.95999908447266,102.05204010009766,438500
2022-08-18,111.91000366210938,112.61000061035156,111.33000183105469,112.19000244140625,103.18331146240234,298800
2022-08-19,110.55999755859375,111.63999938964844,109.02999877929688,110.91999816894531,102.01527404785156,473500
2022-08-22,108.7300033569336,109.70999908447266,107.29000091552734,107.48999786376953,98.86064147949219,522100
2022-08-23,107.22000122070312,110.91000366210938,107.22000122070312,110.69000244140625,101.8037338256836,584200
2022-08-24,110.5999984741211,113.5199966430664,109.95999908447266,112.52999877929688,103.49601745605469,566000
2022-08-25,113.2699966430664,115.26000213623047,113.2699966430664,115.26000213623047,106.00685119628906,384200
2022-08-26,115.81999969482422,116.18000030517578,110.44999694824219,110.61000061035156,101.73014068603516,398100
2022-08-29,109.16999816894531,112.08000183105469,109.11000061035156,111.4000015258789,102.45673370361328,433500
2022-08-30,111.4000015258789,111.80999755859375,107.4800033569336,109.19000244140625,100.42415618896484,653800
2022-08-31,109.69000244140625,110.30000305175781,108.19999694824219,108.70999908447266,99.9826889038086,708500
2022-09-01,107.18000030517578,107.58999633789062,104.4800033569336,106.75,98.18004608154297,628600
2022-09-02,109.41000366210938,109.56999969482422,106.13999938964844,106.8499984741211,98.27201080322266,454000
2022-09-06,107.5999984741211,108.75,105.25,106.79000091552734,98.21682739257812,441800
2022-09-07,105.87999725341797,109.13999938964844,105.77999877929688,108.9800033569336,100.23101806640625,403000
2022-09-08,107.51000213623047,110.18000030517578,106.1500015258789,109.94999694824219,101.12313079833984,682200
2022-09-09,111.77999877929688,113.66000366210938,111.77999877929688,113.43000030517578,104.32376098632812,439100
2022-09-12,114.22000122070312,115.55999755859375,112.7699966430664,114.61000061035156,105.40902709960938,589200
2022-09-13,111.08999633789062,112.6500015258789,108.2699966430664,108.31999969482422,99.62399291992188,545900
2022-09-14,108.47000122070312,108.47000122070312,105.61000061035156,106.62999725341797,98.06966400146484,577700
2022-09-15,106.44000244140625,110.0999984741211,105.83000183105469,107.27999877929688,98.66748809814453,703900
2022-09-16,105.0199966430664,105.0199966430664,101.76000213623047,103.69000244140625,95.36570739746094,932800
2022-09-19,102.19000244140625,107.04000091552734,102.19000244140625,106.61000061035156,98.05126953125,413800
2022-09-20,105.4800033569336,105.69999694824219,103.41000366210938,104.44999694824219,96.06466674804688,422200
2022-09-21,106.41000366210938,106.69999694824219,103.6500015258789,103.68000030517578,95.35650634765625,479700
2022-09-22,104.2699966430664,104.45999908447266,100.97000122070312,101.04000091552734,92.9284439086914,465900
2022-09-23,99.26000213623047,99.4800033569336,95.5199966430664,97.12000274658203,89.32313537597656,701300
2022-09-26,96.43000030517578,97.7699966430664,94.58000183105469,94.94000244140625,87.31815338134766,783100
2022-09-27,96.41999816894531,97.52999877929688,93.52999877929688,94.4000015258789,86.82151794433594,745100
2022-09-28,95.70999908447266,98.01000213623047,94.72000122070312,97.5,89.6726303100586,974700
2022-09-29,95.80999755859375,96.91000366210938,93.80999755859375,96.5999984741211,88.84489440917969,680600
2022-09-30,96.70999908447266,97.75,94.37000274658203,96.16999816894531,88.44940948486328,785100
2022-10-03,98.12000274658203,100.33999633789062,97.70999908447266,99.44000244140625,91.45690155029297,758400
2022-10-04,101.91999816894531,105.66000366210938,101.6500015258789,105.51000213623047,97.03958129882812,697800
2022-10-05,104.16999816894531,108.91000366210938,103.4800033569336,107.20999908447266,98.60311889648438,736100
2022-10-06,106.11000061035156,107.47000122070312,105.56999969482422,106.4000015258789,97.85813903808594,828200
2022-10-07,105.33000183105469,106.30999755859375,103.45999908447266,106.1500015258789,97.62821960449219,597500
2022-10-10,106.83999633789062,108.66999816894531,106.08999633789062,108.04000091552734,99.3664779663086,655400
2022-10-11,107.16999816894531,109.87999725341797,105.06999969482422,107.93000030517578,99.26530456542969,602300
2022-10-12,107.87999725341797,108.12000274658203,105.80000305175781,106.36000061035156,97.82135009765625,696200
2022-10-13,105.27999877929688,112.31999969482422,104.41000366210938,111.70999908447266,102.74183654785156,785700
2022-10-14,111.76000213623047,113.06999969482422,107.23999786376953,107.48999786376953,98.86064147949219,507300
2022-10-17,110.0,111.79000091552734,108.6500015258789,109.22000122070312,100.45175170898438,365500
2022-10-18,111.80999755859375,113.18000030517578,110.08999633789062,112.13999938964844,103.13733673095703,531200
2022-10-19,110.98999786376953,112.37000274658203,110.19999694824219,111.41000366210938,102.4659423828125,280700
2022-10-20,112.33000183105469,113.12000274658203,109.26000213623047,110.52999877929688,101.65657043457031,582600
2022-10-21,110.26000213623047,116.87000274658203,109.87999725341797,115.70999908447266,106.42070770263672,621100
2022-10-24,115.01000213623047,116.47000122070312,113.25,115.69000244140625,106.40232849121094,306000
2022-10-25,115.08000183105469,118.75,114.55999755859375,118.69999694824219,109.17068481445312,414300
2022-10-26,119.06999969482422,121.95999908447266,117.1500015258789,119.33000183105469,109.75011444091797,643800
2022-10-27,121.36000061035156,123.52999877929688,121.01000213623047,121.29000091552734,111.5527572631836,485100
2022-10-28,121.27999877929688,123.98999786376953,119.98999786376953,123.83000183105469,113.88884735107422,575100
2022-10-31,122.97000122070312,125.87999725341797,122.76000213623047,124.16999816894531,114.2015380859375,729500
2022-11-01,122.2300033569336,122.2300033569336,115.63999938964844,116.86000061035156,107.47840881347656,1377500
2022-11-02,116.37000274658203,120.12999725341797,115.62000274658203,115.63999938964844,106.35635375976562,688800
2022-11-03,113.79000091552734,120.51000213623047,113.3499984741211,118.11000061035156,108.62805938720703,806300
2022-11-04,120.91999816894531,121.66000366210938,118.77999877929688,120.98999786376953,111.2768325805664,448300
2022-11-07,121.27999877929688,122.7300033569336,119.05000305175781,122.12000274658203,112.31611633300781,408700
2022-11-08,123.33000183105469,126.44999694824219,122.33999633789062,123.88999938964844,113.94402313232422,516000
2022-11-09,122.48999786376953,122.9800033569336,120.16999816894531,120.44000244140625,110.77099609375,473400
2022-11-10,124.93000030517578,127.51000213623047,123.0199966430664,127.41000366210938,117.18144226074219,662500
2022-11-11,129.00999450683594,131.16000366210938,127.43000030517578,127.83999633789062,117.57691955566406,506500
2022-11-14,126.69999694824219,127.08999633789062,124.55000305175781,124.73999786376953,114.94157409667969,541700
2022-11-15,126.56999969482422,126.56999969482422,123.7699966430664,124.44000244140625,114.66514587402344,613800
2022-11-16,123.81999969482422,124.94999694824219,122.13999938964844,123.0999984741211,113.43040466308594,442200
2022-11-17,120.93000030517578,123.86000061035156,120.37999725341797,123.76000213623047,114.03856658935547,451100
2022-11-18,125.77999877929688,125.77999877929688,122.77999877929688,123.2699966430664,113.58704376220703,447200
2022-11-21,122.5999984741211,125.51000213623047,122.30000305175781,124.48999786376953,114.71121215820312,348900
2022-11-22,125.0999984741211,127.76000213623047,124.55999755859375,127.52999877929688,117.5124282836914,849500
2022-11-23,129.19000244140625,133.64999389648438,129.0399932861328,130.61000061035156,120.35047912597656,818000
2022-11-25,130.3699951171875,133.0,129.6300048828125,132.80999755859375,122.37765502929688,297900
2022-11-28,130.8000030517578,132.7100067138672,129.3800048828125,130.07000732421875,119.85291290283203,490300
2022-11-29,130.72000122070312,132.05999755859375,129.33999633789062,129.74000549316406,119.54883575439453,586800
2022-11-30,130.11000061035156,132.77999877929688,128.3699951171875,132.72000122070312,122.29473876953125,474600
2022-12-01,133.4199981689453,134.17999267578125,129.8800048828125,131.50999450683594,121.1797866821289,357800
2022-12-02,128.83999633789062,136.35000610351562,128.3000030517578,135.52999877929688,124.88401794433594,888000
2022-12-05,134.0800018310547,134.5399932861328,131.3000030517578,131.88999938964844,121.52994537353516,423600
2022-12-06,132.19000244140625,133.5,131.63999938964844,132.91000366210938,122.4698257446289,752200
2022-12-07,132.0,135.33999633789062,132.0,134.67999267578125,124.10077667236328,492400
2022-12-08,135.72999572753906,136.9600067138672,134.38999938964844,135.1199951171875,124.50621032714844,404700
2022-12-09,134.69000244140625,135.63999938964844,132.22000122070312,132.72999572753906,122.3039779663086,401800
2022-12-12,132.33999633789062,133.91000366210938,131.00999450683594,132.8800048828125,122.44219207763672,453300
2022-12-13,136.94000244140625,137.0,132.3699951171875,133.5399932861328,123.0503158569336,561300
2022-12-14,134.11000061035156,135.57000732421875,131.3300018310547,132.64999389648438,122.23023223876953,533100
2022-12-15,130.2100067138672,130.6300048828125,126.80999755859375,128.14999389648438,118.08370971679688,735100
2022-12-16,127.29000091552734,132.22999572753906,126.87000274658203,130.0500030517578,119.83447265625,2268200
2022-12-19,131.02000427246094,132.1300048828125,128.9199981689453,130.27000427246094,120.03719329833984,701000
2022-12-20,130.5500030517578,131.5399932861328,129.99000549316406,130.05999755859375,119.84367370605469,592200
2022-12-21,131.47999572753906,135.3000030517578,130.44000244140625,134.02999877929688,123.50183868408203,593700
2022-12-22,133.83999633789062,134.52999877929688,131.67999267578125,133.86000061035156,123.34517669677734,487500
2022-12-23,134.00999450683594,134.97999572753906,132.4499969482422,134.1699981689453,123.63084411621094,203600
2022-12-27,134.4499969482422,136.75999450683594,134.08999633789062,134.88999938964844,124.29427337646484,314300
2022-12-28,135.42999267578125,137.92999267578125,134.58999633789062,136.39999389648438,125.68567657470703,1160000
2022-12-29,136.80999755859375,139.97000122070312,136.05999755859375,138.64999389648438,127.75892639160156,751700
2022-12-30,137.72000122070312,139.1300048828125,136.77999877929688,138.69000244140625,127.7957992553711,517200
2023-01-03,139.3000030517578,139.97999572753906,136.0,137.27000427246094,126.48735809326172,680200
2023-01-04,137.55999755859375,138.9600067138672,135.30999755859375,136.39999389648438,125.68567657470703,764800
2023-01-05,136.11000061035156,136.25,134.08999633789062,134.72999572753906,124.14685821533203,573200
2023-01-06,135.88999938964844,137.24000549316406,133.97000122070312,136.2899932861328,125.58431243896484,836300
2023-01-09,137.25,139.10000610351562,136.0,136.6300048828125,125.89761352539062,688300
2023-01-10,136.1999969482422,140.38999938964844,136.02000427246094,139.86000061035156,128.87388610839844,783300
2023-01-11,140.61000061035156,140.86000061035156,138.32000732421875,138.99000549316406,128.07223510742188,557000
2023-01-12,139.42999267578125,141.8000030517578,137.97999572753906,141.11000061035156,130.02569580078125,485400
2023-01-13,140.3300018310547,141.77999877929688,139.22999572753906,141.36000061035156,130.2560577392578,334100
2023-01-17,140.9600067138672,142.19000244140625,139.8800048828125,141.02000427246094,129.94276428222656,411700
2023-01-18,142.72999572753906,143.3699951171875,138.41000366210938,139.10000610351562,128.17359924316406,420300
2023-01-19,138.2100067138672,139.07000732421875,134.5,135.38999938964844,124.75499725341797,383800
2023-01-20,136.10000610351562,137.1300048828125,134.8300018310547,137.08999633789062,126.32148742675781,384900
2023-01-23,137.33999633789062,138.00999450683594,135.3300018310547,135.97999572753906,125.29866790771484,458900
2023-01-24,136.27999877929688,137.7899932861328,133.3800048828125,137.72999572753906,126.91119384765625,651100
2023-01-25,136.8800048828125,138.89999389648438,136.3300018310547,138.41000366210938,127.53779602050781,484800
2023-01-26,139.32000732421875,139.91000366210938,135.9600067138672,139.07000732421875,128.14593505859375,507500
2023-01-27,139.07000732421875,140.4199981689453,138.5,138.75999450683594,127.86027526855469,369700
2023-01-30,138.0399932861328,140.0,137.22999572753906,137.35000610351562,126.5610580444336,436600
2023-01-31,137.25,138.14999389648438,135.6199951171875,138.1300048828125,127.27978515625,587500
2023-02-01,137.5500030517578,140.32000732421875,135.58999633789062,139.22000122070312,128.2841796875,916700
2023-02-02,139.44000244140625,139.88999938964844,129.88999938964844,131.6999969482422,121.35485076904297,1644900
2023-02-03,130.6300048828125,134.97999572753906,130.6300048828125,131.82000732421875,121.46543884277344,812400
2023-02-06,131.41000366210938,135.08999633789062,131.0399932861328,134.6199951171875,124.04549407958984,1227200
2023-02-07,134.94000244140625,140.22999572753906,130.5399932861328,134.60000610351562,124.0270767211914,1206900
2023-02-08,134.60000610351562,137.17999267578125,133.07000732421875,134.07000732421875,123.53870391845703,703600
2023-02-09,135.5,136.42999267578125,133.22000122070312,133.8000030517578,123.28990936279297,690900
2023-02-10,133.52999877929688,138.4600067138672,132.3699951171875,138.17999267578125,127.32584381103516,1033300
2023-02-13,138.3800048828125,139.02000427246094,136.6199951171875,138.17999267578125,127.32584381103516,619500
2023-02-14,137.74000549316406,137.75999450683594,133.4199981689453,134.75999450683594,124.39054870605469,647100
2023-02-15,134.10000610351562,137.1199951171875,133.07000732421875,136.17999267578125,125.70127868652344,682000
2023-02-16,134.9499969482422,136.77999877929688,134.60000610351562,135.27999877929688,124.87053680419922,642900
2023-02-17,136.22000122070312,140.85000610351562,136.05999755859375,138.30999755859375,127.66738891601562,1193900
2023-02-21,137.58999633789062,140.24000549316406,137.1999969482422,138.7899932861328,128.1104736328125,1002900
2023-02-22,139.10000610351562,141.69000244140625,137.8000030517578,138.4600067138672,127.80584716796875,794200
2023-02-23,139.9499969482422,142.05999755859375,139.4600067138672,141.75999450683594,130.85191345214844,936100
2023-02-24,139.22000122070312,140.75,138.22999572753906,139.60000610351562,128.85813903808594,615900
2023-02-27,140.80999755859375,143.2899932861328,140.5,141.1699981689453,130.30731201171875,631400
2023-02-28,141.41000366210938,143.2899932861328,140.25999450683594,140.80999755859375,129.97503662109375,877600
2023-03-01,141.0500030517578,142.97000122070312,140.5500030517578,142.27999877929688,131.3319091796875,604000
2023-03-02,141.6300048828125,143.52999877929688,140.82000732421875,142.74000549316406,131.7565155029297,503700
2023-03-03,143.1199951171875,144.6300048828125,141.60000610351562,144.24000549316406,133.14108276367188,506200
2023-03-06,144.5399932861328,145.52999877929688,142.2899932861328,142.49000549316406,131.52574157714844,772100
2023-03-07,142.3300018310547,142.97999572753906,139.4199981689453,140.17999267578125,129.3934783935547,566800
2023-03-08,140.22999572753906,141.33999633789062,138.75999450683594,139.77000427246094,129.01504516601562,453900
2023-03-09,140.02999877929688,140.97999572753906,137.10000610351562,137.30999755859375,126.74432373046875,371300
2023-03-10,136.4199981689453,136.4199981689453,128.60000610351562,129.8300018310547,119.83992004394531,745400
2023-03-13,126.19000244140625,129.7100067138672,125.33000183105469,126.27999877929688,116.56306457519531,914200
2023-03-14,129.5500030517578,131.00999450683594,127.12999725341797,128.41000366210938,118.52916717529297,589000
2023-03-15,124.62000274658203,125.0999984741211,118.31999969482422,120.7699966430664,111.47704315185547,1045400
2023-03-16,118.9000015258789,122.87999725341797,118.16000366210938,122.16999816894531,112.76932525634766,774300
2023-03-17,120.93000030517578,120.93000030517578,117.22000122070312,119.0,109.84324645996094,1053800
2023-03-20,121.06999969482422,125.83999633789062,120.55999755859375,124.80000305175781,115.19695281982422,931900
2023-03-21,127.94999694824219,129.86000061035156,127.36000061035156,129.32000732421875,119.36914825439453,810800
2023-03-22,129.19000244140625,129.44000244140625,126.05999755859375,126.19000244140625,116.47999572753906,641800
2023-03-23,126.58999633789062,129.14999389648438,124.12999725341797,125.62000274658203,115.95384979248047,524900
2023-03-24,123.69999694824219,125.18000030517578,121.80999755859375,124.73999786376953,115.14155578613281,496200
2023-03-27,125.9000015258789,129.08999633789062,124.45999908447266,128.5399932861328,118.64916229248047,614100
2023-03-28,128.72000122070312,130.17999267578125,127.91000366210938,129.17999267578125,119.23992919921875,474500
2023-03-29,130.52000427246094,131.07000732421875,129.27000427246094,130.30999755859375,120.282958984375,390200
2023-03-30,131.85000610351562,133.47000122070312,131.27000427246094,133.10000610351562,122.85828399658203,527700
2023-03-31,134.44000244140625,136.69000244140625,134.24000549316406,135.1999969482422,124.79669189453125,699200
2023-04-03,131.25999450683594,135.24000549316406,130.24000549316406,133.32000732421875,123.06135559082031,666200
2023-04-04,133.64999389648438,133.64999389648438,124.52999877929688,126.63999938964844,116.89535522460938,701600
2023-04-05,125.45999908447266,125.7699966430664,116.75,119.33999633789062,110.15707397460938,1096900
2023-04-06,119.5199966430664,119.52999877929688,117.73999786376953,118.9000015258789,109.75094604492188,678700
2023-04-10,119.4800033569336,123.36000061035156,119.43000030517578,122.3499984741211,112.93547058105469,437600
2023-04-11,122.75,126.30999755859375,122.75,123.8499984741211,114.32005310058594,619900
2023-04-12,124.76000213623047,125.52999877929688,123.81999969482422,124.77999877929688,115.17849731445312,569100
2023-04-13,125.56999969482422,126.16000366210938,122.55000305175781,125.29000091552734,115.64925384521484,427300
2023-04-14,125.81999969482422,127.36000061035156,124.75,125.87000274658203,116.18461608886719,258800
2023-04-17,126.4800033569336,127.61000061035156,125.51000213623047,126.76000213623047,117.00613403320312,355100
2023-04-18,128.30999755859375,129.72999572753906,127.58000183105469,128.25999450683594,118.39069366455078,333600
2023-04-19,127.86000061035156,127.86000061035156,125.26000213623047,126.69000244140625,116.94152069091797,306000
2023-04-20,125.44999694824219,126.66999816894531,124.7699966430664,126.05000305175781,116.35077667236328,382700
2023-04-21,125.61000061035156,125.61000061035156,123.4800033569336,124.41000366210938,114.83695983886719,518400
2023-04-24,124.44000244140625,126.0,124.44000244140625,125.33000183105469,115.68616485595703,352400
2023-04-25,124.16999816894531,124.4000015258789,122.08999633789062,122.97000122070312,113.50776672363281,362500
2023-04-26,121.68000030517578,123.98999786376953,121.5999984741211,122.5199966430664,113.09237670898438,616500
2023-04-27,121.9000015258789,124.0,120.05999755859375,122.98999786376953,113.5262222290039,625600
2023-04-28,122.44000244140625,124.02999877929688,121.95999908447266,123.94000244140625,114.40312194824219,469000
2023-05-01,124.44999694824219,125.5999984741211,123.7699966430664,124.62999725341797,115.04002380371094,582100
2023-05-02,132.9199981689453,133.97999572753906,121.75,127.94999694824219,118.10457611083984,1194300
2023-05-03,130.42999267578125,131.89999389648438,127.33999633789062,127.51000213623047,117.69842529296875,1070800
2023-05-04,127.05999755859375,127.56999969482422,121.62000274658203,122.19000244140625,112.78777313232422,694500
2023-05-05,123.62999725341797,127.4800033569336,123.36000061035156,127.0199966430664,117.2461166381836,677900
2023-05-08,128.67999267578125,130.19000244140625,126.05000305175781,126.95999908447266,117.19072723388672,580400
2023-05-09,125.80000305175781,127.62000274658203,125.55999755859375,127.29000091552734,117.49534606933594,404600
2023-05-10,128.8000030517578,129.0,124.95999908447266,127.02999877929688,117.25535583496094,542500
2023-05-11,125.27999877929688,125.45999908447266,122.87999725341797,123.5199966430664,114.01543426513672,652300
2023-05-12,124.19999694824219,124.95999908447266,121.79000091552734,122.51000213623047,113.34928894042969,475800
2023-05-15,122.4800033569336,125.12999725341797,121.7699966430664,123.55999755859375,114.32077026367188,559200
2023-05-16,122.30999755859375,122.61000061035156,119.16000366210938,119.79000091552734,110.83267211914062,526800
2023-05-17,121.05999755859375,123.44999694824219,119.87999725341797,121.94999694824219,112.8311538696289,744700
2023-05-18,116.8499984741211,117.0,113.79000091552734,116.19000244140625,112.09793090820312,1145000
2023-05-19,120.18000030517578,121.1500015258789,113.62000274658203,114.33000183105469,110.30343627929688,1117000
2023-05-22,114.18000030517578,115.87999725341797,113.0,114.7699966430664,110.72793579101562,913000
2023-05-23,114.0,117.31999969482422,112.63999938964844,116.08999633789062,112.0014419555664,740800
2023-05-24,114.7699966430664,115.68000030517578,111.5,112.1500015258789,108.20020294189453,683400
2023-05-25,111.5,113.80000305175781,110.19000244140625,113.5999984741211,109.59913635253906,668300
2023-05-26,114.38999938964844,115.16999816894531,113.25,114.36000061035156,110.3323745727539,492800
2023-05-30,114.0999984741211,114.6500015258789,111.3499984741211,112.7300033569336,108.75978088378906,627400
2023-05-31,111.5,112.69000244140625,110.2300033569336,110.27999877929688,106.39607238769531,513800
2023-06-01,111.05000305175781,113.04000091552734,109.80999755859375,111.61000061035156,107.67922973632812,1100700
2023-06-02,113.70999908447266,119.9000015258789,111.95999908447266,119.4000015258789,115.19486999511719,904600
2023-06-05,118.87999725341797,119.6500015258789,115.77999877929688,116.7300033569336,112.61891174316406,415200
2023-06-06,115.80999755859375,121.12999725341797,115.80999755859375,120.62999725341797,116.38156127929688,639100
2023-06-07,121.0199966430664,123.51000213623047,119.62000274658203,122.9000015258789,118.57160949707031,814500
2023-06-08,122.77999877929688,123.30999755859375,121.56999969482422,122.7699966430664,118.4461898803711,407900
2023-06-09,122.66000366210938,123.23999786376953,121.36000061035156,122.83000183105469,118.50407409667969,484800
2023-06-12,122.95999908447266,124.87000274658203,121.62000274658203,124.72000122070312,120.32750701904297,562000
2023-06-13,125.66999816894531,130.25,125.66999816894531,129.74000549316406,125.17071533203125,721500
2023-06-14,130.47999572753906,132.52999877929688,129.0,129.86000061035156,125.28649139404297,877600
2023-06-15,129.88999938964844,131.99000549316406,129.88999938964844,131.9199981689453,127.27394104003906,462600
2023-06-16,132.47000122070312,132.66000366210938,130.27999877929688,131.8699951171875,127.22569274902344,795200
2023-06-20,130.5399932861328,132.49000549316406,129.6300048828125,132.3300018310547,127.66948699951172,596000
2023-06-21,131.61000061035156,135.82000732421875,130.39999389648438,134.72999572753906,129.98497009277344,706300
2023-06-22,134.47999572753906,135.58999633789062,133.24000549316406,133.64999389648438,128.94300842285156,473700
2023-06-23,131.97999572753906,132.22999572753906,128.86000061035156,129.77000427246094,125.19965362548828,939800
2023-06-26,129.86000061035156,133.39999389648438,129.86000061035156,131.75,127.10992431640625,446100
2023-06-27,132.10000610351562,132.63999938964844,128.8800048828125,132.55999755859375,127.89139556884766,559100
2023-06-28,132.19000244140625,132.49000549316406,130.42999267578125,130.60000610351562,126.00043487548828,460800
2023-06-29,130.35000610351562,130.67999267578125,127.37000274658203,129.25,124.69795989990234,558600
2023-06-30,130.49000549316406,132.52999877929688,129.33999633789062,131.4199981689453,126.79153442382812,520000
2023-07-03,130.88999938964844,132.8800048828125,130.22999572753906,132.67999267578125,128.0071563720703,204900
2023-07-05,131.74000549316406,132.11000061035156,129.89999389648438,129.92999267578125,125.35400390625,368900
2023-07-06,128.75,130.14999389648438,127.4800033569336,129.27999877929688,124.72691345214844,442700
2023-07-07,129.08999633789062,132.30999755859375,129.07000732421875,130.75999450683594,126.15478515625,477200
2023-07-10,130.02999877929688,132.5399932861328,129.77000427246094,131.89999389648438,127.25464630126953,506300
2023-07-11,133.2100067138672,135.5,132.41000366210938,134.6199951171875,129.8788299560547,571500
2023-07-12,136.24000549316406,136.8800048828125,132.8000030517578,133.64999389648438,128.94300842285156,500400
2023-07-13,133.97999572753906,135.58999633789062,132.35000610351562,134.97000122070312,130.21649169921875,421100
2023-07-14,135.4199981689453,135.4199981689453,133.14999389648438,134.80999755859375,130.0621337890625,399400
2023-07-17,134.89999389648438,136.63999938964844,134.24000549316406,136.22999572753906,131.43212890625,384600
2023-07-18,136.58999633789062,138.8000030517578,136.25999450683594,138.72999572753906,133.84408569335938,418700
2023-07-19,138.8000030517578,140.38999938964844,138.30999755859375,139.8800048828125,134.95358276367188,450700
2023-07-20,140.0,140.3800048828125,138.08999633789062,138.99000549316406,134.09494018554688,542000
2023-07-21,139.10000610351562,139.10000610351562,136.14999389648438,136.32000732421875,131.5189666748047,598400
2023-07-24,136.5399932861328,138.8699951171875,136.0800018310547,138.05999755859375,133.1976776123047,519700
2023-07-25,137.33999633789062,140.4600067138672,137.17999267578125,139.35000610351562,134.44227600097656,563600
2023-07-26,138.47000122070312,139.74000549316406,135.97000122070312,136.82000732421875,132.00137329101562,702600
2023-07-27,135.0,135.47000122070312,130.4600067138672,132.5399932861328,127.87208557128906,889500
2023-07-28,133.9199981689453,133.9199981689453,131.00999450683594,132.5,127.83351135253906,928200
2023-07-31,133.60000610351562,135.22000122070312,132.72000122070312,133.10000610351562,128.41238403320312,779800
2023-08-01,133.49000549316406,136.4199981689453,132.6199951171875,133.3300018310547,128.63427734375,504200
2023-08-02,132.27000427246094,133.83999633789062,130.92999267578125,131.58999633789062,126.95555877685547,420700
2023-08-03,130.8300018310547,131.2100067138672,127.83999633789062,128.36000061035156,123.83930969238281,605900
2023-08-04,129.3300018310547,130.5399932861328,128.17999267578125,129.25999450683594,124.70760345458984,498000
2023-08-07,129.3300018310547,131.25,129.25999450683594,130.57000732421875,125.97149658203125,483900
2023-08-08,129.16000366210938,129.55999755859375,128.0,128.8699951171875,124.33134460449219,445800
2023-08-09,129.7100067138672,130.44000244140625,128.30999755859375,129.3000030517578,124.74620819091797,530300
2023-08-10,129.5,131.3000030517578,128.7899932861328,128.94000244140625,124.39888763427734,433500
2023-08-11,129.0,129.3000030517578,127.55000305175781,127.6500015258789,123.15431213378906,413400
2023-08-14,127.05999755859375,127.37000274658203,124.41999816894531,125.0,120.87224578857422,633200
2023-08-15,123.79000091552734,124.29000091552734,120.68000030517578,121.26000213623047,117.2557601928711,694500
2023-08-16,120.75,122.13999938964844,120.08000183105469,120.45999908447266,116.482177734375,492000
2023-08-17,120.72000122070312,122.69000244140625,120.4000015258789,121.68000030517578,117.66188049316406,670600
2023-08-18,120.12999725341797,120.44999694824219,118.75,119.45999908447266,115.51518249511719,776200
2023-08-21,119.62000274658203,120.0,117.36000061035156,118.25,114.34515380859375,688100
2023-08-22,118.58999633789062,118.79000091552734,117.58999633789062,117.68000030517578,113.7939682006836,364500
2023-08-23,118.0,120.69000244140625,117.58000183105469,120.4000015258789,116.42415618896484,508700
2023-08-24,119.0,119.8499984741211,117.4800033569336,117.55999755859375,113.67792510986328,380800
2023-08-25,118.33000183105469,119.55999755859375,117.43000030517578,119.11000061035156,115.17675018310547,371800
2023-08-28,120.0,122.19999694824219,120.0,121.98999786376953,117.96163940429688,343500
2023-08-29,121.98999786376953,125.58000183105469,121.75,125.31999969482422,121.18167877197266,531600
2023-08-30,125.68000030517578,129.72000122070312,125.37999725341797,128.91000366210938,124.65312957763672,782500
2023-08-31,129.49000549316406,131.27999877929688,129.08999633789062,129.52999877929688,125.2526626586914,715100
2023-09-01,130.7899932861328,132.94000244140625,130.1699981689453,132.6199951171875,128.2406005859375,460800
2023-09-05,132.3300018310547,132.88999938964844,127.95999908447266,128.02999877929688,123.80219268798828,701800
2023-09-06,127.58000183105469,130.47999572753906,127.0,128.92999267578125,124.67247009277344,770500
2023-09-07,127.5,128.2899932861328,123.38999938964844,126.11000061035156,121.94559478759766,929600
2023-09-08,126.12000274658203,127.20999908447266,123.47000122070312,123.77999877929688,119.69254302978516,486500
2023-09-11,125.02999877929688,125.02999877929688,122.6500015258789,123.11000061035156,119.04466247558594,556100
2023-09-12,122.44999694824219,123.94000244140625,121.41999816894531,121.62999725341797,117.613525390625,605100
2023-09-13,121.11000061035156,121.7300033569336,119.16999816894531,119.87000274658203,115.91165924072266,505000
2023-09-14,121.68000030517578,123.9800033569336,121.38999938964844,122.80000305175781,118.74490356445312,2265800
2023-09-15,122.52999877929688,123.06999969482422,121.2699966430664,122.87999725341797,118.82225036621094,823900
2023-09-18,122.66000366210938,123.79000091552734,121.12000274658203,122.91000366210938,118.85126495361328,447900
2023-09-19,121.5,122.0999984741211,119.30999755859375,119.77999877929688,115.82462310791016,762500
2023-09-20,120.73999786376953,123.58000183105469,119.87999725341797,119.94999694824219,115.98900604248047,429000
2023-09-21,118.7300033569336,119.08000183105469,116.73999786376953,116.80999755859375,112.95270538330078,540100
2023-09-22,116.80999755859375,117.7300033569336,115.86000061035156,116.06999969482422,112.23713684082031,673900
2023-09-25,114.79000091552734,117.05000305175781,114.44999694824219,116.44000244140625,112.59491729736328,464500
2023-09-26,115.12000274658203,116.29000091552734,114.9000015258789,115.5199966430664,111.70529174804688,481500
2023-09-27,116.45999908447266,118.51000213623047,116.16999816894531,117.55000305175781,113.66825866699219,519100
2023-09-28,119.23999786376953,121.55999755859375,117.69999694824219,120.81999969482422,116.83028411865234,887600
2023-09-29,122.9800033569336,123.61000061035156,118.0999984741211,118.27999877929688,114.37416076660156,613600
2023-10-02,118.08000183105469,119.45999908447266,116.66999816894531,117.51000213623047,113.62958526611328,398700
2023-10-03,116.43000030517578,117.12999725341797,114.91999816894531,115.26000213623047,111.45388793945312,382000
2023-10-04,115.0,116.76000213623047,113.51000213623047,115.18000030517578,111.37651824951172,374900
2023-10-05,114.86000061035156,115.87000274658203,114.37000274658203,115.55999755859375,111.74398040771484,666100
2023-10-06,115.22000122070312,118.08999633789062,114.5,117.61000061035156,113.72628021240234,953000
2023-10-09,117.55999755859375,120.83999633789062,117.33000183105469,120.56999969482422,116.58853912353516,664300
2023-10-10,121.69000244140625,123.02999877929688,121.06999969482422,122.27999877929688,118.24207305908203,557300
2023-10-11,122.5,124.16000366210938,121.97000122070312,124.05999755859375,119.96328735351562,742200
2023-10-12,124.69000244140625,124.69000244140625,118.79000091552734,120.81999969482422,116.83028411865234,645300
2023-10-13,120.91999816894531,121.87000274658203,117.41999816894531,118.44999694824219,114.53853607177734,465500
2023-10-16,119.98999786376953,120.41000366210938,118.91000366210938,119.66000366210938,115.7085952758789,340200
2023-10-17,118.68000030517578,122.4800033569336,118.68000030517578,120.86000061035156,116.86896514892578,443300
2023-10-18,119.05000305175781,119.33000183105469,115.52999877929688,115.58000183105469,111.76332092285156,489600
2023-10-19,115.25,117.80999755859375,115.0999984741211,115.83999633789062,112.01472473144531,636500
2023-10-20,115.0999984741211,115.93000030517578,112.91000366210938,113.19999694824219,109.46190643310547,502100
2023-10-23,112.62999725341797,113.91000366210938,111.30999755859375,111.66000366210938,107.97277069091797,642400
2023-10-24,112.83000183105469,112.9000015258789,110.79000091552734,112.2699966430664,108.56260681152344,484200
2023-10-25,112.19999694824219,113.83999633789062,111.91000366210938,113.16000366210938,109.42322540283203,471200
2023-10-26,113.0,114.61000061035156,112.9000015258789,113.04000091552734,109.30719757080078,550000
2023-10-27,112.76000213623047,113.29000091552734,110.12999725341797,110.63999938964844,106.98644256591797,644700
2023-10-30,112.16000366210938,113.04000091552734,110.72000122070312,112.19999694824219,108.49492645263672,809000
2023-10-31,114.69999694824219,116.55000305175781,112.0,114.66000366210938,110.87370300292969,1216600
2023-11-01,114.1500015258789,117.6500015258789,111.55999755859375,117.56999969482422,113.68760681152344,874500
2023-11-02,119.70999908447266,120.19000244140625,117.0,118.05000305175781,114.1517562866211,558200
2023-11-03,119.97000122070312,120.45999908447266,118.44999694824219,119.80999755859375,115.85363006591797,567700
2023-11-06,120.16999816894531,120.16999816894531,116.37999725341797,117.66999816894531,113.7843017578125,490600
2023-11-07,114.45999908447266,114.5199966430664,111.12999725341797,114.0999984741211,110.33219146728516,781300
2023-11-08,114.81999969482422,115.97000122070312,114.37000274658203,114.5,110.71897888183594,638300
2023-11-09,115.9000015258789,115.9000015258789,114.01000213623047,114.08000183105469,110.31285095214844,442900
2023-11-10,114.77999877929688,116.18000030517578,114.33999633789062,116.0,112.16944885253906,443200
2023-11-13,115.55000305175781,116.2300033569336,114.13999938964844,114.23999786376953,110.46756744384766,546500
2023-11-14,116.2300033569336,117.98999786376953,115.66000366210938,117.3499984741211,113.76365661621094,577500
2023-11-15,117.61000061035156,120.36000061035156,116.94999694824219,118.62000274658203,114.9948501586914,671500
2023-11-16,118.18000030517578,118.9000015258789,115.87000274658203,116.11000061035156,112.56155395507812,429200
2023-11-17,117.3499984741211,117.93000030517578,116.4800033569336,117.9000015258789,114.2968521118164,451300
2023-11-20,117.36000061035156,117.41999816894531,115.5,116.05000305175781,112.50338745117188,702900
2023-11-21,115.37000274658203,115.61000061035156,114.44999694824219,115.41999816894531,111.89263153076172,682400
2023-11-22,111.37999725341797,115.27999877929688,110.11000061035156,114.0199966430664,110.5354232788086,1593400
2023-11-24,114.58000183105469,116.02999877929688,112.9000015258789,116.0,112.45491790771484,543800
2023-11-27,115.41000366210938,115.76000213623047,113.80999755859375,114.4800033569336,110.98137664794922,726200
2023-11-28,114.25,114.70999908447266,112.77999877929688,112.86000061035156,109.41087341308594,739000
2023-11-29,114.11000061035156,114.83000183105469,112.58000183105469,113.69999694824219,110.2251968383789,1055300
2023-11-30,114.0999984741211,114.29000091552734,112.48999786376953,113.52999877929688,110.0604019165039,856500
2023-12-01,114.06999969482422,117.97000122070312,113.80999755859375,117.37000274658203,113.78305053710938,888400
2023-12-04,116.08000183105469,118.19999694824219,115.77999877929688,117.1500015258789,113.56976318359375,612000
2023-12-05,116.9000015258789,117.30000305175781,114.41999816894531,114.63999938964844,111.136474609375,583600
2023-12-06,115.08999633789062,117.76000213623047,115.05999755859375,115.4800033569336,111.9508056640625,516600
2023-12-07,115.30999755859375,116.30000305175781,114.4000015258789,114.55000305175781,111.04923248291016,659000
2023-12-08,114.77999877929688,116.58999633789062,114.77999877929688,116.05999755859375,112.51307678222656,347800
2023-12-11,116.19999694824219,116.66000366210938,114.56999969482422,114.94999694824219,111.43700408935547,494300
2023-12-12,114.33000183105469,115.08999633789062,112.95999908447266,113.95999908447266,110.47725677490234,647000
2023-12-13,113.51000213623047,117.41999816894531,113.11000061035156,117.37999725341797,113.79273223876953,889500
2023-12-14,118.5199966430664,123.02999877929688,118.5199966430664,122.55000305175781,118.80473327636719,1185400
2023-12-15,121.93000030517578,122.77999877929688,118.76000213623047,119.25,115.6055908203125,2905000
2023-12-18,119.38999938964844,119.63999938964844,117.26000213623047,117.75,114.15143585205078,577300
2023-12-19,118.7699966430664,121.58999633789062,118.47000122070312,121.13999938964844,117.43783569335938,570500
2023-12-20,121.20999908447266,122.94999694824219,119.9800033569336,120.12000274658203,116.44900512695312,672600
2023-12-21,121.1500015258789,122.1500015258789,120.41999816894531,122.08000183105469,118.3490982055664,334100
2023-12-22,121.9800033569336,123.41999816894531,121.83000183105469,122.27999877929688,118.5429916381836,425400
2023-12-26,122.3499984741211,123.20999908447266,122.25,122.58000183105469,118.83382415771484,356600
2023-12-27,122.30999755859375,122.94999694824219,121.7699966430664,122.30999755859375,118.57207489013672,327200
2023-12-28,122.30000305175781,122.68000030517578,121.63999938964844,122.11000061035156,118.37818145751953,292900
2023-12-29,122.04000091552734,122.55000305175781,121.0,121.41000366210938,117.6995849609375,346600
2024-01-02,121.12999725341797,124.33000183105469,120.80000305175781,122.11000061035156,118.37818145751953,663900
2024-01-03,120.41999816894531,120.83999633789062,118.91000366210938,119.36000061035156,115.71223449707031,995200
2024-01-04,119.55999755859375,120.51000213623047,118.80999755859375,119.73999786376953,116.08061218261719,678100
2024-01-05,119.08999633789062,122.72000122070312,119.08999633789062,122.01000213623047,118.28125,980200
2024-01-08,121.30000305175781,123.30999755859375,120.54000091552734,123.13999938964844,119.376708984375,511100
2024-01-09,122.01000213623047,122.01000213623047,120.3499984741211,121.12999725341797,117.42813110351562,545500
2024-01-10,120.91000366210938,121.12999725341797,119.38999938964844,120.29000091552734,116.61380767822266,438000
2024-01-11,120.30000305175781,121.11000061035156,118.98999786376953,119.3499984741211,115.70252990722656,539700
2024-01-12,120.19999694824219,121.0,117.56999969482422,117.58999633789062,113.99632263183594,458200
2024-01-16,116.66999816894531,118.38999938964844,115.04000091552734,118.29000091552734,114.6749267578125,622500
2024-01-17,116.87999725341797,117.16999816894531,114.19000244140625,115.0999984741211,111.5824203491211,839200
2024-01-18,115.66999816894531,116.22000122070312,114.16000366210938,115.83999633789062,112.29979705810547,475900
2024-01-19,115.83999633789062,117.68000030517578,114.80999755859375,117.66000366210938,114.06417846679688,416200
2024-01-22,117.48999786376953,119.80000305175781,117.12999725341797,118.2699966430664,114.6555404663086,590800
2024-01-23,118.83000183105469,119.9800033569336,117.97000122070312,119.76000213623047,116.10000610351562,417700
2024-01-24,120.68000030517578,121.13999938964844,118.91000366210938,121.0199966430664,117.32149505615234,525100
2024-01-25,122.19999694824219,126.44000244140625,122.19999694824219,123.87000274658203,120.08439636230469,705100
2024-01-26,124.11000061035156,124.94999694824219,122.88999938964844,123.1500015258789,119.38640594482422,435700
2024-01-29,123.06999969482422,124.16000366210938,121.54000091552734,123.5999984741211,119.82264709472656,500300
2024-01-30,122.61000061035156,124.81999969482422,122.41000366210938,124.26000213623047,120.46247863769531,480300
2024-01-31,124.01000213623047,124.48999786376953,122.04000091552734,122.33000183105469,118.59146118164062,603100
2024-02-01,122.9800033569336,123.58999633789062,121.13999938964844,123.2699966430664,119.50273132324219,458100
2024-02-02,122.16000366210938,123.4000015258789,121.0,122.43000030517578,118.68840789794922,493600
2024-02-05,121.20999908447266,122.05000305175781,119.77999877929688,120.93000030517578,117.23424530029297,1101600
2024-02-06,130.0800018310547,130.25999450683594,121.56999969482422,122.19000244140625,118.45574188232422,1620100
2024-02-07,122.44999694824219,122.86000061035156,116.19999694824219,117.91000366210938,114.30654907226562,1187600
2024-02-08,117.75,118.44999694824219,116.45999908447266,117.41999816894531,113.83151245117188,847400
2024-02-09,116.80999755859375,117.41999816894531,114.63999938964844,115.04000091552734,111.52425384521484,747000
2024-02-12,115.3499984741211,117.68000030517578,114.91999816894531,116.66999816894531,113.10443878173828,778000
2024-02-13,114.44999694824219,114.88999938964844,112.30000305175781,112.83000183105469,109.38179016113281,681400
2024-02-14,114.1500015258789,114.1500015258789,110.79000091552734,113.30999755859375,110.13018035888672,1406800
2024-02-15,112.51000213623047,112.52999877929688,109.72000122070312,110.58000183105469,107.47679138183594,1343000
2024-02-16,110.0,111.0,109.0,109.31999969482422,106.25215148925781,967600
2024-02-20,108.23999786376953,108.25,105.7699966430664,106.47000122070312,103.48213195800781,988200
2024-02-21,106.30999755859375,108.66000366210938,106.0,107.7300033569336,104.70677947998047,776600
2024-02-22,106.94999694824219,107.51000213623047,106.19000244140625,107.0999984741211,104.09444427490234,765700
2024-02-23,107.44000244140625,109.0999984741211,106.66999816894531,108.2300033569336,105.19274139404297,685600
2024-02-26,107.55000305175781,108.8499984741211,106.61000061035156,107.55999755859375,104.54154205322266,647000
2024-02-27,107.83000183105469,107.83000183105469,106.4000015258789,107.56999969482422,104.55126190185547,1130400
2024-02-28,107.43000030517578,110.01000213623047,107.02999877929688,109.5,106.4271011352539,652100
2024-02-29,110.38999938964844,110.38999938964844,108.7699966430664,109.69999694824219,106.6214828491211,872300
2024-03-01,109.9800033569336,111.18000030517578,108.69999694824219,110.45999908447266,107.36016082763672,552400
2024-03-04,111.04000091552734,111.41999816894531,108.88999938964844,109.11000061035156,106.04804992675781,768500
2024-03-05,109.01000213623047,111.19999694824219,108.8499984741211,109.61000061035156,106.53401184082031,610200
2024-03-06,109.73999786376953,110.97000122070312,108.87000274658203,110.93000030517578,107.81697082519531,675500
2024-03-07,110.75,114.08999633789062,110.72000122070312,113.0199966430664,109.84831237792969,637100
2024-03-08,113.79000091552734,114.0199966430664,111.83999633789062,112.70999908447266,109.54701232910156,581600
2024-03-11,112.80000305175781,114.77999877929688,112.80000305175781,114.68000030517578,111.46173095703125,612100
2024-03-12,115.0999984741211,115.66000366210938,113.0,113.44000244140625,110.25653839111328,590000
2024-03-13,113.69999694824219,117.55000305175781,113.69999694824219,117.0999984741211,113.8138198852539,863300
2024-03-14,117.79000091552734,118.19999694824219,115.26000213623047,115.98999786376953,112.7349624633789,693100
2024-03-15,115.44000244140625,117.25,115.44000244140625,116.43000030517578,113.1626205444336,1610200
2024-03-18,116.05000305175781,116.80000305175781,114.5,115.38999938964844,112.15180206298828,776000
2024-03-19,115.01000213623047,116.94999694824219,114.95999908447266,115.88999938964844,112.63777923583984,579900
2024-03-20,115.75,118.48999786376953,115.54000091552734,118.01000213623047,114.69828796386719,626800
2024-03-21,118.08999633789062,119.13999938964844,117.61000061035156,118.02999877929688,114.71772766113281,456000
2024-03-22,118.44999694824219,118.77999877929688,117.23999786376953,118.36000061035156,115.03845977783203,524100
2024-03-25,118.58000183105469,119.4800033569336,117.80999755859375,118.11000061035156,114.79548645019531,505700
2024-03-26,118.31999969482422,118.31999969482422,117.08000183105469,117.62000274658203,114.3192367553711,438200
2024-03-27,118.41000366210938,121.79000091552734,118.0999984741211,121.72000122070312,118.3041763305664,478900
2024-03-28,122.0,123.12000274658203,121.41999816894531,123.0199966430664,119.56768035888672,413000
2024-04-01,123.93000030517578,125.23999786376953,120.44000244140625,120.55000305175781,117.16700744628906,521500
2024-04-02,121.2300033569336,123.83000183105469,120.80999755859375,121.51000213623047,118.10006713867188,690800
2024-04-03,119.83000183105469,121.72000122070312,119.69000244140625,120.61000061035156,117.2253189086914,531600
2024-04-04,121.69999694824219,123.9000015258789,120.4000015258789,122.02999877929688,118.60547637939453,695700
2024-04-05,122.27999877929688,122.68000030517578,121.44000244140625,122.33000183105469,118.89704895019531,435900
2024-04-08,122.77999877929688,123.18000030517578,121.11000061035156,121.36000061035156,117.95427703857422,364000
2024-04-09,122.08000183105469,124.45999908447266,121.94000244140625,123.91999816894531,120.44243621826172,520800
2024-04-10,122.95999908447266,125.52999877929688,121.77999877929688,125.37000274658203,121.85175323486328,673400
2024-04-11,125.61000061035156,125.76000213623047,121.19000244140625,121.87999725341797,118.45968627929688,614100
2024-04-12,121.7300033569336,122.26000213623047,119.97000122070312,120.01000213623047,116.64215850830078,629300
2024-04-15,121.19999694824219,121.77999877929688,117.93000030517578,118.04000091552734,114.7274398803711,692900
2024-04-16,117.43000030517578,117.5999984741211,115.54000091552734,117.06999969482422,113.78466033935547,458600
2024-04-17,118.06999969482422,118.33999633789062,115.3499984741211,116.23999786376953,112.97795104980469,610200
2024-04-18,116.88999938964844,117.75,115.69000244140625,116.7300033569336,113.45420837402344,552600
2024-04-19,116.62999725341797,119.0199966430664,115.9800033569336,118.75,115.41752624511719,735500
2024-04-22,116.41000366210938,120.0,115.4000015258789,119.16999816894531,115.82572937011719,849700
2024-04-23,119.30999755859375,121.48999786376953,117.31999969482422,117.44999694824219,114.15399932861328,668800
2024-04-24,116.86000061035156,119.02999877929688,116.01000213623047,118.69000244140625,115.35920715332031,722800
2024-04-25,116.9000015258789,118.95999908447266,116.4800033569336,117.66999816894531,114.36782836914062,694000
2024-04-26,117.63999938964844,118.18000030517578,116.2300033569336,116.61000061035156,113.33757781982422,664000
2024-04-29,117.16999816894531,119.87999725341797,116.83000183105469,119.13999938964844,115.79657745361328,630000
2024-04-30,117.08000183105469,117.43000030517578,114.02999877929688,114.19000244140625,110.98548889160156,913000
2024-05-01,113.9800033569336,113.9800033569336,111.80000305175781,112.13999938964844,108.99301147460938,1208600
2024-05-02,110.0,115.30000305175781,107.6500015258789,110.62999725341797,107.525390625,1545000
2024-05-03,110.55999755859375,112.80000305175781,110.20999908447266,111.80999755859375,108.67227935791016,1097600
2024-05-06,113.38999938964844,115.5999984741211,112.81999969482422,115.47000122070312,112.22956848144531,985800
2024-05-07,115.98999786376953,117.69000244140625,114.91000366210938,117.08000183105469,113.79438781738281,1103200
2024-05-08,116.38999938964844,117.0,113.88999938964844,113.93000030517578,110.73278045654297,920400
2024-05-09,113.73999786376953,116.36000061035156,113.68000030517578,116.29000091552734,113.02655792236328,474500
2024-05-10,117.02999877929688,117.23999786376953,114.45999908447266,116.05000305175781,112.79328918457031,532400
2024-05-13,116.26000213623047,117.75,115.86000061035156,116.25,112.9876708984375,963100
2024-05-14,117.16999816894531,119.70999908447266,116.97000122070312,117.27999877929688,114.27384185791016,877900
2024-05-15,117.97000122070312,119.2300033569336,117.4800033569336,118.04000091552734,115.01435852050781,616900
2024-05-16,114.83000183105469,115.37000274658203,112.01000213623047,112.02999877929688,109.15840911865234,1177200
2024-05-17,110.0,111.52999877929688,109.83999633789062,110.0199966430664,109.64674377441406,873700
2024-05-20,109.9800033569336,110.48999786376953,109.5199966430664,110.11000061035156,109.73644256591797,674800
2024-05-21,110.0999984741211,110.45999908447266,107.5999984741211,108.13999938964844,107.77312469482422,561800
2024-05-22,107.48999786376953,109.30000305175781,107.48999786376953,108.54000091552734,108.17176818847656,686800
2024-05-23,108.91999816894531,108.91999816894531,106.88999938964844,107.44999694824219,107.08546447753906,699300
2024-05-24,108.05000305175781,108.37999725341797,106.11000061035156,106.55999755859375,106.198486328125,534800
2024-05-28,106.72000122070312,107.2699966430664,105.83000183105469,106.16000366210938,105.79985046386719,688300
2024-05-29,104.98999786376953,105.61000061035156,102.76000213623047,104.6500015258789,104.29496765136719,1314000
2024-05-30,104.86000061035156,106.12999725341797,104.04000091552734,104.69999694824219,104.34479522705078,764600
2024-05-31,104.8499984741211,107.43000030517578,104.73999786376953,107.33000183105469,106.96587371826172,802000
2024-06-03,107.98999786376953,107.98999786376953,105.12000274658203,105.3499984741211,104.99259185791016,570400
2024-06-04,104.18000030517578,104.7300033569336,103.22000122070312,103.7300033569336,103.37808990478516,850900
2024-06-05,103.98999786376953,104.12000274658203,101.88999938964844,103.52999877929688,103.17876434326172,760300
2024-06-06,103.52999877929688,103.83999633789062,102.66000366210938,103.5999984741211,103.24852752685547,598500
2024-06-07,102.54000091552734,103.54000091552734,101.9000015258789,103.0999984741211,102.7502212524414,543000
2024-06-10,102.22000122070312,103.62999725341797,101.58000183105469,101.62000274658203,101.2752456665039,481900
2024-06-11,100.95999908447266,102.51000213623047,100.23999786376953,101.83999633789062,101.49449920654297,544500
2024-06-12,103.41000366210938,105.0,102.75,103.7699966430664,103.4179458618164,838600
2024-06-13,103.62000274658203,105.58999633789062,102.56999969482422,105.47000122070312,105.1121826171875,898500
2024-06-14,104.2300033569336,105.1500015258789,102.95999908447266,103.68000030517578,103.32825469970703,785700
2024-06-17,102.95999908447266,103.2699966430664,101.44999694824219,102.70999908447266,102.3615493774414,840600
2024-06-18,102.91000366210938,104.06999969482422,101.87000274658203,102.33000183105469,101.98284149169922,850700
2024-06-20,102.44000244140625,102.44000244140625,100.7300033569336,100.94000244140625,100.5975570678711,700400
2024-06-21,100.68000030517578,101.37999725341797,99.87999725341797,101.0,100.6573486328125,1993700
2024-06-24,101.56999969482422,103.37000274658203,100.4800033569336,101.87999725341797,101.53436279296875,693100
2024-06-25,100.1500015258789,100.38999938964844,97.16000366210938,98.4000015258789,98.06616973876953,1029700
2024-06-26,97.86000061035156,99.26000213623047,96.5999984741211,99.20999908447266,98.87342071533203,582100
2024-06-27,98.75,99.18000030517578,97.30999755859375,98.81999969482422,98.48474884033203,819700
2024-06-28,99.0199966430664,99.87000274658203,97.18000030517578,97.87999725341797,97.54793548583984,983200
2024-07-01,98.97000122070312,98.97000122070312,95.02999877929688,95.58000183105469,95.2557373046875,792400
2024-07-02,95.62000274658203,96.41000366210938,95.37999725341797,96.04000091552734,95.71417999267578,856300
2024-07-03,96.7699966430664,97.94999694824219,96.26000213623047,96.66999816894531,96.342041015625,350600
2024-07-05,96.2699966430664,96.37000274658203,94.0999984741211,94.30999755859375,93.99004364013672,1649200
2024-07-08,95.12999725341797,95.6500015258789,94.19000244140625,94.56999969482422,94.24916076660156,713600
2024-07-09,94.27999877929688,94.5199966430664,92.75,93.55999755859375,93.24259185791016,966600
2024-07-10,93.69999694824219,94.4000015258789,92.9800033569336,94.20999908447266,93.890380859375,880800
2024-07-11,95.0,97.30000305175781,94.66999816894531,97.19999694824219,96.8702392578125,772100
2024-07-12,97.9000015258789,99.02999877929688,97.80999755859375,98.05000305175781,97.71736145019531,753400
2024-07-15,97.83000183105469,99.23999786376953,97.66999816894531,98.77999877929688,98.44487762451172,690800
2024-07-16,98.7300033569336,101.62999725341797,97.76000213623047,101.30999755859375,100.96629333496094,744600
2024-07-17,100.94999694824219,103.11000061035156,100.58999633789062,102.77999877929688,102.43131256103516,845600
2024-07-18,102.0999984741211,105.18000030517578,101.33999633789062,102.23999786376953,101.89314270019531,975500
2024-07-19,102.30000305175781,102.72000122070312,101.18000030517578,102.02999877929688,101.68385314941406,680600
2024-07-22,102.5999984741211,102.5999984741211,99.52999877929688,101.72000122070312,101.37490844726562,700100
2024-07-23,100.61000061035156,100.76000213623047,98.68000030517578,98.88999938964844,98.55450439453125,611800
2024-07-24,98.81999969482422,99.7300033569336,97.75,97.83000183105469,97.49810791015625,653100
2024-07-25,97.88999938964844,103.77999877929688,97.55000305175781,101.83999633789062,101.49449920654297,869700
2024-07-26,103.19000244140625,104.69999694824219,102.73999786376953,103.5199966430664,103.1688003540039,562200
2024-07-29,102.98999786376953,103.62000274658203,101.41000366210938,102.05000305175781,101.70378875732422,818300
2024-07-30,95.83999633789062,98.13999938964844,93.5199966430664,96.2300033569336,95.90353393554688,1761000
2024-07-31,95.69000244140625,95.8499984741211,93.97000122070312,94.41999816894531,94.09967041015625,1369300
2024-08-01,94.31999969482422,95.0,90.63999938964844,91.3499984741211,91.04008483886719,1593800
2024-08-02,89.8499984741211,90.66999816894531,88.12000274658203,89.56999969482422,89.26612854003906,1203000
2024-08-05,86.19000244140625,89.45999908447266,84.3499984741211,87.63999938964844,87.3426742553711,1031400
2024-08-06,87.63999938964844,88.7699966430664,86.37000274658203,86.9800033569336,86.6849136352539,1320000
2024-08-07,88.76000213623047,89.58999633789062,86.9800033569336,87.16000366210938,86.86430358886719,806300
2024-08-08,87.55000305175781,89.36000061035156,87.2699966430664,88.91000366210938,88.60836791992188,561500
2024-08-09,88.62999725341797,89.26000213623047,86.33999633789062,87.45999908447266,87.16328430175781,1182300
2024-08-12,87.72000122070312,87.94000244140625,84.7699966430664,84.98999786376953,84.70166015625,1018700
2024-08-13,85.4800033569336,86.69000244140625,84.8499984741211,86.31999969482422,86.02715301513672,1395800
2024-08-14,86.47000122070312,87.2300033569336,85.44000244140625,85.4800033569336,85.19000244140625,660600
2024-08-15,86.54000091552734,88.98999786376953,86.16000366210938,88.12999725341797,88.12999725341797,1132800
2024-08-16,87.7699966430664,89.3499984741211,87.06999969482422,88.38999938964844,88.38999938964844,1093000
2024-08-19,88.73999786376953,90.77999877929688,88.63999938964844,89.97000122070312,89.97000122070312,904100
2024-08-20,89.97000122070312,90.05000305175781,88.45999908447266,88.76000213623047,88.76000213623047,607200
2024-08-21,89.16000366210938,89.5999984741211,88.83000183105469,89.4800033569336,89.4800033569336,523400
2024-08-22,89.62000274658203,89.94999694824219,88.29000091552734,88.41000366210938,88.41000366210938,527500
2024-08-23,88.9800033569336,91.30000305175781,88.38999938964844,91.05000305175781,91.05000305175781,904600
2024-08-26,91.62999725341797,92.12999725341797,90.52999877929688,91.18000030517578,91.18000030517578,687000
2024-08-27,90.77999877929688,90.9800033569336,89.0199966430664,89.87000274658203,89.87000274658203,677100
2024-08-28,89.54000091552734,90.44999694824219,89.0999984741211,90.33000183105469,90.33000183105469,562400
2024-08-29,91.08999633789062,91.11000061035156,89.91000366210938,90.44000244140625,90.44000244140625,726900
2024-08-30,90.80000305175781,91.26000213623047,89.95999908447266,91.04000091552734,91.04000091552734,727000
2024-09-03,90.05999755859375,90.37000274658203,87.83000183105469,88.08000183105469,88.08000183105469,1062100
2024-09-04,88.01000213623047,90.81999969482422,88.01000213623047,89.58000183105469,89.58000183105469,651500
2024-09-05,89.48999786376953,89.48999786376953,87.83000183105469,88.83000183105469,88.83000183105469,999100
2024-09-06,89.12000274658203,89.75,87.30999755859375,87.55999755859375,87.55999755859375,771100
2024-09-09,87.5,89.91000366210938,87.5,89.08999633789062,89.08999633789062,1066500
2024-09-10,89.02999877929688,89.12000274658203,87.56999969482422,88.77999877929688,88.77999877929688,618300
2024-09-11,88.6500015258789,89.22000122070312,86.66000366210938,88.94999694824219,88.94999694824219,621000
2024-09-12,89.0,89.45999908447266,88.02999877929688,89.31999969482422,89.31999969482422,673900
2024-09-13,90.0,91.0199966430664,89.76000213623047,90.93000030517578,90.93000030517578,533700
2024-09-16,91.43000030517578,92.26000213623047,89.91999816894531,91.16000366210938,91.16000366210938,639400
2024-09-17,91.72000122070312,92.80000305175781,90.81999969482422,92.70999908447266,92.70999908447266,586300
2024-09-18,92.8499984741211,96.0,92.73999786376953,93.75,93.75,528000
2024-09-19,95.58999633789062,96.48999786376953,94.62000274658203,95.83000183105469,95.83000183105469,570000
2024-09-20,95.29000091552734,95.61000061035156,93.66000366210938,94.73999786376953,94.73999786376953,1623000
2024-09-23,94.80999755859375,95.20999908447266,93.55000305175781,94.76000213623047,94.76000213623047,610900
2024-09-24,96.05000305175781,97.19999694824219,95.41999816894531,96.33000183105469,96.33000183105469,647000
2024-09-25,96.52999877929688,96.5999984741211,93.9000015258789,94.41999816894531,94.41999816894531,747400
2024-09-26,96.05999755859375,97.12000274658203,95.62000274658203,96.7300033569336,96.7300033569336,640800
2024-09-27,97.70999908447266,99.26000213623047,97.58000183105469,98.30999755859375,98.30999755859375,659200
2024-09-30,98.5,99.30000305175781,97.22000122070312,97.86000061035156,97.86000061035156,784200
2024-10-01,97.68000030517578,99.11000061035156,95.98999786376953,98.5,98.5,816500
2024-10-02,98.44999694824219,99.44000244140625,97.79000091552734,98.12999725341797,98.12999725341797,643800
2024-10-03,97.37999725341797,97.4800033569336,95.37000274658203,96.2699966430664,96.2699966430664,640500
2024-10-04,97.5199966430664,97.6500015258789,96.6500015258789,97.44999694824219,97.44999694824219,450800
2024-10-07,97.19000244140625,97.45999908447266,96.25,96.83999633789062,96.83999633789062,423800
2024-10-08,96.12999725341797,97.1500015258789,94.05000305175781,95.08000183105469,95.08000183105469,586700
2024-10-09,95.0999984741211,97.44000244140625,95.0999984741211,97.12999725341797,97.12999725341797,362900
2024-10-10,96.68000030517578,98.1500015258789,95.70999908447266,97.86000061035156,97.86000061035156,612700
2024-10-11,97.37999725341797,99.95999908447266,97.37999725341797,99.55999755859375,99.55999755859375,494000
2024-10-14,98.7300033569336,99.33000183105469,97.41999816894531,99.27999877929688,99.27999877929688,609900
2024-10-15,98.5199966430664,100.30000305175781,98.5199966430664,98.75,98.75,895400
2024-10-16,99.7300033569336,101.83999633789062,99.12000274658203,100.08000183105469,100.08000183105469,646000
2024-10-17,100.37999725341797,101.0999984741211,99.37000274658203,100.87000274658203,100.87000274658203,704500
2024-10-18,101.33999633789062,102.29000091552734,100.31999969482422,101.73999786376953,101.73999786376953,726600
2024-10-21,101.51000213623047,101.68000030517578,98.5,98.62000274658203,98.62000274658203,595400
2024-10-22,98.73999786376953,99.43000030517578,97.25,98.62999725341797,98.62999725341797,581700
2024-10-23,98.4800033569336,99.75,98.29000091552734,99.5999984741211,99.5999984741211,1024400
2024-10-24,99.69999694824219,100.23999786376953,98.3499984741211,100.06999969482422,100.06999969482422,517200
2024-10-25,100.75,101.5199966430664,100.05000305175781,100.41999816894531,100.41999816894531,539500
2024-10-28,100.8499984741211,102.73999786376953,100.8499984741211,101.88999938964844,101.88999938964844,529800
2024-10-29,101.31999969482422,101.38999938964844,99.83000183105469,100.2300033569336,100.2300033569336,721800
2024-10-30,99.45999908447266,101.87999725341797,99.45999908447266,100.51000213623047,100.51000213623047,691900
2024-10-31,100.27999877929688,101.0199966430664,99.05999755859375,99.83999633789062,99.83999633789062,622000
2024-11-01,99.93000030517578,101.44999694824219,99.30000305175781,99.38999938964844,99.38999938964844,592300
2024-11-04,99.66999816894531,100.69000244140625,96.94000244140625,97.87000274658203,97.87000274658203,1089500
2024-11-05,95.91000366210938,97.30999755859375,87.55999755859375,90.2300033569336,90.2300033569336,2241600
