Date,Open,High,Low,Close,Adj Close,Volume
2022-04-13,4.699999809265137,4.900000095367432,4.5,4.849999904632568,4.849999904632568,3116200
2022-04-14,4.699999809265137,4.900000095367432,4.579999923706055,4.78000020980835,4.78000020980835,372000
2022-04-18,4.599999904632568,4.668000221252441,4.460000038146973,4.5,4.5,145100
2022-04-19,4.5,4.800000190734863,4.449999809265137,4.75,4.75,319900
2022-04-20,4.75,4.769999980926514,4.599999904632568,4.699999809265137,4.699999809265137,211900
2022-04-21,4.610000133514404,4.78000020980835,4.039999961853027,4.110000133514404,4.110000133514404,371300
2022-04-22,4.03000020980835,4.099999904632568,4.0,4.019999980926514,4.019999980926514,231300
2022-04-25,4.0,4.070000171661377,3.9000000953674316,4.0,4.0,128100
2022-04-26,4.03000020980835,4.03000020980835,3.7950000762939453,3.799999952316284,3.799999952316284,201000
2022-04-27,3.75,3.8399999141693115,3.5,3.5799999237060547,3.5799999237060547,214000
2022-04-28,3.5,3.630000114440918,3.4000000953674316,3.430000066757202,3.430000066757202,149100
2022-04-29,3.4000000953674316,3.5,3.299999952316284,3.359999895095825,3.359999895095825,70800
2022-05-02,3.369999885559082,3.390000104904175,2.9000000953674316,2.950000047683716,2.950000047683716,355900
2022-05-03,2.950000047683716,3.003000020980835,2.7639999389648438,2.950000047683716,2.950000047683716,89200
2022-05-04,2.940000057220459,3.240000009536743,2.9000000953674316,3.2200000286102295,3.2200000286102295,62300
2022-05-05,3.2699999809265137,3.490000009536743,3.119999885559082,3.369999885559082,3.369999885559082,69800
2022-05-06,3.430000066757202,3.5399999618530273,3.0,3.5399999618530273,3.5399999618530273,137100
2022-05-09,3.509999990463257,3.5199999809265137,2.809999942779541,2.819999933242798,2.819999933242798,148600
2022-05-10,2.9100000858306885,2.9800000190734863,2.5,2.5899999141693115,2.5899999141693115,175600
2022-05-11,2.4800000190734863,2.5999999046325684,2.380000114440918,2.450000047683716,2.450000047683716,189800
2022-05-12,2.259999990463257,2.2799999713897705,1.7699999809265137,1.7999999523162842,1.7999999523162842,295000
2022-05-13,1.7300000190734863,1.9889999628067017,1.7300000190734863,1.7999999523162842,1.7999999523162842,543500
2022-05-16,1.899999976158142,2.180000066757202,1.8899999856948853,2.180000066757202,2.180000066757202,211500
2022-05-17,2.180000066757202,2.5899999141693115,2.0999999046325684,2.5,2.5,617500
2022-05-18,2.4800000190734863,2.6500000953674316,2.450000047683716,2.5399999618530273,2.5399999618530273,242500
2022-05-19,2.4700000286102295,3.247999906539917,2.3610000610351562,3.0899999141693115,3.0899999141693115,252400
2022-05-20,3.4000000953674316,4.25,3.119999885559082,3.6500000953674316,3.6500000953674316,2314500
2022-05-23,3.619999885559082,3.9700000286102295,3.549999952316284,3.559999942779541,3.559999942779541,609200
2022-05-24,3.6500000953674316,3.9000000953674316,3.569999933242798,3.6600000858306885,3.6600000858306885,221500
2022-05-25,3.6500000953674316,3.7880001068115234,3.4200000762939453,3.7699999809265137,3.7699999809265137,300200
2022-05-26,3.799999952316284,3.819999933242798,3.7300000190734863,3.799999952316284,3.799999952316284,164800
2022-05-27,3.819999933242798,4.679999828338623,3.7809998989105225,4.599999904632568,4.599999904632568,611000
2022-05-31,4.739999771118164,4.980000019073486,4.710000038146973,4.829999923706055,4.829999923706055,761800
2022-06-01,4.949999809265137,4.949999809265137,4.349999904632568,4.860000133514404,4.860000133514404,389600
2022-06-02,4.900000095367432,5.0,4.5,4.800000190734863,4.800000190734863,386300
2022-06-03,4.869999885559082,4.869999885559082,4.199999809265137,4.349999904632568,4.349999904632568,219000
2022-06-06,4.360000133514404,4.460000038146973,3.609999895095825,3.7899999618530273,3.7899999618530273,435300
2022-06-07,3.7300000190734863,3.9600000381469727,3.559999942779541,3.8399999141693115,3.8399999141693115,381100
2022-06-08,3.5999999046325684,4.159999847412109,3.5399999618530273,3.9800000190734863,3.9800000190734863,228800
2022-06-09,3.950000047683716,4.039999961853027,3.4200000762939453,3.450000047683716,3.450000047683716,144600
2022-06-10,3.2899999618530273,3.309999942779541,2.6500000953674316,2.740000009536743,2.740000009536743,418900
2022-06-13,2.1500000953674316,2.1500000953674316,1.2000000476837158,1.2999999523162842,1.2999999523162842,3404100
2022-06-14,1.2599999904632568,1.2599999904632568,0.9800000190734863,1.0299999713897705,1.0299999713897705,2511000
2022-06-15,1.0199999809265137,1.0800000429153442,0.949999988079071,1.0099999904632568,1.0099999904632568,1502900
2022-06-16,1.0,1.0499999523162842,0.949999988079071,1.0299999713897705,1.0299999713897705,845500
2022-06-17,1.0299999713897705,1.0800000429153442,1.0199999809265137,1.0800000429153442,1.0800000429153442,700700
2022-06-21,1.1399999856948853,1.2899999618530273,1.1399999856948853,1.2100000381469727,1.2100000381469727,1390600
2022-06-22,1.100000023841858,1.2300000190734863,1.090000033378601,1.2000000476837158,1.2000000476837158,915700
2022-06-23,1.2300000190734863,1.2400000095367432,1.0499999523162842,1.090000033378601,1.090000033378601,884400
2022-06-24,1.100000023841858,1.1699999570846558,1.0800000429153442,1.1699999570846558,1.1699999570846558,1354000
2022-06-27,1.149999976158142,1.1699999570846558,1.059999942779541,1.0700000524520874,1.0700000524520874,408100
2022-06-28,1.0700000524520874,1.1699999570846558,1.059999942779541,1.149999976158142,1.149999976158142,901200
2022-06-29,1.149999976158142,1.159999966621399,1.090000033378601,1.100000023841858,1.100000023841858,705800
2022-06-30,1.0800000429153442,1.0800000429153442,1.0399999618530273,1.0499999523162842,1.0499999523162842,690500
2022-07-01,1.0700000524520874,1.0700000524520874,0.9200000166893005,0.9649999737739563,0.9649999737739563,544800
2022-07-05,0.9900000095367432,1.0199999809265137,0.9300000071525574,1.0199999809265137,1.0199999809265137,287200
2022-07-06,1.0,1.0369999408721924,0.949999988079071,0.9879999756813049,0.9879999756813049,171900
2022-07-07,0.9800000190734863,1.1200000047683716,0.9520000219345093,1.100000023841858,1.100000023841858,2063300
2022-07-08,1.090000033378601,1.1399999856948853,1.0199999809265137,1.059999942779541,1.059999942779541,369700
2022-07-11,1.059999942779541,1.1399999856948853,1.0399999618530273,1.059999942779541,1.059999942779541,613200
2022-07-12,1.0499999523162842,1.0499999523162842,0.9800000190734863,0.9860000014305115,0.9860000014305115,402400
2022-07-13,0.9900000095367432,0.9900000095367432,0.8500000238418579,0.8799999952316284,0.8799999952316284,1003000
2022-07-14,0.9200000166893005,0.9200000166893005,0.8759999871253967,0.8980000019073486,0.8980000019073486,192300
2022-07-15,0.9190000295639038,1.0499999523162842,0.8899999856948853,1.0399999618530273,1.0399999618530273,735200
2022-07-18,1.0700000524520874,1.1100000143051147,1.0299999713897705,1.059999942779541,1.059999942779541,6803000
2022-07-19,1.3600000143051147,2.1500000953674316,1.350000023841858,2.119999885559082,2.119999885559082,131949600
2022-07-20,2.2899999618530273,2.950000047683716,2.200000047683716,2.490000009536743,2.490000009536743,93203700
2022-07-21,2.0399999618530273,2.4200000762939453,2.0,2.25,2.25,10922200
2022-07-22,2.630000114440918,2.6500000953674316,2.0199999809265137,2.130000114440918,2.130000114440918,19125400
2022-07-25,1.9700000286102295,2.069999933242798,1.8200000524520874,1.940000057220459,1.940000057220459,3199200
2022-07-26,1.8300000429153442,1.9500000476837158,1.659999966621399,1.8600000143051147,1.8600000143051147,2864700
2022-07-27,1.8899999856948853,2.200000047683716,1.8600000143051147,2.1600000858306885,2.1600000858306885,5295300
2022-07-28,2.190000057220459,2.259999990463257,1.9700000286102295,2.200000047683716,2.200000047683716,5515700
2022-07-29,2.180000066757202,2.2899999618530273,1.940000057220459,2.119999885559082,2.119999885559082,3155500
2022-08-01,1.9600000381469727,2.319999933242798,1.9600000381469727,2.25,2.25,2087500
2022-08-02,2.200000047683716,2.440000057220459,2.1619999408721924,2.359999895095825,2.359999895095825,2712800
2022-08-03,2.319999933242798,2.390000104904175,2.2100000381469727,2.319999933242798,2.319999933242798,1515400
2022-08-04,2.25,2.509999990463257,2.130000114440918,2.180000066757202,2.180000066757202,2190400
2022-08-05,2.1700000762939453,2.190000057220459,1.899999976158142,2.0299999713897705,2.0299999713897705,2188200
2022-08-08,2.059999942779541,2.236999988555908,2.059999942779541,2.190000057220459,2.190000057220459,1238700
2022-08-09,2.190000057220459,2.190000057220459,1.9800000190734863,2.069999933242798,2.069999933242798,889700
2022-08-10,2.1700000762939453,2.2300000190734863,2.0899999141693115,2.109999895095825,2.109999895095825,1495500
2022-08-11,2.2100000381469727,2.3399999141693115,2.109999895095825,2.1500000953674316,2.1500000953674316,1696600
2022-08-12,2.1500000953674316,2.25,2.061000108718872,2.180000066757202,2.180000066757202,1376200
2022-08-15,2.1500000953674316,2.309999942779541,2.119999885559082,2.2899999618530273,2.2899999618530273,1387000
2022-08-16,2.2699999809265137,2.2750000953674316,2.0899999141693115,2.180000066757202,2.180000066757202,744200
2022-08-17,2.180000066757202,2.180000066757202,2.069999933242798,2.119999885559082,2.119999885559082,541300
2022-08-18,2.0999999046325684,2.140000104904175,2.0299999713897705,2.049999952316284,2.049999952316284,495000
2022-08-19,1.909999966621399,2.0220000743865967,1.871999979019165,1.9700000286102295,1.9700000286102295,1168300
2022-08-22,1.8899999856948853,1.909999966621399,1.774999976158142,1.8899999856948853,1.8899999856948853,618800
2022-08-23,1.9199999570846558,1.9700000286102295,1.840000033378601,1.909999966621399,1.909999966621399,521200
2022-08-24,1.9600000381469727,2.0199999809265137,1.899999976158142,1.9800000190734863,1.9800000190734863,406600
2022-08-25,1.9700000286102295,2.0199999809265137,1.8849999904632568,1.9199999570846558,1.9199999570846558,367500
2022-08-26,1.9500000476837158,2.119999885559082,1.9500000476837158,2.059999942779541,2.059999942779541,815000
2022-08-29,1.9900000095367432,2.140000104904175,1.9900000095367432,2.140000104904175,2.140000104904175,414600
2022-08-30,2.140000104904175,2.140000104904175,2.0230000019073486,2.0799999237060547,2.0799999237060547,440500
2022-08-31,2.069999933242798,2.380000114440918,2.059999942779541,2.369999885559082,2.369999885559082,969400
2022-09-01,2.3399999141693115,2.359999895095825,2.130000114440918,2.190000057220459,2.190000057220459,579600
2022-09-02,2.259999990463257,2.299999952316284,2.200000047683716,2.240000009536743,2.240000009536743,391700
2022-09-06,2.240000009536743,2.259999990463257,1.9199999570846558,2.0999999046325684,2.0999999046325684,769900
2022-09-07,2.109999895095825,2.119999885559082,1.940000057220459,2.109999895095825,2.109999895095825,514800
2022-09-08,2.049999952316284,2.109999895095825,1.996000051498413,2.0899999141693115,2.0899999141693115,326200
2022-09-09,2.1500000953674316,2.299999952316284,2.1500000953674316,2.259999990463257,2.259999990463257,596800
2022-09-12,2.309999942779541,2.369999885559082,2.259999990463257,2.319999933242798,2.319999933242798,369100
2022-09-13,2.200000047683716,2.2100000381469727,2.0739998817443848,2.0899999141693115,2.0899999141693115,444600
2022-09-14,2.130000114440918,2.130000114440918,2.059999942779541,2.109999895095825,2.109999895095825,261500
2022-09-15,2.109999895095825,2.109999895095825,1.9700000286102295,1.9800000190734863,1.9800000190734863,340200
2022-09-16,1.940000057220459,2.2100000381469727,1.899999976158142,2.1500000953674316,2.1500000953674316,1098500
2022-09-19,2.009999990463257,2.130000114440918,1.9299999475479126,2.0799999237060547,2.0799999237060547,461600
2022-09-20,2.0199999809265137,2.069999933242798,1.9900000095367432,2.059999942779541,2.059999942779541,505100
2022-09-21,2.0299999713897705,2.0399999618530273,1.840000033378601,1.9199999570846558,1.9199999570846558,889700
2022-09-22,1.9299999475479126,1.9299999475479126,1.7100000381469727,1.7599999904632568,1.7599999904632568,417500
2022-09-23,1.7100000381469727,1.7300000190734863,1.4500000476837158,1.590000033378601,1.590000033378601,714200
2022-09-26,1.590000033378601,1.649999976158142,1.5499999523162842,1.590000033378601,1.590000033378601,389500
2022-09-27,1.659999966621399,1.7599999904632568,1.6299999952316284,1.7300000190734863,1.7300000190734863,1073800
2022-09-28,1.7400000095367432,1.7799999713897705,1.6950000524520874,1.7400000095367432,1.7400000095367432,334800
2022-09-29,1.7000000476837158,1.7100000381469727,1.5299999713897705,1.600000023841858,1.600000023841858,431900
2022-09-30,1.590000033378601,1.809999942779541,1.590000033378601,1.7000000476837158,1.7000000476837158,436400
2022-10-03,1.7200000286102295,1.7799999713897705,1.6200000047683716,1.7300000190734863,1.7300000190734863,447200
2022-10-04,1.75,1.809999942779541,1.7100000381469727,1.7300000190734863,1.7300000190734863,593000
2022-10-05,1.7300000190734863,1.7300000190734863,1.621000051498413,1.649999976158142,1.649999976158142,235700
2022-10-06,1.649999976158142,1.7100000381469727,1.600000023841858,1.6200000047683716,1.6200000047683716,368600
2022-10-07,1.6200000047683716,1.625,1.5,1.5499999523162842,1.5499999523162842,432100
2022-10-10,1.590000033378601,1.649999976158142,1.534999966621399,1.600000023841858,1.600000023841858,281300
2022-10-11,1.600000023841858,1.7200000286102295,1.5299999713897705,1.6799999475479126,1.6799999475479126,610000
2022-10-12,1.600000023841858,1.75,1.600000023841858,1.7400000095367432,1.7400000095367432,385300
2022-10-13,1.6299999952316284,1.940000057220459,1.6299999952316284,1.9299999475479126,1.9299999475479126,685600
2022-10-14,1.940000057220459,2.0899999141693115,1.875,1.9299999475479126,1.9299999475479126,999800
2022-10-17,2.009999990463257,2.049999952316284,1.9600000381469727,2.0399999618530273,2.0399999618530273,596700
2022-10-18,2.049999952316284,2.194999933242798,2.049999952316284,2.109999895095825,2.109999895095825,464100
2022-10-19,2.109999895095825,2.180000066757202,2.069999933242798,2.0999999046325684,2.0999999046325684,395600
2022-10-20,2.069999933242798,2.119999885559082,1.940000057220459,2.049999952316284,2.049999952316284,398100
2022-10-21,2.0399999618530273,2.075000047683716,1.9500000476837158,2.009999990463257,2.009999990463257,305100
2022-10-24,1.9900000095367432,2.0799999237060547,1.9299999475479126,2.069999933242798,2.069999933242798,317800
2022-10-25,2.0899999141693115,2.25,2.0799999237060547,2.2100000381469727,2.2100000381469727,697000
2022-10-26,2.2100000381469727,2.3399999141693115,2.140000104904175,2.200000047683716,2.200000047683716,561300
2022-10-27,2.25,2.3299999237060547,2.190000057220459,2.200000047683716,2.200000047683716,537800
2022-10-28,2.1700000762939453,2.259999990463257,2.125,2.2200000286102295,2.2200000286102295,335100
2022-10-31,2.2300000190734863,2.25,2.1449999809265137,2.25,2.25,336100
2022-11-01,2.259999990463257,2.299999952316284,2.180000066757202,2.2899999618530273,2.2899999618530273,409000
2022-11-02,2.2699999809265137,2.2699999809265137,2.0799999237060547,2.259999990463257,2.259999990463257,611300
2022-11-03,2.190000057220459,2.2899999618530273,2.190000057220459,2.25,2.25,450400
2022-11-04,2.2799999713897705,2.444999933242798,2.25,2.4100000858306885,2.4100000858306885,586300
2022-11-07,2.4000000953674316,2.549999952316284,2.309999942779541,2.5299999713897705,2.5299999713897705,841500
2022-11-08,2.549999952316284,2.625,2.309999942779541,2.359999895095825,2.359999895095825,1043300
2022-11-09,2.3499999046325684,2.390000104904175,1.9600000381469727,1.9700000286102295,1.9700000286102295,818600
2022-11-10,2.1600000858306885,2.240000009536743,2.0409998893737793,2.0999999046325684,2.0999999046325684,721000
2022-11-11,2.1500000953674316,2.359999895095825,2.0390000343322754,2.3399999141693115,2.3399999141693115,2121300
2022-11-14,2.299999952316284,2.3499999046325684,2.200000047683716,2.3499999046325684,2.3499999046325684,1115000
2022-11-15,2.4100000858306885,2.4800000190734863,2.3499999046325684,2.450000047683716,2.450000047683716,872400
2022-11-16,2.4200000762939453,2.5,2.369999885559082,2.4700000286102295,2.4700000286102295,652900
2022-11-17,2.4200000762939453,2.5,2.369999885559082,2.430000066757202,2.430000066757202,400500
2022-11-18,2.4700000286102295,2.4800000190734863,2.190000057220459,2.200000047683716,2.200000047683716,296300
2022-11-21,2.180000066757202,2.253000020980835,2.0899999141693115,2.140000104904175,2.140000104904175,663400
2022-11-22,2.180000066757202,2.180000066757202,2.0299999713897705,2.109999895095825,2.109999895095825,595300
2022-11-23,2.190000057220459,2.2950000762939453,2.0899999141693115,2.240000009536743,2.240000009536743,642200
2022-11-25,2.240000009536743,2.259999990463257,2.1449999809265137,2.240000009536743,2.240000009536743,333700
2022-11-28,2.200000047683716,2.2300000190734863,1.9199999570846558,2.0,2.0,719400
2022-11-29,2.0299999713897705,2.119999885559082,1.9700000286102295,2.009999990463257,2.009999990463257,373000
2022-11-30,2.049999952316284,2.049999952316284,1.8300000429153442,1.9500000476837158,1.9500000476837158,745000
2022-12-01,1.9900000095367432,2.059999942779541,1.8899999856948853,1.909999966621399,1.909999966621399,317700
2022-12-02,1.909999966621399,1.9500000476837158,1.8300000429153442,1.8899999856948853,1.8899999856948853,674900
2022-12-05,1.9199999570846558,1.9600000381469727,1.8700000047683716,1.9199999570846558,1.9199999570846558,474900
2022-12-06,1.9299999475479126,1.9500000476837158,1.7799999713897705,1.7999999523162842,1.7999999523162842,537700
2022-12-07,1.8200000524520874,1.850000023841858,1.600000023841858,1.600000023841858,1.600000023841858,574000
2022-12-08,1.6100000143051147,1.7200000286102295,1.600000023841858,1.6399999856948853,1.6399999856948853,329000
2022-12-09,1.6399999856948853,1.690000057220459,1.5850000381469727,1.590000033378601,1.590000033378601,413800
2022-12-12,1.649999976158142,1.8600000143051147,1.6089999675750732,1.7000000476837158,1.7000000476837158,603200
2022-12-13,1.75,1.8300000429153442,1.534999966621399,1.600000023841858,1.600000023841858,886100
2022-12-14,1.600000023841858,1.659999966621399,1.5499999523162842,1.6299999952316284,1.6299999952316284,1077700
2022-12-15,1.559999942779541,1.6299999952316284,1.4800000190734863,1.6100000143051147,1.6100000143051147,1282800
2022-12-16,1.6200000047683716,1.690000057220459,1.5329999923706055,1.6100000143051147,1.6100000143051147,6617100
2022-12-19,1.600000023841858,1.659999966621399,1.4500000476837158,1.5099999904632568,1.5099999904632568,979500
2022-12-20,1.5099999904632568,1.6200000047683716,1.5,1.6100000143051147,1.6100000143051147,866900
2022-12-21,1.6299999952316284,1.7200000286102295,1.5700000524520874,1.7100000381469727,1.7100000381469727,354900
2022-12-22,1.7300000190734863,1.9199999570846558,1.6449999809265137,1.9199999570846558,1.9199999570846558,581800
2022-12-23,1.9199999570846558,1.9199999570846558,1.7999999523162842,1.9199999570846558,1.9199999570846558,388000
2022-12-27,1.940000057220459,1.940000057220459,1.7999999523162842,1.8300000429153442,1.8300000429153442,256600
2022-12-28,1.7999999523162842,1.8600000143051147,1.7450000047683716,1.7699999809265137,1.7699999809265137,275100
2022-12-29,1.7999999523162842,1.9199999570846558,1.7699999809265137,1.8799999952316284,1.8799999952316284,370700
2022-12-30,1.8600000143051147,1.940000057220459,1.8200000524520874,1.840000033378601,1.840000033378601,479800
2023-01-03,1.8899999856948853,1.9600000381469727,1.7799999713897705,1.840000033378601,1.840000033378601,299800
2023-01-04,1.8600000143051147,1.899999976158142,1.7999999523162842,1.8300000429153442,1.8300000429153442,411300
2023-01-05,1.8300000429153442,1.840000033378601,1.7400000095367432,1.7899999618530273,1.7899999618530273,279200
2023-01-06,1.7899999618530273,1.8700000047683716,1.6100000143051147,1.8600000143051147,1.8600000143051147,394800
2023-01-09,1.909999966621399,2.2049999237060547,1.8600000143051147,2.0799999237060547,2.0799999237060547,753900
2023-01-10,2.0199999809265137,2.190000057220459,1.9500000476837158,2.1700000762939453,2.1700000762939453,579300
2023-01-11,2.130000114440918,2.244999885559082,2.0299999713897705,2.0999999046325684,2.0999999046325684,633000
2023-01-12,2.109999895095825,2.240000009536743,2.0799999237060547,2.200000047683716,2.200000047683716,852300
2023-01-13,2.2300000190734863,2.299999952316284,2.0820000171661377,2.140000104904175,2.140000104904175,1512500
2023-01-17,2.2200000286102295,2.309999942779541,2.1600000858306885,2.25,2.25,1010600
2023-01-18,2.25,2.430000066757202,2.25,2.359999895095825,2.359999895095825,887500
2023-01-19,2.3299999237060547,2.450000047683716,2.299999952316284,2.4200000762939453,2.4200000762939453,694300
2023-01-20,2.4200000762939453,2.4700000286102295,2.309999942779541,2.4000000953674316,2.4000000953674316,765900
2023-01-23,2.359999895095825,2.430000066757202,2.2750000953674316,2.3399999141693115,2.3399999141693115,764900
2023-01-24,2.319999933242798,2.549999952316284,2.299999952316284,2.509999990463257,2.509999990463257,1436100
2023-01-25,2.450000047683716,2.515000104904175,2.359999895095825,2.4800000190734863,2.4800000190734863,683700
2023-01-26,2.549999952316284,2.859999895095825,2.5199999809265137,2.630000114440918,2.630000114440918,1531400
2023-01-27,2.640000104904175,3.3299999237060547,2.5999999046325684,3.200000047683716,3.200000047683716,2969200
2023-01-30,3.3299999237060547,3.569999933242798,3.0299999713897705,3.200000047683716,3.200000047683716,2898200
2023-01-31,3.180000066757202,3.319999933242798,2.984999895095825,3.0999999046325684,3.0999999046325684,1810300
2023-02-01,3.0799999237060547,3.3450000286102295,2.9800000190734863,3.2799999713897705,3.2799999713897705,1136400
2023-02-02,3.319999933242798,3.734999895095825,3.180000066757202,3.3299999237060547,3.3299999237060547,1825900
2023-02-03,3.2799999713897705,3.4649999141693115,3.25,3.2899999618530273,3.2899999618530273,602200
2023-02-06,3.240000009536743,3.2699999809265137,3.049999952316284,3.2100000381469727,3.2100000381469727,621500
2023-02-07,3.0999999046325684,3.3299999237060547,3.0799999237060547,3.319999933242798,3.319999933242798,757600
2023-02-08,3.319999933242798,3.549999952316284,3.2799999713897705,3.4100000858306885,3.4100000858306885,1199400
2023-02-09,3.4100000858306885,3.494999885559082,3.1019999980926514,3.130000114440918,3.130000114440918,780500
2023-02-10,3.130000114440918,3.2149999141693115,3.0,3.1600000858306885,3.1600000858306885,570500
2023-02-13,3.119999885559082,3.1730000972747803,3.0,3.0250000953674316,3.0250000953674316,715900
2023-02-14,3.0,3.0850000381469727,2.8299999237060547,2.950000047683716,2.950000047683716,1063400
2023-02-15,2.9100000858306885,3.109999895095825,2.9000000953674316,3.0799999237060547,3.0799999237060547,638800
2023-02-16,3.049999952316284,3.1600000858306885,2.9200000762939453,3.0,3.0,691800
2023-02-17,3.0399999618530273,3.140000104904175,2.859999895095825,3.130000114440918,3.130000114440918,695500
2023-02-21,3.069999933242798,3.119999885559082,2.825000047683716,2.869999885559082,2.869999885559082,975900
2023-02-22,2.869999885559082,2.9600000381469727,2.740000009536743,2.9000000953674316,2.9000000953674316,526300
2023-02-23,2.9000000953674316,2.950000047683716,2.7850000858306885,2.8499999046325684,2.8499999046325684,384300
2023-02-24,2.799999952316284,2.8399999141693115,2.5799999237060547,2.619999885559082,2.619999885559082,761800
2023-02-27,2.6600000858306885,2.7049999237060547,2.549999952316284,2.5999999046325684,2.5999999046325684,776800
2023-02-28,2.569999933242798,2.740000009536743,2.566999912261963,2.6500000953674316,2.6500000953674316,776900
2023-03-01,2.619999885559082,2.765000104904175,2.5299999713897705,2.7100000381469727,2.7100000381469727,508200
2023-03-02,2.7100000381469727,2.7100000381469727,2.5899999141693115,2.630000114440918,2.630000114440918,287300
2023-03-03,2.619999885559082,2.7100000381469727,2.575000047683716,2.680000066757202,2.680000066757202,443000
2023-03-06,2.6600000858306885,2.680000066757202,2.4809999465942383,2.509999990463257,2.509999990463257,908300
2023-03-07,2.6500000953674316,2.6500000953674316,2.380000114440918,2.390000104904175,2.390000104904175,751900
2023-03-08,2.430000066757202,2.430000066757202,2.234999895095825,2.25,2.25,863100
2023-03-09,2.2300000190734863,2.2799999713897705,1.9950000047683716,2.0250000953674316,2.0250000953674316,772000
2023-03-10,1.9700000286102295,2.0299999713897705,1.840000033378601,1.8700000047683716,1.8700000047683716,834900
2023-03-13,1.7999999523162842,1.9450000524520874,1.7400000095367432,1.899999976158142,1.899999976158142,959000
2023-03-14,2.049999952316284,2.140000104904175,1.9299999475479126,1.9500000476837158,1.9500000476837158,664600
2023-03-15,1.8799999952316284,1.9850000143051147,1.8650000095367432,1.9600000381469727,1.9600000381469727,659600
2023-03-16,1.899999976158142,2.0299999713897705,1.8899999856948853,1.9900000095367432,1.9900000095367432,539200
2023-03-17,1.9299999475479126,2.0399999618530273,1.9299999475479126,2.0,2.0,1329200
2023-03-20,2.0799999237060547,2.0899999141693115,1.9700000286102295,2.0299999713897705,2.0299999713897705,655400
2023-03-21,2.049999952316284,2.299999952316284,2.046999931335449,2.2100000381469727,2.2100000381469727,640200
2023-03-22,2.2100000381469727,2.3499999046325684,2.119999885559082,2.119999885559082,2.119999885559082,785900
2023-03-23,2.140000104904175,2.2200000286102295,2.049999952316284,2.069999933242798,2.069999933242798,716500
2023-03-24,2.069999933242798,2.1449999809265137,2.0299999713897705,2.049999952316284,2.049999952316284,794700
2023-03-27,2.059999942779541,2.0999999046325684,2.0350000858306885,2.059999942779541,2.059999942779541,233600
2023-03-28,2.0399999618530273,2.0899999141693115,1.9900000095367432,2.0399999618530273,2.0399999618530273,460400
2023-03-29,2.0799999237060547,2.1730000972747803,2.049999952316284,2.0899999141693115,2.0899999141693115,349700
2023-03-30,2.130000114440918,2.2100000381469727,2.109999895095825,2.190000057220459,2.190000057220459,563200
2023-03-31,2.240000009536743,2.255000114440918,2.190000057220459,2.240000009536743,2.240000009536743,577400
2023-04-03,2.2699999809265137,2.369999885559082,2.2200000286102295,2.3499999046325684,2.3499999046325684,425400
2023-04-04,2.359999895095825,2.359999895095825,2.180000066757202,2.2200000286102295,2.2200000286102295,440300
2023-04-05,2.1700000762939453,2.2300000190734863,2.0799999237060547,2.1500000953674316,2.1500000953674316,772500
2023-04-06,2.0999999046325684,2.509999990463257,2.059999942779541,2.5,2.5,876100
2023-04-10,2.490000009536743,2.680000066757202,2.3499999046325684,2.640000104904175,2.640000104904175,1472600
2023-04-11,2.640000104904175,3.115000009536743,2.640000104904175,3.0299999713897705,3.0299999713897705,1549000
2023-04-12,3.0999999046325684,3.25,2.9700000286102295,3.1500000953674316,3.1500000953674316,1949000
2023-04-13,3.2100000381469727,3.6600000858306885,3.1700000762939453,3.5399999618530273,3.5399999618530273,2461900
2023-04-14,3.5999999046325684,3.634999990463257,3.299999952316284,3.5350000858306885,3.5350000858306885,1280000
2023-04-17,3.5199999809265137,3.7799999713897705,3.4539999961853027,3.7300000190734863,3.7300000190734863,1475300
2023-04-18,3.759999990463257,3.7950000762939453,3.494999885559082,3.5299999713897705,3.5299999713897705,768200
2023-04-19,3.440000057220459,3.5399999618530273,3.369999885559082,3.4600000381469727,3.4600000381469727,447000
2023-04-20,3.390000104904175,3.390000104904175,3.180000066757202,3.2300000190734863,3.2300000190734863,755000
2023-04-21,3.2899999618530273,3.2950000762939453,3.055000066757202,3.190000057220459,3.190000057220459,631900
2023-04-24,3.180000066757202,3.190000057220459,2.9749999046325684,2.990000009536743,2.990000009536743,643500
2023-04-25,2.9200000762939453,3.0899999141693115,2.869999885559082,3.059999942779541,3.059999942779541,581100
2023-04-26,3.109999895095825,3.240000009536743,3.069999933242798,3.119999885559082,3.119999885559082,714500
2023-04-27,3.119999885559082,3.3299999237060547,3.119999885559082,3.200000047683716,3.200000047683716,562800
2023-04-28,3.2100000381469727,3.25,3.0250000953674316,3.200000047683716,3.200000047683716,541000
2023-05-01,3.130000114440918,3.2899999618530273,3.0399999618530273,3.0999999046325684,3.0999999046325684,391600
2023-05-02,3.069999933242798,3.194999933242798,2.9549999237060547,3.1700000762939453,3.1700000762939453,387500
2023-05-03,3.180000066757202,3.25,3.119999885559082,3.119999885559082,3.119999885559082,349800
2023-05-04,3.0799999237060547,3.3399999141693115,3.0399999618530273,3.240000009536743,3.240000009536743,688600
2023-05-05,3.309999942779541,3.434999942779541,3.234999895095825,3.390000104904175,3.390000104904175,485400
2023-05-08,3.4100000858306885,3.4749999046325684,3.2699999809265137,3.390000104904175,3.390000104904175,377000
2023-05-09,3.390000104904175,3.505000114440918,3.2699999809265137,3.4100000858306885,3.4100000858306885,349000
2023-05-10,3.5,3.765000104904175,3.450000047683716,3.6600000858306885,3.6600000858306885,858600
2023-05-11,3.6700000762939453,3.690000057220459,3.450000047683716,3.490000009536743,3.490000009536743,455800
2023-05-12,3.490000009536743,3.5329999923706055,2.880000114440918,2.880000114440918,2.880000114440918,1279200
2023-05-15,2.9800000190734863,3.434999942779541,2.9700000286102295,3.4149999618530273,3.4149999618530273,1180300
2023-05-16,4.860000133514404,6.25,4.349999904632568,6.110000133514404,6.110000133514404,79376400
2023-05-17,5.860000133514404,7.269999980926514,5.630000114440918,7.050000190734863,7.050000190734863,26831300
2023-05-18,6.760000228881836,8.420000076293945,6.610000133514404,7.389999866485596,7.389999866485596,15390100
2023-05-19,7.610000133514404,8.649999618530273,6.739999771118164,8.569999694824219,8.569999694824219,11368600
2023-05-22,8.510000228881836,8.989999771118164,7.789999961853027,8.40999984741211,8.40999984741211,6138400
2023-05-23,8.40999984741211,8.6899995803833,7.320000171661377,7.940000057220459,7.940000057220459,4016300
2023-05-24,7.78000020980835,9.369999885559082,7.730000019073486,9.09000015258789,9.09000015258789,6181700
2023-05-25,10.130000114440918,10.25,8.149999618530273,8.869999885559082,8.869999885559082,5082000
2023-05-26,8.90999984741211,9.34000015258789,7.849999904632568,7.929999828338623,7.929999828338623,2984500
2023-05-30,8.050000190734863,9.489999771118164,7.929999828338623,9.229999542236328,9.229999542236328,4325600
2023-05-31,8.930000305175781,8.958999633789062,8.0,8.369999885559082,8.369999885559082,3464900
2023-06-01,8.34000015258789,9.25,8.33899974822998,9.210000038146973,9.210000038146973,4061300
2023-06-02,9.274999618530273,9.668999671936035,8.800000190734863,9.239999771118164,9.239999771118164,2828700
2023-06-05,9.140000343322754,9.630000114440918,8.90999984741211,9.350000381469727,9.350000381469727,2290000
2023-06-06,9.34000015258789,10.069999694824219,9.010000228881836,9.6899995803833,9.6899995803833,3592700
2023-06-07,9.859999656677246,10.0,8.5,8.84000015258789,8.84000015258789,3391200
2023-06-08,9.020000457763672,9.449999809265137,8.3100004196167,9.270000457763672,9.270000457763672,3505500
2023-06-09,9.270000457763672,9.350000381469727,7.9629998207092285,7.994999885559082,7.994999885559082,3643900
2023-06-12,8.34000015258789,8.829000473022461,7.809999942779541,8.6850004196167,8.6850004196167,2692900
2023-06-13,8.729999542236328,9.029999732971191,8.270000457763672,8.8100004196167,8.8100004196167,2109600
2023-06-14,8.960000038146973,9.180000305175781,8.510000228881836,8.819999694824219,8.819999694824219,2515700
2023-06-15,8.739999771118164,9.579999923706055,8.630000114440918,9.4399995803833,9.4399995803833,2890000
2023-06-16,9.529999732971191,9.640000343322754,8.819999694824219,8.949999809265137,8.949999809265137,4135900
2023-06-20,8.989999771118164,9.289999961853027,8.529999732971191,9.279999732971191,9.279999732971191,2261700
2023-06-21,9.34000015258789,10.460000038146973,8.739999771118164,9.119999885559082,9.119999885559082,6622100
2023-06-22,9.100000381469727,10.015000343322754,9.010000228881836,9.670000076293945,9.670000076293945,4103800
2023-06-23,10.279999732971191,11.619999885559082,7.760000228881836,8.09000015258789,8.09000015258789,47975800
2023-06-26,8.819999694824219,9.800000190734863,8.140000343322754,9.1899995803833,9.1899995803833,15748900
2023-06-27,8.640000343322754,8.779999732971191,7.269999980926514,7.375,7.375,12349400
2023-06-28,7.110000133514404,7.900000095367432,6.800000190734863,7.735000133514404,7.735000133514404,8899500
2023-06-29,7.659999847412109,8.539999961853027,7.599999904632568,8.34000015258789,8.34000015258789,6564900
2023-06-30,8.600000381469727,9.5600004196167,8.479999542236328,9.350000381469727,9.350000381469727,8821000
2023-07-03,9.5,10.0,9.260000228881836,9.90999984741211,9.90999984741211,4534000
2023-07-05,9.619999885559082,10.210000038146973,8.84000015258789,8.970000267028809,8.970000267028809,8618000
2023-07-06,8.800000190734863,8.819999694824219,7.0,7.699999809265137,7.699999809265137,19268800
2023-07-07,7.75,8.430000305175781,7.65500020980835,8.369999885559082,8.369999885559082,8710100
2023-07-10,8.359999656677246,8.479999542236328,7.760000228881836,8.289999961853027,8.289999961853027,5123000
2023-07-11,8.329999923706055,8.732000350952148,8.050000190734863,8.4399995803833,8.4399995803833,4345900
2023-07-12,8.609999656677246,8.619000434875488,7.71999979019165,7.954999923706055,7.954999923706055,4822400
2023-07-13,8.020000457763672,8.335000038146973,7.831999778747559,8.09000015258789,8.09000015258789,3330300
2023-07-14,8.25,8.680000305175781,7.260000228881836,7.46999979019165,7.46999979019165,7559000
2023-07-17,7.46999979019165,7.699999809265137,7.010000228881836,7.53000020980835,7.53000020980835,3507100
2023-07-18,7.590000152587891,8.187999725341797,7.369999885559082,8.039999961853027,8.039999961853027,4140800
2023-07-19,8.125,8.451000213623047,7.889999866485596,8.399999618530273,8.399999618530273,4219700
2023-07-20,8.380000114440918,8.5,7.570000171661377,7.730000019073486,7.730000019073486,4652300
2023-07-21,7.860000133514404,8.029999732971191,7.460000038146973,7.71999979019165,7.71999979019165,4445000
2023-07-24,8.199999809265137,9.890000343322754,8.116000175476074,8.779999732971191,8.779999732971191,29679600
2023-07-25,9.029999732971191,10.810999870300293,8.8100004196167,10.239999771118164,10.239999771118164,20012400
2023-07-26,10.350000381469727,11.069999694824219,9.854999542236328,10.0,10.0,10094700
2023-07-27,10.229999542236328,10.630000114440918,9.850000381469727,9.970000267028809,9.970000267028809,6008600
2023-07-28,10.229999542236328,10.475000381469727,9.052000045776367,9.404999732971191,9.404999732971191,7123100
2023-07-31,9.449999809265137,10.100000381469727,9.270000457763672,9.579999923706055,9.579999923706055,4055200
2023-08-01,9.399999618530273,9.399999618530273,8.760000228881836,9.260000228881836,9.260000228881836,4068100
2023-08-02,8.819999694824219,9.079999923706055,8.324999809265137,8.390000343322754,8.390000343322754,3256800
2023-08-03,8.34000015258789,8.489999771118164,8.0,8.010000228881836,8.010000228881836,3565800
2023-08-04,8.0,8.100000381469727,7.710000038146973,7.789999961853027,7.789999961853027,3439100
2023-08-07,7.789999961853027,7.989999771118164,7.539999961853027,7.900000095367432,7.900000095367432,2433900
2023-08-08,7.539999961853027,8.1899995803833,7.519999980926514,7.579999923706055,7.579999923706055,4116700
2023-08-09,7.579999923706055,7.769999980926514,7.099999904632568,7.340000152587891,7.340000152587891,3551900
2023-08-10,7.28000020980835,7.288000106811523,6.940000057220459,7.150000095367432,7.150000095367432,3772300
2023-08-11,7.0,7.394999980926514,6.861000061035156,7.050000190734863,7.050000190734863,2059400
2023-08-14,6.949999809265137,7.460000038146973,6.900000095367432,7.369999885559082,7.369999885559082,2744000
2023-08-15,7.320000171661377,7.329999923706055,6.539999961853027,6.559999942779541,6.559999942779541,3584600
2023-08-16,6.539999961853027,6.71999979019165,6.329999923706055,6.434999942779541,6.434999942779541,2911900
2023-08-17,6.480000019073486,6.480000019073486,6.074999809265137,6.139999866485596,6.139999866485596,2857000
2023-08-18,5.940000057220459,6.126999855041504,5.900000095367432,6.0,6.0,2470100
2023-08-21,6.0,6.079999923706055,5.730000019073486,5.900000095367432,5.900000095367432,2460400
2023-08-22,6.690000057220459,6.940000057220459,5.989999771118164,6.139999866485596,6.139999866485596,5325600
2023-08-23,6.070000171661377,6.849999904632568,6.070000171661377,6.78000020980835,6.78000020980835,3371500
2023-08-24,6.980000019073486,7.039999961853027,5.869999885559082,5.96999979019165,5.96999979019165,4275300
2023-08-25,5.929999828338623,6.059999942779541,5.409999847412109,5.869999885559082,5.869999885559082,4178000
2023-08-28,5.920000076293945,6.010000228881836,5.650000095367432,5.789999961853027,5.789999961853027,2511400
2023-08-29,5.829999923706055,6.420000076293945,5.769999980926514,6.170000076293945,6.170000076293945,3182300
2023-08-30,6.190000057220459,6.565000057220459,6.039999961853027,6.349999904632568,6.349999904632568,1926500
2023-08-31,6.349999904632568,6.369999885559082,6.03000020980835,6.039999961853027,6.039999961853027,3129700
2023-09-01,6.070000171661377,6.198999881744385,5.75,5.78000020980835,5.78000020980835,2106500
2023-09-05,5.840000152587891,5.840000152587891,5.5,5.570000171661377,5.570000171661377,2507500
2023-09-06,5.570000171661377,5.880000114440918,5.570000171661377,5.639999866485596,5.639999866485596,1899700
2023-09-07,5.5,5.5,5.159999847412109,5.239999771118164,5.239999771118164,2811100
2023-09-08,5.239999771118164,5.329999923706055,5.025000095367432,5.179999828338623,5.179999828338623,1956100
2023-09-11,5.179999828338623,5.329999923706055,4.820000171661377,5.210000038146973,5.210000038146973,3503900
2023-09-12,5.199999809265137,5.815000057220459,5.175000190734863,5.480000019073486,5.480000019073486,3003200
2023-09-13,5.449999809265137,5.574999809265137,5.239999771118164,5.269999980926514,5.269999980926514,1796000
2023-09-14,5.329999923706055,5.590000152587891,5.25,5.400000095367432,5.400000095367432,2037200
2023-09-15,5.329999923706055,5.389999866485596,5.070000171661377,5.260000228881836,5.260000228881836,6209100
2023-09-18,5.070000171661377,5.309999942779541,4.940000057220459,4.960000038146973,4.960000038146973,4242700
2023-09-19,4.929999828338623,5.269999980926514,4.909999847412109,4.989999771118164,4.989999771118164,2269800
2023-09-20,5.010000228881836,5.429999828338623,4.980000019073486,5.239999771118164,5.239999771118164,3530700
2023-09-21,5.110000133514404,5.289999961853027,4.960000038146973,5.199999809265137,5.199999809265137,3150900
2023-09-22,5.239999771118164,5.610000133514404,5.210000038146973,5.289999961853027,5.289999961853027,2608400
2023-09-25,5.199999809265137,5.420000076293945,5.070000171661377,5.420000076293945,5.420000076293945,1922200
2023-09-26,5.300000190734863,5.690000057220459,5.269999980926514,5.679999828338623,5.679999828338623,2790800
2023-09-27,5.75,6.110000133514404,5.710999965667725,6.059999942779541,6.059999942779541,4734800
2023-09-28,6.099999904632568,6.519999980926514,5.96999979019165,6.329999923706055,6.329999923706055,3832500
2023-09-29,6.349999904632568,6.579999923706055,6.099999904632568,6.239999771118164,6.239999771118164,3006300
2023-10-02,6.25,6.570000171661377,6.070000171661377,6.130000114440918,6.130000114440918,3041100
2023-10-03,6.340000152587891,6.46999979019165,5.349999904632568,5.380000114440918,5.380000114440918,4787800
2023-10-04,5.380000114440918,5.650000095367432,5.360000133514404,5.474999904632568,5.474999904632568,2217300
2023-10-05,5.460000038146973,5.53000020980835,5.085000038146973,5.199999809265137,5.199999809265137,3611100
2023-10-06,5.019999980926514,5.230000019073486,4.929999828338623,5.170000076293945,5.170000076293945,5334100
2023-10-09,5.519999980926514,6.193999767303467,4.425000190734863,4.809999942779541,4.809999942779541,14208000
2023-10-10,4.889999866485596,5.75,4.880000114440918,5.414999961853027,5.414999961853027,7020900
2023-10-11,5.449999809265137,5.816999912261963,5.170000076293945,5.260000228881836,5.260000228881836,4551300
2023-10-12,5.239999771118164,5.400000095367432,5.010000228881836,5.170000076293945,5.170000076293945,3910300
2023-10-13,5.139999866485596,5.300000190734863,5.089000225067139,5.130000114440918,5.130000114440918,1929500
2023-10-16,5.199999809265137,5.590000152587891,5.199999809265137,5.489999771118164,5.489999771118164,4258200
2023-10-17,5.239999771118164,5.559999942779541,5.201000213623047,5.460000038146973,5.460000038146973,2201500
2023-10-18,5.289999961853027,5.434999942779541,4.789999961853027,4.855000019073486,4.855000019073486,5572700
2023-10-19,4.909999847412109,5.110000133514404,4.755000114440918,5.010000228881836,5.010000228881836,5716300
2023-10-20,5.0,5.034999847412109,4.65500020980835,4.690000057220459,4.690000057220459,4401700
2023-10-23,4.650000095367432,5.050000190734863,4.585000038146973,4.840000152587891,4.840000152587891,3489800
2023-10-24,5.070000171661377,5.190000057220459,4.889999866485596,5.070000171661377,5.070000171661377,3233000
2023-10-25,5.079999923706055,5.118000030517578,4.760000228881836,4.78000020980835,4.78000020980835,3050200
2023-10-26,4.78000020980835,4.960000038146973,4.585000038146973,4.75,4.75,2231700
2023-10-27,4.820000171661377,4.96999979019165,4.635000228881836,4.809999942779541,4.809999942779541,1776600
2023-10-30,4.820000171661377,4.900000095367432,4.480000019073486,4.579999923706055,4.579999923706055,2359400
2023-10-31,4.610000133514404,4.940000057220459,4.5,4.880000114440918,4.880000114440918,2264800
2023-11-01,4.800000190734863,4.940000057220459,4.699999809265137,4.929999828338623,4.929999828338623,1769400
2023-11-02,5.130000114440918,5.289999961853027,4.980000019073486,5.28000020980835,5.28000020980835,2423700
2023-11-03,5.349999904632568,5.570000171661377,5.28000020980835,5.460000038146973,5.460000038146973,1776500
2023-11-06,5.440000057220459,5.460000038146973,5.15500020980835,5.360000133514404,5.360000133514404,2419800
2023-11-07,5.349999904632568,5.550000190734863,5.131999969482422,5.179999828338623,5.179999828338623,2174200
2023-11-08,5.239999771118164,5.25,4.860000133514404,4.889999866485596,4.889999866485596,2440400
2023-11-09,4.940000057220459,5.130000114440918,4.735000133514404,4.75,4.75,2368400
2023-11-10,4.75,4.815000057220459,4.53000020980835,4.690000057220459,4.690000057220459,2101100
2023-11-13,4.650000095367432,4.710000038146973,3.5199999809265137,3.940000057220459,3.940000057220459,9196700
2023-11-14,4.099999904632568,4.369999885559082,3.9000000953674316,4.360000133514404,4.360000133514404,3574300
2023-11-15,4.389999866485596,4.690000057220459,4.289999961853027,4.320000171661377,4.320000171661377,2252300
2023-11-16,4.300000190734863,4.429999828338623,4.119999885559082,4.28000020980835,4.28000020980835,2702800
2023-11-17,4.380000114440918,4.380000114440918,3.9549999237060547,4.039999961853027,4.039999961853027,2847000
2023-11-20,4.090000152587891,4.449999809265137,4.090000152587891,4.389999866485596,4.389999866485596,3069200
2023-11-21,4.389999866485596,4.5289998054504395,4.335000038146973,4.46999979019165,4.46999979019165,2187000
2023-11-22,4.510000228881836,4.60099983215332,4.380000114440918,4.559999942779541,4.559999942779541,1987600
2023-11-24,4.559999942779541,4.90500020980835,4.559999942779541,4.699999809265137,4.699999809265137,1306400
2023-11-27,4.659999847412109,4.800000190734863,4.570000171661377,4.619999885559082,4.619999885559082,1427800
2023-11-28,4.599999904632568,4.949999809265137,4.579999923706055,4.829999923706055,4.829999923706055,3038000
2023-11-29,4.860000133514404,4.934999942779541,4.610000133514404,4.75,4.75,2456100
2023-11-30,4.809999942779541,4.860000133514404,4.519999980926514,4.670000076293945,4.670000076293945,2911000
2023-12-01,4.650000095367432,5.264999866485596,4.624000072479248,5.190000057220459,5.190000057220459,3545600
2023-12-04,5.320000171661377,5.829999923706055,5.289999961853027,5.5,5.5,4609800
2023-12-05,5.570000171661377,5.724999904632568,5.330999851226807,5.380000114440918,5.380000114440918,2539200
2023-12-06,5.46999979019165,5.695000171661377,5.414999961853027,5.619999885559082,5.619999885559082,2680400
2023-12-07,5.53000020980835,5.784999847412109,5.429999828338623,5.630000114440918,5.630000114440918,2105000
2023-12-08,5.710000038146973,6.610000133514404,5.695000171661377,6.579999923706055,6.579999923706055,5976600
2023-12-11,6.46999979019165,6.489999771118164,5.869999885559082,5.989999771118164,5.989999771118164,4248400
2023-12-12,6.0,6.138999938964844,5.71999979019165,5.880000114440918,5.880000114440918,2045900
2023-12-13,5.880000114440918,6.199999809265137,5.71999979019165,6.190000057220459,6.190000057220459,4860400
2023-12-14,6.28000020980835,6.889999866485596,6.28000020980835,6.559999942779541,6.559999942779541,5102000
2023-12-15,6.619999885559082,6.764999866485596,6.340000152587891,6.510000228881836,6.510000228881836,4870500
2023-12-18,6.46999979019165,6.715000152587891,6.420000076293945,6.610000133514404,6.610000133514404,2039400
2023-12-19,6.78000020980835,7.300000190734863,6.400000095367432,6.760000228881836,6.760000228881836,4601400
2023-12-20,6.739999771118164,7.195000171661377,6.619999885559082,6.630000114440918,6.630000114440918,4257100
2023-12-21,6.849999904632568,7.139999866485596,6.755000114440918,7.090000152587891,7.090000152587891,2411000
2023-12-22,7.150000095367432,7.360000133514404,6.949999809265137,7.190000057220459,7.190000057220459,2275900
2023-12-26,7.21999979019165,7.25,6.849999904632568,7.059999942779541,7.059999942779541,2233800
2023-12-27,7.179999828338623,7.579999923706055,7.099999904632568,7.550000190734863,7.550000190734863,3525100
2023-12-28,7.460000038146973,7.554999828338623,7.199999809265137,7.300000190734863,7.300000190734863,2485800
2023-12-29,7.329999923706055,7.429999828338623,6.599999904632568,6.739999771118164,6.739999771118164,4725900
2024-01-02,6.829999923706055,7.014999866485596,6.739999771118164,6.960000038146973,6.960000038146973,2643200
2024-01-03,6.630000114440918,7.059999942779541,6.360000133514404,6.840000152587891,6.840000152587891,3440200
2024-01-04,6.840000152587891,7.360000133514404,6.71999979019165,7.28000020980835,7.28000020980835,3044200
2024-01-05,7.150000095367432,7.480000019073486,7.050000190734863,7.369999885559082,7.369999885559082,2828300
2024-01-08,7.400000095367432,7.599999904632568,7.03000020980835,7.590000152587891,7.590000152587891,2871200
2024-01-09,7.619999885559082,8.595000267028809,7.420000076293945,8.520000457763672,8.520000457763672,5769200
2024-01-10,8.449999809265137,8.649999618530273,8.071999549865723,8.220000267028809,8.220000267028809,3534000
2024-01-11,8.239999771118164,8.649999618530273,7.440000057220459,7.840000152587891,7.840000152587891,4211800
2024-01-12,7.880000114440918,7.929999828338623,7.460000038146973,7.489999771118164,7.489999771118164,5428500
2024-01-16,6.25,6.340000152587891,5.510000228881836,5.53000020980835,5.53000020980835,13293900
2024-01-17,5.360000133514404,5.449999809265137,5.0,5.130000114440918,5.130000114440918,6059500
2024-01-18,5.289999961853027,5.460000038146973,4.824999809265137,4.929999828338623,4.929999828338623,5269700
2024-01-19,5.010000228881836,5.019999980926514,4.650000095367432,4.860000133514404,4.860000133514404,5792100
2024-01-22,4.920000076293945,5.127999782562256,4.619999885559082,4.869999885559082,4.869999885559082,3799700
2024-01-23,4.929999828338623,4.949999809265137,4.699999809265137,4.829999923706055,4.829999923706055,2119700
2024-01-24,5.0,5.03000020980835,4.739999771118164,4.78000020980835,4.78000020980835,1979900
2024-01-25,4.849999904632568,5.210000038146973,4.78000020980835,5.150000095367432,5.150000095367432,2725000
2024-01-26,5.260000228881836,5.380000114440918,4.960999965667725,5.03000020980835,5.03000020980835,2241500
2024-01-29,5.079999923706055,5.480000019073486,5.050000190734863,5.460000038146973,5.460000038146973,2562500
2024-01-30,5.449999809265137,5.578000068664551,5.360000133514404,5.400000095367432,5.400000095367432,1382600
2024-01-31,5.349999904632568,5.534999847412109,5.114999771118164,5.139999866485596,5.139999866485596,2230300
2024-02-01,5.230000019073486,5.329999923706055,4.949999809265137,5.010000228881836,5.010000228881836,2332700
2024-02-02,4.980000019073486,5.039999961853027,4.659999847412109,4.690000057220459,4.690000057220459,3393300
2024-02-05,4.659999847412109,4.679999828338623,4.184999942779541,4.260000228881836,4.260000228881836,3995500
2024-02-06,4.340000152587891,4.739999771118164,4.28000020980835,4.679999828338623,4.679999828338623,3524100
2024-02-07,4.75,4.789000034332275,4.480000019073486,4.739999771118164,4.739999771118164,2631000
2024-02-08,4.739999771118164,5.03000020980835,4.635000228881836,5.019999980926514,5.019999980926514,3161300
2024-02-09,5.170000076293945,5.289999961853027,5.014999866485596,5.275000095367432,5.275000095367432,3533400
2024-02-12,5.150000095367432,5.4039998054504395,4.739999771118164,4.849999904632568,4.849999904632568,5632300
2024-02-13,4.619999885559082,4.718999862670898,4.370999813079834,4.449999809265137,4.449999809265137,3410900
2024-02-14,4.590000152587891,4.840000152587891,4.460000038146973,4.71999979019165,4.71999979019165,2676600
2024-02-15,4.889999866485596,5.019999980926514,4.670000076293945,4.940000057220459,4.940000057220459,2751100
2024-02-16,4.869999885559082,5.059999942779541,4.7170000076293945,4.840000152587891,4.840000152587891,2495800
2024-02-20,4.860000133514404,4.940000057220459,4.614999771118164,4.730000019073486,4.730000019073486,2869200
2024-02-21,4.619999885559082,4.699999809265137,4.355000019073486,4.389999866485596,4.389999866485596,3388500
2024-02-22,4.579999923706055,4.599999904632568,4.320000171661377,4.329999923706055,4.329999923706055,4016600
2024-02-23,4.300000190734863,4.400000095367432,3.875,4.045000076293945,4.045000076293945,4406000
2024-02-26,4.099999904632568,4.320000171661377,4.070000171661377,4.300000190734863,4.300000190734863,3513700
2024-02-27,4.449999809265137,4.5,4.15500020980835,4.320000171661377,4.320000171661377,2627100
2024-02-28,4.360000133514404,4.59499979019165,4.269999980926514,4.389999866485596,4.389999866485596,3894300
2024-02-29,4.460000038146973,4.519999980926514,4.065000057220459,4.150000095367432,4.150000095367432,6744600
2024-03-01,4.099999904632568,4.210000038146973,3.9600000381469727,4.210000038146973,4.210000038146973,2634100
2024-03-04,4.309999942779541,4.440000057220459,4.090000152587891,4.110000133514404,4.110000133514404,2865400
2024-03-05,4.110000133514404,4.190000057220459,4.025000095367432,4.090000152587891,4.090000152587891,2070000
2024-03-06,4.130000114440918,4.25,3.9800000190734863,4.090000152587891,4.090000152587891,2042300
2024-03-07,4.130000114440918,4.309999942779541,4.039999961853027,4.159999847412109,4.159999847412109,1909500
2024-03-08,4.25,4.78000020980835,4.25,4.590000152587891,4.590000152587891,3781300
2024-03-11,4.440000057220459,4.539999961853027,4.199999809265137,4.199999809265137,4.199999809265137,2322500
2024-03-12,4.275000095367432,4.320000171661377,4.130000114440918,4.300000190734863,4.300000190734863,1762700
2024-03-13,4.360000133514404,4.760000228881836,4.329999923706055,4.610000133514404,4.610000133514404,2321800
2024-03-14,4.630000114440918,4.739999771118164,4.204999923706055,4.230000019073486,4.230000019073486,2682400
2024-03-15,4.380000114440918,4.630000114440918,4.320000171661377,4.5,4.5,6103500
2024-03-18,4.590000152587891,4.590000152587891,4.210000038146973,4.239999771118164,4.239999771118164,3110500
2024-03-19,4.260000228881836,4.324999809265137,4.074999809265137,4.28000020980835,4.28000020980835,2479600
2024-03-20,4.300000190734863,4.735000133514404,4.190000057220459,4.650000095367432,4.650000095367432,3319300
2024-03-21,4.78000020980835,4.974999904632568,4.525000095367432,4.550000190734863,4.550000190734863,2952900
2024-03-22,4.53000020980835,4.579999923706055,4.239999771118164,4.239999771118164,4.239999771118164,2016700
2024-03-25,4.289999961853027,4.580999851226807,4.289999961853027,4.409999847412109,4.409999847412109,2042400
2024-03-26,4.429999828338623,4.5,4.320000171661377,4.329999923706055,4.329999923706055,1612700
2024-03-27,4.380000114440918,4.429999828338623,4.21999979019165,4.349999904632568,4.349999904632568,1523200
2024-03-28,4.349999904632568,4.534999847412109,4.260000228881836,4.28000020980835,4.28000020980835,2181900
2024-04-01,4.25,4.320000171661377,4.025000095367432,4.110000133514404,4.110000133514404,3194200
2024-04-02,4.019999980926514,4.019999980926514,3.740000009536743,3.819999933242798,3.819999933242798,4187000
2024-04-03,3.799999952316284,3.809999942779541,3.309999942779541,3.3299999237060547,3.3299999237060547,5447700
2024-04-04,3.5199999809265137,3.5799999237060547,3.259999990463257,3.2699999809265137,3.2699999809265137,2890500
2024-04-05,3.2100000381469727,3.2200000286102295,2.940000057220459,2.9800000190734863,2.9800000190734863,4586300
2024-04-08,3.0999999046325684,3.1500000953674316,2.950000047683716,3.125,3.125,3934100
2024-04-09,3.0999999046325684,3.109999895095825,2.7899999618530273,2.8499999046325684,2.8499999046325684,6485500
2024-04-10,2.8499999046325684,3.069999933242798,2.7100000381469727,2.990000009536743,2.990000009536743,4047500
2024-04-11,3.0199999809265137,3.069999933242798,2.8299999237060547,3.069999933242798,3.069999933242798,7801700
2024-04-12,3.25,3.4800000190734863,2.6500000953674316,2.7100000381469727,2.7100000381469727,11120600
2024-04-15,2.700000047683716,2.7200000286102295,2.490000009536743,2.515000104904175,2.515000104904175,4951100
2024-04-16,2.509999990463257,2.5299999713897705,2.390000104904175,2.450000047683716,2.450000047683716,4752700
2024-04-17,2.4800000190734863,2.4800000190734863,2.390000104904175,2.4000000953674316,2.4000000953674316,2458500
2024-04-18,2.4000000953674316,2.4600000381469727,2.359999895095825,2.390000104904175,2.390000104904175,2690100
2024-04-19,2.4000000953674316,2.5199999809265137,2.369999885559082,2.4700000286102295,2.4700000286102295,3208500
2024-04-22,2.5199999809265137,2.7200000286102295,2.4700000286102295,2.7100000381469727,2.7100000381469727,2704700
2024-04-23,2.7300000190734863,2.940000057220459,2.7049999237060547,2.930000066757202,2.930000066757202,4514800
2024-04-24,2.9600000381469727,3.0799999237060547,2.884999990463257,2.9800000190734863,2.9800000190734863,5824500
2024-04-25,2.8399999141693115,3.0199999809265137,2.809999942779541,3.0,3.0,2880900
2024-04-26,3.0,3.0980000495910645,2.8450000286102295,2.940000057220459,2.940000057220459,3299800
2024-04-29,2.9700000286102295,3.0,2.640000104904175,2.7100000381469727,2.7100000381469727,3200500
2024-04-30,2.7200000286102295,2.75,2.680000066757202,2.7049999237060547,2.7049999237060547,1268400
2024-05-01,2.6500000953674316,3.2100000381469727,2.63100004196167,3.0,3.0,5947900
2024-05-02,3.0399999618530273,3.119999885559082,2.9200000762939453,2.9600000381469727,2.9600000381469727,2101200
2024-05-03,3.0,3.109999895095825,2.9800000190734863,3.0299999713897705,3.0299999713897705,1431100
2024-05-06,3.049999952316284,3.3289999961853027,3.0420000553131104,3.2799999713897705,3.2799999713897705,2399800
2024-05-07,3.200000047683716,3.200000047683716,2.990000009536743,3.0999999046325684,3.0999999046325684,3658500
2024-05-08,3.059999942779541,3.319999933242798,3.0199999809265137,3.299999952316284,3.299999952316284,3200300
2024-05-09,3.309999942779541,3.380000114440918,3.259999990463257,3.3399999141693115,3.3399999141693115,2314700
2024-05-10,3.4000000953674316,3.450000047683716,3.2200000286102295,3.309999942779541,3.309999942779541,4134400
2024-05-13,3.380000114440918,3.690000057220459,3.359999895095825,3.4800000190734863,3.4800000190734863,3440400
2024-05-14,3.569999933242798,3.759999990463257,3.4200000762939453,3.5799999237060547,3.5799999237060547,4472300
2024-05-15,3.6500000953674316,3.819999933242798,3.5799999237060547,3.799999952316284,3.799999952316284,4914200
2024-05-16,3.799999952316284,3.934999942779541,3.619999885559082,3.6600000858306885,3.6600000858306885,2692900
2024-05-17,3.7300000190734863,4.199999809265137,3.684999942779541,4.139999866485596,4.139999866485596,4688700
2024-05-20,4.139999866485596,4.699999809265137,4.135000228881836,4.579999923706055,4.579999923706055,5781300
2024-05-21,4.570000171661377,4.664999961853027,3.9210000038146973,4.420000076293945,4.420000076293945,3785400
2024-05-22,4.460000038146973,4.519999980926514,4.21999979019165,4.239999771118164,4.239999771118164,1841800
2024-05-23,4.400000095367432,4.480000019073486,4.190000057220459,4.25,4.25,3042100
2024-05-24,4.210000038146973,4.670000076293945,4.190000057220459,4.610000133514404,4.610000133514404,3379900
2024-05-28,4.650000095367432,4.650000095367432,4.375,4.619999885559082,4.619999885559082,3785900
2024-05-29,4.539999961853027,4.650000095367432,4.230000019073486,4.329999923706055,4.329999923706055,2904900
2024-05-30,4.300000190734863,4.409999847412109,4.110000133514404,4.190000057220459,4.190000057220459,2280400
2024-05-31,4.289999961853027,4.380000114440918,4.110000133514404,4.230000019073486,4.230000019073486,4067100
2024-06-03,4.199999809265137,4.285999774932861,3.8350000381469727,3.9600000381469727,3.9600000381469727,2967200
2024-06-04,4.050000190734863,4.400000095367432,3.9519999027252197,4.25,4.25,4735500
2024-06-05,4.21999979019165,4.670000076293945,4.191999912261963,4.670000076293945,4.670000076293945,3056200
2024-06-06,4.53000020980835,4.994999885559082,4.489999771118164,4.920000076293945,4.920000076293945,5128200
2024-06-07,4.760000228881836,4.980000019073486,4.454999923706055,4.5,4.5,3319400
2024-06-10,4.400000095367432,4.675000190734863,4.119999885559082,4.130000114440918,4.130000114440918,6545700
2024-06-11,4.039999961853027,4.185999870300293,3.944999933242798,4.139999866485596,4.139999866485596,2539600
2024-06-12,4.25,4.409999847412109,4.059999942779541,4.130000114440918,4.130000114440918,3287300
2024-06-13,4.090000152587891,4.400000095367432,4.059999942779541,4.369999885559082,4.369999885559082,4374100
2024-06-14,4.400000095367432,5.054999828338623,4.369999885559082,4.650000095367432,4.650000095367432,13925400
2024-06-17,4.670000076293945,5.5,4.659999847412109,5.460000038146973,5.460000038146973,12992800
2024-06-18,5.360000133514404,5.519999980926514,5.019999980926514,5.159999847412109,5.159999847412109,9156800
2024-06-20,5.210000038146973,6.184999942779541,5.190000057220459,6.039999961853027,6.039999961853027,13490700
2024-06-21,5.829999923706055,5.900000095367432,5.190000057220459,5.519999980926514,5.519999980926514,9405200
2024-06-24,5.539999961853027,6.539999961853027,5.460000038146973,6.079999923706055,6.079999923706055,9455600
2024-06-25,6.099999904632568,6.400000095367432,5.869999885559082,6.329999923706055,6.329999923706055,7544600
2024-06-26,6.480000019073486,7.230000019073486,5.909999847412109,6.03000020980835,6.03000020980835,12245500
2024-06-27,6.179999828338623,6.38700008392334,5.855000019073486,6.239999771118164,6.239999771118164,6451600
2024-06-28,6.349999904632568,6.5,5.829999923706055,5.949999809265137,5.949999809265137,8825700
2024-07-01,5.949999809265137,6.570000171661377,5.949999809265137,6.5,6.5,5628100
2024-07-02,6.449999809265137,6.730000019073486,6.28000020980835,6.340000152587891,6.340000152587891,4763100
2024-07-03,6.329999923706055,6.885000228881836,6.309999942779541,6.769999980926514,6.769999980926514,3143700
2024-07-05,6.460000038146973,6.960000038146973,6.340000152587891,6.940000057220459,6.940000057220459,3197600
2024-07-08,7.059999942779541,7.199999809265137,6.71999979019165,7.139999866485596,7.139999866485596,3923400
2024-07-09,6.340000152587891,6.599999904632568,5.085000038146973,5.46999979019165,5.46999979019165,18775600
2024-07-10,5.570000171661377,6.255000114440918,5.510000228881836,5.860000133514404,5.860000133514404,9511600
2024-07-11,6.039999961853027,6.320000171661377,5.659999847412109,5.880000114440918,5.880000114440918,6873900
2024-07-12,5.869999885559082,6.630000114440918,5.869999885559082,6.199999809265137,6.199999809265137,6862200
2024-07-15,6.440000057220459,6.764999866485596,6.099999904632568,6.760000228881836,6.760000228881836,5636400
2024-07-16,6.739999771118164,6.880000114440918,6.53000020980835,6.809999942779541,6.809999942779541,4375600
2024-07-17,6.639999866485596,6.820000171661377,6.119999885559082,6.199999809265137,6.199999809265137,4429900
2024-07-18,6.329999923706055,6.380000114440918,5.670000076293945,5.679999828338623,5.679999828338623,5180700
2024-07-19,5.679999828338623,5.800000190734863,5.449999809265137,5.71999979019165,5.71999979019165,3817900
2024-07-22,5.760000228881836,5.840000152587891,5.130000114440918,5.309999942779541,5.309999942779541,5163600
2024-07-23,5.28000020980835,5.380000114440918,5.010000228881836,5.050000190734863,5.050000190734863,4496300
2024-07-24,5.010000228881836,5.179999828338623,4.540999889373779,4.570000171661377,4.570000171661377,5869000
2024-07-25,4.510000228881836,4.635000228881836,4.260000228881836,4.445000171661377,4.445000171661377,4955400
2024-07-26,4.539999961853027,4.840000152587891,4.429999828338623,4.440000057220459,4.440000057220459,4664100
2024-07-29,4.5,4.670000076293945,4.230000019073486,4.260000228881836,4.260000228881836,3729200
2024-07-30,4.25,4.34499979019165,3.930000066757202,3.9800000190734863,3.9800000190734863,4895400
2024-07-31,4.130000114440918,4.949999809265137,4.130000114440918,4.860000133514404,4.860000133514404,7750200
2024-08-01,4.860000133514404,4.940000057220459,4.28000020980835,4.489999771118164,4.489999771118164,4492600
2024-08-02,4.239999771118164,4.360000133514404,4.070000171661377,4.239999771118164,4.239999771118164,3451700
2024-08-05,3.7799999713897705,4.039999961853027,3.5999999046325684,3.9700000286102295,3.9700000286102295,4716000
2024-08-06,4.010000228881836,4.28000020980835,3.9000000953674316,4.210000038146973,4.210000038146973,3086800
2024-08-07,4.28000020980835,4.320000171661377,3.880000114440918,3.9000000953674316,3.9000000953674316,3044800
2024-08-08,3.9000000953674316,4.164999961853027,3.9000000953674316,4.139999866485596,4.139999866485596,3751800
2024-08-09,4.179999828338623,4.190000057220459,3.869999885559082,3.9000000953674316,3.9000000953674316,6672900
2024-08-12,3.869999885559082,4.110000133514404,3.8299999237060547,3.9800000190734863,3.9800000190734863,3519600
2024-08-13,4.0,4.074999809265137,3.890000104904175,3.950000047683716,3.950000047683716,2255100
2024-08-14,3.930000066757202,4.050000190734863,3.734999895095825,3.8399999141693115,3.8399999141693115,2107900
2024-08-15,3.950000047683716,4.199999809265137,3.880000114440918,4.0,4.0,4357400
2024-08-16,3.950000047683716,4.090000152587891,3.8399999141693115,4.010000228881836,4.010000228881836,4056500
2024-08-19,3.990000009536743,4.110000133514404,3.8299999237060547,4.110000133514404,4.110000133514404,2675600
2024-08-20,4.139999866485596,4.25,3.984999895095825,4.03000020980835,4.03000020980835,1990500
2024-08-21,4.099999904632568,4.190000057220459,3.9800000190734863,4.190000057220459,4.190000057220459,4415800
2024-08-22,4.230000019073486,4.25,4.039999961853027,4.090000152587891,4.090000152587891,2340400
2024-08-23,4.119999885559082,4.639999866485596,4.079999923706055,4.550000190734863,4.550000190734863,5238200
2024-08-26,4.599999904632568,4.928999900817871,4.559999942779541,4.920000076293945,4.920000076293945,3890500
2024-08-27,4.789999961853027,4.820000171661377,4.5,4.730000019073486,4.730000019073486,3801200
2024-08-28,4.760000228881836,4.78000020980835,4.25,4.409999847412109,4.409999847412109,6291600
2024-08-29,4.289999961853027,4.96999979019165,3.7149999141693115,3.819999933242798,3.819999933242798,9606500
2024-08-30,3.880000114440918,3.880000114440918,3.3399999141693115,3.6500000953674316,3.6500000953674316,12775300
2024-09-03,3.569999933242798,3.819999933242798,3.140000104904175,3.1500000953674316,3.1500000953674316,6437900
2024-09-04,3.109999895095825,3.3299999237060547,3.009999990463257,3.240000009536743,3.240000009536743,5094900
2024-09-05,4.989999771118164,5.710000038146973,4.25,5.369999885559082,5.369999885559082,149889900
2024-09-06,5.300000190734863,5.570000171661377,4.329999923706055,4.550000190734863,4.550000190734863,27902200
2024-09-09,4.715000152587891,6.599999904632568,4.599999904632568,6.579999923706055,6.579999923706055,53031000
2024-09-10,6.099999904632568,6.449999809265137,5.800000190734863,6.440000057220459,6.440000057220459,20660300
2024-09-11,6.360000133514404,6.53000020980835,5.739999771118164,5.869999885559082,5.869999885559082,14139800
2024-09-12,5.650000095367432,6.065000057220459,5.650000095367432,6.019999980926514,6.019999980926514,9586300
2024-09-13,6.139999866485596,6.5,5.849999904632568,6.090000152587891,6.090000152587891,13880200
2024-09-16,5.900000095367432,6.066999912261963,5.730000019073486,5.889999866485596,5.889999866485596,5737900
2024-09-17,6.03000020980835,6.300000190734863,5.760000228881836,5.809999942779541,5.809999942779541,10462300
2024-09-18,5.78000020980835,6.699999809265137,5.744999885559082,6.070000171661377,6.070000171661377,16947900
2024-09-19,6.400000095367432,6.550000190734863,5.53000020980835,5.559999942779541,5.559999942779541,16552600
2024-09-20,5.559999942779541,6.090000152587891,5.510000228881836,6.019999980926514,6.019999980926514,17700800
2024-09-23,6.130000114440918,6.869999885559082,6.025000095367432,6.699999809265137,6.699999809265137,15381500
2024-09-24,6.71999979019165,7.199999809265137,6.46999979019165,7.079999923706055,7.079999923706055,15410200
2024-09-25,7.039999961853027,8.149999618530273,7.031000137329102,7.670000076293945,7.670000076293945,19647800
2024-09-26,7.940000057220459,8.520000457763672,7.75,8.25,8.25,15998300
2024-09-27,8.260000228881836,8.78499984741211,8.079999923706055,8.1899995803833,8.1899995803833,12869000
2024-09-30,7.71999979019165,8.59000015258789,7.300000190734863,8.25,8.25,13232400
2024-10-01,8.220000267028809,8.539999961853027,7.659999847412109,8.079999923706055,8.079999923706055,12116200
2024-10-02,7.949999809265137,8.489999771118164,7.679999828338623,8.1899995803833,8.1899995803833,8401600
2024-10-03,8.100000381469727,8.649999618530273,7.880000114440918,8.039999961853027,8.039999961853027,10249700
2024-10-04,8.050000190734863,8.260000228881836,7.349999904632568,7.449999809265137,7.449999809265137,13842000
2024-10-07,7.349999904632568,7.5,7.005000114440918,7.099999904632568,7.099999904632568,7893700
2024-10-08,7.050000190734863,7.989999771118164,6.900000095367432,7.849999904632568,7.849999904632568,10339500
2024-10-09,7.860000133514404,7.909999847412109,7.309999942779541,7.400000095367432,7.400000095367432,13323200
2024-10-10,7.489999771118164,8.09000015258789,6.659999847412109,6.889999866485596,6.889999866485596,24416400
2024-10-11,6.909999847412109,7.289999961853027,6.9019999504089355,7.28000020980835,7.28000020980835,9087700
2024-10-14,7.400000095367432,7.760000228881836,7.150000095367432,7.550000190734863,7.550000190734863,11040100
2024-10-15,7.610000133514404,7.800000190734863,7.079999923706055,7.300000190734863,7.300000190734863,7918700
2024-10-16,7.519999980926514,8.279999732971191,7.429999828338623,8.050000190734863,8.050000190734863,15560900
2024-10-17,8.170000076293945,8.170000076293945,7.829999923706055,7.949999809265137,7.949999809265137,12985800
2024-10-18,7.940000057220459,8.550000190734863,7.550000190734863,8.180000305175781,8.180000305175781,15260700
2024-10-21,8.140000343322754,8.869999885559082,7.679999828338623,8.710000038146973,8.710000038146973,15502000
2024-10-22,8.670000076293945,9.479999542236328,8.649999618530273,9.130000114440918,9.130000114440918,15064700
2024-10-23,8.970000267028809,9.149999618530273,8.25,8.609999656677246,8.609999656677246,9918400
2024-10-24,8.760000228881836,8.970000267028809,8.039999961853027,8.229999542236328,8.229999542236328,9244700
2024-10-25,8.260000228881836,8.489999771118164,7.980000019073486,8.039999961853027,8.039999961853027,8779500
2024-10-28,8.199999809265137,8.640000343322754,8.130000114440918,8.270000457763672,8.270000457763672,8635200
2024-10-29,8.289999961853027,8.380000114440918,7.800000190734863,7.869999885559082,7.869999885559082,7363000
2024-10-30,7.769999980926514,7.909999847412109,7.349999904632568,7.360000133514404,7.360000133514404,7043200
2024-10-31,6.849999904632568,7.360000133514404,6.699999809265137,6.760000228881836,6.760000228881836,44462100
2024-11-01,6.820000171661377,7.244999885559082,6.239999771118164,6.460000038146973,6.460000038146973,21629300
2024-11-04,6.440000057220459,6.46999979019165,5.934999942779541,5.96999979019165,5.96999979019165,12795000
2024-11-05,6.070000171661377,6.460000038146973,5.960000038146973,6.369999885559082,6.369999885559082,9794400
2024-11-06,6.900000095367432,7.260000228881836,6.559999942779541,7.070000171661377,7.070000171661377,14752400
2024-11-07,7.090000152587891,7.880000114440918,7.059999942779541,7.789999961853027,7.789999961853027,13880900
2024-11-08,7.809999942779541,7.980000019073486,7.369999885559082,7.559999942779541,7.559999942779541,8627100
2024-11-11,7.900000095367432,8.220000267028809,7.440000057220459,7.579999923706055,7.579999923706055,12304100
2024-11-12,7.380000114440918,7.71999979019165,7.175000190734863,7.590000152587891,7.590000152587891,8415900
2024-11-13,7.599999904632568,7.849999904632568,6.965000152587891,7.170000076293945,7.170000076293945,10021100
2024-11-14,7.150000095367432,7.239999771118164,6.639999866485596,6.860000133514404,6.860000133514404,10971400
2024-11-15,7.010000228881836,7.570000171661377,6.900000095367432,7.230000019073486,7.230000019073486,22226000
