Date,Open,High,Low,Close,Adj Close,Volume
2019-10-03,309.1000061035156,420.0,302.0,410.0,410.0,91030
2019-10-04,390.3999938964844,402.32000732421875,373.3999938964844,381.3999938964844,381.3999938964844,12825
2019-10-07,383.3999938964844,418.0,380.20001220703125,405.0,405.0,6615
2019-10-08,404.0,413.5400085449219,371.0,378.79998779296875,378.79998779296875,5170
2019-10-09,378.79998779296875,432.20001220703125,373.260009765625,380.79998779296875,380.79998779296875,9160
2019-10-10,382.6000061035156,398.6400146484375,382.6000061035156,388.79998779296875,388.79998779296875,650
2019-10-11,389.0,397.6000061035156,380.3999938964844,380.3999938964844,380.3999938964844,575
2019-10-14,380.3999938964844,396.3999938964844,380.3999938964844,387.20001220703125,387.20001220703125,320
2019-10-15,386.6000061035156,393.8399963378906,380.9200134277344,386.6000061035156,386.6000061035156,465
2019-10-16,382.3999938964844,393.6000061035156,382.20001220703125,390.0,390.0,730
2019-10-17,383.6000061035156,420.0,380.3599853515625,409.6000061035156,409.6000061035156,2405
2019-10-18,398.79998779296875,438.3999938964844,398.79998779296875,428.0,428.0,1785
2019-10-21,436.0,557.4000244140625,434.94000244140625,520.0,520.0,12260
2019-10-22,520.0,535.4000244140625,490.79998779296875,494.0,494.0,7425
2019-10-23,500.0,510.0,471.20001220703125,496.0,496.0,8600
2019-10-24,497.79998779296875,533.2000122070312,488.0,514.0,514.0,6065
2019-10-25,518.2000122070312,535.7999877929688,462.79998779296875,511.79998779296875,511.79998779296875,8435
2019-10-28,490.0,509.9800109863281,453.79998779296875,496.79998779296875,496.79998779296875,4405
2019-10-29,492.3999938964844,510.0,475.70001220703125,499.3999938964844,499.3999938964844,3805
2019-10-30,499.3999938964844,499.6000061035156,454.20001220703125,473.6000061035156,473.6000061035156,2570
2019-10-31,482.3999938964844,494.70001220703125,462.3999938964844,483.0,483.0,1960
2019-11-01,484.3999938964844,515.4600219726562,484.3999938964844,499.3999938964844,499.3999938964844,3550
2019-11-04,500.0,514.4000244140625,487.79998779296875,499.6000061035156,499.6000061035156,1625
2019-11-05,498.0,512.0,484.3999938964844,496.0,496.0,890
2019-11-06,511.0,511.0,477.1000061035156,500.0,500.0,2010
2019-11-07,504.20001220703125,504.79998779296875,474.5,483.6000061035156,483.6000061035156,5045
2019-11-08,482.3999938964844,502.6000061035156,467.17999267578125,497.5,497.5,2040
2019-11-11,489.3999938964844,505.1000061035156,475.79998779296875,499.79998779296875,499.79998779296875,2645
2019-11-12,491.3999938964844,499.3999938964844,477.0,480.20001220703125,480.20001220703125,5470
2019-11-13,478.20001220703125,495.0,474.0,490.0,490.0,2295
2019-11-14,490.0,547.5999755859375,480.5,540.7999877929688,540.7999877929688,5415
2019-11-15,523.0,640.9000244140625,523.0,597.0,597.0,5480
2019-11-18,580.0,619.9000244140625,570.7000122070312,591.5999755859375,591.5999755859375,4250
2019-11-19,599.4000244140625,617.7999877929688,579.2000122070312,603.2000122070312,603.2000122070312,2800
2019-11-20,597.7999877929688,603.2000122070312,578.1599731445312,580.2000122070312,580.2000122070312,1635
2019-11-21,582.2000122070312,582.2000122070312,467.20001220703125,492.3999938964844,492.3999938964844,3465
2019-11-22,496.20001220703125,517.2000122070312,462.0,511.3999938964844,511.3999938964844,3010
2019-11-25,512.0,539.2000122070312,470.20001220703125,477.3999938964844,477.3999938964844,4745
2019-11-26,477.0,489.79998779296875,451.1000061035156,453.79998779296875,453.79998779296875,3695
2019-11-27,471.3999938964844,489.0,437.3999938964844,471.0,471.0,3515
2019-11-29,477.20001220703125,516.0,477.20001220703125,503.6000061035156,503.6000061035156,5050
2019-12-02,500.20001220703125,519.7999877929688,490.3999938964844,503.6000061035156,503.6000061035156,7605
2019-12-03,499.20001220703125,513.5999755859375,487.79998779296875,502.79998779296875,502.79998779296875,4655
2019-12-04,509.20001220703125,519.7999877929688,490.1000061035156,512.2000122070312,512.2000122070312,4130
2019-12-05,509.0,515.5999755859375,481.79998779296875,483.20001220703125,483.20001220703125,5215
2019-12-06,500.0,576.4199829101562,500.0,521.0,521.0,10485
2019-12-09,526.2000122070312,618.7999877929688,526.2000122070312,546.4000244140625,546.4000244140625,14200
2019-12-10,523.4000244140625,634.2000122070312,523.4000244140625,613.7999877929688,613.7999877929688,14045
2019-12-11,624.0,730.0,615.4000244140625,714.0,714.0,8100
2019-12-12,722.0,886.0,722.0,787.4000244140625,787.4000244140625,31290
2019-12-13,802.0,815.260009765625,737.5999755859375,737.7999877929688,737.7999877929688,6215
2019-12-16,735.5999755859375,735.5999755859375,646.5999755859375,666.0,666.0,8805
2019-12-17,661.7999877929688,697.7999877929688,641.7999877929688,665.4000244140625,665.4000244140625,3545
2019-12-18,666.2000122070312,688.0,647.7999877929688,650.0,650.0,2340
2019-12-19,651.5999755859375,672.5599975585938,646.2000122070312,663.2000122070312,663.2000122070312,4090
2019-12-20,665.5999755859375,785.4000244140625,658.4000244140625,716.4000244140625,716.4000244140625,52260
2019-12-23,731.0,779.7999877929688,721.0,763.0,763.0,5180
2019-12-24,765.2000122070312,797.2000122070312,765.2000122070312,792.4000244140625,792.4000244140625,910
2019-12-26,793.2000122070312,974.7999877929688,778.4400024414062,948.7999877929688,948.7999877929688,5375
2019-12-27,950.0,997.0,885.6599731445312,990.5999755859375,990.5999755859375,5135
2019-12-30,999.5999755859375,1062.199951171875,953.0999755859375,965.0,965.0,5000
2019-12-31,960.0,1007.4000244140625,911.0399780273438,917.7999877929688,917.7999877929688,5680
2020-01-02,920.0,920.0,882.5999755859375,906.0,906.0,2990
2020-01-03,880.2000122070312,895.2000122070312,815.2000122070312,820.0,820.0,8290
2020-01-06,820.0,869.7000122070312,803.4000244140625,854.7999877929688,854.7999877929688,4085
2020-01-07,846.2000122070312,888.0,842.0,871.2000122070312,871.2000122070312,4360
2020-01-08,904.7999877929688,904.7999877929688,850.0,858.7999877929688,858.7999877929688,3245
2020-01-09,860.5999755859375,896.7999877929688,836.7000122070312,840.5999755859375,840.5999755859375,4995
2020-01-10,844.7999877929688,851.7999877929688,818.7999877929688,831.0,831.0,4180
2020-01-13,833.5999755859375,870.0,753.7999877929688,768.4000244140625,768.4000244140625,4510
2020-01-14,760.4000244140625,804.4000244140625,760.4000244140625,796.4000244140625,796.4000244140625,3705
2020-01-15,807.4000244140625,819.7999877929688,794.0,806.0,806.0,1630
2020-01-16,810.5999755859375,864.7999877929688,767.2999877929688,849.2000122070312,849.2000122070312,5350
2020-01-17,843.5999755859375,855.4600219726562,780.5999755859375,789.5999755859375,789.5999755859375,3070
2020-01-21,789.0,798.7999877929688,769.7999877929688,776.5999755859375,776.5999755859375,3420
2020-01-22,793.5999755859375,805.0,769.0,800.0,800.0,5935
2020-01-23,797.4000244140625,813.2999877929688,769.5999755859375,806.7999877929688,806.7999877929688,3125
2020-01-24,810.2000122070312,814.7999877929688,768.0,771.5999755859375,771.5999755859375,4200
2020-01-27,759.0,775.5999755859375,723.5999755859375,756.7999877929688,756.7999877929688,5115
2020-01-28,762.4000244140625,779.4000244140625,706.2000122070312,718.7999877929688,718.7999877929688,6130
2020-01-29,715.2000122070312,736.2999877929688,680.0,717.0,717.0,4545
2020-01-30,779.4000244140625,779.4000244140625,725.760009765625,744.5999755859375,744.5999755859375,3655
2020-01-31,748.4000244140625,774.5999755859375,732.0,766.7999877929688,766.7999877929688,3250
2020-02-03,785.4000244140625,798.5999755859375,749.5999755859375,790.0,790.0,3685
2020-02-04,792.5999755859375,795.719970703125,742.4000244140625,769.5999755859375,769.5999755859375,3400
2020-02-05,787.4000244140625,787.4000244140625,743.7000122070312,759.2000122070312,759.2000122070312,2150
2020-02-06,763.0,767.4000244140625,700.2000122070312,720.4000244140625,720.4000244140625,2820
2020-02-07,726.2000122070312,748.4000244140625,680.7999877929688,702.2000122070312,702.2000122070312,3090
2020-02-10,707.0,725.0,681.2000122070312,696.0,696.0,2335
2020-02-11,699.2000122070312,737.9000244140625,688.2000122070312,692.4000244140625,692.4000244140625,2090
2020-02-12,697.5999755859375,720.0,682.2000122070312,690.4000244140625,690.4000244140625,1280
2020-02-13,696.7999877929688,710.0,652.5999755859375,661.7999877929688,661.7999877929688,2275
2020-02-14,661.7999877929688,676.2000122070312,613.47998046875,633.0,633.0,6580
2020-02-18,642.5999755859375,690.780029296875,630.1199951171875,666.4000244140625,666.4000244140625,2440
2020-02-19,660.5999755859375,697.7999877929688,640.4000244140625,658.4000244140625,658.4000244140625,1015
2020-02-20,651.7999877929688,679.5999755859375,622.0,672.0,672.0,8765
2020-02-21,677.4000244140625,717.2000122070312,627.2999877929688,697.7999877929688,697.7999877929688,1640
2020-02-24,677.5999755859375,739.7999877929688,633.4000244140625,727.5999755859375,727.5999755859375,3480
2020-02-25,730.0,734.219970703125,679.2000122070312,700.0,700.0,3520
2020-02-26,698.2000122070312,713.0,640.0,693.0,693.0,3915
2020-02-27,675.5999755859375,740.0,660.0,682.0,682.0,3625
2020-02-28,654.7999877929688,696.0,654.7999877929688,686.0,686.0,3230
2020-03-02,682.5999755859375,760.4000244140625,660.2000122070312,720.0,720.0,4710
2020-03-03,729.7999877929688,756.3800048828125,668.0,707.7999877929688,707.7999877929688,2945
2020-03-04,723.2000122070312,740.4000244140625,669.4000244140625,708.2000122070312,708.2000122070312,1405
2020-03-05,693.2000122070312,752.7999877929688,673.7999877929688,725.2000122070312,725.2000122070312,7305
2020-03-06,698.5999755859375,745.4000244140625,675.5599975585938,726.7999877929688,726.7999877929688,6385
2020-03-09,687.0,760.0,654.7999877929688,657.2000122070312,657.2000122070312,5165
2020-03-10,681.0,715.0,636.7999877929688,688.5999755859375,688.5999755859375,4405
2020-03-11,678.4000244140625,706.9000244140625,625.0,650.7999877929688,650.7999877929688,2985
2020-03-12,611.0,658.5999755859375,604.0,636.4000244140625,636.4000244140625,10320
2020-03-13,664.5999755859375,821.7999877929688,640.4000244140625,821.7999877929688,821.7999877929688,6365
2020-03-16,750.0,750.0,672.4000244140625,706.2000122070312,706.2000122070312,10190
2020-03-17,709.7999877929688,772.5999755859375,676.6199951171875,740.0,740.0,9970
2020-03-18,689.0,743.4000244140625,622.0,647.7999877929688,647.7999877929688,6800
2020-03-19,645.5999755859375,712.5999755859375,632.2999877929688,712.5999755859375,712.5999755859375,2370
2020-03-20,704.5999755859375,717.5,560.0,652.0,652.0,5165
2020-03-23,657.4000244140625,716.0,634.2000122070312,709.4000244140625,709.4000244140625,5285
2020-03-24,723.7999877929688,735.2000122070312,663.5999755859375,710.0,710.0,5390
2020-03-25,704.5999755859375,740.0,672.0,720.0,720.0,1320
2020-03-26,698.0,720.0,527.7999877929688,637.2000122070312,637.2000122070312,6250
2020-03-27,627.5999755859375,710.0,620.2000122070312,695.0,695.0,5285
2020-03-30,703.0,760.2000122070312,631.2000122070312,669.7999877929688,669.7999877929688,3225
2020-03-31,667.5999755859375,699.0999755859375,643.0,695.2000122070312,695.2000122070312,4060
2020-04-01,686.0,699.5999755859375,643.0,645.7999877929688,645.7999877929688,2115
2020-04-02,660.0,678.4000244140625,625.2000122070312,650.0,650.0,2780
2020-04-03,638.2000122070312,650.4000244140625,602.5999755859375,619.7999877929688,619.7999877929688,2245
2020-04-06,628.4000244140625,673.5399780273438,628.4000244140625,659.7999877929688,659.7999877929688,3875
2020-04-07,678.7999877929688,678.7999877929688,612.0,644.5999755859375,644.5999755859375,1150
2020-04-08,653.2000122070312,663.0,610.0,660.7999877929688,660.7999877929688,2815
2020-04-09,660.0,706.0,660.0,672.2000122070312,672.2000122070312,4565
2020-04-13,671.5999755859375,715.1599731445312,664.7999877929688,676.0,676.0,1740
2020-04-14,693.2000122070312,709.7999877929688,678.4000244140625,678.4000244140625,678.4000244140625,1325
2020-04-15,672.4000244140625,699.7999877929688,666.2000122070312,680.0,680.0,1980
2020-04-16,670.0,692.2000122070312,620.7999877929688,680.5999755859375,680.5999755859375,2350
2020-04-17,694.4000244140625,694.4000244140625,663.0,679.5999755859375,679.5999755859375,1195
2020-04-20,669.4000244140625,700.0,658.5999755859375,664.7999877929688,664.7999877929688,1915
2020-04-21,664.0,699.7999877929688,645.8800048828125,680.0,680.0,1975
2020-04-22,700.0,700.0,672.0,677.5999755859375,677.5999755859375,1015
2020-04-23,671.7999877929688,690.9000244140625,662.0,675.4000244140625,675.4000244140625,2005
2020-04-24,672.0,685.5,657.7999877929688,675.0,675.0,1080
2020-04-27,675.7999877929688,682.5,663.2999877929688,670.7999877929688,670.7999877929688,1430
2020-04-28,686.0,691.4000244140625,666.0,679.4000244140625,679.4000244140625,1580
2020-04-29,680.0,688.0,642.2000122070312,664.0,664.0,2320
2020-04-30,651.0,662.7999877929688,627.5999755859375,635.7999877929688,635.7999877929688,1650
2020-05-01,624.0,650.0,607.0,622.0,622.0,2150
2020-05-04,619.2000122070312,657.2000122070312,602.5999755859375,649.4000244140625,649.4000244140625,3330
2020-05-05,659.2000122070312,675.0,614.7999877929688,672.7999877929688,672.7999877929688,7135
2020-05-06,680.0,680.0,631.2000122070312,658.5999755859375,658.5999755859375,1295
2020-05-07,658.4000244140625,690.0,657.5999755859375,684.2000122070312,684.2000122070312,2655
2020-05-08,681.5999755859375,724.5999755859375,681.5999755859375,700.0,700.0,4345
2020-05-11,706.7999877929688,761.0,706.0,748.0,748.0,3700
2020-05-12,759.5999755859375,775.9000244140625,697.4000244140625,702.0,702.0,3790
2020-05-13,694.5999755859375,745.0,670.4000244140625,671.0,671.0,2605
2020-05-14,659.4000244140625,687.2000122070312,606.2000122070312,686.7999877929688,686.7999877929688,2415
2020-05-15,705.2000122070312,770.0,687.0,721.4000244140625,721.4000244140625,2755
2020-05-18,759.0,769.4000244140625,730.5999755859375,741.5999755859375,741.5999755859375,2970
2020-05-19,710.2000122070312,717.5999755859375,605.2000122070312,618.4000244140625,618.4000244140625,11855
2020-05-20,641.7999877929688,669.0,620.0,653.7999877929688,653.7999877929688,4435
2020-05-21,663.4000244140625,663.4000244140625,580.2000122070312,600.4000244140625,600.4000244140625,7000
2020-05-22,593.2000122070312,625.5399780273438,562.5999755859375,580.0,580.0,5715
2020-05-26,602.2000122070312,609.7999877929688,505.0,509.3999938964844,509.3999938964844,12430
2020-05-27,520.0,540.0,498.79998779296875,514.4000244140625,514.4000244140625,13125
2020-05-28,524.5999755859375,596.0,509.0,527.5999755859375,527.5999755859375,4850
2020-05-29,529.5999755859375,550.0,516.2000122070312,537.2000122070312,537.2000122070312,8000
2020-06-01,544.4000244140625,564.0800170898438,540.0,544.2000122070312,544.2000122070312,8335
2020-06-02,544.4000244140625,576.7999877929688,511.0,523.5999755859375,523.5999755859375,7370
2020-06-03,532.5999755859375,539.4000244140625,513.0,531.2000122070312,531.2000122070312,5240
2020-06-04,525.0,562.4000244140625,525.0,538.7999877929688,538.7999877929688,2210
2020-06-05,546.2000122070312,553.2000122070312,522.0,540.2000122070312,540.2000122070312,6180
2020-06-08,547.2000122070312,581.0,536.5999755859375,572.2000122070312,572.2000122070312,5645
2020-06-09,567.0,593.0,555.5,581.2000122070312,581.2000122070312,7420
2020-06-10,581.4000244140625,636.2999877929688,581.2000122070312,614.5999755859375,614.5999755859375,13645
2020-06-11,610.7999877929688,612.4000244140625,575.0,601.0,601.0,41555
2020-06-12,614.7999877929688,634.2000122070312,590.2000122070312,613.2000122070312,613.2000122070312,17255
2020-06-15,607.4000244140625,642.4000244140625,568.219970703125,641.2000122070312,641.2000122070312,16380
2020-06-16,660.4000244140625,728.7999877929688,660.4000244140625,682.4000244140625,682.4000244140625,39105
2020-06-17,695.7999877929688,715.7999877929688,674.4000244140625,690.0,690.0,20945
2020-06-18,690.0,725.2000122070312,690.0,720.5999755859375,720.5999755859375,15330
2020-06-19,724.0,759.4000244140625,714.2000122070312,758.0,758.0,22105
2020-06-22,738.0,800.0,732.7999877929688,791.4000244140625,791.4000244140625,14615
2020-06-23,794.2000122070312,822.2999877929688,775.0,793.7999877929688,793.7999877929688,16815
2020-06-24,788.4000244140625,790.5999755859375,761.7999877929688,776.4000244140625,776.4000244140625,9110
2020-06-25,789.4000244140625,795.2000122070312,774.5999755859375,786.0,786.0,11070
2020-06-26,782.2000122070312,797.2000122070312,725.4000244140625,766.4000244140625,766.4000244140625,16150
2020-06-29,767.5999755859375,804.4000244140625,716.5999755859375,729.2000122070312,729.2000122070312,4170
2020-06-30,737.2000122070312,780.0,730.4000244140625,775.5999755859375,775.5999755859375,3885
2020-07-01,782.0,788.2000122070312,763.2000122070312,777.2000122070312,777.2000122070312,5920
2020-07-02,783.2000122070312,799.7999877929688,720.2000122070312,732.0,732.0,2635
2020-07-06,740.7999877929688,745.2000122070312,688.5999755859375,699.5999755859375,699.5999755859375,5180
2020-07-07,697.7999877929688,719.0,676.0,680.0,680.0,5355
2020-07-08,674.5999755859375,685.7999877929688,649.4000244140625,656.7999877929688,656.7999877929688,4710
2020-07-09,657.0,671.760009765625,610.2000122070312,616.4000244140625,616.4000244140625,9870
2020-07-10,612.5999755859375,616.7999877929688,586.5999755859375,588.4000244140625,588.4000244140625,9635
2020-07-13,596.4000244140625,601.4000244140625,541.0,542.2000122070312,542.2000122070312,7885
2020-07-14,538.0,582.4000244140625,538.0,574.2000122070312,574.2000122070312,6575
2020-07-15,583.7999877929688,601.9000244140625,582.0,592.4000244140625,592.4000244140625,4550
2020-07-16,621.2000122070312,649.5999755859375,580.5999755859375,624.4000244140625,624.4000244140625,7155
2020-07-17,626.0,626.0,566.7999877929688,573.4000244140625,573.4000244140625,4150
2020-07-20,574.4000244140625,592.2000122070312,564.2000122070312,568.2000122070312,568.2000122070312,4425
2020-07-21,566.2000122070312,588.0,549.7999877929688,559.2000122070312,559.2000122070312,3880
2020-07-22,552.4000244140625,560.7999877929688,526.4000244140625,547.5999755859375,547.5999755859375,4510
2020-07-23,541.2000122070312,551.7000122070312,512.2000122070312,513.4000244140625,513.4000244140625,4090
2020-07-24,512.4000244140625,538.2000122070312,510.0,520.0,520.0,4240
2020-07-27,521.2000122070312,544.0,520.5999755859375,543.2000122070312,543.2000122070312,3165
2020-07-28,535.7999877929688,564.2000122070312,530.0,530.5999755859375,530.5999755859375,3415
2020-07-29,530.0,566.7999877929688,528.2000122070312,559.0,559.0,4940
2020-07-30,555.0,561.7999877929688,541.2000122070312,556.4000244140625,556.4000244140625,3790
2020-07-31,552.2000122070312,561.7999877929688,546.0,548.5999755859375,548.5999755859375,3265
2020-08-03,552.4000244140625,569.4000244140625,551.0,567.4000244140625,567.4000244140625,1795
2020-08-04,567.5999755859375,585.2999877929688,561.739990234375,576.4000244140625,576.4000244140625,2565
2020-08-05,579.5999755859375,594.2000122070312,562.5999755859375,594.2000122070312,594.2000122070312,3290
2020-08-06,596.7999877929688,596.7999877929688,582.2000122070312,592.2000122070312,592.2000122070312,2595
2020-08-07,591.0,603.0,590.5999755859375,602.0,602.0,2105
2020-08-10,605.7999877929688,610.2000122070312,596.0,607.5999755859375,607.5999755859375,3690
2020-08-11,610.0,610.0,555.0,561.4000244140625,561.4000244140625,3215
2020-08-12,555.2000122070312,584.7999877929688,537.0,563.0,563.0,5665
2020-08-13,566.2000122070312,567.4000244140625,556.7999877929688,560.0,560.0,2985
2020-08-14,557.7999877929688,574.9000244140625,550.0,552.4000244140625,552.4000244140625,2570
2020-08-17,558.0,579.7999877929688,556.0,579.7999877929688,579.7999877929688,825
2020-08-18,579.7999877929688,594.7999877929688,573.7000122070312,589.5999755859375,589.5999755859375,1490
2020-08-19,580.7999877929688,597.5999755859375,580.0,583.4000244140625,583.4000244140625,1740
2020-08-20,571.0,574.7999877929688,554.0,566.2000122070312,566.2000122070312,1225
2020-08-21,558.0,579.760009765625,558.0,572.7999877929688,572.7999877929688,1125
2020-08-24,578.2000122070312,578.2000122070312,514.7999877929688,527.4000244140625,527.4000244140625,2290
2020-08-25,526.5999755859375,541.5999755859375,522.7000122070312,541.5999755859375,541.5999755859375,775
2020-08-26,539.2000122070312,548.5999755859375,534.2000122070312,537.7999877929688,537.7999877929688,1090
2020-08-27,543.0,553.7000122070312,510.0,536.4000244140625,536.4000244140625,1230
2020-08-28,538.0,546.4000244140625,530.260009765625,546.4000244140625,546.4000244140625,900
2020-08-31,543.4000244140625,559.52001953125,530.0,542.0,542.0,1470
2020-09-01,543.7999877929688,561.3400268554688,516.0,521.4000244140625,521.4000244140625,1985
2020-09-02,521.4000244140625,522.9000244140625,500.0,520.2000122070312,520.2000122070312,3155
2020-09-03,515.0,515.0,485.6000061035156,502.3999938964844,502.3999938964844,6615
2020-09-04,509.20001220703125,519.7999877929688,482.3999938964844,514.7999877929688,514.7999877929688,3630
2020-09-08,513.2000122070312,585.7999877929688,510.0,533.4000244140625,533.4000244140625,5215
2020-09-09,518.4000244140625,530.4000244140625,508.79998779296875,518.0,518.0,5715
2020-09-10,518.0,545.5999755859375,467.3999938964844,532.4000244140625,532.4000244140625,5740
2020-09-11,540.4000244140625,578.7999877929688,528.2000122070312,540.2000122070312,540.2000122070312,4530
2020-09-14,557.2000122070312,575.5999755859375,545.7999877929688,555.5999755859375,555.5999755859375,5025
2020-09-15,558.0,576.4000244140625,551.7999877929688,570.4000244140625,570.4000244140625,3555
2020-09-16,576.0,584.2000122070312,570.2000122070312,575.0,575.0,4085
2020-09-17,564.0,595.5999755859375,564.0,585.2000122070312,585.2000122070312,3640
2020-09-18,594.5999755859375,629.0,587.4000244140625,591.2000122070312,591.2000122070312,15285
2020-09-21,592.0,598.2000122070312,530.2000122070312,530.5999755859375,530.5999755859375,4500
2020-09-22,530.5999755859375,532.0,494.20001220703125,497.20001220703125,497.20001220703125,5590
2020-09-23,499.3999938964844,503.20001220703125,436.0,437.79998779296875,437.79998779296875,7270
2020-09-24,440.0,446.20001220703125,424.3999938964844,433.20001220703125,433.20001220703125,3820
2020-09-25,429.3999938964844,479.0,429.3999938964844,468.6000061035156,468.6000061035156,5590
2020-09-28,475.20001220703125,475.20001220703125,431.6000061035156,453.0,453.0,4885
2020-09-29,453.20001220703125,464.79998779296875,438.5,452.3999938964844,452.3999938964844,4275
2020-09-30,453.6000061035156,485.79998779296875,453.6000061035156,481.20001220703125,481.20001220703125,3130
2020-10-01,486.6000061035156,542.7999877929688,484.5,521.4000244140625,521.4000244140625,6510
2020-10-02,513.5999755859375,523.5999755859375,493.3999938964844,501.20001220703125,501.20001220703125,1860
2020-10-05,504.6000061035156,555.2000122070312,504.6000061035156,534.2000122070312,534.2000122070312,16520
2020-10-06,549.5,555.0,510.0,540.0,540.0,10090
2020-10-07,540.2000122070312,590.0,539.7999877929688,587.7999877929688,587.7999877929688,6430
2020-10-08,590.0,598.4000244140625,564.7999877929688,583.0,583.0,3040
2020-10-09,562.5,593.7999877929688,545.4000244140625,573.0,573.0,5800
2020-10-12,574.0,575.7999877929688,514.0,522.2000122070312,522.2000122070312,3745
2020-10-13,525.2000122070312,542.7999877929688,520.0,530.0,530.0,14205
2020-10-14,536.5999755859375,542.7999877929688,502.0,515.0,515.0,6370
2020-10-15,514.2000122070312,523.4000244140625,501.20001220703125,516.5999755859375,516.5999755859375,14590
2020-10-16,507.0,511.55999755859375,466.0,480.79998779296875,480.79998779296875,18565
2020-10-19,483.20001220703125,483.20001220703125,448.0,470.0,470.0,11385
2020-10-20,479.3999938964844,496.0,444.6000061035156,491.0,491.0,8365
2020-10-21,493.0,528.5999755859375,476.79998779296875,520.0,520.0,4925
2020-10-22,497.79998779296875,556.4000244140625,496.6000061035156,531.7999877929688,531.7999877929688,4500
2020-10-23,536.2000122070312,542.7999877929688,515.5,535.5999755859375,535.5999755859375,2455
2020-10-26,528.0,541.7999877929688,500.79998779296875,520.0,520.0,2925
2020-10-27,516.7999877929688,527.7000122070312,498.0,513.4000244140625,513.4000244140625,6395
2020-10-28,499.0,513.4000244140625,461.0,465.6000061035156,465.6000061035156,7040
2020-10-29,461.20001220703125,465.6000061035156,445.0,452.0,452.0,10180
2020-10-30,451.6000061035156,483.5,425.79998779296875,436.20001220703125,436.20001220703125,5985
2020-11-02,458.6000061035156,469.6000061035156,428.20001220703125,433.0,433.0,6335
2020-11-03,437.79998779296875,450.1000061035156,410.0,435.6000061035156,435.6000061035156,15315
2020-11-04,433.20001220703125,456.29998779296875,424.3999938964844,439.0,439.0,13610
2020-11-05,447.0,447.0,400.6000061035156,401.6000061035156,401.6000061035156,10630
2020-11-06,421.6000061035156,424.6000061035156,393.3999938964844,408.0,408.0,17055
2020-11-09,402.79998779296875,415.6000061035156,394.8999938964844,400.20001220703125,400.20001220703125,10065
2020-11-10,404.3999938964844,468.20001220703125,399.20001220703125,434.0,434.0,11120
2020-11-11,436.6000061035156,451.70001220703125,409.3999938964844,418.20001220703125,418.20001220703125,4600
2020-11-12,414.6000061035156,425.20001220703125,412.0,420.0,420.0,5085
2020-11-13,440.70001220703125,440.70001220703125,417.6000061035156,427.79998779296875,427.79998779296875,10110
2020-11-16,432.20001220703125,436.3999938964844,418.0,420.0,420.0,7790
2020-11-17,423.6000061035156,428.0,413.20001220703125,416.20001220703125,416.20001220703125,10700
2020-11-18,419.20001220703125,426.6000061035156,407.3999938964844,408.79998779296875,408.79998779296875,7450
2020-11-19,409.0,420.0,405.20001220703125,419.6000061035156,419.6000061035156,6040
2020-11-20,417.0,500.0,412.0,496.79998779296875,496.79998779296875,34200
2020-11-23,487.6000061035156,509.1199951171875,470.6000061035156,489.6000061035156,489.6000061035156,8260
2020-11-24,501.0,501.0,477.79998779296875,493.20001220703125,493.20001220703125,6125
2020-11-25,492.3999938964844,494.20001220703125,472.0,480.0,480.0,8155
2020-11-27,482.0,538.5999755859375,482.0,529.0,529.0,4055
2020-11-30,551.4000244140625,560.0,493.20001220703125,504.79998779296875,504.79998779296875,9975
2020-12-01,519.2000122070312,519.2000122070312,485.20001220703125,491.6000061035156,491.6000061035156,10120
2020-12-02,492.20001220703125,492.20001220703125,471.6000061035156,488.79998779296875,488.79998779296875,5650
2020-12-03,486.0,513.4000244140625,478.79998779296875,506.79998779296875,506.79998779296875,5080
2020-12-04,526.4000244140625,542.2000122070312,511.3999938964844,538.7999877929688,538.7999877929688,6850
2020-12-07,519.4000244140625,614.0,519.4000244140625,613.4000244140625,613.4000244140625,13715
2020-12-08,608.5999755859375,616.0,566.0,613.0,613.0,20345
2020-12-09,610.0,619.8200073242188,553.7999877929688,558.0,558.0,15035
2020-12-10,561.7999877929688,585.0,550.0,566.7999877929688,566.7999877929688,10705
2020-12-11,567.5999755859375,600.0,541.0,551.2000122070312,551.2000122070312,8360
2020-12-14,569.0,598.0,562.5999755859375,575.0,575.0,9160
2020-12-15,582.0,596.5999755859375,565.4000244140625,594.5999755859375,594.5999755859375,4525
2020-12-16,595.0,605.5999755859375,565.2000122070312,568.5999755859375,568.5999755859375,9300
2020-12-17,570.0,580.0,540.0,552.5999755859375,552.5999755859375,10160
2020-12-18,563.4000244140625,563.7000122070312,514.2000122070312,518.5999755859375,518.5999755859375,30080
2020-12-21,510.0,521.7999877929688,492.0,516.4000244140625,516.4000244140625,9375
2020-12-22,519.4000244140625,550.5999755859375,513.2999877929688,546.2000122070312,546.2000122070312,4980
2020-12-23,546.2000122070312,567.8800048828125,490.0,504.0,504.0,8925
2020-12-24,513.0,516.0,488.79998779296875,501.79998779296875,501.79998779296875,5685
2020-12-28,127.0,135.39999389648438,107.0,110.0,110.0,805205
2020-12-29,113.5999984741211,116.4000015258789,100.19999694824219,101.0,101.0,311040
2020-12-30,99.4000015258789,108.0,94.5999984741211,101.4000015258789,101.4000015258789,227895
2020-12-31,103.0,103.4000015258789,96.80000305175781,98.4000015258789,98.4000015258789,105955
2021-01-04,98.80000305175781,100.55999755859375,93.19999694824219,94.5999984741211,94.5999984741211,98140
2021-01-05,94.0,99.0,93.4000015258789,98.0,98.0,114475
2021-01-06,100.80000305175781,104.0,95.19999694824219,98.0,98.0,99140
2021-01-07,100.4000015258789,104.0,99.0,102.4000015258789,102.4000015258789,102025
2021-01-08,103.45999908447266,105.0,99.0,102.0,102.0,74950
2021-01-11,102.19999694824219,108.4000015258789,101.19999694824219,104.80000305175781,104.80000305175781,97465
2021-01-12,105.80000305175781,106.0,101.0,102.5999984741211,102.5999984741211,68155
2021-01-13,111.66000366210938,111.80000305175781,102.4000015258789,104.0,104.0,170455
2021-01-14,105.0,105.80000305175781,102.5999984741211,104.19999694824219,104.19999694824219,83485
2021-01-15,103.5999984741211,105.0,101.19999694824219,103.0,103.0,76745
2021-01-19,104.0,108.5999984741211,102.80000305175781,108.0,108.0,95795
2021-01-20,108.0,120.80000305175781,106.22000122070312,112.80000305175781,112.80000305175781,151770
2021-01-21,115.0,118.0,109.19999694824219,117.4000015258789,117.4000015258789,98185
2021-01-22,117.4000015258789,120.0,113.4000015258789,114.19999694824219,114.19999694824219,81445
2021-01-25,116.80000305175781,117.18000030517578,110.5999984741211,114.0,114.0,70380
2021-01-26,113.80000305175781,114.5999984741211,112.4000015258789,112.80000305175781,112.80000305175781,85565
2021-01-27,109.5999984741211,112.5999984741211,105.19999694824219,107.5999984741211,107.5999984741211,102695
2021-01-28,108.22000122070312,111.5999984741211,102.4000015258789,108.19999694824219,108.19999694824219,69660
2021-01-29,110.5999984741211,115.5999984741211,106.80000305175781,110.4000015258789,110.4000015258789,98980
2021-02-01,112.19999694824219,116.0,111.19999694824219,115.5999984741211,115.5999984741211,67525
2021-02-02,117.0,128.0,113.0,124.5999984741211,124.5999984741211,155025
2021-02-03,126.0,150.0,126.0,134.39999389648438,134.39999389648438,295785
2021-02-04,140.02000427246094,142.8000030517578,126.4000015258789,127.5999984741211,127.5999984741211,122300
2021-02-05,130.0,138.60000610351562,128.0,133.0,133.0,79280
2021-02-08,137.8000030517578,142.8000030517578,134.0,138.60000610351562,138.60000610351562,87265
2021-02-09,140.60000610351562,147.0,137.0,143.1999969482422,143.1999969482422,69305
2021-02-10,145.1999969482422,166.0,144.66000366210938,163.0,163.0,210355
2021-02-11,169.0,169.1999969482422,146.60000610351562,147.0,147.0,178900
2021-02-12,147.1999969482422,151.0,141.1999969482422,145.60000610351562,145.60000610351562,50710
2021-02-16,148.0,149.0,140.1999969482422,142.1999969482422,142.1999969482422,71735
2021-02-17,142.1999969482422,142.1999969482422,132.0,138.1999969482422,138.1999969482422,63855
2021-02-18,133.39999389648438,135.60000610351562,126.19999694824219,132.60000610351562,132.60000610351562,62005
2021-02-19,131.39999389648438,139.8000030517578,131.1999969482422,137.0,137.0,43185
2021-02-22,137.60000610351562,139.0,130.1999969482422,131.1999969482422,131.1999969482422,37475
2021-02-23,122.4000015258789,128.1999969482422,112.4000015258789,128.0,128.0,67030
2021-02-24,129.1999969482422,130.8000030517578,126.0,126.4000015258789,126.4000015258789,22630
2021-02-25,125.4000015258789,128.39999389648438,117.0,120.0,120.0,52465
2021-02-26,123.4000015258789,125.19999694824219,115.19999694824219,120.5999984741211,120.5999984741211,35435
2021-03-01,123.0,124.5999984741211,118.4000015258789,120.5999984741211,120.5999984741211,24415
2021-03-02,120.0,121.5,117.4000015258789,118.19999694824219,118.19999694824219,27280
2021-03-03,119.0,119.80000305175781,114.4000015258789,115.4000015258789,115.4000015258789,26955
2021-03-04,115.0,115.80000305175781,104.0,109.0,109.0,47770
2021-03-05,109.0,109.0,96.4000015258789,107.69999694824219,107.69999694824219,46950
2021-03-08,107.0,111.30000305175781,106.0,106.4000015258789,106.4000015258789,20340
2021-03-09,109.5999984741211,112.5999984741211,108.0,111.0,111.0,29775
2021-03-10,114.19999694824219,119.19999694824219,111.4000015258789,114.5999984741211,114.5999984741211,28905
2021-03-11,117.4000015258789,118.19999694824219,112.5999984741211,118.19999694824219,118.19999694824219,32945
2021-03-12,117.19999694824219,121.0,115.4000015258789,119.19999694824219,119.19999694824219,20270
2021-03-15,119.80000305175781,121.5999984741211,118.19999694824219,120.0,120.0,27985
2021-03-16,120.0,130.60000610351562,118.31999969482422,123.0,123.0,82800
2021-03-17,113.0,121.0,108.4000015258789,118.5999984741211,118.5999984741211,50000
2021-03-18,117.80000305175781,124.80000305175781,115.4000015258789,116.0,116.0,31175
2021-03-19,116.19999694824219,117.77999877929688,110.5999984741211,114.0,114.0,39945
2021-03-22,113.4000015258789,115.0,110.80000305175781,111.80000305175781,111.80000305175781,19800
2021-03-23,110.80000305175781,111.4000015258789,103.19999694824219,104.19999694824219,104.19999694824219,36075
2021-03-24,104.4000015258789,104.80000305175781,98.5999984741211,99.4000015258789,99.4000015258789,34300
2021-03-25,100.0,104.5999984741211,96.5999984741211,104.19999694824219,104.19999694824219,24540
2021-03-26,104.5999984741211,104.77999877929688,98.19999694824219,102.0,102.0,22320
2021-03-29,101.0,101.58000183105469,95.5999984741211,97.4000015258789,97.4000015258789,25525
2021-03-30,98.0,98.0,92.80000305175781,95.80000305175781,95.80000305175781,31645
2021-03-31,97.0,103.0,96.4000015258789,102.0,102.0,19220
2021-04-01,102.80000305175781,103.80000305175781,100.19999694824219,100.80000305175781,100.80000305175781,13500
2021-04-05,102.19999694824219,103.0,97.4000015258789,101.19999694824219,101.19999694824219,12330
2021-04-06,100.80000305175781,102.0,99.0,99.5999984741211,99.5999984741211,11105
2021-04-07,99.4000015258789,101.5999984741211,96.5999984741211,96.80000305175781,96.80000305175781,20570
2021-04-08,107.76000213623047,115.0,100.80000305175781,110.0,110.0,691265
2021-04-09,106.19999694824219,108.37999725341797,98.5999984741211,99.4000015258789,99.4000015258789,92620
2021-04-12,99.0,99.0,87.9000015258789,88.4000015258789,88.4000015258789,89120
2021-04-13,87.80000305175781,89.80000305175781,86.19999694824219,89.0,89.0,32040
2021-04-14,89.19999694824219,94.62000274658203,87.19999694824219,88.80000305175781,88.80000305175781,68910
2021-04-15,90.0,90.68000030517578,85.19999694824219,86.4000015258789,86.4000015258789,45365
2021-04-16,85.80000305175781,93.5999984741211,84.0,93.0,93.0,40425
2021-04-19,93.80000305175781,94.0,88.19999694824219,89.19999694824219,89.19999694824219,19915
2021-04-20,90.0,91.19999694824219,86.80000305175781,88.0,88.0,22695
2021-04-21,88.80000305175781,92.5999984741211,83.80000305175781,91.4000015258789,91.4000015258789,30835
2021-04-22,90.80000305175781,95.80000305175781,89.4000015258789,90.80000305175781,90.80000305175781,36005
2021-04-23,91.5999984741211,95.0,90.0,92.19999694824219,92.19999694824219,23865
2021-04-26,92.80000305175781,96.80000305175781,90.19999694824219,96.4000015258789,96.4000015258789,18920
2021-04-27,97.4000015258789,97.5999984741211,93.0,93.80000305175781,93.80000305175781,11190
2021-04-28,92.5999984741211,96.80000305175781,92.0,96.0,96.0,11820
2021-04-29,96.80000305175781,97.4000015258789,92.0,95.0,95.0,16095
2021-04-30,94.4000015258789,95.0,92.08000183105469,93.80000305175781,93.80000305175781,14100
2021-05-03,93.80000305175781,95.0,91.4000015258789,92.80000305175781,92.80000305175781,9835
2021-05-04,91.4000015258789,91.41999816894531,86.5999984741211,87.0,87.0,19360
2021-05-05,87.0,88.5,85.5999984741211,86.80000305175781,86.80000305175781,18030
2021-05-06,86.80000305175781,87.4000015258789,83.0,85.19999694824219,85.19999694824219,20345
2021-05-07,85.19999694824219,86.91999816894531,82.5999984741211,86.0,86.0,20565
2021-05-10,86.0,87.19999694824219,83.19999694824219,84.80000305175781,84.80000305175781,11360
2021-05-11,80.4000015258789,84.4000015258789,80.0,82.4000015258789,82.4000015258789,15660
2021-05-12,81.80000305175781,85.4000015258789,81.0,81.4000015258789,81.4000015258789,17810
2021-05-13,81.80000305175781,82.5999984741211,77.5999984741211,81.0,81.0,28185
2021-05-14,81.0,83.80000305175781,79.5999984741211,82.4000015258789,82.4000015258789,20815
2021-05-17,82.19999694824219,85.5999984741211,80.80000305175781,84.0,84.0,11460
2021-05-18,85.0,89.0,84.19999694824219,87.4000015258789,87.4000015258789,17350
2021-05-19,86.0,88.19999694824219,84.0,85.5999984741211,85.5999984741211,11525
2021-05-20,85.19999694824219,88.0,84.19999694824219,86.4000015258789,86.4000015258789,13580
2021-05-21,87.19999694824219,87.80000305175781,84.5999984741211,84.80000305175781,84.80000305175781,8460
2021-05-24,84.80000305175781,85.0999984741211,80.66000366210938,81.0,81.0,14890
2021-05-25,82.19999694824219,83.5999984741211,80.0,81.4000015258789,81.4000015258789,9805
2021-05-26,80.80000305175781,83.80000305175781,80.80000305175781,83.5999984741211,83.5999984741211,11675
2021-05-27,84.0,85.19999694824219,82.4000015258789,83.0,83.0,20530
2021-05-28,83.0,87.0,83.0,84.4000015258789,84.4000015258789,8865
2021-06-01,84.4000015258789,91.19999694824219,82.4000015258789,90.5999984741211,90.5999984741211,23930
2021-06-02,90.19999694824219,98.19999694824219,88.80000305175781,91.0,91.0,37855
2021-06-03,90.4000015258789,99.80000305175781,89.9000015258789,96.0,96.0,35610
2021-06-04,99.0,100.80000305175781,92.5999984741211,94.5999984741211,94.5999984741211,27180
2021-06-07,95.4000015258789,100.0,94.0,100.0,100.0,27885
2021-06-08,100.0,102.5999984741211,96.19999694824219,98.19999694824219,98.19999694824219,20405
2021-06-09,99.4000015258789,102.80000305175781,98.5999984741211,100.0,100.0,17840
2021-06-10,99.5999984741211,102.5,97.0,101.19999694824219,101.19999694824219,16085
2021-06-11,102.0,109.5999984741211,99.19999694824219,102.80000305175781,102.80000305175781,64420
2021-06-14,103.41999816894531,104.4000015258789,98.80000305175781,100.80000305175781,100.80000305175781,26600
2021-06-15,100.80000305175781,101.0,96.5999984741211,97.0,97.0,21995
2021-06-16,146.1999969482422,156.0,106.5999984741211,107.5999984741211,107.5999984741211,7002635
2021-06-17,99.5999984741211,105.4000015258789,96.4000015258789,100.80000305175781,100.80000305175781,238685
2021-06-18,98.80000305175781,99.80000305175781,95.4000015258789,96.4000015258789,96.4000015258789,80320
2021-06-21,95.72000122070312,96.80000305175781,88.4000015258789,91.0,91.0,73150
2021-06-22,92.0,93.19999694824219,88.80000305175781,93.0,93.0,23360
2021-06-23,92.0,97.19999694824219,92.0,96.5999984741211,96.5999984741211,28960
2021-06-24,97.19999694824219,100.80000305175781,96.80000305175781,99.0,99.0,31415
2021-06-25,98.0,101.4000015258789,98.0,100.4000015258789,100.4000015258789,79690
2021-06-28,102.0,102.80000305175781,97.0,98.19999694824219,98.19999694824219,23695
2021-06-29,98.0,100.5999984741211,96.0,97.0,97.0,19220
2021-06-30,97.0,98.4000015258789,94.4000015258789,97.5999984741211,97.5999984741211,32620
2021-07-01,99.19999694824219,113.77999877929688,98.69999694824219,108.4000015258789,108.4000015258789,297130
2021-07-02,106.0,108.19999694824219,100.80000305175781,105.19999694824219,105.19999694824219,84650
2021-07-06,104.19999694824219,109.4000015258789,100.80000305175781,106.4000015258789,106.4000015258789,59090
2021-07-07,105.80000305175781,111.80000305175781,103.19999694824219,108.5999984741211,108.5999984741211,110900
2021-07-08,106.19999694824219,107.80000305175781,102.0,103.5999984741211,103.5999984741211,57020
2021-07-09,105.0,114.0,102.5999984741211,112.5999984741211,112.5999984741211,120710
2021-07-12,112.4000015258789,112.5,105.5999984741211,110.80000305175781,110.80000305175781,84705
2021-07-13,108.4800033569336,113.4000015258789,104.0,106.0,106.0,57345
2021-07-14,105.4000015258789,106.19999694824219,101.0,102.19999694824219,102.19999694824219,35705
2021-07-15,101.5999984741211,102.31999969482422,97.5999984741211,101.80000305175781,101.80000305175781,40825
2021-07-16,101.5999984741211,103.80000305175781,99.4000015258789,100.80000305175781,100.80000305175781,26670
2021-07-19,97.0,100.5999984741211,95.30000305175781,97.19999694824219,97.19999694824219,54550
2021-07-20,97.4000015258789,101.80000305175781,95.45999908447266,101.4000015258789,101.4000015258789,31755
2021-07-21,107.0,117.80000305175781,93.0,95.80000305175781,95.80000305175781,1208150
2021-07-22,93.80000305175781,96.0,85.80000305175781,87.0,87.0,130405
2021-07-23,88.19999694824219,88.69999694824219,84.0,87.4000015258789,87.4000015258789,74820
2021-07-26,87.19999694824219,89.5999984741211,84.0,84.5999984741211,84.5999984741211,63905
2021-07-27,84.80000305175781,88.5999984741211,82.4000015258789,85.19999694824219,85.19999694824219,39885
2021-07-28,86.4000015258789,91.0,85.0,90.19999694824219,90.19999694824219,30910
2021-07-29,88.5999984741211,89.72000122070312,86.19999694824219,86.80000305175781,86.80000305175781,18320
2021-07-30,85.5999984741211,88.0,84.4000015258789,84.5999984741211,84.5999984741211,21520
2021-08-02,84.4000015258789,87.69999694824219,83.5999984741211,85.5999984741211,85.5999984741211,19905
2021-08-03,86.5999984741211,86.5999984741211,83.5999984741211,85.0,85.0,19105
2021-08-04,85.0,87.5999984741211,82.4000015258789,83.80000305175781,83.80000305175781,24785
2021-08-05,84.0,87.5999984741211,83.19999694824219,86.0,86.0,62470
2021-08-06,80.0,88.4000015258789,78.0,86.19999694824219,86.19999694824219,52930
2021-08-09,85.19999694824219,86.5999984741211,82.19999694824219,82.80000305175781,82.80000305175781,17300
2021-08-10,83.0,84.12000274658203,80.80000305175781,82.80000305175781,82.80000305175781,12910
2021-08-11,82.5999984741211,82.80000305175781,81.19999694824219,82.0,82.0,10180
2021-08-12,76.80000305175781,82.68000030517578,76.0199966430664,80.80000305175781,80.80000305175781,47435
2021-08-13,75.0,76.19999694824219,67.5999984741211,73.0,73.0,67290
2021-08-16,71.80000305175781,72.80000305175781,69.4000015258789,71.0,71.0,22585
2021-08-17,71.0,72.05999755859375,68.4800033569336,71.0,71.0,33440
2021-08-18,72.0,76.80000305175781,69.4000015258789,72.4000015258789,72.4000015258789,69940
2021-08-19,70.19999694824219,72.80000305175781,68.4000015258789,68.5999984741211,68.5999984741211,43970
2021-08-20,68.0,71.80000305175781,63.400001525878906,71.0,71.0,41375
2021-08-23,72.19999694824219,75.5999984741211,71.19999694824219,74.5999984741211,74.5999984741211,45870
2021-08-24,75.80000305175781,82.19999694824219,73.4000015258789,81.19999694824219,81.19999694824219,45545
2021-08-25,80.80000305175781,82.5999984741211,78.0,79.5999984741211,79.5999984741211,23485
2021-08-26,79.80000305175781,85.69999694824219,79.80000305175781,83.80000305175781,83.80000305175781,34515
2021-08-27,83.80000305175781,86.5999984741211,82.19999694824219,85.80000305175781,85.80000305175781,18165
2021-08-30,86.19999694824219,86.81999969482422,82.19999694824219,86.4000015258789,86.4000015258789,22215
2021-08-31,86.0,94.0,86.0,92.4000015258789,92.4000015258789,35020
2021-09-01,93.19999694824219,95.5999984741211,89.0,94.5999984741211,94.5999984741211,30540
2021-09-02,94.19999694824219,95.9000015258789,91.19999694824219,95.5999984741211,95.5999984741211,26005
2021-09-03,95.5999984741211,95.5999984741211,91.19999694824219,93.80000305175781,93.80000305175781,24675
2021-09-07,93.80000305175781,95.0,89.5999984741211,93.19999694824219,93.19999694824219,20100
2021-09-08,92.5999984741211,92.80000305175781,88.0,88.80000305175781,88.80000305175781,27190
2021-09-09,89.19999694824219,93.19999694824219,87.19999694824219,92.80000305175781,92.80000305175781,25025
2021-09-10,91.4000015258789,93.4000015258789,90.4000015258789,91.80000305175781,91.80000305175781,13690
2021-09-13,90.0,92.0,87.0,88.0,88.0,17505
2021-09-14,89.5999984741211,95.5999984741211,88.80000305175781,90.4000015258789,90.4000015258789,29900
2021-09-15,93.63999938964844,93.63999938964844,90.19999694824219,92.80000305175781,92.80000305175781,19235
2021-09-16,94.19999694824219,97.19999694824219,91.0,96.80000305175781,96.80000305175781,26180
2021-09-17,95.80000305175781,102.5999984741211,94.0,101.19999694824219,101.19999694824219,91595
2021-09-20,109.4000015258789,111.80000305175781,94.5999984741211,97.0,97.0,963790
2021-09-21,98.80000305175781,101.0,88.80000305175781,93.4000015258789,93.4000015258789,445210
2021-09-22,91.4000015258789,92.5999984741211,86.4000015258789,90.0,90.0,127425
2021-09-23,89.5999984741211,92.80000305175781,86.4000015258789,90.5999984741211,90.5999984741211,93010
2021-09-24,90.0,95.19999694824219,88.19999694824219,90.80000305175781,90.80000305175781,54770
2021-09-27,91.5999984741211,94.5999984741211,89.0,92.80000305175781,92.80000305175781,31005
2021-09-28,91.54000091552734,107.19999694824219,89.80000305175781,103.0,103.0,171965
2021-09-29,101.80000305175781,108.0,94.80000305175781,101.80000305175781,101.80000305175781,211985
2021-09-30,101.5999984741211,105.19999694824219,98.5999984741211,102.19999694824219,102.19999694824219,83940
2021-10-01,101.4000015258789,102.4000015258789,95.19999694824219,99.5,99.5,100965
2021-10-04,98.76000213623047,106.19999694824219,97.19999694824219,105.80000305175781,105.80000305175781,93285
2021-10-05,104.80000305175781,106.80000305175781,99.4000015258789,101.4000015258789,101.4000015258789,79450
2021-10-06,100.4000015258789,102.4000015258789,98.19999694824219,100.19999694824219,100.19999694824219,45615
2021-10-07,100.80000305175781,105.5999984741211,99.0199966430664,103.19999694824219,103.19999694824219,59480
2021-10-08,103.5999984741211,112.80000305175781,102.4000015258789,107.80000305175781,107.80000305175781,117445
2021-10-11,107.19999694824219,113.4000015258789,104.30000305175781,109.4000015258789,109.4000015258789,82555
2021-10-12,109.5999984741211,111.80000305175781,103.4000015258789,110.19999694824219,110.19999694824219,92055
2021-10-13,109.5999984741211,112.4000015258789,105.80000305175781,111.5999984741211,111.5999984741211,85790
2021-10-14,111.4000015258789,112.4000015258789,105.4000015258789,107.0,107.0,84335
2021-10-15,107.5999984741211,107.69999694824219,98.4000015258789,102.80000305175781,102.80000305175781,155210
2021-10-18,101.80000305175781,106.0,100.4000015258789,105.5999984741211,105.5999984741211,48370
2021-10-19,104.19999694824219,106.80000305175781,103.19999694824219,104.4000015258789,104.4000015258789,42165
2021-10-20,104.19999694824219,105.0,101.19999694824219,102.5999984741211,102.5999984741211,34855
2021-10-21,102.4000015258789,106.5999984741211,102.0,102.19999694824219,102.19999694824219,38325
2021-10-22,97.5999984741211,98.80000305175781,93.4000015258789,95.0,95.0,89410
2021-10-25,94.5999984741211,99.80000305175781,92.0,97.19999694824219,97.19999694824219,58155
2021-10-26,96.19999694824219,107.4000015258789,95.19999694824219,101.19999694824219,101.19999694824219,126030
2021-10-27,99.80000305175781,101.80000305175781,96.19999694824219,97.5999984741211,97.5999984741211,42210
2021-10-28,97.5999984741211,100.80000305175781,97.16000366210938,100.0,100.0,27950
2021-10-29,100.19999694824219,103.19999694824219,98.5999984741211,99.0,99.0,27775
2021-11-01,100.19999694824219,102.4000015258789,98.0,100.80000305175781,100.80000305175781,23865
2021-11-02,100.0,102.5999984741211,98.19999694824219,102.4000015258789,102.4000015258789,30645
2021-11-03,102.80000305175781,108.4000015258789,99.80000305175781,105.5999984741211,105.5999984741211,85010
2021-11-04,104.0,109.19999694824219,101.5999984741211,102.4000015258789,102.4000015258789,61940
2021-11-05,103.4000015258789,104.80000305175781,99.5999984741211,100.80000305175781,100.80000305175781,40140
2021-11-08,101.4000015258789,103.4000015258789,99.5999984741211,100.80000305175781,100.80000305175781,29210
2021-11-09,101.4000015258789,105.5999984741211,99.4000015258789,101.0,101.0,49355
2021-11-10,101.0,104.4000015258789,98.4000015258789,98.4000015258789,98.4000015258789,33745
2021-11-11,99.5999984741211,100.0,96.4000015258789,98.19999694824219,98.19999694824219,34070
2021-11-12,97.80000305175781,98.80000305175781,95.5999984741211,98.19999694824219,98.19999694824219,40540
2021-11-15,98.5999984741211,98.5999984741211,95.5999984741211,96.4000015258789,96.4000015258789,21850
2021-11-16,95.5999984741211,95.5999984741211,89.4000015258789,93.4000015258789,93.4000015258789,68015
2021-11-17,92.5999984741211,92.80000305175781,88.4000015258789,89.4000015258789,89.4000015258789,37535
2021-11-18,90.0,90.5999984741211,84.26000213623047,85.0,85.0,45735
2021-11-19,85.19999694824219,89.19999694824219,85.0,87.5999984741211,87.5999984741211,23270
2021-11-22,88.0999984741211,88.5999984741211,79.4000015258789,80.4000015258789,80.4000015258789,54495
2021-11-23,81.0,83.0,78.19999694824219,82.0,82.0,34875
2021-11-24,81.4000015258789,86.5,80.87999725341797,86.0,86.0,18730
2021-11-26,82.5,85.5999984741211,81.4000015258789,83.0,83.0,11640
2021-11-29,82.4000015258789,84.0,79.80000305175781,80.19999694824219,80.19999694824219,21075
2021-11-30,80.0,81.4000015258789,76.91999816894531,80.80000305175781,80.80000305175781,25410
2021-12-01,80.4000015258789,82.80000305175781,76.0,76.4000015258789,76.4000015258789,28690
2021-12-02,76.4000015258789,78.80000305175781,73.19999694824219,78.0,78.0,32465
2021-12-03,78.5999984741211,78.5999984741211,72.5999984741211,73.80000305175781,73.80000305175781,31975
2021-12-06,72.4000015258789,75.5999984741211,68.4000015258789,74.19999694824219,74.19999694824219,37325
2021-12-07,75.4000015258789,79.0,75.19999694824219,76.4000015258789,76.4000015258789,36695
2021-12-08,77.4000015258789,86.30000305175781,77.0,82.4000015258789,82.4000015258789,44655
2021-12-09,93.62000274658203,94.0,81.19999694824219,84.19999694824219,84.19999694824219,322095
2021-12-10,85.5999984741211,85.91999816894531,78.63999938964844,84.80000305175781,84.80000305175781,75645
2021-12-13,81.80000305175781,82.19999694824219,70.0999984741211,75.5999984741211,75.5999984741211,122035
2021-12-14,72.80000305175781,74.0199966430664,67.4000015258789,68.0,68.0,86675
2021-12-15,67.83999633789062,69.80000305175781,62.79999923706055,68.80000305175781,68.80000305175781,70640
2021-12-16,68.4000015258789,68.80000305175781,64.19999694824219,65.19999694824219,65.19999694824219,28350
2021-12-17,64.0,69.30000305175781,63.400001525878906,66.4000015258789,66.4000015258789,48575
2021-12-20,65.0,67.19999694824219,63.599998474121094,65.19999694824219,65.19999694824219,28045
2021-12-21,66.0,67.5999984741211,64.80000305175781,66.80000305175781,66.80000305175781,22555
2021-12-22,66.80000305175781,68.4000015258789,65.4000015258789,66.0,66.0,23310
2021-12-23,66.5999984741211,68.80000305175781,66.0,67.4000015258789,67.4000015258789,24525
2021-12-27,67.0,67.4000015258789,63.0,64.19999694824219,64.19999694824219,29675
2021-12-28,63.79999923706055,65.0,59.0,59.400001525878906,59.400001525878906,52815
2021-12-29,60.0,60.0,55.7599983215332,57.599998474121094,57.599998474121094,32245
2021-12-30,57.400001525878906,60.400001525878906,57.400001525878906,58.79999923706055,58.79999923706055,25470
2021-12-31,58.400001525878906,61.0,57.20000076293945,57.400001525878906,57.400001525878906,39900
2022-01-03,57.400001525878906,64.19999694824219,57.20000076293945,63.20000076293945,63.20000076293945,31345
2022-01-04,62.79999923706055,63.5,60.20000076293945,61.400001525878906,61.400001525878906,18840
2022-01-05,60.79999923706055,61.63999938964844,57.0,57.79999923706055,57.79999923706055,20210
2022-01-06,57.63999938964844,60.0,54.20000076293945,55.400001525878906,55.400001525878906,24620
2022-01-07,55.400001525878906,57.58000183105469,54.599998474121094,55.79999923706055,55.79999923706055,15745
2022-01-10,54.599998474121094,56.29999923706055,53.0,55.79999923706055,55.79999923706055,13525
2022-01-11,55.20000076293945,58.20000076293945,54.79999923706055,57.400001525878906,57.400001525878906,12310
2022-01-12,57.599998474121094,59.0,55.0,55.20000076293945,55.20000076293945,15235
2022-01-13,55.20000076293945,56.20000076293945,51.0,51.400001525878906,51.400001525878906,42345
2022-01-14,51.400001525878906,52.91999816894531,49.599998474121094,52.79999923706055,52.79999923706055,25395
2022-01-18,51.20000076293945,52.0,50.0,50.0,50.0,15635
2022-01-19,49.20000076293945,50.599998474121094,48.0,49.0,49.0,16660
2022-01-20,48.0,51.400001525878906,47.20000076293945,47.79999923706055,47.79999923706055,23175
2022-01-21,47.20000076293945,47.79999923706055,45.540000915527344,46.0,46.0,21030
2022-01-24,42.400001525878906,45.0,39.400001525878906,42.0,42.0,44305
2022-01-25,41.79999923706055,45.599998474121094,40.400001525878906,44.79999923706055,44.79999923706055,24695
2022-01-26,45.0,46.20000076293945,41.79999923706055,42.20000076293945,42.20000076293945,19405
2022-01-27,43.400001525878906,43.79999923706055,38.20000076293945,38.20000076293945,38.20000076293945,25775
2022-01-28,38.599998474121094,40.20000076293945,36.79999923706055,39.599998474121094,39.599998474121094,20270
2022-01-31,39.599998474121094,42.79999923706055,39.599998474121094,41.79999923706055,41.79999923706055,16225
2022-02-01,42.400001525878906,44.20000076293945,40.400001525878906,43.599998474121094,43.599998474121094,11625
2022-02-02,43.599998474121094,44.20000076293945,41.0,42.0,42.0,20815
2022-02-03,41.599998474121094,42.599998474121094,40.400001525878906,40.599998474121094,40.599998474121094,16375
2022-02-04,41.20000076293945,41.79999923706055,39.20000076293945,40.79999923706055,40.79999923706055,12265
2022-02-07,40.79999923706055,42.0,40.20000076293945,40.79999923706055,40.79999923706055,13265
2022-02-08,40.79999923706055,40.79999923706055,39.20000076293945,40.400001525878906,40.400001525878906,11930
2022-02-09,40.20000076293945,41.70000076293945,39.599998474121094,41.599998474121094,41.599998474121094,21685
2022-02-10,41.20000076293945,42.599998474121094,39.599998474121094,40.0,40.0,20630
2022-02-11,40.20000076293945,41.79999923706055,37.0,37.79999923706055,37.79999923706055,36770
2022-02-14,37.0,38.20000076293945,36.0,36.0,36.0,20920
2022-02-15,36.20000076293945,38.0,36.20000076293945,37.400001525878906,37.400001525878906,20055
2022-02-16,36.79999923706055,39.0,36.79999923706055,37.79999923706055,37.79999923706055,11165
2022-02-17,38.0,38.0,35.220001220703125,35.599998474121094,35.599998474121094,16455
2022-02-18,36.0,36.52000045776367,34.0,35.400001525878906,35.400001525878906,14240
2022-02-22,34.599998474121094,35.79999923706055,33.79999923706055,34.400001525878906,34.400001525878906,12915
2022-02-23,35.20000076293945,35.20000076293945,32.20000076293945,32.400001525878906,32.400001525878906,13005
2022-02-24,29.600000381469727,34.20000076293945,29.280000686645508,33.400001525878906,33.400001525878906,14785
2022-02-25,33.599998474121094,35.599998474121094,32.79999923706055,34.79999923706055,34.79999923706055,13835
2022-02-28,34.0,35.79999923706055,33.20000076293945,34.79999923706055,34.79999923706055,15595
2022-03-01,35.0,36.91999816894531,34.20000076293945,34.599998474121094,34.599998474121094,11125
2022-03-02,34.79999923706055,36.0,34.0,34.599998474121094,34.599998474121094,7440
2022-03-03,34.599998474121094,35.0,33.20000076293945,33.400001525878906,33.400001525878906,7365
2022-03-04,33.599998474121094,33.79999923706055,31.200000762939453,31.799999237060547,31.799999237060547,11265
2022-03-07,31.799999237060547,33.599998474121094,31.0,32.79999923706055,32.79999923706055,14185
2022-03-08,32.79999923706055,34.599998474121094,32.0,33.599998474121094,33.599998474121094,12120
2022-03-09,33.599998474121094,38.20000076293945,33.599998474121094,37.400001525878906,37.400001525878906,18205
2022-03-10,36.79999923706055,38.2400016784668,34.20000076293945,36.400001525878906,36.400001525878906,7200
2022-03-11,36.400001525878906,36.599998474121094,34.599998474121094,34.599998474121094,34.599998474121094,9220
2022-03-14,35.0,35.099998474121094,33.0,33.0,33.0,9175
2022-03-15,33.79999923706055,35.79999923706055,33.0,34.79999923706055,34.79999923706055,9875
2022-03-16,35.20000076293945,40.20000076293945,34.599998474121094,39.79999923706055,39.79999923706055,116355
2022-03-17,37.0,38.79999923706055,35.79999923706055,36.400001525878906,36.400001525878906,48520
2022-03-18,36.20000076293945,37.599998474121094,35.0,36.20000076293945,36.20000076293945,17885
2022-03-21,36.20000076293945,37.0,34.599998474121094,36.400001525878906,36.400001525878906,30070
2022-03-22,36.400001525878906,38.599998474121094,35.599998474121094,36.400001525878906,36.400001525878906,19460
2022-03-23,36.20000076293945,37.599998474121094,36.0,37.400001525878906,37.400001525878906,9840
2022-03-24,37.0,37.400001525878906,35.599998474121094,36.599998474121094,36.599998474121094,12290
2022-03-25,35.599998474121094,36.599998474121094,35.0,35.20000076293945,35.20000076293945,7730
2022-03-28,35.400001525878906,36.20000076293945,33.0,33.79999923706055,33.79999923706055,23675
2022-03-29,34.20000076293945,35.880001068115234,33.79999923706055,35.0,35.0,10475
2022-03-30,35.400001525878906,38.400001525878906,35.20000076293945,36.400001525878906,36.400001525878906,25120
2022-03-31,36.20000076293945,37.599998474121094,35.599998474121094,37.20000076293945,37.20000076293945,13830
2022-04-01,37.20000076293945,38.0,36.400001525878906,37.0,37.0,7190
2022-04-04,37.20000076293945,39.29999923706055,36.400001525878906,38.20000076293945,38.20000076293945,9310
2022-04-05,38.20000076293945,40.79999923706055,37.599998474121094,38.79999923706055,38.79999923706055,18995
2022-04-06,38.599998474121094,38.599998474121094,36.400001525878906,37.0,37.0,14205
2022-04-07,37.79999923706055,38.400001525878906,36.0,36.20000076293945,36.20000076293945,8775
2022-04-08,36.0,37.0,34.599998474121094,35.0,35.0,16545
2022-04-11,34.79999923706055,37.400001525878906,34.0,36.599998474121094,36.599998474121094,32880
2022-04-12,36.20000076293945,37.79999923706055,33.79999923706055,34.400001525878906,34.400001525878906,25110
2022-04-13,34.0,35.20000076293945,33.20000076293945,33.79999923706055,33.79999923706055,15900
2022-04-14,33.79999923706055,34.0,32.20000076293945,32.79999923706055,32.79999923706055,9950
2022-04-18,33.20000076293945,33.20000076293945,30.399999618530273,31.0,31.0,17545
2022-04-19,30.799999237060547,32.79999923706055,30.0,31.399999618530273,31.399999618530273,14555
2022-04-20,31.600000381469727,32.599998474121094,30.600000381469727,31.399999618530273,31.399999618530273,5670
2022-04-21,31.600000381469727,32.0,29.600000381469727,29.799999237060547,29.799999237060547,10830
2022-04-22,29.799999237060547,30.799999237060547,28.399999618530273,30.200000762939453,30.200000762939453,15910
2022-04-25,30.0,32.0,29.399999618530273,31.799999237060547,31.799999237060547,5405
2022-04-26,32.0,32.70000076293945,30.0,30.600000381469727,30.600000381469727,7075
2022-04-27,30.200000762939453,30.600000381469727,29.399999618530273,29.799999237060547,29.799999237060547,8235
2022-04-28,30.0,30.799999237060547,28.600000381469727,30.399999618530273,30.399999618530273,5965
2022-04-29,29.799999237060547,31.399999618530273,28.799999237060547,29.200000762939453,29.200000762939453,6820
2022-05-02,28.799999237060547,30.799999237060547,28.559999465942383,29.799999237060547,29.799999237060547,7470
2022-05-03,30.600000381469727,30.799999237060547,29.200000762939453,30.200000762939453,30.200000762939453,11180
2022-05-04,29.799999237060547,31.0,28.940000534057617,30.399999618530273,30.399999618530273,6065
2022-05-05,30.0,30.0,27.399999618530273,28.200000762939453,28.200000762939453,9590
2022-05-06,28.399999618530273,29.079999923706055,25.399999618530273,26.639999389648438,26.639999389648438,9590
2022-05-09,27.399999618530273,27.399999618530273,23.200000762939453,23.600000381469727,23.600000381469727,18770
2022-05-10,23.399999618530273,24.600000381469727,22.399999618530273,23.899999618530273,23.899999618530273,8485
2022-05-11,23.399999618530273,24.0,20.399999618530273,21.0,21.0,16255
2022-05-12,20.399999618530273,22.600000381469727,19.399999618530273,21.600000381469727,21.600000381469727,22110
2022-05-13,21.200000762939453,24.200000762939453,21.0,23.799999237060547,23.799999237060547,9930
2022-05-16,24.0,24.200000762939453,19.200000762939453,19.260000228881836,19.260000228881836,60630
2022-05-17,19.0,19.200000762939453,13.279999732971191,13.539999961853027,13.539999961853027,198050
2022-05-18,14.199999809265137,14.199999809265137,12.399999618530273,12.5,12.5,62060
2022-05-19,12.399999618530273,13.800000190734863,12.399999618530273,12.9399995803833,12.9399995803833,38130
2022-05-20,13.460000038146973,14.479999542236328,12.399999618530273,13.180000305175781,13.180000305175781,52180
2022-05-23,13.9399995803833,15.800000190734863,13.199999809265137,14.899999618530273,14.899999618530273,53125
2022-05-24,15.199999809265137,15.199999809265137,13.020000457763672,13.359999656677246,13.359999656677246,17015
2022-05-25,13.399999618530273,14.199999809265137,13.0,13.199999809265137,13.199999809265137,12000
2022-05-26,13.199999809265137,16.200000762939453,13.0,16.100000381469727,16.100000381469727,83350
2022-05-27,16.100000381469727,17.84000015258789,14.600000381469727,16.399999618530273,16.399999618530273,48755
2022-05-31,17.15999984741211,17.600000381469727,16.020000457763672,16.760000228881836,16.760000228881836,19815
2022-06-01,17.0,17.5,15.079999923706055,15.300000190734863,15.300000190734863,4220
2022-06-02,15.300000190734863,16.739999771118164,15.0,15.779999732971191,15.779999732971191,6715
2022-06-03,16.0,17.200000762939453,15.600000381469727,16.639999389648438,16.639999389648438,7355
2022-06-06,16.84000015258789,17.520000457763672,15.680000305175781,16.200000762939453,16.200000762939453,4815
2022-06-07,16.079999923706055,16.719999313354492,15.220000267028809,15.9399995803833,15.9399995803833,10005
2022-06-08,15.800000190734863,17.399999618530273,15.800000190734863,17.020000457763672,17.020000457763672,5325
2022-06-09,17.0,18.799999237060547,16.399999618530273,18.299999237060547,18.299999237060547,13740
2022-06-10,17.760000228881836,18.200000762939453,17.200000762939453,17.600000381469727,17.600000381469727,13735
2022-06-13,16.84000015258789,17.700000762939453,15.520000457763672,16.020000457763672,16.020000457763672,6400
2022-06-14,16.0,16.260000228881836,15.0,15.5600004196167,15.5600004196167,4805
2022-06-15,15.399999618530273,17.0,15.0,16.639999389648438,16.639999389648438,6495
2022-06-16,16.219999313354492,17.0,15.300000190734863,15.84000015258789,15.84000015258789,3815
2022-06-17,15.960000038146973,17.0,15.180000305175781,16.0,16.0,4510
2022-06-21,16.3799991607666,16.3799991607666,15.600000381469727,16.239999771118164,16.239999771118164,5625
2022-06-22,16.0,17.200000762939453,16.0,16.719999313354492,16.719999313354492,6940
2022-06-23,17.18000030517578,17.600000381469727,16.399999618530273,16.700000762939453,16.700000762939453,3250
2022-06-24,16.600000381469727,17.260000228881836,16.0,16.0,16.0,10030
2022-06-27,16.0,18.200000762939453,16.0,17.1200008392334,17.1200008392334,8030
2022-06-28,18.18000030517578,18.18000030517578,16.200000762939453,16.200000762939453,16.200000762939453,4055
2022-06-29,16.239999771118164,17.0,15.600000381469727,15.739999771118164,15.739999771118164,7900
2022-06-30,15.760000228881836,15.760000228881836,14.65999984741211,15.0,15.0,3685
2022-07-01,15.0,16.0,15.0,15.5,15.5,2660
2022-07-05,15.779999732971191,16.780000686645508,15.100000381469727,16.600000381469727,16.600000381469727,6290
2022-07-06,16.81999969482422,17.0,15.859999656677246,16.600000381469727,16.600000381469727,8830
2022-07-07,16.600000381469727,16.899999618530273,15.619999885559082,16.0,16.0,227905
2022-07-08,20.0,21.200000762939453,17.540000915527344,19.0,19.0,1259300
2022-07-11,18.799999237060547,18.899999618530273,16.459999084472656,18.0,18.0,72740
2022-07-12,17.600000381469727,19.200000762939453,17.579999923706055,18.920000076293945,18.920000076293945,37065
2022-07-13,17.799999237060547,20.0,17.799999237060547,19.860000610351562,19.860000610351562,37060
2022-07-14,19.979999542236328,21.200000762939453,19.020000457763672,20.799999237060547,20.799999237060547,32685
2022-07-15,21.200000762939453,22.799999237060547,20.399999618530273,22.399999618530273,22.399999618530273,36135
2022-07-18,22.399999618530273,25.600000381469727,21.399999618530273,24.0,24.0,41365
2022-07-19,24.200000762939453,25.799999237060547,18.799999237060547,25.0,25.0,134905
2022-07-20,25.0,25.399999618530273,22.600000381469727,22.600000381469727,22.600000381469727,21665
2022-07-21,22.399999618530273,22.600000381469727,22.0,22.399999618530273,22.399999618530273,11825
2022-07-22,22.399999618530273,23.0,22.0,22.600000381469727,22.600000381469727,8765
2022-07-25,22.0,23.0,22.0,22.799999237060547,22.799999237060547,8755
2022-07-26,22.200000762939453,22.559999465942383,21.399999618530273,21.600000381469727,21.600000381469727,8525
2022-07-27,22.0,22.200000762939453,21.600000381469727,22.200000762939453,22.200000762939453,4615
2022-07-28,22.0,22.18000030517578,21.399999618530273,21.799999237060547,21.799999237060547,5700
2022-07-29,21.399999618530273,21.600000381469727,18.260000228881836,19.200000762939453,19.200000762939453,24280
2022-08-01,18.440000534057617,19.600000381469727,18.239999771118164,19.0,19.0,4930
2022-08-02,19.0,19.5,18.200000762939453,18.459999084472656,18.459999084472656,6310
2022-08-03,18.399999618530273,19.600000381469727,18.260000228881836,18.799999237060547,18.799999237060547,3570
2022-08-04,19.0,19.399999618530273,18.479999542236328,19.0,19.0,5590
2022-08-05,19.200000762939453,20.0,18.440000534057617,19.799999237060547,19.799999237060547,3995
2022-08-08,20.0,23.200000762939453,19.399999618530273,19.579999923706055,19.579999923706055,17125
2022-08-09,19.5,20.200000762939453,18.399999618530273,18.459999084472656,18.459999084472656,5085
2022-08-10,18.780000686645508,20.399999618530273,18.600000381469727,19.920000076293945,19.920000076293945,9980
2022-08-11,19.600000381469727,20.399999618530273,19.020000457763672,19.780000686645508,19.780000686645508,4750
2022-08-12,19.399999618530273,20.0,18.65999984741211,19.0,19.0,5380
2022-08-15,19.18000030517578,19.200000762939453,18.399999618530273,18.399999618530273,18.399999618530273,4440
2022-08-16,18.200000762939453,18.780000686645508,17.0,17.600000381469727,17.600000381469727,6785
2022-08-17,17.799999237060547,18.31999969482422,17.200000762939453,17.219999313354492,17.219999313354492,3520
2022-08-18,17.520000457763672,19.8799991607666,17.5,17.81999969482422,17.81999969482422,22380
2022-08-19,17.5,18.399999618530273,16.799999237060547,17.020000457763672,17.020000457763672,10125
2022-08-22,15.800000190734863,16.0,14.800000190734863,15.260000228881836,15.260000228881836,10675
2022-08-23,15.0,19.200000762939453,15.0,17.200000762939453,17.200000762939453,10290
2022-08-24,17.200000762939453,17.760000228881836,16.280000686645508,16.600000381469727,16.600000381469727,3075
2022-08-25,16.799999237060547,17.780000686645508,16.0,16.3799991607666,16.3799991607666,5355
2022-08-26,16.0,16.3799991607666,15.420000076293945,15.760000228881836,15.760000228881836,6170
2022-08-29,15.9399995803833,17.0,15.680000305175781,16.100000381469727,16.100000381469727,3145
2022-08-30,15.800000190734863,16.399999618530273,15.600000381469727,15.899999618530273,15.899999618530273,1605
2022-08-31,15.5600004196167,17.799999237060547,15.020000457763672,15.880000114440918,15.880000114440918,11435
2022-09-01,15.399999618530273,15.880000114440918,15.220000267028809,15.600000381469727,15.600000381469727,1970
2022-09-02,15.600000381469727,16.0,15.239999771118164,15.600000381469727,15.600000381469727,3385
2022-09-06,15.239999771118164,15.800000190734863,13.600000381469727,14.779999732971191,14.779999732971191,16345
2022-09-07,14.15999984741211,15.020000457763672,14.15999984741211,14.819999694824219,14.819999694824219,2315
2022-09-08,14.199999809265137,14.779999732971191,14.199999809265137,14.479999542236328,14.479999542236328,8635
2022-09-09,14.239999771118164,14.880000114440918,14.199999809265137,14.5,14.5,2540
2022-09-12,14.800000190734863,16.780000686645508,14.479999542236328,15.800000190734863,15.800000190734863,7085
2022-09-13,16.760000228881836,20.739999771118164,16.0,18.600000381469727,18.600000381469727,101540
2022-09-14,19.0,19.0,17.219999313354492,17.260000228881836,17.260000228881836,5905
2022-09-15,17.600000381469727,18.0,17.020000457763672,17.65999984741211,17.65999984741211,3825
2022-09-16,17.0,18.299999237060547,16.799999237060547,17.0,17.0,4200
2022-09-19,16.799999237060547,16.799999237060547,15.800000190734863,16.200000762939453,16.200000762939453,1945
2022-09-20,15.84000015258789,17.0,15.34000015258789,15.34000015258789,15.34000015258789,2545
2022-09-21,15.199999809265137,15.600000381469727,15.039999961853027,15.380000114440918,15.380000114440918,2035
2022-09-22,15.199999809265137,15.960000038146973,15.199999809265137,15.300000190734863,15.300000190734863,1700
2022-09-23,15.600000381469727,15.600000381469727,14.199999809265137,14.199999809265137,14.199999809265137,3995
2022-09-26,14.199999809265137,15.640000343322754,12.979999542236328,13.039999961853027,13.039999961853027,6360
2022-09-27,13.199999809265137,14.800000190734863,13.199999809265137,13.300000190734863,13.300000190734863,6510
2022-09-28,13.600000381469727,13.9399995803833,13.399999618530273,13.600000381469727,13.600000381469727,1070
2022-09-29,13.600000381469727,13.600000381469727,13.199999809265137,13.5600004196167,13.5600004196167,2490
2022-09-30,13.199999809265137,13.5,13.0,13.0,13.0,7615
2022-10-03,13.300000190734863,13.460000038146973,12.420000076293945,13.15999984741211,13.15999984741211,3145
2022-10-04,12.739999771118164,14.0,12.739999771118164,13.34000015258789,13.34000015258789,2520
2022-10-05,13.399999618530273,14.65999984741211,13.199999809265137,14.039999961853027,14.039999961853027,2645
2022-10-06,13.5600004196167,15.65999984741211,13.520000457763672,15.15999984741211,15.15999984741211,7675
2022-10-07,15.0,15.0,13.600000381469727,13.600000381469727,13.600000381469727,980
2022-10-10,13.600000381469727,16.760000228881836,13.600000381469727,13.979999542236328,13.979999542236328,8375
2022-10-11,15.520000457763672,15.520000457763672,13.600000381469727,13.699999809265137,13.699999809265137,6625
2022-10-12,13.600000381469727,14.600000381469727,11.899999618530273,13.800000190734863,13.800000190734863,2655
2022-10-13,13.199999809265137,13.800000190734863,12.760000228881836,13.399999618530273,13.399999618530273,1215
2022-10-14,13.100000381469727,15.359999656677246,12.9399995803833,15.199999809265137,15.199999809265137,2590
2022-10-17,15.0,15.199999809265137,14.0,14.600000381469727,14.600000381469727,1455
2022-10-18,15.199999809265137,15.199999809265137,14.079999923706055,14.5,14.5,2235
2022-10-19,14.5600004196167,14.600000381469727,13.819999694824219,13.819999694824219,13.819999694824219,1110
2022-10-20,13.600000381469727,14.600000381469727,13.600000381469727,13.699999809265137,13.699999809265137,505
2022-10-21,14.0,14.399999618530273,13.199999809265137,13.680000305175781,13.680000305175781,1465
2022-10-24,13.199999809265137,14.5600004196167,13.199999809265137,13.239999771118164,13.239999771118164,1760
2022-10-25,14.0,14.199999809265137,13.399999618530273,14.0,14.0,1530
2022-10-26,13.800000190734863,14.399999618530273,13.399999618530273,13.399999618530273,13.399999618530273,1615
2022-10-27,14.079999923706055,14.199999809265137,13.460000038146973,14.0,14.0,1840
2022-10-28,14.399999618530273,14.399999618530273,13.600000381469727,13.779999732971191,13.779999732971191,615
2022-10-31,13.199999809265137,14.359999656677246,13.199999809265137,13.399999618530273,13.399999618530273,5315
2022-11-01,13.399999618530273,14.0,13.199999809265137,13.380000114440918,13.380000114440918,3110
2022-11-02,13.199999809265137,13.739999771118164,13.0,13.600000381469727,13.600000381469727,3685
2022-11-03,13.399999618530273,13.84000015258789,13.0,13.800000190734863,13.800000190734863,2850
2022-11-04,13.65999984741211,13.960000038146973,13.0,13.140000343322754,13.140000343322754,3415
2022-11-07,13.5,13.600000381469727,12.0,12.720000267028809,12.720000267028809,6075
2022-11-08,12.779999732971191,13.199999809265137,12.0,12.199999809265137,12.199999809265137,2420
2022-11-09,12.600000381469727,12.800000190734863,10.720000267028809,11.779999732971191,11.779999732971191,4590
2022-11-10,12.0,12.800000190734863,9.65999984741211,10.5,10.5,40920
2022-11-11,10.399999618530273,10.699999809265137,6.619999885559082,9.140000343322754,9.140000343322754,72500
2022-11-14,9.600000381469727,9.600000381469727,8.199999809265137,9.0,9.0,7755
2022-11-15,7.0,8.920000076293945,6.860000133514404,8.199999809265137,8.199999809265137,20705
2022-11-16,8.199999809265137,8.65999984741211,7.679999828338623,7.900000095367432,7.900000095367432,5620
2022-11-17,8.380000114440918,8.399999618530273,7.019999980926514,7.5,7.5,8920
2022-11-18,7.599999904632568,7.800000190734863,7.21999979019165,7.599999904632568,7.599999904632568,6200
2022-11-21,7.599999904632568,7.78000020980835,7.059999942779541,7.159999847412109,7.159999847412109,4535
2022-11-22,7.360000133514404,7.400000095367432,6.800000190734863,7.0,7.0,6595
2022-11-23,7.0,7.800000190734863,7.0,7.800000190734863,7.800000190734863,4130
2022-11-25,7.400000095367432,7.800000190734863,7.21999979019165,7.699999809265137,7.699999809265137,2145
2022-11-28,7.199999809265137,7.699999809265137,7.199999809265137,7.400000095367432,7.400000095367432,2460
2022-11-29,7.559999942779541,7.800000190734863,7.199999809265137,7.800000190734863,7.800000190734863,2275
2022-11-30,7.559999942779541,8.380000114440918,7.400000095367432,8.300000190734863,8.300000190734863,4480
2022-12-01,8.399999618530273,8.600000381469727,7.71999979019165,8.140000343322754,8.140000343322754,2720
2022-12-02,8.199999809265137,9.640000343322754,8.0,9.600000381469727,9.600000381469727,4545
2022-12-05,10.079999923706055,10.899999618530273,10.079999923706055,10.300000190734863,10.300000190734863,11030
2022-12-06,9.0,9.800000190734863,9.0,9.5,9.5,8500
2022-12-07,10.800000190734863,10.800000190734863,8.779999732971191,9.359999656677246,9.359999656677246,6900
2022-12-08,10.800000190734863,10.800000190734863,9.020000457763672,9.539999961853027,9.539999961853027,4350
2022-12-09,9.800000190734863,10.399999618530273,9.479999542236328,10.399999618530273,10.399999618530273,3975
2022-12-12,10.399999618530273,10.399999618530273,9.0,9.0,9.0,2945
2022-12-13,9.199999809265137,9.460000038146973,9.0,9.119999885559082,9.119999885559082,3430
2022-12-14,9.199999809265137,9.199999809265137,8.380000114440918,8.380000114440918,8.380000114440918,3815
2022-12-15,8.399999618530273,8.399999618530273,7.599999904632568,7.599999904632568,7.599999904632568,7495
2022-12-16,8.0,8.0,6.400000095367432,6.400000095367432,6.400000095367432,18475
2022-12-19,6.71999979019165,7.320000171661377,6.400000095367432,6.800000190734863,6.800000190734863,10660
2022-12-20,6.800000190734863,8.0,6.739999771118164,6.739999771118164,6.739999771118164,5395
2022-12-21,6.800000190734863,8.15999984741211,6.800000190734863,7.039999961853027,7.039999961853027,15075
2022-12-22,6.800000190734863,7.5,6.800000190734863,7.139999866485596,7.139999866485596,4695
2022-12-23,6.800000190734863,7.5,6.800000190734863,7.420000076293945,7.420000076293945,4670
2022-12-27,7.420000076293945,7.420000076293945,7.0,7.0,7.0,2710
2022-12-28,6.800000190734863,7.199999809265137,6.599999904632568,6.880000114440918,6.880000114440918,7865
2022-12-29,6.760000228881836,7.199999809265137,6.239999771118164,6.619999885559082,6.619999885559082,18520
2022-12-30,6.079999923706055,6.840000152587891,6.079999923706055,6.619999885559082,6.619999885559082,11265
2023-01-03,7.760000228881836,7.980000019073486,6.71999979019165,7.5,7.5,5960
2023-01-04,8.0,8.0,7.5,7.880000114440918,7.880000114440918,4465
2023-01-05,8.0,10.640000343322754,7.860000133514404,10.300000190734863,10.300000190734863,20925
2023-01-06,10.520000457763672,10.520000457763672,9.0,9.119999885559082,9.119999885559082,5625
2023-01-09,8.880000114440918,9.399999618530273,8.699999809265137,9.15999984741211,9.15999984741211,3300
2023-01-10,9.15999984741211,9.199999809265137,8.800000190734863,9.100000381469727,9.100000381469727,2420
2023-01-11,9.800000190734863,10.600000381469727,9.5,10.199999809265137,10.199999809265137,129515
2023-01-12,10.279999732971191,10.640000343322754,8.199999809265137,10.0,10.0,25635
2023-01-13,9.800000190734863,10.0,9.619999885559082,9.760000228881836,9.760000228881836,9950
2023-01-17,9.5600004196167,11.600000381469727,9.199999809265137,11.140000343322754,11.140000343322754,40350
2023-01-18,11.199999809265137,12.0,10.399999618530273,10.5600004196167,10.5600004196167,9715
2023-01-19,10.5600004196167,10.5600004196167,9.699999809265137,9.760000228881836,9.760000228881836,6385
2023-01-20,9.600000381469727,9.960000038146973,9.479999542236328,9.800000190734863,9.800000190734863,2970
2023-01-23,9.399999618530273,9.720000267028809,9.199999809265137,9.579999923706055,9.579999923706055,7400
2023-01-24,9.779999732971191,10.0,9.380000114440918,9.600000381469727,9.600000381469727,8160
2023-01-25,9.399999618530273,10.0,9.039999961853027,10.0,10.0,4655
2023-01-26,9.800000190734863,9.800000190734863,9.220000267028809,9.539999961853027,9.539999961853027,1745
2023-01-27,9.800000190734863,9.800000190734863,9.380000114440918,9.479999542236328,9.479999542236328,3125
2023-01-30,10.199999809265137,10.199999809265137,9.720000267028809,9.920000076293945,9.920000076293945,5280
2023-01-31,9.399999618530273,10.039999961853027,9.399999618530273,10.020000457763672,10.020000457763672,8445
2023-02-01,9.800000190734863,10.380000114440918,9.800000190734863,10.0,10.0,2300
2023-02-02,10.199999809265137,11.0,10.199999809265137,10.420000076293945,10.420000076293945,4075
2023-02-03,10.65999984741211,11.319999694824219,10.420000076293945,10.479999542236328,10.479999542236328,5940
2023-02-06,11.0,11.180000305175781,10.199999809265137,10.199999809265137,10.199999809265137,5945
2023-02-07,10.600000381469727,10.600000381469727,9.84000015258789,10.039999961853027,10.039999961853027,4980
2023-02-08,10.039999961853027,10.399999618530273,10.039999961853027,10.399999618530273,10.399999618530273,1575
2023-02-09,10.300000190734863,10.600000381469727,10.0,10.399999618530273,10.399999618530273,2465
2023-02-10,10.399999618530273,10.600000381469727,9.199999809265137,9.479999542236328,9.479999542236328,7350
2023-02-13,0.4740000069141388,0.4740000069141388,0.4740000069141388,0.4740000069141388,0.4740000069141388,0
2023-02-14,7.75,9.899999618530273,7.739999771118164,8.199999809265137,8.199999809265137,69700
2023-02-15,8.609999656677246,8.609999656677246,7.599999904632568,7.800000190734863,7.800000190734863,25000
2023-02-16,7.736000061035156,7.736000061035156,6.96999979019165,7.099999904632568,7.099999904632568,18500
2023-02-17,7.139999866485596,7.150000095367432,6.880000114440918,6.920000076293945,6.920000076293945,8500
2023-02-21,6.800000190734863,6.949999809265137,6.28000020980835,6.300000190734863,6.300000190734863,28400
2023-02-22,6.550000190734863,6.566999912261963,5.989999771118164,6.309999942779541,6.309999942779541,31300
2023-02-23,5.21999979019165,5.349999904632568,5.050000190734863,5.050000190734863,5.050000190734863,114500
2023-02-24,4.909999847412109,5.099999904632568,4.795000076293945,5.099999904632568,5.099999904632568,33300
2023-02-27,5.125,5.239999771118164,5.0,5.059999942779541,5.059999942779541,15700
2023-02-28,5.139999866485596,5.190000057220459,4.935999870300293,5.130000114440918,5.130000114440918,5900
2023-03-01,5.150000095367432,5.199999809265137,5.050000190734863,5.199999809265137,5.199999809265137,5100
2023-03-02,5.130000114440918,5.25,5.11299991607666,5.210000038146973,5.210000038146973,6800
2023-03-03,5.25,5.300000190734863,5.170000076293945,5.25,5.25,7200
2023-03-06,5.275000095367432,5.322999954223633,5.119999885559082,5.130000114440918,5.130000114440918,10900
2023-03-07,5.210000038146973,5.230000019073486,4.800000190734863,4.860000133514404,4.860000133514404,38000
2023-03-08,4.860000133514404,5.056000232696533,4.860000133514404,4.926000118255615,4.926000118255615,11600
2023-03-09,4.815000057220459,5.119999885559082,4.815000057220459,5.079999923706055,5.079999923706055,4000
2023-03-10,5.150000095367432,5.190000057220459,4.920000076293945,5.039999961853027,5.039999961853027,15200
2023-03-13,5.050000190734863,5.150000095367432,4.929999828338623,5.105000019073486,5.105000019073486,14100
2023-03-14,5.210000038146973,5.449999809265137,5.050000190734863,5.179999828338623,5.179999828338623,29200
2023-03-15,5.320000171661377,5.320000171661377,5.039999961853027,5.21999979019165,5.21999979019165,58200
2023-03-16,5.190000057220459,5.324999809265137,5.150000095367432,5.150000095367432,5.150000095367432,4300
2023-03-17,5.0229997634887695,5.255000114440918,5.0229997634887695,5.170000076293945,5.170000076293945,9600
2023-03-20,5.139999866485596,5.150000095367432,5.050000190734863,5.138999938964844,5.138999938964844,6000
2023-03-21,5.070000171661377,5.070000171661377,4.920000076293945,5.03000020980835,5.03000020980835,31400
2023-03-22,4.960000038146973,5.239999771118164,4.820000171661377,4.820000171661377,4.820000171661377,16200
2023-03-23,5.099999904632568,5.099999904632568,4.699999809265137,4.75,4.75,8800
2023-03-24,4.619999885559082,4.659999847412109,4.599999904632568,4.599999904632568,4.599999904632568,1900
2023-03-27,4.517000198364258,4.760000228881836,4.517000198364258,4.699999809265137,4.699999809265137,4500
2023-03-28,4.5269999504089355,4.73199987411499,4.5,4.610000133514404,4.610000133514404,11300
2023-03-29,4.650000095367432,4.650000095367432,4.500999927520752,4.550000190734863,4.550000190734863,7500
2023-03-30,4.684999942779541,4.684999942779541,4.579999923706055,4.60099983215332,4.60099983215332,3400
2023-03-31,4.570000171661377,4.679999828338623,4.440000057220459,4.440000057220459,4.440000057220459,4900
2023-04-03,4.380000114440918,4.380000114440918,4.135000228881836,4.190000057220459,4.190000057220459,7300
2023-04-04,4.150000095367432,4.170000076293945,3.8399999141693115,3.9800000190734863,3.9800000190734863,13900
2023-04-05,3.859999895095825,3.999000072479248,3.799999952316284,3.8399999141693115,3.8399999141693115,12400
2023-04-06,4.690000057220459,4.690000057220459,4.0879998207092285,4.420000076293945,4.420000076293945,62400
2023-04-10,4.510000228881836,4.53000020980835,4.130000114440918,4.210000038146973,4.210000038146973,7900
2023-04-11,4.150000095367432,4.363999843597412,4.099999904632568,4.179999828338623,4.179999828338623,25500
2023-04-12,4.429999828338623,4.429999828338623,4.039999961853027,4.050000190734863,4.050000190734863,20700
2023-04-13,4.059999942779541,4.46999979019165,4.050000190734863,4.199999809265137,4.199999809265137,10200
2023-04-14,4.119999885559082,4.300000190734863,4.058000087738037,4.099999904632568,4.099999904632568,30900
2023-04-17,4.099999904632568,4.099999904632568,4.039999961853027,4.050000190734863,4.050000190734863,5700
2023-04-18,4.052999973297119,4.260000228881836,4.03000020980835,4.260000228881836,4.260000228881836,2000
2023-04-19,4.130000114440918,4.130000114440918,4.059999942779541,4.059999942779541,4.059999942779541,4900
2023-04-20,4.380000114440918,4.380000114440918,3.7799999713897705,3.930000066757202,3.930000066757202,4900
2023-04-21,3.930000066757202,3.930000066757202,3.7899999618530273,3.9200000762939453,3.9200000762939453,4800
2023-04-24,3.8489999771118164,4.0,3.759999990463257,3.9079999923706055,3.9079999923706055,21400
2023-04-25,3.880000114440918,4.050000190734863,3.7799999713897705,3.7799999713897705,3.7799999713897705,21800
2023-04-26,3.7799999713897705,3.927999973297119,3.7799999713897705,3.819999933242798,3.819999933242798,14200
2023-04-27,4.077000141143799,4.084000110626221,3.799999952316284,3.9700000286102295,3.9700000286102295,3300
2023-04-28,4.189000129699707,4.189000129699707,3.9019999504089355,3.9649999141693115,3.9649999141693115,8000
2023-05-01,3.946000099182129,3.990000009536743,3.7799999713897705,3.8450000286102295,3.8450000286102295,9100
2023-05-02,3.7699999809265137,3.9700000286102295,3.759999990463257,3.9000000953674316,3.9000000953674316,2000
2023-05-03,3.859999895095825,4.070000171661377,3.799999952316284,3.8499999046325684,3.8499999046325684,12700
2023-05-04,3.819999933242798,4.039999961853027,3.819999933242798,3.8399999141693115,3.8399999141693115,7700
2023-05-05,3.8499999046325684,4.0,3.8499999046325684,3.9000000953674316,3.9000000953674316,7100
2023-05-08,3.9700000286102295,3.9700000286102295,3.822000026702881,3.940000057220459,3.940000057220459,3200
2023-05-09,3.940000057220459,3.9619998931884766,3.809999942779541,3.890000104904175,3.890000104904175,6700
2023-05-10,3.890000104904175,4.079999923706055,3.8299999237060547,3.8499999046325684,3.8499999046325684,4300
2023-05-11,3.859999895095825,3.9049999713897705,3.809999942779541,3.9049999713897705,3.9049999713897705,2800
2023-05-12,3.9100000858306885,3.9800000190734863,3.809999942779541,3.950000047683716,3.950000047683716,5700
2023-05-15,3.799999952316284,3.930000066757202,3.6500000953674316,3.6600000858306885,3.6600000858306885,9300
2023-05-16,3.9800000190734863,3.9800000190734863,3.6500000953674316,3.88700008392334,3.88700008392334,11100
2023-05-17,3.880000114440918,3.880000114440918,3.759999990463257,3.8399999141693115,3.8399999141693115,4600
2023-05-18,3.880000114440918,3.880000114440918,3.6700000762939453,3.73799991607666,3.73799991607666,8000
2023-05-19,3.7730000019073486,3.8570001125335693,3.7300000190734863,3.8350000381469727,3.8350000381469727,11700
2023-05-22,3.8299999237060547,3.859999895095825,3.700000047683716,3.75,3.75,16600
2023-05-23,3.7899999618530273,3.8299999237060547,3.5999999046325684,3.6500000953674316,3.6500000953674316,31100
2023-05-24,3.6500000953674316,3.6600000858306885,3.3299999237060547,3.6600000858306885,3.6600000858306885,9500
2023-05-25,3.4600000381469727,3.680000066757202,3.4100000858306885,3.5889999866485596,3.5889999866485596,10500
2023-05-26,3.5199999809265137,3.640000104904175,3.4000000953674316,3.4000000953674316,3.4000000953674316,13800
2023-05-30,3.4000000953674316,3.799999952316284,3.3299999237060547,3.799999952316284,3.799999952316284,16800
2023-05-31,3.7899999618530273,3.9000000953674316,3.7839999198913574,3.8499999046325684,3.8499999046325684,16200
2023-06-01,3.869999885559082,3.869999885559082,3.609999895095825,3.6600000858306885,3.6600000858306885,24500
2023-06-02,3.6600000858306885,3.736999988555908,3.430000066757202,3.609999895095825,3.609999895095825,28300
2023-06-05,3.6600000858306885,3.7899999618530273,3.549999952316284,3.549999952316284,3.549999952316284,14500
2023-06-06,3.6700000762939453,3.759999990463257,3.2899999618530273,3.75,3.75,25500
2023-06-07,3.700000047683716,3.7200000286102295,3.549999952316284,3.549999952316284,3.549999952316284,14500
2023-06-08,3.609999895095825,3.6600000858306885,3.450000047683716,3.4800000190734863,3.4800000190734863,18700
2023-06-09,3.6700000762939453,3.7279999256134033,3.450000047683716,3.5299999713897705,3.5299999713897705,10300
2023-06-12,3.509999990463257,3.630000114440918,3.180000066757202,3.25,3.25,38300
2023-06-13,3.2699999809265137,3.450000047683716,3.25,3.3399999141693115,3.3399999141693115,19600
2023-06-14,3.2320001125335693,3.4100000858306885,3.2320001125335693,3.4000000953674316,3.4000000953674316,14300
2023-06-15,3.4200000762939453,3.4700000286102295,3.200000047683716,3.4100000858306885,3.4100000858306885,26300
2023-06-16,3.4600000381469727,3.559999942779541,3.3399999141693115,3.559999942779541,3.559999942779541,28700
2023-06-20,3.5999999046325684,3.619999885559082,3.4000000953674316,3.5,3.5,7900
2023-06-21,3.490000009536743,3.490000009536743,3.2100000381469727,3.3399999141693115,3.3399999141693115,6100
2023-06-22,3.2799999713897705,3.390000104904175,3.1600000858306885,3.190000057220459,3.190000057220459,7500
2023-06-23,3.190000057220459,3.190000057220459,2.9600000381469727,3.1470000743865967,3.1470000743865967,20900
2023-06-26,3.1500000953674316,3.2300000190734863,3.0199999809265137,3.1549999713897705,3.1549999713897705,8300
2023-06-27,3.265000104904175,3.5,3.0,3.119999885559082,3.119999885559082,9200
2023-06-28,3.259999990463257,3.259999990463257,3.0,3.009999990463257,3.009999990463257,3500
2023-06-29,2.9600000381469727,3.1600000858306885,2.809999942779541,2.9800000190734863,2.9800000190734863,8600
2023-06-30,3.0199999809265137,3.1500000953674316,3.0,3.1500000953674316,3.1500000953674316,9300
2023-07-03,3.197000026702881,3.259999990463257,3.193000078201294,3.23799991607666,3.23799991607666,2200
2023-07-05,3.1600000858306885,3.1600000858306885,3.009999990463257,3.124000072479248,3.124000072479248,3700
2023-07-06,3.2200000286102295,3.25,2.9100000858306885,2.9100000858306885,2.9100000858306885,4700
2023-07-07,3.0,3.059999942779541,2.7799999713897705,2.888000011444092,2.888000011444092,10900
2023-07-10,2.8550000190734863,2.9619998931884766,2.8299999237060547,2.885999917984009,2.885999917984009,13000
2023-07-11,2.8299999237060547,2.9700000286102295,2.8299999237060547,2.9700000286102295,2.9700000286102295,6200
2023-07-12,3.1110000610351562,3.2249999046325684,3.109999895095825,3.180000066757202,3.180000066757202,4400
2023-07-13,3.200000047683716,3.319999933242798,3.1600000858306885,3.319999933242798,3.319999933242798,5900
2023-07-14,3.319999933242798,3.319999933242798,3.130000114440918,3.130000114440918,3.130000114440918,4300
2023-07-17,3.2269999980926514,3.2780001163482666,3.119999885559082,3.2239999771118164,3.2239999771118164,10200
2023-07-18,3.390000104904175,5.199999809265137,3.059999942779541,3.5,3.5,1796200
2023-07-19,3.5,3.75,3.3499999046325684,3.4200000762939453,3.4200000762939453,140500
2023-07-20,3.3399999141693115,3.5,3.1700000762939453,3.4200000762939453,3.4200000762939453,102300
2023-07-21,3.309999942779541,3.4089999198913574,3.200000047683716,3.25,3.25,21900
2023-07-24,3.259999990463257,3.319999933242798,3.0,3.11899995803833,3.11899995803833,43100
2023-07-25,3.0399999618530273,3.0739998817443848,2.8299999237060547,2.950000047683716,2.950000047683716,45200
2023-07-26,2.9649999141693115,3.134999990463257,2.9649999141693115,3.0,3.0,12900
2023-07-27,2.9800000190734863,3.0460000038146973,2.880000114440918,2.930999994277954,2.930999994277954,8700
2023-07-28,3.0,3.0799999237060547,2.9100000858306885,3.0799999237060547,3.0799999237060547,6100
2023-07-31,3.069999933242798,3.180000066757202,3.0299999713897705,3.0999999046325684,3.0999999046325684,10000
2023-08-01,3.1500000953674316,3.180000066757202,2.950000047683716,3.0999999046325684,3.0999999046325684,20900
2023-08-02,3.0399999618530273,3.569999933242798,3.0399999618530273,3.569999933242798,3.569999933242798,65700
2023-08-03,3.5299999713897705,3.997999906539917,3.440000057220459,3.819999933242798,3.819999933242798,41000
2023-08-04,3.7200000286102295,4.099999904632568,3.690000057220459,4.0,4.0,36900
2023-08-07,4.03000020980835,4.03000020980835,3.8299999237060547,3.869999885559082,3.869999885559082,24500
2023-08-08,3.940000057220459,4.309999942779541,3.9000000953674316,4.0,4.0,38200
2023-08-09,4.119999885559082,4.119999885559082,3.743000030517578,3.880000114440918,3.880000114440918,18800
2023-08-10,3.930000066757202,4.050000190734863,3.799999952316284,3.9800000190734863,3.9800000190734863,8500
2023-08-11,4.098999977111816,4.098999977111816,3.930000066757202,3.994999885559082,3.994999885559082,8600
2023-08-14,4.0960001945495605,4.0960001945495605,3.7899999618530273,3.8499999046325684,3.8499999046325684,26700
2023-08-15,3.799999952316284,3.799999952316284,3.5399999618530273,3.630000114440918,3.630000114440918,17100
2023-08-16,3.390000104904175,3.6700000762939453,3.390000104904175,3.5999999046325684,3.5999999046325684,13300
2023-08-17,3.6500000953674316,3.819999933242798,3.4200000762939453,3.5999999046325684,3.5999999046325684,20900
2023-08-18,3.690000057220459,3.9600000381469727,3.490000009536743,3.890000104904175,3.890000104904175,29200
2023-08-21,3.6540000438690186,3.8359999656677246,3.6540000438690186,3.7230000495910645,3.7230000495910645,4700
2023-08-22,3.621999979019165,3.759999990463257,3.621999979019165,3.759999990463257,3.759999990463257,10500
2023-08-23,3.7100000381469727,3.7899999618530273,3.609999895095825,3.6500000953674316,3.6500000953674316,7500
2023-08-24,3.4700000286102295,3.6500000953674316,3.4700000286102295,3.6500000953674316,3.6500000953674316,10500
2023-08-25,3.572999954223633,3.640000104904175,3.450000047683716,3.640000104904175,3.640000104904175,7700
2023-08-28,3.6649999618530273,3.6700000762939453,3.4600000381469727,3.6510000228881836,3.6510000228881836,13000
2023-08-29,3.630000114440918,3.700000047683716,3.5,3.640000104904175,3.640000104904175,14400
2023-08-30,3.7100000381469727,3.7899999618530273,3.569999933242798,3.7300000190734863,3.7300000190734863,5200
2023-08-31,3.690000057220459,3.7679998874664307,3.6700000762939453,3.700000047683716,3.700000047683716,1800
2023-09-01,3.7799999713897705,3.990000009536743,3.7339999675750732,3.7799999713897705,3.7799999713897705,7600
2023-09-05,3.7899999618530273,3.871000051498413,3.75,3.871000051498413,3.871000051498413,4800
2023-09-06,3.7869999408721924,3.9800000190734863,3.6480000019073486,3.9800000190734863,3.9800000190734863,7300
2023-09-07,3.8299999237060547,3.880000114440918,3.8299999237060547,3.880000114440918,3.880000114440918,1000
2023-09-08,3.940000057220459,3.9700000286102295,3.7799999713897705,3.9700000286102295,3.9700000286102295,6900
2023-09-11,3.9700000286102295,4.25,3.9700000286102295,4.074999809265137,4.074999809265137,19900
2023-09-12,4.080999851226807,4.28000020980835,4.0,4.019999980926514,4.019999980926514,10800
2023-09-13,4.099999904632568,4.159999847412109,4.00600004196167,4.050000190734863,4.050000190734863,5500
2023-09-14,4.079999923706055,4.099999904632568,4.0,4.0,4.0,7100
2023-09-15,4.0,4.130000114440918,4.0,4.0,4.0,18900
2023-09-18,4.21999979019165,4.239999771118164,4.010000228881836,4.110000133514404,4.110000133514404,3900
2023-09-19,4.043000221252441,4.099999904632568,4.010000228881836,4.099999904632568,4.099999904632568,2500
2023-09-20,4.150000095367432,4.5,4.139999866485596,4.349999904632568,4.349999904632568,18300
2023-09-21,4.179999828338623,4.429999828338623,4.179999828338623,4.309999942779541,4.309999942779541,3500
2023-09-22,4.389999866485596,4.440000057220459,4.139999866485596,4.150000095367432,4.150000095367432,7200
2023-09-25,4.159999847412109,4.34499979019165,4.090000152587891,4.090000152587891,4.090000152587891,7100
2023-09-26,4.150000095367432,4.300000190734863,4.099999904632568,4.170000076293945,4.170000076293945,2200
2023-09-27,4.110000133514404,4.179999828338623,4.019999980926514,4.019999980926514,4.019999980926514,3100
2023-09-28,4.025000095367432,4.230000019073486,4.025000095367432,4.065999984741211,4.065999984741211,3300
2023-09-29,4.394000053405762,4.418000221252441,4.166999816894531,4.166999816894531,4.166999816894531,1400
2023-10-02,4.130000114440918,4.25,4.010000228881836,4.010000228881836,4.010000228881836,3600
2023-10-03,4.130000114440918,4.349999904632568,4.059999942779541,4.269999980926514,4.269999980926514,16800
2023-10-04,4.072000026702881,5.0,4.072000026702881,4.815000057220459,4.815000057220459,63800
2023-10-05,5.099999904632568,5.179999828338623,4.869999885559082,4.869999885559082,4.869999885559082,54700
2023-10-06,4.679999828338623,5.158999919891357,4.650000095367432,4.815999984741211,4.815999984741211,18100
2023-10-09,4.889999866485596,5.170000076293945,4.614999771118164,5.139999866485596,5.139999866485596,6900
2023-10-10,4.954999923706055,5.050000190734863,4.860000133514404,5.031000137329102,5.031000137329102,12600
2023-10-11,4.980000019073486,5.498000144958496,4.909999847412109,5.260000228881836,5.260000228881836,36500
2023-10-12,5.380000114440918,5.400000095367432,5.170000076293945,5.260000228881836,5.260000228881836,9600
2023-10-13,5.369999885559082,5.440000057220459,5.039000034332275,5.260000228881836,5.260000228881836,26200
2023-10-16,5.489999771118164,5.519999980926514,5.091000080108643,5.199999809265137,5.199999809265137,16300
2023-10-17,5.144999980926514,5.46999979019165,5.107999801635742,5.329999923706055,5.329999923706055,8800
2023-10-18,5.269999980926514,5.480000019073486,5.0,5.170000076293945,5.170000076293945,6700
2023-10-19,5.0,5.0,5.0,5.0,5.0,1100
2023-10-20,3.8499999046325684,4.449999809265137,3.8499999046325684,4.078999996185303,4.078999996185303,50400
2023-10-23,3.930000066757202,4.14900016784668,3.8499999046325684,3.9049999713897705,3.9049999713897705,9700
2023-10-24,3.9200000762939453,4.300000190734863,3.809999942779541,3.950000047683716,3.950000047683716,24800
2023-10-25,3.950000047683716,4.079999923706055,3.819999933242798,3.930000066757202,3.930000066757202,6400
2023-10-26,4.109000205993652,4.109000205993652,3.8550000190734863,3.8550000190734863,3.8550000190734863,1200
2023-10-27,3.7799999713897705,3.7799999713897705,3.509999990463257,3.5380001068115234,3.5380001068115234,17900
2023-10-30,3.5,3.6500000953674316,3.5,3.575000047683716,3.575000047683716,4400
2023-10-31,3.5,3.5999999046325684,3.3499999046325684,3.359999895095825,3.359999895095825,11100
2023-11-01,3.390000104904175,3.7799999713897705,3.359999895095825,3.4600000381469727,3.4600000381469727,9700
2023-11-02,3.559999942779541,3.559999942779541,3.559999942779541,3.559999942779541,3.559999942779541,800
2023-11-03,3.7200000286102295,4.0,3.5329999923706055,4.0,4.0,9100
2023-11-06,3.9100000858306885,4.0,3.890000104904175,4.0,4.0,3100
2023-11-07,4.199999809265137,4.394000053405762,4.070000171661377,4.110000133514404,4.110000133514404,1600
2023-11-08,4.03000020980835,4.409999847412109,4.0,4.070000171661377,4.070000171661377,6100
2023-11-09,3.990000009536743,4.052000045776367,3.990000009536743,4.050000190734863,4.050000190734863,1200
2023-11-10,3.825000047683716,3.950000047683716,3.825000047683716,3.8399999141693115,3.8399999141693115,11300
2023-11-13,3.990000009536743,3.990000009536743,3.990000009536743,3.990000009536743,3.990000009536743,2900
2023-11-14,4.0,4.28000020980835,3.9489998817443848,4.099999904632568,4.099999904632568,17800
2023-11-15,4.14900016784668,4.199999809265137,3.9600000381469727,4.0,4.0,6700
2023-11-16,3.940000057220459,3.940000057220459,3.75,3.75,3.75,2600
2023-11-17,3.950000047683716,3.950000047683716,3.7699999809265137,3.7699999809265137,3.7699999809265137,800
2023-11-20,3.7799999713897705,3.9579999446868896,3.700000047683716,3.746999979019165,3.746999979019165,1400
2023-11-21,3.7769999504089355,3.9100000858306885,3.75,3.75,3.75,6900
2023-11-22,3.630000114440918,3.700000047683716,3.630000114440918,3.680000066757202,3.680000066757202,1800
2023-11-24,3.6500000953674316,3.940000057220459,3.630000114440918,3.880000114440918,3.880000114440918,3600
2023-11-27,3.880000114440918,3.888000011444092,3.609999895095825,3.690000057220459,3.690000057220459,2900
2023-11-28,3.825000047683716,3.950000047683716,3.75,3.75,3.75,2200
2023-11-29,3.7200000286102295,3.930000066757202,3.609999895095825,3.609999895095825,3.609999895095825,11700
2023-11-30,3.5999999046325684,3.950000047683716,3.5899999141693115,3.640000104904175,3.640000104904175,19600
2023-12-01,3.640000104904175,3.640000104904175,3.640000104904175,3.640000104904175,3.640000104904175,300
2023-12-04,3.640000104904175,3.815000057220459,3.640000104904175,3.700000047683716,3.700000047683716,2700
2023-12-05,3.690000057220459,3.7899999618530273,3.640000104904175,3.700000047683716,3.700000047683716,2700
2023-12-06,3.5999999046325684,3.9100000858306885,3.5999999046325684,3.640000104904175,3.640000104904175,1900
2023-12-07,3.640000104904175,3.674999952316284,3.5999999046325684,3.674999952316284,3.674999952316284,1700
2023-12-08,3.744999885559082,3.809999942779541,3.5820000171661377,3.684999942779541,3.684999942779541,5600
2023-12-11,3.684999942779541,3.684999942779541,3.684999942779541,3.684999942779541,3.684999942779541,400
2023-12-12,3.640000104904175,3.990000009536743,3.5,3.990000009536743,3.990000009536743,21100
2023-12-13,3.9200000762939453,4.119999885559082,3.9100000858306885,3.9200000762939453,3.9200000762939453,5300
2023-12-14,3.869999885559082,4.21999979019165,3.869999885559082,4.150000095367432,4.150000095367432,14500
2023-12-15,4.079999923706055,4.150000095367432,3.759999990463257,3.8399999141693115,3.8399999141693115,2000
2023-12-18,4.110000133514404,4.150000095367432,4.079999923706055,4.150000095367432,4.150000095367432,4100
2023-12-19,4.139999866485596,4.139999866485596,3.8299999237060547,3.9000000953674316,3.9000000953674316,6600
2023-12-20,3.6500000953674316,3.9200000762939453,3.5799999237060547,3.9200000762939453,3.9200000762939453,7300
2023-12-21,3.8299999237060547,3.9100000858306885,3.799999952316284,3.799999952316284,3.799999952316284,5700
2023-12-22,3.7200000286102295,3.809999942779541,3.569000005722046,3.740000009536743,3.740000009536743,4500
2023-12-26,3.6700000762939453,3.7200000286102295,3.5199999809265137,3.6500000953674316,3.6500000953674316,14800
2023-12-27,3.640000104904175,3.75,3.640000104904175,3.700000047683716,3.700000047683716,5900
2023-12-28,3.509999990463257,3.743000030517578,3.509999990463257,3.740000009536743,3.740000009536743,9200
2023-12-29,3.632999897003174,4.889999866485596,3.619999885559082,4.699999809265137,4.699999809265137,116700
2024-01-02,4.699999809265137,5.0,4.639999866485596,5.0,5.0,14200
2024-01-03,5.190000057220459,5.25,4.900000095367432,5.21999979019165,5.21999979019165,11700
2024-01-04,5.159999847412109,5.456999778747559,5.039999961853027,5.039999961853027,5.039999961853027,7100
2024-01-05,5.401000022888184,5.401000022888184,5.010000228881836,5.03000020980835,5.03000020980835,3900
2024-01-08,5.059999942779541,5.205999851226807,4.940000057220459,5.050000190734863,5.050000190734863,5500
2024-01-09,5.150000095367432,6.449999809265137,5.150000095367432,6.21999979019165,6.21999979019165,40800
2024-01-10,6.409999847412109,6.800000190734863,5.300000190734863,5.960000038146973,5.960000038146973,27600
2024-01-11,5.550000190734863,5.78000020980835,5.550000190734863,5.730000019073486,5.730000019073486,6300
2024-01-12,5.800000190734863,5.989999771118164,5.260000228881836,5.579999923706055,5.579999923706055,8300
2024-01-16,5.690000057220459,6.050000190734863,5.199999809265137,6.019999980926514,6.019999980926514,20900
2024-01-17,5.849999904632568,5.920000076293945,5.03000020980835,5.230000019073486,5.230000019073486,5600
2024-01-18,5.10699987411499,5.619999885559082,5.10699987411499,5.170000076293945,5.170000076293945,32900
2024-01-19,5.5,5.699999809265137,5.340000152587891,5.389999866485596,5.389999866485596,10800
2024-01-22,6.0,6.019999980926514,5.380000114440918,5.820000171661377,5.820000171661377,19000
2024-01-23,5.71999979019165,6.0,5.322999954223633,5.599999904632568,5.599999904632568,29500
2024-01-24,5.5,5.800000190734863,5.289999961853027,5.619999885559082,5.619999885559082,14200
2024-01-25,5.800000190734863,5.949999809265137,5.5,5.5,5.5,4100
2024-01-26,5.300000190734863,5.599999904632568,4.820000171661377,5.199999809265137,5.199999809265137,18500
2024-01-29,5.230000019073486,5.311999797821045,5.090000152587891,5.090000152587891,5.090000152587891,3400
2024-01-30,5.190000057220459,5.25,5.09499979019165,5.14900016784668,5.14900016784668,5800
2024-01-31,5.039999961853027,5.460000038146973,5.03000020980835,5.170000076293945,5.170000076293945,2500
2024-02-01,5.284999847412109,5.760000228881836,4.940000057220459,5.699999809265137,5.699999809265137,68800
2024-02-02,6.070000171661377,6.070000171661377,5.519999980926514,5.71999979019165,5.71999979019165,10300
2024-02-05,5.429999828338623,6.699999809265137,5.007999897003174,6.559999942779541,6.559999942779541,67900
2024-02-06,6.769999980926514,7.420000076293945,6.239999771118164,7.34499979019165,7.34499979019165,47700
2024-02-07,7.710000038146973,7.710000038146973,6.421000003814697,6.619999885559082,6.619999885559082,15500
2024-02-08,6.610000133514404,6.880000114440918,6.045000076293945,6.880000114440918,6.880000114440918,9800
2024-02-09,6.400000095367432,6.735000133514404,6.0,6.0,6.0,5600
2024-02-12,6.327000141143799,6.4679999351501465,6.327000141143799,6.400000095367432,6.400000095367432,4200
2024-02-13,6.429999828338623,6.625,5.909999847412109,5.909999847412109,5.909999847412109,20700
2024-02-14,6.179999828338623,6.179999828338623,5.510000228881836,5.96999979019165,5.96999979019165,10300
2024-02-15,5.76800012588501,5.860000133514404,5.5,5.698999881744385,5.698999881744385,6500
2024-02-16,5.670000076293945,6.099999904632568,5.5,5.828000068664551,5.828000068664551,3300
2024-02-20,5.800000190734863,6.28000020980835,5.559999942779541,6.28000020980835,6.28000020980835,22700
2024-02-21,6.28000020980835,6.28000020980835,6.28000020980835,6.28000020980835,6.28000020980835,600
2024-02-22,6.25,6.400000095367432,6.199999809265137,6.374000072479248,6.374000072479248,3400
2024-02-23,6.46999979019165,7.5,6.46999979019165,7.239999771118164,7.239999771118164,19100
2024-02-26,7.260000228881836,7.5,7.072000026702881,7.150000095367432,7.150000095367432,14200
2024-02-27,7.150000095367432,7.480000019073486,6.830999851226807,7.269999980926514,7.269999980926514,19600
2024-02-28,7.15500020980835,7.28000020980835,7.15500020980835,7.199999809265137,7.199999809265137,2300
2024-02-29,7.349999904632568,8.489999771118164,7.349999904632568,8.460000038146973,8.460000038146973,15000
2024-03-01,8.470000267028809,8.847000122070312,7.71999979019165,8.0,8.0,28900
2024-03-04,8.25,8.399999618530273,7.650000095367432,8.399999618530273,8.399999618530273,7400
2024-03-05,8.399999618530273,8.399999618530273,7.300000190734863,8.170000076293945,8.170000076293945,13200
2024-03-06,8.09000015258789,8.289999961853027,8.09000015258789,8.289999961853027,8.289999961853027,1800
2024-03-07,8.149999618530273,8.399999618530273,7.400000095367432,7.449999809265137,7.449999809265137,28600
2024-03-08,7.625,7.625,7.090000152587891,7.130000114440918,7.130000114440918,4100
2024-03-11,8.079999923706055,8.100000381469727,6.269999980926514,6.769999980926514,6.769999980926514,1152500
2024-03-12,6.570000171661377,6.760000228881836,6.119999885559082,6.159999847412109,6.159999847412109,51900
2024-03-13,6.179999828338623,6.260000228881836,5.550000190734863,5.550000190734863,5.550000190734863,26400
2024-03-14,5.599999904632568,5.869999885559082,5.050000190734863,5.309999942779541,5.309999942779541,28200
2024-03-15,5.590000152587891,6.199999809265137,5.574999809265137,6.190000057220459,6.190000057220459,33900
2024-03-18,6.21999979019165,6.789999961853027,5.789999961853027,6.550000190734863,6.550000190734863,28300
2024-03-19,6.610000133514404,6.880000114440918,6.550000190734863,6.739999771118164,6.739999771118164,15800
2024-03-20,6.690000057220459,6.744999885559082,6.480000019073486,6.5,6.5,4000
2024-03-21,6.625,6.625,5.880000114440918,6.349999904632568,6.349999904632568,51600
2024-03-22,6.130000114440918,6.197999954223633,6.0,6.119999885559082,6.119999885559082,5200
2024-03-25,6.105000019073486,6.199999809265137,5.945000171661377,6.084000110626221,6.084000110626221,10800
2024-03-26,6.039999961853027,6.119999885559082,5.920000076293945,5.920000076293945,5.920000076293945,10100
2024-03-27,6.309999942779541,6.309999942779541,5.949999809265137,6.070000171661377,6.070000171661377,16700
2024-03-28,5.920000076293945,6.800000190734863,5.909999847412109,6.690000057220459,6.690000057220459,28800
2024-04-01,6.639999866485596,6.639999866485596,6.130000114440918,6.349999904632568,6.349999904632568,4900
2024-04-02,6.289999961853027,6.599999904632568,6.210000038146973,6.599999904632568,6.599999904632568,10100
2024-04-03,6.670000076293945,6.699999809265137,6.300000190734863,6.670000076293945,6.670000076293945,10700
2024-04-04,6.099999904632568,6.480000019073486,6.0,6.170000076293945,6.170000076293945,16900
2024-04-05,6.269999980926514,6.474999904632568,6.0,6.300000190734863,6.300000190734863,9800
2024-04-08,6.170000076293945,6.400000095367432,5.820000171661377,6.199999809265137,6.199999809265137,11700
2024-04-09,5.900000095367432,6.309999942779541,5.900000095367432,6.039000034332275,6.039000034332275,7200
2024-04-10,5.909999847412109,6.199999809265137,5.320000171661377,6.199999809265137,6.199999809265137,6700
2024-04-11,5.867000102996826,6.159999847412109,5.849999904632568,5.900000095367432,5.900000095367432,4600
2024-04-12,6.230000019073486,6.230000019073486,5.690000057220459,5.710000038146973,5.710000038146973,4700
2024-04-15,6.0,6.006999969482422,5.699999809265137,5.900000095367432,5.900000095367432,8400
2024-04-16,5.730000019073486,5.980000019073486,5.679999828338623,5.849999904632568,5.849999904632568,5100
2024-04-17,5.710000038146973,5.8480000495910645,5.710000038146973,5.730000019073486,5.730000019073486,2300
2024-04-18,5.610000133514404,5.610000133514404,5.610000133514404,5.610000133514404,5.610000133514404,900
2024-04-19,5.590000152587891,5.784999847412109,5.310999870300293,5.349999904632568,5.349999904632568,7300
2024-04-22,5.751999855041504,5.751999855041504,5.119999885559082,5.119999885559082,5.119999885559082,11800
2024-04-23,5.139999866485596,5.616000175476074,5.139999866485596,5.369999885559082,5.369999885559082,2700
2024-04-24,5.369999885559082,5.369999885559082,5.065000057220459,5.170000076293945,5.170000076293945,6300
2024-04-25,5.019999980926514,5.46999979019165,5.019999980926514,5.349999904632568,5.349999904632568,9100
2024-04-26,5.201000213623047,5.201000213623047,5.0,5.199999809265137,5.199999809265137,4800
2024-04-29,5.010000228881836,5.25600004196167,5.0,5.084000110626221,5.084000110626221,2600
2024-04-30,5.159999847412109,5.170000076293945,4.900000095367432,5.099999904632568,5.099999904632568,14900
2024-05-01,5.1020002365112305,5.25,5.099999904632568,5.25,5.25,3000
2024-05-02,5.4070000648498535,5.449999809265137,5.329999923706055,5.449999809265137,5.449999809265137,2600
2024-05-03,5.400000095367432,5.449999809265137,5.349999904632568,5.349999904632568,5.349999904632568,2200
2024-05-06,5.25,5.349999904632568,5.25,5.260000228881836,5.260000228881836,4100
2024-05-07,5.349999904632568,5.349999904632568,5.170000076293945,5.170000076293945,5.170000076293945,5100
2024-05-08,5.289999961853027,5.300000190734863,5.048999786376953,5.135000228881836,5.135000228881836,3800
2024-05-09,5.079999923706055,5.59499979019165,5.050000190734863,5.5,5.5,34200
2024-05-10,5.480000019073486,5.664999961853027,5.1579999923706055,5.590000152587891,5.590000152587891,11100
2024-05-13,5.429999828338623,5.590000152587891,5.25,5.590000152587891,5.590000152587891,10400
2024-05-14,5.539999961853027,5.900000095367432,5.539999961853027,5.889999866485596,5.889999866485596,8800
2024-05-15,5.869999885559082,5.875,5.559999942779541,5.800000190734863,5.800000190734863,11400
2024-05-16,5.800000190734863,5.900000095367432,5.330999851226807,5.590000152587891,5.590000152587891,14800
2024-05-17,5.570000171661377,5.800000190734863,5.269999980926514,5.269999980926514,5.269999980926514,8000
2024-05-20,5.420000076293945,5.420000076293945,5.260000228881836,5.281000137329102,5.281000137329102,2500
2024-05-21,5.251999855041504,5.251999855041504,5.0,5.0970001220703125,5.0970001220703125,12900
2024-05-22,5.010000228881836,5.199999809265137,4.940000057220459,5.03000020980835,5.03000020980835,16300
2024-05-23,5.0229997634887695,5.0229997634887695,5.0229997634887695,5.0229997634887695,5.0229997634887695,1000
2024-05-24,5.199999809265137,5.300000190734863,5.190000057220459,5.298999786376953,5.298999786376953,4700
2024-05-28,5.0,5.21999979019165,4.914999961853027,5.190000057220459,5.190000057220459,19600
2024-05-29,4.96999979019165,4.96999979019165,4.550000190734863,4.659999847412109,4.659999847412109,20100
2024-05-30,4.659999847412109,4.85099983215332,4.539999961853027,4.60699987411499,4.60699987411499,11400
2024-05-31,4.699999809265137,4.769999980926514,4.5,4.769999980926514,4.769999980926514,5200
2024-06-03,4.650000095367432,4.820000171661377,4.544000148773193,4.75,4.75,6500
2024-06-04,4.739999771118164,5.0,4.695000171661377,4.78000020980835,4.78000020980835,9900
2024-06-05,4.519999980926514,4.96999979019165,4.519999980926514,4.590000152587891,4.590000152587891,5200
2024-06-06,4.619999885559082,4.703000068664551,4.559999942779541,4.703000068664551,4.703000068664551,6900
2024-06-07,4.710000038146973,4.710000038146973,4.5,4.5,4.5,3500
2024-06-10,4.5,4.550000190734863,4.300000190734863,4.409999847412109,4.409999847412109,12500
2024-06-11,4.329999923706055,4.480000019073486,4.300000190734863,4.460000038146973,4.460000038146973,10100
2024-06-12,4.440000057220459,4.460000038146973,4.25,4.320000171661377,4.320000171661377,3900
2024-06-13,4.25,4.25,4.230000019073486,4.230000019073486,4.230000019073486,7400
2024-06-14,4.260000228881836,4.440000057220459,4.099999904632568,4.406000137329102,4.406000137329102,5200
2024-06-17,4.300000190734863,4.474999904632568,4.099999904632568,4.199999809265137,4.199999809265137,36000
2024-06-18,4.090000152587891,4.309999942779541,4.070000171661377,4.070000171661377,4.070000171661377,13800
2024-06-20,4.070000171661377,4.170000076293945,3.8499999046325684,4.070000171661377,4.070000171661377,29100
2024-06-21,4.019999980926514,4.320000171661377,4.010000228881836,4.010000228881836,4.010000228881836,39700
2024-06-24,4.010000228881836,4.340000152587891,4.010000228881836,4.139999866485596,4.139999866485596,11600
2024-06-25,4.099999904632568,4.340000152587891,4.090000152587891,4.150000095367432,4.150000095367432,9500
2024-06-26,4.230000019073486,4.244999885559082,4.019999980926514,4.019999980926514,4.019999980926514,8300
2024-06-27,4.139999866485596,4.150000095367432,4.0,4.090000152587891,4.090000152587891,5400
2024-06-28,4.15500020980835,4.21999979019165,4.019999980926514,4.070000171661377,4.070000171661377,1400
2024-07-01,4.0,4.03000020980835,3.9549999237060547,4.03000020980835,4.03000020980835,3600
2024-07-02,4.0,4.019999980926514,3.799999952316284,3.799999952316284,3.799999952316284,6200
2024-07-03,3.7200000286102295,3.809999942779541,3.700000047683716,3.759999990463257,3.759999990463257,7400
2024-07-05,3.930000066757202,3.930000066757202,3.819999933242798,3.880000114440918,3.880000114440918,2000
2024-07-08,3.880000114440918,4.0,3.75,3.819999933242798,3.819999933242798,9300
2024-07-09,3.75,4.265999794006348,3.75,3.759999990463257,3.759999990463257,22200
2024-07-10,3.759999990463257,3.950000047683716,3.759999990463257,3.950000047683716,3.950000047683716,2400
2024-07-11,3.9649999141693115,4.010000228881836,3.9000000953674316,4.010000228881836,4.010000228881836,3100
2024-07-12,4.079999923706055,4.139999866485596,4.0,4.110000133514404,4.110000133514404,5600
2024-07-15,4.090000152587891,4.159999847412109,3.9200000762939453,3.9200000762939453,3.9200000762939453,4100
2024-07-16,3.940000057220459,4.079999923706055,3.940000057220459,3.990000009536743,3.990000009536743,7200
2024-07-17,3.9800000190734863,4.070000171661377,3.9600000381469727,3.990000009536743,3.990000009536743,3300
2024-07-18,3.990000009536743,4.059999942779541,3.9700000286102295,4.0,4.0,2900
2024-07-19,4.0,4.0,3.990000009536743,4.0,4.0,1600
2024-07-22,3.950000047683716,4.019999980926514,3.759999990463257,3.9800000190734863,3.9800000190734863,7900
2024-07-23,4.099999904632568,4.099999904632568,3.947999954223633,4.050000190734863,4.050000190734863,2000
2024-07-24,3.9149999618530273,4.050000190734863,3.859999895095825,3.869999885559082,3.869999885559082,6400
2024-07-25,4.0,4.039999961853027,3.859999895095825,3.859999895095825,3.859999895095825,2800
2024-07-26,3.8399999141693115,3.9600000381469727,3.799999952316284,3.9600000381469727,3.9600000381469727,3800
2024-07-29,3.9200000762939453,4.0,3.9200000762939453,4.0,4.0,1500
2024-07-30,3.9200000762939453,3.930000066757202,3.805000066757202,3.805000066757202,3.805000066757202,6800
2024-07-31,3.930000066757202,3.940000057220459,3.5,3.619999885559082,3.619999885559082,17800
2024-08-01,3.619999885559082,3.8420000076293945,3.509999990463257,3.700000047683716,3.700000047683716,1600
2024-08-02,3.569999933242798,3.759999990463257,3.569999933242798,3.759999990463257,3.759999990463257,3300
2024-08-05,3.5,3.569999933242798,3.3239998817443848,3.5299999713897705,3.5299999713897705,68100
2024-08-06,3.5399999618530273,3.5999999046325684,3.2699999809265137,3.3299999237060547,3.3299999237060547,18400
2024-08-07,3.4200000762939453,3.690000057220459,3.3499999046325684,3.3499999046325684,3.3499999046325684,11600
2024-08-08,3.3499999046325684,3.4800000190734863,3.299999952316284,3.4000000953674316,3.4000000953674316,13800
2024-08-09,3.299999952316284,3.4760000705718994,3.299999952316284,3.359999895095825,3.359999895095825,5000
2024-08-12,3.25,3.390000104904175,3.200000047683716,3.2200000286102295,3.2200000286102295,21800
2024-08-13,3.2100000381469727,3.490000009536743,3.2100000381469727,3.299999952316284,3.299999952316284,12900
2024-08-14,3.25,3.4000000953674316,3.200000047683716,3.25,3.25,11400
2024-08-15,3.2100000381469727,3.4200000762939453,3.2100000381469727,3.4100000858306885,3.4100000858306885,10200
2024-08-16,3.3499999046325684,3.799999952316284,3.2100000381469727,3.799999952316284,3.799999952316284,6200
2024-08-19,3.7980000972747803,3.799999952316284,3.621999979019165,3.7850000858306885,3.7850000858306885,5300
2024-08-20,3.494999885559082,3.7200000286102295,3.494999885559082,3.7200000286102295,3.7200000286102295,700
2024-08-21,3.7200000286102295,3.859999895095825,3.7200000286102295,3.859999895095825,3.859999895095825,5900
2024-08-22,3.7860000133514404,3.859999895095825,3.75,3.75,3.75,5400
2024-08-23,3.549999952316284,3.8329999446868896,3.509999990463257,3.509999990463257,3.509999990463257,8100
2024-08-26,3.5,3.690000057220459,3.490000009536743,3.549999952316284,3.549999952316284,9600
2024-08-27,3.5,3.5999999046325684,3.3949999809265137,3.5169999599456787,3.5169999599456787,2200
2024-08-28,3.4790000915527344,3.549999952316284,3.4790000915527344,3.5,3.5,2600
2024-08-29,3.319999933242798,3.5360000133514404,3.319999933242798,3.3289999961853027,3.3289999961853027,2700
2024-08-30,3.4149999618530273,3.450000047683716,3.319999933242798,3.428999900817871,3.428999900817871,1600
2024-09-03,3.309999942779541,3.359999895095825,3.309999942779541,3.3299999237060547,3.3299999237060547,1900
2024-09-04,3.180000066757202,3.5,3.1600000858306885,3.5,3.5,2700
2024-09-05,3.36899995803833,3.36899995803833,3.3559999465942383,3.3559999465942383,3.3559999465942383,900
2024-09-06,3.26200008392334,3.4000000953674316,2.990000009536743,3.3499999046325684,3.3499999046325684,10200
2024-09-09,3.25,3.443000078201294,3.25,3.299999952316284,3.299999952316284,6000
2024-09-10,3.25,3.3399999141693115,3.0999999046325684,3.2799999713897705,3.2799999713897705,5300
2024-09-11,3.130000114440918,3.4000000953674316,3.130000114440918,3.2200000286102295,3.2200000286102295,11700
2024-09-12,3.180000066757202,3.497999906539917,3.180000066757202,3.4200000762939453,3.4200000762939453,11300
2024-09-13,3.315000057220459,3.315000057220459,3.0299999713897705,3.1500000953674316,3.1500000953674316,17000
2024-09-16,3.119999885559082,3.259999990463257,3.069999933242798,3.0850000381469727,3.0850000381469727,5800
2024-09-17,3.109999895095825,3.197000026702881,2.9000000953674316,3.009999990463257,3.009999990463257,19900
2024-09-18,3.069999933242798,3.069999933242798,2.859999895095825,2.859999895095825,2.859999895095825,11300
2024-09-19,2.947000026702881,2.950000047683716,2.9200000762939453,2.9200000762939453,2.9200000762939453,6200
2024-09-20,2.984999895095825,3.130000114440918,2.930000066757202,3.130000114440918,3.130000114440918,22300
2024-09-23,3.1500000953674316,3.190000057220459,3.049999952316284,3.059999942779541,3.059999942779541,3800
2024-09-24,3.1500000953674316,3.1500000953674316,2.9649999141693115,2.9800000190734863,2.9800000190734863,11200
2024-09-25,2.99399995803833,3.002000093460083,2.25,2.869999885559082,2.869999885559082,40000
2024-09-26,2.809999942779541,2.950000047683716,2.799999952316284,2.9200000762939453,2.9200000762939453,2500
2024-09-27,2.950000047683716,2.950000047683716,2.7300000190734863,2.75,2.75,9400
2024-09-30,2.809999942779541,2.8499999046325684,2.5999999046325684,2.75,2.75,15800
2024-10-01,2.7100000381469727,2.799999952316284,2.5399999618530273,2.5999999046325684,2.5999999046325684,32400
2024-10-02,2.619999885559082,2.7100000381469727,2.5999999046325684,2.7049999237060547,2.7049999237060547,14600
2024-10-03,2.690000057220459,2.690000057220459,2.549999952316284,2.619999885559082,2.619999885559082,12100
2024-10-04,2.680000066757202,2.690000057220459,2.5999999046325684,2.5999999046325684,2.5999999046325684,14000
2024-10-07,2.6500000953674316,2.6500000953674316,2.309999942779541,2.619999885559082,2.619999885559082,255900
2024-10-08,2.619999885559082,2.619999885559082,2.559999942779541,2.6010000705718994,2.6010000705718994,1700
2024-10-09,2.509999990463257,2.5899999141693115,2.1500000953674316,2.559999942779541,2.559999942779541,15300
2024-10-10,2.6500000953674316,2.6600000858306885,2.490000009536743,2.5399999618530273,2.5399999618530273,5900
2024-10-11,2.6600000858306885,2.7699999809265137,2.1500000953674316,2.5999999046325684,2.5999999046325684,39500
2024-10-14,2.619999885559082,2.619999885559082,2.509999990463257,2.559999942779541,2.559999942779541,11500
2024-10-15,2.5999999046325684,3.200000047683716,2.5789999961853027,3.049999952316284,3.049999952316284,55000
2024-10-16,4.320000171661377,4.389999866485596,3.2100000381469727,3.5,3.5,145500
2024-10-17,3.759999990463257,4.449999809265137,3.5999999046325684,4.449999809265137,4.449999809265137,147800
2024-10-18,5.010000228881836,5.010000228881836,4.150000095367432,4.400000095367432,4.400000095367432,86900
2024-10-21,4.400000095367432,4.539999961853027,4.269999980926514,4.300000190734863,4.300000190734863,22900
2024-10-22,4.349999904632568,4.349999904632568,4.0,4.179999828338623,4.179999828338623,17200
2024-10-23,4.179999828338623,4.179999828338623,3.859999895095825,3.9000000953674316,3.9000000953674316,19600
