Date,Open,High,Low,Close,Adj Close,Volume
1991-06-21,0.0,1.25,1.1875,1.21875,1.1240873336791992,8360800
1991-06-24,0.0,1.234375,1.1875,1.1875,1.0952647924423218,283200
1991-06-25,0.0,1.234375,1.1875,1.1875,1.0952647924423218,1167200
1991-06-26,0.0,1.1875,1.09375,1.140625,1.0520304441452026,3694400
1991-06-27,0.0,1.15625,1.09375,1.15625,1.0664420127868652,191200
1991-06-28,1.09375,1.15625,1.09375,1.15625,1.0664420127868652,650400
1991-07-01,1.125,1.15625,1.125,1.125,1.0376189947128296,179200
1991-07-02,1.125,1.15625,1.125,1.15625,1.0664420127868652,359200
1991-07-03,1.125,1.15625,1.125,1.125,1.0376189947128296,108000
1991-07-05,1.125,1.15625,1.125,1.125,1.0376189947128296,77600
1991-07-08,1.125,1.1875,1.125,1.171875,1.0808532238006592,353600
1991-07-09,1.15625,1.1875,1.15625,1.15625,1.0664420127868652,148800
1991-07-10,1.15625,1.21875,1.15625,1.171875,1.0808532238006592,287200
1991-07-11,1.21875,1.21875,1.15625,1.15625,1.0664420127868652,43200
1991-07-12,1.15625,1.21875,1.15625,1.21875,1.1240873336791992,16800
1991-07-15,1.15625,1.21875,1.15625,1.21875,1.1240873336791992,33600
1991-07-16,1.21875,1.25,1.171875,1.1875,1.0952647924423218,91200
1991-07-17,1.21875,1.25,1.21875,1.25,1.1529101133346558,301600
1991-07-18,1.25,1.3125,1.234375,1.3125,1.2105556726455688,345600
1991-07-19,1.3125,1.3125,1.25,1.265625,1.1673213243484497,419200
1991-07-22,1.25,1.25,1.25,1.25,1.1529101133346558,47200
1991-07-23,1.25,1.3125,1.25,1.28125,1.1817327737808228,60000
1991-07-24,1.25,1.3125,1.25,1.28125,1.1817327737808228,832000
1991-07-25,1.3125,1.3125,1.25,1.3125,1.2105556726455688,118400
1991-07-26,1.25,1.3125,1.25,1.265625,1.1673213243484497,50400
1991-07-29,1.25,1.3125,1.25,1.28125,1.1817327737808228,13600
1991-07-30,1.3125,1.328125,1.28125,1.3125,1.2105556726455688,109600
1991-07-31,1.34375,1.375,1.28125,1.3125,1.2105556726455688,76800
1991-08-01,1.3125,1.375,1.3125,1.34375,1.2393782138824463,36000
1991-08-02,1.375,1.375,1.3125,1.375,1.268201231956482,308000
1991-08-05,1.3125,1.421875,1.3125,1.375,1.268201231956482,70400
1991-08-06,1.375,1.46875,1.375,1.40625,1.2970236539840698,153600
1991-08-07,1.46875,1.5,1.40625,1.5,1.38349187374115,228800
1991-08-08,1.46875,1.46875,1.40625,1.40625,1.2970236539840698,224000
1991-08-09,1.4375,1.4375,1.4375,1.4375,1.3258469104766846,27200
1991-08-12,1.5,1.640625,1.5,1.5625,1.4411375522613525,313600
1991-08-13,1.65625,1.65625,1.59375,1.65625,1.5276060104370117,283200
1991-08-14,1.65625,1.6875,1.625,1.65625,1.5276060104370117,297600
1991-08-15,1.65625,1.6875,1.65625,1.65625,1.5276060104370117,71200
1991-08-16,1.65625,1.65625,1.625,1.625,1.498782992362976,216800
1991-08-19,1.59375,1.59375,1.515625,1.546875,1.4267261028289795,388000
1991-08-20,1.53125,1.5625,1.53125,1.5625,1.4411375522613525,688000
1991-08-21,1.5625,1.5625,1.53125,1.53125,1.4123148918151855,452800
1991-08-22,1.53125,1.671875,1.53125,1.59375,1.4699602127075195,926400
1991-08-23,1.65625,1.65625,1.59375,1.65625,1.5276060104370117,619200
1991-08-26,1.625,1.71875,1.625,1.65625,1.5276060104370117,36000
1991-08-27,1.65625,1.75,1.65625,1.6875,1.5564285516738892,77600
1991-08-28,1.6875,1.75,1.6875,1.6875,1.5564285516738892,132800
1991-08-29,1.734375,1.734375,1.6875,1.734375,1.5996628999710083,32800
1991-08-30,1.75,1.75,1.6875,1.6875,1.5564285516738892,46400
1991-09-03,1.6875,1.78125,1.6875,1.75,1.6140741109848022,141600
1991-09-04,1.78125,1.78125,1.75,1.75,1.6140741109848022,106400
1991-09-05,1.78125,1.78125,1.71875,1.71875,1.5852512121200562,156800
1991-09-06,1.75,1.75,1.703125,1.71875,1.5852512121200562,1545600
1991-09-09,1.71875,1.75,1.71875,1.734375,1.5996628999710083,17600
1991-09-10,1.75,1.75,1.6875,1.6875,1.5564285516738892,46400
1991-09-11,1.71875,1.71875,1.671875,1.6875,1.5564285516738892,32000
1991-09-12,1.71875,1.71875,1.71875,1.71875,1.5852512121200562,8000
1991-09-13,1.71875,1.71875,1.65625,1.703125,1.5708396434783936,52800
1991-09-16,1.65625,1.65625,1.65625,1.65625,1.5276060104370117,24000
1991-09-17,1.65625,1.6875,1.65625,1.6875,1.5564285516738892,25600
1991-09-18,1.65625,1.6875,1.65625,1.671875,1.5420171022415161,54400
1991-09-19,1.671875,1.671875,1.671875,1.671875,1.5420171022415161,0
1991-09-20,1.6875,1.6875,1.65625,1.65625,1.5276060104370117,43200
1991-09-23,1.625,1.65625,1.625,1.625,1.498782992362976,12245600
1991-09-24,1.6875,1.6875,1.6875,1.6875,1.5564285516738892,1600
1991-09-25,1.6875,1.71875,1.625,1.65625,1.5276060104370117,179200
1991-09-26,1.71875,1.71875,1.625,1.625,1.498782992362976,1600
1991-09-27,1.71875,1.71875,1.65625,1.65625,1.5276060104370117,46400
1991-09-30,1.65625,1.71875,1.65625,1.71875,1.5852512121200562,5600
1991-10-01,1.71875,1.75,1.71875,1.75,1.6140741109848022,76000
1991-10-02,1.734375,1.8125,1.6875,1.8125,1.6717194318771362,184000
1991-10-03,1.84375,1.84375,1.78125,1.84375,1.7005424499511719,128800
1991-10-04,1.78125,1.8125,1.78125,1.796875,1.6573081016540527,86400
1991-10-07,1.8125,1.828125,1.78125,1.796875,1.6573081016540527,223200
1991-10-08,1.8125,1.828125,1.796875,1.828125,1.6861307621002197,100000
1991-10-09,1.84375,1.84375,1.8125,1.8125,1.6717194318771362,30400
1991-10-10,1.828125,1.84375,1.8125,1.8125,1.6717194318771362,132000
1991-10-11,1.8125,1.8125,1.8125,1.8125,1.6717194318771362,0
1991-10-14,1.875,1.90625,1.875,1.875,1.7293649911880493,13600
1991-10-15,1.875,1.90625,1.8125,1.828125,1.6861307621002197,183200
1991-10-16,1.8125,1.8125,1.8125,1.8125,1.6717194318771362,800
1991-10-17,1.875,1.875,1.8125,1.8125,1.6717194318771362,17600
1991-10-18,1.875,1.90625,1.8125,1.90625,1.7581878900527954,12000
1991-10-21,1.90625,1.90625,1.90625,1.90625,1.7581878900527954,2400
1991-10-22,1.90625,1.90625,1.8125,1.8125,1.6717194318771362,3200
1991-10-23,1.90625,1.90625,1.90625,1.90625,1.7581878900527954,17600
1991-10-24,1.84375,1.90625,1.84375,1.875,1.7293649911880493,29600
1991-10-25,1.9375,1.96875,1.9375,1.96875,1.815833330154419,29600
1991-10-28,1.96875,1.96875,1.96875,1.96875,1.815833330154419,7200
1991-10-29,1.96875,2.0,1.9375,2.0,1.844656229019165,96800
1991-10-30,2.03125,2.03125,1.953125,1.96875,1.815833330154419,350400
1991-10-31,2.0,2.0,1.90625,1.953125,1.801421880722046,490400
1991-11-01,2.0,2.0,1.875,1.875,1.7293649911880493,70400
1991-11-04,1.9375,1.9375,1.875,1.9375,1.787010669708252,206400
1991-11-05,1.96875,1.96875,1.90625,1.90625,1.7581878900527954,1600
1991-11-06,1.96875,1.96875,1.90625,1.9375,1.787010669708252,155200
1991-11-07,1.90625,1.9375,1.90625,1.9375,1.787010669708252,11200
1991-11-08,1.9375,1.9375,1.9375,1.9375,1.787010669708252,0
1991-11-11,1.90625,1.90625,1.90625,1.90625,1.7581878900527954,1600
1991-11-12,1.90625,1.90625,1.90625,1.90625,1.7581878900527954,4000
1991-11-13,1.96875,1.984375,1.90625,1.96875,1.815833330154419,491200
1991-11-14,1.9375,1.9375,1.9375,1.9375,1.787010669708252,800
1991-11-15,1.9375,1.9375,1.9375,1.9375,1.787010669708252,16000
1991-11-18,1.90625,1.96875,1.90625,1.96875,1.815833330154419,400800
1991-11-19,1.90625,1.96875,1.875,1.875,1.7293649911880493,804000
1991-11-20,1.90625,1.921875,1.875,1.90625,1.7581878900527954,145600
1991-11-21,1.890625,1.890625,1.875,1.890625,1.7437764406204224,292000
1991-11-22,1.875,1.9375,1.875,1.9375,1.787010669708252,48000
1991-11-25,1.875,1.875,1.75,1.75,1.6140741109848022,156800
1991-11-26,1.78125,1.78125,1.75,1.78125,1.6428970098495483,680000
1991-11-27,1.75,1.8125,1.75,1.78125,1.6428970098495483,3092000
1991-11-29,1.75,1.8125,1.75,1.78125,1.6428970098495483,32000
1991-12-02,1.78125,1.78125,1.765625,1.78125,1.6428970098495483,272000
1991-12-03,1.8125,1.8125,1.78125,1.78125,1.6428970098495483,25600
1991-12-04,1.8125,1.8125,1.8125,1.8125,1.6717194318771362,800
1991-12-05,1.75,1.75,1.75,1.75,1.6140741109848022,8000
1991-12-06,1.78125,1.8125,1.75,1.75,1.6140741109848022,80000
1991-12-09,1.75,1.8125,1.71875,1.71875,1.5852512121200562,48000
1991-12-10,1.8125,1.8125,1.625,1.640625,1.5131943225860596,112800
1991-12-11,1.625,1.6875,1.625,1.6875,1.5564285516738892,8800
1991-12-12,1.625,1.625,1.625,1.625,1.498782992362976,3200
1991-12-13,1.6875,1.6875,1.59375,1.65625,1.5276060104370117,52000
1991-12-16,1.65625,1.65625,1.59375,1.59375,1.4699602127075195,15200
1991-12-17,1.59375,1.65625,1.59375,1.65625,1.5276060104370117,4800
1991-12-18,1.65625,1.65625,1.59375,1.65625,1.5276060104370117,289600
1991-12-19,1.6875,1.6875,1.59375,1.59375,1.4699602127075195,19200
1991-12-20,1.6875,1.6875,1.65625,1.6875,1.5564285516738892,9600
1991-12-23,1.6875,1.6875,1.6875,1.6875,1.5564285516738892,800
1991-12-24,1.6875,1.6875,1.6875,1.6875,1.5564285516738892,2400
1991-12-26,1.6875,1.6875,1.6875,1.6875,1.5564285516738892,36800
1991-12-27,1.59375,1.6875,1.59375,1.6875,1.5564285516738892,6400
1991-12-30,1.65625,1.6875,1.625,1.6875,1.5564285516738892,96800
1991-12-31,1.71875,1.71875,1.65625,1.71875,1.5852512121200562,934400
1992-01-02,1.703125,1.71875,1.65625,1.71875,1.5852512121200562,1866400
1992-01-03,1.71875,1.78125,1.65625,1.75,1.6140741109848022,289600
1992-01-06,1.78125,1.84375,1.78125,1.78125,1.6428970098495483,80800
1992-01-07,1.84375,1.84375,1.75,1.84375,1.7005424499511719,54400
1992-01-08,1.84375,2.03125,1.8125,1.9375,1.787010669708252,221600
1992-01-09,2.125,2.21875,2.125,2.1875,2.017592191696167,410400
1992-01-10,2.203125,2.203125,2.125,2.15625,1.98876953125,182400
1992-01-13,2.15625,2.25,2.15625,2.203125,2.03200364112854,123200
1992-01-14,2.21875,2.25,2.21875,2.25,2.075237989425659,52000
1992-01-15,2.21875,2.25,2.21875,2.25,2.075237989425659,53600
1992-01-16,2.21875,2.28125,2.21875,2.28125,2.1040608882904053,301600
1992-01-17,2.25,2.28125,2.25,2.25,2.075237989425659,48000
1992-01-20,2.25,2.28125,2.25,2.25,2.075237989425659,35200
1992-01-21,2.25,2.28125,2.25,2.28125,2.1040608882904053,12000
1992-01-22,2.265625,2.28125,2.25,2.25,2.075237989425659,29600
1992-01-23,2.28125,2.28125,2.28125,2.28125,2.1040608882904053,2400
1992-01-24,2.28125,2.28125,2.25,2.265625,2.0896499156951904,75200
1992-01-27,2.25,2.28125,2.25,2.25,2.075237989425659,24000
1992-01-28,2.28125,2.28125,2.265625,2.265625,2.0896499156951904,4000
1992-01-29,2.25,2.25,2.25,2.25,2.075237989425659,4800
1992-01-30,2.28125,2.28125,2.25,2.28125,2.1040608882904053,48800
1992-01-31,2.265625,2.28125,2.265625,2.28125,2.1040608882904053,127200
1992-02-03,2.375,2.40625,2.28125,2.375,2.1905295848846436,272000
1992-02-04,2.375,2.375,2.3125,2.375,2.1905295848846436,828000
1992-02-05,2.375,2.375,2.375,2.375,2.1905295848846436,6400
1992-02-06,2.375,2.375,2.375,2.375,2.1905295848846436,1600
1992-02-07,2.40625,2.53125,2.375,2.46875,2.2769975662231445,187200
1992-02-10,2.5,2.5,2.4375,2.5,2.3058202266693115,43200
1992-02-11,2.46875,2.5,2.4375,2.5,2.3058202266693115,80000
1992-02-12,2.46875,2.5625,2.46875,2.46875,2.2769975662231445,186400
1992-02-13,2.5,2.5625,2.46875,2.5,2.3058202266693115,576000
1992-02-14,2.5625,2.5625,2.46875,2.46875,2.2769975662231445,69600
1992-02-18,2.4375,2.46875,2.375,2.375,2.1905295848846436,96800
1992-02-19,2.46875,2.46875,2.46875,2.46875,2.2769975662231445,4800
1992-02-20,2.375,2.375,2.375,2.375,2.1905295848846436,10400
1992-02-21,2.46875,2.46875,2.375,2.375,2.1905295848846436,140000
1992-02-24,2.40625,2.40625,2.34375,2.40625,2.2193520069122314,64800
1992-02-25,2.46875,2.46875,2.375,2.46875,2.2769975662231445,532000
1992-02-26,2.46875,2.46875,2.46875,2.46875,2.2769975662231445,3200
1992-02-27,2.46875,2.46875,2.46875,2.46875,2.2769975662231445,0
1992-02-28,2.46875,2.46875,2.46875,2.46875,2.2769975662231445,0
1992-03-02,2.40625,2.46875,2.40625,2.46875,2.2769975662231445,150400
1992-03-03,2.40625,2.4375,2.40625,2.4375,2.2481746673583984,148800
1992-03-04,2.46875,2.46875,2.46875,2.46875,2.2769975662231445,4800
1992-03-05,2.40625,2.46875,2.40625,2.4375,2.2481746673583984,53600
1992-03-06,2.34375,2.34375,2.1875,2.25,2.075237989425659,456000
1992-03-09,2.15625,2.25,2.15625,2.15625,1.98876953125,223200
1992-03-10,2.15625,2.25,2.15625,2.1875,2.017592191696167,11200
1992-03-11,2.1875,2.25,2.1875,2.25,2.075237989425659,14400
1992-03-12,2.25,2.25,2.21875,2.25,2.075237989425659,16800
1992-03-13,2.1875,2.25,2.1875,2.25,2.075237989425659,15200
1992-03-16,2.25,2.25,2.25,2.25,2.075237989425659,0
1992-03-17,2.28125,2.28125,2.28125,2.28125,2.1040608882904053,17600
1992-03-18,2.1875,2.1875,2.1875,2.1875,2.017592191696167,8000
1992-03-19,2.28125,2.28125,2.28125,2.28125,2.1040608882904053,16000
1992-03-20,2.3125,2.375,2.28125,2.375,2.1905295848846436,96800
1992-03-23,2.40625,2.40625,2.40625,2.40625,2.2193520069122314,7200
1992-03-24,2.3125,2.34375,2.28125,2.28125,2.1040608882904053,55200
1992-03-25,2.28125,2.28125,2.28125,2.28125,2.1040608882904053,0
1992-03-26,2.28125,2.28125,2.28125,2.28125,2.1040608882904053,0
1992-03-27,2.28125,2.375,2.28125,2.28125,2.1040608882904053,26400
1992-03-30,2.328125,2.328125,2.28125,2.328125,2.1472949981689453,330400
1992-03-31,2.28125,2.375,2.28125,2.375,2.1905295848846436,13600
1992-04-01,2.375,2.375,2.21875,2.28125,2.1040608882904053,180000
1992-04-02,2.28125,2.28125,2.28125,2.28125,2.1040608882904053,9600
1992-04-03,2.21875,2.265625,2.1875,2.1875,2.017592191696167,244800
1992-04-06,2.1875,2.28125,2.1875,2.28125,2.1040608882904053,2400
1992-04-07,2.1875,2.1875,2.1875,2.1875,2.017592191696167,20000
1992-04-08,2.1875,2.1875,2.1875,2.1875,2.017592191696167,2400
1992-04-09,2.21875,2.25,2.21875,2.25,2.075237989425659,24000
1992-04-10,2.28125,2.28125,2.21875,2.234375,2.060826539993286,108000
1992-04-13,2.1875,2.1875,2.1875,2.1875,2.017592191696167,1600
1992-04-14,2.1875,2.1875,2.1875,2.1875,2.017592191696167,0
1992-04-15,2.203125,2.28125,2.1875,2.28125,2.1040608882904053,159200
1992-04-16,2.1875,2.1875,2.1875,2.1875,2.017592191696167,17600
1992-04-20,2.28125,2.28125,2.1875,2.28125,2.1040608882904053,80000
1992-04-21,2.28125,2.28125,2.28125,2.28125,2.1040608882904053,0
1992-04-22,2.1875,2.1875,2.1875,2.1875,2.017592191696167,16000
1992-04-23,2.28125,2.28125,2.1875,2.1875,2.017592191696167,9600
1992-04-24,2.28125,2.28125,2.1875,2.1875,2.017592191696167,6400
1992-04-27,2.1875,2.1875,2.1875,2.1875,2.017592191696167,4000
1992-04-28,2.1875,2.1875,2.1875,2.1875,2.017592191696167,0
1992-04-29,2.1875,2.28125,2.1875,2.1875,2.017592191696167,170400
1992-04-30,2.1875,2.21875,2.1875,2.1875,2.017592191696167,443200
1992-05-01,2.1875,2.25,2.1875,2.1875,2.017592191696167,617600
1992-05-04,2.25,2.25,2.1875,2.25,2.075237989425659,1387200
1992-05-05,2.25,2.25,2.1875,2.1875,2.017592191696167,12000
1992-05-06,2.1875,2.1875,2.1875,2.1875,2.017592191696167,0
1992-05-07,2.25,2.25,2.15625,2.15625,1.98876953125,9600
1992-05-08,2.1875,2.1875,2.1875,2.1875,2.017592191696167,32000
1992-05-11,2.15625,2.21875,2.15625,2.15625,1.98876953125,68000
1992-05-12,2.21875,2.21875,2.125,2.125,1.959946632385254,19200
1992-05-13,2.21875,2.21875,2.171875,2.21875,2.046415328979492,9600
1992-05-14,2.1875,2.1875,2.1875,2.1875,2.017592191696167,9600
1992-05-15,2.1875,2.1875,2.1875,2.1875,2.017592191696167,0
1992-05-18,2.125,2.125,2.125,2.125,1.959946632385254,28000
1992-05-19,2.125,2.1875,2.125,2.1875,2.017592191696167,20800
1992-05-20,2.078125,2.1875,2.078125,2.1875,2.017592191696167,151200
1992-05-21,2.0625,2.09375,2.0625,2.078125,1.9167124032974243,756000
1992-05-22,2.0625,2.125,2.0625,2.09375,1.9311243295669556,77600
1992-05-26,2.09375,2.09375,2.09375,2.09375,1.9311243295669556,0
1992-05-27,2.0625,2.09375,2.0625,2.09375,1.9311243295669556,1600
1992-05-28,2.1875,2.1875,2.125,2.140625,1.9743590354919434,281600
1992-05-29,2.140625,2.140625,2.140625,2.140625,1.9743590354919434,0
1992-06-01,2.1875,2.1875,2.1875,2.1875,2.017592191696167,800
1992-06-02,2.21875,2.21875,2.21875,2.21875,2.046415328979492,1600
1992-06-03,2.15625,2.1875,2.15625,2.1875,2.017592191696167,752000
1992-06-04,2.1875,2.1875,2.1875,2.1875,2.017592191696167,4000
1992-06-05,2.15625,2.171875,2.15625,2.171875,2.003180503845215,400000
1992-06-08,2.09375,2.21875,2.09375,2.21875,2.046415328979492,85600
1992-06-09,2.125,2.125,2.109375,2.109375,1.9455361366271973,48000
1992-06-10,2.15625,2.15625,2.15625,2.15625,1.98876953125,4800
1992-06-11,2.09375,2.09375,2.09375,2.09375,1.9311243295669556,28800
1992-06-12,2.09375,2.09375,2.09375,2.09375,1.9311243295669556,0
1992-06-15,2.09375,2.125,2.03125,2.046875,1.8878906965255737,37600
1992-06-16,2.09375,2.09375,2.03125,2.03125,1.8734793663024902,13600
1992-06-17,2.03125,2.0625,2.03125,2.03125,1.8734793663024902,34400
1992-06-18,2.03125,2.078125,2.03125,2.03125,1.8734793663024902,21600
1992-06-19,2.03125,2.03125,2.03125,2.03125,1.8734793663024902,0
1992-06-22,2.03125,2.125,2.03125,2.125,1.959946632385254,99200
1992-06-23,2.125,2.125,2.125,2.125,1.959946632385254,1600
1992-06-24,2.125,2.125,2.125,2.125,1.959946632385254,0
1992-06-25,2.03125,2.03125,2.03125,2.03125,1.8734793663024902,4000
1992-06-26,2.03125,2.03125,2.03125,2.03125,1.8734793663024902,0
1992-06-29,2.125,2.125,2.125,2.125,1.959946632385254,20800
1992-06-30,2.125,2.25,2.125,2.25,2.075237989425659,210400
1992-07-01,2.25,2.25,2.25,2.25,2.075237989425659,1600
1992-07-02,2.1875,2.25,2.1875,2.25,2.075237989425659,14400
1992-07-06,2.28125,2.3125,2.25,2.3125,2.1328840255737305,68800
1992-07-07,2.34375,2.34375,2.25,2.328125,2.1472949981689453,64000
1992-07-08,2.34375,2.34375,2.34375,2.34375,2.1617064476013184,28800
1992-07-09,2.28125,2.34375,2.28125,2.3125,2.1328840255737305,332800
1992-07-10,2.34375,2.34375,2.28125,2.28125,2.1040608882904053,7200
1992-07-13,2.34375,2.34375,2.34375,2.34375,2.1617064476013184,23200
1992-07-14,2.34375,2.34375,2.328125,2.328125,2.1472949981689453,24800
1992-07-15,2.328125,2.34375,2.3125,2.328125,2.1472949981689453,344000
1992-07-16,2.328125,2.328125,2.328125,2.328125,2.1472949981689453,0
1992-07-17,2.28125,2.34375,2.28125,2.34375,2.1617064476013184,361600
1992-07-20,2.34375,2.34375,2.28125,2.28125,2.1040608882904053,119200
1992-07-21,2.34375,2.34375,2.328125,2.34375,2.1617064476013184,160000
1992-07-22,2.34375,2.34375,2.34375,2.34375,2.1617064476013184,16800
1992-07-23,2.328125,2.34375,2.328125,2.34375,2.1617064476013184,4000
1992-07-24,2.3125,2.3125,2.3125,2.3125,2.1328840255737305,8000
1992-07-27,2.3125,2.328125,2.3125,2.3125,2.1328840255737305,214400
1992-07-28,2.3125,2.34375,2.3125,2.34375,2.1617064476013184,420800
1992-07-29,2.34375,2.34375,2.34375,2.34375,2.1617064476013184,0
1992-07-30,2.34375,2.34375,2.34375,2.34375,2.1617064476013184,37600
1992-07-31,2.3125,2.34375,2.3125,2.34375,2.1617064476013184,184800
1992-08-03,2.3125,2.375,2.3125,2.359375,2.176117420196533,125600
1992-08-04,2.375,2.375,2.3125,2.3125,2.1328840255737305,87200
1992-08-05,2.3125,2.3125,2.3125,2.3125,2.1328840255737305,800
1992-08-06,2.3125,2.3125,2.3125,2.3125,2.1328840255737305,0
1992-08-07,2.3125,2.375,2.3125,2.3125,2.1328840255737305,12000
1992-08-10,2.359375,2.359375,2.328125,2.328125,2.1472949981689453,196000
1992-08-11,2.375,2.375,2.375,2.375,2.1905295848846436,3200
1992-08-12,2.3125,2.3125,2.3125,2.3125,2.1328840255737305,10400
1992-08-13,2.3125,2.3125,2.3125,2.3125,2.1328840255737305,0
1992-08-14,2.3125,2.34375,2.3125,2.34375,2.1617064476013184,21600
1992-08-17,2.375,2.375,2.375,2.375,2.1905295848846436,1600
1992-08-18,2.375,2.375,2.3125,2.3125,2.1328840255737305,1600
1992-08-19,2.3125,2.3125,2.3125,2.3125,2.1328840255737305,0
1992-08-20,2.34375,2.4375,2.34375,2.4375,2.2481746673583984,24800
1992-08-21,2.421875,2.4375,2.34375,2.375,2.1905295848846436,15200
1992-08-24,2.34375,2.4375,2.34375,2.4375,2.2481746673583984,17600
1992-08-25,2.4375,2.4375,2.4375,2.4375,2.2481746673583984,10400
1992-08-26,2.375,2.4375,2.375,2.4375,2.2481746673583984,4800
1992-08-27,2.375,2.46875,2.375,2.46875,2.2769975662231445,41600
1992-08-28,2.375,2.53125,2.375,2.53125,2.3346426486968994,44800
1992-08-31,2.5625,2.5625,2.5,2.5625,2.3634655475616455,58400
1992-09-01,2.4375,2.53125,2.4375,2.53125,2.3346426486968994,52800
1992-09-02,2.5625,2.5625,2.4375,2.5625,2.3634655475616455,365600
1992-09-03,2.5625,2.5625,2.5,2.5,2.3058202266693115,102400
1992-09-04,2.53125,2.5625,2.5,2.515625,2.3202311992645264,1035200
1992-09-08,2.5625,2.5625,2.5625,2.5625,2.3634655475616455,4000
1992-09-09,2.5625,2.5625,2.5,2.5,2.3058202266693115,8800
1992-09-10,2.5625,2.5625,2.5625,2.5625,2.3634655475616455,1600
1992-09-11,2.5625,2.5625,2.46875,2.5,2.3058202266693115,228000
1992-09-14,2.5,2.5625,2.5,2.5625,2.3634655475616455,3200
1992-09-15,2.53125,2.5625,2.5,2.5,2.3058202266693115,17600
1992-09-16,2.5625,2.5625,2.5625,2.5625,2.3634655475616455,800
1992-09-17,2.5625,2.5625,2.5,2.53125,2.3346426486968994,77600
1992-09-18,2.53125,2.53125,2.515625,2.515625,2.3202311992645264,240000
1992-09-21,2.515625,2.515625,2.515625,2.515625,2.3202311992645264,0
1992-09-22,2.5625,2.5625,2.5,2.5,2.3058202266693115,16000
1992-09-23,2.5625,2.5625,2.5,2.5625,2.3634655475616455,4800
1992-09-24,2.515625,2.515625,2.5,2.5,2.3058202266693115,32000
1992-09-25,2.53125,2.53125,2.53125,2.53125,2.3346426486968994,12000
1992-09-28,2.5625,2.5625,2.5625,2.5625,2.3634655475616455,800
1992-09-29,2.5,2.5625,2.5,2.5625,2.3634655475616455,35200
1992-09-30,2.5625,2.5625,2.5625,2.5625,2.3634655475616455,24000
1992-10-01,2.5625,2.59375,2.5625,2.5625,2.3634655475616455,16000
1992-10-02,2.59375,2.59375,2.578125,2.59375,2.3922879695892334,8000
1992-10-05,2.5,2.5625,2.5,2.5,2.3058202266693115,18400
1992-10-06,2.5,2.5,2.5,2.5,2.3058202266693115,0
1992-10-07,2.59375,2.59375,2.46875,2.53125,2.3346426486968994,91200
1992-10-08,2.46875,2.59375,2.46875,2.59375,2.3922879695892334,16800
1992-10-09,2.59375,2.59375,2.59375,2.59375,2.3922879695892334,0
1992-10-12,2.59375,2.59375,2.59375,2.59375,2.3922879695892334,0
1992-10-13,2.59375,2.71875,2.59375,2.71875,2.5075790882110596,534400
1992-10-14,2.71875,2.71875,2.640625,2.671875,2.4643449783325195,351200
1992-10-15,2.65625,2.6875,2.625,2.625,2.4211113452911377,48800
1992-10-16,2.625,2.6875,2.625,2.6875,2.4787564277648926,32000
1992-10-19,2.6875,2.6875,2.625,2.6875,2.4787564277648926,26400
1992-10-20,2.6875,2.6875,2.625,2.640625,2.4355225563049316,328000
1992-10-21,2.65625,2.6875,2.625,2.6875,2.4787564277648926,27200
1992-10-22,2.6875,2.6875,2.6875,2.6875,2.4787564277648926,24000
1992-10-23,2.625,2.6875,2.625,2.6875,2.4787564277648926,105600
1992-10-26,2.6875,2.6875,2.625,2.625,2.4211113452911377,44000
1992-10-27,2.625,2.625,2.625,2.625,2.4211113452911377,8000
1992-10-28,2.640625,2.6875,2.625,2.625,2.4211113452911377,56800
1992-10-29,2.625,2.65625,2.53125,2.546875,2.3490543365478516,181600
1992-10-30,2.59375,2.59375,2.546875,2.578125,2.3778765201568604,536800
1992-11-02,2.59375,2.59375,2.53125,2.53125,2.3346426486968994,88800
1992-11-03,2.578125,2.578125,2.5625,2.578125,2.3778765201568604,67200
1992-11-04,2.53125,2.59375,2.5,2.5625,2.3634655475616455,511200
1992-11-05,2.5,2.5625,2.5,2.5625,2.3634655475616455,12000
1992-11-06,2.5625,2.5625,2.5,2.53125,2.3346426486968994,785600
1992-11-09,2.515625,2.53125,2.515625,2.53125,2.3346426486968994,204800
1992-11-10,2.5,2.5625,2.5,2.5625,2.3634655475616455,32000
1992-11-11,2.5625,2.5625,2.5,2.5625,2.3634655475616455,11200
1992-11-12,2.5,2.5,2.5,2.5,2.3058202266693115,2400
1992-11-13,2.5,2.5,2.5,2.5,2.3058202266693115,3200
1992-11-16,2.5,2.5625,2.5,2.5625,2.3634655475616455,24000
1992-11-17,2.5625,2.5625,2.5,2.5,2.3058202266693115,6400
1992-11-18,2.5625,2.5625,2.5,2.5,2.3058202266693115,65600
1992-11-19,2.5,2.59375,2.5,2.5,2.3058202266693115,105600
1992-11-20,2.5625,2.5625,2.484375,2.515625,2.3202311992645264,147200
1992-11-23,2.5,2.515625,2.46875,2.5,2.3058202266693115,196800
1992-11-24,2.46875,2.53125,2.46875,2.5,2.3058202266693115,8000
1992-11-25,2.53125,2.53125,2.46875,2.46875,2.2769975662231445,42400
1992-11-27,2.53125,2.53125,2.53125,2.53125,2.3346426486968994,7200
1992-11-30,2.53125,2.53125,2.46875,2.5,2.3058202266693115,16800
1992-12-01,2.53125,2.53125,2.46875,2.53125,2.3346426486968994,18400
1992-12-02,2.46875,2.53125,2.46875,2.53125,2.3346426486968994,4000
1992-12-03,2.46875,2.53125,2.46875,2.53125,2.3346426486968994,32800
1992-12-04,2.53125,2.53125,2.53125,2.53125,2.3346426486968994,4000
1992-12-07,2.53125,2.53125,2.46875,2.484375,2.2914090156555176,64000
1992-12-08,2.46875,2.5,2.46875,2.484375,2.2914090156555176,26400
1992-12-09,2.46875,2.53125,2.34375,2.359375,2.176117420196533,178400
1992-12-10,2.40625,2.40625,2.40625,2.40625,2.2193520069122314,6400
1992-12-11,2.34375,2.40625,2.34375,2.34375,2.1617064476013184,34400
1992-12-14,2.375,2.40625,2.375,2.390625,2.2049403190612793,18400
1992-12-15,2.40625,2.40625,2.40625,2.40625,2.2193520069122314,7200
1992-12-16,2.40625,2.40625,2.375,2.375,2.1905295848846436,4000
1992-12-17,2.40625,2.46875,2.40625,2.4375,2.2481746673583984,65600
1992-12-18,2.46875,2.46875,2.421875,2.421875,2.2337632179260254,23200
1992-12-21,2.46875,2.5,2.46875,2.5,2.3058202266693115,40000
1992-12-22,2.4375,2.4375,2.4375,2.4375,2.2481746673583984,24000
1992-12-23,2.5,2.5,2.4375,2.46875,2.2769975662231445,9600
1992-12-24,2.46875,2.46875,2.46875,2.46875,2.2769975662231445,0
1992-12-28,2.4375,2.46875,2.4375,2.4375,2.2481746673583984,10400
1992-12-29,2.46875,2.46875,2.46875,2.46875,2.2769975662231445,90400
1992-12-30,2.46875,2.484375,2.4375,2.4375,2.2481746673583984,52800
1992-12-31,2.46875,2.53125,2.46875,2.515625,2.3202311992645264,91200
1993-01-04,2.53125,2.53125,2.4375,2.46875,2.2769975662231445,232800
1993-01-05,2.53125,2.53125,2.515625,2.53125,2.3346426486968994,91200
1993-01-06,2.515625,2.5625,2.515625,2.5625,2.3634655475616455,28000
1993-01-07,2.5625,2.59375,2.53125,2.53125,2.3346426486968994,48000
1993-01-08,2.59375,2.59375,2.546875,2.5625,2.3634655475616455,94400
1993-01-11,2.5625,2.5625,2.5625,2.5625,2.3634655475616455,0
1993-01-12,2.625,2.625,2.53125,2.53125,2.3346426486968994,10400
1993-01-13,2.625,2.625,2.625,2.625,2.4211113452911377,32800
1993-01-14,2.625,2.625,2.578125,2.625,2.4211113452911377,12000
1993-01-15,2.625,2.65625,2.625,2.65625,2.4499337673187256,64800
1993-01-18,2.625,2.75,2.625,2.71875,2.5075790882110596,123200
1993-01-19,2.75,2.9375,2.75,2.9375,2.709338426589966,120800
1993-01-20,2.90625,3.0,2.875,2.96875,2.7381608486175537,220000
1993-01-21,2.9375,2.9375,2.78125,2.84375,2.622870445251465,207200
1993-01-22,2.875,2.875,2.78125,2.78125,2.5652248859405518,16000
1993-01-25,2.875,2.875,2.875,2.875,2.651693820953369,5600
1993-01-26,2.75,2.875,2.75,2.875,2.651693820953369,67200
1993-01-27,2.875,2.875,2.75,2.78125,2.5652248859405518,15200
1993-01-28,2.8125,2.8125,2.75,2.8125,2.5940473079681396,13600
1993-01-29,2.8125,2.8125,2.8125,2.8125,2.5940473079681396,0
1993-02-01,2.8125,2.8125,2.71875,2.75,2.536402463912964,39200
1993-02-02,2.78125,2.8125,2.78125,2.8125,2.5940473079681396,24000
1993-02-03,2.8125,2.8125,2.71875,2.8125,2.5940473079681396,9600
1993-02-04,2.8125,2.8125,2.71875,2.8125,2.5940473079681396,10400
1993-02-05,2.8125,2.8125,2.71875,2.8125,2.5940473079681396,83200
1993-02-08,2.8125,2.875,2.78125,2.875,2.651693820953369,77600
1993-02-09,2.875,2.875,2.875,2.875,2.651693820953369,31200
1993-02-10,2.84375,2.90625,2.84375,2.90625,2.6805155277252197,7200
1993-02-11,2.875,2.9375,2.875,2.9375,2.709338426589966,46400
1993-02-12,2.875,2.9375,2.875,2.9375,2.709338426589966,90400
1993-02-16,2.9375,2.9375,2.8125,2.8125,2.5940473079681396,141600
1993-02-17,2.75,2.75,2.65625,2.65625,2.4499337673187256,169600
1993-02-18,2.75,2.78125,2.75,2.78125,2.5652248859405518,39200
1993-02-19,2.78125,2.84375,2.75,2.84375,2.622870445251465,208000
1993-02-22,2.84375,2.84375,2.75,2.84375,2.622870445251465,16800
1993-02-23,2.84375,2.84375,2.84375,2.84375,2.622870445251465,0
1993-02-24,2.84375,2.84375,2.75,2.75,2.536402463912964,12800
1993-02-25,2.75,2.84375,2.75,2.75,2.536402463912964,4000
1993-02-26,2.84375,2.84375,2.75,2.75,2.536402463912964,18400
1993-03-01,2.84375,2.84375,2.78125,2.84375,2.622870445251465,114400
1993-03-02,2.78125,2.84375,2.765625,2.78125,2.5652248859405518,263200
1993-03-03,2.84375,2.84375,2.8125,2.8125,2.5940473079681396,7200
1993-03-04,2.75,2.84375,2.75,2.84375,2.622870445251465,12000
1993-03-05,2.75,2.8125,2.75,2.75,2.536402463912964,72000
1993-03-08,2.78125,2.84375,2.78125,2.796875,2.579636573791504,546400
1993-03-09,2.84375,2.96875,2.84375,2.96875,2.7381608486175537,331200
1993-03-10,2.96875,3.0,2.90625,3.0,2.7669837474823,66400
1993-03-11,3.0,3.0,2.96875,3.0,2.7669837474823,94400
1993-03-12,3.0,3.03125,3.0,3.0,2.7669837474823,143200
1993-03-15,3.0625,3.09375,2.96875,3.09375,2.853452205657959,39200
1993-03-16,3.03125,3.03125,2.75,2.765625,2.5508131980895996,357600
1993-03-17,2.75,2.765625,2.6875,2.75,2.536402463912964,9455200
1993-03-18,2.75,2.78125,2.75,2.765625,2.5508131980895996,2919200
1993-03-19,2.78125,2.8125,2.75,2.78125,2.5652248859405518,2607200
1993-03-22,2.75,2.78125,2.75,2.75,2.536402463912964,1824800
1993-03-23,2.765625,2.765625,2.65625,2.671875,2.4643449783325195,609600
1993-03-24,2.6875,2.6875,2.65625,2.671875,2.4643449783325195,46400
1993-03-25,2.65625,2.75,2.65625,2.65625,2.4499337673187256,205600
1993-03-26,2.71875,2.71875,2.59375,2.65625,2.4499337673187256,489600
1993-03-29,2.59375,2.625,2.59375,2.59375,2.3922879695892334,113600
1993-03-30,2.59375,2.71875,2.59375,2.71875,2.5075790882110596,485600
1993-03-31,2.71875,2.78125,2.71875,2.78125,2.5652248859405518,1766400
1993-04-01,2.8125,2.8125,2.75,2.8125,2.5940473079681396,463200
1993-04-02,2.78125,2.8125,2.71875,2.71875,2.5075790882110596,633600
1993-04-05,2.71875,2.78125,2.71875,2.71875,2.5075790882110596,48800
1993-04-06,2.78125,2.78125,2.71875,2.78125,2.5652248859405518,60000
1993-04-07,2.75,2.75,2.71875,2.71875,2.5075790882110596,129600
1993-04-08,2.75,2.8125,2.75,2.78125,2.5652248859405518,268800
1993-04-12,2.75,2.8125,2.75,2.8125,2.5940473079681396,224800
1993-04-13,2.84375,2.84375,2.75,2.8125,2.5940473079681396,99200
1993-04-14,2.84375,2.84375,2.78125,2.84375,2.622870445251465,204800
1993-04-15,2.84375,2.84375,2.78125,2.84375,2.622870445251465,62400
1993-04-16,2.78125,2.84375,2.78125,2.8125,2.5940473079681396,284800
1993-04-19,2.78125,2.875,2.78125,2.875,2.651693820953369,449600
1993-04-20,2.8125,3.03125,2.8125,3.0,2.7669837474823,488800
1993-04-21,3.0625,3.0625,2.96875,2.96875,2.7381608486175537,249600
1993-04-22,2.96875,3.0,2.84375,2.875,2.651693820953369,864800
1993-04-23,2.875,2.90625,2.84375,2.859375,2.6372811794281006,282400
1993-04-26,2.90625,2.90625,2.84375,2.84375,2.622870445251465,24000
1993-04-27,2.84375,2.84375,2.84375,2.84375,2.622870445251465,800
1993-04-28,2.90625,2.9375,2.875,2.875,2.651693820953369,49600
1993-04-29,2.9375,2.9375,2.875,2.875,2.651693820953369,260800
1993-04-30,2.9375,2.96875,2.9375,2.96875,2.7381608486175537,56000
1993-05-03,2.875,2.96875,2.875,2.96875,2.7381608486175537,73600
1993-05-04,2.875,3.015625,2.875,2.96875,2.7381608486175537,280800
1993-05-05,3.03125,3.125,3.0,3.0625,2.824629783630371,210400
1993-05-06,3.0625,3.125,3.0,3.09375,2.853452205657959,62400
1993-05-07,3.09375,3.09375,3.03125,3.09375,2.853452205657959,58400
1993-05-10,3.03125,3.09375,3.03125,3.03125,2.795806884765625,20000
1993-05-11,3.0625,3.125,3.03125,3.03125,2.795806884765625,40800
1993-05-12,3.0625,3.125,3.03125,3.125,2.882275104522705,56000
1993-05-13,3.125,3.140625,3.03125,3.09375,2.853452205657959,131200
1993-05-14,3.125,3.125,3.09375,3.09375,2.853452205657959,361600
1993-05-17,3.09375,3.125,3.0625,3.125,2.882275104522705,70400
1993-05-18,3.0625,3.125,2.984375,3.0625,2.824629783630371,113600
1993-05-19,3.0625,3.0625,2.96875,3.0625,2.824629783630371,3200
1993-05-20,3.0625,3.0625,3.0,3.0625,2.824629783630371,68000
1993-05-21,3.03125,3.0625,3.03125,3.03125,2.795806884765625,13600
1993-05-24,3.03125,3.0625,3.0,3.0,2.7669837474823,105600
1993-05-25,3.046875,3.0625,3.0,3.0,2.7669837474823,63200
1993-05-26,3.0,3.0625,3.0,3.0625,2.824629783630371,43200
1993-05-27,3.0625,3.09375,3.0,3.0,2.7669837474823,4000
1993-05-28,3.09375,3.09375,2.96875,3.03125,2.795806884765625,59200
1993-06-01,3.0,3.0,2.9375,2.984375,2.752573013305664,191200
1993-06-02,3.0,3.0,3.0,3.0,2.7669837474823,14400
1993-06-03,2.9375,2.984375,2.9375,2.984375,2.752573013305664,37600
1993-06-04,3.0,3.0,2.953125,2.984375,2.752573013305664,56800
1993-06-07,3.0,3.03125,2.9375,3.03125,2.795806884765625,97600
1993-06-08,3.0,3.0625,2.9375,3.0625,2.824629783630371,20800
1993-06-09,3.0625,3.0625,3.0625,3.0625,2.824629783630371,63200
1993-06-10,3.0625,3.0625,2.96875,3.046875,2.81021785736084,49600
1993-06-11,3.03125,3.0625,3.03125,3.0625,2.824629783630371,98400
1993-06-14,3.046875,3.046875,3.0,3.0,2.7669837474823,17600
1993-06-15,3.0,3.0,3.0,3.0,2.7669837474823,0
1993-06-16,3.03125,3.0625,3.03125,3.0625,2.824629783630371,44000
1993-06-17,3.0,3.0625,3.0,3.0,2.7669837474823,26400
1993-06-18,3.0625,3.0625,3.0,3.0,2.7669837474823,96000
1993-06-21,3.046875,3.125,3.0,3.125,2.882275104522705,101600
1993-06-22,3.15625,3.15625,3.09375,3.15625,2.911097526550293,210400
1993-06-23,3.15625,3.15625,3.109375,3.125,2.882275104522705,100800
1993-06-24,3.09375,3.15625,3.09375,3.15625,2.911097526550293,837600
1993-06-25,3.15625,3.15625,3.09375,3.09375,2.853452205657959,464800
1993-06-28,3.09375,3.09375,3.09375,3.09375,2.853452205657959,61600
1993-06-29,3.09375,3.15625,3.09375,3.09375,2.853452205657959,7200
1993-06-30,3.109375,3.15625,3.0625,3.140625,2.8966867923736572,110400
1993-07-01,3.09375,3.1875,3.09375,3.125,2.882275104522705,1747200
1993-07-02,3.125,3.15625,3.125,3.15625,2.911097526550293,86400
1993-07-06,3.15625,3.15625,3.09375,3.09375,2.853452205657959,15200
1993-07-07,3.09375,3.09375,2.9375,2.9375,2.709338426589966,467200
1993-07-08,2.9375,3.03125,2.9375,3.03125,2.795806884765625,20000
1993-07-09,2.96875,3.03125,2.96875,3.015625,2.78139591217041,94400
1993-07-12,2.96875,3.03125,2.96875,3.03125,2.795806884765625,37600
1993-07-13,3.0,3.0625,2.96875,3.015625,2.78139591217041,314400
1993-07-14,3.0,3.046875,3.0,3.03125,2.795806884765625,100800
1993-07-15,3.0,3.0625,3.0,3.015625,2.78139591217041,132000
1993-07-16,2.96875,3.0625,2.96875,3.0625,2.824629783630371,4800
1993-07-19,2.96875,3.0625,2.96875,3.03125,2.795806884765625,28800
1993-07-20,3.03125,3.03125,2.96875,2.96875,2.7381608486175537,42400
1993-07-21,3.0,3.03125,2.9375,2.96875,2.7381608486175537,70400
1993-07-22,3.03125,3.03125,2.96875,2.984375,2.752573013305664,194400
1993-07-23,3.03125,3.03125,3.0,3.015625,2.78139591217041,40000
1993-07-26,3.03125,3.0625,3.0,3.0625,2.824629783630371,80800
1993-07-27,3.125,3.125,3.0625,3.0625,2.824629783630371,576800
1993-07-28,3.125,3.125,3.09375,3.109375,2.867863893508911,28000
1993-07-29,3.0625,3.1875,3.0625,3.09375,2.853452205657959,200000
1993-07-30,3.09375,3.1875,3.09375,3.1875,2.939920425415039,5600
1993-08-02,3.21875,3.21875,3.09375,3.09375,2.853452205657959,84000
1993-08-03,3.09375,3.1875,3.09375,3.1875,2.939920425415039,773600
1993-08-04,3.09375,3.28125,3.09375,3.28125,3.026388645172119,105600
1993-08-05,3.1875,3.28125,3.1875,3.1875,2.939920425415039,46400
1993-08-06,3.1875,3.234375,3.1875,3.234375,2.983154535293579,19200
1993-08-09,3.28125,3.28125,3.28125,3.28125,3.026388645172119,53600
1993-08-10,3.3125,3.4375,3.25,3.34375,3.0840342044830322,168800
1993-08-11,3.4375,3.5,3.34375,3.5,3.2281482219696045,408800
1993-08-12,3.46875,3.5,3.40625,3.5,3.2281482219696045,49600
1993-08-13,3.5,3.734375,3.40625,3.6875,3.4010848999023438,776000
1993-08-16,3.65625,3.6875,3.5625,3.59375,3.3146162033081055,703200
1993-08-17,3.59375,3.65625,3.53125,3.53125,3.2569711208343506,452800
1993-08-18,3.59375,3.59375,3.40625,3.46875,3.1993257999420166,509600
1993-08-19,3.40625,3.46875,3.40625,3.40625,3.141679286956787,137600
1993-08-20,3.40625,3.46875,3.40625,3.453125,3.1849145889282227,254400
1993-08-23,3.40625,3.46875,3.40625,3.46875,3.1993257999420166,33600
1993-08-24,3.4375,3.5,3.4375,3.4375,3.1705024242401123,123200
1993-08-25,3.453125,3.5,3.4375,3.5,3.2281482219696045,533600
1993-08-26,3.5,3.5,3.4375,3.5,3.2281482219696045,32000
1993-08-27,3.4375,3.5,3.4375,3.5,3.2281482219696045,114400
1993-08-30,3.484375,3.5,3.4375,3.4375,3.1705024242401123,164000
1993-08-31,3.4375,3.5,3.40625,3.40625,3.141679286956787,101600
1993-09-01,3.375,3.421875,3.375,3.40625,3.141679286956787,172000
1993-09-02,3.375,3.4375,3.375,3.390625,3.1272685527801514,12800
1993-09-03,3.375,3.4375,3.375,3.421875,3.1560914516448975,87200
1993-09-07,3.4375,3.4375,3.375,3.375,3.1128571033477783,8800
1993-09-08,3.375,3.4375,3.375,3.375,3.1128571033477783,128800
1993-09-09,3.375,3.4375,3.375,3.4375,3.1705024242401123,4800
1993-09-10,3.46875,3.46875,3.40625,3.40625,3.141679286956787,4800
1993-09-13,3.421875,3.46875,3.375,3.375,3.1128571033477783,360000
1993-09-14,3.375,3.4375,3.375,3.375,3.1128571033477783,72800
1993-09-15,3.421875,3.46875,3.375,3.40625,3.141679286956787,235200
1993-09-16,3.4375,3.5,3.4375,3.5,3.2281482219696045,11200
1993-09-17,3.4375,3.53125,3.4375,3.5,3.2281482219696045,81600
1993-09-20,3.625,3.625,3.53125,3.53125,3.2569711208343506,6400
1993-09-21,3.625,3.625,3.625,3.625,3.3434388637542725,45600
1993-09-22,3.625,3.625,3.53125,3.625,3.3434388637542725,1260800
1993-09-23,3.53125,3.625,3.53125,3.5625,3.2857940196990967,255200
1993-09-24,3.53125,3.59375,3.53125,3.59375,3.3146162033081055,91200
1993-09-27,3.625,3.625,3.53125,3.625,3.3434388637542725,153600
1993-09-28,3.53125,3.625,3.53125,3.53125,3.2569711208343506,18400
1993-09-29,3.625,3.625,3.625,3.625,3.3434388637542725,1600
1993-09-30,3.5,3.59375,3.5,3.59375,3.3146162033081055,53600
1993-10-01,3.5,3.59375,3.5,3.5625,3.2857940196990967,415200
1993-10-04,3.5,3.59375,3.5,3.59375,3.3146162033081055,16000
1993-10-05,3.5,3.5625,3.5,3.5625,3.2857940196990967,72000
1993-10-06,3.59375,3.59375,3.5,3.53125,3.2569711208343506,89600
1993-10-07,3.59375,3.59375,3.5,3.59375,3.3146162033081055,139200
1993-10-08,3.59375,3.59375,3.53125,3.59375,3.3146162033081055,127200
1993-10-11,3.5,3.59375,3.5,3.59375,3.3146162033081055,169600
1993-10-12,3.59375,3.59375,3.5,3.59375,3.3146162033081055,6400
1993-10-13,3.59375,3.59375,3.5,3.59375,3.3146162033081055,17600
1993-10-14,3.59375,3.59375,3.59375,3.59375,3.3146162033081055,7200
1993-10-15,3.59375,3.59375,3.5,3.59375,3.3146162033081055,60000
1993-10-18,3.5625,3.59375,3.5,3.59375,3.3146162033081055,564800
1993-10-19,3.59375,3.59375,3.5,3.578125,3.3002047538757324,18400
1993-10-20,3.515625,3.59375,3.515625,3.59375,3.3146162033081055,111200
1993-10-21,3.59375,3.59375,3.5,3.5,3.2281482219696045,80800
1993-10-22,3.5,3.59375,3.5,3.5,3.2281482219696045,56000
1993-10-25,3.4375,3.53125,3.421875,3.5,3.2281482219696045,928000
1993-10-26,3.375,3.5,3.375,3.5,3.2281482219696045,793600
1993-10-27,3.4375,3.5,3.421875,3.421875,3.1560914516448975,113600
1993-10-28,3.40625,3.5,3.40625,3.46875,3.1993257999420166,38400
1993-10-29,3.40625,3.5,3.40625,3.5,3.2281482219696045,95200
1993-11-01,3.5,3.5,3.484375,3.5,3.2281482219696045,191200
1993-11-02,3.46875,3.5,3.46875,3.5,3.2281482219696045,272800
1993-11-03,3.46875,3.5,3.4375,3.5,3.2281482219696045,70400
1993-11-04,3.5,3.5,3.4375,3.5,3.2281482219696045,32000
1993-11-05,3.4375,3.5,3.40625,3.453125,3.1849145889282227,236000
1993-11-08,3.5,3.5,3.4375,3.46875,3.1993257999420166,80800
1993-11-09,3.4375,3.5,3.4375,3.5,3.2281482219696045,94400
1993-11-10,3.5,3.5,3.4375,3.5,3.2281482219696045,788800
1993-11-11,3.5,3.5,3.4375,3.484375,3.2137372493743896,248800
1993-11-12,3.4375,3.5,3.4375,3.5,3.2281482219696045,24800
1993-11-15,3.5,3.625,3.46875,3.59375,3.3146162033081055,171200
1993-11-16,3.59375,3.6875,3.59375,3.6875,3.4010848999023438,35200
1993-11-17,3.6875,3.6875,3.59375,3.6875,3.4010848999023438,287200
1993-11-18,3.59375,3.6875,3.59375,3.6875,3.4010848999023438,44000
1993-11-19,3.625,3.6875,3.53125,3.53125,3.2569711208343506,543200
1993-11-22,3.484375,3.53125,3.421875,3.515625,3.2425591945648193,2208000
1993-11-23,3.5625,3.5625,3.484375,3.484375,3.2137372493743896,24000
1993-11-24,3.484375,3.5625,3.46875,3.46875,3.1993257999420166,52800
1993-11-26,3.46875,3.46875,3.46875,3.46875,3.1993257999420166,0
1993-11-29,3.53125,3.53125,3.4375,3.46875,3.1993257999420166,180000
1993-11-30,3.53125,3.53125,3.4375,3.453125,3.1849145889282227,252000
1993-12-01,3.53125,3.53125,3.453125,3.53125,3.2569711208343506,740000
1993-12-02,3.453125,3.53125,3.4375,3.484375,3.2137372493743896,118400
1993-12-03,3.453125,3.46875,3.453125,3.46875,3.1993257999420166,24800
1993-12-06,3.4375,3.5,3.375,3.375,3.1128571033477783,109600
1993-12-07,3.375,3.46875,3.359375,3.375,3.1128571033477783,215200
1993-12-08,3.375,3.46875,3.375,3.40625,3.141679286956787,862400
1993-12-09,3.4375,3.46875,3.375,3.46875,3.1993257999420166,60800
1993-12-10,3.46875,3.46875,3.46875,3.46875,3.1993257999420166,7200
1993-12-13,3.375,3.46875,3.375,3.40625,3.141679286956787,416800
1993-12-14,3.46875,3.46875,3.375,3.375,3.1128571033477783,381600
1993-12-15,3.46875,3.46875,3.375,3.375,3.1128571033477783,552800
1993-12-16,3.375,3.4375,3.375,3.4375,3.1705024242401123,198400
1993-12-17,3.4375,3.4375,3.34375,3.4375,3.1705024242401123,184800
1993-12-20,3.375,3.375,3.34375,3.359375,3.0984456539154053,870400
1993-12-21,3.34375,3.4375,3.328125,3.4375,3.1705024242401123,280000
1993-12-22,3.359375,3.4375,3.359375,3.4375,3.1705024242401123,761600
1993-12-23,3.34375,3.34375,3.34375,3.34375,3.0840342044830322,7200
1993-12-27,3.375,3.4375,3.359375,3.4375,3.1705024242401123,297600
1993-12-28,3.375,3.40625,3.375,3.375,3.1128571033477783,420800
1993-12-29,3.34375,3.5,3.34375,3.5,3.2281482219696045,372000
1993-12-30,3.453125,3.5,3.421875,3.5,3.2281482219696045,54400
1993-12-31,3.40625,3.5,3.40625,3.5,3.2281482219696045,166400
1994-01-03,3.5,3.5,3.40625,3.5,3.2281482219696045,37600
1994-01-04,3.5,3.59375,3.46875,3.59375,3.3146162033081055,96800
1994-01-05,3.59375,3.65625,3.53125,3.59375,3.3146162033081055,88800
1994-01-06,3.65625,3.65625,3.59375,3.59375,3.3146162033081055,582400
1994-01-07,3.65625,3.65625,3.59375,3.65625,3.3722615242004395,110400
1994-01-10,3.65625,3.65625,3.59375,3.625,3.3434388637542725,400800
1994-01-11,3.625,3.65625,3.625,3.65625,3.3722615242004395,14400
1994-01-12,3.65625,3.71875,3.5625,3.625,3.3434388637542725,59200
1994-01-13,3.71875,3.71875,3.625,3.71875,3.4299073219299316,25600
1994-01-14,3.625,3.71875,3.625,3.625,3.3434388637542725,68000
1994-01-17,3.71875,3.78125,3.65625,3.78125,3.4875528812408447,74400
1994-01-18,3.8125,3.8125,3.6875,3.8125,3.516375780105591,184800
1994-01-19,3.765625,3.90625,3.75,3.90625,3.602843761444092,405600
1994-01-20,3.90625,3.90625,3.8125,3.8125,3.516375780105591,72800
1994-01-21,3.8125,3.8125,3.8125,3.8125,3.516375780105591,800
1994-01-24,3.875,3.875,3.8125,3.8125,3.516375780105591,2400
1994-01-25,4.03125,4.03125,3.9375,3.9375,3.631666660308838,132800
1994-01-26,4.03125,4.03125,3.9375,4.03125,3.718134880065918,561600
1994-01-27,3.96875,4.09375,3.96875,4.09375,3.7757813930511475,850400
1994-01-28,4.09375,4.15625,4.09375,4.125,3.804602861404419,71200
1994-01-31,4.0625,4.1875,4.0625,4.09375,3.7757813930511475,197600
1994-02-01,4.15625,4.1875,4.0,4.125,3.804602861404419,535200
1994-02-02,4.0,4.09375,4.0,4.0,3.68931245803833,231200
1994-02-03,4.0,4.09375,4.0,4.09375,3.7757813930511475,1363200
1994-02-04,4.0,4.0625,4.0,4.0,3.68931245803833,76000
1994-02-07,3.96875,4.0625,3.96875,3.96875,3.660489559173584,24800
1994-02-08,4.0625,4.0625,3.96875,4.0625,3.7469587326049805,52000
1994-02-09,3.984375,4.15625,3.984375,4.03125,3.718134880065918,552000
1994-02-10,4.15625,4.15625,4.03125,4.0625,3.7469587326049805,19200
1994-02-11,4.125,4.125,4.0625,4.0625,3.7469587326049805,40000
1994-02-14,4.03125,4.125,4.03125,4.125,3.804602861404419,92000
1994-02-15,4.0625,4.125,4.0625,4.0625,3.7469587326049805,46400
1994-02-16,4.0625,4.125,4.03125,4.03125,3.718134880065918,228800
1994-02-17,4.09375,4.09375,4.0,4.0,3.68931245803833,37600
1994-02-18,4.09375,4.09375,4.0,4.0,3.68931245803833,1203200
1994-02-22,4.0625,4.0625,4.0,4.0625,3.7469587326049805,62400
1994-02-23,4.0,4.0625,3.90625,3.90625,3.602843761444092,120000
1994-02-24,3.90625,3.9375,3.90625,3.921875,3.617255687713623,192000
1994-02-25,3.875,4.0,3.875,3.875,3.574021339416504,188800
1994-02-28,3.84375,3.90625,3.84375,3.90625,3.602843761444092,32000
1994-03-01,3.84375,3.90625,3.84375,3.875,3.574021339416504,58400
1994-03-02,3.8125,3.875,3.8125,3.84375,3.545198440551758,96800
1994-03-03,3.84375,3.875,3.78125,3.78125,3.4875528812408447,61600
1994-03-04,3.78125,3.875,3.78125,3.84375,3.545198440551758,58400
1994-03-07,3.78125,3.90625,3.78125,3.875,3.574021339416504,135200
1994-03-08,3.828125,3.90625,3.828125,3.875,3.574021339416504,182400
1994-03-09,3.875,3.875,3.78125,3.8125,3.516375780105591,351200
1994-03-10,3.84375,3.875,3.78125,3.8125,3.516375780105591,145600
1994-03-11,3.828125,3.859375,3.78125,3.78125,3.4875528812408447,408800
1994-03-14,3.78125,3.875,3.78125,3.8125,3.516375780105591,768800
1994-03-15,3.875,3.875,3.78125,3.8125,3.516375780105591,188800
1994-03-16,3.8125,3.828125,3.78125,3.78125,3.4875528812408447,265600
1994-03-17,3.8125,3.828125,3.78125,3.796875,3.5019640922546387,234400
1994-03-18,3.875,3.875,3.6875,3.6875,3.4010848999023438,456000
1994-03-21,3.71875,3.8125,3.71875,3.796875,3.5019640922546387,70400
1994-03-22,3.8125,3.8125,3.65625,3.71875,3.4299073219299316,120000
1994-03-23,3.625,3.71875,3.625,3.6875,3.4010848999023438,224000
1994-03-24,3.65625,3.71875,3.625,3.625,3.3434388637542725,178400
1994-03-25,3.609375,3.640625,3.609375,3.640625,3.3578507900238037,119200
1994-03-28,3.625,3.6875,3.625,3.640625,3.3578507900238037,96800
1994-03-29,3.625,3.640625,3.59375,3.59375,3.3146162033081055,110400
1994-03-30,3.59375,3.625,3.5625,3.625,3.3434388637542725,780000
1994-03-31,3.5625,3.59375,3.53125,3.546875,3.2713818550109863,268800
1994-04-04,3.5625,3.5625,3.5,3.5,3.2281482219696045,512000
1994-04-05,3.5625,3.5625,3.4375,3.53125,3.2569711208343506,1747200
1994-04-06,3.4375,3.53125,3.4375,3.4375,3.1705024242401123,201600
1994-04-07,3.5,3.53125,3.5,3.515625,3.2425591945648193,44800
1994-04-08,3.53125,3.53125,3.4375,3.5,3.2281482219696045,370400
1994-04-11,3.4375,3.53125,3.4375,3.4375,3.1705024242401123,26400
1994-04-12,3.53125,3.53125,3.4375,3.53125,3.2569711208343506,48000
1994-04-13,3.5,3.53125,3.46875,3.46875,3.1993257999420166,50400
1994-04-14,3.4375,3.5,3.40625,3.421875,3.1560914516448975,123200
1994-04-15,3.46875,3.5,3.40625,3.5,3.2281482219696045,46400
1994-04-18,3.46875,3.46875,3.40625,3.453125,3.1849145889282227,43200
1994-04-19,3.46875,3.46875,3.40625,3.40625,3.141679286956787,23200
1994-04-20,3.46875,3.46875,3.375,3.375,3.1128571033477783,392800
1994-04-21,3.375,3.4375,3.34375,3.34375,3.0840342044830322,380800
1994-04-22,3.375,3.40625,3.34375,3.375,3.1128571033477783,193600
1994-04-25,3.359375,3.4375,3.34375,3.4375,3.1705024242401123,228000
1994-04-26,3.46875,3.484375,3.4375,3.453125,3.1849145889282227,48000
1994-04-28,3.5,3.5,3.4375,3.5,3.2281482219696045,54400
1994-04-29,3.5,3.5,3.4375,3.4375,3.1705024242401123,8000
1994-05-02,3.4375,3.5,3.4375,3.46875,3.1993257999420166,187200
1994-05-03,3.484375,3.5,3.46875,3.5,3.2281482219696045,201600
1994-05-04,3.484375,3.5,3.46875,3.46875,3.1993257999420166,496000
1994-05-05,3.46875,3.5,3.46875,3.5,3.2281482219696045,203200
1994-05-06,3.46875,3.5,3.46875,3.484375,3.2137372493743896,110400
1994-05-09,3.46875,3.5,3.46875,3.46875,3.1993257999420166,83200
1994-05-10,3.5,3.5,3.4375,3.4375,3.1705024242401123,173600
1994-05-11,3.4375,3.46875,3.40625,3.4375,3.1705024242401123,240800
1994-05-12,3.40625,3.40625,3.375,3.375,3.1128571033477783,99200
1994-05-13,3.375,3.4375,3.375,3.390625,3.1272685527801514,789600
1994-05-16,3.375,3.390625,3.375,3.375,3.1128571033477783,248000
1994-05-17,3.375,3.390625,3.375,3.375,3.1128571033477783,635200
1994-05-18,3.390625,3.40625,3.375,3.375,3.1128571033477783,203200
1994-05-19,3.40625,3.40625,3.375,3.375,3.1128571033477783,93600
1994-05-20,3.4375,3.4375,3.375,3.390625,3.1272685527801514,96000
1994-05-23,3.375,3.40625,3.34375,3.34375,3.0840342044830322,71200
1994-05-24,3.40625,3.40625,3.34375,3.34375,3.0840342044830322,11200
1994-05-25,3.40625,3.40625,3.34375,3.34375,3.0840342044830322,52000
1994-05-26,3.34375,3.40625,3.34375,3.40625,3.141679286956787,8000
1994-05-27,3.34375,3.40625,3.34375,3.34375,3.0840342044830322,219200
1994-05-31,3.34375,3.421875,3.34375,3.34375,3.0840342044830322,40000
1994-06-01,3.375,3.375,3.28125,3.28125,3.026388645172119,80000
1994-06-02,3.34375,3.34375,3.28125,3.28125,3.026388645172119,80800
1994-06-03,3.375,3.375,3.3125,3.3125,3.0552120208740234,56800
1994-06-06,3.328125,3.375,3.328125,3.375,3.1128571033477783,12800
1994-06-07,3.375,3.375,3.28125,3.375,3.1128571033477783,30400
1994-06-08,3.375,3.375,3.28125,3.375,3.1128571033477783,116800
1994-06-09,3.34375,3.34375,3.21875,3.21875,2.968743324279785,157600
1994-06-10,3.21875,3.25,3.1875,3.1875,2.939920425415039,74400
1994-06-13,3.1875,3.21875,3.09375,3.09375,2.853452205657959,2132000
1994-06-14,3.1875,3.1875,3.09375,3.125,2.882275104522705,2297600
1994-06-15,3.09375,3.125,3.09375,3.125,2.882275104522705,18400
1994-06-16,3.09375,3.1875,2.9375,2.96875,2.7381608486175537,2905600
1994-06-17,3.0625,3.09375,3.0,3.078125,2.8390414714813232,1196000
1994-06-20,3.125,3.125,3.046875,3.125,2.882275104522705,236800
1994-06-21,3.03125,3.125,3.03125,3.125,2.882275104522705,112800
1994-06-22,3.125,3.15625,3.0625,3.09375,2.853452205657959,216000
1994-06-23,3.0625,3.125,3.03125,3.03125,2.795806884765625,16800
1994-06-24,3.03125,3.03125,2.9375,3.0,2.7669837474823,168800
1994-06-27,2.9375,3.078125,2.9375,3.03125,2.795806884765625,148800
1994-06-28,3.15625,3.21875,3.125,3.203125,2.954331874847412,212800
1994-06-29,3.171875,3.4375,3.171875,3.375,3.1128571033477783,428800
1994-06-30,3.46875,3.625,3.4375,3.625,3.3434388637542725,227200
1994-07-01,3.515625,3.625,3.5,3.5,3.2281482219696045,132000
1994-07-05,3.5625,3.5625,3.5,3.5625,3.2857940196990967,30400
1994-07-06,3.5625,3.5625,3.5,3.546875,3.2713818550109863,75200
1994-07-07,3.53125,3.53125,3.46875,3.53125,3.2569711208343506,32800
1994-07-08,3.46875,3.53125,3.46875,3.46875,3.1993257999420166,54400
1994-07-11,3.46875,3.53125,3.46875,3.5,3.2281482219696045,83200
1994-07-12,3.5,3.5625,3.46875,3.5625,3.2857940196990967,63200
1994-07-13,3.53125,3.59375,3.53125,3.53125,3.2569711208343506,18400
1994-07-14,3.53125,3.5625,3.5,3.5,3.2281482219696045,67200
1994-07-15,3.5625,3.5625,3.5625,3.5625,3.2857940196990967,800
1994-07-18,3.5,3.5,3.5,3.5,3.2281482219696045,12800
1994-07-19,3.484375,3.53125,3.484375,3.53125,3.2569711208343506,323200
1994-07-20,3.46875,3.46875,3.4375,3.46875,3.1993257999420166,84000
1994-07-21,3.46875,3.46875,3.46875,3.46875,3.1993257999420166,800
1994-07-22,3.4375,3.5,3.4375,3.5,3.2281482219696045,28800
1994-07-25,3.46875,3.5,3.40625,3.40625,3.141679286956787,32000
1994-07-26,3.5,3.5,3.484375,3.484375,3.2137372493743896,25600
1994-07-27,3.484375,3.53125,3.4375,3.53125,3.2569711208343506,130400
1994-07-28,3.5,3.5,3.34375,3.34375,3.0840342044830322,768800
1994-07-29,3.34375,3.375,3.304687976837158,3.3125,3.0552120208740234,415200
1994-08-01,3.28125,3.34375,3.28125,3.28125,3.026388645172119,152000
1994-08-02,3.3125,3.3125,3.28125,3.3125,3.0552120208740234,1084000
1994-08-03,3.28125,3.3125,3.171875,3.21875,2.968743324279785,260800
1994-08-04,3.21875,3.25,3.1875,3.234375,2.983154535293579,632800
1994-08-05,3.1875,3.1875,3.171875,3.171875,2.925508975982666,28800
1994-08-08,3.15625,3.25,3.15625,3.1875,2.939920425415039,55200
1994-08-09,3.25,3.25,3.25,3.25,2.997565984725952,800
1994-08-10,3.25,3.25,3.15625,3.15625,2.911097526550293,44800
1994-08-11,3.1875,3.21875,3.15625,3.1875,2.939920425415039,867200
1994-08-12,3.28125,3.28125,3.1875,3.28125,3.026388645172119,664800
1994-08-15,3.1875,3.28125,3.1875,3.28125,3.026388645172119,93600
1994-08-16,3.1875,3.40625,3.1875,3.40625,3.141679286956787,324800
1994-08-17,3.40625,3.46875,3.34375,3.46875,3.1993257999420166,910400
1994-08-18,3.46875,3.46875,3.34375,3.34375,3.0840342044830322,249600
1994-08-19,3.34375,3.4375,3.34375,3.375,3.1128571033477783,9600
1994-08-22,3.359375,3.359375,3.28125,3.28125,3.026388645172119,117600
1994-08-23,3.34375,3.34375,3.25,3.25,2.997565984725952,12800
1994-08-24,3.25,3.273437976837158,3.1875,3.1875,2.939920425415039,194400
1994-08-25,3.1875,3.28125,3.1875,3.1875,2.939920425415039,12800
1994-08-26,3.1875,3.1875,3.1875,3.1875,2.939920425415039,0
1994-08-29,3.1875,3.1875,3.1875,3.1875,2.939920425415039,0
1994-08-30,3.28125,3.28125,3.1875,3.1875,2.939920425415039,23200
1994-08-31,3.1875,3.28125,3.1875,3.28125,3.026388645172119,2400
1994-09-01,3.1875,3.21875,3.132812976837158,3.164062976837158,2.9183037281036377,190400
1994-09-02,3.21875,3.265625,3.1875,3.21875,2.968743324279785,266400
1994-09-06,3.28125,3.28125,3.25,3.28125,3.026388645172119,44800
1994-09-07,3.265625,3.28125,3.234375,3.28125,3.026388645172119,50400
1994-09-08,3.21875,3.28125,3.21875,3.28125,3.026388645172119,177600
1994-09-09,3.28125,3.28125,3.21875,3.21875,2.968743324279785,455200
1994-09-12,3.265625,3.34375,3.265625,3.28125,3.026388645172119,586400
1994-09-13,3.34375,3.34375,3.25,3.34375,3.0840342044830322,14400
1994-09-14,3.375,3.375,3.25,3.25,2.997565984725952,32800
1994-09-15,3.375,3.375,3.25,3.28125,3.026388645172119,16000
1994-09-16,3.40625,3.40625,3.3125,3.40625,3.141679286956787,94400
1994-09-19,3.375,3.4375,3.34375,3.34375,3.0840342044830322,120000
1994-09-20,3.4375,3.4375,3.359375,3.375,3.1128571033477783,42400
1994-09-21,3.34375,3.4375,3.34375,3.34375,3.0840342044830322,219200
1994-09-22,3.3125,3.3125,3.3125,3.3125,3.0552120208740234,40000
1994-09-23,3.3125,3.328125,3.25,3.25,2.997565984725952,878400
1994-09-26,3.265625,3.3125,3.25,3.296875,3.040799617767334,438400
1994-09-27,3.28125,3.34375,3.25,3.25,2.997565984725952,34400
1994-09-28,3.28125,3.34375,3.28125,3.296875,3.040799617767334,99200
1994-09-29,3.3125,3.34375,3.28125,3.34375,3.0840342044830322,589600
1994-09-30,3.3125,3.375,3.28125,3.375,3.1128571033477783,92000
1994-10-03,3.28125,3.375,3.28125,3.375,3.1128571033477783,846400
1994-10-04,3.28125,3.28125,3.28125,3.28125,3.026388645172119,8800
1994-10-05,3.265625,3.34375,3.265625,3.34375,3.0840342044830322,320800
1994-10-06,3.3125,3.3125,3.21875,3.21875,2.968743324279785,37600
1994-10-07,3.25,3.265625,3.234375,3.265625,3.011977434158325,144800
1994-10-10,3.21875,3.3125,3.21875,3.3125,3.0552120208740234,1053600
1994-10-11,3.21875,3.25,3.21875,3.25,2.997565984725952,34400
1994-10-12,3.25,3.3125,3.21875,3.3125,3.0552120208740234,216800
1994-10-13,3.3125,3.3125,3.21875,3.3125,3.0552120208740234,5600
1994-10-14,3.3125,3.3125,3.21875,3.21875,2.968743324279785,30400
1994-10-17,3.21875,3.3125,3.21875,3.25,2.997565984725952,11200
1994-10-18,3.3125,3.3125,3.3125,3.3125,3.0552120208740234,800
1994-10-19,3.3125,3.34375,3.234375,3.265625,3.011977434158325,47200
1994-10-20,3.34375,3.4375,3.3125,3.40625,3.141679286956787,116800
1994-10-21,3.40625,3.515625,3.40625,3.4375,3.1705024242401123,196000
1994-10-24,3.5625,3.5625,3.46875,3.5,3.2281482219696045,116000
1994-10-25,3.46875,3.46875,3.375,3.46875,3.1993257999420166,96000
1994-10-26,3.375,3.46875,3.375,3.4375,3.1705024242401123,109600
1994-10-27,3.40625,3.53125,3.40625,3.5,3.2281482219696045,320800
1994-10-28,3.53125,3.625,3.53125,3.53125,3.2569711208343506,198400
1994-10-31,3.625,3.6875,3.59375,3.6875,3.4010848999023438,143200
1994-11-01,3.59375,3.875,3.59375,3.78125,3.4875528812408447,483200
1994-11-02,3.78125,3.84375,3.71875,3.724608898162842,3.4353110790252686,757600
1994-11-03,3.75,3.765625,3.71875,3.734375,3.4443185329437256,163200
1994-11-04,3.71875,3.71875,3.6875,3.71875,3.4299073219299316,37600
1994-11-07,3.6875,3.78125,3.6875,3.78125,3.4875528812408447,84800
1994-11-08,3.75,3.75,3.703125,3.703125,3.4154958724975586,31200
1994-11-09,3.78125,3.78125,3.75,3.78125,3.4875528812408447,17600
1994-11-10,3.75,3.8125,3.6875,3.78125,3.4875528812408447,101600
1994-11-11,3.71875,3.8125,3.71875,3.8125,3.516375780105591,752000
1994-11-14,3.71875,3.71875,3.71875,3.71875,3.4299073219299316,23200
1994-11-15,3.71875,3.75,3.6875,3.6875,3.4010848999023438,623200
1994-11-16,3.75,3.75,3.6875,3.71875,3.4299073219299316,297600
1994-11-17,3.71875,3.75,3.6875,3.6875,3.4010848999023438,85600
1994-11-18,3.75,3.75,3.625,3.625,3.3434388637542725,557600
1994-11-21,3.703125,3.78125,3.6875,3.6875,3.4010848999023438,791200
1994-11-22,3.71875,3.71875,3.46875,3.46875,3.1993257999420166,154400
1994-11-23,3.5,3.53125,3.4375,3.53125,3.2569711208343506,97600
1994-11-25,3.5,3.5,3.5,3.5,3.2281482219696045,2400
1994-11-28,3.5625,3.59375,3.5,3.5625,3.2857940196990967,132800
1994-11-29,3.5625,3.625,3.546875,3.59375,3.3146162033081055,449600
1994-11-30,3.53125,3.59375,3.515625,3.59375,3.3146162033081055,371200
1994-12-01,3.59375,3.59375,3.53125,3.53125,3.2569711208343506,28800
1994-12-02,3.53125,3.5625,3.5,3.5,3.2281482219696045,1367200
1994-12-05,3.59375,3.625,3.5,3.5625,3.2857940196990967,237600
1994-12-06,3.59375,3.59375,3.53125,3.53125,3.2569711208343506,6400
1994-12-07,3.59375,3.59375,3.535156011581421,3.5625,3.2857940196990967,60800
1994-12-08,3.53125,3.59375,3.53125,3.53125,3.2569711208343506,29600
1994-12-09,3.5625,3.59375,3.5,3.5625,3.2857940196990967,68000
1994-12-12,3.546875,3.5625,3.5,3.5625,3.2857940196990967,8000
1994-12-13,3.59375,3.59375,3.5625,3.59375,3.3146162033081055,11200
1994-12-14,3.53125,3.625,3.53125,3.625,3.3434388637542725,500000
1994-12-15,3.625,3.65625,3.59375,3.625,3.3434388637542725,381600
1994-12-16,3.625,3.65625,3.5625,3.609375,3.3290276527404785,38400
1994-12-19,3.65625,3.65625,3.59375,3.625,3.3434388637542725,19200
1994-12-20,3.609375,3.65625,3.5625,3.640625,3.3578507900238037,532800
1994-12-21,3.625,3.78125,3.625,3.78125,3.4875528812408447,1132000
1994-12-22,3.78125,3.875,3.75,3.828125,3.5307869911193848,254400
1994-12-23,3.875,3.875,3.8125,3.8125,3.516375780105591,127200
1994-12-27,3.84375,3.875,3.84375,3.875,3.574021339416504,40800
1994-12-28,3.875,3.875,3.789062976837158,3.8125,3.516375780105591,216000
1994-12-29,3.820312976837158,3.84375,3.78125,3.84375,3.545198440551758,74400
1994-12-30,3.78125,3.875,3.78125,3.875,3.574021339416504,83200
1995-01-03,3.8125,3.875,3.8125,3.875,3.574021339416504,571200
1995-01-04,3.875,3.875,3.84375,3.875,3.574021339416504,61600
1995-01-05,3.90625,3.90625,3.84375,3.90625,3.602843761444092,40800
1995-01-06,3.875,3.96875,3.84375,3.96875,3.660489559173584,234400
1995-01-09,3.96875,4.0625,3.9375,4.0625,3.7469587326049805,176000
1995-01-10,3.96875,4.09375,3.96875,4.0,3.68931245803833,246400
1995-01-11,4.03125,4.03125,3.90625,3.90625,3.602843761444092,327200
1995-01-12,4.0,4.0,3.90625,3.984375,3.674901008605957,142400
1995-01-13,4.0,4.0,3.90625,3.90625,3.602843761444092,281600
1995-01-16,3.921875,4.0,3.90625,3.90625,3.602843761444092,824000
1995-01-17,3.90625,4.0,3.90625,4.0,3.68931245803833,23200
1995-01-18,4.0,4.0,3.90625,3.953125,3.64607834815979,30400
1995-01-19,3.90625,4.0,3.90625,3.90625,3.602843761444092,73600
1995-01-20,3.90625,4.0,3.90625,3.9375,3.631666660308838,1596000
1995-01-23,3.875,4.0,3.875,3.875,3.574021339416504,232800
1995-01-24,3.96875,3.96875,3.890625,3.890625,3.5884323120117188,56000
1995-01-25,3.9375,3.96875,3.875,3.875,3.574021339416504,972800
1995-01-26,3.875,3.96875,3.875,3.90625,3.602843761444092,29600
1995-01-27,3.90625,3.96875,3.875,3.921875,3.617255687713623,1217600
1995-01-30,3.875,3.9375,3.875,3.890625,3.5884323120117188,57600
1995-01-31,3.90625,3.9375,3.875,3.921875,3.617255687713623,1128800
1995-02-01,3.90625,3.90625,3.875,3.875,3.574021339416504,41600
1995-02-02,3.90625,3.9375,3.875,3.9375,3.631666660308838,80800
1995-02-03,3.9375,3.9375,3.875,3.9375,3.631666660308838,1006400
1995-02-06,3.9375,3.9375,3.875,3.9375,3.631666660308838,797600
1995-02-07,3.875,4.03125,3.875,3.90625,3.602843761444092,188000
1995-02-08,3.9375,4.0,3.90625,3.90625,3.602843761444092,184800
1995-02-09,4.0625,4.09375,4.03125,4.09375,3.7757813930511475,1943200
1995-02-10,4.03125,4.09375,4.03125,4.0625,3.7469587326049805,543200
1995-02-13,4.03125,4.09375,4.03125,4.09375,3.7757813930511475,219200
1995-02-14,4.09375,4.09375,4.03125,4.09375,3.7757813930511475,63200
1995-02-15,4.0625,4.09375,4.03125,4.09375,3.7757813930511475,84000
1995-02-16,4.03125,4.09375,4.03125,4.09375,3.7757813930511475,80800
1995-02-17,4.03125,4.125,4.03125,4.03125,3.718134880065918,8800
1995-02-21,4.03125,4.15625,4.03125,4.15625,3.8334248065948486,154400
1995-02-22,4.171875,4.1875,4.09375,4.125,3.804602861404419,70400
1995-02-23,4.125,4.1875,4.125,4.15625,3.8334248065948486,53600
1995-02-24,4.171875,4.1875,4.125,4.171875,3.847836494445801,348000
1995-02-27,4.1875,4.1875,4.125,4.1875,3.862248659133911,17600
1995-02-28,4.1875,4.375,4.1875,4.34375,4.00636100769043,692800
1995-03-01,4.328125,4.453125,4.28125,4.40625,4.06400728225708,881600
1995-03-02,4.375,4.453125,4.3125,4.40625,4.06400728225708,515200
1995-03-03,4.34375,4.5,4.34375,4.40625,4.06400728225708,153600
1995-03-06,4.40625,4.4375,4.40625,4.40625,4.06400728225708,63200
1995-03-07,4.40625,4.46875,4.40625,4.46875,4.121653079986572,195200
1995-03-08,4.5,4.5,4.4375,4.5,4.150475978851318,79200
1995-03-09,4.5,4.5,4.4375,4.4375,4.092830657958984,209600
1995-03-10,4.5,4.53125,4.484375,4.484375,4.136066436767578,372800
1995-03-13,4.53125,4.5625,4.5,4.515625,4.164888381958008,190400
1995-03-14,4.5,4.5625,4.46875,4.515625,4.164888381958008,506400
1995-03-15,4.53125,4.53125,4.46875,4.46875,4.121653079986572,62400
1995-03-16,4.46875,4.53125,4.46875,4.5,4.150475978851318,346400
1995-03-17,4.46875,4.53125,4.4375,4.53125,4.179299831390381,46400
1995-03-20,4.53125,4.53125,4.4375,4.484375,4.136066436767578,30400
1995-03-21,4.53125,4.53125,4.4375,4.4375,4.092830657958984,67200
1995-03-22,4.46875,4.78125,4.4375,4.78125,4.409880638122559,880800
1995-03-23,4.78125,4.8125,4.71875,4.75,4.381059169769287,162400
1995-03-24,4.78125,4.828125,4.6875,4.6875,4.323412895202637,792800
1995-03-27,4.65625,4.75,4.65625,4.71875,4.352234840393066,165600
1995-03-28,4.65625,4.703125,4.65625,4.6875,4.323412895202637,645600
1995-03-29,4.703125,4.75,4.671875,4.6875,4.323412895202637,272000
1995-03-30,4.75,4.75,4.65625,4.65625,4.294589996337891,100800
1995-03-31,4.65625,4.75,4.65625,4.6875,4.323412895202637,116800
1995-04-03,4.65625,4.75,4.625,4.625,4.265768051147461,392000
1995-04-04,4.625,4.71875,4.59375,4.59375,4.236944198608398,271200
1995-04-05,4.65625,4.65625,4.59375,4.59375,4.236944198608398,112000
1995-04-06,4.65625,4.65625,4.59375,4.59375,4.236944198608398,365600
1995-04-07,4.59375,4.59375,4.59375,4.59375,4.236944198608398,1600
1995-04-10,4.65625,4.65625,4.59375,4.59375,4.236944198608398,18400
1995-04-11,4.65625,4.65625,4.5625,4.5625,4.2081217765808105,25600
1995-04-12,4.578125,4.65625,4.5625,4.625,4.265768051147461,152800
1995-04-13,4.5625,4.6875,4.5625,4.65625,4.294589996337891,305600
1995-04-17,4.59375,4.71875,4.59375,4.640625,4.280178070068359,78400
1995-04-18,4.625,4.6875,4.59375,4.59375,4.236944198608398,530400
1995-04-19,4.59375,4.6875,4.59375,4.6875,4.323412895202637,34400
1995-04-20,4.59375,4.6875,4.59375,4.640625,4.280178070068359,625600
1995-04-21,4.625,4.75,4.625,4.625,4.265768051147461,198400
1995-04-24,4.625,4.75,4.625,4.6875,4.323412895202637,811200
1995-04-25,4.6875,4.75,4.6875,4.734375,4.366646766662598,75200
1995-04-26,4.71875,4.734375,4.71875,4.734375,4.366646766662598,255200
1995-04-27,4.78125,4.78125,4.6875,4.6875,4.323412895202637,33600
1995-04-28,4.78125,4.78125,4.6875,4.78125,4.409880638122559,79200
1995-05-01,4.6875,4.78125,4.6875,4.78125,4.409880638122559,15200
1995-05-02,4.703125,4.78125,4.6875,4.78125,4.409880638122559,4000
1995-05-03,4.8125,4.859375,4.75,4.84375,4.467526435852051,248800
1995-05-04,4.84375,4.84375,4.78125,4.8125,4.438704013824463,41600
1995-05-05,4.875,4.90625,4.78125,4.90625,4.525171756744385,333600
1995-05-08,4.828125,4.90625,4.8125,4.859375,4.481937408447266,108000
1995-05-09,4.90625,4.9375,4.8125,4.921875,4.539583683013916,184000
1995-05-10,4.9375,5.03125,4.921875,5.0,4.611640453338623,206400
1995-05-11,5.0,5.03125,4.9375,5.03125,4.640462398529053,565600
1995-05-12,4.945312976837158,5.03125,4.9375,5.03125,4.640462398529053,144800
1995-05-15,4.9375,5.03125,4.9375,4.9375,4.553995132446289,64000
1995-05-16,4.984375,5.03125,4.9375,5.03125,4.640462398529053,112000
1995-05-17,5.03125,5.195312976837158,4.9375,5.1875,4.784575939178467,436000
1995-05-18,5.21875,5.21875,4.96875,5.03125,4.640462398529053,509600
1995-05-19,5.0,5.09375,4.9375,5.09375,4.698108673095703,164000
1995-05-22,5.125,5.125,5.0,5.03125,4.640462398529053,176000
1995-05-23,5.09375,5.125,5.0,5.03125,4.640462398529053,576000
1995-05-24,5.03125,5.09375,5.03125,5.03125,4.640462398529053,123200
1995-05-25,5.0625,5.0625,5.0,5.0,4.611640453338623,14400
1995-05-26,5.0625,5.0625,5.0,5.0,4.611640453338623,322400
1995-05-30,5.0,5.03125,5.0,5.0,4.611640453338623,38400
1995-05-31,5.015625,5.015625,4.84375,4.875,4.496349334716797,488000
1995-06-01,4.90625,4.90625,4.8125,4.875,4.496349334716797,35200
1995-06-02,4.8125,5.0625,4.8125,5.046875,4.654874801635742,548800
1995-06-05,5.03125,5.140625,5.0,5.125,4.726931095123291,380000
1995-06-06,5.125,5.1875,5.03125,5.0625,4.669285297393799,582400
1995-06-07,5.0,5.03125,4.96875,5.0,4.611640453338623,437600
1995-06-08,5.0625,5.0625,4.96875,5.03125,4.640462398529053,24800
1995-06-09,5.03125,5.03125,5.03125,5.03125,4.640462398529053,2400
1995-06-12,4.96875,5.0,4.96875,5.0,4.611640453338623,236800
1995-06-13,5.03125,5.03125,4.9375,4.9375,4.553995132446289,372800
1995-06-14,5.0,5.0,4.9375,5.0,4.611640453338623,27200
1995-06-15,4.96875,5.0,4.953125,4.953125,4.568406105041504,644000
1995-06-16,5.0,5.0,4.90625,4.9375,4.553995132446289,163200
1995-06-19,4.90625,4.96875,4.90625,4.96875,4.582818031311035,815200
1995-06-20,4.96875,4.96875,4.910155773162842,4.96875,4.582818031311035,203200
1995-06-21,4.96875,5.09375,4.90625,5.09375,4.698108673095703,368800
1995-06-22,5.3125,5.3125,5.0625,5.09375,4.698108673095703,128000
1995-06-23,5.1875,5.375,5.0625,5.375,4.957512855529785,168400
1995-06-26,5.375,5.375,5.125,5.125,4.726931095123291,273200
1995-06-27,5.0625,5.15625,5.03125,5.0625,4.669285297393799,97600
1995-06-28,5.0625,5.125,5.0,5.0,4.611640453338623,213600
1995-06-29,5.125,5.125,4.9375,4.9375,4.553995132446289,136800
1995-06-30,4.9375,5.09375,4.9375,5.0,4.611640453338623,59600
1995-07-03,5.125,5.125,5.0,5.0625,4.669285297393799,30800
1995-07-05,5.125,5.25,5.0,5.25,4.842222690582275,114000
1995-07-06,5.21875,5.4375,5.1875,5.4375,5.015158176422119,163600
1995-07-07,5.4375,5.5,5.3125,5.5,5.072804927825928,139600
1995-07-10,5.5,5.875,5.4375,5.75,5.303387641906738,340000
1995-07-11,5.75,5.75,5.6875,5.75,5.303387641906738,229200
1995-07-12,5.75,5.78125,5.625,5.75,5.303387641906738,238800
1995-07-13,5.75,5.75,5.6875,5.75,5.303387641906738,46400
1995-07-14,5.75,5.75,5.6875,5.6875,5.24574089050293,54000
1995-07-17,5.75,5.75,5.625,5.75,5.303387641906738,22400
1995-07-18,5.75,5.75,5.625,5.625,5.188094615936279,19200
1995-07-19,5.625,5.6875,5.5625,5.625,5.188094615936279,24000
1995-07-20,5.625,5.625,5.5625,5.625,5.188094615936279,12800
1995-07-21,5.625,5.6875,5.5625,5.625,5.188094615936279,202000
1995-07-24,5.75,5.75,5.625,5.75,5.303387641906738,61200
1995-07-25,5.75,5.75,5.5625,5.65625,5.216917991638184,89600
1995-07-26,5.5625,5.6875,5.5625,5.625,5.188094615936279,169600
1995-07-27,5.5625,5.6875,5.5625,5.625,5.188094615936279,114400
1995-07-28,5.6875,5.6875,5.5625,5.6875,5.24574089050293,18800
1995-07-31,5.6875,5.6875,5.640625,5.6875,5.24574089050293,26800
1995-08-01,5.6875,5.6875,5.46875,5.46875,5.04398250579834,105600
1995-08-02,5.59375,5.75,5.53125,5.6875,5.24574089050293,450800
1995-08-03,5.59375,5.6875,5.59375,5.59375,5.159273147583008,7600
1995-08-04,5.6875,5.6875,5.59375,5.59375,5.159273147583008,109600
1995-08-07,5.59375,5.6875,5.59375,5.59375,5.159273147583008,67200
1995-08-08,5.625,5.65625,5.28125,5.40625,4.986335754394531,453600
1995-08-09,5.5,5.5625,5.5,5.53125,5.101626396179199,251600
1995-08-10,5.53125,5.53125,5.46875,5.53125,5.101626396179199,21200
1995-08-11,5.53125,5.53125,5.4375,5.46875,5.04398250579834,32800
1995-08-14,5.4375,5.5,5.4375,5.46875,5.04398250579834,44800
1995-08-15,5.53125,5.53125,5.375,5.4375,5.015158176422119,260000
1995-08-16,5.375,5.5,5.34375,5.390625,4.971924304962158,887600
1995-08-17,5.40625,5.53125,5.34375,5.4375,5.015158176422119,146000
1995-08-18,5.46875,5.5,5.4375,5.4375,5.015158176422119,124400
1995-08-21,5.375,5.5,5.375,5.5,5.072804927825928,81600
1995-08-22,5.375,5.5,5.0625,5.25,4.842222690582275,640000
1995-08-23,5.1875,5.3125,5.1875,5.28125,4.871045112609863,21200
1995-08-24,5.3125,5.5,5.3125,5.375,4.957512855529785,346400
1995-08-25,5.46875,5.53125,5.4375,5.5,5.072804927825928,226000
1995-08-28,5.53125,5.53125,5.40625,5.40625,4.986335754394531,137200
1995-08-29,5.46875,5.5,5.40625,5.40625,4.986335754394531,76000
1995-08-30,5.453125,5.5,5.40625,5.5,5.072804927825928,410800
1995-08-31,5.53125,5.53125,5.40625,5.53125,5.101626396179199,46800
1995-09-01,5.484375,5.53125,5.484375,5.53125,5.101626396179199,5200
1995-09-05,5.53125,5.59375,5.5,5.53125,5.101626396179199,187600
1995-09-06,5.53125,5.59375,5.46875,5.59375,5.159273147583008,114400
1995-09-07,5.5,5.59375,5.46875,5.5625,5.1304497718811035,70000
1995-09-08,5.5625,5.5625,5.4375,5.4375,5.015158176422119,42400
1995-09-11,5.46875,5.5625,5.4375,5.4375,5.015158176422119,31600
1995-09-12,5.5625,5.59375,5.4375,5.5625,5.1304497718811035,206000
1995-09-13,5.4375,5.5625,5.4375,5.53125,5.101626396179199,76800
1995-09-14,5.4375,5.5625,5.4375,5.5625,5.1304497718811035,16400
1995-09-15,5.4375,5.5625,5.4375,5.5625,5.1304497718811035,13600
1995-09-18,5.5625,5.5625,5.53125,5.5625,5.1304497718811035,4800
1995-09-19,5.5625,5.6875,5.4375,5.5,5.072804927825928,119200
1995-09-20,5.59375,5.625,5.5,5.5,5.072804927825928,32800
1995-09-21,5.5,5.6875,5.5,5.65625,5.216917991638184,51600
1995-09-22,5.625,5.6875,5.625,5.625,5.188094615936279,18800
1995-09-25,5.6875,5.8125,5.625,5.8125,5.3610310554504395,80000
1995-09-26,5.625,5.8125,5.625,5.625,5.188094615936279,26400
1995-09-27,5.75,5.75,5.625,5.625,5.188094615936279,28400
1995-09-28,5.75,5.90625,5.6875,5.8125,5.3610310554504395,206400
1995-09-29,5.8125,6.4375,5.8125,6.4375,5.93748664855957,395200
1995-10-02,6.25,6.4375,6.1875,6.25,5.76455020904541,94800
1995-10-03,6.25,6.25,6.125,6.1875,5.706904411315918,105600
1995-10-04,6.1875,6.1875,6.125,6.125,5.649259567260742,36000
1995-10-05,6.0,6.125,5.9375,5.9375,5.476321697235107,47200
1995-10-06,6.0,6.0,5.9375,6.0,5.5339674949646,88800
1995-10-09,6.0625,6.0625,5.9375,6.0625,5.59161376953125,10400
1995-10-10,5.8125,6.0,5.8125,5.9375,5.476321697235107,78800
1995-10-11,5.875,6.0,5.875,6.0,5.5339674949646,50400
1995-10-12,6.0,6.0,5.875,6.0,5.5339674949646,98400
1995-10-13,5.875,6.0,5.875,5.96875,5.505146026611328,93600
1995-10-16,5.9375,6.0,5.9375,6.0,5.5339674949646,14800
1995-10-17,5.96875,6.0,5.9375,6.0,5.5339674949646,96800
1995-10-18,6.0,6.0,5.9375,6.0,5.5339674949646,34400
1995-10-19,5.875,6.0,5.875,6.0,5.5339674949646,14000
1995-10-20,5.875,6.0,5.875,6.0,5.5339674949646,6400
1995-10-23,5.9375,5.9375,5.8125,5.84375,5.389854431152344,94000
1995-10-24,5.9375,5.9375,5.8125,5.9375,5.476321697235107,112800
1995-10-25,5.9375,5.9375,5.8125,5.9375,5.476321697235107,160800
1995-10-26,5.9375,5.9375,5.75,5.8125,5.3610310554504395,150400
1995-10-27,5.75,5.8125,5.625,5.6875,5.24574089050293,125200
1995-10-30,5.625,5.6875,5.53125,5.625,5.188094615936279,78000
1995-10-31,5.625,5.6875,5.5,5.5625,5.1304497718811035,53200
1995-11-01,5.5625,5.6875,5.5625,5.6875,5.24574089050293,11600
1995-11-02,5.6875,5.6875,5.5625,5.625,5.188094615936279,207600
1995-11-03,5.65625,5.6875,5.5625,5.6875,5.24574089050293,251200
1995-11-06,5.6875,5.875,5.6875,5.8125,5.3610310554504395,311200
1995-11-07,5.875,6.0,5.8125,5.8125,5.3610310554504395,135600
1995-11-08,5.984375,6.125,5.9375,6.125,5.649259567260742,204800
1995-11-09,6.1875,6.3125,6.0,6.25,5.76455020904541,184000
1995-11-10,6.3125,6.5,6.125,6.5,5.995131969451904,188000
1995-11-13,6.5,6.5625,5.875,5.9375,5.476321697235107,399600
1995-11-14,6.0,6.3125,6.0,6.28125,5.7933735847473145,74400
1995-11-15,6.28125,6.4375,6.28125,6.40625,5.908663749694824,32000
1995-11-16,6.46875,6.5,6.4375,6.5,5.995131969451904,55200
1995-11-17,6.5,6.625,6.5,6.625,6.110424041748047,14800
1995-11-20,6.625,6.71875,6.625,6.71875,6.1968913078308105,22800
1995-11-21,6.71875,6.96875,6.6875,6.90625,6.369829177856445,84400
1995-11-22,6.9375,7.0,6.90625,6.90625,6.369829177856445,57600
1995-11-24,6.84375,6.84375,6.75,6.75,6.225714206695557,14800
1995-11-27,6.75,6.75,6.53125,6.625,6.110424041748047,54000
1995-11-28,6.625,6.625,6.5625,6.59375,6.081599235534668,53600
1995-11-29,6.59375,6.625,6.5625,6.625,6.110424041748047,61200
1995-11-30,6.59375,6.65625,6.59375,6.65625,6.139245986938477,17200
1995-12-01,6.6875,6.6875,6.625,6.65625,6.139245986938477,486400
1995-12-04,6.65625,6.65625,6.59375,6.65625,6.139245986938477,14800
1995-12-05,6.65625,6.6875,6.625,6.65625,6.139245986938477,232000
1995-12-06,6.625,6.625,6.59375,6.59375,6.081599235534668,65600
1995-12-07,6.5625,6.5625,6.46875,6.5,5.995131969451904,140400
1995-12-08,6.53125,6.5625,6.5,6.53125,6.02395486831665,46000
1995-12-11,6.5625,6.5625,6.5,6.5625,6.052777290344238,255200
1995-12-12,6.5625,6.5625,6.53125,6.53125,6.02395486831665,334800
1995-12-13,6.59375,6.625,6.5625,6.59375,6.081599235534668,14400
1995-12-14,6.59375,6.59375,6.5625,6.59375,6.081599235534668,23600
1995-12-15,6.5625,6.59375,6.5,6.53125,6.02395486831665,66400
1995-12-18,6.59375,6.71875,6.59375,6.6875,6.1680684089660645,77600
1995-12-19,6.6875,6.75,6.6875,6.75,6.225714206695557,45200
1995-12-20,6.8125,6.8125,6.75,6.78125,6.254537105560303,55600
1995-12-21,6.84375,6.875,6.84375,6.875,6.341004848480225,32800
1995-12-22,6.8125,6.84375,6.75,6.75,6.225714206695557,46400
1995-12-26,6.75,6.8125,6.71875,6.8125,6.283358573913574,19200
1995-12-27,6.78125,6.875,6.78125,6.84375,6.312182903289795,107200
1995-12-28,6.9375,7.03125,6.90625,7.03125,6.485118389129639,152400
1995-12-29,7.0,7.0,6.75,6.75,6.225714206695557,126400
1996-01-02,6.84375,7.03125,6.8125,7.03125,6.485118389129639,135600
1996-01-03,7.15625,7.25,7.125,7.15625,6.600409507751465,269200
1996-01-04,7.28125,7.28125,7.1875,7.21875,6.658055305480957,226000
1996-01-05,7.21875,7.21875,7.125,7.15625,6.600409507751465,129200
1996-01-08,7.1875,7.1875,7.125,7.125,6.571588039398193,23200
1996-01-09,7.1875,7.1875,7.09375,7.09375,6.542763710021973,66000
1996-01-10,7.125,7.125,7.03125,7.09375,6.542763710021973,50400
1996-01-11,7.09375,7.125,7.0625,7.0625,6.513942241668701,40800
1996-01-12,7.03125,7.125,7.03125,7.125,6.571588039398193,104800
1996-01-15,7.125,7.125,6.875,6.90625,6.369829177856445,82400
1996-01-16,6.9375,7.0,6.8125,6.875,6.341004848480225,58400
1996-01-17,6.90625,6.96875,6.875,6.90625,6.369829177856445,46400
1996-01-18,6.9375,6.9375,6.875,6.90625,6.369829177856445,51200
1996-01-19,6.9375,6.9375,6.8125,6.84375,6.312182903289795,52800
1996-01-22,6.84375,6.875,6.78125,6.8125,6.283358573913574,24000
1996-01-23,6.84375,6.875,6.78125,6.8125,6.283358573913574,106400
1996-01-24,6.84375,6.875,6.78125,6.78125,6.254537105560303,267200
1996-01-25,6.8125,6.84375,6.75,6.75,6.225714206695557,72400
1996-01-26,6.75,6.75,6.53125,6.625,6.110424041748047,145200
1996-01-29,6.6875,6.6875,6.4375,6.5,5.995131969451904,120800
1996-01-30,6.5625,6.71875,6.5,6.6875,6.1680684089660645,106800
1996-01-31,6.6875,6.8125,6.625,6.8125,6.283358573913574,57200
1996-02-01,6.8125,7.03125,6.8125,7.03125,6.485118389129639,38800
1996-02-02,6.96875,7.125,6.9375,7.125,6.571588039398193,41200
1996-02-05,7.09375,7.15625,7.03125,7.125,6.571588039398193,65200
1996-02-06,7.09375,7.25,7.09375,7.25,6.686877727508545,93200
1996-02-07,7.1875,7.4375,7.1875,7.4375,6.859814643859863,44400
1996-02-08,7.46875,7.46875,7.375,7.375,6.8021697998046875,42800
1996-02-09,7.40625,7.46875,7.1875,7.34375,6.773345947265625,154400
1996-02-12,7.375,7.375,7.15625,7.3125,6.744523048400879,169200
1996-02-13,7.375,7.4375,7.25,7.40625,6.830991744995117,105200
1996-02-14,7.4375,7.46875,7.375,7.46875,6.888637065887451,42000
1996-02-15,7.5,7.5,7.3125,7.3125,6.744523048400879,114000
1996-02-16,7.25,7.25,7.125,7.21875,6.658055305480957,39600
1996-02-20,7.25,7.25,7.15625,7.21875,6.658055305480957,52800
1996-02-21,7.25,7.25,7.1875,7.21875,6.658055305480957,41200
1996-02-22,7.25,7.40625,7.25,7.34375,6.773345947265625,26800
1996-02-23,7.4375,7.5625,7.40625,7.5,6.917459964752197,110800
1996-02-26,7.53125,7.65625,7.53125,7.5625,6.9751057624816895,209600
1996-02-27,7.5625,7.5625,7.5,7.53125,6.94628381729126,32800
1996-02-28,7.53125,7.53125,7.4375,7.4375,6.859814643859863,36000
1996-02-29,7.375,7.46875,7.375,7.40625,6.830991744995117,17600
1996-03-01,7.375,7.46875,7.3125,7.3125,6.744523048400879,114000
1996-03-04,7.375,7.4375,7.34375,7.375,6.8021697998046875,49200
1996-03-05,7.375,7.46875,7.375,7.46875,6.888637065887451,17200
1996-03-06,7.4375,7.46875,7.40625,7.46875,6.888637065887451,28000
1996-03-07,7.4375,7.46875,7.34375,7.4375,6.859814643859863,36000
1996-03-08,7.375,7.4375,7.0625,7.0625,6.513942241668701,150000
1996-03-11,7.0625,7.3125,7.0625,7.25,6.686877727508545,122400
1996-03-12,7.28125,7.34375,7.25,7.34375,6.773345947265625,47600
1996-03-13,7.34375,7.46875,7.34375,7.46875,6.888637065887451,46000
1996-03-14,7.46875,7.46875,7.40625,7.40625,6.830991744995117,31200
1996-03-15,7.40625,7.625,7.375,7.59375,7.003928184509277,87600
1996-03-18,7.53125,7.65625,7.5,7.65625,7.0615739822387695,135600
1996-03-19,7.71875,7.9375,7.71875,7.875,7.263333320617676,40800
1996-03-20,7.9375,8.21875,7.90625,8.21875,7.580382823944092,31600
1996-03-21,8.28125,8.875,8.21875,8.71875,8.041547775268555,246400
1996-03-22,8.6875,8.78125,8.625,8.71875,8.041547775268555,65200
1996-03-25,8.75,8.78125,8.6875,8.75,8.070368766784668,167600
1996-03-26,8.71875,8.75,8.625,8.6875,8.01272201538086,92800
1996-03-27,8.71875,8.75,8.65625,8.65625,7.983901023864746,46000
1996-03-28,8.6875,8.6875,8.5,8.5625,7.897436141967773,164400
1996-03-29,8.5,8.53125,8.46875,8.5,7.839786529541016,28000
1996-04-01,8.5,8.5625,8.40625,8.4375,7.782144546508789,179600
1996-04-02,8.46875,8.5,8.4375,8.46875,7.8109660148620605,52800
1996-04-03,8.40625,8.5,8.25,8.25,7.609205722808838,80400
1996-04-04,8.28125,8.46875,8.25,8.4375,7.782144546508789,68800
1996-04-08,8.46875,8.46875,8.375,8.4375,7.782144546508789,46400
1996-04-09,8.46875,8.46875,8.4375,8.4375,7.782144546508789,14800
1996-04-10,8.375,8.4375,8.375,8.4375,7.782144546508789,24400
1996-04-11,8.375,8.4375,8.3125,8.3125,7.666849613189697,32000
1996-04-12,8.3125,8.375,8.25,8.3125,7.666849613189697,37200
1996-04-15,8.34375,8.4375,8.28125,8.4375,7.782144546508789,72400
1996-04-16,8.4375,8.46875,8.40625,8.46875,7.8109660148620605,7200
1996-04-17,8.5,8.5,8.4375,8.4375,7.782144546508789,138800
1996-04-18,8.4375,8.46875,8.40625,8.46875,7.8109660148620605,20400
1996-04-19,8.46875,8.46875,8.4375,8.46875,7.8109660148620605,60400
1996-04-22,8.4375,8.46875,8.375,8.4375,7.782144546508789,101200
1996-04-23,8.46875,8.5,8.40625,8.40625,7.75331974029541,102800
1996-04-24,8.46875,8.46875,8.25,8.4375,7.782144546508789,157600
1996-04-25,8.46875,8.53125,8.4375,8.53125,7.86860990524292,198800
1996-04-26,8.46875,8.96875,8.46875,8.96875,8.272132873535156,96400
1996-04-29,9.0625,9.75,9.0625,9.65625,8.906228065490723,86400
1996-04-30,9.59375,9.625,9.3125,9.3125,8.589179992675781,58800
1996-05-01,9.28125,9.5,9.28125,9.5,8.762118339538574,476400
1996-05-02,9.53125,9.53125,9.4375,9.46875,8.733293533325195,105200
1996-05-03,9.40625,9.40625,8.96875,8.96875,8.272132873535156,93600
1996-05-06,8.90625,8.90625,8.4375,8.5,7.839786529541016,242400
1996-05-07,8.5625,9.03125,8.5625,9.0,8.300951957702637,412400
1996-05-08,9.0,9.34375,9.0,9.3125,8.589179992675781,84000
1996-05-09,9.3125,9.40625,9.3125,9.34375,8.618003845214844,96400
1996-05-10,9.34375,9.65625,9.34375,9.65625,8.906228065490723,194800
1996-05-13,9.65625,9.75,9.59375,9.75,8.992698669433594,38400
1996-05-14,9.75,10.09375,9.75,10.09375,9.309749603271484,126800
1996-05-15,10.3125,10.40625,10.21875,10.34375,9.540331840515137,297600
1996-05-16,10.375,10.375,10.3125,10.3125,9.511506080627441,26800
1996-05-17,10.375,10.4375,10.375,10.40625,9.597977638244629,54000
1996-05-20,10.375,10.375,10.21875,10.28125,9.482686042785645,63600
1996-05-21,10.25,10.4375,10.25,10.40625,9.597977638244629,42000
1996-05-22,10.34375,10.4375,10.1875,10.25,9.453862190246582,38800
1996-05-23,10.28125,10.375,10.21875,10.3125,9.511506080627441,46000
1996-05-24,10.21875,10.3125,10.21875,10.25,9.453862190246582,42000
1996-05-28,10.375,10.40625,10.25,10.25,9.453862190246582,47200
1996-05-29,10.3125,10.4375,10.125,10.125,9.338570594787598,48400
1996-05-30,10.0625,10.0625,9.875,9.9375,9.16563606262207,51600
1996-05-31,9.96875,10.0,9.9375,9.9375,9.16563606262207,81600
1996-06-03,10.0,10.09375,9.9375,10.09375,9.309749603271484,56800
1996-06-04,10.03125,10.03125,9.9375,9.9375,9.16563606262207,15600
1996-06-05,10.0,10.15625,9.96875,10.03125,9.252105712890625,126800
1996-06-06,10.03125,10.03125,9.6875,9.75,8.992698669433594,68400
1996-06-07,9.75,9.75,9.625,9.65625,8.906228065490723,26800
1996-06-10,9.65625,9.65625,9.4375,9.46875,8.733293533325195,68400
1996-06-11,9.4375,9.4375,9.375,9.375,8.646825790405273,29600
1996-06-12,9.40625,9.46875,9.375,9.40625,8.67564582824707,56000
1996-06-13,9.4375,9.53125,9.40625,9.4375,8.704469680786133,98800
1996-06-14,9.5,9.59375,9.5,9.5625,8.819761276245117,84800
1996-06-17,9.53125,9.625,9.5,9.5,8.762118339538574,235600
1996-06-18,9.46875,9.5,9.4375,9.4375,8.704469680786133,203600
1996-06-19,9.5,9.5,9.46875,9.46875,8.733293533325195,55200
1996-06-20,9.46875,9.5,9.46875,9.46875,8.733293533325195,43600
1996-06-21,9.5625,10.0,9.5625,10.0,9.223280906677246,196000
1996-06-24,10.0625,10.25,10.03125,10.1875,9.396217346191406,85200
1996-06-25,10.21875,10.59375,10.171875,10.59375,9.770914077758789,212800
1996-06-26,10.625,10.71875,10.5625,10.5625,9.742090225219727,190400
1996-06-27,10.625,11.40625,10.625,11.25,10.376189231872559,158000
1996-06-28,11.375,11.46875,11.125,11.25,10.376189231872559,115200
1996-07-01,11.21875,11.28125,11.125,11.1875,10.318546295166016,49600
1996-07-02,11.28125,11.28125,10.625,10.75,9.91502571105957,275200
1996-07-03,10.75,10.875,10.6875,10.6875,9.857379913330078,54000
1996-07-05,10.59375,10.59375,10.4375,10.59375,9.770914077758789,113200
1996-07-08,10.5625,10.6875,10.53125,10.6875,9.857379913330078,39200
1996-07-09,10.65625,10.875,10.25,10.375,9.569151878356934,263600
1996-07-10,10.375,10.4375,10.34375,10.4375,9.626798629760742,40000
1996-07-11,10.46875,10.46875,9.90625,10.03125,9.252105712890625,212400
1996-07-12,10.0,10.0,9.65625,9.75,8.992698669433594,43200
1996-07-15,9.6875,9.71875,9.625,9.65625,8.906228065490723,15200
1996-07-16,9.625,9.75,9.5,9.625,8.877408027648926,65600
1996-07-17,9.6875,10.0,9.6875,10.0,9.223280906677246,30000
1996-07-18,10.0,10.28125,9.96875,10.1875,9.396217346191406,165600
1996-07-19,10.21875,10.5,10.21875,10.34375,9.540331840515137,71200
1996-07-22,10.3125,10.3125,10.0625,10.25,9.453862190246582,53200
1996-07-23,10.375,10.4375,10.3125,10.34375,9.540331840515137,34800
1996-07-24,10.21875,10.3125,10.15625,10.25,9.453862190246582,138800
1996-07-25,10.25,10.28125,10.1875,10.21875,9.42503833770752,141600
1996-07-26,10.15625,10.5,10.15625,10.4375,9.626798629760742,33600
1996-07-29,10.5,11.03125,10.5,10.875,10.030316352844238,712000
1996-07-30,10.875,10.875,10.65625,10.65625,9.828557014465332,25600
1996-07-31,10.6875,11.0,10.6875,10.90625,10.059141159057617,140400
1996-08-01,10.96875,11.0625,10.875,10.9375,10.08796501159668,178400
1996-08-02,10.9375,11.0,10.875,11.0,10.145609855651855,157200
1996-08-05,11.0625,11.15625,11.0625,11.125,10.260899543762207,38800
1996-08-06,11.125,11.125,11.03125,11.03125,10.174429893493652,52400
1996-08-07,11.0625,11.25,11.03125,11.25,10.376189231872559,26400
1996-08-08,11.1875,11.21875,11.0625,11.125,10.260899543762207,65600
1996-08-09,11.1875,11.3125,11.15625,11.3125,10.433835983276367,66800
1996-08-12,11.34375,11.40625,11.21875,11.28125,10.405012130737305,108000
1996-08-13,11.28125,11.40625,11.25,11.40625,10.520307540893555,152800
1996-08-14,11.4375,11.5,11.3125,11.3125,10.433835983276367,164800
1996-08-15,11.375,11.375,11.21875,11.34375,10.462658882141113,308800
1996-08-16,11.34375,11.6875,11.3125,11.59375,10.69324016571045,165200
1996-08-19,11.59375,11.65625,11.53125,11.5625,10.664416313171387,27600
1996-08-20,11.5,11.625,11.46875,11.5,10.606775283813477,64800
1996-08-21,11.53125,11.53125,11.1875,11.3125,10.433835983276367,52000
1996-08-22,11.25,11.28125,11.15625,11.15625,10.289722442626953,18400
1996-08-23,11.0,11.25,10.875,11.25,10.376189231872559,73600
1996-08-26,11.21875,11.21875,11.1875,11.1875,10.318546295166016,5200
1996-08-27,11.1875,11.71875,11.1875,11.5625,10.664416313171387,118800
1996-08-28,11.5,11.5625,11.40625,11.4375,10.549124717712402,60000
1996-08-29,11.375,11.4375,11.34375,11.4375,10.549124717712402,74000
1996-08-30,11.40625,11.5,11.40625,11.5,10.606775283813477,21600
1996-09-03,11.4375,11.4375,11.3125,11.40625,10.520307540893555,170400
1996-09-04,11.375,11.375,11.28125,11.34375,10.462658882141113,93200
1996-09-05,11.3125,11.34375,11.28125,11.3125,10.433835983276367,74000
1996-09-06,11.3125,11.4375,11.28125,11.4375,10.549124717712402,236400
1996-09-09,11.4375,11.4375,11.375,11.4375,10.549124717712402,86800
1996-09-10,11.4375,11.4375,11.40625,11.40625,10.520307540893555,58400
1996-09-11,11.375,11.40625,11.34375,11.375,10.49148178100586,9600
1996-09-12,11.4375,11.4375,11.1875,11.28125,10.405012130737305,142000
1996-09-13,11.3125,11.375,11.25,11.34375,10.462658882141113,31200
1996-09-16,11.375,11.53125,11.328125,11.34375,10.462658882141113,124800
1996-09-17,11.34375,11.375,11.28125,11.3125,10.433835983276367,20800
1996-09-18,11.3125,11.375,11.21875,11.25,10.376189231872559,57200
1996-09-19,11.25,11.375,11.21875,11.25,10.376189231872559,65600
1996-09-20,11.34375,11.34375,11.125,11.125,10.260899543762207,106000
1996-09-23,11.1875,11.1875,11.0,11.0625,10.203252792358398,256000
1996-09-24,11.0625,11.15625,11.0625,11.15625,10.289722442626953,64000
1996-09-25,11.15625,11.25,11.09375,11.25,10.376189231872559,50400
1996-09-26,11.21875,11.28125,11.1875,11.28125,10.405012130737305,259600
1996-09-27,11.28125,11.59375,11.28125,11.4375,10.549124717712402,489600
1996-09-30,11.4375,11.46875,11.25,11.375,10.49148178100586,142400
1996-10-01,11.40625,11.4375,11.375,11.375,10.49148178100586,122400
1996-10-02,11.34375,11.375,11.28125,11.375,10.49148178100586,33200
1996-10-03,11.375,11.46875,11.375,11.4375,10.549124717712402,65200
1996-10-04,11.4375,11.5,11.4375,11.5,10.606775283813477,123600
1996-10-07,11.5625,11.875,11.5625,11.78125,10.866178512573242,112400
1996-10-08,11.78125,11.875,11.6875,11.75,10.837353706359863,48400
1996-10-09,11.6875,11.75,11.6875,11.71875,10.808530807495117,9200
1996-10-10,11.6875,11.6875,11.59375,11.59375,10.69324016571045,22000
1996-10-11,11.59375,11.8125,11.59375,11.71875,10.808530807495117,30800
1996-10-14,11.6875,11.75,11.65625,11.6875,10.779708862304688,28800
1996-10-15,11.75,11.8125,11.71875,11.75,10.837353706359863,126000
1996-10-16,11.75,11.875,11.75,11.875,10.952643394470215,16800
1996-10-17,11.875,11.9375,11.875,11.90625,10.981470108032227,12000
1996-10-18,11.90625,11.90625,11.84375,11.84375,10.923822402954102,33200
1996-10-21,11.8125,11.84375,11.8125,11.84375,10.923822402954102,36000
1996-10-22,11.875,11.875,11.84375,11.84375,10.923822402954102,41600
1996-10-23,11.8125,11.875,11.8125,11.84375,10.923822402954102,51200
1996-10-24,11.84375,12.15625,11.84375,11.9375,11.010292053222656,74800
1996-10-25,12.0625,12.1875,12.0,12.1875,11.24087142944336,34400
1996-10-28,12.15625,12.4375,12.125,12.4375,11.471455574035645,74000
1996-10-29,12.46875,12.65625,12.46875,12.65625,11.673213005065918,44400
1996-10-30,12.6875,12.6875,12.59375,12.65625,11.673213005065918,17200
1996-10-31,12.59375,12.65625,12.40625,12.46875,11.500276565551758,258800
1996-11-01,12.4375,12.53125,12.4375,12.4375,11.471455574035645,157600
1996-11-04,12.5,12.5,12.25,12.25,11.298519134521484,420800
1996-11-05,12.21875,12.21875,12.0625,12.0625,11.12558364868164,48800
1996-11-06,12.0625,12.0625,11.65625,11.65625,10.750886917114258,124000
1996-11-07,11.4375,11.46875,11.28125,11.4375,10.549124717712402,377600
1996-11-08,11.375,11.5625,11.375,11.53125,10.63559627532959,116400
1996-11-11,11.4375,11.5,11.4375,11.4375,10.549124717712402,131600
1996-11-12,11.5,11.5625,11.5,11.53125,10.63559627532959,20400
1996-11-13,11.59375,11.625,11.53125,11.53125,10.63559627532959,21200
1996-11-14,11.46875,11.46875,11.40625,11.46875,10.577948570251465,23600
1996-11-15,11.4375,11.5625,11.375,11.375,10.49148178100586,85600
1996-11-18,11.375,11.46875,11.3125,11.46875,10.577948570251465,30000
1996-11-19,11.40625,11.59375,11.40625,11.53125,10.63559627532959,101200
1996-11-20,11.5625,11.59375,11.53125,11.5625,10.664416313171387,31600
1996-11-21,11.625,11.625,11.4375,11.4375,10.549124717712402,52400
1996-11-22,11.5,11.53125,11.40625,11.53125,10.63559627532959,45600
1996-11-25,11.5625,11.59375,11.375,11.4375,10.549124717712402,68400
1996-11-26,11.4375,11.4375,11.21875,11.21875,10.347366333007812,83200
1996-11-27,11.1875,11.375,11.15625,11.25,10.376189231872559,184400
1996-11-29,11.21875,11.25,11.15625,11.15625,10.289722442626953,123200
1996-12-02,11.15625,11.15625,10.9375,11.03125,10.174429893493652,160400
1996-12-03,10.96875,11.0,10.59375,10.71875,9.886202812194824,171600
1996-12-04,10.78125,10.875,10.71875,10.78125,9.943848609924316,88000
1996-12-05,10.8125,10.8125,10.40625,10.5,9.68444538116455,206000
1996-12-06,10.3125,10.34375,10.15625,10.15625,9.367393493652344,130800
1996-12-09,10.15625,10.3125,10.03125,10.0625,9.280924797058105,84800
1996-12-10,10.125,10.15625,9.875,9.96875,9.194457054138184,371200
1996-12-11,9.875,9.90625,9.625,9.84375,9.079167366027832,506800
1996-12-12,9.84375,9.84375,9.6875,9.6875,8.935052871704102,122400
1996-12-13,9.75,9.75,9.59375,9.625,8.877408027648926,258000
1996-12-16,9.6875,9.71875,9.1875,9.25,8.531536102294922,649200
1996-12-17,9.3125,9.5625,9.21875,9.5,8.762118339538574,163200
1996-12-18,9.46875,10.5,9.46875,10.5,9.68444538116455,556800
1996-12-19,10.375,11.25,10.375,11.0,10.145609855651855,301200
1996-12-20,10.9375,11.0625,10.875,11.0,10.145609855651855,81400
1996-12-23,11.0,11.0,10.0625,10.375,9.569151878356934,95800
1996-12-24,10.375,10.9375,10.375,10.75,9.91502571105957,34800
1996-12-26,10.75,11.125,10.75,10.75,9.91502571105957,38200
1996-12-27,10.8125,10.875,10.6875,10.8125,9.972671508789062,61600
1996-12-30,10.8125,12.125,10.8125,11.6875,10.779708862304688,161200
1996-12-31,11.5625,11.75,11.5625,11.75,10.837353706359863,90000
1997-01-02,11.5,11.625,11.3125,11.375,10.49148178100586,236000
1997-01-03,11.5,11.875,11.5,11.5,10.606775283813477,113200
1997-01-06,11.8125,12.6875,11.8125,12.5625,11.586747169494629,111800
1997-01-07,12.5625,12.8125,12.5625,12.75,11.759681701660156,61800
1997-01-08,12.75,13.0,12.75,13.0,11.990263938903809,86400
1997-01-09,13.3125,13.5625,13.25,13.5625,12.509074211120605,120200
1997-01-10,13.1875,13.3125,13.0625,13.125,12.105554580688477,82600
1997-01-13,13.4375,13.5,12.8125,12.9375,11.932618141174316,67800
1997-01-14,13.0,13.3125,12.75,12.75,11.759681701660156,103400
1997-01-15,12.8125,13.0625,12.8125,13.0625,12.0479097366333,40400
1997-01-16,13.1875,13.25,12.75,12.75,11.759681701660156,107600
1997-01-17,12.75,13.0,12.6875,12.8125,11.817327499389648,55600
1997-01-20,12.875,13.0625,12.6875,12.8125,11.817327499389648,102000
1997-01-21,12.875,13.125,12.875,13.125,12.105554580688477,124400
1997-01-22,13.0625,13.1875,13.0,13.1875,12.163198471069336,245000
1997-01-23,13.25,14.0,13.1875,13.75,12.68200969696045,311600
1997-01-24,13.75,13.75,13.0,13.0,11.990263938903809,253600
1997-01-27,13.0,13.125,12.9375,13.0,11.990263938903809,579600
1997-01-28,13.125,13.25,13.0,13.0625,12.0479097366333,115400
1997-01-29,13.125,13.1875,13.0,13.0,11.990263938903809,82000
1997-01-30,13.0625,13.1875,13.0,13.125,12.105554580688477,85800
1997-01-31,13.125,13.125,13.0,13.125,12.105554580688477,38800
1997-02-03,13.125,13.125,13.0625,13.125,12.105554580688477,24800
1997-02-04,13.125,13.125,12.75,12.875,11.87497329711914,123000
1997-02-05,12.875,12.875,12.6875,12.75,11.759681701660156,63200
1997-02-06,12.875,12.9375,12.75,12.75,11.759681701660156,148400
1997-02-07,12.8125,12.9375,12.8125,12.875,11.87497329711914,47800
1997-02-10,12.875,13.0,12.875,12.875,11.87497329711914,63600
1997-02-11,12.875,13.0625,12.875,12.9375,11.932618141174316,103400
1997-02-12,12.875,13.125,12.875,13.0625,12.0479097366333,221400
1997-02-13,13.0625,13.1875,12.875,12.9375,11.932618141174316,81000
1997-02-14,12.9375,12.9375,12.5625,12.625,11.644390106201172,58800
1997-02-18,12.625,12.6875,12.25,12.625,11.644390106201172,204400
1997-02-19,12.5625,12.875,12.5625,12.875,11.87497329711914,30600
1997-02-20,12.75,12.9375,12.6875,12.875,11.87497329711914,141400
1997-02-21,12.8125,13.0,12.75,12.8125,11.817327499389648,31200
1997-02-24,12.8125,12.9375,12.625,12.6875,11.702035903930664,38800
1997-02-25,12.625,12.6875,12.0625,12.0625,11.12558364868164,76200
1997-02-26,12.125,12.125,11.6875,11.6875,10.779708862304688,53400
1997-02-27,11.75,11.75,10.875,10.875,10.030316352844238,171400
1997-02-28,10.5,10.5,9.5,9.9375,9.16563606262207,576000
1997-03-03,9.9375,10.0625,9.875,10.0,9.223280906677246,231400
1997-03-04,10.125,10.125,9.8125,9.8125,9.05034351348877,382000
1997-03-05,9.9375,10.25,9.875,10.25,9.453862190246582,396400
1997-03-06,10.5,10.9375,10.5,10.8125,9.972671508789062,289800
1997-03-07,10.875,11.875,10.875,11.6875,10.779708862304688,283800
1997-03-10,11.625,11.75,11.5625,11.6875,10.779708862304688,60800
1997-03-11,11.6875,11.75,11.0,11.0625,10.203252792358398,88000
1997-03-12,11.125,11.125,11.0,11.125,10.260899543762207,50400
1997-03-13,11.0625,11.125,10.75,10.75,9.91502571105957,44200
1997-03-14,10.8125,10.8125,10.5,10.625,9.799735069274902,118200
1997-03-17,10.5625,10.5625,10.4375,10.5,9.68444538116455,30800
1997-03-18,10.5625,10.75,10.5,10.5625,9.742090225219727,32600
1997-03-19,10.6875,11.1875,10.6875,11.0625,10.203252792358398,33800
1997-03-20,11.0625,11.125,11.0625,11.125,10.260899543762207,30000
1997-03-21,11.125,11.125,10.875,10.875,10.030316352844238,91600
1997-03-24,10.8125,10.875,10.5,10.875,10.030316352844238,331800
1997-03-25,10.875,11.0,10.8125,10.9375,10.08796501159668,104400
1997-03-26,10.8125,10.875,10.75,10.75,9.91502571105957,33800
1997-03-27,11.0,11.125,10.75,11.125,10.260899543762207,1715000
1997-03-31,11.0625,11.125,10.875,11.0,10.145609855651855,340200
1997-04-01,10.875,11.0625,10.875,10.9375,10.08796501159668,215400
1997-04-02,11.0,11.5625,11.0,11.4375,10.549124717712402,206600
1997-04-03,11.375,11.5,11.3125,11.5,10.606775283813477,239400
1997-04-04,11.5,11.9375,11.5,11.875,10.952643394470215,83400
1997-04-07,11.875,12.4375,11.875,12.4375,11.471455574035645,89400
1997-04-08,12.3125,12.4375,12.125,12.125,11.1832275390625,181200
1997-04-09,12.0,12.0625,11.5,11.8125,10.895000457763672,84600
1997-04-10,11.875,12.0,11.8125,11.8125,10.895000457763672,72000
1997-04-11,11.5625,11.625,11.0625,11.5625,10.664416313171387,126200
1997-04-14,11.25,11.4375,11.0625,11.375,10.49148178100586,161200
1997-04-15,11.5625,12.0625,11.5625,12.0625,11.12558364868164,150600
1997-04-16,12.125,12.6875,12.125,12.5,11.52910041809082,190800
1997-04-17,12.625,12.875,12.5625,12.75,11.759681701660156,174600
1997-04-18,12.8125,12.9375,12.5,12.5625,11.586747169494629,149200
1997-04-21,12.5,12.5,12.0,12.0,11.0679349899292,93200
1997-04-22,11.9375,12.0,11.75,11.75,10.837353706359863,64400
1997-04-23,11.8125,11.9375,11.75,11.75,10.837353706359863,65400
1997-04-24,11.8125,11.8125,11.5,11.5,10.606775283813477,116000
1997-04-25,11.5,11.6875,11.375,11.375,10.49148178100586,259800
1997-04-28,11.375,11.375,11.0,11.0,10.145609855651855,53400
1997-04-29,11.0625,11.25,11.0,11.0,10.145609855651855,74800
1997-04-30,11.0,11.0625,10.8125,11.0,10.145609855651855,132600
1997-05-01,11.0625,11.3125,11.0625,11.3125,10.433835983276367,232000
1997-05-02,11.3125,12.3125,11.3125,12.1875,11.24087142944336,256400
1997-05-05,12.375,12.4375,12.25,12.3125,11.356165885925293,127000
1997-05-06,12.1875,12.25,12.0625,12.0625,11.12558364868164,94400
1997-05-07,12.0625,12.0625,11.5,11.5,10.606775283813477,43600
1997-05-08,11.25,12.125,11.25,12.125,11.1832275390625,478000
1997-05-09,12.1875,12.75,12.1875,12.3125,11.356165885925293,143600
1997-05-12,12.3125,12.3125,12.0625,12.25,11.298519134521484,53800
1997-05-13,12.25,12.4375,12.1875,12.3125,11.356165885925293,100600
1997-05-14,12.5,12.875,12.3125,12.3125,11.356165885925293,113200
1997-05-15,12.5625,12.6875,12.5625,12.6875,11.702035903930664,83400
1997-05-16,12.6875,13.375,12.6875,13.0625,12.0479097366333,118400
1997-05-19,13.0625,13.1875,13.0,13.125,12.105554580688477,77600
1997-05-20,13.125,13.3125,13.0,13.1875,12.163198471069336,192000
1997-05-21,13.25,13.6875,13.25,13.6875,12.62436580657959,240800
1997-05-22,13.8125,14.1875,13.6875,13.875,12.797303199768066,286000
1997-05-23,13.8125,13.8125,13.6875,13.6875,12.62436580657959,108000
1997-05-27,13.75,13.8125,13.625,13.625,12.566717147827148,44000
1997-05-28,13.75,13.8125,13.6875,13.75,12.68200969696045,190800
1997-05-29,13.75,13.8125,13.75,13.8125,12.73965835571289,85200
1997-05-30,13.8125,13.8125,13.75,13.8125,12.73965835571289,54200
1997-06-02,13.8125,13.8125,13.625,13.75,12.68200969696045,100600
1997-06-03,13.75,13.9375,13.75,13.875,12.797303199768066,96600
1997-06-04,13.875,14.1875,13.875,14.125,13.027884483337402,109400
1997-06-05,14.1875,14.3125,14.0625,14.25,13.143176078796387,24600
1997-06-06,14.25,14.9375,14.25,14.9375,13.777274131774902,52800
1997-06-09,14.75,14.8125,14.3125,14.375,13.258464813232422,148200
1997-06-10,14.4375,14.4375,13.75,13.875,12.797303199768066,262000
1997-06-11,13.875,14.125,13.6875,13.75,12.68200969696045,163400
1997-06-12,13.75,13.875,13.625,13.875,12.797303199768066,110400
1997-06-13,14.0,14.125,13.8125,13.8125,12.73965835571289,141400
1997-06-16,13.9375,14.0,13.8125,13.8125,12.73965835571289,89800
1997-06-17,13.875,13.9375,13.625,13.6875,12.62436580657959,49200
1997-06-18,13.625,13.875,13.5625,13.875,12.797303199768066,57000
1997-06-19,13.8125,13.9375,13.8125,13.875,12.797303199768066,44800
1997-06-20,13.5,13.6875,13.5,13.5625,12.509074211120605,103600
1997-06-23,13.5625,13.625,13.4375,13.4375,12.393782615661621,26000
1997-06-24,13.4375,13.8125,13.375,13.6875,12.62436580657959,58200
1997-06-25,13.5625,13.6875,13.1875,13.1875,12.163198471069336,75000
1997-06-26,13.3125,13.625,13.3125,13.375,12.336136817932129,69400
1997-06-27,13.5,13.5,13.25,13.3125,12.278491973876953,94400
1997-06-30,13.4375,13.5,13.4375,13.5,12.451428413391113,127400
1997-07-01,13.5,13.5,13.28125,13.4375,12.393782615661621,64600
1997-07-02,13.4375,13.65625,13.4375,13.4375,12.393782615661621,36600
1997-07-03,13.4375,13.5625,13.4375,13.4375,12.393782615661621,8600
1997-07-07,13.5625,13.75,13.5625,13.71875,12.653186798095703,55000
1997-07-08,13.71875,13.9375,13.5625,13.9375,12.854948997497559,69200
1997-07-09,13.9375,14.25,13.90625,14.15625,13.056707382202148,44600
1997-07-10,14.15625,14.53125,14.15625,14.5,13.37375545501709,33600
1997-07-11,14.8125,14.875,14.1875,14.1875,13.085527420043945,192600
1997-07-14,14.125,14.78125,14.125,14.71875,13.575517654418945,66800
1997-07-15,14.84375,14.96875,14.75,14.96875,13.806097984313965,97200
1997-07-16,14.96875,15.1875,14.875,15.09375,13.921388626098633,48400
1997-07-17,15.125,15.125,14.75,14.84375,13.69080638885498,220600
1997-07-18,14.96875,14.96875,14.5625,14.5625,13.431403160095215,66800
1997-07-21,14.5,14.65625,14.4375,14.65625,13.51786994934082,40800
1997-07-22,14.625,14.75,14.625,14.75,13.604339599609375,157600
1997-07-23,14.6875,14.875,14.65625,14.75,13.604339599609375,98800
1997-07-24,14.75,14.75,14.625,14.625,13.489046096801758,118600
1997-07-25,14.5625,14.625,14.125,14.125,13.027884483337402,121800
1997-07-28,14.125,14.5625,14.125,14.4375,13.316110610961914,125200
1997-07-29,14.4375,14.5625,14.40625,14.5625,13.431403160095215,50200
1997-07-30,14.6875,14.96875,14.625,14.875,13.719629287719727,41400
1997-07-31,14.8125,14.8125,14.625,14.6875,13.54669189453125,19600
1997-08-01,14.6875,14.71875,14.375,14.375,13.258464813232422,96200
1997-08-04,14.5,14.53125,14.25,14.25,13.143176078796387,40800
1997-08-05,13.75,13.96875,13.65625,13.8125,12.73965835571289,153000
1997-08-06,13.875,14.5,13.875,14.4375,13.316110610961914,75600
1997-08-07,14.5625,14.5625,14.1875,14.3125,13.20081901550293,183000
1997-08-08,14.1875,14.1875,13.875,13.90625,12.826122283935547,62600
1997-08-11,13.875,13.875,13.65625,13.6875,12.62436580657959,60800
1997-08-12,13.65625,13.8125,13.5625,13.75,12.68200969696045,77800
1997-08-13,13.75,13.75,13.1875,13.5,12.451428413391113,89000
1997-08-14,13.53125,13.84375,13.53125,13.84375,12.76848030090332,237800
1997-08-15,13.84375,14.1875,13.84375,14.0,12.912592887878418,81000
1997-08-18,14.0,14.75,14.0,14.59375,13.460227012634277,75000
1997-08-19,14.59375,14.71875,14.59375,14.71875,13.575517654418945,72000
1997-08-20,14.71875,14.875,14.625,14.625,13.489046096801758,38000
1997-08-21,14.5,14.625,14.25,14.375,13.258464813232422,26600
1997-08-22,14.25,14.5,14.125,14.5,13.37375545501709,46600
1997-08-25,14.375,14.625,14.3125,14.34375,13.229643821716309,12000
1997-08-26,14.34375,14.46875,14.0,14.0,12.912592887878418,37200
1997-08-27,13.875,13.90625,13.625,13.8125,12.73965835571289,53200
1997-08-28,13.8125,13.96875,13.78125,13.96875,12.883769989013672,50800
1997-08-29,13.96875,13.96875,13.5,13.5,12.451428413391113,69600
1997-09-02,13.5625,13.96875,13.5625,13.96875,12.883769989013672,51400
1997-09-03,13.875,13.9375,13.3125,13.4375,12.393782615661621,55400
1997-09-04,13.5,13.5,13.0625,13.375,12.336136817932129,117800
1997-09-05,13.375,13.375,13.09375,13.1875,12.163198471069336,70800
1997-09-08,13.25,13.375,13.25,13.375,12.336136817932129,60000
1997-09-09,13.3125,13.3125,13.1875,13.25,12.220848083496094,73200
1997-09-10,13.25,13.25,13.125,13.15625,12.134378433227539,119800
1997-09-11,13.0,13.0,12.90625,12.96875,11.961442947387695,68800
1997-09-12,13.0,13.625,12.875,13.625,12.566717147827148,149000
1997-09-15,13.625,13.65625,13.4375,13.46875,12.42260456085205,15600
1997-09-16,13.40625,13.96875,13.40625,13.96875,12.883769989013672,111800
1997-09-17,13.96875,13.96875,13.8125,13.90625,12.826122283935547,94600
1997-09-18,13.8125,14.03125,13.8125,14.03125,12.941414833068848,143600
1997-09-19,13.96875,14.03125,13.90625,13.90625,12.826122283935547,103200
1997-09-22,13.90625,14.1875,13.90625,13.9375,12.854948997497559,37200
1997-09-23,13.9375,14.5,13.9375,14.5,13.37375545501709,65800
1997-09-24,14.5,14.8125,14.5,14.8125,13.661983489990234,111000
1997-09-25,14.6875,14.9375,14.59375,14.9375,13.777274131774902,37200
1997-09-26,14.90625,14.90625,14.59375,14.625,13.489046096801758,11800
1997-09-29,14.59375,14.75,14.5625,14.75,13.604339599609375,22400
1997-09-30,14.875,15.0,14.875,14.9375,13.777274131774902,65200
1997-10-01,14.9375,15.625,14.875,15.5625,14.353729248046875,47400
1997-10-02,15.5625,15.5625,15.25,15.4375,14.238438606262207,20200
1997-10-03,15.5,15.84375,15.375,15.8125,14.58431339263916,54600
1997-10-06,15.875,16.34375,15.875,15.96875,14.728425979614258,38800
1997-10-07,15.96875,16.25,14.3125,14.5,13.37375545501709,1225000
1997-10-08,14.5625,14.5625,14.28125,14.5,13.37375545501709,73600
1997-10-09,14.5625,14.5625,14.21875,14.34375,13.229643821716309,48200
1997-10-10,14.375,14.375,13.875,13.90625,12.826122283935547,96600
1997-10-13,14.1875,14.4375,14.0,14.0,12.912592887878418,160600
1997-10-14,14.125,14.1875,13.875,13.875,12.797303199768066,889400
1997-10-15,13.75,14.0,13.625,13.8125,12.73965835571289,99000
1997-10-16,13.9375,14.1875,13.6875,13.6875,12.62436580657959,67200
1997-10-17,13.625,13.65625,13.0625,13.53125,12.480250358581543,101000
1997-10-20,13.59375,13.96875,13.5,13.8125,12.73965835571289,78000
1997-10-21,13.875,14.3125,13.75,14.0625,12.970236778259277,92800
1997-10-22,14.0625,14.0625,13.46875,13.9375,12.854948997497559,97000
1997-10-23,13.6875,14.1875,13.5625,14.125,13.027884483337402,355800
1997-10-24,14.0,14.0,13.125,13.25,12.220848083496094,431400
1997-10-27,13.1875,13.1875,12.71875,13.0,11.990263938903809,571200
1997-10-28,12.875,13.46875,12.625,13.46875,12.42260456085205,1036200
1997-10-29,13.65625,14.1875,13.25,13.625,12.566717147827148,229400
1997-10-30,13.3125,13.3125,12.8125,12.9375,11.932618141174316,304600
1997-10-31,12.96875,13.25,12.90625,13.25,12.220848083496094,419000
1997-11-03,13.125,13.5,13.125,13.375,12.336136817932129,214400
1997-11-04,13.4375,13.5,13.0625,13.09375,12.076733589172363,58800
1997-11-05,13.1875,13.34375,13.0,13.125,12.105554580688477,103200
1997-11-06,13.125,13.5,13.09375,13.5,12.451428413391113,65400
1997-11-07,13.375,13.375,12.8125,13.0625,12.0479097366333,157600
1997-11-10,13.1875,13.25,13.0,13.0,11.990263938903809,278600
1997-11-11,12.9375,13.21875,12.9375,13.21875,12.192023277282715,18200
1997-11-12,13.09375,13.09375,12.8125,12.9375,11.932618141174316,67600
1997-11-13,12.96875,13.09375,12.90625,13.0,11.990263938903809,110600
1997-11-14,13.0,13.3125,12.9375,13.3125,12.278491973876953,117800
1997-11-17,13.3125,13.59375,13.3125,13.53125,12.480250358581543,68800
1997-11-18,13.53125,13.53125,13.375,13.46875,12.42260456085205,87400
1997-11-19,13.46875,13.5,13.40625,13.5,12.451428413391113,55200
1997-11-20,13.59375,13.59375,12.9375,13.1875,12.163198471069336,146000
1997-11-21,13.1875,13.1875,12.8125,12.9375,11.932618141174316,729600
1997-11-24,12.90625,12.9375,12.5,12.8125,11.817327499389648,541600
1997-11-25,12.9375,13.375,12.9375,13.375,12.336136817932129,256800
1997-11-26,13.4375,13.5,13.25,13.3125,12.278491973876953,88200
1997-11-28,13.375,13.375,13.34375,13.375,12.336136817932129,30800
1997-12-01,13.375,13.75,13.3125,13.75,12.68200969696045,536600
1997-12-02,13.71875,14.125,13.71875,13.96875,12.883769989013672,194200
1997-12-03,14.03125,14.8125,13.9375,14.8125,13.661983489990234,234200
1997-12-04,14.8125,15.5625,14.8125,15.125,13.950211524963379,340000
1997-12-05,15.25,15.5625,15.1875,15.21875,14.036678314208984,386600
1997-12-08,15.09375,15.21875,15.0,15.03125,13.86374282836914,90800
1997-12-09,14.90625,14.90625,14.5,14.71875,13.575517654418945,173800
1997-12-10,14.65625,14.8125,14.59375,14.8125,13.661983489990234,63800
1997-12-11,14.6875,14.6875,14.46875,14.5,13.37375545501709,28800
1997-12-12,14.53125,14.5625,14.25,14.5625,13.431403160095215,28000
1997-12-15,14.5625,14.96875,14.53125,14.9375,13.777274131774902,75600
1997-12-16,14.96875,15.75,14.90625,15.59375,14.382551193237305,131400
1997-12-17,15.59375,15.75,15.5,15.59375,14.382551193237305,40400
1997-12-18,15.59375,15.71875,15.53125,15.5625,14.353729248046875,211600
1997-12-19,15.4375,15.4375,15.09375,15.1875,14.007856369018555,100200
1997-12-22,15.25,15.78125,15.15625,15.53125,14.324904441833496,141800
1997-12-23,15.625,15.75,15.53125,15.5625,14.353729248046875,67800
1997-12-24,15.625,15.6875,15.5,15.65625,14.440199851989746,18800
1997-12-26,15.65625,15.6875,15.53125,15.625,14.411375045776367,58800
1997-12-29,15.625,15.65625,15.4375,15.59375,14.382551193237305,313000
1997-12-30,15.625,15.6875,15.5,15.5,14.296085357666016,143600
1997-12-31,15.5625,16.5,15.5625,15.9375,14.699604034423828,178000
1998-01-02,16.0,16.0,15.46875,15.5,14.296085357666016,44400
1998-01-05,15.46875,15.46875,15.125,15.46875,14.267263412475586,52600
1998-01-06,15.46875,15.46875,15.15625,15.21875,14.036678314208984,23200
1998-01-07,15.25,15.25,14.5625,14.75,13.604339599609375,55200
1998-01-08,14.5,14.53125,14.25,14.3125,13.20081901550293,153400
1998-01-09,14.25,14.4375,14.25,14.25,13.143176078796387,206800
1998-01-12,14.125,14.34375,14.0,14.3125,13.20081901550293,49000
1998-01-13,14.4375,15.125,14.4375,15.0,13.834919929504395,95400
1998-01-14,14.9375,15.125,14.6875,14.875,13.719629287719727,109200
1998-01-15,14.875,15.0,14.5625,14.625,13.489046096801758,65000
1998-01-16,14.71875,15.0625,14.5625,14.96875,13.806097984313965,106400
1998-01-20,14.75,14.78125,14.46875,14.59375,13.460227012634277,129800
1998-01-21,14.59375,14.875,14.4375,14.625,13.489046096801758,29000
1998-01-22,14.6875,14.6875,14.3125,14.3125,13.20081901550293,33400
1998-01-23,14.34375,14.46875,14.21875,14.25,13.143176078796387,30400
1998-01-26,14.21875,14.4375,14.0,14.4375,13.316110610961914,85000
1998-01-27,14.375,14.5625,14.375,14.4375,13.316110610961914,46200
1998-01-28,14.59375,15.3125,14.59375,15.21875,14.036678314208984,46400
1998-01-29,15.1875,15.90625,15.1875,15.90625,14.670778274536133,100400
1998-01-30,15.84375,15.9375,15.125,15.125,13.950211524963379,77800
1998-02-02,15.15625,15.625,15.125,15.5,14.296085357666016,30600
1998-02-03,15.5,15.75,15.4375,15.71875,14.497841835021973,14400
1998-02-04,15.65625,15.71875,15.4375,15.625,14.411375045776367,25600
1998-02-05,15.75,16.0625,15.75,15.9375,14.699604034423828,52000
1998-02-06,15.90625,16.21875,15.8125,16.21875,14.959007263183594,30200
1998-02-09,16.09375,16.46875,16.09375,16.40625,15.13194465637207,30200
1998-02-10,16.5,17.0,16.375,16.375,15.10312557220459,70800
1998-02-11,16.40625,16.4375,16.28125,16.3125,15.045475959777832,28000
1998-02-12,16.375,16.375,16.03125,16.125,14.872539520263672,27800
1998-02-13,16.21875,16.25,16.0625,16.09375,14.84371566772461,49000
1998-02-17,16.09375,16.09375,15.9375,16.0,14.75724983215332,16800
1998-02-18,15.90625,16.15625,15.625,16.125,14.872539520263672,62800
1998-02-19,16.25,16.25,16.0,16.0,14.75724983215332,113400
1998-02-20,15.96875,15.96875,15.75,15.78125,14.555488586425781,147000
1998-02-23,15.90625,16.1875,15.8125,16.1875,14.930185317993164,27400
1998-02-24,16.15625,16.1875,15.96875,16.09375,14.84371566772461,32600
1998-02-25,16.03125,16.46875,16.03125,16.46875,15.189590454101562,20200
1998-02-26,16.375,17.125,16.375,17.0,15.679573059082031,90000
1998-02-27,17.0,17.125,17.0,17.0,15.679573059082031,24200
1998-03-02,17.125,17.8125,17.125,17.375,16.02544403076172,115400
1998-03-03,17.375,17.59375,17.28125,17.5,16.140737533569336,77200
1998-03-04,17.5,17.5,17.3125,17.5,16.140737533569336,56200
1998-03-05,17.46875,17.46875,17.0,17.0,15.679573059082031,49000
1998-03-06,17.0,17.0625,16.5,16.65625,15.362527847290039,126000
1998-03-09,16.6875,16.8125,16.625,16.625,15.333699226379395,58400
1998-03-10,16.75,16.96875,15.875,16.34375,15.074299812316895,154000
1998-03-11,16.28125,16.875,16.21875,16.65625,15.362527847290039,295400
1998-03-12,16.65625,16.71875,16.0,16.21875,14.959007263183594,152400
1998-03-13,16.28125,16.5,16.25,16.3125,15.045475959777832,41000
1998-03-16,16.3125,16.5,16.25,16.5,15.218411445617676,214200
1998-03-17,16.5,16.5,16.0,16.25,14.987834930419922,116000
1998-03-18,16.1875,16.25,16.0,16.0625,14.814895629882812,99600
1998-03-19,16.125,16.125,16.0,16.09375,14.84371566772461,54200
1998-03-20,16.0,16.1875,15.875,16.125,14.872539520263672,37600
1998-03-23,16.15625,16.46875,16.125,16.4375,15.160765647888184,243400
1998-03-24,16.5625,16.875,16.4375,16.71875,15.420173645019531,118600
1998-03-25,16.75,16.875,16.59375,16.6875,15.391345977783203,101200
1998-03-26,16.625,16.6875,16.46875,16.53125,15.247236251831055,26200
1998-03-27,16.5,16.5625,16.125,16.5625,15.276057243347168,140400
1998-03-30,16.5,16.75,16.4375,16.59375,15.30488109588623,41000
1998-03-31,16.71875,17.21875,16.65625,17.09375,15.766043663024902,155600
1998-04-01,17.28125,17.40625,17.0625,17.25,15.91015625,205400
1998-04-02,17.15625,17.15625,16.96875,16.96875,15.65075397491455,37600
1998-04-03,16.96875,17.125,16.84375,17.0,15.679573059082031,90200
1998-04-06,17.0625,17.125,16.5625,16.59375,15.30488109588623,527800
1998-04-07,16.6875,16.6875,16.375,16.53125,15.247236251831055,144000
1998-04-08,16.5,16.875,16.5,16.59375,15.30488109588623,56600
1998-04-09,16.6875,17.125,16.5625,17.125,15.794872283935547,158200
1998-04-13,17.25,17.25,16.84375,16.9375,15.621932029724121,111200
1998-04-14,16.96875,17.1875,16.9375,17.15625,15.823692321777344,108800
1998-04-15,17.125,17.375,17.09375,17.34375,15.996625900268555,42600
1998-04-16,17.25,17.25,17.03125,17.09375,15.766043663024902,55600
1998-04-17,17.0,17.28125,17.0,17.28125,15.938985824584961,35000
1998-04-20,17.1875,17.46875,17.0625,17.4375,16.08309555053711,32400
1998-04-21,17.5,17.90625,17.5,17.71875,16.342506408691406,33600
1998-04-22,17.78125,18.15625,17.78125,17.875,16.48661231994629,95800
1998-04-23,17.75,17.8125,17.53125,17.53125,16.169565200805664,54400
1998-04-24,17.53125,18.03125,17.53125,17.78125,16.400144577026367,148000
1998-04-27,17.75,17.96875,17.75,17.96875,16.573078155517578,175800
1998-04-28,17.90625,18.5,17.90625,18.40625,16.976600646972656,93000
1998-04-29,18.3125,18.8125,18.3125,18.65625,17.207183837890625,80800
1998-04-30,18.84375,19.21875,18.71875,18.9375,17.46658706665039,118600
1998-05-01,19.0625,19.1875,18.875,19.125,17.639522552490234,51000
1998-05-04,19.25,19.6875,19.09375,19.4375,17.927749633789062,131800
1998-05-05,19.5,19.625,19.5,19.53125,18.01422119140625,94600
1998-05-06,20.0,20.28125,19.84375,19.875,18.33127212524414,271400
1998-05-07,19.84375,19.84375,19.6875,19.8125,18.273624420166016,58000
1998-05-08,19.84375,19.84375,19.5,19.71875,18.187152862548828,94400
1998-05-11,19.75,19.9375,19.6875,19.75,18.215980529785156,177400
1998-05-12,19.75,19.75,19.5,19.59375,18.071866989135742,49200
1998-05-13,19.625,19.71875,19.59375,19.6875,18.158334732055664,46000
1998-05-14,19.71875,19.71875,19.5,19.5,17.985397338867188,57000
1998-05-15,19.5,19.5,19.25,19.28125,17.783641815185547,83800
1998-05-18,19.375,19.5,19.28125,19.5,17.985397338867188,36800
1998-05-19,19.5625,19.65625,19.5,19.65625,18.129514694213867,29800
1998-05-20,19.6875,19.8125,19.65625,19.78125,18.244796752929688,119000
1998-05-21,19.78125,20.5,19.78125,20.5,18.907724380493164,109400
1998-05-22,20.5,20.6875,20.40625,20.625,19.023012161254883,60800
1998-05-26,20.5625,20.9375,20.25,20.375,18.792434692382812,83400
1998-05-27,19.9375,19.9375,19.53125,19.5625,18.043041229248047,209600
1998-05-28,19.5625,20.125,19.5,20.0625,18.50421142578125,110600
1998-05-29,20.0625,20.1875,19.875,19.90625,18.36009407043457,200600
1998-06-01,19.90625,19.90625,19.1875,19.3125,17.812456130981445,221000
1998-06-02,19.375,19.625,19.34375,19.5,17.985397338867188,223000
1998-06-03,19.53125,19.53125,19.1875,19.21875,17.725990295410156,59200
1998-06-04,19.21875,19.25,19.09375,19.125,17.639522552490234,19800
1998-06-05,19.125,19.25,18.71875,18.75,17.293651580810547,81200
1998-06-08,18.75,19.21875,18.75,19.1875,17.697172164916992,105800
1998-06-09,19.15625,19.5625,19.125,19.5625,18.043041229248047,46800
1998-06-10,19.5625,19.625,19.5,19.53125,18.01422119140625,70000
1998-06-11,19.53125,19.53125,19.0,19.3125,17.812456130981445,142600
1998-06-12,19.4375,19.46875,19.0,19.1875,17.697172164916992,27400
1998-06-15,19.125,19.125,18.5,18.53125,17.09189224243164,47400
1998-06-16,18.59375,19.0625,18.59375,19.0625,17.581878662109375,94000
1998-06-17,19.625,20.0,19.625,19.875,18.33127212524414,137400
1998-06-18,19.875,20.0625,19.8125,20.0625,18.50421142578125,73200
1998-06-19,20.0625,20.6875,20.0625,20.25,18.677141189575195,131400
1998-06-22,20.5,21.3125,20.5,21.25,19.599470138549805,134600
1998-06-23,21.4375,22.0,21.4375,21.875,20.17593002319336,68200
1998-06-24,21.875,22.0,21.6875,22.0,20.29121971130371,109300
1998-06-25,22.25,22.375,21.25,21.8125,20.118282318115234,89800
1998-06-26,21.9375,22.25,21.5625,21.75,20.060632705688477,94700
1998-06-29,22.0,22.25,21.375,21.6875,20.00299072265625,122800
1998-06-30,21.8125,22.0,21.75,21.9375,20.23356819152832,116500
1998-07-01,22.5,22.75,22.4375,22.6875,20.925317764282227,85600
1998-07-02,22.75,23.25,22.75,22.9375,21.15589714050293,78100
1998-07-06,23.1875,23.5,23.1875,23.25,21.444124221801758,55400
1998-07-07,23.5,23.9375,23.5,23.6875,21.847644805908203,62200
1998-07-08,23.8125,24.625,23.8125,24.1875,22.308805465698242,132400
1998-07-09,24.1875,24.1875,22.0625,22.75,20.98296356201172,219900
1998-07-10,22.75,23.0,22.375,22.75,20.98296356201172,90000
1998-07-13,22.875,23.375,22.875,23.0,21.213550567626953,107500
1998-07-14,23.1875,23.25,22.875,23.0,21.213550567626953,38100
1998-07-15,22.875,22.875,21.6875,22.0,20.29121971130371,82700
1998-07-16,22.25,22.625,21.375,21.5,19.83005142211914,126800
1998-07-17,21.5,21.5,20.5,20.5,18.907724380493164,157500
1998-07-20,20.5,20.875,19.75,20.0625,18.50421142578125,188500
1998-07-21,20.25,21.25,20.0625,20.1875,18.61949920654297,110300
1998-07-22,20.875,21.75,20.625,21.625,19.945343017578125,173900
1998-07-23,21.75,21.8125,20.5625,20.5625,18.96537208557129,104600
1998-07-24,20.6875,21.1875,20.6875,20.9375,19.31124496459961,45300
1998-07-27,21.125,21.125,20.125,20.4375,18.85007667541504,39200
1998-07-28,20.3125,20.875,19.9375,20.25,18.677141189575195,57700
1998-07-29,20.25,20.25,19.5625,19.8125,18.273624420166016,61300
1998-07-30,20.0,20.5,20.0,20.5,18.907724380493164,97000
1998-07-31,20.5,21.0625,20.375,20.375,18.792434692382812,63300
1998-08-03,20.375,20.625,20.0,20.125,18.56184959411621,101300
1998-08-04,20.0625,20.375,20.0,20.0,18.446561813354492,32900
1998-08-05,20.0625,20.625,19.9375,20.625,19.023012161254883,133800
1998-08-06,20.5,20.5,19.375,20.0,18.446561813354492,128900
1998-08-07,20.0,21.125,20.0,20.3125,18.734786987304688,165300
1998-08-10,20.3125,20.3125,19.375,19.8125,18.273624420166016,63400
1998-08-11,19.4375,19.4375,18.25,18.5,17.063072204589844,120500
1998-08-12,19.375,20.5,19.125,19.3125,17.812456130981445,110400
1998-08-13,19.375,19.875,19.0,19.125,17.639522552490234,63700
1998-08-14,19.25,21.0,19.0,20.6875,19.080663681030273,72700
1998-08-17,20.5,22.75,20.25,22.75,20.98296356201172,124900
1998-08-18,22.75,23.25,21.25,22.25,20.521799087524414,77700
1998-08-19,22.25,22.3125,21.5,21.8125,20.118282318115234,99700
1998-08-20,21.8125,21.8125,21.625,21.6875,20.00299072265625,33900
1998-08-21,21.125,21.1875,20.125,21.1875,19.541828155517578,95000
1998-08-24,21.375,21.5625,20.75,20.875,19.253597259521484,66400
1998-08-25,20.625,21.3125,20.625,21.125,19.484180450439453,72200
1998-08-26,20.875,20.9375,20.5,20.75,19.138303756713867,37900
1998-08-27,20.6875,20.75,20.0,20.0,18.446561813354492,104900
1998-08-28,20.375,20.375,19.5,19.5625,18.043041229248047,86800
1998-08-31,19.25,19.3125,17.875,18.0625,16.65955352783203,123500
1998-09-01,18.5,19.0,18.1875,18.5,17.063072204589844,183000
1998-09-02,18.25,20.25,18.0625,19.625,18.10068702697754,103900
1998-09-03,19.5,20.375,19.0625,20.1875,18.61949920654297,66000
1998-09-04,20.4375,21.1875,20.4375,21.0,19.3688907623291,65200
1998-09-08,22.375,22.75,20.875,21.625,19.945343017578125,187400
1998-09-09,21.375,21.375,20.875,21.125,19.484180450439453,89400
1998-09-10,21.0,21.0,20.3125,20.75,19.138303756713867,140000
1998-09-11,20.625,22.1875,20.625,21.9375,20.23356819152832,306900
1998-09-14,22.1875,23.4375,21.9375,23.4375,21.617061614990234,122900
1998-09-15,23.1875,24.0,23.1875,23.9375,22.078227996826172,261100
1998-09-16,24.0,24.75,22.75,23.3125,21.501773834228516,141000
1998-09-17,22.75,22.75,20.75,21.8125,20.118282318115234,125600
1998-09-18,22.375,22.375,21.0,21.875,20.17593002319336,157700
1998-09-21,21.5,21.5,20.625,21.125,19.484180450439453,58000
1998-09-22,21.5,23.0625,21.5,22.375,20.63709259033203,67900
1998-09-23,22.625,23.75,22.0625,23.6875,21.847644805908203,44400
1998-09-24,23.75,23.875,23.375,23.6875,21.847644805908203,48600
1998-09-25,23.625,25.5,23.625,25.3125,23.346426010131836,96900
1998-09-28,25.8125,26.75,23.5,23.8125,21.962940216064453,147900
1998-09-29,23.8125,24.625,23.0,24.375,22.48174285888672,142600
1998-09-30,24.875,25.5,23.375,23.4375,21.617061614990234,75700
1998-10-01,23.0625,23.125,21.25,21.4375,19.77240562438965,108800
1998-10-02,20.0,21.0,19.875,21.0,19.3688907623291,216500
1998-10-05,20.625,20.75,19.0,19.875,18.33127212524414,322900
1998-10-06,20.125,20.625,19.0,19.3125,17.812456130981445,240800
1998-10-07,19.3125,19.3125,17.5,17.875,16.48661231994629,159700
1998-10-08,17.25,17.25,16.0625,17.0,15.679573059082031,260000
1998-10-09,17.25,18.5,16.875,18.375,16.947776794433594,163500
1998-10-12,19.0,19.375,17.6875,18.25,16.832487106323242,128200
1998-10-13,18.3125,18.875,17.9375,18.625,17.178359985351562,107900
1998-10-14,18.75,19.3125,18.5,18.75,17.293651580810547,274100
1998-10-15,18.625,21.375,18.625,21.375,19.714759826660156,95800
1998-10-16,21.375,22.875,21.375,22.625,20.867671966552734,112100
1998-10-19,22.875,24.375,22.75,24.25,22.366455078125,127200
1998-10-20,24.125,24.875,23.625,24.0,22.1358699798584,303700
1998-10-21,23.5,23.5,22.125,23.0,21.213550567626953,227500
1998-10-22,23.25,23.25,22.625,23.125,21.328832626342773,90200
1998-10-23,23.1875,23.8125,22.625,22.8125,21.04061508178711,115400
1998-10-26,22.375,22.5625,22.125,22.3125,20.579444885253906,101100
1998-10-27,22.5,22.75,20.625,20.6875,19.080663681030273,256000
1998-10-28,20.6875,21.5,20.375,20.875,19.253597259521484,171900
1998-10-29,21.0,21.5,21.0,21.5,19.83005142211914,50000
1998-10-30,21.5,23.25,21.5,22.0,20.29121971130371,96000
1998-11-02,22.5,22.5625,22.25,22.5,20.752378463745117,129000
1998-11-03,22.5625,22.625,22.0,22.125,20.406505584716797,144300
1998-11-04,22.1875,22.75,22.125,22.375,20.63709259033203,153300
1998-11-05,22.625,23.375,22.625,22.9375,21.15589714050293,79100
1998-11-06,22.625,23.0625,22.5625,23.0625,21.27119255065918,31900
1998-11-09,22.875,23.125,22.5625,23.0,21.213550567626953,57300
1998-11-10,22.25,23.875,22.125,23.875,22.020584106445312,66900
1998-11-11,24.125,24.125,23.25,23.3125,21.501773834228516,58200
1998-11-12,23.4375,24.25,23.4375,24.125,22.25116729736328,73000
1998-11-13,24.125,24.125,23.625,23.6875,21.847644805908203,38400
1998-11-16,23.625,24.5,23.375,24.25,22.366455078125,56600
1998-11-17,24.3125,24.5625,23.6875,24.5625,22.654682159423828,55900
1998-11-18,24.9375,25.1875,24.5625,25.1875,23.23113441467285,61900
1998-11-19,25.1875,25.6875,24.875,25.1875,23.23113441467285,205500
1998-11-20,24.9375,25.0625,24.6875,25.0625,23.115848541259766,23800
1998-11-23,24.8125,25.125,24.75,25.0625,23.115848541259766,118800
1998-11-24,25.25,25.5,25.0625,25.5,23.519363403320312,113800
1998-11-25,25.5,25.625,25.1875,25.4375,23.461721420288086,112800
1998-11-27,25.6875,25.75,25.5,25.6875,23.692296981811523,23000
1998-11-30,25.75,26.375,25.4375,26.375,24.326396942138672,108000
1998-12-01,26.25,26.25,25.5625,25.875,23.865236282348633,67900
1998-12-02,26.0,26.0,25.3125,25.3125,23.346426010131836,67400
1998-12-03,25.0625,25.125,24.4375,24.4375,22.53938865661621,75800
1998-12-04,24.5,24.5,24.375,24.375,22.48174285888672,217400
1998-12-07,24.375,24.375,24.125,24.1875,22.308805465698242,252300
1998-12-08,24.1875,24.1875,23.375,23.5,21.674707412719727,76400
1998-12-09,23.625,24.375,23.5625,24.1875,22.308805465698242,121300
1998-12-10,24.25,25.875,24.125,25.0,23.05820083618164,106600
1998-12-11,24.8125,24.8125,24.375,24.625,22.712331771850586,99900
1998-12-14,24.375,24.875,24.1875,24.375,22.48174285888672,51600
1998-12-15,24.75,24.875,24.5625,24.625,22.712331771850586,190700
1998-12-16,24.8125,25.1875,24.625,25.1875,23.23113441467285,135100
1998-12-17,25.5,28.5,25.5,28.0625,25.882829666137695,379000
1998-12-18,28.0625,29.625,28.0625,28.375,26.17105484008789,275300
1998-12-21,28.75,30.25,28.6875,29.5,27.20867919921875,258200
1998-12-22,29.25,29.5,28.25,28.25,26.055768966674805,119400
1998-12-23,28.4375,28.75,27.625,28.75,26.516929626464844,153200
1998-12-24,28.0,28.25,28.0,28.1875,25.998119354248047,37700
1998-12-28,28.8125,28.8125,26.5,27.6875,25.53696060180664,145100
1998-12-29,27.9375,28.875,27.875,28.75,26.516929626464844,94800
1998-12-30,29.875,30.625,29.3125,30.25,27.900423049926758,97200
1998-12-31,30.25,30.625,29.875,30.625,28.246295928955078,93700
1999-01-04,30.375,30.375,28.875,29.125,26.86280632019043,218600
1999-01-05,29.125,29.25,28.625,28.625,26.40163803100586,102200
1999-01-06,28.375,28.5,27.75,27.75,25.594606399536133,93500
1999-01-07,27.0,27.6875,26.5,27.6875,25.53696060180664,160800
1999-01-08,27.625,28.5625,27.625,28.25,26.055768966674805,80300
1999-01-11,28.0,28.0,27.3125,27.5625,25.42166519165039,40000
1999-01-12,27.0625,27.375,26.375,26.4375,24.38404655456543,48900
1999-01-13,25.625,26.4375,25.5,26.4375,24.38404655456543,88300
1999-01-14,26.6875,27.25,26.0625,26.25,24.211109161376953,115000
1999-01-15,27.25,27.8125,27.0,27.0,24.902856826782227,75600
1999-01-19,27.0,27.25,26.375,26.5,24.441696166992188,85100
1999-01-20,26.75,28.125,26.75,26.8125,24.72991371154785,76500
1999-01-21,27.0,28.125,26.9375,27.75,25.594606399536133,100300
1999-01-22,27.6875,28.9375,27.5625,28.875,26.632221221923828,100800
1999-01-25,28.75,28.875,27.125,27.5,25.3640193939209,139300
1999-01-26,27.375,27.9375,27.25,27.5,25.3640193939209,100100
1999-01-27,27.75,28.3125,27.4375,27.5,25.3640193939209,228400
1999-01-28,27.875,28.5,27.75,28.25,26.055768966674805,59400
1999-01-29,28.125,29.75,28.0625,29.4375,27.15103530883789,89700
1999-02-01,29.4375,29.4375,27.5,27.5625,25.42166519165039,89500
1999-02-02,27.8125,28.125,27.3125,27.375,25.24873161315918,102600
1999-02-03,27.5,27.6875,26.5625,27.375,25.24873161315918,77800
1999-02-04,27.375,27.375,26.75,27.0,24.902856826782227,43200
1999-02-05,27.0625,27.0625,26.25,26.25,24.211109161376953,53000
1999-02-08,26.125,26.4375,25.6875,26.125,24.0958194732666,66000
1999-02-09,26.125,26.125,25.75,25.9375,23.92288589477539,36200
1999-02-10,26.0,26.25,25.375,25.75,23.74994659423828,86600
1999-02-11,25.9375,26.0,24.625,25.375,23.404071807861328,214400
1999-02-12,25.375,25.6875,24.9375,25.5625,23.577011108398438,134900
1999-02-16,25.9375,28.0,25.875,26.625,24.556983947753906,134500
1999-02-17,26.625,26.6875,25.75,25.75,23.74994659423828,43600
1999-02-18,25.8125,26.5,25.625,26.0,23.980527877807617,87800
1999-02-19,26.0,26.0625,24.5625,24.625,22.712331771850586,91400
1999-02-22,24.625,25.5625,24.5,24.5625,22.654682159423828,111200
1999-02-23,24.5625,25.5625,24.25,25.125,23.173494338989258,96300
1999-02-24,25.0625,26.5,24.625,24.625,22.712331771850586,189800
1999-02-25,24.375,24.9375,24.375,24.9375,23.000553131103516,80000
1999-02-26,25.0,25.3125,24.625,25.125,23.173494338989258,70300
1999-03-01,25.25,25.5,25.125,25.5,23.519363403320312,35900
1999-03-02,25.625,26.9375,25.625,26.5,24.441696166992188,93300
1999-03-03,27.0,27.0625,25.25,25.75,23.74994659423828,122400
1999-03-04,25.75,26.75,25.75,26.6875,24.614633560180664,67000
1999-03-05,26.6875,27.25,26.6875,26.6875,24.614633560180664,43700
1999-03-08,26.5,27.5625,26.0625,27.5625,25.42166519165039,119700
1999-03-09,27.625,28.75,27.5625,28.0625,25.882829666137695,125300
1999-03-10,28.5625,28.75,27.875,28.0,25.825185775756836,52500
1999-03-11,27.9375,28.5625,27.75,28.4375,26.228702545166016,63000
1999-03-12,28.4375,28.9375,28.0,28.0,25.825185775756836,95300
1999-03-15,28.0625,28.375,27.5,28.375,26.17105484008789,43200
1999-03-16,28.125,28.75,27.9375,28.75,26.516929626464844,50500
1999-03-17,28.375,29.0,28.0625,28.875,26.632221221923828,58700
1999-03-18,28.875,28.9375,28.25,28.5,26.286352157592773,85800
1999-03-19,28.5,29.25,28.5,28.875,26.632221221923828,154800
1999-03-22,28.625,29.125,28.375,28.4375,26.228702545166016,114900
1999-03-23,28.3125,28.3125,26.0,26.375,24.326396942138672,821300
1999-03-24,26.375,26.375,25.875,26.25,24.211109161376953,111000
1999-03-25,26.4375,28.375,26.4375,28.0,25.825185775756836,96200
1999-03-26,28.0,28.0,26.625,27.125,25.01814842224121,69800
1999-03-29,27.125,28.375,27.125,28.25,26.055768966674805,132400
1999-03-30,28.5,28.75,27.9375,28.6875,26.459287643432617,88000
1999-03-31,28.6875,29.875,28.0,29.0,26.74751091003418,206900
1999-04-01,29.5,31.875,29.0,29.5,27.20867919921875,210300
1999-04-05,30.0,30.4375,29.5625,30.1875,27.842777252197266,105800
1999-04-06,30.1875,30.3125,29.625,29.6875,27.38161277770996,66100
1999-04-07,29.5625,30.25,29.25,30.25,27.900423049926758,64900
1999-04-08,30.0,30.6875,29.75,30.125,27.78513526916504,93900
1999-04-09,29.0,30.5,28.875,30.375,28.01571273803711,139700
1999-04-12,30.125,30.25,29.125,29.125,26.86280632019043,132400
1999-04-13,29.875,30.0,29.6875,29.6875,27.38161277770996,93600
1999-04-14,29.6875,29.875,28.25,28.5625,26.343992233276367,140800
1999-04-15,28.5625,28.625,27.375,27.5,25.3640193939209,167500
1999-04-16,28.0,28.0625,24.8125,25.1875,23.23113441467285,354500
1999-04-19,25.625,26.25,22.125,22.5625,20.81002426147461,302200
1999-04-20,23.25,25.1875,23.0,24.3125,22.424100875854492,559100
1999-04-21,25.125,25.125,24.5,24.875,22.94291114807129,284100
1999-04-22,25.125,25.625,24.5625,24.75,22.827617645263672,147000
1999-04-23,24.875,24.875,24.625,24.8125,22.88526725769043,74500
1999-04-26,24.6875,24.75,24.0,24.5,22.59703826904297,286300
1999-04-27,24.375,24.9375,23.8125,24.375,22.48174285888672,274600
1999-04-28,24.5,25.5625,24.375,25.375,23.404071807861328,152400
1999-04-29,25.5625,25.5625,25.0625,25.25,23.288780212402344,81300
1999-04-30,26.0,26.75,25.875,26.375,24.326396942138672,191800
1999-05-03,25.75,26.625,24.5,24.75,22.827617645263672,153000
1999-05-04,24.75,25.0,24.0625,24.125,22.25116729736328,105700
1999-05-05,23.75,23.75,21.6875,23.6875,21.847644805908203,201400
1999-05-06,23.6875,24.375,22.625,23.75,21.90528678894043,113300
1999-05-07,23.0625,24.4375,22.3125,23.375,21.559417724609375,194900
1999-05-10,23.1875,24.625,23.0625,24.625,22.712331771850586,181500
1999-05-11,24.625,25.625,24.0,25.0,23.05820083618164,151500
1999-05-12,25.0,25.25,24.5,24.5,22.59703826904297,92700
1999-05-13,24.5625,25.5,24.5625,25.125,23.173494338989258,103200
1999-05-14,25.375,25.375,24.0,24.25,22.366455078125,80200
1999-05-17,24.875,24.875,22.875,23.4375,21.617061614990234,219800
1999-05-18,23.625,23.9375,23.25,23.3125,21.501773834228516,40900
1999-05-19,23.125,24.25,23.125,24.25,22.366455078125,101600
1999-05-20,24.0,25.3125,23.875,25.0625,23.115848541259766,127000
1999-05-21,25.0625,25.375,24.0,24.1875,22.308805465698242,98000
1999-05-24,24.1875,24.1875,23.125,23.25,21.444124221801758,91300
1999-05-25,23.25,23.25,21.6875,22.25,20.521799087524414,290000
1999-05-26,22.5,22.875,22.125,22.4375,20.694732666015625,91800
1999-05-27,22.4375,23.4375,22.375,23.4375,21.617061614990234,68400
1999-05-28,23.1875,23.75,22.25,22.25,20.521799087524414,117800
1999-06-01,22.375,23.0,22.0625,22.4375,20.694732666015625,83100
1999-06-02,22.0625,22.75,22.0625,22.5,20.752378463745117,71600
1999-06-03,22.625,22.875,22.5625,22.625,20.867671966552734,54900
1999-06-04,22.5,22.9375,22.0,22.25,20.521799087524414,61600
1999-06-07,22.0625,22.6875,22.0,22.375,20.63709259033203,77300
1999-06-08,22.125,22.5,22.0,22.25,20.521799087524414,143300
1999-06-09,22.25,22.9375,22.25,22.5625,20.81002426147461,53900
1999-06-10,22.6875,23.25,22.6875,22.9375,21.15589714050293,112800
1999-06-11,23.375,23.375,22.125,22.375,20.63709259033203,82300
1999-06-14,22.125,22.1875,21.5,21.625,19.945343017578125,61800
1999-06-15,21.625,21.75,20.0,20.5,18.907724380493164,208700
1999-06-16,21.0,21.5,20.8125,21.125,19.484180450439453,663800
1999-06-17,21.25,22.0,21.25,21.75,20.060632705688477,193000
1999-06-18,21.875,22.0,20.875,21.0625,19.42653465270996,142600
1999-06-21,20.5,21.375,20.0,21.0,19.3688907623291,234700
1999-06-22,21.0,21.125,20.5,20.5,18.907724380493164,275300
1999-06-23,20.75,21.0,20.25,21.0,19.3688907623291,187900
1999-06-24,21.1875,21.25,20.25,20.9375,19.31124496459961,262000
1999-06-25,21.1875,21.75,20.875,21.5625,19.887697219848633,285300
1999-06-28,21.375,22.4375,21.0625,22.0,20.29121971130371,247700
1999-06-29,22.25,23.9375,22.0625,23.9375,22.078227996826172,320600
1999-06-30,23.5,23.9375,22.375,22.375,20.63709259033203,412900
1999-07-01,22.875,24.1875,22.875,24.0,22.1358699798584,166500
1999-07-02,24.0,24.5,24.0,24.0,22.1358699798584,164600
1999-07-06,24.5,24.75,24.25,24.375,22.48174285888672,164300
1999-07-07,24.625,24.8125,23.375,23.75,21.90528678894043,116900
1999-07-08,23.75,23.75,22.4375,23.0,21.213550567626953,128600
1999-07-09,23.125,23.4375,22.9375,23.0,21.213550567626953,102300
1999-07-12,23.125,23.375,21.75,22.4375,20.694732666015625,335100
1999-07-13,22.625,23.0,22.0,22.375,20.63709259033203,282000
1999-07-14,22.625,23.0,22.0,22.5,20.752378463745117,234000
1999-07-15,22.5,22.5,22.125,22.375,20.63709259033203,134400
1999-07-16,22.625,23.0625,22.25,22.625,20.867671966552734,162900
1999-07-19,22.375,22.5,22.0625,22.125,20.406505584716797,246800
1999-07-20,22.4375,22.4375,22.0625,22.25,20.521799087524414,251400
1999-07-21,22.25,22.4375,22.0,22.1875,20.46415138244629,140300
1999-07-22,22.1875,22.4375,21.625,21.9375,20.23356819152832,143600
1999-07-23,22.3125,22.3125,21.9375,22.0,20.29121971130371,50100
1999-07-26,21.75,22.0625,21.5625,21.8125,20.118282318115234,80400
1999-07-27,22.375,22.375,21.6875,21.6875,20.00299072265625,95700
1999-07-28,21.9375,22.3125,21.75,21.8125,20.118282318115234,128300
1999-07-29,21.875,21.875,20.875,21.0,19.3688907623291,208300
1999-07-30,21.0,21.0625,20.6875,20.75,19.138303756713867,323000
1999-08-02,20.75,20.75,20.25,20.5,18.907724380493164,189300
1999-08-03,20.75,20.875,20.375,20.625,19.023012161254883,394800
1999-08-04,21.625,21.625,20.625,20.625,19.023012161254883,416700
1999-08-05,20.875,20.9375,18.0,20.125,18.56184959411621,429700
1999-08-06,20.125,20.5,19.8125,20.3125,18.734786987304688,119900
1999-08-09,20.5,20.9375,20.0,20.375,18.792434692382812,195800
1999-08-10,20.875,21.25,20.375,20.8125,19.195955276489258,115100
1999-08-11,21.0625,21.1875,20.625,20.75,19.138303756713867,102900
1999-08-12,20.75,20.875,20.25,20.8125,19.195955276489258,333500
1999-08-13,20.8125,21.3125,20.8125,21.0,19.3688907623291,109200
1999-08-16,21.0625,22.25,21.0625,21.5,19.83005142211914,160900
1999-08-17,21.5,21.875,21.0,21.21875,19.570648193359375,90600
1999-08-18,21.0625,21.75,21.0625,21.6875,20.00299072265625,74100
1999-08-19,21.5625,21.6875,21.25,21.625,19.945343017578125,73600
1999-08-20,21.625,21.9375,21.375,21.875,20.17593002319336,102700
1999-08-23,21.8125,21.8125,21.3125,21.3125,19.657114028930664,118500
1999-08-24,21.5,21.6875,20.75,21.125,19.484180450439453,119100
1999-08-25,21.75,21.75,21.0625,21.125,19.484180450439453,93900
1999-08-26,21.0625,21.625,21.0,21.125,19.484180450439453,107600
1999-08-27,21.125,21.1875,21.0,21.0,19.3688907623291,80500
1999-08-30,21.0,21.5,21.0,21.375,19.714759826660156,63900
1999-08-31,21.125,21.3125,20.625,20.875,19.253597259521484,180600
1999-09-01,20.875,22.5,20.875,21.625,19.945343017578125,129200
1999-09-02,21.625,21.9375,21.5,21.5,19.83005142211914,49500
1999-09-03,21.5625,22.375,21.5625,21.75,20.060632705688477,95600
1999-09-07,21.875,22.9375,21.8125,22.125,20.406505584716797,69100
1999-09-08,22.1875,22.5,21.75,22.4375,20.694732666015625,72100
1999-09-09,22.375,22.5,22.1875,22.1875,20.46415138244629,87000
1999-09-10,22.375,22.5,21.75,22.3125,20.579444885253906,77800
1999-09-13,22.3125,22.75,22.25,22.3125,20.579444885253906,126200
1999-09-14,22.5,22.625,21.625,22.25,20.521799087524414,140600
1999-09-15,22.4375,22.625,21.5,21.5625,19.887697219848633,112100
1999-09-16,21.75,21.8125,20.125,21.0625,19.42653465270996,174800
1999-09-17,21.5,22.375,21.375,21.625,19.945343017578125,160100
1999-09-20,21.875,22.0,20.25,21.5,19.83005142211914,110700
1999-09-21,21.625,21.75,20.5,21.0,19.3688907623291,241500
1999-09-22,21.25,21.625,20.875,21.25,19.599470138549805,135900
1999-09-23,21.0,21.25,20.625,20.9375,19.31124496459961,86900
1999-09-24,20.6875,21.0,20.25,20.3125,18.734786987304688,43100
1999-09-27,20.75,20.8125,19.875,20.375,18.792434692382812,140000
1999-09-28,20.375,20.375,19.625,20.0,18.446561813354492,113200
1999-09-29,19.875,20.375,19.875,19.9375,18.388914108276367,83300
1999-09-30,20.0625,20.125,19.75,20.0,18.446561813354492,377100
1999-10-01,20.0,20.125,19.625,19.875,18.33127212524414,67500
1999-10-04,19.75,19.875,19.625,19.8125,18.273624420166016,47000
1999-10-05,19.875,19.875,19.0,19.8125,18.273624420166016,332300
1999-10-06,20.0625,20.3125,18.6875,19.375,17.870105743408203,189200
1999-10-07,19.3125,19.3125,17.75,18.25,16.832487106323242,524400
1999-10-08,18.5,18.5,17.9375,17.9375,16.544265747070312,163700
1999-10-11,18.125,18.125,17.625,17.875,16.48661231994629,161200
1999-10-12,18.125,18.125,16.75,17.125,15.794872283935547,272000
1999-10-13,17.125,17.125,16.25,16.4375,15.160765647888184,181500
1999-10-14,16.5,16.625,16.0,16.125,14.872539520263672,350600
1999-10-15,16.0,16.125,15.75,15.9375,14.699604034423828,364800
1999-10-18,16.125,16.25,15.625,16.0625,14.814895629882812,245700
1999-10-19,16.625,19.25,16.375,18.4375,17.00541877746582,385200
1999-10-20,19.0,19.4375,18.25,18.8125,17.35129165649414,371600
1999-10-21,18.8125,19.0,18.0625,18.3125,16.89012908935547,219600
1999-10-22,18.5625,19.625,18.375,19.0,17.52423667907715,138400
1999-10-25,18.875,19.1875,18.3125,18.5,17.063072204589844,59000
1999-10-26,20.0,20.5625,19.625,19.75,18.215980529785156,1360400
1999-10-27,19.875,21.75,19.875,21.5,19.83005142211914,571600
1999-10-28,21.4375,21.75,20.875,21.0625,19.42653465270996,182300
1999-10-29,21.25,22.5,21.0625,21.0625,19.42653465270996,200900
1999-11-01,20.625,22.25,20.625,21.625,19.945343017578125,255100
1999-11-02,21.0,21.75,20.75,21.625,19.945343017578125,165600
1999-11-03,22.375,22.9375,21.875,22.0,20.29121971130371,305200
1999-11-04,22.0,22.75,22.0,22.375,20.63709259033203,232500
1999-11-05,22.375,23.6875,22.375,23.6875,21.847644805908203,144100
1999-11-08,23.5,23.9375,23.0,23.1875,21.3864803314209,134800
1999-11-09,23.25,23.25,22.25,22.8125,21.04061508178711,130300
1999-11-10,22.9375,22.9375,22.3125,22.6875,20.925317764282227,87300
1999-11-11,22.625,23.0,22.1875,23.0,21.213550567626953,111700
1999-11-12,23.0,23.25,20.0,21.0,19.3688907623291,916900
1999-11-15,21.0,21.9375,20.5625,21.9375,20.23356819152832,256800
1999-11-16,21.0,21.125,20.5,20.75,19.138303756713867,369600
1999-11-17,21.0,21.0,20.4375,20.4375,18.85007667541504,216900
1999-11-18,20.5,21.0,20.0,20.1875,18.61949920654297,383100
1999-11-19,20.1875,20.25,19.0625,19.375,17.870105743408203,377700
1999-11-22,19.625,19.625,18.5625,19.0,17.52423667907715,174300
1999-11-23,19.0,19.0,17.5625,18.0,16.601903915405273,349000
1999-11-24,18.0625,19.625,18.0625,19.25,17.75481605529785,249500
1999-11-26,19.0,19.5,18.875,19.3125,17.812456130981445,107700
1999-11-29,19.0625,20.0625,19.0625,20.0625,18.50421142578125,250200
1999-11-30,19.5,20.3125,19.5,20.1875,18.61949920654297,527000
1999-12-01,20.0,20.0625,19.5,19.8125,18.273624420166016,174400
1999-12-02,19.625,19.75,19.0,19.625,18.10068702697754,118000
1999-12-03,19.875,19.9375,19.125,19.75,18.215980529785156,267100
1999-12-06,19.75,19.9375,19.25,19.4375,17.927749633789062,185300
1999-12-07,19.5,19.5,19.0,19.5,17.985397338867188,120400
1999-12-08,19.875,19.875,19.1875,19.5,17.985397338867188,117100
1999-12-09,19.25,19.375,19.0,19.3125,17.812456130981445,116400
1999-12-10,19.375,19.375,18.25,18.25,16.832487106323242,175800
1999-12-13,18.25,18.5,17.875,18.0,16.601903915405273,217700
1999-12-14,17.875,17.875,17.125,17.5,16.140737533569336,263500
1999-12-15,17.25,17.875,17.0625,17.875,16.48661231994629,165700
1999-12-16,17.875,17.875,17.0,17.0,15.679573059082031,320800
1999-12-17,16.875,17.0,16.375,16.375,15.10312557220459,278700
1999-12-20,16.25,16.9375,15.75,15.875,14.641958236694336,479200
1999-12-21,16.25,18.25,16.0625,18.0,16.601903915405273,316600
1999-12-22,18.0,21.25,18.0,18.8125,17.35129165649414,436700
1999-12-23,18.8125,19.25,18.75,18.9375,17.46658706665039,248700
1999-12-27,19.0625,19.1875,18.75,18.75,17.293651580810547,105400
1999-12-28,18.875,20.125,18.8125,18.9375,17.46658706665039,175300
1999-12-29,18.9375,19.5,18.875,19.375,17.870105743408203,96500
1999-12-30,19.9375,20.25,19.4375,19.5,17.985397338867188,99100
1999-12-31,19.125,19.375,18.625,18.75,17.293651580810547,130500
2000-01-03,19.0,19.6875,18.5,18.8125,17.35129165649414,170300
2000-01-04,18.4375,18.75,18.25,18.5,17.063072204589844,219600
2000-01-05,18.5,18.6875,18.0,18.1875,16.77484130859375,138800
2000-01-06,18.1875,18.25,17.5625,18.125,16.717199325561523,80300
2000-01-07,18.125,18.125,17.5625,17.875,16.48661231994629,134000
2000-01-10,17.875,18.6875,17.6875,17.9375,16.544265747070312,123900
2000-01-11,17.75,18.0,17.5625,17.75,16.371322631835938,175600
2000-01-12,18.125,18.125,16.9375,17.125,15.794872283935547,155000
2000-01-13,17.375,17.4375,16.25,16.6875,15.391345977783203,223800
2000-01-14,16.9375,17.125,16.5,16.625,15.333699226379395,263000
2000-01-18,16.625,17.125,16.0625,16.375,15.10312557220459,159800
2000-01-19,16.625,18.5,16.375,18.0625,16.65955352783203,271800
2000-01-20,18.125,18.375,17.5,17.625,16.25602912902832,214500
2000-01-21,18.75,18.75,17.75,18.0625,16.65955352783203,330600
2000-01-24,18.3125,19.5,18.0,18.0,16.601903915405273,172500
2000-01-25,17.875,17.9375,17.375,17.625,16.25602912902832,200600
2000-01-26,17.8125,18.375,17.5625,17.875,16.48661231994629,163100
2000-01-27,17.625,18.3125,17.5,17.6875,16.313674926757812,89200
2000-01-28,17.6875,17.8125,17.4375,17.6875,16.313674926757812,246200
2000-01-31,18.0,18.875,18.0,18.4375,17.00541877746582,143500
2000-02-01,18.4375,19.0,17.875,18.625,17.178359985351562,341000
2000-02-02,18.375,18.9375,18.125,18.6875,17.236007690429688,226000
2000-02-03,18.75,19.0,18.625,18.75,17.293651580810547,222300
2000-02-04,19.0,19.125,18.625,18.75,17.293651580810547,65600
2000-02-07,18.75,18.9375,18.25,18.9375,17.46658706665039,131500
2000-02-08,19.1875,19.5,18.75,19.125,17.639522552490234,196700
2000-02-09,19.125,19.5625,19.0,19.0625,17.581878662109375,119700
2000-02-10,19.0,19.125,18.6875,18.8125,17.35129165649414,116400
2000-02-11,18.375,18.75,17.875,17.9375,16.544265747070312,377700
2000-02-14,17.6875,18.0,17.6875,18.0,16.601903915405273,171800
2000-02-15,18.0,18.0,17.5625,17.875,16.48661231994629,311500
2000-02-16,17.625,17.9375,17.625,17.9375,16.544265747070312,185200
2000-02-17,17.75,17.9375,17.75,17.8125,16.428964614868164,118200
2000-02-18,17.9375,17.9375,17.0,17.125,15.794872283935547,164300
2000-02-22,17.0,17.25,17.0,17.125,15.794872283935547,101700
2000-02-23,17.125,18.25,17.125,17.625,16.25602912902832,210400
2000-02-24,17.5625,17.75,17.375,17.5,16.140737533569336,195500
2000-02-25,17.625,18.3125,17.5625,18.0625,16.65955352783203,142100
2000-02-28,17.875,18.0625,17.6875,17.75,16.371322631835938,183600
2000-02-29,17.9375,18.875,17.9375,18.0625,16.65955352783203,286000
2000-03-01,18.125,19.8125,18.125,19.75,18.215980529785156,213800
2000-03-02,19.625,19.625,18.25,18.3125,16.89012908935547,163900
2000-03-03,18.5,18.6875,18.3125,18.375,16.947776794433594,57300
2000-03-06,18.375,18.75,18.25,18.5,17.063072204589844,118400
2000-03-07,18.625,18.9375,18.5,18.9375,17.46658706665039,215700
2000-03-08,18.75,19.3125,18.5625,19.3125,17.812456130981445,284900
2000-03-09,19.3125,19.75,19.3125,19.5625,18.043041229248047,108600
2000-03-10,19.6875,19.9375,19.5,19.8125,18.273624420166016,136700
2000-03-13,19.625,19.625,19.25,19.375,17.870105743408203,50200
2000-03-14,19.1875,19.6875,18.9375,19.4375,17.927749633789062,272200
2000-03-15,19.4375,20.25,19.0625,20.25,18.677141189575195,143600
2000-03-16,20.25,23.625,20.25,23.375,21.559417724609375,509500
2000-03-17,24.0,25.875,23.25,24.1875,22.308805465698242,400500
2000-03-20,24.1875,24.1875,23.1875,23.5625,21.732357025146484,78900
2000-03-21,23.25,24.0,22.5,24.0,22.1358699798584,141200
2000-03-22,23.875,24.9375,23.125,23.9375,22.078227996826172,125800
2000-03-23,23.9375,25.875,23.9375,25.4375,23.461721420288086,212800
2000-03-24,25.4375,26.1875,25.25,25.4375,23.461721420288086,207900
2000-03-27,25.3125,25.3125,24.6875,24.9375,23.000553131103516,57600
2000-03-28,24.75,26.0,24.5,24.9375,23.000553131103516,326300
2000-03-29,24.9375,25.25,24.625,24.9375,23.000553131103516,213800
2000-03-30,25.125,27.625,25.125,26.3125,24.268756866455078,125700
2000-03-31,26.5625,30.5,26.5625,30.5,28.131006240844727,632700
2000-04-03,29.75,31.75,29.4375,29.9375,27.61219596862793,671500
2000-04-04,29.75,29.75,26.75,27.75,25.594606399536133,243500
2000-04-05,27.5,28.1875,26.5,27.75,25.594606399536133,155500
2000-04-06,27.5,27.9375,27.1875,27.5,25.3640193939209,172100
2000-04-07,27.75,27.75,25.625,26.875,24.787565231323242,172700
2000-04-10,27.125,27.125,25.0,25.375,23.404071807861328,67600
2000-04-11,25.625,25.625,24.0,24.625,22.712331771850586,165900
2000-04-12,25.625,26.0,24.625,24.9375,23.000553131103516,135800
2000-04-13,24.6875,24.75,22.5,24.5,22.59703826904297,267000
2000-04-14,24.125,25.625,24.0,25.25,23.288780212402344,182700
2000-04-17,25.0,26.0,24.375,24.875,22.94291114807129,520300
2000-04-18,25.125,25.4375,23.125,25.125,23.173494338989258,280100
2000-04-19,25.0,25.0625,24.5,24.5625,22.654682159423828,167900
2000-04-20,24.5625,25.25,23.375,25.25,23.288780212402344,512600
2000-04-24,24.875,24.875,22.875,23.0,21.213550567626953,589600
2000-04-25,23.0,24.875,22.625,24.5625,22.654682159423828,125300
2000-04-26,24.5625,25.8125,24.125,25.8125,23.80759620666504,167200
2000-04-27,25.1875,26.625,25.0,26.0,23.980527877807617,198000
2000-04-28,25.75,25.75,23.75,23.8125,21.962940216064453,174200
2000-05-01,24.0625,24.6875,24.0,24.5,22.59703826904297,144000
2000-05-02,24.4375,24.4375,23.375,23.6875,21.847644805908203,102400
2000-05-03,23.75,23.8125,22.9375,23.0625,21.27119255065918,79800
2000-05-04,23.3125,25.875,22.75,24.9375,23.000553131103516,294800
2000-05-05,24.9375,25.75,24.625,25.1875,23.23113441467285,126500
2000-05-08,25.0,26.125,24.875,25.3125,23.346426010131836,85100
2000-05-09,25.5625,25.6875,24.375,24.4375,22.53938865661621,171200
2000-05-10,25.0,26.625,25.0,26.0625,24.038175582885742,298800
2000-05-11,25.9375,26.8125,25.9375,26.375,24.326396942138672,264600
2000-05-12,26.0,27.0,25.75,26.625,24.556983947753906,59900
2000-05-15,26.875,27.4375,26.6875,27.4375,25.306373596191406,84600
2000-05-16,27.1875,28.875,27.1875,27.75,25.594606399536133,666700
2000-05-17,27.125,29.4375,27.125,29.1875,26.920454025268555,372600
2000-05-18,29.0,29.0,28.0625,28.125,25.940473556518555,335700
2000-05-19,28.0,28.0,26.375,26.875,24.787565231323242,134200
2000-05-22,26.625,27.75,26.5625,26.625,24.556983947753906,133900
2000-05-23,26.875,28.625,26.8125,27.6875,25.53696060180664,214700
2000-05-24,27.5,27.9375,27.0,27.9375,25.767539978027344,135600
2000-05-25,27.8125,27.8125,26.875,26.9375,24.8452091217041,192000
2000-05-26,26.9375,26.9375,25.9375,26.4375,24.38404655456543,115300
2000-05-30,26.125,27.5,26.125,27.125,25.01814842224121,151400
2000-05-31,27.375,28.6875,26.6875,27.9375,25.767539978027344,134800
2000-06-01,27.9375,28.875,27.9375,28.875,26.632221221923828,59600
2000-06-02,29.125,29.5,28.0,28.3125,26.113414764404297,93000
2000-06-05,28.5,28.5625,27.4375,28.0625,25.882829666137695,65200
2000-06-06,28.625,28.75,27.875,28.6875,26.459287643432617,129900
2000-06-07,28.6875,29.375,27.4375,28.625,26.40163803100586,86600
2000-06-08,28.375,28.375,27.75,27.875,25.709897994995117,74000
2000-06-09,27.5,28.375,27.5,28.1875,25.998119354248047,226100
2000-06-12,28.1875,28.5,28.0,28.4375,26.228702545166016,37300
2000-06-13,28.375,29.125,28.375,29.0,26.74751091003418,135100
2000-06-14,29.0625,30.0,29.0625,29.25,26.978092193603516,362200
2000-06-15,29.4375,29.5,28.25,28.625,26.40163803100586,138700
2000-06-16,28.4375,29.25,28.3125,28.75,26.516929626464844,187300
2000-06-19,28.875,29.0,28.5,28.875,26.632221221923828,53400
2000-06-20,28.9375,29.125,28.5625,28.9375,26.68987274169922,102400
2000-06-21,28.9375,29.3125,28.625,28.9375,26.68987274169922,94800
2000-06-22,29.125,29.125,28.0,28.5,26.286352157592773,170900
2000-06-23,28.3125,28.375,28.0,28.0625,25.882829666137695,56100
2000-06-26,28.0,29.5,27.875,29.25,26.978092193603516,99100
2000-06-27,29.3125,29.5,27.5,28.125,25.940473556518555,157600
2000-06-28,28.1875,28.625,27.5625,28.625,26.40163803100586,228900
2000-06-29,28.375,28.6875,27.8125,27.8125,25.652244567871094,83200
2000-06-30,28.0625,28.625,26.375,26.4375,24.38404655456543,232000
2000-07-03,27.4375,28.875,27.25,28.875,26.632221221923828,105400
2000-07-05,29.0,29.0625,28.0,28.0625,25.882829666137695,236200
2000-07-06,28.0625,28.625,27.75,27.875,25.709897994995117,116300
2000-07-07,27.875,29.875,27.875,27.875,25.709897994995117,134100
2000-07-10,27.875,29.1875,27.875,28.4375,26.228702545166016,69100
2000-07-11,29.25,29.875,28.3125,29.625,27.32396697998047,200300
2000-07-12,29.4375,29.75,29.125,29.125,26.86280632019043,500600
2000-07-13,29.375,29.875,28.3125,28.5,26.286352157592773,190400
2000-07-14,28.625,29.9375,28.625,29.625,27.32396697998047,333500
2000-07-17,29.75,30.5,29.625,30.25,27.900423049926758,175600
2000-07-18,30.0,31.25,29.75,31.0,28.59217071533203,206900
2000-07-19,31.0,33.125,31.0,32.75,30.20625114440918,345200
2000-07-20,32.8125,34.0,32.625,32.9375,30.379180908203125,236200
2000-07-21,32.125,32.3125,31.375,31.5625,29.110977172851562,265500
2000-07-24,31.6875,31.6875,30.625,31.375,28.938045501708984,280500
2000-07-25,31.375,31.5,30.75,31.0,28.59217071533203,215900
2000-07-26,31.0,31.5,30.875,31.0,28.59217071533203,91100
2000-07-27,31.0,32.875,30.9375,32.625,30.090951919555664,371900
2000-07-28,31.75,32.25,31.4375,32.25,29.745079040527344,160900
2000-07-31,32.125,33.875,32.125,33.875,31.243864059448242,155200
2000-08-01,33.875,35.5,33.875,35.1875,32.45441436767578,459300
2000-08-02,35.1875,35.8125,34.6875,35.125,32.39677810668945,436600
2000-08-03,33.75,35.8125,33.75,35.0,32.28147506713867,213100
2000-08-04,34.75,35.3125,33.375,34.5,31.8203125,237800
2000-08-07,34.25,34.25,33.1875,33.25,30.66739845275879,211900
2000-08-08,33.4375,34.4375,33.375,33.75,31.128578186035156,157400
2000-08-09,34.375,34.4375,32.9375,33.3125,30.725055694580078,254600
2000-08-10,33.4375,33.8125,32.375,33.0625,30.49447250366211,286000
2000-08-11,33.0625,33.0625,32.5,32.9375,30.379180908203125,59700
2000-08-14,32.9375,33.0,32.0,32.8125,30.26388931274414,121400
2000-08-15,32.5625,33.0625,32.25,32.3125,29.80272674560547,224000
2000-08-16,32.1875,32.5,30.4375,30.875,28.476877212524414,116400
2000-08-17,31.125,31.8125,31.125,31.75,29.283916473388672,88300
2000-08-18,32.0,32.625,31.6875,32.0,29.51449966430664,155300
2000-08-21,31.75,32.25,31.5,31.75,29.283916473388672,161100
2000-08-22,32.0,32.5,31.5625,32.375,29.860370635986328,103900
2000-08-23,32.125,32.1875,31.5625,32.0,29.51449966430664,53200
2000-08-24,31.8125,33.625,31.8125,33.5625,30.955638885498047,140700
2000-08-25,33.5625,34.9375,33.5625,34.6875,31.99325180053711,363700
2000-08-28,34.9375,34.9375,34.375,34.625,31.935604095458984,193000
2000-08-29,34.625,35.5,34.5,35.375,32.627349853515625,281600
2000-08-30,35.625,36.25,35.375,35.9375,33.146156311035156,228200
2000-08-31,36.0625,37.8125,36.0625,37.375,34.472015380859375,275600
2000-09-01,37.5,38.25,37.3125,37.375,34.472015380859375,147600
2000-09-05,37.625,38.5,37.625,37.75,34.81787872314453,143800
2000-09-06,37.625,37.75,36.875,37.1875,34.299072265625,381100
2000-09-07,37.0,37.0,36.125,36.5625,33.722618103027344,78000
2000-09-08,36.5625,36.625,35.625,36.375,33.5496826171875,171500
2000-09-11,36.375,37.0,35.0,36.0,33.20380783081055,157300
2000-09-12,36.0,37.9375,36.0,37.9375,34.99081039428711,117200
2000-09-13,37.6875,38.8125,37.5625,38.625,35.62491226196289,160800
2000-09-14,38.875,38.875,37.625,37.75,34.81787872314453,96400
2000-09-15,37.0,37.375,35.125,36.5625,33.722618103027344,418400
2000-09-18,36.6875,36.6875,36.0,36.25,33.43439865112305,109400
2000-09-19,36.1875,36.25,34.375,36.125,33.31910705566406,217200
2000-09-20,36.5,39.375,36.5,39.0625,36.0284423828125,320000
2000-09-21,38.8125,39.625,38.125,39.0,35.970794677734375,214500
2000-09-22,39.0,39.625,38.5,38.875,35.855499267578125,122700
2000-09-25,39.125,39.125,38.1875,38.5625,35.567283630371094,329400
2000-09-26,38.5625,39.3125,37.75,37.9375,34.99081039428711,155100
2000-09-27,38.0,38.25,37.375,37.5625,34.64494705200195,211400
2000-09-28,35.75,38.5625,35.75,38.375,35.394344329833984,431000
2000-09-29,38.625,38.9375,37.625,37.625,34.70258331298828,262300
2000-10-02,37.9375,38.3125,37.0,37.875,34.93317413330078,119400
2000-10-03,37.75,38.875,37.75,38.0,35.0484733581543,111000
2000-10-04,38.25,38.9375,37.75,38.8125,35.797855377197266,72600
2000-10-05,39.25,39.4375,38.6875,38.8125,35.797855377197266,79700
2000-10-06,39.0,39.125,38.3125,38.6875,35.682559967041016,176700
2000-10-09,38.5,39.875,38.125,39.0,35.970794677734375,239600
2000-10-10,38.5,39.625,34.5,35.875,33.088531494140625,220700
2000-10-11,35.6875,37.875,35.25,37.25,34.356719970703125,221300
2000-10-12,37.3125,37.5,35.8125,35.8125,33.03087615966797,147000
2000-10-13,35.8125,39.4375,35.8125,38.0,35.0484733581543,213900
2000-10-16,38.0625,38.0625,37.0,37.5,34.587303161621094,110700
2000-10-17,37.4375,37.4375,30.0,33.625,31.01327896118164,822700
2000-10-18,33.375,33.375,30.3125,31.9375,29.456851959228516,797700
2000-10-19,32.5,32.5,31.5,32.0,29.51449966430664,437200
2000-10-20,32.0,33.1875,31.875,32.6875,30.14859962463379,97800
2000-10-23,32.4375,34.0,32.4375,33.5,30.89798927307129,140100
2000-10-24,33.5625,36.0,33.5,35.4375,32.68501281738281,195200
2000-10-25,35.0,35.8125,35.0,35.25,32.51205825805664,100000
2000-10-26,35.25,35.25,35.0,35.25,32.51205825805664,178300
2000-10-27,35.5,36.5625,35.4375,35.6875,32.91557693481445,219000
2000-10-30,35.6875,36.625,35.6875,36.25,33.43439865112305,61800
2000-10-31,36.5625,37.25,36.3125,36.9375,34.0684928894043,112700
2000-11-01,37.0,39.75,37.0,38.8125,35.797855377197266,190600
2000-11-02,38.625,39.375,38.25,38.5625,35.567283630371094,132700
2000-11-03,38.4375,39.4375,38.4375,38.875,35.855499267578125,121300
2000-11-06,39.1875,39.4375,39.0625,39.25,36.20137405395508,156500
2000-11-07,39.125,39.875,38.875,39.8125,36.72018814086914,109900
2000-11-08,39.5625,39.8125,38.9375,39.25,36.20137405395508,123200
2000-11-09,39.875,39.875,39.0,39.5,36.43196105957031,145700
2000-11-10,39.6875,39.75,37.0,37.5,34.587303161621094,114000
2000-11-13,37.25,37.25,36.125,36.875,34.01083755493164,117700
2000-11-14,37.125,37.75,36.5,37.0,34.12614440917969,142900
2000-11-15,37.75,40.0,37.75,38.625,35.62491226196289,267200
2000-11-16,38.375,39.5,37.5625,38.25,35.27904510498047,212800
2000-11-17,38.0,38.9375,37.8125,38.625,35.62491226196289,114200
2000-11-20,38.625,39.75,38.5,39.3125,36.259029388427734,77400
2000-11-21,39.6875,40.125,39.40625,40.0625,36.95076370239258,135300
2000-11-22,39.5625,40.4375,39.4375,40.4375,37.29664611816406,160300
2000-11-24,40.5,40.6875,40.0625,40.1875,37.0660514831543,92000
2000-11-27,39.9375,41.5,38.125,41.3125,38.10367965698242,526600
2000-11-28,39.8125,39.8125,37.75,38.5625,35.567283630371094,332200
2000-11-29,38.5,38.875,38.25,38.6875,35.682559967041016,115400
2000-11-30,34.125,34.625,28.0,30.3125,27.958072662353516,1983900
2000-12-01,30.5,30.875,30.0,30.5,28.131006240844727,1035800
2000-12-04,30.5,30.5,29.25,29.375,27.0933837890625,502600
2000-12-05,30.125,32.125,29.75,32.0,29.51449966430664,277900
2000-12-06,31.75,32.25,30.375,30.4375,28.07335662841797,182800
2000-12-07,30.25,32.0,30.0625,31.9375,29.456851959228516,176100
2000-12-08,32.375,33.3125,32.0625,33.0,30.43682289123535,350100
2000-12-11,33.5,33.5,32.125,33.0,30.43682289123535,178500
2000-12-12,32.9375,34.5,32.9375,34.3125,31.647384643554688,203600
2000-12-13,36.0,37.8125,35.75,36.25,33.43439865112305,421700
2000-12-14,35.75,35.75,34.0,34.1875,31.532087326049805,141900
2000-12-15,34.125,34.5,34.0,34.0625,31.416797637939453,262000
2000-12-18,34.0,35.0,33.9375,34.0625,31.416797637939453,191400
2000-12-19,34.125,36.625,34.125,36.5625,33.722618103027344,174400
2000-12-20,36.75,36.875,36.0,36.125,33.31910705566406,175800
2000-12-21,36.125,38.0,36.125,37.25,34.356719970703125,187300
2000-12-22,37.25,37.75,37.0,37.625,34.70258331298828,143300
2000-12-26,37.625,40.125,37.625,39.0,35.970794677734375,318900
2000-12-27,39.0625,40.375,38.0625,38.875,35.855499267578125,171200
2000-12-28,39.125,39.8125,38.875,39.75,36.66254425048828,156900
2000-12-29,39.75,39.75,37.375,37.75,34.81787872314453,182000
2001-01-02,38.125,38.125,34.5625,35.6875,32.91557693481445,172900
2001-01-03,35.0,37.4375,34.75,37.3125,34.41436767578125,206700
2001-01-04,37.75,37.75,34.5,35.1875,32.45441436767578,389700
2001-01-05,35.375,36.0,35.0,36.0,33.20380783081055,134000
2001-01-08,35.75,37.1875,35.375,36.75,33.89555358886719,220000
2001-01-09,36.9375,36.9375,35.8125,36.0,33.20380783081055,133000
2001-01-10,36.0,37.375,35.25,37.375,34.472015380859375,119800
2001-01-11,37.0625,37.875,36.375,37.25,34.356719970703125,160200
2001-01-12,37.0,37.0625,35.6875,36.0625,33.261451721191406,106700
2001-01-16,36.0625,36.4375,35.125,36.0,33.20380783081055,141900
2001-01-17,36.25,36.5,35.875,36.3125,33.49203109741211,50300
2001-01-18,35.25,36.125,34.375,35.625,32.85792922973633,165600
2001-01-19,35.5,35.5,33.5,34.125,31.47443962097168,179500
2001-01-22,34.125,34.125,32.0,33.1875,30.60976219177246,181900
2001-01-23,33.1875,34.25,32.875,34.25,31.589744567871094,153700
2001-01-24,34.1875,35.125,33.0,33.3125,30.725055694580078,138600
2001-01-25,33.5,34.25,33.125,33.4375,30.840347290039062,171000
2001-01-26,33.6875,36.5,33.5,35.125,32.39677810668945,192100
2001-01-29,35.0,35.0,34.58000183105469,35.0,32.28147506713867,80700
2001-01-30,34.75,35.0,34.25,35.0,32.28147506713867,98200
2001-01-31,35.0,35.099998474121094,34.0,34.06999969482422,31.423715591430664,144100
2001-02-01,34.150001525878906,35.470001220703125,34.150001525878906,35.29999923706055,32.55817413330078,73500
2001-02-02,35.04999923706055,37.599998474121094,35.0,36.91999816894531,34.052345275878906,200200
2001-02-05,36.93000030517578,37.93000030517578,36.22999954223633,37.13999938964844,34.25526809692383,160100
2001-02-06,37.709999084472656,38.290000915527344,37.08000183105469,37.20000076293945,34.310604095458984,125400
2001-02-07,37.0,38.0,36.790000915527344,37.209999084472656,34.31983184814453,114900
2001-02-08,36.959999084472656,37.83000183105469,36.5099983215332,36.599998474121094,33.757198333740234,89100
2001-02-09,36.599998474121094,36.630001068115234,35.79999923706055,36.13999938964844,33.33293151855469,81100
2001-02-12,36.0,36.5099983215332,35.77000045776367,36.0,33.20380783081055,69900
2001-02-13,36.20000076293945,37.459999084472656,35.75,36.060001373291016,33.25914764404297,171300
2001-02-14,36.310001373291016,37.02000045776367,36.25,36.849998474121094,33.98778533935547,68000
2001-02-15,36.75,37.400001525878906,36.7400016784668,36.9900016784668,34.116920471191406,66300
2001-02-16,36.9900016784668,36.9900016784668,36.130001068115234,36.540000915527344,33.70186233520508,34600
2001-02-20,36.400001525878906,36.79999923706055,35.79999923706055,36.099998474121094,33.29603576660156,107800
2001-02-21,36.900001525878906,37.349998474121094,35.54999923706055,35.709999084472656,32.936336517333984,130200
2001-02-22,35.5099983215332,35.709999084472656,34.099998474121094,34.45000076293945,31.774208068847656,246100
2001-02-23,34.439998626708984,34.439998626708984,32.5,33.400001525878906,30.805753707885742,163000
2001-02-26,33.400001525878906,34.29999923706055,33.400001525878906,34.18000030517578,31.52517318725586,209300
2001-02-27,34.25,35.70000076293945,34.25,35.470001220703125,32.71498107910156,192900
2001-02-28,36.5,37.0,35.63999938964844,36.2400016784668,33.425167083740234,322200
2001-03-01,36.2400016784668,36.2400016784668,34.099998474121094,34.599998474121094,31.912546157836914,226700
2001-03-02,35.0,35.900001525878906,35.0,35.689998626708984,32.91788864135742,173100
2001-03-05,35.689998626708984,35.689998626708984,34.95000076293945,34.970001220703125,32.253814697265625,76800
2001-03-06,35.70000076293945,35.900001525878906,35.27000045776367,35.72999954223633,32.95478057861328,82700
2001-03-07,35.900001525878906,37.0,35.849998474121094,36.25,33.43439865112305,135700
2001-03-08,36.20000076293945,36.599998474121094,34.79999923706055,35.0,32.28147506713867,109800
2001-03-09,35.0,35.29999923706055,34.599998474121094,35.04999923706055,32.327598571777344,155100
2001-03-12,34.900001525878906,34.939998626708984,34.060001373291016,34.060001373291016,31.414485931396484,84700
2001-03-13,33.599998474121094,33.61000061035156,31.049999237060547,32.11000061035156,29.615957260131836,707500
2001-03-14,31.5,32.0,31.25,31.700000762939453,29.2377986907959,165300
2001-03-15,31.75,32.459999084472656,31.700000762939453,32.119998931884766,29.62517738342285,253400
2001-03-16,32.5,32.5,31.850000381469727,32.18000030517578,29.680517196655273,145400
2001-03-19,32.099998474121094,33.619998931884766,32.0099983215332,33.599998474121094,30.990217208862305,203600
2001-03-20,33.20000076293945,33.20000076293945,32.5099983215332,32.599998474121094,30.067890167236328,270500
2001-03-21,32.5,33.0,32.0,32.099998474121094,29.606731414794922,583300
2001-03-22,32.099998474121094,32.2400016784668,30.100000381469727,30.549999237060547,28.177120208740234,346300
2001-03-23,30.600000381469727,30.899999618530273,30.100000381469727,30.450000762939453,28.08489227294922,376900
2001-03-26,30.549999237060547,30.6200008392334,30.149999618530273,30.549999237060547,28.177120208740234,434300
2001-03-27,30.600000381469727,31.420000076293945,30.309999465942383,31.200000762939453,28.776636123657227,248500
2001-03-28,31.200000762939453,31.200000762939453,30.239999771118164,30.950000762939453,28.546052932739258,134900
2001-03-29,31.0,31.950000762939453,30.469999313354492,30.5,28.131006240844727,358100
2001-03-30,30.5,30.579999923706055,30.049999237060547,30.049999237060547,27.71595573425293,230400
2001-04-02,30.25,30.399999618530273,29.25,29.25,26.978092193603516,244300
2001-04-03,29.0,29.09000015258789,28.079999923706055,28.459999084472656,26.249460220336914,282800
2001-04-04,28.600000381469727,29.25,28.350000381469727,28.90999984741211,26.66450309753418,274500
2001-04-05,28.90999984741211,30.399999618530273,28.90999984741211,30.049999237060547,27.71595573425293,220300
2001-04-06,29.799999237060547,30.239999771118164,29.709999084472656,29.989999771118164,27.66061782836914,98000
2001-04-09,29.969999313354492,30.5,29.549999237060547,30.0,27.66983985900879,206600
2001-04-10,30.0,30.0,29.1200008392334,29.329999923706055,27.0518798828125,259500
2001-04-11,29.579999923706055,29.579999923706055,28.760000228881836,28.90999984741211,26.66450309753418,110300
2001-04-12,29.149999618530273,29.209999084472656,28.65999984741211,29.0,26.74751091003418,239600
2001-04-16,29.0,29.0,28.540000915527344,28.700000762939453,26.470813751220703,98700
2001-04-17,28.950000762939453,33.0,28.950000762939453,32.75,30.20625114440918,623100
2001-04-18,32.75,34.5,32.75,33.869998931884766,31.239253997802734,457000
2001-04-19,34.0,35.43000030517578,33.9900016784668,35.0099983215332,32.290706634521484,221400
2001-04-20,35.02000045776367,35.20000076293945,34.0099983215332,34.349998474121094,31.68195915222168,149600
2001-04-23,34.59000015258789,35.27000045776367,33.5099983215332,33.9900016784668,31.34993553161621,100800
2001-04-24,33.9900016784668,34.45000076293945,33.900001525878906,34.06999969482422,31.423715591430664,55800
2001-04-25,33.75,34.72999954223633,33.70000076293945,34.59000015258789,31.9033260345459,90600
2001-04-26,34.599998474121094,34.599998474121094,32.099998474121094,32.439998626708984,29.920324325561523,412300
2001-04-27,32.70000076293945,32.95000076293945,32.29999923706055,32.400001525878906,29.883434295654297,319700
2001-04-30,32.650001525878906,32.72999954223633,31.5,31.610000610351562,29.154787063598633,244800
2001-05-01,31.610000610351562,31.850000381469727,31.329999923706055,31.450000762939453,29.007213592529297,249000
2001-05-02,31.25,32.22999954223633,31.200000762939453,31.780000686645508,29.311586380004883,334100
2001-05-03,32.0,32.0,31.440000534057617,31.600000381469727,29.14556884765625,174800
2001-05-04,31.350000381469727,31.719999313354492,31.329999923706055,31.59000015258789,29.1363468170166,192200
2001-05-07,31.700000762939453,32.29999923706055,30.600000381469727,30.600000381469727,28.22324562072754,126700
2001-05-08,30.950000762939453,31.049999237060547,29.520000457763672,29.860000610351562,27.54071807861328,373900
2001-05-09,29.860000610351562,30.8799991607666,29.860000610351562,30.559999465942383,28.186342239379883,210000
2001-05-10,30.25,30.450000762939453,30.0,30.010000228881836,27.67906379699707,348300
2001-05-11,30.149999618530273,30.360000610351562,29.799999237060547,29.989999771118164,27.66061782836914,131900
2001-05-14,30.0,31.549999237060547,29.8799991607666,31.149999618530273,28.730518341064453,438000
2001-05-15,30.899999618530273,32.599998474121094,30.899999618530273,32.13999938964844,29.64362144470215,259000
2001-05-16,32.0,34.599998474121094,31.899999618530273,34.04999923706055,31.405269622802734,306500
2001-05-17,33.79999923706055,34.11000061035156,33.20000076293945,33.83000183105469,31.202360153198242,553300
2001-05-18,33.599998474121094,33.79999923706055,33.0,33.79999923706055,31.174678802490234,126100
2001-05-21,33.79999923706055,35.099998474121094,33.75,35.099998474121094,32.373714447021484,166700
2001-05-22,35.099998474121094,35.099998474121094,34.5099983215332,34.77000045776367,32.06934356689453,76300
2001-05-23,34.779998779296875,34.779998779296875,34.0,34.130001068115234,31.479055404663086,93700
2001-05-24,34.349998474121094,34.45000076293945,34.0,34.2400016784668,31.58051300048828,105100
2001-05-25,34.54999923706055,34.77000045776367,34.349998474121094,34.41999816894531,31.74652671813965,70500
2001-05-29,34.43000030517578,34.43000030517578,33.90999984741211,33.90999984741211,31.276142120361328,176800
2001-05-30,33.70000076293945,33.9900016784668,33.540000915527344,33.88999938964844,31.257709503173828,140900
2001-05-31,33.95000076293945,34.04999923706055,33.400001525878906,33.400001525878906,30.805753707885742,371500
2001-06-01,33.400001525878906,33.79999923706055,32.70000076293945,32.849998474121094,30.29846954345703,149700
2001-06-04,33.099998474121094,33.939998626708984,33.099998474121094,33.630001068115234,31.017892837524414,142100
2001-06-05,33.630001068115234,34.0,33.150001525878906,33.81999969482422,31.193138122558594,89900
2001-06-06,33.5,33.529998779296875,32.400001525878906,33.0,30.43682289123535,147300
2001-06-07,33.0,33.0,32.400001525878906,32.470001220703125,29.94799041748047,49700
2001-06-08,32.0,32.599998474121094,31.649999618530273,32.47999954223633,29.957218170166016,124000
2001-06-11,32.70000076293945,32.70000076293945,32.099998474121094,32.29999923706055,29.791196823120117,52900
2001-06-12,32.20000076293945,32.20000076293945,32.0,32.11000061035156,29.615957260131836,91400
2001-06-13,31.860000610351562,33.150001525878906,31.860000610351562,33.02000045776367,30.455270767211914,93300
2001-06-14,32.79999923706055,32.79999923706055,32.150001525878906,32.15999984741211,29.662071228027344,148600
2001-06-15,31.799999237060547,32.5,31.799999237060547,31.93000030517578,29.44993782043457,226800
2001-06-18,31.75,32.900001525878906,31.549999237060547,32.09000015258789,29.597505569458008,137200
2001-06-19,31.850000381469727,32.380001068115234,31.639999389648438,31.90999984741211,29.431486129760742,148000
2001-06-20,31.90999984741211,33.02000045776367,31.90999984741211,32.68000030517578,30.141677856445312,90600
2001-06-21,32.54999923706055,33.099998474121094,32.54999923706055,32.900001525878906,30.34459114074707,118200
2001-06-22,33.0,33.0,32.0,32.5,29.975669860839844,99700
2001-06-25,32.54999923706055,34.16999816894531,32.45000076293945,34.150001525878906,31.497507095336914,467600
2001-06-26,33.900001525878906,34.5,33.209999084472656,33.91999816894531,31.28536605834961,159300
2001-06-27,33.849998474121094,34.61000061035156,33.849998474121094,34.349998474121094,31.68195915222168,116800
2001-06-28,34.349998474121094,35.20000076293945,34.349998474121094,34.900001525878906,32.18925094604492,291900
2001-06-29,35.04999923706055,36.150001525878906,35.0099983215332,36.119998931884766,33.314491271972656,194500
2001-07-02,36.119998931884766,36.119998931884766,35.099998474121094,35.220001220703125,32.484397888183594,157100
2001-07-03,35.400001525878906,35.95000076293945,35.310001373291016,35.77000045776367,32.99167251586914,102300
2001-07-05,35.599998474121094,37.79999923706055,35.599998474121094,37.459999084472656,34.55039978027344,238700
2001-07-06,37.470001220703125,37.650001525878906,36.31999969482422,36.4900016784668,33.65575408935547,243700
2001-07-09,36.599998474121094,36.599998474121094,35.7599983215332,36.4900016784668,33.65575408935547,57300
2001-07-10,36.54999923706055,37.220001220703125,35.75,36.130001068115234,33.32371139526367,102800
2001-07-11,36.25,36.84000015258789,36.0,36.79999923706055,33.94166946411133,217100
2001-07-12,36.900001525878906,37.599998474121094,36.11000061035156,36.689998626708984,33.84021759033203,173500
2001-07-13,36.900001525878906,37.349998474121094,35.900001525878906,36.63999938964844,33.79410171508789,131700
2001-07-16,36.79999923706055,36.88999938964844,36.09000015258789,36.2400016784668,33.425167083740234,124300
2001-07-17,36.2400016784668,36.84000015258789,36.2400016784668,36.4900016784668,33.65575408935547,70000
2001-07-18,36.54999923706055,37.20000076293945,36.220001220703125,37.02000045776367,34.14458084106445,146400
2001-07-19,37.20000076293945,38.599998474121094,37.20000076293945,38.599998474121094,35.601863861083984,180800
2001-07-20,38.599998474121094,40.20000076293945,38.0,38.400001525878906,35.41740036010742,273400
2001-07-23,38.40999984741211,38.5,36.900001525878906,37.130001068115234,34.24604034423828,225900
2001-07-24,37.130001068115234,37.130001068115234,36.189998626708984,36.34000015258789,33.51739501953125,195000
2001-07-25,36.5,37.0,36.5,36.86000061035156,33.99700927734375,146900
2001-07-26,37.0,38.70000076293945,36.900001525878906,38.70000076293945,35.69409942626953,311200
2001-07-27,38.70000076293945,39.900001525878906,38.70000076293945,39.75,36.66254425048828,175100
2001-07-30,39.5,39.5,38.709999084472656,39.0099983215332,35.98000717163086,203700
2001-07-31,38.95000076293945,39.849998474121094,38.95000076293945,39.02000045776367,35.98923873901367,318800
2001-08-01,39.20000076293945,39.56999969482422,38.70000076293945,39.56999969482422,36.496517181396484,366800
2001-08-02,39.79999923706055,39.849998474121094,38.849998474121094,39.369998931884766,36.31205368041992,132600
2001-08-03,39.599998474121094,40.0,38.90999984741211,39.9900016784668,36.88389587402344,223700
2001-08-06,39.75,40.25,39.25,39.40999984741211,36.34894943237305,263800
2001-08-07,39.599998474121094,39.70000076293945,39.150001525878906,39.5,36.43196105957031,64300
2001-08-08,39.599998474121094,40.150001525878906,39.18000030517578,39.5,36.43196105957031,138600
2001-08-09,39.54999923706055,39.79999923706055,38.93000030517578,39.189998626708984,36.14603805541992,107900
2001-08-10,39.150001525878906,39.38999938964844,38.79999923706055,39.209999084472656,36.16447830200195,128000
2001-08-13,39.209999084472656,39.209999084472656,37.65999984741211,37.91999816894531,34.97467803955078,326000
2001-08-14,38.150001525878906,38.150001525878906,36.97999954223633,37.0,34.12614440917969,541200
2001-08-15,37.150001525878906,37.7400016784668,36.400001525878906,36.81999969482422,33.96011734008789,174500
2001-08-16,36.84000015258789,37.29999923706055,36.40999984741211,37.0,34.12614440917969,124900
2001-08-17,34.25,34.70000076293945,33.599998474121094,34.25,31.589744567871094,613900
2001-08-20,34.349998474121094,36.08000183105469,34.209999084472656,36.0,33.20380783081055,305800
2001-08-21,35.79999923706055,36.099998474121094,35.20000076293945,35.209999084472656,32.47517013549805,154600
2001-08-22,35.400001525878906,35.4900016784668,35.0,35.29999923706055,32.55817413330078,119100
2001-08-23,35.310001373291016,36.029998779296875,35.0,35.0,32.28147506713867,138700
2001-08-24,35.20000076293945,35.4900016784668,34.849998474121094,35.099998474121094,32.373714447021484,101800
2001-08-27,35.150001525878906,35.34000015258789,34.70000076293945,34.7599983215332,32.060123443603516,94300
2001-08-28,34.79999923706055,34.900001525878906,33.5,33.68000030517578,31.06401252746582,297500
2001-08-29,33.849998474121094,33.900001525878906,33.29999923706055,33.75,31.128578186035156,109700
2001-08-30,33.75,34.150001525878906,33.65999984741211,34.13999938964844,31.488283157348633,67100
2001-08-31,34.13999938964844,34.13999938964844,32.5099983215332,32.83000183105469,30.280027389526367,221000
2001-09-04,33.0,34.09000015258789,32.79999923706055,33.79999923706055,31.174678802490234,325600
2001-09-05,33.79999923706055,33.95000076293945,31.6200008392334,31.920000076293945,29.44070816040039,453000
2001-09-06,31.700000762939453,32.0,31.200000762939453,31.59000015258789,29.1363468170166,356400
2001-09-07,31.549999237060547,31.979999542236328,31.450000762939453,31.899999618530273,29.422264099121094,118300
2001-09-10,31.5,31.65999984741211,31.299999237060547,31.3700008392334,28.93343162536621,453300
2001-09-17,31.149999618530273,31.219999313354492,30.170000076293945,30.760000228881836,28.37080955505371,214800
2001-09-18,30.770000457763672,30.920000076293945,30.510000228881836,30.920000076293945,28.518381118774414,135600
2001-09-19,30.920000076293945,30.950000762939453,30.399999618530273,30.610000610351562,28.232458114624023,316200
2001-09-20,30.610000610351562,30.6299991607666,30.299999237060547,30.5,28.131006240844727,386000
2001-09-21,30.25,30.850000381469727,29.809999465942383,30.850000381469727,28.45381736755371,424500
2001-09-24,31.5,32.540000915527344,31.5,32.5,29.975669860839844,207500
2001-09-25,32.650001525878906,32.75,30.75,31.239999771118164,28.81352996826172,376600
2001-09-26,31.450000762939453,32.72999954223633,31.3799991607666,32.56999969482422,30.04022216796875,289400
2001-09-27,33.0,35.20000076293945,33.0,35.099998474121094,32.373714447021484,237600
2001-09-28,34.900001525878906,36.79999923706055,34.900001525878906,35.900001525878906,33.11157989501953,453200
2001-10-01,35.650001525878906,35.65999984741211,34.45000076293945,34.97999954223633,32.263031005859375,365000
2001-10-02,34.97999954223633,34.9900016784668,33.75,34.4900016784668,31.811092376708984,253400
2001-10-03,34.2400016784668,35.900001525878906,34.15999984741211,35.880001068115234,33.09313201904297,285800
2001-10-04,35.79999923706055,36.150001525878906,35.45000076293945,35.970001220703125,33.17613983154297,327800
2001-10-05,35.970001220703125,36.0,34.79999923706055,35.849998474121094,33.065460205078125,170500
2001-10-08,35.849998474121094,35.849998474121094,34.90999984741211,35.150001525878906,32.41983413696289,149300
2001-10-09,35.13999938964844,35.2400016784668,34.900001525878906,35.040000915527344,32.318382263183594,131300
2001-10-10,35.040000915527344,36.0,35.0,35.97999954223633,33.185359954833984,196500
2001-10-11,35.97999954223633,36.38999938964844,35.5,35.849998474121094,33.065460205078125,290800
2001-10-12,35.84000015258789,35.84000015258789,33.9900016784668,34.58000183105469,31.89410400390625,482400
2001-10-15,34.58000183105469,34.66999816894531,34.06999969482422,34.38999938964844,31.718852996826172,240800
2001-10-16,34.45000076293945,35.08000183105469,34.43000030517578,34.70000076293945,32.004783630371094,408500
2001-10-17,29.5,30.399999618530273,29.049999237060547,29.600000381469727,27.30091094970703,2400500
2001-10-18,29.5,30.200000762939453,28.610000610351562,29.950000762939453,27.62372589111328,751700
2001-10-19,29.959999084472656,30.049999237060547,29.049999237060547,29.899999618530273,27.577604293823242,337500
2001-10-22,29.649999618530273,29.899999618530273,29.309999465942383,29.459999084472656,27.171785354614258,304000
2001-10-23,29.459999084472656,29.489999771118164,28.559999465942383,29.020000457763672,26.765960693359375,194400
2001-10-24,29.020000457763672,29.489999771118164,28.450000762939453,28.780000686645508,26.544599533081055,161500
2001-10-25,28.399999618530273,29.0,27.799999237060547,28.700000762939453,26.470813751220703,309300
2001-10-26,28.450000762939453,28.59000015258789,27.81999969482422,28.25,26.055768966674805,324500
2001-10-29,28.25,28.299999237060547,27.68000030517578,27.899999618530273,25.732954025268555,196000
2001-10-30,27.700000762939453,27.850000381469727,27.5,27.540000915527344,25.400911331176758,276100
2001-10-31,27.579999923706055,27.600000381469727,26.809999465942383,26.950000762939453,24.85674285888672,285300
2001-11-01,26.950000762939453,27.350000381469727,26.809999465942383,26.809999465942383,24.727615356445312,440500
2001-11-02,27.040000915527344,27.299999237060547,26.920000076293945,26.979999542236328,24.88441276550293,313200
2001-11-05,26.979999542236328,27.239999771118164,26.75,27.040000915527344,24.93975067138672,305000
2001-11-06,27.040000915527344,28.81999969482422,27.040000915527344,28.649999618530273,26.42469596862793,320800
2001-11-07,28.510000228881836,29.190000534057617,28.209999084472656,28.399999618530273,26.194120407104492,199700
2001-11-08,28.399999618530273,29.639999389648438,28.360000610351562,28.690000534057617,26.461593627929688,271100
2001-11-09,28.700000762939453,29.110000610351562,28.0,28.350000381469727,26.14800262451172,97400
2001-11-12,28.350000381469727,29.350000381469727,28.34000015258789,28.6299991607666,26.406251907348633,129800
2001-11-13,28.639999389648438,29.100000381469727,22.75,24.049999237060547,22.181987762451172,2355300
2001-11-14,23.700000762939453,24.700000762939453,23.25,24.219999313354492,22.33878517150879,1069000
2001-11-15,24.0,24.200000762939453,22.940000534057617,23.0,21.213550567626953,855000
2001-11-16,23.270000457763672,23.799999237060547,23.209999084472656,23.5,21.674707412719727,222600
2001-11-19,23.75,24.1200008392334,23.649999618530273,23.979999542236328,22.11742401123047,549100
2001-11-20,23.979999542236328,24.40999984741211,23.799999237060547,24.3799991607666,22.486358642578125,456700
2001-11-21,24.3700008392334,24.829999923706055,24.329999923706055,24.709999084472656,22.79072380065918,270100
2001-11-23,24.700000762939453,24.940000534057617,24.670000076293945,24.90999984741211,22.975191116333008,95800
2001-11-26,24.90999984741211,25.969999313354492,24.90999984741211,25.81999969482422,23.81450843811035,407400
2001-11-27,25.81999969482422,26.649999618530273,25.81999969482422,26.149999618530273,24.11887550354004,501900
2001-11-28,26.149999618530273,26.5,25.940000534057617,26.15999984741211,24.128103256225586,399500
2001-11-29,26.149999618530273,26.239999771118164,25.989999771118164,26.1200008392334,24.091211318969727,252700
2001-11-30,26.25,26.25,25.920000076293945,25.989999771118164,23.971303939819336,437000
2001-12-03,25.610000610351562,25.75,25.25,25.600000381469727,23.61159324645996,317400
2001-12-04,25.600000381469727,25.719999313354492,25.25,25.690000534057617,23.694610595703125,866300
2001-12-05,25.540000915527344,27.5,25.530000686645508,26.799999237060547,24.71839141845703,736900
2001-12-06,26.899999618530273,26.950000762939453,26.299999237060547,26.5,24.441696166992188,591000
2001-12-07,26.600000381469727,26.75,26.200000762939453,26.290000915527344,24.24800682067871,386600
2001-12-10,26.530000686645508,26.530000686645508,25.770000457763672,25.809999465942383,23.80528450012207,212500
2001-12-11,25.809999465942383,26.5,25.399999618530273,26.459999084472656,24.40479850769043,608900
2001-12-12,26.709999084472656,26.979999542236328,25.75,26.200000762939453,24.16499900817871,228200
2001-12-13,26.200000762939453,26.549999237060547,26.0,26.290000915527344,24.24800682067871,211800
2001-12-14,26.399999618530273,27.350000381469727,26.299999237060547,26.43000030517578,24.37713050842285,181200
2001-12-17,26.149999618530273,27.299999237060547,26.149999618530273,27.219999313354492,25.10576820373535,219300
2001-12-18,28.0,28.020000457763672,27.360000610351562,28.020000457763672,25.8436336517334,429000
2001-12-19,27.979999542236328,28.649999618530273,27.75,28.59000015258789,26.369359970092773,306700
2001-12-20,28.5,28.989999771118164,28.459999084472656,28.670000076293945,26.443143844604492,299900
2001-12-21,28.68000030517578,28.68000030517578,27.799999237060547,28.200000762939453,26.0096492767334,380600
2001-12-24,28.049999237060547,28.65999984741211,28.049999237060547,28.59000015258789,26.369359970092773,83600
2001-12-26,28.34000015258789,29.0,28.34000015258789,28.8799991607666,26.636829376220703,102200
2001-12-27,28.75,29.100000381469727,28.420000076293945,28.639999389648438,26.415475845336914,165500
2001-12-28,28.5,28.809999465942383,28.450000762939453,28.809999465942383,26.57227325439453,228100
2001-12-31,28.559999465942383,28.75,28.299999237060547,28.450000762939453,26.240234375,171000
2002-01-02,28.399999618530273,28.5,27.75,28.389999389648438,26.18488883972168,599200
2002-01-03,28.010000228881836,28.299999237060547,27.920000076293945,27.989999771118164,25.815961837768555,536800
2002-01-04,27.899999618530273,28.190000534057617,27.700000762939453,27.959999084472656,25.788286209106445,669300
2002-01-07,28.0,28.09000015258789,27.760000228881836,27.770000457763672,25.613052368164062,459500
2002-01-08,27.700000762939453,27.920000076293945,27.610000610351562,27.889999389648438,25.723730087280273,230200
2002-01-09,27.889999389648438,28.329999923706055,27.799999237060547,28.200000762939453,26.0096492767334,432300
2002-01-10,28.149999618530273,28.149999618530273,27.850000381469727,28.0,25.825185775756836,242900
2002-01-11,28.0,28.56999969482422,28.0,28.209999084472656,26.018869400024414,146900
2002-01-14,27.8700008392334,28.68000030517578,27.31999969482422,27.399999618530273,25.271787643432617,228200
2002-01-15,27.40999984741211,27.729999542236328,27.0,27.219999313354492,25.10576820373535,226300
2002-01-16,27.229999542236328,27.229999542236328,26.6200008392334,26.770000457763672,24.69072151184082,335400
2002-01-17,26.770000457763672,27.950000762939453,26.649999618530273,27.950000762939453,25.779067993164062,457900
2002-01-18,27.899999618530273,27.899999618530273,27.209999084472656,27.209999084472656,25.09654426574707,245200
2002-01-22,27.219999313354492,27.739999771118164,27.219999313354492,27.530000686645508,25.391687393188477,231300
2002-01-23,29.399999618530273,29.399999618530273,28.0,28.0,25.825185775756836,1135800
2002-01-24,28.200000762939453,29.850000381469727,28.149999618530273,29.549999237060547,27.25479507446289,386400
2002-01-25,29.600000381469727,29.8799991607666,29.030000686645508,29.030000686645508,26.775184631347656,196200
2002-01-28,29.100000381469727,29.68000030517578,29.100000381469727,29.520000457763672,27.22712516784668,384600
2002-01-29,29.770000457763672,30.979999542236328,29.649999618530273,30.010000228881836,27.67906379699707,313400
2002-01-30,30.389999389648438,30.530000686645508,29.799999237060547,30.459999084472656,28.094114303588867,197000
2002-01-31,30.459999084472656,30.729999542236328,30.0,30.510000228881836,28.140228271484375,215400
2002-02-01,30.600000381469727,31.56999969482422,30.209999084472656,31.209999084472656,28.78585433959961,181200
2002-02-04,31.049999237060547,31.219999313354492,30.860000610351562,31.049999237060547,28.63828468322754,145300
2002-02-05,30.850000381469727,31.450000762939453,30.780000686645508,31.110000610351562,28.693622589111328,197300
2002-02-06,31.1200008392334,31.649999618530273,30.700000762939453,31.649999618530273,29.19168472290039,193500
2002-02-07,31.649999618530273,31.809999465942383,31.25,31.520000457763672,29.071781158447266,94200
2002-02-08,31.950000762939453,31.950000762939453,31.399999618530273,31.700000762939453,29.2377986907959,115300
2002-02-11,32.0,32.0,31.700000762939453,31.90999984741211,29.431486129760742,97200
2002-02-12,31.850000381469727,31.860000610351562,31.299999237060547,31.329999923706055,28.89653778076172,112800
2002-02-13,31.309999465942383,31.440000534057617,31.299999237060547,31.389999389648438,28.951881408691406,65700
2002-02-14,31.440000534057617,31.790000915527344,31.40999984741211,31.75,29.283916473388672,86500
2002-02-15,31.700000762939453,31.700000762939453,31.25,31.290000915527344,28.859643936157227,59800
2002-02-19,31.290000915527344,31.290000915527344,30.34000015258789,30.739999771118164,28.35236167907715,120900
2002-02-20,30.739999771118164,31.100000381469727,30.450000762939453,31.100000381469727,28.684404373168945,146900
2002-02-21,31.100000381469727,31.25,30.520000457763672,30.540000915527344,28.167903900146484,192100
2002-02-22,30.850000381469727,31.25,30.700000762939453,31.25,28.822750091552734,162000
2002-02-25,31.25,31.969999313354492,31.190000534057617,31.969999313354492,29.486825942993164,175400
2002-02-26,31.969999313354492,32.849998474121094,31.969999313354492,32.54999923706055,30.02177619934082,620200
2002-02-27,32.5,32.810001373291016,32.25,32.5,29.975669860839844,134400
2002-02-28,32.599998474121094,32.779998779296875,32.25,32.380001068115234,29.86498260498047,100000
2002-03-01,32.38999938964844,33.119998931884766,32.349998474121094,33.099998474121094,30.529056549072266,199700
2002-03-04,33.099998474121094,33.54999923706055,33.099998474121094,33.5099983215332,30.9072208404541,276000
2002-03-05,33.540000915527344,34.150001525878906,33.369998931884766,34.11000061035156,31.46061134338379,159300
2002-03-06,34.25,34.7599983215332,34.209999084472656,34.349998474121094,31.68195915222168,277200
2002-03-07,34.5,34.650001525878906,33.689998626708984,33.95000076293945,31.31302833557129,169300
2002-03-08,34.150001525878906,34.349998474121094,33.81999969482422,33.970001220703125,31.331483840942383,164900
2002-03-11,34.0,34.150001525878906,33.380001068115234,33.630001068115234,31.017892837524414,128100
2002-03-12,33.54999923706055,33.70000076293945,33.25,33.47999954223633,30.879539489746094,230200
2002-03-13,33.4900016784668,33.4900016784668,32.849998474121094,33.040000915527344,30.473716735839844,203900
2002-03-14,33.099998474121094,33.13999938964844,32.2599983215332,32.7599983215332,30.215463638305664,365200
2002-03-15,32.95000076293945,33.529998779296875,32.70000076293945,33.369998931884766,30.77808380126953,239500
2002-03-18,33.349998474121094,33.349998474121094,32.900001525878906,33.11000061035156,30.538286209106445,78200
2002-03-19,33.0,33.25,32.939998626708984,33.15999984741211,30.584396362304688,146400
2002-03-20,33.16999816894531,33.16999816894531,30.6299991607666,30.889999389648438,28.490713119506836,978200
2002-03-21,30.850000381469727,30.850000381469727,30.100000381469727,30.68000030517578,28.297021865844727,356600
2002-03-22,30.739999771118164,30.75,30.25,30.600000381469727,28.22324562072754,392100
2002-03-25,30.81999969482422,30.81999969482422,29.700000762939453,29.84000015258789,27.52227210998535,343400
2002-03-26,29.889999389648438,29.989999771118164,29.75,29.899999618530273,27.577604293823242,402000
2002-03-27,29.899999618530273,30.149999618530273,29.84000015258789,30.139999389648438,27.798965454101562,354500
2002-03-28,30.190000534057617,30.329999923706055,30.110000610351562,30.1299991607666,27.789745330810547,204300
2002-04-01,29.600000381469727,29.700000762939453,29.06999969482422,29.610000610351562,27.310134887695312,312700
2002-04-02,29.549999237060547,29.600000381469727,29.299999237060547,29.399999618530273,27.116443634033203,140200
2002-04-03,29.399999618530273,29.399999618530273,28.34000015258789,28.34000015258789,26.138778686523438,206300
2002-04-04,28.350000381469727,29.649999618530273,28.270000457763672,29.610000610351562,27.310134887695312,271000
2002-04-05,29.799999237060547,30.09000015258789,29.610000610351562,29.920000076293945,27.59605598449707,158200
2002-04-08,29.850000381469727,30.350000381469727,29.75,30.149999618530273,27.80819320678711,165600
2002-04-09,31.0,31.059999465942383,30.760000228881836,30.799999237060547,28.407703399658203,484900
2002-04-10,30.799999237060547,31.479999542236328,30.799999237060547,31.40999984741211,28.97032928466797,140400
2002-04-11,31.40999984741211,31.530000686645508,30.200000762939453,30.200000762939453,27.854312896728516,179700
2002-04-12,30.700000762939453,31.459999084472656,30.510000228881836,31.18000030517578,28.758188247680664,207200
2002-04-15,31.75,31.950000762939453,31.200000762939453,31.559999465942383,29.108671188354492,322800
2002-04-16,31.559999465942383,32.150001525878906,31.549999237060547,32.0,29.51449966430664,274200
2002-04-17,32.0,32.099998474121094,31.0,31.0,28.59217071533203,262700
2002-04-18,27.0,27.5,25.260000228881836,25.520000457763672,23.53781509399414,3846900
2002-04-19,26.0,27.190000534057617,26.0,27.100000381469727,24.99509048461914,872300
2002-04-22,27.25,27.290000915527344,25.8700008392334,26.25,24.211109161376953,280300
2002-04-23,26.260000228881836,27.3700008392334,26.260000228881836,26.68000030517578,24.607711791992188,354100
2002-04-24,26.780000686645508,27.31999969482422,26.520000457763672,26.780000686645508,24.699939727783203,463100
2002-04-25,26.780000686645508,27.200000762939453,26.780000686645508,27.15999984741211,25.05042839050293,245300
2002-04-26,27.170000076293945,27.170000076293945,25.75,25.889999389648438,23.879072189331055,311100
2002-04-29,25.799999237060547,26.0,25.690000534057617,25.790000915527344,23.78683853149414,292700
2002-04-30,25.790000915527344,26.989999771118164,25.790000915527344,26.489999771118164,24.432470321655273,194500
2002-05-01,26.489999771118164,26.5,25.979999542236328,26.270000457763672,24.229555130004883,413000
2002-05-02,26.270000457763672,26.450000762939453,26.049999237060547,26.18000030517578,24.146547317504883,212100
2002-05-03,26.25,26.25,25.600000381469727,25.790000915527344,23.78683853149414,303500
2002-05-06,25.799999237060547,26.299999237060547,25.719999313354492,26.010000228881836,23.98975372314453,137100
2002-05-07,26.200000762939453,26.239999771118164,25.639999389648438,25.68000030517578,23.685382843017578,206500
2002-05-08,26.350000381469727,26.799999237060547,25.90999984741211,26.770000457763672,24.69072151184082,272500
2002-05-09,26.709999084472656,26.799999237060547,26.469999313354492,26.510000228881836,24.450923919677734,153900
2002-05-10,26.399999618530273,26.600000381469727,26.0,26.389999389648438,24.340234756469727,186700
2002-05-13,26.200000762939453,26.450000762939453,25.969999313354492,26.43000030517578,24.37713050842285,160500
2002-05-14,26.479999542236328,27.739999771118164,26.399999618530273,27.540000915527344,25.400911331176758,202900
2002-05-15,27.549999237060547,27.549999237060547,27.0,27.219999313354492,25.10576820373535,194000
2002-05-16,27.31999969482422,27.469999313354492,27.209999084472656,27.459999084472656,25.327119827270508,201600
2002-05-17,27.399999618530273,27.68000030517578,27.239999771118164,27.65999984741211,25.511598587036133,134600
2002-05-20,27.559999465942383,27.770000457763672,27.309999465942383,27.68000030517578,25.530038833618164,211700
2002-05-21,27.850000381469727,28.100000381469727,27.59000015258789,27.799999237060547,25.640718460083008,254900
2002-05-22,27.950000762939453,27.950000762939453,27.420000076293945,27.6200008392334,25.474699020385742,183000
2002-05-23,27.649999618530273,28.280000686645508,27.600000381469727,28.079999923706055,25.898969650268555,190000
2002-05-24,28.040000915527344,28.5,28.040000915527344,28.219999313354492,26.028095245361328,157500
2002-05-28,28.0,28.079999923706055,27.200000762939453,27.3700008392334,25.24411964416504,192200
2002-05-29,27.3700008392334,27.3700008392334,27.010000228881836,27.25,25.133434295654297,202300
2002-05-30,27.25,27.389999389648438,26.0,26.200000762939453,24.16499900817871,526700
2002-05-31,26.350000381469727,27.06999969482422,26.350000381469727,26.979999542236328,24.88441276550293,111600
2002-06-03,26.850000381469727,27.0,26.399999618530273,26.5,24.441696166992188,238100
2002-06-04,26.5,26.5,25.700000762939453,25.799999237060547,23.796064376831055,421200
2002-06-05,25.75,25.790000915527344,25.489999771118164,25.600000381469727,23.61159324645996,446500
2002-06-06,25.639999389648438,25.700000762939453,25.469999313354492,25.549999237060547,23.56548309326172,307500
2002-06-07,25.549999237060547,25.600000381469727,25.100000381469727,25.389999389648438,23.41790008544922,258900
2002-06-10,25.3799991607666,25.5,24.969999313354492,24.979999542236328,23.039752960205078,437600
2002-06-11,24.950000762939453,25.739999771118164,24.950000762939453,25.709999084472656,23.713054656982422,568400
2002-06-12,25.600000381469727,25.600000381469727,24.709999084472656,24.780000686645508,22.85529136657715,217100
2002-06-13,24.399999618530273,24.479999542236328,24.0,24.09000015258789,22.218881607055664,318200
2002-06-14,24.0,24.200000762939453,23.149999618530273,24.040000915527344,22.17276382446289,457100
2002-06-17,24.25,24.56999969482422,23.600000381469727,23.889999389648438,22.0344181060791,519600
2002-06-18,23.75,24.600000381469727,23.75,23.959999084472656,22.09897804260254,334700
2002-06-19,23.799999237060547,24.229999542236328,23.670000076293945,23.950000762939453,22.089754104614258,482500
2002-06-20,23.700000762939453,23.8799991607666,23.40999984741211,23.520000457763672,21.693151473999023,343300
2002-06-21,23.270000457763672,24.0,23.260000228881836,23.5,21.674707412719727,353600
2002-06-24,23.600000381469727,23.84000015258789,23.25,23.450000762939453,21.628589630126953,346800
2002-06-25,23.350000381469727,23.899999618530273,23.299999237060547,23.510000228881836,21.683937072753906,349500
2002-06-26,23.399999618530273,23.799999237060547,23.34000015258789,23.639999389648438,21.803831100463867,148200
2002-06-27,23.84000015258789,23.899999618530273,23.0,23.110000610351562,21.315000534057617,269400
2002-06-28,23.100000381469727,23.3799991607666,22.649999618530273,22.84000015258789,21.06597328186035,403000
2002-07-01,22.84000015258789,22.920000076293945,21.5,22.100000381469727,20.383451461791992,546700
2002-07-02,21.850000381469727,22.350000381469727,21.809999465942383,22.100000381469727,20.383451461791992,441300
2002-07-03,22.049999237060547,22.649999618530273,21.610000610351562,22.299999237060547,20.56791877746582,445200
2002-07-05,22.299999237060547,23.40999984741211,22.299999237060547,23.329999923706055,21.517915725708008,245300
2002-07-08,23.309999465942383,23.450000762939453,23.200000762939453,23.219999313354492,21.416458129882812,474500
2002-07-09,23.229999542236328,23.280000686645508,22.770000457763672,22.850000381469727,21.0751953125,510700
2002-07-10,22.0,22.799999237060547,21.75,21.8700008392334,20.17131805419922,347300
2002-07-11,21.649999618530273,22.440000534057617,21.200000762939453,22.360000610351562,20.623252868652344,279100
2002-07-12,22.360000610351562,22.360000610351562,21.399999618530273,21.40999984741211,19.747045516967773,170200
2002-07-15,21.309999465942383,21.8799991607666,20.700000762939453,21.84000015258789,20.143644332885742,318300
2002-07-16,21.600000381469727,21.65999984741211,20.709999084472656,21.059999465942383,19.424230575561523,164900
2002-07-17,21.09000015258789,21.600000381469727,20.25,20.56999969482422,18.972286224365234,459600
2002-07-18,20.350000381469727,20.510000228881836,19.790000915527344,19.799999237060547,18.262094497680664,262600
2002-07-19,19.760000228881836,19.799999237060547,19.25,19.59000015258789,18.06840705871582,424000
2002-07-22,19.799999237060547,19.799999237060547,19.110000610351562,19.3799991607666,17.874723434448242,349500
2002-07-23,19.3799991607666,19.68000030517578,18.350000381469727,18.5,17.063072204589844,523100
2002-07-24,18.450000762939453,18.950000762939453,17.649999618530273,18.790000915527344,17.33054542541504,469400
2002-07-25,18.899999618530273,19.299999237060547,18.670000076293945,19.239999771118164,17.745590209960938,307600
2002-07-26,19.049999237060547,19.59000015258789,18.639999389648438,19.579999923706055,18.05918312072754,227700
2002-07-29,19.399999618530273,20.739999771118164,19.399999618530273,20.700000762939453,19.09218978881836,363600
2002-07-30,20.200000762939453,20.200000762939453,19.350000381469727,20.049999237060547,18.49267578125,390500
2002-07-31,19.899999618530273,19.950000762939453,19.600000381469727,19.75,18.215980529785156,182200
2002-08-01,19.600000381469727,19.760000228881836,18.799999237060547,19.170000076293945,17.681026458740234,224400
2002-08-02,19.170000076293945,19.239999771118164,18.34000015258789,18.56999969482422,17.127634048461914,223800
2002-08-05,18.450000762939453,18.450000762939453,17.719999313354492,17.760000228881836,16.380544662475586,197600
2002-08-06,17.799999237060547,18.18000030517578,17.799999237060547,17.889999389648438,16.500450134277344,473700
2002-08-07,18.0,18.25,17.709999084472656,17.770000457763672,16.389766693115234,362200
2002-08-08,17.549999237060547,17.81999969482422,17.3700008392334,17.729999542236328,16.352874755859375,380100
2002-08-09,17.729999542236328,18.100000381469727,17.479999542236328,17.81999969482422,16.43588638305664,322100
2002-08-12,17.81999969482422,18.25,17.639999389648438,17.959999084472656,16.56500816345215,319400
2002-08-13,17.899999618530273,18.079999923706055,17.389999389648438,17.450000762939453,16.09462547302246,277700
2002-08-14,17.600000381469727,18.530000686645508,17.469999313354492,18.5,17.063072204589844,335300
2002-08-15,18.5,19.270000457763672,18.5,19.06999969482422,17.588794708251953,431700
2002-08-16,17.75,19.139999389648438,17.700000762939453,18.8700008392334,17.404333114624023,935000
2002-08-19,18.969999313354492,19.450000762939453,18.6299991607666,19.3700008392334,17.865497589111328,245600
2002-08-20,19.56999969482422,19.600000381469727,18.90999984741211,19.110000610351562,17.625686645507812,316100
2002-08-21,19.18000030517578,19.5,18.90999984741211,19.219999313354492,17.72714614868164,262400
2002-08-22,19.100000381469727,19.290000915527344,19.0,19.020000457763672,17.542678833007812,265500
2002-08-23,19.010000228881836,19.010000228881836,18.579999923706055,18.75,17.293651580810547,356800
2002-08-26,18.920000076293945,19.149999618530273,18.799999237060547,18.950000762939453,17.478116989135742,281800
2002-08-27,18.979999542236328,18.989999771118164,18.420000076293945,18.549999237060547,17.109182357788086,280200
2002-08-28,18.299999237060547,18.399999618530273,17.899999618530273,18.059999465942383,16.657245635986328,472900
2002-08-29,17.700000762939453,18.309999465942383,17.700000762939453,18.190000534057617,16.777149200439453,437900
2002-08-30,18.18000030517578,18.25,17.90999984741211,18.010000228881836,16.611127853393555,150900
2002-09-03,17.600000381469727,17.829999923706055,17.520000457763672,17.700000762939453,16.325204849243164,703600
2002-09-04,17.850000381469727,18.059999465942383,17.75,18.010000228881836,16.611127853393555,327700
2002-09-05,17.950000762939453,17.989999771118164,17.700000762939453,17.899999618530273,16.50967025756836,293500
2002-09-06,18.0,18.399999618530273,18.0,18.399999618530273,16.970834732055664,170400
2002-09-09,18.399999618530273,18.799999237060547,18.0,18.469999313354492,17.0353946685791,168400
2002-09-10,18.950000762939453,18.959999084472656,18.510000228881836,18.889999389648438,17.42276954650879,206300
2002-09-11,19.0,19.5,19.0,19.170000076293945,17.681026458740234,293000
2002-09-12,19.0,19.0,18.510000228881836,18.850000381469727,17.385881423950195,326200
2002-09-13,18.780000686645508,18.940000534057617,18.600000381469727,18.8799991607666,17.413557052612305,238700
2002-09-16,19.0,19.059999465942383,18.3799991607666,18.399999618530273,16.970834732055664,288900
2002-09-17,18.899999618530273,18.899999618530273,18.170000076293945,18.450000762939453,17.016950607299805,898200
2002-09-18,18.450000762939453,18.540000915527344,17.809999465942383,18.3700008392334,16.94316291809082,263300
2002-09-19,18.25,18.25,17.90999984741211,18.049999237060547,16.64801788330078,246700
2002-09-20,18.200000762939453,18.399999618530273,18.010000228881836,18.200000762939453,16.7863712310791,294800
2002-09-23,18.06999969482422,18.270000457763672,18.010000228881836,18.209999084472656,16.795595169067383,267100
2002-09-24,18.100000381469727,18.350000381469727,18.010000228881836,18.1200008392334,16.712583541870117,300800
2002-09-25,18.149999618530273,18.399999618530273,17.899999618530273,18.270000457763672,16.85093116760254,425100
2002-09-26,18.299999237060547,19.059999465942383,18.299999237060547,18.899999618530273,17.43199920654297,339100
2002-09-27,18.850000381469727,19.0,18.350000381469727,18.350000381469727,16.924718856811523,171800
2002-09-30,18.049999237060547,18.81999969482422,17.760000228881836,18.6200008392334,17.17375373840332,420300
2002-10-01,18.75,19.15999984741211,18.049999237060547,19.139999389648438,17.653356552124023,239900
2002-10-02,19.1200008392334,19.25,18.15999984741211,18.239999771118164,16.823265075683594,304900
2002-10-03,18.450000762939453,18.649999618530273,18.0,18.420000076293945,16.989282608032227,366600
2002-10-04,13.0,14.760000228881836,12.100000381469727,13.649999618530273,12.589777946472168,6474100
2002-10-07,13.649999618530273,13.649999618530273,13.25,13.600000381469727,12.543662071228027,991300
2002-10-08,13.600000381469727,13.920000076293945,13.489999771118164,13.829999923706055,12.755799293518066,1126000
2002-10-09,13.550000190734863,13.789999961853027,13.430000305175781,13.579999923706055,12.525214195251465,606000
2002-10-10,13.5,13.899999618530273,13.479999542236328,13.739999771118164,12.672786712646484,438800
2002-10-11,14.0,14.609999656677246,14.0,14.300000190734863,13.189290046691895,451600
2002-10-14,14.25,14.539999961853027,14.25,14.5,13.37375545501709,479000
2002-10-15,14.699999809265137,15.3100004196167,14.600000381469727,15.210000038146973,14.02861213684082,452900
2002-10-16,14.75,15.300000190734863,14.75,15.149999618530273,13.973268508911133,592900
2002-10-17,15.0,15.65999984741211,15.0,15.420000076293945,14.222298622131348,400500
2002-10-18,14.0,14.699999809265137,12.800000190734863,14.34000015258789,13.226186752319336,1910400
2002-10-21,14.3100004196167,15.350000381469727,14.3100004196167,14.989999771118164,13.825697898864746,467800
2002-10-22,15.0,15.0,14.069999694824219,14.149999618530273,13.050942420959473,753400
2002-10-23,14.1899995803833,14.25,13.800000190734863,14.25,13.143176078796387,467900
2002-10-24,14.199999809265137,14.399999618530273,13.949999809265137,14.149999618530273,13.050942420959473,516200
2002-10-25,14.069999694824219,14.399999618530273,14.069999694824219,14.399999618530273,13.281525611877441,503800
2002-10-28,14.319999694824219,14.390000343322754,14.100000381469727,14.170000076293945,13.069389343261719,313600
2002-10-29,14.15999984741211,14.25,14.069999694824219,14.140000343322754,13.041720390319824,280200
2002-10-30,14.149999618530273,14.270000457763672,14.069999694824219,14.170000076293945,13.069389343261719,302200
2002-10-31,14.170000076293945,14.260000228881836,14.149999618530273,14.199999809265137,13.097060203552246,498800
2002-11-01,14.170000076293945,14.649999618530273,14.069999694824219,14.609999656677246,13.475213050842285,450400
2002-11-04,14.699999809265137,14.970000267028809,14.25,14.380000114440918,13.263076782226562,479300
2002-11-05,14.350000381469727,14.850000381469727,14.229999542236328,14.760000228881836,13.61356258392334,278800
2002-11-06,15.050000190734863,15.850000381469727,14.800000190734863,15.050000190734863,13.881038665771484,950800
2002-11-07,15.020000457763672,15.170000076293945,14.739999771118164,14.989999771118164,13.825697898864746,282000
2002-11-08,15.0,15.300000190734863,14.949999809265137,15.0,13.834919929504395,399300
2002-11-11,15.149999618530273,15.199999809265137,14.899999618530273,14.979999542236328,13.816473960876465,294400
2002-11-12,14.989999771118164,15.199999809265137,14.9399995803833,15.029999732971191,13.862588882446289,325700
2002-11-13,15.029999732971191,15.15999984741211,14.949999809265137,15.050000190734863,13.881038665771484,259400
2002-11-14,15.100000381469727,15.5,15.100000381469727,15.399999618530273,14.203851699829102,333900
2002-11-15,15.399999618530273,15.729999542236328,15.369999885559082,15.699999809265137,14.480550765991211,265100
2002-11-18,15.699999809265137,15.899999618530273,15.569999694824219,15.75,14.526666641235352,242800
2002-11-19,15.800000190734863,16.049999237060547,15.699999809265137,15.850000381469727,14.61889934539795,387600
2002-11-20,15.850000381469727,15.850000381469727,15.720000267028809,15.75,14.526666641235352,268600
2002-11-21,15.739999771118164,15.979999542236328,15.479999542236328,15.880000114440918,14.646570205688477,565000
2002-11-22,15.899999618530273,17.200000762939453,15.699999809265137,16.950000762939453,15.63345718383789,412500
2002-11-25,16.899999618530273,17.450000762939453,16.899999618530273,17.0,15.679573059082031,671000
2002-11-26,17.0,17.149999618530273,16.309999465942383,16.309999465942383,15.043168067932129,248200
2002-11-27,16.5,16.770000457763672,16.40999984741211,16.700000762939453,15.402876853942871,296600
2002-11-29,16.950000762939453,16.950000762939453,16.649999618530273,16.65999984741211,15.365983963012695,68900
2002-12-02,16.65999984741211,17.200000762939453,16.209999084472656,16.290000915527344,15.024724960327148,435800
2002-12-03,15.949999809265137,15.949999809265137,15.5,15.5,14.296085357666016,275400
2002-12-04,15.5,15.75,15.119999885559082,15.670000076293945,14.452879905700684,534700
2002-12-05,16.100000381469727,16.170000076293945,15.600000381469727,15.859999656677246,14.628124237060547,480100
2002-12-06,16.0,16.100000381469727,15.84000015258789,15.930000305175781,14.692687034606934,509000
2002-12-09,16.100000381469727,16.100000381469727,15.5,15.59000015258789,14.379094123840332,258700
2002-12-10,15.649999618530273,16.200000762939453,15.600000381469727,15.800000190734863,14.572784423828125,172000
2002-12-11,15.8100004196167,16.049999237060547,15.579999923706055,15.84000015258789,14.609674453735352,225400
2002-12-12,15.850000381469727,16.049999237060547,15.619999885559082,15.869999885559082,14.637346267700195,237000
2002-12-13,15.869999885559082,15.949999809265137,15.600000381469727,15.649999618530273,14.434432029724121,308400
2002-12-16,15.65999984741211,16.100000381469727,15.65999984741211,16.079999923706055,14.831035614013672,365600
2002-12-17,16.020000457763672,16.200000762939453,15.800000190734863,15.920000076293945,14.683464050292969,219900
2002-12-18,15.819999694824219,16.049999237060547,15.789999961853027,15.869999885559082,14.637346267700195,276500
2002-12-19,15.800000190734863,16.049999237060547,15.529999732971191,15.739999771118164,14.51744270324707,214200
2002-12-20,15.800000190734863,16.25,15.699999809265137,15.800000190734863,14.572784423828125,817200
2002-12-23,15.899999618530273,16.530000686645508,15.859999656677246,16.489999771118164,15.209183692932129,317500
2002-12-24,16.450000762939453,16.5,16.25,16.260000228881836,14.99705696105957,101300
2002-12-26,16.200000762939453,16.639999389648438,16.200000762939453,16.3799991607666,15.107731819152832,125800
2002-12-27,16.299999237060547,16.450000762939453,16.170000076293945,16.170000076293945,14.914045333862305,103100
2002-12-30,16.15999984741211,16.649999618530273,16.15999984741211,16.610000610351562,15.319869995117188,472900
2002-12-31,16.600000381469727,16.850000381469727,16.549999237060547,16.610000610351562,15.319869995117188,288800
2003-01-02,16.649999618530273,17.329999923706055,16.6200008392334,17.09000015258789,15.76258659362793,209600
2003-01-03,17.100000381469727,17.209999084472656,17.0,17.09000015258789,15.76258659362793,205000
2003-01-06,17.100000381469727,17.3700008392334,17.040000915527344,17.09000015258789,15.76258659362793,115000
2003-01-07,17.25,17.43000030517578,16.799999237060547,17.09000015258789,15.76258659362793,578200
2003-01-08,17.079999923706055,17.239999771118164,16.850000381469727,16.850000381469727,15.541229248046875,202700
2003-01-09,16.860000610351562,17.360000610351562,16.860000610351562,17.360000610351562,16.01161766052246,180900
2003-01-10,17.350000381469727,17.350000381469727,16.84000015258789,17.030000686645508,15.707242965698242,203100
2003-01-13,17.040000915527344,17.350000381469727,16.989999771118164,17.079999923706055,15.7533597946167,209700
2003-01-14,17.110000610351562,17.18000030517578,16.899999618530273,16.979999542236328,15.661128997802734,172600
2003-01-15,17.0,17.299999237060547,16.799999237060547,16.899999618530273,15.587339401245117,294400
2003-01-16,16.90999984741211,17.299999237060547,16.549999237060547,16.6299991607666,15.338314056396484,292300
2003-01-17,16.579999923706055,16.68000030517578,16.299999237060547,16.450000762939453,15.172295570373535,386400
2003-01-21,16.649999618530273,16.700000762939453,16.40999984741211,16.6299991607666,15.338314056396484,539100
2003-01-22,16.6299991607666,16.93000030517578,16.489999771118164,16.5,15.218411445617676,1348300
2003-01-23,16.700000762939453,16.899999618530273,16.649999618530273,16.81999969482422,15.513553619384766,528900
2003-01-24,16.829999923706055,16.899999618530273,16.600000381469727,16.68000030517578,15.384430885314941,457300
2003-01-27,16.899999618530273,16.93000030517578,16.450000762939453,16.549999237060547,15.264528274536133,316100
2003-01-28,16.649999618530273,17.0,16.549999237060547,16.850000381469727,15.541229248046875,683100
2003-01-29,16.889999389648438,16.950000762939453,16.600000381469727,16.799999237060547,15.495108604431152,249800
2003-01-30,16.860000610351562,16.940000534057617,16.510000228881836,16.510000228881836,15.227635383605957,131700
2003-01-31,16.530000686645508,17.1200008392334,16.530000686645508,16.899999618530273,15.587339401245117,332000
2003-02-03,16.950000762939453,17.43000030517578,16.850000381469727,16.850000381469727,15.541229248046875,314900
2003-02-04,16.899999618530273,17.1200008392334,16.809999465942383,16.989999771118164,15.670350074768066,243800
2003-02-05,16.989999771118164,17.200000762939453,16.799999237060547,16.889999389648438,15.578117370605469,423800
2003-02-06,16.889999389648438,17.100000381469727,16.780000686645508,16.850000381469727,15.541229248046875,276700
2003-02-07,16.860000610351562,17.049999237060547,16.799999237060547,16.809999465942383,15.5043363571167,195200
2003-02-10,16.850000381469727,16.940000534057617,16.559999465942383,16.6200008392334,15.329093933105469,305900
2003-02-11,16.690000534057617,16.8799991607666,16.299999237060547,16.440000534057617,15.16307258605957,437200
2003-02-12,16.440000534057617,16.68000030517578,16.309999465942383,16.3799991607666,15.107731819152832,194200
2003-02-13,16.25,16.389999389648438,15.899999618530273,16.010000228881836,14.766473770141602,455900
2003-02-14,16.100000381469727,16.399999618530273,15.970000267028809,16.260000228881836,14.99705696105957,262600
2003-02-18,16.31999969482422,16.649999618530273,16.31999969482422,16.510000228881836,15.227635383605957,195800
2003-02-19,16.549999237060547,16.59000015258789,16.18000030517578,16.399999618530273,15.126181602478027,177800
2003-02-20,16.450000762939453,16.649999618530273,16.290000915527344,16.649999618530273,15.35676097869873,242100
2003-02-21,16.690000534057617,17.079999923706055,16.520000457763672,17.079999923706055,15.7533597946167,230200
2003-02-24,17.030000686645508,17.030000686645508,16.469999313354492,16.75,15.448994636535645,165100
2003-02-25,16.700000762939453,16.950000762939453,16.440000534057617,16.75,15.448994636535645,139500
2003-02-26,16.700000762939453,16.780000686645508,16.420000076293945,16.520000457763672,15.236858367919922,117600
2003-02-27,16.600000381469727,16.850000381469727,16.420000076293945,16.75,15.448994636535645,196000
2003-02-28,16.790000915527344,17.18000030517578,16.639999389648438,17.079999923706055,15.7533597946167,187900
2003-03-03,17.079999923706055,17.299999237060547,17.079999923706055,17.18000030517578,15.845598220825195,236400
2003-03-04,17.18000030517578,17.229999542236328,17.0,17.100000381469727,15.771810531616211,455200
2003-03-05,17.1200008392334,17.559999465942383,17.110000610351562,17.479999542236328,16.12229347229004,230100
2003-03-06,17.450000762939453,17.450000762939453,17.170000076293945,17.280000686645508,15.93782901763916,226600
2003-03-07,17.200000762939453,18.0,17.1200008392334,17.809999465942383,16.42666244506836,308400
2003-03-10,17.75,17.75,17.149999618530273,17.229999542236328,15.891714096069336,163100
2003-03-11,17.239999771118164,17.3700008392334,17.170000076293945,17.209999084472656,15.873263359069824,458600
2003-03-12,17.149999618530273,17.25,16.709999084472656,17.059999465942383,15.734915733337402,189100
2003-03-13,17.149999618530273,17.559999465942383,17.1299991607666,17.559999465942383,16.196081161499023,142300
2003-03-14,17.5,17.700000762939453,17.329999923706055,17.700000762939453,16.325204849243164,126900
2003-03-17,17.649999618530273,18.469999313354492,17.5,18.440000534057617,17.00773048400879,229300
2003-03-18,18.440000534057617,19.059999465942383,18.440000534057617,18.670000076293945,17.21986198425293,334200
2003-03-19,18.5,18.729999542236328,18.34000015258789,18.450000762939453,17.016950607299805,166800
2003-03-20,19.299999237060547,20.049999237060547,19.25,19.899999618530273,18.354328155517578,1359600
2003-03-21,19.899999618530273,19.899999618530273,17.100000381469727,17.530000686645508,16.16840934753418,1825300
2003-03-24,17.540000915527344,17.540000915527344,16.549999237060547,17.149999618530273,15.817926406860352,894000
2003-03-25,17.149999618530273,17.799999237060547,17.149999618530273,17.600000381469727,16.23297691345215,591100
2003-03-26,17.600000381469727,17.989999771118164,17.0,17.84000015258789,16.454330444335938,411300
2003-03-27,17.6299991607666,18.670000076293945,17.559999465942383,18.40999984741211,16.980058670043945,325800
2003-03-28,18.329999923706055,18.56999969482422,18.18000030517578,18.549999237060547,17.109182357788086,403300
2003-03-31,18.549999237060547,18.959999084472656,18.25,18.670000076293945,17.21986198425293,322700
2003-04-01,18.670000076293945,19.1200008392334,18.5,18.8700008392334,17.404333114624023,201500
2003-04-02,19.299999237060547,19.5,19.200000762939453,19.3700008392334,17.865497589111328,351100
2003-04-03,19.31999969482422,19.780000686645508,19.100000381469727,19.540000915527344,18.022289276123047,498600
2003-04-04,19.5,19.5,19.25,19.399999618530273,17.893169403076172,218900
2003-04-07,19.649999618530273,20.149999618530273,19.350000381469727,19.469999313354492,17.957727432250977,272600
2003-04-08,19.049999237060547,19.229999542236328,18.8799991607666,18.950000762939453,17.478116989135742,218900
2003-04-09,18.899999618530273,19.0,18.81999969482422,18.899999618530273,17.43199920654297,201300
2003-04-10,18.950000762939453,19.030000686645508,18.790000915527344,19.020000457763672,17.542678833007812,211600
2003-04-11,19.059999465942383,19.260000228881836,18.979999542236328,19.260000228881836,17.7640380859375,180200
2003-04-14,19.260000228881836,19.260000228881836,18.969999313354492,19.0,17.52423667907715,308000
2003-04-15,19.0,19.25,18.799999237060547,19.190000534057617,17.69947624206543,340800
2003-04-16,19.299999237060547,19.299999237060547,18.670000076293945,18.739999771118164,17.284423828125,218400
2003-04-17,18.549999237060547,19.0,18.549999237060547,18.979999542236328,17.505786895751953,282500
2003-04-21,18.979999542236328,19.010000228881836,18.770000457763672,18.780000686645508,17.321321487426758,398200
2003-04-22,18.75,19.059999465942383,18.709999084472656,19.0,17.52423667907715,343000
2003-04-23,19.709999084472656,24.350000381469727,19.709999084472656,23.059999465942383,21.268882751464844,3165200
2003-04-24,22.850000381469727,23.1299991607666,22.540000915527344,22.8799991607666,21.102863311767578,998300
2003-04-25,22.889999389648438,22.889999389648438,22.360000610351562,22.5,20.752378463745117,390400
2003-04-28,22.549999237060547,22.850000381469727,22.5,22.799999237060547,21.02907943725586,490800
2003-04-29,22.700000762939453,22.920000076293945,22.549999237060547,22.709999084472656,20.946069717407227,234400
2003-04-30,22.610000610351562,23.5,22.450000762939453,23.139999389648438,21.342670440673828,494700
2003-05-01,23.149999618530273,23.219999313354492,22.860000610351562,23.079999923706055,21.287334442138672,305700
2003-05-02,23.079999923706055,23.399999618530273,22.899999618530273,23.31999969482422,21.50868797302246,410400
2003-05-05,23.350000381469727,24.09000015258789,23.290000915527344,23.899999618530273,22.043638229370117,279700
2003-05-06,24.049999237060547,24.399999618530273,23.940000534057617,24.18000030517578,22.301891326904297,378500
2003-05-07,24.18000030517578,24.56999969482422,24.049999237060547,24.18000030517578,22.301891326904297,299700
2003-05-08,24.18000030517578,24.299999237060547,24.0,24.200000762939453,22.32033920288086,247500
2003-05-09,24.299999237060547,24.739999771118164,24.299999237060547,24.739999771118164,22.81839370727539,232600
2003-05-12,24.739999771118164,24.739999771118164,24.389999389648438,24.450000762939453,22.550918579101562,252900
2003-05-13,24.600000381469727,24.920000076293945,24.579999923706055,24.899999618530273,22.96596908569336,271200
2003-05-14,24.950000762939453,25.0,24.600000381469727,24.600000381469727,22.68927001953125,277200
2003-05-15,24.450000762939453,24.75,24.450000762939453,24.65999984741211,22.744606018066406,352100
2003-05-16,24.5,24.75,24.399999618530273,24.600000381469727,22.68927001953125,186900
2003-05-19,24.5,24.65999984741211,23.31999969482422,23.530000686645508,21.702375411987305,467700
2003-05-20,23.600000381469727,23.889999389648438,23.100000381469727,23.3700008392334,21.554807662963867,538000
2003-05-21,23.399999618530273,23.549999237060547,23.149999618530273,23.5,21.674707412719727,393800
2003-05-22,23.450000762939453,23.899999618530273,23.350000381469727,23.479999542236328,21.656259536743164,260000
2003-05-23,23.489999771118164,23.729999542236328,23.40999984741211,23.700000762939453,21.859172821044922,245900
2003-05-27,23.549999237060547,24.610000610351562,23.40999984741211,24.489999771118164,22.587814331054688,259100
2003-05-28,24.489999771118164,24.75,24.3799991607666,24.75,22.827617645263672,425700
2003-05-29,24.8700008392334,25.049999237060547,24.479999542236328,24.799999237060547,22.873733520507812,291600
2003-05-30,24.850000381469727,25.309999465942383,24.809999465942383,25.1299991607666,23.1781005859375,263300
2003-06-02,25.25,25.31999969482422,24.899999618530273,25.100000381469727,23.150432586669922,548400
2003-06-03,25.110000610351562,25.399999618530273,24.950000762939453,25.149999618530273,23.196550369262695,344400
2003-06-04,25.299999237060547,25.5,25.170000076293945,25.25,23.288780212402344,172000
2003-06-05,25.350000381469727,25.809999465942383,25.239999771118164,25.760000228881836,23.759166717529297,782900
2003-06-06,25.799999237060547,25.8799991607666,25.100000381469727,25.290000915527344,23.32567596435547,340800
2003-06-09,25.350000381469727,25.350000381469727,24.59000015258789,24.670000076293945,22.753829956054688,295600
2003-06-10,24.719999313354492,25.200000762939453,24.719999313354492,25.190000534057617,23.23344612121582,288900
2003-06-11,25.149999618530273,25.209999084472656,24.799999237060547,25.139999389648438,23.187328338623047,190300
2003-06-12,25.0,25.350000381469727,24.889999389648438,25.18000030517578,23.224220275878906,229200
2003-06-13,25.280000686645508,25.450000762939453,25.100000381469727,25.290000915527344,23.32567596435547,551600
2003-06-16,25.399999618530273,25.59000015258789,25.399999618530273,25.5,23.519363403320312,513800
2003-06-17,25.5,25.850000381469727,25.329999923706055,25.709999084472656,23.713054656982422,497500
2003-06-18,25.809999465942383,26.3799991607666,25.649999618530273,26.200000762939453,24.16499900817871,210000
2003-06-19,26.149999618530273,26.149999618530273,25.450000762939453,25.75,23.74994659423828,200700
2003-06-20,25.950000762939453,25.950000762939453,25.229999542236328,25.350000381469727,23.381011962890625,223400
2003-06-23,25.149999618530273,25.15999984741211,24.450000762939453,24.59000015258789,22.6800479888916,371500
2003-06-24,24.59000015258789,24.700000762939453,24.270000457763672,24.299999237060547,22.41257095336914,403800
2003-06-25,24.149999618530273,24.200000762939453,23.700000762939453,23.899999618530273,22.043638229370117,583700
2003-06-26,23.899999618530273,23.979999542236328,23.549999237060547,23.709999084472656,21.868398666381836,478500
2003-06-27,23.75,23.8799991607666,23.399999618530273,23.59000015258789,21.75771713256836,291000
2003-06-30,23.559999465942383,23.700000762939453,23.290000915527344,23.290000915527344,21.48102569580078,401600
2003-07-01,23.350000381469727,24.0,22.940000534057617,23.93000030517578,22.071308135986328,331000
2003-07-02,23.899999618530273,24.399999618530273,23.850000381469727,24.399999618530273,22.504802703857422,300200
2003-07-03,24.299999237060547,24.299999237060547,23.700000762939453,23.850000381469727,21.997516632080078,106100
2003-07-07,24.100000381469727,24.649999618530273,24.100000381469727,24.56999969482422,22.661598205566406,232100
2003-07-08,24.56999969482422,24.850000381469727,24.34000015258789,24.600000381469727,22.68927001953125,286000
2003-07-09,24.700000762939453,25.149999618530273,24.579999923706055,24.969999313354492,23.030529022216797,235900
2003-07-10,24.950000762939453,25.5,24.790000915527344,24.90999984741211,22.975191116333008,285500
2003-07-11,24.799999237060547,25.299999237060547,24.799999237060547,25.100000381469727,23.150432586669922,136200
2003-07-14,25.110000610351562,25.5,25.049999237060547,25.270000457763672,23.307226181030273,185100
2003-07-15,25.270000457763672,25.270000457763672,24.950000762939453,25.1299991607666,23.1781005859375,228100
2003-07-16,25.25,25.25,24.459999084472656,24.5,22.59703826904297,120600
2003-07-17,24.149999618530273,24.760000228881836,24.149999618530273,24.489999771118164,22.587814331054688,276400
2003-07-18,24.25,24.979999542236328,24.209999084472656,24.940000534057617,23.002864837646484,307800
2003-07-21,24.850000381469727,25.049999237060547,24.6299991607666,24.739999771118164,22.81839370727539,246500
2003-07-22,24.75,25.18000030517578,24.450000762939453,25.15999984741211,23.205774307250977,235600
2003-07-23,25.5,26.079999923706055,25.399999618530273,26.049999237060547,24.026641845703125,535800
2003-07-24,26.25,26.780000686645508,26.25,26.639999389648438,24.570819854736328,415600
2003-07-25,26.639999389648438,26.649999618530273,25.920000076293945,26.100000381469727,24.072755813598633,286100
2003-07-28,26.0,26.149999618530273,25.780000686645508,25.8700008392334,23.860624313354492,291100
2003-07-29,25.899999618530273,26.479999542236328,25.389999389648438,26.309999465942383,24.266450881958008,331800
2003-07-30,26.25,26.290000915527344,25.5,25.739999771118164,23.74072265625,407200
2003-07-31,25.850000381469727,25.920000076293945,25.299999237060547,25.540000915527344,23.556259155273438,313700
2003-08-01,25.450000762939453,25.850000381469727,25.290000915527344,25.700000762939453,23.703828811645508,159700
2003-08-04,25.780000686645508,25.8700008392334,25.209999084472656,25.440000534057617,23.46402359008789,208000
2003-08-05,25.25,25.280000686645508,24.780000686645508,24.829999923706055,22.901405334472656,233900
2003-08-06,24.899999618530273,24.899999618530273,24.489999771118164,24.489999771118164,22.587814331054688,317400
2003-08-07,24.649999618530273,24.700000762939453,24.25,24.40999984741211,22.514026641845703,242900
2003-08-08,24.559999465942383,24.709999084472656,24.049999237060547,24.6200008392334,22.707712173461914,297400
2003-08-11,24.75,25.299999237060547,24.649999618530273,25.270000457763672,23.307226181030273,275600
2003-08-12,25.100000381469727,25.719999313354492,24.850000381469727,25.719999313354492,23.722274780273438,331300
2003-08-13,25.799999237060547,25.889999389648438,25.450000762939453,25.799999237060547,23.796064376831055,185500
2003-08-14,25.799999237060547,26.329999923706055,25.600000381469727,26.260000228881836,24.2203369140625,259100
2003-08-15,26.149999618530273,27.15999984741211,26.0,27.15999984741211,25.05042839050293,283900
2003-08-18,29.450000762939453,29.920000076293945,28.899999618530273,29.799999237060547,27.48537826538086,1420300
2003-08-19,29.809999465942383,30.149999618530273,29.030000686645508,29.40999984741211,27.12566375732422,567600
2003-08-20,29.40999984741211,29.40999984741211,25.799999237060547,26.899999618530273,24.810626983642578,3029400
2003-08-21,27.0,27.149999618530273,26.56999969482422,26.56999969482422,24.506254196166992,926800
2003-08-22,26.579999923706055,26.81999969482422,25.510000228881836,25.75,23.74994659423828,825800
2003-08-25,25.549999237060547,25.739999771118164,25.440000534057617,25.670000076293945,23.676158905029297,574500
2003-08-26,25.549999237060547,25.899999618530273,25.510000228881836,25.81999969482422,23.81450843811035,293100
2003-08-27,25.649999618530273,25.75,25.5,25.65999984741211,23.666934967041016,550200
2003-08-28,25.790000915527344,26.079999923706055,25.549999237060547,25.920000076293945,23.906740188598633,364600
2003-08-29,25.959999084472656,26.5,25.6200008392334,25.950000762939453,23.93441390991211,188000
2003-09-02,25.959999084472656,25.959999084472656,24.850000381469727,25.729999542236328,23.73149871826172,974500
2003-09-03,25.899999618530273,26.200000762939453,25.649999618530273,25.989999771118164,23.971303939819336,513600
2003-09-04,26.049999237060547,26.049999237060547,25.219999313354492,25.25,23.288780212402344,873100
2003-09-05,23.450000762939453,23.780000686645508,21.799999237060547,22.579999923706055,20.826168060302734,3012600
2003-09-08,24.020000457763672,24.770000457763672,23.65999984741211,24.450000762939453,22.550918579101562,1732300
2003-09-09,24.450000762939453,24.510000228881836,23.950000762939453,24.290000915527344,22.403348922729492,724500
2003-09-10,24.389999389648438,24.43000030517578,24.100000381469727,24.209999084472656,22.329559326171875,957900
2003-09-11,24.0,24.18000030517578,23.950000762939453,24.100000381469727,22.228107452392578,687300
2003-09-12,24.100000381469727,24.34000015258789,23.84000015258789,24.290000915527344,22.403348922729492,722800
2003-09-15,24.25,24.450000762939453,24.149999618530273,24.450000762939453,22.550918579101562,535100
2003-09-16,24.399999618530273,24.75,24.399999618530273,24.579999923706055,22.670820236206055,545700
2003-09-17,24.75,24.860000610351562,24.56999969482422,24.860000610351562,22.929080963134766,323300
2003-09-18,24.75,25.049999237060547,24.600000381469727,25.0,23.05820083618164,432100
2003-09-19,25.1200008392334,25.1200008392334,24.600000381469727,24.889999389648438,22.956743240356445,632300
2003-09-22,24.739999771118164,24.920000076293945,24.5,24.809999465942383,22.882959365844727,461700
2003-09-23,24.899999618530273,24.979999542236328,24.469999313354492,24.530000686645508,22.624706268310547,358200
2003-09-24,24.530000686645508,24.600000381469727,24.450000762939453,24.5,22.59703826904297,469000
2003-09-25,24.5,24.600000381469727,24.239999771118164,24.350000381469727,22.458688735961914,473500
2003-09-26,24.299999237060547,24.6200008392334,24.15999984741211,24.15999984741211,22.283445358276367,826600
2003-09-29,24.100000381469727,24.15999984741211,23.760000228881836,23.829999923706055,21.97907257080078,693400
2003-09-30,23.829999923706055,24.170000076293945,23.450000762939453,23.65999984741211,21.822280883789062,689700
2003-10-01,23.65999984741211,23.799999237060547,23.100000381469727,23.15999984741211,21.361116409301758,1258800
2003-10-02,23.15999984741211,23.649999618530273,23.139999389648438,23.440000534057617,21.619367599487305,1065800
2003-10-03,23.440000534057617,23.75,23.100000381469727,23.190000534057617,21.388784408569336,996900
2003-10-06,23.399999618530273,23.399999618530273,22.860000610351562,23.170000076293945,21.37034034729004,1009900
2003-10-07,23.170000076293945,23.600000381469727,22.309999465942383,23.510000228881836,21.683937072753906,706100
2003-10-08,23.510000228881836,23.75,23.389999389648438,23.75,21.90528678894043,657800
2003-10-09,23.899999618530273,23.899999618530273,22.6200008392334,22.799999237060547,21.02907943725586,992000
2003-10-10,23.149999618530273,23.440000534057617,23.059999465942383,23.360000610351562,21.545581817626953,380100
2003-10-13,23.299999237060547,23.469999313354492,23.170000076293945,23.299999237060547,21.4902400970459,388800
2003-10-14,23.25,23.25,22.799999237060547,22.84000015258789,21.06597328186035,251900
2003-10-15,23.0,23.049999237060547,22.190000534057617,22.59000015258789,20.835390090942383,471300
2003-10-16,22.59000015258789,22.809999465942383,22.170000076293945,22.450000762939453,20.70626449584961,636500
2003-10-17,22.5,22.5,21.969999313354492,22.010000228881836,20.300437927246094,361100
2003-10-20,22.010000228881836,22.959999084472656,22.010000228881836,22.8700008392334,21.093647003173828,659800
2003-10-21,24.399999618530273,24.780000686645508,23.700000762939453,24.040000915527344,22.17276382446289,2009000
2003-10-22,23.989999771118164,24.0,22.139999389648438,23.059999465942383,21.268882751464844,2045200
2003-10-23,22.899999618530273,23.149999618530273,22.520000457763672,22.979999542236328,21.195100784301758,1403400
2003-10-24,22.850000381469727,23.229999542236328,22.700000762939453,23.200000762939453,21.398014068603516,522100
2003-10-27,23.200000762939453,23.68000030517578,23.149999618530273,23.579999923706055,21.74849510192871,400300
2003-10-28,23.350000381469727,23.649999618530273,23.350000381469727,23.600000381469727,21.76694107055664,318400
2003-10-29,23.600000381469727,24.770000457763672,23.600000381469727,24.559999465942383,22.652374267578125,649300
2003-10-30,24.799999237060547,24.8799991607666,24.450000762939453,24.459999084472656,22.56014060974121,370000
2003-10-31,24.700000762939453,24.770000457763672,24.100000381469727,24.270000457763672,22.384902954101562,244100
2003-11-03,24.280000686645508,25.110000610351562,24.280000686645508,24.719999313354492,22.79994773864746,234900
2003-11-04,24.719999313354492,25.09000015258789,24.479999542236328,24.989999771118164,23.04897689819336,410200
2003-11-05,24.989999771118164,25.049999237060547,24.639999389648438,24.799999237060547,22.873733520507812,427200
2003-11-06,24.559999465942383,24.729999542236328,24.399999618530273,24.639999389648438,22.726163864135742,287100
2003-11-07,25.0,25.09000015258789,24.809999465942383,24.860000610351562,22.929080963134766,285500
2003-11-10,25.049999237060547,25.059999465942383,24.510000228881836,24.59000015258789,22.6800479888916,196800
2003-11-11,24.649999618530273,24.739999771118164,23.520000457763672,23.950000762939453,22.089754104614258,373500
2003-11-12,23.93000030517578,24.600000381469727,23.8700008392334,24.5,22.59703826904297,334000
2003-11-13,24.540000915527344,24.540000915527344,24.34000015258789,24.479999542236328,22.578590393066406,271200
2003-11-14,24.479999542236328,24.649999618530273,24.190000534057617,24.260000228881836,22.375680923461914,313000
2003-11-17,24.09000015258789,24.09000015258789,23.110000610351562,23.399999618530273,21.582473754882812,626800
2003-11-18,23.520000457763672,23.700000762939453,23.1299991607666,23.200000762939453,21.398014068603516,562700
2003-11-19,23.200000762939453,24.290000915527344,23.200000762939453,23.90999984741211,22.05286407470703,415600
2003-11-20,23.93000030517578,24.260000228881836,23.59000015258789,24.149999618530273,22.27422523498535,446000
2003-11-21,24.200000762939453,25.450000762939453,24.200000762939453,25.200000762939453,23.24266815185547,792000
2003-11-24,25.18000030517578,26.040000915527344,25.0,25.75,23.74994659423828,377300
2003-11-25,27.25,27.700000762939453,27.200000762939453,27.399999618530273,25.271787643432617,835700
2003-11-26,27.399999618530273,27.450000762939453,26.510000228881836,26.920000076293945,24.829072952270508,307100
2003-11-28,26.950000762939453,27.399999618530273,26.950000762939453,27.389999389648438,25.26255989074707,95700
2003-12-01,27.3799991607666,27.739999771118164,27.360000610351562,27.520000457763672,25.38246726989746,388700
2003-12-02,27.5,27.600000381469727,27.40999984741211,27.600000381469727,25.456254959106445,276600
2003-12-03,27.600000381469727,27.600000381469727,26.139999389648438,26.200000762939453,24.16499900817871,655300
2003-12-04,26.350000381469727,27.309999465942383,25.690000534057617,27.09000015258789,24.98586654663086,919400
2003-12-05,26.850000381469727,26.850000381469727,24.700000762939453,25.510000228881836,23.528589248657227,1699200
2003-12-08,25.510000228881836,25.68000030517578,25.309999465942383,25.420000076293945,23.445579528808594,322500
2003-12-09,25.5,25.5,24.299999237060547,24.43000030517578,22.5324764251709,555000
2003-12-10,24.600000381469727,24.84000015258789,23.809999465942383,23.979999542236328,22.11742401123047,578600
2003-12-11,23.979999542236328,24.65999984741211,23.860000610351562,24.610000610351562,22.698488235473633,647100
2003-12-12,24.65999984741211,24.84000015258789,24.489999771118164,24.5,22.59703826904297,223500
2003-12-15,24.950000762939453,24.950000762939453,23.979999542236328,24.030000686645508,22.16353988647461,327300
2003-12-16,24.260000228881836,24.260000228881836,23.75,24.18000030517578,22.301891326904297,346200
2003-12-17,24.149999618530273,24.389999389648438,23.899999618530273,24.31999969482422,22.431013107299805,480000
2003-12-18,24.329999923706055,24.329999923706055,23.59000015258789,24.040000915527344,22.17276382446289,624300
2003-12-19,24.010000228881836,24.190000534057617,23.780000686645508,24.079999923706055,22.20966148376465,510000
2003-12-22,23.600000381469727,24.1299991607666,23.549999237060547,24.1299991607666,22.255775451660156,306600
2003-12-23,24.049999237060547,24.09000015258789,23.6299991607666,23.850000381469727,21.997516632080078,206000
2003-12-24,23.770000457763672,24.270000457763672,23.770000457763672,24.190000534057617,22.311111450195312,69700
2003-12-26,24.139999389648438,24.700000762939453,24.139999389648438,24.5,22.59703826904297,124100
2003-12-29,24.600000381469727,24.950000762939453,24.540000915527344,24.940000534057617,23.002864837646484,338400
2003-12-30,25.1200008392334,25.1200008392334,24.850000381469727,25.030000686645508,23.08586883544922,194300
2003-12-31,25.030000686645508,25.280000686645508,24.81999969482422,25.1299991607666,23.1781005859375,287400
2004-01-02,25.1299991607666,25.350000381469727,24.600000381469727,25.020000457763672,23.076650619506836,232400
2004-01-05,25.219999313354492,25.850000381469727,25.219999313354492,25.719999313354492,23.722274780273438,337100
2004-01-06,25.600000381469727,25.969999313354492,25.389999389648438,25.899999618530273,23.888294219970703,362100
2004-01-07,26.149999618530273,26.40999984741211,26.049999237060547,26.239999771118164,24.20189094543457,507000
2004-01-08,26.239999771118164,26.239999771118164,25.690000534057617,25.75,23.74994659423828,344700
2004-01-09,25.600000381469727,26.25,25.520000457763672,26.200000762939453,24.16499900817871,653300
2004-01-12,26.25,26.829999923706055,26.200000762939453,26.829999923706055,24.74605941772461,315500
2004-01-13,28.700000762939453,29.3700008392334,28.299999237060547,29.049999237060547,26.793630599975586,1079000
2004-01-14,28.979999542236328,28.989999771118164,28.399999618530273,28.770000457763672,26.535377502441406,411900
2004-01-15,28.670000076293945,29.040000915527344,28.450000762939453,28.860000610351562,26.618389129638672,279200
2004-01-16,28.84000015258789,29.049999237060547,28.700000762939453,28.8700008392334,26.627614974975586,256100
2004-01-20,28.799999237060547,29.440000534057617,28.5,29.440000534057617,27.153339385986328,341300
2004-01-21,29.200000762939453,29.239999771118164,28.950000762939453,29.020000457763672,26.765960693359375,417900
2004-01-22,28.40999984741211,28.469999313354492,27.600000381469727,28.469999313354492,26.258682250976562,1003500
2004-01-23,28.3799991607666,29.09000015258789,28.299999237060547,29.020000457763672,26.765960693359375,564900
2004-01-26,29.149999618530273,29.43000030517578,28.989999771118164,29.31999969482422,27.04265594482422,499100
2004-01-27,29.31999969482422,29.329999923706055,29.15999984741211,29.209999084472656,26.941200256347656,316400
2004-01-28,29.209999084472656,29.350000381469727,29.010000228881836,29.200000762939453,26.931976318359375,574700
2004-01-29,29.15999984741211,29.600000381469727,29.15999984741211,29.350000381469727,27.070323944091797,516500
2004-01-30,29.350000381469727,29.670000076293945,29.100000381469727,29.6299991607666,27.328577041625977,507600
2004-02-02,29.6299991607666,29.790000915527344,29.399999618530273,29.75,27.439258575439453,526400
2004-02-03,29.700000762939453,29.81999969482422,29.420000076293945,29.75,27.439258575439453,434700
2004-02-04,29.75,30.450000762939453,29.479999542236328,30.149999618530273,27.80819320678711,836000
2004-02-05,30.15999984741211,30.15999984741211,29.829999923706055,29.979999542236328,27.651395797729492,417200
2004-02-06,29.950000762939453,30.389999389648438,29.899999618530273,30.389999389648438,28.02954864501953,360700
2004-02-09,30.389999389648438,30.920000076293945,30.270000457763672,30.639999389648438,28.2601318359375,297700
2004-02-10,30.790000915527344,31.889999389648438,30.790000915527344,31.520000457763672,29.071781158447266,476200
2004-02-11,31.520000457763672,31.809999465942383,31.09000015258789,31.450000762939453,29.007213592529297,722800
2004-02-12,31.299999237060547,31.899999618530273,30.969999313354492,31.3799991607666,28.94265365600586,350800
2004-02-13,31.350000381469727,31.56999969482422,30.93000030517578,31.40999984741211,28.97032928466797,201400
2004-02-17,30.649999618530273,31.239999771118164,30.5,30.979999542236328,28.573719024658203,475000
2004-02-18,30.899999618530273,30.899999618530273,30.510000228881836,30.81999969482422,28.426151275634766,383400
2004-02-19,30.899999618530273,31.149999618530273,30.799999237060547,30.809999465942383,28.41692352294922,241600
2004-02-20,30.68000030517578,30.75,30.219999313354492,30.469999313354492,28.103334426879883,185000
2004-02-23,30.469999313354492,30.56999969482422,29.389999389648438,29.5,27.20867919921875,607100
2004-02-24,29.510000228881836,29.690000534057617,29.420000076293945,29.520000457763672,27.22712516784668,294000
2004-02-25,29.520000457763672,29.579999923706055,28.399999618530273,29.31999969482422,27.04265594482422,1027000
2004-02-26,29.329999923706055,29.450000762939453,28.799999237060547,29.3700008392334,27.088775634765625,705800
2004-02-27,29.3799991607666,29.979999542236328,29.219999313354492,29.719999313354492,27.411588668823242,256100
2004-03-01,29.950000762939453,30.520000457763672,29.8799991607666,30.520000457763672,28.14945411682129,367600
2004-03-02,30.350000381469727,30.350000381469727,29.719999313354492,29.729999542236328,27.420814514160156,338700
2004-03-03,29.719999313354492,29.719999313354492,28.969999313354492,29.190000534057617,26.922752380371094,494700
2004-03-04,29.190000534057617,31.170000076293945,29.190000534057617,30.90999984741211,28.5091609954834,442800
2004-03-05,30.700000762939453,31.170000076293945,30.420000076293945,30.940000534057617,28.536827087402344,275600
2004-03-08,30.950000762939453,31.260000228881836,30.770000457763672,30.850000381469727,28.45381736755371,333500
2004-03-09,30.850000381469727,30.850000381469727,30.360000610351562,30.6299991607666,28.25090980529785,282900
2004-03-10,30.6299991607666,30.829999923706055,29.889999389648438,29.899999618530273,27.577604293823242,337500
2004-03-11,29.899999618530273,30.030000686645508,29.049999237060547,29.059999465942383,26.802854537963867,528900
2004-03-12,29.010000228881836,29.079999923706055,28.799999237060547,28.989999771118164,26.738290786743164,454700
2004-03-15,29.100000381469727,29.110000610351562,28.559999465942383,28.600000381469727,26.37858009338379,203500
2004-03-16,29.0,29.0,28.399999618530273,28.760000228881836,26.526153564453125,253700
2004-03-17,28.81999969482422,29.239999771118164,28.770000457763672,29.219999313354492,26.95042610168457,156100
2004-03-18,29.219999313354492,29.25,28.799999237060547,29.1200008392334,26.858186721801758,183300
2004-03-19,29.0,29.25,28.93000030517578,28.979999542236328,26.729063034057617,175800
2004-03-22,28.979999542236328,28.979999542236328,28.1200008392334,28.3700008392334,26.16645050048828,190700
2004-03-23,28.469999313354492,28.940000534057617,28.299999237060547,28.690000534057617,26.461593627929688,147100
2004-03-24,28.639999389648438,29.149999618530273,28.540000915527344,28.709999084472656,26.48004150390625,220200
2004-03-25,28.889999389648438,29.520000457763672,28.84000015258789,29.399999618530273,27.116443634033203,186000
2004-03-26,29.200000762939453,29.5,28.940000534057617,29.290000915527344,27.014989852905273,108800
2004-03-29,29.299999237060547,30.149999618530273,29.229999542236328,29.719999313354492,27.411588668823242,238600
2004-03-30,29.600000381469727,29.899999618530273,29.59000015258789,29.600000381469727,27.30091094970703,179000
2004-03-31,29.649999618530273,30.3700008392334,29.309999465942383,30.149999618530273,27.80819320678711,198700
2004-04-01,30.020000457763672,31.06999969482422,30.020000457763672,30.8700008392334,28.47226333618164,339400
2004-04-02,31.25,31.350000381469727,30.719999313354492,31.200000762939453,28.776636123657227,217900
2004-04-05,31.209999084472656,31.65999984741211,31.1200008392334,31.6200008392334,29.16401481628418,229600
2004-04-06,31.209999084472656,31.850000381469727,31.200000762939453,31.389999389648438,28.951881408691406,189500
2004-04-07,31.25,32.099998474121094,31.170000076293945,31.8700008392334,29.394596099853516,245400
2004-04-08,31.979999542236328,32.25,31.670000076293945,32.08000183105469,29.58828353881836,219700
2004-04-12,31.950000762939453,32.349998474121094,31.940000534057617,32.20000076293945,29.69896125793457,155900
2004-04-13,32.349998474121094,32.380001068115234,31.799999237060547,32.0,29.51449966430664,145500
2004-04-14,31.799999237060547,32.279998779296875,31.579999923706055,31.739999771118164,29.27469253540039,166700
2004-04-15,31.739999771118164,31.940000534057617,31.18000030517578,31.899999618530273,29.422264099121094,169500
2004-04-16,31.75,32.310001373291016,31.75,32.09000015258789,29.597505569458008,139700
2004-04-19,31.899999618530273,32.15999984741211,31.530000686645508,32.11000061035156,29.615957260131836,138300
2004-04-20,32.11000061035156,32.2400016784668,31.600000381469727,32.099998474121094,29.606731414794922,298100
2004-04-21,29.75,29.760000228881836,27.280000686645508,27.540000915527344,25.400911331176758,2906500
2004-04-22,27.850000381469727,29.360000610351562,27.75,29.360000610351562,27.079551696777344,1088100
2004-04-23,29.360000610351562,29.899999618530273,28.299999237060547,28.959999084472656,26.710617065429688,556200
2004-04-26,29.25,29.989999771118164,29.190000534057617,29.600000381469727,27.30091094970703,674000
2004-04-27,29.700000762939453,29.989999771118164,28.65999984741211,28.950000762939453,26.701396942138672,640000
2004-04-28,28.700000762939453,29.850000381469727,28.149999618530273,29.6299991607666,27.328577041625977,562200
2004-04-29,29.450000762939453,29.59000015258789,28.350000381469727,28.65999984741211,26.433923721313477,434100
2004-04-30,28.670000076293945,29.0,28.200000762939453,28.799999237060547,26.563051223754883,268500
2004-05-03,28.690000534057617,29.8799991607666,28.420000076293945,29.579999923706055,27.28246307373047,549500
2004-05-04,29.43000030517578,29.68000030517578,29.1299991607666,29.469999313354492,27.18100357055664,241800
2004-05-05,29.469999313354492,29.809999465942383,29.25,29.799999237060547,27.48537826538086,213700
2004-05-06,29.649999618530273,29.649999618530273,28.700000762939453,29.489999771118164,27.199453353881836,241500
2004-05-07,29.399999618530273,29.600000381469727,28.6299991607666,28.6299991607666,26.406251907348633,198600
2004-05-10,28.540000915527344,28.540000915527344,27.31999969482422,27.780000686645508,25.622272491455078,396500
2004-05-11,27.690000534057617,28.200000762939453,27.520000457763672,27.93000030517578,25.760618209838867,239200
2004-05-12,27.950000762939453,27.950000762939453,27.0,27.610000610351562,25.465476989746094,295400
2004-05-13,27.600000381469727,27.889999389648438,27.190000534057617,27.649999618530273,25.502370834350586,227000
2004-05-14,27.549999237060547,27.549999237060547,26.780000686645508,27.030000686645508,24.930526733398438,553300
2004-05-17,27.0,27.0,26.309999465942383,26.56999969482422,24.506254196166992,230400
2004-05-18,26.649999618530273,26.770000457763672,26.440000534057617,26.649999618530273,24.58003807067871,224000
2004-05-19,26.850000381469727,27.100000381469727,26.43000030517578,26.5,24.441696166992188,174000
2004-05-20,26.549999237060547,26.610000610351562,26.100000381469727,26.229999542236328,24.192665100097656,131500
2004-05-21,26.280000686645508,26.549999237060547,25.940000534057617,26.030000686645508,24.008195877075195,348400
2004-05-24,26.25,26.770000457763672,26.239999771118164,26.520000457763672,24.460140228271484,318900
2004-05-25,26.399999618530273,26.940000534057617,26.1200008392334,26.850000381469727,24.764511108398438,420000
2004-05-26,26.850000381469727,27.049999237060547,26.700000762939453,27.0,24.902856826782227,242200
2004-05-27,26.889999389648438,27.8799991607666,26.600000381469727,27.8799991607666,25.714502334594727,342900
2004-05-28,27.81999969482422,28.0,26.889999389648438,27.059999465942383,24.95819664001465,454900
2004-06-01,27.1200008392334,28.579999923706055,26.959999084472656,28.540000915527344,26.3232421875,617800
2004-06-02,28.700000762939453,28.739999771118164,28.239999771118164,28.610000610351562,26.38780403137207,228000
2004-06-03,28.43000030517578,28.43000030517578,27.420000076293945,27.420000076293945,25.290237426757812,356100
2004-06-04,27.600000381469727,27.75,27.420000076293945,27.579999923706055,25.43780517578125,352900
2004-06-07,27.799999237060547,28.399999618530273,27.700000762939453,28.25,26.055768966674805,174200
2004-06-08,28.25,28.399999618530273,25.899999618530273,28.25,26.055768966674805,247600
2004-06-09,28.049999237060547,28.360000610351562,27.93000030517578,27.959999084472656,25.788286209106445,281100
2004-06-10,27.959999084472656,28.239999771118164,27.950000762939453,28.100000381469727,25.917415618896484,236000
2004-06-14,28.100000381469727,28.450000762939453,28.06999969482422,28.190000534057617,26.000425338745117,381100
2004-06-15,28.260000228881836,28.790000915527344,28.190000534057617,28.520000457763672,26.304794311523438,255000
2004-06-16,28.649999618530273,28.780000686645508,28.309999465942383,28.600000381469727,26.37858009338379,129800
2004-06-17,28.399999618530273,28.690000534057617,28.190000534057617,28.270000457763672,26.074214935302734,138300
2004-06-18,27.5,27.739999771118164,27.149999618530273,27.360000610351562,25.234893798828125,360300
2004-06-21,27.399999618530273,27.719999313354492,26.950000762939453,27.579999923706055,25.43780517578125,270300
2004-06-22,27.600000381469727,28.65999984741211,27.5,28.5,26.286352157592773,324000
2004-06-23,28.260000228881836,28.649999618530273,27.389999389648438,28.559999465942383,26.34168815612793,573400
2004-06-24,28.110000610351562,28.110000610351562,26.81999969482422,27.110000610351562,25.00431251525879,626000
2004-06-25,27.239999771118164,28.229999542236328,27.0,27.0,24.902856826782227,634100
2004-06-28,27.149999618530273,28.110000610351562,27.149999618530273,27.799999237060547,25.640718460083008,477400
2004-06-29,27.799999237060547,27.809999465942383,27.030000686645508,27.209999084472656,25.09654426574707,450600
2004-06-30,27.309999465942383,27.459999084472656,27.059999465942383,27.420000076293945,25.290237426757812,254700
2004-07-01,27.450000762939453,27.739999771118164,27.100000381469727,27.40999984741211,25.281009674072266,355400
2004-07-02,27.420000076293945,27.420000076293945,26.100000381469727,26.6299991607666,24.561594009399414,382800
2004-07-06,26.6200008392334,26.6200008392334,25.899999618530273,26.25,24.211109161376953,405100
2004-07-07,26.25,26.389999389648438,26.010000228881836,26.260000228881836,24.2203369140625,293300
2004-07-08,26.290000915527344,26.6200008392334,26.06999969482422,26.18000030517578,24.146547317504883,260700
2004-07-09,26.149999618530273,26.34000015258789,25.700000762939453,26.149999618530273,24.11887550354004,210000
2004-07-12,25.93000030517578,26.049999237060547,25.100000381469727,25.68000030517578,23.685382843017578,539400
2004-07-13,25.850000381469727,25.8700008392334,25.3700008392334,25.649999618530273,23.657711029052734,450100
2004-07-14,25.5,26.1299991607666,25.420000076293945,25.6299991607666,23.639266967773438,462400
2004-07-15,25.700000762939453,26.239999771118164,25.540000915527344,26.06999969482422,24.045087814331055,168600
2004-07-16,26.209999084472656,26.25,25.540000915527344,25.56999969482422,23.583932876586914,202500
2004-07-19,25.5,25.540000915527344,24.81999969482422,24.889999389648438,22.956743240356445,339600
2004-07-20,24.969999313354492,25.299999237060547,24.850000381469727,25.190000534057617,23.23344612121582,438800
2004-07-21,25.200000762939453,25.450000762939453,25.079999923706055,25.1299991607666,23.1781005859375,564900
2004-07-22,24.899999618530273,25.020000457763672,23.920000076293945,24.459999084472656,22.56014060974121,427500
2004-07-23,24.459999084472656,24.770000457763672,24.030000686645508,24.239999771118164,22.35722541809082,216900
2004-07-26,24.25,24.65999984741211,23.8700008392334,24.030000686645508,22.16353988647461,321300
2004-07-27,24.149999618530273,24.770000457763672,24.149999618530273,24.600000381469727,22.68927001953125,243300
2004-07-28,24.200000762939453,24.200000762939453,22.34000015258789,23.610000610351562,21.776165008544922,720500
2004-07-29,23.6200008392334,24.1200008392334,23.600000381469727,24.09000015258789,22.218881607055664,401500
2004-07-30,24.020000457763672,24.020000457763672,23.139999389648438,23.25,21.444124221801758,319600
2004-08-02,22.5,22.6299991607666,19.829999923706055,20.299999237060547,18.723257064819336,2901700
2004-08-03,21.0,21.0,20.68000030517578,20.780000686645508,19.165983200073242,1339500
2004-08-04,20.68000030517578,20.709999084472656,20.149999618530273,20.469999313354492,18.88005256652832,738900
2004-08-05,20.479999542236328,20.780000686645508,19.809999465942383,19.829999923706055,18.289762496948242,663600
2004-08-06,19.829999923706055,20.1299991607666,19.219999313354492,20.010000228881836,18.455785751342773,711000
2004-08-09,20.010000228881836,20.360000610351562,19.540000915527344,20.1200008392334,18.557239532470703,604200
2004-08-10,20.1200008392334,20.850000381469727,20.1200008392334,20.780000686645508,19.165983200073242,478000
2004-08-11,20.3700008392334,21.1200008392334,20.149999618530273,20.979999542236328,19.35044288635254,648600
2004-08-12,20.8799991607666,20.8799991607666,20.31999969482422,20.540000915527344,18.94462013244629,513800
2004-08-13,20.520000457763672,20.520000457763672,20.030000686645508,20.469999313354492,18.88005256652832,571200
2004-08-16,20.43000030517578,20.860000610351562,20.149999618530273,20.600000381469727,18.99995994567871,409600
2004-08-17,20.68000030517578,21.479999542236328,20.5,20.6299991607666,19.02762222290039,526200
2004-08-18,20.459999084472656,21.200000762939453,20.209999084472656,21.100000381469727,19.461118698120117,493100
2004-08-19,18.549999237060547,19.540000915527344,17.09000015258789,18.100000381469727,16.694135665893555,5772100
2004-08-20,18.25,19.90999984741211,18.100000381469727,19.6299991607666,18.105297088623047,1785700
2004-08-23,19.350000381469727,19.6299991607666,19.030000686645508,19.31999969482422,17.81937599182129,563800
2004-08-24,19.350000381469727,19.59000015258789,19.25,19.3799991607666,17.874723434448242,648000
2004-08-25,19.5,19.6200008392334,19.280000686645508,19.600000381469727,18.07762908935547,554100
2004-08-26,19.600000381469727,20.049999237060547,19.600000381469727,19.940000534057617,18.391218185424805,1079800
2004-08-27,19.989999771118164,20.399999618530273,19.68000030517578,20.010000228881836,18.455785751342773,403900
2004-08-30,20.010000228881836,20.170000076293945,19.670000076293945,19.670000076293945,18.14219093322754,293600
2004-08-31,19.68000030517578,19.8799991607666,19.299999237060547,19.420000076293945,17.91161346435547,291300
2004-09-01,19.600000381469727,20.190000534057617,19.3799991607666,20.18000030517578,18.612581253051758,551600
2004-09-02,19.969999313354492,20.399999618530273,19.799999237060547,20.270000457763672,18.695592880249023,351000
2004-09-03,20.25,20.81999969482422,20.1299991607666,20.670000076293945,19.06451988220215,429900
2004-09-07,20.850000381469727,21.209999084472656,20.729999542236328,21.0,19.3688907623291,531700
2004-09-08,21.25,21.299999237060547,21.020000457763672,21.229999542236328,19.581022262573242,634000
2004-09-09,21.229999542236328,21.3700008392334,21.049999237060547,21.260000228881836,19.608694076538086,505700
2004-09-10,21.280000686645508,21.34000015258789,21.0,21.149999618530273,19.507238388061523,226500
2004-09-13,21.219999313354492,21.290000915527344,20.899999618530273,20.950000762939453,19.322772979736328,308200
2004-09-14,20.790000915527344,20.920000076293945,20.280000686645508,20.530000686645508,18.935394287109375,587000
2004-09-15,20.549999237060547,20.899999618530273,20.350000381469727,20.780000686645508,19.165983200073242,287300
2004-09-16,20.690000534057617,21.09000015258789,20.690000534057617,21.010000228881836,19.378114700317383,171700
2004-09-17,20.8799991607666,21.100000381469727,20.649999618530273,20.860000610351562,19.239765167236328,310800
2004-09-20,20.860000610351562,20.8799991607666,20.489999771118164,20.579999923706055,18.98151397705078,428100
2004-09-21,20.68000030517578,20.81999969482422,20.43000030517578,20.780000686645508,19.165983200073242,369500
2004-09-22,20.850000381469727,20.979999542236328,20.649999618530273,20.65999984741211,19.0553035736084,329900
2004-09-23,20.579999923706055,20.6299991607666,19.959999084472656,20.1299991607666,18.56646156311035,485000
2004-09-24,20.18000030517578,20.649999618530273,20.0,20.440000534057617,18.852386474609375,256500
2004-09-27,20.3700008392334,20.3700008392334,19.850000381469727,20.200000762939453,18.631027221679688,385400
2004-09-28,20.149999618530273,20.299999237060547,19.780000686645508,20.059999465942383,18.50189971923828,425900
2004-09-29,20.15999984741211,20.649999618530273,20.1299991607666,20.6299991607666,19.02762222290039,256900
2004-09-30,20.559999465942383,20.809999465942383,20.399999618530273,20.709999084472656,19.101411819458008,228100
2004-10-01,20.729999542236328,20.829999923706055,20.540000915527344,20.709999084472656,19.101411819458008,295700
2004-10-04,20.75,20.75,20.59000015258789,20.75,19.138303756713867,316000
2004-10-05,20.75,20.809999465942383,20.530000686645508,20.56999969482422,18.972286224365234,341500
2004-10-06,20.56999969482422,20.56999969482422,20.110000610351562,20.56999969482422,18.972286224365234,255800
2004-10-07,20.700000762939453,20.700000762939453,20.110000610351562,20.299999237060547,18.723257064819336,296200
2004-10-08,20.200000762939453,20.309999465942383,20.059999465942383,20.25,18.677141189575195,477800
2004-10-11,20.170000076293945,20.459999084472656,20.170000076293945,20.360000610351562,18.778596878051758,377600
2004-10-12,20.200000762939453,20.3799991607666,20.0,20.239999771118164,18.667917251586914,386000
2004-10-13,20.209999084472656,20.309999465942383,20.010000228881836,20.149999618530273,18.584911346435547,303700
2004-10-14,20.049999237060547,20.229999542236328,20.010000228881836,20.100000381469727,18.538789749145508,200100
2004-10-15,20.110000610351562,20.110000610351562,19.8700008392334,20.040000915527344,18.483455657958984,300500
2004-10-18,19.899999618530273,20.25,19.649999618530273,20.1200008392334,18.557239532470703,612000
2004-10-19,20.040000915527344,20.200000762939453,19.700000762939453,19.75,18.215980529785156,494200
2004-10-20,19.700000762939453,19.8799991607666,19.34000015258789,19.530000686645508,18.013065338134766,569700
2004-10-21,15.0,15.0,13.0,14.600000381469727,13.465988159179688,12577100
2004-10-22,14.600000381469727,15.100000381469727,14.319999694824219,14.5,13.37375545501709,1224700
2004-10-25,14.489999771118164,14.539999961853027,14.079999923706055,14.220000267028809,13.115506172180176,955400
2004-10-26,14.170000076293945,14.420000076293945,14.010000228881836,14.34000015258789,13.226186752319336,552100
2004-10-27,14.4399995803833,14.800000190734863,14.329999923706055,14.680000305175781,13.539775848388672,1408600
2004-10-28,14.520000457763672,14.770000457763672,14.510000228881836,14.600000381469727,13.465988159179688,866000
2004-10-29,14.649999618530273,14.6899995803833,14.399999618530273,14.600000381469727,13.465988159179688,1501900
2004-11-01,14.649999618530273,14.649999618530273,14.319999694824219,14.569999694824219,13.438318252563477,809200
2004-11-02,14.550000190734863,14.640000343322754,14.329999923706055,14.420000076293945,13.299972534179688,759100
2004-11-03,14.670000076293945,14.819999694824219,14.430000305175781,14.539999961853027,13.410649299621582,1107300
2004-11-04,14.479999542236328,14.890000343322754,14.359999656677246,14.859999656677246,13.705794334411621,601600
2004-11-05,14.859999656677246,15.069999694824219,14.779999732971191,15.029999732971191,13.862588882446289,529500
2004-11-08,15.15999984741211,15.520000457763672,15.079999923706055,15.260000228881836,14.074727058410645,620800
2004-11-09,15.260000228881836,15.520000457763672,15.220000267028809,15.390000343322754,14.194628715515137,597300
2004-11-10,15.4399995803833,15.579999923706055,14.949999809265137,15.3100004196167,14.120843887329102,762600
2004-11-11,15.279999732971191,15.539999961853027,15.25,15.449999809265137,14.249966621398926,577800
2004-11-12,15.449999809265137,15.630000114440918,15.260000228881836,15.630000114440918,14.415987014770508,246000
2004-11-15,15.720000267028809,15.850000381469727,15.449999809265137,15.75,14.526666641235352,340300
2004-11-16,15.600000381469727,15.9399995803833,15.520000457763672,15.8100004196167,14.58200740814209,340300
2004-11-17,16.200000762939453,16.440000534057617,16.0,16.0,14.75724983215332,629100
2004-11-18,16.110000610351562,16.299999237060547,16.0,16.25,14.987834930419922,468000
2004-11-19,16.25,16.25,15.289999961853027,15.430000305175781,14.231520652770996,732400
2004-11-22,15.300000190734863,15.3100004196167,14.65999984741211,14.880000114440918,13.724241256713867,1083400
2004-11-23,14.890000343322754,15.039999961853027,14.699999809265137,14.899999618530273,13.74268913269043,815100
2004-11-24,16.549999237060547,18.1200008392334,16.5,17.670000076293945,16.29753875732422,4657600
2004-11-26,17.649999618530273,17.700000762939453,16.739999771118164,17.040000915527344,15.716470718383789,779400
2004-11-29,17.1200008392334,17.209999084472656,16.719999313354492,17.020000457763672,15.69802474975586,829600
2004-11-30,17.170000076293945,17.170000076293945,16.709999084472656,16.860000610351562,15.550453186035156,617500
2004-12-01,16.979999542236328,17.040000915527344,16.899999618530273,16.940000534057617,15.624235153198242,637300
2004-12-02,17.0,17.170000076293945,16.809999465942383,17.010000228881836,15.688798904418945,794400
2004-12-03,16.93000030517578,17.1299991607666,16.799999237060547,17.079999923706055,15.7533597946167,726100
2004-12-06,16.899999618530273,16.899999618530273,16.1299991607666,16.200000762939453,14.941717147827148,1374700
2004-12-07,16.3700008392334,16.969999313354492,16.299999237060547,16.790000915527344,15.485888481140137,864500
2004-12-08,16.510000228881836,17.75,16.299999237060547,17.40999984741211,16.05773162841797,1627200
2004-12-09,17.649999618530273,17.850000381469727,17.149999618530273,17.15999984741211,15.827149391174316,2064100
2004-12-10,17.15999984741211,17.229999542236328,16.8799991607666,16.950000762939453,15.63345718383789,807500
2004-12-13,17.049999237060547,17.049999237060547,16.700000762939453,16.700000762939453,15.402876853942871,566600
2004-12-14,16.93000030517578,17.670000076293945,16.829999923706055,17.489999771118164,16.131515502929688,968000
2004-12-15,17.25,17.510000228881836,17.25,17.40999984741211,16.05773162841797,398300
2004-12-16,17.200000762939453,17.3799991607666,16.950000762939453,16.950000762939453,15.63345718383789,976800
2004-12-17,16.899999618530273,17.040000915527344,16.700000762939453,17.020000457763672,15.69802474975586,1462900
2004-12-20,17.200000762939453,17.200000762939453,16.860000610351562,16.889999389648438,15.578117370605469,683500
2004-12-21,16.780000686645508,16.989999771118164,16.75,16.850000381469727,15.541229248046875,571500
2004-12-22,16.940000534057617,17.5,16.8700008392334,17.31999969482422,15.974722862243652,378000
2004-12-23,17.149999618530273,17.350000381469727,16.950000762939453,17.239999771118164,15.900935173034668,233500
2004-12-27,17.3799991607666,17.389999389648438,17.049999237060547,17.1200008392334,15.79025650024414,269600
2004-12-28,17.350000381469727,17.709999084472656,17.350000381469727,17.520000457763672,16.159191131591797,467200
2004-12-29,17.3799991607666,17.530000686645508,17.350000381469727,17.489999771118164,16.131515502929688,352300
2004-12-30,17.5,17.5,17.040000915527344,17.450000762939453,16.09462547302246,502100
2004-12-31,17.5,17.5,17.209999084472656,17.360000610351562,16.01161766052246,244200
2005-01-03,17.5,17.6299991607666,17.06999969482422,17.190000534057617,15.854823112487793,380700
2005-01-04,17.200000762939453,17.270000457763672,16.780000686645508,16.889999389648438,15.578117370605469,559000
2005-01-05,16.75,16.75,16.350000381469727,16.3700008392334,15.098509788513184,624800
2005-01-06,16.489999771118164,16.899999618530273,16.440000534057617,16.690000534057617,15.393656730651855,527200
2005-01-07,16.700000762939453,16.770000457763672,16.209999084472656,16.280000686645508,15.015501022338867,669700
2005-01-10,16.309999465942383,16.65999984741211,16.200000762939453,16.5,15.218411445617676,949700
2005-01-11,16.399999618530273,16.670000076293945,16.31999969482422,16.389999389648438,15.11695384979248,459500
2005-01-12,16.360000610351562,16.8700008392334,16.309999465942383,16.829999923706055,15.522782325744629,348100
2005-01-13,16.780000686645508,16.780000686645508,16.18000030517578,16.239999771118164,14.978609085083008,610100
2005-01-14,16.299999237060547,16.510000228881836,16.020000457763672,16.469999313354492,15.190743446350098,544700
2005-01-18,16.510000228881836,16.790000915527344,16.299999237060547,16.549999237060547,15.264528274536133,300100
2005-01-19,16.510000228881836,16.510000228881836,15.760000228881836,15.949999809265137,14.711132049560547,817400
2005-01-20,16.010000228881836,16.09000015258789,15.859999656677246,15.960000038146973,14.720354080200195,530200
2005-01-21,16.010000228881836,16.010000228881836,15.569999694824219,15.710000038146973,14.489770889282227,596600
2005-01-24,16.09000015258789,16.600000381469727,15.779999732971191,15.880000114440918,14.646570205688477,661700
2005-01-25,15.930000305175781,16.100000381469727,15.850000381469727,15.9399995803833,14.701910018920898,1204100
2005-01-26,15.90999984741211,16.09000015258789,15.75,15.899999618530273,14.66501522064209,714600
2005-01-27,15.90999984741211,15.90999984741211,15.449999809265137,15.449999809265137,14.249966621398926,827300
2005-01-28,15.899999618530273,18.25,15.850000381469727,17.5,16.140737533569336,2639200
2005-01-31,17.8799991607666,18.059999465942383,17.520000457763672,17.739999771118164,16.362096786499023,1383900
2005-02-01,17.780000686645508,17.920000076293945,17.540000915527344,17.700000762939453,16.325204849243164,622300
2005-02-02,17.639999389648438,18.079999923706055,17.5,17.899999618530273,16.50967025756836,571100
2005-02-03,18.010000228881836,18.290000915527344,17.84000015258789,18.0,16.601903915405273,719800
2005-02-04,18.0,18.420000076293945,18.0,18.420000076293945,16.989282608032227,432800
2005-02-07,18.43000030517578,18.68000030517578,17.799999237060547,18.0,16.601903915405273,767700
2005-02-08,18.190000534057617,18.489999771118164,18.09000015258789,18.31999969482422,16.897050857543945,341000
2005-02-09,18.3700008392334,18.3700008392334,17.889999389648438,17.950000762939453,16.555789947509766,416000
2005-02-10,17.920000076293945,18.040000915527344,17.75,17.850000381469727,16.46355438232422,277300
2005-02-11,17.850000381469727,18.360000610351562,17.84000015258789,18.209999084472656,16.795595169067383,320300
2005-02-14,18.209999084472656,18.3799991607666,17.989999771118164,18.219999313354492,16.80481719970703,313400
2005-02-15,18.170000076293945,18.450000762939453,18.1200008392334,18.280000686645508,16.860157012939453,483900
2005-02-16,18.18000030517578,18.290000915527344,18.030000686645508,18.219999313354492,16.80481719970703,265600
2005-02-17,18.219999313354492,18.219999313354492,17.84000015258789,17.969999313354492,16.574234008789062,235300
2005-02-18,17.969999313354492,18.09000015258789,17.729999542236328,17.770000457763672,16.389766693115234,268000
2005-02-22,17.709999084472656,17.709999084472656,17.110000610351562,17.270000457763672,15.928606033325195,376400
2005-02-23,17.3700008392334,17.610000610351562,17.309999465942383,17.309999465942383,15.965497970581055,284700
2005-02-24,17.389999389648438,17.43000030517578,17.0,17.219999313354492,15.882490158081055,341200
2005-02-25,17.239999771118164,17.479999542236328,17.09000015258789,17.450000762939453,16.09462547302246,167400
2005-02-28,17.450000762939453,17.600000381469727,17.209999084472656,17.3799991607666,16.030061721801758,263100
2005-03-01,17.459999084472656,17.65999984741211,17.100000381469727,17.260000228881836,15.919384956359863,369900
2005-03-02,17.260000228881836,17.520000457763672,17.229999542236328,17.299999237060547,15.956273078918457,206800
2005-03-03,17.290000915527344,17.5,17.110000610351562,17.260000228881836,15.919384956359863,267400
2005-03-04,17.360000610351562,17.450000762939453,17.299999237060547,17.399999618530273,16.048507690429688,218700
2005-03-07,17.399999618530273,18.549999237060547,17.290000915527344,18.3700008392334,16.94316291809082,592400
2005-03-08,18.3700008392334,18.719999313354492,18.260000228881836,18.31999969482422,16.897050857543945,664300
2005-03-09,18.200000762939453,18.360000610351562,17.920000076293945,18.010000228881836,16.611127853393555,1334500
2005-03-10,18.010000228881836,18.139999389648438,17.940000534057617,18.100000381469727,16.694135665893555,314500
2005-03-11,18.049999237060547,18.15999984741211,17.969999313354492,18.110000610351562,16.70336151123047,483600
2005-03-14,18.059999465942383,18.360000610351562,18.010000228881836,18.360000610351562,16.93394660949707,412400
2005-03-15,18.360000610351562,18.760000228881836,18.260000228881836,18.760000228881836,17.302875518798828,804800
2005-03-16,18.760000228881836,19.18000030517578,18.760000228881836,18.899999618530273,17.43199920654297,1169200
2005-03-17,18.829999923706055,19.1299991607666,18.829999923706055,19.100000381469727,17.616464614868164,490300
2005-03-18,19.25,19.350000381469727,19.149999618530273,19.239999771118164,17.745590209960938,606900
2005-03-21,19.149999618530273,19.15999984741211,18.799999237060547,19.059999465942383,17.57956886291504,334700
2005-03-22,19.059999465942383,19.079999923706055,18.75,19.059999465942383,17.57956886291504,404600
2005-03-23,19.09000015258789,19.100000381469727,18.68000030517578,18.940000534057617,17.468889236450195,489900
2005-03-24,18.989999771118164,19.06999969482422,18.84000015258789,18.850000381469727,17.385881423950195,196200
2005-03-28,18.940000534057617,19.299999237060547,18.850000381469727,19.229999542236328,17.73636817932129,713800
2005-03-29,19.1200008392334,19.280000686645508,18.770000457763672,19.030000686645508,17.551904678344727,639200
2005-03-30,19.020000457763672,19.200000762939453,18.93000030517578,19.010000228881836,17.53345489501953,1230100
2005-03-31,19.010000228881836,19.030000686645508,18.770000457763672,18.920000076293945,17.45044708251953,347600
2005-04-01,19.0,19.139999389648438,18.690000534057617,18.93000030517578,17.459674835205078,554000
2005-04-04,18.850000381469727,19.079999923706055,18.799999237060547,19.059999465942383,17.57956886291504,376600
2005-04-05,19.200000762939453,19.700000762939453,19.200000762939453,19.389999389648438,17.883941650390625,463000
2005-04-06,19.5,19.530000686645508,19.170000076293945,19.389999389648438,17.883941650390625,260300
2005-04-07,19.270000457763672,19.579999923706055,19.239999771118164,19.579999923706055,18.05918312072754,323900
2005-04-08,19.489999771118164,19.549999237060547,19.350000381469727,19.479999542236328,17.966951370239258,643400
2005-04-11,19.549999237060547,19.690000534057617,19.360000610351562,19.6299991607666,18.105297088623047,377400
2005-04-12,19.670000076293945,19.690000534057617,19.360000610351562,19.59000015258789,18.06840705871582,562200
2005-04-13,19.600000381469727,20.1299991607666,19.549999237060547,19.829999923706055,18.289762496948242,738700
2005-04-14,19.799999237060547,20.079999923706055,19.780000686645508,19.969999313354492,18.418893814086914,407400
2005-04-15,19.959999084472656,20.06999969482422,19.760000228881836,19.81999969482422,18.28053855895996,562200
2005-04-18,19.75,19.75,19.479999542236328,19.510000228881836,17.994619369506836,236800
2005-04-19,19.459999084472656,19.559999465942383,18.950000762939453,19.389999389648438,17.883941650390625,633400
2005-04-20,19.350000381469727,19.739999771118164,19.18000030517578,19.329999923706055,17.82860565185547,499200
2005-04-21,19.34000015258789,19.959999084472656,19.34000015258789,19.760000228881836,18.225200653076172,425900
2005-04-22,22.399999618530273,23.34000015258789,21.979999542236328,23.200000762939453,21.398014068603516,4400700
2005-04-25,23.200000762939453,24.479999542236328,23.079999923706055,24.149999618530273,22.27422523498535,2037400
2005-04-26,24.25,24.25,23.760000228881836,23.799999237060547,21.951404571533203,1014400
2005-04-27,23.799999237060547,23.809999465942383,23.209999084472656,23.399999618530273,21.582473754882812,851200
2005-04-28,23.399999618530273,23.559999465942383,22.979999542236328,23.059999465942383,21.268882751464844,722900
2005-04-29,23.170000076293945,23.18000030517578,22.600000381469727,22.799999237060547,21.02907943725586,549500
2005-05-02,22.850000381469727,23.170000076293945,22.5,22.68000030517578,20.91840171813965,669500
2005-05-03,22.520000457763672,22.549999237060547,22.149999618530273,22.25,20.521799087524414,1013000
2005-05-04,22.049999237060547,22.09000015258789,20.809999465942383,21.0,19.3688907623291,1324600
2005-05-05,21.290000915527344,21.729999542236328,21.18000030517578,21.489999771118164,19.820829391479492,844400
2005-05-06,21.520000457763672,21.540000915527344,21.219999313354492,21.309999465942383,19.654809951782227,377500
2005-05-09,21.270000457763672,21.670000076293945,21.149999618530273,21.600000381469727,19.922290802001953,279800
2005-05-10,21.6200008392334,21.809999465942383,21.420000076293945,21.5,19.83005142211914,367700
2005-05-11,21.399999618530273,21.489999771118164,21.219999313354492,21.3799991607666,19.71937370300293,261900
2005-05-12,21.3700008392334,21.389999389648438,20.729999542236328,20.889999389648438,19.267433166503906,348400
2005-05-13,20.81999969482422,20.940000534057617,20.579999923706055,20.770000457763672,19.156755447387695,179700
2005-05-16,20.649999618530273,20.760000228881836,20.450000762939453,20.739999771118164,19.129085540771484,259500
2005-05-17,20.729999542236328,20.950000762939453,20.530000686645508,20.920000076293945,19.295103073120117,222800
2005-05-18,21.0,21.190000534057617,20.90999984741211,21.149999618530273,19.507238388061523,721100
2005-05-19,21.18000030517578,21.190000534057617,20.979999542236328,21.18000030517578,19.534910202026367,236100
2005-05-20,21.18000030517578,21.18000030517578,20.729999542236328,20.950000762939453,19.322772979736328,380400
2005-05-23,21.049999237060547,21.100000381469727,20.799999237060547,21.010000228881836,19.378114700317383,280100
2005-05-24,20.399999618530273,21.010000228881836,20.350000381469727,20.65999984741211,19.0553035736084,427000
2005-05-25,20.65999984741211,20.65999984741211,20.170000076293945,20.260000228881836,18.686363220214844,292200
2005-05-26,20.260000228881836,20.75,20.260000228881836,20.700000762939453,19.09218978881836,279300
2005-05-27,20.780000686645508,21.15999984741211,20.760000228881836,20.969999313354492,19.341218948364258,222400
2005-05-31,21.0,21.079999923706055,20.549999237060547,20.549999237060547,18.953840255737305,416400
2005-06-01,20.540000915527344,20.969999313354492,20.469999313354492,20.969999313354492,19.341218948364258,399500
2005-06-02,20.81999969482422,21.200000762939453,20.729999542236328,21.1299991607666,19.48879623413086,281900
2005-06-03,21.030000686645508,21.190000534057617,20.56999969482422,20.610000610351562,19.009185791015625,231700
2005-06-06,20.56999969482422,21.200000762939453,20.56999969482422,21.170000076293945,19.525686264038086,314700
2005-06-07,21.200000762939453,21.329999923706055,21.0,21.079999923706055,19.44267463684082,284900
2005-06-08,21.149999618530273,21.190000534057617,20.639999389648438,20.770000457763672,19.156755447387695,318200
2005-06-09,20.790000915527344,21.260000228881836,20.649999618530273,21.260000228881836,19.608694076538086,192700
2005-06-10,21.280000686645508,21.280000686645508,20.809999465942383,21.100000381469727,19.461118698120117,161400
2005-06-13,20.989999771118164,21.649999618530273,20.920000076293945,21.610000610351562,19.931509017944336,263300
2005-06-14,21.68000030517578,21.700000762939453,21.5,21.690000534057617,20.005292892456055,155000
2005-06-15,21.729999542236328,21.729999542236328,21.09000015258789,21.399999618530273,19.737817764282227,225200
2005-06-16,21.299999237060547,21.639999389648438,21.219999313354492,21.40999984741211,19.747045516967773,200900
2005-06-17,21.549999237060547,21.600000381469727,20.709999084472656,20.760000228881836,19.147531509399414,559700
2005-06-20,20.719999313354492,20.729999542236328,20.329999923706055,20.6200008392334,19.018404006958008,151200
2005-06-21,20.670000076293945,20.889999389648438,20.209999084472656,20.260000228881836,18.686363220214844,205100
2005-06-22,20.260000228881836,20.34000015258789,19.920000076293945,19.969999313354492,18.418893814086914,285900
2005-06-23,18.549999237060547,20.049999237060547,18.549999237060547,19.760000228881836,18.225200653076172,578700
2005-06-24,19.719999313354492,20.020000457763672,19.059999465942383,19.5,17.985397338867188,1693000
2005-06-27,19.59000015258789,20.190000534057617,19.329999923706055,19.809999465942383,18.271310806274414,429500
2005-06-28,19.719999313354492,20.010000228881836,19.350000381469727,20.0,18.446561813354492,311000
2005-06-29,20.06999969482422,20.329999923706055,20.010000228881836,20.329999923706055,18.750926971435547,397800
2005-06-30,20.43000030517578,20.5,19.899999618530273,19.899999618530273,18.354328155517578,217600
2005-07-01,20.100000381469727,20.68000030517578,20.100000381469727,20.329999923706055,18.750926971435547,394800
2005-07-05,20.389999389648438,20.920000076293945,20.3799991607666,20.690000534057617,19.08296775817871,488000
2005-07-06,20.649999618530273,20.799999237060547,20.299999237060547,20.350000381469727,18.769380569458008,360900
2005-07-07,20.1200008392334,20.350000381469727,19.709999084472656,20.200000762939453,18.631027221679688,295800
2005-07-08,20.299999237060547,20.600000381469727,19.979999542236328,20.239999771118164,18.667917251586914,536900
2005-07-11,20.100000381469727,20.700000762939453,20.100000381469727,20.649999618530273,19.046072006225586,229800
2005-07-12,20.5,20.84000015258789,20.25,20.540000915527344,18.94462013244629,155900
2005-07-13,20.459999084472656,20.709999084472656,20.260000228881836,20.399999618530273,18.815492630004883,266700
2005-07-14,20.549999237060547,20.549999237060547,20.040000915527344,20.100000381469727,18.538789749145508,332700
2005-07-15,19.940000534057617,20.43000030517578,19.940000534057617,20.09000015258789,18.529571533203125,150600
2005-07-18,19.59000015258789,19.950000762939453,19.540000915527344,19.760000228881836,18.225200653076172,390500
2005-07-19,19.940000534057617,20.100000381469727,19.700000762939453,19.860000610351562,18.31743621826172,310400
2005-07-20,19.969999313354492,20.549999237060547,19.610000610351562,20.43000030517578,18.843162536621094,292200
2005-07-21,20.579999923706055,20.610000610351562,19.8799991607666,19.989999771118164,18.437341690063477,345500
2005-07-22,19.989999771118164,20.239999771118164,19.770000457763672,20.239999771118164,18.667917251586914,323700
2005-07-25,20.1299991607666,20.149999618530273,19.6299991607666,19.81999969482422,18.28053855895996,172100
2005-07-26,19.940000534057617,20.200000762939453,19.790000915527344,20.010000228881836,18.455785751342773,226900
2005-07-27,20.110000610351562,20.200000762939453,19.700000762939453,19.75,18.215980529785156,267800
2005-07-28,19.75,20.3799991607666,19.649999618530273,20.270000457763672,18.695592880249023,709100
2005-07-29,20.229999542236328,20.239999771118164,19.75,19.889999389648438,18.345104217529297,370300
2005-08-01,20.0,20.18000030517578,19.8799991607666,20.030000686645508,18.47422981262207,381400
2005-08-02,19.989999771118164,20.100000381469727,19.729999542236328,19.850000381469727,18.308210372924805,317100
2005-08-03,19.770000457763672,19.90999984741211,19.68000030517578,19.799999237060547,18.262094497680664,268300
2005-08-04,19.649999618530273,19.75,19.520000457763672,19.540000915527344,18.022289276123047,268500
2005-08-05,19.399999618530273,19.559999465942383,19.010000228881836,19.049999237060547,17.570348739624023,336700
2005-08-08,19.209999084472656,19.389999389648438,18.81999969482422,19.040000915527344,17.561128616333008,253100
2005-08-09,18.979999542236328,19.049999237060547,18.75,18.950000762939453,17.478116989135742,461800
2005-08-10,18.950000762939453,19.030000686645508,18.510000228881836,18.639999389648438,17.192195892333984,520100
2005-08-11,18.639999389648438,18.760000228881836,18.530000686645508,18.649999618530273,17.201416015625,415000
2005-08-12,18.610000610351562,18.610000610351562,18.020000457763672,18.299999237060547,16.878599166870117,541600
2005-08-15,18.260000228881836,18.649999618530273,18.260000228881836,18.510000228881836,17.072290420532227,513200
2005-08-16,18.399999618530273,18.530000686645508,18.149999618530273,18.25,16.832487106323242,336100
2005-08-17,18.299999237060547,18.399999618530273,18.149999618530273,18.25,16.832487106323242,497500
2005-08-18,18.170000076293945,18.170000076293945,17.899999618530273,18.010000228881836,16.611127853393555,668900
2005-08-19,19.31999969482422,19.450000762939453,18.200000762939453,18.260000228881836,16.841711044311523,1152300
2005-08-22,18.360000610351562,18.450000762939453,17.399999618530273,17.649999618530273,16.27908706665039,775000
2005-08-23,18.299999237060547,18.350000381469727,17.770000457763672,17.860000610351562,16.472780227661133,997800
2005-08-24,17.84000015258789,18.100000381469727,17.81999969482422,17.84000015258789,16.454330444335938,672900
2005-08-25,17.860000610351562,17.989999771118164,17.799999237060547,17.920000076293945,16.528114318847656,562500
2005-08-26,17.860000610351562,17.90999984741211,17.6200008392334,17.809999465942383,16.42666244506836,1071600
2005-08-29,17.690000534057617,18.1200008392334,17.690000534057617,18.059999465942383,16.657245635986328,1133700
2005-08-30,18.100000381469727,18.260000228881836,17.989999771118164,18.100000381469727,16.694135665893555,642000
2005-08-31,18.100000381469727,18.649999618530273,18.0,18.469999313354492,17.0353946685791,682200
2005-09-01,18.3799991607666,18.639999389648438,18.200000762939453,18.59000015258789,17.146080017089844,492200
2005-09-02,18.540000915527344,18.770000457763672,18.440000534057617,18.549999237060547,17.109182357788086,430800
2005-09-06,18.56999969482422,18.889999389648438,18.530000686645508,18.860000610351562,17.395105361938477,351900
2005-09-07,18.889999389648438,18.889999389648438,18.540000915527344,18.84000015258789,17.376659393310547,289700
2005-09-08,18.690000534057617,18.760000228881836,18.459999084472656,18.75,17.293651580810547,438700
2005-09-09,18.75,19.139999389648438,18.6200008392334,19.049999237060547,17.570348739624023,988200
2005-09-12,18.920000076293945,19.209999084472656,18.780000686645508,19.15999984741211,17.671802520751953,428400
2005-09-13,19.040000915527344,19.079999923706055,18.850000381469727,19.010000228881836,17.53345489501953,717600
2005-09-14,19.0,19.079999923706055,18.899999618530273,19.049999237060547,17.570348739624023,546600
2005-09-15,19.049999237060547,19.260000228881836,19.020000457763672,19.1299991607666,17.644134521484375,657800
2005-09-16,19.229999542236328,19.360000610351562,19.1200008392334,19.329999923706055,17.82860565185547,1258500
2005-09-19,19.329999923706055,19.329999923706055,18.780000686645508,19.0,17.52423667907715,788100
2005-09-20,19.0,19.079999923706055,18.8700008392334,19.06999969482422,17.588794708251953,846300
2005-09-21,18.93000030517578,18.950000762939453,18.540000915527344,18.540000915527344,17.09996223449707,466700
2005-09-22,18.40999984741211,18.81999969482422,18.110000610351562,18.770000457763672,17.312095642089844,502500
2005-09-23,18.649999618530273,18.649999618530273,18.350000381469727,18.6299991607666,17.18297004699707,407600
2005-09-26,18.649999618530273,18.950000762939453,18.649999618530273,18.950000762939453,17.478116989135742,513100
2005-09-27,19.06999969482422,19.260000228881836,18.8799991607666,19.020000457763672,17.542678833007812,312700
2005-09-28,19.020000457763672,19.020000457763672,18.690000534057617,18.8700008392334,17.404333114624023,231900
2005-09-29,18.829999923706055,19.040000915527344,18.489999771118164,19.040000915527344,17.561128616333008,225000
2005-09-30,19.0,19.149999618530273,18.920000076293945,19.049999237060547,17.570348739624023,288700
2005-10-03,19.079999923706055,19.6200008392334,19.0,19.3700008392334,17.865497589111328,509000
2005-10-04,19.350000381469727,19.899999618530273,19.309999465942383,19.719999313354492,18.18830680847168,722000
2005-10-05,19.75,20.100000381469727,19.520000457763672,19.520000457763672,18.00384521484375,896500
2005-10-06,19.700000762939453,19.959999084472656,19.579999923706055,19.90999984741211,18.363550186157227,673500
2005-10-07,19.989999771118164,20.56999969482422,19.920000076293945,20.389999389648438,18.8062686920166,695500
2005-10-10,20.399999618530273,20.399999618530273,20.020000457763672,20.209999084472656,18.640249252319336,308900
2005-10-11,20.280000686645508,20.639999389648438,19.90999984741211,19.93000030517578,18.38199806213379,590700
2005-10-12,20.010000228881836,20.239999771118164,19.850000381469727,19.8799991607666,18.33587646484375,671800
2005-10-13,20.059999465942383,20.149999618530273,19.670000076293945,19.719999313354492,18.18830680847168,583300
2005-10-14,19.790000915527344,19.850000381469727,19.360000610351562,19.5,17.985397338867188,458200
2005-10-17,19.510000228881836,19.600000381469727,19.31999969482422,19.59000015258789,18.06840705871582,342300
2005-10-18,19.600000381469727,19.8799991607666,19.389999389648438,19.690000534057617,18.160640716552734,562000
2005-10-19,19.760000228881836,20.739999771118164,19.399999618530273,20.739999771118164,19.129085540771484,454500
2005-10-20,20.600000381469727,20.709999084472656,20.170000076293945,20.709999084472656,19.101411819458008,1144800
2005-10-21,21.0,21.59000015258789,20.649999618530273,20.649999618530273,19.046072006225586,1595300
2005-10-24,20.8799991607666,21.8799991607666,20.770000457763672,21.760000228881836,20.069856643676758,736800
2005-10-25,21.760000228881836,21.950000762939453,21.610000610351562,21.84000015258789,20.143644332885742,432800
2005-10-26,21.860000610351562,22.5,21.75,22.31999969482422,20.586362838745117,570000
2005-10-27,22.260000228881836,22.530000686645508,21.450000762939453,21.5,19.83005142211914,506600
2005-10-28,21.709999084472656,22.31999969482422,21.700000762939453,22.280000686645508,20.549468994140625,403900
2005-10-31,22.489999771118164,22.950000762939453,22.290000915527344,22.600000381469727,20.844614028930664,485000
2005-11-01,22.600000381469727,22.8700008392334,22.350000381469727,22.469999313354492,20.724712371826172,340200
2005-11-02,22.450000762939453,23.530000686645508,22.399999618530273,23.34000015258789,21.52713966369629,484800
2005-11-03,23.34000015258789,23.450000762939453,23.010000228881836,23.3799991607666,21.56403160095215,767200
2005-11-04,23.3799991607666,23.899999618530273,23.350000381469727,23.68000030517578,21.840726852416992,691100
2005-11-07,23.75,24.0,23.489999771118164,23.799999237060547,21.951404571533203,652600
2005-11-08,23.75,23.75,23.350000381469727,23.540000915527344,21.711599349975586,621200
2005-11-09,23.530000686645508,23.700000762939453,23.290000915527344,23.510000228881836,21.683937072753906,274300
2005-11-10,23.479999542236328,24.18000030517578,23.110000610351562,23.969999313354492,22.10820198059082,355600
2005-11-11,24.049999237060547,24.139999389648438,23.600000381469727,23.979999542236328,22.11742401123047,153100
2005-11-14,24.09000015258789,24.149999618530273,23.469999313354492,23.649999618530273,21.81305503845215,276700
2005-11-15,23.68000030517578,24.020000457763672,23.43000030517578,23.670000076293945,21.831504821777344,264000
2005-11-16,23.6200008392334,23.65999984741211,23.030000686645508,23.329999923706055,21.517915725708008,258000
2005-11-17,23.329999923706055,23.729999542236328,23.309999465942383,23.510000228881836,21.683937072753906,432100
2005-11-18,23.770000457763672,23.989999771118164,23.440000534057617,23.959999084472656,22.09897804260254,306000
2005-11-21,23.940000534057617,24.139999389648438,23.5,24.110000610351562,22.237327575683594,206900
2005-11-22,24.079999923706055,24.079999923706055,23.510000228881836,23.90999984741211,22.05286407470703,372500
2005-11-23,23.860000610351562,24.200000762939453,23.639999389648438,23.719999313354492,21.877620697021484,191500
2005-11-25,23.75,23.75,22.899999618530273,23.049999237060547,21.259658813476562,430200
2005-11-28,23.100000381469727,23.260000228881836,22.950000762939453,22.979999542236328,21.195100784301758,460300
2005-11-29,23.1299991607666,23.719999313354492,23.1299991607666,23.350000381469727,21.536359786987305,298500
2005-11-30,23.309999465942383,23.600000381469727,23.110000610351562,23.219999313354492,21.416458129882812,191000
2005-12-01,23.299999237060547,24.010000228881836,23.219999313354492,23.950000762939453,22.089754104614258,225300
2005-12-02,23.979999542236328,23.979999542236328,23.1200008392334,23.459999084472656,21.637813568115234,282300
2005-12-05,23.5,24.84000015258789,23.479999542236328,24.389999389648438,22.49557876586914,841700
2005-12-06,21.549999237060547,22.5,20.700000762939453,21.8700008392334,20.17131805419922,3427700
2005-12-07,22.06999969482422,22.75,22.06999969482422,22.459999084472656,20.715484619140625,1374800
2005-12-08,22.3700008392334,22.5,21.979999542236328,22.239999771118164,20.512575149536133,486000
2005-12-09,22.170000076293945,22.239999771118164,21.850000381469727,21.969999313354492,20.263545989990234,391400
2005-12-12,21.950000762939453,21.989999771118164,21.209999084472656,21.739999771118164,20.051408767700195,596300
2005-12-13,21.670000076293945,21.799999237060547,21.420000076293945,21.68000030517578,19.996068954467773,266500
2005-12-14,21.649999618530273,22.010000228881836,21.489999771118164,21.860000610351562,20.162090301513672,255600
2005-12-15,21.700000762939453,21.799999237060547,21.1200008392334,21.25,19.599470138549805,321000
2005-12-16,21.309999465942383,21.520000457763672,21.049999237060547,21.170000076293945,19.525686264038086,636300
2005-12-19,21.1299991607666,21.190000534057617,20.670000076293945,20.850000381469727,19.230539321899414,345900
2005-12-20,20.829999923706055,20.950000762939453,20.229999542236328,20.440000534057617,18.852386474609375,429200
2005-12-21,20.399999618530273,20.809999465942383,20.299999237060547,20.450000762939453,18.861608505249023,670100
2005-12-22,20.450000762939453,20.450000762939453,20.09000015258789,20.270000457763672,18.695592880249023,442300
2005-12-23,20.350000381469727,20.760000228881836,20.329999923706055,20.610000610351562,19.009185791015625,186900
2005-12-27,20.65999984741211,20.799999237060547,20.200000762939453,20.229999542236328,18.658693313598633,230400
2005-12-28,20.260000228881836,20.479999542236328,20.229999542236328,20.350000381469727,18.769380569458008,211700
2005-12-29,20.260000228881836,20.399999618530273,20.100000381469727,20.200000762939453,18.631027221679688,177100
2005-12-30,20.049999237060547,20.149999618530273,19.8700008392334,20.0,18.446561813354492,210700
2006-01-03,18.5,19.579999923706055,18.5,19.450000762939453,17.93927574157715,1176500
2006-01-04,19.5,19.729999542236328,19.3799991607666,19.530000686645508,18.013065338134766,673800
2006-01-05,19.530000686645508,19.649999618530273,19.3799991607666,19.5,17.985397338867188,359600
2006-01-06,19.549999237060547,19.770000457763672,19.459999084472656,19.68000030517578,18.15141487121582,430100
2006-01-09,19.670000076293945,19.84000015258789,19.280000686645508,19.299999237060547,17.800931930541992,441200
2006-01-10,19.280000686645508,19.5,19.170000076293945,19.3700008392334,17.865497589111328,275900
2006-01-11,19.440000534057617,19.59000015258789,18.979999542236328,19.56999969482422,18.049959182739258,476200
2006-01-12,19.420000076293945,19.450000762939453,19.100000381469727,19.25,17.75481605529785,220800
2006-01-13,19.799999237060547,19.799999237060547,19.079999923706055,19.15999984741211,17.671802520751953,287700
2006-01-17,18.989999771118164,19.09000015258789,18.75,18.959999084472656,17.48733901977539,255000
2006-01-18,18.90999984741211,19.170000076293945,18.90999984741211,19.1200008392334,17.63490867614746,318100
2006-01-19,19.450000762939453,19.940000534057617,19.299999237060547,19.920000076293945,18.37277603149414,600700
2006-01-20,19.989999771118164,19.989999771118164,19.229999542236328,19.309999465942383,17.810155868530273,469000
2006-01-23,19.299999237060547,19.299999237060547,18.6299991607666,18.75,17.293651580810547,442500
2006-01-24,18.860000610351562,19.610000610351562,18.860000610351562,19.559999465942383,18.040740966796875,280700
2006-01-25,19.520000457763672,20.520000457763672,19.299999237060547,19.799999237060547,18.262094497680664,886300
2006-01-26,19.899999618530273,21.049999237060547,19.899999618530273,20.760000228881836,19.147531509399414,525400
2006-01-27,22.0,24.290000915527344,21.5,23.610000610351562,21.776165008544922,2219200
2006-01-30,23.450000762939453,23.81999969482422,23.190000534057617,23.290000915527344,21.48102569580078,1705100
2006-01-31,23.239999771118164,23.5,22.809999465942383,22.989999771118164,21.20432472229004,533100
2006-02-01,23.0,23.469999313354492,22.940000534057617,23.25,21.444124221801758,639500
2006-02-02,23.149999618530273,23.360000610351562,22.700000762939453,22.850000381469727,21.0751953125,463800
2006-02-03,22.850000381469727,23.239999771118164,22.729999542236328,22.729999542236328,20.964515686035156,529200
2006-02-06,22.770000457763672,22.860000610351562,22.510000228881836,22.770000457763672,21.001413345336914,385200
2006-02-07,22.860000610351562,23.440000534057617,22.850000381469727,23.299999237060547,21.4902400970459,558100
2006-02-08,23.299999237060547,23.479999542236328,23.040000915527344,23.25,21.444124221801758,409200
2006-02-09,23.200000762939453,23.31999969482422,22.979999542236328,23.100000381469727,21.30577850341797,314200
2006-02-10,23.139999389648438,23.25,22.829999923706055,23.100000381469727,21.30577850341797,280200
2006-02-13,23.049999237060547,23.100000381469727,22.729999542236328,22.84000015258789,21.06597328186035,288600
2006-02-14,22.899999618530273,23.149999618530273,22.65999984741211,22.899999618530273,21.121313095092773,262800
2006-02-15,22.799999237060547,23.0,22.530000686645508,22.920000076293945,21.139760971069336,338700
2006-02-16,23.040000915527344,23.100000381469727,22.75,22.959999084472656,21.176651000976562,139000
2006-02-17,23.049999237060547,23.049999237060547,22.700000762939453,22.780000686645508,21.010637283325195,193200
2006-02-21,22.75,22.959999084472656,22.6299991607666,22.8700008392334,21.093647003173828,549800
2006-02-22,22.979999542236328,23.3799991607666,22.940000534057617,23.190000534057617,21.388784408569336,227900
2006-02-23,23.600000381469727,24.190000534057617,23.600000381469727,23.959999084472656,22.09897804260254,512200
2006-02-24,23.899999618530273,24.299999237060547,23.729999542236328,24.270000457763672,22.384902954101562,472800
2006-02-27,24.290000915527344,24.68000030517578,24.200000762939453,24.489999771118164,22.587814331054688,655500
2006-02-28,23.75,23.75,23.239999771118164,23.479999542236328,21.656259536743164,1087100
2006-03-01,23.479999542236328,24.079999923706055,23.440000534057617,23.989999771118164,22.126646041870117,632100
2006-03-02,23.940000534057617,23.950000762939453,23.5,23.59000015258789,21.75771713256836,378000
2006-03-03,23.34000015258789,24.059999465942383,23.1200008392334,23.709999084472656,21.868398666381836,773000
2006-03-06,22.950000762939453,24.170000076293945,22.950000762939453,23.6200008392334,21.785385131835938,1002300
2006-03-07,23.399999618530273,24.0,23.200000762939453,23.489999771118164,21.665485382080078,526700
2006-03-08,23.489999771118164,23.719999313354492,23.1200008392334,23.479999542236328,21.656259536743164,214200
2006-03-09,23.579999923706055,24.09000015258789,23.5,23.850000381469727,21.997516632080078,317900
2006-03-10,23.850000381469727,24.260000228881836,23.729999542236328,24.209999084472656,22.329559326171875,633100
2006-03-13,24.110000610351562,24.190000534057617,23.3700008392334,23.440000534057617,21.619367599487305,456400
2006-03-14,23.43000030517578,23.43000030517578,23.030000686645508,23.200000762939453,21.398014068603516,957900
2006-03-15,23.200000762939453,23.25,23.06999969482422,23.18000030517578,21.37956428527832,536600
2006-03-16,23.25,23.299999237060547,23.06999969482422,23.170000076293945,21.37034034729004,1756800
2006-03-17,23.079999923706055,23.209999084472656,23.010000228881836,23.110000610351562,21.315000534057617,977600
2006-03-20,23.170000076293945,23.18000030517578,22.639999389648438,22.799999237060547,21.02907943725586,1185800
2006-03-21,22.799999237060547,22.799999237060547,21.969999313354492,22.0,20.29121971130371,746100
2006-03-22,22.079999923706055,22.219999313354492,21.709999084472656,22.1299991607666,20.411121368408203,719700
2006-03-23,22.049999237060547,22.559999465942383,21.81999969482422,22.3799991607666,20.641695022583008,1249600
2006-03-24,22.420000076293945,22.420000076293945,22.079999923706055,22.309999465942383,20.5771427154541,242700
2006-03-27,22.399999618530273,22.649999618530273,22.299999237060547,22.489999771118164,20.7431583404541,283800
2006-03-28,22.520000457763672,22.600000381469727,22.350000381469727,22.489999771118164,20.7431583404541,396000
2006-03-29,22.579999923706055,22.579999923706055,22.350000381469727,22.469999313354492,20.724712371826172,430800
2006-03-30,22.399999618530273,22.549999237060547,22.309999465942383,22.450000762939453,20.70626449584961,226300
2006-03-31,22.579999923706055,22.799999237060547,22.3700008392334,22.770000457763672,21.001413345336914,411600
2006-04-03,22.780000686645508,22.780000686645508,21.969999313354492,22.260000228881836,20.531023025512695,400800
2006-04-04,22.3799991607666,22.469999313354492,22.170000076293945,22.290000915527344,20.558696746826172,383100
2006-04-05,22.389999389648438,22.540000915527344,22.110000610351562,22.40999984741211,20.66937255859375,283100
2006-04-06,22.350000381469727,22.389999389648438,21.959999084472656,22.280000686645508,20.549468994140625,576100
2006-04-07,22.399999618530273,22.510000228881836,21.899999618530273,21.950000762939453,20.245100021362305,760800
2006-04-10,21.950000762939453,22.350000381469727,21.90999984741211,22.0,20.29121971130371,410400
2006-04-11,22.399999618530273,22.399999618530273,21.790000915527344,21.850000381469727,20.15286636352539,229800
2006-04-12,21.850000381469727,22.190000534057617,21.829999923706055,22.020000457763672,20.309661865234375,126600
2006-04-13,22.020000457763672,22.020000457763672,21.520000457763672,21.68000030517578,19.996068954467773,283200
2006-04-17,21.260000228881836,21.790000915527344,21.25,21.68000030517578,19.996068954467773,238100
2006-04-18,21.75,22.549999237060547,21.75,22.459999084472656,20.715484619140625,480200
2006-04-19,22.469999313354492,22.670000076293945,22.209999084472656,22.489999771118164,20.7431583404541,744700
2006-04-20,22.420000076293945,22.5,22.079999923706055,22.450000762939453,20.70626449584961,280700
2006-04-21,22.670000076293945,22.670000076293945,21.84000015258789,22.079999923706055,20.365005493164062,238200
2006-04-24,22.079999923706055,22.110000610351562,21.670000076293945,22.020000457763672,20.309661865234375,277300
2006-04-25,22.100000381469727,22.15999984741211,21.6200008392334,21.790000915527344,20.0975284576416,335100
2006-04-26,24.5,27.75,23.399999618530273,25.950000762939453,23.93441390991211,4326800
2006-04-27,25.510000228881836,26.309999465942383,25.510000228881836,25.59000015258789,23.602373123168945,1457100
2006-04-28,25.59000015258789,26.3700008392334,25.399999618530273,25.860000610351562,23.851404190063477,904100
2006-05-01,25.889999389648438,25.940000534057617,25.610000610351562,25.670000076293945,23.676158905029297,656400
2006-05-02,25.670000076293945,25.790000915527344,25.479999542236328,25.65999984741211,23.666934967041016,818500
2006-05-03,25.610000610351562,25.65999984741211,24.93000030517578,25.059999465942383,23.113540649414062,448900
2006-05-04,24.950000762939453,25.06999969482422,24.799999237060547,24.920000076293945,22.984411239624023,321900
2006-05-05,24.950000762939453,25.0,24.760000228881836,24.81999969482422,22.892183303833008,470000
2006-05-08,25.0,25.3700008392334,24.940000534057617,25.170000076293945,23.214996337890625,705500
2006-05-09,25.049999237060547,25.329999923706055,24.920000076293945,25.229999542236328,23.270334243774414,387400
2006-05-10,25.200000762939453,25.34000015258789,24.81999969482422,24.899999618530273,22.96596908569336,789000
2006-05-11,24.899999618530273,25.040000915527344,24.360000610351562,24.540000915527344,22.633928298950195,602300
2006-05-12,24.040000915527344,24.68000030517578,24.010000228881836,24.5,22.59703826904297,1148100
2006-05-15,24.399999618530273,24.440000534057617,24.059999465942383,24.420000076293945,22.52324867248535,541800
2006-05-16,24.350000381469727,24.600000381469727,24.350000381469727,24.3799991607666,22.486358642578125,340900
2006-05-17,24.1299991607666,24.510000228881836,23.8799991607666,24.25,22.366455078125,579500
2006-05-18,24.239999771118164,24.670000076293945,24.09000015258789,24.18000030517578,22.301891326904297,644600
2006-05-19,24.079999923706055,24.559999465942383,24.0,24.219999313354492,22.33878517150879,556100
2006-05-22,24.030000686645508,24.799999237060547,24.010000228881836,24.43000030517578,22.5324764251709,559200
2006-05-23,24.3700008392334,24.700000762939453,24.25,24.290000915527344,22.403348922729492,663100
2006-05-24,24.350000381469727,24.799999237060547,24.100000381469727,24.639999389648438,22.726163864135742,624500
2006-05-25,24.700000762939453,24.809999465942383,24.0,24.389999389648438,22.49557876586914,371400
2006-05-26,24.43000030517578,24.700000762939453,24.329999923706055,24.40999984741211,22.514026641845703,137500
2006-05-30,24.25,24.260000228881836,23.93000030517578,24.170000076293945,22.292667388916016,436200
2006-05-31,24.190000534057617,24.670000076293945,24.059999465942383,24.5,22.59703826904297,322300
2006-06-01,24.6299991607666,24.729999542236328,24.280000686645508,24.65999984741211,22.744606018066406,241000
2006-06-02,24.65999984741211,24.709999084472656,24.200000762939453,24.540000915527344,22.633928298950195,225200
2006-06-05,24.440000534057617,24.479999542236328,23.899999618530273,23.940000534057617,22.08053207397461,422500
2006-06-06,23.940000534057617,24.43000030517578,23.670000076293945,23.889999389648438,22.0344181060791,356100
2006-06-07,23.90999984741211,24.299999237060547,23.649999618530273,23.799999237060547,21.951404571533203,365900
2006-06-08,24.100000381469727,24.479999542236328,23.34000015258789,24.360000610351562,22.467910766601562,662900
2006-06-09,24.34000015258789,24.34000015258789,24.020000457763672,24.06999969482422,22.200437545776367,396100
2006-06-12,24.0,24.0,23.610000610351562,23.770000457763672,21.923736572265625,437300
2006-06-13,23.6200008392334,24.1200008392334,23.530000686645508,23.719999313354492,21.877620697021484,955900
2006-06-14,23.690000534057617,23.739999771118164,23.020000457763672,23.329999923706055,21.517915725708008,257300
2006-06-15,23.399999618530273,23.850000381469727,23.299999237060547,23.81999969482422,21.969850540161133,306600
2006-06-16,23.790000915527344,23.799999237060547,22.90999984741211,23.389999389648438,21.57325553894043,1084800
2006-06-19,23.31999969482422,23.329999923706055,22.649999618530273,22.829999923706055,21.05674934387207,334200
2006-06-20,22.729999542236328,22.790000915527344,22.3700008392334,22.450000762939453,20.70626449584961,276200
2006-06-21,22.389999389648438,22.899999618530273,22.350000381469727,22.829999923706055,21.05674934387207,351100
2006-06-22,22.719999313354492,23.079999923706055,22.719999313354492,23.010000228881836,21.222768783569336,851800
2006-06-23,22.860000610351562,23.40999984741211,22.809999465942383,22.950000762939453,21.167428970336914,705600
2006-06-26,23.0,23.200000762939453,22.770000457763672,22.84000015258789,21.06597328186035,492800
2006-06-27,22.84000015258789,22.899999618530273,22.200000762939453,22.239999771118164,20.512575149536133,250400
2006-06-28,22.15999984741211,22.170000076293945,21.780000686645508,21.959999084472656,20.254323959350586,416300
2006-06-29,22.049999237060547,22.489999771118164,21.860000610351562,22.270000457763672,20.540245056152344,1229300
2006-06-30,22.40999984741211,22.450000762939453,21.899999618530273,21.969999313354492,20.263545989990234,460600
2006-07-03,22.0,22.09000015258789,21.850000381469727,22.079999923706055,20.365005493164062,226500
2006-07-05,22.049999237060547,22.049999237060547,21.3700008392334,21.450000762939453,19.783933639526367,414900
2006-07-06,21.43000030517578,21.549999237060547,21.219999313354492,21.3700008392334,19.71015167236328,467500
2006-07-07,21.420000076293945,21.420000076293945,20.950000762939453,21.040000915527344,19.405784606933594,340100
2006-07-10,21.09000015258789,21.09000015258789,20.6200008392334,20.690000534057617,19.08296775817871,430300
2006-07-11,20.549999237060547,21.06999969482422,20.469999313354492,21.020000457763672,19.387331008911133,452300
2006-07-12,20.90999984741211,20.950000762939453,20.270000457763672,20.309999465942383,18.73248291015625,446000
2006-07-13,20.149999618530273,20.639999389648438,20.1200008392334,20.170000076293945,18.603357315063477,467100
2006-07-14,20.229999542236328,20.229999542236328,19.75,19.899999618530273,18.354328155517578,355400
2006-07-17,19.850000381469727,20.219999313354492,19.850000381469727,20.100000381469727,18.538789749145508,718200
2006-07-18,20.200000762939453,20.31999969482422,19.950000762939453,20.239999771118164,18.667917251586914,305100
2006-07-19,20.270000457763672,21.219999313354492,20.18000030517578,21.190000534057617,19.544132232666016,483100
2006-07-20,21.18000030517578,21.399999618530273,20.5,20.559999465942383,18.963064193725586,360000
2006-07-21,20.549999237060547,20.899999618530273,20.360000610351562,20.65999984741211,19.0553035736084,380200
2006-07-24,20.90999984741211,21.18000030517578,20.739999771118164,20.969999313354492,19.341218948364258,295100
2006-07-25,20.920000076293945,21.420000076293945,20.719999313354492,21.290000915527344,19.636369705200195,239000
2006-07-26,21.170000076293945,21.290000915527344,20.709999084472656,21.020000457763672,19.387331008911133,290400
2006-07-27,21.059999465942383,21.389999389648438,20.610000610351562,20.639999389648438,19.036849975585938,295500
2006-07-28,20.799999237060547,21.389999389648438,20.790000915527344,21.190000534057617,19.544132232666016,228600
2006-07-31,21.280000686645508,21.290000915527344,20.8799991607666,21.100000381469727,19.461118698120117,245000
2006-08-01,21.0,21.06999969482422,20.610000610351562,20.729999542236328,19.119861602783203,188600
2006-08-02,20.899999618530273,21.489999771118164,20.860000610351562,21.170000076293945,19.525686264038086,322300
2006-08-03,21.06999969482422,21.479999542236328,20.920000076293945,21.309999465942383,19.654809951782227,139000
2006-08-04,21.450000762939453,21.530000686645508,20.450000762939453,20.709999084472656,19.101411819458008,387100
2006-08-07,21.5,23.040000915527344,21.450000762939453,22.3799991607666,20.641695022583008,916000
2006-08-08,22.34000015258789,22.360000610351562,21.559999465942383,21.65999984741211,19.977624893188477,415700
2006-08-09,21.790000915527344,21.989999771118164,21.329999923706055,21.3799991607666,19.71937370300293,312800
2006-08-10,21.190000534057617,21.729999542236328,21.010000228881836,21.56999969482422,19.894615173339844,227900
2006-08-11,21.479999542236328,21.479999542236328,21.020000457763672,21.1299991607666,19.48879623413086,199300
2006-08-14,21.34000015258789,22.1299991607666,21.030000686645508,21.649999618530273,19.968402862548828,336900
2006-08-15,21.899999618530273,22.290000915527344,21.709999084472656,22.149999618530273,20.429569244384766,491100
2006-08-16,22.149999618530273,22.3700008392334,21.979999542236328,22.209999084472656,20.484905242919922,217000
2006-08-17,22.149999618530273,23.6200008392334,22.0,23.299999237060547,21.4902400970459,653500
2006-08-18,22.799999237060547,22.84000015258789,20.139999389648438,20.649999618530273,19.046072006225586,1927800
2006-08-21,20.65999984741211,21.489999771118164,20.299999237060547,21.3799991607666,19.71937370300293,1239400
2006-08-22,22.200000762939453,22.479999542236328,21.6299991607666,21.850000381469727,20.15286636352539,739300
2006-08-23,22.010000228881836,22.3700008392334,21.959999084472656,22.299999237060547,20.56791877746582,525700
2006-08-24,22.399999618530273,22.440000534057617,21.81999969482422,22.219999313354492,20.494131088256836,609600
2006-08-25,22.25,22.559999465942383,22.15999984741211,22.520000457763672,20.770830154418945,382200
2006-08-28,22.479999542236328,22.84000015258789,22.299999237060547,22.399999618530273,20.66014862060547,681600
2006-08-29,22.3799991607666,22.6299991607666,21.760000228881836,22.6299991607666,20.872283935546875,437900
2006-08-30,22.700000762939453,22.700000762939453,22.25,22.270000457763672,20.540245056152344,569900
2006-08-31,21.899999618530273,22.579999923706055,21.899999618530273,22.350000381469727,20.614032745361328,352000
2006-09-01,22.450000762939453,22.719999313354492,22.200000762939453,22.459999084472656,20.715484619140625,228500
2006-09-05,22.360000610351562,22.559999465942383,22.110000610351562,22.25,20.521799087524414,562600
2006-09-06,22.149999618530273,22.329999923706055,22.0,22.18000030517578,20.457239151000977,257600
2006-09-07,22.030000686645508,22.030000686645508,21.43000030517578,21.489999771118164,19.820829391479492,259500
2006-09-08,21.520000457763672,21.700000762939453,21.350000381469727,21.56999969482422,19.894615173339844,278500
2006-09-11,21.469999313354492,22.079999923706055,21.329999923706055,21.81999969482422,20.125198364257812,225100
2006-09-12,21.889999389648438,22.600000381469727,21.690000534057617,22.5,20.752378463745117,291200
2006-09-13,22.530000686645508,22.809999465942383,22.469999313354492,22.670000076293945,20.909175872802734,212300
2006-09-14,22.649999618530273,22.709999084472656,22.139999389648438,22.329999923706055,20.595584869384766,206200
2006-09-15,22.5,22.690000534057617,22.110000610351562,22.309999465942383,20.5771427154541,563500
2006-09-18,22.209999084472656,22.469999313354492,21.93000030517578,22.139999389648438,20.420339584350586,357300
2006-09-19,22.1299991607666,22.15999984741211,21.559999465942383,22.110000610351562,20.392677307128906,259200
2006-09-20,22.290000915527344,22.899999618530273,22.229999542236328,22.6200008392334,20.863061904907227,248800
2006-09-21,22.75,22.790000915527344,22.059999465942383,22.350000381469727,20.614032745361328,273000
2006-09-22,22.200000762939453,22.389999389648438,21.690000534057617,21.90999984741211,20.208206176757812,207700
2006-09-25,22.0,22.5,21.709999084472656,22.40999984741211,20.66937255859375,194100
2006-09-26,22.309999465942383,22.309999465942383,21.709999084472656,22.100000381469727,20.383451461791992,291700
2006-09-27,21.989999771118164,22.329999923706055,21.709999084472656,21.809999465942383,20.11597442626953,248400
2006-09-28,21.809999465942383,21.829999923706055,21.399999618530273,21.6299991607666,19.949953079223633,321600
2006-09-29,21.559999465942383,21.780000686645508,21.25,21.270000457763672,19.617919921875,325400
2006-10-02,21.329999923706055,22.049999237060547,21.110000610351562,21.600000381469727,19.922290802001953,349000
2006-10-03,21.5,21.950000762939453,21.5,21.6200008392334,19.940731048583984,267900
2006-10-04,21.559999465942383,22.420000076293945,21.510000228881836,22.31999969482422,20.586362838745117,232900
2006-10-05,22.260000228881836,22.68000030517578,22.030000686645508,22.260000228881836,20.531023025512695,292800
2006-10-06,22.219999313354492,22.469999313354492,22.079999923706055,22.200000762939453,20.475685119628906,320600
2006-10-09,22.030000686645508,22.190000534057617,21.579999923706055,22.040000915527344,20.32811164855957,305400
2006-10-10,22.100000381469727,22.440000534057617,22.059999465942383,22.1200008392334,20.40189552307129,200300
2006-10-11,22.059999465942383,22.290000915527344,21.700000762939453,21.850000381469727,20.15286636352539,227200
2006-10-12,22.010000228881836,22.549999237060547,22.010000228881836,22.5,20.752378463745117,246200
2006-10-13,22.579999923706055,22.809999465942383,22.440000534057617,22.450000762939453,20.70626449584961,181900
2006-10-16,22.3799991607666,23.059999465942383,22.3799991607666,22.940000534057617,21.1582088470459,246100
2006-10-17,22.790000915527344,23.200000762939453,22.780000686645508,22.940000534057617,21.1582088470459,261000
2006-10-18,22.790000915527344,23.100000381469727,22.579999923706055,22.68000030517578,20.91840171813965,327900
2006-10-19,22.700000762939453,23.31999969482422,22.690000534057617,22.8700008392334,21.093647003173828,304600
2006-10-20,22.959999084472656,23.229999542236328,22.579999923706055,22.829999923706055,21.05674934387207,527300
2006-10-23,22.65999984741211,23.100000381469727,22.510000228881836,22.799999237060547,21.02907943725586,523500
2006-10-24,22.700000762939453,22.8700008392334,22.479999542236328,22.489999771118164,20.7431583404541,260000
2006-10-25,23.0,25.100000381469727,22.950000762939453,23.979999542236328,22.11742401123047,1354600
2006-10-26,23.989999771118164,24.110000610351562,23.610000610351562,24.0,22.1358699798584,596200
2006-10-27,24.0,24.440000534057617,23.860000610351562,24.1200008392334,22.246553421020508,437300
2006-10-30,23.940000534057617,24.399999618530273,23.90999984741211,24.350000381469727,22.458688735961914,362000
2006-10-31,24.479999542236328,24.600000381469727,24.170000076293945,24.350000381469727,22.458688735961914,344100
2006-11-01,24.3799991607666,24.450000762939453,23.75,23.780000686645508,21.93296241760254,346500
2006-11-02,23.600000381469727,24.1200008392334,23.600000381469727,23.829999923706055,21.97907257080078,289100
2006-11-03,24.0,24.260000228881836,23.75,23.899999618530273,22.043638229370117,204800
2006-11-06,24.100000381469727,24.3799991607666,23.610000610351562,23.709999084472656,21.868398666381836,461300
2006-11-07,23.65999984741211,24.549999237060547,23.65999984741211,24.200000762939453,22.32033920288086,351800
2006-11-08,24.020000457763672,24.969999313354492,24.020000457763672,24.600000381469727,22.68927001953125,378600
2006-11-09,24.690000534057617,25.1200008392334,24.600000381469727,24.8700008392334,22.93829917907715,691000
2006-11-10,24.8799991607666,25.219999313354492,24.81999969482422,25.010000228881836,23.06742286682129,515000
2006-11-13,25.0,25.860000610351562,25.0,25.559999465942383,23.574703216552734,562700
2006-11-14,25.600000381469727,25.889999389648438,25.600000381469727,25.81999969482422,23.81450843811035,481300
2006-11-15,25.8799991607666,26.90999984741211,25.8799991607666,26.639999389648438,24.570819854736328,479700
2006-11-16,26.799999237060547,27.079999923706055,26.649999618530273,26.889999389648438,24.801401138305664,339600
2006-11-17,26.889999389648438,26.90999984741211,26.469999313354492,26.709999084472656,24.6353816986084,215400
2006-11-20,26.65999984741211,27.270000457763672,26.549999237060547,27.020000457763672,24.92130470275879,331500
2006-11-21,27.0,27.190000534057617,25.93000030517578,26.010000228881836,23.98975372314453,811600
2006-11-22,26.110000610351562,26.360000610351562,25.84000015258789,26.1200008392334,24.091211318969727,484500
2006-11-24,26.030000686645508,26.350000381469727,25.93000030517578,26.079999923706055,24.0543155670166,138500
2006-11-27,25.899999618530273,25.979999542236328,25.350000381469727,25.700000762939453,23.703828811645508,428200
2006-11-28,25.780000686645508,26.309999465942383,25.68000030517578,26.170000076293945,24.1373233795166,320900
2006-11-29,26.3799991607666,26.760000228881836,26.299999237060547,26.56999969482422,24.506254196166992,340900
2006-11-30,26.540000915527344,26.649999618530273,26.040000915527344,26.219999313354492,24.183441162109375,318000
2006-12-01,26.350000381469727,26.56999969482422,25.809999465942383,26.459999084472656,24.40479850769043,366700
2006-12-04,26.559999465942383,27.329999923706055,26.469999313354492,27.270000457763672,25.151884078979492,347700
2006-12-05,27.0,27.010000228881836,26.549999237060547,26.670000076293945,24.59848976135254,567700
2006-12-06,26.549999237060547,26.700000762939453,26.280000686645508,26.489999771118164,24.432470321655273,536200
2006-12-07,27.3799991607666,27.5,26.93000030517578,27.110000610351562,25.00431251525879,452400
2006-12-08,26.959999084472656,27.5,26.899999618530273,27.18000030517578,25.06887435913086,318300
2006-12-11,27.219999313354492,27.34000015258789,27.010000228881836,27.270000457763672,25.151884078979492,285300
2006-12-12,27.31999969482422,27.5,27.020000457763672,27.15999984741211,25.05042839050293,399400
2006-12-13,27.31999969482422,27.5,27.170000076293945,27.290000915527344,25.170333862304688,273600
2006-12-14,27.399999618530273,27.90999984741211,27.399999618530273,27.520000457763672,25.38246726989746,286100
2006-12-15,27.459999084472656,27.75,27.190000534057617,27.540000915527344,25.400911331176758,479500
2006-12-18,27.649999618530273,27.81999969482422,27.110000610351562,27.239999771118164,25.169918060302734,251400
2006-12-19,27.200000762939453,27.90999984741211,27.149999618530273,27.809999465942383,25.696596145629883,386900
2006-12-20,27.790000915527344,28.34000015258789,27.780000686645508,28.049999237060547,25.91835594177246,276100
2006-12-21,28.0,28.270000457763672,27.6299991607666,27.760000228881836,25.650394439697266,221400
2006-12-22,27.75,27.959999084472656,27.399999618530273,27.75,25.641157150268555,183000
2006-12-26,27.6299991607666,28.399999618530273,27.6299991607666,28.290000915527344,26.140121459960938,158700
2006-12-27,28.479999542236328,28.75,28.139999389648438,28.75,26.56516456604004,227600
2006-12-28,28.639999389648438,28.75,28.360000610351562,28.3700008392334,26.21403694152832,153500
2006-12-29,28.399999618530273,28.549999237060547,27.950000762939453,28.0,25.87215805053711,202400
2007-01-03,28.170000076293945,29.3700008392334,28.170000076293945,28.850000381469727,26.657562255859375,583600
2007-01-04,28.75,28.799999237060547,28.399999618530273,28.600000381469727,26.426559448242188,395800
2007-01-05,27.84000015258789,28.719999313354492,27.719999313354492,28.65999984741211,26.482004165649414,318700
2007-01-08,28.56999969482422,28.690000534057617,27.84000015258789,28.540000915527344,26.37112045288086,347000
2007-01-09,28.479999542236328,28.719999313354492,27.770000457763672,28.6299991607666,26.45427894592285,240900
2007-01-10,28.3799991607666,28.850000381469727,28.299999237060547,28.690000534057617,26.509719848632812,175400
2007-01-11,28.790000915527344,29.600000381469727,28.780000686645508,29.239999771118164,27.017921447753906,260100
2007-01-12,29.280000686645508,29.899999618530273,29.229999542236328,29.780000686645508,27.516889572143555,335700
2007-01-16,29.760000228881836,29.84000015258789,29.139999389648438,29.25,27.027162551879883,412300
2007-01-17,29.149999618530273,29.549999237060547,29.040000915527344,29.049999237060547,26.842361450195312,325400
2007-01-18,28.940000534057617,28.969999313354492,28.450000762939453,28.540000915527344,26.37112045288086,355500
2007-01-19,28.34000015258789,28.639999389648438,28.049999237060547,28.440000534057617,26.27872085571289,331600
2007-01-22,28.399999618530273,28.809999465942383,28.329999923706055,28.43000030517578,26.26947593688965,536800
2007-01-23,28.360000610351562,28.530000686645508,28.219999313354492,28.260000228881836,26.112398147583008,607000
2007-01-24,28.420000076293945,28.780000686645508,28.31999969482422,28.700000762939453,26.51896095275879,514600
2007-01-25,28.549999237060547,28.899999618530273,28.329999923706055,28.75,26.56516456604004,581200
2007-01-26,28.700000762939453,28.75,27.700000762939453,27.790000915527344,25.67812156677246,938900
2007-01-29,28.0,28.139999389648438,27.739999771118164,27.8700008392334,25.752038955688477,1027000
2007-01-30,27.979999542236328,28.200000762939453,27.450000762939453,28.079999923706055,25.94607925415039,837000
2007-01-31,27.979999542236328,28.31999969482422,27.729999542236328,28.15999984741211,26.020002365112305,1085000
2007-02-01,28.190000534057617,28.299999237060547,28.110000610351562,28.299999237060547,26.149354934692383,874600
2007-02-02,28.299999237060547,28.40999984741211,28.110000610351562,28.270000457763672,26.121639251708984,510600
2007-02-05,28.350000381469727,28.889999389648438,28.270000457763672,28.850000381469727,26.657562255859375,1110500
2007-02-06,28.850000381469727,28.959999084472656,28.6200008392334,28.799999237060547,26.611360549926758,621300
2007-02-07,28.850000381469727,29.15999984741211,28.65999984741211,29.110000610351562,26.89780616760254,1159200
2007-02-08,29.190000534057617,29.479999542236328,28.969999313354492,29.3799991607666,27.14728546142578,406900
2007-02-09,29.270000457763672,29.450000762939453,28.709999084472656,28.940000534057617,26.74072265625,463500
2007-02-12,29.059999465942383,29.31999969482422,28.809999465942383,29.239999771118164,27.017921447753906,547100
2007-02-13,29.280000686645508,29.530000686645508,29.280000686645508,29.450000762939453,27.211965560913086,370100
2007-02-14,29.520000457763672,29.59000015258789,29.1299991607666,29.200000762939453,26.98096466064453,258100
2007-02-15,29.260000228881836,29.34000015258789,28.81999969482422,28.81999969482422,26.629838943481445,399400
2007-02-16,28.780000686645508,29.0,28.610000610351562,28.979999542236328,26.77768325805664,515000
2007-02-20,28.8700008392334,29.329999923706055,28.760000228881836,29.06999969482422,26.860841751098633,487200
2007-02-21,28.959999084472656,29.219999313354492,28.790000915527344,29.030000686645508,26.823883056640625,272000
2007-02-22,28.969999313354492,29.049999237060547,28.700000762939453,28.950000762939453,26.74996566772461,243600
2007-02-23,28.860000610351562,29.040000915527344,28.760000228881836,28.950000762939453,26.74996566772461,195100
2007-02-26,29.06999969482422,29.079999923706055,28.469999313354492,28.709999084472656,26.528200149536133,219100
2007-02-27,27.809999465942383,28.459999084472656,26.799999237060547,27.780000686645508,25.66887855529785,545900
2007-02-28,27.700000762939453,28.030000686645508,26.8799991607666,27.639999389648438,25.539512634277344,398200
2007-03-01,27.209999084472656,28.059999465942383,27.200000762939453,27.479999542236328,25.39167594909668,443900
2007-03-02,27.3799991607666,27.479999542236328,26.889999389648438,26.93000030517578,24.883472442626953,341100
2007-03-05,26.68000030517578,27.270000457763672,26.459999084472656,26.459999084472656,24.449190139770508,432100
2007-03-06,26.649999618530273,27.209999084472656,26.610000610351562,27.059999465942383,25.00359535217285,469300
2007-03-07,26.969999313354492,27.239999771118164,26.600000381469727,27.010000228881836,24.9573917388916,514200
2007-03-08,27.25,27.899999618530273,26.979999542236328,27.1200008392334,25.05903434753418,192800
2007-03-09,27.360000610351562,27.40999984741211,27.0,27.25,25.179153442382812,154900
2007-03-12,27.200000762939453,27.399999618530273,26.920000076293945,27.350000381469727,25.27155303955078,236700
2007-03-13,27.1200008392334,27.25,26.600000381469727,26.75,24.717153549194336,290300
2007-03-14,26.709999084472656,27.15999984741211,26.5,27.059999465942383,25.00359535217285,228800
2007-03-15,27.139999389648438,27.5,27.1299991607666,27.280000686645508,25.206878662109375,200300
2007-03-16,27.25,27.360000610351562,26.84000015258789,27.020000457763672,24.966630935668945,487000
2007-03-19,27.25,27.360000610351562,26.8700008392334,26.979999542236328,24.929672241210938,337400
2007-03-20,26.8799991607666,27.200000762939453,26.8700008392334,27.0,24.948150634765625,440600
2007-03-21,27.09000015258789,27.290000915527344,26.100000381469727,27.229999542236328,25.160673141479492,418100
2007-03-22,27.40999984741211,27.540000915527344,27.309999465942383,27.43000030517578,25.34547233581543,191600
2007-03-23,27.489999771118164,27.65999984741211,27.3799991607666,27.56999969482422,25.474838256835938,147300
2007-03-26,27.549999237060547,27.6200008392334,27.239999771118164,27.43000030517578,25.34547233581543,147200
2007-03-27,27.309999465942383,27.309999465942383,26.850000381469727,27.0,24.948150634765625,170200
2007-03-28,26.8799991607666,27.139999389648438,26.729999542236328,26.959999084472656,24.91118812561035,528900
2007-03-29,27.18000030517578,27.25,26.56999969482422,26.780000686645508,24.744871139526367,218800
2007-03-30,28.0,29.5,27.940000534057617,29.350000381469727,27.11956024169922,1032400
2007-04-02,28.600000381469727,29.049999237060547,28.290000915527344,28.549999237060547,26.380355834960938,735200
2007-04-03,28.739999771118164,29.09000015258789,28.56999969482422,28.690000534057617,26.509719848632812,437900
2007-04-04,28.59000015258789,28.90999984741211,28.31999969482422,28.43000030517578,26.26947593688965,228700
2007-04-05,28.34000015258789,28.799999237060547,28.34000015258789,28.690000534057617,26.509719848632812,336700
2007-04-09,28.670000076293945,28.790000915527344,28.360000610351562,28.719999313354492,26.537439346313477,357400
2007-04-10,28.709999084472656,29.0,28.6299991607666,28.700000762939453,26.51896095275879,149700
2007-04-11,28.790000915527344,28.790000915527344,28.139999389648438,28.3700008392334,26.21403694152832,535100
2007-04-12,28.3700008392334,28.639999389648438,28.209999084472656,28.549999237060547,26.380355834960938,584900
2007-04-13,28.489999771118164,28.780000686645508,27.81999969482422,28.559999465942383,26.389598846435547,856400
2007-04-16,28.510000228881836,28.90999984741211,28.510000228881836,28.799999237060547,26.611360549926758,452000
2007-04-17,28.8799991607666,29.110000610351562,28.610000610351562,28.979999542236328,26.77768325805664,657500
2007-04-18,28.8700008392334,29.25,28.639999389648438,29.040000915527344,26.83312225341797,396500
2007-04-19,28.760000228881836,28.84000015258789,27.440000534057617,28.239999771118164,26.093915939331055,788500
2007-04-20,28.530000686645508,29.360000610351562,28.510000228881836,28.760000228881836,26.574399948120117,432000
2007-04-23,28.600000381469727,28.760000228881836,28.18000030517578,28.290000915527344,26.140121459960938,295500
2007-04-24,28.389999389648438,28.420000076293945,27.850000381469727,27.979999542236328,25.853673934936523,419100
2007-04-25,28.010000228881836,28.309999465942383,27.889999389648438,28.020000457763672,25.890636444091797,444300
2007-04-26,28.399999618530273,29.829999923706055,27.75,29.809999465942383,27.54460906982422,1251300
2007-04-27,32.5,34.709999084472656,32.0,34.52000045776367,31.896678924560547,2414200
2007-04-30,34.0,34.2400016784668,32.7599983215332,32.9900016784668,30.482948303222656,1171400
2007-05-01,33.11000061035156,33.869998931884766,32.79999923706055,33.72999954223633,31.16670799255371,669400
2007-05-02,33.68000030517578,34.02000045776367,33.29999923706055,33.779998779296875,31.212913513183594,550900
2007-05-03,33.81999969482422,34.02000045776367,33.369998931884766,33.88999938964844,31.314552307128906,537500
2007-05-04,33.7400016784668,34.060001373291016,33.619998931884766,33.9900016784668,31.406951904296875,626400
2007-05-07,33.939998626708984,34.16999816894531,33.849998474121094,33.900001525878906,31.323793411254883,343500
2007-05-08,33.650001525878906,34.0,33.40999984741211,33.90999984741211,31.333032608032227,296200
2007-05-09,33.86000061035156,34.29999923706055,33.66999816894531,34.02000045776367,31.43467903137207,319900
2007-05-10,33.75,34.04999923706055,33.38999938964844,33.810001373291016,31.24062728881836,451000
2007-05-11,33.849998474121094,34.150001525878906,33.849998474121094,34.130001068115234,31.53631019592285,237700
2007-05-14,34.0099983215332,34.2400016784668,33.369998931884766,33.65999984741211,31.102031707763672,442400
2007-05-15,33.720001220703125,34.4900016784668,33.66999816894531,34.0,31.41619300842285,609600
2007-05-16,34.04999923706055,34.290000915527344,33.720001220703125,34.279998779296875,31.67491912841797,423400
2007-05-17,34.150001525878906,34.9900016784668,33.91999816894531,34.25,31.64719581604004,569000
2007-05-18,34.2599983215332,34.45000076293945,33.560001373291016,34.29999923706055,31.693403244018555,538100
2007-05-21,34.06999969482422,34.790000915527344,33.599998474121094,34.7400016784668,32.09996032714844,476600
2007-05-22,34.5099983215332,34.70000076293945,34.31999969482422,34.560001373291016,31.933624267578125,414400
2007-05-23,34.599998474121094,34.7400016784668,34.09000015258789,34.15999984741211,31.56403350830078,304000
2007-05-24,34.209999084472656,34.4900016784668,33.54999923706055,33.709999084472656,31.148229598999023,357600
2007-05-25,33.709999084472656,34.150001525878906,33.70000076293945,33.88999938964844,31.314552307128906,397500
2007-05-29,33.84000015258789,34.369998931884766,33.810001373291016,33.959999084472656,31.37923240661621,446600
2007-05-30,33.54999923706055,33.61000061035156,32.939998626708984,33.2599983215332,30.73242950439453,737600
2007-05-31,33.380001068115234,33.7599983215332,33.279998779296875,33.599998474121094,31.04659080505371,426700
2007-06-01,33.84000015258789,34.130001068115234,33.439998626708984,33.810001373291016,31.24062728881836,797400
2007-06-04,34.54999923706055,35.0,34.540000915527344,34.900001525878906,32.247798919677734,813800
2007-06-05,34.70000076293945,34.75,34.220001220703125,34.54999923706055,31.924394607543945,446200
2007-06-06,34.36000061035156,34.7599983215332,34.040000915527344,34.150001525878906,31.554792404174805,348600
2007-06-07,33.93000030517578,34.11000061035156,32.93000030517578,33.130001068115234,30.6123046875,450500
2007-06-08,33.15999984741211,33.900001525878906,33.130001068115234,33.779998779296875,31.212913513183594,337100
2007-06-11,33.630001068115234,34.029998779296875,33.4900016784668,33.7400016784668,31.17595672607422,238400
2007-06-12,33.54999923706055,33.720001220703125,33.040000915527344,33.13999938964844,30.62154769897461,338600
2007-06-13,33.689998626708984,36.09000015258789,33.689998626708984,35.7599983215332,33.04243850708008,1731700
2007-06-14,35.7599983215332,35.93000030517578,34.84000015258789,35.150001525878906,32.52427673339844,629100
2007-06-15,35.29999923706055,35.9900016784668,35.099998474121094,35.20000076293945,32.570533752441406,605200
2007-06-18,35.20000076293945,35.25,34.70000076293945,35.220001220703125,32.58903884887695,327000
2007-06-19,35.029998779296875,35.33000183105469,34.880001068115234,34.93000030517578,32.320709228515625,398200
2007-06-20,35.0,35.09000015258789,34.310001373291016,34.45000076293945,31.87656593322754,420000
2007-06-21,34.349998474121094,34.45000076293945,33.58000183105469,34.380001068115234,31.81180191040039,392200
2007-06-22,34.36000061035156,34.68000030517578,33.31999969482422,33.95000076293945,31.41390609741211,527300
2007-06-25,33.880001068115234,34.40999984741211,33.65999984741211,33.849998474121094,31.321372985839844,329200
2007-06-26,34.099998474121094,34.31999969482422,33.84000015258789,34.18000030517578,31.62673568725586,345300
2007-06-27,33.79999923706055,34.88999938964844,33.45000076293945,34.88999938964844,32.283687591552734,684700
2007-06-28,34.83000183105469,35.25,34.61000061035156,34.810001373291016,32.20967102050781,416400
2007-06-29,34.70000076293945,34.88999938964844,33.91999816894531,34.02000045776367,31.47868537902832,708700
2007-07-02,34.209999084472656,34.68000030517578,33.86000061035156,34.65999984741211,32.07086944580078,328800
2007-07-03,34.65999984741211,34.93000030517578,34.59000015258789,34.75,32.154151916503906,134800
2007-07-05,34.70000076293945,34.84000015258789,34.52000045776367,34.810001373291016,32.20967102050781,285700
2007-07-06,34.72999954223633,34.880001068115234,34.400001525878906,34.81999969482422,32.21892166137695,306000
2007-07-09,35.349998474121094,35.349998474121094,34.79999923706055,35.08000183105469,32.45950698852539,421400
2007-07-10,34.68000030517578,35.0,34.099998474121094,34.099998474121094,31.55271339416504,337800
2007-07-11,34.08000183105469,34.4900016784668,33.959999084472656,34.45000076293945,31.87656593322754,253200
2007-07-12,34.5099983215332,35.099998474121094,34.45000076293945,35.04999923706055,32.43174362182617,252000
2007-07-13,34.900001525878906,35.150001525878906,34.70000076293945,35.040000915527344,32.4224967956543,254900
2007-07-16,35.11000061035156,35.150001525878906,34.599998474121094,34.709999084472656,32.11713790893555,367900
2007-07-17,34.709999084472656,35.029998779296875,34.45000076293945,34.79999923706055,32.20042419433594,288000
2007-07-18,34.599998474121094,34.599998474121094,33.5,34.540000915527344,31.95984649658203,428000
2007-07-19,35.970001220703125,37.16999816894531,35.900001525878906,36.5,33.7734260559082,1251500
2007-07-20,36.459999084472656,36.459999084472656,35.220001220703125,35.54999923706055,32.894386291503906,524000
2007-07-23,35.630001068115234,36.040000915527344,35.5,35.959999084472656,33.27376174926758,401700
2007-07-24,35.900001525878906,36.36000061035156,34.95000076293945,35.119998931884766,32.49650955200195,540500
2007-07-25,35.47999954223633,35.79999923706055,34.849998474121094,35.63999938964844,32.9776725769043,783000
2007-07-26,34.970001220703125,35.4900016784668,34.34000015258789,35.11000061035156,32.48725891113281,837200
2007-07-27,35.0,35.0,33.470001220703125,33.470001220703125,30.969776153564453,933800
2007-07-30,33.380001068115234,33.540000915527344,32.56999969482422,33.2599983215332,30.77545928955078,569300
2007-07-31,33.40999984741211,33.40999984741211,32.380001068115234,32.400001525878906,29.979703903198242,547200
2007-08-01,34.38999938964844,34.77000045776367,32.43000030517578,33.40999984741211,30.914255142211914,2247100
2007-08-02,33.68000030517578,34.72999954223633,33.31999969482422,34.68000030517578,32.08938217163086,587300
2007-08-03,34.720001220703125,34.95000076293945,33.189998626708984,33.619998931884766,31.108566284179688,693800
2007-08-06,33.7599983215332,36.349998474121094,33.130001068115234,35.880001068115234,33.19974899291992,1165000
2007-08-07,35.56999969482422,36.41999816894531,35.0,36.099998474121094,33.4033088684082,788500
2007-08-08,36.439998626708984,37.279998779296875,34.880001068115234,35.61000061035156,32.94990539550781,1010200
2007-08-09,34.470001220703125,35.0,32.70000076293945,34.310001373291016,31.747026443481445,1095500
2007-08-10,33.779998779296875,36.150001525878906,33.599998474121094,34.869998931884766,32.265193939208984,784500
2007-08-13,35.20000076293945,35.400001525878906,33.380001068115234,33.68000030517578,31.164085388183594,899100
2007-08-14,31.700000762939453,35.20000076293945,31.700000762939453,34.43000030517578,31.858057022094727,1111400
2007-08-15,34.099998474121094,34.9900016784668,33.380001068115234,33.58000183105469,31.071557998657227,846100
2007-08-16,33.02000045776367,34.4900016784668,32.70000076293945,34.220001220703125,31.66374397277832,823100
2007-08-17,35.43000030517578,36.25,34.41999816894531,35.130001068115234,32.505760192871094,930100
2007-08-20,35.25,36.20000076293945,34.849998474121094,35.86000061035156,33.18122863769531,667500
2007-08-21,35.70000076293945,36.34000015258789,35.65999984741211,35.90999984741211,33.22751235961914,361100
2007-08-22,36.15999984741211,36.68000030517578,36.060001373291016,36.349998474121094,33.6346321105957,428700
2007-08-23,36.400001525878906,36.400001525878906,35.459999084472656,35.599998474121094,32.94065856933594,412400
2007-08-24,35.45000076293945,35.9900016784668,35.029998779296875,35.880001068115234,33.19974899291992,388000
2007-08-27,36.0,36.18000030517578,34.689998626708984,34.84000015258789,32.2374382019043,513200
2007-08-28,34.650001525878906,34.790000915527344,33.599998474121094,33.619998931884766,31.108566284179688,328900
2007-08-29,33.7599983215332,34.84000015258789,33.65999984741211,34.75,32.154151916503906,318500
2007-08-30,34.40999984741211,34.77000045776367,33.36000061035156,33.7599983215332,31.23810386657715,409700
2007-08-31,34.08000183105469,34.61000061035156,33.79999923706055,34.529998779296875,31.950586318969727,372100
2007-09-04,34.29999923706055,34.95000076293945,34.189998626708984,34.689998626708984,32.098636627197266,222700
2007-09-05,34.33000183105469,34.790000915527344,33.810001373291016,34.68000030517578,32.08938217163086,352700
2007-09-06,34.650001525878906,35.5099983215332,34.25,35.470001220703125,32.820369720458984,555400
2007-09-07,34.95000076293945,35.029998779296875,34.369998931884766,34.72999954223633,32.13565444946289,479500
2007-09-10,34.939998626708984,35.459999084472656,34.560001373291016,35.040000915527344,32.4224967956543,416500
2007-09-11,35.130001068115234,35.56999969482422,34.88999938964844,35.5099983215332,32.85737991333008,245200
2007-09-12,35.5,36.04999923706055,35.43000030517578,35.70000076293945,33.0331916809082,332800
2007-09-13,35.79999923706055,35.88999938964844,35.040000915527344,35.16999816894531,32.54277420043945,437900
2007-09-14,35.0,35.869998931884766,34.95000076293945,35.5,32.84812545776367,284100
2007-09-17,35.29999923706055,35.45000076293945,34.81999969482422,35.150001525878906,32.52427673339844,696800
2007-09-18,35.45000076293945,36.79999923706055,35.27000045776367,36.7400016784668,33.99550247192383,706800
2007-09-19,37.16999816894531,38.029998779296875,36.779998779296875,37.06999969482422,34.30084991455078,633900
2007-09-20,36.95000076293945,36.9900016784668,36.040000915527344,36.58000183105469,33.847450256347656,564100
2007-09-21,36.7400016784668,36.75,35.880001068115234,36.5,33.7734260559082,772000
2007-09-24,36.209999084472656,36.5,35.400001525878906,35.75,33.07944869995117,528600
2007-09-25,35.529998779296875,37.08000183105469,35.529998779296875,36.810001373291016,34.060272216796875,721500
2007-09-26,37.099998474121094,37.58000183105469,36.75,37.5,34.6987190246582,786300
2007-09-27,37.709999084472656,38.41999816894531,37.58000183105469,38.31999969482422,35.45747375488281,645600
2007-09-28,38.20000076293945,38.290000915527344,36.849998474121094,37.0099983215332,34.24533462524414,382700
2007-10-01,36.900001525878906,38.470001220703125,36.900001525878906,38.220001220703125,35.36494064331055,463700
2007-10-02,38.0099983215332,38.310001373291016,37.56999969482422,37.959999084472656,35.12436294555664,387400
2007-10-03,37.939998626708984,37.939998626708984,37.060001373291016,37.41999816894531,34.62470245361328,404100
2007-10-04,37.5,38.13999938964844,37.130001068115234,38.029998779296875,35.18913650512695,621200
2007-10-05,38.349998474121094,39.720001220703125,38.11000061035156,39.720001220703125,36.752899169921875,703800
2007-10-08,39.650001525878906,39.810001373291016,39.31999969482422,39.689998626708984,36.725128173828125,403000
2007-10-09,39.7400016784668,40.13999938964844,38.9900016784668,39.9900016784668,37.00271987915039,563100
2007-10-10,40.04999923706055,40.27000045776367,39.209999084472656,39.810001373291016,36.8361701965332,473100
2007-10-11,40.06999969482422,40.2400016784668,38.7400016784668,39.16999816894531,36.243980407714844,407400
2007-10-12,39.130001068115234,39.560001373291016,39.02000045776367,39.27000045776367,36.33651351928711,270700
2007-10-15,39.380001068115234,39.38999938964844,38.349998474121094,38.72999954223633,35.83684539794922,386600
2007-10-16,38.790000915527344,39.27000045776367,38.619998931884766,38.72999954223633,35.83684539794922,511500
2007-10-17,39.099998474121094,39.29999923706055,37.900001525878906,38.52000045776367,35.64253234863281,614800
2007-10-18,38.45000076293945,40.209999084472656,38.45000076293945,40.209999084472656,37.20628356933594,677700
2007-10-19,40.20000076293945,40.20000076293945,37.439998626708984,37.470001220703125,34.67097091674805,781200
2007-10-22,37.029998779296875,38.34000015258789,36.790000915527344,38.119998931884766,35.272403717041016,495800
2007-10-23,38.5,38.70000076293945,37.970001220703125,38.38999938964844,35.52224349975586,449400
2007-10-24,38.220001220703125,38.790000915527344,37.04999923706055,38.470001220703125,35.59626770019531,656200
2007-10-25,38.75,40.189998626708984,38.349998474121094,40.029998779296875,37.03972625732422,758800
2007-10-26,50.0,55.470001220703125,49.849998474121094,55.09000015258789,50.97473907470703,4808900
2007-10-29,54.470001220703125,54.79999923706055,51.5,52.88999938964844,48.9390869140625,2121100
2007-10-30,52.77000045776367,53.369998931884766,52.189998626708984,52.630001068115234,48.69851303100586,1184300
2007-10-31,53.099998474121094,55.599998474121094,52.90999984741211,54.689998626708984,50.604618072509766,1176200
2007-11-01,53.650001525878906,54.040000915527344,52.5,53.25,49.272193908691406,812500
2007-11-02,53.70000076293945,53.7599983215332,52.349998474121094,53.04999923706055,49.08713150024414,826900
2007-11-05,52.88999938964844,55.34000015258789,52.02000045776367,54.68000030517578,50.595367431640625,838600
2007-11-06,55.34000015258789,57.84000015258789,54.58000183105469,57.68000030517578,53.37126922607422,960000
2007-11-07,56.65999984741211,58.34000015258789,56.65999984741211,57.7400016784668,53.426795959472656,1245800
2007-11-08,57.15999984741211,58.65999984741211,56.93000030517578,57.95000076293945,53.62109375,1169900
2007-11-09,57.400001525878906,57.619998931884766,54.63999938964844,54.81999969482422,50.724918365478516,1230400
2007-11-12,55.189998626708984,55.709999084472656,53.65999984741211,53.869998931884766,49.84587860107422,807900
2007-11-13,54.349998474121094,55.29999923706055,54.189998626708984,54.63999938964844,50.5583610534668,843700
2007-11-14,54.81999969482422,55.09000015258789,53.720001220703125,54.04999923706055,50.01243591308594,922700
2007-11-15,54.09000015258789,54.86000061035156,53.400001525878906,53.959999084472656,49.92914581298828,556500
2007-11-16,54.029998779296875,54.400001525878906,53.02000045776367,54.369998931884766,50.30853271484375,792100
2007-11-19,54.08000183105469,54.119998931884766,53.15999984741211,53.34000015258789,49.35546875,804100
2007-11-20,53.5,53.97999954223633,51.40999984741211,52.5,48.57821273803711,1032400
2007-11-21,52.04999923706055,52.689998626708984,50.83000183105469,50.83000183105469,47.03296661376953,717100
2007-11-23,51.47999954223633,52.849998474121094,51.47999954223633,52.349998474121094,48.439422607421875,207600
2007-11-26,52.43000030517578,52.77000045776367,50.470001220703125,50.77000045776367,46.97744369506836,927500
2007-11-27,50.900001525878906,51.91999816894531,50.84000015258789,51.13999938964844,47.3198127746582,1235000
2007-11-28,51.79999923706055,53.88999938964844,51.79999923706055,53.209999084472656,49.23517608642578,781200
2007-11-29,53.0,53.869998931884766,52.689998626708984,53.25,49.272193908691406,606900
2007-11-30,53.900001525878906,55.310001373291016,53.900001525878906,54.97999954223633,50.872962951660156,843100
2007-12-03,55.2400016784668,55.2400016784668,53.529998779296875,54.45000076293945,50.38255310058594,578000
2007-12-04,54.41999816894531,55.34000015258789,53.7599983215332,54.150001525878906,50.1049690246582,532100
2007-12-05,55.22999954223633,55.779998779296875,54.349998474121094,54.58000183105469,50.50284194946289,496500
2007-12-06,54.400001525878906,55.849998474121094,54.38999938964844,55.61000061035156,51.45589828491211,613400
2007-12-07,56.36000061035156,58.54999923706055,54.630001068115234,57.88999938964844,53.565574645996094,1455300
2007-12-10,58.15999984741211,59.279998779296875,57.81999969482422,58.599998474121094,54.2225456237793,991600
2007-12-11,57.22999954223633,58.68000030517578,55.16999816894531,56.72999954223633,52.49223709106445,1363600
2007-12-12,58.29999923706055,58.88999938964844,57.43000030517578,58.150001525878906,53.863128662109375,732100
2007-12-13,58.22999954223633,59.970001220703125,57.349998474121094,59.79999923706055,55.3914794921875,550200
2007-12-14,59.09000015258789,59.900001525878906,58.529998779296875,58.59000015258789,54.270694732666016,606100
2007-12-17,58.20000076293945,58.220001220703125,55.349998474121094,55.349998474121094,51.2695426940918,1068400
2007-12-18,55.97999954223633,55.97999954223633,54.09000015258789,55.220001220703125,51.14912796020508,1007000
2007-12-19,55.56999969482422,55.849998474121094,53.08000183105469,53.83000183105469,49.861602783203125,852000
2007-12-20,54.5,54.5,52.220001220703125,52.29999923706055,48.444393157958984,972000
2007-12-21,53.0099983215332,54.2599983215332,52.380001068115234,53.540000915527344,49.59298324584961,1491100
2007-12-24,53.91999816894531,54.45000076293945,53.709999084472656,54.45000076293945,50.43589401245117,170100
2007-12-26,54.45000076293945,54.45000076293945,53.02000045776367,54.060001373291016,50.074649810791016,349900
2007-12-27,54.029998779296875,54.18000030517578,51.400001525878906,51.41999816894531,47.629268646240234,711100
2007-12-28,51.720001220703125,52.90999984741211,51.52000045776367,51.79999923706055,47.98125076293945,755700
2007-12-31,51.40999984741211,52.40999984741211,50.84000015258789,51.959999084472656,48.129459381103516,632100
2008-01-02,51.65999984741211,52.09000015258789,50.0,50.599998474121094,46.869712829589844,959700
2008-01-03,51.040000915527344,52.470001220703125,50.81999969482422,51.33000183105469,47.5458984375,710900
2008-01-04,50.7400016784668,51.22999954223633,50.2599983215332,50.5,46.77709197998047,627300
2008-01-07,51.08000183105469,54.349998474121094,50.959999084472656,53.27000045776367,49.3428840637207,1495000
2008-01-08,53.36000061035156,53.36000061035156,49.470001220703125,49.560001373291016,45.90638732910156,1688400
2008-01-09,49.599998474121094,53.720001220703125,49.540000915527344,53.61000061035156,49.65781784057617,1293300
2008-01-10,53.119998931884766,57.18000030517578,52.88999938964844,56.58000183105469,52.40887451171875,1953400
2008-01-11,56.279998779296875,56.93000030517578,55.380001068115234,55.41999816894531,51.33437728881836,1329500
2008-01-14,55.70000076293945,57.939998626708984,55.70000076293945,57.439998626708984,53.20546340942383,948400
2008-01-15,56.0099983215332,59.0,56.0099983215332,58.27000045776367,53.974281311035156,1872000
2008-01-16,58.13999938964844,58.72999954223633,56.0099983215332,56.869998931884766,52.677490234375,1438300
2008-01-17,57.2599983215332,59.33000183105469,57.25,58.95000076293945,54.60414505004883,2525900
2008-01-18,59.029998779296875,61.25,57.4900016784668,58.880001068115234,54.53931427001953,1749800
2008-01-22,56.0,58.79999923706055,51.560001373291016,51.88999938964844,48.06461715698242,3284300
2008-01-23,49.75,54.47999954223633,48.52000045776367,54.08000183105469,50.093170166015625,2693600
2008-01-24,54.95000076293945,58.11000061035156,53.66999816894531,57.7400016784668,53.483360290527344,1891200
2008-01-25,59.470001220703125,59.470001220703125,50.560001373291016,52.369998931884766,48.50922775268555,3906300
2008-01-28,52.279998779296875,54.52000045776367,50.79999923706055,54.52000045776367,50.50074005126953,1882900
2008-01-29,54.91999816894531,56.16999816894531,54.02000045776367,54.630001068115234,50.60261535644531,1217200
2008-01-30,54.41999816894531,54.939998626708984,52.7400016784668,53.25,49.32435607910156,899200
2008-01-31,52.369998931884766,55.7400016784668,51.0,55.189998626708984,51.12134552001953,1520700
2008-02-01,55.38999938964844,56.0,53.97999954223633,54.349998474121094,50.34326934814453,793400
2008-02-04,54.349998474121094,55.75,54.040000915527344,55.0,50.94533920288086,1129300
2008-02-05,53.66999816894531,55.459999084472656,52.2400016784668,52.4900016784668,48.62039566040039,1444400
2008-02-06,52.650001525878906,52.650001525878906,48.119998931884766,48.29999923706055,44.73927307128906,1517500
2008-02-07,47.91999816894531,48.68000030517578,46.349998474121094,47.630001068115234,44.11867141723633,1981900
2008-02-08,47.86000061035156,50.0,47.86000061035156,48.959999084472656,45.35062789916992,1234500
2008-02-11,49.09000015258789,50.29999923706055,48.849998474121094,49.849998474121094,46.17501449584961,928800
2008-02-12,50.20000076293945,50.33000183105469,48.400001525878906,49.0,45.38768005371094,938500
2008-02-13,49.5,50.189998626708984,48.709999084472656,50.0,46.31395721435547,1133600
2008-02-14,50.0,50.58000183105469,45.959999084472656,47.06999969482422,43.599945068359375,1741200
2008-02-15,46.61000061035156,47.470001220703125,44.79999923706055,46.34000015258789,42.923763275146484,1468200
2008-02-19,46.90999984741211,47.22999954223633,44.790000915527344,44.97999954223633,41.664024353027344,997400
2008-02-20,44.70000076293945,47.709999084472656,44.68000030517578,47.540000915527344,44.03531265258789,1047800
2008-02-21,47.810001373291016,47.880001068115234,43.40999984741211,43.86000061035156,40.62660217285156,1854700
2008-02-22,43.900001525878906,44.86000061035156,43.75,44.720001220703125,41.4232063293457,1463900
2008-02-25,44.650001525878906,44.720001220703125,43.06999969482422,44.18000030517578,40.92300796508789,1333200
2008-02-26,43.43000030517578,47.4900016784668,43.43000030517578,46.90999984741211,43.45174789428711,1281000
2008-02-27,46.5,48.720001220703125,46.290000915527344,48.540000915527344,44.96159362792969,1299900
2008-02-28,48.38999938964844,48.470001220703125,46.369998931884766,47.16999816894531,43.69258117675781,1482500
2008-02-29,46.58000183105469,46.58000183105469,43.75,43.939998626708984,40.7006950378418,1277900
2008-03-03,45.72999954223633,46.900001525878906,44.22999954223633,44.4900016784668,41.21015548706055,1429700
2008-03-04,44.119998931884766,44.119998931884766,42.58000183105469,43.38999938964844,40.19124221801758,1016700
2008-03-05,43.84000015258789,43.95000076293945,42.369998931884766,42.630001068115234,39.487274169921875,1149600
2008-03-06,42.31999969482422,43.0,41.08000183105469,41.15999984741211,38.12565231323242,876600
2008-03-07,40.720001220703125,41.439998626708984,40.220001220703125,40.61000061035156,37.61619567871094,883700
2008-03-10,40.75,41.13999938964844,39.70000076293945,39.959999084472656,37.01411819458008,577800
2008-03-11,40.970001220703125,43.04999923706055,40.75,42.959999084472656,39.79294204711914,1052300
2008-03-12,43.119998931884766,45.27000045776367,43.04999923706055,44.65999984741211,41.367618560791016,1478800
2008-03-13,44.029998779296875,45.439998626708984,42.63999938964844,45.13999938964844,41.81222915649414,1772800
2008-03-14,45.599998474121094,45.599998474121094,43.09000015258789,43.7400016784668,40.515445709228516,1211500
2008-03-17,42.709999084472656,42.939998626708984,41.0099983215332,41.470001220703125,38.41279220581055,1779200
2008-03-18,42.849998474121094,45.33000183105469,42.5099983215332,44.45000076293945,41.173095703125,1661100
2008-03-19,44.310001373291016,45.790000915527344,43.36000061035156,43.369998931884766,40.1727180480957,975800
2008-03-20,43.150001525878906,46.47999954223633,42.810001373291016,46.2599983215332,42.84967041015625,1993300
2008-03-24,46.25,48.08000183105469,46.25,47.560001373291016,44.053829193115234,661800
2008-03-25,47.63999938964844,47.709999084472656,46.349998474121094,47.189998626708984,43.71110916137695,569100
2008-03-26,47.2599983215332,47.619998931884766,46.45000076293945,47.349998474121094,43.85931396484375,653800
2008-03-27,47.5,47.70000076293945,46.72999954223633,46.86000061035156,43.405426025390625,728800
2008-03-28,45.20000076293945,45.45000076293945,39.5,39.970001220703125,37.023372650146484,4021300
2008-03-31,39.970001220703125,42.630001068115234,39.25,41.84000015258789,38.75551986694336,3336200
2008-04-01,42.0,43.97999954223633,41.849998474121094,43.790000915527344,40.56175994873047,1081500
2008-04-02,43.88999938964844,44.45000076293945,43.040000915527344,43.47999954223633,40.27461624145508,618900
2008-04-03,43.25,44.9900016784668,42.15999984741211,44.529998779296875,41.247196197509766,1022900
2008-04-04,45.09000015258789,49.45000076293945,44.099998474121094,47.529998779296875,44.02604675292969,2313900
2008-04-07,47.720001220703125,48.5,46.400001525878906,47.7400016784668,44.22056198120117,1001000
2008-04-08,47.380001068115234,47.4900016784668,46.470001220703125,47.25,43.766685485839844,794800
2008-04-09,47.220001220703125,49.630001068115234,46.720001220703125,47.70000076293945,44.18351364135742,1109300
2008-04-10,47.52000045776367,50.150001525878906,47.369998931884766,49.91999816894531,46.23984146118164,706000
2008-04-11,49.29999923706055,49.29999923706055,47.630001068115234,48.060001373291016,44.5169677734375,681200
2008-04-14,47.959999084472656,48.810001373291016,47.91999816894531,48.369998931884766,44.80411911010742,539300
2008-04-15,48.810001373291016,48.900001525878906,47.720001220703125,48.33000183105469,44.76706314086914,562200
2008-04-16,48.790000915527344,50.029998779296875,47.91999816894531,49.95000076293945,46.26763153076172,604500
2008-04-17,49.810001373291016,50.529998779296875,48.68000030517578,50.38999938964844,46.67520523071289,668700
2008-04-18,51.31999969482422,52.099998474121094,51.060001373291016,51.91999816894531,48.092411041259766,927000
2008-04-21,51.630001068115234,52.63999938964844,50.11000061035156,50.79999923706055,47.054969787597656,1213900
2008-04-22,50.5,51.06999969482422,49.25,49.880001068115234,46.20280456542969,859200
2008-04-23,50.099998474121094,52.0099983215332,49.61000061035156,51.630001068115234,47.823787689208984,842800
2008-04-24,51.9900016784668,54.2400016784668,51.7599983215332,53.79999923706055,49.83382034301758,1218400
2008-04-25,57.0,57.810001373291016,54.0,55.4900016784668,51.39921951293945,2260300
2008-04-28,55.119998931884766,58.0099983215332,54.5,57.38999938964844,53.15915298461914,1479700
2008-04-29,57.189998626708984,58.5,57.0099983215332,58.5,54.187320709228516,977100
2008-04-30,58.5099983215332,59.41999816894531,56.7400016784668,57.0,52.79790496826172,1025800
2008-05-01,56.779998779296875,59.75,56.65999984741211,59.36000061035156,54.98392868041992,993600
2008-05-02,60.2400016784668,60.2400016784668,58.08000183105469,58.65999984741211,54.33552169799805,654600
2008-05-05,57.77000045776367,58.619998931884766,56.900001525878906,57.599998474121094,53.353668212890625,691600
2008-05-06,56.869998931884766,58.0,56.81999969482422,57.810001373291016,53.54818344116211,551900
2008-05-07,57.849998474121094,58.310001373291016,55.599998474121094,56.04999923706055,51.91794204711914,730500
2008-05-08,56.04999923706055,56.65999984741211,54.9900016784668,55.83000183105469,51.71416473388672,678500
2008-05-09,55.13999938964844,56.33000183105469,54.959999084472656,56.0,51.87162780761719,410000
2008-05-12,56.18000030517578,57.060001373291016,55.310001373291016,56.869998931884766,52.677490234375,553000
2008-05-13,57.099998474121094,58.20000076293945,56.52000045776367,57.849998474121094,53.585235595703125,466500
2008-05-14,58.099998474121094,59.380001068115234,57.7400016784668,57.81999969482422,53.557456970214844,486100
2008-05-15,57.70000076293945,58.599998474121094,56.900001525878906,58.439998626708984,54.13174819946289,461600
2008-05-16,58.459999084472656,58.72999954223633,56.25,56.66999816894531,52.49223327636719,610700
2008-05-19,51.630001068115234,56.11000061035156,51.13999938964844,54.20000076293945,50.20432662963867,1933400
2008-05-20,53.650001525878906,53.88999938964844,51.75,53.5099983215332,49.565189361572266,903800
2008-05-21,53.47999954223633,54.400001525878906,52.25,52.75,48.86122131347656,487700
2008-05-22,52.5099983215332,54.400001525878906,52.5099983215332,54.040000915527344,50.056121826171875,883300
2008-05-23,54.04999923706055,54.04999923706055,52.150001525878906,53.56999969482422,49.62076187133789,662800
2008-05-27,53.97999954223633,56.16999816894531,53.790000915527344,56.16999816894531,52.02909851074219,661700
2008-05-28,56.439998626708984,56.45000076293945,54.04999923706055,55.15999984741211,51.09354782104492,574200
2008-05-29,55.150001525878906,58.52000045776367,55.150001525878906,57.65999984741211,53.40924835205078,806800
2008-05-30,57.70000076293945,57.97999954223633,55.790000915527344,57.04999923706055,52.844215393066406,507600
2008-06-02,57.04999923706055,57.04999923706055,54.97999954223633,55.20000076293945,51.13059997558594,806700
2008-06-03,55.790000915527344,56.40999984741211,54.630001068115234,55.560001373291016,51.46406555175781,618200
2008-06-04,55.470001220703125,56.689998626708984,55.0,56.16999816894531,52.02909851074219,638400
2008-06-05,56.189998626708984,58.349998474121094,55.86000061035156,58.349998474121094,54.04838562011719,509900
2008-06-06,57.86000061035156,58.59000015258789,57.34000015258789,57.959999084472656,53.6871337890625,972600
2008-06-09,57.970001220703125,58.290000915527344,56.22999954223633,57.369998931884766,53.140621185302734,690500
2008-06-10,56.849998474121094,57.720001220703125,56.2400016784668,57.349998474121094,53.12210464477539,405100
2008-06-11,57.20000076293945,57.20000076293945,55.06999969482422,55.279998779296875,51.2047004699707,588800
2008-06-12,55.810001373291016,57.5,55.790000915527344,56.58000183105469,52.40887451171875,373700
2008-06-13,57.099998474121094,59.15999984741211,56.81999969482422,58.560001373291016,54.24290466308594,741900
2008-06-16,58.20000076293945,61.11000061035156,57.310001373291016,59.9900016784668,55.567481994628906,1064200
2008-06-17,59.86000061035156,59.93000030517578,58.79999923706055,59.349998474121094,55.029701232910156,483600
2008-06-18,58.939998626708984,60.150001525878906,58.31999969482422,59.75,55.40058135986328,595600
2008-06-19,59.75,60.630001068115234,59.04999923706055,60.38999938964844,55.993988037109375,768700
2008-06-20,56.66999816894531,58.959999084472656,56.66999816894531,58.540000915527344,54.278663635253906,1385800
2008-06-23,59.029998779296875,59.95000076293945,58.119998931884766,59.93000030517578,55.567481994628906,694100
2008-06-24,59.38999938964844,60.2400016784668,58.529998779296875,59.02000045776367,54.723716735839844,725700
2008-06-25,59.2599983215332,60.31999969482422,58.25,60.20000076293945,55.81782531738281,870500
2008-06-26,59.4900016784668,59.7599983215332,58.27000045776367,59.209999084472656,54.8998908996582,958900
2008-06-27,59.209999084472656,61.56999969482422,58.119998931884766,61.189998626708984,56.73576736450195,4743600
2008-06-30,61.27000045776367,61.470001220703125,52.75,53.619998931884766,49.716800689697266,5969600
2008-07-01,52.84000015258789,54.369998931884766,51.75,52.25,48.446537017822266,3307900
2008-07-02,54.56999969482422,59.790000915527344,54.56999969482422,57.310001373291016,53.13820266723633,2972200
2008-07-03,58.130001068115234,58.130001068115234,55.08000183105469,55.5,51.45995330810547,859400
2008-07-07,55.90999984741211,56.5,53.75,54.63999938964844,50.66255187988281,1332400
2008-07-08,54.4900016784668,57.060001373291016,53.400001525878906,57.0,52.85076904296875,1115300
2008-07-09,57.04999923706055,57.529998779296875,56.0099983215332,56.400001525878906,52.2944450378418,935400
2008-07-10,56.310001373291016,56.5099983215332,53.7599983215332,54.130001068115234,50.18968200683594,912700
2008-07-11,53.689998626708984,55.0,52.97999954223633,54.290000915527344,50.33803939819336,918200
2008-07-14,54.58000183105469,54.58000183105469,52.29999923706055,52.77000045776367,48.92867660522461,762000
2008-07-15,52.38999938964844,54.15999984741211,51.5,53.040000915527344,49.17902755737305,1017900
2008-07-16,52.95000076293945,54.79999923706055,52.369998931884766,54.11000061035156,50.171142578125,1506600
2008-07-17,54.439998626708984,55.060001373291016,52.77000045776367,53.18000030517578,49.308841705322266,1613300
2008-07-18,53.470001220703125,54.0,52.52000045776367,53.81999969482422,49.902244567871094,866900
2008-07-21,53.900001525878906,54.099998474121094,52.630001068115234,53.0099983215332,49.15121078491211,376100
2008-07-22,52.400001525878906,54.599998474121094,52.119998931884766,54.5,50.53274917602539,717700
2008-07-23,54.75,55.22999954223633,53.869998931884766,55.0,50.99635314941406,1079700
2008-07-24,55.310001373291016,56.650001525878906,54.88999938964844,55.61000061035156,51.56195068359375,1025400
2008-07-25,55.900001525878906,56.08000183105469,54.400001525878906,55.220001220703125,51.200340270996094,602000
2008-07-28,55.099998474121094,55.47999954223633,53.93000030517578,54.08000183105469,50.14332580566406,549800
2008-07-29,54.20000076293945,55.79999923706055,53.970001220703125,55.619998931884766,51.57122039794922,513500
2008-07-30,56.08000183105469,56.83000183105469,55.72999954223633,56.75,52.61895751953125,560800
2008-07-31,56.189998626708984,58.11000061035156,56.0099983215332,56.810001373291016,52.674591064453125,1010700
2008-08-01,57.2400016784668,57.290000915527344,55.77000045776367,55.97999954223633,51.90501403808594,776500
2008-08-04,56.38999938964844,56.38999938964844,55.0099983215332,55.61000061035156,51.56195068359375,791600
2008-08-05,56.15999984741211,56.33000183105469,55.40999984741211,56.2400016784668,52.14608383178711,715600
2008-08-06,56.209999084472656,56.209999084472656,53.72999954223633,53.95000076293945,50.02278137207031,946700
2008-08-07,53.599998474121094,54.7599983215332,53.13999938964844,53.47999954223633,49.58700180053711,742200
2008-08-08,53.470001220703125,56.45000076293945,53.04999923706055,55.45000076293945,51.41360092163086,1074100
2008-08-11,55.25,55.439998626708984,54.54999923706055,54.9900016784668,50.98707962036133,514800
2008-08-12,54.900001525878906,55.2400016784668,53.54999923706055,54.119998931884766,50.18041229248047,552500
2008-08-13,53.630001068115234,54.2400016784668,53.16999816894531,54.18000030517578,50.23604202270508,560900
2008-08-14,53.689998626708984,55.369998931884766,53.68000030517578,55.29999923706055,51.27451705932617,784400
2008-08-15,51.25,53.880001068115234,49.81999969482422,51.45000076293945,47.70478057861328,5694000
2008-08-18,52.040000915527344,52.040000915527344,48.70000076293945,49.04999923706055,45.47947311401367,1898800
2008-08-19,48.61000061035156,48.959999084472656,47.060001373291016,48.290000915527344,44.77479553222656,1166600
2008-08-20,48.63999938964844,49.22999954223633,47.470001220703125,48.849998474121094,45.294029235839844,1438200
2008-08-21,48.84000015258789,49.29999923706055,47.790000915527344,49.209999084472656,45.627830505371094,993900
2008-08-22,49.689998626708984,51.75,49.4900016784668,51.2599983215332,47.52860641479492,1113900
2008-08-25,50.869998931884766,50.869998931884766,49.15999984741211,49.59000015258789,45.98016357421875,621200
2008-08-26,49.59000015258789,50.349998474121094,48.88999938964844,49.880001068115234,46.24906539916992,797300
2008-08-27,50.119998931884766,50.34000015258789,49.31999969482422,50.310001373291016,46.64775085449219,691100
2008-08-28,50.650001525878906,51.31999969482422,49.959999084472656,51.22999954223633,47.50077819824219,933800
2008-08-29,50.900001525878906,52.0,50.900001525878906,51.58000183105469,47.82530975341797,691600
2008-09-02,52.0,53.25,51.52000045776367,51.97999954223633,48.19618225097656,883400
2008-09-03,52.66999816894531,53.869998931884766,51.400001525878906,53.540000915527344,49.642635345458984,1223100
2008-09-04,53.16999816894531,54.47999954223633,52.97999954223633,53.939998626708984,50.01350784301758,958000
2008-09-05,53.58000183105469,53.58000183105469,52.0,53.459999084472656,49.568458557128906,907800
2008-09-08,54.5,56.130001068115234,54.130001068115234,55.91999816894531,51.8493766784668,841700
2008-09-09,56.02000045776367,56.02000045776367,52.72999954223633,52.72999954223633,48.8915901184082,938400
2008-09-10,53.119998931884766,55.04999923706055,52.349998474121094,54.040000915527344,50.106231689453125,875300
2008-09-11,53.7599983215332,55.38999938964844,52.5,55.2400016784668,51.2188835144043,601000
2008-09-12,54.459999084472656,56.43000030517578,54.400001525878906,56.060001373291016,51.979190826416016,651200
2008-09-15,54.09000015258789,56.68000030517578,53.869998931884766,55.38999938964844,51.35796356201172,638600
2008-09-16,54.369998931884766,56.41999816894531,53.810001373291016,55.83000183105469,51.765933990478516,986900
2008-09-17,54.86000061035156,55.93000030517578,52.79999923706055,54.47999954223633,50.514198303222656,963400
2008-09-18,55.369998931884766,56.33000183105469,53.56999969482422,55.13999938964844,51.12615966796875,1405300
2008-09-19,56.779998779296875,58.2599983215332,54.43000030517578,56.97999954223633,52.83222198486328,1026100
2008-09-22,57.709999084472656,57.75,54.56999969482422,54.68000030517578,50.69963836669922,618500
2008-09-23,54.5,54.93000030517578,53.099998474121094,53.88999938964844,49.96714782714844,604100
2008-09-24,54.20000076293945,54.86000061035156,51.40999984741211,51.79999923706055,48.0292854309082,971400
2008-09-25,52.27000045776367,53.59000015258789,50.630001068115234,52.790000915527344,48.94723129272461,976300
2008-09-26,51.9900016784668,52.97999954223633,51.099998474121094,52.5099983215332,48.6876106262207,578600
2008-09-29,51.68000030517578,52.16999816894531,48.95000076293945,49.72999954223633,46.1099739074707,658400
2008-09-30,50.939998626708984,50.939998626708984,48.0,49.540000915527344,45.93380355834961,962400
2008-10-01,49.27000045776367,50.72999954223633,48.45000076293945,50.20000076293945,46.5457649230957,459700
2008-10-02,49.88999938964844,49.88999938964844,47.5,48.0,44.50591278076172,715200
2008-10-03,48.5,49.099998474121094,46.560001373291016,46.849998474121094,43.439613342285156,774900
2008-10-06,45.79999923706055,46.45000076293945,43.02000045776367,45.13999938964844,41.85409164428711,936200
2008-10-07,45.88999938964844,46.380001068115234,44.650001525878906,44.9900016784668,41.715023040771484,1187900
2008-10-08,43.47999954223633,46.75,43.2400016784668,45.189998626708984,41.90045928955078,1411000
2008-10-09,45.95000076293945,46.58000183105469,43.029998779296875,43.86000061035156,40.66727066040039,1108000
2008-10-10,42.2400016784668,45.95000076293945,40.66999816894531,44.4900016784668,41.25141525268555,1477100
2008-10-13,46.0099983215332,46.470001220703125,43.81999969482422,45.0,41.72429275512695,1189200
2008-10-14,46.619998931884766,46.619998931884766,43.90999984741211,44.619998931884766,41.371944427490234,1570900
2008-10-15,44.150001525878906,44.619998931884766,42.119998931884766,42.119998931884766,39.05393600463867,742800
2008-10-16,42.16999816894531,46.400001525878906,40.880001068115234,45.599998474121094,42.28060531616211,1081500
2008-10-17,43.9900016784668,47.20000076293945,43.9900016784668,45.20000076293945,41.90972900390625,913400
2008-10-20,46.630001068115234,48.18000030517578,45.54999923706055,47.2400016784668,43.801231384277344,912500
2008-10-21,46.459999084472656,48.150001525878906,46.27000045776367,47.06999969482422,43.64360427856445,472800
2008-10-22,46.040000915527344,46.970001220703125,44.0,44.86000061035156,41.594482421875,761900
2008-10-23,44.88999938964844,48.93000030517578,42.38999938964844,43.25,40.101680755615234,1612600
2008-10-24,41.88999938964844,47.900001525878906,41.15999984741211,46.75,43.346900939941406,3085100
2008-10-27,46.279998779296875,50.2599983215332,45.72999954223633,49.0,45.43311309814453,1586700
2008-10-28,49.95000076293945,54.209999084472656,49.599998474121094,54.209999084472656,50.263858795166016,1782300
2008-10-29,54.09000015258789,58.77000045776367,53.34000015258789,54.79999923706055,50.810909271240234,2202600
2008-10-30,55.7400016784668,57.54999923706055,55.0,57.54999923706055,53.36073303222656,1164100
2008-10-31,57.0,57.95000076293945,56.0,56.689998626708984,52.563331604003906,1031800
2008-11-03,56.790000915527344,56.810001373291016,53.52000045776367,54.68000030517578,50.69963836669922,1335300
2008-11-04,55.41999816894531,55.599998474121094,54.560001373291016,55.349998474121094,51.32086944580078,871800
2008-11-05,54.63999938964844,55.560001373291016,53.31999969482422,53.5099983215332,49.614810943603516,650700
2008-11-06,52.560001373291016,55.099998474121094,52.560001373291016,52.939998626708984,49.086307525634766,848200
2008-11-07,53.29999923706055,56.0,52.779998779296875,55.529998779296875,51.48777389526367,777500
2008-11-10,56.599998474121094,56.93000030517578,55.33000183105469,56.34000015258789,52.238807678222656,702300
2008-11-11,55.5099983215332,55.599998474121094,53.619998931884766,55.25,51.22815704345703,743500
2008-11-12,54.5099983215332,55.25,52.2599983215332,52.959999084472656,49.104854583740234,924500
2008-11-13,53.540000915527344,56.63999938964844,52.09000015258789,56.5099983215332,52.39643096923828,1416500
2008-11-14,55.75,57.7400016784668,54.52000045776367,55.040000915527344,51.033443450927734,790500
2008-11-17,54.7599983215332,55.5099983215332,53.65999984741211,54.459999084472656,50.495662689208984,840400
2008-11-18,54.7599983215332,55.380001068115234,52.72999954223633,54.56999969482422,50.59764862060547,936700
2008-11-19,54.15999984741211,55.59000015258789,52.22999954223633,52.36000061035156,48.54852294921875,842200
2008-11-20,51.58000183105469,52.36000061035156,48.97999954223633,49.040000915527344,45.4702033996582,1690300
2008-11-21,49.7400016784668,52.04999923706055,47.93000030517578,52.02000045776367,48.23326873779297,1259000
2008-11-24,53.15999984741211,55.36000061035156,52.849998474121094,54.7400016784668,50.75528335571289,983200
2008-11-25,55.20000076293945,55.47999954223633,52.59000015258789,54.77000045776367,50.78309631347656,2480600
2008-11-26,53.65999984741211,57.65999984741211,53.29999923706055,57.369998931884766,53.19383239746094,804900
2008-11-28,57.22999954223633,57.47999954223633,56.2400016784668,57.47999954223633,53.29581832885742,359900
2008-12-01,56.220001220703125,57.2599983215332,54.7400016784668,54.7599983215332,50.77381896972656,718200
2008-12-02,55.400001525878906,58.38999938964844,55.22999954223633,56.72999954223633,52.60041427612305,1077600
2008-12-03,55.709999084472656,59.400001525878906,55.47999954223633,57.22999954223633,53.064022064208984,1162500
2008-12-04,56.22999954223633,58.369998931884766,55.11000061035156,56.09000015258789,52.00700378417969,860600
2008-12-05,57.70000076293945,59.29999923706055,54.619998931884766,58.369998931884766,54.12103271484375,1301000
2008-12-08,59.7400016784668,60.5,53.380001068115234,54.150001525878906,50.20823287963867,1912100
2008-12-09,54.33000183105469,56.150001525878906,52.939998626708984,53.11000061035156,49.24393081665039,1108500
2008-12-10,53.650001525878906,54.72999954223633,52.959999084472656,54.02000045776367,50.16325378417969,849400
2008-12-11,53.25,54.2599983215332,52.400001525878906,53.060001373291016,49.271793365478516,848200
2008-12-12,52.5,55.720001220703125,52.04999923706055,55.189998626708984,51.24972152709961,1030600
2008-12-15,55.560001373291016,55.58000183105469,52.20000076293945,52.810001373291016,49.03964614868164,684100
2008-12-16,53.63999938964844,56.209999084472656,53.63999938964844,55.43000030517578,51.47258377075195,987800
2008-12-17,55.0099983215332,56.63999938964844,54.75,56.130001068115234,52.12260437011719,884700
2008-12-18,56.72999954223633,58.119998931884766,56.130001068115234,56.849998474121094,52.79119873046875,792700
2008-12-19,57.0,57.97999954223633,55.61000061035156,56.02000045776367,52.020450592041016,1053700
2008-12-22,56.2599983215332,57.15999984741211,55.31999969482422,57.08000183105469,53.00477981567383,773400
2008-12-23,57.13999938964844,57.77000045776367,56.0,57.08000183105469,53.00477981567383,677300
2008-12-24,57.2599983215332,57.9900016784668,56.900001525878906,57.119998931884766,53.041927337646484,214200
2008-12-26,57.65999984741211,57.65999984741211,56.099998474121094,56.5,52.466190338134766,398100
2008-12-29,56.2599983215332,56.970001220703125,55.66999816894531,56.939998626708984,52.87477493286133,687000
2008-12-30,57.59000015258789,58.119998931884766,57.02000045776367,57.81999969482422,53.69194793701172,714800
2008-12-31,57.970001220703125,59.119998931884766,56.93000030517578,57.40999984741211,53.31122589111328,748600
2009-01-02,57.650001525878906,57.880001068115234,56.439998626708984,56.83000183105469,52.77263641357422,743500
2009-01-05,56.25,57.16999816894531,52.630001068115234,53.59000015258789,49.76395797729492,1628200
2009-01-06,54.22999954223633,54.5,51.61000061035156,52.25,48.51961898803711,1236000
2009-01-07,51.869998931884766,52.79999923706055,51.11000061035156,51.880001068115234,48.17604064941406,1136800
2009-01-08,52.0,52.529998779296875,51.060001373291016,52.45000076293945,48.70534133911133,1422400
2009-01-09,55.0099983215332,57.4900016784668,55.0099983215332,56.20000076293945,52.187618255615234,2041200
2009-01-12,56.0,56.25,54.099998474121094,54.81999969482422,50.9061393737793,1211900
2009-01-13,54.790000915527344,54.84000015258789,52.90999984741211,53.38999938964844,49.57822799682617,1005400
2009-01-14,52.25,53.66999816894531,52.18000030517578,53.029998779296875,49.24393081665039,1010600
2009-01-15,52.75,56.16999816894531,52.439998626708984,55.779998779296875,51.7975959777832,1277800
2009-01-16,56.58000183105469,59.31999969482422,55.72999954223633,58.9900016784668,54.77842712402344,2041600
2009-01-20,59.0,59.779998779296875,58.0099983215332,58.84000015258789,54.639137268066406,2278100
2009-01-21,59.400001525878906,61.400001525878906,58.97999954223633,61.0,56.64492416381836,2185900
2009-01-22,61.119998931884766,64.69000244140625,60.9900016784668,62.630001068115234,58.15854263305664,2852300
2009-01-23,61.25,62.5,60.150001525878906,60.869998931884766,56.52419662475586,1666800
2009-01-26,61.0,61.04999923706055,57.59000015258789,60.84000015258789,56.496334075927734,2449500
2009-01-27,61.33000183105469,61.5,58.689998626708984,59.56999969482422,55.317012786865234,2423100
2009-01-28,55.75,56.400001525878906,53.29999923706055,55.29999923706055,51.351863861083984,3463400
2009-01-29,54.540000915527344,56.720001220703125,54.540000915527344,55.560001373291016,51.59330368041992,1120100
2009-01-30,55.290000915527344,55.97999954223633,53.130001068115234,53.58000183105469,49.75466537475586,1005900
2009-02-02,53.439998626708984,56.77000045776367,53.369998931884766,56.279998779296875,52.26190185546875,1297200
2009-02-03,56.529998779296875,59.2599983215332,56.0,58.7599983215332,54.56483840942383,1583000
2009-02-04,58.54999923706055,58.54999923706055,56.0099983215332,56.22999954223633,52.21546173095703,1396900
2009-02-05,55.529998779296875,56.79999923706055,54.959999084472656,56.43000030517578,52.401187896728516,1178700
2009-02-06,56.310001373291016,57.9900016784668,55.709999084472656,57.65999984741211,53.54337692260742,1382800
2009-02-09,58.060001373291016,58.790000915527344,57.86000061035156,58.29999923706055,54.13767623901367,862900
2009-02-10,57.900001525878906,58.459999084472656,55.5,56.709999084472656,52.661197662353516,1305100
2009-02-11,57.0,58.439998626708984,56.7599983215332,57.88999938964844,53.756961822509766,1060100
2009-02-12,55.0,56.41999816894531,52.25,55.689998626708984,51.71402359008789,2375700
2009-02-13,55.959999084472656,56.86000061035156,54.61000061035156,56.119998931884766,52.113319396972656,1481100
2009-02-17,55.040000915527344,57.45000076293945,54.439998626708984,56.810001373291016,52.75407409667969,1498800
2009-02-18,57.15999984741211,57.68000030517578,55.630001068115234,57.349998474121094,53.2555046081543,948900
2009-02-19,57.58000183105469,58.11000061035156,52.099998474121094,52.459999084472656,48.71461868286133,2101000
2009-02-20,52.5,54.20000076293945,51.84000015258789,54.060001373291016,50.20039749145508,1683100
2009-02-23,53.34000015258789,54.59000015258789,52.83000183105469,53.5099983215332,49.689666748046875,882800
2009-02-24,54.84000015258789,56.349998474121094,51.869998931884766,52.93000030517578,49.151065826416016,1554800
2009-02-25,52.90999984741211,54.15999984741211,52.16999816894531,53.400001525878906,49.58751678466797,1288200
2009-02-26,53.79999923706055,53.79999923706055,49.0,51.29999923706055,47.63744354248047,1795000
2009-02-27,50.88999938964844,52.849998474121094,50.5,51.95000076293945,48.24104309082031,2634000
2009-03-02,51.130001068115234,51.810001373291016,50.349998474121094,50.529998779296875,46.92241668701172,1299200
2009-03-03,50.720001220703125,50.880001068115234,48.779998779296875,49.47999954223633,45.9473876953125,1447100
2009-03-04,50.0,50.029998779296875,45.65999984741211,46.16999816894531,42.873695373535156,2175400
2009-03-05,45.40999984741211,47.27000045776367,42.439998626708984,44.040000915527344,40.89577102661133,2410700
2009-03-06,44.2400016784668,45.099998474121094,43.0,44.189998626708984,41.03505325317383,1341400
2009-03-09,43.790000915527344,44.84000015258789,42.83000183105469,44.060001373291016,40.914344787597656,882100
2009-03-10,44.83000183105469,45.88999938964844,43.630001068115234,45.29999923706055,42.06581497192383,943000
2009-03-11,45.630001068115234,46.4900016784668,45.029998779296875,45.47999954223633,42.23295593261719,828000
2009-03-12,45.29999923706055,47.06999969482422,45.0,46.959999084472656,43.6072998046875,940900
2009-03-13,47.040000915527344,47.459999084472656,44.27000045776367,45.880001068115234,42.604408264160156,1087700
2009-03-16,46.290000915527344,46.290000915527344,40.5,43.5,40.39432144165039,2703200
2009-03-17,43.36000061035156,47.27000045776367,43.36000061035156,46.599998474121094,43.27300262451172,1885400
2009-03-18,46.380001068115234,47.31999969482422,45.7599983215332,46.810001373291016,43.46800994873047,886300
2009-03-19,47.209999084472656,47.209999084472656,45.40999984741211,45.79999923706055,42.530113220214844,1135000
2009-03-20,46.11000061035156,47.91999816894531,46.0099983215332,47.2400016784668,43.867313385009766,879300
2009-03-23,48.16999816894531,48.900001525878906,46.34000015258789,48.63999938964844,45.16735076904297,900900
2009-03-24,48.08000183105469,49.349998474121094,47.279998779296875,47.650001525878906,44.248050689697266,946300
2009-03-25,47.75,49.630001068115234,47.650001525878906,48.31999969482422,44.87019729614258,813400
2009-03-26,48.52000045776367,49.900001525878906,48.5,49.040000915527344,45.53880310058594,997400
2009-03-27,48.83000183105469,49.86000061035156,48.310001373291016,48.40999984741211,44.95377731323242,860600
2009-03-30,47.95000076293945,49.61000061035156,47.380001068115234,49.20000076293945,45.687374114990234,893400
2009-03-31,49.349998474121094,49.88999938964844,48.0,48.18000030517578,44.74020004272461,863500
2009-04-01,46.63999938964844,47.11000061035156,44.529998779296875,46.81999969482422,43.477291107177734,1662300
2009-04-02,47.54999923706055,48.88999938964844,47.54999923706055,48.0099983215332,44.58232879638672,931200
2009-04-03,47.88999938964844,48.849998474121094,47.31999969482422,47.880001068115234,44.461612701416016,926100
2009-04-06,48.27000045776367,48.369998931884766,47.33000183105469,47.72999954223633,44.32231903076172,502000
2009-04-07,47.33000183105469,47.66999816894531,44.130001068115234,44.689998626708984,41.499366760253906,1274800
2009-04-08,44.97999954223633,45.310001373291016,42.529998779296875,42.91999816894531,39.85573959350586,1412100
2009-04-09,43.2400016784668,43.560001373291016,40.900001525878906,41.720001220703125,38.74140167236328,2365500
2009-04-13,41.61000061035156,42.02000045776367,40.45000076293945,41.40999984741211,38.45354461669922,1321800
2009-04-14,41.209999084472656,43.630001068115234,41.029998779296875,42.630001068115234,39.58644104003906,1360600
2009-04-15,42.34000015258789,43.400001525878906,42.08000183105469,42.470001220703125,39.437862396240234,917000
2009-04-16,42.61000061035156,44.88999938964844,42.349998474121094,44.40999984741211,41.23934555053711,772600
2009-04-17,44.5,46.56999969482422,44.5,46.380001068115234,43.06871795654297,1108700
2009-04-20,45.709999084472656,46.54999923706055,45.33000183105469,45.709999084472656,42.4465446472168,722200
2009-04-21,44.900001525878906,44.900001525878906,41.5,42.119998931884766,39.112850189208984,2058200
2009-04-22,41.5,44.20000076293945,41.5,43.7400016784668,40.61719512939453,1106500
2009-04-23,44.290000915527344,45.45000076293945,40.97999954223633,41.459999084472656,38.499969482421875,2226700
2009-04-24,42.099998474121094,47.0,41.86000061035156,44.43000030517578,41.25792694091797,2879900
2009-04-27,43.97999954223633,44.93000030517578,43.560001373291016,43.7400016784668,40.61719512939453,1257300
2009-04-28,43.369998931884766,44.13999938964844,42.5,43.79999923706055,40.672908782958984,925500
2009-04-29,44.130001068115234,44.470001220703125,42.560001373291016,42.880001068115234,39.81859588623047,1574800
2009-04-30,43.2599983215332,44.599998474121094,42.560001373291016,42.560001373291016,39.52143859863281,1351900
2009-05-01,42.93000030517578,42.93000030517578,40.290000915527344,40.720001220703125,37.812801361083984,1422000
2009-05-04,41.27000045776367,41.27000045776367,38.189998626708984,39.029998779296875,36.24345016479492,2808100
2009-05-05,39.2400016784668,40.7400016784668,39.0099983215332,40.34000015258789,37.45993423461914,2576000
2009-05-06,40.70000076293945,41.709999084472656,40.4900016784668,41.58000183105469,38.61140823364258,1731500
2009-05-07,41.68000030517578,42.0,40.369998931884766,41.68000030517578,38.70426940917969,1679400
2009-05-08,42.08000183105469,42.7599983215332,41.65999984741211,42.33000183105469,39.307865142822266,1440100
2009-05-11,41.52000045776367,45.119998931884766,41.52000045776367,45.0,41.787235260009766,1952500
2009-05-12,45.380001068115234,45.5,43.65999984741211,44.84000015258789,41.63865280151367,864600
2009-05-13,44.83000183105469,45.150001525878906,44.380001068115234,44.79999923706055,41.60150909423828,852500
2009-05-14,44.849998474121094,46.869998931884766,44.849998474121094,46.06999969482422,42.78084182739258,1163300
2009-05-15,46.08000183105469,46.63999938964844,45.5,45.66999816894531,42.40939712524414,878600
2009-05-18,46.279998779296875,46.279998779296875,44.060001373291016,44.54999923706055,41.36935806274414,1797600
2009-05-19,44.599998474121094,45.63999938964844,43.869998931884766,45.2599983215332,42.02867126464844,1122900
2009-05-20,45.650001525878906,45.79999923706055,44.34000015258789,44.77000045776367,41.57365417480469,1032600
2009-05-21,44.630001068115234,46.06999969482422,44.439998626708984,45.349998474121094,42.112247467041016,651700
2009-05-22,45.36000061035156,45.529998779296875,44.29999923706055,44.619998931884766,41.43436050415039,653900
2009-05-26,44.08000183105469,46.68000030517578,44.08000183105469,45.15999984741211,41.935813903808594,1033600
2009-05-27,44.90999984741211,45.2599983215332,43.650001525878906,43.65999984741211,40.542903900146484,1202500
2009-05-28,44.310001373291016,44.310001373291016,41.400001525878906,42.09000015258789,39.08498764038086,1488000
2009-05-29,43.2400016784668,44.650001525878906,42.7599983215332,43.56999969482422,40.45933151245117,1374000
2009-06-01,43.540000915527344,44.70000076293945,43.540000915527344,44.369998931884766,41.202213287353516,1181600
2009-06-02,46.880001068115234,46.880001068115234,45.65999984741211,46.59000015258789,43.263710021972656,1944800
2009-06-03,46.43000030517578,46.83000183105469,45.68000030517578,46.119998931884766,42.8272705078125,880300
2009-06-04,46.04999923706055,46.52000045776367,44.38999938964844,45.560001373291016,42.307254791259766,998600
2009-06-05,45.560001373291016,46.15999984741211,44.81999969482422,45.84000015258789,42.567256927490234,887800
2009-06-08,45.459999084472656,47.099998474121094,45.459999084472656,46.310001373291016,43.00371551513672,14796300
2009-06-09,46.310001373291016,47.27000045776367,45.869998931884766,46.849998474121094,43.505149841308594,1293000
2009-06-10,47.31999969482422,47.31999969482422,45.36000061035156,46.189998626708984,42.89228057861328,1448200
2009-06-11,46.209999084472656,46.939998626708984,45.72999954223633,45.9900016784668,42.7065544128418,1205900
2009-06-12,45.619998931884766,46.540000915527344,45.209999084472656,46.529998779296875,43.283287048339844,998700
2009-06-15,46.380001068115234,46.380001068115234,44.97999954223633,45.36000061035156,42.19493103027344,1395800
2009-06-16,44.95000076293945,46.66999816894531,44.95000076293945,46.380001068115234,43.14375686645508,1088400
2009-06-17,46.43000030517578,49.63999938964844,46.380001068115234,48.810001373291016,45.404205322265625,1579800
2009-06-18,48.939998626708984,49.5,48.33000183105469,49.380001068115234,45.93443298339844,919900
2009-06-19,49.40999984741211,50.540000915527344,49.220001220703125,49.68000030517578,46.21349334716797,1577500
2009-06-22,49.06999969482422,50.2400016784668,48.31999969482422,48.560001373291016,45.17164993286133,933200
2009-06-23,48.59000015258789,49.02000045776367,46.79999923706055,47.04999923706055,43.767005920410156,1127600
2009-06-24,47.209999084472656,48.0,46.790000915527344,47.45000076293945,44.13909912109375,610900
2009-06-25,47.45000076293945,48.72999954223633,46.869998931884766,48.72999954223633,45.329776763916016,964500
2009-06-26,48.599998474121094,49.33000183105469,48.0099983215332,48.650001525878906,45.255367279052734,825400
2009-06-29,49.13999938964844,49.25,46.939998626708984,47.79999923706055,44.46467590332031,928500
2009-06-30,49.290000915527344,51.0,49.060001373291016,50.040000915527344,46.54838180541992,1469400
2009-07-01,49.939998626708984,49.970001220703125,48.0,48.7400016784668,45.33907699584961,682500
2009-07-02,48.310001373291016,48.61000061035156,46.959999084472656,46.959999084472656,43.683292388916016,950900
2009-07-06,46.7599983215332,47.720001220703125,46.220001220703125,46.79999923706055,43.534454345703125,531300
2009-07-07,46.9900016784668,47.130001068115234,45.9900016784668,46.040000915527344,42.827476501464844,543300
2009-07-08,46.22999954223633,47.0,45.400001525878906,45.7599983215332,42.567020416259766,790000
2009-07-09,46.220001220703125,46.33000183105469,44.400001525878906,45.11000061035156,41.962364196777344,781700
2009-07-10,44.65999984741211,47.04999923706055,44.650001525878906,45.470001220703125,42.2972526550293,558700
2009-07-13,45.40999984741211,45.56999969482422,44.06999969482422,45.439998626708984,42.269344329833984,522100
2009-07-14,45.380001068115234,46.02000045776367,45.11000061035156,45.95000076293945,42.74375915527344,346600
2009-07-15,46.439998626708984,46.540000915527344,45.25,46.209999084472656,42.98561477661133,548000
2009-07-16,46.290000915527344,46.65999984741211,45.599998474121094,46.380001068115234,43.14375686645508,492500
2009-07-17,46.27000045776367,47.43000030517578,46.2599983215332,47.18000030517578,43.88793182373047,517600
2009-07-20,46.959999084472656,47.400001525878906,46.41999816894531,46.70000076293945,43.44143295288086,576700
2009-07-21,46.58000183105469,47.41999816894531,46.029998779296875,47.2599983215332,43.96235656738281,762600
2009-07-22,47.459999084472656,49.29999923706055,47.18000030517578,48.2599983215332,44.89257049560547,668600
2009-07-23,48.5,48.709999084472656,46.900001525878906,48.29999923706055,44.929779052734375,977200
2009-07-24,47.939998626708984,48.33000183105469,47.439998626708984,47.650001525878906,44.32513427734375,403300
2009-07-27,47.349998474121094,47.869998931884766,46.650001525878906,46.959999084472656,43.683292388916016,496500
2009-07-28,46.88999938964844,47.77000045776367,46.529998779296875,47.59000015258789,44.26932907104492,471300
2009-07-29,47.540000915527344,48.27000045776367,47.16999816894531,48.15999984741211,44.799556732177734,365600
2009-07-30,47.880001068115234,49.33000183105469,47.869998931884766,49.18000030517578,45.748382568359375,975700
2009-07-31,49.18000030517578,50.22999954223633,49.18000030517578,49.7400016784668,46.26930618286133,693800
2009-08-03,50.02000045776367,50.58000183105469,49.0,50.540000915527344,47.01348876953125,675800
2009-08-04,50.66999816894531,51.41999816894531,50.02000045776367,51.31999969482422,47.73905563354492,621200
2009-08-05,51.470001220703125,51.4900016784668,50.849998474121094,51.16999816894531,47.59952926635742,342600
2009-08-06,51.470001220703125,51.470001220703125,50.77000045776367,50.91999816894531,47.366973876953125,443200
2009-08-07,51.20000076293945,51.66999816894531,50.97999954223633,51.380001068115234,47.79488754272461,470500
2009-08-10,51.34000015258789,51.9900016784668,51.13999938964844,51.93000030517578,48.30649185180664,319300
2009-08-11,51.970001220703125,52.59000015258789,51.130001068115234,51.25,47.673946380615234,526700
2009-08-12,51.369998931884766,52.119998931884766,50.720001220703125,51.84000015258789,48.22278594970703,616700
2009-08-13,51.58000183105469,52.040000915527344,51.209999084472656,52.0099983215332,48.380916595458984,572800
2009-08-14,52.099998474121094,52.93000030517578,50.15999984741211,51.88999938964844,48.269290924072266,1628600
2009-08-17,51.209999084472656,51.58000183105469,50.119998931884766,50.2599983215332,46.75301742553711,597800
2009-08-18,50.29999923706055,51.5,49.900001525878906,51.43000030517578,47.84138488769531,807200
2009-08-19,50.7400016784668,51.88999938964844,50.63999938964844,51.84000015258789,48.22278594970703,835200
2009-08-20,52.04999923706055,53.0,51.7400016784668,52.95000076293945,49.25532913208008,555700
2009-08-21,53.029998779296875,53.29999923706055,52.45000076293945,52.90999984741211,49.21811294555664,731000
2009-08-24,53.02000045776367,53.02000045776367,52.099998474121094,52.349998474121094,48.69718551635742,448900
2009-08-25,52.7599983215332,53.290000915527344,51.90999984741211,52.33000183105469,48.6785774230957,569700
2009-08-26,52.18000030517578,53.06999969482422,51.970001220703125,52.560001373291016,48.89253234863281,360200
2009-08-27,52.54999923706055,53.189998626708984,52.0,52.70000076293945,49.022769927978516,373800
2009-08-28,52.70000076293945,53.099998474121094,52.06999969482422,52.279998779296875,48.632076263427734,636900
2009-08-31,51.810001373291016,52.220001220703125,51.0,51.099998474121094,47.53440856933594,463400
2009-09-01,51.0,51.709999084472656,50.209999084472656,50.59000015258789,47.05999755859375,590300
2009-09-02,50.52000045776367,51.36000061035156,50.33000183105469,50.880001068115234,47.329769134521484,757600
2009-09-03,50.790000915527344,51.86000061035156,50.439998626708984,51.790000915527344,48.1762580871582,976100
2009-09-04,51.709999084472656,51.91999816894531,50.75,51.27000045776367,47.69254684448242,1762800
2009-09-08,51.369998931884766,51.66999816894531,50.59000015258789,51.66999816894531,48.06463623046875,811300
2009-09-09,51.7599983215332,51.88999938964844,51.2400016784668,51.599998474121094,47.999515533447266,393800
2009-09-10,51.34000015258789,51.59000015258789,50.529998779296875,51.16999816894531,47.59952926635742,837200
2009-09-11,51.11000061035156,51.2599983215332,50.459999084472656,50.689998626708984,47.15302276611328,679300
2009-09-14,50.34000015258789,51.13999938964844,50.34000015258789,51.02000045776367,47.459991455078125,564800
2009-09-15,50.91999816894531,51.58000183105469,50.84000015258789,51.38999938964844,47.804176330566406,434000
2009-09-16,51.36000061035156,51.599998474121094,50.63999938964844,51.27000045776367,47.69254684448242,274300
2009-09-17,51.130001068115234,52.43000030517578,50.849998474121094,52.31999969482422,48.66927719116211,805300
2009-09-18,52.81999969482422,53.0,51.81999969482422,52.5,48.836727142333984,564800
2009-09-21,52.27000045776367,56.900001525878906,51.77000045776367,56.7599983215332,52.799468994140625,1992300
2009-09-22,55.65999984741211,56.029998779296875,54.290000915527344,55.619998931884766,51.739013671875,907700
2009-09-23,55.470001220703125,55.75,54.66999816894531,55.0,51.16227722167969,487000
2009-09-24,55.15999984741211,55.45000076293945,53.900001525878906,54.5099983215332,50.70647430419922,558500
2009-09-25,54.689998626708984,55.040000915527344,53.810001373291016,53.88999938964844,50.12973403930664,528400
2009-09-28,54.09000015258789,54.779998779296875,53.619998931884766,53.77000045776367,50.01810836791992,758100
2009-09-29,53.7400016784668,55.619998931884766,53.56999969482422,54.970001220703125,51.13438034057617,840300
2009-09-30,55.38999938964844,55.95000076293945,54.58000183105469,55.31999969482422,51.4599494934082,949600
2009-10-01,55.2599983215332,55.61000061035156,54.220001220703125,54.41999816894531,50.62275314331055,861600
2009-10-02,53.439998626708984,54.68000030517578,53.310001373291016,53.599998474121094,49.85997009277344,1314800
2009-10-05,53.45000076293945,53.630001068115234,52.40999984741211,52.849998474121094,49.162296295166016,819500
2009-10-06,53.220001220703125,54.189998626708984,52.900001525878906,53.77000045776367,50.01810836791992,475400
2009-10-07,53.810001373291016,54.36000061035156,53.61000061035156,54.09000015258789,50.31577682495117,543300
2009-10-08,54.099998474121094,54.900001525878906,54.099998474121094,54.630001068115234,50.81809997558594,652800
2009-10-09,54.529998779296875,55.08000183105469,53.88999938964844,54.81999969482422,50.99483871459961,465200
2009-10-12,55.099998474121094,55.189998626708984,54.58000183105469,54.68000030517578,50.86461639404297,251300
2009-10-13,54.5099983215332,54.70000076293945,53.97999954223633,54.220001220703125,50.43671417236328,332300
2009-10-14,54.41999816894531,54.79999923706055,53.15999984741211,54.400001525878906,50.604148864746094,488300
2009-10-15,55.20000076293945,57.68000030517578,55.20000076293945,56.33000183105469,52.39948272705078,1021000
2009-10-16,56.02000045776367,56.650001525878906,55.29999923706055,55.88999938964844,51.99018096923828,727200
2009-10-19,56.040000915527344,56.43000030517578,55.20000076293945,56.20000076293945,52.2785530090332,435300
2009-10-20,56.0099983215332,56.2599983215332,55.2599983215332,56.16999816894531,52.250640869140625,1186800
2009-10-21,56.18000030517578,57.369998931884766,56.04999923706055,56.06999969482422,52.15761947631836,1021900
2009-10-22,54.70000076293945,56.5,54.040000915527344,55.689998626708984,51.80413818359375,1167300
2009-10-23,55.689998626708984,56.349998474121094,55.09000015258789,55.5,51.62739181518555,548900
2009-10-26,55.59000015258789,56.279998779296875,55.099998474121094,55.47999954223633,51.608787536621094,870200
2009-10-27,55.43000030517578,56.02000045776367,54.81999969482422,54.880001068115234,51.050655364990234,826300
2009-10-28,54.9900016784668,57.849998474121094,54.15999984741211,56.130001068115234,52.21343231201172,3588000
2009-10-29,56.310001373291016,56.689998626708984,54.709999084472656,55.439998626708984,51.57158279418945,1838400
2009-10-30,55.22999954223633,56.29999923706055,55.029998779296875,55.290000915527344,51.43204879760742,1460600
2009-11-02,55.540000915527344,56.33000183105469,54.68000030517578,56.04999923706055,52.139007568359375,1045200
2009-11-03,55.779998779296875,56.04999923706055,55.459999084472656,55.86000061035156,51.96227264404297,734900
2009-11-04,56.130001068115234,56.18000030517578,54.869998931884766,54.959999084472656,51.12507247924805,824100
2009-11-05,55.22999954223633,55.459999084472656,54.709999084472656,55.290000915527344,51.43204879760742,784600
2009-11-06,55.18000030517578,55.849998474121094,54.880001068115234,55.380001068115234,51.515769958496094,858100
2009-11-09,55.790000915527344,55.790000915527344,52.54999923706055,53.459999084472656,49.729736328125,2272500
2009-11-10,53.16999816894531,54.56999969482422,53.16999816894531,54.150001525878906,50.3715934753418,1109600
2009-11-11,53.41999816894531,54.310001373291016,52.880001068115234,53.54999923706055,49.81344985961914,1279700
2009-11-12,54.02000045776367,54.02000045776367,53.25,53.33000183105469,49.60880661010742,689600
2009-11-13,53.349998474121094,53.61000061035156,52.93000030517578,53.0,49.30183792114258,774100
2009-11-16,53.4900016784668,54.7400016784668,53.459999084472656,54.619998931884766,50.80879592895508,929800
2009-11-17,54.59000015258789,54.59000015258789,54.11000061035156,54.540000915527344,50.734378814697266,614000
2009-11-18,54.400001525878906,54.470001220703125,54.04999923706055,54.470001220703125,50.66926956176758,454800
2009-11-19,54.18000030517578,54.38999938964844,53.27000045776367,54.040000915527344,50.269264221191406,878600
2009-11-20,54.130001068115234,54.189998626708984,53.77000045776367,54.029998779296875,50.25996780395508,627700
2009-11-23,54.25,54.5,54.0,54.369998931884766,50.57623291015625,697300
2009-11-24,54.5,55.45000076293945,54.18000030517578,55.2400016784668,51.38553237915039,695800
2009-11-25,55.529998779296875,55.65999984741211,54.7599983215332,54.95000076293945,51.11576843261719,472000
2009-11-27,54.16999816894531,54.83000183105469,54.02000045776367,54.439998626708984,50.64134979248047,236900
2009-11-30,54.290000915527344,54.400001525878906,53.380001068115234,54.31999969482422,50.529727935791016,488300
2009-12-01,54.099998474121094,54.29999923706055,53.150001525878906,53.7400016784668,49.99020004272461,1107500
2009-12-02,53.54999923706055,54.060001373291016,53.36000061035156,53.77000045776367,50.01810836791992,607100
2009-12-03,53.77000045776367,53.9900016784668,52.54999923706055,52.720001220703125,49.0413703918457,860500
2009-12-04,52.900001525878906,53.189998626708984,52.029998779296875,52.470001220703125,48.80881881713867,667400
2009-12-07,52.560001373291016,52.599998474121094,51.45000076293945,52.58000183105469,48.9111442565918,1034800
2009-12-08,53.279998779296875,54.810001373291016,52.849998474121094,54.290000915527344,50.5018310546875,1339900
2009-12-09,54.150001525878906,57.58000183105469,53.68000030517578,57.22999954223633,53.33491897583008,2198800
2009-12-10,57.150001525878906,57.91999816894531,56.2599983215332,56.4900016784668,52.645286560058594,1004400
2009-12-11,56.709999084472656,56.93000030517578,55.84000015258789,55.95000076293945,52.14204025268555,729300
2009-12-14,55.619998931884766,57.880001068115234,55.5,57.7599983215332,53.82884979248047,1052800
2009-12-15,57.58000183105469,58.68000030517578,57.5099983215332,58.41999816894531,54.44393539428711,703300
2009-12-16,58.310001373291016,59.869998931884766,58.310001373291016,58.9900016784668,54.975135803222656,1305900
2009-12-17,58.959999084472656,59.15999984741211,56.150001525878906,56.66999816894531,52.81303024291992,1565400
2009-12-18,56.400001525878906,57.22999954223633,55.810001373291016,56.47999954223633,52.63595962524414,1393500
2009-12-21,56.709999084472656,56.95000076293945,56.220001220703125,56.75,52.88758850097656,419900
2009-12-22,56.5,57.11000061035156,56.380001068115234,56.52000045776367,52.673240661621094,400800
2009-12-23,56.65999984741211,57.52000045776367,56.65999984741211,57.040000915527344,53.157859802246094,594500
2009-12-24,56.959999084472656,57.09000015258789,56.68000030517578,57.02000045776367,53.13920974731445,194600
2009-12-28,57.09000015258789,57.439998626708984,57.02000045776367,57.34000015258789,53.437435150146484,778600
2009-12-29,57.34000015258789,57.470001220703125,56.83000183105469,57.189998626708984,53.297637939453125,244400
2009-12-30,57.15999984741211,57.540000915527344,56.939998626708984,57.5099983215332,53.595863342285156,261300
2009-12-31,57.63999938964844,57.63999938964844,56.709999084472656,56.72999954223633,52.86895751953125,270600
2010-01-04,56.86000061035156,57.029998779296875,56.029998779296875,56.209999084472656,52.38434600830078,491900
2010-01-05,56.20000076293945,56.45000076293945,54.52000045776367,55.630001068115234,51.843814849853516,1077700
2010-01-06,55.52000045776367,56.880001068115234,55.36000061035156,56.439998626708984,52.59869384765625,624300
2010-01-07,56.63999938964844,57.599998474121094,56.20000076293945,57.22999954223633,53.33491897583008,649200
2010-01-08,56.61000061035156,56.61000061035156,55.70000076293945,56.27000045776367,52.44025802612305,806400
2010-01-11,56.540000915527344,57.130001068115234,55.619998931884766,56.400001525878906,52.56141662597656,539500
2010-01-12,56.41999816894531,56.41999816894531,55.77000045776367,56.11000061035156,52.2911491394043,256400
2010-01-13,56.2599983215332,56.75,55.81999969482422,56.63999938964844,52.78507614135742,391600
2010-01-14,56.63999938964844,57.40999984741211,56.27000045776367,57.279998779296875,53.38151550292969,532200
2010-01-15,57.33000183105469,57.58000183105469,56.77000045776367,56.810001373291016,52.943504333496094,651500
2010-01-19,56.290000915527344,56.75,56.18000030517578,56.41999816894531,52.580055236816406,496300
2010-01-20,56.150001525878906,56.380001068115234,55.68000030517578,56.189998626708984,52.36569595336914,499200
2010-01-21,57.2400016784668,57.81999969482422,55.84000015258789,56.459999084472656,52.617332458496094,950300
2010-01-22,56.279998779296875,57.060001373291016,56.130001068115234,56.880001068115234,53.00874328613281,883300
2010-01-25,56.939998626708984,57.0,56.0,56.33000183105469,52.49617385864258,658500
2010-01-26,56.099998474121094,56.45000076293945,55.75,56.16999816894531,52.34706497192383,792000
2010-01-27,60.0,63.66999816894531,58.209999084472656,63.31999969482422,59.01042938232422,4710300
2010-01-28,62.939998626708984,62.939998626708984,61.70000076293945,62.20000076293945,57.96665573120117,1462600
2010-01-29,62.20000076293945,62.34000015258789,60.029998779296875,61.060001373291016,56.90425109863281,2259600
2010-02-01,61.04999923706055,61.04999923706055,59.91999816894531,60.77000045776367,56.63398361206055,907100
2010-02-02,60.939998626708984,62.560001373291016,60.099998474121094,62.43000030517578,58.181007385253906,994400
2010-02-03,62.11000061035156,63.79999923706055,62.11000061035156,62.619998931884766,58.35807800292969,958300
2010-02-04,62.41999816894531,62.52000045776367,61.099998474121094,61.880001068115234,57.66843795776367,996800
2010-02-05,61.79999923706055,62.56999969482422,61.58000183105469,62.189998626708984,57.95734405517578,1510900
2010-02-08,62.29999923706055,62.459999084472656,59.869998931884766,59.959999084472656,55.87911605834961,1369600
2010-02-09,60.11000061035156,60.349998474121094,57.86000061035156,58.880001068115234,54.87261962890625,2272200
2010-02-10,59.06999969482422,59.970001220703125,58.97999954223633,59.849998474121094,55.7765998840332,1032400
2010-02-11,59.72999954223633,60.790000915527344,58.95000076293945,60.31999969482422,56.21461486816406,914100
2010-02-12,60.18000030517578,60.470001220703125,59.790000915527344,59.939998626708984,55.860477447509766,1059400
2010-02-16,60.220001220703125,60.459999084472656,59.75,60.439998626708984,56.32643508911133,1084700
2010-02-17,60.630001068115234,61.189998626708984,60.43000030517578,61.06999969482422,56.913570404052734,668700
2010-02-18,61.150001525878906,61.9900016784668,60.7599983215332,61.25,57.08131408691406,994600
2010-02-19,60.33000183105469,61.369998931884766,59.72999954223633,60.779998779296875,56.643310546875,1055400
2010-02-22,60.90999984741211,61.31999969482422,60.66999816894531,60.970001220703125,56.820369720458984,387600
2010-02-23,61.040000915527344,61.630001068115234,60.93000030517578,61.27000045776367,57.09995651245117,547000
2010-02-24,61.45000076293945,62.63999938964844,61.29999923706055,62.56999969482422,58.31148147583008,872900
2010-02-25,62.06999969482422,63.810001373291016,61.970001220703125,63.400001525878906,59.08498764038086,1288900
2010-02-26,63.279998779296875,63.540000915527344,62.959999084472656,63.150001525878906,58.85200881958008,757900
2010-03-01,63.08000183105469,63.5099983215332,62.630001068115234,63.16999816894531,58.87064743041992,797900
2010-03-02,63.20000076293945,63.5099983215332,62.68000030517578,63.45000076293945,59.13158416748047,692500
2010-03-03,63.529998779296875,64.73999786376953,63.33000183105469,64.25,59.87713623046875,1178700
2010-03-04,64.55999755859375,65.37000274658203,64.4000015258789,65.26000213623047,60.81840515136719,696400
2010-03-05,65.2699966430664,66.87999725341797,65.22000122070312,66.79000091552734,62.2442741394043,811700
2010-03-08,66.08999633789062,66.76000213623047,65.26000213623047,65.93000030517578,61.44279479980469,634600
2010-03-09,65.79000091552734,66.33999633789062,65.4800033569336,65.77999877929688,61.30300521850586,508300
2010-03-10,65.91000366210938,65.91000366210938,65.19999694824219,65.80000305175781,61.32164764404297,512600
2010-03-11,65.80999755859375,66.83000183105469,65.63999938964844,66.76000213623047,62.21630859375,609300
2010-03-12,66.69000244140625,66.69000244140625,65.70999908447266,66.43000030517578,61.90877914428711,545200
2010-03-15,66.5199966430664,66.5199966430664,65.51000213623047,66.08999633789062,61.591896057128906,711400
2010-03-16,66.30999755859375,67.27999877929688,65.69000244140625,67.02999877929688,62.467926025390625,618900
2010-03-17,67.30000305175781,67.45999908447266,66.58000183105469,67.0,62.43998336791992,414300
2010-03-18,67.12000274658203,67.58000183105469,67.08999633789062,67.26000213623047,62.68227767944336,323100
2010-03-19,67.27999877929688,68.41999816894531,66.77999877929688,67.27999877929688,62.7009162902832,592000
2010-03-22,67.01000213623047,67.51000213623047,66.61000061035156,67.26000213623047,62.68227767944336,381400
2010-03-23,67.16999816894531,67.62999725341797,66.97000122070312,67.58999633789062,62.98981475830078,313800
2010-03-24,67.55999755859375,67.55999755859375,65.83999633789062,66.16000366210938,61.65713882446289,841600
2010-03-25,66.20999908447266,66.68000030517578,65.93000030517578,66.43000030517578,61.90877914428711,508300
2010-03-26,66.62999725341797,66.81999969482422,65.80999755859375,66.26000213623047,61.750343322753906,495300
2010-03-29,66.66000366210938,66.91000366210938,65.36000061035156,66.12000274658203,61.61985778808594,598800
2010-03-30,65.91999816894531,66.18000030517578,65.0999984741211,66.05000305175781,61.55463790893555,765600
2010-03-31,65.77999877929688,65.94000244140625,64.6500015258789,65.19999694824219,60.762481689453125,737100
2010-04-01,65.26000213623047,65.55000305175781,64.4000015258789,64.79000091552734,60.38039016723633,484900
2010-04-05,64.93000030517578,65.19000244140625,64.61000061035156,64.80000305175781,60.389713287353516,597000
2010-04-06,64.73999786376953,65.55000305175781,64.41999816894531,65.12000274658203,60.68791961669922,501800
2010-04-07,64.75,65.52999877929688,64.5999984741211,65.06999969482422,60.641326904296875,575000
2010-04-08,64.91000366210938,65.16000366210938,64.5,64.58000183105469,60.1846809387207,579800
2010-04-09,64.73999786376953,65.23999786376953,64.11000061035156,64.86000061035156,60.44561767578125,495600
2010-04-12,64.91000366210938,65.25,64.9000015258789,65.05999755859375,60.63201904296875,709500
2010-04-13,67.91000366210938,72.26000213623047,67.55000305175781,71.7300033569336,66.84806823730469,3208300
2010-04-14,71.69000244140625,71.69000244140625,70.0,70.44000244140625,65.64585876464844,1378900
2010-04-15,70.38999938964844,70.91000366210938,70.08999633789062,70.6500015258789,65.841552734375,659500
2010-04-16,70.69999694824219,71.19999694824219,70.18000030517578,70.86000061035156,66.03726959228516,1424700
2010-04-19,71.02999877929688,72.37000274658203,70.55000305175781,72.0999984741211,67.19286346435547,1266200
2010-04-20,72.31999969482422,72.72000122070312,71.05000305175781,71.87000274658203,66.97853088378906,975600
2010-04-21,72.11000061035156,73.2300033569336,71.45999908447266,72.83000183105469,67.87319946289062,1309700
2010-04-22,72.94000244140625,74.36000061035156,72.33999633789062,74.25,69.19654846191406,1601000
2010-04-23,70.01000213623047,72.45999908447266,68.19999694824219,69.45999908447266,64.7325439453125,3035300
2010-04-26,67.69999694824219,67.69999694824219,64.0,65.44999694824219,60.995460510253906,3760300
2010-04-27,65.44999694824219,67.5,65.05999755859375,66.68000030517578,62.14174270629883,1620600
2010-04-28,66.81999969482422,67.16999816894531,65.81999969482422,66.69999694824219,62.16039276123047,1150400
2010-04-29,66.37999725341797,66.37999725341797,61.529998779296875,63.5099983215332,59.1875,3169200
2010-04-30,63.61000061035156,64.5999984741211,62.36000061035156,62.38999938964844,58.14372634887695,1299900
2010-05-03,62.599998474121094,62.88999938964844,61.380001068115234,62.849998474121094,58.57242202758789,1088300
2010-05-04,62.040000915527344,62.11000061035156,60.40999984741211,61.349998474121094,57.17450714111328,855300
2010-05-05,61.279998779296875,62.81999969482422,61.18000030517578,61.650001525878906,57.454097747802734,1319300
2010-05-06,61.65999984741211,62.349998474121094,58.33000183105469,60.029998779296875,55.94435119628906,1525000
2010-05-07,59.77000045776367,60.849998474121094,58.880001068115234,59.56999969482422,55.515663146972656,2065700
2010-05-10,61.70000076293945,61.70000076293945,60.40999984741211,61.4900016784668,57.30498504638672,1007100
2010-05-11,61.34000015258789,61.599998474121094,60.459999084472656,60.61000061035156,56.48487854003906,1587600
2010-05-12,60.7599983215332,61.34000015258789,60.099998474121094,60.900001525878906,56.7551383972168,2740400
2010-05-13,60.75,61.560001373291016,60.279998779296875,60.310001373291016,56.205291748046875,789200
2010-05-14,60.31999969482422,60.31999969482422,58.66999816894531,59.15999984741211,55.133567810058594,645900
2010-05-17,59.16999816894531,62.959999084472656,57.84000015258789,62.029998779296875,57.8082275390625,2256000
2010-05-18,63.130001068115234,63.959999084472656,61.38999938964844,61.91999816894531,57.70572280883789,3504700
2010-05-19,61.959999084472656,62.95000076293945,61.54999923706055,62.459999084472656,58.20896530151367,1538600
2010-05-20,61.81999969482422,64.6500015258789,61.16999816894531,61.540000915527344,57.35158157348633,1495900
2010-05-21,61.02000045776367,62.189998626708984,59.849998474121094,62.029998779296875,57.8082275390625,1896300
2010-05-24,62.130001068115234,62.130001068115234,61.41999816894531,61.41999816894531,57.23974609375,779100
2010-05-25,60.880001068115234,60.880001068115234,59.779998779296875,60.5,56.382362365722656,1273400
2010-05-26,60.66999816894531,61.310001373291016,59.38999938964844,59.560001373291016,55.506343841552734,1244900
2010-05-27,60.279998779296875,60.279998779296875,56.77000045776367,58.060001373291016,54.10843276977539,2107800
2010-05-28,57.90999984741211,58.630001068115234,57.4900016784668,57.4900016784668,53.57722473144531,1427400
2010-06-01,57.459999084472656,57.63999938964844,56.5099983215332,56.599998474121094,52.747798919677734,849400
2010-06-02,57.209999084472656,57.41999816894531,56.040000915527344,57.41999816894531,53.51198959350586,902300
2010-06-03,57.900001525878906,58.09000015258789,57.18000030517578,57.70000076293945,53.7729377746582,744500
2010-06-04,56.959999084472656,57.2599983215332,56.209999084472656,56.38999938964844,52.552085876464844,776300
2010-06-07,56.75,56.75,54.689998626708984,54.790000915527344,51.06098556518555,858400
2010-06-08,54.849998474121094,56.189998626708984,54.52000045776367,56.02000045776367,52.207275390625,1435700
2010-06-09,56.400001525878906,56.61000061035156,55.34000015258789,55.5099983215332,51.73197937011719,990800
2010-06-10,55.81999969482422,56.5,54.9900016784668,55.56999969482422,51.78790283203125,741600
2010-06-11,55.099998474121094,58.310001373291016,55.099998474121094,57.099998474121094,53.30970001220703,1286800
2010-06-14,57.0099983215332,57.349998474121094,54.959999084472656,55.189998626708984,51.526485443115234,1108000
2010-06-15,55.41999816894531,56.40999984741211,55.11000061035156,56.34000015258789,52.60014724731445,1474200
2010-06-16,57.369998931884766,58.459999084472656,56.779998779296875,57.04999923706055,53.26301956176758,1955400
2010-06-17,57.11000061035156,57.290000915527344,56.33000183105469,56.84000015258789,53.06696319580078,983000
2010-06-18,57.52000045776367,57.849998474121094,56.95000076293945,57.22999954223633,53.43107223510742,839300
2010-06-21,58.0099983215332,58.0099983215332,56.369998931884766,56.58000183105469,52.824222564697266,785800
2010-06-22,56.45000076293945,56.81999969482422,55.150001525878906,55.470001220703125,51.78790283203125,1371000
2010-06-23,55.540000915527344,56.209999084472656,55.06999969482422,55.849998474121094,52.142677307128906,1251300
2010-06-24,55.779998779296875,58.02000045776367,55.369998931884766,56.59000015258789,52.833553314208984,1823800
2010-06-25,56.65999984741211,56.75,54.86000061035156,55.33000183105469,51.657196044921875,1044000
2010-06-28,55.040000915527344,55.790000915527344,54.709999084472656,54.790000915527344,51.15304183959961,666800
2010-06-29,54.459999084472656,54.459999084472656,52.709999084472656,52.849998474121094,49.34180450439453,1257900
2010-06-30,52.650001525878906,53.900001525878906,52.220001220703125,52.4900016784668,49.00571060180664,1064400
2010-07-01,52.369998931884766,52.93000030517578,50.20000076293945,50.40999984741211,47.06378173828125,2253000
2010-07-02,50.43000030517578,50.75,49.220001220703125,49.2400016784668,45.9714469909668,1374500
2010-07-06,49.97999954223633,50.5,49.02000045776367,49.529998779296875,46.24219512939453,1227700
2010-07-07,49.31999969482422,50.310001373291016,49.04999923706055,50.279998779296875,46.942413330078125,774000
2010-07-08,50.720001220703125,51.310001373291016,50.459999084472656,51.040000915527344,47.6519660949707,624700
2010-07-09,51.099998474121094,51.58000183105469,50.689998626708984,51.5099983215332,48.090763092041016,422100
2010-07-12,51.34000015258789,51.849998474121094,50.52000045776367,51.0,47.614620208740234,446700
2010-07-13,51.20000076293945,51.970001220703125,50.939998626708984,51.869998931884766,48.4268684387207,700800
2010-07-14,51.72999954223633,52.349998474121094,51.72999954223633,52.33000183105469,48.856327056884766,702600
2010-07-15,52.25,52.880001068115234,51.75,52.70000076293945,49.20177459716797,1088600
2010-07-16,52.58000183105469,53.400001525878906,52.25,52.849998474121094,49.34180450439453,1293700
2010-07-19,52.97999954223633,56.650001525878906,52.900001525878906,53.5,49.94867706298828,1930600
2010-07-20,53.09000015258789,53.849998474121094,52.349998474121094,53.61000061035156,50.05136489868164,760500
2010-07-21,53.58000183105469,53.709999084472656,50.810001373291016,51.2599983215332,47.85736083984375,1511500
2010-07-22,50.959999084472656,51.540000915527344,50.369998931884766,51.5099983215332,48.090763092041016,1545100
2010-07-23,54.52000045776367,59.29999923706055,54.0,59.290000915527344,55.354331970214844,5719900
2010-07-26,59.15999984741211,59.529998779296875,55.189998626708984,55.4900016784668,51.80657958984375,3411100
2010-07-27,55.869998931884766,57.040000915527344,55.279998779296875,55.47999954223633,51.79723358154297,1150200
2010-07-28,55.34000015258789,55.689998626708984,54.369998931884766,54.599998474121094,50.975650787353516,994500
2010-07-29,54.70000076293945,55.18000030517578,53.650001525878906,54.16999816894531,50.574188232421875,1034900
2010-07-30,53.90999984741211,54.150001525878906,52.93000030517578,53.79999923706055,50.22874450683594,997000
2010-08-02,54.349998474121094,54.88999938964844,54.130001068115234,54.5,50.88228225708008,806800
2010-08-03,54.060001373291016,54.060001373291016,52.13999938964844,52.2400016784668,48.772308349609375,1682200
2010-08-04,52.06999969482422,52.959999084472656,51.15999984741211,52.439998626708984,48.95902633666992,1057100
2010-08-05,52.45000076293945,52.45000076293945,50.84000015258789,50.959999084472656,47.5772705078125,1367800
2010-08-06,50.09000015258789,50.09000015258789,47.560001373291016,47.83000183105469,44.65504455566406,2856000
2010-08-09,48.099998474121094,48.880001068115234,47.9900016784668,48.33000183105469,45.121856689453125,1141700
2010-08-10,47.810001373291016,47.900001525878906,46.83000183105469,46.90999984741211,43.796112060546875,1378100
2010-08-11,45.90999984741211,47.25,45.66999816894531,45.790000915527344,42.750465393066406,1949000
2010-08-12,45.04999923706055,45.88999938964844,44.90999984741211,45.310001373291016,42.30232238769531,1229500
2010-08-13,46.869998931884766,47.56999969482422,42.0099983215332,42.709999084472656,39.874908447265625,4117900
2010-08-16,39.04999923706055,40.88999938964844,38.220001220703125,38.970001220703125,36.383174896240234,4209800
2010-08-17,39.04999923706055,39.439998626708984,37.90999984741211,38.40999984741211,35.8603401184082,2629200
2010-08-18,38.61000061035156,39.81999969482422,38.52000045776367,38.68000030517578,36.1124153137207,1981400
2010-08-19,38.689998626708984,39.099998474121094,37.630001068115234,38.81999969482422,36.243133544921875,1832900
2010-08-20,38.4900016784668,38.720001220703125,36.34000015258789,37.97999954223633,35.45888900756836,2625000
2010-08-23,38.06999969482422,38.349998474121094,37.630001068115234,38.02000045776367,35.49623489379883,1265400
2010-08-24,37.630001068115234,39.27000045776367,37.43000030517578,37.5,35.01074981689453,1526200
2010-08-25,37.31999969482422,38.630001068115234,36.81999969482422,38.439998626708984,35.88835525512695,1688800
2010-08-26,38.31999969482422,38.77000045776367,37.900001525878906,38.310001373291016,35.7669792175293,899300
2010-08-27,38.52000045776367,38.7400016784668,37.41999816894531,38.709999084472656,36.14043045043945,1046600
2010-08-30,38.66999816894531,39.56999969482422,38.65999984741211,39.029998779296875,36.439186096191406,1234500
2010-08-31,38.93000030517578,39.13999938964844,37.75,38.11000061035156,35.580257415771484,1742000
2010-09-01,38.7400016784668,39.81999969482422,38.310001373291016,39.540000915527344,36.91533660888672,1205100
2010-09-02,39.63999938964844,40.33000183105469,39.220001220703125,40.13999938964844,37.47550964355469,1339900
2010-09-03,40.34000015258789,41.29999923706055,40.33000183105469,41.29999923706055,38.55850601196289,839100
2010-09-07,40.439998626708984,40.720001220703125,40.0099983215332,40.060001373291016,37.400821685791016,1109500
2010-09-08,40.04999923706055,41.20000076293945,40.04999923706055,41.09000015258789,38.362449645996094,843400
2010-09-09,41.36000061035156,41.97999954223633,40.81999969482422,41.900001525878906,39.11867904663086,1064200
2010-09-10,41.709999084472656,42.95000076293945,41.709999084472656,42.63999938964844,39.80956268310547,1156400
2010-09-13,43.439998626708984,44.15999984741211,42.349998474121094,44.02000045776367,41.09795379638672,1097100
2010-09-14,43.83000183105469,43.900001525878906,42.20000076293945,42.47999954223633,39.66017532348633,1125900
2010-09-15,42.290000915527344,43.0099983215332,41.25,42.66999816894531,39.83756637573242,1092300
2010-09-16,42.540000915527344,43.72999954223633,42.189998626708984,43.29999923706055,40.42573928833008,1097200
2010-09-17,43.38999938964844,46.18000030517578,43.369998931884766,44.77000045776367,41.79816436767578,2246200
2010-09-20,44.7400016784668,45.9900016784668,44.43000030517578,45.88999938964844,42.84381866455078,1134200
2010-09-21,45.900001525878906,45.95000076293945,44.56999969482422,44.790000915527344,41.81684112548828,778700
2010-09-22,44.66999816894531,45.279998779296875,42.900001525878906,44.31999969482422,41.37803649902344,1590100
2010-09-23,44.029998779296875,46.7400016784668,43.779998779296875,44.7400016784668,41.770164489746094,1616200
2010-09-24,45.220001220703125,49.09000015258789,45.06999969482422,47.130001068115234,44.00151443481445,4359500
2010-09-27,47.22999954223633,47.33000183105469,44.869998931884766,45.630001068115234,42.601078033447266,1561600
2010-09-28,45.41999816894531,46.380001068115234,45.27000045776367,46.31999969482422,43.24527359008789,860500
2010-09-29,46.31999969482422,47.09000015258789,46.31999969482422,46.88999938964844,43.777442932128906,1078400
2010-09-30,47.20000076293945,50.0,46.70000076293945,49.209999084472656,45.94343566894531,2099500
2010-10-01,49.43000030517578,51.060001373291016,48.75,49.43000030517578,46.14883804321289,1154400
2010-10-04,49.209999084472656,49.209999084472656,47.470001220703125,48.099998474121094,44.907108306884766,796000
2010-10-05,48.75,50.59000015258789,48.7400016784668,49.75,46.44758987426758,985500
2010-10-06,49.75,50.369998931884766,49.4900016784668,50.34000015258789,46.99843215942383,789500
2010-10-07,50.34000015258789,50.95000076293945,49.36000061035156,49.369998931884766,46.09281539916992,957800
2010-10-08,49.599998474121094,51.18000030517578,49.5,50.900001525878906,47.52125930786133,627200
2010-10-11,50.880001068115234,50.880001068115234,49.95000076293945,50.310001373291016,46.970420837402344,533700
2010-10-12,50.310001373291016,51.150001525878906,49.939998626708984,50.959999084472656,47.5772705078125,666600
2010-10-13,51.0,51.20000076293945,50.470001220703125,50.56999969482422,47.21315383911133,1530200
2010-10-14,44.2599983215332,44.66999816894531,41.310001373291016,42.060001373291016,39.2680549621582,5315000
2010-10-15,42.400001525878906,42.400001525878906,40.58000183105469,41.720001220703125,38.95063018798828,2244600
2010-10-18,41.81999969482422,44.88999938964844,41.77000045776367,43.7599983215332,40.85520935058594,1928500
2010-10-19,43.5,44.43000030517578,43.06999969482422,44.15999984741211,41.22865295410156,1366100
2010-10-20,44.099998474121094,45.459999084472656,44.060001373291016,44.88999938964844,41.91019821166992,1225700
2010-10-21,44.869998931884766,45.20000076293945,43.7599983215332,44.63999938964844,41.67679977416992,1263100
2010-10-22,44.790000915527344,45.45000076293945,44.06999969482422,45.150001525878906,42.15293884277344,1122300
2010-10-25,45.38999938964844,45.959999084472656,44.58000183105469,44.75,41.77949523925781,1638400
2010-10-26,43.189998626708984,44.11000061035156,41.06999969482422,42.7400016784668,39.902915954589844,2315600
2010-10-27,43.58000183105469,46.2599983215332,43.58000183105469,45.75,42.71311950683594,1833500
2010-10-28,45.86000061035156,47.18000030517578,45.02000045776367,46.5099983215332,43.42266845703125,1697000
2010-10-29,46.310001373291016,48.16999816894531,46.0,47.86000061035156,44.683048248291016,1239300
2010-11-01,48.15999984741211,48.869998931884766,47.959999084472656,48.18000030517578,44.981815338134766,870200
2010-11-02,48.68000030517578,48.97999954223633,47.34000015258789,48.5099983215332,45.2899055480957,818300
2010-11-03,48.52000045776367,48.779998779296875,47.040000915527344,47.88999938964844,44.7110595703125,1195200
2010-11-04,48.45000076293945,48.5,45.9900016784668,46.58000183105469,43.48801803588867,1418100
2010-11-05,46.720001220703125,48.27000045776367,46.720001220703125,47.369998931884766,44.22557830810547,612200
2010-11-08,47.290000915527344,47.97999954223633,47.11000061035156,47.459999084472656,44.309608459472656,742400
2010-11-09,47.650001525878906,48.11000061035156,46.650001525878906,46.900001525878906,43.786773681640625,839200
2010-11-10,47.0,47.15999984741211,46.0099983215332,46.790000915527344,43.684078216552734,792700
2010-11-11,46.709999084472656,46.810001373291016,46.09000015258789,46.650001525878906,43.55337905883789,974300
2010-11-12,46.470001220703125,46.84000015258789,45.68000030517578,45.93000030517578,42.88116455078125,952700
2010-11-15,46.36000061035156,47.13999938964844,45.7599983215332,45.790000915527344,42.750465393066406,939000
2010-11-16,45.66999816894531,46.290000915527344,45.599998474121094,45.790000915527344,42.750465393066406,870500
2010-11-17,45.88999938964844,46.529998779296875,45.02000045776367,45.52000045776367,42.49838638305664,591200
2010-11-18,46.25,46.380001068115234,45.11000061035156,45.220001220703125,42.218299865722656,792800
2010-11-19,45.06999969482422,45.4900016784668,44.47999954223633,44.529998779296875,41.57410430908203,985300
2010-11-22,44.4900016784668,44.86000061035156,43.970001220703125,44.779998779296875,41.807498931884766,1018300
2010-11-23,44.2599983215332,44.4900016784668,43.66999816894531,44.06999969482422,41.14463806152344,569900
2010-11-24,44.029998779296875,44.54999923706055,43.709999084472656,43.9900016784668,41.069942474365234,461700
2010-11-26,43.81999969482422,44.11000061035156,43.63999938964844,43.70000076293945,40.799190521240234,200400
2010-11-29,43.40999984741211,43.779998779296875,42.630001068115234,43.59000015258789,40.69649887084961,598100
2010-11-30,43.290000915527344,43.54999923706055,42.90999984741211,42.939998626708984,40.08964157104492,776000
2010-12-01,43.5099983215332,43.86000061035156,42.58000183105469,42.75,39.91225051879883,970700
2010-12-02,42.79999923706055,44.849998474121094,42.72999954223633,43.68000030517578,40.780517578125,2034800
2010-12-03,43.52000045776367,44.68000030517578,43.349998474121094,43.7599983215332,40.85520935058594,1390100
2010-12-06,43.810001373291016,44.45000076293945,43.70000076293945,43.880001068115234,40.96724319458008,1146500
2010-12-07,44.22999954223633,44.38999938964844,43.56999969482422,43.97999954223633,41.060604095458984,1266400
2010-12-08,44.0,44.7599983215332,44.0,44.36000061035156,41.52869415283203,1208800
2010-12-09,44.40999984741211,44.54999923706055,43.72999954223633,44.060001373291016,41.247840881347656,785800
2010-12-10,44.29999923706055,45.880001068115234,44.029998779296875,44.849998474121094,41.9874267578125,1329600
2010-12-13,44.91999816894531,45.47999954223633,44.86000061035156,45.18000030517578,42.29636001586914,1188900
2010-12-14,45.0099983215332,45.65999984741211,44.41999816894531,44.599998474121094,41.75337219238281,900100
2010-12-15,44.599998474121094,44.81999969482422,44.06999969482422,44.2400016784668,41.416351318359375,672300
2010-12-16,44.52000045776367,45.08000183105469,44.189998626708984,44.970001220703125,42.099761962890625,664700
2010-12-17,45.04999923706055,46.11000061035156,44.810001373291016,46.040000915527344,43.10146713256836,993900
2010-12-20,46.099998474121094,47.38999938964844,46.099998474121094,47.31999969482422,44.299766540527344,942000
2010-12-21,47.45000076293945,47.779998779296875,46.97999954223633,47.400001525878906,44.374664306640625,824800
2010-12-22,47.45000076293945,48.150001525878906,47.41999816894531,48.099998474121094,45.02998352050781,676700
2010-12-23,48.099998474121094,48.61000061035156,47.75,48.04999923706055,44.983177185058594,352800
2010-12-27,47.86000061035156,47.939998626708984,47.41999816894531,47.790000915527344,44.739768981933594,239000
2010-12-28,47.7599983215332,47.83000183105469,47.08000183105469,47.61000061035156,44.571266174316406,347600
2010-12-29,47.790000915527344,48.61000061035156,47.52000045776367,48.0,44.936370849609375,577600
2010-12-30,48.0,48.27000045776367,47.779998779296875,48.04999923706055,44.983177185058594,394000
2010-12-31,48.04999923706055,48.33000183105469,47.220001220703125,47.97999954223633,44.91764831542969,495100
2011-01-03,48.22999954223633,48.68000030517578,47.869998931884766,48.5,45.40445327758789,682500
2011-01-04,48.45000076293945,48.54999923706055,47.20000076293945,47.630001068115234,44.58998107910156,627000
2011-01-05,47.630001068115234,48.540000915527344,47.349998474121094,48.310001373291016,45.22658157348633,535400
2011-01-06,49.130001068115234,49.849998474121094,47.5,47.90999984741211,44.852115631103516,1011400
2011-01-07,48.040000915527344,48.29999923706055,46.77000045776367,47.54999923706055,44.51509475708008,644100
2011-01-10,43.04999923706055,43.2400016784668,40.25,42.810001373291016,40.0776252746582,3945900
2011-01-11,44.20000076293945,44.939998626708984,43.18000030517578,44.79999923706055,41.94060134887695,1713000
2011-01-12,44.900001525878906,45.91999816894531,43.97999954223633,45.459999084472656,42.5584831237793,1026700
2011-01-13,45.4900016784668,46.2599983215332,45.08000183105469,46.220001220703125,43.26997756958008,913000
2011-01-14,46.380001068115234,46.66999816894531,46.09000015258789,46.38999938964844,43.42913055419922,812400
2011-01-18,46.310001373291016,46.459999084472656,45.25,46.38999938964844,43.42913055419922,666300
2011-01-19,46.45000076293945,46.59000015258789,45.84000015258789,46.0099983215332,43.07338333129883,391600
2011-01-20,45.959999084472656,47.0,45.77000045776367,46.720001220703125,43.73806381225586,913100
2011-01-21,47.0,47.459999084472656,46.7599983215332,47.08000183105469,44.07508850097656,482800
2011-01-24,47.09000015258789,48.2400016784668,46.849998474121094,48.209999084472656,45.13296127319336,837000
2011-01-25,48.040000915527344,48.439998626708984,46.790000915527344,47.380001068115234,44.35594940185547,1433200
2011-01-26,50.93000030517578,53.900001525878906,49.689998626708984,53.36000061035156,49.954261779785156,3942200
2011-01-27,53.459999084472656,53.459999084472656,51.779998779296875,53.0099983215332,49.62660217285156,1206200
2011-01-28,53.13999938964844,53.13999938964844,51.54999923706055,51.689998626708984,48.39085006713867,766100
2011-01-31,51.66999816894531,52.529998779296875,51.52000045776367,52.11000061035156,48.7840461730957,821800
2011-02-01,52.939998626708984,54.040000915527344,51.97999954223633,53.650001525878906,50.22575378417969,632600
2011-02-02,53.290000915527344,53.720001220703125,52.86000061035156,53.209999084472656,49.81383514404297,612800
2011-02-03,53.099998474121094,53.65999984741211,52.900001525878906,53.470001220703125,50.0572509765625,639800
2011-02-04,53.40999984741211,53.43000030517578,52.33000183105469,52.9900016784668,49.60788345336914,650000
2011-02-07,53.130001068115234,53.86000061035156,52.56999969482422,53.4900016784668,50.075965881347656,460100
2011-02-08,53.40999984741211,53.75,52.599998474121094,53.18000030517578,49.78575134277344,584300
2011-02-09,53.08000183105469,53.33000183105469,52.459999084472656,52.84000015258789,49.46745681762695,542900
2011-02-10,52.689998626708984,53.58000183105469,52.470001220703125,53.529998779296875,50.11341094970703,610000
2011-02-11,53.279998779296875,53.40999984741211,52.720001220703125,53.279998779296875,49.879364013671875,412300
2011-02-14,53.119998931884766,53.439998626708984,52.66999816894531,52.959999084472656,49.579795837402344,417800
2011-02-15,52.59000015258789,52.79999923706055,52.189998626708984,52.45000076293945,49.10234832763672,548900
2011-02-16,52.63999938964844,54.22999954223633,52.470001220703125,53.040000915527344,49.654693603515625,766100
2011-02-17,52.970001220703125,53.970001220703125,52.869998931884766,53.75,50.31937026977539,453600
2011-02-18,53.779998779296875,55.58000183105469,53.779998779296875,55.18000030517578,51.65810775756836,894500
2011-02-22,54.779998779296875,55.209999084472656,54.09000015258789,54.5,51.02150344848633,789400
2011-02-23,54.369998931884766,54.47999954223633,52.970001220703125,53.33000183105469,49.92618179321289,693800
2011-02-24,53.0,53.81999969482422,52.5,53.650001525878906,50.22575378417969,618500
2011-02-25,53.7400016784668,54.849998474121094,53.630001068115234,54.720001220703125,51.22746276855469,449600
2011-02-28,54.310001373291016,54.869998931884766,53.119998931884766,54.25,50.78746032714844,589600
2011-03-01,54.66999816894531,54.66999816894531,52.880001068115234,53.06999969482422,49.682769775390625,408300
2011-03-02,53.06999969482422,54.13999938964844,52.880001068115234,53.400001525878906,49.99171447753906,422800
2011-03-03,53.959999084472656,54.38999938964844,53.790000915527344,54.27000045776367,50.806182861328125,462900
2011-03-04,54.349998474121094,54.689998626708984,53.4900016784668,53.970001220703125,50.52532958984375,385400
2011-03-07,54.189998626708984,55.04999923706055,53.20000076293945,53.349998474121094,49.94490432739258,474700
2011-03-08,53.83000183105469,54.31999969482422,53.16999816894531,53.529998779296875,50.11341094970703,490500
2011-03-09,53.529998779296875,53.54999923706055,52.79999923706055,52.9900016784668,49.60788345336914,289400
2011-03-10,52.810001373291016,53.0,51.83000183105469,52.130001068115234,48.802764892578125,433300
2011-03-11,52.470001220703125,52.7400016784668,51.84000015258789,52.43000030517578,49.083621978759766,338700
2011-03-14,52.20000076293945,52.95000076293945,51.599998474121094,51.83000183105469,48.52191925048828,359500
2011-03-15,50.7400016784668,51.79999923706055,50.470001220703125,51.5099983215332,48.22233581542969,379400
2011-03-16,51.34000015258789,51.5,50.08000183105469,50.33000183105469,47.11765670776367,350600
2011-03-17,50.970001220703125,51.04999923706055,49.75,50.43000030517578,47.21126937866211,536300
2011-03-18,51.16999816894531,51.959999084472656,50.34000015258789,51.20000076293945,47.93212127685547,796800
2011-03-21,51.720001220703125,52.75,51.689998626708984,52.540000915527344,49.18660354614258,454100
2011-03-22,52.68000030517578,53.41999816894531,52.56999969482422,53.0,49.61722946166992,499900
2011-03-23,52.790000915527344,53.599998474121094,52.45000076293945,53.47999954223633,50.06659698486328,392000
2011-03-24,53.66999816894531,54.540000915527344,53.560001373291016,54.11000061035156,50.656394958496094,433200
2011-03-25,54.130001068115234,55.5,54.130001068115234,54.61000061035156,51.124488830566406,530300
2011-03-28,54.83000183105469,56.25,54.7599983215332,54.93000030517578,51.4240608215332,785600
2011-03-29,53.599998474121094,54.45000076293945,52.209999084472656,54.40999984741211,50.9372444152832,875600
2011-03-30,54.619998931884766,55.689998626708984,54.47999954223633,54.790000915527344,51.292999267578125,544200
2011-03-31,54.560001373291016,55.18000030517578,54.06999969482422,55.06999969482422,51.555118560791016,398600
2011-04-01,55.20000076293945,56.2599983215332,55.20000076293945,55.939998626708984,52.36959457397461,564500
2011-04-04,56.0,56.459999084472656,55.08000183105469,55.630001068115234,52.079376220703125,492400
2011-04-05,55.599998474121094,56.09000015258789,55.45000076293945,55.9900016784668,52.41639709472656,475500
2011-04-06,56.119998931884766,56.4900016784668,55.970001220703125,55.97999954223633,52.407039642333984,534600
2011-04-07,55.849998474121094,56.09000015258789,55.33000183105469,56.04999923706055,52.47256851196289,638800
2011-04-08,54.689998626708984,55.630001068115234,54.15999984741211,54.7599983215332,51.2649040222168,830400
2011-04-11,56.38999938964844,56.43000030517578,53.880001068115234,54.0099983215332,50.56277847290039,685000
2011-04-12,53.7400016784668,54.0,53.0099983215332,53.220001220703125,49.82319641113281,453100
2011-04-13,53.38999938964844,53.61000061035156,52.310001373291016,52.45000076293945,49.10234832763672,402600
2011-04-14,52.15999984741211,52.900001525878906,52.15999984741211,52.75,49.38319778442383,425400
2011-04-15,52.56999969482422,52.84000015258789,51.77000045776367,51.93000030517578,48.61553192138672,624000
2011-04-18,51.43000030517578,51.849998474121094,51.150001525878906,51.68000030517578,48.38148498535156,554100
2011-04-19,51.7599983215332,51.790000915527344,49.45000076293945,49.54999923706055,46.3874397277832,1057600
2011-04-20,50.04999923706055,50.15999984741211,48.029998779296875,48.279998779296875,45.1984977722168,1728800
2011-04-21,48.959999084472656,49.65999984741211,47.77000045776367,49.290000915527344,46.14402770996094,1014500
2011-04-25,48.93000030517578,49.70000076293945,48.4900016784668,49.029998779296875,45.9006233215332,1184600
2011-04-26,49.18000030517578,50.25,49.16999816894531,50.09000015258789,46.892967224121094,1106000
2011-04-27,50.20000076293945,55.52000045776367,50.18000030517578,53.70000076293945,50.27255630493164,2421800
2011-04-28,53.40999984741211,54.33000183105469,52.099998474121094,52.369998931884766,49.0274543762207,779800
2011-04-29,52.369998931884766,53.11000061035156,52.06999969482422,52.900001525878906,49.52362823486328,579000
2011-05-02,52.9900016784668,53.400001525878906,52.63999938964844,53.029998779296875,49.645328521728516,442600
2011-05-03,53.0099983215332,53.58000183105469,51.97999954223633,53.150001525878906,49.757667541503906,1047000
2011-05-04,53.11000061035156,53.33000183105469,52.060001373291016,52.709999084472656,49.34574890136719,512500
2011-05-05,52.5099983215332,53.349998474121094,52.220001220703125,52.560001373291016,49.205322265625,367300
2011-05-06,53.0099983215332,53.099998474121094,51.790000915527344,51.9900016784668,48.67171096801758,400300
2011-05-09,52.0,52.7400016784668,51.90999984741211,52.619998931884766,49.26149368286133,430500
2011-05-10,52.72999954223633,53.65999984741211,52.599998474121094,53.209999084472656,49.81383514404297,371400
2011-05-11,53.040000915527344,53.689998626708984,52.22999954223633,52.849998474121094,49.476810455322266,502500
2011-05-12,52.72999954223633,53.91999816894531,52.650001525878906,53.70000076293945,50.27255630493164,520000
2011-05-13,53.84000015258789,53.97999954223633,53.15999984741211,53.290000915527344,49.888736724853516,405700
2011-05-16,53.099998474121094,53.529998779296875,52.720001220703125,52.970001220703125,49.58915328979492,447900
2011-05-17,52.79999923706055,52.959999084472656,52.18000030517578,52.369998931884766,49.0274543762207,512100
2011-05-18,52.349998474121094,52.72999954223633,52.2400016784668,52.68000030517578,49.317665100097656,451400
2011-05-19,52.939998626708984,53.130001068115234,51.880001068115234,52.04999923706055,48.72787857055664,311000
2011-05-20,52.189998626708984,52.290000915527344,51.70000076293945,51.900001525878906,48.58744430541992,551300
2011-05-23,51.47999954223633,51.869998931884766,51.34000015258789,51.650001525878906,48.35340118408203,1003400
2011-05-24,52.41999816894531,54.63999938964844,52.150001525878906,53.959999084472656,50.51597213745117,1606400
2011-05-25,53.68000030517578,54.09000015258789,53.279998779296875,53.459999084472656,50.047882080078125,732800
2011-05-26,53.439998626708984,53.97999954223633,53.20000076293945,53.56999969482422,50.15085983276367,653800
2011-05-27,53.560001373291016,54.59000015258789,53.439998626708984,54.08000183105469,50.62831497192383,386300
2011-05-31,54.470001220703125,54.61000061035156,53.439998626708984,53.849998474121094,50.412986755371094,995800
2011-06-01,53.59000015258789,54.7400016784668,53.040000915527344,53.9900016784668,50.5440559387207,1047700
2011-06-02,62.09000015258789,62.310001373291016,58.88999938964844,61.86000061035156,57.911746978759766,4455800
2011-06-03,61.150001525878906,61.88999938964844,60.18000030517578,60.36000061035156,56.50748062133789,1051400
2011-06-06,60.22999954223633,60.22999954223633,58.7400016784668,58.91999816894531,55.159385681152344,826200
2011-06-07,59.369998931884766,60.619998931884766,59.150001525878906,59.189998626708984,55.41215515136719,754100
2011-06-08,59.15999984741211,59.65999984741211,58.5099983215332,58.77000045776367,55.01896667480469,627800
2011-06-09,59.06999969482422,59.40999984741211,58.22999954223633,58.36000061035156,54.635135650634766,641700
2011-06-10,58.22999954223633,58.5099983215332,56.459999084472656,56.86000061035156,53.23088073730469,910200
2011-06-13,57.150001525878906,57.68000030517578,56.61000061035156,56.959999084472656,53.32448959350586,547700
2011-06-14,57.20000076293945,57.900001525878906,56.970001220703125,57.75,54.06407165527344,481500
2011-06-15,57.38999938964844,58.189998626708984,56.189998626708984,56.470001220703125,52.865760803222656,618400
2011-06-16,56.400001525878906,57.54999923706055,56.15999984741211,56.540000915527344,53.04401779174805,667500
2011-06-17,57.099998474121094,57.59000015258789,55.79999923706055,55.86000061035156,52.40606689453125,587300
2011-06-20,55.81999969482422,56.529998779296875,55.47999954223633,56.0099983215332,52.54678726196289,314100
2011-06-21,56.369998931884766,58.2599983215332,56.36000061035156,58.15999984741211,54.563846588134766,580100
2011-06-22,57.83000183105469,58.61000061035156,57.15999984741211,57.22999954223633,53.69135284423828,574400
2011-06-23,56.619998931884766,58.0099983215332,56.36000061035156,57.939998626708984,54.35744857788086,470200
2011-06-24,58.029998779296875,58.11000061035156,57.31999969482422,57.56999969482422,54.01033020019531,607700
2011-06-27,57.459999084472656,57.52000045776367,56.2400016784668,56.58000183105469,53.08154296875,496700
2011-06-28,56.88999938964844,58.61000061035156,56.709999084472656,58.06999969482422,54.479408264160156,429100
2011-06-29,58.08000183105469,58.54999923706055,57.7599983215332,58.25,54.64828109741211,430300
2011-06-30,58.380001068115234,59.40999984741211,58.380001068115234,59.130001068115234,55.473876953125,576500
2011-07-01,59.45000076293945,61.16999816894531,59.2599983215332,60.630001068115234,56.881126403808594,818200
2011-07-05,60.400001525878906,60.849998474121094,59.70000076293945,60.599998474121094,56.85297775268555,620100
2011-07-06,60.56999969482422,60.880001068115234,59.959999084472656,60.75,56.99369812011719,652500
2011-07-07,61.029998779296875,63.58000183105469,60.880001068115234,62.459999084472656,58.59797668457031,938800
2011-07-08,61.7599983215332,62.70000076293945,61.16999816894531,62.59000015258789,58.719932556152344,466400
2011-07-11,61.72999954223633,61.91999816894531,60.40999984741211,60.849998474121094,57.08751678466797,407400
2011-07-12,60.63999938964844,62.13999938964844,60.56999969482422,61.56999969482422,57.76300048828125,392700
2011-07-13,61.869998931884766,62.970001220703125,61.869998931884766,62.38999938964844,58.53229904174805,570200
2011-07-14,62.470001220703125,62.650001525878906,61.099998474121094,61.380001068115234,57.584747314453125,450000
2011-07-15,62.79999923706055,63.13999938964844,61.97999954223633,62.9900016784668,59.09520721435547,595700
2011-07-18,62.959999084472656,63.869998931884766,62.720001220703125,63.099998474121094,59.19839859008789,611800
2011-07-19,63.31999969482422,66.16999816894531,63.31999969482422,65.91000366210938,61.83465576171875,1081300
2011-07-20,65.80000305175781,66.69000244140625,64.94000244140625,66.55000305175781,62.435081481933594,1580000
2011-07-21,65.83000183105469,66.8499984741211,63.959999084472656,65.44999694824219,61.40308380126953,1122800
2011-07-22,65.41999816894531,66.23999786376953,65.18000030517578,65.98999786376953,61.909706115722656,580600
2011-07-25,65.1500015258789,66.3499984741211,64.73999786376953,65.83999633789062,61.76897048950195,495200
2011-07-26,65.62999725341797,66.08000183105469,64.68000030517578,65.44999694824219,61.40308380126953,735800
2011-07-27,65.16000366210938,65.20999908447266,64.0,64.19999694824219,60.23038101196289,568000
2011-07-28,64.19999694824219,64.2300033569336,61.75,61.86000061035156,58.03506851196289,1063200
2011-07-29,61.13999938964844,62.290000915527344,60.36000061035156,62.13999938964844,58.29776382446289,624300
2011-08-01,62.540000915527344,62.790000915527344,60.11000061035156,60.75,56.99369812011719,777300
2011-08-02,60.36000061035156,61.310001373291016,59.790000915527344,59.79999923706055,56.102447509765625,790300
2011-08-03,59.72999954223633,59.95000076293945,57.95000076293945,59.779998779296875,56.083675384521484,858800
2011-08-04,58.880001068115234,61.0,58.83000183105469,59.650001525878906,55.96172332763672,1487300
2011-08-05,59.939998626708984,60.599998474121094,56.88999938964844,57.81999969482422,54.244869232177734,1581700
2011-08-08,56.459999084472656,56.83000183105469,52.560001373291016,52.63999938964844,49.385162353515625,1082700
2011-08-09,53.459999084472656,54.349998474121094,50.869998931884766,53.81999969482422,50.4921989440918,2587500
2011-08-10,52.959999084472656,53.5099983215332,51.650001525878906,51.720001220703125,48.52205276489258,1142800
2011-08-11,52.41999816894531,54.20000076293945,51.70000076293945,53.38999938964844,50.08877944946289,1265500
2011-08-12,48.470001220703125,48.63999938964844,43.130001068115234,44.4900016784668,41.73909378051758,4476900
2011-08-15,44.41999816894531,44.93000030517578,43.83000183105469,44.27000045776367,41.53269577026367,1936600
2011-08-16,43.9900016784668,45.380001068115234,43.9900016784668,44.810001373291016,42.039306640625,1678700
2011-08-17,45.0,45.08000183105469,42.84000015258789,43.58000183105469,40.8853645324707,1030100
2011-08-18,41.9900016784668,42.369998931884766,40.84000015258789,41.119998931884766,38.57746124267578,1654500
2011-08-19,40.66999816894531,41.22999954223633,39.31999969482422,39.459999084472656,37.02010726928711,1269500
2011-08-22,40.16999816894531,40.61000061035156,39.709999084472656,39.849998474121094,37.385990142822266,1192100
2011-08-23,40.119998931884766,41.369998931884766,39.380001068115234,41.349998474121094,38.79324722290039,879200
2011-08-24,41.209999084472656,42.099998474121094,41.029998779296875,41.869998931884766,39.281089782714844,1047100
2011-08-25,42.52000045776367,42.56999969482422,41.029998779296875,41.13999938964844,38.59623336791992,739400
2011-08-26,41.099998474121094,42.790000915527344,40.40999984741211,42.59000015258789,39.956573486328125,809200
2011-08-29,43.119998931884766,43.47999954223633,42.619998931884766,43.09000015258789,40.425655364990234,743700
2011-08-30,42.9900016784668,44.189998626708984,42.880001068115234,43.880001068115234,41.16680908203125,710200
2011-08-31,44.16999816894531,44.869998931884766,43.66999816894531,44.18000030517578,41.44826126098633,756500
2011-09-01,44.29999923706055,44.5,42.290000915527344,42.52000045776367,39.890899658203125,913500
2011-09-02,41.7599983215332,41.97999954223633,40.33000183105469,40.7400016784668,38.220970153808594,987000
2011-09-06,40.09000015258789,41.65999984741211,40.060001373291016,41.45000076293945,38.88706588745117,1309800
2011-09-07,41.88999938964844,42.97999954223633,41.63999938964844,42.81999969482422,40.1723518371582,759900
2011-09-08,42.349998474121094,42.75,40.560001373291016,40.97999954223633,38.44612121582031,979200
2011-09-09,40.560001373291016,41.66999816894531,40.22999954223633,40.619998931884766,38.10838317871094,884300
2011-09-12,40.20000076293945,41.22999954223633,39.779998779296875,41.18000030517578,38.633758544921875,971100
2011-09-13,41.2400016784668,41.95000076293945,39.630001068115234,39.869998931884766,37.40475845336914,1406200
2011-09-14,40.06999969482422,41.119998931884766,40.06999969482422,40.220001220703125,37.73311996459961,1680000
2011-09-15,40.709999084472656,41.75,40.650001525878906,41.380001068115234,38.82139205932617,1001400
2011-09-16,41.599998474121094,42.4900016784668,41.5099983215332,41.7400016784668,39.15913772583008,1051500
2011-09-19,41.099998474121094,41.13999938964844,39.47999954223633,40.540000915527344,38.03333282470703,967300
2011-09-20,40.83000183105469,41.209999084472656,39.970001220703125,40.040000915527344,37.564247131347656,972900
2011-09-21,39.939998626708984,40.29999923706055,38.52000045776367,38.599998474121094,36.213279724121094,1024000
2011-09-22,37.459999084472656,37.720001220703125,35.43000030517578,35.59000015258789,33.389404296875,1221600
2011-09-23,35.31999969482422,38.130001068115234,35.029998779296875,37.439998626708984,35.12500762939453,1119600
2011-09-26,37.61000061035156,39.36000061035156,37.310001373291016,39.20000076293945,36.776187896728516,1106000
2011-09-27,39.849998474121094,40.9900016784668,39.41999816894531,39.79999923706055,37.339088439941406,1142700
2011-09-28,39.7599983215332,40.0,38.59000015258789,38.709999084472656,36.31647872924805,742900
2011-09-29,39.380001068115234,39.720001220703125,37.34000015258789,38.27000045776367,35.9036865234375,595700
2011-09-30,37.459999084472656,38.06999969482422,36.77000045776367,36.959999084472656,34.674686431884766,748200
2011-10-03,36.689998626708984,37.060001373291016,35.189998626708984,35.209999084472656,33.03289031982422,1004900
2011-10-04,34.95000076293945,36.9900016784668,34.2400016784668,36.880001068115234,34.59963607788086,826800
2011-10-05,37.0,39.939998626708984,37.0,39.380001068115234,36.945064544677734,967100
2011-10-06,39.08000183105469,40.099998474121094,38.33000183105469,39.88999938964844,37.42351531982422,799500
2011-10-07,40.18000030517578,41.25,39.720001220703125,40.189998626708984,37.70497131347656,701100
2011-10-10,40.790000915527344,42.09000015258789,40.70000076293945,41.369998931884766,38.81201171875,616600
2011-10-11,41.20000076293945,42.34000015258789,40.869998931884766,41.86000061035156,39.27170944213867,354800
2011-10-12,42.31999969482422,44.08000183105469,41.959999084472656,43.459999084472656,40.77277755737305,874800
2011-10-13,43.0099983215332,43.0099983215332,41.709999084472656,42.75,40.10668182373047,466300
2011-10-14,43.27000045776367,44.189998626708984,42.9900016784668,43.900001525878906,41.18557357788086,533100
2011-10-17,43.65999984741211,44.38999938964844,41.54999923706055,41.790000915527344,39.20603942871094,1155500
2011-10-18,41.779998779296875,43.060001373291016,40.5,42.65999984741211,40.02224349975586,727400
2011-10-19,44.2599983215332,46.369998931884766,43.63999938964844,44.18000030517578,41.44826126098633,1019300
2011-10-20,44.150001525878906,44.959999084472656,43.06999969482422,43.900001525878906,41.18557357788086,651200
2011-10-21,44.220001220703125,45.38999938964844,43.86000061035156,45.349998474121094,42.54591369628906,687700
2011-10-24,45.650001525878906,46.91999816894531,45.619998931884766,46.439998626708984,43.56851577758789,1159300
2011-10-25,45.95000076293945,46.29999923706055,44.11000061035156,46.08000183105469,43.230777740478516,1306200
2011-10-26,41.90999984741211,41.90999984741211,37.68000030517578,38.36000061035156,35.98812484741211,3468900
2011-10-27,39.630001068115234,39.709999084472656,38.369998931884766,38.5099983215332,36.12885284423828,1559800
2011-10-28,38.790000915527344,39.4900016784668,37.7400016784668,38.86000061035156,36.45720672607422,1652100
2011-10-31,38.31999969482422,38.66999816894531,37.40999984741211,37.68000030517578,35.35017395019531,1156600
2011-11-01,36.599998474121094,38.54999923706055,36.56999969482422,37.91999816894531,35.57532501220703,1556100
2011-11-02,36.59000015258789,37.459999084472656,36.04999923706055,36.88999938964844,34.60901641845703,1304700
2011-11-03,37.47999954223633,38.650001525878906,37.27000045776367,38.2599983215332,35.89430618286133,1360700
2011-11-04,37.75,38.36000061035156,37.5099983215332,37.93000030517578,35.584712982177734,857000
2011-11-07,38.7400016784668,38.7400016784668,37.47999954223633,37.95000076293945,35.60347366333008,855800
2011-11-08,38.15999984741211,38.41999816894531,36.84000015258789,38.04999923706055,35.697288513183594,812800
2011-11-09,37.31999969482422,37.439998626708984,36.150001525878906,36.540000915527344,34.28065490722656,800400
2011-11-10,37.25,37.41999816894531,36.09000015258789,36.279998779296875,34.0367317199707,753600
2011-11-11,36.77000045776367,36.90999984741211,36.209999084472656,36.459999084472656,34.20560836791992,846300
2011-11-14,36.38999938964844,36.77000045776367,35.84000015258789,36.279998779296875,34.0367317199707,715800
2011-11-15,36.16999816894531,37.040000915527344,35.58000183105469,36.869998931884766,34.59025192260742,835300
2011-11-16,36.31999969482422,38.0,36.20000076293945,37.27000045776367,34.96553421020508,1065700
2011-11-17,37.0,37.150001525878906,35.84000015258789,36.029998779296875,33.802188873291016,1366200
2011-11-18,36.150001525878906,36.470001220703125,34.959999084472656,34.9900016784668,32.826499938964844,855600
2011-11-21,34.36000061035156,34.5,33.650001525878906,33.709999084472656,31.625646591186523,1227500
2011-11-22,33.65999984741211,33.970001220703125,33.099998474121094,33.720001220703125,31.6350154876709,1058900
2011-11-23,33.36000061035156,33.79999923706055,32.9900016784668,33.13999938964844,31.090885162353516,1059300
2011-11-25,33.029998779296875,33.61000061035156,32.970001220703125,33.0099983215332,30.968921661376953,368500
2011-11-28,34.0,34.209999084472656,33.27000045776367,33.61000061035156,31.531824111938477,898100
2011-11-29,33.439998626708984,33.869998931884766,33.08000183105469,33.29999923706055,31.240997314453125,734900
2011-11-30,34.27000045776367,34.599998474121094,33.59000015258789,34.5099983215332,32.37617492675781,1471900
2011-12-01,34.400001525878906,35.029998779296875,33.970001220703125,34.709999084472656,32.563804626464844,769000
2011-12-02,35.0,35.81999969482422,35.0,35.2400016784668,33.06103515625,1072100
2011-12-05,35.72999954223633,36.119998931884766,35.400001525878906,35.70000076293945,33.49259567260742,787300
2011-12-06,35.47999954223633,35.880001068115234,34.9900016784668,35.36000061035156,33.31359100341797,660400
2011-12-07,35.060001373291016,35.29999923706055,34.7599983215332,35.11000061035156,33.07806396484375,613500
2011-12-08,34.95000076293945,35.029998779296875,34.0099983215332,34.2400016784668,32.2584114074707,684700
2011-12-09,34.349998474121094,35.040000915527344,34.290000915527344,34.790000915527344,32.776588439941406,449800
2011-12-12,34.33000183105469,34.70000076293945,33.93000030517578,34.349998474121094,32.362037658691406,785700
2011-12-13,34.5,34.81999969482422,33.029998779296875,33.189998626708984,31.26917839050293,844100
2011-12-14,33.040000915527344,33.369998931884766,32.72999954223633,32.9900016784668,31.08075714111328,616400
2011-12-15,33.380001068115234,34.02000045776367,33.060001373291016,33.779998779296875,31.825037002563477,902700
2011-12-16,34.060001373291016,34.20000076293945,33.36000061035156,34.099998474121094,32.12651062011719,901500
2011-12-19,34.209999084472656,35.06999969482422,33.810001373291016,33.88999938964844,31.928667068481445,590800
2011-12-20,34.56999969482422,35.529998779296875,34.540000915527344,35.33000183105469,33.28533172607422,566000
2011-12-21,35.15999984741211,36.65999984741211,35.15999984741211,36.52000045776367,34.406463623046875,670200
2011-12-22,36.54999923706055,37.86000061035156,36.54999923706055,37.790000915527344,35.60295867919922,717700
2011-12-23,37.849998474121094,38.63999938964844,37.849998474121094,38.5,36.27186965942383,347100
2011-12-27,38.470001220703125,38.869998931884766,38.04999923706055,38.75,36.50740432739258,391200
2011-12-28,38.619998931884766,39.33000183105469,37.810001373291016,38.09000015258789,35.88560104370117,492000
2011-12-29,38.09000015258789,38.5099983215332,37.93000030517578,38.40999984741211,36.18708038330078,392700
2011-12-30,38.43000030517578,38.650001525878906,38.189998626708984,38.459999084472656,36.234188079833984,475500
2012-01-03,39.18000030517578,39.65999984741211,38.70000076293945,38.77000045776367,36.5262451171875,672100
2012-01-04,38.630001068115234,38.91999816894531,37.939998626708984,38.869998931884766,36.620452880859375,497900
2012-01-05,38.7400016784668,39.470001220703125,38.459999084472656,39.04999923706055,36.7900390625,680800
2012-01-06,39.400001525878906,41.83000183105469,39.290000915527344,41.400001525878906,39.00403594970703,1316400
2012-01-09,41.4900016784668,41.5099983215332,40.720001220703125,41.29999923706055,38.909828186035156,666300
2012-01-10,41.95000076293945,42.33000183105469,41.40999984741211,41.869998931884766,39.446834564208984,561800
2012-01-11,41.65999984741211,42.16999816894531,41.29999923706055,42.09000015258789,39.65410232543945,725900
2012-01-12,42.13999938964844,42.34000015258789,41.68000030517578,42.0,39.569313049316406,418700
2012-01-13,41.75,41.900001525878906,41.279998779296875,41.66999816894531,39.25840759277344,542300
2012-01-17,42.2599983215332,42.369998931884766,41.560001373291016,41.63999938964844,39.23015213012695,822500
2012-01-18,41.56999969482422,41.61000061035156,38.599998474121094,40.310001373291016,37.97712326049805,2146100
2012-01-19,40.459999084472656,41.869998931884766,40.439998626708984,40.939998626708984,38.57065963745117,1756500
2012-01-20,40.93000030517578,40.97999954223633,40.2400016784668,40.5,38.1561279296875,1166800
2012-01-23,40.4900016784668,40.77000045776367,39.7400016784668,40.22999954223633,37.9017448425293,791800
2012-01-24,40.130001068115234,40.77000045776367,39.869998931884766,40.5099983215332,38.165550231933594,713500
2012-01-25,40.4900016784668,41.099998474121094,39.900001525878906,41.06999969482422,38.69313430786133,963800
2012-01-26,39.2400016784668,41.06999969482422,38.93000030517578,39.70000076293945,37.40242385864258,1329500
2012-01-27,36.849998474121094,38.060001373291016,35.459999084472656,37.56999969482422,35.395694732666016,2376000
2012-01-30,36.52000045776367,37.45000076293945,36.43000030517578,37.279998779296875,35.12247848510742,1107400
2012-01-31,37.470001220703125,38.45000076293945,37.31999969482422,37.7599983215332,35.5746955871582,1367900
2012-02-01,38.04999923706055,39.060001373291016,37.959999084472656,38.630001068115234,36.39434051513672,962400
2012-02-02,38.75,38.970001220703125,38.54999923706055,38.650001525878906,36.41319274902344,1037800
2012-02-03,39.13999938964844,40.0,38.9900016784668,39.119998931884766,36.855987548828125,925100
2012-02-06,39.0,39.04999923706055,37.599998474121094,38.43000030517578,36.2059211730957,704500
2012-02-07,38.279998779296875,38.869998931884766,38.060001373291016,38.52000045776367,36.290714263916016,763900
2012-02-08,38.68000030517578,39.0,37.77000045776367,38.91999816894531,36.667564392089844,712200
2012-02-09,38.90999984741211,38.90999984741211,38.43000030517578,38.84000015258789,36.59219741821289,535600
2012-02-10,38.61000061035156,38.689998626708984,38.22999954223633,38.560001373291016,36.32840347290039,566900
2012-02-13,38.709999084472656,38.939998626708984,38.290000915527344,38.61000061035156,36.37550735473633,481700
2012-02-14,38.4900016784668,38.560001373291016,37.93000030517578,38.08000183105469,35.876182556152344,618800
2012-02-15,38.25,38.349998474121094,37.439998626708984,37.5099983215332,35.33916091918945,743600
2012-02-16,37.47999954223633,37.529998779296875,36.56999969482422,36.97999954223633,34.8398323059082,1319900
2012-02-17,37.220001220703125,37.83000183105469,37.0,37.66999816894531,35.48990249633789,830000
2012-02-21,37.689998626708984,37.689998626708984,36.439998626708984,36.540000915527344,34.42530059814453,1246000
2012-02-22,36.310001373291016,37.2400016784668,36.27000045776367,36.56999969482422,34.45356750488281,976600
2012-02-23,36.5,37.08000183105469,36.5,36.720001220703125,34.59489059448242,648000
2012-02-24,36.779998779296875,37.20000076293945,36.72999954223633,36.9900016784668,34.849266052246094,641200
2012-02-27,36.790000915527344,36.97999954223633,36.47999954223633,36.79999923706055,34.67025375366211,882000
2012-02-28,35.290000915527344,36.279998779296875,35.27000045776367,35.40999984741211,33.36070251464844,1612600
2012-02-29,35.400001525878906,36.09000015258789,35.08000183105469,35.529998779296875,33.473751068115234,2877600
2012-03-01,35.529998779296875,35.79999923706055,35.13999938964844,35.59000015258789,33.53028869628906,938000
2012-03-02,35.5099983215332,35.75,34.790000915527344,34.810001373291016,32.79541778564453,819800
2012-03-05,34.70000076293945,34.91999816894531,34.540000915527344,34.630001068115234,32.6258430480957,846900
2012-03-06,34.369998931884766,34.369998931884766,33.959999084472656,34.09000015258789,32.11709213256836,796000
2012-03-07,34.16999816894531,34.7599983215332,34.099998474121094,34.34000015258789,32.35262680053711,610000
2012-03-08,34.54999923706055,34.689998626708984,34.40999984741211,34.619998931884766,32.616416931152344,705100
2012-03-09,34.619998931884766,35.65999984741211,34.619998931884766,35.279998779296875,33.238224029541016,803000
2012-03-12,35.41999816894531,35.47999954223633,34.650001525878906,34.790000915527344,32.776588439941406,846900
2012-03-13,35.0,35.060001373291016,34.709999084472656,35.02000045776367,32.99327087402344,553100
2012-03-14,35.029998779296875,35.22999954223633,34.40999984741211,34.61000061035156,32.60699462890625,446000
2012-03-15,34.619998931884766,35.7599983215332,34.54999923706055,35.61000061035156,33.54912567138672,701500
2012-03-16,35.619998931884766,36.20000076293945,35.619998931884766,36.15999984741211,34.067291259765625,880800
2012-03-19,36.20000076293945,36.470001220703125,35.93000030517578,36.2599983215332,34.1615104675293,777400
2012-03-20,36.08000183105469,36.209999084472656,35.90999984741211,36.040000915527344,33.95424270629883,413400
2012-03-21,35.959999084472656,36.04999923706055,35.70000076293945,35.720001220703125,33.65275955200195,425900
2012-03-22,35.56999969482422,35.75,35.0099983215332,35.150001525878906,33.11574935913086,407900
2012-03-23,35.08000183105469,35.16999816894531,34.779998779296875,35.13999938964844,33.106319427490234,346400
2012-03-26,35.38999938964844,35.849998474121094,35.349998474121094,35.7599983215332,33.69044876098633,440300
2012-03-27,34.959999084472656,35.75,34.5099983215332,35.689998626708984,33.62449264526367,957500
2012-03-28,35.599998474121094,35.599998474121094,34.38999938964844,34.56999969482422,32.56931686401367,678600
2012-03-29,34.400001525878906,34.5,33.900001525878906,34.33000183105469,32.343204498291016,707100
2012-03-30,34.5,34.5,33.849998474121094,33.869998931884766,31.909828186035156,766700
2012-04-02,33.599998474121094,34.61000061035156,33.560001373291016,34.47999954223633,32.48452377319336,615800
2012-04-03,34.47999954223633,34.68000030517578,33.849998474121094,33.90999984741211,31.947509765625,660100
2012-04-04,33.72999954223633,33.790000915527344,33.0,33.09000015258789,31.174964904785156,1068200
2012-04-05,33.04999923706055,33.09000015258789,32.70000076293945,32.849998474121094,30.9488525390625,1044100
2012-04-09,32.540000915527344,32.77000045776367,31.670000076293945,32.09000015258789,30.232839584350586,1045700
2012-04-10,32.060001373291016,32.220001220703125,31.3700008392334,31.43000030517578,29.61103630065918,1065800
2012-04-11,31.760000228881836,32.099998474121094,31.65999984741211,31.709999084472656,29.874832153320312,918800
2012-04-12,31.799999237060547,32.560001373291016,31.670000076293945,32.529998779296875,30.647375106811523,1090300
2012-04-13,32.439998626708984,32.54999923706055,31.770000457763672,31.81999969482422,29.97846221923828,702800
2012-04-16,31.959999084472656,31.989999771118164,31.5,31.59000015258789,29.76177406311035,961400
2012-04-17,31.780000686645508,32.54999923706055,31.75,32.2599983215332,30.393001556396484,834800
2012-04-18,32.08000183105469,32.2400016784668,31.860000610351562,32.0,30.148052215576172,999600
2012-04-19,31.969999313354492,32.459999084472656,31.899999618530273,32.33000183105469,30.458951950073242,721300
2012-04-20,32.52000045776367,32.66999816894531,32.150001525878906,32.2599983215332,30.393001556396484,727700
2012-04-23,32.04999923706055,32.099998474121094,30.799999237060547,31.079999923706055,29.281291961669922,1868700
2012-04-24,31.09000015258789,31.09000015258789,30.09000015258789,30.90999984741211,29.121131896972656,1333400
2012-04-25,30.739999771118164,31.030000686645508,30.020000457763672,30.950000762939453,29.1588191986084,1837500
2012-04-26,30.940000534057617,32.560001373291016,30.860000610351562,32.380001068115234,30.50605583190918,1510300
2012-04-27,32.5,32.689998626708984,31.90999984741211,32.11000061035156,30.251684188842773,857300
2012-04-30,32.060001373291016,32.15999984741211,31.81999969482422,32.150001525878906,30.289369583129883,667100
2012-05-01,32.150001525878906,32.29999923706055,31.81999969482422,32.040000915527344,30.18573760986328,1037400
2012-05-02,31.84000015258789,32.119998931884766,31.709999084472656,31.8700008392334,30.025569915771484,1092400
2012-05-03,31.850000381469727,32.2400016784668,31.170000076293945,31.459999084472656,29.639299392700195,821900
2012-05-04,31.3700008392334,31.809999465942383,31.360000610351562,31.729999542236328,29.893672943115234,912500
2012-05-07,31.709999084472656,32.09000015258789,31.399999618530273,31.709999084472656,29.874832153320312,1154900
2012-05-08,31.600000381469727,31.649999618530273,30.760000228881836,31.010000228881836,29.215341567993164,764200
2012-05-09,30.600000381469727,31.040000915527344,30.389999389648438,30.850000381469727,29.064603805541992,472300
2012-05-10,31.010000228881836,31.049999237060547,30.459999084472656,30.670000076293945,28.895021438598633,707900
2012-05-11,30.420000076293945,30.600000381469727,29.90999984741211,29.950000762939453,28.216690063476562,967400
2012-05-14,29.6200008392334,29.959999084472656,29.459999084472656,29.549999237060547,27.839839935302734,726800
2012-05-15,29.559999465942383,29.700000762939453,29.31999969482422,29.3799991607666,27.679677963256836,787700
2012-05-16,29.510000228881836,29.8700008392334,29.450000762939453,29.450000762939453,27.74562644958496,691800
2012-05-17,29.440000534057617,29.670000076293945,29.040000915527344,29.049999237060547,27.3687744140625,575500
2012-05-18,29.170000076293945,29.399999618530273,28.559999465942383,28.639999389648438,26.982501983642578,558900
2012-05-21,28.690000534057617,28.860000610351562,28.15999984741211,28.84000015258789,27.170928955078125,589100
2012-05-22,28.920000076293945,28.940000534057617,27.809999465942383,27.940000534057617,26.323013305664062,775900
2012-05-23,27.850000381469727,28.31999969482422,27.610000610351562,28.229999542236328,26.596229553222656,619000
2012-05-24,28.329999923706055,28.329999923706055,27.690000534057617,27.899999618530273,26.28533172607422,685100
2012-05-25,27.90999984741211,28.459999084472656,27.90999984741211,28.219999313354492,26.58681297302246,567800
2012-05-29,28.479999542236328,28.969999313354492,28.3799991607666,28.59000015258789,26.93539810180664,445200
2012-05-30,28.309999465942383,28.34000015258789,27.270000457763672,27.510000228881836,25.917903900146484,730300
2012-05-31,27.479999542236328,27.559999465942383,26.5,27.329999923706055,25.74831771850586,1264100
2012-06-01,26.489999771118164,27.389999389648438,26.1299991607666,27.010000228881836,25.44683837890625,890200
2012-06-04,27.030000686645508,27.65999984741211,26.989999771118164,27.5,25.908477783203125,1175700
2012-06-05,27.3700008392334,28.190000534057617,27.31999969482422,28.020000457763672,26.398386001586914,1168500
2012-06-06,28.270000457763672,29.459999084472656,28.219999313354492,28.899999618530273,27.22745704650879,760700
2012-06-07,29.290000915527344,29.329999923706055,28.6200008392334,28.690000534057617,27.02960777282715,491900
2012-06-08,28.690000534057617,29.219999313354492,28.280000686645508,29.059999465942383,27.37819480895996,398700
2012-06-11,29.25,29.399999618530273,28.270000457763672,28.299999237060547,26.662181854248047,671000
2012-06-12,28.440000534057617,28.459999084472656,27.219999313354492,27.549999237060547,25.95558738708496,961000
2012-06-13,27.469999313354492,27.579999923706055,26.479999542236328,26.579999923706055,25.04172134399414,871000
2012-06-14,26.540000915527344,27.0,26.25,26.65999984741211,25.117094039916992,781300
2012-06-15,26.739999771118164,27.079999923706055,26.469999313354492,26.84000015258789,25.286678314208984,949800
2012-06-18,26.649999618530273,26.760000228881836,26.350000381469727,26.600000381469727,25.060565948486328,951300
2012-06-19,26.670000076293945,26.93000030517578,26.5,26.850000381469727,25.439552307128906,929800
2012-06-20,27.0,27.8799991607666,26.989999771118164,27.440000534057617,25.99856185913086,1111100
2012-06-21,27.530000686645508,27.610000610351562,26.780000686645508,26.850000381469727,25.439552307128906,812900
2012-06-22,26.950000762939453,27.540000915527344,26.700000762939453,27.3700008392334,25.93223762512207,1701000
2012-06-25,27.059999465942383,27.700000762939453,26.920000076293945,27.690000534057617,26.23542594909668,1269400
2012-06-26,28.520000457763672,29.469999313354492,28.219999313354492,29.31999969482422,27.779800415039062,1516300
2012-06-27,29.31999969482422,29.729999542236328,29.25,29.649999618530273,28.09246826171875,917900
2012-06-28,29.440000534057617,30.34000015258789,29.40999984741211,30.299999237060547,28.70832061767578,737700
2012-06-29,30.6200008392334,31.0,30.6200008392334,30.969999313354492,29.34312629699707,893200
2012-07-02,31.40999984741211,31.799999237060547,30.469999313354492,31.170000076293945,29.53261947631836,992400
2012-07-03,31.110000610351562,31.649999618530273,31.09000015258789,31.579999923706055,29.921083450317383,310400
2012-07-05,31.489999771118164,31.649999618530273,31.139999389648438,31.510000228881836,29.85476303100586,531600
2012-07-06,31.170000076293945,31.670000076293945,31.170000076293945,31.510000228881836,29.85476303100586,350600
2012-07-09,31.260000228881836,31.520000457763672,30.450000762939453,30.809999465942383,29.191532135009766,681900
2012-07-10,31.020000457763672,31.209999084472656,29.68000030517578,29.899999618530273,28.329334259033203,466100
2012-07-11,29.979999542236328,30.209999084472656,29.670000076293945,29.90999984741211,28.338808059692383,693600
2012-07-12,29.68000030517578,29.829999923706055,29.219999313354492,29.59000015258789,28.035619735717773,346000
2012-07-13,29.549999237060547,30.040000915527344,29.030000686645508,29.149999618530273,27.618730545043945,639900
2012-07-16,29.09000015258789,29.25,28.90999984741211,29.059999465942383,27.53346061706543,599000
2012-07-17,28.799999237060547,29.149999618530273,28.450000762939453,28.59000015258789,27.088151931762695,1024200
2012-07-18,28.540000915527344,28.899999618530273,28.020000457763672,28.31999969482422,26.832334518432617,631100
2012-07-19,28.40999984741211,28.780000686645508,28.0,28.190000534057617,26.70916175842285,565800
2012-07-20,28.079999923706055,28.229999542236328,27.709999084472656,27.8799991607666,26.415443420410156,609700
2012-07-23,27.540000915527344,27.610000610351562,27.34000015258789,27.559999465942383,26.112255096435547,848600
2012-07-24,19.639999389648438,21.059999465942383,19.309999465942383,20.799999237060547,19.707359313964844,11058200
2012-07-25,20.799999237060547,20.93000030517578,20.020000457763672,20.639999389648438,19.555768966674805,2341000
2012-07-26,19.799999237060547,20.3700008392334,18.149999618530273,19.940000534057617,18.89253807067871,3362000
2012-07-27,20.06999969482422,20.420000076293945,19.68000030517578,19.790000915527344,18.750417709350586,1363600
2012-07-30,19.75,20.09000015258789,18.93000030517578,19.040000915527344,18.039819717407227,1629400
2012-07-31,19.010000228881836,19.700000762939453,19.0,19.6299991607666,18.598825454711914,1218300
2012-08-01,19.719999313354492,19.790000915527344,19.290000915527344,19.309999465942383,18.29563331604004,1296600
2012-08-02,19.09000015258789,19.329999923706055,18.540000915527344,18.65999984741211,17.679777145385742,1644600
2012-08-03,18.8700008392334,18.979999542236328,18.34000015258789,18.350000381469727,17.386062622070312,1516700
2012-08-06,18.40999984741211,19.709999084472656,18.31999969482422,19.510000228881836,18.48512840270996,1335500
2012-08-07,19.610000610351562,20.18000030517578,19.540000915527344,19.639999389648438,18.608299255371094,1558300
2012-08-08,19.559999465942383,20.09000015258789,19.190000534057617,19.68000030517578,18.646202087402344,1656400
2012-08-09,19.690000534057617,20.020000457763672,19.510000228881836,19.8700008392334,18.826217651367188,1449800
2012-08-10,19.1299991607666,19.56999969482422,18.770000457763672,19.229999542236328,18.219833374023438,2739600
2012-08-13,19.170000076293945,19.850000381469727,19.139999389648438,19.6299991607666,18.598825454711914,1259500
2012-08-14,19.700000762939453,19.8700008392334,19.40999984741211,19.56999969482422,18.541973114013672,1253200
2012-08-15,19.549999237060547,19.90999984741211,19.34000015258789,19.860000610351562,18.81674575805664,1019700
2012-08-16,19.90999984741211,20.25,19.729999542236328,20.020000457763672,18.968338012695312,1183600
2012-08-17,19.799999237060547,19.979999542236328,19.649999618530273,19.899999618530273,18.85464096069336,1371000
2012-08-20,19.809999465942383,19.969999313354492,19.520000457763672,19.93000030517578,18.883066177368164,1397000
2012-08-21,19.93000030517578,20.360000610351562,19.93000030517578,20.219999313354492,19.1578311920166,1343000
2012-08-22,20.229999542236328,20.290000915527344,19.940000534057617,20.010000228881836,18.9588623046875,1028200
2012-08-23,19.989999771118164,20.059999465942383,19.3799991607666,19.43000030517578,18.409330368041992,756100
2012-08-24,19.43000030517578,19.459999084472656,18.940000534057617,19.020000457763672,18.0208683013916,1201500
2012-08-27,19.010000228881836,19.149999618530273,18.790000915527344,19.020000457763672,18.0208683013916,776900
2012-08-28,18.979999542236328,19.219999313354492,18.93000030517578,19.1200008392334,18.11561393737793,621600
2012-08-29,19.100000381469727,19.209999084472656,18.520000457763672,18.600000381469727,17.622928619384766,1480500
2012-08-30,18.549999237060547,19.139999389648438,18.549999237060547,18.979999542236328,17.982967376708984,1288400
2012-08-31,19.09000015258789,19.549999237060547,19.0,19.309999465942383,18.29563331604004,1391700
2012-09-04,19.34000015258789,19.479999542236328,18.610000610351562,19.200000762939453,18.1914119720459,1235200
2012-09-05,19.350000381469727,20.31999969482422,19.270000457763672,20.200000762939453,19.138879776000977,1392100
2012-09-06,20.229999542236328,20.979999542236328,20.229999542236328,20.5,19.42312240600586,1874000
2012-09-07,20.420000076293945,21.350000381469727,20.260000228881836,21.309999465942383,20.190570831298828,1110600
2012-09-10,21.329999923706055,21.549999237060547,20.56999969482422,20.59000015258789,19.508394241333008,1212300
2012-09-11,20.639999389648438,21.790000915527344,20.5,21.649999618530273,20.512710571289062,1205900
2012-09-12,21.799999237060547,22.170000076293945,21.579999923706055,21.690000534057617,20.550613403320312,1247500
2012-09-13,21.739999771118164,22.489999771118164,21.329999923706055,22.09000015258789,20.92959976196289,1240800
2012-09-14,22.530000686645508,23.260000228881836,22.299999237060547,23.020000457763672,21.810745239257812,1283800
2012-09-17,22.940000534057617,23.010000228881836,22.540000915527344,22.889999389648438,21.687570571899414,1459600
2012-09-18,22.850000381469727,23.329999923706055,22.850000381469727,23.260000228881836,22.038137435913086,1169100
2012-09-19,23.149999618530273,23.540000915527344,23.059999465942383,23.31999969482422,22.094985961914062,1065700
2012-09-20,23.200000762939453,23.290000915527344,22.8700008392334,23.200000762939453,21.98128890991211,1259900
2012-09-21,23.229999542236328,23.360000610351562,22.690000534057617,23.049999237060547,21.839168548583984,2216700
2012-09-24,23.030000686645508,23.3700008392334,22.920000076293945,23.18000030517578,21.962339401245117,1580400
2012-09-25,22.489999771118164,23.270000457763672,22.190000534057617,22.34000015258789,21.16646385192871,2489300
2012-09-26,22.3799991607666,23.040000915527344,22.3799991607666,22.639999389648438,21.450702667236328,1379300
2012-09-27,22.780000686645508,23.100000381469727,22.56999969482422,22.8799991607666,21.6781005859375,1168200
2012-09-28,22.84000015258789,23.200000762939453,22.350000381469727,22.760000228881836,21.56440544128418,18701200
2012-10-01,22.899999618530273,25.020000457763672,22.809999465942383,24.049999237060547,22.786638259887695,4889200
2012-10-02,24.149999618530273,24.25,23.719999313354492,23.969999313354492,22.710838317871094,1716000
2012-10-03,24.059999465942383,24.309999465942383,23.270000457763672,23.459999084472656,22.227630615234375,1746600
2012-10-04,23.559999465942383,24.09000015258789,23.399999618530273,23.799999237060547,22.549768447875977,1249200
2012-10-05,23.8799991607666,24.100000381469727,23.739999771118164,23.8799991607666,22.625566482543945,931900
2012-10-08,23.75,24.56999969482422,23.719999313354492,23.950000762939453,22.691892623901367,1314600
2012-10-09,24.020000457763672,24.3799991607666,23.850000381469727,24.0,22.7392635345459,1515100
2012-10-10,23.959999084472656,24.309999465942383,23.459999084472656,23.559999465942383,22.322378158569336,1258700
2012-10-11,23.770000457763672,24.649999618530273,23.3799991607666,24.280000686645508,23.004558563232422,1080100
2012-10-12,24.350000381469727,24.399999618530273,23.299999237060547,23.719999313354492,22.473974227905273,1039300
2012-10-15,23.920000076293945,24.229999542236328,23.309999465942383,23.420000076293945,22.18973159790039,1253300
2012-10-16,23.540000915527344,23.68000030517578,22.850000381469727,23.209999084472656,21.990764617919922,1988400
2012-10-17,22.0,22.639999389648438,21.790000915527344,22.18000030517578,21.014869689941406,4559200
2012-10-18,22.1200008392334,22.540000915527344,21.450000762939453,21.860000610351562,20.711681365966797,3044500
2012-10-19,21.799999237060547,22.100000381469727,21.31999969482422,21.549999237060547,20.41796112060547,1512600
2012-10-22,21.3799991607666,22.40999984741211,21.3799991607666,21.760000228881836,20.616931915283203,1758500
2012-10-23,21.540000915527344,22.139999389648438,21.309999465942383,21.850000381469727,20.702205657958984,1147400
2012-10-24,21.850000381469727,21.90999984741211,21.110000610351562,21.18000030517578,20.067401885986328,1524800
2012-10-25,21.270000457763672,21.950000762939453,20.3700008392334,20.81999969482422,19.72631072998047,2620100
2012-10-26,23.690000534057617,26.68000030517578,23.530000686645508,26.010000228881836,24.643678665161133,8416400
2012-10-31,25.959999084472656,27.06999969482422,25.610000610351562,26.260000228881836,24.880544662475586,2670000
2012-11-01,26.270000457763672,26.989999771118164,26.149999618530273,26.729999542236328,25.32585334777832,1444300
2012-11-02,26.860000610351562,27.059999465942383,26.579999923706055,26.690000534057617,25.2879581451416,1174000
2012-11-05,26.90999984741211,26.90999984741211,26.190000534057617,26.299999237060547,24.91844367980957,1404600
2012-11-06,26.450000762939453,27.260000228881836,26.229999542236328,26.799999237060547,25.392179489135742,1277100
2012-11-07,26.469999313354492,26.469999313354492,24.950000762939453,25.540000915527344,24.1983699798584,1852100
2012-11-08,25.760000228881836,25.760000228881836,24.68000030517578,24.760000228881836,23.459341049194336,1016800
2012-11-09,24.6299991607666,25.200000762939453,24.3799991607666,24.90999984741211,23.60146141052246,1482900
2012-11-12,25.030000686645508,25.3799991607666,24.3700008392334,24.649999618530273,23.355119705200195,667800
2012-11-13,24.600000381469727,24.84000015258789,24.420000076293945,24.530000686645508,23.241424560546875,752100
2012-11-14,24.540000915527344,24.989999771118164,24.309999465942383,24.389999389648438,23.108776092529297,777000
2012-11-15,24.350000381469727,25.100000381469727,24.31999969482422,24.989999771118164,23.67725944519043,1138400
2012-11-16,24.90999984741211,25.59000015258789,24.760000228881836,25.389999389648438,24.056245803833008,1424800
2012-11-19,25.59000015258789,25.829999923706055,25.34000015258789,25.770000457763672,24.41628646850586,1040900
2012-11-20,25.65999984741211,25.709999084472656,25.0,25.34000015258789,24.00887107849121,1062300
2012-11-21,25.31999969482422,25.700000762939453,25.170000076293945,25.3799991607666,24.046770095825195,729400
2012-11-23,25.360000610351562,25.8700008392334,25.139999389648438,25.670000076293945,24.321542739868164,292200
2012-11-26,25.579999923706055,26.610000610351562,25.459999084472656,26.1200008392334,24.747901916503906,1061200
2012-11-27,25.959999084472656,26.540000915527344,25.8799991607666,26.260000228881836,24.880544662475586,621400
2012-11-28,25.889999389648438,26.110000610351562,25.700000762939453,26.09000015258789,24.88054656982422,598500
2012-11-29,26.170000076293945,26.739999771118164,25.959999084472656,26.510000228881836,25.281078338623047,496700
2012-11-30,26.530000686645508,26.799999237060547,25.979999542236328,26.06999969482422,24.861473083496094,655800
2012-12-03,26.149999618530273,26.149999618530273,24.8700008392334,25.34000015258789,24.165311813354492,1267100
2012-12-04,25.329999923706055,26.049999237060547,25.049999237060547,25.889999389648438,24.6898193359375,927400
2012-12-05,25.90999984741211,26.469999313354492,25.81999969482422,26.270000457763672,25.052202224731445,1108300
2012-12-06,26.260000228881836,26.639999389648438,26.06999969482422,26.280000686645508,25.061737060546875,744200
2012-12-07,26.3799991607666,26.65999984741211,26.219999313354492,26.6299991607666,25.3955135345459,575100
2012-12-10,26.530000686645508,26.920000076293945,26.450000762939453,26.6299991607666,25.3955135345459,1211000
2012-12-11,26.670000076293945,26.84000015258789,25.68000030517578,25.780000686645508,24.584915161132812,1493500
2012-12-12,25.829999923706055,26.40999984741211,25.75,25.8799991607666,24.680278778076172,905000
2012-12-13,25.920000076293945,26.149999618530273,25.639999389648438,25.799999237060547,24.603986740112305,585800
2012-12-14,26.219999313354492,26.219999313354492,24.780000686645508,25.059999465942383,23.898290634155273,1223400
2012-12-17,25.149999618530273,25.309999465942383,24.8700008392334,25.040000915527344,23.87921905517578,922600
2012-12-18,25.040000915527344,25.600000381469727,24.959999084472656,25.40999984741211,24.232067108154297,832700
2012-12-19,25.530000686645508,25.690000534057617,24.59000015258789,24.6200008392334,23.47869110107422,775300
2012-12-20,24.600000381469727,24.729999542236328,24.059999465942383,24.299999237060547,23.173524856567383,1134700
2012-12-21,24.010000228881836,24.139999389648438,23.440000534057617,23.729999542236328,22.629947662353516,2036500
2012-12-24,23.75,24.010000228881836,23.1299991607666,23.260000228881836,22.18173599243164,275700
2012-12-26,23.31999969482422,23.3700008392334,22.84000015258789,23.1200008392334,22.04822540283203,693600
2012-12-27,23.1200008392334,23.440000534057617,22.75,23.360000610351562,22.277101516723633,1003000
2012-12-28,23.299999237060547,23.600000381469727,22.979999542236328,23.420000076293945,22.334320068359375,661600
2012-12-31,23.350000381469727,23.75,22.959999084472656,23.729999542236328,22.629947662353516,695500
2013-01-02,24.170000076293945,24.40999984741211,23.5,23.81999969482422,22.715776443481445,992700
2013-01-03,23.780000686645508,24.770000457763672,23.75,24.59000015258789,23.45008087158203,704100
2013-01-04,24.719999313354492,25.299999237060547,24.670000076293945,25.25,24.079484939575195,762200
2013-01-07,25.190000534057617,25.190000534057617,24.31999969482422,24.81999969482422,23.66942024230957,920400
2013-01-08,24.899999618530273,25.3700008392334,24.799999237060547,25.239999771118164,24.069948196411133,1481500
2013-01-09,24.610000610351562,24.690000534057617,22.8700008392334,24.0,22.88743019104004,2660200
2013-01-10,24.059999465942383,24.139999389648438,23.780000686645508,23.899999618530273,22.79206657409668,974600
2013-01-11,23.920000076293945,24.18000030517578,23.68000030517578,24.049999237060547,22.93511390686035,641000
2013-01-14,24.049999237060547,24.239999771118164,23.700000762939453,23.829999923706055,22.725311279296875,502000
2013-01-15,23.65999984741211,24.540000915527344,23.6299991607666,24.389999389648438,23.25935173034668,593000
2013-01-16,24.3799991607666,24.43000030517578,23.93000030517578,24.0,22.88743019104004,367200
2013-01-17,24.110000610351562,24.399999618530273,23.899999618530273,24.149999618530273,23.030475616455078,524300
2013-01-18,24.149999618530273,24.329999923706055,23.84000015258789,24.06999969482422,22.954187393188477,407700
2013-01-22,24.079999923706055,24.170000076293945,23.850000381469727,24.0,22.88743019104004,769700
2013-01-23,23.950000762939453,24.190000534057617,23.889999389648438,24.0,22.88743019104004,752500
2013-01-24,23.670000076293945,24.65999984741211,23.6200008392334,24.43000030517578,23.297496795654297,1096100
2013-01-25,24.530000686645508,24.530000686645508,23.979999542236328,24.510000228881836,23.37379264831543,701000
2013-01-28,24.59000015258789,25.190000534057617,24.440000534057617,24.639999389648438,23.49776268005371,689400
2013-01-29,24.6299991607666,24.670000076293945,24.010000228881836,24.190000534057617,23.06862449645996,740400
2013-01-30,24.170000076293945,24.790000915527344,24.149999618530273,24.399999618530273,23.268890380859375,1031200
2013-01-31,24.420000076293945,25.260000228881836,24.329999923706055,25.170000076293945,24.00319480895996,1323700
2013-02-01,25.3799991607666,25.739999771118164,25.110000610351562,25.6200008392334,24.43233299255371,1175100
2013-02-04,25.450000762939453,26.100000381469727,25.34000015258789,25.56999969482422,24.3846492767334,1434100
2013-02-05,25.649999618530273,26.239999771118164,25.329999923706055,25.530000686645508,24.34650421142578,1135700
2013-02-06,25.43000030517578,26.170000076293945,25.43000030517578,26.1200008392334,24.909154891967773,1168600
2013-02-07,31.360000610351562,32.20000076293945,30.149999618530273,30.40999984741211,29.000282287597656,6382800
2013-02-08,30.479999542236328,30.5,29.8799991607666,29.93000030517578,28.54253578186035,1592300
2013-02-11,29.899999618530273,30.18000030517578,29.809999465942383,29.950000762939453,28.561609268188477,1155900
2013-02-12,29.989999771118164,30.200000762939453,29.799999237060547,30.0,28.609289169311523,1669000
2013-02-13,30.09000015258789,30.559999465942383,29.8799991607666,30.540000915527344,29.124256134033203,743800
2013-02-14,30.290000915527344,30.3700008392334,29.90999984741211,30.329999923706055,28.92399024963379,950000
2013-02-15,30.3799991607666,30.809999465942383,30.239999771118164,30.690000534057617,29.267303466796875,728200
2013-02-19,30.889999389648438,32.290000915527344,30.6299991607666,32.060001373291016,30.57379722595215,1848300
2013-02-20,32.150001525878906,32.150001525878906,31.68000030517578,31.739999771118164,30.26862907409668,648200
2013-02-21,31.700000762939453,31.780000686645508,30.950000762939453,31.1200008392334,29.677371978759766,945000
2013-02-22,31.229999542236328,31.559999465942383,31.0,31.31999969482422,29.868099212646484,523000
2013-02-25,31.5,31.510000228881836,30.610000610351562,30.610000610351562,29.19101333618164,485000
2013-02-26,30.610000610351562,30.8700008392334,29.510000228881836,29.959999084472656,28.571144104003906,1125900
2013-02-27,29.860000610351562,30.260000228881836,29.809999465942383,30.010000228881836,28.618824005126953,937800
2013-02-28,30.239999771118164,30.440000534057617,29.979999542236328,29.979999542236328,28.5902156829834,654200
2013-03-01,29.75,30.100000381469727,29.610000610351562,30.0,28.609289169311523,1168100
2013-03-04,29.81999969482422,30.100000381469727,29.360000610351562,29.709999084472656,28.332733154296875,719900
2013-03-05,29.90999984741211,30.110000610351562,29.469999313354492,29.639999389648438,28.265975952148438,1108800
2013-03-06,29.639999389648438,30.049999237060547,29.6299991607666,29.90999984741211,28.523462295532227,431500
2013-03-07,30.0,30.270000457763672,29.950000762939453,30.239999771118164,28.838163375854492,408200
2013-03-08,30.360000610351562,30.639999389648438,29.959999084472656,30.15999984741211,28.761873245239258,452600
2013-03-11,30.06999969482422,30.540000915527344,30.0,30.329999923706055,28.92399024963379,477200
2013-03-12,30.209999084472656,30.56999969482422,30.139999389648438,30.549999237060547,29.133790969848633,495200
2013-03-13,30.540000915527344,30.540000915527344,30.18000030517578,30.34000015258789,28.933528900146484,502900
2013-03-14,30.440000534057617,30.479999542236328,30.139999389648438,30.25,28.847702026367188,614100
2013-03-15,30.280000686645508,30.56999969482422,30.020000457763672,30.489999771118164,29.076574325561523,713200
2013-03-18,30.100000381469727,31.209999084472656,30.09000015258789,31.100000381469727,29.658296585083008,726100
2013-03-19,31.18000030517578,31.31999969482422,30.850000381469727,31.260000228881836,29.810880661010742,422200
2013-03-20,31.350000381469727,31.84000015258789,31.15999984741211,31.739999771118164,30.26862907409668,438200
2013-03-21,31.770000457763672,32.41999816894531,31.700000762939453,32.25,30.754987716674805,1057000
2013-03-22,32.369998931884766,32.63999938964844,32.040000915527344,32.54999923706055,31.041078567504883,1075600
2013-03-25,32.77000045776367,33.31999969482422,32.25,32.34000015258789,30.840816497802734,764400
2013-03-26,32.36000061035156,32.36000061035156,31.8799991607666,31.959999084472656,30.478429794311523,541700
2013-03-27,31.65999984741211,32.279998779296875,31.290000915527344,32.209999084472656,30.716838836669922,400600
2013-03-28,32.20000076293945,32.2400016784668,31.350000381469727,31.75,30.278165817260742,508900
2013-04-01,31.75,31.75,30.6200008392334,30.920000076293945,29.48664093017578,581200
2013-04-02,30.850000381469727,31.149999618530273,30.799999237060547,31.100000381469727,29.658296585083008,456000
2013-04-03,31.149999618530273,31.40999984741211,30.739999771118164,30.84000015258789,29.410348892211914,479200
2013-04-04,30.690000534057617,31.149999618530273,30.690000534057617,31.040000915527344,29.6010799407959,344100
2013-04-05,31.25,31.350000381469727,30.290000915527344,30.56999969482422,29.152870178222656,431400
2013-04-08,30.489999771118164,30.790000915527344,30.09000015258789,30.440000534057617,29.028894424438477,290900
2013-04-09,30.40999984741211,30.709999084472656,30.280000686645508,30.520000457763672,29.105182647705078,386700
2013-04-10,30.639999389648438,31.100000381469727,30.639999389648438,30.739999771118164,29.314987182617188,403000
2013-04-11,30.770000457763672,31.360000610351562,30.6299991607666,31.31999969482422,29.868099212646484,314200
2013-04-12,31.290000915527344,31.68000030517578,31.059999465942383,31.59000015258789,30.125581741333008,329800
2013-04-15,31.399999618530273,31.6299991607666,30.5,30.809999465942383,29.38174057006836,721300
2013-04-16,30.90999984741211,31.84000015258789,30.850000381469727,31.81999969482422,30.344921112060547,639400
2013-04-17,31.649999618530273,32.15999984741211,31.420000076293945,32.029998779296875,30.545185089111328,803600
2013-04-18,32.08000183105469,32.54999923706055,31.739999771118164,32.43000030517578,30.92664337158203,705000
2013-04-19,32.47999954223633,32.90999984741211,32.13999938964844,32.810001373291016,31.28902816772461,710200
2013-04-22,32.91999816894531,33.20000076293945,32.54999923706055,32.869998931884766,31.34624481201172,1121200
2013-04-23,33.060001373291016,34.5099983215332,33.040000915527344,34.029998779296875,32.45246887207031,1466500
2013-04-24,28.5,28.5,26.700000762939453,27.09000015258789,25.83418846130371,3952900
2013-04-25,27.040000915527344,29.290000915527344,26.979999542236328,28.670000076293945,27.340946197509766,2024500
2013-04-26,28.450000762939453,28.6299991607666,27.530000686645508,27.610000610351562,26.3300838470459,602300
2013-04-29,27.8799991607666,28.280000686645508,27.579999923706055,28.200000762939453,26.89273452758789,729200
2013-04-30,28.040000915527344,28.209999084472656,27.59000015258789,28.010000228881836,26.71154022216797,798000
2013-05-01,27.979999542236328,28.139999389648438,27.420000076293945,27.59000015258789,26.31101417541504,574100
2013-05-02,27.670000076293945,27.75,27.040000915527344,27.15999984741211,25.900943756103516,1132100
2013-05-03,27.34000015258789,28.079999923706055,27.34000015258789,27.799999237060547,26.511274337768555,727100
2013-05-06,27.809999465942383,28.049999237060547,27.600000381469727,27.809999465942383,26.52081298828125,586900
2013-05-07,27.8799991607666,27.979999542236328,27.530000686645508,27.729999542236328,26.444517135620117,459000
2013-05-08,27.899999618530273,28.639999389648438,27.739999771118164,28.209999084472656,26.90226936340332,840600
2013-05-09,28.260000228881836,28.31999969482422,28.110000610351562,28.190000534057617,26.883195877075195,427700
2013-05-10,28.219999313354492,28.81999969482422,28.139999389648438,28.700000762939453,27.369552612304688,367000
2013-05-13,28.690000534057617,28.729999542236328,28.200000762939453,28.389999389648438,27.073923110961914,382300
2013-05-14,28.34000015258789,30.260000228881836,28.34000015258789,29.950000762939453,28.561609268188477,730200
2013-05-15,30.049999237060547,30.459999084472656,29.770000457763672,30.40999984741211,29.000282287597656,590100
2013-05-16,30.309999465942383,30.979999542236328,30.200000762939453,30.530000686645508,29.114721298217773,559200
2013-05-17,30.559999465942383,32.09000015258789,30.540000915527344,31.110000610351562,29.667835235595703,485000
2013-05-20,31.139999389648438,31.479999542236328,30.760000228881836,31.079999923706055,29.63922119140625,481200
2013-05-21,31.079999923706055,31.809999465942383,31.079999923706055,31.200000762939453,29.753660202026367,362800
2013-05-22,31.260000228881836,31.709999084472656,30.6200008392334,30.829999923706055,29.40081214904785,599800
2013-05-23,30.719999313354492,31.020000457763672,30.18000030517578,30.860000610351562,29.429420471191406,459300
2013-05-24,30.739999771118164,31.399999618530273,30.459999084472656,31.270000457763672,29.820415496826172,304400
2013-05-28,31.59000015258789,31.850000381469727,30.84000015258789,31.18000030517578,29.734586715698242,276500
2013-05-29,31.020000457763672,31.43000030517578,30.770000457763672,31.030000686645508,29.591543197631836,303100
2013-05-30,31.110000610351562,31.610000610351562,31.079999923706055,31.600000381469727,30.13511848449707,217800
2013-05-31,31.56999969482422,32.22999954223633,31.209999084472656,31.229999542236328,29.782270431518555,428300
2013-06-03,31.360000610351562,31.3799991607666,30.18000030517578,30.600000381469727,29.18147850036621,362000
2013-06-04,30.5,30.770000457763672,29.959999084472656,30.200000762939453,28.800016403198242,397700
2013-06-05,30.0,30.549999237060547,29.510000228881836,29.600000381469727,28.387630462646484,613600
2013-06-06,29.649999618530273,29.8799991607666,29.280000686645508,29.559999465942383,28.349267959594727,400100
2013-06-07,29.65999984741211,30.149999618530273,29.65999984741211,30.110000610351562,28.876741409301758,331300
2013-06-10,30.229999542236328,31.479999542236328,30.229999542236328,31.0,29.730289459228516,388300
2013-06-11,30.520000457763672,30.950000762939453,29.989999771118164,30.229999542236328,28.991823196411133,323500
2013-06-12,30.43000030517578,30.739999771118164,29.670000076293945,29.68000030517578,28.464353561401367,290700
2013-06-13,29.639999389648438,29.639999389648438,29.170000076293945,29.40999984741211,28.205413818359375,381400
2013-06-14,29.440000534057617,29.989999771118164,28.989999771118164,29.200000762939453,28.00401496887207,264800
2013-06-17,29.3799991607666,29.59000015258789,28.860000610351562,29.010000228881836,27.821794509887695,435300
2013-06-18,29.079999923706055,29.770000457763672,29.079999923706055,29.299999237060547,28.09991455078125,468300
2013-06-19,29.360000610351562,29.59000015258789,29.270000457763672,29.350000381469727,28.14786720275879,371600
2013-06-20,29.1200008392334,29.329999923706055,28.920000076293945,29.06999969482422,27.879337310791016,347500
2013-06-21,29.229999542236328,29.309999465942383,28.93000030517578,29.25,28.05196762084961,613900
2013-06-24,28.940000534057617,29.1299991607666,28.670000076293945,28.799999237060547,27.62039566040039,448700
2013-06-25,29.049999237060547,30.719999313354492,28.989999771118164,29.90999984741211,28.684934616088867,481800
2013-06-26,29.90999984741211,30.219999313354492,29.450000762939453,29.93000030517578,28.704113006591797,585100
2013-06-27,30.010000228881836,31.34000015258789,30.010000228881836,31.020000457763672,29.749467849731445,708100
2013-06-28,30.8700008392334,31.290000915527344,30.860000610351562,31.020000457763672,29.749467849731445,918600
2013-07-01,31.09000015258789,32.029998779296875,30.979999542236328,31.6200008392334,30.324892044067383,522900
2013-07-02,31.579999923706055,32.04999923706055,31.520000457763672,31.770000457763672,30.468751907348633,470000
2013-07-03,31.559999465942383,31.760000228881836,31.100000381469727,31.43000030517578,30.142675399780273,253200
2013-07-05,31.6299991607666,31.950000762939453,31.399999618530273,31.8700008392334,30.564655303955078,255500
2013-07-08,32.029998779296875,32.58000183105469,31.950000762939453,32.439998626708984,31.111305236816406,247000
2013-07-09,32.63999938964844,32.65999984741211,31.850000381469727,32.540000915527344,31.20720863342285,587800
2013-07-10,32.52000045776367,33.560001373291016,32.36000061035156,33.25,31.888132095336914,418500
2013-07-11,33.25,33.56999969482422,32.41999816894531,33.119998931884766,31.76345443725586,948900
2013-07-12,33.18000030517578,33.349998474121094,32.560001373291016,33.09000015258789,31.73468017578125,255900
2013-07-15,33.08000183105469,33.59000015258789,32.72999954223633,33.31999969482422,31.955265045166016,226100
2013-07-16,33.470001220703125,33.470001220703125,32.470001220703125,32.66999816894531,31.33188247680664,527600
2013-07-17,32.65999984741211,32.689998626708984,31.56999969482422,31.770000457763672,30.468751907348633,564200
2013-07-18,31.790000915527344,32.34000015258789,31.639999389648438,31.90999984741211,30.60301399230957,515700
2013-07-19,31.8799991607666,32.29999923706055,30.979999542236328,31.1200008392334,29.845375061035156,759900
2013-07-22,31.229999542236328,31.43000030517578,30.989999771118164,31.0,29.730289459228516,478700
2013-07-23,30.729999542236328,31.280000686645508,30.170000076293945,30.780000686645508,29.51930046081543,755700
2013-07-24,30.799999237060547,30.950000762939453,29.920000076293945,30.040000915527344,28.809608459472656,608900
2013-07-25,30.0,30.40999984741211,29.850000381469727,30.149999618530273,28.915103912353516,779600
2013-07-26,30.15999984741211,30.329999923706055,29.799999237060547,30.190000534057617,28.953466415405273,354500
2013-07-29,30.190000534057617,30.700000762939453,30.06999969482422,30.229999542236328,28.991823196411133,311900
2013-07-30,30.25,30.389999389648438,29.84000015258789,29.950000762939453,28.72329330444336,558900
2013-07-31,29.93000030517578,30.299999237060547,29.920000076293945,30.079999923706055,28.84796905517578,557100
2013-08-01,30.270000457763672,31.719999313354492,30.219999313354492,30.6299991607666,29.375442504882812,1211800
2013-08-02,30.600000381469727,30.760000228881836,29.790000915527344,30.639999389648438,29.38503074645996,646100
2013-08-05,30.559999465942383,31.65999984741211,30.440000534057617,31.65999984741211,30.36325454711914,600500
2013-08-06,31.530000686645508,32.0,31.049999237060547,31.84000015258789,30.535884857177734,507400
2013-08-07,31.719999313354492,32.83000183105469,31.440000534057617,32.650001525878906,31.312705993652344,888300
2013-08-08,32.68000030517578,33.08000183105469,31.65999984741211,31.84000015258789,30.535884857177734,734500
2013-08-09,30.270000457763672,30.270000457763672,29.270000457763672,29.549999237060547,28.339675903320312,1966900
2013-08-12,29.270000457763672,29.360000610351562,28.790000915527344,29.100000381469727,27.908111572265625,1013800
2013-08-13,29.100000381469727,29.1200008392334,28.420000076293945,28.709999084472656,27.534080505371094,805100
2013-08-14,28.690000534057617,29.5,28.639999389648438,29.3700008392334,28.167051315307617,427600
2013-08-15,29.020000457763672,29.40999984741211,28.739999771118164,29.010000228881836,27.821794509887695,459200
2013-08-16,28.889999389648438,29.1200008392334,28.75,28.90999984741211,27.72589111328125,519600
2013-08-19,28.889999389648438,29.030000686645508,28.229999542236328,28.329999923706055,27.169645309448242,346700
2013-08-20,28.31999969482422,28.979999542236328,28.309999465942383,28.760000228881836,27.582035064697266,246600
2013-08-21,28.709999084472656,28.709999084472656,28.0,28.31999969482422,27.16005516052246,476500
2013-08-22,28.329999923706055,28.940000534057617,28.309999465942383,28.530000686645508,27.36145782470703,221400
2013-08-23,28.59000015258789,29.450000762939453,28.450000762939453,29.40999984741211,28.205413818359375,303200
2013-08-26,29.479999542236328,29.8799991607666,29.260000228881836,29.75,28.53148651123047,289600
2013-08-27,29.510000228881836,29.709999084472656,28.8700008392334,29.15999984741211,27.965652465820312,348100
2013-08-28,29.18000030517578,29.8799991607666,29.06999969482422,29.559999465942383,28.349267959594727,374300
2013-08-29,29.479999542236328,30.360000610351562,29.420000076293945,30.209999084472656,28.972646713256836,401800
2013-08-30,30.280000686645508,30.280000686645508,29.68000030517578,30.010000228881836,28.780838012695312,608500
2013-09-03,30.31999969482422,30.84000015258789,30.1299991607666,30.479999542236328,29.231584548950195,1200200
2013-09-04,30.450000762939453,31.780000686645508,30.31999969482422,31.260000228881836,29.979637145996094,1357600
2013-09-05,31.329999923706055,31.709999084472656,30.979999542236328,30.989999771118164,29.7206974029541,582500
2013-09-06,31.059999465942383,31.5,30.739999771118164,31.010000228881836,29.73988151550293,299000
2013-09-09,31.149999618530273,31.600000381469727,31.1200008392334,31.479999542236328,30.190628051757812,396400
2013-09-10,31.68000030517578,31.709999084472656,31.420000076293945,31.59000015258789,30.296123504638672,400400
2013-09-11,31.510000228881836,32.45000076293945,31.510000228881836,32.220001220703125,30.900318145751953,493600
2013-09-12,32.27000045776367,32.33000183105469,31.75,31.989999771118164,30.67974090576172,291300
2013-09-13,32.13999938964844,32.13999938964844,31.520000457763672,31.780000686645508,30.478342056274414,302200
2013-09-16,31.979999542236328,32.16999816894531,31.75,31.770000457763672,30.468751907348633,584600
2013-09-17,31.729999542236328,31.959999084472656,31.649999618530273,31.690000534057617,30.39202880859375,337500
2013-09-18,31.649999618530273,31.8799991607666,31.450000762939453,31.700000762939453,30.40161895751953,403500
2013-09-19,31.700000762939453,31.700000762939453,31.399999618530273,31.420000076293945,30.133085250854492,299200
2013-09-20,31.3700008392334,31.3799991607666,30.770000457763672,30.780000686645508,29.51930046081543,626600
2013-09-23,30.719999313354492,31.049999237060547,30.639999389648438,30.790000915527344,29.52889060974121,413700
2013-09-24,30.84000015258789,30.84000015258789,30.299999237060547,30.3700008392334,29.12609100341797,321700
2013-09-25,30.34000015258789,30.469999313354492,29.950000762939453,30.329999923706055,29.08772850036621,646700
2013-09-26,30.40999984741211,30.450000762939453,29.989999771118164,30.18000030517578,28.943876266479492,307200
2013-09-27,30.0,30.5,30.0,30.31999969482422,29.078140258789062,256000
2013-09-30,30.1299991607666,30.75,30.0,30.559999465942383,29.30830955505371,627300
2013-10-01,30.5,31.399999618530273,30.5,31.040000915527344,29.768653869628906,685100
2013-10-02,30.799999237060547,31.030000686645508,30.510000228881836,30.959999084472656,29.691926956176758,414400
2013-10-03,30.969999313354492,31.049999237060547,30.260000228881836,30.530000686645508,29.279537200927734,901200
2013-10-04,30.479999542236328,31.06999969482422,30.3799991607666,30.889999389648438,29.624792098999023,212400
2013-10-07,30.739999771118164,30.739999771118164,30.360000610351562,30.3799991607666,29.135683059692383,369900
2013-10-08,30.350000381469727,30.639999389648438,30.06999969482422,30.09000015258789,28.857561111450195,440100
2013-10-09,30.18000030517578,30.799999237060547,30.110000610351562,30.6299991607666,29.375442504882812,456900
2013-10-10,30.950000762939453,31.670000076293945,30.950000762939453,31.65999984741211,30.36325454711914,367900
2013-10-11,31.510000228881836,32.0099983215332,31.239999771118164,31.93000030517578,30.622196197509766,270300
2013-10-14,31.690000534057617,32.58000183105469,31.610000610351562,32.560001373291016,31.226394653320312,524700
2013-10-15,32.529998779296875,32.529998779296875,32.04999923706055,32.20000076293945,30.88113784790039,540800
2013-10-16,32.310001373291016,32.47999954223633,32.0099983215332,32.279998779296875,30.957860946655273,378100
2013-10-17,32.220001220703125,33.0,31.59000015258789,32.9900016784668,31.638782501220703,539700
2013-10-18,33.09000015258789,33.36000061035156,32.93000030517578,33.20000076293945,31.840177536010742,313900
2013-10-21,33.279998779296875,33.349998474121094,33.130001068115234,33.2400016784668,31.878541946411133,843300
2013-10-22,33.41999816894531,33.88999938964844,33.380001068115234,33.779998779296875,32.39642333984375,1144400
2013-10-23,34.220001220703125,35.06999969482422,34.099998474121094,35.02000045776367,33.585636138916016,2245800
2013-10-24,35.2400016784668,36.560001373291016,35.150001525878906,36.189998626708984,34.70771408081055,1368700
2013-10-25,36.13999938964844,37.310001373291016,35.75,37.18000030517578,35.65715789794922,1602200
2013-10-28,37.08000183105469,37.16999816894531,36.83000183105469,37.06999969482422,35.551673889160156,946100
2013-10-29,37.130001068115234,38.41999816894531,37.08000183105469,38.29999923706055,36.731292724609375,1295700
2013-10-30,38.310001373291016,38.84000015258789,37.529998779296875,37.56999969482422,36.03118896484375,776300
2013-10-31,37.400001525878906,37.5,35.880001068115234,35.900001525878906,34.429595947265625,1270500
2013-11-01,35.900001525878906,36.09000015258789,34.900001525878906,34.90999984741211,33.48013687133789,1408300
2013-11-04,34.939998626708984,35.4900016784668,34.66999816894531,35.36000061035156,33.911712646484375,807200
2013-11-05,35.22999954223633,35.68000030517578,34.65999984741211,35.209999084472656,33.767845153808594,492400
2013-11-06,35.34000015258789,35.7599983215332,34.97999954223633,35.65999984741211,34.19942092895508,476500
2013-11-07,35.54999923706055,35.779998779296875,34.81999969482422,35.0,33.56645584106445,635800
2013-11-08,34.95000076293945,35.91999816894531,34.95000076293945,35.810001373291016,34.34328079223633,437600
2013-11-11,35.65999984741211,35.97999954223633,35.38999938964844,35.7400016784668,34.27614974975586,232000
2013-11-12,35.689998626708984,36.029998779296875,35.689998626708984,35.84000015258789,34.372047424316406,171600
2013-11-13,35.75,36.68000030517578,35.75,36.5,35.0050163269043,724900
2013-11-14,36.4900016784668,36.790000915527344,35.849998474121094,35.88999938964844,34.42000198364258,240100
2013-11-15,35.880001068115234,36.08000183105469,35.68000030517578,35.81999969482422,34.352867126464844,288600
2013-11-18,35.84000015258789,36.04999923706055,35.290000915527344,35.41999816894531,33.96924591064453,329600
2013-11-19,35.5099983215332,35.630001068115234,35.040000915527344,35.38999938964844,33.94047927856445,336800
2013-11-20,35.47999954223633,35.529998779296875,35.099998474121094,35.189998626708984,33.74867630004883,302600
2013-11-21,35.369998931884766,35.83000183105469,35.189998626708984,35.540000915527344,34.0843391418457,347100
2013-11-22,35.540000915527344,35.709999084472656,35.029998779296875,35.56999969482422,34.11311340332031,293700
2013-11-25,35.66999816894531,36.11000061035156,35.56999969482422,35.63999938964844,34.18023681640625,206200
2013-11-26,35.61000061035156,35.779998779296875,35.310001373291016,35.33000183105469,33.882938385009766,189200
2013-11-27,35.31999969482422,35.31999969482422,34.93000030517578,35.13999938964844,33.700721740722656,353800
2013-11-29,35.15999984741211,35.7599983215332,34.97999954223633,35.540000915527344,34.0843391418457,209700
2013-12-02,35.58000183105469,36.02000045776367,35.369998931884766,35.56999969482422,34.11311340332031,426900
2013-12-03,35.22999954223633,35.79999923706055,35.119998931884766,35.290000915527344,33.844573974609375,612000
2013-12-04,34.93000030517578,35.52000045776367,34.75,35.27000045776367,33.98912811279297,396200
2013-12-05,35.16999816894531,35.61000061035156,35.08000183105469,35.25,33.9698600769043,344000
2013-12-06,35.59000015258789,35.779998779296875,35.29999923706055,35.459999084472656,34.1722297668457,307900
2013-12-09,35.5,35.68000030517578,35.29999923706055,35.33000183105469,34.04695129394531,436500
2013-12-10,35.20000076293945,36.060001373291016,35.20000076293945,35.72999954223633,34.43242263793945,307400
2013-12-11,35.790000915527344,36.099998474121094,34.63999938964844,35.189998626708984,33.91203308105469,719900
2013-12-12,34.849998474121094,34.849998474121094,34.06999969482422,34.11000061035156,32.871253967285156,355200
2013-12-13,34.209999084472656,34.29999923706055,33.7599983215332,34.02000045776367,32.78452682495117,323300
2013-12-16,34.060001373291016,34.61000061035156,33.75,34.31999969482422,33.073631286621094,397100
2013-12-17,34.279998779296875,34.279998779296875,33.59000015258789,34.04999923706055,32.81343460083008,623200
2013-12-18,34.25,34.88999938964844,34.099998474121094,34.79999923706055,33.536197662353516,683300
2013-12-19,34.79999923706055,34.93000030517578,34.529998779296875,34.779998779296875,33.51692581176758,731700
2013-12-20,34.79999923706055,34.97999954223633,34.68000030517578,34.849998474121094,33.58437728881836,678100
2013-12-23,35.0,35.0099983215332,34.220001220703125,34.630001068115234,33.372379302978516,482300
2013-12-24,34.689998626708984,35.279998779296875,34.689998626708984,35.029998779296875,33.75783920288086,124700
2013-12-26,35.0,35.369998931884766,35.0,35.15999984741211,33.88312530517578,135100
2013-12-27,35.25,35.66999816894531,35.119998931884766,35.36000061035156,34.07585525512695,140900
2013-12-30,35.279998779296875,35.529998779296875,35.06999969482422,35.2599983215332,33.9794921875,324900
2013-12-31,35.25,35.689998626708984,35.18000030517578,35.5,34.210777282714844,239600
2014-01-02,35.4900016784668,35.5099983215332,34.41999816894531,34.97999954223633,33.70966339111328,472900
2014-01-03,34.91999816894531,34.91999816894531,34.029998779296875,34.439998626708984,33.18927001953125,566300
2014-01-06,34.59000015258789,34.810001373291016,34.22999954223633,34.27000045776367,33.02544403076172,797500
2014-01-07,34.349998474121094,36.029998779296875,34.16999816894531,35.93000030517578,34.62515640258789,821600
2014-01-08,36.34000015258789,38.290000915527344,36.220001220703125,38.189998626708984,36.80308532714844,1737400
2014-01-09,38.06999969482422,38.560001373291016,37.630001068115234,37.7599983215332,36.38870620727539,563400
2014-01-10,37.7599983215332,37.97999954223633,37.380001068115234,37.970001220703125,36.5910758972168,562000
2014-01-13,37.880001068115234,38.029998779296875,37.31999969482422,37.58000183105469,36.215240478515625,606200
2014-01-14,37.540000915527344,38.36000061035156,37.459999084472656,38.0,36.61998748779297,681000
2014-01-15,38.04999923706055,38.68000030517578,37.959999084472656,38.52000045776367,37.1211051940918,519200
2014-01-16,38.439998626708984,39.470001220703125,38.27000045776367,39.400001525878906,37.96914291381836,627800
2014-01-17,39.45000076293945,39.939998626708984,39.150001525878906,39.5099983215332,38.07514953613281,814400
2014-01-21,39.810001373291016,39.9900016784668,39.4900016784668,39.7599983215332,38.31606674194336,550800
2014-01-22,39.88999938964844,40.220001220703125,39.56999969482422,39.90999984741211,38.46062088012695,735800
2014-01-23,39.619998931884766,39.66999816894531,39.150001525878906,39.43000030517578,37.99805450439453,458100
2014-01-24,39.150001525878906,39.150001525878906,37.79999923706055,37.849998474121094,36.475433349609375,464800
2014-01-27,37.650001525878906,37.97999954223633,37.02000045776367,37.599998474121094,36.23451232910156,739200
2014-01-28,37.40999984741211,37.939998626708984,37.08000183105469,37.720001220703125,36.350154876708984,475300
2014-01-29,37.290000915527344,37.290000915527344,36.5099983215332,36.849998474121094,35.51175308227539,664800
2014-01-30,37.150001525878906,37.66999816894531,36.650001525878906,36.93000030517578,35.588844299316406,724600
2014-01-31,36.439998626708984,36.689998626708984,36.099998474121094,36.13999938964844,34.82753372192383,610700
2014-02-03,36.16999816894531,36.33000183105469,35.06999969482422,35.33000183105469,34.04695129394531,897000
2014-02-04,35.470001220703125,36.619998931884766,35.22999954223633,36.119998931884766,34.80825424194336,1033900
2014-02-05,36.34000015258789,37.16999816894531,34.060001373291016,34.40999984741211,33.16035842895508,1560400
2014-02-06,34.29999923706055,35.33000183105469,34.130001068115234,35.29999923706055,34.018035888671875,581100
2014-02-07,35.52000045776367,35.630001068115234,34.88999938964844,35.04999923706055,33.777122497558594,488500
2014-02-10,35.0099983215332,35.15999984741211,34.040000915527344,34.619998931884766,33.36273193359375,559300
2014-02-11,34.619998931884766,35.16999816894531,34.400001525878906,35.04999923706055,33.777122497558594,579800
2014-02-12,34.97999954223633,35.63999938964844,34.939998626708984,35.560001373291016,34.26860046386719,909300
2014-02-13,35.209999084472656,36.369998931884766,35.209999084472656,36.15999984741211,34.8468132019043,561100
2014-02-14,36.13999938964844,36.77000045776367,35.59000015258789,36.65999984741211,35.328651428222656,511200
2014-02-18,36.689998626708984,37.439998626708984,36.529998779296875,37.279998779296875,35.9261360168457,536000
2014-02-19,37.130001068115234,37.5,36.810001373291016,37.38999938964844,36.03213882446289,650900
2014-02-20,37.38999938964844,37.810001373291016,37.09000015258789,37.75,36.379066467285156,634500
2014-02-21,37.880001068115234,40.900001525878906,37.849998474121094,40.2599983215332,38.79791259765625,1726800
2014-02-24,40.33000183105469,41.900001525878906,40.33000183105469,41.5099983215332,40.00251770019531,1035200
2014-02-25,41.540000915527344,42.0099983215332,41.13999938964844,41.970001220703125,40.4458122253418,850800
2014-02-26,42.08000183105469,42.34000015258789,41.7599983215332,42.029998779296875,40.503631591796875,751600
2014-02-27,41.849998474121094,42.599998474121094,41.5099983215332,42.41999816894531,40.87946319580078,589200
2014-02-28,42.40999984741211,42.720001220703125,41.75,42.0099983215332,40.48435974121094,475100
2014-03-03,41.41999816894531,42.29999923706055,40.939998626708984,41.06999969482422,39.578495025634766,873000
2014-03-04,41.459999084472656,42.20000076293945,41.13999938964844,41.25,39.751956939697266,510100
2014-03-05,41.279998779296875,41.380001068115234,40.810001373291016,41.09000015258789,39.59777069091797,350300
2014-03-06,41.220001220703125,41.38999938964844,40.849998474121094,41.029998779296875,39.53995132446289,344400
2014-03-07,41.27000045776367,41.59000015258789,40.880001068115234,40.97999954223633,39.491764068603516,227300
2014-03-10,40.58000183105469,41.0099983215332,40.279998779296875,40.79999923706055,39.31830596923828,245600
2014-03-11,40.900001525878906,40.900001525878906,39.849998474121094,40.02000045776367,38.566627502441406,261500
2014-03-12,39.7599983215332,40.5,39.5099983215332,39.869998931884766,38.42207336425781,512800
2014-03-13,39.91999816894531,40.040000915527344,39.619998931884766,40.02000045776367,38.566627502441406,313200
2014-03-14,39.88999938964844,40.0,39.13999938964844,39.79999923706055,38.3546142578125,762300
2014-03-17,39.9900016784668,40.540000915527344,39.5099983215332,40.0,38.5473518371582,428400
2014-03-18,40.099998474121094,41.0099983215332,39.91999816894531,40.790000915527344,39.30866241455078,375600
2014-03-19,40.790000915527344,40.869998931884766,40.20000076293945,40.400001525878906,38.93282699584961,236100
2014-03-20,40.29999923706055,41.459999084472656,39.90999984741211,41.439998626708984,39.935054779052734,333800
2014-03-21,41.68000030517578,42.0,41.04999923706055,41.15999984741211,39.665225982666016,523600
2014-03-24,41.290000915527344,41.560001373291016,40.34000015258789,40.540000915527344,39.067745208740234,274500
2014-03-25,40.72999954223633,41.20000076293945,40.09000015258789,40.68000030517578,39.202659606933594,181200
2014-03-26,40.939998626708984,40.939998626708984,40.099998474121094,40.31999969482422,38.85573196411133,183100
2014-03-27,40.43000030517578,40.86000061035156,39.970001220703125,40.09000015258789,38.63408279418945,276800
2014-03-28,40.20000076293945,41.09000015258789,40.02000045776367,40.27000045776367,38.80754852294922,266300
2014-03-31,40.5099983215332,42.869998931884766,40.41999816894531,42.38999938964844,40.850563049316406,740600
2014-04-01,42.5,43.15999984741211,42.470001220703125,43.0099983215332,41.448036193847656,676500
2014-04-02,42.75,43.220001220703125,41.9900016784668,42.09000015258789,40.56145095825195,548700
2014-04-03,42.060001373291016,42.349998474121094,41.779998779296875,42.279998779296875,40.74455261230469,860300
2014-04-04,42.66999816894531,42.66999816894531,41.33000183105469,41.63999938964844,40.1277961730957,529600
2014-04-07,41.5,41.81999969482422,39.5,39.75,38.30643081665039,718600
2014-04-08,39.880001068115234,40.41999816894531,39.59000015258789,40.20000076293945,38.74009323120117,340300
2014-04-09,40.29999923706055,40.40999984741211,39.31999969482422,40.209999084472656,38.74972915649414,274700
2014-04-10,40.130001068115234,40.47999954223633,39.060001373291016,39.209999084472656,37.78604507446289,215200
2014-04-11,38.900001525878906,39.279998779296875,38.349998474121094,38.4900016784668,37.09218978881836,305300
2014-04-14,38.709999084472656,38.88999938964844,37.90999984741211,38.400001525878906,37.00545883178711,549500
2014-04-15,38.439998626708984,38.880001068115234,38.150001525878906,38.369998931884766,36.97654724121094,649600
2014-04-16,38.75,39.209999084472656,38.52000045776367,39.0099983215332,37.59330749511719,652900
2014-04-17,39.02000045776367,40.20000076293945,39.02000045776367,39.900001525878906,38.45098876953125,517200
2014-04-21,40.0,40.68000030517578,39.849998474121094,40.619998931884766,39.144840240478516,534200
2014-04-22,40.650001525878906,41.310001373291016,40.349998474121094,40.93000030517578,39.44357681274414,491600
2014-04-23,41.029998779296875,41.279998779296875,40.61000061035156,40.689998626708984,39.21229553222656,522600
2014-04-24,40.959999084472656,40.959999084472656,40.11000061035156,40.36000061035156,38.89427947998047,801600
2014-04-25,44.4900016784668,47.72999954223633,44.400001525878906,45.9900016784668,44.319820404052734,3232900
2014-04-28,45.97999954223633,46.970001220703125,44.0,44.029998779296875,42.43099594116211,1969200
2014-04-29,44.13999938964844,45.04999923706055,43.84000015258789,44.9900016784668,43.35614013671875,740500
2014-04-30,44.959999084472656,45.18000030517578,44.58000183105469,45.029998779296875,43.39468002319336,906000
2014-05-01,45.09000015258789,45.31999969482422,44.189998626708984,44.65999984741211,43.038124084472656,780700
2014-05-02,44.77000045776367,45.20000076293945,44.27000045776367,44.810001373291016,43.18267059326172,720800
2014-05-05,44.5,44.66999816894531,43.79999923706055,44.27000045776367,42.66228103637695,686400
2014-05-06,44.15999984741211,44.61000061035156,43.849998474121094,44.36000061035156,42.7490119934082,447300
2014-05-07,44.54999923706055,45.20000076293945,44.09000015258789,45.0,43.36577224731445,801100
2014-05-08,44.95000076293945,45.150001525878906,43.709999084472656,43.869998931884766,42.27680969238281,367700
2014-05-09,43.849998474121094,44.290000915527344,43.400001525878906,44.04999923706055,42.45026779174805,347700
2014-05-12,44.040000915527344,45.0,43.900001525878906,44.45000076293945,42.83574295043945,569300
2014-05-13,44.4900016784668,44.779998779296875,43.939998626708984,44.0099983215332,42.41172790527344,456800
2014-05-14,43.91999816894531,44.0099983215332,43.27000045776367,43.5,41.920249938964844,336600
2014-05-15,43.349998474121094,43.84000015258789,42.869998931884766,43.599998474121094,42.0166130065918,713900
2014-05-16,43.70000076293945,43.81999969482422,43.34000015258789,43.63999938964844,42.05516052246094,530200
2014-05-19,43.5099983215332,44.380001068115234,43.2400016784668,44.290000915527344,42.68156051635742,720700
2014-05-20,44.290000915527344,44.290000915527344,43.369998931884766,43.97999954223633,42.3828125,530000
2014-05-21,44.209999084472656,44.68000030517578,43.54999923706055,44.619998931884766,42.99957275390625,505100
2014-05-22,44.5099983215332,44.93000030517578,41.84000015258789,42.0,40.47472381591797,1366400
2014-05-23,42.220001220703125,42.540000915527344,41.4900016784668,42.060001373291016,40.53254699707031,1048800
2014-05-27,42.529998779296875,42.529998779296875,41.959999084472656,42.16999816894531,40.63854217529297,357100
2014-05-28,42.20000076293945,42.2599983215332,41.689998626708984,41.849998474121094,40.330169677734375,537000
2014-05-29,41.90999984741211,42.20000076293945,41.650001525878906,41.959999084472656,40.43617248535156,451500
2014-05-30,41.91999816894531,42.27000045776367,41.529998779296875,42.22999954223633,40.69636535644531,663200
2014-06-02,42.40999984741211,42.63999938964844,41.75,42.029998779296875,40.503631591796875,688900
2014-06-03,41.939998626708984,42.02000045776367,40.97999954223633,41.38999938964844,39.88687515258789,776600
2014-06-04,40.90999984741211,42.18000030517578,40.689998626708984,41.88999938964844,40.53520965576172,746300
2014-06-05,41.95000076293945,42.70000076293945,41.70000076293945,42.650001525878906,41.2706298828125,416800
2014-06-06,42.650001525878906,42.9900016784668,42.209999084472656,42.47999954223633,41.10612869262695,591600
2014-06-09,42.5,43.349998474121094,42.380001068115234,43.279998779296875,41.880245208740234,607700
2014-06-10,43.2400016784668,43.70000076293945,42.939998626708984,43.41999816894531,42.015724182128906,464500
2014-06-11,43.20000076293945,43.52000045776367,43.20000076293945,43.47999954223633,42.07378387451172,464500
2014-06-12,43.47999954223633,43.61000061035156,42.9900016784668,43.11000061035156,41.71574783325195,400700
2014-06-13,43.060001373291016,43.529998779296875,42.9900016784668,43.18000030517578,41.783485412597656,279800
2014-06-16,43.15999984741211,43.380001068115234,42.790000915527344,43.310001373291016,41.90928268432617,242300
2014-06-17,43.31999969482422,44.15999984741211,43.04999923706055,44.130001068115234,42.702762603759766,424000
2014-06-18,44.20000076293945,44.36000061035156,43.810001373291016,43.86000061035156,42.44149398803711,341400
2014-06-19,43.84000015258789,43.93000030517578,42.79999923706055,43.15999984741211,41.76413345336914,521700
2014-06-20,43.099998474121094,43.31999969482422,42.36000061035156,43.2599983215332,41.860897064208984,653500
2014-06-23,43.29999923706055,43.29999923706055,42.22999954223633,42.36000061035156,40.99000549316406,407200
2014-06-24,42.29999923706055,43.0,41.939998626708984,42.27000045776367,40.90291976928711,315100
2014-06-25,42.02000045776367,43.369998931884766,41.79999923706055,43.290000915527344,41.889930725097656,444800
2014-06-26,43.36000061035156,43.36000061035156,41.97999954223633,42.630001068115234,41.25127410888672,413100
2014-06-27,42.560001373291016,42.900001525878906,41.90999984741211,42.4900016784668,41.115806579589844,668800
2014-06-30,42.29999923706055,42.63999938964844,41.880001068115234,42.34000015258789,40.97065353393555,619500
2014-07-01,42.43000030517578,43.91999816894531,42.43000030517578,43.56999969482422,42.1608772277832,533600
2014-07-02,43.56999969482422,43.90999984741211,42.880001068115234,43.0099983215332,41.61897659301758,205600
2014-07-03,43.15999984741211,43.97999954223633,43.0,43.91999816894531,42.49955368041992,267700
2014-07-07,43.720001220703125,43.959999084472656,43.099998474121094,43.189998626708984,41.79315948486328,332600
2014-07-08,43.04999923706055,43.2599983215332,42.36000061035156,42.4900016784668,41.115806579589844,691400
2014-07-09,42.5,43.209999084472656,42.06999969482422,43.15999984741211,41.76413345336914,370700
2014-07-10,42.61000061035156,44.88999938964844,42.38999938964844,44.209999084472656,42.78017044067383,1039300
2014-07-11,44.060001373291016,44.27000045776367,43.060001373291016,43.79999923706055,42.3834342956543,286600
2014-07-14,43.959999084472656,44.130001068115234,43.560001373291016,43.59000015258789,42.18022918701172,281800
2014-07-15,43.4900016784668,43.7599983215332,43.08000183105469,43.29999923706055,41.89960861206055,403700
2014-07-16,43.380001068115234,43.529998779296875,42.47999954223633,42.650001525878906,41.2706298828125,344300
2014-07-17,42.400001525878906,42.880001068115234,42.029998779296875,42.16999816894531,40.80614471435547,199200
2014-07-18,42.13999938964844,42.529998779296875,41.7599983215332,42.47999954223633,41.10612869262695,234500
2014-07-21,42.27000045776367,42.310001373291016,41.400001525878906,41.47999954223633,40.138465881347656,295300
2014-07-22,41.41999816894531,41.880001068115234,40.34000015258789,41.5,40.15781784057617,645700
2014-07-23,41.56999969482422,41.619998931884766,41.040000915527344,41.2400016784668,39.90623092651367,298700
2014-07-24,41.29999923706055,41.33000183105469,40.869998931884766,41.04999923706055,39.72237014770508,468500
2014-07-25,40.95000076293945,41.040000915527344,40.209999084472656,40.310001373291016,39.006309509277344,787600
2014-07-28,40.31999969482422,40.4900016784668,40.150001525878906,40.25,38.948246002197266,330700
2014-07-29,40.31999969482422,40.59000015258789,40.029998779296875,40.029998779296875,38.73535919189453,305000
2014-07-30,40.290000915527344,40.93000030517578,40.08000183105469,40.5,39.190162658691406,334300
2014-07-31,40.2400016784668,40.65999984741211,39.970001220703125,39.970001220703125,38.67729949951172,350800
2014-08-01,40.5,41.060001373291016,40.18000030517578,40.90999984741211,39.58689880371094,771600
2014-08-04,41.15999984741211,42.06999969482422,40.790000915527344,41.7400016784668,40.39006042480469,696800
2014-08-05,41.84000015258789,42.369998931884766,41.369998931884766,41.779998779296875,40.42876434326172,607900
2014-08-06,41.5099983215332,41.7599983215332,40.810001373291016,40.91999816894531,39.59657669067383,382700
2014-08-07,41.15999984741211,41.349998474121094,40.34000015258789,40.59000015258789,39.27725601196289,655100
2014-08-08,40.36000061035156,40.36000061035156,38.36000061035156,39.599998474121094,38.31926727294922,1259600
2014-08-11,39.880001068115234,39.880001068115234,39.18000030517578,39.41999816894531,38.14509201049805,1555100
2014-08-12,39.470001220703125,40.34000015258789,39.06999969482422,40.290000915527344,38.98695373535156,536500
2014-08-13,40.45000076293945,41.209999084472656,40.290000915527344,41.209999084472656,39.877201080322266,370500
2014-08-14,41.290000915527344,41.86000061035156,41.16999816894531,41.83000183105469,40.477149963378906,527000
2014-08-15,42.0,42.540000915527344,41.90999984741211,42.2400016784668,40.8738899230957,499300
2014-08-18,42.529998779296875,43.04999923706055,42.529998779296875,42.849998474121094,41.46415710449219,436500
2014-08-19,42.86000061035156,43.5,42.849998474121094,43.459999084472656,42.05442810058594,329100
2014-08-20,43.459999084472656,43.54999923706055,43.04999923706055,43.470001220703125,42.064109802246094,296300
2014-08-21,43.47999954223633,43.5099983215332,43.189998626708984,43.2400016784668,41.841552734375,370600
2014-08-22,43.130001068115234,43.7599983215332,43.0099983215332,43.38999938964844,41.9866943359375,268400
2014-08-25,43.529998779296875,43.560001373291016,42.939998626708984,43.0,41.609310150146484,213300
2014-08-26,42.939998626708984,43.25,42.790000915527344,42.970001220703125,41.580284118652344,249600
2014-08-27,43.130001068115234,43.13999938964844,42.459999084472656,42.75,41.36738967895508,219800
2014-08-28,42.709999084472656,42.7599983215332,42.150001525878906,42.27000045776367,40.90291976928711,313900
2014-08-29,42.290000915527344,42.9900016784668,42.20000076293945,42.93000030517578,41.541568756103516,235600
2014-09-02,42.79999923706055,43.22999954223633,42.529998779296875,42.75,41.36738967895508,411700
2014-09-03,42.849998474121094,43.709999084472656,42.619998931884766,43.029998779296875,41.63833999633789,456700
2014-09-04,42.97999954223633,43.54999923706055,42.810001373291016,43.20000076293945,41.80283737182617,367300
2014-09-05,43.09000015258789,43.27000045776367,42.630001068115234,43.20000076293945,41.80283737182617,385700
2014-09-08,43.02000045776367,43.959999084472656,42.369998931884766,43.86000061035156,42.44149398803711,462900
2014-09-09,43.65999984741211,43.849998474121094,42.9900016784668,43.38999938964844,41.9866943359375,591900
2014-09-10,43.5,43.75,43.04999923706055,43.68000030517578,42.26731491088867,524100
2014-09-11,43.36000061035156,44.119998931884766,42.970001220703125,44.08000183105469,42.654380798339844,464600
2014-09-12,44.209999084472656,44.5099983215332,43.66999816894531,44.369998931884766,42.934993743896484,332800
2014-09-15,44.459999084472656,44.459999084472656,43.93000030517578,43.9900016784668,42.567291259765625,325200
2014-09-16,43.880001068115234,44.61000061035156,43.5099983215332,44.45000076293945,43.01240921020508,495900
2014-09-17,44.45000076293945,44.72999954223633,44.2400016784668,44.52000045776367,43.080142974853516,207200
2014-09-18,44.79999923706055,44.810001373291016,44.279998779296875,44.369998931884766,42.934993743896484,269400
2014-09-19,44.4900016784668,44.63999938964844,43.75,44.459999084472656,43.0220832824707,634100
2014-09-22,44.34000015258789,44.34000015258789,43.59000015258789,43.65999984741211,42.247962951660156,313000
2014-09-23,43.41999816894531,43.72999954223633,42.400001525878906,42.439998626708984,41.06741714477539,424400
2014-09-24,42.56999969482422,42.56999969482422,41.59000015258789,42.400001525878906,41.028717041015625,474900
2014-09-25,42.209999084472656,42.43000030517578,41.61000061035156,42.18000030517578,40.81583023071289,490400
2014-09-26,42.220001220703125,42.849998474121094,42.20000076293945,42.779998779296875,41.396419525146484,388600
2014-09-29,42.439998626708984,43.41999816894531,42.27000045776367,43.0,41.609310150146484,478200
2014-09-30,42.9900016784668,43.33000183105469,42.54999923706055,42.810001373291016,41.42545700073242,432400
2014-10-01,43.939998626708984,43.939998626708984,43.189998626708984,43.540000915527344,42.13184356689453,864400
2014-10-02,43.59000015258789,44.13999938964844,43.11000061035156,43.86000061035156,42.44149398803711,362200
2014-10-03,44.2400016784668,44.650001525878906,44.08000183105469,44.130001068115234,42.702762603759766,582100
2014-10-06,44.310001373291016,44.91999816894531,44.25,44.27000045776367,42.83823013305664,737700
2014-10-07,44.06999969482422,44.20000076293945,43.25,43.310001373291016,41.90928268432617,348100
2014-10-08,43.22999954223633,44.2400016784668,42.83000183105469,44.13999938964844,42.712440490722656,316200
2014-10-09,44.13999938964844,44.43000030517578,43.41999816894531,43.619998931884766,42.20925521850586,403400
2014-10-10,43.720001220703125,44.029998779296875,42.470001220703125,42.54999923706055,41.17386245727539,389900
2014-10-13,42.369998931884766,42.380001068115234,41.29999923706055,41.33000183105469,39.993316650390625,433600
2014-10-14,41.540000915527344,42.029998779296875,41.220001220703125,41.790000915527344,40.43844223022461,335400
2014-10-15,41.84000015258789,43.279998779296875,40.77000045776367,43.0099983215332,41.61897659301758,563900
2014-10-16,42.54999923706055,43.970001220703125,42.209999084472656,43.77000045776367,42.354400634765625,814900
2014-10-17,44.119998931884766,44.9900016784668,43.779998779296875,44.86000061035156,43.409149169921875,458100
2014-10-20,44.869998931884766,45.380001068115234,44.779998779296875,45.20000076293945,43.7381591796875,529500
2014-10-21,45.38999938964844,46.33000183105469,45.2400016784668,45.939998626708984,44.4542236328125,401400
2014-10-22,46.400001525878906,46.630001068115234,45.380001068115234,45.45000076293945,43.98006820678711,329800
2014-10-23,45.880001068115234,46.45000076293945,45.650001525878906,45.91999816894531,44.43486785888672,527500
2014-10-24,44.209999084472656,45.93000030517578,44.0,45.810001373291016,44.328426361083984,481500
2014-10-27,45.56999969482422,46.5,45.369998931884766,46.18000030517578,44.68646240234375,489000
2014-10-28,46.349998474121094,48.34000015258789,46.310001373291016,48.119998931884766,46.563716888427734,514200
2014-10-29,48.20000076293945,48.779998779296875,47.04999923706055,47.52000045776367,45.98312759399414,634200
2014-10-30,47.5099983215332,49.18000030517578,47.5099983215332,47.95000076293945,46.39921569824219,761300
2014-10-31,48.470001220703125,48.599998474121094,47.86000061035156,48.40999984741211,46.844337463378906,304600
2014-11-03,48.439998626708984,48.439998626708984,47.68000030517578,47.7599983215332,46.215362548828125,343800
2014-11-04,47.869998931884766,48.63999938964844,47.720001220703125,48.33000183105469,46.76692581176758,472600
2014-11-05,48.45000076293945,49.18000030517578,47.630001068115234,49.08000183105469,47.492671966552734,623200
2014-11-06,49.36000061035156,49.5099983215332,48.72999954223633,49.18000030517578,47.58943176269531,365800
2014-11-07,49.18000030517578,49.29999923706055,48.709999084472656,48.95000076293945,47.36687469482422,682900
2014-11-10,48.97999954223633,49.29999923706055,48.81999969482422,49.099998474121094,47.51201629638672,223100
2014-11-11,49.08000183105469,49.52000045776367,48.689998626708984,49.060001373291016,47.47332000732422,238400
2014-11-12,49.220001220703125,49.279998779296875,48.65999984741211,49.16999816894531,47.57975769042969,431100
2014-11-13,49.18000030517578,49.279998779296875,48.06999969482422,48.470001220703125,46.902400970458984,388600
2014-11-14,48.5099983215332,49.310001373291016,48.5,48.720001220703125,47.144317626953125,297200
2014-11-17,48.54999923706055,48.61000061035156,47.619998931884766,47.869998931884766,46.321807861328125,314900
2014-11-18,47.91999816894531,48.689998626708984,47.790000915527344,48.470001220703125,46.902400970458984,481700
2014-11-19,48.459999084472656,48.630001068115234,48.09000015258789,48.27000045776367,46.708866119384766,193100
2014-11-20,47.86000061035156,48.619998931884766,47.83000183105469,48.599998474121094,47.02819061279297,366700
2014-11-21,48.84000015258789,49.0,48.439998626708984,48.4900016784668,46.9217529296875,253600
2014-11-24,48.9900016784668,49.0,48.540000915527344,48.90999984741211,47.32816696166992,173500
2014-11-25,48.810001373291016,49.06999969482422,48.52000045776367,49.04999923706055,47.463645935058594,681600
2014-11-26,48.95000076293945,49.310001373291016,48.70000076293945,49.04999923706055,47.463645935058594,214800
2014-11-28,49.029998779296875,49.33000183105469,48.790000915527344,48.86000061035156,47.27978515625,96200
2014-12-01,48.75,48.90999984741211,48.189998626708984,48.63999938964844,47.06690216064453,189200
2014-12-02,48.79999923706055,49.189998626708984,48.20000076293945,48.849998474121094,47.27010726928711,215500
2014-12-03,48.439998626708984,48.970001220703125,48.2599983215332,48.709999084472656,47.308956146240234,348400
2014-12-04,48.61000061035156,48.75,47.439998626708984,47.47999954223633,46.11433410644531,587300
2014-12-05,47.709999084472656,48.84000015258789,47.709999084472656,48.540000915527344,47.14385223388672,379700
2014-12-08,48.47999954223633,48.9900016784668,47.56999969482422,47.689998626708984,46.318294525146484,239300
2014-12-09,47.0,47.97999954223633,46.880001068115234,47.970001220703125,46.590248107910156,362000
2014-12-10,47.97999954223633,48.290000915527344,47.279998779296875,47.400001525878906,46.036643981933594,245700
2014-12-11,47.63999938964844,47.88999938964844,47.0099983215332,47.209999084472656,45.85210037231445,164800
2014-12-12,46.90999984741211,47.060001373291016,46.09000015258789,46.130001068115234,44.803165435791016,167900
2014-12-15,46.529998779296875,46.869998931884766,45.689998626708984,45.81999969482422,44.50208282470703,206200
2014-12-16,45.72999954223633,46.04999923706055,45.310001373291016,45.56999969482422,44.25926971435547,494500
2014-12-17,45.790000915527344,46.220001220703125,45.15999984741211,45.9900016784668,44.667198181152344,365700
2014-12-18,46.5099983215332,47.369998931884766,46.5099983215332,47.130001068115234,45.7744026184082,312800
2014-12-19,47.040000915527344,48.290000915527344,46.95000076293945,48.119998931884766,46.73592758178711,742100
2014-12-22,48.27000045776367,49.15999984741211,47.68000030517578,49.119998931884766,47.7071647644043,309600
2014-12-23,49.16999816894531,49.29999923706055,48.709999084472656,48.93000030517578,47.52263259887695,264300
2014-12-24,48.9900016784668,49.290000915527344,48.84000015258789,48.88999938964844,47.48377990722656,124000
2014-12-26,49.150001525878906,49.25,48.5,48.869998931884766,47.46435546875,169000
2014-12-29,48.86000061035156,49.61000061035156,48.75,49.02000045776367,47.610042572021484,248900
2014-12-30,48.81999969482422,49.2599983215332,48.689998626708984,48.70000076293945,47.29924774169922,279500
2014-12-31,48.81999969482422,48.81999969482422,47.41999816894531,47.470001220703125,46.1046257019043,374500
2015-01-02,47.630001068115234,47.630001068115234,44.029998779296875,44.279998779296875,43.006378173828125,778600
2015-01-05,43.83000183105469,45.04999923706055,43.72999954223633,44.88999938964844,43.59883117675781,668900
2015-01-06,44.95000076293945,45.060001373291016,42.81999969482422,42.9900016784668,41.753482818603516,828000
2015-01-07,43.2599983215332,43.54999923706055,42.939998626708984,43.290000915527344,42.044857025146484,750200
2015-01-08,42.779998779296875,44.5099983215332,42.279998779296875,44.18000030517578,42.90925598144531,862600
2015-01-09,44.099998474121094,44.099998474121094,42.5,42.560001373291016,41.33584976196289,516000
2015-01-12,42.59000015258789,42.97999954223633,41.529998779296875,42.20000076293945,40.9862060546875,859100
2015-01-13,42.650001525878906,43.220001220703125,41.709999084472656,42.04999923706055,40.840518951416016,299400
2015-01-14,41.66999816894531,42.20000076293945,41.5,42.0099983215332,40.80167007446289,362000
2015-01-15,42.2400016784668,42.31999969482422,41.380001068115234,41.689998626708984,40.49087142944336,409600
2015-01-16,41.599998474121094,43.0,41.59000015258789,42.93000030517578,41.69520950317383,296200
2015-01-20,42.869998931884766,42.939998626708984,41.9900016784668,42.2599983215332,41.04447937011719,379700
2015-01-21,42.290000915527344,43.290000915527344,41.959999084472656,43.2400016784668,41.99629592895508,383800
2015-01-22,43.5,44.0,42.95000076293945,43.869998931884766,42.60816955566406,327400
2015-01-23,43.810001373291016,44.38999938964844,43.7400016784668,43.93000030517578,42.666446685791016,271700
2015-01-26,43.83000183105469,44.7400016784668,43.560001373291016,44.56999969482422,43.28803634643555,375900
2015-01-27,43.9900016784668,44.31999969482422,43.560001373291016,43.84000015258789,42.57903289794922,261500
2015-01-28,44.36000061035156,44.599998474121094,43.5099983215332,43.9900016784668,42.7247200012207,399600
2015-01-29,44.209999084472656,44.5099983215332,43.40999984741211,44.349998474121094,43.07436752319336,344600
2015-01-30,43.91999816894531,44.290000915527344,42.290000915527344,42.40999984741211,41.190162658691406,695700
2015-02-02,42.47999954223633,44.189998626708984,42.369998931884766,44.0099983215332,42.744144439697266,717000
2015-02-03,44.459999084472656,45.34000015258789,44.02000045776367,45.2599983215332,43.95819091796875,476600
2015-02-04,45.02000045776367,45.40999984741211,44.09000015258789,44.130001068115234,42.86069869995117,372200
2015-02-05,43.93000030517578,44.7400016784668,43.90999984741211,44.25,42.97724533081055,621600
2015-02-06,39.5,40.02000045776367,36.02000045776367,36.2400016784668,35.197635650634766,4189600
2015-02-09,35.970001220703125,37.779998779296875,35.95000076293945,37.16999816894531,36.10088348388672,1106700
2015-02-10,37.4900016784668,37.4900016784668,36.63999938964844,36.880001068115234,35.8192253112793,818500
2015-02-11,36.650001525878906,37.029998779296875,36.279998779296875,36.79999923706055,35.74152374267578,826100
2015-02-12,37.40999984741211,37.40999984741211,36.540000915527344,36.650001525878906,35.59584426879883,631000
2015-02-13,36.560001373291016,36.900001525878906,36.45000076293945,36.689998626708984,35.63468933105469,492100
2015-02-17,36.75,36.95000076293945,36.11000061035156,36.400001525878906,35.35303497314453,525800
2015-02-18,36.27000045776367,36.95000076293945,36.27000045776367,36.689998626708984,35.63468933105469,506600
2015-02-19,36.529998779296875,36.90999984741211,36.470001220703125,36.619998931884766,35.56670379638672,417500
2015-02-20,36.5,36.75,36.22999954223633,36.689998626708984,35.63468933105469,389100
2015-02-23,36.599998474121094,37.08000183105469,36.45000076293945,37.0,35.93577194213867,532900
2015-02-24,37.09000015258789,37.689998626708984,36.86000061035156,37.279998779296875,36.20771789550781,374800
2015-02-25,37.36000061035156,37.369998931884766,36.7599983215332,36.970001220703125,35.906639099121094,409800
2015-02-26,36.97999954223633,37.119998931884766,36.470001220703125,36.650001525878906,35.59584426879883,230300
2015-02-27,36.59000015258789,36.70000076293945,36.13999938964844,36.54999923706055,35.498714447021484,314900
2015-03-02,36.54999923706055,37.0099983215332,36.54999923706055,36.939998626708984,35.877498626708984,337200
2015-03-03,37.09000015258789,37.099998474121094,36.150001525878906,36.209999084472656,35.16849136352539,454100
2015-03-04,36.060001373291016,36.47999954223633,35.83000183105469,35.86000061035156,34.82855987548828,553500
2015-03-05,35.939998626708984,35.95000076293945,33.90999984741211,34.2599983215332,33.27457809448242,1515700
2015-03-06,34.09000015258789,34.630001068115234,33.91999816894531,34.560001373291016,33.565956115722656,578200
2015-03-09,34.65999984741211,35.0099983215332,34.560001373291016,34.880001068115234,33.87675094604492,454600
2015-03-10,34.83000183105469,35.31999969482422,34.529998779296875,35.04999923706055,34.0418586730957,964300
2015-03-11,35.20000076293945,35.279998779296875,34.86000061035156,35.029998779296875,34.02243423461914,487400
2015-03-12,35.209999084472656,35.65999984741211,35.209999084472656,35.5099983215332,34.48862838745117,569700
2015-03-13,35.34000015258789,35.61000061035156,35.09000015258789,35.52000045776367,34.49834060668945,380400
2015-03-16,35.709999084472656,35.97999954223633,35.40999984741211,35.540000915527344,34.51776123046875,411600
2015-03-17,35.4900016784668,35.72999954223633,35.400001525878906,35.4900016784668,34.46920394897461,377400
2015-03-18,35.5099983215332,36.36000061035156,35.2599983215332,36.150001525878906,35.110225677490234,357900
2015-03-19,35.91999816894531,36.0099983215332,35.33000183105469,35.470001220703125,34.44978332519531,341700
2015-03-20,35.61000061035156,36.040000915527344,35.290000915527344,35.72999954223633,34.702301025390625,551500
2015-03-23,35.66999816894531,36.349998474121094,35.33000183105469,36.18000030517578,35.13936233520508,203900
2015-03-24,36.369998931884766,36.65999984741211,36.0099983215332,36.470001220703125,35.4210205078125,304500
2015-03-25,35.77000045776367,35.77000045776367,34.150001525878906,34.2599983215332,33.27457809448242,1269500
2015-03-26,34.11000061035156,34.220001220703125,33.31999969482422,33.38999938964844,32.429603576660156,744900
2015-03-27,33.33000183105469,33.529998779296875,32.869998931884766,33.18000030517578,32.22564697265625,879300
2015-03-30,33.41999816894531,33.65999984741211,33.34000015258789,33.529998779296875,32.56557846069336,561800
2015-03-31,33.34000015258789,33.459999084472656,33.040000915527344,33.36000061035156,32.40047073364258,1217400
2015-04-01,33.349998474121094,34.02000045776367,33.18000030517578,34.0,33.022064208984375,637200
2015-04-02,34.16999816894531,34.91999816894531,34.119998931884766,34.880001068115234,33.87675094604492,829700
2015-04-06,34.75,35.20000076293945,34.47999954223633,35.060001373291016,34.05157470703125,1610500
2015-04-07,35.09000015258789,35.54999923706055,35.0099983215332,35.040000915527344,34.03215026855469,623700
2015-04-08,35.02000045776367,35.33000183105469,34.790000915527344,35.310001373291016,34.29438018798828,760200
2015-04-09,35.220001220703125,35.5099983215332,35.040000915527344,35.31999969482422,34.3040885925293,473800
2015-04-10,35.470001220703125,35.4900016784668,35.189998626708984,35.2599983215332,34.245819091796875,360800
2015-04-13,35.18000030517578,35.2400016784668,34.939998626708984,34.959999084472656,33.954444885253906,453200
2015-04-14,34.79999923706055,35.34000015258789,34.70000076293945,35.34000015258789,34.32352066040039,936700
2015-04-15,35.540000915527344,36.29999923706055,35.310001373291016,36.150001525878906,35.110225677490234,514000
2015-04-16,36.040000915527344,36.130001068115234,35.4900016784668,36.029998779296875,34.993675231933594,476500
2015-04-17,35.720001220703125,35.939998626708984,35.279998779296875,35.880001068115234,34.84798812866211,315000
2015-04-20,35.66999816894531,36.43000030517578,35.349998474121094,36.349998474121094,35.30447006225586,978100
2015-04-21,36.5,36.630001068115234,35.90999984741211,36.27000045776367,35.22677230834961,726500
2015-04-22,36.189998626708984,36.689998626708984,35.91999816894531,36.4900016784668,35.4404411315918,557900
2015-04-23,36.61000061035156,37.790000915527344,36.380001068115234,37.56999969482422,36.489376068115234,759800
2015-04-24,33.099998474121094,34.400001525878906,30.389999389648438,30.700000762939453,29.816978454589844,4181600
2015-04-27,30.40999984741211,31.190000534057617,30.399999618530273,31.079999923706055,30.18604850769043,1612200
2015-04-28,30.989999771118164,31.149999618530273,30.75,31.010000228881836,30.118061065673828,766400
2015-04-29,30.899999618530273,31.149999618530273,30.639999389648438,30.829999923706055,29.943239212036133,765800
2015-04-30,30.75,30.989999771118164,30.149999618530273,30.239999771118164,29.370210647583008,768600
2015-05-01,30.459999084472656,30.489999771118164,30.010000228881836,30.040000915527344,29.175962448120117,539100
2015-05-04,30.040000915527344,30.920000076293945,30.010000228881836,30.75,29.865541458129883,623900
2015-05-05,30.790000915527344,31.229999542236328,30.43000030517578,31.190000534057617,30.29288673400879,1180300
2015-05-06,31.3799991607666,31.43000030517578,30.860000610351562,31.229999542236328,30.33173370361328,911300
2015-05-07,31.280000686645508,31.520000457763672,31.030000686645508,31.479999542236328,30.574542999267578,619500
2015-05-08,31.520000457763672,31.690000534057617,31.299999237060547,31.520000457763672,30.613391876220703,663600
2015-05-11,31.420000076293945,31.940000534057617,31.1299991607666,31.90999984741211,30.99217414855957,740500
2015-05-12,31.770000457763672,31.829999923706055,31.219999313354492,31.6200008392334,30.71051597595215,603000
2015-05-13,31.6200008392334,31.739999771118164,31.280000686645508,31.719999313354492,30.807640075683594,473800
2015-05-14,31.760000228881836,32.0099983215332,31.479999542236328,31.989999771118164,31.069873809814453,635600
2015-05-15,31.920000076293945,32.029998779296875,31.639999389648438,31.860000610351562,30.943614959716797,599800
2015-05-18,31.450000762939453,31.450000762939453,30.399999618530273,31.3700008392334,30.467708587646484,1410500
2015-05-19,31.270000457763672,31.399999618530273,30.90999984741211,31.09000015258789,30.19576072692871,744700
2015-05-20,31.200000762939453,31.399999618530273,31.100000381469727,31.350000381469727,30.44828224182129,575500
2015-05-21,31.3700008392334,31.959999084472656,31.360000610351562,31.860000610351562,30.943614959716797,329200
2015-05-22,31.780000686645508,32.189998626708984,31.68000030517578,32.0099983215332,31.089298248291016,388100
2015-05-26,31.809999465942383,31.93000030517578,31.010000228881836,31.020000457763672,30.127775192260742,645700
2015-05-27,31.059999465942383,31.700000762939453,30.920000076293945,31.6200008392334,30.71051597595215,513700
2015-05-28,31.610000610351562,31.610000610351562,31.09000015258789,31.520000457763672,30.613391876220703,648800
2015-05-29,31.489999771118164,32.04999923706055,31.309999465942383,31.809999465942383,30.89505386352539,929100
2015-06-01,32.029998779296875,32.400001525878906,31.6200008392334,32.31999969482422,31.390384674072266,530000
2015-06-02,32.25,32.709999084472656,32.08000183105469,32.52000045776367,31.584630966186523,498100
2015-06-03,32.43000030517578,32.849998474121094,32.29999923706055,32.75,31.98505401611328,501800
2015-06-04,32.54999923706055,33.150001525878906,32.540000915527344,33.130001068115234,32.35618209838867,827000
2015-06-05,33.02000045776367,33.56999969482422,32.779998779296875,33.540000915527344,32.7566032409668,625800
2015-06-08,33.5,33.68000030517578,33.150001525878906,33.40999984741211,32.629634857177734,1185900
2015-06-09,33.38999938964844,33.5,32.90999984741211,33.18000030517578,32.40501022338867,627800
2015-06-10,33.349998474121094,33.560001373291016,32.810001373291016,32.900001525878906,32.131553649902344,825100
2015-06-11,32.900001525878906,33.34000015258789,32.66999816894531,33.33000183105469,32.551509857177734,462700
2015-06-12,33.29999923706055,34.029998779296875,33.2400016784668,33.400001525878906,32.619873046875,676200
2015-06-15,33.2400016784668,33.459999084472656,32.59000015258789,33.150001525878906,32.37571334838867,405800
2015-06-16,33.099998474121094,33.81999969482422,33.040000915527344,33.70000076293945,32.91286849975586,365100
2015-06-17,33.72999954223633,34.13999938964844,33.560001373291016,33.77000045776367,32.981231689453125,395000
2015-06-18,33.810001373291016,34.099998474121094,33.599998474121094,33.869998931884766,33.078895568847656,306400
2015-06-19,33.849998474121094,34.099998474121094,33.630001068115234,33.88999938964844,33.098426818847656,531900
2015-06-22,34.04999923706055,34.18000030517578,33.779998779296875,33.869998931884766,33.078895568847656,602400
2015-06-23,33.90999984741211,34.119998931884766,33.58000183105469,33.9900016784668,33.19609451293945,406200
2015-06-24,33.90999984741211,34.02000045776367,33.2400016784668,33.36000061035156,32.580806732177734,874400
2015-06-25,33.36000061035156,33.439998626708984,32.72999954223633,33.0,32.229217529296875,867800
2015-06-26,32.97999954223633,33.08000183105469,32.16999816894531,32.66999816894531,31.90692138671875,4606200
2015-06-29,32.349998474121094,32.52000045776367,30.25,30.280000686645508,29.57274627685547,1948200
2015-06-30,30.100000381469727,30.260000228881836,29.31999969482422,29.979999542236328,29.279752731323242,2348500
2015-07-01,30.079999923706055,30.760000228881836,29.969999313354492,30.709999084472656,29.99270248413086,1378200
2015-07-02,30.549999237060547,30.780000686645508,29.959999084472656,30.200000762939453,29.49461555480957,679900
2015-07-06,30.0,30.200000762939453,29.700000762939453,30.149999618530273,29.445781707763672,3138400
2015-07-07,30.219999313354492,30.56999969482422,29.8799991607666,30.549999237060547,29.83643913269043,822900
2015-07-08,30.280000686645508,30.479999542236328,29.75,30.010000228881836,29.309053421020508,717900
2015-07-09,30.299999237060547,31.15999984741211,30.270000457763672,31.09000015258789,30.363826751708984,688600
2015-07-10,31.420000076293945,31.899999618530273,31.34000015258789,31.43000030517578,30.695886611938477,401600
2015-07-13,31.670000076293945,31.670000076293945,31.329999923706055,31.479999542236328,30.74471664428711,397500
2015-07-14,31.479999542236328,32.04999923706055,31.3799991607666,32.02000045776367,31.272104263305664,341600
2015-07-15,32.06999969482422,32.13999938964844,31.649999618530273,31.81999969482422,31.0767765045166,380800
2015-07-16,32.060001373291016,32.18000030517578,31.84000015258789,31.959999084472656,31.213504791259766,261200
2015-07-17,31.979999542236328,31.979999542236328,30.959999084472656,31.1299991607666,30.402891159057617,435200
2015-07-20,31.079999923706055,31.81999969482422,30.889999389648438,31.59000015258789,30.852149963378906,354800
2015-07-21,31.579999923706055,31.93000030517578,31.1200008392334,31.190000534057617,30.46149253845215,258500
2015-07-22,31.059999465942383,31.459999084472656,30.940000534057617,31.420000076293945,30.686119079589844,284600
2015-07-23,31.5,32.119998931884766,31.329999923706055,31.389999389648438,30.65682029724121,304900
2015-07-24,31.360000610351562,31.360000610351562,30.420000076293945,30.469999313354492,29.75830841064453,341500
2015-07-27,30.270000457763672,30.510000228881836,29.84000015258789,30.149999618530273,29.445781707763672,499600
2015-07-28,30.309999465942383,30.690000534057617,29.93000030517578,30.559999465942383,29.84620475769043,352600
2015-07-29,30.350000381469727,31.219999313354492,29.920000076293945,31.0,30.275928497314453,362800
2015-07-30,30.889999389648438,31.010000228881836,30.520000457763672,30.850000381469727,30.129430770874023,256100
2015-07-31,31.020000457763672,31.290000915527344,30.34000015258789,30.3799991607666,29.670408248901367,448700
2015-08-03,30.34000015258789,30.81999969482422,29.799999237060547,30.040000915527344,29.33835220336914,446100
2015-08-04,30.049999237060547,30.479999542236328,29.760000228881836,30.110000610351562,29.40671730041504,394800
2015-08-05,30.34000015258789,30.5,29.760000228881836,29.780000686645508,29.08442497253418,501600
2015-08-06,29.809999465942383,29.90999984741211,29.360000610351562,29.40999984741211,28.723068237304688,501500
2015-08-07,29.25,29.889999389648438,28.700000762939453,28.790000915527344,28.117549896240234,711300
2015-08-10,29.0,29.6200008392334,28.790000915527344,29.360000610351562,28.674236297607422,930500
2015-08-11,28.8700008392334,29.15999984741211,28.209999084472656,28.280000686645508,27.619461059570312,766500
2015-08-12,27.989999771118164,28.219999313354492,27.489999771118164,28.139999389648438,27.482728958129883,1030900
2015-08-13,28.139999389648438,28.399999618530273,27.649999618530273,27.68000030517578,27.03347396850586,752800
2015-08-14,27.579999923706055,27.84000015258789,27.299999237060547,27.350000381469727,26.711181640625,706100
2015-08-17,27.25,27.65999984741211,27.030000686645508,27.610000610351562,26.965110778808594,930800
2015-08-18,27.670000076293945,27.670000076293945,26.829999923706055,27.049999237060547,26.418188095092773,847000
2015-08-19,25.25,29.770000457763672,24.899999618530273,25.489999771118164,24.89462661743164,4870200
2015-08-20,25.219999313354492,26.299999237060547,24.540000915527344,25.979999542236328,25.37318229675293,2021300
2015-08-21,25.290000915527344,26.15999984741211,25.079999923706055,25.399999618530273,24.80672836303711,1765300
2015-08-24,24.010000228881836,26.440000534057617,24.0,25.229999542236328,24.64069938659668,1291600
2015-08-25,25.760000228881836,25.969999313354492,25.040000915527344,25.459999084472656,24.865327835083008,1706400
2015-08-26,25.90999984741211,26.299999237060547,25.59000015258789,26.229999542236328,25.617340087890625,847600
2015-08-27,26.360000610351562,27.1299991607666,26.260000228881836,27.010000228881836,26.37912368774414,724700
2015-08-28,27.020000457763672,27.6299991607666,27.020000457763672,27.34000015258789,26.701416015625,665000
2015-08-31,27.049999237060547,27.15999984741211,26.1200008392334,26.15999984741211,25.54897689819336,870400
2015-09-01,25.65999984741211,26.030000686645508,25.280000686645508,25.360000610351562,24.767663955688477,765000
2015-09-02,25.639999389648438,25.649999618530273,24.979999542236328,25.639999389648438,25.041122436523438,555400
2015-09-03,25.3799991607666,25.5,24.719999313354492,25.43000030517578,24.836027145385742,1004200
2015-09-04,25.09000015258789,25.459999084472656,25.049999237060547,25.170000076293945,24.582101821899414,800500
2015-09-08,25.469999313354492,26.1200008392334,25.299999237060547,25.81999969482422,25.216917037963867,757100
2015-09-09,26.079999923706055,26.389999389648438,25.68000030517578,25.860000610351562,25.255985260009766,700500
2015-09-10,25.81999969482422,26.290000915527344,25.770000457763672,26.1200008392334,25.509912490844727,402400
2015-09-11,25.950000762939453,26.5,25.690000534057617,26.299999237060547,25.685707092285156,408500
2015-09-14,26.309999465942383,26.350000381469727,25.81999969482422,26.15999984741211,25.54897689819336,344200
2015-09-15,26.149999618530273,27.079999923706055,26.1299991607666,26.68000030517578,26.05683135986328,612100
2015-09-16,26.34000015258789,26.760000228881836,25.790000915527344,26.549999237060547,25.929868698120117,843200
2015-09-17,26.709999084472656,27.260000228881836,26.540000915527344,26.829999923706055,26.203327178955078,686800
2015-09-18,26.469999313354492,27.270000457763672,26.200000762939453,27.1200008392334,26.486553192138672,1162700
2015-09-21,27.850000381469727,28.510000228881836,27.690000534057617,28.459999084472656,27.79525375366211,1680700
2015-09-22,28.18000030517578,28.270000457763672,27.739999771118164,27.940000534057617,27.28740119934082,591300
2015-09-23,27.959999084472656,28.1200008392334,27.469999313354492,27.639999389648438,26.994409561157227,871900
2015-09-24,27.56999969482422,27.81999969482422,27.450000762939453,27.760000228881836,27.11160659790039,498900
2015-09-25,27.8700008392334,28.0,27.639999389648438,27.829999923706055,27.17997169494629,634400
2015-09-28,27.65999984741211,27.889999389648438,26.610000610351562,26.65999984741211,26.03730010986328,844400
2015-09-29,26.719999313354492,27.110000610351562,26.670000076293945,27.09000015258789,26.457256317138672,431200
2015-09-30,27.389999389648438,27.450000762939453,26.8700008392334,27.209999084472656,26.574451446533203,488000
2015-10-01,27.239999771118164,27.309999465942383,26.18000030517578,26.520000457763672,25.900569915771484,473200
2015-10-02,26.3700008392334,26.540000915527344,25.799999237060547,26.540000915527344,25.920101165771484,612700
2015-10-05,26.75,27.770000457763672,26.600000381469727,27.56999969482422,26.926042556762695,604900
2015-10-06,27.469999313354492,27.829999923706055,27.020000457763672,27.56999969482422,26.926042556762695,592400
2015-10-07,27.700000762939453,28.43000030517578,27.700000762939453,28.420000076293945,27.75619125366211,329200
2015-10-08,28.3799991607666,29.600000381469727,28.209999084472656,29.520000457763672,28.83049964904785,509300
2015-10-09,29.610000610351562,29.8799991607666,29.040000915527344,29.440000534057617,28.752365112304688,398000
2015-10-12,29.40999984741211,29.649999618530273,28.469999313354492,28.59000015258789,27.92222023010254,348900
2015-10-13,28.3700008392334,28.889999389648438,28.209999084472656,28.309999465942383,27.648757934570312,373300
2015-10-14,28.290000915527344,28.6299991607666,27.459999084472656,27.579999923706055,26.935808181762695,308600
2015-10-15,27.700000762939453,27.969999313354492,27.059999465942383,27.850000381469727,27.199504852294922,441100
2015-10-16,27.959999084472656,28.030000686645508,27.200000762939453,27.700000762939453,27.053009033203125,362000
2015-10-19,27.639999389648438,28.149999618530273,27.3700008392334,28.0,27.34600067138672,343300
2015-10-20,27.889999389648438,28.719999313354492,27.729999542236328,28.639999389648438,27.971050262451172,571800
2015-10-21,28.739999771118164,28.780000686645508,27.729999542236328,27.770000457763672,27.121374130249023,372000
2015-10-22,27.420000076293945,27.559999465942383,25.549999237060547,26.280000686645508,25.666173934936523,1316900
2015-10-23,26.170000076293945,29.600000381469727,25.639999389648438,27.139999389648438,26.506088256835938,1848800
2015-10-26,27.040000915527344,27.100000381469727,25.579999923706055,25.75,25.1485538482666,904500
2015-10-27,25.530000686645508,25.600000381469727,23.8700008392334,23.969999313354492,23.410127639770508,1285100
2015-10-28,24.020000457763672,24.920000076293945,23.719999313354492,24.510000228881836,23.937517166137695,887100
2015-10-29,24.350000381469727,24.729999542236328,23.8799991607666,24.06999969482422,23.507793426513672,678200
2015-10-30,24.06999969482422,24.229999542236328,23.5,23.559999465942383,23.00970458984375,856500
2015-11-02,23.610000610351562,24.09000015258789,23.350000381469727,23.90999984741211,23.351530075073242,527500
2015-11-03,23.8700008392334,24.860000610351562,23.780000686645508,24.68000030517578,24.103546142578125,655200
2015-11-04,24.729999542236328,25.190000534057617,24.149999618530273,24.420000076293945,23.84961700439453,524700
2015-11-05,24.40999984741211,24.649999618530273,23.989999771118164,24.540000915527344,23.966815948486328,259200
2015-11-06,24.600000381469727,24.90999984741211,24.1200008392334,24.889999389648438,24.30864143371582,439300
2015-11-09,24.93000030517578,24.989999771118164,22.790000915527344,23.670000076293945,23.117136001586914,1543900
2015-11-10,23.649999618530273,23.920000076293945,22.850000381469727,23.309999465942383,22.765544891357422,711000
2015-11-11,23.399999618530273,23.399999618530273,22.8799991607666,22.889999389648438,22.35535430908203,476100
2015-11-12,22.770000457763672,22.860000610351562,22.389999389648438,22.459999084472656,21.935400009155273,446000
2015-11-13,22.329999923706055,22.829999923706055,22.290000915527344,22.56999969482422,22.042831420898438,562300
2015-11-16,22.520000457763672,22.899999618530273,22.360000610351562,22.860000610351562,22.3260555267334,437900
2015-11-17,22.920000076293945,23.25,22.5,22.559999465942383,22.033061981201172,660400
2015-11-18,22.610000610351562,23.040000915527344,22.34000015258789,22.6299991607666,22.101428985595703,647800
2015-11-19,22.639999389648438,22.899999618530273,22.5,22.790000915527344,22.2576904296875,437800
2015-11-20,22.93000030517578,23.25,22.729999542236328,23.1200008392334,22.57998275756836,530900
2015-11-23,23.030000686645508,23.3700008392334,22.979999542236328,23.15999984741211,22.619049072265625,429500
2015-11-24,23.0,23.40999984741211,22.780000686645508,23.290000915527344,22.746013641357422,391300
2015-11-25,23.280000686645508,23.950000762939453,23.1200008392334,23.700000762939453,23.146438598632812,455500
2015-11-27,23.649999618530273,23.649999618530273,23.139999389648438,23.18000030517578,22.638582229614258,195700
2015-11-30,23.229999542236328,23.860000610351562,23.1299991607666,23.75,23.195268630981445,555100
2015-12-01,23.8700008392334,24.18000030517578,23.579999923706055,23.93000030517578,23.371065139770508,357100
2015-12-02,23.670000076293945,24.020000457763672,23.450000762939453,23.510000228881836,23.1348934173584,427600
2015-12-03,23.600000381469727,24.030000686645508,23.3799991607666,23.549999237060547,23.174253463745117,726800
2015-12-04,23.559999465942383,23.59000015258789,22.8799991607666,23.06999969482422,22.70191192626953,421200
2015-12-07,23.0,23.059999465942383,22.59000015258789,22.940000534057617,22.57398796081543,499700
2015-12-08,22.84000015258789,23.040000915527344,22.479999542236328,22.8799991607666,22.514944076538086,513000
2015-12-09,22.860000610351562,23.530000686645508,22.860000610351562,23.299999237060547,22.928241729736328,432900
2015-12-10,23.350000381469727,24.1299991607666,23.280000686645508,23.84000015258789,23.459627151489258,265100
2015-12-11,23.639999389648438,23.709999084472656,23.260000228881836,23.440000534057617,23.066009521484375,509100
2015-12-14,23.489999771118164,24.200000762939453,23.489999771118164,23.959999084472656,23.57771110534668,538100
2015-12-15,24.1299991607666,25.5,23.899999618530273,24.690000534057617,24.296066284179688,877700
2015-12-16,24.760000228881836,25.31999969482422,24.6299991607666,25.229999542236328,24.827449798583984,449700
2015-12-17,25.350000381469727,25.420000076293945,24.760000228881836,24.93000030517578,24.532236099243164,431900
2015-12-18,24.889999389648438,25.079999923706055,24.6299991607666,24.770000457763672,24.37479019165039,1184000
2015-12-21,24.940000534057617,25.100000381469727,24.59000015258789,24.84000015258789,24.44367218017578,472500
2015-12-22,24.850000381469727,25.6200008392334,24.850000381469727,25.600000381469727,25.191545486450195,513800
2015-12-23,25.75,26.5,25.75,26.260000228881836,25.84101676940918,457100
2015-12-24,26.280000686645508,26.3799991607666,25.989999771118164,26.299999237060547,25.8803768157959,252300
2015-12-28,26.209999084472656,26.389999389648438,25.8700008392334,26.010000228881836,25.59500503540039,306100
2015-12-29,26.209999084472656,26.209999084472656,25.670000076293945,26.020000457763672,25.604846954345703,409500
2015-12-30,26.030000686645508,26.18000030517578,25.579999923706055,25.729999542236328,25.319473266601562,387900
2015-12-31,25.690000534057617,25.850000381469727,25.260000228881836,25.309999465942383,24.906171798706055,530400
2016-01-04,25.020000457763672,25.15999984741211,24.420000076293945,24.8799991607666,24.483034133911133,803900
2016-01-05,24.8799991607666,25.030000686645508,22.670000076293945,23.280000686645508,22.9085636138916,970500
2016-01-06,22.950000762939453,23.059999465942383,22.329999923706055,22.530000686645508,22.170530319213867,1132300
2016-01-07,22.110000610351562,22.290000915527344,21.280000686645508,21.420000076293945,21.07823944091797,870200
2016-01-08,21.540000915527344,21.760000228881836,20.549999237060547,21.190000534057617,20.851909637451172,905600
2016-01-11,21.690000534057617,21.809999465942383,20.799999237060547,20.940000534057617,20.605899810791016,562700
2016-01-12,21.3799991607666,22.18000030517578,21.110000610351562,22.1299991607666,21.77691078186035,1299200
2016-01-13,22.1299991607666,22.68000030517578,21.760000228881836,22.200000762939453,21.845794677734375,1394700
2016-01-14,22.219999313354492,22.700000762939453,22.1299991607666,22.600000381469727,22.239412307739258,736700
2016-01-15,22.06999969482422,22.649999618530273,21.93000030517578,22.56999969482422,22.20989227294922,787300
2016-01-19,22.860000610351562,22.920000076293945,22.360000610351562,22.600000381469727,22.239412307739258,838000
2016-01-20,22.190000534057617,22.979999542236328,21.8700008392334,22.770000457763672,22.406700134277344,797100
2016-01-21,22.75,23.110000610351562,22.6200008392334,22.760000228881836,22.396860122680664,573100
2016-01-22,23.1299991607666,23.350000381469727,22.959999084472656,23.329999923706055,22.957765579223633,587000
2016-01-25,23.219999313354492,23.420000076293945,23.010000228881836,23.260000228881836,22.88888168334961,645600
2016-01-26,23.280000686645508,23.850000381469727,23.219999313354492,23.739999771118164,23.361223220825195,592700
2016-01-27,23.68000030517578,23.780000686645508,18.760000228881836,20.09000015258789,19.769460678100586,5353800
2016-01-28,20.049999237060547,20.690000534057617,19.110000610351562,19.3700008392334,19.060949325561523,2255600
2016-01-29,19.510000228881836,20.020000457763672,19.399999618530273,19.899999618530273,19.582490921020508,1213300
2016-02-01,19.770000457763672,19.799999237060547,19.1299991607666,19.139999389648438,18.834617614746094,1203400
2016-02-02,18.959999084472656,19.020000457763672,17.979999542236328,18.079999923706055,17.79153060913086,1846800
2016-02-03,18.3700008392334,19.8799991607666,18.329999923706055,19.84000015258789,19.523448944091797,1902700
2016-02-04,19.920000076293945,20.149999618530273,18.719999313354492,19.059999465942383,18.755891799926758,1324600
2016-02-05,18.350000381469727,18.360000610351562,15.8100004196167,17.030000686645508,16.758283615112305,1861500
2016-02-08,16.920000076293945,18.399999618530273,16.670000076293945,17.959999084472656,17.673444747924805,1353500
2016-02-09,17.649999618530273,17.920000076293945,17.040000915527344,17.139999389648438,16.866527557373047,1543100
2016-02-10,17.200000762939453,17.329999923706055,16.670000076293945,17.100000381469727,16.827165603637695,1118200
2016-02-11,16.799999237060547,17.25,16.520000457763672,16.920000076293945,16.65003776550293,1007600
2016-02-12,17.1299991607666,17.450000762939453,16.700000762939453,16.739999771118164,16.472909927368164,1276600
2016-02-16,17.1200008392334,17.940000534057617,16.969999313354492,17.920000076293945,17.634082794189453,798800
2016-02-17,18.0,18.559999465942383,17.799999237060547,18.139999389648438,17.85057258605957,909800
2016-02-18,18.239999771118164,18.700000762939453,18.040000915527344,18.440000534057617,18.14578628540039,654800
2016-02-19,18.389999389648438,18.8799991607666,17.829999923706055,17.93000030517578,17.643922805786133,671400
2016-02-22,18.100000381469727,18.729999542236328,17.760000228881836,18.100000381469727,17.81121063232422,980400
2016-02-23,18.06999969482422,18.139999389648438,17.719999313354492,17.829999923706055,17.545516967773438,473500
2016-02-24,17.6299991607666,18.190000534057617,17.3799991607666,18.1200008392334,17.83089256286621,605600
2016-02-25,18.1299991607666,18.139999389648438,17.579999923706055,18.100000381469727,17.81121063232422,863300
2016-02-26,18.15999984741211,18.540000915527344,18.020000457763672,18.3700008392334,18.076904296875,628500
2016-02-29,18.329999923706055,18.59000015258789,18.15999984741211,18.260000228881836,17.968658447265625,580500
2016-03-01,18.530000686645508,18.93000030517578,18.299999237060547,18.90999984741211,18.608287811279297,476700
2016-03-02,19.040000915527344,19.1200008392334,18.360000610351562,18.65999984741211,18.362276077270508,491500
2016-03-03,18.709999084472656,19.670000076293945,18.6299991607666,19.639999389648438,19.32663917541504,490000
2016-03-04,19.760000228881836,19.799999237060547,19.15999984741211,19.6200008392334,19.30695915222168,883300
2016-03-07,19.530000686645508,21.299999237060547,19.5,21.25,20.910951614379883,1097700
2016-03-08,21.190000534057617,21.34000015258789,20.850000381469727,21.139999389648438,20.802705764770508,966900
2016-03-09,21.329999923706055,21.600000381469727,21.100000381469727,21.15999984741211,20.8223876953125,827500
2016-03-10,21.219999313354492,21.309999465942383,20.6299991607666,20.969999313354492,20.635417938232422,408700
2016-03-11,21.18000030517578,21.40999984741211,21.010000228881836,21.3799991607666,21.038875579833984,278200
2016-03-14,21.209999084472656,21.549999237060547,20.020000457763672,20.670000076293945,20.340206146240234,1558300
2016-03-15,20.600000381469727,20.600000381469727,18.360000610351562,18.579999923706055,18.283552169799805,1458300
2016-03-16,18.530000686645508,18.799999237060547,18.40999984741211,18.65999984741211,18.362276077270508,672000
2016-03-17,18.709999084472656,19.5,18.59000015258789,19.3799991607666,19.07078742980957,702300
2016-03-18,19.34000015258789,19.639999389648438,19.270000457763672,19.399999618530273,19.09046745300293,1158200
2016-03-21,19.3799991607666,19.530000686645508,19.15999984741211,19.440000534057617,19.129831314086914,402900
2016-03-22,19.31999969482422,19.399999618530273,18.770000457763672,18.790000915527344,18.490201950073242,367500
2016-03-23,18.719999313354492,18.770000457763672,18.139999389648438,18.139999389648438,17.85057258605957,373500
2016-03-24,18.06999969482422,18.299999237060547,17.809999465942383,18.25,17.958818435668945,285500
2016-03-28,18.25,18.469999313354492,18.049999237060547,18.149999618530273,17.86041259765625,305900
2016-03-29,18.1200008392334,18.510000228881836,17.90999984741211,18.40999984741211,18.11626434326172,507700
2016-03-30,16.959999084472656,17.850000381469727,16.850000381469727,17.219999313354492,16.94525146484375,1514300
2016-03-31,17.280000686645508,17.459999084472656,17.18000030517578,17.270000457763672,16.99445343017578,1224900
2016-04-01,17.09000015258789,17.440000534057617,16.90999984741211,17.299999237060547,17.02397346496582,1121500
2016-04-04,17.290000915527344,17.700000762939453,17.170000076293945,17.219999313354492,16.94525146484375,644900
2016-04-05,17.030000686645508,17.079999923706055,16.799999237060547,16.829999923706055,16.561473846435547,710700
2016-04-06,16.8700008392334,17.100000381469727,16.559999465942383,16.899999618530273,16.630355834960938,616500
2016-04-07,16.690000534057617,17.040000915527344,16.6299991607666,16.739999771118164,16.472909927368164,756500
2016-04-08,16.950000762939453,17.06999969482422,16.719999313354492,16.809999465942383,16.541791915893555,540100
2016-04-11,16.850000381469727,17.1200008392334,16.75,16.84000015258789,16.571313858032227,545200
2016-04-12,16.90999984741211,17.06999969482422,16.709999084472656,16.93000030517578,16.65987777709961,614500
2016-04-13,16.950000762939453,17.450000762939453,16.850000381469727,17.43000030517578,17.151899337768555,1086900
2016-04-14,17.440000534057617,17.510000228881836,17.100000381469727,17.100000381469727,16.827165603637695,622200
2016-04-15,17.100000381469727,17.600000381469727,17.100000381469727,17.31999969482422,17.043655395507812,1110300
2016-04-18,17.149999618530273,17.770000457763672,17.059999465942383,17.579999923706055,17.29950714111328,834400
2016-04-19,17.68000030517578,18.15999984741211,17.549999237060547,17.729999542236328,17.447114944458008,690200
2016-04-20,17.31999969482422,17.350000381469727,16.84000015258789,17.139999389648438,16.866527557373047,1839800
2016-04-21,17.100000381469727,17.239999771118164,16.920000076293945,17.170000076293945,16.89604949951172,818200
2016-04-22,17.18000030517578,17.3700008392334,17.020000457763672,17.040000915527344,16.768123626708984,1398500
2016-04-25,17.049999237060547,17.139999389648438,16.829999923706055,16.920000076293945,16.65003776550293,1130500
2016-04-26,17.049999237060547,17.6200008392334,17.0,17.299999237060547,17.02397346496582,1923500
2016-04-27,17.329999923706055,17.549999237060547,17.229999542236328,17.450000762939453,17.17158317565918,1528400
2016-04-28,17.399999618530273,17.959999084472656,17.389999389648438,17.520000457763672,17.24046516418457,1404000
2016-04-29,17.5,17.700000762939453,17.290000915527344,17.350000381469727,17.073177337646484,1048200
2016-05-02,17.520000457763672,17.739999771118164,17.040000915527344,17.239999771118164,16.96493148803711,2031700
2016-05-03,17.100000381469727,17.190000534057617,16.489999771118164,16.579999923706055,16.315462112426758,2458400
2016-05-04,16.559999465942383,16.690000534057617,16.229999542236328,16.459999084472656,16.197376251220703,1364400
2016-05-05,16.520000457763672,16.6299991607666,15.989999771118164,15.989999771118164,15.73487663269043,1323200
2016-05-06,18.25,19.850000381469727,17.579999923706055,19.309999465942383,19.00190544128418,5860600
2016-05-09,19.219999313354492,19.3700008392334,18.760000228881836,18.790000915527344,18.490201950073242,1254300
2016-05-10,18.829999923706055,20.209999084472656,18.469999313354492,19.850000381469727,19.533288955688477,2982800
2016-05-11,19.6299991607666,19.959999084472656,19.3700008392334,19.709999084472656,19.395523071289062,875900
2016-05-12,19.729999542236328,19.799999237060547,18.969999313354492,19.469999313354492,19.159351348876953,811000
2016-05-13,19.520000457763672,19.780000686645508,19.06999969482422,19.170000076293945,18.864137649536133,641900
2016-05-16,19.15999984741211,19.530000686645508,19.110000610351562,19.260000228881836,18.95270347595215,648900
2016-05-17,19.260000228881836,19.709999084472656,19.239999771118164,19.420000076293945,19.110151290893555,675500
2016-05-18,19.3799991607666,19.579999923706055,19.200000762939453,19.350000381469727,19.0412654876709,508200
2016-05-19,19.190000534057617,19.43000030517578,19.020000457763672,19.100000381469727,18.795255661010742,357600
2016-05-20,19.18000030517578,19.559999465942383,19.110000610351562,19.329999923706055,19.02158546447754,630300
2016-05-23,19.25,19.799999237060547,19.239999771118164,19.530000686645508,19.218395233154297,612100
2016-05-24,19.709999084472656,20.440000534057617,18.969999313354492,20.200000762939453,19.877704620361328,1067800
2016-05-25,19.90999984741211,20.020000457763672,17.34000015258789,17.56999969482422,17.2896671295166,3717700
2016-05-26,17.6299991607666,17.739999771118164,17.350000381469727,17.540000915527344,17.26014518737793,1107500
2016-05-27,17.600000381469727,17.8799991607666,17.43000030517578,17.829999923706055,17.545516967773438,935800
2016-05-31,17.93000030517578,18.170000076293945,17.899999618530273,18.100000381469727,17.81121063232422,1068200
2016-06-01,17.920000076293945,18.25,17.690000534057617,18.200000762939453,18.08951187133789,774600
2016-06-02,16.059999465942383,16.139999389648438,15.359999656677246,15.84000015258789,15.7438383102417,2724100
2016-06-03,15.84000015258789,16.399999618530273,15.739999771118164,16.219999313354492,16.121530532836914,1692700
2016-06-06,16.3700008392334,16.899999618530273,16.229999542236328,16.5,16.399831771850586,1009500
2016-06-07,16.510000228881836,16.799999237060547,16.290000915527344,16.6299991607666,16.529041290283203,698200
2016-06-08,16.6299991607666,16.760000228881836,16.5,16.719999313354492,16.618494033813477,563600
2016-06-09,16.610000610351562,16.93000030517578,16.559999465942383,16.700000762939453,16.598617553710938,466500
2016-06-10,16.670000076293945,16.979999542236328,16.59000015258789,16.729999542236328,16.628435134887695,677400
2016-06-13,16.700000762939453,17.309999465942383,16.520000457763672,17.06999969482422,16.96636962890625,921900
2016-06-14,17.06999969482422,17.43000030517578,16.850000381469727,16.969999313354492,16.86697769165039,991400
2016-06-15,17.1299991607666,17.43000030517578,17.010000228881836,17.280000686645508,17.17509651184082,869200
2016-06-16,17.170000076293945,17.440000534057617,16.90999984741211,17.3700008392334,17.264549255371094,655300
2016-06-17,17.479999542236328,18.290000915527344,17.420000076293945,17.860000610351562,17.751575469970703,1370000
2016-06-20,18.030000686645508,18.219999313354492,17.770000457763672,17.899999618530273,17.791332244873047,855800
2016-06-21,17.90999984741211,17.920000076293945,17.389999389648438,17.6299991607666,17.52297019958496,1229700
2016-06-22,17.670000076293945,18.1200008392334,17.649999618530273,18.020000457763672,17.91060447692871,834000
2016-06-23,18.270000457763672,18.5,18.1299991607666,18.479999542236328,18.367809295654297,805600
2016-06-24,17.600000381469727,17.770000457763672,17.43000030517578,17.510000228881836,17.40369987487793,1060900
2016-06-27,17.420000076293945,17.43000030517578,16.920000076293945,16.969999313354492,16.86697769165039,846000
2016-06-28,17.1299991607666,17.200000762939453,16.579999923706055,16.75,16.648313522338867,710500
2016-06-29,16.81999969482422,17.200000762939453,16.739999771118164,17.1299991607666,17.026004791259766,726700
2016-06-30,17.1299991607666,17.84000015258789,17.1299991607666,17.84000015258789,17.73169708251953,682200
2016-07-01,17.899999618530273,18.889999389648438,17.760000228881836,18.860000610351562,18.74550437927246,1018800
2016-07-05,18.700000762939453,18.860000610351562,18.110000610351562,18.229999542236328,18.119327545166016,974000
2016-07-06,18.229999542236328,18.93000030517578,18.049999237060547,18.889999389648438,18.775320053100586,1239800
2016-07-07,18.860000610351562,19.40999984741211,18.860000610351562,19.350000381469727,19.232528686523438,1276600
2016-07-08,19.649999618530273,20.040000915527344,19.479999542236328,19.969999313354492,19.848764419555664,877700
2016-07-11,20.040000915527344,20.5,20.0,20.40999984741211,20.286094665527344,497700
2016-07-12,20.5,20.90999984741211,20.440000534057617,20.799999237060547,20.673725128173828,624600
2016-07-13,20.860000610351562,21.510000228881836,20.799999237060547,21.290000915527344,21.16075325012207,1351800
2016-07-14,21.299999237060547,22.34000015258789,21.299999237060547,22.110000610351562,21.97577476501465,1007900
2016-07-15,22.270000457763672,22.469999313354492,21.84000015258789,22.010000228881836,21.876380920410156,1051400
2016-07-18,21.969999313354492,22.139999389648438,21.780000686645508,22.049999237060547,21.9161376953125,680000
2016-07-19,22.059999465942383,22.209999084472656,21.889999389648438,21.950000762939453,21.81674575805664,583900
2016-07-20,21.920000076293945,22.18000030517578,21.81999969482422,21.950000762939453,21.81674575805664,657500
2016-07-21,21.989999771118164,22.59000015258789,21.899999618530273,22.200000762939453,22.065227508544922,365400
2016-07-22,22.290000915527344,22.290000915527344,21.989999771118164,22.100000381469727,21.96583366394043,503300
2016-07-25,22.010000228881836,22.139999389648438,21.84000015258789,21.889999389648438,21.757108688354492,298500
2016-07-26,21.959999084472656,22.540000915527344,21.959999084472656,22.540000915527344,22.40316390991211,401900
2016-07-27,22.530000686645508,22.540000915527344,21.889999389648438,22.110000610351562,21.97577476501465,460400
2016-07-28,22.100000381469727,22.270000457763672,21.790000915527344,22.110000610351562,21.97577476501465,217000
2016-07-29,22.1200008392334,22.450000762939453,21.899999618530273,22.270000457763672,22.134801864624023,345800
2016-08-01,22.260000228881836,22.530000686645508,22.079999923706055,22.399999618530273,22.264013290405273,288600
2016-08-02,22.25,22.520000457763672,22.020000457763672,22.030000686645508,21.896259307861328,250200
2016-08-03,22.049999237060547,22.510000228881836,21.940000534057617,22.34000015258789,22.204378128051758,269000
2016-08-04,22.31999969482422,22.540000915527344,22.190000534057617,22.399999618530273,22.264013290405273,188500
2016-08-05,22.600000381469727,23.0,22.510000228881836,22.68000030517578,22.542312622070312,548300
2016-08-08,22.809999465942383,23.020000457763672,22.709999084472656,22.90999984741211,22.770915985107422,349500
2016-08-09,22.899999618530273,22.920000076293945,22.479999542236328,22.5,22.363405227661133,242000
2016-08-10,22.540000915527344,22.540000915527344,22.049999237060547,22.09000015258789,21.955894470214844,474700
2016-08-11,22.239999771118164,22.709999084472656,22.149999618530273,22.510000228881836,22.37334442138672,423300
2016-08-12,22.489999771118164,22.690000534057617,22.270000457763672,22.389999389648438,22.254072189331055,285400
2016-08-15,22.399999618530273,22.780000686645508,22.399999618530273,22.68000030517578,22.542312622070312,487300
2016-08-16,22.600000381469727,22.639999389648438,21.600000381469727,21.8700008392334,21.737232208251953,676200
2016-08-17,21.899999618530273,21.959999084472656,21.68000030517578,21.780000686645508,21.647777557373047,527500
2016-08-18,21.790000915527344,22.190000534057617,21.780000686645508,21.940000534057617,21.806806564331055,640200
2016-08-19,22.0,25.850000381469727,21.850000381469727,25.6299991607666,25.474403381347656,3182600
2016-08-22,25.639999389648438,26.3799991607666,24.479999542236328,24.600000381469727,24.45065689086914,1412000
2016-08-23,24.75,24.889999389648438,24.200000762939453,24.360000610351562,24.212114334106445,1815200
2016-08-24,24.200000762939453,24.25,23.719999313354492,23.84000015258789,23.695270538330078,1047800
2016-08-25,23.829999923706055,24.040000915527344,23.469999313354492,23.780000686645508,23.635635375976562,937000
2016-08-26,23.329999923706055,24.200000762939453,23.030000686645508,23.479999542236328,23.33745574951172,1532900
2016-08-29,23.399999618530273,23.5,23.270000457763672,23.469999313354492,23.327516555786133,781900
2016-08-30,23.469999313354492,23.579999923706055,23.450000762939453,23.5,23.35733413696289,618200
2016-08-31,23.1200008392334,23.209999084472656,22.739999771118164,23.040000915527344,22.900129318237305,705400
2016-09-01,23.06999969482422,23.25,22.770000457763672,22.889999389648438,22.75103759765625,558000
2016-09-02,23.0,23.09000015258789,22.56999969482422,22.65999984741211,22.52243423461914,537400
2016-09-06,22.690000534057617,23.040000915527344,22.520000457763672,22.90999984741211,22.770915985107422,524400
2016-09-07,22.90999984741211,23.010000228881836,22.700000762939453,22.770000457763672,22.63176727294922,752100
2016-09-08,22.780000686645508,22.799999237060547,22.540000915527344,22.739999771118164,22.601947784423828,417400
2016-09-09,22.520000457763672,22.700000762939453,22.190000534057617,22.209999084472656,22.075164794921875,423000
2016-09-12,22.010000228881836,22.889999389648438,21.889999389648438,22.790000915527344,22.65164566040039,627200
2016-09-13,22.5,22.6299991607666,22.139999389648438,22.559999465942383,22.42304039001465,450300
2016-09-14,22.700000762939453,23.43000030517578,22.700000762939453,22.93000030517578,22.790796279907227,850900
2016-09-15,23.049999237060547,23.420000076293945,23.040000915527344,23.170000076293945,23.029338836669922,896700
2016-09-16,23.030000686645508,23.1299991607666,22.479999542236328,22.719999313354492,22.582069396972656,947500
2016-09-19,22.81999969482422,22.969999313354492,22.1299991607666,22.219999313354492,22.085105895996094,643000
2016-09-20,22.280000686645508,22.75,21.90999984741211,22.639999389648438,22.50255584716797,535700
2016-09-21,22.670000076293945,22.889999389648438,22.5,22.780000686645508,22.641706466674805,363000
2016-09-22,22.8700008392334,23.079999923706055,22.780000686645508,23.020000457763672,22.8802490234375,497300
2016-09-23,22.81999969482422,23.040000915527344,22.43000030517578,22.43000030517578,22.29383087158203,684300
2016-09-26,22.3799991607666,22.760000228881836,22.239999771118164,22.59000015258789,22.45285987854004,437000
2016-09-27,22.780000686645508,23.1299991607666,22.639999389648438,22.899999618530273,22.760976791381836,568200
2016-09-28,22.950000762939453,23.09000015258789,22.440000534057617,22.729999542236328,22.592008590698242,459500
2016-09-29,22.780000686645508,22.889999389648438,22.579999923706055,22.68000030517578,22.542312622070312,441200
2016-09-30,22.84000015258789,23.239999771118164,22.75,23.059999465942383,22.920005798339844,1029800
2016-10-03,23.06999969482422,23.190000534057617,22.860000610351562,23.030000686645508,22.890188217163086,514700
2016-10-04,23.010000228881836,23.270000457763672,22.760000228881836,22.790000915527344,22.65164566040039,405600
2016-10-05,22.93000030517578,23.399999618530273,22.809999465942383,23.309999465942383,23.168487548828125,322000
2016-10-06,23.260000228881836,23.420000076293945,23.200000762939453,23.329999923706055,23.18836784362793,286900
2016-10-07,23.31999969482422,23.31999969482422,22.979999542236328,23.15999984741211,23.019399642944336,328800
2016-10-10,23.15999984741211,23.540000915527344,23.15999984741211,23.489999771118164,23.347394943237305,395800
2016-10-11,23.34000015258789,23.739999771118164,22.940000534057617,23.139999389648438,22.99951934814453,202400
2016-10-12,23.229999542236328,23.40999984741211,22.959999084472656,23.030000686645508,22.890188217163086,169700
2016-10-13,22.81999969482422,25.0,22.469999313354492,23.34000015258789,23.198307037353516,1134300
2016-10-14,23.3799991607666,23.3799991607666,22.440000534057617,22.459999084472656,22.32364845275879,427400
2016-10-17,22.3799991607666,22.530000686645508,22.09000015258789,22.389999389648438,22.254072189331055,234500
2016-10-18,22.649999618530273,22.649999618530273,22.18000030517578,22.229999542236328,22.09504508972168,405700
2016-10-19,22.31999969482422,22.799999237060547,22.09000015258789,22.700000762939453,22.562192916870117,230300
2016-10-20,22.6299991607666,22.68000030517578,22.239999771118164,22.329999923706055,22.19443702697754,287700
2016-10-21,22.079999923706055,22.68000030517578,21.969999313354492,22.65999984741211,22.52243423461914,442800
2016-10-24,24.100000381469727,24.100000381469727,22.65999984741211,22.770000457763672,22.63176727294922,304400
2016-10-25,22.899999618530273,23.170000076293945,22.84000015258789,23.059999465942383,22.920005798339844,440300
2016-10-26,23.049999237060547,23.579999923706055,22.989999771118164,23.489999771118164,23.347394943237305,519600
2016-10-27,23.639999389648438,23.719999313354492,23.299999237060547,23.5,23.35733413696289,431700
2016-10-28,23.719999313354492,23.719999313354492,23.049999237060547,23.110000610351562,22.969703674316406,485300
2016-10-31,23.100000381469727,23.350000381469727,22.600000381469727,22.700000762939453,22.562192916870117,572300
2016-11-01,22.799999237060547,23.450000762939453,22.479999542236328,22.75,22.611888885498047,784300
2016-11-02,24.950000762939453,24.950000762939453,22.649999618530273,23.100000381469727,22.95976448059082,1084900
2016-11-03,23.100000381469727,23.6299991607666,22.700000762939453,23.399999618530273,23.25794219970703,856200
2016-11-04,23.399999618530273,23.579999923706055,22.850000381469727,23.049999237060547,22.910066604614258,597500
2016-11-07,23.299999237060547,23.850000381469727,22.75,22.799999237060547,22.661582946777344,866600
2016-11-08,22.799999237060547,23.700000762939453,22.700000762939453,23.5,23.35733413696289,868000
2016-11-09,23.799999237060547,25.899999618530273,23.799999237060547,25.5,25.34519386291504,3054000
2016-11-10,25.5,27.700000762939453,25.5,27.5,27.333051681518555,1957700
2016-11-11,27.350000381469727,28.450000762939453,27.350000381469727,27.850000381469727,27.680927276611328,1468400
2016-11-14,27.950000762939453,28.25,27.579999923706055,27.899999618530273,27.730623245239258,1036500
2016-11-15,27.700000762939453,28.0,27.200000762939453,27.899999618530273,27.730623245239258,798500
2016-11-16,27.850000381469727,28.450000762939453,27.649999618530273,28.299999237060547,28.12819480895996,997000
2016-11-17,28.149999618530273,28.700000762939453,27.950000762939453,28.200000762939453,28.0288028717041,1105400
2016-11-18,28.350000381469727,28.450000762939453,27.5,27.600000381469727,27.432445526123047,692500
2016-11-21,27.799999237060547,28.149999618530273,27.700000762939453,28.0,27.83001708984375,712900
2016-11-22,28.200000762939453,28.399999618530273,27.649999618530273,28.25,28.07849884033203,1133000
2016-11-23,27.950000762939453,29.5,27.950000762939453,29.25,29.07242774963379,1231300
2016-11-25,29.149999618530273,29.350000381469727,28.90999984741211,29.299999237060547,29.12212371826172,195200
2016-11-28,29.350000381469727,29.780000686645508,29.0,29.649999618530273,29.469999313354492,751000
2016-11-29,29.700000762939453,29.75,29.200000762939453,29.649999618530273,29.469999313354492,590700
2016-11-30,29.700000762939453,30.049999237060547,29.450000762939453,29.850000381469727,29.850000381469727,1056300
2016-12-01,30.0,30.200000762939453,29.200000762939453,29.850000381469727,29.850000381469727,1102900
2016-12-02,30.0,30.0,29.350000381469727,29.450000762939453,29.450000762939453,929700
2016-12-05,29.549999237060547,29.950000762939453,29.399999618530273,29.950000762939453,29.950000762939453,1005500
2016-12-06,29.950000762939453,31.25,29.700000762939453,31.149999618530273,31.149999618530273,1465300
2016-12-07,31.0,31.450000762939453,30.450000762939453,31.149999618530273,31.149999618530273,1258000
2016-12-08,31.149999618530273,31.75,30.65999984741211,31.0,31.0,1164700
2016-12-09,31.0,32.029998779296875,30.940000534057617,31.899999618530273,31.899999618530273,1048600
2016-12-12,31.75,31.75,30.729999542236328,31.299999237060547,31.299999237060547,557500
2016-12-13,31.399999618530273,31.600000381469727,30.450000762939453,30.850000381469727,30.850000381469727,1408300
2016-12-14,32.150001525878906,32.45000076293945,30.100000381469727,30.850000381469727,30.850000381469727,1449000
2016-12-15,30.899999618530273,32.04999923706055,30.75,31.75,31.75,1970900
2016-12-16,32.0,32.380001068115234,31.399999618530273,31.899999618530273,31.899999618530273,1710500
2016-12-19,31.950000762939453,32.5,31.600000381469727,32.5,32.5,1328300
2016-12-20,32.70000076293945,32.849998474121094,32.04999923706055,32.349998474121094,32.349998474121094,643800
2016-12-21,32.349998474121094,32.75,31.700000762939453,31.75,31.75,488100
2016-12-22,30.100000381469727,32.20000076293945,30.100000381469727,32.150001525878906,32.150001525878906,661800
2016-12-23,32.20000076293945,32.45000076293945,31.600000381469727,32.29999923706055,32.29999923706055,450600
2016-12-27,32.349998474121094,32.54999923706055,32.04999923706055,32.20000076293945,32.20000076293945,1090300
2016-12-28,32.150001525878906,32.400001525878906,32.0,32.20000076293945,32.20000076293945,808700
2016-12-29,32.25,32.29999923706055,31.200000762939453,31.25,31.25,522600
2016-12-30,31.399999618530273,31.530000686645508,30.899999618530273,31.200000762939453,31.200000762939453,1126300
2017-01-03,31.100000381469727,31.649999618530273,30.799999237060547,31.350000381469727,31.350000381469727,675400
2017-01-04,31.399999618530273,32.29999923706055,31.399999618530273,31.899999618530273,31.899999618530273,803500
2017-01-05,31.799999237060547,32.0,31.399999618530273,31.649999618530273,31.649999618530273,483500
2017-01-06,31.649999618530273,32.099998474121094,31.350000381469727,31.950000762939453,31.950000762939453,434700
2017-01-09,31.799999237060547,32.79999923706055,31.600000381469727,32.599998474121094,32.599998474121094,1006500
2017-01-10,32.79999923706055,33.91999816894531,32.70000076293945,33.599998474121094,33.599998474121094,1390300
2017-01-11,33.650001525878906,34.47999954223633,33.29999923706055,34.45000076293945,34.45000076293945,1129300
2017-01-12,34.400001525878906,34.400001525878906,32.650001525878906,33.150001525878906,33.150001525878906,1133700
2017-01-13,33.25,33.70000076293945,32.97999954223633,33.0,33.0,577200
2017-01-17,32.95000076293945,33.25,32.41999816894531,32.5,32.5,678700
2017-01-18,32.650001525878906,33.08000183105469,32.2599983215332,32.900001525878906,32.900001525878906,330500
2017-01-19,33.04999923706055,33.45000076293945,32.099998474121094,32.79999923706055,32.79999923706055,630400
2017-01-20,32.75,33.75,32.75,33.650001525878906,33.650001525878906,637600
2017-01-23,33.349998474121094,33.650001525878906,32.779998779296875,32.95000076293945,32.95000076293945,343100
2017-01-24,32.95000076293945,33.25,32.650001525878906,32.900001525878906,32.900001525878906,818400
2017-01-25,33.349998474121094,33.650001525878906,32.650001525878906,32.849998474121094,32.849998474121094,620700
2017-01-26,32.54999923706055,33.099998474121094,32.54999923706055,32.79999923706055,32.79999923706055,282800
2017-01-27,32.849998474121094,32.97999954223633,32.400001525878906,32.900001525878906,32.900001525878906,280800
2017-01-30,32.650001525878906,32.849998474121094,32.099998474121094,32.849998474121094,32.849998474121094,910600
2017-01-31,32.599998474121094,33.599998474121094,32.04999923706055,33.5,33.5,855800
2017-02-01,33.5,33.70000076293945,32.880001068115234,33.29999923706055,33.29999923706055,1321400
2017-02-02,33.349998474121094,33.75,32.900001525878906,33.099998474121094,33.099998474121094,1477500
2017-02-03,32.900001525878906,33.650001525878906,31.649999618530273,33.150001525878906,33.150001525878906,2546200
2017-02-06,33.0,33.83000183105469,32.95000076293945,33.04999923706055,33.04999923706055,781800
2017-02-07,33.20000076293945,33.20000076293945,32.22999954223633,32.29999923706055,32.29999923706055,402600
2017-02-08,32.150001525878906,32.29999923706055,31.700000762939453,31.75,31.75,607900
2017-02-09,31.950000762939453,33.099998474121094,31.75,32.70000076293945,32.70000076293945,726700
2017-02-10,32.650001525878906,33.0,32.150001525878906,32.25,32.25,659900
2017-02-13,32.400001525878906,33.0,32.29999923706055,32.45000076293945,32.45000076293945,656700
2017-02-14,32.20000076293945,33.0,32.0,32.75,32.75,504700
2017-02-15,32.54999923706055,33.099998474121094,32.400001525878906,33.0,33.0,425100
2017-02-16,33.04999923706055,33.25,31.8799991607666,33.0,33.0,842500
2017-02-17,32.900001525878906,33.349998474121094,32.400001525878906,33.0,33.0,627500
2017-02-21,33.099998474121094,33.13999938964844,32.5,32.849998474121094,32.849998474121094,544100
2017-02-22,32.849998474121094,32.95000076293945,32.54999923706055,32.900001525878906,32.900001525878906,278000
2017-02-23,33.0,33.04999923706055,32.29999923706055,32.400001525878906,32.400001525878906,410700
2017-02-24,32.20000076293945,32.91999816894531,32.04999923706055,32.54999923706055,32.54999923706055,393000
2017-02-27,32.5,33.0,32.29999923706055,32.849998474121094,32.849998474121094,448600
2017-02-28,32.70000076293945,32.79999923706055,32.0,32.150001525878906,32.150001525878906,1480600
2017-03-01,32.650001525878906,32.79999923706055,32.54999923706055,32.75,32.75,837600
2017-03-02,32.650001525878906,32.900001525878906,32.29999923706055,32.45000076293945,32.45000076293945,385200
2017-03-03,32.29999923706055,33.650001525878906,32.150001525878906,33.349998474121094,33.349998474121094,834400
2017-03-06,33.099998474121094,33.45000076293945,32.72999954223633,33.349998474121094,33.349998474121094,589200
2017-03-07,33.29999923706055,33.599998474121094,33.099998474121094,33.400001525878906,33.400001525878906,730800
2017-03-08,33.54999923706055,33.54999923706055,33.029998779296875,33.099998474121094,33.099998474121094,423700
2017-03-09,33.20000076293945,33.349998474121094,32.849998474121094,32.95000076293945,32.95000076293945,501800
2017-03-10,33.0,33.54999923706055,32.95000076293945,33.20000076293945,33.20000076293945,685800
2017-03-13,33.20000076293945,33.599998474121094,33.20000076293945,33.5,33.5,495900
2017-03-14,33.349998474121094,33.349998474121094,32.5,33.0,33.0,458000
2017-03-15,33.099998474121094,33.880001068115234,33.099998474121094,33.70000076293945,33.70000076293945,604300
2017-03-16,33.75,34.08000183105469,33.599998474121094,33.849998474121094,33.849998474121094,496600
2017-03-17,33.75,33.79999923706055,33.099998474121094,33.54999923706055,33.54999923706055,1021000
2017-03-20,33.400001525878906,33.779998779296875,33.400001525878906,33.599998474121094,33.599998474121094,256500
2017-03-21,33.75,33.75,32.0,32.099998474121094,32.099998474121094,449500
2017-03-22,31.950000762939453,33.130001068115234,31.559999465942383,32.95000076293945,32.95000076293945,617800
2017-03-23,32.900001525878906,33.130001068115234,32.75,32.900001525878906,32.900001525878906,547700
2017-03-24,32.95000076293945,33.349998474121094,32.79999923706055,33.20000076293945,33.20000076293945,666300
2017-03-27,32.849998474121094,33.599998474121094,32.75,33.400001525878906,33.400001525878906,694100
2017-03-28,33.349998474121094,34.599998474121094,33.150001525878906,34.45000076293945,34.45000076293945,514000
2017-03-29,34.349998474121094,34.849998474121094,34.25,34.45000076293945,34.45000076293945,584400
2017-03-30,34.5,35.45000076293945,34.0,35.400001525878906,35.400001525878906,541700
2017-03-31,35.29999923706055,35.900001525878906,35.25,35.45000076293945,35.45000076293945,672500
2017-04-03,35.54999923706055,36.0,34.29999923706055,34.5,34.5,1113200
2017-04-04,34.349998474121094,35.400001525878906,34.20000076293945,35.29999923706055,35.29999923706055,801800
2017-04-05,35.599998474121094,36.150001525878906,35.20000076293945,35.400001525878906,35.400001525878906,687400
2017-04-06,35.45000076293945,35.91999816894531,34.95000076293945,35.75,35.75,853200
2017-04-07,35.70000076293945,35.95000076293945,35.5,35.54999923706055,35.54999923706055,652900
2017-04-10,35.70000076293945,35.95000076293945,35.380001068115234,35.54999923706055,35.54999923706055,545700
2017-04-11,35.5,35.93000030517578,35.29999923706055,35.849998474121094,35.849998474121094,976700
2017-04-12,35.75,35.849998474121094,34.70000076293945,34.70000076293945,34.70000076293945,404300
2017-04-13,34.70000076293945,34.79999923706055,33.849998474121094,34.25,34.25,776900
2017-04-17,34.5,34.599998474121094,34.04999923706055,34.349998474121094,34.349998474121094,609500
2017-04-18,34.20000076293945,34.380001068115234,33.900001525878906,34.04999923706055,34.04999923706055,621100
2017-04-19,34.20000076293945,35.5,34.20000076293945,35.400001525878906,35.400001525878906,851500
2017-04-20,35.54999923706055,35.95000076293945,35.29999923706055,35.900001525878906,35.900001525878906,1627000
2017-04-21,35.79999923706055,36.04999923706055,35.54999923706055,35.79999923706055,35.79999923706055,447700
2017-04-24,36.25,36.650001525878906,36.0,36.599998474121094,36.599998474121094,666700
2017-04-25,36.75,37.20000076293945,36.5,37.04999923706055,37.04999923706055,1396100
2017-04-26,37.20000076293945,38.349998474121094,37.099998474121094,38.04999923706055,38.04999923706055,1834200
2017-04-27,38.099998474121094,38.380001068115234,37.83000183105469,38.04999923706055,38.04999923706055,982600
2017-04-28,38.099998474121094,38.25,37.70000076293945,37.849998474121094,37.849998474121094,837200
2017-05-01,37.95000076293945,38.25,37.45000076293945,38.150001525878906,38.150001525878906,926800
2017-05-02,38.04999923706055,38.20000076293945,37.70000076293945,37.849998474121094,37.849998474121094,668400
2017-05-03,37.599998474121094,38.16999816894531,37.400001525878906,38.04999923706055,38.04999923706055,1079100
2017-05-04,38.150001525878906,38.349998474121094,37.95000076293945,38.29999923706055,38.29999923706055,1189200
2017-05-05,35.95000076293945,37.91999816894531,34.45000076293945,37.75,37.75,2267500
2017-05-08,37.650001525878906,39.83000183105469,37.650001525878906,39.75,39.75,1371600
2017-05-09,39.75,40.400001525878906,39.75,39.95000076293945,39.95000076293945,1333300
2017-05-10,39.900001525878906,40.25,39.54999923706055,40.099998474121094,40.099998474121094,772800
2017-05-11,39.849998474121094,40.70000076293945,39.650001525878906,40.650001525878906,40.650001525878906,900000
2017-05-12,40.45000076293945,40.650001525878906,39.20000076293945,39.70000076293945,39.70000076293945,664500
2017-05-15,39.79999923706055,39.900001525878906,39.400001525878906,39.599998474121094,39.599998474121094,631200
2017-05-16,39.5,39.72999954223633,39.0,39.04999923706055,39.04999923706055,605400
2017-05-17,39.04999923706055,39.04999923706055,35.5,36.5,36.5,1761800
2017-05-18,36.25,36.400001525878906,35.58000183105469,35.95000076293945,35.95000076293945,1235400
2017-05-19,36.04999923706055,37.20000076293945,36.04999923706055,36.79999923706055,36.79999923706055,989100
2017-05-22,36.900001525878906,37.349998474121094,36.5,36.95000076293945,36.95000076293945,536800
2017-05-23,37.0,37.04999923706055,36.459999084472656,36.900001525878906,36.900001525878906,481800
2017-05-24,37.5,37.75,36.95000076293945,37.04999923706055,37.04999923706055,302400
2017-05-25,37.0,37.630001068115234,36.900001525878906,37.20000076293945,37.20000076293945,886600
2017-05-26,37.5,37.70000076293945,37.099998474121094,37.400001525878906,37.400001525878906,637300
2017-05-30,37.150001525878906,37.75,37.0,37.20000076293945,37.20000076293945,503600
2017-05-31,37.099998474121094,37.54999923706055,36.75,37.400001525878906,37.400001525878906,551900
2017-06-01,37.54999923706055,38.45000076293945,37.400001525878906,38.45000076293945,38.45000076293945,464400
2017-06-02,38.650001525878906,38.79999923706055,38.20000076293945,38.25,38.25,424700
2017-06-05,38.29999923706055,38.349998474121094,37.900001525878906,38.0,38.0,356300
2017-06-06,37.75,38.16999816894531,37.25,37.75,37.75,472300
2017-06-07,37.45000076293945,37.880001068115234,37.400001525878906,37.599998474121094,37.599998474121094,419700
2017-06-08,37.599998474121094,38.099998474121094,37.41999816894531,37.75,37.75,444500
2017-06-09,38.0,38.25,37.5,37.849998474121094,37.849998474121094,369900
2017-06-12,37.70000076293945,38.45000076293945,37.400001525878906,37.95000076293945,37.95000076293945,522500
2017-06-13,37.900001525878906,38.29999923706055,37.70000076293945,38.20000076293945,38.20000076293945,530700
2017-06-14,38.25,38.33000183105469,37.04999923706055,37.400001525878906,37.400001525878906,392600
2017-06-15,37.25,37.45000076293945,36.650001525878906,37.29999923706055,37.29999923706055,205500
2017-06-16,36.900001525878906,37.5,36.7599983215332,37.099998474121094,37.099998474121094,599900
2017-06-19,37.20000076293945,37.79999923706055,37.150001525878906,37.599998474121094,37.599998474121094,340300
2017-06-20,37.599998474121094,37.75,37.04999923706055,37.70000076293945,37.70000076293945,507500
2017-06-21,37.70000076293945,37.95000076293945,37.150001525878906,37.79999923706055,37.79999923706055,466600
2017-06-22,37.75,37.95000076293945,37.33000183105469,37.70000076293945,37.70000076293945,499800
2017-06-23,37.70000076293945,38.0,37.400001525878906,37.400001525878906,37.400001525878906,485500
2017-06-26,37.5,37.70000076293945,36.79999923706055,37.45000076293945,37.45000076293945,302700
2017-06-27,37.29999923706055,37.599998474121094,37.099998474121094,37.20000076293945,37.20000076293945,354700
2017-06-28,37.45000076293945,38.20000076293945,37.349998474121094,38.099998474121094,38.099998474121094,268700
2017-06-29,38.25,38.400001525878906,37.849998474121094,38.150001525878906,38.150001525878906,931000
2017-06-30,38.150001525878906,38.25,37.70000076293945,37.95000076293945,37.95000076293945,730700
2017-07-03,38.349998474121094,38.349998474121094,37.70000076293945,37.849998474121094,37.849998474121094,273300
2017-07-05,37.79999923706055,38.25,37.599998474121094,38.04999923706055,38.04999923706055,468200
2017-07-06,37.75,37.79999923706055,36.0,36.0,36.0,670000
2017-07-07,36.25,36.599998474121094,35.900001525878906,36.400001525878906,36.400001525878906,294600
2017-07-10,36.5,36.5,35.45000076293945,35.45000076293945,35.45000076293945,410300
2017-07-11,35.20000076293945,35.54999923706055,34.95000076293945,35.349998474121094,35.349998474121094,447300
2017-07-12,35.400001525878906,36.150001525878906,35.29999923706055,35.5,35.5,441500
2017-07-13,35.54999923706055,35.779998779296875,35.22999954223633,35.29999923706055,35.29999923706055,537800
2017-07-14,35.5,35.54999923706055,34.849998474121094,34.95000076293945,34.95000076293945,347300
2017-07-17,34.849998474121094,35.380001068115234,34.849998474121094,35.20000076293945,35.20000076293945,281600
2017-07-18,35.04999923706055,35.349998474121094,34.79999923706055,34.900001525878906,34.900001525878906,435100
2017-07-19,35.099998474121094,35.72999954223633,35.0,35.5,35.5,310100
2017-07-20,35.70000076293945,35.75,35.400001525878906,35.54999923706055,35.54999923706055,216300
2017-07-21,36.25,36.25,34.95000076293945,35.0,35.0,453600
2017-07-24,35.0,35.25,34.400001525878906,34.5,34.5,284100
2017-07-25,34.599998474121094,35.25,34.400001525878906,34.79999923706055,34.79999923706055,552500
2017-07-26,34.75,34.900001525878906,33.20000076293945,33.5,33.5,498800
2017-07-27,33.599998474121094,33.599998474121094,32.349998474121094,32.95000076293945,32.95000076293945,767600
2017-07-28,32.849998474121094,33.5,32.79999923706055,32.95000076293945,32.95000076293945,720500
2017-07-31,32.95000076293945,33.25,32.25,32.5,32.5,762300
2017-08-01,32.70000076293945,32.95000076293945,32.29999923706055,32.45000076293945,32.45000076293945,788000
2017-08-02,32.599998474121094,33.150001525878906,32.29999923706055,32.75,32.75,495800
2017-08-03,32.79999923706055,33.25,32.70000076293945,33.20000076293945,33.20000076293945,304800
2017-08-04,33.349998474121094,33.75,33.25,33.349998474121094,33.349998474121094,353900
2017-08-07,33.400001525878906,33.900001525878906,33.400001525878906,33.75,33.75,264100
2017-08-08,33.79999923706055,34.400001525878906,33.599998474121094,33.900001525878906,33.900001525878906,288400
2017-08-09,33.75,33.900001525878906,33.099998474121094,33.20000076293945,33.20000076293945,420200
2017-08-10,33.0,33.04999923706055,32.25,32.70000076293945,32.70000076293945,447500
2017-08-11,32.54999923706055,33.900001525878906,32.20000076293945,33.25,33.25,400700
2017-08-14,33.400001525878906,33.900001525878906,33.400001525878906,33.650001525878906,33.650001525878906,255500
2017-08-15,33.79999923706055,34.04999923706055,33.349998474121094,33.400001525878906,33.400001525878906,340300
2017-08-16,33.599998474121094,33.79999923706055,32.599998474121094,32.650001525878906,32.650001525878906,477100
2017-08-17,32.5,32.95000076293945,31.149999618530273,31.350000381469727,31.350000381469727,581800
2017-08-18,30.149999618530273,36.75,30.149999618530273,34.04999923706055,34.04999923706055,1609100
2017-08-21,33.95000076293945,34.20000076293945,32.95000076293945,33.900001525878906,33.900001525878906,543500
2017-08-22,33.75,34.150001525878906,33.630001068115234,33.95000076293945,33.95000076293945,333700
2017-08-23,33.650001525878906,34.150001525878906,33.5,33.900001525878906,33.900001525878906,314000
2017-08-24,33.900001525878906,34.099998474121094,33.70000076293945,33.95000076293945,33.95000076293945,438200
2017-08-25,34.04999923706055,34.20000076293945,33.75,34.0,34.0,368900
2017-08-28,34.04999923706055,34.400001525878906,33.650001525878906,33.79999923706055,33.79999923706055,388700
2017-08-29,33.599998474121094,34.33000183105469,33.400001525878906,33.849998474121094,33.849998474121094,308600
2017-08-30,33.54999923706055,34.130001068115234,33.54999923706055,33.849998474121094,33.849998474121094,388600
2017-08-31,33.79999923706055,34.349998474121094,33.79999923706055,34.20000076293945,34.20000076293945,344900
2017-09-01,34.25,34.5,33.849998474121094,34.0,34.0,463100
2017-09-05,33.900001525878906,34.54999923706055,33.650001525878906,33.95000076293945,33.95000076293945,553500
2017-09-06,34.099998474121094,34.099998474121094,33.25,33.400001525878906,33.400001525878906,386600
2017-09-07,33.54999923706055,34.400001525878906,33.22999954223633,34.349998474121094,34.349998474121094,584300
2017-09-08,34.25,34.5,33.33000183105469,33.54999923706055,33.54999923706055,422100
2017-09-11,33.95000076293945,34.25,33.5,33.75,33.75,340600
2017-09-12,33.849998474121094,34.70000076293945,33.849998474121094,34.5,34.5,398300
2017-09-13,34.5,34.849998474121094,34.130001068115234,34.70000076293945,34.70000076293945,422500
2017-09-14,34.5,35.599998474121094,34.45000076293945,35.45000076293945,35.45000076293945,487200
2017-09-15,35.54999923706055,35.599998474121094,35.150001525878906,35.29999923706055,35.29999923706055,1342800
2017-09-18,35.25,35.5,34.5,34.95000076293945,34.95000076293945,494200
2017-09-19,34.95000076293945,34.95000076293945,31.3799991607666,31.399999618530273,31.399999618530273,1379900
2017-09-20,31.399999618530273,33.25,31.399999618530273,33.150001525878906,33.150001525878906,1038300
2017-09-21,33.20000076293945,33.29999923706055,32.75,33.25,33.25,549000
2017-09-22,33.20000076293945,33.400001525878906,32.83000183105469,33.04999923706055,33.04999923706055,435700
2017-09-25,33.04999923706055,33.58000183105469,32.650001525878906,33.04999923706055,33.04999923706055,371800
2017-09-26,33.150001525878906,34.0,33.04999923706055,33.599998474121094,33.599998474121094,264300
2017-09-27,33.849998474121094,34.95000076293945,33.75,34.79999923706055,34.79999923706055,438700
2017-09-28,34.79999923706055,35.400001525878906,34.650001525878906,35.349998474121094,35.349998474121094,400400
2017-09-29,35.25,35.95000076293945,34.900001525878906,35.849998474121094,35.849998474121094,545100
2017-10-02,35.75,36.599998474121094,35.650001525878906,36.400001525878906,36.400001525878906,596900
2017-10-03,36.54999923706055,37.20000076293945,36.099998474121094,36.25,36.25,448600
2017-10-04,36.29999923706055,36.650001525878906,35.45000076293945,35.5,35.5,376700
2017-10-05,35.599998474121094,36.099998474121094,35.25,35.349998474121094,35.349998474121094,280800
2017-10-06,35.349998474121094,36.0,35.29999923706055,36.0,36.0,295900
2017-10-09,36.0,36.099998474121094,35.0,35.04999923706055,35.04999923706055,319600
2017-10-10,35.29999923706055,35.45000076293945,34.900001525878906,35.349998474121094,35.349998474121094,293100
2017-10-11,35.400001525878906,35.75,35.29999923706055,35.5,35.5,220800
2017-10-12,35.5,35.70000076293945,35.099998474121094,35.400001525878906,35.400001525878906,374000
2017-10-13,35.45000076293945,35.849998474121094,35.29999923706055,35.45000076293945,35.45000076293945,377300
2017-10-16,35.54999923706055,36.08000183105469,35.45000076293945,35.95000076293945,35.95000076293945,631600
2017-10-17,35.95000076293945,36.20000076293945,35.400001525878906,35.45000076293945,35.45000076293945,512500
2017-10-18,35.599998474121094,36.150001525878906,35.5,36.0,36.0,290200
2017-10-19,35.849998474121094,36.08000183105469,35.47999954223633,35.900001525878906,35.900001525878906,191500
2017-10-20,36.29999923706055,36.47999954223633,35.79999923706055,35.849998474121094,35.849998474121094,201900
2017-10-23,35.900001525878906,36.04999923706055,35.54999923706055,35.54999923706055,35.54999923706055,365800
2017-10-24,35.54999923706055,36.04999923706055,35.54999923706055,35.900001525878906,35.900001525878906,293600
2017-10-25,35.75,36.029998779296875,35.5,35.900001525878906,35.900001525878906,462400
2017-10-26,36.0,36.25,35.75,36.099998474121094,36.099998474121094,340000
2017-10-27,36.099998474121094,36.70000076293945,36.04999923706055,36.29999923706055,36.29999923706055,354700
2017-10-30,36.29999923706055,37.41999816894531,36.04999923706055,36.650001525878906,36.650001525878906,763200
2017-10-31,36.900001525878906,37.099998474121094,36.45000076293945,36.95000076293945,36.95000076293945,720800
2017-11-01,37.04999923706055,37.04999923706055,35.849998474121094,36.650001525878906,36.650001525878906,588800
2017-11-02,36.79999923706055,37.25,35.900001525878906,36.150001525878906,36.150001525878906,542800
2017-11-03,33.0,36.54999923706055,30.709999084472656,35.650001525878906,35.650001525878906,988100
2017-11-06,35.45000076293945,37.099998474121094,35.400001525878906,36.599998474121094,36.599998474121094,593000
2017-11-07,36.650001525878906,37.16999816894531,36.349998474121094,37.04999923706055,37.04999923706055,746300
2017-11-08,36.849998474121094,38.0,36.849998474121094,37.900001525878906,37.900001525878906,871900
2017-11-09,37.650001525878906,38.400001525878906,37.54999923706055,38.0,38.0,772800
2017-11-10,37.849998474121094,38.45000076293945,37.54999923706055,38.150001525878906,38.150001525878906,482400
2017-11-13,38.099998474121094,38.099998474121094,37.29999923706055,37.599998474121094,37.599998474121094,481700
2017-11-14,37.45000076293945,37.5,37.04999923706055,37.349998474121094,37.349998474121094,372000
2017-11-15,37.20000076293945,37.900001525878906,36.79999923706055,37.25,37.25,1027700
2017-11-16,37.349998474121094,38.29999923706055,37.20000076293945,38.25,38.25,421600
2017-11-17,37.95000076293945,38.400001525878906,37.599998474121094,38.29999923706055,38.29999923706055,356100
2017-11-20,38.45000076293945,38.45000076293945,37.599998474121094,37.849998474121094,37.849998474121094,584800
2017-11-21,38.150001525878906,38.849998474121094,38.150001525878906,38.79999923706055,38.79999923706055,310300
2017-11-22,38.79999923706055,38.900001525878906,38.400001525878906,38.650001525878906,38.650001525878906,362300
2017-11-24,38.70000076293945,38.83000183105469,38.5,38.70000076293945,38.70000076293945,209900
2017-11-27,38.650001525878906,38.880001068115234,38.54999923706055,38.70000076293945,38.70000076293945,635800
2017-11-28,38.900001525878906,40.04999923706055,38.599998474121094,39.95000076293945,39.95000076293945,368900
2017-11-29,40.04999923706055,41.20000076293945,39.900001525878906,41.04999923706055,41.04999923706055,399900
2017-11-30,41.20000076293945,41.70000076293945,41.099998474121094,41.45000076293945,41.45000076293945,708900
2017-12-01,41.45000076293945,41.54999923706055,39.599998474121094,40.20000076293945,40.20000076293945,979500
2017-12-04,40.900001525878906,41.70000076293945,40.45000076293945,40.54999923706055,40.54999923706055,665100
2017-12-05,41.25,44.709999084472656,40.849998474121094,43.900001525878906,43.900001525878906,2327800
2017-12-06,43.849998474121094,44.150001525878906,42.849998474121094,44.0,44.0,1031400
2017-12-07,43.95000076293945,44.25,43.599998474121094,43.79999923706055,43.79999923706055,771500
2017-12-08,43.900001525878906,44.72999954223633,43.849998474121094,44.349998474121094,44.349998474121094,800500
2017-12-11,44.599998474121094,44.79999923706055,44.18000030517578,44.75,44.75,579800
2017-12-12,44.79999923706055,45.20000076293945,44.650001525878906,45.150001525878906,45.150001525878906,725900
2017-12-13,45.150001525878906,45.47999954223633,45.0,45.25,45.25,873000
2017-12-14,45.20000076293945,45.20000076293945,44.599998474121094,44.849998474121094,44.849998474121094,841400
2017-12-15,44.900001525878906,45.75,44.849998474121094,45.29999923706055,45.29999923706055,1405500
2017-12-18,45.54999923706055,45.900001525878906,45.45000076293945,45.849998474121094,45.849998474121094,695100
2017-12-19,45.95000076293945,46.0,45.349998474121094,45.45000076293945,45.45000076293945,598300
2017-12-20,45.5,45.54999923706055,45.0,45.0,45.0,392500
2017-12-21,45.099998474121094,45.25,44.72999954223633,45.099998474121094,45.099998474121094,368000
2017-12-22,45.0,45.099998474121094,43.95000076293945,44.04999923706055,44.04999923706055,248700
2017-12-26,44.04999923706055,44.29999923706055,43.68000030517578,43.849998474121094,43.849998474121094,145800
2017-12-27,43.79999923706055,44.150001525878906,43.70000076293945,43.900001525878906,43.900001525878906,177200
2017-12-28,44.0,44.0,42.54999923706055,42.650001525878906,42.650001525878906,410800
2017-12-29,42.70000076293945,42.849998474121094,42.04999923706055,42.04999923706055,42.04999923706055,483100
2018-01-02,42.0,43.349998474121094,41.7599983215332,43.25,43.25,924900
2018-01-03,43.25,44.47999954223633,42.849998474121094,44.29999923706055,44.29999923706055,811500
2018-01-04,44.20000076293945,44.58000183105469,44.0,44.150001525878906,44.150001525878906,698500
2018-01-05,44.20000076293945,44.29999923706055,44.029998779296875,44.099998474121094,44.099998474121094,354700
2018-01-08,44.099998474121094,45.20000076293945,44.04999923706055,45.20000076293945,45.20000076293945,704900
2018-01-09,45.099998474121094,45.20000076293945,44.349998474121094,45.099998474121094,45.099998474121094,902200
2018-01-10,44.54999923706055,45.04999923706055,44.54999923706055,44.95000076293945,44.95000076293945,512200
2018-01-11,45.150001525878906,46.400001525878906,45.099998474121094,46.25,46.25,1607200
2018-01-12,46.150001525878906,46.54999923706055,45.779998779296875,46.29999923706055,46.29999923706055,1399300
2018-01-16,46.45000076293945,46.54999923706055,45.79999923706055,46.349998474121094,46.349998474121094,1160700
2018-01-17,46.650001525878906,46.650001525878906,45.400001525878906,45.599998474121094,45.599998474121094,675100
2018-01-18,45.70000076293945,45.72999954223633,44.75,45.04999923706055,45.04999923706055,588500
2018-01-19,44.900001525878906,45.349998474121094,44.79999923706055,45.25,45.25,535800
2018-01-22,45.25,45.599998474121094,45.150001525878906,45.54999923706055,45.54999923706055,363300
2018-01-23,45.5,46.20000076293945,45.2599983215332,46.099998474121094,46.099998474121094,415900
2018-01-24,46.349998474121094,46.5,45.95000076293945,46.45000076293945,46.45000076293945,383400
2018-01-25,46.5,46.650001525878906,46.20000076293945,46.45000076293945,46.45000076293945,435200
2018-01-26,46.75,46.849998474121094,46.25,46.70000076293945,46.70000076293945,342000
2018-01-29,46.54999923706055,46.75,46.029998779296875,46.25,46.25,301000
2018-01-30,45.95000076293945,46.25,45.650001525878906,45.79999923706055,45.79999923706055,265300
2018-01-31,46.150001525878906,46.25,45.650001525878906,46.0,46.0,488300
2018-02-01,45.900001525878906,46.599998474121094,45.79999923706055,46.599998474121094,46.599998474121094,301600
2018-02-02,46.25,46.45000076293945,45.45000076293945,45.5,45.5,380700
2018-02-05,44.95000076293945,45.5,43.75,43.75,43.75,596800
2018-02-06,42.79999923706055,44.349998474121094,42.45000076293945,43.95000076293945,43.95000076293945,637900
2018-02-07,44.25,47.150001525878906,44.08000183105469,46.849998474121094,46.849998474121094,1037800
2018-02-08,46.849998474121094,47.099998474121094,44.849998474121094,44.849998474121094,44.849998474121094,1134000
2018-02-09,45.20000076293945,45.93000030517578,44.400001525878906,45.349998474121094,45.349998474121094,1295800
2018-02-12,45.45000076293945,46.25,44.650001525878906,46.0,46.0,934100
2018-02-13,45.54999923706055,46.70000076293945,45.54999923706055,46.349998474121094,46.349998474121094,662600
2018-02-14,45.95000076293945,47.25,45.95000076293945,47.099998474121094,47.099998474121094,819500
2018-02-15,47.400001525878906,48.18000030517578,47.0,48.0,48.0,651900
2018-02-16,47.849998474121094,48.54999923706055,47.79999923706055,47.95000076293945,47.95000076293945,560000
2018-02-20,47.79999923706055,47.849998474121094,46.599998474121094,47.099998474121094,47.099998474121094,602600
2018-02-21,47.29999923706055,47.900001525878906,46.70000076293945,47.150001525878906,47.150001525878906,630200
2018-02-22,47.45000076293945,48.150001525878906,46.900001525878906,47.04999923706055,47.04999923706055,386800
2018-02-23,47.25,48.099998474121094,46.70000076293945,48.04999923706055,48.04999923706055,410400
2018-02-26,48.099998474121094,48.099998474121094,47.150001525878906,47.849998474121094,47.849998474121094,292400
2018-02-27,47.849998474121094,48.04999923706055,46.849998474121094,46.849998474121094,46.849998474121094,453200
2018-02-28,47.20000076293945,47.5,46.04999923706055,46.04999923706055,46.04999923706055,452900
2018-03-01,46.20000076293945,46.45000076293945,45.20000076293945,45.75,45.75,513100
2018-03-02,45.349998474121094,47.099998474121094,45.099998474121094,46.900001525878906,46.900001525878906,405100
2018-03-05,46.54999923706055,48.099998474121094,46.54999923706055,47.900001525878906,47.900001525878906,484400
2018-03-06,48.04999923706055,48.630001068115234,47.349998474121094,48.599998474121094,48.599998474121094,442300
2018-03-07,48.349998474121094,49.04999923706055,48.25,49.0,49.0,672300
2018-03-08,49.25,49.25,48.72999954223633,49.150001525878906,49.150001525878906,350600
2018-03-09,49.25,49.70000076293945,48.849998474121094,49.650001525878906,49.650001525878906,475200
2018-03-12,49.70000076293945,50.0,49.650001525878906,49.75,49.75,513300
2018-03-13,48.95000076293945,49.95000076293945,48.29999923706055,49.5,49.5,548200
2018-03-14,49.04999923706055,49.5,48.68000030517578,49.45000076293945,49.45000076293945,421500
2018-03-15,49.599998474121094,49.95000076293945,49.150001525878906,49.400001525878906,49.400001525878906,373600
2018-03-16,49.349998474121094,49.599998474121094,48.599998474121094,48.900001525878906,48.900001525878906,648300
2018-03-19,48.900001525878906,49.400001525878906,48.45000076293945,49.099998474121094,49.099998474121094,319100
2018-03-20,49.099998474121094,49.849998474121094,48.849998474121094,49.5,49.5,433500
2018-03-21,49.5,49.650001525878906,49.04999923706055,49.04999923706055,49.04999923706055,227400
2018-03-22,48.650001525878906,48.79999923706055,47.70000076293945,47.70000076293945,47.70000076293945,283500
2018-03-23,47.75,47.79999923706055,46.75,46.75,46.75,292800
2018-03-26,47.5,48.0,47.400001525878906,47.900001525878906,47.900001525878906,450800
2018-03-27,48.25,48.349998474121094,46.900001525878906,47.20000076293945,47.20000076293945,282700
2018-03-28,47.20000076293945,47.29999923706055,46.400001525878906,46.75,46.75,352000
2018-03-29,47.0,47.95000076293945,47.0,47.54999923706055,47.54999923706055,358600
2018-04-02,47.45000076293945,47.650001525878906,46.29999923706055,46.95000076293945,46.95000076293945,288300
2018-04-03,47.04999923706055,47.54999923706055,46.900001525878906,47.25,47.25,280700
2018-04-04,46.54999923706055,47.45000076293945,46.54999923706055,47.20000076293945,47.20000076293945,464500
2018-04-05,47.45000076293945,47.83000183105469,47.25,47.70000076293945,47.70000076293945,302900
2018-04-06,47.400001525878906,48.47999954223633,47.400001525878906,48.04999923706055,48.04999923706055,383600
2018-04-09,48.349998474121094,48.95000076293945,48.20000076293945,48.20000076293945,48.20000076293945,350200
2018-04-10,48.849998474121094,49.0,48.599998474121094,48.849998474121094,48.849998474121094,366900
2018-04-11,48.75,49.400001525878906,48.599998474121094,49.29999923706055,49.29999923706055,311800
2018-04-12,49.45000076293945,49.75,49.150001525878906,49.650001525878906,49.650001525878906,421300
2018-04-13,49.95000076293945,50.0,49.279998779296875,49.5,49.5,417600
2018-04-16,49.79999923706055,50.150001525878906,49.68000030517578,49.900001525878906,49.900001525878906,640300
2018-04-17,50.04999923706055,50.04999923706055,49.400001525878906,49.599998474121094,49.599998474121094,571200
2018-04-18,49.79999923706055,49.849998474121094,49.29999923706055,49.29999923706055,49.29999923706055,369500
2018-04-19,49.29999923706055,49.54999923706055,49.150001525878906,49.29999923706055,49.29999923706055,260200
2018-04-20,49.29999923706055,49.349998474121094,48.349998474121094,48.45000076293945,48.45000076293945,270400
2018-04-23,48.650001525878906,48.900001525878906,48.150001525878906,48.29999923706055,48.29999923706055,225600
2018-04-24,48.650001525878906,48.79999923706055,47.45000076293945,47.75,47.75,308300
2018-04-25,47.70000076293945,48.099998474121094,47.400001525878906,47.650001525878906,47.650001525878906,507800
2018-04-26,47.75,48.0,47.58000183105469,47.79999923706055,47.79999923706055,341700
2018-04-27,47.79999923706055,48.08000183105469,47.599998474121094,47.75,47.75,354900
2018-04-30,47.95000076293945,48.099998474121094,47.599998474121094,47.599998474121094,47.599998474121094,657700
2018-05-01,47.45000076293945,47.70000076293945,46.599998474121094,47.150001525878906,47.150001525878906,330300
2018-05-02,47.04999923706055,47.83000183105469,47.04999923706055,47.54999923706055,47.54999923706055,586000
2018-05-03,47.400001525878906,47.79999923706055,47.099998474121094,47.400001525878906,47.400001525878906,522900
2018-05-04,47.400001525878906,47.849998474121094,43.5,44.849998474121094,44.849998474121094,1078400
2018-05-07,45.650001525878906,47.380001068115234,45.29999923706055,46.0,46.0,801600
2018-05-08,46.04999923706055,46.849998474121094,46.0,46.099998474121094,46.099998474121094,577200
2018-05-09,46.20000076293945,46.599998474121094,45.95000076293945,46.04999923706055,46.04999923706055,387100
2018-05-10,46.25,47.43000030517578,46.25,47.25,47.25,561900
2018-05-11,47.29999923706055,47.29999923706055,46.349998474121094,46.45000076293945,46.45000076293945,333300
2018-05-14,46.400001525878906,46.400001525878906,45.130001068115234,45.20000076293945,45.20000076293945,401600
2018-05-15,45.150001525878906,46.25,45.150001525878906,45.849998474121094,45.849998474121094,407700
2018-05-16,45.900001525878906,46.29999923706055,45.900001525878906,46.0,46.0,297100
2018-05-17,46.04999923706055,46.779998779296875,46.0,46.599998474121094,46.599998474121094,366100
2018-05-18,46.79999923706055,46.900001525878906,46.25,46.54999923706055,46.54999923706055,522100
2018-05-21,46.75,47.08000183105469,46.599998474121094,46.95000076293945,46.95000076293945,339400
2018-05-22,46.95000076293945,47.25,46.650001525878906,46.650001525878906,46.650001525878906,229100
2018-05-23,46.400001525878906,46.79999923706055,46.349998474121094,46.75,46.75,189200
2018-05-24,46.599998474121094,47.099998474121094,46.599998474121094,46.849998474121094,46.849998474121094,264100
2018-05-25,46.849998474121094,47.099998474121094,46.650001525878906,47.0,47.0,216700
2018-05-29,46.79999923706055,47.779998779296875,46.79999923706055,47.20000076293945,47.20000076293945,321400
2018-05-30,47.54999923706055,48.099998474121094,47.25,47.5,47.5,352500
2018-05-31,47.54999923706055,48.29999923706055,47.47999954223633,47.75,47.75,270600
2018-06-01,48.0,48.349998474121094,47.650001525878906,48.20000076293945,48.20000076293945,239100
2018-06-04,48.25,48.54999923706055,48.150001525878906,48.29999923706055,48.29999923706055,361600
2018-06-05,48.349998474121094,48.70000076293945,48.20000076293945,48.650001525878906,48.650001525878906,249400
2018-06-06,48.70000076293945,49.099998474121094,48.599998474121094,49.04999923706055,49.04999923706055,205100
2018-06-07,49.0,49.20000076293945,48.650001525878906,48.849998474121094,48.849998474121094,221300
2018-06-08,48.79999923706055,49.25,48.54999923706055,49.20000076293945,49.20000076293945,307200
2018-06-11,49.099998474121094,49.5,49.099998474121094,49.29999923706055,49.29999923706055,291000
2018-06-12,49.29999923706055,49.68000030517578,49.25,49.29999923706055,49.29999923706055,259900
2018-06-13,49.25,49.70000076293945,48.900001525878906,49.20000076293945,49.20000076293945,362500
2018-06-14,49.25,49.29999923706055,48.54999923706055,49.0,49.0,331900
2018-06-15,48.95000076293945,48.95000076293945,48.400001525878906,48.79999923706055,48.79999923706055,729500
2018-06-18,48.650001525878906,49.04999923706055,48.650001525878906,48.900001525878906,48.900001525878906,433500
2018-06-19,48.650001525878906,49.099998474121094,48.20000076293945,48.900001525878906,48.900001525878906,375900
2018-06-20,49.0,49.54999923706055,48.75,49.20000076293945,49.20000076293945,378300
2018-06-21,49.099998474121094,49.45000076293945,49.0,49.25,49.25,321400
2018-06-22,49.45000076293945,49.70000076293945,48.04999923706055,48.099998474121094,48.099998474121094,686200
2018-06-25,48.04999923706055,48.04999923706055,46.54999923706055,47.0,47.0,360300
2018-06-26,47.0,47.849998474121094,46.849998474121094,47.75,47.75,255500
2018-06-27,47.70000076293945,47.779998779296875,46.70000076293945,46.79999923706055,46.79999923706055,182300
2018-06-28,46.75,47.099998474121094,46.150001525878906,46.79999923706055,46.79999923706055,273900
2018-06-29,47.20000076293945,48.630001068115234,47.20000076293945,48.099998474121094,48.099998474121094,566500
2018-07-02,48.0,49.099998474121094,47.70000076293945,49.099998474121094,49.099998474121094,270400
2018-07-03,49.099998474121094,49.54999923706055,49.099998474121094,49.400001525878906,49.400001525878906,256700
2018-07-05,49.400001525878906,49.72999954223633,49.04999923706055,49.70000076293945,49.70000076293945,387200
2018-07-06,49.70000076293945,50.650001525878906,49.650001525878906,50.650001525878906,50.650001525878906,341900
2018-07-09,51.0,51.900001525878906,50.95000076293945,51.5,51.5,485000
2018-07-10,51.54999923706055,52.0,51.47999954223633,51.900001525878906,51.900001525878906,330200
2018-07-11,51.5,52.75,51.349998474121094,52.5,52.5,613400
2018-07-12,52.599998474121094,52.900001525878906,52.20000076293945,52.650001525878906,52.650001525878906,375900
2018-07-13,52.599998474121094,52.599998474121094,52.099998474121094,52.25,52.25,198500
2018-07-16,52.349998474121094,52.43000030517578,51.75,52.099998474121094,52.099998474121094,325800
2018-07-17,52.150001525878906,52.70000076293945,51.400001525878906,52.70000076293945,52.70000076293945,244000
2018-07-18,52.70000076293945,53.400001525878906,52.70000076293945,53.20000076293945,53.20000076293945,517800
2018-07-19,53.099998474121094,53.150001525878906,52.5,52.70000076293945,52.70000076293945,331100
2018-07-20,52.79999923706055,52.95000076293945,52.45000076293945,52.849998474121094,52.849998474121094,300100
2018-07-23,52.650001525878906,53.599998474121094,52.599998474121094,53.54999923706055,53.54999923706055,333100
2018-07-24,54.0,54.279998779296875,53.54999923706055,54.150001525878906,54.150001525878906,452500
2018-07-25,54.04999923706055,54.900001525878906,53.79999923706055,54.70000076293945,54.70000076293945,604900
2018-07-26,54.70000076293945,55.099998474121094,54.22999954223633,55.04999923706055,55.04999923706055,276600
2018-07-27,55.20000076293945,55.349998474121094,54.5,54.79999923706055,54.79999923706055,263700
2018-07-30,54.70000076293945,55.099998474121094,54.349998474121094,54.75,54.75,411400
2018-07-31,54.75,55.099998474121094,54.279998779296875,54.54999923706055,54.54999923706055,625400
2018-08-01,54.5,55.650001525878906,54.5,55.54999923706055,55.54999923706055,365900
2018-08-02,55.25,55.70000076293945,54.29999923706055,55.5,55.5,394300
2018-08-03,55.54999923706055,55.849998474121094,54.900001525878906,55.20000076293945,55.20000076293945,172100
2018-08-06,55.20000076293945,55.72999954223633,55.150001525878906,55.25,55.25,279100
2018-08-07,55.45000076293945,55.70000076293945,55.0,55.04999923706055,55.04999923706055,177600
2018-08-08,55.0,55.400001525878906,54.45000076293945,55.25,55.25,313300
2018-08-09,55.349998474121094,55.54999923706055,54.40999984741211,55.25,55.25,217700
2018-08-10,55.099998474121094,56.0,54.95000076293945,55.45000076293945,55.45000076293945,344500
2018-08-13,55.400001525878906,55.70000076293945,54.70000076293945,54.75,54.75,548500
2018-08-14,54.79999923706055,55.79999923706055,54.599998474121094,55.75,55.75,270900
2018-08-15,55.5,56.18000030517578,55.25,56.04999923706055,56.04999923706055,356300
2018-08-16,56.25,56.45000076293945,55.5,55.75,55.75,412500
2018-08-17,49.04999923706055,49.099998474121094,44.70000076293945,47.20000076293945,47.20000076293945,2213600
2018-08-20,47.29999923706055,48.650001525878906,47.150001525878906,48.400001525878906,48.400001525878906,727600
2018-08-21,48.650001525878906,49.0,48.349998474121094,48.5,48.5,514500
2018-08-22,48.099998474121094,49.150001525878906,48.0,49.04999923706055,49.04999923706055,499000
2018-08-23,48.900001525878906,49.22999954223633,48.349998474121094,48.75,48.75,505600
2018-08-24,48.45000076293945,49.04999923706055,48.45000076293945,48.70000076293945,48.70000076293945,246100
2018-08-27,48.75,49.45000076293945,48.349998474121094,48.400001525878906,48.400001525878906,390100
2018-08-28,48.400001525878906,48.75,47.5,47.70000076293945,47.70000076293945,626100
2018-08-29,47.75,48.0,47.25,47.70000076293945,47.70000076293945,399100
2018-08-30,47.54999923706055,48.29999923706055,47.45000076293945,47.79999923706055,47.79999923706055,458000
2018-08-31,47.75,48.04999923706055,47.54999923706055,47.849998474121094,47.849998474121094,480200
2018-09-04,47.5,48.75,47.45000076293945,47.75,47.75,504100
2018-09-05,47.54999923706055,48.04999923706055,47.25,47.75,47.75,402300
2018-09-06,47.70000076293945,48.099998474121094,46.54999923706055,46.54999923706055,46.54999923706055,425900
2018-09-07,46.400001525878906,46.849998474121094,45.900001525878906,46.0,46.0,377600
2018-09-10,46.099998474121094,46.20000076293945,44.95000076293945,45.25,45.25,514700
2018-09-11,45.04999923706055,45.900001525878906,45.04999923706055,45.29999923706055,45.29999923706055,362300
2018-09-12,45.20000076293945,45.349998474121094,43.79999923706055,44.5,44.5,434300
2018-09-13,44.54999923706055,45.130001068115234,44.29999923706055,44.849998474121094,44.849998474121094,470600
2018-09-14,44.95000076293945,45.25,44.650001525878906,44.849998474121094,44.849998474121094,272900
2018-09-17,44.75,44.83000183105469,44.380001068115234,44.650001525878906,44.650001525878906,265900
2018-09-18,44.70000076293945,45.150001525878906,44.599998474121094,44.849998474121094,44.849998474121094,254500
2018-09-19,44.849998474121094,45.099998474121094,44.599998474121094,45.04999923706055,45.04999923706055,617100
2018-09-20,45.20000076293945,45.79999923706055,45.0,45.45000076293945,45.45000076293945,320600
2018-09-21,45.349998474121094,46.04999923706055,45.25,45.349998474121094,45.349998474121094,667000
2018-09-24,45.150001525878906,46.20000076293945,44.900001525878906,46.04999923706055,46.04999923706055,377300
2018-09-25,46.150001525878906,47.45000076293945,46.099998474121094,47.150001525878906,47.150001525878906,527200
2018-09-26,47.20000076293945,47.79999923706055,47.0,47.349998474121094,47.349998474121094,424300
2018-09-27,47.25,47.75,47.189998626708984,47.5,47.5,456100
2018-09-28,47.400001525878906,48.29999923706055,47.400001525878906,48.20000076293945,48.20000076293945,498500
2018-10-01,48.45000076293945,48.68000030517578,47.77000045776367,47.880001068115234,47.880001068115234,340400
2018-10-02,47.880001068115234,48.33000183105469,46.25,46.279998779296875,46.279998779296875,393700
2018-10-03,46.43000030517578,46.939998626708984,46.16999816894531,46.7400016784668,46.7400016784668,241700
2018-10-04,46.540000915527344,46.86000061035156,45.2599983215332,45.5099983215332,45.5099983215332,371600
2018-10-05,45.5099983215332,46.16999816894531,44.95000076293945,46.04999923706055,46.04999923706055,308500
2018-10-08,46.209999084472656,46.369998931884766,45.209999084472656,45.4900016784668,45.4900016784668,526200
2018-10-09,45.29999923706055,47.31999969482422,45.29999923706055,47.08000183105469,47.08000183105469,498800
2018-10-10,46.900001525878906,47.81999969482422,46.83000183105469,47.369998931884766,47.369998931884766,613500
2018-10-11,47.15999984741211,47.54999923706055,46.279998779296875,46.33000183105469,46.33000183105469,648300
2018-10-12,46.689998626708984,46.689998626708984,45.11000061035156,45.790000915527344,45.790000915527344,798500
2018-10-15,45.59000015258789,46.959999084472656,45.369998931884766,46.54999923706055,46.54999923706055,286900
2018-10-16,46.86000061035156,48.619998931884766,46.369998931884766,48.5,48.5,430300
2018-10-17,48.34000015258789,48.77000045776367,47.9900016784668,48.619998931884766,48.619998931884766,380200
2018-10-18,48.470001220703125,48.61000061035156,47.16999816894531,47.560001373291016,47.560001373291016,376400
2018-10-19,47.52000045776367,47.83000183105469,47.099998474121094,47.5099983215332,47.5099983215332,389100
2018-10-22,47.7400016784668,48.58000183105469,47.540000915527344,47.599998474121094,47.599998474121094,258100
2018-10-23,47.04999923706055,47.470001220703125,46.4900016784668,46.86000061035156,46.86000061035156,422400
2018-10-24,46.709999084472656,47.630001068115234,45.689998626708984,45.790000915527344,45.790000915527344,457100
2018-10-25,46.13999938964844,48.290000915527344,46.130001068115234,48.040000915527344,48.040000915527344,638700
2018-10-26,47.58000183105469,48.70000076293945,46.790000915527344,48.25,48.25,325300
2018-10-29,48.70000076293945,49.439998626708984,47.58000183105469,48.150001525878906,48.150001525878906,330300
2018-10-30,48.220001220703125,49.779998779296875,48.11000061035156,49.54999923706055,49.54999923706055,372400
2018-10-31,49.18000030517578,51.75,49.18000030517578,50.630001068115234,50.630001068115234,730300
2018-11-01,50.619998931884766,51.11000061035156,49.88999938964844,50.0,50.0,792500
2018-11-02,51.900001525878906,56.36000061035156,51.7599983215332,52.790000915527344,52.790000915527344,1409800
2018-11-05,52.880001068115234,54.97999954223633,52.45000076293945,54.70000076293945,54.70000076293945,665400
2018-11-06,54.38999938964844,56.189998626708984,54.310001373291016,56.040000915527344,56.040000915527344,703200
2018-11-07,56.099998474121094,58.0,55.72999954223633,57.88999938964844,57.88999938964844,707300
2018-11-08,57.52000045776367,58.290000915527344,57.47999954223633,57.869998931884766,57.869998931884766,570100
2018-11-09,57.630001068115234,58.209999084472656,56.349998474121094,58.0,58.0,605300
2018-11-12,58.040000915527344,58.779998779296875,57.68000030517578,58.15999984741211,58.15999984741211,467800
2018-11-13,58.47999954223633,58.79999923706055,57.66999816894531,57.7400016784668,57.7400016784668,474000
2018-11-14,58.31999969482422,58.66999816894531,56.65999984741211,57.02000045776367,57.02000045776367,251200
2018-11-15,56.84000015258789,57.7400016784668,56.2599983215332,57.709999084472656,57.709999084472656,312100
2018-11-16,57.25,57.91999816894531,57.060001373291016,57.540000915527344,57.540000915527344,430400
2018-11-19,57.41999816894531,57.900001525878906,56.15999984741211,56.2400016784668,56.2400016784668,404300
2018-11-20,55.560001373291016,56.040000915527344,54.900001525878906,55.150001525878906,55.150001525878906,474500
2018-11-21,55.43000030517578,56.45000076293945,55.099998474121094,55.86000061035156,55.86000061035156,264800
2018-11-23,55.36000061035156,56.43000030517578,55.099998474121094,56.02000045776367,56.02000045776367,135800
2018-11-26,56.29999923706055,56.720001220703125,55.72999954223633,55.93000030517578,55.93000030517578,835500
2018-11-27,55.79999923706055,56.290000915527344,55.099998474121094,55.150001525878906,55.150001525878906,478800
2018-11-28,55.380001068115234,56.54999923706055,54.84000015258789,56.459999084472656,56.459999084472656,637900
2018-11-29,56.06999969482422,57.95000076293945,55.95000076293945,57.41999816894531,57.41999816894531,346700
2018-11-30,57.33000183105469,58.349998474121094,57.33000183105469,57.7400016784668,57.7400016784668,428100
2018-12-03,58.220001220703125,58.220001220703125,55.56999969482422,56.369998931884766,56.369998931884766,541500
2018-12-04,56.5,56.95000076293945,54.150001525878906,54.630001068115234,54.630001068115234,548700
2018-12-06,54.16999816894531,54.5,53.15999984741211,54.5,54.5,458300
2018-12-07,54.36000061035156,54.63999938964844,52.279998779296875,52.7599983215332,52.7599983215332,477800
2018-12-10,52.72999954223633,53.41999816894531,52.02000045776367,52.040000915527344,52.040000915527344,463600
2018-12-11,52.880001068115234,53.22999954223633,51.58000183105469,52.029998779296875,52.029998779296875,473200
2018-12-12,52.70000076293945,53.5,52.560001373291016,53.04999923706055,53.04999923706055,433400
2018-12-13,53.2599983215332,53.41999816894531,52.22999954223633,52.25,52.25,484900
2018-12-14,51.939998626708984,52.119998931884766,50.970001220703125,51.130001068115234,51.130001068115234,468900
2018-12-17,50.959999084472656,51.400001525878906,49.849998474121094,49.9900016784668,49.9900016784668,612000
2018-12-18,50.27000045776367,50.65999984741211,49.380001068115234,49.619998931884766,49.619998931884766,450100
2018-12-19,49.709999084472656,50.33000183105469,47.869998931884766,48.40999984741211,48.40999984741211,466700
2018-12-20,48.380001068115234,49.02000045776367,47.09000015258789,47.65999984741211,47.65999984741211,555000
2018-12-21,47.59000015258789,48.2599983215332,45.2599983215332,45.529998779296875,45.529998779296875,2003400
2018-12-24,45.290000915527344,45.709999084472656,44.54999923706055,44.56999969482422,44.56999969482422,373400
2018-12-26,44.83000183105469,46.650001525878906,44.529998779296875,46.59000015258789,46.59000015258789,507700
2018-12-27,45.91999816894531,46.56999969482422,45.5099983215332,46.529998779296875,46.529998779296875,568000
2018-12-28,46.66999816894531,47.63999938964844,46.45000076293945,46.93000030517578,46.93000030517578,305000
2018-12-31,47.27000045776367,47.61000061035156,46.7400016784668,47.31999969482422,47.31999969482422,467900
2019-01-02,46.7400016784668,47.560001373291016,46.43000030517578,47.369998931884766,47.369998931884766,767500
2019-01-03,46.939998626708984,47.869998931884766,46.81999969482422,46.9900016784668,46.9900016784668,488600
2019-01-04,47.66999816894531,48.95000076293945,47.66999816894531,48.209999084472656,48.209999084472656,409600
2019-01-07,48.04999923706055,48.4900016784668,47.45000076293945,47.77000045776367,47.77000045776367,423900
2019-01-08,48.279998779296875,48.90999984741211,47.20000076293945,47.5,47.5,489800
2019-01-09,47.709999084472656,48.2599983215332,46.880001068115234,47.369998931884766,47.369998931884766,400900
2019-01-10,47.04999923706055,47.380001068115234,46.63999938964844,47.380001068115234,47.380001068115234,587600
2019-01-11,47.150001525878906,47.52000045776367,46.779998779296875,47.369998931884766,47.369998931884766,437200
2019-01-14,46.970001220703125,47.439998626708984,46.689998626708984,47.20000076293945,47.20000076293945,393900
2019-01-15,47.369998931884766,48.04999923706055,47.16999816894531,47.849998474121094,47.849998474121094,310600
2019-01-16,47.93000030517578,48.599998474121094,47.7599983215332,47.9900016784668,47.9900016784668,688200
2019-01-17,47.72999954223633,48.470001220703125,47.72999954223633,47.93000030517578,47.93000030517578,498600
2019-01-18,48.18000030517578,49.06999969482422,48.0099983215332,48.880001068115234,48.880001068115234,329500
2019-01-22,48.720001220703125,49.439998626708984,48.279998779296875,48.70000076293945,48.70000076293945,324400
2019-01-23,48.849998474121094,49.529998779296875,48.70000076293945,49.150001525878906,49.150001525878906,332100
2019-01-24,49.040000915527344,49.369998931884766,48.540000915527344,49.06999969482422,49.06999969482422,249000
2019-01-25,49.459999084472656,49.79999923706055,49.22999954223633,49.65999984741211,49.65999984741211,183900
2019-01-28,49.15999984741211,49.45000076293945,48.619998931884766,49.220001220703125,49.220001220703125,282100
2019-01-29,49.40999984741211,49.459999084472656,48.61000061035156,48.79999923706055,48.79999923706055,228300
2019-01-30,49.0099983215332,49.369998931884766,48.36000061035156,49.2400016784668,49.2400016784668,299000
2019-01-31,49.16999816894531,49.4900016784668,48.72999954223633,48.900001525878906,48.900001525878906,327300
2019-02-01,48.900001525878906,49.310001373291016,48.650001525878906,49.2599983215332,49.2599983215332,301700
2019-02-04,49.209999084472656,49.91999816894531,48.959999084472656,49.650001525878906,49.650001525878906,220300
2019-02-05,49.779998779296875,50.130001068115234,49.41999816894531,49.560001373291016,49.560001373291016,347400
2019-02-06,49.5099983215332,49.709999084472656,48.97999954223633,49.40999984741211,49.40999984741211,228300
2019-02-07,49.040000915527344,49.97999954223633,48.4900016784668,49.0,49.0,266200
2019-02-08,48.560001373291016,49.880001068115234,47.130001068115234,47.790000915527344,47.790000915527344,747400
2019-02-11,47.90999984741211,48.439998626708984,47.56999969482422,47.77000045776367,47.77000045776367,405300
2019-02-12,48.08000183105469,48.439998626708984,47.290000915527344,47.63999938964844,47.63999938964844,340500
2019-02-13,47.599998474121094,48.4900016784668,47.54999923706055,48.2400016784668,48.2400016784668,384400
2019-02-14,47.79999923706055,48.709999084472656,47.68000030517578,48.150001525878906,48.150001525878906,370600
2019-02-15,48.58000183105469,49.119998931884766,47.939998626708984,48.470001220703125,48.470001220703125,364100
2019-02-19,48.279998779296875,49.20000076293945,48.18000030517578,49.029998779296875,49.029998779296875,321100
2019-02-20,49.099998474121094,49.150001525878906,48.040000915527344,48.150001525878906,48.150001525878906,332300
2019-02-21,48.18000030517578,49.66999816894531,48.18000030517578,49.2400016784668,49.2400016784668,419100
2019-02-22,49.47999954223633,49.47999954223633,48.77000045776367,49.2400016784668,49.2400016784668,310100
2019-02-25,49.349998474121094,49.599998474121094,48.83000183105469,48.959999084472656,48.959999084472656,332200
2019-02-26,48.95000076293945,49.099998474121094,48.279998779296875,48.33000183105469,48.33000183105469,317100
2019-02-27,48.130001068115234,48.38999938964844,47.72999954223633,48.02000045776367,48.02000045776367,332300
2019-02-28,48.0,48.52000045776367,48.0,48.20000076293945,48.20000076293945,409000
2019-03-01,48.5099983215332,49.459999084472656,48.439998626708984,49.2599983215332,49.2599983215332,304500
2019-03-04,49.31999969482422,49.31999969482422,48.029998779296875,48.06999969482422,48.06999969482422,346900
2019-03-05,48.09000015258789,48.41999816894531,47.95000076293945,48.09000015258789,48.09000015258789,239300
2019-03-06,48.11000061035156,48.33000183105469,47.4900016784668,47.77000045776367,47.77000045776367,295100
2019-03-07,47.68000030517578,47.68000030517578,47.0099983215332,47.27000045776367,47.27000045776367,480600
2019-03-08,47.0099983215332,47.79999923706055,46.70000076293945,47.400001525878906,47.400001525878906,399100
2019-03-11,47.54999923706055,48.34000015258789,47.400001525878906,48.20000076293945,48.20000076293945,298100
2019-03-12,48.189998626708984,48.65999984741211,47.689998626708984,48.029998779296875,48.029998779296875,230300
2019-03-13,48.13999938964844,49.029998779296875,48.060001373291016,48.66999816894531,48.66999816894531,406500
2019-03-14,48.56999969482422,48.70000076293945,48.22999954223633,48.31999969482422,48.31999969482422,318700
2019-03-15,48.459999084472656,49.560001373291016,48.459999084472656,48.84000015258789,48.84000015258789,787800
2019-03-18,48.869998931884766,49.29999923706055,48.650001525878906,48.83000183105469,48.83000183105469,415000
2019-03-19,48.939998626708984,49.279998779296875,48.290000915527344,48.31999969482422,48.31999969482422,285100
2019-03-20,48.22999954223633,48.59000015258789,46.709999084472656,47.29999923706055,47.29999923706055,381600
2019-03-21,47.15999984741211,48.279998779296875,47.15999984741211,47.900001525878906,47.900001525878906,343800
2019-03-22,47.540000915527344,47.689998626708984,45.95000076293945,45.970001220703125,45.970001220703125,311000
2019-03-25,45.689998626708984,46.0099983215332,45.189998626708984,45.529998779296875,45.529998779296875,316700
2019-03-26,45.72999954223633,46.290000915527344,45.540000915527344,45.66999816894531,45.66999816894531,215000
2019-03-27,45.5099983215332,45.77000045776367,45.09000015258789,45.41999816894531,45.41999816894531,219600
2019-03-28,45.5099983215332,46.099998474121094,45.5,46.04999923706055,46.04999923706055,183800
2019-03-29,46.380001068115234,47.09000015258789,46.209999084472656,46.31999969482422,46.31999969482422,385000
2019-04-01,46.59000015258789,47.04999923706055,46.04999923706055,46.93000030517578,46.93000030517578,335600
2019-04-02,46.900001525878906,46.900001525878906,46.29999923706055,46.47999954223633,46.47999954223633,242400
2019-04-03,46.91999816894531,47.720001220703125,46.86000061035156,47.47999954223633,47.47999954223633,325400
2019-04-04,47.56999969482422,48.029998779296875,47.349998474121094,47.869998931884766,47.869998931884766,231700
2019-04-05,48.0099983215332,48.41999816894531,47.619998931884766,47.84000015258789,47.84000015258789,587500
2019-04-08,47.68000030517578,48.220001220703125,47.18000030517578,47.95000076293945,47.95000076293945,241300
2019-04-09,47.75,48.34000015258789,47.54999923706055,47.65999984741211,47.65999984741211,243500
2019-04-10,47.810001373291016,48.5099983215332,47.38999938964844,48.36000061035156,48.36000061035156,217900
2019-04-11,48.45000076293945,48.560001373291016,47.849998474121094,48.33000183105469,48.33000183105469,213500
2019-04-12,48.58000183105469,48.869998931884766,48.09000015258789,48.58000183105469,48.58000183105469,254000
2019-04-15,48.650001525878906,49.029998779296875,48.25,49.02000045776367,49.02000045776367,239300
2019-04-16,49.36000061035156,49.380001068115234,48.7599983215332,49.18000030517578,49.18000030517578,184000
2019-04-17,49.45000076293945,49.68000030517578,48.38999938964844,48.56999969482422,48.56999969482422,284500
2019-04-18,48.439998626708984,48.95000076293945,47.91999816894531,48.0,48.0,174100
2019-04-22,47.79999923706055,47.939998626708984,47.04999923706055,47.66999816894531,47.66999816894531,199700
2019-04-23,47.619998931884766,49.08000183105469,47.619998931884766,48.95000076293945,48.95000076293945,297900
2019-04-24,48.95000076293945,49.060001373291016,48.59000015258789,48.84000015258789,48.84000015258789,228100
2019-04-25,48.689998626708984,49.0,47.720001220703125,48.7400016784668,48.7400016784668,230000
2019-04-26,48.7400016784668,49.97999954223633,48.540000915527344,49.7599983215332,49.7599983215332,202800
2019-04-29,49.75,50.349998474121094,49.65999984741211,49.779998779296875,49.779998779296875,304800
2019-04-30,49.81999969482422,49.91999816894531,48.709999084472656,49.31999969482422,49.31999969482422,315500
2019-05-01,49.720001220703125,50.4900016784668,49.54999923706055,49.61000061035156,49.61000061035156,277300
2019-05-02,49.220001220703125,50.349998474121094,49.220001220703125,50.02000045776367,50.02000045776367,238200
2019-05-03,47.369998931884766,49.209999084472656,45.560001373291016,45.86000061035156,45.86000061035156,546300
2019-05-06,45.290000915527344,47.0099983215332,45.290000915527344,46.29999923706055,46.29999923706055,486300
2019-05-07,45.95000076293945,46.130001068115234,44.720001220703125,45.130001068115234,45.130001068115234,345900
2019-05-08,45.060001373291016,45.130001068115234,43.849998474121094,44.36000061035156,44.36000061035156,375100
2019-05-09,43.97999954223633,44.790000915527344,43.5,44.619998931884766,44.619998931884766,472900
2019-05-10,44.619998931884766,45.47999954223633,44.16999816894531,45.459999084472656,45.459999084472656,419200
2019-05-13,44.66999816894531,44.95000076293945,42.75,44.040000915527344,44.040000915527344,523800
2019-05-14,43.7400016784668,43.95000076293945,43.380001068115234,43.41999816894531,43.41999816894531,459500
2019-05-15,43.0099983215332,44.029998779296875,42.70000076293945,43.72999954223633,43.72999954223633,349800
2019-05-16,43.880001068115234,44.439998626708984,43.630001068115234,43.689998626708984,43.689998626708984,268600
2019-05-17,43.310001373291016,43.70000076293945,42.959999084472656,42.97999954223633,42.97999954223633,267800
2019-05-20,42.619998931884766,43.060001373291016,42.36000061035156,42.900001525878906,42.900001525878906,278200
2019-05-21,43.11000061035156,43.75,43.02000045776367,43.2599983215332,43.2599983215332,276900
2019-05-22,43.0,43.61000061035156,43.0,43.2599983215332,43.2599983215332,228100
2019-05-23,42.81999969482422,43.38999938964844,42.68000030517578,43.2400016784668,43.2400016784668,335700
2019-05-24,43.47999954223633,43.91999816894531,43.459999084472656,43.599998474121094,43.599998474121094,263600
2019-05-28,43.599998474121094,44.060001373291016,43.43000030517578,43.439998626708984,43.439998626708984,358900
2019-05-29,43.34000015258789,43.970001220703125,43.16999816894531,43.779998779296875,43.779998779296875,284700
2019-05-30,43.81999969482422,44.209999084472656,43.720001220703125,44.02000045776367,44.02000045776367,291300
2019-05-31,43.54999923706055,44.04999923706055,43.459999084472656,43.959999084472656,43.959999084472656,366200
2019-06-03,43.9900016784668,44.689998626708984,43.869998931884766,44.20000076293945,44.20000076293945,312100
2019-06-04,44.52000045776367,45.290000915527344,44.38999938964844,45.20000076293945,45.20000076293945,310600
2019-06-05,45.310001373291016,45.7400016784668,44.66999816894531,45.09000015258789,45.09000015258789,271300
2019-06-06,45.060001373291016,45.290000915527344,44.47999954223633,44.52000045776367,44.52000045776367,351700
2019-06-07,44.880001068115234,45.41999816894531,44.709999084472656,44.810001373291016,44.810001373291016,301600
2019-06-10,44.91999816894531,45.310001373291016,43.97999954223633,44.18000030517578,44.18000030517578,234800
2019-06-11,44.47999954223633,44.56999969482422,43.84000015258789,43.93000030517578,43.93000030517578,261700
2019-06-12,44.02000045776367,44.27000045776367,43.4900016784668,44.18000030517578,44.18000030517578,286800
2019-06-13,44.34000015258789,44.47999954223633,44.029998779296875,44.25,44.25,327300
2019-06-14,44.18000030517578,44.779998779296875,44.04999923706055,44.68000030517578,44.68000030517578,225700
2019-06-17,44.88999938964844,45.189998626708984,44.29999923706055,45.18000030517578,45.18000030517578,287900
2019-06-18,45.5,46.02000045776367,44.88999938964844,45.11000061035156,45.11000061035156,239200
2019-06-19,45.119998931884766,45.72999954223633,44.83000183105469,45.58000183105469,45.58000183105469,247700
2019-06-20,46.02000045776367,46.02000045776367,45.31999969482422,45.880001068115234,45.880001068115234,228400
2019-06-21,45.689998626708984,45.90999984741211,45.040000915527344,45.040000915527344,45.040000915527344,952200
2019-06-24,45.06999969482422,45.189998626708984,44.06999969482422,44.06999969482422,44.06999969482422,448900
2019-06-25,44.130001068115234,45.060001373291016,43.83000183105469,44.86000061035156,44.86000061035156,454700
2019-06-26,44.970001220703125,45.09000015258789,43.88999938964844,44.650001525878906,44.650001525878906,399300
2019-06-27,44.83000183105469,45.540000915527344,44.5,45.130001068115234,45.130001068115234,745200
2019-06-28,45.099998474121094,45.59000015258789,44.47999954223633,45.04999923706055,45.04999923706055,990800
2019-07-01,45.5099983215332,45.88999938964844,44.880001068115234,45.02000045776367,45.02000045776367,409500
2019-07-02,45.0,45.7599983215332,45.0,45.400001525878906,45.400001525878906,401200
2019-07-03,45.599998474121094,46.02000045776367,45.220001220703125,45.52000045776367,45.52000045776367,282300
2019-07-05,45.369998931884766,45.77000045776367,45.27000045776367,45.540000915527344,45.540000915527344,324300
2019-07-08,45.349998474121094,45.560001373291016,44.90999984741211,45.16999816894531,45.16999816894531,232200
2019-07-09,44.959999084472656,45.459999084472656,44.959999084472656,45.099998474121094,45.099998474121094,350600
2019-07-10,45.29999923706055,45.7599983215332,45.25,45.279998779296875,45.279998779296875,186800
2019-07-11,45.349998474121094,45.560001373291016,44.900001525878906,45.34000015258789,45.34000015258789,297900
2019-07-12,45.38999938964844,46.0,45.38999938964844,45.83000183105469,45.83000183105469,335100
2019-07-15,45.90999984741211,46.15999984741211,45.40999984741211,46.029998779296875,46.029998779296875,187100
2019-07-16,45.880001068115234,46.810001373291016,45.880001068115234,46.380001068115234,46.380001068115234,236000
2019-07-17,46.45000076293945,47.189998626708984,46.22999954223633,46.61000061035156,46.61000061035156,318400
2019-07-18,46.77000045776367,47.36000061035156,46.54999923706055,47.290000915527344,47.290000915527344,366300
2019-07-19,47.22999954223633,47.95000076293945,47.22999954223633,47.40999984741211,47.40999984741211,224900
2019-07-22,47.40999984741211,47.7599983215332,47.16999816894531,47.400001525878906,47.400001525878906,229800
2019-07-23,47.5099983215332,48.06999969482422,47.459999084472656,48.06999969482422,48.06999969482422,233800
2019-07-24,47.95000076293945,49.0099983215332,47.95000076293945,48.880001068115234,48.880001068115234,249600
2019-07-25,48.849998474121094,48.90999984741211,47.66999816894531,47.86000061035156,47.86000061035156,271800
2019-07-26,48.029998779296875,48.849998474121094,47.779998779296875,48.65999984741211,48.65999984741211,190600
2019-07-29,48.68000030517578,48.779998779296875,48.02000045776367,48.209999084472656,48.209999084472656,222800
2019-07-30,47.79999923706055,48.9900016784668,47.68000030517578,48.970001220703125,48.970001220703125,219200
2019-07-31,48.869998931884766,49.13999938964844,47.34000015258789,47.369998931884766,47.369998931884766,334500
2019-08-01,47.369998931884766,48.27000045776367,46.880001068115234,47.279998779296875,47.279998779296875,267700
2019-08-02,46.869998931884766,47.060001373291016,46.06999969482422,46.38999938964844,46.38999938964844,198800
2019-08-05,45.5,45.68000030517578,43.79999923706055,44.41999816894531,44.41999816894531,302200
2019-08-06,44.599998474121094,46.52000045776367,44.4900016784668,46.36000061035156,46.36000061035156,325900
2019-08-07,45.88999938964844,46.790000915527344,45.52000045776367,46.349998474121094,46.349998474121094,320800
2019-08-08,46.75,48.2400016784668,46.75,48.18000030517578,48.18000030517578,358800
2019-08-09,47.88999938964844,48.720001220703125,47.88999938964844,48.09000015258789,48.09000015258789,234200
2019-08-12,47.66999816894531,48.290000915527344,47.59000015258789,47.720001220703125,47.720001220703125,202100
2019-08-13,47.5,48.970001220703125,47.5,48.11000061035156,48.11000061035156,212400
2019-08-14,47.439998626708984,48.04999923706055,47.34000015258789,47.70000076293945,47.70000076293945,212400
2019-08-15,47.81999969482422,48.400001525878906,47.459999084472656,47.66999816894531,47.66999816894531,232000
2019-08-16,47.93000030517578,49.0099983215332,47.93000030517578,48.810001373291016,48.810001373291016,211000
2019-08-19,49.369998931884766,50.41999816894531,49.369998931884766,50.0099983215332,50.0099983215332,373400
2019-08-20,50.119998931884766,50.40999984741211,49.709999084472656,50.20000076293945,50.20000076293945,578300
2019-08-21,50.90999984741211,51.790000915527344,50.459999084472656,51.380001068115234,51.380001068115234,437700
2019-08-22,51.560001373291016,51.70000076293945,50.630001068115234,50.959999084472656,50.959999084472656,454500
2019-08-23,50.150001525878906,51.470001220703125,43.529998779296875,44.939998626708984,44.939998626708984,1686100
2019-08-26,45.470001220703125,46.41999816894531,45.220001220703125,45.54999923706055,45.54999923706055,611000
2019-08-27,45.72999954223633,46.060001373291016,43.709999084472656,43.86000061035156,43.86000061035156,691400
2019-08-28,43.45000076293945,44.18000030517578,43.31999969482422,43.38999938964844,43.38999938964844,884800
2019-08-29,43.68000030517578,44.13999938964844,42.41999816894531,42.599998474121094,42.599998474121094,490900
2019-08-30,42.68000030517578,42.959999084472656,41.79999923706055,42.720001220703125,42.720001220703125,783300
2019-09-03,42.54999923706055,42.849998474121094,41.36000061035156,41.58000183105469,41.58000183105469,377800
2019-09-04,41.849998474121094,41.959999084472656,40.599998474121094,41.02000045776367,41.02000045776367,492100
2019-09-05,41.20000076293945,41.93000030517578,41.20000076293945,41.529998779296875,41.529998779296875,497300
2019-09-06,41.59000015258789,41.59000015258789,40.75,40.84000015258789,40.84000015258789,385400
2019-09-09,40.84000015258789,41.400001525878906,40.349998474121094,41.0,41.0,496000
2019-09-10,40.849998474121094,41.34000015258789,40.4900016784668,40.81999969482422,40.81999969482422,696300
2019-09-11,41.150001525878906,41.150001525878906,40.20000076293945,40.56999969482422,40.56999969482422,663000
2019-09-12,40.79999923706055,42.0099983215332,40.060001373291016,41.70000076293945,41.70000076293945,606200
2019-09-13,41.810001373291016,42.61000061035156,41.150001525878906,41.2400016784668,41.2400016784668,466900
2019-09-16,40.869998931884766,41.97999954223633,40.810001373291016,41.4900016784668,41.4900016784668,581300
2019-09-17,41.470001220703125,41.939998626708984,41.189998626708984,41.790000915527344,41.790000915527344,457000
2019-09-18,41.869998931884766,42.13999938964844,41.52000045776367,42.0,42.0,481000
2019-09-19,42.06999969482422,42.720001220703125,42.06999969482422,42.279998779296875,42.279998779296875,495100
2019-09-20,42.4900016784668,42.4900016784668,40.56999969482422,40.65999984741211,40.65999984741211,991300
2019-09-23,40.349998474121094,41.439998626708984,40.04999923706055,41.189998626708984,41.189998626708984,493800
2019-09-24,41.41999816894531,41.72999954223633,40.790000915527344,41.130001068115234,41.130001068115234,367600
2019-09-25,41.11000061035156,41.52000045776367,38.709999084472656,38.72999954223633,38.72999954223633,809900
2019-09-26,38.72999954223633,38.869998931884766,37.72999954223633,38.20000076293945,38.20000076293945,2063900
2019-09-27,38.5,38.81999969482422,37.68000030517578,38.02000045776367,38.02000045776367,627700
2019-09-30,38.15999984741211,38.4900016784668,37.810001373291016,38.09000015258789,38.09000015258789,683100
2019-10-01,38.369998931884766,38.709999084472656,37.90999984741211,37.95000076293945,37.95000076293945,478600
2019-10-02,37.529998779296875,37.959999084472656,37.45000076293945,37.779998779296875,37.779998779296875,493000
2019-10-03,37.61000061035156,38.09000015258789,37.20000076293945,37.689998626708984,37.689998626708984,429200
2019-10-04,37.65999984741211,38.08000183105469,36.650001525878906,36.7599983215332,36.7599983215332,439400
2019-10-07,36.52000045776367,37.52000045776367,36.52000045776367,36.880001068115234,36.880001068115234,450500
2019-10-08,36.58000183105469,36.65999984741211,35.45000076293945,35.47999954223633,35.47999954223633,473200
2019-10-09,35.720001220703125,36.189998626708984,35.61000061035156,35.66999816894531,35.66999816894531,412300
2019-10-10,35.72999954223633,36.04999923706055,35.369998931884766,35.41999816894531,35.41999816894531,509000
2019-10-11,35.86000061035156,36.29999923706055,35.790000915527344,35.97999954223633,35.97999954223633,973700
2019-10-14,35.900001525878906,36.209999084472656,35.779998779296875,35.84000015258789,35.84000015258789,433500
2019-10-15,35.720001220703125,37.349998474121094,35.40999984741211,36.689998626708984,36.689998626708984,1726200
2019-10-16,36.560001373291016,37.119998931884766,36.27000045776367,36.5,36.5,662900
2019-10-17,36.65999984741211,36.7400016784668,36.15999984741211,36.290000915527344,36.290000915527344,561700
2019-10-18,36.16999816894531,36.34000015258789,35.810001373291016,35.849998474121094,35.849998474121094,502500
2019-10-21,36.099998474121094,36.70000076293945,35.119998931884766,36.25,36.25,486700
2019-10-22,36.2599983215332,36.36000061035156,36.099998474121094,36.33000183105469,36.33000183105469,855900
2019-10-23,36.47999954223633,36.70000076293945,36.27000045776367,36.470001220703125,36.470001220703125,555300
2019-10-24,36.5,36.79999923706055,36.0099983215332,36.130001068115234,36.130001068115234,429400
2019-10-25,36.150001525878906,36.63999938964844,36.150001525878906,36.470001220703125,36.470001220703125,329300
2019-10-28,36.5,37.099998474121094,36.5,36.75,36.75,460400
2019-10-29,36.470001220703125,36.849998474121094,36.22999954223633,36.540000915527344,36.540000915527344,408900
2019-10-30,32.72999954223633,32.72999954223633,27.579999923706055,29.700000762939453,29.700000762939453,2595800
2019-10-31,30.18000030517578,30.5,29.559999465942383,29.780000686645508,29.780000686645508,1114300
2019-11-01,29.889999389648438,30.770000457763672,29.889999389648438,30.559999465942383,30.559999465942383,772600
2019-11-04,30.729999542236328,30.979999542236328,30.6299991607666,30.81999969482422,30.81999969482422,730300
2019-11-05,30.84000015258789,31.549999237060547,30.84000015258789,31.350000381469727,31.350000381469727,512400
2019-11-06,31.299999237060547,32.0099983215332,31.200000762939453,31.739999771118164,31.739999771118164,539100
2019-11-07,31.989999771118164,32.27000045776367,31.510000228881836,31.81999969482422,31.81999969482422,599100
2019-11-08,31.729999542236328,31.959999084472656,31.530000686645508,31.780000686645508,31.780000686645508,425400
2019-11-11,31.579999923706055,32.099998474121094,31.559999465942383,31.989999771118164,31.989999771118164,631800
2019-11-12,32.13999938964844,32.970001220703125,32.13999938964844,32.540000915527344,32.540000915527344,540500
2019-11-13,32.34000015258789,32.45000076293945,31.15999984741211,32.380001068115234,32.380001068115234,489000
2019-11-14,32.470001220703125,33.31999969482422,32.470001220703125,33.119998931884766,33.119998931884766,1370400
2019-11-15,33.31999969482422,34.31999969482422,32.93000030517578,33.599998474121094,33.599998474121094,751000
2019-11-18,33.61000061035156,34.130001068115234,33.400001525878906,34.040000915527344,34.040000915527344,1238000
2019-11-19,34.33000183105469,34.529998779296875,34.13999938964844,34.36000061035156,34.36000061035156,562900
2019-11-20,34.08000183105469,34.790000915527344,33.880001068115234,34.52000045776367,34.52000045776367,873500
2019-11-21,34.439998626708984,34.459999084472656,33.68000030517578,33.849998474121094,33.849998474121094,447800
2019-11-22,33.900001525878906,34.099998474121094,33.470001220703125,34.029998779296875,34.029998779296875,448100
2019-11-25,34.25,35.27000045776367,33.970001220703125,35.2400016784668,35.2400016784668,381800
2019-11-26,35.02000045776367,35.38999938964844,34.7400016784668,34.7400016784668,34.7400016784668,633800
2019-11-27,34.95000076293945,34.95000076293945,33.83000183105469,33.88999938964844,33.88999938964844,312800
2019-11-29,33.72999954223633,33.959999084472656,33.63999938964844,33.72999954223633,33.72999954223633,151000
2019-12-02,33.790000915527344,33.91999816894531,33.380001068115234,33.72999954223633,33.72999954223633,623200
2019-12-03,33.5,33.5,32.97999954223633,33.119998931884766,33.119998931884766,352900
2019-12-04,33.439998626708984,33.650001525878906,33.13999938964844,33.15999984741211,33.15999984741211,434000
2019-12-05,33.29999923706055,33.54999923706055,32.720001220703125,32.779998779296875,32.779998779296875,268900
2019-12-06,33.04999923706055,33.7599983215332,33.040000915527344,33.65999984741211,33.65999984741211,446200
2019-12-09,33.650001525878906,33.88999938964844,33.31999969482422,33.459999084472656,33.459999084472656,397600
2019-12-10,33.36000061035156,33.810001373291016,33.15999984741211,33.7599983215332,33.7599983215332,290000
2019-12-11,33.66999816894531,33.83000183105469,32.900001525878906,33.81999969482422,33.81999969482422,258100
2019-12-12,33.83000183105469,35.04999923706055,33.7400016784668,34.97999954223633,34.97999954223633,386400
2019-12-13,34.91999816894531,35.58000183105469,34.59000015258789,34.7400016784668,34.7400016784668,353300
2019-12-16,35.150001525878906,35.27000045776367,34.099998474121094,34.209999084472656,34.209999084472656,525200
2019-12-17,34.40999984741211,34.70000076293945,34.15999984741211,34.25,34.25,366300
2019-12-18,34.459999084472656,34.58000183105469,34.150001525878906,34.38999938964844,34.38999938964844,451000
2019-12-19,34.400001525878906,34.40999984741211,33.81999969482422,34.290000915527344,34.290000915527344,397100
2019-12-20,34.45000076293945,35.189998626708984,34.27000045776367,35.02000045776367,35.02000045776367,1811600
2019-12-23,35.0099983215332,35.0099983215332,34.5,34.54999923706055,34.54999923706055,224500
2019-12-24,34.59000015258789,34.7400016784668,34.18000030517578,34.43000030517578,34.43000030517578,118500
2019-12-26,34.459999084472656,35.15999984741211,34.459999084472656,35.119998931884766,35.119998931884766,286300
2019-12-27,35.11000061035156,35.25,35.0099983215332,35.040000915527344,35.040000915527344,373400
2019-12-30,35.029998779296875,35.099998474121094,34.470001220703125,34.689998626708984,34.689998626708984,197900
2019-12-31,34.54999923706055,35.22999954223633,34.54999923706055,34.970001220703125,34.970001220703125,342400
2020-01-02,35.029998779296875,35.189998626708984,34.27000045776367,34.689998626708984,34.689998626708984,409800
2020-01-03,34.25,34.58000183105469,33.959999084472656,34.56999969482422,34.56999969482422,311900
2020-01-06,34.189998626708984,35.18000030517578,34.130001068115234,35.130001068115234,35.130001068115234,306300
2020-01-07,35.22999954223633,35.689998626708984,34.869998931884766,35.4900016784668,35.4900016784668,293700
2020-01-08,35.40999984741211,35.70000076293945,35.130001068115234,35.619998931884766,35.619998931884766,346200
2020-01-09,35.790000915527344,36.040000915527344,35.630001068115234,35.939998626708984,35.939998626708984,385300
2020-01-10,36.0,36.099998474121094,35.130001068115234,35.47999954223633,35.47999954223633,447900
2020-01-13,35.47999954223633,35.959999084472656,35.15999984741211,35.939998626708984,35.939998626708984,260700
2020-01-14,35.86000061035156,36.349998474121094,35.790000915527344,36.20000076293945,36.20000076293945,535800
2020-01-15,36.150001525878906,36.59000015258789,35.90999984741211,36.5,36.5,341800
2020-01-16,36.77000045776367,36.93000030517578,36.619998931884766,36.869998931884766,36.869998931884766,299900
2020-01-17,36.970001220703125,37.0099983215332,36.310001373291016,36.5099983215332,36.5099983215332,269000
2020-01-21,36.31999969482422,36.31999969482422,35.689998626708984,35.970001220703125,35.970001220703125,344800
2020-01-22,36.119998931884766,36.54999923706055,35.88999938964844,35.90999984741211,35.90999984741211,288800
2020-01-23,35.72999954223633,36.279998779296875,35.209999084472656,36.16999816894531,36.16999816894531,476500
2020-01-24,36.43000030517578,36.43000030517578,34.66999816894531,35.040000915527344,35.040000915527344,673300
2020-01-27,34.27000045776367,36.06999969482422,34.06999969482422,35.59000015258789,35.59000015258789,598800
2020-01-28,35.869998931884766,36.18000030517578,35.34000015258789,35.70000076293945,35.70000076293945,304700
2020-01-29,35.7400016784668,35.939998626708984,35.08000183105469,35.349998474121094,35.349998474121094,289200
2020-01-30,35.0099983215332,35.65999984741211,35.0099983215332,35.45000076293945,35.45000076293945,225500
2020-01-31,35.15999984741211,35.25,33.97999954223633,34.5099983215332,34.5099983215332,405900
2020-02-03,34.630001068115234,35.31999969482422,34.599998474121094,35.06999969482422,35.06999969482422,662200
2020-02-04,35.68000030517578,35.810001373291016,34.86000061035156,35.04999923706055,35.04999923706055,377300
2020-02-05,36.810001373291016,37.13999938964844,34.81999969482422,36.15999984741211,36.15999984741211,760900
2020-02-06,36.18000030517578,36.369998931884766,35.58000183105469,35.72999954223633,35.72999954223633,804200
2020-02-07,35.43000030517578,35.58000183105469,33.869998931884766,34.02000045776367,34.02000045776367,557100
2020-02-10,33.869998931884766,33.869998931884766,32.540000915527344,32.560001373291016,32.560001373291016,385600
2020-02-11,32.66999816894531,33.380001068115234,32.25,33.150001525878906,33.150001525878906,564100
2020-02-12,33.459999084472656,34.25,33.20000076293945,34.220001220703125,34.220001220703125,307500
2020-02-13,34.060001373291016,34.65999984741211,33.91999816894531,34.619998931884766,34.619998931884766,322500
2020-02-14,34.5099983215332,35.31999969482422,34.400001525878906,35.310001373291016,35.310001373291016,269800
2020-02-18,35.20000076293945,35.20000076293945,34.150001525878906,34.349998474121094,34.349998474121094,238100
2020-02-19,34.36000061035156,34.560001373291016,34.029998779296875,34.349998474121094,34.349998474121094,217400
2020-02-20,34.099998474121094,35.16999816894531,34.099998474121094,34.650001525878906,34.650001525878906,246000
2020-02-21,34.5,34.84000015258789,33.86000061035156,34.5,34.5,271200
2020-02-24,33.599998474121094,33.90999984741211,33.11000061035156,33.43000030517578,33.43000030517578,321300
2020-02-25,33.459999084472656,33.459999084472656,32.47999954223633,33.31999969482422,33.31999969482422,582800
2020-02-26,33.56999969482422,33.77000045776367,31.850000381469727,31.959999084472656,31.959999084472656,483000
2020-02-27,31.350000381469727,31.450000762939453,30.329999923706055,30.43000030517578,30.43000030517578,875600
2020-02-28,29.540000915527344,30.889999389648438,29.260000228881836,30.8700008392334,30.8700008392334,941000
2020-03-02,30.90999984741211,30.93000030517578,30.200000762939453,30.90999984741211,30.90999984741211,692200
2020-03-03,30.899999618530273,31.360000610351562,29.549999237060547,29.8700008392334,29.8700008392334,497000
2020-03-04,30.190000534057617,31.56999969482422,29.850000381469727,31.31999969482422,31.31999969482422,407100
2020-03-05,30.440000534057617,30.6299991607666,29.260000228881836,29.860000610351562,29.860000610351562,494200
2020-03-06,29.09000015258789,30.959999084472656,29.079999923706055,30.8700008392334,30.8700008392334,562000
2020-03-09,28.979999542236328,30.100000381469727,28.84000015258789,29.1299991607666,29.1299991607666,583100
2020-03-10,29.809999465942383,29.809999465942383,27.459999084472656,28.389999389648438,28.389999389648438,543000
2020-03-11,27.649999618530273,28.010000228881836,26.489999771118164,27.059999465942383,27.059999465942383,563400
2020-03-12,25.309999465942383,26.56999969482422,24.450000762939453,25.350000381469727,25.350000381469727,1055900
2020-03-13,26.270000457763672,26.969999313354492,25.010000228881836,26.860000610351562,26.860000610351562,1004700
2020-03-16,23.979999542236328,25.889999389648438,23.420000076293945,23.989999771118164,23.989999771118164,576300
2020-03-17,24.329999923706055,26.06999969482422,23.270000457763672,25.979999542236328,25.979999542236328,934400
2020-03-18,24.579999923706055,26.469999313354492,19.760000228881836,21.459999084472656,21.459999084472656,1129300
2020-03-19,21.389999389648438,23.549999237060547,20.260000228881836,22.25,22.25,641000
2020-03-20,22.18000030517578,25.34000015258789,21.979999542236328,22.549999237060547,22.549999237060547,986400
2020-03-23,22.93000030517578,23.989999771118164,22.290000915527344,23.479999542236328,23.479999542236328,847800
2020-03-24,24.75,25.010000228881836,22.950000762939453,24.329999923706055,24.329999923706055,466000
2020-03-25,24.270000457763672,26.049999237060547,23.989999771118164,25.139999389648438,25.139999389648438,581300
2020-03-26,25.290000915527344,26.229999542236328,24.829999923706055,25.780000686645508,25.780000686645508,475600
2020-03-27,24.610000610351562,26.030000686645508,24.15999984741211,24.799999237060547,24.799999237060547,244100
2020-03-30,25.059999465942383,26.15999984741211,24.579999923706055,26.06999969482422,26.06999969482422,422800
2020-03-31,25.969999313354492,27.229999542236328,25.969999313354492,26.790000915527344,26.790000915527344,478400
2020-04-01,25.719999313354492,26.40999984741211,24.84000015258789,26.200000762939453,26.200000762939453,438200
2020-04-02,25.6299991607666,26.540000915527344,24.5,24.969999313354492,24.969999313354492,366600
2020-04-03,25.010000228881836,25.149999618530273,22.93000030517578,23.56999969482422,23.56999969482422,440300
2020-04-06,24.5,25.329999923706055,24.079999923706055,25.229999542236328,25.229999542236328,438200
2020-04-07,25.969999313354492,27.329999923706055,24.579999923706055,25.059999465942383,25.059999465942383,456100
2020-04-08,25.5,26.40999984741211,25.18000030517578,26.219999313354492,26.219999313354492,588800
2020-04-09,26.889999389648438,26.989999771118164,26.059999465942383,26.540000915527344,26.540000915527344,369900
2020-04-13,26.09000015258789,26.459999084472656,25.290000915527344,26.229999542236328,26.229999542236328,259800
2020-04-14,27.149999618530273,27.149999618530273,26.34000015258789,26.8799991607666,26.8799991607666,501500
2020-04-15,26.020000457763672,26.809999465942383,25.540000915527344,26.110000610351562,26.110000610351562,367500
2020-04-16,26.280000686645508,26.280000686645508,24.729999542236328,25.709999084472656,25.709999084472656,523600
2020-04-17,26.84000015258789,27.989999771118164,26.559999465942383,27.81999969482422,27.81999969482422,380800
2020-04-20,27.270000457763672,27.540000915527344,26.59000015258789,26.8799991607666,26.8799991607666,305700
2020-04-21,26.190000534057617,26.760000228881836,26.010000228881836,26.56999969482422,26.56999969482422,330700
2020-04-22,27.06999969482422,27.700000762939453,26.889999389648438,27.540000915527344,27.540000915527344,292100
2020-04-23,27.610000610351562,28.079999923706055,27.549999237060547,27.81999969482422,27.81999969482422,306500
2020-04-24,27.93000030517578,28.170000076293945,27.5,28.09000015258789,28.09000015258789,188100
2020-04-27,28.420000076293945,30.649999618530273,28.309999465942383,30.190000534057617,30.190000534057617,535700
2020-04-28,31.100000381469727,31.520000457763672,30.729999542236328,31.360000610351562,31.360000610351562,587000
2020-04-29,32.529998779296875,33.349998474121094,31.709999084472656,33.189998626708984,33.189998626708984,395300
2020-04-30,32.38999938964844,32.38999938964844,31.56999969482422,31.770000457763672,31.770000457763672,485500
2020-05-01,31.1200008392334,31.65999984741211,30.8700008392334,31.6299991607666,31.6299991607666,589700
2020-05-04,30.979999542236328,31.739999771118164,30.700000762939453,31.56999969482422,31.56999969482422,694900
2020-05-05,32.06999969482422,32.34000015258789,31.549999237060547,31.549999237060547,31.549999237060547,561000
2020-05-06,32.5,33.31999969482422,31.420000076293945,32.75,32.75,785900
2020-05-07,33.060001373291016,34.279998779296875,32.279998779296875,34.2400016784668,34.2400016784668,800300
2020-05-08,34.77000045776367,35.47999954223633,34.5099983215332,34.650001525878906,34.650001525878906,587800
2020-05-11,34.130001068115234,34.470001220703125,33.459999084472656,33.66999816894531,33.66999816894531,726900
2020-05-12,33.95000076293945,33.95000076293945,31.75,31.770000457763672,31.770000457763672,481400
2020-05-13,31.450000762939453,31.940000534057617,31.1299991607666,31.729999542236328,31.729999542236328,428700
2020-05-14,30.959999084472656,31.90999984741211,30.309999465942383,31.8799991607666,31.8799991607666,395100
2020-05-15,32.04999923706055,32.400001525878906,31.690000534057617,31.90999984741211,31.90999984741211,290500
2020-05-18,32.9900016784668,33.77000045776367,32.7599983215332,32.93000030517578,32.93000030517578,293100
2020-05-19,32.630001068115234,33.22999954223633,31.889999389648438,31.920000076293945,31.920000076293945,206500
2020-05-20,32.65999984741211,33.11000061035156,32.119998931884766,32.65999984741211,32.65999984741211,420100
2020-05-21,32.650001525878906,33.150001525878906,32.2400016784668,32.720001220703125,32.720001220703125,456700
2020-05-22,32.959999084472656,33.040000915527344,32.58000183105469,32.959999084472656,32.959999084472656,202900
2020-05-26,34.150001525878906,34.52000045776367,33.08000183105469,33.150001525878906,33.150001525878906,286900
2020-05-27,33.90999984741211,33.970001220703125,32.77000045776367,33.70000076293945,33.70000076293945,394100
2020-05-28,34.2400016784668,34.2400016784668,33.25,33.540000915527344,33.540000915527344,327300
2020-05-29,33.130001068115234,33.540000915527344,32.22999954223633,33.459999084472656,33.459999084472656,315800
2020-06-01,33.56999969482422,34.209999084472656,33.38999938964844,34.029998779296875,34.029998779296875,372800
2020-06-02,34.36000061035156,35.220001220703125,34.2400016784668,34.290000915527344,34.290000915527344,351400
2020-06-03,34.959999084472656,35.630001068115234,34.959999084472656,35.209999084472656,35.209999084472656,306300
2020-06-04,35.119998931884766,35.63999938964844,34.58000183105469,35.189998626708984,35.189998626708984,287900
2020-06-05,35.84000015258789,36.849998474121094,35.7400016784668,35.88999938964844,35.88999938964844,359200
2020-06-08,36.2599983215332,36.599998474121094,35.619998931884766,35.84000015258789,35.84000015258789,319200
2020-06-09,35.40999984741211,36.720001220703125,35.13999938964844,36.400001525878906,36.400001525878906,365700
2020-06-10,36.43000030517578,36.43000030517578,34.880001068115234,35.189998626708984,35.189998626708984,353600
2020-06-11,34.040000915527344,34.310001373291016,33.56999969482422,33.880001068115234,33.880001068115234,575900
2020-06-12,34.93000030517578,35.029998779296875,32.93000030517578,33.720001220703125,33.720001220703125,691900
2020-06-15,32.599998474121094,34.0099983215332,32.45000076293945,33.779998779296875,33.779998779296875,464600
2020-06-16,34.880001068115234,34.970001220703125,32.91999816894531,33.099998474121094,33.099998474121094,513800
2020-06-17,33.15999984741211,33.41999816894531,32.34000015258789,32.75,32.75,467200
2020-06-18,32.209999084472656,32.790000915527344,32.06999969482422,32.650001525878906,32.650001525878906,534000
2020-06-19,32.779998779296875,33.27000045776367,32.31999969482422,32.650001525878906,32.650001525878906,1033700
2020-06-22,32.380001068115234,33.29999923706055,31.709999084472656,33.2599983215332,33.2599983215332,467300
2020-06-23,33.63999938964844,33.63999938964844,32.83000183105469,33.029998779296875,33.029998779296875,435000
2020-06-24,32.720001220703125,32.810001373291016,31.950000762939453,32.310001373291016,32.310001373291016,466800
2020-06-25,32.2599983215332,32.2599983215332,30.889999389648438,31.100000381469727,31.100000381469727,447300
2020-06-26,30.940000534057617,31.239999771118164,30.270000457763672,30.6299991607666,30.6299991607666,519300
2020-06-29,30.84000015258789,31.829999923706055,30.600000381469727,31.420000076293945,31.420000076293945,271300
2020-06-30,31.219999313354492,31.770000457763672,31.09000015258789,31.149999618530273,31.149999618530273,415600
2020-07-01,31.010000228881836,31.690000534057617,30.799999237060547,31.1299991607666,31.1299991607666,294800
2020-07-02,31.65999984741211,32.18000030517578,30.959999084472656,31.5,31.5,351200
2020-07-06,32.130001068115234,32.189998626708984,31.6200008392334,31.959999084472656,31.959999084472656,249900
2020-07-07,31.610000610351562,31.760000228881836,31.309999465942383,31.5,31.5,428000
2020-07-08,31.459999084472656,32.08000183105469,31.270000457763672,31.719999313354492,31.719999313354492,387600
2020-07-09,31.670000076293945,32.0099983215332,30.420000076293945,30.989999771118164,30.989999771118164,716300
2020-07-10,31.0,31.719999313354492,30.809999465942383,31.68000030517578,31.68000030517578,565500
2020-07-13,32.02000045776367,32.59000015258789,31.6299991607666,31.809999465942383,31.809999465942383,421100
2020-07-14,31.809999465942383,32.349998474121094,31.139999389648438,32.27000045776367,32.27000045776367,272000
2020-07-15,33.09000015258789,35.130001068115234,33.09000015258789,34.959999084472656,34.959999084472656,445700
2020-07-16,34.70000076293945,35.220001220703125,34.400001525878906,34.77000045776367,34.77000045776367,316100
2020-07-17,35.0,35.45000076293945,34.79999923706055,35.209999084472656,35.209999084472656,167800
2020-07-20,35.0,35.619998931884766,34.849998474121094,35.47999954223633,35.47999954223633,187000
2020-07-21,35.91999816894531,36.36000061035156,35.709999084472656,36.31999969482422,36.31999969482422,187900
2020-07-22,36.02000045776367,36.61000061035156,35.970001220703125,36.349998474121094,36.349998474121094,381500
2020-07-23,36.220001220703125,36.5099983215332,36.0099983215332,36.470001220703125,36.470001220703125,399200
2020-07-24,36.47999954223633,36.619998931884766,36.18000030517578,36.470001220703125,36.470001220703125,322000
2020-07-27,36.38999938964844,37.06999969482422,36.380001068115234,36.9900016784668,36.9900016784668,446200
2020-07-28,36.630001068115234,37.040000915527344,36.560001373291016,36.70000076293945,36.70000076293945,285500
2020-07-29,36.939998626708984,37.5099983215332,35.599998474121094,35.599998474121094,35.599998474121094,456600
2020-07-30,35.150001525878906,35.16999816894531,34.2400016784668,34.77000045776367,34.77000045776367,228900
2020-07-31,34.43000030517578,34.70000076293945,33.88999938964844,34.34000015258789,34.34000015258789,444300
2020-08-03,34.619998931884766,34.619998931884766,33.040000915527344,33.939998626708984,33.939998626708984,1154300
2020-08-04,34.189998626708984,34.939998626708984,34.099998474121094,34.65999984741211,34.65999984741211,516800
2020-08-05,34.9900016784668,35.849998474121094,34.84000015258789,35.619998931884766,35.619998931884766,697400
2020-08-06,35.689998626708984,36.029998779296875,35.33000183105469,35.779998779296875,35.779998779296875,399700
2020-08-07,35.630001068115234,36.22999954223633,35.560001373291016,36.0099983215332,36.0099983215332,548100
2020-08-10,36.33000183105469,37.09000015258789,36.33000183105469,37.040000915527344,37.040000915527344,362200
2020-08-11,37.5,38.470001220703125,37.470001220703125,37.52000045776367,37.52000045776367,477400
2020-08-12,38.029998779296875,38.029998779296875,35.880001068115234,36.040000915527344,36.040000915527344,433500
2020-08-13,35.86000061035156,36.2599983215332,35.58000183105469,35.65999984741211,35.65999984741211,323700
2020-08-14,35.45000076293945,35.91999816894531,35.099998474121094,35.75,35.75,267400
2020-08-17,36.02000045776367,36.09000015258789,35.380001068115234,35.470001220703125,35.470001220703125,310300
2020-08-18,35.5,36.0099983215332,35.20000076293945,35.970001220703125,35.970001220703125,490100
2020-08-19,33.45000076293945,34.81999969482422,33.33000183105469,33.900001525878906,33.900001525878906,837100
2020-08-20,33.380001068115234,33.599998474121094,32.16999816894531,33.150001525878906,33.150001525878906,713900
2020-08-21,32.959999084472656,33.349998474121094,32.90999984741211,33.15999984741211,33.15999984741211,459100
2020-08-24,33.47999954223633,33.47999954223633,32.959999084472656,33.189998626708984,33.189998626708984,267500
2020-08-25,33.349998474121094,33.38999938964844,32.43000030517578,32.7400016784668,32.7400016784668,301100
2020-08-26,32.61000061035156,32.630001068115234,31.829999923706055,32.029998779296875,32.029998779296875,324000
2020-08-27,32.119998931884766,32.77000045776367,31.959999084472656,32.68000030517578,32.68000030517578,209100
2020-08-28,32.900001525878906,33.40999984741211,32.529998779296875,33.40999984741211,33.40999984741211,235200
2020-08-31,33.16999816894531,33.619998931884766,32.790000915527344,33.20000076293945,33.20000076293945,307800
2020-09-01,33.04999923706055,34.58000183105469,32.95000076293945,34.540000915527344,34.540000915527344,369000
2020-09-02,34.43000030517578,34.7400016784668,34.130001068115234,34.619998931884766,34.619998931884766,167200
2020-09-03,34.68000030517578,35.0,33.790000915527344,34.0099983215332,34.0099983215332,336700
2020-09-04,34.5099983215332,34.5099983215332,32.779998779296875,33.08000183105469,33.08000183105469,278200
2020-09-08,33.04999923706055,33.04999923706055,32.02000045776367,32.029998779296875,32.029998779296875,276000
2020-09-09,32.08000183105469,32.08000183105469,31.06999969482422,31.270000457763672,31.270000457763672,203600
2020-09-10,31.5,32.06999969482422,31.0,31.299999237060547,31.299999237060547,348500
2020-09-11,31.809999465942383,32.70000076293945,28.93000030517578,29.040000915527344,29.040000915527344,870500
2020-09-14,29.43000030517578,29.709999084472656,27.43000030517578,27.459999084472656,27.459999084472656,886000
2020-09-15,27.5,27.5,26.0,26.149999618530273,26.149999618530273,816900
2020-09-16,26.040000915527344,27.0,25.5,26.540000915527344,26.540000915527344,741900
2020-09-17,26.329999923706055,26.670000076293945,26.059999465942383,26.290000915527344,26.290000915527344,464200
2020-09-18,26.3799991607666,26.389999389648438,25.549999237060547,25.809999465942383,25.809999465942383,838200
2020-09-21,25.399999618530273,25.399999618530273,24.200000762939453,25.0,25.0,423800
2020-09-22,24.940000534057617,25.200000762939453,24.729999542236328,25.040000915527344,25.040000915527344,332200
2020-09-23,24.90999984741211,25.479999542236328,24.1200008392334,24.149999618530273,24.149999618530273,349700
2020-09-24,24.170000076293945,24.280000686645508,23.670000076293945,24.229999542236328,24.229999542236328,310000
2020-09-25,24.049999237060547,24.700000762939453,24.040000915527344,24.6200008392334,24.6200008392334,864600
2020-09-28,24.959999084472656,25.530000686645508,24.799999237060547,25.229999542236328,25.229999542236328,839400
2020-09-29,25.139999389648438,25.139999389648438,24.020000457763672,24.809999465942383,24.809999465942383,300000
2020-09-30,24.81999969482422,25.309999465942383,24.329999923706055,24.540000915527344,24.540000915527344,353700
2020-10-01,24.43000030517578,24.770000457763672,24.049999237060547,24.56999969482422,24.56999969482422,377900
2020-10-02,24.200000762939453,25.040000915527344,23.75,24.579999923706055,24.579999923706055,381000
2020-10-05,24.760000228881836,25.31999969482422,24.760000228881836,25.290000915527344,25.290000915527344,282900
2020-10-06,25.549999237060547,26.8799991607666,25.5,26.09000015258789,26.09000015258789,365400
2020-10-07,26.290000915527344,26.739999771118164,26.1299991607666,26.190000534057617,26.190000534057617,453100
2020-10-08,26.84000015258789,27.209999084472656,26.3700008392334,26.920000076293945,26.920000076293945,497300
2020-10-09,27.0,27.09000015258789,26.510000228881836,26.6299991607666,26.6299991607666,343600
2020-10-12,26.600000381469727,26.65999984741211,26.149999618530273,26.389999389648438,26.389999389648438,208300
2020-10-13,26.110000610351562,26.530000686645508,25.8700008392334,26.450000762939453,26.450000762939453,215100
2020-10-14,26.489999771118164,27.010000228881836,26.229999542236328,26.93000030517578,26.93000030517578,237900
2020-10-15,26.65999984741211,27.559999465942383,26.5,27.399999618530273,27.399999618530273,438300
2020-10-16,27.18000030517578,27.190000534057617,26.299999237060547,26.600000381469727,26.600000381469727,235100
2020-10-19,26.729999542236328,26.729999542236328,26.260000228881836,26.31999969482422,26.31999969482422,391300
2020-10-20,26.600000381469727,26.8799991607666,26.420000076293945,26.829999923706055,26.829999923706055,344900
2020-10-21,26.760000228881836,27.15999984741211,26.6299991607666,26.8700008392334,26.8700008392334,198700
2020-10-22,26.959999084472656,27.420000076293945,26.540000915527344,27.239999771118164,27.239999771118164,280500
2020-10-23,27.489999771118164,27.489999771118164,26.729999542236328,26.93000030517578,26.93000030517578,374600
2020-10-26,26.65999984741211,26.829999923706055,25.93000030517578,26.600000381469727,26.600000381469727,178300
2020-10-27,26.520000457763672,26.780000686645508,25.1299991607666,25.25,25.25,333700
2020-10-28,24.780000686645508,24.8799991607666,23.450000762939453,23.610000610351562,23.610000610351562,486000
2020-10-29,23.5,24.110000610351562,23.239999771118164,23.899999618530273,23.899999618530273,388300
2020-10-30,23.860000610351562,24.15999984741211,23.270000457763672,23.440000534057617,23.440000534057617,359800
2020-11-02,23.770000457763672,24.170000076293945,23.280000686645508,23.489999771118164,23.489999771118164,549100
2020-11-03,23.90999984741211,24.43000030517578,23.219999313354492,24.229999542236328,24.229999542236328,621700
2020-11-04,23.75,25.190000534057617,23.329999923706055,25.100000381469727,25.100000381469727,386700
2020-11-05,25.229999542236328,25.770000457763672,23.989999771118164,24.18000030517578,24.18000030517578,344400
2020-11-06,25.799999237060547,26.770000457763672,25.139999389648438,26.030000686645508,26.030000686645508,1026600
2020-11-09,27.6200008392334,28.239999771118164,26.739999771118164,26.770000457763672,26.770000457763672,590500
2020-11-10,27.18000030517578,28.559999465942383,27.010000228881836,27.850000381469727,27.850000381469727,579200
2020-11-11,27.549999237060547,28.290000915527344,27.110000610351562,27.940000534057617,27.940000534057617,370200
2020-11-12,27.719999313354492,28.200000762939453,27.1200008392334,27.809999465942383,27.809999465942383,369100
2020-11-13,27.979999542236328,28.790000915527344,27.739999771118164,28.56999969482422,28.56999969482422,492400
2020-11-16,29.049999237060547,29.280000686645508,28.389999389648438,28.799999237060547,28.799999237060547,461800
2020-11-17,28.479999542236328,29.079999923706055,28.18000030517578,28.610000610351562,28.610000610351562,377100
2020-11-18,28.780000686645508,28.899999618530273,27.799999237060547,28.290000915527344,28.290000915527344,324300
2020-11-19,28.18000030517578,28.700000762939453,27.739999771118164,28.06999969482422,28.06999969482422,312300
2020-11-20,27.860000610351562,28.260000228881836,27.6299991607666,27.93000030517578,27.93000030517578,2239900
2020-11-23,28.1299991607666,28.6299991607666,27.84000015258789,28.3700008392334,28.3700008392334,437500
2020-11-24,28.559999465942383,29.09000015258789,28.34000015258789,29.06999969482422,29.06999969482422,561100
2020-11-25,28.860000610351562,29.40999984741211,27.850000381469727,29.260000228881836,29.260000228881836,374100
2020-11-27,29.25,30.34000015258789,29.18000030517578,29.90999984741211,29.90999984741211,329700
2020-11-30,29.479999542236328,29.889999389648438,28.56999969482422,28.6299991607666,28.6299991607666,478400
2020-12-01,28.899999618530273,29.25,28.420000076293945,28.639999389648438,28.639999389648438,492700
2020-12-02,28.59000015258789,29.040000915527344,27.969999313354492,28.610000610351562,28.610000610351562,342000
2020-12-03,28.540000915527344,29.110000610351562,28.459999084472656,28.93000030517578,28.93000030517578,517500
2020-12-04,29.100000381469727,29.469999313354492,29.049999237060547,29.260000228881836,29.260000228881836,475200
2020-12-07,29.25,29.59000015258789,28.6200008392334,29.219999313354492,29.219999313354492,403900
2020-12-08,29.0,30.350000381469727,28.989999771118164,30.299999237060547,30.299999237060547,544400
2020-12-09,30.280000686645508,31.799999237060547,30.280000686645508,31.5,31.5,650300
2020-12-10,31.219999313354492,31.709999084472656,30.8700008392334,31.65999984741211,31.65999984741211,576700
2020-12-11,31.440000534057617,32.09000015258789,31.139999389648438,31.459999084472656,31.459999084472656,439500
2020-12-14,31.670000076293945,32.65999984741211,31.389999389648438,32.130001068115234,32.130001068115234,1139600
2020-12-15,32.459999084472656,33.70000076293945,32.04999923706055,33.63999938964844,33.63999938964844,331000
2020-12-16,33.75,34.13999938964844,32.77000045776367,33.099998474121094,33.099998474121094,788400
2020-12-17,33.220001220703125,33.47999954223633,32.5099983215332,33.43000030517578,33.43000030517578,276600
2020-12-18,33.54999923706055,34.91999816894531,33.4900016784668,33.93000030517578,33.93000030517578,927700
2020-12-21,33.0099983215332,33.95000076293945,32.5099983215332,33.93000030517578,33.93000030517578,445900
2020-12-22,33.91999816894531,34.4900016784668,33.2400016784668,33.27000045776367,33.27000045776367,342200
2020-12-23,33.43000030517578,33.63999938964844,32.72999954223633,33.5099983215332,33.5099983215332,287900
2020-12-24,33.439998626708984,34.56999969482422,33.439998626708984,34.41999816894531,34.41999816894531,122300
2020-12-28,34.650001525878906,34.97999954223633,34.0,34.04999923706055,34.04999923706055,256200
2020-12-29,34.02000045776367,34.040000915527344,32.77000045776367,32.88999938964844,32.88999938964844,256700
2020-12-30,32.970001220703125,33.40999984741211,32.86000061035156,32.90999984741211,32.90999984741211,295600
2020-12-31,33.02000045776367,34.189998626708984,32.61000061035156,33.95000076293945,33.95000076293945,343400
2021-01-04,34.029998779296875,34.099998474121094,31.959999084472656,32.029998779296875,32.029998779296875,533500
2021-01-05,32.0099983215332,32.880001068115234,32.0,32.59000015258789,32.59000015258789,484700
2021-01-06,32.79999923706055,33.5099983215332,32.150001525878906,33.15999984741211,33.15999984741211,693200
2021-01-07,33.060001373291016,33.380001068115234,32.619998931884766,33.18000030517578,33.18000030517578,314600
2021-01-08,33.59000015258789,34.56999969482422,33.45000076293945,34.22999954223633,34.22999954223633,427500
2021-01-11,33.83000183105469,35.869998931884766,33.709999084472656,35.84000015258789,35.84000015258789,407200
2021-01-12,35.79999923706055,36.869998931884766,35.61000061035156,36.33000183105469,36.33000183105469,500700
2021-01-13,36.189998626708984,37.33000183105469,36.02000045776367,36.88999938964844,36.88999938964844,511100
2021-01-14,37.0,38.43000030517578,36.75,38.029998779296875,38.029998779296875,299400
2021-01-15,37.650001525878906,38.33000183105469,36.65999984741211,36.900001525878906,36.900001525878906,534300
2021-01-19,37.130001068115234,38.7400016784668,37.0099983215332,38.68000030517578,38.68000030517578,448200
2021-01-20,38.540000915527344,39.29999923706055,37.869998931884766,38.369998931884766,38.369998931884766,405600
2021-01-21,38.41999816894531,39.119998931884766,38.20000076293945,38.560001373291016,38.560001373291016,309200
2021-01-22,38.099998474121094,38.880001068115234,37.939998626708984,38.75,38.75,492500
2021-01-25,38.619998931884766,39.72999954223633,38.04999923706055,39.0,39.0,676400
2021-01-26,39.52000045776367,40.04999923706055,38.959999084472656,39.58000183105469,39.58000183105469,616100
2021-01-27,38.880001068115234,39.630001068115234,38.380001068115234,39.45000076293945,39.45000076293945,845200
2021-01-28,39.689998626708984,39.849998474121094,38.40999984741211,38.84000015258789,38.84000015258789,758300
2021-01-29,38.68000030517578,39.470001220703125,38.06999969482422,38.59000015258789,38.59000015258789,674600
2021-02-01,38.689998626708984,39.2599983215332,37.970001220703125,39.130001068115234,39.130001068115234,646900
2021-02-02,39.65999984741211,40.970001220703125,39.13999938964844,40.40999984741211,40.40999984741211,498800
2021-02-03,41.83000183105469,43.849998474121094,38.93000030517578,39.15999984741211,39.15999984741211,984700
2021-02-04,39.150001525878906,40.619998931884766,39.04999923706055,39.540000915527344,39.540000915527344,706100
2021-02-05,40.040000915527344,40.720001220703125,38.5,39.5,39.5,269000
2021-02-08,40.11000061035156,41.72999954223633,39.63999938964844,41.540000915527344,41.540000915527344,518100
2021-02-09,41.61000061035156,41.970001220703125,40.65999984741211,41.29999923706055,41.29999923706055,380100
2021-02-10,42.959999084472656,42.959999084472656,40.59000015258789,41.09000015258789,41.09000015258789,511600
2021-02-11,41.15999984741211,41.720001220703125,40.459999084472656,40.79999923706055,40.79999923706055,557400
2021-02-12,40.630001068115234,41.36000061035156,40.47999954223633,40.65999984741211,40.65999984741211,550100
2021-02-16,41.209999084472656,41.209999084472656,38.72999954223633,38.95000076293945,38.95000076293945,529900
2021-02-17,39.13999938964844,40.45000076293945,38.630001068115234,39.75,39.75,876900
2021-02-18,39.58000183105469,41.209999084472656,39.5,40.630001068115234,40.630001068115234,615800
2021-02-19,41.02000045776367,41.66999816894531,40.810001373291016,41.33000183105469,41.33000183105469,972200
2021-02-22,41.0,41.529998779296875,40.290000915527344,41.099998474121094,41.099998474121094,602800
2021-02-23,40.7599983215332,41.13999938964844,39.599998474121094,40.619998931884766,40.619998931884766,507100
2021-02-24,40.599998474121094,41.66999816894531,40.599998474121094,41.33000183105469,41.33000183105469,484500
2021-02-25,41.619998931884766,41.619998931884766,39.5,39.66999816894531,39.66999816894531,172100
2021-02-26,39.66999816894531,40.13999938964844,38.75,39.29999923706055,39.29999923706055,417000
2021-03-01,40.36000061035156,40.560001373291016,38.86000061035156,38.9900016784668,38.9900016784668,572100
2021-03-02,39.060001373291016,39.150001525878906,37.65999984741211,38.349998474121094,38.349998474121094,317100
2021-03-03,38.400001525878906,38.91999816894531,37.88999938964844,38.29999923706055,38.29999923706055,571000
2021-03-04,38.29999923706055,39.560001373291016,37.63999938964844,38.02000045776367,38.02000045776367,570500
2021-03-05,38.099998474121094,38.93000030517578,37.45000076293945,38.79999923706055,38.79999923706055,564100
2021-03-08,38.79999923706055,39.66999816894531,38.08000183105469,38.349998474121094,38.349998474121094,599900
2021-03-09,38.70000076293945,39.7400016784668,38.369998931884766,39.5099983215332,39.5099983215332,422200
2021-03-10,39.40999984741211,40.2400016784668,38.81999969482422,39.220001220703125,39.220001220703125,444900
2021-03-11,39.470001220703125,40.20000076293945,39.18000030517578,40.119998931884766,40.119998931884766,275900
2021-03-12,40.279998779296875,41.810001373291016,40.13999938964844,41.689998626708984,41.689998626708984,357600
2021-03-15,41.279998779296875,41.45000076293945,40.599998474121094,41.27000045776367,41.27000045776367,463800
2021-03-16,41.130001068115234,41.47999954223633,40.25,40.439998626708984,40.439998626708984,411900
2021-03-17,40.619998931884766,41.06999969482422,40.04999923706055,40.970001220703125,40.970001220703125,426000
2021-03-18,40.79999923706055,41.470001220703125,40.540000915527344,40.880001068115234,40.880001068115234,569200
2021-03-19,40.790000915527344,41.7400016784668,40.61000061035156,41.43000030517578,41.43000030517578,1302300
2021-03-22,41.56999969482422,41.7400016784668,40.779998779296875,41.02000045776367,41.02000045776367,338200
2021-03-23,40.77000045776367,41.0099983215332,38.369998931884766,38.72999954223633,38.72999954223633,566700
2021-03-24,39.02000045776367,39.86000061035156,38.52000045776367,38.540000915527344,38.540000915527344,578500
2021-03-25,38.369998931884766,40.209999084472656,38.369998931884766,40.060001373291016,40.060001373291016,459100
2021-03-26,40.369998931884766,40.97999954223633,39.7400016784668,40.91999816894531,40.91999816894531,407800
2021-03-29,40.61000061035156,41.34000015258789,39.349998474121094,39.41999816894531,39.41999816894531,369800
2021-03-30,39.47999954223633,39.88999938964844,38.47999954223633,39.119998931884766,39.119998931884766,554700
2021-03-31,39.150001525878906,40.060001373291016,39.150001525878906,39.540000915527344,39.540000915527344,557300
2021-04-01,39.72999954223633,40.150001525878906,39.630001068115234,40.099998474121094,40.099998474121094,258700
2021-04-05,40.45000076293945,40.88999938964844,40.04999923706055,40.34000015258789,40.34000015258789,275600
2021-04-06,40.41999816894531,40.779998779296875,40.20000076293945,40.2599983215332,40.2599983215332,384200
2021-04-07,40.130001068115234,40.400001525878906,39.2599983215332,39.459999084472656,39.459999084472656,296800
2021-04-08,39.869998931884766,39.970001220703125,39.33000183105469,39.880001068115234,39.880001068115234,307500
2021-04-09,39.810001373291016,39.810001373291016,39.279998779296875,39.36000061035156,39.36000061035156,234900
2021-04-12,39.029998779296875,39.529998779296875,39.029998779296875,39.369998931884766,39.369998931884766,197500
2021-04-13,39.45000076293945,39.45000076293945,38.779998779296875,38.849998474121094,38.849998474121094,254400
2021-04-14,39.040000915527344,39.56999969482422,39.040000915527344,39.16999816894531,39.16999816894531,159200
2021-04-15,39.40999984741211,40.09000015258789,39.150001525878906,40.0,40.0,209500
2021-04-16,40.45000076293945,40.45000076293945,39.810001373291016,40.02000045776367,40.02000045776367,244100
2021-04-19,40.0,40.220001220703125,39.540000915527344,39.849998474121094,39.849998474121094,366200
2021-04-20,39.540000915527344,40.09000015258789,38.81999969482422,38.939998626708984,38.939998626708984,274900
2021-04-21,38.9900016784668,39.75,38.529998779296875,38.61000061035156,38.61000061035156,290100
2021-04-22,38.599998474121094,39.11000061035156,38.130001068115234,38.79999923706055,38.79999923706055,238200
2021-04-23,38.7599983215332,39.11000061035156,38.2599983215332,38.689998626708984,38.689998626708984,304500
2021-04-26,38.97999954223633,40.029998779296875,38.720001220703125,38.84000015258789,38.84000015258789,352900
2021-04-27,39.18000030517578,39.22999954223633,37.790000915527344,37.939998626708984,37.939998626708984,455500
2021-04-28,37.65999984741211,37.79999923706055,36.5,36.869998931884766,36.869998931884766,505000
2021-04-29,37.13999938964844,37.5099983215332,36.529998779296875,36.95000076293945,36.95000076293945,323300
2021-04-30,35.689998626708984,35.97999954223633,33.63999938964844,34.310001373291016,34.310001373291016,1252000
2021-05-03,34.27000045776367,34.90999984741211,33.869998931884766,34.7599983215332,34.7599983215332,602400
2021-05-04,34.380001068115234,34.65999984741211,33.65999984741211,33.79999923706055,33.79999923706055,594700
2021-05-05,33.900001525878906,34.220001220703125,33.27000045776367,33.75,33.75,432000
2021-05-06,33.58000183105469,33.619998931884766,32.34000015258789,33.45000076293945,33.45000076293945,545100
2021-05-07,34.25,36.90999984741211,34.04999923706055,36.88999938964844,36.88999938964844,569100
2021-05-10,36.959999084472656,37.540000915527344,36.439998626708984,37.279998779296875,37.279998779296875,500500
2021-05-11,36.5,37.47999954223633,35.63999938964844,36.939998626708984,36.939998626708984,551100
2021-05-12,36.54999923706055,37.43000030517578,36.470001220703125,36.790000915527344,36.790000915527344,561200
2021-05-13,37.099998474121094,37.66999816894531,35.97999954223633,36.689998626708984,36.689998626708984,411000
2021-05-14,37.029998779296875,38.119998931884766,36.970001220703125,38.04999923706055,38.04999923706055,362400
2021-05-17,37.86000061035156,38.11000061035156,37.52000045776367,37.959999084472656,37.959999084472656,286200
2021-05-18,38.09000015258789,38.79999923706055,37.709999084472656,38.130001068115234,38.130001068115234,455500
2021-05-19,38.029998779296875,38.029998779296875,36.97999954223633,37.27000045776367,37.27000045776367,443600
2021-05-20,37.08000183105469,37.90999984741211,36.36000061035156,37.86000061035156,37.86000061035156,510100
2021-05-21,38.18000030517578,38.279998779296875,37.040000915527344,37.880001068115234,37.880001068115234,1431200
2021-05-24,38.15999984741211,38.15999984741211,36.029998779296875,36.150001525878906,36.150001525878906,388700
2021-05-25,36.09000015258789,36.68000030517578,35.650001525878906,35.650001525878906,35.650001525878906,557600
2021-05-26,35.75,36.18000030517578,35.36000061035156,35.810001373291016,35.810001373291016,325000
2021-05-27,36.0099983215332,37.04999923706055,35.79999923706055,36.93000030517578,36.93000030517578,333700
2021-05-28,36.939998626708984,37.029998779296875,36.29999923706055,36.380001068115234,36.380001068115234,313800
2021-06-01,36.41999816894531,37.7599983215332,36.22999954223633,37.630001068115234,37.630001068115234,298400
2021-06-02,37.650001525878906,37.650001525878906,36.900001525878906,37.36000061035156,37.36000061035156,240400
2021-06-03,37.119998931884766,37.25,36.130001068115234,37.0,37.0,217000
2021-06-04,37.20000076293945,37.27000045776367,36.560001373291016,37.130001068115234,37.130001068115234,174000
2021-06-07,37.16999816894531,37.84000015258789,37.09000015258789,37.75,37.75,198000
2021-06-08,38.04999923706055,38.61000061035156,37.369998931884766,38.38999938964844,38.38999938964844,265700
2021-06-09,38.63999938964844,38.72999954223633,37.86000061035156,37.939998626708984,37.939998626708984,291900
2021-06-10,38.099998474121094,39.150001525878906,37.93000030517578,38.86000061035156,38.86000061035156,251800
2021-06-11,38.790000915527344,39.27000045776367,38.7599983215332,39.209999084472656,39.209999084472656,214900
2021-06-14,39.22999954223633,39.290000915527344,38.279998779296875,38.529998779296875,38.529998779296875,320500
2021-06-15,38.5099983215332,38.689998626708984,37.5099983215332,38.54999923706055,38.54999923706055,263000
2021-06-16,38.27000045776367,38.369998931884766,37.2599983215332,37.689998626708984,37.689998626708984,270600
2021-06-17,37.38999938964844,37.47999954223633,36.7400016784668,37.380001068115234,37.380001068115234,281200
2021-06-18,37.08000183105469,37.380001068115234,36.43000030517578,36.599998474121094,36.599998474121094,557800
2021-06-21,36.779998779296875,37.2599983215332,36.45000076293945,37.040000915527344,37.040000915527344,295300
2021-06-22,36.849998474121094,36.849998474121094,35.90999984741211,35.95000076293945,35.95000076293945,279600
2021-06-23,36.220001220703125,36.34000015258789,35.720001220703125,35.880001068115234,35.880001068115234,405800
2021-06-24,35.779998779296875,36.900001525878906,35.650001525878906,36.880001068115234,36.880001068115234,230100
2021-06-25,36.79999923706055,37.130001068115234,36.27000045776367,36.279998779296875,36.279998779296875,872500
2021-06-28,36.36000061035156,36.400001525878906,35.08000183105469,35.779998779296875,35.779998779296875,312900
2021-06-29,35.810001373291016,36.099998474121094,35.45000076293945,35.77000045776367,35.77000045776367,221200
2021-06-30,35.599998474121094,35.83000183105469,35.25,35.63999938964844,35.63999938964844,180700
2021-07-01,35.959999084472656,36.72999954223633,35.79999923706055,36.689998626708984,36.689998626708984,248000
2021-07-02,39.189998626708984,40.22999954223633,37.68000030517578,39.61000061035156,39.61000061035156,2160900
2021-07-06,39.40999984741211,39.9900016784668,37.880001068115234,38.61000061035156,38.61000061035156,10894000
2021-07-07,38.79999923706055,38.810001373291016,37.470001220703125,37.630001068115234,37.630001068115234,640000
2021-07-08,36.650001525878906,37.630001068115234,36.189998626708984,36.939998626708984,36.939998626708984,386000
2021-07-09,37.040000915527344,37.97999954223633,37.029998779296875,37.4900016784668,37.4900016784668,276400
2021-07-12,37.25,38.119998931884766,36.959999084472656,37.93000030517578,37.93000030517578,235900
2021-07-13,37.83000183105469,38.47999954223633,37.5099983215332,37.560001373291016,37.560001373291016,272300
2021-07-14,37.810001373291016,38.0,36.61000061035156,36.650001525878906,36.650001525878906,232500
2021-07-15,36.33000183105469,36.54999923706055,35.650001525878906,35.83000183105469,35.83000183105469,273400
2021-07-16,35.93000030517578,36.290000915527344,35.16999816894531,35.2400016784668,35.2400016784668,255200
2021-07-19,34.4900016784668,35.45000076293945,34.34000015258789,35.0099983215332,35.0099983215332,271100
2021-07-20,35.060001373291016,36.470001220703125,35.040000915527344,36.029998779296875,36.029998779296875,369300
2021-07-21,36.15999984741211,36.75,35.93000030517578,36.400001525878906,36.400001525878906,173500
2021-07-22,36.11000061035156,36.189998626708984,35.0099983215332,35.06999969482422,35.06999969482422,222700
2021-07-23,35.029998779296875,35.52000045776367,34.83000183105469,35.52000045776367,35.52000045776367,207900
2021-07-26,35.650001525878906,36.279998779296875,35.220001220703125,35.369998931884766,35.369998931884766,146600
2021-07-27,35.09000015258789,35.279998779296875,34.310001373291016,35.220001220703125,35.220001220703125,319100
2021-07-28,35.66999816894531,36.77000045776367,35.220001220703125,36.47999954223633,36.47999954223633,297000
2021-07-29,36.939998626708984,36.970001220703125,36.2599983215332,36.369998931884766,36.369998931884766,267900
2021-07-30,36.61000061035156,36.81999969482422,36.0,36.34000015258789,36.34000015258789,188400
2021-08-02,36.70000076293945,37.13999938964844,36.279998779296875,36.63999938964844,36.63999938964844,329300
2021-08-03,36.66999816894531,37.599998474121094,36.2599983215332,37.560001373291016,37.560001373291016,308900
2021-08-04,37.0,37.54999923706055,36.38999938964844,36.97999954223633,36.97999954223633,464700
2021-08-05,36.84000015258789,37.470001220703125,36.79999923706055,37.33000183105469,37.33000183105469,212700
2021-08-06,37.54999923706055,37.779998779296875,36.529998779296875,36.689998626708984,36.689998626708984,310100
2021-08-09,36.72999954223633,36.93000030517578,36.220001220703125,36.349998474121094,36.349998474121094,324100
2021-08-10,36.540000915527344,36.59000015258789,35.779998779296875,36.43000030517578,36.43000030517578,423500
2021-08-11,36.45000076293945,37.369998931884766,35.689998626708984,37.189998626708984,37.189998626708984,204800
2021-08-12,37.20000076293945,37.880001068115234,37.11000061035156,37.56999969482422,37.56999969482422,291200
2021-08-13,37.68000030517578,37.83000183105469,37.13999938964844,37.7400016784668,37.7400016784668,138800
2021-08-16,37.470001220703125,37.59000015258789,36.75,36.790000915527344,36.790000915527344,163400
2021-08-17,36.20000076293945,36.540000915527344,35.540000915527344,36.0099983215332,36.0099983215332,240300
2021-08-18,36.18000030517578,36.529998779296875,35.380001068115234,35.470001220703125,35.470001220703125,278200
2021-08-19,35.220001220703125,35.5099983215332,34.599998474121094,34.599998474121094,34.599998474121094,313300
2021-08-20,34.529998779296875,36.36000061035156,32.810001373291016,35.939998626708984,35.939998626708984,468900
2021-08-23,36.16999816894531,37.08000183105469,35.91999816894531,36.849998474121094,36.849998474121094,235900
2021-08-24,36.970001220703125,37.02000045776367,35.5099983215332,35.58000183105469,35.58000183105469,273000
2021-08-25,36.060001373291016,36.5099983215332,35.560001373291016,36.459999084472656,36.459999084472656,317400
2021-08-26,36.880001068115234,38.099998474121094,36.70000076293945,36.81999969482422,36.81999969482422,325700
2021-08-27,36.75,37.630001068115234,36.65999984741211,37.58000183105469,37.58000183105469,343800
2021-08-30,37.70000076293945,37.70000076293945,36.630001068115234,36.75,36.75,200400
2021-08-31,36.58000183105469,37.349998474121094,36.58000183105469,37.0,37.0,281200
2021-09-01,36.959999084472656,37.58000183105469,36.5099983215332,37.09000015258789,37.09000015258789,217300
2021-09-02,37.22999954223633,37.650001525878906,37.22999954223633,37.369998931884766,37.369998931884766,159400
2021-09-03,37.130001068115234,37.27000045776367,36.619998931884766,37.099998474121094,37.099998474121094,178000
2021-09-07,37.099998474121094,37.380001068115234,36.86000061035156,37.20000076293945,37.20000076293945,182100
2021-09-08,37.2599983215332,38.06999969482422,36.93000030517578,37.790000915527344,37.790000915527344,179600
2021-09-09,37.72999954223633,38.650001525878906,37.56999969482422,38.2400016784668,38.2400016784668,201300
2021-09-10,38.599998474121094,38.599998474121094,37.400001525878906,37.439998626708984,37.439998626708984,231700
2021-09-13,37.599998474121094,38.310001373291016,36.939998626708984,38.25,38.25,199500
2021-09-14,38.400001525878906,38.459999084472656,37.88999938964844,38.0099983215332,38.0099983215332,241800
2021-09-15,37.849998474121094,38.529998779296875,37.619998931884766,38.209999084472656,38.209999084472656,168900
2021-09-16,38.29999923706055,38.619998931884766,37.95000076293945,38.099998474121094,38.099998474121094,170600
2021-09-17,39.040000915527344,39.70000076293945,38.75,39.65999984741211,39.65999984741211,891200
2021-09-20,39.099998474121094,39.52000045776367,37.75,38.560001373291016,38.560001373291016,262300
2021-09-21,38.91999816894531,38.9900016784668,38.04999923706055,38.16999816894531,38.16999816894531,352400
2021-09-22,38.47999954223633,38.70000076293945,38.189998626708984,38.2400016784668,38.2400016784668,518500
2021-09-23,38.13999938964844,38.869998931884766,38.13999938964844,38.5,38.5,255900
2021-09-24,38.34000015258789,39.25,38.09000015258789,38.68000030517578,38.68000030517578,281900
2021-09-27,38.97999954223633,39.619998931884766,38.93000030517578,38.959999084472656,38.959999084472656,193600
2021-09-28,39.11000061035156,39.52000045776367,38.68000030517578,39.040000915527344,39.040000915527344,202300
2021-09-29,39.209999084472656,39.209999084472656,38.16999816894531,38.310001373291016,38.310001373291016,250500
2021-09-30,38.2599983215332,38.58000183105469,37.790000915527344,37.810001373291016,37.810001373291016,276200
2021-10-01,37.970001220703125,38.209999084472656,37.22999954223633,37.540000915527344,37.540000915527344,285200
2021-10-04,37.560001373291016,38.27000045776367,37.279998779296875,38.25,38.25,270800
2021-10-05,38.31999969482422,39.2400016784668,38.060001373291016,39.06999969482422,39.06999969482422,246200
2021-10-06,38.5099983215332,38.849998474121094,38.13999938964844,38.70000076293945,38.70000076293945,228500
2021-10-07,38.97999954223633,38.97999954223633,38.06999969482422,38.18000030517578,38.18000030517578,427600
2021-10-08,38.08000183105469,38.41999816894531,37.47999954223633,37.7599983215332,37.7599983215332,360000
2021-10-11,37.7599983215332,38.43000030517578,37.33000183105469,37.4900016784668,37.4900016784668,573100
2021-10-12,37.529998779296875,37.75,35.11000061035156,35.11000061035156,35.11000061035156,298100
2021-10-13,34.970001220703125,35.619998931884766,34.4900016784668,35.61000061035156,35.61000061035156,331100
2021-10-14,36.150001525878906,36.63999938964844,35.7400016784668,36.5099983215332,36.5099983215332,260600
2021-10-15,37.02000045776367,37.400001525878906,36.38999938964844,36.40999984741211,36.40999984741211,324800
2021-10-18,36.220001220703125,36.90999984741211,36.0,36.54999923706055,36.54999923706055,259800
2021-10-19,36.869998931884766,37.560001373291016,36.2599983215332,36.31999969482422,36.31999969482422,286800
2021-10-20,36.470001220703125,36.52000045776367,35.77000045776367,35.79999923706055,35.79999923706055,166400
2021-10-21,35.779998779296875,36.7400016784668,35.58000183105469,36.72999954223633,36.72999954223633,210000
2021-10-22,36.70000076293945,36.84000015258789,36.09000015258789,36.79999923706055,36.79999923706055,169100
2021-10-25,36.720001220703125,37.59000015258789,36.38999938964844,37.529998779296875,37.529998779296875,227500
2021-10-26,37.52000045776367,37.849998474121094,36.97999954223633,37.189998626708984,37.189998626708984,254700
2021-10-27,37.119998931884766,37.41999816894531,36.77000045776367,37.310001373291016,37.310001373291016,229100
2021-10-28,37.27000045776367,38.04999923706055,36.77000045776367,38.029998779296875,38.029998779296875,235100
2021-10-29,37.779998779296875,38.029998779296875,36.349998474121094,36.93000030517578,36.93000030517578,494400
2021-11-01,36.869998931884766,39.060001373291016,36.70000076293945,38.869998931884766,38.869998931884766,264000
2021-11-02,38.709999084472656,39.08000183105469,34.79999923706055,34.90999984741211,34.90999984741211,649600
2021-11-03,34.470001220703125,36.47999954223633,34.20000076293945,36.2400016784668,36.2400016784668,388000
2021-11-04,34.790000915527344,34.790000915527344,30.170000076293945,30.420000076293945,30.420000076293945,1393300
2021-11-05,30.15999984741211,32.13999938964844,30.049999237060547,31.860000610351562,31.860000610351562,985700
2021-11-08,31.829999923706055,33.45000076293945,31.790000915527344,32.81999969482422,32.81999969482422,563200
2021-11-09,32.84000015258789,33.72999954223633,32.4900016784668,33.52000045776367,33.52000045776367,479400
2021-11-10,34.0,35.119998931884766,33.52000045776367,33.84000015258789,33.84000015258789,807200
2021-11-11,34.0,34.09000015258789,33.22999954223633,33.34000015258789,33.34000015258789,223600
2021-11-12,33.2599983215332,33.29999923706055,32.7400016784668,32.900001525878906,32.900001525878906,314000
2021-11-15,33.060001373291016,33.25,32.18000030517578,32.68000030517578,32.68000030517578,329200
2021-11-16,32.470001220703125,32.540000915527344,32.040000915527344,32.310001373291016,32.310001373291016,314000
2021-11-17,32.13999938964844,32.36000061035156,31.350000381469727,31.729999542236328,31.729999542236328,350000
2021-11-18,31.520000457763672,31.8799991607666,30.149999618530273,30.479999542236328,30.479999542236328,354900
2021-11-19,30.010000228881836,30.75,30.010000228881836,30.610000610351562,30.610000610351562,321700
2021-11-22,30.670000076293945,31.299999237060547,30.389999389648438,30.780000686645508,30.780000686645508,320700
2021-11-23,30.75,31.170000076293945,30.260000228881836,31.010000228881836,31.010000228881836,452900
2021-11-24,30.8700008392334,32.029998779296875,30.799999237060547,31.719999313354492,31.719999313354492,278000
2021-11-26,30.850000381469727,31.34000015258789,29.940000534057617,30.65999984741211,30.65999984741211,207600
2021-11-29,31.25,31.40999984741211,29.479999542236328,29.84000015258789,29.84000015258789,346200
2021-11-30,29.389999389648438,30.09000015258789,29.31999969482422,29.670000076293945,29.670000076293945,580400
2021-12-01,30.40999984741211,30.760000228881836,28.829999923706055,28.829999923706055,28.829999923706055,405200
2021-12-02,28.799999237060547,29.290000915527344,28.40999984741211,28.559999465942383,28.559999465942383,432300
2021-12-03,28.600000381469727,29.219999313354492,27.75,29.1200008392334,29.1200008392334,559000
2021-12-06,29.719999313354492,30.940000534057617,29.100000381469727,30.350000381469727,30.350000381469727,605200
2021-12-07,30.780000686645508,31.559999465942383,30.579999923706055,31.06999969482422,31.06999969482422,549300
2021-12-08,31.1200008392334,31.790000915527344,30.770000457763672,31.700000762939453,31.700000762939453,411500
2021-12-09,31.149999618530273,31.31999969482422,30.34000015258789,30.389999389648438,30.389999389648438,248900
2021-12-10,30.6200008392334,30.780000686645508,29.899999618530273,30.149999618530273,30.149999618530273,405600
2021-12-13,29.889999389648438,30.420000076293945,29.579999923706055,29.940000534057617,29.940000534057617,219200
2021-12-14,29.899999618530273,30.360000610351562,29.190000534057617,29.25,29.25,248400
2021-12-15,29.049999237060547,29.34000015258789,28.260000228881836,29.06999969482422,29.06999969482422,448200
2021-12-16,29.260000228881836,29.309999465942383,27.950000762939453,28.229999542236328,28.229999542236328,510300
2021-12-17,28.059999465942383,28.579999923706055,27.479999542236328,28.209999084472656,28.209999084472656,879100
2021-12-20,27.690000534057617,27.75,26.65999984741211,27.56999969482422,27.56999969482422,405600
2021-12-21,27.979999542236328,29.299999237060547,27.700000762939453,29.170000076293945,29.170000076293945,404100
2021-12-22,29.09000015258789,29.90999984741211,29.09000015258789,29.389999389648438,29.389999389648438,173200
2021-12-23,29.579999923706055,30.1299991607666,29.299999237060547,30.020000457763672,30.020000457763672,372800
2021-12-27,30.15999984741211,30.440000534057617,29.860000610351562,30.399999618530273,30.399999618530273,232100
2021-12-28,30.06999969482422,30.309999465942383,29.719999313354492,29.81999969482422,29.81999969482422,348000
2021-12-29,29.729999542236328,29.850000381469727,28.8700008392334,29.15999984741211,29.15999984741211,240900
2021-12-30,28.989999771118164,30.059999465942383,28.93000030517578,29.6299991607666,29.6299991607666,157500
2021-12-31,29.459999084472656,29.979999542236328,29.459999084472656,29.559999465942383,29.559999465942383,100500
2022-01-03,29.899999618530273,30.75,29.690000534057617,30.649999618530273,30.649999618530273,299200
2022-01-04,30.799999237060547,31.510000228881836,30.549999237060547,31.5,31.5,278800
2022-01-05,31.610000610351562,32.08000183105469,30.610000610351562,30.639999389648438,30.639999389648438,350300
2022-01-06,30.6299991607666,31.81999969482422,30.559999465942383,30.579999923706055,30.579999923706055,451900
2022-01-07,30.530000686645508,31.030000686645508,30.15999984741211,30.18000030517578,30.18000030517578,341600
2022-01-10,30.18000030517578,30.34000015258789,29.899999618530273,30.209999084472656,30.209999084472656,217000
2022-01-11,30.0,30.68000030517578,29.860000610351562,30.530000686645508,30.530000686645508,205200
2022-01-12,30.770000457763672,30.790000915527344,29.200000762939453,29.489999771118164,29.489999771118164,284100
2022-01-13,29.56999969482422,30.020000457763672,29.219999313354492,29.420000076293945,29.420000076293945,207100
2022-01-14,29.200000762939453,29.739999771118164,29.200000762939453,29.700000762939453,29.700000762939453,196000
2022-01-18,29.399999618530273,29.84000015258789,29.280000686645508,29.3700008392334,29.3700008392334,256600
2022-01-19,29.3700008392334,29.5,28.520000457763672,28.579999923706055,28.579999923706055,244100
2022-01-20,28.610000610351562,29.639999389648438,28.239999771118164,28.290000915527344,28.290000915527344,257500
2022-01-21,28.270000457763672,28.860000610351562,27.8700008392334,27.899999618530273,27.899999618530273,238000
2022-01-24,29.530000686645508,31.8700008392334,29.510000228881836,31.709999084472656,31.709999084472656,1206800
2022-01-25,31.43000030517578,31.489999771118164,29.90999984741211,30.5,30.5,466700
2022-01-26,30.790000915527344,31.079999923706055,29.350000381469727,29.65999984741211,29.65999984741211,420400
2022-01-27,29.549999237060547,29.829999923706055,28.219999313354492,28.549999237060547,28.549999237060547,284300
2022-01-28,28.600000381469727,28.600000381469727,27.510000228881836,28.479999542236328,28.479999542236328,279700
2022-01-31,28.100000381469727,29.420000076293945,28.0,29.420000076293945,29.420000076293945,344000
2022-02-01,29.459999084472656,29.6299991607666,28.719999313354492,29.3700008392334,29.3700008392334,343000
2022-02-02,29.43000030517578,29.43000030517578,28.450000762939453,28.579999923706055,28.579999923706055,284700
2022-02-03,28.229999542236328,28.5,27.790000915527344,27.979999542236328,27.979999542236328,236500
2022-02-04,27.799999237060547,28.34000015258789,27.469999313354492,28.219999313354492,28.219999313354492,163000
2022-02-07,28.290000915527344,28.68000030517578,28.030000686645508,28.299999237060547,28.299999237060547,162700
2022-02-08,28.360000610351562,29.020000457763672,28.360000610351562,28.75,28.75,357600
2022-02-09,23.93000030517578,25.440000534057617,23.690000534057617,24.700000762939453,24.700000762939453,1934800
2022-02-10,24.3700008392334,24.850000381469727,22.549999237060547,22.770000457763672,22.770000457763672,1213200
2022-02-11,23.959999084472656,25.020000457763672,23.579999923706055,23.760000228881836,23.760000228881836,827200
2022-02-14,23.799999237060547,24.309999465942383,23.190000534057617,23.489999771118164,23.489999771118164,523700
2022-02-15,24.3700008392334,24.8799991607666,23.6299991607666,23.690000534057617,23.690000534057617,590100
2022-02-16,23.3799991607666,23.90999984741211,22.969999313354492,23.100000381469727,23.100000381469727,474200
2022-02-17,22.690000534057617,22.989999771118164,20.270000457763672,21.100000381469727,21.100000381469727,1323100
2022-02-18,21.149999618530273,21.729999542236328,20.760000228881836,20.829999923706055,20.829999923706055,909500
2022-02-22,20.639999389648438,21.0,20.3700008392334,20.43000030517578,20.43000030517578,693700
2022-02-23,20.549999237060547,20.790000915527344,19.739999771118164,19.739999771118164,19.739999771118164,429100
2022-02-24,19.479999542236328,20.190000534057617,19.139999389648438,20.1200008392334,20.1200008392334,439900
2022-02-25,20.170000076293945,20.84000015258789,19.770000457763672,20.770000457763672,20.770000457763672,414000
2022-02-28,20.610000610351562,20.940000534057617,20.469999313354492,20.780000686645508,20.780000686645508,483800
2022-03-01,21.739999771118164,22.75,21.510000228881836,22.43000030517578,22.43000030517578,841500
2022-03-02,22.770000457763672,23.700000762939453,22.770000457763672,23.09000015258789,23.09000015258789,342100
2022-03-03,22.8799991607666,22.889999389648438,22.270000457763672,22.75,22.75,380300
2022-03-04,22.510000228881836,22.8700008392334,22.110000610351562,22.540000915527344,22.540000915527344,219400
2022-03-07,22.6299991607666,23.799999237060547,22.450000762939453,22.860000610351562,22.860000610351562,383400
2022-03-08,22.969999313354492,24.110000610351562,22.829999923706055,23.389999389648438,23.389999389648438,442200
2022-03-09,23.559999465942383,24.1299991607666,23.530000686645508,23.899999618530273,23.899999618530273,289600
2022-03-10,23.739999771118164,24.020000457763672,23.1200008392334,24.010000228881836,24.010000228881836,264600
2022-03-11,24.030000686645508,24.649999618530273,24.0,24.149999618530273,24.149999618530273,336100
2022-03-14,24.43000030517578,25.719999313354492,23.940000534057617,25.479999542236328,25.479999542236328,369100
2022-03-15,25.8700008392334,27.600000381469727,25.8700008392334,26.850000381469727,26.850000381469727,532200
2022-03-16,26.93000030517578,27.709999084472656,26.93000030517578,27.6200008392334,27.6200008392334,354300
2022-03-17,27.40999984741211,28.75,27.309999465942383,28.6299991607666,28.6299991607666,346200
2022-03-18,28.75,29.3799991607666,28.479999542236328,29.25,29.25,610900
2022-03-21,28.940000534057617,29.790000915527344,28.770000457763672,29.43000030517578,29.43000030517578,345400
2022-03-22,29.489999771118164,29.770000457763672,28.6200008392334,28.850000381469727,28.850000381469727,264000
2022-03-23,28.610000610351562,29.479999542236328,28.5,28.639999389648438,28.639999389648438,288600
2022-03-24,28.770000457763672,29.860000610351562,28.600000381469727,29.850000381469727,29.850000381469727,292000
2022-03-25,29.850000381469727,30.5,29.709999084472656,30.079999923706055,30.079999923706055,329700
2022-03-28,29.850000381469727,30.65999984741211,29.850000381469727,30.06999969482422,30.06999969482422,245100
2022-03-29,30.260000228881836,30.969999313354492,29.860000610351562,30.100000381469727,30.100000381469727,598700
2022-03-30,30.030000686645508,30.530000686645508,30.020000457763672,30.239999771118164,30.239999771118164,408200
2022-03-31,30.239999771118164,30.540000915527344,29.559999465942383,29.709999084472656,29.709999084472656,836900
2022-04-01,29.959999084472656,31.0,29.899999618530273,31.0,31.0,749700
2022-04-04,31.040000915527344,31.239999771118164,29.8799991607666,30.350000381469727,30.350000381469727,380200
2022-04-05,30.200000762939453,30.579999923706055,29.3799991607666,29.3799991607666,29.3799991607666,462600
2022-04-06,29.3799991607666,29.450000762939453,28.309999465942383,29.079999923706055,29.079999923706055,629800
2022-04-07,29.079999923706055,29.270000457763672,28.65999984741211,29.040000915527344,29.040000915527344,742800
2022-04-08,29.1299991607666,29.280000686645508,28.770000457763672,28.979999542236328,28.979999542236328,549700
2022-04-11,29.020000457763672,29.139999389648438,28.520000457763672,28.709999084472656,28.709999084472656,755200
2022-04-12,28.93000030517578,29.709999084472656,28.770000457763672,29.18000030517578,29.18000030517578,609500
2022-04-13,29.190000534057617,29.690000534057617,29.06999969482422,29.31999969482422,29.31999969482422,351900
2022-04-14,29.219999313354492,29.770000457763672,29.219999313354492,29.670000076293945,29.670000076293945,576600
2022-04-18,29.729999542236328,30.6200008392334,29.5,30.25,30.25,414700
2022-04-19,30.469999313354492,30.93000030517578,30.469999313354492,30.6200008392334,30.6200008392334,494800
2022-04-20,30.700000762939453,31.149999618530273,30.65999984741211,30.889999389648438,30.889999389648438,387900
2022-04-21,31.149999618530273,31.170000076293945,30.15999984741211,30.25,30.25,482700
2022-04-22,29.940000534057617,30.559999465942383,29.770000457763672,29.8799991607666,29.8799991607666,388000
2022-04-25,29.450000762939453,30.139999389648438,29.209999084472656,30.06999969482422,30.06999969482422,428300
2022-04-26,29.889999389648438,30.350000381469727,29.5,30.1200008392334,30.1200008392334,907900
2022-04-27,30.229999542236328,30.610000610351562,29.760000228881836,29.809999465942383,29.809999465942383,469700
2022-04-28,30.09000015258789,30.360000610351562,29.25,30.1299991607666,30.1299991607666,324900
2022-04-29,29.979999542236328,30.389999389648438,29.260000228881836,29.309999465942383,29.309999465942383,366500
2022-05-02,29.200000762939453,30.420000076293945,29.100000381469727,29.670000076293945,29.670000076293945,376300
2022-05-03,29.5,29.530000686645508,28.729999542236328,28.920000076293945,28.920000076293945,296400
2022-05-04,29.06999969482422,29.5,28.399999618530273,29.020000457763672,29.020000457763672,337100
2022-05-05,28.81999969482422,29.290000915527344,27.850000381469727,28.219999313354492,28.219999313354492,391000
2022-05-06,32.9900016784668,34.81999969482422,30.459999084472656,30.8700008392334,30.8700008392334,1469800
2022-05-09,30.540000915527344,32.88999938964844,30.309999465942383,31.469999313354492,31.469999313354492,594600
2022-05-10,31.700000762939453,32.41999816894531,30.889999389648438,32.18000030517578,32.18000030517578,520300
2022-05-11,32.099998474121094,32.099998474121094,30.3799991607666,30.739999771118164,30.739999771118164,417800
2022-05-12,30.790000915527344,31.75,30.18000030517578,30.790000915527344,30.790000915527344,373900
2022-05-13,30.93000030517578,31.309999465942383,30.260000228881836,30.43000030517578,30.43000030517578,355100
2022-05-16,30.18000030517578,30.6200008392334,29.610000610351562,30.389999389648438,30.389999389648438,283800
2022-05-17,30.75,31.700000762939453,30.739999771118164,31.170000076293945,31.170000076293945,552900
2022-05-18,31.149999618530273,32.540000915527344,31.1200008392334,31.700000762939453,31.700000762939453,543300
2022-05-19,31.59000015258789,32.279998779296875,31.280000686645508,31.989999771118164,31.989999771118164,422200
2022-05-20,32.22999954223633,32.22999954223633,31.260000228881836,31.850000381469727,31.850000381469727,338300
2022-05-23,31.940000534057617,32.43000030517578,31.3799991607666,31.600000381469727,31.600000381469727,455300
2022-05-24,31.010000228881836,31.510000228881836,30.510000228881836,31.479999542236328,31.479999542236328,338900
2022-05-25,31.459999084472656,32.33000183105469,30.799999237060547,31.8799991607666,31.8799991607666,279400
2022-05-26,32.279998779296875,32.38999938964844,31.489999771118164,31.639999389648438,31.639999389648438,228300
2022-05-27,31.520000457763672,32.63999938964844,31.520000457763672,32.619998931884766,32.619998931884766,244100
2022-05-31,32.439998626708984,32.709999084472656,31.920000076293945,32.619998931884766,32.619998931884766,465300
2022-06-01,32.779998779296875,33.2400016784668,32.130001068115234,33.099998474121094,33.099998474121094,479000
2022-06-02,33.29999923706055,33.79999923706055,32.97999954223633,33.61000061035156,33.61000061035156,552400
2022-06-03,33.630001068115234,34.279998779296875,33.27000045776367,34.09000015258789,34.09000015258789,559500
2022-06-06,33.880001068115234,34.72999954223633,33.29999923706055,34.58000183105469,34.58000183105469,528800
2022-06-07,34.2599983215332,35.459999084472656,34.2400016784668,35.349998474121094,35.349998474121094,527100
2022-06-08,35.060001373291016,35.099998474121094,33.52000045776367,33.9900016784668,33.9900016784668,620600
2022-06-09,33.86000061035156,34.02000045776367,33.11000061035156,33.290000915527344,33.290000915527344,342300
2022-06-10,33.040000915527344,33.13999938964844,31.940000534057617,32.0,32.0,644400
2022-06-13,31.540000915527344,31.950000762939453,30.920000076293945,31.299999237060547,31.299999237060547,758900
2022-06-14,31.399999618530273,31.969999313354492,31.18000030517578,31.690000534057617,31.690000534057617,770700
2022-06-15,31.889999389648438,32.130001068115234,31.170000076293945,31.790000915527344,31.790000915527344,577000
2022-06-16,32.099998474121094,32.5099983215332,31.030000686645508,31.1200008392334,31.1200008392334,784800
2022-06-17,31.389999389648438,32.11000061035156,30.489999771118164,31.739999771118164,31.739999771118164,1875100
2022-06-21,32.34000015258789,32.34000015258789,31.440000534057617,32.029998779296875,32.029998779296875,652900
2022-06-22,31.790000915527344,33.20000076293945,31.790000915527344,32.810001373291016,32.810001373291016,525100
2022-06-23,32.9900016784668,33.77000045776367,32.68000030517578,33.70000076293945,33.70000076293945,363600
2022-06-24,33.869998931884766,36.84000015258789,33.459999084472656,36.63999938964844,36.63999938964844,1685500
2022-06-27,36.59000015258789,36.77000045776367,35.0099983215332,36.380001068115234,36.380001068115234,508300
2022-06-28,36.54999923706055,36.900001525878906,35.189998626708984,35.31999969482422,35.31999969482422,493700
2022-06-29,35.43000030517578,35.88999938964844,35.099998474121094,35.65999984741211,35.65999984741211,451500
2022-06-30,35.31999969482422,36.34000015258789,35.02000045776367,35.970001220703125,35.970001220703125,515600
2022-07-01,35.70000076293945,36.65999984741211,35.470001220703125,36.52000045776367,36.52000045776367,407900
2022-07-05,35.880001068115234,37.5,35.810001373291016,37.45000076293945,37.45000076293945,590700
2022-07-06,36.97999954223633,37.060001373291016,36.189998626708984,36.83000183105469,36.83000183105469,427200
2022-07-07,37.0099983215332,37.47999954223633,36.70000076293945,36.939998626708984,36.939998626708984,292100
2022-07-08,36.86000061035156,38.2599983215332,36.779998779296875,38.119998931884766,38.119998931884766,757500
2022-07-11,38.150001525878906,38.150001525878906,36.91999816894531,36.93000030517578,36.93000030517578,411800
2022-07-12,37.150001525878906,38.060001373291016,36.93000030517578,37.0,37.0,346600
2022-07-13,36.70000076293945,37.86000061035156,36.310001373291016,37.68000030517578,37.68000030517578,274300
2022-07-14,37.0099983215332,37.59000015258789,36.720001220703125,37.220001220703125,37.220001220703125,194300
2022-07-15,37.68000030517578,38.7400016784668,37.45000076293945,38.599998474121094,38.599998474121094,285600
2022-07-18,38.54999923706055,39.33000183105469,38.54999923706055,38.77000045776367,38.77000045776367,206200
2022-07-19,39.06999969482422,40.0,39.06999969482422,39.630001068115234,39.630001068115234,375200
2022-07-20,39.779998779296875,40.040000915527344,39.040000915527344,39.650001525878906,39.650001525878906,335300
2022-07-21,38.84000015258789,39.68000030517578,38.66999816894531,39.08000183105469,39.08000183105469,283500
2022-07-22,38.79999923706055,39.45000076293945,38.5,39.11000061035156,39.11000061035156,468700
2022-07-25,39.15999984741211,39.540000915527344,38.939998626708984,39.189998626708984,39.189998626708984,554400
2022-07-26,39.209999084472656,40.13999938964844,39.209999084472656,39.7599983215332,39.7599983215332,281800
2022-07-27,39.939998626708984,40.54999923706055,39.630001068115234,40.220001220703125,40.220001220703125,333600
2022-07-28,40.13999938964844,40.290000915527344,39.09000015258789,39.7599983215332,39.7599983215332,350400
2022-07-29,39.81999969482422,40.599998474121094,39.77000045776367,40.099998474121094,40.099998474121094,336700
2022-08-01,40.029998779296875,40.099998474121094,39.29999923706055,39.939998626708984,39.939998626708984,362500
2022-08-02,39.91999816894531,40.369998931884766,39.7400016784668,39.869998931884766,39.869998931884766,205100
2022-08-03,39.939998626708984,40.2400016784668,39.7599983215332,39.90999984741211,39.90999984741211,191000
2022-08-04,40.18000030517578,40.18000030517578,39.060001373291016,39.220001220703125,39.220001220703125,389200
2022-08-05,38.88999938964844,39.0,37.47999954223633,38.2599983215332,38.2599983215332,513800
2022-08-08,38.459999084472656,38.84000015258789,38.09000015258789,38.5,38.5,354700
2022-08-09,38.79999923706055,39.209999084472656,38.70000076293945,39.040000915527344,39.040000915527344,342500
2022-08-10,39.45000076293945,39.45000076293945,38.650001525878906,38.7599983215332,38.7599983215332,337900
2022-08-11,39.0099983215332,39.099998474121094,37.40999984741211,37.7400016784668,37.7400016784668,640700
2022-08-12,39.29999923706055,39.5,34.45000076293945,37.56999969482422,37.56999969482422,748600
2022-08-15,37.16999816894531,38.220001220703125,36.7400016784668,37.95000076293945,37.95000076293945,323500
2022-08-16,37.5099983215332,38.0099983215332,37.22999954223633,37.7400016784668,37.7400016784668,333200
2022-08-17,37.45000076293945,38.58000183105469,37.45000076293945,38.13999938964844,38.13999938964844,233500
2022-08-18,38.119998931884766,38.4900016784668,37.27000045776367,38.349998474121094,38.349998474121094,299300
2022-08-19,38.20000076293945,39.4900016784668,38.20000076293945,39.40999984741211,39.40999984741211,293800
2022-08-22,39.18000030517578,39.66999816894531,38.75,38.88999938964844,38.88999938964844,341100
2022-08-23,38.7400016784668,39.5,38.7400016784668,39.209999084472656,39.209999084472656,259400
2022-08-24,39.599998474121094,40.0,39.2400016784668,39.7400016784668,39.7400016784668,312300
2022-08-25,39.79999923706055,41.209999084472656,39.79999923706055,41.119998931884766,41.119998931884766,330700
2022-08-26,40.970001220703125,41.400001525878906,39.72999954223633,39.75,39.75,356600
2022-08-29,39.119998931884766,39.36000061035156,38.619998931884766,38.630001068115234,38.630001068115234,237100
2022-08-30,38.68000030517578,38.939998626708984,38.11000061035156,38.15999984741211,38.15999984741211,468400
2022-08-31,38.119998931884766,38.45000076293945,37.599998474121094,37.689998626708984,37.689998626708984,392000
2022-09-01,37.31999969482422,38.61000061035156,37.189998626708984,38.029998779296875,38.029998779296875,355900
2022-09-02,38.27000045776367,38.27000045776367,36.41999816894531,36.900001525878906,36.900001525878906,373600
2022-09-06,37.040000915527344,37.52000045776367,36.61000061035156,37.189998626708984,37.189998626708984,376600
2022-09-07,37.2599983215332,38.0099983215332,37.08000183105469,37.970001220703125,37.970001220703125,405300
2022-09-08,37.61000061035156,37.7400016784668,37.209999084472656,37.540000915527344,37.540000915527344,183100
2022-09-09,37.88999938964844,38.189998626708984,37.56999969482422,37.65999984741211,37.65999984741211,207100
2022-09-12,37.77000045776367,39.349998474121094,37.77000045776367,39.34000015258789,39.34000015258789,424400
2022-09-13,38.75,39.2599983215332,37.41999816894531,37.77000045776367,37.77000045776367,282000
2022-09-14,38.040000915527344,38.40999984741211,37.33000183105469,38.150001525878906,38.150001525878906,268400
2022-09-15,37.970001220703125,38.900001525878906,37.970001220703125,38.349998474121094,38.349998474121094,310700
2022-09-16,38.09000015258789,38.189998626708984,36.79999923706055,37.27000045776367,37.27000045776367,535400
2022-09-19,36.869998931884766,38.16999816894531,36.45000076293945,37.18000030517578,37.18000030517578,245900
2022-09-20,37.0,37.540000915527344,36.90999984741211,37.22999954223633,37.22999954223633,195800
2022-09-21,37.310001373291016,37.630001068115234,36.61000061035156,36.869998931884766,36.869998931884766,239800
2022-09-22,36.59000015258789,36.77000045776367,35.7599983215332,35.959999084472656,35.959999084472656,180500
2022-09-23,35.779998779296875,35.849998474121094,34.959999084472656,35.470001220703125,35.470001220703125,253100
2022-09-26,35.369998931884766,36.31999969482422,35.04999923706055,35.33000183105469,35.33000183105469,345400
2022-09-27,35.790000915527344,36.209999084472656,35.20000076293945,35.470001220703125,35.470001220703125,350200
2022-09-28,35.66999816894531,37.939998626708984,35.58000183105469,37.619998931884766,37.619998931884766,407800
2022-09-29,37.27000045776367,37.34000015258789,36.68000030517578,37.02000045776367,37.02000045776367,238900
2022-09-30,37.150001525878906,37.65999984741211,36.400001525878906,36.45000076293945,36.45000076293945,535100
2022-10-03,36.58000183105469,36.9900016784668,36.060001373291016,36.380001068115234,36.380001068115234,270500
2022-10-04,36.849998474121094,37.95000076293945,36.849998474121094,37.75,37.75,703200
2022-10-05,37.20000076293945,37.86000061035156,37.060001373291016,37.15999984741211,37.15999984741211,735900
2022-10-06,37.029998779296875,38.130001068115234,37.029998779296875,37.47999954223633,37.47999954223633,344200
2022-10-07,37.439998626708984,37.439998626708984,36.529998779296875,36.7400016784668,36.7400016784668,399300
2022-10-10,36.88999938964844,37.52000045776367,36.459999084472656,37.33000183105469,37.33000183105469,240200
2022-10-11,37.15999984741211,37.650001525878906,36.65999984741211,37.349998474121094,37.349998474121094,625200
2022-10-12,37.38999938964844,38.68000030517578,37.209999084472656,38.20000076293945,38.20000076293945,336200
2022-10-13,37.65999984741211,38.36000061035156,37.529998779296875,37.9900016784668,37.9900016784668,397000
2022-10-14,38.15999984741211,38.470001220703125,36.279998779296875,36.31999969482422,36.31999969482422,350300
2022-10-17,36.77000045776367,37.93000030517578,36.61000061035156,37.220001220703125,37.220001220703125,403500
2022-10-18,37.72999954223633,38.7599983215332,37.72999954223633,38.65999984741211,38.65999984741211,281200
2022-10-19,38.68000030517578,39.099998474121094,37.459999084472656,37.90999984741211,37.90999984741211,283400
2022-10-20,37.849998474121094,38.7400016784668,37.709999084472656,37.880001068115234,37.880001068115234,172000
2022-10-21,38.2400016784668,38.459999084472656,37.5,38.13999938964844,38.13999938964844,208600
2022-10-24,37.939998626708984,39.04999923706055,37.939998626708984,38.59000015258789,38.59000015258789,368500
2022-10-25,38.689998626708984,40.97999954223633,38.66999816894531,40.93000030517578,40.93000030517578,486700
2022-10-26,40.97999954223633,41.31999969482422,40.2599983215332,40.470001220703125,40.470001220703125,325100
2022-10-27,40.630001068115234,41.02000045776367,40.099998474121094,40.560001373291016,40.560001373291016,377600
2022-10-28,40.939998626708984,42.22999954223633,40.849998474121094,41.810001373291016,41.810001373291016,470900
2022-10-31,41.619998931884766,41.959999084472656,41.130001068115234,41.70000076293945,41.70000076293945,320900
2022-11-01,42.61000061035156,42.75,41.439998626708984,41.65999984741211,41.65999984741211,272000
2022-11-02,41.54999923706055,42.04999923706055,41.150001525878906,41.290000915527344,41.290000915527344,747300
2022-11-03,40.75,42.220001220703125,39.81999969482422,41.86000061035156,41.86000061035156,492300
2022-11-04,41.09000015258789,43.880001068115234,39.779998779296875,42.27000045776367,42.27000045776367,550500
2022-11-07,42.349998474121094,43.61000061035156,42.279998779296875,43.0,43.0,437700
2022-11-08,43.470001220703125,44.400001525878906,43.43000030517578,44.119998931884766,44.119998931884766,692100
2022-11-09,43.90999984741211,44.189998626708984,42.58000183105469,42.689998626708984,42.689998626708984,342300
2022-11-10,43.7400016784668,44.040000915527344,42.790000915527344,42.90999984741211,42.90999984741211,320900
2022-11-11,42.970001220703125,42.970001220703125,40.47999954223633,40.54999923706055,40.54999923706055,279300
2022-11-14,40.59000015258789,40.650001525878906,39.70000076293945,39.720001220703125,39.720001220703125,317400
2022-11-15,40.459999084472656,40.84000015258789,39.689998626708984,39.72999954223633,39.72999954223633,655700
2022-11-16,39.81999969482422,41.22999954223633,39.77000045776367,40.849998474121094,40.849998474121094,417300
2022-11-17,40.5099983215332,40.849998474121094,40.04999923706055,40.529998779296875,40.529998779296875,329500
2022-11-18,41.06999969482422,41.27000045776367,40.29999923706055,40.83000183105469,40.83000183105469,286500
2022-11-21,40.95000076293945,40.95000076293945,39.95000076293945,40.38999938964844,40.38999938964844,188400
2022-11-22,40.2599983215332,41.209999084472656,40.2599983215332,40.91999816894531,40.91999816894531,253600
2022-11-23,41.06999969482422,41.15999984741211,40.380001068115234,40.470001220703125,40.470001220703125,109300
2022-11-25,40.099998474121094,40.86000061035156,40.08000183105469,40.34000015258789,40.34000015258789,67300
2022-11-28,40.04999923706055,40.91999816894531,40.04999923706055,40.68000030517578,40.68000030517578,340200
2022-11-29,40.77000045776367,40.77000045776367,40.02000045776367,40.709999084472656,40.709999084472656,169400
2022-11-30,41.0099983215332,41.7599983215332,40.380001068115234,41.599998474121094,41.599998474121094,525700
2022-12-01,41.709999084472656,41.880001068115234,40.95000076293945,41.2400016784668,41.2400016784668,187200
2022-12-02,40.56999969482422,40.779998779296875,39.189998626708984,40.43000030517578,40.43000030517578,294600
2022-12-05,40.29999923706055,40.310001373291016,38.720001220703125,39.459999084472656,39.459999084472656,261300
2022-12-06,39.70000076293945,40.04999923706055,39.27000045776367,39.470001220703125,39.470001220703125,250800
2022-12-07,39.150001525878906,39.63999938964844,38.0099983215332,38.95000076293945,38.95000076293945,367000
2022-12-08,39.130001068115234,39.400001525878906,38.380001068115234,38.7400016784668,38.7400016784668,181400
2022-12-09,38.4900016784668,39.0,37.560001373291016,37.58000183105469,37.58000183105469,207400
2022-12-12,37.52000045776367,37.61000061035156,37.18000030517578,37.529998779296875,37.529998779296875,241800
2022-12-13,38.2400016784668,38.38999938964844,36.93000030517578,37.02000045776367,37.02000045776367,275700
2022-12-14,36.97999954223633,37.29999923706055,36.599998474121094,36.81999969482422,36.81999969482422,265000
2022-12-15,36.58000183105469,37.41999816894531,36.36000061035156,37.08000183105469,37.08000183105469,367600
2022-12-16,36.810001373291016,36.869998931884766,35.54999923706055,36.0099983215332,36.0099983215332,2323300
2022-12-19,36.040000915527344,36.61000061035156,35.880001068115234,36.11000061035156,36.11000061035156,258000
2022-12-20,35.849998474121094,36.36000061035156,35.849998474121094,36.34000015258789,36.34000015258789,248100
2022-12-21,36.90999984741211,37.7400016784668,36.61000061035156,37.29999923706055,37.29999923706055,239800
2022-12-22,37.119998931884766,37.66999816894531,36.4900016784668,37.0,37.0,314500
2022-12-23,36.779998779296875,37.279998779296875,35.970001220703125,36.16999816894531,36.16999816894531,181000
2022-12-27,36.2599983215332,36.59000015258789,36.040000915527344,36.130001068115234,36.130001068115234,173700
2022-12-28,35.959999084472656,36.43000030517578,35.439998626708984,35.650001525878906,35.650001525878906,222100
2022-12-29,35.970001220703125,36.36000061035156,35.52000045776367,35.58000183105469,35.58000183105469,181900
2022-12-30,35.36000061035156,35.70000076293945,35.209999084472656,35.5,35.5,289400
2023-01-03,35.720001220703125,36.02000045776367,35.0,35.61000061035156,35.61000061035156,262700
2023-01-04,35.630001068115234,36.599998474121094,35.52000045776367,36.060001373291016,36.060001373291016,346400
2023-01-05,35.939998626708984,36.560001373291016,35.529998779296875,36.38999938964844,36.38999938964844,242500
2023-01-06,36.619998931884766,37.7400016784668,36.619998931884766,37.369998931884766,37.369998931884766,377300
2023-01-09,37.599998474121094,37.599998474121094,36.029998779296875,36.060001373291016,36.060001373291016,240400
2023-01-10,36.029998779296875,37.119998931884766,35.970001220703125,37.0,37.0,215000
2023-01-11,37.27000045776367,37.349998474121094,36.52000045776367,36.88999938964844,36.88999938964844,146500
2023-01-12,37.060001373291016,37.34000015258789,36.7400016784668,36.970001220703125,36.970001220703125,158400
2023-01-13,36.79999923706055,37.63999938964844,36.79999923706055,37.31999969482422,37.31999969482422,155900
2023-01-17,37.59000015258789,37.77000045776367,36.88999938964844,36.91999816894531,36.91999816894531,164000
2023-01-18,36.849998474121094,37.25,36.22999954223633,36.43000030517578,36.43000030517578,138300
2023-01-19,36.529998779296875,36.720001220703125,36.060001373291016,36.689998626708984,36.689998626708984,183600
2023-01-20,37.0,37.72999954223633,36.56999969482422,37.65999984741211,37.65999984741211,223800
2023-01-23,37.7599983215332,38.18000030517578,37.56999969482422,38.09000015258789,38.09000015258789,170600
2023-01-24,38.29999923706055,38.81999969482422,37.72999954223633,38.459999084472656,38.459999084472656,171000
2023-01-25,38.369998931884766,38.86000061035156,38.220001220703125,38.63999938964844,38.63999938964844,123700
2023-01-26,38.86000061035156,38.86000061035156,38.15999984741211,38.790000915527344,38.790000915527344,109800
2023-01-27,38.66999816894531,39.15999984741211,38.08000183105469,38.25,38.25,138500
2023-01-30,37.9900016784668,38.439998626708984,37.599998474121094,37.619998931884766,37.619998931884766,162100
2023-01-31,37.779998779296875,38.279998779296875,37.439998626708984,38.18000030517578,38.18000030517578,230100
2023-02-01,38.130001068115234,38.900001525878906,37.4900016784668,38.540000915527344,38.540000915527344,393100
2023-02-02,38.650001525878906,39.310001373291016,38.52000045776367,38.63999938964844,38.63999938964844,278800
2023-02-03,40.2400016784668,43.90999984741211,40.2400016784668,43.83000183105469,43.83000183105469,435500
2023-02-06,43.529998779296875,43.63999938964844,40.58000183105469,40.720001220703125,40.720001220703125,398800
2023-02-07,39.81999969482422,39.97999954223633,38.459999084472656,39.72999954223633,39.72999954223633,340500
2023-02-08,39.27000045776367,40.0,38.619998931884766,38.79999923706055,38.79999923706055,188200
2023-02-09,39.220001220703125,39.7599983215332,38.869998931884766,39.369998931884766,39.369998931884766,264500
2023-02-10,39.099998474121094,40.529998779296875,39.099998474121094,40.11000061035156,40.11000061035156,218200
2023-02-13,39.93000030517578,41.34000015258789,39.93000030517578,41.27000045776367,41.27000045776367,203200
2023-02-14,41.02000045776367,41.560001373291016,40.18000030517578,40.18000030517578,40.18000030517578,206400
2023-02-15,39.90999984741211,40.91999816894531,39.599998474121094,40.43000030517578,40.43000030517578,158600
2023-02-16,39.9900016784668,40.900001525878906,39.790000915527344,40.709999084472656,40.709999084472656,200100
2023-02-17,40.959999084472656,41.72999954223633,40.93000030517578,40.959999084472656,40.959999084472656,228300
2023-02-21,40.459999084472656,41.310001373291016,40.459999084472656,40.959999084472656,40.959999084472656,209500
2023-02-22,40.93000030517578,41.310001373291016,39.9900016784668,40.15999984741211,40.15999984741211,295900
2023-02-23,40.25,41.11000061035156,39.86000061035156,40.0099983215332,40.0099983215332,224200
2023-02-24,39.70000076293945,40.20000076293945,39.529998779296875,39.790000915527344,39.790000915527344,165000
2023-02-27,40.08000183105469,40.279998779296875,38.959999084472656,39.189998626708984,39.189998626708984,144300
2023-02-28,39.11000061035156,39.599998474121094,38.939998626708984,39.119998931884766,39.119998931884766,317500
2023-03-01,39.06999969482422,39.38999938964844,38.5099983215332,38.52000045776367,38.52000045776367,198100
2023-03-02,38.36000061035156,39.150001525878906,38.279998779296875,38.849998474121094,38.849998474121094,203900
2023-03-03,39.04999923706055,39.43000030517578,38.560001373291016,39.380001068115234,39.380001068115234,156000
2023-03-06,39.31999969482422,39.31999969482422,38.29999923706055,38.720001220703125,38.720001220703125,223500
2023-03-07,38.65999984741211,39.02000045776367,38.189998626708984,38.720001220703125,38.720001220703125,174500
2023-03-08,38.689998626708984,38.88999938964844,37.939998626708984,38.06999969482422,38.06999969482422,326900
2023-03-09,38.16999816894531,38.849998474121094,38.099998474121094,38.61000061035156,38.61000061035156,244700
2023-03-10,38.380001068115234,38.380001068115234,37.540000915527344,37.790000915527344,37.790000915527344,184200
2023-03-13,37.209999084472656,37.63999938964844,36.59000015258789,36.7599983215332,36.7599983215332,218700
2023-03-14,37.619998931884766,37.779998779296875,37.18000030517578,37.41999816894531,37.41999816894531,236600
2023-03-15,36.54999923706055,36.9900016784668,36.130001068115234,36.88999938964844,36.88999938964844,301800
2023-03-16,36.380001068115234,37.5099983215332,36.15999984741211,37.130001068115234,37.130001068115234,287300
2023-03-17,37.06999969482422,37.2400016784668,36.279998779296875,36.40999984741211,36.40999984741211,1036400
2023-03-20,36.810001373291016,38.029998779296875,36.779998779296875,37.290000915527344,37.290000915527344,270300
2023-03-21,37.790000915527344,38.400001525878906,37.43000030517578,37.72999954223633,37.72999954223633,233700
2023-03-22,37.790000915527344,38.02000045776367,36.58000183105469,36.59000015258789,36.59000015258789,324800
2023-03-23,36.689998626708984,36.970001220703125,35.599998474121094,36.16999816894531,36.16999816894531,326900
2023-03-24,35.91999816894531,36.70000076293945,35.91999816894531,36.560001373291016,36.560001373291016,272800
2023-03-27,37.040000915527344,37.79999923706055,36.880001068115234,37.68000030517578,37.68000030517578,240600
2023-03-28,37.52000045776367,37.849998474121094,37.029998779296875,37.459999084472656,37.459999084472656,187300
2023-03-29,37.70000076293945,37.75,36.790000915527344,36.79999923706055,36.79999923706055,224900
2023-03-30,36.900001525878906,37.43000030517578,36.72999954223633,37.31999969482422,37.31999969482422,172500
2023-03-31,37.54999923706055,38.720001220703125,37.54999923706055,38.619998931884766,38.619998931884766,378300
2023-04-03,38.529998779296875,38.86000061035156,37.810001373291016,38.5099983215332,38.5099983215332,256000
2023-04-04,38.560001373291016,38.720001220703125,37.16999816894531,37.779998779296875,37.779998779296875,214700
2023-04-05,37.65999984741211,38.31999969482422,37.470001220703125,38.09000015258789,38.09000015258789,198600
2023-04-06,38.31999969482422,38.31999969482422,37.689998626708984,37.90999984741211,37.90999984741211,194100
2023-04-10,37.939998626708984,38.349998474121094,37.84000015258789,38.209999084472656,38.209999084472656,301600
2023-04-11,38.25,39.06999969482422,38.15999984741211,38.619998931884766,38.619998931884766,183500
2023-04-12,38.849998474121094,39.22999954223633,38.38999938964844,39.20000076293945,39.20000076293945,234500
2023-04-13,39.279998779296875,40.29999923706055,39.279998779296875,39.97999954223633,39.97999954223633,230600
2023-04-14,39.83000183105469,40.369998931884766,39.5,39.900001525878906,39.900001525878906,150000
2023-04-17,40.0,40.15999984741211,39.29999923706055,39.38999938964844,39.38999938964844,143000
2023-04-18,39.349998474121094,39.540000915527344,38.65999984741211,39.5,39.5,213600
2023-04-19,38.9900016784668,39.16999816894531,38.61000061035156,39.06999969482422,39.06999969482422,232700
2023-04-20,39.189998626708984,39.880001068115234,38.9900016784668,39.63999938964844,39.63999938964844,234600
2023-04-21,39.65999984741211,41.029998779296875,39.560001373291016,40.63999938964844,40.63999938964844,229600
2023-04-24,40.529998779296875,41.15999984741211,40.400001525878906,40.560001373291016,40.560001373291016,193900
2023-04-25,40.18000030517578,40.90999984741211,40.08000183105469,40.58000183105469,40.58000183105469,176900
2023-04-26,39.93000030517578,40.959999084472656,39.93000030517578,40.849998474121094,40.849998474121094,215200
2023-04-27,40.91999816894531,41.02000045776367,39.779998779296875,40.630001068115234,40.630001068115234,217700
2023-04-28,40.40999984741211,41.119998931884766,40.36000061035156,40.56999969482422,40.56999969482422,248600
2023-05-01,40.36000061035156,41.18000030517578,40.36000061035156,40.81999969482422,40.81999969482422,218200
2023-05-02,39.869998931884766,39.900001525878906,36.84000015258789,38.34000015258789,38.34000015258789,452300
2023-05-03,39.150001525878906,43.529998779296875,38.61000061035156,42.63999938964844,42.63999938964844,601500
2023-05-04,42.11000061035156,42.400001525878906,40.939998626708984,42.099998474121094,42.099998474121094,324600
2023-05-05,42.5099983215332,43.0099983215332,41.45000076293945,41.650001525878906,41.650001525878906,311300
2023-05-08,41.5099983215332,42.060001373291016,41.20000076293945,41.5,41.5,360200
2023-05-09,41.439998626708984,42.08000183105469,41.290000915527344,41.310001373291016,41.310001373291016,252100
2023-05-10,42.380001068115234,43.040000915527344,41.34000015258789,41.689998626708984,41.689998626708984,253800
2023-05-11,41.08000183105469,41.599998474121094,40.7599983215332,41.22999954223633,41.22999954223633,189300
2023-05-12,41.189998626708984,41.439998626708984,40.93000030517578,41.150001525878906,41.150001525878906,203800
2023-05-15,41.150001525878906,41.25,40.15999984741211,40.5,40.5,379500
2023-05-16,40.40999984741211,41.52000045776367,40.40999984741211,41.41999816894531,41.41999816894531,401500
2023-05-17,41.47999954223633,42.65999984741211,41.45000076293945,42.459999084472656,42.459999084472656,436300
2023-05-18,42.290000915527344,43.279998779296875,42.04999923706055,42.97999954223633,42.97999954223633,353400
2023-05-19,43.220001220703125,43.66999816894531,43.119998931884766,43.5,43.5,456200
2023-05-22,43.689998626708984,43.84000015258789,42.88999938964844,42.90999984741211,42.90999984741211,361100
2023-05-23,42.630001068115234,42.689998626708984,41.880001068115234,42.29999923706055,42.29999923706055,554500
2023-05-24,42.2400016784668,42.9900016784668,42.099998474121094,42.790000915527344,42.790000915527344,415600
2023-05-25,42.7599983215332,42.959999084472656,42.189998626708984,42.529998779296875,42.529998779296875,226700
2023-05-26,42.40999984741211,42.95000076293945,42.0,42.290000915527344,42.290000915527344,236000
2023-05-30,42.31999969482422,42.619998931884766,41.83000183105469,41.880001068115234,41.880001068115234,222100
2023-05-31,41.9900016784668,42.08000183105469,41.060001373291016,41.5,41.5,393000
2023-06-01,41.439998626708984,42.25,41.34000015258789,41.79999923706055,41.79999923706055,291900
2023-06-02,42.2599983215332,43.459999084472656,42.13999938964844,43.43000030517578,43.43000030517578,366600
2023-06-05,42.970001220703125,43.060001373291016,41.16999816894531,41.2599983215332,41.2599983215332,371600
2023-06-06,41.349998474121094,42.54999923706055,41.150001525878906,42.130001068115234,42.130001068115234,498800
2023-06-07,42.40999984741211,43.380001068115234,42.29999923706055,42.47999954223633,42.47999954223633,349000
2023-06-08,42.63999938964844,42.86000061035156,42.099998474121094,42.130001068115234,42.130001068115234,273400
2023-06-09,42.31999969482422,42.31999969482422,41.84000015258789,41.939998626708984,41.939998626708984,221600
2023-06-12,41.880001068115234,41.88999938964844,40.869998931884766,41.0099983215332,41.0099983215332,312300
2023-06-13,41.02000045776367,41.31999969482422,40.369998931884766,40.58000183105469,40.58000183105469,430900
2023-06-14,40.459999084472656,40.72999954223633,39.349998474121094,39.380001068115234,39.380001068115234,469500
2023-06-15,39.20000076293945,39.599998474121094,38.47999954223633,38.7599983215332,38.7599983215332,461500
2023-06-16,39.29999923706055,39.470001220703125,38.689998626708984,38.84000015258789,38.84000015258789,1506600
2023-06-20,38.709999084472656,39.470001220703125,38.40999984741211,38.529998779296875,38.529998779296875,470700
2023-06-21,38.38999938964844,38.630001068115234,36.9900016784668,37.02000045776367,37.02000045776367,416500
2023-06-22,36.849998474121094,37.09000015258789,35.75,36.15999984741211,36.15999984741211,459200
2023-06-23,35.97999954223633,36.63999938964844,34.7400016784668,34.95000076293945,34.95000076293945,581200
2023-06-26,34.95000076293945,35.400001525878906,34.2400016784668,34.2599983215332,34.2599983215332,396000
2023-06-27,34.22999954223633,34.75,34.11000061035156,34.20000076293945,34.20000076293945,361400
2023-06-28,34.25,34.470001220703125,33.709999084472656,33.810001373291016,33.810001373291016,357700
2023-06-29,33.709999084472656,34.5,33.709999084472656,34.45000076293945,34.45000076293945,356000
2023-06-30,34.560001373291016,35.119998931884766,34.33000183105469,34.34000015258789,34.34000015258789,373800
2023-07-03,34.220001220703125,34.810001373291016,34.130001068115234,34.52000045776367,34.52000045776367,176500
2023-07-05,34.34000015258789,34.41999816894531,33.68000030517578,34.09000015258789,34.09000015258789,376400
2023-07-06,33.900001525878906,34.2599983215332,33.59000015258789,33.68000030517578,33.68000030517578,334200
2023-07-07,35.33000183105469,37.119998931884766,34.95000076293945,35.40999984741211,35.40999984741211,546200
2023-07-10,35.22999954223633,36.720001220703125,35.22999954223633,36.689998626708984,36.689998626708984,496800
2023-07-11,36.599998474121094,37.34000015258789,36.58000183105469,37.29999923706055,37.29999923706055,395300
2023-07-12,37.779998779296875,38.0099983215332,37.15999984741211,37.97999954223633,37.97999954223633,379600
2023-07-13,37.91999816894531,38.540000915527344,37.529998779296875,38.150001525878906,38.150001525878906,408000
2023-07-14,38.11000061035156,39.209999084472656,37.720001220703125,39.150001525878906,39.150001525878906,398900
2023-07-17,39.11000061035156,39.95000076293945,39.08000183105469,39.75,39.75,364200
2023-07-18,39.90999984741211,41.04999923706055,39.90999984741211,40.939998626708984,40.939998626708984,361100
2023-07-19,41.029998779296875,41.529998779296875,40.90999984741211,41.22999954223633,41.22999954223633,552600
2023-07-20,41.380001068115234,41.880001068115234,41.20000076293945,41.81999969482422,41.81999969482422,301300
2023-07-21,42.13999938964844,42.560001373291016,41.91999816894531,42.349998474121094,42.349998474121094,476300
2023-07-24,42.5,43.34000015258789,42.400001525878906,43.189998626708984,43.189998626708984,309500
2023-07-25,42.790000915527344,43.7599983215332,42.68000030517578,43.720001220703125,43.720001220703125,308300
2023-07-26,43.65999984741211,44.2599983215332,42.470001220703125,42.54999923706055,42.54999923706055,375200
2023-07-27,42.619998931884766,43.38999938964844,42.619998931884766,42.81999969482422,42.81999969482422,245600
2023-07-28,43.119998931884766,43.459999084472656,42.849998474121094,42.91999816894531,42.91999816894531,214100
2023-07-31,43.060001373291016,43.619998931884766,43.060001373291016,43.2400016784668,43.2400016784668,194400
2023-08-01,43.06999969482422,43.560001373291016,42.7599983215332,43.310001373291016,43.310001373291016,312900
2023-08-02,43.029998779296875,43.650001525878906,42.27000045776367,43.209999084472656,43.209999084472656,383500
2023-08-03,43.15999984741211,44.65999984741211,43.02000045776367,44.40999984741211,44.40999984741211,440100
2023-08-04,44.61000061035156,46.09000015258789,44.529998779296875,45.060001373291016,45.060001373291016,262000
2023-08-07,45.2400016784668,45.720001220703125,45.0,45.2400016784668,45.2400016784668,320000
2023-08-08,45.099998474121094,45.400001525878906,44.619998931884766,44.650001525878906,44.650001525878906,485200
2023-08-09,44.470001220703125,44.75,43.209999084472656,44.59000015258789,44.59000015258789,335700
2023-08-10,44.75,44.880001068115234,43.59000015258789,43.939998626708984,43.939998626708984,477200
2023-08-11,45.529998779296875,47.25,43.099998474121094,44.119998931884766,44.119998931884766,634700
2023-08-14,44.27000045776367,44.619998931884766,43.5,43.54999923706055,43.54999923706055,369200
2023-08-15,43.38999938964844,43.540000915527344,42.470001220703125,42.790000915527344,42.790000915527344,274500
2023-08-16,42.61000061035156,43.029998779296875,41.790000915527344,41.810001373291016,41.810001373291016,248000
2023-08-17,42.150001525878906,42.5,41.83000183105469,42.29999923706055,42.29999923706055,331200
2023-08-18,42.11000061035156,42.7400016784668,42.11000061035156,42.52000045776367,42.52000045776367,296800
2023-08-21,42.529998779296875,43.099998474121094,42.33000183105469,42.650001525878906,42.650001525878906,349600
2023-08-22,42.52000045776367,43.119998931884766,42.5,42.650001525878906,42.650001525878906,239100
2023-08-23,42.7599983215332,43.18000030517578,42.439998626708984,42.97999954223633,42.97999954223633,285400
2023-08-24,42.81999969482422,43.810001373291016,42.81999969482422,43.470001220703125,43.470001220703125,332600
2023-08-25,43.58000183105469,43.959999084472656,42.90999984741211,43.20000076293945,43.20000076293945,290300
2023-08-28,43.25,43.84000015258789,43.18000030517578,43.54999923706055,43.54999923706055,264200
2023-08-29,43.33000183105469,43.58000183105469,42.7599983215332,43.279998779296875,43.279998779296875,279900
2023-08-30,42.959999084472656,43.689998626708984,42.959999084472656,43.45000076293945,43.45000076293945,404100
2023-08-31,43.380001068115234,44.2400016784668,43.27000045776367,43.849998474121094,43.849998474121094,418100
2023-09-01,44.20000076293945,45.959999084472656,44.20000076293945,45.5,45.5,528600
2023-09-05,45.189998626708984,45.45000076293945,43.08000183105469,43.459999084472656,43.459999084472656,477800
2023-09-06,43.72999954223633,44.36000061035156,43.369998931884766,43.970001220703125,43.970001220703125,341900
2023-09-07,44.0,44.75,43.91999816894531,44.2599983215332,44.2599983215332,477800
2023-09-08,44.0099983215332,44.7599983215332,43.630001068115234,44.220001220703125,44.220001220703125,390000
2023-09-11,44.400001525878906,44.81999969482422,44.22999954223633,44.36000061035156,44.36000061035156,429800
2023-09-12,44.0,44.54999923706055,43.459999084472656,43.59000015258789,43.59000015258789,336800
2023-09-13,43.849998474121094,44.150001525878906,43.470001220703125,43.810001373291016,43.810001373291016,539700
2023-09-14,44.36000061035156,44.75,43.43000030517578,43.77000045776367,43.77000045776367,649600
2023-09-15,43.630001068115234,44.06999969482422,42.47999954223633,43.15999984741211,43.15999984741211,2199000
2023-09-18,43.47999954223633,43.599998474121094,42.5,42.650001525878906,42.650001525878906,306200
2023-09-19,42.650001525878906,43.29999923706055,42.650001525878906,43.13999938964844,43.13999938964844,280400
2023-09-20,43.36000061035156,44.0,42.939998626708984,43.13999938964844,43.13999938964844,353600
2023-09-21,43.130001068115234,43.31999969482422,42.27000045776367,42.400001525878906,42.400001525878906,290600
2023-09-22,42.58000183105469,43.34000015258789,42.529998779296875,42.849998474121094,42.849998474121094,374400
2023-09-25,42.58000183105469,43.380001068115234,42.58000183105469,43.220001220703125,43.220001220703125,243300
2023-09-26,42.959999084472656,43.33000183105469,42.470001220703125,42.4900016784668,42.4900016784668,315400
2023-09-27,42.720001220703125,43.27000045776367,42.720001220703125,43.06999969482422,43.06999969482422,305400
2023-09-28,43.130001068115234,43.90999984741211,43.0099983215332,43.150001525878906,43.150001525878906,414800
2023-09-29,43.16999816894531,43.5099983215332,42.68000030517578,42.849998474121094,42.849998474121094,368700
2023-10-02,42.77000045776367,43.11000061035156,42.47999954223633,42.7599983215332,42.7599983215332,297600
2023-10-03,42.58000183105469,43.119998931884766,42.540000915527344,42.88999938964844,42.88999938964844,283300
2023-10-04,42.63999938964844,43.380001068115234,41.959999084472656,43.349998474121094,43.349998474121094,359800
2023-10-05,43.34000015258789,44.33000183105469,43.34000015258789,43.599998474121094,43.599998474121094,332500
2023-10-06,43.33000183105469,44.189998626708984,43.33000183105469,43.90999984741211,43.90999984741211,298400
2023-10-09,43.83000183105469,44.56999969482422,43.790000915527344,44.40999984741211,44.40999984741211,304700
2023-10-10,44.61000061035156,46.06999969482422,44.209999084472656,45.88999938964844,45.88999938964844,313500
2023-10-11,45.93000030517578,46.720001220703125,45.709999084472656,45.779998779296875,45.779998779296875,226800
2023-10-12,46.18000030517578,46.18000030517578,44.619998931884766,44.849998474121094,44.849998474121094,291900
2023-10-13,45.04999923706055,45.22999954223633,44.290000915527344,44.40999984741211,44.40999984741211,209700
2023-10-16,44.75,45.349998474121094,44.619998931884766,45.04999923706055,45.04999923706055,224800
2023-10-17,44.86000061035156,45.83000183105469,44.86000061035156,45.150001525878906,45.150001525878906,316200
2023-10-18,44.83000183105469,45.27000045776367,44.58000183105469,44.959999084472656,44.959999084472656,214900
2023-10-19,44.77000045776367,44.959999084472656,43.31999969482422,43.41999816894531,43.41999816894531,314900
2023-10-20,43.52000045776367,44.11000061035156,43.380001068115234,43.40999984741211,43.40999984741211,343000
2023-10-23,43.16999816894531,43.41999816894531,42.2599983215332,42.290000915527344,42.290000915527344,298700
2023-10-24,42.66999816894531,44.22999954223633,42.400001525878906,44.060001373291016,44.060001373291016,363600
2023-10-25,43.630001068115234,44.79999923706055,43.33000183105469,44.40999984741211,44.40999984741211,321800
2023-10-26,45.18000030517578,45.18000030517578,41.88999938964844,43.150001525878906,43.150001525878906,344800
2023-10-27,48.0,50.70000076293945,46.70000076293945,49.97999954223633,49.97999954223633,1037300
2023-10-30,50.209999084472656,51.400001525878906,48.75,51.369998931884766,51.369998931884766,686600
2023-10-31,51.150001525878906,52.27000045776367,50.43000030517578,51.79999923706055,51.79999923706055,766600
2023-11-01,52.18000030517578,54.029998779296875,51.97999954223633,53.650001525878906,53.650001525878906,581800
2023-11-02,53.650001525878906,54.2599983215332,53.119998931884766,54.25,54.25,400200
2023-11-03,55.0,55.91999816894531,54.29999923706055,55.20000076293945,55.20000076293945,531000
2023-11-06,55.060001373291016,55.529998779296875,54.29999923706055,55.20000076293945,55.20000076293945,387300
2023-11-07,54.439998626708984,55.630001068115234,54.060001373291016,55.5,55.5,415500
2023-11-08,55.34000015258789,55.66999816894531,54.5,55.31999969482422,55.31999969482422,356900
2023-11-09,55.59000015258789,56.11000061035156,55.099998474121094,55.189998626708984,55.189998626708984,427800
2023-11-10,55.18000030517578,55.72999954223633,54.310001373291016,55.630001068115234,55.630001068115234,399100
2023-11-13,55.29999923706055,55.52000045776367,53.93000030517578,55.18000030517578,55.18000030517578,507800
2023-11-14,56.15999984741211,56.41999816894531,55.150001525878906,56.18000030517578,56.18000030517578,426500
2023-11-15,56.119998931884766,56.36000061035156,55.25,55.369998931884766,55.369998931884766,468600
2023-11-16,55.43000030517578,55.68000030517578,54.90999984741211,55.209999084472656,55.209999084472656,299900
2023-11-17,55.38999938964844,55.83000183105469,54.779998779296875,55.2400016784668,55.2400016784668,439300
2023-11-20,54.91999816894531,56.209999084472656,54.75,55.779998779296875,55.779998779296875,454300
2023-11-21,55.86000061035156,56.9900016784668,55.689998626708984,56.529998779296875,56.529998779296875,360000
2023-11-22,56.630001068115234,57.790000915527344,56.529998779296875,57.040000915527344,57.040000915527344,348700
2023-11-24,56.88999938964844,57.5,56.77000045776367,57.47999954223633,57.47999954223633,164500
2023-11-27,57.31999969482422,58.0099983215332,57.220001220703125,57.70000076293945,57.70000076293945,318700
2023-11-28,57.63999938964844,58.34000015258789,57.45000076293945,57.560001373291016,57.560001373291016,264400
2023-11-29,57.88999938964844,58.33000183105469,57.459999084472656,57.650001525878906,57.650001525878906,399300
2023-11-30,57.63999938964844,57.9900016784668,56.709999084472656,56.970001220703125,56.970001220703125,522200
2023-12-01,56.970001220703125,58.810001373291016,56.849998474121094,58.7599983215332,58.7599983215332,465900
2023-12-04,58.400001525878906,59.38999938964844,58.400001525878906,59.380001068115234,59.380001068115234,368300
2023-12-05,59.349998474121094,60.11000061035156,59.0,59.40999984741211,59.40999984741211,341500
2023-12-06,59.560001373291016,60.25,58.709999084472656,59.29999923706055,59.29999923706055,412200
2023-12-07,59.5099983215332,59.63999938964844,58.709999084472656,59.540000915527344,59.540000915527344,364400
2023-12-08,59.20000076293945,60.119998931884766,59.16999816894531,59.939998626708984,59.939998626708984,252200
2023-12-11,59.970001220703125,60.22999954223633,59.619998931884766,60.0099983215332,60.0099983215332,520700
2023-12-12,60.099998474121094,61.45000076293945,59.93000030517578,60.880001068115234,60.880001068115234,524700
2023-12-13,60.959999084472656,61.619998931884766,60.08000183105469,61.5099983215332,61.5099983215332,662400
2023-12-14,61.84000015258789,62.22999954223633,58.779998779296875,60.400001525878906,60.400001525878906,641900
2023-12-15,60.689998626708984,60.849998474121094,59.45000076293945,59.9900016784668,59.9900016784668,3801000
2023-12-18,60.15999984741211,60.83000183105469,60.02000045776367,60.279998779296875,60.279998779296875,418900
2023-12-19,60.599998474121094,60.939998626708984,59.88999938964844,59.900001525878906,59.900001525878906,437100
2023-12-20,59.7599983215332,60.779998779296875,59.209999084472656,59.380001068115234,59.380001068115234,390200
2023-12-21,59.810001373291016,60.15999984741211,59.11000061035156,59.27000045776367,59.27000045776367,306800
2023-12-22,59.7400016784668,60.529998779296875,59.15999984741211,59.59000015258789,59.59000015258789,252200
2023-12-26,59.689998626708984,60.189998626708984,59.130001068115234,59.880001068115234,59.880001068115234,321200
2023-12-27,59.77000045776367,60.650001525878906,59.77000045776367,60.11000061035156,60.11000061035156,298100
2023-12-28,59.88999938964844,60.470001220703125,59.36000061035156,59.58000183105469,59.58000183105469,271900
2023-12-29,59.290000915527344,59.65999984741211,58.7400016784668,58.95000076293945,58.95000076293945,371500
2024-01-02,58.47999954223633,58.959999084472656,58.0099983215332,58.810001373291016,58.810001373291016,325200
2024-01-03,58.81999969482422,60.02000045776367,58.13999938964844,59.61000061035156,59.61000061035156,423700
2024-01-04,59.33000183105469,59.97999954223633,59.11000061035156,59.209999084472656,59.209999084472656,359100
2024-01-05,58.81999969482422,59.220001220703125,56.90999984741211,56.90999984741211,56.90999984741211,441000
2024-01-08,57.25,57.459999084472656,56.16999816894531,57.43000030517578,57.43000030517578,332800
2024-01-09,57.20000076293945,57.380001068115234,56.59000015258789,56.880001068115234,56.880001068115234,299000
2024-01-10,57.15999984741211,58.04999923706055,57.15999984741211,57.439998626708984,57.439998626708984,306700
2024-01-11,57.31999969482422,57.84000015258789,56.470001220703125,57.83000183105469,57.83000183105469,271800
2024-01-12,58.08000183105469,58.70000076293945,57.61000061035156,58.689998626708984,58.689998626708984,202800
2024-01-16,58.380001068115234,59.619998931884766,58.380001068115234,58.81999969482422,58.81999969482422,280200
2024-01-17,58.36000061035156,59.349998474121094,58.36000061035156,58.58000183105469,58.58000183105469,236600
2024-01-18,58.95000076293945,59.310001373291016,58.09000015258789,58.970001220703125,58.970001220703125,272500
2024-01-19,61.4900016784668,62.15999984741211,60.34000015258789,62.02000045776367,62.02000045776367,505700
2024-01-22,62.34000015258789,62.970001220703125,61.91999816894531,62.209999084472656,62.209999084472656,372800
2024-01-23,62.5099983215332,62.9900016784668,61.560001373291016,61.599998474121094,61.599998474121094,313700
2024-01-24,62.209999084472656,62.349998474121094,60.65999984741211,61.02000045776367,61.02000045776367,303600
2024-01-25,61.63999938964844,61.77000045776367,60.56999969482422,61.18000030517578,61.18000030517578,278700
2024-01-26,61.02000045776367,61.630001068115234,59.810001373291016,60.369998931884766,60.369998931884766,354700
2024-01-29,60.630001068115234,61.06999969482422,58.310001373291016,58.630001068115234,58.630001068115234,582800
2024-01-30,47.540000915527344,50.58000183105469,43.779998779296875,47.68000030517578,47.68000030517578,5703400
2024-01-31,50.790000915527344,51.0,48.7599983215332,50.47999954223633,50.47999954223633,2306000
2024-02-01,50.86000061035156,51.9900016784668,45.45000076293945,46.720001220703125,46.720001220703125,1682100
2024-02-02,47.11000061035156,48.650001525878906,46.29999923706055,48.38999938964844,48.38999938964844,939400
2024-02-05,48.119998931884766,49.02000045776367,47.45000076293945,48.90999984741211,48.90999984741211,808500
2024-02-06,48.36000061035156,49.20000076293945,48.09000015258789,48.779998779296875,48.779998779296875,666800
2024-02-07,48.59000015258789,49.119998931884766,48.130001068115234,48.88999938964844,48.88999938964844,374000
2024-02-08,49.2599983215332,49.4900016784668,48.91999816894531,49.16999816894531,49.16999816894531,522500
2024-02-09,49.04999923706055,50.90999984741211,48.97999954223633,50.41999816894531,50.41999816894531,552500
2024-02-12,50.31999969482422,51.099998474121094,50.2599983215332,50.970001220703125,50.970001220703125,505800
2024-02-13,50.099998474121094,50.849998474121094,49.41999816894531,49.630001068115234,49.630001068115234,449100
2024-02-14,50.04999923706055,50.33000183105469,49.59000015258789,49.849998474121094,49.849998474121094,375200
2024-02-15,50.04999923706055,50.08000183105469,49.0099983215332,49.5099983215332,49.5099983215332,503000
2024-02-16,49.150001525878906,49.189998626708984,47.060001373291016,47.13999938964844,47.13999938964844,597800
2024-02-20,47.0,47.130001068115234,45.689998626708984,46.0,46.0,909900
2024-02-21,46.08000183105469,46.2400016784668,45.15999984741211,45.68000030517578,45.68000030517578,519600
2024-02-22,46.02000045776367,46.5,45.380001068115234,46.15999984741211,46.15999984741211,574600
2024-02-23,46.099998474121094,46.959999084472656,46.0,46.849998474121094,46.849998474121094,396500
2024-02-26,46.58000183105469,47.619998931884766,46.560001373291016,47.47999954223633,47.47999954223633,354700
2024-02-27,47.709999084472656,47.88999938964844,47.13999938964844,47.650001525878906,47.650001525878906,513800
2024-02-28,47.41999816894531,48.9900016784668,47.41999816894531,48.65999984741211,48.65999984741211,593100
2024-02-29,49.02000045776367,49.790000915527344,48.439998626708984,49.5,49.5,666100
2024-03-01,49.599998474121094,49.65999984741211,48.83000183105469,49.13999938964844,49.13999938964844,440000
2024-03-04,49.209999084472656,49.540000915527344,48.70000076293945,48.86000061035156,48.86000061035156,354600
2024-03-05,48.540000915527344,48.84000015258789,47.7400016784668,48.220001220703125,48.220001220703125,459800
2024-03-06,48.63999938964844,48.63999938964844,47.52000045776367,47.810001373291016,47.810001373291016,396700
2024-03-07,47.900001525878906,49.13999938964844,47.7400016784668,49.06999969482422,49.06999969482422,335200
2024-03-08,49.400001525878906,50.2400016784668,49.15999984741211,50.09000015258789,50.09000015258789,424300
2024-03-11,50.0,50.439998626708984,49.5099983215332,50.09000015258789,50.09000015258789,301100
2024-03-12,49.84000015258789,50.25,49.790000915527344,50.040000915527344,50.040000915527344,321900
2024-03-13,49.939998626708984,50.52000045776367,49.83000183105469,49.9900016784668,49.9900016784668,313000
2024-03-14,49.84000015258789,49.849998474121094,48.09000015258789,48.56999969482422,48.56999969482422,452200
2024-03-15,48.47999954223633,49.599998474121094,48.130001068115234,48.9900016784668,48.9900016784668,945900
2024-03-18,48.95000076293945,50.0099983215332,48.59000015258789,49.060001373291016,49.060001373291016,375100
2024-03-19,48.88999938964844,49.97999954223633,48.88999938964844,49.939998626708984,49.939998626708984,330400
2024-03-20,49.630001068115234,49.84000015258789,48.93000030517578,49.59000015258789,49.59000015258789,348000
2024-03-21,49.77000045776367,50.119998931884766,49.38999938964844,49.91999816894531,49.91999816894531,349400
2024-03-22,49.849998474121094,50.900001525878906,49.56999969482422,50.709999084472656,50.709999084472656,185200
2024-03-25,51.0,51.400001525878906,50.619998931884766,50.86000061035156,50.86000061035156,217100
2024-03-26,51.290000915527344,51.7400016784668,51.04999923706055,51.22999954223633,51.22999954223633,259300
2024-03-27,51.5,51.810001373291016,51.189998626708984,51.79999923706055,51.79999923706055,264100
2024-03-28,52.0,52.11000061035156,51.33000183105469,51.400001525878906,51.400001525878906,335800
2024-04-01,51.75,53.52000045776367,51.349998474121094,52.34000015258789,52.34000015258789,474800
2024-04-02,52.02000045776367,52.599998474121094,51.2599983215332,51.529998779296875,51.529998779296875,394600
2024-04-03,51.349998474121094,51.959999084472656,50.31999969482422,51.34000015258789,51.34000015258789,485700
2024-04-04,51.459999084472656,51.959999084472656,50.689998626708984,50.720001220703125,50.720001220703125,464700
2024-04-05,50.70000076293945,51.310001373291016,50.58000183105469,50.619998931884766,50.619998931884766,342800
2024-04-08,50.790000915527344,50.86000061035156,49.349998474121094,49.59000015258789,49.59000015258789,335400
2024-04-09,49.59000015258789,49.88999938964844,48.41999816894531,48.459999084472656,48.459999084472656,315100
2024-04-10,48.0099983215332,48.529998779296875,46.630001068115234,46.72999954223633,46.72999954223633,606500
2024-04-11,47.09000015258789,47.630001068115234,46.83000183105469,47.15999984741211,47.15999984741211,382300
2024-04-12,47.0099983215332,47.0099983215332,45.970001220703125,46.2599983215332,46.2599983215332,343700
2024-04-15,46.47999954223633,46.650001525878906,45.31999969482422,45.59000015258789,45.59000015258789,564600
2024-04-16,45.439998626708984,45.95000076293945,45.18000030517578,45.68000030517578,45.68000030517578,294500
2024-04-17,46.08000183105469,46.72999954223633,45.86000061035156,45.9900016784668,45.9900016784668,269400
2024-04-18,46.189998626708984,46.86000061035156,46.029998779296875,46.13999938964844,46.13999938964844,249800
2024-04-19,46.0,46.58000183105469,45.93000030517578,46.33000183105469,46.33000183105469,318100
2024-04-22,46.380001068115234,47.2599983215332,46.18000030517578,46.84000015258789,46.84000015258789,245000
2024-04-23,46.880001068115234,47.38999938964844,46.459999084472656,47.040000915527344,47.040000915527344,261100
2024-04-24,46.9900016784668,47.400001525878906,46.5,47.209999084472656,47.209999084472656,340400
2024-04-25,46.939998626708984,47.939998626708984,46.5,47.630001068115234,47.630001068115234,340500
2024-04-26,47.83000183105469,49.779998779296875,47.599998474121094,49.68000030517578,49.68000030517578,457500
2024-04-29,49.65999984741211,50.029998779296875,49.0,49.91999816894531,49.91999816894531,190100
2024-04-30,49.56999969482422,49.97999954223633,49.119998931884766,49.619998931884766,49.619998931884766,385700
2024-05-01,49.279998779296875,51.33000183105469,48.939998626708984,50.52000045776367,50.52000045776367,519700
2024-05-02,50.560001373291016,54.5099983215332,50.560001373291016,52.400001525878906,52.400001525878906,667500
2024-05-03,56.5,61.880001068115234,56.09000015258789,60.08000183105469,60.08000183105469,1144800
2024-05-06,60.41999816894531,63.33000183105469,59.349998474121094,63.040000915527344,63.040000915527344,977400
2024-05-07,63.130001068115234,63.939998626708984,62.369998931884766,63.040000915527344,63.040000915527344,520700
2024-05-08,63.0,65.01000213623047,61.650001525878906,64.5,64.5,520200
2024-05-09,64.12000274658203,64.52999877929688,62.77000045776367,64.0,64.0,480200
2024-05-10,63.939998626708984,64.87999725341797,63.77000045776367,64.80000305175781,64.80000305175781,316100
2024-05-13,65.25,65.33999633789062,64.18000030517578,65.0999984741211,65.0999984741211,490200
2024-05-14,65.54000091552734,66.83000183105469,65.12999725341797,65.72000122070312,65.72000122070312,520100
2024-05-15,65.7300033569336,66.30000305175781,64.47000122070312,66.0,66.0,443500
2024-05-16,65.8499984741211,67.69000244140625,65.75,65.94999694824219,65.94999694824219,610900
2024-05-17,66.16999816894531,66.16999816894531,64.26000213623047,65.2699966430664,65.2699966430664,258300
2024-05-20,65.23999786376953,66.13999938964844,65.19999694824219,65.47000122070312,65.47000122070312,239000
2024-05-21,65.12999725341797,66.30999755859375,64.58000183105469,66.12000274658203,66.12000274658203,280000
2024-05-22,65.98999786376953,66.56999969482422,65.18000030517578,65.37000274658203,65.37000274658203,300200
2024-05-23,65.5199966430664,65.80999755859375,64.47000122070312,65.05000305175781,65.05000305175781,207200
2024-05-24,64.80000305175781,66.08000183105469,64.5999984741211,65.54000091552734,65.54000091552734,214200
2024-05-28,66.08999633789062,66.58000183105469,64.81999969482422,66.13999938964844,66.13999938964844,336800
2024-05-29,65.48999786376953,65.69000244140625,64.20999908447266,64.43000030517578,64.43000030517578,245600
2024-05-30,64.77999877929688,66.08000183105469,63.869998931884766,65.54000091552734,65.54000091552734,304100
2024-05-31,65.58000183105469,65.62000274658203,63.52000045776367,64.38999938964844,64.38999938964844,426000
2024-06-03,65.0999984741211,66.04000091552734,64.19000244140625,65.61000061035156,65.61000061035156,441900
2024-06-04,65.08999633789062,66.11000061035156,64.6500015258789,65.19999694824219,65.19999694824219,358100
2024-06-05,65.25,65.68000030517578,64.76000213623047,65.63999938964844,65.63999938964844,161900
2024-06-06,65.5999984741211,66.16999816894531,65.12999725341797,65.73999786376953,65.73999786376953,315500
2024-06-07,65.36000061035156,66.23999786376953,65.23999786376953,65.43000030517578,65.43000030517578,341700
2024-06-10,65.12000274658203,66.94999694824219,64.05999755859375,64.41999816894531,64.41999816894531,550600
2024-06-11,63.97999954223633,65.33999633789062,63.58000183105469,64.5199966430664,64.5199966430664,348600
2024-06-12,65.5199966430664,65.93000030517578,64.69999694824219,64.76000213623047,64.76000213623047,357000
2024-06-13,64.62000274658203,64.70999908447266,63.95000076293945,64.11000061035156,64.11000061035156,256200
2024-06-14,63.619998931884766,64.0,62.279998779296875,63.029998779296875,63.029998779296875,359100
2024-06-17,62.9900016784668,63.9900016784668,62.70000076293945,63.27000045776367,63.27000045776367,300000
2024-06-18,63.470001220703125,64.33000183105469,62.86000061035156,64.13999938964844,64.13999938964844,291800
2024-06-20,63.720001220703125,64.45999908447266,63.2400016784668,63.630001068115234,63.630001068115234,507200
2024-06-21,63.630001068115234,65.66000366210938,63.59000015258789,65.66000366210938,65.66000366210938,3614800
2024-06-24,64.01000213623047,67.26000213623047,63.810001373291016,65.3499984741211,65.3499984741211,659100
2024-06-25,65.38999938964844,66.11000061035156,65.16000366210938,65.83999633789062,65.83999633789062,550000
2024-06-26,65.41000366210938,65.9800033569336,64.75,65.94999694824219,65.94999694824219,394600
2024-06-27,66.16999816894531,66.8499984741211,65.55000305175781,65.9800033569336,65.9800033569336,539700
2024-06-28,66.61000061035156,68.79000091552734,66.55000305175781,68.20999908447266,68.20999908447266,1258500
2024-07-01,68.37999725341797,68.6500015258789,65.30000305175781,67.2699966430664,67.2699966430664,583000
2024-07-02,67.4000015258789,68.05999755859375,67.2300033569336,67.43000030517578,67.43000030517578,376500
2024-07-03,67.81999969482422,68.41000366210938,67.25,68.0,68.0,321300
2024-07-05,67.87999725341797,68.55999755859375,67.69000244140625,68.04000091552734,68.04000091552734,337200
2024-07-08,68.33000183105469,69.13999938964844,68.05999755859375,68.19999694824219,68.19999694824219,289700
2024-07-09,68.02999877929688,68.62000274658203,66.9000015258789,67.08000183105469,67.08000183105469,315000
2024-07-10,67.41999816894531,67.80000305175781,67.0,67.66000366210938,67.66000366210938,238300
2024-07-11,68.55000305175781,69.83000183105469,68.16999816894531,69.73999786376953,69.73999786376953,325700
2024-07-12,70.0,71.70999908447266,70.0,71.08000183105469,71.08000183105469,262600
2024-07-15,76.91000366210938,77.87000274658203,74.5,75.0999984741211,75.0999984741211,853400
2024-07-16,76.0,78.41999816894531,76.0,77.25,77.25,677700
2024-07-17,77.0999984741211,79.72000122070312,77.0999984741211,78.02999877929688,78.02999877929688,654000
2024-07-18,78.05000305175781,79.83999633789062,77.66000366210938,78.02999877929688,78.02999877929688,370000
2024-07-19,77.9000015258789,78.0999984741211,76.86000061035156,76.88999938964844,76.88999938964844,377000
2024-07-22,77.3499984741211,78.83000183105469,76.9000015258789,78.27999877929688,78.27999877929688,440700
2024-07-23,78.19999694824219,80.18000030517578,78.19999694824219,79.31999969482422,79.31999969482422,425900
2024-07-24,79.04000091552734,80.05000305175781,77.5199966430664,78.91000366210938,78.91000366210938,384000
2024-07-25,79.25,79.66999816894531,76.86000061035156,77.01000213623047,77.01000213623047,704900
2024-07-26,78.27999877929688,79.27999877929688,78.23999786376953,78.80999755859375,78.80999755859375,420500
2024-07-29,79.30000305175781,79.80999755859375,78.05000305175781,78.7300033569336,78.7300033569336,358700
2024-07-30,79.05000305175781,80.16999816894531,78.05000305175781,78.23999786376953,78.23999786376953,417200
2024-07-31,78.26000213623047,79.19999694824219,77.0,78.41000366210938,78.41000366210938,510000
2024-08-01,78.55000305175781,78.98999786376953,76.25,76.98999786376953,76.98999786376953,458000
2024-08-02,75.12999725341797,76.31999969482422,74.5,75.66999816894531,75.66999816894531,386300
2024-08-05,72.0,74.19000244140625,71.5,73.6500015258789,73.6500015258789,562800
2024-08-06,73.7300033569336,75.36000061035156,72.7300033569336,74.70999908447266,74.70999908447266,863400
2024-08-07,76.0199966430664,76.41999816894531,67.30000305175781,68.25,68.25,954000
2024-08-08,68.9800033569336,71.93000030517578,68.63999938964844,71.51000213623047,71.51000213623047,654900
2024-08-09,71.48999786376953,72.44999694824219,70.5,72.06999969482422,72.06999969482422,365500
2024-08-12,71.66000366210938,72.79000091552734,70.87999725341797,71.45999908447266,71.45999908447266,393600
2024-08-13,71.91000366210938,74.27999877929688,71.72000122070312,73.11000061035156,73.11000061035156,528600
2024-08-14,73.37999725341797,74.37999725341797,72.63999938964844,74.04000091552734,74.04000091552734,322600
2024-08-15,75.62999725341797,76.0199966430664,73.13999938964844,73.13999938964844,73.13999938964844,408200
2024-08-16,73.05000305175781,73.70999908447266,72.47000122070312,72.93000030517578,72.93000030517578,330700
2024-08-19,72.66999816894531,72.80000305175781,71.25,71.69000244140625,71.69000244140625,363700
2024-08-20,71.66000366210938,72.16000366210938,71.27999877929688,71.91000366210938,71.91000366210938,261800
2024-08-21,72.01000213623047,74.47000122070312,71.4000015258789,73.37999725341797,73.37999725341797,405100
2024-08-22,73.41999816894531,74.4800033569336,73.12000274658203,73.87999725341797,73.87999725341797,291700
2024-08-23,74.08000183105469,75.66000366210938,73.80000305175781,75.3499984741211,75.3499984741211,395800
2024-08-26,75.83000183105469,76.33000183105469,74.9000015258789,75.76000213623047,75.76000213623047,436100
2024-08-27,74.9800033569336,75.91000366210938,72.73999786376953,75.55000305175781,75.55000305175781,369300
2024-08-28,75.4000015258789,76.25,74.95999908447266,75.47000122070312,75.47000122070312,440200
2024-08-29,75.93000030517578,76.44000244140625,74.93000030517578,75.5,75.5,333200
2024-08-30,75.5,76.43000030517578,75.23999786376953,75.70999908447266,75.70999908447266,368700
2024-09-03,74.72000122070312,75.4000015258789,73.08999633789062,73.38999938964844,73.38999938964844,478400
2024-09-04,73.2699966430664,74.5199966430664,73.05999755859375,73.6500015258789,73.6500015258789,421800
2024-09-05,73.30000305175781,73.30000305175781,71.72000122070312,72.05000305175781,72.05000305175781,362200
2024-09-06,72.19000244140625,72.45999908447266,69.7699966430664,69.79000091552734,69.79000091552734,480200
2024-09-09,69.4000015258789,71.05000305175781,68.69000244140625,70.05999755859375,70.05999755859375,387200
2024-09-10,70.05999755859375,70.41999816894531,69.16000366210938,69.63999938964844,69.63999938964844,288800
2024-09-11,69.05999755859375,71.23999786376953,68.5999984741211,70.83999633789062,70.83999633789062,550800
2024-09-12,71.06999969482422,72.75,71.06999969482422,72.08999633789062,72.08999633789062,235400
2024-09-13,72.97000122070312,73.63999938964844,72.38999938964844,72.86000061035156,72.86000061035156,413600
2024-09-16,72.81999969482422,73.91000366210938,72.81999969482422,73.5,73.5,287900
2024-09-17,74.13999938964844,74.98999786376953,73.54000091552734,73.62999725341797,73.62999725341797,320500
2024-09-18,73.86000061035156,74.5,72.79000091552734,73.56999969482422,73.56999969482422,438200
2024-09-19,75.2699966430664,75.2699966430664,73.94999694824219,74.98999786376953,74.98999786376953,311800
2024-09-20,74.88999938964844,75.69000244140625,74.31999969482422,75.30000305175781,75.30000305175781,1348300
2024-09-23,76.0,77.83000183105469,75.3499984741211,77.62999725341797,77.62999725341797,376600
2024-09-24,77.63999938964844,77.81999969482422,76.2300033569336,77.41999816894531,77.41999816894531,262000
2024-09-25,77.5199966430664,77.5199966430664,75.13999938964844,75.2300033569336,75.2300033569336,286700
2024-09-26,76.0,76.69999694824219,73.80000305175781,74.20999908447266,74.20999908447266,295900
2024-09-27,75.23999786376953,76.30999755859375,74.25,75.22000122070312,75.22000122070312,217300
2024-09-30,75.31999969482422,76.43000030517578,74.77999877929688,75.4800033569336,75.4800033569336,280300
2024-10-01,75.4000015258789,76.54000091552734,74.0199966430664,75.37000274658203,75.37000274658203,415600
2024-10-02,74.87000274658203,75.61000061035156,73.62999725341797,73.7699966430664,73.7699966430664,279500
2024-10-03,73.58000183105469,74.02999877929688,71.7699966430664,71.94000244140625,71.94000244140625,237500
2024-10-04,73.11000061035156,73.54000091552734,72.45999908447266,73.0999984741211,73.0999984741211,187700
2024-10-07,72.91000366210938,73.26000213623047,72.11000061035156,72.58999633789062,72.58999633789062,233800
2024-10-08,73.12000274658203,73.25,72.36000061035156,72.87999725341797,72.87999725341797,227700
2024-10-09,72.9800033569336,73.73999786376953,72.4800033569336,73.13999938964844,73.13999938964844,214100
2024-10-10,72.52999877929688,72.73999786376953,71.68000030517578,72.51000213623047,72.51000213623047,193600
2024-10-11,72.80000305175781,73.4000015258789,72.5,73.29000091552734,73.29000091552734,175300
2024-10-14,73.44000244140625,75.31999969482422,73.2699966430664,74.94999694824219,74.94999694824219,163700
2024-10-15,74.9800033569336,76.02999877929688,74.63999938964844,74.83999633789062,74.83999633789062,210300
2024-10-16,74.83999633789062,74.86000061035156,73.7699966430664,74.43000030517578,74.43000030517578,233700
2024-10-17,74.66999816894531,74.69000244140625,72.70999908447266,74.12000274658203,74.12000274658203,248400
2024-10-18,74.2300033569336,74.2300033569336,72.61000061035156,73.05000305175781,73.05000305175781,214100
2024-10-21,73.01000213623047,73.38999938964844,71.68000030517578,71.72000122070312,71.72000122070312,183600
2024-10-22,71.5999984741211,72.30999755859375,71.08999633789062,72.0199966430664,72.0199966430664,142300
2024-10-23,71.80999755859375,73.98999786376953,71.69999694824219,73.44000244140625,73.44000244140625,394400
2024-10-24,73.5,74.66000366210938,72.1500015258789,72.7699966430664,72.7699966430664,344800
2024-10-25,72.91999816894531,73.77999877929688,71.69999694824219,72.08999633789062,72.08999633789062,326100
2024-10-28,72.54000091552734,74.4800033569336,72.08000183105469,73.33000183105469,73.33000183105469,530800
2024-10-29,72.0,75.19000244140625,71.93000030517578,74.98999786376953,74.98999786376953,507600
2024-10-30,75.70999908447266,85.26000213623047,73.6500015258789,82.12000274658203,82.12000274658203,1105900
2024-10-31,82.0,83.19999694824219,80.05000305175781,80.91999816894531,80.91999816894531,525900
2024-11-01,81.55999755859375,81.76000213623047,78.83000183105469,79.69999694824219,79.69999694824219,404700
2024-11-04,79.13999938964844,82.69999694824219,78.55999755859375,80.58999633789062,80.58999633789062,364200
2024-11-05,79.9800033569336,82.08999633789062,79.9800033569336,81.27999877929688,81.27999877929688,319800
2024-11-06,84.5,88.98999786376953,84.5,88.9800033569336,88.9800033569336,626800
2024-11-07,88.55000305175781,90.86000061035156,86.72000122070312,90.37000274658203,90.37000274658203,562600
2024-11-08,90.04000091552734,92.93000030517578,89.91000366210938,91.2300033569336,91.2300033569336,571300
2024-11-11,92.76000213623047,92.8499984741211,89.86000061035156,90.83000183105469,90.83000183105469,428300
2024-11-12,90.36000061035156,91.76000213623047,89.1500015258789,89.26000213623047,89.26000213623047,376000
2024-11-13,90.37000274658203,91.2699966430664,89.61000061035156,89.8499984741211,89.8499984741211,369800
