Date,Open,High,Low,Close,Adj Close,Volume
1999-01-29,16.25,17.375,16.25,16.5,14.490959167480469,7079600
1999-02-01,16.5,16.875,16.5,16.625,14.600735664367676,326000
1999-02-02,16.75,16.75,16.25,16.5,14.490959167480469,192500
1999-02-03,16.375,16.375,15.25,15.5,13.61271858215332,262100
1999-02-04,15.25,15.5,15.25,15.5,13.61271858215332,202300
1999-02-05,15.5,15.5,15.0,15.125,13.283379554748535,302300
1999-02-08,15.0,15.375,15.0,15.375,13.502936363220215,50600
1999-02-09,15.25,15.25,14.875,15.0,13.173599243164062,78800
1999-02-10,14.875,15.0,14.25,14.375,12.62469482421875,81800
1999-02-11,14.375,14.375,13.75,14.0625,12.350248336791992,129300
1999-02-12,13.9375,14.25,13.875,14.125,12.40513801574707,274100
1999-02-16,14.25,14.25,13.875,14.0,12.295355796813965,142800
1999-02-17,14.0,14.4375,13.875,14.375,12.62469482421875,54700
1999-02-18,14.25,14.875,14.125,14.875,13.063817977905273,29500
1999-02-19,14.75,15.5,14.625,15.375,13.502936363220215,55200
1999-02-22,15.375,15.8125,15.3125,15.5,13.61271858215332,345100
1999-02-23,15.75,15.75,15.0,15.5,13.61271858215332,100700
1999-02-24,15.75,15.75,15.5,15.625,13.722496032714844,34600
1999-02-25,15.625,15.625,15.125,15.125,13.283379554748535,64700
1999-02-26,15.0,15.0,14.625,14.6875,12.899147033691406,20600
1999-03-01,14.6875,14.8125,14.0,14.0,12.295355796813965,91500
1999-03-02,14.25,14.375,14.125,14.1875,12.460027694702148,62900
1999-03-03,14.0,14.0625,13.75,13.75,12.075798034667969,87700
1999-03-04,13.875,14.1875,13.8125,14.0,12.295355796813965,130200
1999-03-05,14.0,14.0625,13.0,13.1875,11.581788063049316,70100
1999-03-08,13.3125,13.3125,12.625,12.875,11.30733585357666,218100
1999-03-09,13.0,13.125,12.125,12.3125,10.813326835632324,185300
1999-03-10,12.5625,12.5625,12.0,12.125,10.648659706115723,231400
1999-03-11,12.25,12.5,11.875,11.875,10.429097175598145,49400
1999-03-12,12.0,12.125,11.75,12.125,10.648659706115723,95000
1999-03-15,12.125,12.375,12.0,12.375,10.868218421936035,221300
1999-03-16,12.5,12.5,12.125,12.5,10.977998733520508,65300
1999-03-17,12.75,12.875,12.375,12.4375,10.923108100891113,71800
1999-03-18,12.5,12.5,12.25,12.375,10.868218421936035,125500
1999-03-19,12.5,12.625,12.375,12.375,10.868218421936035,32000
1999-03-22,12.5625,12.5625,12.25,12.25,10.758438110351562,39500
1999-03-23,12.3125,12.3125,11.875,11.9375,10.483987808227539,69700
1999-03-24,12.0,12.0625,11.75,11.875,10.429097175598145,40600
1999-03-25,11.9375,12.0625,11.75,12.0,10.538878440856934,10200
1999-03-26,11.875,12.0,11.8125,11.8125,10.374208450317383,19900
1999-03-29,11.9375,12.0,11.75,11.9375,10.483987808227539,27200
1999-03-30,11.9375,11.9375,11.625,11.6875,10.264430046081543,42800
1999-03-31,11.6875,12.125,11.625,12.125,10.648659706115723,150700
1999-04-01,12.0,12.125,11.875,12.0,10.538878440856934,73600
1999-04-05,12.0625,12.125,12.0,12.0,10.538878440856934,323100
1999-04-06,12.5,12.75,12.375,12.6875,11.142666816711426,89200
1999-04-07,13.0,13.125,12.375,12.625,11.087779998779297,75400
1999-04-08,12.625,13.25,12.5625,13.25,11.636679649353027,58000
1999-04-09,13.25,14.625,13.1875,14.625,12.844259262084961,114000
1999-04-12,14.0,14.625,13.8125,14.5625,12.789366722106934,91000
1999-04-13,14.625,15.3125,14.125,14.75,12.954038619995117,192200
1999-04-14,14.625,14.625,14.125,14.4375,12.679587364196777,23500
1999-04-15,14.3125,14.5,14.0625,14.3125,12.569807052612305,23000
1999-04-16,14.3125,14.3125,14.0625,14.25,12.51491928100586,8600
1999-04-19,14.25,15.5,14.0,15.0,13.173599243164062,136200
1999-04-20,15.0,15.25,14.875,15.0625,13.228487014770508,152500
1999-04-21,15.0625,15.5,14.875,15.125,13.283379554748535,139100
1999-04-22,15.75,16.125,15.125,15.75,13.832279205322266,108600
1999-04-23,15.75,15.875,14.75,15.125,13.283379554748535,30000
1999-04-26,15.125,15.1875,14.5,15.125,13.283379554748535,35800
1999-04-27,15.375,15.375,14.75,14.9375,13.118707656860352,34700
1999-04-28,14.75,14.9375,14.5,14.9375,13.118707656860352,29900
1999-04-29,14.8125,15.0,14.625,14.625,12.844259262084961,103000
1999-04-30,14.625,14.75,14.4375,14.4375,12.679587364196777,21700
1999-05-03,14.3125,14.5,14.125,14.375,12.62469482421875,12800
1999-05-04,14.5,14.5,14.25,14.375,12.62469482421875,24600
1999-05-05,14.625,14.75,14.3125,14.3125,12.569807052612305,12600
1999-05-06,14.4375,14.75,14.4375,14.5,12.734478950500488,17800
1999-05-07,14.5,14.75,14.4375,14.5625,12.789366722106934,7400
1999-05-10,14.625,15.0,14.625,14.6875,12.899147033691406,28400
1999-05-11,14.75,15.375,14.625,15.3125,13.44804859161377,15700
1999-05-12,15.375,15.75,15.1875,15.625,13.722496032714844,36400
1999-05-13,15.5,15.75,15.25,15.375,13.502936363220215,22000
1999-05-14,15.125,15.875,15.125,15.625,13.722496032714844,25100
1999-05-17,15.375,15.4375,15.0,15.0625,13.228487014770508,17500
1999-05-18,15.3125,15.375,15.125,15.375,13.502936363220215,9000
1999-05-19,15.625,15.75,15.375,15.5,13.61271858215332,53200
1999-05-20,15.5,15.5,15.3125,15.5,13.61271858215332,27600
1999-05-21,15.25,15.625,15.25,15.5,13.61271858215332,18000
1999-05-24,15.5,15.5,15.3125,15.375,13.502936363220215,11100
1999-05-25,15.375,15.375,14.875,14.875,13.063817977905273,13300
1999-05-26,14.875,14.9375,14.75,14.9375,13.118707656860352,11500
1999-05-27,15.0,15.0,14.75,14.875,13.063817977905273,5000
1999-05-28,15.0,15.25,15.0,15.1875,13.338269233703613,12600
1999-06-01,15.1875,15.4375,15.1875,15.375,13.502936363220215,8300
1999-06-02,15.375,15.5,14.875,14.875,13.063817977905273,35300
1999-06-03,14.875,15.125,14.625,14.9375,13.118707656860352,24200
1999-06-04,14.8125,14.8125,14.375,14.5625,12.789366722106934,9700
1999-06-07,14.6875,15.5,14.6875,15.5,13.61271858215332,14400
1999-06-08,15.4375,15.75,15.4375,15.5625,13.667606353759766,31000
1999-06-09,15.375,15.625,15.3125,15.375,13.502936363220215,5800
1999-06-10,15.4375,16.0,15.4375,15.9375,13.996946334838867,26400
1999-06-11,16.0,16.0,15.75,16.0,14.051836967468262,30800
1999-06-14,16.25,16.75,16.25,16.3125,14.326286315917969,36400
1999-06-15,16.375,16.375,15.0,15.125,13.283379554748535,34800
1999-06-16,15.125,15.25,14.875,14.875,13.063817977905273,21200
1999-06-17,14.875,15.5,14.75,14.75,12.954038619995117,15100
1999-06-18,14.9375,15.25,14.8125,15.0,13.173599243164062,26100
1999-06-21,15.125,15.125,15.0625,15.0625,13.228487014770508,12500
1999-06-22,14.9375,15.0,14.625,15.0,13.173599243164062,36400
1999-06-23,14.875,14.875,14.5,14.5,12.734478950500488,48800
1999-06-24,14.375,14.75,14.375,14.75,12.954038619995117,9200
1999-06-25,14.625,14.875,14.625,14.8125,13.008927345275879,6100
1999-06-28,14.6875,14.875,14.0,14.0,12.295355796813965,38800
1999-06-29,14.0,14.0,13.4375,13.8125,12.13068675994873,17700
1999-06-30,13.6875,14.9375,13.6875,14.0,12.295355796813965,124300
1999-07-01,14.0625,14.4375,14.0,14.4375,12.679587364196777,16800
1999-07-02,14.5625,14.875,14.25,14.8125,13.008927345275879,19300
1999-07-06,14.75,15.125,14.375,15.0,13.173599243164062,53000
1999-07-07,14.9375,15.125,14.6875,14.75,12.954038619995117,17400
1999-07-08,14.75,14.75,14.0625,14.25,12.51491928100586,42000
1999-07-09,14.1875,14.375,14.0,14.375,12.62469482421875,20600
1999-07-12,14.375,14.4375,14.1875,14.375,12.62469482421875,133700
1999-07-13,14.375,14.375,13.875,14.0,12.295355796813965,19000
1999-07-14,14.125,14.25,14.0,14.25,12.51491928100586,63200
1999-07-15,14.375,14.4375,14.0625,14.4375,12.679587364196777,60200
1999-07-16,14.5625,15.25,14.5,15.25,13.393157958984375,19300
1999-07-19,15.25,15.75,15.0,15.125,13.283379554748535,40000
1999-07-20,15.25,15.25,14.875,14.875,13.063817977905273,6200
1999-07-21,15.25,15.8125,15.25,15.6875,13.777388572692871,34000
1999-07-22,15.875,17.0,15.625,16.9375,14.875185012817383,61800
1999-07-23,16.5,16.875,16.125,16.6875,14.655628204345703,36600
1999-07-26,16.4375,16.4375,15.5,15.5625,13.667606353759766,24200
1999-07-27,15.4375,15.6875,15.375,15.4375,13.557826042175293,20200
1999-07-28,15.4375,16.0,15.4375,15.9375,13.996946334838867,9000
1999-07-29,15.9375,16.75,15.9375,16.5,14.490959167480469,22500
1999-07-30,16.4375,16.9375,16.125,16.1875,14.216506004333496,18700
1999-08-02,16.4375,16.5,16.0,16.1875,14.216506004333496,9400
1999-08-03,16.125,16.25,15.5,16.25,14.27139949798584,16200
1999-08-04,16.1875,16.3125,15.75,16.3125,14.326286315917969,8600
1999-08-05,16.25,16.4375,15.5625,15.625,13.722496032714844,11700
1999-08-06,15.5,15.75,15.5,15.625,13.722496032714844,3400
1999-08-09,15.75,15.875,15.5,15.625,13.722496032714844,6400
1999-08-10,15.5,15.625,15.375,15.625,13.722496032714844,8100
1999-08-11,15.75,15.875,15.375,15.6875,13.777388572692871,7700
1999-08-12,15.875,15.9375,15.75,15.75,13.832279205322266,6900
1999-08-13,15.8125,16.125,15.8125,15.875,13.942057609558105,14600
1999-08-16,15.9375,16.0,15.875,16.0,14.051836967468262,4800
1999-08-17,16.0,16.125,15.625,16.125,14.16161823272705,16300
1999-08-18,15.875,16.125,15.6875,15.6875,13.777388572692871,5400
1999-08-19,15.875,16.0,15.5625,16.0,14.051836967468262,10300
1999-08-20,15.875,15.875,15.75,15.75,13.832279205322266,3100
1999-08-23,15.75,15.75,15.5625,15.5625,13.667606353759766,2900
1999-08-24,15.6875,15.6875,15.375,15.4375,13.557826042175293,7500
1999-08-25,15.5,15.6875,15.5,15.625,13.722496032714844,6600
1999-08-26,15.625,15.9375,15.375,15.75,13.832279205322266,11200
1999-08-27,15.875,15.875,15.625,15.75,13.832279205322266,5000
1999-08-30,15.625,15.625,15.375,15.5,13.61271858215332,8600
1999-08-31,15.5,15.75,15.5,15.625,13.722496032714844,4600
1999-09-01,15.75,15.75,15.5,15.5,13.61271858215332,7600
1999-09-02,15.25,15.375,15.125,15.125,13.283379554748535,5600
1999-09-03,15.25,15.25,15.125,15.25,13.393157958984375,4500
1999-09-07,15.375,15.875,15.3125,15.875,13.942057609558105,16400
1999-09-08,15.9375,16.375,15.75,15.9375,13.996946334838867,12000
1999-09-09,15.9375,15.9375,15.75,15.75,13.832279205322266,500
1999-09-10,15.75,16.0,15.625,16.0,14.051836967468262,6300
1999-09-13,16.0,16.0,15.8125,15.8125,13.887166023254395,3400
1999-09-14,15.625,15.625,15.25,15.625,13.722496032714844,8300
1999-09-15,15.5,15.5625,15.5,15.5625,13.667606353759766,1800
1999-09-16,15.25,15.25,15.125,15.125,13.283379554748535,9100
1999-09-17,15.0625,15.25,15.0625,15.25,13.393157958984375,3900
1999-09-20,15.1875,15.25,15.0,15.1875,13.338269233703613,2700
1999-09-21,15.1875,15.1875,14.9375,14.9375,13.118707656860352,6700
1999-09-22,14.875,15.125,14.875,15.125,13.283379554748535,2300
1999-09-23,15.125,15.125,14.75,14.8125,13.008927345275879,5800
1999-09-24,14.75,14.75,14.5,14.6875,12.899147033691406,3900
1999-09-27,14.71875,15.0625,14.71875,15.0,13.173599243164062,37300
1999-09-28,15.125,15.4375,15.125,15.375,13.502936363220215,6300
1999-09-29,15.4375,15.5,14.875,14.875,13.063817977905273,19000
1999-09-30,14.75,14.8125,14.25,14.25,12.51491928100586,187500
1999-10-01,14.25,14.4375,14.25,14.375,12.62469482421875,26600
1999-10-04,14.25,14.4375,14.25,14.375,12.62469482421875,1500
1999-10-05,14.25,14.25,14.125,14.25,12.51491928100586,17100
1999-10-06,14.375,14.5,14.125,14.375,12.62469482421875,14000
1999-10-07,14.5,14.75,14.25,14.75,12.954038619995117,44900
1999-10-08,14.875,15.0,14.8125,15.0,13.173599243164062,15100
1999-10-11,14.9375,14.9375,14.625,14.6875,12.899147033691406,3300
1999-10-12,14.5625,14.5625,14.0,14.0,12.295355796813965,14000
1999-10-13,14.25,14.75,13.9375,14.0,12.295355796813965,122000
1999-10-14,14.0,14.125,13.9375,13.9375,12.240467071533203,4400
1999-10-15,14.0,14.125,13.875,13.875,12.185577392578125,8500
1999-10-18,13.875,13.9375,13.8125,13.9375,12.240467071533203,6500
1999-10-19,14.0625,14.125,14.0,14.0,12.295355796813965,6300
1999-10-20,13.75,13.875,13.5,13.8125,12.13068675994873,7700
1999-10-21,14.0625,14.25,13.6875,13.9375,12.240467071533203,24700
1999-10-22,13.9375,14.0,13.8125,13.8125,12.13068675994873,29900
1999-10-25,14.0,14.0,13.8125,14.0,12.295355796813965,7500
1999-10-26,14.0,14.25,14.0,14.0625,12.350248336791992,18700
1999-10-27,14.1875,14.25,14.0,14.0,12.295355796813965,16100
1999-10-28,14.125,14.125,13.75,13.9375,12.240467071533203,34900
1999-10-29,13.9375,13.9375,13.625,13.9375,12.240467071533203,18700
1999-11-01,13.9375,13.9375,13.5,13.625,11.966018676757812,11800
1999-11-02,13.75,13.875,13.75,13.75,12.075798034667969,11000
1999-11-03,13.875,13.9375,13.75,13.9375,12.240467071533203,8500
1999-11-04,13.875,13.9375,13.75,13.9375,12.240467071533203,105400
1999-11-05,13.875,13.9375,13.8125,13.9375,12.240467071533203,13300
1999-11-08,13.875,13.9375,13.8125,13.9375,12.240467071533203,12100
1999-11-09,13.875,13.9375,13.75,13.8125,12.13068675994873,58100
1999-11-10,13.75,13.75,13.5625,13.625,11.966018676757812,5400
1999-11-11,13.75,13.9375,13.75,13.9375,12.240467071533203,48000
1999-11-12,13.9375,13.9375,13.625,13.875,12.185577392578125,21900
1999-11-15,13.875,13.875,13.375,13.4375,11.801348686218262,97400
1999-11-16,13.375,13.375,13.25,13.25,11.636679649353027,22000
1999-11-17,13.25,13.25,12.8125,13.0,11.417119026184082,25900
1999-11-18,13.0,13.0625,12.75,12.75,11.197558403015137,41500
1999-11-19,12.625,13.0,12.625,13.0,11.417119026184082,19000
1999-11-22,13.125,13.125,12.9375,13.0625,11.472007751464844,27800
1999-11-23,13.0625,13.0625,12.375,12.375,10.868218421936035,20000
1999-11-24,12.625,12.9375,12.5,12.8125,11.252449035644531,27700
1999-11-26,12.75,12.9375,12.375,12.375,10.868218421936035,10700
1999-11-29,12.5,12.9375,12.5,12.8125,11.252449035644531,33700
1999-11-30,12.9375,13.0,12.625,12.875,11.30733585357666,7800
1999-12-01,12.9375,12.9375,12.5,12.625,11.087779998779297,22500
1999-12-02,12.6875,12.875,12.25,12.25,10.758438110351562,52400
1999-12-03,12.375,12.4375,12.0,12.4375,10.923108100891113,28200
1999-12-06,12.5625,12.5625,12.125,12.5,10.977998733520508,19300
1999-12-07,12.625,13.25,12.625,13.125,11.526898384094238,52600
1999-12-08,13.25,13.4375,13.1875,13.4375,11.801348686218262,55700
1999-12-09,13.5625,13.5625,12.875,12.875,11.30733585357666,76700
1999-12-10,13.25,13.25,12.75,13.0625,11.472007751464844,22800
1999-12-13,13.0,13.0,12.8125,12.875,11.30733585357666,14800
1999-12-14,12.9375,13.0,12.75,13.0,11.417119026184082,28200
1999-12-15,12.9375,13.0,12.625,12.75,11.197558403015137,24300
1999-12-16,12.875,12.875,12.625,12.75,11.197558403015137,7000
1999-12-17,12.875,12.9375,12.5625,12.875,11.30733585357666,16400
1999-12-20,12.8125,12.875,12.5625,12.625,11.087779998779297,15500
1999-12-21,12.5625,12.6875,12.5625,12.5625,11.03288745880127,6400
1999-12-22,12.5,12.5625,12.0625,12.1875,10.703548431396484,26100
1999-12-23,12.3125,12.3125,12.0,12.25,10.758438110351562,12200
1999-12-27,12.125,12.25,12.0625,12.25,10.758438110351562,23700
1999-12-28,12.1875,12.4375,12.125,12.25,10.758438110351562,9100
1999-12-29,12.4375,12.4375,12.125,12.1875,10.703548431396484,25400
1999-12-30,12.0625,12.1875,11.625,11.9375,10.483987808227539,30300
1999-12-31,11.875,12.125,11.375,12.125,10.648659706115723,24800
2000-01-03,12.25,12.25,11.5,12.0,10.538878440856934,26200
2000-01-04,12.0,12.5,11.875,12.3125,10.813326835632324,38500
2000-01-05,12.625,12.8125,12.5,12.6875,11.142666816711426,10900
2000-01-06,12.625,12.875,12.625,12.875,11.30733585357666,8600
2000-01-07,14.25,15.0,13.75,14.125,12.40513801574707,90200
2000-01-10,14.125,15.4375,14.125,15.375,13.502936363220215,40100
2000-01-11,15.5,16.625,15.25,16.5,14.490959167480469,95600
2000-01-12,16.5,17.0,16.3125,17.0,14.93007755279541,60800
2000-01-13,16.75,17.125,16.375,16.5,14.490959167480469,26100
2000-01-14,16.5,16.5,15.5,15.625,13.722496032714844,54200
2000-01-18,15.625,16.0,15.5625,15.9375,13.996946334838867,24400
2000-01-19,16.125,16.125,15.625,16.125,14.16161823272705,25000
2000-01-20,16.125,16.125,15.75,16.0625,14.106727600097656,13700
2000-01-21,15.8125,15.9375,15.75,15.875,13.942057609558105,5600
2000-01-24,15.75,16.0,15.75,15.75,13.832279205322266,6800
2000-01-25,15.6875,15.75,15.125,15.75,13.832279205322266,26700
2000-01-26,16.0,16.125,15.5625,16.0,14.051836967468262,25400
2000-01-27,16.1875,16.375,16.1875,16.375,14.381178855895996,17300
2000-01-28,16.25,16.375,16.0625,16.25,14.27139949798584,13300
2000-01-31,16.125,16.25,15.5,15.75,13.832279205322266,18500
2000-02-01,15.9375,15.9375,15.4375,15.5,13.61271858215332,12100
2000-02-02,15.375,15.5,15.125,15.375,13.502936363220215,9600
2000-02-03,15.5,16.0,15.5,15.9375,13.996946334838867,18800
2000-02-04,15.9375,16.0,15.75,15.75,13.832279205322266,7200
2000-02-07,15.875,15.9375,15.5,15.75,13.832279205322266,7800
2000-02-08,15.75,15.875,15.5,15.625,13.722496032714844,4700
2000-02-09,15.625,15.8125,15.1875,15.25,13.393157958984375,8800
2000-02-10,15.25,15.625,15.25,15.5625,13.667606353759766,2500
2000-02-11,15.5625,15.75,15.5,15.5625,13.667606353759766,3400
2000-02-14,15.375,15.625,15.25,15.5625,13.667606353759766,10600
2000-02-15,15.5,15.75,15.5,15.6875,13.777388572692871,2800
2000-02-16,15.6875,15.6875,15.375,15.5625,13.667606353759766,8800
2000-02-17,15.5625,15.5625,15.125,15.5,13.61271858215332,2800
2000-02-18,15.75,15.75,15.4375,15.4375,13.557826042175293,11100
2000-02-22,15.4375,15.4375,14.625,15.0,13.173599243164062,12700
2000-02-23,15.0,15.0,14.375,14.4375,12.679587364196777,7600
2000-02-24,14.375,14.75,14.25,14.3125,12.569807052612305,14900
2000-02-25,14.25,14.25,13.75,14.0,12.295355796813965,16200
2000-02-28,13.875,14.0,13.75,13.75,12.075798034667969,29700
2000-02-29,13.75,14.1875,13.75,13.9375,12.240467071533203,35100
2000-03-01,13.9375,14.375,13.9375,14.375,12.62469482421875,5500
2000-03-02,14.5,14.5,14.0,14.1875,12.460027694702148,11000
2000-03-03,14.0,14.0,13.4375,13.5,11.856239318847656,27100
2000-03-06,13.4375,13.4375,12.75,13.0,11.417119026184082,37100
2000-03-07,12.9375,13.25,12.9375,13.125,11.526898384094238,6000
2000-03-08,13.125,13.125,13.0625,13.0625,11.472007751464844,4700
2000-03-09,13.0625,13.25,13.0625,13.1875,11.581788063049316,1400
2000-03-10,13.3125,13.625,13.3125,13.375,11.746458053588867,18300
2000-03-13,13.25,13.375,13.0,13.25,11.636679649353027,5400
2000-03-14,13.25,13.375,13.0,13.375,11.746458053588867,5400
2000-03-15,13.25,13.4375,13.125,13.4375,11.801348686218262,3300
2000-03-16,13.4375,14.4375,13.4375,14.25,12.51491928100586,33900
2000-03-17,14.25,14.75,14.25,14.5625,12.789366722106934,8900
2000-03-20,14.5625,14.625,14.5,14.5625,12.789366722106934,12100
2000-03-21,14.5625,14.5625,14.5,14.5,12.734478950500488,1800
2000-03-22,14.5,14.625,14.375,14.375,12.62469482421875,2800
2000-03-23,14.375,15.25,14.125,15.0,13.173599243164062,42900
2000-03-24,15.0,15.1875,14.625,15.125,13.283379554748535,7400
2000-03-27,15.25,15.25,15.0,15.0625,13.228487014770508,8100
2000-03-28,15.3125,16.0,15.1875,16.0,14.051836967468262,26700
2000-03-29,15.9375,16.0,15.625,15.6875,13.777388572692871,11100
2000-03-30,15.6875,15.9375,15.625,15.6875,13.777388572692871,6600
2000-03-31,15.6875,15.6875,14.8125,14.8125,13.008927345275879,29000
2000-04-03,14.8125,15.125,14.8125,14.875,13.063817977905273,12400
2000-04-04,14.75,14.875,14.5,14.875,13.063817977905273,7400
2000-04-05,14.875,15.9375,14.875,15.9375,13.996946334838867,29600
2000-04-06,15.75,15.875,15.625,15.625,13.722496032714844,5400
2000-04-07,15.625,16.5,15.625,16.125,14.16161823272705,32000
2000-04-10,16.0,16.0,15.75,15.75,13.832279205322266,8600
2000-04-11,15.625,15.75,15.25,15.5,13.61271858215332,8900
2000-04-12,15.375,15.5,14.75,14.75,12.954038619995117,6900
2000-04-13,15.0,15.125,14.875,14.9375,13.118707656860352,25800
2000-04-14,14.875,15.0,14.875,15.0,13.173599243164062,26900
2000-04-17,14.875,15.0,14.625,15.0,13.173599243164062,5700
2000-04-18,15.0,15.0,14.875,15.0,13.173599243164062,9600
2000-04-19,15.0,15.125,14.75,14.875,13.063817977905273,16600
2000-04-20,14.9375,14.9375,14.75,14.9375,13.118707656860352,6700
2000-04-24,14.9375,15.0,14.75,14.9375,13.118707656860352,5600
2000-04-25,14.9375,15.0,14.6875,14.875,13.063817977905273,8100
2000-04-26,15.0,15.25,15.0,15.0,13.173599243164062,255100
2000-04-27,14.875,14.9375,14.8125,14.8125,13.008927345275879,31800
2000-04-28,14.8125,15.0,14.75,15.0,13.173599243164062,56800
2000-05-01,15.0,15.25,14.9375,15.125,13.283379554748535,203600
2000-05-02,15.125,15.75,15.125,15.625,13.722496032714844,10300
2000-05-03,15.5,15.625,15.125,15.5,13.61271858215332,8800
2000-05-04,15.5,15.5,15.25,15.25,13.393157958984375,11400
2000-05-05,15.125,15.25,15.125,15.1875,13.338269233703613,4200
2000-05-08,15.3125,15.3125,15.125,15.125,13.283379554748535,1300
2000-05-09,15.25,15.9375,15.0625,15.9375,13.996946334838867,14000
2000-05-10,15.875,15.875,15.25,15.5,13.61271858215332,38500
2000-05-11,15.5,15.5625,15.5,15.5625,13.667606353759766,3800
2000-05-12,15.25,15.625,15.1875,15.375,13.502936363220215,9600
2000-05-15,15.25,15.5,15.125,15.5,13.61271858215332,13100
2000-05-16,15.5,15.75,15.5,15.5,13.61271858215332,9700
2000-05-17,15.5,15.875,15.375,15.75,13.832279205322266,26200
2000-05-18,15.75,15.75,15.375,15.625,13.722496032714844,23300
2000-05-19,15.5625,15.5625,15.3125,15.3125,13.44804859161377,1400
2000-05-22,15.4375,15.5625,15.3125,15.375,13.502936363220215,3900
2000-05-23,15.3125,15.5,15.3125,15.5,13.61271858215332,4700
2000-05-24,15.625,15.625,15.125,15.125,13.283379554748535,10200
2000-05-25,15.125,15.4375,15.125,15.4375,13.557826042175293,2600
2000-05-26,15.4375,15.4375,15.1875,15.375,13.502936363220215,7700
2000-05-30,15.4375,15.5,15.4375,15.5,13.61271858215332,2600
2000-05-31,15.375,16.4375,15.375,16.4375,14.436067581176758,11000
2000-06-01,16.5,16.8125,16.25,16.5625,14.545846939086914,15900
2000-06-02,16.5,16.5,16.25,16.375,14.381178855895996,7900
2000-06-05,16.125,16.375,16.0,16.0625,14.106727600097656,11500
2000-06-06,16.0625,16.125,15.875,15.9375,13.996946334838867,14900
2000-06-07,15.875,16.25,15.8125,15.875,13.942057609558105,9900
2000-06-08,15.875,16.0,15.8125,16.0,14.051836967468262,5700
2000-06-09,16.125,16.125,15.9375,16.0,14.051836967468262,1900
2000-06-12,16.0,16.0,15.625,15.875,13.942057609558105,16700
2000-06-13,15.75,16.25,15.75,16.25,14.27139949798584,7000
2000-06-14,16.0,16.75,16.0,16.5625,14.545846939086914,25000
2000-06-15,16.375,17.0,16.375,16.4375,14.436067581176758,58300
2000-06-16,16.4375,16.875,16.3125,16.875,14.820295333862305,16600
2000-06-19,16.75,16.9375,16.375,16.4375,14.436067581176758,16800
2000-06-20,16.4375,16.4375,16.1875,16.1875,14.216506004333496,8100
2000-06-21,15.75,15.875,15.1875,15.25,13.393157958984375,20700
2000-06-22,15.5,15.5,15.125,15.125,13.283379554748535,3200
2000-06-23,15.1875,15.75,14.5,15.75,13.832279205322266,74600
2000-06-26,15.75,15.75,15.625,15.625,13.722496032714844,19600
2000-06-27,15.75,15.8125,15.5625,15.5625,13.667606353759766,3600
2000-06-28,15.5625,15.75,15.375,15.375,13.502936363220215,3400
2000-06-29,15.4375,15.4375,14.75,14.75,12.954038619995117,7300
2000-06-30,14.5,14.5,14.125,14.1875,12.460027694702148,11600
2000-07-03,14.1875,14.875,14.1875,14.875,13.063817977905273,3900
2000-07-05,14.8125,15.0,14.625,14.625,12.844259262084961,6700
2000-07-06,14.8125,15.375,14.8125,15.375,13.502936363220215,6300
2000-07-07,15.34375,15.375,15.28125,15.375,13.502936363220215,40300
2000-07-10,15.375,15.625,15.25,15.5,13.61271858215332,6700
2000-07-11,15.5,15.75,15.375,15.5,13.61271858215332,19700
2000-07-12,15.25,15.625,15.25,15.625,13.722496032714844,5000
2000-07-13,15.75,15.8125,15.5,15.6875,13.777388572692871,2900
2000-07-14,15.625,15.75,15.0,15.125,13.283379554748535,127900
2000-07-17,15.375,15.4375,15.3125,15.375,13.502936363220215,4100
2000-07-18,15.5,15.5,15.375,15.4375,13.557826042175293,2700
2000-07-19,15.625,15.625,15.5625,15.5625,13.667606353759766,1600
2000-07-20,15.5625,15.6875,15.4375,15.5625,13.667606353759766,5300
2000-07-21,15.5625,15.6875,15.5625,15.5625,13.667606353759766,1000
2000-07-24,16.125,16.125,15.625,15.6875,13.777388572692871,18800
2000-07-25,15.6875,15.9375,15.6875,15.875,13.942057609558105,10700
2000-07-26,15.875,15.875,15.375,15.4375,13.557826042175293,23400
2000-07-27,15.375,15.5625,15.1875,15.1875,13.338269233703613,5700
2000-07-28,15.0625,15.3125,14.875,14.875,13.063817977905273,18200
2000-07-31,14.875,15.0625,14.875,15.0625,13.228487014770508,3300
2000-08-01,15.1875,15.25,15.125,15.125,13.283379554748535,2100
2000-08-02,15.25,15.375,15.1875,15.25,13.393157958984375,1900
2000-08-03,15.3125,15.375,15.0,15.0,13.173599243164062,7500
2000-08-04,15.0,15.0,15.0,15.0,13.173599243164062,2700
2000-08-07,15.0,15.4375,15.0,15.4375,13.557826042175293,7000
2000-08-08,15.1875,15.4375,15.0,15.1875,13.338269233703613,7700
2000-08-09,15.1875,15.375,15.1875,15.375,13.502936363220215,21900
2000-08-10,15.3125,15.4375,15.3125,15.375,13.502936363220215,1500
2000-08-11,15.375,15.4375,15.125,15.125,13.283379554748535,15700
2000-08-14,15.375,15.4375,15.375,15.4375,13.557826042175293,5200
2000-08-15,15.4375,15.625,15.25,15.625,13.722496032714844,36500
2000-08-16,15.625,16.25,15.625,15.9375,13.996946334838867,27400
2000-08-17,15.9375,15.9375,15.5,15.875,13.942057609558105,7000
2000-08-18,16.0,16.0,15.5,16.0,14.051836967468262,6900
2000-08-21,16.0,16.0,15.75,15.9375,13.996946334838867,27300
2000-08-22,15.875,16.0,15.625,16.0,14.051836967468262,1300
2000-08-23,15.9375,15.9375,15.5,15.5,13.61271858215332,7900
2000-08-24,15.25,15.625,15.25,15.5,13.61271858215332,7400
2000-08-25,15.375,15.5,15.3125,15.4375,13.557826042175293,6300
2000-08-28,15.375,15.5,15.125,15.125,13.283379554748535,9700
2000-08-29,15.3125,15.375,15.0,15.3125,13.44804859161377,7000
2000-08-30,15.25,15.25,14.75,14.875,13.063817977905273,14400
2000-08-31,14.875,15.0,14.375,14.375,12.62469482421875,9100
2000-09-01,14.5,14.5,14.1875,14.25,12.51491928100586,18100
2000-09-05,14.25,14.5,14.25,14.4375,12.679587364196777,4400
2000-09-06,14.4375,14.4375,14.125,14.25,12.51491928100586,4800
2000-09-07,14.5,14.5,13.75,13.75,12.075798034667969,16400
2000-09-08,14.0,14.375,14.0,14.375,12.62469482421875,4900
2000-09-11,14.375,14.375,14.125,14.375,12.62469482421875,11700
2000-09-12,14.375,14.875,14.375,14.875,13.063817977905273,6900
2000-09-13,15.0,15.0,14.8125,14.8125,13.008927345275879,10900
2000-09-14,14.875,14.875,14.5625,14.5625,12.789366722106934,2400
2000-09-15,14.3125,14.3125,14.0625,14.0625,12.350248336791992,10400
2000-09-18,14.0625,14.0625,13.9375,13.9375,12.240467071533203,2400
2000-09-19,14.0625,14.125,13.9375,14.0,12.295355796813965,10000
2000-09-20,14.0,14.0625,14.0,14.0625,12.350248336791992,3800
2000-09-21,14.0,14.0,13.875,13.875,12.185577392578125,4300
2000-09-22,13.8125,13.8125,13.75,13.8125,12.13068675994873,2500
2000-09-25,13.5,13.625,13.0,13.25,11.636679649353027,11100
2000-09-26,13.1875,13.25,12.75,12.75,11.197558403015137,9800
2000-09-27,12.875,12.875,12.5,12.5,10.977998733520508,9500
2000-09-28,12.4375,12.5,12.25,12.25,10.758438110351562,34600
2000-09-29,12.25,12.25,10.25,10.75,9.441080093383789,77000
2000-10-02,10.875,11.25,10.875,11.125,9.770418167114258,62000
2000-10-03,11.25,11.3125,11.125,11.1875,9.82530689239502,20100
2000-10-04,11.375,11.4375,11.25,11.375,9.989978790283203,17100
2000-10-05,11.3125,11.625,11.3125,11.4375,10.044866561889648,14600
2000-10-06,11.5625,11.6875,11.5,11.5,10.099759101867676,16500
2000-10-09,11.625,11.6875,11.625,11.6875,10.264430046081543,15800
2000-10-10,11.75,11.8125,11.5,11.8125,10.374208450317383,16500
2000-10-11,11.6875,11.75,11.5625,11.6875,10.264430046081543,11500
2000-10-12,11.8125,11.8125,11.5,11.5,10.099759101867676,13800
2000-10-13,11.625,11.875,11.625,11.875,10.429097175598145,13500
2000-10-16,12.0,12.0,11.875,11.875,10.429097175598145,6300
2000-10-17,11.6875,11.75,11.6875,11.75,10.319318771362305,4300
2000-10-18,11.625,11.625,11.4375,11.625,10.209539413452148,5700
2000-10-19,11.875,12.125,11.875,12.125,10.648659706115723,6200
2000-10-20,12.0,12.125,12.0,12.125,10.648659706115723,4000
2000-10-23,12.125,12.1875,12.0,12.0,10.538878440856934,31200
2000-10-24,12.125,12.375,12.125,12.25,10.758438110351562,600
2000-10-25,12.1875,12.625,12.1875,12.5,10.977998733520508,33300
2000-10-26,12.5,12.5625,12.375,12.5625,11.03288745880127,3400
2000-10-27,12.5,12.5625,12.5,12.5,10.977998733520508,3300
2000-10-30,12.5,12.5,12.5,12.5,10.977998733520508,1400
2000-10-31,12.5,12.5,12.4375,12.4375,10.923108100891113,5000
2000-11-01,12.4375,12.4375,12.375,12.375,10.868218421936035,2400
2000-11-02,12.375,12.4375,12.375,12.375,10.868218421936035,10300
2000-11-03,12.375,12.5,12.375,12.5,10.977998733520508,65100
2000-11-06,12.5,12.5,12.0,12.0,10.538878440856934,29900
2000-11-07,11.875,12.0,11.875,12.0,10.538878440856934,15100
2000-11-08,12.0,12.0,11.9375,11.9375,10.483987808227539,104500
2000-11-09,12.0,12.0,11.875,11.875,10.429097175598145,91200
2000-11-10,11.75,11.75,10.5,10.75,9.441080093383789,69900
2000-11-13,10.875,11.125,10.75,11.125,9.770418167114258,58200
2000-11-14,11.125,11.125,10.4375,10.75,9.441080093383789,25300
2000-11-15,10.875,11.0,10.8125,11.0,9.660638809204102,7800
2000-11-16,11.0,11.0,10.8125,10.8125,9.495966911315918,3000
2000-11-17,10.8125,10.9375,10.75,10.75,9.441080093383789,2800
2000-11-20,10.75,10.75,10.625,10.625,9.331299781799316,25500
2000-11-21,10.6875,10.6875,10.4375,10.4375,9.16662883758545,1000
2000-11-22,10.375,10.4375,10.0,10.1875,8.94706916809082,15100
2000-11-24,10.1875,10.25,10.125,10.25,9.001959800720215,1500
2000-11-27,10.375,10.375,10.125,10.25,9.001959800720215,34700
2000-11-28,10.25,10.25,10.125,10.125,8.892178535461426,33900
2000-11-29,10.1875,10.1875,9.625,9.875,8.672616958618164,10800
2000-11-30,10.0,10.0625,9.75,9.75,8.562837600708008,17700
2000-12-01,9.75,9.8125,9.625,9.75,8.562837600708008,21900
2000-12-04,9.875,9.875,9.5,9.5,8.343277931213379,25200
2000-12-05,9.5,9.75,9.4375,9.5625,8.39816951751709,4900
2000-12-06,9.5625,9.625,9.375,9.375,8.23349666595459,10000
2000-12-07,9.375,9.375,8.625,8.6875,7.629708290100098,15100
2000-12-08,8.625,8.625,7.5,7.8125,6.861248016357422,38800
2000-12-11,7.9375,8.125,7.6875,7.9375,6.971028804779053,25500
2000-12-12,7.5625,8.0,7.5625,7.875,6.916139602661133,10500
2000-12-13,7.9375,7.9375,7.5625,7.625,6.6965789794921875,17800
2000-12-14,7.5625,7.5625,7.125,7.1875,6.312347412109375,24700
2000-12-15,7.0625,7.0625,6.6875,6.9375,6.0927886962890625,21000
2000-12-18,6.9375,7.0,5.75,5.9375,5.214548587799072,37400
2000-12-19,5.875,7.0,5.875,6.625,5.818339824676514,60300
2000-12-20,6.75,7.1875,6.625,7.125,6.25745964050293,22800
2000-12-21,7.0625,8.0625,7.0625,7.5,6.586799621582031,31700
2000-12-22,7.25,7.25,6.6875,6.75,5.928119659423828,26100
2000-12-26,6.875,7.0,6.5,6.75,5.928119659423828,18400
2000-12-27,6.9375,7.0,6.8125,7.0,6.147677898406982,15400
2000-12-28,7.0,7.4375,7.0,7.4375,6.531908988952637,34000
2000-12-29,7.75,8.0,7.75,7.9375,6.971028804779053,57200
2001-01-02,8.375,8.375,7.625,7.9375,6.971028804779053,23400
2001-01-03,7.9375,8.1875,7.8125,8.0,7.025918483734131,9600
2001-01-04,8.0,8.875,7.875,8.625,7.574820041656494,36100
2001-01-05,8.75,8.875,8.5625,8.75,7.684599876403809,10100
2001-01-08,8.625,8.8125,8.5625,8.6875,7.629708290100098,9300
2001-01-09,8.5625,8.6875,7.9375,8.0,7.025918483734131,40600
2001-01-10,7.625,8.25,7.5625,8.25,7.245479583740234,39600
2001-01-11,8.125,8.125,8.0,8.125,7.13569974899292,14200
2001-01-12,8.0625,8.125,7.9375,7.9375,6.971028804779053,11000
2001-01-16,8.0625,8.125,7.75,7.75,6.80635929107666,22600
2001-01-17,7.75,8.125,7.75,8.125,7.13569974899292,22000
2001-01-18,8.0625,8.125,7.875,8.0,7.025918483734131,15200
2001-01-19,7.9375,8.125,7.9375,8.0625,7.080809116363525,5100
2001-01-22,8.25,8.25,8.0,8.0625,7.080809116363525,4800
2001-01-23,8.0625,8.125,7.875,7.875,6.916139602661133,67400
2001-01-24,7.875,7.9375,7.8125,7.875,6.916139602661133,28600
2001-01-25,8.0,8.1875,8.0,8.0,7.025918483734131,11600
2001-01-26,8.125,8.375,8.125,8.375,7.355259418487549,31600
2001-01-29,8.649999618530273,9.0,8.649999618530273,8.699999809265137,7.640685558319092,25100
2001-01-30,8.850000381469727,8.850000381469727,8.25,8.579999923706055,7.535297870635986,24900
2001-01-31,8.75,8.75,8.399999618530273,8.600000381469727,7.552863121032715,61200
2001-02-01,8.699999809265137,9.149999618530273,8.680000305175781,9.149999618530273,8.035894393920898,91400
2001-02-02,9.149999618530273,10.399999618530273,9.0600004196167,10.050000190734863,8.826311111450195,52400
2001-02-05,10.149999618530273,11.300000190734863,10.130000114440918,11.300000190734863,9.924110412597656,34400
2001-02-06,11.300000190734863,11.75,10.899999618530273,11.5,10.099759101867676,32200
2001-02-07,11.5,11.510000228881836,11.300000190734863,11.449999809265137,10.055845260620117,25600
2001-02-08,11.399999618530273,11.600000381469727,11.399999618530273,11.550000190734863,10.143670082092285,4900
2001-02-09,11.550000190734863,11.609999656677246,11.300000190734863,11.5,10.099759101867676,15400
2001-02-12,11.5,11.550000190734863,11.300000190734863,11.350000381469727,9.968023300170898,20000
2001-02-13,11.350000381469727,11.449999809265137,11.260000228881836,11.289999961853027,9.915328979492188,16200
2001-02-14,11.289999961853027,11.5,11.25,11.5,10.099759101867676,24100
2001-02-15,11.5,11.5,11.25,11.25,9.880197525024414,7500
2001-02-16,11.25,11.25,11.0,11.0,9.660638809204102,42900
2001-02-20,11.0,11.050000190734863,10.949999809265137,10.949999809265137,9.616726875305176,6200
2001-02-21,10.600000381469727,10.75,10.350000381469727,10.510000228881836,9.230301856994629,10600
2001-02-22,10.449999809265137,10.510000228881836,10.399999618530273,10.399999618530273,9.13369369506836,600
2001-02-23,10.369999885559082,10.369999885559082,9.75,9.850000381469727,8.650662422180176,40200
2001-02-26,9.75,9.850000381469727,9.699999809265137,9.800000190734863,8.606749534606934,69900
2001-02-27,9.899999618530273,10.350000381469727,9.899999618530273,10.300000190734863,9.04587173461914,14900
2001-02-28,10.300000190734863,10.449999809265137,10.300000190734863,10.449999809265137,9.177604675292969,5000
2001-03-01,10.449999809265137,10.699999809265137,10.449999809265137,10.699999809265137,9.397167205810547,37800
2001-03-02,10.699999809265137,10.699999809265137,10.300000190734863,10.550000190734863,9.265432357788086,70200
2001-03-05,10.399999618530273,10.649999618530273,10.300000190734863,10.390000343322754,9.124913215637207,10200
2001-03-06,10.449999809265137,10.449999809265137,9.9399995803833,10.0,8.78239631652832,15800
2001-03-07,10.0,10.0,9.850000381469727,9.949999809265137,8.73848819732666,6500
2001-03-08,9.600000381469727,9.600000381469727,9.0,9.239999771118164,8.114937782287598,59400
2001-03-09,9.140000343322754,9.199999809265137,8.800000190734863,8.920000076293945,7.83389949798584,31100
2001-03-12,8.800000190734863,9.25,8.75,9.0,7.904158592224121,13100
2001-03-13,9.100000381469727,9.100000381469727,8.800000190734863,9.050000190734863,7.948071002960205,6500
2001-03-14,9.100000381469727,9.550000190734863,9.100000381469727,9.300000190734863,8.167630195617676,19200
2001-03-15,9.350000381469727,9.449999809265137,9.100000381469727,9.100000381469727,7.9919819831848145,16100
2001-03-16,9.109999656677246,9.109999656677246,8.899999618530273,8.899999618530273,7.816333293914795,11200
2001-03-19,8.800000190734863,9.25,8.800000190734863,9.25,8.123717308044434,6700
2001-03-20,9.300000190734863,9.300000190734863,9.100000381469727,9.100000381469727,7.9919819831848145,5800
2001-03-21,9.109999656677246,9.109999656677246,9.0,9.0,7.904158592224121,8700
2001-03-22,9.010000228881836,9.300000190734863,9.010000228881836,9.300000190734863,8.167630195617676,13700
2001-03-23,9.350000381469727,9.420000076293945,9.050000190734863,9.149999618530273,8.035894393920898,9300
2001-03-26,9.149999618530273,9.149999618530273,8.75,8.949999809265137,7.860246181488037,7000
2001-03-27,9.0,9.550000190734863,8.699999809265137,9.5,8.343277931213379,75500
2001-03-28,9.449999809265137,9.449999809265137,8.970000267028809,9.199999809265137,8.079805374145508,5200
2001-03-29,9.149999618530273,9.149999618530273,9.010000228881836,9.010000228881836,7.912941932678223,5600
2001-03-30,8.800000190734863,9.25,8.699999809265137,9.25,8.123717308044434,28900
2001-04-02,9.140000343322754,9.289999961853027,8.850000381469727,8.850000381469727,7.7724223136901855,29900
2001-04-03,8.859999656677246,9.3100004196167,8.850000381469727,9.3100004196167,8.176412582397461,28300
2001-04-04,9.260000228881836,9.350000381469727,9.119999885559082,9.350000381469727,8.211543083190918,11000
2001-04-05,9.399999618530273,9.399999618530273,9.1899995803833,9.300000190734863,8.167630195617676,15100
2001-04-06,9.210000038146973,9.350000381469727,9.210000038146973,9.350000381469727,8.211543083190918,4400
2001-04-09,9.350000381469727,9.350000381469727,9.25,9.25,8.123717308044434,600
2001-04-10,9.25,9.600000381469727,9.25,9.449999809265137,8.299365997314453,7900
2001-04-11,9.5,9.5,9.100000381469727,9.100000381469727,7.9919819831848145,6100
2001-04-12,9.149999618530273,9.75,9.149999618530273,9.699999809265137,8.51892375946045,7200
2001-04-16,9.640000343322754,10.050000190734863,9.640000343322754,10.020000457763672,8.799962997436523,5200
2001-04-17,10.100000381469727,10.199999809265137,10.100000381469727,10.109999656677246,8.879005432128906,1000
2001-04-18,10.300000190734863,10.819999694824219,10.300000190734863,10.800000190734863,9.484992027282715,10600
2001-04-19,10.699999809265137,11.479999542236328,10.699999809265137,11.3100004196167,9.932891845703125,18000
2001-04-20,11.210000038146973,12.199999809265137,11.15999984741211,12.100000381469727,10.626701354980469,32400
2001-04-23,12.0,13.949999809265137,11.899999618530273,13.199999809265137,11.592764854431152,103200
2001-04-24,13.0,13.100000381469727,12.600000381469727,13.100000381469727,11.504942893981934,269400
2001-04-25,13.0,13.350000381469727,12.899999618530273,13.199999809265137,11.592764854431152,118900
2001-04-26,13.199999809265137,13.5,13.0,13.0,11.417119026184082,41100
2001-04-27,13.100000381469727,13.1899995803833,12.899999618530273,13.0,11.417119026184082,7900
2001-04-30,13.199999809265137,13.199999809265137,13.0,13.100000381469727,11.504942893981934,11600
2001-05-01,13.300000190734863,13.75,13.180000305175781,13.390000343322754,11.75963020324707,78000
2001-05-02,13.350000381469727,13.550000190734863,12.899999618530273,13.0,11.417119026184082,29400
2001-05-03,13.0,13.0,12.800000190734863,12.899999618530273,11.329293251037598,10300
2001-05-04,12.800000190734863,12.899999618530273,12.630000114440918,12.899999618530273,11.329293251037598,5200
2001-05-07,13.5,13.5,12.899999618530273,12.899999618530273,11.329293251037598,42400
2001-05-08,12.800000190734863,13.0,12.699999809265137,13.0,11.417119026184082,60800
2001-05-09,13.0,13.0,13.0,13.0,11.417119026184082,14400
2001-05-10,12.850000381469727,13.010000228881836,12.850000381469727,12.949999809265137,11.373204231262207,16700
2001-05-11,12.989999771118164,12.989999771118164,12.699999809265137,12.699999809265137,11.153645515441895,6500
2001-05-14,12.600000381469727,12.699999809265137,12.5,12.699999809265137,11.153645515441895,7300
2001-05-15,12.600000381469727,12.600000381469727,12.520000457763672,12.600000381469727,11.06582260131836,153500
2001-05-16,12.699999809265137,12.75,12.649999618530273,12.649999618530273,11.109734535217285,8600
2001-05-17,12.699999809265137,13.050000190734863,12.699999809265137,13.0,11.417119026184082,16400
2001-05-18,13.0,13.25,12.779999732971191,12.789999961853027,11.232687950134277,14400
2001-05-21,12.100000381469727,12.649999618530273,12.100000381469727,12.649999618530273,11.109734535217285,67200
2001-05-22,12.65999984741211,13.199999809265137,12.65999984741211,12.699999809265137,11.153645515441895,60600
2001-05-23,12.710000038146973,12.899999618530273,12.710000038146973,12.800000190734863,11.241471290588379,68400
2001-05-24,12.699999809265137,13.0,12.699999809265137,13.0,11.417119026184082,30000
2001-05-25,13.0,13.0,12.630000114440918,12.850000381469727,11.285384178161621,4000
2001-05-29,12.949999809265137,12.949999809265137,12.75,12.75,11.197558403015137,3800
2001-05-30,12.760000228881836,12.850000381469727,12.539999961853027,12.649999618530273,11.109734535217285,12600
2001-05-31,12.649999618530273,12.75,12.399999618530273,12.520000457763672,10.995562553405762,163000
2001-06-01,12.5,13.079999923706055,12.5,12.949999809265137,11.373204231262207,70500
2001-06-04,12.949999809265137,12.949999809265137,12.699999809265137,12.699999809265137,11.153645515441895,2300
2001-06-05,12.600000381469727,12.800000190734863,12.5,12.600000381469727,11.06582260131836,13200
2001-06-06,12.5,12.630000114440918,12.470000267028809,12.630000114440918,11.092170715332031,3800
2001-06-07,12.600000381469727,12.600000381469727,12.520000457763672,12.550000190734863,11.021910667419434,11600
2001-06-08,12.569999694824219,12.59000015258789,12.5,12.510000228881836,10.98678207397461,6800
2001-06-11,12.600000381469727,12.850000381469727,12.600000381469727,12.710000038146973,11.16242790222168,40300
2001-06-12,13.0,13.350000381469727,13.0,13.300000190734863,11.680590629577637,64700
2001-06-13,13.5,14.5,13.5,14.220000267028809,12.488570213317871,68600
2001-06-14,14.319999694824219,15.0,14.319999694824219,14.649999618530273,12.866214752197266,33600
2001-06-15,14.75,14.850000381469727,14.25,14.600000381469727,12.82230281829834,40700
2001-06-18,14.699999809265137,14.949999809265137,14.5600004196167,14.5600004196167,12.7871732711792,9600
2001-06-19,14.460000038146973,14.6899995803833,14.350000381469727,14.350000381469727,12.602740287780762,8600
2001-06-20,14.300000190734863,14.550000190734863,14.300000190734863,14.449999809265137,12.69056510925293,37700
2001-06-21,14.550000190734863,14.899999618530273,14.350000381469727,14.449999809265137,12.69056510925293,64900
2001-06-22,14.550000190734863,14.699999809265137,14.399999618530273,14.399999618530273,12.646650314331055,16300
2001-06-25,14.420000076293945,14.5,14.3100004196167,14.4399995803833,12.681780815124512,36000
2001-06-26,14.399999618530273,14.699999809265137,14.350000381469727,14.649999618530273,12.866214752197266,51600
2001-06-27,15.25,15.979999542236328,15.239999771118164,15.75,13.832279205322266,157200
2001-06-28,15.949999809265137,16.200000762939453,15.520000457763672,15.800000190734863,13.876191139221191,91700
2001-06-29,16.25,17.0,15.960000038146973,17.0,14.93007755279541,144600
2001-07-02,17.5,17.5,16.350000381469727,16.40999984741211,14.411914825439453,135100
2001-07-03,16.5,16.5,15.949999809265137,16.229999542236328,14.253832817077637,50900
2001-07-05,16.399999618530273,16.5,16.299999237060547,16.440000534057617,14.43825912475586,127000
2001-07-06,16.5,16.600000381469727,16.350000381469727,16.350000381469727,14.359221458435059,41300
2001-07-09,16.399999618530273,16.899999618530273,16.399999618530273,16.799999237060547,14.754430770874023,73300
2001-07-10,17.0,17.850000381469727,17.0,17.850000381469727,15.676584243774414,116700
2001-07-11,18.0,18.75,17.600000381469727,18.209999084472656,15.99274730682373,186100
2001-07-12,19.0,20.5,18.510000228881836,20.5,18.00391960144043,672300
2001-07-13,20.25,20.600000381469727,19.290000915527344,20.270000457763672,17.80191993713379,399400
2001-07-16,22.25,22.700000762939453,21.670000076293945,21.709999084472656,19.06658172607422,289000
2001-07-17,21.600000381469727,21.899999618530273,20.969999313354492,21.450000762939453,18.838245391845703,162500
2001-07-18,21.25,22.600000381469727,21.010000228881836,22.25,19.540836334228516,277900
2001-07-19,22.5,23.100000381469727,21.280000686645508,21.290000915527344,18.697729110717773,81000
2001-07-20,21.5,21.739999771118164,21.309999465942383,21.549999237060547,18.926067352294922,42900
2001-07-23,21.75,21.950000762939453,21.299999237060547,21.729999542236328,19.084150314331055,82600
2001-07-24,21.899999618530273,22.0,21.399999618530273,21.479999542236328,18.864595413208008,39800
2001-07-25,21.100000381469727,21.100000381469727,18.799999237060547,19.0,16.686555862426758,250700
2001-07-26,19.010000228881836,19.5,18.610000610351562,19.299999237060547,16.950023651123047,216500
2001-07-27,19.700000762939453,20.600000381469727,19.600000381469727,20.5,18.00391960144043,124500
2001-07-30,20.510000228881836,21.489999771118164,20.510000228881836,21.059999465942383,18.4957275390625,118100
2001-07-31,21.049999237060547,21.299999237060547,20.649999618530273,21.020000457763672,18.460603713989258,67600
2001-08-01,21.100000381469727,21.209999084472656,20.799999237060547,20.899999618530273,18.355209350585938,150200
2001-08-02,20.8700008392334,20.8700008392334,19.75,19.989999771118164,17.556013107299805,88400
2001-08-03,19.950000762939453,20.100000381469727,19.3799991607666,19.739999771118164,17.33645248413086,73200
2001-08-06,19.729999542236328,19.899999618530273,19.540000915527344,19.579999923706055,17.195938110351562,77800
2001-08-07,19.579999923706055,19.860000610351562,19.510000228881836,19.860000610351562,17.441844940185547,131700
2001-08-08,19.899999618530273,19.899999618530273,19.700000762939453,19.799999237060547,17.38914680480957,61300
2001-08-09,19.399999618530273,19.68000030517578,19.149999618530273,19.350000381469727,16.99394416809082,191400
2001-08-10,19.5,19.5,18.950000762939453,19.200000762939453,16.862205505371094,306100
2001-08-13,19.049999237060547,19.200000762939453,18.299999237060547,19.110000610351562,16.78316879272461,442400
2001-08-14,19.15999984741211,19.84000015258789,19.100000381469727,19.739999771118164,17.33645248413086,451900
2001-08-15,19.739999771118164,21.149999618530273,19.299999237060547,20.760000228881836,18.232263565063477,419000
2001-08-16,20.350000381469727,20.559999465942383,19.5,20.5,18.00391960144043,2790900
2001-08-17,20.25,20.25,19.989999771118164,20.0,17.56479263305664,1046900
2001-08-20,20.0,20.049999237060547,16.700000762939453,17.399999618530273,15.281371116638184,957900
2001-08-21,17.5,18.299999237060547,17.469999313354492,17.989999771118164,15.799534797668457,936000
2001-08-22,19.25,19.299999237060547,18.399999618530273,18.799999237060547,16.510908126831055,412300
2001-08-23,18.700000762939453,18.75,17.75,18.5,16.247434616088867,152300
2001-08-24,18.75,18.75,18.200000762939453,18.5,16.247434616088867,59500
2001-08-27,18.399999618530273,18.850000381469727,18.399999618530273,18.700000762939453,16.423086166381836,133400
2001-08-28,18.700000762939453,18.799999237060547,17.510000228881836,18.450000762939453,16.203527450561523,104700
2001-08-29,18.200000762939453,18.5,18.200000762939453,18.450000762939453,16.203527450561523,69200
2001-08-30,18.200000762939453,18.5,17.90999984741211,18.0,15.808317184448242,184000
2001-08-31,17.950000762939453,19.0,17.899999618530273,18.850000381469727,16.554819107055664,82000
2001-09-04,18.850000381469727,19.399999618530273,18.399999618530273,18.399999618530273,16.159610748291016,108200
2001-09-05,18.450000762939453,19.0,18.209999084472656,18.899999618530273,16.598731994628906,52800
2001-09-06,18.75,18.8799991607666,17.899999618530273,18.8799991607666,16.58116912841797,202700
2001-09-07,18.700000762939453,18.700000762939453,17.549999237060547,17.889999389648438,15.711709022521973,57800
2001-09-10,17.84000015258789,17.950000762939453,16.90999984741211,17.399999618530273,15.281371116638184,190600
2001-09-17,16.5,16.5,13.899999618530273,13.949999809265137,12.251444816589355,246000
2001-09-18,13.949999809265137,14.050000190734863,12.600000381469727,12.649999618530273,11.109734535217285,476600
2001-09-19,12.649999618530273,12.649999618530273,10.239999771118164,11.699999809265137,10.27540397644043,613400
2001-09-20,11.399999618530273,11.5,11.0,11.109999656677246,9.757242202758789,439400
2001-09-21,10.699999809265137,10.699999809265137,10.149999618530273,10.300000190734863,9.04587173461914,620600
2001-09-24,11.0,12.149999618530273,10.800000190734863,11.789999961853027,10.354448318481445,237400
2001-09-25,11.850000381469727,12.859999656677246,11.510000228881836,12.859999656677246,11.294164657592773,185700
2001-09-26,12.760000228881836,12.760000228881836,12.100000381469727,12.300000190734863,10.802351951599121,79600
2001-09-27,12.199999809265137,12.399999618530273,12.0,12.399999618530273,10.890172004699707,271000
2001-09-28,12.5,12.75,12.0,12.75,11.197558403015137,204200
2001-10-01,12.649999618530273,12.649999618530273,11.75,12.0600004196167,10.591573715209961,93800
2001-10-02,12.0,12.670000076293945,12.0,12.399999618530273,10.890172004699707,87800
2001-10-03,12.050000190734863,12.75,12.010000228881836,12.649999618530273,11.109734535217285,425200
2001-10-04,14.0,15.199999809265137,14.0,14.5,12.734478950500488,393400
2001-10-05,14.5,14.600000381469727,14.270000457763672,14.350000381469727,12.602740287780762,180400
2001-10-08,13.899999618530273,13.899999618530273,13.5600004196167,13.630000114440918,11.97040843963623,92700
2001-10-09,13.529999732971191,13.75,13.140000343322754,13.739999771118164,12.067014694213867,144100
2001-10-10,13.449999809265137,15.399999618530273,13.449999809265137,15.399999618530273,13.524892807006836,171400
2001-10-11,15.199999809265137,15.649999618530273,15.199999809265137,15.520000457763672,13.630282402038574,184200
2001-10-12,15.470000267028809,15.470000267028809,15.0,15.1899995803833,13.340462684631348,123900
2001-10-15,15.149999618530273,15.399999618530273,15.149999618530273,15.25,13.393157958984375,90800
2001-10-16,15.350000381469727,15.489999771118164,15.050000190734863,15.119999885559082,13.278986930847168,41600
2001-10-17,15.199999809265137,15.199999809265137,14.699999809265137,14.850000381469727,13.041862487792969,165400
2001-10-18,15.050000190734863,15.289999961853027,15.010000228881836,15.289999961853027,13.428287506103516,151600
2001-10-19,15.100000381469727,15.199999809265137,14.800000190734863,15.15999984741211,13.314114570617676,118600
2001-10-22,15.050000190734863,15.25,14.850000381469727,14.989999771118164,13.164813995361328,73500
2001-10-23,14.989999771118164,15.109999656677246,14.880000114440918,15.010000228881836,13.182379722595215,52200
2001-10-24,15.0,15.039999961853027,14.859999656677246,15.0,13.173599243164062,133700
2001-10-25,15.300000190734863,15.800000190734863,15.020000457763672,15.649999618530273,13.744451522827148,89700
2001-10-26,15.649999618530273,15.800000190734863,15.350000381469727,15.550000190734863,13.656628608703613,57800
2001-10-29,15.550000190734863,15.550000190734863,14.920000076293945,14.9399995803833,13.120903015136719,123900
2001-10-30,14.930000305175781,15.100000381469727,14.930000305175781,15.020000457763672,13.191162109375,120100
2001-10-31,15.010000228881836,16.899999618530273,15.010000228881836,16.899999618530273,14.842254638671875,134900
2001-11-01,16.899999618530273,17.5,16.600000381469727,17.5,15.369199752807617,186500
2001-11-02,17.399999618530273,18.149999618530273,17.260000228881836,18.139999389648438,15.931270599365234,83300
2001-11-05,18.200000762939453,18.200000762939453,15.899999618530273,16.549999237060547,14.534869194030762,181600
2001-11-06,16.75,16.989999771118164,16.350000381469727,16.739999771118164,14.701735496520996,36100
2001-11-07,16.940000534057617,18.0,16.549999237060547,18.0,15.808317184448242,87000
2001-11-08,18.0,18.25,17.350000381469727,17.549999237060547,15.413105010986328,149600
2001-11-09,17.510000228881836,17.739999771118164,17.25,17.6200008392334,15.47458553314209,14800
2001-11-12,17.510000228881836,17.700000762939453,17.200000762939453,17.299999237060547,15.193547248840332,45900
2001-11-13,17.399999618530273,18.299999237060547,17.399999618530273,18.299999237060547,16.071788787841797,118400
2001-11-14,18.309999465942383,19.0,18.020000457763672,18.5,16.247434616088867,150800
2001-11-15,18.5,19.09000015258789,18.5,18.729999542236328,16.44942855834961,228500
2001-11-16,18.829999923706055,19.149999618530273,18.809999465942383,18.950000762939453,16.64264678955078,66400
2001-11-19,18.959999084472656,19.5,18.760000228881836,19.0,16.686555862426758,59800
2001-11-20,18.899999618530273,18.93000030517578,18.350000381469727,18.579999923706055,16.31769561767578,220100
2001-11-21,18.549999237060547,18.600000381469727,18.459999084472656,18.600000381469727,16.33526039123535,81400
2001-11-23,18.549999237060547,18.770000457763672,18.520000457763672,18.700000762939453,16.423086166381836,29900
2001-11-26,18.700000762939453,18.700000762939453,18.25,18.399999618530273,16.159610748291016,121900
2001-11-27,18.5,18.610000610351562,18.030000686645508,18.450000762939453,16.203527450561523,39000
2001-11-28,18.450000762939453,18.989999771118164,18.350000381469727,18.809999465942383,16.51968765258789,48900
2001-11-29,18.799999237060547,19.469999313354492,18.799999237060547,19.469999313354492,17.09933090209961,90500
2001-11-30,19.399999618530273,19.639999389648438,19.040000915527344,19.450000762939453,17.08176612854004,44400
2001-12-03,18.75,19.1299991607666,18.59000015258789,18.950000762939453,16.64264678955078,101500
2001-12-04,19.0,19.59000015258789,19.0,19.479999542236328,17.108108520507812,49700
2001-12-05,19.600000381469727,20.010000228881836,19.299999237060547,20.0,17.56479263305664,82100
2001-12-06,19.850000381469727,20.200000762939453,19.690000534057617,20.15999984741211,17.70531463623047,75200
2001-12-07,20.200000762939453,20.350000381469727,19.940000534057617,20.200000762939453,17.740449905395508,66700
2001-12-10,20.049999237060547,20.280000686645508,19.940000534057617,20.020000457763672,17.582361221313477,51400
2001-12-11,19.299999237060547,19.40999984741211,19.0,19.020000457763672,16.704126358032227,55400
2001-12-12,19.270000457763672,20.100000381469727,19.270000457763672,20.06999969482422,17.62627410888672,47700
2001-12-13,20.149999618530273,20.209999084472656,19.59000015258789,19.899999618530273,17.47697639465332,93100
2001-12-14,19.75,20.100000381469727,19.700000762939453,20.0,17.56479263305664,60200
2001-12-17,19.950000762939453,20.079999923706055,19.75,20.049999237060547,17.608707427978516,57500
2001-12-18,18.950000762939453,20.100000381469727,18.950000762939453,20.0,17.56479263305664,112800
2001-12-19,19.989999771118164,20.149999618530273,19.8700008392334,19.989999771118164,17.556013107299805,47000
2001-12-20,19.950000762939453,20.25,19.950000762939453,20.239999771118164,17.77556800842285,59300
2001-12-21,20.25,20.75,20.25,20.75,18.22347640991211,100800
2001-12-24,20.799999237060547,20.920000076293945,20.549999237060547,20.799999237060547,18.26738739013672,52200
2001-12-26,20.700000762939453,21.389999389648438,20.65999984741211,21.020000457763672,18.460603713989258,154100
2001-12-27,20.899999618530273,21.399999618530273,20.8799991607666,21.110000610351562,18.539644241333008,66000
2001-12-28,21.25,21.889999389648438,21.25,21.790000915527344,19.1368465423584,151400
2001-12-31,21.75,21.75,20.600000381469727,21.3799991607666,18.776763916015625,107800
2002-01-02,21.1299991607666,21.139999389648438,20.790000915527344,20.989999771118164,18.434253692626953,62900
2002-01-03,20.299999237060547,20.790000915527344,20.299999237060547,20.549999237060547,18.04783058166504,207500
2002-01-04,20.549999237060547,20.68000030517578,20.25,20.260000228881836,17.79313850402832,191000
2002-01-07,20.260000228881836,20.350000381469727,20.200000762939453,20.270000457763672,17.80191993713379,194300
2002-01-08,20.290000915527344,20.56999969482422,19.549999237060547,20.280000686645508,17.810701370239258,87100
2002-01-09,20.25,20.350000381469727,20.190000534057617,20.290000915527344,17.819488525390625,92100
2002-01-10,20.190000534057617,21.0,19.709999084472656,20.920000076293945,18.372779846191406,135200
2002-01-11,20.850000381469727,20.899999618530273,20.350000381469727,20.43000030517578,17.942440032958984,24600
2002-01-14,20.299999237060547,21.649999618530273,19.950000762939453,21.5,18.882160186767578,294800
2002-01-15,21.700000762939453,22.100000381469727,21.1200008392334,21.18000030517578,18.601118087768555,152700
2002-01-16,21.3799991607666,21.799999237060547,20.850000381469727,20.899999618530273,18.355209350585938,54600
2002-01-17,20.700000762939453,22.170000076293945,20.700000762939453,22.170000076293945,19.470579147338867,83300
2002-01-18,22.100000381469727,23.799999237060547,21.899999618530273,23.100000381469727,20.28734016418457,257500
2002-01-22,24.75,25.0,23.25,23.950000762939453,21.033845901489258,160700
2002-01-23,24.200000762939453,24.450000762939453,23.950000762939453,24.149999618530273,21.209495544433594,113000
2002-01-24,24.75,25.649999618530273,22.899999618530273,23.149999618530273,20.331253051757812,756900
2002-01-25,23.399999618530273,24.139999389648438,22.649999618530273,23.799999237060547,20.9021053314209,191600
2002-01-28,23.600000381469727,24.600000381469727,23.600000381469727,23.969999313354492,21.05141258239746,112700
2002-01-29,24.25,24.399999618530273,23.420000076293945,23.510000228881836,20.647417068481445,88700
2002-01-30,23.760000228881836,25.0,23.649999618530273,25.0,21.955997467041016,128600
2002-01-31,25.0,27.0,25.0,27.0,23.712478637695312,162400
2002-02-01,26.75,26.75,25.649999618530273,25.799999237060547,22.658586502075195,121400
2002-02-04,26.049999237060547,26.280000686645508,25.700000762939453,25.899999618530273,22.746408462524414,37000
2002-02-05,25.899999618530273,26.239999771118164,25.809999465942383,25.989999771118164,22.82545280456543,33600
2002-02-06,25.799999237060547,25.950000762939453,25.209999084472656,25.450000762939453,22.351205825805664,134200
2002-02-07,25.450000762939453,25.450000762939453,24.0,24.329999923706055,21.367572784423828,84300
2002-02-08,24.600000381469727,24.950000762939453,24.520000457763672,24.790000915527344,21.771564483642578,126200
2002-02-11,24.790000915527344,24.790000915527344,24.700000762939453,24.700000762939453,21.69252586364746,130100
2002-02-12,24.600000381469727,24.690000534057617,23.649999618530273,24.100000381469727,21.16558074951172,181100
2002-02-13,24.100000381469727,24.100000381469727,22.850000381469727,23.600000381469727,20.72646141052246,271600
2002-02-14,23.649999618530273,23.700000762939453,23.450000762939453,23.5,20.63863754272461,78700
2002-02-15,23.5,23.860000610351562,23.399999618530273,23.719999313354492,20.831851959228516,53100
2002-02-19,23.75,23.75,22.969999313354492,22.989999771118164,20.190738677978516,83200
2002-02-20,22.100000381469727,22.799999237060547,22.049999237060547,22.799999237060547,20.023868560791016,174700
2002-02-21,22.760000228881836,24.799999237060547,22.649999618530273,24.25,21.297319412231445,322900
2002-02-22,25.0,25.0,24.450000762939453,24.670000076293945,21.666175842285156,101400
2002-02-25,24.850000381469727,25.850000381469727,24.850000381469727,25.75,22.61467170715332,265800
2002-02-26,26.100000381469727,26.84000015258789,25.899999618530273,26.799999237060547,23.536828994750977,554200
2002-02-27,27.0,27.799999237060547,26.450000762939453,26.450000762939453,23.229446411132812,301500
2002-02-28,26.5,26.790000915527344,26.239999771118164,26.700000762939453,23.449005126953125,207200
2002-03-01,26.600000381469727,27.25,26.600000381469727,27.149999618530273,23.84421157836914,209700
2002-03-04,27.260000228881836,28.329999923706055,27.260000228881836,28.229999542236328,24.792709350585938,275700
2002-03-05,28.5,29.399999618530273,28.43000030517578,28.450000762939453,24.98592185974121,180900
2002-03-06,28.899999618530273,29.969999313354492,28.700000762939453,29.75,26.127635955810547,166200
2002-03-07,29.850000381469727,30.18000030517578,26.5,27.1299991607666,23.82664680480957,637800
2002-03-08,29.5,29.5,27.299999237060547,27.8799991607666,24.485326766967773,549200
2002-03-11,27.899999618530273,28.969999313354492,27.889999389648438,28.90999984741211,25.38991355895996,226500
2002-03-12,28.799999237060547,30.299999237060547,28.75,30.049999237060547,26.3911075592041,449700
2002-03-13,30.020000457763672,30.3799991607666,29.299999237060547,29.350000381469727,25.776342391967773,409600
2002-03-14,29.0,29.049999237060547,27.510000228881836,27.510000228881836,24.160377502441406,239000
2002-03-15,27.25,28.290000915527344,27.100000381469727,28.290000915527344,24.845407485961914,366700
2002-03-18,29.350000381469727,29.75,28.809999465942383,29.549999237060547,25.951984405517578,427400
2002-03-19,29.549999237060547,29.979999542236328,29.100000381469727,29.139999389648438,25.591907501220703,248700
2002-03-20,28.899999618530273,29.350000381469727,28.530000686645508,28.75,25.2493896484375,282700
2002-03-21,28.5,28.510000228881836,27.459999084472656,27.520000457763672,24.169160842895508,375000
2002-03-22,26.850000381469727,27.0,26.399999618530273,26.84000015258789,23.57195472717285,4263500
2002-03-25,27.0,27.25,26.8700008392334,26.979999542236328,23.69491195678711,944200
2002-03-26,27.299999237060547,28.149999618530273,27.270000457763672,27.969999313354492,24.564361572265625,931800
2002-03-27,28.0,28.899999618530273,27.799999237060547,28.809999465942383,25.30208969116211,738900
2002-03-28,29.350000381469727,29.3799991607666,28.309999465942383,29.0,25.468957901000977,897900
2002-04-01,29.0,29.479999542236328,28.5,29.40999984741211,25.829029083251953,316100
2002-04-02,29.0,29.149999618530273,28.709999084472656,29.020000457763672,25.486522674560547,347400
2002-04-03,29.049999237060547,29.1200008392334,28.399999618530273,28.739999771118164,25.240615844726562,195600
2002-04-04,28.739999771118164,28.899999618530273,28.360000610351562,28.8700008392334,25.354785919189453,187800
2002-04-05,29.100000381469727,30.0,28.950000762939453,29.68000030517578,26.066162109375,255200
2002-04-08,29.700000762939453,30.979999542236328,29.299999237060547,30.8700008392334,27.11126136779785,345700
2002-04-09,31.0,32.189998626708984,30.600000381469727,32.099998474121094,28.191497802734375,669700
2002-04-10,32.20000076293945,32.2599983215332,31.190000534057617,31.989999771118164,28.094894409179688,632800
2002-04-11,32.400001525878906,32.47999954223633,31.75,31.920000076293945,28.033416748046875,322000
2002-04-12,32.150001525878906,32.34000015258789,31.950000762939453,32.20000076293945,28.27932357788086,382000
2002-04-15,33.0,33.04999923706055,32.099998474121094,32.16999816894531,28.252971649169922,275900
2002-04-16,32.599998474121094,33.29999923706055,32.599998474121094,33.099998474121094,29.069738388061523,586200
2002-04-17,33.900001525878906,33.900001525878906,31.610000610351562,32.0,28.103673934936523,441000
2002-04-18,32.099998474121094,32.099998474121094,30.780000686645508,31.719999313354492,27.857765197753906,475700
2002-04-19,31.84000015258789,33.400001525878906,31.84000015258789,33.02000045776367,28.999475479125977,310300
2002-04-22,33.369998931884766,33.400001525878906,32.79999923706055,33.04999923706055,29.02582550048828,341500
2002-04-23,33.20000076293945,33.380001068115234,33.0,33.099998474121094,29.069738388061523,211200
2002-04-24,33.349998474121094,33.400001525878906,32.75,32.900001525878906,28.894094467163086,314300
2002-04-25,32.900001525878906,33.060001373291016,31.899999618530273,32.099998474121094,28.191497802734375,208700
2002-04-26,32.150001525878906,32.29999923706055,32.0,32.099998474121094,28.191497802734375,184500
2002-04-29,32.099998474121094,32.189998626708984,30.75,30.850000381469727,27.093698501586914,236900
2002-04-30,30.850000381469727,33.0,30.850000381469727,33.0,28.981918334960938,275200
2002-05-01,32.86000061035156,33.400001525878906,30.799999237060547,32.0,28.103673934936523,688600
2002-05-02,32.70000076293945,34.0,32.5,32.709999084472656,28.72722625732422,774600
2002-05-03,32.5,34.619998931884766,32.5,34.5,30.299280166625977,784800
2002-05-06,34.75,35.779998779296875,34.09000015258789,34.13999938964844,29.98310661315918,547300
2002-05-07,34.41999816894531,34.84000015258789,33.95000076293945,34.2599983215332,30.0885009765625,251000
2002-05-08,34.849998474121094,35.0,34.25,34.90999984741211,30.65935707092285,315300
2002-05-09,35.41999816894531,35.9900016784668,35.06999969482422,35.099998474121094,30.826210021972656,400900
2002-05-10,36.0,36.20000076293945,35.150001525878906,35.25,30.957958221435547,543800
2002-05-13,35.5,35.63999938964844,34.04999923706055,34.599998474121094,30.387094497680664,310000
2002-05-14,35.0,35.650001525878906,34.810001373291016,35.650001525878906,31.30925750732422,279100
2002-05-15,35.650001525878906,36.20000076293945,35.380001068115234,36.189998626708984,31.78350257873535,247600
2002-05-16,36.650001525878906,36.66999816894531,34.7599983215332,34.880001068115234,30.633005142211914,269400
2002-05-17,34.880001068115234,35.02000045776367,34.40999984741211,34.63999938964844,30.422224044799805,460600
2002-05-20,34.849998474121094,35.369998931884766,33.95000076293945,34.0,29.86015510559082,380600
2002-05-21,34.75,35.0,33.099998474121094,33.5,29.421037673950195,325500
2002-05-22,33.5,33.75,32.29999923706055,33.70000076293945,29.5966796875,466300
2002-05-23,34.0,34.47999954223633,33.5099983215332,34.150001525878906,29.991891860961914,315700
2002-05-24,34.27000045776367,34.97999954223633,33.7599983215332,33.7599983215332,29.649377822875977,157600
2002-05-28,33.95000076293945,34.18000030517578,33.20000076293945,33.65999984741211,29.561553955078125,230200
2002-05-29,33.75,33.75,32.599998474121094,32.630001068115234,28.656967163085938,262800
2002-05-30,30.600000381469727,31.5,29.5,30.0,26.347198486328125,902500
2002-05-31,30.200000762939453,30.5,30.049999237060547,30.200000762939453,26.52284049987793,747600
2002-06-03,30.299999237060547,30.440000534057617,27.170000076293945,28.350000381469727,24.89809799194336,805200
2002-06-04,28.399999618530273,28.489999771118164,25.299999237060547,26.100000381469727,22.922061920166016,1177700
2002-06-05,25.899999618530273,27.559999465942383,25.899999618530273,27.479999542236328,24.134029388427734,562200
2002-06-06,27.700000762939453,28.600000381469727,27.520000457763672,28.110000610351562,24.68732452392578,495800
2002-06-07,28.0,30.549999237060547,27.90999984741211,30.049999237060547,26.3911075592041,593300
2002-06-10,29.25,29.899999618530273,29.010000228881836,29.399999618530273,25.820255279541016,361400
2002-06-11,29.399999618530273,29.649999618530273,28.299999237060547,28.510000228881836,25.038619995117188,347100
2002-06-12,28.510000228881836,28.510000228881836,26.6200008392334,27.40999984741211,24.072555541992188,697300
2002-06-13,27.350000381469727,27.799999237060547,27.0,27.0,23.712478637695312,335100
2002-06-14,26.5,26.5,24.399999618530273,25.950000762939453,22.79032325744629,502700
2002-06-17,26.0,28.0,26.0,28.0,24.59071159362793,200500
2002-06-18,28.0,28.549999237060547,27.399999618530273,28.020000457763672,24.608278274536133,478800
2002-06-19,28.020000457763672,28.020000457763672,27.5,27.920000076293945,24.52045440673828,171500
2002-06-20,27.299999237060547,27.850000381469727,26.399999618530273,27.079999923706055,23.782737731933594,477600
2002-06-21,27.899999618530273,28.299999237060547,27.0,28.0,24.59071159362793,465700
2002-06-24,28.0,28.360000610351562,27.40999984741211,27.600000381469727,24.23941993713379,583300
2002-06-25,27.700000762939453,28.309999465942383,27.700000762939453,27.75,24.37115478515625,471200
2002-06-26,27.5,28.0,26.850000381469727,27.899999618530273,24.50288963317871,215400
2002-06-27,28.450000762939453,28.59000015258789,27.100000381469727,27.889999389648438,24.494108200073242,418900
2002-06-28,27.889999389648438,29.739999771118164,27.5,29.739999771118164,26.118850708007812,737800
2002-07-01,29.0,29.100000381469727,27.299999237060547,27.549999237060547,24.195507049560547,581000
2002-07-02,27.549999237060547,28.100000381469727,25.75,26.700000762939453,23.449005126953125,628700
2002-07-03,26.450000762939453,26.68000030517578,25.75,26.399999618530273,23.185529708862305,376000
2002-07-05,26.75,27.649999618530273,26.75,27.510000228881836,24.160377502441406,91100
2002-07-08,27.469999313354492,27.84000015258789,27.18000030517578,27.649999618530273,24.283329010009766,331700
2002-07-09,27.649999618530273,28.299999237060547,27.420000076293945,27.56999969482422,24.213071823120117,265200
2002-07-10,27.950000762939453,27.950000762939453,26.899999618530273,27.260000228881836,23.94081687927246,517600
2002-07-11,27.25,27.260000228881836,25.3799991607666,26.5,23.273359298706055,660500
2002-07-12,27.200000762939453,27.670000076293945,26.75,27.18000030517578,23.87055778503418,257900
2002-07-15,27.149999618530273,27.299999237060547,24.8799991607666,25.649999618530273,22.5268497467041,603300
2002-07-16,25.649999618530273,26.5,24.139999389648438,24.139999389648438,21.200708389282227,449900
2002-07-17,25.049999237060547,25.59000015258789,22.59000015258789,22.850000381469727,20.067777633666992,611600
2002-07-18,22.850000381469727,23.799999237060547,22.760000228881836,22.950000762939453,20.155601501464844,450900
2002-07-19,22.450000762939453,23.270000457763672,21.700000762939453,21.850000381469727,19.189542770385742,363000
2002-07-22,21.850000381469727,22.670000076293945,21.0,21.0,18.443037033081055,297100
2002-07-23,21.600000381469727,21.84000015258789,20.799999237060547,21.299999237060547,18.706506729125977,468900
2002-07-24,21.0,23.350000381469727,20.549999237060547,23.350000381469727,20.50690269470215,578100
2002-07-25,23.149999618530273,24.899999618530273,22.850000381469727,23.670000076293945,20.787940979003906,616400
2002-07-26,24.25,25.0,24.030000686645508,25.0,21.955997467041016,420200
2002-07-29,26.5,26.6200008392334,25.700000762939453,25.920000076293945,22.763978958129883,389700
2002-07-30,25.989999771118164,26.049999237060547,25.350000381469727,25.600000381469727,22.482942581176758,476200
2002-07-31,25.600000381469727,25.600000381469727,24.809999465942383,25.5,22.395116806030273,371700
2002-08-01,25.299999237060547,26.239999771118164,25.139999389648438,26.0,22.834238052368164,601200
2002-08-02,25.979999542236328,25.979999542236328,23.899999618530273,24.450000762939453,21.47296142578125,390600
2002-08-05,24.25,24.260000228881836,22.670000076293945,22.700000762939453,19.936046600341797,300600
2002-08-06,23.399999618530273,25.149999618530273,23.309999465942383,24.75,21.73643684387207,571600
2002-08-07,25.25,25.5,24.43000030517578,25.389999389648438,22.29850959777832,482500
2002-08-08,25.389999389648438,26.200000762939453,25.18000030517578,26.06999969482422,22.895709991455078,539500
2002-08-09,26.0,26.850000381469727,25.5,26.75,23.492916107177734,375000
2002-08-12,26.75,26.760000228881836,25.799999237060547,26.360000610351562,23.150407791137695,189800
2002-08-13,26.350000381469727,26.940000534057617,26.350000381469727,26.5,23.273359298706055,231300
2002-08-14,26.5,26.510000228881836,25.5,26.270000457763672,23.071365356445312,296400
2002-08-15,26.399999618530273,28.34000015258789,26.399999618530273,27.989999771118164,24.58193588256836,407600
2002-08-16,27.739999771118164,28.239999771118164,27.649999618530273,28.170000076293945,24.740018844604492,362800
2002-08-19,28.170000076293945,30.0,28.170000076293945,29.760000228881836,26.136415481567383,548700
2002-08-20,29.850000381469727,30.049999237060547,28.850000381469727,29.0,25.468957901000977,609700
2002-08-21,29.100000381469727,29.770000457763672,28.959999084472656,29.399999618530273,25.820255279541016,398200
2002-08-22,28.450000762939453,29.450000762939453,28.299999237060547,28.899999618530273,25.38113021850586,273200
2002-08-23,28.899999618530273,30.260000228881836,28.75,29.450000762939453,25.864164352416992,357100
2002-08-26,29.600000381469727,30.399999618530273,29.399999618530273,30.329999923706055,26.63701629638672,268600
2002-08-27,31.200000762939453,31.299999237060547,30.389999389648438,30.5,26.78631591796875,312900
2002-08-28,30.479999542236328,30.479999542236328,29.010000228881836,29.940000534057617,26.294498443603516,368600
2002-08-29,29.700000762939453,30.799999237060547,29.1200008392334,30.049999237060547,26.3911075592041,324600
2002-08-30,30.25,30.25,29.479999542236328,29.75,26.127635955810547,203100
2002-09-03,29.200000762939453,29.209999084472656,27.6299991607666,28.049999237060547,24.634628295898438,432800
2002-09-04,28.399999618530273,30.0,28.399999618530273,29.979999542236328,26.329627990722656,235600
2002-09-05,29.600000381469727,29.93000030517578,29.0,29.520000457763672,25.925642013549805,319300
2002-09-06,29.950000762939453,30.729999542236328,29.850000381469727,30.5,26.78631591796875,272300
2002-09-09,30.459999084472656,30.989999771118164,30.459999084472656,30.93000030517578,27.163955688476562,424900
2002-09-10,31.149999618530273,31.530000686645508,30.600000381469727,30.850000381469727,27.093698501586914,509300
2002-09-11,31.200000762939453,31.200000762939453,30.399999618530273,31.0,27.22543716430664,342900
2002-09-12,30.850000381469727,30.850000381469727,29.59000015258789,29.8700008392334,26.233022689819336,221400
2002-09-13,29.5,29.950000762939453,29.06999969482422,29.950000762939453,26.30328369140625,238200
2002-09-16,30.100000381469727,30.739999771118164,30.020000457763672,30.649999618530273,26.918048858642578,183200
2002-09-17,30.850000381469727,31.149999618530273,29.700000762939453,29.84000015258789,26.206674575805664,123000
2002-09-18,29.350000381469727,29.399999618530273,28.530000686645508,29.010000228881836,25.477737426757812,233900
2002-09-19,29.010000228881836,29.200000762939453,27.889999389648438,28.06999969482422,24.652193069458008,385600
2002-09-20,28.049999237060547,28.350000381469727,27.299999237060547,27.5,24.151596069335938,270400
2002-09-23,27.5,27.5,25.489999771118164,26.1299991607666,22.948406219482422,453900
2002-09-24,26.100000381469727,27.239999771118164,25.649999618530273,27.030000686645508,23.73882293701172,355900
2002-09-25,27.799999237060547,27.850000381469727,26.75,26.93000030517578,23.650997161865234,263400
2002-09-26,27.0,28.25,26.850000381469727,27.889999389648438,24.494108200073242,430200
2002-09-27,27.639999389648438,28.0,26.350000381469727,26.350000381469727,23.14162254333496,175400
2002-09-30,25.979999542236328,25.989999771118164,24.959999084472656,24.979999542236328,21.93842887878418,607300
2002-10-01,24.5,24.850000381469727,23.299999237060547,24.510000228881836,21.525659561157227,866200
2002-10-02,24.0,24.290000915527344,23.649999618530273,23.65999984741211,20.779155731201172,478500
2002-10-03,23.899999618530273,24.100000381469727,23.510000228881836,23.920000076293945,21.007497787475586,329100
2002-10-04,24.0,24.170000076293945,22.540000915527344,22.799999237060547,20.023868560791016,263000
2002-10-07,22.549999237060547,23.049999237060547,21.579999923706055,21.760000228881836,19.11049461364746,384300
2002-10-08,22.5,23.0,20.690000534057617,21.979999542236328,19.303707122802734,1237300
2002-10-09,21.75,21.84000015258789,19.700000762939453,20.450000762939453,17.960004806518555,582300
2002-10-10,20.3799991607666,21.65999984741211,20.020000457763672,21.25,18.662599563598633,715300
2002-10-11,21.260000228881836,23.469999313354492,21.260000228881836,22.3799991607666,19.655006408691406,633700
2002-10-14,21.850000381469727,22.0,20.899999618530273,21.239999771118164,18.6538143157959,412400
2002-10-15,22.600000381469727,23.84000015258789,22.15999984741211,23.299999237060547,20.462982177734375,456600
2002-10-16,22.799999237060547,23.399999618530273,22.229999542236328,22.520000457763672,19.77796173095703,336400
2002-10-17,23.049999237060547,23.899999618530273,23.0,23.889999389648438,20.981149673461914,259000
2002-10-18,23.8799991607666,23.8799991607666,22.420000076293945,22.600000381469727,19.848220825195312,310100
2002-10-21,22.600000381469727,23.25,21.799999237060547,22.889999389648438,20.1029109954834,636800
2002-10-22,22.899999618530273,23.3700008392334,22.200000762939453,23.0,20.19951820373535,373700
2002-10-23,23.75,23.959999084472656,22.450000762939453,23.6299991607666,20.7528076171875,506700
2002-10-24,23.950000762939453,24.299999237060547,22.799999237060547,23.0,20.19951820373535,409300
2002-10-25,23.0,23.770000457763672,23.0,23.350000381469727,20.50690269470215,399600
2002-10-28,23.75,23.950000762939453,22.360000610351562,22.670000076293945,19.909698486328125,328300
2002-10-29,22.670000076293945,23.059999465942383,22.0,23.020000457763672,20.21708106994629,384800
2002-10-30,23.020000457763672,23.600000381469727,23.020000457763672,23.450000762939453,20.594724655151367,445200
2002-10-31,23.450000762939453,23.739999771118164,23.0,23.700000762939453,20.814281463623047,470500
2002-11-01,23.639999389648438,24.239999771118164,23.549999237060547,23.889999389648438,20.981149673461914,297900
2002-11-04,24.100000381469727,24.280000686645508,23.700000762939453,23.75,20.85819435119629,803100
2002-11-05,23.75,24.079999923706055,23.649999618530273,24.06999969482422,21.139238357543945,442300
2002-11-06,24.06999969482422,25.049999237060547,24.06999969482422,24.860000610351562,21.833044052124023,558000
2002-11-07,24.799999237060547,24.920000076293945,23.760000228881836,24.200000762939453,21.253402709960938,270600
2002-11-08,24.200000762939453,24.75,23.299999237060547,23.81999969482422,20.919677734375,326800
2002-11-11,23.81999969482422,23.8700008392334,23.25,23.3799991607666,20.533241271972656,190400
2002-11-12,23.299999237060547,23.610000610351562,23.0,23.280000686645508,20.445419311523438,359400
2002-11-13,23.290000915527344,23.739999771118164,22.6299991607666,23.549999237060547,20.68255043029785,229100
2002-11-14,23.549999237060547,23.799999237060547,23.260000228881836,23.489999771118164,20.629854202270508,435200
2002-11-15,23.399999618530273,25.06999969482422,23.219999313354492,24.829999923706055,21.80669403076172,432000
2002-11-18,24.829999923706055,25.1299991607666,24.450000762939453,24.75,21.73643684387207,207400
2002-11-19,24.75,24.93000030517578,24.209999084472656,24.75,21.73643684387207,292800
2002-11-20,24.0,24.5,22.18000030517578,22.799999237060547,20.023868560791016,873200
2002-11-21,23.049999237060547,23.719999313354492,22.799999237060547,23.260000228881836,20.427858352661133,1022100
2002-11-22,22.600000381469727,23.3700008392334,22.579999923706055,22.739999771118164,19.971174240112305,515600
2002-11-25,22.850000381469727,23.25,22.260000228881836,22.600000381469727,19.848220825195312,530200
2002-11-26,22.649999618530273,23.190000534057617,22.549999237060547,22.950000762939453,20.155601501464844,570000
2002-11-27,23.200000762939453,24.0,23.010000228881836,23.34000015258789,20.49812126159668,430400
2002-11-29,23.350000381469727,24.100000381469727,23.350000381469727,23.979999542236328,21.060190200805664,203200
2002-12-02,23.899999618530273,24.260000228881836,23.6200008392334,23.850000381469727,20.946016311645508,248200
2002-12-03,23.75,23.75,22.600000381469727,22.65999984741211,19.900915145874023,469700
2002-12-04,22.65999984741211,22.65999984741211,22.0,22.540000915527344,19.7955265045166,529000
2002-12-05,22.780000686645508,23.200000762939453,22.579999923706055,22.989999771118164,20.190738677978516,447100
2002-12-06,22.979999542236328,23.059999465942383,22.65999984741211,23.040000915527344,20.234649658203125,335300
2002-12-09,22.950000762939453,22.959999084472656,22.329999923706055,22.65999984741211,19.900915145874023,222200
2002-12-10,22.25,22.600000381469727,22.190000534057617,22.520000457763672,19.77796173095703,382300
2002-12-11,22.649999618530273,22.649999618530273,21.600000381469727,22.450000762939453,19.71648406982422,487800
2002-12-12,22.600000381469727,22.639999389648438,22.299999237060547,22.5,19.760395050048828,307200
2002-12-13,22.299999237060547,22.450000762939453,21.920000076293945,22.110000610351562,19.417884826660156,310300
2002-12-16,22.0,22.670000076293945,22.0,22.479999542236328,19.742835998535156,326500
2002-12-17,22.31999969482422,22.729999542236328,22.149999618530273,22.440000534057617,19.70770263671875,360600
2002-12-18,22.440000534057617,22.440000534057617,22.219999313354492,22.299999237060547,19.584747314453125,396000
2002-12-19,22.25,22.600000381469727,22.229999542236328,22.420000076293945,19.690135955810547,236000
2002-12-20,22.420000076293945,22.649999618530273,22.360000610351562,22.559999465942383,19.813093185424805,344500
2002-12-23,22.809999465942383,23.850000381469727,22.610000610351562,23.329999923706055,20.489337921142578,417900
2002-12-24,23.34000015258789,23.65999984741211,23.329999923706055,23.5,20.63863754272461,138600
2002-12-26,23.440000534057617,24.1299991607666,23.440000534057617,23.709999084472656,20.82306671142578,108200
2002-12-27,23.5,23.5,22.950000762939453,23.049999237060547,20.243425369262695,275200
2002-12-30,22.950000762939453,23.040000915527344,22.520000457763672,23.0,20.19951820373535,282500
2002-12-31,22.969999313354492,23.450000762939453,22.809999465942383,23.420000076293945,20.568376541137695,192100
2003-01-02,23.549999237060547,24.299999237060547,23.450000762939453,24.1299991607666,21.191926956176758,397600
2003-01-03,24.100000381469727,24.149999618530273,23.6299991607666,23.780000686645508,20.884544372558594,420800
2003-01-06,23.0,24.059999465942383,23.0,24.020000457763672,21.095321655273438,433000
2003-01-07,24.020000457763672,24.5,24.0,24.239999771118164,21.288532257080078,297800
2003-01-08,24.239999771118164,24.239999771118164,23.75,23.829999923706055,20.928455352783203,166400
2003-01-09,23.850000381469727,24.049999237060547,23.600000381469727,24.010000228881836,21.08653450012207,375300
2003-01-10,23.899999618530273,24.8700008392334,23.850000381469727,24.649999618530273,21.648609161376953,362800
2003-01-13,24.950000762939453,25.079999923706055,24.75,24.899999618530273,21.86817169189453,245600
2003-01-14,24.649999618530273,24.989999771118164,24.6200008392334,24.950000762939453,21.91208267211914,275600
2003-01-15,24.959999084472656,25.209999084472656,24.600000381469727,24.729999542236328,21.718870162963867,486900
2003-01-16,24.899999618530273,25.0,24.520000457763672,24.530000686645508,21.54322624206543,665900
2003-01-17,24.540000915527344,24.700000762939453,24.25,24.31999969482422,21.358789443969727,534400
2003-01-21,24.5,24.59000015258789,24.149999618530273,24.170000076293945,21.227060317993164,257400
2003-01-22,24.049999237060547,24.079999923706055,23.700000762939453,23.729999542236328,20.840627670288086,200200
2003-01-23,24.850000381469727,25.209999084472656,24.149999618530273,24.920000076293945,21.885738372802734,923200
2003-01-24,25.0,25.059999465942383,24.200000762939453,24.68000030517578,21.67496109008789,175200
2003-01-27,24.5,25.3799991607666,24.5,24.959999084472656,21.920867919921875,565800
2003-01-28,25.350000381469727,25.709999084472656,25.139999389648438,25.700000762939453,22.570768356323242,416500
2003-01-29,25.649999618530273,25.899999618530273,25.139999389648438,25.790000915527344,22.649803161621094,261800
2003-01-30,25.899999618530273,25.989999771118164,24.510000228881836,24.84000015258789,21.815475463867188,288300
2003-01-31,24.84000015258789,25.299999237060547,24.84000015258789,25.170000076293945,22.105297088623047,331700
2003-02-03,25.420000076293945,25.81999969482422,25.420000076293945,25.5,22.395116806030273,242600
2003-02-04,25.510000228881836,25.549999237060547,25.1200008392334,25.15999984741211,22.09651756286621,304100
2003-02-05,25.299999237060547,25.549999237060547,24.920000076293945,24.979999542236328,21.93842887878418,374100
2003-02-06,24.979999542236328,25.110000610351562,24.40999984741211,24.5,21.516876220703125,254000
2003-02-07,24.6200008392334,24.6200008392334,23.989999771118164,24.09000015258789,21.156795501708984,305800
2003-02-10,24.200000762939453,24.280000686645508,24.030000686645508,24.190000534057617,21.2446231842041,236600
2003-02-11,24.06999969482422,24.799999237060547,24.049999237060547,24.649999618530273,21.648609161376953,234900
2003-02-12,24.65999984741211,24.65999984741211,23.899999618530273,23.940000534057617,21.025062561035156,207300
2003-02-13,24.100000381469727,24.100000381469727,23.709999084472656,23.959999084472656,21.042625427246094,127300
2003-02-14,24.200000762939453,24.399999618530273,23.940000534057617,24.239999771118164,21.288532257080078,111300
2003-02-18,24.399999618530273,25.520000457763672,24.399999618530273,25.049999237060547,21.999908447265625,223700
2003-02-19,25.049999237060547,25.170000076293945,24.329999923706055,24.690000534057617,21.683744430541992,220700
2003-02-20,24.700000762939453,24.739999771118164,24.170000076293945,24.290000915527344,21.332448959350586,170400
2003-02-21,24.350000381469727,24.6200008392334,24.049999237060547,24.540000915527344,21.55200958251953,112800
2003-02-24,24.540000915527344,24.540000915527344,23.989999771118164,24.059999465942383,21.130449295043945,133600
2003-02-25,23.899999618530273,24.15999984741211,23.649999618530273,24.139999389648438,21.200708389282227,125100
2003-02-26,24.149999618530273,24.239999771118164,23.770000457763672,23.790000915527344,20.893327713012695,151000
2003-02-27,23.799999237060547,23.969999313354492,23.700000762939453,23.899999618530273,20.989931106567383,221000
2003-02-28,23.950000762939453,24.15999984741211,23.309999465942383,23.649999618530273,20.770370483398438,328700
2003-03-03,24.0,24.0,23.469999313354492,23.700000762939453,20.814281463623047,226900
2003-03-04,23.440000534057617,23.440000534057617,21.479999542236328,21.760000228881836,19.11049461364746,627000
2003-03-05,21.799999237060547,21.829999923706055,21.200000762939453,21.6299991607666,18.99632453918457,363300
2003-03-06,21.56999969482422,21.6299991607666,21.110000610351562,21.5,18.882160186767578,241400
2003-03-07,21.299999237060547,21.479999542236328,20.75,20.950000762939453,18.399124145507812,615200
2003-03-10,20.860000610351562,20.860000610351562,20.25,20.399999618530273,17.91609001159668,259300
2003-03-11,20.649999618530273,20.690000534057617,19.549999237060547,19.68000030517578,17.283761978149414,395500
2003-03-12,19.5,19.690000534057617,19.299999237060547,19.5,17.125675201416016,452800
2003-03-13,19.799999237060547,20.639999389648438,19.799999237060547,20.639999389648438,18.12687110900879,453900
2003-03-14,20.75,20.84000015258789,20.079999923706055,20.200000762939453,17.740449905395508,405400
2003-03-17,19.700000762939453,20.75,19.5,20.75,18.22347640991211,325700
2003-03-18,20.799999237060547,20.979999542236328,20.260000228881836,20.260000228881836,17.79313850402832,527000
2003-03-19,20.350000381469727,20.6200008392334,20.299999237060547,20.579999923706055,18.074176788330078,198300
2003-03-20,20.579999923706055,20.579999923706055,20.010000228881836,20.25,17.78435707092285,310000
2003-03-21,20.25,21.479999542236328,20.25,21.399999618530273,18.794334411621094,324500
2003-03-24,21.0,21.059999465942383,20.100000381469727,20.290000915527344,17.819488525390625,165000
2003-03-25,20.290000915527344,20.59000015258789,20.100000381469727,20.40999984741211,17.924875259399414,260100
2003-03-26,20.25,20.670000076293945,20.15999984741211,20.579999923706055,18.074176788330078,220100
2003-03-27,20.5,20.530000686645508,20.100000381469727,20.360000610351562,17.880966186523438,170800
2003-03-28,20.450000762939453,20.81999969482422,20.350000381469727,20.799999237060547,18.26738739013672,263300
2003-03-31,20.799999237060547,21.190000534057617,20.399999618530273,21.040000915527344,18.478166580200195,329000
2003-04-01,21.040000915527344,21.540000915527344,20.780000686645508,21.239999771118164,18.6538143157959,553000
2003-04-02,22.0,22.299999237060547,21.850000381469727,22.100000381469727,19.409101486206055,475700
2003-04-03,22.350000381469727,22.350000381469727,21.799999237060547,22.020000457763672,19.338842391967773,176400
2003-04-04,22.149999618530273,22.209999084472656,21.84000015258789,22.079999923706055,19.391536712646484,157400
2003-04-07,22.799999237060547,23.1299991607666,22.219999313354492,22.260000228881836,19.549619674682617,157700
2003-04-08,22.450000762939453,22.450000762939453,22.010000228881836,22.09000015258789,19.400318145751953,258700
2003-04-09,22.34000015258789,22.5,22.100000381469727,22.25,19.540836334228516,122900
2003-04-10,22.100000381469727,22.170000076293945,21.719999313354492,21.829999923706055,19.171974182128906,134800
2003-04-11,21.860000610351562,22.270000457763672,21.860000610351562,22.09000015258789,19.400318145751953,264300
2003-04-14,22.34000015258789,23.549999237060547,22.309999465942383,23.40999984741211,20.55959129333496,416800
2003-04-15,23.309999465942383,23.5,23.0,23.309999465942383,20.471771240234375,292100
2003-04-16,23.399999618530273,23.84000015258789,23.399999618530273,23.600000381469727,20.72646141052246,297300
2003-04-17,23.399999618530273,23.719999313354492,23.399999618530273,23.6200008392334,20.744028091430664,105100
2003-04-21,23.520000457763672,23.719999313354492,23.5,23.6299991607666,20.7528076171875,98600
2003-04-22,23.729999542236328,24.700000762939453,23.719999313354492,24.489999771118164,21.508092880249023,211000
2003-04-23,24.5,25.020000457763672,24.25,24.950000762939453,21.91208267211914,304900
2003-04-24,24.700000762939453,24.93000030517578,24.440000534057617,24.479999542236328,21.49930763244629,249700
2003-04-25,24.329999923706055,24.389999389648438,23.8700008392334,24.049999237060547,21.121667861938477,205300
2003-04-28,24.25,24.899999618530273,24.25,24.799999237060547,21.780344009399414,193300
2003-04-29,24.8700008392334,25.200000762939453,24.540000915527344,24.979999542236328,21.93842887878418,196900
2003-04-30,24.899999618530273,25.0,24.770000457763672,24.920000076293945,21.885738372802734,251500
2003-05-01,24.979999542236328,24.979999542236328,24.540000915527344,24.700000762939453,21.69252586364746,222100
2003-05-02,25.75,25.950000762939453,24.799999237060547,25.649999618530273,22.5268497467041,548400
2003-05-05,25.700000762939453,25.700000762939453,25.1299991607666,25.270000457763672,22.1931209564209,347400
2003-05-06,25.200000762939453,25.299999237060547,24.90999984741211,25.200000762939453,22.13164520263672,341700
2003-05-07,25.200000762939453,25.469999313354492,24.969999313354492,25.420000076293945,22.32485580444336,240700
2003-05-08,25.200000762939453,25.200000762939453,24.8799991607666,24.8799991607666,21.85060691833496,137200
2003-05-09,24.8799991607666,25.0,24.709999084472656,24.93000030517578,21.894521713256836,242200
2003-05-12,24.93000030517578,25.389999389648438,24.700000762939453,25.049999237060547,21.999908447265625,302200
2003-05-13,25.049999237060547,25.049999237060547,24.81999969482422,24.950000762939453,21.91208267211914,291800
2003-05-14,25.0,25.100000381469727,24.520000457763672,24.600000381469727,21.604703903198242,222500
2003-05-15,24.479999542236328,24.59000015258789,24.270000457763672,24.3700008392334,21.4027042388916,371500
2003-05-16,23.899999618530273,23.899999618530273,23.06999969482422,23.549999237060547,20.68255043029785,577200
2003-05-19,23.399999618530273,23.469999313354492,23.200000762939453,23.309999465942383,20.471771240234375,282800
2003-05-20,23.149999618530273,23.329999923706055,23.049999237060547,23.1299991607666,20.313684463500977,308800
2003-05-21,23.139999389648438,23.510000228881836,23.110000610351562,23.40999984741211,20.55959129333496,302800
2003-05-22,23.43000030517578,23.770000457763672,23.43000030517578,23.610000610351562,20.735240936279297,404600
2003-05-23,23.700000762939453,23.700000762939453,23.34000015258789,23.389999389648438,20.54202651977539,377700
2003-05-27,23.399999618530273,23.770000457763672,23.31999969482422,23.690000534057617,20.80550193786621,579400
2003-05-28,23.75,24.360000610351562,23.739999771118164,24.0,21.077756881713867,192300
2003-05-29,24.0,24.420000076293945,24.0,24.170000076293945,21.227060317993164,219300
2003-05-30,24.399999618530273,25.290000915527344,24.3799991607666,25.0,21.955997467041016,363700
2003-06-02,25.1200008392334,25.709999084472656,25.100000381469727,25.34000015258789,22.25459861755371,502200
2003-06-03,25.0,25.0,24.34000015258789,24.770000457763672,21.75400161743164,548900
2003-06-04,24.770000457763672,24.920000076293945,23.65999984741211,24.610000610351562,21.613481521606445,637800
2003-06-05,24.5,25.1299991607666,24.329999923706055,25.0,21.955997467041016,550200
2003-06-06,25.200000762939453,25.639999389648438,24.729999542236328,24.739999771118164,21.727657318115234,354400
2003-06-09,24.75,24.75,24.350000381469727,24.5,21.516876220703125,213000
2003-06-10,24.700000762939453,24.889999389648438,24.5,24.850000381469727,21.824262619018555,356200
2003-06-11,24.829999923706055,25.15999984741211,24.799999237060547,25.0,21.955997467041016,327500
2003-06-12,25.0,25.280000686645508,25.0,25.170000076293945,22.105297088623047,580700
2003-06-13,25.18000030517578,25.18000030517578,24.059999465942383,24.06999969482422,21.139238357543945,958700
2003-06-16,24.079999923706055,24.899999618530273,24.079999923706055,24.770000457763672,21.75400161743164,272000
2003-06-17,24.770000457763672,25.020000457763672,24.510000228881836,25.0,21.955997467041016,238100
2003-06-18,24.770000457763672,24.950000762939453,24.6299991607666,24.81999969482422,21.797914505004883,237000
2003-06-19,24.809999465942383,24.989999771118164,24.479999542236328,24.489999771118164,21.508092880249023,298100
2003-06-20,24.559999465942383,24.8799991607666,24.530000686645508,24.639999389648438,21.639829635620117,532900
2003-06-23,24.5,24.5,23.950000762939453,24.06999969482422,21.139238357543945,288800
2003-06-24,24.06999969482422,24.350000381469727,24.020000457763672,24.1200008392334,21.183147430419922,245000
2003-06-25,24.149999618530273,24.25,24.010000228881836,24.049999237060547,21.121667861938477,194000
2003-06-26,24.200000762939453,24.479999542236328,23.760000228881836,24.190000534057617,21.2446231842041,311800
2003-06-27,24.25,24.399999618530273,24.0,24.0,21.077756881713867,316200
2003-06-30,24.149999618530273,24.299999237060547,23.899999618530273,23.899999618530273,20.989931106567383,324100
2003-07-01,23.899999618530273,24.1200008392334,22.969999313354492,24.049999237060547,21.121667861938477,749300
2003-07-02,24.049999237060547,24.950000762939453,24.049999237060547,24.690000534057617,21.683744430541992,601100
2003-07-03,24.510000228881836,24.579999923706055,24.350000381469727,24.469999313354492,21.490528106689453,219500
2003-07-07,24.950000762939453,25.18000030517578,24.790000915527344,25.18000030517578,22.114078521728516,434800
2003-07-08,26.149999618530273,26.8700008392334,25.25,26.8700008392334,23.598304748535156,995500
2003-07-09,26.860000610351562,26.860000610351562,26.0,26.729999542236328,23.4753475189209,865300
2003-07-10,26.6200008392334,26.6299991607666,26.399999618530273,26.5,23.273359298706055,441300
2003-07-11,26.850000381469727,27.450000762939453,26.649999618530273,27.290000915527344,23.9671688079834,387400
2003-07-14,27.5,28.15999984741211,27.5,27.709999084472656,24.336027145385742,563700
2003-07-15,28.0,28.200000762939453,27.809999465942383,27.8700008392334,24.476543426513672,412700
2003-07-16,28.0,28.0,27.579999923706055,27.75,24.37115478515625,209000
2003-07-17,27.75,28.600000381469727,27.719999313354492,28.200000762939453,24.7663631439209,477800
2003-07-18,28.350000381469727,28.600000381469727,28.079999923706055,28.450000762939453,24.98592185974121,327900
2003-07-21,28.700000762939453,28.700000762939453,27.950000762939453,28.239999771118164,24.801496505737305,391000
2003-07-22,28.229999542236328,28.34000015258789,27.850000381469727,28.200000762939453,24.7663631439209,476900
2003-07-23,28.5,28.8799991607666,28.399999618530273,28.860000610351562,25.346004486083984,495100
2003-07-24,28.860000610351562,29.399999618530273,28.829999923706055,29.040000915527344,25.50408363342285,677300
2003-07-25,29.25,29.399999618530273,28.600000381469727,29.190000534057617,25.635820388793945,455500
2003-07-28,29.479999542236328,29.479999542236328,28.850000381469727,29.100000381469727,25.556781768798828,240600
2003-07-29,28.940000534057617,29.190000534057617,28.700000762939453,29.100000381469727,25.556781768798828,334400
2003-07-30,29.0,29.06999969482422,28.790000915527344,28.899999618530273,25.38113021850586,213500
2003-07-31,28.979999542236328,29.139999389648438,28.84000015258789,28.950000762939453,25.425048828125,403100
2003-08-01,29.100000381469727,29.100000381469727,28.75,28.920000076293945,25.398696899414062,309400
2003-08-04,28.920000076293945,28.950000762939453,28.540000915527344,28.950000762939453,25.425048828125,370600
2003-08-05,28.850000381469727,28.950000762939453,28.700000762939453,28.799999237060547,25.29330062866211,230400
2003-08-06,29.049999237060547,29.299999237060547,28.75,29.209999084472656,25.653383255004883,331600
2003-08-07,29.059999465942383,29.420000076293945,29.040000915527344,29.34000015258789,25.767559051513672,321400
2003-08-08,29.3799991607666,29.700000762939453,29.31999969482422,29.399999618530273,25.820255279541016,338500
2003-08-11,29.399999618530273,29.75,29.389999389648438,29.56999969482422,25.969554901123047,207600
2003-08-12,29.469999313354492,30.200000762939453,29.399999618530273,30.200000762939453,26.52284049987793,235100
2003-08-13,30.0,30.170000076293945,29.920000076293945,30.0,26.347198486328125,322500
2003-08-14,29.81999969482422,30.440000534057617,29.81999969482422,30.34000015258789,26.645795822143555,178500
2003-08-15,30.200000762939453,30.489999771118164,30.0,30.299999237060547,26.610660552978516,70000
2003-08-18,30.5,31.299999237060547,30.5,31.18000030517578,27.383516311645508,406000
2003-08-19,31.25,31.899999618530273,31.149999618530273,31.770000457763672,27.90167999267578,257000
2003-08-20,31.770000457763672,31.93000030517578,31.5,31.899999618530273,28.015850067138672,151900
2003-08-21,32.25,32.5,32.0,32.45000076293945,28.49888038635254,231000
2003-08-22,32.5,32.72999954223633,32.13999938964844,32.209999084472656,28.288101196289062,153800
2003-08-25,32.150001525878906,32.150001525878906,31.190000534057617,31.440000534057617,27.611862182617188,327400
2003-08-26,31.399999618530273,32.16999816894531,31.399999618530273,32.119998931884766,28.20905876159668,267800
2003-08-27,32.099998474121094,32.099998474121094,31.520000457763672,31.700000762939453,27.840206146240234,317800
2003-08-28,31.600000381469727,31.770000457763672,31.309999465942383,31.770000457763672,27.90167999267578,274700
2003-08-29,31.600000381469727,32.599998474121094,31.600000381469727,32.5,28.54279899597168,230000
2003-09-02,32.52000045776367,33.29999923706055,32.52000045776367,33.16999816894531,29.131216049194336,289800
2003-09-03,32.880001068115234,33.0,32.459999084472656,32.529998779296875,28.56913948059082,394500
2003-09-04,32.52000045776367,32.66999816894531,32.310001373291016,32.45000076293945,28.49888038635254,205000
2003-09-05,32.20000076293945,32.5,32.11000061035156,32.29999923706055,28.367149353027344,300600
2003-09-08,32.25,32.25,31.700000762939453,31.84000015258789,27.96315574645996,490600
2003-09-09,31.59000015258789,31.790000915527344,31.06999969482422,31.43000030517578,27.603078842163086,484600
2003-09-10,31.299999237060547,31.3799991607666,30.6299991607666,31.0,27.22543716430664,649300
2003-09-11,30.799999237060547,31.190000534057617,30.790000915527344,30.850000381469727,27.093698501586914,424700
2003-09-12,30.709999084472656,31.049999237060547,30.479999542236328,30.969999313354492,27.199087142944336,238100
2003-09-15,30.940000534057617,31.059999465942383,30.56999969482422,30.850000381469727,27.093698501586914,257300
2003-09-16,30.899999618530273,31.079999923706055,30.700000762939453,31.0,27.22543716430664,234900
2003-09-17,30.93000030517578,31.90999984741211,30.84000015258789,31.600000381469727,27.752382278442383,353200
2003-09-18,31.469999313354492,32.0,31.270000457763672,31.75,27.88411521911621,269900
2003-09-19,31.700000762939453,31.760000228881836,31.309999465942383,31.489999771118164,27.65576934814453,292000
2003-09-22,31.450000762939453,31.450000762939453,30.899999618530273,31.06999969482422,27.286916732788086,282600
2003-09-23,31.0,31.15999984741211,30.84000015258789,31.09000015258789,27.304475784301758,378200
2003-09-24,31.0,31.010000228881836,30.399999618530273,30.59000015258789,26.8653564453125,351400
2003-09-25,30.59000015258789,30.700000762939453,29.899999618530273,30.15999984741211,26.487714767456055,256800
2003-09-26,30.049999237060547,30.049999237060547,29.25,29.309999465942383,25.741207122802734,355200
2003-09-29,29.200000762939453,29.209999084472656,28.639999389648438,29.040000915527344,25.50408363342285,828100
2003-09-30,29.040000915527344,30.06999969482422,28.5,29.579999923706055,25.97834014892578,648200
2003-10-01,29.5,30.649999618530273,29.399999618530273,30.469999313354492,26.759965896606445,437500
2003-10-02,30.75,31.270000457763672,30.75,31.110000610351562,27.32204246520996,391000
2003-10-03,30.350000381469727,31.06999969482422,30.350000381469727,30.729999542236328,26.988311767578125,1853800
2003-10-06,30.719999313354492,31.459999084472656,30.56999969482422,31.18000030517578,27.383516311645508,503200
2003-10-07,30.989999771118164,31.290000915527344,30.84000015258789,31.100000381469727,27.313257217407227,611900
2003-10-08,31.149999618530273,31.350000381469727,31.049999237060547,31.200000762939453,27.40108299255371,554800
2003-10-09,31.270000457763672,32.029998779296875,31.229999542236328,31.520000457763672,27.682125091552734,395100
2003-10-10,31.549999237060547,32.0,31.549999237060547,31.940000534057617,28.050981521606445,267700
2003-10-13,31.799999237060547,32.43000030517578,31.790000915527344,32.349998474121094,28.411052703857422,714700
2003-10-14,32.349998474121094,32.90999984741211,32.0,32.900001525878906,28.894094467163086,540300
2003-10-15,33.0,33.5,33.0,33.099998474121094,29.069738388061523,439300
2003-10-16,33.31999969482422,33.5,33.150001525878906,33.439998626708984,29.368345260620117,241800
2003-10-17,33.25,33.34000015258789,33.02000045776367,33.13999938964844,29.10486602783203,497900
2003-10-20,33.029998779296875,33.13999938964844,32.29999923706055,32.56999969482422,28.604272842407227,537600
2003-10-21,32.5,32.970001220703125,32.11000061035156,32.900001525878906,28.894094467163086,407600
2003-10-22,32.900001525878906,32.900001525878906,32.060001373291016,32.25,28.3232364654541,261800
2003-10-23,32.150001525878906,32.90999984741211,31.940000534057617,32.77000045776367,28.77992057800293,227800
2003-10-24,32.66999816894531,32.689998626708984,32.22999954223633,32.68000030517578,28.700878143310547,201100
2003-10-27,32.79999923706055,33.25,32.79999923706055,33.04999923706055,29.02582550048828,122500
2003-10-28,33.29999923706055,33.95000076293945,32.93000030517578,33.86000061035156,29.73720359802246,385200
2003-10-29,33.75,34.650001525878906,33.72999954223633,34.45000076293945,30.255359649658203,302700
2003-10-30,35.20000076293945,35.20000076293945,34.349998474121094,34.54999923706055,30.343181610107422,448800
2003-10-31,34.91999816894531,34.95000076293945,34.5,34.599998474121094,30.387094497680664,410700
2003-11-03,34.61000061035156,35.40999984741211,34.61000061035156,35.15999984741211,30.878915786743164,403000
2003-11-04,35.099998474121094,35.90999984741211,35.060001373291016,35.75,31.397079467773438,319800
2003-11-05,35.7400016784668,35.7400016784668,35.04999923706055,35.41999816894531,31.107254028320312,344400
2003-11-06,35.54999923706055,36.040000915527344,35.279998779296875,36.0,31.616634368896484,326500
2003-11-07,36.0,36.119998931884766,35.70000076293945,35.709999084472656,31.361940383911133,129800
2003-11-10,35.95000076293945,36.06999969482422,35.29999923706055,35.459999084472656,31.142383575439453,201700
2003-11-11,35.36000061035156,35.63999938964844,35.33000183105469,35.5099983215332,31.18628692626953,241400
2003-11-12,35.5099983215332,37.400001525878906,35.5099983215332,37.13999938964844,32.617828369140625,593300
2003-11-13,37.38999938964844,38.4900016784668,37.20000076293945,38.150001525878906,33.50484848022461,612600
2003-11-14,38.18000030517578,38.349998474121094,37.689998626708984,37.810001373291016,33.20624542236328,348600
2003-11-17,37.810001373291016,37.810001373291016,36.540000915527344,36.9900016784668,32.48609161376953,385200
2003-11-18,37.099998474121094,37.099998474121094,36.61000061035156,36.849998474121094,32.36314392089844,265700
2003-11-19,36.5,36.880001068115234,36.15999984741211,36.310001373291016,31.888885498046875,308700
2003-11-20,36.400001525878906,36.77000045776367,35.900001525878906,36.220001220703125,31.809846878051758,345300
2003-11-21,36.349998474121094,36.779998779296875,36.13999938964844,36.7400016784668,32.26653289794922,334200
2003-11-24,36.7400016784668,38.79999923706055,36.7400016784668,38.7599983215332,34.04057693481445,761400
2003-11-25,38.7599983215332,39.849998474121094,38.7599983215332,39.779998779296875,34.936378479003906,633900
2003-11-26,39.779998779296875,39.79999923706055,39.25,39.52000045776367,34.70803451538086,264500
2003-11-28,39.470001220703125,39.68000030517578,39.220001220703125,39.630001068115234,34.804649353027344,138700
2003-12-01,39.630001068115234,40.2400016784668,39.5,40.0,35.12958526611328,903200
2003-12-02,40.20000076293945,40.20000076293945,39.5,39.75,34.9100341796875,460300
2003-12-03,38.70000076293945,39.09000015258789,38.59000015258789,38.75,34.031795501708984,2135200
2003-12-04,38.75,39.08000183105469,38.7400016784668,38.95000076293945,34.20743942260742,417600
2003-12-05,38.75,38.90999984741211,38.22999954223633,38.5,33.812232971191406,327400
2003-12-08,38.75,38.849998474121094,38.45000076293945,38.790000915527344,34.06692123413086,395500
2003-12-09,39.25,39.279998779296875,38.83000183105469,38.93000030517578,34.189884185791016,923200
2003-12-10,39.099998474121094,39.099998474121094,38.75,38.91999816894531,34.18109893798828,340200
2003-12-11,38.91999816894531,39.209999084472656,38.88999938964844,39.0,34.25135040283203,479500
2003-12-12,39.150001525878906,39.18000030517578,38.7400016784668,38.810001373291016,34.0844841003418,393600
2003-12-15,38.099998474121094,38.34000015258789,37.77000045776367,37.79999923706055,33.19746398925781,449500
2003-12-16,37.79999923706055,37.79999923706055,37.529998779296875,37.709999084472656,33.11842346191406,330600
2003-12-17,37.65999984741211,38.25,37.540000915527344,38.040000915527344,33.40825271606445,250400
2003-12-18,38.04999923706055,38.560001373291016,37.959999084472656,38.4900016784668,33.80345916748047,521700
2003-12-19,38.5,39.220001220703125,38.45000076293945,39.06999969482422,34.312828063964844,506200
2003-12-22,39.29999923706055,39.90999984741211,39.29999923706055,39.7599983215332,34.91881561279297,426100
2003-12-23,39.95000076293945,40.09000015258789,39.54999923706055,39.650001525878906,34.82221221923828,468800
2003-12-24,39.619998931884766,39.70000076293945,39.45000076293945,39.650001525878906,34.82221221923828,79000
2003-12-26,39.65999984741211,40.099998474121094,39.65999984741211,40.040000915527344,35.16472244262695,117300
2003-12-29,39.939998626708984,40.54999923706055,39.86000061035156,40.529998779296875,35.59505844116211,179900
2003-12-30,40.70000076293945,40.70000076293945,40.25,40.369998931884766,35.45454025268555,110000
2003-12-31,40.369998931884766,40.4900016784668,40.36000061035156,40.41999816894531,35.49845886230469,256800
2004-01-02,40.43000030517578,40.75,40.43000030517578,40.63999938964844,35.69166564941406,346600
2004-01-05,40.63999938964844,40.959999084472656,40.56999969482422,40.83000183105469,35.85852813720703,565900
2004-01-06,40.83000183105469,41.06999969482422,40.529998779296875,41.06999969482422,36.06930923461914,370300
2004-01-07,41.04999923706055,41.97999954223633,40.91999816894531,41.97999954223633,36.868507385253906,556500
2004-01-08,41.97999954223633,41.97999954223633,41.2599983215332,41.56999969482422,36.5084342956543,586700
2004-01-09,41.56999969482422,41.56999969482422,41.04999923706055,41.209999084472656,36.192264556884766,527100
2004-01-12,41.20000076293945,41.209999084472656,40.540000915527344,40.70000076293945,35.74436569213867,494500
2004-01-13,40.5,40.95000076293945,40.43000030517578,40.900001525878906,35.92000961303711,361600
2004-01-14,40.90999984741211,41.0,40.5,40.68000030517578,35.7267951965332,326400
2004-01-15,40.849998474121094,41.099998474121094,40.18000030517578,40.869998931884766,35.89366912841797,275600
2004-01-16,40.869998931884766,40.95000076293945,40.650001525878906,40.689998626708984,35.73558044433594,137100
2004-01-20,40.599998474121094,40.959999084472656,40.52000045776367,40.709999084472656,35.75314712524414,274500
2004-01-21,40.81999969482422,41.61000061035156,40.79999923706055,41.529998779296875,36.473304748535156,358600
2004-01-22,41.529998779296875,41.970001220703125,41.5,41.959999084472656,36.85094451904297,189900
2004-01-23,41.709999084472656,41.709999084472656,41.0099983215332,41.0099983215332,36.0166130065918,180700
2004-01-26,41.25,41.29999923706055,40.65999984741211,41.189998626708984,36.17469787597656,150100
2004-01-27,40.959999084472656,41.20000076293945,40.380001068115234,40.599998474121094,35.65654373168945,303800
2004-01-28,40.599998474121094,40.619998931884766,39.79999923706055,39.83000183105469,34.98029327392578,370400
2004-01-29,39.5,39.810001373291016,38.20000076293945,38.97999954223633,34.23378372192383,543000
2004-01-30,39.08000183105469,39.08000183105469,38.2400016784668,38.7599983215332,34.04057693481445,353400
2004-02-02,39.18000030517578,39.18000030517578,38.5,38.70000076293945,33.98788833618164,345300
2004-02-03,38.689998626708984,38.70000076293945,38.0,38.29999923706055,33.63658142089844,277600
2004-02-04,38.29999923706055,39.5099983215332,38.150001525878906,38.880001068115234,34.145973205566406,562000
2004-02-05,38.52000045776367,40.2400016784668,38.2400016784668,39.59000015258789,34.76951599121094,675500
2004-02-06,39.59000015258789,42.099998474121094,39.59000015258789,40.900001525878906,35.92000961303711,2279300
2004-02-09,41.400001525878906,41.400001525878906,40.54999923706055,40.84000015258789,35.86731719970703,468900
2004-02-10,41.0,41.0,40.61000061035156,40.72999954223633,35.77070999145508,333000
2004-02-11,40.529998779296875,41.61000061035156,40.529998779296875,41.47999954223633,36.429386138916016,289600
2004-02-12,41.58000183105469,41.58000183105469,41.189998626708984,41.29999923706055,36.27130889892578,171800
2004-02-13,41.58000183105469,41.90999984741211,40.31999969482422,40.58000183105469,35.63897705078125,224800
2004-02-17,40.849998474121094,41.279998779296875,40.75,41.0,36.00783920288086,691300
2004-02-18,41.349998474121094,41.349998474121094,40.04999923706055,40.04999923706055,35.17350769042969,477600
2004-02-19,40.150001525878906,40.25,39.400001525878906,39.5099983215332,34.69925308227539,535100
2004-02-20,39.40999984741211,39.650001525878906,39.150001525878906,39.31999969482422,34.532386779785156,343500
2004-02-23,39.83000183105469,39.83000183105469,38.54999923706055,38.810001373291016,34.0844841003418,227700
2004-02-24,38.709999084472656,38.709999084472656,37.849998474121094,37.9900016784668,33.36432647705078,424600
2004-02-25,38.0,38.08000183105469,37.70000076293945,38.0099983215332,33.38189697265625,464200
2004-02-26,37.25,37.79999923706055,36.869998931884766,37.709999084472656,33.11842346191406,808500
2004-02-27,37.61000061035156,38.619998931884766,37.5099983215332,38.0099983215332,33.38189697265625,969200
2004-03-01,38.5,38.5099983215332,38.0099983215332,38.04999923706055,33.417030334472656,459400
2004-03-02,38.04999923706055,38.630001068115234,37.880001068115234,38.40999984741211,33.733192443847656,386100
2004-03-03,38.880001068115234,38.880001068115234,38.11000061035156,38.18000030517578,33.53120040893555,264100
2004-03-04,38.130001068115234,38.13999938964844,37.470001220703125,37.54999923706055,32.977909088134766,379600
2004-03-05,37.470001220703125,38.22999954223633,37.38999938964844,38.189998626708984,33.539974212646484,456500
2004-03-08,37.25,37.77000045776367,37.0,37.0099983215332,32.503662109375,385800
2004-03-09,37.0,37.13999938964844,36.599998474121094,36.70000076293945,32.23140335083008,227800
2004-03-10,36.70000076293945,37.18000030517578,35.900001525878906,36.0099983215332,31.625411987304688,473000
2004-03-11,36.0099983215332,36.310001373291016,35.72999954223633,35.849998474121094,31.484895706176758,333300
2004-03-12,35.70000076293945,36.27000045776367,35.5099983215332,35.779998779296875,31.423418045043945,333700
2004-03-15,35.849998474121094,35.900001525878906,35.11000061035156,35.45000076293945,31.133602142333984,252900
2004-03-16,35.599998474121094,35.790000915527344,35.470001220703125,35.56999969482422,31.23899269104004,230100
2004-03-17,35.5,37.15999984741211,35.5,36.970001220703125,32.46852493286133,423500
2004-03-18,36.900001525878906,36.900001525878906,36.0,36.689998626708984,32.222625732421875,321100
2004-03-19,36.54999923706055,36.63999938964844,35.900001525878906,35.900001525878906,31.528810501098633,196000
2004-03-22,35.90999984741211,35.91999816894531,34.88999938964844,35.16999816894531,30.887699127197266,427200
2004-03-23,35.25,35.349998474121094,34.70000076293945,34.720001220703125,30.49248504638672,477000
2004-03-24,34.79999923706055,34.869998931884766,33.93000030517578,34.099998474121094,29.947982788085938,624700
2004-03-25,34.0,34.970001220703125,33.880001068115234,34.79999923706055,30.562742233276367,638000
2004-03-26,34.95000076293945,35.77000045776367,34.79999923706055,35.560001373291016,31.230213165283203,650000
2004-03-29,35.560001373291016,36.25,35.560001373291016,35.959999084472656,31.581499099731445,370000
2004-03-30,36.099998474121094,36.33000183105469,35.97999954223633,36.290000915527344,31.871318817138672,421100
2004-03-31,36.599998474121094,37.0099983215332,36.41999816894531,36.849998474121094,32.36314392089844,463900
2004-04-01,36.88999938964844,37.27000045776367,36.880001068115234,37.2599983215332,32.72322082519531,584900
2004-04-02,37.75,37.84000015258789,36.9900016784668,37.79999923706055,33.19746398925781,368200
2004-04-05,38.0,38.29999923706055,37.650001525878906,38.209999084472656,33.55754470825195,460300
2004-04-06,38.099998474121094,38.15999984741211,37.11000061035156,37.11000061035156,32.591487884521484,571700
2004-04-07,37.79999923706055,37.79999923706055,36.68000030517578,37.209999084472656,32.679298400878906,403300
2004-04-08,37.400001525878906,37.95000076293945,37.279998779296875,37.779998779296875,33.179901123046875,887100
2004-04-12,38.0,38.18000030517578,37.81999969482422,38.119998931884766,33.47850036621094,415000
2004-04-13,38.20000076293945,38.20000076293945,37.400001525878906,37.65999984741211,33.074501037597656,595700
2004-04-14,37.65999984741211,37.86000061035156,37.45000076293945,37.59000015258789,33.01303482055664,411100
2004-04-15,37.70000076293945,38.279998779296875,37.68000030517578,38.04999923706055,33.417030334472656,271100
2004-04-16,37.849998474121094,38.459999084472656,37.810001373291016,38.400001525878906,33.72441101074219,349100
2004-04-19,38.400001525878906,38.7599983215332,38.400001525878906,38.54999923706055,33.856143951416016,393400
2004-04-20,38.54999923706055,39.599998474121094,38.5,38.790000915527344,34.06692123413086,584200
2004-04-21,38.849998474121094,39.31999969482422,38.599998474121094,38.93000030517578,34.189884185791016,369400
2004-04-22,39.0,39.970001220703125,38.970001220703125,39.84000015258789,34.98907470703125,290600
2004-04-23,39.59000015258789,39.97999954223633,39.400001525878906,39.86000061035156,35.00663375854492,297600
2004-04-26,39.86000061035156,40.189998626708984,39.060001373291016,39.11000061035156,34.347957611083984,393300
2004-04-27,38.9900016784668,39.560001373291016,38.9900016784668,39.130001068115234,34.36552429199219,175800
2004-04-28,39.130001068115234,39.279998779296875,38.79999923706055,38.90999984741211,34.17230987548828,521400
2004-04-29,38.79999923706055,39.099998474121094,37.7599983215332,37.810001373291016,33.20624542236328,286000
2004-04-30,38.5,38.91999816894531,37.9900016784668,38.470001220703125,33.785884857177734,437300
2004-05-03,38.470001220703125,38.75,38.29999923706055,38.34000015258789,33.671714782714844,332300
2004-05-04,38.349998474121094,39.2400016784668,38.290000915527344,38.79999923706055,34.0756950378418,505800
2004-05-05,38.810001373291016,39.04999923706055,37.86000061035156,38.36000061035156,33.68927764892578,791900
2004-05-06,38.36000061035156,38.36000061035156,37.04999923706055,37.45000076293945,32.89009094238281,658600
2004-05-07,36.5,36.970001220703125,35.869998931884766,35.91999816894531,31.54637908935547,655900
2004-05-10,35.29999923706055,35.79999923706055,34.630001068115234,35.619998931884766,31.28290557861328,890400
2004-05-11,35.619998931884766,36.380001068115234,35.619998931884766,35.93000030517578,31.555152893066406,858200
2004-05-12,36.029998779296875,36.029998779296875,34.72999954223633,35.70000076293945,31.353168487548828,592500
2004-05-13,35.54999923706055,35.849998474121094,35.029998779296875,35.59000015258789,31.256555557250977,603600
2004-05-14,35.75,36.209999084472656,35.45000076293945,35.810001373291016,31.44977569580078,564600
2004-05-17,35.349998474121094,35.36000061035156,34.560001373291016,34.70000076293945,30.47492027282715,619900
2004-05-18,34.70000076293945,35.040000915527344,33.45000076293945,34.06999969482422,29.921630859375,1371300
2004-05-19,34.29999923706055,34.66999816894531,33.689998626708984,33.849998474121094,29.728416442871094,604600
2004-05-20,33.849998474121094,33.849998474121094,33.060001373291016,33.29999923706055,29.245384216308594,667700
2004-05-21,33.45000076293945,33.7400016784668,33.2599983215332,33.45000076293945,29.377117156982422,396800
2004-05-24,33.5099983215332,33.81999969482422,33.11000061035156,33.709999084472656,29.6054630279541,713200
2004-05-25,33.70000076293945,35.11000061035156,33.400001525878906,34.88999938964844,30.64179229736328,598000
2004-05-26,34.900001525878906,35.61000061035156,34.7400016784668,35.52000045776367,31.19508171081543,532300
2004-05-27,35.599998474121094,35.939998626708984,34.84000015258789,35.189998626708984,30.90526008605957,492200
2004-05-28,35.20000076293945,35.31999969482422,34.790000915527344,34.95000076293945,30.69447898864746,215600
2004-06-01,34.95000076293945,35.150001525878906,34.7599983215332,35.04999923706055,30.78230094909668,441300
2004-06-02,35.400001525878906,35.61000061035156,34.88999938964844,35.369998931884766,31.06334114074707,433700
2004-06-03,35.0,35.5099983215332,34.5099983215332,35.2400016784668,31.080984115600586,597900
2004-06-04,35.4900016784668,36.15999984741211,35.470001220703125,35.869998931884766,31.63663101196289,385900
2004-06-07,36.119998931884766,36.72999954223633,35.959999084472656,36.68000030517578,32.35103225708008,194500
2004-06-08,36.79999923706055,36.79999923706055,36.060001373291016,36.5,32.1922721862793,334900
2004-06-09,36.7599983215332,36.7599983215332,35.90999984741211,35.9900016784668,31.742469787597656,236200
2004-06-10,35.900001525878906,36.220001220703125,35.75,35.84000015258789,31.61017417907715,232100
2004-06-14,35.84000015258789,36.08000183105469,35.18000030517578,35.7400016784668,31.5219783782959,341700
2004-06-15,35.7400016784668,36.5,35.72999954223633,36.380001068115234,32.0864372253418,256600
2004-06-16,36.29999923706055,36.56999969482422,35.790000915527344,36.43000030517578,32.13053894042969,168500
2004-06-17,36.349998474121094,36.540000915527344,36.150001525878906,36.5,32.1922721862793,481400
2004-06-18,36.400001525878906,37.45000076293945,36.349998474121094,37.099998474121094,32.72146224975586,533000
2004-06-21,37.0,37.029998779296875,36.5099983215332,36.5099983215332,32.20109939575195,172200
2004-06-22,36.400001525878906,36.84000015258789,36.20000076293945,36.75,32.412776947021484,162800
2004-06-23,36.79999923706055,37.65999984741211,36.650001525878906,37.529998779296875,33.100711822509766,384900
2004-06-24,37.599998474121094,37.939998626708984,37.15999984741211,37.220001220703125,32.82729721069336,265100
2004-06-25,37.54999923706055,37.790000915527344,37.369998931884766,37.709999084472656,33.25947189331055,581900
2004-06-28,37.900001525878906,38.27000045776367,37.310001373291016,37.4900016784668,33.06543731689453,383500
2004-06-29,37.47999954223633,37.47999954223633,36.29999923706055,36.58000183105469,32.26283264160156,482900
2004-06-30,36.45000076293945,36.5,35.72999954223633,36.36000061035156,32.06879806518555,591200
2004-07-01,36.36000061035156,36.36000061035156,34.779998779296875,34.9900016784668,30.860490798950195,900400
2004-07-02,34.9900016784668,34.9900016784668,34.400001525878906,34.7599983215332,30.657634735107422,426200
2004-07-06,34.7599983215332,34.7599983215332,34.220001220703125,34.459999084472656,30.393035888671875,479600
2004-07-07,34.29999923706055,34.72999954223633,34.29999923706055,34.709999084472656,30.61353302001953,385200
2004-07-08,34.5,34.77000045776367,34.349998474121094,34.439998626708984,30.375398635864258,566700
2004-07-09,34.349998474121094,34.84000015258789,34.349998474121094,34.65999984741211,30.569438934326172,244800
2004-07-12,34.599998474121094,34.599998474121094,34.04999923706055,34.43000030517578,30.366579055786133,316400
2004-07-13,34.54999923706055,35.20000076293945,34.5,35.13999938964844,30.992786407470703,214800
2004-07-14,34.95000076293945,35.02000045776367,34.130001068115234,34.18000030517578,30.146085739135742,511300
2004-07-15,34.189998626708984,34.38999938964844,33.650001525878906,33.88999938964844,29.890308380126953,652800
2004-07-16,34.099998474121094,34.130001068115234,33.5,33.540000915527344,29.581615447998047,702900
2004-07-19,33.619998931884766,33.650001525878906,32.970001220703125,33.04999923706055,29.14944076538086,693900
2004-07-20,33.04999923706055,33.04999923706055,31.90999984741211,32.54999923706055,28.708454132080078,767000
2004-07-21,32.599998474121094,33.720001220703125,32.599998474121094,33.310001373291016,29.378765106201172,915700
2004-07-22,33.0,33.38999938964844,32.5,33.369998931884766,29.43167495727539,495700
2004-07-23,33.20000076293945,33.790000915527344,33.0,33.599998474121094,29.634538650512695,416100
2004-07-26,33.79999923706055,34.18000030517578,33.599998474121094,33.84000015258789,29.846206665039062,460200
2004-07-27,33.7400016784668,34.2400016784668,33.63999938964844,34.130001068115234,30.101985931396484,288100
2004-07-28,34.29999923706055,36.06999969482422,34.29999923706055,35.65999984741211,31.451416015625,885700
2004-07-29,33.0,34.599998474121094,33.0,34.08000183105469,30.05788803100586,1131400
2004-07-30,34.20000076293945,34.38999938964844,34.040000915527344,34.349998474121094,30.296018600463867,222800
2004-08-02,34.20000076293945,35.130001068115234,33.93000030517578,35.08000183105469,30.939863204956055,357100
2004-08-03,34.900001525878906,34.90999984741211,34.119998931884766,34.5,30.428321838378906,479700
2004-08-04,34.099998474121094,34.099998474121094,33.400001525878906,33.91999816894531,29.916763305664062,336200
2004-08-05,33.849998474121094,33.90999984741211,33.16999816894531,33.25,29.32583999633789,224500
2004-08-06,33.150001525878906,33.150001525878906,32.31999969482422,32.369998931884766,28.54969596862793,228200
2004-08-09,32.20000076293945,32.689998626708984,32.20000076293945,32.2599983215332,28.452682495117188,291300
2004-08-10,32.400001525878906,33.209999084472656,32.310001373291016,33.130001068115234,29.220006942749023,386300
2004-08-11,33.0,33.0099983215332,32.2599983215332,32.630001068115234,28.779010772705078,297600
2004-08-12,32.63999938964844,32.63999938964844,31.799999237060547,32.130001068115234,28.338024139404297,335900
2004-08-13,32.13999938964844,33.09000015258789,32.13999938964844,32.84000015258789,28.964231491088867,451200
2004-08-16,32.84000015258789,34.09000015258789,32.7599983215332,33.849998474121094,29.855030059814453,318800
2004-08-17,34.0,34.099998474121094,33.77000045776367,33.900001525878906,29.899131774902344,281600
2004-08-18,33.68000030517578,33.84000015258789,33.52000045776367,33.79999923706055,29.81093406677246,363300
2004-08-19,33.79999923706055,33.79999923706055,33.13999938964844,33.34000015258789,29.405216217041016,306400
2004-08-20,32.900001525878906,33.0099983215332,32.38999938964844,32.97999954223633,29.08770751953125,619400
2004-08-23,32.97999954223633,33.279998779296875,32.84000015258789,33.0099983215332,29.114164352416992,138700
2004-08-24,33.029998779296875,33.709999084472656,32.95000076293945,33.060001373291016,29.15826988220215,316300
2004-08-25,33.060001373291016,33.52000045776367,32.86000061035156,33.349998474121094,29.41404151916504,171800
2004-08-26,33.349998474121094,34.40999984741211,33.349998474121094,34.380001068115234,30.322481155395508,422500
2004-08-27,34.380001068115234,34.68000030517578,34.20000076293945,34.380001068115234,30.322481155395508,259500
2004-08-30,34.29999923706055,34.29999923706055,33.900001525878906,34.0,29.98732566833496,189200
2004-08-31,33.95000076293945,34.150001525878906,33.540000915527344,33.88999938964844,29.890308380126953,178300
2004-09-01,34.13999938964844,34.349998474121094,33.59000015258789,34.06999969482422,30.0490665435791,224500
2004-09-02,33.79999923706055,35.18000030517578,33.79999923706055,34.9900016784668,30.996959686279297,249300
2004-09-03,34.900001525878906,35.04999923706055,34.400001525878906,35.0,31.00581932067871,296000
2004-09-07,35.20000076293945,35.79999923706055,35.20000076293945,35.560001373291016,31.501911163330078,210900
2004-09-08,35.560001373291016,35.560001373291016,34.290000915527344,34.33000183105469,30.412277221679688,470700
2004-09-09,33.0,33.560001373291016,32.52000045776367,33.369998931884766,29.561830520629883,1211800
2004-09-10,33.2599983215332,33.2599983215332,32.02000045776367,32.279998779296875,28.596221923828125,843900
2004-09-13,32.5,32.59000015258789,32.15999984741211,32.25,28.569643020629883,454800
2004-09-14,32.25,32.25,31.90999984741211,32.0,28.34817123413086,329500
2004-09-15,31.979999542236328,32.0,30.729999542236328,30.850000381469727,27.32941246032715,889000
2004-09-16,30.850000381469727,31.059999465942383,30.549999237060547,30.739999771118164,27.23196792602539,651500
2004-09-17,30.549999237060547,30.850000381469727,30.270000457763672,30.559999465942383,27.072507858276367,696400
2004-09-20,30.479999542236328,30.6200008392334,29.809999465942383,29.940000534057617,26.523265838623047,550700
2004-09-21,29.989999771118164,30.25,29.610000610351562,30.209999084472656,26.762449264526367,816100
2004-09-22,30.389999389648438,30.450000762939453,29.700000762939453,30.020000457763672,26.594131469726562,708800
2004-09-23,30.09000015258789,30.09000015258789,29.530000686645508,29.530000686645508,26.160053253173828,301900
2004-09-24,29.389999389648438,29.5,28.989999771118164,29.059999465942383,25.74368667602539,634700
2004-09-27,29.059999465942383,29.079999923706055,28.34000015258789,28.450000762939453,25.203296661376953,628300
2004-09-28,28.520000457763672,28.670000076293945,27.809999465942383,27.84000015258789,24.66290855407715,957500
2004-09-29,27.90999984741211,28.459999084472656,27.860000610351562,28.309999465942383,25.07927703857422,588900
2004-09-30,28.40999984741211,29.450000762939453,28.209999084472656,29.260000228881836,25.92085838317871,708000
2004-10-01,29.260000228881836,30.6200008392334,29.260000228881836,29.860000610351562,26.452390670776367,907300
2004-10-04,29.950000762939453,30.600000381469727,29.770000457763672,29.920000076293945,26.505542755126953,865300
2004-10-05,30.030000686645508,30.030000686645508,29.309999465942383,29.579999923706055,26.204345703125,370000
2004-10-06,29.0,29.389999389648438,28.75,29.020000457763672,25.708250045776367,725800
2004-10-07,29.06999969482422,29.139999389648438,28.600000381469727,28.65999984741211,25.389333724975586,653300
2004-10-08,28.450000762939453,28.950000762939453,28.440000534057617,28.690000534057617,25.415908813476562,477900
2004-10-11,28.5,29.1299991607666,28.350000381469727,28.760000228881836,25.477922439575195,466300
2004-10-12,28.510000228881836,28.649999618530273,28.239999771118164,28.3799991607666,25.141286849975586,539100
2004-10-13,28.3799991607666,28.399999618530273,27.520000457763672,27.790000915527344,24.61861801147461,370300
2004-10-14,27.600000381469727,27.610000610351562,26.540000915527344,26.979999542236328,23.90105628967285,1033200
2004-10-15,26.969999313354492,27.790000915527344,26.899999618530273,27.5,24.361713409423828,465100
2004-10-18,27.399999618530273,27.399999618530273,26.84000015258789,27.219999313354492,24.11366844177246,334100
2004-10-19,27.219999313354492,27.6200008392334,26.75,26.8700008392334,23.803607940673828,488000
2004-10-20,26.950000762939453,27.309999465942383,26.75,27.100000381469727,24.007362365722656,535400
2004-10-21,26.850000381469727,27.25,26.600000381469727,27.059999465942383,23.971927642822266,421400
2004-10-22,27.0,27.309999465942383,26.760000228881836,26.889999389648438,23.821325302124023,308400
2004-10-25,26.5,27.3799991607666,26.399999618530273,27.06999969482422,23.980783462524414,635300
2004-10-26,27.229999542236328,27.850000381469727,26.809999465942383,27.850000381469727,24.67177391052246,508800
2004-10-27,28.049999237060547,28.860000610351562,27.700000762939453,28.75,25.46906280517578,487300
2004-10-28,28.700000762939453,29.399999618530273,28.5,29.1200008392334,25.796836853027344,758100
2004-10-29,29.0,29.0,27.5,28.700000762939453,25.424772262573242,1110900
2004-11-01,28.649999618530273,28.739999771118164,28.299999237060547,28.65999984741211,25.389333724975586,331700
2004-11-02,28.799999237060547,28.959999084472656,28.350000381469727,28.670000076293945,25.398195266723633,270300
2004-11-03,29.0,29.0,28.3799991607666,28.829999923706055,25.53993034362793,333600
2004-11-04,28.799999237060547,29.149999618530273,28.440000534057617,28.889999389648438,25.59308624267578,545500
2004-11-05,29.280000686645508,29.65999984741211,29.0,29.25,25.912004470825195,727600
2004-11-08,29.1200008392334,29.31999969482422,28.75,28.790000915527344,25.504493713378906,569900
2004-11-09,28.649999618530273,28.809999465942383,28.260000228881836,28.799999237060547,25.513357162475586,613800
2004-11-10,29.0,30.100000381469727,28.799999237060547,29.899999618530273,26.487825393676758,754800
2004-11-11,29.899999618530273,30.459999084472656,29.799999237060547,30.389999389648438,26.921907424926758,474700
2004-11-12,30.299999237060547,30.329999923706055,29.790000915527344,29.899999618530273,26.487825393676758,451500
2004-11-15,29.889999389648438,30.1299991607666,29.850000381469727,29.940000534057617,26.523265838623047,571700
2004-11-16,29.940000534057617,30.100000381469727,29.610000610351562,29.809999465942383,26.408098220825195,617600
2004-11-17,29.920000076293945,30.299999237060547,29.860000610351562,30.0,26.576414108276367,590200
2004-11-18,29.850000381469727,29.950000762939453,29.559999465942383,29.700000762939453,26.310651779174805,506600
2004-11-19,29.719999313354492,29.829999923706055,29.290000915527344,29.3799991607666,26.027170181274414,506900
2004-11-22,29.3799991607666,29.469999313354492,29.059999465942383,29.329999923706055,25.98287582397461,738600
2004-11-23,29.200000762939453,29.399999618530273,28.979999542236328,29.290000915527344,25.947437286376953,463500
2004-11-24,29.479999542236328,29.639999389648438,29.1299991607666,29.3700008392334,26.018312454223633,452500
2004-11-26,29.360000610351562,29.530000686645508,29.290000915527344,29.5,26.13347625732422,146800
2004-11-29,29.5,29.549999237060547,29.139999389648438,29.260000228881836,25.92085838317871,453100
2004-11-30,29.200000762939453,29.420000076293945,28.969999313354492,29.15999984741211,25.8322696685791,372600
2004-12-01,29.399999618530273,30.170000076293945,29.299999237060547,30.0,26.576414108276367,719300
2004-12-02,29.989999771118164,30.15999984741211,29.579999923706055,30.040000915527344,26.61185073852539,872900
2004-12-03,29.770000457763672,30.09000015258789,29.770000457763672,30.049999237060547,26.754302978515625,563600
2004-12-06,30.100000381469727,30.1299991607666,29.65999984741211,29.950000762939453,26.665266036987305,581900
2004-12-07,29.920000076293945,30.290000915527344,29.68000030517578,29.75,26.487205505371094,549000
2004-12-08,29.6299991607666,29.829999923706055,29.200000762939453,29.3700008392334,26.148881912231445,500700
2004-12-09,29.3700008392334,29.700000762939453,28.989999771118164,29.690000534057617,26.43378448486328,479400
2004-12-10,29.5,29.5,28.790000915527344,28.969999313354492,25.79275131225586,1095900
2004-12-13,28.8700008392334,28.920000076293945,28.350000381469727,28.81999969482422,25.659198760986328,766700
2004-12-14,28.799999237060547,29.649999618530273,28.700000762939453,29.530000686645508,26.29133415222168,1162000
2004-12-15,29.200000762939453,29.389999389648438,28.979999542236328,29.260000228881836,26.050939559936523,722000
2004-12-16,29.290000915527344,29.350000381469727,29.010000228881836,29.200000762939453,25.997528076171875,596500
2004-12-17,29.200000762939453,29.479999542236328,29.059999465942383,29.479999542236328,26.24681854248047,784400
2004-12-20,29.399999618530273,29.489999771118164,29.139999389648438,29.260000228881836,26.050939559936523,487300
2004-12-21,29.25,29.40999984741211,29.0,29.34000015258789,26.122169494628906,673100
2004-12-22,29.469999313354492,30.299999237060547,29.459999084472656,30.079999923706055,26.78101348876953,779900
2004-12-23,29.969999313354492,30.200000762939453,29.899999618530273,30.040000915527344,26.745397567749023,493400
2004-12-27,30.0,30.139999389648438,29.719999313354492,30.049999237060547,26.754302978515625,294900
2004-12-28,30.0,30.729999542236328,30.0,30.540000915527344,27.190563201904297,315900
2004-12-29,30.639999389648438,30.979999542236328,30.56999969482422,30.84000015258789,27.457658767700195,315700
2004-12-30,30.950000762939453,31.079999923706055,30.68000030517578,30.81999969482422,27.439851760864258,267300
2004-12-31,30.81999969482422,30.899999618530273,30.65999984741211,30.65999984741211,27.297401428222656,434100
2005-01-03,30.350000381469727,30.360000610351562,29.6200008392334,29.8799991607666,26.60294532775879,1097300
2005-01-04,30.0,30.0,29.280000686645508,29.56999969482422,26.326942443847656,844100
2005-01-05,29.450000762939453,29.450000762939453,29.0,29.020000457763672,25.83726692199707,633300
2005-01-06,29.0,29.3700008392334,28.81999969482422,29.260000228881836,26.050939559936523,550200
2005-01-07,29.350000381469727,29.43000030517578,29.049999237060547,29.049999237060547,25.86397361755371,712000
2005-01-10,29.25,29.290000915527344,28.43000030517578,28.440000534057617,25.320877075195312,464400
2005-01-11,28.459999084472656,28.459999084472656,27.899999618530273,28.06999969482422,24.991453170776367,489100
2005-01-12,28.0,28.0,27.649999618530273,27.959999084472656,24.893518447875977,531500
2005-01-13,28.219999313354492,28.549999237060547,26.700000762939453,28.15999984741211,25.071584701538086,2695200
2005-01-14,28.100000381469727,28.889999389648438,27.6299991607666,28.530000686645508,25.4010009765625,918500
2005-01-18,28.25,28.440000534057617,28.0,28.3799991607666,25.267454147338867,784300
2005-01-19,28.309999465942383,28.5,28.040000915527344,28.31999969482422,25.214038848876953,549100
2005-01-20,28.200000762939453,28.260000228881836,27.5,27.59000015258789,24.564096450805664,731000
2005-01-21,27.59000015258789,27.700000762939453,26.889999389648438,26.950000762939453,23.99428939819336,1098200
2005-01-24,26.950000762939453,27.020000457763672,26.420000076293945,26.719999313354492,23.789512634277344,966700
2005-01-25,26.899999618530273,27.260000228881836,26.56999969482422,26.600000381469727,23.682674407958984,636400
2005-01-26,26.75,26.920000076293945,26.520000457763672,26.829999923706055,23.887451171875,499800
2005-01-27,26.920000076293945,27.079999923706055,26.649999618530273,27.0,24.038808822631836,420100
2005-01-28,26.899999618530273,27.049999237060547,26.739999771118164,27.0,24.038808822631836,545200
2005-01-31,27.200000762939453,27.200000762939453,26.559999465942383,26.850000381469727,23.905256271362305,520800
2005-02-01,27.1200008392334,27.360000610351562,26.899999618530273,27.010000228881836,24.047710418701172,822700
2005-02-02,27.010000228881836,27.34000015258789,26.559999465942383,27.200000762939453,24.216873168945312,983300
2005-02-03,26.5,26.700000762939453,26.200000762939453,26.549999237060547,23.63815689086914,1108800
2005-02-04,26.709999084472656,26.739999771118164,26.34000015258789,26.700000762939453,23.771711349487305,497000
2005-02-07,26.700000762939453,26.700000762939453,26.440000534057617,26.610000610351562,23.69158172607422,278400
2005-02-08,26.549999237060547,26.770000457763672,25.90999984741211,26.770000457763672,23.83403205871582,678800
2005-02-09,26.670000076293945,26.899999618530273,25.969999313354492,26.18000030517578,23.30873680114746,821900
2005-02-10,26.18000030517578,26.8700008392334,26.149999618530273,26.75,23.816225051879883,637800
2005-02-11,26.760000228881836,27.110000610351562,26.5,27.049999237060547,24.08332633972168,348300
2005-02-14,27.049999237060547,27.239999771118164,26.8799991607666,27.100000381469727,24.12784194946289,467300
2005-02-15,27.049999237060547,27.299999237060547,26.90999984741211,27.200000762939453,24.216873168945312,390100
2005-02-16,27.229999542236328,27.34000015258789,26.959999084472656,27.15999984741211,24.18125343322754,537900
2005-02-17,27.229999542236328,27.229999542236328,26.489999771118164,26.510000228881836,23.6025447845459,827500
2005-02-18,26.510000228881836,26.780000686645508,26.309999465942383,26.780000686645508,23.84293556213379,494700
2005-02-22,26.600000381469727,26.6200008392334,25.950000762939453,25.959999084472656,23.112863540649414,560600
2005-02-23,26.100000381469727,26.3799991607666,25.8799991607666,26.329999923706055,23.44228744506836,518900
2005-02-24,26.329999923706055,26.329999923706055,25.719999313354492,26.200000762939453,23.32654571533203,477200
2005-02-25,26.110000610351562,26.579999923706055,26.110000610351562,26.559999465942383,23.64706039428711,682700
2005-02-28,26.479999542236328,26.600000381469727,26.299999237060547,26.420000076293945,23.522417068481445,415300
2005-03-01,26.3700008392334,26.889999389648438,26.3700008392334,26.829999923706055,23.887451171875,536900
2005-03-02,26.25,26.260000228881836,25.040000915527344,25.5,22.703317642211914,2652600
2005-03-03,25.5,25.549999237060547,24.8799991607666,25.18000030517578,22.551069259643555,1299100
2005-03-04,25.25,25.25,24.649999618530273,25.06999969482422,22.452550888061523,1054700
2005-03-07,25.200000762939453,25.3799991607666,24.8700008392334,25.229999542236328,22.595848083496094,966400
2005-03-08,25.229999542236328,25.549999237060547,24.969999313354492,25.06999969482422,22.452550888061523,1416200
2005-03-09,25.06999969482422,25.90999984741211,24.84000015258789,25.75,23.061553955078125,1861500
2005-03-10,25.850000381469727,26.049999237060547,25.530000686645508,25.90999984741211,23.204851150512695,769800
2005-03-11,26.09000015258789,26.75,26.020000457763672,26.18000030517578,23.44666290283203,1006200
2005-03-14,26.299999237060547,26.739999771118164,26.139999389648438,26.649999618530273,23.867589950561523,634400
2005-03-15,26.75,26.799999237060547,26.5,26.68000030517578,23.894458770751953,603300
2005-03-16,26.0,26.0,25.149999618530273,25.540000915527344,22.87348175048828,1725100
2005-03-17,25.5,25.510000228881836,25.020000457763672,25.079999923706055,22.461505889892578,814900
2005-03-18,25.06999969482422,25.079999923706055,24.75,25.06999969482422,22.452550888061523,1064700
2005-03-21,25.010000228881836,25.020000457763672,24.34000015258789,24.75,22.16596031188965,1228900
2005-03-22,24.600000381469727,25.079999923706055,24.40999984741211,24.75,22.16596031188965,987500
2005-03-23,24.68000030517578,24.760000228881836,24.299999237060547,24.31999969482422,21.780855178833008,760400
2005-03-24,24.34000015258789,24.700000762939453,24.299999237060547,24.520000457763672,21.95997428894043,715100
2005-03-28,24.600000381469727,24.690000534057617,24.34000015258789,24.549999237060547,21.986839294433594,413300
2005-03-29,24.549999237060547,24.6299991607666,23.950000762939453,24.110000610351562,21.5927791595459,946800
2005-03-30,24.110000610351562,24.280000686645508,23.969999313354492,24.190000534057617,21.664430618286133,482400
2005-03-31,24.190000534057617,24.530000686645508,24.1200008392334,24.5,21.942062377929688,689700
2005-04-01,24.600000381469727,24.8700008392334,24.020000457763672,24.260000228881836,21.727121353149414,937300
2005-04-04,24.3799991607666,24.440000534057617,23.90999984741211,24.299999237060547,21.762941360473633,998500
2005-04-05,24.299999237060547,24.739999771118164,24.299999237060547,24.559999465942383,21.995798110961914,957500
2005-04-06,24.530000686645508,25.0,24.450000762939453,24.75,22.16596031188965,750700
2005-04-07,24.700000762939453,25.139999389648438,24.540000915527344,25.1299991607666,22.50628662109375,890600
2005-04-08,25.0,25.059999465942383,24.34000015258789,24.459999084472656,21.90623664855957,835400
2005-04-11,24.459999084472656,24.469999313354492,23.209999084472656,23.440000534057617,20.992733001708984,1645800
2005-04-12,23.440000534057617,23.440000534057617,21.270000457763672,22.75,20.374774932861328,4215100
2005-04-13,22.75,23.190000534057617,22.489999771118164,22.799999237060547,20.4195499420166,1413800
2005-04-14,22.700000762939453,22.719999313354492,21.469999313354492,21.780000686645508,19.506046295166016,1580000
2005-04-15,23.0,23.040000915527344,21.989999771118164,22.100000381469727,19.792638778686523,2022800
2005-04-18,22.0,22.84000015258789,22.0,22.260000228881836,19.935928344726562,1552800
2005-04-19,22.5,22.56999969482422,21.969999313354492,22.149999618530273,19.83741569519043,837600
2005-04-20,22.149999618530273,22.899999618530273,22.0,22.280000686645508,19.953842163085938,1035900
2005-04-21,22.530000686645508,23.059999465942383,22.530000686645508,23.0,20.598670959472656,937700
2005-04-22,22.700000762939453,22.709999084472656,21.700000762939453,22.0,19.70307731628418,1920900
2005-04-25,22.010000228881836,22.010000228881836,21.700000762939453,21.889999389648438,19.60456085205078,1128600
2005-04-26,21.889999389648438,21.889999389648438,20.93000030517578,20.979999542236328,18.78957176208496,1864200
2005-04-27,20.979999542236328,20.989999771118164,19.770000457763672,20.049999237060547,17.956668853759766,2848700
2005-04-28,20.09000015258789,20.25,19.290000915527344,19.540000915527344,17.499914169311523,1889300
2005-04-29,19.329999923706055,20.350000381469727,18.610000610351562,19.959999084472656,17.876060485839844,2945600
2005-05-02,20.0,20.3700008392334,19.65999984741211,19.770000457763672,17.705900192260742,1514500
2005-05-03,19.780000686645508,20.040000915527344,19.600000381469727,19.670000076293945,17.616342544555664,1205900
2005-05-04,20.0,21.06999969482422,19.920000076293945,21.059999465942383,18.861217498779297,2477700
2005-05-05,21.139999389648438,21.239999771118164,19.93000030517578,20.079999923706055,17.98353385925293,2969900
2005-05-06,20.15999984741211,20.450000762939453,19.899999618530273,20.06999969482422,17.974578857421875,957900
2005-05-09,20.1299991607666,20.209999084472656,19.780000686645508,20.0,17.911884307861328,964300
2005-05-10,20.0,20.100000381469727,19.5,19.600000381469727,17.55364990234375,799300
2005-05-11,19.68000030517578,19.760000228881836,19.360000610351562,19.5,17.464092254638672,903300
2005-05-12,19.799999237060547,19.84000015258789,18.719999313354492,18.899999618530273,16.926733016967773,1572400
2005-05-13,18.969999313354492,19.020000457763672,18.649999618530273,18.760000228881836,16.801347732543945,1044300
2005-05-16,18.690000534057617,18.899999618530273,18.56999969482422,18.899999618530273,16.926733016967773,825800
2005-05-17,18.899999618530273,18.940000534057617,18.700000762939453,18.8700008392334,16.89986801147461,521100
2005-05-18,18.940000534057617,20.229999542236328,18.940000534057617,19.860000610351562,17.78650665283203,1159600
2005-05-19,19.399999618530273,19.65999984741211,19.06999969482422,19.489999771118164,17.455135345458984,1146500
2005-05-20,19.489999771118164,20.520000457763672,19.229999542236328,20.3799991607666,18.252208709716797,1355900
2005-05-23,20.459999084472656,20.649999618530273,20.270000457763672,20.389999389648438,18.261171340942383,1098600
2005-05-24,20.299999237060547,20.450000762939453,20.020000457763672,20.350000381469727,18.225343704223633,1021900
2005-05-25,20.600000381469727,20.739999771118164,20.270000457763672,20.440000534057617,18.305952072143555,1154200
2005-05-26,20.5,21.209999084472656,20.360000610351562,21.15999984741211,18.950777053833008,1050600
2005-05-27,21.139999389648438,21.229999542236328,21.020000457763672,21.030000686645508,18.834352493286133,636800
2005-05-31,21.0,21.06999969482422,20.690000534057617,20.700000762939453,18.538801193237305,788200
2005-06-01,20.6299991607666,20.75,20.450000762939453,20.639999389648438,18.485071182250977,796200
2005-06-02,20.579999923706055,20.649999618530273,20.25,20.600000381469727,18.449241638183594,1094700
2005-06-03,20.40999984741211,20.5,19.93000030517578,20.0,18.04326820373535,734000
2005-06-06,20.059999465942383,20.079999923706055,19.739999771118164,19.969999313354492,18.016204833984375,1171100
2005-06-07,20.06999969482422,20.479999542236328,20.06999969482422,20.139999389648438,18.169574737548828,645100
2005-06-08,20.34000015258789,22.149999618530273,20.34000015258789,21.6200008392334,19.504776000976562,1800200
2005-06-09,21.65999984741211,21.700000762939453,21.09000015258789,21.479999542236328,19.37847137451172,640500
2005-06-10,21.25,22.8799991607666,21.1299991607666,22.540000915527344,20.33476448059082,1702500
2005-06-13,22.540000915527344,23.219999313354492,22.399999618530273,23.0,20.749759674072266,1095100
2005-06-14,22.899999618530273,24.059999465942383,22.899999618530273,23.760000228881836,21.435405731201172,1243700
2005-06-15,23.850000381469727,23.989999771118164,23.350000381469727,23.639999389648438,21.327144622802734,709100
2005-06-16,23.6200008392334,23.6200008392334,23.200000762939453,23.489999771118164,21.191822052001953,590400
2005-06-17,23.510000228881836,23.75,23.309999465942383,23.600000381469727,21.291059494018555,789600
2005-06-20,23.610000610351562,24.229999542236328,23.450000762939453,24.18000030517578,21.814311981201172,983400
2005-06-21,24.200000762939453,25.329999923706055,24.18000030517578,24.940000534057617,22.49995994567871,1787300
2005-06-22,24.799999237060547,24.889999389648438,24.209999084472656,24.290000915527344,21.913555145263672,980400
2005-06-23,24.290000915527344,24.790000915527344,24.229999542236328,24.3700008392334,21.985727310180664,909100
2005-06-24,24.25,24.3700008392334,23.440000534057617,23.520000457763672,21.21888542175293,2704300
2005-06-27,23.56999969482422,23.6200008392334,23.010000228881836,23.260000228881836,20.984325408935547,1175400
2005-06-28,23.260000228881836,24.75,23.260000228881836,24.639999389648438,22.229307174682617,1473800
2005-06-29,24.600000381469727,25.040000915527344,24.350000381469727,25.030000686645508,22.581153869628906,1231600
2005-06-30,25.020000457763672,25.280000686645508,24.709999084472656,25.270000457763672,22.79767417907715,1278200
2005-07-01,25.219999313354492,25.420000076293945,25.049999237060547,25.149999618530273,22.689411163330078,917100
2005-07-05,25.149999618530273,25.18000030517578,24.600000381469727,25.010000228881836,22.563108444213867,778200
2005-07-06,25.1299991607666,25.489999771118164,24.989999771118164,25.229999542236328,22.761587142944336,929600
2005-07-07,24.950000762939453,25.18000030517578,24.6200008392334,25.170000076293945,22.707454681396484,691800
2005-07-08,25.170000076293945,25.75,24.760000228881836,25.75,23.230709075927734,661600
2005-07-11,25.459999084472656,26.399999618530273,25.459999084472656,26.280000686645508,23.70885467529297,565800
2005-07-12,26.280000686645508,26.469999313354492,25.979999542236328,26.399999618530273,23.81711769104004,565400
2005-07-13,26.399999618530273,26.450000762939453,26.110000610351562,26.139999389648438,23.58255386352539,424000
2005-07-14,26.479999542236328,27.56999969482422,26.469999313354492,27.530000686645508,24.83656120300293,1333700
2005-07-15,27.530000686645508,27.530000686645508,27.030000686645508,27.360000610351562,24.68319320678711,672300
2005-07-18,27.100000381469727,27.889999389648438,27.100000381469727,27.75,25.035036087036133,536200
2005-07-19,27.950000762939453,28.670000076293945,27.770000457763672,28.610000610351562,25.81089973449707,1595400
2005-07-20,27.700000762939453,27.709999084472656,25.649999618530273,26.010000228881836,23.465274810791016,3290500
2005-07-21,26.010000228881836,26.010000228881836,25.170000076293945,25.420000076293945,22.93299674987793,1218700
2005-07-22,25.420000076293945,26.100000381469727,25.3799991607666,25.670000076293945,23.158538818359375,1001000
2005-07-25,25.799999237060547,26.18000030517578,25.459999084472656,25.540000915527344,23.041259765625,616700
2005-07-26,25.540000915527344,26.09000015258789,25.270000457763672,25.709999084472656,23.194618225097656,774400
2005-07-27,25.739999771118164,26.09000015258789,25.510000228881836,25.979999542236328,23.438209533691406,572700
2005-07-28,26.5,27.899999618530273,26.3799991607666,27.84000015258789,25.11623191833496,2005000
2005-07-29,27.719999313354492,28.049999237060547,27.190000534057617,27.549999237060547,24.85460662841797,814700
2005-08-01,27.850000381469727,28.8700008392334,27.850000381469727,28.579999923706055,25.78383445739746,938000
2005-08-02,28.6299991607666,29.520000457763672,27.950000762939453,28.190000534057617,25.431989669799805,1290900
2005-08-03,28.190000534057617,28.190000534057617,27.600000381469727,28.020000457763672,25.278623580932617,531400
2005-08-04,27.850000381469727,28.280000686645508,27.81999969482422,28.020000457763672,25.278623580932617,491100
2005-08-05,28.020000457763672,28.020000457763672,27.559999465942383,27.920000076293945,25.188405990600586,429400
2005-08-08,27.93000030517578,28.34000015258789,27.75,28.059999465942383,25.314706802368164,459500
2005-08-09,28.149999618530273,28.479999542236328,27.93000030517578,28.139999389648438,25.386882781982422,351000
2005-08-10,28.200000762939453,28.530000686645508,27.5,27.790000915527344,25.071123123168945,508600
2005-08-11,27.799999237060547,27.809999465942383,27.440000534057617,27.739999771118164,25.026016235351562,591400
2005-08-12,27.540000915527344,27.549999237060547,26.899999618530273,27.25,24.583953857421875,364300
2005-08-15,27.25,27.489999771118164,26.8799991607666,27.270000457763672,24.60200309753418,468100
2005-08-16,27.200000762939453,27.219999313354492,26.920000076293945,27.100000381469727,24.448631286621094,342600
2005-08-17,26.959999084472656,27.09000015258789,26.850000381469727,27.030000686645508,24.385480880737305,572600
2005-08-18,27.059999465942383,27.059999465942383,26.56999969482422,26.729999542236328,24.114831924438477,336300
2005-08-19,26.739999771118164,26.889999389648438,26.450000762939453,26.670000076293945,24.06070327758789,194800
2005-08-22,26.670000076293945,27.049999237060547,26.260000228881836,26.610000610351562,24.006572723388672,261500
2005-08-23,26.610000610351562,26.649999618530273,26.190000534057617,26.290000915527344,23.717880249023438,364600
2005-08-24,26.229999542236328,26.559999465942383,25.90999984741211,26.360000610351562,23.78103256225586,390500
2005-08-25,26.360000610351562,27.010000228881836,26.360000610351562,26.690000534057617,24.078744888305664,426000
2005-08-26,26.729999542236328,26.84000015258789,26.100000381469727,26.399999618530273,23.81711769104004,490300
2005-08-29,26.299999237060547,26.760000228881836,25.899999618530273,26.6299991607666,24.024612426757812,346700
2005-08-30,26.540000915527344,26.610000610351562,26.100000381469727,26.600000381469727,23.997549057006836,632100
2005-08-31,26.440000534057617,26.520000457763672,25.6200008392334,25.959999084472656,23.420162200927734,723700
2005-09-01,25.81999969482422,25.829999923706055,24.110000610351562,24.709999084472656,22.292457580566406,1932200
2005-09-02,24.489999771118164,24.489999771118164,23.530000686645508,23.899999618530273,21.693395614624023,1597700
2005-09-06,23.100000381469727,23.3700008392334,22.760000228881836,23.059999465942383,20.93094825744629,1972900
2005-09-07,23.09000015258789,23.139999389648438,22.3700008392334,23.1200008392334,20.98541259765625,1644600
2005-09-08,24.25,24.649999618530273,23.3700008392334,23.719999313354492,21.530012130737305,1367800
2005-09-09,23.649999618530273,24.049999237060547,23.5,23.65999984741211,21.475555419921875,1138900
2005-09-12,23.65999984741211,24.030000686645508,23.389999389648438,23.829999923706055,21.629859924316406,642300
2005-09-13,23.68000030517578,23.809999465942383,23.450000762939453,23.6299991607666,21.448326110839844,594900
2005-09-14,23.8700008392334,23.969999313354492,23.579999923706055,23.760000228881836,21.56632423400879,551700
2005-09-15,23.760000228881836,23.770000457763672,22.479999542236328,22.690000534057617,20.595109939575195,1424000
2005-09-16,22.84000015258789,22.959999084472656,22.700000762939453,22.829999923706055,20.722183227539062,763300
2005-09-19,22.829999923706055,22.829999923706055,22.100000381469727,22.34000015258789,20.27742576599121,586800
2005-09-20,22.25,22.969999313354492,21.920000076293945,22.010000228881836,19.97789192199707,943600
2005-09-21,22.020000457763672,22.530000686645508,21.760000228881836,22.1200008392334,20.077739715576172,657000
2005-09-22,22.15999984741211,22.350000381469727,21.920000076293945,22.1200008392334,20.077739715576172,687700
2005-09-23,22.1299991607666,22.649999618530273,21.969999313354492,22.459999084472656,20.38634490966797,776300
2005-09-26,22.56999969482422,22.65999984741211,22.170000076293945,22.530000686645508,20.449886322021484,504200
2005-09-27,22.670000076293945,22.940000534057617,22.5,22.549999237060547,20.468036651611328,792000
2005-09-28,22.700000762939453,22.93000030517578,22.229999542236328,22.329999923706055,20.268348693847656,436400
2005-09-29,22.329999923706055,22.899999618530273,22.1200008392334,22.8700008392334,20.75849723815918,352700
2005-09-30,22.8700008392334,23.459999084472656,22.510000228881836,23.079999923706055,20.94910430908203,543500
2005-10-03,23.079999923706055,23.450000762939453,22.829999923706055,23.079999923706055,20.94910430908203,503200
2005-10-04,23.0,23.219999313354492,22.709999084472656,22.780000686645508,20.676803588867188,487600
2005-10-05,22.559999465942383,22.56999969482422,21.389999389648438,21.690000534057617,19.68743896484375,1550800
2005-10-06,22.200000762939453,22.510000228881836,21.790000915527344,21.979999542236328,19.95066261291504,1925800
2005-10-07,22.200000762939453,22.290000915527344,21.709999084472656,22.18000030517578,20.132200241088867,1625400
2005-10-10,22.18000030517578,22.190000534057617,20.6299991607666,20.799999237060547,18.87961196899414,3761000
2005-10-11,21.5,21.6299991607666,20.969999313354492,21.010000228881836,19.070220947265625,1927400
2005-10-12,21.3799991607666,21.610000610351562,20.760000228881836,21.149999618530273,19.197294235229492,1348300
2005-10-13,21.100000381469727,21.690000534057617,21.100000381469727,21.6299991607666,19.632978439331055,634700
2005-10-14,21.860000610351562,22.329999923706055,21.420000076293945,21.639999389648438,19.64205551147461,1186600
2005-10-17,22.739999771118164,23.1299991607666,22.0,22.219999313354492,20.168500900268555,1922700
2005-10-18,21.770000457763672,22.059999465942383,21.56999969482422,21.969999313354492,19.941585540771484,1197200
2005-10-19,21.799999237060547,21.899999618530273,21.040000915527344,21.889999389648438,19.868974685668945,1093100
2005-10-20,21.799999237060547,22.0,21.34000015258789,21.690000534057617,19.68743896484375,727200
2005-10-21,21.829999923706055,22.1200008392334,21.520000457763672,22.049999237060547,20.01420021057129,1296700
2005-10-24,22.25,22.760000228881836,22.18000030517578,22.610000610351562,20.52250099182129,679100
2005-10-25,22.610000610351562,22.719999313354492,22.25,22.520000457763672,20.440805435180664,650700
2005-10-26,22.43000030517578,23.200000762939453,22.25,22.850000381469727,20.740339279174805,1131700
2005-10-27,22.600000381469727,22.639999389648438,21.479999542236328,21.700000762939453,19.696516036987305,1695700
2005-10-28,21.799999237060547,22.040000915527344,21.469999313354492,21.600000381469727,19.605745315551758,1342900
2005-10-31,21.540000915527344,22.0,21.510000228881836,21.799999237060547,19.787282943725586,941300
2005-11-01,21.739999771118164,21.799999237060547,20.889999389648438,21.1200008392334,19.17006492614746,1642200
2005-11-02,21.1200008392334,21.350000381469727,21.020000457763672,21.200000762939453,19.242677688598633,1030900
2005-11-03,21.420000076293945,21.479999542236328,20.899999618530273,21.049999237060547,19.106529235839844,720700
2005-11-04,21.950000762939453,21.950000762939453,21.31999969482422,21.700000762939453,19.696516036987305,1385200
2005-11-07,21.670000076293945,21.799999237060547,21.469999313354492,21.600000381469727,19.605745315551758,659200
2005-11-08,21.600000381469727,21.600000381469727,21.030000686645508,21.1299991607666,19.17913818359375,906900
2005-11-09,21.110000610351562,21.1200008392334,20.350000381469727,20.809999465942383,18.88868522644043,1332100
2005-11-10,20.399999618530273,21.190000534057617,19.84000015258789,21.190000534057617,19.233600616455078,2127400
2005-11-11,21.1200008392334,21.600000381469727,21.09000015258789,21.59000015258789,19.59666633605957,1075300
2005-11-14,21.549999237060547,21.59000015258789,20.989999771118164,21.079999923706055,19.133758544921875,1150900
2005-11-15,21.06999969482422,21.209999084472656,20.65999984741211,20.799999237060547,18.87961196899414,884900
2005-11-16,20.809999465942383,20.8799991607666,20.049999237060547,20.15999984741211,18.29869842529297,1204900
2005-11-17,20.170000076293945,20.6200008392334,19.709999084472656,20.549999237060547,18.65268898010254,1410500
2005-11-18,20.600000381469727,21.530000686645508,20.459999084472656,21.420000076293945,19.44236946105957,1005800
2005-11-21,21.420000076293945,22.229999542236328,21.18000030517578,21.399999618530273,19.424213409423828,936800
2005-11-22,21.399999618530273,21.489999771118164,20.90999984741211,21.450000762939453,19.4695987701416,740300
2005-11-23,21.260000228881836,21.600000381469727,21.200000762939453,21.329999923706055,19.360675811767578,630300
2005-11-25,21.350000381469727,21.350000381469727,20.959999084472656,20.979999542236328,19.04298973083496,191400
2005-11-28,21.030000686645508,21.56999969482422,21.0,21.299999237060547,19.333446502685547,1429000
2005-11-29,21.329999923706055,21.59000015258789,21.100000381469727,21.510000228881836,19.52405548095703,661200
2005-11-30,21.510000228881836,21.579999923706055,21.1200008392334,21.260000228881836,19.29714012145996,1096500
2005-12-01,21.299999237060547,21.360000610351562,19.989999771118164,21.100000381469727,19.15190887451172,810600
2005-12-02,21.020000457763672,21.020000457763672,19.100000381469727,19.290000915527344,17.509021759033203,3738700
2005-12-05,19.049999237060547,19.059999465942383,18.399999618530273,18.829999923706055,17.225439071655273,2745200
2005-12-06,18.93000030517578,18.979999542236328,18.559999465942383,18.770000457763672,17.170551300048828,1743400
2005-12-07,18.350000381469727,18.729999542236328,18.100000381469727,18.56999969482422,16.987592697143555,1712000
2005-12-08,18.170000076293945,18.469999313354492,18.020000457763672,18.190000534057617,16.63997459411621,2132800
2005-12-09,18.079999923706055,19.229999542236328,17.799999237060547,19.040000915527344,17.417543411254883,1767200
2005-12-12,19.040000915527344,19.1299991607666,18.649999618530273,18.829999923706055,17.225439071655273,962400
2005-12-13,18.549999237060547,18.979999542236328,18.200000762939453,18.799999237060547,17.1979923248291,826400
2005-12-14,18.739999771118164,18.84000015258789,18.600000381469727,18.729999542236328,17.133956909179688,1224900
2005-12-15,18.729999542236328,18.790000915527344,18.420000076293945,18.520000457763672,16.941858291625977,780400
2005-12-16,18.6200008392334,18.75,18.450000762939453,18.540000915527344,16.96015167236328,652300
2005-12-19,18.520000457763672,18.770000457763672,18.260000228881836,18.3799991607666,16.813785552978516,789200
2005-12-20,18.309999465942383,18.3799991607666,17.829999923706055,17.8700008392334,16.347244262695312,1528600
2005-12-21,18.0,18.579999923706055,17.850000381469727,18.350000381469727,16.786340713500977,833600
2005-12-22,18.360000610351562,18.520000457763672,18.1200008392334,18.34000015258789,16.777189254760742,666600
2005-12-23,18.280000686645508,18.549999237060547,18.18000030517578,18.399999618530273,16.832080841064453,548600
2005-12-27,18.389999389648438,18.639999389648438,18.299999237060547,18.360000610351562,16.795488357543945,500600
2005-12-28,18.360000610351562,18.6200008392334,18.280000686645508,18.450000762939453,16.877817153930664,410700
2005-12-29,18.420000076293945,18.899999618530273,18.389999389648438,18.639999389648438,17.051626205444336,347400
2005-12-30,18.520000457763672,18.610000610351562,18.290000915527344,18.329999923706055,16.768043518066406,381000
2006-01-03,18.329999923706055,18.65999984741211,18.170000076293945,18.610000610351562,17.024185180664062,577100
2006-01-04,18.549999237060547,18.989999771118164,18.389999389648438,18.920000076293945,17.30776596069336,704700
2006-01-05,18.6299991607666,20.020000457763672,18.6299991607666,19.979999542236328,18.277442932128906,1588000
2006-01-06,20.049999237060547,20.100000381469727,19.329999923706055,19.6299991607666,17.9572696685791,1079800
2006-01-09,20.75,21.3799991607666,20.1299991607666,21.010000228881836,19.21967315673828,2099800
2006-01-10,21.0,21.010000228881836,20.450000762939453,20.649999618530273,18.890350341796875,789000
2006-01-11,20.700000762939453,20.739999771118164,19.309999465942383,19.850000381469727,18.15852165222168,2015000
2006-01-12,19.75,19.899999618530273,18.260000228881836,18.399999618530273,16.832080841064453,3395100
2006-01-13,18.329999923706055,18.68000030517578,18.149999618530273,18.579999923706055,16.996740341186523,1855700
2006-01-17,18.399999618530273,18.479999542236328,18.100000381469727,18.260000228881836,16.704010009765625,1162200
2006-01-18,18.270000457763672,18.5,18.040000915527344,18.149999618530273,16.603384017944336,685800
2006-01-19,18.350000381469727,18.950000762939453,18.15999984741211,18.790000915527344,17.188846588134766,794200
2006-01-20,18.790000915527344,18.790000915527344,17.940000534057617,18.010000228881836,16.475311279296875,1948700
2006-01-23,18.170000076293945,18.760000228881836,18.049999237060547,18.43000030517578,16.859519958496094,879300
2006-01-24,18.56999969482422,18.90999984741211,18.489999771118164,18.860000610351562,17.252880096435547,654200
2006-01-25,18.899999618530273,19.0,18.600000381469727,18.969999313354492,17.353506088256836,1135700
2006-01-26,18.979999542236328,18.979999542236328,17.920000076293945,18.15999984741211,16.612529754638672,1313300
2006-01-27,18.25,18.790000915527344,18.100000381469727,18.670000076293945,17.079069137573242,785300
2006-01-30,18.68000030517578,18.889999389648438,18.600000381469727,18.799999237060547,17.1979923248291,550700
2006-01-31,18.690000534057617,18.700000762939453,18.31999969482422,18.59000015258789,17.005887985229492,673300
2006-02-01,18.5,19.0,18.299999237060547,18.850000381469727,17.243732452392578,1099500
2006-02-02,18.56999969482422,18.709999084472656,18.06999969482422,18.440000534057617,16.868667602539062,923900
2006-02-03,18.149999618530273,18.43000030517578,17.399999618530273,17.920000076293945,16.39298439025879,1680800
2006-02-06,17.920000076293945,17.969999313354492,17.280000686645508,17.3799991607666,15.898993492126465,1496700
2006-02-07,17.25,17.579999923706055,16.93000030517578,17.079999923706055,15.624560356140137,1092400
2006-02-08,17.049999237060547,17.059999465942383,16.479999542236328,16.770000457763672,15.340974807739258,1161100
2006-02-09,16.770000457763672,17.31999969482422,16.65999984741211,16.729999542236328,15.304387092590332,781100
2006-02-10,16.780000686645508,17.049999237060547,16.6299991607666,16.8700008392334,15.432456016540527,957500
2006-02-13,16.829999923706055,16.8700008392334,16.40999984741211,16.489999771118164,15.084835052490234,719500
2006-02-14,16.489999771118164,16.899999618530273,16.299999237060547,16.639999389648438,15.222051620483398,684200
2006-02-15,16.700000762939453,16.81999969482422,16.540000915527344,16.75,15.322678565979004,494500
2006-02-16,16.799999237060547,16.889999389648438,16.5,16.559999465942383,15.148870468139648,432200
2006-02-17,16.600000381469727,17.40999984741211,16.559999465942383,17.040000915527344,15.587967872619629,992300
2006-02-21,17.030000686645508,17.18000030517578,16.670000076293945,16.790000915527344,15.359272003173828,729000
2006-02-22,16.790000915527344,17.270000457763672,16.770000457763672,17.030000686645508,15.57882022857666,541700
2006-02-23,17.030000686645508,17.299999237060547,16.850000381469727,17.010000228881836,15.560525894165039,1111400
2006-02-24,16.959999084472656,17.020000457763672,16.760000228881836,16.770000457763672,15.340974807739258,825200
2006-02-27,16.75,17.059999465942383,16.670000076293945,16.90999984741211,15.469047546386719,475600
2006-02-28,16.940000534057617,16.979999542236328,16.170000076293945,16.219999313354492,14.83784294128418,1372400
2006-03-01,16.219999313354492,16.389999389648438,16.1200008392334,16.209999084472656,14.828695297241211,857700
2006-03-02,16.139999389648438,16.6200008392334,15.399999618530273,15.569999694824219,14.243232727050781,1982100
2006-03-03,15.420000076293945,15.550000190734863,14.949999809265137,15.5,14.317127227783203,1537600
2006-03-06,15.029999732971191,15.829999923706055,15.029999732971191,15.640000343322754,14.446441650390625,728700
2006-03-07,15.649999618530273,15.779999732971191,15.300000190734863,15.34000015258789,14.169337272644043,890600
2006-03-08,15.3100004196167,15.65999984741211,15.170000076293945,15.529999732971191,14.344837188720703,599200
2006-03-09,15.539999961853027,16.219999313354492,15.539999961853027,16.110000610351562,14.880575180053711,1241900
2006-03-10,16.059999465942383,16.360000610351562,15.819999694824219,16.34000015258789,15.093024253845215,819500
2006-03-13,16.329999923706055,16.579999923706055,15.270000457763672,15.329999923706055,14.160099983215332,1605700
2006-03-14,15.260000228881836,15.850000381469727,15.079999923706055,15.579999923706055,14.391019821166992,1161100
2006-03-15,15.529999732971191,15.770000457763672,15.3100004196167,15.710000038146973,14.511100769042969,640900
2006-03-16,15.729999542236328,16.34000015258789,15.710000038146973,16.309999465942383,15.06531047821045,816400
2006-03-17,16.3700008392334,16.40999984741211,16.049999237060547,16.229999542236328,14.991416931152344,859700
2006-03-20,16.229999542236328,16.790000915527344,16.030000686645508,16.65999984741211,15.38860034942627,966800
2006-03-21,16.65999984741211,17.6200008392334,16.65999984741211,17.5,16.164499282836914,1888800
2006-03-22,17.6200008392334,18.399999618530273,17.6200008392334,18.040000915527344,16.663288116455078,3131200
2006-03-23,18.040000915527344,18.1299991607666,17.600000381469727,17.670000076293945,16.32152557373047,1035100
2006-03-24,17.719999313354492,18.049999237060547,17.459999084472656,18.049999237060547,16.67252540588379,905000
2006-03-27,18.350000381469727,18.549999237060547,18.06999969482422,18.399999618530273,16.995817184448242,881900
2006-03-28,18.459999084472656,18.5,17.93000030517578,18.06999969482422,16.69099998474121,672000
2006-03-29,18.450000762939453,18.469999313354492,17.75,17.760000228881836,16.404653549194336,1035700
2006-03-30,17.760000228881836,17.760000228881836,17.139999389648438,17.309999465942383,15.988997459411621,1135100
2006-03-31,17.399999618530273,17.40999984741211,16.75,17.1299991607666,15.822733879089355,1833300
2006-04-03,17.350000381469727,17.350000381469727,16.860000610351562,16.889999389648438,15.601049423217773,1013900
2006-04-04,16.90999984741211,16.90999984741211,16.6299991607666,16.889999389648438,15.601049423217773,1140000
2006-04-05,16.899999618530273,17.010000228881836,16.690000534057617,16.959999084472656,15.665708541870117,595300
2006-04-06,17.020000457763672,17.040000915527344,16.579999923706055,16.6200008392334,15.351656913757324,325800
2006-04-07,16.75,16.81999969482422,16.18000030517578,16.200000762939453,14.96370792388916,588100
2006-04-10,16.299999237060547,16.579999923706055,16.0,16.139999389648438,14.908284187316895,532400
2006-04-11,16.530000686645508,16.940000534057617,16.010000228881836,16.170000076293945,14.935996055603027,970600
2006-04-12,16.209999084472656,16.6299991607666,16.170000076293945,16.5,15.240813255310059,873500
2006-04-13,16.5,16.6299991607666,16.190000534057617,16.459999084472656,15.203865051269531,748700
2006-04-17,16.399999618530273,16.6200008392334,16.100000381469727,16.15999984741211,14.926758766174316,572300
2006-04-18,16.15999984741211,16.59000015258789,16.030000686645508,16.440000534057617,15.185392379760742,593400
2006-04-19,16.450000762939453,17.559999465942383,16.40999984741211,17.420000076293945,16.090604782104492,1575600
2006-04-20,17.549999237060547,18.100000381469727,17.459999084472656,17.799999237060547,16.441604614257812,1853600
2006-04-21,17.950000762939453,17.950000762939453,17.59000015258789,17.690000534057617,16.34000015258789,1099800
2006-04-24,17.729999542236328,17.889999389648438,17.40999984741211,17.510000228881836,16.17373275756836,952600
2006-04-25,18.0,18.0,17.200000762939453,17.309999465942383,15.988997459411621,784600
2006-04-26,17.440000534057617,18.790000915527344,17.440000534057617,18.510000228881836,17.097423553466797,2199100
2006-04-27,18.510000228881836,20.049999237060547,18.350000381469727,20.040000915527344,18.51066017150879,3443600
2006-04-28,20.040000915527344,20.040000915527344,17.600000381469727,17.610000610351562,16.266101837158203,3746900
2006-05-01,17.399999618530273,17.40999984741211,16.34000015258789,16.469999313354492,15.213101387023926,3198200
2006-05-02,16.68000030517578,17.06999969482422,16.469999313354492,17.040000915527344,15.739602088928223,1287000
2006-05-03,17.100000381469727,17.219999313354492,16.700000762939453,16.860000610351562,15.57334041595459,1215100
2006-05-04,16.8700008392334,17.239999771118164,16.649999618530273,17.149999618530273,15.841204643249512,949400
2006-05-05,17.260000228881836,17.719999313354492,17.0,17.600000381469727,16.256868362426758,1068400
2006-05-08,17.600000381469727,17.75,17.280000686645508,17.5,16.164499282836914,591100
2006-05-09,17.700000762939453,18.18000030517578,17.5,18.15999984741211,16.774131774902344,1372900
2006-05-10,18.15999984741211,18.510000228881836,18.059999465942383,18.389999389648438,16.986576080322266,1881500
2006-05-11,18.299999237060547,18.350000381469727,17.84000015258789,17.889999389648438,16.524734497070312,1094700
2006-05-12,17.850000381469727,17.950000762939453,17.65999984741211,17.780000686645508,16.423131942749023,1106400
2006-05-15,17.700000762939453,17.940000534057617,17.450000762939453,17.770000457763672,16.413894653320312,701900
2006-05-16,17.700000762939453,17.8799991607666,16.989999771118164,17.06999969482422,15.767313003540039,2947200
2006-05-17,16.950000762939453,16.959999084472656,15.970000267028809,16.5,15.240813255310059,2644900
2006-05-18,16.709999084472656,17.0,16.3700008392334,16.459999084472656,15.203865051269531,939400
2006-05-19,16.459999084472656,17.540000915527344,16.450000762939453,17.290000915527344,15.970524787902832,1499000
2006-05-22,17.299999237060547,17.350000381469727,16.729999542236328,17.06999969482422,15.767313003540039,990700
2006-05-23,17.149999618530273,17.649999618530273,16.989999771118164,17.010000228881836,15.711893081665039,1072700
2006-05-24,17.09000015258789,17.549999237060547,16.700000762939453,17.5,16.164499282836914,798400
2006-05-25,17.549999237060547,18.049999237060547,17.40999984741211,18.040000915527344,16.663288116455078,828400
2006-05-26,18.149999618530273,18.399999618530273,18.010000228881836,18.389999389648438,16.986576080322266,718400
2006-05-30,18.350000381469727,18.360000610351562,17.290000915527344,17.34000015258789,16.01671028137207,945900
2006-05-31,17.5,17.799999237060547,17.34000015258789,17.530000686645508,16.19220733642578,775400
2006-06-01,17.649999618530273,18.25,17.579999923706055,18.25,16.857263565063477,1000500
2006-06-02,18.299999237060547,18.31999969482422,17.489999771118164,17.559999465942383,16.219919204711914,654700
2006-06-05,17.399999618530273,17.56999969482422,16.899999618530273,16.969999313354492,15.809995651245117,568900
2006-06-06,16.969999313354492,17.299999237060547,16.729999542236328,17.079999923706055,15.912477493286133,631800
2006-06-07,17.09000015258789,17.729999542236328,16.959999084472656,16.969999313354492,15.809995651245117,547000
2006-06-08,16.969999313354492,17.209999084472656,16.6299991607666,17.15999984741211,15.987007141113281,1023900
2006-06-09,17.170000076293945,17.25,16.6299991607666,16.6299991607666,15.49323558807373,712500
2006-06-12,16.68000030517578,17.200000762939453,16.530000686645508,16.6200008392334,15.483922004699707,669200
2006-06-13,16.6200008392334,16.700000762939453,16.079999923706055,16.479999542236328,15.35348892211914,1257400
2006-06-14,16.420000076293945,16.649999618530273,15.920000076293945,16.149999618530273,15.04604721069336,1462800
2006-06-15,16.200000762939453,16.940000534057617,16.190000534057617,16.489999771118164,15.362805366516113,811100
2006-06-16,16.0,16.1200008392334,15.779999732971191,15.9399995803833,14.850400924682617,1679600
2006-06-19,15.960000038146973,16.0,15.850000381469727,16.0,14.906299591064453,788800
2006-06-20,15.960000038146973,15.970000267028809,15.739999771118164,15.800000190734863,14.71997356414795,557100
2006-06-21,15.800000190734863,16.0,15.710000038146973,15.920000076293945,14.831768989562988,501400
2006-06-22,15.819999694824219,16.010000228881836,15.720000267028809,15.989999771118164,14.89698600769043,654700
2006-06-23,16.0,16.540000915527344,15.960000038146973,16.3799991607666,15.260323524475098,405600
2006-06-26,16.510000228881836,16.709999084472656,16.360000610351562,16.549999237060547,15.41870403289795,344400
2006-06-27,16.559999465942383,16.6299991607666,15.869999885559082,15.949999809265137,14.859719276428223,655500
2006-06-28,16.059999465942383,16.219999313354492,15.770000457763672,16.020000457763672,14.924934387207031,393900
2006-06-29,16.190000534057617,16.479999542236328,16.030000686645508,16.420000076293945,15.297590255737305,791200
2006-06-30,17.0,17.5,16.389999389648438,17.110000610351562,15.940424919128418,1250800
2006-07-03,17.0,17.09000015258789,16.09000015258789,16.350000381469727,15.232378005981445,460900
2006-07-05,16.100000381469727,16.229999542236328,15.859999656677246,16.040000915527344,14.943567276000977,671100
2006-07-06,16.06999969482422,16.15999984741211,15.380000114440918,15.489999771118164,14.431160926818848,1007100
2006-07-07,15.489999771118164,15.720000267028809,15.350000381469727,15.390000343322754,14.33799934387207,486900
2006-07-10,15.420000076293945,15.65999984741211,15.149999618530273,15.270000457763672,14.226200103759766,608000
2006-07-11,15.170000076293945,15.229999542236328,14.789999961853027,15.140000343322754,14.10508918762207,760000
2006-07-12,15.170000076293945,15.25,14.699999809265137,14.770000457763672,13.760379791259766,588500
2006-07-13,14.710000038146973,15.050000190734863,14.449999809265137,14.800000190734863,13.78832721710205,1155700
2006-07-14,14.800000190734863,14.880000114440918,14.489999771118164,14.8100004196167,13.797645568847656,873300
2006-07-17,14.800000190734863,15.039999961853027,14.770000457763672,14.789999961853027,13.779010772705078,535800
2006-07-18,15.350000381469727,15.630000114440918,15.100000381469727,15.5,14.440479278564453,1096400
2006-07-19,15.569999694824219,16.600000381469727,15.569999694824219,16.0,14.906299591064453,1204700
2006-07-20,16.049999237060547,16.25,15.100000381469727,15.170000076293945,14.133035659790039,1380400
2006-07-21,15.170000076293945,15.609999656677246,15.050000190734863,15.4399995803833,14.384580612182617,779200
2006-07-24,15.5,16.209999084472656,15.4399995803833,16.1200008392334,15.018099784851074,725000
2006-07-25,16.15999984741211,16.729999542236328,15.890000343322754,16.59000015258789,15.455971717834473,417500
2006-07-26,16.709999084472656,17.299999237060547,16.5,17.010000228881836,15.847262382507324,1217300
2006-07-27,17.06999969482422,17.1200008392334,16.290000915527344,16.440000534057617,15.316225051879883,1007600
2006-07-28,16.950000762939453,17.06999969482422,15.649999618530273,16.260000228881836,15.148528099060059,1532200
2006-07-31,16.399999618530273,16.520000457763672,16.15999984741211,16.3799991607666,15.260323524475098,542200
2006-08-01,16.31999969482422,16.31999969482422,15.84000015258789,15.920000076293945,14.831768989562988,813800
2006-08-02,16.010000228881836,16.440000534057617,15.970000267028809,16.219999313354492,15.111263275146484,426800
2006-08-03,16.100000381469727,16.639999389648438,15.899999618530273,16.559999465942383,15.428020477294922,346500
2006-08-04,16.75,16.90999984741211,16.280000686645508,16.639999389648438,15.502551078796387,469400
2006-08-07,16.540000915527344,16.709999084472656,16.229999542236328,16.59000015258789,15.455971717834473,360800
2006-08-08,16.59000015258789,16.649999618530273,15.989999771118164,16.110000610351562,15.008782386779785,580300
2006-08-09,16.299999237060547,16.43000030517578,15.670000076293945,15.680000305175781,14.608175277709961,496700
2006-08-10,15.6899995803833,16.219999313354492,15.489999771118164,16.139999389648438,15.036728858947754,346900
2006-08-11,16.139999389648438,16.190000534057617,15.789999961853027,15.789999961853027,14.710654258728027,400100
2006-08-14,15.869999885559082,16.200000762939453,15.6899995803833,15.760000228881836,14.682705879211426,213400
2006-08-15,16.06999969482422,16.25,15.899999618530273,16.059999465942383,14.962198257446289,306900
2006-08-16,16.190000534057617,16.790000915527344,15.800000190734863,16.75,15.605031967163086,450700
2006-08-17,16.59000015258789,17.079999923706055,16.59000015258789,16.950000762939453,15.791365623474121,420500
2006-08-18,16.950000762939453,16.950000762939453,16.25,16.649999618530273,15.511868476867676,401000
2006-08-21,16.5,16.559999465942383,15.880000114440918,15.90999984741211,14.822452545166016,486900
2006-08-22,15.90999984741211,16.110000610351562,15.6899995803833,15.859999656677246,14.775871276855469,593000
2006-08-23,15.8100004196167,15.859999656677246,15.460000038146973,15.539999961853027,14.477744102478027,688200
2006-08-24,15.640000343322754,15.819999694824219,15.329999923706055,15.59000015258789,14.524327278137207,347000
2006-08-25,15.5,15.539999961853027,15.260000228881836,15.319999694824219,14.272782325744629,364800
2006-08-28,15.3100004196167,15.6899995803833,15.270000457763672,15.539999961853027,14.477744102478027,408400
2006-08-29,15.600000381469727,15.710000038146973,15.4399995803833,15.680000305175781,14.608175277709961,456300
2006-08-30,15.729999542236328,16.239999771118164,15.670000076293945,16.209999084472656,15.101945877075195,604700
2006-08-31,16.299999237060547,16.780000686645508,16.229999542236328,16.690000534057617,15.549137115478516,620700
2006-09-01,16.770000457763672,16.90999984741211,15.930000305175781,16.6200008392334,15.483922004699707,458900
2006-09-05,16.56999969482422,16.739999771118164,16.389999389648438,16.65999984741211,15.662545204162598,329700
2006-09-06,16.469999313354492,16.479999542236328,16.049999237060547,16.170000076293945,15.201882362365723,527000
2006-09-07,16.149999618530273,16.3799991607666,15.859999656677246,16.25,15.277091026306152,491000
2006-09-08,16.280000686645508,16.670000076293945,16.190000534057617,16.59000015258789,15.596736907958984,385200
2006-09-11,16.450000762939453,16.450000762939453,16.040000915527344,16.1299991607666,15.164277076721191,732500
2006-09-12,16.229999542236328,17.290000915527344,16.229999542236328,17.270000457763672,16.236021041870117,509500
2006-09-13,17.309999465942383,17.719999313354492,17.200000762939453,17.540000915527344,16.489858627319336,550200
2006-09-14,17.420000076293945,17.690000534057617,17.030000686645508,17.670000076293945,16.61207389831543,493800
2006-09-15,17.850000381469727,17.979999542236328,17.15999984741211,17.459999084472656,16.414649963378906,887400
2006-09-18,17.329999923706055,17.469999313354492,17.049999237060547,17.450000762939453,16.405248641967773,640900
2006-09-19,17.420000076293945,17.5,16.959999084472656,17.43000030517578,16.386445999145508,1036600
2006-09-20,17.5,17.670000076293945,17.40999984741211,17.469999313354492,16.424047470092773,1635300
2006-09-21,16.700000762939453,16.709999084472656,15.960000038146973,16.059999465942383,15.098467826843262,2384800
2006-09-22,15.75,15.920000076293945,15.460000038146973,15.850000381469727,14.901041030883789,1708000
2006-09-25,15.930000305175781,16.780000686645508,15.710000038146973,16.649999618530273,15.653143882751465,2166500
2006-09-26,16.440000534057617,17.100000381469727,16.350000381469727,16.90999984741211,15.897578239440918,897800
2006-09-27,16.790000915527344,17.440000534057617,16.790000915527344,16.940000534057617,15.925782203674316,839900
2006-09-28,17.0,17.18000030517578,16.649999618530273,16.8700008392334,15.859972953796387,491300
2006-09-29,16.8700008392334,17.149999618530273,16.690000534057617,16.690000534057617,15.690751075744629,392700
2006-10-02,17.100000381469727,17.229999542236328,16.709999084472656,16.989999771118164,15.97278881072998,853500
2006-10-03,16.989999771118164,17.25,16.540000915527344,17.229999542236328,16.19841766357422,1323800
2006-10-04,17.850000381469727,18.190000534057617,17.049999237060547,17.229999542236328,16.19841766357422,3130300
2006-10-05,16.850000381469727,17.18000030517578,16.75,17.0,15.982189178466797,2596700
2006-10-06,16.770000457763672,17.3700008392334,16.6299991607666,17.059999465942383,16.03859519958496,2081300
2006-10-09,16.850000381469727,18.06999969482422,16.780000686645508,17.860000610351562,16.790700912475586,2052600
2006-10-10,17.799999237060547,18.059999465942383,17.600000381469727,17.639999389648438,16.583871841430664,871100
2006-10-11,17.510000228881836,18.0,17.190000534057617,17.65999984741211,16.60267448425293,853900
2006-10-12,17.799999237060547,18.0,17.6200008392334,17.899999618530273,16.828306198120117,1054700
2006-10-13,17.899999618530273,18.0,17.729999542236328,17.950000762939453,16.87531280517578,607500
2006-10-16,17.950000762939453,17.989999771118164,17.81999969482422,17.90999984741211,16.83770751953125,741000
2006-10-17,17.90999984741211,18.649999618530273,17.700000762939453,18.350000381469727,17.25136375427246,2098800
2006-10-18,18.450000762939453,18.75,18.360000610351562,18.530000686645508,17.420589447021484,920800
2006-10-19,18.5,19.149999618530273,18.489999771118164,19.059999465942383,17.918853759765625,1199800
2006-10-20,19.1299991607666,19.15999984741211,18.760000228881836,19.0,17.862443923950195,1386500
2006-10-23,18.84000015258789,19.459999084472656,18.780000686645508,19.299999237060547,18.144485473632812,922100
2006-10-24,19.149999618530273,19.479999542236328,18.989999771118164,19.420000076293945,18.257299423217773,776000
2006-10-25,19.469999313354492,19.5,19.149999618530273,19.350000381469727,18.191492080688477,750300
2006-10-26,19.3799991607666,20.06999969482422,19.3799991607666,20.06999969482422,18.868385314941406,1338800
2006-10-27,18.6200008392334,19.729999542236328,18.600000381469727,19.170000076293945,18.022268295288086,2151500
2006-10-30,18.799999237060547,18.8700008392334,18.280000686645508,18.739999771118164,17.618009567260742,1188200
2006-10-31,18.700000762939453,18.979999542236328,18.639999389648438,18.75,17.62741470336914,1010300
2006-11-01,18.760000228881836,18.81999969482422,18.040000915527344,18.06999969482422,16.988126754760742,1373400
2006-11-02,17.899999618530273,18.020000457763672,17.670000076293945,17.8799991607666,16.80950164794922,1022300
2006-11-03,17.899999618530273,18.0,17.6299991607666,17.850000381469727,16.781299591064453,827100
2006-11-06,18.020000457763672,18.389999389648438,17.899999618530273,18.299999237060547,17.204357147216797,942600
2006-11-07,18.25,18.399999618530273,18.1299991607666,18.200000762939453,17.1103458404541,1113700
2006-11-08,18.1200008392334,18.549999237060547,18.040000915527344,18.450000762939453,17.345375061035156,877800
2006-11-09,18.5,18.700000762939453,18.31999969482422,18.530000686645508,17.420589447021484,828700
2006-11-10,18.510000228881836,18.739999771118164,18.40999984741211,18.68000030517578,17.56160545349121,984400
2006-11-13,18.700000762939453,18.979999542236328,18.559999465942383,18.90999984741211,17.77783203125,830900
2006-11-14,18.90999984741211,19.329999923706055,18.760000228881836,19.309999465942383,18.153884887695312,1061900
2006-11-15,19.399999618530273,19.600000381469727,19.34000015258789,19.530000686645508,18.3607120513916,621500
2006-11-16,19.5,19.540000915527344,19.09000015258789,19.309999465942383,18.153884887695312,819400
2006-11-17,19.309999465942383,19.399999618530273,18.81999969482422,19.040000915527344,17.900047302246094,749700
2006-11-20,19.06999969482422,19.139999389648438,18.709999084472656,18.84000015258789,17.712026596069336,898200
2006-11-21,18.889999389648438,18.93000030517578,18.670000076293945,18.719999313354492,17.599206924438477,629600
2006-11-22,18.729999542236328,18.760000228881836,18.510000228881836,18.639999389648438,17.523998260498047,649000
2006-11-24,18.579999923706055,18.850000381469727,18.440000534057617,18.68000030517578,17.56160545349121,278800
2006-11-27,18.579999923706055,18.59000015258789,18.020000457763672,18.059999465942383,16.978727340698242,867700
2006-11-28,18.0,18.110000610351562,17.809999465942383,18.079999923706055,16.997528076171875,500700
2006-11-29,18.239999771118164,18.5,18.049999237060547,18.219999313354492,17.1291446685791,541800
2006-11-30,18.18000030517578,18.3799991607666,17.93000030517578,18.299999237060547,17.204357147216797,649300
2006-12-01,18.190000534057617,18.40999984741211,18.059999465942383,18.31999969482422,17.22315788269043,675200
2006-12-04,18.399999618530273,18.75,18.299999237060547,18.65999984741211,17.542802810668945,624200
2006-12-05,18.510000228881836,18.56999969482422,18.309999465942383,18.389999389648438,17.429075241088867,652800
2006-12-06,18.229999542236328,18.360000610351562,18.030000686645508,18.110000610351562,17.16370391845703,478300
2006-12-07,18.110000610351562,18.260000228881836,17.90999984741211,18.0,17.059452056884766,626300
2006-12-08,17.899999618530273,18.209999084472656,17.68000030517578,18.170000076293945,17.220571517944336,517400
2006-12-11,18.229999542236328,18.75,18.15999984741211,18.489999771118164,17.52384376525879,960100
2006-12-12,18.5,18.600000381469727,18.25,18.510000228881836,17.542804718017578,765600
2006-12-13,18.6299991607666,18.649999618530273,18.239999771118164,18.399999618530273,17.43855094909668,900500
2006-12-14,18.450000762939453,18.799999237060547,18.389999389648438,18.6299991607666,17.65653419494629,491400
2006-12-15,18.690000534057617,18.860000610351562,18.56999969482422,18.56999969482422,17.599666595458984,435100
2006-12-18,18.56999969482422,18.610000610351562,18.229999542236328,18.280000686645508,17.32482147216797,385400
2006-12-19,18.049999237060547,18.3700008392334,17.959999084472656,18.299999237060547,17.343774795532227,484200
2006-12-20,18.360000610351562,19.059999465942383,18.360000610351562,18.649999618530273,17.675487518310547,704100
2006-12-21,18.799999237060547,18.850000381469727,18.510000228881836,18.75,17.770261764526367,590800
2006-12-22,18.75,18.860000610351562,18.559999465942383,18.709999084472656,17.73234748840332,581000
2006-12-26,18.649999618530273,19.280000686645508,18.649999618530273,19.200000762939453,18.196746826171875,385200
2006-12-27,19.149999618530273,19.43000030517578,19.100000381469727,19.3799991607666,18.367340087890625,353000
2006-12-28,19.299999237060547,19.360000610351562,18.979999542236328,19.1299991607666,18.130403518676758,306300
2006-12-29,19.139999389648438,19.299999237060547,18.920000076293945,18.989999771118164,17.99772071838379,412800
2007-01-03,19.0,19.270000457763672,18.530000686645508,18.600000381469727,17.628097534179688,993600
2007-01-04,18.540000915527344,18.809999465942383,18.25,18.59000015258789,17.618619918823242,1023300
2007-01-05,18.360000610351562,18.43000030517578,17.90999984741211,17.93000030517578,16.99311065673828,1256800
2007-01-08,17.959999084472656,17.989999771118164,17.329999923706055,17.3799991607666,16.471847534179688,1737400
2007-01-09,17.469999313354492,17.780000686645508,17.360000610351562,17.65999984741211,16.737218856811523,884100
2007-01-10,17.5,17.760000228881836,17.40999984741211,17.68000030517578,16.75617218017578,759600
2007-01-11,17.68000030517578,19.030000686645508,17.68000030517578,18.979999542236328,17.988239288330078,2287800
2007-01-12,18.8700008392334,19.049999237060547,18.700000762939453,18.979999542236328,17.988239288330078,651600
2007-01-16,18.989999771118164,19.360000610351562,18.899999618530273,19.360000610351562,18.348384857177734,727900
2007-01-17,19.299999237060547,19.68000030517578,19.190000534057617,19.440000534057617,18.424205780029297,508300
2007-01-18,19.40999984741211,19.530000686645508,19.1200008392334,19.209999084472656,18.206220626831055,582800
2007-01-19,19.15999984741211,19.489999771118164,19.0,19.459999084472656,18.443159103393555,708100
2007-01-22,19.5,19.59000015258789,19.15999984741211,19.350000381469727,18.338912963867188,470100
2007-01-23,19.350000381469727,20.260000228881836,19.290000915527344,20.079999923706055,19.030765533447266,945800
2007-01-24,20.079999923706055,20.139999389648438,19.899999618530273,20.0,18.954944610595703,1595400
2007-01-25,20.049999237060547,20.399999618530273,19.940000534057617,20.329999923706055,19.2677001953125,823400
2007-01-26,20.360000610351562,21.06999969482422,20.299999237060547,21.030000686645508,19.931123733520508,1262500
2007-01-29,21.030000686645508,21.34000015258789,20.729999542236328,20.93000030517578,19.836349487304688,725500
2007-01-30,20.93000030517578,21.100000381469727,20.520000457763672,21.06999969482422,19.96903419494629,864300
2007-01-31,20.540000915527344,20.850000381469727,20.239999771118164,20.780000686645508,19.694189071655273,1312400
2007-02-01,20.780000686645508,20.979999542236328,20.59000015258789,20.950000762939453,19.85530662536621,1249800
2007-02-02,21.549999237060547,22.84000015258789,21.479999542236328,22.350000381469727,21.182151794433594,3212300
2007-02-05,23.899999618530273,24.68000030517578,23.469999313354492,23.56999969482422,22.338403701782227,3243300
2007-02-06,23.649999618530273,24.809999465942383,23.639999389648438,24.65999984741211,23.371448516845703,2228800
2007-02-07,24.6200008392334,24.760000228881836,24.389999389648438,24.649999618530273,23.361970901489258,974200
2007-02-08,24.65999984741211,25.389999389648438,24.459999084472656,25.34000015258789,24.015913009643555,1544900
2007-02-09,25.229999542236328,25.81999969482422,24.860000610351562,25.309999465942383,23.987483978271484,2850700
2007-02-12,25.299999237060547,25.479999542236328,24.700000762939453,24.93000030517578,23.62734031677246,772400
2007-02-13,25.079999923706055,25.280000686645508,24.520000457763672,25.260000228881836,23.94009780883789,1086400
2007-02-14,25.31999969482422,25.510000228881836,25.110000610351562,25.260000228881836,23.94009780883789,850400
2007-02-15,25.25,25.739999771118164,25.020000457763672,25.6200008392334,24.281286239624023,809000
2007-02-16,25.6299991607666,25.75,24.989999771118164,25.450000762939453,24.120168685913086,1765800
2007-02-20,25.350000381469727,25.75,25.190000534057617,25.559999465942383,24.22441864013672,814300
2007-02-21,25.399999618530273,25.899999618530273,25.399999618530273,25.68000030517578,24.338153839111328,861300
2007-02-22,25.68000030517578,25.889999389648438,25.420000076293945,25.81999969482422,24.470834732055664,973600
2007-02-23,25.809999465942383,26.18000030517578,25.690000534057617,26.100000381469727,24.736204147338867,997900
2007-02-26,26.190000534057617,26.200000762939453,25.760000228881836,26.09000015258789,24.726726531982422,1004100
2007-02-27,25.6299991607666,25.670000076293945,24.520000457763672,24.65999984741211,23.371448516845703,1110600
2007-02-28,24.68000030517578,24.799999237060547,23.850000381469727,24.510000228881836,23.22928810119629,1293400
2007-03-01,24.200000762939453,24.799999237060547,23.920000076293945,24.510000228881836,23.22928810119629,1222600
2007-03-02,24.299999237060547,24.31999969482422,23.639999389648438,23.649999618530273,22.414220809936523,715200
2007-03-05,23.3799991607666,23.899999618530273,23.1299991607666,23.579999923706055,22.490524291992188,1150800
2007-03-06,23.75,24.3700008392334,23.469999313354492,24.25,23.12957191467285,1287900
2007-03-07,24.5,27.100000381469727,24.5,26.489999771118164,25.26607322692871,3619500
2007-03-08,26.6200008392334,27.360000610351562,25.989999771118164,26.8799991607666,25.638051986694336,1515700
2007-03-09,26.979999542236328,27.139999389648438,26.3700008392334,26.600000381469727,25.37099266052246,1112700
2007-03-12,26.649999618530273,26.899999618530273,26.260000228881836,26.770000457763672,25.533138275146484,1080700
2007-03-13,26.479999542236328,26.549999237060547,26.0,26.0,24.798715591430664,538600
2007-03-14,25.799999237060547,26.200000762939453,25.559999465942383,26.020000457763672,24.81778907775879,1199500
2007-03-15,26.059999465942383,26.219999313354492,25.739999771118164,26.219999313354492,25.008548736572266,774600
2007-03-16,26.219999313354492,26.219999313354492,25.739999771118164,25.84000015258789,24.646106719970703,891900
2007-03-19,25.979999542236328,27.15999984741211,25.920000076293945,26.899999618530273,25.657129287719727,844000
2007-03-20,27.0,27.389999389648438,26.809999465942383,27.030000686645508,25.781124114990234,1071800
2007-03-21,27.700000762939453,28.8799991607666,27.3799991607666,27.729999542236328,26.448781967163086,2057500
2007-03-22,27.93000030517578,28.34000015258789,27.780000686645508,28.15999984741211,26.858915328979492,937300
2007-03-23,28.149999618530273,28.170000076293945,27.809999465942383,28.020000457763672,26.725383758544922,1299400
2007-03-26,27.93000030517578,28.190000534057617,27.719999313354492,28.15999984741211,26.858915328979492,714600
2007-03-27,28.15999984741211,28.600000381469727,27.889999389648438,27.959999084472656,26.668155670166016,931800
2007-03-28,27.93000030517578,27.969999313354492,27.559999465942383,27.739999771118164,26.45831871032715,967300
2007-03-29,28.25,28.270000457763672,27.360000610351562,27.639999389648438,26.362939834594727,887200
2007-03-30,27.639999389648438,27.780000686645508,27.110000610351562,27.350000381469727,26.086339950561523,977600
2007-04-02,27.350000381469727,27.979999542236328,27.260000228881836,27.84000015258789,26.553701400756836,883600
2007-04-03,28.0,28.649999618530273,27.90999984741211,28.15999984741211,26.858915328979492,926400
2007-04-04,28.100000381469727,28.280000686645508,27.59000015258789,27.709999084472656,26.429706573486328,928500
2007-04-05,27.719999313354492,28.209999084472656,27.600000381469727,28.209999084472656,26.906604766845703,677300
2007-04-09,28.200000762939453,28.68000030517578,28.190000534057617,28.600000381469727,27.27858543395996,862800
2007-04-10,28.709999084472656,29.329999923706055,28.309999465942383,29.06999969482422,27.72686767578125,1285200
2007-04-11,28.350000381469727,28.75,28.100000381469727,28.459999084472656,27.14505386352539,1937400
2007-04-12,28.459999084472656,28.950000762939453,28.149999618530273,28.799999237060547,27.469345092773438,774600
2007-04-13,28.799999237060547,28.8700008392334,28.31999969482422,28.690000534057617,27.364429473876953,854500
2007-04-16,28.940000534057617,29.059999465942383,28.530000686645508,28.739999771118164,27.4121150970459,1042700
2007-04-17,28.5,28.59000015258789,27.030000686645508,27.059999465942383,25.809736251831055,2088800
2007-04-18,27.06999969482422,27.280000686645508,26.719999313354492,26.760000228881836,25.523595809936523,1429700
2007-04-19,26.8700008392334,27.059999465942383,26.540000915527344,26.81999969482422,25.580825805664062,1032700
2007-04-20,27.239999771118164,27.459999084472656,26.969999313354492,27.15999984741211,25.905118942260742,817200
2007-04-23,27.209999084472656,27.8700008392334,27.170000076293945,27.6200008392334,26.34386444091797,652000
2007-04-24,27.649999618530273,27.899999618530273,27.290000915527344,27.309999465942383,26.048185348510742,1043400
2007-04-25,27.5,27.950000762939453,27.5,27.8700008392334,26.582313537597656,1293500
2007-04-26,27.8700008392334,28.739999771118164,27.8700008392334,28.469999313354492,27.154590606689453,1500100
2007-04-27,29.200000762939453,30.68000030517578,27.479999542236328,27.850000381469727,26.5632381439209,2596600
2007-04-30,27.950000762939453,28.350000381469727,27.8799991607666,27.950000762939453,26.658618927001953,1897400
2007-05-01,27.959999084472656,27.959999084472656,27.100000381469727,27.690000534057617,26.410633087158203,1790900
2007-05-02,27.75,28.31999969482422,27.75,28.299999237060547,26.992443084716797,974700
2007-05-03,28.209999084472656,28.299999237060547,27.950000762939453,28.049999237060547,26.753995895385742,567500
2007-05-04,28.1299991607666,28.139999389648438,27.739999771118164,27.8700008392334,26.582313537597656,902800
2007-05-07,27.899999618530273,28.25,27.739999771118164,28.079999923706055,26.782609939575195,822300
2007-05-08,28.079999923706055,28.270000457763672,27.8799991607666,28.139999389648438,26.839839935302734,381600
2007-05-09,28.1200008392334,28.200000762939453,27.850000381469727,27.989999771118164,26.696767807006836,954600
2007-05-10,27.899999618530273,28.3799991607666,27.709999084472656,27.8799991607666,26.59185028076172,1557900
2007-05-11,28.0,28.25,27.940000534057617,28.110000610351562,26.81122589111328,590400
2007-05-14,28.34000015258789,28.899999618530273,28.34000015258789,28.34000015258789,27.030597686767578,923000
2007-05-15,28.34000015258789,28.850000381469727,28.09000015258789,28.260000228881836,26.954296112060547,718700
2007-05-16,28.399999618530273,28.610000610351562,28.190000534057617,28.600000381469727,27.27858543395996,543400
2007-05-17,28.600000381469727,29.420000076293945,28.59000015258789,29.170000076293945,27.822248458862305,1091200
2007-05-18,29.25,29.420000076293945,28.940000534057617,29.219999313354492,27.86993980407715,746600
2007-05-21,29.1299991607666,29.649999618530273,29.1299991607666,29.31999969482422,27.965320587158203,706600
2007-05-22,29.229999542236328,29.489999771118164,28.959999084472656,29.489999771118164,28.127464294433594,597800
2007-05-23,29.489999771118164,29.610000610351562,28.989999771118164,29.09000015258789,27.74594497680664,724600
2007-05-24,29.100000381469727,29.239999771118164,28.510000228881836,28.59000015258789,27.269046783447266,423500
2007-05-25,28.68000030517578,28.90999984741211,28.5,28.6299991607666,27.30719757080078,668300
2007-05-29,28.68000030517578,28.719999313354492,28.309999465942383,28.510000228881836,27.1927433013916,676100
2007-05-30,28.43000030517578,28.770000457763672,28.25,28.719999313354492,27.39303970336914,655900
2007-05-31,28.719999313354492,29.059999465942383,28.440000534057617,28.81999969482422,27.488420486450195,642000
2007-06-01,29.0,29.209999084472656,28.700000762939453,29.0,27.660104751586914,994600
2007-06-04,29.0,29.440000534057617,28.93000030517578,29.40999984741211,28.051158905029297,1095500
2007-06-05,29.190000534057617,29.350000381469727,28.75,28.959999084472656,27.763551712036133,744700
2007-06-06,28.969999313354492,29.149999618530273,28.329999923706055,28.899999618530273,27.70603370666504,602400
2007-06-07,28.719999313354492,28.760000228881836,28.200000762939453,28.350000381469727,27.178756713867188,584800
2007-06-08,28.299999237060547,28.889999389648438,28.25,28.799999237060547,27.610164642333984,390000
2007-06-11,28.75,29.100000381469727,28.530000686645508,28.6299991607666,27.447187423706055,300900
2007-06-12,28.5,28.6200008392334,28.020000457763672,28.219999313354492,27.05412483215332,693200
2007-06-13,28.309999465942383,28.59000015258789,28.06999969482422,28.549999237060547,27.370494842529297,691600
2007-06-14,28.6200008392334,29.200000762939453,28.489999771118164,28.799999237060547,27.610164642333984,826000
2007-06-15,29.489999771118164,29.5,28.889999389648438,28.969999313354492,27.77313995361328,459600
2007-06-18,28.959999084472656,29.149999618530273,28.809999465942383,29.020000457763672,27.821075439453125,506600
2007-06-19,28.920000076293945,29.6200008392334,28.920000076293945,29.399999618530273,28.18537712097168,465700
2007-06-20,29.520000457763672,30.190000534057617,29.469999313354492,29.520000457763672,28.300418853759766,726800
2007-06-21,29.43000030517578,30.079999923706055,29.229999542236328,30.010000228881836,28.77017593383789,519200
2007-06-22,29.889999389648438,30.010000228881836,29.520000457763672,29.600000381469727,28.37711524963379,791900
2007-06-25,29.600000381469727,29.600000381469727,28.950000762939453,29.0,27.801902770996094,471400
2007-06-26,29.18000030517578,29.459999084472656,29.010000228881836,29.280000686645508,28.070335388183594,557900
2007-06-27,29.049999237060547,29.75,28.950000762939453,29.729999542236328,28.501741409301758,393500
2007-06-28,29.729999542236328,30.09000015258789,29.6299991607666,29.729999542236328,28.501741409301758,594700
2007-06-29,29.889999389648438,29.950000762939453,29.5,29.6200008392334,28.396289825439453,509200
2007-07-02,29.8799991607666,31.0,29.84000015258789,30.530000686645508,29.268692016601562,1041700
2007-07-03,30.520000457763672,30.799999237060547,30.290000915527344,30.34000015258789,29.086544036865234,293700
2007-07-05,30.299999237060547,30.299999237060547,29.020000457763672,29.610000610351562,28.386701583862305,1418000
2007-07-06,29.489999771118164,29.899999618530273,29.25,29.780000686645508,28.549678802490234,517400
2007-07-09,29.969999313354492,30.540000915527344,29.799999237060547,30.3799991607666,29.124889373779297,764900
2007-07-10,30.059999465942383,30.25,29.6299991607666,29.65999984741211,28.43463706970215,485400
2007-07-11,29.639999389648438,30.0,29.420000076293945,29.90999984741211,28.674306869506836,394100
2007-07-12,30.110000610351562,30.6200008392334,29.959999084472656,30.59000015258789,29.326213836669922,270200
2007-07-13,30.5,30.59000015258789,30.15999984741211,30.25,29.000261306762695,464000
2007-07-16,30.34000015258789,30.34000015258789,29.940000534057617,30.170000076293945,28.923564910888672,646100
2007-07-17,30.030000686645508,30.3799991607666,29.899999618530273,29.899999618530273,28.664722442626953,712300
2007-07-18,29.75,29.969999313354492,29.469999313354492,29.610000610351562,28.386701583862305,652900
2007-07-19,29.860000610351562,29.969999313354492,29.479999542236328,29.610000610351562,28.386701583862305,329400
2007-07-20,29.540000915527344,29.639999389648438,28.5,28.6200008392334,27.437602996826172,901900
2007-07-23,28.799999237060547,29.579999923706055,28.520000457763672,28.719999313354492,27.53346824645996,1000800
2007-07-24,28.6200008392334,28.6200008392334,27.780000686645508,27.969999313354492,26.814455032348633,958300
2007-07-25,28.1299991607666,28.139999389648438,25.8799991607666,26.049999237060547,24.97377586364746,2638200
2007-07-26,26.049999237060547,26.049999237060547,22.399999618530273,23.690000534057617,22.711280822753906,4332800
2007-07-27,25.1200008392334,25.25,22.149999618530273,24.360000610351562,23.353601455688477,4244300
2007-07-30,24.270000457763672,24.389999389648438,23.1299991607666,24.09000015258789,23.09475326538086,2361100
2007-07-31,24.420000076293945,24.899999618530273,24.139999389648438,24.200000762939453,23.20020866394043,1989600
2007-08-01,24.15999984741211,24.649999618530273,23.709999084472656,24.25,23.248144149780273,2070400
2007-08-02,24.610000610351562,25.399999618530273,24.510000228881836,24.950000762939453,23.91922378540039,2606200
2007-08-03,24.8799991607666,25.1200008392334,23.25,23.329999923706055,22.36614990234375,1469000
2007-08-06,23.610000610351562,23.690000534057617,22.0,22.530000686645508,21.59920310974121,1468900
2007-08-07,22.420000076293945,24.190000534057617,22.239999771118164,23.81999969482422,22.835906982421875,2086000
2007-08-08,24.020000457763672,25.09000015258789,23.100000381469727,24.81999969482422,23.794593811035156,2637000
2007-08-09,24.25,25.170000076293945,22.079999923706055,22.209999084472656,21.29241943359375,2370700
2007-08-10,22.200000762939453,23.420000076293945,21.530000686645508,23.200000762939453,22.24152374267578,1697100
2007-08-13,23.780000686645508,26.0,23.780000686645508,24.729999542236328,23.70831298828125,2914500
2007-08-14,24.559999465942383,25.469999313354492,24.360000610351562,24.459999084472656,23.4494686126709,1330700
2007-08-15,24.549999237060547,25.030000686645508,23.639999389648438,23.690000534057617,22.711280822753906,988700
2007-08-16,23.3799991607666,23.3799991607666,21.780000686645508,22.34000015258789,21.41705322265625,1937500
2007-08-17,23.350000381469727,24.0,22.700000762939453,23.56999969482422,22.596237182617188,1131700
2007-08-20,23.770000457763672,24.049999237060547,23.309999465942383,23.84000015258789,22.85508155822754,816500
2007-08-21,23.010000228881836,23.68000030517578,22.329999923706055,23.030000686645508,22.07854652404785,1158000
2007-08-22,23.270000457763672,23.579999923706055,22.84000015258789,23.31999969482422,22.3565673828125,1015400
2007-08-23,23.559999465942383,23.6299991607666,22.1299991607666,22.399999618530273,21.474573135375977,1142300
2007-08-24,22.489999771118164,23.049999237060547,22.25,23.020000457763672,22.068958282470703,762000
2007-08-27,22.8799991607666,23.200000762939453,22.799999237060547,22.940000534057617,21.992265701293945,760100
2007-08-28,22.84000015258789,22.940000534057617,21.989999771118164,22.0,21.09109878540039,768300
2007-08-29,22.200000762939453,23.010000228881836,22.1200008392334,22.920000076293945,21.97309112548828,650400
2007-08-30,22.5,23.299999237060547,22.280000686645508,22.899999618530273,21.953914642333984,869900
2007-08-31,23.219999313354492,23.75,22.829999923706055,23.31999969482422,22.3565673828125,896300
2007-09-04,23.299999237060547,23.309999465942383,22.299999237060547,22.799999237060547,21.858047485351562,1068400
2007-09-05,22.59000015258789,23.200000762939453,22.450000762939453,22.68000030517578,21.886999130249023,1072500
2007-09-06,22.790000915527344,23.110000610351562,22.260000228881836,22.850000381469727,22.051054000854492,914200
2007-09-07,22.420000076293945,22.700000762939453,21.760000228881836,21.989999771118164,21.22112464904785,730900
2007-09-10,22.18000030517578,22.219999313354492,21.18000030517578,21.799999237060547,21.037765502929688,800900
2007-09-11,21.950000762939453,22.010000228881836,21.3700008392334,21.8799991607666,21.11496925354004,918600
2007-09-12,21.760000228881836,22.079999923706055,21.469999313354492,21.549999237060547,20.7965087890625,2242200
2007-09-13,21.899999618530273,22.420000076293945,21.8799991607666,22.209999084472656,21.43343162536621,2363800
2007-09-14,22.0,22.459999084472656,21.670000076293945,22.360000610351562,21.578187942504883,1701300
2007-09-17,22.209999084472656,22.299999237060547,21.59000015258789,21.899999618530273,21.13426971435547,1391100
2007-09-18,21.969999313354492,22.559999465942383,21.43000030517578,22.40999984741211,21.62643814086914,1392800
2007-09-19,22.729999542236328,24.34000015258789,22.719999313354492,23.969999313354492,23.131893157958984,1515800
2007-09-20,23.860000610351562,24.0,23.40999984741211,23.75,22.919586181640625,907000
2007-09-21,23.84000015258789,24.700000762939453,23.790000915527344,24.510000228881836,23.653013229370117,1022700
2007-09-24,24.610000610351562,25.229999542236328,23.829999923706055,24.360000610351562,23.508258819580078,1084000
2007-09-25,23.959999084472656,24.020000457763672,23.030000686645508,23.260000228881836,22.446720123291016,1292000
2007-09-26,24.639999389648438,25.68000030517578,24.459999084472656,24.940000534057617,24.067977905273438,1660900
2007-09-27,25.149999618530273,25.149999618530273,24.100000381469727,24.790000915527344,23.9232234954834,948900
2007-09-28,24.649999618530273,25.31999969482422,24.440000534057617,25.25,24.36713981628418,839900
2007-10-01,25.149999618530273,25.559999465942383,24.719999313354492,25.030000686645508,24.15483283996582,862100
2007-10-02,25.59000015258789,26.389999389648438,25.5,26.360000610351562,25.43832778930664,1611000
2007-10-03,26.190000534057617,27.469999313354492,26.1299991607666,27.350000381469727,26.393712997436523,1912200
2007-10-04,27.1200008392334,27.34000015258789,25.950000762939453,26.530000686645508,25.60238265991211,949700
2007-10-05,26.649999618530273,27.489999771118164,26.600000381469727,27.18000030517578,26.229656219482422,1248000
2007-10-08,27.15999984741211,27.280000686645508,26.610000610351562,26.8799991607666,25.940143585205078,434600
2007-10-09,26.850000381469727,27.0,26.34000015258789,26.739999771118164,25.805042266845703,504900
2007-10-10,26.729999542236328,27.110000610351562,26.25,26.780000686645508,25.84364128112793,733400
2007-10-11,27.020000457763672,27.81999969482422,26.489999771118164,26.729999542236328,25.795391082763672,1146800
2007-10-12,26.6299991607666,27.489999771118164,26.610000610351562,27.149999618530273,26.200706481933594,989100
2007-10-15,27.1200008392334,27.299999237060547,26.309999465942383,26.809999465942383,25.87259292602539,565200
2007-10-16,26.579999923706055,26.579999923706055,25.59000015258789,25.600000381469727,24.70490074157715,1062100
2007-10-17,25.940000534057617,26.0,24.739999771118164,24.920000076293945,24.048677444458008,1044400
2007-10-18,24.829999923706055,25.530000686645508,24.510000228881836,24.6200008392334,23.75916862487793,811600
2007-10-19,24.579999923706055,24.790000915527344,23.489999771118164,23.760000228881836,22.929237365722656,975900
2007-10-22,23.350000381469727,24.290000915527344,23.229999542236328,23.860000610351562,23.025739669799805,591100
2007-10-23,24.299999237060547,24.530000686645508,23.440000534057617,24.280000686645508,23.431055068969727,518000
2007-10-24,24.059999465942383,24.450000762939453,23.40999984741211,24.1299991607666,23.286296844482422,709900
2007-10-25,24.219999313354492,24.65999984741211,23.600000381469727,23.760000228881836,22.929237365722656,786300
2007-10-26,24.079999923706055,24.079999923706055,23.399999618530273,23.729999542236328,22.900285720825195,762900
2007-10-29,25.549999237060547,26.8799991607666,25.079999923706055,26.579999923706055,25.650634765625,2166500
2007-10-30,27.290000915527344,28.110000610351562,26.5,27.100000381469727,26.152454376220703,1202900
2007-10-31,27.110000610351562,27.8799991607666,26.790000915527344,27.459999084472656,26.499866485595703,922100
2007-11-01,25.56999969482422,27.43000030517578,25.25,26.920000076293945,25.97874641418457,1180800
2007-11-02,27.719999313354492,27.729999542236328,26.25,26.940000534057617,25.998050689697266,892900
2007-11-05,26.520000457763672,27.170000076293945,26.34000015258789,26.899999618530273,25.95944595336914,659000
2007-11-06,27.170000076293945,28.0,26.510000228881836,27.90999984741211,26.934131622314453,1111700
2007-11-07,27.18000030517578,27.549999237060547,26.329999923706055,26.700000762939453,25.766443252563477,1186400
2007-11-08,26.799999237060547,27.469999313354492,26.420000076293945,27.299999237060547,26.345458984375,1189000
2007-11-09,26.979999542236328,26.989999771118164,25.889999389648438,25.989999771118164,25.08126449584961,1865100
2007-11-12,25.90999984741211,26.079999923706055,24.65999984741211,24.770000457763672,23.90392303466797,1276100
2007-11-13,25.149999618530273,25.440000534057617,24.850000381469727,25.020000457763672,24.14518165588379,720500
2007-11-14,25.1299991607666,25.34000015258789,24.43000030517578,24.8700008392334,24.000425338745117,1036800
2007-11-15,24.719999313354492,25.420000076293945,24.440000534057617,24.549999237060547,23.69161605834961,1123200
2007-11-16,24.34000015258789,24.739999771118164,23.3700008392334,23.829999923706055,22.996788024902344,947800
2007-11-19,23.530000686645508,23.719999313354492,22.649999618530273,22.969999313354492,22.166858673095703,1136800
2007-11-20,22.979999542236328,23.59000015258789,22.40999984741211,23.1200008392334,22.311614990234375,970500
2007-11-21,22.93000030517578,23.239999771118164,22.06999969482422,22.860000610351562,22.06070327758789,901200
2007-11-23,22.989999771118164,23.479999542236328,22.520000457763672,23.15999984741211,22.3502140045166,239800
2007-11-26,23.110000610351562,23.329999923706055,22.770000457763672,22.969999313354492,22.166858673095703,772000
2007-11-27,23.09000015258789,25.25,22.479999542236328,22.950000762939453,22.14755630493164,1172600
2007-11-28,23.15999984741211,23.860000610351562,22.969999313354492,23.709999084472656,22.880985260009766,680900
2007-11-29,23.6200008392334,23.709999084472656,23.100000381469727,23.200000762939453,22.388818740844727,601800
2007-11-30,23.459999084472656,23.700000762939453,22.969999313354492,23.1200008392334,22.311614990234375,848900
2007-12-03,22.170000076293945,22.260000228881836,20.459999084472656,20.639999389648438,19.91832733154297,1861300
2007-12-04,20.309999465942383,20.5,19.610000610351562,19.649999618530273,18.962942123413086,1840200
2007-12-05,19.989999771118164,20.049999237060547,19.34000015258789,19.540000915527344,19.001842498779297,1454500
2007-12-06,19.459999084472656,20.239999771118164,19.399999618530273,20.1200008392334,19.565868377685547,2035400
2007-12-07,20.209999084472656,20.34000015258789,19.59000015258789,19.799999237060547,19.254676818847656,1342700
2007-12-10,19.969999313354492,20.850000381469727,19.950000762939453,20.719999313354492,20.149341583251953,1200000
2007-12-11,20.65999984741211,20.93000030517578,19.510000228881836,19.579999923706055,19.04073715209961,1241500
2007-12-12,20.149999618530273,20.469999313354492,18.690000534057617,19.079999923706055,18.554508209228516,1241800
2007-12-13,19.0,19.649999618530273,18.889999389648438,19.610000610351562,19.06991195678711,1256800
2007-12-14,19.40999984741211,19.43000030517578,18.850000381469727,19.1299991607666,18.603132247924805,1005500
2007-12-17,18.920000076293945,19.31999969482422,18.780000686645508,18.780000686645508,18.262771606445312,801900
2007-12-18,18.950000762939453,19.170000076293945,18.850000381469727,19.059999465942383,18.535058975219727,1063400
2007-12-19,19.170000076293945,19.34000015258789,18.600000381469727,18.940000534057617,18.418365478515625,698200
2007-12-20,19.18000030517578,19.290000915527344,18.760000228881836,19.149999618530273,18.622581481933594,617700
2007-12-21,19.420000076293945,19.700000762939453,19.25,19.65999984741211,19.1185359954834,672800
2007-12-24,19.489999771118164,19.93000030517578,19.190000534057617,19.3700008392334,18.836523056030273,287100
2007-12-26,19.270000457763672,19.799999237060547,18.989999771118164,19.479999542236328,18.943490982055664,379300
2007-12-27,19.34000015258789,19.350000381469727,18.739999771118164,18.81999969482422,18.30167007446289,648300
2007-12-28,18.81999969482422,19.290000915527344,18.6299991607666,18.670000076293945,18.155799865722656,436100
2007-12-31,18.549999237060547,18.84000015258789,18.440000534057617,18.6200008392334,18.107177734375,416800
2008-01-02,18.639999389648438,18.65999984741211,17.899999618530273,18.149999618530273,17.650121688842773,978300
2008-01-03,18.1299991607666,18.15999984741211,17.06999969482422,17.3700008392334,16.891605377197266,1503000
2008-01-04,17.170000076293945,17.239999771118164,16.18000030517578,16.280000686645508,15.831624031066895,1593200
2008-01-07,16.299999237060547,16.969999313354492,16.020000457763672,16.219999313354492,15.773277282714844,1380100
2008-01-08,16.329999923706055,17.18000030517578,16.209999084472656,16.239999771118164,15.792726516723633,1484400
2008-01-09,16.260000228881836,16.770000457763672,15.729999542236328,16.68000030517578,16.220609664916992,1436400
2008-01-10,16.520000457763672,17.100000381469727,15.930000305175781,17.0,16.531795501708984,2361100
2008-01-11,17.489999771118164,18.260000228881836,16.760000228881836,16.770000457763672,16.308128356933594,1468200
2008-01-14,16.90999984741211,17.860000610351562,16.90999984741211,17.799999237060547,17.30976104736328,1527400
2008-01-15,17.459999084472656,17.56999969482422,16.950000762939453,17.219999313354492,16.745737075805664,832000
2008-01-16,17.209999084472656,17.600000381469727,16.520000457763672,17.420000076293945,16.940227508544922,1022200
2008-01-17,17.450000762939453,18.59000015258789,16.940000534057617,17.25,16.7749080657959,1860000
2008-01-18,17.84000015258789,17.84000015258789,17.020000457763672,17.510000228881836,17.027748107910156,1903900
2008-01-22,16.540000915527344,18.299999237060547,16.149999618530273,18.059999465942383,17.562599182128906,1311900
2008-01-23,17.670000076293945,19.809999465942383,17.5,19.579999923706055,19.04073715209961,1511600
2008-01-24,19.729999542236328,19.729999542236328,18.639999389648438,19.170000076293945,18.64202880859375,1123700
2008-01-25,19.649999618530273,20.610000610351562,19.40999984741211,20.450000762939453,19.886775970458984,2215300
2008-01-28,19.65999984741211,20.469999313354492,19.3799991607666,20.25,19.692285537719727,674800
2008-01-29,20.479999542236328,21.290000915527344,19.850000381469727,21.239999771118164,20.655017852783203,928300
2008-01-30,20.979999542236328,22.25,20.5,21.649999618530273,21.05372428894043,2247000
2008-01-31,21.40999984741211,22.030000686645508,21.0,21.809999465942383,21.209320068359375,1552000
2008-02-01,22.75,23.34000015258789,20.770000457763672,23.079999923706055,22.44434356689453,3547800
2008-02-04,22.93000030517578,23.059999465942383,20.84000015258789,21.270000457763672,20.684192657470703,1694300
2008-02-05,20.809999465942383,22.290000915527344,20.600000381469727,20.979999542236328,20.402177810668945,1553800
2008-02-06,21.110000610351562,21.110000610351562,20.1299991607666,20.510000228881836,19.945125579833984,1002600
2008-02-07,20.479999542236328,21.06999969482422,20.200000762939453,21.059999465942383,20.479976654052734,1527400
2008-02-08,21.049999237060547,21.049999237060547,20.3799991607666,20.479999542236328,19.915950775146484,850700
2008-02-11,20.530000686645508,21.1200008392334,20.010000228881836,20.889999389648438,20.31465721130371,835500
2008-02-12,20.899999618530273,21.200000762939453,20.56999969482422,20.709999084472656,20.13961410522461,650700
2008-02-13,20.8700008392334,21.3700008392334,20.6200008392334,20.989999771118164,20.411903381347656,592900
2008-02-14,20.84000015258789,21.219999313354492,20.09000015258789,20.399999618530273,19.838151931762695,556000
2008-02-15,20.25,21.149999618530273,20.149999618530273,21.100000381469727,20.518875122070312,575800
2008-02-19,21.170000076293945,21.709999084472656,21.040000915527344,21.440000534057617,20.849510192871094,771100
2008-02-20,21.31999969482422,21.420000076293945,20.75,21.190000534057617,20.606395721435547,531900
2008-02-21,21.34000015258789,21.899999618530273,20.809999465942383,21.149999618530273,20.567495346069336,955500
2008-02-22,21.260000228881836,22.299999237060547,20.920000076293945,22.040000915527344,21.432985305786133,1097200
2008-02-25,22.0,23.0,21.729999542236328,22.969999313354492,22.337371826171875,1199800
2008-02-26,22.889999389648438,23.5,22.709999084472656,22.940000534057617,22.308198928833008,1230700
2008-02-27,22.84000015258789,22.90999984741211,21.8799991607666,21.899999618530273,21.29684066772461,858900
2008-02-28,21.809999465942383,21.899999618530273,21.239999771118164,21.3700008392334,20.78144073486328,1278300
2008-02-29,21.0,21.079999923706055,19.579999923706055,19.68000030517578,19.137983322143555,1595000
2008-03-03,19.649999618530273,20.059999465942383,18.75,19.760000228881836,19.215782165527344,1014400
2008-03-04,19.510000228881836,21.690000534057617,19.31999969482422,21.610000610351562,21.014829635620117,1635400
2008-03-05,21.479999542236328,21.889999389648438,20.829999923706055,21.139999389648438,20.701465606689453,1370500
2008-03-06,20.979999542236328,21.1299991607666,20.149999618530273,20.149999618530273,19.732004165649414,632300
2008-03-07,20.1200008392334,22.399999618530273,20.100000381469727,22.280000686645508,21.817819595336914,2253000
2008-03-10,22.280000686645508,22.280000686645508,20.829999923706055,21.010000228881836,20.57416534423828,1551400
2008-03-11,21.649999618530273,22.84000015258789,21.3700008392334,22.65999984741211,22.1899356842041,1557900
2008-03-12,22.75,23.260000228881836,22.079999923706055,22.110000610351562,21.651344299316406,1232500
2008-03-13,21.8799991607666,22.6200008392334,20.899999618530273,22.540000915527344,22.072425842285156,2110900
2008-03-14,22.75,22.899999618530273,21.010000228881836,21.3700008392334,20.926698684692383,1969300
2008-03-17,20.809999465942383,22.049999237060547,20.56999969482422,20.829999923706055,20.397897720336914,2192100
2008-03-18,21.280000686645508,22.239999771118164,20.6200008392334,22.110000610351562,21.651344299316406,1362200
2008-03-19,22.15999984741211,22.799999237060547,20.950000762939453,20.950000762939453,20.515409469604492,963500
2008-03-20,21.25,22.90999984741211,20.950000762939453,22.75,22.2780704498291,2310300
2008-03-24,22.850000381469727,23.360000610351562,22.010000228881836,22.780000686645508,22.30744743347168,1345700
2008-03-25,22.68000030517578,23.09000015258789,22.440000534057617,22.850000381469727,22.375993728637695,998700
2008-03-26,22.75,22.959999084472656,22.079999923706055,22.440000534057617,21.97450065612793,837600
2008-03-27,22.639999389648438,22.639999389648438,20.90999984741211,21.030000686645508,20.59375,1105400
2008-03-28,20.75,21.31999969482422,20.600000381469727,20.639999389648438,20.21183967590332,868300
2008-03-31,20.700000762939453,21.040000915527344,20.290000915527344,20.5,20.074743270874023,935400
2008-04-01,20.700000762939453,20.93000030517578,20.1200008392334,20.3700008392334,19.94744110107422,1443700
2008-04-02,20.549999237060547,21.06999969482422,20.260000228881836,20.719999313354492,20.290180206298828,1248300
2008-04-03,20.5,20.559999465942383,19.969999313354492,20.489999771118164,20.064950942993164,795900
2008-04-04,20.350000381469727,21.520000457763672,20.170000076293945,21.200000762939453,20.760221481323242,989900
2008-04-07,21.25,21.450000762939453,20.68000030517578,20.760000228881836,20.329349517822266,527900
2008-04-08,20.540000915527344,22.209999084472656,20.43000030517578,21.899999618530273,21.445701599121094,1191100
2008-04-09,22.0,22.200000762939453,20.809999465942383,20.969999313354492,20.534992218017578,818400
2008-04-10,21.1299991607666,22.56999969482422,21.049999237060547,22.170000076293945,21.710100173950195,1045700
2008-04-11,21.899999618530273,22.1200008392334,21.079999923706055,21.209999084472656,20.7700138092041,732300
2008-04-14,22.790000915527344,22.790000915527344,20.459999084472656,20.8700008392334,20.437070846557617,965900
2008-04-15,20.81999969482422,20.81999969482422,20.15999984741211,20.360000610351562,19.937650680541992,1014200
2008-04-16,20.600000381469727,21.8799991607666,20.579999923706055,21.8799991607666,21.426115036010742,636000
2008-04-17,21.75,22.18000030517578,21.09000015258789,22.139999389648438,21.680723190307617,702100
2008-04-18,22.520000457763672,23.0,22.389999389648438,22.75,22.2780704498291,957800
2008-04-21,22.469999313354492,22.75,21.93000030517578,22.34000015258789,21.876575469970703,1096100
2008-04-22,22.209999084472656,22.389999389648438,21.459999084472656,21.610000610351562,21.161718368530273,972600
2008-04-23,21.700000762939453,22.030000686645508,21.059999465942383,21.549999237060547,21.102962493896484,658900
2008-04-24,21.520000457763672,21.989999771118164,21.0,21.829999923706055,21.377155303955078,1399300
2008-04-25,20.040000915527344,21.5,20.040000915527344,20.959999084472656,20.52520179748535,1979500
2008-04-28,20.709999084472656,21.09000015258789,19.75,20.68000030517578,20.251008987426758,1653400
2008-04-29,20.690000534057617,21.549999237060547,20.690000534057617,21.209999084472656,20.7700138092041,746400
2008-04-30,21.260000228881836,21.450000762939453,20.110000610351562,20.139999389648438,19.722211837768555,846400
2008-05-01,20.139999389648438,23.209999084472656,20.139999389648438,22.709999084472656,22.2388973236084,3153000
2008-05-02,22.979999542236328,23.100000381469727,22.149999618530273,22.190000534057617,21.729686737060547,1535800
2008-05-05,22.3700008392334,22.3700008392334,21.389999389648438,21.809999465942383,21.357568740844727,1101800
2008-05-06,21.360000610351562,21.8799991607666,20.989999771118164,21.829999923706055,21.377155303955078,1310800
2008-05-07,21.969999313354492,22.399999618530273,21.290000915527344,21.360000610351562,20.91690444946289,698700
2008-05-08,21.59000015258789,22.059999465942383,20.639999389648438,21.799999237060547,21.347774505615234,2073900
2008-05-09,21.290000915527344,21.729999542236328,21.100000381469727,21.510000228881836,21.063791275024414,675700
2008-05-12,21.690000534057617,21.75,21.020000457763672,21.3799991607666,20.936487197875977,617400
2008-05-13,21.649999618530273,21.799999237060547,21.149999618530273,21.520000457763672,21.073585510253906,866100
2008-05-14,21.520000457763672,21.989999771118164,21.440000534057617,21.68000030517578,21.23026466369629,740300
2008-05-15,21.639999389648438,22.68000030517578,21.270000457763672,22.56999969482422,22.101802825927734,770300
2008-05-16,22.700000762939453,22.75,21.850000381469727,22.549999237060547,22.082218170166016,877600
2008-05-19,23.1200008392334,25.0,20.649999618530273,21.420000076293945,20.975658416748047,3214400
2008-05-20,21.229999542236328,21.229999542236328,19.6200008392334,19.81999969482422,19.408849716186523,1923100
2008-05-21,19.829999923706055,20.440000534057617,18.860000610351562,19.700000762939453,19.291337966918945,2502200
2008-05-22,19.5,19.799999237060547,18.950000762939453,19.25,18.850671768188477,1432400
2008-05-23,20.0,20.0,18.290000915527344,18.440000534057617,18.057477951049805,1625300
2008-05-27,19.43000030517578,20.489999771118164,18.510000228881836,19.030000686645508,18.635236740112305,3656300
2008-05-28,18.65999984741211,19.280000686645508,17.850000381469727,17.920000076293945,17.548263549804688,3524700
2008-05-29,18.780000686645508,19.469999313354492,18.399999618530273,18.979999542236328,18.586273193359375,4044800
2008-05-30,19.6200008392334,19.65999984741211,18.3700008392334,18.59000015258789,18.204364776611328,2464700
2008-06-02,18.450000762939453,18.5,17.780000686645508,17.90999984741211,17.538471221923828,1644400
2008-06-03,18.020000457763672,18.020000457763672,16.15999984741211,16.3700008392334,16.030418395996094,5395800
2008-06-04,16.34000015258789,17.09000015258789,16.209999084472656,16.389999389648438,16.19843101501465,2811200
2008-06-05,16.309999465942383,16.399999618530273,15.760000228881836,16.059999465942383,15.872285842895508,2342400
2008-06-06,15.899999618530273,16.1299991607666,15.529999732971191,15.59000015258789,15.407780647277832,2558000
2008-06-09,15.420000076293945,15.8100004196167,15.140000343322754,15.210000038146973,15.032222747802734,2580300
2008-06-10,15.0,15.199999809265137,14.569999694824219,14.75,14.577598571777344,3008800
2008-06-11,14.710000038146973,14.869999885559082,13.640000343322754,13.699999809265137,13.539871215820312,2876700
2008-06-12,13.970000267028809,14.260000228881836,13.710000038146973,14.119999885559082,13.954961776733398,2635900
2008-06-13,14.229999542236328,14.399999618530273,13.75,14.0,13.83636474609375,1057600
2008-06-16,13.920000076293945,14.09000015258789,13.449999809265137,13.84000015258789,13.678235054016113,1020700
2008-06-17,13.869999885559082,13.9399995803833,12.819999694824219,12.920000076293945,12.768987655639648,2228900
2008-06-18,12.890000343322754,12.890000343322754,11.739999771118164,11.789999961853027,11.65219497680664,3130000
2008-06-19,12.0,12.0,10.869999885559082,11.489999771118164,11.35570240020752,4618300
2008-06-20,11.420000076293945,11.460000038146973,10.819999694824219,11.029999732971191,10.901078224182129,2612700
2008-06-23,11.050000190734863,11.100000381469727,10.369999885559082,10.4399995803833,10.317975044250488,1195300
2008-06-24,10.3100004196167,10.369999885559082,9.489999771118164,9.65999984741211,9.547091484069824,4410700
2008-06-25,9.510000228881836,10.760000228881836,9.510000228881836,10.079999923706055,9.962182998657227,4550300
2008-06-26,9.529999732971191,9.729999542236328,8.470000267028809,8.600000381469727,8.499482154846191,3616100
2008-06-27,8.520000457763672,9.010000228881836,8.420000076293945,8.430000305175781,8.331467628479004,3482400
2008-06-30,8.449999809265137,8.449999809265137,7.989999771118164,7.989999771118164,7.896610736846924,1595600
2008-07-01,7.849999904632568,9.329999923706055,7.739999771118164,8.739999771118164,8.637845039367676,6575600
2008-07-02,8.65999984741211,8.760000228881836,7.519999980926514,7.599999904632568,7.51116943359375,4524100
2008-07-03,7.610000133514404,7.610000133514404,7.090000152587891,7.519999980926514,7.432104110717773,1520100
2008-07-07,7.510000228881836,7.849999904632568,6.510000228881836,6.980000019073486,6.898416519165039,3735700
2008-07-08,7.0,8.300000190734863,6.940000057220459,8.270000457763672,8.173338890075684,2671500
2008-07-09,8.260000228881836,8.3100004196167,6.789999961853027,6.880000114440918,6.799584865570068,3562600
2008-07-10,7.039999961853027,7.039999961853027,6.179999828338623,6.28000020980835,6.206597805023193,2921700
2008-07-11,6.269999980926514,6.909999847412109,5.900000095367432,6.480000019073486,6.404260635375977,2635800
2008-07-14,6.730000019073486,6.730000019073486,5.829999923706055,6.010000228881836,5.939754009246826,1547400
2008-07-15,5.949999809265137,6.179999828338623,5.329999923706055,5.800000190734863,5.732208728790283,4085700
2008-07-16,5.75,6.599999904632568,5.46999979019165,6.539999961853027,6.463559150695801,3333100
2008-07-17,6.659999847412109,7.190000057220459,6.380000114440918,7.130000114440918,7.0466628074646,2978100
2008-07-18,7.179999828338623,7.5,5.099999904632568,6.949999809265137,6.8687663078308105,1724700
2008-07-21,6.949999809265137,7.369999885559082,6.690000057220459,7.170000076293945,7.086195468902588,1528800
2008-07-22,7.179999828338623,7.570000171661377,6.5,7.440000057220459,7.353039741516113,1969500
2008-07-23,7.210000038146973,8.729999542236328,7.139999866485596,7.71999979019165,7.629766941070557,4198900
2008-07-24,7.619999885559082,7.71999979019165,6.239999771118164,6.420000076293945,6.344961643218994,3365000
2008-07-25,5.940000057220459,7.070000171661377,5.75,6.510000228881836,6.433909893035889,4268200
2008-07-28,6.320000171661377,6.320000171661377,5.150000095367432,5.380000114440918,5.317117214202881,6021100
2008-07-29,5.139999866485596,5.96999979019165,5.139999866485596,5.909999847412109,5.840922832489014,3657600
2008-07-30,6.190000057220459,6.449999809265137,5.670000076293945,5.789999961853027,5.722325325012207,2336900
2008-07-31,5.670000076293945,6.070000171661377,5.579999923706055,5.880000114440918,5.811273097991943,2351900
2008-08-01,5.909999847412109,5.980000019073486,5.449999809265137,5.769999980926514,5.702558517456055,2119200
2008-08-04,5.78000020980835,5.78000020980835,5.46999979019165,5.550000190734863,5.485130786895752,2025000
2008-08-05,5.679999828338623,6.090000152587891,5.5,6.010000228881836,5.939754009246826,2045600
2008-08-06,5.949999809265137,6.409999847412109,5.610000133514404,6.389999866485596,6.315311908721924,2892800
2008-08-07,6.170000076293945,6.449999809265137,5.570000171661377,5.659999847412109,5.593844890594482,2068800
2008-08-08,5.5,6.090000152587891,5.159999847412109,5.710000038146973,5.6432600021362305,4135200
2008-08-11,5.760000228881836,7.050000190734863,5.690000057220459,6.590000152587891,6.512974262237549,2709400
2008-08-12,6.570000171661377,6.590000152587891,6.010000228881836,6.130000114440918,6.058351039886475,2346900
2008-08-13,6.210000038146973,6.210000038146973,5.599999904632568,5.769999980926514,5.702558517456055,2237800
2008-08-14,5.739999771118164,6.449999809265137,5.679999828338623,6.25,6.176948547363281,1447500
2008-08-15,6.380000114440918,6.579999923706055,6.139999866485596,6.269999980926514,6.196714401245117,1144400
2008-08-18,6.380000114440918,6.380000114440918,5.900000095367432,5.940000057220459,5.870572090148926,1121000
2008-08-19,5.900000095367432,5.980000019073486,5.550000190734863,5.570000171661377,5.504896640777588,1169100
2008-08-20,5.5,5.800000190734863,5.400000095367432,5.659999847412109,5.593844890594482,1125700
2008-08-21,5.53000020980835,5.570000171661377,5.25,5.320000171661377,5.257818698883057,852100
2008-08-22,5.489999771118164,5.519999980926514,5.150000095367432,5.389999866485596,5.327000141143799,1156500
2008-08-25,5.460000038146973,5.460000038146973,5.010000228881836,5.159999847412109,5.09968900680542,1139800
2008-08-26,5.090000152587891,5.25,4.96999979019165,5.079999923706055,5.020623683929443,846800
2008-08-27,5.019999980926514,5.019999980926514,4.099999904632568,4.980000019073486,4.921792984008789,1720900
2008-08-28,5.039999961853027,5.170000076293945,4.96999979019165,5.099999904632568,5.0403900146484375,948700
2008-08-29,5.130000114440918,5.130000114440918,4.75,4.860000133514404,4.803195476531982,1135600
2008-09-02,4.980000019073486,5.449999809265137,4.980000019073486,5.119999885559082,5.060156345367432,1515700
2008-09-03,5.010000228881836,5.510000228881836,4.920000076293945,5.489999771118164,5.447109222412109,1930800
2008-09-04,5.369999885559082,5.739999771118164,5.300000190734863,5.739999771118164,5.695156097412109,1638600
2008-09-05,5.679999828338623,6.099999904632568,5.590000152587891,5.949999809265137,5.903515338897705,1534400
2008-09-08,6.289999961853027,6.329999923706055,5.75,6.309999942779541,6.260703086853027,1480600
2008-09-09,6.199999809265137,6.960000038146973,6.199999809265137,6.25,6.201171875,2235100
2008-09-10,6.300000190734863,7.130000114440918,5.980000019073486,6.599999904632568,6.548437595367432,2698200
2008-09-11,6.309999942779541,7.239999771118164,6.260000228881836,6.96999979019165,6.915546894073486,2038000
2008-09-12,6.730000019073486,7.590000152587891,6.539999961853027,7.239999771118164,7.183437347412109,2095400
2008-09-15,6.53000020980835,7.159999847412109,6.349999904632568,6.570000171661377,6.518671989440918,1636000
2008-09-16,6.599999904632568,7.150000095367432,6.599999904632568,6.96999979019165,6.915546894073486,2092100
2008-09-17,6.860000133514404,7.179999828338623,6.110000133514404,7.179999828338623,7.123906135559082,2129300
2008-09-18,7.409999847412109,7.78000020980835,6.510000228881836,7.320000171661377,7.262812614440918,3231400
2008-09-19,8.359999656677246,8.380000114440918,7.199999809265137,7.739999771118164,7.679531097412109,2304400
2008-09-22,7.610000133514404,7.739999771118164,7.139999866485596,7.519999980926514,7.461249828338623,1680700
2008-09-23,7.519999980926514,7.880000114440918,6.75,6.960000038146973,6.905624866485596,1140300
2008-09-24,7.050000190734863,7.050000190734863,6.369999885559082,6.420000076293945,6.36984395980835,969400
2008-09-25,6.5,6.679999828338623,6.25,6.349999904632568,6.300390720367432,2255900
2008-09-26,6.239999771118164,6.5,6.099999904632568,6.320000171661377,6.270625114440918,844800
2008-09-29,6.190000057220459,6.28000020980835,5.320000171661377,5.650000095367432,5.605859279632568,1877700
2008-09-30,5.800000190734863,5.820000171661377,5.159999847412109,5.360000133514404,5.318125247955322,1627300
2008-10-01,5.380000114440918,5.46999979019165,5.079999923706055,5.380000114440918,5.337968826293945,844300
2008-10-02,5.320000171661377,5.550000190734863,4.960000038146973,5.019999980926514,4.980781078338623,860600
2008-10-03,5.139999866485596,5.480000019073486,4.570000171661377,4.679999828338623,4.643437385559082,1203500
2008-10-06,4.5,4.690000057220459,4.230000019073486,4.389999866485596,4.355702877044678,1265800
2008-10-07,4.489999771118164,4.590000152587891,4.0,4.019999980926514,3.988593816757202,639000
2008-10-08,3.869999885559082,4.329999923706055,3.799999952316284,3.809999942779541,3.7802343368530273,1118500
2008-10-09,4.119999885559082,4.400000095367432,3.049999952316284,3.4600000381469727,3.432968854904175,2245500
2008-10-10,3.2699999809265137,3.809999942779541,2.940000057220459,3.809999942779541,3.7802343368530273,1806300
2008-10-13,4.090000152587891,4.25,2.609999895095825,2.990000009536743,2.9666407108306885,2395900
2008-10-14,3.1500000953674316,3.2100000381469727,2.25,2.390000104904175,2.371328115463257,1580000
2008-10-15,2.259999990463257,2.390000104904175,1.7400000095367432,1.75,1.736328125,1893600
2008-10-16,1.9500000476837158,2.2200000286102295,1.5,1.6299999952316284,1.6172655820846558,4371100
2008-10-17,1.7200000286102295,1.840000033378601,1.5499999523162842,1.7799999713897705,1.7660937309265137,2008100
2008-10-20,1.8600000143051147,2.0399999618530273,1.6200000047683716,2.0,1.984375,1219000
2008-10-21,1.8600000143051147,2.2300000190734863,1.7999999523162842,2.1500000953674316,2.1332032680511475,1715300
2008-10-22,2.140000104904175,2.140000104904175,1.899999976158142,1.940000057220459,1.9248437881469727,1100800
2008-10-23,1.9800000190734863,2.0199999809265137,1.6799999475479126,1.7599999904632568,1.746250033378601,1862000
2008-10-24,1.590000033378601,1.9600000381469727,1.5700000524520874,1.9600000381469727,1.9446874856948853,1028700
2008-10-27,1.9600000381469727,2.2200000286102295,1.850000023841858,2.0899999141693115,2.073671817779541,910400
2008-10-28,2.1500000953674316,2.299999952316284,1.8300000429153442,2.069999933242798,2.053828001022339,1233200
2008-10-29,2.049999952316284,2.6600000858306885,2.0299999713897705,2.490000009536743,2.4705469608306885,1247700
2008-10-30,2.4600000381469727,2.890000104904175,2.3499999046325684,2.5299999713897705,2.5102343559265137,1347100
2008-10-31,2.5299999713897705,3.5999999046325684,2.5299999713897705,3.5899999141693115,3.561953067779541,2389900
2008-11-03,3.5799999237060547,3.740000009536743,2.7300000190734863,2.809999942779541,2.7880468368530273,1684700
2008-11-04,2.9100000858306885,3.1500000953674316,2.8399999141693115,3.1500000953674316,3.1253907680511475,938400
2008-11-05,3.0999999046325684,3.25,2.509999990463257,2.5999999046325684,2.5796873569488525,1771900
2008-11-06,2.569999933242798,2.6700000762939453,2.2899999618530273,2.3399999141693115,2.321718692779541,840400
2008-11-07,2.380000114440918,2.490000009536743,1.909999966621399,2.1500000953674316,2.1332032680511475,1621500
2008-11-10,2.109999895095825,2.2699999809265137,1.899999976158142,1.9299999475479126,1.9149218797683716,737600
2008-11-11,1.909999966621399,2.0,1.6699999570846558,1.7599999904632568,1.746250033378601,1260300
2008-11-12,1.7200000286102295,1.909999966621399,1.409999966621399,1.440000057220459,1.4287500381469727,1063600
2008-11-13,1.4800000190734863,2.009999990463257,1.4299999475479126,2.009999990463257,1.994296908378601,802500
2008-11-14,2.0,2.0,1.4600000381469727,1.5,1.48828125,2795000
2008-11-17,1.5,1.5800000429153442,1.4500000476837158,1.4900000095367432,1.478359341621399,796200
2008-11-18,1.5800000429153442,1.5800000429153442,1.25,1.3600000143051147,1.3493750095367432,629900
2008-11-19,1.350000023841858,1.3700000047683716,1.0099999904632568,1.0299999713897705,1.0219531059265137,811300
2008-11-20,1.0099999904632568,1.809999942779541,0.949999988079071,1.0700000524520874,1.0616406202316284,2014200
2008-11-21,1.100000023841858,1.399999976158142,1.100000023841858,1.399999976158142,1.389062523841858,1065200
2008-11-24,1.5499999523162842,2.0299999713897705,1.5099999904632568,1.9299999475479126,1.9149218797683716,2488300
2008-11-25,1.8899999856948853,2.5399999618530273,1.8899999856948853,2.2200000286102295,2.2026562690734863,1828500
2008-11-26,2.119999885559082,3.0999999046325684,2.119999885559082,2.5199999809265137,2.500312566757202,1533400
2008-11-28,2.5299999713897705,2.9700000286102295,2.4000000953674316,2.5199999809265137,2.500312566757202,912600
2008-12-01,2.5999999046325684,2.7799999713897705,2.0199999809265137,2.2799999713897705,2.2621874809265137,1367300
2008-12-02,2.359999895095825,2.7699999809265137,2.0299999713897705,2.240000009536743,2.2225000858306885,1786400
2008-12-03,2.1600000858306885,2.740000009536743,2.140000104904175,2.559999942779541,2.5399999618530273,1574800
2008-12-04,2.5899999141693115,2.940000057220459,2.1600000858306885,2.3499999046325684,2.3499999046325684,1278200
2008-12-05,2.5299999713897705,2.859999895095825,2.200000047683716,2.819999933242798,2.819999933242798,1592600
2008-12-08,3.359999895095825,5.0,2.859999895095825,2.9800000190734863,2.9800000190734863,2373600
2008-12-09,3.0799999237060547,3.299999952316284,2.7100000381469727,2.859999895095825,2.859999895095825,1482900
2008-12-10,3.0899999141693115,3.2300000190734863,2.6600000858306885,2.7899999618530273,2.7899999618530273,1014600
2008-12-11,2.75,2.9000000953674316,2.509999990463257,2.609999895095825,2.609999895095825,1033200
2008-12-12,2.200000047683716,2.4700000286102295,2.009999990463257,2.2300000190734863,2.2300000190734863,2822400
2008-12-15,2.200000047683716,2.3499999046325684,2.200000047683716,2.25,2.25,778100
2008-12-16,2.3299999237060547,2.430000066757202,2.2300000190734863,2.430000066757202,2.430000066757202,726000
2008-12-17,2.430000066757202,2.5999999046325684,2.2899999618530273,2.430000066757202,2.430000066757202,671400
2008-12-18,2.4200000762939453,2.5799999237060547,2.2899999618530273,2.440000057220459,2.440000057220459,773900
2008-12-19,2.5,2.700000047683716,2.2899999618530273,2.4000000953674316,2.4000000953674316,1716600
2008-12-22,2.4000000953674316,2.450000047683716,2.2300000190734863,2.359999895095825,2.359999895095825,557700
2008-12-23,2.4000000953674316,2.4200000762939453,2.009999990463257,2.180000066757202,2.180000066757202,724700
2008-12-24,2.1700000762939453,2.2200000286102295,2.0999999046325684,2.1600000858306885,2.1600000858306885,149400
2008-12-26,2.1600000858306885,2.380000114440918,2.130000114440918,2.2100000381469727,2.2100000381469727,316300
2008-12-29,2.190000057220459,2.259999990463257,2.059999942779541,2.180000066757202,2.180000066757202,369000
2008-12-30,2.2699999809265137,2.3399999141693115,2.190000057220459,2.3299999237060547,2.3299999237060547,335500
2008-12-31,2.3299999237060547,3.0999999046325684,2.2699999809265137,2.890000104904175,2.890000104904175,1281900
2009-01-02,2.950000047683716,2.990000009536743,2.7200000286102295,2.75,2.75,602300
2009-01-05,2.759999990463257,2.7799999713897705,2.6500000953674316,2.7100000381469727,2.7100000381469727,553200
2009-01-06,2.7200000286102295,2.930000066757202,2.700000047683716,2.809999942779541,2.809999942779541,723600
2009-01-07,2.7899999618530273,2.799999952316284,2.5999999046325684,2.640000104904175,2.640000104904175,567000
2009-01-08,2.609999895095825,2.859999895095825,2.5199999809265137,2.8299999237060547,2.8299999237060547,484200
2009-01-09,2.819999933242798,2.8499999046325684,2.569999933242798,2.690000057220459,2.690000057220459,508000
2009-01-12,2.7200000286102295,2.7300000190734863,2.509999990463257,2.5299999713897705,2.5299999713897705,790700
2009-01-13,2.5299999713897705,2.549999952316284,2.109999895095825,2.190000057220459,2.190000057220459,1413900
2009-01-14,2.0799999237060547,2.130000114440918,1.7300000190734863,1.8300000429153442,1.8300000429153442,1192700
2009-01-15,1.8200000524520874,1.8300000429153442,1.590000033378601,1.6699999570846558,1.6699999570846558,725100
2009-01-16,1.7100000381469727,1.7899999618530273,1.2599999904632568,1.409999966621399,1.409999966621399,2071900
2009-01-20,1.4500000476837158,1.5,1.2799999713897705,1.2999999523162842,1.2999999523162842,972700
2009-01-21,1.4500000476837158,1.7000000476837158,1.4500000476837158,1.4700000286102295,1.4700000286102295,1343400
2009-01-22,1.5,1.6799999475479126,1.5,1.6299999952316284,1.6299999952316284,666300
2009-01-23,1.649999976158142,1.9299999475479126,1.6299999952316284,1.809999942779541,1.809999942779541,927300
2009-01-26,1.8200000524520874,1.8799999952316284,1.5800000429153442,1.6699999570846558,1.6699999570846558,437800
2009-01-27,1.6699999570846558,1.7400000095367432,1.399999976158142,1.4299999475479126,1.4299999475479126,974100
2009-01-28,1.4800000190734863,1.5399999618530273,1.4299999475479126,1.4500000476837158,1.4500000476837158,510600
2009-01-29,1.4500000476837158,1.4500000476837158,1.3799999952316284,1.399999976158142,1.399999976158142,341600
2009-01-30,1.399999976158142,1.399999976158142,1.0,1.090000033378601,1.090000033378601,2294900
2009-02-02,1.1399999856948853,1.1399999856948853,1.0,1.0199999809265137,1.0199999809265137,1203600
2009-02-03,1.0499999523162842,1.0800000429153442,1.0,1.0,1.0,918300
2009-02-04,1.0199999809265137,1.1399999856948853,0.9700000286102295,1.0299999713897705,1.0299999713897705,726300
2009-02-05,1.0399999618530273,1.090000033378601,1.0099999904632568,1.0399999618530273,1.0399999618530273,887300
2009-02-06,1.1100000143051147,1.1100000143051147,1.0099999904632568,1.0399999618530273,1.0399999618530273,795300
2009-02-09,1.0399999618530273,1.2300000190734863,1.0199999809265137,1.2000000476837158,1.2000000476837158,1011000
2009-02-10,1.190000057220459,1.3600000143051147,1.0499999523162842,1.0800000429153442,1.0800000429153442,1042600
2009-02-11,1.100000023841858,1.1399999856948853,1.0399999618530273,1.059999942779541,1.059999942779541,630200
2009-02-12,1.0399999618530273,1.059999942779541,0.9900000095367432,1.0,1.0,858500
2009-02-13,1.0299999713897705,1.0399999618530273,0.949999988079071,0.9800000190734863,0.9800000190734863,596900
2009-02-17,1.059999942779541,1.059999942779541,0.8399999737739563,0.9800000190734863,0.9800000190734863,748200
2009-02-18,0.9900000095367432,0.9900000095367432,0.9300000071525574,0.9399999976158142,0.9399999976158142,225700
2009-02-19,0.9700000286102295,0.9700000286102295,0.8500000238418579,0.8500000238418579,0.8500000238418579,319000
2009-02-20,0.8500000238418579,0.8799999952316284,0.7400000095367432,0.8399999737739563,0.8399999737739563,571100
2009-02-23,0.8700000047683716,0.8999999761581421,0.8500000238418579,0.8700000047683716,0.8700000047683716,253400
2009-02-24,0.8999999761581421,1.1799999475479126,0.8799999952316284,1.1399999856948853,1.1399999856948853,730100
2009-02-25,1.1399999856948853,1.1799999475479126,0.7599999904632568,0.7699999809265137,0.7699999809265137,1528800
2009-02-26,0.8399999737739563,0.9800000190734863,0.800000011920929,0.8600000143051147,0.8600000143051147,1180100
2009-02-27,0.8500000238418579,0.9700000286102295,0.8500000238418579,0.9300000071525574,0.9300000071525574,551100
2009-03-02,0.8700000047683716,0.9100000262260437,0.7599999904632568,0.7599999904632568,0.7599999904632568,493400
2009-03-03,0.8399999737739563,0.8500000238418579,0.7400000095367432,0.7400000095367432,0.7400000095367432,393000
2009-03-04,0.7699999809265137,0.8799999952316284,0.7699999809265137,0.7900000214576721,0.7900000214576721,489300
2009-03-05,0.7900000214576721,0.7900000214576721,0.5600000023841858,0.5600000023841858,0.5600000023841858,864900
2009-03-06,0.6000000238418579,0.6000000238418579,0.30000001192092896,0.4000000059604645,0.4000000059604645,1231600
2009-03-09,0.4300000071525574,0.4300000071525574,0.25999999046325684,0.28999999165534973,0.28999999165534973,1162900
2009-03-10,0.3199999928474426,0.4000000059604645,0.28999999165534973,0.33000001311302185,0.33000001311302185,1857000
2009-03-11,0.3700000047683716,0.5600000023841858,0.36000001430511475,0.44999998807907104,0.44999998807907104,1689100
2009-03-12,0.47999998927116394,0.8199999928474426,0.47999998927116394,0.75,0.75,1506700
2009-03-13,0.6800000071525574,0.8500000238418579,0.6800000071525574,0.7900000214576721,0.7900000214576721,1236600
2009-03-16,0.8500000238418579,1.5800000429153442,0.7900000214576721,1.1100000143051147,1.1100000143051147,2865800
2009-03-17,1.1399999856948853,1.4800000190734863,1.1299999952316284,1.25,1.25,2043500
2009-03-18,1.2899999618530273,1.649999976158142,1.2899999618530273,1.5499999523162842,1.5499999523162842,1600600
2009-03-19,1.600000023841858,2.8499999046325684,1.559999942779541,1.559999942779541,1.559999942779541,4342200
2009-03-20,1.6799999475479126,1.940000057220459,1.3300000429153442,1.7599999904632568,1.7599999904632568,2823600
2009-03-23,1.659999966621399,1.8899999856948853,1.399999976158142,1.840000033378601,1.840000033378601,1604400
2009-03-24,1.7999999523162842,1.8799999952316284,1.600000023841858,1.7200000286102295,1.7200000286102295,1077600
2009-03-25,1.75,1.850000023841858,1.559999942779541,1.690000057220459,1.690000057220459,764400
2009-03-26,1.7400000095367432,1.9500000476837158,1.7200000286102295,1.9500000476837158,1.9500000476837158,764500
2009-03-27,1.940000057220459,2.0,1.75,1.7599999904632568,1.7599999904632568,981000
2009-03-30,1.6200000047683716,1.6200000047683716,1.340000033378601,1.3700000047683716,1.3700000047683716,1494600
2009-03-31,1.309999942779541,1.4299999475479126,1.149999976158142,1.3200000524520874,1.3200000524520874,1189100
2009-04-01,1.309999942779541,1.309999942779541,1.1299999952316284,1.2300000190734863,1.2300000190734863,1074300
2009-04-02,1.3200000524520874,1.4500000476837158,1.2999999523162842,1.4299999475479126,1.4299999475479126,1064600
2009-04-03,1.4800000190734863,1.6399999856948853,1.4299999475479126,1.5499999523162842,1.5499999523162842,789100
2009-04-06,1.4800000190734863,1.7200000286102295,1.4800000190734863,1.6200000047683716,1.6200000047683716,786000
2009-04-07,1.659999966621399,1.659999966621399,1.3700000047683716,1.399999976158142,1.399999976158142,663300
2009-04-08,1.399999976158142,1.7699999809265137,1.399999976158142,1.4900000095367432,1.4900000095367432,893200
2009-04-09,1.649999976158142,1.6699999570846558,1.5399999618530273,1.600000023841858,1.600000023841858,1531700
2009-04-13,1.5399999618530273,1.6299999952316284,1.4500000476837158,1.5800000429153442,1.5800000429153442,868600
2009-04-14,1.5299999713897705,1.600000023841858,1.4800000190734863,1.5499999523162842,1.5499999523162842,1105400
2009-04-15,1.5199999809265137,1.5800000429153442,1.4800000190734863,1.4900000095367432,1.4900000095367432,513100
2009-04-16,1.5,1.5299999713897705,1.4500000476837158,1.5,1.5,517400
2009-04-17,1.5,1.559999942779541,1.3200000524520874,1.340000033378601,1.340000033378601,1088600
2009-04-20,1.399999976158142,1.4600000381469727,1.1399999856948853,1.2100000381469727,1.2100000381469727,1345000
2009-04-21,1.2000000476837158,1.409999966621399,1.2000000476837158,1.3799999952316284,1.3799999952316284,798500
2009-04-22,1.340000033378601,1.4800000190734863,1.309999942779541,1.350000023841858,1.350000023841858,789700
2009-04-23,1.3600000143051147,1.3600000143051147,1.0,1.0700000524520874,1.0700000524520874,1426200
2009-04-24,1.2699999809265137,1.2899999618530273,1.0,1.0,1.0,2455000
2009-04-27,1.0299999713897705,1.149999976158142,1.0199999809265137,1.0299999713897705,1.0299999713897705,1806800
2009-04-28,1.0299999713897705,1.1100000143051147,1.0,1.059999942779541,1.059999942779541,736900
2009-04-29,1.1100000143051147,1.1200000047683716,1.0399999618530273,1.1200000047683716,1.1200000047683716,1044000
2009-04-30,1.159999966621399,1.1799999475479126,1.0,1.0,1.0,1575900
2009-05-01,1.0199999809265137,1.1200000047683716,1.0199999809265137,1.090000033378601,1.090000033378601,1203100
2009-05-04,1.1200000047683716,1.1200000047683716,1.0199999809265137,1.059999942779541,1.059999942779541,1421600
2009-05-05,1.0499999523162842,1.0700000524520874,1.0199999809265137,1.0299999713897705,1.0299999713897705,1035800
2009-05-06,1.100000023841858,1.7000000476837158,1.100000023841858,1.590000033378601,1.590000033378601,8945700
2009-05-07,1.7400000095367432,1.8700000047683716,1.350000023841858,1.5099999904632568,1.5099999904632568,4186100
2009-05-08,2.0199999809265137,4.639999866485596,1.850000023841858,4.0,4.0,25964200
2009-05-11,3.75,3.7899999618530273,2.9000000953674316,3.0199999809265137,3.0199999809265137,6673400
2009-05-12,3.009999990463257,3.259999990463257,2.180000066757202,2.359999895095825,2.359999895095825,8323600
2009-05-13,2.25,2.4700000286102295,2.0,2.0999999046325684,2.0999999046325684,6250600
2009-05-14,2.069999933242798,2.549999952316284,1.9900000095367432,2.2200000286102295,2.2200000286102295,5565700
2009-05-15,2.2200000286102295,2.3499999046325684,2.0399999618530273,2.0899999141693115,2.0899999141693115,2682400
2009-05-18,2.119999885559082,2.2799999713897705,2.0299999713897705,2.2300000190734863,2.2300000190734863,2537800
2009-05-19,2.3299999237060547,2.430000066757202,2.130000114440918,2.390000104904175,2.390000104904175,2444400
2009-05-20,2.450000047683716,2.6700000762939453,2.319999933242798,2.3499999046325684,2.3499999046325684,2374800
2009-05-21,2.3399999141693115,2.430000066757202,2.1500000953674316,2.4000000953674316,2.4000000953674316,1514400
2009-05-22,2.4700000286102295,2.5299999713897705,2.2200000286102295,2.25,2.25,1176600
2009-05-26,2.2200000286102295,2.569999933242798,2.0999999046325684,2.309999942779541,2.309999942779541,4079400
2009-05-27,2.259999990463257,2.4000000953674316,2.0999999046325684,2.240000009536743,2.240000009536743,2770800
2009-05-28,2.2100000381469727,2.5,2.0,2.1600000858306885,2.1600000858306885,4322200
2009-05-29,2.1600000858306885,2.180000066757202,1.9299999475479126,2.0399999618530273,2.0399999618530273,3452800
2009-06-01,1.8899999856948853,2.640000104904175,1.8899999856948853,2.509999990463257,2.509999990463257,6627900
2009-06-02,2.490000009536743,2.609999895095825,2.259999990463257,2.5399999618530273,2.5399999618530273,3341300
2009-06-03,2.5199999809265137,2.5199999809265137,2.240000009536743,2.299999952316284,2.299999952316284,2459000
2009-06-04,2.3299999237060547,2.6500000953674316,2.299999952316284,2.559999942779541,2.559999942779541,4059700
2009-06-05,2.5899999141693115,2.9100000858306885,2.4100000858306885,2.859999895095825,2.859999895095825,5204100
2009-06-08,2.7200000286102295,3.0899999141693115,2.7100000381469727,2.940000057220459,2.940000057220459,3729900
2009-06-09,3.049999952316284,3.7100000381469727,3.049999952316284,3.5799999237060547,3.5799999237060547,8588500
2009-06-10,3.9800000190734863,4.949999809265137,3.799999952316284,4.5,4.5,21204800
2009-06-11,4.5,4.739999771118164,4.269999980926514,4.300000190734863,4.300000190734863,7974800
2009-06-12,4.170000076293945,4.300000190734863,3.8499999046325684,3.950000047683716,3.950000047683716,4149500
2009-06-15,3.819999933242798,3.8499999046325684,3.450000047683716,3.5899999141693115,3.5899999141693115,3508700
2009-06-16,3.75,3.9800000190734863,3.2799999713897705,3.5199999809265137,3.5199999809265137,6005500
2009-06-17,3.380000114440918,3.5899999141693115,2.8399999141693115,3.440000057220459,3.440000057220459,5520900
2009-06-18,3.509999990463257,3.5899999141693115,3.2200000286102295,3.299999952316284,3.299999952316284,2929300
2009-06-19,3.450000047683716,3.5,3.180000066757202,3.309999942779541,3.309999942779541,3201600
2009-06-22,3.2899999618530273,3.2899999618530273,2.950000047683716,3.0,3.0,2549500
2009-06-23,3.0,3.059999942779541,2.450000047683716,2.799999952316284,2.799999952316284,5568100
2009-06-24,2.8399999141693115,3.309999942779541,2.809999942779541,3.200000047683716,3.200000047683716,7972800
2009-06-25,3.0999999046325684,3.380000114440918,2.950000047683716,3.2699999809265137,3.2699999809265137,5069900
2009-06-26,3.140000104904175,3.440000057220459,3.059999942779541,3.359999895095825,3.359999895095825,5760700
2009-06-29,3.319999933242798,3.6600000858306885,3.299999952316284,3.559999942779541,3.559999942779541,4112200
2009-06-30,3.569999933242798,3.819999933242798,3.359999895095825,3.440000057220459,3.440000057220459,3041900
2009-07-01,3.490000009536743,3.6600000858306885,3.430000066757202,3.5799999237060547,3.5799999237060547,6073500
2009-07-02,3.4100000858306885,3.450000047683716,3.1500000953674316,3.259999990463257,3.259999990463257,4307600
2009-07-06,3.2300000190734863,3.2300000190734863,2.700000047683716,2.8399999141693115,2.8399999141693115,5472000
2009-07-07,2.5999999046325684,2.6500000953674316,1.9199999570846558,2.380000114440918,2.380000114440918,18117100
2009-07-08,2.2100000381469727,2.369999885559082,1.7300000190734863,1.809999942779541,1.809999942779541,14111100
2009-07-09,1.9199999570846558,2.1600000858306885,1.850000023841858,1.9500000476837158,1.9500000476837158,11302100
2009-07-10,2.059999942779541,2.3399999141693115,1.6699999570846558,1.7899999618530273,1.7899999618530273,11691600
2009-07-13,1.659999966621399,1.690000057220459,1.3200000524520874,1.5199999809265137,1.5199999809265137,10978000
2009-07-14,1.4199999570846558,1.4900000095367432,1.350000023841858,1.4199999570846558,1.4199999570846558,7094000
2009-07-15,1.4600000381469727,1.5800000429153442,1.4600000381469727,1.5,1.5,5099500
2009-07-16,1.5199999809265137,1.5199999809265137,1.3799999952316284,1.409999966621399,1.409999966621399,2711300
2009-07-17,1.4500000476837158,1.4800000190734863,1.2599999904632568,1.3600000143051147,1.3600000143051147,4001800
2009-07-20,1.4199999570846558,1.559999942779541,1.3600000143051147,1.4900000095367432,1.4900000095367432,4128900
2009-07-21,1.5099999904632568,1.5099999904632568,1.3600000143051147,1.409999966621399,1.409999966621399,2572400
2009-07-22,1.3899999856948853,1.3899999856948853,1.2699999809265137,1.2799999713897705,1.2799999713897705,3414700
2009-07-23,1.3300000429153442,1.3700000047683716,1.1299999952316284,1.1299999952316284,1.1299999952316284,4820800
2009-07-24,1.1299999952316284,1.2899999618530273,1.1100000143051147,1.2100000381469727,1.2100000381469727,5070500
2009-07-27,1.2200000286102295,1.350000023841858,1.2100000381469727,1.2799999713897705,1.2799999713897705,4559100
2009-07-28,1.340000033378601,1.3799999952316284,1.2799999713897705,1.340000033378601,1.340000033378601,3592600
2009-07-29,1.3600000143051147,2.140000104904175,1.3200000524520874,2.009999990463257,2.009999990463257,23954700
2009-07-30,2.0999999046325684,2.109999895095825,1.6299999952316284,1.7400000095367432,1.7400000095367432,19657000
2009-07-31,1.8200000524520874,2.390000104904175,1.6399999856948853,2.200000047683716,2.200000047683716,20004700
2009-08-03,2.5,3.069999933242798,2.319999933242798,2.7699999809265137,2.7699999809265137,22905800
2009-08-04,2.9200000762939453,3.009999990463257,2.5399999618530273,2.609999895095825,2.609999895095825,13934500
2009-08-05,2.7200000286102295,3.9800000190734863,2.25,3.75,3.75,37559700
2009-08-06,3.75,3.950000047683716,2.7699999809265137,3.1500000953674316,3.1500000953674316,24854900
2009-08-07,3.3299999237060547,3.5199999809265137,3.119999885559082,3.2100000381469727,3.2100000381469727,9553600
2009-08-10,3.200000047683716,3.690000057220459,3.0799999237060547,3.4000000953674316,3.4000000953674316,9653500
2009-08-11,3.490000009536743,3.8299999237060547,3.049999952316284,3.430000066757202,3.430000066757202,19775100
2009-08-12,3.450000047683716,3.5999999046325684,3.180000066757202,3.240000009536743,3.240000009536743,8934100
2009-08-13,3.299999952316284,3.3399999141693115,3.049999952316284,3.0799999237060547,3.0799999237060547,11234900
2009-08-14,3.0799999237060547,3.140000104904175,2.819999933242798,2.9100000858306885,2.9100000858306885,6342600
2009-08-17,2.799999952316284,2.799999952316284,2.5899999141693115,2.619999885559082,2.619999885559082,4550700
2009-08-18,3.0399999618530273,5.889999866485596,3.0199999809265137,5.699999809265137,5.699999809265137,103526300
2009-08-19,5.46999979019165,7.110000133514404,5.460000038146973,6.260000228881836,6.260000228881836,66432100
2009-08-20,6.539999961853027,6.75,6.21999979019165,6.610000133514404,6.610000133514404,20101400
2009-08-21,6.489999771118164,6.659999847412109,6.260000228881836,6.380000114440918,6.380000114440918,10036200
2009-08-24,6.329999923706055,6.5,5.829999923706055,5.960000038146973,5.960000038146973,10172600
2009-08-25,5.860000133514404,6.230000019073486,5.849999904632568,6.179999828338623,6.179999828338623,5135800
2009-08-26,6.300000190734863,6.400000095367432,6.119999885559082,6.21999979019165,6.21999979019165,4981200
2009-08-27,6.21999979019165,6.699999809265137,6.110000133514404,6.340000152587891,6.340000152587891,6492600
2009-08-28,6.46999979019165,6.71999979019165,6.289999961853027,6.510000228881836,6.510000228881836,7418400
2009-08-31,6.550000190734863,6.579999923706055,6.059999942779541,6.179999828338623,6.179999828338623,6175700
2009-09-01,5.650000095367432,5.960000038146973,5.480000019073486,5.559999942779541,5.559999942779541,8539900
2009-09-02,5.300000190734863,5.75,5.21999979019165,5.489999771118164,5.489999771118164,4184600
2009-09-03,5.940000057220459,5.940000057220459,5.619999885559082,5.920000076293945,5.920000076293945,3618700
2009-09-04,5.920000076293945,5.980000019073486,5.650000095367432,5.869999885559082,5.869999885559082,2723000
2009-09-08,5.949999809265137,5.96999979019165,5.659999847412109,5.869999885559082,5.869999885559082,2324700
2009-09-09,5.880000114440918,6.25,5.730000019073486,6.059999942779541,6.059999942779541,4740500
2009-09-10,6.070000171661377,6.440000057220459,6.010000228881836,6.320000171661377,6.320000171661377,3066500
2009-09-11,7.199999809265137,8.119999885559082,7.130000114440918,7.340000152587891,7.340000152587891,24113100
2009-09-14,7.320000171661377,7.860000133514404,7.099999904632568,7.659999847412109,7.659999847412109,7981400
2009-09-15,7.75,8.170000076293945,7.349999904632568,7.900000095367432,7.900000095367432,8564400
2009-09-16,8.140000343322754,8.3100004196167,7.96999979019165,8.130000114440918,8.130000114440918,6212000
2009-09-17,8.079999923706055,8.890000343322754,7.420000076293945,7.679999828338623,7.679999828338623,12352600
2009-09-18,7.909999847412109,7.940000057220459,7.489999771118164,7.5,7.5,4757700
2009-09-21,7.429999828338623,7.5,7.119999885559082,7.409999847412109,7.409999847412109,3321200
2009-09-22,7.550000190734863,7.840000152587891,7.46999979019165,7.800000190734863,7.800000190734863,4083600
2009-09-23,7.809999942779541,7.940000057220459,7.559999942779541,7.619999885559082,7.619999885559082,2670600
2009-09-24,7.630000114440918,7.650000095367432,6.849999904632568,7.130000114440918,7.130000114440918,4499600
2009-09-25,7.019999980926514,7.28000020980835,6.900000095367432,7.25,7.25,2621200
2009-09-28,7.289999961853027,7.449999809265137,7.150000095367432,7.409999847412109,7.409999847412109,2579400
2009-09-29,7.420000076293945,7.5,7.320000171661377,7.349999904632568,7.349999904632568,1845400
2009-09-30,7.260000228881836,7.400000095367432,6.949999809265137,7.079999923706055,7.079999923706055,3067000
2009-10-01,7.079999923706055,7.150000095367432,6.590000152587891,6.710000038146973,6.710000038146973,3636900
2009-10-02,6.349999904632568,6.619999885559082,6.050000190734863,6.340000152587891,6.340000152587891,4804200
2009-10-05,6.389999866485596,6.949999809265137,6.329999923706055,6.880000114440918,6.880000114440918,3686700
2009-10-06,6.960000038146973,7.199999809265137,6.739999771118164,6.960000038146973,6.960000038146973,3306000
2009-10-07,7.0,7.0,6.78000020980835,6.860000133514404,6.860000133514404,1427200
2009-10-08,6.989999771118164,7.130000114440918,6.71999979019165,6.96999979019165,6.96999979019165,2658000
2009-10-09,6.949999809265137,7.25,6.900000095367432,7.190000057220459,7.190000057220459,3044100
2009-10-12,7.309999942779541,7.369999885559082,7.099999904632568,7.170000076293945,7.170000076293945,1129500
2009-10-13,7.159999847412109,7.230000019073486,6.78000020980835,6.820000171661377,6.820000171661377,2612400
2009-10-14,6.949999809265137,7.0,6.570000171661377,6.659999847412109,6.659999847412109,2661600
2009-10-15,6.639999866485596,6.730000019073486,6.449999809265137,6.579999923706055,6.579999923706055,1859400
2009-10-16,6.480000019073486,6.510000228881836,6.090000152587891,6.130000114440918,6.130000114440918,3727800
2009-10-19,6.190000057220459,6.349999904632568,5.809999942779541,6.179999828338623,6.179999828338623,3404000
2009-10-20,6.199999809265137,6.340000152587891,5.889999866485596,6.0,6.0,2980900
2009-10-21,5.909999847412109,6.739999771118164,5.909999847412109,6.610000133514404,6.610000133514404,5621100
2009-10-22,6.579999923706055,7.199999809265137,6.389999866485596,7.019999980926514,7.019999980926514,4628100
2009-10-23,7.059999942779541,7.170000076293945,6.71999979019165,6.829999923706055,6.829999923706055,2969000
2009-10-26,6.809999942779541,7.0,6.650000095367432,6.829999923706055,6.829999923706055,2932200
2009-10-27,6.849999904632568,6.949999809265137,6.409999847412109,6.449999809265137,6.449999809265137,3446600
2009-10-28,6.409999847412109,6.550000190734863,5.5,5.630000114440918,5.630000114440918,4670600
2009-10-29,5.820000171661377,6.730000019073486,5.650000095367432,6.590000152587891,6.590000152587891,5412300
2009-10-30,6.699999809265137,7.300000190734863,5.860000133514404,5.989999771118164,5.989999771118164,9710800
2009-11-02,6.28000020980835,6.389999866485596,5.659999847412109,6.059999942779541,6.059999942779541,5979600
2009-11-03,6.010000228881836,6.489999771118164,5.860000133514404,6.329999923706055,6.329999923706055,4064600
2009-11-04,6.449999809265137,6.710000038146973,6.349999904632568,6.460000038146973,6.460000038146973,3336800
2009-11-05,6.510000228881836,7.059999942779541,6.510000228881836,6.889999866485596,6.889999866485596,4861500
2009-11-06,6.710000038146973,7.019999980926514,6.550000190734863,7.0,7.0,3336300
2009-11-09,7.21999979019165,7.400000095367432,7.130000114440918,7.190000057220459,7.190000057220459,3159100
2009-11-10,7.050000190734863,7.46999979019165,7.050000190734863,7.28000020980835,7.28000020980835,4195800
2009-11-11,7.429999828338623,7.449999809265137,7.070000171661377,7.170000076293945,7.170000076293945,2485300
2009-11-12,7.119999885559082,7.230000019073486,6.769999980926514,6.800000190734863,6.800000190734863,1821200
2009-11-13,6.889999866485596,6.949999809265137,6.489999771118164,6.619999885559082,6.619999885559082,2768500
2009-11-16,6.699999809265137,7.019999980926514,6.699999809265137,6.940000057220459,6.940000057220459,2535000
2009-11-17,7.010000228881836,7.070000171661377,6.809999942779541,6.960000038146973,6.960000038146973,1946900
2009-11-18,6.949999809265137,7.059999942779541,6.800000190734863,6.840000152587891,6.840000152587891,1425800
2009-11-19,6.760000228881836,6.809999942779541,6.590000152587891,6.610000133514404,6.610000133514404,1508300
2009-11-20,6.510000228881836,6.599999904632568,6.340000152587891,6.429999828338623,6.429999828338623,1376800
2009-11-23,6.650000095367432,6.699999809265137,6.360000133514404,6.400000095367432,6.400000095367432,1384500
2009-11-24,6.360000133514404,6.420000076293945,6.210000038146973,6.309999942779541,6.309999942779541,1199000
2009-11-25,6.380000114440918,6.46999979019165,6.329999923706055,6.400000095367432,6.400000095367432,970200
2009-11-27,6.110000133514404,6.25,6.03000020980835,6.199999809265137,6.199999809265137,928600
2009-11-30,6.25,6.289999961853027,6.050000190734863,6.25,6.25,1595500
2009-12-01,6.389999866485596,6.75,6.239999771118164,6.670000076293945,6.670000076293945,4023500
2009-12-02,6.619999885559082,7.059999942779541,6.619999885559082,6.940000057220459,6.940000057220459,3441600
2009-12-03,7.03000020980835,7.090000152587891,6.659999847412109,6.659999847412109,6.659999847412109,2331500
2009-12-04,6.829999923706055,7.210000038146973,6.559999942779541,7.150000095367432,7.150000095367432,4286500
2009-12-07,6.809999942779541,7.650000095367432,6.539999961853027,7.570000171661377,7.570000171661377,6494100
2009-12-08,7.360000133514404,7.78000020980835,7.28000020980835,7.699999809265137,7.699999809265137,4369600
2009-12-09,7.630000114440918,7.880000114440918,7.360000133514404,7.409999847412109,7.409999847412109,5106500
2009-12-10,7.340000152587891,7.429999828338623,7.010000228881836,7.010000228881836,7.010000228881836,19458900
2009-12-11,7.019999980926514,7.199999809265137,6.900000095367432,6.909999847412109,6.909999847412109,4374300
2009-12-14,7.010000228881836,7.190000057220459,6.949999809265137,7.110000133514404,7.110000133514404,2730300
2009-12-15,7.119999885559082,7.360000133514404,7.090000152587891,7.170000076293945,7.170000076293945,3479600
2009-12-16,7.309999942779541,7.769999980926514,7.179999828338623,7.400000095367432,7.400000095367432,5997700
2009-12-17,7.380000114440918,7.5,7.190000057220459,7.199999809265137,7.199999809265137,2140400
2009-12-18,7.309999942779541,7.550000190734863,7.230000019073486,7.420000076293945,7.420000076293945,2915800
2009-12-21,7.539999961853027,8.130000114440918,7.460000038146973,8.100000381469727,8.100000381469727,5200100
2009-12-22,8.270000457763672,8.4399995803833,8.180000305175781,8.40999984741211,8.40999984741211,3356100
2009-12-23,8.510000228881836,8.510000228881836,8.199999809265137,8.25,8.25,1783400
2009-12-24,8.369999885559082,8.369999885559082,8.199999809265137,8.319999694824219,8.319999694824219,575400
2009-12-28,8.369999885559082,8.430000305175781,8.029999732971191,8.130000114440918,8.130000114440918,1586800
2009-12-29,8.239999771118164,8.279999732971191,8.100000381469727,8.119999885559082,8.119999885559082,995300
2009-12-30,8.100000381469727,8.15999984741211,7.920000076293945,8.079999923706055,8.079999923706055,1448600
2009-12-31,8.100000381469727,8.34000015258789,7.949999809265137,8.020000457763672,8.020000457763672,1674200
2010-01-04,8.069999694824219,8.829999923706055,8.069999694824219,8.760000228881836,8.760000228881836,3573500
2010-01-05,8.899999618530273,9.59000015258789,8.869999885559082,9.479999542236328,9.479999542236328,4733300
2010-01-06,9.640000343322754,9.8100004196167,9.40999984741211,9.569999694824219,9.569999694824219,3120800
2010-01-07,9.5600004196167,9.729999542236328,9.329999923706055,9.710000038146973,9.710000038146973,1741300
2010-01-08,9.729999542236328,10.279999732971191,9.619999885559082,10.279999732971191,10.279999732971191,3162400
2010-01-11,10.729999542236328,10.899999618530273,10.170000076293945,10.1899995803833,10.1899995803833,4062200
2010-01-12,10.119999885559082,10.130000114440918,9.510000228881836,9.600000381469727,9.600000381469727,2709000
2010-01-13,9.739999771118164,10.3100004196167,9.329999923706055,10.3100004196167,10.3100004196167,4274700
2010-01-14,10.270000457763672,10.5,10.050000190734863,10.109999656677246,10.109999656677246,2894900
2010-01-15,10.15999984741211,10.34000015258789,9.6899995803833,9.819999694824219,9.819999694824219,3178600
2010-01-19,9.8100004196167,10.260000228881836,9.8100004196167,10.25,10.25,1481700
2010-01-20,10.1899995803833,10.380000114440918,10.0,10.140000343322754,10.140000343322754,1671500
2010-01-21,10.180000305175781,10.369999885559082,9.59000015258789,9.59000015258789,9.59000015258789,2594200
2010-01-22,9.59000015258789,9.630000114440918,8.970000267028809,9.079999923706055,9.079999923706055,3855700
2010-01-25,9.390000343322754,9.640000343322754,8.84000015258789,8.949999809265137,8.949999809265137,2545100
2010-01-26,8.949999809265137,9.539999961853027,8.930000305175781,9.170000076293945,9.170000076293945,2381500
2010-01-27,9.140000343322754,9.4399995803833,8.930000305175781,9.380000114440918,9.380000114440918,1774000
2010-01-28,9.489999771118164,9.770000457763672,9.319999694824219,9.539999961853027,9.539999961853027,3436800
2010-01-29,9.710000038146973,9.880000114440918,9.300000190734863,9.350000381469727,9.350000381469727,4437900
2010-02-01,9.420000076293945,10.119999885559082,9.420000076293945,10.109999656677246,10.109999656677246,3456200
2010-02-02,10.220000267028809,10.329999923706055,9.8100004196167,10.229999542236328,10.229999542236328,3430000
2010-02-03,10.229999542236328,10.470000267028809,9.680000305175781,9.989999771118164,9.989999771118164,4320800
2010-02-04,9.8100004196167,9.859999656677246,9.25,9.420000076293945,9.420000076293945,3328400
2010-02-05,9.510000228881836,9.520000457763672,8.109999656677246,8.420000076293945,8.420000076293945,10037900
2010-02-08,8.630000114440918,8.989999771118164,8.279999732971191,8.600000381469727,8.600000381469727,4294500
2010-02-09,8.960000038146973,9.0,8.550000190734863,8.920000076293945,8.920000076293945,4345600
2010-02-10,8.890000343322754,8.9399995803833,8.579999923706055,8.649999618530273,8.649999618530273,3144500
2010-02-11,8.6899995803833,8.770000457763672,8.460000038146973,8.670000076293945,8.670000076293945,1991700
2010-02-12,8.550000190734863,8.710000038146973,8.34000015258789,8.699999809265137,8.699999809265137,2917900
2010-02-16,8.869999885559082,9.050000190734863,8.6899995803833,9.020000457763672,9.020000457763672,3438600
2010-02-17,9.020000457763672,9.130000114440918,8.720000267028809,8.789999961853027,8.789999961853027,2509000
2010-02-18,8.979999542236328,9.119999885559082,8.84000015258789,9.119999885559082,9.119999885559082,2602300
2010-02-19,9.020000457763672,9.15999984741211,8.920000076293945,9.029999732971191,9.029999732971191,1549400
2010-02-22,9.0600004196167,9.5,9.050000190734863,9.399999618530273,9.399999618530273,3248400
2010-02-23,9.300000190734863,9.550000190734863,9.130000114440918,9.1899995803833,9.1899995803833,3464500
2010-02-24,9.220000267028809,9.579999923706055,9.220000267028809,9.539999961853027,9.539999961853027,2227300
2010-02-25,9.350000381469727,9.770000457763672,9.199999809265137,9.75,9.75,2555100
2010-02-26,9.739999771118164,9.90999984741211,9.710000038146973,9.8100004196167,9.8100004196167,2014200
2010-03-01,9.899999618530273,10.239999771118164,9.779999732971191,10.170000076293945,10.170000076293945,2653500
2010-03-02,10.260000228881836,10.300000190734863,10.0,10.020000457763672,10.020000457763672,1976100
2010-03-03,10.069999694824219,10.170000076293945,9.630000114440918,9.699999809265137,9.699999809265137,2227800
2010-03-04,9.720000267028809,9.880000114440918,9.420000076293945,9.600000381469727,9.600000381469727,2055400
2010-03-05,9.720000267028809,9.949999809265137,9.720000267028809,9.869999885559082,9.869999885559082,2152900
2010-03-08,9.880000114440918,9.989999771118164,9.770000457763672,9.930000305175781,9.930000305175781,2613100
2010-03-09,9.859999656677246,10.380000114440918,9.8100004196167,10.220000267028809,10.220000267028809,3802300
2010-03-10,10.229999542236328,10.319999694824219,9.8100004196167,9.979999542236328,9.979999542236328,3326100
2010-03-11,10.0,10.0,9.579999923706055,9.65999984741211,9.65999984741211,3495600
2010-03-12,9.75,10.149999618530273,9.739999771118164,10.109999656677246,10.109999656677246,2561100
2010-03-15,10.069999694824219,10.430000305175781,9.819999694824219,10.050000190734863,10.050000190734863,2769400
2010-03-16,10.09000015258789,10.3100004196167,9.90999984741211,10.3100004196167,10.3100004196167,2079000
2010-03-17,10.460000038146973,11.0600004196167,10.399999618530273,10.930000305175781,10.930000305175781,4418500
2010-03-18,11.0,11.359999656677246,10.569999694824219,10.819999694824219,10.819999694824219,4548800
2010-03-19,10.550000190734863,10.989999771118164,10.430000305175781,10.550000190734863,10.550000190734863,2789900
2010-03-22,10.479999542236328,11.0,10.210000038146973,10.979999542236328,10.979999542236328,2688000
2010-03-23,11.09000015258789,11.300000190734863,10.850000381469727,11.279999732971191,11.279999732971191,2703800
2010-03-24,11.180000305175781,11.3100004196167,10.890000343322754,11.069999694824219,11.069999694824219,2065500
2010-03-25,10.880000114440918,11.130000114440918,10.510000228881836,10.520000457763672,10.520000457763672,4620500
2010-03-26,10.699999809265137,10.850000381469727,10.25,10.399999618530273,10.399999618530273,2180600
2010-03-29,10.520000457763672,10.640000343322754,10.319999694824219,10.390000343322754,10.390000343322754,1373900
2010-03-30,10.390000343322754,10.59000015258789,10.180000305175781,10.279999732971191,10.279999732971191,1270600
2010-03-31,10.199999809265137,10.199999809265137,9.90999984741211,9.979999542236328,9.979999542236328,2214700
2010-04-01,10.069999694824219,10.260000228881836,9.880000114440918,9.930000305175781,9.930000305175781,2952200
2010-04-05,10.010000228881836,10.489999771118164,9.920000076293945,10.4399995803833,10.4399995803833,4537900
2010-04-06,10.399999618530273,10.670000076293945,10.220000267028809,10.579999923706055,10.579999923706055,1725700
2010-04-07,10.569999694824219,10.699999809265137,10.270000457763672,10.390000343322754,10.390000343322754,2406300
2010-04-08,10.3100004196167,10.420000076293945,10.15999984741211,10.1899995803833,10.1899995803833,1771900
2010-04-09,10.279999732971191,10.390000343322754,10.0600004196167,10.09000015258789,10.09000015258789,1642100
2010-04-12,10.180000305175781,10.800000190734863,10.130000114440918,10.739999771118164,10.739999771118164,2773700
2010-04-13,10.6899995803833,10.729999542236328,10.40999984741211,10.550000190734863,10.550000190734863,1506000
2010-04-14,10.609999656677246,11.109999656677246,10.609999656677246,11.09000015258789,11.09000015258789,2077100
2010-04-15,11.220000267028809,11.770000457763672,11.109999656677246,11.670000076293945,11.670000076293945,3325900
2010-04-16,11.6899995803833,11.90999984741211,10.899999618530273,11.100000381469727,11.100000381469727,4506700
2010-04-19,11.010000228881836,11.100000381469727,10.600000381469727,10.989999771118164,10.989999771118164,2458000
2010-04-20,11.069999694824219,11.260000228881836,10.920000076293945,11.0,11.0,1645100
2010-04-21,10.989999771118164,11.270000457763672,10.869999885559082,11.210000038146973,11.210000038146973,2048400
2010-04-22,11.010000228881836,11.489999771118164,10.90999984741211,11.380000114440918,11.380000114440918,2060400
2010-04-23,11.609999656677246,11.880000114440918,11.399999618530273,11.789999961853027,11.789999961853027,1947900
2010-04-26,11.75,12.119999885559082,11.6899995803833,11.729999542236328,11.729999542236328,1740400
2010-04-27,11.699999809265137,11.699999809265137,10.739999771118164,10.770000457763672,10.770000457763672,3301500
2010-04-28,10.930000305175781,11.220000267028809,10.779999732971191,10.920000076293945,10.920000076293945,2387900
2010-04-29,11.109999656677246,11.789999961853027,11.09000015258789,11.739999771118164,11.739999771118164,3699200
2010-04-30,11.350000381469727,11.729999542236328,10.529999732971191,10.760000228881836,10.760000228881836,5867600
2010-05-03,10.84000015258789,11.119999885559082,10.779999732971191,11.109999656677246,11.109999656677246,2345200
2010-05-04,10.8100004196167,10.920000076293945,10.3100004196167,10.359999656677246,10.359999656677246,2452600
2010-05-05,10.220000267028809,10.239999771118164,9.520000457763672,9.649999618530273,9.649999618530273,3249800
2010-05-06,9.65999984741211,10.0600004196167,8.609999656677246,9.520000457763672,9.520000457763672,4374000
2010-05-07,9.75,9.75,8.779999732971191,8.850000381469727,8.850000381469727,3481200
2010-05-10,9.800000190734863,9.829999923706055,9.109999656677246,9.279999732971191,9.279999732971191,3312300
2010-05-11,9.0600004196167,9.890000343322754,9.050000190734863,9.75,9.75,2674000
2010-05-12,9.899999618530273,10.25,9.800000190734863,10.25,10.25,1556800
2010-05-13,10.239999771118164,10.5600004196167,9.729999542236328,9.819999694824219,9.819999694824219,2303400
2010-05-14,9.720000267028809,9.720000267028809,8.890000343322754,9.029999732971191,9.029999732971191,3079000
2010-05-17,9.09000015258789,9.359999656677246,8.279999732971191,8.539999961853027,8.539999961853027,4722200
2010-05-18,8.979999542236328,8.989999771118164,8.289999961853027,8.399999618530273,8.399999618530273,3508200
2010-05-19,8.399999618530273,8.479999542236328,7.809999942779541,8.289999961853027,8.289999961853027,4603400
2010-05-20,7.789999961853027,8.0600004196167,7.510000228881836,7.909999847412109,7.909999847412109,5460200
2010-05-21,7.599999904632568,8.470000267028809,7.5,8.260000228881836,8.260000228881836,3642800
2010-05-24,8.270000457763672,9.1899995803833,8.100000381469727,8.869999885559082,8.869999885559082,12407300
2010-05-25,8.5,8.899999618530273,8.100000381469727,8.859999656677246,8.859999656677246,4690000
2010-05-26,9.180000305175781,9.199999809265137,8.550000190734863,8.630000114440918,8.630000114440918,4047400
2010-05-27,9.079999923706055,9.270000457763672,8.84000015258789,9.260000228881836,9.260000228881836,2699800
2010-05-28,9.319999694824219,9.510000228881836,8.869999885559082,8.970000267028809,8.970000267028809,2530700
2010-06-01,8.779999732971191,9.029999732971191,8.470000267028809,8.470000267028809,8.470000267028809,2034300
2010-06-02,8.529999732971191,9.100000381469727,8.420000076293945,9.100000381469727,9.100000381469727,2469500
2010-06-03,9.050000190734863,9.569999694824219,9.050000190734863,9.539999961853027,9.539999961853027,2361400
2010-06-04,9.1899995803833,9.300000190734863,8.75,8.819999694824219,8.819999694824219,2507300
2010-06-07,8.859999656677246,8.970000267028809,8.34000015258789,8.369999885559082,8.369999885559082,2217800
2010-06-08,8.430000305175781,8.760000228881836,8.119999885559082,8.390000343322754,8.390000343322754,2257500
2010-06-09,8.5,8.699999809265137,8.069999694824219,8.130000114440918,8.130000114440918,2652400
2010-06-10,8.460000038146973,8.729999542236328,8.319999694824219,8.729999542236328,8.729999542236328,1917700
2010-06-11,8.5600004196167,9.020000457763672,8.430000305175781,9.020000457763672,9.020000457763672,2256400
2010-06-14,9.149999618530273,9.489999771118164,9.029999732971191,9.079999923706055,9.079999923706055,1977000
2010-06-15,9.270000457763672,9.470000267028809,9.119999885559082,9.460000038146973,9.460000038146973,2143600
2010-06-16,9.739999771118164,9.970000267028809,9.510000228881836,9.550000190734863,9.550000190734863,3426400
2010-06-17,9.699999809265137,9.699999809265137,9.079999923706055,9.3100004196167,9.3100004196167,3052300
2010-06-18,9.369999885559082,9.430000305175781,9.180000305175781,9.359999656677246,9.359999656677246,1534600
2010-06-21,9.529999732971191,9.739999771118164,9.180000305175781,9.300000190734863,9.300000190734863,1469200
2010-06-22,9.260000228881836,9.579999923706055,9.020000457763672,9.0600004196167,9.0600004196167,2056500
2010-06-23,9.130000114440918,9.15999984741211,8.630000114440918,8.800000190734863,8.800000190734863,2203000
2010-06-24,8.710000038146973,8.819999694824219,8.5,8.5,8.5,1805200
2010-06-25,8.520000457763672,8.699999809265137,8.430000305175781,8.600000381469727,8.600000381469727,3332500
2010-06-28,8.529999732971191,8.670000076293945,8.369999885559082,8.449999809265137,8.449999809265137,1901700
2010-06-29,8.279999732971191,8.319999694824219,7.389999866485596,7.53000020980835,7.53000020980835,4298800
2010-06-30,7.559999942779541,7.840000152587891,7.269999980926514,7.329999923706055,7.329999923706055,2447600
2010-07-01,7.320000171661377,7.489999771118164,6.670000076293945,7.199999809265137,7.199999809265137,5051100
2010-07-02,7.230000019073486,7.260000228881836,6.690000057220459,7.010000228881836,7.010000228881836,3128200
2010-07-06,7.21999979019165,7.349999904632568,6.820000171661377,6.960000038146973,6.960000038146973,3004800
2010-07-07,7.010000228881836,7.510000228881836,6.929999828338623,7.480000019073486,7.480000019073486,3196600
2010-07-08,7.650000095367432,7.75,7.199999809265137,7.519999980926514,7.519999980926514,2984800
2010-07-09,7.46999979019165,7.739999771118164,7.369999885559082,7.739999771118164,7.739999771118164,1696000
2010-07-12,7.840000152587891,7.929999828338623,7.489999771118164,7.539999961853027,7.539999961853027,1924700
2010-07-13,7.710000038146973,8.210000038146973,7.710000038146973,8.149999618530273,8.149999618530273,3806700
2010-07-14,8.119999885559082,8.470000267028809,7.900000095367432,8.4399995803833,8.4399995803833,2377600
2010-07-15,8.40999984741211,8.470000267028809,8.050000190734863,8.329999923706055,8.329999923706055,2287000
2010-07-16,8.239999771118164,8.239999771118164,7.699999809265137,7.730000019073486,7.730000019073486,2179900
2010-07-19,7.760000228881836,7.929999828338623,7.46999979019165,7.929999828338623,7.929999828338623,1918000
2010-07-20,7.789999961853027,8.140000343322754,7.630000114440918,8.119999885559082,8.119999885559082,2181000
2010-07-21,8.199999809265137,8.329999923706055,7.869999885559082,7.989999771118164,7.989999771118164,3256000
2010-07-22,8.140000343322754,8.789999961853027,8.140000343322754,8.699999809265137,8.699999809265137,3973800
2010-07-23,8.8100004196167,9.149999618530273,8.449999809265137,9.140000343322754,9.140000343322754,3094000
2010-07-26,9.140000343322754,9.380000114440918,8.970000267028809,9.300000190734863,9.300000190734863,2123400
2010-07-27,9.399999618530273,9.59000015258789,8.880000114440918,8.90999984741211,8.90999984741211,2796800
2010-07-28,8.859999656677246,9.050000190734863,8.65999984741211,8.779999732971191,8.779999732971191,1664600
2010-07-29,9.050000190734863,9.199999809265137,8.569999694824219,9.100000381469727,9.100000381469727,2852500
2010-07-30,8.829999923706055,9.960000038146973,8.770000457763672,9.3100004196167,9.3100004196167,6481700
2010-08-02,9.550000190734863,10.079999923706055,9.550000190734863,10.0,10.0,5089200
2010-08-03,9.979999542236328,10.100000381469727,9.680000305175781,9.819999694824219,9.819999694824219,2881900
2010-08-04,9.880000114440918,10.09000015258789,9.819999694824219,9.949999809265137,9.949999809265137,2707500
2010-08-05,9.899999618530273,10.319999694824219,9.819999694824219,10.140000343322754,10.140000343322754,2537200
2010-08-06,9.960000038146973,10.15999984741211,9.90999984741211,10.109999656677246,10.109999656677246,2874500
2010-08-09,10.319999694824219,10.449999809265137,10.130000114440918,10.369999885559082,10.369999885559082,2497800
2010-08-10,10.220000267028809,10.25,9.90999984741211,9.949999809265137,9.949999809265137,2525600
2010-08-11,9.710000038146973,9.710000038146973,9.119999885559082,9.260000228881836,9.260000228881836,2821700
2010-08-12,9.029999732971191,9.350000381469727,8.920000076293945,9.140000343322754,9.140000343322754,1639700
2010-08-13,9.140000343322754,9.229999542236328,8.949999809265137,9.010000228881836,9.010000228881836,1222200
2010-08-16,9.109999656677246,9.369999885559082,8.9399995803833,9.180000305175781,9.180000305175781,1540400
2010-08-17,9.3100004196167,9.600000381469727,9.3100004196167,9.4399995803833,9.4399995803833,1658400
2010-08-18,9.449999809265137,9.640000343322754,9.350000381469727,9.520000457763672,9.520000457763672,1521700
2010-08-19,9.460000038146973,9.550000190734863,8.9399995803833,9.0,9.0,1801600
2010-08-20,8.930000305175781,8.930000305175781,8.680000305175781,8.850000381469727,8.850000381469727,1501700
2010-08-23,9.020000457763672,9.25,8.989999771118164,9.039999961853027,9.039999961853027,1931700
2010-08-24,8.880000114440918,8.880000114440918,8.520000457763672,8.59000015258789,8.59000015258789,2211000
2010-08-25,8.5,8.720000267028809,8.239999771118164,8.649999618530273,8.649999618530273,2863400
2010-08-26,8.800000190734863,8.949999809265137,8.40999984741211,8.430000305175781,8.430000305175781,1831900
2010-08-27,8.550000190734863,8.779999732971191,8.229999542236328,8.779999732971191,8.779999732971191,1571500
2010-08-30,8.760000228881836,8.800000190734863,8.40999984741211,8.40999984741211,8.40999984741211,1159800
2010-08-31,8.34000015258789,8.630000114440918,8.210000038146973,8.369999885559082,8.369999885559082,2171300
2010-09-01,8.569999694824219,8.850000381469727,8.5,8.84000015258789,8.84000015258789,1983500
2010-09-02,8.920000076293945,9.220000267028809,8.880000114440918,9.1899995803833,9.1899995803833,1566300
2010-09-03,9.489999771118164,9.489999771118164,9.25,9.4399995803833,9.4399995803833,1277500
2010-09-07,9.390000343322754,9.390000343322754,8.859999656677246,8.90999984741211,8.90999984741211,1842300
2010-09-08,8.899999618530273,8.930000305175781,8.649999618530273,8.739999771118164,8.739999771118164,2294700
2010-09-09,8.920000076293945,8.989999771118164,8.449999809265137,8.479999542236328,8.479999542236328,2218800
2010-09-10,8.5,8.680000305175781,8.449999809265137,8.550000190734863,8.550000190734863,1310700
2010-09-13,8.789999961853027,8.9399995803833,8.630000114440918,8.75,8.75,1445200
2010-09-14,8.65999984741211,8.789999961853027,8.5,8.5,8.5,1793300
2010-09-15,8.470000267028809,8.710000038146973,8.399999618530273,8.6899995803833,8.6899995803833,1431700
2010-09-16,8.5600004196167,8.800000190734863,8.550000190734863,8.789999961853027,8.789999961853027,1719700
2010-09-17,8.869999885559082,8.90999984741211,8.710000038146973,8.84000015258789,8.84000015258789,1285300
2010-09-20,8.899999618530273,9.25,8.75,9.199999809265137,9.199999809265137,1992400
2010-09-21,9.1899995803833,9.359999656677246,9.0600004196167,9.279999732971191,9.279999732971191,2302500
2010-09-22,9.180000305175781,9.300000190734863,8.920000076293945,9.170000076293945,9.170000076293945,2372400
2010-09-23,9.069999694824219,9.220000267028809,8.829999923706055,8.850000381469727,8.850000381469727,1638400
2010-09-24,9.010000228881836,9.210000038146973,9.010000228881836,9.15999984741211,9.15999984741211,1675000
2010-09-27,9.170000076293945,9.399999618530273,9.09000015258789,9.359999656677246,9.359999656677246,1769200
2010-09-28,9.390000343322754,9.40999984741211,9.149999618530273,9.40999984741211,9.40999984741211,1570300
2010-09-29,9.350000381469727,9.489999771118164,9.229999542236328,9.270000457763672,9.270000457763672,1390300
2010-09-30,9.369999885559082,9.369999885559082,8.989999771118164,9.020000457763672,9.020000457763672,1549300
2010-10-01,9.140000343322754,9.149999618530273,8.720000267028809,8.75,8.75,4395800
2010-10-04,8.720000267028809,8.890000343322754,8.539999961853027,8.579999923706055,8.579999923706055,2082400
2010-10-05,8.710000038146973,8.989999771118164,8.520000457763672,8.90999984741211,8.90999984741211,2669400
2010-10-06,8.899999618530273,8.960000038146973,8.720000267028809,8.770000457763672,8.770000457763672,1471200
2010-10-07,8.899999618530273,8.899999618530273,8.649999618530273,8.6899995803833,8.6899995803833,1698800
2010-10-08,8.6899995803833,9.130000114440918,8.670000076293945,9.0600004196167,9.0600004196167,2335000
2010-10-11,9.100000381469727,9.100000381469727,8.850000381469727,8.989999771118164,8.989999771118164,1499500
2010-10-12,8.899999618530273,9.180000305175781,8.789999961853027,9.079999923706055,9.079999923706055,2549900
2010-10-13,9.15999984741211,9.449999809265137,9.09000015258789,9.170000076293945,9.170000076293945,2652800
2010-10-14,9.149999618530273,9.229999542236328,8.890000343322754,8.949999809265137,8.949999809265137,2997100
2010-10-15,9.119999885559082,9.140000343322754,8.819999694824219,8.989999771118164,8.989999771118164,2175900
2010-10-18,9.029999732971191,9.210000038146973,9.0,9.100000381469727,9.100000381469727,2256400
2010-10-19,8.989999771118164,9.050000190734863,8.6899995803833,8.729999542236328,8.729999542236328,2321300
2010-10-20,8.84000015258789,9.130000114440918,8.770000457763672,9.100000381469727,9.100000381469727,2105700
2010-10-21,9.149999618530273,9.369999885559082,9.020000457763672,9.229999542236328,9.229999542236328,3084500
2010-10-22,9.300000190734863,9.359999656677246,9.199999809265137,9.210000038146973,9.210000038146973,1536400
2010-10-25,9.359999656677246,9.630000114440918,9.300000190734863,9.529999732971191,9.529999732971191,2851900
2010-10-26,9.470000267028809,9.630000114440918,9.3100004196167,9.600000381469727,9.600000381469727,2217900
2010-10-27,9.520000457763672,9.609999656677246,9.399999618530273,9.489999771118164,9.489999771118164,1934600
2010-10-28,9.630000114440918,9.90999984741211,9.4399995803833,9.829999923706055,9.829999923706055,4212000
2010-10-29,10.079999923706055,10.149999618530273,9.119999885559082,9.220000267028809,9.220000267028809,7584300
2010-11-01,9.15999984741211,9.3100004196167,8.84000015258789,8.859999656677246,8.859999656677246,4555900
2010-11-02,9.029999732971191,9.140000343322754,8.899999618530273,8.970000267028809,8.970000267028809,2407600
2010-11-03,9.140000343322754,9.649999618530273,8.949999809265137,9.550000190734863,9.550000190734863,5054500
2010-11-04,9.760000228881836,10.020000457763672,9.680000305175781,9.989999771118164,9.989999771118164,4617300
2010-11-05,9.960000038146973,10.260000228881836,9.960000038146973,10.109999656677246,10.109999656677246,1950700
2010-11-08,10.100000381469727,10.649999618530273,10.100000381469727,10.529999732971191,10.529999732971191,4787700
2010-11-09,10.800000190734863,10.84000015258789,10.350000381469727,10.460000038146973,10.460000038146973,3755900
2010-11-10,10.4399995803833,10.770000457763672,10.260000228881836,10.729999542236328,10.729999542236328,2548600
2010-11-11,10.539999961853027,10.949999809265137,10.539999961853027,10.90999984741211,10.90999984741211,1659600
2010-11-12,10.789999961853027,10.979999542236328,10.470000267028809,10.649999618530273,10.649999618530273,2119100
2010-11-15,10.710000038146973,11.140000343322754,10.680000305175781,10.84000015258789,10.84000015258789,3291500
2010-11-16,10.90999984741211,11.039999961853027,10.300000190734863,10.390000343322754,10.390000343322754,3478100
2010-11-17,10.880000114440918,11.25,10.84000015258789,11.180000305175781,11.180000305175781,5545800
2010-11-18,11.569999694824219,11.600000381469727,10.819999694824219,10.869999885559082,10.869999885559082,5025700
2010-11-19,10.920000076293945,11.149999618530273,10.869999885559082,11.069999694824219,11.069999694824219,2124000
2010-11-22,11.0,11.210000038146973,10.899999618530273,11.079999923706055,11.079999923706055,2853300
2010-11-23,10.869999885559082,10.979999542236328,10.630000114440918,10.899999618530273,10.899999618530273,2031500
2010-11-24,10.989999771118164,11.100000381469727,10.829999923706055,10.989999771118164,10.989999771118164,1785500
2010-11-26,10.930000305175781,11.069999694824219,10.760000228881836,10.960000038146973,10.960000038146973,700100
2010-11-29,10.960000038146973,10.960000038146973,10.649999618530273,10.760000228881836,10.760000228881836,1900100
2010-11-30,10.600000381469727,10.84000015258789,10.510000228881836,10.739999771118164,10.739999771118164,1408400
2010-12-01,11.020000457763672,11.0600004196167,10.430000305175781,10.65999984741211,10.65999984741211,2708900
2010-12-02,10.720000267028809,11.09000015258789,10.720000267028809,11.0,11.0,2184900
2010-12-03,10.84000015258789,11.5,10.819999694824219,11.470000267028809,11.470000267028809,2092300
2010-12-06,11.399999618530273,11.920000076293945,11.279999732971191,11.760000228881836,11.760000228881836,2916200
2010-12-07,12.0,12.260000228881836,11.949999809265137,12.0,12.0,3902200
2010-12-08,11.989999771118164,11.989999771118164,11.609999656677246,11.949999809265137,11.949999809265137,1740800
2010-12-09,11.970000267028809,12.300000190734863,11.899999618530273,12.09000015258789,12.09000015258789,1919500
2010-12-10,12.180000305175781,12.470000267028809,12.010000228881836,12.430000305175781,12.430000305175781,1937100
2010-12-13,12.460000038146973,12.600000381469727,12.3100004196167,12.489999771118164,12.489999771118164,2393900
2010-12-14,12.489999771118164,12.770000457763672,12.430000305175781,12.65999984741211,12.65999984741211,2518500
2010-12-15,12.609999656677246,12.770000457763672,12.430000305175781,12.5,12.5,1254100
2010-12-16,12.59000015258789,12.819999694824219,12.529999732971191,12.789999961853027,12.789999961853027,1246200
2010-12-17,12.800000190734863,12.850000381469727,12.600000381469727,12.680000305175781,12.680000305175781,1371000
2010-12-20,12.770000457763672,13.25,12.75,13.25,13.25,2191300
2010-12-21,13.359999656677246,13.359999656677246,13.140000343322754,13.270000457763672,13.270000457763672,1425000
2010-12-22,13.34000015258789,13.350000381469727,12.8100004196167,12.850000381469727,12.850000381469727,1581100
2010-12-23,12.850000381469727,12.9399995803833,12.720000267028809,12.880000114440918,12.880000114440918,1174600
2010-12-27,12.859999656677246,12.859999656677246,12.649999618530273,12.859999656677246,12.859999656677246,671900
2010-12-28,12.920000076293945,12.949999809265137,12.800000190734863,12.859999656677246,12.859999656677246,815700
2010-12-29,12.869999885559082,12.899999618530273,12.680000305175781,12.729999542236328,12.729999542236328,848100
2010-12-30,12.739999771118164,12.869999885559082,12.680000305175781,12.770000457763672,12.770000457763672,779100
2010-12-31,12.760000228881836,12.949999809265137,12.760000228881836,12.859999656677246,12.859999656677246,875600
2011-01-03,13.0,13.65999984741211,12.949999809265137,13.520000457763672,13.520000457763672,2007900
2011-01-04,13.640000343322754,14.100000381469727,13.359999656677246,14.09000015258789,14.09000015258789,3014200
2011-01-05,14.020000457763672,14.5,13.829999923706055,14.350000381469727,14.350000381469727,2441900
2011-01-06,14.399999618530273,14.449999809265137,13.869999885559082,13.979999542236328,13.979999542236328,1948300
2011-01-07,14.069999694824219,14.239999771118164,13.6899995803833,13.989999771118164,13.989999771118164,1854600
2011-01-10,14.050000190734863,15.279999732971191,13.800000190734863,15.229999542236328,15.229999542236328,4642600
2011-01-11,15.359999656677246,15.390000343322754,14.989999771118164,15.319999694824219,15.319999694824219,3187800
2011-01-12,15.430000305175781,15.899999618530273,15.289999961853027,15.5,15.5,4301700
2011-01-13,15.619999885559082,16.010000228881836,15.09000015258789,15.819999694824219,15.819999694824219,3672900
2011-01-14,15.739999771118164,16.040000915527344,15.680000305175781,16.030000686645508,16.030000686645508,2651700
2011-01-18,16.100000381469727,16.200000762939453,15.65999984741211,16.149999618530273,16.149999618530273,2490100
2011-01-19,16.1200008392334,16.139999389648438,14.9399995803833,15.029999732971191,15.029999732971191,3775200
2011-01-20,14.960000038146973,15.100000381469727,14.460000038146973,14.84000015258789,14.84000015258789,3599200
2011-01-21,15.0,15.399999618530273,14.739999771118164,14.770000457763672,14.770000457763672,2201200
2011-01-24,14.770000457763672,15.119999885559082,14.710000038146973,15.050000190734863,15.050000190734863,1501100
2011-01-25,15.029999732971191,15.029999732971191,14.40999984741211,14.760000228881836,14.760000228881836,1991800
2011-01-26,14.850000381469727,15.319999694824219,14.84000015258789,15.170000076293945,15.170000076293945,2467900
2011-01-27,15.25,15.819999694824219,15.170000076293945,15.789999961853027,15.789999961853027,2451300
2011-01-28,15.5,15.5,14.180000305175781,14.520000457763672,14.520000457763672,5809200
2011-01-31,14.569999694824219,14.770000457763672,13.880000114440918,14.300000190734863,14.300000190734863,3358700
2011-02-01,14.489999771118164,14.6899995803833,14.109999656677246,14.630000114440918,14.630000114440918,3409900
2011-02-02,14.609999656677246,14.670000076293945,13.640000343322754,13.739999771118164,13.739999771118164,4180400
2011-02-03,13.649999618530273,14.40999984741211,13.329999923706055,14.319999694824219,14.319999694824219,4155300
2011-02-04,14.319999694824219,14.520000457763672,14.079999923706055,14.489999771118164,14.489999771118164,2342500
2011-02-07,14.600000381469727,14.90999984741211,14.550000190734863,14.630000114440918,14.630000114440918,3146900
2011-02-08,14.569999694824219,14.6899995803833,13.779999732971191,14.510000228881836,14.510000228881836,6888400
2011-02-09,14.399999618530273,14.4399995803833,13.890000343322754,14.020000457763672,14.020000457763672,3511500
2011-02-10,13.930000305175781,14.369999885559082,13.789999961853027,14.199999809265137,14.199999809265137,3729600
2011-02-11,14.079999923706055,14.859999656677246,14.050000190734863,14.729999542236328,14.729999542236328,3050900
2011-02-14,14.819999694824219,14.880000114440918,14.5600004196167,14.670000076293945,14.670000076293945,1892400
2011-02-15,14.609999656677246,14.609999656677246,14.319999694824219,14.420000076293945,14.420000076293945,1608400
2011-02-16,14.539999961853027,14.65999984741211,14.40999984741211,14.520000457763672,14.520000457763672,1343400
2011-02-17,14.470000267028809,14.760000228881836,14.239999771118164,14.420000076293945,14.420000076293945,2640500
2011-02-18,14.5,14.510000228881836,14.100000381469727,14.130000114440918,14.130000114440918,1467700
2011-02-22,13.899999618530273,14.020000457763672,13.359999656677246,13.420000076293945,13.420000076293945,2625400
2011-02-23,13.449999809265137,13.529999732971191,12.550000190734863,13.130000114440918,13.130000114440918,3601200
2011-02-24,13.029999732971191,13.390000343322754,12.619999885559082,12.970000267028809,12.970000267028809,2814700
2011-02-25,13.170000076293945,13.720000267028809,13.149999618530273,13.649999618530273,13.649999618530273,1988400
2011-02-28,13.680000305175781,13.869999885559082,13.15999984741211,13.369999885559082,13.369999885559082,2219900
2011-03-01,13.380000114440918,13.65999984741211,13.0600004196167,13.210000038146973,13.210000038146973,3448400
2011-03-02,13.15999984741211,13.479999542236328,13.09000015258789,13.180000305175781,13.180000305175781,2258700
2011-03-03,13.449999809265137,13.600000381469727,13.34000015258789,13.449999809265137,13.449999809265137,2220300
2011-03-04,13.430000305175781,13.5,13.149999618530273,13.329999923706055,13.329999923706055,1307500
2011-03-07,13.319999694824219,13.430000305175781,12.90999984741211,13.039999961853027,13.039999961853027,1915600
2011-03-08,12.989999771118164,13.40999984741211,12.850000381469727,13.40999984741211,13.40999984741211,1738300
2011-03-09,13.3100004196167,13.649999618530273,13.3100004196167,13.539999961853027,13.539999961853027,2077800
2011-03-10,13.229999542236328,13.789999961853027,13.039999961853027,13.3100004196167,13.3100004196167,3659400
2011-03-11,13.149999618530273,13.40999984741211,12.930000305175781,13.359999656677246,13.359999656677246,2138400
2011-03-14,13.140000343322754,13.59000015258789,13.09000015258789,13.300000190734863,13.300000190734863,1990600
2011-03-15,12.329999923706055,13.529999732971191,12.119999885559082,13.3100004196167,13.3100004196167,3176500
2011-03-16,13.229999542236328,13.350000381469727,12.59000015258789,12.789999961853027,12.789999961853027,3004400
2011-03-17,13.050000190734863,13.210000038146973,12.359999656677246,12.380000114440918,12.380000114440918,3124400
2011-03-18,12.630000114440918,12.979999542236328,12.520000457763672,12.739999771118164,12.739999771118164,2527600
2011-03-21,13.0,13.180000305175781,12.920000076293945,13.010000228881836,13.010000228881836,1156900
2011-03-22,12.989999771118164,13.050000190734863,12.619999885559082,12.720000267028809,12.720000267028809,1199900
2011-03-23,12.630000114440918,12.819999694824219,12.350000381469727,12.6899995803833,12.6899995803833,1314300
2011-03-24,12.84000015258789,13.050000190734863,12.670000076293945,12.779999732971191,12.779999732971191,1763700
2011-03-25,12.899999618530273,13.25,12.779999732971191,13.15999984741211,13.15999984741211,1931700
2011-03-28,13.15999984741211,13.369999885559082,12.960000038146973,12.979999542236328,12.979999542236328,1234700
2011-03-29,12.90999984741211,13.119999885559082,12.760000228881836,12.800000190734863,12.800000190734863,1664300
2011-03-30,12.920000076293945,13.020000457763672,12.720000267028809,12.819999694824219,12.819999694824219,1455400
2011-03-31,12.800000190734863,12.800000190734863,12.460000038146973,12.59000015258789,12.59000015258789,1554600
2011-04-01,12.760000228881836,12.960000038146973,12.479999542236328,12.489999771118164,12.489999771118164,2220000
2011-04-04,12.510000228881836,12.6899995803833,12.350000381469727,12.449999809265137,12.449999809265137,1748300
2011-04-05,12.399999618530273,12.579999923706055,12.3100004196167,12.350000381469727,12.350000381469727,1991600
2011-04-06,12.470000267028809,12.850000381469727,12.329999923706055,12.5600004196167,12.5600004196167,3845500
2011-04-07,12.579999923706055,12.619999885559082,12.140000343322754,12.1899995803833,12.1899995803833,1832400
2011-04-08,12.300000190734863,12.359999656677246,11.680000305175781,11.859999656677246,11.859999656677246,2866300
2011-04-11,11.819999694824219,11.890000343322754,11.520000457763672,11.630000114440918,11.630000114440918,1800500
2011-04-12,11.430000305175781,11.890000343322754,11.15999984741211,11.779999732971191,11.779999732971191,3266200
2011-04-13,11.890000343322754,12.029999732971191,11.670000076293945,11.710000038146973,11.710000038146973,2332500
2011-04-14,11.510000228881836,11.640000343322754,11.300000190734863,11.390000343322754,11.390000343322754,1913100
2011-04-15,11.380000114440918,11.449999809265137,11.1899995803833,11.350000381469727,11.350000381469727,1683300
2011-04-18,11.1899995803833,11.3100004196167,11.0,11.25,11.25,2655800
2011-04-19,11.289999961853027,11.609999656677246,11.289999961853027,11.569999694824219,11.569999694824219,1716000
2011-04-20,11.729999542236328,12.359999656677246,11.65999984741211,12.239999771118164,12.239999771118164,2756500
2011-04-21,12.380000114440918,12.390000343322754,12.09000015258789,12.229999542236328,12.229999542236328,969900
2011-04-25,12.229999542236328,12.300000190734863,12.069999694824219,12.140000343322754,12.140000343322754,849200
2011-04-26,12.220000267028809,12.699999809265137,12.220000267028809,12.489999771118164,12.489999771118164,2500000
2011-04-27,12.539999961853027,12.59000015258789,12.239999771118164,12.510000228881836,12.510000228881836,1935700
2011-04-28,12.520000457763672,12.619999885559082,12.3100004196167,12.600000381469727,12.600000381469727,1694400
2011-04-29,13.319999694824219,13.4399995803833,12.65999984741211,12.800000190734863,12.800000190734863,6100000
2011-05-02,12.930000305175781,12.970000267028809,12.109999656677246,12.199999809265137,12.199999809265137,3510400
2011-05-03,12.119999885559082,12.260000228881836,11.75,11.869999885559082,11.869999885559082,2928300
2011-05-04,11.869999885559082,12.0,11.619999885559082,11.75,11.75,2728500
2011-05-05,11.550000190734863,12.0,11.399999618530273,11.869999885559082,11.869999885559082,3110300
2011-05-06,12.050000190734863,12.100000381469727,11.670000076293945,11.75,11.75,1764700
2011-05-09,11.770000457763672,12.050000190734863,11.710000038146973,11.979999542236328,11.979999542236328,1629500
2011-05-10,12.0600004196167,12.229999542236328,11.890000343322754,12.220000267028809,12.220000267028809,1669600
2011-05-11,12.1899995803833,12.210000038146973,11.65999984741211,11.6899995803833,11.6899995803833,2020700
2011-05-12,11.640000343322754,11.760000228881836,11.399999618530273,11.630000114440918,11.630000114440918,1454100
2011-05-13,11.65999984741211,11.710000038146973,11.220000267028809,11.239999771118164,11.239999771118164,1510300
2011-05-16,11.210000038146973,11.59000015258789,11.109999656677246,11.119999885559082,11.119999885559082,2386600
2011-05-17,11.109999656677246,11.289999961853027,11.029999732971191,11.140000343322754,11.140000343322754,1706600
2011-05-18,11.149999618530273,11.369999885559082,11.109999656677246,11.270000457763672,11.270000457763672,1238300
2011-05-19,11.369999885559082,11.4399995803833,11.199999809265137,11.279999732971191,11.279999732971191,1142900
2011-05-20,11.239999771118164,11.239999771118164,10.760000228881836,10.779999732971191,10.779999732971191,2329800
2011-05-23,10.569999694824219,10.989999771118164,10.529999732971191,10.90999984741211,10.90999984741211,2138300
2011-05-24,10.930000305175781,11.020000457763672,10.8100004196167,10.930000305175781,10.930000305175781,1816900
2011-05-25,10.880000114440918,11.229999542236328,10.880000114440918,11.15999984741211,11.15999984741211,1476300
2011-05-26,11.109999656677246,11.180000305175781,10.890000343322754,11.140000343322754,11.140000343322754,1719700
2011-05-27,11.270000457763672,11.350000381469727,11.149999618530273,11.289999961853027,11.289999961853027,1210100
2011-05-31,11.489999771118164,11.5600004196167,11.319999694824219,11.5600004196167,11.5600004196167,1740500
2011-06-01,11.529999732971191,11.550000190734863,10.84000015258789,10.859999656677246,10.859999656677246,2507000
2011-06-02,10.850000381469727,10.880000114440918,10.380000114440918,10.479999542236328,10.479999542236328,3347600
2011-06-03,10.260000228881836,10.779999732971191,10.229999542236328,10.619999885559082,10.619999885559082,2520800
2011-06-06,10.619999885559082,10.729999542236328,10.300000190734863,10.319999694824219,10.319999694824219,1414300
2011-06-07,10.420000076293945,10.510000228881836,10.210000038146973,10.220000267028809,10.220000267028809,1115000
2011-06-08,10.149999618530273,10.319999694824219,9.880000114440918,9.899999618530273,9.899999618530273,1960500
2011-06-09,9.9399995803833,10.239999771118164,9.850000381469727,10.180000305175781,10.180000305175781,1833300
2011-06-10,10.0600004196167,10.180000305175781,9.930000305175781,9.960000038146973,9.960000038146973,1873300
2011-06-13,10.0,10.149999618530273,9.65999984741211,9.789999961853027,9.789999961853027,1886100
2011-06-14,9.960000038146973,10.390000343322754,9.960000038146973,10.329999923706055,10.329999923706055,1883800
2011-06-15,10.239999771118164,10.300000190734863,10.050000190734863,10.079999923706055,10.079999923706055,1155500
2011-06-16,10.069999694824219,10.239999771118164,9.859999656677246,10.020000457763672,10.020000457763672,1268800
2011-06-17,10.170000076293945,10.25,10.039999961853027,10.130000114440918,10.130000114440918,2050400
2011-06-20,10.109999656677246,10.40999984741211,10.020000457763672,10.25,10.25,1420100
2011-06-21,10.350000381469727,10.859999656677246,10.3100004196167,10.819999694824219,10.819999694824219,1931500
2011-06-22,10.75,11.109999656677246,10.699999809265137,10.789999961853027,10.789999961853027,2935700
2011-06-23,10.5600004196167,10.850000381469727,10.300000190734863,10.829999923706055,10.829999923706055,2587600
2011-06-24,10.880000114440918,11.039999961853027,10.729999542236328,10.930000305175781,10.930000305175781,2896400
2011-06-27,10.920000076293945,10.970000267028809,10.699999809265137,10.90999984741211,10.90999984741211,1705200
2011-06-28,10.9399995803833,11.079999923706055,10.930000305175781,11.050000190734863,11.050000190734863,1422400
2011-06-29,11.109999656677246,11.640000343322754,11.029999732971191,11.449999809265137,11.449999809265137,2523600
2011-06-30,11.470000267028809,11.6899995803833,11.3100004196167,11.380000114440918,11.380000114440918,1911900
2011-07-01,11.430000305175781,11.5600004196167,10.899999618530273,10.930000305175781,10.930000305175781,4078400
2011-07-05,10.949999809265137,11.180000305175781,10.899999618530273,10.949999809265137,10.949999809265137,1754100
2011-07-06,11.34000015258789,11.380000114440918,10.949999809265137,11.34000015258789,11.34000015258789,4438200
2011-07-07,11.470000267028809,11.979999542236328,11.460000038146973,11.960000038146973,11.960000038146973,3533800
2011-07-08,11.699999809265137,11.710000038146973,11.489999771118164,11.600000381469727,11.600000381469727,2471600
2011-07-11,11.359999656677246,11.4399995803833,11.050000190734863,11.140000343322754,11.140000343322754,2358000
2011-07-12,11.029999732971191,11.270000457763672,10.960000038146973,10.979999542236328,10.979999542236328,1671500
2011-07-13,11.050000190734863,11.359999656677246,11.050000190734863,11.34000015258789,11.34000015258789,1957100
2011-07-14,11.369999885559082,11.539999961853027,11.180000305175781,11.350000381469727,11.350000381469727,2011900
2011-07-15,11.40999984741211,11.489999771118164,11.239999771118164,11.479999542236328,11.479999542236328,1511400
2011-07-18,11.460000038146973,11.479999542236328,11.029999732971191,11.149999618530273,11.149999618530273,1371600
2011-07-19,11.260000228881836,11.399999618530273,11.100000381469727,11.260000228881836,11.260000228881836,1616800
2011-07-20,11.270000457763672,11.600000381469727,11.180000305175781,11.529999732971191,11.529999732971191,1840900
2011-07-21,11.65999984741211,11.8100004196167,11.5600004196167,11.770000457763672,11.770000457763672,1486200
2011-07-22,11.760000228881836,12.069999694824219,11.6899995803833,11.920000076293945,11.920000076293945,1407000
2011-07-25,11.699999809265137,11.859999656677246,11.539999961853027,11.579999923706055,11.579999923706055,1728900
2011-07-26,11.579999923706055,11.619999885559082,11.270000457763672,11.329999923706055,11.329999923706055,1334600
2011-07-27,11.220000267028809,11.3100004196167,10.539999961853027,10.699999809265137,10.699999809265137,2494400
2011-07-28,10.65999984741211,10.9399995803833,10.539999961853027,10.539999961853027,10.539999961853027,1998500
2011-07-29,10.930000305175781,11.789999961853027,10.420000076293945,11.470000267028809,11.470000267028809,6981500
2011-08-01,11.949999809265137,12.109999656677246,11.5,11.609999656677246,11.609999656677246,3673900
2011-08-02,11.449999809265137,11.680000305175781,10.4399995803833,10.479999542236328,10.479999542236328,5218400
2011-08-03,10.619999885559082,10.890000343322754,10.25,10.770000457763672,10.770000457763672,2842100
2011-08-04,10.529999732971191,10.550000190734863,9.6899995803833,9.739999771118164,9.739999771118164,3924600
2011-08-05,9.930000305175781,9.979999542236328,9.050000190734863,9.430000305175781,9.430000305175781,3896900
2011-08-08,8.819999694824219,9.109999656677246,8.34000015258789,8.5,8.5,4591400
2011-08-09,8.970000267028809,9.369999885559082,8.5600004196167,9.260000228881836,9.260000228881836,4764200
2011-08-10,8.949999809265137,9.470000267028809,8.819999694824219,8.930000305175781,8.930000305175781,3445500
2011-08-11,9.029999732971191,9.550000190734863,8.930000305175781,9.319999694824219,9.319999694824219,4014400
2011-08-12,9.5,9.630000114440918,9.329999923706055,9.449999809265137,9.449999809265137,2020300
2011-08-15,9.579999923706055,9.850000381469727,9.529999732971191,9.770000457763672,9.770000457763672,2115400
2011-08-16,9.600000381469727,9.84000015258789,9.4399995803833,9.520000457763672,9.520000457763672,2314800
2011-08-17,9.609999656677246,9.720000267028809,9.1899995803833,9.369999885559082,9.369999885559082,1871000
2011-08-18,9.010000228881836,9.010000228881836,8.420000076293945,8.520000457763672,8.520000457763672,2503400
2011-08-19,8.260000228881836,8.550000190734863,7.880000114440918,7.880000114440918,7.880000114440918,2755600
2011-08-22,8.260000228881836,8.260000228881836,7.710000038146973,7.730000019073486,7.730000019073486,2602700
2011-08-23,7.840000152587891,8.140000343322754,7.659999847412109,8.0600004196167,8.0600004196167,2850700
2011-08-24,8.0600004196167,8.479999542236328,7.900000095367432,8.4399995803833,8.4399995803833,2648700
2011-08-25,8.550000190734863,8.680000305175781,7.920000076293945,7.960000038146973,7.960000038146973,2000600
2011-08-26,7.889999866485596,8.350000381469727,7.78000020980835,8.1899995803833,8.1899995803833,1695200
2011-08-29,8.430000305175781,9.15999984741211,8.380000114440918,9.140000343322754,9.140000343322754,2819700
2011-08-30,9.069999694824219,9.350000381469727,8.930000305175781,9.15999984741211,9.15999984741211,2354900
2011-08-31,9.260000228881836,9.670000076293945,9.210000038146973,9.350000381469727,9.350000381469727,3219300
2011-09-01,9.3100004196167,9.350000381469727,9.0,9.010000228881836,9.010000228881836,2157200
2011-09-02,8.65999984741211,8.770000457763672,8.199999809265137,8.359999656677246,8.359999656677246,3164200
2011-09-06,8.010000228881836,8.289999961853027,7.960000038146973,8.1899995803833,8.1899995803833,2268900
2011-09-07,8.380000114440918,8.850000381469727,8.319999694824219,8.640000343322754,8.640000343322754,2803900
2011-09-08,8.399999618530273,8.630000114440918,8.109999656677246,8.199999809265137,8.199999809265137,3399600
2011-09-09,8.079999923706055,8.100000381469727,7.630000114440918,7.739999771118164,7.739999771118164,2831500
2011-09-12,7.570000171661377,7.789999961853027,7.420000076293945,7.75,7.75,2037500
2011-09-13,7.78000020980835,8.15999984741211,7.690000057220459,8.020000457763672,8.020000457763672,2627000
2011-09-14,8.210000038146973,8.539999961853027,8.010000228881836,8.369999885559082,8.369999885559082,2731700
2011-09-15,8.510000228881836,8.630000114440918,8.350000381469727,8.520000457763672,8.520000457763672,2085400
2011-09-16,8.529999732971191,8.619999885559082,8.399999618530273,8.5600004196167,8.5600004196167,1392300
2011-09-19,8.289999961853027,8.479999542236328,8.180000305175781,8.369999885559082,8.369999885559082,1303900
2011-09-20,8.390000343322754,8.460000038146973,8.050000190734863,8.0600004196167,8.0600004196167,1046200
2011-09-21,8.029999732971191,8.069999694824219,7.460000038146973,7.460000038146973,7.460000038146973,1904500
2011-09-22,7.090000152587891,7.320000171661377,6.809999942779541,6.980000019073486,6.980000019073486,2842900
2011-09-23,6.960000038146973,7.400000095367432,6.889999866485596,7.340000152587891,7.340000152587891,2056200
2011-09-26,7.440000057220459,7.760000228881836,7.239999771118164,7.739999771118164,7.739999771118164,2452900
2011-09-27,7.980000019073486,8.59000015258789,7.949999809265137,8.119999885559082,8.119999885559082,3166600
2011-09-28,8.100000381469727,8.130000114440918,7.610000133514404,7.630000114440918,7.630000114440918,2040900
2011-09-29,7.929999828338623,8.0600004196167,7.519999980926514,7.940000057220459,7.940000057220459,2491300
2011-09-30,7.769999980926514,7.960000038146973,7.53000020980835,7.630000114440918,7.630000114440918,2008400
2011-10-03,7.480000019073486,7.75,7.010000228881836,7.010000228881836,7.010000228881836,2866600
2011-10-04,6.960000038146973,7.710000038146973,6.769999980926514,7.699999809265137,7.699999809265137,2500000
2011-10-05,7.699999809265137,8.289999961853027,7.429999828338623,8.210000038146973,8.210000038146973,2998000
2011-10-06,8.1899995803833,8.649999618530273,8.130000114440918,8.600000381469727,8.600000381469727,2231800
2011-10-07,8.710000038146973,8.869999885559082,8.199999809265137,8.239999771118164,8.239999771118164,1750000
2011-10-10,8.510000228881836,8.65999984741211,8.420000076293945,8.649999618530273,8.649999618530273,2165300
2011-10-11,8.600000381469727,8.859999656677246,8.460000038146973,8.789999961853027,8.789999961853027,2160400
2011-10-12,8.920000076293945,9.09000015258789,8.8100004196167,8.850000381469727,8.850000381469727,1485300
2011-10-13,8.8100004196167,8.869999885559082,8.449999809265137,8.779999732971191,8.779999732971191,1400000
2011-10-14,8.960000038146973,9.319999694824219,8.930000305175781,9.279999732971191,9.279999732971191,1561600
2011-10-17,9.210000038146973,9.350000381469727,8.710000038146973,8.8100004196167,8.8100004196167,1527300
2011-10-18,8.84000015258789,9.390000343322754,8.609999656677246,9.279999732971191,9.279999732971191,1635800
2011-10-19,9.300000190734863,9.390000343322754,8.859999656677246,8.979999542236328,8.979999542236328,1691700
2011-10-20,9.010000228881836,9.010000228881836,8.40999984741211,8.630000114440918,8.630000114440918,1954100
2011-10-21,8.84000015258789,9.1899995803833,8.800000190734863,9.140000343322754,9.140000343322754,1703900
2011-10-24,9.180000305175781,9.5600004196167,9.15999984741211,9.5,9.5,1619700
2011-10-25,9.380000114440918,9.40999984741211,9.039999961853027,9.079999923706055,9.079999923706055,1350300
2011-10-26,9.34000015258789,9.369999885559082,9.010000228881836,9.34000015258789,9.34000015258789,1878300
2011-10-27,9.960000038146973,10.15999984741211,9.699999809265137,10.039999961853027,10.039999961853027,3214800
2011-10-28,9.899999618530273,10.130000114440918,9.380000114440918,9.65999984741211,9.65999984741211,4601200
2011-10-31,9.390000343322754,10.130000114440918,9.1899995803833,9.6899995803833,9.6899995803833,3391700
2011-11-01,9.229999542236328,9.430000305175781,9.0,9.020000457763672,9.020000457763672,3798400
2011-11-02,9.1899995803833,9.350000381469727,8.720000267028809,8.9399995803833,8.9399995803833,3807200
2011-11-03,9.220000267028809,9.5,8.880000114440918,9.359999656677246,9.359999656677246,3383000
2011-11-04,9.1899995803833,9.369999885559082,9.109999656677246,9.229999542236328,9.229999542236328,1481600
2011-11-07,9.15999984741211,9.300000190734863,9.010000228881836,9.15999984741211,9.15999984741211,2131800
2011-11-08,9.229999542236328,9.34000015258789,9.079999923706055,9.289999961853027,9.289999961853027,1657000
2011-11-09,8.979999542236328,9.050000190734863,8.359999656677246,8.470000267028809,8.470000267028809,3212000
2011-11-10,8.649999618530273,8.770000457763672,8.329999923706055,8.399999618530273,8.399999618530273,1658100
2011-11-11,8.59000015258789,8.880000114440918,8.5,8.779999732971191,8.779999732971191,1957400
2011-11-14,8.930000305175781,9.15999984741211,8.829999923706055,9.0,9.0,2195100
2011-11-15,8.920000076293945,9.119999885559082,8.84000015258789,8.989999771118164,8.989999771118164,1573900
2011-11-16,8.850000381469727,9.210000038146973,8.670000076293945,8.699999809265137,8.699999809265137,2868100
2011-11-17,8.630000114440918,8.710000038146973,8.3100004196167,8.390000343322754,8.390000343322754,2534300
2011-11-18,8.420000076293945,8.569999694824219,8.050000190734863,8.130000114440918,8.130000114440918,1690100
2011-11-21,7.869999885559082,7.949999809265137,7.619999885559082,7.769999980926514,7.769999980926514,1472800
2011-11-22,7.769999980926514,7.960000038146973,7.710000038146973,7.75,7.75,1198200
2011-11-23,7.71999979019165,7.789999961853027,7.570000171661377,7.650000095367432,7.650000095367432,1429600
2011-11-25,7.579999923706055,7.820000171661377,7.5,7.510000228881836,7.510000228881836,602300
2011-11-28,7.960000038146973,8.229999542236328,7.940000057220459,8.199999809265137,8.199999809265137,1449900
2011-11-29,8.3100004196167,8.380000114440918,7.989999771118164,8.0,8.0,1525900
2011-11-30,8.460000038146973,8.770000457763672,8.270000457763672,8.770000457763672,8.770000457763672,2100000
2011-12-01,8.670000076293945,8.850000381469727,8.470000267028809,8.489999771118164,8.489999771118164,1316200
2011-12-02,8.680000305175781,9.0,8.609999656677246,8.640000343322754,8.640000343322754,1975200
2011-12-05,8.880000114440918,9.239999771118164,8.800000190734863,9.0600004196167,9.0600004196167,2032500
2011-12-06,9.050000190734863,9.109999656677246,8.800000190734863,8.880000114440918,8.880000114440918,970100
2011-12-07,8.779999732971191,9.020000457763672,8.720000267028809,8.970000267028809,8.970000267028809,798800
2011-12-08,9.380000114440918,9.420000076293945,8.819999694824219,8.880000114440918,8.880000114440918,2729400
2011-12-09,8.899999618530273,9.1899995803833,8.779999732971191,9.15999984741211,9.15999984741211,1870900
2011-12-12,9.020000457763672,9.220000267028809,8.9399995803833,9.1899995803833,9.1899995803833,1157200
2011-12-13,9.3100004196167,9.420000076293945,8.380000114440918,8.520000457763672,8.520000457763672,2873200
2011-12-14,8.460000038146973,8.489999771118164,8.119999885559082,8.220000267028809,8.220000267028809,1744300
2011-12-15,8.40999984741211,8.819999694824219,8.3100004196167,8.609999656677246,8.609999656677246,1961500
2011-12-16,8.710000038146973,9.180000305175781,8.710000038146973,9.149999618530273,9.149999618530273,2919400
2011-12-19,9.220000267028809,9.34000015258789,9.0,9.0600004196167,9.0600004196167,2232200
2011-12-20,9.270000457763672,9.380000114440918,9.220000267028809,9.350000381469727,9.350000381469727,1073400
2011-12-21,9.279999732971191,9.600000381469727,9.170000076293945,9.520000457763672,9.520000457763672,1322600
2011-12-22,9.579999923706055,9.6899995803833,9.329999923706055,9.569999694824219,9.569999694824219,1292800
2011-12-23,9.649999618530273,9.880000114440918,9.569999694824219,9.829999923706055,9.829999923706055,1075500
2011-12-27,9.779999732971191,9.989999771118164,9.699999809265137,9.949999809265137,9.949999809265137,1058900
2011-12-28,9.90999984741211,10.020000457763672,9.619999885559082,9.779999732971191,9.779999732971191,1461600
2011-12-29,9.800000190734863,10.029999732971191,9.729999542236328,9.9399995803833,9.9399995803833,1278900
2011-12-30,9.880000114440918,10.100000381469727,9.84000015258789,9.890000343322754,9.890000343322754,899600
2012-01-03,10.229999542236328,10.65999984741211,10.1899995803833,10.489999771118164,10.489999771118164,2792700
2012-01-04,10.380000114440918,10.890000343322754,9.90999984741211,10.619999885559082,10.619999885559082,2616500
2012-01-05,10.520000457763672,11.119999885559082,10.430000305175781,11.119999885559082,11.119999885559082,2557600
2012-01-06,11.140000343322754,11.710000038146973,11.140000343322754,11.399999618530273,11.399999618530273,3958900
2012-01-09,11.3100004196167,11.5600004196167,11.1899995803833,11.34000015258789,11.34000015258789,1749200
2012-01-10,11.569999694824219,11.579999923706055,11.050000190734863,11.289999961853027,11.289999961853027,2377000
2012-01-11,11.460000038146973,11.800000190734863,11.390000343322754,11.619999885559082,11.619999885559082,2338900
2012-01-12,11.6899995803833,11.729999542236328,11.380000114440918,11.630000114440918,11.630000114440918,1336300
2012-01-13,11.40999984741211,11.619999885559082,11.220000267028809,11.270000457763672,11.270000457763672,1764500
2012-01-17,11.300000190734863,11.399999618530273,10.960000038146973,10.979999542236328,10.979999542236328,2960100
2012-01-18,11.020000457763672,11.170000076293945,10.859999656677246,11.140000343322754,11.140000343322754,2098000
2012-01-19,11.15999984741211,11.369999885559082,11.079999923706055,11.3100004196167,11.3100004196167,2124300
2012-01-20,11.319999694824219,11.399999618530273,11.180000305175781,11.3100004196167,11.3100004196167,1208700
2012-01-23,11.600000381469727,11.970000267028809,11.5,11.680000305175781,11.680000305175781,2310700
2012-01-24,11.600000381469727,12.270000457763672,11.579999923706055,12.210000038146973,12.210000038146973,3172100
2012-01-25,12.220000267028809,12.5,12.079999923706055,12.239999771118164,12.239999771118164,2963200
2012-01-26,12.3100004196167,12.59000015258789,12.239999771118164,12.380000114440918,12.380000114440918,2545000
2012-01-27,12.220000267028809,12.520000457763672,12.050000190734863,12.1899995803833,12.1899995803833,1923400
2012-01-30,12.0600004196167,12.149999618530273,11.949999809265137,12.0600004196167,12.0600004196167,1717200
2012-01-31,12.25,12.25,11.930000305175781,12.0600004196167,12.0600004196167,1625900
2012-02-01,12.25,12.319999694824219,12.100000381469727,12.15999984741211,12.15999984741211,1882000
2012-02-02,12.270000457763672,12.489999771118164,12.140000343322754,12.329999923706055,12.329999923706055,2651800
2012-02-03,12.649999618530273,12.720000267028809,11.800000190734863,12.680000305175781,12.680000305175781,5338200
2012-02-06,12.59000015258789,12.789999961853027,12.350000381469727,12.600000381469727,12.600000381469727,2331000
2012-02-07,12.529999732971191,12.6899995803833,12.449999809265137,12.489999771118164,12.489999771118164,1652500
2012-02-08,12.520000457763672,12.649999618530273,12.25,12.34000015258789,12.34000015258789,1330500
2012-02-09,12.449999809265137,12.600000381469727,12.350000381469727,12.520000457763672,12.520000457763672,3003300
2012-02-10,12.270000457763672,12.34000015258789,11.970000267028809,12.09000015258789,12.09000015258789,2835900
2012-02-13,12.3100004196167,12.5,12.25,12.34000015258789,12.34000015258789,2268400
2012-02-14,12.220000267028809,12.460000038146973,12.119999885559082,12.430000305175781,12.430000305175781,1270700
2012-02-15,12.479999542236328,12.539999961853027,12.149999618530273,12.220000267028809,12.220000267028809,1668700
2012-02-16,12.25,13.0,12.25,12.949999809265137,12.949999809265137,2187300
2012-02-17,13.0,13.079999923706055,12.75,12.850000381469727,12.850000381469727,1607400
2012-02-21,12.920000076293945,12.920000076293945,12.460000038146973,12.609999656677246,12.609999656677246,1639500
2012-02-22,12.550000190734863,12.609999656677246,12.25,12.270000457763672,12.270000457763672,1539000
2012-02-23,12.180000305175781,12.180000305175781,11.800000190734863,12.069999694824219,12.069999694824219,2723100
2012-02-24,12.079999923706055,12.350000381469727,11.970000267028809,12.170000076293945,12.170000076293945,1556500
2012-02-27,12.0,12.34000015258789,11.890000343322754,12.239999771118164,12.239999771118164,1443600
2012-02-28,12.25,12.359999656677246,11.970000267028809,12.170000076293945,12.170000076293945,1449400
2012-02-29,12.170000076293945,12.279999732971191,11.359999656677246,11.390000343322754,11.390000343322754,3602600
2012-03-01,11.539999961853027,12.029999732971191,11.520000457763672,11.850000381469727,11.850000381469727,2805600
2012-03-02,11.869999885559082,11.90999984741211,11.430000305175781,11.449999809265137,11.449999809265137,1632800
2012-03-05,11.420000076293945,11.460000038146973,11.210000038146973,11.319999694824219,11.319999694824219,1765500
2012-03-06,11.220000267028809,11.220000267028809,10.6899995803833,10.970000267028809,10.970000267028809,1889800
2012-03-07,11.0,11.279999732971191,11.0,11.140000343322754,11.140000343322754,1440000
2012-03-08,11.289999961853027,11.59000015258789,11.119999885559082,11.510000228881836,11.510000228881836,1802800
2012-03-09,11.5,11.710000038146973,11.430000305175781,11.520000457763672,11.520000457763672,1355100
2012-03-12,11.510000228881836,11.550000190734863,11.270000457763672,11.329999923706055,11.329999923706055,659600
2012-03-13,11.4399995803833,11.739999771118164,11.369999885559082,11.59000015258789,11.59000015258789,1367300
2012-03-14,11.529999732971191,11.859999656677246,11.510000228881836,11.609999656677246,11.609999656677246,1220300
2012-03-15,11.630000114440918,11.819999694824219,11.579999923706055,11.680000305175781,11.680000305175781,789900
2012-03-16,11.65999984741211,11.800000190734863,11.649999618530273,11.699999809265137,11.699999809265137,1056000
2012-03-19,11.649999618530273,11.739999771118164,11.520000457763672,11.649999618530273,11.649999618530273,1000200
2012-03-20,11.510000228881836,11.539999961853027,11.289999961853027,11.470000267028809,11.470000267028809,1236700
2012-03-21,11.510000228881836,11.850000381469727,11.510000228881836,11.819999694824219,11.819999694824219,1220800
2012-03-22,11.609999656677246,11.649999618530273,11.369999885559082,11.510000228881836,11.510000228881836,1151400
2012-03-23,11.489999771118164,11.720000267028809,11.3100004196167,11.65999984741211,11.65999984741211,1018200
2012-03-26,11.800000190734863,11.989999771118164,11.779999732971191,11.979999542236328,11.979999542236328,1586700
2012-03-27,11.970000267028809,12.0,11.619999885559082,11.649999618530273,11.649999618530273,798400
2012-03-28,11.600000381469727,11.630000114440918,11.199999809265137,11.489999771118164,11.489999771118164,1594400
2012-03-29,11.380000114440918,11.4399995803833,11.1899995803833,11.390000343322754,11.390000343322754,1193700
2012-03-30,11.529999732971191,11.9399995803833,11.430000305175781,11.710000038146973,11.710000038146973,1502600
2012-04-02,11.699999809265137,12.119999885559082,11.529999732971191,12.0600004196167,12.0600004196167,1810400
2012-04-03,12.069999694824219,12.300000190734863,11.520000457763672,11.579999923706055,11.579999923706055,2509800
2012-04-04,11.369999885559082,11.420000076293945,11.010000228881836,11.149999618530273,11.149999618530273,1920500
2012-04-05,11.130000114440918,11.300000190734863,11.119999885559082,11.25,11.25,1123700
2012-04-09,11.09000015258789,11.25,10.859999656677246,11.079999923706055,11.079999923706055,1081600
2012-04-10,11.010000228881836,11.199999809265137,10.449999809265137,10.579999923706055,10.579999923706055,1835900
2012-04-11,10.779999732971191,11.029999732971191,10.720000267028809,11.029999732971191,11.029999732971191,1509600
2012-04-12,11.010000228881836,11.329999923706055,10.90999984741211,11.1899995803833,11.1899995803833,1197900
2012-04-13,11.15999984741211,11.1899995803833,10.8100004196167,10.859999656677246,10.859999656677246,1084800
2012-04-16,10.970000267028809,11.010000228881836,10.75,10.8100004196167,10.8100004196167,899700
2012-04-17,10.949999809265137,10.989999771118164,10.880000114440918,10.890000343322754,10.890000343322754,1099000
2012-04-18,10.859999656677246,11.199999809265137,10.770000457763672,11.130000114440918,11.130000114440918,1327500
2012-04-19,11.109999656677246,11.119999885559082,10.520000457763672,10.569999694824219,10.569999694824219,1651700
2012-04-20,10.729999542236328,10.729999542236328,10.420000076293945,10.4399995803833,10.4399995803833,1321100
2012-04-23,10.199999809265137,10.369999885559082,10.100000381469727,10.25,10.25,913100
2012-04-24,10.300000190734863,10.539999961853027,10.279999732971191,10.369999885559082,10.369999885559082,772700
2012-04-25,10.550000190734863,10.6899995803833,10.380000114440918,10.649999618530273,10.649999618530273,1195600
2012-04-26,10.579999923706055,10.789999961853027,10.460000038146973,10.770000457763672,10.770000457763672,1150500
2012-04-27,10.359999656677246,10.5,10.079999923706055,10.180000305175781,10.180000305175781,4119000
2012-04-30,10.109999656677246,10.109999656677246,9.4399995803833,9.6899995803833,9.6899995803833,3995600
2012-05-01,9.720000267028809,10.0600004196167,9.529999732971191,9.979999542236328,9.979999542236328,2087400
2012-05-02,9.890000343322754,10.029999732971191,9.760000228881836,9.949999809265137,9.949999809265137,1363000
2012-05-03,9.90999984741211,9.970000267028809,9.5,9.569999694824219,9.569999694824219,1598200
2012-05-04,9.6899995803833,9.739999771118164,9.5,9.5,9.5,2711800
2012-05-07,9.579999923706055,9.819999694824219,9.520000457763672,9.630000114440918,9.630000114440918,2331700
2012-05-08,9.510000228881836,9.609999656677246,9.3100004196167,9.609999656677246,9.609999656677246,1500900
2012-05-09,9.420000076293945,9.5600004196167,9.380000114440918,9.5,9.5,1018600
2012-05-10,9.649999618530273,9.819999694824219,9.520000457763672,9.550000190734863,9.550000190734863,1048100
2012-05-11,9.479999542236328,9.819999694824219,9.460000038146973,9.520000457763672,9.520000457763672,1322000
2012-05-14,9.369999885559082,9.539999961853027,9.34000015258789,9.420000076293945,9.420000076293945,1023100
2012-05-15,9.420000076293945,9.449999809265137,9.109999656677246,9.15999984741211,9.15999984741211,896800
2012-05-16,9.180000305175781,9.460000038146973,8.970000267028809,8.979999542236328,8.979999542236328,972600
2012-05-17,8.979999542236328,9.0600004196167,8.600000381469727,8.609999656677246,8.609999656677246,1290600
2012-05-18,8.630000114440918,8.729999542236328,8.1899995803833,8.399999618530273,8.399999618530273,1872400
2012-05-21,8.460000038146973,9.100000381469727,8.4399995803833,9.020000457763672,9.020000457763672,1541100
2012-05-22,9.020000457763672,9.289999961853027,8.930000305175781,9.029999732971191,9.029999732971191,1330600
2012-05-23,8.880000114440918,9.260000228881836,8.859999656677246,9.1899995803833,9.1899995803833,914000
2012-05-24,9.229999542236328,9.420000076293945,9.010000228881836,9.40999984741211,9.40999984741211,1324200
2012-05-25,9.430000305175781,9.470000267028809,9.210000038146973,9.319999694824219,9.319999694824219,1086800
2012-05-29,9.460000038146973,9.960000038146973,9.460000038146973,9.930000305175781,9.930000305175781,1878300
2012-05-30,9.75,9.770000457763672,9.09000015258789,9.1899995803833,9.1899995803833,1548400
2012-05-31,9.199999809265137,9.270000457763672,8.949999809265137,9.260000228881836,9.260000228881836,1297300
2012-06-01,8.949999809265137,9.149999618530273,8.5600004196167,8.600000381469727,8.600000381469727,1739400
2012-06-04,8.619999885559082,8.6899995803833,7.929999828338623,8.359999656677246,8.359999656677246,2082100
2012-06-05,8.270000457763672,8.729999542236328,8.270000457763672,8.699999809265137,8.699999809265137,1332200
2012-06-06,8.779999732971191,9.210000038146973,8.710000038146973,9.1899995803833,9.1899995803833,1847600
2012-06-07,9.640000343322754,9.670000076293945,9.170000076293945,9.199999809265137,9.199999809265137,1966000
2012-06-08,9.239999771118164,9.710000038146973,9.029999732971191,9.649999618530273,9.649999618530273,1412700
2012-06-11,9.819999694824219,9.920000076293945,9.15999984741211,9.180000305175781,9.180000305175781,1836800
2012-06-12,9.289999961853027,9.569999694824219,9.109999656677246,9.430000305175781,9.430000305175781,1316300
2012-06-13,9.350000381469727,9.470000267028809,9.140000343322754,9.170000076293945,9.170000076293945,1605100
2012-06-14,9.210000038146973,9.59000015258789,9.170000076293945,9.520000457763672,9.520000457763672,2221900
2012-06-15,9.539999961853027,9.760000228881836,9.420000076293945,9.710000038146973,9.710000038146973,1372900
2012-06-18,9.630000114440918,9.84000015258789,9.5,9.699999809265137,9.699999809265137,1357000
2012-06-19,9.789999961853027,10.199999809265137,9.760000228881836,10.109999656677246,10.109999656677246,1385600
2012-06-20,10.119999885559082,10.470000267028809,9.989999771118164,10.3100004196167,10.3100004196167,1064400
2012-06-21,10.329999923706055,10.4399995803833,9.760000228881836,9.869999885559082,9.869999885559082,1759300
2012-06-22,9.90999984741211,10.100000381469727,9.829999923706055,10.09000015258789,10.09000015258789,1554800
2012-06-25,9.819999694824219,9.899999618530273,9.460000038146973,9.75,9.75,1602700
2012-06-26,9.789999961853027,9.850000381469727,9.479999542236328,9.819999694824219,9.819999694824219,1221900
2012-06-27,9.800000190734863,9.949999809265137,9.680000305175781,9.869999885559082,9.869999885559082,1355000
2012-06-28,9.819999694824219,10.1899995803833,9.760000228881836,10.180000305175781,10.180000305175781,1585300
2012-06-29,10.510000228881836,10.600000381469727,10.1899995803833,10.489999771118164,10.489999771118164,1794300
2012-07-02,10.489999771118164,10.59000015258789,10.109999656677246,10.420000076293945,10.420000076293945,1115100
2012-07-03,10.449999809265137,10.90999984741211,10.40999984741211,10.75,10.75,1797200
2012-07-05,10.699999809265137,11.09000015258789,10.630000114440918,10.930000305175781,10.930000305175781,1476900
2012-07-06,10.739999771118164,10.960000038146973,10.5,10.649999618530273,10.649999618530273,1396200
2012-07-09,10.579999923706055,10.760000228881836,10.350000381469727,10.399999618530273,10.399999618530273,1076300
2012-07-10,10.479999542236328,10.710000038146973,9.899999618530273,10.0600004196167,10.0600004196167,1656200
2012-07-11,10.100000381469727,10.130000114440918,9.800000190734863,9.920000076293945,9.920000076293945,968900
2012-07-12,9.8100004196167,10.119999885559082,9.539999961853027,10.100000381469727,10.100000381469727,1698900
2012-07-13,10.119999885559082,10.460000038146973,9.960000038146973,10.359999656677246,10.359999656677246,1663400
2012-07-16,10.300000190734863,10.430000305175781,9.930000305175781,10.029999732971191,10.029999732971191,1385800
2012-07-17,10.0600004196167,10.260000228881836,9.619999885559082,10.020000457763672,10.020000457763672,2090800
2012-07-18,9.890000343322754,10.220000267028809,9.880000114440918,10.109999656677246,10.109999656677246,1299000
2012-07-19,10.180000305175781,10.3100004196167,9.960000038146973,10.170000076293945,10.170000076293945,878100
2012-07-20,10.0,10.1899995803833,9.8100004196167,9.859999656677246,9.859999656677246,1471500
2012-07-23,9.569999694824219,10.09000015258789,9.399999618530273,10.010000228881836,10.010000228881836,1279700
2012-07-24,10.050000190734863,10.079999923706055,9.449999809265137,9.550000190734863,9.550000190734863,1615900
2012-07-25,9.670000076293945,9.84000015258789,9.550000190734863,9.770000457763672,9.770000457763672,1477000
2012-07-26,10.020000457763672,10.40999984741211,9.989999771118164,10.380000114440918,10.380000114440918,2131000
2012-07-27,10.5,10.890000343322754,10.239999771118164,10.640000343322754,10.640000343322754,2490400
2012-07-30,10.649999618530273,10.979999542236328,10.430000305175781,10.850000381469727,10.850000381469727,2183300
2012-07-31,10.829999923706055,11.149999618530273,10.760000228881836,10.789999961853027,10.789999961853027,1514800
2012-08-01,10.899999618530273,10.9399995803833,10.069999694824219,10.119999885559082,10.119999885559082,2264900
2012-08-02,9.989999771118164,10.270000457763672,9.710000038146973,9.850000381469727,9.850000381469727,1742300
2012-08-03,10.180000305175781,10.369999885559082,10.100000381469727,10.260000228881836,10.260000228881836,1351400
2012-08-06,10.279999732971191,10.800000190734863,10.239999771118164,10.680000305175781,10.680000305175781,1116100
2012-08-07,10.75,10.920000076293945,10.600000381469727,10.600000381469727,10.600000381469727,1197400
2012-08-08,10.579999923706055,10.760000228881836,10.4399995803833,10.609999656677246,10.609999656677246,872200
2012-08-09,10.569999694824219,10.869999885559082,10.529999732971191,10.859999656677246,10.859999656677246,1010100
2012-08-10,10.800000190734863,11.0,10.670000076293945,10.869999885559082,10.869999885559082,819800
2012-08-13,10.859999656677246,11.0600004196167,10.739999771118164,11.050000190734863,11.050000190734863,1145200
2012-08-14,11.109999656677246,11.140000343322754,10.789999961853027,10.899999618530273,10.899999618530273,1196200
2012-08-15,10.829999923706055,11.010000228881836,10.729999542236328,10.979999542236328,10.979999542236328,1018200
2012-08-16,11.0,11.430000305175781,10.84000015258789,11.390000343322754,11.390000343322754,1661700
2012-08-17,11.380000114440918,11.59000015258789,11.329999923706055,11.59000015258789,11.59000015258789,893800
2012-08-20,11.539999961853027,11.600000381469727,11.359999656677246,11.460000038146973,11.460000038146973,572400
2012-08-21,11.579999923706055,11.729999542236328,11.170000076293945,11.25,11.25,935100
2012-08-22,11.220000267028809,11.359999656677246,11.050000190734863,11.260000228881836,11.260000228881836,718000
2012-08-23,11.210000038146973,11.239999771118164,10.880000114440918,10.979999542236328,10.979999542236328,840500
2012-08-24,10.960000038146973,11.029999732971191,10.829999923706055,10.890000343322754,10.890000343322754,600700
2012-08-27,10.970000267028809,11.079999923706055,10.6899995803833,10.970000267028809,10.970000267028809,994400
2012-08-28,10.930000305175781,11.0,10.84000015258789,10.90999984741211,10.90999984741211,667000
2012-08-29,10.920000076293945,11.210000038146973,10.850000381469727,11.050000190734863,11.050000190734863,1146600
2012-08-30,10.989999771118164,11.149999618530273,10.880000114440918,11.069999694824219,11.069999694824219,948700
2012-08-31,11.220000267028809,11.300000190734863,11.039999961853027,11.170000076293945,11.170000076293945,980200
2012-09-04,11.140000343322754,11.229999542236328,10.819999694824219,11.100000381469727,11.100000381469727,1571500
2012-09-05,11.109999656677246,11.40999984741211,11.020000457763672,11.390000343322754,11.390000343322754,1235600
2012-09-06,11.510000228881836,12.0,11.40999984741211,11.930000305175781,11.930000305175781,2290200
2012-09-07,12.0,12.510000228881836,11.9399995803833,12.149999618530273,12.149999618530273,1794700
2012-09-10,12.149999618530273,12.15999984741211,11.760000228881836,11.859999656677246,11.859999656677246,992300
2012-09-11,11.819999694824219,11.930000305175781,11.760000228881836,11.859999656677246,11.859999656677246,1066400
2012-09-12,11.869999885559082,12.289999961853027,11.859999656677246,12.229999542236328,12.229999542236328,1287000
2012-09-13,12.239999771118164,12.630000114440918,12.0,12.539999961853027,12.539999961853027,1408700
2012-09-14,12.640000343322754,12.9399995803833,12.579999923706055,12.800000190734863,12.800000190734863,2311700
2012-09-17,12.699999809265137,12.720000267028809,12.3100004196167,12.3100004196167,12.3100004196167,1084900
2012-09-18,12.289999961853027,12.34000015258789,11.850000381469727,12.0,12.0,1389800
2012-09-19,12.029999732971191,12.34000015258789,11.90999984741211,12.140000343322754,12.140000343322754,2275400
2012-09-20,11.949999809265137,11.970000267028809,11.630000114440918,11.859999656677246,11.859999656677246,1252900
2012-09-21,12.029999732971191,12.199999809265137,11.479999542236328,11.510000228881836,11.510000228881836,1892000
2012-09-24,11.420000076293945,11.600000381469727,11.289999961853027,11.329999923706055,11.329999923706055,1385700
2012-09-25,11.420000076293945,11.5,10.989999771118164,11.010000228881836,11.010000228881836,1505400
2012-09-26,11.029999732971191,11.890000343322754,10.850000381469727,11.100000381469727,11.100000381469727,2433500
2012-09-27,11.329999923706055,11.390000343322754,11.029999732971191,11.1899995803833,11.1899995803833,1424800
2012-09-28,11.109999656677246,11.619999885559082,11.039999961853027,11.270000457763672,11.270000457763672,1363600
2012-10-01,11.420000076293945,11.869999885559082,11.399999618530273,11.630000114440918,11.630000114440918,1343700
2012-10-02,11.680000305175781,11.779999732971191,11.050000190734863,11.329999923706055,11.329999923706055,2056300
2012-10-03,11.739999771118164,11.890000343322754,11.399999618530273,11.65999984741211,11.65999984741211,1891300
2012-10-04,11.770000457763672,12.390000343322754,11.770000457763672,12.25,12.25,2032400
2012-10-05,12.369999885559082,12.699999809265137,12.289999961853027,12.479999542236328,12.479999542236328,1986000
2012-10-08,12.289999961853027,12.430000305175781,12.0,12.239999771118164,12.239999771118164,994800
2012-10-09,12.1899995803833,12.3100004196167,11.729999542236328,11.970000267028809,11.970000267028809,1616400
2012-10-10,11.960000038146973,12.020000457763672,11.779999732971191,11.979999542236328,11.979999542236328,951700
2012-10-11,12.15999984741211,12.279999732971191,12.0,12.069999694824219,12.069999694824219,690400
2012-10-12,12.079999923706055,12.140000343322754,11.600000381469727,11.75,11.75,1238600
2012-10-15,11.84000015258789,11.920000076293945,11.649999618530273,11.819999694824219,11.819999694824219,804800
2012-10-16,11.859999656677246,11.899999618530273,11.630000114440918,11.819999694824219,11.819999694824219,1009500
2012-10-17,11.890000343322754,12.25,11.8100004196167,12.220000267028809,12.220000267028809,1485700
2012-10-18,12.119999885559082,12.350000381469727,12.050000190734863,12.25,12.25,1085800
2012-10-19,12.149999618530273,12.3100004196167,11.8100004196167,12.020000457763672,12.020000457763672,1451700
2012-10-22,11.899999618530273,12.029999732971191,11.760000228881836,11.84000015258789,11.84000015258789,1472100
2012-10-23,11.619999885559082,11.850000381469727,11.5,11.75,11.75,1722100
2012-10-24,11.829999923706055,11.869999885559082,11.420000076293945,11.520000457763672,11.520000457763672,1313600
2012-10-25,11.600000381469727,11.829999923706055,11.510000228881836,11.59000015258789,11.59000015258789,1306500
2012-10-26,10.520000457763672,11.289999961853027,10.25,10.380000114440918,10.380000114440918,8512400
2012-10-31,10.5600004196167,10.869999885559082,10.149999618530273,10.869999885559082,10.869999885559082,3295100
2012-11-01,10.850000381469727,11.020000457763672,10.569999694824219,10.899999618530273,10.899999618530273,2116500
2012-11-02,10.970000267028809,11.140000343322754,10.470000267028809,10.520000457763672,10.520000457763672,2277900
2012-11-05,10.529999732971191,10.59000015258789,10.1899995803833,10.319999694824219,10.319999694824219,1704500
2012-11-06,10.4399995803833,10.569999694824219,10.25,10.539999961853027,10.539999961853027,1210800
2012-11-07,10.34000015258789,10.40999984741211,10.239999771118164,10.289999961853027,10.289999961853027,879000
2012-11-08,10.520000457763672,10.520000457763672,10.020000457763672,10.029999732971191,10.029999732971191,1007100
2012-11-09,10.010000228881836,10.460000038146973,10.010000228881836,10.279999732971191,10.279999732971191,1231500
2012-11-12,10.3100004196167,10.34000015258789,9.949999809265137,10.029999732971191,10.029999732971191,1086100
2012-11-13,9.869999885559082,10.199999809265137,9.8100004196167,10.100000381469727,10.100000381469727,1282700
2012-11-14,10.109999656677246,10.140000343322754,9.600000381469727,9.630000114440918,9.630000114440918,2163700
2012-11-15,9.630000114440918,9.880000114440918,9.420000076293945,9.430000305175781,9.430000305175781,1737900
2012-11-16,9.489999771118164,9.670000076293945,9.270000457763672,9.550000190734863,9.550000190734863,1431800
2012-11-19,9.729999542236328,9.920000076293945,9.65999984741211,9.819999694824219,9.819999694824219,1229400
2012-11-20,10.100000381469727,10.270000457763672,9.84000015258789,10.210000038146973,10.210000038146973,1555200
2012-11-21,10.210000038146973,10.300000190734863,10.020000457763672,10.109999656677246,10.109999656677246,787000
2012-11-23,10.25,10.579999923706055,10.199999809265137,10.460000038146973,10.460000038146973,870600
2012-11-26,10.390000343322754,10.5600004196167,10.25,10.550000190734863,10.550000190734863,787600
2012-11-27,10.5,10.630000114440918,10.369999885559082,10.430000305175781,10.430000305175781,717800
2012-11-28,10.380000114440918,10.520000457763672,10.220000267028809,10.479999542236328,10.479999542236328,570300
2012-11-29,10.600000381469727,10.729999542236328,10.4399995803833,10.529999732971191,10.529999732971191,1367000
2012-11-30,10.569999694824219,10.640000343322754,10.350000381469727,10.460000038146973,10.460000038146973,773800
2012-12-03,10.5,10.550000190734863,10.020000457763672,10.119999885559082,10.119999885559082,1459600
2012-12-04,10.100000381469727,10.239999771118164,10.039999961853027,10.220000267028809,10.220000267028809,1006900
2012-12-05,10.260000228881836,10.300000190734863,10.029999732971191,10.039999961853027,10.039999961853027,1097200
2012-12-06,10.109999656677246,10.210000038146973,9.979999542236328,10.210000038146973,10.210000038146973,695000
2012-12-07,10.289999961853027,10.470000267028809,10.25,10.319999694824219,10.319999694824219,1219400
2012-12-10,10.329999923706055,10.479999542236328,10.319999694824219,10.380000114440918,10.380000114440918,428400
2012-12-11,10.479999542236328,10.5600004196167,10.420000076293945,10.539999961853027,10.539999961853027,918300
2012-12-12,10.600000381469727,10.729999542236328,10.539999961853027,10.649999618530273,10.649999618530273,1086900
2012-12-13,10.569999694824219,10.640000343322754,10.130000114440918,10.300000190734863,10.300000190734863,1665900
2012-12-14,10.229999542236328,10.380000114440918,10.210000038146973,10.239999771118164,10.239999771118164,822300
2012-12-17,10.270000457763672,10.3100004196167,10.130000114440918,10.1899995803833,10.1899995803833,1412900
2012-12-18,10.220000267028809,10.479999542236328,10.119999885559082,10.40999984741211,10.40999984741211,1649000
2012-12-19,10.5,10.869999885559082,10.449999809265137,10.75,10.75,2332800
2012-12-20,10.75,10.970000267028809,10.710000038146973,10.970000267028809,10.970000267028809,898300
2012-12-21,10.6899995803833,10.9399995803833,10.680000305175781,10.789999961853027,10.789999961853027,1333300
2012-12-24,10.729999542236328,10.760000228881836,10.630000114440918,10.729999542236328,10.729999542236328,296100
2012-12-26,10.770000457763672,10.890000343322754,10.65999984741211,10.710000038146973,10.710000038146973,795700
2012-12-27,10.699999809265137,10.770000457763672,10.460000038146973,10.75,10.75,1081400
2012-12-28,10.619999885559082,10.920000076293945,10.579999923706055,10.880000114440918,10.880000114440918,1466300
2012-12-31,10.859999656677246,11.229999542236328,10.75,11.199999809265137,11.199999809265137,1368400
2013-01-02,11.399999618530273,11.729999542236328,11.359999656677246,11.729999542236328,11.729999542236328,1735700
2013-01-03,11.65999984741211,12.270000457763672,11.510000228881836,11.720000267028809,11.720000267028809,3111700
2013-01-04,11.800000190734863,11.800000190734863,11.600000381469727,11.779999732971191,11.779999732971191,968800
2013-01-07,11.739999771118164,11.8100004196167,11.520000457763672,11.569999694824219,11.569999694824219,1003300
2013-01-08,11.550000190734863,11.6899995803833,11.520000457763672,11.619999885559082,11.619999885559082,872100
2013-01-09,11.640000343322754,11.760000228881836,11.529999732971191,11.619999885559082,11.619999885559082,912400
2013-01-10,11.699999809265137,11.84000015258789,11.520000457763672,11.649999618530273,11.649999618530273,658900
2013-01-11,11.670000076293945,11.6899995803833,11.229999542236328,11.279999732971191,11.279999732971191,1829800
2013-01-14,11.260000228881836,11.300000190734863,10.949999809265137,11.130000114440918,11.130000114440918,2627800
2013-01-15,10.989999771118164,11.539999961853027,10.9399995803833,11.4399995803833,11.4399995803833,1572200
2013-01-16,11.329999923706055,11.350000381469727,11.09000015258789,11.130000114440918,11.130000114440918,2381500
2013-01-17,11.199999809265137,11.270000457763672,11.109999656677246,11.260000228881836,11.260000228881836,1303400
2013-01-18,11.210000038146973,11.229999542236328,10.970000267028809,11.029999732971191,11.029999732971191,1161900
2013-01-22,11.029999732971191,11.609999656677246,11.020000457763672,11.600000381469727,11.600000381469727,3171400
2013-01-23,11.529999732971191,11.609999656677246,11.40999984741211,11.489999771118164,11.489999771118164,1853600
2013-01-24,11.5,11.899999618530273,11.5,11.680000305175781,11.680000305175781,1301100
2013-01-25,11.710000038146973,12.010000228881836,11.670000076293945,12.0,12.0,1497100
2013-01-28,12.0,12.180000305175781,11.9399995803833,12.119999885559082,12.119999885559082,911400
2013-01-29,11.989999771118164,12.039999961853027,11.84000015258789,12.0,12.0,1244000
2013-01-30,11.9399995803833,11.9399995803833,11.420000076293945,11.649999618530273,11.649999618530273,2199400
2013-01-31,11.5600004196167,11.6899995803833,11.399999618530273,11.680000305175781,11.680000305175781,1159800
2013-02-01,11.789999961853027,12.350000381469727,11.760000228881836,12.079999923706055,12.079999923706055,2743800
2013-02-04,11.899999618530273,12.079999923706055,11.779999732971191,11.8100004196167,11.8100004196167,1107300
2013-02-05,11.880000114440918,12.119999885559082,11.869999885559082,12.0,12.0,819300
2013-02-06,11.90999984741211,12.039999961853027,11.850000381469727,11.949999809265137,11.949999809265137,784100
2013-02-07,12.020000457763672,12.039999961853027,11.59000015258789,11.850000381469727,11.850000381469727,1896600
2013-02-08,11.819999694824219,12.369999885559082,11.5,12.239999771118164,12.239999771118164,5121100
2013-02-11,12.3100004196167,12.4399995803833,12.010000228881836,12.4399995803833,12.4399995803833,1988800
2013-02-12,12.399999618530273,12.65999984741211,12.270000457763672,12.65999984741211,12.65999984741211,2215300
2013-02-13,12.670000076293945,12.859999656677246,12.600000381469727,12.729999542236328,12.729999542236328,1872900
2013-02-14,12.649999618530273,12.859999656677246,12.550000190734863,12.760000228881836,12.760000228881836,1983800
2013-02-15,12.800000190734863,12.949999809265137,12.270000457763672,12.329999923706055,12.329999923706055,1980000
2013-02-19,12.369999885559082,12.649999618530273,12.369999885559082,12.529999732971191,12.529999732971191,2026000
2013-02-20,12.539999961853027,12.649999618530273,12.289999961853027,12.3100004196167,12.3100004196167,2666600
2013-02-21,12.279999732971191,12.319999694824219,11.90999984741211,12.170000076293945,12.170000076293945,2318400
2013-02-22,12.260000228881836,12.380000114440918,12.1899995803833,12.359999656677246,12.359999656677246,901300
2013-02-25,12.479999542236328,12.609999656677246,12.149999618530273,12.149999618530273,12.149999618530273,1611400
2013-02-26,12.210000038146973,12.460000038146973,11.979999542236328,12.390000343322754,12.390000343322754,1646300
2013-02-27,12.350000381469727,12.84000015258789,12.350000381469727,12.760000228881836,12.760000228881836,1564000
2013-02-28,12.699999809265137,12.8100004196167,12.569999694824219,12.649999618530273,12.649999618530273,2091200
2013-03-01,12.5,12.770000457763672,12.34000015258789,12.5,12.5,2156000
2013-03-04,12.449999809265137,12.569999694824219,12.0,12.229999542236328,12.229999542236328,2123400
2013-03-05,12.350000381469727,12.579999923706055,12.270000457763672,12.5,12.5,1260900
2013-03-06,12.600000381469727,12.75,12.449999809265137,12.710000038146973,12.710000038146973,1233600
2013-03-07,12.75,12.9399995803833,12.720000267028809,12.84000015258789,12.84000015258789,1829600
2013-03-08,12.9399995803833,13.369999885559082,12.9399995803833,13.260000228881836,13.260000228881836,2538300
2013-03-11,13.239999771118164,13.350000381469727,13.09000015258789,13.1899995803833,13.1899995803833,1087100
2013-03-12,13.1899995803833,13.199999809265137,12.960000038146973,13.079999923706055,13.079999923706055,872000
2013-03-13,13.100000381469727,13.229999542236328,13.039999961853027,13.100000381469727,13.100000381469727,501300
2013-03-14,13.100000381469727,13.300000190734863,13.09000015258789,13.109999656677246,13.109999656677246,847100
2013-03-15,13.130000114440918,13.199999809265137,12.880000114440918,12.989999771118164,12.989999771118164,1596400
2013-03-18,12.789999961853027,13.079999923706055,12.569999694824219,13.039999961853027,13.039999961853027,1030100
2013-03-19,12.989999771118164,13.380000114440918,12.979999542236328,13.220000267028809,13.220000267028809,1788000
2013-03-20,13.319999694824219,13.710000038146973,13.289999961853027,13.529999732971191,13.529999732971191,2689900
2013-03-21,13.489999771118164,13.649999618530273,13.270000457763672,13.270000457763672,13.270000457763672,1525900
2013-03-22,13.34000015258789,13.34000015258789,12.829999923706055,13.029999732971191,13.029999732971191,1763700
2013-03-25,13.09000015258789,13.25,12.880000114440918,12.979999542236328,12.979999542236328,1020000
2013-03-26,13.079999923706055,13.100000381469727,12.760000228881836,12.880000114440918,12.880000114440918,1084000
2013-03-27,12.75,13.720000267028809,12.729999542236328,13.720000267028809,13.720000267028809,3060500
2013-03-28,13.649999618530273,13.710000038146973,13.319999694824219,13.649999618530273,13.649999618530273,1830300
2013-04-01,13.619999885559082,13.920000076293945,13.399999618530273,13.489999771118164,13.489999771118164,1860000
2013-04-02,13.539999961853027,13.729999542236328,13.1899995803833,13.399999618530273,13.399999618530273,1934500
2013-04-03,13.399999618530273,13.449999809265137,12.850000381469727,12.9399995803833,12.9399995803833,2462800
2013-04-04,12.960000038146973,13.0600004196167,12.729999542236328,12.949999809265137,12.949999809265137,900400
2013-04-05,12.680000305175781,12.850000381469727,12.3100004196167,12.65999984741211,12.65999984741211,1699700
2013-04-08,12.6899995803833,12.890000343322754,12.649999618530273,12.8100004196167,12.8100004196167,950600
2013-04-09,12.850000381469727,12.979999542236328,12.720000267028809,12.84000015258789,12.84000015258789,955000
2013-04-10,12.880000114440918,13.229999542236328,12.859999656677246,13.130000114440918,13.130000114440918,1165800
2013-04-11,13.1899995803833,13.520000457763672,13.09000015258789,13.319999694824219,13.319999694824219,1395300
2013-04-12,13.260000228881836,13.489999771118164,13.170000076293945,13.229999542236328,13.229999542236328,1430800
2013-04-15,13.09000015258789,13.220000267028809,12.5,12.630000114440918,12.630000114440918,2216400
2013-04-16,12.789999961853027,12.869999885559082,12.210000038146973,12.460000038146973,12.460000038146973,2066400
2013-04-17,12.279999732971191,12.329999923706055,11.989999771118164,12.069999694824219,12.069999694824219,1950400
2013-04-18,12.09000015258789,12.220000267028809,11.880000114440918,11.9399995803833,11.9399995803833,1387100
2013-04-19,12.010000228881836,12.460000038146973,11.850000381469727,12.40999984741211,12.40999984741211,1355900
2013-04-22,12.470000267028809,12.619999885559082,12.140000343322754,12.569999694824219,12.569999694824219,1544700
2013-04-23,12.729999542236328,12.869999885559082,12.619999885559082,12.859999656677246,12.859999656677246,1241400
2013-04-24,12.880000114440918,13.279999732971191,12.84000015258789,13.210000038146973,13.210000038146973,1233600
2013-04-25,13.270000457763672,13.420000076293945,13.210000038146973,13.300000190734863,13.300000190734863,1262600
2013-04-26,13.289999961853027,13.579999923706055,13.180000305175781,13.479999542236328,13.479999542236328,1196100
2013-04-29,13.59000015258789,13.699999809265137,13.40999984741211,13.539999961853027,13.539999961853027,1115300
2013-04-30,13.600000381469727,14.0600004196167,13.270000457763672,13.369999885559082,13.369999885559082,2775800
2013-05-01,13.329999923706055,13.529999732971191,13.279999732971191,13.350000381469727,13.350000381469727,2256100
2013-05-02,13.520000457763672,13.930000305175781,13.399999618530273,13.739999771118164,13.739999771118164,1967100
2013-05-03,13.949999809265137,15.579999923706055,13.949999809265137,14.819999694824219,14.819999694824219,5678500
2013-05-06,15.0,15.460000038146973,14.859999656677246,15.420000076293945,15.420000076293945,2598700
2013-05-07,15.479999542236328,16.020000457763672,15.479999542236328,15.9399995803833,15.9399995803833,3502400
2013-05-08,15.890000343322754,15.9399995803833,15.609999656677246,15.729999542236328,15.729999542236328,1372200
2013-05-09,15.739999771118164,15.819999694824219,15.520000457763672,15.649999618530273,15.649999618530273,1050700
2013-05-10,15.649999618530273,15.84000015258789,15.5600004196167,15.729999542236328,15.729999542236328,728900
2013-05-13,15.75,15.75,15.279999732971191,15.640000343322754,15.640000343322754,1031300
2013-05-14,15.640000343322754,15.899999618530273,15.579999923706055,15.850000381469727,15.850000381469727,824600
2013-05-15,15.789999961853027,16.25,15.779999732971191,16.0,16.0,1247800
2013-05-16,15.949999809265137,16.420000076293945,15.869999885559082,15.920000076293945,15.920000076293945,1228300
2013-05-17,16.079999923706055,16.979999542236328,16.079999923706055,16.81999969482422,16.81999969482422,1852200
2013-05-20,16.799999237060547,16.8799991607666,16.469999313354492,16.639999389648438,16.639999389648438,1350000
2013-05-21,16.610000610351562,16.8799991607666,16.530000686645508,16.729999542236328,16.729999542236328,782300
2013-05-22,16.709999084472656,17.3700008392334,16.59000015258789,16.760000228881836,16.760000228881836,2257900
2013-05-23,16.540000915527344,16.889999389648438,16.1299991607666,16.790000915527344,16.790000915527344,1221000
2013-05-24,16.6200008392334,16.799999237060547,16.479999542236328,16.799999237060547,16.799999237060547,826200
2013-05-28,16.920000076293945,17.93000030517578,16.90999984741211,17.8700008392334,17.8700008392334,2921500
2013-05-29,17.700000762939453,17.93000030517578,17.31999969482422,17.6299991607666,17.6299991607666,3108900
2013-05-30,17.6299991607666,18.479999542236328,17.420000076293945,18.200000762939453,18.200000762939453,1880600
2013-05-31,18.110000610351562,18.360000610351562,17.75,17.790000915527344,17.790000915527344,1272400
2013-06-03,17.899999618530273,18.270000457763672,17.420000076293945,18.139999389648438,18.139999389648438,2435500
2013-06-04,18.190000534057617,18.600000381469727,17.829999923706055,17.90999984741211,17.90999984741211,1927800
2013-06-05,17.889999389648438,18.049999237060547,17.3700008392334,17.420000076293945,17.420000076293945,1301200
2013-06-06,17.399999618530273,17.700000762939453,17.25,17.65999984741211,17.65999984741211,1286700
2013-06-07,18.030000686645508,18.65999984741211,17.790000915527344,18.56999969482422,18.56999969482422,1125700
2013-06-10,18.700000762939453,18.719999313354492,18.139999389648438,18.309999465942383,18.309999465942383,1172700
2013-06-11,18.010000228881836,18.329999923706055,17.75,18.0,18.0,1109100
2013-06-12,18.260000228881836,18.299999237060547,17.540000915527344,17.579999923706055,17.579999923706055,1402600
2013-06-13,17.610000610351562,18.469999313354492,17.399999618530273,18.43000030517578,18.43000030517578,1859300
2013-06-14,18.5,18.739999771118164,18.329999923706055,18.479999542236328,18.479999542236328,1020300
2013-06-17,18.670000076293945,18.729999542236328,18.15999984741211,18.299999237060547,18.299999237060547,1182100
2013-06-18,18.299999237060547,18.700000762939453,18.170000076293945,18.6299991607666,18.6299991607666,1113500
2013-06-19,18.579999923706055,18.719999313354492,18.360000610351562,18.3700008392334,18.3700008392334,935000
2013-06-20,17.979999542236328,18.06999969482422,17.40999984741211,17.559999465942383,17.559999465942383,1815900
2013-06-21,17.670000076293945,17.709999084472656,16.979999542236328,17.299999237060547,17.299999237060547,2237500
2013-06-24,16.8799991607666,16.899999618530273,16.170000076293945,16.530000686645508,16.530000686645508,2087300
2013-06-25,16.829999923706055,17.610000610351562,16.829999923706055,17.56999969482422,17.56999969482422,1974000
2013-06-26,17.75,17.8700008392334,17.56999969482422,17.780000686645508,17.780000686645508,906900
2013-06-27,17.899999618530273,18.510000228881836,17.889999389648438,18.40999984741211,18.40999984741211,1316700
2013-06-28,18.360000610351562,19.170000076293945,18.350000381469727,18.6299991607666,18.6299991607666,3249100
2013-07-01,18.790000915527344,19.360000610351562,18.65999984741211,19.079999923706055,19.079999923706055,1531600
2013-07-02,19.1299991607666,19.610000610351562,18.889999389648438,19.030000686645508,19.030000686645508,1465200
2013-07-03,18.889999389648438,19.25,18.860000610351562,19.079999923706055,19.079999923706055,576200
2013-07-05,19.360000610351562,19.719999313354492,19.15999984741211,19.6200008392334,19.6200008392334,793500
2013-07-08,19.670000076293945,19.690000534057617,19.1299991607666,19.15999984741211,19.15999984741211,1174300
2013-07-09,19.3799991607666,19.56999969482422,19.239999771118164,19.399999618530273,19.399999618530273,916900
2013-07-10,19.399999618530273,19.440000534057617,18.850000381469727,19.040000915527344,19.040000915527344,1477700
2013-07-11,19.40999984741211,19.65999984741211,19.290000915527344,19.65999984741211,19.65999984741211,1375900
2013-07-12,19.68000030517578,19.809999465942383,19.440000534057617,19.6200008392334,19.6200008392334,838600
2013-07-15,19.700000762939453,19.780000686645508,19.3700008392334,19.59000015258789,19.59000015258789,660600
2013-07-16,19.549999237060547,19.649999618530273,18.559999465942383,18.649999618530273,18.649999618530273,2179700
2013-07-17,18.8799991607666,19.219999313354492,18.860000610351562,19.139999389648438,19.139999389648438,955900
2013-07-18,19.280000686645508,19.549999237060547,19.229999542236328,19.459999084472656,19.459999084472656,806100
2013-07-19,19.43000030517578,19.649999618530273,19.270000457763672,19.610000610351562,19.610000610351562,641300
2013-07-22,19.639999389648438,19.739999771118164,19.459999084472656,19.520000457763672,19.520000457763672,689000
2013-07-23,19.600000381469727,19.65999984741211,19.18000030517578,19.209999084472656,19.209999084472656,679500
2013-07-24,19.440000534057617,19.549999237060547,19.049999237060547,19.200000762939453,19.200000762939453,756700
2013-07-25,19.18000030517578,19.34000015258789,18.770000457763672,18.809999465942383,18.809999465942383,1396800
2013-07-26,18.68000030517578,19.420000076293945,18.649999618530273,19.350000381469727,19.350000381469727,1024800
2013-07-29,19.360000610351562,19.389999389648438,19.020000457763672,19.209999084472656,19.209999084472656,717700
2013-07-30,19.3700008392334,19.549999237060547,19.15999984741211,19.469999313354492,19.469999313354492,578000
2013-07-31,19.469999313354492,19.649999618530273,19.420000076293945,19.450000762939453,19.450000762939453,754400
2013-08-01,19.719999313354492,19.8700008392334,18.829999923706055,19.790000915527344,19.790000915527344,2931800
2013-08-02,20.15999984741211,21.40999984741211,19.979999542236328,20.940000534057617,20.940000534057617,3496700
2013-08-05,21.190000534057617,21.25,20.639999389648438,20.670000076293945,20.670000076293945,1518500
2013-08-06,20.559999465942383,20.739999771118164,19.8799991607666,20.149999618530273,20.149999618530273,1490200
2013-08-07,20.0,20.0,19.709999084472656,19.899999618530273,19.899999618530273,1060000
2013-08-08,20.1200008392334,20.5,19.899999618530273,20.059999465942383,20.059999465942383,1239500
2013-08-09,20.049999237060547,20.440000534057617,20.049999237060547,20.290000915527344,20.290000915527344,727300
2013-08-12,20.139999389648438,20.399999618530273,20.010000228881836,20.139999389648438,20.139999389648438,1099100
2013-08-13,20.219999313354492,20.6200008392334,20.139999389648438,20.5,20.5,915200
2013-08-14,20.540000915527344,20.6200008392334,20.270000457763672,20.389999389648438,20.389999389648438,816600
2013-08-15,20.110000610351562,20.1200008392334,19.549999237060547,19.739999771118164,19.739999771118164,1437300
2013-08-16,19.649999618530273,19.969999313354492,19.549999237060547,19.610000610351562,19.610000610351562,692400
2013-08-19,19.600000381469727,19.600000381469727,19.190000534057617,19.329999923706055,19.329999923706055,1035600
2013-08-20,19.329999923706055,19.84000015258789,19.149999618530273,19.799999237060547,19.799999237060547,855100
2013-08-21,19.700000762939453,19.889999389648438,19.329999923706055,19.649999618530273,19.649999618530273,820000
2013-08-22,19.739999771118164,20.459999084472656,19.68000030517578,20.100000381469727,20.100000381469727,934200
2013-08-23,20.18000030517578,20.280000686645508,20.020000457763672,20.219999313354492,20.219999313354492,698700
2013-08-26,20.299999237060547,20.389999389648438,19.729999542236328,19.760000228881836,19.760000228881836,919700
2013-08-27,19.40999984741211,19.420000076293945,18.899999618530273,19.010000228881836,19.010000228881836,1837500
2013-08-28,18.920000076293945,19.440000534057617,18.760000228881836,19.31999969482422,19.31999969482422,1478000
2013-08-29,19.31999969482422,19.799999237060547,19.31999969482422,19.719999313354492,19.719999313354492,957800
2013-08-30,19.649999618530273,19.809999465942383,19.15999984741211,19.229999542236328,19.229999542236328,1004500
2013-09-03,19.510000228881836,20.079999923706055,19.389999389648438,19.469999313354492,19.469999313354492,1534300
2013-09-04,19.520000457763672,20.43000030517578,19.489999771118164,20.209999084472656,20.209999084472656,1774800
2013-09-05,20.280000686645508,20.5,20.040000915527344,20.059999465942383,20.059999465942383,1207800
2013-09-06,20.200000762939453,20.239999771118164,19.469999313354492,19.899999618530273,19.899999618530273,926100
2013-09-09,19.989999771118164,20.299999237060547,19.889999389648438,20.15999984741211,20.15999984741211,1195400
2013-09-10,20.3700008392334,20.81999969482422,20.209999084472656,20.329999923706055,20.329999923706055,1708600
2013-09-11,20.229999542236328,20.389999389648438,20.06999969482422,20.270000457763672,20.270000457763672,1079200
2013-09-12,20.049999237060547,20.1299991607666,19.440000534057617,19.610000610351562,19.610000610351562,1847800
2013-09-13,19.649999618530273,19.770000457763672,19.350000381469727,19.399999618530273,19.399999618530273,1843800
2013-09-16,19.75,19.75,19.270000457763672,19.399999618530273,19.399999618530273,1717300
2013-09-17,19.450000762939453,20.34000015258789,19.329999923706055,20.209999084472656,20.209999084472656,1930000
2013-09-18,20.280000686645508,20.549999237060547,19.920000076293945,20.360000610351562,20.360000610351562,1158200
2013-09-19,20.489999771118164,20.649999618530273,20.200000762939453,20.3700008392334,20.3700008392334,688000
2013-09-20,20.469999313354492,20.559999465942383,20.049999237060547,20.219999313354492,20.219999313354492,937100
2013-09-23,20.200000762939453,20.200000762939453,19.510000228881836,19.729999542236328,19.729999542236328,1146900
2013-09-24,19.780000686645508,20.43000030517578,19.670000076293945,19.969999313354492,19.969999313354492,1138800
2013-09-25,19.979999542236328,20.399999618530273,19.920000076293945,20.170000076293945,20.170000076293945,788500
2013-09-26,20.309999465942383,20.479999542236328,19.93000030517578,20.010000228881836,20.010000228881836,721300
2013-09-27,19.809999465942383,20.020000457763672,19.75,19.780000686645508,19.780000686645508,558500
2013-09-30,19.40999984741211,19.860000610351562,19.219999313354492,19.719999313354492,19.719999313354492,1640700
2013-10-01,19.799999237060547,20.239999771118164,19.25,19.40999984741211,19.40999984741211,2203300
2013-10-02,19.229999542236328,19.6299991607666,19.139999389648438,19.440000534057617,19.440000534057617,1481500
2013-10-03,19.420000076293945,19.5,18.40999984741211,18.920000076293945,18.920000076293945,3735600
2013-10-04,18.969999313354492,19.059999465942383,18.809999465942383,18.969999313354492,18.969999313354492,1269400
2013-10-07,18.610000610351562,18.780000686645508,18.399999618530273,18.559999465942383,18.559999465942383,2102700
2013-10-08,18.56999969482422,18.56999969482422,17.979999542236328,18.190000534057617,18.190000534057617,2812000
2013-10-09,18.229999542236328,18.3799991607666,17.8799991607666,18.1299991607666,18.1299991607666,1335900
2013-10-10,18.43000030517578,18.950000762939453,18.399999618530273,18.559999465942383,18.559999465942383,1443400
2013-10-11,18.5,18.959999084472656,18.43000030517578,18.799999237060547,18.799999237060547,1187700
2013-10-14,18.649999618530273,19.190000534057617,18.520000457763672,19.1299991607666,19.1299991607666,1000500
2013-10-15,19.100000381469727,19.15999984741211,18.579999923706055,18.65999984741211,18.65999984741211,959200
2013-10-16,18.760000228881836,19.219999313354492,18.75,18.90999984741211,18.90999984741211,1529700
2013-10-17,18.84000015258789,18.950000762939453,18.709999084472656,18.850000381469727,18.850000381469727,1333900
2013-10-18,19.040000915527344,19.139999389648438,18.799999237060547,19.079999923706055,19.079999923706055,1414800
2013-10-21,19.010000228881836,19.139999389648438,18.700000762939453,19.030000686645508,19.030000686645508,1045800
2013-10-22,19.100000381469727,19.229999542236328,18.790000915527344,19.15999984741211,19.15999984741211,966900
2013-10-23,19.020000457763672,19.110000610351562,18.649999618530273,18.729999542236328,18.729999542236328,832200
2013-10-24,18.889999389648438,18.959999084472656,18.0,18.440000534057617,18.440000534057617,3018400
2013-10-25,18.600000381469727,19.139999389648438,18.5,18.719999313354492,18.719999313354492,2053400
2013-10-28,18.690000534057617,19.020000457763672,18.649999618530273,18.940000534057617,18.940000534057617,1227100
2013-10-29,18.989999771118164,19.010000228881836,18.299999237060547,18.84000015258789,18.84000015258789,1983300
2013-10-30,18.93000030517578,19.360000610351562,18.3700008392334,18.399999618530273,18.399999618530273,2863700
2013-10-31,18.399999618530273,18.829999923706055,18.079999923706055,18.610000610351562,18.610000610351562,3065600
2013-11-01,17.549999237060547,18.579999923706055,17.540000915527344,18.260000228881836,18.260000228881836,7337000
2013-11-04,18.09000015258789,18.209999084472656,17.8799991607666,18.0,18.0,3015000
2013-11-05,17.790000915527344,18.469999313354492,17.790000915527344,18.270000457763672,18.270000457763672,2181500
2013-11-06,18.399999618530273,18.459999084472656,17.709999084472656,17.790000915527344,17.790000915527344,2002900
2013-11-07,17.809999465942383,17.940000534057617,17.290000915527344,17.40999984741211,17.40999984741211,1685600
2013-11-08,17.440000534057617,18.06999969482422,17.43000030517578,18.049999237060547,18.049999237060547,1551400
2013-11-11,17.989999771118164,18.299999237060547,17.889999389648438,18.280000686645508,18.280000686645508,1042800
2013-11-12,18.280000686645508,18.280000686645508,18.1200008392334,18.25,18.25,952600
2013-11-13,18.100000381469727,18.469999313354492,17.989999771118164,18.34000015258789,18.34000015258789,885600
2013-11-14,18.31999969482422,18.579999923706055,18.15999984741211,18.540000915527344,18.540000915527344,1029500
2013-11-15,18.6299991607666,19.020000457763672,18.540000915527344,18.979999542236328,18.979999542236328,862900
2013-11-18,19.139999389648438,19.600000381469727,18.979999542236328,19.030000686645508,19.030000686645508,1478400
2013-11-19,19.010000228881836,19.15999984741211,18.700000762939453,18.739999771118164,18.739999771118164,1078300
2013-11-20,18.799999237060547,18.920000076293945,18.520000457763672,18.559999465942383,18.559999465942383,593500
2013-11-21,18.75,19.149999618530273,18.739999771118164,19.0,19.0,960500
2013-11-22,19.06999969482422,19.25,18.8799991607666,19.190000534057617,19.190000534057617,733900
2013-11-25,19.309999465942383,19.450000762939453,19.18000030517578,19.299999237060547,19.299999237060547,616900
2013-11-26,19.299999237060547,19.670000076293945,19.290000915527344,19.579999923706055,19.579999923706055,887000
2013-11-27,19.549999237060547,19.950000762939453,19.440000534057617,19.65999984741211,19.65999984741211,912600
2013-11-29,19.790000915527344,20.190000534057617,19.6200008392334,20.0,20.0,475100
2013-12-02,20.010000228881836,20.100000381469727,19.469999313354492,19.469999313354492,19.469999313354492,1162400
2013-12-03,19.40999984741211,19.75,19.209999084472656,19.459999084472656,19.459999084472656,1086800
2013-12-04,19.3799991607666,20.1299991607666,19.280000686645508,19.84000015258789,19.84000015258789,1373500
2013-12-05,19.899999618530273,20.100000381469727,19.739999771118164,20.020000457763672,20.020000457763672,1274900
2013-12-06,20.270000457763672,20.31999969482422,19.979999542236328,20.0,20.0,805300
2013-12-09,20.040000915527344,20.260000228881836,19.450000762939453,19.459999084472656,19.459999084472656,2086600
2013-12-10,19.3700008392334,19.760000228881836,19.350000381469727,19.6200008392334,19.6200008392334,849200
2013-12-11,19.600000381469727,19.639999389648438,19.030000686645508,19.100000381469727,19.100000381469727,1100600
2013-12-12,19.100000381469727,19.260000228881836,19.010000228881836,19.15999984741211,19.15999984741211,672600
2013-12-13,19.25,19.56999969482422,19.190000534057617,19.459999084472656,19.459999084472656,955700
2013-12-16,19.6299991607666,19.850000381469727,19.469999313354492,19.799999237060547,19.799999237060547,995200
2013-12-17,19.850000381469727,20.1200008392334,19.719999313354492,20.059999465942383,20.059999465942383,791700
2013-12-18,19.809999465942383,20.219999313354492,19.639999389648438,20.190000534057617,20.190000534057617,1105000
2013-12-19,20.1299991607666,20.209999084472656,19.649999618530273,19.65999984741211,19.65999984741211,1083900
2013-12-20,19.75,19.8799991607666,19.600000381469727,19.860000610351562,19.860000610351562,1247200
2013-12-23,19.940000534057617,20.149999618530273,19.860000610351562,19.950000762939453,19.950000762939453,918300
2013-12-24,20.030000686645508,20.549999237060547,20.030000686645508,20.309999465942383,20.309999465942383,561100
2013-12-26,20.3700008392334,20.670000076293945,20.190000534057617,20.270000457763672,20.270000457763672,678400
2013-12-27,20.399999618530273,20.5,20.020000457763672,20.079999923706055,20.079999923706055,578500
2013-12-30,20.059999465942383,20.34000015258789,20.010000228881836,20.18000030517578,20.18000030517578,753900
2013-12-31,20.260000228881836,20.510000228881836,20.170000076293945,20.450000762939453,20.450000762939453,776400
2014-01-02,20.3799991607666,20.489999771118164,19.75,20.200000762939453,20.200000762939453,901100
2014-01-03,20.229999542236328,20.360000610351562,19.450000762939453,19.540000915527344,19.540000915527344,2097000
2014-01-06,19.549999237060547,19.59000015258789,19.020000457763672,19.299999237060547,19.299999237060547,1845600
2014-01-07,19.440000534057617,19.850000381469727,19.3700008392334,19.5,19.5,1028600
2014-01-08,19.549999237060547,20.139999389648438,19.549999237060547,19.780000686645508,19.780000686645508,1768200
2014-01-09,19.850000381469727,20.110000610351562,19.790000915527344,20.0,20.0,872600
2014-01-10,20.059999465942383,20.3700008392334,19.959999084472656,19.979999542236328,19.979999542236328,1119500
2014-01-13,19.8799991607666,20.049999237060547,19.270000457763672,19.420000076293945,19.420000076293945,1690400
2014-01-14,19.639999389648438,20.360000610351562,19.639999389648438,20.299999237060547,20.299999237060547,2228700
2014-01-15,20.100000381469727,21.479999542236328,19.90999984741211,20.989999771118164,20.989999771118164,3358100
2014-01-16,20.899999618530273,21.18000030517578,20.719999313354492,21.149999618530273,21.149999618530273,1055500
2014-01-17,21.06999969482422,21.299999237060547,20.690000534057617,20.75,20.75,1123600
2014-01-21,20.899999618530273,20.979999542236328,20.40999984741211,20.68000030517578,20.68000030517578,795700
2014-01-22,20.75,21.059999465942383,20.489999771118164,20.950000762939453,20.950000762939453,933000
2014-01-23,20.899999618530273,20.899999618530273,20.3700008392334,20.440000534057617,20.440000534057617,833700
2014-01-24,20.209999084472656,20.239999771118164,19.389999389648438,19.549999237060547,19.549999237060547,1626500
2014-01-27,19.540000915527344,19.549999237060547,18.65999984741211,19.040000915527344,19.040000915527344,1581100
2014-01-28,19.100000381469727,19.31999969482422,18.90999984741211,19.0,19.0,1473500
2014-01-29,18.799999237060547,19.350000381469727,18.75,18.989999771118164,18.989999771118164,1138000
2014-01-30,19.200000762939453,19.31999969482422,18.8700008392334,19.020000457763672,19.020000457763672,868600
2014-01-31,18.639999389648438,18.850000381469727,18.520000457763672,18.6200008392334,18.6200008392334,1430000
2014-02-03,18.530000686645508,18.81999969482422,17.729999542236328,17.84000015258789,17.84000015258789,3033700
2014-02-04,17.8799991607666,18.09000015258789,17.65999984741211,17.959999084472656,17.959999084472656,1382200
2014-02-05,17.850000381469727,17.950000762939453,17.600000381469727,17.8799991607666,17.8799991607666,1147300
2014-02-06,17.780000686645508,18.450000762939453,17.75,18.350000381469727,18.350000381469727,1591300
2014-02-07,18.399999618530273,19.790000915527344,18.329999923706055,19.18000030517578,19.18000030517578,3031700
2014-02-10,19.399999618530273,19.56999969482422,18.700000762939453,19.299999237060547,19.299999237060547,1850000
2014-02-11,19.290000915527344,19.40999984741211,18.920000076293945,19.31999969482422,19.31999969482422,1291700
2014-02-12,19.389999389648438,19.510000228881836,19.15999984741211,19.260000228881836,19.260000228881836,984800
2014-02-13,19.100000381469727,19.489999771118164,18.950000762939453,19.389999389648438,19.389999389648438,1191700
2014-02-14,19.40999984741211,19.530000686645508,19.170000076293945,19.299999237060547,19.299999237060547,620500
2014-02-18,19.3799991607666,19.450000762939453,18.950000762939453,19.350000381469727,19.350000381469727,866100
2014-02-19,19.15999984741211,19.479999542236328,19.100000381469727,19.139999389648438,19.139999389648438,1065900
2014-02-20,19.219999313354492,19.59000015258789,19.1299991607666,19.520000457763672,19.520000457763672,894400
2014-02-21,19.579999923706055,19.780000686645508,19.299999237060547,19.559999465942383,19.559999465942383,885500
2014-02-24,19.600000381469727,19.799999237060547,19.489999771118164,19.540000915527344,19.540000915527344,829000
2014-02-25,19.600000381469727,19.6200008392334,19.200000762939453,19.239999771118164,19.239999771118164,749000
2014-02-26,19.25,19.40999984741211,18.969999313354492,19.049999237060547,19.049999237060547,1025900
2014-02-27,18.989999771118164,19.860000610351562,18.989999771118164,19.459999084472656,19.459999084472656,2479100
2014-02-28,19.469999313354492,19.799999237060547,19.030000686645508,19.329999923706055,19.329999923706055,1428300
2014-03-03,19.049999237060547,19.770000457763672,18.950000762939453,19.6299991607666,19.6299991607666,1828000
2014-03-04,19.959999084472656,20.31999969482422,19.889999389648438,19.959999084472656,19.959999084472656,2262400
2014-03-05,19.959999084472656,19.979999542236328,19.469999313354492,19.75,19.75,1772900
2014-03-06,19.780000686645508,19.920000076293945,19.639999389648438,19.700000762939453,19.700000762939453,1362700
2014-03-07,19.809999465942383,19.940000534057617,19.18000030517578,19.670000076293945,19.670000076293945,2784800
2014-03-10,19.6299991607666,19.649999618530273,19.260000228881836,19.5,19.5,712900
2014-03-11,19.5,19.56999969482422,18.989999771118164,19.020000457763672,19.020000457763672,1771400
2014-03-12,18.920000076293945,19.030000686645508,18.719999313354492,18.959999084472656,18.959999084472656,881500
2014-03-13,19.06999969482422,19.149999618530273,18.3799991607666,18.450000762939453,18.450000762939453,1496800
2014-03-14,18.389999389648438,18.690000534057617,18.219999313354492,18.239999771118164,18.239999771118164,2810100
2014-03-17,18.360000610351562,18.479999542236328,18.059999465942383,18.280000686645508,18.280000686645508,2666500
2014-03-18,18.350000381469727,18.729999542236328,18.280000686645508,18.709999084472656,18.709999084472656,1450800
2014-03-19,18.75,18.809999465942383,18.299999237060547,18.530000686645508,18.530000686645508,2450200
2014-03-20,18.489999771118164,18.829999923706055,18.25,18.81999969482422,18.81999969482422,2528800
2014-03-21,18.90999984741211,19.030000686645508,18.790000915527344,18.850000381469727,18.850000381469727,1734600
2014-03-24,18.889999389648438,18.899999618530273,18.190000534057617,18.209999084472656,18.209999084472656,2190600
2014-03-25,18.469999313354492,18.65999984741211,17.93000030517578,18.1200008392334,18.1200008392334,1990000
2014-03-26,18.239999771118164,18.31999969482422,17.850000381469727,17.850000381469727,17.850000381469727,1860600
2014-03-27,17.8799991607666,18.0,17.649999618530273,17.84000015258789,17.84000015258789,774800
2014-03-28,17.8700008392334,18.200000762939453,17.860000610351562,17.90999984741211,17.90999984741211,731300
2014-03-31,18.09000015258789,18.56999969482422,17.979999542236328,18.520000457763672,18.520000457763672,1370700
2014-04-01,18.65999984741211,19.399999618530273,18.65999984741211,19.309999465942383,19.309999465942383,2061000
2014-04-02,19.399999618530273,19.770000457763672,19.329999923706055,19.610000610351562,19.610000610351562,2165700
2014-04-03,19.6200008392334,19.780000686645508,19.31999969482422,19.530000686645508,19.530000686645508,907900
2014-04-04,19.649999618530273,19.709999084472656,19.010000228881836,19.09000015258789,19.09000015258789,1107500
2014-04-07,18.969999313354492,19.110000610351562,18.440000534057617,18.6299991607666,18.6299991607666,1227400
2014-04-08,18.579999923706055,18.719999313354492,18.110000610351562,18.600000381469727,18.600000381469727,1671200
2014-04-09,18.600000381469727,18.850000381469727,18.600000381469727,18.68000030517578,18.68000030517578,1363600
2014-04-10,18.700000762939453,18.700000762939453,17.799999237060547,17.93000030517578,17.93000030517578,2384000
2014-04-11,17.700000762939453,17.760000228881836,17.1200008392334,17.290000915527344,17.290000915527344,2822800
2014-04-14,17.5,17.790000915527344,17.43000030517578,17.600000381469727,17.600000381469727,1797900
2014-04-15,17.649999618530273,17.729999542236328,17.049999237060547,17.440000534057617,17.440000534057617,1590200
2014-04-16,17.700000762939453,18.06999969482422,17.479999542236328,17.899999618530273,17.899999618530273,1582600
2014-04-17,17.899999618530273,18.469999313354492,17.81999969482422,18.200000762939453,18.200000762939453,1096700
2014-04-21,18.100000381469727,18.309999465942383,17.920000076293945,18.100000381469727,18.100000381469727,1208800
2014-04-22,18.09000015258789,18.399999618530273,18.09000015258789,18.270000457763672,18.270000457763672,823800
2014-04-23,18.170000076293945,18.239999771118164,17.90999984741211,18.06999969482422,18.06999969482422,1078400
2014-04-24,18.290000915527344,18.31999969482422,17.959999084472656,18.190000534057617,18.190000534057617,1026600
2014-04-25,17.969999313354492,18.149999618530273,17.6200008392334,17.690000534057617,17.690000534057617,1077600
2014-04-28,17.780000686645508,17.780000686645508,17.190000534057617,17.5,17.5,1611200
2014-04-29,17.600000381469727,17.6299991607666,17.309999465942383,17.34000015258789,17.34000015258789,1524800
2014-04-30,17.25,17.690000534057617,17.1200008392334,17.649999618530273,17.649999618530273,1761800
2014-05-01,17.700000762939453,18.3799991607666,17.59000015258789,18.31999969482422,18.31999969482422,2754000
2014-05-02,19.170000076293945,19.690000534057617,18.670000076293945,18.780000686645508,18.780000686645508,3186800
2014-05-05,18.68000030517578,18.68000030517578,18.079999923706055,18.34000015258789,18.34000015258789,1973200
2014-05-06,18.110000610351562,18.34000015258789,17.75,17.799999237060547,17.799999237060547,1596200
2014-05-07,17.850000381469727,17.93000030517578,17.3700008392334,17.6200008392334,17.6200008392334,1718300
2014-05-08,17.549999237060547,17.979999542236328,17.360000610351562,17.399999618530273,17.399999618530273,1472800
2014-05-09,17.299999237060547,17.510000228881836,17.25,17.40999984741211,17.40999984741211,917100
2014-05-12,17.549999237060547,18.079999923706055,17.450000762939453,17.989999771118164,17.989999771118164,1018000
2014-05-13,18.0,18.030000686645508,17.709999084472656,17.790000915527344,17.790000915527344,839400
2014-05-14,17.780000686645508,17.780000686645508,17.459999084472656,17.540000915527344,17.540000915527344,800500
2014-05-15,17.389999389648438,17.6299991607666,17.1299991607666,17.59000015258789,17.59000015258789,1277500
2014-05-16,17.6200008392334,17.81999969482422,17.350000381469727,17.760000228881836,17.760000228881836,1262800
2014-05-19,17.670000076293945,17.979999542236328,17.670000076293945,17.850000381469727,17.850000381469727,792500
2014-05-20,17.850000381469727,17.889999389648438,17.3799991607666,17.610000610351562,17.610000610351562,1455900
2014-05-21,17.780000686645508,18.25,17.760000228881836,18.229999542236328,18.229999542236328,1356000
2014-05-22,18.270000457763672,18.399999618530273,17.93000030517578,18.030000686645508,18.030000686645508,1594900
2014-05-23,18.100000381469727,18.549999237060547,18.049999237060547,18.510000228881836,18.510000228881836,957700
2014-05-27,18.549999237060547,18.8700008392334,18.530000686645508,18.579999923706055,18.579999923706055,1105300
2014-05-28,18.6200008392334,18.700000762939453,18.440000534057617,18.489999771118164,18.489999771118164,933100
2014-05-29,18.6200008392334,18.670000076293945,18.329999923706055,18.510000228881836,18.510000228881836,841800
2014-05-30,18.540000915527344,18.600000381469727,18.3700008392334,18.540000915527344,18.540000915527344,868700
2014-06-02,18.600000381469727,18.670000076293945,18.299999237060547,18.540000915527344,18.540000915527344,748000
2014-06-03,18.399999618530273,18.969999313354492,18.399999618530273,18.700000762939453,18.700000762939453,1450200
2014-06-04,18.649999618530273,18.899999618530273,18.530000686645508,18.860000610351562,18.860000610351562,720700
2014-06-05,18.93000030517578,19.43000030517578,18.90999984741211,19.190000534057617,19.190000534057617,1222400
2014-06-06,19.329999923706055,19.440000534057617,19.25,19.40999984741211,19.40999984741211,693900
2014-06-09,19.3799991607666,19.690000534057617,19.260000228881836,19.459999084472656,19.459999084472656,939800
2014-06-10,19.420000076293945,19.510000228881836,19.299999237060547,19.479999542236328,19.479999542236328,837500
2014-06-11,19.399999618530273,19.459999084472656,19.200000762939453,19.3799991607666,19.3799991607666,1179900
2014-06-12,19.3799991607666,19.3799991607666,18.610000610351562,18.68000030517578,18.68000030517578,1262600
2014-06-13,18.729999542236328,18.979999542236328,18.59000015258789,18.950000762939453,18.950000762939453,695900
2014-06-16,18.8700008392334,19.1200008392334,18.84000015258789,19.020000457763672,19.020000457763672,677000
2014-06-17,18.93000030517578,19.209999084472656,18.850000381469727,19.139999389648438,19.139999389648438,559300
2014-06-18,19.100000381469727,19.200000762939453,18.940000534057617,19.139999389648438,19.139999389648438,660500
2014-06-19,19.25,19.280000686645508,19.030000686645508,19.110000610351562,19.110000610351562,612300
2014-06-20,19.190000534057617,19.209999084472656,18.889999389648438,18.899999618530273,18.899999618530273,944800
2014-06-23,18.950000762939453,19.239999771118164,18.780000686645508,18.809999465942383,18.809999465942383,1242200
2014-06-24,18.799999237060547,19.059999465942383,18.559999465942383,18.600000381469727,18.600000381469727,666200
2014-06-25,18.5,18.81999969482422,18.450000762939453,18.780000686645508,18.780000686645508,1305700
2014-06-26,18.780000686645508,18.8799991607666,18.489999771118164,18.850000381469727,18.850000381469727,624600
2014-06-27,18.75,18.979999542236328,18.75,18.8799991607666,18.8799991607666,1010500
2014-06-30,18.920000076293945,18.969999313354492,18.700000762939453,18.889999389648438,18.889999389648438,568000
2014-07-01,18.979999542236328,19.520000457763672,18.979999542236328,19.229999542236328,19.229999542236328,1685500
2014-07-02,19.25,19.68000030517578,19.25,19.420000076293945,19.420000076293945,1093900
2014-07-03,19.530000686645508,19.719999313354492,19.450000762939453,19.6299991607666,19.6299991607666,508200
2014-07-07,19.68000030517578,19.790000915527344,19.43000030517578,19.540000915527344,19.540000915527344,1224200
2014-07-08,19.510000228881836,19.81999969482422,19.200000762939453,19.670000076293945,19.670000076293945,1670800
2014-07-09,19.690000534057617,20.079999923706055,19.610000610351562,19.709999084472656,19.709999084472656,1705400
2014-07-10,19.209999084472656,19.899999618530273,19.15999984741211,19.399999618530273,19.399999618530273,1975600
2014-07-11,19.3799991607666,19.520000457763672,19.15999984741211,19.420000076293945,19.420000076293945,661200
2014-07-14,19.670000076293945,20.0,19.540000915527344,19.809999465942383,19.809999465942383,1371600
2014-07-15,19.739999771118164,19.920000076293945,19.56999969482422,19.68000030517578,19.68000030517578,1072500
2014-07-16,19.799999237060547,19.829999923706055,19.5,19.520000457763672,19.520000457763672,841900
2014-07-17,19.399999618530273,19.670000076293945,19.190000534057617,19.25,19.25,1484200
2014-07-18,19.270000457763672,19.40999984741211,19.170000076293945,19.31999969482422,19.31999969482422,941500
2014-07-21,19.25,19.34000015258789,18.969999313354492,19.149999618530273,19.149999618530273,1000900
2014-07-22,19.5,20.0,19.399999618530273,19.610000610351562,19.610000610351562,1239600
2014-07-23,19.729999542236328,19.860000610351562,19.530000686645508,19.700000762939453,19.700000762939453,833600
2014-07-24,19.809999465942383,19.81999969482422,19.209999084472656,19.229999542236328,19.229999542236328,1245100
2014-07-25,19.219999313354492,19.299999237060547,19.079999923706055,19.15999984741211,19.15999984741211,988000
2014-07-28,19.25,19.25,18.90999984741211,18.90999984741211,18.90999984741211,969300
2014-07-29,18.950000762939453,19.06999969482422,18.559999465942383,18.59000015258789,18.59000015258789,1775100
2014-07-30,18.719999313354492,18.850000381469727,18.530000686645508,18.799999237060547,18.799999237060547,955900
2014-07-31,18.6200008392334,18.65999984741211,18.219999313354492,18.389999389648438,18.389999389648438,2327400
2014-08-01,16.739999771118164,17.979999542236328,16.68000030517578,17.520000457763672,17.520000457763672,8209600
2014-08-04,17.59000015258789,18.1299991607666,17.59000015258789,17.989999771118164,17.989999771118164,2625700
2014-08-05,17.780000686645508,18.100000381469727,17.670000076293945,17.8799991607666,17.8799991607666,1604100
2014-08-06,17.700000762939453,17.950000762939453,17.610000610351562,17.739999771118164,17.739999771118164,1002600
2014-08-07,17.81999969482422,17.8799991607666,17.25,17.34000015258789,17.34000015258789,2098900
2014-08-08,17.40999984741211,17.670000076293945,17.350000381469727,17.639999389648438,17.639999389648438,1149700
2014-08-11,17.84000015258789,17.93000030517578,17.68000030517578,17.729999542236328,17.729999542236328,670800
2014-08-12,17.700000762939453,17.8799991607666,17.510000228881836,17.600000381469727,17.600000381469727,1076000
2014-08-13,17.719999313354492,18.030000686645508,17.649999618530273,17.8700008392334,17.8700008392334,863000
2014-08-14,17.829999923706055,18.030000686645508,17.709999084472656,17.959999084472656,17.959999084472656,649000
2014-08-15,18.139999389648438,18.170000076293945,17.700000762939453,17.959999084472656,17.959999084472656,832000
2014-08-18,18.15999984741211,18.219999313354492,18.030000686645508,18.219999313354492,18.219999313354492,978200
2014-08-19,18.299999237060547,18.469999313354492,18.18000030517578,18.329999923706055,18.329999923706055,663300
2014-08-20,18.229999542236328,18.270000457763672,17.950000762939453,18.209999084472656,18.209999084472656,1291700
2014-08-21,18.18000030517578,18.229999542236328,17.90999984741211,18.020000457763672,18.020000457763672,886100
2014-08-22,17.989999771118164,18.1299991607666,17.75,18.020000457763672,18.020000457763672,572800
2014-08-25,18.100000381469727,18.209999084472656,18.0,18.0,18.0,482100
2014-08-26,18.06999969482422,18.25,18.010000228881836,18.040000915527344,18.040000915527344,728400
2014-08-27,18.139999389648438,18.18000030517578,18.010000228881836,18.09000015258789,18.09000015258789,452700
2014-08-28,17.969999313354492,18.25,17.899999618530273,18.1200008392334,18.1200008392334,495200
2014-08-29,18.1200008392334,18.149999618530273,17.969999313354492,18.100000381469727,18.100000381469727,516200
2014-09-02,18.18000030517578,18.399999618530273,18.09000015258789,18.200000762939453,18.200000762939453,675600
2014-09-03,18.350000381469727,18.43000030517578,18.100000381469727,18.1200008392334,18.1200008392334,1081600
2014-09-04,18.18000030517578,18.360000610351562,17.959999084472656,18.149999618530273,18.149999618530273,1221400
2014-09-05,18.1299991607666,18.270000457763672,18.010000228881836,18.239999771118164,18.239999771118164,723000
2014-09-08,18.149999618530273,18.479999542236328,18.09000015258789,18.34000015258789,18.34000015258789,1461500
2014-09-09,18.270000457763672,18.420000076293945,18.170000076293945,18.219999313354492,18.219999313354492,1385600
2014-09-10,18.200000762939453,18.40999984741211,18.049999237060547,18.399999618530273,18.399999618530273,1078900
2014-09-11,18.260000228881836,18.68000030517578,18.229999542236328,18.559999465942383,18.559999465942383,1924000
2014-09-12,18.520000457763672,18.690000534057617,18.399999618530273,18.510000228881836,18.510000228881836,1317600
2014-09-15,18.5,18.549999237060547,17.989999771118164,18.059999465942383,18.059999465942383,1219100
2014-09-16,18.059999465942383,18.059999465942383,17.799999237060547,17.829999923706055,17.829999923706055,1105200
2014-09-17,17.889999389648438,18.110000610351562,17.81999969482422,17.8799991607666,17.8799991607666,981400
2014-09-18,17.920000076293945,17.979999542236328,17.850000381469727,17.899999618530273,17.899999618530273,471200
2014-09-19,17.969999313354492,18.0,17.65999984741211,17.770000457763672,17.770000457763672,997100
2014-09-22,17.75,17.75,17.530000686645508,17.6200008392334,17.6200008392334,882500
2014-09-23,17.5,17.760000228881836,17.469999313354492,17.479999542236328,17.479999542236328,1015700
2014-09-24,17.549999237060547,17.59000015258789,17.260000228881836,17.459999084472656,17.459999084472656,1303600
2014-09-25,17.420000076293945,17.530000686645508,17.200000762939453,17.290000915527344,17.290000915527344,935200
2014-09-26,17.329999923706055,17.440000534057617,17.149999618530273,17.25,17.25,1052700
2014-09-29,17.059999465942383,17.25,16.889999389648438,17.0,17.0,1183900
2014-09-30,16.969999313354492,17.06999969482422,16.559999465942383,16.770000457763672,16.770000457763672,2158900
2014-10-01,16.760000228881836,17.389999389648438,16.639999389648438,16.829999923706055,16.829999923706055,2081200
2014-10-02,16.8700008392334,17.469999313354492,16.8700008392334,17.350000381469727,17.350000381469727,2091100
2014-10-03,17.489999771118164,17.75,17.399999618530273,17.739999771118164,17.739999771118164,1412600
2014-10-06,17.829999923706055,17.989999771118164,17.600000381469727,17.610000610351562,17.610000610351562,833700
2014-10-07,17.469999313354492,17.530000686645508,17.06999969482422,17.1200008392334,17.1200008392334,916800
2014-10-08,17.06999969482422,17.360000610351562,16.739999771118164,17.260000228881836,17.260000228881836,1284700
2014-10-09,17.170000076293945,17.260000228881836,16.59000015258789,16.65999984741211,16.65999984741211,947400
2014-10-10,16.530000686645508,16.93000030517578,16.43000030517578,16.579999923706055,16.579999923706055,2009400
2014-10-13,16.600000381469727,16.860000610351562,16.360000610351562,16.399999618530273,16.399999618530273,1346400
2014-10-14,16.969999313354492,17.559999465942383,16.920000076293945,17.34000015258789,17.34000015258789,2439700
2014-10-15,17.06999969482422,17.239999771118164,16.450000762939453,17.0,17.0,1633500
2014-10-16,16.639999389648438,17.239999771118164,16.610000610351562,17.149999618530273,17.149999618530273,1394400
2014-10-17,17.440000534057617,17.770000457763672,17.270000457763672,17.420000076293945,17.420000076293945,1004400
2014-10-20,17.450000762939453,17.829999923706055,17.3799991607666,17.559999465942383,17.559999465942383,941800
2014-10-21,17.520000457763672,17.860000610351562,17.5,17.719999313354492,17.719999313354492,1438000
2014-10-22,17.729999542236328,17.850000381469727,17.43000030517578,17.459999084472656,17.459999084472656,1204000
2014-10-23,17.639999389648438,17.959999084472656,17.600000381469727,17.829999923706055,17.829999923706055,882100
2014-10-24,17.920000076293945,17.940000534057617,17.59000015258789,17.709999084472656,17.709999084472656,1239300
2014-10-27,17.700000762939453,17.770000457763672,17.360000610351562,17.469999313354492,17.469999313354492,786100
2014-10-28,17.549999237060547,18.149999618530273,17.549999237060547,18.06999969482422,18.06999969482422,1267400
2014-10-29,18.149999618530273,18.43000030517578,17.84000015258789,18.139999389648438,18.139999389648438,768000
2014-10-30,18.100000381469727,18.389999389648438,17.920000076293945,18.239999771118164,18.239999771118164,1354800
2014-10-31,18.93000030517578,19.469999313354492,18.459999084472656,19.329999923706055,19.329999923706055,4699300
2014-11-03,19.43000030517578,19.940000534057617,19.34000015258789,19.829999923706055,19.829999923706055,1874200
2014-11-04,19.799999237060547,19.979999542236328,19.459999084472656,19.760000228881836,19.760000228881836,1692700
2014-11-05,19.979999542236328,20.049999237060547,19.65999984741211,19.850000381469727,19.850000381469727,1218400
2014-11-06,19.829999923706055,20.18000030517578,19.829999923706055,20.110000610351562,20.110000610351562,1333600
2014-11-07,20.059999465942383,20.149999618530273,19.729999542236328,19.760000228881836,19.760000228881836,1840200
2014-11-10,19.81999969482422,20.06999969482422,19.600000381469727,19.93000030517578,19.93000030517578,2177200
2014-11-11,19.90999984741211,20.18000030517578,19.770000457763672,19.979999542236328,19.979999542236328,1511600
2014-11-12,19.979999542236328,20.31999969482422,19.8799991607666,20.200000762939453,20.200000762939453,885000
2014-11-13,20.15999984741211,20.3700008392334,20.1299991607666,20.239999771118164,20.239999771118164,996700
2014-11-14,20.200000762939453,20.450000762939453,20.1200008392334,20.350000381469727,20.350000381469727,669200
2014-11-17,20.329999923706055,20.59000015258789,20.229999542236328,20.3700008392334,20.3700008392334,1210500
2014-11-18,20.360000610351562,20.790000915527344,20.360000610351562,20.65999984741211,20.65999984741211,873000
2014-11-19,20.40999984741211,20.459999084472656,20.1200008392334,20.290000915527344,20.290000915527344,842300
2014-11-20,20.1299991607666,20.549999237060547,20.09000015258789,20.479999542236328,20.479999542236328,866700
2014-11-21,20.790000915527344,20.959999084472656,20.520000457763672,20.84000015258789,20.84000015258789,1254400
2014-11-24,20.940000534057617,21.100000381469727,20.75,20.940000534057617,20.940000534057617,622800
2014-11-25,20.940000534057617,21.06999969482422,20.799999237060547,20.950000762939453,20.950000762939453,595600
2014-11-26,21.020000457763672,21.020000457763672,20.799999237060547,20.959999084472656,20.959999084472656,385900
2014-11-28,21.020000457763672,21.969999313354492,20.93000030517578,21.34000015258789,21.34000015258789,1258400
2014-12-01,21.31999969482422,21.420000076293945,20.989999771118164,21.139999389648438,21.139999389648438,1060900
2014-12-02,21.15999984741211,21.5,21.100000381469727,21.43000030517578,21.43000030517578,771700
2014-12-03,21.43000030517578,22.0,21.43000030517578,21.899999618530273,21.899999618530273,958400
2014-12-04,21.979999542236328,22.40999984741211,21.690000534057617,22.110000610351562,22.110000610351562,1479100
2014-12-05,22.1200008392334,22.3700008392334,22.100000381469727,22.260000228881836,22.260000228881836,812600
2014-12-08,22.329999923706055,22.549999237060547,21.8700008392334,22.040000915527344,22.040000915527344,726000
2014-12-09,21.81999969482422,22.280000686645508,21.559999465942383,22.110000610351562,22.110000610351562,1370500
2014-12-10,22.09000015258789,22.1299991607666,21.469999313354492,21.559999465942383,21.559999465942383,978200
2014-12-11,21.649999618530273,21.940000534057617,21.469999313354492,21.6200008392334,21.6200008392334,655200
2014-12-12,21.389999389648438,21.709999084472656,21.280000686645508,21.399999618530273,21.399999618530273,656500
2014-12-15,21.479999542236328,21.6299991607666,21.149999618530273,21.31999969482422,21.31999969482422,715800
2014-12-16,21.31999969482422,21.809999465942383,21.1200008392334,21.229999542236328,21.229999542236328,645600
2014-12-17,21.290000915527344,21.8799991607666,21.270000457763672,21.860000610351562,21.860000610351562,811100
2014-12-18,22.100000381469727,22.100000381469727,21.700000762939453,21.739999771118164,21.739999771118164,950400
2014-12-19,21.75,22.299999237060547,21.75,22.190000534057617,22.190000534057617,1281900
2014-12-22,22.190000534057617,22.719999313354492,22.139999389648438,22.3799991607666,22.3799991607666,700000
2014-12-23,22.469999313354492,22.860000610351562,22.469999313354492,22.5,22.5,338300
2014-12-24,22.510000228881836,22.739999771118164,22.350000381469727,22.649999618530273,22.649999618530273,853700
2014-12-26,22.760000228881836,22.850000381469727,22.579999923706055,22.690000534057617,22.690000534057617,258900
2014-12-29,22.649999618530273,22.8799991607666,22.389999389648438,22.790000915527344,22.790000915527344,746500
2014-12-30,22.739999771118164,23.0,22.690000534057617,22.700000762939453,22.700000762939453,463700
2014-12-31,22.709999084472656,22.959999084472656,22.579999923706055,22.59000015258789,22.59000015258789,501200
2015-01-02,22.739999771118164,23.030000686645508,22.5,22.90999984741211,22.90999984741211,984100
2015-01-05,22.770000457763672,22.81999969482422,22.079999923706055,22.200000762939453,22.200000762939453,1217800
2015-01-06,22.34000015258789,22.479999542236328,22.0,22.31999969482422,22.31999969482422,1498900
2015-01-07,22.510000228881836,22.790000915527344,22.469999313354492,22.790000915527344,22.790000915527344,890200
2015-01-08,22.950000762939453,23.18000030517578,22.760000228881836,22.90999984741211,22.90999984741211,1365600
2015-01-09,22.84000015258789,23.040000915527344,22.719999313354492,22.979999542236328,22.979999542236328,697000
2015-01-12,23.049999237060547,23.110000610351562,22.450000762939453,22.56999969482422,22.56999969482422,1200300
2015-01-13,22.760000228881836,23.020000457763672,22.100000381469727,22.459999084472656,22.459999084472656,2744200
2015-01-14,22.15999984741211,23.479999542236328,22.149999618530273,23.459999084472656,23.459999084472656,3017300
2015-01-15,23.639999389648438,23.889999389648438,23.030000686645508,23.399999618530273,23.399999618530273,1785000
2015-01-16,23.469999313354492,24.0,23.399999618530273,24.0,24.0,2298200
2015-01-20,24.06999969482422,24.40999984741211,23.959999084472656,24.280000686645508,24.280000686645508,1821700
2015-01-21,24.25,24.520000457763672,24.0,24.139999389648438,24.139999389648438,1220600
2015-01-22,24.290000915527344,24.739999771118164,24.09000015258789,24.690000534057617,24.690000534057617,1297300
2015-01-23,24.780000686645508,24.920000076293945,24.200000762939453,24.25,24.25,879900
2015-01-26,24.760000228881836,25.040000915527344,24.709999084472656,24.979999542236328,24.979999542236328,1299400
2015-01-27,24.719999313354492,24.8799991607666,24.479999542236328,24.729999542236328,24.729999542236328,903400
2015-01-28,24.8799991607666,24.899999618530273,24.06999969482422,24.18000030517578,24.18000030517578,888300
2015-01-29,24.34000015258789,24.8700008392334,24.079999923706055,24.809999465942383,24.809999465942383,717900
2015-01-30,24.65999984741211,24.709999084472656,24.040000915527344,24.350000381469727,24.350000381469727,1122100
2015-02-02,24.459999084472656,24.700000762939453,24.06999969482422,24.690000534057617,24.690000534057617,1016400
2015-02-03,24.829999923706055,25.399999618530273,24.75,25.219999313354492,25.219999313354492,2021800
2015-02-04,25.290000915527344,25.729999542236328,25.100000381469727,25.270000457763672,25.270000457763672,1940800
2015-02-05,25.399999618530273,25.469999313354492,24.700000762939453,24.770000457763672,24.770000457763672,2412100
2015-02-06,24.649999618530273,25.260000228881836,24.600000381469727,24.729999542236328,24.729999542236328,1878200
2015-02-09,24.530000686645508,24.93000030517578,24.309999465942383,24.360000610351562,24.360000610351562,1457600
2015-02-10,24.610000610351562,24.860000610351562,24.399999618530273,24.68000030517578,24.68000030517578,1420000
2015-02-11,24.670000076293945,24.739999771118164,24.360000610351562,24.559999465942383,24.559999465942383,1167100
2015-02-12,24.739999771118164,25.040000915527344,24.68000030517578,24.950000762939453,24.950000762939453,939200
2015-02-13,24.450000762939453,24.770000457763672,24.290000915527344,24.729999542236328,24.729999542236328,1200500
2015-02-17,24.770000457763672,24.899999618530273,24.440000534057617,24.690000534057617,24.690000534057617,1554400
2015-02-18,24.719999313354492,25.270000457763672,24.719999313354492,24.940000534057617,24.940000534057617,1262700
2015-02-19,24.829999923706055,25.489999771118164,24.829999923706055,25.139999389648438,25.139999389648438,1453600
2015-02-20,25.239999771118164,25.56999969482422,24.969999313354492,25.56999969482422,25.56999969482422,1260700
2015-02-23,25.729999542236328,25.93000030517578,24.68000030517578,25.030000686645508,25.030000686645508,2988300
2015-02-24,25.110000610351562,25.420000076293945,24.889999389648438,24.979999542236328,24.979999542236328,950700
2015-02-25,25.020000457763672,25.18000030517578,24.81999969482422,25.040000915527344,25.040000915527344,1142700
2015-02-26,24.93000030517578,25.209999084472656,24.81999969482422,24.899999618530273,24.899999618530273,901900
2015-02-27,24.899999618530273,25.100000381469727,24.719999313354492,24.920000076293945,24.920000076293945,941300
2015-03-02,24.920000076293945,25.329999923706055,24.920000076293945,25.25,25.25,747300
2015-03-03,25.06999969482422,25.3799991607666,25.010000228881836,25.31999969482422,25.31999969482422,1015300
2015-03-04,25.260000228881836,25.260000228881836,24.799999237060547,24.90999984741211,24.90999984741211,572100
2015-03-05,24.84000015258789,24.979999542236328,24.549999237060547,24.700000762939453,24.700000762939453,565500
2015-03-06,24.549999237060547,24.670000076293945,24.100000381469727,24.170000076293945,24.170000076293945,992900
2015-03-09,24.260000228881836,24.739999771118164,24.260000228881836,24.610000610351562,24.610000610351562,647500
2015-03-10,24.389999389648438,24.6299991607666,24.040000915527344,24.559999465942383,24.559999465942383,974100
2015-03-11,24.549999237060547,24.65999984741211,24.280000686645508,24.639999389648438,24.639999389648438,789900
2015-03-12,24.770000457763672,25.100000381469727,24.700000762939453,25.079999923706055,25.079999923706055,823300
2015-03-13,25.06999969482422,25.270000457763672,24.860000610351562,24.940000534057617,24.940000534057617,749200
2015-03-16,25.059999465942383,25.3700008392334,24.969999313354492,25.15999984741211,25.15999984741211,988900
2015-03-17,25.09000015258789,25.3799991607666,25.040000915527344,25.219999313354492,25.219999313354492,779200
2015-03-18,25.1200008392334,25.56999969482422,25.059999465942383,25.34000015258789,25.34000015258789,717900
2015-03-19,25.549999237060547,25.959999084472656,25.440000534057617,25.559999465942383,25.559999465942383,1131800
2015-03-20,25.670000076293945,25.940000534057617,25.59000015258789,25.860000610351562,25.860000610351562,1026100
2015-03-23,25.81999969482422,25.959999084472656,25.559999465942383,25.700000762939453,25.700000762939453,787700
2015-03-24,25.729999542236328,25.84000015258789,25.510000228881836,25.540000915527344,25.540000915527344,427900
2015-03-25,25.520000457763672,25.520000457763672,24.809999465942383,24.850000381469727,24.850000381469727,688300
2015-03-26,24.81999969482422,25.139999389648438,24.75,24.950000762939453,24.950000762939453,754200
2015-03-27,24.940000534057617,25.34000015258789,24.68000030517578,25.31999969482422,25.31999969482422,936400
2015-03-30,25.329999923706055,25.979999542236328,25.31999969482422,25.760000228881836,25.760000228881836,672700
2015-03-31,25.68000030517578,26.15999984741211,25.649999618530273,25.829999923706055,25.829999923706055,738800
2015-04-01,25.889999389648438,25.950000762939453,25.450000762939453,25.75,25.75,889600
2015-04-02,25.68000030517578,26.100000381469727,25.65999984741211,25.93000030517578,25.93000030517578,586500
2015-04-06,25.809999465942383,26.209999084472656,25.739999771118164,26.040000915527344,26.040000915527344,435800
2015-04-07,26.06999969482422,26.079999923706055,25.700000762939453,25.729999542236328,25.729999542236328,733400
2015-04-08,25.81999969482422,25.8799991607666,25.639999389648438,25.829999923706055,25.829999923706055,757600
2015-04-09,25.75,25.989999771118164,25.690000534057617,25.799999237060547,25.799999237060547,855900
2015-04-10,25.899999618530273,25.940000534057617,25.399999618530273,25.56999969482422,25.56999969482422,734900
2015-04-13,25.56999969482422,25.639999389648438,25.360000610351562,25.540000915527344,25.540000915527344,628500
2015-04-14,25.559999465942383,25.68000030517578,25.280000686645508,25.649999618530273,25.649999618530273,858100
2015-04-15,25.75,25.75,24.610000610351562,24.84000015258789,24.84000015258789,2418000
2015-04-16,24.65999984741211,24.989999771118164,24.540000915527344,24.780000686645508,24.780000686645508,711300
2015-04-17,24.59000015258789,24.729999542236328,24.3700008392334,24.700000762939453,24.700000762939453,811300
2015-04-20,24.81999969482422,24.93000030517578,24.360000610351562,24.389999389648438,24.389999389648438,865900
2015-04-21,24.479999542236328,24.6299991607666,24.190000534057617,24.510000228881836,24.510000228881836,1193900
2015-04-22,24.5,24.700000762939453,24.389999389648438,24.65999984741211,24.65999984741211,653300
2015-04-23,24.59000015258789,24.6299991607666,24.3700008392334,24.5,24.5,557000
2015-04-24,24.530000686645508,24.530000686645508,24.209999084472656,24.229999542236328,24.229999542236328,598800
2015-04-27,24.280000686645508,24.59000015258789,24.25,24.459999084472656,24.459999084472656,1597000
2015-04-28,24.459999084472656,24.8799991607666,24.459999084472656,24.809999465942383,24.809999465942383,1328300
2015-04-29,24.739999771118164,25.049999237060547,24.6299991607666,24.969999313354492,24.969999313354492,1604700
2015-04-30,24.850000381469727,25.1200008392334,24.65999984741211,24.93000030517578,24.93000030517578,1787800
2015-05-01,25.65999984741211,26.06999969482422,23.739999771118164,23.959999084472656,23.959999084472656,2837900
2015-05-04,24.200000762939453,24.889999389648438,24.1299991607666,24.40999984741211,24.40999984741211,2100900
2015-05-05,24.459999084472656,24.579999923706055,23.979999542236328,24.010000228881836,24.010000228881836,1141000
2015-05-06,24.170000076293945,24.170000076293945,23.56999969482422,23.8799991607666,23.8799991607666,1366800
2015-05-07,24.0,24.510000228881836,23.90999984741211,24.510000228881836,24.510000228881836,1636200
2015-05-08,24.559999465942383,24.75,24.360000610351562,24.459999084472656,24.459999084472656,1764200
2015-05-11,24.399999618530273,24.700000762939453,24.34000015258789,24.399999618530273,24.399999618530273,1504100
2015-05-12,24.299999237060547,24.299999237060547,23.979999542236328,24.280000686645508,24.280000686645508,1281200
2015-05-13,24.520000457763672,24.760000228881836,24.34000015258789,24.639999389648438,24.639999389648438,940300
2015-05-14,24.860000610351562,24.950000762939453,24.690000534057617,24.84000015258789,24.84000015258789,992800
2015-05-15,24.809999465942383,24.969999313354492,24.65999984741211,24.920000076293945,24.920000076293945,978000
2015-05-18,24.940000534057617,25.34000015258789,24.84000015258789,25.209999084472656,25.209999084472656,1194600
2015-05-19,25.15999984741211,25.309999465942383,24.860000610351562,25.09000015258789,25.09000015258789,810200
2015-05-20,25.229999542236328,25.520000457763672,25.040000915527344,25.440000534057617,25.440000534057617,1363900
2015-05-21,25.479999542236328,25.670000076293945,25.290000915527344,25.479999542236328,25.479999542236328,855100
2015-05-22,25.450000762939453,25.68000030517578,25.3799991607666,25.6299991607666,25.6299991607666,835200
2015-05-26,25.520000457763672,25.600000381469727,25.15999984741211,25.360000610351562,25.360000610351562,723700
2015-05-27,25.459999084472656,25.700000762939453,25.100000381469727,25.65999984741211,25.65999984741211,1055100
2015-05-28,25.600000381469727,25.610000610351562,25.190000534057617,25.280000686645508,25.280000686645508,821100
2015-05-29,25.270000457763672,25.350000381469727,24.860000610351562,25.110000610351562,25.110000610351562,1177900
2015-06-01,25.389999389648438,25.469999313354492,24.969999313354492,25.309999465942383,25.309999465942383,961900
2015-06-02,25.200000762939453,25.579999923706055,25.06999969482422,25.25,25.25,1325400
2015-06-03,25.329999923706055,25.34000015258789,24.920000076293945,25.040000915527344,25.040000915527344,1917600
2015-06-04,24.850000381469727,24.850000381469727,23.540000915527344,23.649999618530273,23.649999618530273,2815300
2015-06-05,23.6299991607666,23.649999618530273,22.299999237060547,22.489999771118164,22.489999771118164,4213500
2015-06-08,22.079999923706055,22.81999969482422,21.799999237060547,22.489999771118164,22.489999771118164,3432200
2015-06-09,22.459999084472656,22.510000228881836,22.170000076293945,22.229999542236328,22.229999542236328,2152500
2015-06-10,22.3700008392334,22.8700008392334,22.25,22.6200008392334,22.6200008392334,1840300
2015-06-11,22.6299991607666,22.68000030517578,22.25,22.290000915527344,22.290000915527344,1178000
2015-06-12,22.149999618530273,22.31999969482422,21.770000457763672,22.260000228881836,22.260000228881836,1872200
2015-06-15,22.09000015258789,22.110000610351562,21.739999771118164,21.860000610351562,21.860000610351562,1292300
2015-06-16,21.799999237060547,21.959999084472656,21.670000076293945,21.84000015258789,21.84000015258789,1059100
2015-06-17,21.889999389648438,21.940000534057617,21.510000228881836,21.780000686645508,21.780000686645508,981900
2015-06-18,21.799999237060547,21.979999542236328,21.68000030517578,21.959999084472656,21.959999084472656,820800
2015-06-19,21.940000534057617,22.200000762939453,21.799999237060547,22.1299991607666,22.1299991607666,1549200
2015-06-22,22.270000457763672,22.579999923706055,22.190000534057617,22.389999389648438,22.389999389648438,1233800
2015-06-23,22.3799991607666,22.700000762939453,22.3799991607666,22.600000381469727,22.600000381469727,1341000
2015-06-24,22.639999389648438,22.75,22.209999084472656,22.290000915527344,22.290000915527344,829900
2015-06-25,22.399999618530273,22.530000686645508,22.200000762939453,22.25,22.25,802400
2015-06-26,22.290000915527344,22.540000915527344,22.200000762939453,22.25,22.25,1379800
2015-06-29,22.190000534057617,22.190000534057617,21.0,21.06999969482422,21.06999969482422,2012500
2015-06-30,21.280000686645508,21.3799991607666,20.709999084472656,20.90999984741211,20.90999984741211,2247000
2015-07-01,21.149999618530273,21.34000015258789,20.81999969482422,21.1299991607666,21.1299991607666,1243800
2015-07-02,21.139999389648438,21.25,20.68000030517578,21.18000030517578,21.18000030517578,1584400
2015-07-06,21.0,21.219999313354492,20.920000076293945,21.200000762939453,21.200000762939453,1356800
2015-07-07,21.280000686645508,21.309999465942383,20.850000381469727,21.139999389648438,21.139999389648438,1456600
2015-07-08,20.860000610351562,21.030000686645508,20.149999618530273,20.239999771118164,20.239999771118164,1928600
2015-07-09,20.68000030517578,20.90999984741211,20.270000457763672,20.31999969482422,20.31999969482422,2081600
2015-07-10,20.479999542236328,20.65999984741211,20.299999237060547,20.389999389648438,20.389999389648438,1425300
2015-07-13,20.459999084472656,20.940000534057617,20.389999389648438,20.920000076293945,20.920000076293945,1856800
2015-07-14,20.829999923706055,20.920000076293945,20.6200008392334,20.700000762939453,20.700000762939453,1529600
2015-07-15,20.729999542236328,20.799999237060547,20.270000457763672,20.350000381469727,20.350000381469727,1231800
2015-07-16,20.450000762939453,20.450000762939453,19.790000915527344,20.0,20.0,1783200
2015-07-17,19.90999984741211,20.350000381469727,19.760000228881836,20.31999969482422,20.31999969482422,2485800
2015-07-20,20.309999465942383,20.3700008392334,19.90999984741211,20.170000076293945,20.170000076293945,1895600
2015-07-21,20.25,20.56999969482422,20.09000015258789,20.1299991607666,20.1299991607666,1318700
2015-07-22,20.040000915527344,20.450000762939453,20.040000915527344,20.209999084472656,20.209999084472656,1320800
2015-07-23,20.489999771118164,21.219999313354492,20.350000381469727,20.649999618530273,20.649999618530273,2162000
2015-07-24,20.709999084472656,20.850000381469727,20.190000534057617,20.299999237060547,20.299999237060547,1299300
2015-07-27,20.1299991607666,20.209999084472656,19.84000015258789,20.1299991607666,20.1299991607666,1268600
2015-07-28,20.360000610351562,20.75,20.1200008392334,20.559999465942383,20.559999465942383,1445600
2015-07-29,20.6200008392334,21.049999237060547,20.5,21.020000457763672,21.020000457763672,1398800
2015-07-30,20.829999923706055,21.200000762939453,20.579999923706055,21.149999618530273,21.149999618530273,1815300
2015-07-31,21.5,21.850000381469727,19.549999237060547,19.979999542236328,19.979999542236328,5436800
2015-08-03,19.969999313354492,20.950000762939453,19.639999389648438,20.860000610351562,20.860000610351562,3234300
2015-08-04,20.81999969482422,21.209999084472656,20.760000228881836,20.8700008392334,20.8700008392334,1408800
2015-08-05,20.979999542236328,21.18000030517578,20.790000915527344,20.84000015258789,20.84000015258789,1170700
2015-08-06,20.920000076293945,20.940000534057617,20.479999542236328,20.549999237060547,20.549999237060547,1144300
2015-08-07,20.489999771118164,20.889999389648438,20.489999771118164,20.719999313354492,20.719999313354492,943100
2015-08-10,20.8799991607666,21.489999771118164,20.8700008392334,21.389999389648438,21.389999389648438,1269100
2015-08-11,21.360000610351562,21.360000610351562,20.68000030517578,20.860000610351562,20.860000610351562,1292100
2015-08-12,20.790000915527344,20.799999237060547,20.209999084472656,20.770000457763672,20.770000457763672,1122500
2015-08-13,20.8799991607666,21.110000610351562,20.690000534057617,20.829999923706055,20.829999923706055,830000
2015-08-14,20.829999923706055,21.549999237060547,20.790000915527344,21.450000762939453,21.450000762939453,1430500
2015-08-17,21.309999465942383,21.40999984741211,21.049999237060547,21.299999237060547,21.299999237060547,862900
2015-08-18,21.25,21.459999084472656,21.049999237060547,21.170000076293945,21.170000076293945,825600
2015-08-19,21.09000015258789,21.209999084472656,20.770000457763672,21.1200008392334,21.1200008392334,677900
2015-08-20,21.049999237060547,21.049999237060547,20.239999771118164,20.270000457763672,20.270000457763672,892300
2015-08-21,19.920000076293945,20.059999465942383,19.520000457763672,19.559999465942383,19.559999465942383,1150900
2015-08-24,18.520000457763672,19.709999084472656,17.450000762939453,19.059999465942383,19.059999465942383,1775500
2015-08-25,19.610000610351562,19.739999771118164,19.059999465942383,19.149999618530273,19.149999618530273,961100
2015-08-26,19.610000610351562,19.6200008392334,18.809999465942383,19.290000915527344,19.290000915527344,1160300
2015-08-27,19.59000015258789,19.950000762939453,19.270000457763672,19.8799991607666,19.8799991607666,1223700
2015-08-28,19.860000610351562,20.31999969482422,19.600000381469727,20.299999237060547,20.299999237060547,1082100
2015-08-31,20.190000534057617,20.350000381469727,20.040000915527344,20.200000762939453,20.200000762939453,1102600
2015-09-01,19.739999771118164,19.93000030517578,19.100000381469727,19.139999389648438,19.139999389648438,1384700
2015-09-02,19.350000381469727,19.489999771118164,18.760000228881836,19.15999984741211,19.15999984741211,1297800
2015-09-03,19.229999542236328,19.700000762939453,19.200000762939453,19.290000915527344,19.290000915527344,1292300
2015-09-04,19.0,19.329999923706055,18.899999618530273,19.209999084472656,19.209999084472656,1021000
2015-09-08,19.559999465942383,19.56999969482422,19.209999084472656,19.25,19.25,1221000
2015-09-09,19.450000762939453,19.75,19.389999389648438,19.43000030517578,19.43000030517578,1870000
2015-09-10,19.40999984741211,19.6299991607666,19.34000015258789,19.469999313354492,19.469999313354492,1118900
2015-09-11,19.3799991607666,19.530000686645508,19.270000457763672,19.3799991607666,19.3799991607666,764600
2015-09-14,19.399999618530273,19.709999084472656,19.350000381469727,19.6299991607666,19.6299991607666,712900
2015-09-15,19.700000762939453,20.260000228881836,19.65999984741211,20.200000762939453,20.200000762939453,688200
2015-09-16,20.219999313354492,20.770000457763672,20.15999984741211,20.739999771118164,20.739999771118164,924700
2015-09-17,20.65999984741211,21.040000915527344,20.520000457763672,20.68000030517578,20.68000030517578,1375000
2015-09-18,20.350000381469727,20.440000534057617,19.989999771118164,20.200000762939453,20.200000762939453,1451000
2015-09-21,20.219999313354492,20.3799991607666,19.84000015258789,20.0,20.0,936500
2015-09-22,19.639999389648438,19.639999389648438,19.260000228881836,19.399999618530273,19.399999618530273,1202600
2015-09-23,19.469999313354492,19.469999313354492,19.030000686645508,19.219999313354492,19.219999313354492,578100
2015-09-24,19.0,19.399999618530273,18.489999771118164,19.329999923706055,19.329999923706055,1185900
2015-09-25,19.540000915527344,19.65999984741211,19.290000915527344,19.3700008392334,19.3700008392334,852300
2015-09-28,19.25,19.329999923706055,18.969999313354492,19.239999771118164,19.239999771118164,1108500
2015-09-29,19.299999237060547,19.459999084472656,19.110000610351562,19.43000030517578,19.43000030517578,1167100
2015-09-30,19.690000534057617,20.09000015258789,19.649999618530273,19.940000534057617,19.940000534057617,1313700
2015-10-01,20.06999969482422,20.110000610351562,19.31999969482422,19.549999237060547,19.549999237060547,1631800
2015-10-02,19.309999465942383,19.360000610351562,18.290000915527344,18.639999389648438,18.639999389648438,2949700
2015-10-05,18.84000015258789,19.329999923706055,18.690000534057617,19.270000457763672,19.270000457763672,1683700
2015-10-06,19.309999465942383,19.799999237060547,19.25,19.510000228881836,19.510000228881836,872600
2015-10-07,19.610000610351562,20.110000610351562,19.520000457763672,19.809999465942383,19.809999465942383,1054300
2015-10-08,19.8799991607666,20.299999237060547,19.81999969482422,20.299999237060547,20.299999237060547,1230500
2015-10-09,20.34000015258789,20.540000915527344,20.15999984741211,20.329999923706055,20.329999923706055,772200
2015-10-12,20.309999465942383,20.610000610351562,20.309999465942383,20.420000076293945,20.420000076293945,725700
2015-10-13,20.31999969482422,20.469999313354492,20.100000381469727,20.1299991607666,20.1299991607666,718000
2015-10-14,20.1299991607666,20.219999313354492,19.729999542236328,19.940000534057617,19.940000534057617,910000
2015-10-15,20.0,20.229999542236328,19.770000457763672,20.18000030517578,20.18000030517578,638700
2015-10-16,20.18000030517578,20.229999542236328,19.700000762939453,19.84000015258789,19.84000015258789,686600
2015-10-19,19.709999084472656,19.959999084472656,19.479999542236328,19.959999084472656,19.959999084472656,870700
2015-10-20,19.979999542236328,20.450000762939453,19.920000076293945,20.299999237060547,20.299999237060547,891400
2015-10-21,20.489999771118164,20.739999771118164,19.90999984741211,19.979999542236328,19.979999542236328,747700
2015-10-22,20.040000915527344,20.850000381469727,19.90999984741211,20.540000915527344,20.540000915527344,1454300
2015-10-23,20.770000457763672,21.079999923706055,20.670000076293945,21.040000915527344,21.040000915527344,1272200
2015-10-26,20.979999542236328,21.549999237060547,20.90999984741211,21.5,21.5,1136800
2015-10-27,21.360000610351562,21.68000030517578,21.170000076293945,21.600000381469727,21.600000381469727,2026200
2015-10-28,21.6299991607666,21.979999542236328,21.459999084472656,21.979999542236328,21.979999542236328,1511900
2015-10-29,21.84000015258789,22.030000686645508,20.969999313354492,21.309999465942383,21.309999465942383,1542200
2015-10-30,21.290000915527344,22.709999084472656,21.1299991607666,22.15999984741211,22.15999984741211,2715400
2015-11-02,22.3799991607666,23.0,22.030000686645508,22.719999313354492,22.719999313354492,1960200
2015-11-03,22.709999084472656,22.889999389648438,22.530000686645508,22.549999237060547,22.549999237060547,1040000
2015-11-04,22.579999923706055,22.809999465942383,22.31999969482422,22.3700008392334,22.3700008392334,837600
2015-11-05,22.270000457763672,22.530000686645508,22.049999237060547,22.40999984741211,22.40999984741211,740400
2015-11-06,22.440000534057617,22.639999389648438,22.329999923706055,22.399999618530273,22.399999618530273,548800
2015-11-09,22.399999618530273,22.549999237060547,22.09000015258789,22.3700008392334,22.3700008392334,794500
2015-11-10,22.309999465942383,22.440000534057617,22.100000381469727,22.389999389648438,22.389999389648438,1057100
2015-11-11,22.399999618530273,22.690000534057617,22.260000228881836,22.610000610351562,22.610000610351562,665600
2015-11-12,22.420000076293945,22.489999771118164,21.950000762939453,22.09000015258789,22.09000015258789,703800
2015-11-13,22.059999465942383,22.290000915527344,21.520000457763672,21.530000686645508,21.530000686645508,723500
2015-11-16,21.530000686645508,21.75,21.31999969482422,21.739999771118164,21.739999771118164,1010600
2015-11-17,21.760000228881836,21.899999618530273,21.469999313354492,21.670000076293945,21.670000076293945,768800
2015-11-18,21.84000015258789,22.280000686645508,21.719999313354492,22.280000686645508,22.280000686645508,798900
2015-11-19,22.25,22.360000610351562,22.010000228881836,22.139999389648438,22.139999389648438,519000
2015-11-20,22.280000686645508,22.290000915527344,21.8700008392334,22.079999923706055,22.079999923706055,854600
2015-11-23,21.950000762939453,22.360000610351562,21.950000762939453,22.010000228881836,22.010000228881836,533300
2015-11-24,21.940000534057617,22.489999771118164,21.760000228881836,22.479999542236328,22.479999542236328,874600
2015-11-25,22.459999084472656,22.770000457763672,22.43000030517578,22.649999618530273,22.649999618530273,629700
2015-11-27,22.670000076293945,22.889999389648438,22.559999465942383,22.6299991607666,22.6299991607666,461600
2015-11-30,22.75,22.920000076293945,22.440000534057617,22.760000228881836,22.760000228881836,1032800
2015-12-01,22.770000457763672,22.979999542236328,22.31999969482422,22.459999084472656,22.459999084472656,1498400
2015-12-02,22.520000457763672,22.670000076293945,22.299999237060547,22.540000915527344,22.540000915527344,720400
2015-12-03,22.649999618530273,22.719999313354492,22.0,22.059999465942383,22.059999465942383,713100
2015-12-04,22.149999618530273,22.399999618530273,21.940000534057617,22.350000381469727,22.350000381469727,825300
2015-12-07,22.280000686645508,22.399999618530273,21.65999984741211,21.770000457763672,21.770000457763672,861700
2015-12-08,21.5,21.65999984741211,21.299999237060547,21.559999465942383,21.559999465942383,701100
2015-12-09,21.510000228881836,21.790000915527344,20.81999969482422,20.959999084472656,20.959999084472656,933800
2015-12-10,20.940000534057617,21.75,20.90999984741211,21.510000228881836,21.510000228881836,895700
2015-12-11,21.15999984741211,21.219999313354492,20.729999542236328,20.8799991607666,20.8799991607666,796600
2015-12-14,20.950000762939453,21.139999389648438,20.6299991607666,20.790000915527344,20.790000915527344,749700
2015-12-15,20.600000381469727,20.75,20.010000228881836,20.260000228881836,20.260000228881836,1572400
2015-12-16,20.40999984741211,20.600000381469727,20.200000762939453,20.389999389648438,20.389999389648438,1092900
2015-12-17,20.43000030517578,20.5,19.84000015258789,19.860000610351562,19.860000610351562,786500
2015-12-18,19.75,19.899999618530273,18.860000610351562,19.229999542236328,19.229999542236328,2158500
2015-12-21,19.420000076293945,19.829999923706055,19.290000915527344,19.719999313354492,19.719999313354492,1202800
2015-12-22,19.709999084472656,19.850000381469727,19.350000381469727,19.639999389648438,19.639999389648438,1199300
2015-12-23,19.780000686645508,20.229999542236328,19.649999618530273,20.1200008392334,20.1200008392334,701500
2015-12-24,20.170000076293945,20.270000457763672,19.860000610351562,19.8700008392334,19.8700008392334,268400
2015-12-28,19.75,19.8799991607666,19.3700008392334,19.479999542236328,19.479999542236328,765800
2015-12-29,19.559999465942383,19.790000915527344,19.440000534057617,19.719999313354492,19.719999313354492,699000
2015-12-30,19.68000030517578,19.760000228881836,19.360000610351562,19.389999389648438,19.389999389648438,426800
2015-12-31,19.389999389648438,19.399999618530273,18.770000457763672,18.940000534057617,18.940000534057617,1207100
2016-01-04,18.739999771118164,18.799999237060547,18.200000762939453,18.520000457763672,18.520000457763672,1553000
2016-01-05,18.600000381469727,18.610000610351562,17.510000228881836,17.610000610351562,17.610000610351562,2245300
2016-01-06,17.329999923706055,17.360000610351562,16.760000228881836,16.860000610351562,16.860000610351562,1974000
2016-01-07,16.56999969482422,16.579999923706055,15.880000114440918,16.030000686645508,16.030000686645508,1989500
2016-01-08,16.399999618530273,16.450000762939453,15.819999694824219,15.859999656677246,15.859999656677246,2770800
2016-01-11,15.979999542236328,16.350000381469727,15.90999984741211,16.25,16.25,1909000
2016-01-12,16.479999542236328,16.600000381469727,16.100000381469727,16.350000381469727,16.350000381469727,1752900
2016-01-13,16.350000381469727,16.350000381469727,13.319999694824219,13.579999923706055,13.579999923706055,7485700
2016-01-14,13.600000381469727,13.890000343322754,12.770000457763672,13.479999542236328,13.479999542236328,5081600
2016-01-15,12.930000305175781,13.539999961853027,12.8100004196167,13.430000305175781,13.430000305175781,3298000
2016-01-19,13.619999885559082,13.670000076293945,12.960000038146973,13.180000305175781,13.180000305175781,2858300
2016-01-20,13.0,13.079999923706055,12.569999694824219,12.949999809265137,12.949999809265137,2696900
2016-01-21,13.020000457763672,13.270000457763672,12.880000114440918,13.100000381469727,13.100000381469727,2120700
2016-01-22,13.369999885559082,13.710000038146973,13.140000343322754,13.210000038146973,13.210000038146973,2737800
2016-01-25,13.079999923706055,13.140000343322754,12.420000076293945,12.4399995803833,12.4399995803833,1612500
2016-01-26,12.6899995803833,13.470000267028809,12.6899995803833,13.390000343322754,13.390000343322754,2104000
2016-01-27,13.380000114440918,13.479999542236328,12.720000267028809,12.869999885559082,12.869999885559082,1777500
2016-01-28,13.039999961853027,13.079999923706055,12.390000343322754,12.600000381469727,12.600000381469727,1746200
2016-01-29,12.850000381469727,12.850000381469727,12.220000267028809,12.819999694824219,12.819999694824219,1790500
2016-02-01,12.649999618530273,13.109999656677246,12.369999885559082,13.039999961853027,13.039999961853027,1974300
2016-02-02,12.65999984741211,12.84000015258789,12.069999694824219,12.199999809265137,12.199999809265137,2359400
2016-02-03,12.380000114440918,12.430000305175781,11.489999771118164,12.15999984741211,12.15999984741211,1782100
2016-02-04,12.319999694824219,12.600000381469727,11.90999984741211,12.289999961853027,12.289999961853027,2171100
2016-02-05,12.1899995803833,12.850000381469727,12.119999885559082,12.359999656677246,12.359999656677246,2098000
2016-02-08,12.149999618530273,12.229999542236328,11.569999694824219,12.079999923706055,12.079999923706055,2358100
2016-02-09,11.859999656677246,12.260000228881836,11.65999984741211,11.949999809265137,11.949999809265137,2376000
2016-02-10,12.109999656677246,12.539999961853027,11.850000381469727,11.899999618530273,11.899999618530273,2441600
2016-02-11,11.710000038146973,12.210000038146973,11.4399995803833,11.75,11.75,3062500
2016-02-12,13.569999694824219,14.550000190734863,12.3100004196167,14.390000343322754,14.390000343322754,4743800
2016-02-16,14.119999885559082,14.819999694824219,13.90999984741211,14.680000305175781,14.680000305175781,2782200
2016-02-17,14.880000114440918,15.399999618530273,14.779999732971191,15.119999885559082,15.119999885559082,2092100
2016-02-18,15.119999885559082,15.119999885559082,14.510000228881836,14.729999542236328,14.729999542236328,1929300
2016-02-19,14.579999923706055,14.649999618530273,14.140000343322754,14.430000305175781,14.430000305175781,1112500
2016-02-22,14.670000076293945,14.850000381469727,14.510000228881836,14.8100004196167,14.8100004196167,1079400
2016-02-23,14.760000228881836,14.949999809265137,14.460000038146973,14.460000038146973,14.460000038146973,1322300
2016-02-24,14.229999542236328,14.4399995803833,13.949999809265137,14.40999984741211,14.40999984741211,1342300
2016-02-25,14.40999984741211,14.640000343322754,14.229999542236328,14.619999885559082,14.619999885559082,1172100
2016-02-26,14.800000190734863,14.930000305175781,14.59000015258789,14.829999923706055,14.829999923706055,1109500
2016-02-29,14.949999809265137,15.069999694824219,14.579999923706055,14.619999885559082,14.619999885559082,1252300
2016-03-01,14.869999885559082,15.40999984741211,14.550000190734863,15.399999618530273,15.399999618530273,2034800
2016-03-02,15.350000381469727,15.65999984741211,15.260000228881836,15.5,15.5,1289000
2016-03-03,15.550000190734863,15.9399995803833,15.529999732971191,15.779999732971191,15.779999732971191,839100
2016-03-04,15.770000457763672,15.90999984741211,15.260000228881836,15.430000305175781,15.430000305175781,1518200
2016-03-07,15.300000190734863,15.609999656677246,15.210000038146973,15.59000015258789,15.59000015258789,1596400
2016-03-08,15.40999984741211,15.510000228881836,14.640000343322754,14.770000457763672,14.770000457763672,1903300
2016-03-09,14.8100004196167,15.170000076293945,14.800000190734863,15.0,15.0,1163900
2016-03-10,15.0600004196167,15.15999984741211,14.140000343322754,14.479999542236328,14.479999542236328,1132800
2016-03-11,14.65999984741211,15.069999694824219,14.569999694824219,15.029999732971191,15.029999732971191,1217800
2016-03-14,14.979999542236328,14.979999542236328,14.579999923706055,14.9399995803833,14.9399995803833,1041500
2016-03-15,14.850000381469727,14.989999771118164,14.5600004196167,14.979999542236328,14.979999542236328,942600
2016-03-16,14.920000076293945,15.430000305175781,14.829999923706055,15.34000015258789,15.34000015258789,1097100
2016-03-17,15.34000015258789,15.739999771118164,15.220000267028809,15.670000076293945,15.670000076293945,1572600
2016-03-18,15.770000457763672,16.030000686645508,15.359999656677246,15.479999542236328,15.479999542236328,1220100
2016-03-21,15.479999542236328,15.630000114440918,15.039999961853027,15.210000038146973,15.210000038146973,1243200
2016-03-22,15.050000190734863,15.319999694824219,14.84000015258789,15.130000114440918,15.130000114440918,945700
2016-03-23,15.100000381469727,15.149999618530273,14.760000228881836,14.779999732971191,14.779999732971191,749400
2016-03-24,14.670000076293945,14.699999809265137,14.319999694824219,14.649999618530273,14.649999618530273,855100
2016-03-28,14.720000267028809,14.899999618530273,14.510000228881836,14.8100004196167,14.8100004196167,972500
2016-03-29,14.75,15.300000190734863,14.569999694824219,15.260000228881836,15.260000228881836,707100
2016-03-30,15.4399995803833,15.59000015258789,15.170000076293945,15.270000457763672,15.270000457763672,834300
2016-03-31,15.25,15.529999732971191,15.239999771118164,15.390000343322754,15.390000343322754,677600
2016-04-01,15.199999809265137,15.25,14.720000267028809,14.949999809265137,14.949999809265137,1092100
2016-04-04,14.90999984741211,14.90999984741211,14.100000381469727,14.359999656677246,14.359999656677246,969200
2016-04-05,14.149999618530273,14.460000038146973,14.020000457763672,14.430000305175781,14.430000305175781,1221000
2016-04-06,14.430000305175781,14.649999618530273,14.140000343322754,14.550000190734863,14.550000190734863,1079800
2016-04-07,14.399999618530273,14.520000457763672,14.020000457763672,14.149999618530273,14.149999618530273,857200
2016-04-08,14.300000190734863,14.489999771118164,14.140000343322754,14.260000228881836,14.260000228881836,908500
2016-04-11,14.369999885559082,14.729999542236328,14.300000190734863,14.319999694824219,14.319999694824219,862700
2016-04-12,14.359999656677246,14.670000076293945,14.270000457763672,14.5600004196167,14.5600004196167,841100
2016-04-13,14.739999771118164,15.479999542236328,14.710000038146973,15.369999885559082,15.369999885559082,1363600
2016-04-14,15.399999618530273,15.869999885559082,15.399999618530273,15.859999656677246,15.859999656677246,1541000
2016-04-15,15.850000381469727,15.960000038146973,15.4399995803833,15.600000381469727,15.600000381469727,1234200
2016-04-18,15.520000457763672,15.680000305175781,15.510000228881836,15.600000381469727,15.600000381469727,726700
2016-04-19,15.640000343322754,16.040000915527344,15.640000343322754,15.960000038146973,15.960000038146973,801500
2016-04-20,15.9399995803833,16.110000610351562,15.779999732971191,15.960000038146973,15.960000038146973,607300
2016-04-21,16.079999923706055,16.100000381469727,15.75,16.0,16.0,898300
2016-04-22,16.0,16.25,15.829999923706055,15.850000381469727,15.850000381469727,938900
2016-04-25,15.779999732971191,15.779999732971191,15.34000015258789,15.539999961853027,15.539999961853027,1093500
2016-04-26,15.640000343322754,16.420000076293945,15.640000343322754,16.3799991607666,16.3799991607666,799700
2016-04-27,16.420000076293945,16.469999313354492,15.90999984741211,16.1200008392334,16.1200008392334,689400
2016-04-28,16.040000915527344,16.139999389648438,15.720000267028809,15.770000457763672,15.770000457763672,626500
2016-04-29,15.75,15.779999732971191,15.34000015258789,15.510000228881836,15.510000228881836,790100
2016-05-02,15.579999923706055,15.65999984741211,15.09000015258789,15.359999656677246,15.359999656677246,1401000
2016-05-03,15.199999809265137,15.289999961853027,14.739999771118164,15.119999885559082,15.119999885559082,1026100
2016-05-04,14.930000305175781,15.210000038146973,14.75,14.890000343322754,14.890000343322754,1007000
2016-05-05,15.100000381469727,15.279999732971191,14.75,14.970000267028809,14.970000267028809,1679000
2016-05-06,15.829999923706055,16.5,15.600000381469727,16.190000534057617,16.190000534057617,2285000
2016-05-09,16.190000534057617,16.190000534057617,15.75,15.84000015258789,15.84000015258789,1592800
2016-05-10,15.899999618530273,16.280000686645508,15.739999771118164,16.1200008392334,16.1200008392334,1420100
2016-05-11,16.09000015258789,16.399999618530273,15.890000343322754,15.9399995803833,15.9399995803833,902500
2016-05-12,16.049999237060547,16.219999313354492,15.640000343322754,15.789999961853027,15.789999961853027,978800
2016-05-13,15.6899995803833,15.989999771118164,15.539999961853027,15.630000114440918,15.630000114440918,846500
2016-05-16,15.699999809265137,15.880000114440918,15.529999732971191,15.699999809265137,15.699999809265137,914100
2016-05-17,15.609999656677246,15.859999656677246,15.430000305175781,15.489999771118164,15.489999771118164,896800
2016-05-18,15.460000038146973,15.760000228881836,15.34000015258789,15.550000190734863,15.550000190734863,712700
2016-05-19,15.359999656677246,15.550000190734863,14.84000015258789,15.020000457763672,15.020000457763672,913900
2016-05-20,15.100000381469727,15.300000190734863,14.989999771118164,15.210000038146973,15.210000038146973,637600
2016-05-23,15.119999885559082,15.220000267028809,14.859999656677246,14.899999618530273,14.899999618530273,613200
2016-05-24,15.029999732971191,15.449999809265137,14.9399995803833,15.300000190734863,15.300000190734863,1176900
2016-05-25,16.06999969482422,16.790000915527344,16.049999237060547,16.610000610351562,16.610000610351562,3765700
2016-05-26,16.6200008392334,16.690000534057617,16.239999771118164,16.350000381469727,16.350000381469727,2002600
2016-05-27,16.3700008392334,16.739999771118164,16.260000228881836,16.739999771118164,16.739999771118164,10887200
2016-05-31,16.84000015258789,16.90999984741211,16.469999313354492,16.670000076293945,16.670000076293945,1684400
2016-06-01,16.670000076293945,16.670000076293945,16.049999237060547,16.520000457763672,16.520000457763672,1828700
2016-06-02,16.3799991607666,16.729999542236328,16.3799991607666,16.670000076293945,16.670000076293945,1013800
2016-06-03,16.549999237060547,16.549999237060547,16.139999389648438,16.15999984741211,16.15999984741211,1046700
2016-06-06,16.260000228881836,16.579999923706055,16.100000381469727,16.489999771118164,16.489999771118164,1097300
2016-06-07,16.530000686645508,16.8700008392334,16.43000030517578,16.850000381469727,16.850000381469727,872300
2016-06-08,16.8700008392334,16.989999771118164,16.729999542236328,16.889999389648438,16.889999389648438,1028800
2016-06-09,16.780000686645508,17.020000457763672,16.6200008392334,16.969999313354492,16.969999313354492,1138300
2016-06-10,16.719999313354492,16.8799991607666,16.3700008392334,16.459999084472656,16.459999084472656,1054000
2016-06-13,16.270000457763672,16.469999313354492,15.739999771118164,15.779999732971191,15.779999732971191,1328800
2016-06-14,15.680000305175781,16.110000610351562,15.489999771118164,15.649999618530273,15.649999618530273,1323300
2016-06-15,15.6899995803833,16.25,15.649999618530273,15.920000076293945,15.920000076293945,1343800
2016-06-16,15.710000038146973,16.010000228881836,15.390000343322754,15.989999771118164,15.989999771118164,1016400
2016-06-17,16.059999465942383,16.3700008392334,15.9399995803833,16.06999969482422,16.06999969482422,1147500
2016-06-20,16.34000015258789,16.739999771118164,16.34000015258789,16.440000534057617,16.440000534057617,950000
2016-06-21,15.890000343322754,15.949999809265137,15.180000305175781,15.470000267028809,15.470000267028809,1982500
2016-06-22,15.350000381469727,15.640000343322754,15.25,15.369999885559082,15.369999885559082,1210300
2016-06-23,15.640000343322754,15.869999885559082,15.539999961853027,15.800000190734863,15.800000190734863,848800
2016-06-24,14.880000114440918,14.989999771118164,14.739999771118164,14.800000190734863,14.800000190734863,2234300
2016-06-27,14.420000076293945,14.430000305175781,13.699999809265137,13.760000228881836,13.760000228881836,1861100
2016-06-28,13.930000305175781,14.039999961853027,13.600000381469727,13.770000457763672,13.770000457763672,2126300
2016-06-29,14.199999809265137,14.850000381469727,14.09000015258789,14.800000190734863,14.800000190734863,2254600
2016-06-30,14.760000228881836,14.869999885559082,14.15999984741211,14.479999542236328,14.479999542236328,1368500
2016-07-01,14.579999923706055,15.260000228881836,14.5600004196167,14.989999771118164,14.989999771118164,931200
2016-07-05,14.800000190734863,14.800000190734863,14.149999618530273,14.319999694824219,14.319999694824219,1311400
2016-07-06,14.220000267028809,14.5600004196167,14.010000228881836,14.510000228881836,14.510000228881836,1353200
2016-07-07,14.579999923706055,14.979999542236328,14.34000015258789,14.489999771118164,14.489999771118164,1097100
2016-07-08,14.739999771118164,15.399999618530273,14.729999542236328,15.239999771118164,15.239999771118164,1440200
2016-07-11,15.390000343322754,15.850000381469727,15.390000343322754,15.5600004196167,15.5600004196167,1062900
2016-07-12,15.779999732971191,16.15999984741211,15.699999809265137,15.869999885559082,15.869999885559082,940500
2016-07-13,16.010000228881836,16.100000381469727,15.550000190734863,15.890000343322754,15.890000343322754,1093800
2016-07-14,15.890000343322754,16.329999923706055,15.890000343322754,16.100000381469727,16.100000381469727,658300
2016-07-15,16.200000762939453,16.200000762939453,15.84000015258789,16.0,16.0,632000
2016-07-18,15.989999771118164,16.3799991607666,15.9399995803833,16.350000381469727,16.350000381469727,474100
2016-07-19,15.859999656677246,16.389999389648438,15.779999732971191,15.789999961853027,15.789999961853027,2107200
2016-07-20,15.789999961853027,16.440000534057617,15.670000076293945,16.40999984741211,16.40999984741211,1325400
2016-07-21,16.459999084472656,17.06999969482422,16.459999084472656,16.940000534057617,16.940000534057617,1676000
2016-07-22,16.989999771118164,17.0,16.709999084472656,16.950000762939453,16.950000762939453,749600
2016-07-25,16.93000030517578,17.15999984741211,16.829999923706055,17.06999969482422,17.06999969482422,775600
2016-07-26,17.149999618530273,17.389999389648438,17.079999923706055,17.290000915527344,17.290000915527344,1157300
2016-07-27,17.329999923706055,17.5,17.1200008392334,17.329999923706055,17.329999923706055,1080000
2016-07-28,16.8799991607666,16.899999618530273,16.020000457763672,16.6299991607666,16.6299991607666,2302700
2016-07-29,17.829999923706055,17.899999618530273,16.81999969482422,17.40999984741211,17.40999984741211,2418600
2016-08-01,17.350000381469727,17.700000762939453,17.030000686645508,17.510000228881836,17.510000228881836,1429100
2016-08-02,17.479999542236328,17.479999542236328,16.510000228881836,17.010000228881836,17.010000228881836,2640600
2016-08-03,16.920000076293945,17.280000686645508,16.809999465942383,17.18000030517578,17.18000030517578,1501300
2016-08-04,17.299999237060547,17.489999771118164,17.219999313354492,17.389999389648438,17.389999389648438,1062400
2016-08-05,17.559999465942383,17.93000030517578,17.559999465942383,17.690000534057617,17.690000534057617,906200
2016-08-08,17.700000762939453,17.850000381469727,17.649999618530273,17.729999542236328,17.729999542236328,723000
2016-08-09,17.829999923706055,18.139999389648438,17.690000534057617,17.8700008392334,17.8700008392334,1457300
2016-08-10,17.93000030517578,17.969999313354492,17.690000534057617,17.719999313354492,17.719999313354492,832100
2016-08-11,17.860000610351562,18.059999465942383,17.770000457763672,17.920000076293945,17.920000076293945,672900
2016-08-12,17.860000610351562,17.940000534057617,17.690000534057617,17.889999389648438,17.889999389648438,551500
2016-08-15,17.959999084472656,18.09000015258789,17.8799991607666,18.0,18.0,987000
2016-08-16,17.920000076293945,17.940000534057617,17.709999084472656,17.75,17.75,727500
2016-08-17,17.719999313354492,17.850000381469727,17.479999542236328,17.579999923706055,17.579999923706055,1072800
2016-08-18,17.559999465942383,17.860000610351562,17.360000610351562,17.520000457763672,17.520000457763672,826200
2016-08-19,17.399999618530273,17.780000686645508,17.350000381469727,17.68000030517578,17.68000030517578,767900
2016-08-22,17.610000610351562,17.649999618530273,17.43000030517578,17.540000915527344,17.540000915527344,774400
2016-08-23,17.6200008392334,17.770000457763672,17.59000015258789,17.75,17.75,743100
2016-08-24,17.729999542236328,17.84000015258789,17.559999465942383,17.600000381469727,17.600000381469727,457700
2016-08-25,17.489999771118164,17.6299991607666,17.030000686645508,17.110000610351562,17.110000610351562,1207400
2016-08-26,17.110000610351562,17.489999771118164,17.010000228881836,17.18000030517578,17.18000030517578,948000
2016-08-29,17.18000030517578,17.270000457763672,17.0,17.110000610351562,17.110000610351562,887600
2016-08-30,17.059999465942383,17.43000030517578,17.030000686645508,17.09000015258789,17.09000015258789,727400
2016-08-31,17.010000228881836,17.3799991607666,17.0,17.139999389648438,17.139999389648438,1480200
2016-09-01,17.18000030517578,17.5,16.780000686645508,16.809999465942383,16.809999465942383,2256400
2016-09-02,16.920000076293945,17.479999542236328,16.65999984741211,17.399999618530273,17.399999618530273,1204800
2016-09-06,17.43000030517578,17.6299991607666,17.09000015258789,17.18000030517578,17.18000030517578,1072000
2016-09-07,17.139999389648438,17.389999389648438,17.010000228881836,17.139999389648438,17.139999389648438,970400
2016-09-08,17.06999969482422,17.18000030517578,16.809999465942383,16.899999618530273,16.899999618530273,604400
2016-09-09,16.75,16.84000015258789,16.06999969482422,16.100000381469727,16.100000381469727,1293000
2016-09-12,15.970000267028809,16.56999969482422,15.829999923706055,16.540000915527344,16.540000915527344,1191500
2016-09-13,16.299999237060547,16.469999313354492,16.0,16.170000076293945,16.170000076293945,1071900
2016-09-14,16.1299991607666,16.450000762939453,15.649999618530273,16.309999465942383,16.309999465942383,1571900
2016-09-15,16.31999969482422,16.610000610351562,16.219999313354492,16.579999923706055,16.579999923706055,812800
2016-09-16,16.5,16.59000015258789,16.350000381469727,16.479999542236328,16.479999542236328,963800
2016-09-19,16.6299991607666,16.950000762939453,16.610000610351562,16.719999313354492,16.719999313354492,1113700
2016-09-20,16.860000610351562,16.93000030517578,16.399999618530273,16.540000915527344,16.540000915527344,572900
2016-09-21,16.6200008392334,16.829999923706055,16.559999465942383,16.75,16.75,758300
2016-09-22,16.950000762939453,17.350000381469727,16.950000762939453,17.270000457763672,17.270000457763672,846500
2016-09-23,17.15999984741211,17.34000015258789,17.110000610351562,17.18000030517578,17.18000030517578,882900
2016-09-26,16.979999542236328,17.020000457763672,16.399999618530273,16.579999923706055,16.579999923706055,1468200
2016-09-27,16.530000686645508,16.610000610351562,16.239999771118164,16.420000076293945,16.420000076293945,1058900
2016-09-28,16.43000030517578,16.760000228881836,16.280000686645508,16.760000228881836,16.760000228881836,811700
2016-09-29,16.719999313354492,16.899999618530273,16.450000762939453,16.459999084472656,16.459999084472656,931100
2016-09-30,16.56999969482422,17.329999923706055,16.469999313354492,17.219999313354492,17.219999313354492,1397600
2016-10-03,17.1200008392334,17.350000381469727,17.1200008392334,17.270000457763672,17.270000457763672,736100
2016-10-04,17.350000381469727,17.600000381469727,16.850000381469727,17.079999923706055,17.079999923706055,1585400
2016-10-05,17.139999389648438,17.75,17.09000015258789,17.649999618530273,17.649999618530273,954200
2016-10-06,17.520000457763672,17.829999923706055,17.170000076293945,17.799999237060547,17.799999237060547,880000
2016-10-07,17.799999237060547,17.93000030517578,17.559999465942383,17.65999984741211,17.65999984741211,1061100
2016-10-10,17.770000457763672,18.280000686645508,17.729999542236328,17.979999542236328,17.979999542236328,1179400
2016-10-11,17.860000610351562,17.969999313354492,17.709999084472656,17.899999618530273,17.899999618530273,937100
2016-10-12,17.899999618530273,18.25,17.610000610351562,18.190000534057617,18.190000534057617,1517500
2016-10-13,17.8799991607666,17.889999389648438,17.5,17.719999313354492,17.719999313354492,1328300
2016-10-14,17.959999084472656,18.020000457763672,17.760000228881836,17.780000686645508,17.780000686645508,595000
2016-10-17,17.709999084472656,17.93000030517578,17.670000076293945,17.75,17.75,726500
2016-10-18,17.969999313354492,17.969999313354492,17.270000457763672,17.469999313354492,17.469999313354492,1073100
2016-10-19,17.459999084472656,17.989999771118164,17.43000030517578,17.790000915527344,17.790000915527344,1587800
2016-10-20,17.850000381469727,17.90999984741211,17.56999969482422,17.739999771118164,17.739999771118164,504200
2016-10-21,17.459999084472656,17.719999313354492,17.40999984741211,17.520000457763672,17.520000457763672,615200
2016-10-24,17.700000762939453,17.889999389648438,17.469999313354492,17.690000534057617,17.690000534057617,847800
2016-10-25,17.6200008392334,17.739999771118164,17.040000915527344,17.200000762939453,17.200000762939453,756400
2016-10-26,17.100000381469727,17.719999313354492,17.09000015258789,17.489999771118164,17.489999771118164,598600
2016-10-27,17.479999542236328,17.510000228881836,17.139999389648438,17.360000610351562,17.360000610351562,628400
2016-10-28,17.190000534057617,17.670000076293945,17.030000686645508,17.579999923706055,17.579999923706055,811200
2016-10-31,17.649999618530273,17.950000762939453,17.56999969482422,17.920000076293945,17.920000076293945,1032300
2016-11-01,18.020000457763672,18.040000915527344,16.850000381469727,17.059999465942383,17.059999465942383,2376300
2016-11-02,16.940000534057617,17.200000762939453,16.5,16.610000610351562,16.610000610351562,1268700
2016-11-03,14.90999984741211,15.010000228881836,13.65999984741211,13.680000305175781,13.680000305175781,8362400
2016-11-04,13.380000114440918,13.9399995803833,12.850000381469727,13.649999618530273,13.649999618530273,4914900
2016-11-07,13.979999542236328,14.069999694824219,13.609999656677246,13.789999961853027,13.789999961853027,2202200
2016-11-08,13.6899995803833,13.8100004196167,13.399999618530273,13.739999771118164,13.739999771118164,2379400
2016-11-09,12.789999961853027,13.8100004196167,12.609999656677246,13.760000228881836,13.760000228881836,2459500
2016-11-10,13.270000457763672,14.0,13.270000457763672,13.449999809265137,13.449999809265137,2407100
2016-11-11,13.5600004196167,13.859999656677246,13.369999885559082,13.75,13.75,1934400
2016-11-14,13.90999984741211,14.760000228881836,13.850000381469727,14.489999771118164,14.489999771118164,2847900
2016-11-15,14.4399995803833,15.109999656677246,14.369999885559082,15.109999656677246,15.109999656677246,2301000
2016-11-16,15.0,15.449999809265137,14.960000038146973,15.369999885559082,15.369999885559082,2686700
2016-11-17,15.369999885559082,15.90999984741211,15.289999961853027,15.710000038146973,15.710000038146973,1858000
2016-11-18,15.699999809265137,16.15999984741211,15.630000114440918,15.670000076293945,15.670000076293945,1827900
2016-11-21,15.779999732971191,15.90999984741211,15.600000381469727,15.770000457763672,15.770000457763672,1207400
2016-11-22,15.859999656677246,15.979999542236328,15.699999809265137,15.960000038146973,15.960000038146973,1052800
2016-11-23,15.949999809265137,16.200000762939453,15.930000305175781,16.040000915527344,16.040000915527344,1047400
2016-11-25,16.100000381469727,16.229999542236328,15.899999618530273,15.979999542236328,15.979999542236328,435200
2016-11-28,15.9399995803833,16.190000534057617,15.539999961853027,15.59000015258789,15.59000015258789,1326100
2016-11-29,15.600000381469727,15.8100004196167,15.34000015258789,15.369999885559082,15.369999885559082,1691200
2016-11-30,15.479999542236328,15.720000267028809,15.1899995803833,15.65999984741211,15.65999984741211,2108900
2016-12-01,16.389999389648438,16.729999542236328,16.219999313354492,16.219999313354492,16.219999313354492,2144600
2016-12-02,16.239999771118164,16.399999618530273,15.770000457763672,15.800000190734863,15.800000190734863,1274400
2016-12-05,16.020000457763672,16.170000076293945,15.699999809265137,16.010000228881836,16.010000228881836,980100
2016-12-06,16.139999389648438,16.93000030517578,16.079999923706055,16.690000534057617,16.690000534057617,1381900
2016-12-07,16.760000228881836,17.639999389648438,16.760000228881836,17.489999771118164,17.489999771118164,1864800
2016-12-08,17.610000610351562,17.93000030517578,17.34000015258789,17.899999618530273,17.899999618530273,1433000
2016-12-09,17.979999542236328,18.09000015258789,17.719999313354492,18.010000228881836,18.010000228881836,942800
2016-12-12,18.020000457763672,18.260000228881836,17.899999618530273,18.030000686645508,18.030000686645508,1172100
2016-12-13,18.239999771118164,18.25,17.81999969482422,17.989999771118164,17.989999771118164,996100
2016-12-14,17.809999465942383,17.93000030517578,17.360000610351562,17.469999313354492,17.469999313354492,1139600
2016-12-15,17.479999542236328,18.079999923706055,17.389999389648438,18.040000915527344,18.040000915527344,867900
2016-12-16,18.540000915527344,18.989999771118164,18.469999313354492,18.600000381469727,18.600000381469727,3453300
2016-12-19,18.6299991607666,18.690000534057617,18.06999969482422,18.530000686645508,18.530000686645508,1299100
2016-12-20,18.989999771118164,19.1299991607666,18.690000534057617,18.829999923706055,18.829999923706055,1860800
2016-12-21,18.780000686645508,19.389999389648438,18.670000076293945,19.25,19.25,1167400
2016-12-22,19.139999389648438,19.139999389648438,18.770000457763672,18.979999542236328,18.979999542236328,1108500
2016-12-23,18.950000762939453,19.1200008392334,18.860000610351562,19.110000610351562,19.110000610351562,450100
2016-12-27,19.219999313354492,19.579999923706055,19.139999389648438,19.510000228881836,19.510000228881836,871400
2016-12-28,19.579999923706055,19.739999771118164,19.1299991607666,19.219999313354492,19.219999313354492,1048400
2016-12-29,19.270000457763672,19.459999084472656,19.1200008392334,19.43000030517578,19.43000030517578,733500
2016-12-30,19.469999313354492,19.5,19.190000534057617,19.299999237060547,19.299999237060547,626600
2017-01-03,19.56999969482422,19.700000762939453,19.100000381469727,19.479999542236328,19.479999542236328,1838000
2017-01-04,19.690000534057617,20.270000457763672,19.579999923706055,20.040000915527344,20.040000915527344,3424200
2017-01-05,19.850000381469727,20.020000457763672,19.479999542236328,19.520000457763672,19.520000457763672,2347500
2017-01-06,19.739999771118164,19.760000228881836,19.059999465942383,19.25,19.25,1616600
2017-01-09,19.25,19.329999923706055,18.84000015258789,19.110000610351562,19.110000610351562,1651900
2017-01-10,19.18000030517578,19.989999771118164,19.100000381469727,19.93000030517578,19.93000030517578,2178200
2017-01-11,20.510000228881836,20.81999969482422,20.239999771118164,20.610000610351562,20.610000610351562,2135500
2017-01-12,20.510000228881836,20.670000076293945,19.8799991607666,20.469999313354492,20.469999313354492,2110200
2017-01-13,20.489999771118164,20.729999542236328,20.40999984741211,20.690000534057617,20.690000534057617,724100
2017-01-17,20.540000915527344,20.540000915527344,19.989999771118164,20.309999465942383,20.309999465942383,1579000
2017-01-18,20.25,20.450000762939453,20.010000228881836,20.34000015258789,20.34000015258789,1257700
2017-01-19,20.43000030517578,20.899999618530273,20.40999984741211,20.56999969482422,20.56999969482422,2578600
2017-01-20,20.6200008392334,20.639999389648438,19.93000030517578,20.020000457763672,20.020000457763672,1607200
2017-01-23,19.809999465942383,19.899999618530273,19.549999237060547,19.719999313354492,19.719999313354492,1987400
2017-01-24,19.719999313354492,20.209999084472656,19.719999313354492,20.100000381469727,20.100000381469727,1937300
2017-01-25,20.200000762939453,20.739999771118164,20.200000762939453,20.690000534057617,20.690000534057617,1197200
2017-01-26,20.68000030517578,20.8799991607666,20.3799991607666,20.450000762939453,20.450000762939453,1659100
2017-01-27,20.479999542236328,20.479999542236328,20.049999237060547,20.1299991607666,20.1299991607666,2019000
2017-01-30,19.8799991607666,20.139999389648438,19.6200008392334,20.1200008392334,20.1200008392334,1348900
2017-01-31,20.100000381469727,20.440000534057617,19.899999618530273,20.399999618530273,20.399999618530273,1814800
2017-02-01,20.579999923706055,20.829999923706055,20.43000030517578,20.700000762939453,20.700000762939453,1277000
2017-02-02,20.84000015258789,20.84000015258789,20.229999542236328,20.239999771118164,20.239999771118164,1477800
2017-02-03,20.510000228881836,20.6299991607666,20.15999984741211,20.200000762939453,20.200000762939453,1220100
2017-02-06,20.049999237060547,20.420000076293945,20.0,20.420000076293945,20.420000076293945,1293700
2017-02-07,20.420000076293945,20.549999237060547,20.15999984741211,20.270000457763672,20.270000457763672,1294300
2017-02-08,20.270000457763672,20.43000030517578,20.06999969482422,20.40999984741211,20.40999984741211,1167600
2017-02-09,20.459999084472656,21.25,20.440000534057617,21.200000762939453,21.200000762939453,2240100
2017-02-10,20.639999389648438,21.149999618530273,19.889999389648438,20.489999771118164,20.489999771118164,2880200
2017-02-13,20.389999389648438,20.739999771118164,20.049999237060547,20.34000015258789,20.34000015258789,2101300
2017-02-14,20.200000762939453,20.6200008392334,20.200000762939453,20.360000610351562,20.360000610351562,1313000
2017-02-15,20.389999389648438,20.420000076293945,20.15999984741211,20.399999618530273,20.399999618530273,1151900
2017-02-16,20.43000030517578,20.6299991607666,19.68000030517578,19.950000762939453,19.950000762939453,1457100
2017-02-17,19.860000610351562,20.200000762939453,19.65999984741211,20.190000534057617,20.190000534057617,1546100
2017-02-21,20.329999923706055,20.690000534057617,20.309999465942383,20.59000015258789,20.59000015258789,1390100
2017-02-22,20.59000015258789,20.65999984741211,20.290000915527344,20.489999771118164,20.489999771118164,703300
2017-02-23,20.559999465942383,20.770000457763672,19.950000762939453,20.040000915527344,20.040000915527344,1000200
2017-02-24,19.850000381469727,19.959999084472656,19.450000762939453,19.670000076293945,19.670000076293945,924100
2017-02-27,19.549999237060547,20.1200008392334,19.469999313354492,20.049999237060547,20.049999237060547,1046800
2017-02-28,20.06999969482422,20.06999969482422,19.56999969482422,19.81999969482422,19.81999969482422,1589700
2017-03-01,20.190000534057617,20.809999465942383,20.030000686645508,20.299999237060547,20.299999237060547,2083700
2017-03-02,20.309999465942383,20.829999923706055,20.209999084472656,20.520000457763672,20.520000457763672,1442000
2017-03-03,20.559999465942383,20.690000534057617,20.329999923706055,20.440000534057617,20.440000534057617,1284300
2017-03-06,20.229999542236328,20.309999465942383,19.719999313354492,19.799999237060547,19.799999237060547,1072000
2017-03-07,19.739999771118164,19.809999465942383,19.34000015258789,19.350000381469727,19.350000381469727,1740200
2017-03-08,19.5,19.950000762939453,19.360000610351562,19.84000015258789,19.84000015258789,1341600
2017-03-09,19.81999969482422,19.90999984741211,19.34000015258789,19.399999618530273,19.399999618530273,1278300
2017-03-10,19.610000610351562,19.68000030517578,19.440000534057617,19.559999465942383,19.559999465942383,773000
2017-03-13,19.600000381469727,19.93000030517578,19.540000915527344,19.75,19.75,638800
2017-03-14,19.649999618530273,20.079999923706055,19.639999389648438,19.920000076293945,19.920000076293945,671900
2017-03-15,19.979999542236328,20.59000015258789,19.950000762939453,20.389999389648438,20.389999389648438,1258700
2017-03-16,20.520000457763672,20.760000228881836,20.440000534057617,20.639999389648438,20.639999389648438,1148400
2017-03-17,20.700000762939453,20.770000457763672,20.219999313354492,20.3799991607666,20.3799991607666,1808300
2017-03-20,20.290000915527344,20.34000015258789,19.950000762939453,20.09000015258789,20.09000015258789,1052700
2017-03-21,20.190000534057617,20.200000762939453,18.93000030517578,18.969999313354492,18.969999313354492,1530200
2017-03-22,18.899999618530273,19.15999984741211,18.559999465942383,18.770000457763672,18.770000457763672,1173100
2017-03-23,18.639999389648438,18.81999969482422,18.469999313354492,18.6200008392334,18.6200008392334,1362800
2017-03-24,18.65999984741211,18.950000762939453,18.5,18.6200008392334,18.6200008392334,1093100
2017-03-27,18.309999465942383,18.579999923706055,18.15999984741211,18.540000915527344,18.540000915527344,997700
2017-03-28,18.520000457763672,18.8799991607666,18.3799991607666,18.709999084472656,18.709999084472656,1009300
2017-03-29,18.700000762939453,18.899999618530273,18.600000381469727,18.649999618530273,18.649999618530273,945600
2017-03-30,18.65999984741211,18.979999542236328,18.610000610351562,18.889999389648438,18.889999389648438,800600
2017-03-31,18.90999984741211,19.0,18.639999389648438,18.780000686645508,18.780000686645508,806800
2017-04-03,18.809999465942383,18.969999313354492,17.139999389648438,17.610000610351562,17.610000610351562,3763900
2017-04-04,17.479999542236328,17.649999618530273,17.329999923706055,17.389999389648438,17.389999389648438,3558400
2017-04-05,17.639999389648438,17.68000030517578,16.770000457763672,16.8799991607666,16.8799991607666,3695400
2017-04-06,16.979999542236328,17.350000381469727,16.899999618530273,17.0,17.0,1663200
2017-04-07,16.889999389648438,17.06999969482422,16.780000686645508,16.959999084472656,16.959999084472656,1853900
2017-04-10,16.920000076293945,16.989999771118164,16.639999389648438,16.780000686645508,16.780000686645508,1630100
2017-04-11,16.709999084472656,16.8700008392334,16.559999465942383,16.780000686645508,16.780000686645508,1576000
2017-04-12,16.780000686645508,16.940000534057617,16.59000015258789,16.700000762939453,16.700000762939453,1436700
2017-04-13,16.639999389648438,16.809999465942383,16.469999313354492,16.68000030517578,16.68000030517578,1892300
2017-04-17,16.690000534057617,16.940000534057617,16.639999389648438,16.850000381469727,16.850000381469727,1458600
2017-04-18,16.780000686645508,17.1200008392334,16.75,17.010000228881836,17.010000228881836,1173300
2017-04-19,17.049999237060547,17.360000610351562,17.010000228881836,17.030000686645508,17.030000686645508,1085900
2017-04-20,17.209999084472656,17.56999969482422,17.190000534057617,17.290000915527344,17.290000915527344,1391000
2017-04-21,17.25,17.34000015258789,16.940000534057617,16.989999771118164,16.989999771118164,1300400
2017-04-24,17.25,17.389999389648438,17.1200008392334,17.219999313354492,17.219999313354492,1326100
2017-04-25,17.459999084472656,17.670000076293945,17.329999923706055,17.610000610351562,17.610000610351562,971700
2017-04-26,17.6200008392334,17.950000762939453,17.459999084472656,17.469999313354492,17.469999313354492,1566700
2017-04-27,17.59000015258789,17.760000228881836,17.43000030517578,17.690000534057617,17.690000534057617,1291700
2017-04-28,17.75,17.799999237060547,17.540000915527344,17.59000015258789,17.59000015258789,851500
2017-05-01,17.770000457763672,17.81999969482422,17.510000228881836,17.530000686645508,17.530000686645508,1192100
2017-05-02,17.6299991607666,17.770000457763672,16.190000534057617,16.56999969482422,16.56999969482422,3823600
2017-05-03,16.719999313354492,16.8700008392334,16.549999237060547,16.6200008392334,16.6200008392334,1461800
2017-05-04,16.65999984741211,16.809999465942383,16.450000762939453,16.639999389648438,16.639999389648438,1820000
2017-05-05,17.6200008392334,18.139999389648438,17.149999618530273,17.56999969482422,17.56999969482422,2698800
2017-05-08,17.59000015258789,18.0,17.549999237060547,17.889999389648438,17.889999389648438,1483300
2017-05-09,18.010000228881836,18.09000015258789,17.850000381469727,17.920000076293945,17.920000076293945,1718500
2017-05-10,17.899999618530273,18.049999237060547,17.6200008392334,17.68000030517578,17.68000030517578,1362400
2017-05-11,17.690000534057617,17.84000015258789,17.540000915527344,17.690000534057617,17.690000534057617,940600
2017-05-12,17.6200008392334,17.809999465942383,17.200000762939453,17.25,17.25,851300
2017-05-15,17.309999465942383,17.579999923706055,17.299999237060547,17.329999923706055,17.329999923706055,851000
2017-05-16,17.459999084472656,17.479999542236328,16.709999084472656,16.81999969482422,16.81999969482422,2114000
2017-05-17,16.81999969482422,16.81999969482422,15.779999732971191,15.850000381469727,15.850000381469727,1930200
2017-05-18,15.760000228881836,15.869999885559082,15.510000228881836,15.770000457763672,15.770000457763672,2198000
2017-05-19,15.8100004196167,15.960000038146973,15.65999984741211,15.680000305175781,15.680000305175781,1604100
2017-05-22,15.720000267028809,15.819999694824219,15.5600004196167,15.65999984741211,15.65999984741211,1026200
2017-05-23,15.699999809265137,15.819999694824219,15.600000381469727,15.640000343322754,15.640000343322754,1271100
2017-05-24,15.699999809265137,15.710000038146973,15.529999732971191,15.579999923706055,15.579999923706055,816200
2017-05-25,15.65999984741211,15.699999809265137,15.09000015258789,15.220000267028809,15.220000267028809,2270000
2017-05-26,15.180000305175781,15.369999885559082,15.020000457763672,15.229999542236328,15.229999542236328,797900
2017-05-30,15.220000267028809,15.329999923706055,15.15999984741211,15.239999771118164,15.239999771118164,1785500
2017-05-31,15.25,15.25,14.760000228881836,15.109999656677246,15.109999656677246,1802900
2017-06-01,15.319999694824219,15.890000343322754,14.989999771118164,15.739999771118164,15.739999771118164,1697900
2017-06-02,15.75,15.920000076293945,15.510000228881836,15.550000190734863,15.550000190734863,1654200
2017-06-05,15.630000114440918,15.720000267028809,15.430000305175781,15.630000114440918,15.630000114440918,1141200
2017-06-06,15.5,15.770000457763672,15.40999984741211,15.710000038146973,15.710000038146973,854400
2017-06-07,15.800000190734863,16.170000076293945,15.65999984741211,16.139999389648438,16.139999389648438,1662000
2017-06-08,15.819999694824219,15.970000267028809,15.5,15.75,15.75,1771900
2017-06-09,15.819999694824219,16.399999618530273,15.710000038146973,16.260000228881836,16.260000228881836,1717700
2017-06-12,16.18000030517578,16.68000030517578,16.110000610351562,16.34000015258789,16.34000015258789,1617600
2017-06-13,16.40999984741211,16.489999771118164,16.1200008392334,16.280000686645508,16.280000686645508,1378800
2017-06-14,16.139999389648438,16.219999313354492,15.819999694824219,15.84000015258789,15.84000015258789,1659600
2017-06-15,15.699999809265137,15.960000038146973,15.550000190734863,15.859999656677246,15.859999656677246,1606000
2017-06-16,15.630000114440918,15.630000114440918,14.380000114440918,14.550000190734863,14.550000190734863,4247500
2017-06-19,14.579999923706055,14.609999656677246,14.3100004196167,14.520000457763672,14.520000457763672,1459300
2017-06-20,14.460000038146973,14.489999771118164,14.25,14.300000190734863,14.300000190734863,1584300
2017-06-21,14.550000190734863,14.760000228881836,14.390000343322754,14.699999809265137,14.699999809265137,1528300
2017-06-22,14.550000190734863,14.829999923706055,14.399999618530273,14.630000114440918,14.630000114440918,1713200
2017-06-23,14.649999618530273,14.789999961853027,14.510000228881836,14.720000267028809,14.720000267028809,3251300
2017-06-26,14.800000190734863,15.0600004196167,14.739999771118164,14.970000267028809,14.970000267028809,2756300
2017-06-27,14.899999618530273,14.970000267028809,14.539999961853027,14.65999984741211,14.65999984741211,1304100
2017-06-28,14.800000190734863,14.960000038146973,14.739999771118164,14.800000190734863,14.800000190734863,1466400
2017-06-29,14.930000305175781,15.149999618530273,14.8100004196167,15.140000343322754,15.140000343322754,1625900
2017-06-30,15.220000267028809,15.729999542236328,15.199999809265137,15.600000381469727,15.600000381469727,2048300
2017-07-03,15.739999771118164,16.459999084472656,15.699999809265137,15.890000343322754,15.890000343322754,1384300
2017-07-05,15.890000343322754,15.960000038146973,15.260000228881836,15.430000305175781,15.430000305175781,1468800
2017-07-06,15.369999885559082,15.670000076293945,15.279999732971191,15.420000076293945,15.420000076293945,1123200
2017-07-07,15.489999771118164,15.819999694824219,15.4399995803833,15.760000228881836,15.760000228881836,1090500
2017-07-10,15.779999732971191,16.06999969482422,15.640000343322754,16.049999237060547,16.049999237060547,923100
2017-07-11,15.949999809265137,16.190000534057617,15.859999656677246,16.1299991607666,16.1299991607666,1127800
2017-07-12,16.149999618530273,16.43000030517578,16.139999389648438,16.290000915527344,16.290000915527344,917000
2017-07-13,16.309999465942383,16.940000534057617,16.290000915527344,16.770000457763672,16.770000457763672,1964000
2017-07-14,16.670000076293945,16.90999984741211,16.399999618530273,16.899999618530273,16.899999618530273,1322700
2017-07-17,16.899999618530273,16.920000076293945,16.540000915527344,16.56999969482422,16.56999969482422,1847200
2017-07-18,16.5,16.559999465942383,16.229999542236328,16.31999969482422,16.31999969482422,1242100
2017-07-19,16.270000457763672,16.739999771118164,16.229999542236328,16.639999389648438,16.639999389648438,1334200
2017-07-20,16.65999984741211,16.75,16.459999084472656,16.520000457763672,16.520000457763672,860300
2017-07-21,16.440000534057617,16.459999084472656,15.170000076293945,15.5,15.5,2809200
2017-07-24,15.5,15.670000076293945,15.229999542236328,15.430000305175781,15.430000305175781,2096800
2017-07-25,15.520000457763672,15.970000267028809,15.430000305175781,15.84000015258789,15.84000015258789,1516200
2017-07-26,15.84000015258789,16.030000686645508,15.619999885559082,16.0,16.0,1671000
2017-07-27,16.059999465942383,16.209999084472656,15.789999961853027,16.0,16.0,2612000
2017-07-28,16.200000762939453,16.3700008392334,14.800000190734863,15.430000305175781,15.430000305175781,3401500
2017-07-31,15.15999984741211,15.279999732971191,14.470000267028809,14.739999771118164,14.739999771118164,5210300
2017-08-01,14.850000381469727,14.880000114440918,13.880000114440918,14.329999923706055,14.329999923706055,4728200
2017-08-02,14.09000015258789,14.449999809265137,14.010000228881836,14.420000076293945,14.420000076293945,2687800
2017-08-03,14.449999809265137,14.600000381469727,14.079999923706055,14.09000015258789,14.09000015258789,2696900
2017-08-04,14.180000305175781,14.420000076293945,13.960000038146973,14.289999961853027,14.289999961853027,1669100
2017-08-07,14.220000267028809,14.649999618530273,14.100000381469727,14.630000114440918,14.630000114440918,1627200
2017-08-08,14.5,14.779999732971191,14.5,14.6899995803833,14.6899995803833,1956000
2017-08-09,14.5,14.630000114440918,14.270000457763672,14.479999542236328,14.479999542236328,1654800
2017-08-10,14.329999923706055,14.399999618530273,13.989999771118164,14.140000343322754,14.140000343322754,1835800
2017-08-11,14.109999656677246,14.470000267028809,14.0600004196167,14.350000381469727,14.350000381469727,1603600
2017-08-14,14.479999542236328,14.510000228881836,14.220000267028809,14.420000076293945,14.420000076293945,1452300
2017-08-15,14.479999542236328,14.539999961853027,14.289999961853027,14.300000190734863,14.300000190734863,836500
2017-08-16,14.40999984741211,14.609999656677246,14.369999885559082,14.430000305175781,14.430000305175781,759800
2017-08-17,14.359999656677246,14.479999542236328,14.020000457763672,14.020000457763672,14.020000457763672,1359100
2017-08-18,13.90999984741211,14.039999961853027,13.789999961853027,13.989999771118164,13.989999771118164,1353400
2017-08-21,13.989999771118164,14.020000457763672,13.819999694824219,13.819999694824219,13.819999694824219,867500
2017-08-22,13.890000343322754,13.970000267028809,13.739999771118164,13.789999961853027,13.789999961853027,986900
2017-08-23,13.680000305175781,14.029999732971191,13.630000114440918,13.819999694824219,13.819999694824219,800500
2017-08-24,13.899999618530273,14.09000015258789,13.800000190734863,13.829999923706055,13.829999923706055,1049100
2017-08-25,13.880000114440918,14.0,13.829999923706055,13.90999984741211,13.90999984741211,2553900
2017-08-28,13.979999542236328,13.979999542236328,13.739999771118164,13.84000015258789,13.84000015258789,860900
2017-08-29,13.699999809265137,13.8100004196167,13.380000114440918,13.59000015258789,13.59000015258789,1475700
2017-08-30,13.630000114440918,14.619999885559082,13.5600004196167,14.59000015258789,14.59000015258789,2806300
2017-08-31,14.600000381469727,14.850000381469727,14.5600004196167,14.609999656677246,14.609999656677246,1564300
2017-09-01,14.630000114440918,15.449999809265137,14.600000381469727,15.319999694824219,15.319999694824219,2341900
2017-09-05,15.270000457763672,15.399999618530273,14.930000305175781,15.020000457763672,15.020000457763672,1948000
2017-09-06,15.15999984741211,15.15999984741211,14.800000190734863,14.9399995803833,14.9399995803833,1870600
2017-09-07,14.9399995803833,14.9399995803833,14.430000305175781,14.479999542236328,14.479999542236328,1104800
2017-09-08,14.649999618530273,15.039999961853027,14.25,14.960000038146973,14.960000038146973,1756800
2017-09-11,15.050000190734863,15.199999809265137,14.90999984741211,15.010000228881836,15.010000228881836,1200000
2017-09-12,15.100000381469727,15.569999694824219,14.960000038146973,15.399999618530273,15.399999618530273,1736200
2017-09-13,15.350000381469727,15.949999809265137,15.34000015258789,15.729999542236328,15.729999542236328,2433300
2017-09-14,15.729999542236328,15.920000076293945,15.600000381469727,15.880000114440918,15.880000114440918,1837700
2017-09-15,15.890000343322754,16.34000015258789,15.890000343322754,16.170000076293945,16.170000076293945,2433100
2017-09-18,16.239999771118164,16.239999771118164,15.880000114440918,16.149999618530273,16.149999618530273,1286900
2017-09-19,16.200000762939453,16.200000762939453,15.779999732971191,16.049999237060547,16.049999237060547,1162000
2017-09-20,16.049999237060547,16.219999313354492,15.930000305175781,16.190000534057617,16.190000534057617,1210200
2017-09-21,16.1200008392334,16.309999465942383,16.010000228881836,16.200000762939453,16.200000762939453,1142300
2017-09-22,16.15999984741211,16.770000457763672,16.15999984741211,16.520000457763672,16.520000457763672,2440300
2017-09-25,16.5,17.190000534057617,16.450000762939453,17.15999984741211,17.15999984741211,2673400
2017-09-26,17.15999984741211,17.809999465942383,17.049999237060547,17.709999084472656,17.709999084472656,3086400
2017-09-27,17.790000915527344,18.280000686645508,17.610000610351562,18.209999084472656,18.209999084472656,3369300
2017-09-28,18.299999237060547,18.34000015258789,17.309999465942383,17.56999969482422,17.56999969482422,2452600
2017-09-29,17.579999923706055,17.770000457763672,17.389999389648438,17.579999923706055,17.579999923706055,1417400
2017-10-02,17.540000915527344,17.739999771118164,17.479999542236328,17.649999618530273,17.649999618530273,2313900
2017-10-03,17.799999237060547,18.139999389648438,17.6299991607666,17.799999237060547,17.799999237060547,2165500
2017-10-04,17.850000381469727,18.06999969482422,17.770000457763672,17.969999313354492,17.969999313354492,1652100
2017-10-05,17.969999313354492,18.0,17.799999237060547,17.8700008392334,17.8700008392334,826700
2017-10-06,17.770000457763672,18.020000457763672,17.68000030517578,17.850000381469727,17.850000381469727,1839600
2017-10-09,17.790000915527344,17.969999313354492,17.56999969482422,17.6299991607666,17.6299991607666,1800600
2017-10-10,17.729999542236328,17.850000381469727,17.56999969482422,17.780000686645508,17.780000686645508,1027100
2017-10-11,17.829999923706055,17.850000381469727,17.510000228881836,17.600000381469727,17.600000381469727,824900
2017-10-12,17.329999923706055,17.729999542236328,17.15999984741211,17.559999465942383,17.559999465942383,1645600
2017-10-13,17.670000076293945,17.950000762939453,17.549999237060547,17.59000015258789,17.59000015258789,1527400
2017-10-16,17.649999618530273,17.84000015258789,17.489999771118164,17.809999465942383,17.809999465942383,1017100
2017-10-17,17.860000610351562,18.100000381469727,17.81999969482422,17.940000534057617,17.940000534057617,1221200
2017-10-18,18.100000381469727,18.469999313354492,18.0,18.40999984741211,18.40999984741211,1429400
2017-10-19,18.299999237060547,18.450000762939453,17.90999984741211,18.309999465942383,18.309999465942383,1912400
2017-10-20,18.489999771118164,18.760000228881836,18.219999313354492,18.700000762939453,18.700000762939453,1706200
2017-10-23,18.700000762939453,18.850000381469727,18.360000610351562,18.389999389648438,18.389999389648438,1156500
2017-10-24,18.579999923706055,18.8700008392334,18.549999237060547,18.670000076293945,18.670000076293945,2141600
2017-10-25,18.639999389648438,18.729999542236328,18.049999237060547,18.190000534057617,18.190000534057617,2228900
2017-10-26,18.25,18.579999923706055,18.209999084472656,18.43000030517578,18.43000030517578,1014700
2017-10-27,18.350000381469727,18.450000762939453,17.860000610351562,18.149999618530273,18.149999618530273,1487000
2017-10-30,18.09000015258789,18.170000076293945,17.68000030517578,17.829999923706055,17.829999923706055,1583100
2017-10-31,17.950000762939453,17.989999771118164,17.729999542236328,17.790000915527344,17.790000915527344,1624800
2017-11-01,18.1200008392334,18.280000686645508,17.700000762939453,17.809999465942383,17.809999465942383,2038700
2017-11-02,17.799999237060547,18.219999313354492,17.389999389648438,18.020000457763672,18.020000457763672,2436800
2017-11-03,19.6299991607666,20.270000457763672,18.780000686645508,18.940000534057617,18.940000534057617,5100700
2017-11-06,19.1299991607666,19.43000030517578,18.350000381469727,18.360000610351562,18.360000610351562,2205300
2017-11-07,18.360000610351562,18.520000457763672,17.709999084472656,17.90999984741211,17.90999984741211,2393500
2017-11-08,17.43000030517578,17.920000076293945,17.43000030517578,17.559999465942383,17.559999465942383,7624800
2017-11-09,17.40999984741211,17.700000762939453,17.329999923706055,17.670000076293945,17.670000076293945,4305400
2017-11-10,17.520000457763672,17.579999923706055,17.350000381469727,17.450000762939453,17.450000762939453,4602500
2017-11-13,17.40999984741211,17.549999237060547,17.31999969482422,17.440000534057617,17.440000534057617,3104000
2017-11-14,17.389999389648438,17.479999542236328,16.969999313354492,17.260000228881836,17.260000228881836,3372900
2017-11-15,17.030000686645508,17.43000030517578,16.959999084472656,17.290000915527344,17.290000915527344,2403500
2017-11-16,17.469999313354492,17.809999465942383,17.40999984741211,17.68000030517578,17.68000030517578,2139100
2017-11-17,17.690000534057617,18.100000381469727,17.649999618530273,17.989999771118164,17.989999771118164,4652400
2017-11-20,18.059999465942383,18.299999237060547,17.90999984741211,18.15999984741211,18.15999984741211,1557300
2017-11-21,18.260000228881836,18.34000015258789,17.959999084472656,18.0,18.0,1803100
2017-11-22,18.059999465942383,18.139999389648438,17.700000762939453,17.8799991607666,17.8799991607666,1561500
2017-11-24,17.950000762939453,17.950000762939453,17.530000686645508,17.59000015258789,17.59000015258789,694600
2017-11-27,17.559999465942383,17.770000457763672,17.469999313354492,17.700000762939453,17.700000762939453,2828000
2017-11-28,17.809999465942383,18.170000076293945,17.739999771118164,18.1299991607666,18.1299991607666,2730600
2017-11-29,18.170000076293945,18.31999969482422,18.030000686645508,18.260000228881836,18.260000228881836,1937900
2017-11-30,18.360000610351562,18.43000030517578,17.770000457763672,17.950000762939453,17.950000762939453,2190900
2017-12-01,17.969999313354492,18.170000076293945,17.100000381469727,17.56999969482422,17.56999969482422,3047000
2017-12-04,17.75,17.860000610351562,17.389999389648438,17.450000762939453,17.450000762939453,2662700
2017-12-05,18.219999313354492,18.219999313354492,17.110000610351562,17.1200008392334,17.1200008392334,1497000
2017-12-06,16.979999542236328,17.06999969482422,16.559999465942383,16.56999969482422,16.56999969482422,2402100
2017-12-07,16.6200008392334,16.649999618530273,16.270000457763672,16.459999084472656,16.459999084472656,2703900
2017-12-08,16.559999465942383,16.989999771118164,16.440000534057617,16.799999237060547,16.799999237060547,1404100
2017-12-11,16.760000228881836,17.010000228881836,16.6200008392334,16.959999084472656,16.959999084472656,2418300
2017-12-12,17.0,17.5,16.989999771118164,17.200000762939453,17.200000762939453,2363000
2017-12-13,17.110000610351562,17.440000534057617,17.0,17.0,17.0,3723900
2017-12-14,17.079999923706055,17.149999618530273,16.75,16.809999465942383,16.809999465942383,2291000
2017-12-15,16.899999618530273,17.309999465942383,16.850000381469727,17.190000534057617,17.190000534057617,3098200
2017-12-18,17.399999618530273,17.729999542236328,17.360000610351562,17.639999389648438,17.639999389648438,2044200
2017-12-19,17.56999969482422,17.799999237060547,17.559999465942383,17.639999389648438,17.639999389648438,1790900
2017-12-20,17.75,17.790000915527344,17.489999771118164,17.729999542236328,17.729999542236328,1402000
2017-12-21,17.75,17.790000915527344,17.56999969482422,17.579999923706055,17.579999923706055,904800
2017-12-22,17.579999923706055,17.6299991607666,17.18000030517578,17.239999771118164,17.239999771118164,1689800
2017-12-26,17.229999542236328,17.489999771118164,17.139999389648438,17.190000534057617,17.190000534057617,625700
2017-12-27,17.200000762939453,17.389999389648438,17.110000610351562,17.309999465942383,17.309999465942383,922500
2017-12-28,17.309999465942383,17.399999618530273,17.15999984741211,17.360000610351562,17.360000610351562,975100
2017-12-29,17.40999984741211,17.420000076293945,16.989999771118164,17.030000686645508,17.030000686645508,1246100
2018-01-02,17.149999618530273,17.520000457763672,17.09000015258789,17.469999313354492,17.469999313354492,2355000
2018-01-03,17.530000686645508,17.799999237060547,17.479999542236328,17.579999923706055,17.579999923706055,2467200
2018-01-04,17.790000915527344,18.399999618530273,17.760000228881836,18.239999771118164,18.239999771118164,2524300
2018-01-05,18.3700008392334,18.6299991607666,18.25,18.3700008392334,18.3700008392334,2055400
2018-01-08,18.350000381469727,18.549999237060547,18.18000030517578,18.420000076293945,18.420000076293945,1959100
2018-01-09,18.5,18.940000534057617,18.420000076293945,18.739999771118164,18.739999771118164,2321200
2018-01-10,18.59000015258789,18.979999542236328,17.969999313354492,18.010000228881836,18.010000228881836,3255900
2018-01-11,18.100000381469727,18.43000030517578,17.75,18.3799991607666,18.3799991607666,1672800
2018-01-12,18.489999771118164,19.0,18.459999084472656,18.780000686645508,18.780000686645508,2285100
2018-01-16,19.049999237060547,19.18000030517578,18.270000457763672,18.40999984741211,18.40999984741211,3345200
2018-01-17,18.469999313354492,19.6299991607666,18.469999313354492,19.59000015258789,19.59000015258789,4724000
2018-01-18,19.469999313354492,19.600000381469727,18.979999542236328,19.049999237060547,19.049999237060547,2163200
2018-01-19,19.1200008392334,19.15999984741211,18.549999237060547,18.989999771118164,18.989999771118164,1563600
2018-01-22,19.09000015258789,19.09000015258789,18.489999771118164,18.8700008392334,18.8700008392334,2732200
2018-01-23,18.780000686645508,18.850000381469727,18.5,18.68000030517578,18.68000030517578,1403500
2018-01-24,18.81999969482422,18.950000762939453,18.440000534057617,18.639999389648438,18.639999389648438,1581900
2018-01-25,18.719999313354492,18.719999313354492,17.770000457763672,18.18000030517578,18.18000030517578,2849800
2018-01-26,18.290000915527344,18.5,18.170000076293945,18.489999771118164,18.489999771118164,1079000
2018-01-29,18.420000076293945,18.520000457763672,18.06999969482422,18.15999984741211,18.15999984741211,1554600
2018-01-30,17.90999984741211,18.200000762939453,17.719999313354492,18.100000381469727,18.100000381469727,1858700
2018-01-31,18.200000762939453,18.31999969482422,17.520000457763672,17.649999618530273,17.649999618530273,1988100
2018-02-01,17.549999237060547,17.729999542236328,17.190000534057617,17.510000228881836,17.510000228881836,2706600
2018-02-02,17.360000610351562,17.479999542236328,16.68000030517578,16.75,16.75,2687500
2018-02-05,16.440000534057617,16.90999984741211,15.979999542236328,16.010000228881836,16.010000228881836,2968100
2018-02-06,15.640000343322754,16.56999969482422,15.5600004196167,16.479999542236328,16.479999542236328,3326200
2018-02-07,16.459999084472656,17.040000915527344,16.3799991607666,16.59000015258789,16.59000015258789,2173800
2018-02-08,16.59000015258789,16.690000534057617,15.760000228881836,15.770000457763672,15.770000457763672,3176600
2018-02-09,16.049999237060547,16.049999237060547,15.039999961853027,15.699999809265137,15.699999809265137,3325600
2018-02-12,15.829999923706055,16.079999923706055,15.569999694824219,15.920000076293945,15.920000076293945,1589100
2018-02-13,15.75,15.84000015258789,15.25,15.40999984741211,15.40999984741211,2761400
2018-02-14,15.229999542236328,15.90999984741211,15.229999542236328,15.789999961853027,15.789999961853027,2511300
2018-02-15,15.9399995803833,16.0,15.460000038146973,15.779999732971191,15.779999732971191,2876600
2018-02-16,16.790000915527344,16.799999237060547,15.149999618530273,15.220000267028809,15.220000267028809,5429900
2018-02-20,15.149999618530273,15.600000381469727,14.949999809265137,15.40999984741211,15.40999984741211,3608100
2018-02-21,15.40999984741211,16.079999923706055,15.359999656677246,15.770000457763672,15.770000457763672,3824900
2018-02-22,15.770000457763672,15.859999656677246,15.489999771118164,15.720000267028809,15.720000267028809,3214400
2018-02-23,15.800000190734863,15.979999542236328,15.59000015258789,15.699999809265137,15.699999809265137,1848500
2018-02-26,15.789999961853027,15.979999542236328,15.539999961853027,15.970000267028809,15.970000267028809,1797800
2018-02-27,15.970000267028809,15.970000267028809,15.09000015258789,15.09000015258789,15.09000015258789,2054000
2018-02-28,15.09000015258789,15.300000190734863,14.75,14.760000228881836,14.760000228881836,2220300
2018-03-01,14.829999923706055,15.020000457763672,14.25,14.539999961853027,14.539999961853027,2802800
2018-03-02,14.239999771118164,14.34000015258789,13.960000038146973,14.279999732971191,14.279999732971191,2871900
2018-03-05,14.140000343322754,14.670000076293945,14.119999885559082,14.59000015258789,14.59000015258789,1364700
2018-03-06,14.65999984741211,14.899999618530273,14.430000305175781,14.829999923706055,14.829999923706055,1488900
2018-03-07,14.600000381469727,15.039999961853027,14.529999732971191,14.960000038146973,14.960000038146973,1803600
2018-03-08,15.119999885559082,15.210000038146973,14.930000305175781,15.0600004196167,15.0600004196167,1582600
2018-03-09,15.25,15.579999923706055,15.149999618530273,15.529999732971191,15.529999732971191,2137500
2018-03-12,15.6899995803833,15.899999618530273,15.359999656677246,15.579999923706055,15.579999923706055,1339200
2018-03-13,15.600000381469727,15.920000076293945,15.359999656677246,15.4399995803833,15.4399995803833,2045600
2018-03-14,15.5600004196167,15.600000381469727,14.6899995803833,14.770000457763672,14.770000457763672,2830100
2018-03-15,14.779999732971191,15.140000343322754,14.75,14.789999961853027,14.789999961853027,1939000
2018-03-16,14.779999732971191,14.899999618530273,14.550000190734863,14.859999656677246,14.859999656677246,2210200
2018-03-19,14.739999771118164,14.800000190734863,14.380000114440918,14.739999771118164,14.739999771118164,1765500
2018-03-20,14.75,14.8100004196167,14.470000267028809,14.5,14.5,2594900
2018-03-21,14.579999923706055,15.260000228881836,14.579999923706055,15.050000190734863,15.050000190734863,2437800
2018-03-22,15.510000228881836,15.800000190734863,15.119999885559082,15.130000114440918,15.130000114440918,4688100
2018-03-23,15.199999809265137,15.229999542236328,14.829999923706055,14.850000381469727,14.850000381469727,2259200
2018-03-26,15.09000015258789,15.390000343322754,14.960000038146973,15.34000015258789,15.34000015258789,1940200
2018-03-27,15.760000228881836,15.829999923706055,15.25,15.359999656677246,15.359999656677246,2786300
2018-03-28,15.3100004196167,15.449999809265137,14.760000228881836,14.829999923706055,14.829999923706055,2097400
2018-03-29,14.960000038146973,15.289999961853027,14.899999618530273,15.220000267028809,15.220000267028809,2422900
2018-04-02,15.069999694824219,15.130000114440918,14.579999923706055,14.720000267028809,14.720000267028809,1566200
2018-04-03,14.869999885559082,15.449999809265137,14.869999885559082,15.229999542236328,15.229999542236328,1766700
2018-04-04,14.899999618530273,15.670000076293945,14.829999923706055,15.600000381469727,15.600000381469727,2692000
2018-04-05,15.729999542236328,16.079999923706055,15.600000381469727,15.989999771118164,15.989999771118164,1547800
2018-04-06,15.859999656677246,16.1200008392334,15.609999656677246,15.800000190734863,15.800000190734863,2397500
2018-04-09,16.030000686645508,16.280000686645508,15.930000305175781,16.0,16.0,2533300
2018-04-10,16.309999465942383,16.420000076293945,15.979999542236328,16.010000228881836,16.010000228881836,3798000
2018-04-11,15.949999809265137,16.1299991607666,15.739999771118164,15.770000457763672,15.770000457763672,1535000
2018-04-12,15.989999771118164,16.200000762939453,15.890000343322754,16.049999237060547,16.049999237060547,2561700
2018-04-13,16.190000534057617,16.209999084472656,16.0,16.059999465942383,16.059999465942383,1746200
2018-04-16,16.139999389648438,16.43000030517578,15.960000038146973,16.270000457763672,16.270000457763672,2638300
2018-04-17,16.420000076293945,16.420000076293945,15.949999809265137,16.079999923706055,16.079999923706055,1915100
2018-04-18,16.18000030517578,16.260000228881836,16.100000381469727,16.1299991607666,16.1299991607666,1414200
2018-04-19,16.100000381469727,16.200000762939453,15.350000381469727,15.539999961853027,15.539999961853027,1798300
2018-04-20,15.460000038146973,15.609999656677246,15.260000228881836,15.579999923706055,15.579999923706055,1728100
2018-04-23,15.59000015258789,15.65999984741211,15.449999809265137,15.59000015258789,15.59000015258789,1011100
2018-04-24,15.649999618530273,15.819999694824219,15.460000038146973,15.770000457763672,15.770000457763672,3820000
2018-04-25,15.739999771118164,16.100000381469727,15.609999656677246,15.90999984741211,15.90999984741211,1726600
2018-04-26,15.989999771118164,16.010000228881836,15.729999542236328,15.90999984741211,15.90999984741211,1434400
2018-04-27,15.859999656677246,16.020000457763672,15.739999771118164,15.890000343322754,15.890000343322754,1881600
2018-04-30,15.9399995803833,16.079999923706055,15.329999923706055,15.34000015258789,15.34000015258789,3345400
2018-05-01,15.319999694824219,15.539999961853027,14.84000015258789,15.039999961853027,15.039999961853027,4004900
2018-05-02,15.079999923706055,15.199999809265137,14.789999961853027,14.8100004196167,14.8100004196167,2396400
2018-05-03,14.770000457763672,14.850000381469727,13.989999771118164,14.350000381469727,14.350000381469727,4829700
2018-05-04,15.0,15.329999923706055,14.619999885559082,15.0,15.0,4419000
2018-05-07,15.029999732971191,15.119999885559082,14.899999618530273,14.899999618530273,14.899999618530273,1749700
2018-05-08,14.899999618530273,15.130000114440918,14.770000457763672,15.0,15.0,3730900
2018-05-09,15.029999732971191,15.130000114440918,14.800000190734863,14.920000076293945,14.920000076293945,2027400
2018-05-10,15.0,15.5600004196167,14.890000343322754,15.489999771118164,15.489999771118164,2085600
2018-05-11,15.470000267028809,15.630000114440918,15.300000190734863,15.399999618530273,15.399999618530273,1001200
2018-05-14,15.449999809265137,15.619999885559082,15.449999809265137,15.510000228881836,15.510000228881836,890000
2018-05-15,15.449999809265137,15.65999984741211,15.449999809265137,15.5600004196167,15.5600004196167,1290800
2018-05-16,15.529999732971191,16.100000381469727,15.529999732971191,15.949999809265137,15.949999809265137,1509900
2018-05-17,15.989999771118164,16.239999771118164,15.9399995803833,16.170000076293945,16.170000076293945,1134600
2018-05-18,16.25,16.280000686645508,16.110000610351562,16.1200008392334,16.1200008392334,1266000
2018-05-21,16.25,16.399999618530273,16.15999984741211,16.270000457763672,16.270000457763672,1201600
2018-05-22,16.3700008392334,16.530000686645508,16.18000030517578,16.200000762939453,16.200000762939453,1115500
2018-05-23,16.18000030517578,16.25,16.020000457763672,16.239999771118164,16.239999771118164,891700
2018-05-24,16.139999389648438,16.459999084472656,16.040000915527344,16.399999618530273,16.399999618530273,2482400
2018-05-25,16.440000534057617,16.549999237060547,16.299999237060547,16.360000610351562,16.360000610351562,815100
2018-05-29,16.209999084472656,16.25,15.479999542236328,15.65999984741211,15.65999984741211,1736100
2018-05-30,15.75,15.84000015258789,15.529999732971191,15.710000038146973,15.710000038146973,2038200
2018-05-31,15.800000190734863,15.949999809265137,15.539999961853027,15.819999694824219,15.819999694824219,1125400
2018-06-01,15.930000305175781,16.010000228881836,15.600000381469727,15.75,15.75,1223600
2018-06-04,15.760000228881836,16.049999237060547,15.59000015258789,16.0,16.0,1228600
2018-06-05,15.949999809265137,16.1299991607666,15.8100004196167,16.020000457763672,16.020000457763672,2439900
2018-06-06,16.06999969482422,16.469999313354492,16.0,16.440000534057617,16.440000534057617,1615000
2018-06-07,16.459999084472656,16.8700008392334,16.43000030517578,16.81999969482422,16.81999969482422,2201000
2018-06-08,16.809999465942383,17.329999923706055,16.809999465942383,17.260000228881836,17.260000228881836,2332500
2018-06-11,17.329999923706055,17.43000030517578,17.15999984741211,17.280000686645508,17.280000686645508,2111900
2018-06-12,17.329999923706055,17.489999771118164,17.139999389648438,17.229999542236328,17.229999542236328,1344500
2018-06-13,17.219999313354492,17.290000915527344,17.09000015258789,17.200000762939453,17.200000762939453,1415700
2018-06-14,17.450000762939453,17.59000015258789,16.979999542236328,17.030000686645508,17.030000686645508,2506600
2018-06-15,16.959999084472656,17.170000076293945,16.799999237060547,17.1200008392334,17.1200008392334,1749200
2018-06-18,17.950000762939453,17.989999771118164,17.43000030517578,17.979999542236328,17.979999542236328,5020600
2018-06-19,17.809999465942383,18.209999084472656,17.6299991607666,18.110000610351562,18.110000610351562,3232800
2018-06-20,18.170000076293945,18.549999237060547,18.010000228881836,18.389999389648438,18.389999389648438,1975200
2018-06-21,18.43000030517578,18.43000030517578,17.75,17.860000610351562,17.860000610351562,2909900
2018-06-22,17.969999313354492,18.040000915527344,17.1299991607666,17.40999984741211,17.40999984741211,5110700
2018-06-25,17.25,17.360000610351562,16.350000381469727,16.459999084472656,16.459999084472656,3174600
2018-06-26,16.450000762939453,16.90999984741211,16.280000686645508,16.829999923706055,16.829999923706055,2216300
2018-06-27,16.829999923706055,16.8700008392334,16.020000457763672,16.049999237060547,16.049999237060547,1393800
2018-06-28,16.0,16.030000686645508,15.40999984741211,15.800000190734863,15.800000190734863,2372200
2018-06-29,15.90999984741211,16.030000686645508,15.539999961853027,15.5600004196167,15.5600004196167,1719300
2018-07-02,15.329999923706055,16.09000015258789,15.239999771118164,16.079999923706055,16.079999923706055,1815400
2018-07-03,16.149999618530273,16.270000457763672,15.84000015258789,15.899999618530273,15.899999618530273,857000
2018-07-05,16.139999389648438,16.440000534057617,15.899999618530273,16.440000534057617,16.440000534057617,2601900
2018-07-06,16.389999389648438,16.520000457763672,16.25,16.40999984741211,16.40999984741211,1040100
2018-07-09,16.610000610351562,17.09000015258789,16.510000228881836,16.93000030517578,16.93000030517578,1370800
2018-07-10,17.040000915527344,17.100000381469727,16.700000762939453,16.8700008392334,16.8700008392334,1191700
2018-07-11,16.600000381469727,16.770000457763672,16.3700008392334,16.389999389648438,16.389999389648438,1154500
2018-07-12,16.469999313354492,16.6299991607666,16.170000076293945,16.299999237060547,16.299999237060547,1051100
2018-07-13,16.229999542236328,16.639999389648438,16.200000762939453,16.610000610351562,16.610000610351562,1018000
2018-07-16,16.6200008392334,16.75,16.5,16.639999389648438,16.639999389648438,1121500
2018-07-17,16.56999969482422,16.959999084472656,16.56999969482422,16.729999542236328,16.729999542236328,1341000
2018-07-18,16.649999618530273,17.030000686645508,16.600000381469727,17.030000686645508,17.030000686645508,1008000
2018-07-19,16.770000457763672,17.0,16.43000030517578,16.469999313354492,16.469999313354492,1514900
2018-07-20,16.34000015258789,16.389999389648438,15.90999984741211,16.1299991607666,16.1299991607666,1795400
2018-07-23,16.1200008392334,16.149999618530273,15.75,15.890000343322754,15.890000343322754,992500
2018-07-24,16.059999465942383,16.31999969482422,15.819999694824219,15.979999542236328,15.979999542236328,1122700
2018-07-25,15.390000343322754,15.75,14.680000305175781,15.619999885559082,15.619999885559082,5811400
2018-07-26,15.550000190734863,16.040000915527344,15.279999732971191,15.449999809265137,15.449999809265137,1680400
2018-07-27,15.4399995803833,16.1200008392334,15.430000305175781,16.09000015258789,16.09000015258789,1703200
2018-07-30,16.149999618530273,16.860000610351562,16.09000015258789,16.770000457763672,16.770000457763672,1620500
2018-07-31,16.84000015258789,16.899999618530273,16.43000030517578,16.719999313354492,16.719999313354492,1764600
2018-08-01,16.6299991607666,16.899999618530273,16.260000228881836,16.540000915527344,16.540000915527344,1815700
2018-08-02,16.420000076293945,16.489999771118164,15.90999984741211,16.030000686645508,16.030000686645508,2908200
2018-08-03,16.899999618530273,17.219999313354492,16.40999984741211,17.020000457763672,17.020000457763672,2975100
2018-08-06,17.030000686645508,17.5,16.989999771118164,17.049999237060547,17.049999237060547,1996600
2018-08-07,17.190000534057617,17.450000762939453,17.139999389648438,17.299999237060547,17.299999237060547,1851300
2018-08-08,17.209999084472656,17.610000610351562,17.010000228881836,17.459999084472656,17.459999084472656,1470300
2018-08-09,17.399999618530273,17.440000534057617,16.90999984741211,17.06999969482422,17.06999969482422,1437200
2018-08-10,16.8700008392334,16.8799991607666,16.25,16.530000686645508,16.530000686645508,1211300
2018-08-13,16.549999237060547,16.6299991607666,16.149999618530273,16.239999771118164,16.239999771118164,1149900
2018-08-14,16.3700008392334,16.75,16.270000457763672,16.6299991607666,16.6299991607666,1504200
2018-08-15,16.520000457763672,16.579999923706055,16.040000915527344,16.34000015258789,16.34000015258789,1631800
2018-08-16,16.459999084472656,16.90999984741211,16.440000534057617,16.690000534057617,16.690000534057617,1425100
2018-08-17,16.65999984741211,17.5,16.440000534057617,17.350000381469727,17.350000381469727,2382800
2018-08-20,17.420000076293945,17.809999465942383,17.399999618530273,17.700000762939453,17.700000762939453,1212200
2018-08-21,17.790000915527344,18.049999237060547,17.719999313354492,17.959999084472656,17.959999084472656,1963300
2018-08-22,17.690000534057617,18.0,17.5,17.75,17.75,2278600
2018-08-23,17.690000534057617,17.760000228881836,17.3700008392334,17.719999313354492,17.719999313354492,1406400
2018-08-24,17.770000457763672,18.040000915527344,17.709999084472656,17.959999084472656,17.959999084472656,1201600
2018-08-27,18.1299991607666,18.719999313354492,18.110000610351562,18.59000015258789,18.59000015258789,2007000
2018-08-28,18.75,18.829999923706055,18.110000610351562,18.350000381469727,18.350000381469727,1513200
2018-08-29,18.329999923706055,18.469999313354492,17.850000381469727,18.399999618530273,18.399999618530273,1026100
2018-08-30,18.420000076293945,18.420000076293945,17.90999984741211,17.959999084472656,17.959999084472656,803600
2018-08-31,17.799999237060547,17.920000076293945,17.350000381469727,17.709999084472656,17.709999084472656,1274600
2018-09-04,17.709999084472656,17.739999771118164,17.229999542236328,17.309999465942383,17.309999465942383,1372400
2018-09-05,17.290000915527344,17.3799991607666,17.030000686645508,17.260000228881836,17.260000228881836,1860800
2018-09-06,17.43000030517578,17.8799991607666,17.360000610351562,17.450000762939453,17.450000762939453,1729800
2018-09-07,17.3700008392334,17.709999084472656,17.229999542236328,17.690000534057617,17.690000534057617,1269600
2018-09-10,17.760000228881836,18.290000915527344,17.760000228881836,18.149999618530273,18.149999618530273,1758300
2018-09-11,18.09000015258789,18.280000686645508,17.950000762939453,18.010000228881836,18.010000228881836,1636200
2018-09-12,17.989999771118164,18.299999237060547,17.899999618530273,17.989999771118164,17.989999771118164,1451700
2018-09-13,18.1200008392334,18.5,18.06999969482422,18.299999237060547,18.299999237060547,1417800
2018-09-14,18.329999923706055,18.600000381469727,18.280000686645508,18.479999542236328,18.479999542236328,1673500
2018-09-17,18.469999313354492,18.530000686645508,18.200000762939453,18.219999313354492,18.219999313354492,981000
2018-09-18,18.219999313354492,18.31999969482422,17.68000030517578,17.860000610351562,17.860000610351562,1625200
2018-09-19,17.93000030517578,18.530000686645508,17.90999984741211,18.239999771118164,18.239999771118164,1552800
2018-09-20,18.40999984741211,19.0,18.40999984741211,18.940000534057617,18.940000534057617,2041600
2018-09-21,19.030000686645508,19.34000015258789,18.520000457763672,18.540000915527344,18.540000915527344,3436200
2018-09-24,18.399999618530273,18.489999771118164,18.030000686645508,18.360000610351562,18.360000610351562,1555400
2018-09-25,18.290000915527344,18.31999969482422,17.610000610351562,17.690000534057617,17.690000534057617,1588400
2018-09-26,17.729999542236328,18.1299991607666,17.690000534057617,17.760000228881836,17.760000228881836,1157300
2018-09-27,17.729999542236328,17.770000457763672,17.479999542236328,17.639999389648438,17.639999389648438,1112500
2018-09-28,17.530000686645508,17.639999389648438,17.270000457763672,17.440000534057617,17.440000534057617,1079400
2018-10-01,17.829999923706055,18.049999237060547,17.309999465942383,17.40999984741211,17.40999984741211,1628000
2018-10-02,17.56999969482422,17.809999465942383,17.309999465942383,17.649999618530273,17.649999618530273,1660800
2018-10-03,17.799999237060547,18.399999618530273,17.68000030517578,18.139999389648438,18.139999389648438,2111300
2018-10-04,18.1200008392334,18.5,17.850000381469727,17.979999542236328,17.979999542236328,1629800
2018-10-05,17.8700008392334,17.889999389648438,17.1200008392334,17.260000228881836,17.260000228881836,1890600
2018-10-08,17.1299991607666,17.809999465942383,17.09000015258789,17.770000457763672,17.770000457763672,1002700
2018-10-09,17.709999084472656,17.760000228881836,16.84000015258789,17.1200008392334,17.1200008392334,2199700
2018-10-10,17.06999969482422,17.06999969482422,16.1200008392334,16.139999389648438,16.139999389648438,2737800
2018-10-11,16.020000457763672,16.489999771118164,15.890000343322754,15.930000305175781,15.930000305175781,1505500
2018-10-12,16.270000457763672,16.309999465942383,15.399999618530273,15.859999656677246,15.859999656677246,1672500
2018-10-15,15.729999542236328,16.139999389648438,15.520000457763672,15.829999923706055,15.829999923706055,2171500
2018-10-16,16.149999618530273,16.309999465942383,15.949999809265137,16.25,16.25,1875900
2018-10-17,16.209999084472656,16.34000015258789,15.550000190734863,16.299999237060547,16.299999237060547,1886400
2018-10-18,16.219999313354492,16.239999771118164,15.550000190734863,15.579999923706055,15.579999923706055,2019000
2018-10-19,15.279999732971191,15.819999694824219,15.15999984741211,15.59000015258789,15.59000015258789,1874200
2018-10-22,15.609999656677246,15.819999694824219,15.239999771118164,15.5,15.5,1037700
2018-10-23,15.199999809265137,15.920000076293945,14.970000267028809,15.550000190734863,15.550000190734863,2326600
2018-10-24,15.489999771118164,15.579999923706055,14.390000343322754,14.460000038146973,14.460000038146973,3003800
2018-10-25,14.600000381469727,15.229999542236328,14.600000381469727,15.079999923706055,15.079999923706055,2326400
2018-10-26,14.710000038146973,15.260000228881836,14.539999961853027,15.09000015258789,15.09000015258789,2217000
2018-10-29,15.539999961853027,16.170000076293945,14.4399995803833,14.59000015258789,14.59000015258789,2596500
2018-10-30,14.5600004196167,15.020000457763672,14.3100004196167,14.729999542236328,14.729999542236328,1663400
2018-10-31,15.25,15.380000114440918,15.0,15.170000076293945,15.170000076293945,1830700
2018-11-01,15.369999885559082,15.949999809265137,15.170000076293945,15.720000267028809,15.720000267028809,3239700
2018-11-02,13.25,14.130000114440918,11.350000381469727,11.489999771118164,11.489999771118164,14081000
2018-11-05,11.65999984741211,12.329999923706055,11.260000228881836,11.460000038146973,11.460000038146973,6856400
2018-11-06,11.760000228881836,12.369999885559082,11.699999809265137,12.350000381469727,12.350000381469727,4056900
2018-11-07,12.460000038146973,13.029999732971191,12.270000457763672,12.920000076293945,12.920000076293945,3982600
2018-11-08,13.220000267028809,13.279999732971191,12.420000076293945,12.470000267028809,12.470000267028809,2757400
2018-11-09,12.229999542236328,12.4399995803833,11.760000228881836,11.90999984741211,11.90999984741211,2657500
2018-11-12,11.890000343322754,12.09000015258789,11.640000343322754,11.65999984741211,11.65999984741211,2618200
2018-11-13,11.739999771118164,12.069999694824219,11.520000457763672,11.579999923706055,11.579999923706055,2510000
2018-11-14,11.720000267028809,12.350000381469727,11.640000343322754,12.260000228881836,12.260000228881836,3176800
2018-11-15,12.149999618530273,12.6899995803833,11.949999809265137,12.59000015258789,12.59000015258789,3251900
2018-11-16,12.449999809265137,12.539999961853027,11.859999656677246,11.9399995803833,11.9399995803833,3464400
2018-11-19,11.84000015258789,12.279999732971191,11.760000228881836,11.970000267028809,11.970000267028809,2602400
2018-11-20,11.970000267028809,12.130000114440918,11.390000343322754,11.470000267028809,11.470000267028809,2149500
2018-11-21,11.649999618530273,11.920000076293945,11.539999961853027,11.680000305175781,11.680000305175781,1905100
2018-11-23,11.539999961853027,11.979999542236328,11.510000228881836,11.699999809265137,11.699999809265137,717900
2018-11-26,11.829999923706055,12.279999732971191,11.770000457763672,12.039999961853027,12.039999961853027,2744300
2018-11-27,11.989999771118164,12.130000114440918,11.800000190734863,11.869999885559082,11.869999885559082,1700700
2018-11-28,11.890000343322754,12.5,11.779999732971191,12.430000305175781,12.430000305175781,2120400
2018-11-29,12.380000114440918,12.5,12.039999961853027,12.1899995803833,12.1899995803833,1534800
2018-11-30,12.119999885559082,12.5,11.970000267028809,12.449999809265137,12.449999809265137,1502000
2018-12-03,12.770000457763672,12.960000038146973,12.520000457763672,12.600000381469727,12.600000381469727,1872000
2018-12-04,12.649999618530273,12.760000228881836,12.1899995803833,12.270000457763672,12.270000457763672,2155700
2018-12-06,12.039999961853027,12.069999694824219,11.619999885559082,11.979999542236328,11.979999542236328,3027100
2018-12-07,11.989999771118164,12.149999618530273,11.220000267028809,11.329999923706055,11.329999923706055,2407500
2018-12-10,11.25,11.399999618530273,10.819999694824219,11.380000114440918,11.380000114440918,2297400
2018-12-11,11.600000381469727,11.8100004196167,11.270000457763672,11.319999694824219,11.319999694824219,2032300
2018-12-12,11.520000457763672,11.710000038146973,11.34000015258789,11.520000457763672,11.520000457763672,1537700
2018-12-13,11.600000381469727,11.8100004196167,11.479999542236328,11.520000457763672,11.520000457763672,1795200
2018-12-14,11.350000381469727,11.699999809265137,11.210000038146973,11.270000457763672,11.270000457763672,1677000
2018-12-17,11.239999771118164,11.8100004196167,11.079999923706055,11.25,11.25,1634800
2018-12-18,11.4399995803833,11.789999961853027,11.359999656677246,11.430000305175781,11.430000305175781,1700100
2018-12-19,11.460000038146973,11.819999694824219,11.149999618530273,11.220000267028809,11.220000267028809,2605200
2018-12-20,11.210000038146973,11.319999694824219,10.84000015258789,11.039999961853027,11.039999961853027,2159200
2018-12-21,11.0,11.050000190734863,10.579999923706055,10.619999885559082,10.619999885559082,3237200
2018-12-24,10.5,10.630000114440918,10.220000267028809,10.350000381469727,10.350000381469727,924200
2018-12-26,10.4399995803833,10.850000381469727,10.130000114440918,10.850000381469727,10.850000381469727,1861700
2018-12-27,10.65999984741211,11.119999885559082,10.59000015258789,11.119999885559082,11.119999885559082,1789900
2018-12-28,11.149999618530273,11.380000114440918,10.949999809265137,11.130000114440918,11.130000114440918,2155700
2018-12-31,11.239999771118164,11.239999771118164,10.75,11.100000381469727,11.100000381469727,1142200
2019-01-02,10.850000381469727,11.430000305175781,10.8100004196167,11.34000015258789,11.34000015258789,1420900
2019-01-03,11.220000267028809,11.380000114440918,11.050000190734863,11.1899995803833,11.1899995803833,1171900
2019-01-04,11.399999618530273,11.880000114440918,11.289999961853027,11.779999732971191,11.779999732971191,1554800
2019-01-07,11.800000190734863,12.4399995803833,11.529999732971191,12.270000457763672,12.270000457763672,3192300
2019-01-08,12.539999961853027,12.720000267028809,12.279999732971191,12.710000038146973,12.710000038146973,2475200
2019-01-09,12.84000015258789,12.979999542236328,12.640000343322754,12.829999923706055,12.829999923706055,1947200
2019-01-10,12.6899995803833,12.760000228881836,12.430000305175781,12.75,12.75,2167200
2019-01-11,12.869999885559082,13.239999771118164,12.630000114440918,12.920000076293945,12.920000076293945,2920100
2019-01-14,12.869999885559082,13.359999656677246,12.829999923706055,13.119999885559082,13.119999885559082,2323900
2019-01-15,13.319999694824219,14.239999771118164,13.3100004196167,13.869999885559082,13.869999885559082,3509900
2019-01-16,13.850000381469727,14.180000305175781,13.729999542236328,13.90999984741211,13.90999984741211,2031500
2019-01-17,13.800000190734863,14.220000267028809,13.729999542236328,14.15999984741211,14.15999984741211,1896200
2019-01-18,14.25,14.619999885559082,14.130000114440918,14.609999656677246,14.609999656677246,2281500
2019-01-22,14.4399995803833,14.670000076293945,14.3100004196167,14.520000457763672,14.520000457763672,2181900
2019-01-23,14.5600004196167,14.5600004196167,14.020000457763672,14.180000305175781,14.180000305175781,1545400
2019-01-24,14.199999809265137,14.479999542236328,14.079999923706055,14.380000114440918,14.380000114440918,1274000
2019-01-25,14.510000228881836,14.869999885559082,14.489999771118164,14.710000038146973,14.710000038146973,1384200
2019-01-28,14.460000038146973,14.609999656677246,14.369999885559082,14.430000305175781,14.430000305175781,1274400
2019-01-29,14.430000305175781,14.539999961853027,14.25,14.329999923706055,14.329999923706055,1239300
2019-01-30,14.40999984741211,14.600000381469727,14.109999656677246,14.59000015258789,14.59000015258789,885700
2019-01-31,14.539999961853027,14.789999961853027,14.420000076293945,14.779999732971191,14.779999732971191,1444300
2019-02-01,14.699999809265137,15.0600004196167,14.670000076293945,14.920000076293945,14.920000076293945,1578300
2019-02-04,14.899999618530273,15.199999809265137,14.8100004196167,15.199999809265137,15.199999809265137,1128200
2019-02-05,15.239999771118164,15.270000457763672,14.819999694824219,14.869999885559082,14.869999885559082,1113900
2019-02-06,14.850000381469727,15.050000190734863,14.550000190734863,14.59000015258789,14.59000015258789,1885500
2019-02-07,14.3100004196167,14.430000305175781,13.720000267028809,14.0,14.0,2508000
2019-02-08,13.869999885559082,13.960000038146973,13.4399995803833,13.75,13.75,1955100
2019-02-11,13.779999732971191,14.119999885559082,13.59000015258789,14.010000228881836,14.010000228881836,1841300
2019-02-12,14.140000343322754,14.399999618530273,14.140000343322754,14.34000015258789,14.34000015258789,2304600
2019-02-13,14.40999984741211,14.520000457763672,14.3100004196167,14.449999809265137,14.449999809265137,1514500
2019-02-14,14.220000267028809,14.800000190734863,14.100000381469727,14.699999809265137,14.699999809265137,2727000
2019-02-15,15.640000343322754,17.100000381469727,15.180000305175781,16.829999923706055,16.829999923706055,6710800
2019-02-19,16.610000610351562,16.84000015258789,16.1200008392334,16.610000610351562,16.610000610351562,3679300
2019-02-20,16.899999618530273,17.200000762939453,16.84000015258789,16.93000030517578,16.93000030517578,2970500
2019-02-21,17.15999984741211,17.200000762939453,16.420000076293945,16.520000457763672,16.520000457763672,1950400
2019-02-22,16.670000076293945,16.81999969482422,16.520000457763672,16.809999465942383,16.809999465942383,1317800
2019-02-25,16.93000030517578,17.010000228881836,16.649999618530273,16.670000076293945,16.670000076293945,1093900
2019-02-26,16.610000610351562,16.829999923706055,16.530000686645508,16.559999465942383,16.559999465942383,1367000
2019-02-27,16.600000381469727,16.649999618530273,16.229999542236328,16.43000030517578,16.43000030517578,1618900
2019-02-28,16.399999618530273,16.43000030517578,16.010000228881836,16.100000381469727,16.100000381469727,1980700
2019-03-01,16.200000762939453,16.489999771118164,15.779999732971191,16.079999923706055,16.079999923706055,1524900
2019-03-04,16.139999389648438,16.280000686645508,15.920000076293945,16.139999389648438,16.139999389648438,1445400
2019-03-05,16.1299991607666,16.139999389648438,15.699999809265137,15.739999771118164,15.739999771118164,1218500
2019-03-06,15.729999542236328,15.739999771118164,15.020000457763672,15.020000457763672,15.020000457763672,1556600
2019-03-07,15.010000228881836,15.149999618530273,14.699999809265137,14.800000190734863,14.800000190734863,1897300
2019-03-08,14.670000076293945,14.880000114440918,14.40999984741211,14.489999771118164,14.489999771118164,1304800
2019-03-11,14.5600004196167,14.729999542236328,14.399999618530273,14.710000038146973,14.710000038146973,973000
2019-03-12,14.760000228881836,14.829999923706055,14.399999618530273,14.529999732971191,14.529999732971191,1140100
2019-03-13,14.579999923706055,14.699999809265137,14.430000305175781,14.4399995803833,14.4399995803833,1442400
2019-03-14,14.390000343322754,14.479999542236328,13.9399995803833,14.029999732971191,14.029999732971191,1512300
2019-03-15,14.130000114440918,14.199999809265137,14.029999732971191,14.079999923706055,14.079999923706055,1725100
2019-03-18,14.109999656677246,14.470000267028809,14.079999923706055,14.350000381469727,14.350000381469727,1293500
2019-03-19,14.470000267028809,14.720000267028809,14.430000305175781,14.489999771118164,14.489999771118164,1733200
2019-03-20,14.460000038146973,14.510000228881836,13.90999984741211,14.09000015258789,14.09000015258789,1458300
2019-03-21,14.069999694824219,14.399999618530273,13.970000267028809,14.329999923706055,14.329999923706055,1581100
2019-03-22,14.149999618530273,14.149999618530273,13.420000076293945,13.470000267028809,13.470000267028809,1560700
2019-03-25,13.470000267028809,13.720000267028809,13.34000015258789,13.529999732971191,13.529999732971191,1358500
2019-03-26,13.609999656677246,13.819999694824219,13.550000190734863,13.739999771118164,13.739999771118164,1393800
2019-03-27,13.770000457763672,13.920000076293945,13.569999694824219,13.850000381469727,13.850000381469727,1177400
2019-03-28,13.880000114440918,14.4399995803833,13.829999923706055,14.1899995803833,14.1899995803833,1803600
2019-03-29,14.399999618530273,14.520000457763672,14.270000457763672,14.3100004196167,14.3100004196167,2295200
2019-04-01,14.510000228881836,15.069999694824219,14.420000076293945,15.029999732971191,15.029999732971191,1799200
2019-04-02,15.0,15.180000305175781,14.869999885559082,15.149999618530273,15.149999618530273,2102200
2019-04-03,15.390000343322754,15.670000076293945,15.260000228881836,15.380000114440918,15.380000114440918,1536800
2019-04-04,15.380000114440918,15.75,15.329999923706055,15.59000015258789,15.59000015258789,862900
2019-04-05,15.510000228881836,15.65999984741211,15.220000267028809,15.319999694824219,15.319999694824219,1275300
2019-04-08,15.239999771118164,15.739999771118164,15.220000267028809,15.6899995803833,15.6899995803833,1005800
2019-04-09,15.569999694824219,15.579999923706055,15.25,15.289999961853027,15.289999961853027,1073000
2019-04-10,15.3100004196167,15.65999984741211,15.15999984741211,15.649999618530273,15.649999618530273,2052200
2019-04-11,15.649999618530273,15.8100004196167,15.479999542236328,15.510000228881836,15.510000228881836,897000
2019-04-12,15.729999542236328,16.149999618530273,15.729999542236328,16.100000381469727,16.100000381469727,1197400
2019-04-15,16.049999237060547,16.219999313354492,15.75,15.880000114440918,15.880000114440918,1106000
2019-04-16,15.930000305175781,16.299999237060547,15.869999885559082,16.219999313354492,16.219999313354492,1495900
2019-04-17,16.3700008392334,16.43000030517578,15.619999885559082,15.649999618530273,15.649999618530273,2527200
2019-04-18,15.619999885559082,16.010000228881836,15.489999771118164,15.920000076293945,15.920000076293945,1253500
2019-04-22,15.899999618530273,15.930000305175781,15.430000305175781,15.489999771118164,15.489999771118164,1024700
2019-04-23,15.40999984741211,16.290000915527344,15.170000076293945,15.4399995803833,15.4399995803833,4558100
2019-04-24,15.40999984741211,15.789999961853027,15.34000015258789,15.670000076293945,15.670000076293945,1676200
2019-04-25,15.59000015258789,15.59000015258789,14.5,14.670000076293945,14.670000076293945,2380200
2019-04-26,14.890000343322754,15.380000114440918,14.619999885559082,15.350000381469727,15.350000381469727,1642900
2019-04-29,15.359999656677246,15.479999542236328,15.180000305175781,15.1899995803833,15.1899995803833,1106100
2019-04-30,15.079999923706055,15.140000343322754,14.609999656677246,14.75,14.75,1972500
2019-05-01,14.859999656677246,14.960000038146973,14.239999771118164,14.270000457763672,14.270000457763672,2774600
2019-05-02,14.220000267028809,14.430000305175781,14.109999656677246,14.350000381469727,14.350000381469727,2123200
2019-05-03,14.15999984741211,14.289999961853027,13.399999618530273,13.609999656677246,13.609999656677246,3811000
2019-05-06,13.0600004196167,13.449999809265137,12.949999809265137,13.239999771118164,13.239999771118164,2658000
2019-05-07,13.010000228881836,13.170000076293945,12.670000076293945,12.850000381469727,12.850000381469727,2218000
2019-05-08,12.770000457763672,12.989999771118164,12.619999885559082,12.630000114440918,12.630000114440918,1714800
2019-05-09,12.390000343322754,12.390000343322754,11.869999885559082,12.1899995803833,12.1899995803833,2087900
2019-05-10,12.050000190734863,12.15999984741211,11.699999809265137,12.100000381469727,12.100000381469727,1975900
2019-05-13,11.75,11.789999961853027,11.380000114440918,11.539999961853027,11.539999961853027,1858600
2019-05-14,11.609999656677246,12.039999961853027,11.609999656677246,11.9399995803833,11.9399995803833,1990400
2019-05-15,11.739999771118164,12.0600004196167,11.529999732971191,11.890000343322754,11.890000343322754,1490000
2019-05-16,11.829999923706055,11.960000038146973,11.569999694824219,11.670000076293945,11.670000076293945,1632300
2019-05-17,11.510000228881836,11.859999656677246,11.470000267028809,11.619999885559082,11.619999885559082,2193000
2019-05-20,11.479999542236328,11.630000114440918,11.390000343322754,11.460000038146973,11.460000038146973,1568000
2019-05-21,11.680000305175781,11.850000381469727,11.489999771118164,11.609999656677246,11.609999656677246,1643600
2019-05-22,11.550000190734863,11.600000381469727,10.989999771118164,11.140000343322754,11.140000343322754,1845700
2019-05-23,10.949999809265137,10.960000038146973,10.579999923706055,10.619999885559082,10.619999885559082,1803700
2019-05-24,10.720000267028809,10.890000343322754,10.59000015258789,10.739999771118164,10.739999771118164,1334300
2019-05-28,10.720000267028809,11.020000457763672,10.6899995803833,10.899999618530273,10.899999618530273,1665000
2019-05-29,10.770000457763672,10.800000190734863,10.460000038146973,10.770000457763672,10.770000457763672,1496100
2019-05-30,10.760000228881836,11.0,10.640000343322754,10.65999984741211,10.65999984741211,1851900
2019-05-31,10.279999732971191,10.369999885559082,10.050000190734863,10.109999656677246,10.109999656677246,1789900
2019-06-03,10.0600004196167,10.5,9.960000038146973,10.390000343322754,10.390000343322754,2218200
2019-06-04,10.670000076293945,11.260000228881836,10.640000343322754,11.239999771118164,11.239999771118164,2363500
2019-06-05,11.239999771118164,11.420000076293945,10.989999771118164,11.350000381469727,11.350000381469727,2330300
2019-06-06,11.300000190734863,11.329999923706055,10.880000114440918,11.15999984741211,11.15999984741211,1375900
2019-06-07,11.199999809265137,11.390000343322754,11.079999923706055,11.229999542236328,11.229999542236328,975300
2019-06-10,11.380000114440918,11.729999542236328,11.359999656677246,11.5,11.5,1228700
2019-06-11,11.65999984741211,11.920000076293945,11.550000190734863,11.680000305175781,11.680000305175781,1053700
2019-06-12,11.65999984741211,11.720000267028809,11.470000267028809,11.529999732971191,11.529999732971191,756200
2019-06-13,11.600000381469727,11.770000457763672,11.470000267028809,11.670000076293945,11.670000076293945,779900
2019-06-14,11.640000343322754,11.640000343322754,11.25,11.380000114440918,11.380000114440918,946000
2019-06-17,11.420000076293945,11.479999542236328,11.270000457763672,11.350000381469727,11.350000381469727,798700
2019-06-18,11.449999809265137,11.869999885559082,11.4399995803833,11.75,11.75,1252900
2019-06-19,11.760000228881836,11.8100004196167,11.600000381469727,11.770000457763672,11.770000457763672,908500
2019-06-20,11.920000076293945,12.100000381469727,11.850000381469727,11.9399995803833,11.9399995803833,1254300
2019-06-21,11.899999618530273,12.15999984741211,11.75,12.109999656677246,12.109999656677246,2104200
2019-06-24,12.069999694824219,12.220000267028809,11.699999809265137,11.760000228881836,11.760000228881836,1003500
2019-06-25,11.770000457763672,11.829999923706055,11.65999984741211,11.800000190734863,11.800000190734863,723900
2019-06-26,11.8100004196167,12.069999694824219,11.760000228881836,12.050000190734863,12.050000190734863,1403600
2019-06-27,12.260000228881836,12.930000305175781,12.220000267028809,12.899999618530273,12.899999618530273,3380000
2019-06-28,12.960000038146973,13.1899995803833,12.619999885559082,12.760000228881836,12.760000228881836,3230300
2019-07-01,13.050000190734863,13.229999542236328,12.210000038146973,12.380000114440918,12.380000114440918,2163500
2019-07-02,12.350000381469727,12.359999656677246,11.699999809265137,11.819999694824219,11.819999694824219,1745900
2019-07-03,11.899999618530273,12.029999732971191,11.789999961853027,11.90999984741211,11.90999984741211,774800
2019-07-05,11.829999923706055,11.989999771118164,11.5600004196167,11.739999771118164,11.739999771118164,917700
2019-07-08,11.670000076293945,11.800000190734863,11.319999694824219,11.359999656677246,11.359999656677246,1646400
2019-07-09,11.25,11.319999694824219,11.010000228881836,11.149999618530273,11.149999618530273,1355700
2019-07-10,11.239999771118164,11.430000305175781,11.130000114440918,11.369999885559082,11.369999885559082,1104000
2019-07-11,11.359999656677246,11.369999885559082,10.770000457763672,10.869999885559082,10.869999885559082,2649500
2019-07-12,10.930000305175781,11.5,10.920000076293945,11.40999984741211,11.40999984741211,2579500
2019-07-15,11.470000267028809,11.75,11.09000015258789,11.710000038146973,11.710000038146973,1584800
2019-07-16,11.420000076293945,12.069999694824219,11.210000038146973,12.0,12.0,3048900
2019-07-17,11.920000076293945,11.920000076293945,11.5,11.649999618530273,11.649999618530273,1332800
2019-07-18,11.609999656677246,11.880000114440918,11.550000190734863,11.649999618530273,11.649999618530273,1401100
2019-07-19,11.720000267028809,12.079999923706055,11.640000343322754,11.680000305175781,11.680000305175781,1585300
2019-07-22,11.720000267028809,11.90999984741211,11.489999771118164,11.529999732971191,11.529999732971191,905300
2019-07-23,11.779999732971191,12.3100004196167,11.680000305175781,12.300000190734863,12.300000190734863,1748400
2019-07-24,12.239999771118164,12.720000267028809,12.220000267028809,12.65999984741211,12.65999984741211,1721800
2019-07-25,12.5600004196167,12.600000381469727,12.25,12.34000015258789,12.34000015258789,1565400
2019-07-26,12.34000015258789,12.579999923706055,12.130000114440918,12.520000457763672,12.520000457763672,950700
2019-07-29,12.479999542236328,12.529999732971191,12.220000267028809,12.329999923706055,12.329999923706055,1190800
2019-07-30,12.1899995803833,12.279999732971191,11.75,12.260000228881836,12.260000228881836,1388500
2019-07-31,12.270000457763672,12.420000076293945,11.949999809265137,12.069999694824219,12.069999694824219,1852400
2019-08-01,12.079999923706055,12.149999618530273,10.960000038146973,11.020000457763672,11.020000457763672,3333300
2019-08-02,10.010000228881836,10.180000305175781,8.649999618530273,9.380000114440918,9.380000114440918,7950200
2019-08-05,9.109999656677246,9.149999618530273,8.199999809265137,8.550000190734863,8.550000190734863,5744000
2019-08-06,8.680000305175781,9.010000228881836,8.3100004196167,8.4399995803833,8.4399995803833,2554300
2019-08-07,8.239999771118164,8.270000457763672,7.880000114440918,8.069999694824219,8.069999694824219,2484100
2019-08-08,8.100000381469727,8.319999694824219,7.860000133514404,7.980000019073486,7.980000019073486,3082800
2019-08-09,7.920000076293945,8.029999732971191,7.650000095367432,7.710000038146973,7.710000038146973,2632600
2019-08-12,7.619999885559082,7.659999847412109,7.110000133514404,7.150000095367432,7.150000095367432,2671500
2019-08-13,7.150000095367432,7.760000228881836,7.119999885559082,7.590000152587891,7.590000152587891,2234800
2019-08-14,7.309999942779541,7.349999904632568,6.96999979019165,7.179999828338623,7.179999828338623,2135400
2019-08-15,7.210000038146973,7.239999771118164,6.949999809265137,7.019999980926514,7.019999980926514,2478300
2019-08-16,7.110000133514404,7.309999942779541,7.059999942779541,7.230000019073486,7.230000019073486,1874700
2019-08-19,7.409999847412109,7.420000076293945,7.139999866485596,7.150000095367432,7.150000095367432,1824600
2019-08-20,7.099999904632568,7.139999866485596,6.650000095367432,6.650000095367432,6.650000095367432,2616400
2019-08-21,6.829999923706055,6.949999809265137,6.670000076293945,6.75,6.75,2587900
2019-08-22,6.760000228881836,7.019999980926514,6.710000038146973,6.949999809265137,6.949999809265137,3350400
2019-08-23,6.840000152587891,7.170000076293945,6.519999980926514,6.550000190734863,6.550000190734863,4117900
2019-08-26,6.710000038146973,6.71999979019165,6.309999942779541,6.360000133514404,6.360000133514404,2553400
2019-08-27,6.440000057220459,6.449999809265137,6.059999942779541,6.170000076293945,6.170000076293945,3241800
2019-08-28,6.119999885559082,6.320000171661377,6.03000020980835,6.25,6.25,3105200
2019-08-29,6.329999923706055,6.570000171661377,6.329999923706055,6.380000114440918,6.380000114440918,1823900
2019-08-30,6.460000038146973,6.599999904632568,6.28000020980835,6.340000152587891,6.340000152587891,2166200
2019-09-03,6.260000228881836,6.269999980926514,5.869999885559082,6.010000228881836,6.010000228881836,3960800
2019-09-04,6.119999885559082,6.349999904632568,6.010000228881836,6.309999942779541,6.309999942779541,3435400
2019-09-05,6.46999979019165,7.309999942779541,6.46999979019165,7.210000038146973,7.210000038146973,4396600
2019-09-06,7.210000038146973,7.690000057220459,7.199999809265137,7.679999828338623,7.679999828338623,4954800
2019-09-09,7.820000171661377,8.600000381469727,7.820000171661377,8.229999542236328,8.229999542236328,4630900
2019-09-10,8.1899995803833,8.449999809265137,8.029999732971191,8.390000343322754,8.390000343322754,3693100
2019-09-11,8.449999809265137,8.649999618530273,7.909999847412109,8.59000015258789,8.59000015258789,3216000
2019-09-12,8.579999923706055,8.680000305175781,8.1899995803833,8.609999656677246,8.609999656677246,2228100
2019-09-13,8.710000038146973,9.229999542236328,8.65999984741211,8.960000038146973,8.960000038146973,3890800
2019-09-16,8.779999732971191,8.920000076293945,8.59000015258789,8.640000343322754,8.640000343322754,2958000
2019-09-17,8.5600004196167,8.630000114440918,8.15999984741211,8.279999732971191,8.279999732971191,2477300
2019-09-18,8.489999771118164,8.680000305175781,7.920000076293945,8.079999923706055,8.079999923706055,3483500
2019-09-19,8.100000381469727,8.350000381469727,8.010000228881836,8.050000190734863,8.050000190734863,2961400
2019-09-20,8.029999732971191,8.130000114440918,7.860000133514404,8.0,8.0,6466600
2019-09-23,7.889999866485596,8.069999694824219,7.78000020980835,7.980000019073486,7.980000019073486,1632000
2019-09-24,8.020000457763672,8.020000457763672,7.340000152587891,7.5,7.5,3147500
2019-09-25,7.510000228881836,7.730000019073486,7.510000228881836,7.650000095367432,7.650000095367432,2440200
2019-09-26,7.630000114440918,7.829999923706055,7.579999923706055,7.639999866485596,7.639999866485596,2765700
2019-09-27,7.670000076293945,7.980000019073486,7.650000095367432,7.96999979019165,7.96999979019165,1671200
2019-09-30,7.96999979019165,8.279999732971191,7.829999923706055,8.220000267028809,8.220000267028809,2071200
2019-10-01,8.300000190734863,8.569999694824219,7.710000038146973,7.730000019073486,7.730000019073486,2296500
2019-10-02,7.599999904632568,7.670000076293945,7.099999904632568,7.300000190734863,7.300000190734863,2100300
2019-10-03,7.210000038146973,7.269999980926514,6.75,7.199999809265137,7.199999809265137,2681500
2019-10-04,7.159999847412109,7.380000114440918,7.150000095367432,7.380000114440918,7.380000114440918,1917500
2019-10-07,7.340000152587891,7.429999828338623,7.110000133514404,7.179999828338623,7.179999828338623,1679100
2019-10-08,7.010000228881836,7.070000171661377,6.769999980926514,6.809999942779541,6.809999942779541,2850900
2019-10-09,6.960000038146973,7.230000019073486,6.929999828338623,7.179999828338623,7.179999828338623,1518200
2019-10-10,7.239999771118164,7.53000020980835,7.190000057220459,7.420000076293945,7.420000076293945,2158700
2019-10-11,7.570000171661377,8.09000015258789,7.570000171661377,7.929999828338623,7.929999828338623,2303500
2019-10-14,7.840000152587891,7.920000076293945,7.539999961853027,7.869999885559082,7.869999885559082,1465500
2019-10-15,7.909999847412109,8.260000228881836,7.659999847412109,8.170000076293945,8.170000076293945,3031000
2019-10-16,8.210000038146973,8.59000015258789,8.15999984741211,8.34000015258789,8.34000015258789,3094400
2019-10-17,8.399999618530273,8.510000228881836,8.229999542236328,8.449999809265137,8.449999809265137,3076000
2019-10-18,8.359999656677246,8.40999984741211,8.180000305175781,8.3100004196167,8.3100004196167,2061900
2019-10-21,8.449999809265137,8.609999656677246,8.34000015258789,8.550000190734863,8.550000190734863,1783100
2019-10-22,8.539999961853027,8.770000457763672,8.289999961853027,8.739999771118164,8.739999771118164,2798900
2019-10-23,8.739999771118164,8.770000457763672,8.329999923706055,8.760000228881836,8.760000228881836,2126700
2019-10-24,8.84000015258789,8.880000114440918,8.520000457763672,8.640000343322754,8.640000343322754,1275500
2019-10-25,8.5600004196167,9.069999694824219,8.5600004196167,9.039999961853027,9.039999961853027,1768700
2019-10-28,9.140000343322754,9.319999694824219,9.09000015258789,9.260000228881836,9.260000228881836,1769000
2019-10-29,9.1899995803833,9.289999961853027,8.920000076293945,9.130000114440918,9.130000114440918,1496900
2019-10-30,9.119999885559082,9.170000076293945,8.8100004196167,8.829999923706055,8.829999923706055,2335300
2019-10-31,8.8100004196167,9.029999732971191,8.319999694824219,8.359999656677246,8.359999656677246,4725000
2019-11-01,8.890000343322754,10.90999984741211,8.75,10.1899995803833,10.1899995803833,9005600
2019-11-04,10.539999961853027,11.140000343322754,10.329999923706055,11.050000190734863,11.050000190734863,5520700
2019-11-05,10.979999542236328,11.210000038146973,10.630000114440918,10.649999618530273,10.649999618530273,4434300
2019-11-06,10.609999656677246,10.710000038146973,10.210000038146973,10.40999984741211,10.40999984741211,3500200
2019-11-07,10.600000381469727,11.020000457763672,10.600000381469727,10.850000381469727,10.850000381469727,2423400
2019-11-08,10.770000457763672,11.15999984741211,10.65999984741211,11.0600004196167,11.0600004196167,1750800
2019-11-11,10.890000343322754,10.979999542236328,10.710000038146973,10.850000381469727,10.850000381469727,1195100
2019-11-12,10.880000114440918,10.970000267028809,10.539999961853027,10.550000190734863,10.550000190734863,1828000
2019-11-13,10.350000381469727,10.470000267028809,10.029999732971191,10.180000305175781,10.180000305175781,1987500
2019-11-14,10.210000038146973,10.350000381469727,10.069999694824219,10.09000015258789,10.09000015258789,1004800
2019-11-15,10.210000038146973,10.34000015258789,9.829999923706055,9.960000038146973,9.960000038146973,2160900
2019-11-18,9.8100004196167,9.84000015258789,9.529999732971191,9.729999542236328,9.729999542236328,1459000
2019-11-19,9.8100004196167,10.220000267028809,9.779999732971191,10.15999984741211,10.15999984741211,2614600
2019-11-20,10.079999923706055,10.079999923706055,9.3100004196167,9.460000038146973,9.460000038146973,2493200
2019-11-21,9.539999961853027,9.5600004196167,9.34000015258789,9.489999771118164,9.489999771118164,1181600
2019-11-22,9.619999885559082,9.789999961853027,9.550000190734863,9.670000076293945,9.670000076293945,942000
2019-11-25,9.739999771118164,10.0600004196167,9.550000190734863,10.0,10.0,988700
2019-11-26,9.880000114440918,10.09000015258789,9.8100004196167,9.899999618530273,9.899999618530273,1242600
2019-11-27,9.9399995803833,10.09000015258789,9.800000190734863,9.979999542236328,9.979999542236328,879100
2019-11-29,9.949999809265137,10.010000228881836,9.819999694824219,9.859999656677246,9.859999656677246,424400
2019-12-02,10.0,10.420000076293945,9.890000343322754,10.010000228881836,10.010000228881836,1428000
2019-12-03,9.760000228881836,9.760000228881836,9.229999542236328,9.520000457763672,9.520000457763672,1876400
2019-12-04,9.630000114440918,9.850000381469727,9.449999809265137,9.489999771118164,9.489999771118164,1042300
2019-12-05,9.569999694824219,9.630000114440918,9.329999923706055,9.489999771118164,9.489999771118164,866300
2019-12-06,9.760000228881836,10.100000381469727,9.720000267028809,10.09000015258789,10.09000015258789,1273600
2019-12-09,10.010000228881836,10.15999984741211,9.880000114440918,10.020000457763672,10.020000457763672,837200
2019-12-10,10.050000190734863,10.09000015258789,9.6899995803833,10.0600004196167,10.0600004196167,1885000
2019-12-11,10.15999984741211,10.640000343322754,10.09000015258789,10.529999732971191,10.529999732971191,2473800
2019-12-12,10.550000190734863,11.079999923706055,10.460000038146973,11.039999961853027,11.039999961853027,2203500
2019-12-13,11.029999732971191,11.260000228881836,10.479999542236328,10.539999961853027,10.539999961853027,1661600
2019-12-16,10.680000305175781,10.9399995803833,10.649999618530273,10.670000076293945,10.670000076293945,992700
2019-12-17,10.649999618530273,10.720000267028809,10.569999694824219,10.640000343322754,10.640000343322754,991700
2019-12-18,10.6899995803833,10.789999961853027,10.539999961853027,10.770000457763672,10.770000457763672,1193300
2019-12-19,10.699999809265137,10.789999961853027,10.579999923706055,10.75,10.75,816800
2019-12-20,10.829999923706055,10.90999984741211,10.640000343322754,10.720000267028809,10.720000267028809,2908700
2019-12-23,10.760000228881836,10.770000457763672,10.579999923706055,10.699999809265137,10.699999809265137,752700
2019-12-24,10.75,10.75,10.569999694824219,10.609999656677246,10.609999656677246,282600
2019-12-26,10.65999984741211,10.65999984741211,10.40999984741211,10.579999923706055,10.579999923706055,777300
2019-12-27,10.550000190734863,10.770000457763672,10.550000190734863,10.630000114440918,10.630000114440918,904400
2019-12-30,10.630000114440918,10.880000114440918,10.539999961853027,10.720000267028809,10.720000267028809,846100
2019-12-31,10.640000343322754,10.989999771118164,10.640000343322754,10.760000228881836,10.760000228881836,810800
2020-01-02,10.949999809265137,10.989999771118164,10.649999618530273,10.970000267028809,10.970000267028809,1156600
2020-01-03,10.800000190734863,10.800000190734863,10.149999618530273,10.300000190734863,10.300000190734863,1991300
2020-01-06,10.079999923706055,10.220000267028809,9.800000190734863,9.920000076293945,9.920000076293945,1864600
2020-01-07,9.859999656677246,10.34000015258789,9.859999656677246,10.220000267028809,10.220000267028809,1509600
2020-01-08,10.199999809265137,10.199999809265137,9.619999885559082,9.640000343322754,9.640000343322754,3110600
2020-01-09,9.760000228881836,9.84000015258789,9.489999771118164,9.510000228881836,9.510000228881836,1380500
2020-01-10,9.489999771118164,9.539999961853027,9.100000381469727,9.140000343322754,9.140000343322754,1387500
2020-01-13,9.100000381469727,9.109999656677246,8.800000190734863,9.050000190734863,9.050000190734863,1071300
2020-01-14,9.039999961853027,9.40999984741211,8.9399995803833,9.1899995803833,9.1899995803833,1360500
2020-01-15,9.109999656677246,9.34000015258789,8.989999771118164,9.329999923706055,9.329999923706055,1169300
2020-01-16,9.4399995803833,9.729999542236328,9.390000343322754,9.579999923706055,9.579999923706055,1047300
2020-01-17,9.65999984741211,9.710000038146973,9.470000267028809,9.630000114440918,9.630000114440918,924500
2020-01-21,9.550000190734863,9.619999885559082,9.300000190734863,9.390000343322754,9.390000343322754,765200
2020-01-22,9.390000343322754,9.579999923706055,9.319999694824219,9.34000015258789,9.34000015258789,957900
2020-01-23,9.239999771118164,9.539999961853027,8.9399995803833,9.5,9.5,1458300
2020-01-24,9.75,9.789999961853027,9.199999809265137,9.3100004196167,9.3100004196167,1240600
2020-01-27,9.020000457763672,9.529999732971191,8.930000305175781,9.390000343322754,9.390000343322754,2031800
2020-01-28,9.640000343322754,10.010000228881836,9.4399995803833,9.5600004196167,9.5600004196167,1835900
2020-01-29,9.569999694824219,9.850000381469727,9.420000076293945,9.4399995803833,9.4399995803833,1304900
2020-01-30,9.25,9.4399995803833,9.170000076293945,9.40999984741211,9.40999984741211,1230000
2020-01-31,9.279999732971191,9.350000381469727,9.050000190734863,9.239999771118164,9.239999771118164,1265100
2020-02-03,9.289999961853027,9.6899995803833,9.289999961853027,9.449999809265137,9.449999809265137,1533800
2020-02-04,9.6899995803833,10.010000228881836,9.630000114440918,9.800000190734863,9.800000190734863,1168900
2020-02-05,9.970000267028809,10.369999885559082,9.970000267028809,10.180000305175781,10.180000305175781,1571500
2020-02-06,10.279999732971191,10.300000190734863,9.760000228881836,9.850000381469727,9.850000381469727,1335500
2020-02-07,9.720000267028809,9.770000457763672,9.470000267028809,9.6899995803833,9.6899995803833,985100
2020-02-10,9.59000015258789,9.680000305175781,9.460000038146973,9.539999961853027,9.539999961853027,963000
2020-02-11,9.510000228881836,9.9399995803833,9.279999732971191,9.84000015258789,9.84000015258789,1398200
2020-02-12,10.079999923706055,10.619999885559082,10.069999694824219,10.34000015258789,10.34000015258789,1584700
2020-02-13,10.140000343322754,10.3100004196167,10.010000228881836,10.220000267028809,10.220000267028809,1276300
2020-02-14,10.3100004196167,10.399999618530273,8.579999923706055,8.770000457763672,8.770000457763672,5076300
2020-02-18,8.75,8.779999732971191,8.010000228881836,8.270000457763672,8.270000457763672,3344200
2020-02-19,8.270000457763672,8.430000305175781,7.889999866485596,7.920000076293945,7.920000076293945,2730100
2020-02-20,7.829999923706055,8.369999885559082,7.829999923706055,8.229999542236328,8.229999542236328,1793900
2020-02-21,8.170000076293945,8.210000038146973,7.909999847412109,8.0,8.0,1179700
2020-02-24,7.639999866485596,7.699999809265137,7.360000133514404,7.400000095367432,7.400000095367432,1921300
2020-02-25,7.360000133514404,7.449999809265137,6.53000020980835,6.559999942779541,6.559999942779541,3493000
2020-02-26,6.760000228881836,6.869999885559082,6.309999942779541,6.380000114440918,6.380000114440918,1820300
2020-02-27,6.079999923706055,6.610000133514404,5.769999980926514,6.170000076293945,6.170000076293945,2965000
2020-02-28,5.829999923706055,6.349999904632568,5.829999923706055,6.329999923706055,6.329999923706055,2561800
2020-03-02,6.360000133514404,6.489999771118164,5.949999809265137,6.400000095367432,6.400000095367432,3164800
2020-03-03,6.400000095367432,6.639999866485596,5.96999979019165,6.0,6.0,2155800
2020-03-04,6.239999771118164,6.409999847412109,5.96999979019165,6.380000114440918,6.380000114440918,1780600
2020-03-05,6.119999885559082,6.139999866485596,5.739999771118164,5.75,5.75,2995300
2020-03-06,5.429999828338623,5.78000020980835,5.03000020980835,5.139999866485596,5.139999866485596,2698600
2020-03-09,4.559999942779541,4.960000038146973,4.5,4.670000076293945,4.670000076293945,3120200
2020-03-10,4.940000057220459,5.0,4.579999923706055,4.980000019073486,4.980000019073486,2208400
2020-03-11,4.800000190734863,5.070000171661377,4.5,4.880000114440918,4.880000114440918,3571800
2020-03-12,4.360000133514404,4.769999980926514,4.0,4.019999980926514,4.019999980926514,3104400
2020-03-13,4.449999809265137,4.940000057220459,4.070000171661377,4.920000076293945,4.920000076293945,2605900
2020-03-16,3.299999952316284,5.139999866485596,3.299999952316284,4.300000190734863,4.300000190734863,2718100
2020-03-17,4.409999847412109,4.449999809265137,3.7300000190734863,3.8399999141693115,3.8399999141693115,3127000
2020-03-18,3.6600000858306885,3.680000066757202,3.0,3.049999952316284,3.049999952316284,3149800
2020-03-19,2.950000047683716,3.140000104904175,2.809999942779541,2.9700000286102295,2.9700000286102295,3480800
2020-03-20,3.0799999237060547,3.440000057220459,2.869999885559082,2.9800000190734863,2.9800000190734863,6122700
2020-03-23,3.0999999046325684,3.1600000858306885,2.5,2.7699999809265137,2.7699999809265137,3984500
2020-03-24,3.049999952316284,4.150000095367432,3.009999990463257,4.059999942779541,4.059999942779541,5414400
2020-03-25,4.289999961853027,4.630000114440918,3.809999942779541,4.199999809265137,4.199999809265137,3335100
2020-03-26,4.199999809265137,4.539999961853027,3.8499999046325684,4.440000057220459,4.440000057220459,2463700
2020-03-27,4.150000095367432,4.199999809265137,3.700000047683716,3.7799999713897705,3.7799999713897705,2972900
2020-03-30,3.7200000286102295,3.819999933242798,3.5,3.619999885559082,3.619999885559082,1769000
2020-03-31,3.630000114440918,3.9800000190734863,3.5299999713897705,3.609999895095825,3.609999895095825,2569200
2020-04-01,3.4000000953674316,3.5299999713897705,3.240000009536743,3.309999942779541,3.309999942779541,1843400
2020-04-02,3.25,3.4600000381469727,3.180000066757202,3.2300000190734863,3.2300000190734863,1087600
2020-04-03,3.2100000381469727,3.2200000286102295,2.7200000286102295,2.740000009536743,2.740000009536743,3152700
2020-04-06,3.069999933242798,3.1600000858306885,2.940000057220459,3.0899999141693115,3.0899999141693115,2461900
2020-04-07,3.4000000953674316,3.5,2.990000009536743,3.0299999713897705,3.0299999713897705,3448100
2020-04-08,3.1500000953674316,3.700000047683716,3.009999990463257,3.6600000858306885,3.6600000858306885,3513500
2020-04-09,3.950000047683716,4.630000114440918,3.9100000858306885,4.230000019073486,4.230000019073486,5491600
2020-04-13,4.230000019073486,4.329999923706055,3.7100000381469727,3.819999933242798,3.819999933242798,2858400
2020-04-14,3.9600000381469727,4.25,3.7100000381469727,3.819999933242798,3.819999933242798,2689300
2020-04-15,3.5999999046325684,3.759999990463257,3.430000066757202,3.609999895095825,3.609999895095825,1959200
2020-04-16,3.609999895095825,3.609999895095825,3.2899999618530273,3.309999942779541,3.309999942779541,1925800
2020-04-17,3.5799999237060547,3.9800000190734863,3.5,3.740000009536743,3.740000009536743,2347200
2020-04-20,3.5899999141693115,3.9200000762939453,3.509999990463257,3.700000047683716,3.700000047683716,1455100
2020-04-21,3.5199999809265137,3.7100000381469727,3.450000047683716,3.4600000381469727,3.4600000381469727,2001400
2020-04-22,3.700000047683716,3.700000047683716,3.2300000190734863,3.259999990463257,3.259999990463257,2118400
2020-04-23,3.2799999713897705,3.630000114440918,3.2799999713897705,3.5199999809265137,3.5199999809265137,2301700
2020-04-24,3.619999885559082,3.7699999809265137,3.5,3.5999999046325684,3.5999999046325684,1785600
2020-04-27,3.5999999046325684,3.880000114440918,3.4200000762939453,3.75,3.75,2333600
2020-04-28,3.950000047683716,4.050000190734863,3.700000047683716,3.869999885559082,3.869999885559082,2514000
2020-04-29,4.050000190734863,4.670000076293945,4.050000190734863,4.519999980926514,4.519999980926514,3037400
2020-04-30,4.389999866485596,4.5,4.110000133514404,4.320000171661377,4.320000171661377,2973800
2020-05-01,4.099999904632568,4.28000020980835,3.930000066757202,4.190000057220459,4.190000057220459,2502000
2020-05-04,4.0,4.230000019073486,3.869999885559082,3.9600000381469727,3.9600000381469727,2130500
2020-05-05,4.150000095367432,4.400000095367432,3.9000000953674316,3.9600000381469727,3.9600000381469727,1695600
2020-05-06,4.070000171661377,4.260000228881836,3.930000066757202,4.099999904632568,4.099999904632568,1333300
2020-05-07,4.199999809265137,4.420000076293945,4.119999885559082,4.260000228881836,4.260000228881836,1831400
2020-05-08,4.630000114440918,6.099999904632568,4.610000133514404,5.960000038146973,5.960000038146973,12395800
2020-05-11,5.75,5.929999828338623,5.489999771118164,5.619999885559082,5.619999885559082,3075300
2020-05-12,5.670000076293945,5.889999866485596,5.260000228881836,5.269999980926514,5.269999980926514,2232300
2020-05-13,5.239999771118164,5.25,4.75,4.900000095367432,4.900000095367432,2626200
2020-05-14,4.650000095367432,5.440000057220459,4.550000190734863,5.360000133514404,5.360000133514404,3047900
2020-05-15,5.300000190734863,5.75,5.190000057220459,5.71999979019165,5.71999979019165,3854600
2020-05-18,6.099999904632568,6.730000019073486,6.090000152587891,6.639999866485596,6.639999866485596,4342300
2020-05-19,6.570000171661377,7.0,6.429999828338623,6.429999828338623,6.429999828338623,4634900
2020-05-20,6.610000133514404,6.889999866485596,6.610000133514404,6.789999961853027,6.789999961853027,2450600
2020-05-21,6.840000152587891,7.039999961853027,6.690000057220459,6.760000228881836,6.760000228881836,2177900
2020-05-22,6.809999942779541,6.989999771118164,6.570000171661377,6.940000057220459,6.940000057220459,2532300
2020-05-26,7.46999979019165,8.029999732971191,7.360000133514404,7.5,7.5,3716200
2020-05-27,7.849999904632568,7.960000038146973,7.360000133514404,7.909999847412109,7.909999847412109,4308800
2020-05-28,8.0,8.0,7.369999885559082,7.420000076293945,7.420000076293945,2088000
2020-05-29,7.239999771118164,7.400000095367432,6.800000190734863,7.110000133514404,7.110000133514404,2485200
2020-06-01,7.210000038146973,7.809999942779541,7.170000076293945,7.539999961853027,7.539999961853027,2129400
2020-06-02,7.699999809265137,7.849999904632568,7.570000171661377,7.800000190734863,7.800000190734863,1414700
2020-06-03,8.039999961853027,8.59000015258789,8.0,8.40999984741211,8.40999984741211,2410500
2020-06-04,8.3100004196167,8.579999923706055,8.170000076293945,8.319999694824219,8.319999694824219,2296100
2020-06-05,9.0,9.619999885559082,8.350000381469727,8.75,8.75,3478700
2020-06-08,8.84000015258789,9.239999771118164,8.829999923706055,9.220000267028809,9.220000267028809,2339500
2020-06-09,8.8100004196167,8.960000038146973,8.65999984741211,8.8100004196167,8.8100004196167,2377200
2020-06-10,8.710000038146973,8.880000114440918,8.029999732971191,8.3100004196167,8.3100004196167,2379400
2020-06-11,7.480000019073486,7.849999904632568,7.090000152587891,7.119999885559082,7.119999885559082,2309000
2020-06-12,7.619999885559082,7.980000019073486,7.349999904632568,7.78000020980835,7.78000020980835,1744700
2020-06-15,7.300000190734863,7.869999885559082,7.03000020980835,7.769999980926514,7.769999980926514,1824700
2020-06-16,8.270000457763672,8.279999732971191,7.53000020980835,7.760000228881836,7.760000228881836,1976100
2020-06-17,7.710000038146973,7.710000038146973,7.260000228881836,7.269999980926514,7.269999980926514,1283600
2020-06-18,7.150000095367432,7.300000190734863,6.960000038146973,7.010000228881836,7.010000228881836,1303800
2020-06-19,7.230000019073486,7.440000057220459,7.079999923706055,7.380000114440918,7.380000114440918,2817700
2020-06-22,7.349999904632568,7.510000228881836,7.139999866485596,7.46999979019165,7.46999979019165,1377700
2020-06-23,7.650000095367432,7.679999828338623,7.320000171661377,7.489999771118164,7.489999771118164,1273200
2020-06-24,7.309999942779541,7.360000133514404,6.920000076293945,7.079999923706055,7.079999923706055,2009200
2020-06-25,6.960000038146973,7.519999980926514,6.809999942779541,7.519999980926514,7.519999980926514,1898500
2020-06-26,7.409999847412109,7.440000057220459,7.079999923706055,7.159999847412109,7.159999847412109,2239500
2020-06-29,7.360000133514404,7.980000019073486,7.329999923706055,7.739999771118164,7.739999771118164,2172000
2020-06-30,7.630000114440918,7.739999771118164,7.400000095367432,7.599999904632568,7.599999904632568,1696700
2020-07-01,7.579999923706055,7.820000171661377,7.199999809265137,7.230000019073486,7.230000019073486,1683200
2020-07-02,7.519999980926514,7.690000057220459,7.28000020980835,7.309999942779541,7.309999942779541,1336600
2020-07-06,7.590000152587891,7.630000114440918,7.25,7.510000228881836,7.510000228881836,1146800
2020-07-07,7.349999904632568,7.460000038146973,7.179999828338623,7.190000057220459,7.190000057220459,1369300
2020-07-08,7.110000133514404,7.25,6.920000076293945,7.110000133514404,7.110000133514404,1288600
2020-07-09,7.110000133514404,7.199999809265137,6.460000038146973,6.46999979019165,6.46999979019165,2225600
2020-07-10,6.489999771118164,6.880000114440918,6.420000076293945,6.840000152587891,6.840000152587891,1509400
2020-07-13,6.920000076293945,7.110000133514404,6.71999979019165,6.880000114440918,6.880000114440918,1466800
2020-07-14,6.889999866485596,7.28000020980835,6.710000038146973,7.260000228881836,7.260000228881836,1239900
2020-07-15,7.539999961853027,7.590000152587891,7.130000114440918,7.440000057220459,7.440000057220459,1628800
2020-07-16,7.369999885559082,7.570000171661377,7.199999809265137,7.460000038146973,7.460000038146973,1465200
2020-07-17,7.460000038146973,7.630000114440918,7.119999885559082,7.170000076293945,7.170000076293945,1488800
2020-07-20,7.119999885559082,7.260000228881836,7.03000020980835,7.199999809265137,7.199999809265137,1259200
2020-07-21,7.360000133514404,7.579999923706055,7.260000228881836,7.400000095367432,7.400000095367432,1454700
2020-07-22,7.320000171661377,7.71999979019165,7.320000171661377,7.590000152587891,7.590000152587891,767400
2020-07-23,7.599999904632568,7.860000133514404,7.510000228881836,7.760000228881836,7.760000228881836,1364000
2020-07-24,7.690000057220459,7.789999961853027,7.449999809265137,7.489999771118164,7.489999771118164,1027600
2020-07-27,7.440000057220459,7.880000114440918,7.389999866485596,7.860000133514404,7.860000133514404,1203900
2020-07-28,7.829999923706055,7.949999809265137,7.710000038146973,7.860000133514404,7.860000133514404,910600
2020-07-29,7.949999809265137,8.149999618530273,7.909999847412109,8.010000228881836,8.010000228881836,944000
2020-07-30,7.760000228881836,7.829999923706055,7.050000190734863,7.090000152587891,7.090000152587891,2242200
2020-07-31,7.159999847412109,7.21999979019165,6.389999866485596,7.059999942779541,7.059999942779541,3356600
2020-08-03,7.139999866485596,7.179999828338623,6.639999866485596,6.880000114440918,6.880000114440918,2780800
2020-08-04,6.789999961853027,6.900000095367432,6.539999961853027,6.699999809265137,6.699999809265137,3430200
2020-08-05,6.78000020980835,7.019999980926514,6.75,6.929999828338623,6.929999828338623,2948700
2020-08-06,6.96999979019165,7.239999771118164,6.789999961853027,6.909999847412109,6.909999847412109,2031400
2020-08-07,6.809999942779541,7.159999847412109,6.630000114440918,7.150000095367432,7.150000095367432,1817900
2020-08-10,7.230000019073486,7.659999847412109,7.179999828338623,7.550000190734863,7.550000190734863,2442700
2020-08-11,7.78000020980835,8.15999984741211,7.739999771118164,7.989999771118164,7.989999771118164,2453200
2020-08-12,8.199999809265137,8.239999771118164,7.980000019073486,8.119999885559082,8.119999885559082,1968500
2020-08-13,8.010000228881836,8.130000114440918,7.940000057220459,7.940000057220459,7.940000057220459,1325500
2020-08-14,7.849999904632568,8.029999732971191,7.760000228881836,7.949999809265137,7.949999809265137,1243900
2020-08-17,7.980000019073486,8.010000228881836,7.639999866485596,7.739999771118164,7.739999771118164,1285800
2020-08-18,7.739999771118164,7.880000114440918,7.300000190734863,7.309999942779541,7.309999942779541,1236900
2020-08-19,7.300000190734863,7.46999979019165,7.21999979019165,7.260000228881836,7.260000228881836,1009300
2020-08-20,7.119999885559082,7.25,7.039999961853027,7.150000095367432,7.150000095367432,902800
2020-08-21,7.03000020980835,7.119999885559082,6.869999885559082,6.909999847412109,6.909999847412109,1235200
2020-08-24,7.039999961853027,7.380000114440918,6.900000095367432,7.380000114440918,7.380000114440918,1258100
2020-08-25,7.559999942779541,7.599999904632568,7.400000095367432,7.460000038146973,7.460000038146973,1280300
2020-08-26,7.449999809265137,7.550000190734863,7.329999923706055,7.46999979019165,7.46999979019165,859200
2020-08-27,7.590000152587891,7.75,7.46999979019165,7.610000133514404,7.610000133514404,1327600
2020-08-28,7.630000114440918,8.0,7.570000171661377,7.960000038146973,7.960000038146973,1229000
2020-08-31,7.900000095367432,7.949999809265137,7.75,7.78000020980835,7.78000020980835,1202200
2020-09-01,7.679999828338623,8.039999961853027,7.480000019073486,7.980000019073486,7.980000019073486,1182800
2020-09-02,8.0,8.529999732971191,8.0,8.510000228881836,8.510000228881836,1932700
2020-09-03,8.5,8.529999732971191,7.949999809265137,8.130000114440918,8.130000114440918,1568300
2020-09-04,8.34000015258789,8.359999656677246,7.929999828338623,8.0600004196167,8.0600004196167,1416700
2020-09-08,7.949999809265137,7.989999771118164,7.739999771118164,7.75,7.75,1142700
2020-09-09,7.820000171661377,7.929999828338623,7.579999923706055,7.789999961853027,7.789999961853027,1005000
2020-09-10,7.889999866485596,7.980000019073486,7.409999847412109,7.420000076293945,7.420000076293945,953100
2020-09-11,7.429999828338623,7.619999885559082,7.320000171661377,7.489999771118164,7.489999771118164,874100
2020-09-14,7.519999980926514,7.829999923706055,7.460000038146973,7.789999961853027,7.789999961853027,699200
2020-09-15,7.889999866485596,7.989999771118164,7.710000038146973,7.739999771118164,7.739999771118164,624000
2020-09-16,7.679999828338623,7.679999828338623,6.599999904632568,6.730000019073486,6.730000019073486,7117800
2020-09-17,6.510000228881836,6.630000114440918,6.25,6.269999980926514,6.269999980926514,3210000
2020-09-18,6.269999980926514,6.269999980926514,5.75,5.840000152587891,5.840000152587891,6991500
2020-09-21,5.559999942779541,5.699999809265137,5.329999923706055,5.389999866485596,5.389999866485596,3403100
2020-09-22,5.409999847412109,5.53000020980835,5.309999942779541,5.409999847412109,5.409999847412109,2111400
2020-09-23,5.409999847412109,5.5,5.099999904632568,5.099999904632568,5.099999904632568,2212300
2020-09-24,5.03000020980835,5.320000171661377,4.820000171661377,5.110000133514404,5.110000133514404,2617500
2020-09-25,5.03000020980835,5.199999809265137,4.980000019073486,5.039999961853027,5.039999961853027,1705600
2020-09-28,5.170000076293945,5.690000057220459,5.150000095367432,5.599999904632568,5.599999904632568,2869900
2020-09-29,5.590000152587891,5.619999885559082,5.369999885559082,5.579999923706055,5.579999923706055,2041500
2020-09-30,5.579999923706055,5.909999847412109,5.550000190734863,5.769999980926514,5.769999980926514,1980400
2020-10-01,5.849999904632568,6.090000152587891,5.659999847412109,6.070000171661377,6.070000171661377,2318500
2020-10-02,5.75,6.300000190734863,5.730000019073486,6.28000020980835,6.28000020980835,1937300
2020-10-05,6.420000076293945,6.5,6.230000019073486,6.380000114440918,6.380000114440918,2242700
2020-10-06,6.480000019073486,6.550000190734863,6.150000095367432,6.179999828338623,6.179999828338623,2225700
2020-10-07,6.320000171661377,6.630000114440918,6.25,6.590000152587891,6.590000152587891,1993600
2020-10-08,6.679999828338623,6.929999828338623,6.619999885559082,6.800000190734863,6.800000190734863,2329300
2020-10-09,6.900000095367432,6.949999809265137,6.760000228881836,6.849999904632568,6.849999904632568,1423600
2020-10-12,6.829999923706055,7.059999942779541,6.829999923706055,6.909999847412109,6.909999847412109,1134500
2020-10-13,6.809999942779541,6.96999979019165,6.639999866485596,6.880000114440918,6.880000114440918,1465500
2020-10-14,6.949999809265137,7.010000228881836,6.789999961853027,6.800000190734863,6.800000190734863,981800
2020-10-15,6.590000152587891,6.940000057220459,6.590000152587891,6.880000114440918,6.880000114440918,1548900
2020-10-16,6.920000076293945,7.059999942779541,6.760000228881836,6.769999980926514,6.769999980926514,1209400
2020-10-19,6.820000171661377,6.820000171661377,6.619999885559082,6.659999847412109,6.659999847412109,1243300
2020-10-20,6.760000228881836,6.960000038146973,6.659999847412109,6.670000076293945,6.670000076293945,2268600
2020-10-21,6.679999828338623,6.96999979019165,6.639999866485596,6.800000190734863,6.800000190734863,1689500
2020-10-22,6.989999771118164,7.409999847412109,6.949999809265137,7.389999866485596,7.389999866485596,2623500
2020-10-23,7.449999809265137,7.739999771118164,7.300000190734863,7.360000133514404,7.360000133514404,2041200
2020-10-26,7.139999866485596,7.28000020980835,7.059999942779541,7.190000057220459,7.190000057220459,1738600
2020-10-27,7.099999904632568,7.150000095367432,6.78000020980835,6.789999961853027,6.789999961853027,2029000
2020-10-28,6.480000019073486,6.699999809265137,6.46999979019165,6.489999771118164,6.489999771118164,1307000
2020-10-29,6.429999828338623,6.659999847412109,6.329999923706055,6.630000114440918,6.630000114440918,2211800
2020-10-30,6.980000019073486,6.989999771118164,6.409999847412109,6.71999979019165,6.71999979019165,2187800
2020-11-02,6.840000152587891,7.179999828338623,6.75,6.909999847412109,6.909999847412109,1961300
2020-11-03,7.099999904632568,7.360000133514404,7.070000171661377,7.210000038146973,7.210000038146973,2223900
2020-11-04,7.0,7.090000152587891,6.760000228881836,6.789999961853027,6.789999961853027,2453300
2020-11-05,6.900000095367432,7.25,6.900000095367432,7.170000076293945,7.170000076293945,1812200
2020-11-06,7.21999979019165,7.389999866485596,7.110000133514404,7.349999904632568,7.349999904632568,2132600
2020-11-09,8.0,8.390000343322754,7.550000190734863,7.590000152587891,7.590000152587891,3686800
2020-11-10,7.71999979019165,7.880000114440918,7.610000133514404,7.809999942779541,7.809999942779541,1924200
2020-11-11,7.909999847412109,7.909999847412109,7.53000020980835,7.690000057220459,7.690000057220459,1050900
2020-11-12,7.550000190734863,7.679999828338623,7.239999771118164,7.400000095367432,7.400000095367432,1966000
2020-11-13,7.53000020980835,7.710000038146973,7.46999979019165,7.690000057220459,7.690000057220459,1157700
2020-11-16,8.0,8.220000267028809,7.849999904632568,8.109999656677246,8.109999656677246,1835200
2020-11-17,7.96999979019165,8.34000015258789,7.889999866485596,8.199999809265137,8.199999809265137,1550800
2020-11-18,8.270000457763672,8.479999542236328,8.170000076293945,8.170000076293945,8.170000076293945,1487600
2020-11-19,8.210000038146973,8.210000038146973,8.0,8.069999694824219,8.069999694824219,2014100
2020-11-20,8.010000228881836,8.109999656677246,7.849999904632568,7.989999771118164,7.989999771118164,1700400
2020-11-23,8.09000015258789,8.359999656677246,8.09000015258789,8.270000457763672,8.270000457763672,1291100
2020-11-24,8.470000267028809,8.859999656677246,8.380000114440918,8.699999809265137,8.699999809265137,2283100
2020-11-25,8.550000190734863,8.579999923706055,8.100000381469727,8.239999771118164,8.239999771118164,1555700
2020-11-27,8.140000343322754,8.289999961853027,8.039999961853027,8.279999732971191,8.279999732971191,567400
2020-11-30,8.180000305175781,8.350000381469727,7.909999847412109,7.960000038146973,7.960000038146973,1643900
2020-12-01,8.100000381469727,8.149999618530273,7.659999847412109,7.679999828338623,7.679999828338623,2652400
2020-12-02,7.570000171661377,7.940000057220459,7.550000190734863,7.909999847412109,7.909999847412109,1360400
2020-12-03,7.900000095367432,7.989999771118164,7.739999771118164,7.809999942779541,7.809999942779541,1215100
2020-12-04,7.889999866485596,8.430000305175781,7.889999866485596,8.40999984741211,8.40999984741211,1814700
2020-12-07,8.40999984741211,8.430000305175781,8.119999885559082,8.239999771118164,8.239999771118164,1035900
2020-12-08,8.130000114440918,8.270000457763672,8.130000114440918,8.239999771118164,8.239999771118164,1530200
2020-12-09,8.34000015258789,8.619999885559082,8.170000076293945,8.289999961853027,8.289999961853027,1075600
2020-12-10,8.149999618530273,8.270000457763672,8.0,8.149999618530273,8.149999618530273,1354500
2020-12-11,8.029999732971191,8.109999656677246,7.820000171661377,7.860000133514404,7.860000133514404,1707000
2020-12-14,8.029999732971191,8.050000190734863,7.71999979019165,7.860000133514404,7.860000133514404,1440300
2020-12-15,7.96999979019165,8.109999656677246,7.789999961853027,8.039999961853027,8.039999961853027,1289300
2020-12-16,8.140000343322754,8.260000228881836,8.029999732971191,8.109999656677246,8.109999656677246,1005800
2020-12-17,7.949999809265137,7.989999771118164,7.75,7.78000020980835,7.78000020980835,1348300
2020-12-18,7.840000152587891,7.869999885559082,7.380000114440918,7.519999980926514,7.519999980926514,3236300
2020-12-21,7.360000133514404,7.769999980926514,7.28000020980835,7.730000019073486,7.730000019073486,1647400
2020-12-22,7.739999771118164,8.329999923706055,7.699999809265137,8.140000343322754,8.140000343322754,4425900
2020-12-23,8.369999885559082,8.600000381469727,8.300000190734863,8.329999923706055,8.329999923706055,2151300
2020-12-24,8.449999809265137,8.449999809265137,8.029999732971191,8.229999542236328,8.229999542236328,969200
2020-12-28,8.359999656677246,8.680000305175781,8.25,8.40999984741211,8.40999984741211,1481100
2020-12-29,8.5,8.59000015258789,8.25,8.300000190734863,8.300000190734863,1235300
2020-12-30,8.319999694824219,8.569999694824219,8.289999961853027,8.470000267028809,8.470000267028809,885700
2020-12-31,8.470000267028809,8.520000457763672,8.289999961853027,8.34000015258789,8.34000015258789,1128000
2021-01-04,8.430000305175781,8.489999771118164,7.860000133514404,8.119999885559082,8.119999885559082,2828500
2021-01-05,8.100000381469727,8.300000190734863,8.039999961853027,8.229999542236328,8.229999542236328,1173800
2021-01-06,8.40999984741211,8.770000457763672,8.390000343322754,8.670000076293945,8.670000076293945,2797800
2021-01-07,8.920000076293945,9.890000343322754,8.859999656677246,9.760000228881836,9.760000228881836,4565600
2021-01-08,9.84000015258789,9.899999618530273,9.079999923706055,9.260000228881836,9.260000228881836,2469400
2021-01-11,9.260000228881836,9.260000228881836,8.880000114440918,8.979999542236328,8.979999542236328,2168900
2021-01-12,9.0,9.40999984741211,8.850000381469727,9.289999961853027,9.289999961853027,1781000
2021-01-13,9.3100004196167,9.420000076293945,8.819999694824219,8.84000015258789,8.84000015258789,1660400
2021-01-14,8.949999809265137,9.199999809265137,8.640000343322754,9.050000190734863,9.050000190734863,2146700
2021-01-15,8.880000114440918,9.069999694824219,8.680000305175781,8.739999771118164,8.739999771118164,2514500
2021-01-19,8.949999809265137,9.15999984741211,8.600000381469727,9.100000381469727,9.100000381469727,2185400
2021-01-20,9.15999984741211,9.4399995803833,9.109999656677246,9.40999984741211,9.40999984741211,1570400
2021-01-21,9.449999809265137,9.579999923706055,9.130000114440918,9.470000267028809,9.470000267028809,1814000
2021-01-22,9.4399995803833,9.710000038146973,9.300000190734863,9.680000305175781,9.680000305175781,1907700
2021-01-25,9.699999809265137,9.739999771118164,8.930000305175781,9.109999656677246,9.109999656677246,2005800
2021-01-26,9.239999771118164,9.25,8.949999809265137,8.970000267028809,8.970000267028809,1297900
2021-01-27,8.869999885559082,9.619999885559082,8.649999618530273,9.479999542236328,9.479999542236328,3754300
2021-01-28,9.510000228881836,9.619999885559082,8.850000381469727,9.020000457763672,9.020000457763672,2320700
2021-01-29,8.960000038146973,9.399999618530273,8.699999809265137,8.8100004196167,8.8100004196167,1899800
2021-02-01,8.949999809265137,8.970000267028809,8.34000015258789,8.930000305175781,8.930000305175781,2457700
2021-02-02,9.050000190734863,9.180000305175781,8.90999984741211,9.039999961853027,9.039999961853027,1448300
2021-02-03,9.079999923706055,9.289999961853027,8.989999771118164,9.279999732971191,9.279999732971191,1929600
2021-02-04,9.369999885559082,9.760000228881836,9.25,9.75,9.75,2284900
2021-02-05,9.829999923706055,10.350000381469727,9.819999694824219,10.34000015258789,10.34000015258789,2238700
2021-02-08,10.40999984741211,11.029999732971191,10.40999984741211,11.029999732971191,11.029999732971191,2102100
2021-02-09,10.960000038146973,11.0600004196167,10.5600004196167,10.720000267028809,10.720000267028809,1410700
2021-02-10,10.819999694824219,10.850000381469727,10.329999923706055,10.430000305175781,10.430000305175781,1636500
2021-02-11,10.470000267028809,10.6899995803833,10.1899995803833,10.5600004196167,10.5600004196167,1572400
2021-02-12,10.369999885559082,10.729999542236328,9.600000381469727,9.819999694824219,9.819999694824219,3993700
2021-02-16,10.09000015258789,10.15999984741211,9.3100004196167,9.770000457763672,9.770000457763672,2506800
2021-02-17,9.75,9.75,9.260000228881836,9.359999656677246,9.359999656677246,1892700
2021-02-18,9.279999732971191,9.40999984741211,8.979999542236328,9.039999961853027,9.039999961853027,1840000
2021-02-19,9.239999771118164,9.550000190734863,9.199999809265137,9.319999694824219,9.319999694824219,1817500
2021-02-22,9.25,9.640000343322754,9.239999771118164,9.399999618530273,9.399999618530273,2254300
2021-02-23,9.199999809265137,9.539999961853027,8.890000343322754,9.420000076293945,9.420000076293945,1705500
2021-02-24,9.520000457763672,9.760000228881836,9.399999618530273,9.710000038146973,9.710000038146973,1477200
2021-02-25,9.829999923706055,10.130000114440918,9.600000381469727,9.90999984741211,9.90999984741211,2276300
2021-02-26,9.899999618530273,10.010000228881836,9.470000267028809,9.770000457763672,9.770000457763672,1732400
2021-03-01,9.960000038146973,10.40999984741211,9.770000457763672,10.369999885559082,10.369999885559082,1932500
2021-03-02,10.399999618530273,10.699999809265137,10.300000190734863,10.489999771118164,10.489999771118164,2050200
2021-03-03,10.600000381469727,10.949999809265137,10.600000381469727,10.609999656677246,10.609999656677246,1086600
2021-03-04,10.4399995803833,10.649999618530273,9.5,9.779999732971191,9.779999732971191,2603900
2021-03-05,9.869999885559082,10.279999732971191,9.359999656677246,10.270000457763672,10.270000457763672,1914400
2021-03-08,10.399999618530273,11.420000076293945,10.300000190734863,11.279999732971191,11.279999732971191,3132100
2021-03-09,11.380000114440918,11.670000076293945,11.279999732971191,11.420000076293945,11.420000076293945,1459000
2021-03-10,11.579999923706055,11.850000381469727,11.380000114440918,11.529999732971191,11.529999732971191,1296000
2021-03-11,11.720000267028809,12.029999732971191,11.640000343322754,11.949999809265137,11.949999809265137,1493600
2021-03-12,11.960000038146973,12.920000076293945,11.960000038146973,12.899999618530273,12.899999618530273,2488400
2021-03-15,12.460000038146973,12.619999885559082,12.3100004196167,12.460000038146973,12.460000038146973,2126600
2021-03-16,12.329999923706055,12.430000305175781,11.520000457763672,11.539999961853027,11.539999961853027,1712500
2021-03-17,11.420000076293945,11.960000038146973,11.34000015258789,11.930000305175781,11.930000305175781,1153600
2021-03-18,11.930000305175781,12.09000015258789,11.329999923706055,11.430000305175781,11.430000305175781,1131700
2021-03-19,11.399999618530273,11.5,11.140000343322754,11.430000305175781,11.430000305175781,3975600
2021-03-22,11.359999656677246,11.470000267028809,10.470000267028809,10.710000038146973,10.710000038146973,2094200
2021-03-23,10.460000038146973,10.600000381469727,10.0,10.130000114440918,10.130000114440918,1672400
2021-03-24,10.300000190734863,10.40999984741211,9.180000305175781,9.210000038146973,9.210000038146973,4289500
2021-03-25,8.989999771118164,9.600000381469727,8.75,9.479999542236328,9.479999542236328,3339900
2021-03-26,9.670000076293945,9.75,9.380000114440918,9.609999656677246,9.609999656677246,2079000
2021-03-29,9.550000190734863,9.859999656677246,9.220000267028809,9.239999771118164,9.239999771118164,1532700
2021-03-30,9.229999542236328,9.75,9.15999984741211,9.680000305175781,9.680000305175781,1523200
2021-03-31,9.779999732971191,9.90999984741211,9.609999656677246,9.65999984741211,9.65999984741211,1088700
2021-04-01,9.84000015258789,9.890000343322754,9.319999694824219,9.800000190734863,9.800000190734863,1615700
2021-04-05,9.949999809265137,9.970000267028809,9.699999809265137,9.859999656677246,9.859999656677246,1231300
2021-04-06,9.819999694824219,10.170000076293945,9.760000228881836,9.8100004196167,9.8100004196167,1240200
2021-04-07,9.75,9.829999923706055,9.470000267028809,9.569999694824219,9.569999694824219,1367900
2021-04-08,9.489999771118164,9.529999732971191,9.079999923706055,9.460000038146973,9.460000038146973,1691600
2021-04-09,9.5,9.65999984741211,9.399999618530273,9.550000190734863,9.550000190734863,1427900
2021-04-12,9.640000343322754,9.670000076293945,9.300000190734863,9.430000305175781,9.430000305175781,1156100
2021-04-13,9.380000114440918,9.449999809265137,8.989999771118164,9.170000076293945,9.170000076293945,1594700
2021-04-14,9.229999542236328,9.600000381469727,9.220000267028809,9.40999984741211,9.40999984741211,1387000
2021-04-15,9.489999771118164,9.489999771118164,9.100000381469727,9.40999984741211,9.40999984741211,1567000
2021-04-16,9.5,9.59000015258789,9.40999984741211,9.539999961853027,9.539999961853027,847400
2021-04-19,9.470000267028809,9.5,9.109999656677246,9.270000457763672,9.270000457763672,2278600
2021-04-20,9.229999542236328,9.270000457763672,8.779999732971191,8.930000305175781,8.930000305175781,1810900
2021-04-21,8.899999618530273,9.239999771118164,8.649999618530273,9.229999542236328,9.229999542236328,1156600
2021-04-22,9.270000457763672,9.329999923706055,9.0600004196167,9.069999694824219,9.069999694824219,1387900
2021-04-23,9.149999618530273,9.869999885559082,9.069999694824219,9.75,9.75,2343800
2021-04-26,9.899999618530273,10.069999694824219,9.8100004196167,9.850000381469727,9.850000381469727,1339200
2021-04-27,9.859999656677246,10.180000305175781,9.779999732971191,10.109999656677246,10.109999656677246,1377000
2021-04-28,10.170000076293945,10.3100004196167,10.010000228881836,10.25,10.25,1231100
2021-04-29,10.260000228881836,10.390000343322754,9.680000305175781,9.800000190734863,9.800000190734863,1885200
2021-04-30,9.670000076293945,9.819999694824219,9.100000381469727,9.279999732971191,9.279999732971191,2717200
2021-05-03,9.359999656677246,9.65999984741211,9.359999656677246,9.600000381469727,9.600000381469727,1680000
2021-05-04,9.550000190734863,9.550000190734863,9.1899995803833,9.369999885559082,9.369999885559082,1112600
2021-05-05,9.470000267028809,9.859999656677246,9.420000076293945,9.649999618530273,9.649999618530273,1196600
2021-05-06,9.6899995803833,9.84000015258789,9.470000267028809,9.760000228881836,9.760000228881836,949200
2021-05-07,9.90999984741211,10.479999542236328,9.84000015258789,10.479999542236328,10.479999542236328,1828900
2021-05-10,10.640000343322754,11.1899995803833,10.329999923706055,10.350000381469727,10.350000381469727,3130300
2021-05-11,10.039999961853027,10.4399995803833,9.90999984741211,10.390000343322754,10.390000343322754,1483400
2021-05-12,10.300000190734863,10.460000038146973,9.989999771118164,10.039999961853027,10.039999961853027,1363300
2021-05-13,10.119999885559082,10.300000190734863,9.899999618530273,10.1899995803833,10.1899995803833,1127000
2021-05-14,10.319999694824219,10.630000114440918,10.229999542236328,10.630000114440918,10.630000114440918,826600
2021-05-17,10.609999656677246,10.869999885559082,10.489999771118164,10.8100004196167,10.8100004196167,988700
2021-05-18,10.920000076293945,11.109999656677246,10.75,10.75,10.75,1425300
2021-05-19,10.479999542236328,10.75,10.329999923706055,10.75,10.75,1062300
2021-05-20,10.75,10.789999961853027,10.479999542236328,10.600000381469727,10.600000381469727,819400
2021-05-21,10.720000267028809,11.1899995803833,10.720000267028809,11.130000114440918,11.130000114440918,1037600
2021-05-24,11.239999771118164,11.239999771118164,10.920000076293945,10.920000076293945,10.920000076293945,916600
2021-05-25,11.0,11.079999923706055,10.470000267028809,10.470000267028809,10.470000267028809,1276300
2021-05-26,10.529999732971191,10.8100004196167,10.449999809265137,10.770000457763672,10.770000457763672,945700
2021-05-27,11.09000015258789,11.529999732971191,10.949999809265137,11.289999961853027,11.289999961853027,1690500
2021-05-28,11.4399995803833,11.4399995803833,11.029999732971191,11.199999809265137,11.199999809265137,762000
2021-06-01,11.390000343322754,11.979999542236328,11.260000228881836,11.920000076293945,11.920000076293945,1723500
2021-06-02,11.979999542236328,11.989999771118164,11.640000343322754,11.880000114440918,11.880000114440918,972400
2021-06-03,11.979999542236328,13.0600004196167,11.829999923706055,12.869999885559082,12.869999885559082,3663800
2021-06-04,12.880000114440918,12.890000343322754,12.180000305175781,12.329999923706055,12.329999923706055,1560100
2021-06-07,12.380000114440918,12.470000267028809,12.220000267028809,12.420000076293945,12.420000076293945,771100
2021-06-08,12.399999618530273,12.609999656677246,12.210000038146973,12.569999694824219,12.569999694824219,690100
2021-06-09,12.539999961853027,12.579999923706055,12.289999961853027,12.319999694824219,12.319999694824219,718300
2021-06-10,12.350000381469727,12.420000076293945,11.880000114440918,11.880000114440918,11.880000114440918,949000
2021-06-11,12.010000228881836,12.149999618530273,11.90999984741211,12.149999618530273,12.149999618530273,831100
2021-06-14,12.069999694824219,12.109999656677246,11.579999923706055,11.630000114440918,11.630000114440918,1363500
2021-06-15,11.59000015258789,11.760000228881836,11.5,11.75,11.75,1081100
2021-06-16,11.710000038146973,11.75,11.40999984741211,11.670000076293945,11.670000076293945,1000300
2021-06-17,11.680000305175781,11.720000267028809,10.760000228881836,10.960000038146973,10.960000038146973,1535800
2021-06-18,10.710000038146973,10.829999923706055,10.300000190734863,10.5,10.5,3324400
2021-06-21,10.65999984741211,10.869999885559082,10.579999923706055,10.770000457763672,10.770000457763672,1338800
2021-06-22,10.710000038146973,10.8100004196167,10.5,10.789999961853027,10.789999961853027,1158900
2021-06-23,10.9399995803833,11.130000114440918,10.800000190734863,11.029999732971191,11.029999732971191,906400
2021-06-24,11.1899995803833,11.329999923706055,11.069999694824219,11.09000015258789,11.09000015258789,1021000
2021-06-25,11.15999984741211,11.260000228881836,10.890000343322754,10.90999984741211,10.90999984741211,3814500
2021-06-28,10.899999618530273,10.930000305175781,10.25,10.350000381469727,10.350000381469727,2179600
2021-06-29,10.380000114440918,10.460000038146973,10.260000228881836,10.319999694824219,10.319999694824219,780500
2021-06-30,10.300000190734863,10.449999809265137,10.130000114440918,10.350000381469727,10.350000381469727,977600
2021-07-01,10.760000228881836,11.4399995803833,10.75,11.40999984741211,11.40999984741211,2315100
2021-07-02,11.4399995803833,11.5,11.149999618530273,11.199999809265137,11.199999809265137,978900
2021-07-06,11.039999961853027,11.0600004196167,10.579999923706055,10.760000228881836,10.760000228881836,1113800
2021-07-07,10.649999618530273,10.670000076293945,10.100000381469727,10.449999809265137,10.449999809265137,1756700
2021-07-08,10.069999694824219,10.470000267028809,9.899999618530273,10.079999923706055,10.079999923706055,1888500
2021-07-09,10.34000015258789,10.520000457763672,10.260000228881836,10.399999618530273,10.399999618530273,695000
2021-07-12,10.260000228881836,10.539999961853027,10.140000343322754,10.399999618530273,10.399999618530273,1038800
2021-07-13,10.260000228881836,10.350000381469727,9.720000267028809,9.739999771118164,9.739999771118164,1825700
2021-07-14,9.789999961853027,9.960000038146973,9.449999809265137,9.460000038146973,9.460000038146973,1206200
2021-07-15,9.34000015258789,9.59000015258789,9.270000457763672,9.40999984741211,9.40999984741211,1006100
2021-07-16,9.390000343322754,9.489999771118164,9.069999694824219,9.170000076293945,9.170000076293945,1162200
2021-07-19,8.8100004196167,9.199999809265137,8.800000190734863,9.079999923706055,9.079999923706055,1253400
2021-07-20,9.199999809265137,9.569999694824219,9.079999923706055,9.40999984741211,9.40999984741211,1143900
2021-07-21,9.600000381469727,9.859999656677246,9.59000015258789,9.699999809265137,9.699999809265137,947600
2021-07-22,9.569999694824219,9.579999923706055,9.109999656677246,9.220000267028809,9.220000267028809,1044800
2021-07-23,9.399999618530273,9.399999618530273,9.0600004196167,9.369999885559082,9.369999885559082,876200
2021-07-26,9.4399995803833,9.579999923706055,9.319999694824219,9.4399995803833,9.4399995803833,527700
2021-07-27,9.210000038146973,9.300000190734863,8.989999771118164,9.239999771118164,9.239999771118164,1376400
2021-07-28,9.420000076293945,9.5600004196167,9.119999885559082,9.3100004196167,9.3100004196167,936500
2021-07-29,9.539999961853027,9.890000343322754,9.510000228881836,9.779999732971191,9.779999732971191,1646900
2021-07-30,9.699999809265137,10.59000015258789,9.520000457763672,9.6899995803833,9.6899995803833,2701100
2021-08-02,9.890000343322754,10.25,9.6899995803833,9.720000267028809,9.720000267028809,1493500
2021-08-03,9.850000381469727,10.0,9.5600004196167,9.890000343322754,9.890000343322754,1648500
2021-08-04,9.760000228881836,9.84000015258789,9.170000076293945,9.210000038146973,9.210000038146973,1704800
2021-08-05,9.1899995803833,9.470000267028809,9.1899995803833,9.380000114440918,9.380000114440918,924500
2021-08-06,9.520000457763672,9.579999923706055,9.239999771118164,9.289999961853027,9.289999961853027,966900
2021-08-09,9.15999984741211,9.270000457763672,9.0,9.130000114440918,9.130000114440918,863900
2021-08-10,9.180000305175781,9.460000038146973,9.0600004196167,9.399999618530273,9.399999618530273,851800
2021-08-11,9.3100004196167,9.5,9.119999885559082,9.489999771118164,9.489999771118164,829000
2021-08-12,9.550000190734863,9.5600004196167,9.260000228881836,9.390000343322754,9.390000343322754,772800
2021-08-13,9.34000015258789,9.449999809265137,9.1899995803833,9.359999656677246,9.359999656677246,784800
2021-08-16,9.229999542236328,9.470000267028809,9.039999961853027,9.420000076293945,9.420000076293945,1196500
2021-08-17,9.210000038146973,9.260000228881836,9.010000228881836,9.100000381469727,9.100000381469727,1744900
2021-08-18,9.029999732971191,9.149999618530273,8.8100004196167,8.819999694824219,8.819999694824219,1510400
2021-08-19,8.5600004196167,8.619999885559082,8.329999923706055,8.479999542236328,8.479999542236328,1471400
2021-08-20,8.399999618530273,8.5,8.279999732971191,8.420000076293945,8.420000076293945,1027000
2021-08-23,8.470000267028809,8.550000190734863,8.3100004196167,8.5,8.5,882000
2021-08-24,8.600000381469727,8.850000381469727,8.579999923706055,8.75,8.75,988800
2021-08-25,8.779999732971191,8.880000114440918,8.670000076293945,8.819999694824219,8.819999694824219,590400
2021-08-26,8.800000190734863,8.850000381469727,8.569999694824219,8.649999618530273,8.649999618530273,545500
2021-08-27,8.630000114440918,9.170000076293945,8.609999656677246,9.170000076293945,9.170000076293945,1096000
2021-08-30,9.199999809265137,9.199999809265137,8.819999694824219,8.84000015258789,8.84000015258789,743000
2021-08-31,8.84000015258789,8.949999809265137,8.720000267028809,8.869999885559082,8.869999885559082,845200
2021-09-01,8.8100004196167,8.989999771118164,8.6899995803833,8.960000038146973,8.960000038146973,1031200
2021-09-02,8.970000267028809,9.020000457763672,8.670000076293945,8.6899995803833,8.6899995803833,1353400
2021-09-03,8.699999809265137,8.739999771118164,8.59000015258789,8.640000343322754,8.640000343322754,677100
2021-09-07,8.569999694824219,8.779999732971191,8.489999771118164,8.569999694824219,8.569999694824219,647900
2021-09-08,8.470000267028809,8.539999961853027,8.25,8.3100004196167,8.3100004196167,825800
2021-09-09,8.260000228881836,8.359999656677246,8.149999618530273,8.260000228881836,8.260000228881836,905600
2021-09-10,8.329999923706055,8.4399995803833,8.09000015258789,8.109999656677246,8.109999656677246,809900
2021-09-13,8.279999732971191,8.449999809265137,8.149999618530273,8.420000076293945,8.420000076293945,1111500
2021-09-14,8.520000457763672,8.520000457763672,8.15999984741211,8.239999771118164,8.239999771118164,785300
2021-09-15,8.239999771118164,8.520000457763672,8.210000038146973,8.449999809265137,8.449999809265137,946300
2021-09-16,8.3100004196167,8.489999771118164,8.069999694824219,8.359999656677246,8.359999656677246,2040600
2021-09-17,8.369999885559082,8.649999618530273,8.34000015258789,8.640000343322754,8.640000343322754,3851200
2021-09-20,8.210000038146973,8.289999961853027,7.929999828338623,8.149999618530273,8.149999618530273,2075500
2021-09-21,8.1899995803833,8.289999961853027,7.900000095367432,7.960000038146973,7.960000038146973,1460400
2021-09-22,8.140000343322754,8.59000015258789,8.0,8.420000076293945,8.420000076293945,1775200
2021-09-23,8.579999923706055,8.850000381469727,8.5,8.729999542236328,8.729999542236328,1226200
2021-09-24,8.619999885559082,8.779999732971191,8.569999694824219,8.6899995803833,8.6899995803833,655200
2021-09-27,8.680000305175781,9.220000267028809,8.670000076293945,9.079999923706055,9.079999923706055,1451300
2021-09-28,9.1899995803833,9.319999694824219,8.989999771118164,9.140000343322754,9.140000343322754,1088100
2021-09-29,9.140000343322754,9.1899995803833,8.970000267028809,9.119999885559082,9.119999885559082,751000
2021-09-30,9.039999961853027,9.149999618530273,8.8100004196167,8.8100004196167,8.8100004196167,822200
2021-10-01,8.899999618530273,9.0,8.6899995803833,8.920000076293945,8.920000076293945,999800
2021-10-04,9.039999961853027,9.289999961853027,9.0,9.09000015258789,9.09000015258789,1411600
2021-10-05,9.069999694824219,9.4399995803833,8.970000267028809,9.420000076293945,9.420000076293945,1273100
2021-10-06,9.239999771118164,9.420000076293945,8.9399995803833,9.149999618530273,9.149999618530273,1660100
2021-10-07,9.289999961853027,9.59000015258789,9.229999542236328,9.510000228881836,9.510000228881836,1119500
2021-10-08,9.569999694824219,9.960000038146973,9.539999961853027,9.890000343322754,9.890000343322754,1193000
2021-10-11,9.90999984741211,10.25,9.84000015258789,10.109999656677246,10.109999656677246,1365200
2021-10-12,10.1899995803833,10.569999694824219,10.1899995803833,10.449999809265137,10.449999809265137,1540600
2021-10-13,10.359999656677246,10.569999694824219,10.199999809265137,10.460000038146973,10.460000038146973,1522100
2021-10-14,10.520000457763672,10.729999542236328,10.470000267028809,10.649999618530273,10.649999618530273,1128000
2021-10-15,10.859999656677246,10.90999984741211,10.609999656677246,10.609999656677246,10.609999656677246,1128200
2021-10-18,10.510000228881836,10.649999618530273,10.369999885559082,10.430000305175781,10.430000305175781,1036300
2021-10-19,10.4399995803833,10.520000457763672,10.229999542236328,10.279999732971191,10.279999732971191,711100
2021-10-20,10.079999923706055,10.569999694824219,10.010000228881836,10.369999885559082,10.369999885559082,722300
2021-10-21,10.4399995803833,10.65999984741211,10.380000114440918,10.4399995803833,10.4399995803833,565800
2021-10-22,10.479999542236328,10.569999694824219,10.229999542236328,10.260000228881836,10.260000228881836,713500
2021-10-25,10.319999694824219,10.399999618530273,10.09000015258789,10.229999542236328,10.229999542236328,813500
2021-10-26,10.229999542236328,10.229999542236328,9.25,9.279999732971191,9.279999732971191,1624300
2021-10-27,9.109999656677246,9.359999656677246,8.9399995803833,9.09000015258789,9.09000015258789,1558900
2021-10-28,9.220000267028809,9.359999656677246,9.050000190734863,9.270000457763672,9.270000457763672,978400
2021-10-29,9.239999771118164,9.329999923706055,8.979999542236328,9.079999923706055,9.079999923706055,1412900
2021-11-01,9.229999542236328,9.5600004196167,9.119999885559082,9.359999656677246,9.359999656677246,1481400
2021-11-02,9.359999656677246,9.399999618530273,9.100000381469727,9.359999656677246,9.359999656677246,843800
2021-11-03,9.270000457763672,9.930000305175781,9.260000228881836,9.850000381469727,9.850000381469727,1201700
2021-11-04,9.800000190734863,10.069999694824219,9.399999618530273,9.5600004196167,9.5600004196167,1719000
2021-11-05,9.75,9.989999771118164,9.130000114440918,9.819999694824219,9.819999694824219,1391000
2021-11-08,9.859999656677246,9.880000114440918,9.630000114440918,9.75,9.75,1149900
2021-11-09,9.75,9.9399995803833,9.600000381469727,9.670000076293945,9.670000076293945,1080200
2021-11-10,9.649999618530273,9.779999732971191,9.470000267028809,9.489999771118164,9.489999771118164,1156800
2021-11-11,9.569999694824219,9.739999771118164,9.479999542236328,9.65999984741211,9.65999984741211,1048000
2021-11-12,9.670000076293945,9.819999694824219,9.619999885559082,9.729999542236328,9.729999542236328,741900
2021-11-15,9.770000457763672,9.899999618530273,9.720000267028809,9.84000015258789,9.84000015258789,762400
2021-11-16,9.90999984741211,10.119999885559082,9.84000015258789,9.920000076293945,9.920000076293945,948400
2021-11-17,10.039999961853027,10.039999961853027,9.609999656677246,9.770000457763672,9.770000457763672,997500
2021-11-18,9.770000457763672,9.890000343322754,9.460000038146973,9.619999885559082,9.619999885559082,941400
2021-11-19,9.460000038146973,9.680000305175781,9.399999618530273,9.430000305175781,9.430000305175781,625600
2021-11-22,9.449999809265137,9.899999618530273,9.4399995803833,9.770000457763672,9.770000457763672,895300
2021-11-23,9.829999923706055,9.899999618530273,9.680000305175781,9.729999542236328,9.729999542236328,965600
2021-11-24,9.609999656677246,9.859999656677246,9.59000015258789,9.729999542236328,9.729999542236328,560200
2021-11-26,9.15999984741211,9.380000114440918,8.850000381469727,9.359999656677246,9.359999656677246,1881900
2021-11-29,9.470000267028809,9.539999961853027,9.109999656677246,9.199999809265137,9.199999809265137,1248100
2021-11-30,9.050000190734863,9.199999809265137,8.640000343322754,8.859999656677246,8.859999656677246,2038900
2021-12-01,9.1899995803833,9.239999771118164,8.710000038146973,8.710000038146973,8.710000038146973,1449300
2021-12-02,8.829999923706055,9.109999656677246,8.729999542236328,9.020000457763672,9.020000457763672,1258600
2021-12-03,9.100000381469727,9.130000114440918,8.869999885559082,9.010000228881836,9.010000228881836,742900
2021-12-06,9.15999984741211,9.539999961853027,9.0600004196167,9.420000076293945,9.420000076293945,1150500
2021-12-07,9.489999771118164,9.789999961853027,9.489999771118164,9.680000305175781,9.680000305175781,889400
2021-12-08,9.779999732971191,9.970000267028809,9.710000038146973,9.850000381469727,9.850000381469727,1048200
2021-12-09,9.710000038146973,9.880000114440918,9.710000038146973,9.75,9.75,768500
2021-12-10,9.869999885559082,10.010000228881836,9.649999618530273,9.760000228881836,9.760000228881836,890200
2021-12-13,9.640000343322754,9.789999961853027,9.4399995803833,9.510000228881836,9.510000228881836,844600
2021-12-14,9.390000343322754,9.680000305175781,9.369999885559082,9.399999618530273,9.399999618530273,1119700
2021-12-15,9.369999885559082,9.479999542236328,9.029999732971191,9.449999809265137,9.449999809265137,1629600
2021-12-16,9.520000457763672,9.739999771118164,9.079999923706055,9.109999656677246,9.109999656677246,1142900
2021-12-17,9.029999732971191,9.109999656677246,8.75,8.9399995803833,8.9399995803833,2946000
2021-12-20,8.720000267028809,8.770000457763672,8.180000305175781,8.420000076293945,8.420000076293945,2336200
2021-12-21,8.579999923706055,8.869999885559082,8.569999694824219,8.720000267028809,8.720000267028809,1538100
2021-12-22,8.699999809265137,9.039999961853027,8.619999885559082,9.010000228881836,9.010000228881836,984200
2021-12-23,9.09000015258789,9.369999885559082,9.020000457763672,9.34000015258789,9.34000015258789,761500
2021-12-27,9.300000190734863,9.489999771118164,9.1899995803833,9.460000038146973,9.460000038146973,518700
2021-12-28,9.40999984741211,9.550000190734863,9.359999656677246,9.420000076293945,9.420000076293945,451300
2021-12-29,9.4399995803833,9.470000267028809,9.260000228881836,9.270000457763672,9.270000457763672,556200
2021-12-30,9.279999732971191,9.449999809265137,9.210000038146973,9.220000267028809,9.220000267028809,737500
2021-12-31,9.220000267028809,9.380000114440918,9.1899995803833,9.329999923706055,9.329999923706055,488400
2022-01-03,9.489999771118164,9.850000381469727,9.470000267028809,9.569999694824219,9.569999694824219,1133200
2022-01-04,9.710000038146973,10.300000190734863,9.670000076293945,10.15999984741211,10.15999984741211,2009700
2022-01-05,10.25,10.489999771118164,9.989999771118164,10.020000457763672,10.020000457763672,1804300
2022-01-06,10.050000190734863,10.449999809265137,9.869999885559082,10.359999656677246,10.359999656677246,1152300
2022-01-07,10.4399995803833,10.539999961853027,9.9399995803833,9.9399995803833,9.9399995803833,1075400
2022-01-10,9.899999618530273,9.989999771118164,9.680000305175781,9.819999694824219,9.819999694824219,633400
2022-01-11,9.760000228881836,9.789999961853027,9.539999961853027,9.710000038146973,9.710000038146973,628500
2022-01-12,9.770000457763672,10.0600004196167,9.550000190734863,9.640000343322754,9.640000343322754,995700
2022-01-13,9.680000305175781,10.229999542236328,9.579999923706055,10.09000015258789,10.09000015258789,1251000
2022-01-14,9.930000305175781,9.960000038146973,9.670000076293945,9.9399995803833,9.9399995803833,959100
2022-01-18,9.789999961853027,9.859999656677246,9.539999961853027,9.630000114440918,9.630000114440918,915100
2022-01-19,9.739999771118164,9.739999771118164,9.069999694824219,9.109999656677246,9.109999656677246,1195600
2022-01-20,9.079999923706055,9.149999618530273,8.470000267028809,8.529999732971191,8.529999732971191,2562900
2022-01-21,8.430000305175781,8.550000190734863,8.039999961853027,8.039999961853027,8.039999961853027,2345800
2022-01-24,7.809999942779541,8.1899995803833,7.610000133514404,8.1899995803833,8.1899995803833,1779800
2022-01-25,7.96999979019165,8.09000015258789,7.670000076293945,7.949999809265137,7.949999809265137,2889000
2022-01-26,8.199999809265137,8.449999809265137,7.940000057220459,8.0600004196167,8.0600004196167,2356200
2022-01-27,8.170000076293945,8.350000381469727,7.730000019073486,7.860000133514404,7.860000133514404,1543600
2022-01-28,7.829999923706055,7.900000095367432,7.5,7.849999904632568,7.849999904632568,1938500
2022-01-31,7.710000038146973,8.1899995803833,7.650000095367432,8.140000343322754,8.140000343322754,2081600
2022-02-01,8.1899995803833,8.65999984741211,8.020000457763672,8.640000343322754,8.640000343322754,2080400
2022-02-02,8.680000305175781,8.760000228881836,8.399999618530273,8.489999771118164,8.489999771118164,2028000
2022-02-03,8.350000381469727,8.609999656677246,8.289999961853027,8.329999923706055,8.329999923706055,1434000
2022-02-04,8.15999984741211,8.239999771118164,7.929999828338623,8.109999656677246,8.109999656677246,1397000
2022-02-07,8.180000305175781,8.270000457763672,8.0600004196167,8.09000015258789,8.09000015258789,1048800
2022-02-08,8.149999618530273,8.34000015258789,8.0600004196167,8.329999923706055,8.329999923706055,859900
2022-02-09,8.449999809265137,8.649999618530273,8.430000305175781,8.4399995803833,8.4399995803833,816100
2022-02-10,8.300000190734863,8.670000076293945,8.289999961853027,8.359999656677246,8.359999656677246,2292800
2022-02-11,7.920000076293945,8.289999961853027,7.739999771118164,7.929999828338623,7.929999828338623,3953200
2022-02-14,7.760000228881836,7.769999980926514,7.409999847412109,7.449999809265137,7.449999809265137,2836800
2022-02-15,7.619999885559082,8.369999885559082,7.590000152587891,8.359999656677246,8.359999656677246,2114000
2022-02-16,8.229999542236328,8.520000457763672,8.229999542236328,8.470000267028809,8.470000267028809,1345700
2022-02-17,8.319999694824219,8.4399995803833,8.220000267028809,8.359999656677246,8.359999656677246,988000
2022-02-18,8.300000190734863,8.569999694824219,8.260000228881836,8.270000457763672,8.270000457763672,2167900
2022-02-22,8.09000015258789,8.289999961853027,7.900000095367432,7.909999847412109,7.909999847412109,3414500
2022-02-23,8.140000343322754,8.8100004196167,8.050000190734863,8.460000038146973,8.460000038146973,3881500
2022-02-24,8.010000228881836,8.449999809265137,7.96999979019165,8.449999809265137,8.449999809265137,2251100
2022-02-25,8.479999542236328,8.630000114440918,8.380000114440918,8.630000114440918,8.630000114440918,1293400
2022-02-28,8.899999618530273,9.369999885559082,8.880000114440918,9.260000228881836,9.260000228881836,3899100
2022-03-01,9.149999618530273,9.289999961853027,8.4399995803833,8.479999542236328,8.479999542236328,2232000
2022-03-02,8.539999961853027,8.869999885559082,8.5,8.779999732971191,8.779999732971191,1594900
2022-03-03,8.729999542236328,8.8100004196167,8.430000305175781,8.529999732971191,8.529999732971191,1320700
2022-03-04,8.3100004196167,8.470000267028809,7.860000133514404,7.960000038146973,7.960000038146973,2134000
2022-03-07,7.909999847412109,7.949999809265137,7.239999771118164,7.28000020980835,7.28000020980835,2217600
2022-03-08,7.360000133514404,7.800000190734863,7.019999980926514,7.510000228881836,7.510000228881836,2553400
2022-03-09,7.840000152587891,8.289999961853027,7.800000190734863,8.180000305175781,8.180000305175781,2099400
2022-03-10,7.980000019073486,8.399999618530273,7.929999828338623,8.399999618530273,8.399999618530273,1659600
2022-03-11,8.479999542236328,8.65999984741211,8.359999656677246,8.399999618530273,8.399999618530273,2273500
2022-03-14,8.479999542236328,8.479999542236328,7.989999771118164,8.0600004196167,8.0600004196167,1503200
2022-03-15,8.119999885559082,8.329999923706055,7.940000057220459,8.050000190734863,8.050000190734863,2060700
2022-03-16,8.25,8.699999809265137,8.1899995803833,8.670000076293945,8.670000076293945,1798400
2022-03-17,8.5,8.630000114440918,8.40999984741211,8.5600004196167,8.5600004196167,974600
2022-03-18,8.430000305175781,8.600000381469727,8.270000457763672,8.5,8.5,2790900
2022-03-21,8.539999961853027,8.539999961853027,8.180000305175781,8.270000457763672,8.270000457763672,943100
2022-03-22,8.319999694824219,8.460000038146973,8.300000190734863,8.399999618530273,8.399999618530273,1039500
2022-03-23,8.220000267028809,8.350000381469727,8.039999961853027,8.050000190734863,8.050000190734863,1356500
2022-03-24,8.069999694824219,8.140000343322754,8.0,8.079999923706055,8.079999923706055,1156100
2022-03-25,8.050000190734863,8.0600004196167,7.860000133514404,7.96999979019165,7.96999979019165,1254200
2022-03-28,7.96999979019165,8.029999732971191,7.699999809265137,7.809999942779541,7.809999942779541,1411300
2022-03-29,7.989999771118164,8.359999656677246,7.960000038146973,8.1899995803833,8.1899995803833,1901200
2022-03-30,8.109999656677246,8.270000457763672,8.010000228881836,8.010000228881836,8.010000228881836,1181400
2022-03-31,7.940000057220459,8.079999923706055,7.760000228881836,7.760000228881836,7.760000228881836,1855400
2022-04-01,7.860000133514404,7.920000076293945,7.579999923706055,7.699999809265137,7.699999809265137,1477200
2022-04-04,7.730000019073486,7.78000020980835,7.579999923706055,7.619999885559082,7.619999885559082,1105800
2022-04-05,7.510000228881836,7.559999942779541,7.130000114440918,7.170000076293945,7.170000076293945,2784500
2022-04-06,7.03000020980835,7.119999885559082,6.820000171661377,6.849999904632568,6.849999904632568,2451800
2022-04-07,6.710000038146973,6.78000020980835,6.409999847412109,6.659999847412109,6.659999847412109,2975800
2022-04-08,6.630000114440918,6.829999923706055,6.519999980926514,6.760000228881836,6.760000228881836,2713800
2022-04-11,6.800000190734863,7.130000114440918,6.630000114440918,6.840000152587891,6.840000152587891,2319400
2022-04-12,6.909999847412109,7.199999809265137,6.909999847412109,6.949999809265137,6.949999809265137,1799200
2022-04-13,6.949999809265137,7.039999961853027,6.889999866485596,6.929999828338623,6.929999828338623,1223200
2022-04-14,6.929999828338623,7.019999980926514,6.820000171661377,6.860000133514404,6.860000133514404,1424200
2022-04-18,6.849999904632568,6.960000038146973,6.75,6.869999885559082,6.869999885559082,1508600
2022-04-19,6.889999866485596,7.320000171661377,6.889999866485596,7.269999980926514,7.269999980926514,1835300
2022-04-20,7.369999885559082,7.5,7.230000019073486,7.239999771118164,7.239999771118164,1385000
2022-04-21,7.409999847412109,7.480000019073486,6.96999979019165,6.96999979019165,6.96999979019165,1539200
2022-04-22,6.75,6.960000038146973,6.71999979019165,6.769999980926514,6.769999980926514,1501200
2022-04-25,6.690000057220459,6.929999828338623,6.599999904632568,6.889999866485596,6.889999866485596,1599500
2022-04-26,6.75,6.829999923706055,6.570000171661377,6.599999904632568,6.599999904632568,2078800
2022-04-27,6.639999866485596,6.739999771118164,6.46999979019165,6.539999961853027,6.539999961853027,1673200
2022-04-28,6.670000076293945,6.849999904632568,6.449999809265137,6.760000228881836,6.760000228881836,1421000
2022-04-29,6.679999828338623,6.929999828338623,6.590000152587891,6.619999885559082,6.619999885559082,1336100
2022-05-02,6.610000133514404,6.769999980926514,6.480000019073486,6.769999980926514,6.769999980926514,1311800
2022-05-03,6.75,6.96999979019165,6.650000095367432,6.920000076293945,6.920000076293945,1242700
2022-05-04,6.860000133514404,7.170000076293945,6.739999771118164,7.170000076293945,7.170000076293945,1326200
2022-05-05,6.989999771118164,7.179999828338623,6.929999828338623,7.070000171661377,7.070000171661377,1798300
2022-05-06,7.119999885559082,7.210000038146973,6.730000019073486,6.949999809265137,6.949999809265137,2121300
2022-05-09,6.710000038146973,6.949999809265137,6.550000190734863,6.679999828338623,6.679999828338623,1788600
2022-05-10,6.769999980926514,6.860000133514404,6.360000133514404,6.690000057220459,6.690000057220459,2415200
2022-05-11,6.739999771118164,7.170000076293945,6.659999847412109,6.710000038146973,6.710000038146973,2551700
2022-05-12,6.619999885559082,6.730000019073486,6.420000076293945,6.599999904632568,6.599999904632568,1831400
2022-05-13,6.789999961853027,7.179999828338623,6.78000020980835,7.130000114440918,7.130000114440918,1872100
2022-05-16,7.070000171661377,7.119999885559082,6.880000114440918,6.920000076293945,6.920000076293945,1240800
2022-05-17,7.150000095367432,7.420000076293945,7.079999923706055,7.420000076293945,7.420000076293945,2054500
2022-05-18,7.320000171661377,7.429999828338623,7.010000228881836,7.03000020980835,7.03000020980835,1803300
2022-05-19,6.960000038146973,7.179999828338623,6.880000114440918,7.019999980926514,7.019999980926514,2159800
2022-05-20,7.199999809265137,7.239999771118164,6.480000019073486,6.75,6.75,2859300
2022-05-23,6.809999942779541,7.619999885559082,6.809999942779541,7.210000038146973,7.210000038146973,4322200
2022-05-24,7.070000171661377,7.190000057220459,6.699999809265137,6.800000190734863,6.800000190734863,1922400
2022-05-25,6.769999980926514,7.159999847412109,6.760000228881836,7.110000133514404,7.110000133514404,1398600
2022-05-26,7.239999771118164,7.53000020980835,7.210000038146973,7.519999980926514,7.519999980926514,2043200
2022-05-27,7.610000133514404,8.029999732971191,7.610000133514404,7.940000057220459,7.940000057220459,1990900
2022-05-31,7.980000019073486,8.210000038146973,7.809999942779541,8.109999656677246,8.109999656677246,4554500
2022-06-01,8.239999771118164,8.779999732971191,8.149999618530273,8.75,8.75,3190900
2022-06-02,8.84000015258789,8.970000267028809,8.729999542236328,8.899999618530273,8.899999618530273,1943500
2022-06-03,8.739999771118164,8.760000228881836,8.550000190734863,8.739999771118164,8.739999771118164,1450400
2022-06-06,8.899999618530273,9.220000267028809,8.850000381469727,9.140000343322754,9.140000343322754,2880300
2022-06-07,9.010000228881836,9.239999771118164,8.920000076293945,9.180000305175781,9.180000305175781,1379000
2022-06-08,9.15999984741211,9.279999732971191,9.069999694824219,9.229999542236328,9.229999542236328,1027600
2022-06-09,9.140000343322754,9.40999984741211,9.0600004196167,9.3100004196167,9.3100004196167,1203700
2022-06-10,9.079999923706055,9.260000228881836,8.819999694824219,8.880000114440918,8.880000114440918,1407000
2022-06-13,8.609999656677246,8.649999618530273,8.15999984741211,8.210000038146973,8.210000038146973,1334800
2022-06-14,8.210000038146973,8.430000305175781,8.119999885559082,8.239999771118164,8.239999771118164,1381100
2022-06-15,8.430000305175781,8.84000015258789,8.260000228881836,8.729999542236328,8.729999542236328,2403900
2022-06-16,8.359999656677246,8.4399995803833,7.519999980926514,7.599999904632568,7.599999904632568,2827500
2022-06-17,7.650000095367432,7.78000020980835,7.28000020980835,7.659999847412109,7.659999847412109,3784200
2022-06-21,8.020000457763672,8.140000343322754,7.789999961853027,8.09000015258789,8.09000015258789,1356200
2022-06-22,7.920000076293945,8.390000343322754,7.920000076293945,8.300000190734863,8.300000190734863,1281600
2022-06-23,8.289999961853027,8.4399995803833,8.180000305175781,8.34000015258789,8.34000015258789,1068800
2022-06-24,8.34000015258789,8.970000267028809,8.329999923706055,8.930000305175781,8.930000305175781,3663600
2022-06-27,9.0,9.029999732971191,8.649999618530273,8.819999694824219,8.819999694824219,1461700
2022-06-28,8.890000343322754,9.069999694824219,8.380000114440918,8.399999618530273,8.399999618530273,1992400
2022-06-29,8.34000015258789,8.399999618530273,7.690000057220459,7.929999828338623,7.929999828338623,1983900
2022-06-30,7.659999847412109,7.670000076293945,7.389999866485596,7.53000020980835,7.53000020980835,1616100
2022-07-01,7.449999809265137,7.739999771118164,7.340000152587891,7.449999809265137,7.449999809265137,1596100
2022-07-05,7.170000076293945,7.389999866485596,7.03000020980835,7.380000114440918,7.380000114440918,1626700
2022-07-06,7.289999961853027,7.389999866485596,6.800000190734863,6.829999923706055,6.829999923706055,1801200
2022-07-07,6.989999771118164,7.46999979019165,6.920000076293945,7.400000095367432,7.400000095367432,1918500
2022-07-08,7.489999771118164,7.590000152587891,7.289999961853027,7.389999866485596,7.389999866485596,1018000
2022-07-11,7.360000133514404,7.449999809265137,7.179999828338623,7.210000038146973,7.210000038146973,904800
2022-07-12,7.25,7.900000095367432,7.25,7.760000228881836,7.760000228881836,1654100
2022-07-13,7.519999980926514,7.78000020980835,7.429999828338623,7.739999771118164,7.739999771118164,853700
2022-07-14,7.46999979019165,7.519999980926514,7.21999979019165,7.489999771118164,7.489999771118164,1339100
2022-07-15,7.699999809265137,7.940000057220459,7.440000057220459,7.920000076293945,7.920000076293945,1413300
2022-07-18,8.0,8.25,7.880000114440918,7.929999828338623,7.929999828338623,1425900
2022-07-19,8.180000305175781,8.479999542236328,8.079999923706055,8.40999984741211,8.40999984741211,1777700
2022-07-20,8.329999923706055,8.489999771118164,8.140000343322754,8.40999984741211,8.40999984741211,1444900
2022-07-21,8.3100004196167,8.430000305175781,8.180000305175781,8.420000076293945,8.420000076293945,876300
2022-07-22,8.449999809265137,8.569999694824219,8.279999732971191,8.430000305175781,8.430000305175781,1054700
2022-07-25,8.520000457763672,8.520000457763672,8.279999732971191,8.329999923706055,8.329999923706055,1148600
2022-07-26,8.210000038146973,8.380000114440918,8.109999656677246,8.319999694824219,8.319999694824219,901000
2022-07-27,8.479999542236328,8.760000228881836,8.329999923706055,8.739999771118164,8.739999771118164,1177400
2022-07-28,8.8100004196167,8.970000267028809,8.600000381469727,8.920000076293945,8.920000076293945,898600
2022-07-29,8.899999618530273,9.0,8.75,8.90999984741211,8.90999984741211,933700
2022-08-01,8.890000343322754,9.0,8.710000038146973,8.90999984741211,8.90999984741211,1008000
2022-08-02,8.829999923706055,9.020000457763672,8.75,8.819999694824219,8.819999694824219,877300
2022-08-03,8.930000305175781,8.960000038146973,8.649999618530273,8.65999984741211,8.65999984741211,1322500
2022-08-04,8.609999656677246,8.720000267028809,8.4399995803833,8.5,8.5,1542600
2022-08-05,8.710000038146973,9.239999771118164,8.4399995803833,9.229999542236328,9.229999542236328,3140600
2022-08-08,9.390000343322754,9.770000457763672,9.369999885559082,9.729999542236328,9.729999542236328,1819900
2022-08-09,9.739999771118164,9.890000343322754,9.569999694824219,9.729999542236328,9.729999542236328,1725200
2022-08-10,9.989999771118164,10.59000015258789,9.90999984741211,10.369999885559082,10.369999885559082,2344100
2022-08-11,10.5600004196167,10.829999923706055,10.510000228881836,10.720000267028809,10.720000267028809,1423100
2022-08-12,10.84000015258789,11.109999656677246,10.640000343322754,11.100000381469727,11.100000381469727,1107400
2022-08-15,10.829999923706055,11.460000038146973,10.789999961853027,11.430000305175781,11.430000305175781,1771900
2022-08-16,11.5,11.960000038146973,11.430000305175781,11.710000038146973,11.710000038146973,1837800
2022-08-17,11.460000038146973,11.479999542236328,11.050000190734863,11.399999618530273,11.399999618530273,1221000
2022-08-18,11.0600004196167,11.279999732971191,11.039999961853027,11.260000228881836,11.260000228881836,1513400
2022-08-19,11.100000381469727,11.119999885559082,10.930000305175781,10.979999542236328,10.979999542236328,851600
2022-08-22,10.640000343322754,10.710000038146973,10.039999961853027,10.130000114440918,10.130000114440918,1434900
2022-08-23,10.229999542236328,10.529999732971191,10.199999809265137,10.260000228881836,10.260000228881836,1092100
2022-08-24,10.260000228881836,10.579999923706055,10.1899995803833,10.390000343322754,10.390000343322754,649700
2022-08-25,10.420000076293945,10.949999809265137,10.420000076293945,10.920000076293945,10.920000076293945,1003200
2022-08-26,10.90999984741211,11.020000457763672,10.59000015258789,10.65999984741211,10.65999984741211,732000
2022-08-29,10.479999542236328,10.699999809265137,10.34000015258789,10.59000015258789,10.59000015258789,844600
2022-08-30,10.75,10.75,10.25,10.430000305175781,10.430000305175781,1127000
2022-08-31,10.470000267028809,10.489999771118164,10.25,10.350000381469727,10.350000381469727,963100
2022-09-01,10.1899995803833,10.239999771118164,9.970000267028809,10.239999771118164,10.239999771118164,973800
2022-09-02,10.4399995803833,10.4399995803833,10.029999732971191,10.09000015258789,10.09000015258789,540400
2022-09-06,10.079999923706055,10.149999618530273,9.5600004196167,9.680000305175781,9.680000305175781,1148600
2022-09-07,9.630000114440918,10.069999694824219,9.550000190734863,10.0600004196167,10.0600004196167,975000
2022-09-08,9.859999656677246,9.920000076293945,9.65999984741211,9.869999885559082,9.869999885559082,663300
2022-09-09,9.609999656677246,9.75,9.319999694824219,9.710000038146973,9.710000038146973,1821100
2022-09-12,9.920000076293945,10.130000114440918,9.819999694824219,10.09000015258789,10.09000015258789,900800
2022-09-13,9.699999809265137,9.890000343322754,9.15999984741211,9.1899995803833,9.1899995803833,2601100
2022-09-14,9.1899995803833,9.1899995803833,8.680000305175781,8.930000305175781,8.930000305175781,2005000
2022-09-15,8.84000015258789,9.25,8.739999771118164,8.960000038146973,8.960000038146973,1700000
2022-09-16,8.770000457763672,8.819999694824219,8.380000114440918,8.699999809265137,8.699999809265137,3017200
2022-09-19,8.539999961853027,9.010000228881836,8.479999542236328,8.90999984741211,8.90999984741211,1715300
2022-09-20,8.770000457763672,8.84000015258789,8.220000267028809,8.239999771118164,8.239999771118164,1791200
2022-09-21,8.220000267028809,8.239999771118164,7.730000019073486,7.760000228881836,7.760000228881836,2553500
2022-09-22,7.789999961853027,7.809999942779541,7.389999866485596,7.460000038146973,7.460000038146973,2285800
2022-09-23,7.199999809265137,7.329999923706055,6.949999809265137,7.179999828338623,7.179999828338623,2360100
2022-09-26,7.159999847412109,7.429999828338623,7.119999885559082,7.190000057220459,7.190000057220459,1574900
2022-09-27,7.349999904632568,7.409999847412109,7.099999904632568,7.230000019073486,7.230000019073486,1271800
2022-09-28,7.28000020980835,7.570000171661377,7.230000019073486,7.429999828338623,7.429999828338623,1683800
2022-09-29,7.159999847412109,7.28000020980835,6.71999979019165,6.960000038146973,6.960000038146973,2470100
2022-09-30,6.960000038146973,7.070000171661377,6.809999942779541,6.829999923706055,6.829999923706055,1470400
2022-10-03,7.019999980926514,7.179999828338623,6.800000190734863,7.079999923706055,7.079999923706055,1189200
2022-10-04,7.389999866485596,7.960000038146973,7.389999866485596,7.949999809265137,7.949999809265137,3371400
2022-10-05,7.730000019073486,8.010000228881836,7.550000190734863,7.949999809265137,7.949999809265137,2233400
2022-10-06,7.909999847412109,8.109999656677246,7.869999885559082,8.020000457763672,8.020000457763672,1204900
2022-10-07,7.900000095367432,7.96999979019165,7.590000152587891,7.650000095367432,7.650000095367432,1151700
2022-10-10,7.539999961853027,7.579999923706055,7.230000019073486,7.420000076293945,7.420000076293945,1225500
2022-10-11,7.349999904632568,7.820000171661377,7.309999942779541,7.630000114440918,7.630000114440918,1491700
2022-10-12,7.659999847412109,7.809999942779541,7.53000020980835,7.650000095367432,7.650000095367432,1294600
2022-10-13,7.389999866485596,7.869999885559082,7.289999961853027,7.760000228881836,7.760000228881836,1082800
2022-10-14,7.849999904632568,7.960000038146973,7.570000171661377,7.630000114440918,7.630000114440918,695100
2022-10-17,7.909999847412109,7.949999809265137,7.610000133514404,7.769999980926514,7.769999980926514,1247400
2022-10-18,8.079999923706055,8.229999542236328,7.849999904632568,8.020000457763672,8.020000457763672,990300
2022-10-19,7.75,7.980000019073486,7.550000190734863,7.679999828338623,7.679999828338623,1050300
2022-10-20,7.71999979019165,7.949999809265137,7.619999885559082,7.699999809265137,7.699999809265137,1095200
2022-10-21,7.78000020980835,8.010000228881836,7.710000038146973,7.980000019073486,7.980000019073486,891900
2022-10-24,8.09000015258789,8.569999694824219,7.960000038146973,8.550000190734863,8.550000190734863,1974600
2022-10-25,8.59000015258789,9.220000267028809,8.529999732971191,8.989999771118164,8.989999771118164,2007900
2022-10-26,9.0600004196167,9.239999771118164,8.859999656677246,8.960000038146973,8.960000038146973,1037700
2022-10-27,9.140000343322754,9.75,9.0600004196167,9.369999885559082,9.369999885559082,2372900
2022-10-28,9.369999885559082,9.699999809265137,9.34000015258789,9.649999618530273,9.649999618530273,1033700
2022-10-31,9.5600004196167,9.779999732971191,9.470000267028809,9.6899995803833,9.6899995803833,1101800
2022-11-01,9.829999923706055,9.859999656677246,9.569999694824219,9.609999656677246,9.609999656677246,1115100
2022-11-02,9.510000228881836,9.600000381469727,9.069999694824219,9.109999656677246,9.109999656677246,1454200
2022-11-03,8.90999984741211,11.1899995803833,8.899999618530273,10.800000190734863,10.800000190734863,8898200
2022-11-04,9.670000076293945,9.880000114440918,9.15999984741211,9.5,9.5,2824500
2022-11-07,9.649999618530273,10.100000381469727,9.550000190734863,9.6899995803833,9.6899995803833,1495700
2022-11-08,9.720000267028809,9.720000267028809,9.140000343322754,9.229999542236328,9.229999542236328,1656500
2022-11-09,9.109999656677246,9.3100004196167,8.970000267028809,9.109999656677246,9.109999656677246,1048800
2022-11-10,9.539999961853027,10.170000076293945,9.399999618530273,9.699999809265137,9.699999809265137,2228100
2022-11-11,9.5600004196167,10.039999961853027,9.5600004196167,9.630000114440918,9.630000114440918,1351100
2022-11-14,9.5,10.270000457763672,9.420000076293945,9.869999885559082,9.869999885559082,1775700
2022-11-15,10.149999618530273,10.489999771118164,9.930000305175781,10.050000190734863,10.050000190734863,913900
2022-11-16,9.850000381469727,10.020000457763672,9.619999885559082,9.640000343322754,9.640000343322754,759500
2022-11-17,9.449999809265137,9.819999694824219,9.430000305175781,9.819999694824219,9.819999694824219,967000
2022-11-18,10.039999961853027,10.5,9.890000343322754,10.5,10.5,1826400
2022-11-21,10.380000114440918,10.5600004196167,10.050000190734863,10.199999809265137,10.199999809265137,817200
2022-11-22,10.3100004196167,10.390000343322754,10.15999984741211,10.300000190734863,10.300000190734863,590400
2022-11-23,10.289999961853027,10.319999694824219,9.979999542236328,10.15999984741211,10.15999984741211,454400
2022-11-25,10.239999771118164,10.479999542236328,10.15999984741211,10.380000114440918,10.380000114440918,244700
2022-11-28,10.15999984741211,10.300000190734863,10.100000381469727,10.15999984741211,10.15999984741211,572200
2022-11-29,10.149999618530273,10.300000190734863,10.079999923706055,10.220000267028809,10.220000267028809,923200
2022-11-30,10.34000015258789,10.420000076293945,10.020000457763672,10.40999984741211,10.40999984741211,808500
2022-12-01,10.40999984741211,10.770000457763672,10.260000228881836,10.270000457763672,10.270000457763672,564900
2022-12-02,10.0600004196167,10.289999961853027,10.010000228881836,10.210000038146973,10.210000038146973,433000
2022-12-05,10.0600004196167,10.140000343322754,9.729999542236328,9.75,9.75,663400
2022-12-06,9.75,10.0,9.670000076293945,9.920000076293945,9.920000076293945,897200
2022-12-07,9.8100004196167,9.920000076293945,9.270000457763672,9.270000457763672,9.270000457763672,970700
2022-12-08,9.350000381469727,9.529999732971191,9.220000267028809,9.420000076293945,9.420000076293945,609600
2022-12-09,9.260000228881836,9.34000015258789,9.199999809265137,9.300000190734863,9.300000190734863,558900
2022-12-12,9.390000343322754,9.699999809265137,9.300000190734863,9.59000015258789,9.59000015258789,591600
2022-12-13,9.880000114440918,10.039999961853027,9.479999542236328,9.5,9.5,1453500
2022-12-14,9.520000457763672,9.920000076293945,9.520000457763672,9.819999694824219,9.819999694824219,936600
2022-12-15,9.5600004196167,9.699999809265137,9.220000267028809,9.25,9.25,1188600
2022-12-16,9.109999656677246,9.130000114440918,8.600000381469727,8.600000381469727,8.600000381469727,5817300
2022-12-19,8.640000343322754,8.640000343322754,7.960000038146973,8.09000015258789,8.09000015258789,1882100
2022-12-20,8.079999923706055,8.1899995803833,7.880000114440918,8.0600004196167,8.0600004196167,1301000
2022-12-21,8.229999542236328,8.399999618530273,8.109999656677246,8.229999542236328,8.229999542236328,1044100
2022-12-22,8.050000190734863,8.09000015258789,7.579999923706055,7.670000076293945,7.670000076293945,1021100
2022-12-23,7.619999885559082,7.820000171661377,7.619999885559082,7.650000095367432,7.650000095367432,500900
2022-12-27,7.630000114440918,7.789999961853027,7.570000171661377,7.599999904632568,7.599999904632568,461600
2022-12-28,7.630000114440918,7.710000038146973,7.380000114440918,7.46999979019165,7.46999979019165,730700
2022-12-29,7.570000171661377,7.829999923706055,7.510000228881836,7.78000020980835,7.78000020980835,653400
2022-12-30,7.650000095367432,7.849999904632568,7.599999904632568,7.820000171661377,7.820000171661377,605900
2023-01-03,7.980000019073486,7.989999771118164,7.659999847412109,7.679999828338623,7.679999828338623,923900
2023-01-04,7.820000171661377,8.119999885559082,7.769999980926514,8.069999694824219,8.069999694824219,944400
2023-01-05,8.010000228881836,8.470000267028809,7.869999885559082,8.470000267028809,8.470000267028809,1009400
2023-01-06,8.600000381469727,8.75,8.34000015258789,8.640000343322754,8.640000343322754,824900
2023-01-09,8.729999542236328,8.880000114440918,8.489999771118164,8.609999656677246,8.609999656677246,870300
2023-01-10,8.609999656677246,8.649999618530273,8.420000076293945,8.489999771118164,8.489999771118164,833800
2023-01-11,8.600000381469727,8.789999961853027,8.489999771118164,8.640000343322754,8.640000343322754,1170100
2023-01-12,8.720000267028809,8.9399995803833,8.6899995803833,8.930000305175781,8.930000305175781,691100
2023-01-13,8.6899995803833,8.90999984741211,8.649999618530273,8.829999923706055,8.829999923706055,595800
2023-01-17,8.720000267028809,8.90999984741211,8.720000267028809,8.720000267028809,8.720000267028809,498700
2023-01-18,8.859999656677246,8.90999984741211,8.520000457763672,8.529999732971191,8.529999732971191,571100
2023-01-19,8.420000076293945,8.430000305175781,8.109999656677246,8.140000343322754,8.140000343322754,1130700
2023-01-20,8.140000343322754,8.1899995803833,8.0,8.09000015258789,8.09000015258789,777900
2023-01-23,8.140000343322754,8.359999656677246,8.100000381469727,8.300000190734863,8.300000190734863,957400
2023-01-24,8.149999618530273,8.470000267028809,8.039999961853027,8.319999694824219,8.319999694824219,614800
2023-01-25,8.15999984741211,8.319999694824219,8.100000381469727,8.270000457763672,8.270000457763672,469000
2023-01-26,8.390000343322754,8.449999809265137,8.1899995803833,8.359999656677246,8.359999656677246,600200
2023-01-27,8.449999809265137,8.6899995803833,8.319999694824219,8.5,8.5,712300
2023-01-30,8.329999923706055,8.630000114440918,8.3100004196167,8.399999618530273,8.399999618530273,672800
2023-01-31,8.5600004196167,8.869999885559082,8.4399995803833,8.869999885559082,8.869999885559082,1642600
2023-02-01,8.859999656677246,9.430000305175781,8.859999656677246,9.350000381469727,9.350000381469727,1503800
2023-02-02,9.380000114440918,9.899999618530273,9.359999656677246,9.59000015258789,9.59000015258789,1300200
2023-02-03,9.40999984741211,9.800000190734863,9.40999984741211,9.600000381469727,9.600000381469727,1134700
2023-02-06,9.550000190734863,9.600000381469727,9.34000015258789,9.479999542236328,9.479999542236328,588200
2023-02-07,9.449999809265137,9.890000343322754,9.369999885559082,9.829999923706055,9.829999923706055,954200
2023-02-08,9.710000038146973,9.84000015258789,9.15999984741211,9.270000457763672,9.270000457763672,1437900
2023-02-09,9.4399995803833,9.619999885559082,9.180000305175781,9.199999809265137,9.199999809265137,1357400
2023-02-10,9.010000228881836,9.140000343322754,8.829999923706055,9.130000114440918,9.130000114440918,582000
2023-02-13,9.079999923706055,9.460000038146973,9.039999961853027,9.449999809265137,9.449999809265137,581000
2023-02-14,9.359999656677246,9.770000457763672,9.300000190734863,9.6899995803833,9.6899995803833,856300
2023-02-15,9.539999961853027,9.899999618530273,9.529999732971191,9.899999618530273,9.899999618530273,809800
2023-02-16,9.710000038146973,10.119999885559082,9.609999656677246,10.050000190734863,10.050000190734863,1206700
2023-02-17,9.270000457763672,9.34000015258789,8.8100004196167,9.25,9.25,1525300
2023-02-21,9.020000457763672,9.130000114440918,8.90999984741211,9.100000381469727,9.100000381469727,1454400
2023-02-22,8.949999809265137,9.100000381469727,8.789999961853027,8.819999694824219,8.819999694824219,1348600
2023-02-23,8.8100004196167,8.880000114440918,8.319999694824219,8.630000114440918,8.630000114440918,1150300
2023-02-24,8.420000076293945,8.760000228881836,8.40999984741211,8.630000114440918,8.630000114440918,745200
2023-02-27,8.739999771118164,8.979999542236328,8.699999809265137,8.890000343322754,8.890000343322754,844800
2023-02-28,8.84000015258789,8.979999542236328,8.739999771118164,8.800000190734863,8.800000190734863,1354300
2023-03-01,8.770000457763672,9.130000114440918,8.770000457763672,9.039999961853027,9.039999961853027,757500
2023-03-02,8.90999984741211,9.420000076293945,8.869999885559082,9.369999885559082,9.369999885559082,964200
2023-03-03,9.489999771118164,9.680000305175781,9.319999694824219,9.59000015258789,9.59000015258789,905100
2023-03-06,9.630000114440918,9.630000114440918,9.149999618530273,9.1899995803833,9.1899995803833,865200
2023-03-07,9.149999618530273,9.350000381469727,9.020000457763672,9.069999694824219,9.069999694824219,669800
2023-03-08,9.079999923706055,9.140000343322754,8.970000267028809,9.130000114440918,9.130000114440918,488400
2023-03-09,9.149999618530273,9.180000305175781,8.600000381469727,8.609999656677246,8.609999656677246,799800
2023-03-10,8.460000038146973,8.609999656677246,8.270000457763672,8.420000076293945,8.420000076293945,1097800
2023-03-13,8.079999923706055,8.239999771118164,7.730000019073486,8.039999961853027,8.039999961853027,1870900
2023-03-14,8.260000228881836,8.470000267028809,7.989999771118164,8.100000381469727,8.100000381469727,2115200
2023-03-15,7.690000057220459,7.869999885559082,7.440000057220459,7.659999847412109,7.659999847412109,2118400
2023-03-16,7.679999828338623,7.889999866485596,7.489999771118164,7.78000020980835,7.78000020980835,1179300
2023-03-17,7.650000095367432,7.849999904632568,7.349999904632568,7.519999980926514,7.519999980926514,5962800
2023-03-20,7.590000152587891,7.760000228881836,7.320000171661377,7.320000171661377,7.320000171661377,1021000
2023-03-21,7.559999942779541,7.800000190734863,7.559999942779541,7.599999904632568,7.599999904632568,1241000
2023-03-22,7.590000152587891,7.710000038146973,7.389999866485596,7.400000095367432,7.400000095367432,813400
2023-03-23,7.46999979019165,7.670000076293945,7.300000190734863,7.429999828338623,7.429999828338623,856700
2023-03-24,7.289999961853027,7.429999828338623,7.170000076293945,7.360000133514404,7.360000133514404,688200
2023-03-27,7.53000020980835,7.570000171661377,7.400000095367432,7.429999828338623,7.429999828338623,746300
2023-03-28,7.409999847412109,7.559999942779541,7.369999885559082,7.420000076293945,7.420000076293945,624200
2023-03-29,7.579999923706055,7.679999828338623,7.440000057220459,7.590000152587891,7.590000152587891,733900
2023-03-30,7.730000019073486,7.78000020980835,7.559999942779541,7.619999885559082,7.619999885559082,674600
2023-03-31,7.760000228881836,7.829999923706055,7.670000076293945,7.809999942779541,7.809999942779541,826500
2023-04-03,7.840000152587891,7.960000038146973,7.650000095367432,7.880000114440918,7.880000114440918,1082400
2023-04-04,7.909999847412109,7.929999828338623,7.46999979019165,7.570000171661377,7.570000171661377,847800
2023-04-05,7.420000076293945,7.539999961853027,7.199999809265137,7.320000171661377,7.320000171661377,826000
2023-04-06,7.349999904632568,7.369999885559082,7.130000114440918,7.130000114440918,7.130000114440918,784000
2023-04-10,7.150000095367432,7.409999847412109,7.130000114440918,7.389999866485596,7.389999866485596,706300
2023-04-11,7.409999847412109,7.630000114440918,7.400000095367432,7.539999961853027,7.539999961853027,799800
2023-04-12,7.639999866485596,7.659999847412109,7.400000095367432,7.440000057220459,7.440000057220459,734600
2023-04-13,7.53000020980835,7.599999904632568,7.429999828338623,7.539999961853027,7.539999961853027,703200
2023-04-14,7.53000020980835,7.679999828338623,7.46999979019165,7.679999828338623,7.679999828338623,496100
2023-04-17,7.690000057220459,7.690000057220459,7.46999979019165,7.650000095367432,7.650000095367432,706500
2023-04-18,7.710000038146973,7.789999961853027,7.539999961853027,7.610000133514404,7.610000133514404,399400
2023-04-19,7.369999885559082,7.440000057220459,7.260000228881836,7.360000133514404,7.360000133514404,755700
2023-04-20,7.159999847412109,7.320000171661377,7.079999923706055,7.239999771118164,7.239999771118164,834900
2023-04-21,7.199999809265137,7.199999809265137,7.03000020980835,7.139999866485596,7.139999866485596,959500
2023-04-24,7.139999866485596,7.329999923706055,7.110000133514404,7.269999980926514,7.269999980926514,587800
2023-04-25,7.139999866485596,7.190000057220459,6.889999866485596,6.940000057220459,6.940000057220459,851200
2023-04-26,6.900000095367432,7.090000152587891,6.860000133514404,7.010000228881836,7.010000228881836,820200
2023-04-27,7.070000171661377,7.119999885559082,6.78000020980835,6.940000057220459,6.940000057220459,953300
2023-04-28,6.940000057220459,7.239999771118164,6.869999885559082,7.150000095367432,7.150000095367432,791700
2023-05-01,7.170000076293945,7.349999904632568,7.099999904632568,7.139999866485596,7.139999866485596,842400
2023-05-02,7.079999923706055,7.079999923706055,6.849999904632568,7.019999980926514,7.019999980926514,872500
2023-05-03,7.03000020980835,7.210000038146973,6.949999809265137,6.960000038146973,6.960000038146973,918200
2023-05-04,6.940000057220459,6.940000057220459,6.610000133514404,6.739999771118164,6.739999771118164,1221400
2023-05-05,7.329999923706055,7.630000114440918,6.96999979019165,7.409999847412109,7.409999847412109,1628700
2023-05-08,7.389999866485596,7.409999847412109,7.179999828338623,7.28000020980835,7.28000020980835,1118200
2023-05-09,7.130000114440918,7.230000019073486,7.070000171661377,7.070000171661377,7.070000171661377,700800
2023-05-10,7.260000228881836,7.300000190734863,7.019999980926514,7.110000133514404,7.110000133514404,829000
2023-05-11,7.03000020980835,7.239999771118164,7.010000228881836,7.170000076293945,7.170000076293945,723700
2023-05-12,7.25,7.260000228881836,7.0,7.110000133514404,7.110000133514404,710700
2023-05-15,7.199999809265137,7.230000019073486,7.099999904632568,7.150000095367432,7.150000095367432,519100
2023-05-16,6.989999771118164,7.070000171661377,6.849999904632568,6.869999885559082,6.869999885559082,747800
2023-05-17,6.909999847412109,7.179999828338623,6.909999847412109,7.130000114440918,7.130000114440918,619400
2023-05-18,7.110000133514404,7.110000133514404,6.949999809265137,7.039999961853027,7.039999961853027,1255300
2023-05-19,7.199999809265137,7.260000228881836,6.949999809265137,6.989999771118164,6.989999771118164,1230300
2023-05-22,7.03000020980835,7.139999866485596,6.920000076293945,7.110000133514404,7.110000133514404,1003200
2023-05-23,7.070000171661377,7.360000133514404,7.050000190734863,7.269999980926514,7.269999980926514,1177000
2023-05-24,7.210000038146973,7.210000038146973,6.980000019073486,7.079999923706055,7.079999923706055,827200
2023-05-25,7.010000228881836,7.119999885559082,6.769999980926514,6.820000171661377,6.820000171661377,1474300
2023-05-26,6.96999979019165,7.21999979019165,6.909999847412109,7.159999847412109,7.159999847412109,1071800
2023-05-30,7.190000057220459,7.289999961853027,7.059999942779541,7.099999904632568,7.099999904632568,634800
2023-05-31,7.03000020980835,7.059999942779541,6.679999828338623,6.75,6.75,2362100
2023-06-01,6.75,6.900000095367432,6.699999809265137,6.849999904632568,6.849999904632568,1214500
2023-06-02,7.019999980926514,7.320000171661377,6.96999979019165,7.300000190734863,7.300000190734863,1301500
2023-06-05,7.28000020980835,7.28000020980835,6.940000057220459,6.96999979019165,6.96999979019165,1400500
2023-06-06,6.909999847412109,7.340000152587891,6.869999885559082,7.320000171661377,7.320000171661377,1612900
2023-06-07,7.409999847412109,7.789999961853027,7.329999923706055,7.739999771118164,7.739999771118164,1553300
2023-06-08,7.760000228881836,7.869999885559082,7.53000020980835,7.619999885559082,7.619999885559082,956800
2023-06-09,7.670000076293945,7.739999771118164,7.449999809265137,7.570000171661377,7.570000171661377,837000
2023-06-12,7.630000114440918,7.900000095367432,7.570000171661377,7.760000228881836,7.760000228881836,950900
2023-06-13,7.869999885559082,8.119999885559082,7.840000152587891,8.109999656677246,8.109999656677246,1118500
2023-06-14,8.1899995803833,8.300000190734863,7.96999979019165,8.0600004196167,8.0600004196167,1030000
2023-06-15,7.949999809265137,8.239999771118164,7.929999828338623,8.210000038146973,8.210000038146973,1006300
2023-06-16,8.319999694824219,8.319999694824219,8.0,8.09000015258789,8.09000015258789,9705300
2023-06-20,8.029999732971191,8.09000015258789,7.940000057220459,8.069999694824219,8.069999694824219,971500
2023-06-21,8.050000190734863,8.229999542236328,7.949999809265137,8.199999809265137,8.199999809265137,872300
2023-06-22,8.109999656677246,8.140000343322754,7.860000133514404,7.940000057220459,7.940000057220459,879900
2023-06-23,7.75,7.769999980926514,7.599999904632568,7.730000019073486,7.730000019073486,1916900
2023-06-26,7.679999828338623,7.940000057220459,7.679999828338623,7.840000152587891,7.840000152587891,798900
2023-06-27,7.909999847412109,8.100000381469727,7.849999904632568,8.0600004196167,8.0600004196167,772500
2023-06-28,8.069999694824219,8.170000076293945,8.029999732971191,8.140000343322754,8.140000343322754,733000
2023-06-29,8.229999542236328,8.380000114440918,8.199999809265137,8.34000015258789,8.34000015258789,832700
2023-06-30,8.399999618530273,8.399999618530273,8.25,8.270000457763672,8.270000457763672,652900
2023-07-03,8.270000457763672,8.399999618530273,8.270000457763672,8.359999656677246,8.359999656677246,508600
2023-07-05,8.279999732971191,8.3100004196167,8.010000228881836,8.010000228881836,8.010000228881836,1140700
2023-07-06,7.929999828338623,8.0600004196167,7.820000171661377,7.880000114440918,7.880000114440918,989700
2023-07-07,7.880000114440918,8.640000343322754,7.880000114440918,8.579999923706055,8.579999923706055,2008800
2023-07-10,8.5600004196167,8.75,8.489999771118164,8.670000076293945,8.670000076293945,1104500
2023-07-11,8.680000305175781,8.819999694824219,8.609999656677246,8.75,8.75,1044200
2023-07-12,8.930000305175781,9.010000228881836,8.8100004196167,8.819999694824219,8.819999694824219,1137200
2023-07-13,8.920000076293945,9.079999923706055,8.829999923706055,8.84000015258789,8.84000015258789,1285600
2023-07-14,8.8100004196167,8.890000343322754,8.479999542236328,8.770000457763672,8.770000457763672,1048900
2023-07-17,8.699999809265137,8.8100004196167,8.609999656677246,8.670000076293945,8.670000076293945,1982400
2023-07-18,8.760000228881836,9.140000343322754,8.710000038146973,9.0,9.0,1195900
2023-07-19,9.0,9.100000381469727,8.920000076293945,8.979999542236328,8.979999542236328,933800
2023-07-20,9.0,9.199999809265137,8.970000267028809,9.180000305175781,9.180000305175781,982300
2023-07-21,9.3100004196167,9.40999984741211,9.140000343322754,9.1899995803833,9.1899995803833,1466500
2023-07-24,9.25,9.420000076293945,9.220000267028809,9.40999984741211,9.40999984741211,1599200
2023-07-25,9.380000114440918,9.510000228881836,9.220000267028809,9.3100004196167,9.3100004196167,968100
2023-07-26,9.319999694824219,9.470000267028809,9.229999542236328,9.359999656677246,9.359999656677246,974100
2023-07-27,9.430000305175781,9.4399995803833,9.140000343322754,9.180000305175781,9.180000305175781,729400
2023-07-28,9.34000015258789,9.550000190734863,9.25,9.260000228881836,9.260000228881836,1026800
2023-07-31,9.239999771118164,9.529999732971191,9.239999771118164,9.449999809265137,9.449999809265137,1605500
2023-08-01,9.390000343322754,9.539999961853027,9.34000015258789,9.520000457763672,9.520000457763672,1019900
2023-08-02,9.390000343322754,9.460000038146973,9.170000076293945,9.369999885559082,9.369999885559082,999600
2023-08-03,9.3100004196167,9.350000381469727,9.149999618530273,9.180000305175781,9.180000305175781,1335400
2023-08-04,9.449999809265137,9.449999809265137,8.100000381469727,8.180000305175781,8.180000305175781,2192900
2023-08-07,8.199999809265137,8.319999694824219,8.069999694824219,8.140000343322754,8.140000343322754,1690900
2023-08-08,8.0,8.3100004196167,7.860000133514404,8.239999771118164,8.239999771118164,993300
2023-08-09,8.130000114440918,8.1899995803833,7.849999904632568,7.980000019073486,7.980000019073486,1613000
2023-08-10,7.920000076293945,7.940000057220459,7.599999904632568,7.690000057220459,7.690000057220459,1841000
2023-08-11,7.650000095367432,7.71999979019165,7.489999771118164,7.53000020980835,7.53000020980835,1299900
2023-08-14,7.449999809265137,7.539999961853027,7.25,7.539999961853027,7.539999961853027,1192500
2023-08-15,7.460000038146973,7.480000019073486,7.190000057220459,7.289999961853027,7.289999961853027,1808600
2023-08-16,7.28000020980835,7.409999847412109,7.239999771118164,7.25,7.25,951000
2023-08-17,7.300000190734863,7.539999961853027,7.300000190734863,7.369999885559082,7.369999885559082,1285600
2023-08-18,7.289999961853027,7.46999979019165,7.28000020980835,7.46999979019165,7.46999979019165,1249500
2023-08-21,7.510000228881836,7.539999961853027,7.130000114440918,7.25,7.25,1144700
2023-08-22,7.389999866485596,7.400000095367432,7.170000076293945,7.21999979019165,7.21999979019165,677100
2023-08-23,7.190000057220459,7.320000171661377,7.170000076293945,7.300000190734863,7.300000190734863,781600
2023-08-24,7.260000228881836,7.309999942779541,7.139999866485596,7.159999847412109,7.159999847412109,603700
2023-08-25,7.190000057220459,7.309999942779541,7.010000228881836,7.179999828338623,7.179999828338623,632900
2023-08-28,7.239999771118164,7.409999847412109,7.239999771118164,7.389999866485596,7.389999866485596,1056500
2023-08-29,7.380000114440918,7.670000076293945,7.340000152587891,7.650000095367432,7.650000095367432,804600
2023-08-30,7.630000114440918,7.739999771118164,7.570000171661377,7.579999923706055,7.579999923706055,500200
2023-08-31,7.539999961853027,7.679999828338623,7.510000228881836,7.550000190734863,7.550000190734863,970400
2023-09-01,7.579999923706055,7.710000038146973,7.480000019073486,7.699999809265137,7.699999809265137,931000
2023-09-05,7.610000133514404,7.860000133514404,7.510000228881836,7.849999904632568,7.849999904632568,1193100
2023-09-06,7.920000076293945,8.039999961853027,7.75,7.849999904632568,7.849999904632568,1273000
2023-09-07,7.71999979019165,7.800000190734863,7.489999771118164,7.71999979019165,7.71999979019165,1770700
2023-09-08,7.760000228881836,7.760000228881836,7.619999885559082,7.639999866485596,7.639999866485596,1061900
2023-09-11,7.71999979019165,7.75,7.639999866485596,7.650000095367432,7.650000095367432,835400
2023-09-12,7.619999885559082,7.860000133514404,7.619999885559082,7.760000228881836,7.760000228881836,715400
2023-09-13,7.739999771118164,7.849999904632568,7.480000019073486,7.489999771118164,7.489999771118164,1628000
2023-09-14,7.559999942779541,7.630000114440918,7.320000171661377,7.579999923706055,7.579999923706055,2309500
2023-09-15,7.519999980926514,7.71999979019165,7.489999771118164,7.550000190734863,7.550000190734863,3056700
2023-09-18,7.429999828338623,7.480000019073486,7.320000171661377,7.400000095367432,7.400000095367432,1394400
2023-09-19,7.420000076293945,7.489999771118164,7.190000057220459,7.21999979019165,7.21999979019165,1144700
2023-09-20,7.28000020980835,7.440000057220459,7.190000057220459,7.210000038146973,7.210000038146973,1091300
2023-09-21,7.099999904632568,7.320000171661377,7.019999980926514,7.190000057220459,7.190000057220459,1149600
2023-09-22,7.260000228881836,7.389999866485596,7.159999847412109,7.210000038146973,7.210000038146973,949200
2023-09-25,7.170000076293945,7.650000095367432,7.150000095367432,7.5,7.5,1316100
2023-09-26,7.429999828338623,7.550000190734863,7.25,7.289999961853027,7.289999961853027,865700
2023-09-27,7.309999942779541,7.5,7.260000228881836,7.320000171661377,7.320000171661377,949100
2023-09-28,7.190000057220459,7.5,7.039999961853027,7.360000133514404,7.360000133514404,1798700
2023-09-29,7.409999847412109,7.460000038146973,7.21999979019165,7.260000228881836,7.260000228881836,1188400
2023-10-02,7.210000038146973,7.230000019073486,7.059999942779541,7.119999885559082,7.119999885559082,1447600
2023-10-03,7.059999942779541,7.139999866485596,7.0,7.070000171661377,7.070000171661377,1222600
2023-10-04,7.070000171661377,7.21999979019165,6.989999771118164,7.139999866485596,7.139999866485596,1063600
2023-10-05,7.070000171661377,7.130000114440918,6.849999904632568,6.949999809265137,6.949999809265137,1143900
2023-10-06,6.920000076293945,7.28000020980835,6.860000133514404,7.130000114440918,7.130000114440918,1992700
2023-10-09,7.019999980926514,7.239999771118164,6.980000019073486,7.190000057220459,7.190000057220459,807900
2023-10-10,7.150000095367432,7.230000019073486,7.039999961853027,7.139999866485596,7.139999866485596,1563300
2023-10-11,7.139999866485596,7.210000038146973,7.039999961853027,7.139999866485596,7.139999866485596,1663700
2023-10-12,7.110000133514404,7.269999980926514,7.019999980926514,7.139999866485596,7.139999866485596,872800
2023-10-13,7.110000133514404,7.150000095367432,7.0,7.019999980926514,7.019999980926514,1216800
2023-10-16,7.119999885559082,7.329999923706055,7.110000133514404,7.179999828338623,7.179999828338623,938400
2023-10-17,7.099999904632568,7.409999847412109,7.099999904632568,7.309999942779541,7.309999942779541,1181000
2023-10-18,7.210000038146973,7.210000038146973,6.989999771118164,7.010000228881836,7.010000228881836,1179200
2023-10-19,6.960000038146973,7.090000152587891,6.860000133514404,6.900000095367432,6.900000095367432,1419000
2023-10-20,6.960000038146973,7.300000190734863,6.949999809265137,7.079999923706055,7.079999923706055,1946700
2023-10-23,7.0,7.269999980926514,7.0,7.050000190734863,7.050000190734863,1255600
2023-10-24,7.099999904632568,7.190000057220459,7.03000020980835,7.039999961853027,7.039999961853027,1230200
2023-10-25,6.980000019073486,7.139999866485596,6.829999923706055,7.090000152587891,7.090000152587891,1171200
2023-10-26,7.360000133514404,7.420000076293945,7.079999923706055,7.150000095367432,7.150000095367432,1459100
2023-10-27,7.150000095367432,7.150000095367432,6.809999942779541,6.829999923706055,6.829999923706055,1679200
2023-10-30,7.03000020980835,7.119999885559082,6.599999904632568,6.679999828338623,6.679999828338623,1350200
2023-10-31,6.679999828338623,6.880000114440918,6.630000114440918,6.75,6.75,1005300
2023-11-01,6.610000133514404,6.659999847412109,6.289999961853027,6.380000114440918,6.380000114440918,1874100
2023-11-02,6.519999980926514,6.599999904632568,6.320000171661377,6.5,6.5,2005100
2023-11-03,6.949999809265137,7.510000228881836,6.860000133514404,7.239999771118164,7.239999771118164,2569000
2023-11-06,7.159999847412109,7.190000057220459,6.599999904632568,6.849999904632568,6.849999904632568,1940400
2023-11-07,6.75,6.889999866485596,6.71999979019165,6.760000228881836,6.760000228881836,1006100
2023-11-08,6.71999979019165,6.760000228881836,6.579999923706055,6.630000114440918,6.630000114440918,997200
2023-11-09,6.659999847412109,6.710000038146973,6.5,6.559999942779541,6.559999942779541,1108200
2023-11-10,6.590000152587891,6.71999979019165,6.489999771118164,6.670000076293945,6.670000076293945,866000
2023-11-13,6.639999866485596,6.71999979019165,6.550000190734863,6.630000114440918,6.630000114440918,772500
2023-11-14,6.96999979019165,7.21999979019165,6.949999809265137,7.199999809265137,7.199999809265137,1446100
2023-11-15,7.239999771118164,7.309999942779541,7.070000171661377,7.199999809265137,7.199999809265137,2015100
2023-11-16,7.190000057220459,7.21999979019165,7.019999980926514,7.050000190734863,7.050000190734863,1152300
2023-11-17,7.119999885559082,7.179999828338623,7.070000171661377,7.110000133514404,7.110000133514404,939500
2023-11-20,7.190000057220459,7.239999771118164,7.110000133514404,7.199999809265137,7.199999809265137,1594200
2023-11-21,7.090000152587891,7.150000095367432,7.039999961853027,7.130000114440918,7.130000114440918,1171900
2023-11-22,7.150000095367432,7.239999771118164,7.119999885559082,7.199999809265137,7.199999809265137,985600
2023-11-24,7.179999828338623,7.289999961853027,7.179999828338623,7.239999771118164,7.239999771118164,657300
2023-11-27,7.199999809265137,7.25,7.110000133514404,7.190000057220459,7.190000057220459,1007500
2023-11-28,6.789999961853027,7.139999866485596,6.429999828338623,7.099999904632568,7.099999904632568,1893400
2023-11-29,7.309999942779541,7.349999904632568,7.079999923706055,7.199999809265137,7.199999809265137,2007700
2023-11-30,7.260000228881836,7.300000190734863,6.940000057220459,6.960000038146973,6.960000038146973,1766900
2023-12-01,6.909999847412109,7.360000133514404,6.869999885559082,7.360000133514404,7.360000133514404,2753600
2023-12-04,7.360000133514404,7.610000133514404,7.360000133514404,7.550000190734863,7.550000190734863,1717100
2023-12-05,7.489999771118164,7.579999923706055,7.429999828338623,7.46999979019165,7.46999979019165,1169300
2023-12-06,7.550000190734863,7.789999961853027,7.5,7.590000152587891,7.590000152587891,1593400
2023-12-07,7.630000114440918,7.639999866485596,7.5,7.590000152587891,7.590000152587891,1286300
2023-12-08,7.579999923706055,7.650000095367432,7.519999980926514,7.539999961853027,7.539999961853027,1051600
2023-12-11,7.510000228881836,7.71999979019165,7.510000228881836,7.690000057220459,7.690000057220459,1929700
2023-12-12,7.679999828338623,7.840000152587891,7.559999942779541,7.820000171661377,7.820000171661377,2033200
2023-12-13,7.809999942779541,8.010000228881836,7.53000020980835,7.980000019073486,7.980000019073486,2165600
2023-12-14,8.199999809265137,8.739999771118164,8.079999923706055,8.699999809265137,8.699999809265137,3909100
2023-12-15,8.649999618530273,8.819999694824219,8.399999618530273,8.819999694824219,8.819999694824219,20811600
2023-12-18,8.8100004196167,8.8100004196167,8.289999961853027,8.399999618530273,8.399999618530273,2384600
2023-12-19,8.510000228881836,8.720000267028809,8.449999809265137,8.65999984741211,8.65999984741211,1955200
2023-12-20,8.600000381469727,8.8100004196167,8.460000038146973,8.520000457763672,8.520000457763672,2143000
2023-12-21,8.630000114440918,8.789999961853027,8.539999961853027,8.729999542236328,8.729999542236328,1176200
2023-12-22,8.800000190734863,8.890000343322754,8.720000267028809,8.829999923706055,8.829999923706055,934200
2023-12-26,8.920000076293945,8.970000267028809,8.819999694824219,8.920000076293945,8.920000076293945,684200
2023-12-27,8.949999809265137,8.989999771118164,8.880000114440918,8.930000305175781,8.930000305175781,596300
2023-12-28,8.899999618530273,8.90999984741211,8.800000190734863,8.880000114440918,8.880000114440918,728400
2023-12-29,8.84000015258789,8.899999618530273,8.760000228881836,8.8100004196167,8.8100004196167,691300
2024-01-02,8.699999809265137,8.890000343322754,8.569999694824219,8.739999771118164,8.739999771118164,796900
2024-01-03,8.539999961853027,8.680000305175781,8.020000457763672,8.029999732971191,8.029999732971191,1492700
2024-01-04,8.029999732971191,8.270000457763672,7.949999809265137,8.1899995803833,8.1899995803833,1054900
2024-01-05,8.119999885559082,8.460000038146973,8.079999923706055,8.289999961853027,8.289999961853027,922900
2024-01-08,8.220000267028809,8.4399995803833,8.1899995803833,8.390000343322754,8.390000343322754,665700
2024-01-09,8.270000457763672,8.34000015258789,8.199999809265137,8.220000267028809,8.220000267028809,728700
2024-01-10,8.1899995803833,8.239999771118164,8.050000190734863,8.130000114440918,8.130000114440918,966400
2024-01-11,8.079999923706055,8.079999923706055,7.900000095367432,8.0600004196167,8.0600004196167,798900
2024-01-12,8.140000343322754,8.180000305175781,7.989999771118164,8.020000457763672,8.020000457763672,543800
2024-01-16,7.849999904632568,8.010000228881836,7.829999923706055,7.980000019073486,7.980000019073486,1032000
2024-01-17,7.460000038146973,7.510000228881836,7.170000076293945,7.309999942779541,7.309999942779541,1865500
2024-01-18,7.360000133514404,7.420000076293945,7.25,7.400000095367432,7.400000095367432,637200
2024-01-19,7.380000114440918,7.539999961853027,7.28000020980835,7.519999980926514,7.519999980926514,824400
2024-01-22,7.599999904632568,7.78000020980835,7.559999942779541,7.659999847412109,7.659999847412109,1379800
2024-01-23,7.849999904632568,7.909999847412109,7.710000038146973,7.75,7.75,794400
2024-01-24,7.869999885559082,7.869999885559082,7.559999942779541,7.639999866485596,7.639999866485596,687300
2024-01-25,7.809999942779541,8.0,7.690000057220459,7.989999771118164,7.989999771118164,1450600
2024-01-26,8.069999694824219,8.220000267028809,8.0,8.0600004196167,8.0600004196167,864100
2024-01-29,8.050000190734863,8.130000114440918,7.869999885559082,8.109999656677246,8.109999656677246,779200
2024-01-30,8.119999885559082,8.279999732971191,8.050000190734863,8.210000038146973,8.210000038146973,936600
2024-01-31,8.220000267028809,8.380000114440918,8.079999923706055,8.09000015258789,8.09000015258789,1018600
2024-02-01,8.199999809265137,8.3100004196167,8.09000015258789,8.229999542236328,8.229999542236328,1211500
2024-02-02,8.0600004196167,8.270000457763672,7.949999809265137,8.210000038146973,8.210000038146973,869200
2024-02-05,8.0600004196167,8.079999923706055,7.869999885559082,7.900000095367432,7.900000095367432,765100
2024-02-06,7.860000133514404,8.210000038146973,7.849999904632568,8.1899995803833,8.1899995803833,809000
2024-02-07,8.270000457763672,8.270000457763672,8.010000228881836,8.069999694824219,8.069999694824219,749600
2024-02-08,8.050000190734863,8.140000343322754,7.949999809265137,8.119999885559082,8.119999885559082,680800
2024-02-09,8.130000114440918,8.239999771118164,8.069999694824219,8.199999809265137,8.199999809265137,718700
2024-02-12,8.199999809265137,8.460000038146973,8.199999809265137,8.34000015258789,8.34000015258789,1190500
2024-02-13,8.0600004196167,8.069999694824219,7.809999942779541,7.980000019073486,7.980000019073486,1239800
2024-02-14,8.170000076293945,8.1899995803833,7.989999771118164,8.149999618530273,8.149999618530273,1575200
2024-02-15,8.289999961853027,8.550000190734863,8.1899995803833,8.550000190734863,8.550000190734863,2500500
2024-02-16,8.899999618530273,8.979999542236328,8.09000015258789,8.279999732971191,8.279999732971191,1760600
2024-02-20,8.100000381469727,8.199999809265137,7.659999847412109,7.71999979019165,7.71999979019165,2124200
2024-02-21,7.619999885559082,7.670000076293945,7.320000171661377,7.369999885559082,7.369999885559082,2147100
2024-02-22,7.400000095367432,7.510000228881836,7.139999866485596,7.289999961853027,7.289999961853027,1999100
2024-02-23,7.289999961853027,7.340000152587891,7.050000190734863,7.090000152587891,7.090000152587891,2348900
2024-02-26,7.059999942779541,7.130000114440918,6.679999828338623,6.710000038146973,6.710000038146973,3985900
2024-02-27,6.829999923706055,6.869999885559082,6.630000114440918,6.699999809265137,6.699999809265137,2647400
2024-02-28,6.78000020980835,7.070000171661377,6.619999885559082,6.619999885559082,6.619999885559082,3244600
2024-02-29,6.769999980926514,6.960000038146973,6.730000019073486,6.920000076293945,6.920000076293945,2022800
2024-03-01,6.920000076293945,6.920000076293945,6.71999979019165,6.869999885559082,6.869999885559082,1838700
2024-03-04,6.880000114440918,6.900000095367432,6.670000076293945,6.760000228881836,6.760000228881836,1723500
2024-03-05,6.699999809265137,6.849999904632568,6.659999847412109,6.760000228881836,6.760000228881836,1845300
2024-03-06,6.860000133514404,6.860000133514404,6.610000133514404,6.659999847412109,6.659999847412109,2021100
2024-03-07,6.699999809265137,6.869999885559082,6.619999885559082,6.78000020980835,6.78000020980835,2177700
2024-03-08,6.889999866485596,6.929999828338623,6.619999885559082,6.690000057220459,6.690000057220459,1867100
2024-03-11,6.670000076293945,6.739999771118164,6.53000020980835,6.670000076293945,6.670000076293945,2168200
2024-03-12,6.639999866485596,6.659999847412109,6.539999961853027,6.579999923706055,6.579999923706055,1825900
2024-03-13,6.550000190734863,6.71999979019165,6.489999771118164,6.519999980926514,6.519999980926514,2454500
2024-03-14,6.53000020980835,6.699999809265137,6.440000057220459,6.539999961853027,6.539999961853027,3374300
2024-03-15,6.559999942779541,6.760000228881836,6.480000019073486,6.590000152587891,6.590000152587891,29101900
2024-03-18,6.710000038146973,6.880000114440918,6.489999771118164,6.760000228881836,6.760000228881836,2620400
2024-03-19,6.710000038146973,6.909999847412109,6.710000038146973,6.900000095367432,6.900000095367432,1931700
2024-03-20,6.900000095367432,7.090000152587891,6.809999942779541,7.059999942779541,7.059999942779541,2156300
2024-03-21,7.150000095367432,7.539999961853027,7.150000095367432,7.329999923706055,7.329999923706055,2486700
2024-03-22,7.320000171661377,7.349999904632568,7.190000057220459,7.199999809265137,7.199999809265137,1025000
2024-03-25,7.210000038146973,7.289999961853027,7.110000133514404,7.170000076293945,7.170000076293945,1267700
2024-03-26,7.199999809265137,7.239999771118164,7.039999961853027,7.050000190734863,7.050000190734863,1094600
2024-03-27,7.110000133514404,7.380000114440918,7.039999961853027,7.380000114440918,7.380000114440918,1640500
2024-03-28,7.369999885559082,7.53000020980835,7.300000190734863,7.360000133514404,7.360000133514404,1063300
2024-04-01,7.360000133514404,7.389999866485596,7.199999809265137,7.239999771118164,7.239999771118164,1308400
2024-04-02,7.119999885559082,7.190000057220459,7.039999961853027,7.190000057220459,7.190000057220459,1727600
2024-04-03,7.099999904632568,7.329999923706055,7.099999904632568,7.260000228881836,7.260000228881836,1341100
2024-04-04,7.380000114440918,7.420000076293945,7.079999923706055,7.099999904632568,7.099999904632568,926100
2024-04-05,7.119999885559082,7.300000190734863,7.110000133514404,7.269999980926514,7.269999980926514,955600
2024-04-08,7.320000171661377,7.460000038146973,7.320000171661377,7.380000114440918,7.380000114440918,982200
2024-04-09,7.440000057220459,7.639999866485596,7.420000076293945,7.590000152587891,7.590000152587891,1280600
2024-04-10,7.329999923706055,7.389999866485596,7.179999828338623,7.230000019073486,7.230000019073486,1511800
2024-04-11,7.239999771118164,7.320000171661377,7.130000114440918,7.25,7.25,594400
2024-04-12,7.159999847412109,7.230000019073486,7.059999942779541,7.070000171661377,7.070000171661377,1019300
2024-04-15,7.099999904632568,7.150000095367432,6.940000057220459,6.989999771118164,6.989999771118164,1363100
2024-04-16,6.920000076293945,7.159999847412109,6.860000133514404,7.019999980926514,7.019999980926514,1312000
2024-04-17,7.090000152587891,7.099999904632568,6.929999828338623,6.949999809265137,6.949999809265137,1153800
2024-04-18,6.949999809265137,7.119999885559082,6.920000076293945,6.980000019073486,6.980000019073486,1342700
2024-04-19,6.949999809265137,7.110000133514404,6.900000095367432,7.079999923706055,7.079999923706055,1186500
2024-04-22,7.170000076293945,7.309999942779541,7.090000152587891,7.21999979019165,7.21999979019165,1422700
2024-04-23,7.369999885559082,7.510000228881836,7.349999904632568,7.489999771118164,7.489999771118164,1745400
2024-04-24,7.420000076293945,7.570000171661377,7.369999885559082,7.559999942779541,7.559999942779541,1308800
2024-04-25,7.409999847412109,7.46999979019165,7.260000228881836,7.46999979019165,7.46999979019165,1236800
2024-04-26,7.460000038146973,7.559999942779541,7.409999847412109,7.519999980926514,7.519999980926514,811900
2024-04-29,7.53000020980835,7.650000095367432,7.489999771118164,7.559999942779541,7.559999942779541,1057400
2024-04-30,7.449999809265137,7.46999979019165,7.340000152587891,7.340000152587891,7.340000152587891,1785200
2024-05-01,7.329999923706055,7.619999885559082,7.329999923706055,7.389999866485596,7.389999866485596,1234900
2024-05-02,7.510000228881836,7.590000152587891,7.320000171661377,7.320000171661377,7.320000171661377,1394900
2024-05-03,7.75,7.849999904632568,7.269999980926514,7.489999771118164,7.489999771118164,2015500
2024-05-06,7.630000114440918,7.699999809265137,7.559999942779541,7.659999847412109,7.659999847412109,1071900
2024-05-07,7.659999847412109,7.789999961853027,7.570000171661377,7.579999923706055,7.579999923706055,1421100
2024-05-08,7.460000038146973,7.800000190734863,7.409999847412109,7.800000190734863,7.800000190734863,1389900
2024-05-09,7.820000171661377,7.840000152587891,7.670000076293945,7.710000038146973,7.710000038146973,1368800
2024-05-10,7.760000228881836,7.78000020980835,7.5,7.619999885559082,7.619999885559082,998300
2024-05-13,7.679999828338623,7.78000020980835,7.650000095367432,7.670000076293945,7.670000076293945,1062300
2024-05-14,7.840000152587891,7.949999809265137,7.739999771118164,7.849999904632568,7.849999904632568,1438600
2024-05-15,7.96999979019165,7.96999979019165,7.800000190734863,7.900000095367432,7.900000095367432,870600
2024-05-16,7.869999885559082,7.920000076293945,7.809999942779541,7.900000095367432,7.900000095367432,1085200
2024-05-17,7.909999847412109,7.960000038146973,7.809999942779541,7.949999809265137,7.949999809265137,1066100
2024-05-20,7.949999809265137,7.980000019073486,7.880000114440918,7.880000114440918,7.880000114440918,1133300
2024-05-21,7.860000133514404,7.860000133514404,7.590000152587891,7.639999866485596,7.639999866485596,954500
2024-05-22,7.570000171661377,7.579999923706055,7.349999904632568,7.409999847412109,7.409999847412109,1105500
2024-05-23,7.429999828338623,7.460000038146973,7.210000038146973,7.320000171661377,7.320000171661377,1133500
2024-05-24,7.389999866485596,7.409999847412109,7.28000020980835,7.409999847412109,7.409999847412109,864700
2024-05-28,7.480000019073486,7.550000190734863,7.349999904632568,7.449999809265137,7.449999809265137,973900
2024-05-29,7.28000020980835,7.369999885559082,7.239999771118164,7.269999980926514,7.269999980926514,880400
2024-05-30,7.349999904632568,7.519999980926514,7.340000152587891,7.519999980926514,7.519999980926514,927000
2024-05-31,7.539999961853027,7.690000057220459,7.53000020980835,7.639999866485596,7.639999866485596,1398300
2024-06-03,7.739999771118164,7.760000228881836,7.5,7.739999771118164,7.739999771118164,1282300
2024-06-04,7.610000133514404,7.699999809265137,7.590000152587891,7.599999904632568,7.599999904632568,1112500
2024-06-05,7.699999809265137,7.760000228881836,7.570000171661377,7.760000228881836,7.760000228881836,1090800
2024-06-06,7.699999809265137,7.739999771118164,7.619999885559082,7.650000095367432,7.650000095367432,1131800
2024-06-07,7.570000171661377,7.590000152587891,7.409999847412109,7.53000020980835,7.53000020980835,1164000
2024-06-10,7.400000095367432,7.539999961853027,7.369999885559082,7.5,7.5,1067700
2024-06-11,7.449999809265137,7.449999809265137,7.28000020980835,7.300000190734863,7.300000190734863,1770000
2024-06-12,7.519999980926514,7.710000038146973,7.409999847412109,7.480000019073486,7.480000019073486,1022700
2024-06-13,7.440000057220459,7.46999979019165,7.170000076293945,7.179999828338623,7.179999828338623,1303700
2024-06-14,7.050000190734863,7.050000190734863,6.860000133514404,6.909999847412109,6.909999847412109,1462200
2024-06-17,6.849999904632568,7.070000171661377,6.840000152587891,7.059999942779541,7.059999942779541,1222500
2024-06-18,7.070000171661377,7.130000114440918,6.889999866485596,6.889999866485596,6.889999866485596,1012300
2024-06-20,6.849999904632568,6.900000095367432,6.75,6.800000190734863,6.800000190734863,1260500
2024-06-21,6.800000190734863,7.010000228881836,6.78000020980835,6.920000076293945,6.920000076293945,4499500
2024-06-24,6.940000057220459,7.21999979019165,6.940000057220459,7.119999885559082,7.119999885559082,1366900
2024-06-25,7.099999904632568,7.130000114440918,6.980000019073486,7.110000133514404,7.110000133514404,783600
2024-06-26,7.019999980926514,7.190000057220459,6.96999979019165,7.03000020980835,7.03000020980835,1285900
2024-06-27,7.039999961853027,7.050000190734863,6.869999885559082,6.900000095367432,6.900000095367432,1038800
2024-06-28,7.0,7.03000020980835,6.860000133514404,6.989999771118164,6.989999771118164,1754500
2024-07-01,7.039999961853027,7.090000152587891,6.840000152587891,6.909999847412109,6.909999847412109,988000
2024-07-02,6.929999828338623,7.039999961853027,6.880000114440918,6.949999809265137,6.949999809265137,1201500
2024-07-03,6.960000038146973,7.019999980926514,6.920000076293945,6.989999771118164,6.989999771118164,420500
2024-07-05,6.900000095367432,6.949999809265137,6.659999847412109,6.670000076293945,6.670000076293945,1510000
2024-07-08,6.769999980926514,6.849999904632568,6.699999809265137,6.710000038146973,6.710000038146973,993300
2024-07-09,6.670000076293945,6.829999923706055,6.619999885559082,6.769999980926514,6.769999980926514,1475100
2024-07-10,6.789999961853027,6.829999923706055,6.71999979019165,6.809999942779541,6.809999942779541,1180500
2024-07-11,6.989999771118164,7.119999885559082,6.929999828338623,7.03000020980835,7.03000020980835,1473700
2024-07-12,7.139999866485596,7.199999809265137,7.050000190734863,7.170000076293945,7.170000076293945,967100
2024-07-15,7.159999847412109,7.269999980926514,7.099999904632568,7.150000095367432,7.150000095367432,916900
2024-07-16,7.25,7.349999904632568,7.230000019073486,7.349999904632568,7.349999904632568,1701500
2024-07-17,7.25,7.449999809265137,7.25,7.429999828338623,7.429999828338623,1433400
2024-07-18,7.369999885559082,7.579999923706055,7.28000020980835,7.349999904632568,7.349999904632568,1001900
2024-07-19,7.260000228881836,7.28000020980835,6.949999809265137,6.989999771118164,6.989999771118164,1393100
2024-07-22,7.070000171661377,7.239999771118164,6.949999809265137,7.230000019073486,7.230000019073486,1289700
2024-07-23,7.159999847412109,7.329999923706055,7.050000190734863,7.239999771118164,7.239999771118164,1264400
2024-07-24,7.179999828338623,7.380000114440918,7.090000152587891,7.090000152587891,7.090000152587891,898500
2024-07-25,7.070000171661377,7.139999866485596,6.900000095367432,7.03000020980835,7.03000020980835,1284600
2024-07-26,7.179999828338623,7.239999771118164,7.019999980926514,7.210000038146973,7.210000038146973,1046100
2024-07-29,7.210000038146973,7.239999771118164,7.070000171661377,7.130000114440918,7.130000114440918,935500
2024-07-30,7.199999809265137,7.239999771118164,7.059999942779541,7.110000133514404,7.110000133514404,960900
2024-07-31,7.190000057220459,7.650000095367432,7.179999828338623,7.429999828338623,7.429999828338623,3445000
2024-08-01,7.420000076293945,7.440000057220459,7.039999961853027,7.159999847412109,7.159999847412109,1315900
2024-08-02,6.989999771118164,7.119999885559082,6.619999885559082,6.659999847412109,6.659999847412109,1965700
2024-08-05,6.409999847412109,6.480000019073486,6.190000057220459,6.360000133514404,6.360000133514404,2010900
2024-08-06,6.360000133514404,6.489999771118164,6.28000020980835,6.320000171661377,6.320000171661377,1504100
2024-08-07,6.400000095367432,6.440000057220459,6.059999942779541,6.070000171661377,6.070000171661377,1548100
2024-08-08,6.159999847412109,6.239999771118164,6.079999923706055,6.210000038146973,6.210000038146973,1528200
2024-08-09,6.900000095367432,7.25,6.480000019073486,6.510000228881836,6.510000228881836,3058700
2024-08-12,6.449999809265137,6.599999904632568,5.989999771118164,6.059999942779541,6.059999942779541,2604900
2024-08-13,6.110000133514404,6.25,6.03000020980835,6.170000076293945,6.170000076293945,1551900
2024-08-14,6.21999979019165,6.260000228881836,6.079999923706055,6.159999847412109,6.159999847412109,1248300
2024-08-15,6.349999904632568,6.440000057220459,6.289999961853027,6.329999923706055,6.329999923706055,947400
2024-08-16,6.28000020980835,6.360000133514404,6.230000019073486,6.349999904632568,6.349999904632568,1365000
2024-08-19,6.389999866485596,6.46999979019165,6.380000114440918,6.429999828338623,6.429999828338623,1479200
2024-08-20,6.409999847412109,6.46999979019165,6.320000171661377,6.329999923706055,6.329999923706055,1151400
2024-08-21,6.400000095367432,6.429999828338623,6.349999904632568,6.389999866485596,6.389999866485596,748100
2024-08-22,6.369999885559082,6.389999866485596,6.239999771118164,6.25,6.25,1122800
2024-08-23,6.329999923706055,6.659999847412109,6.300000190734863,6.53000020980835,6.53000020980835,2038600
2024-08-26,6.610000133514404,6.630000114440918,6.510000228881836,6.510000228881836,6.510000228881836,1060500
2024-08-27,6.480000019073486,6.539999961853027,6.360000133514404,6.480000019073486,6.480000019073486,1544800
2024-08-28,6.440000057220459,6.460000038146973,6.309999942779541,6.429999828338623,6.429999828338623,1050600
2024-08-29,6.510000228881836,6.550000190734863,6.420000076293945,6.460000038146973,6.460000038146973,913600
2024-08-30,6.510000228881836,6.519999980926514,6.400000095367432,6.429999828338623,6.429999828338623,998800
2024-09-03,6.329999923706055,6.409999847412109,6.190000057220459,6.21999979019165,6.21999979019165,1968500
2024-09-04,6.210000038146973,6.369999885559082,6.130000114440918,6.150000095367432,6.150000095367432,1715100
2024-09-05,6.210000038146973,6.230000019073486,6.039999961853027,6.079999923706055,6.079999923706055,1826700
2024-09-06,6.070000171661377,6.139999866485596,5.849999904632568,5.900000095367432,5.900000095367432,1984800
2024-09-09,5.900000095367432,5.949999809265137,5.789999961853027,5.849999904632568,5.849999904632568,1445700
2024-09-10,5.75,5.78000020980835,5.429999828338623,5.650000095367432,5.650000095367432,2826400
2024-09-11,5.650000095367432,5.670000076293945,5.550000190734863,5.650000095367432,5.650000095367432,1394400
2024-09-12,5.699999809265137,5.739999771118164,5.519999980926514,5.550000190734863,5.550000190734863,1314900
2024-09-13,5.650000095367432,5.929999828338623,5.630000114440918,5.829999923706055,5.829999923706055,1769000
2024-09-16,5.889999866485596,5.949999809265137,5.769999980926514,5.929999828338623,5.929999828338623,1313500
2024-09-17,6.0,6.230000019073486,6.0,6.130000114440918,6.130000114440918,1106700
2024-09-18,6.130000114440918,6.340000152587891,6.079999923706055,6.079999923706055,6.079999923706055,1613500
2024-09-19,6.300000190734863,6.320000171661377,6.210000038146973,6.28000020980835,6.28000020980835,1001900
2024-09-20,6.190000057220459,6.230000019073486,6.079999923706055,6.099999904632568,6.099999904632568,3834900
2024-09-23,6.139999866485596,6.150000095367432,6.050000190734863,6.079999923706055,6.079999923706055,1146500
2024-09-24,6.159999847412109,6.210000038146973,6.110000133514404,6.119999885559082,6.119999885559082,1372900
2024-09-25,6.059999942779541,6.150000095367432,6.010000228881836,6.099999904632568,6.099999904632568,1391700
2024-09-26,6.21999979019165,6.349999904632568,6.179999828338623,6.179999828338623,6.179999828338623,1833200
2024-09-27,6.289999961853027,6.619999885559082,6.25,6.380000114440918,6.380000114440918,2813400
2024-09-30,6.170000076293945,6.25,6.099999904632568,6.179999828338623,6.179999828338623,1705300
2024-10-01,6.139999866485596,6.170000076293945,6.03000020980835,6.079999923706055,6.079999923706055,1737800
2024-10-02,6.039999961853027,6.25,6.039999961853027,6.25,6.25,1171200
2024-10-03,6.159999847412109,6.199999809265137,6.03000020980835,6.099999904632568,6.099999904632568,1241600
2024-10-04,6.21999979019165,6.300000190734863,6.119999885559082,6.260000228881836,6.260000228881836,1188400
2024-10-07,6.239999771118164,6.260000228881836,6.050000190734863,6.110000133514404,6.110000133514404,1182800
2024-10-08,6.110000133514404,6.110000133514404,5.960000038146973,5.980000019073486,5.980000019073486,1350700
2024-10-09,5.949999809265137,6.079999923706055,5.940000057220459,6.0,6.0,855000
2024-10-10,5.960000038146973,6.03000020980835,5.909999847412109,6.010000228881836,6.010000228881836,1633700
2024-10-11,6.010000228881836,6.170000076293945,6.010000228881836,6.130000114440918,6.130000114440918,689000
2024-10-14,6.090000152587891,6.150000095367432,6.019999980926514,6.139999866485596,6.139999866485596,1201000
2024-10-15,6.079999923706055,6.170000076293945,6.03000020980835,6.03000020980835,6.03000020980835,977100
2024-10-16,6.099999904632568,6.21999979019165,6.050000190734863,6.179999828338623,6.179999828338623,1514600
2024-10-17,6.190000057220459,6.320000171661377,6.130000114440918,6.289999961853027,6.289999961853027,1173800
2024-10-18,6.5,6.550000190734863,6.269999980926514,6.309999942779541,6.309999942779541,2163600
2024-10-21,6.289999961853027,6.309999942779541,6.179999828338623,6.21999979019165,6.21999979019165,1361800
2024-10-22,6.210000038146973,6.239999771118164,6.039999961853027,6.050000190734863,6.050000190734863,1313800
2024-10-23,6.019999980926514,6.079999923706055,5.960000038146973,6.039999961853027,6.039999961853027,1074400
2024-10-24,6.130000114440918,6.159999847412109,5.949999809265137,6.139999866485596,6.139999866485596,2021200
2024-10-25,6.210000038146973,6.239999771118164,6.0,6.0,6.0,1305600
2024-10-28,6.050000190734863,6.309999942779541,6.03000020980835,6.300000190734863,6.300000190734863,2532100
2024-10-29,6.190000057220459,6.21999979019165,6.079999923706055,6.110000133514404,6.110000133514404,1079300
2024-10-30,6.019999980926514,6.039999961853027,5.800000190734863,5.809999942779541,5.809999942779541,1798800
2024-10-31,5.78000020980835,5.809999942779541,5.650000095367432,5.650000095367432,5.650000095367432,1675800
2024-11-01,5.699999809265137,5.840000152587891,5.699999809265137,5.760000228881836,5.760000228881836,2052800
2024-11-04,5.75,5.889999866485596,5.75,5.800000190734863,5.800000190734863,1933400
2024-11-05,5.739999771118164,5.949999809265137,5.710000038146973,5.880000114440918,5.880000114440918,1898600
2024-11-06,6.25,6.389999866485596,6.110000133514404,6.199999809265137,6.199999809265137,1958700
