Date,Open,High,Low,Close,Adj Close,Volume
2005-08-30,15.09000015258789,15.130000114440918,15.010000228881836,15.09000015258789,2.7917327880859375,63500
2005-08-31,15.09000015258789,15.119999885559082,15.020000457763672,15.100000381469727,2.7935822010040283,69800
2005-09-01,15.149999618530273,15.229999542236328,15.069999694824219,15.140000343322754,2.800982713699341,101600
2005-09-02,15.149999618530273,15.170000076293945,15.0600004196167,15.140000343322754,2.800982713699341,62800
2005-09-06,15.1899995803833,15.199999809265137,15.100000381469727,15.199999809265137,2.812081813812256,47000
2005-09-07,15.199999809265137,15.220000267028809,15.0600004196167,15.140000343322754,2.800982713699341,90900
2005-09-08,15.170000076293945,15.199999809265137,15.050000190734863,15.180000305175781,2.808382987976074,84400
2005-09-09,15.1899995803833,15.220000267028809,15.119999885559082,15.140000343322754,2.800982713699341,43100
2005-09-12,15.100000381469727,15.1899995803833,15.039999961853027,15.130000114440918,2.7991323471069336,47500
2005-09-13,15.180000305175781,15.1899995803833,15.079999923706055,15.1899995803833,2.8102340698242188,61100
2005-09-14,15.170000076293945,15.170000076293945,15.069999694824219,15.140000343322754,2.800982713699341,41500
2005-09-15,15.100000381469727,15.109999656677246,15.0,15.0,2.775083541870117,73700
2005-09-16,15.0,15.079999923706055,15.0,15.029999732971191,2.780632734298706,72000
2005-09-19,15.100000381469727,15.109999656677246,15.0,15.0,2.775083541870117,75600
2005-09-20,15.010000228881836,15.050000190734863,15.0,15.010000228881836,2.77693247795105,74900
2005-09-21,15.0,15.020000457763672,15.0,15.0,2.775083541870117,136100
2005-09-22,15.0,15.010000228881836,15.0,15.0,2.775083541870117,102400
2005-09-23,15.010000228881836,15.050000190734863,15.0,15.0,2.775083541870117,94100
2005-09-26,15.0,15.010000228881836,15.0,15.010000228881836,2.77693247795105,156200
2005-09-27,15.0,15.010000228881836,15.0,15.010000228881836,2.77693247795105,60400
2005-09-28,15.0,15.010000228881836,15.0,15.0,2.775083541870117,112000
2005-09-29,15.0,15.010000228881836,15.0,15.0,2.775083541870117,1011500
2005-09-30,15.0,15.010000228881836,15.0,15.0,2.775083541870117,237100
2005-10-03,15.0,15.010000228881836,15.0,15.0,2.775083541870117,130300
2005-10-04,15.010000228881836,15.010000228881836,15.0,15.0,2.775083541870117,226300
2005-10-05,15.0,15.010000228881836,15.0,15.0,2.775083541870117,156000
2005-10-06,15.010000228881836,15.020000457763672,14.5,15.0,2.775083541870117,396600
2005-10-07,14.899999618530273,15.0,14.75,14.8100004196167,2.73992919921875,79300
2005-10-10,14.770000457763672,14.800000190734863,14.510000228881836,14.800000190734863,2.738079071044922,95400
2005-10-11,14.850000381469727,14.899999618530273,14.520000457763672,14.550000190734863,2.691828966140747,74100
2005-10-12,14.600000381469727,14.899999618530273,14.399999618530273,14.880000114440918,2.7528810501098633,130600
2005-10-13,14.8100004196167,14.850000381469727,14.399999618530273,14.4399995803833,2.6714797019958496,91800
2005-10-14,14.350000381469727,14.5,14.010000228881836,14.109999656677246,2.610426187515259,119500
2005-10-17,14.050000190734863,14.5,14.050000190734863,14.5,2.6825802326202393,57200
2005-10-18,14.369999885559082,14.680000305175781,14.350000381469727,14.460000038146973,2.675177574157715,54400
2005-10-19,14.640000343322754,14.739999771118164,14.470000267028809,14.5600004196167,2.693679094314575,65100
2005-10-20,14.630000114440918,14.640000343322754,14.279999732971191,14.449999809265137,2.6733286380767822,82000
2005-10-21,14.350000381469727,14.529999732971191,14.050000190734863,14.109999656677246,2.610426187515259,78700
2005-10-24,14.100000381469727,14.199999809265137,13.739999771118164,13.850000381469727,2.5809829235076904,103400
2005-10-25,13.800000190734863,13.890000343322754,13.25,13.619999885559082,2.538123607635498,170300
2005-10-26,13.720000267028809,13.739999771118164,13.199999809265137,13.579999923706055,2.530668020248413,233300
2005-10-27,13.59000015258789,13.989999771118164,13.59000015258789,13.84000015258789,2.5791211128234863,89700
2005-10-28,13.800000190734863,13.899999618530273,13.729999542236328,13.890000343322754,2.588437557220459,52000
2005-10-31,14.149999618530273,14.25,13.680000305175781,13.789999961853027,2.56980299949646,152300
2005-11-01,13.770000457763672,13.949999809265137,13.6899995803833,13.920000076293945,2.5940284729003906,90000
2005-11-02,13.979999542236328,14.0,13.850000381469727,13.899999618530273,2.590301275253296,110200
2005-11-03,13.979999542236328,14.020000457763672,13.800000190734863,14.020000457763672,2.6126651763916016,106300
2005-11-04,14.020000457763672,14.020000457763672,13.899999618530273,14.020000457763672,2.6126651763916016,61900
2005-11-07,14.020000457763672,14.100000381469727,13.930000305175781,14.039999961853027,2.616389513015747,96400
2005-11-08,14.09000015258789,14.170000076293945,13.960000038146973,13.970000267028809,2.603344678878784,71100
2005-11-09,14.069999694824219,14.109999656677246,13.920000076293945,13.970000267028809,2.603344678878784,85200
2005-11-10,13.869999885559082,14.069999694824219,13.869999885559082,13.960000038146973,2.6206166744232178,89500
2005-11-11,13.960000038146973,14.020000457763672,13.539999961853027,13.6899995803833,2.569930076599121,99800
2005-11-14,13.760000228881836,13.770000457763672,13.380000114440918,13.550000190734863,2.5436508655548096,131300
2005-11-15,13.550000190734863,13.600000381469727,13.039999961853027,13.289999961853027,2.4948418140411377,202000
2005-11-16,13.289999961853027,13.289999961853027,13.069999694824219,13.140000343322754,2.4666829109191895,265800
2005-11-17,13.079999923706055,13.4399995803833,13.039999961853027,13.420000076293945,2.5192456245422363,235800
2005-11-18,13.420000076293945,13.600000381469727,13.149999618530273,13.350000381469727,2.5061051845550537,192400
2005-11-21,13.199999809265137,13.300000190734863,12.899999618530273,13.09000015258789,2.457296371459961,343200
2005-11-22,13.140000343322754,13.449999809265137,12.75,13.100000381469727,2.4591736793518066,317400
2005-11-23,13.050000190734863,13.34000015258789,12.90999984741211,13.079999923706055,2.4554190635681152,242100
2005-11-25,13.170000076293945,13.5,13.170000076293945,13.5,2.5342633724212646,75200
2005-11-28,13.5,13.699999809265137,13.300000190734863,13.4399995803833,2.523000717163086,195000
2005-11-29,13.270000457763672,13.59000015258789,13.180000305175781,13.25,2.487332582473755,262100
2005-11-30,13.220000267028809,13.270000457763672,13.0600004196167,13.1899995803833,2.476069211959839,265500
2005-12-01,13.25,13.399999618530273,13.130000114440918,13.359999656677246,2.507981061935425,249300
2005-12-02,13.420000076293945,13.579999923706055,13.229999542236328,13.369999885559082,2.509857654571533,167500
2005-12-05,13.390000343322754,13.579999923706055,13.09000015258789,13.239999771118164,2.4854557514190674,189600
2005-12-06,13.140000343322754,13.34000015258789,13.109999656677246,13.25,2.487332582473755,313600
2005-12-07,13.180000305175781,13.300000190734863,13.039999961853027,13.1899995803833,2.476069211959839,239500
2005-12-08,13.100000381469727,13.1899995803833,12.829999923706055,13.050000190734863,2.4497880935668945,281500
2005-12-09,12.949999809265137,13.149999618530273,12.829999923706055,13.069999694824219,2.453542947769165,213200
2005-12-12,13.050000190734863,13.15999984741211,12.819999694824219,12.949999809265137,2.431015968322754,347500
2005-12-13,12.850000381469727,12.899999618530273,12.609999656677246,12.619999885559082,2.3878772258758545,290800
2005-12-14,12.649999618530273,12.930000305175781,12.609999656677246,12.640000343322754,2.3916609287261963,323600
2005-12-15,12.65999984741211,12.850000381469727,12.520000457763672,12.75,2.4124739170074463,409700
2005-12-16,12.649999618530273,12.819999694824219,12.569999694824219,12.65999984741211,2.395444869995117,389000
2005-12-19,12.609999656677246,12.880000114440918,12.40999984741211,12.449999809265137,2.3557071685791016,502300
2005-12-20,12.5,12.5,12.15999984741211,12.210000038146973,2.3102974891662598,615500
2005-12-21,12.25,12.5,12.220000267028809,12.470000267028809,2.359492778778076,640300
2005-12-22,12.300000190734863,12.949999809265137,12.300000190734863,12.949999809265137,2.4503157138824463,612500
2005-12-23,12.800000190734863,12.979999542236328,12.550000190734863,12.880000114440918,2.437070369720459,473100
2005-12-27,13.0,13.0,12.510000228881836,12.789999961853027,2.420041084289551,521300
2005-12-28,12.630000114440918,12.90999984741211,12.630000114440918,12.739999771118164,2.4105799198150635,385600
2005-12-29,12.65999984741211,12.890000343322754,12.640000343322754,12.75,2.4124739170074463,391700
2005-12-30,12.699999809265137,12.850000381469727,12.529999732971191,12.800000190734863,2.421934127807617,520600
2006-01-03,12.890000343322754,13.100000381469727,12.869999885559082,13.100000381469727,2.4786977767944336,243500
2006-01-04,13.149999618530273,13.430000305175781,13.100000381469727,13.420000076293945,2.539245367050171,254600
2006-01-05,13.40999984741211,13.5600004196167,13.279999732971191,13.420000076293945,2.539245367050171,276000
2006-01-06,13.5,13.699999809265137,13.449999809265137,13.600000381469727,2.5733044147491455,204200
2006-01-09,13.619999885559082,13.729999542236328,13.510000228881836,13.680000305175781,2.5884416103363037,242500
2006-01-10,13.630000114440918,13.760000228881836,13.520000457763672,13.760000228881836,2.6035780906677246,247900
2006-01-11,13.779999732971191,13.869999885559082,13.6899995803833,13.84000015258789,2.618715286254883,220400
2006-01-12,13.640000343322754,13.779999732971191,13.420000076293945,13.680000305175781,2.607659339904785,171700
2006-01-13,13.739999771118164,13.800000190734863,13.600000381469727,13.6899995803833,2.6095645427703857,164500
2006-01-17,13.699999809265137,13.890000343322754,13.449999809265137,13.539999961853027,2.5809717178344727,202100
2006-01-18,13.350000381469727,13.75,13.15999984741211,13.649999618530273,2.6019415855407715,227700
2006-01-19,13.550000190734863,13.800000190734863,13.420000076293945,13.529999732971191,2.579068422317505,200600
2006-01-20,13.65999984741211,13.739999771118164,13.550000190734863,13.649999618530273,2.6019415855407715,269000
2006-01-23,13.789999961853027,13.850000381469727,13.550000190734863,13.5600004196167,2.584785223007202,288500
2006-01-24,13.630000114440918,13.640000343322754,13.399999618530273,13.4399995803833,2.5619115829467773,237600
2006-01-25,13.380000114440918,13.420000076293945,13.260000228881836,13.350000381469727,2.544755458831787,250100
2006-01-26,13.449999809265137,13.550000190734863,13.350000381469727,13.40999984741211,2.5561935901641846,282100
2006-01-27,13.460000038146973,13.460000038146973,13.270000457763672,13.329999923706055,2.5409438610076904,209200
2006-01-30,13.390000343322754,13.640000343322754,13.34000015258789,13.489999771118164,2.571441888809204,256000
2006-01-31,13.59000015258789,13.739999771118164,13.399999618530273,13.5,2.573348045349121,269000
2006-02-01,13.649999618530273,13.9399995803833,13.630000114440918,13.920000076293945,2.653409004211426,310600
2006-02-02,13.930000305175781,13.960000038146973,13.699999809265137,13.890000343322754,2.647691011428833,243000
2006-02-03,13.899999618530273,14.140000343322754,13.75,14.020000457763672,2.6724720001220703,263500
2006-02-06,14.050000190734863,14.100000381469727,13.930000305175781,13.989999771118164,2.66675066947937,238200
2006-02-07,13.890000343322754,14.0600004196167,13.84000015258789,14.0,2.6686582565307617,211400
2006-02-08,14.050000190734863,14.180000305175781,13.960000038146973,14.039999961853027,2.676280975341797,191300
2006-02-09,14.039999961853027,14.100000381469727,13.859999656677246,14.0,2.6686582565307617,201100
2006-02-10,14.050000190734863,14.09000015258789,13.859999656677246,14.039999961853027,2.676280975341797,147900
2006-02-13,14.029999732971191,14.09000015258789,13.6899995803833,13.859999656677246,2.661306142807007,212600
2006-02-14,13.789999961853027,14.050000190734863,13.789999961853027,13.90999984741211,2.670905351638794,190200
2006-02-15,13.9399995803833,13.9399995803833,13.619999885559082,13.699999809265137,2.6305832862854004,186900
2006-02-16,13.8100004196167,13.84000015258789,13.65999984741211,13.739999771118164,2.6382625102996826,155800
2006-02-17,13.75,13.760000228881836,13.65999984741211,13.670000076293945,2.6248230934143066,170000
2006-02-21,13.850000381469727,13.899999618530273,13.619999885559082,13.680000305175781,2.6267411708831787,271400
2006-02-22,13.739999771118164,13.800000190734863,13.640000343322754,13.699999809265137,2.6305832862854004,224400
2006-02-23,13.770000457763672,13.850000381469727,13.609999656677246,13.710000038146973,2.6325018405914307,280200
2006-02-24,13.829999923706055,13.890000343322754,13.729999542236328,13.890000343322754,2.6670660972595215,184700
2006-02-27,14.0,14.050000190734863,13.869999885559082,13.899999618530273,2.6689860820770264,228600
2006-02-28,14.020000457763672,14.050000190734863,13.850000381469727,14.020000457763672,2.6920278072357178,237700
2006-03-01,14.140000343322754,14.140000343322754,14.0,14.0600004196167,2.699707508087158,237500
2006-03-02,14.09000015258789,14.149999618530273,13.9399995803833,14.069999694824219,2.701629877090454,189800
2006-03-03,14.100000381469727,14.199999809265137,14.010000228881836,14.170000076293945,2.7208316326141357,156100
2006-03-06,14.210000038146973,14.329999923706055,14.15999984741211,14.220000267028809,2.7304298877716064,199400
2006-03-07,14.199999809265137,14.199999809265137,14.010000228881836,14.069999694824219,2.701629877090454,143200
2006-03-08,14.029999732971191,14.170000076293945,13.819999694824219,14.140000343322754,2.7150697708129883,185400
2006-03-09,14.239999771118164,14.25,14.050000190734863,14.119999885559082,2.7112298011779785,170800
2006-03-10,14.220000267028809,14.279999732971191,14.130000114440918,14.199999809265137,2.7265892028808594,121700
2006-03-13,14.210000038146973,14.239999771118164,14.100000381469727,14.100000381469727,2.7269763946533203,131600
2006-03-14,14.020000457763672,14.069999694824219,13.949999809265137,14.020000457763672,2.711505651473999,199800
2006-03-15,14.079999923706055,14.079999923706055,13.850000381469727,13.880000114440918,2.6844286918640137,169300
2006-03-16,13.930000305175781,13.970000267028809,13.850000381469727,13.899999618530273,2.6882946491241455,168200
2006-03-17,13.970000267028809,13.970000267028809,13.8100004196167,13.9399995803833,2.6960315704345703,187000
2006-03-20,14.0,14.0,13.850000381469727,13.890000343322754,2.686363458633423,212500
2006-03-21,13.890000343322754,13.960000038146973,13.800000190734863,13.859999656677246,2.6805593967437744,191600
2006-03-22,13.869999885559082,13.920000076293945,13.789999961853027,13.869999885559082,2.6824941635131836,188100
2006-03-23,13.920000076293945,13.920000076293945,13.729999542236328,13.760000228881836,2.6612188816070557,222700
2006-03-24,13.819999694824219,13.880000114440918,13.729999542236328,13.739999771118164,2.657350778579712,194400
2006-03-27,13.8100004196167,13.8100004196167,13.670000076293945,13.670000076293945,2.6438138484954834,185800
2006-03-28,13.670000076293945,13.789999961853027,13.649999618530273,13.739999771118164,2.657350778579712,188900
2006-03-29,13.800000190734863,13.90999984741211,13.75,13.90999984741211,2.6902284622192383,178300
2006-03-30,13.890000343322754,13.960000038146973,13.859999656677246,13.960000038146973,2.699899911880493,121500
2006-03-31,13.989999771118164,14.050000190734863,13.920000076293945,13.979999542236328,2.703768730163574,170000
2006-04-03,14.079999923706055,14.149999618530273,13.989999771118164,14.039999961853027,2.7153708934783936,147100
2006-04-04,14.039999961853027,14.09000015258789,13.90999984741211,14.0,2.7076358795166016,167500
2006-04-05,14.039999961853027,14.140000343322754,13.960000038146973,14.069999694824219,2.7211761474609375,185400
2006-04-06,13.970000267028809,14.130000114440918,13.869999885559082,13.880000114440918,2.6844286918640137,260300
2006-04-07,13.920000076293945,14.0,13.890000343322754,14.0,2.7076358795166016,170000
2006-04-10,14.039999961853027,14.050000190734863,13.850000381469727,13.859999656677246,2.6805593967437744,161800
2006-04-11,13.960000038146973,13.960000038146973,13.800000190734863,13.819999694824219,2.672823667526245,154300
2006-04-12,13.800000190734863,13.84000015258789,13.640000343322754,13.699999809265137,2.6693167686462402,199700
2006-04-13,13.760000228881836,13.760000228881836,13.430000305175781,13.520000457763672,2.634246587753296,171500
2006-04-17,13.430000305175781,13.470000267028809,13.039999961853027,13.199999809265137,2.571897506713867,245500
2006-04-18,13.109999656677246,13.3100004196167,13.050000190734863,13.300000190734863,2.591381788253784,284300
2006-04-19,13.34000015258789,13.449999809265137,13.130000114440918,13.279999732971191,2.587484359741211,184400
2006-04-20,13.319999694824219,13.609999656677246,13.220000267028809,13.390000343322754,2.608914852142334,172100
2006-04-21,13.289999961853027,13.359999656677246,13.170000076293945,13.270000457763672,2.585536003112793,234200
2006-04-24,13.300000190734863,13.359999656677246,13.149999618530273,13.149999618530273,2.562155246734619,214600
2006-04-25,13.180000305175781,13.220000267028809,13.100000381469727,13.130000114440918,2.5582573413848877,200500
2006-04-26,13.079999923706055,13.229999542236328,13.079999923706055,13.140000343322754,2.56020450592041,160500
2006-04-27,13.119999885559082,13.180000305175781,13.079999923706055,13.140000343322754,2.56020450592041,192000
2006-04-28,13.100000381469727,13.3100004196167,13.100000381469727,13.300000190734863,2.591381788253784,141100
2006-05-01,13.25,13.5600004196167,13.25,13.5,2.630347490310669,171400
2006-05-02,13.520000457763672,13.75,13.489999771118164,13.6899995803833,2.6673669815063477,211300
2006-05-03,13.699999809265137,13.739999771118164,13.600000381469727,13.65999984741211,2.6615219116210938,155200
2006-05-04,13.609999656677246,13.710000038146973,13.5600004196167,13.569999694824219,2.643986701965332,168400
2006-05-05,13.609999656677246,13.75,13.59000015258789,13.699999809265137,2.6693167686462402,128200
2006-05-08,13.6899995803833,13.739999771118164,13.600000381469727,13.65999984741211,2.6615219116210938,149700
2006-05-09,13.710000038146973,13.75,13.609999656677246,13.640000343322754,2.6576244831085205,192700
2006-05-10,13.649999618530273,13.649999618530273,13.550000190734863,13.550000190734863,2.6400909423828125,178800
2006-05-11,13.5,13.520000457763672,13.25,13.319999694824219,2.6149604320526123,202500
2006-05-12,13.3100004196167,13.319999694824219,13.010000228881836,13.079999923706055,2.5678446292877197,213900
2006-05-15,13.199999809265137,13.25,13.050000190734863,13.199999809265137,2.5914032459259033,215100
2006-05-16,13.199999809265137,13.399999618530273,13.199999809265137,13.350000381469727,2.62085223197937,228100
2006-05-17,13.350000381469727,13.420000076293945,13.020000457763672,13.079999923706055,2.5678446292877197,171100
2006-05-18,13.079999923706055,13.300000190734863,13.079999923706055,13.260000228881836,2.603182554244995,160500
2006-05-19,13.260000228881836,13.260000228881836,13.09000015258789,13.119999885559082,2.5756995677948,163900
2006-05-22,13.109999656677246,13.199999809265137,13.079999923706055,13.15999984741211,2.583552598953247,178200
2006-05-23,13.25,13.399999618530273,13.170000076293945,13.210000038146973,2.593367099761963,211300
2006-05-24,13.180000305175781,13.34000015258789,12.869999885559082,13.0,2.552140474319458,225300
2006-05-25,13.020000457763672,13.25,13.020000457763672,13.09000015258789,2.569807529449463,198700
2006-05-26,13.09000015258789,13.210000038146973,13.09000015258789,13.180000305175781,2.587477445602417,117900
2006-05-30,13.1899995803833,13.1899995803833,13.069999694824219,13.069999694824219,2.5658819675445557,195000
2006-05-31,13.149999618530273,13.300000190734863,13.069999694824219,13.109999656677246,2.5737340450286865,179400
2006-06-01,13.119999885559082,13.34000015258789,13.109999656677246,13.329999923706055,2.6169257164001465,136000
2006-06-02,13.319999694824219,13.5,13.319999694824219,13.449999809265137,2.6404812335968018,137800
2006-06-05,13.369999885559082,13.579999923706055,13.329999923706055,13.390000343322754,2.628704071044922,169300
2006-06-06,13.399999618530273,13.569999694824219,13.119999885559082,13.449999809265137,2.6404812335968018,231100
2006-06-07,13.449999809265137,13.600000381469727,13.34000015258789,13.550000190734863,2.660116672515869,229700
2006-06-08,13.5,13.529999732971191,13.300000190734863,13.520000457763672,2.654226303100586,169800
2006-06-09,13.550000190734863,13.649999618530273,13.520000457763672,13.5600004196167,2.6620795726776123,111800
2006-06-12,13.65999984741211,13.65999984741211,13.479999542236328,13.529999732971191,2.656189203262329,183700
2006-06-13,13.470000267028809,13.5,13.100000381469727,13.260000228881836,2.6229565143585205,224200
2006-06-14,13.15999984741211,13.279999732971191,13.149999618530273,13.270000457763672,2.6249356269836426,181000
2006-06-15,13.289999961853027,13.550000190734863,13.289999961853027,13.550000190734863,2.6803224086761475,181400
2006-06-16,13.649999618530273,13.65999984741211,13.460000038146973,13.640000343322754,2.6981239318847656,140700
2006-06-19,13.649999618530273,13.699999809265137,13.479999542236328,13.600000381469727,2.690211057662964,146300
2006-06-20,13.640000343322754,13.680000305175781,13.359999656677246,13.380000114440918,2.646692991256714,176700
2006-06-21,13.399999618530273,13.579999923706055,13.350000381469727,13.449999809265137,2.660539150238037,203800
2006-06-22,13.520000457763672,13.520000457763672,13.25,13.34000015258789,2.6387808322906494,221300
2006-06-23,13.369999885559082,13.399999618530273,13.260000228881836,13.399999618530273,2.650651693344116,193000
2006-06-26,13.470000267028809,13.539999961853027,13.399999618530273,13.5,2.670431137084961,166400
2006-06-27,13.5,13.569999694824219,13.399999618530273,13.399999618530273,2.650651693344116,166200
2006-06-28,13.4399995803833,13.59000015258789,13.390000343322754,13.5600004196167,2.682298421859741,124500
2006-06-29,13.510000228881836,13.579999923706055,13.470000267028809,13.5600004196167,2.682298421859741,139800
2006-06-30,13.600000381469727,13.600000381469727,13.460000038146973,13.510000228881836,2.6724085807800293,148100
2006-07-03,13.510000228881836,13.649999618530273,13.479999542236328,13.649999618530273,2.700101852416992,48200
2006-07-05,13.649999618530273,13.829999923706055,13.539999961853027,13.760000228881836,2.721860885620117,139600
2006-07-06,13.8100004196167,13.9399995803833,13.760000228881836,13.850000381469727,2.739663600921631,137800
2006-07-07,13.920000076293945,13.949999809265137,13.779999732971191,13.90999984741211,2.7515311241149902,146800
2006-07-10,13.949999809265137,13.960000038146973,13.84000015258789,13.960000038146973,2.761423349380493,181200
2006-07-11,13.960000038146973,13.970000267028809,13.789999961853027,13.960000038146973,2.761423349380493,193300
2006-07-12,13.75,13.890000343322754,13.75,13.850000381469727,2.7598283290863037,170300
2006-07-13,13.850000381469727,13.850000381469727,13.640000343322754,13.829999923706055,2.7558445930480957,207400
2006-07-14,13.920000076293945,13.920000076293945,13.510000228881836,13.680000305175781,2.7259533405303955,128300
2006-07-17,13.680000305175781,13.789999961853027,13.5600004196167,13.600000381469727,2.7100119590759277,126100
2006-07-18,13.75,13.75,13.510000228881836,13.579999923706055,2.7060277462005615,237900
2006-07-19,13.609999656677246,13.949999809265137,13.600000381469727,13.949999809265137,2.7797555923461914,235000
2006-07-20,13.979999542236328,13.979999542236328,13.6899995803833,13.800000190734863,2.7498652935028076,217500
2006-07-21,13.84000015258789,13.84000015258789,13.609999656677246,13.680000305175781,2.7259533405303955,149800
2006-07-24,13.880000114440918,13.880000114440918,13.670000076293945,13.859999656677246,2.7618227005004883,189600
2006-07-25,13.859999656677246,13.859999656677246,13.649999618530273,13.850000381469727,2.7598283290863037,241100
2006-07-26,13.850000381469727,13.930000305175781,13.789999961853027,13.920000076293945,2.773777961730957,179200
2006-07-27,13.989999771118164,14.029999732971191,13.920000076293945,13.970000267028809,2.783740997314453,167700
2006-07-28,14.020000457763672,14.0600004196167,13.949999809265137,14.0600004196167,2.8016750812530518,150400
2006-07-31,14.0,14.069999694824219,13.899999618530273,13.960000038146973,2.7817482948303223,266700
2006-08-01,14.010000228881836,14.0600004196167,13.859999656677246,14.0600004196167,2.8016750812530518,237200
2006-08-02,14.010000228881836,14.140000343322754,14.010000228881836,14.119999885559082,2.8136308193206787,180800
2006-08-03,14.119999885559082,14.270000457763672,14.0,14.270000457763672,2.8435211181640625,293100
2006-08-04,14.40999984741211,14.420000076293945,14.279999732971191,14.329999923706055,2.8554763793945312,172400
2006-08-07,14.329999923706055,14.380000114440918,14.220000267028809,14.350000381469727,2.859461784362793,233200
2006-08-08,14.369999885559082,14.430000305175781,14.270000457763672,14.430000305175781,2.875403642654419,234300
2006-08-09,14.420000076293945,14.569999694824219,14.369999885559082,14.550000190734863,2.8993167877197266,219800
2006-08-10,14.630000114440918,14.630000114440918,14.329999923706055,14.539999961853027,2.8973212242126465,232700
2006-08-11,14.550000190734863,14.569999694824219,14.319999694824219,14.380000114440918,2.8856825828552246,229600
2006-08-14,14.529999732971191,14.529999732971191,14.229999542236328,14.350000381469727,2.8796651363372803,183800
2006-08-15,14.390000343322754,14.420000076293945,14.229999542236328,14.329999923706055,2.8756487369537354,220200
2006-08-16,14.5,14.520000457763672,14.319999694824219,14.380000114440918,2.8856825828552246,230800
2006-08-17,14.470000267028809,14.489999771118164,14.380000114440918,14.399999618530273,2.8896987438201904,241900
2006-08-18,14.420000076293945,14.550000190734863,14.399999618530273,14.550000190734863,2.9197986125946045,172100
2006-08-21,14.640000343322754,14.640000343322754,14.359999656677246,14.520000457763672,2.9137773513793945,216200
2006-08-22,14.619999885559082,14.619999885559082,14.449999809265137,14.539999961853027,2.917793035507202,231800
2006-08-23,14.600000381469727,14.630000114440918,14.369999885559082,14.399999618530273,2.8896987438201904,327200
2006-08-24,14.460000038146973,14.59000015258789,14.390000343322754,14.59000015258789,2.927823781967163,227300
2006-08-25,14.619999885559082,14.619999885559082,14.510000228881836,14.600000381469727,2.929830312728882,236000
2006-08-28,14.649999618530273,14.699999809265137,14.319999694824219,14.390000343322754,2.887690782546997,344900
2006-08-29,14.4399995803833,14.550000190734863,14.420000076293945,14.539999961853027,2.917793035507202,233500
2006-08-30,14.579999923706055,14.600000381469727,14.470000267028809,14.550000190734863,2.9197986125946045,179800
2006-08-31,14.630000114440918,14.640000343322754,14.539999961853027,14.640000343322754,2.9378576278686523,279300
2006-09-01,14.6899995803833,14.829999923706055,14.649999618530273,14.699999809265137,2.9498989582061768,210800
2006-09-05,14.819999694824219,14.850000381469727,14.649999618530273,14.800000190734863,2.9699654579162598,234600
2006-09-06,14.859999656677246,14.880000114440918,14.430000305175781,14.539999961853027,2.917793035507202,352600
2006-09-07,14.529999732971191,14.59000015258789,14.430000305175781,14.470000267028809,2.90374493598938,222400
2006-09-08,14.59000015258789,14.59000015258789,14.40999984741211,14.489999771118164,2.9077577590942383,223300
2006-09-11,14.520000457763672,14.760000228881836,14.489999771118164,14.739999771118164,2.9579265117645264,177100
2006-09-12,14.739999771118164,14.800000190734863,14.649999618530273,14.800000190734863,2.9699654579162598,194800
2006-09-13,14.789999961853027,14.789999961853027,14.460000038146973,14.600000381469727,2.950162410736084,335800
2006-09-14,14.619999885559082,14.710000038146973,14.5,14.5600004196167,2.942082166671753,246300
2006-09-15,14.699999809265137,14.739999771118164,14.609999656677246,14.699999809265137,2.970370292663574,186300
2006-09-18,14.789999961853027,14.800000190734863,14.600000381469727,14.75,2.980473518371582,265900
2006-09-19,14.800000190734863,14.800000190734863,14.520000457763672,14.6899995803833,2.968350410461426,289000
2006-09-20,14.789999961853027,14.800000190734863,14.550000190734863,14.649999618530273,2.960266351699829,294800
2006-09-21,14.649999618530273,14.670000076293945,14.510000228881836,14.520000457763672,2.9339985847473145,220800
2006-09-22,14.619999885559082,14.779999732971191,14.510000228881836,14.779999732971191,2.9865362644195557,265500
2006-09-25,14.800000190734863,14.800000190734863,14.619999885559082,14.739999771118164,2.9784538745880127,287000
2006-09-26,14.789999961853027,14.800000190734863,14.600000381469727,14.65999984741211,2.9622886180877686,298100
2006-09-27,14.680000305175781,14.75,14.619999885559082,14.649999618530273,2.960266351699829,343900
2006-09-28,14.739999771118164,14.829999923706055,14.649999618530273,14.829999923706055,2.9966394901275635,256000
2006-09-29,14.930000305175781,14.949999809265137,14.800000190734863,14.899999618530273,3.0107836723327637,255700
2006-10-02,15.0,15.010000228881836,14.869999885559082,14.949999809265137,3.0208866596221924,165500
2006-10-03,15.0,15.0,14.800000190734863,14.859999656677246,3.0027003288269043,280800
2006-10-04,14.899999618530273,15.0,14.8100004196167,14.9399995803833,3.018864870071411,197800
2006-10-05,14.960000038146973,14.970000267028809,14.680000305175781,14.779999732971191,2.9865362644195557,314300
2006-10-06,14.800000190734863,14.899999618530273,14.75,14.890000343322754,3.0087625980377197,219500
2006-10-09,14.9399995803833,14.9399995803833,14.770000457763672,14.859999656677246,3.0027003288269043,223200
2006-10-10,14.930000305175781,14.930000305175781,14.789999961853027,14.829999923706055,2.9966394901275635,208700
2006-10-11,14.850000381469727,14.869999885559082,14.75,14.819999694824219,2.9946186542510986,249600
2006-10-12,14.850000381469727,14.850000381469727,14.649999618530273,14.710000038146973,2.992992877960205,226600
2006-10-13,14.760000228881836,14.789999961853027,14.710000038146973,14.789999961853027,3.0092673301696777,174200
2006-10-16,14.84000015258789,14.899999618530273,14.789999961853027,14.869999885559082,3.0255448818206787,225500
2006-10-17,14.880000114440918,14.989999771118164,14.869999885559082,14.989999771118164,3.049960136413574,250200
2006-10-18,14.970000267028809,15.0,14.800000190734863,14.869999885559082,3.0255448818206787,273300
2006-10-19,14.869999885559082,14.989999771118164,14.850000381469727,14.970000267028809,3.045891046524048,203600
2006-10-20,14.989999771118164,15.0,14.930000305175781,15.0,3.0519940853118896,188000
2006-10-23,15.0,15.0,14.890000343322754,14.970000267028809,3.045891046524048,269600
2006-10-24,14.989999771118164,15.0,14.850000381469727,14.869999885559082,3.0255448818206787,264400
2006-10-25,14.899999618530273,14.979999542236328,14.880000114440918,14.930000305175781,3.0377533435821533,230000
2006-10-26,14.989999771118164,15.0,14.899999618530273,14.989999771118164,3.049960136413574,300300
2006-10-27,15.0,15.010000228881836,14.9399995803833,14.979999542236328,3.0479249954223633,203100
2006-10-30,15.050000190734863,15.050000190734863,14.899999618530273,14.930000305175781,3.0377533435821533,217900
2006-10-31,14.970000267028809,14.979999542236328,14.869999885559082,14.920000076293945,3.0357186794281006,238500
2006-11-01,14.979999542236328,14.989999771118164,14.859999656677246,14.899999618530273,3.031648635864258,208100
2006-11-02,14.920000076293945,14.960000038146973,14.850000381469727,14.9399995803833,3.0397863388061523,202000
2006-11-03,14.970000267028809,14.979999542236328,14.800000190734863,14.880000114440918,3.0275778770446777,176000
2006-11-06,14.920000076293945,14.979999542236328,14.84000015258789,14.880000114440918,3.0275778770446777,205800
2006-11-07,14.920000076293945,14.989999771118164,14.859999656677246,14.970000267028809,3.045891046524048,191300
2006-11-08,15.0,15.029999732971191,14.920000076293945,15.0,3.0519940853118896,280500
2006-11-09,15.010000228881836,15.020000457763672,14.880000114440918,14.90999984741211,3.0336833000183105,254300
2006-11-10,14.949999809265137,14.989999771118164,14.890000343322754,14.9399995803833,3.0397863388061523,175300
2006-11-13,14.880000114440918,14.890000343322754,14.710000038146973,14.829999923706055,3.038147211074829,252100
2006-11-14,14.800000190734863,14.800000190734863,14.699999809265137,14.729999542236328,3.0176639556884766,254900
2006-11-15,14.729999542236328,14.739999771118164,14.569999694824219,14.649999618530273,3.001272439956665,331400
2006-11-16,14.680000305175781,14.699999809265137,14.619999885559082,14.640000343322754,2.999224901199341,217900
2006-11-17,14.670000076293945,14.800000190734863,14.609999656677246,14.800000190734863,3.032003879547119,200100
2006-11-20,14.800000190734863,14.800000190734863,14.710000038146973,14.779999732971191,3.027906894683838,267700
2006-11-21,14.800000190734863,14.800000190734863,14.600000381469727,14.630000114440918,2.997175693511963,299900
2006-11-22,14.630000114440918,14.760000228881836,14.609999656677246,14.720000267028809,3.0156147480010986,238400
2006-11-24,14.75,14.800000190734863,14.59000015258789,14.760000228881836,3.0238089561462402,117200
2006-11-27,14.760000228881836,14.770000457763672,14.5,14.529999732971191,2.9766883850097656,303800
2006-11-28,14.579999923706055,14.680000305175781,14.520000457763672,14.609999656677246,2.9930782318115234,201200
2006-11-29,14.59000015258789,14.779999732971191,14.579999923706055,14.760000228881836,3.0238089561462402,213100
2006-11-30,14.789999961853027,14.880000114440918,14.710000038146973,14.84000015258789,3.0401976108551025,200300
2006-12-01,14.899999618530273,14.930000305175781,14.800000190734863,14.90999984741211,3.0545382499694824,196100
2006-12-04,14.930000305175781,15.039999961853027,14.890000343322754,15.039999961853027,3.0811707973480225,162100
2006-12-05,15.050000190734863,15.140000343322754,15.010000228881836,15.130000114440918,3.0996077060699463,207700
2006-12-06,15.140000343322754,15.170000076293945,15.069999694824219,15.09000015258789,3.091413736343384,208400
2006-12-07,15.100000381469727,15.149999618530273,14.970000267028809,15.0,3.072974681854248,227600
2006-12-08,15.140000343322754,15.170000076293945,15.039999961853027,15.130000114440918,3.0996077060699463,221800
2006-12-11,15.149999618530273,15.199999809265137,15.069999694824219,15.119999885559082,3.09755802154541,204800
2006-12-12,15.15999984741211,15.229999542236328,15.010000228881836,15.050000190734863,3.0832183361053467,168300
2006-12-13,14.989999771118164,15.069999694824219,14.90999984741211,14.9399995803833,3.081568956375122,244500
2006-12-14,15.079999923706055,15.140000343322754,14.989999771118164,15.029999732971191,3.1001322269439697,211400
2006-12-15,15.050000190734863,15.239999771118164,15.029999732971191,15.130000114440918,3.120759963989258,143300
2006-12-18,15.130000114440918,15.229999542236328,15.0600004196167,15.210000038146973,3.137261152267456,193900
2006-12-19,15.239999771118164,15.369999885559082,15.100000381469727,15.300000190734863,3.1558244228363037,197600
2006-12-20,15.300000190734863,15.460000038146973,15.1899995803833,15.4399995803833,3.1847012042999268,255700
2006-12-21,15.460000038146973,15.600000381469727,15.270000457763672,15.470000267028809,3.1908881664276123,201900
2006-12-22,15.329999923706055,15.329999923706055,15.149999618530273,15.210000038146973,3.158083915710449,164800
2006-12-26,15.329999923706055,15.329999923706055,15.079999923706055,15.140000343322754,3.1435494422912598,208700
2006-12-27,15.199999809265137,15.279999732971191,15.029999732971191,15.050000190734863,3.124861240386963,184300
2006-12-28,15.100000381469727,15.289999961853027,15.069999694824219,15.25,3.1663877964019775,181500
2006-12-29,15.3100004196167,15.329999923706055,15.199999809265137,15.279999732971191,3.1726186275482178,127900
2007-01-03,15.210000038146973,15.300000190734863,15.0,15.100000381469727,3.135244607925415,277100
2007-01-04,15.170000076293945,15.239999771118164,15.0,15.100000381469727,3.135244607925415,175600
2007-01-05,15.130000114440918,15.140000343322754,15.0,15.100000381469727,3.135244607925415,190900
2007-01-08,15.100000381469727,15.100000381469727,15.0,15.069999694824219,3.129013776779175,187000
2007-01-09,15.09000015258789,15.100000381469727,14.949999809265137,15.0,3.114480495452881,152200
2007-01-10,15.0,15.140000343322754,14.710000038146973,15.0600004196167,3.1269383430480957,418100
2007-01-11,15.109999656677246,15.140000343322754,15.010000228881836,15.0600004196167,3.1269383430480957,214200
2007-01-12,15.079999923706055,15.239999771118164,15.0,15.039999961853027,3.1227855682373047,183700
2007-01-16,15.050000190734863,15.180000305175781,15.039999961853027,15.079999923706055,3.1310923099517822,236900
2007-01-17,15.09000015258789,15.180000305175781,15.0,15.0,3.114480495452881,182100
2007-01-18,15.079999923706055,15.140000343322754,15.0,15.039999961853027,3.1227855682373047,182400
2007-01-19,15.100000381469727,15.140000343322754,15.0,15.039999961853027,3.1227855682373047,207700
2007-01-22,15.050000190734863,15.130000114440918,14.899999618530273,14.989999771118164,3.1124038696289062,249500
2007-01-23,15.020000457763672,15.0600004196167,14.880000114440918,14.979999542236328,3.11032772064209,260400
2007-01-24,14.90999984741211,14.979999542236328,14.850000381469727,14.90999984741211,3.095792770385742,265700
2007-01-25,14.9399995803833,14.979999542236328,14.869999885559082,14.920000076293945,3.097870349884033,292100
2007-01-26,14.960000038146973,15.09000015258789,14.930000305175781,14.979999542236328,3.11032772064209,203700
2007-01-29,15.020000457763672,15.079999923706055,14.949999809265137,14.989999771118164,3.1124038696289062,138500
2007-01-30,15.0600004196167,15.0600004196167,14.90999984741211,14.989999771118164,3.1124038696289062,145800
2007-01-31,15.050000190734863,15.100000381469727,14.970000267028809,15.069999694824219,3.129013776779175,151100
2007-02-01,15.050000190734863,15.100000381469727,14.960000038146973,15.0,3.114480495452881,205100
2007-02-02,15.0600004196167,15.0600004196167,14.949999809265137,14.949999809265137,3.1040985584259033,194800
2007-02-05,15.0,15.079999923706055,14.9399995803833,15.020000457763672,3.118633985519409,223500
2007-02-06,15.039999961853027,15.050000190734863,14.949999809265137,14.989999771118164,3.1124038696289062,212900
2007-02-07,14.989999771118164,15.0,14.9399995803833,14.960000038146973,3.106175661087036,221400
2007-02-08,14.960000038146973,15.0,14.9399995803833,15.0,3.114480495452881,211700
2007-02-09,15.0,15.0,14.930000305175781,14.960000038146973,3.106175661087036,185100
2007-02-12,15.0,15.09000015258789,14.920000076293945,14.979999542236328,3.11032772064209,168700
2007-02-13,14.979999542236328,14.979999542236328,14.760000228881836,14.8100004196167,3.0961110591888428,282000
2007-02-14,14.850000381469727,14.899999618530273,14.800000190734863,14.899999618530273,3.114927053451538,192600
2007-02-15,14.899999618530273,14.930000305175781,14.800000190734863,14.850000381469727,3.10447359085083,230000
2007-02-16,14.8100004196167,14.850000381469727,14.710000038146973,14.710000038146973,3.0752055644989014,196300
2007-02-20,14.699999809265137,14.789999961853027,14.5600004196167,14.630000114440918,3.0584821701049805,277300
2007-02-21,14.550000190734863,14.699999809265137,14.539999961853027,14.640000343322754,3.060574769973755,259700
2007-02-22,14.630000114440918,14.710000038146973,14.600000381469727,14.710000038146973,3.0752055644989014,232300
2007-02-23,14.65999984741211,14.789999961853027,14.649999618530273,14.789999961853027,3.091931104660034,189800
2007-02-26,14.800000190734863,14.84000015258789,14.710000038146973,14.789999961853027,3.091931104660034,179400
2007-02-27,14.699999809265137,14.75,14.1899995803833,14.5,3.0313048362731934,242900
2007-02-28,14.5,14.65999984741211,14.5,14.550000190734863,3.0417585372924805,198000
2007-03-01,14.510000228881836,14.670000076293945,14.399999618530273,14.670000076293945,3.066842555999756,243600
2007-03-02,14.640000343322754,14.829999923706055,14.59000015258789,14.829999923706055,3.100292205810547,184600
2007-03-05,14.680000305175781,14.739999771118164,14.319999694824219,14.420000076293945,3.014580011367798,276700
2007-03-06,14.489999771118164,14.619999885559082,14.489999771118164,14.579999923706055,3.048027515411377,171300
2007-03-07,14.59000015258789,14.789999961853027,14.5,14.739999771118164,3.0814778804779053,201100
2007-03-08,14.75,14.850000381469727,14.75,14.800000190734863,3.094022750854492,162700
2007-03-09,14.850000381469727,14.890000343322754,14.75,14.850000381469727,3.10447359085083,125100
2007-03-12,14.850000381469727,14.899999618530273,14.8100004196167,14.880000114440918,3.1107444763183594,135200
2007-03-13,14.859999656677246,14.899999618530273,14.619999885559082,14.640000343322754,3.0816962718963623,148300
2007-03-14,14.600000381469727,14.640000343322754,14.460000038146973,14.59000015258789,3.0711710453033447,144000
2007-03-15,14.59000015258789,14.699999809265137,14.550000190734863,14.699999809265137,3.0943243503570557,112300
2007-03-16,14.699999809265137,14.739999771118164,14.609999656677246,14.65999984741211,3.0859081745147705,100900
2007-03-19,14.739999771118164,14.800000190734863,14.600000381469727,14.649999618530273,3.083800792694092,170000
2007-03-20,14.600000381469727,14.6899995803833,14.539999961853027,14.630000114440918,3.079591989517212,135900
2007-03-21,14.630000114440918,14.75,14.5600004196167,14.729999542236328,3.1006405353546143,201400
2007-03-22,14.6899995803833,14.869999885559082,14.6899995803833,14.859999656677246,3.1280064582824707,195900
2007-03-23,14.890000343322754,14.90999984741211,14.760000228881836,14.90999984741211,3.138531446456909,182300
2007-03-26,14.899999618530273,14.899999618530273,14.710000038146973,14.729999542236328,3.1006405353546143,190800
2007-03-27,14.729999542236328,14.890000343322754,14.720000267028809,14.8100004196167,3.1174817085266113,164900
2007-03-28,14.8100004196167,14.829999923706055,14.699999809265137,14.720000267028809,3.0985372066497803,116900
2007-03-29,14.819999694824219,14.880000114440918,14.720000267028809,14.800000190734863,3.115377902984619,118500
2007-03-30,14.869999885559082,14.890000343322754,14.800000190734863,14.859999656677246,3.1280064582824707,100400
2007-04-02,14.84000015258789,14.949999809265137,14.819999694824219,14.9399995803833,3.1448445320129395,137800
2007-04-03,14.949999809265137,15.0,14.920000076293945,15.0,3.1574747562408447,129900
2007-04-04,15.0,15.069999694824219,14.90999984741211,14.970000267028809,3.1511621475219727,126500
2007-04-05,14.960000038146973,15.050000190734863,14.960000038146973,15.010000228881836,3.1595818996429443,120900
2007-04-09,15.010000228881836,15.09000015258789,15.0,15.09000015258789,3.1764211654663086,130200
2007-04-10,15.0600004196167,15.119999885559082,15.050000190734863,15.119999885559082,3.1827340126037598,147300
2007-04-11,15.100000381469727,15.109999656677246,15.010000228881836,15.010000228881836,3.1595818996429443,133600
2007-04-12,14.960000038146973,15.0,14.869999885559082,14.960000038146973,3.1706013679504395,175000
2007-04-13,14.979999542236328,14.989999771118164,14.930000305175781,14.979999542236328,3.1748409271240234,150300
2007-04-16,14.960000038146973,15.0600004196167,14.920000076293945,14.970000267028809,3.1727206707000732,190700
2007-04-17,14.949999809265137,15.010000228881836,14.930000305175781,14.979999542236328,3.1748409271240234,146300
2007-04-18,14.960000038146973,15.050000190734863,14.949999809265137,15.010000228881836,3.181199073791504,161800
2007-04-19,14.949999809265137,15.039999961853027,14.930000305175781,15.0,3.179079532623291,119600
2007-04-20,14.970000267028809,15.050000190734863,14.960000038146973,14.979999542236328,3.1748409271240234,176400
2007-04-23,14.979999542236328,15.039999961853027,14.930000305175781,14.960000038146973,3.1706013679504395,147900
2007-04-24,14.949999809265137,15.039999961853027,14.9399995803833,15.0,3.179079532623291,137900
2007-04-25,15.039999961853027,15.0600004196167,15.0,15.029999732971191,3.185436487197876,153800
2007-04-26,15.0600004196167,15.0600004196167,15.0,15.0,3.179079532623291,184900
2007-04-27,15.0,15.050000190734863,14.989999771118164,15.039999961853027,3.1875569820404053,183800
2007-04-30,15.039999961853027,15.109999656677246,14.979999542236328,15.0,3.179079532623291,177300
2007-05-01,14.989999771118164,15.079999923706055,14.970000267028809,14.970000267028809,3.1727206707000732,188500
2007-05-02,15.010000228881836,15.0600004196167,14.949999809265137,14.960000038146973,3.1706013679504395,200600
2007-05-03,14.989999771118164,15.039999961853027,14.970000267028809,14.979999542236328,3.1748409271240234,143500
2007-05-04,15.0,15.0600004196167,14.989999771118164,14.989999771118164,3.1769604682922363,160000
2007-05-07,15.029999732971191,15.100000381469727,15.0,15.039999961853027,3.1875569820404053,161900
2007-05-08,15.050000190734863,15.079999923706055,14.989999771118164,14.989999771118164,3.1769604682922363,147500
2007-05-09,15.020000457763672,15.079999923706055,15.0,15.050000190734863,3.18967604637146,235800
2007-05-10,15.0600004196167,15.069999694824219,14.8100004196167,14.890000343322754,3.155766010284424,285100
2007-05-11,14.880000114440918,15.020000457763672,14.8100004196167,15.0,3.2010064125061035,253900
2007-05-14,15.010000228881836,15.039999961853027,14.899999618530273,14.960000038146973,3.1924710273742676,178100
2007-05-15,14.9399995803833,15.0,14.850000381469727,14.890000343322754,3.1775333881378174,235900
2007-05-16,14.899999618530273,14.970000267028809,14.899999618530273,14.970000267028809,3.1946046352386475,185600
2007-05-17,14.90999984741211,14.989999771118164,14.859999656677246,14.989999771118164,3.198873281478882,173600
2007-05-18,14.979999542236328,14.989999771118164,14.880000114440918,14.930000305175781,3.1860687732696533,150100
2007-05-21,14.899999618530273,14.930000305175781,14.84000015258789,14.920000076293945,3.1839346885681152,204300
2007-05-22,14.9399995803833,14.949999809265137,14.850000381469727,14.890000343322754,3.1775333881378174,149900
2007-05-23,14.920000076293945,14.930000305175781,14.800000190734863,14.869999885559082,3.1732664108276367,277500
2007-05-24,14.869999885559082,14.869999885559082,14.569999694824219,14.65999984741211,3.128451347351074,321200
2007-05-25,14.720000267028809,14.779999732971191,14.579999923706055,14.65999984741211,3.128451347351074,206500
2007-05-29,14.720000267028809,14.729999542236328,14.609999656677246,14.649999618530273,3.1263158321380615,169100
2007-05-30,14.630000114440918,14.670000076293945,14.529999732971191,14.600000381469727,3.1156468391418457,289700
2007-05-31,14.649999618530273,14.75,14.649999618530273,14.729999542236328,3.143387794494629,177300
2007-06-01,14.760000228881836,14.890000343322754,14.760000228881836,14.880000114440918,3.1753971576690674,159800
2007-06-04,14.819999694824219,14.949999809265137,14.819999694824219,14.84000015258789,3.1668617725372314,163200
2007-06-05,14.899999618530273,14.949999809265137,14.850000381469727,14.899999618530273,3.1796679496765137,157500
2007-06-06,14.899999618530273,14.899999618530273,14.699999809265137,14.819999694824219,3.1625967025756836,278000
2007-06-07,14.800000190734863,14.850000381469727,14.5,14.680000305175781,3.1327192783355713,236600
2007-06-08,14.680000305175781,14.680000305175781,14.399999618530273,14.5,3.0943057537078857,270700
2007-06-11,14.5,14.579999923706055,14.489999771118164,14.550000190734863,3.104978084564209,157900
2007-06-12,14.510000228881836,14.550000190734863,14.40999984741211,14.489999771118164,3.0921711921691895,174000
2007-06-13,14.369999885559082,14.479999542236328,14.359999656677246,14.449999809265137,3.105499744415283,123100
2007-06-14,14.449999809265137,14.59000015258789,14.449999809265137,14.59000015258789,3.135584831237793,206400
2007-06-15,14.600000381469727,14.6899995803833,14.5600004196167,14.65999984741211,3.1506295204162598,169100
2007-06-18,14.6899995803833,14.699999809265137,14.630000114440918,14.6899995803833,3.157076597213745,150100
2007-06-19,14.6899995803833,14.789999961853027,14.65999984741211,14.789999961853027,3.1785671710968018,173800
2007-06-20,14.789999961853027,14.800000190734863,14.600000381469727,14.680000305175781,3.154926061630249,228200
2007-06-21,14.699999809265137,14.699999809265137,14.479999542236328,14.5600004196167,3.1291399002075195,222600
2007-06-22,14.5600004196167,14.5600004196167,14.369999885559082,14.539999961853027,3.1248393058776855,182900
2007-06-25,14.470000267028809,14.520000457763672,14.34000015258789,14.390000343322754,3.092604398727417,182700
2007-06-26,14.479999542236328,14.479999542236328,14.300000190734863,14.390000343322754,3.092604398727417,177600
2007-06-27,14.329999923706055,14.359999656677246,14.229999542236328,14.359999656677246,3.0861544609069824,157700
2007-06-28,14.380000114440918,14.470000267028809,14.350000381469727,14.40999984741211,3.0968987941741943,147600
2007-06-29,14.489999771118164,14.5,14.40999984741211,14.449999809265137,3.105499744415283,97500
2007-07-02,14.479999542236328,14.569999694824219,14.430000305175781,14.569999694824219,3.131287097930908,194200
2007-07-03,14.59000015258789,14.699999809265137,14.59000015258789,14.699999809265137,3.159224033355713,116400
2007-07-05,14.6899995803833,14.739999771118164,14.619999885559082,14.649999618530273,3.148480176925659,138600
2007-07-06,14.699999809265137,14.739999771118164,14.649999618530273,14.739999771118164,3.167823314666748,116300
2007-07-09,14.760000228881836,14.760000228881836,14.630000114440918,14.720000267028809,3.163525104522705,162300
2007-07-10,14.6899995803833,14.6899995803833,14.579999923706055,14.59000015258789,3.135584831237793,118900
2007-07-11,14.59000015258789,14.6899995803833,14.510000228881836,14.510000228881836,3.118391990661621,155400
2007-07-12,14.489999771118164,14.569999694824219,14.449999809265137,14.449999809265137,3.1274821758270264,154500
2007-07-13,14.460000038146973,14.600000381469727,14.4399995803833,14.550000190734863,3.149125814437866,138300
2007-07-16,14.510000228881836,14.550000190734863,14.390000343322754,14.390000343322754,3.1144967079162598,128600
2007-07-17,14.460000038146973,14.460000038146973,14.260000228881836,14.260000228881836,3.086359739303589,176300
2007-07-18,14.25,14.319999694824219,14.100000381469727,14.100000381469727,3.0517303943634033,155100
2007-07-19,14.119999885559082,14.279999732971191,14.100000381469727,14.100000381469727,3.0517303943634033,211300
2007-07-20,14.109999656677246,14.170000076293945,14.100000381469727,14.100000381469727,3.0517303943634033,125000
2007-07-23,13.949999809265137,14.029999732971191,13.75,13.930000305175781,3.014937400817871,273200
2007-07-24,13.819999694824219,13.920000076293945,13.729999542236328,13.729999542236328,2.9716498851776123,202700
2007-07-25,13.720000267028809,13.850000381469727,13.569999694824219,13.569999694824219,2.9370205402374268,174900
2007-07-26,13.15999984741211,13.470000267028809,12.449999809265137,13.109999656677246,2.837460994720459,439400
2007-07-27,13.100000381469727,13.369999885559082,13.039999961853027,13.260000228881836,2.869924306869507,275000
2007-07-30,13.279999732971191,13.420000076293945,13.140000343322754,13.390000343322754,2.898061990737915,134800
2007-07-31,13.449999809265137,13.600000381469727,13.380000114440918,13.380000114440918,2.895897388458252,141200
2007-08-01,13.399999618530273,13.489999771118164,13.300000190734863,13.380000114440918,2.895897388458252,158400
2007-08-02,13.369999885559082,13.65999984741211,13.369999885559082,13.600000381469727,2.9435155391693115,134800
2007-08-03,13.529999732971191,13.649999618530273,13.4399995803833,13.470000267028809,2.9153738021850586,130600
2007-08-06,14.359999656677246,14.359999656677246,13.109999656677246,13.279999732971191,2.8742549419403076,191700
2007-08-07,13.229999542236328,13.449999809265137,13.229999542236328,13.359999656677246,2.8915669918060303,134300
2007-08-08,13.449999809265137,13.569999694824219,13.40999984741211,13.510000228881836,2.9240338802337646,140000
2007-08-09,13.380000114440918,13.5,13.25,13.25,2.8677620887756348,134500
2007-08-10,13.199999809265137,13.220000267028809,12.899999618530273,13.039999961853027,2.822308301925659,231100
2007-08-13,13.069999694824219,13.149999618530273,12.9399995803833,12.9399995803833,2.8227462768554688,157700
2007-08-14,12.949999809265137,13.020000457763672,12.649999618530273,12.649999618530273,2.7594850063323975,171200
2007-08-15,12.649999618530273,12.770000457763672,12.09000015258789,12.09000015258789,2.637326955795288,317900
2007-08-16,11.399999618530273,12.100000381469727,10.640000343322754,11.949999809265137,2.6067862510681152,873100
2007-08-17,12.029999732971191,13.0,12.029999732971191,12.770000457763672,2.785660982131958,335400
2007-08-20,12.930000305175781,13.300000190734863,12.90999984741211,13.180000305175781,2.8750994205474854,258900
2007-08-21,13.229999542236328,13.350000381469727,13.140000343322754,13.25,2.8903679847717285,235500
2007-08-22,13.4399995803833,13.539999961853027,13.319999694824219,13.430000305175781,2.9296376705169678,295600
2007-08-23,13.630000114440918,13.800000190734863,13.5600004196167,13.680000305175781,2.984170436859131,243200
2007-08-24,13.770000457763672,13.850000381469727,13.600000381469727,13.739999771118164,2.997260570526123,146300
2007-08-27,13.819999694824219,13.899999618530273,13.649999618530273,13.800000190734863,3.010345935821533,193400
2007-08-28,13.880000114440918,13.880000114440918,13.449999809265137,13.460000038146973,2.936180353164673,175800
2007-08-29,13.59000015258789,13.619999885559082,13.470000267028809,13.529999732971191,2.951448917388916,172900
2007-08-30,13.510000228881836,13.609999656677246,13.4399995803833,13.4399995803833,2.931816577911377,121800
2007-08-31,13.579999923706055,13.699999809265137,13.510000228881836,13.65999984741211,2.9798085689544678,143600
2007-09-04,13.649999618530273,13.850000381469727,13.5600004196167,13.789999961853027,3.0081658363342285,176100
2007-09-05,13.699999809265137,13.760000228881836,13.260000228881836,13.260000228881836,2.8925516605377197,158800
2007-09-06,13.600000381469727,13.739999771118164,13.529999732971191,13.65999984741211,2.9798085689544678,149000
2007-09-07,13.600000381469727,13.600000381469727,13.420000076293945,13.420000076293945,2.9274513721466064,130000
2007-09-10,13.399999618530273,13.5,13.369999885559082,13.380000114440918,2.9187283515930176,110400
2007-09-11,13.319999694824219,13.539999961853027,13.319999694824219,13.5,2.9449057579040527,115600
2007-09-12,13.329999923706055,13.390000343322754,13.279999732971191,13.279999732971191,2.9189693927764893,110400
2007-09-13,13.40999984741211,13.470000267028809,13.319999694824219,13.319999694824219,2.9277613162994385,109700
2007-09-14,13.300000190734863,13.350000381469727,13.210000038146973,13.210000038146973,2.9035818576812744,144600
2007-09-17,13.210000038146973,13.220000267028809,13.09000015258789,13.09000015258789,2.877204418182373,141100
2007-09-18,13.140000343322754,13.5,13.140000343322754,13.430000305175781,2.951939344406128,136200
2007-09-19,13.5,13.630000114440918,13.5,13.520000457763672,2.971719741821289,149800
2007-09-20,13.569999694824219,13.59000015258789,13.399999618530273,13.4399995803833,2.954136610031128,117300
2007-09-21,13.550000190734863,13.579999923706055,13.40999984741211,13.520000457763672,2.971719741821289,138200
2007-09-24,13.550000190734863,13.579999923706055,13.399999618530273,13.399999618530273,2.9453444480895996,160500
2007-09-25,13.420000076293945,13.5,13.359999656677246,13.4399995803833,2.954136610031128,149100
2007-09-26,13.460000038146973,13.479999542236328,13.350000381469727,13.350000381469727,2.9343550205230713,141600
2007-09-27,13.399999618530273,13.489999771118164,13.359999656677246,13.380000114440918,2.940948486328125,128700
2007-09-28,13.380000114440918,13.449999809265137,13.279999732971191,13.34000015258789,2.9321563243865967,117900
2007-10-01,13.399999618530273,13.550000190734863,13.34000015258789,13.479999542236328,2.9629287719726562,138600
2007-10-02,13.479999542236328,13.529999732971191,13.420000076293945,13.460000038146973,2.9585325717926025,163900
2007-10-03,13.489999771118164,13.5,13.350000381469727,13.350000381469727,2.9343550205230713,217700
2007-10-04,13.380000114440918,13.489999771118164,13.350000381469727,13.390000343322754,2.9431464672088623,139900
2007-10-05,13.460000038146973,13.649999618530273,13.4399995803833,13.600000381469727,2.9893057346343994,134300
2007-10-08,13.520000457763672,13.630000114440918,13.460000038146973,13.5,2.9673244953155518,113500
2007-10-09,13.5600004196167,13.640000343322754,13.520000457763672,13.640000343322754,2.9980971813201904,125600
2007-10-10,13.680000305175781,13.699999809265137,13.619999885559082,13.630000114440918,2.9958972930908203,135200
2007-10-11,13.640000343322754,13.649999618530273,13.399999618530273,13.399999618530273,2.967552423477173,179200
2007-10-12,13.510000228881836,13.579999923706055,13.460000038146973,13.460000038146973,2.980839252471924,122200
2007-10-15,13.489999771118164,13.489999771118164,13.279999732971191,13.279999732971191,2.940977096557617,134000
2007-10-16,13.300000190734863,13.34000015258789,13.180000305175781,13.180000305175781,2.918830633163452,196400
2007-10-17,13.239999771118164,13.279999732971191,13.0,13.050000190734863,2.890040636062622,167600
2007-10-18,13.020000457763672,13.069999694824219,12.970000267028809,12.970000267028809,2.8723244667053223,151500
2007-10-19,12.989999771118164,12.989999771118164,12.699999809265137,12.770000457763672,2.828033685684204,172700
2007-10-22,12.699999809265137,12.739999771118164,12.529999732971191,12.670000076293945,2.805887460708618,166600
2007-10-23,12.829999923706055,12.989999771118164,12.710000038146973,12.800000190734863,2.8346762657165527,160600
2007-10-24,12.800000190734863,12.819999694824219,12.550000190734863,12.65999984741211,2.8036725521087646,143600
2007-10-25,12.630000114440918,12.789999961853027,12.520000457763672,12.640000343322754,2.7992429733276367,160900
2007-10-26,12.739999771118164,12.800000190734863,12.649999618530273,12.699999809265137,2.8125290870666504,185800
2007-10-29,12.789999961853027,12.880000114440918,12.729999542236328,12.729999542236328,2.819173574447632,172100
2007-10-30,12.710000038146973,12.729999542236328,12.600000381469727,12.600000381469727,2.79038405418396,208500
2007-10-31,12.779999732971191,12.779999732971191,12.600000381469727,12.680000305175781,2.8081018924713135,175000
2007-11-01,12.619999885559082,12.619999885559082,12.359999656677246,12.359999656677246,2.737234354019165,225100
2007-11-02,12.4399995803833,12.4399995803833,12.289999961853027,12.329999923706055,2.7305908203125,177600
2007-11-05,12.579999923706055,12.579999923706055,12.1899995803833,12.25,2.7128746509552,155100
2007-11-06,12.239999771118164,12.329999923706055,12.170000076293945,12.279999732971191,2.7195191383361816,210500
2007-11-07,12.170000076293945,12.260000228881836,11.819999694824219,11.819999694824219,2.6176462173461914,235200
2007-11-08,11.75,11.960000038146973,11.75,11.850000381469727,2.6242897510528564,261000
2007-11-09,11.699999809265137,11.920000076293945,11.520000457763672,11.710000038146973,2.5932857990264893,298900
2007-11-12,11.609999656677246,11.850000381469727,11.609999656677246,11.609999656677246,2.5711398124694824,232400
2007-11-13,11.5,11.770000457763672,11.5,11.649999618530273,2.6028671264648438,265900
2007-11-14,11.760000228881836,11.920000076293945,11.680000305175781,11.680000305175781,2.6095685958862305,239400
2007-11-15,11.609999656677246,11.739999771118164,11.5,11.5,2.569352626800537,237500
2007-11-16,11.5,11.779999732971191,11.430000305175781,11.460000038146973,2.560415267944336,276700
2007-11-19,11.289999961853027,11.460000038146973,11.210000038146973,11.239999771118164,2.511263132095337,271300
2007-11-20,11.229999542236328,11.40999984741211,10.960000038146973,11.029999732971191,2.4643447399139404,369000
2007-11-21,11.0,11.020000457763672,10.800000190734863,10.9399995803833,2.44423508644104,272400
2007-11-23,10.970000267028809,11.210000038146973,10.829999923706055,11.210000038146973,2.50456166267395,113000
2007-11-26,11.119999885559082,11.25,10.760000228881836,10.84000015258789,2.4218950271606445,358400
2007-11-27,10.8100004196167,11.020000457763672,10.739999771118164,11.010000228881836,2.459876537322998,523400
2007-11-28,11.050000190734863,11.449999809265137,11.050000190734863,11.239999771118164,2.511263132095337,355300
2007-11-29,11.3100004196167,11.399999618530273,11.180000305175781,11.279999732971191,2.52020001411438,293500
2007-11-30,11.619999885559082,11.619999885559082,11.390000343322754,11.510000228881836,2.571587085723877,274500
2007-12-03,11.859999656677246,11.859999656677246,11.399999618530273,11.550000190734863,2.58052396774292,325800
2007-12-04,11.380000114440918,11.569999694824219,11.380000114440918,11.470000267028809,2.562650442123413,301400
2007-12-05,11.5,11.729999542236328,11.5,11.670000076293945,2.6073343753814697,356600
2007-12-06,11.609999656677246,11.920000076293945,11.609999656677246,11.819999694824219,2.6408472061157227,395600
2007-12-07,11.829999923706055,11.920000076293945,11.800000190734863,11.920000076293945,2.6631906032562256,256200
2007-12-10,11.920000076293945,12.050000190734863,11.829999923706055,11.880000114440918,2.654252529144287,408900
2007-12-11,11.869999885559082,12.029999732971191,11.65999984741211,11.699999809265137,2.6140377521514893,368800
2007-12-12,11.859999656677246,11.949999809265137,11.5,11.569999694824219,2.5849924087524414,382300
2007-12-13,11.489999771118164,11.579999923706055,11.359999656677246,11.470000267028809,2.562650442123413,409800
2007-12-14,11.399999618530273,11.489999771118164,11.34000015258789,11.34000015258789,2.533604145050049,331600
2007-12-17,11.329999923706055,11.369999885559082,11.220000267028809,11.220000267028809,2.5067954063415527,428000
2007-12-18,11.239999771118164,11.25,11.020000457763672,11.09000015258789,2.500480890274048,435100
2007-12-19,11.109999656677246,11.170000076293945,11.0,11.109999656677246,2.5049896240234375,427500
2007-12-20,11.109999656677246,11.170000076293945,11.0,11.0600004196167,2.4937171936035156,522200
2007-12-21,11.020000457763672,11.25,11.020000457763672,11.180000305175781,2.5207743644714355,622300
2007-12-24,11.069999694824219,11.460000038146973,11.069999694824219,11.40999984741211,2.572632074356079,404000
2007-12-26,11.359999656677246,11.489999771118164,11.300000190734863,11.380000114440918,2.589012384414673,431100
2007-12-27,11.380000114440918,11.420000076293945,11.130000114440918,11.15999984741211,2.5389604568481445,525000
2007-12-28,11.25,11.399999618530273,11.170000076293945,11.229999542236328,2.554887294769287,489600
2007-12-31,11.25,11.380000114440918,11.119999885559082,11.350000381469727,2.5821876525878906,766200
2008-01-02,11.329999923706055,11.390000343322754,11.210000038146973,11.319999694824219,2.5753629207611084,291500
2008-01-03,11.369999885559082,11.5600004196167,11.329999923706055,11.539999961853027,2.6254124641418457,276100
2008-01-04,11.5,11.5,11.300000190734863,11.34000015258789,2.5799124240875244,212900
2008-01-07,11.34000015258789,11.399999618530273,11.210000038146973,11.319999694824219,2.5753629207611084,292700
2008-01-08,11.380000114440918,11.470000267028809,11.199999809265137,11.229999542236328,2.554887294769287,276900
2008-01-09,11.260000228881836,11.289999961853027,11.079999923706055,11.25,2.5594370365142822,182100
2008-01-10,11.220000267028809,11.5,11.130000114440918,11.449999809265137,2.60493803024292,182700
2008-01-11,11.470000267028809,11.470000267028809,11.350000381469727,11.420000076293945,2.598112106323242,173200
2008-01-14,11.550000190734863,11.59000015258789,11.430000305175781,11.5,2.6163127422332764,181300
2008-01-15,11.420000076293945,11.4399995803833,11.279999732971191,11.4399995803833,2.602663040161133,236200
2008-01-16,11.380000114440918,11.640000343322754,11.329999923706055,11.579999923706055,2.634514093399048,278900
2008-01-17,11.579999923706055,11.600000381469727,11.199999809265137,11.329999923706055,2.5776379108428955,284900
2008-01-18,11.279999732971191,11.34000015258789,11.020000457763672,11.180000305175781,2.543511390686035,294800
2008-01-22,10.75,11.180000305175781,10.710000038146973,11.180000305175781,2.543511390686035,308800
2008-01-23,11.029999732971191,11.34000015258789,11.0,11.3100004196167,2.573087453842163,414700
2008-01-24,11.380000114440918,11.630000114440918,11.380000114440918,11.630000114440918,2.6458890438079834,352800
2008-01-25,11.6899995803833,11.84000015258789,11.5,11.529999732971191,2.6231372356414795,244700
2008-01-28,11.579999923706055,11.989999771118164,11.489999771118164,11.949999809265137,2.7186899185180664,313300
2008-01-29,11.979999542236328,12.140000343322754,11.930000305175781,12.140000343322754,2.761916399002075,315700
2008-01-30,12.130000114440918,12.1899995803833,11.920000076293945,12.039999961853027,2.739166021347046,286800
2008-01-31,12.0,12.220000267028809,11.899999618530273,12.180000305175781,2.7710158824920654,193600
2008-02-01,12.3100004196167,12.449999809265137,12.25,12.449999809265137,2.832442283630371,245400
2008-02-04,12.479999542236328,12.479999542236328,12.229999542236328,12.300000190734863,2.7983176708221436,206400
2008-02-05,12.199999809265137,12.229999542236328,11.899999618530273,12.0,2.7300662994384766,304600
2008-02-06,12.100000381469727,12.100000381469727,11.5600004196167,11.680000305175781,2.6572654247283936,264600
2008-02-07,11.510000228881836,11.800000190734863,11.510000228881836,11.6899995803833,2.659538745880127,128000
2008-02-08,11.770000457763672,11.8100004196167,11.699999809265137,11.800000190734863,2.6845650672912598,105900
2008-02-11,11.859999656677246,11.859999656677246,11.710000038146973,11.800000190734863,2.6845650672912598,122700
2008-02-12,11.760000228881836,12.029999732971191,11.760000228881836,12.029999732971191,2.736891746520996,138100
2008-02-13,11.979999542236328,11.979999542236328,11.65999984741211,11.779999732971191,2.7029314041137695,164500
2008-02-14,11.800000190734863,11.800000190734863,11.399999618530273,11.399999618530273,2.615741014480591,223800
2008-02-15,11.510000228881836,11.510000228881836,11.319999694824219,11.40999984741211,2.618035316467285,96100
2008-02-19,11.489999771118164,11.520000457763672,11.369999885559082,11.479999542236328,2.6340978145599365,118100
2008-02-20,11.319999694824219,11.5,11.289999961853027,11.399999618530273,2.615741014480591,102200
2008-02-21,11.510000228881836,11.539999961853027,11.300000190734863,11.5,2.638685941696167,126400
2008-02-22,11.489999771118164,11.5600004196167,11.25,11.5600004196167,2.6524531841278076,147700
2008-02-25,11.59000015258789,11.680000305175781,11.430000305175781,11.680000305175781,2.6799874305725098,140100
2008-02-26,11.449999809265137,11.899999618530273,11.449999809265137,11.899999618530273,2.7304675579071045,239000
2008-02-27,11.800000190734863,11.90999984741211,11.75,11.770000457763672,2.70063853263855,129700
2008-02-28,11.829999923706055,11.829999923706055,11.649999618530273,11.680000305175781,2.6799874305725098,106100
2008-02-29,11.720000267028809,11.720000267028809,11.449999809265137,11.479999542236328,2.6340978145599365,137000
2008-03-03,11.600000381469727,11.600000381469727,11.40999984741211,11.4399995803833,2.624919891357422,142200
2008-03-04,11.319999694824219,11.4399995803833,11.199999809265137,11.25,2.5813229084014893,183800
2008-03-05,11.25,11.529999732971191,11.210000038146973,11.279999732971191,2.5882065296173096,153300
2008-03-06,11.3100004196167,11.3100004196167,11.010000228881836,11.020000457763672,2.5285518169403076,141300
2008-03-07,11.010000228881836,11.220000267028809,10.949999809265137,11.010000228881836,2.5262534618377686,140800
2008-03-10,11.039999961853027,11.079999923706055,10.800000190734863,10.819999694824219,2.482659339904785,155300
2008-03-11,11.029999732971191,11.229999542236328,10.859999656677246,11.229999542236328,2.5767340660095215,168700
2008-03-12,11.010000228881836,11.199999809265137,10.920000076293945,10.920000076293945,2.5285708904266357,120800
2008-03-13,11.010000228881836,11.010000228881836,10.819999694824219,10.960000038146973,2.537832260131836,141100
2008-03-14,11.010000228881836,11.050000190734863,10.600000381469727,10.600000381469727,2.454472541809082,141200
2008-03-17,10.369999885559082,10.550000190734863,10.229999542236328,10.40999984741211,2.4104790687561035,181900
2008-03-18,10.520000457763672,10.720000267028809,10.420000076293945,10.59000015258789,2.4521591663360596,173800
2008-03-19,10.600000381469727,10.729999542236328,10.380000114440918,10.40999984741211,2.4104790687561035,148400
2008-03-20,10.369999885559082,10.75,10.369999885559082,10.75,2.4892067909240723,113200
2008-03-24,10.789999961853027,11.4399995803833,10.789999961853027,11.430000305175781,2.6466641426086426,355300
2008-03-25,11.40999984741211,11.40999984741211,11.199999809265137,11.350000381469727,2.628138780593872,130700
2008-03-26,11.390000343322754,11.399999618530273,11.260000228881836,11.350000381469727,2.628138780593872,123300
2008-03-27,11.390000343322754,11.390000343322754,11.25,11.300000190734863,2.6165621280670166,93900
2008-03-28,11.270000457763672,11.319999694824219,11.020000457763672,11.020000457763672,2.551727771759033,148100
2008-03-31,11.140000343322754,11.140000343322754,10.989999771118164,10.989999771118164,2.5447793006896973,112400
2008-04-01,11.100000381469727,11.4399995803833,11.100000381469727,11.4399995803833,2.648980140686035,137600
2008-04-02,11.4399995803833,11.449999809265137,11.260000228881836,11.420000076293945,2.6443471908569336,115700
2008-04-03,11.350000381469727,11.420000076293945,11.239999771118164,11.399999618530273,2.6397171020507812,127100
2008-04-04,11.430000305175781,11.5,11.350000381469727,11.460000038146973,2.653611898422241,144100
2008-04-07,11.539999961853027,11.680000305175781,11.5,11.619999885559082,2.6906585693359375,99900
2008-04-08,11.5,11.600000381469727,11.399999618530273,11.5,2.6628715991973877,120900
2008-04-09,11.529999732971191,11.529999732971191,11.329999923706055,11.399999618530273,2.6397171020507812,105800
2008-04-10,11.489999771118164,11.510000228881836,11.279999732971191,11.3100004196167,2.6188766956329346,160100
2008-04-11,11.180000305175781,11.210000038146973,10.9399995803833,10.979999542236328,2.5656023025512695,152000
2008-04-14,10.979999542236328,10.979999542236328,10.8100004196167,10.8100004196167,2.5258805751800537,78600
2008-04-15,10.850000381469727,10.850000381469727,10.619999885559082,10.739999771118164,2.5095231533050537,135100
2008-04-16,10.800000190734863,11.210000038146973,10.800000190734863,11.1899995803833,2.614671468734741,145500
2008-04-17,11.100000381469727,11.399999618530273,11.0600004196167,11.350000381469727,2.652056932449341,210900
2008-04-18,11.390000343322754,11.430000305175781,11.359999656677246,11.380000114440918,2.659067153930664,128300
2008-04-21,11.369999885559082,11.369999885559082,11.180000305175781,11.270000457763672,2.6333632469177246,186500
2008-04-22,11.25,11.319999694824219,11.180000305175781,11.199999809265137,2.6170079708099365,158800
2008-04-23,11.25,11.300000190734863,11.199999809265137,11.25,2.628690481185913,129000
2008-04-24,11.239999771118164,11.470000267028809,11.199999809265137,11.380000114440918,2.659067153930664,156900
2008-04-25,11.489999771118164,11.550000190734863,11.329999923706055,11.550000190734863,2.6987903118133545,128700
2008-04-28,11.579999923706055,11.600000381469727,11.449999809265137,11.520000457763672,2.691779613494873,115600
2008-04-29,11.470000267028809,11.550000190734863,11.300000190734863,11.359999656677246,2.6543939113616943,143000
2008-04-30,11.470000267028809,11.470000267028809,11.270000457763672,11.350000381469727,2.652056932449341,115100
2008-05-01,11.420000076293945,11.630000114440918,11.359999656677246,11.539999961853027,2.6964519023895264,134700
2008-05-02,11.430000305175781,11.670000076293945,11.430000305175781,11.65999984741211,2.7244908809661865,120300
2008-05-05,11.609999656677246,11.699999809265137,11.539999961853027,11.579999923706055,2.7057993412017822,146000
2008-05-06,11.59000015258789,11.640000343322754,11.510000228881836,11.529999732971191,2.6941165924072266,125000
2008-05-07,11.529999732971191,11.600000381469727,11.369999885559082,11.369999885559082,2.656730890274048,246600
2008-05-08,11.40999984741211,11.5,11.399999618530273,11.470000267028809,2.680096387863159,92400
2008-05-09,11.479999542236328,11.479999542236328,11.399999618530273,11.449999809265137,2.6754236221313477,86800
2008-05-12,11.420000076293945,11.5,11.420000076293945,11.489999771118164,2.6847691535949707,130700
2008-05-13,11.369999885559082,11.40999984741211,11.3100004196167,11.359999656677246,2.6781678199768066,92800
2008-05-14,11.4399995803833,11.479999542236328,11.399999618530273,11.420000076293945,2.692312240600586,100700
2008-05-15,11.470000267028809,11.470000267028809,11.390000343322754,11.4399995803833,2.697028636932373,86300
2008-05-16,11.489999771118164,11.489999771118164,11.380000114440918,11.4399995803833,2.697028636932373,97500
2008-05-19,11.430000305175781,11.520000457763672,11.399999618530273,11.430000305175781,2.694672107696533,163700
2008-05-20,11.40999984741211,11.430000305175781,11.350000381469727,11.369999885559082,2.680525779724121,153800
2008-05-21,11.350000381469727,11.4399995803833,11.220000267028809,11.229999542236328,2.6475210189819336,139300
2008-05-22,11.300000190734863,11.380000114440918,11.229999542236328,11.260000228881836,2.654592752456665,135900
2008-05-23,11.220000267028809,11.270000457763672,11.100000381469727,11.130000114440918,2.6239430904388428,202500
2008-05-27,11.149999618530273,11.34000015258789,11.149999618530273,11.300000190734863,2.664022445678711,183100
2008-05-28,11.3100004196167,11.3100004196167,11.149999618530273,11.260000228881836,2.654592752456665,125400
2008-05-29,11.210000038146973,11.350000381469727,11.199999809265137,11.34000015258789,2.6734530925750732,120100
2008-05-30,11.350000381469727,11.380000114440918,11.220000267028809,11.220000267028809,2.6451632976531982,131200
2008-06-02,11.210000038146973,11.289999961853027,11.15999984741211,11.239999771118164,2.6498770713806152,189900
2008-06-03,11.289999961853027,11.300000190734863,11.140000343322754,11.1899995803833,2.638090133666992,221900
2008-06-04,11.149999618530273,11.210000038146973,11.130000114440918,11.149999618530273,2.6286611557006836,157800
2008-06-05,11.15999984741211,11.199999809265137,11.119999885559082,11.180000305175781,2.6357333660125732,231200
2008-06-06,11.140000343322754,11.149999618530273,11.0,11.0,2.5932974815368652,216300
2008-06-09,11.010000228881836,11.09000015258789,10.800000190734863,10.829999923706055,2.553218126296997,227800
2008-06-10,10.760000228881836,11.0,10.760000228881836,10.9399995803833,2.579150676727295,203000
2008-06-11,10.9399995803833,11.0,10.770000457763672,10.8100004196167,2.54850435256958,188500
2008-06-12,10.760000228881836,10.800000190734863,10.5,10.510000228881836,2.5013797283172607,212700
2008-06-13,10.529999732971191,10.59000015258789,10.329999923706055,10.420000076293945,2.479959487915039,229100
2008-06-16,10.369999885559082,10.720000267028809,10.350000381469727,10.699999809265137,2.546599864959717,181900
2008-06-17,10.699999809265137,10.710000038146973,10.510000228881836,10.569999694824219,2.5156593322753906,133500
2008-06-18,10.539999961853027,10.539999961853027,10.420000076293945,10.510000228881836,2.5013797283172607,167300
2008-06-19,10.5600004196167,10.609999656677246,10.449999809265137,10.550000190734863,2.5109004974365234,189800
2008-06-20,10.5,10.5,10.359999656677246,10.430000305175781,2.4823405742645264,144400
2008-06-23,10.489999771118164,10.520000457763672,10.25,10.270000457763672,2.4442615509033203,139900
2008-06-24,10.25,10.289999961853027,10.0,10.020000457763672,2.384760856628418,241900
2008-06-25,10.199999809265137,10.350000381469727,10.130000114440918,10.319999694824219,2.456160306930542,202200
2008-06-26,10.260000228881836,10.260000228881836,10.100000381469727,10.199999809265137,2.427600145339966,147100
2008-06-27,10.220000267028809,10.220000267028809,10.020000457763672,10.0600004196167,2.394279718399048,193400
2008-06-30,10.079999923706055,10.109999656677246,9.979999542236328,10.029999732971191,2.3871397972106934,169200
2008-07-01,9.989999771118164,10.170000076293945,9.930000305175781,10.029999732971191,2.3871397972106934,202900
2008-07-02,10.0600004196167,10.149999618530273,9.899999618530273,9.90999984741211,2.35857892036438,149300
2008-07-03,9.899999618530273,10.0,9.710000038146973,9.800000190734863,2.332399845123291,150000
2008-07-07,9.829999923706055,9.880000114440918,9.600000381469727,9.649999618530273,2.296701431274414,304900
2008-07-08,9.609999656677246,9.670000076293945,9.399999618530273,9.609999656677246,2.287179946899414,272500
2008-07-09,9.649999618530273,9.779999732971191,9.5600004196167,9.729999542236328,2.315739154815674,238500
2008-07-10,9.720000267028809,9.880000114440918,9.720000267028809,9.84000015258789,2.3419196605682373,222600
2008-07-11,9.75,9.84000015258789,9.670000076293945,9.829999923706055,2.339538812637329,249000
2008-07-14,9.850000381469727,9.859999656677246,9.3100004196167,9.350000381469727,2.22529935836792,232900
2008-07-15,9.25,9.25,8.399999618530273,8.75,2.0824995040893555,418500
2008-07-16,8.770000457763672,9.170000076293945,8.770000457763672,9.140000343322754,2.175318956375122,249200
2008-07-17,9.170000076293945,9.579999923706055,9.170000076293945,9.579999923706055,2.280038595199585,195900
2008-07-18,9.609999656677246,9.720000267028809,9.579999923706055,9.59000015258789,2.2824203968048096,112500
2008-07-21,9.680000305175781,9.739999771118164,9.550000190734863,9.630000114440918,2.2919394969940186,137500
2008-07-22,9.460000038146973,9.75,9.430000305175781,9.75,2.3204996585845947,151900
2008-07-23,9.75,10.079999923706055,9.75,9.979999542236328,2.3752388954162598,165900
2008-07-24,9.899999618530273,10.039999961853027,9.829999923706055,9.850000381469727,2.344299554824829,129300
2008-07-25,9.84000015258789,9.880000114440918,9.710000038146973,9.770000457763672,2.325260639190674,138200
2008-07-28,9.720000267028809,9.760000228881836,9.420000076293945,9.460000038146973,2.251479148864746,169500
2008-07-29,9.40999984741211,9.859999656677246,9.40999984741211,9.850000381469727,2.344299554824829,171800
2008-07-30,10.0,10.109999656677246,9.899999618530273,10.109999656677246,2.406179428100586,139200
2008-07-31,9.930000305175781,10.149999618530273,9.930000305175781,10.029999732971191,2.3871397972106934,129700
2008-08-01,10.0,10.039999961853027,9.920000076293945,9.989999771118164,2.377621650695801,112300
2008-08-04,9.930000305175781,10.020000457763672,9.90999984741211,9.930000305175781,2.36333966255188,82000
2008-08-05,9.979999542236328,10.210000038146973,9.979999542236328,10.210000038146973,2.429980516433716,230700
2008-08-06,10.119999885559082,10.25,10.119999885559082,10.210000038146973,2.429980516433716,121900
2008-08-07,10.100000381469727,10.210000038146973,9.970000267028809,9.989999771118164,2.377621650695801,82900
2008-08-08,9.890000343322754,10.170000076293945,9.890000343322754,10.149999618530273,2.415698528289795,235200
2008-08-11,10.09000015258789,10.319999694824219,10.09000015258789,10.3100004196167,2.4537789821624756,199600
2008-08-12,10.210000038146973,10.34000015258789,10.170000076293945,10.25,2.439500331878662,93200
2008-08-13,10.119999885559082,10.1899995803833,10.079999923706055,10.1899995803833,2.425220251083374,99300
2008-08-14,10.09000015258789,10.239999771118164,10.079999923706055,10.180000305175781,2.4228408336639404,125500
2008-08-15,10.15999984741211,10.25,10.109999656677246,10.130000114440918,2.410940170288086,71100
2008-08-18,10.109999656677246,10.210000038146973,9.930000305175781,9.949999809265137,2.3680996894836426,154500
2008-08-19,9.789999961853027,9.9399995803833,9.289999961853027,9.869999885559082,2.3490612506866455,130600
2008-08-20,9.8100004196167,10.0,9.789999961853027,9.880000114440918,2.3514392375946045,143500
2008-08-21,9.819999694824219,9.890000343322754,9.779999732971191,9.8100004196167,2.3347792625427246,130000
2008-08-22,9.789999961853027,9.989999771118164,9.779999732971191,9.949999809265137,2.3680996894836426,110900
2008-08-25,9.850000381469727,9.960000038146973,9.739999771118164,9.739999771118164,2.3181192874908447,165500
2008-08-26,9.739999771118164,9.90999984741211,9.739999771118164,9.850000381469727,2.344299554824829,123900
2008-08-27,9.899999618530273,9.920000076293945,9.84000015258789,9.850000381469727,2.344299554824829,134400
2008-08-28,9.90999984741211,10.050000190734863,9.869999885559082,10.010000228881836,2.3823814392089844,126500
2008-08-29,10.0,10.069999694824219,9.9399995803833,10.010000228881836,2.3823814392089844,127200
2008-09-02,10.149999618530273,10.25,10.050000190734863,10.100000381469727,2.403798818588257,167300
2008-09-03,10.0600004196167,10.199999809265137,10.0600004196167,10.149999618530273,2.415698528289795,55800
2008-09-04,10.0600004196167,10.119999885559082,9.960000038146973,9.989999771118164,2.377621650695801,138500
2008-09-05,9.960000038146973,9.989999771118164,9.869999885559082,9.949999809265137,2.3680996894836426,170400
2008-09-08,10.229999542236328,10.239999771118164,10.039999961853027,10.119999885559082,2.4085612297058105,147800
2008-09-09,10.130000114440918,10.199999809265137,10.0,10.029999732971191,2.3871397972106934,149900
2008-09-10,10.09000015258789,10.09000015258789,9.949999809265137,9.970000267028809,2.3728601932525635,159700
2008-09-11,9.6899995803833,9.739999771118164,9.479999542236328,9.640000343322754,2.3669681549072266,246500
2008-09-12,9.489999771118164,9.829999923706055,9.489999771118164,9.829999923706055,2.413618326187134,204000
2008-09-15,9.460000038146973,9.6899995803833,9.319999694824219,9.329999923706055,2.2908523082733154,201000
2008-09-16,9.09000015258789,9.130000114440918,8.34000015258789,9.029999732971191,2.2171900272369385,416900
2008-09-17,8.850000381469727,8.850000381469727,8.170000076293945,8.270000457763672,2.030583381652832,441700
2008-09-18,8.0,8.6899995803833,7.849999904632568,8.6899995803833,2.1337080001831055,672400
2008-09-19,9.3100004196167,9.649999618530273,9.199999809265137,9.399999618530273,2.308037042617798,366600
2008-09-22,9.399999618530273,9.420000076293945,8.960000038146973,9.0,2.209824323654175,169800
2008-09-23,9.229999542236328,9.229999542236328,8.640000343322754,8.760000228881836,2.150895357131958,215000
2008-09-24,8.720000267028809,8.819999694824219,8.6899995803833,8.779999732971191,2.1558055877685547,198700
2008-09-25,8.649999618530273,9.109999656677246,8.649999618530273,8.930000305175781,2.1926369667053223,412100
2008-09-26,8.510000228881836,9.020000457763672,8.350000381469727,8.989999771118164,2.2073676586151123,240600
2008-09-29,8.699999809265137,8.800000190734863,8.15999984741211,8.199999809265137,2.013394832611084,316700
2008-09-30,8.619999885559082,8.6899995803833,8.369999885559082,8.6899995803833,2.1337080001831055,228100
2008-10-01,8.550000190734863,9.539999961853027,8.520000457763672,8.920000076293945,2.1901803016662598,269000
2008-10-02,8.710000038146973,8.989999771118164,8.6899995803833,8.920000076293945,2.1901803016662598,409000
2008-10-03,9.039999961853027,9.270000457763672,8.8100004196167,8.890000343322754,2.1828155517578125,239300
2008-10-06,8.699999809265137,9.039999961853027,8.199999809265137,8.720000267028809,2.141073703765869,694200
2008-10-07,9.279999732971191,9.279999732971191,8.319999694824219,8.34000015258789,2.0477700233459473,682200
2008-10-08,8.0,8.199999809265137,7.320000171661377,8.020000457763672,1.9691979885101318,706800
2008-10-09,7.989999771118164,8.15999984741211,7.0,7.03000020980835,1.7261182069778442,542300
2008-10-10,6.010000228881836,8.0,5.119999885559082,7.400000095367432,1.8169664144515991,1004500
2008-10-13,8.100000381469727,8.5,7.570000171661377,8.369999885559082,2.055136203765869,146500
2008-10-14,9.079999923706055,9.100000381469727,8.0,8.25,2.02567195892334,377700
2008-10-15,8.100000381469727,8.279999732971191,7.78000020980835,7.789999961853027,1.9127253293991089,315400
2008-10-16,8.369999885559082,8.369999885559082,7.679999828338623,8.34000015258789,2.0477700233459473,356800
2008-10-17,8.029999732971191,9.270000457763672,8.029999732971191,9.069999694824219,2.2270116806030273,480400
2008-10-20,9.229999542236328,9.229999542236328,8.5600004196167,8.739999771118164,2.145984411239624,467700
2008-10-21,8.59000015258789,8.800000190734863,8.5,8.5600004196167,2.101788282394409,312000
2008-10-22,8.380000114440918,8.539999961853027,8.0600004196167,8.180000305175781,2.0084850788116455,355400
2008-10-23,8.180000305175781,8.300000190734863,7.820000171661377,8.199999809265137,2.013394832611084,384100
2008-10-24,7.510000228881836,8.289999961853027,7.510000228881836,8.15999984741211,2.0035743713378906,313200
2008-10-27,8.0,8.050000190734863,7.789999961853027,7.789999961853027,1.9127253293991089,231800
2008-10-28,7.860000133514404,8.25,7.739999771118164,8.25,2.02567195892334,431600
2008-10-29,8.069999694824219,8.359999656677246,8.069999694824219,8.100000381469727,1.9888426065444946,311900
2008-10-30,8.369999885559082,8.369999885559082,8.149999618530273,8.300000190734863,2.0379483699798584,169600
2008-10-31,8.270000457763672,8.600000381469727,8.210000038146973,8.479999542236328,2.0821447372436523,166900
2008-11-03,8.65999984741211,8.680000305175781,8.520000457763672,8.619999885559082,2.1165199279785156,146500
2008-11-04,8.699999809265137,9.260000228881836,8.699999809265137,9.069999694824219,2.2270116806030273,272200
2008-11-05,9.050000190734863,9.050000190734863,8.649999618530273,8.680000305175781,2.131251335144043,134800
2008-11-06,8.65999984741211,8.65999984741211,8.279999732971191,8.489999771118164,2.0846006870269775,203300
2008-11-07,8.430000305175781,8.449999809265137,8.25,8.369999885559082,2.055136203765869,177700
2008-11-10,8.4399995803833,8.5,8.170000076293945,8.220000267028809,2.0183064937591553,128600
2008-11-11,8.109999656677246,8.229999542236328,8.029999732971191,8.140000343322754,1.998663306236267,131800
2008-11-12,8.029999732971191,8.079999923706055,7.5,7.579999923706055,1.8611631393432617,243400
2008-11-13,8.239999771118164,8.239999771118164,7.460000038146973,8.050000190734863,1.9765642881393433,447400
2008-11-14,8.029999732971191,8.029999732971191,7.71999979019165,7.71999979019165,1.8955382108688354,182100
2008-11-17,7.730000019073486,7.730000019073486,7.420000076293945,7.420000076293945,1.8218783140182495,268400
2008-11-18,7.460000038146973,7.739999771118164,7.400000095367432,7.539999961853027,1.8513413667678833,273200
2008-11-19,7.599999904632568,7.619999885559082,7.130000114440918,7.159999847412109,1.7580363750457764,268700
2008-11-20,7.0,7.070000171661377,6.5,6.510000228881836,1.5984392166137695,429700
2008-11-21,6.519999980926514,6.599999904632568,6.0,6.489999771118164,1.593528389930725,481300
2008-11-24,6.570000171661377,7.5,6.559999942779541,7.360000133514404,1.8071454763412476,289000
2008-11-25,7.429999828338623,7.590000152587891,7.099999904632568,7.440000057220459,1.8267877101898193,224000
2008-11-26,7.190000057220459,7.570000171661377,7.159999847412109,7.570000171661377,1.8587079048156738,152500
2008-11-28,7.329999923706055,7.71999979019165,7.28000020980835,7.610000133514404,1.868529200553894,110700
2008-12-01,7.550000190734863,7.550000190734863,7.139999866485596,7.139999866485596,1.7531276941299438,294600
2008-12-02,7.159999847412109,7.400000095367432,7.119999885559082,7.289999961853027,1.7899583578109741,186100
2008-12-03,7.070000171661377,7.539999961853027,7.070000171661377,7.539999961853027,1.8513413667678833,193700
2008-12-04,7.309999942779541,7.53000020980835,7.300000190734863,7.349999904632568,1.8046890497207642,146700
2008-12-05,7.099999904632568,7.679999828338623,7.099999904632568,7.619999885559082,1.870984673500061,208900
2008-12-08,7.659999847412109,8.0,7.599999904632568,7.820000171661377,1.9200915098190308,246400
2008-12-09,7.670000076293945,7.820000171661377,7.539999961853027,7.659999847412109,1.8808062076568604,188600
2008-12-10,7.630000114440918,7.75,7.550000190734863,7.739999771118164,1.9004486799240112,177500
2008-12-11,7.739999771118164,7.940000057220459,7.599999904632568,7.75,1.9029027223587036,316300
2008-12-12,7.610000133514404,7.739999771118164,7.599999904632568,7.710000038146973,1.8930822610855103,168000
2008-12-15,7.840000152587891,7.889999866485596,7.610000133514404,7.730000019073486,1.8979929685592651,218800
2008-12-16,7.849999904632568,8.079999923706055,7.760000228881836,8.029999732971191,1.9716540575027466,360500
2008-12-17,8.0,8.5,7.889999866485596,8.4399995803833,2.0723233222961426,315900
2008-12-18,8.489999771118164,8.489999771118164,8.0600004196167,8.430000305175781,2.1477370262145996,347100
2008-12-19,8.399999618530273,8.579999923706055,8.050000190734863,8.270000457763672,2.106973171234131,333400
2008-12-22,8.130000114440918,8.270000457763672,8.050000190734863,8.069999694824219,2.056018352508545,209600
2008-12-23,8.220000267028809,8.239999771118164,7.920000076293945,8.220000267028809,2.0942344665527344,250300
2008-12-24,8.279999732971191,8.399999618530273,8.029999732971191,8.210000038146973,2.091686248779297,124100
2008-12-26,8.1899995803833,8.579999923706055,8.100000381469727,8.489999771118164,2.1630234718322754,311000
2008-12-29,8.609999656677246,8.630000114440918,8.020000457763672,8.329999923706055,2.1222596168518066,310900
2008-12-30,8.390000343322754,8.390000343322754,7.920000076293945,8.239999771118164,2.0993309020996094,368300
2008-12-31,8.720000267028809,8.720000267028809,8.15999984741211,8.34000015258789,2.1248068809509277,353600
2009-01-02,8.579999923706055,8.899999618530273,8.329999923706055,8.819999694824219,2.2470967769622803,238500
2009-01-05,8.850000381469727,8.989999771118164,8.770000457763672,8.970000267028809,2.2853145599365234,341400
2009-01-06,9.0,9.0,8.609999656677246,8.770000457763672,2.234361171722412,405500
2009-01-07,8.779999732971191,8.859999656677246,8.34000015258789,8.699999809265137,2.2165253162384033,262200
2009-01-08,8.8100004196167,8.8100004196167,8.40999984741211,8.779999732971191,2.2369062900543213,180400
2009-01-09,8.850000381469727,8.850000381469727,8.449999809265137,8.609999656677246,2.193596363067627,161900
2009-01-12,8.739999771118164,8.739999771118164,8.229999542236328,8.420000076293945,2.1451892852783203,285500
2009-01-13,8.550000190734863,8.550000190734863,8.149999618530273,8.239999771118164,2.0993309020996094,204800
2009-01-14,8.25,8.25,8.0,8.130000114440918,2.071305274963379,170800
2009-01-15,8.039999961853027,8.130000114440918,7.849999904632568,8.119999885559082,2.0687568187713623,150900
2009-01-16,8.350000381469727,8.350000381469727,8.079999923706055,8.140000343322754,2.0738515853881836,257400
2009-01-20,8.130000114440918,8.15999984741211,7.840000152587891,7.840000152587891,1.9974204301834106,185100
2009-01-21,7.940000057220459,8.050000190734863,7.869999885559082,8.029999732971191,2.0458271503448486,159600
2009-01-22,7.960000038146973,8.050000190734863,7.860000133514404,8.020000457763672,2.0432796478271484,167000
2009-01-23,7.940000057220459,8.0600004196167,7.809999942779541,8.0600004196167,2.053471326828003,139800
2009-01-26,8.020000457763672,8.119999885559082,7.820000171661377,7.849999904632568,1.9999678134918213,169000
2009-01-27,7.820000171661377,7.880000114440918,7.730000019073486,7.800000190734863,1.9872303009033203,180200
2009-01-28,7.889999866485596,7.960000038146973,7.769999980926514,7.829999923706055,1.994872808456421,192400
2009-01-29,7.739999771118164,7.829999923706055,7.710000038146973,7.75,1.9744911193847656,99100
2009-01-30,7.71999979019165,7.75,7.630000114440918,7.75,1.9744911193847656,110000
2009-02-02,7.519999980926514,7.590000152587891,7.440000057220459,7.480000019073486,1.9057013988494873,179800
2009-02-03,7.409999847412109,7.639999866485596,7.349999904632568,7.639999866485596,1.9464659690856934,174400
2009-02-04,7.559999942779541,7.679999828338623,7.480000019073486,7.639999866485596,1.9464659690856934,149500
2009-02-05,7.46999979019165,7.46999979019165,7.260000228881836,7.420000076293945,1.8904163837432861,172000
2009-02-06,7.320000171661377,7.639999866485596,7.300000190734863,7.590000152587891,1.9337279796600342,356400
2009-02-09,7.590000152587891,7.630000114440918,7.440000057220459,7.570000171661377,1.928631067276001,178500
2009-02-10,7.420000076293945,7.579999923706055,7.199999809265137,7.289999961853027,1.857296347618103,202100
2009-02-11,7.21999979019165,7.380000114440918,7.130000114440918,7.28000020980835,1.8547478914260864,156900
2009-02-12,7.25,7.269999980926514,7.010000228881836,7.269999980926514,1.8521997928619385,213900
2009-02-13,7.210000038146973,7.230000019073486,7.019999980926514,7.039999961853027,1.7936018705368042,238900
2009-02-17,6.78000020980835,6.78000020980835,6.550000190734863,6.550000190734863,1.6687637567520142,245200
2009-02-18,6.590000152587891,6.650000095367432,6.269999980926514,6.369999885559082,1.6229031085968018,310100
2009-02-19,6.340000152587891,6.440000057220459,6.190000057220459,6.21999979019165,1.5846885442733765,272900
2009-02-20,6.130000114440918,6.150000095367432,5.860000133514404,6.070000171661377,1.5464727878570557,412700
2009-02-23,6.070000171661377,6.099999904632568,5.539999961853027,5.619999885559082,1.431823492050171,409500
2009-02-24,5.630000114440918,6.070000171661377,5.619999885559082,6.070000171661377,1.5464727878570557,366500
2009-02-25,5.980000019073486,6.300000190734863,5.900000095367432,6.28000020980835,1.5999743938446045,335400
2009-02-26,6.300000190734863,6.449999809265137,6.139999866485596,6.139999866485596,1.5643068552017212,165900
2009-02-27,5.940000057220459,6.099999904632568,5.900000095367432,6.0,1.5286380052566528,193300
2009-03-02,5.820000171661377,5.889999866485596,5.460000038146973,5.46999979019165,1.3936084508895874,292800
2009-03-03,5.360000133514404,5.46999979019165,5.159999847412109,5.28000020980835,1.3452016115188599,457600
2009-03-04,5.360000133514404,5.550000190734863,5.320000171661377,5.519999980926514,1.4063465595245361,246100
2009-03-05,5.389999866485596,5.400000095367432,5.159999847412109,5.28000020980835,1.3452016115188599,232300
2009-03-06,5.309999942779541,5.400000095367432,5.050000190734863,5.190000057220459,1.3222723007202148,308600
2009-03-09,5.039999961853027,5.25,5.039999961853027,5.139999866485596,1.3095331192016602,356100
2009-03-10,5.179999828338623,5.539999961853027,5.170000076293945,5.5,1.4012517929077148,315100
2009-03-11,5.690000057220459,5.800000190734863,5.590000152587891,5.739999771118164,1.4623974561691284,349000
2009-03-12,5.260000228881836,5.670000076293945,5.260000228881836,5.639999866485596,1.5178359746932983,218300
2009-03-13,5.78000020980835,5.78000020980835,5.579999923706055,5.699999809265137,1.533983588218689,207600
2009-03-16,5.860000133514404,6.0,5.739999771118164,5.809999942779541,1.563586950302124,247400
2009-03-17,5.800000190734863,5.889999866485596,5.710000038146973,5.869999885559082,1.5797340869903564,235200
2009-03-18,5.820000171661377,6.079999923706055,5.820000171661377,6.019999980926514,1.6201019287109375,111300
2009-03-19,6.070000171661377,6.119999885559082,5.920000076293945,5.96999979019165,1.6066458225250244,161000
2009-03-20,5.900000095367432,6.0,5.820000171661377,5.820000171661377,1.566277265548706,111600
2009-03-23,5.960000038146973,6.239999771118164,5.960000038146973,6.199999809265137,1.6685423851013184,219700
2009-03-24,6.170000076293945,6.309999942779541,6.150000095367432,6.210000038146973,1.6712346076965332,175200
2009-03-25,6.269999980926514,6.369999885559082,6.110000133514404,6.320000171661377,1.7008380889892578,171000
2009-03-26,6.329999923706055,6.599999904632568,6.289999961853027,6.460000038146973,1.738513708114624,269500
2009-03-27,6.340000152587891,6.409999847412109,6.25,6.300000190734863,1.695454716682434,106800
2009-03-30,6.079999923706055,6.099999904632568,5.980000019073486,6.070000171661377,1.633557677268982,204000
2009-03-31,6.570000171661377,6.570000171661377,6.159999847412109,6.380000114440918,1.7169842720031738,210100
2009-04-01,6.190000057220459,6.550000190734863,6.170000076293945,6.5,1.749279499053955,247900
2009-04-02,6.559999942779541,6.849999904632568,6.559999942779541,6.849999904632568,1.8434700965881348,223000
2009-04-03,6.710000038146973,6.710000038146973,6.53000020980835,6.690000057220459,1.8004118204116821,214100
2009-04-06,6.53000020980835,6.599999904632568,6.400000095367432,6.53000020980835,1.7573528289794922,209800
2009-04-07,6.320000171661377,6.590000152587891,6.320000171661377,6.590000152587891,1.773499608039856,189000
2009-04-08,6.579999923706055,6.690000057220459,6.320000171661377,6.670000076293945,1.7950286865234375,262500
2009-04-09,6.980000019073486,7.0,6.739999771118164,6.809999942779541,1.8327052593231201,256700
2009-04-13,6.75,6.760000228881836,6.610000133514404,6.739999771118164,1.8138681650161743,129900
2009-04-14,6.699999809265137,6.699999809265137,6.53000020980835,6.599999904632568,1.776190161705017,168700
2009-04-15,6.599999904632568,6.630000114440918,6.5,6.619999885559082,1.7815728187561035,203600
2009-04-16,6.730000019073486,6.880000114440918,6.659999847412109,6.880000114440918,1.8515443801879883,162800
2009-04-17,6.769999980926514,6.869999885559082,6.710000038146973,6.789999961853027,1.8273242712020874,179100
2009-04-20,6.710000038146973,6.739999771118164,6.389999866485596,6.429999828338623,1.7304404973983765,168900
2009-04-21,6.28000020980835,6.71999979019165,6.28000020980835,6.630000114440918,1.7842644453048706,203800
2009-04-22,6.550000190734863,6.760000228881836,6.550000190734863,6.579999923706055,1.770809292793274,158500
2009-04-23,6.679999828338623,6.71999979019165,6.550000190734863,6.71999979019165,1.8084858655929565,152000
2009-04-24,6.78000020980835,6.809999942779541,6.690000057220459,6.739999771118164,1.8138681650161743,193000
2009-04-27,6.579999923706055,6.75,6.579999923706055,6.619999885559082,1.7815728187561035,165700
2009-04-28,6.550000190734863,6.710000038146973,6.550000190734863,6.599999904632568,1.776190161705017,77400
2009-04-29,7.0,7.0,6.670000076293945,6.789999961853027,1.8273242712020874,128800
2009-04-30,6.860000133514404,6.889999866485596,6.690000057220459,6.71999979019165,1.8084858655929565,225800
2009-05-01,6.760000228881836,6.78000020980835,6.679999828338623,6.78000020980835,1.8246325254440308,165300
2009-05-04,6.760000228881836,7.0,6.760000228881836,7.0,1.8838379383087158,228600
2009-05-05,6.909999847412109,6.940000057220459,6.820000171661377,6.880000114440918,1.8515443801879883,188300
2009-05-06,6.980000019073486,7.039999961853027,6.889999866485596,7.039999961853027,1.89460289478302,194300
2009-05-07,7.119999885559082,7.130000114440918,6.920000076293945,6.980000019073486,1.878456950187683,163000
2009-05-08,7.03000020980835,7.230000019073486,6.989999771118164,7.179999828338623,1.9322799444198608,169600
2009-05-11,7.130000114440918,7.130000114440918,7.059999942779541,7.079999923706055,1.9053685665130615,192900
2009-05-12,7.090000152587891,7.130000114440918,6.929999828338623,7.019999980926514,1.8892215490341187,215400
2009-05-13,6.909999847412109,6.929999828338623,6.829999923706055,6.860000133514404,1.84616219997406,226100
2009-05-14,6.840000152587891,6.949999809265137,6.840000152587891,6.889999866485596,1.8542360067367554,146800
2009-05-15,6.849999904632568,6.929999828338623,6.849999904632568,6.849999904632568,1.8434700965881348,111100
2009-05-18,6.860000133514404,7.170000076293945,6.860000133514404,7.050000190734863,1.8972958326339722,250800
2009-05-19,7.090000152587891,7.150000095367432,7.059999942779541,7.079999923706055,1.9053685665130615,176300
2009-05-20,7.190000057220459,7.230000019073486,7.039999961853027,7.039999961853027,1.89460289478302,188200
2009-05-21,7.010000228881836,7.039999961853027,6.949999809265137,6.96999979019165,1.8757655620574951,206900
2009-05-22,7.050000190734863,7.090000152587891,6.989999771118164,7.03000020980835,1.8919122219085693,152600
2009-05-26,6.96999979019165,7.28000020980835,6.96999979019165,7.28000020980835,1.9591920375823975,227000
2009-05-27,7.269999980926514,7.300000190734863,7.190000057220459,7.190000057220459,1.9349721670150757,161300
2009-05-28,7.179999828338623,7.400000095367432,7.170000076293945,7.400000095367432,1.9914880990982056,220100
2009-05-29,7.369999885559082,7.5,7.309999942779541,7.5,2.018399477005005,148100
2009-06-01,7.559999942779541,7.760000228881836,7.559999942779541,7.760000228881836,2.0883710384368896,309200
2009-06-02,7.670000076293945,7.820000171661377,7.659999847412109,7.820000171661377,2.1045165061950684,377800
2009-06-03,7.710000038146973,7.75,7.650000095367432,7.730000019073486,2.080296039581299,226200
2009-06-04,7.989999771118164,7.989999771118164,7.820000171661377,7.880000114440918,2.120663642883301,264500
2009-06-05,8.020000457763672,8.079999923706055,7.829999923706055,8.029999732971191,2.16103196144104,213900
2009-06-08,8.0,8.050000190734863,7.800000190734863,7.980000019073486,2.1475770473480225,204500
2009-06-09,7.980000019073486,8.15999984741211,7.949999809265137,8.149999618530273,2.193326711654663,202300
2009-06-10,8.170000076293945,8.34000015258789,8.149999618530273,8.220000267028809,2.212165355682373,259400
2009-06-11,7.989999771118164,8.029999732971191,7.78000020980835,7.869999885559082,2.1998672485351562,279500
2009-06-12,7.829999923706055,7.869999885559082,7.75,7.800000190734863,2.180299758911133,167100
2009-06-15,7.75,7.75,7.400000095367432,7.46999979019165,2.0880560874938965,232900
2009-06-16,7.570000171661377,7.610000133514404,7.269999980926514,7.269999980926514,2.0321502685546875,166500
2009-06-17,7.260000228881836,7.369999885559082,7.239999771118164,7.25,2.0265607833862305,192900
2009-06-18,7.269999980926514,7.449999809265137,7.230000019073486,7.28000020980835,2.034945249557495,116000
2009-06-19,7.329999923706055,7.400000095367432,7.199999809265137,7.289999961853027,2.0377416610717773,197000
2009-06-22,7.199999809265137,7.28000020980835,7.119999885559082,7.119999885559082,1.9902210235595703,212800
2009-06-23,6.800000190734863,7.190000057220459,6.710000038146973,7.050000190734863,1.9706546068191528,228800
2009-06-24,7.090000152587891,7.159999847412109,7.090000152587891,7.159999847412109,2.0014028549194336,238300
2009-06-25,7.239999771118164,7.690000057220459,7.199999809265137,7.690000057220459,2.149552345275879,309600
2009-06-26,7.630000114440918,7.78000020980835,7.550000190734863,7.679999828338623,2.146756410598755,157800
2009-06-29,7.639999866485596,7.880000114440918,7.630000114440918,7.880000114440918,2.2026607990264893,160200
2009-06-30,8.0,8.010000228881836,7.71999979019165,7.760000228881836,2.169116973876953,226400
2009-07-01,7.71999979019165,7.900000095367432,7.71999979019165,7.769999980926514,2.1719133853912354,148100
2009-07-02,7.699999809265137,7.829999923706055,7.579999923706055,7.78000020980835,2.174708843231201,178200
2009-07-06,7.71999979019165,7.71999979019165,7.400000095367432,7.440000057220459,2.0796704292297363,188300
2009-07-07,7.440000057220459,7.460000038146973,7.150000095367432,7.199999809265137,2.0125844478607178,150600
2009-07-08,7.21999979019165,7.440000057220459,7.099999904632568,7.139999866485596,1.9958128929138184,133600
2009-07-09,7.159999847412109,7.21999979019165,7.110000133514404,7.170000076293945,2.0041980743408203,110500
2009-07-10,7.119999885559082,7.349999904632568,7.03000020980835,7.349999904632568,2.0545120239257812,121200
2009-07-13,7.349999904632568,7.550000190734863,7.260000228881836,7.519999980926514,2.1020314693450928,182800
2009-07-14,7.53000020980835,7.690000057220459,7.53000020980835,7.650000095367432,2.1383707523345947,129400
2009-07-15,7.730000019073486,7.840000152587891,7.71999979019165,7.730000019073486,2.160731792449951,239300
2009-07-16,7.730000019073486,7.900000095367432,7.710000038146973,7.900000095367432,2.2082526683807373,134900
2009-07-17,7.980000019073486,7.980000019073486,7.849999904632568,7.900000095367432,2.2082526683807373,115000
2009-07-20,7.900000095367432,8.0,7.869999885559082,8.0,2.23620343208313,174900
2009-07-21,8.029999732971191,8.039999961853027,7.960000038146973,8.0,2.23620343208313,158500
2009-07-22,7.96999979019165,8.09000015258789,7.949999809265137,8.039999961853027,2.2473862171173096,172600
2009-07-23,8.0600004196167,8.1899995803833,8.0600004196167,8.1899995803833,2.289313793182373,199100
2009-07-24,8.100000381469727,8.180000305175781,8.079999923706055,8.119999885559082,2.269747734069824,151900
2009-07-27,8.170000076293945,8.279999732971191,8.149999618530273,8.25,2.306086301803589,172600
2009-07-28,8.220000267028809,8.279999732971191,8.1899995803833,8.199999809265137,2.292109251022339,177900
2009-07-29,8.149999618530273,8.25,8.149999618530273,8.25,2.306086301803589,143400
2009-07-30,8.289999961853027,8.5,8.100000381469727,8.3100004196167,2.3228561878204346,257800
2009-07-31,8.289999961853027,8.300000190734863,8.130000114440918,8.239999771118164,2.3032913208007812,186700
2009-08-03,7.869999885559082,8.350000381469727,7.829999923706055,8.270000457763672,2.3116769790649414,257100
2009-08-04,8.130000114440918,8.350000381469727,8.130000114440918,8.279999732971191,2.3144712448120117,217700
2009-08-05,8.25,8.40999984741211,8.220000267028809,8.40999984741211,2.3508095741271973,161900
2009-08-06,8.460000038146973,8.479999542236328,8.270000457763672,8.34000015258789,2.3312435150146484,155700
2009-08-07,8.369999885559082,8.539999961853027,8.359999656677246,8.539999961853027,2.3871471881866455,148500
2009-08-10,8.479999542236328,8.699999809265137,8.449999809265137,8.460000038146973,2.364785671234131,235700
2009-08-11,8.479999542236328,8.489999771118164,8.270000457763672,8.300000190734863,2.320061683654785,239100
2009-08-12,8.289999961853027,8.569999694824219,8.229999542236328,8.3100004196167,2.3228561878204346,276100
2009-08-13,8.5600004196167,8.579999923706055,8.390000343322754,8.510000228881836,2.3787620067596436,319100
2009-08-14,8.569999694824219,8.630000114440918,8.460000038146973,8.630000114440918,2.412306070327759,270400
2009-08-17,8.520000457763672,8.550000190734863,8.399999618530273,8.479999542236328,2.370375394821167,338500
2009-08-18,8.529999732971191,8.75,8.510000228881836,8.699999809265137,2.4318723678588867,307700
2009-08-19,8.670000076293945,8.789999961853027,8.630000114440918,8.75,2.4458487033843994,217500
2009-08-20,8.779999732971191,8.829999923706055,8.670000076293945,8.789999961853027,2.457029104232788,273800
2009-08-21,8.890000343322754,9.170000076293945,8.829999923706055,8.970000267028809,2.507344961166382,302400
2009-08-24,9.050000190734863,9.279999732971191,9.020000457763672,9.149999618530273,2.5576577186584473,420300
2009-08-25,9.25,9.300000190734863,9.149999618530273,9.149999618530273,2.5576577186584473,458200
2009-08-26,9.369999885559082,9.520000457763672,8.899999618530273,9.050000190734863,2.529705762863159,366300
2009-08-27,9.079999923706055,9.100000381469727,8.970000267028809,9.010000228881836,2.5185251235961914,293500
2009-08-28,9.09000015258789,9.229999542236328,9.029999732971191,9.229999542236328,2.580019474029541,269000
2009-08-31,9.289999961853027,9.289999961853027,9.0600004196167,9.170000076293945,2.5632495880126953,289400
2009-09-01,9.170000076293945,9.279999732971191,9.09000015258789,9.119999885559082,2.5492734909057617,403700
2009-09-02,9.010000228881836,9.039999961853027,8.180000305175781,8.449999809265137,2.3619911670684814,870300
2009-09-03,8.5600004196167,9.100000381469727,8.5600004196167,8.819999694824219,2.4654154777526855,342600
2009-09-04,8.859999656677246,9.0,8.729999542236328,8.859999656677246,2.476597309112549,258100
2009-09-08,8.8100004196167,8.979999542236328,8.8100004196167,8.920000076293945,2.49336838722229,262800
2009-09-09,8.930000305175781,9.039999961853027,8.899999618530273,8.920000076293945,2.49336838722229,266900
2009-09-10,8.9399995803833,9.039999961853027,8.920000076293945,9.020000457763672,2.521319627761841,268200
2009-09-11,8.710000038146973,8.800000190734863,8.510000228881836,8.609999656677246,2.4739110469818115,331100
2009-09-14,8.420000076293945,8.550000190734863,8.399999618530273,8.489999771118164,2.4394307136535645,308500
2009-09-15,8.25,8.569999694824219,8.25,8.470000267028809,2.4336845874786377,222800
2009-09-16,8.510000228881836,8.680000305175781,8.479999542236328,8.579999923706055,2.4652915000915527,227300
2009-09-17,8.550000190734863,8.640000343322754,8.329999923706055,8.479999542236328,2.4365572929382324,261200
2009-09-18,8.489999771118164,8.529999732971191,8.359999656677246,8.529999732971191,2.4509246349334717,214500
2009-09-21,8.489999771118164,8.529999732971191,8.430000305175781,8.520000457763672,2.4480512142181396,221200
2009-09-22,8.520000457763672,8.579999923706055,8.430000305175781,8.520000457763672,2.4480512142181396,191300
2009-09-23,8.520000457763672,8.649999618530273,8.479999542236328,8.630000114440918,2.47965669631958,215500
2009-09-24,8.640000343322754,8.739999771118164,8.520000457763672,8.619999885559082,2.4767839908599854,221000
2009-09-25,8.5600004196167,8.779999732971191,8.5600004196167,8.729999542236328,2.508390426635742,198300
2009-09-28,8.9399995803833,8.9399995803833,8.699999809265137,8.779999732971191,2.5227551460266113,134400
2009-09-29,8.819999694824219,8.850000381469727,8.770000457763672,8.84000015258789,2.5399973392486572,132900
2009-09-30,9.140000343322754,9.140000343322754,8.630000114440918,8.630000114440918,2.47965669631958,329300
2009-10-01,8.489999771118164,8.819999694824219,8.489999771118164,8.520000457763672,2.4480512142181396,251800
2009-10-02,8.350000381469727,8.40999984741211,8.300000190734863,8.34000015258789,2.396331548690796,338000
2009-10-05,8.369999885559082,8.399999618530273,8.3100004196167,8.329999923706055,2.3934590816497803,259600
2009-10-06,8.34000015258789,8.479999542236328,8.34000015258789,8.430000305175781,2.4221911430358887,164600
2009-10-07,8.359999656677246,8.399999618530273,8.270000457763672,8.3100004196167,2.3877112865448,195200
2009-10-08,8.350000381469727,8.380000114440918,8.289999961853027,8.329999923706055,2.3934590816497803,205900
2009-10-09,8.270000457763672,8.369999885559082,8.270000457763672,8.369999885559082,2.40495228767395,172300
2009-10-12,8.329999923706055,8.40999984741211,8.270000457763672,8.319999694824219,2.390585422515869,384500
2009-10-13,8.149999618530273,8.289999961853027,8.079999923706055,8.239999771118164,2.367598295211792,240400
2009-10-14,8.399999618530273,8.460000038146973,8.260000228881836,8.359999656677246,2.402078628540039,198800
2009-10-15,8.350000381469727,8.4399995803833,8.300000190734863,8.4399995803833,2.425065279006958,128400
2009-10-16,8.420000076293945,8.479999542236328,8.319999694824219,8.4399995803833,2.425065279006958,151900
2009-10-19,8.420000076293945,8.489999771118164,8.380000114440918,8.420000076293945,2.4193172454833984,154000
2009-10-20,8.390000343322754,8.470000267028809,8.359999656677246,8.40999984741211,2.4164443016052246,163600
2009-10-21,8.40999984741211,8.479999542236328,8.40999984741211,8.449999809265137,2.427938222885132,139000
2009-10-22,8.399999618530273,8.470000267028809,8.329999923706055,8.470000267028809,2.4336845874786377,148900
2009-10-23,8.4399995803833,8.470000267028809,8.380000114440918,8.380000114440918,2.4078261852264404,211600
2009-10-26,8.420000076293945,8.460000038146973,8.319999694824219,8.350000381469727,2.3992044925689697,149000
2009-10-27,8.34000015258789,8.390000343322754,8.260000228881836,8.34000015258789,2.396331548690796,196100
2009-10-28,8.260000228881836,8.380000114440918,8.100000381469727,8.109999656677246,2.3302462100982666,256000
2009-10-29,8.210000038146973,8.34000015258789,8.100000381469727,8.3100004196167,2.3877112865448,292800
2009-10-30,8.260000228881836,8.3100004196167,7.869999885559082,7.889999866485596,2.2670326232910156,308000
2009-11-02,7.900000095367432,8.010000228881836,7.769999980926514,7.869999885559082,2.2612862586975098,287300
2009-11-03,7.840000152587891,7.920000076293945,7.800000190734863,7.820000171661377,2.2469193935394287,178100
2009-11-04,7.880000114440918,7.989999771118164,7.880000114440918,7.940000057220459,2.2813985347747803,176600
2009-11-05,8.010000228881836,8.109999656677246,7.96999979019165,8.100000381469727,2.3273727893829346,152400
2009-11-06,8.0,8.170000076293945,7.96999979019165,8.119999885559082,2.3331191539764404,153000
2009-11-09,8.180000305175781,8.260000228881836,8.149999618530273,8.25,2.3704726696014404,181800
2009-11-10,8.140000343322754,8.270000457763672,8.140000343322754,8.270000457763672,2.3762190341949463,156000
2009-11-11,8.300000190734863,8.369999885559082,8.260000228881836,8.279999732971191,2.379091262817383,229300
2009-11-12,8.3100004196167,8.3100004196167,8.199999809265137,8.270000457763672,2.3762190341949463,151900
2009-11-13,8.300000190734863,8.329999923706055,8.239999771118164,8.289999961853027,2.381965398788452,206600
2009-11-16,8.289999961853027,8.420000076293945,8.289999961853027,8.350000381469727,2.3992044925689697,224700
2009-11-17,8.350000381469727,8.40999984741211,8.329999923706055,8.40999984741211,2.4164443016052246,207700
2009-11-18,8.399999618530273,8.40999984741211,8.369999885559082,8.40999984741211,2.4164443016052246,137300
2009-11-19,8.380000114440918,8.390000343322754,8.300000190734863,8.390000343322754,2.4106979370117188,181300
2009-11-20,8.350000381469727,8.420000076293945,8.350000381469727,8.40999984741211,2.4164443016052246,149100
2009-11-23,8.5,8.550000190734863,8.470000267028809,8.529999732971191,2.4509246349334717,284800
2009-11-24,8.539999961853027,8.710000038146973,8.510000228881836,8.710000038146973,2.502643585205078,273400
2009-11-25,8.6899995803833,8.850000381469727,8.6899995803833,8.829999923706055,2.537123918533325,241000
2009-11-27,8.510000228881836,8.920000076293945,8.510000228881836,8.899999618530273,2.557236671447754,151500
2009-11-30,8.9399995803833,8.960000038146973,8.829999923706055,8.9399995803833,2.568727731704712,203000
2009-12-01,8.9399995803833,9.0,8.90999984741211,8.949999809265137,2.5716030597686768,309200
2009-12-02,8.920000076293945,8.989999771118164,8.920000076293945,8.979999542236328,2.580223321914673,218400
2009-12-03,8.989999771118164,8.989999771118164,8.859999656677246,8.869999885559082,2.548616647720337,261500
2009-12-04,8.890000343322754,8.979999542236328,8.770000457763672,8.779999732971191,2.5227551460266113,306600
2009-12-07,8.890000343322754,8.890000343322754,8.75,8.75,2.5141377449035645,275800
2009-12-08,8.75,8.75,8.619999885559082,8.75,2.5141377449035645,177000
2009-12-09,8.760000228881836,8.850000381469727,8.65999984741211,8.850000381469727,2.542870044708252,223900
2009-12-10,8.920000076293945,8.9399995803833,8.84000015258789,8.920000076293945,2.5629830360412598,195700
2009-12-11,8.979999542236328,8.989999771118164,8.880000114440918,8.970000267028809,2.577349901199341,234100
2009-12-14,9.0,9.029999732971191,8.970000267028809,9.029999732971191,2.5945887565612793,201100
2009-12-15,9.020000457763672,9.0600004196167,9.0,9.039999961853027,2.5974628925323486,232000
2009-12-16,9.079999923706055,9.279999732971191,9.069999694824219,9.210000038146973,2.646308660507202,340700
2009-12-17,9.170000076293945,9.210000038146973,9.079999923706055,9.130000114440918,2.623321771621704,200000
2009-12-18,8.979999542236328,9.010000228881836,8.789999961853027,8.930000305175781,2.6366078853607178,232000
2009-12-21,8.899999618530273,9.0,8.600000381469727,8.600000381469727,2.539175033569336,314900
2009-12-22,8.59000015258789,8.710000038146973,8.460000038146973,8.649999618530273,2.553938627243042,319500
2009-12-23,8.720000267028809,8.75,8.619999885559082,8.720000267028809,2.5746052265167236,209600
2009-12-24,8.75,8.800000190734863,8.720000267028809,8.800000190734863,2.5982251167297363,87700
2009-12-28,8.75,9.130000114440918,8.75,8.989999771118164,2.6543240547180176,258800
2009-12-29,9.0,9.100000381469727,8.920000076293945,8.920000076293945,2.6336567401885986,163600
2009-12-30,8.949999809265137,9.130000114440918,8.880000114440918,9.0,2.657275676727295,158400
2009-12-31,9.210000038146973,9.229999542236328,8.800000190734863,8.800000190734863,2.5982251167297363,250000
2010-01-04,8.819999694824219,8.930000305175781,8.819999694824219,8.859999656677246,2.615940570831299,287100
2010-01-05,8.899999618530273,9.079999923706055,8.899999618530273,9.010000228881836,2.6602296829223633,197300
2010-01-06,8.989999771118164,9.050000190734863,8.9399995803833,8.9399995803833,2.639559745788574,230300
2010-01-07,8.949999809265137,9.020000457763672,8.880000114440918,8.960000038146973,2.6454672813415527,212200
2010-01-08,8.880000114440918,8.90999984741211,8.859999656677246,8.90999984741211,2.630704641342163,133100
2010-01-11,9.020000457763672,9.020000457763672,8.869999885559082,8.9399995803833,2.639559745788574,165300
2010-01-12,8.970000267028809,8.979999542236328,8.829999923706055,8.859999656677246,2.615940570831299,179100
2010-01-13,8.930000305175781,8.979999542236328,8.850000381469727,8.970000267028809,2.64841890335083,161000
2010-01-14,8.930000305175781,8.979999542236328,8.899999618530273,8.979999542236328,2.651371479034424,115500
2010-01-15,8.949999809265137,8.979999542236328,8.829999923706055,8.930000305175781,2.6366078853607178,178200
2010-01-19,8.880000114440918,9.020000457763672,8.880000114440918,8.970000267028809,2.64841890335083,193400
2010-01-20,8.899999618530273,8.989999771118164,8.869999885559082,8.979999542236328,2.651371479034424,162900
2010-01-21,8.979999542236328,9.050000190734863,8.899999618530273,8.949999809265137,2.642512798309326,226000
2010-01-22,8.920000076293945,8.920000076293945,8.630000114440918,8.630000114440918,2.5480334758758545,285600
2010-01-25,8.680000305175781,8.729999542236328,8.5600004196167,8.569999694824219,2.53031849861145,299200
2010-01-26,8.619999885559082,8.619999885559082,8.399999618530273,8.470000267028809,2.5007927417755127,258600
2010-01-27,8.510000228881836,8.510000228881836,8.15999984741211,8.180000305175781,2.4151697158813477,502300
2010-01-28,8.220000267028809,8.260000228881836,8.15999984741211,8.239999771118164,2.4328835010528564,220700
2010-01-29,8.279999732971191,8.479999542236328,8.239999771118164,8.369999885559082,2.4712677001953125,279500
2010-02-01,8.380000114440918,8.4399995803833,8.329999923706055,8.380000114440918,2.474219799041748,170800
2010-02-02,8.390000343322754,8.579999923706055,8.369999885559082,8.569999694824219,2.53031849861145,180000
2010-02-03,8.510000228881836,8.670000076293945,8.510000228881836,8.65999984741211,2.5568902492523193,153500
2010-02-04,8.619999885559082,8.619999885559082,8.390000343322754,8.40999984741211,2.48307728767395,167800
2010-02-05,8.319999694824219,8.359999656677246,8.029999732971191,8.270000457763672,2.4417407512664795,335400
2010-02-08,8.270000457763672,8.359999656677246,8.15999984741211,8.199999809265137,2.4210736751556396,161100
2010-02-09,8.239999771118164,8.399999618530273,8.239999771118164,8.329999923706055,2.4594571590423584,192300
2010-02-10,8.319999694824219,8.350000381469727,8.130000114440918,8.15999984741211,2.4092648029327393,316800
2010-02-11,8.140000343322754,8.220000267028809,8.0600004196167,8.149999618530273,2.40631103515625,273900
2010-02-12,8.079999923706055,8.170000076293945,8.069999694824219,8.140000343322754,2.403357982635498,161900
2010-02-16,8.239999771118164,8.350000381469727,8.149999618530273,8.329999923706055,2.4594571590423584,236400
2010-02-17,8.3100004196167,8.390000343322754,8.3100004196167,8.369999885559082,2.4712677001953125,259400
2010-02-18,8.350000381469727,8.470000267028809,8.34000015258789,8.4399995803833,2.491934299468994,170800
2010-02-19,8.369999885559082,8.539999961853027,8.369999885559082,8.529999732971191,2.5185065269470215,115700
2010-02-22,8.569999694824219,8.569999694824219,8.449999809265137,8.5,2.5096492767333984,149700
2010-02-23,8.529999732971191,8.59000015258789,8.390000343322754,8.569999694824219,2.53031849861145,246600
2010-02-24,8.59000015258789,8.779999732971191,8.59000015258789,8.75,2.583463668823242,291000
2010-02-25,8.579999923706055,8.800000190734863,8.569999694824219,8.800000190734863,2.5982251167297363,182800
2010-02-26,8.729999542236328,8.890000343322754,8.729999542236328,8.829999923706055,2.607083559036255,155000
2010-03-01,8.9399995803833,8.970000267028809,8.880000114440918,8.920000076293945,2.6336567401885986,162200
2010-03-02,8.989999771118164,9.079999923706055,8.9399995803833,9.069999694824219,2.6779446601867676,194200
2010-03-03,9.100000381469727,9.109999656677246,8.960000038146973,9.039999961853027,2.6690869331359863,263800
2010-03-04,9.020000457763672,9.029999732971191,8.960000038146973,9.0,2.657275676727295,150700
2010-03-05,9.09000015258789,9.229999542236328,8.989999771118164,9.229999542236328,2.725184917449951,194700
2010-03-08,9.199999809265137,9.199999809265137,9.140000343322754,9.180000305175781,2.7104225158691406,226200
2010-03-09,9.180000305175781,9.199999809265137,9.0600004196167,9.079999923706055,2.680896282196045,245000
2010-03-10,9.140000343322754,9.140000343322754,9.069999694824219,9.100000381469727,2.686800718307495,202100
2010-03-11,8.869999885559082,8.970000267028809,8.829999923706055,8.960000038146973,2.7186617851257324,213800
2010-03-12,9.0,9.029999732971191,8.850000381469727,8.880000114440918,2.6943862438201904,158700
2010-03-15,8.84000015258789,8.869999885559082,8.770000457763672,8.850000381469727,2.685286045074463,132000
2010-03-16,8.859999656677246,8.880000114440918,8.779999732971191,8.800000190734863,2.6701133251190186,211200
2010-03-17,8.84000015258789,8.880000114440918,8.800000190734863,8.829999923706055,2.6792151927948,167300
2010-03-18,8.850000381469727,8.859999656677246,8.789999961853027,8.859999656677246,2.6883187294006348,178700
2010-03-19,8.760000228881836,8.890000343322754,8.75,8.760000228881836,2.6579761505126953,160300
2010-03-22,8.729999542236328,8.899999618530273,8.65999984741211,8.890000343322754,2.697420835494995,203400
2010-03-23,8.869999885559082,8.9399995803833,8.859999656677246,8.9399995803833,2.7125911712646484,125800
2010-03-24,8.890000343322754,8.949999809265137,8.850000381469727,8.880000114440918,2.6943862438201904,84100
2010-03-25,8.90999984741211,8.960000038146973,8.8100004196167,8.850000381469727,2.685286045074463,136300
2010-03-26,8.890000343322754,8.989999771118164,8.859999656677246,8.960000038146973,2.7186617851257324,165000
2010-03-29,8.989999771118164,8.989999771118164,8.850000381469727,8.869999885559082,2.6913530826568604,154400
2010-03-30,8.890000343322754,8.920000076293945,8.8100004196167,8.880000114440918,2.6943862438201904,122800
2010-03-31,8.949999809265137,8.979999542236328,8.8100004196167,8.859999656677246,2.6883187294006348,257600
2010-04-01,8.899999618530273,8.949999809265137,8.859999656677246,8.9399995803833,2.7125911712646484,217400
2010-04-05,8.949999809265137,9.010000228881836,8.9399995803833,8.989999771118164,2.7277638912200928,139800
2010-04-06,8.960000038146973,8.989999771118164,8.899999618530273,8.930000305175781,2.7095577716827393,136300
2010-04-07,8.970000267028809,8.970000267028809,8.819999694824219,8.869999885559082,2.6913530826568604,135800
2010-04-08,8.8100004196167,8.949999809265137,8.789999961853027,8.90999984741211,2.7034895420074463,125900
2010-04-09,8.90999984741211,8.989999771118164,8.890000343322754,8.949999809265137,2.7156267166137695,161300
2010-04-12,8.9399995803833,8.970000267028809,8.880000114440918,8.949999809265137,2.7156267166137695,133200
2010-04-13,8.90999984741211,8.979999542236328,8.880000114440918,8.9399995803833,2.7125911712646484,148300
2010-04-14,8.989999771118164,9.020000457763672,8.9399995803833,8.989999771118164,2.7277638912200928,139100
2010-04-15,8.930000305175781,8.979999542236328,8.899999618530273,8.920000076293945,2.7065236568450928,152400
2010-04-16,8.899999618530273,8.90999984741211,8.800000190734863,8.8100004196167,2.673147678375244,206000
2010-04-19,8.800000190734863,8.890000343322754,8.779999732971191,8.829999923706055,2.6792151927948,243200
2010-04-20,8.850000381469727,8.890000343322754,8.829999923706055,8.859999656677246,2.6883187294006348,145700
2010-04-21,8.829999923706055,8.850000381469727,8.729999542236328,8.84000015258789,2.682250738143921,252400
2010-04-22,8.75,8.84000015258789,8.729999542236328,8.8100004196167,2.673147678375244,169300
2010-04-23,8.850000381469727,8.890000343322754,8.800000190734863,8.869999885559082,2.6913530826568604,151800
2010-04-26,8.899999618530273,8.899999618530273,8.819999694824219,8.869999885559082,2.6913530826568604,168600
2010-04-27,8.880000114440918,8.880000114440918,8.739999771118164,8.779999732971191,2.66404390335083,181400
2010-04-28,8.760000228881836,8.859999656677246,8.760000228881836,8.8100004196167,2.673147678375244,146400
2010-04-29,8.819999694824219,8.880000114440918,8.8100004196167,8.869999885559082,2.6913530826568604,133700
2010-04-30,8.829999923706055,8.859999656677246,8.789999961853027,8.8100004196167,2.673147678375244,103500
2010-05-03,8.8100004196167,8.899999618530273,8.8100004196167,8.859999656677246,2.6883187294006348,111600
2010-05-04,8.75,8.8100004196167,8.579999923706055,8.65999984741211,2.627634048461914,253800
2010-05-05,8.5,8.579999923706055,8.260000228881836,8.460000038146973,2.5669496059417725,273300
2010-05-06,8.399999618530273,8.470000267028809,7.230000019073486,7.860000133514404,2.384896755218506,1072400
2010-05-07,7.96999979019165,8.109999656677246,7.800000190734863,8.010000228881836,2.430410385131836,585600
2010-05-10,8.470000267028809,8.569999694824219,8.3100004196167,8.449999809265137,2.563917398452759,559400
2010-05-11,8.369999885559082,8.710000038146973,8.359999656677246,8.520000457763672,2.585155963897705,371600
2010-05-12,8.5600004196167,8.8100004196167,8.5600004196167,8.789999961853027,2.667078733444214,256100
2010-05-13,8.710000038146973,8.859999656677246,8.680000305175781,8.680000305175781,2.6337029933929443,239200
2010-05-14,8.640000343322754,8.670000076293945,8.5,8.539999961853027,2.5912232398986816,176900
2010-05-17,8.619999885559082,8.619999885559082,8.300000190734863,8.4399995803833,2.5608811378479004,175200
2010-05-18,8.539999961853027,8.550000190734863,8.260000228881836,8.270000457763672,2.5092997550964355,197700
2010-05-19,8.180000305175781,8.350000381469727,8.140000343322754,8.229999542236328,2.497163772583008,163300
2010-05-20,8.039999961853027,8.0600004196167,7.849999904632568,7.869999885559082,2.387930393218994,408400
2010-05-21,7.769999980926514,7.96999979019165,7.599999904632568,7.949999809265137,2.412205457687378,311500
2010-05-24,7.940000057220459,8.149999618530273,7.909999847412109,8.109999656677246,2.460752248764038,206600
2010-05-25,7.659999847412109,8.079999923706055,7.659999847412109,8.050000190734863,2.442547559738159,291200
2010-05-26,8.119999885559082,8.279999732971191,8.079999923706055,8.109999656677246,2.460752248764038,187700
2010-05-27,8.260000228881836,8.350000381469727,8.15999984741211,8.350000381469727,2.5335729122161865,205400
2010-05-28,8.3100004196167,8.369999885559082,8.220000267028809,8.289999961853027,2.5153682231903076,106400
2010-06-01,8.199999809265137,8.380000114440918,8.170000076293945,8.1899995803833,2.4850265979766846,127800
2010-06-02,8.199999809265137,8.329999923706055,8.140000343322754,8.3100004196167,2.521437644958496,131600
2010-06-03,8.329999923706055,8.4399995803833,8.300000190734863,8.390000343322754,2.545710325241089,155500
2010-06-04,8.270000457763672,8.279999732971191,8.109999656677246,8.109999656677246,2.460752248764038,207200
2010-06-07,8.130000114440918,8.239999771118164,8.100000381469727,8.130000114440918,2.4668209552764893,181000
2010-06-08,8.109999656677246,8.199999809265137,8.069999694824219,8.1899995803833,2.4850265979766846,191700
2010-06-09,8.34000015258789,8.34000015258789,8.170000076293945,8.210000038146973,2.491093873977661,234600
2010-06-10,8.3100004196167,8.390000343322754,8.210000038146973,8.34000015258789,2.530539035797119,192700
2010-06-11,8.0600004196167,8.1899995803833,7.900000095367432,8.119999885559082,2.5383543968200684,142400
2010-06-14,8.119999885559082,8.170000076293945,8.029999732971191,8.029999732971191,2.5102195739746094,158200
2010-06-15,8.09000015258789,8.119999885559082,8.050000190734863,8.109999656677246,2.5352277755737305,224000
2010-06-16,8.029999732971191,8.140000343322754,8.029999732971191,8.100000381469727,2.5321035385131836,128000
2010-06-17,8.109999656677246,8.130000114440918,8.069999694824219,8.109999656677246,2.5352277755737305,164300
2010-06-18,8.130000114440918,8.1899995803833,8.069999694824219,8.1899995803833,2.5602378845214844,117800
2010-06-21,8.220000267028809,8.239999771118164,8.050000190734863,8.069999694824219,2.5227248668670654,167800
2010-06-22,8.0600004196167,8.119999885559082,7.860000133514404,7.869999885559082,2.4602017402648926,289400
2010-06-23,7.909999847412109,7.920000076293945,7.849999904632568,7.889999866485596,2.4664554595947266,195000
2010-06-24,7.889999866485596,7.909999847412109,7.769999980926514,7.789999961853027,2.435195207595825,190600
2010-06-25,7.860000133514404,7.949999809265137,7.809999942779541,7.940000057220459,2.4820854663848877,209300
2010-06-28,8.0,8.039999961853027,7.940000057220459,7.989999771118164,2.497715950012207,210100
2010-06-29,7.869999885559082,7.96999979019165,7.789999961853027,7.840000152587891,2.4508254528045654,178100
2010-06-30,7.889999866485596,7.980000019073486,7.800000190734863,7.800000190734863,2.4383203983306885,257300
2010-07-01,7.78000020980835,7.880000114440918,7.510000228881836,7.670000076293945,2.3976821899414062,365400
2010-07-02,7.630000114440918,7.71999979019165,7.559999942779541,7.579999923706055,2.3695480823516846,228400
2010-07-06,7.639999866485596,7.690000057220459,7.53000020980835,7.559999942779541,2.3632960319519043,141800
2010-07-07,7.559999942779541,7.739999771118164,7.550000190734863,7.739999771118164,2.419565200805664,233300
2010-07-08,7.789999961853027,7.840000152587891,7.75,7.800000190734863,2.4383203983306885,181700
2010-07-09,7.78000020980835,7.980000019073486,7.78000020980835,7.980000019073486,2.4945895671844482,198000
2010-07-12,7.929999828338623,8.010000228881836,7.920000076293945,7.960000038146973,2.4883363246917725,115000
2010-07-13,8.050000190734863,8.100000381469727,8.010000228881836,8.100000381469727,2.5321035385131836,184000
2010-07-14,8.0600004196167,8.09000015258789,8.0,8.069999694824219,2.5227248668670654,171800
2010-07-15,8.0600004196167,8.069999694824219,7.949999809265137,8.029999732971191,2.5102195739746094,149000
2010-07-16,8.050000190734863,8.069999694824219,7.960000038146973,7.96999979019165,2.491464376449585,157500
2010-07-19,7.980000019073486,8.050000190734863,7.980000019073486,8.0,2.5008418560028076,124600
2010-07-20,7.949999809265137,8.069999694824219,7.940000057220459,8.0600004196167,2.5195980072021484,116500
2010-07-21,8.0600004196167,8.119999885559082,7.980000019073486,8.010000228881836,2.5039682388305664,124300
2010-07-22,8.079999923706055,8.210000038146973,8.079999923706055,8.15999984741211,2.550858736038208,141400
2010-07-23,8.119999885559082,8.279999732971191,8.119999885559082,8.279999732971191,2.5883712768554688,153300
2010-07-26,8.300000190734863,8.34000015258789,8.239999771118164,8.34000015258789,2.6071276664733887,180000
2010-07-27,8.34000015258789,8.359999656677246,8.25,8.279999732971191,2.5883712768554688,147700
2010-07-28,8.25,8.270000457763672,8.210000038146973,8.25,2.578994035720825,122300
2010-07-29,8.279999732971191,8.319999694824219,8.199999809265137,8.289999961853027,2.591496706008911,135600
2010-07-30,8.239999771118164,8.34000015258789,8.210000038146973,8.260000228881836,2.5821187496185303,109300
2010-08-02,8.329999923706055,8.390000343322754,8.289999961853027,8.34000015258789,2.6071276664733887,141900
2010-08-03,8.3100004196167,8.359999656677246,8.300000190734863,8.3100004196167,2.5977489948272705,113900
2010-08-04,8.3100004196167,8.399999618530273,8.3100004196167,8.399999618530273,2.625885486602783,116500
2010-08-05,8.34000015258789,8.390000343322754,8.3100004196167,8.329999923706055,2.6040008068084717,100000
2010-08-06,8.289999961853027,8.390000343322754,8.260000228881836,8.380000114440918,2.61963152885437,140100
2010-08-09,8.369999885559082,8.529999732971191,8.350000381469727,8.449999809265137,2.641514778137207,191400
2010-08-10,8.359999656677246,8.420000076293945,8.34000015258789,8.380000114440918,2.61963152885437,261600
2010-08-11,8.260000228881836,8.289999961853027,8.0600004196167,8.130000114440918,2.5414798259735107,280700
2010-08-12,8.010000228881836,8.220000267028809,8.010000228881836,8.119999885559082,2.5383543968200684,187900
2010-08-13,8.09000015258789,8.260000228881836,8.09000015258789,8.260000228881836,2.5821187496185303,80300
2010-08-16,8.25,8.329999923706055,8.180000305175781,8.25,2.578994035720825,119500
2010-08-17,8.289999961853027,8.470000267028809,8.270000457763672,8.470000267028809,2.6477673053741455,141000
2010-08-18,8.40999984741211,8.470000267028809,8.359999656677246,8.399999618530273,2.625885486602783,103200
2010-08-19,8.34000015258789,8.430000305175781,8.239999771118164,8.25,2.578994035720825,130000
2010-08-20,8.149999618530273,8.260000228881836,8.149999618530273,8.210000038146973,2.56648850440979,137800
2010-08-23,8.260000228881836,8.260000228881836,8.180000305175781,8.1899995803833,2.5602378845214844,143700
2010-08-24,8.149999618530273,8.1899995803833,8.09000015258789,8.130000114440918,2.5414798259735107,125800
2010-08-25,8.130000114440918,8.170000076293945,8.09000015258789,8.149999618530273,2.5477325916290283,155000
2010-08-26,8.149999618530273,8.220000267028809,8.109999656677246,8.180000305175781,2.5571107864379883,128500
2010-08-27,8.210000038146973,8.220000267028809,8.100000381469727,8.170000076293945,2.553985118865967,133600
2010-08-30,8.180000305175781,8.199999809265137,8.119999885559082,8.149999618530273,2.5477325916290283,102100
2010-08-31,8.149999618530273,8.199999809265137,8.100000381469727,8.149999618530273,2.5477325916290283,141000
2010-09-01,8.25,8.380000114440918,8.199999809265137,8.329999923706055,2.6040008068084717,195100
2010-09-02,8.34000015258789,8.449999809265137,8.34000015258789,8.449999809265137,2.641514778137207,161300
2010-09-03,8.539999961853027,8.579999923706055,8.460000038146973,8.489999771118164,2.6540188789367676,156100
2010-09-07,8.420000076293945,8.5,8.420000076293945,8.449999809265137,2.641514778137207,143300
2010-09-08,8.430000305175781,8.59000015258789,8.430000305175781,8.5600004196167,2.67590069770813,184700
2010-09-09,8.640000343322754,8.649999618530273,8.520000457763672,8.5600004196167,2.67590069770813,157900
2010-09-10,8.569999694824219,8.609999656677246,8.550000190734863,8.59000015258789,2.685279130935669,173500
2010-09-13,8.40999984741211,8.4399995803833,8.270000457763672,8.34000015258789,2.683670997619629,188500
2010-09-14,8.3100004196167,8.350000381469727,8.260000228881836,8.34000015258789,2.683670997619629,338900
2010-09-15,8.34000015258789,8.34000015258789,8.25,8.300000190734863,2.6707992553710938,127300
2010-09-16,8.289999961853027,8.329999923706055,8.25,8.319999694824219,2.6772351264953613,140500
2010-09-17,8.270000457763672,8.390000343322754,8.270000457763672,8.359999656677246,2.690105438232422,205100
2010-09-20,8.369999885559082,8.420000076293945,8.350000381469727,8.390000343322754,2.699759006500244,154400
2010-09-21,8.390000343322754,8.430000305175781,8.359999656677246,8.40999984741211,2.706195592880249,168400
2010-09-22,8.399999618530273,8.430000305175781,8.329999923706055,8.359999656677246,2.690105438232422,203300
2010-09-23,8.359999656677246,8.369999885559082,8.130000114440918,8.199999809265137,2.638620138168335,98000
2010-09-24,8.270000457763672,8.329999923706055,8.229999542236328,8.279999732971191,2.664363145828247,180400
2010-09-27,8.329999923706055,8.369999885559082,8.3100004196167,8.329999923706055,2.680452346801758,271500
2010-09-28,8.369999885559082,8.430000305175781,8.319999694824219,8.350000381469727,2.6868886947631836,215700
2010-09-29,8.359999656677246,8.399999618530273,8.329999923706055,8.390000343322754,2.699759006500244,179800
2010-09-30,8.550000190734863,8.550000190734863,8.329999923706055,8.329999923706055,2.680452346801758,327100
2010-10-01,8.359999656677246,8.4399995803833,8.34000015258789,8.4399995803833,2.7158474922180176,222800
2010-10-04,8.40999984741211,8.449999809265137,8.34000015258789,8.420000076293945,2.7094130516052246,143100
2010-10-05,8.430000305175781,8.5,8.430000305175781,8.5,2.7351553440093994,155200
2010-10-06,8.520000457763672,8.520000457763672,8.460000038146973,8.479999542236328,2.7287185192108154,128300
2010-10-07,8.510000228881836,8.510000228881836,8.4399995803833,8.510000228881836,2.738373279571533,177800
2010-10-08,8.489999771118164,8.539999961853027,8.489999771118164,8.539999961853027,2.7480270862579346,203500
2010-10-11,8.539999961853027,8.5600004196167,8.510000228881836,8.5600004196167,2.754462480545044,139000
2010-10-12,8.510000228881836,8.569999694824219,8.489999771118164,8.539999961853027,2.7480270862579346,198900
2010-10-13,8.550000190734863,8.630000114440918,8.550000190734863,8.600000381469727,2.7673332691192627,185800
2010-10-14,8.65999984741211,8.670000076293945,8.600000381469727,8.670000076293945,2.78985857963562,272700
2010-10-15,8.680000305175781,8.699999809265137,8.600000381469727,8.65999984741211,2.7866408824920654,160700
2010-10-18,8.65999984741211,8.729999542236328,8.649999618530273,8.6899995803833,2.796294927597046,250200
2010-10-19,8.670000076293945,8.720000267028809,8.619999885559082,8.640000343322754,2.780205249786377,265100
2010-10-20,8.6899995803833,8.739999771118164,8.609999656677246,8.720000267028809,2.8059473037719727,138800
2010-10-21,8.729999542236328,8.800000190734863,8.680000305175781,8.779999732971191,2.825254440307617,240400
2010-10-22,8.789999961853027,8.829999923706055,8.720000267028809,8.829999923706055,2.841344118118286,183400
2010-10-25,8.9399995803833,8.9399995803833,8.8100004196167,8.880000114440918,2.8574323654174805,193800
2010-10-26,8.869999885559082,9.0,8.850000381469727,8.989999771118164,2.892828941345215,210200
2010-10-27,8.970000267028809,9.0,8.899999618530273,9.0,2.8960466384887695,208200
2010-10-28,9.0,9.029999732971191,8.920000076293945,9.020000457763672,2.902482748031616,201700
2010-10-29,9.020000457763672,9.079999923706055,8.949999809265137,8.989999771118164,2.892828941345215,208500
2010-11-01,9.079999923706055,9.079999923706055,8.9399995803833,8.949999809265137,2.879958152770996,188500
2010-11-02,9.020000457763672,9.100000381469727,9.0,9.09000015258789,2.925006628036499,242100
2010-11-03,9.09000015258789,9.100000381469727,9.0,9.050000190734863,2.9121365547180176,171000
2010-11-04,9.100000381469727,9.140000343322754,9.069999694824219,9.109999656677246,2.931443214416504,210200
2010-11-05,9.09000015258789,9.130000114440918,9.029999732971191,9.09000015258789,2.925006628036499,291200
2010-11-08,9.050000190734863,9.050000190734863,8.949999809265137,9.020000457763672,2.902482748031616,259800
2010-11-09,8.989999771118164,9.020000457763672,8.899999618530273,8.930000305175781,2.873522996902466,196700
2010-11-10,8.930000305175781,8.979999542236328,8.859999656677246,8.960000038146973,2.883174419403076,314000
2010-11-11,8.930000305175781,8.979999542236328,8.850000381469727,8.979999542236328,2.889608383178711,318700
2010-11-12,8.90999984741211,8.9399995803833,8.789999961853027,8.90999984741211,2.8670873641967773,271300
2010-11-15,8.949999809265137,8.979999542236328,8.850000381469727,8.949999809265137,2.879958152770996,164400
2010-11-16,8.829999923706055,8.899999618530273,8.630000114440918,8.760000228881836,2.818819046020508,304100
2010-11-17,8.720000267028809,8.859999656677246,8.680000305175781,8.84000015258789,2.8445615768432617,184600
2010-11-18,8.880000114440918,8.989999771118164,8.880000114440918,8.970000267028809,2.8863930702209473,142600
2010-11-19,8.930000305175781,8.970000267028809,8.880000114440918,8.970000267028809,2.8863930702209473,201000
2010-11-22,8.949999809265137,9.010000228881836,8.84000015258789,8.920000076293945,2.8703041076660156,272700
2010-11-23,8.890000343322754,8.930000305175781,8.84000015258789,8.869999885559082,2.854214668273926,140800
2010-11-24,8.899999618530273,9.069999694824219,8.899999618530273,9.020000457763672,2.902482748031616,166300
2010-11-26,8.9399995803833,9.09000015258789,8.9399995803833,9.09000015258789,2.925006628036499,55600
2010-11-29,8.9399995803833,9.100000381469727,8.9399995803833,9.100000381469727,2.928225040435791,128500
2010-11-30,9.039999961853027,9.079999923706055,9.020000457763672,9.039999961853027,2.9089176654815674,124400
2010-12-01,9.119999885559082,9.220000267028809,9.109999656677246,9.130000114440918,2.9378793239593506,238500
2010-12-02,9.09000015258789,9.149999618530273,9.0600004196167,9.130000114440918,2.9378793239593506,202400
2010-12-03,9.069999694824219,9.109999656677246,9.039999961853027,9.100000381469727,2.928225040435791,195500
2010-12-06,9.119999885559082,9.119999885559082,9.010000228881836,9.100000381469727,2.928225040435791,173500
2010-12-07,9.130000114440918,9.130000114440918,9.050000190734863,9.100000381469727,2.928225040435791,183000
2010-12-08,9.079999923706055,9.170000076293945,9.039999961853027,9.130000114440918,2.9378793239593506,222300
2010-12-09,9.079999923706055,9.180000305175781,9.069999694824219,9.170000076293945,2.9507505893707275,191700
2010-12-10,9.130000114440918,9.210000038146973,9.109999656677246,9.210000038146973,2.9636213779449463,160100
2010-12-13,9.270000457763672,9.279999732971191,9.15999984741211,9.170000076293945,2.9507505893707275,259400
2010-12-14,9.1899995803833,9.25,9.170000076293945,9.170000076293945,2.9507505893707275,214400
2010-12-15,9.119999885559082,9.1899995803833,9.09000015258789,9.09000015258789,2.925006628036499,270000
2010-12-16,9.09000015258789,9.25,9.09000015258789,9.199999809265137,2.9604039192199707,182800
2010-12-17,8.920000076293945,8.949999809265137,8.75,8.8100004196167,2.912468194961548,271300
2010-12-20,8.880000114440918,8.880000114440918,8.619999885559082,8.640000343322754,2.8562684059143066,319800
2010-12-21,8.670000076293945,8.6899995803833,8.640000343322754,8.680000305175781,2.869492530822754,222100
2010-12-22,8.640000343322754,8.829999923706055,8.640000343322754,8.75,2.892634391784668,271900
2010-12-23,8.789999961853027,8.819999694824219,8.770000457763672,8.779999732971191,2.902550458908081,130800
2010-12-27,8.760000228881836,8.84000015258789,8.720000267028809,8.720000267028809,2.8827157020568848,141200
2010-12-28,8.680000305175781,8.760000228881836,8.640000343322754,8.640000343322754,2.8562684059143066,253000
2010-12-29,8.619999885559082,8.699999809265137,8.619999885559082,8.649999618530273,2.859574317932129,138700
2010-12-30,8.649999618530273,8.699999809265137,8.609999656677246,8.6899995803833,2.8727970123291016,205300
2010-12-31,9.0,9.0,8.680000305175781,8.699999809265137,2.8761038780212402,222600
2011-01-03,8.720000267028809,8.84000015258789,8.720000267028809,8.819999694824219,2.915774345397949,210400
2011-01-04,8.789999961853027,8.829999923706055,8.760000228881836,8.8100004196167,2.912468194961548,201100
2011-01-05,8.779999732971191,8.850000381469727,8.770000457763672,8.800000190734863,2.909163236618042,203500
2011-01-06,8.829999923706055,8.829999923706055,8.699999809265137,8.699999809265137,2.8761038780212402,232900
2011-01-07,8.720000267028809,8.760000228881836,8.680000305175781,8.739999771118164,2.8893256187438965,136300
2011-01-10,8.710000038146973,8.729999542236328,8.65999984741211,8.680000305175781,2.869492530822754,121200
2011-01-11,8.729999542236328,8.739999771118164,8.65999984741211,8.699999809265137,2.8761038780212402,111700
2011-01-12,8.6899995803833,8.739999771118164,8.680000305175781,8.739999771118164,2.8893256187438965,118700
2011-01-13,8.720000267028809,8.75,8.699999809265137,8.739999771118164,2.8893256187438965,122800
2011-01-14,8.699999809265137,8.729999542236328,8.65999984741211,8.680000305175781,2.869492530822754,174300
2011-01-18,8.699999809265137,8.699999809265137,8.600000381469727,8.630000114440918,2.852962017059326,268800
2011-01-19,8.609999656677246,8.630000114440918,8.510000228881836,8.630000114440918,2.852962017059326,192200
2011-01-20,8.600000381469727,8.649999618530273,8.5600004196167,8.640000343322754,2.8562684059143066,195900
2011-01-21,8.609999656677246,8.720000267028809,8.609999656677246,8.720000267028809,2.8827157020568848,200400
2011-01-24,8.680000305175781,8.739999771118164,8.609999656677246,8.6899995803833,2.8727970123291016,188100
2011-01-25,8.640000343322754,8.680000305175781,8.380000114440918,8.470000267028809,2.80007004737854,777400
2011-01-26,8.460000038146973,8.550000190734863,8.449999809265137,8.5,2.8099865913391113,319600
2011-01-27,8.529999732971191,8.5600004196167,8.479999542236328,8.550000190734863,2.82651686668396,209100
2011-01-28,8.539999961853027,8.539999961853027,8.390000343322754,8.420000076293945,2.7835404872894287,388100
2011-01-31,8.420000076293945,8.449999809265137,8.380000114440918,8.399999618530273,2.7769269943237305,287500
2011-02-01,8.430000305175781,8.550000190734863,8.430000305175781,8.539999961853027,2.8232102394104004,291100
2011-02-02,8.479999542236328,8.539999961853027,8.430000305175781,8.539999961853027,2.8232102394104004,170800
2011-02-03,8.529999732971191,8.550000190734863,8.489999771118164,8.510000228881836,2.8132922649383545,210900
2011-02-04,8.479999542236328,8.529999732971191,8.479999542236328,8.5,2.8099865913391113,182200
2011-02-07,8.5,8.5600004196167,8.5,8.5600004196167,2.829822301864624,300100
2011-02-08,8.520000457763672,8.5600004196167,8.489999771118164,8.550000190734863,2.82651686668396,302500
2011-02-09,8.520000457763672,8.539999961853027,8.5,8.510000228881836,2.8132922649383545,198500
2011-02-10,8.5,8.550000190734863,8.5,8.529999732971191,2.819903612136841,181300
2011-02-11,8.470000267028809,8.59000015258789,8.470000267028809,8.569999694824219,2.833127737045288,182700
2011-02-14,8.569999694824219,8.6899995803833,8.550000190734863,8.649999618530273,2.859574317932129,223800
2011-02-15,8.59000015258789,8.640000343322754,8.579999923706055,8.640000343322754,2.8562684059143066,178800
2011-02-16,8.630000114440918,8.680000305175781,8.600000381469727,8.680000305175781,2.869492530822754,231200
2011-02-17,8.630000114440918,8.65999984741211,8.600000381469727,8.619999885559082,2.849656105041504,228400
2011-02-18,8.619999885559082,8.6899995803833,8.59000015258789,8.640000343322754,2.8562684059143066,274800
2011-02-22,8.5600004196167,8.619999885559082,8.460000038146973,8.470000267028809,2.80007004737854,272700
2011-02-23,8.510000228881836,8.539999961853027,8.449999809265137,8.460000038146973,2.7967641353607178,240300
2011-02-24,8.449999809265137,8.489999771118164,8.399999618530273,8.420000076293945,2.7835404872894287,206600
2011-02-25,8.449999809265137,8.520000457763672,8.4399995803833,8.5,2.8099865913391113,163500
2011-02-28,8.520000457763672,8.5600004196167,8.489999771118164,8.550000190734863,2.82651686668396,273100
2011-03-01,8.579999923706055,8.59000015258789,8.510000228881836,8.510000228881836,2.8132922649383545,210800
2011-03-02,8.5,8.579999923706055,8.5,8.5600004196167,2.829822301864624,187400
2011-03-03,8.600000381469727,8.699999809265137,8.600000381469727,8.699999809265137,2.8761038780212402,144600
2011-03-04,8.699999809265137,8.699999809265137,8.609999656677246,8.670000076293945,2.8661866188049316,152500
2011-03-07,8.680000305175781,8.699999809265137,8.649999618530273,8.6899995803833,2.8727970123291016,248200
2011-03-08,8.699999809265137,8.75,8.670000076293945,8.75,2.892634391784668,247200
2011-03-09,8.760000228881836,8.760000228881836,8.65999984741211,8.65999984741211,2.862879514694214,157400
2011-03-10,8.640000343322754,8.729999542236328,8.569999694824219,8.619999885559082,2.849656105041504,267300
2011-03-11,8.369999885559082,8.479999542236328,8.34000015258789,8.449999809265137,2.875175952911377,161800
2011-03-14,8.40999984741211,8.449999809265137,8.260000228881836,8.300000190734863,2.824136972427368,218500
2011-03-15,8.170000076293945,8.3100004196167,8.140000343322754,8.270000457763672,2.8139307498931885,259800
2011-03-16,8.229999542236328,8.289999961853027,8.130000114440918,8.25,2.8071253299713135,227900
2011-03-17,8.520000457763672,8.539999961853027,8.369999885559082,8.399999618530273,2.858163833618164,369600
2011-03-18,8.510000228881836,8.510000228881836,8.430000305175781,8.470000267028809,2.8819823265075684,226900
2011-03-21,8.539999961853027,8.600000381469727,8.529999732971191,8.579999923706055,2.919409990310669,200100
2011-03-22,8.59000015258789,8.609999656677246,8.539999961853027,8.550000190734863,2.909202814102173,183300
2011-03-23,8.569999694824219,8.59000015258789,8.539999961853027,8.569999694824219,2.9160068035125732,233200
2011-03-24,8.640000343322754,8.670000076293945,8.569999694824219,8.640000343322754,2.9398255348205566,321900
2011-03-25,8.640000343322754,8.710000038146973,8.609999656677246,8.6899995803833,2.9568371772766113,202000
2011-03-28,8.75,8.859999656677246,8.739999771118164,8.800000190734863,2.994267463684082,382600
2011-03-29,8.800000190734863,8.84000015258789,8.760000228881836,8.800000190734863,2.994267463684082,164200
2011-03-30,8.84000015258789,8.890000343322754,8.779999732971191,8.819999694824219,3.001070976257324,239000
2011-03-31,8.899999618530273,8.949999809265137,8.8100004196167,8.9399995803833,3.0419037342071533,305600
2011-04-01,8.880000114440918,8.960000038146973,8.829999923706055,8.90999984741211,3.03169584274292,276300
2011-04-04,8.890000343322754,8.949999809265137,8.779999732971191,8.800000190734863,2.994267463684082,212000
2011-04-05,8.819999694824219,8.930000305175781,8.819999694824219,8.880000114440918,3.021487236022949,202300
2011-04-06,8.880000114440918,8.920000076293945,8.84000015258789,8.859999656677246,3.014681100845337,170500
2011-04-07,8.829999923706055,8.9399995803833,8.829999923706055,8.9399995803833,3.0419037342071533,179200
2011-04-08,8.949999809265137,8.949999809265137,8.850000381469727,8.869999885559082,3.0180840492248535,144500
2011-04-11,8.90999984741211,8.930000305175781,8.75,8.779999732971191,2.9874608516693115,211000
2011-04-12,8.720000267028809,8.770000457763672,8.649999618530273,8.760000228881836,2.980656147003174,228900
2011-04-13,8.770000457763672,8.779999732971191,8.670000076293945,8.710000038146973,2.963644027709961,187700
2011-04-14,8.729999542236328,8.770000457763672,8.6899995803833,8.760000228881836,2.980656147003174,129600
2011-04-15,8.739999771118164,8.8100004196167,8.739999771118164,8.770000457763672,2.9840593338012695,148400
2011-04-18,8.760000228881836,8.829999923706055,8.640000343322754,8.8100004196167,2.9976701736450195,172300
2011-04-19,8.84000015258789,8.859999656677246,8.8100004196167,8.850000381469727,3.011280059814453,134900
2011-04-20,8.899999618530273,8.949999809265137,8.859999656677246,8.899999618530273,3.028292655944824,156600
2011-04-21,8.920000076293945,8.9399995803833,8.850000381469727,8.899999618530273,3.028292655944824,144100
2011-04-25,8.899999618530273,8.899999618530273,8.8100004196167,8.819999694824219,3.001070976257324,174800
2011-04-26,8.84000015258789,8.859999656677246,8.770000457763672,8.800000190734863,2.994267463684082,236800
2011-04-27,8.829999923706055,8.829999923706055,8.770000457763672,8.819999694824219,3.001070976257324,174000
2011-04-28,8.8100004196167,8.829999923706055,8.770000457763672,8.8100004196167,2.9976701736450195,207500
2011-04-29,8.789999961853027,8.850000381469727,8.789999961853027,8.829999923706055,3.004474639892578,152000
2011-05-02,8.859999656677246,8.9399995803833,8.84000015258789,8.9399995803833,3.0419037342071533,187000
2011-05-03,8.90999984741211,8.90999984741211,8.8100004196167,8.8100004196167,2.9976701736450195,170000
2011-05-04,8.819999694824219,8.819999694824219,8.710000038146973,8.760000228881836,2.980656147003174,225000
2011-05-05,8.729999542236328,8.739999771118164,8.640000343322754,8.670000076293945,2.95003342628479,182300
2011-05-06,8.710000038146973,8.779999732971191,8.670000076293945,8.680000305175781,2.9534354209899902,173400
2011-05-09,8.680000305175781,8.779999732971191,8.670000076293945,8.739999771118164,2.973848342895508,206000
2011-05-10,8.75,8.850000381469727,8.75,8.84000015258789,3.007876396179199,121600
2011-05-11,8.829999923706055,8.829999923706055,8.75,8.779999732971191,2.9874608516693115,144700
2011-05-12,8.75,8.819999694824219,8.739999771118164,8.8100004196167,2.9976701736450195,135000
2011-05-13,8.8100004196167,8.84000015258789,8.729999542236328,8.770000457763672,2.9840593338012695,222900
2011-05-16,8.789999961853027,8.800000190734863,8.75,8.770000457763672,2.9840593338012695,118700
2011-05-17,8.720000267028809,8.75,8.670000076293945,8.6899995803833,2.9568371772766113,184700
2011-05-18,8.739999771118164,8.75,8.670000076293945,8.720000267028809,2.967045783996582,255000
2011-05-19,8.720000267028809,8.75,8.710000038146973,8.75,2.9772541522979736,181300
2011-05-20,8.739999771118164,8.75,8.699999809265137,8.720000267028809,2.967045783996582,177800
2011-05-23,8.6899995803833,8.75,8.649999618530273,8.75,2.9772541522979736,210300
2011-05-24,8.75,8.789999961853027,8.729999542236328,8.75,2.9772541522979736,193100
2011-05-25,8.760000228881836,8.800000190734863,8.729999542236328,8.770000457763672,2.9840593338012695,167300
2011-05-26,8.800000190734863,8.90999984741211,8.779999732971191,8.890000343322754,3.024890184402466,185600
2011-05-27,8.859999656677246,8.880000114440918,8.699999809265137,8.789999961853027,2.9908628463745117,318400
2011-05-31,8.859999656677246,8.859999656677246,8.770000457763672,8.800000190734863,2.994267463684082,217800
2011-06-01,8.789999961853027,8.850000381469727,8.75,8.779999732971191,2.9874608516693115,320000
2011-06-02,8.630000114440918,8.699999809265137,8.40999984741211,8.470000267028809,2.8819823265075684,794500
2011-06-03,8.449999809265137,8.449999809265137,8.289999961853027,8.329999923706055,2.834345817565918,532100
2011-06-06,8.369999885559082,8.369999885559082,8.1899995803833,8.199999809265137,2.790112257003784,431300
2011-06-07,8.180000305175781,8.289999961853027,8.180000305175781,8.260000228881836,2.8105292320251465,299000
2011-06-08,8.229999542236328,8.25,8.15999984741211,8.180000305175781,2.7833058834075928,335500
2011-06-09,8.15999984741211,8.270000457763672,8.119999885559082,8.229999542236328,2.800320625305176,313400
2011-06-10,8.199999809265137,8.220000267028809,8.109999656677246,8.119999885559082,2.7628915309906006,289400
2011-06-13,7.940000057220459,7.949999809265137,7.760000228881836,7.800000190734863,2.7107627391815186,572000
2011-06-14,7.820000171661377,8.0,7.820000171661377,7.989999771118164,2.776792049407959,201800
2011-06-15,7.929999828338623,7.940000057220459,7.699999809265137,7.730000019073486,2.6864330768585205,400200
2011-06-16,7.78000020980835,7.809999942779541,7.650000095367432,7.690000057220459,2.672532320022583,334700
2011-06-17,7.769999980926514,7.789999961853027,7.710000038146973,7.739999771118164,2.6899092197418213,229600
2011-06-20,7.730000019073486,7.820000171661377,7.710000038146973,7.739999771118164,2.6899092197418213,203000
2011-06-21,7.78000020980835,7.849999904632568,7.78000020980835,7.809999942779541,2.714237928390503,199200
2011-06-22,7.829999923706055,7.889999866485596,7.820000171661377,7.840000152587891,2.7246642112731934,237400
2011-06-23,7.760000228881836,7.820000171661377,7.699999809265137,7.820000171661377,2.717711925506592,293300
2011-06-24,7.820000171661377,7.829999923706055,7.75,7.769999980926514,2.700335741043091,245800
2011-06-27,7.820000171661377,7.900000095367432,7.75,7.900000095367432,2.745514154434204,265700
2011-06-28,7.949999809265137,8.050000190734863,7.909999847412109,8.039999961853027,2.794170379638672,244000
2011-06-29,8.100000381469727,8.130000114440918,8.069999694824219,8.119999885559082,2.821971893310547,195700
2011-06-30,8.199999809265137,8.3100004196167,8.170000076293945,8.279999732971191,2.877577781677246,260000
2011-07-01,8.239999771118164,8.319999694824219,8.239999771118164,8.270000457763672,2.8741021156311035,292200
2011-07-05,8.239999771118164,8.279999732971191,8.180000305175781,8.1899995803833,2.8462984561920166,255100
2011-07-06,8.149999618530273,8.260000228881836,8.149999618530273,8.199999809265137,2.8497745990753174,159500
2011-07-07,8.270000457763672,8.319999694824219,8.210000038146973,8.239999771118164,2.863675355911255,289900
2011-07-08,8.170000076293945,8.220000267028809,8.170000076293945,8.210000038146973,2.85325026512146,183700
2011-07-11,8.15999984741211,8.170000076293945,8.020000457763672,8.0600004196167,2.801119565963745,186600
2011-07-12,8.020000457763672,8.09000015258789,8.010000228881836,8.039999961853027,2.794170379638672,243300
2011-07-13,8.029999732971191,8.09000015258789,8.020000457763672,8.039999961853027,2.794170379638672,312600
2011-07-14,8.029999732971191,8.069999694824219,7.980000019073486,8.0,2.780268430709839,199000
2011-07-15,8.020000457763672,8.050000190734863,7.929999828338623,7.989999771118164,2.776792049407959,261000
2011-07-18,7.980000019073486,7.989999771118164,7.880000114440918,7.929999828338623,2.7559404373168945,192100
2011-07-19,7.960000038146973,8.020000457763672,7.920000076293945,8.010000228881836,2.7837443351745605,276900
2011-07-20,8.010000228881836,8.039999961853027,7.960000038146973,7.980000019073486,2.7733168601989746,198600
2011-07-21,8.029999732971191,8.09000015258789,8.029999732971191,8.039999961853027,2.794170379638672,202400
2011-07-22,8.09000015258789,8.09000015258789,8.0,8.010000228881836,2.7837443351745605,173600
2011-07-25,7.920000076293945,7.989999771118164,7.900000095367432,7.929999828338623,2.7559404373168945,301900
2011-07-26,7.909999847412109,7.940000057220459,7.880000114440918,7.909999847412109,2.7489891052246094,202900
2011-07-27,7.869999885559082,7.869999885559082,7.75,7.760000228881836,2.6968610286712646,312500
2011-07-28,7.739999771118164,7.75,7.670000076293945,7.679999828338623,2.669057846069336,288600
2011-07-29,7.590000152587891,7.670000076293945,7.559999942779541,7.619999885559082,2.648205041885376,501700
2011-08-01,7.75,7.78000020980835,7.559999942779541,7.639999866485596,2.6551568508148193,211400
2011-08-02,7.579999923706055,7.690000057220459,7.539999961853027,7.559999942779541,2.6273555755615234,196900
2011-08-03,7.579999923706055,7.599999904632568,7.46999979019165,7.579999923706055,2.634303569793701,427700
2011-08-04,7.480000019073486,7.53000020980835,7.210000038146973,7.260000228881836,2.523094415664673,536400
2011-08-05,7.320000171661377,7.329999923706055,7.019999980926514,7.210000038146973,2.505716562271118,452300
2011-08-08,7.010000228881836,7.03000020980835,6.519999980926514,6.53000020980835,2.269394636154175,1043700
2011-08-09,6.53000020980835,6.949999809265137,6.300000190734863,6.949999809265137,2.415358304977417,932600
2011-08-10,6.900000095367432,6.940000057220459,6.739999771118164,6.78000020980835,2.3562772274017334,460900
2011-08-11,6.880000114440918,7.150000095367432,6.789999961853027,7.070000171661377,2.4570624828338623,268300
2011-08-12,7.079999923706055,7.269999980926514,7.079999923706055,7.260000228881836,2.523094415664673,248400
2011-08-15,7.320000171661377,7.46999979019165,7.300000190734863,7.440000057220459,2.585649013519287,173500
2011-08-16,7.400000095367432,7.449999809265137,7.349999904632568,7.429999828338623,2.5821731090545654,197000
2011-08-17,7.440000057220459,7.510000228881836,7.369999885559082,7.420000076293945,2.5786988735198975,218900
2011-08-18,7.239999771118164,7.239999771118164,7.03000020980835,7.119999885559082,2.474437713623047,285800
2011-08-19,7.070000171661377,7.389999866485596,6.96999979019165,7.0,2.432734727859497,281200
2011-08-22,7.070000171661377,7.110000133514404,6.940000057220459,6.980000019073486,2.42578387260437,143100
2011-08-23,7.019999980926514,7.260000228881836,6.949999809265137,7.210000038146973,2.505716562271118,216100
2011-08-24,7.159999847412109,7.28000020980835,7.159999847412109,7.25,2.519618272781372,170400
2011-08-25,7.320000171661377,7.320000171661377,7.139999866485596,7.210000038146973,2.505716562271118,153600
2011-08-26,7.159999847412109,7.300000190734863,7.050000190734863,7.260000228881836,2.523094415664673,156000
2011-08-29,7.300000190734863,7.480000019073486,7.300000190734863,7.480000019073486,2.599550724029541,113500
2011-08-30,7.449999809265137,7.53000020980835,7.360000133514404,7.519999980926514,2.6134510040283203,146600
2011-08-31,7.570000171661377,7.599999904632568,7.46999979019165,7.53000020980835,2.6169273853302,215800
2011-09-01,7.5,7.559999942779541,7.440000057220459,7.460000038146973,2.5926005840301514,115600
2011-09-02,7.360000133514404,7.369999885559082,7.289999961853027,7.329999923706055,2.547420024871826,98500
2011-09-06,7.179999828338623,7.21999979019165,7.090000152587891,7.210000038146973,2.505716562271118,163600
2011-09-07,7.289999961853027,7.369999885559082,7.28000020980835,7.369999885559082,2.561321973800659,106300
2011-09-08,7.309999942779541,7.409999847412109,7.300000190734863,7.320000171661377,2.5439460277557373,149800
2011-09-09,7.239999771118164,7.269999980926514,7.159999847412109,7.21999979019165,2.50919246673584,194100
2011-09-12,7.130000114440918,7.210000038146973,7.079999923706055,7.179999828338623,2.495290517807007,108200
2011-09-13,7.010000228881836,7.059999942779541,6.949999809265137,7.050000190734863,2.509528398513794,383200
2011-09-14,7.079999923706055,7.150000095367432,6.989999771118164,7.119999885559082,2.53444504737854,232700
2011-09-15,7.179999828338623,7.25,7.079999923706055,7.239999771118164,2.5771608352661133,402100
2011-09-16,7.329999923706055,7.329999923706055,7.199999809265137,7.269999980926514,2.5878398418426514,187100
2011-09-19,7.199999809265137,7.199999809265137,7.099999904632568,7.170000076293945,2.5522444248199463,291100
2011-09-20,7.179999828338623,7.21999979019165,7.130000114440918,7.179999828338623,2.5558035373687744,234600
2011-09-21,7.199999809265137,7.199999809265137,6.960000038146973,6.96999979019165,2.481051445007324,226900
2011-09-22,6.860000133514404,6.880000114440918,6.710000038146973,6.820000171661377,2.427656650543213,428000
2011-09-23,6.71999979019165,6.880000114440918,6.71999979019165,6.880000114440918,2.4490153789520264,282300
2011-09-26,6.920000076293945,6.929999828338623,6.800000190734863,6.929999828338623,2.4668147563934326,203300
2011-09-27,7.090000152587891,7.179999828338623,7.0,7.010000228881836,2.4952917098999023,273800
2011-09-28,7.039999961853027,7.079999923706055,6.900000095367432,6.929999828338623,2.4668147563934326,167700
2011-09-29,7.0,7.070000171661377,6.849999904632568,6.949999809265137,2.473932981491089,151900
2011-09-30,6.96999979019165,7.0,6.909999847412109,6.980000019073486,2.484612226486206,498100
2011-10-03,6.900000095367432,6.989999771118164,6.730000019073486,6.739999771118164,2.399181365966797,399600
2011-10-04,6.659999847412109,6.690000057220459,6.53000020980835,6.690000057220459,2.381383180618286,520500
2011-10-05,6.710000038146973,6.809999942779541,6.650000095367432,6.809999942779541,2.4240992069244385,240600
2011-10-06,6.75,6.929999828338623,6.739999771118164,6.929999828338623,2.4668147563934326,205000
2011-10-07,6.900000095367432,6.989999771118164,6.900000095367432,6.929999828338623,2.4668147563934326,227300
2011-10-10,6.989999771118164,7.139999866485596,6.989999771118164,7.070000171661377,2.516648769378662,231900
2011-10-11,7.010000228881836,7.119999885559082,7.010000228881836,7.039999961853027,2.505969762802124,211000
2011-10-12,7.070000171661377,7.119999885559082,7.0,7.099999904632568,2.527326822280884,308300
2011-10-13,6.960000038146973,7.119999885559082,6.960000038146973,7.110000133514404,2.5308871269226074,220400
2011-10-14,7.179999828338623,7.199999809265137,7.110000133514404,7.170000076293945,2.5522444248199463,148500
2011-10-17,7.170000076293945,7.230000019073486,7.070000171661377,7.090000152587891,2.5237672328948975,273600
2011-10-18,7.110000133514404,7.210000038146973,7.050000190734863,7.170000076293945,2.5522444248199463,212000
2011-10-19,7.199999809265137,7.21999979019165,7.099999904632568,7.139999866485596,2.5415658950805664,175800
2011-10-20,7.139999866485596,7.170000076293945,7.090000152587891,7.150000095367432,2.5451252460479736,176900
2011-10-21,7.210000038146973,7.300000190734863,7.210000038146973,7.25,2.5807223320007324,219400
2011-10-24,7.269999980926514,7.349999904632568,7.260000228881836,7.329999923706055,2.6091976165771484,184400
2011-10-25,7.289999961853027,7.309999942779541,7.170000076293945,7.199999809265137,2.562925338745117,179700
2011-10-26,7.289999961853027,7.300000190734863,7.159999847412109,7.289999961853027,2.5949597358703613,322100
2011-10-27,7.449999809265137,7.519999980926514,7.440000057220459,7.449999809265137,2.651913642883301,312900
2011-10-28,7.380000114440918,7.429999828338623,7.340000152587891,7.420000076293945,2.641235113143921,183600
2011-10-31,7.389999866485596,7.389999866485596,7.28000020980835,7.289999961853027,2.5949597358703613,255600
2011-11-01,7.039999961853027,7.239999771118164,7.019999980926514,7.150000095367432,2.5451252460479736,458400
2011-11-02,7.239999771118164,7.260000228881836,7.150000095367432,7.199999809265137,2.562925338745117,218100
2011-11-03,7.239999771118164,7.269999980926514,7.159999847412109,7.25,2.5807223320007324,229300
2011-11-04,7.179999828338623,7.260000228881836,7.159999847412109,7.25,2.5807223320007324,233700
2011-11-07,7.260000228881836,7.269999980926514,7.179999828338623,7.230000019073486,2.5736002922058105,179200
2011-11-08,7.21999979019165,7.320000171661377,7.21999979019165,7.320000171661377,2.6056392192840576,211900
2011-11-09,7.139999866485596,7.25,7.130000114440918,7.130000114440918,2.538005828857422,219400
2011-11-10,7.210000038146973,7.239999771118164,7.139999866485596,7.170000076293945,2.5522444248199463,253700
2011-11-11,7.269999980926514,7.289999961853027,7.21999979019165,7.239999771118164,2.5771608352661133,225000
2011-11-14,7.179999828338623,7.21999979019165,7.119999885559082,7.159999847412109,2.548685312271118,187600
2011-11-15,7.110000133514404,7.260000228881836,7.110000133514404,7.260000228881836,2.584279775619507,164700
2011-11-16,7.199999809265137,7.210000038146973,7.130000114440918,7.150000095367432,2.5451252460479736,180200
2011-11-17,7.150000095367432,7.150000095367432,7.0,7.050000190734863,2.509528398513794,262700
2011-11-18,7.050000190734863,7.070000171661377,7.0,7.039999961853027,2.505969762802124,275100
2011-11-21,6.920000076293945,6.949999809265137,6.860000133514404,6.940000057220459,2.4703729152679443,284500
2011-11-22,6.940000057220459,6.989999771118164,6.909999847412109,6.960000038146973,2.477492570877075,221400
2011-11-23,6.900000095367432,6.920000076293945,6.829999923706055,6.869999885559082,2.4454562664031982,200700
2011-11-25,6.840000152587891,6.940000057220459,6.840000152587891,6.860000133514404,2.44189715385437,94100
2011-11-28,6.989999771118164,7.03000020980835,6.909999847412109,6.929999828338623,2.4668147563934326,213000
2011-11-29,6.920000076293945,6.989999771118164,6.920000076293945,6.960000038146973,2.477492570877075,174000
2011-11-30,7.079999923706055,7.159999847412109,7.079999923706055,7.150000095367432,2.5451252460479736,305400
2011-12-01,7.130000114440918,7.199999809265137,7.119999885559082,7.190000057220459,2.559363842010498,235300
2011-12-02,7.239999771118164,7.260000228881836,7.150000095367432,7.170000076293945,2.5522444248199463,212300
2011-12-05,7.210000038146973,7.269999980926514,7.179999828338623,7.199999809265137,2.562925338745117,193100
2011-12-06,7.179999828338623,7.260000228881836,7.159999847412109,7.230000019073486,2.5736002922058105,192300
2011-12-07,7.21999979019165,7.269999980926514,7.110000133514404,7.269999980926514,2.5878398418426514,298100
2011-12-08,7.230000019073486,7.239999771118164,7.139999866485596,7.170000076293945,2.5522444248199463,386100
2011-12-09,7.170000076293945,7.25,7.170000076293945,7.21999979019165,2.5700430870056152,147400
2011-12-12,7.139999866485596,7.150000095367432,7.099999904632568,7.139999866485596,2.5415658950805664,406500
2011-12-13,7.150000095367432,7.210000038146973,7.130000114440918,7.159999847412109,2.548685312271118,237000
2011-12-14,7.130000114440918,7.150000095367432,7.039999961853027,7.059999942779541,2.513089179992676,171100
2011-12-15,7.079999923706055,7.119999885559082,7.050000190734863,7.050000190734863,2.509528398513794,152300
2011-12-16,6.96999979019165,6.96999979019165,6.849999904632568,6.929999828338623,2.527768611907959,358700
2011-12-19,6.880000114440918,6.960000038146973,6.820000171661377,6.820000171661377,2.4876415729522705,318400
2011-12-20,6.880000114440918,6.96999979019165,6.880000114440918,6.960000038146973,2.538710355758667,285100
2011-12-21,6.909999847412109,6.940000057220459,6.880000114440918,6.909999847412109,2.5204720497131348,270400
2011-12-22,6.909999847412109,6.989999771118164,6.909999847412109,6.980000019073486,2.5460050106048584,363800
2011-12-23,7.0,7.03000020980835,6.960000038146973,7.03000020980835,2.564242362976074,331500
2011-12-27,7.0,7.119999885559082,7.0,7.119999885559082,2.59706974029541,329500
2011-12-28,7.110000133514404,7.110000133514404,6.96999979019165,7.0,2.5532994270324707,289800
2011-12-29,7.0,7.099999904632568,6.960000038146973,7.019999980926514,2.560593366622925,365500
2011-12-30,7.090000152587891,7.090000152587891,7.039999961853027,7.070000171661377,2.57883358001709,394600
2012-01-03,7.110000133514404,7.159999847412109,7.099999904632568,7.139999866485596,2.604365825653076,276100
2012-01-04,7.110000133514404,7.159999847412109,7.090000152587891,7.150000095367432,2.6080129146575928,260900
2012-01-05,7.130000114440918,7.199999809265137,7.099999904632568,7.190000057220459,2.622603178024292,207300
2012-01-06,7.159999847412109,7.199999809265137,7.159999847412109,7.190000057220459,2.622603178024292,194700
2012-01-09,7.210000038146973,7.25,7.179999828338623,7.21999979019165,2.633547782897949,187600
2012-01-10,7.25,7.300000190734863,7.25,7.269999980926514,2.6517839431762695,279800
2012-01-11,7.210000038146973,7.230000019073486,7.170000076293945,7.190000057220459,2.622603178024292,292600
2012-01-12,7.190000057220459,7.230000019073486,7.150000095367432,7.230000019073486,2.637192726135254,299600
2012-01-13,7.199999809265137,7.210000038146973,7.130000114440918,7.190000057220459,2.622603178024292,213800
2012-01-17,7.210000038146973,7.28000020980835,7.210000038146973,7.230000019073486,2.637192726135254,290900
2012-01-18,7.230000019073486,7.309999942779541,7.230000019073486,7.300000190734863,2.6627273559570312,369300
2012-01-19,7.349999904632568,7.380000114440918,7.320000171661377,7.340000152587891,2.6773173809051514,195300
2012-01-20,7.349999904632568,7.369999885559082,7.340000152587891,7.349999904632568,2.680964231491089,285900
2012-01-23,7.400000095367432,7.429999828338623,7.369999885559082,7.420000076293945,2.7064974308013916,302400
2012-01-24,7.389999866485596,7.460000038146973,7.389999866485596,7.460000038146973,2.721088409423828,224100
2012-01-25,7.429999828338623,7.550000190734863,7.420000076293945,7.550000190734863,2.7539174556732178,337200
2012-01-26,7.559999942779541,7.590000152587891,7.429999828338623,7.440000057220459,2.713793992996216,263600
2012-01-27,7.400000095367432,7.489999771118164,7.400000095367432,7.429999828338623,2.7101447582244873,240300
2012-01-30,7.460000038146973,7.460000038146973,7.340000152587891,7.409999847412109,2.702850580215454,183100
2012-01-31,7.440000057220459,7.460000038146973,7.380000114440918,7.440000057220459,2.713793992996216,323700
2012-02-01,7.449999809265137,7.53000020980835,7.440000057220459,7.510000228881836,2.739326238632202,287700
2012-02-02,7.53000020980835,7.550000190734863,7.510000228881836,7.550000190734863,2.7539174556732178,222400
2012-02-03,7.579999923706055,7.599999904632568,7.519999980926514,7.570000171661377,2.7612109184265137,457700
2012-02-06,7.539999961853027,7.599999904632568,7.519999980926514,7.599999904632568,2.7721548080444336,274000
2012-02-07,7.570000171661377,7.639999866485596,7.559999942779541,7.639999866485596,2.786743402481079,279800
2012-02-08,7.639999866485596,7.690000057220459,7.639999866485596,7.690000057220459,2.8049826622009277,304400
2012-02-09,7.690000057220459,7.699999809265137,7.639999866485596,7.679999828338623,2.8013339042663574,271600
2012-02-10,7.619999885559082,7.659999847412109,7.539999961853027,7.579999923706055,2.764860153198242,279400
2012-02-13,7.639999866485596,7.650000095367432,7.550000190734863,7.579999923706055,2.764860153198242,229100
2012-02-14,7.559999942779541,7.579999923706055,7.539999961853027,7.579999923706055,2.764860153198242,151400
2012-02-15,7.599999904632568,7.610000133514404,7.53000020980835,7.559999942779541,2.757563829421997,210300
2012-02-16,7.539999961853027,7.610000133514404,7.53000020980835,7.579999923706055,2.764860153198242,170900
2012-02-17,7.599999904632568,7.659999847412109,7.590000152587891,7.619999885559082,2.779449462890625,196700
2012-02-21,7.53000020980835,7.699999809265137,7.53000020980835,7.590000152587891,2.768507480621338,220500
2012-02-22,7.599999904632568,7.619999885559082,7.550000190734863,7.570000171661377,2.7612109184265137,249600
2012-02-23,7.610000133514404,7.659999847412109,7.570000171661377,7.650000095367432,2.7903900146484375,242400
2012-02-24,7.650000095367432,7.670000076293945,7.619999885559082,7.630000114440918,2.783097267150879,271400
2012-02-27,7.599999904632568,7.699999809265137,7.570000171661377,7.690000057220459,2.8049826622009277,284600
2012-02-28,7.699999809265137,7.699999809265137,7.659999847412109,7.699999809265137,2.808629274368286,400900
2012-02-29,7.699999809265137,7.730000019073486,7.590000152587891,7.599999904632568,2.7721548080444336,1040400
2012-03-01,7.639999866485596,7.679999828338623,7.619999885559082,7.639999866485596,2.786743402481079,573300
2012-03-02,7.650000095367432,7.659999847412109,7.599999904632568,7.599999904632568,2.7721548080444336,519900
2012-03-05,7.579999923706055,7.599999904632568,7.5,7.519999980926514,2.742974281311035,1245800
2012-03-06,7.480000019073486,7.480000019073486,7.389999866485596,7.420000076293945,2.7064974308013916,782000
2012-03-07,7.409999847412109,7.480000019073486,7.389999866485596,7.480000019073486,2.7283828258514404,574300
2012-03-08,7.489999771118164,7.570000171661377,7.46999979019165,7.550000190734863,2.7539174556732178,793900
2012-03-09,7.550000190734863,7.610000133514404,7.53000020980835,7.539999961853027,2.7502686977386475,590800
2012-03-12,7.570000171661377,7.579999923706055,7.480000019073486,7.519999980926514,2.742974281311035,637200
2012-03-13,7.389999866485596,7.5,7.380000114440918,7.5,2.7989518642425537,679700
2012-03-14,7.5,7.519999980926514,7.400000095367432,7.429999828338623,2.7728283405303955,724700
2012-03-15,7.409999847412109,7.449999809265137,7.380000114440918,7.420000076293945,2.769096851348877,534100
2012-03-16,7.429999828338623,7.460000038146973,7.369999885559082,7.389999866485596,2.7579023838043213,697700
2012-03-19,7.369999885559082,7.400000095367432,7.360000133514404,7.369999885559082,2.7504374980926514,586000
2012-03-20,7.329999923706055,7.380000114440918,7.309999942779541,7.360000133514404,2.746706008911133,591900
2012-03-21,7.389999866485596,7.389999866485596,7.320000171661377,7.389999866485596,2.7579023838043213,624400
2012-03-22,7.360000133514404,7.369999885559082,7.329999923706055,7.369999885559082,2.7504374980926514,580900
2012-03-23,7.329999923706055,7.409999847412109,7.320000171661377,7.389999866485596,2.7579023838043213,527800
2012-03-26,7.429999828338623,7.440000057220459,7.389999866485596,7.440000057220459,2.7765612602233887,655100
2012-03-27,7.460000038146973,7.5,7.449999809265137,7.480000019073486,2.7914886474609375,576300
2012-03-28,7.46999979019165,7.489999771118164,7.420000076293945,7.460000038146973,2.784025192260742,550100
2012-03-29,7.380000114440918,7.53000020980835,7.380000114440918,7.480000019073486,2.7914886474609375,788700
2012-03-30,7.53000020980835,7.599999904632568,7.420000076293945,7.5,2.7989518642425537,1143700
2012-04-02,7.539999961853027,7.599999904632568,7.5,7.559999942779541,2.8213448524475098,794300
2012-04-03,7.570000171661377,7.570000171661377,7.449999809265137,7.46999979019165,2.7877583503723145,758500
2012-04-04,7.460000038146973,7.46999979019165,7.400000095367432,7.460000038146973,2.784025192260742,838500
2012-04-05,7.420000076293945,7.480000019073486,7.420000076293945,7.429999828338623,2.7728283405303955,623200
2012-04-09,7.380000114440918,7.409999847412109,7.340000152587891,7.380000114440918,2.754168748855591,563600
2012-04-10,7.360000133514404,7.380000114440918,7.260000228881836,7.289999961853027,2.7205822467803955,878100
2012-04-11,7.309999942779541,7.380000114440918,7.309999942779541,7.320000171661377,2.731778621673584,484200
2012-04-12,7.349999904632568,7.409999847412109,7.309999942779541,7.400000095367432,2.7616329193115234,670600
2012-04-13,7.389999866485596,7.400000095367432,7.369999885559082,7.380000114440918,2.754168748855591,441300
2012-04-16,7.409999847412109,7.429999828338623,7.349999904632568,7.360000133514404,2.746706008911133,605100
2012-04-17,7.409999847412109,7.440000057220459,7.400000095367432,7.429999828338623,2.7728283405303955,457800
2012-04-18,7.400000095367432,7.480000019073486,7.400000095367432,7.449999809265137,2.7802932262420654,519500
2012-04-19,7.429999828338623,7.460000038146973,7.400000095367432,7.429999828338623,2.7728283405303955,450700
2012-04-20,7.440000057220459,7.46999979019165,7.420000076293945,7.429999828338623,2.7728283405303955,411000
2012-04-23,7.400000095367432,7.429999828338623,7.360000133514404,7.429999828338623,2.7728283405303955,481400
2012-04-24,7.429999828338623,7.480000019073486,7.420000076293945,7.480000019073486,2.7914886474609375,558100
2012-04-25,7.519999980926514,7.550000190734863,7.5,7.550000190734863,2.817612886428833,430200
2012-04-26,7.550000190734863,7.590000152587891,7.519999980926514,7.590000152587891,2.8325412273406982,527600
2012-04-27,7.570000171661377,7.599999904632568,7.550000190734863,7.579999923706055,2.8288087844848633,375500
2012-04-30,7.590000152587891,7.590000152587891,7.550000190734863,7.570000171661377,2.825075387954712,389200
2012-05-01,7.559999942779541,7.619999885559082,7.559999942779541,7.579999923706055,2.8288087844848633,424800
2012-05-02,7.599999904632568,7.610000133514404,7.550000190734863,7.550000190734863,2.817612886428833,492100
2012-05-03,7.559999942779541,7.570000171661377,7.510000228881836,7.539999961853027,2.81387996673584,311600
2012-05-04,7.53000020980835,7.53000020980835,7.449999809265137,7.489999771118164,2.795220375061035,463000
2012-05-07,7.46999979019165,7.510000228881836,7.46999979019165,7.480000019073486,2.7914886474609375,436000
2012-05-08,7.480000019073486,7.480000019073486,7.400000095367432,7.440000057220459,2.7765612602233887,727300
2012-05-09,7.400000095367432,7.449999809265137,7.349999904632568,7.389999866485596,2.7579023838043213,541800
2012-05-10,7.449999809265137,7.460000038146973,7.389999866485596,7.420000076293945,2.769096851348877,679300
2012-05-11,7.400000095367432,7.420000076293945,7.369999885559082,7.369999885559082,2.7504374980926514,429800
2012-05-14,7.329999923706055,7.340000152587891,7.28000020980835,7.320000171661377,2.731778621673584,552500
2012-05-15,7.320000171661377,7.320000171661377,7.260000228881836,7.289999961853027,2.7205822467803955,467200
2012-05-16,7.300000190734863,7.340000152587891,7.21999979019165,7.239999771118164,2.7019217014312744,420300
2012-05-17,7.239999771118164,7.260000228881836,7.110000133514404,7.130000114440918,2.660871982574463,440400
2012-05-18,7.110000133514404,7.130000114440918,7.0,7.0,2.6123549938201904,572500
2012-05-21,7.039999961853027,7.090000152587891,7.019999980926514,7.090000152587891,2.6459429264068604,564000
2012-05-22,7.099999904632568,7.150000095367432,7.090000152587891,7.130000114440918,2.660871982574463,808900
2012-05-23,7.090000152587891,7.139999866485596,7.059999942779541,7.119999885559082,2.657137870788574,469000
2012-05-24,7.119999885559082,7.159999847412109,7.110000133514404,7.139999866485596,2.6646029949188232,413600
2012-05-25,7.139999866485596,7.179999828338623,7.139999866485596,7.159999847412109,2.672067165374756,284800
2012-05-29,7.179999828338623,7.239999771118164,7.179999828338623,7.21999979019165,2.6944596767425537,373800
2012-05-30,7.179999828338623,7.190000057220459,7.110000133514404,7.110000133514404,2.653407096862793,479000
2012-05-31,7.079999923706055,7.150000095367432,7.059999942779541,7.110000133514404,2.653407096862793,409200
2012-06-01,7.0,7.03000020980835,6.949999809265137,6.949999809265137,2.593696117401123,502400
2012-06-04,6.949999809265137,6.989999771118164,6.889999866485596,6.900000095367432,2.5750348567962646,447100
2012-06-05,6.880000114440918,7.0,6.829999923706055,6.989999771118164,2.6086230278015137,654900
2012-06-06,7.03000020980835,7.099999904632568,7.010000228881836,7.079999923706055,2.6422102451324463,365500
2012-06-07,7.119999885559082,7.190000057220459,7.110000133514404,7.110000133514404,2.653407096862793,366500
2012-06-08,7.070000171661377,7.170000076293945,7.070000171661377,7.150000095367432,2.668334722518921,350400
2012-06-11,7.150000095367432,7.199999809265137,7.090000152587891,7.130000114440918,2.660871982574463,448000
2012-06-12,7.130000114440918,7.179999828338623,7.090000152587891,7.179999828338623,2.679529905319214,424900
2012-06-13,7.010000228881836,7.03000020980835,6.949999809265137,6.949999809265137,2.6565961837768555,374500
2012-06-14,6.96999979019165,7.039999961853027,6.960000038146973,7.019999980926514,2.6833527088165283,379300
2012-06-15,7.070000171661377,7.070000171661377,7.0,7.070000171661377,2.7024669647216797,443400
2012-06-18,7.0,7.079999923706055,7.0,7.059999942779541,2.6986420154571533,464100
2012-06-19,7.070000171661377,7.150000095367432,7.070000171661377,7.119999885559082,2.721575975418091,486500
2012-06-20,7.150000095367432,7.150000095367432,7.070000171661377,7.130000114440918,2.725400447845459,512900
2012-06-21,7.150000095367432,7.150000095367432,7.010000228881836,7.03000020980835,2.6871755123138428,522000
2012-06-22,7.03000020980835,7.099999904632568,7.03000020980835,7.090000152587891,2.710109233856201,403300
2012-06-25,7.050000190734863,7.050000190734863,6.960000038146973,6.989999771118164,2.6718854904174805,418200
2012-06-26,7.0,7.070000171661377,6.989999771118164,7.059999942779541,2.6986420154571533,736200
2012-06-27,7.079999923706055,7.099999904632568,7.059999942779541,7.099999904632568,2.7139315605163574,397200
2012-06-28,7.070000171661377,7.119999885559082,7.03000020980835,7.119999885559082,2.721575975418091,531400
2012-06-29,7.239999771118164,7.340000152587891,7.190000057220459,7.239999771118164,2.767446279525757,987400
2012-07-02,7.239999771118164,7.28000020980835,7.199999809265137,7.239999771118164,2.767446279525757,552400
2012-07-03,7.230000019073486,7.289999961853027,7.21999979019165,7.239999771118164,2.767446279525757,328000
2012-07-05,7.210000038146973,7.289999961853027,7.179999828338623,7.210000038146973,2.7559804916381836,511800
2012-07-06,7.179999828338623,7.230000019073486,7.170000076293945,7.21999979019165,2.7598023414611816,430700
2012-07-09,7.21999979019165,7.25,7.199999809265137,7.25,2.771270275115967,367300
2012-07-10,7.28000020980835,7.289999961853027,7.130000114440918,7.170000076293945,2.7406890392303467,570500
2012-07-11,7.150000095367432,7.239999771118164,7.139999866485596,7.199999809265137,2.752159595489502,442800
2012-07-12,7.190000057220459,7.239999771118164,7.150000095367432,7.199999809265137,2.752159595489502,291900
2012-07-13,7.260000228881836,7.320000171661377,7.239999771118164,7.289999961853027,2.7865593433380127,383500
2012-07-16,7.289999961853027,7.300000190734863,7.25,7.289999961853027,2.7865593433380127,314700
2012-07-17,7.300000190734863,7.349999904632568,7.25,7.349999904632568,2.80949330329895,444600
2012-07-18,7.340000152587891,7.400000095367432,7.320000171661377,7.369999885559082,2.817138433456421,529200
2012-07-19,7.369999885559082,7.380000114440918,7.349999904632568,7.380000114440918,2.820960521697998,384300
2012-07-20,7.369999885559082,7.369999885559082,7.309999942779541,7.329999923706055,2.801848888397217,355100
2012-07-23,7.28000020980835,7.300000190734863,7.21999979019165,7.269999980926514,2.7789130210876465,597600
2012-07-24,7.320000171661377,7.320000171661377,7.21999979019165,7.269999980926514,2.7789130210876465,613800
2012-07-25,7.28000020980835,7.289999961853027,7.210000038146973,7.21999979019165,2.7598023414611816,380300
2012-07-26,7.320000171661377,7.340000152587891,7.300000190734863,7.340000152587891,2.805671453475952,379900
2012-07-27,7.360000133514404,7.440000057220459,7.340000152587891,7.420000076293945,2.836251735687256,348700
2012-07-30,7.380000114440918,7.429999828338623,7.380000114440918,7.429999828338623,2.840073347091675,411800
2012-07-31,7.440000057220459,7.449999809265137,7.340000152587891,7.360000133514404,2.813316822052002,623700
2012-08-01,7.380000114440918,7.400000095367432,7.349999904632568,7.369999885559082,2.817138433456421,397400
2012-08-02,7.349999904632568,7.369999885559082,7.300000190734863,7.340000152587891,2.805671453475952,434800
2012-08-03,7.409999847412109,7.429999828338623,7.389999866485596,7.389999866485596,2.8247833251953125,515600
2012-08-06,7.409999847412109,7.449999809265137,7.409999847412109,7.440000057220459,2.8438961505889893,513100
2012-08-07,7.440000057220459,7.460000038146973,7.420000076293945,7.440000057220459,2.8438961505889893,399700
2012-08-08,7.400000095367432,7.449999809265137,7.400000095367432,7.429999828338623,2.840073347091675,236200
2012-08-09,7.440000057220459,7.46999979019165,7.409999847412109,7.429999828338623,2.840073347091675,415600
2012-08-10,7.429999828338623,7.440000057220459,7.400000095367432,7.429999828338623,2.840073347091675,245400
2012-08-13,7.449999809265137,7.460000038146973,7.409999847412109,7.449999809265137,2.847719192504883,300400
2012-08-14,7.46999979019165,7.480000019073486,7.429999828338623,7.449999809265137,2.847719192504883,336800
2012-08-15,7.449999809265137,7.5,7.429999828338623,7.5,2.866830348968506,518200
2012-08-16,7.5,7.53000020980835,7.480000019073486,7.519999980926514,2.8744754791259766,514600
2012-08-17,7.519999980926514,7.53000020980835,7.460000038146973,7.480000019073486,2.8591859340667725,559200
2012-08-20,7.46999979019165,7.489999771118164,7.449999809265137,7.449999809265137,2.847719192504883,475200
2012-08-21,7.480000019073486,7.510000228881836,7.429999828338623,7.460000038146973,2.85154128074646,472700
2012-08-22,7.429999828338623,7.460000038146973,7.420000076293945,7.429999828338623,2.840073347091675,394800
2012-08-23,7.440000057220459,7.449999809265137,7.380000114440918,7.400000095367432,2.828606367111206,366800
2012-08-24,7.380000114440918,7.440000057220459,7.380000114440918,7.429999828338623,2.840073347091675,450800
2012-08-27,7.420000076293945,7.440000057220459,7.389999866485596,7.389999866485596,2.8247833251953125,515400
2012-08-28,7.389999866485596,7.389999866485596,7.360000133514404,7.369999885559082,2.817138433456421,756300
2012-08-29,7.389999866485596,7.429999828338623,7.369999885559082,7.420000076293945,2.836251735687256,499000
2012-08-30,7.369999885559082,7.389999866485596,7.340000152587891,7.369999885559082,2.817138433456421,314900
2012-08-31,7.380000114440918,7.429999828338623,7.380000114440918,7.400000095367432,2.828606367111206,423900
2012-09-04,7.400000095367432,7.409999847412109,7.340000152587891,7.409999847412109,2.832428216934204,416700
2012-09-05,7.380000114440918,7.409999847412109,7.340000152587891,7.349999904632568,2.80949330329895,595100
2012-09-06,7.380000114440918,7.449999809265137,7.380000114440918,7.420000076293945,2.836251735687256,512500
2012-09-07,7.420000076293945,7.460000038146973,7.409999847412109,7.449999809265137,2.847719192504883,460500
2012-09-10,7.46999979019165,7.480000019073486,7.429999828338623,7.429999828338623,2.840073347091675,439800
2012-09-11,7.440000057220459,7.5,7.429999828338623,7.46999979019165,2.855363368988037,497800
2012-09-12,7.300000190734863,7.360000133514404,7.289999961853027,7.360000133514404,2.878831624984741,802200
2012-09-13,7.369999885559082,7.480000019073486,7.329999923706055,7.480000019073486,2.9257686138153076,859700
2012-09-14,7.489999771118164,7.539999961853027,7.380000114440918,7.429999828338623,2.906212329864502,1092300
2012-09-17,7.449999809265137,7.449999809265137,7.349999904632568,7.380000114440918,2.88665509223938,547900
2012-09-18,7.369999885559082,7.380000114440918,7.349999904632568,7.380000114440918,2.88665509223938,481800
2012-09-19,7.380000114440918,7.420000076293945,7.360000133514404,7.389999866485596,2.890566349029541,540200
2012-09-20,7.369999885559082,7.429999828338623,7.349999904632568,7.429999828338623,2.906212329864502,487200
2012-09-21,7.46999979019165,7.46999979019165,7.420000076293945,7.449999809265137,2.914034605026245,377600
2012-09-24,7.449999809265137,7.460000038146973,7.400000095367432,7.449999809265137,2.914034605026245,761600
2012-09-25,7.480000019073486,7.489999771118164,7.400000095367432,7.420000076293945,2.902301073074341,753100
2012-09-26,7.429999828338623,7.429999828338623,7.349999904632568,7.369999885559082,2.8827438354492188,566100
2012-09-27,7.420000076293945,7.480000019073486,7.409999847412109,7.480000019073486,2.9257686138153076,562300
2012-09-28,7.460000038146973,7.559999942779541,7.429999828338623,7.559999942779541,2.9570627212524414,4089300
2012-10-01,7.579999923706055,7.619999885559082,7.5,7.519999980926514,2.9414150714874268,793100
2012-10-02,7.519999980926514,7.539999961853027,7.489999771118164,7.5,2.933589458465576,731300
2012-10-03,7.519999980926514,7.570000171661377,7.510000228881836,7.539999961853027,2.949237823486328,562600
2012-10-04,7.539999961853027,7.610000133514404,7.53000020980835,7.590000152587891,2.968796491622925,694600
2012-10-05,7.630000114440918,7.670000076293945,7.610000133514404,7.619999885559082,2.98052978515625,531200
2012-10-08,7.570000171661377,7.679999828338623,7.559999942779541,7.639999866485596,2.988352060317993,457000
2012-10-09,7.650000095367432,7.690000057220459,7.579999923706055,7.599999904632568,2.9727060794830322,538300
2012-10-10,7.579999923706055,7.610000133514404,7.550000190734863,7.590000152587891,2.968796491622925,559400
2012-10-11,7.619999885559082,7.650000095367432,7.550000190734863,7.550000190734863,2.9531495571136475,458600
2012-10-12,7.590000152587891,7.590000152587891,7.519999980926514,7.539999961853027,2.949237823486328,337200
2012-10-15,7.539999961853027,7.579999923706055,7.510000228881836,7.559999942779541,2.9570627212524414,402100
2012-10-16,7.579999923706055,7.630000114440918,7.570000171661377,7.630000114440918,2.9844398498535156,363900
2012-10-17,7.639999866485596,7.650000095367432,7.610000133514404,7.630000114440918,2.9844398498535156,345400
2012-10-18,7.630000114440918,7.639999866485596,7.579999923706055,7.590000152587891,2.968796491622925,423400
2012-10-19,7.579999923706055,7.590000152587891,7.460000038146973,7.489999771118164,2.9296813011169434,594900
2012-10-22,7.480000019073486,7.519999980926514,7.429999828338623,7.460000038146973,2.9179446697235107,469800
2012-10-23,7.409999847412109,7.449999809265137,7.380000114440918,7.420000076293945,2.902301073074341,641000
2012-10-24,7.420000076293945,7.46999979019165,7.380000114440918,7.409999847412109,2.898387908935547,406800
2012-10-25,7.46999979019165,7.46999979019165,7.380000114440918,7.409999847412109,2.898387908935547,509600
2012-10-26,7.429999828338623,7.480000019073486,7.389999866485596,7.460000038146973,2.9179446697235107,549700
2012-10-31,7.429999828338623,7.480000019073486,7.400000095367432,7.409999847412109,2.898387908935547,957000
2012-11-01,7.409999847412109,7.53000020980835,7.409999847412109,7.53000020980835,2.945326089859009,332300
2012-11-02,7.579999923706055,7.579999923706055,7.460000038146973,7.480000019073486,2.9257686138153076,361600
2012-11-05,7.460000038146973,7.460000038146973,7.409999847412109,7.420000076293945,2.902301073074341,539700
2012-11-06,7.429999828338623,7.519999980926514,7.429999828338623,7.480000019073486,2.9257686138153076,448500
2012-11-07,7.389999866485596,7.429999828338623,7.269999980926514,7.349999904632568,2.8749196529388428,1108200
2012-11-08,7.349999904632568,7.389999866485596,7.239999771118164,7.239999771118164,2.8318943977355957,545300
2012-11-09,7.210000038146973,7.300000190734863,7.199999809265137,7.25,2.8358054161071777,552100
2012-11-12,7.260000228881836,7.28000020980835,7.230000019073486,7.239999771118164,2.8318943977355957,370800
2012-11-13,7.21999979019165,7.269999980926514,7.199999809265137,7.210000038146973,2.8201587200164795,548200
2012-11-14,7.190000057220459,7.230000019073486,7.019999980926514,7.050000190734863,2.757577657699585,746600
2012-11-15,7.0,7.070000171661377,6.869999885559082,7.050000190734863,2.757577657699585,2050200
2012-11-16,7.019999980926514,7.090000152587891,6.96999979019165,7.079999923706055,2.7693116664886475,887300
2012-11-19,7.110000133514404,7.190000057220459,7.110000133514404,7.190000057220459,2.81233811378479,810300
2012-11-20,7.199999809265137,7.21999979019165,7.150000095367432,7.210000038146973,2.8201587200164795,453400
2012-11-21,7.239999771118164,7.289999961853027,7.230000019073486,7.289999961853027,2.851452112197876,517500
2012-11-23,7.329999923706055,7.360000133514404,7.320000171661377,7.360000133514404,2.878831624984741,165700
2012-11-26,7.340000152587891,7.360000133514404,7.320000171661377,7.340000152587891,2.871009349822998,540800
2012-11-27,7.329999923706055,7.369999885559082,7.300000190734863,7.320000171661377,2.8631858825683594,766900
2012-11-28,7.300000190734863,7.369999885559082,7.25,7.360000133514404,2.878831624984741,419700
2012-11-29,7.380000114440918,7.449999809265137,7.369999885559082,7.440000057220459,2.910123348236084,771900
2012-11-30,7.420000076293945,7.46999979019165,7.349999904632568,7.400000095367432,2.8944778442382812,480800
2012-12-03,7.409999847412109,7.420000076293945,7.329999923706055,7.340000152587891,2.871009349822998,563300
2012-12-04,7.320000171661377,7.369999885559082,7.320000171661377,7.349999904632568,2.8749196529388428,455400
2012-12-05,7.340000152587891,7.389999866485596,7.320000171661377,7.329999923706055,2.8670973777770996,510400
2012-12-06,7.329999923706055,7.380000114440918,7.320000171661377,7.329999923706055,2.8670973777770996,619700
2012-12-07,7.340000152587891,7.380000114440918,7.329999923706055,7.369999885559082,2.8827438354492188,419600
2012-12-10,7.340000152587891,7.369999885559082,7.329999923706055,7.340000152587891,2.871009349822998,682200
2012-12-11,7.340000152587891,7.420000076293945,7.320000171661377,7.360000133514404,2.878831624984741,839700
2012-12-12,7.349999904632568,7.389999866485596,7.309999942779541,7.340000152587891,2.871009349822998,715300
2012-12-13,7.320000171661377,7.380000114440918,7.320000171661377,7.329999923706055,2.8670973777770996,437900
2012-12-14,7.309999942779541,7.400000095367432,7.309999942779541,7.360000133514404,2.878831624984741,473200
2012-12-17,7.360000133514404,7.400000095367432,7.329999923706055,7.369999885559082,2.8827438354492188,698100
2012-12-18,7.360000133514404,7.400000095367432,7.349999904632568,7.380000114440918,2.88665509223938,604800
2012-12-19,7.300000190734863,7.300000190734863,7.159999847412109,7.179999828338623,2.8627312183380127,808100
2012-12-20,7.170000076293945,7.21999979019165,7.150000095367432,7.210000038146973,2.8746936321258545,770600
2012-12-21,7.150000095367432,7.179999828338623,7.099999904632568,7.159999847412109,2.8547582626342773,630700
2012-12-24,7.130000114440918,7.139999866485596,7.099999904632568,7.130000114440918,2.8427956104278564,528800
2012-12-26,7.119999885559082,7.170000076293945,7.110000133514404,7.110000133514404,2.8348236083984375,609000
2012-12-27,7.110000133514404,7.139999866485596,7.050000190734863,7.099999904632568,2.8308348655700684,755500
2012-12-28,7.050000190734863,7.119999885559082,7.050000190734863,7.079999923706055,2.822861671447754,688200
2012-12-31,7.110000133514404,7.179999828338623,7.070000171661377,7.179999828338623,2.8627312183380127,1185400
2013-01-02,7.239999771118164,7.320000171661377,7.230000019073486,7.320000171661377,2.9185516834259033,716700
2013-01-03,7.309999942779541,7.369999885559082,7.269999980926514,7.300000190734863,2.9105770587921143,710800
2013-01-04,7.329999923706055,7.400000095367432,7.320000171661377,7.360000133514404,2.934499740600586,581100
2013-01-07,7.349999904632568,7.420000076293945,7.329999923706055,7.389999866485596,2.946460485458374,904900
2013-01-08,7.380000114440918,7.409999847412109,7.380000114440918,7.389999866485596,2.946460485458374,421000
2013-01-09,7.409999847412109,7.449999809265137,7.389999866485596,7.420000076293945,2.958422899246216,528500
2013-01-10,7.429999828338623,7.449999809265137,7.400000095367432,7.429999828338623,2.962409496307373,582000
2013-01-11,7.420000076293945,7.420000076293945,7.380000114440918,7.420000076293945,2.958422899246216,1014200
2013-01-14,7.400000095367432,7.440000057220459,7.380000114440918,7.420000076293945,2.958422899246216,571600
2013-01-15,7.440000057220459,7.460000038146973,7.389999866485596,7.460000038146973,2.9743709564208984,1490400
2013-01-16,7.460000038146973,7.489999771118164,7.449999809265137,7.489999771118164,2.9863319396972656,1067200
2013-01-17,7.519999980926514,7.579999923706055,7.5,7.570000171661377,3.0182273387908936,1133400
2013-01-18,7.690000057220459,7.690000057220459,7.570000171661377,7.659999847412109,3.054112672805786,895600
2013-01-22,7.699999809265137,7.730000019073486,7.670000076293945,7.71999979019165,3.078035593032837,1136700
2013-01-23,7.739999771118164,7.760000228881836,7.710000038146973,7.75,3.089996099472046,807000
2013-01-24,7.739999771118164,7.769999980926514,7.730000019073486,7.760000228881836,3.093981981277466,939700
2013-01-25,7.78000020980835,7.809999942779541,7.75,7.800000190734863,3.109930992126465,1158600
2013-01-28,7.820000171661377,7.840000152587891,7.769999980926514,7.809999942779541,3.1139187812805176,941400
2013-01-29,7.809999942779541,7.889999866485596,7.800000190734863,7.869999885559082,3.1378402709960938,934300
2013-01-30,7.900000095367432,7.900000095367432,7.800000190734863,7.840000152587891,3.125880241394043,923700
2013-01-31,7.860000133514404,7.869999885559082,7.75,7.800000190734863,3.109930992126465,902200
2013-02-01,7.820000171661377,7.860000133514404,7.789999961853027,7.829999923706055,3.121893882751465,822200
2013-02-04,7.829999923706055,7.840000152587891,7.75,7.760000228881836,3.093981981277466,868900
2013-02-05,7.809999942779541,7.860000133514404,7.789999961853027,7.849999904632568,3.129866123199463,846500
2013-02-06,7.829999923706055,7.840000152587891,7.789999961853027,7.829999923706055,3.121893882751465,579700
2013-02-07,7.809999942779541,7.829999923706055,7.710000038146973,7.809999942779541,3.1139187812805176,742300
2013-02-08,7.840000152587891,7.840000152587891,7.78000020980835,7.840000152587891,3.125880241394043,526300
2013-02-11,7.769999980926514,7.860000133514404,7.769999980926514,7.840000152587891,3.125880241394043,414500
2013-02-12,7.840000152587891,7.849999904632568,7.800000190734863,7.840000152587891,3.125880241394043,567000
2013-02-13,7.820000171661377,7.869999885559082,7.809999942779541,7.869999885559082,3.1378402709960938,529200
2013-02-14,7.860000133514404,7.869999885559082,7.840000152587891,7.849999904632568,3.129866123199463,531800
2013-02-15,7.869999885559082,7.869999885559082,7.820000171661377,7.849999904632568,3.129866123199463,409800
2013-02-19,7.869999885559082,7.889999866485596,7.860000133514404,7.880000114440918,3.141829252243042,533900
2013-02-20,7.769999980926514,7.889999866485596,7.769999980926514,7.820000171661377,3.117906093597412,501800
2013-02-21,7.829999923706055,7.829999923706055,7.659999847412109,7.679999828338623,3.062084913253784,1109300
2013-02-22,7.840000152587891,7.840000152587891,7.659999847412109,7.710000038146973,3.0740480422973633,814400
2013-02-25,7.75,7.75,7.650000095367432,7.659999847412109,3.054112672805786,787700
2013-02-26,7.670000076293945,7.75,7.630000114440918,7.75,3.089996099472046,616700
2013-02-27,7.75,7.809999942779541,7.730000019073486,7.809999942779541,3.1139187812805176,572700
2013-02-28,7.769999980926514,7.820000171661377,7.769999980926514,7.809999942779541,3.1139187812805176,503200
2013-03-01,7.789999961853027,7.800000190734863,7.75,7.78000020980835,3.101956605911255,423300
2013-03-04,7.75,7.789999961853027,7.75,7.769999980926514,3.097970724105835,420600
2013-03-05,7.769999980926514,7.849999904632568,7.769999980926514,7.820000171661377,3.117906093597412,603500
2013-03-06,7.820000171661377,7.829999923706055,7.769999980926514,7.829999923706055,3.121893882751465,489400
2013-03-07,7.820000171661377,7.849999904632568,7.789999961853027,7.840000152587891,3.125880241394043,554000
2013-03-08,7.849999904632568,7.900000095367432,7.840000152587891,7.900000095367432,3.1498024463653564,390700
2013-03-11,7.900000095367432,7.909999847412109,7.860000133514404,7.889999866485596,3.14581561088562,585200
2013-03-12,7.889999866485596,7.909999847412109,7.860000133514404,7.880000114440918,3.141829252243042,370100
2013-03-13,7.769999980926514,7.78000020980835,7.75,7.78000020980835,3.158064603805542,64800
2013-03-14,7.78000020980835,7.829999923706055,7.75,7.78000020980835,3.158064603805542,390600
2013-03-15,7.789999961853027,7.789999961853027,7.71999979019165,7.739999771118164,3.1418285369873047,375700
2013-03-18,7.710000038146973,7.739999771118164,7.690000057220459,7.699999809265137,3.1255924701690674,374500
2013-03-19,7.710000038146973,7.739999771118164,7.650000095367432,7.699999809265137,3.1255924701690674,313500
2013-03-20,7.78000020980835,7.78000020980835,7.710000038146973,7.769999980926514,3.15400767326355,309400
2013-03-21,7.75,7.760000228881836,7.699999809265137,7.699999809265137,3.1255924701690674,339900
2013-03-22,7.710000038146973,7.809999942779541,7.710000038146973,7.809999942779541,3.170241594314575,465400
2013-03-25,7.820000171661377,7.849999904632568,7.739999771118164,7.760000228881836,3.149946689605713,512900
2013-03-26,7.769999980926514,7.800000190734863,7.75,7.769999980926514,3.15400767326355,364900
2013-03-27,7.739999771118164,7.820000171661377,7.730000019073486,7.809999942779541,3.170241594314575,424100
2013-03-28,7.800000190734863,7.889999866485596,7.789999961853027,7.820000171661377,3.1743011474609375,1405000
2013-04-01,7.809999942779541,7.820000171661377,7.760000228881836,7.760000228881836,3.149946689605713,481400
2013-04-02,7.789999961853027,7.829999923706055,7.760000228881836,7.769999980926514,3.15400767326355,381200
2013-04-03,7.78000020980835,7.78000020980835,7.670000076293945,7.71999979019165,3.1337108612060547,420800
2013-04-04,7.71999979019165,7.769999980926514,7.690000057220459,7.710000038146973,3.1296510696411133,470100
2013-04-05,7.679999828338623,7.78000020980835,7.650000095367432,7.739999771118164,3.1418285369873047,469200
2013-04-08,7.75,7.75,7.690000057220459,7.699999809265137,3.1255924701690674,464100
2013-04-09,7.730000019073486,7.78000020980835,7.699999809265137,7.78000020980835,3.158064603805542,337800
2013-04-10,7.739999771118164,7.829999923706055,7.739999771118164,7.809999942779541,3.170241594314575,689800
2013-04-11,7.809999942779541,7.849999904632568,7.789999961853027,7.840000152587891,3.182422161102295,468200
2013-04-12,7.820000171661377,7.829999923706055,7.78000020980835,7.809999942779541,3.170241594314575,372800
2013-04-15,7.800000190734863,7.800000190734863,7.650000095367432,7.670000076293945,3.113415241241455,447400
2013-04-16,7.769999980926514,7.769999980926514,7.699999809265137,7.75,3.1458871364593506,319000
2013-04-17,7.71999979019165,7.71999979019165,7.630000114440918,7.650000095367432,3.1052956581115723,633200
2013-04-18,7.679999828338623,7.679999828338623,7.619999885559082,7.630000114440918,3.0971779823303223,317600
2013-04-19,7.639999866485596,7.690000057220459,7.590000152587891,7.679999828338623,3.1174724102020264,578300
2013-04-22,7.699999809265137,7.699999809265137,7.630000114440918,7.670000076293945,3.113415241241455,491400
2013-04-23,7.690000057220459,7.75,7.690000057220459,7.71999979019165,3.1337108612060547,353800
2013-04-24,7.730000019073486,7.730000019073486,7.670000076293945,7.699999809265137,3.1255924701690674,631900
2013-04-25,7.679999828338623,7.800000190734863,7.679999828338623,7.769999980926514,3.15400767326355,790600
2013-04-26,7.769999980926514,7.769999980926514,7.690000057220459,7.710000038146973,3.1296510696411133,489300
2013-04-29,7.71999979019165,7.760000228881836,7.71999979019165,7.75,3.1458871364593506,594700
2013-04-30,7.760000228881836,7.840000152587891,7.730000019073486,7.809999942779541,3.170241594314575,516000
2013-05-01,7.789999961853027,7.829999923706055,7.760000228881836,7.760000228881836,3.149946689605713,338400
2013-05-02,7.769999980926514,7.800000190734863,7.75,7.789999961853027,3.1621251106262207,320900
2013-05-03,7.809999942779541,7.849999904632568,7.769999980926514,7.800000190734863,3.166185140609741,493600
2013-05-06,7.820000171661377,7.820000171661377,7.760000228881836,7.760000228881836,3.149946689605713,452600
2013-05-07,7.78000020980835,7.840000152587891,7.769999980926514,7.829999923706055,3.1783621311187744,464700
2013-05-08,7.829999923706055,7.869999885559082,7.820000171661377,7.869999885559082,3.1945979595184326,419800
2013-05-09,7.869999885559082,7.869999885559082,7.809999942779541,7.809999942779541,3.170241594314575,270100
2013-05-10,7.820000171661377,7.860000133514404,7.789999961853027,7.860000133514404,3.1905384063720703,457700
2013-05-13,7.849999904632568,7.849999904632568,7.800000190734863,7.840000152587891,3.182422161102295,271900
2013-05-14,7.860000133514404,7.909999847412109,7.849999904632568,7.909999847412109,3.210836410522461,473100
2013-05-15,7.900000095367432,7.940000057220459,7.880000114440918,7.940000057220459,3.2230122089385986,532300
2013-05-16,7.920000076293945,7.940000057220459,7.849999904632568,7.880000114440918,3.1986584663391113,943200
2013-05-17,7.900000095367432,7.949999809265137,7.889999866485596,7.940000057220459,3.2230122089385986,414400
2013-05-20,7.960000038146973,7.960000038146973,7.909999847412109,7.920000076293945,3.214895248413086,442200
2013-05-21,7.909999847412109,7.96999979019165,7.900000095367432,7.949999809265137,3.2270703315734863,561100
2013-05-22,7.96999979019165,8.020000457763672,7.860000133514404,7.900000095367432,3.2067747116088867,561700
2013-05-23,7.849999904632568,7.909999847412109,7.809999942779541,7.889999866485596,3.202716112136841,644500
2013-05-24,7.860000133514404,7.900000095367432,7.829999923706055,7.900000095367432,3.2067747116088867,309200
2013-05-28,7.940000057220459,7.989999771118164,7.880000114440918,7.909999847412109,3.210836410522461,459200
2013-05-29,7.840000152587891,7.909999847412109,7.809999942779541,7.840000152587891,3.182422161102295,714200
2013-05-30,7.849999904632568,7.900000095367432,7.840000152587891,7.860000133514404,3.1905384063720703,355900
2013-05-31,7.820000171661377,7.869999885559082,7.690000057220459,7.710000038146973,3.1296510696411133,725700
2013-06-03,7.690000057220459,7.71999979019165,7.610000133514404,7.699999809265137,3.1255924701690674,783500
2013-06-04,7.699999809265137,7.769999980926514,7.679999828338623,7.730000019073486,3.137768030166626,959700
2013-06-05,7.730000019073486,7.739999771118164,7.630000114440918,7.679999828338623,3.1174724102020264,435700
2013-06-06,7.650000095367432,7.730000019073486,7.630000114440918,7.710000038146973,3.1296510696411133,494000
2013-06-07,7.730000019073486,7.800000190734863,7.71999979019165,7.800000190734863,3.166185140609741,395100
2013-06-10,7.789999961853027,7.820000171661377,7.75,7.789999961853027,3.1621251106262207,418700
2013-06-11,7.730000019073486,7.789999961853027,7.710000038146973,7.75,3.1458871364593506,419800
2013-06-12,7.670000076293945,7.670000076293945,7.539999961853027,7.539999961853027,3.1169521808624268,81200
2013-06-13,7.550000190734863,7.650000095367432,7.53000020980835,7.650000095367432,3.162423849105835,454800
2013-06-14,7.650000095367432,7.659999847412109,7.559999942779541,7.610000133514404,3.1458871364593506,553400
2013-06-17,7.630000114440918,7.679999828338623,7.619999885559082,7.639999866485596,3.1582889556884766,468000
2013-06-18,7.639999866485596,7.730000019073486,7.639999866485596,7.710000038146973,3.187225580215454,647200
2013-06-19,7.690000057220459,7.730000019073486,7.610000133514404,7.619999885559082,3.1500205993652344,603400
2013-06-20,7.570000171661377,7.579999923706055,7.449999809265137,7.489999771118164,3.0962812900543213,616700
2013-06-21,7.519999980926514,7.53000020980835,7.340000152587891,7.409999847412109,3.063209295272827,868600
2013-06-24,7.340000152587891,7.340000152587891,7.150000095367432,7.260000228881836,3.0012004375457764,933200
2013-06-25,7.369999885559082,7.480000019073486,7.300000190734863,7.429999828338623,3.0714781284332275,891200
2013-06-26,7.429999828338623,7.519999980926514,7.429999828338623,7.489999771118164,3.0962812900543213,403000
2013-06-27,7.53000020980835,7.619999885559082,7.519999980926514,7.610000133514404,3.1458871364593506,557400
2013-06-28,7.619999885559082,7.710000038146973,7.559999942779541,7.610000133514404,3.1458871364593506,832900
2013-07-01,7.639999866485596,7.739999771118164,7.639999866485596,7.730000019073486,3.1954944133758545,454000
2013-07-02,7.699999809265137,7.71999979019165,7.650000095367432,7.679999828338623,3.1748242378234863,503600
2013-07-03,7.639999866485596,7.699999809265137,7.579999923706055,7.639999866485596,3.1582889556884766,279500
2013-07-05,7.659999847412109,7.690000057220459,7.570000171661377,7.670000076293945,3.1706902980804443,416900
2013-07-08,7.75,7.75,7.639999866485596,7.710000038146973,3.187225580215454,426800
2013-07-09,7.760000228881836,7.760000228881836,7.690000057220459,7.739999771118164,3.1996266841888428,312500
2013-07-10,7.739999771118164,7.760000228881836,7.639999866485596,7.71999979019165,3.1913604736328125,501700
2013-07-11,7.760000228881836,7.800000190734863,7.730000019073486,7.800000190734863,3.2244322299957275,508200
2013-07-12,7.769999980926514,7.809999942779541,7.75,7.789999961853027,3.220296859741211,359800
2013-07-15,7.829999923706055,7.849999904632568,7.809999942779541,7.809999942779541,3.2285640239715576,359300
2013-07-16,7.800000190734863,7.809999942779541,7.75,7.78000020980835,3.2161641120910645,369300
2013-07-17,7.78000020980835,7.809999942779541,7.769999980926514,7.809999942779541,3.2285640239715576,263500
2013-07-18,7.820000171661377,7.909999847412109,7.800000190734863,7.840000152587891,3.240966558456421,844800
2013-07-19,7.820000171661377,7.840000152587891,7.78000020980835,7.840000152587891,3.240966558456421,246500
2013-07-22,7.829999923706055,7.860000133514404,7.800000190734863,7.809999942779541,3.2285640239715576,420200
2013-07-23,7.860000133514404,7.860000133514404,7.789999961853027,7.820000171661377,3.232699394226074,420500
2013-07-24,7.809999942779541,7.840000152587891,7.760000228881836,7.800000190734863,3.2244322299957275,543700
2013-07-25,7.789999961853027,7.820000171661377,7.769999980926514,7.789999961853027,3.220296859741211,467000
2013-07-26,7.78000020980835,7.820000171661377,7.75,7.820000171661377,3.232699394226074,262200
2013-07-29,7.809999942779541,7.809999942779541,7.75,7.769999980926514,3.2120301723480225,347300
2013-07-30,7.809999942779541,7.809999942779541,7.75,7.800000190734863,3.2244322299957275,401900
2013-07-31,7.789999961853027,7.829999923706055,7.78000020980835,7.78000020980835,3.2161641120910645,481000
2013-08-01,7.800000190734863,7.849999904632568,7.800000190734863,7.840000152587891,3.240966558456421,445700
2013-08-02,7.829999923706055,7.829999923706055,7.800000190734863,7.829999923706055,3.2368323802948,325400
2013-08-05,7.829999923706055,7.829999923706055,7.75,7.78000020980835,3.2161641120910645,438900
2013-08-06,7.75,7.789999961853027,7.71999979019165,7.789999961853027,3.220296859741211,365200
2013-08-07,7.75,7.789999961853027,7.730000019073486,7.78000020980835,3.2161641120910645,306300
2013-08-08,7.800000190734863,7.809999942779541,7.739999771118164,7.800000190734863,3.2244322299957275,369200
2013-08-09,7.78000020980835,7.789999961853027,7.739999771118164,7.760000228881836,3.207894802093506,265700
2013-08-12,7.710000038146973,7.760000228881836,7.710000038146973,7.760000228881836,3.207894802093506,329200
2013-08-13,7.760000228881836,7.769999980926514,7.71999979019165,7.760000228881836,3.207894802093506,322000
2013-08-14,7.75,7.760000228881836,7.730000019073486,7.760000228881836,3.207894802093506,263500
2013-08-15,7.699999809265137,7.699999809265137,7.619999885559082,7.619999885559082,3.1500205993652344,304600
2013-08-16,7.619999885559082,7.639999866485596,7.599999904632568,7.610000133514404,3.1458871364593506,242100
2013-08-19,7.630000114440918,7.639999866485596,7.519999980926514,7.519999980926514,3.1086835861206055,421000
2013-08-20,7.519999980926514,7.550000190734863,7.519999980926514,7.53000020980835,3.112816333770752,289900
2013-08-21,7.53000020980835,7.53000020980835,7.460000038146973,7.46999979019165,3.0880138874053955,385700
2013-08-22,7.46999979019165,7.53000020980835,7.460000038146973,7.53000020980835,3.112816333770752,444300
2013-08-23,7.53000020980835,7.579999923706055,7.519999980926514,7.579999923706055,3.133485794067383,290400
2013-08-26,7.590000152587891,7.630000114440918,7.570000171661377,7.570000171661377,3.129351854324341,295900
2013-08-27,7.519999980926514,7.539999961853027,7.440000057220459,7.449999809265137,3.079744815826416,602200
2013-08-28,7.440000057220459,7.5,7.440000057220459,7.480000019073486,3.092146635055542,345000
2013-08-29,7.480000019073486,7.519999980926514,7.460000038146973,7.510000228881836,3.104548692703247,309000
2013-08-30,7.510000228881836,7.519999980926514,7.489999771118164,7.489999771118164,3.0962812900543213,260800
2013-09-03,7.53000020980835,7.559999942779541,7.489999771118164,7.53000020980835,3.112816333770752,294400
2013-09-04,7.519999980926514,7.579999923706055,7.510000228881836,7.570000171661377,3.129351854324341,251400
2013-09-05,7.570000171661377,7.599999904632568,7.559999942779541,7.579999923706055,3.133485794067383,269500
2013-09-06,7.590000152587891,7.599999904632568,7.519999980926514,7.550000190734863,3.1210849285125732,220700
2013-09-09,7.550000190734863,7.619999885559082,7.550000190734863,7.619999885559082,3.1500205993652344,276400
2013-09-10,7.630000114440918,7.650000095367432,7.590000152587891,7.650000095367432,3.162423849105835,453300
2013-09-11,7.619999885559082,7.650000095367432,7.599999904632568,7.639999866485596,3.1582889556884766,367500
2013-09-12,7.519999980926514,7.519999980926514,7.480000019073486,7.480000019073486,3.1498665809631348,475100
2013-09-13,7.489999771118164,7.519999980926514,7.46999979019165,7.519999980926514,3.1667120456695557,413100
2013-09-16,7.590000152587891,7.590000152587891,7.519999980926514,7.550000190734863,3.1793453693389893,453900
2013-09-17,7.53000020980835,7.579999923706055,7.53000020980835,7.579999923706055,3.1919775009155273,350000
2013-09-18,7.570000171661377,7.659999847412109,7.539999961853027,7.659999847412109,3.225666046142578,495700
2013-09-19,7.659999847412109,7.699999809265137,7.619999885559082,7.630000114440918,3.213034152984619,585200
2013-09-20,7.639999866485596,7.650000095367432,7.559999942779541,7.579999923706055,3.1919775009155273,451300
2013-09-23,7.559999942779541,7.570000171661377,7.53000020980835,7.570000171661377,3.1877660751342773,466100
2013-09-24,7.539999961853027,7.570000171661377,7.519999980926514,7.539999961853027,3.1751348972320557,467800
2013-09-25,7.539999961853027,7.570000171661377,7.53000020980835,7.559999942779541,3.1835567951202393,443100
2013-09-26,7.539999961853027,7.590000152587891,7.539999961853027,7.559999942779541,3.1835567951202393,362600
2013-09-27,7.519999980926514,7.579999923706055,7.510000228881836,7.579999923706055,3.1919775009155273,417000
2013-09-30,7.550000190734863,7.590000152587891,7.519999980926514,7.519999980926514,3.1667120456695557,1376300
2013-10-01,7.519999980926514,7.590000152587891,7.519999980926514,7.550000190734863,3.1793453693389893,446000
2013-10-02,7.480000019073486,7.53000020980835,7.449999809265137,7.519999980926514,3.1667120456695557,749500
2013-10-03,7.489999771118164,7.53000020980835,7.429999828338623,7.429999828338623,3.128812074661255,708700
2013-10-04,7.449999809265137,7.510000228881836,7.440000057220459,7.510000228881836,3.16249942779541,615700
2013-10-07,7.460000038146973,7.489999771118164,7.440000057220459,7.449999809265137,3.1372342109680176,422400
2013-10-08,7.449999809265137,7.46999979019165,7.369999885559082,7.369999885559082,3.1035454273223877,673300
2013-10-09,7.369999885559082,7.409999847412109,7.349999904632568,7.360000133514404,3.099334716796875,664400
2013-10-10,7.389999866485596,7.489999771118164,7.389999866485596,7.489999771118164,3.154078722000122,357100
2013-10-11,7.489999771118164,7.550000190734863,7.480000019073486,7.53000020980835,3.170922040939331,405000
2013-10-14,7.480000019073486,7.570000171661377,7.480000019073486,7.550000190734863,3.1793453693389893,236300
2013-10-15,7.519999980926514,7.550000190734863,7.5,7.5,3.158289909362793,466100
2013-10-16,7.519999980926514,7.570000171661377,7.519999980926514,7.570000171661377,3.1877660751342773,674600
2013-10-17,7.550000190734863,7.639999866485596,7.539999961853027,7.630000114440918,3.213034152984619,483600
2013-10-18,7.630000114440918,7.699999809265137,7.619999885559082,7.670000076293945,3.2298765182495117,547100
2013-10-21,7.679999828338623,7.710000038146973,7.679999828338623,7.679999828338623,3.2340874671936035,422900
2013-10-22,7.699999809265137,7.730000019073486,7.679999828338623,7.730000019073486,3.255143404006958,543400
2013-10-23,7.699999809265137,7.71999979019165,7.650000095367432,7.710000038146973,3.2467198371887207,529100
2013-10-24,7.699999809265137,7.75,7.699999809265137,7.71999979019165,3.250931978225708,390900
2013-10-25,7.739999771118164,7.75,7.699999809265137,7.730000019073486,3.255143404006958,466700
2013-10-28,7.699999809265137,7.75,7.699999809265137,7.710000038146973,3.2467198371887207,551100
2013-10-29,7.730000019073486,7.760000228881836,7.71999979019165,7.760000228881836,3.267775774002075,444800
2013-10-30,7.760000228881836,7.769999980926514,7.699999809265137,7.730000019073486,3.255143404006958,496800
2013-10-31,7.730000019073486,7.78000020980835,7.710000038146973,7.71999979019165,3.250931978225708,416800
2013-11-01,7.71999979019165,7.75,7.699999809265137,7.730000019073486,3.255143404006958,413900
2013-11-04,7.730000019073486,7.75,7.71999979019165,7.75,3.2635653018951416,305100
2013-11-05,7.699999809265137,7.769999980926514,7.690000057220459,7.75,3.2635653018951416,396400
2013-11-06,7.760000228881836,7.800000190734863,7.75,7.800000190734863,3.284621238708496,497400
2013-11-07,7.800000190734863,7.809999942779541,7.699999809265137,7.710000038146973,3.2467198371887207,490100
2013-11-08,7.699999809265137,7.769999980926514,7.659999847412109,7.769999980926514,3.2719879150390625,595200
2013-11-11,7.739999771118164,7.78000020980835,7.739999771118164,7.769999980926514,3.2719879150390625,340100
2013-11-12,7.739999771118164,7.760000228881836,7.71999979019165,7.75,3.2635653018951416,437200
2013-11-13,7.71999979019165,7.789999961853027,7.71999979019165,7.789999961853027,3.280409097671509,465600
2013-11-14,7.809999942779541,7.840000152587891,7.789999961853027,7.840000152587891,3.301464080810547,538600
2013-11-15,7.889999866485596,7.889999866485596,7.829999923706055,7.869999885559082,3.3140978813171387,571400
2013-11-18,7.849999904632568,7.880000114440918,7.820000171661377,7.849999904632568,3.305675745010376,494300
2013-11-19,7.829999923706055,7.869999885559082,7.820000171661377,7.840000152587891,3.301464080810547,551900
2013-11-20,7.840000152587891,7.869999885559082,7.809999942779541,7.829999923706055,3.2972524166107178,447000
2013-11-21,7.849999904632568,7.880000114440918,7.840000152587891,7.880000114440918,3.3183093070983887,430300
2013-11-22,7.869999885559082,7.889999866485596,7.860000133514404,7.889999866485596,3.3225202560424805,425800
2013-11-25,7.880000114440918,7.900000095367432,7.849999904632568,7.860000133514404,3.309889316558838,464000
2013-11-26,7.849999904632568,7.880000114440918,7.849999904632568,7.849999904632568,3.305675745010376,370100
2013-11-27,7.849999904632568,7.880000114440918,7.840000152587891,7.860000133514404,3.309889316558838,247300
2013-11-29,7.869999885559082,7.889999866485596,7.860000133514404,7.860000133514404,3.309889316558838,117300
2013-12-02,7.860000133514404,7.869999885559082,7.820000171661377,7.820000171661377,3.2930431365966797,367400
2013-12-03,7.820000171661377,7.840000152587891,7.78000020980835,7.800000190734863,3.284621238708496,405200
2013-12-04,7.789999961853027,7.820000171661377,7.760000228881836,7.809999942779541,3.2888307571411133,449600
2013-12-05,7.78000020980835,7.800000190734863,7.760000228881836,7.78000020980835,3.2761988639831543,374600
2013-12-06,7.809999942779541,7.849999904632568,7.800000190734863,7.840000152587891,3.301464080810547,645100
2013-12-09,7.840000152587891,7.849999904632568,7.789999961853027,7.840000152587891,3.301464080810547,562200
2013-12-10,7.800000190734863,7.849999904632568,7.800000190734863,7.820000171661377,3.2930431365966797,576400
2013-12-11,7.820000171661377,7.829999923706055,7.730000019073486,7.739999771118164,3.2593531608581543,641800
2013-12-12,7.730000019073486,7.769999980926514,7.710000038146973,7.739999771118164,3.2593531608581543,595600
2013-12-13,7.760000228881836,7.769999980926514,7.730000019073486,7.760000228881836,3.267775774002075,419100
2013-12-16,7.769999980926514,7.809999942779541,7.769999980926514,7.800000190734863,3.284621238708496,565400
2013-12-17,7.789999961853027,7.800000190734863,7.760000228881836,7.789999961853027,3.280409097671509,471300
2013-12-18,7.650000095367432,7.769999980926514,7.619999885559082,7.760000228881836,3.327577590942383,779900
2013-12-19,7.760000228881836,7.800000190734863,7.739999771118164,7.800000190734863,3.344733238220215,565400
2013-12-20,7.789999961853027,7.880000114440918,7.769999980926514,7.829999923706055,3.3575971126556396,772500
2013-12-23,7.900000095367432,7.900000095367432,7.860000133514404,7.869999885559082,3.374748468399048,707300
2013-12-24,7.900000095367432,7.909999847412109,7.880000114440918,7.889999866485596,3.383323907852173,226500
2013-12-26,7.900000095367432,7.960000038146973,7.900000095367432,7.960000038146973,3.4133403301239014,551500
2013-12-27,7.96999979019165,7.96999979019165,7.929999828338623,7.929999828338623,3.400474786758423,319100
2013-12-30,7.920000076293945,7.949999809265137,7.889999866485596,7.920000076293945,3.3961896896362305,596800
2013-12-31,7.980000019073486,7.980000019073486,7.929999828338623,7.940000057220459,3.404766798019409,931100
2014-01-02,7.949999809265137,7.949999809265137,7.889999866485596,7.949999809265137,3.409053087234497,929000
2014-01-03,7.920000076293945,7.949999809265137,7.880000114440918,7.929999828338623,3.400474786758423,890300
2014-01-06,7.960000038146973,7.96999979019165,7.900000095367432,7.900000095367432,3.387611150741577,906500
2014-01-07,7.980000019073486,8.0,7.960000038146973,7.989999771118164,3.426203489303589,702000
2014-01-08,7.96999979019165,8.0,7.960000038146973,7.989999771118164,3.426203489303589,407700
2014-01-09,7.980000019073486,7.989999771118164,7.949999809265137,7.96999979019165,3.417628765106201,355200
2014-01-10,7.960000038146973,8.0,7.949999809265137,8.0,3.4304933547973633,320800
2014-01-13,7.960000038146973,8.0,7.880000114440918,7.880000114440918,3.3790383338928223,553600
2014-01-14,7.880000114440918,7.929999828338623,7.880000114440918,7.900000095367432,3.387611150741577,660600
2014-01-15,7.909999847412109,7.920000076293945,7.900000095367432,7.920000076293945,3.3961896896362305,516700
2014-01-16,7.929999828338623,7.929999828338623,7.909999847412109,7.909999847412109,3.391900062561035,466100
2014-01-17,7.920000076293945,7.920000076293945,7.880000114440918,7.889999866485596,3.383323907852173,465300
2014-01-21,7.920000076293945,7.949999809265137,7.900000095367432,7.929999828338623,3.400474786758423,362200
2014-01-22,7.949999809265137,7.96999979019165,7.920000076293945,7.920000076293945,3.3961896896362305,580900
2014-01-23,7.909999847412109,7.920000076293945,7.849999904632568,7.880000114440918,3.3790383338928223,499400
2014-01-24,7.849999904632568,7.849999904632568,7.760000228881836,7.760000228881836,3.327577590942383,513100
2014-01-27,7.769999980926514,7.78000020980835,7.670000076293945,7.730000019073486,3.314713716506958,438300
2014-01-28,7.739999771118164,7.78000020980835,7.739999771118164,7.78000020980835,3.336156129837036,380800
2014-01-29,7.71999979019165,7.739999771118164,7.679999828338623,7.699999809265137,3.301851511001587,479400
2014-01-30,7.730000019073486,7.769999980926514,7.730000019073486,7.75,3.323291301727295,567300
2014-01-31,7.690000057220459,7.75,7.670000076293945,7.690000057220459,3.297563314437866,410400
2014-02-03,7.679999828338623,7.690000057220459,7.550000190734863,7.570000171661377,3.246105194091797,707000
2014-02-04,7.570000171661377,7.610000133514404,7.559999942779541,7.599999904632568,3.2589690685272217,437800
2014-02-05,7.570000171661377,7.610000133514404,7.550000190734863,7.590000152587891,3.2546815872192383,361500
2014-02-06,7.610000133514404,7.659999847412109,7.610000133514404,7.650000095367432,3.280409097671509,433300
2014-02-07,7.710000038146973,7.730000019073486,7.670000076293945,7.710000038146973,3.306138515472412,623600
2014-02-10,7.690000057220459,7.710000038146973,7.670000076293945,7.699999809265137,3.301851511001587,605200
2014-02-11,7.71999979019165,7.789999961853027,7.71999979019165,7.789999961853027,3.3404433727264404,798400
2014-02-12,7.78000020980835,7.820000171661377,7.75,7.760000228881836,3.327577590942383,741100
2014-02-13,7.739999771118164,7.809999942779541,7.730000019073486,7.809999942779541,3.3490185737609863,559400
2014-02-14,7.800000190734863,7.840000152587891,7.789999961853027,7.820000171661377,3.3533058166503906,688600
2014-02-18,7.840000152587891,7.860000133514404,7.829999923706055,7.849999904632568,3.3661715984344482,673400
2014-02-19,7.820000171661377,7.860000133514404,7.78000020980835,7.78000020980835,3.336156129837036,618100
2014-02-20,7.789999961853027,7.829999923706055,7.769999980926514,7.809999942779541,3.3490185737609863,677500
2014-02-21,7.840000152587891,7.840000152587891,7.800000190734863,7.809999942779541,3.3490185737609863,514500
2014-02-24,7.840000152587891,7.880000114440918,7.829999923706055,7.849999904632568,3.3661715984344482,499400
2014-02-25,7.860000133514404,7.860000133514404,7.820000171661377,7.840000152587891,3.361882448196411,449000
2014-02-26,7.840000152587891,7.860000133514404,7.820000171661377,7.860000133514404,3.3704607486724854,282700
2014-02-27,7.860000133514404,7.889999866485596,7.840000152587891,7.880000114440918,3.3790383338928223,307900
2014-02-28,7.880000114440918,7.929999828338623,7.869999885559082,7.900000095367432,3.387611150741577,450200
2014-03-03,7.860000133514404,7.869999885559082,7.820000171661377,7.840000152587891,3.361882448196411,475800
2014-03-04,7.880000114440918,7.940000057220459,7.880000114440918,7.929999828338623,3.400474786758423,343200
2014-03-05,7.920000076293945,7.949999809265137,7.920000076293945,7.940000057220459,3.404766798019409,416500
2014-03-06,7.949999809265137,7.980000019073486,7.949999809265137,7.960000038146973,3.4133403301239014,352700
2014-03-07,7.96999979019165,7.980000019073486,7.929999828338623,7.960000038146973,3.4133403301239014,425200
2014-03-10,7.960000038146973,7.96999979019165,7.920000076293945,7.940000057220459,3.404766798019409,502600
2014-03-11,7.940000057220459,7.96999979019165,7.900000095367432,7.909999847412109,3.391900062561035,694300
2014-03-12,7.75,7.800000190734863,7.739999771118164,7.78000020980835,3.3962669372558594,441800
2014-03-13,7.789999961853027,7.820000171661377,7.710000038146973,7.75,3.3831698894500732,389400
2014-03-14,7.739999771118164,7.769999980926514,7.71999979019165,7.739999771118164,3.3788037300109863,285800
2014-03-17,7.739999771118164,7.800000190734863,7.739999771118164,7.78000020980835,3.3962669372558594,489400
2014-03-18,7.800000190734863,7.840000152587891,7.789999961853027,7.840000152587891,3.422456979751587,342600
2014-03-19,7.829999923706055,7.840000152587891,7.78000020980835,7.78000020980835,3.3962669372558594,316100
2014-03-20,7.769999980926514,7.840000152587891,7.760000228881836,7.840000152587891,3.422456979751587,489400
2014-03-21,7.860000133514404,7.889999866485596,7.829999923706055,7.849999904632568,3.4268243312835693,506600
2014-03-24,7.840000152587891,7.860000133514404,7.78000020980835,7.800000190734863,3.4049980640411377,319500
2014-03-25,7.809999942779541,7.869999885559082,7.809999942779541,7.869999885559082,3.4355554580688477,379200
2014-03-26,7.869999885559082,7.900000095367432,7.840000152587891,7.840000152587891,3.422456979751587,397800
2014-03-27,7.849999904632568,7.860000133514404,7.820000171661377,7.849999904632568,3.4268243312835693,333000
2014-03-28,7.860000133514404,7.909999847412109,7.860000133514404,7.889999866485596,3.4442856311798096,395600
2014-03-31,7.940000057220459,7.96999979019165,7.929999828338623,7.940000057220459,3.4661130905151367,786900
2014-04-01,7.949999809265137,7.989999771118164,7.940000057220459,7.96999979019165,3.479207754135132,603600
2014-04-02,7.980000019073486,7.980000019073486,7.929999828338623,7.949999809265137,3.47047758102417,927600
2014-04-03,7.949999809265137,7.96999979019165,7.940000057220459,7.949999809265137,3.47047758102417,415900
2014-04-04,7.96999979019165,8.0,7.889999866485596,7.900000095367432,3.4486494064331055,559900
2014-04-07,7.869999885559082,7.900000095367432,7.840000152587891,7.849999904632568,3.4268243312835693,610100
2014-04-08,7.849999904632568,7.900000095367432,7.840000152587891,7.889999866485596,3.4442856311798096,449500
2014-04-09,7.929999828338623,7.960000038146973,7.889999866485596,7.960000038146973,3.474841594696045,854300
2014-04-10,7.960000038146973,7.96999979019165,7.849999904632568,7.880000114440918,3.4399216175079346,538600
2014-04-11,7.840000152587891,7.900000095367432,7.829999923706055,7.829999923706055,3.418093681335449,464400
2014-04-14,7.880000114440918,7.900000095367432,7.849999904632568,7.889999866485596,3.4442856311798096,445900
2014-04-15,7.889999866485596,7.929999828338623,7.840000152587891,7.920000076293945,3.4573822021484375,621000
2014-04-16,7.940000057220459,7.989999771118164,7.929999828338623,7.980000019073486,3.4835736751556396,432100
2014-04-17,7.96999979019165,8.029999732971191,7.96999979019165,8.020000457763672,3.5010359287261963,444400
2014-04-21,8.0,8.029999732971191,7.980000019073486,8.0,3.492304563522339,336400
2014-04-22,8.0,8.079999923706055,8.0,8.069999694824219,3.522861957550049,575600
2014-04-23,8.069999694824219,8.079999923706055,8.020000457763672,8.050000190734863,3.5141329765319824,280700
2014-04-24,8.069999694824219,8.069999694824219,8.029999732971191,8.050000190734863,3.5141329765319824,331100
2014-04-25,8.039999961853027,8.039999961853027,7.989999771118164,8.010000228881836,3.4966702461242676,364200
2014-04-28,8.039999961853027,8.0600004196167,7.980000019073486,8.029999732971191,3.505401611328125,392100
2014-04-29,8.039999961853027,8.079999923706055,8.039999961853027,8.079999923706055,3.5272271633148193,279800
2014-04-30,8.079999923706055,8.100000381469727,8.0600004196167,8.100000381469727,3.5359582901000977,376600
2014-05-01,8.079999923706055,8.119999885559082,8.069999694824219,8.079999923706055,3.5272271633148193,310300
2014-05-02,8.100000381469727,8.109999656677246,8.0600004196167,8.0600004196167,3.5184967517852783,318900
2014-05-05,8.0600004196167,8.09000015258789,8.039999961853027,8.069999694824219,3.522861957550049,259000
2014-05-06,8.079999923706055,8.079999923706055,8.029999732971191,8.039999961853027,3.509765386581421,304900
2014-05-07,8.069999694824219,8.079999923706055,8.010000228881836,8.069999694824219,3.522861957550049,448300
2014-05-08,8.079999923706055,8.100000381469727,8.039999961853027,8.0600004196167,3.5184967517852783,401400
2014-05-09,8.050000190734863,8.09000015258789,8.029999732971191,8.079999923706055,3.5272271633148193,342700
2014-05-12,8.100000381469727,8.119999885559082,8.09000015258789,8.119999885559082,3.5446877479553223,444000
2014-05-13,8.119999885559082,8.130000114440918,8.100000381469727,8.119999885559082,3.5446877479553223,354000
2014-05-14,8.119999885559082,8.140000343322754,8.09000015258789,8.100000381469727,3.5359582901000977,602600
2014-05-15,8.100000381469727,8.109999656677246,8.0600004196167,8.069999694824219,3.522861957550049,408200
2014-05-16,8.079999923706055,8.100000381469727,8.0600004196167,8.100000381469727,3.5359582901000977,312500
2014-05-19,8.0600004196167,8.130000114440918,8.0600004196167,8.130000114440918,3.5490524768829346,397300
2014-05-20,8.109999656677246,8.130000114440918,8.079999923706055,8.119999885559082,3.5446877479553223,322100
2014-05-21,8.130000114440918,8.1899995803833,8.130000114440918,8.15999984741211,3.5621509552001953,585000
2014-05-22,8.15999984741211,8.199999809265137,8.15999984741211,8.1899995803833,3.575244903564453,441700
2014-05-23,8.199999809265137,8.210000038146973,8.15999984741211,8.170000076293945,3.566514730453491,339300
2014-05-27,8.180000305175781,8.220000267028809,8.170000076293945,8.220000267028809,3.588343620300293,483900
2014-05-28,8.220000267028809,8.270000457763672,8.210000038146973,8.270000457763672,3.6101696491241455,467300
2014-05-29,8.279999732971191,8.279999732971191,8.25,8.279999732971191,3.6145336627960205,507600
2014-05-30,8.270000457763672,8.3100004196167,8.260000228881836,8.279999732971191,3.6145336627960205,439000
2014-06-02,8.279999732971191,8.319999694824219,8.270000457763672,8.3100004196167,3.6276328563690186,358000
2014-06-03,8.289999961853027,8.34000015258789,8.289999961853027,8.329999923706055,3.6363632678985596,398300
2014-06-04,8.319999694824219,8.369999885559082,8.300000190734863,8.369999885559082,3.6538236141204834,726300
2014-06-05,8.359999656677246,8.390000343322754,8.319999694824219,8.390000343322754,3.662555456161499,416800
2014-06-06,8.380000114440918,8.399999618530273,8.34000015258789,8.34000015258789,3.640726089477539,309200
2014-06-09,8.329999923706055,8.359999656677246,8.329999923706055,8.34000015258789,3.640726089477539,415100
2014-06-10,8.350000381469727,8.369999885559082,8.34000015258789,8.369999885559082,3.6538236141204834,433000
2014-06-11,8.34000015258789,8.350000381469727,8.319999694824219,8.34000015258789,3.640726089477539,393900
2014-06-12,8.229999542236328,8.270000457763672,8.1899995803833,8.270000457763672,3.671806573867798,975600
2014-06-13,8.279999732971191,8.300000190734863,8.210000038146973,8.239999771118164,3.658487558364868,578200
2014-06-16,8.220000267028809,8.25,8.210000038146973,8.229999542236328,3.6540465354919434,473100
2014-06-17,8.210000038146973,8.239999771118164,8.210000038146973,8.210000038146973,3.6451663970947266,288900
2014-06-18,8.210000038146973,8.270000457763672,8.210000038146973,8.270000457763672,3.671806573867798,289500
2014-06-19,8.289999961853027,8.350000381469727,8.279999732971191,8.34000015258789,3.702885150909424,936800
2014-06-20,8.329999923706055,8.359999656677246,8.329999923706055,8.34000015258789,3.702885150909424,568700
2014-06-23,8.329999923706055,8.359999656677246,8.279999732971191,8.289999961853027,3.6806869506835938,494600
2014-06-24,8.270000457763672,8.319999694824219,8.270000457763672,8.289999961853027,3.6806869506835938,423200
2014-06-25,8.279999732971191,8.350000381469727,8.270000457763672,8.279999732971191,3.676246166229248,917000
2014-06-26,8.289999961853027,8.300000190734863,8.229999542236328,8.270000457763672,3.671806573867798,856200
2014-06-27,8.260000228881836,8.359999656677246,8.260000228881836,8.359999656677246,3.7117655277252197,421200
2014-06-30,8.399999618530273,8.449999809265137,8.380000114440918,8.390000343322754,3.7250869274139404,735900
2014-07-01,8.390000343322754,8.40999984741211,8.369999885559082,8.40999984741211,3.733963966369629,511800
2014-07-02,8.390000343322754,8.399999618530273,8.279999732971191,8.300000190734863,3.6851274967193604,823700
2014-07-03,8.289999961853027,8.359999656677246,8.289999961853027,8.34000015258789,3.702885150909424,252000
2014-07-07,8.329999923706055,8.399999618530273,8.329999923706055,8.390000343322754,3.7250869274139404,496800
2014-07-08,8.380000114440918,8.390000343322754,8.359999656677246,8.390000343322754,3.7250869274139404,391200
2014-07-09,8.399999618530273,8.40999984741211,8.359999656677246,8.390000343322754,3.7250869274139404,340800
2014-07-10,8.350000381469727,8.380000114440918,8.319999694824219,8.369999885559082,3.716205358505249,301600
2014-07-11,8.380000114440918,8.399999618530273,8.329999923706055,8.380000114440918,3.7206454277038574,316400
2014-07-14,8.40999984741211,8.430000305175781,8.380000114440918,8.390000343322754,3.7250869274139404,218200
2014-07-15,8.390000343322754,8.40999984741211,8.34000015258789,8.350000381469727,3.7073259353637695,287900
2014-07-16,8.390000343322754,8.420000076293945,8.380000114440918,8.420000076293945,3.73840594291687,305100
2014-07-17,8.390000343322754,8.430000305175781,8.369999885559082,8.380000114440918,3.7206454277038574,498100
2014-07-18,8.369999885559082,8.420000076293945,8.369999885559082,8.40999984741211,3.733963966369629,302800
2014-07-21,8.390000343322754,8.399999618530273,8.359999656677246,8.359999656677246,3.7117655277252197,289500
2014-07-22,8.369999885559082,8.420000076293945,8.369999885559082,8.40999984741211,3.733963966369629,239800
2014-07-23,8.40999984741211,8.449999809265137,8.390000343322754,8.449999809265137,3.751723289489746,572400
2014-07-24,8.449999809265137,8.470000267028809,8.40999984741211,8.4399995803833,3.747286081314087,308400
2014-07-25,8.430000305175781,8.449999809265137,8.40999984741211,8.420000076293945,3.73840594291687,237000
2014-07-28,8.4399995803833,8.449999809265137,8.390000343322754,8.420000076293945,3.73840594291687,260700
2014-07-29,8.420000076293945,8.449999809265137,8.359999656677246,8.369999885559082,3.716205358505249,463800
2014-07-30,8.399999618530273,8.40999984741211,8.350000381469727,8.369999885559082,3.716205358505249,352500
2014-07-31,8.350000381469727,8.350000381469727,8.149999618530273,8.149999618530273,3.61852765083313,543200
2014-08-01,8.15999984741211,8.220000267028809,8.050000190734863,8.0600004196167,3.578568935394287,514200
2014-08-04,8.010000228881836,8.079999923706055,8.010000228881836,8.079999923706055,3.5874485969543457,278700
2014-08-05,8.0600004196167,8.069999694824219,7.96999979019165,7.980000019073486,3.5430493354797363,533600
2014-08-06,7.949999809265137,7.989999771118164,7.880000114440918,7.960000038146973,3.534167766571045,461900
2014-08-07,7.989999771118164,8.020000457763672,7.960000038146973,7.989999771118164,3.547487735748291,323000
2014-08-08,8.010000228881836,8.0600004196167,7.96999979019165,8.0600004196167,3.578568935394287,212100
2014-08-11,8.079999923706055,8.140000343322754,8.079999923706055,8.140000343322754,3.6140875816345215,283400
2014-08-12,8.140000343322754,8.15999984741211,8.069999694824219,8.100000381469727,3.5963284969329834,341300
2014-08-13,8.109999656677246,8.170000076293945,8.09000015258789,8.15999984741211,3.622969150543213,387800
2014-08-14,8.180000305175781,8.229999542236328,8.180000305175781,8.220000267028809,3.649608850479126,308400
2014-08-15,8.25,8.260000228881836,8.170000076293945,8.210000038146973,3.6451663970947266,228000
2014-08-18,8.220000267028809,8.25,8.220000267028809,8.25,3.66292667388916,247800
2014-08-19,8.270000457763672,8.289999961853027,8.260000228881836,8.289999961853027,3.6806869506835938,213700
2014-08-20,8.289999961853027,8.300000190734863,8.270000457763672,8.279999732971191,3.676246166229248,352000
2014-08-21,8.3100004196167,8.369999885559082,8.3100004196167,8.369999885559082,3.716205358505249,495700
2014-08-22,8.369999885559082,8.369999885559082,8.3100004196167,8.329999923706055,3.6984474658966064,222800
2014-08-25,8.350000381469727,8.369999885559082,8.34000015258789,8.350000381469727,3.7073259353637695,182600
2014-08-26,8.350000381469727,8.380000114440918,8.34000015258789,8.359999656677246,3.7117655277252197,325200
2014-08-27,8.350000381469727,8.380000114440918,8.350000381469727,8.369999885559082,3.716205358505249,304900
2014-08-28,8.329999923706055,8.390000343322754,8.329999923706055,8.390000343322754,3.7250869274139404,426600
2014-08-29,8.390000343322754,8.4399995803833,8.369999885559082,8.430000305175781,3.7428455352783203,396000
2014-09-02,8.4399995803833,8.4399995803833,8.380000114440918,8.399999618530273,3.729524850845337,345500
2014-09-03,8.40999984741211,8.420000076293945,8.380000114440918,8.390000343322754,3.7250869274139404,326200
2014-09-04,8.40999984741211,8.430000305175781,8.350000381469727,8.359999656677246,3.7117655277252197,342700
2014-09-05,8.3100004196167,8.380000114440918,8.3100004196167,8.369999885559082,3.716205358505249,388300
2014-09-08,8.350000381469727,8.380000114440918,8.300000190734863,8.329999923706055,3.6984474658966064,308200
2014-09-09,8.34000015258789,8.350000381469727,8.279999732971191,8.300000190734863,3.6851274967193604,311000
2014-09-10,8.289999961853027,8.34000015258789,8.279999732971191,8.329999923706055,3.6984474658966064,494300
2014-09-11,8.279999732971191,8.289999961853027,8.239999771118164,8.279999732971191,3.697105884552002,376700
2014-09-12,8.279999732971191,8.279999732971191,8.199999809265137,8.220000267028809,3.670316457748413,197800
2014-09-15,8.239999771118164,8.260000228881836,8.210000038146973,8.25,3.683711290359497,354900
2014-09-16,8.239999771118164,8.350000381469727,8.229999542236328,8.319999694824219,3.7149658203125,436400
2014-09-17,8.319999694824219,8.34000015258789,8.289999961853027,8.300000190734863,3.706038236618042,434700
2014-09-18,8.3100004196167,8.350000381469727,8.3100004196167,8.319999694824219,3.7149658203125,340600
2014-09-19,8.329999923706055,8.350000381469727,8.300000190734863,8.319999694824219,3.7149658203125,360500
2014-09-22,8.3100004196167,8.319999694824219,8.239999771118164,8.260000228881836,3.688178777694702,319400
2014-09-23,8.229999542236328,8.270000457763672,8.220000267028809,8.229999542236328,3.6747820377349854,279400
2014-09-24,8.229999542236328,8.289999961853027,8.210000038146973,8.279999732971191,3.697105884552002,322000
2014-09-25,8.279999732971191,8.279999732971191,8.180000305175781,8.199999809265137,3.661386251449585,479600
2014-09-26,8.170000076293945,8.220000267028809,8.15999984741211,8.210000038146973,3.6658504009246826,338100
2014-09-29,8.15999984741211,8.229999542236328,8.15999984741211,8.220000267028809,3.670316457748413,527600
2014-09-30,8.210000038146973,8.279999732971191,8.180000305175781,8.199999809265137,3.661386251449585,638800
2014-10-01,8.170000076293945,8.180000305175781,8.100000381469727,8.109999656677246,3.6212010383605957,569900
2014-10-02,8.0600004196167,8.079999923706055,7.949999809265137,8.0600004196167,3.5988759994506836,919300
2014-10-03,8.119999885559082,8.15999984741211,8.109999656677246,8.140000343322754,3.634597063064575,420800
2014-10-06,8.170000076293945,8.210000038146973,8.140000343322754,8.149999618530273,3.639061212539673,441400
2014-10-07,8.109999656677246,8.15999984741211,8.09000015258789,8.100000381469727,3.616734504699707,413600
2014-10-08,8.109999656677246,8.210000038146973,8.039999961853027,8.210000038146973,3.6658504009246826,439200
2014-10-09,8.210000038146973,8.220000267028809,8.100000381469727,8.109999656677246,3.6212010383605957,353400
2014-10-10,7.949999809265137,8.010000228881836,7.849999904632568,7.849999904632568,3.566676139831543,529800
2014-10-13,7.849999904632568,7.880000114440918,7.659999847412109,7.659999847412109,3.4803500175476074,577700
2014-10-14,7.639999866485596,7.730000019073486,7.630000114440918,7.699999809265137,3.4985246658325195,814500
2014-10-15,7.599999904632568,7.639999866485596,7.269999980926514,7.599999904632568,3.4530882835388184,1242300
2014-10-16,7.53000020980835,7.760000228881836,7.510000228881836,7.75,3.521244764328003,834600
2014-10-17,7.829999923706055,7.960000038146973,7.800000190734863,7.940000057220459,3.6075687408447266,476000
2014-10-20,7.900000095367432,7.960000038146973,7.889999866485596,7.929999828338623,3.6030242443084717,332400
2014-10-21,7.96999979019165,8.130000114440918,7.940000057220459,8.130000114440918,3.693895101547241,699000
2014-10-22,8.140000343322754,8.15999984741211,8.0600004196167,8.079999923706055,3.671178102493286,455900
2014-10-23,8.149999618530273,8.170000076293945,8.130000114440918,8.15999984741211,3.707524299621582,365700
2014-10-24,8.15999984741211,8.199999809265137,8.149999618530273,8.199999809265137,3.7257015705108643,286000
2014-10-27,8.180000305175781,8.199999809265137,8.140000343322754,8.199999809265137,3.7257015705108643,252200
2014-10-28,8.239999771118164,8.289999961853027,8.220000267028809,8.279999732971191,3.762050151824951,486300
2014-10-29,8.300000190734863,8.319999694824219,8.239999771118164,8.289999961853027,3.7665936946868896,392200
2014-10-30,8.220000267028809,8.359999656677246,8.220000267028809,8.289999961853027,3.7665936946868896,438600
2014-10-31,8.4399995803833,8.4399995803833,8.329999923706055,8.350000381469727,3.793854236602783,681200
2014-11-03,8.399999618530273,8.470000267028809,8.359999656677246,8.4399995803833,3.834747076034546,1016800
2014-11-04,8.390000343322754,8.399999618530273,8.329999923706055,8.390000343322754,3.8120298385620117,465500
2014-11-05,8.449999809265137,8.449999809265137,8.369999885559082,8.430000305175781,3.83020281791687,470700
2014-11-06,8.430000305175781,8.460000038146973,8.399999618530273,8.460000038146973,3.8438332080841064,328800
2014-11-07,8.449999809265137,8.449999809265137,8.390000343322754,8.420000076293945,3.825660467147827,416200
2014-11-10,8.430000305175781,8.430000305175781,8.350000381469727,8.369999885559082,3.8029427528381348,465200
2014-11-11,8.369999885559082,8.470000267028809,8.350000381469727,8.470000267028809,3.848376750946045,388700
2014-11-12,8.40999984741211,8.40999984741211,8.329999923706055,8.329999923706055,3.8058881759643555,436500
2014-11-13,8.350000381469727,8.390000343322754,8.34000015258789,8.369999885559082,3.82416033744812,379900
2014-11-14,8.380000114440918,8.390000343322754,8.34000015258789,8.369999885559082,3.82416033744812,363900
2014-11-17,8.34000015258789,8.369999885559082,8.319999694824219,8.350000381469727,3.8150246143341064,206600
2014-11-18,8.34000015258789,8.399999618530273,8.34000015258789,8.399999618530273,3.8378701210021973,269100
2014-11-19,8.369999885559082,8.380000114440918,8.350000381469727,8.369999885559082,3.82416033744812,382700
2014-11-20,8.359999656677246,8.380000114440918,8.350000381469727,8.359999656677246,3.8195912837982178,463100
2014-11-21,8.40999984741211,8.420000076293945,8.34000015258789,8.34000015258789,3.8104538917541504,705600
2014-11-24,8.369999885559082,8.380000114440918,8.359999656677246,8.369999885559082,3.82416033744812,678300
2014-11-25,8.380000114440918,8.390000343322754,8.359999656677246,8.380000114440918,3.828731060028076,384200
2014-11-26,8.380000114440918,8.390000343322754,8.359999656677246,8.390000343322754,3.8333005905151367,409200
2014-11-28,8.390000343322754,8.399999618530273,8.369999885559082,8.399999618530273,3.8378701210021973,230700
2014-12-01,8.350000381469727,8.369999885559082,8.3100004196167,8.319999694824219,3.8013174533843994,452200
2014-12-02,8.319999694824219,8.359999656677246,8.319999694824219,8.350000381469727,3.8150246143341064,450400
2014-12-03,8.350000381469727,8.399999618530273,8.350000381469727,8.380000114440918,3.828731060028076,300400
2014-12-04,8.380000114440918,8.390000343322754,8.350000381469727,8.369999885559082,3.82416033744812,284800
2014-12-05,8.390000343322754,8.399999618530273,8.350000381469727,8.399999618530273,3.8378701210021973,425700
2014-12-08,8.369999885559082,8.399999618530273,8.350000381469727,8.350000381469727,3.8150246143341064,307500
2014-12-09,8.300000190734863,8.3100004196167,8.220000267028809,8.279999732971191,3.7830402851104736,371800
2014-12-10,8.289999961853027,8.289999961853027,8.180000305175781,8.199999809265137,3.7464916706085205,463200
2014-12-11,8.220000267028809,8.329999923706055,8.220000267028809,8.279999732971191,3.7830402851104736,399600
2014-12-12,8.260000228881836,8.279999732971191,8.140000343322754,8.15999984741211,3.728214740753174,377000
2014-12-15,8.1899995803833,8.1899995803833,8.010000228881836,8.010000228881836,3.6596813201904297,444100
2014-12-16,7.96999979019165,8.09000015258789,7.960000038146973,7.980000019073486,3.6459739208221436,611000
2014-12-17,7.989999771118164,8.130000114440918,7.980000019073486,8.130000114440918,3.7145073413848877,409800
2014-12-18,8.229999542236328,8.229999542236328,8.140000343322754,8.220000267028809,3.7774674892425537,521200
2014-12-19,8.199999809265137,8.289999961853027,8.199999809265137,8.260000228881836,3.795849323272705,346400
2014-12-22,8.260000228881836,8.319999694824219,8.220000267028809,8.300000190734863,3.8142306804656982,358100
2014-12-23,8.319999694824219,8.34000015258789,8.279999732971191,8.289999961853027,3.8096344470977783,364500
2014-12-24,8.3100004196167,8.34000015258789,8.300000190734863,8.329999923706055,3.828016519546509,217800
2014-12-26,8.319999694824219,8.350000381469727,8.300000190734863,8.34000015258789,3.8326096534729004,246700
2014-12-29,8.319999694824219,8.329999923706055,8.210000038146973,8.210000038146973,3.7728700637817383,494600
2014-12-30,8.199999809265137,8.229999542236328,8.1899995803833,8.199999809265137,3.768275499343872,632100
2014-12-31,8.25,8.260000228881836,8.119999885559082,8.119999885559082,3.731510639190674,1217900
2015-01-02,8.170000076293945,8.1899995803833,8.09000015258789,8.119999885559082,3.731510639190674,552400
2015-01-05,8.100000381469727,8.100000381469727,7.96999979019165,8.020000457763672,3.6855580806732178,510600
2015-01-06,8.0600004196167,8.100000381469727,7.940000057220459,8.0,3.676366090774536,478300
2015-01-07,8.050000190734863,8.149999618530273,8.050000190734863,8.119999885559082,3.731510639190674,452900
2015-01-08,8.199999809265137,8.260000228881836,8.1899995803833,8.239999771118164,3.7866599559783936,413000
2015-01-09,8.270000457763672,8.270000457763672,8.180000305175781,8.229999542236328,3.7820630073547363,294500
2015-01-12,8.220000267028809,8.220000267028809,8.140000343322754,8.180000305175781,3.7590837478637695,336600
2015-01-13,8.1899995803833,8.199999809265137,8.050000190734863,8.069999694824219,3.7299656867980957,318000
2015-01-14,8.020000457763672,8.029999732971191,7.940000057220459,8.0,3.6976118087768555,491600
2015-01-15,8.039999961853027,8.039999961853027,7.96999979019165,8.010000228881836,3.70223331451416,437800
2015-01-16,8.0,8.020000457763672,7.96999979019165,8.010000228881836,3.70223331451416,661100
2015-01-20,8.069999694824219,8.069999694824219,8.0,8.029999732971191,3.7114760875701904,426000
2015-01-21,8.010000228881836,8.069999694824219,8.0,8.039999961853027,3.716099739074707,386000
2015-01-22,8.09000015258789,8.119999885559082,8.029999732971191,8.100000381469727,3.743832588195801,620100
2015-01-23,8.09000015258789,8.130000114440918,8.09000015258789,8.100000381469727,3.743832588195801,466100
2015-01-26,8.100000381469727,8.109999656677246,8.0600004196167,8.079999923706055,3.7345895767211914,387200
2015-01-27,8.039999961853027,8.079999923706055,7.989999771118164,8.0600004196167,3.7253434658050537,505700
2015-01-28,8.0600004196167,8.09000015258789,7.940000057220459,7.949999809265137,3.6745002269744873,479100
2015-01-29,7.960000038146973,8.029999732971191,7.920000076293945,8.029999732971191,3.7114760875701904,692200
2015-01-30,8.020000457763672,8.079999923706055,7.989999771118164,8.020000457763672,3.7068564891815186,916200
2015-02-02,7.96999979019165,8.0,7.880000114440918,7.909999847412109,3.6560142040252686,959400
2015-02-03,7.960000038146973,8.020000457763672,7.949999809265137,7.989999771118164,3.692990303039551,570300
2015-02-04,7.96999979019165,8.069999694824219,7.96999979019165,8.039999961853027,3.716099739074707,526400
2015-02-05,8.0600004196167,8.100000381469727,8.050000190734863,8.09000015258789,3.7392094135284424,426800
2015-02-06,8.09000015258789,8.140000343322754,8.079999923706055,8.140000343322754,3.7623205184936523,542200
2015-02-09,8.119999885559082,8.140000343322754,8.100000381469727,8.100000381469727,3.743832588195801,363800
2015-02-10,8.140000343322754,8.1899995803833,8.119999885559082,8.1899995803833,3.785429000854492,400000
2015-02-11,8.149999618530273,8.149999618530273,8.079999923706055,8.100000381469727,3.7654407024383545,472000
2015-02-12,8.140000343322754,8.180000305175781,8.130000114440918,8.180000305175781,3.8026318550109863,436000
2015-02-13,8.170000076293945,8.180000305175781,8.140000343322754,8.170000076293945,3.797980308532715,293900
2015-02-17,8.140000343322754,8.1899995803833,8.140000343322754,8.1899995803833,3.807278633117676,322000
2015-02-18,8.170000076293945,8.210000038146973,8.15999984741211,8.210000038146973,3.8165760040283203,307500
2015-02-19,8.199999809265137,8.220000267028809,8.15999984741211,8.170000076293945,3.797980308532715,337200
2015-02-20,8.170000076293945,8.220000267028809,8.140000343322754,8.220000267028809,3.821223497390747,383300
2015-02-23,8.220000267028809,8.260000228881836,8.15999984741211,8.1899995803833,3.807278633117676,602500
2015-02-24,8.220000267028809,8.279999732971191,8.1899995803833,8.270000457763672,3.844470262527466,322100
2015-02-25,8.279999732971191,8.329999923706055,8.239999771118164,8.25,3.8351728916168213,408800
2015-02-26,8.25,8.279999732971191,8.25,8.279999732971191,3.8491146564483643,499300
2015-02-27,8.319999694824219,8.350000381469727,8.289999961853027,8.329999923706055,3.8723602294921875,413300
2015-03-02,8.3100004196167,8.350000381469727,8.289999961853027,8.3100004196167,3.8630621433258057,349000
2015-03-03,8.3100004196167,8.34000015258789,8.300000190734863,8.34000015258789,3.8770089149475098,296700
2015-03-04,8.329999923706055,8.359999656677246,8.300000190734863,8.350000381469727,3.8816587924957275,375100
2015-03-05,8.350000381469727,8.380000114440918,8.34000015258789,8.359999656677246,3.886305332183838,297200
2015-03-06,8.3100004196167,8.350000381469727,8.270000457763672,8.300000190734863,3.8584158420562744,383600
2015-03-09,8.329999923706055,8.329999923706055,8.279999732971191,8.279999732971191,3.8491146564483643,479300
2015-03-10,8.25,8.260000228881836,8.199999809265137,8.210000038146973,3.8165760040283203,387600
2015-03-11,8.180000305175781,8.1899995803833,8.15999984741211,8.15999984741211,3.815173625946045,335100
2015-03-12,8.1899995803833,8.239999771118164,8.180000305175781,8.210000038146973,3.838550090789795,370800
2015-03-13,8.210000038146973,8.220000267028809,8.140000343322754,8.170000076293945,3.8198482990264893,309100
2015-03-16,8.199999809265137,8.260000228881836,8.199999809265137,8.220000267028809,3.843226671218872,299200
2015-03-17,8.199999809265137,8.239999771118164,8.1899995803833,8.239999771118164,3.85257887840271,299500
2015-03-18,8.220000267028809,8.289999961853027,8.210000038146973,8.210000038146973,3.838550090789795,501200
2015-03-19,8.220000267028809,8.25,8.210000038146973,8.229999542236328,3.8479020595550537,304200
2015-03-20,8.25,8.300000190734863,8.239999771118164,8.260000228881836,3.861928939819336,349700
2015-03-23,8.279999732971191,8.329999923706055,8.279999732971191,8.289999961853027,3.8759541511535645,330200
2015-03-24,8.300000190734863,8.3100004196167,8.220000267028809,8.229999542236328,3.8479020595550537,402400
2015-03-25,8.260000228881836,8.260000228881836,8.1899995803833,8.1899995803833,3.82919979095459,362900
2015-03-26,8.1899995803833,8.199999809265137,8.149999618530273,8.180000305175781,3.8245248794555664,460800
2015-03-27,8.1899995803833,8.210000038146973,8.170000076293945,8.180000305175781,3.8245248794555664,222400
2015-03-30,8.199999809265137,8.279999732971191,8.199999809265137,8.260000228881836,3.861928939819336,455900
2015-03-31,8.270000457763672,8.279999732971191,8.210000038146973,8.210000038146973,3.838550090789795,534900
2015-04-01,8.199999809265137,8.220000267028809,8.15999984741211,8.1899995803833,3.82919979095459,364100
2015-04-02,8.109999656677246,8.180000305175781,8.109999656677246,8.15999984741211,3.815173625946045,409500
2015-04-06,8.119999885559082,8.239999771118164,8.119999885559082,8.199999809265137,3.833876371383667,349200
2015-04-07,8.199999809265137,8.289999961853027,8.199999809265137,8.25,3.8572537899017334,461100
2015-04-08,8.270000457763672,8.279999732971191,8.220000267028809,8.239999771118164,3.85257887840271,404000
2015-04-09,8.239999771118164,8.289999961853027,8.229999542236328,8.289999961853027,3.8759541511535645,215300
2015-04-10,8.289999961853027,8.3100004196167,8.279999732971191,8.300000190734863,3.880631446838379,291700
2015-04-13,8.270000457763672,8.289999961853027,8.210000038146973,8.210000038146973,3.8604111671447754,314100
2015-04-14,8.210000038146973,8.229999542236328,8.180000305175781,8.199999809265137,3.8557090759277344,386200
2015-04-15,8.239999771118164,8.270000457763672,8.229999542236328,8.229999542236328,3.8698132038116455,395100
2015-04-16,8.239999771118164,8.25,8.210000038146973,8.210000038146973,3.8604111671447754,299000
2015-04-17,8.170000076293945,8.1899995803833,8.140000343322754,8.170000076293945,3.8416006565093994,363000
2015-04-20,8.180000305175781,8.239999771118164,8.170000076293945,8.199999809265137,3.8557090759277344,324800
2015-04-21,8.239999771118164,8.239999771118164,8.199999809265137,8.210000038146973,3.8604111671447754,323700
2015-04-22,8.239999771118164,8.289999961853027,8.229999542236328,8.279999732971191,3.893324851989746,397900
2015-04-23,8.279999732971191,8.319999694824219,8.260000228881836,8.289999961853027,3.8980276584625244,355600
2015-04-24,8.319999694824219,8.319999694824219,8.199999809265137,8.239999771118164,3.874518632888794,691900
2015-04-27,8.260000228881836,8.270000457763672,8.210000038146973,8.220000267028809,3.865114212036133,368100
2015-04-28,8.229999542236328,8.260000228881836,8.1899995803833,8.25,3.8792197704315186,411000
2015-04-29,8.239999771118164,8.270000457763672,8.1899995803833,8.25,3.8792197704315186,504100
2015-04-30,8.25,8.270000457763672,8.180000305175781,8.199999809265137,3.8557090759277344,447800
2015-05-01,8.229999542236328,8.289999961853027,8.210000038146973,8.270000457763672,3.888624668121338,294700
2015-05-04,8.279999732971191,8.300000190734863,8.25,8.260000228881836,3.8839213848114014,347800
2015-05-05,8.260000228881836,8.279999732971191,8.229999542236328,8.270000457763672,3.888624668121338,435200
2015-05-06,8.279999732971191,8.279999732971191,8.1899995803833,8.199999809265137,3.8557090759277344,351100
2015-05-07,8.1899995803833,8.229999542236328,8.180000305175781,8.210000038146973,3.8604111671447754,272700
2015-05-08,8.270000457763672,8.3100004196167,8.260000228881836,8.300000190734863,3.902730941772461,269600
2015-05-11,8.289999961853027,8.300000190734863,8.270000457763672,8.270000457763672,3.888624668121338,282800
2015-05-12,8.25,8.300000190734863,8.220000267028809,8.289999961853027,3.8980276584625244,480000
2015-05-13,8.270000457763672,8.279999732971191,8.260000228881836,8.270000457763672,3.9107983112335205,308600
2015-05-14,8.300000190734863,8.300000190734863,8.270000457763672,8.279999732971191,3.9155232906341553,254000
2015-05-15,8.300000190734863,8.300000190734863,8.25,8.270000457763672,3.9107983112335205,254600
2015-05-18,8.260000228881836,8.279999732971191,8.220000267028809,8.229999542236328,3.891878843307495,510000
2015-05-19,8.229999542236328,8.289999961853027,8.229999542236328,8.239999771118164,3.8966097831726074,406400
2015-05-20,8.260000228881836,8.279999732971191,8.25,8.260000228881836,3.906066656112671,293200
2015-05-21,8.270000457763672,8.289999961853027,8.239999771118164,8.270000457763672,3.9107983112335205,380800
2015-05-22,8.270000457763672,8.270000457763672,8.220000267028809,8.239999771118164,3.8966097831726074,322700
2015-05-26,8.239999771118164,8.239999771118164,8.149999618530273,8.149999618530273,3.854048728942871,321400
2015-05-27,8.180000305175781,8.25,8.180000305175781,8.25,3.901339054107666,305500
2015-05-28,8.229999542236328,8.260000228881836,8.199999809265137,8.260000228881836,3.906066656112671,290600
2015-05-29,8.279999732971191,8.279999732971191,8.210000038146973,8.25,3.901339054107666,495200
2015-06-01,8.25,8.260000228881836,8.170000076293945,8.180000305175781,3.8682353496551514,779900
2015-06-02,8.170000076293945,8.210000038146973,8.149999618530273,8.1899995803833,3.8729631900787354,371900
2015-06-03,8.199999809265137,8.220000267028809,8.170000076293945,8.170000076293945,3.8635060787200928,344500
2015-06-04,8.15999984741211,8.15999984741211,8.0600004196167,8.100000381469727,3.8304049968719482,566500
2015-06-05,8.079999923706055,8.100000381469727,8.050000190734863,8.09000015258789,3.8256750106811523,327600
2015-06-08,8.0600004196167,8.09000015258789,8.0600004196167,8.0600004196167,3.8114914894104004,277800
2015-06-09,8.039999961853027,8.069999694824219,8.029999732971191,8.039999961853027,3.802030324935913,394300
2015-06-10,8.050000190734863,8.119999885559082,8.039999961853027,8.09000015258789,3.8256750106811523,386100
2015-06-11,8.079999923706055,8.130000114440918,8.050000190734863,8.050000190734863,3.829002857208252,481500
2015-06-12,8.050000190734863,8.079999923706055,8.029999732971191,8.050000190734863,3.829002857208252,299000
2015-06-15,8.020000457763672,8.039999961853027,8.0,8.039999961853027,3.8242485523223877,328200
2015-06-16,8.029999732971191,8.0600004196167,8.010000228881836,8.050000190734863,3.829002857208252,207600
2015-06-17,8.050000190734863,8.079999923706055,8.029999732971191,8.0600004196167,3.8337600231170654,261500
2015-06-18,8.09000015258789,8.15999984741211,8.069999694824219,8.15999984741211,3.8813273906707764,399500
2015-06-19,8.140000343322754,8.15999984741211,8.109999656677246,8.130000114440918,3.867055654525757,208500
2015-06-22,8.149999618530273,8.170000076293945,8.130000114440918,8.130000114440918,3.867055654525757,211100
2015-06-23,8.140000343322754,8.170000076293945,8.100000381469727,8.109999656677246,3.8575427532196045,274300
2015-06-24,8.100000381469727,8.140000343322754,8.069999694824219,8.069999694824219,3.838519334793091,256600
2015-06-25,8.100000381469727,8.100000381469727,8.039999961853027,8.069999694824219,3.838519334793091,308100
2015-06-26,8.069999694824219,8.079999923706055,8.020000457763672,8.029999732971191,3.8194921016693115,162400
2015-06-29,8.0,8.0,7.909999847412109,7.920000076293945,3.7671701908111572,445200
2015-06-30,8.0,8.010000228881836,7.920000076293945,7.980000019073486,3.7957093715667725,566200
2015-07-01,8.029999732971191,8.039999961853027,7.96999979019165,8.020000457763672,3.814735174179077,303400
2015-07-02,8.010000228881836,8.020000457763672,7.909999847412109,7.96999979019165,3.7909514904022217,406100
2015-07-06,7.920000076293945,7.960000038146973,7.889999866485596,7.949999809265137,3.781437873840332,218400
2015-07-07,7.980000019073486,8.010000228881836,7.869999885559082,8.010000228881836,3.8099780082702637,401800
2015-07-08,7.960000038146973,7.960000038146973,7.889999866485596,7.920000076293945,3.7671701908111572,236800
2015-07-09,8.010000228881836,8.010000228881836,7.909999847412109,7.929999828338623,3.7719264030456543,230700
2015-07-10,8.0,8.020000457763672,7.960000038146973,8.010000228881836,3.8099780082702637,278200
2015-07-13,8.0,8.029999732971191,7.989999771118164,8.020000457763672,3.8372511863708496,251100
2015-07-14,8.010000228881836,8.069999694824219,8.010000228881836,8.050000190734863,3.8516054153442383,275000
2015-07-15,8.050000190734863,8.079999923706055,8.0,8.010000228881836,3.8324642181396484,316400
2015-07-16,8.069999694824219,8.109999656677246,8.069999694824219,8.100000381469727,3.875528573989868,383700
2015-07-17,8.100000381469727,8.100000381469727,8.069999694824219,8.09000015258789,3.870743989944458,209000
2015-07-20,8.09000015258789,8.09000015258789,8.039999961853027,8.039999961853027,3.8468196392059326,270000
2015-07-21,8.050000190734863,8.050000190734863,8.010000228881836,8.050000190734863,3.8516054153442383,191000
2015-07-22,8.0,8.029999732971191,8.0,8.010000228881836,3.8324642181396484,227400
2015-07-23,8.029999732971191,8.050000190734863,7.980000019073486,8.0,3.8276822566986084,272400
2015-07-24,8.0,8.0,7.869999885559082,7.909999847412109,3.784618377685547,294500
2015-07-27,7.840000152587891,7.880000114440918,7.800000190734863,7.849999904632568,3.7559142112731934,351900
2015-07-28,7.869999885559082,7.96999979019165,7.840000152587891,7.96999979019165,3.813328504562378,340600
2015-07-29,7.980000019073486,8.029999732971191,7.960000038146973,8.029999732971191,3.842036008834839,209700
2015-07-30,8.010000228881836,8.029999732971191,7.980000019073486,8.029999732971191,3.842036008834839,340400
2015-07-31,8.069999694824219,8.069999694824219,7.96999979019165,8.010000228881836,3.8324642181396484,623200
2015-08-03,8.0,8.029999732971191,7.949999809265137,8.0,3.8276822566986084,306700
2015-08-04,8.0,8.039999961853027,7.989999771118164,8.039999961853027,3.8468196392059326,319600
2015-08-05,8.0600004196167,8.0600004196167,8.010000228881836,8.039999961853027,3.8468196392059326,322100
2015-08-06,8.039999961853027,8.039999961853027,7.909999847412109,7.940000057220459,3.7989752292633057,416200
2015-08-07,7.920000076293945,7.940000057220459,7.829999923706055,7.829999923706055,3.746342897415161,506400
2015-08-10,7.869999885559082,7.909999847412109,7.869999885559082,7.900000095367432,3.7798380851745605,442400
2015-08-11,7.829999923706055,7.880000114440918,7.820000171661377,7.869999885559082,3.765482187271118,375700
2015-08-12,7.800000190734863,7.869999885559082,7.769999980926514,7.869999885559082,3.7881054878234863,371500
2015-08-13,7.849999904632568,7.869999885559082,7.829999923706055,7.849999904632568,3.7784788608551025,309400
2015-08-14,7.829999923706055,7.880000114440918,7.820000171661377,7.880000114440918,3.7929189205169678,191200
2015-08-17,7.869999885559082,7.889999866485596,7.829999923706055,7.869999885559082,3.7881054878234863,258100
2015-08-18,7.849999904632568,7.889999866485596,7.840000152587891,7.840000152587891,3.7736644744873047,298000
2015-08-19,7.849999904632568,7.849999904632568,7.789999961853027,7.829999923706055,3.7688522338867188,340800
2015-08-20,7.760000228881836,7.789999961853027,7.699999809265137,7.71999979019165,3.71590518951416,380400
2015-08-21,7.659999847412109,7.679999828338623,7.46999979019165,7.489999771118164,3.6051976680755615,789000
2015-08-24,7.039999961853027,7.159999847412109,6.710000038146973,7.159999847412109,3.4463565349578857,1282900
2015-08-25,7.260000228881836,7.409999847412109,7.230000019073486,7.25,3.489675998687744,737800
2015-08-26,7.300000190734863,7.349999904632568,7.190000057220459,7.320000171661377,3.523371458053589,577200
2015-08-27,7.420000076293945,7.46999979019165,7.360000133514404,7.460000038146973,3.590756893157959,534800
2015-08-28,7.380000114440918,7.420000076293945,7.360000133514404,7.409999847412109,3.5666897296905518,377900
2015-08-31,7.409999847412109,7.409999847412109,7.380000114440918,7.409999847412109,3.5666897296905518,454200
2015-09-01,7.199999809265137,7.380000114440918,7.199999809265137,7.340000152587891,3.5329976081848145,491200
2015-09-02,7.389999866485596,7.400000095367432,7.300000190734863,7.360000133514404,3.542623281478882,333400
2015-09-03,7.429999828338623,7.460000038146973,7.369999885559082,7.389999866485596,3.5570626258850098,322700
2015-09-04,7.340000152587891,7.349999904632568,7.289999961853027,7.320000171661377,3.523371458053589,273800
2015-09-08,7.389999866485596,7.409999847412109,7.349999904632568,7.360000133514404,3.542623281478882,273300
2015-09-09,7.429999828338623,7.440000057220459,7.230000019073486,7.25,3.489675998687744,1264600
2015-09-10,7.179999828338623,7.269999980926514,7.179999828338623,7.230000019073486,3.4800498485565186,1698700
2015-09-11,7.150000095367432,7.179999828338623,7.139999866485596,7.159999847412109,3.4689078330993652,686700
2015-09-14,7.150000095367432,7.170000076293945,7.110000133514404,7.130000114440918,3.454371690750122,661100
2015-09-15,7.139999866485596,7.21999979019165,7.130000114440918,7.210000038146973,3.4931328296661377,659600
2015-09-16,7.239999771118164,7.309999942779541,7.210000038146973,7.260000228881836,3.5173556804656982,954500
2015-09-17,7.260000228881836,7.340000152587891,7.25,7.300000190734863,3.5367343425750732,583100
2015-09-18,7.190000057220459,7.28000020980835,7.179999828338623,7.269999980926514,3.5221996307373047,710200
2015-09-21,7.269999980926514,7.329999923706055,7.25,7.289999961853027,3.531890869140625,864600
2015-09-22,7.159999847412109,7.190000057220459,7.119999885559082,7.190000057220459,3.4834418296813965,1048700
2015-09-23,7.190000057220459,7.210000038146973,7.130000114440918,7.190000057220459,3.4834418296813965,537900
2015-09-24,7.170000076293945,7.260000228881836,7.119999885559082,7.260000228881836,3.5173556804656982,979900
2015-09-25,7.28000020980835,7.300000190734863,7.190000057220459,7.239999771118164,3.507667303085327,470700
2015-09-28,7.190000057220459,7.199999809265137,7.059999942779541,7.090000152587891,3.4349918365478516,389100
2015-09-29,7.079999923706055,7.110000133514404,6.980000019073486,7.099999904632568,3.439837694168091,599200
2015-09-30,7.170000076293945,7.199999809265137,7.099999904632568,7.199999809265137,3.4882867336273193,923500
2015-10-01,7.190000057220459,7.199999809265137,7.099999904632568,7.179999828338623,3.4785959720611572,377500
2015-10-02,7.070000171661377,7.230000019073486,7.039999961853027,7.230000019073486,3.502821683883667,534700
2015-10-05,7.239999771118164,7.340000152587891,7.239999771118164,7.340000152587891,3.5561141967773438,476700
2015-10-06,7.309999942779541,7.380000114440918,7.289999961853027,7.380000114440918,3.5754940509796143,524100
2015-10-07,7.380000114440918,7.46999979019165,7.349999904632568,7.449999809265137,3.6094093322753906,853400
2015-10-08,7.420000076293945,7.489999771118164,7.389999866485596,7.489999771118164,3.6287882328033447,398600
2015-10-09,7.480000019073486,7.489999771118164,7.449999809265137,7.489999771118164,3.6287882328033447,265500
2015-10-12,7.460000038146973,7.489999771118164,7.449999809265137,7.480000019073486,3.623943328857422,258600
2015-10-13,7.389999866485596,7.449999809265137,7.380000114440918,7.449999809265137,3.6322295665740967,506500
2015-10-14,7.409999847412109,7.420000076293945,7.349999904632568,7.389999866485596,3.602978229522705,478600
2015-10-15,7.389999866485596,7.449999809265137,7.380000114440918,7.449999809265137,3.6322295665740967,345500
2015-10-16,7.429999828338623,7.510000228881836,7.429999828338623,7.510000228881836,3.6614830493927,327100
2015-10-19,7.480000019073486,7.519999980926514,7.480000019073486,7.519999980926514,3.6663599014282227,221100
2015-10-20,7.519999980926514,7.559999942779541,7.5,7.519999980926514,3.6663599014282227,417600
2015-10-21,7.53000020980835,7.550000190734863,7.5,7.510000228881836,3.6614830493927,319500
2015-10-22,7.559999942779541,7.659999847412109,7.559999942779541,7.659999847412109,3.7346153259277344,519600
2015-10-23,7.679999828338623,7.730000019073486,7.650000095367432,7.690000057220459,3.74924373626709,358000
2015-10-26,7.670000076293945,7.670000076293945,7.579999923706055,7.599999904632568,3.7053630352020264,481400
2015-10-27,7.579999923706055,7.610000133514404,7.559999942779541,7.570000171661377,3.6907360553741455,333300
2015-10-28,7.550000190734863,7.630000114440918,7.550000190734863,7.619999885559082,3.715115785598755,362000
2015-10-29,7.599999904632568,7.679999828338623,7.599999904632568,7.679999828338623,3.7443671226501465,327200
2015-10-30,7.710000038146973,7.710000038146973,7.639999866485596,7.650000095367432,3.7297415733337402,579500
2015-11-02,7.630000114440918,7.670000076293945,7.630000114440918,7.659999847412109,3.7346153259277344,620400
2015-11-03,7.630000114440918,7.710000038146973,7.630000114440918,7.710000038146973,3.7589945793151855,397100
2015-11-04,7.710000038146973,7.730000019073486,7.679999828338623,7.710000038146973,3.7589945793151855,417000
2015-11-05,7.71999979019165,7.730000019073486,7.659999847412109,7.710000038146973,3.7589945793151855,640000
2015-11-06,7.699999809265137,7.71999979019165,7.650000095367432,7.690000057220459,3.74924373626709,344200
2015-11-09,7.650000095367432,7.690000057220459,7.570000171661377,7.619999885559082,3.715115785598755,385300
2015-11-10,7.579999923706055,7.639999866485596,7.579999923706055,7.630000114440918,3.7199902534484863,258600
2015-11-11,7.619999885559082,7.650000095367432,7.590000152587891,7.610000133514404,3.7102386951446533,277500
2015-11-12,7.5,7.53000020980835,7.449999809265137,7.449999809265137,3.654803514480591,358300
2015-11-13,7.429999828338623,7.449999809265137,7.400000095367432,7.429999828338623,3.644990921020508,385700
2015-11-16,7.400000095367432,7.489999771118164,7.400000095367432,7.489999771118164,3.6744251251220703,418700
2015-11-17,7.489999771118164,7.539999961853027,7.480000019073486,7.5,3.6793324947357178,341300
2015-11-18,7.489999771118164,7.579999923706055,7.489999771118164,7.579999923706055,3.718579053878784,416800
2015-11-19,7.550000190734863,7.590000152587891,7.539999961853027,7.579999923706055,3.718579053878784,347500
2015-11-20,7.599999904632568,7.630000114440918,7.570000171661377,7.579999923706055,3.718579053878784,253300
2015-11-23,7.599999904632568,7.619999885559082,7.53000020980835,7.550000190734863,3.703862190246582,443300
2015-11-24,7.519999980926514,7.610000133514404,7.519999980926514,7.599999904632568,3.7283899784088135,398500
2015-11-25,7.599999904632568,7.619999885559082,7.570000171661377,7.610000133514404,3.733295440673828,246700
2015-11-27,7.590000152587891,7.630000114440918,7.579999923706055,7.630000114440918,3.743107557296753,130500
2015-11-30,7.659999847412109,7.659999847412109,7.559999942779541,7.570000171661377,3.713672399520874,477600
2015-12-01,7.579999923706055,7.639999866485596,7.579999923706055,7.639999866485596,3.748013973236084,530100
2015-12-02,7.639999866485596,7.650000095367432,7.550000190734863,7.559999942779541,3.7087655067443848,457700
2015-12-03,7.579999923706055,7.579999923706055,7.480000019073486,7.480000019073486,3.6695194244384766,391400
2015-12-04,7.46999979019165,7.590000152587891,7.46999979019165,7.579999923706055,3.718579053878784,423400
2015-12-07,7.53000020980835,7.570000171661377,7.510000228881836,7.559999942779541,3.7087655067443848,457700
2015-12-08,7.46999979019165,7.550000190734863,7.449999809265137,7.550000190734863,3.703862190246582,1002900
2015-12-09,7.539999961853027,7.599999904632568,7.480000019073486,7.489999771118164,3.6744251251220703,800900
2015-12-10,7.489999771118164,7.550000190734863,7.489999771118164,7.5,3.6793324947357178,351100
2015-12-11,7.440000057220459,7.460000038146973,7.369999885559082,7.389999866485596,3.6253695487976074,502400
2015-12-14,7.360000133514404,7.389999866485596,7.309999942779541,7.360000133514404,3.6106529235839844,608300
2015-12-15,7.369999885559082,7.460000038146973,7.360000133514404,7.449999809265137,3.654803514480591,544200
2015-12-16,7.420000076293945,7.559999942779541,7.409999847412109,7.539999961853027,3.7224395275115967,500400
2015-12-17,7.559999942779541,7.559999942779541,7.510000228881836,7.510000228881836,3.7076282501220703,449200
2015-12-18,7.510000228881836,7.510000228881836,7.449999809265137,7.460000038146973,3.6829423904418945,661200
2015-12-21,7.510000228881836,7.510000228881836,7.429999828338623,7.480000019073486,3.6928188800811768,379100
2015-12-22,7.5,7.579999923706055,7.460000038146973,7.559999942779541,3.7323129177093506,694000
2015-12-23,7.590000152587891,7.670000076293945,7.579999923706055,7.650000095367432,3.7767457962036133,456900
2015-12-24,7.659999847412109,7.710000038146973,7.630000114440918,7.699999809265137,3.801429033279419,257300
2015-12-28,7.690000057220459,7.699999809265137,7.639999866485596,7.659999847412109,3.781681537628174,861100
2015-12-29,7.699999809265137,7.739999771118164,7.679999828338623,7.710000038146973,3.8063652515411377,346800
2015-12-30,7.710000038146973,7.710000038146973,7.670000076293945,7.699999809265137,3.801429033279419,431900
2015-12-31,7.699999809265137,7.699999809265137,7.590000152587891,7.610000133514404,3.756998300552368,930100
2016-01-04,7.460000038146973,7.5,7.380000114440918,7.480000019073486,3.6928188800811768,724400
2016-01-05,7.510000228881836,7.539999961853027,7.480000019073486,7.489999771118164,3.6977546215057373,414100
2016-01-06,7.440000057220459,7.489999771118164,7.420000076293945,7.429999828338623,3.6681325435638428,750900
2016-01-07,7.309999942779541,7.380000114440918,7.28000020980835,7.300000190734863,3.6039531230926514,603200
2016-01-08,7.309999942779541,7.320000171661377,7.230000019073486,7.230000019073486,3.56939435005188,839200
2016-01-11,7.230000019073486,7.260000228881836,7.059999942779541,7.139999866485596,3.524960517883301,1042400
2016-01-12,7.190000057220459,7.239999771118164,7.079999923706055,7.119999885559082,3.5150885581970215,649900
2016-01-13,7.130000114440918,7.139999866485596,6.929999828338623,6.929999828338623,3.4440207481384277,580400
2016-01-14,6.929999828338623,7.050000190734863,6.889999866485596,7.0,3.4788095951080322,576700
2016-01-15,6.860000133514404,6.900000095367432,6.78000020980835,6.860000133514404,3.409231185913086,1054600
2016-01-19,6.920000076293945,6.960000038146973,6.78000020980835,6.800000190734863,3.3794145584106445,691000
2016-01-20,6.75,6.760000228881836,6.420000076293945,6.599999904632568,3.280020236968994,1059800
2016-01-21,6.639999866485596,6.78000020980835,6.619999885559082,6.699999809265137,3.329716920852661,594900
2016-01-22,6.789999961853027,6.880000114440918,6.789999961853027,6.880000114440918,3.419172525405884,417200
2016-01-25,6.880000114440918,6.880000114440918,6.739999771118164,6.739999771118164,3.3495969772338867,583100
2016-01-26,6.78000020980835,6.900000095367432,6.78000020980835,6.900000095367432,3.4291133880615234,406700
2016-01-27,6.889999866485596,6.940000057220459,6.800000190734863,6.849999904632568,3.404263734817505,420800
2016-01-28,6.949999809265137,7.090000152587891,6.869999885559082,7.090000152587891,3.523538589477539,1317300
2016-01-29,7.139999866485596,7.25,7.090000152587891,7.25,3.6030514240264893,911200
2016-02-01,7.179999828338623,7.239999771118164,7.159999847412109,7.230000019073486,3.5931127071380615,308200
2016-02-02,7.170000076293945,7.179999828338623,7.059999942779541,7.099999904632568,3.5285074710845947,466900
2016-02-03,7.119999885559082,7.159999847412109,7.010000228881836,7.139999866485596,3.548384428024292,455700
2016-02-04,7.139999866485596,7.199999809265137,7.099999904632568,7.159999847412109,3.558324098587036,527900
2016-02-05,7.130000114440918,7.130000114440918,7.0,7.019999980926514,3.4887475967407227,547800
2016-02-08,6.960000038146973,6.96999979019165,6.880000114440918,6.909999847412109,3.434081792831421,606800
2016-02-09,6.800000190734863,6.929999828338623,6.769999980926514,6.889999866485596,3.424142599105835,431100
2016-02-10,6.940000057220459,6.96999979019165,6.909999847412109,6.920000076293945,3.4390501976013184,358500
2016-02-11,6.78000020980835,6.78000020980835,6.699999809265137,6.78000020980835,3.392517566680908,608800
2016-02-12,6.800000190734863,6.860000133514404,6.769999980926514,6.860000133514404,3.4325449466705322,436100
2016-02-16,6.960000038146973,6.989999771118164,6.880000114440918,6.989999771118164,3.497593402862549,427100
2016-02-17,7.059999942779541,7.119999885559082,7.019999980926514,7.119999885559082,3.5626420974731445,520800
2016-02-18,7.130000114440918,7.130000114440918,7.059999942779541,7.070000171661377,3.5376245975494385,370700
2016-02-19,7.03000020980835,7.059999942779541,7.0,7.039999961853027,3.522611618041992,391100
2016-02-22,7.070000171661377,7.150000095367432,7.070000171661377,7.110000133514404,3.557640552520752,583100
2016-02-23,7.099999904632568,7.119999885559082,7.059999942779541,7.070000171661377,3.5376245975494385,298100
2016-02-24,7.010000228881836,7.139999866485596,6.96999979019165,7.139999866485596,3.5726497173309326,387400
2016-02-25,7.110000133514404,7.179999828338623,7.079999923706055,7.179999828338623,3.5926661491394043,376300
2016-02-26,7.199999809265137,7.210000038146973,7.150000095367432,7.179999828338623,3.5926661491394043,390600
2016-02-29,7.21999979019165,7.25,7.150000095367432,7.170000076293945,3.5876619815826416,567900
2016-03-01,7.21999979019165,7.289999961853027,7.199999809265137,7.289999961853027,3.647705316543579,446300
2016-03-02,7.260000228881836,7.380000114440918,7.25,7.380000114440918,3.6927406787872314,481800
2016-03-03,7.389999866485596,7.400000095367432,7.340000152587891,7.389999866485596,3.697742462158203,683500
2016-03-04,7.389999866485596,7.440000057220459,7.380000114440918,7.409999847412109,3.7077510356903076,493200
2016-03-07,7.389999866485596,7.420000076293945,7.369999885559082,7.389999866485596,3.697742462158203,276300
2016-03-08,7.360000133514404,7.380000114440918,7.300000190734863,7.309999942779541,3.6577136516571045,343500
2016-03-09,7.329999923706055,7.369999885559082,7.309999942779541,7.320000171661377,3.66271710395813,425400
2016-03-10,7.360000133514404,7.369999885559082,7.28000020980835,7.349999904632568,3.6777279376983643,312900
2016-03-11,7.349999904632568,7.429999828338623,7.349999904632568,7.429999828338623,3.7416837215423584,304100
2016-03-14,7.420000076293945,7.440000057220459,7.400000095367432,7.400000095367432,3.7265777587890625,253800
2016-03-15,7.349999904632568,7.380000114440918,7.340000152587891,7.349999904632568,3.7013964653015137,445900
2016-03-16,7.329999923706055,7.389999866485596,7.329999923706055,7.369999885559082,3.7114694118499756,579500
2016-03-17,7.389999866485596,7.429999828338623,7.360000133514404,7.400000095367432,3.7265777587890625,591100
2016-03-18,7.429999828338623,7.449999809265137,7.400000095367432,7.429999828338623,3.7416837215423584,344800
2016-03-21,7.409999847412109,7.460000038146973,7.409999847412109,7.460000038146973,3.756791830062866,388600
2016-03-22,7.440000057220459,7.480000019073486,7.420000076293945,7.420000076293945,3.736650228500366,462600
2016-03-23,7.409999847412109,7.460000038146973,7.369999885559082,7.380000114440918,3.7165069580078125,374600
2016-03-24,7.360000133514404,7.380000114440918,7.320000171661377,7.349999904632568,3.7013964653015137,484900
2016-03-28,7.369999885559082,7.409999847412109,7.369999885559082,7.389999866485596,3.7215416431427,464400
2016-03-29,7.389999866485596,7.5,7.380000114440918,7.489999771118164,3.7719004154205322,925200
2016-03-30,7.5,7.539999961853027,7.480000019073486,7.480000019073486,3.7668633460998535,565000
2016-03-31,7.519999980926514,7.559999942779541,7.5,7.539999961853027,3.7970805168151855,837000
2016-04-01,7.53000020980835,7.579999923706055,7.510000228881836,7.579999923706055,3.817222833633423,546400
2016-04-04,7.539999961853027,7.570000171661377,7.440000057220459,7.510000228881836,3.7819697856903076,553100
2016-04-05,7.480000019073486,7.480000019073486,7.409999847412109,7.449999809265137,3.7517569065093994,496900
2016-04-06,7.46999979019165,7.510000228881836,7.460000038146973,7.510000228881836,3.7819697856903076,323900
2016-04-07,7.5,7.5,7.429999828338623,7.460000038146973,3.756791830062866,526300
2016-04-08,7.5,7.519999980926514,7.420000076293945,7.460000038146973,3.756791830062866,434700
2016-04-11,7.489999771118164,7.5,7.440000057220459,7.460000038146973,3.756791830062866,267300
2016-04-12,7.46999979019165,7.510000228881836,7.449999809265137,7.510000228881836,3.7819697856903076,337200
2016-04-13,7.489999771118164,7.519999980926514,7.480000019073486,7.510000228881836,3.805788040161133,374900
2016-04-14,7.5,7.559999942779541,7.489999771118164,7.559999942779541,3.8311281204223633,349000
2016-04-15,7.539999961853027,7.579999923706055,7.53000020980835,7.570000171661377,3.8361945152282715,318500
2016-04-18,7.519999980926514,7.599999904632568,7.519999980926514,7.599999904632568,3.8513996601104736,482300
2016-04-19,7.599999904632568,7.630000114440918,7.579999923706055,7.610000133514404,3.85646653175354,471500
2016-04-20,7.619999885559082,7.639999866485596,7.599999904632568,7.619999885559082,3.861532688140869,393400
2016-04-21,7.630000114440918,7.650000095367432,7.590000152587891,7.590000152587891,3.846329927444458,371900
2016-04-22,7.599999904632568,7.639999866485596,7.599999904632568,7.639999866485596,3.8716700077056885,285900
2016-04-25,7.630000114440918,7.650000095367432,7.610000133514404,7.619999885559082,3.861532688140869,312600
2016-04-26,7.650000095367432,7.670000076293945,7.610000133514404,7.650000095367432,3.876736879348755,391100
2016-04-27,7.650000095367432,7.670000076293945,7.639999866485596,7.659999847412109,3.881803274154663,319400
2016-04-28,7.630000114440918,7.690000057220459,7.619999885559082,7.630000114440918,3.8666024208068848,370200
2016-04-29,7.639999866485596,7.639999866485596,7.550000190734863,7.570000171661377,3.8361945152282715,543000
2016-05-02,7.590000152587891,7.639999866485596,7.590000152587891,7.619999885559082,3.861532688140869,424900
2016-05-03,7.579999923706055,7.599999904632568,7.550000190734863,7.579999923706055,3.841263771057129,332000
2016-05-04,7.550000190734863,7.579999923706055,7.550000190734863,7.570000171661377,3.8361945152282715,374000
2016-05-05,7.570000171661377,7.590000152587891,7.550000190734863,7.550000190734863,3.826061964035034,323500
2016-05-06,7.519999980926514,7.590000152587891,7.519999980926514,7.590000152587891,3.846329927444458,336100
2016-05-09,7.590000152587891,7.599999904632568,7.550000190734863,7.559999942779541,3.8311281204223633,290400
2016-05-10,7.579999923706055,7.630000114440918,7.579999923706055,7.619999885559082,3.861532688140869,392400
2016-05-11,7.590000152587891,7.619999885559082,7.559999942779541,7.579999923706055,3.841263771057129,408100
2016-05-12,7.550000190734863,7.579999923706055,7.5,7.53000020980835,3.8397324085235596,285700
2016-05-13,7.550000190734863,7.559999942779541,7.5,7.53000020980835,3.8397324085235596,389500
2016-05-16,7.519999980926514,7.590000152587891,7.510000228881836,7.590000152587891,3.8703298568725586,403000
2016-05-17,7.579999923706055,7.579999923706055,7.519999980926514,7.559999942779541,3.8550312519073486,470000
2016-05-18,7.550000190734863,7.579999923706055,7.519999980926514,7.550000190734863,3.84993314743042,411400
2016-05-19,7.539999961853027,7.559999942779541,7.489999771118164,7.550000190734863,3.84993314743042,818100
2016-05-20,7.559999942779541,7.590000152587891,7.53000020980835,7.539999961853027,3.8448336124420166,448100
2016-05-23,7.559999942779541,7.570000171661377,7.539999961853027,7.559999942779541,3.8550312519073486,356700
2016-05-24,7.579999923706055,7.739999771118164,7.570000171661377,7.690000057220459,3.9213216304779053,878800
2016-05-25,7.71999979019165,7.840000152587891,7.690000057220459,7.739999771118164,3.946817398071289,1059100
2016-05-26,7.75,7.760000228881836,7.71999979019165,7.739999771118164,3.946817398071289,337400
2016-05-27,7.75,7.78000020980835,7.739999771118164,7.760000228881836,3.9570152759552,389400
2016-05-31,7.800000190734863,7.820000171661377,7.75,7.78000020980835,3.967214822769165,563200
2016-06-01,7.730000019073486,7.809999942779541,7.730000019073486,7.78000020980835,3.967214822769165,390500
2016-06-02,7.78000020980835,7.829999923706055,7.769999980926514,7.820000171661377,3.9876115322113037,421200
2016-06-03,7.789999961853027,7.840000152587891,7.75,7.840000152587891,3.997809648513794,515100
2016-06-06,7.849999904632568,7.880000114440918,7.809999942779541,7.880000114440918,4.018206596374512,448500
2016-06-07,7.889999866485596,7.889999866485596,7.78000020980835,7.809999942779541,3.9825119972229004,643700
2016-06-08,7.820000171661377,7.849999904632568,7.789999961853027,7.829999923706055,3.9927115440368652,407900
2016-06-09,7.840000152587891,7.880000114440918,7.829999923706055,7.880000114440918,4.018206596374512,671600
2016-06-10,7.869999885559082,7.869999885559082,7.789999961853027,7.820000171661377,3.9876115322113037,587100
2016-06-13,7.75,7.769999980926514,7.670000076293945,7.670000076293945,3.9347710609436035,385800
2016-06-14,7.670000076293945,7.699999809265137,7.610000133514404,7.619999885559082,3.9091203212738037,299900
2016-06-15,7.630000114440918,7.690000057220459,7.630000114440918,7.650000095367432,3.924511432647705,504000
2016-06-16,7.619999885559082,7.630000114440918,7.559999942779541,7.619999885559082,3.9091203212738037,391200
2016-06-17,7.630000114440918,7.679999828338623,7.630000114440918,7.659999847412109,3.9296422004699707,270000
2016-06-20,7.71999979019165,7.769999980926514,7.71999979019165,7.730000019073486,3.9655537605285645,434900
2016-06-21,7.769999980926514,7.769999980926514,7.730000019073486,7.730000019073486,3.9655537605285645,305800
2016-06-22,7.769999980926514,7.800000190734863,7.75,7.760000228881836,3.9809422492980957,279900
2016-06-23,7.829999923706055,7.860000133514404,7.820000171661377,7.820000171661377,4.011723518371582,437200
2016-06-24,7.590000152587891,7.699999809265137,7.539999961853027,7.630000114440918,3.9142508506774902,784000
2016-06-27,7.570000171661377,7.570000171661377,7.5,7.519999980926514,3.8578197956085205,675600
2016-06-28,7.590000152587891,7.630000114440918,7.570000171661377,7.610000133514404,3.903991460800171,562800
2016-06-29,7.730000019073486,7.800000190734863,7.71999979019165,7.800000190734863,4.001461982727051,732500
2016-06-30,7.849999904632568,7.889999866485596,7.809999942779541,7.880000114440918,4.042503356933594,673600
2016-07-01,7.880000114440918,7.929999828338623,7.860000133514404,7.929999828338623,4.0681538581848145,378300
2016-07-05,7.869999885559082,7.889999866485596,7.75,7.860000133514404,4.032242774963379,534100
2016-07-06,7.840000152587891,7.889999866485596,7.800000190734863,7.840000152587891,4.021984100341797,572100
2016-07-07,7.860000133514404,7.900000095367432,7.829999923706055,7.869999885559082,4.037373065948486,435200
2016-07-08,7.920000076293945,7.989999771118164,7.909999847412109,7.980000019073486,4.093804359436035,387900
2016-07-11,8.0,8.0,7.909999847412109,7.920000076293945,4.063022136688232,432000
2016-07-12,7.949999809265137,7.980000019073486,7.940000057220459,7.980000019073486,4.093804359436035,477300
2016-07-13,7.949999809265137,7.96999979019165,7.940000057220459,7.960000038146973,4.1077375411987305,329600
2016-07-14,7.980000019073486,8.0,7.929999828338623,7.940000057220459,4.097416877746582,478000
2016-07-15,7.940000057220459,7.980000019073486,7.909999847412109,7.940000057220459,4.097416877746582,394200
2016-07-18,7.940000057220459,8.0,7.940000057220459,7.96999979019165,4.112899303436279,352900
2016-07-19,7.949999809265137,7.989999771118164,7.940000057220459,7.980000019073486,4.118059158325195,341500
2016-07-20,7.989999771118164,8.039999961853027,7.980000019073486,8.039999961853027,4.149020195007324,379200
2016-07-21,8.010000228881836,8.039999961853027,7.989999771118164,8.039999961853027,4.149020195007324,437000
2016-07-22,8.039999961853027,8.039999961853027,8.020000457763672,8.020000457763672,4.138700008392334,338200
2016-07-25,8.039999961853027,8.039999961853027,8.010000228881836,8.039999961853027,4.149020195007324,310800
2016-07-26,8.039999961853027,8.0600004196167,8.020000457763672,8.039999961853027,4.149020195007324,360900
2016-07-27,8.069999694824219,8.079999923706055,8.029999732971191,8.029999732971191,4.143861770629883,367900
2016-07-28,8.020000457763672,8.050000190734863,8.020000457763672,8.050000190734863,4.154182434082031,292500
2016-07-29,8.069999694824219,8.069999694824219,8.029999732971191,8.050000190734863,4.154182434082031,347300
2016-08-01,8.050000190734863,8.069999694824219,8.020000457763672,8.029999732971191,4.143861770629883,331700
2016-08-02,8.039999961853027,8.039999961853027,7.940000057220459,7.960000038146973,4.1077375411987305,332600
2016-08-03,7.96999979019165,7.989999771118164,7.929999828338623,7.980000019073486,4.118059158325195,344200
2016-08-04,8.0,8.039999961853027,7.980000019073486,8.029999732971191,4.143861770629883,455700
2016-08-05,8.029999732971191,8.079999923706055,8.029999732971191,8.0600004196167,4.159343719482422,367300
2016-08-08,8.079999923706055,8.09000015258789,8.0600004196167,8.069999694824219,4.1645026206970215,352800
2016-08-09,8.0600004196167,8.09000015258789,8.050000190734863,8.069999694824219,4.1645026206970215,307600
2016-08-10,8.09000015258789,8.09000015258789,8.039999961853027,8.039999961853027,4.149020195007324,448500
2016-08-11,8.010000228881836,8.039999961853027,7.989999771118164,8.039999961853027,4.173418045043945,332300
2016-08-12,8.039999961853027,8.039999961853027,8.010000228881836,8.010000228881836,4.157846927642822,225000
2016-08-15,8.039999961853027,8.039999961853027,8.020000457763672,8.029999732971191,4.1682257652282715,295400
2016-08-16,8.029999732971191,8.029999732971191,7.980000019073486,8.029999732971191,4.1682257652282715,355200
2016-08-17,8.050000190734863,8.079999923706055,8.029999732971191,8.079999923706055,4.194180965423584,373600
2016-08-18,8.079999923706055,8.100000381469727,8.050000190734863,8.069999694824219,4.188990116119385,292000
2016-08-19,8.069999694824219,8.069999694824219,8.039999961853027,8.050000190734863,4.178607940673828,262200
2016-08-22,8.050000190734863,8.0600004196167,8.029999732971191,8.050000190734863,4.178607940673828,266400
2016-08-23,8.09000015258789,8.09000015258789,8.020000457763672,8.029999732971191,4.1682257652282715,475200
2016-08-24,8.0600004196167,8.0600004196167,7.980000019073486,8.0,4.152654647827148,743700
2016-08-25,8.020000457763672,8.029999732971191,7.949999809265137,7.960000038146973,4.131891250610352,700500
2016-08-26,7.989999771118164,8.020000457763672,7.940000057220459,7.989999771118164,4.147463321685791,472500
2016-08-29,8.0,8.039999961853027,7.980000019073486,8.029999732971191,4.1682257652282715,275400
2016-08-30,8.039999961853027,8.050000190734863,8.020000457763672,8.039999961853027,4.173418045043945,497900
2016-08-31,8.050000190734863,8.0600004196167,8.010000228881836,8.039999961853027,4.173418045043945,512500
2016-09-01,8.020000457763672,8.050000190734863,7.96999979019165,8.0,4.152654647827148,367400
2016-09-02,8.010000228881836,8.050000190734863,8.010000228881836,8.039999961853027,4.173418045043945,264800
2016-09-06,8.039999961853027,8.079999923706055,8.029999732971191,8.069999694824219,4.188990116119385,309400
2016-09-07,8.069999694824219,8.069999694824219,8.020000457763672,8.0600004196167,4.183801651000977,349000
2016-09-08,8.029999732971191,8.0600004196167,8.020000457763672,8.050000190734863,4.178607940673828,308900
2016-09-09,8.010000228881836,8.010000228881836,7.849999904632568,7.849999904632568,4.074793338775635,668000
2016-09-12,7.840000152587891,7.96999979019165,7.800000190734863,7.96999979019165,4.137083053588867,402300
2016-09-13,7.880000114440918,7.880000114440918,7.769999980926514,7.809999942779541,4.07807731628418,428600
2016-09-14,7.820000171661377,7.829999923706055,7.760000228881836,7.78000020980835,4.062413692474365,343500
2016-09-15,7.75,7.880000114440918,7.75,7.860000133514404,4.104185104370117,358500
2016-09-16,7.849999904632568,7.849999904632568,7.800000190734863,7.849999904632568,4.098965644836426,310100
2016-09-19,7.849999904632568,7.889999866485596,7.829999923706055,7.829999923706055,4.088522434234619,332700
2016-09-20,7.880000114440918,7.880000114440918,7.840000152587891,7.860000133514404,4.104185104370117,377700
2016-09-21,7.900000095367432,7.929999828338623,7.860000133514404,7.929999828338623,4.140737533569336,328500
2016-09-22,7.960000038146973,8.010000228881836,7.949999809265137,8.0,4.17728853225708,514400
2016-09-23,7.96999979019165,7.96999979019165,7.940000057220459,7.949999809265137,4.15117883682251,248900
2016-09-26,7.920000076293945,7.920000076293945,7.849999904632568,7.849999904632568,4.098965644836426,399300
2016-09-27,7.869999885559082,7.889999866485596,7.840000152587891,7.889999866485596,4.119850158691406,483200
2016-09-28,7.889999866485596,7.909999847412109,7.869999885559082,7.900000095367432,4.125073432922363,527600
2016-09-29,7.710000038146973,7.929999828338623,7.710000038146973,7.860000133514404,4.104185104370117,546400
2016-09-30,7.909999847412109,7.920000076293945,7.889999866485596,7.889999866485596,4.119850158691406,433900
2016-10-03,7.900000095367432,7.920000076293945,7.840000152587891,7.840000152587891,4.093743801116943,502700
2016-10-04,7.849999904632568,7.860000133514404,7.789999961853027,7.789999961853027,4.067634105682373,647300
2016-10-05,7.820000171661377,7.860000133514404,7.789999961853027,7.829999923706055,4.088522434234619,511600
2016-10-06,7.829999923706055,7.860000133514404,7.820000171661377,7.840000152587891,4.093743801116943,320400
2016-10-07,7.860000133514404,7.869999885559082,7.820000171661377,7.840000152587891,4.093743801116943,453200
2016-10-10,7.849999904632568,7.889999866485596,7.849999904632568,7.869999885559082,4.109409332275391,210000
2016-10-11,7.869999885559082,7.869999885559082,7.78000020980835,7.789999961853027,4.067634105682373,301900
2016-10-12,7.760000228881836,7.789999961853027,7.739999771118164,7.739999771118164,4.06605863571167,302100
2016-10-13,7.679999828338623,7.699999809265137,7.510000228881836,7.639999866485596,4.013526439666748,1055700
2016-10-14,7.690000057220459,7.699999809265137,7.619999885559082,7.619999885559082,4.003018379211426,395200
2016-10-17,7.610000133514404,7.630000114440918,7.519999980926514,7.550000190734863,3.9662442207336426,595000
2016-10-18,7.599999904632568,7.650000095367432,7.599999904632568,7.650000095367432,4.018779277801514,344700
2016-10-19,7.659999847412109,7.710000038146973,7.639999866485596,7.690000057220459,4.039792537689209,371400
2016-10-20,7.659999847412109,7.699999809265137,7.650000095367432,7.690000057220459,4.039792537689209,257000
2016-10-21,7.659999847412109,7.710000038146973,7.639999866485596,7.699999809265137,4.0450439453125,309900
2016-10-24,7.699999809265137,7.739999771118164,7.699999809265137,7.710000038146973,4.050300598144531,304400
2016-10-25,7.710000038146973,7.739999771118164,7.690000057220459,7.730000019073486,4.060807228088379,239800
2016-10-26,7.730000019073486,7.769999980926514,7.71999979019165,7.75,4.071311950683594,516900
2016-10-27,7.789999961853027,7.800000190734863,7.699999809265137,7.710000038146973,4.050300598144531,260200
2016-10-28,7.690000057220459,7.730000019073486,7.659999847412109,7.699999809265137,4.0450439453125,313200
2016-10-31,7.730000019073486,7.730000019073486,7.690000057220459,7.71999979019165,4.055551052093506,427000
2016-11-01,7.679999828338623,7.71999979019165,7.610000133514404,7.619999885559082,4.003018379211426,501100
2016-11-02,7.559999942779541,7.630000114440918,7.5,7.5,3.93997859954834,477200
2016-11-03,7.5,7.550000190734863,7.46999979019165,7.480000019073486,3.9294726848602295,301900
2016-11-04,7.480000019073486,7.5,7.420000076293945,7.420000076293945,3.8979549407958984,430800
2016-11-07,7.480000019073486,7.590000152587891,7.480000019073486,7.579999923706055,3.982006072998047,437900
2016-11-08,7.590000152587891,7.639999866485596,7.559999942779541,7.590000152587891,3.987260341644287,377400
2016-11-09,7.489999771118164,7.710000038146973,7.480000019073486,7.710000038146973,4.050300598144531,487400
2016-11-10,7.71999979019165,7.789999961853027,7.650000095367432,7.769999980926514,4.10685396194458,432900
2016-11-11,7.739999771118164,7.769999980926514,7.690000057220459,7.75,4.096282482147217,265400
2016-11-14,7.820000171661377,7.860000133514404,7.75,7.800000190734863,4.122710704803467,623700
2016-11-15,7.769999980926514,7.900000095367432,7.769999980926514,7.900000095367432,4.175564765930176,400000
2016-11-16,7.880000114440918,7.960000038146973,7.840000152587891,7.940000057220459,4.196709156036377,481900
2016-11-17,7.920000076293945,8.0,7.920000076293945,7.929999828338623,4.1914238929748535,294100
2016-11-18,7.960000038146973,7.980000019073486,7.880000114440918,7.880000114440918,4.164993762969971,789500
2016-11-21,7.940000057220459,7.949999809265137,7.900000095367432,7.909999847412109,4.180850982666016,576200
2016-11-22,7.960000038146973,8.0,7.940000057220459,7.989999771118164,4.223135471343994,421000
2016-11-23,7.960000038146973,8.010000228881836,7.960000038146973,7.989999771118164,4.223135471343994,315900
2016-11-25,8.0,8.050000190734863,7.989999771118164,8.029999732971191,4.244278907775879,213300
2016-11-28,8.029999732971191,8.039999961853027,7.989999771118164,8.0,4.228421688079834,301200
2016-11-29,7.989999771118164,8.029999732971191,7.940000057220459,7.960000038146973,4.207279682159424,604700
2016-11-30,8.029999732971191,8.050000190734863,7.980000019073486,7.989999771118164,4.223135471343994,523800
2016-12-01,7.989999771118164,8.050000190734863,7.980000019073486,8.010000228881836,4.233706474304199,463800
2016-12-02,8.0,8.050000190734863,7.980000019073486,7.980000019073486,4.217851638793945,372300
2016-12-05,8.029999732971191,8.039999961853027,7.989999771118164,7.989999771118164,4.223135471343994,541100
2016-12-06,7.989999771118164,8.050000190734863,7.980000019073486,8.050000190734863,4.254849910736084,410000
2016-12-07,8.010000228881836,8.100000381469727,8.010000228881836,8.100000381469727,4.281278133392334,487100
2016-12-08,8.109999656677246,8.109999656677246,8.029999732971191,8.079999923706055,4.270706653594971,607000
2016-12-09,8.069999694824219,8.100000381469727,8.050000190734863,8.100000381469727,4.281278133392334,592700
2016-12-12,8.109999656677246,8.119999885559082,8.079999923706055,8.119999885559082,4.291848182678223,528100
2016-12-13,8.130000114440918,8.1899995803833,8.109999656677246,8.180000305175781,4.323561668395996,586500
2016-12-14,8.149999618530273,8.15999984741211,8.109999656677246,8.149999618530273,4.307703971862793,542200
2016-12-15,8.119999885559082,8.170000076293945,8.09000015258789,8.119999885559082,4.316740989685059,627000
2016-12-16,8.15999984741211,8.170000076293945,8.130000114440918,8.149999618530273,4.332687854766846,570400
2016-12-19,8.15999984741211,8.170000076293945,8.130000114440918,8.140000343322754,4.327374458312988,230100
2016-12-20,8.149999618530273,8.210000038146973,8.149999618530273,8.180000305175781,4.348639011383057,406700
2016-12-21,8.180000305175781,8.229999542236328,8.170000076293945,8.199999809265137,4.359272003173828,356000
2016-12-22,8.199999809265137,8.239999771118164,8.170000076293945,8.170000076293945,4.34332275390625,439200
2016-12-23,8.199999809265137,8.220000267028809,8.170000076293945,8.199999809265137,4.359272003173828,308100
2016-12-27,8.229999542236328,8.25,8.210000038146973,8.220000267028809,4.369905948638916,282600
2016-12-28,8.239999771118164,8.239999771118164,8.069999694824219,8.100000381469727,4.306110382080078,819500
2016-12-29,8.100000381469727,8.140000343322754,8.0600004196167,8.100000381469727,4.306110382080078,469600
2016-12-30,8.149999618530273,8.170000076293945,8.100000381469727,8.149999618530273,4.332687854766846,432400
2017-01-03,8.149999618530273,8.199999809265137,8.140000343322754,8.180000305175781,4.348639011383057,441800
2017-01-04,8.15999984741211,8.260000228881836,8.149999618530273,8.210000038146973,4.364587783813477,607200
2017-01-05,8.149999618530273,8.199999809265137,8.130000114440918,8.180000305175781,4.348639011383057,676700
2017-01-06,8.1899995803833,8.239999771118164,8.1899995803833,8.220000267028809,4.369905948638916,319800
2017-01-09,8.199999809265137,8.220000267028809,8.180000305175781,8.180000305175781,4.348639011383057,362900
2017-01-10,8.210000038146973,8.210000038146973,8.1899995803833,8.1899995803833,4.353954315185547,319800
2017-01-11,8.170000076293945,8.199999809265137,8.130000114440918,8.170000076293945,4.368391513824463,415300
2017-01-12,8.15999984741211,8.1899995803833,8.140000343322754,8.149999618530273,4.357696056365967,435300
2017-01-13,8.170000076293945,8.210000038146973,8.170000076293945,8.1899995803833,4.379085540771484,294600
2017-01-17,8.180000305175781,8.210000038146973,8.15999984741211,8.170000076293945,4.368391513824463,512800
2017-01-18,8.15999984741211,8.199999809265137,8.149999618530273,8.180000305175781,4.373739242553711,319700
2017-01-19,8.180000305175781,8.199999809265137,8.15999984741211,8.199999809265137,4.384432792663574,347500
2017-01-20,8.1899995803833,8.199999809265137,8.170000076293945,8.180000305175781,4.373739242553711,273500
2017-01-23,8.1899995803833,8.1899995803833,8.149999618530273,8.180000305175781,4.373739242553711,320100
2017-01-24,8.180000305175781,8.1899995803833,8.130000114440918,8.1899995803833,4.379085540771484,445300
2017-01-25,8.229999542236328,8.260000228881836,8.210000038146973,8.260000228881836,4.416513919830322,381000
2017-01-26,8.239999771118164,8.279999732971191,8.239999771118164,8.260000228881836,4.416513919830322,380500
2017-01-27,8.260000228881836,8.270000457763672,8.210000038146973,8.239999771118164,4.405821323394775,374700
2017-01-30,8.239999771118164,8.260000228881836,8.180000305175781,8.239999771118164,4.405821323394775,540400
2017-01-31,8.239999771118164,8.260000228881836,8.199999809265137,8.260000228881836,4.416513919830322,446000
2017-02-01,8.260000228881836,8.300000190734863,8.25,8.289999961853027,4.432554721832275,412800
2017-02-02,8.25,8.279999732971191,8.239999771118164,8.270000457763672,4.421861171722412,351900
2017-02-03,8.279999732971191,8.3100004196167,8.270000457763672,8.3100004196167,4.4432477951049805,446600
2017-02-06,8.300000190734863,8.3100004196167,8.279999732971191,8.3100004196167,4.4432477951049805,279200
2017-02-07,8.300000190734863,8.34000015258789,8.210000038146973,8.239999771118164,4.405821323394775,791800
2017-02-08,8.260000228881836,8.270000457763672,8.220000267028809,8.270000457763672,4.421861171722412,533700
2017-02-09,8.300000190734863,8.350000381469727,8.270000457763672,8.34000015258789,4.459287166595459,549300
2017-02-10,8.350000381469727,8.399999618530273,8.319999694824219,8.399999618530273,4.491369247436523,553200
2017-02-13,8.380000114440918,8.390000343322754,8.359999656677246,8.359999656677246,4.495133876800537,495300
2017-02-14,8.359999656677246,8.390000343322754,8.34000015258789,8.369999885559082,4.500513076782227,370400
2017-02-15,8.369999885559082,8.420000076293945,8.369999885559082,8.390000343322754,4.511266231536865,482300
2017-02-16,8.399999618530273,8.40999984741211,8.359999656677246,8.390000343322754,4.511266231536865,444200
2017-02-17,8.380000114440918,8.380000114440918,8.350000381469727,8.350000381469727,4.489758014678955,313400
2017-02-21,8.359999656677246,8.399999618530273,8.350000381469727,8.399999618530273,4.516641139984131,442000
2017-02-22,8.359999656677246,8.40999984741211,8.350000381469727,8.40999984741211,4.522017002105713,507100
2017-02-23,8.420000076293945,8.449999809265137,8.380000114440918,8.449999809265137,4.543525218963623,397600
2017-02-24,8.430000305175781,8.430000305175781,8.369999885559082,8.40999984741211,4.522017002105713,498600
2017-02-27,8.390000343322754,8.420000076293945,8.380000114440918,8.40999984741211,4.522017002105713,506600
2017-02-28,8.430000305175781,8.449999809265137,8.40999984741211,8.449999809265137,4.543525218963623,461800
2017-03-01,8.489999771118164,8.569999694824219,8.470000267028809,8.550000190734863,4.59729528427124,794000
2017-03-02,8.550000190734863,8.600000381469727,8.470000267028809,8.470000267028809,4.554281234741211,387700
2017-03-03,8.470000267028809,8.489999771118164,8.449999809265137,8.489999771118164,4.565033435821533,305500
2017-03-06,8.479999542236328,8.489999771118164,8.4399995803833,8.460000038146973,4.548904895782471,355000
2017-03-07,8.4399995803833,8.479999542236328,8.420000076293945,8.4399995803833,4.538149356842041,268900
2017-03-08,8.449999809265137,8.470000267028809,8.359999656677246,8.359999656677246,4.495133876800537,460800
2017-03-09,8.34000015258789,8.390000343322754,8.3100004196167,8.369999885559082,4.500513076782227,501700
2017-03-10,8.399999618530273,8.460000038146973,8.390000343322754,8.460000038146973,4.548904895782471,381800
2017-03-13,8.430000305175781,8.430000305175781,8.380000114440918,8.40999984741211,4.547280788421631,327700
2017-03-14,8.369999885559082,8.390000343322754,8.3100004196167,8.34000015258789,4.509432792663574,347600
2017-03-15,8.359999656677246,8.40999984741211,8.329999923706055,8.40999984741211,4.547280788421631,401800
2017-03-16,8.40999984741211,8.460000038146973,8.399999618530273,8.430000305175781,4.558094501495361,504600
2017-03-17,8.460000038146973,8.510000228881836,8.430000305175781,8.460000038146973,4.574315547943115,638500
2017-03-20,8.460000038146973,8.489999771118164,8.460000038146973,8.460000038146973,4.574315547943115,290900
2017-03-21,8.479999542236328,8.5,8.369999885559082,8.390000343322754,4.536465167999268,528100
2017-03-22,8.350000381469727,8.399999618530273,8.319999694824219,8.380000114440918,4.53106164932251,614100
2017-03-23,8.359999656677246,8.470000267028809,8.34000015258789,8.420000076293945,4.552688121795654,871600
2017-03-24,8.430000305175781,8.460000038146973,8.399999618530273,8.4399995803833,4.563501834869385,480000
2017-03-27,8.390000343322754,8.399999618530273,8.329999923706055,8.34000015258789,4.509432792663574,784600
2017-03-28,8.350000381469727,8.489999771118164,8.34000015258789,8.489999771118164,4.590537071228027,550300
2017-03-29,8.470000267028809,8.520000457763672,8.460000038146973,8.510000228881836,4.601352691650391,342700
2017-03-30,8.5,8.529999732971191,8.479999542236328,8.510000228881836,4.601352691650391,439600
2017-03-31,8.539999961853027,8.579999923706055,8.520000457763672,8.550000190734863,4.622981548309326,598700
2017-04-03,8.5600004196167,8.5600004196167,8.489999771118164,8.489999771118164,4.590537071228027,474500
2017-04-04,8.430000305175781,8.5,8.40999984741211,8.489999771118164,4.590537071228027,652700
2017-04-05,8.529999732971191,8.569999694824219,8.489999771118164,8.489999771118164,4.590537071228027,405000
2017-04-06,8.489999771118164,8.529999732971191,8.470000267028809,8.470000267028809,4.579723834991455,406400
2017-04-07,8.479999542236328,8.520000457763672,8.479999542236328,8.489999771118164,4.590537071228027,471000
2017-04-10,8.5,8.539999961853027,8.489999771118164,8.489999771118164,4.590537071228027,454200
2017-04-11,8.449999809265137,8.479999542236328,8.430000305175781,8.460000038146973,4.599780559539795,323000
2017-04-12,8.4399995803833,8.5,8.4399995803833,8.470000267028809,4.605214595794678,416000
2017-04-13,8.460000038146973,8.5,8.4399995803833,8.4399995803833,4.588904857635498,344500
2017-04-17,8.430000305175781,8.449999809265137,8.399999618530273,8.40999984741211,4.572595119476318,608900
2017-04-18,8.40999984741211,8.449999809265137,8.399999618530273,8.40999984741211,4.572595119476318,455500
2017-04-19,8.4399995803833,8.470000267028809,8.420000076293945,8.430000305175781,4.583470344543457,345200
2017-04-20,8.449999809265137,8.510000228881836,8.430000305175781,8.5,4.621530055999756,400700
2017-04-21,8.510000228881836,8.520000457763672,8.479999542236328,8.520000457763672,4.6324028968811035,397200
2017-04-24,8.569999694824219,8.600000381469727,8.550000190734863,8.569999694824219,4.65958833694458,441400
2017-04-25,8.579999923706055,8.630000114440918,8.5600004196167,8.609999656677246,4.681335926055908,448600
2017-04-26,8.59000015258789,8.640000343322754,8.59000015258789,8.600000381469727,4.675898551940918,394100
2017-04-27,8.600000381469727,8.680000305175781,8.600000381469727,8.670000076293945,4.7139573097229,512400
2017-04-28,8.6899995803833,8.720000267028809,8.680000305175781,8.699999809265137,4.7302703857421875,570000
2017-05-01,8.739999771118164,8.739999771118164,8.699999809265137,8.739999771118164,4.752017974853516,646800
2017-05-02,8.720000267028809,8.739999771118164,8.6899995803833,8.699999809265137,4.7302703857421875,443200
2017-05-03,8.710000038146973,8.720000267028809,8.699999809265137,8.699999809265137,4.7302703857421875,301700
2017-05-04,8.720000267028809,8.729999542236328,8.670000076293945,8.670000076293945,4.7139573097229,401600
2017-05-05,8.680000305175781,8.729999542236328,8.680000305175781,8.720000267028809,4.74114465713501,314800
2017-05-08,8.729999542236328,8.739999771118164,8.699999809265137,8.720000267028809,4.74114465713501,473800
2017-05-09,8.729999542236328,8.739999771118164,8.699999809265137,8.720000267028809,4.74114465713501,387200
2017-05-10,8.699999809265137,8.720000267028809,8.670000076293945,8.670000076293945,4.7139573097229,599100
2017-05-11,8.609999656677246,8.65999984741211,8.609999656677246,8.630000114440918,4.717785358428955,335100
2017-05-12,8.640000343322754,8.649999618530273,8.59000015258789,8.619999885559082,4.71231746673584,560900
2017-05-15,8.640000343322754,8.670000076293945,8.619999885559082,8.640000343322754,4.723254203796387,344600
2017-05-16,8.65999984741211,8.670000076293945,8.630000114440918,8.630000114440918,4.717785358428955,559600
2017-05-17,8.59000015258789,8.609999656677246,8.5,8.5,4.646719932556152,509700
2017-05-18,8.489999771118164,8.550000190734863,8.470000267028809,8.539999961853027,4.668584823608398,462700
2017-05-19,8.5600004196167,8.630000114440918,8.5600004196167,8.609999656677246,4.706851959228516,418000
2017-05-22,8.630000114440918,8.65999984741211,8.619999885559082,8.649999618530273,4.72871732711792,390500
2017-05-23,8.65999984741211,8.710000038146973,8.649999618530273,8.680000305175781,4.745118618011475,474900
2017-05-24,8.699999809265137,8.75,8.6899995803833,8.75,4.783385753631592,348400
2017-05-25,8.729999542236328,8.789999961853027,8.729999542236328,8.729999542236328,4.772453308105469,456400
2017-05-26,8.720000267028809,8.75,8.640000343322754,8.640000343322754,4.723254203796387,597600
2017-05-30,8.649999618530273,8.729999542236328,8.649999618530273,8.6899995803833,4.750586032867432,365900
2017-05-31,8.729999542236328,8.739999771118164,8.670000076293945,8.720000267028809,4.76698637008667,476900
2017-06-01,8.729999542236328,8.75,8.680000305175781,8.720000267028809,4.76698637008667,522400
2017-06-02,8.710000038146973,8.789999961853027,8.710000038146973,8.75,4.783385753631592,373200
2017-06-05,8.75,8.779999732971191,8.729999542236328,8.770000457763672,4.794320106506348,231100
2017-06-06,8.739999771118164,8.770000457763672,8.720000267028809,8.760000228881836,4.7888569831848145,391700
2017-06-07,8.75,8.789999961853027,8.729999542236328,8.75,4.783385753631592,439600
2017-06-08,8.760000228881836,8.770000457763672,8.699999809265137,8.760000228881836,4.7888569831848145,511800
2017-06-09,8.760000228881836,8.779999732971191,8.739999771118164,8.760000228881836,4.7888569831848145,335100
2017-06-12,8.770000457763672,8.819999694824219,8.770000457763672,8.800000190734863,4.810720443725586,476300
2017-06-13,8.779999732971191,8.800000190734863,8.770000457763672,8.800000190734863,4.83655309677124,337500
2017-06-14,8.789999961853027,8.800000190734863,8.75,8.770000457763672,4.820065975189209,385900
2017-06-15,8.739999771118164,8.770000457763672,8.710000038146973,8.720000267028809,4.792582988739014,358100
2017-06-16,8.729999542236328,8.789999961853027,8.710000038146973,8.770000457763672,4.820065975189209,272200
2017-06-19,8.8100004196167,8.8100004196167,8.770000457763672,8.800000190734863,4.83655309677124,290100
2017-06-20,8.800000190734863,8.819999694824219,8.75,8.779999732971191,4.825561046600342,384000
2017-06-21,8.789999961853027,8.789999961853027,8.6899995803833,8.720000267028809,4.792582988739014,391600
2017-06-22,8.739999771118164,8.739999771118164,8.649999618530273,8.680000305175781,4.770600318908691,556300
2017-06-23,8.680000305175781,8.770000457763672,8.670000076293945,8.760000228881836,4.814567565917969,293100
2017-06-26,8.760000228881836,8.8100004196167,8.729999542236328,8.779999732971191,4.825561046600342,508300
2017-06-27,8.779999732971191,8.800000190734863,8.760000228881836,8.789999961853027,4.831057548522949,423400
2017-06-28,8.800000190734863,8.84000015258789,8.800000190734863,8.8100004196167,4.842047214508057,450700
2017-06-29,8.84000015258789,8.850000381469727,8.710000038146973,8.75,4.8090715408325195,523100
2017-06-30,8.800000190734863,8.84000015258789,8.789999961853027,8.800000190734863,4.83655309677124,555300
2017-07-03,8.829999923706055,8.899999618530273,8.819999694824219,8.899999618530273,4.891511917114258,218700
2017-07-05,8.869999885559082,8.920000076293945,8.819999694824219,8.920000076293945,4.902506351470947,501200
2017-07-06,8.890000343322754,8.890000343322754,8.779999732971191,8.819999694824219,4.847543716430664,568900
2017-07-07,8.850000381469727,8.869999885559082,8.8100004196167,8.859999656677246,4.869528770446777,404500
2017-07-10,8.850000381469727,8.869999885559082,8.800000190734863,8.869999885559082,4.875025749206543,411200
2017-07-11,8.850000381469727,8.920000076293945,8.819999694824219,8.920000076293945,4.902506351470947,351900
2017-07-12,8.890000343322754,8.949999809265137,8.890000343322754,8.949999809265137,4.945050239562988,454200
2017-07-13,8.920000076293945,8.949999809265137,8.90999984741211,8.949999809265137,4.945050239562988,388900
2017-07-14,8.920000076293945,8.9399995803833,8.84000015258789,8.890000343322754,4.911896228790283,1159500
2017-07-17,8.880000114440918,8.890000343322754,8.819999694824219,8.84000015258789,4.884273052215576,705000
2017-07-18,8.829999923706055,8.869999885559082,8.819999694824219,8.859999656677246,4.895322799682617,315000
2017-07-19,8.880000114440918,8.930000305175781,8.880000114440918,8.920000076293945,4.928474426269531,311900
2017-07-20,8.930000305175781,8.930000305175781,8.890000343322754,8.930000305175781,4.933999538421631,203600
2017-07-21,8.920000076293945,8.930000305175781,8.880000114440918,8.90999984741211,4.922948837280273,226100
2017-07-24,8.930000305175781,8.930000305175781,8.880000114440918,8.930000305175781,4.933999538421631,290000
2017-07-25,8.930000305175781,9.0,8.930000305175781,8.960000038146973,4.950573444366455,350400
2017-07-26,8.949999809265137,9.010000228881836,8.949999809265137,8.970000267028809,4.956099033355713,364300
2017-07-27,8.970000267028809,9.0,8.899999618530273,8.90999984741211,4.922948837280273,350300
2017-07-28,8.890000343322754,8.9399995803833,8.859999656677246,8.890000343322754,4.911896228790283,421600
2017-07-31,8.9399995803833,8.979999542236328,8.920000076293945,8.970000267028809,4.956099033355713,501900
2017-08-01,8.989999771118164,9.0,8.949999809265137,8.960000038146973,4.950573444366455,352300
2017-08-02,8.949999809265137,8.979999542236328,8.930000305175781,8.970000267028809,4.956099033355713,353000
2017-08-03,8.979999542236328,8.989999771118164,8.930000305175781,8.949999809265137,4.945050239562988,290100
2017-08-04,8.960000038146973,9.0,8.930000305175781,8.960000038146973,4.950573444366455,279700
2017-08-07,8.970000267028809,9.020000457763672,8.949999809265137,9.010000228881836,4.978200912475586,341000
2017-08-08,9.0,9.039999961853027,8.979999542236328,8.979999542236328,4.961623668670654,378800
2017-08-09,8.970000267028809,8.979999542236328,8.90999984741211,8.930000305175781,4.933999538421631,465600
2017-08-10,8.90999984741211,8.920000076293945,8.609999656677246,8.6899995803833,4.801394462585449,719200
2017-08-11,8.59000015258789,8.729999542236328,8.489999771118164,8.710000038146973,4.838613986968994,852300
2017-08-14,8.789999961853027,8.829999923706055,8.760000228881836,8.819999694824219,4.899722099304199,334700
2017-08-15,8.819999694824219,8.850000381469727,8.789999961853027,8.8100004196167,4.8941650390625,498700
2017-08-16,8.819999694824219,8.869999885559082,8.8100004196167,8.84000015258789,4.910831928253174,348800
2017-08-17,8.829999923706055,8.829999923706055,8.729999542236328,8.739999771118164,4.855279922485352,425300
2017-08-18,8.720000267028809,8.770000457763672,8.680000305175781,8.720000267028809,4.844168663024902,313400
2017-08-21,8.699999809265137,8.760000228881836,8.680000305175781,8.720000267028809,4.844168663024902,284100
2017-08-22,8.739999771118164,8.819999694824219,8.729999542236328,8.8100004196167,4.8941650390625,325000
2017-08-23,8.789999961853027,8.800000190734863,8.739999771118164,8.75,4.860833644866943,462600
2017-08-24,8.760000228881836,8.779999732971191,8.720000267028809,8.720000267028809,4.844168663024902,258800
2017-08-25,8.75,8.800000190734863,8.739999771118164,8.75,4.860833644866943,229600
2017-08-28,8.770000457763672,8.800000190734863,8.720000267028809,8.770000457763672,4.871945381164551,332000
2017-08-29,8.729999542236328,8.800000190734863,8.720000267028809,8.779999732971191,4.877500534057617,232100
2017-08-30,8.760000228881836,8.8100004196167,8.760000228881836,8.789999961853027,4.883056640625,308200
2017-08-31,8.829999923706055,8.84000015258789,8.789999961853027,8.84000015258789,4.910831928253174,381000
2017-09-01,8.850000381469727,8.899999618530273,8.8100004196167,8.859999656677246,4.921942234039307,201500
2017-09-05,8.859999656677246,8.880000114440918,8.779999732971191,8.789999961853027,4.883056640625,331900
2017-09-06,8.829999923706055,8.859999656677246,8.8100004196167,8.84000015258789,4.910831928253174,309300
2017-09-07,8.880000114440918,8.899999618530273,8.819999694824219,8.829999923706055,4.90527868270874,401000
2017-09-08,8.829999923706055,8.880000114440918,8.8100004196167,8.850000381469727,4.916388511657715,245600
2017-09-11,8.890000343322754,8.899999618530273,8.859999656677246,8.890000343322754,4.938608169555664,274600
2017-09-12,8.899999618530273,8.960000038146973,8.890000343322754,8.949999809265137,4.97194242477417,360600
2017-09-13,8.9399995803833,8.989999771118164,8.930000305175781,8.989999771118164,4.994161605834961,229600
2017-09-14,8.9399995803833,8.960000038146973,8.90999984741211,8.930000305175781,4.98690128326416,251400
2017-09-15,8.899999618530273,8.949999809265137,8.880000114440918,8.899999618530273,4.97014856338501,362700
2017-09-18,8.899999618530273,8.9399995803833,8.899999618530273,8.9399995803833,4.992483139038086,303100
2017-09-19,8.920000076293945,8.989999771118164,8.920000076293945,8.970000267028809,5.009239196777344,336000
2017-09-20,8.989999771118164,8.989999771118164,8.920000076293945,8.989999771118164,5.020408630371094,516800
2017-09-21,8.970000267028809,9.0,8.960000038146973,8.979999542236328,5.0148234367370605,295900
2017-09-22,8.979999542236328,9.020000457763672,8.970000267028809,9.010000228881836,5.0315752029418945,306300
2017-09-25,9.0,9.020000457763672,8.979999542236328,9.020000457763672,5.037160873413086,372500
2017-09-26,9.010000228881836,9.029999732971191,9.0,9.0,5.025990009307861,262700
2017-09-27,9.029999732971191,9.0600004196167,8.960000038146973,9.020000457763672,5.037160873413086,574800
2017-09-28,8.989999771118164,9.039999961853027,8.989999771118164,9.039999961853027,5.048330307006836,320200
2017-09-29,9.050000190734863,9.079999923706055,9.029999732971191,9.069999694824219,5.065082550048828,613100
2017-10-02,9.069999694824219,9.100000381469727,9.069999694824219,9.079999923706055,5.070667266845703,270600
2017-10-03,9.09000015258789,9.130000114440918,9.079999923706055,9.130000114440918,5.09859037399292,276700
2017-10-04,9.100000381469727,9.140000343322754,9.069999694824219,9.119999885559082,5.093005657196045,343300
2017-10-05,9.140000343322754,9.170000076293945,9.100000381469727,9.140000343322754,5.104172706604004,320900
2017-10-06,9.15999984741211,9.170000076293945,9.140000343322754,9.149999618530273,5.1097588539123535,200500
2017-10-09,9.170000076293945,9.199999809265137,9.130000114440918,9.130000114440918,5.09859037399292,305700
2017-10-10,9.170000076293945,9.199999809265137,9.149999618530273,9.15999984741211,5.115342617034912,294300
2017-10-11,9.180000305175781,9.180000305175781,9.119999885559082,9.119999885559082,5.093005657196045,374500
2017-10-12,9.109999656677246,9.149999618530273,9.100000381469727,9.119999885559082,5.093005657196045,287000
2017-10-13,9.100000381469727,9.119999885559082,9.069999694824219,9.069999694824219,5.0913214683532715,150600
2017-10-16,9.050000190734863,9.079999923706055,9.029999732971191,9.0600004196167,5.085709571838379,452000
2017-10-17,9.050000190734863,9.130000114440918,9.010000228881836,9.109999656677246,5.113774299621582,477000
2017-10-18,9.119999885559082,9.149999618530273,9.109999656677246,9.119999885559082,5.119389057159424,375700
2017-10-19,9.100000381469727,9.130000114440918,9.079999923706055,9.130000114440918,5.125001907348633,267100
2017-10-20,9.130000114440918,9.15999984741211,9.119999885559082,9.140000343322754,5.130613803863525,316800
2017-10-23,9.149999618530273,9.25,9.140000343322754,9.239999771118164,5.186748504638672,1324900
2017-10-24,9.25,9.3100004196167,9.25,9.270000457763672,5.203587055206299,1126600
2017-10-25,9.279999732971191,9.289999961853027,9.180000305175781,9.199999809265137,5.164295673370361,902600
2017-10-26,9.220000267028809,9.25,9.149999618530273,9.170000076293945,5.147454738616943,395300
2017-10-27,9.199999809265137,9.220000267028809,9.1899995803833,9.199999809265137,5.164295673370361,487500
2017-10-30,9.1899995803833,9.210000038146973,9.15999984741211,9.180000305175781,5.153067111968994,308100
2017-10-31,9.220000267028809,9.229999542236328,9.199999809265137,9.229999542236328,5.181133270263672,354100
2017-11-01,9.25,9.279999732971191,9.239999771118164,9.25,5.192362308502197,347800
2017-11-02,9.229999542236328,9.25,9.180000305175781,9.1899995803833,5.158680438995361,407100
2017-11-03,9.1899995803833,9.229999542236328,9.180000305175781,9.229999542236328,5.181133270263672,395900
2017-11-06,9.239999771118164,9.260000228881836,9.199999809265137,9.199999809265137,5.164295673370361,334600
2017-11-07,9.229999542236328,9.25,9.199999809265137,9.239999771118164,5.186748504638672,293900
2017-11-08,9.220000267028809,9.229999542236328,9.15999984741211,9.170000076293945,5.147454738616943,310800
2017-11-09,9.149999618530273,9.149999618530273,9.039999961853027,9.079999923706055,5.096933841705322,493800
2017-11-10,9.0600004196167,9.079999923706055,9.050000190734863,9.050000190734863,5.080092430114746,359100
2017-11-13,9.050000190734863,9.069999694824219,9.010000228881836,9.029999732971191,5.0688676834106445,332800
2017-11-14,8.920000076293945,8.949999809265137,8.850000381469727,8.859999656677246,4.999460697174072,443600
2017-11-15,8.8100004196167,8.890000343322754,8.760000228881836,8.880000114440918,5.010745048522949,573300
2017-11-16,8.899999618530273,8.9399995803833,8.84000015258789,8.869999885559082,5.005105495452881,837300
2017-11-17,8.859999656677246,8.899999618530273,8.859999656677246,8.869999885559082,5.005105495452881,288100
2017-11-20,8.899999618530273,8.949999809265137,8.880000114440918,8.949999809265137,5.050248622894287,290500
2017-11-21,8.970000267028809,8.989999771118164,8.9399995803833,8.960000038146973,5.05588960647583,447700
2017-11-22,8.989999771118164,9.010000228881836,8.970000267028809,9.0,5.078458309173584,309900
2017-11-24,9.010000228881836,9.050000190734863,9.010000228881836,9.039999961853027,5.101032257080078,82600
2017-11-27,9.020000457763672,9.020000457763672,8.949999809265137,8.970000267028809,5.061532020568848,352200
2017-11-28,8.979999542236328,9.039999961853027,8.960000038146973,9.029999732971191,5.095388889312744,337600
2017-11-29,9.050000190734863,9.079999923706055,9.020000457763672,9.050000190734863,5.106672286987305,426300
2017-11-30,9.100000381469727,9.140000343322754,9.069999694824219,9.130000114440918,5.151817798614502,400800
2017-12-01,9.140000343322754,9.140000343322754,9.029999732971191,9.119999885559082,5.146173477172852,351200
2017-12-04,9.170000076293945,9.170000076293945,9.109999656677246,9.109999656677246,5.140530586242676,494800
2017-12-05,9.119999885559082,9.149999618530273,9.109999656677246,9.149999618530273,5.163101673126221,278100
2017-12-06,9.130000114440918,9.149999618530273,9.09000015258789,9.100000381469727,5.134889125823975,333700
2017-12-07,9.09000015258789,9.119999885559082,9.0600004196167,9.079999923706055,5.123602390289307,283900
2017-12-08,9.09000015258789,9.130000114440918,9.039999961853027,9.069999694824219,5.117959499359131,376400
2017-12-11,9.100000381469727,9.149999618530273,9.100000381469727,9.149999618530273,5.163101673126221,344400
2017-12-12,9.15999984741211,9.199999809265137,9.149999618530273,9.1899995803833,5.185670852661133,320300
2017-12-13,9.180000305175781,9.229999542236328,9.180000305175781,9.199999809265137,5.191316604614258,283900
2017-12-14,9.220000267028809,9.220000267028809,9.119999885559082,9.140000343322754,5.157458305358887,319600
2017-12-15,9.079999923706055,9.130000114440918,9.079999923706055,9.09000015258789,5.155757904052734,380900
2017-12-18,9.109999656677246,9.180000305175781,9.100000381469727,9.109999656677246,5.167099952697754,754000
2017-12-19,9.119999885559082,9.149999618530273,9.100000381469727,9.140000343322754,5.184115886688232,295000
2017-12-20,9.140000343322754,9.170000076293945,9.119999885559082,9.119999885559082,5.1727728843688965,366600
2017-12-21,9.119999885559082,9.149999618530273,9.119999885559082,9.130000114440918,5.178446292877197,352900
2017-12-22,9.149999618530273,9.170000076293945,9.130000114440918,9.149999618530273,5.189788818359375,284500
2017-12-26,9.15999984741211,9.170000076293945,9.100000381469727,9.100000381469727,5.161430835723877,216100
2017-12-27,9.109999656677246,9.180000305175781,9.109999656677246,9.170000076293945,5.201132774353027,327500
2017-12-28,9.210000038146973,9.210000038146973,9.140000343322754,9.180000305175781,5.2068023681640625,334400
2017-12-29,9.220000267028809,9.239999771118164,9.199999809265137,9.229999542236328,5.235162734985352,433000
2018-01-02,9.25,9.25,9.199999809265137,9.220000267028809,5.229491710662842,531700
2018-01-03,9.25,9.270000457763672,9.199999809265137,9.25,5.246507167816162,364400
2018-01-04,9.260000228881836,9.329999923706055,9.25,9.3100004196167,5.2805399894714355,406600
2018-01-05,9.319999694824219,9.350000381469727,9.279999732971191,9.319999694824219,5.286213397979736,400000
2018-01-08,9.34000015258789,9.369999885559082,9.34000015258789,9.350000381469727,5.30322790145874,299000
2018-01-09,9.380000114440918,9.430000305175781,9.359999656677246,9.420000076293945,5.342930793762207,336300
2018-01-10,9.40999984741211,9.449999809265137,9.380000114440918,9.430000305175781,5.348602294921875,458300
2018-01-11,9.449999809265137,9.510000228881836,9.449999809265137,9.489999771118164,5.382631778717041,402700
2018-01-12,9.470000267028809,9.5,9.4399995803833,9.460000038146973,5.392322063446045,432500
2018-01-16,9.5,9.550000190734863,9.40999984741211,9.40999984741211,5.363821983337402,666400
2018-01-17,9.449999809265137,9.479999542236328,9.40999984741211,9.470000267028809,5.398024559020996,526100
2018-01-18,9.4399995803833,9.449999809265137,9.380000114440918,9.4399995803833,5.380923271179199,432200
2018-01-19,9.40999984741211,9.479999542236328,9.390000343322754,9.4399995803833,5.380923271179199,413800
2018-01-22,9.449999809265137,9.489999771118164,9.4399995803833,9.460000038146973,5.392322063446045,364600
2018-01-23,9.460000038146973,9.529999732971191,9.449999809265137,9.520000457763672,5.426522731781006,356700
2018-01-24,9.550000190734863,9.600000381469727,9.529999732971191,9.579999923706055,5.4607253074646,538900
2018-01-25,9.579999923706055,9.630000114440918,9.569999694824219,9.609999656677246,5.4778242111206055,362600
2018-01-26,9.640000343322754,9.649999618530273,9.59000015258789,9.619999885559082,5.483526229858398,336600
2018-01-29,9.59000015258789,9.640000343322754,9.539999961853027,9.569999694824219,5.455023288726807,457800
2018-01-30,9.539999961853027,9.539999961853027,9.399999618530273,9.399999618530273,5.358121871948242,572000
2018-01-31,9.460000038146973,9.529999732971191,9.4399995803833,9.489999771118164,5.409424304962158,537100
2018-02-01,9.470000267028809,9.529999732971191,9.449999809265137,9.510000228881836,5.420825004577637,406400
2018-02-02,9.449999809265137,9.5,9.279999732971191,9.329999923706055,5.318221092224121,471500
2018-02-05,9.199999809265137,9.25,8.029999732971191,8.859999656677246,5.050314426422119,2283900
2018-02-06,8.739999771118164,9.0600004196167,8.710000038146973,9.050000190734863,5.15861701965332,1075700
2018-02-07,9.039999961853027,9.15999984741211,9.039999961853027,9.079999923706055,5.175717353820801,508700
2018-02-08,9.079999923706055,9.079999923706055,8.760000228881836,8.770000457763672,4.999014854431152,696100
2018-02-09,8.84000015258789,8.90999984741211,8.640000343322754,8.890000343322754,5.067416191101074,762600
2018-02-12,8.960000038146973,9.029999732971191,8.90999984741211,9.0,5.130116939544678,490100
2018-02-13,8.989999771118164,9.0600004196167,8.930000305175781,9.050000190734863,5.15861701965332,320400
2018-02-14,8.979999542236328,9.119999885559082,8.960000038146973,9.109999656677246,5.21992826461792,376800
2018-02-15,9.140000343322754,9.1899995803833,9.109999656677246,9.180000305175781,5.260036945343018,353800
2018-02-16,9.170000076293945,9.220000267028809,9.130000114440918,9.15999984741211,5.248578071594238,405000
2018-02-20,9.130000114440918,9.170000076293945,9.069999694824219,9.100000381469727,5.214200019836426,333000
2018-02-21,9.100000381469727,9.170000076293945,9.100000381469727,9.100000381469727,5.214200019836426,194700
2018-02-22,9.109999656677246,9.130000114440918,9.029999732971191,9.069999694824219,5.197009563446045,303600
2018-02-23,9.100000381469727,9.15999984741211,9.09000015258789,9.149999618530273,5.242845058441162,252000
2018-02-26,9.180000305175781,9.239999771118164,9.170000076293945,9.229999542236328,5.288684844970703,265200
2018-02-27,9.229999542236328,9.239999771118164,9.130000114440918,9.149999618530273,5.242845058441162,370500
2018-02-28,9.149999618530273,9.180000305175781,9.100000381469727,9.119999885559082,5.2256574630737305,533300
2018-03-01,9.119999885559082,9.119999885559082,8.90999984741211,8.930000305175781,5.116791248321533,500300
2018-03-02,8.890000343322754,8.979999542236328,8.859999656677246,8.949999809265137,5.128251552581787,460900
2018-03-05,8.930000305175781,9.09000015258789,8.90999984741211,9.079999923706055,5.202736854553223,419700
2018-03-06,9.100000381469727,9.119999885559082,9.039999961853027,9.100000381469727,5.214200019836426,361700
2018-03-07,9.050000190734863,9.09000015258789,9.020000457763672,9.079999923706055,5.202736854553223,311500
2018-03-08,9.100000381469727,9.149999618530273,9.079999923706055,9.149999618530273,5.242845058441162,282700
2018-03-09,9.180000305175781,9.300000190734863,9.15999984741211,9.279999732971191,5.3173370361328125,504300
2018-03-12,9.279999732971191,9.289999961853027,9.199999809265137,9.220000267028809,5.282958984375,618200
2018-03-13,9.25,9.279999732971191,9.140000343322754,9.180000305175781,5.260036945343018,469600
2018-03-14,9.140000343322754,9.149999618530273,9.039999961853027,9.039999961853027,5.2064738273620605,269200
2018-03-15,9.0600004196167,9.109999656677246,9.0,9.010000228881836,5.1891961097717285,342800
2018-03-16,9.010000228881836,9.050000190734863,9.010000228881836,9.010000228881836,5.1891961097717285,403800
2018-03-19,9.0,9.010000228881836,8.869999885559082,8.949999809265137,5.154640197753906,409000
2018-03-20,8.960000038146973,9.020000457763672,8.949999809265137,8.989999771118164,5.177676677703857,424900
2018-03-21,8.970000267028809,9.010000228881836,8.9399995803833,8.989999771118164,5.177676677703857,330100
2018-03-22,8.960000038146973,8.960000038146973,8.800000190734863,8.819999694824219,5.079768657684326,602900
2018-03-23,8.819999694824219,8.819999694824219,8.670000076293945,8.680000305175781,4.999136924743652,680500
2018-03-26,8.720000267028809,8.770000457763672,8.65999984741211,8.710000038146973,5.016415119171143,897200
2018-03-27,8.729999542236328,8.829999923706055,8.600000381469727,8.640000343322754,4.976101875305176,653600
2018-03-28,8.640000343322754,8.729999542236328,8.630000114440918,8.680000305175781,4.999136924743652,621100
2018-03-29,8.710000038146973,8.779999732971191,8.6899995803833,8.729999542236328,5.027932167053223,798300
2018-04-02,8.710000038146973,8.720000267028809,8.489999771118164,8.529999732971191,4.912746906280518,1279100
2018-04-03,8.5600004196167,8.649999618530273,8.529999732971191,8.640000343322754,4.976101875305176,782100
2018-04-04,8.539999961853027,8.770000457763672,8.539999961853027,8.760000228881836,5.045212268829346,900600
2018-04-05,8.789999961853027,8.859999656677246,8.760000228881836,8.859999656677246,5.102805137634277,390700
2018-04-06,8.84000015258789,8.859999656677246,8.649999618530273,8.699999809265137,5.010656833648682,488500
2018-04-09,8.729999542236328,9.020000457763672,8.710000038146973,8.75,5.039450645446777,409500
2018-04-10,8.829999923706055,8.880000114440918,8.8100004196167,8.859999656677246,5.102805137634277,391200
2018-04-11,8.829999923706055,8.890000343322754,8.8100004196167,8.859999656677246,5.102805137634277,317600
2018-04-12,8.880000114440918,8.930000305175781,8.859999656677246,8.880000114440918,5.114323616027832,409100
2018-04-13,8.850000381469727,8.869999885559082,8.779999732971191,8.819999694824219,5.106797695159912,261000
2018-04-16,8.850000381469727,8.869999885559082,8.800000190734863,8.819999694824219,5.106797695159912,410300
2018-04-17,8.890000343322754,8.930000305175781,8.869999885559082,8.890000343322754,5.1473283767700195,520900
2018-04-18,8.899999618530273,8.90999984741211,8.859999656677246,8.869999885559082,5.135748863220215,350500
2018-04-19,8.869999885559082,8.890000343322754,8.84000015258789,8.859999656677246,5.129958152770996,317300
2018-04-20,8.890000343322754,8.890000343322754,8.800000190734863,8.8100004196167,5.1010050773620605,350200
2018-04-23,8.869999885559082,8.890000343322754,8.8100004196167,8.829999923706055,5.112587928771973,407200
2018-04-24,8.880000114440918,8.890000343322754,8.760000228881836,8.8100004196167,5.1010050773620605,406700
2018-04-25,8.800000190734863,8.850000381469727,8.75,8.829999923706055,5.112587928771973,217700
2018-04-26,8.869999885559082,8.930000305175781,8.869999885559082,8.930000305175781,5.1704888343811035,326300
2018-04-27,8.9399995803833,8.9399995803833,8.890000343322754,8.930000305175781,5.1704888343811035,329000
2018-04-30,9.010000228881836,9.039999961853027,8.930000305175781,8.9399995803833,5.176278114318848,752500
2018-05-01,8.9399995803833,8.9399995803833,8.84000015258789,8.90999984741211,5.158907890319824,326100
2018-05-02,8.880000114440918,8.899999618530273,8.819999694824219,8.819999694824219,5.106797695159912,339100
2018-05-03,8.819999694824219,8.829999923706055,8.699999809265137,8.829999923706055,5.112587928771973,410900
2018-05-04,8.850000381469727,8.979999542236328,8.789999961853027,8.960000038146973,5.187859058380127,1040800
2018-05-07,8.970000267028809,8.989999771118164,8.9399995803833,8.960000038146973,5.187859058380127,576000
2018-05-08,8.979999542236328,9.0,8.920000076293945,8.979999542236328,5.199438571929932,407600
2018-05-09,8.989999771118164,9.050000190734863,8.970000267028809,9.039999961853027,5.2341790199279785,368800
2018-05-10,9.050000190734863,9.170000076293945,9.050000190734863,9.149999618530273,5.2978668212890625,523700
2018-05-11,9.180000305175781,9.220000267028809,9.100000381469727,9.130000114440918,5.286287784576416,563200
2018-05-14,9.130000114440918,9.239999771118164,9.130000114440918,9.210000038146973,5.360200881958008,476800
2018-05-15,9.15999984741211,9.220000267028809,9.140000343322754,9.220000267028809,5.366023063659668,851300
2018-05-16,9.220000267028809,9.25,9.220000267028809,9.239999771118164,5.377660751342773,278100
2018-05-17,9.239999771118164,9.260000228881836,9.119999885559082,9.140000343322754,5.319461822509766,508400
2018-05-18,9.140000343322754,9.15999984741211,9.079999923706055,9.09000015258789,5.2903642654418945,745500
2018-05-21,9.149999618530273,9.210000038146973,9.149999618530273,9.199999809265137,5.354382514953613,413200
2018-05-22,9.239999771118164,9.270000457763672,9.229999542236328,9.239999771118164,5.377660751342773,347800
2018-05-23,9.220000267028809,9.260000228881836,9.199999809265137,9.210000038146973,5.360200881958008,367100
2018-05-24,9.210000038146973,9.229999542236328,9.180000305175781,9.199999809265137,5.354382514953613,329600
2018-05-25,9.199999809265137,9.220000267028809,9.149999618530273,9.170000076293945,5.3369221687316895,321700
2018-05-29,9.149999618530273,9.15999984741211,9.050000190734863,9.09000015258789,5.2903642654418945,373300
2018-05-30,9.130000114440918,9.220000267028809,9.109999656677246,9.149999618530273,5.325281620025635,684500
2018-05-31,9.149999618530273,9.180000305175781,9.130000114440918,9.15999984741211,5.331101894378662,462300
2018-06-01,9.199999809265137,9.210000038146973,9.130000114440918,9.170000076293945,5.3369221687316895,556800
2018-06-04,9.199999809265137,9.199999809265137,9.140000343322754,9.149999618530273,5.325281620025635,271500
2018-06-05,9.170000076293945,9.180000305175781,9.130000114440918,9.180000305175781,5.342741012573242,274900
2018-06-06,9.199999809265137,9.229999542236328,9.149999618530273,9.229999542236328,5.371840476989746,346500
2018-06-07,9.239999771118164,9.270000457763672,9.220000267028809,9.25,5.383481502532959,367200
2018-06-08,9.229999542236328,9.25,9.220000267028809,9.25,5.383481502532959,266800
2018-06-11,9.260000228881836,9.300000190734863,9.25,9.289999961853027,5.406759738922119,409300
2018-06-12,9.300000190734863,9.319999694824219,9.279999732971191,9.289999961853027,5.406759738922119,405800
2018-06-13,9.3100004196167,9.34000015258789,9.289999961853027,9.300000190734863,5.412581443786621,428700
2018-06-14,9.279999732971191,9.289999961853027,9.210000038146973,9.220000267028809,5.3932785987854,292900
2018-06-15,9.210000038146973,9.239999771118164,9.15999984741211,9.220000267028809,5.3932785987854,312600
2018-06-18,9.15999984741211,9.180000305175781,9.109999656677246,9.119999885559082,5.334783554077148,396100
2018-06-19,9.09000015258789,9.130000114440918,9.069999694824219,9.119999885559082,5.334783554077148,326200
2018-06-20,9.15999984741211,9.180000305175781,9.130000114440918,9.15999984741211,5.358181476593018,185700
2018-06-21,9.140000343322754,9.149999618530273,9.0600004196167,9.069999694824219,5.30553674697876,314900
2018-06-22,9.09000015258789,9.180000305175781,9.09000015258789,9.119999885559082,5.334783554077148,318700
2018-06-25,9.130000114440918,9.130000114440918,9.029999732971191,9.050000190734863,5.293835163116455,416200
2018-06-26,9.050000190734863,9.109999656677246,9.039999961853027,9.0600004196167,5.299687385559082,234000
2018-06-27,9.069999694824219,9.140000343322754,9.020000457763672,9.020000457763672,5.276288032531738,307600
2018-06-28,9.020000457763672,9.140000343322754,9.010000228881836,9.119999885559082,5.334783554077148,664700
2018-06-29,9.170000076293945,9.210000038146973,9.15999984741211,9.180000305175781,5.369879722595215,483800
2018-07-02,9.079999923706055,9.149999618530273,9.069999694824219,9.140000343322754,5.3464813232421875,255600
2018-07-03,9.140000343322754,9.170000076293945,9.130000114440918,9.140000343322754,5.3464813232421875,150900
2018-07-05,9.140000343322754,9.1899995803833,9.069999694824219,9.069999694824219,5.30553674697876,456000
2018-07-06,9.069999694824219,9.100000381469727,9.0600004196167,9.0600004196167,5.299687385559082,483000
2018-07-09,9.100000381469727,9.149999618530273,9.0600004196167,9.0600004196167,5.299687385559082,858500
2018-07-10,9.09000015258789,9.119999885559082,9.0600004196167,9.100000381469727,5.323085308074951,490700
2018-07-11,9.079999923706055,9.130000114440918,9.079999923706055,9.109999656677246,5.328932762145996,292900
2018-07-12,9.119999885559082,9.180000305175781,9.109999656677246,9.170000076293945,5.364030838012695,784800
2018-07-13,9.119999885559082,9.149999618530273,9.119999885559082,9.140000343322754,5.374026298522949,252800
2018-07-16,9.130000114440918,9.149999618530273,9.109999656677246,9.130000114440918,5.368147373199463,204300
2018-07-17,9.130000114440918,9.220000267028809,9.130000114440918,9.220000267028809,5.421064853668213,272300
2018-07-18,9.210000038146973,9.229999542236328,9.180000305175781,9.1899995803833,5.403422832489014,321600
2018-07-19,9.1899995803833,9.229999542236328,9.1899995803833,9.210000038146973,5.415182113647461,377100
2018-07-20,9.199999809265137,9.25,9.1899995803833,9.239999771118164,5.432821273803711,251200
2018-07-23,9.239999771118164,9.260000228881836,9.210000038146973,9.260000228881836,5.444581985473633,316900
2018-07-24,9.300000190734863,9.329999923706055,9.270000457763672,9.300000190734863,5.4681010246276855,336100
2018-07-25,9.300000190734863,9.300000190734863,9.229999542236328,9.279999732971191,5.456340789794922,418700
2018-07-26,9.260000228881836,9.279999732971191,9.220000267028809,9.260000228881836,5.444581985473633,719200
2018-07-27,9.270000457763672,9.3100004196167,9.25,9.279999732971191,5.456340789794922,275000
2018-07-30,9.3100004196167,9.319999694824219,9.270000457763672,9.300000190734863,5.4681010246276855,317900
2018-07-31,9.329999923706055,9.380000114440918,9.3100004196167,9.369999885559082,5.509260654449463,386400
2018-08-01,9.369999885559082,9.390000343322754,9.350000381469727,9.380000114440918,5.515139102935791,307800
2018-08-02,9.350000381469727,9.359999656677246,9.3100004196167,9.359999656677246,5.5033793449401855,235300
2018-08-03,9.350000381469727,9.359999656677246,9.270000457763672,9.289999961853027,5.462221622467041,650400
2018-08-06,9.300000190734863,9.369999885559082,9.279999732971191,9.359999656677246,5.5033793449401855,311600
2018-08-07,9.380000114440918,9.420000076293945,9.369999885559082,9.399999618530273,5.526898384094238,364700
2018-08-08,9.420000076293945,9.420000076293945,9.369999885559082,9.369999885559082,5.509260654449463,222500
2018-08-09,9.399999618530273,9.449999809265137,9.390000343322754,9.390000343322754,5.521019458770752,341000
2018-08-10,9.359999656677246,9.399999618530273,9.329999923706055,9.369999885559082,5.509260654449463,261400
2018-08-13,9.350000381469727,9.399999618530273,9.350000381469727,9.390000343322754,5.521019458770752,281500
2018-08-14,9.34000015258789,9.369999885559082,9.319999694824219,9.350000381469727,5.5251545906066895,272800
2018-08-15,9.319999694824219,9.350000381469727,9.279999732971191,9.34000015258789,5.5192461013793945,294600
2018-08-16,9.34000015258789,9.420000076293945,9.34000015258789,9.40999984741211,5.560611248016357,296300
2018-08-17,9.399999618530273,9.479999542236328,9.399999618530273,9.4399995803833,5.578337669372559,300500
2018-08-20,9.460000038146973,9.489999771118164,9.40999984741211,9.449999809265137,5.584247589111328,318600
2018-08-21,9.470000267028809,9.5,9.4399995803833,9.4399995803833,5.578337669372559,301800
2018-08-22,9.449999809265137,9.479999542236328,9.4399995803833,9.470000267028809,5.596065521240234,187700
2018-08-23,9.479999542236328,9.479999542236328,9.449999809265137,9.470000267028809,5.596065521240234,139200
2018-08-24,9.479999542236328,9.510000228881836,9.460000038146973,9.489999771118164,5.607884407043457,180600
2018-08-27,9.510000228881836,9.550000190734863,9.430000305175781,9.430000305175781,5.572426795959473,423400
2018-08-28,9.470000267028809,9.550000190734863,9.449999809265137,9.460000038146973,5.590155601501465,407100
2018-08-29,9.479999542236328,9.5600004196167,9.479999542236328,9.550000190734863,5.643341541290283,311900
2018-08-30,9.520000457763672,9.529999732971191,9.460000038146973,9.520000457763672,5.625610828399658,357400
2018-08-31,9.539999961853027,9.5600004196167,9.460000038146973,9.470000267028809,5.596065521240234,451900
2018-09-04,9.470000267028809,9.5,9.420000076293945,9.479999542236328,5.601973533630371,414400
2018-09-05,9.479999542236328,9.489999771118164,9.449999809265137,9.470000267028809,5.596065521240234,206800
2018-09-06,9.470000267028809,9.489999771118164,9.40999984741211,9.479999542236328,5.601973533630371,564500
2018-09-07,9.460000038146973,9.479999542236328,9.399999618530273,9.430000305175781,5.572426795959473,325200
2018-09-10,9.449999809265137,9.470000267028809,9.430000305175781,9.449999809265137,5.584247589111328,221600
2018-09-11,9.430000305175781,9.489999771118164,9.420000076293945,9.449999809265137,5.584247589111328,266600
2018-09-12,9.470000267028809,9.5,9.420000076293945,9.430000305175781,5.572426795959473,266200
2018-09-13,9.430000305175781,9.449999809265137,9.390000343322754,9.390000343322754,5.576587200164795,250200
2018-09-14,9.390000343322754,9.4399995803833,9.369999885559082,9.420000076293945,5.594403266906738,352200
2018-09-17,9.40999984741211,9.430000305175781,9.350000381469727,9.369999885559082,5.564709663391113,347000
2018-09-18,9.369999885559082,9.470000267028809,9.369999885559082,9.420000076293945,5.594403266906738,358900
2018-09-19,9.430000305175781,9.489999771118164,9.420000076293945,9.479999542236328,5.630034923553467,401700
2018-09-20,9.479999542236328,9.5600004196167,9.470000267028809,9.5600004196167,5.677546501159668,349500
2018-09-21,9.569999694824219,9.579999923706055,9.520000457763672,9.550000190734863,5.671608924865723,259800
2018-09-24,9.5,9.520000457763672,9.430000305175781,9.489999771118164,5.635974407196045,338000
2018-09-25,9.510000228881836,9.510000228881836,9.4399995803833,9.449999809265137,5.612219333648682,216300
2018-09-26,9.470000267028809,9.489999771118164,9.420000076293945,9.430000305175781,5.600340366363525,607200
2018-09-27,9.460000038146973,9.479999542236328,9.4399995803833,9.470000267028809,5.624096393585205,344600
2018-09-28,9.470000267028809,9.510000228881836,9.449999809265137,9.489999771118164,5.635974407196045,378900
2018-10-01,9.489999771118164,9.579999923706055,9.489999771118164,9.489999771118164,5.635974407196045,304800
2018-10-02,9.520000457763672,9.5600004196167,9.489999771118164,9.550000190734863,5.671608924865723,267000
2018-10-03,9.539999961853027,9.579999923706055,9.5,9.5,5.64191198348999,307700
2018-10-04,9.5,9.5600004196167,9.359999656677246,9.359999656677246,5.558769226074219,429500
2018-10-05,9.329999923706055,9.359999656677246,9.270000457763672,9.270000457763672,5.505320072174072,453600
2018-10-08,9.279999732971191,9.319999694824219,9.220000267028809,9.3100004196167,5.529074192047119,304300
2018-10-09,9.3100004196167,9.319999694824219,9.25,9.260000228881836,5.499380111694336,280900
2018-10-10,9.260000228881836,9.319999694824219,9.079999923706055,9.079999923706055,5.39247989654541,554500
2018-10-11,9.050000190734863,9.09000015258789,8.8100004196167,8.869999885559082,5.267766952514648,672600
2018-10-12,8.899999618530273,8.989999771118164,8.890000343322754,8.930000305175781,5.331647872924805,412100
2018-10-15,8.930000305175781,8.949999809265137,8.8100004196167,8.880000114440918,5.301795482635498,594200
2018-10-16,8.9399995803833,9.020000457763672,8.9399995803833,8.989999771118164,5.367473602294922,467300
2018-10-17,9.0,9.029999732971191,8.960000038146973,9.010000228881836,5.3794121742248535,383900
2018-10-18,9.0,9.010000228881836,8.880000114440918,8.960000038146973,5.349560737609863,398200
2018-10-19,8.949999809265137,9.029999732971191,8.949999809265137,9.020000457763672,5.3853840827941895,260700
2018-10-22,9.020000457763672,9.020000457763672,8.869999885559082,8.90999984741211,5.319709777832031,378700
2018-10-23,8.829999923706055,8.829999923706055,8.609999656677246,8.760000228881836,5.230152130126953,536800
2018-10-24,8.770000457763672,8.800000190734863,8.479999542236328,8.489999771118164,5.068946838378906,583000
2018-10-25,8.5,8.600000381469727,8.470000267028809,8.550000190734863,5.104769706726074,698400
2018-10-26,8.489999771118164,8.489999771118164,8.3100004196167,8.369999885559082,4.9973015785217285,720200
2018-10-29,8.430000305175781,8.510000228881836,8.25,8.289999961853027,4.949536323547363,531700
2018-10-30,8.289999961853027,8.399999618530273,8.289999961853027,8.380000114440918,5.00327205657959,540000
2018-10-31,8.470000267028809,8.510000228881836,8.430000305175781,8.479999542236328,5.062978267669678,608300
2018-11-01,8.489999771118164,8.569999694824219,8.479999542236328,8.569999694824219,5.116710186004639,404700
2018-11-02,8.569999694824219,8.630000114440918,8.470000267028809,8.5600004196167,5.110742092132568,461100
2018-11-05,8.529999732971191,8.630000114440918,8.529999732971191,8.619999885559082,5.146562576293945,286800
2018-11-06,8.630000114440918,8.699999809265137,8.630000114440918,8.6899995803833,5.188357830047607,325900
2018-11-07,8.729999542236328,8.829999923706055,8.729999542236328,8.819999694824219,5.265973091125488,552400
2018-11-08,8.84000015258789,8.890000343322754,8.819999694824219,8.890000343322754,5.307766914367676,342200
2018-11-09,8.869999885559082,8.869999885559082,8.760000228881836,8.779999732971191,5.242092132568359,405800
2018-11-12,8.770000457763672,8.770000457763672,8.670000076293945,8.6899995803833,5.188357830047607,178400
2018-11-13,8.699999809265137,8.720000267028809,8.600000381469727,8.630000114440918,5.152534484863281,400600
2018-11-14,8.600000381469727,8.640000343322754,8.470000267028809,8.479999542236328,5.090701103210449,456300
2018-11-15,8.40999984741211,8.539999961853027,8.390000343322754,8.489999771118164,5.096704959869385,529400
2018-11-16,8.449999809265137,8.510000228881836,8.449999809265137,8.460000038146973,5.078697204589844,377000
2018-11-19,8.449999809265137,8.5,8.369999885559082,8.390000343322754,5.036672592163086,392200
2018-11-20,8.350000381469727,8.359999656677246,8.25,8.25,4.952627182006836,551000
2018-11-21,8.279999732971191,8.34000015258789,8.279999732971191,8.319999694824219,4.994652271270752,346300
2018-11-23,8.289999961853027,8.319999694824219,8.25,8.319999694824219,4.994652271270752,122800
2018-11-26,8.399999618530273,8.430000305175781,8.380000114440918,8.430000305175781,5.0606865882873535,501400
2018-11-27,8.40999984741211,8.449999809265137,8.399999618530273,8.449999809265137,5.072691917419434,296300
2018-11-28,8.460000038146973,8.600000381469727,8.449999809265137,8.600000381469727,5.162739276885986,531700
2018-11-29,8.5600004196167,8.649999618530273,8.539999961853027,8.579999923706055,5.150732040405273,333100
2018-11-30,8.600000381469727,8.6899995803833,8.579999923706055,8.680000305175781,5.210763454437256,465400
2018-12-03,8.770000457763672,8.8100004196167,8.699999809265137,8.720000267028809,5.234777450561523,333000
2018-12-04,8.680000305175781,8.760000228881836,8.510000228881836,8.529999732971191,5.1207170486450195,413600
2018-12-06,8.449999809265137,8.479999542236328,8.260000228881836,8.390000343322754,5.036672592163086,775300
2018-12-07,8.380000114440918,8.449999809265137,8.260000228881836,8.300000190734863,4.982644557952881,389900
2018-12-10,8.260000228881836,8.270000457763672,8.069999694824219,8.170000076293945,4.904602527618408,835300
2018-12-11,8.25,8.279999732971191,8.0600004196167,8.0600004196167,4.838569164276123,1061800
2018-12-12,8.109999656677246,8.220000267028809,8.109999656677246,8.180000305175781,4.9106059074401855,503300
2018-12-13,8.149999618530273,8.170000076293945,8.109999656677246,8.130000114440918,4.880589962005615,511100
2018-12-14,8.050000190734863,8.079999923706055,7.769999980926514,7.909999847412109,4.776130676269531,756700
2018-12-17,7.880000114440918,7.909999847412109,7.710000038146973,7.710000038146973,4.655369758605957,825800
2018-12-18,7.760000228881836,7.849999904632568,7.699999809265137,7.739999771118164,4.673483848571777,985300
2018-12-19,7.71999979019165,7.869999885559082,7.690000057220459,7.710000038146973,4.655369758605957,838700
2018-12-20,7.710000038146973,7.75,7.369999885559082,7.5,4.52856969833374,2175400
2018-12-21,7.46999979019165,7.559999942779541,7.349999904632568,7.380000114440918,4.456112384796143,1572900
2018-12-24,7.349999904632568,7.360000133514404,7.230000019073486,7.289999961853027,4.401769161224365,620800
2018-12-26,7.309999942779541,7.599999904632568,7.269999980926514,7.590000152587891,4.582912445068359,894900
2018-12-27,7.550000190734863,7.579999923706055,7.420000076293945,7.579999923706055,4.576873779296875,1003200
2018-12-28,7.570000171661377,7.710000038146973,7.570000171661377,7.639999866485596,4.61310338973999,1044100
2018-12-31,7.699999809265137,7.769999980926514,7.670000076293945,7.769999980926514,4.6915974617004395,1028500
2019-01-02,7.71999979019165,7.889999866485596,7.679999828338623,7.889999866485596,4.764054298400879,461300
2019-01-03,7.880000114440918,7.889999866485596,7.739999771118164,7.789999961853027,4.703672885894775,516100
2019-01-04,7.809999942779541,7.920000076293945,7.789999961853027,7.900000095367432,4.770092964172363,1114500
2019-01-07,7.980000019073486,8.09000015258789,7.940000057220459,8.069999694824219,4.872740745544434,515500
2019-01-08,8.149999618530273,8.199999809265137,8.039999961853027,8.130000114440918,4.908968448638916,569700
2019-01-09,8.1899995803833,8.199999809265137,8.119999885559082,8.15999984741211,4.927081108093262,525000
2019-01-10,8.149999618530273,8.260000228881836,8.109999656677246,8.260000228881836,4.987465858459473,450600
2019-01-11,8.25,8.319999694824219,8.15999984741211,8.319999694824219,5.0236945152282715,1151400
2019-01-14,8.25,8.25,8.170000076293945,8.199999809265137,4.979363441467285,574700
2019-01-15,8.220000267028809,8.289999961853027,8.180000305175781,8.25,5.009725093841553,382000
2019-01-16,8.260000228881836,8.300000190734863,8.260000228881836,8.270000457763672,5.021870136260986,434800
2019-01-17,8.25,8.350000381469727,8.25,8.3100004196167,5.046162128448486,360200
2019-01-18,8.329999923706055,8.399999618530273,8.329999923706055,8.369999885559082,5.082594871520996,428400
2019-01-22,8.359999656677246,8.359999656677246,8.260000228881836,8.300000190734863,5.040088176727295,474700
2019-01-23,8.329999923706055,8.34000015258789,8.199999809265137,8.25,5.009725093841553,803700
2019-01-24,8.279999732971191,8.289999961853027,8.1899995803833,8.199999809265137,4.979363441467285,633000
2019-01-25,8.239999771118164,8.270000457763672,8.239999771118164,8.270000457763672,5.021870136260986,329800
2019-01-28,8.25,8.270000457763672,8.1899995803833,8.270000457763672,5.021870136260986,495300
2019-01-29,8.279999732971191,8.3100004196167,8.220000267028809,8.289999961853027,5.034013748168945,621200
2019-01-30,8.3100004196167,8.449999809265137,8.3100004196167,8.40999984741211,5.1068830490112305,567000
2019-01-31,8.470000267028809,8.529999732971191,8.4399995803833,8.479999542236328,5.149390697479248,752600
2019-02-01,8.5,8.529999732971191,8.470000267028809,8.489999771118164,5.155464172363281,264300
2019-02-04,8.510000228881836,8.550000190734863,8.479999542236328,8.520000457763672,5.17368221282959,801500
2019-02-05,8.539999961853027,8.579999923706055,8.520000457763672,8.579999923706055,5.210114479064941,485600
2019-02-06,8.579999923706055,8.609999656677246,8.539999961853027,8.600000381469727,5.222259998321533,443200
2019-02-07,8.59000015258789,8.59000015258789,8.479999542236328,8.529999732971191,5.179752826690674,427600
2019-02-08,8.5,8.529999732971191,8.449999809265137,8.5,5.161535263061523,315200
2019-02-11,8.520000457763672,8.550000190734863,8.5,8.520000457763672,5.17368221282959,497200
2019-02-12,8.5600004196167,8.630000114440918,8.5600004196167,8.609999656677246,5.228333473205566,329700
2019-02-13,8.640000343322754,8.670000076293945,8.600000381469727,8.600000381469727,5.222259998321533,496600
2019-02-14,8.529999732971191,8.5600004196167,8.510000228881836,8.529999732971191,5.208216190338135,229800
2019-02-15,8.539999961853027,8.619999885559082,8.539999961853027,8.600000381469727,5.250957012176514,324300
2019-02-19,8.609999656677246,8.649999618530273,8.569999694824219,8.579999923706055,5.238744735717773,531600
2019-02-20,8.600000381469727,8.640000343322754,8.550000190734863,8.619999885559082,5.263167858123779,479200
2019-02-21,8.609999656677246,8.630000114440918,8.569999694824219,8.630000114440918,5.26927375793457,292800
2019-02-22,8.65999984741211,8.65999984741211,8.550000190734863,8.600000381469727,5.250957012176514,583800
2019-02-25,8.649999618530273,8.710000038146973,8.640000343322754,8.680000305175781,5.299801826477051,460900
2019-02-26,8.65999984741211,8.699999809265137,8.649999618530273,8.6899995803833,5.305908679962158,488300
2019-02-27,8.649999618530273,8.6899995803833,8.630000114440918,8.670000076293945,5.29369592666626,374300
2019-02-28,8.670000076293945,8.720000267028809,8.65999984741211,8.680000305175781,5.299801826477051,421800
2019-03-01,8.720000267028809,8.720000267028809,8.630000114440918,8.710000038146973,5.31812047958374,331300
2019-03-04,8.720000267028809,8.729999542236328,8.619999885559082,8.640000343322754,5.275379180908203,395800
2019-03-05,8.649999618530273,8.65999984741211,8.579999923706055,8.600000381469727,5.250957012176514,413700
2019-03-06,8.59000015258789,8.619999885559082,8.529999732971191,8.550000190734863,5.220427989959717,353100
2019-03-07,8.539999961853027,8.550000190734863,8.40999984741211,8.449999809265137,5.159369945526123,500500
2019-03-08,8.420000076293945,8.449999809265137,8.380000114440918,8.390000343322754,5.122735500335693,593300
2019-03-11,8.449999809265137,8.520000457763672,8.449999809265137,8.489999771118164,5.183794021606445,373600
2019-03-12,8.5,8.550000190734863,8.479999542236328,8.529999732971191,5.208216190338135,406100
2019-03-13,8.529999732971191,8.579999923706055,8.489999771118164,8.579999923706055,5.238744735717773,458800
2019-03-14,8.550000190734863,8.579999923706055,8.510000228881836,8.5600004196167,5.255321979522705,286000
2019-03-15,8.569999694824219,8.609999656677246,8.5600004196167,8.569999694824219,5.261462211608887,329400
2019-03-18,8.569999694824219,8.619999885559082,8.5600004196167,8.609999656677246,5.286020278930664,409900
2019-03-19,8.630000114440918,8.649999618530273,8.579999923706055,8.609999656677246,5.286020278930664,370500
2019-03-20,8.609999656677246,8.619999885559082,8.5600004196167,8.59000015258789,5.273740768432617,461100
2019-03-21,8.569999694824219,8.680000305175781,8.550000190734863,8.65999984741211,5.316715240478516,534300
2019-03-22,8.59000015258789,8.619999885559082,8.460000038146973,8.470000267028809,5.200066566467285,527200
2019-03-25,8.4399995803833,8.5,8.390000343322754,8.420000076293945,5.169370651245117,415000
2019-03-26,8.489999771118164,8.489999771118164,8.40999984741211,8.449999809265137,5.187788009643555,440000
2019-03-27,8.460000038146973,8.479999542236328,8.420000076293945,8.470000267028809,5.200066566467285,412400
2019-03-28,8.479999542236328,8.510000228881836,8.449999809265137,8.510000228881836,5.224625587463379,240100
2019-03-29,8.5600004196167,8.5600004196167,8.5,8.550000190734863,5.249181747436523,451600
2019-04-01,8.59000015258789,8.649999618530273,8.5600004196167,8.630000114440918,5.298295974731445,463500
2019-04-02,8.640000343322754,8.65999984741211,8.600000381469727,8.640000343322754,5.304436206817627,380600
2019-04-03,8.65999984741211,8.680000305175781,8.600000381469727,8.65999984741211,5.316715240478516,351800
2019-04-04,8.640000343322754,8.680000305175781,8.630000114440918,8.670000076293945,5.322854518890381,308900
2019-04-05,8.6899995803833,8.699999809265137,8.649999618530273,8.6899995803833,5.335132598876953,287500
2019-04-08,8.699999809265137,8.779999732971191,8.65999984741211,8.779999732971191,5.390387058258057,493900
2019-04-09,8.760000228881836,8.760000228881836,8.710000038146973,8.710000038146973,5.347413539886475,267000
2019-04-10,8.729999542236328,8.75,8.710000038146973,8.75,5.371970176696777,332800
2019-04-11,8.75,8.779999732971191,8.729999542236328,8.75,5.371970176696777,350100
2019-04-12,8.75,8.770000457763672,8.65999984741211,8.710000038146973,5.376290798187256,393900
2019-04-15,8.710000038146973,8.729999542236328,8.670000076293945,8.710000038146973,5.376290798187256,324400
2019-04-16,8.720000267028809,8.729999542236328,8.680000305175781,8.710000038146973,5.376290798187256,398200
2019-04-17,8.710000038146973,8.720000267028809,8.6899995803833,8.710000038146973,5.376290798187256,242500
2019-04-18,8.729999542236328,8.739999771118164,8.6899995803833,8.6899995803833,5.363945484161377,283300
2019-04-22,8.65999984741211,8.729999542236328,8.65999984741211,8.6899995803833,5.363945484161377,214700
2019-04-23,8.699999809265137,8.729999542236328,8.6899995803833,8.720000267028809,5.382464408874512,388600
2019-04-24,8.729999542236328,8.8100004196167,8.699999809265137,8.720000267028809,5.382464408874512,510900
2019-04-25,8.699999809265137,8.720000267028809,8.670000076293945,8.680000305175781,5.357772350311279,401500
2019-04-26,8.670000076293945,8.6899995803833,8.640000343322754,8.649999618530273,5.339255332946777,584800
2019-04-29,8.670000076293945,8.739999771118164,8.670000076293945,8.729999542236328,5.388636589050293,454100
2019-04-30,8.770000457763672,8.800000190734863,8.710000038146973,8.789999961853027,5.42567253112793,436900
2019-05-01,8.789999961853027,8.84000015258789,8.770000457763672,8.779999732971191,5.419499397277832,305900
2019-05-02,8.75,8.789999961853027,8.710000038146973,8.75,5.400981426239014,358400
2019-05-03,8.779999732971191,8.8100004196167,8.779999732971191,8.789999961853027,5.42567253112793,350000
2019-05-06,8.670000076293945,8.8100004196167,8.670000076293945,8.789999961853027,5.42567253112793,258700
2019-05-07,8.739999771118164,8.760000228881836,8.630000114440918,8.670000076293945,5.351600646972656,357900
2019-05-08,8.65999984741211,8.720000267028809,8.649999618530273,8.699999809265137,5.370116710662842,229600
2019-05-09,8.65999984741211,8.6899995803833,8.619999885559082,8.680000305175781,5.357772350311279,402000
2019-05-10,8.680000305175781,8.699999809265137,8.619999885559082,8.699999809265137,5.370116710662842,327600
2019-05-13,8.579999923706055,8.609999656677246,8.550000190734863,8.5600004196167,5.2837018966674805,366700
2019-05-14,8.5600004196167,8.609999656677246,8.550000190734863,8.569999694824219,5.319081783294678,265000
2019-05-15,8.529999732971191,8.59000015258789,8.5,8.550000190734863,5.306667327880859,258500
2019-05-16,8.569999694824219,8.630000114440918,8.569999694824219,8.609999656677246,5.343907356262207,288300
2019-05-17,8.550000190734863,8.600000381469727,8.539999961853027,8.569999694824219,5.319081783294678,233800
2019-05-20,8.529999732971191,8.550000190734863,8.5,8.520000457763672,5.28804874420166,263500
2019-05-21,8.550000190734863,8.640000343322754,8.539999961853027,8.600000381469727,5.337700366973877,389200
2019-05-22,8.579999923706055,8.640000343322754,8.5600004196167,8.5600004196167,5.312873363494873,580700
2019-05-23,8.520000457763672,8.529999732971191,8.470000267028809,8.510000228881836,5.281842231750488,383900
2019-05-24,8.529999732971191,8.569999694824219,8.5,8.539999961853027,5.3004608154296875,232900
2019-05-28,8.539999961853027,8.569999694824219,8.430000305175781,8.430000305175781,5.232189178466797,489700
2019-05-29,8.399999618530273,8.430000305175781,8.329999923706055,8.350000381469727,5.1825361251831055,431300
2019-05-30,8.369999885559082,8.4399995803833,8.350000381469727,8.369999885559082,5.194949626922607,417200
2019-05-31,8.34000015258789,8.359999656677246,8.279999732971191,8.319999694824219,5.163915634155273,380200
2019-06-03,8.3100004196167,8.350000381469727,8.279999732971191,8.319999694824219,5.163915634155273,365900
2019-06-04,8.359999656677246,8.460000038146973,8.359999656677246,8.449999809265137,5.244600296020508,258900
2019-06-05,8.479999542236328,8.520000457763672,8.449999809265137,8.460000038146973,5.2508087158203125,241600
2019-06-06,8.460000038146973,8.539999961853027,8.449999809265137,8.520000457763672,5.28804874420166,243000
2019-06-07,8.5600004196167,8.600000381469727,8.529999732971191,8.5600004196167,5.312873363494873,394100
2019-06-10,8.619999885559082,8.640000343322754,8.579999923706055,8.619999885559082,5.3501129150390625,316400
2019-06-11,8.649999618530273,8.65999984741211,8.59000015258789,8.630000114440918,5.356320858001709,245500
2019-06-12,8.630000114440918,8.65999984741211,8.609999656677246,8.649999618530273,5.368733882904053,428600
2019-06-13,8.609999656677246,8.609999656677246,8.539999961853027,8.550000190734863,5.335658550262451,342000
2019-06-14,8.550000190734863,8.579999923706055,8.510000228881836,8.579999923706055,5.3543806076049805,320500
2019-06-17,8.59000015258789,8.630000114440918,8.579999923706055,8.609999656677246,5.373102188110352,334000
2019-06-18,8.630000114440918,8.680000305175781,8.619999885559082,8.630000114440918,5.385582447052002,335400
2019-06-19,8.630000114440918,8.720000267028809,8.619999885559082,8.6899995803833,5.423024654388428,415300
2019-06-20,8.739999771118164,8.779999732971191,8.720000267028809,8.75,5.460469722747803,727700
2019-06-21,8.75,8.75,8.6899995803833,8.720000267028809,5.441747665405273,415800
2019-06-24,8.760000228881836,8.770000457763672,8.699999809265137,8.729999542236328,5.447987079620361,388600
2019-06-25,8.729999542236328,8.739999771118164,8.600000381469727,8.600000381469727,5.366861343383789,550800
2019-06-26,8.640000343322754,8.739999771118164,8.640000343322754,8.699999809265137,5.429267406463623,495300
2019-06-27,8.760000228881836,8.84000015258789,8.75,8.8100004196167,5.497912406921387,607400
2019-06-28,8.850000381469727,8.899999618530273,8.819999694824219,8.869999885559082,5.5353569984436035,554200
2019-07-01,8.9399995803833,8.970000267028809,8.890000343322754,8.90999984741211,5.560317039489746,540600
2019-07-02,8.90999984741211,8.949999809265137,8.859999656677246,8.920000076293945,5.566557884216309,328700
2019-07-03,8.920000076293945,8.960000038146973,8.899999618530273,8.920000076293945,5.566557884216309,226800
2019-07-05,8.90999984741211,8.970000267028809,8.869999885559082,8.949999809265137,5.5852789878845215,283100
2019-07-08,8.920000076293945,8.930000305175781,8.869999885559082,8.90999984741211,5.560317039489746,315700
2019-07-09,8.90999984741211,8.960000038146973,8.890000343322754,8.920000076293945,5.566557884216309,374500
2019-07-10,8.979999542236328,9.0,8.949999809265137,8.989999771118164,5.610241889953613,412400
2019-07-11,9.0,9.050000190734863,8.979999542236328,9.020000457763672,5.628964900970459,430000
2019-07-12,9.0,9.020000457763672,8.920000076293945,8.989999771118164,5.641514778137207,343500
2019-07-15,8.989999771118164,9.020000457763672,8.960000038146973,8.970000267028809,5.628965377807617,449600
2019-07-16,8.989999771118164,9.010000228881836,8.970000267028809,8.989999771118164,5.641514778137207,304800
2019-07-17,9.0,9.010000228881836,8.949999809265137,8.960000038146973,5.622686386108398,295600
2019-07-18,8.960000038146973,8.989999771118164,8.9399995803833,8.970000267028809,5.628965377807617,293100
2019-07-19,9.0,9.0,8.960000038146973,8.989999771118164,5.641514778137207,205700
2019-07-22,9.0,9.0,8.949999809265137,8.979999542236328,5.635240077972412,213400
2019-07-23,9.010000228881836,9.0600004196167,8.989999771118164,9.029999732971191,5.6666154861450195,525700
2019-07-24,9.020000457763672,9.100000381469727,9.020000457763672,9.09000015258789,5.704269886016846,426500
2019-07-25,9.079999923706055,9.09000015258789,9.029999732971191,9.09000015258789,5.704269886016846,534500
2019-07-26,9.100000381469727,9.130000114440918,9.050000190734863,9.069999694824219,5.69171667098999,429300
2019-07-29,9.100000381469727,9.100000381469727,9.020000457763672,9.079999923706055,5.69799280166626,367500
2019-07-30,9.050000190734863,9.109999656677246,9.010000228881836,9.100000381469727,5.710544109344482,520000
2019-07-31,9.100000381469727,9.15999984741211,8.979999542236328,9.050000190734863,5.679166316986084,619700
2019-08-01,9.09000015258789,9.09000015258789,8.979999542236328,9.029999732971191,5.6666154861450195,511000
2019-08-02,9.010000228881836,9.029999732971191,8.9399995803833,9.020000457763672,5.66033935546875,371500
2019-08-05,8.90999984741211,8.90999984741211,8.630000114440918,8.819999694824219,5.5348334312438965,1157100
2019-08-06,8.829999923706055,8.880000114440918,8.800000190734863,8.850000381469727,5.553661823272705,536200
2019-08-07,8.789999961853027,8.819999694824219,8.729999542236328,8.800000190734863,5.522282123565674,374500
2019-08-08,8.84000015258789,9.069999694824219,8.84000015258789,9.029999732971191,5.6666154861450195,609300
2019-08-09,9.0,9.020000457763672,8.949999809265137,8.979999542236328,5.635240077972412,190700
2019-08-12,8.9399995803833,8.970000267028809,8.869999885559082,8.90999984741211,5.591311454772949,306200
2019-08-13,8.899999618530273,9.029999732971191,8.859999656677246,8.979999542236328,5.635240077972412,390600
2019-08-14,8.859999656677246,8.869999885559082,8.710000038146973,8.779999732971191,5.540583610534668,455100
2019-08-15,8.770000457763672,8.8100004196167,8.720000267028809,8.760000228881836,5.527962684631348,427900
2019-08-16,8.779999732971191,8.859999656677246,8.779999732971191,8.850000381469727,5.584757328033447,247000
2019-08-19,8.930000305175781,8.930000305175781,8.720000267028809,8.84000015258789,5.578446865081787,500200
2019-08-20,8.84000015258789,8.899999618530273,8.819999694824219,8.84000015258789,5.578446865081787,574400
2019-08-21,8.899999618530273,8.920000076293945,8.829999923706055,8.829999923706055,5.572134971618652,443400
2019-08-22,8.869999885559082,8.869999885559082,8.779999732971191,8.829999923706055,5.572134971618652,209200
2019-08-23,8.800000190734863,8.829999923706055,8.680000305175781,8.720000267028809,5.502720355987549,419100
2019-08-26,8.770000457763672,8.779999732971191,8.710000038146973,8.75,5.521650791168213,331100
2019-08-27,8.779999732971191,8.819999694824219,8.720000267028809,8.720000267028809,5.502720355987549,355300
2019-08-28,8.710000038146973,8.770000457763672,8.670000076293945,8.729999542236328,5.509029865264893,545400
2019-08-29,8.789999961853027,8.800000190734863,8.729999542236328,8.789999961853027,5.546891689300537,359200
2019-08-30,8.850000381469727,8.899999618530273,8.84000015258789,8.850000381469727,5.584757328033447,360100
2019-09-03,8.84000015258789,8.869999885559082,8.8100004196167,8.859999656677246,5.591065883636475,283000
2019-09-04,8.899999618530273,9.010000228881836,8.880000114440918,9.010000228881836,5.685720920562744,418900
2019-09-05,9.0600004196167,9.119999885559082,9.020000457763672,9.100000381469727,5.742518424987793,365700
2019-09-06,9.100000381469727,9.140000343322754,9.029999732971191,9.109999656677246,5.748827934265137,896800
2019-09-09,9.109999656677246,9.140000343322754,9.100000381469727,9.109999656677246,5.748827934265137,322600
2019-09-10,9.100000381469727,9.170000076293945,9.069999694824219,9.170000076293945,5.786690711975098,283600
2019-09-11,9.180000305175781,9.229999542236328,9.149999618530273,9.220000267028809,5.818243503570557,379800
2019-09-12,9.170000076293945,9.229999542236328,9.15999984741211,9.210000038146973,5.811931610107422,506300
2019-09-13,9.100000381469727,9.199999809265137,9.100000381469727,9.180000305175781,5.824622631072998,376100
2019-09-16,9.180000305175781,9.199999809265137,9.119999885559082,9.15999984741211,5.8119306564331055,271600
2019-09-17,9.140000343322754,9.180000305175781,9.140000343322754,9.149999618530273,5.805586338043213,218900
2019-09-18,9.149999618530273,9.1899995803833,9.140000343322754,9.180000305175781,5.824622631072998,281900
2019-09-19,9.199999809265137,9.220000267028809,9.180000305175781,9.1899995803833,5.830966949462891,326100
2019-09-20,9.199999809265137,9.239999771118164,9.170000076293945,9.210000038146973,5.84365701675415,510600
2019-09-23,9.199999809265137,9.210000038146973,9.15999984741211,9.1899995803833,5.830966949462891,238700
2019-09-24,9.210000038146973,9.229999542236328,9.119999885559082,9.149999618530273,5.805586338043213,260800
2019-09-25,9.149999618530273,9.180000305175781,9.109999656677246,9.149999618530273,5.805586338043213,296200
2019-09-26,9.170000076293945,9.1899995803833,9.130000114440918,9.170000076293945,5.818276405334473,425300
2019-09-27,9.1899995803833,9.210000038146973,9.130000114440918,9.180000305175781,5.824622631072998,329700
2019-09-30,9.210000038146973,9.239999771118164,9.180000305175781,9.180000305175781,5.824622631072998,547800
2019-10-01,9.220000267028809,9.25,9.079999923706055,9.079999923706055,5.761172771453857,398700
2019-10-02,9.050000190734863,9.069999694824219,8.869999885559082,8.899999618530273,5.646965026855469,701800
2019-10-03,8.880000114440918,8.9399995803833,8.779999732971191,8.890000343322754,5.640620708465576,904400
2019-10-04,8.930000305175781,8.949999809265137,8.869999885559082,8.949999809265137,5.678690433502197,544300
2019-10-07,8.949999809265137,8.989999771118164,8.899999618530273,8.9399995803833,5.672343730926514,464300
2019-10-08,8.930000305175781,8.9399995803833,8.869999885559082,8.930000305175781,5.665999889373779,345400
2019-10-09,8.979999542236328,9.050000190734863,8.949999809265137,8.989999771118164,5.704069137573242,627300
2019-10-10,8.970000267028809,9.069999694824219,8.960000038146973,9.039999961853027,5.7357916831970215,340400
2019-10-11,9.029999732971191,9.09000015258789,9.010000228881836,9.010000228881836,5.74855375289917,286700
2019-10-14,9.010000228881836,9.050000190734863,8.970000267028809,9.039999961853027,5.767693519592285,224700
2019-10-15,9.0600004196167,9.09000015258789,9.010000228881836,9.010000228881836,5.74855375289917,438200
2019-10-16,9.0,9.029999732971191,8.989999771118164,9.020000457763672,5.754934787750244,357000
2019-10-17,9.039999961853027,9.180000305175781,9.039999961853027,9.170000076293945,5.8506364822387695,497300
2019-10-18,9.130000114440918,9.140000343322754,9.069999694824219,9.100000381469727,5.805973529815674,411900
2019-10-21,9.109999656677246,9.1899995803833,9.109999656677246,9.180000305175781,5.857019901275635,276300
2019-10-22,9.1899995803833,9.199999809265137,9.130000114440918,9.170000076293945,5.8506364822387695,586800
2019-10-23,9.170000076293945,9.1899995803833,9.140000343322754,9.170000076293945,5.8506364822387695,295800
2019-10-24,9.199999809265137,9.289999961853027,9.199999809265137,9.270000457763672,5.914438247680664,406400
2019-10-25,9.270000457763672,9.300000190734863,9.210000038146973,9.220000267028809,5.882538795471191,417300
2019-10-28,9.239999771118164,9.300000190734863,9.239999771118164,9.260000228881836,5.908060073852539,272400
2019-10-29,9.25,9.34000015258789,9.25,9.329999923706055,5.952720642089844,525400
2019-10-30,9.300000190734863,9.369999885559082,9.25,9.359999656677246,5.971857070922852,676800
2019-10-31,9.390000343322754,9.390000343322754,9.300000190734863,9.34000015258789,5.95910120010376,530200
2019-11-01,9.380000114440918,9.430000305175781,9.359999656677246,9.40999984741211,6.003759384155273,364000
2019-11-04,9.430000305175781,9.5,9.420000076293945,9.4399995803833,6.022902011871338,504100
2019-11-05,9.479999542236328,9.5,9.449999809265137,9.489999771118164,6.054802894592285,512300
2019-11-06,9.489999771118164,9.5,9.380000114440918,9.399999618530273,5.997382164001465,773500
2019-11-07,9.420000076293945,9.510000228881836,9.420000076293945,9.510000228881836,6.067563533782959,436900
2019-11-08,9.5,9.550000190734863,9.479999542236328,9.550000190734863,6.093084335327148,382100
2019-11-11,9.529999732971191,9.5600004196167,9.510000228881836,9.550000190734863,6.093084335327148,311500
2019-11-12,9.529999732971191,9.59000015258789,9.520000457763672,9.5600004196167,6.099463939666748,354100
2019-11-13,9.539999961853027,9.5600004196167,9.479999542236328,9.479999542236328,6.048422336578369,557500
2019-11-14,9.430000305175781,9.449999809265137,9.380000114440918,9.399999618530273,6.029181957244873,714800
2019-11-15,9.420000076293945,9.529999732971191,9.420000076293945,9.510000228881836,6.099734783172607,324500
2019-11-18,9.529999732971191,9.529999732971191,9.460000038146973,9.5,6.093320846557617,319500
2019-11-19,9.520000457763672,9.520000457763672,9.460000038146973,9.470000267028809,6.074078559875488,381500
2019-11-20,9.449999809265137,9.5,9.40999984741211,9.449999809265137,6.061249732971191,411300
2019-11-21,9.460000038146973,9.529999732971191,9.449999809265137,9.489999771118164,6.086906433105469,383400
2019-11-22,9.510000228881836,9.569999694824219,9.489999771118164,9.5600004196167,6.131804466247559,372600
2019-11-25,9.579999923706055,9.630000114440918,9.529999732971191,9.529999732971191,6.112562656402588,456100
2019-11-26,9.5600004196167,9.59000015258789,9.539999961853027,9.550000190734863,6.125391483306885,335700
2019-11-27,9.5600004196167,9.609999656677246,9.510000228881836,9.5600004196167,6.131804466247559,367000
2019-11-29,9.569999694824219,9.630000114440918,9.5600004196167,9.609999656677246,6.163876056671143,329200
2019-12-02,9.630000114440918,9.649999618530273,9.5600004196167,9.5600004196167,6.131804466247559,471300
2019-12-03,9.5,9.539999961853027,9.4399995803833,9.529999732971191,6.112562656402588,419000
2019-12-04,9.550000190734863,9.579999923706055,9.539999961853027,9.5600004196167,6.131804466247559,400500
2019-12-05,9.59000015258789,9.59000015258789,9.510000228881836,9.59000015258789,6.151047229766846,564000
2019-12-06,9.59000015258789,9.649999618530273,9.569999694824219,9.579999923706055,6.144635200500488,449800
2019-12-09,9.619999885559082,9.649999618530273,9.609999656677246,9.640000343322754,6.183117866516113,392900
2019-12-10,9.609999656677246,9.670000076293945,9.579999923706055,9.630000114440918,6.176703453063965,370000
2019-12-11,9.640000343322754,9.670000076293945,9.520000457763672,9.520000457763672,6.1061482429504395,798900
2019-12-12,9.550000190734863,9.710000038146973,9.539999961853027,9.699999809265137,6.221601486206055,447000
2019-12-13,9.609999656677246,9.609999656677246,9.510000228881836,9.5600004196167,6.274766445159912,467300
2019-12-16,9.600000381469727,9.649999618530273,9.569999694824219,9.619999885559082,6.314144611358643,480500
2019-12-17,9.640000343322754,9.640000343322754,9.600000381469727,9.630000114440918,6.320711612701416,277900
2019-12-18,9.640000343322754,9.649999618530273,9.600000381469727,9.609999656677246,6.307583332061768,328000
2019-12-19,9.619999885559082,9.649999618530273,9.600000381469727,9.619999885559082,6.314144611358643,379500
2019-12-20,9.65999984741211,9.710000038146973,9.65999984741211,9.710000038146973,6.3732194900512695,362800
2019-12-23,9.720000267028809,9.739999771118164,9.680000305175781,9.720000267028809,6.379781246185303,319900
2019-12-24,9.720000267028809,9.739999771118164,9.699999809265137,9.710000038146973,6.3732194900512695,127600
2019-12-26,9.720000267028809,9.75,9.720000267028809,9.720000267028809,6.379781246185303,264000
2019-12-27,9.770000457763672,9.8100004196167,9.729999542236328,9.800000190734863,6.432290554046631,446500
2019-12-30,9.819999694824219,9.819999694824219,9.729999542236328,9.789999961853027,6.425728797912598,481100
2019-12-31,9.819999694824219,9.920000076293945,9.800000190734863,9.920000076293945,6.511056900024414,841000
2020-01-02,9.9399995803833,9.970000267028809,9.90999984741211,9.90999984741211,6.504490375518799,690300
2020-01-03,9.869999885559082,9.90999984741211,9.8100004196167,9.829999923706055,6.451982498168945,854500
2020-01-06,9.770000457763672,9.800000190734863,9.739999771118164,9.760000228881836,6.4060378074646,844500
2020-01-07,9.760000228881836,9.770000457763672,9.609999656677246,9.609999656677246,6.307583332061768,1007400
2020-01-08,9.640000343322754,9.710000038146973,9.609999656677246,9.609999656677246,6.307583332061768,633300
2020-01-09,9.680000305175781,9.770000457763672,9.670000076293945,9.739999771118164,6.392910003662109,452500
2020-01-10,9.779999732971191,9.789999961853027,9.710000038146973,9.710000038146973,6.3732194900512695,646600
2020-01-13,9.760000228881836,9.779999732971191,9.710000038146973,9.720000267028809,6.379781246185303,507300
2020-01-14,9.6899995803833,9.6899995803833,9.600000381469727,9.619999885559082,6.34679651260376,991700
2020-01-15,9.630000114440918,9.699999809265137,9.619999885559082,9.65999984741211,6.373184680938721,420700
2020-01-16,9.6899995803833,9.720000267028809,9.670000076293945,9.6899995803833,6.392975807189941,443600
2020-01-17,9.710000038146973,9.729999542236328,9.680000305175781,9.6899995803833,6.392975807189941,326400
2020-01-21,9.699999809265137,9.770000457763672,9.6899995803833,9.75,6.432562828063965,653900
2020-01-22,9.779999732971191,9.800000190734863,9.75,9.770000457763672,6.4457573890686035,329900
2020-01-23,9.760000228881836,9.760000228881836,9.680000305175781,9.680000305175781,6.386383056640625,630200
2020-01-24,9.710000038146973,9.75,9.520000457763672,9.5600004196167,6.307209014892578,971300
2020-01-27,9.420000076293945,9.489999771118164,9.399999618530273,9.420000076293945,6.214845657348633,754900
2020-01-28,9.4399995803833,9.510000228881836,9.420000076293945,9.489999771118164,6.261026859283447,353700
2020-01-29,9.539999961853027,9.59000015258789,9.510000228881836,9.510000228881836,6.274224281311035,338300
2020-01-30,9.5,9.520000457763672,9.460000038146973,9.5,6.267627239227295,306100
2020-01-31,9.529999732971191,9.539999961853027,9.399999618530273,9.399999618530273,6.201651096343994,766800
2020-02-03,9.449999809265137,9.510000228881836,9.34000015258789,9.359999656677246,6.175258159637451,664900
2020-02-04,9.449999809265137,9.5,9.430000305175781,9.460000038146973,6.241236686706543,421900
2020-02-05,9.5600004196167,9.579999923706055,9.510000228881836,9.579999923706055,6.320406913757324,455200
2020-02-06,9.609999656677246,9.609999656677246,9.579999923706055,9.59000015258789,6.32700252532959,312400
2020-02-07,9.579999923706055,9.619999885559082,9.5600004196167,9.619999885559082,6.34679651260376,419900
2020-02-10,9.600000381469727,9.649999618530273,9.59000015258789,9.59000015258789,6.32700252532959,694800
2020-02-11,9.619999885559082,9.649999618530273,9.600000381469727,9.640000343322754,6.359991073608398,336300
2020-02-12,9.680000305175781,9.710000038146973,9.630000114440918,9.670000076293945,6.3797831535339355,463900
2020-02-13,9.579999923706055,9.640000343322754,9.550000190734863,9.5600004196167,6.339992046356201,616100
2020-02-14,9.5600004196167,9.609999656677246,9.539999961853027,9.609999656677246,6.373151779174805,328800
2020-02-18,9.600000381469727,9.600000381469727,9.520000457763672,9.550000190734863,6.33336067199707,284100
2020-02-19,9.579999923706055,9.579999923706055,9.520000457763672,9.529999732971191,6.32009744644165,322000
2020-02-20,9.529999732971191,9.5600004196167,9.460000038146973,9.489999771118164,6.293569564819336,495700
2020-02-21,9.479999542236328,9.479999542236328,9.369999885559082,9.430000305175781,6.253779411315918,823700
2020-02-24,9.220000267028809,9.319999694824219,9.149999618530273,9.239999771118164,6.127774715423584,969300
2020-02-25,9.260000228881836,9.279999732971191,8.850000381469727,8.880000114440918,5.889030456542969,964900
2020-02-26,8.899999618530273,9.029999732971191,8.859999656677246,8.869999885559082,5.8823981285095215,582800
2020-02-27,8.75,8.75,8.449999809265137,8.460000038146973,5.610496520996094,1625300
2020-02-28,8.289999961853027,8.300000190734863,7.880000114440918,8.25,5.471226215362549,1899500
2020-03-02,8.25,8.609999656677246,8.210000038146973,8.609999656677246,5.7099714279174805,1042800
2020-03-03,8.619999885559082,8.760000228881836,8.399999618530273,8.479999542236328,5.623757839202881,648600
2020-03-04,8.600000381469727,8.8100004196167,8.529999732971191,8.779999732971191,5.822713851928711,556700
2020-03-05,8.600000381469727,8.65999984741211,8.460000038146973,8.520000457763672,5.650284290313721,514400
2020-03-06,8.300000190734863,8.369999885559082,8.220000267028809,8.350000381469727,5.537546634674072,581800
2020-03-09,7.929999828338623,7.960000038146973,7.75,7.789999961853027,5.166165828704834,819600
2020-03-10,7.960000038146973,7.980000019073486,7.550000190734863,7.820000171661377,5.186060428619385,998500
2020-03-11,7.670000076293945,7.739999771118164,7.159999847412109,7.239999771118164,4.801416873931885,1194400
2020-03-12,6.739999771118164,6.840000152587891,6.150000095367432,6.159999847412109,4.0851826667785645,1691400
2020-03-13,6.300000190734863,6.519999980926514,6.130000114440918,6.440000057220459,4.305822849273682,2285600
2020-03-16,5.710000038146973,6.079999923706055,5.619999885559082,5.960000038146973,3.9848923683166504,1662200
2020-03-17,5.920000076293945,6.079999923706055,5.619999885559082,6.010000228881836,4.018322467803955,2063800
2020-03-18,5.619999885559082,5.75,4.760000228881836,5.050000190734863,3.37646222114563,1756000
2020-03-19,4.929999828338623,5.659999847412109,4.650000095367432,5.599999904632568,3.7441940307617188,1996200
2020-03-20,5.679999828338623,5.909999847412109,5.349999904632568,5.5,3.6773324012756348,1829600
2020-03-23,5.28000020980835,5.400000095367432,4.940000057220459,5.119999885559082,3.4232640266418457,1996200
2020-03-24,5.400000095367432,5.739999771118164,5.380000114440918,5.590000152587891,3.7375078201293945,1692000
2020-03-25,5.619999885559082,6.25,5.619999885559082,6.0,4.0116376876831055,1358700
2020-03-26,6.130000114440918,6.539999961853027,6.099999904632568,6.480000019073486,4.33256721496582,1408600
2020-03-27,6.28000020980835,6.599999904632568,6.230000019073486,6.53000020980835,4.365997314453125,1260900
2020-03-30,6.579999923706055,6.639999866485596,6.309999942779541,6.570000171661377,4.39274263381958,1123600
2020-03-31,6.670000076293945,6.760000228881836,6.519999980926514,6.53000020980835,4.365997314453125,1134000
2020-04-01,6.21999979019165,6.380000114440918,6.110000133514404,6.150000095367432,4.1119303703308105,1271000
2020-04-02,6.130000114440918,6.320000171661377,6.050000190734863,6.25,4.178788661956787,789800
2020-04-03,6.269999980926514,6.289999961853027,6.010000228881836,6.150000095367432,4.1119303703308105,827000
2020-04-06,6.239999771118164,6.550000190734863,6.230000019073486,6.53000020980835,4.365997314453125,1280600
2020-04-07,6.880000114440918,7.059999942779541,6.730000019073486,6.739999771118164,4.506405353546143,985600
2020-04-08,6.789999961853027,7.070000171661377,6.730000019073486,7.010000228881836,4.686929702758789,830700
2020-04-09,7.199999809265137,7.400000095367432,7.010000228881836,7.090000152587891,4.740416049957275,922900
2020-04-13,7.03000020980835,7.050000190734863,6.869999885559082,7.050000190734863,4.7136735916137695,1056600
2020-04-14,7.110000133514404,7.179999828338623,7.0,7.090000152587891,4.7742767333984375,738100
2020-04-15,6.929999828338623,6.96999979019165,6.849999904632568,6.929999828338623,4.6665358543396,565500
2020-04-16,6.920000076293945,6.940000057220459,6.78000020980835,6.829999923706055,4.599198341369629,607600
2020-04-17,7.050000190734863,7.050000190734863,6.880000114440918,6.960000038146973,4.686738967895508,677300
2020-04-20,6.900000095367432,7.019999980926514,6.860000133514404,6.900000095367432,4.646333694458008,608000
2020-04-21,6.809999942779541,6.820000171661377,6.690000057220459,6.78000020980835,4.565528869628906,488400
2020-04-22,6.829999923706055,6.909999847412109,6.789999961853027,6.829999923706055,4.599198341369629,760900
2020-04-23,6.909999847412109,6.929999828338623,6.769999980926514,6.789999961853027,4.572261333465576,727200
2020-04-24,6.869999885559082,6.980000019073486,6.860000133514404,6.960000038146973,4.686738967895508,1026700
2020-04-27,6.980000019073486,7.119999885559082,6.960000038146973,7.010000228881836,4.7204060554504395,1101900
2020-04-28,7.059999942779541,7.21999979019165,7.050000190734863,7.059999942779541,4.754077911376953,789100
2020-04-29,7.199999809265137,7.320000171661377,7.159999847412109,7.28000020980835,4.902219772338867,626400
2020-04-30,7.320000171661377,7.320000171661377,7.179999828338623,7.230000019073486,4.868550777435303,815500
2020-05-01,7.119999885559082,7.150000095367432,7.019999980926514,7.059999942779541,4.754077911376953,679600
2020-05-04,6.96999979019165,7.03000020980835,6.889999866485596,7.010000228881836,4.7204060554504395,528000
2020-05-05,7.059999942779541,7.150000095367432,7.050000190734863,7.079999923706055,4.767544746398926,345400
2020-05-06,7.119999885559082,7.130000114440918,6.949999809265137,6.980000019073486,4.700204849243164,623400
2020-05-07,7.03000020980835,7.059999942779541,6.949999809265137,7.019999980926514,4.727140426635742,565800
2020-05-08,7.070000171661377,7.159999847412109,7.070000171661377,7.150000095367432,4.8146796226501465,510600
2020-05-11,7.119999885559082,7.159999847412109,7.079999923706055,7.150000095367432,4.8146796226501465,651000
2020-05-12,7.150000095367432,7.179999828338623,7.0,7.010000228881836,4.7204060554504395,1043100
2020-05-13,7.010000228881836,7.019999980926514,6.760000228881836,6.809999942779541,4.585731506347656,1002500
2020-05-14,6.659999847412109,6.820000171661377,6.550000190734863,6.809999942779541,4.619649887084961,701800
2020-05-15,6.78000020980835,6.849999904632568,6.730000019073486,6.78000020980835,4.599297523498535,367800
2020-05-18,6.920000076293945,7.03000020980835,6.920000076293945,7.0,4.748538494110107,627100
2020-05-19,6.96999979019165,7.079999923706055,6.940000057220459,7.010000228881836,4.7553205490112305,519500
2020-05-20,7.099999904632568,7.139999866485596,7.070000171661377,7.090000152587891,4.80958890914917,496400
2020-05-21,7.050000190734863,7.130000114440918,7.050000190734863,7.099999904632568,4.816374778747559,457800
2020-05-22,7.099999904632568,7.110000133514404,7.050000190734863,7.090000152587891,4.80958890914917,681200
2020-05-26,7.170000076293945,7.269999980926514,7.170000076293945,7.190000057220459,4.87742805480957,764100
2020-05-27,7.349999904632568,7.349999904632568,7.230000019073486,7.349999904632568,4.985965251922607,672600
2020-05-28,7.400000095367432,7.420000076293945,7.320000171661377,7.340000152587891,4.979182243347168,693000
2020-05-29,7.389999866485596,7.389999866485596,7.25,7.329999923706055,4.972397327423096,733100
2020-06-01,7.300000190734863,7.420000076293945,7.28000020980835,7.400000095367432,5.019883632659912,535900
2020-06-02,7.440000057220459,7.460000038146973,7.400000095367432,7.460000038146973,5.0605854988098145,427400
2020-06-03,7.550000190734863,7.639999866485596,7.550000190734863,7.630000114440918,5.175905704498291,519900
2020-06-04,7.579999923706055,7.670000076293945,7.579999923706055,7.639999866485596,5.18269157409668,449600
2020-06-05,7.820000171661377,7.900000095367432,7.809999942779541,7.840000152587891,5.318362236022949,630600
2020-06-08,7.940000057220459,7.980000019073486,7.909999847412109,7.980000019073486,5.413331985473633,566500
2020-06-09,7.949999809265137,7.949999809265137,7.869999885559082,7.889999866485596,5.352281093597412,512800
2020-06-10,7.909999847412109,7.929999828338623,7.760000228881836,7.78000020980835,5.277659893035889,471100
2020-06-11,7.599999904632568,7.630000114440918,7.329999923706055,7.360000133514404,4.992747783660889,829900
2020-06-12,7.5,7.53000020980835,7.289999961853027,7.400000095367432,5.054219722747803,441000
2020-06-15,7.239999771118164,7.440000057220459,7.119999885559082,7.389999866485596,5.047389984130859,473000
2020-06-16,7.579999923706055,7.610000133514404,7.429999828338623,7.46999979019165,5.102029800415039,774800
2020-06-17,7.489999771118164,7.5,7.380000114440918,7.389999866485596,5.047389984130859,508500
2020-06-18,7.380000114440918,7.429999828338623,7.349999904632568,7.380000114440918,5.0405592918396,232500
2020-06-19,7.449999809265137,7.489999771118164,7.300000190734863,7.349999904632568,5.020068168640137,566900
2020-06-22,7.360000133514404,7.389999866485596,7.28000020980835,7.349999904632568,5.020068168640137,361500
2020-06-23,7.409999847412109,7.460000038146973,7.400000095367432,7.409999847412109,5.061049938201904,341100
2020-06-24,7.380000114440918,7.380000114440918,7.199999809265137,7.239999771118164,4.9449381828308105,415400
2020-06-25,7.199999809265137,7.269999980926514,7.150000095367432,7.269999980926514,4.965427875518799,476500
2020-06-26,7.199999809265137,7.230000019073486,7.079999923706055,7.099999904632568,4.849318027496338,709500
2020-06-29,7.099999904632568,7.210000038146973,7.099999904632568,7.190000057220459,4.910788059234619,398500
2020-06-30,7.25,7.340000152587891,7.21999979019165,7.340000152587891,5.013239860534668,829000
2020-07-01,7.329999923706055,7.369999885559082,7.289999961853027,7.340000152587891,5.013239860534668,435600
2020-07-02,7.380000114440918,7.429999828338623,7.300000190734863,7.329999923706055,5.006410121917725,729600
2020-07-06,7.380000114440918,7.420000076293945,7.349999904632568,7.389999866485596,5.047389984130859,753100
2020-07-07,7.380000114440918,7.389999866485596,7.320000171661377,7.340000152587891,5.013239860534668,457300
2020-07-08,7.380000114440918,7.380000114440918,7.300000190734863,7.380000114440918,5.0405592918396,612000
2020-07-09,7.409999847412109,7.409999847412109,7.210000038146973,7.269999980926514,4.965427875518799,569400
2020-07-10,7.260000228881836,7.349999904632568,7.239999771118164,7.340000152587891,5.013239860534668,506400
2020-07-13,7.340000152587891,7.389999866485596,7.260000228881836,7.300000190734863,4.985919952392578,703900
2020-07-14,7.260000228881836,7.329999923706055,7.230000019073486,7.320000171661377,5.034057140350342,458100
2020-07-15,7.380000114440918,7.420000076293945,7.340000152587891,7.389999866485596,5.0821990966796875,446600
2020-07-16,7.349999904632568,7.429999828338623,7.329999923706055,7.429999828338623,5.109706401824951,390200
2020-07-17,7.400000095367432,7.440000057220459,7.400000095367432,7.420000076293945,5.102831840515137,321900
2020-07-20,7.429999828338623,7.440000057220459,7.389999866485596,7.420000076293945,5.102831840515137,443100
2020-07-21,7.429999828338623,7.519999980926514,7.429999828338623,7.440000057220459,5.1165852546691895,508000
2020-07-22,7.46999979019165,7.489999771118164,7.409999847412109,7.489999771118164,5.1509690284729,541000
2020-07-23,7.46999979019165,7.489999771118164,7.380000114440918,7.400000095367432,5.089076042175293,466100
2020-07-24,7.380000114440918,7.409999847412109,7.309999942779541,7.360000133514404,5.061566352844238,656000
2020-07-27,7.369999885559082,7.380000114440918,7.329999923706055,7.360000133514404,5.061566352844238,428800
2020-07-28,7.349999904632568,7.369999885559082,7.300000190734863,7.329999923706055,5.04093599319458,417300
2020-07-29,7.349999904632568,7.420000076293945,7.340000152587891,7.420000076293945,5.102831840515137,387100
2020-07-30,7.360000133514404,7.429999828338623,7.300000190734863,7.420000076293945,5.102831840515137,463700
2020-07-31,7.489999771118164,7.489999771118164,7.320000171661377,7.420000076293945,5.102831840515137,600800
2020-08-03,7.420000076293945,7.489999771118164,7.400000095367432,7.480000019073486,5.144093036651611,593500
2020-08-04,7.480000019073486,7.489999771118164,7.460000038146973,7.480000019073486,5.144093036651611,311900
2020-08-05,7.510000228881836,7.539999961853027,7.449999809265137,7.489999771118164,5.1509690284729,446000
2020-08-06,7.480000019073486,7.510000228881836,7.449999809265137,7.510000228881836,5.164723873138428,397900
2020-08-07,7.46999979019165,7.579999923706055,7.46999979019165,7.579999923706055,5.212862491607666,553000
2020-08-10,7.599999904632568,7.679999828338623,7.579999923706055,7.650000095367432,5.261002063751221,717600
2020-08-11,7.690000057220459,7.739999771118164,7.659999847412109,7.690000057220459,5.288511753082275,673800
2020-08-12,7.739999771118164,7.769999980926514,7.710000038146973,7.739999771118164,5.322896480560303,454900
2020-08-13,7.699999809265137,7.699999809265137,7.650000095367432,7.679999828338623,5.315974712371826,398200
2020-08-14,7.659999847412109,7.679999828338623,7.639999866485596,7.670000076293945,5.309053897857666,296800
2020-08-17,7.679999828338623,7.679999828338623,7.610000133514404,7.619999885559082,5.274444103240967,322300
2020-08-18,7.630000114440918,7.639999866485596,7.579999923706055,7.590000152587891,5.253679275512695,306800
2020-08-19,7.610000133514404,7.639999866485596,7.579999923706055,7.599999904632568,5.260601043701172,315900
2020-08-20,7.579999923706055,7.599999904632568,7.53000020980835,7.550000190734863,5.2259907722473145,301500
2020-08-21,7.519999980926514,7.559999942779541,7.46999979019165,7.5,5.191381454467773,382000
2020-08-24,7.539999961853027,7.579999923706055,7.5,7.539999961853027,5.219071388244629,914500
2020-08-25,7.550000190734863,7.599999904632568,7.510000228881836,7.519999980926514,5.205224514007568,1024800
2020-08-26,7.510000228881836,7.539999961853027,7.480000019073486,7.5,5.191381454467773,504000
2020-08-27,7.519999980926514,7.579999923706055,7.519999980926514,7.559999942779541,5.232911586761475,470900
2020-08-28,7.579999923706055,7.599999904632568,7.519999980926514,7.590000152587891,5.253679275512695,475100
2020-08-31,7.599999904632568,7.630000114440918,7.550000190734863,7.599999904632568,5.260601043701172,1032900
2020-09-01,7.610000133514404,7.630000114440918,7.53000020980835,7.630000114440918,5.281365394592285,699300
2020-09-02,7.630000114440918,7.650000095367432,7.579999923706055,7.639999866485596,5.2882890701293945,685600
2020-09-03,7.610000133514404,7.670000076293945,7.460000038146973,7.480000019073486,5.177539825439453,791300
2020-09-04,7.489999771118164,7.590000152587891,7.389999866485596,7.53000020980835,5.212148666381836,829700
2020-09-08,7.420000076293945,7.440000057220459,7.369999885559082,7.380000114440918,5.108319282531738,942700
2020-09-09,7.420000076293945,7.489999771118164,7.409999847412109,7.449999809265137,5.156773567199707,422100
2020-09-10,7.46999979019165,7.489999771118164,7.369999885559082,7.380000114440918,5.108319282531738,481500
2020-09-11,7.389999866485596,7.429999828338623,7.369999885559082,7.420000076293945,5.1360087394714355,508100
2020-09-14,7.409999847412109,7.5,7.409999847412109,7.460000038146973,5.198727607727051,573500
2020-09-15,7.480000019073486,7.519999980926514,7.409999847412109,7.420000076293945,5.170853137969971,599500
2020-09-16,7.440000057220459,7.519999980926514,7.429999828338623,7.46999979019165,5.205695629119873,715600
2020-09-17,7.409999847412109,7.519999980926514,7.409999847412109,7.510000228881836,5.233570575714111,838500
2020-09-18,7.5,7.53000020980835,7.46999979019165,7.519999980926514,5.240538120269775,698700
2020-09-21,7.449999809265137,7.449999809265137,7.300000190734863,7.360000133514404,5.129038333892822,1085600
2020-09-22,7.369999885559082,7.420000076293945,7.28000020980835,7.329999923706055,5.108132362365723,728700
2020-09-23,7.360000133514404,7.380000114440918,7.170000076293945,7.190000057220459,5.0105695724487305,746000
2020-09-24,7.170000076293945,7.230000019073486,7.099999904632568,7.170000076293945,4.996631622314453,980800
2020-09-25,7.119999885559082,7.239999771118164,7.119999885559082,7.239999771118164,5.045413494110107,570300
2020-09-28,7.300000190734863,7.340000152587891,7.28000020980835,7.28000020980835,5.073287487030029,642000
2020-09-29,7.28000020980835,7.309999942779541,7.230000019073486,7.309999942779541,5.094193935394287,511500
2020-09-30,7.369999885559082,7.389999866485596,7.309999942779541,7.309999942779541,5.094193935394287,844000
2020-10-01,7.329999923706055,7.369999885559082,7.269999980926514,7.28000020980835,5.073287487030029,956500
2020-10-02,7.179999828338623,7.28000020980835,7.179999828338623,7.28000020980835,5.073287487030029,562100
2020-10-05,7.289999961853027,7.360000133514404,7.289999961853027,7.360000133514404,5.129038333892822,650500
2020-10-06,7.369999885559082,7.409999847412109,7.289999961853027,7.309999942779541,5.094193935394287,910500
2020-10-07,7.380000114440918,7.429999828338623,7.349999904632568,7.409999847412109,5.163882255554199,613800
2020-10-08,7.449999809265137,7.460000038146973,7.420000076293945,7.460000038146973,5.198727607727051,455300
2020-10-09,7.5,7.510000228881836,7.449999809265137,7.46999979019165,5.205695629119873,524700
2020-10-12,7.489999771118164,7.550000190734863,7.480000019073486,7.550000190734863,5.261445999145508,442800
2020-10-13,7.539999961853027,7.539999961853027,7.46999979019165,7.5,5.226603031158447,522600
2020-10-14,7.449999809265137,7.46999979019165,7.380000114440918,7.389999866485596,5.184508323669434,419300
2020-10-15,7.320000171661377,7.360000133514404,7.300000190734863,7.340000152587891,5.149430751800537,719900
2020-10-16,7.349999904632568,7.400000095367432,7.340000152587891,7.360000133514404,5.163461685180664,575500
2020-10-19,7.360000133514404,7.389999866485596,7.25,7.28000020980835,5.10733699798584,465700
2020-10-20,7.289999961853027,7.380000114440918,7.289999961853027,7.320000171661377,5.135401248931885,443100
2020-10-21,7.289999961853027,7.380000114440918,7.289999961853027,7.340000152587891,5.149430751800537,596100
2020-10-22,7.389999866485596,7.46999979019165,7.329999923706055,7.449999809265137,5.226603031158447,1092200
2020-10-23,7.489999771118164,7.489999771118164,7.449999809265137,7.449999809265137,5.226603031158447,478200
2020-10-26,7.400000095367432,7.409999847412109,7.269999980926514,7.329999923706055,5.1424150466918945,531000
2020-10-27,7.289999961853027,7.309999942779541,7.210000038146973,7.21999979019165,5.065243244171143,555100
2020-10-28,7.099999904632568,7.150000095367432,7.019999980926514,7.019999980926514,4.924933433532715,781300
2020-10-29,7.010000228881836,7.119999885559082,6.989999771118164,7.090000152587891,4.9740424156188965,599000
2020-10-30,7.090000152587891,7.099999904632568,6.989999771118164,7.010000228881836,4.917917251586914,950400
2020-11-02,7.03000020980835,7.130000114440918,7.03000020980835,7.079999923706055,4.967026233673096,458000
2020-11-03,7.159999847412109,7.28000020980835,7.159999847412109,7.269999980926514,5.1003193855285645,398500
2020-11-04,7.300000190734863,7.429999828338623,7.28000020980835,7.329999923706055,5.1424150466918945,828600
2020-11-05,7.369999885559082,7.46999979019165,7.369999885559082,7.449999809265137,5.226603031158447,743600
2020-11-06,7.46999979019165,7.480000019073486,7.380000114440918,7.400000095367432,5.191524982452393,478900
2020-11-09,7.639999866485596,7.739999771118164,7.559999942779541,7.559999942779541,5.303774356842041,1156200
2020-11-10,7.599999904632568,7.690000057220459,7.599999904632568,7.670000076293945,5.380943775177002,819200
2020-11-11,7.710000038146973,7.800000190734863,7.699999809265137,7.760000228881836,5.444086074829102,711600
2020-11-12,7.739999771118164,7.739999771118164,7.659999847412109,7.690000057220459,5.394976615905762,597300
2020-11-13,7.690000057220459,7.769999980926514,7.679999828338623,7.739999771118164,5.465590000152588,470800
2020-11-16,7.809999942779541,7.929999828338623,7.769999980926514,7.880000114440918,5.564451694488525,812400
2020-11-17,7.869999885559082,8.0600004196167,7.869999885559082,8.050000190734863,5.684497356414795,1493700
2020-11-18,8.079999923706055,8.199999809265137,8.069999694824219,8.100000381469727,5.7198052406311035,1683800
2020-11-19,8.09000015258789,8.119999885559082,8.0600004196167,8.100000381469727,5.7198052406311035,503900
2020-11-20,8.0600004196167,8.109999656677246,8.039999961853027,8.050000190734863,5.684497356414795,615000
2020-11-23,8.079999923706055,8.170000076293945,8.079999923706055,8.15999984741211,5.762173175811768,494600
2020-11-24,8.199999809265137,8.319999694824219,8.1899995803833,8.279999732971191,5.846911907196045,708100
2020-11-25,8.260000228881836,8.279999732971191,8.220000267028809,8.229999542236328,5.811602592468262,350400
2020-11-27,8.239999771118164,8.25,8.220000267028809,8.229999542236328,5.811602592468262,231700
2020-11-30,8.260000228881836,8.279999732971191,8.15999984741211,8.199999809265137,5.790419578552246,650300
2020-12-01,8.270000457763672,8.350000381469727,8.260000228881836,8.3100004196167,5.868095874786377,483400
2020-12-02,8.300000190734863,8.380000114440918,8.270000457763672,8.34000015258789,5.889279365539551,416600
2020-12-03,8.329999923706055,8.390000343322754,8.289999961853027,8.300000190734863,5.861032962799072,825000
2020-12-04,8.319999694824219,8.470000267028809,8.319999694824219,8.470000267028809,5.981080055236816,498300
2020-12-07,8.420000076293945,8.4399995803833,8.350000381469727,8.399999618530273,5.931648254394531,583700
2020-12-08,8.399999618530273,8.420000076293945,8.350000381469727,8.420000076293945,5.945770740509033,956800
2020-12-09,8.420000076293945,8.449999809265137,8.359999656677246,8.390000343322754,5.924588680267334,909700
2020-12-10,8.359999656677246,8.390000343322754,8.3100004196167,8.329999923706055,5.882218837738037,402100
2020-12-11,8.329999923706055,8.34000015258789,8.270000457763672,8.3100004196167,5.868095874786377,471000
2020-12-14,8.329999923706055,8.350000381469727,8.289999961853027,8.300000190734863,5.896513938903809,594900
2020-12-15,8.34000015258789,8.390000343322754,8.3100004196167,8.369999885559082,5.946243762969971,641800
2020-12-16,8.369999885559082,8.399999618530273,8.350000381469727,8.369999885559082,5.946243762969971,441100
2020-12-17,8.380000114440918,8.40999984741211,8.359999656677246,8.390000343322754,5.960450649261475,355600
2020-12-18,8.40999984741211,8.40999984741211,8.279999732971191,8.350000381469727,5.932034969329834,452200
2020-12-21,8.319999694824219,8.390000343322754,8.25,8.369999885559082,5.946243762969971,542600
2020-12-22,8.350000381469727,8.359999656677246,8.289999961853027,8.350000381469727,5.932034969329834,279900
2020-12-23,8.34000015258789,8.40999984741211,8.319999694824219,8.380000114440918,5.953346252441406,696000
2020-12-24,8.399999618530273,8.40999984741211,8.300000190734863,8.350000381469727,5.932034969329834,339600
2020-12-28,8.390000343322754,8.420000076293945,8.34000015258789,8.359999656677246,5.939136981964111,455600
2020-12-29,8.359999656677246,8.390000343322754,8.34000015258789,8.350000381469727,5.932034969329834,459700
2020-12-30,8.329999923706055,8.399999618530273,8.329999923706055,8.390000343322754,5.960450649261475,380600
2020-12-31,8.430000305175781,8.470000267028809,8.399999618530273,8.470000267028809,6.017285346984863,652700
2021-01-04,8.470000267028809,8.479999542236328,8.3100004196167,8.430000305175781,5.98886775970459,782800
2021-01-05,8.380000114440918,8.470000267028809,8.329999923706055,8.460000038146973,6.010181427001953,505100
2021-01-06,8.449999809265137,8.649999618530273,8.4399995803833,8.579999923706055,6.095429420471191,964800
2021-01-07,8.640000343322754,8.710000038146973,8.630000114440918,8.640000343322754,6.138057708740234,837200
2021-01-08,8.6899995803833,8.6899995803833,8.579999923706055,8.670000076293945,6.15936803817749,482300
2021-01-11,8.649999618530273,8.710000038146973,8.609999656677246,8.699999809265137,6.180681228637695,591300
2021-01-12,8.720000267028809,8.770000457763672,8.6899995803833,8.739999771118164,6.209098815917969,457100
2021-01-13,8.739999771118164,8.760000228881836,8.680000305175781,8.699999809265137,6.180681228637695,816300
2021-01-14,8.65999984741211,8.680000305175781,8.619999885559082,8.649999618530273,6.1806793212890625,1080100
2021-01-15,8.619999885559082,8.619999885559082,8.539999961853027,8.600000381469727,6.144956588745117,397500
2021-01-19,8.649999618530273,8.6899995803833,8.59000015258789,8.609999656677246,6.152101039886475,571500
2021-01-20,8.640000343322754,8.649999618530273,8.619999885559082,8.619999885559082,6.159244537353516,705700
2021-01-21,8.65999984741211,8.720000267028809,8.569999694824219,8.630000114440918,6.166390895843506,480700
2021-01-22,8.600000381469727,8.600000381469727,8.520000457763672,8.550000190734863,6.109227657318115,658400
2021-01-25,8.5600004196167,8.600000381469727,8.430000305175781,8.550000190734863,6.109227657318115,545800
2021-01-26,8.569999694824219,8.569999694824219,8.5,8.520000457763672,6.087793350219727,589900
2021-01-27,8.479999542236328,8.5,8.270000457763672,8.3100004196167,5.937742710113525,679400
2021-01-28,8.289999961853027,8.40999984741211,8.270000457763672,8.350000381469727,5.9663238525390625,831800
2021-01-29,8.369999885559082,8.390000343322754,8.210000038146973,8.289999961853027,5.923451900482178,729200
2021-02-01,8.329999923706055,8.350000381469727,8.25,8.329999923706055,5.952033042907715,610100
2021-02-02,8.380000114440918,8.460000038146973,8.380000114440918,8.4399995803833,6.030631065368652,482000
2021-02-03,8.460000038146973,8.5,8.420000076293945,8.5,6.073502063751221,402800
2021-02-04,8.510000228881836,8.609999656677246,8.510000228881836,8.600000381469727,6.144956588745117,457400
2021-02-05,8.640000343322754,8.670000076293945,8.609999656677246,8.640000343322754,6.173537254333496,434900
2021-02-08,8.6899995803833,8.699999809265137,8.609999656677246,8.680000305175781,6.202117919921875,576400
2021-02-09,8.640000343322754,8.699999809265137,8.619999885559082,8.670000076293945,6.194972038269043,841500
2021-02-10,8.670000076293945,8.729999542236328,8.65999984741211,8.710000038146973,6.223555088043213,730400
2021-02-11,8.729999542236328,8.739999771118164,8.65999984741211,8.720000267028809,6.23069953918457,505600
2021-02-12,8.670000076293945,8.6899995803833,8.640000343322754,8.65999984741211,6.223512172698975,488000
2021-02-16,8.670000076293945,8.739999771118164,8.670000076293945,8.739999771118164,6.281003475189209,644700
2021-02-17,8.6899995803833,8.739999771118164,8.670000076293945,8.729999542236328,6.273818016052246,534000
2021-02-18,8.710000038146973,8.770000457763672,8.670000076293945,8.739999771118164,6.281003475189209,664000
2021-02-19,8.779999732971191,8.800000190734863,8.739999771118164,8.75,6.2881927490234375,421200
2021-02-22,8.720000267028809,8.819999694824219,8.720000267028809,8.800000190734863,6.324123382568359,546900
2021-02-23,8.770000457763672,8.779999732971191,8.6899995803833,8.739999771118164,6.281003475189209,1128400
2021-02-24,8.699999809265137,8.859999656677246,8.699999809265137,8.8100004196167,6.331310749053955,907300
2021-02-25,8.829999923706055,8.869999885559082,8.720000267028809,8.770000457763672,6.302565574645996,746400
2021-02-26,8.8100004196167,8.819999694824219,8.649999618530273,8.729999542236328,6.273818016052246,572300
2021-03-01,8.779999732971191,8.899999618530273,8.779999732971191,8.869999885559082,6.374429225921631,548300
2021-03-02,8.859999656677246,8.930000305175781,8.829999923706055,8.90999984741211,6.403174877166748,428100
2021-03-03,8.869999885559082,8.979999542236328,8.869999885559082,8.920000076293945,6.4103617668151855,615000
2021-03-04,8.930000305175781,8.970000267028809,8.760000228881836,8.859999656677246,6.367242336273193,801100
2021-03-05,8.90999984741211,8.989999771118164,8.800000190734863,8.979999542236328,6.453480243682861,526500
2021-03-08,8.989999771118164,9.130000114440918,8.970000267028809,9.020000457763672,6.482227802276611,679100
2021-03-09,9.09000015258789,9.15999984741211,9.039999961853027,9.109999656677246,6.546904563903809,541500
2021-03-10,9.130000114440918,9.239999771118164,9.130000114440918,9.239999771118164,6.640328407287598,653000
2021-03-11,9.25,9.289999961853027,9.210000038146973,9.220000267028809,6.625955581665039,579200
2021-03-12,9.180000305175781,9.229999542236328,9.15999984741211,9.229999542236328,6.669310092926025,361800
2021-03-15,9.260000228881836,9.279999732971191,9.1899995803833,9.25,6.683762550354004,550300
2021-03-16,9.25,9.260000228881836,9.170000076293945,9.229999542236328,6.669310092926025,383700
2021-03-17,9.199999809265137,9.289999961853027,9.199999809265137,9.270000457763672,6.698215007781982,472300
2021-03-18,9.229999542236328,9.300000190734863,9.229999542236328,9.260000228881836,6.690988063812256,450700
2021-03-19,9.260000228881836,9.279999732971191,9.210000038146973,9.239999771118164,6.676537036895752,455500
2021-03-22,9.25,9.289999961853027,9.239999771118164,9.270000457763672,6.698215007781982,447100
2021-03-23,9.270000457763672,9.289999961853027,9.210000038146973,9.220000267028809,6.662085056304932,383100
2021-03-24,9.229999542236328,9.34000015258789,9.229999542236328,9.270000457763672,6.698215007781982,750000
2021-03-25,9.239999771118164,9.289999961853027,9.180000305175781,9.279999732971191,6.705440044403076,544300
2021-03-26,9.319999694824219,9.390000343322754,9.3100004196167,9.380000114440918,6.777696132659912,353900
2021-03-29,9.369999885559082,9.399999618530273,9.319999694824219,9.390000343322754,6.784924030303955,399800
2021-03-30,9.390000343322754,9.399999618530273,9.34000015258789,9.390000343322754,6.784924030303955,376100
2021-03-31,9.399999618530273,9.470000267028809,9.399999618530273,9.460000038146973,6.835503101348877,514800
2021-04-01,9.489999771118164,9.520000457763672,9.399999618530273,9.449999809265137,6.828274726867676,796300
2021-04-05,9.470000267028809,9.5,9.460000038146973,9.5,6.864406585693359,401400
2021-04-06,9.470000267028809,9.520000457763672,9.460000038146973,9.489999771118164,6.857181549072266,488900
2021-04-07,9.510000228881836,9.5600004196167,9.510000228881836,9.550000190734863,6.900534152984619,306900
2021-04-08,9.59000015258789,9.59000015258789,9.5,9.579999923706055,6.922210216522217,529600
2021-04-09,9.600000381469727,9.6899995803833,9.59000015258789,9.6899995803833,7.00169038772583,444800
2021-04-12,9.699999809265137,9.710000038146973,9.649999618530273,9.6899995803833,7.00169038772583,360600
2021-04-13,9.699999809265137,9.710000038146973,9.65999984741211,9.6899995803833,7.00169038772583,328800
2021-04-14,9.65999984741211,9.720000267028809,9.65999984741211,9.670000076293945,7.023481369018555,372000
2021-04-15,9.6899995803833,9.739999771118164,9.6899995803833,9.729999542236328,7.0670599937438965,321200
2021-04-16,9.75,9.850000381469727,9.729999542236328,9.800000190734863,7.117902755737305,462800
2021-04-19,9.789999961853027,9.819999694824219,9.770000457763672,9.819999694824219,7.1324310302734375,478800
2021-04-20,9.819999694824219,9.819999694824219,9.710000038146973,9.729999542236328,7.0670599937438965,479900
2021-04-21,9.720000267028809,9.829999923706055,9.720000267028809,9.829999923706055,7.13969612121582,472600
2021-04-22,9.84000015258789,9.850000381469727,9.75,9.770000457763672,7.096113681793213,673800
2021-04-23,9.800000190734863,9.84000015258789,9.779999732971191,9.800000190734863,7.117902755737305,409200
2021-04-26,9.84000015258789,9.859999656677246,9.8100004196167,9.850000381469727,7.154222011566162,442000
2021-04-27,9.850000381469727,9.869999885559082,9.819999694824219,9.859999656677246,7.16148042678833,346400
2021-04-28,9.869999885559082,9.890000343322754,9.859999656677246,9.890000343322754,7.183272838592529,345500
2021-04-29,9.890000343322754,9.960000038146973,9.869999885559082,9.899999618530273,7.190532684326172,750900
2021-04-30,9.920000076293945,9.960000038146973,9.890000343322754,9.930000305175781,7.212326526641846,462000
2021-05-03,9.960000038146973,10.0,9.960000038146973,10.0,7.263168811798096,462000
2021-05-04,9.989999771118164,9.989999771118164,9.899999618530273,9.989999771118164,7.2559027671813965,402000
2021-05-05,10.010000228881836,10.010000228881836,9.970000267028809,9.989999771118164,7.2559027671813965,288400
2021-05-06,10.020000457763672,10.09000015258789,9.960000038146973,10.09000015258789,7.328534126281738,427300
2021-05-07,10.100000381469727,10.15999984741211,10.079999923706055,10.15999984741211,7.3793792724609375,320500
2021-05-10,10.199999809265137,10.260000228881836,10.09000015258789,10.109999656677246,7.343061447143555,845000
2021-05-11,10.079999923706055,10.109999656677246,9.970000267028809,10.0600004196167,7.30674409866333,638200
2021-05-12,10.020000457763672,10.050000190734863,9.859999656677246,9.869999885559082,7.168745517730713,606300
2021-05-13,9.850000381469727,9.979999542236328,9.829999923706055,9.9399995803833,7.25634765625,516000
2021-05-14,9.979999542236328,10.0600004196167,9.970000267028809,10.0600004196167,7.343950271606445,399600
2021-05-17,10.069999694824219,10.109999656677246,10.020000457763672,10.109999656677246,7.380451202392578,448400
2021-05-18,10.130000114440918,10.15999984741211,10.109999656677246,10.119999885559082,7.387748718261719,393500
2021-05-19,10.0600004196167,10.100000381469727,10.0,10.100000381469727,7.37315034866333,502100
2021-05-20,10.100000381469727,10.199999809265137,10.100000381469727,10.15999984741211,7.416952610015869,350800
2021-05-21,10.1899995803833,10.25,10.15999984741211,10.210000038146973,7.453452110290527,369100
2021-05-24,10.25,10.300000190734863,10.239999771118164,10.300000190734863,7.5191521644592285,308800
2021-05-25,10.34000015258789,10.34000015258789,10.239999771118164,10.260000228881836,7.489953994750977,260900
2021-05-26,10.289999961853027,10.300000190734863,10.220000267028809,10.220000267028809,7.460753440856934,332100
2021-05-27,10.270000457763672,10.34000015258789,10.25,10.279999732971191,7.504550457000732,504800
2021-05-28,10.359999656677246,10.369999885559082,10.289999961853027,10.34000015258789,7.5483551025390625,454600
2021-06-01,10.380000114440918,10.430000305175781,10.359999656677246,10.399999618530273,7.592154026031494,437800
2021-06-02,10.380000114440918,10.4399995803833,10.350000381469727,10.350000381469727,7.555652618408203,527100
2021-06-03,10.319999694824219,10.399999618530273,10.300000190734863,10.369999885559082,7.570253849029541,637000
2021-06-04,10.420000076293945,10.479999542236328,10.399999618530273,10.460000038146973,7.6359543800354,377300
2021-06-07,10.489999771118164,10.520000457763672,10.420000076293945,10.479999542236328,7.650554180145264,499800
2021-06-08,10.479999542236328,10.550000190734863,10.40999984741211,10.510000228881836,7.672457218170166,584100
2021-06-09,10.5600004196167,10.65999984741211,10.520000457763672,10.569999694824219,7.716256141662598,562800
2021-06-10,10.630000114440918,10.649999618530273,10.5600004196167,10.569999694824219,7.716256141662598,290900
2021-06-11,10.630000114440918,10.670000076293945,10.59000015258789,10.670000076293945,7.7892608642578125,292500
2021-06-14,10.670000076293945,10.6899995803833,10.529999732971191,10.539999961853027,7.730582237243652,435600
2021-06-15,10.59000015258789,10.59000015258789,10.319999694824219,10.369999885559082,7.605893611907959,1002400
2021-06-16,10.350000381469727,10.430000305175781,10.300000190734863,10.34000015258789,7.583892822265625,350200
2021-06-17,10.40999984741211,10.40999984741211,10.0,10.020000457763672,7.34918737411499,1029600
2021-06-18,9.960000038146973,9.970000267028809,9.84000015258789,9.84000015258789,7.217166423797607,709700
2021-06-21,9.880000114440918,9.970000267028809,9.880000114440918,9.9399995803833,7.290513038635254,595700
2021-06-22,9.960000038146973,10.029999732971191,9.949999809265137,10.0,7.3345184326171875,443500
2021-06-23,10.069999694824219,10.069999694824219,9.989999771118164,10.020000457763672,7.34918737411499,334700
2021-06-24,10.079999923706055,10.149999618530273,10.020000457763672,10.100000381469727,7.407863140106201,382700
2021-06-25,10.149999618530273,10.149999618530273,10.100000381469727,10.140000343322754,7.437201976776123,279200
2021-06-28,10.149999618530273,10.210000038146973,10.130000114440918,10.199999809265137,7.481208801269531,384200
2021-06-29,10.210000038146973,10.210000038146973,10.130000114440918,10.210000038146973,7.48854398727417,428600
2021-06-30,10.239999771118164,10.25,10.119999885559082,10.130000114440918,7.429867744445801,857300
2021-07-01,10.180000305175781,10.239999771118164,10.170000076293945,10.199999809265137,7.481208801269531,373200
2021-07-02,10.239999771118164,10.239999771118164,10.15999984741211,10.15999984741211,7.451869487762451,259900
2021-07-06,10.149999618530273,10.15999984741211,10.029999732971191,10.039999961853027,7.363855361938477,528600
2021-07-07,10.039999961853027,10.109999656677246,10.0,10.109999656677246,7.415196418762207,365500
2021-07-08,10.050000190734863,10.050000190734863,9.869999885559082,9.869999885559082,7.239169120788574,632400
2021-07-09,9.949999809265137,10.020000457763672,9.920000076293945,9.970000267028809,7.312513828277588,395100
2021-07-12,10.029999732971191,10.25,10.029999732971191,10.170000076293945,7.4592061042785645,620800
2021-07-13,10.199999809265137,10.239999771118164,10.15999984741211,10.170000076293945,7.4592061042785645,565300
2021-07-14,10.199999809265137,10.199999809265137,10.109999656677246,10.140000343322754,7.473947048187256,446000
2021-07-15,10.170000076293945,10.170000076293945,10.050000190734863,10.050000190734863,7.407609462738037,425100
2021-07-16,10.109999656677246,10.130000114440918,9.970000267028809,9.979999542236328,7.356013298034668,1254200
2021-07-19,9.920000076293945,9.920000076293945,9.729999542236328,9.779999732971191,7.208599090576172,762300
2021-07-20,9.800000190734863,10.0,9.800000190734863,9.979999542236328,7.356013298034668,332100
2021-07-21,10.029999732971191,10.130000114440918,10.029999732971191,10.069999694824219,7.422351837158203,342000
2021-07-22,10.079999923706055,10.079999923706055,10.020000457763672,10.029999732971191,7.392869472503662,270400
2021-07-23,10.09000015258789,10.119999885559082,10.020000457763672,10.0600004196167,7.414981842041016,340800
2021-07-26,10.069999694824219,10.119999885559082,10.050000190734863,10.069999694824219,7.422351837158203,338700
2021-07-27,10.069999694824219,10.079999923706055,10.0,10.039999961853027,7.400237560272217,277300
2021-07-28,10.069999694824219,10.140000343322754,10.0600004196167,10.100000381469727,7.444463729858398,292300
2021-07-29,10.109999656677246,10.220000267028809,10.109999656677246,10.210000038146973,7.525542736053467,278800
2021-07-30,10.210000038146973,10.270000457763672,10.1899995803833,10.220000267028809,7.532914161682129,402200
2021-08-02,10.229999542236328,10.300000190734863,10.210000038146973,10.210000038146973,7.525542736053467,307000
2021-08-03,10.220000267028809,10.239999771118164,10.15999984741211,10.229999542236328,7.540283679962158,334300
2021-08-04,10.220000267028809,10.260000228881836,10.020000457763672,10.050000190734863,7.407609462738037,995700
2021-08-05,10.069999694824219,10.109999656677246,10.039999961853027,10.109999656677246,7.451833248138428,342000
2021-08-06,10.149999618530273,10.1899995803833,10.140000343322754,10.170000076293945,7.496059894561768,218700
2021-08-09,10.199999809265137,10.220000267028809,10.180000305175781,10.199999809265137,7.518171787261963,233600
2021-08-10,10.25,10.270000457763672,10.220000267028809,10.270000457763672,7.569764614105225,220700
2021-08-11,10.270000457763672,10.34000015258789,10.270000457763672,10.3100004196167,7.59924840927124,480600
2021-08-12,10.300000190734863,10.329999923706055,10.279999732971191,10.319999694824219,7.606617450714111,301100
2021-08-13,10.3100004196167,10.3100004196167,10.220000267028809,10.239999771118164,7.584399700164795,258300
2021-08-16,10.260000228881836,10.260000228881836,10.15999984741211,10.239999771118164,7.584399700164795,378000
2021-08-17,10.220000267028809,10.220000267028809,10.130000114440918,10.15999984741211,7.525145053863525,383900
2021-08-18,10.15999984741211,10.210000038146973,10.119999885559082,10.119999885559082,7.495521545410156,236000
2021-08-19,10.069999694824219,10.140000343322754,10.029999732971191,10.109999656677246,7.488114356994629,413500
2021-08-20,10.130000114440918,10.130000114440918,10.0600004196167,10.09000015258789,7.473299503326416,326400
2021-08-23,10.149999618530273,10.199999809265137,10.130000114440918,10.180000305175781,7.539960861206055,419400
2021-08-24,10.199999809265137,10.25,10.180000305175781,10.229999542236328,7.5769944190979,217900
2021-08-25,10.229999542236328,10.270000457763672,10.220000267028809,10.239999771118164,7.584399700164795,211500
2021-08-26,10.25,10.260000228881836,10.140000343322754,10.15999984741211,7.525145053863525,224400
2021-08-27,10.1899995803833,10.220000267028809,10.15999984741211,10.199999809265137,7.554774284362793,235300
2021-08-30,10.210000038146973,10.210000038146973,10.130000114440918,10.140000343322754,7.5103349685668945,481600
2021-08-31,10.1899995803833,10.229999542236328,10.119999885559082,10.1899995803833,7.547368049621582,450700
2021-09-01,10.229999542236328,10.229999542236328,10.170000076293945,10.199999809265137,7.554774284362793,282700
2021-09-02,10.220000267028809,10.239999771118164,10.199999809265137,10.239999771118164,7.584399700164795,200000
2021-09-03,10.239999771118164,10.260000228881836,10.180000305175781,10.199999809265137,7.554774284362793,247600
2021-09-07,10.1899995803833,10.210000038146973,10.170000076293945,10.210000038146973,7.5621819496154785,248700
2021-09-08,10.180000305175781,10.199999809265137,10.09000015258789,10.119999885559082,7.495521545410156,363800
2021-09-09,10.140000343322754,10.1899995803833,10.100000381469727,10.130000114440918,7.502927303314209,286300
2021-09-10,10.149999618530273,10.180000305175781,10.0600004196167,10.079999923706055,7.465895652770996,239700
2021-09-13,10.140000343322754,10.170000076293945,10.079999923706055,10.100000381469727,7.48070764541626,275600
2021-09-14,10.109999656677246,10.109999656677246,9.970000267028809,9.979999542236328,7.42860221862793,347200
2021-09-15,9.989999771118164,10.050000190734863,9.960000038146973,10.039999961853027,7.473264217376709,346800
2021-09-16,10.0600004196167,10.09000015258789,10.010000228881836,10.010000228881836,7.45093297958374,270900
2021-09-17,10.010000228881836,10.029999732971191,9.949999809265137,9.970000267028809,7.421159267425537,253400
2021-09-20,9.84000015258789,9.850000381469727,9.649999618530273,9.779999732971191,7.279732704162598,629800
2021-09-21,9.800000190734863,9.880000114440918,9.789999961853027,9.8100004196167,7.302064895629883,330400
2021-09-22,9.869999885559082,9.930000305175781,9.819999694824219,9.890000343322754,7.361612796783447,812700
2021-09-23,9.960000038146973,10.020000457763672,9.920000076293945,9.989999771118164,7.436046123504639,381400
2021-09-24,9.989999771118164,10.029999732971191,9.960000038146973,9.979999542236328,7.42860221862793,311100
2021-09-27,10.0,10.020000457763672,9.920000076293945,9.949999809265137,7.40627384185791,540200
2021-09-28,9.899999618530273,9.9399995803833,9.8100004196167,9.829999923706055,7.316952228546143,542100
2021-09-29,9.84000015258789,9.9399995803833,9.84000015258789,9.930000305175781,7.391386985778809,387300
2021-09-30,10.010000228881836,10.010000228881836,9.800000190734863,9.800000190734863,7.294620037078857,585800
2021-10-01,9.829999923706055,9.960000038146973,9.720000267028809,9.9399995803833,7.398830890655518,444200
2021-10-04,9.9399995803833,9.979999542236328,9.8100004196167,9.84000015258789,7.324394702911377,444100
2021-10-05,9.899999618530273,9.989999771118164,9.880000114440918,9.979999542236328,7.42860221862793,427600
2021-10-06,9.899999618530273,9.979999542236328,9.8100004196167,9.970000267028809,7.421159267425537,463400
2021-10-07,10.0,10.079999923706055,9.979999542236328,10.010000228881836,7.45093297958374,448000
2021-10-08,10.039999961853027,10.079999923706055,10.020000457763672,10.069999694824219,7.495595455169678,257400
2021-10-11,10.079999923706055,10.180000305175781,10.050000190734863,10.069999694824219,7.495595455169678,366600
2021-10-12,10.130000114440918,10.130000114440918,10.039999961853027,10.079999923706055,7.50303840637207,274600
2021-10-13,10.109999656677246,10.109999656677246,10.010000228881836,10.109999656677246,7.525369167327881,286500
2021-10-14,10.130000114440918,10.149999618530273,10.109999656677246,10.149999618530273,7.5926923751831055,316400
2021-10-15,10.149999618530273,10.220000267028809,10.100000381469727,10.220000267028809,7.6450581550598145,327200
2021-10-18,10.210000038146973,10.279999732971191,10.180000305175781,10.270000457763672,7.6824564933776855,455200
2021-10-19,10.300000190734863,10.3100004196167,10.229999542236328,10.279999732971191,7.689939975738525,270200
2021-10-20,10.300000190734863,10.359999656677246,10.279999732971191,10.350000381469727,7.742300987243652,214000
2021-10-21,10.319999694824219,10.380000114440918,10.289999961853027,10.289999961853027,7.697421073913574,344800
2021-10-22,10.300000190734863,10.369999885559082,10.279999732971191,10.369999885559082,7.757264614105225,389400
2021-10-25,10.369999885559082,10.40999984741211,10.319999694824219,10.34000015258789,7.73482608795166,315200
2021-10-26,10.359999656677246,10.390000343322754,10.34000015258789,10.369999885559082,7.757264614105225,238100
2021-10-27,10.390000343322754,10.399999618530273,10.229999542236328,10.229999542236328,7.652535915374756,304000
2021-10-28,10.25,10.3100004196167,10.229999542236328,10.300000190734863,7.704901218414307,374000
2021-10-29,10.3100004196167,10.34000015258789,10.279999732971191,10.319999694824219,7.719858646392822,329100
2021-11-01,10.319999694824219,10.329999923706055,10.289999961853027,10.319999694824219,7.719858646392822,293600
2021-11-02,10.350000381469727,10.399999618530273,10.319999694824219,10.369999885559082,7.757264614105225,326200
2021-11-03,10.380000114440918,10.399999618530273,10.300000190734863,10.369999885559082,7.757264614105225,201100
2021-11-04,10.390000343322754,10.399999618530273,10.289999961853027,10.319999694824219,7.719858646392822,396800
2021-11-05,10.329999923706055,10.359999656677246,10.260000228881836,10.270000457763672,7.6824564933776855,514000
2021-11-08,10.319999694824219,10.350000381469727,10.289999961853027,10.319999694824219,7.719858646392822,236500
2021-11-09,10.270000457763672,10.329999923706055,10.229999542236328,10.3100004196167,7.712377548217773,216700
2021-11-10,10.3100004196167,10.359999656677246,10.3100004196167,10.319999694824219,7.719858646392822,236800
2021-11-11,10.350000381469727,10.380000114440918,10.329999923706055,10.359999656677246,7.749785900115967,187300
2021-11-12,10.350000381469727,10.350000381469727,10.239999771118164,10.3100004196167,7.749785423278809,210700
2021-11-15,10.319999694824219,10.34000015258789,10.289999961853027,10.289999961853027,7.734748363494873,220400
2021-11-16,10.3100004196167,10.3100004196167,10.239999771118164,10.260000228881836,7.712201118469238,244300
2021-11-17,10.260000228881836,10.260000228881836,10.15999984741211,10.1899995803833,7.659580707550049,234700
2021-11-18,10.210000038146973,10.220000267028809,10.079999923706055,10.100000381469727,7.5919294357299805,472200
2021-11-19,10.09000015258789,10.09000015258789,9.949999809265137,9.979999542236328,7.501729965209961,514300
2021-11-22,10.0,10.079999923706055,9.989999771118164,10.069999694824219,7.569382190704346,541600
2021-11-23,10.079999923706055,10.140000343322754,10.069999694824219,10.130000114440918,7.61448335647583,336000
2021-11-24,10.119999885559082,10.149999618530273,10.09000015258789,10.100000381469727,7.5919294357299805,252800
2021-11-26,9.979999542236328,9.989999771118164,9.84000015258789,9.930000305175781,7.464145183563232,330200
2021-11-29,10.0,10.0,9.829999923706055,9.9399995803833,7.471662521362305,491300
2021-11-30,9.9399995803833,9.9399995803833,9.710000038146973,9.729999542236328,7.313809871673584,711800
2021-12-01,9.800000190734863,9.899999618530273,9.569999694824219,9.579999923706055,7.201058387756348,496600
2021-12-02,9.600000381469727,9.760000228881836,9.600000381469727,9.739999771118164,7.321325302124023,273700
2021-12-03,9.779999732971191,9.829999923706055,9.609999656677246,9.649999618530273,7.253677845001221,383700
2021-12-06,9.699999809265137,9.829999923706055,9.670000076293945,9.800000190734863,7.366427898406982,504500
2021-12-07,9.949999809265137,10.039999961853027,9.869999885559082,9.890000343322754,7.434079647064209,483200
2021-12-08,9.989999771118164,10.0,9.930000305175781,9.960000038146973,7.486695766448975,361200
2021-12-09,9.970000267028809,9.970000267028809,9.90999984741211,9.930000305175781,7.464145183563232,311400
2021-12-10,9.949999809265137,9.979999542236328,9.779999732971191,9.8100004196167,7.373943328857422,556200
2021-12-13,9.84000015258789,9.84000015258789,9.739999771118164,9.819999694824219,7.381461143493652,412200
2021-12-14,9.8100004196167,9.90999984741211,9.789999961853027,9.869999885559082,7.419044017791748,422500
2021-12-15,9.90999984741211,9.949999809265137,9.819999694824219,9.9399995803833,7.471662521362305,385300
2021-12-16,9.779999732971191,9.8100004196167,9.680000305175781,9.729999542236328,7.55631160736084,501900
2021-12-17,9.699999809265137,9.710000038146973,9.489999771118164,9.579999923706055,7.439822196960449,447200
2021-12-20,9.489999771118164,9.529999732971191,9.329999923706055,9.369999885559082,7.276734352111816,677900
2021-12-21,9.449999809265137,9.640000343322754,9.4399995803833,9.640000343322754,7.486420631408691,379300
2021-12-22,9.680000305175781,9.729999542236328,9.630000114440918,9.729999542236328,7.55631160736084,342900
2021-12-23,9.770000457763672,9.869999885559082,9.770000457763672,9.850000381469727,7.649503707885742,324800
2021-12-27,9.90999984741211,9.949999809265137,9.869999885559082,9.90999984741211,7.696100234985352,273000
2021-12-28,9.930000305175781,9.960000038146973,9.899999618530273,9.920000076293945,7.7038679122924805,233200
2021-12-29,9.9399995803833,10.149999618530273,9.930000305175781,10.100000381469727,7.843652725219727,732200
2021-12-30,10.130000114440918,10.1899995803833,10.079999923706055,10.149999618530273,7.8824849128723145,513500
2021-12-31,10.229999542236328,10.34000015258789,10.079999923706055,10.079999923706055,7.828122615814209,1547800
2022-01-03,10.149999618530273,10.229999542236328,10.069999694824219,10.140000343322754,7.87471866607666,892900
2022-01-04,10.210000038146973,10.350000381469727,10.15999984741211,10.220000267028809,7.9368462562561035,691500
2022-01-05,10.25,10.319999694824219,10.119999885559082,10.119999885559082,7.85918664932251,592200
2022-01-06,10.119999885559082,10.1899995803833,10.0600004196167,10.140000343322754,7.87471866607666,584500
2022-01-07,10.180000305175781,10.239999771118164,10.119999885559082,10.119999885559082,7.85918664932251,467800
2022-01-10,10.119999885559082,10.220000267028809,10.069999694824219,10.180000305175781,7.905782222747803,554500
2022-01-11,10.220000267028809,10.3100004196167,10.180000305175781,10.289999961853027,7.991206645965576,591400
2022-01-12,10.350000381469727,10.449999809265137,10.319999694824219,10.430000305175781,8.099930763244629,550600
2022-01-13,10.369999885559082,10.399999618530273,10.180000305175781,10.180000305175781,7.943864345550537,525800
2022-01-14,10.149999618530273,10.229999542236328,10.050000190734863,10.149999618530273,7.920454502105713,796100
2022-01-18,10.100000381469727,10.109999656677246,9.979999542236328,10.029999732971191,7.826813697814941,633400
2022-01-19,10.0600004196167,10.100000381469727,9.949999809265137,9.989999771118164,7.795598030090332,583900
2022-01-20,10.010000228881836,10.069999694824219,9.84000015258789,9.899999618530273,7.725367546081543,800500
2022-01-21,9.84000015258789,9.850000381469727,9.510000228881836,9.640000343322754,7.522482395172119,2113600
2022-01-24,9.510000228881836,9.600000381469727,8.989999771118164,9.59000015258789,7.483464241027832,1805200
2022-01-25,9.420000076293945,9.579999923706055,9.260000228881836,9.470000267028809,7.389824867248535,990400
2022-01-26,9.630000114440918,9.6899995803833,9.399999618530273,9.539999961853027,7.4444451332092285,616500
2022-01-27,9.59000015258789,9.739999771118164,9.489999771118164,9.529999732971191,7.436643600463867,574000
2022-01-28,9.569999694824219,9.680000305175781,9.4399995803833,9.680000305175781,7.55369234085083,660700
2022-01-31,9.720000267028809,9.779999732971191,9.649999618530273,9.779999732971191,7.631728649139404,585100
2022-02-01,9.800000190734863,9.920000076293945,9.770000457763672,9.899999618530273,7.725367546081543,500200
2022-02-02,9.9399995803833,9.970000267028809,9.890000343322754,9.960000038146973,7.772188663482666,359300
2022-02-03,9.90999984741211,9.90999984741211,9.779999732971191,9.789999961853027,7.63953161239624,401100
2022-02-04,9.8100004196167,9.90999984741211,9.760000228881836,9.850000381469727,7.686351299285889,440800
2022-02-07,9.90999984741211,9.920000076293945,9.789999961853027,9.829999923706055,7.670745849609375,394900
2022-02-08,9.850000381469727,10.0,9.829999923706055,10.0,7.803404808044434,665900
2022-02-09,10.050000190734863,10.140000343322754,10.039999961853027,10.119999885559082,7.8970441818237305,419600
2022-02-10,10.0600004196167,10.140000343322754,9.949999809265137,10.020000457763672,7.819009304046631,698500
2022-02-11,10.050000190734863,10.069999694824219,9.84000015258789,9.880000114440918,7.709762096405029,562200
2022-02-14,9.850000381469727,9.869999885559082,9.729999542236328,9.760000228881836,7.6548590660095215,610900
2022-02-15,9.850000381469727,9.899999618530273,9.819999694824219,9.850000381469727,7.725450038909912,361900
2022-02-16,9.850000381469727,9.920000076293945,9.789999961853027,9.890000343322754,7.7568206787109375,393600
2022-02-17,9.869999885559082,9.890000343322754,9.699999809265137,9.75,7.647019863128662,387900
2022-02-18,9.75,9.8100004196167,9.699999809265137,9.729999542236328,7.6313300132751465,402600
2022-02-22,9.630000114440918,9.6899995803833,9.380000114440918,9.479999542236328,7.435251712799072,980300
2022-02-23,9.539999961853027,9.59000015258789,9.380000114440918,9.390000343322754,7.3646674156188965,600100
2022-02-24,9.149999618530273,9.4399995803833,9.0600004196167,9.430000305175781,7.39603853225708,1366500
2022-02-25,9.479999542236328,9.779999732971191,9.479999542236328,9.779999732971191,7.6705451011657715,772500
2022-02-28,9.699999809265137,9.75,9.529999732971191,9.6899995803833,7.59995698928833,692400
2022-03-01,9.619999885559082,9.680000305175781,9.460000038146973,9.550000190734863,7.490156173706055,757600
2022-03-02,9.550000190734863,9.75,9.550000190734863,9.710000038146973,7.615644454956055,515800
2022-03-03,9.75,9.75,9.609999656677246,9.6899995803833,7.59995698928833,453000
2022-03-04,9.529999732971191,9.569999694824219,9.359999656677246,9.369999885559082,7.348979473114014,1926900
2022-03-07,9.34000015258789,9.369999885559082,9.149999618530273,9.15999984741211,7.184276103973389,838000
2022-03-08,9.180000305175781,9.319999694824219,9.100000381469727,9.149999618530273,7.176431179046631,1014500
2022-03-09,9.3100004196167,9.4399995803833,9.3100004196167,9.380000114440918,7.356823444366455,418600
2022-03-10,9.3100004196167,9.359999656677246,9.220000267028809,9.329999923706055,7.317607879638672,571000
2022-03-11,9.40999984741211,9.420000076293945,9.239999771118164,9.239999771118164,7.247020244598389,461200
2022-03-14,9.210000038146973,9.359999656677246,9.130000114440918,9.15999984741211,7.228080749511719,642000
2022-03-15,9.260000228881836,9.350000381469727,9.239999771118164,9.329999923706055,7.362227439880371,577200
2022-03-16,9.399999618530273,9.550000190734863,9.34000015258789,9.529999732971191,7.520045757293701,873600
2022-03-17,9.529999732971191,9.699999809265137,9.470000267028809,9.699999809265137,7.654191493988037,379100
2022-03-18,9.699999809265137,9.699999809265137,9.600000381469727,9.6899995803833,7.646299839019775,369400
2022-03-21,9.6899995803833,9.720000267028809,9.619999885559082,9.65999984741211,7.622626781463623,314600
2022-03-22,9.720000267028809,9.859999656677246,9.720000267028809,9.779999732971191,7.7173171043396,467100
2022-03-23,9.779999732971191,9.800000190734863,9.729999542236328,9.75,7.693647861480713,278100
2022-03-24,9.800000190734863,9.829999923706055,9.760000228881836,9.819999694824219,7.748881816864014,285500
2022-03-25,9.84000015258789,9.890000343322754,9.729999542236328,9.789999961853027,7.725207805633545,361400
2022-03-28,9.789999961853027,9.8100004196167,9.699999809265137,9.800000190734863,7.733099460601807,309400
2022-03-29,9.829999923706055,9.949999809265137,9.819999694824219,9.920000076293945,7.827792167663574,541200
2022-03-30,9.930000305175781,9.949999809265137,9.869999885559082,9.949999809265137,7.851465702056885,349900
2022-03-31,10.010000228881836,10.020000457763672,9.880000114440918,9.899999618530273,7.812008380889893,858600
2022-04-01,9.949999809265137,9.979999542236328,9.84000015258789,9.960000038146973,7.859355926513672,402200
2022-04-04,9.960000038146973,10.0,9.800000190734863,9.829999923706055,7.756774425506592,424000
2022-04-05,9.800000190734863,9.880000114440918,9.770000457763672,9.829999923706055,7.756774425506592,514600
2022-04-06,9.760000228881836,9.789999961853027,9.670000076293945,9.729999542236328,7.67786169052124,463500
2022-04-07,9.739999771118164,9.800000190734863,9.609999656677246,9.75,7.693647861480713,350200
2022-04-08,9.75,9.829999923706055,9.739999771118164,9.819999694824219,7.748881816864014,301100
2022-04-11,9.819999694824219,9.869999885559082,9.729999542236328,9.75,7.693647861480713,339900
2022-04-12,9.800000190734863,9.850000381469727,9.699999809265137,9.75,7.693647861480713,413400
2022-04-13,9.6899995803833,9.789999961853027,9.6899995803833,9.6899995803833,7.690470218658447,276800
2022-04-14,9.739999771118164,9.829999923706055,9.579999923706055,9.579999923706055,7.60316801071167,493100
2022-04-18,9.600000381469727,9.710000038146973,9.600000381469727,9.680000305175781,7.6825337409973145,411100
2022-04-19,9.680000305175781,9.800000190734863,9.680000305175781,9.779999732971191,7.761898040771484,426000
2022-04-20,9.84000015258789,9.869999885559082,9.779999732971191,9.829999923706055,7.801581859588623,490600
2022-04-21,9.890000343322754,9.949999809265137,9.699999809265137,9.720000267028809,7.7142791748046875,406400
2022-04-22,9.739999771118164,9.75,9.510000228881836,9.520000457763672,7.555550575256348,463300
2022-04-25,9.5,9.510000228881836,9.319999694824219,9.489999771118164,7.531741142272949,663200
2022-04-26,9.470000267028809,9.489999771118164,9.270000457763672,9.270000457763672,7.35713529586792,453200
2022-04-27,9.289999961853027,9.420000076293945,9.279999732971191,9.300000190734863,7.380946159362793,507200
2022-04-28,9.380000114440918,9.479999542236328,9.300000190734863,9.470000267028809,7.515870094299316,386600
2022-04-29,9.460000038146973,9.470000267028809,9.229999542236328,9.239999771118164,7.333328723907471,578300
2022-05-02,9.220000267028809,9.3100004196167,9.0600004196167,9.25,7.341264724731445,860800
2022-05-03,9.3100004196167,9.520000457763672,9.289999961853027,9.420000076293945,7.476184368133545,847600
2022-05-04,9.479999542236328,9.609999656677246,9.350000381469727,9.59000015258789,7.611107349395752,726300
2022-05-05,9.550000190734863,9.550000190734863,9.279999732971191,9.369999885559082,7.436501502990723,563400
2022-05-06,9.350000381469727,9.430000305175781,9.260000228881836,9.34000015258789,7.412691593170166,700100
2022-05-09,9.25,9.279999732971191,9.079999923706055,9.09000015258789,7.214278221130371,716400
2022-05-10,9.210000038146973,9.270000457763672,8.989999771118164,9.020000457763672,7.158726215362549,632200
2022-05-11,9.010000228881836,9.199999809265137,8.949999809265137,8.979999542236328,7.126978397369385,592700
2022-05-12,8.960000038146973,8.989999771118164,8.8100004196167,8.949999809265137,7.103168964385986,776800
2022-05-13,8.970000267028809,9.15999984741211,8.970000267028809,9.119999885559082,7.283664226531982,534600
2022-05-16,9.119999885559082,9.180000305175781,9.050000190734863,9.119999885559082,7.283664226531982,437400
2022-05-17,9.199999809265137,9.34000015258789,9.199999809265137,9.329999923706055,7.451380252838135,358900
2022-05-18,9.289999961853027,9.289999961853027,9.0600004196167,9.100000381469727,7.267690658569336,467700
2022-05-19,9.0600004196167,9.109999656677246,8.949999809265137,9.0600004196167,7.235744953155518,700400
2022-05-20,9.149999618530273,9.15999984741211,8.930000305175781,9.029999732971191,7.211785316467285,498300
2022-05-23,9.109999656677246,9.25,9.100000381469727,9.1899995803833,7.339569568634033,441500
2022-05-24,9.180000305175781,9.210000038146973,9.069999694824219,9.180000305175781,7.331583499908447,326400
2022-05-25,9.180000305175781,9.300000190734863,9.15999984741211,9.279999732971191,7.411447525024414,326300
2022-05-26,9.319999694824219,9.550000190734863,9.300000190734863,9.5,7.587151050567627,377600
2022-05-27,9.550000190734863,9.65999984741211,9.539999961853027,9.649999618530273,7.7069478034973145,416500
2022-05-31,9.729999542236328,9.760000228881836,9.609999656677246,9.649999618530273,7.7069478034973145,863100
2022-06-01,9.720000267028809,9.739999771118164,9.539999961853027,9.630000114440918,7.690974235534668,620500
2022-06-02,9.630000114440918,9.710000038146973,9.600000381469727,9.670000076293945,7.722920894622803,720300
2022-06-03,9.640000343322754,9.65999984741211,9.5600004196167,9.579999923706055,7.651040554046631,413900
2022-06-06,9.65999984741211,9.699999809265137,9.59000015258789,9.630000114440918,7.690974235534668,372300
2022-06-07,9.600000381469727,9.739999771118164,9.579999923706055,9.739999771118164,7.778825283050537,279300
2022-06-08,9.710000038146973,9.770000457763672,9.670000076293945,9.699999809265137,7.746880054473877,409000
2022-06-09,9.699999809265137,9.739999771118164,9.569999694824219,9.600000381469727,7.6670145988464355,373800
2022-06-10,9.529999732971191,9.5600004196167,9.359999656677246,9.489999771118164,7.579164981842041,538000
2022-06-13,9.34000015258789,9.34000015258789,9.069999694824219,9.100000381469727,7.267690658569336,645200
2022-06-14,9.079999923706055,9.109999656677246,8.850000381469727,8.9399995803833,7.184115886688232,593500
2022-06-15,9.0,9.109999656677246,8.90999984741211,9.069999694824219,7.288582801818848,562100
2022-06-16,8.9399995803833,8.949999809265137,8.65999984741211,8.760000228881836,7.03947114944458,714600
2022-06-17,8.779999732971191,8.880000114440918,8.699999809265137,8.770000457763672,7.047507286071777,410200
2022-06-21,8.84000015258789,8.960000038146973,8.829999923706055,8.84000015258789,7.103757381439209,533600
2022-06-22,8.779999732971191,8.899999618530273,8.770000457763672,8.800000190734863,7.071613311767578,384500
2022-06-23,8.819999694824219,8.850000381469727,8.729999542236328,8.819999694824219,7.087685585021973,345100
2022-06-24,8.859999656677246,9.069999694824219,8.859999656677246,9.029999732971191,7.256440162658691,350900
2022-06-27,9.0600004196167,9.119999885559082,8.960000038146973,8.989999771118164,7.2242960929870605,325400
2022-06-28,9.050000190734863,9.149999618530273,8.960000038146973,9.020000457763672,7.248403549194336,479300
2022-06-29,9.039999961853027,9.069999694824219,8.9399995803833,8.989999771118164,7.2242960929870605,430900
2022-06-30,8.970000267028809,9.0,8.819999694824219,8.829999923706055,7.0957207679748535,1174600
2022-07-01,8.8100004196167,9.0,8.8100004196167,8.989999771118164,7.2242960929870605,312500
2022-07-05,8.899999618530273,8.960000038146973,8.8100004196167,8.930000305175781,7.17608118057251,420200
2022-07-06,8.90999984741211,9.069999694824219,8.90999984741211,9.0600004196167,7.280550003051758,424900
2022-07-07,9.0600004196167,9.119999885559082,9.020000457763672,9.119999885559082,7.328762531280518,363400
2022-07-08,9.100000381469727,9.170000076293945,9.079999923706055,9.109999656677246,7.320728778839111,242900
2022-07-11,9.119999885559082,9.170000076293945,9.0600004196167,9.149999618530273,7.352871894836426,360500
2022-07-12,9.130000114440918,9.210000038146973,9.050000190734863,9.109999656677246,7.320728778839111,387400
2022-07-13,9.010000228881836,9.109999656677246,8.970000267028809,9.050000190734863,7.272514343261719,426900
2022-07-14,8.90999984741211,8.930000305175781,8.84000015258789,8.930000305175781,7.220761775970459,333500
2022-07-15,8.970000267028809,9.109999656677246,8.949999809265137,9.020000457763672,7.293534755706787,506200
2022-07-18,9.039999961853027,9.130000114440918,9.0,9.010000228881836,7.2854485511779785,452000
2022-07-19,9.069999694824219,9.239999771118164,9.069999694824219,9.239999771118164,7.471425533294678,299400
2022-07-20,9.260000228881836,9.489999771118164,9.220000267028809,9.470000267028809,7.657403469085693,800700
2022-07-21,9.460000038146973,9.550000190734863,9.380000114440918,9.460000038146973,7.649319171905518,552000
2022-07-22,9.489999771118164,9.510000228881836,9.329999923706055,9.369999885559082,7.576544761657715,366500
2022-07-25,9.390000343322754,9.470000267028809,9.390000343322754,9.430000305175781,7.625061511993408,273900
2022-07-26,9.399999618530273,9.430000305175781,9.329999923706055,9.380000114440918,7.584630489349365,312600
2022-07-27,9.460000038146973,9.640000343322754,9.4399995803833,9.619999885559082,7.778691291809082,399700
2022-07-28,9.649999618530273,9.710000038146973,9.520000457763672,9.710000038146973,7.851467609405518,476200
2022-07-29,9.75,9.84000015258789,9.569999694824219,9.600000381469727,7.762522220611572,699300
2022-08-01,9.569999694824219,9.609999656677246,9.529999732971191,9.609999656677246,7.7706074714660645,469600
2022-08-02,9.600000381469727,9.630000114440918,9.479999542236328,9.489999771118164,7.673576354980469,515600
2022-08-03,9.550000190734863,9.609999656677246,9.489999771118164,9.600000381469727,7.762522220611572,343600
2022-08-04,9.630000114440918,9.630000114440918,9.5,9.520000457763672,7.697833061218262,449000
2022-08-05,9.430000305175781,9.539999961853027,9.399999618530273,9.460000038146973,7.649319171905518,477500
2022-08-08,9.510000228881836,9.579999923706055,9.470000267028809,9.539999961853027,7.714007377624512,296800
2022-08-09,9.539999961853027,9.5600004196167,9.420000076293945,9.539999961853027,7.714007377624512,443300
2022-08-10,9.640000343322754,9.65999984741211,9.579999923706055,9.630000114440918,7.786780834197998,448900
2022-08-11,9.640000343322754,9.739999771118164,9.569999694824219,9.619999885559082,7.778691291809082,452300
2022-08-12,9.579999923706055,9.710000038146973,9.579999923706055,9.710000038146973,7.897439002990723,350300
2022-08-15,9.699999809265137,9.710000038146973,9.640000343322754,9.640000343322754,7.840506553649902,441700
2022-08-16,9.600000381469727,9.729999542236328,9.579999923706055,9.680000305175781,7.873039245605469,383700
2022-08-17,9.649999618530273,9.680000305175781,9.5600004196167,9.600000381469727,7.807971954345703,330700
2022-08-18,9.630000114440918,9.649999618530273,9.569999694824219,9.579999923706055,7.791706085205078,242500
2022-08-19,9.510000228881836,9.539999961853027,9.470000267028809,9.520000457763672,7.74290657043457,301600
2022-08-22,9.479999542236328,9.489999771118164,9.420000076293945,9.470000267028809,7.702241897583008,274800
2022-08-23,9.470000267028809,9.479999542236328,9.390000343322754,9.420000076293945,7.661574363708496,317900
2022-08-24,9.449999809265137,9.5,9.430000305175781,9.5,7.726639747619629,241800
2022-08-25,9.520000457763672,9.550000190734863,9.479999542236328,9.550000190734863,7.767306804656982,244200
2022-08-26,9.569999694824219,9.609999656677246,9.430000305175781,9.430000305175781,7.669708251953125,323300
2022-08-29,9.369999885559082,9.510000228881836,9.350000381469727,9.390000343322754,7.637172222137451,521400
2022-08-30,9.449999809265137,9.470000267028809,9.319999694824219,9.390000343322754,7.637172222137451,447700
2022-08-31,9.470000267028809,9.489999771118164,9.399999618530273,9.4399995803833,7.677842617034912,436400
2022-09-01,9.390000343322754,9.449999809265137,9.3100004196167,9.430000305175781,7.669708251953125,287200
2022-09-02,9.460000038146973,9.520000457763672,9.319999694824219,9.350000381469727,7.604641437530518,220300
2022-09-06,9.369999885559082,9.369999885559082,9.260000228881836,9.289999961853027,7.555841445922852,489000
2022-09-07,9.300000190734863,9.399999618530273,9.239999771118164,9.289999961853027,7.555841445922852,369500
2022-09-08,9.289999961853027,9.34000015258789,9.229999542236328,9.34000015258789,7.5965070724487305,475300
2022-09-09,9.369999885559082,9.510000228881836,9.369999885559082,9.5,7.726639747619629,312400
2022-09-12,9.520000457763672,9.59000015258789,9.489999771118164,9.539999961853027,7.759174823760986,303500
2022-09-13,9.40999984741211,9.420000076293945,9.09000015258789,9.09000015258789,7.3931756019592285,947400
2022-09-14,9.0600004196167,9.15999984741211,9.020000457763672,9.130000114440918,7.471737861633301,490700
2022-09-15,9.130000114440918,9.199999809265137,9.09000015258789,9.180000305175781,7.512655258178711,335600
2022-09-16,9.020000457763672,9.069999694824219,8.970000267028809,9.039999961853027,7.398085117340088,322500
2022-09-19,8.960000038146973,9.079999923706055,8.930000305175781,9.0600004196167,7.414453983306885,329000
2022-09-20,9.0,9.010000228881836,8.859999656677246,8.880000114440918,7.267147541046143,366800
2022-09-21,8.930000305175781,8.960000038146973,8.720000267028809,8.739999771118164,7.152571678161621,511600
2022-09-22,8.729999542236328,8.75,8.579999923706055,8.600000381469727,7.038002014160156,358400
2022-09-23,8.59000015258789,8.59000015258789,8.289999961853027,8.390000343322754,6.866144180297852,698900
2022-09-26,8.319999694824219,8.34000015258789,8.029999732971191,8.079999923706055,6.612447738647461,909500
2022-09-27,8.119999885559082,8.220000267028809,8.0600004196167,8.180000305175781,6.694284915924072,856700
2022-09-28,8.15999984741211,8.369999885559082,8.109999656677246,8.34000015258789,6.82522439956665,472800
2022-09-29,8.239999771118164,8.270000457763672,8.050000190734863,8.149999618530273,6.66973352432251,605000
2022-09-30,8.140000343322754,8.3100004196167,8.109999656677246,8.109999656677246,6.636998653411865,1048400
2022-10-03,8.210000038146973,8.3100004196167,8.119999885559082,8.289999961853027,6.78430700302124,628300
2022-10-04,8.390000343322754,8.619999885559082,8.380000114440918,8.600000381469727,7.038002014160156,362200
2022-10-05,8.539999961853027,8.59000015258789,8.4399995803833,8.539999961853027,6.988899230957031,477500
2022-10-06,8.479999542236328,8.510000228881836,8.380000114440918,8.380000114440918,6.857959270477295,337800
2022-10-07,8.289999961853027,8.359999656677246,8.149999618530273,8.199999809265137,6.710652828216553,498700
2022-10-10,8.199999809265137,8.239999771118164,8.130000114440918,8.140000343322754,6.6615495681762695,278800
2022-10-11,8.149999618530273,8.279999732971191,8.09000015258789,8.170000076293945,6.68610143661499,447800
2022-10-12,8.199999809265137,8.319999694824219,8.180000305175781,8.25,6.751571178436279,514100
2022-10-13,8.09000015258789,8.510000228881836,8.0,8.510000228881836,7.011944770812988,917500
2022-10-14,8.619999885559082,8.619999885559082,8.270000457763672,8.300000190734863,6.838910102844238,368300
2022-10-17,8.40999984741211,8.479999542236328,8.34000015258789,8.34000015258789,6.871870040893555,423200
2022-10-18,8.489999771118164,8.529999732971191,8.390000343322754,8.460000038146973,6.9707465171813965,310300
2022-10-19,8.460000038146973,8.550000190734863,8.40999984741211,8.430000305175781,6.946027755737305,352400
2022-10-20,8.40999984741211,8.489999771118164,8.319999694824219,8.359999656677246,6.888350009918213,291000
2022-10-21,8.390000343322754,8.510000228881836,8.34000015258789,8.510000228881836,7.011944770812988,285000
2022-10-24,8.569999694824219,8.649999618530273,8.529999732971191,8.630000114440918,7.110818862915039,357600
2022-10-25,8.65999984741211,8.789999961853027,8.649999618530273,8.789999961853027,7.242655277252197,218800
2022-10-26,8.760000228881836,8.829999923706055,8.739999771118164,8.760000228881836,7.217935085296631,347400
2022-10-27,8.819999694824219,8.890000343322754,8.710000038146973,8.729999542236328,7.1932172775268555,379800
2022-10-28,8.75,8.84000015258789,8.710000038146973,8.819999694824219,7.2673726081848145,357500
2022-10-31,8.84000015258789,8.9399995803833,8.789999961853027,8.920000076293945,7.3497700691223145,519000
2022-11-01,8.989999771118164,9.069999694824219,8.930000305175781,9.050000190734863,7.456887722015381,652600
2022-11-02,9.050000190734863,9.079999923706055,8.869999885559082,8.890000343322754,7.325051307678223,425400
2022-11-03,8.8100004196167,8.880000114440918,8.699999809265137,8.800000190734863,7.250893592834473,477300
2022-11-04,8.920000076293945,9.029999732971191,8.8100004196167,8.930000305175781,7.3580098152160645,437700
2022-11-07,8.989999771118164,9.149999618530273,8.930000305175781,9.119999885559082,7.514562129974365,592000
2022-11-08,9.15999984741211,9.220000267028809,9.0600004196167,9.170000076293945,7.55576229095459,405700
2022-11-09,9.09000015258789,9.130000114440918,8.9399995803833,8.989999771118164,7.407447814941406,423600
2022-11-10,9.220000267028809,9.359999656677246,9.149999618530273,9.34000015258789,7.695835113525391,501300
2022-11-11,9.34000015258789,9.380000114440918,9.260000228881836,9.319999694824219,7.679357528686523,352200
2022-11-14,9.210000038146973,9.289999961853027,9.199999809265137,9.199999809265137,7.626302719116211,301600
2022-11-15,9.279999732971191,9.289999961853027,9.079999923706055,9.15999984741211,7.593146324157715,580900
2022-11-16,9.119999885559082,9.130000114440918,8.979999542236328,9.029999732971191,7.485382080078125,486300
2022-11-17,8.989999771118164,9.0600004196167,8.869999885559082,8.960000038146973,7.427356719970703,630000
2022-11-18,9.069999694824219,9.149999618530273,9.050000190734863,9.140000343322754,7.576564311981201,408200
2022-11-21,9.130000114440918,9.130000114440918,9.020000457763672,9.09000015258789,7.5351176261901855,273000
2022-11-22,9.149999618530273,9.220000267028809,9.130000114440918,9.210000038146973,7.634592533111572,290400
2022-11-23,9.239999771118164,9.3100004196167,9.210000038146973,9.279999732971191,7.6926188468933105,352100
2022-11-25,9.239999771118164,9.3100004196167,9.239999771118164,9.270000457763672,7.684329986572266,123700
2022-11-28,9.25,9.300000190734863,9.229999542236328,9.25,7.667749404907227,279100
2022-11-29,9.25,9.319999694824219,9.1899995803833,9.279999732971191,7.6926188468933105,378400
2022-11-30,9.289999961853027,9.449999809265137,9.239999771118164,9.4399995803833,7.82525110244751,599100
2022-12-01,9.430000305175781,9.550000190734863,9.390000343322754,9.5,7.874985218048096,510400
2022-12-02,9.399999618530273,9.479999542236328,9.390000343322754,9.4399995803833,7.82525110244751,248100
2022-12-05,9.369999885559082,9.420000076293945,9.239999771118164,9.279999732971191,7.6926188468933105,367800
2022-12-06,9.300000190734863,9.34000015258789,9.140000343322754,9.210000038146973,7.634592533111572,349900
2022-12-07,9.199999809265137,9.3100004196167,9.149999618530273,9.180000305175781,7.6097235679626465,378800
2022-12-08,9.229999542236328,9.279999732971191,9.180000305175781,9.210000038146973,7.634592533111572,309100
2022-12-09,9.199999809265137,9.210000038146973,9.09000015258789,9.09000015258789,7.5351176261901855,316300
2022-12-12,9.140000343322754,9.1899995803833,9.079999923706055,9.15999984741211,7.593146324157715,547900
2022-12-13,9.3100004196167,9.34000015258789,9.119999885559082,9.210000038146973,7.634592533111572,572900
2022-12-14,9.1899995803833,9.34000015258789,9.15999984741211,9.180000305175781,7.6097235679626465,561900
2022-12-15,8.770000457763672,8.779999732971191,8.640000343322754,8.760000228881836,7.484973907470703,650800
2022-12-16,8.670000076293945,8.680000305175781,8.460000038146973,8.5,7.2628173828125,510500
2022-12-19,8.489999771118164,8.5600004196167,8.380000114440918,8.420000076293945,7.194462776184082,553200
2022-12-20,8.449999809265137,8.489999771118164,8.369999885559082,8.399999618530273,7.17737340927124,443500
2022-12-21,8.40999984741211,8.520000457763672,8.40999984741211,8.5,7.2628173828125,451400
2022-12-22,8.449999809265137,8.520000457763672,8.390000343322754,8.5,7.2628173828125,432600
2022-12-23,8.539999961853027,8.630000114440918,8.510000228881836,8.619999885559082,7.365352153778076,343300
2022-12-27,8.65999984741211,8.720000267028809,8.479999542236328,8.520000457763672,7.279907703399658,558800
2022-12-28,8.489999771118164,8.65999984741211,8.479999542236328,8.479999542236328,7.245729446411133,886200
2022-12-29,8.59000015258789,8.829999923706055,8.579999923706055,8.829999923706055,7.544787406921387,778000
2022-12-30,8.90999984741211,9.140000343322754,8.859999656677246,9.010000228881836,7.698587894439697,2332700
2023-01-03,9.0600004196167,9.140000343322754,8.869999885559082,8.960000038146973,7.655865669250488,844600
2023-01-04,9.020000457763672,9.050000190734863,8.9399995803833,9.0,7.690044403076172,361600
2023-01-05,8.90999984741211,9.0,8.859999656677246,8.9399995803833,7.63877534866333,476500
2023-01-06,9.0,9.100000381469727,8.960000038146973,9.079999923706055,7.758399486541748,295600
2023-01-09,9.130000114440918,9.199999809265137,9.079999923706055,9.079999923706055,7.758399486541748,385800
2023-01-10,9.09000015258789,9.15999984741211,9.0600004196167,9.15999984741211,7.826754570007324,359900
2023-01-11,9.15999984741211,9.25,9.15999984741211,9.239999771118164,7.895109176635742,236700
2023-01-12,9.170000076293945,9.270000457763672,9.130000114440918,9.199999809265137,7.908864974975586,412900
2023-01-13,9.130000114440918,9.170000076293945,9.079999923706055,9.130000114440918,7.848689079284668,538000
2023-01-17,9.149999618530273,9.180000305175781,9.079999923706055,9.100000381469727,7.8228983879089355,420400
2023-01-18,9.130000114440918,9.170000076293945,8.989999771118164,9.0,7.736934661865234,438100
2023-01-19,8.979999542236328,8.989999771118164,8.899999618530273,8.90999984741211,7.6595635414123535,403700
2023-01-20,8.970000267028809,9.020000457763672,8.90999984741211,9.0,7.736934661865234,342800
2023-01-23,9.020000457763672,9.170000076293945,8.989999771118164,9.09000015258789,7.814302921295166,323800
2023-01-24,9.15999984741211,9.449999809265137,9.029999732971191,9.069999694824219,7.797109127044678,917300
2023-01-25,9.029999732971191,9.09000015258789,8.989999771118164,9.0600004196167,7.788512229919434,465000
2023-01-26,9.140000343322754,9.170000076293945,9.039999961853027,9.119999885559082,7.840092658996582,591800
2023-01-27,9.119999885559082,9.199999809265137,9.0600004196167,9.09000015258789,7.814302921295166,515700
2023-01-30,9.09000015258789,9.1899995803833,9.050000190734863,9.100000381469727,7.8228983879089355,497200
2023-01-31,9.1899995803833,9.300000190734863,9.15999984741211,9.300000190734863,7.994831562042236,551000
2023-02-01,9.3100004196167,9.399999618530273,9.220000267028809,9.350000381469727,8.03781509399414,313900
2023-02-02,9.420000076293945,9.420000076293945,9.3100004196167,9.359999656677246,8.046411514282227,281800
2023-02-03,9.3100004196167,9.350000381469727,9.229999542236328,9.260000228881836,7.960445880889893,276800
2023-02-06,9.210000038146973,9.229999542236328,9.119999885559082,9.119999885559082,7.840092658996582,360200
2023-02-07,9.100000381469727,9.210000038146973,9.09000015258789,9.1899995803833,7.900267601013184,449900
2023-02-08,9.1899995803833,9.229999542236328,9.119999885559082,9.180000305175781,7.891672134399414,309200
2023-02-09,9.260000228881836,9.270000457763672,9.09000015258789,9.09000015258789,7.814302921295166,338400
2023-02-10,9.09000015258789,9.140000343322754,9.069999694824219,9.140000343322754,7.857285022735596,220500
2023-02-13,9.170000076293945,9.260000228881836,9.15999984741211,9.239999771118164,7.943249225616455,251100
2023-02-14,9.180000305175781,9.210000038146973,9.069999694824219,9.1899995803833,7.94843864440918,347900
2023-02-15,9.140000343322754,9.229999542236328,9.109999656677246,9.229999542236328,7.983035564422607,248300
2023-02-16,9.140000343322754,9.25,9.140000343322754,9.180000305175781,7.939792156219482,227200
2023-02-17,9.180000305175781,9.199999809265137,9.119999885559082,9.15999984741211,7.9224958419799805,306300
2023-02-21,9.069999694824219,9.149999618530273,8.960000038146973,8.960000038146973,7.749512672424316,352700
2023-02-22,9.020000457763672,9.050000190734863,8.930000305175781,8.960000038146973,7.749512672424316,369900
2023-02-23,9.020000457763672,9.039999961853027,8.90999984741211,8.989999771118164,7.7754597663879395,332300
2023-02-24,8.949999809265137,9.020000457763672,8.90999984741211,8.989999771118164,7.7754597663879395,298200
2023-02-27,9.050000190734863,9.0600004196167,8.949999809265137,9.010000228881836,7.792758464813232,301000
2023-02-28,9.039999961853027,9.100000381469727,9.010000228881836,9.050000190734863,7.8273539543151855,423700
2023-03-01,9.079999923706055,9.100000381469727,8.960000038146973,8.989999771118164,7.7754597663879395,363600
2023-03-02,8.979999542236328,9.039999961853027,8.930000305175781,9.039999961853027,7.818704605102539,290000
2023-03-03,9.09000015258789,9.119999885559082,9.050000190734863,9.119999885559082,7.887899398803711,311300
2023-03-06,9.130000114440918,9.149999618530273,9.050000190734863,9.079999923706055,7.853302478790283,272800
2023-03-07,9.039999961853027,9.079999923706055,8.930000305175781,8.949999809265137,7.740863800048828,451500
2023-03-08,8.949999809265137,8.960000038146973,8.859999656677246,8.90999984741211,7.706268310546875,361100
2023-03-09,8.899999618530273,8.930000305175781,8.699999809265137,8.699999809265137,7.524640083312988,532600
2023-03-10,8.699999809265137,8.789999961853027,8.59000015258789,8.65999984741211,7.490044116973877,566600
2023-03-13,8.550000190734863,8.640000343322754,8.510000228881836,8.539999961853027,7.38625431060791,463400
2023-03-14,8.609999656677246,8.640000343322754,8.5,8.569999694824219,7.461127281188965,413200
2023-03-15,8.40999984741211,8.470000267028809,8.289999961853027,8.40999984741211,7.321831703186035,1035200
2023-03-16,8.3100004196167,8.430000305175781,8.229999542236328,8.390000343322754,7.304418563842773,534000
2023-03-17,8.399999618530273,8.40999984741211,8.229999542236328,8.260000228881836,7.191239356994629,307700
2023-03-20,8.270000457763672,8.329999923706055,8.239999771118164,8.3100004196167,7.234769344329834,209300
2023-03-21,8.420000076293945,8.430000305175781,8.34000015258789,8.40999984741211,7.321831703186035,308500
2023-03-22,8.430000305175781,8.4399995803833,8.279999732971191,8.279999732971191,7.2086501121521,385600
2023-03-23,8.300000190734863,8.390000343322754,8.239999771118164,8.279999732971191,7.2086501121521,324700
2023-03-24,8.270000457763672,8.279999732971191,8.180000305175781,8.279999732971191,7.2086501121521,353500
2023-03-27,8.319999694824219,8.350000381469727,8.300000190734863,8.350000381469727,7.26959228515625,274700
2023-03-28,8.34000015258789,8.359999656677246,8.260000228881836,8.300000190734863,7.226064682006836,384900
2023-03-29,8.350000381469727,8.420000076293945,8.350000381469727,8.40999984741211,7.321831703186035,325800
2023-03-30,8.449999809265137,8.550000190734863,8.4399995803833,8.550000190734863,7.443715572357178,459300
2023-03-31,8.569999694824219,8.619999885559082,8.5600004196167,8.59000015258789,7.478540420532227,742900
2023-04-03,8.59000015258789,8.65999984741211,8.520000457763672,8.5600004196167,7.452422142028809,536000
2023-04-04,8.5600004196167,8.600000381469727,8.460000038146973,8.520000457763672,7.417598724365234,352300
2023-04-05,8.4399995803833,8.489999771118164,8.420000076293945,8.470000267028809,7.374067306518555,435000
2023-04-06,8.489999771118164,8.510000228881836,8.460000038146973,8.489999771118164,7.3914794921875,346700
2023-04-10,8.5,8.550000190734863,8.489999771118164,8.539999961853027,7.435009002685547,329700
2023-04-11,8.5600004196167,8.619999885559082,8.550000190734863,8.579999923706055,7.4698333740234375,291800
2023-04-12,8.600000381469727,8.640000343322754,8.550000190734863,8.569999694824219,7.461127281188965,289900
2023-04-13,8.539999961853027,8.600000381469727,8.529999732971191,8.600000381469727,7.536493301391602,184200
2023-04-14,8.600000381469727,8.630000114440918,8.539999961853027,8.539999961853027,7.483912467956543,308700
2023-04-17,8.5600004196167,8.569999694824219,8.470000267028809,8.510000228881836,7.457622051239014,427000
2023-04-18,8.529999732971191,8.569999694824219,8.479999542236328,8.529999732971191,7.4751482009887695,409700
2023-04-19,8.460000038146973,8.529999732971191,8.460000038146973,8.510000228881836,7.457622051239014,277200
2023-04-20,8.489999771118164,8.510000228881836,8.420000076293945,8.479999542236328,7.431332111358643,274700
2023-04-21,8.5,8.5,8.40999984741211,8.4399995803833,7.3962788581848145,271200
2023-04-24,8.470000267028809,8.5,8.430000305175781,8.449999809265137,7.4050421714782715,310900
2023-04-25,8.449999809265137,8.449999809265137,8.329999923706055,8.329999923706055,7.299881935119629,319100
2023-04-26,8.34000015258789,8.40999984741211,8.319999694824219,8.34000015258789,7.308645725250244,322900
2023-04-27,8.390000343322754,8.430000305175781,8.319999694824219,8.40999984741211,7.369988441467285,437600
2023-04-28,8.449999809265137,8.529999732971191,8.40999984741211,8.529999732971191,7.4751482009887695,320600
2023-05-01,8.550000190734863,8.569999694824219,8.5,8.5,7.448858261108398,410300
2023-05-02,8.460000038146973,8.5,8.319999694824219,8.369999885559082,7.334935188293457,322800
2023-05-03,8.380000114440918,8.40999984741211,8.300000190734863,8.3100004196167,7.282354354858398,250200
2023-05-04,8.319999694824219,8.34000015258789,8.199999809265137,8.229999542236328,7.212246894836426,484800
2023-05-05,8.300000190734863,8.399999618530273,8.300000190734863,8.390000343322754,7.352460861206055,218700
2023-05-08,8.390000343322754,8.40999984741211,8.359999656677246,8.369999885559082,7.334935188293457,237300
2023-05-09,8.399999618530273,8.399999618530273,8.319999694824219,8.329999923706055,7.299881935119629,240100
2023-05-10,8.369999885559082,8.380000114440918,8.300000190734863,8.329999923706055,7.299881935119629,358400
2023-05-11,8.319999694824219,8.319999694824219,8.270000457763672,8.3100004196167,7.282354354858398,241400
2023-05-12,8.25,8.289999961853027,8.229999542236328,8.25,7.2788262367248535,289400
2023-05-15,8.260000228881836,8.270000457763672,8.210000038146973,8.260000228881836,7.287649154663086,326500
2023-05-16,8.220000267028809,8.25,8.170000076293945,8.170000076293945,7.208243370056152,291700
2023-05-17,8.180000305175781,8.25,8.180000305175781,8.220000267028809,7.25235652923584,394100
2023-05-18,8.220000267028809,8.260000228881836,8.15999984741211,8.239999771118164,7.270001411437988,392200
2023-05-19,8.270000457763672,8.300000190734863,8.239999771118164,8.25,7.2788262367248535,237200
2023-05-22,8.239999771118164,8.289999961853027,8.220000267028809,8.220000267028809,7.25235652923584,490100
2023-05-23,8.210000038146973,8.229999542236328,8.140000343322754,8.15999984741211,7.1994194984436035,330800
2023-05-24,8.010000228881836,8.09000015258789,8.010000228881836,8.029999732971191,7.084723472595215,1041600
2023-05-25,8.050000190734863,8.050000190734863,7.980000019073486,8.029999732971191,7.084723472595215,657200
2023-05-26,8.029999732971191,8.130000114440918,8.020000457763672,8.100000381469727,7.146484375,683700
2023-05-30,8.109999656677246,8.15999984741211,8.079999923706055,8.109999656677246,7.1553053855896,662800
2023-05-31,8.100000381469727,8.100000381469727,8.020000457763672,8.079999923706055,7.128838062286377,548500
2023-06-01,8.079999923706055,8.109999656677246,8.029999732971191,8.100000381469727,7.146484375,434400
2023-06-02,8.170000076293945,8.199999809265137,8.109999656677246,8.170000076293945,7.208243370056152,444600
2023-06-05,8.15999984741211,8.1899995803833,8.140000343322754,8.149999618530273,7.1905975341796875,317300
2023-06-06,8.170000076293945,8.239999771118164,8.149999618530273,8.220000267028809,7.25235652923584,396200
2023-06-07,8.229999542236328,8.260000228881836,8.210000038146973,8.210000038146973,7.243534564971924,301600
2023-06-08,8.239999771118164,8.25,8.210000038146973,8.220000267028809,7.25235652923584,334700
2023-06-09,8.270000457763672,8.279999732971191,8.239999771118164,8.260000228881836,7.287649154663086,252800
2023-06-12,8.260000228881836,8.279999732971191,8.220000267028809,8.239999771118164,7.270001411437988,372500
2023-06-13,8.289999961853027,8.319999694824219,8.270000457763672,8.289999961853027,7.314116954803467,286000
2023-06-14,8.270000457763672,8.279999732971191,8.180000305175781,8.1899995803833,7.275031089782715,422800
2023-06-15,8.180000305175781,8.300000190734863,8.180000305175781,8.300000190734863,7.372744560241699,424200
2023-06-16,8.300000190734863,8.329999923706055,8.279999732971191,8.279999732971191,7.354977607727051,311300
2023-06-20,8.270000457763672,8.270000457763672,8.1899995803833,8.239999771118164,7.31944465637207,506500
2023-06-21,8.260000228881836,8.260000228881836,8.220000267028809,8.220000267028809,7.301680088043213,307200
2023-06-22,8.1899995803833,8.229999542236328,8.180000305175781,8.210000038146973,7.292798042297363,372000
2023-06-23,8.1899995803833,8.199999809265137,8.119999885559082,8.130000114440918,7.221735000610352,520800
2023-06-26,8.149999618530273,8.1899995803833,8.109999656677246,8.140000343322754,7.230618476867676,417700
2023-06-27,8.140000343322754,8.220000267028809,8.119999885559082,8.210000038146973,7.292798042297363,498600
2023-06-28,8.210000038146973,8.25,8.180000305175781,8.210000038146973,7.292798042297363,456900
2023-06-29,8.210000038146973,8.260000228881836,8.210000038146973,8.260000228881836,7.337212562561035,419400
2023-06-30,8.34000015258789,8.350000381469727,8.289999961853027,8.34000015258789,7.408274173736572,1125900
2023-07-03,8.289999961853027,8.359999656677246,8.289999961853027,8.350000381469727,7.41715669631958,263300
2023-07-05,8.3100004196167,8.359999656677246,8.3100004196167,8.329999923706055,7.3993916511535645,360900
2023-07-06,8.25,8.300000190734863,8.210000038146973,8.239999771118164,7.31944465637207,413500
2023-07-07,8.260000228881836,8.319999694824219,8.25,8.25,7.328329086303711,490900
2023-07-10,8.3100004196167,8.350000381469727,8.260000228881836,8.300000190734863,7.372744560241699,537300
2023-07-11,8.289999961853027,8.350000381469727,8.289999961853027,8.34000015258789,7.408274173736572,410600
2023-07-12,8.420000076293945,8.430000305175781,8.369999885559082,8.369999885559082,7.434922695159912,457100
2023-07-13,8.359999656677246,8.380000114440918,8.319999694824219,8.350000381469727,7.467116355895996,442100
2023-07-14,8.380000114440918,8.380000114440918,8.289999961853027,8.289999961853027,7.413461685180664,446500
2023-07-17,8.260000228881836,8.3100004196167,8.260000228881836,8.279999732971191,7.404518127441406,472600
2023-07-18,8.279999732971191,8.359999656677246,8.279999732971191,8.359999656677246,7.476058483123779,441500
2023-07-19,8.390000343322754,8.40999984741211,8.359999656677246,8.390000343322754,7.502888202667236,438100
2023-07-20,8.350000381469727,8.380000114440918,8.329999923706055,8.34000015258789,7.458174705505371,428800
2023-07-21,8.390000343322754,8.390000343322754,8.329999923706055,8.329999923706055,7.44923210144043,292800
2023-07-24,8.359999656677246,8.40999984741211,8.34000015258789,8.369999885559082,7.485001087188721,372000
2023-07-25,8.380000114440918,8.380000114440918,8.34000015258789,8.34000015258789,7.458174705505371,440600
2023-07-26,8.34000015258789,8.399999618530273,8.34000015258789,8.359999656677246,7.476058483123779,282100
2023-07-27,8.420000076293945,8.420000076293945,8.329999923706055,8.329999923706055,7.44923210144043,405500
2023-07-28,8.369999885559082,8.380000114440918,8.319999694824219,8.329999923706055,7.44923210144043,496400
2023-07-31,8.380000114440918,8.399999618530273,8.319999694824219,8.369999885559082,7.485001087188721,675500
2023-08-01,8.359999656677246,8.390000343322754,8.279999732971191,8.289999961853027,7.413461685180664,802300
2023-08-02,8.260000228881836,8.279999732971191,8.180000305175781,8.210000038146973,7.341919898986816,589300
2023-08-03,8.180000305175781,8.260000228881836,8.170000076293945,8.210000038146973,7.341919898986816,518400
2023-08-04,8.270000457763672,8.270000457763672,8.1899995803833,8.210000038146973,7.341919898986816,424000
2023-08-07,8.210000038146973,8.260000228881836,8.210000038146973,8.220000267028809,7.350861549377441,564900
2023-08-08,8.199999809265137,8.210000038146973,8.140000343322754,8.210000038146973,7.341919898986816,462200
2023-08-09,8.210000038146973,8.229999542236328,8.149999618530273,8.15999984741211,7.297205448150635,383300
2023-08-10,8.220000267028809,8.25,8.15999984741211,8.180000305175781,7.315091609954834,406700
2023-08-11,8.180000305175781,8.1899995803833,8.15999984741211,8.180000305175781,7.315091609954834,490100
2023-08-14,8.130000114440918,8.149999618530273,8.09000015258789,8.109999656677246,7.30248498916626,346200
2023-08-15,8.100000381469727,8.100000381469727,7.980000019073486,7.989999771118164,7.194433212280273,679000
2023-08-16,8.0,8.029999732971191,7.949999809265137,7.960000038146973,7.167421817779541,456300
2023-08-17,7.980000019073486,8.0,7.909999847412109,7.920000076293945,7.131403923034668,338100
2023-08-18,7.900000095367432,7.949999809265137,7.869999885559082,7.909999847412109,7.12239933013916,388600
2023-08-21,7.940000057220459,7.949999809265137,7.869999885559082,7.920000076293945,7.131403923034668,526800
2023-08-22,7.980000019073486,7.989999771118164,7.869999885559082,7.880000114440918,7.095386981964111,338000
2023-08-23,7.900000095367432,7.929999828338623,7.840000152587891,7.880000114440918,7.095386981964111,712100
2023-08-24,7.909999847412109,7.909999847412109,7.800000190734863,7.809999942779541,7.032356262207031,502600
2023-08-25,7.849999904632568,7.880000114440918,7.769999980926514,7.860000133514404,7.077378273010254,526200
2023-08-28,7.869999885559082,7.929999828338623,7.840000152587891,7.860000133514404,7.077378273010254,605300
2023-08-29,7.880000114440918,7.949999809265137,7.869999885559082,7.940000057220459,7.149411678314209,439200
2023-08-30,7.96999979019165,7.980000019073486,7.900000095367432,7.920000076293945,7.131403923034668,533200
2023-08-31,7.980000019073486,8.0,7.789999961853027,7.800000190734863,7.023352146148682,1158600
2023-09-01,7.820000171661377,7.840000152587891,7.739999771118164,7.769999980926514,6.996338367462158,1146100
2023-09-05,7.78000020980835,7.800000190734863,7.739999771118164,7.760000228881836,6.987336158752441,491000
2023-09-06,7.739999771118164,7.760000228881836,7.639999866485596,7.670000076293945,6.906296253204346,774000
2023-09-07,7.659999847412109,7.690000057220459,7.579999923706055,7.610000133514404,6.85227108001709,809300
2023-09-08,7.599999904632568,7.630000114440918,7.590000152587891,7.610000133514404,6.85227108001709,357900
2023-09-11,7.650000095367432,7.670000076293945,7.570000171661377,7.599999904632568,6.843266010284424,540000
2023-09-12,7.619999885559082,7.639999866485596,7.53000020980835,7.639999866485596,6.879283905029297,875700
2023-09-13,7.639999866485596,7.710000038146973,7.639999866485596,7.639999866485596,6.879283905029297,724200
2023-09-14,7.639999866485596,7.699999809265137,7.630000114440918,7.679999828338623,6.966362476348877,843200
2023-09-15,7.650000095367432,7.670000076293945,7.599999904632568,7.599999904632568,6.893797397613525,564100
2023-09-18,7.599999904632568,7.639999866485596,7.570000171661377,7.599999904632568,6.893797397613525,661700
2023-09-19,7.599999904632568,7.630000114440918,7.570000171661377,7.630000114440918,6.921009063720703,408500
2023-09-20,7.659999847412109,7.730000019073486,7.639999866485596,7.639999866485596,6.930079936981201,659600
2023-09-21,7.610000133514404,7.630000114440918,7.53000020980835,7.539999961853027,6.839371681213379,594700
2023-09-22,7.570000171661377,7.599999904632568,7.53000020980835,7.559999942779541,6.857513427734375,738300
2023-09-25,7.510000228881836,7.599999904632568,7.510000228881836,7.590000152587891,6.884726047515869,507700
2023-09-26,7.539999961853027,7.559999942779541,7.460000038146973,7.46999979019165,6.775876522064209,626500
2023-09-27,7.480000019073486,7.519999980926514,7.449999809265137,7.480000019073486,6.784947395324707,808300
2023-09-28,7.480000019073486,7.579999923706055,7.480000019073486,7.550000190734863,6.848443031311035,528300
2023-09-29,7.630000114440918,7.630000114440918,7.550000190734863,7.610000133514404,6.902866840362549,1676000
2023-10-02,7.570000171661377,7.610000133514404,7.519999980926514,7.539999961853027,6.839371681213379,714600
2023-10-03,7.489999771118164,7.489999771118164,7.420000076293945,7.429999828338623,6.739593029022217,679100
2023-10-04,7.409999847412109,7.449999809265137,7.369999885559082,7.440000057220459,6.748663425445557,437800
2023-10-05,7.409999847412109,7.449999809265137,7.349999904632568,7.380000114440918,6.694240093231201,743900
2023-10-06,7.360000133514404,7.519999980926514,7.320000171661377,7.5,6.803089141845703,564200
2023-10-09,7.5,7.550000190734863,7.480000019073486,7.510000228881836,6.812159538269043,429800
2023-10-10,7.550000190734863,7.610000133514404,7.53000020980835,7.570000171661377,6.866583824157715,378600
2023-10-11,7.579999923706055,7.610000133514404,7.539999961853027,7.590000152587891,6.884726047515869,494900
2023-10-12,7.579999923706055,7.599999904632568,7.5,7.519999980926514,6.821230888366699,378400
2023-10-13,7.46999979019165,7.53000020980835,7.420000076293945,7.420000076293945,6.78101921081543,414800
2023-10-16,7.420000076293945,7.510000228881836,7.420000076293945,7.480000019073486,6.835853099822998,665300
2023-10-17,7.46999979019165,7.510000228881836,7.429999828338623,7.449999809265137,6.808435916900635,494700
2023-10-18,7.460000038146973,7.460000038146973,7.380000114440918,7.389999866485596,6.753603458404541,435900
2023-10-19,7.400000095367432,7.420000076293945,7.289999961853027,7.289999961853027,6.662214279174805,557300
2023-10-20,7.289999961853027,7.289999961853027,7.210000038146973,7.210000038146973,6.589103698730469,478500
2023-10-23,7.199999809265137,7.239999771118164,7.130000114440918,7.150000095367432,6.534271717071533,568000
2023-10-24,7.199999809265137,7.25,7.119999885559082,7.170000076293945,6.552548408508301,598200
2023-10-25,7.139999866485596,7.159999847412109,7.070000171661377,7.070000171661377,6.461159706115723,465800
2023-10-26,7.079999923706055,7.090000152587891,6.909999847412109,6.920000076293945,6.32407808303833,1123400
2023-10-27,6.980000019073486,7.03000020980835,6.920000076293945,6.940000057220459,6.342355728149414,567200
2023-10-30,6.980000019073486,7.059999942779541,6.96999979019165,7.059999942779541,6.452021598815918,453300
2023-10-31,7.119999885559082,7.170000076293945,7.099999904632568,7.139999866485596,6.525132656097412,659700
2023-11-01,7.159999847412109,7.300000190734863,7.139999866485596,7.289999961853027,6.662214279174805,615400
2023-11-02,7.340000152587891,7.460000038146973,7.340000152587891,7.449999809265137,6.808435916900635,360600
2023-11-03,7.5,7.579999923706055,7.5,7.550000190734863,6.899824142456055,341600
2023-11-06,7.590000152587891,7.590000152587891,7.400000095367432,7.420000076293945,6.78101921081543,541300
2023-11-07,7.389999866485596,7.5,7.369999885559082,7.380000114440918,6.744465351104736,447200
2023-11-08,7.380000114440918,7.420000076293945,7.309999942779541,7.320000171661377,6.689631462097168,570100
2023-11-09,7.349999904632568,7.349999904632568,7.199999809265137,7.21999979019165,6.598242282867432,564500
2023-11-10,7.260000228881836,7.360000133514404,7.239999771118164,7.349999904632568,6.717047691345215,550400
2023-11-13,7.349999904632568,7.420000076293945,7.340000152587891,7.360000133514404,6.726186752319336,334600
2023-11-14,7.400000095367432,7.510000228881836,7.400000095367432,7.46999979019165,6.879054069519043,443300
2023-11-15,7.489999771118164,7.559999942779541,7.46999979019165,7.489999771118164,6.897472381591797,544300
2023-11-16,7.489999771118164,7.539999961853027,7.46999979019165,7.519999980926514,6.9250993728637695,598400
2023-11-17,7.559999942779541,7.559999942779541,7.53000020980835,7.539999961853027,6.943515777587891,410400
2023-11-20,7.539999961853027,7.610000133514404,7.53000020980835,7.579999923706055,6.980352401733398,636200
2023-11-21,7.559999942779541,7.599999904632568,7.539999961853027,7.570000171661377,6.9711432456970215,534400
2023-11-22,7.619999885559082,7.659999847412109,7.610000133514404,7.630000114440918,7.026397228240967,948800
2023-11-24,7.619999885559082,7.690000057220459,7.619999885559082,7.690000057220459,7.081650733947754,251600
2023-11-27,7.679999828338623,7.739999771118164,7.670000076293945,7.730000019073486,7.118486404418945,634500
2023-11-28,7.730000019073486,7.75,7.699999809265137,7.75,7.136903762817383,385200
2023-11-29,7.789999961853027,7.820000171661377,7.71999979019165,7.769999980926514,7.15532112121582,624500
2023-11-30,7.800000190734863,7.829999923706055,7.760000228881836,7.800000190734863,7.182948589324951,812600
2023-12-01,7.800000190734863,7.929999828338623,7.800000190734863,7.909999847412109,7.28424596786499,735000
2023-12-04,7.800000190734863,7.840000152587891,7.75,7.75,7.136903762817383,889400
2023-12-05,7.71999979019165,7.730000019073486,7.610000133514404,7.670000076293945,7.063232421875,690500
2023-12-06,7.670000076293945,7.690000057220459,7.610000133514404,7.630000114440918,7.026397228240967,693400
2023-12-07,7.630000114440918,7.659999847412109,7.610000133514404,7.639999866485596,7.035606384277344,633700
2023-12-08,7.630000114440918,7.650000095367432,7.599999904632568,7.630000114440918,7.026397228240967,489100
2023-12-11,7.630000114440918,7.71999979019165,7.610000133514404,7.670000076293945,7.063232421875,668800
2023-12-12,7.71999979019165,7.760000228881836,7.690000057220459,7.760000228881836,7.14611291885376,621200
2023-12-13,7.78000020980835,7.889999866485596,7.739999771118164,7.860000133514404,7.2382025718688965,712700
2023-12-14,7.829999923706055,7.889999866485596,7.820000171661377,7.880000114440918,7.36056661605835,625200
2023-12-15,7.849999904632568,7.860000133514404,7.789999961853027,7.789999961853027,7.276499271392822,549000
2023-12-18,7.849999904632568,7.869999885559082,7.829999923706055,7.860000133514404,7.341884613037109,871600
2023-12-19,7.880000114440918,7.909999847412109,7.860000133514404,7.889999866485596,7.369906902313232,785200
2023-12-20,7.940000057220459,7.940000057220459,7.760000228881836,7.78000020980835,7.267158031463623,1057400
2023-12-21,7.789999961853027,7.829999923706055,7.760000228881836,7.800000190734863,7.2858405113220215,798300
2023-12-22,7.829999923706055,7.920000076293945,7.789999961853027,7.829999923706055,7.3138628005981445,808000
2023-12-26,7.869999885559082,7.900000095367432,7.849999904632568,7.860000133514404,7.341884613037109,678400
2023-12-27,7.889999866485596,7.889999866485596,7.789999961853027,7.820000171661377,7.304521083831787,735100
2023-12-28,7.849999904632568,7.860000133514404,7.789999961853027,7.820000171661377,7.304521083831787,735300
2023-12-29,7.800000190734863,7.820000171661377,7.690000057220459,7.690000057220459,7.183091163635254,1272100
2024-01-02,7.679999828338623,7.78000020980835,7.650000095367432,7.739999771118164,7.229794502258301,505300
2024-01-03,7.75,7.800000190734863,7.730000019073486,7.769999980926514,7.257817268371582,464900
2024-01-04,7.71999979019165,7.820000171661377,7.71999979019165,7.800000190734863,7.2858405113220215,646400
2024-01-05,7.789999961853027,7.889999866485596,7.789999961853027,7.860000133514404,7.341884613037109,511200
2024-01-08,7.880000114440918,7.920000076293945,7.829999923706055,7.920000076293945,7.397930145263672,758200
2024-01-09,7.849999904632568,7.929999828338623,7.849999904632568,7.880000114440918,7.36056661605835,662900
2024-01-10,7.869999885559082,7.929999828338623,7.860000133514404,7.920000076293945,7.397930145263672,671900
2024-01-11,7.880000114440918,7.900000095367432,7.849999904632568,7.900000095367432,7.431796073913574,940900
2024-01-12,7.900000095367432,7.909999847412109,7.849999904632568,7.880000114440918,7.412981986999512,400600
2024-01-16,7.869999885559082,7.880000114440918,7.739999771118164,7.760000228881836,7.300094127655029,856400
2024-01-17,7.760000228881836,7.800000190734863,7.730000019073486,7.769999980926514,7.3095011711120605,477300
2024-01-18,7.78000020980835,7.820000171661377,7.75,7.769999980926514,7.3095011711120605,537800
2024-01-19,7.800000190734863,7.800000190734863,7.710000038146973,7.730000019073486,7.271871566772461,481200
2024-01-22,7.78000020980835,7.800000190734863,7.730000019073486,7.75,7.290686130523682,485900
2024-01-23,7.78000020980835,7.789999961853027,7.75,7.789999961853027,7.3283162117004395,400800
2024-01-24,7.809999942779541,7.829999923706055,7.789999961853027,7.800000190734863,7.337723731994629,358600
2024-01-25,7.809999942779541,7.840000152587891,7.78000020980835,7.809999942779541,7.34713077545166,621400
2024-01-26,7.809999942779541,7.829999923706055,7.78000020980835,7.800000190734863,7.337723731994629,568100
2024-01-29,7.829999923706055,7.849999904632568,7.789999961853027,7.849999904632568,7.384759902954102,614500
2024-01-30,7.860000133514404,7.880000114440918,7.829999923706055,7.880000114440918,7.412981986999512,875800
2024-01-31,7.880000114440918,7.949999809265137,7.849999904632568,7.849999904632568,7.384759902954102,740100
2024-02-01,7.889999866485596,7.989999771118164,7.889999866485596,7.960000038146973,7.4882402420043945,934000
2024-02-02,7.940000057220459,7.949999809265137,7.869999885559082,7.920000076293945,7.450611591339111,672900
2024-02-05,7.909999847412109,7.920000076293945,7.829999923706055,7.860000133514404,7.394166946411133,563800
2024-02-06,7.889999866485596,7.920000076293945,7.860000133514404,7.900000095367432,7.431796073913574,436900
2024-02-07,7.949999809265137,7.96999979019165,7.920000076293945,7.949999809265137,7.478832721710205,620500
2024-02-08,7.909999847412109,7.949999809265137,7.900000095367432,7.929999828338623,7.460018634796143,443800
2024-02-09,7.960000038146973,7.96999979019165,7.920000076293945,7.949999809265137,7.478832721710205,415500
2024-02-12,7.989999771118164,8.010000228881836,7.980000019073486,7.989999771118164,7.516462802886963,453700
2024-02-13,7.940000057220459,7.96999979019165,7.900000095367432,7.920000076293945,7.450611591339111,589500
2024-02-14,7.900000095367432,7.96999979019165,7.889999866485596,7.929999828338623,7.513141632080078,584200
2024-02-15,7.920000076293945,7.96999979019165,7.920000076293945,7.960000038146973,7.541564464569092,305900
2024-02-16,7.960000038146973,7.989999771118164,7.920000076293945,7.920000076293945,7.503667831420898,494400
2024-02-20,7.929999828338623,7.960000038146973,7.860000133514404,7.889999866485596,7.47524356842041,593100
2024-02-21,7.920000076293945,7.929999828338623,7.849999904632568,7.889999866485596,7.47524356842041,537700
2024-02-22,7.960000038146973,7.980000019073486,7.929999828338623,7.96999979019165,7.55103874206543,548100
2024-02-23,7.989999771118164,8.010000228881836,7.96999979019165,7.989999771118164,7.5699872970581055,385700
2024-02-26,8.010000228881836,8.029999732971191,7.929999828338623,7.940000057220459,7.522615909576416,477800
2024-02-27,7.96999979019165,7.989999771118164,7.960000038146973,7.980000019073486,7.560513973236084,285600
2024-02-28,7.929999828338623,8.0,7.929999828338623,7.989999771118164,7.5699872970581055,413900
2024-02-29,8.029999732971191,8.050000190734863,7.989999771118164,8.020000457763672,7.598411560058594,450000
2024-03-01,8.020000457763672,8.100000381469727,8.0,8.069999694824219,7.645782947540283,838800
2024-03-04,8.109999656677246,8.130000114440918,8.09000015258789,8.100000381469727,7.674205303192139,429100
2024-03-05,8.119999885559082,8.15999984741211,8.09000015258789,8.109999656677246,7.683679103851318,995100
2024-03-06,8.170000076293945,8.180000305175781,8.119999885559082,8.170000076293945,7.7405266761779785,472400
2024-03-07,8.199999809265137,8.229999542236328,8.170000076293945,8.199999809265137,7.768948078155518,391700
2024-03-08,8.1899995803833,8.229999542236328,8.149999618530273,8.180000305175781,7.749999523162842,440700
2024-03-11,8.1899995803833,8.199999809265137,8.140000343322754,8.15999984741211,7.731050968170166,392100
2024-03-12,8.1899995803833,8.220000267028809,8.15999984741211,8.199999809265137,7.768948078155518,481200
2024-03-13,8.210000038146973,8.220000267028809,8.149999618530273,8.180000305175781,7.749999523162842,433100
2024-03-14,8.149999618530273,8.149999618530273,8.020000457763672,8.0600004196167,7.688946723937988,407600
2024-03-15,8.039999961853027,8.079999923706055,7.96999979019165,7.96999979019165,7.603089332580566,426100
2024-03-18,8.029999732971191,8.029999732971191,7.96999979019165,8.020000457763672,7.650788307189941,485400
2024-03-19,8.020000457763672,8.130000114440918,8.010000228881836,8.119999885559082,7.746182918548584,506400
2024-03-20,8.09000015258789,8.199999809265137,8.09000015258789,8.1899995803833,7.812960624694824,559100
2024-03-21,8.180000305175781,8.270000457763672,8.180000305175781,8.270000457763672,7.889278888702393,486900
2024-03-22,8.270000457763672,8.279999732971191,8.210000038146973,8.239999771118164,7.860658645629883,306800
2024-03-25,8.239999771118164,8.260000228881836,8.199999809265137,8.239999771118164,7.860658645629883,372500
2024-03-26,8.239999771118164,8.3100004196167,8.210000038146973,8.220000267028809,7.841580867767334,684800
2024-03-27,8.229999542236328,8.279999732971191,8.1899995803833,8.260000228881836,7.879738807678223,911000
2024-03-28,8.25,8.3100004196167,8.210000038146973,8.25,7.870199203491211,1314000
2024-04-01,8.270000457763672,8.279999732971191,8.1899995803833,8.199999809265137,7.8225016593933105,460200
2024-04-02,8.149999618530273,8.170000076293945,8.109999656677246,8.170000076293945,7.793882369995117,428700
2024-04-03,8.119999885559082,8.199999809265137,8.109999656677246,8.1899995803833,7.812960624694824,389000
2024-04-04,8.199999809265137,8.220000267028809,8.079999923706055,8.109999656677246,7.736643314361572,588200
2024-04-05,8.109999656677246,8.149999618530273,8.079999923706055,8.140000343322754,7.765264511108398,505100
2024-04-08,8.140000343322754,8.210000038146973,8.140000343322754,8.180000305175781,7.803421974182129,489600
2024-04-09,8.220000267028809,8.220000267028809,8.149999618530273,8.15999984741211,7.784341812133789,333800
2024-04-10,8.130000114440918,8.149999618530273,8.100000381469727,8.109999656677246,7.736643314361572,494200
2024-04-11,8.140000343322754,8.149999618530273,8.100000381469727,8.119999885559082,7.746182918548584,258700
2024-04-12,8.039999961853027,8.0600004196167,7.869999885559082,7.880000114440918,7.5694355964660645,705500
2024-04-15,7.920000076293945,8.0,7.800000190734863,7.809999942779541,7.502194404602051,621500
2024-04-16,7.849999904632568,7.849999904632568,7.800000190734863,7.820000171661377,7.511800289154053,388900
2024-04-17,7.849999904632568,7.880000114440918,7.829999923706055,7.860000133514404,7.550224781036377,281000
2024-04-18,7.880000114440918,7.900000095367432,7.849999904632568,7.889999866485596,7.579041481018066,269600
2024-04-19,7.900000095367432,7.949999809265137,7.869999885559082,7.880000114440918,7.5694355964660645,324000
2024-04-22,7.929999828338623,8.0,7.889999866485596,8.0,7.684706211090088,293000
2024-04-23,8.039999961853027,8.079999923706055,8.020000457763672,8.0600004196167,7.742341995239258,216900
2024-04-24,8.09000015258789,8.09000015258789,8.020000457763672,8.039999961853027,7.723129749298096,234500
2024-04-25,7.980000019073486,8.010000228881836,7.949999809265137,7.980000019073486,7.665494441986084,344200
2024-04-26,8.010000228881836,8.0600004196167,8.010000228881836,8.020000457763672,7.703918933868408,452500
2024-04-29,8.029999732971191,8.050000190734863,7.989999771118164,8.020000457763672,7.703918933868408,464700
2024-04-30,8.039999961853027,8.09000015258789,7.989999771118164,8.020000457763672,7.703918933868408,660800
2024-05-01,8.020000457763672,8.0600004196167,8.010000228881836,8.050000190734863,7.732736587524414,463000
2024-05-02,8.09000015258789,8.100000381469727,8.029999732971191,8.050000190734863,7.732736587524414,259700
2024-05-03,8.130000114440918,8.140000343322754,8.069999694824219,8.140000343322754,7.819189548492432,323300
2024-05-06,8.15999984741211,8.180000305175781,8.140000343322754,8.170000076293945,7.848006248474121,300700
2024-05-07,8.15999984741211,8.199999809265137,8.140000343322754,8.180000305175781,7.857612133026123,420400
2024-05-08,8.1899995803833,8.239999771118164,8.180000305175781,8.229999542236328,7.905641555786133,651300
2024-05-09,8.260000228881836,8.260000228881836,8.220000267028809,8.260000228881836,7.934459209442139,407200
2024-05-10,8.260000228881836,8.279999732971191,8.229999542236328,8.25,7.924853324890137,304000
2024-05-13,8.289999961853027,8.3100004196167,8.260000228881836,8.279999732971191,7.953670501708984,287300
2024-05-14,8.25,8.279999732971191,8.239999771118164,8.279999732971191,8.007828712463379,369600
2024-05-15,8.289999961853027,8.3100004196167,8.260000228881836,8.300000190734863,8.027173042297363,437800
2024-05-16,8.279999732971191,8.3100004196167,8.260000228881836,8.289999961853027,8.017502784729004,300800
2024-05-17,8.3100004196167,8.3100004196167,8.289999961853027,8.289999961853027,8.017502784729004,200300
2024-05-20,8.279999732971191,8.319999694824219,8.270000457763672,8.289999961853027,8.017502784729004,270800
2024-05-21,8.300000190734863,8.319999694824219,8.279999732971191,8.319999694824219,8.046515464782715,317800
2024-05-22,8.319999694824219,8.319999694824219,8.270000457763672,8.279999732971191,8.007828712463379,262500
2024-05-23,8.279999732971191,8.279999732971191,8.15999984741211,8.180000305175781,7.911117076873779,309900
2024-05-24,8.199999809265137,8.260000228881836,8.199999809265137,8.25,7.978816032409668,238700
2024-05-28,8.289999961853027,8.289999961853027,8.180000305175781,8.180000305175781,7.911117076873779,476800
2024-05-29,8.180000305175781,8.180000305175781,8.069999694824219,8.079999923706055,7.814404487609863,492600
2024-05-30,8.079999923706055,8.170000076293945,8.079999923706055,8.140000343322754,7.872431755065918,540700
2024-05-31,8.210000038146973,8.25,8.149999618530273,8.25,7.978816032409668,558400
2024-06-03,8.289999961853027,8.300000190734863,8.220000267028809,8.270000457763672,7.998158931732178,446900
2024-06-04,8.279999732971191,8.279999732971191,8.1899995803833,8.229999542236328,7.959474086761475,287600
2024-06-05,8.270000457763672,8.300000190734863,8.239999771118164,8.270000457763672,7.998158931732178,252700
2024-06-06,8.279999732971191,8.300000190734863,8.239999771118164,8.279999732971191,8.007828712463379,263500
2024-06-07,8.279999732971191,8.279999732971191,8.220000267028809,8.25,7.978816032409668,464900
2024-06-10,8.229999542236328,8.25,8.1899995803833,8.199999809265137,7.930459976196289,427300
2024-06-11,8.15999984741211,8.15999984741211,8.100000381469727,8.140000343322754,7.872431755065918,728500
2024-06-12,8.1899995803833,8.220000267028809,8.149999618530273,8.180000305175781,7.911117076873779,575600
2024-06-13,8.170000076293945,8.170000076293945,8.130000114440918,8.15999984741211,7.891774654388428,345000
2024-06-14,8.100000381469727,8.119999885559082,8.050000190734863,8.050000190734863,7.839189052581787,349300
2024-06-17,8.09000015258789,8.130000114440918,7.940000057220459,8.020000457763672,7.8099751472473145,887100
2024-06-18,8.039999961853027,8.09000015258789,8.029999732971191,8.09000015258789,7.878141403198242,353900
2024-06-20,8.109999656677246,8.109999656677246,8.029999732971191,8.0600004196167,7.848927021026611,372500
2024-06-21,8.09000015258789,8.109999656677246,8.0600004196167,8.109999656677246,7.897617340087891,312800
2024-06-24,8.130000114440918,8.15999984741211,8.09000015258789,8.140000343322754,7.9268317222595215,524900
2024-06-25,8.180000305175781,8.180000305175781,8.079999923706055,8.119999885559082,7.907355308532715,424600
2024-06-26,8.109999656677246,8.119999885559082,8.039999961853027,8.119999885559082,7.907355308532715,495300
2024-06-27,8.130000114440918,8.140000343322754,8.109999656677246,8.130000114440918,7.917093753814697,368800
2024-06-28,8.180000305175781,8.220000267028809,8.149999618530273,8.170000076293945,7.9560465812683105,431400
2024-07-01,8.1899995803833,8.199999809265137,8.149999618530273,8.15999984741211,7.946308612823486,318000
2024-07-02,8.149999618530273,8.210000038146973,8.149999618530273,8.210000038146973,7.994998455047607,320200
2024-07-03,8.199999809265137,8.25,8.199999809265137,8.25,8.033950805664062,349500
2024-07-05,8.25,8.25,8.199999809265137,8.220000267028809,8.004737854003906,269300
2024-07-08,8.220000267028809,8.239999771118164,8.210000038146973,8.229999542236328,8.01447582244873,303200
2024-07-09,8.25,8.25,8.199999809265137,8.229999542236328,8.01447582244873,369000
2024-07-10,8.270000457763672,8.289999961853027,8.239999771118164,8.289999961853027,8.072904586791992,333200
2024-07-11,8.289999961853027,8.289999961853027,8.260000228881836,8.270000457763672,8.053427696228027,479000
2024-07-12,8.289999961853027,8.380000114440918,8.289999961853027,8.350000381469727,8.131332397460938,659300
2024-07-15,8.3100004196167,8.350000381469727,8.260000228881836,8.270000457763672,8.107803344726562,579700
2024-07-16,8.300000190734863,8.3100004196167,8.289999961853027,8.3100004196167,8.147019386291504,645600
2024-07-17,8.289999961853027,8.34000015258789,8.260000228881836,8.279999732971191,8.117607116699219,673200
2024-07-18,8.25,8.289999961853027,8.1899995803833,8.229999542236328,8.068587303161621,1145900
2024-07-19,8.239999771118164,8.25,8.079999923706055,8.15999984741211,7.999960422515869,647000
2024-07-22,8.15999984741211,8.25,8.149999618530273,8.25,8.08819580078125,465600
2024-07-23,8.270000457763672,8.289999961853027,8.229999542236328,8.289999961853027,8.127411842346191,680600
2024-07-24,8.25,8.260000228881836,8.149999618530273,8.170000076293945,8.009764671325684,700300
2024-07-25,8.210000038146973,8.300000190734863,8.199999809265137,8.25,8.08819580078125,528800
2024-07-26,8.279999732971191,8.34000015258789,8.279999732971191,8.319999694824219,8.15682315826416,293100
2024-07-29,8.34000015258789,8.350000381469727,8.279999732971191,8.350000381469727,8.186234474182129,485900
2024-07-30,8.380000114440918,8.449999809265137,8.369999885559082,8.4399995803833,8.274469375610352,726200
2024-07-31,8.510000228881836,8.539999961853027,8.479999542236328,8.520000457763672,8.352900505065918,594900
2024-08-01,8.520000457763672,8.539999961853027,8.359999656677246,8.399999618530273,8.23525333404541,493000
2024-08-02,8.300000190734863,8.3100004196167,8.1899995803833,8.260000228881836,8.097999572753906,575300
2024-08-05,8.079999923706055,8.199999809265137,7.949999809265137,8.039999961853027,7.882314205169678,958100
2024-08-06,8.069999694824219,8.1899995803833,8.050000190734863,8.119999885559082,7.960745334625244,540100
2024-08-07,8.15999984741211,8.289999961853027,8.130000114440918,8.140000343322754,7.980352401733398,590400
2024-08-08,8.170000076293945,8.279999732971191,8.170000076293945,8.270000457763672,8.107803344726562,486000
2024-08-09,8.289999961853027,8.3100004196167,8.239999771118164,8.279999732971191,8.117607116699219,340300
2024-08-12,8.3100004196167,8.319999694824219,8.260000228881836,8.260000228881836,8.097999572753906,246800
2024-08-13,8.279999732971191,8.319999694824219,8.270000457763672,8.289999961853027,8.127411842346191,260400
2024-08-14,8.3100004196167,8.40999984741211,8.3100004196167,8.350000381469727,8.186234474182129,443000
2024-08-15,8.350000381469727,8.4399995803833,8.350000381469727,8.399999618530273,8.290857315063477,347800
2024-08-16,8.359999656677246,8.390000343322754,8.3100004196167,8.3100004196167,8.202027320861816,475000
2024-08-19,8.350000381469727,8.430000305175781,8.350000381469727,8.390000343322754,8.280987739562988,418600
2024-08-20,8.40999984741211,8.40999984741211,8.329999923706055,8.350000381469727,8.241507530212402,366400
2024-08-21,8.359999656677246,8.390000343322754,8.329999923706055,8.369999885559082,8.261246681213379,494900
2024-08-22,8.399999618530273,8.40999984741211,8.359999656677246,8.390000343322754,8.280987739562988,428400
2024-08-23,8.390000343322754,8.579999923706055,8.380000114440918,8.569999694824219,8.458647727966309,1027900
2024-08-26,8.600000381469727,8.640000343322754,8.59000015258789,8.619999885559082,8.5079984664917,788200
2024-08-27,8.619999885559082,8.619999885559082,8.539999961853027,8.569999694824219,8.458647727966309,551000
2024-08-28,8.59000015258789,8.619999885559082,8.5,8.550000190734863,8.438908576965332,478200
2024-08-29,8.5600004196167,8.619999885559082,8.550000190734863,8.609999656677246,8.498127937316895,692200
2024-08-30,8.649999618530273,8.65999984741211,8.59000015258789,8.630000114440918,8.517868995666504,562800
2024-09-03,8.630000114440918,8.649999618530273,8.5,8.520000457763672,8.409297943115234,648500
2024-09-04,8.539999961853027,8.600000381469727,8.470000267028809,8.5,8.389557838439941,767400
2024-09-05,8.5,8.529999732971191,8.420000076293945,8.5,8.389557838439941,533000
2024-09-06,8.5,8.59000015258789,8.350000381469727,8.399999618530273,8.290857315063477,787300
2024-09-09,8.40999984741211,8.449999809265137,8.380000114440918,8.430000305175781,8.320467948913574,434000
2024-09-10,8.449999809265137,8.460000038146973,8.380000114440918,8.420000076293945,8.31059741973877,454800
2024-09-11,8.449999809265137,8.460000038146973,8.300000190734863,8.390000343322754,8.280987739562988,480800
2024-09-12,8.390000343322754,8.430000305175781,8.350000381469727,8.390000343322754,8.280987739562988,416700
2024-09-13,8.430000305175781,8.479999542236328,8.40999984741211,8.430000305175781,8.320467948913574,289300
2024-09-16,8.430000305175781,8.470000267028809,8.420000076293945,8.4399995803833,8.386045455932617,391600
2024-09-17,8.489999771118164,8.510000228881836,8.420000076293945,8.420000076293945,8.36617374420166,383600
2024-09-18,8.449999809265137,8.470000267028809,8.420000076293945,8.449999809265137,8.395981788635254,452000
2024-09-19,8.510000228881836,8.539999961853027,8.479999542236328,8.529999732971191,8.475469589233398,524400
2024-09-20,8.5600004196167,8.5600004196167,8.479999542236328,8.520000457763672,8.465534210205078,334200
2024-09-23,8.539999961853027,8.5600004196167,8.510000228881836,8.5600004196167,8.505278587341309,518200
2024-09-24,8.5600004196167,8.609999656677246,8.539999961853027,8.600000381469727,8.545022964477539,369200
2024-09-25,8.600000381469727,8.609999656677246,8.489999771118164,8.550000190734863,8.495342254638672,536400
2024-09-26,8.569999694824219,8.579999923706055,8.529999732971191,8.539999961853027,8.485405921936035,313900
2024-09-27,8.539999961853027,8.649999618530273,8.539999961853027,8.649999618530273,8.59470272064209,610000
2024-09-30,8.649999618530273,8.670000076293945,8.569999694824219,8.649999618530273,8.59470272064209,638400
2024-10-01,8.649999618530273,8.680000305175781,8.550000190734863,8.65999984741211,8.604639053344727,359700
2024-10-02,8.649999618530273,8.649999618530273,8.59000015258789,8.640000343322754,8.58476734161377,444800
2024-10-03,8.600000381469727,8.600000381469727,8.550000190734863,8.5600004196167,8.505278587341309,377900
2024-10-04,8.579999923706055,8.619999885559082,8.5600004196167,8.609999656677246,8.55495834350586,273000
2024-10-07,8.609999656677246,8.630000114440918,8.489999771118164,8.520000457763672,8.465534210205078,649100
2024-10-08,8.569999694824219,8.6899995803833,8.5600004196167,8.65999984741211,8.604639053344727,676100
2024-10-09,8.6899995803833,8.739999771118164,8.680000305175781,8.729999542236328,8.67419147491455,775900
2024-10-10,8.729999542236328,8.739999771118164,8.649999618530273,8.680000305175781,8.62451171875,303600
2024-10-11,8.680000305175781,8.8100004196167,8.680000305175781,8.8100004196167,8.753680229187012,554500
2024-10-14,8.779999732971191,8.8100004196167,8.729999542236328,8.760000228881836,8.704000473022461,447100
2024-10-15,8.720000267028809,8.739999771118164,8.649999618530273,8.65999984741211,8.65999984741211,449700
2024-10-16,8.649999618530273,8.6899995803833,8.640000343322754,8.65999984741211,8.65999984741211,691400
2024-10-17,8.6899995803833,8.6899995803833,8.65999984741211,8.65999984741211,8.65999984741211,307500
2024-10-18,8.6899995803833,8.779999732971191,8.640000343322754,8.699999809265137,8.699999809265137,347400
2024-10-21,8.699999809265137,8.75,8.6899995803833,8.720000267028809,8.720000267028809,383400
2024-10-22,8.720000267028809,8.729999542236328,8.6899995803833,8.729999542236328,8.729999542236328,402300
2024-10-23,8.720000267028809,8.720000267028809,8.649999618530273,8.65999984741211,8.65999984741211,243700
2024-10-24,8.699999809265137,8.699999809265137,8.670000076293945,8.699999809265137,8.699999809265137,288100
2024-10-25,8.739999771118164,8.779999732971191,8.720000267028809,8.760000228881836,8.760000228881836,408300
2024-10-28,8.779999732971191,8.819999694824219,8.720000267028809,8.819999694824219,8.819999694824219,353300
2024-10-29,8.8100004196167,8.8100004196167,8.75,8.779999732971191,8.779999732971191,188200
2024-10-30,8.8100004196167,8.84000015258789,8.770000457763672,8.8100004196167,8.8100004196167,364200
2024-10-31,8.8100004196167,8.8100004196167,8.720000267028809,8.720000267028809,8.720000267028809,395600
2024-11-01,8.729999542236328,8.760000228881836,8.670000076293945,8.6899995803833,8.6899995803833,315800
