Date,Open,High,Low,Close,Adj Close,Volume
2020-07-13,10.15999984741211,10.15999984741211,9.800000190734863,9.899999618530273,9.899999618530273,2001300
2020-07-14,9.899999618530273,9.930000305175781,9.890000343322754,9.920000076293945,9.920000076293945,783800
2020-07-15,9.9350004196167,10.0,9.90999984741211,10.0,10.0,566800
2020-07-16,10.050000190734863,10.100000381469727,10.0,10.100000381469727,10.100000381469727,4300
2020-07-17,10.100000381469727,10.149999618530273,10.050000190734863,10.119999885559082,10.119999885559082,269600
2020-07-20,10.109999656677246,10.109999656677246,10.100000381469727,10.100000381469727,10.100000381469727,1900
2020-07-21,10.119999885559082,10.119999885559082,10.0,10.069999694824219,10.069999694824219,691300
2020-07-22,10.0,10.119999885559082,10.0,10.119999885559082,10.119999885559082,16400
2020-07-23,10.074999809265137,10.074999809265137,9.949999809265137,9.989999771118164,9.989999771118164,108500
2020-07-24,10.0,10.0,9.975000381469727,9.984999656677246,9.984999656677246,3600
2020-07-27,10.079999923706055,10.100000381469727,9.979999542236328,10.100000381469727,10.100000381469727,26000
2020-07-28,10.050000190734863,10.119999885559082,10.050000190734863,10.079999923706055,10.079999923706055,29400
2020-07-29,10.0,10.100000381469727,10.0,10.050000190734863,10.050000190734863,580400
2020-07-30,10.050000190734863,10.0600004196167,10.010000228881836,10.024999618530273,10.024999618530273,104400
2020-07-31,10.029999732971191,10.029999732971191,9.970000267028809,9.970000267028809,9.970000267028809,278400
2020-08-03,10.020000457763672,10.020000457763672,9.920000076293945,9.920000076293945,9.920000076293945,79700
2020-08-04,9.949999809265137,9.949999809265137,9.920000076293945,9.920000076293945,9.920000076293945,101900
2020-08-05,9.920000076293945,9.920000076293945,9.920000076293945,9.920000076293945,9.920000076293945,5200
2020-08-06,9.9399995803833,9.9399995803833,9.899999618530273,9.899999618530273,9.899999618530273,303900
2020-08-07,9.899999618530273,9.899999618530273,9.880000114440918,9.899999618530273,9.899999618530273,443900
2020-08-10,9.899999618530273,9.899999618530273,9.880000114440918,9.880000114440918,9.880000114440918,158300
2020-08-11,9.869999885559082,9.920000076293945,9.869999885559082,9.920000076293945,9.920000076293945,18100
2020-08-12,9.899999618530273,9.899999618530273,9.869999885559082,9.869999885559082,9.869999885559082,956000
2020-08-13,9.869999885559082,9.890000343322754,9.869999885559082,9.890000343322754,9.890000343322754,16000
2020-08-14,9.869999885559082,9.899999618530273,9.869999885559082,9.899999618530273,9.899999618530273,1100
2020-08-17,9.920000076293945,10.0,9.880000114440918,9.904999732971191,9.904999732971191,14200
2020-08-18,9.890000343322754,9.899999618530273,9.890000343322754,9.890000343322754,9.890000343322754,19600
2020-08-19,9.880000114440918,9.880000114440918,9.84000015258789,9.850000381469727,9.850000381469727,2000
2020-08-20,9.850000381469727,9.850000381469727,9.824999809265137,9.850000381469727,9.850000381469727,25600
2020-08-21,9.850000381469727,9.869999885559082,9.800000190734863,9.800000190734863,9.800000190734863,75300
2020-08-24,9.829999923706055,9.829999923706055,9.829999923706055,9.829999923706055,9.829999923706055,100
2020-08-25,9.84000015258789,9.859999656677246,9.800000190734863,9.819999694824219,9.819999694824219,332100
2020-08-26,9.800000190734863,9.819999694824219,9.800000190734863,9.819999694824219,9.819999694824219,85200
2020-08-27,9.800000190734863,9.890000343322754,9.800000190734863,9.800000190734863,9.800000190734863,209800
2020-08-28,9.800000190734863,9.899999618530273,9.760000228881836,9.899999618530273,9.899999618530273,593100
2020-08-31,9.850000381469727,9.899999618530273,9.789999961853027,9.899999618530273,9.899999618530273,82600
2020-09-01,9.899999618530273,9.899999618530273,9.890000343322754,9.899999618530273,9.899999618530273,1000
2020-09-02,9.84000015258789,9.949999809265137,9.84000015258789,9.899999618530273,9.899999618530273,19000
2020-09-03,9.899999618530273,10.0,9.84000015258789,9.899999618530273,9.899999618530273,74300
2020-09-04,9.930000305175781,10.0,9.850000381469727,9.949999809265137,9.949999809265137,367500
2020-09-08,9.899999618530273,9.975000381469727,9.84000015258789,9.875,9.875,53100
2020-09-09,9.899999618530273,9.899999618530273,9.84000015258789,9.84000015258789,9.84000015258789,32600
2020-09-10,9.850000381469727,9.850000381469727,9.779999732971191,9.779999732971191,9.779999732971191,121400
2020-09-11,9.779999732971191,9.789999961853027,9.770000457763672,9.779999732971191,9.779999732971191,9400
2020-09-14,9.789999961853027,9.850000381469727,9.789999961853027,9.850000381469727,9.850000381469727,7800
2020-09-15,9.8149995803833,9.850000381469727,9.779999732971191,9.819999694824219,9.819999694824219,3200
2020-09-16,9.84000015258789,9.890000343322754,9.800000190734863,9.890000343322754,9.890000343322754,51200
2020-09-17,9.859999656677246,9.949999809265137,9.850000381469727,9.890000343322754,9.890000343322754,51200
2020-09-18,9.920000076293945,9.979999542236328,9.850000381469727,9.859999656677246,9.859999656677246,32800
2020-09-21,9.850000381469727,9.949999809265137,9.84000015258789,9.84000015258789,9.84000015258789,100300
2020-09-22,9.850000381469727,9.859999656677246,9.84000015258789,9.84000015258789,9.84000015258789,405500
2020-09-23,9.850000381469727,9.859999656677246,9.829999923706055,9.850000381469727,9.850000381469727,47800
2020-09-24,9.899999618530273,9.899999618530273,9.800000190734863,9.8100004196167,9.8100004196167,24900
2020-09-25,9.8100004196167,9.850000381469727,9.8100004196167,9.8100004196167,9.8100004196167,7600
2020-09-28,9.819999694824219,9.880000114440918,9.819999694824219,9.819999694824219,9.819999694824219,26300
2020-09-29,9.850000381469727,9.850000381469727,9.84000015258789,9.84000015258789,9.84000015258789,300
2020-09-30,9.850000381469727,9.880000114440918,9.819999694824219,9.819999694824219,9.819999694824219,35700
2020-10-01,9.819999694824219,9.850000381469727,9.819999694824219,9.829999923706055,9.829999923706055,24300
2020-10-02,9.864999771118164,9.899999618530273,9.819999694824219,9.829999923706055,9.829999923706055,55200
2020-10-05,9.859999656677246,9.869999885559082,9.821999549865723,9.850000381469727,9.850000381469727,164400
2020-10-06,9.869999885559082,9.869999885559082,9.835000038146973,9.859999656677246,9.859999656677246,277000
2020-10-07,9.869999885559082,9.869999885559082,9.779999732971191,9.800000190734863,9.800000190734863,225600
2020-10-08,9.8100004196167,9.899999618530273,9.720000267028809,9.899999618530273,9.899999618530273,482900
2020-10-09,9.850000381469727,9.850000381469727,9.760000228881836,9.800000190734863,9.800000190734863,3600
2020-10-12,9.800000190734863,9.829999923706055,9.800000190734863,9.815999984741211,9.815999984741211,288100
2020-10-13,9.779999732971191,9.880000114440918,9.34000015258789,9.34000015258789,9.34000015258789,115900
2020-10-14,9.75,9.859999656677246,9.75,9.779999732971191,9.779999732971191,62300
2020-10-15,9.770000457763672,9.789999961853027,9.75,9.75,9.75,4400
2020-10-16,9.774999618530273,9.774999618530273,9.75,9.770000457763672,9.770000457763672,48000
2020-10-19,9.890000343322754,9.890000343322754,9.75,9.75,9.75,41500
2020-10-20,9.79699993133545,9.79699993133545,9.788000106811523,9.788000106811523,9.788000106811523,800
2020-10-21,9.890000343322754,9.890000343322754,9.75,9.760000228881836,9.760000228881836,15100
2020-10-22,9.829999923706055,9.829999923706055,9.720000267028809,9.75,9.75,10300
2020-10-23,9.75,9.75,9.75,9.75,9.75,0
2020-10-26,9.779999732971191,9.789999961853027,9.75,9.789999961853027,9.789999961853027,3200
2020-10-27,9.779999732971191,9.779999732971191,9.75,9.75,9.75,4900
2020-10-28,9.720000267028809,9.75,9.720000267028809,9.720000267028809,9.720000267028809,131200
2020-10-29,9.720000267028809,9.720000267028809,9.699999809265137,9.699999809265137,9.699999809265137,6600
2020-10-30,9.699999809265137,9.789999961853027,9.670000076293945,9.789999961853027,9.789999961853027,162300
2020-11-02,9.789999961853027,9.800000190734863,9.670000076293945,9.699999809265137,9.699999809265137,96100
2020-11-03,9.727999687194824,9.760000228881836,9.727999687194824,9.760000228881836,9.760000228881836,6100
2020-11-04,9.75,9.75,9.75,9.75,9.75,1800
2020-11-05,9.779999732971191,9.829999923706055,9.734999656677246,9.819999694824219,9.819999694824219,137100
2020-11-06,9.850000381469727,9.850000381469727,9.75,9.8100004196167,9.8100004196167,62700
2020-11-09,9.899999618530273,9.90999984741211,9.789999961853027,9.800000190734863,9.800000190734863,8500
2020-11-10,9.8100004196167,9.8100004196167,9.8100004196167,9.8100004196167,9.8100004196167,300
2020-11-11,9.800000190734863,9.800000190734863,9.800000190734863,9.800000190734863,9.800000190734863,200
2020-11-12,9.8100004196167,9.8100004196167,9.800000190734863,9.800000190734863,9.800000190734863,400
2020-11-13,9.8100004196167,9.8100004196167,9.779999732971191,9.779999732971191,9.779999732971191,2000
2020-11-16,9.807999610900879,9.890000343322754,9.75,9.829999923706055,9.829999923706055,208600
2020-11-17,9.770000457763672,9.850000381469727,9.75,9.829999923706055,9.829999923706055,107500
2020-11-18,9.84000015258789,9.859999656677246,9.75,9.829999923706055,9.829999923706055,8400
2020-11-19,9.880000114440918,9.880000114440918,9.779999732971191,9.859999656677246,9.859999656677246,86700
2020-11-20,10.6899995803833,12.710000038146973,10.359999656677246,12.5,12.5,28081500
2020-11-23,13.789999961853027,14.739999771118164,13.229999542236328,13.600000381469727,13.600000381469727,15815100
2020-11-24,16.489999771118164,17.200000762939453,14.850000381469727,16.25,16.25,13609400
2020-11-25,17.459999084472656,17.989999771118164,16.290000915527344,17.3700008392334,17.3700008392334,10774900
2020-11-27,17.59000015258789,17.600000381469727,16.010000228881836,16.549999237060547,16.549999237060547,5891100
2020-11-30,17.15999984741211,17.18000030517578,14.319999694824219,15.75,15.75,8525100
2020-12-01,15.609999656677246,15.706999778747559,14.050000190734863,14.25,14.25,4945300
2020-12-02,13.789999961853027,14.90999984741211,13.350000381469727,14.640000343322754,14.640000343322754,5003800
2020-12-03,15.449999809265137,16.75,15.079999923706055,15.5,15.5,7294000
2020-12-04,16.06999969482422,16.510000228881836,15.300000190734863,15.770000457763672,15.770000457763672,3938700
2020-12-07,16.200000762939453,16.979999542236328,15.779999732971191,16.75,16.75,4978500
2020-12-08,16.799999237060547,17.0,15.699999809265137,16.25,16.25,4151300
2020-12-09,16.5,16.5,14.90999984741211,15.789999961853027,15.789999961853027,3467200
2020-12-10,15.0600004196167,15.739999771118164,15.0600004196167,15.40999984741211,15.40999984741211,2526400
2020-12-11,15.470000267028809,15.699999809265137,14.829999923706055,15.510000228881836,15.510000228881836,2372700
2020-12-14,15.630000114440918,15.789999961853027,15.020000457763672,15.510000228881836,15.510000228881836,1675700
2020-12-15,15.489999771118164,16.0,15.210000038146973,15.680000305175781,15.680000305175781,2028300
2020-12-16,15.300000190734863,15.739999771118164,15.109999656677246,15.289999961853027,15.289999961853027,1146100
2020-12-17,15.289999961853027,15.479999542236328,14.739999771118164,15.260000228881836,15.260000228881836,1584000
2020-12-18,15.350000381469727,16.0,14.779999732971191,14.789999961853027,14.789999961853027,2287800
2020-12-21,14.819999694824219,15.359999656677246,14.649999618530273,14.949999809265137,14.949999809265137,3338400
2020-12-22,16.920000076293945,18.700000762939453,16.219999313354492,17.260000228881836,17.260000228881836,9237000
2020-12-23,18.93000030517578,21.399999618530273,18.190000534057617,20.0,20.0,8427600
2020-12-24,21.149999618530273,22.957000732421875,19.25,21.059999465942383,21.059999465942383,5017100
2020-12-28,22.219999313354492,22.81999969482422,21.5,21.969999313354492,21.969999313354492,3400700
2020-12-29,20.850000381469727,20.950000762939453,19.25,20.190000534057617,20.190000534057617,3402500
2020-12-30,20.209999084472656,21.200000762939453,19.899999618530273,20.5,20.5,1511400
2020-12-31,20.100000381469727,20.399999618530273,19.040000915527344,19.790000915527344,19.790000915527344,1824400
2021-01-04,19.649999618530273,20.100000381469727,17.799999237060547,19.149999618530273,19.149999618530273,2897200
2021-01-05,18.40999984741211,19.0,18.149999618530273,18.75,18.75,1515300
2021-01-06,18.5,19.920000076293945,18.030000686645508,18.34000015258789,18.34000015258789,2077700
2021-01-07,18.65999984741211,20.5,18.5,20.399999618530273,20.399999618530273,2028700
2021-01-08,20.030000686645508,20.950000762939453,19.059999465942383,20.350000381469727,20.350000381469727,2224200
2021-01-11,19.899999618530273,21.540000915527344,19.5,20.06999969482422,20.06999969482422,2588700
2021-01-12,19.81999969482422,20.190000534057617,19.5,19.790000915527344,19.790000915527344,1113400
2021-01-13,19.600000381469727,20.350000381469727,19.149999618530273,20.0,20.0,1531100
2021-01-14,20.049999237060547,21.6299991607666,19.600000381469727,20.979999542236328,20.979999542236328,2814900
2021-01-15,20.450000762939453,21.03499984741211,19.389999389648438,19.81999969482422,19.81999969482422,1985600
2021-01-19,19.799999237060547,21.989999771118164,19.34000015258789,20.610000610351562,20.610000610351562,3968400
2021-01-20,20.549999237060547,20.8700008392334,19.709999084472656,20.829999923706055,20.829999923706055,1421600
2021-01-21,20.940000534057617,22.5,20.510000228881836,22.1200008392334,22.1200008392334,3061700
2021-01-22,21.5,22.235000610351562,20.690000534057617,21.329999923706055,21.329999923706055,1330900
2021-01-25,21.5,21.6299991607666,18.09000015258789,19.540000915527344,19.540000915527344,3256400
2021-01-26,20.030000686645508,20.280000686645508,19.190000534057617,19.239999771118164,19.239999771118164,1487400
2021-01-27,18.5,18.959999084472656,17.0,17.170000076293945,17.170000076293945,4020900
2021-01-28,17.899999618530273,18.5,17.5,18.020000457763672,18.020000457763672,2218500
2021-01-29,17.760000228881836,18.969999313354492,17.280000686645508,18.450000762939453,18.450000762939453,2110600
2021-02-01,18.799999237060547,19.579999923706055,17.850000381469727,19.56999969482422,19.56999969482422,1855200
2021-02-02,19.81999969482422,19.899999618530273,18.889999389648438,19.399999618530273,19.399999618530273,1407400
2021-02-03,19.100000381469727,19.530000686645508,18.540000915527344,18.8700008392334,18.8700008392334,1305100
2021-02-04,19.440000534057617,20.399999618530273,18.93000030517578,20.020000457763672,20.020000457763672,2464600
2021-02-05,20.0,20.649999618530273,19.270000457763672,20.299999237060547,20.299999237060547,1854200
2021-02-08,22.780000686645508,24.0,21.732999801635742,24.0,24.0,4321500
2021-02-09,23.450000762939453,23.93000030517578,22.239999771118164,23.899999618530273,23.899999618530273,2789200
2021-02-10,23.979999542236328,23.989999771118164,21.79199981689453,22.799999237060547,22.799999237060547,2350200
2021-02-11,23.450000762939453,23.649999618530273,21.889999389648438,22.920000076293945,22.920000076293945,2207800
2021-02-12,23.68000030517578,24.190000534057617,22.350000381469727,23.049999237060547,23.049999237060547,2460000
2021-02-16,24.799999237060547,24.799999237060547,21.950000762939453,22.5,22.5,2393300
2021-02-17,23.110000610351562,27.149999618530273,21.979999542236328,26.299999237060547,26.299999237060547,7250500
2021-02-18,26.0,29.1299991607666,25.110000610351562,27.139999389648438,27.139999389648438,6421800
2021-02-19,28.899999618530273,28.934999465942383,25.549999237060547,25.969999313354492,25.969999313354492,4467500
2021-02-22,26.06999969482422,26.239999771118164,22.899999618530273,23.440000534057617,23.440000534057617,5340100
2021-02-23,20.649999618530273,21.950000762939453,17.06999969482422,20.809999465942383,20.809999465942383,7560600
2021-02-24,21.540000915527344,23.34000015258789,20.219999313354492,22.149999618530273,22.149999618530273,3467000
2021-02-25,21.59000015258789,21.600000381469727,18.700000762939453,19.059999465942383,19.059999465942383,4283800
2021-02-26,19.09000015258789,19.309999465942383,16.649999618530273,19.049999237060547,19.049999237060547,5597000
2021-03-01,19.5,19.790000915527344,18.600000381469727,19.309999465942383,19.309999465942383,2328100
2021-03-02,19.280000686645508,19.450000762939453,17.799999237060547,18.079999923706055,18.079999923706055,2791800
2021-03-03,17.989999771118164,18.260000228881836,16.25,16.770000457763672,16.770000457763672,4022400
2021-03-04,17.0,17.399999618530273,14.680000305175781,16.049999237060547,16.049999237060547,5002600
2021-03-05,16.06999969482422,16.760000228881836,14.020000457763672,16.1200008392334,16.1200008392334,4977300
2021-03-08,16.90999984741211,17.219999313354492,15.680000305175781,16.100000381469727,16.100000381469727,3203700
2021-03-09,17.059999465942383,18.3700008392334,16.780000686645508,17.719999313354492,17.719999313354492,2968600
2021-03-10,18.100000381469727,18.790000915527344,17.510000228881836,18.5,18.5,2453400
2021-03-11,18.979999542236328,20.389999389648438,18.899999618530273,19.8700008392334,19.8700008392334,3255500
2021-03-12,18.639999389648438,19.229999542236328,18.139999389648438,18.899999618530273,18.899999618530273,2644000
2021-03-15,18.799999237060547,19.479999542236328,17.809999465942383,18.31999969482422,18.31999969482422,2539000
2021-03-16,18.18000030517578,18.360000610351562,16.530000686645508,16.969999313354492,16.969999313354492,4784200
2021-03-17,16.43000030517578,17.5049991607666,16.280000686645508,17.34000015258789,17.34000015258789,4886000
2021-03-18,17.0,18.329999923706055,17.0,17.920000076293945,17.920000076293945,5325300
2021-03-19,17.8799991607666,18.889999389648438,17.399999618530273,18.1200008392334,18.1200008392334,4176300
2021-03-22,19.5,20.200000762939453,18.700000762939453,19.649999618530273,19.649999618530273,6387500
2021-03-23,19.0,19.549999237060547,18.010000228881836,18.59000015258789,18.59000015258789,3789700
2021-03-24,18.5,19.15999984741211,18.3799991607666,18.479999542236328,18.479999542236328,2257300
2021-03-25,17.110000610351562,18.34000015258789,16.6299991607666,18.0,18.0,3271900
2021-03-26,18.040000915527344,18.260000228881836,17.280000686645508,17.969999313354492,17.969999313354492,2413500
2021-03-29,17.56999969482422,18.510000228881836,17.559999465942383,18.100000381469727,18.100000381469727,2829100
2021-03-30,16.780000686645508,17.434999465942383,15.5600004196167,17.3700008392334,17.3700008392334,6979200
2021-03-31,17.6200008392334,17.6200008392334,16.5,16.829999923706055,16.829999923706055,3275900
2021-04-01,17.200000762939453,17.459999084472656,16.209999084472656,16.270000457763672,16.270000457763672,3566000
2021-04-05,16.6299991607666,16.944000244140625,16.329999923706055,16.639999389648438,16.639999389648438,2201700
2021-04-06,17.219999313354492,17.329999923706055,16.760000228881836,17.079999923706055,17.079999923706055,2205700
2021-04-07,17.0,17.6299991607666,16.770000457763672,17.200000762939453,17.200000762939453,2745600
2021-04-08,17.299999237060547,17.309999465942383,16.5,16.639999389648438,16.639999389648438,2196700
2021-04-09,16.56999969482422,17.09000015258789,16.450000762939453,16.649999618530273,16.649999618530273,1603600
2021-04-12,16.5,16.55500030517578,15.869999885559082,16.3700008392334,16.3700008392334,1841300
2021-04-13,16.43000030517578,16.549999237060547,15.960000038146973,16.360000610351562,16.360000610351562,1733200
2021-04-14,16.149999618530273,16.690000534057617,16.020000457763672,16.440000534057617,16.440000534057617,1297600
2021-04-15,16.649999618530273,16.65999984741211,15.350000381469727,15.399999618530273,15.399999618530273,2461400
2021-04-16,15.329999923706055,15.36299991607666,14.539999961853027,14.989999771118164,14.989999771118164,2461300
2021-04-19,14.760000228881836,14.84000015258789,13.8100004196167,13.880000114440918,13.880000114440918,2588100
2021-04-20,13.720000267028809,13.835000038146973,12.864999771118164,13.1899995803833,13.1899995803833,3168100
2021-04-21,13.0600004196167,14.079999923706055,12.90999984741211,13.9399995803833,13.9399995803833,2654600
2021-04-22,14.0,14.470000267028809,13.619999885559082,13.640000343322754,13.640000343322754,2395500
2021-04-23,13.890000343322754,14.359999656677246,13.779999732971191,14.300000190734863,14.300000190734863,1647800
2021-04-26,14.380000114440918,14.84000015258789,14.069999694824219,14.699999809265137,14.699999809265137,1439500
2021-04-27,14.770000457763672,14.824999809265137,14.210000038146973,14.229999542236328,14.229999542236328,1021100
2021-04-28,14.130000114440918,14.449999809265137,13.970000267028809,14.430000305175781,14.430000305175781,1277800
2021-04-29,14.430000305175781,14.449999809265137,13.899999618530273,14.350000381469727,14.350000381469727,947600
2021-04-30,14.130000114440918,14.859999656677246,14.039999961853027,14.479999542236328,14.479999542236328,1129500
2021-05-03,14.880000114440918,14.899999618530273,14.149999618530273,14.369999885559082,14.369999885559082,1358200
2021-05-04,13.899999618530273,14.0,12.9399995803833,13.380000114440918,13.380000114440918,2633800
2021-05-05,13.399999618530273,13.489999771118164,13.069999694824219,13.229999542236328,13.229999542236328,1331600
2021-05-06,13.0,13.055000305175781,11.670000076293945,12.050000190734863,12.050000190734863,3772600
2021-05-07,12.029999732971191,12.699999809265137,11.899999618530273,12.149999618530273,12.149999618530273,2400300
2021-05-10,11.989999771118164,11.989999771118164,11.109999656677246,11.210000038146973,11.210000038146973,2496700
2021-05-11,10.65999984741211,11.255000114440918,10.4399995803833,11.140000343322754,11.140000343322754,2441200
2021-05-12,11.010000228881836,11.550000190734863,10.710000038146973,11.229999542236328,11.229999542236328,2641600
2021-05-13,11.329999923706055,11.569999694824219,9.199999809265137,9.449999809265137,9.449999809265137,8422500
2021-05-14,9.729999542236328,10.239999771118164,9.300000190734863,9.899999618530273,9.899999618530273,5939000
2021-05-17,9.640000343322754,10.180000305175781,9.359999656677246,9.6899995803833,9.6899995803833,3268000
2021-05-18,9.739999771118164,10.1899995803833,9.699999809265137,9.899999618530273,9.899999618530273,4185700
2021-05-19,9.670000076293945,10.079999923706055,9.449999809265137,10.0600004196167,10.0600004196167,2731700
2021-05-20,10.140000343322754,10.34000015258789,9.989999771118164,10.180000305175781,10.180000305175781,1882100
2021-05-21,10.229999542236328,10.420000076293945,10.109999656677246,10.15999984741211,10.15999984741211,2121100
2021-05-24,10.539999961853027,10.772000312805176,10.270000457763672,10.609999656677246,10.609999656677246,2431300
2021-05-25,10.850000381469727,10.859999656677246,10.255000114440918,10.270000457763672,10.270000457763672,1818200
2021-05-26,10.289999961853027,11.149999618530273,10.180000305175781,11.100000381469727,11.100000381469727,2985400
2021-05-27,11.09000015258789,11.470000267028809,10.883999824523926,11.420000076293945,11.420000076293945,3221800
2021-05-28,11.550000190734863,12.039999961853027,11.449999809265137,11.75,11.75,2482300
2021-06-01,12.220000267028809,12.65999984741211,11.930000305175781,12.449999809265137,12.449999809265137,3415800
2021-06-02,12.470000267028809,12.890000343322754,12.279999732971191,12.8100004196167,12.8100004196167,3049900
2021-06-03,12.720000267028809,13.119999885559082,12.319999694824219,12.670000076293945,12.670000076293945,2543200
2021-06-04,12.779999732971191,13.402999877929688,12.680000305175781,13.260000228881836,13.260000228881836,1858800
2021-06-07,13.40999984741211,14.265000343322754,13.149999618530273,14.130000114440918,14.130000114440918,3134000
2021-06-08,14.210000038146973,14.989999771118164,13.699999809265137,14.779999732971191,14.779999732971191,3822500
2021-06-09,14.770000457763672,14.770000457763672,13.989999771118164,14.350000381469727,14.350000381469727,2939300
2021-06-10,14.319999694824219,14.65999984741211,13.550000190734863,14.199999809265137,14.199999809265137,2816800
2021-06-11,14.039999961853027,14.25,13.819999694824219,14.109999656677246,14.109999656677246,1506800
2021-06-14,14.460000038146973,14.739999771118164,13.869999885559082,13.869999885559082,13.869999885559082,2171700
2021-06-15,13.949999809265137,14.029999732971191,13.199999809265137,13.579999923706055,13.579999923706055,2090100
2021-06-16,13.359999656677246,14.670000076293945,13.239999771118164,14.130000114440918,14.130000114440918,5504400
2021-06-17,13.920000076293945,14.329999923706055,13.569999694824219,13.920000076293945,13.920000076293945,2874800
2021-06-18,13.6899995803833,14.229999542236328,13.640000343322754,13.949999809265137,13.949999809265137,10873600
2021-06-21,14.40999984741211,15.649999618530273,13.859999656677246,14.75,14.75,6487700
2021-06-22,14.5,14.5,13.579999923706055,14.149999618530273,14.149999618530273,4578300
2021-06-23,14.109999656677246,14.170000076293945,13.569999694824219,13.779999732971191,13.779999732971191,2455000
2021-06-24,13.890000343322754,13.899999618530273,13.319999694824219,13.65999984741211,13.65999984741211,3263200
2021-06-25,13.65999984741211,14.40999984741211,13.300000190734863,14.369999885559082,14.369999885559082,9800800
2021-06-28,14.350000381469727,14.65999984741211,14.109999656677246,14.380000114440918,14.380000114440918,1947800
2021-06-29,14.5,14.59000015258789,14.130000114440918,14.260000228881836,14.260000228881836,1389900
2021-06-30,14.1899995803833,14.710000038146973,13.949999809265137,14.479999542236328,14.479999542236328,1914500
2021-07-01,14.550000190734863,14.600000381469727,13.949999809265137,14.25,14.25,2898900
2021-07-02,14.260000228881836,14.260000228881836,12.25,12.75,12.75,8391300
2021-07-06,12.770000457763672,12.890000343322754,12.170000076293945,12.59000015258789,12.59000015258789,2935300
2021-07-07,12.59000015258789,12.789999961853027,12.079999923706055,12.270000457763672,12.270000457763672,3221400
2021-07-08,11.819999694824219,12.795000076293945,11.760000228881836,12.670000076293945,12.670000076293945,2526000
2021-07-09,12.800000190734863,13.0,12.529999732971191,12.800000190734863,12.800000190734863,2022700
2021-07-12,12.890000343322754,12.920000076293945,12.369999885559082,12.479999542236328,12.479999542236328,1013200
2021-07-13,12.390000343322754,12.449999809265137,11.680000305175781,11.699999809265137,11.699999809265137,2057800
2021-07-14,11.739999771118164,11.770000457763672,10.670000076293945,10.869999885559082,10.869999885559082,3339800
2021-07-15,10.850000381469727,11.369999885559082,10.470000267028809,10.720000267028809,10.720000267028809,3563300
2021-07-16,10.90999984741211,11.010000228881836,10.350000381469727,10.479999542236328,10.479999542236328,3896700
2021-07-19,10.1899995803833,10.960000038146973,10.069999694824219,10.680000305175781,10.680000305175781,2958400
2021-07-20,10.6899995803833,10.970000267028809,10.517999649047852,10.800000190734863,10.800000190734863,1487400
2021-07-21,10.84000015258789,11.350000381469727,10.8100004196167,11.3100004196167,11.3100004196167,1177700
2021-07-22,11.350000381469727,11.470000267028809,10.979999542236328,10.989999771118164,10.989999771118164,1076700
2021-07-23,10.979999542236328,11.043000221252441,10.460000038146973,10.619999885559082,10.619999885559082,1140700
2021-07-26,10.640000343322754,11.102999687194824,10.520000457763672,10.979999542236328,10.979999542236328,1234700
2021-07-27,10.975000381469727,10.979999542236328,10.65999984741211,10.90999984741211,10.90999984741211,1270700
2021-07-28,11.0,11.100000381469727,10.670000076293945,11.0,11.0,1503000
2021-07-29,11.020000457763672,11.1899995803833,10.800000190734863,11.0,11.0,810200
2021-07-30,10.9399995803833,11.170000076293945,10.65999984741211,10.739999771118164,10.739999771118164,896400
2021-08-02,10.739999771118164,10.845000267028809,10.420000076293945,10.710000038146973,10.710000038146973,1170800
2021-08-03,10.619999885559082,10.635000228881836,10.175000190734863,10.380000114440918,10.380000114440918,1445000
2021-08-04,10.15999984741211,10.3100004196167,9.930000305175781,10.170000076293945,10.170000076293945,2002000
2021-08-05,10.170000076293945,10.569999694824219,10.0,10.569999694824219,10.569999694824219,1380100
2021-08-06,10.550000190734863,10.600000381469727,10.0,10.4399995803833,10.4399995803833,2145300
2021-08-09,10.699999809265137,12.15999984741211,10.65999984741211,11.699999809265137,11.699999809265137,5069000
2021-08-10,11.609999656677246,11.729999542236328,11.300000190734863,11.4399995803833,11.4399995803833,1659900
2021-08-11,11.449999809265137,11.5600004196167,11.130000114440918,11.479999542236328,11.479999542236328,1748200
2021-08-12,11.65999984741211,11.65999984741211,11.352999687194824,11.59000015258789,11.59000015258789,1273300
2021-08-13,11.449999809265137,11.5649995803833,10.625,10.720000267028809,10.720000267028809,1791100
2021-08-16,10.649999618530273,10.649999618530273,10.109999656677246,10.180000305175781,10.180000305175781,2036500
2021-08-17,10.220000267028809,10.220000267028809,9.720000267028809,9.859999656677246,9.859999656677246,2524100
2021-08-18,9.899999618530273,10.545000076293945,9.65999984741211,10.319999694824219,10.319999694824219,2086300
2021-08-19,10.210000038146973,10.380000114440918,9.90999984741211,10.050000190734863,10.050000190734863,1817800
2021-08-20,9.989999771118164,10.420000076293945,9.970000267028809,10.170000076293945,10.170000076293945,1059400
2021-08-23,10.390000343322754,11.550000190734863,10.350000381469727,11.460000038146973,11.460000038146973,3687000
2021-08-24,11.380000114440918,11.989999771118164,11.319999694824219,11.84000015258789,11.84000015258789,3188800
2021-08-25,11.720000267028809,12.175000190734863,11.609999656677246,11.9399995803833,11.9399995803833,2009500
2021-08-26,12.0,12.34000015258789,11.619999885559082,11.649999618530273,11.649999618530273,1786000
2021-08-27,11.6899995803833,12.4399995803833,11.680000305175781,12.270000457763672,12.270000457763672,3031000
2021-08-30,12.220000267028809,12.380000114440918,11.75,12.020000457763672,12.020000457763672,1884400
2021-08-31,12.100000381469727,12.505000114440918,11.869999885559082,12.359999656677246,12.359999656677246,2417100
2021-09-01,12.449999809265137,12.739999771118164,12.350000381469727,12.569999694824219,12.569999694824219,1846000
2021-09-02,12.699999809265137,13.062999725341797,12.619999885559082,12.960000038146973,12.960000038146973,2378300
2021-09-03,13.0,13.114999771118164,12.71500015258789,13.010000228881836,13.010000228881836,2083800
2021-09-07,13.199999809265137,13.5600004196167,12.920000076293945,13.25,13.25,2648900
2021-09-08,13.15999984741211,13.279999732971191,12.520000457763672,12.520000457763672,12.520000457763672,3245800
2021-09-09,12.420000076293945,13.0600004196167,12.279999732971191,12.550000190734863,12.550000190734863,1999000
2021-09-10,12.539999961853027,13.130000114440918,12.460000038146973,12.75,12.75,2236700
2021-09-13,12.710000038146973,12.96500015258789,12.5,12.600000381469727,12.600000381469727,2218300
2021-09-14,12.510000228881836,13.020000457763672,12.260000228881836,12.369999885559082,12.369999885559082,4397300
2021-09-15,12.3100004196167,12.789999961853027,12.210000038146973,12.619999885559082,12.619999885559082,2014900
2021-09-16,12.729999542236328,13.069999694824219,12.649999618530273,12.949999809265137,12.949999809265137,1894400
2021-09-17,12.899999618530273,13.175000190734863,12.529999732971191,12.539999961853027,12.539999961853027,21166100
2021-09-20,12.079999923706055,12.289999961853027,11.069999694824219,11.390000343322754,11.390000343322754,3776500
2021-09-21,11.489999771118164,11.550000190734863,11.085000038146973,11.279999732971191,11.279999732971191,1636800
2021-09-22,11.329999923706055,11.520000457763672,11.170000076293945,11.390000343322754,11.390000343322754,1364500
2021-09-23,11.510000228881836,12.020000457763672,11.38599967956543,11.930000305175781,11.930000305175781,1507500
2021-09-24,11.770000457763672,11.914999961853027,11.420000076293945,11.4399995803833,11.4399995803833,1170500
2021-09-27,11.399999618530273,11.595000267028809,11.234999656677246,11.529999732971191,11.529999732971191,1445900
2021-09-28,11.420000076293945,11.460000038146973,10.699999809265137,10.770000457763672,10.770000457763672,2695700
2021-09-29,10.850000381469727,10.869999885559082,10.100000381469727,10.199999809265137,10.199999809265137,2040600
2021-09-30,10.25,10.489999771118164,10.050000190734863,10.4399995803833,10.4399995803833,2265000
2021-10-01,10.5,11.130000114440918,10.350000381469727,11.050000190734863,11.050000190734863,1705800
2021-10-04,10.899999618530273,10.970000267028809,10.425000190734863,10.529999732971191,10.529999732971191,1661500
2021-10-05,10.600000381469727,10.885000228881836,10.489999771118164,10.84000015258789,10.84000015258789,1374400
2021-10-06,10.550000190734863,11.020000457763672,10.510000228881836,10.710000038146973,10.710000038146973,959100
2021-10-07,10.854999542236328,11.109999656677246,10.739999771118164,10.880000114440918,10.880000114440918,895700
2021-10-08,10.9399995803833,11.109999656677246,10.680000305175781,10.710000038146973,10.710000038146973,786400
2021-10-11,10.680000305175781,10.859999656677246,10.600000381469727,10.670000076293945,10.670000076293945,742000
2021-10-12,10.699999809265137,10.90999984741211,10.645000457763672,10.770000457763672,10.770000457763672,864600
2021-10-13,10.890000343322754,10.989999771118164,10.729999542236328,10.90999984741211,10.90999984741211,969900
2021-10-14,11.079999923706055,11.359999656677246,11.039999961853027,11.220000267028809,11.220000267028809,1161000
2021-10-15,11.529999732971191,11.529999732971191,10.640000343322754,10.640000343322754,10.640000343322754,1337200
2021-10-18,10.510000228881836,10.600000381469727,10.050000190734863,10.130000114440918,10.130000114440918,2187100
2021-10-19,10.149999618530273,10.479999542236328,9.920999526977539,10.460000038146973,10.460000038146973,2360100
2021-10-20,10.470000267028809,10.760000228881836,10.229999542236328,10.369999885559082,10.369999885559082,1402100
2021-10-21,10.369999885559082,10.670000076293945,10.300000190734863,10.640000343322754,10.640000343322754,1210700
2021-10-22,10.550000190734863,10.550000190734863,10.25,10.359999656677246,10.359999656677246,942500
2021-10-25,10.300000190734863,10.789999961853027,10.199999809265137,10.729999542236328,10.729999542236328,1089800
2021-10-26,10.720000267028809,10.760000228881836,10.239999771118164,10.25,10.25,1105500
2021-10-27,10.210000038146973,10.380000114440918,10.050000190734863,10.100000381469727,10.100000381469727,1326100
2021-10-28,10.149999618530273,10.484999656677246,10.020000457763672,10.220000267028809,10.220000267028809,1572600
2021-10-29,10.390000343322754,10.489999771118164,10.119999885559082,10.319999694824219,10.319999694824219,2534000
2021-11-01,10.34000015258789,10.880000114440918,10.206000328063965,10.600000381469727,10.600000381469727,1612300
2021-11-02,10.579999923706055,10.579999923706055,10.1850004196167,10.479999542236328,10.479999542236328,1134600
2021-11-03,10.449999809265137,10.710000038146973,10.343000411987305,10.649999618530273,10.649999618530273,1377000
2021-11-04,10.699999809265137,10.989999771118164,10.444999694824219,10.460000038146973,10.460000038146973,1090100
2021-11-05,10.5,10.84000015258789,10.329999923706055,10.430000305175781,10.430000305175781,1305400
2021-11-08,10.420000076293945,10.5,10.170000076293945,10.210000038146973,10.210000038146973,1395900
2021-11-09,10.1899995803833,10.239999771118164,9.710000038146973,9.739999771118164,9.739999771118164,2455800
2021-11-10,9.739999771118164,9.819999694824219,9.319999694824219,9.329999923706055,9.329999923706055,2307900
2021-11-11,9.369999885559082,9.375,9.095000267028809,9.109999656677246,9.109999656677246,2312700
2021-11-12,9.15999984741211,9.180000305175781,8.59000015258789,8.600000381469727,8.600000381469727,5145900
2021-11-15,7.625,7.650000095367432,6.75,7.519999980926514,7.519999980926514,12048700
2021-11-16,7.699999809265137,8.949999809265137,7.420000076293945,8.65999984741211,8.65999984741211,11254100
2021-11-17,8.895000457763672,9.279999732971191,8.489999771118164,9.0,9.0,5639800
2021-11-18,9.0600004196167,9.069999694824219,8.28499984741211,8.350000381469727,8.350000381469727,4297000
2021-11-19,8.390000343322754,8.550000190734863,7.96999979019165,8.0,8.0,2494500
2021-11-22,8.0,8.072999954223633,7.690000057220459,7.75,7.75,4398900
2021-11-23,7.760000228881836,7.804999828338623,7.489999771118164,7.599999904632568,7.599999904632568,3987800
2021-11-24,7.510000228881836,7.900000095367432,7.340000152587891,7.860000133514404,7.860000133514404,3458500
2021-11-26,7.619999885559082,7.739999771118164,7.514999866485596,7.519999980926514,7.519999980926514,1701000
2021-11-29,7.599999904632568,7.659999847412109,7.079999923706055,7.110000133514404,7.110000133514404,3729300
2021-11-30,7.03000020980835,7.300000190734863,6.900000095367432,7.050000190734863,7.050000190734863,3751100
2021-12-01,7.150000095367432,7.239999771118164,6.730000019073486,6.809999942779541,6.809999942779541,3033900
2021-12-02,6.809999942779541,7.070000171661377,6.78000020980835,6.920000076293945,6.920000076293945,2418600
2021-12-03,7.0,7.0,6.25,6.400000095367432,6.400000095367432,5851200
2021-12-06,6.449999809265137,6.739999771118164,6.010000228881836,6.639999866485596,6.639999866485596,6357300
2021-12-07,6.889999866485596,7.65500020980835,6.860000133514404,7.46999979019165,7.46999979019165,4142300
2021-12-08,7.659999847412109,7.809999942779541,7.300000190734863,7.71999979019165,7.71999979019165,4119300
2021-12-09,7.75,7.840000152587891,7.349999904632568,7.400000095367432,7.400000095367432,3147100
2021-12-10,7.53000020980835,7.630000114440918,7.059999942779541,7.099999904632568,7.099999904632568,2472800
2021-12-13,7.300000190734863,7.400000095367432,6.889999866485596,7.090000152587891,7.090000152587891,2632500
2021-12-14,7.0,7.079999923706055,6.769999980926514,6.820000171661377,6.820000171661377,2229600
2021-12-15,6.860000133514404,7.119999885559082,6.619999885559082,7.110000133514404,7.110000133514404,2737200
2021-12-16,7.239999771118164,7.25,6.659999847412109,6.869999885559082,6.869999885559082,2794000
2021-12-17,6.800000190734863,7.28000020980835,6.519999980926514,7.28000020980835,7.28000020980835,12614200
2021-12-20,7.03000020980835,7.21999979019165,6.78000020980835,7.090000152587891,7.090000152587891,3934100
2021-12-21,7.210000038146973,7.380000114440918,7.085000038146973,7.329999923706055,7.329999923706055,1961600
2021-12-22,7.300000190734863,7.320000171661377,7.079999923706055,7.139999866485596,7.139999866485596,1682200
2021-12-23,7.110000133514404,7.460000038146973,7.039999961853027,7.389999866485596,7.389999866485596,1971000
2021-12-27,7.389999866485596,7.420000076293945,6.860000133514404,6.940000057220459,6.940000057220459,2533000
2021-12-28,6.940000057220459,7.110000133514404,6.789999961853027,6.949999809265137,6.949999809265137,2691500
2021-12-29,6.96999979019165,6.980000019073486,6.320000171661377,6.389999866485596,6.389999866485596,3159900
2021-12-30,6.309999942779541,6.880000114440918,6.309999942779541,6.760000228881836,6.760000228881836,3599400
2021-12-31,6.71999979019165,7.098999977111816,6.679999828338623,6.690000057220459,6.690000057220459,2953500
2022-01-03,6.730000019073486,6.960000038146973,6.610000133514404,6.849999904632568,6.849999904632568,2251800
2022-01-04,6.929999828338623,6.929999828338623,6.434999942779541,6.679999828338623,6.679999828338623,2587600
2022-01-05,6.789999961853027,7.269999980926514,6.755000114440918,6.820000171661377,6.820000171661377,4807500
2022-01-06,6.820000171661377,6.880000114440918,6.284999847412109,6.340000152587891,6.340000152587891,4102600
2022-01-07,6.349999904632568,6.440000057220459,5.960000038146973,6.070000171661377,6.070000171661377,3951200
2022-01-10,6.03000020980835,6.329999923706055,5.764999866485596,6.320000171661377,6.320000171661377,4295600
2022-01-11,6.829999923706055,7.659999847412109,6.739999771118164,7.550000190734863,7.550000190734863,8639500
2022-01-12,7.570000171661377,7.574999809265137,7.099999904632568,7.110000133514404,7.110000133514404,3850700
2022-01-13,7.139999866485596,7.179999828338623,6.789999961853027,6.800000190734863,6.800000190734863,1899300
2022-01-14,6.699999809265137,7.139999866485596,6.625,6.760000228881836,6.760000228881836,2688600
2022-01-18,6.639999866485596,6.699999809265137,6.295000076293945,6.389999866485596,6.389999866485596,2316500
2022-01-19,6.409999847412109,6.630000114440918,6.170000076293945,6.21999979019165,6.21999979019165,2500400
2022-01-20,6.340000152587891,6.619999885559082,6.050000190734863,6.070000171661377,6.070000171661377,2521700
2022-01-21,5.96999979019165,6.130000114440918,5.789999961853027,5.809999942779541,5.809999942779541,3349900
2022-01-24,5.639999866485596,5.880000114440918,5.150000095367432,5.840000152587891,5.840000152587891,5231300
2022-01-25,5.75,5.815000057220459,5.5,5.610000133514404,5.610000133514404,2278900
2022-01-26,5.730000019073486,5.860000133514404,5.289999961853027,5.329999923706055,5.329999923706055,2365600
2022-01-27,5.420000076293945,5.449999809265137,5.019999980926514,5.070000171661377,5.070000171661377,3210300
2022-01-28,5.079999923706055,5.25,4.840000152587891,5.199999809265137,5.199999809265137,3213600
2022-01-31,5.230000019073486,5.820000171661377,5.230000019073486,5.800000190734863,5.800000190734863,3071800
2022-02-01,5.929999828338623,6.070000171661377,5.690000057220459,6.059999942779541,6.059999942779541,2559000
2022-02-02,6.119999885559082,6.125,5.670000076293945,5.829999923706055,5.829999923706055,2107300
2022-02-03,5.559999942779541,5.869999885559082,5.550000190734863,5.679999828338623,5.679999828338623,1641900
2022-02-04,5.679999828338623,5.814000129699707,5.534999847412109,5.760000228881836,5.760000228881836,1726000
2022-02-07,5.610000133514404,5.989999771118164,5.579999923706055,5.840000152587891,5.840000152587891,1590800
2022-02-08,5.849999904632568,6.090000152587891,5.730000019073486,5.989999771118164,5.989999771118164,1628800
2022-02-09,6.019999980926514,6.210000038146973,6.010000228881836,6.190000057220459,6.190000057220459,1309800
2022-02-10,6.0,6.400000095367432,5.960000038146973,6.050000190734863,6.050000190734863,1915800
2022-02-11,6.050000190734863,6.120999813079834,5.638999938964844,5.739999771118164,5.739999771118164,1701300
2022-02-14,5.710000038146973,5.909999847412109,5.559999942779541,5.619999885559082,5.619999885559082,1426700
2022-02-15,5.75,6.019999980926514,5.75,6.0,6.0,1345500
2022-02-16,5.940000057220459,6.144999980926514,5.75,6.070000171661377,6.070000171661377,1787400
2022-02-17,6.0,6.019999980926514,5.670000076293945,5.710000038146973,5.710000038146973,1352300
2022-02-18,5.619999885559082,5.679999828338623,5.172999858856201,5.230000019073486,5.230000019073486,2787600
2022-02-22,5.0,5.315000057220459,5.0,5.159999847412109,5.159999847412109,2783300
2022-02-23,5.179999828338623,5.25,4.960000038146973,5.03000020980835,5.03000020980835,2410700
2022-02-24,4.769999980926514,5.710000038146973,4.670000076293945,5.639999866485596,5.639999866485596,5596100
2022-02-25,5.760000228881836,5.829999923706055,5.53000020980835,5.710000038146973,5.710000038146973,3676300
2022-02-28,5.65500020980835,6.190000057220459,5.110000133514404,5.150000095367432,5.150000095367432,5994200
2022-03-01,5.139999866485596,5.144999980926514,4.860000133514404,4.889999866485596,4.889999866485596,4534800
2022-03-02,4.909999847412109,4.920000076293945,4.46999979019165,4.480000019073486,4.480000019073486,4074700
2022-03-03,4.510000228881836,4.539999961853027,4.09499979019165,4.130000114440918,4.130000114440918,4778700
2022-03-04,4.059999942779541,4.291999816894531,4.025000095367432,4.050000190734863,4.050000190734863,2591000
2022-03-07,4.019999980926514,4.179999828338623,3.9100000858306885,4.019999980926514,4.019999980926514,3061500
2022-03-08,4.019999980926514,4.309999942779541,3.940000057220459,4.099999904632568,4.099999904632568,2729200
2022-03-09,4.230000019073486,4.599999904632568,4.190000057220459,4.429999828338623,4.429999828338623,2655600
2022-03-10,4.309999942779541,4.360000133514404,4.190999984741211,4.289999961853027,4.289999961853027,1326400
2022-03-11,4.289999961853027,4.289999961853027,4.025000095367432,4.039999961853027,4.039999961853027,1733500
2022-03-14,4.050000190734863,4.125,3.6600000858306885,3.740000009536743,3.740000009536743,4467800
2022-03-15,4.039999961853027,4.699999809265137,4.039999961853027,4.5,4.5,9375000
2022-03-16,4.800000190734863,5.269999980926514,4.769999980926514,5.070000171661377,5.070000171661377,6536600
2022-03-17,5.039999961853027,5.389999866485596,4.820000171661377,5.389999866485596,5.389999866485596,3363800
2022-03-18,5.360000133514404,5.630000114440918,5.179999828338623,5.429999828338623,5.429999828338623,4719200
2022-03-21,5.429999828338623,5.5,5.050000190734863,5.159999847412109,5.159999847412109,2608200
2022-03-22,5.130000114440918,5.260000228881836,5.070000171661377,5.099999904632568,5.099999904632568,1852000
2022-03-23,5.079999923706055,5.270999908447266,4.985000133514404,5.099999904632568,5.099999904632568,1558000
2022-03-24,5.119999885559082,5.130000114440918,4.775000095367432,4.909999847412109,4.909999847412109,1656100
2022-03-25,4.880000114440918,4.920000076293945,4.630000114440918,4.650000095367432,4.650000095367432,1480200
2022-03-28,4.659999847412109,4.900000095367432,4.650000095367432,4.900000095367432,4.900000095367432,1624900
2022-03-29,4.989999771118164,5.230000019073486,4.949999809265137,5.110000133514404,5.110000133514404,2010900
2022-03-30,5.050000190734863,5.224999904632568,4.820000171661377,4.840000152587891,4.840000152587891,1573700
2022-03-31,4.809999942779541,4.925000190734863,4.75,4.760000228881836,4.760000228881836,1287300
2022-04-01,4.78000020980835,4.869999885559082,4.65500020980835,4.690000057220459,4.690000057220459,2072800
2022-04-04,4.71999979019165,5.0,4.690000057220459,4.760000228881836,4.760000228881836,2008200
2022-04-05,4.78000020980835,4.800000190734863,4.460000038146973,4.559999942779541,4.559999942779541,2029600
2022-04-06,4.440000057220459,4.480000019073486,4.170000076293945,4.449999809265137,4.449999809265137,3373200
2022-04-07,4.460000038146973,4.53000020980835,4.255000114440918,4.400000095367432,4.400000095367432,1497100
2022-04-08,4.340000152587891,4.376999855041504,4.175000190734863,4.21999979019165,4.21999979019165,1324100
2022-04-11,4.260000228881836,4.320000171661377,4.110000133514404,4.199999809265137,4.199999809265137,3028100
2022-04-12,4.300000190734863,4.480000019073486,4.090000152587891,4.150000095367432,4.150000095367432,1898100
2022-04-13,4.190000057220459,4.375,4.110000133514404,4.309999942779541,4.309999942779541,1630200
2022-04-14,4.360000133514404,4.380000114440918,4.159999847412109,4.190000057220459,4.190000057220459,1279700
2022-04-18,4.199999809265137,4.21999979019165,3.930000066757202,3.9800000190734863,3.9800000190734863,1960400
2022-04-19,3.950000047683716,4.260000228881836,3.9149999618530273,4.079999923706055,4.079999923706055,1509500
2022-04-20,4.090000152587891,4.099999904632568,3.9000000953674316,3.940000057220459,3.940000057220459,1773700
2022-04-21,4.039999961853027,4.139999866485596,3.6700000762939453,3.6700000762939453,3.6700000762939453,2362900
2022-04-22,3.6600000858306885,3.7950000762939453,3.559999942779541,3.6600000858306885,3.6600000858306885,2395200
2022-04-25,3.619999885559082,3.9200000762939453,3.609999895095825,3.9000000953674316,3.9000000953674316,2469900
2022-04-26,3.880000114440918,3.890000104904175,3.6700000762939453,3.690000057220459,3.690000057220459,1481800
2022-04-27,3.6600000858306885,3.740000009536743,3.5299999713897705,3.5299999713897705,3.5299999713897705,1951800
2022-04-28,3.5799999237060547,3.7300000190734863,3.3299999237060547,3.6500000953674316,3.6500000953674316,2831900
2022-04-29,3.6600000858306885,3.7049999237060547,3.319999933242798,3.3299999237060547,3.3299999237060547,2250200
2022-05-02,3.3299999237060547,3.609999895095825,3.319999933242798,3.5799999237060547,3.5799999237060547,2596700
2022-05-03,3.559999942779541,3.6050000190734863,3.299999952316284,3.369999885559082,3.369999885559082,2251700
2022-05-04,3.4000000953674316,3.450000047683716,3.13100004196167,3.4200000762939453,3.4200000762939453,3822100
2022-05-05,3.299999952316284,3.5999999046325684,3.069999933242798,3.200000047683716,3.200000047683716,2742500
2022-05-06,3.1500000953674316,3.1600000858306885,2.9700000286102295,2.990000009536743,2.990000009536743,2639400
2022-05-09,2.880000114440918,2.880000114440918,2.6500000953674316,2.690000057220459,2.690000057220459,3375900
2022-05-10,2.7799999713897705,2.8450000286102295,2.609999895095825,2.7699999809265137,2.7699999809265137,2014100
2022-05-11,2.75,2.809999942779541,2.430000066757202,2.440000057220459,2.440000057220459,2702600
2022-05-12,2.309999942779541,2.7899999618530273,2.309999942779541,2.6700000762939453,2.6700000762939453,3337500
2022-05-13,2.7899999618530273,3.119999885559082,2.75,3.049999952316284,3.049999952316284,5660900
2022-05-16,3.0799999237060547,3.200000047683716,2.9600000381469727,3.059999942779541,3.059999942779541,3301900
2022-05-17,3.1500000953674316,3.299999952316284,3.1500000953674316,3.2699999809265137,3.2699999809265137,2335900
2022-05-18,3.180000066757202,3.2899999618530273,3.009999990463257,3.0299999713897705,3.0299999713897705,1937200
2022-05-19,3.009999990463257,3.119999885559082,2.944999933242798,3.009999990463257,3.009999990463257,1721300
2022-05-20,3.069999933242798,3.075000047683716,2.819999933242798,3.0,3.0,2312400
2022-05-23,3.009999990463257,3.0999999046325684,2.950000047683716,3.0399999618530273,3.0399999618530273,1455500
2022-05-24,3.0,3.0,2.815000057220459,2.869999885559082,2.869999885559082,1686500
2022-05-25,2.869999885559082,3.005000114440918,2.8399999141693115,2.940000057220459,2.940000057220459,1513500
2022-05-26,2.950000047683716,3.130000114440918,2.890000104904175,3.0299999713897705,3.0299999713897705,1805300
2022-05-27,3.049999952316284,3.255000114440918,2.9800000190734863,3.200000047683716,3.200000047683716,2132000
2022-05-31,3.200000047683716,3.2049999237060547,2.9700000286102295,3.049999952316284,3.049999952316284,1931200
2022-06-01,3.3299999237060547,3.5899999141693115,3.240000009536743,3.2699999809265137,3.2699999809265137,5376000
2022-06-02,3.3299999237060547,3.619999885559082,3.2799999713897705,3.5199999809265137,3.5199999809265137,3096800
2022-06-03,3.5,3.615000009536743,3.4000000953674316,3.450000047683716,3.450000047683716,2079500
2022-06-06,3.569999933242798,3.6500000953674316,3.3399999141693115,3.390000104904175,3.390000104904175,1850000
2022-06-07,3.380000114440918,3.559999942779541,3.319999933242798,3.559999942779541,3.559999942779541,1449900
2022-06-08,3.5799999237060547,3.690000057220459,3.5299999713897705,3.6500000953674316,3.6500000953674316,1940100
2022-06-09,3.6500000953674316,3.7300000190734863,3.430000066757202,3.430000066757202,3.430000066757202,2252400
2022-06-10,3.3499999046325684,3.4200000762939453,3.2799999713897705,3.4100000858306885,3.4100000858306885,1776800
2022-06-13,3.200000047683716,3.3299999237060547,3.119999885559082,3.200000047683716,3.200000047683716,1936800
2022-06-14,3.2200000286102295,3.259999990463257,3.0,3.0899999141693115,3.0899999141693115,1678200
2022-06-15,3.140000104904175,3.259999990463257,3.0940001010894775,3.2200000286102295,3.2200000286102295,1745500
2022-06-16,3.1500000953674316,3.1500000953674316,2.9100000858306885,2.940000057220459,2.940000057220459,1652300
2022-06-17,3.0,3.174999952316284,2.9860000610351562,3.109999895095825,3.109999895095825,2388400
2022-06-21,3.1600000858306885,3.240000009536743,3.115000009536743,3.1500000953674316,3.1500000953674316,1547000
2022-06-22,3.130000114440918,3.380000114440918,3.130000114440918,3.25,3.25,1701200
2022-06-23,3.299999952316284,3.5,3.259999990463257,3.5,3.5,1862700
2022-06-24,3.5399999618530273,3.640000104904175,3.4000000953674316,3.4800000190734863,3.4800000190734863,4975700
2022-06-27,3.5,3.5199999809265137,3.180000066757202,3.200000047683716,3.200000047683716,1604900
2022-06-28,3.2100000381469727,3.319999933242798,3.055000066757202,3.069999933242798,3.069999933242798,1804700
2022-06-29,3.0899999141693115,3.0899999141693115,2.9600000381469727,3.059999942779541,3.059999942779541,1141200
2022-06-30,3.0,3.0899999141693115,2.9200000762939453,3.069999933242798,3.069999933242798,1852900
2022-07-01,3.049999952316284,3.0799999237060547,2.9000000953674316,2.990000009536743,2.990000009536743,1226500
2022-07-05,2.9200000762939453,3.359999895095825,2.8949999809265137,3.3399999141693115,3.3399999141693115,1932100
2022-07-06,3.3399999141693115,3.450000047683716,3.299999952316284,3.380000114440918,3.380000114440918,1847500
2022-07-07,3.4000000953674316,3.7100000381469727,3.3299999237060547,3.7100000381469727,3.7100000381469727,2537700
2022-07-08,3.680000066757202,3.809999942779541,3.5850000381469727,3.740000009536743,3.740000009536743,1542900
2022-07-11,3.7300000190734863,3.7799999713897705,3.5999999046325684,3.6600000858306885,3.6600000858306885,2320600
2022-07-12,3.7200000286102295,3.859999895095825,3.559999942779541,3.7899999618530273,3.7899999618530273,1920700
2022-07-13,3.690000057220459,3.869999885559082,3.609999895095825,3.700000047683716,3.700000047683716,2163000
2022-07-14,3.6600000858306885,3.7899999618530273,3.5,3.7100000381469727,3.7100000381469727,1381400
2022-07-15,3.7899999618530273,3.7899999618530273,3.5220000743865967,3.700000047683716,3.700000047683716,1435800
2022-07-18,3.759999990463257,3.8399999141693115,3.5799999237060547,3.5999999046325684,3.5999999046325684,965500
2022-07-19,3.7300000190734863,4.085000038146973,3.7100000381469727,4.059999942779541,4.059999942779541,2509700
2022-07-20,4.150000095367432,4.510000228881836,4.110000133514404,4.409999847412109,4.409999847412109,3136900
2022-07-21,4.420000076293945,4.579999923706055,4.349999904632568,4.53000020980835,4.53000020980835,2093700
2022-07-22,4.550000190734863,4.590000152587891,4.190000057220459,4.239999771118164,4.239999771118164,1628900
2022-07-25,4.400000095367432,4.400000095367432,4.005000114440918,4.079999923706055,4.079999923706055,1509100
2022-07-26,4.059999942779541,4.190000057220459,3.950000047683716,4.110000133514404,4.110000133514404,1258900
2022-07-27,4.159999847412109,4.289999961853027,4.110000133514404,4.28000020980835,4.28000020980835,1042300
2022-07-28,4.300000190734863,4.429999828338623,4.079999923706055,4.420000076293945,4.420000076293945,1275300
2022-07-29,4.420000076293945,4.489999771118164,4.269999980926514,4.340000152587891,4.340000152587891,1353100
2022-08-01,4.340000152587891,4.53000020980835,4.28000020980835,4.440000057220459,4.440000057220459,1389100
2022-08-02,4.46999979019165,4.869999885559082,4.449999809265137,4.860000133514404,4.860000133514404,2519500
2022-08-03,5.050000190734863,5.784999847412109,4.96999979019165,5.659999847412109,5.659999847412109,4789400
2022-08-04,5.71999979019165,5.994999885559082,5.710000038146973,5.920000076293945,5.920000076293945,2826200
2022-08-05,5.829999923706055,6.690000057220459,5.670000076293945,6.579999923706055,6.579999923706055,5057300
2022-08-08,6.619999885559082,6.679999828338623,5.75,5.929999828338623,5.929999828338623,4074400
2022-08-09,5.920000076293945,6.110000133514404,5.769999980926514,5.860000133514404,5.860000133514404,1887500
2022-08-10,6.0,6.730000019073486,5.840000152587891,6.690000057220459,6.690000057220459,3940900
2022-08-11,6.730000019073486,8.720000267028809,6.599999904632568,8.609999656677246,8.609999656677246,13145300
2022-08-12,8.350000381469727,8.649999618530273,7.449999809265137,8.649999618530273,8.649999618530273,6115000
2022-08-15,8.3100004196167,8.5600004196167,8.0600004196167,8.5,8.5,3840800
2022-08-16,8.430000305175781,8.430000305175781,7.695000171661377,7.880000114440918,7.880000114440918,3737100
2022-08-17,7.769999980926514,7.769999980926514,6.71999979019165,6.760000228881836,6.760000228881836,3979300
2022-08-18,6.710000038146973,6.760000228881836,6.0,6.369999885559082,6.369999885559082,3799000
2022-08-19,6.230000019073486,6.269999980926514,5.5,5.579999923706055,5.579999923706055,3326700
2022-08-22,5.360000133514404,5.539999961853027,5.070000171661377,5.210000038146973,5.210000038146973,3553700
2022-08-23,5.260000228881836,5.599999904632568,5.110000133514404,5.409999847412109,5.409999847412109,2563500
2022-08-24,5.420000076293945,6.019999980926514,5.389999866485596,5.739999771118164,5.739999771118164,2338200
2022-08-25,5.78000020980835,6.164999961853027,5.670000076293945,6.099999904632568,6.099999904632568,2088500
2022-08-26,6.090000152587891,6.0970001220703125,5.574999809265137,5.650000095367432,5.650000095367432,2910700
2022-08-29,5.53000020980835,5.730000019073486,5.5,5.650000095367432,5.650000095367432,2199600
2022-08-30,5.739999771118164,5.829999923706055,5.429999828338623,5.550000190734863,5.550000190734863,2629600
2022-08-31,5.809999942779541,6.34499979019165,5.789999961853027,6.230000019073486,6.230000019073486,4529700
2022-09-01,6.199999809265137,6.25,5.559999942779541,5.920000076293945,5.920000076293945,3005800
2022-09-02,6.019999980926514,6.156000137329102,5.699999809265137,5.809999942779541,5.809999942779541,1982200
2022-09-06,5.809999942779541,5.949999809265137,5.579999923706055,5.78000020980835,5.78000020980835,2263000
2022-09-07,5.75,6.150000095367432,5.630000114440918,6.130000114440918,6.130000114440918,2300000
2022-09-08,6.0,6.409999847412109,5.989999771118164,6.28000020980835,6.28000020980835,2474500
2022-09-09,6.420000076293945,6.690000057220459,6.400000095367432,6.460000038146973,6.460000038146973,2285800
2022-09-12,6.480000019073486,6.769999980926514,6.389999866485596,6.579999923706055,6.579999923706055,2096300
2022-09-13,6.269999980926514,6.360000133514404,6.070000171661377,6.159999847412109,6.159999847412109,2156100
2022-09-14,6.199999809265137,6.199999809265137,5.710000038146973,5.940000057220459,5.940000057220459,2630800
2022-09-15,5.960000038146973,6.159999847412109,5.840000152587891,6.03000020980835,6.03000020980835,2745500
2022-09-16,5.869999885559082,5.889999866485596,5.550000190734863,5.650000095367432,5.650000095367432,3790600
2022-09-19,5.630000114440918,5.690000057220459,5.375,5.53000020980835,5.53000020980835,3252400
2022-09-20,5.46999979019165,5.630000114440918,5.380000114440918,5.400000095367432,5.400000095367432,2009000
2022-09-21,5.400000095367432,5.489999771118164,5.190000057220459,5.210000038146973,5.210000038146973,2062600
2022-09-22,5.179999828338623,5.239999771118164,4.900000095367432,4.989999771118164,4.989999771118164,2877100
2022-09-23,4.820000171661377,4.920000076293945,4.639999866485596,4.800000190734863,4.800000190734863,2499500
2022-09-26,4.739999771118164,4.929999828338623,4.579999923706055,4.599999904632568,4.599999904632568,1336300
2022-09-27,4.730000019073486,4.784999847412109,4.570000171661377,4.699999809265137,4.699999809265137,1277500
2022-09-28,4.699999809265137,4.940000057220459,4.679999828338623,4.860000133514404,4.860000133514404,1013500
2022-09-29,4.739999771118164,4.800000190734863,4.599999904632568,4.75,4.75,1233200
2022-09-30,4.769999980926514,5.010000228881836,4.684999942779541,4.699999809265137,4.699999809265137,1318800
2022-10-03,4.789999961853027,4.789999961853027,4.53000020980835,4.539999961853027,4.539999961853027,2067100
2022-10-04,4.71999979019165,5.295000076293945,4.710000038146973,5.269999980926514,5.269999980926514,3864900
2022-10-05,5.110000133514404,5.289999961853027,4.900000095367432,4.909999847412109,4.909999847412109,2312400
2022-10-06,4.849999904632568,5.190000057220459,4.820000171661377,5.0,5.0,1521600
2022-10-07,4.840000152587891,4.910999774932861,4.639999866485596,4.659999847412109,4.659999847412109,1169200
2022-10-10,4.659999847412109,4.699999809265137,4.445000171661377,4.519999980926514,4.519999980926514,1318400
2022-10-11,4.480000019073486,4.599999904632568,4.269999980926514,4.46999979019165,4.46999979019165,1575500
2022-10-12,4.5,4.519999980926514,4.260000228881836,4.480000019073486,4.480000019073486,1288200
2022-10-13,4.300000190734863,4.585000038146973,4.239999771118164,4.409999847412109,4.409999847412109,2334200
2022-10-14,4.519999980926514,4.619999885559082,4.099999904632568,4.130000114440918,4.130000114440918,1550400
2022-10-17,4.300000190734863,4.480000019073486,4.269999980926514,4.400000095367432,4.400000095367432,1869500
2022-10-18,4.539999961853027,4.675000190734863,4.349999904632568,4.460000038146973,4.460000038146973,1562300
2022-10-19,4.349999904632568,4.429999828338623,4.21999979019165,4.369999885559082,4.369999885559082,1129500
2022-10-20,4.349999904632568,4.570000171661377,4.25,4.260000228881836,4.260000228881836,1521300
2022-10-21,4.28000020980835,4.465000152587891,4.170000076293945,4.429999828338623,4.429999828338623,1358000
2022-10-24,4.429999828338623,4.429999828338623,4.170000076293945,4.329999923706055,4.329999923706055,1104500
2022-10-25,4.360000133514404,4.760000228881836,4.360000133514404,4.610000133514404,4.610000133514404,1774200
2022-10-26,4.630000114440918,4.925000190734863,4.590000152587891,4.75,4.75,1177300
2022-10-27,4.75,4.75,4.570000171661377,4.590000152587891,4.590000152587891,1156000
2022-10-28,4.570000171661377,4.820000171661377,4.520999908447266,4.809999942779541,4.809999942779541,1140900
2022-10-31,4.75,4.929999828338623,4.710000038146973,4.900000095367432,4.900000095367432,896600
2022-11-01,4.989999771118164,5.019999980926514,4.889999866485596,5.0,5.0,1695100
2022-11-02,4.980000019073486,5.130000114440918,4.789999961853027,4.789999961853027,4.789999961853027,2734900
2022-11-03,4.074999809265137,4.349999904632568,3.75,3.940000057220459,3.940000057220459,4024600
2022-11-04,4.010000228881836,4.039000034332275,3.565000057220459,3.680000066757202,3.680000066757202,3087300
2022-11-07,3.7300000190734863,3.944999933242798,3.7200000286102295,3.759999990463257,3.759999990463257,2386300
2022-11-08,3.759999990463257,3.8350000381469727,3.5799999237060547,3.700000047683716,3.700000047683716,3020500
2022-11-09,3.630000114440918,3.6500000953674316,3.36299991607666,3.380000114440918,3.380000114440918,2682000
2022-11-10,3.630000114440918,3.7899999618530273,3.609999895095825,3.7100000381469727,3.7100000381469727,3194000
2022-11-11,3.7100000381469727,3.880000114440918,3.619999885559082,3.7799999713897705,3.7799999713897705,5503900
2022-11-14,3.7300000190734863,3.799999952316284,3.4600000381469727,3.4600000381469727,3.4600000381469727,1763400
2022-11-15,3.5999999046325684,3.828000068664551,3.5350000858306885,3.700000047683716,3.700000047683716,2236100
2022-11-16,3.640000104904175,3.640000104904175,3.319999933242798,3.3399999141693115,3.3399999141693115,1362800
2022-11-17,3.2699999809265137,3.450000047683716,3.2200000286102295,3.3299999237060547,3.3299999237060547,1157800
2022-11-18,3.4000000953674316,3.4000000953674316,3.2200000286102295,3.2300000190734863,3.2300000190734863,1503000
2022-11-21,3.2100000381469727,3.2100000381469727,3.059999942779541,3.140000104904175,3.140000104904175,1607100
2022-11-22,3.1500000953674316,3.1500000953674316,3.0199999809265137,3.059999942779541,3.059999942779541,1101400
2022-11-23,3.059999942779541,3.180000066757202,3.009999990463257,3.0899999141693115,3.0899999141693115,1143400
2022-11-25,3.1600000858306885,3.1600000858306885,3.015000104904175,3.049999952316284,3.049999952316284,512300
2022-11-28,3.0,3.130000114440918,2.880000114440918,2.9700000286102295,2.9700000286102295,2036100
2022-11-29,3.0299999713897705,3.0999999046325684,2.9800000190734863,2.990000009536743,2.990000009536743,1620600
2022-11-30,2.9800000190734863,3.2300000190734863,2.9800000190734863,3.2300000190734863,3.2300000190734863,1545800
2022-12-01,3.25,3.5399999618530273,3.2100000381469727,3.490000009536743,3.490000009536743,2821200
2022-12-02,3.440000057220459,3.490000009536743,3.2799999713897705,3.450000047683716,3.450000047683716,1434300
2022-12-05,3.450000047683716,3.490000009536743,3.240000009536743,3.259999990463257,3.259999990463257,900700
2022-12-06,3.2699999809265137,3.2799999713897705,3.059999942779541,3.0799999237060547,3.0799999237060547,1243600
2022-12-07,3.0199999809265137,3.0199999809265137,2.765000104904175,2.799999952316284,2.799999952316284,3157200
2022-12-08,2.809999942779541,2.869999885559082,2.674999952316284,2.809999942779541,2.809999942779541,1735000
2022-12-09,2.7799999713897705,2.825000047683716,2.7100000381469727,2.7100000381469727,2.7100000381469727,1231900
2022-12-12,2.7200000286102295,2.75,2.5850000381469727,2.6700000762939453,2.6700000762939453,2757600
2022-12-13,2.869999885559082,2.9800000190734863,2.5999999046325684,2.5999999046325684,2.5999999046325684,2366300
2022-12-14,2.5899999141693115,2.7100000381469727,2.450000047683716,2.509999990463257,2.509999990463257,6907400
2022-12-15,2.4700000286102295,2.509999990463257,2.380000114440918,2.4600000381469727,2.4600000381469727,2472000
2022-12-16,2.440000057220459,2.4800000190734863,2.369999885559082,2.4800000190734863,2.4800000190734863,4892000
2022-12-19,2.4600000381469727,2.4800000190734863,2.259999990463257,2.2699999809265137,2.2699999809265137,2260300
2022-12-20,2.25,2.299999952316284,2.1700000762939453,2.2100000381469727,2.2100000381469727,2459600
2022-12-21,2.4100000858306885,2.6649999618530273,2.309999942779541,2.490000009536743,2.490000009536743,5764600
2022-12-22,2.5,2.5199999809265137,2.380000114440918,2.450000047683716,2.450000047683716,2662300
2022-12-23,2.450000047683716,2.4700000286102295,2.3399999141693115,2.359999895095825,2.359999895095825,1604700
2022-12-27,2.4549999237060547,2.4549999237060547,2.2300000190734863,2.240000009536743,2.240000009536743,2044800
2022-12-28,2.240000009536743,2.315000057220459,2.2200000286102295,2.2699999809265137,2.2699999809265137,2345000
2022-12-29,2.2799999713897705,2.430000066757202,2.2709999084472656,2.4100000858306885,2.4100000858306885,2104600
2022-12-30,2.380000114440918,2.505000114440918,2.359999895095825,2.4600000381469727,2.4600000381469727,1827400
2023-01-03,2.559999942779541,2.6389999389648438,2.3299999237060547,2.3399999141693115,2.3399999141693115,1850800
2023-01-04,2.390000104904175,2.440000057220459,2.3299999237060547,2.4100000858306885,2.4100000858306885,1325200
2023-01-05,2.4100000858306885,2.440000057220459,2.259999990463257,2.2799999713897705,2.2799999713897705,1547000
2023-01-06,2.2799999713897705,2.319999933242798,2.180000066757202,2.2300000190734863,2.2300000190734863,2259400
2023-01-09,2.309999942779541,2.369999885559082,2.244999885559082,2.2799999713897705,2.2799999713897705,1438500
2023-01-10,2.2899999618530273,2.3299999237060547,2.25,2.319999933242798,2.319999933242798,1042400
2023-01-11,2.3299999237060547,2.359999895095825,2.265000104904175,2.319999933242798,2.319999933242798,1921300
2023-01-12,2.3499999046325684,2.4200000762939453,2.24399995803833,2.4000000953674316,2.4000000953674316,2243300
2023-01-13,2.390000104904175,2.450000047683716,2.3499999046325684,2.430000066757202,2.430000066757202,1487300
2023-01-17,2.430000066757202,2.5999999046325684,2.375,2.5299999713897705,2.5299999713897705,3105500
2023-01-18,2.609999895095825,2.740000009536743,2.5399999618530273,2.569999933242798,2.569999933242798,2199900
2023-01-19,2.5299999713897705,2.5850000381469727,2.4600000381469727,2.5399999618530273,2.5399999618530273,1247400
2023-01-20,2.549999952316284,2.680000066757202,2.484999895095825,2.6700000762939453,2.6700000762939453,1420000
2023-01-23,2.7100000381469727,2.869999885559082,2.630000114440918,2.8399999141693115,2.8399999141693115,2071100
2023-01-24,2.9000000953674316,2.9700000286102295,2.7200000286102295,2.8299999237060547,2.8299999237060547,1565900
2023-01-25,2.7799999713897705,2.7899999618530273,2.5999999046325684,2.7200000286102295,2.7200000286102295,2001600
2023-01-26,2.799999952316284,2.8499999046325684,2.6600000858306885,2.7200000286102295,2.7200000286102295,948600
2023-01-27,2.7300000190734863,2.890000104904175,2.7200000286102295,2.869999885559082,2.869999885559082,992900
2023-01-30,2.8499999046325684,2.869999885559082,2.7300000190734863,2.759999990463257,2.759999990463257,1217000
2023-01-31,2.75,2.799999952316284,2.684999942779541,2.75,2.75,1113800
2023-02-01,2.75,2.890000104904175,2.6700000762939453,2.859999895095825,2.859999895095825,1343800
2023-02-02,2.940000057220459,3.2200000286102295,2.940000057220459,3.140000104904175,3.140000104904175,3414000
2023-02-03,3.109999895095825,3.1700000762939453,2.9700000286102295,2.9800000190734863,2.9800000190734863,2124900
2023-02-06,2.9800000190734863,3.005000114440918,2.7200000286102295,2.75,2.75,2370500
2023-02-07,2.75,2.940000057220459,2.7009999752044678,2.9200000762939453,2.9200000762939453,2270600
2023-02-08,2.9000000953674316,3.055000066757202,2.7850000858306885,2.799999952316284,2.799999952316284,1819500
2023-02-09,2.869999885559082,2.8949999809265137,2.5199999809265137,2.549999952316284,2.549999952316284,1796800
2023-02-10,2.5199999809265137,2.5350000858306885,2.430000066757202,2.440000057220459,2.440000057220459,2125700
2023-02-13,2.440000057220459,2.4590001106262207,2.3299999237060547,2.390000104904175,2.390000104904175,1475800
2023-02-14,2.3499999046325684,2.4800000190734863,2.319999933242798,2.450000047683716,2.450000047683716,1861300
2023-02-15,2.4800000190734863,2.5199999809265137,2.430000066757202,2.509999990463257,2.509999990463257,2121100
2023-02-16,2.450000047683716,2.5399999618530273,2.440000057220459,2.4700000286102295,2.4700000286102295,1751100
2023-02-17,2.4700000286102295,2.4800000190734863,2.371999979019165,2.430000066757202,2.430000066757202,1302300
2023-02-21,2.390000104904175,2.428999900817871,2.2300000190734863,2.240000009536743,2.240000009536743,1893400
2023-02-22,2.25,2.3399999141693115,2.234999895095825,2.2799999713897705,2.2799999713897705,1556700
2023-02-23,2.319999933242798,2.3399999141693115,2.2100000381469727,2.2799999713897705,2.2799999713897705,1328900
2023-02-24,2.25,2.259999990463257,2.1500000953674316,2.200000047683716,2.200000047683716,1981100
2023-02-27,2.240000009536743,2.2799999713897705,2.200000047683716,2.2200000286102295,2.2200000286102295,1788800
2023-02-28,2.2699999809265137,2.569999933242798,2.2660000324249268,2.4600000381469727,2.4600000381469727,2578900
2023-03-01,2.4100000858306885,2.4600000381469727,2.2300000190734863,2.240000009536743,2.240000009536743,1448100
2023-03-02,2.2200000286102295,2.309999942779541,2.180000066757202,2.2899999618530273,2.2899999618530273,1595200
2023-03-03,2.319999933242798,2.440000057220459,2.2799999713897705,2.4100000858306885,2.4100000858306885,1495800
2023-03-06,2.4100000858306885,2.430000066757202,2.190000057220459,2.2100000381469727,2.2100000381469727,2427500
2023-03-07,2.2200000286102295,2.25,2.140000104904175,2.1500000953674316,2.1500000953674316,1230900
2023-03-08,2.1600000858306885,2.1600000858306885,2.0299999713897705,2.059999942779541,2.059999942779541,1727800
2023-03-09,2.049999952316284,2.075000047683716,1.9299999475479126,1.9600000381469727,1.9600000381469727,1536900
2023-03-10,1.9800000190734863,2.009999990463257,1.8550000190734863,1.9199999570846558,1.9199999570846558,2291700
2023-03-13,1.8700000047683716,2.009999990463257,1.8200000524520874,1.9900000095367432,1.9900000095367432,1759800
2023-03-14,2.059999942779541,2.0799999237060547,1.934999942779541,1.9800000190734863,1.9800000190734863,1245100
2023-03-15,1.9500000476837158,1.9700000286102295,1.8600000143051147,1.909999966621399,1.909999966621399,1720100
2023-03-16,1.9199999570846558,1.9900000095367432,1.840000033378601,1.9700000286102295,1.9700000286102295,1387200
2023-03-17,1.9500000476837158,1.9900000095367432,1.899999976158142,1.9800000190734863,1.9800000190734863,3496600
2023-03-20,1.9500000476837158,1.9700000286102295,1.8600000143051147,1.8899999856948853,1.8899999856948853,1496700
2023-03-21,1.9199999570846558,2.069999933242798,1.909999966621399,2.0299999713897705,2.0299999713897705,1214400
2023-03-22,2.0299999713897705,2.0399999618530273,1.9199999570846558,1.9199999570846558,1.9199999570846558,1240900
2023-03-23,1.9199999570846558,1.9900000095367432,1.9129999876022339,1.940000057220459,1.940000057220459,1113600
2023-03-24,1.9299999475479126,1.9600000381469727,1.8899999856948853,1.9600000381469727,1.9600000381469727,763100
2023-03-27,1.9600000381469727,1.9709999561309814,1.850000023841858,1.8700000047683716,1.8700000047683716,1150500
2023-03-28,1.8600000143051147,1.8600000143051147,1.7599999904632568,1.7699999809265137,1.7699999809265137,1480200
2023-03-29,1.7799999713897705,1.8049999475479126,1.6349999904632568,1.649999976158142,1.649999976158142,2431700
2023-03-30,1.6699999570846558,1.7100000381469727,1.625,1.6399999856948853,1.6399999856948853,2076700
2023-03-31,1.649999976158142,1.9199999570846558,1.649999976158142,1.8799999952316284,1.8799999952316284,2615300
2023-04-03,1.8600000143051147,1.8899999856948853,1.815000057220459,1.8700000047683716,1.8700000047683716,4989900
2023-04-04,2.25,2.5399999618530273,2.0999999046325684,2.2699999809265137,2.2699999809265137,40668800
2023-04-05,2.2699999809265137,2.390000104904175,2.0399999618530273,2.059999942779541,2.059999942779541,8503600
2023-04-06,2.0899999141693115,2.430000066757202,2.059999942779541,2.2799999713897705,2.2799999713897705,6449200
2023-04-10,2.2300000190734863,2.5299999713897705,2.180000066757202,2.4700000286102295,2.4700000286102295,6671200
2023-04-11,2.630000114440918,2.880000114440918,2.6050000190734863,2.809999942779541,2.809999942779541,11233800
2023-04-12,2.880000114440918,2.890000104904175,2.5399999618530273,2.5899999141693115,2.5899999141693115,5839100
2023-04-13,2.619999885559082,2.859999895095825,2.619999885559082,2.819999933242798,2.819999933242798,5272300
2023-04-14,2.799999952316284,2.9000000953674316,2.5450000762939453,2.5899999141693115,2.5899999141693115,3549200
2023-04-17,2.609999895095825,2.7899999618530273,2.5999999046325684,2.7200000286102295,2.7200000286102295,3153300
2023-04-18,2.7799999713897705,2.7899999618530273,2.509999990463257,2.5999999046325684,2.5999999046325684,2678200
2023-04-19,2.569999933242798,2.619999885559082,2.5199999809265137,2.5299999713897705,2.5299999713897705,1659100
2023-04-20,2.490000009536743,2.515000104904175,2.3399999141693115,2.359999895095825,2.359999895095825,2522800
2023-04-21,2.3499999046325684,2.4549999237060547,2.299999952316284,2.430000066757202,2.430000066757202,1626600
2023-04-24,2.444999933242798,2.4700000286102295,2.380000114440918,2.4100000858306885,2.4100000858306885,1521900
2023-04-25,2.369999885559082,2.390000104904175,2.180000066757202,2.180000066757202,2.180000066757202,1816000
2023-04-26,2.190000057220459,2.200000047683716,2.0299999713897705,2.059999942779541,2.059999942779541,2210500
2023-04-27,2.0799999237060547,2.1500000953674316,2.0199999809265137,2.140000104904175,2.140000104904175,1598500
2023-04-28,2.1500000953674316,2.2200000286102295,2.059999942779541,2.1600000858306885,2.1600000858306885,1406700
2023-05-01,2.130000114440918,2.1700000762939453,2.0199999809265137,2.059999942779541,2.059999942779541,1704300
2023-05-02,2.049999952316284,2.055000066757202,1.8799999952316284,1.909999966621399,1.909999966621399,2526600
2023-05-03,1.9500000476837158,2.140000104904175,1.909999966621399,2.059999942779541,2.059999942779541,2536100
2023-05-04,2.0399999618530273,2.069999933242798,1.9800000190734863,2.049999952316284,2.049999952316284,1403500
2023-05-05,2.109999895095825,2.174999952316284,2.062999963760376,2.1500000953674316,2.1500000953674316,1341900
2023-05-08,2.190000057220459,2.2100000381469727,2.0899999141693115,2.109999895095825,2.109999895095825,1175100
2023-05-09,2.0799999237060547,2.119999885559082,2.0450000762939453,2.119999885559082,2.119999885559082,1230100
2023-05-10,2.1500000953674316,2.2300000190734863,2.069999933242798,2.2300000190734863,2.2300000190734863,3163900
2023-05-11,2.3499999046325684,2.3499999046325684,1.7799999713897705,1.7999999523162842,1.7999999523162842,6840900
2023-05-12,1.8200000524520874,1.940000057220459,1.7999999523162842,1.809999942779541,1.809999942779541,1962200
2023-05-15,1.8200000524520874,1.9700000286102295,1.75,1.9500000476837158,1.9500000476837158,2498400
2023-05-16,1.9500000476837158,1.9500000476837158,1.8200000524520874,1.8600000143051147,1.8600000143051147,1253600
2023-05-17,1.8600000143051147,1.9800000190734863,1.7710000276565552,1.9600000381469727,1.9600000381469727,1919800
2023-05-18,1.9500000476837158,1.9500000476837158,1.8799999952316284,1.9199999570846558,1.9199999570846558,1414500
2023-05-19,1.9900000095367432,2.0,1.8899999856948853,1.9199999570846558,1.9199999570846558,900900
2023-05-22,1.9299999475479126,2.1600000858306885,1.9249999523162842,2.140000104904175,2.140000104904175,2422300
2023-05-23,2.119999885559082,2.380000114440918,2.0899999141693115,2.2899999618530273,2.2899999618530273,3491500
2023-05-24,2.259999990463257,2.2899999618530273,2.1600000858306885,2.25,2.25,1810800
2023-05-25,2.2699999809265137,2.299999952316284,2.1600000858306885,2.2100000381469727,2.2100000381469727,1867400
2023-05-26,2.200000047683716,2.3299999237060547,2.184999942779541,2.319999933242798,2.319999933242798,1502700
2023-05-30,2.3499999046325684,2.390000104904175,2.25,2.380000114440918,2.380000114440918,1922400
2023-05-31,2.380000114440918,2.440000057220459,2.2699999809265137,2.440000057220459,2.440000057220459,2717800
2023-06-01,2.4200000762939453,2.4200000762939453,2.25,2.380000114440918,2.380000114440918,1903800
2023-06-02,2.440000057220459,2.4800000190734863,2.319999933242798,2.4000000953674316,2.4000000953674316,2146600
2023-06-05,2.4000000953674316,2.4800000190734863,2.2850000858306885,2.2899999618530273,2.2899999618530273,2192400
2023-06-06,2.2699999809265137,2.309999942779541,2.180000066757202,2.2100000381469727,2.2100000381469727,2323000
2023-06-07,2.2300000190734863,2.384999990463257,2.2200000286102295,2.240000009536743,2.240000009536743,2283600
2023-06-08,2.259999990463257,2.299999952316284,2.1500000953674316,2.25,2.25,1471800
2023-06-09,2.259999990463257,2.2799999713897705,2.1600000858306885,2.1700000762939453,2.1700000762939453,968600
2023-06-12,2.180000066757202,2.255000114440918,2.0899999141693115,2.2100000381469727,2.2100000381469727,1593400
2023-06-13,2.2200000286102295,2.5,2.190000057220459,2.4200000762939453,2.4200000762939453,3556400
2023-06-14,2.4200000762939453,2.431999921798706,2.200000047683716,2.25,2.25,2308100
2023-06-15,2.240000009536743,2.359999895095825,2.2100000381469727,2.3499999046325684,2.3499999046325684,1401500
2023-06-16,2.390000104904175,2.390000104904175,2.309999942779541,2.3399999141693115,2.3399999141693115,3077300
2023-06-20,2.309999942779541,2.3299999237060547,2.2049999237060547,2.2799999713897705,2.2799999713897705,1114900
2023-06-21,2.25,2.2699999809265137,2.1600000858306885,2.240000009536743,2.240000009536743,1248300
2023-06-22,2.2100000381469727,2.2200000286102295,2.0899999141693115,2.130000114440918,2.130000114440918,1381000
2023-06-23,2.119999885559082,2.1449999809265137,2.065000057220459,2.0999999046325684,2.0999999046325684,2315800
2023-06-26,2.0999999046325684,2.0999999046325684,2.009999990463257,2.0199999809265137,2.0199999809265137,1237000
2023-06-27,2.0199999809265137,2.109999895095825,1.9700000286102295,2.0899999141693115,2.0899999141693115,1347700
2023-06-28,2.0899999141693115,2.2799999713897705,2.0420000553131104,2.2699999809265137,2.2699999809265137,1783200
2023-06-29,2.2699999809265137,2.380000114440918,2.265000104904175,2.309999942779541,2.309999942779541,1504800
2023-06-30,2.3299999237060547,2.390000104904175,2.2899999618530273,2.299999952316284,2.299999952316284,1060800
2023-07-03,2.309999942779541,2.369999885559082,2.299999952316284,2.369999885559082,2.369999885559082,528000
2023-07-05,2.369999885559082,2.369999885559082,2.1500000953674316,2.1700000762939453,2.1700000762939453,1775100
2023-07-06,2.1500000953674316,2.1500000953674316,2.0250000953674316,2.0399999618530273,2.0399999618530273,2053400
2023-07-07,2.059999942779541,2.140000104904175,2.0299999713897705,2.109999895095825,2.109999895095825,1338700
2023-07-10,2.109999895095825,2.305000066757202,2.0910000801086426,2.259999990463257,2.259999990463257,1831700
2023-07-11,2.2699999809265137,2.2799999713897705,2.190000057220459,2.2300000190734863,2.2300000190734863,1502400
2023-07-12,2.299999952316284,2.369999885559082,2.253000020980835,2.299999952316284,2.299999952316284,2078400
2023-07-13,2.2899999618530273,2.4000000953674316,2.240000009536743,2.369999885559082,2.369999885559082,2323300
2023-07-14,2.4100000858306885,2.555000066757202,2.299999952316284,2.319999933242798,2.319999933242798,2774000
2023-07-17,2.3399999141693115,2.4100000858306885,2.2300000190734863,2.390000104904175,2.390000104904175,1253600
2023-07-18,2.4000000953674316,2.640000104904175,2.4000000953674316,2.5299999713897705,2.5299999713897705,3071800
2023-07-19,2.5299999713897705,2.7100000381469727,2.5299999713897705,2.630000114440918,2.630000114440918,2560000
2023-07-20,2.630000114440918,2.630000114440918,2.4149999618530273,2.440000057220459,2.440000057220459,1579000
2023-07-21,2.4800000190734863,2.490000009536743,2.3299999237060547,2.4200000762939453,2.4200000762939453,1164500
2023-07-24,2.4200000762939453,2.4800000190734863,2.3399999141693115,2.369999885559082,2.369999885559082,891100
2023-07-25,2.369999885559082,2.390000104904175,2.309999942779541,2.319999933242798,2.319999933242798,797200
2023-07-26,2.299999952316284,2.450000047683716,2.259999990463257,2.440000057220459,2.440000057220459,1366800
2023-07-27,2.4800000190734863,2.4800000190734863,2.2200000286102295,2.240000009536743,2.240000009536743,1665300
2023-07-28,2.2699999809265137,2.4000000953674316,2.2699999809265137,2.390000104904175,2.390000104904175,1341900
2023-07-31,2.4000000953674316,2.5799999237060547,2.380000114440918,2.569999933242798,2.569999933242798,1529400
2023-08-01,2.559999942779541,2.5899999141693115,2.4700000286102295,2.559999942779541,2.559999942779541,1481000
2023-08-02,2.5199999809265137,2.5299999713897705,2.299999952316284,2.3499999046325684,2.3499999046325684,1588800
2023-08-03,2.299999952316284,2.5199999809265137,2.2200000286102295,2.450000047683716,2.450000047683716,1731600
2023-08-04,2.390000104904175,2.390000104904175,2.190000057220459,2.240000009536743,2.240000009536743,1986400
2023-08-07,2.25,2.25,1.9700000286102295,2.009999990463257,2.009999990463257,4034400
2023-08-08,2.0,2.0179998874664307,1.9900000095367432,2.0,2.0,1016600
2023-08-09,2.0,2.0,1.850000023841858,1.9299999475479126,1.9299999475479126,3080700
2023-08-10,1.9500000476837158,2.049999952316284,1.899999976158142,1.909999966621399,1.909999966621399,1843200
2023-08-11,1.9199999570846558,1.9450000524520874,1.8700000047683716,1.9199999570846558,1.9199999570846558,1437900
2023-08-14,1.9199999570846558,1.9800000190734863,1.8899999856948853,1.9500000476837158,1.9500000476837158,1617500
2023-08-15,1.9199999570846558,1.9500000476837158,1.8700000047683716,1.899999976158142,1.899999976158142,1517000
2023-08-16,1.8799999952316284,1.899999976158142,1.8300000429153442,1.840000033378601,1.840000033378601,2006600
2023-08-17,1.850000023841858,1.850000023841858,1.7599999904632568,1.7799999713897705,1.7799999713897705,1791700
2023-08-18,1.7549999952316284,1.8200000524520874,1.75,1.809999942779541,1.809999942779541,1380500
2023-08-21,1.8600000143051147,1.8700000047683716,1.774999976158142,1.7999999523162842,1.7999999523162842,1414200
2023-08-22,1.809999942779541,1.8650000095367432,1.7799999713897705,1.8300000429153442,1.8300000429153442,1330800
2023-08-23,1.850000023841858,1.8700000047683716,1.7599999904632568,1.7599999904632568,1.7599999904632568,1027300
2023-08-24,1.7599999904632568,1.7599999904632568,1.6699999570846558,1.7100000381469727,1.7100000381469727,1775400
2023-08-25,1.7000000476837158,1.7649999856948853,1.6200000047683716,1.75,1.75,1861400
2023-08-28,1.7300000190734863,1.7699999809265137,1.6549999713897705,1.6699999570846558,1.6699999570846558,1268500
2023-08-29,1.659999966621399,1.875,1.6200000047683716,1.7999999523162842,1.7999999523162842,2154100
2023-08-30,1.7899999618530273,1.8229999542236328,1.7599999904632568,1.7999999523162842,1.7999999523162842,959900
2023-08-31,1.809999942779541,1.8700000047683716,1.7699999809265137,1.7699999809265137,1.7699999809265137,989100
2023-09-01,1.7999999523162842,2.0399999618530273,1.7999999523162842,1.8600000143051147,1.8600000143051147,2001700
2023-09-05,1.8600000143051147,1.9299999475479126,1.815000057220459,1.8899999856948853,1.8899999856948853,1482600
2023-09-06,1.899999976158142,1.909999966621399,1.7999999523162842,1.899999976158142,1.899999976158142,1164100
2023-09-07,1.8600000143051147,1.8899999856948853,1.7100000381469727,1.8799999952316284,1.8799999952316284,1350100
2023-09-08,1.8600000143051147,1.8700000047683716,1.7899999618530273,1.8700000047683716,1.8700000047683716,887800
2023-09-11,1.8200000524520874,1.8450000286102295,1.6799999475479126,1.8200000524520874,1.8200000524520874,1744200
2023-09-12,1.7699999809265137,1.840000033378601,1.75,1.8300000429153442,1.8300000429153442,1107000
2023-09-13,1.7999999523162842,1.8300000429153442,1.715000033378601,1.7400000095367432,1.7400000095367432,2057600
2023-09-14,1.7400000095367432,1.7699999809265137,1.6200000047683716,1.6399999856948853,1.6399999856948853,2981600
2023-09-15,1.6399999856948853,1.840000033378601,1.6100000143051147,1.7000000476837158,1.7000000476837158,9579300
2023-09-18,1.690000057220459,1.690000057220459,1.5099999904632568,1.5099999904632568,1.5099999904632568,2988500
2023-09-19,1.5099999904632568,1.5199999809265137,1.3300000429153442,1.3899999856948853,1.3899999856948853,4048500
2023-09-20,1.350000023841858,1.350000023841858,1.149999976158142,1.159999966621399,1.159999966621399,6569600
2023-09-21,1.1299999952316284,1.38100004196167,1.1299999952316284,1.2200000286102295,1.2200000286102295,5401300
2023-09-22,1.2400000095367432,1.25,1.159999966621399,1.2000000476837158,1.2000000476837158,2184100
2023-09-25,1.149999976158142,1.2300000190734863,1.1399999856948853,1.159999966621399,1.159999966621399,2182900
2023-09-26,1.1699999570846558,1.2799999713897705,1.159999966621399,1.1699999570846558,1.1699999570846558,2192800
2023-09-27,1.190000057220459,1.2200000286102295,1.1100000143051147,1.159999966621399,1.159999966621399,1883400
2023-09-28,1.1799999475479126,1.2300000190734863,1.1200000047683716,1.2100000381469727,1.2100000381469727,1401500
2023-09-29,1.2400000095367432,1.25,1.159999966621399,1.1799999475479126,1.1799999475479126,1342600
2023-10-02,1.1699999570846558,1.1799999475479126,1.100000023841858,1.1200000047683716,1.1200000047683716,1723600
2023-10-03,1.1200000047683716,1.1200000047683716,1.0499999523162842,1.0499999523162842,1.0499999523162842,1285000
2023-10-04,1.0700000524520874,1.100000023841858,1.0199999809265137,1.090000033378601,1.090000033378601,1313600
2023-10-05,1.0700000524520874,1.1799999475479126,1.0700000524520874,1.1699999570846558,1.1699999570846558,1544000
2023-10-06,1.149999976158142,1.1749999523162842,1.100000023841858,1.100000023841858,1.100000023841858,1107600
2023-10-09,1.0700000524520874,1.0809999704360962,1.0199999809265137,1.0299999713897705,1.0299999713897705,1295000
2023-10-10,1.0299999713897705,1.1200000047683716,1.0,1.090000033378601,1.090000033378601,3293000
2023-10-11,1.090000033378601,1.100000023841858,1.0,1.0299999713897705,1.0299999713897705,1718100
2023-10-12,1.0299999713897705,1.0399999618530273,0.8500000238418579,0.8870000243186951,0.8870000243186951,5576600
2023-10-13,0.8859999775886536,0.9449999928474426,0.8600000143051147,0.9399999976158142,0.9399999976158142,4487400
2023-10-16,0.8920000195503235,0.9100000262260437,0.8019999861717224,0.8169999718666077,0.8169999718666077,3137500
2023-10-17,0.8100000023841858,0.9449999928474426,0.800000011920929,0.8899999856948853,0.8899999856948853,6674900
2023-10-18,0.8700000047683716,0.8799999952316284,0.8100000023841858,0.8140000104904175,0.8140000104904175,1089900
2023-10-19,0.8100000023841858,0.8399999737739563,0.7720000147819519,0.7990000247955322,0.7990000247955322,1312000
2023-10-20,0.800000011920929,0.8429999947547913,0.7990000247955322,0.8410000205039978,0.8410000205039978,1374000
2023-10-23,0.8149999976158142,0.8479999899864197,0.800000011920929,0.8240000009536743,0.8240000009536743,1520500
2023-10-24,0.8349999785423279,0.968999981880188,0.824999988079071,0.9539999961853027,0.9539999961853027,2287200
2023-10-25,0.9200000166893005,0.9649999737739563,0.8709999918937683,0.8970000147819519,0.8970000147819519,1263800
2023-10-26,0.9049999713897705,0.9229999780654907,0.8100000023841858,0.8270000219345093,0.8270000219345093,1037800
2023-10-27,0.8149999976158142,0.8379999995231628,0.7799999713897705,0.7860000133514404,0.7860000133514404,1223800
2023-10-30,0.7879999876022339,0.8270000219345093,0.7609999775886536,0.8109999895095825,0.8109999895095825,1237300
2023-10-31,0.8100000023841858,0.8600000143051147,0.7799999713897705,0.847000002861023,0.847000002861023,898000
2023-11-01,0.8700000047683716,0.8700000047683716,0.7820000052452087,0.8119999766349792,0.8119999766349792,1430000
2023-11-02,0.8339999914169312,0.9900000095367432,0.800000011920929,0.968999981880188,0.968999981880188,2423000
2023-11-03,1.0,1.190000057220459,0.9850000143051147,1.1200000047683716,1.1200000047683716,2623500
2023-11-06,1.1399999856948853,1.190000057220459,1.0199999809265137,1.0499999523162842,1.0499999523162842,1938300
2023-11-07,1.0399999618530273,1.1100000143051147,1.0099999904632568,1.0499999523162842,1.0499999523162842,774500
2023-11-08,1.0299999713897705,1.0399999618530273,0.8299999833106995,0.8640000224113464,0.8640000224113464,3670300
2023-11-09,0.8870000243186951,1.0989999771118164,0.8799999952316284,1.0800000429153442,1.0800000429153442,2731200
2023-11-10,1.125,1.149999976158142,0.9670000076293945,1.0700000524520874,1.0700000524520874,2832700
2023-11-13,1.0,1.1399999856948853,1.0,1.1100000143051147,1.1100000143051147,912000
2023-11-14,1.1399999856948853,1.2699999809265137,1.100000023841858,1.2200000286102295,1.2200000286102295,2459100
2023-11-15,1.2000000476837158,1.3200000524520874,1.2000000476837158,1.2100000381469727,1.2100000381469727,1876400
2023-11-16,1.2100000381469727,1.2100000381469727,1.0800000429153442,1.1100000143051147,1.1100000143051147,1217800
2023-11-17,1.1399999856948853,1.1699999570846558,1.1100000143051147,1.1699999570846558,1.1699999570846558,1020700
2023-11-20,1.1299999952316284,1.159999966621399,1.0499999523162842,1.0700000524520874,1.0700000524520874,1496900
2023-11-21,1.100000023841858,1.100000023841858,1.0,1.0099999904632568,1.0099999904632568,1168600
2023-11-22,1.0099999904632568,1.0700000524520874,0.9900000095367432,1.0199999809265137,1.0199999809265137,810300
2023-11-24,1.0199999809265137,1.024999976158142,0.9950000047683716,1.0,1.0,607800
2023-11-27,1.0,1.0399999618530273,0.9769999980926514,1.0299999713897705,1.0299999713897705,1653300
2023-11-28,1.0,1.0499999523162842,0.9800000190734863,0.9950000047683716,0.9950000047683716,877600
2023-11-29,1.0,1.0800000429153442,0.9810000061988831,0.9900000095367432,0.9900000095367432,1256000
2023-11-30,1.0,1.0199999809265137,0.9509999752044678,0.9520000219345093,0.9520000219345093,3276100
2023-12-01,0.9520000219345093,1.0099999904632568,0.9399999976158142,1.0,1.0,1071000
2023-12-04,1.0,1.059999942779541,0.9950000047683716,1.0399999618530273,1.0399999618530273,1132300
2023-12-05,1.0399999618530273,1.0499999523162842,0.9300000071525574,0.949999988079071,0.949999988079071,1856300
2023-12-06,0.9599999785423279,1.0199999809265137,0.9599999785423279,0.9700000286102295,0.9700000286102295,1987400
2023-12-07,0.9599999785423279,0.9599999785423279,0.8999999761581421,0.9190000295639038,0.9190000295639038,1660700
2023-12-08,0.9100000262260437,0.9509999752044678,0.9049999713897705,0.9440000057220459,0.9440000057220459,792400
2023-12-11,0.9390000104904175,0.9440000057220459,0.8870000243186951,0.9010000228881836,0.9010000228881836,1361300
2023-12-12,0.8999999761581421,0.9150000214576721,0.8519999980926514,0.8629999756813049,0.8629999756813049,1714200
2023-12-13,0.8619999885559082,0.9100000262260437,0.8100000023841858,0.890999972820282,0.890999972820282,2977600
2023-12-14,0.8999999761581421,1.0199999809265137,0.8999999761581421,0.9739999771118164,0.9739999771118164,3824700
2023-12-15,0.9900000095367432,0.9900000095367432,0.9100000262260437,0.9369999766349792,0.9369999766349792,5614900
2023-12-18,0.949999988079071,0.9549999833106995,0.9049999713897705,0.9200000166893005,0.9200000166893005,1738000
2023-12-19,0.9300000071525574,1.090000033378601,0.9100000262260437,1.0499999523162842,1.0499999523162842,3417200
2023-12-20,1.0499999523162842,1.1200000047683716,0.9599999785423279,0.9869999885559082,0.9869999885559082,2441700
2023-12-21,1.0199999809265137,1.0499999523162842,0.9700000286102295,1.0299999713897705,1.0299999713897705,1609000
2023-12-22,1.0399999618530273,1.0700000524520874,1.0,1.059999942779541,1.059999942779541,1169600
2023-12-26,1.0199999809265137,1.0800000429153442,1.0199999809265137,1.059999942779541,1.059999942779541,1372500
2023-12-27,1.0700000524520874,1.090000033378601,1.0299999713897705,1.059999942779541,1.059999942779541,1293800
2023-12-28,1.0399999618530273,1.2000000476837158,1.0299999713897705,1.190000057220459,1.190000057220459,3027200
2023-12-29,1.190000057220459,1.2200000286102295,1.059999942779541,1.0800000429153442,1.0800000429153442,2623200
2024-01-02,1.0800000429153442,1.1399999856948853,1.0499999523162842,1.059999942779541,1.059999942779541,1387700
2024-01-03,1.0399999618530273,1.059999942779541,1.0,1.0199999809265137,1.0199999809265137,1633300
2024-01-04,1.0,1.059999942779541,1.0,1.0199999809265137,1.0199999809265137,805400
2024-01-05,1.0299999713897705,1.0499999523162842,0.996999979019165,1.0099999904632568,1.0099999904632568,825200
2024-01-08,1.0850000381469727,1.315000057220459,1.0499999523162842,1.2200000286102295,1.2200000286102295,6253200
2024-01-09,1.2000000476837158,1.2200000286102295,1.1399999856948853,1.1699999570846558,1.1699999570846558,1822000
2024-01-10,1.1399999856948853,1.1799999475479126,1.100000023841858,1.1399999856948853,1.1399999856948853,1564500
2024-01-11,1.149999976158142,1.159000039100647,1.0800000429153442,1.090000033378601,1.090000033378601,1902800
2024-01-12,1.1200000047683716,1.2899999618530273,1.100000023841858,1.1100000143051147,1.1100000143051147,3420400
2024-01-16,1.1799999475479126,1.1799999475479126,1.0199999809265137,1.0399999618530273,1.0399999618530273,2128700
2024-01-17,1.0099999904632568,1.0700000524520874,1.0,1.0399999618530273,1.0399999618530273,1615200
2024-01-18,1.0499999523162842,1.100000023841858,1.0299999713897705,1.059999942779541,1.059999942779541,953100
2024-01-19,1.0700000524520874,1.0750000476837158,1.0199999809265137,1.059999942779541,1.059999942779541,937600
2024-01-22,1.059999942779541,1.1299999952316284,1.059999942779541,1.090000033378601,1.090000033378601,1106100
2024-01-23,1.1100000143051147,1.1100000143051147,1.0299999713897705,1.0399999618530273,1.0399999618530273,963800
2024-01-24,1.0499999523162842,1.0700000524520874,0.9700000286102295,0.9890000224113464,0.9890000224113464,2074300
2024-01-25,1.0,1.0299999713897705,0.9750000238418579,1.0099999904632568,1.0099999904632568,1024300
2024-01-26,1.0299999713897705,1.0449999570846558,0.9850000143051147,0.9940000176429749,0.9940000176429749,771100
2024-01-29,0.9900000095367432,1.0800000429153442,0.9819999933242798,1.0700000524520874,1.0700000524520874,1226600
2024-01-30,1.059999942779541,1.059999942779541,0.9800000190734863,0.9829999804496765,0.9829999804496765,1135600
2024-01-31,0.9800000190734863,0.9900000095367432,0.8999999761581421,0.9010000228881836,0.9010000228881836,1398300
2024-02-01,0.9200000166893005,0.925000011920929,0.875,0.878000020980835,0.878000020980835,1478000
2024-02-02,0.8989999890327454,0.9139999747276306,0.8600000143051147,0.8999999761581421,0.8999999761581421,1267900
2024-02-05,0.8840000033378601,0.949999988079071,0.8510000109672546,0.8769999742507935,0.8769999742507935,1403200
2024-02-06,0.9100000262260437,0.9359999895095825,0.8619999885559082,0.9139999747276306,0.9139999747276306,937700
2024-02-07,0.9100000262260437,0.9539999961853027,0.8999999761581421,0.9179999828338623,0.9179999828338623,1160900
2024-02-08,0.9399999976158142,0.9700000286102295,0.9300000071525574,0.9539999961853027,0.9539999961853027,1081500
2024-02-09,0.949999988079071,0.9700000286102295,0.9399999976158142,0.949999988079071,0.949999988079071,685900
2024-02-12,0.949999988079071,1.0399999618530273,0.9470000267028809,1.0199999809265137,1.0199999809265137,1429100
2024-02-13,0.9700000286102295,0.9990000128746033,0.9480000138282776,0.9580000042915344,0.9580000042915344,2115500
2024-02-14,0.9599999785423279,1.059999942779541,0.9599999785423279,1.0199999809265137,1.0199999809265137,1422200
2024-02-15,1.0199999809265137,1.1399999856948853,1.0140000581741333,1.1299999952316284,1.1299999952316284,1554800
2024-02-16,1.1299999952316284,1.1299999952316284,1.0449999570846558,1.059999942779541,1.059999942779541,1674600
2024-02-20,1.090000033378601,1.090000033378601,1.0,1.0099999904632568,1.0099999904632568,1377800
2024-02-21,1.0,1.0299999713897705,0.9520000219345093,1.0099999904632568,1.0099999904632568,1391500
2024-02-22,1.0299999713897705,1.0399999618530273,0.9779999852180481,0.9850000143051147,0.9850000143051147,1267800
2024-02-23,0.9900000095367432,1.059999942779541,0.9750000238418579,1.0199999809265137,1.0199999809265137,1180900
2024-02-26,1.149999976158142,1.4700000286102295,1.1100000143051147,1.3300000429153442,1.3300000429153442,10653800
2024-02-27,1.5299999713897705,1.6390000581741333,1.350000023841858,1.5,1.5,6249500
2024-02-28,1.5049999952316284,1.590000033378601,1.440000057220459,1.4800000190734863,1.4800000190734863,3619000
2024-02-29,1.1200000047683716,1.2699999809265137,1.0099999904632568,1.190000057220459,1.190000057220459,4522200
2024-03-01,1.190000057220459,1.3949999809265137,1.149999976158142,1.2999999523162842,1.2999999523162842,2722500
2024-03-04,1.3200000524520874,1.350000023841858,1.1699999570846558,1.2300000190734863,1.2300000190734863,1805300
2024-03-05,1.190000057220459,1.225000023841858,1.1200000047683716,1.1399999856948853,1.1399999856948853,1511600
2024-03-06,1.149999976158142,1.1699999570846558,1.090000033378601,1.1200000047683716,1.1200000047683716,2145000
2024-03-07,1.100000023841858,1.309999942779541,1.100000023841858,1.2799999713897705,1.2799999713897705,2466300
2024-03-08,1.2999999523162842,1.340000033378601,1.1699999570846558,1.1799999475479126,1.1799999475479126,2604100
2024-03-11,1.1799999475479126,1.2200000286102295,1.090000033378601,1.1100000143051147,1.1100000143051147,1702500
2024-03-12,1.1399999856948853,1.1399999856948853,1.0199999809265137,1.0399999618530273,1.0399999618530273,1797500
2024-03-13,1.0499999523162842,1.1200000047683716,1.0399999618530273,1.090000033378601,1.090000033378601,1201600
2024-03-14,1.090000033378601,1.090000033378601,1.0199999809265137,1.0700000524520874,1.0700000524520874,1626300
2024-03-15,1.0399999618530273,1.090000033378601,1.0399999618530273,1.0700000524520874,1.0700000524520874,1298100
2024-03-18,1.059999942779541,1.100000023841858,1.0499999523162842,1.0800000429153442,1.0800000429153442,695200
2024-03-19,1.0800000429153442,1.1100000143051147,1.0499999523162842,1.0800000429153442,1.0800000429153442,1256200
2024-03-20,1.100000023841858,1.1299999952316284,1.059999942779541,1.1299999952316284,1.1299999952316284,1096500
2024-03-21,1.1299999952316284,1.149999976158142,1.0499999523162842,1.059999942779541,1.059999942779541,1435900
2024-03-22,1.059999942779541,1.059999942779541,1.0,1.0199999809265137,1.0199999809265137,1417700
2024-03-25,1.0199999809265137,1.065000057220459,1.0,1.0399999618530273,1.0399999618530273,1187300
2024-03-26,1.0499999523162842,1.0499999523162842,1.0,1.0,1.0,1107500
2024-03-27,1.0099999904632568,1.0700000524520874,1.0099999904632568,1.059999942779541,1.059999942779541,1176500
2024-03-28,1.059999942779541,1.0800000429153442,1.0499999523162842,1.0800000429153442,1.0800000429153442,829800
2024-04-01,1.0700000524520874,1.0800000429153442,1.0,1.0399999618530273,1.0399999618530273,1458100
2024-04-02,1.0099999904632568,1.024999976158142,0.9800000190734863,1.0099999904632568,1.0099999904632568,1582100
2024-04-03,1.0199999809265137,1.059999942779541,0.9810000061988831,1.0399999618530273,1.0399999618530273,898700
2024-04-04,1.0399999618530273,1.0700000524520874,0.9819999933242798,0.9980000257492065,0.9980000257492065,867400
2024-04-05,1.0,1.0199999809265137,0.9929999709129333,1.0199999809265137,1.0199999809265137,703100
2024-04-08,1.0199999809265137,1.0399999618530273,0.9919999837875366,1.0099999904632568,1.0099999904632568,1109500
2024-04-09,1.0099999904632568,1.0299999713897705,0.9900000095367432,1.0199999809265137,1.0199999809265137,773300
2024-04-10,0.9900000095367432,1.0,0.949999988079071,0.9649999737739563,0.9649999737739563,1505500
2024-04-11,0.9800000190734863,0.9800000190734863,0.9200000166893005,0.9459999799728394,0.9459999799728394,1007100
2024-04-12,0.949999988079071,0.9610000252723694,0.8830000162124634,0.8889999985694885,0.8889999985694885,1400700
2024-04-15,0.8899999856948853,0.9549999833106995,0.8600000143051147,0.9369999766349792,0.9369999766349792,1650000
2024-04-16,0.921999990940094,0.9300000071525574,0.8700000047683716,0.8999999761581421,0.8999999761581421,646200
2024-04-17,0.8960000276565552,0.8999999761581421,0.8159999847412109,0.8190000057220459,0.8190000057220459,1434800
2024-04-18,0.8500000238418579,0.8500000238418579,0.8100000023841858,0.8199999928474426,0.8199999928474426,1428100
2024-04-19,0.8140000104904175,0.8500000238418579,0.75,0.7649999856948853,0.7649999856948853,2089200
2024-04-22,0.7720000147819519,0.7799999713897705,0.7200000286102295,0.7210000157356262,0.7210000157356262,1969400
2024-04-23,0.7350000143051147,0.7979999780654907,0.7200000286102295,0.7419999837875366,0.7419999837875366,1627400
2024-04-24,0.75,0.765999972820282,0.699999988079071,0.7070000171661377,0.7070000171661377,1870300
2024-04-25,0.7200000286102295,0.7200000286102295,0.6740000247955322,0.7049999833106995,0.7049999833106995,1160800
2024-04-26,0.7200000286102295,0.7820000052452087,0.7099999785423279,0.7789999842643738,0.7789999842643738,1708400
2024-04-29,0.800000011920929,0.8690000176429749,0.7889999747276306,0.8100000023841858,0.8100000023841858,1196700
2024-04-30,0.7799999713897705,0.8090000152587891,0.7649999856948853,0.7760000228881836,0.7760000228881836,960600
2024-05-01,0.7879999876022339,0.843999981880188,0.7730000019073486,0.7870000004768372,0.7870000004768372,1540600
2024-05-02,0.8980000019073486,0.9700000286102295,0.8619999885559082,0.921999990940094,0.921999990940094,4412400
2024-05-03,0.9459999799728394,1.0499999523162842,0.9100000262260437,0.9430000185966492,0.9430000185966492,5072500
2024-05-06,0.9399999976158142,1.034999966621399,0.9279999732971191,0.9700000286102295,0.9700000286102295,1936300
2024-05-07,0.9789999723434448,1.0199999809265137,0.9300000071525574,1.0099999904632568,1.0099999904632568,1728000
2024-05-08,0.9900000095367432,0.9980000257492065,0.9300000071525574,0.9670000076293945,0.9670000076293945,1751000
2024-05-09,0.9520000219345093,0.9869999885559082,0.9200000166893005,0.9750000238418579,0.9750000238418579,1125600
2024-05-10,0.9649999737739563,1.0299999713897705,0.9399999976158142,1.0199999809265137,1.0199999809265137,1193100
2024-05-13,1.0399999618530273,1.0399999618530273,0.949999988079071,0.9549999833106995,0.9549999833106995,1709900
2024-05-14,0.9850000143051147,1.0700000524520874,0.9700000286102295,0.9829999804496765,0.9829999804496765,1581200
2024-05-15,1.0099999904632568,1.0499999523162842,1.0099999904632568,1.0399999618530273,1.0399999618530273,1052700
2024-05-16,1.0299999713897705,1.0299999713897705,0.9860000014305115,1.0099999904632568,1.0099999904632568,1083700
2024-05-17,0.9779999852180481,1.0399999618530273,0.9509999752044678,1.0299999713897705,1.0299999713897705,1742900
2024-05-20,0.9900000095367432,1.0449999570846558,0.9800000190734863,1.0399999618530273,1.0399999618530273,1094800
2024-05-21,1.0199999809265137,1.090000033378601,1.0099999904632568,1.0800000429153442,1.0800000429153442,1635700
2024-05-22,1.059999942779541,1.0700000524520874,1.0299999713897705,1.0399999618530273,1.0399999618530273,1267900
2024-05-23,1.0399999618530273,1.059999942779541,0.9800000190734863,1.0299999713897705,1.0299999713897705,1219200
2024-05-24,1.0,1.034999966621399,0.9900000095367432,1.0099999904632568,1.0099999904632568,985900
2024-05-28,0.9800000190734863,1.0499999523162842,0.9800000190734863,1.0299999713897705,1.0299999713897705,1097700
2024-05-29,1.0099999904632568,1.0199999809265137,0.9800000190734863,1.0,1.0,1095700
2024-05-30,1.0,1.0499999523162842,0.9900000095367432,1.0,1.0,845800
2024-05-31,1.0099999904632568,1.0399999618530273,0.9800000190734863,0.9950000047683716,0.9950000047683716,1173800
2024-06-03,0.9800000190734863,0.9900000095367432,0.9200000166893005,0.9700000286102295,0.9700000286102295,1889200
2024-06-04,0.9369999766349792,0.949999988079071,0.9100000262260437,0.925000011920929,0.925000011920929,1308000
2024-06-05,0.9210000038146973,0.9599999785423279,0.8830000162124634,0.9559999704360962,0.9559999704360962,1035600
2024-06-06,0.9599999785423279,0.9700000286102295,0.9359999895095825,0.9480000138282776,0.9480000138282776,784000
2024-06-07,0.9160000085830688,0.9419999718666077,0.8700000047683716,0.8960000276565552,0.8960000276565552,1123200
2024-06-10,0.8759999871253967,0.9599999785423279,0.8709999918937683,0.949999988079071,0.949999988079071,1155000
2024-06-11,0.9350000023841858,0.9539999961853027,0.921999990940094,0.9340000152587891,0.9340000152587891,866800
2024-06-12,0.9399999976158142,1.0,0.9229999780654907,0.9679999947547913,0.9679999947547913,1212200
2024-06-13,0.9480000138282776,0.9539999961853027,0.9200000166893005,0.921999990940094,0.921999990940094,747300
2024-06-14,0.9079999923706055,0.9200000166893005,0.8899999856948853,0.9079999923706055,0.9079999923706055,752700
2024-06-17,0.9100000262260437,0.9150000214576721,0.8339999914169312,0.9100000262260437,0.9100000262260437,1411800
2024-06-18,0.8859999775886536,0.9089999794960022,0.8700000047683716,0.8759999871253967,0.8759999871253967,1246900
2024-06-20,0.8799999952316284,0.9599999785423279,0.8700000047683716,0.9380000233650208,0.9380000233650208,1513900
2024-06-21,0.9359999895095825,0.949999988079071,0.9210000038146973,0.9279999732971191,0.9279999732971191,1458100
2024-06-24,0.8999999761581421,0.9480000138282776,0.8999999761581421,0.9369999766349792,0.9369999766349792,1094800
2024-06-25,0.949999988079071,0.949999988079071,0.9150000214576721,0.9359999895095825,0.9359999895095825,1248900
2024-06-26,0.9210000038146973,0.9900000095367432,0.9120000004768372,0.9639999866485596,0.9639999866485596,1676200
2024-06-27,0.9390000104904175,0.949999988079071,0.8700000047683716,0.8700000047683716,0.8700000047683716,1757600
2024-06-28,0.9290000200271606,0.9290000200271606,0.8199999928474426,0.8410000205039978,0.8410000205039978,21435400
2024-07-01,0.8980000019073486,0.8980000019073486,0.8450000286102295,0.8669999837875366,0.8669999837875366,1601500
2024-07-02,0.8690000176429749,0.9440000057220459,0.8600000143051147,0.9399999976158142,0.9399999976158142,2608900
2024-07-03,0.9139999747276306,0.9929999709129333,0.9139999747276306,0.9929999709129333,0.9929999709129333,2529500
2024-07-05,0.9800000190734863,1.0099999904632568,0.9599999785423279,0.9860000014305115,0.9860000014305115,2239500
2024-07-08,0.9610000252723694,1.0199999809265137,0.9610000252723694,1.0099999904632568,1.0099999904632568,1452800
2024-07-09,1.0,1.059999942779541,0.9800000190734863,1.0499999523162842,1.0499999523162842,2526900
2024-07-10,1.0399999618530273,1.0499999523162842,0.949999988079071,0.9660000205039978,0.9660000205039978,2255500
2024-07-11,0.9829999804496765,1.159999966621399,0.9829999804496765,1.159999966621399,1.159999966621399,4073300
2024-07-12,1.159999966621399,1.2300000190734863,1.1119999885559082,1.1699999570846558,1.1699999570846558,1981900
2024-07-15,1.149999976158142,1.2300000190734863,1.1399999856948853,1.190000057220459,1.190000057220459,1382300
2024-07-16,1.2400000095367432,1.350000023841858,1.2100000381469727,1.2799999713897705,1.2799999713897705,2538500
2024-07-17,1.2799999713897705,1.2799999713897705,1.159999966621399,1.2000000476837158,1.2000000476837158,1596100
2024-07-18,1.2000000476837158,1.2699999809265137,1.1399999856948853,1.1799999475479126,1.1799999475479126,1264200
2024-07-19,1.159999966621399,1.1699999570846558,1.0700000524520874,1.0700000524520874,1.0700000524520874,1281100
2024-07-22,1.1100000143051147,1.149999976158142,1.0850000381469727,1.1399999856948853,1.1399999856948853,995800
2024-07-23,1.1399999856948853,1.1649999618530273,1.100000023841858,1.1200000047683716,1.1200000047683716,805800
2024-07-24,1.1100000143051147,1.159999966621399,1.059999942779541,1.0800000429153442,1.0800000429153442,741000
2024-07-25,1.059999942779541,1.1100000143051147,1.059999942779541,1.059999942779541,1.059999942779541,610100
2024-07-26,1.090000033378601,1.100000023841858,1.0449999570846558,1.059999942779541,1.059999942779541,598300
2024-07-29,1.059999942779541,1.090000033378601,1.0399999618530273,1.0399999618530273,1.0399999618530273,514800
2024-07-30,1.0399999618530273,1.1100000143051147,1.0399999618530273,1.0800000429153442,1.0800000429153442,611500
2024-07-31,1.1100000143051147,1.1699999570846558,1.090000033378601,1.100000023841858,1.100000023841858,917300
2024-08-01,1.100000023841858,1.1549999713897705,1.0099999904632568,1.0099999904632568,1.0099999904632568,1497500
2024-08-02,1.059999942779541,1.2400000095367432,1.0199999809265137,1.1299999952316284,1.1299999952316284,3569200
2024-08-05,1.0199999809265137,1.0700000524520874,0.9700000286102295,1.0099999904632568,1.0099999904632568,2096200
2024-08-06,1.0299999713897705,1.090000033378601,0.9800000190734863,0.996999979019165,0.996999979019165,1073200
2024-08-07,1.0099999904632568,1.0199999809265137,0.9200000166893005,0.9200000166893005,0.9200000166893005,1385700
2024-08-08,0.9399999976158142,1.059999942779541,0.9399999976158142,1.0,1.0,1285200
2024-08-09,1.0,1.0199999809265137,0.9599999785423279,0.9649999737739563,0.9649999737739563,925000
2024-08-12,0.9700000286102295,1.0,0.949999988079071,0.949999988079071,0.949999988079071,565100
2024-08-13,0.949999988079071,0.9800000190734863,0.9399999976158142,0.9700000286102295,0.9700000286102295,376000
2024-08-14,0.949999988079071,0.9900000095367432,0.9290000200271606,0.9369999766349792,0.9369999766349792,597300
2024-08-15,0.9700000286102295,1.0,0.949999988079071,0.9800000190734863,0.9800000190734863,816500
2024-08-16,1.0099999904632568,1.0099999904632568,0.9549999833106995,0.9549999833106995,0.9549999833106995,614300
2024-08-19,0.9399999976158142,0.9959999918937683,0.9399999976158142,0.9800000190734863,0.9800000190734863,565300
2024-08-20,0.9559999704360962,1.0,0.9100000262260437,0.9200000166893005,0.9200000166893005,1930400
2024-08-21,0.9290000200271606,0.9700000286102295,0.9200000166893005,0.9390000104904175,0.9390000104904175,972500
2024-08-22,0.9350000023841858,0.9459999799728394,0.8999999761581421,0.902999997138977,0.902999997138977,518000
2024-08-23,0.9100000262260437,0.9769999980926514,0.8999999761581421,0.9589999914169312,0.9589999914169312,1136200
2024-08-26,0.9599999785423279,0.9980000257492065,0.9449999928474426,0.9660000205039978,0.9660000205039978,837500
2024-08-27,0.9700000286102295,0.9860000014305115,0.9629999995231628,0.9860000014305115,0.9860000014305115,453300
2024-08-28,0.949999988079071,1.0099999904632568,0.9330000281333923,0.9879999756813049,0.9879999756813049,1073600
2024-08-29,1.0099999904632568,1.1100000143051147,1.0,1.0700000524520874,1.0700000524520874,1696500
2024-08-30,1.0800000429153442,1.0950000286102295,1.0299999713897705,1.090000033378601,1.090000033378601,979300
2024-09-03,1.159999966621399,1.2400000095367432,1.149999976158142,1.190000057220459,1.190000057220459,2828000
2024-09-04,1.2100000381469727,1.559999942779541,1.2100000381469727,1.5099999904632568,1.5099999904632568,10504600
2024-09-05,1.5800000429153442,1.7899999618530273,1.5299999713897705,1.659999966621399,1.659999966621399,7572400
2024-09-06,1.659999966621399,1.7549999952316284,1.5110000371932983,1.6399999856948853,1.6399999856948853,3566300
2024-09-09,1.649999976158142,2.0,1.649999976158142,1.8600000143051147,1.8600000143051147,5384300
2024-09-10,1.899999976158142,2.109999895095825,1.7899999618530273,1.9900000095367432,1.9900000095367432,5682500
2024-09-11,1.9900000095367432,2.200000047683716,1.8849999904632568,1.9299999475479126,1.9299999475479126,6082000
2024-09-12,1.8700000047683716,2.0,1.8300000429153442,1.8799999952316284,1.8799999952316284,2614700
2024-09-13,1.909999966621399,2.015000104904175,1.8700000047683716,1.9199999570846558,1.9199999570846558,1962000
2024-09-16,1.899999976158142,1.9700000286102295,1.8200000524520874,1.8300000429153442,1.8300000429153442,2218000
2024-09-17,1.8300000429153442,1.9600000381469727,1.8300000429153442,1.9199999570846558,1.9199999570846558,2685200
2024-09-18,1.9500000476837158,1.9550000429153442,1.8700000047683716,1.909999966621399,1.909999966621399,1887700
2024-09-19,1.9700000286102295,2.0199999809265137,1.8899999856948853,1.9199999570846558,1.9199999570846558,1993900
2024-09-20,1.8899999856948853,1.909999966621399,1.7300000190734863,1.7899999618530273,1.7899999618530273,2663700
2024-09-23,1.8300000429153442,1.8300000429153442,1.7100000381469727,1.7300000190734863,1.7300000190734863,2401700
2024-09-24,1.75,1.7899999618530273,1.6200000047683716,1.6399999856948853,1.6399999856948853,2391800
2024-09-25,1.6799999475479126,1.684999942779541,1.5199999809265137,1.5399999618530273,1.5399999618530273,2411200
2024-09-26,1.5399999618530273,1.600000023841858,1.5099999904632568,1.5199999809265137,1.5199999809265137,1995700
2024-09-27,1.5199999809265137,1.684999942779541,1.5199999809265137,1.5800000429153442,1.5800000429153442,1670200
2024-09-30,1.6100000143051147,1.809999942779541,1.6100000143051147,1.7699999809265137,1.7699999809265137,2445600
2024-10-01,1.7699999809265137,1.809999942779541,1.649999976158142,1.659999966621399,1.659999966621399,1987200
2024-10-02,1.6699999570846558,1.8200000524520874,1.6100000143051147,1.7799999713897705,1.7799999713897705,1908200
2024-10-03,1.7799999713897705,1.909999966621399,1.7350000143051147,1.899999976158142,1.899999976158142,2361600
2024-10-04,1.9299999475479126,1.9800000190734863,1.8600000143051147,1.9600000381469727,1.9600000381469727,2017800
2024-10-07,1.9600000381469727,1.9900000095367432,1.8300000429153442,1.8700000047683716,1.8700000047683716,1557300
2024-10-08,1.850000023841858,1.8899999856948853,1.7999999523162842,1.8200000524520874,1.8200000524520874,1104000
2024-10-09,1.7999999523162842,1.9299999475479126,1.7999999523162842,1.909999966621399,1.909999966621399,1448400
2024-10-10,1.8600000143051147,1.9299999475479126,1.7300000190734863,1.7400000095367432,1.7400000095367432,1687000
2024-10-11,1.7400000095367432,1.850000023841858,1.7400000095367432,1.8200000524520874,1.8200000524520874,1342000
2024-10-14,1.850000023841858,1.850000023841858,1.7200000286102295,1.7300000190734863,1.7300000190734863,1724900
2024-10-15,1.7400000095367432,1.7599999904632568,1.6399999856948853,1.6799999475479126,1.6799999475479126,1662100
2024-10-16,1.7300000190734863,1.7599999904632568,1.6699999570846558,1.7200000286102295,1.7200000286102295,783300
2024-10-17,1.7000000476837158,1.7300000190734863,1.649999976158142,1.690000057220459,1.690000057220459,1350800
2024-10-18,1.7200000286102295,1.7699999809265137,1.6799999475479126,1.7599999904632568,1.7599999904632568,1270800
2024-10-21,1.8300000429153442,1.8300000429153442,1.7100000381469727,1.7599999904632568,1.7599999904632568,1140700
2024-10-22,1.7799999713897705,1.7999999523162842,1.6549999713897705,1.7300000190734863,1.7300000190734863,1340900
2024-10-23,1.6799999475479126,1.7350000143051147,1.6399999856948853,1.659999966621399,1.659999966621399,1342200
2024-10-24,1.6799999475479126,1.809999942779541,1.6699999570846558,1.7599999904632568,1.7599999904632568,2154400
2024-10-25,1.7999999523162842,1.847000002861023,1.7400000095367432,1.8200000524520874,1.8200000524520874,1696200
2024-10-28,1.809999942779541,1.9700000286102295,1.781999945640564,1.8899999856948853,1.8899999856948853,2756000
2024-10-29,1.8899999856948853,1.9299999475479126,1.840000033378601,1.899999976158142,1.899999976158142,1858900
2024-10-30,1.8899999856948853,2.0,1.809999942779541,1.840000033378601,1.840000033378601,1869700
2024-10-31,1.8700000047683716,1.8700000047683716,1.75,1.7799999713897705,1.7799999713897705,1957900
2024-11-01,1.8700000047683716,2.0999999046325684,1.7000000476837158,2.0299999713897705,2.0299999713897705,7863500
