Date,Open,High,Low,Close,Adj Close,Volume
2021-04-28,9.739999771118164,9.739999771118164,9.699999809265137,9.699999809265137,9.699999809265137,5000
2021-04-29,9.989999771118164,10.0,9.899999618530273,9.899999618530273,9.899999618530273,2500
2021-04-30,9.8100004196167,10.199999809265137,9.710000038146973,9.710000038146973,9.710000038146973,8200
2021-05-03,9.720000267028809,9.760000228881836,9.720000267028809,9.760000228881836,9.760000228881836,1900
2021-05-04,9.760000228881836,9.760000228881836,9.760000228881836,9.760000228881836,9.760000228881836,0
2021-05-05,9.75,9.75,9.720000267028809,9.739999771118164,9.739999771118164,1700
2021-05-06,9.720000267028809,9.720000267028809,9.699999809265137,9.699999809265137,9.699999809265137,2800
2021-05-07,9.710000038146973,9.739999771118164,9.6899995803833,9.6899995803833,9.6899995803833,18500
2021-05-10,9.6899995803833,9.720000267028809,9.680000305175781,9.720000267028809,9.720000267028809,1500
2021-05-11,9.699999809265137,9.699999809265137,9.6899995803833,9.6899995803833,9.6899995803833,2500
2021-05-12,9.680000305175781,9.699999809265137,9.649999618530273,9.649999618530273,9.649999618530273,4300
2021-05-13,9.649999618530273,9.65999984741211,9.630000114440918,9.630000114440918,9.630000114440918,4100
2021-05-14,9.630000114440918,9.699999809265137,9.619999885559082,9.699999809265137,9.699999809265137,8800
2021-05-17,9.699999809265137,9.699999809265137,9.699999809265137,9.699999809265137,9.699999809265137,0
2021-05-18,10.630000114440918,10.630000114440918,9.65999984741211,9.739999771118164,9.739999771118164,172500
2021-05-19,9.640000343322754,9.640000343322754,9.640000343322754,9.640000343322754,9.640000343322754,200
2021-05-20,9.640000343322754,9.640000343322754,9.640000343322754,9.640000343322754,9.640000343322754,0
2021-05-21,9.720000267028809,9.720000267028809,9.630000114440918,9.699999809265137,9.699999809265137,2300
2021-05-24,9.699999809265137,9.699999809265137,9.699999809265137,9.699999809265137,9.699999809265137,100
2021-05-25,9.699999809265137,9.699999809265137,9.699999809265137,9.699999809265137,9.699999809265137,0
2021-05-26,9.6850004196167,9.70300006866455,9.65999984741211,9.65999984741211,9.65999984741211,1600
2021-05-27,9.65999984741211,9.65999984741211,9.65999984741211,9.65999984741211,9.65999984741211,0
2021-05-28,9.65999984741211,9.65999984741211,9.65999984741211,9.65999984741211,9.65999984741211,0
2021-06-01,9.65999984741211,9.65999984741211,9.65999984741211,9.65999984741211,9.65999984741211,0
2021-06-02,9.949999809265137,9.949999809265137,9.710000038146973,9.710000038146973,9.710000038146973,1300
2021-06-03,9.720000267028809,9.720000267028809,9.720000267028809,9.720000267028809,9.720000267028809,300
2021-06-04,9.649999618530273,9.649999618530273,9.614999771118164,9.640000343322754,9.640000343322754,417000
2021-06-07,9.680000305175781,9.680000305175781,9.649999618530273,9.65999984741211,9.65999984741211,16900
2021-06-08,9.6899995803833,9.6899995803833,9.6899995803833,9.6899995803833,9.6899995803833,300
2021-06-09,9.710000038146973,9.710000038146973,9.699999809265137,9.710000038146973,9.710000038146973,500
2021-06-10,9.699999809265137,9.699999809265137,9.680000305175781,9.699999809265137,9.699999809265137,12900
2021-06-11,9.699999809265137,9.699999809265137,9.699999809265137,9.699999809265137,9.699999809265137,0
2021-06-14,9.649999618530273,9.739999771118164,9.649999618530273,9.649999618530273,9.649999618530273,13800
2021-06-15,9.6899995803833,9.729999542236328,9.6899995803833,9.729999542236328,9.729999542236328,200
2021-06-16,9.729999542236328,9.729999542236328,9.729999542236328,9.729999542236328,9.729999542236328,0
2021-06-17,9.710000038146973,9.710000038146973,9.710000038146973,9.710000038146973,9.710000038146973,100
2021-06-18,9.710000038146973,9.710000038146973,9.710000038146973,9.710000038146973,9.710000038146973,100
2021-06-21,9.710000038146973,9.710000038146973,9.710000038146973,9.710000038146973,9.710000038146973,0
2021-06-22,9.699999809265137,9.710000038146973,9.65999984741211,9.710000038146973,9.710000038146973,3300
2021-06-23,9.720000267028809,9.720000267028809,9.699999809265137,9.699999809265137,9.699999809265137,11900
2021-06-24,9.619999885559082,9.6899995803833,9.619999885559082,9.6899995803833,9.6899995803833,10600
2021-06-25,9.770000457763672,9.770000457763672,9.6899995803833,9.699999809265137,9.699999809265137,16200
2021-06-28,9.630000114440918,9.699999809265137,9.630000114440918,9.680000305175781,9.680000305175781,4000
2021-06-29,9.729999542236328,9.729999542236328,9.729999542236328,9.729999542236328,9.729999542236328,500
2021-06-30,9.6899995803833,9.739999771118164,9.6899995803833,9.701000213623047,9.701000213623047,31200
2021-07-01,9.859999656677246,9.861000061035156,9.739999771118164,9.739999771118164,9.739999771118164,468900
2021-07-02,9.75,9.8149995803833,9.720000267028809,9.729999542236328,9.729999542236328,150200
2021-07-06,9.789999961853027,9.8100004196167,9.729999542236328,9.729999542236328,9.729999542236328,186400
2021-07-07,9.710000038146973,9.75,9.699999809265137,9.699999809265137,9.699999809265137,6500
2021-07-08,9.75,9.75100040435791,9.710000038146973,9.75,9.75,7200
2021-07-09,9.744000434875488,9.75,9.680000305175781,9.729999542236328,9.729999542236328,95100
2021-07-12,9.75,9.800000190734863,9.699999809265137,9.770000457763672,9.770000457763672,32800
2021-07-13,9.760000228881836,9.760000228881836,9.699999809265137,9.739999771118164,9.739999771118164,11300
2021-07-14,9.699999809265137,9.751999855041504,9.699999809265137,9.73900032043457,9.73900032043457,1300
2021-07-15,9.717000007629395,9.725000381469727,9.649999618530273,9.725000381469727,9.725000381469727,6900
2021-07-16,9.720000267028809,9.729999542236328,9.696000099182129,9.710000038146973,9.710000038146973,5400
2021-07-19,9.729999542236328,9.729999542236328,9.680999755859375,9.6899995803833,9.6899995803833,4500
2021-07-20,9.699999809265137,9.710000038146973,9.6899995803833,9.710000038146973,9.710000038146973,2700
2021-07-21,9.685999870300293,9.710000038146973,9.685999870300293,9.704999923706055,9.704999923706055,129300
2021-07-22,9.729999542236328,9.729999542236328,9.6899995803833,9.6899995803833,9.6899995803833,3600
2021-07-23,9.704999923706055,9.729999542236328,9.699999809265137,9.729999542236328,9.729999542236328,3800
2021-07-26,9.710000038146973,9.720000267028809,9.710000038146973,9.720000267028809,9.720000267028809,5300
2021-07-27,9.680000305175781,9.680000305175781,9.680000305175781,9.680000305175781,9.680000305175781,1600
2021-07-28,9.729999542236328,9.729999542236328,9.729999542236328,9.729999542236328,9.729999542236328,600
2021-07-29,9.760000228881836,9.760000228881836,9.699999809265137,9.710000038146973,9.710000038146973,5900
2021-07-30,9.720000267028809,9.720000267028809,9.720000267028809,9.720000267028809,9.720000267028809,200
2021-08-02,9.704999923706055,9.729999542236328,9.699999809265137,9.699999809265137,9.699999809265137,2100
2021-08-03,9.725000381469727,9.725000381469727,9.699999809265137,9.699999809265137,9.699999809265137,3700
2021-08-04,9.770000457763672,10.0,9.699999809265137,9.699999809265137,9.699999809265137,83800
2021-08-05,9.800000190734863,9.800000190734863,9.680000305175781,9.699999809265137,9.699999809265137,19400
2021-08-06,9.670000076293945,9.677000045776367,9.630000114440918,9.649999618530273,9.649999618530273,39500
2021-08-09,9.640000343322754,9.6899995803833,9.640000343322754,9.670000076293945,9.670000076293945,13400
2021-08-10,9.670000076293945,9.670000076293945,9.670000076293945,9.670000076293945,9.670000076293945,1200
2021-08-11,9.65999984741211,9.670000076293945,9.65999984741211,9.670000076293945,9.670000076293945,2000
2021-08-12,9.680000305175781,9.680000305175781,9.680000305175781,9.680000305175781,9.680000305175781,200
2021-08-13,9.670000076293945,9.670000076293945,9.670000076293945,9.670000076293945,9.670000076293945,4100
2021-08-16,9.670000076293945,9.670000076293945,9.65999984741211,9.670000076293945,9.670000076293945,2800
2021-08-17,9.640000343322754,9.680000305175781,9.640000343322754,9.680000305175781,9.680000305175781,3600
2021-08-18,9.680000305175781,9.680000305175781,9.659000396728516,9.680000305175781,9.680000305175781,114200
2021-08-19,9.630000114440918,9.680000305175781,9.619999885559082,9.680000305175781,9.680000305175781,6600
2021-08-20,9.628000259399414,9.628000259399414,9.628000259399414,9.628000259399414,9.628000259399414,200
2021-08-23,9.64799976348877,9.670000076293945,9.640000343322754,9.670000076293945,9.670000076293945,1300
2021-08-24,9.670000076293945,9.670000076293945,9.670000076293945,9.670000076293945,9.670000076293945,0
2021-08-25,9.670000076293945,9.670000076293945,9.670000076293945,9.670000076293945,9.670000076293945,0
2021-08-26,9.670000076293945,9.670000076293945,9.670000076293945,9.670000076293945,9.670000076293945,0
2021-08-27,9.670000076293945,9.670000076293945,9.670000076293945,9.670000076293945,9.670000076293945,0
2021-08-30,9.649999618530273,9.649999618530273,9.649999618530273,9.649999618530273,9.649999618530273,100
2021-08-31,9.640000343322754,9.680000305175781,9.640000343322754,9.640000343322754,9.640000343322754,5600
2021-09-01,9.680000305175781,9.680000305175781,9.645000457763672,9.670000076293945,9.670000076293945,1000
2021-09-02,9.670000076293945,9.670000076293945,9.670000076293945,9.670000076293945,9.670000076293945,5500
2021-09-03,9.670000076293945,9.6899995803833,9.649999618530273,9.680000305175781,9.680000305175781,28400
2021-09-07,9.739999771118164,9.739999771118164,9.630000114440918,9.6899995803833,9.6899995803833,2100
2021-09-08,9.6899995803833,9.6899995803833,9.6899995803833,9.6899995803833,9.6899995803833,0
2021-09-09,9.649999618530273,9.649999618530273,9.649999618530273,9.649999618530273,9.649999618530273,300
2021-09-10,9.635000228881836,9.6899995803833,9.633000373840332,9.680000305175781,9.680000305175781,4600
2021-09-13,9.65999984741211,9.680000305175781,9.649999618530273,9.670000076293945,9.670000076293945,2700
2021-09-14,9.65999984741211,9.699999809265137,9.640000343322754,9.699999809265137,9.699999809265137,21000
2021-09-15,9.699999809265137,9.720000267028809,9.670000076293945,9.720000267028809,9.720000267028809,11900
2021-09-16,9.699999809265137,9.699999809265137,9.699999809265137,9.699999809265137,9.699999809265137,300
2021-09-17,9.699999809265137,9.699999809265137,9.699999809265137,9.699999809265137,9.699999809265137,0
2021-09-20,9.670000076293945,9.670000076293945,9.670000076293945,9.670000076293945,9.670000076293945,300
2021-09-21,9.670000076293945,9.6899995803833,9.670000076293945,9.6899995803833,9.6899995803833,1100
2021-09-22,9.699999809265137,9.699999809265137,9.6899995803833,9.6899995803833,9.6899995803833,600
2021-09-23,9.6899995803833,9.6899995803833,9.6899995803833,9.6899995803833,9.6899995803833,0
2021-09-24,9.694999694824219,9.710000038146973,9.694999694824219,9.710000038146973,9.710000038146973,3000
2021-09-27,9.710000038146973,9.710000038146973,9.710000038146973,9.710000038146973,9.710000038146973,0
2021-09-28,9.710000038146973,9.710000038146973,9.710000038146973,9.710000038146973,9.710000038146973,0
2021-09-29,9.710000038146973,9.739999771118164,9.710000038146973,9.739999771118164,9.739999771118164,18200
2021-09-30,9.699999809265137,9.78499984741211,9.699999809265137,9.770000457763672,9.770000457763672,12200
2021-10-01,9.770000457763672,9.819999694824219,9.75,9.779999732971191,9.779999732971191,4800
2021-10-04,9.75,9.789999961853027,9.720000267028809,9.779999732971191,9.779999732971191,3500
2021-10-05,9.779999732971191,9.779999732971191,9.779999732971191,9.779999732971191,9.779999732971191,0
2021-10-06,9.779999732971191,9.779999732971191,9.779999732971191,9.779999732971191,9.779999732971191,0
2021-10-07,9.760000228881836,9.789999961853027,9.760000228881836,9.779999732971191,9.779999732971191,1500
2021-10-08,9.779999732971191,9.779999732971191,9.779999732971191,9.779999732971191,9.779999732971191,0
2021-10-11,9.779999732971191,9.779999732971191,9.779999732971191,9.779999732971191,9.779999732971191,0
2021-10-12,9.710000038146973,9.760000228881836,9.710000038146973,9.75,9.75,15300
2021-10-13,9.729999542236328,9.75,9.729999542236328,9.75,9.75,1700
2021-10-14,9.739999771118164,9.739999771118164,9.739999771118164,9.739999771118164,9.739999771118164,200400
2021-10-15,9.720000267028809,9.75,9.720000267028809,9.75,9.75,1500
2021-10-18,9.710000038146973,9.75,9.710000038146973,9.75,9.75,2300
2021-10-19,9.75,9.75,9.75,9.75,9.75,0
2021-10-20,9.75,9.75,9.75,9.75,9.75,0
2021-10-21,9.720000267028809,9.75,9.720000267028809,9.75,9.75,1200
2021-10-22,9.75,9.75,9.720000267028809,9.720000267028809,9.720000267028809,200
2021-10-25,9.75,9.770000457763672,9.734999656677246,9.770000457763672,9.770000457763672,32300
2021-10-26,9.755000114440918,9.770000457763672,9.755000114440918,9.770000457763672,9.770000457763672,2600
2021-10-27,9.720000267028809,9.75,9.720000267028809,9.75,9.75,1500
2021-10-28,9.75,9.75,9.75,9.75,9.75,0
2021-10-29,9.739999771118164,9.770000457763672,9.739999771118164,9.770000457763672,9.770000457763672,51600
2021-11-01,9.744999885559082,9.770000457763672,9.729999542236328,9.770000457763672,9.770000457763672,9800
2021-11-02,9.751999855041504,9.770000457763672,9.75,9.770000457763672,9.770000457763672,13300
2021-11-03,9.779999732971191,9.779999732971191,9.75,9.75,9.75,3800
2021-11-04,9.739999771118164,9.779999732971191,9.739999771118164,9.739999771118164,9.739999771118164,64500
2021-11-05,9.75,9.779999732971191,9.75,9.779999732971191,9.779999732971191,30800
2021-11-08,9.751999855041504,9.779999732971191,9.729999542236328,9.760000228881836,9.760000228881836,15700
2021-11-09,9.770000457763672,9.770000457763672,9.75,9.770000457763672,9.770000457763672,2200
2021-11-10,9.746000289916992,9.746000289916992,9.729999542236328,9.729999542236328,9.729999542236328,1200
2021-11-11,9.720000267028809,9.720000267028809,9.720000267028809,9.720000267028809,9.720000267028809,200
2021-11-12,9.75,9.75,9.75,9.75,9.75,500
2021-11-15,9.760000228881836,9.770000457763672,9.75,9.75,9.75,89700
2021-11-16,9.739999771118164,9.760000228881836,9.739999771118164,9.760000228881836,9.760000228881836,8800
2021-11-17,9.75,9.760000228881836,9.75,9.760000228881836,9.760000228881836,1700
2021-11-18,9.75,9.75,9.744999885559082,9.744999885559082,9.744999885559082,2800
2021-11-19,9.75,9.779999732971191,9.75,9.770000457763672,9.770000457763672,142100
2021-11-22,9.729999542236328,9.760000228881836,9.729999542236328,9.75,9.75,404600
2021-11-23,9.760000228881836,9.789999961853027,9.739999771118164,9.770000457763672,9.770000457763672,25500
2021-11-24,9.770000457763672,9.770000457763672,9.770000457763672,9.770000457763672,9.770000457763672,0
2021-11-26,9.779999732971191,9.779999732971191,9.779999732971191,9.779999732971191,9.779999732971191,400
2021-11-29,9.770000457763672,9.779999732971191,9.770000457763672,9.779999732971191,9.779999732971191,700
2021-11-30,9.789999961853027,9.800000190734863,9.739999771118164,9.770000457763672,9.770000457763672,19600
2021-12-01,9.741000175476074,9.800000190734863,9.739999771118164,9.800000190734863,9.800000190734863,33200
2021-12-02,9.739999771118164,9.789999961853027,9.729999542236328,9.789999961853027,9.789999961853027,19900
2021-12-03,9.755000114440918,9.779999732971191,9.729999542236328,9.770000457763672,9.770000457763672,4300
2021-12-06,9.779000282287598,9.779000282287598,9.779000282287598,9.779000282287598,9.779000282287598,200
2021-12-07,9.75,9.800000190734863,9.739999771118164,9.800000190734863,9.800000190734863,6500
2021-12-08,9.789999961853027,9.8100004196167,9.789999961853027,9.8100004196167,9.8100004196167,8500
2021-12-09,9.75,9.819999694824219,9.75,9.819999694824219,9.819999694824219,2400
2021-12-10,9.75,9.760000228881836,9.720000267028809,9.75,9.75,23900
2021-12-13,9.75,9.760000228881836,9.75,9.760000228881836,9.760000228881836,1200
2021-12-14,9.75,9.75,9.739999771118164,9.739999771118164,9.739999771118164,736600
2021-12-15,9.711999893188477,9.75,9.710000038146973,9.739999771118164,9.739999771118164,2300
2021-12-16,9.739999771118164,9.739999771118164,9.739999771118164,9.739999771118164,9.739999771118164,0
2021-12-17,9.70199966430664,9.710000038146973,9.70199966430664,9.710000038146973,9.710000038146973,700
2021-12-20,9.710000038146973,9.710000038146973,9.710000038146973,9.710000038146973,9.710000038146973,200
2021-12-21,9.729999542236328,9.729999542236328,9.729999542236328,9.729999542236328,9.729999542236328,300
2021-12-22,9.699999809265137,9.720000267028809,9.699999809265137,9.720000267028809,9.720000267028809,8500
2021-12-23,9.720000267028809,9.720000267028809,9.720000267028809,9.720000267028809,9.720000267028809,0
2021-12-27,9.720000267028809,9.720000267028809,9.720000267028809,9.720000267028809,9.720000267028809,0
2021-12-28,9.6899995803833,9.729999542236328,9.6899995803833,9.720000267028809,9.720000267028809,4100
2021-12-29,9.6899995803833,9.720000267028809,9.6899995803833,9.720000267028809,9.720000267028809,5400
2021-12-30,9.6899995803833,9.729999542236328,9.6899995803833,9.729999542236328,9.729999542236328,5200
2021-12-31,9.699999809265137,9.729999542236328,9.6899995803833,9.729999542236328,9.729999542236328,9700
2022-01-03,9.739999771118164,9.739999771118164,9.720000267028809,9.739999771118164,9.739999771118164,61400
2022-01-04,9.729999542236328,9.739999771118164,9.720000267028809,9.739999771118164,9.739999771118164,46900
2022-01-05,9.75,9.779999732971191,9.720000267028809,9.760000228881836,9.760000228881836,18000
2022-01-06,9.75,9.779999732971191,9.739999771118164,9.770000457763672,9.770000457763672,86300
2022-01-07,9.755000114440918,9.770000457763672,9.755000114440918,9.770000457763672,9.770000457763672,3100
2022-01-10,9.770000457763672,9.770000457763672,9.770000457763672,9.770000457763672,9.770000457763672,0
2022-01-11,9.75,9.770000457763672,9.75,9.770000457763672,9.770000457763672,900
2022-01-12,9.770000457763672,9.770000457763672,9.770000457763672,9.770000457763672,9.770000457763672,0
2022-01-13,9.770000457763672,9.770000457763672,9.770000457763672,9.770000457763672,9.770000457763672,0
2022-01-14,9.720000267028809,9.720000267028809,9.720000267028809,9.720000267028809,9.720000267028809,200
2022-01-18,9.720000267028809,9.720000267028809,9.710000038146973,9.710000038146973,9.710000038146973,6000
2022-01-19,9.729999542236328,9.729999542236328,9.720000267028809,9.720000267028809,9.720000267028809,1100
2022-01-20,9.720000267028809,9.720000267028809,9.720000267028809,9.720000267028809,9.720000267028809,0
2022-01-21,9.710000038146973,9.720000267028809,9.680000305175781,9.720000267028809,9.720000267028809,1100
2022-01-24,9.720000267028809,9.720000267028809,9.720000267028809,9.720000267028809,9.720000267028809,0
2022-01-25,9.6899995803833,9.6899995803833,9.6899995803833,9.6899995803833,9.6899995803833,100
2022-01-26,9.6899995803833,9.6899995803833,9.6899995803833,9.6899995803833,9.6899995803833,0
2022-01-27,9.680000305175781,9.699999809265137,9.680000305175781,9.680000305175781,9.680000305175781,685500
2022-01-28,9.670000076293945,9.6899995803833,9.670000076293945,9.6899995803833,9.6899995803833,4200
2022-01-31,9.6850004196167,9.6850004196167,9.6850004196167,9.6850004196167,9.6850004196167,700
2022-02-01,9.710000038146973,9.739999771118164,9.6899995803833,9.739999771118164,9.739999771118164,41600
2022-02-02,9.739999771118164,9.739999771118164,9.739999771118164,9.739999771118164,9.739999771118164,0
2022-02-03,9.699999809265137,9.729999542236328,9.699999809265137,9.729999542236328,9.729999542236328,800
2022-02-04,9.710000038146973,9.729999542236328,9.710000038146973,9.729999542236328,9.729999542236328,900
2022-02-07,9.729999542236328,9.729999542236328,9.729999542236328,9.729999542236328,9.729999542236328,5500
2022-02-08,9.710000038146973,9.710000038146973,9.710000038146973,9.710000038146973,9.710000038146973,200
2022-02-09,9.729999542236328,9.729999542236328,9.699999809265137,9.710000038146973,9.710000038146973,28100
2022-02-10,9.710000038146973,9.710000038146973,9.710000038146973,9.710000038146973,9.710000038146973,1000
2022-02-11,9.699999809265137,9.699999809265137,9.699999809265137,9.699999809265137,9.699999809265137,100
2022-02-14,9.699999809265137,9.699999809265137,9.699999809265137,9.699999809265137,9.699999809265137,0
2022-02-15,9.729999542236328,9.729999542236328,9.729999542236328,9.729999542236328,9.729999542236328,200
2022-02-16,9.710000038146973,9.720000267028809,9.710000038146973,9.720000267028809,9.720000267028809,600
2022-02-17,9.720000267028809,9.720000267028809,9.720000267028809,9.720000267028809,9.720000267028809,0
2022-02-18,9.71500015258789,9.71500015258789,9.710000038146973,9.710000038146973,9.710000038146973,9200
2022-02-22,9.710000038146973,9.710000038146973,9.710000038146973,9.710000038146973,9.710000038146973,0
2022-02-23,9.710000038146973,9.710000038146973,9.710000038146973,9.710000038146973,9.710000038146973,0
2022-02-24,9.710000038146973,9.710000038146973,9.710000038146973,9.710000038146973,9.710000038146973,0
2022-02-25,9.710000038146973,9.71500015258789,9.710000038146973,9.71500015258789,9.71500015258789,3100
2022-02-28,9.710000038146973,9.710000038146973,9.699999809265137,9.708000183105469,9.708000183105469,14800
2022-03-01,9.720000267028809,9.729999542236328,9.71500015258789,9.720000267028809,9.720000267028809,94800
2022-03-02,9.729999542236328,9.729999542236328,9.72599983215332,9.72599983215332,9.72599983215332,5900
2022-03-03,9.739999771118164,9.739999771118164,9.729999542236328,9.729999542236328,9.729999542236328,37000
2022-03-04,9.729999542236328,9.739999771118164,9.729999542236328,9.739999771118164,9.739999771118164,7700
2022-03-07,9.739999771118164,9.739999771118164,9.739999771118164,9.739999771118164,9.739999771118164,200400
2022-03-08,9.739999771118164,9.739999771118164,9.725000381469727,9.725000381469727,9.725000381469727,88400
2022-03-09,9.720000267028809,9.720000267028809,9.720000267028809,9.720000267028809,9.720000267028809,2200
2022-03-10,9.729999542236328,9.729999542236328,9.720000267028809,9.729999542236328,9.729999542236328,26200
2022-03-11,9.75,9.75,9.729999542236328,9.729999542236328,9.729999542236328,2100
2022-03-14,9.729999542236328,9.729999542236328,9.729999542236328,9.729999542236328,9.729999542236328,57800
2022-03-15,9.729999542236328,9.729999542236328,9.729999542236328,9.729999542236328,9.729999542236328,8700
2022-03-16,9.744999885559082,9.75,9.744999885559082,9.75,9.75,200
2022-03-17,9.75,9.75,9.75,9.75,9.75,0
2022-03-18,9.75,9.75,9.75,9.75,9.75,0
2022-03-21,9.739999771118164,9.739999771118164,9.720000267028809,9.729999542236328,9.729999542236328,37000
2022-03-22,9.729999542236328,9.729999542236328,9.720000267028809,9.720000267028809,9.720000267028809,28400
2022-03-23,9.720000267028809,9.720000267028809,9.720000267028809,9.720000267028809,9.720000267028809,0
2022-03-24,9.739999771118164,9.75,9.739999771118164,9.75,9.75,4900
2022-03-25,9.75,9.75,9.75,9.75,9.75,8500
2022-03-28,9.75,9.760000228881836,9.739999771118164,9.75,9.75,32300
2022-03-29,9.760000228881836,9.770000457763672,9.729999542236328,9.770000457763672,9.770000457763672,2430000
2022-03-30,9.770000457763672,9.770000457763672,9.770000457763672,9.770000457763672,9.770000457763672,350100
2022-03-31,9.770000457763672,9.84000015258789,9.760000228881836,9.800000190734863,9.800000190734863,2008200
2022-04-01,9.800000190734863,9.800000190734863,9.800000190734863,9.800000190734863,9.800000190734863,1000
2022-04-04,9.779999732971191,9.779999732971191,9.779999732971191,9.779999732971191,9.779999732971191,3300
2022-04-05,9.789999961853027,9.789999961853027,9.779999732971191,9.779999732971191,9.779999732971191,4200
2022-04-06,9.779999732971191,9.789999961853027,9.779999732971191,9.779999732971191,9.779999732971191,108800
2022-04-07,9.789999961853027,9.789999961853027,9.789999961853027,9.789999961853027,9.789999961853027,1300
2022-04-08,9.789999961853027,9.800000190734863,9.789999961853027,9.789999961853027,9.789999961853027,1900
2022-04-11,9.800000190734863,9.800000190734863,9.800000190734863,9.800000190734863,9.800000190734863,10700
2022-04-12,9.800000190734863,9.800000190734863,9.800000190734863,9.800000190734863,9.800000190734863,200
2022-04-13,9.800000190734863,9.800000190734863,9.779999732971191,9.789999961853027,9.789999961853027,10600
2022-04-14,9.800000190734863,9.800000190734863,9.800000190734863,9.800000190734863,9.800000190734863,1900
2022-04-18,9.800000190734863,9.800000190734863,9.800000190734863,9.800000190734863,9.800000190734863,26900
2022-04-19,9.8100004196167,10.300000190734863,9.8100004196167,9.8100004196167,9.8100004196167,26500
2022-04-20,9.805000305175781,9.8100004196167,9.789999961853027,9.789999961853027,9.789999961853027,84100
2022-04-21,9.789999961853027,9.789999961853027,9.789999961853027,9.789999961853027,9.789999961853027,0
2022-04-22,9.789999961853027,9.789999961853027,9.789999961853027,9.789999961853027,9.789999961853027,0
2022-04-25,9.805000305175781,9.805000305175781,9.805000305175781,9.805000305175781,9.805000305175781,36400
2022-04-26,9.800000190734863,9.800000190734863,9.800000190734863,9.800000190734863,9.800000190734863,57700
2022-04-27,9.800000190734863,9.800000190734863,9.800000190734863,9.800000190734863,9.800000190734863,100
2022-04-28,9.800000190734863,9.800000190734863,9.800000190734863,9.800000190734863,9.800000190734863,500
2022-04-29,9.805000305175781,9.805000305175781,9.789999961853027,9.789999961853027,9.789999961853027,10600
2022-05-02,9.789999961853027,9.789999961853027,9.789999961853027,9.789999961853027,9.789999961853027,21200
2022-05-03,9.795000076293945,9.800000190734863,9.795000076293945,9.800000190734863,9.800000190734863,155900
2022-05-04,9.789999961853027,9.800000190734863,9.789999961853027,9.789999961853027,9.789999961853027,56100
2022-05-05,9.789999961853027,9.789999961853027,9.789999961853027,9.789999961853027,9.789999961853027,0
2022-05-06,9.8100004196167,9.8100004196167,9.800000190734863,9.800000190734863,9.800000190734863,174900
2022-05-09,9.8100004196167,9.8100004196167,9.779999732971191,9.789999961853027,9.789999961853027,174900
2022-05-10,9.795000076293945,9.8100004196167,9.760000228881836,9.770000457763672,9.770000457763672,50000
2022-05-11,9.770000457763672,9.800000190734863,9.760000228881836,9.779999732971191,9.779999732971191,233300
2022-05-12,9.760000228881836,9.760000228881836,9.760000228881836,9.760000228881836,9.760000228881836,1400
2022-05-13,9.760000228881836,9.789999961853027,9.760000228881836,9.760000228881836,9.760000228881836,88500
2022-05-16,9.760000228881836,9.760000228881836,9.760000228881836,9.760000228881836,9.760000228881836,0
2022-05-17,9.763999938964844,9.763999938964844,9.760000228881836,9.760000228881836,9.760000228881836,2500
2022-05-18,9.760000228881836,9.760000228881836,9.760000228881836,9.760000228881836,9.760000228881836,0
2022-05-19,9.760000228881836,9.760000228881836,9.760000228881836,9.760000228881836,9.760000228881836,0
2022-05-20,9.760000228881836,9.760000228881836,9.760000228881836,9.760000228881836,9.760000228881836,0
2022-05-23,9.760000228881836,9.760000228881836,9.760000228881836,9.760000228881836,9.760000228881836,4100
2022-05-24,9.78499984741211,9.78499984741211,9.779999732971191,9.779999732971191,9.779999732971191,900
2022-05-25,9.779999732971191,9.779999732971191,9.779999732971191,9.779999732971191,9.779999732971191,0
2022-05-26,9.800000190734863,9.800000190734863,9.800000190734863,9.800000190734863,9.800000190734863,203400
2022-05-27,9.800000190734863,9.800000190734863,9.800000190734863,9.800000190734863,9.800000190734863,0
2022-05-31,9.779999732971191,9.779999732971191,9.779999732971191,9.779999732971191,9.779999732971191,15000
2022-06-01,9.760000228881836,9.800000190734863,9.760000228881836,9.800000190734863,9.800000190734863,900
2022-06-02,9.760000228881836,9.779999732971191,9.760000228881836,9.779999732971191,9.779999732971191,900
2022-06-03,9.779999732971191,9.779999732971191,9.779999732971191,9.779999732971191,9.779999732971191,0
2022-06-06,9.779999732971191,9.779999732971191,9.779999732971191,9.779999732971191,9.779999732971191,0
2022-06-07,9.779999732971191,9.779999732971191,9.779999732971191,9.779999732971191,9.779999732971191,89100
2022-06-08,9.779999732971191,9.779999732971191,9.779999732971191,9.779999732971191,9.779999732971191,0
2022-06-09,9.779999732971191,9.779999732971191,9.779999732971191,9.779999732971191,9.779999732971191,0
2022-06-10,9.779999732971191,9.779999732971191,9.779999732971191,9.779999732971191,9.779999732971191,0
2022-06-13,9.779999732971191,9.779999732971191,9.779999732971191,9.779999732971191,9.779999732971191,0
2022-06-14,9.800000190734863,9.800000190734863,9.779999732971191,9.789999961853027,9.789999961853027,15800
2022-06-15,9.779999732971191,9.779999732971191,9.779999732971191,9.779999732971191,9.779999732971191,28000
2022-06-16,9.789999961853027,9.800000190734863,9.789999961853027,9.789999961853027,9.789999961853027,7000
2022-06-17,9.789999961853027,9.789999961853027,9.789999961853027,9.789999961853027,9.789999961853027,0
2022-06-21,9.789999961853027,9.800000190734863,9.779999732971191,9.800000190734863,9.800000190734863,1016200
2022-06-22,9.800000190734863,9.800000190734863,9.800000190734863,9.800000190734863,9.800000190734863,0
2022-06-23,9.770000457763672,9.800000190734863,9.770000457763672,9.800000190734863,9.800000190734863,1000
2022-06-24,9.800000190734863,9.800000190734863,9.800000190734863,9.800000190734863,9.800000190734863,0
2022-06-27,9.800000190734863,9.800000190734863,9.779999732971191,9.789999961853027,9.789999961853027,600
2022-06-28,9.779999732971191,9.800000190734863,9.779999732971191,9.779999732971191,9.779999732971191,700
2022-06-29,9.779999732971191,9.800000190734863,9.779999732971191,9.800000190734863,9.800000190734863,74800
2022-06-30,9.800000190734863,9.8100004196167,9.779999732971191,9.800000190734863,9.800000190734863,19700
2022-07-01,9.789999961853027,9.800000190734863,9.789999961853027,9.800000190734863,9.800000190734863,3900
2022-07-05,9.78499984741211,9.78499984741211,9.78499984741211,9.78499984741211,9.78499984741211,1000
2022-07-06,9.800000190734863,9.8100004196167,9.800000190734863,9.800000190734863,9.800000190734863,71800
2022-07-07,9.800000190734863,9.800000190734863,9.800000190734863,9.800000190734863,9.800000190734863,800
2022-07-08,9.800000190734863,9.800000190734863,9.800000190734863,9.800000190734863,9.800000190734863,0
2022-07-11,9.800000190734863,9.800000190734863,9.800000190734863,9.800000190734863,9.800000190734863,100
2022-07-12,9.800000190734863,9.800000190734863,9.800000190734863,9.800000190734863,9.800000190734863,370000
2022-07-13,9.800000190734863,9.800000190734863,9.779999732971191,9.789999961853027,9.789999961853027,6800
2022-07-14,9.789999961853027,9.789999961853027,9.789999961853027,9.789999961853027,9.789999961853027,0
2022-07-15,9.819999694824219,9.819999694824219,9.789999961853027,9.819999694824219,9.819999694824219,39900
2022-07-18,9.84000015258789,9.84000015258789,9.84000015258789,9.84000015258789,9.84000015258789,200
2022-07-19,9.819999694824219,9.819999694824219,9.8100004196167,9.8100004196167,9.8100004196167,500
2022-07-20,9.8100004196167,9.8100004196167,9.8100004196167,9.8100004196167,9.8100004196167,150000
2022-07-21,9.8100004196167,9.8100004196167,9.8100004196167,9.8100004196167,9.8100004196167,0
2022-07-22,9.8100004196167,9.8100004196167,9.8100004196167,9.8100004196167,9.8100004196167,100
2022-07-25,9.829999923706055,9.829999923706055,9.829999923706055,9.829999923706055,9.829999923706055,100
2022-07-26,9.850000381469727,9.890000343322754,9.835000038146973,9.859999656677246,9.859999656677246,153700
2022-07-27,9.829999923706055,9.880000114440918,9.829999923706055,9.854999542236328,9.854999542236328,78300
2022-07-28,9.859999656677246,9.859999656677246,9.850000381469727,9.850000381469727,9.850000381469727,2600
2022-07-29,9.869999885559082,9.869999885559082,9.819999694824219,9.829999923706055,9.829999923706055,14800
2022-08-01,9.829999923706055,9.845000267028809,9.829999923706055,9.84000015258789,9.84000015258789,205300
2022-08-02,9.829999923706055,9.829999923706055,9.829999923706055,9.829999923706055,9.829999923706055,65700
2022-08-03,9.829999923706055,9.829999923706055,9.829999923706055,9.829999923706055,9.829999923706055,0
2022-08-04,9.829999923706055,9.84000015258789,9.829999923706055,9.829999923706055,9.829999923706055,4300
2022-08-05,9.829999923706055,9.84000015258789,9.829999923706055,9.84000015258789,9.84000015258789,700
2022-08-08,9.829999923706055,9.84000015258789,9.829999923706055,9.84000015258789,9.84000015258789,3100
2022-08-09,9.84000015258789,9.84000015258789,9.84000015258789,9.84000015258789,9.84000015258789,20100
2022-08-10,9.829999923706055,9.84000015258789,9.829999923706055,9.84000015258789,9.84000015258789,18300
2022-08-11,9.829999923706055,9.84000015258789,9.829999923706055,9.835000038146973,9.835000038146973,17200
2022-08-12,9.84000015258789,9.854999542236328,9.84000015258789,9.850000381469727,9.850000381469727,208500
2022-08-15,9.845000267028809,9.859999656677246,9.84000015258789,9.850000381469727,9.850000381469727,29200
2022-08-16,9.850000381469727,9.854999542236328,9.850000381469727,9.854999542236328,9.854999542236328,4300
2022-08-17,9.869999885559082,9.869999885559082,9.850000381469727,9.850000381469727,9.850000381469727,3700
2022-08-18,9.850000381469727,9.850000381469727,9.850000381469727,9.850000381469727,9.850000381469727,5900
2022-08-19,9.859999656677246,9.859999656677246,9.850000381469727,9.854999542236328,9.854999542236328,38900
2022-08-22,9.859999656677246,9.859999656677246,9.85099983215332,9.859999656677246,9.859999656677246,3800
2022-08-23,9.850000381469727,9.869999885559082,9.84000015258789,9.869999885559082,9.869999885559082,54900
2022-08-24,9.84000015258789,9.850000381469727,9.84000015258789,9.84000015258789,9.84000015258789,1000
2022-08-25,9.859999656677246,9.859999656677246,9.850000381469727,9.850000381469727,9.850000381469727,900
2022-08-26,9.850000381469727,9.880000114440918,9.850000381469727,9.880000114440918,9.880000114440918,286700
2022-08-29,9.869999885559082,9.880000114440918,9.869999885559082,9.880000114440918,9.880000114440918,6900
2022-08-30,9.930000305175781,9.930000305175781,9.859999656677246,9.859999656677246,9.859999656677246,1200
2022-08-31,9.864999771118164,9.899999618530273,9.864999771118164,9.890000343322754,9.890000343322754,19100
2022-09-01,9.890000343322754,9.890000343322754,9.869999885559082,9.890000343322754,9.890000343322754,4600
2022-09-02,9.869999885559082,9.899999618530273,9.869999885559082,9.880000114440918,9.880000114440918,13900
2022-09-06,9.880000114440918,9.899999618530273,9.869999885559082,9.899999618530273,9.899999618530273,53800
2022-09-07,9.895000457763672,9.895000457763672,9.869999885559082,9.880000114440918,9.880000114440918,200800
2022-09-08,9.880000114440918,9.920000076293945,9.880000114440918,9.895000457763672,9.895000457763672,29500
2022-09-09,9.880000114440918,9.899999618530273,9.880000114440918,9.899999618530273,9.899999618530273,18200
2022-09-12,9.899999618530273,9.899999618530273,9.880000114440918,9.880000114440918,9.880000114440918,28400
2022-09-13,9.880000114440918,9.890000343322754,9.880000114440918,9.880000114440918,9.880000114440918,166500
2022-09-14,9.880000114440918,9.890000343322754,9.880000114440918,9.880000114440918,9.880000114440918,51600
2022-09-15,9.880000114440918,9.890000343322754,9.880000114440918,9.880000114440918,9.880000114440918,6000
2022-09-16,9.880000114440918,9.885000228881836,9.880000114440918,9.885000228881836,9.885000228881836,62900
2022-09-19,9.880000114440918,9.890000343322754,9.880000114440918,9.880000114440918,9.880000114440918,16500
2022-09-20,9.890000343322754,9.890000343322754,9.880000114440918,9.890000343322754,9.890000343322754,2000
2022-09-21,9.890000343322754,9.890000343322754,9.890000343322754,9.890000343322754,9.890000343322754,529700
2022-09-22,9.890000343322754,9.899999618530273,9.890000343322754,9.890000343322754,9.890000343322754,19900
2022-09-23,9.890000343322754,9.899999618530273,9.890000343322754,9.899999618530273,9.899999618530273,1300
2022-09-26,9.890000343322754,9.899999618530273,9.885000228881836,9.890000343322754,9.890000343322754,626700
2022-09-27,9.890000343322754,9.895000457763672,9.890000343322754,9.895000457763672,9.895000457763672,18300
2022-09-28,9.890000343322754,9.899999618530273,9.890000343322754,9.890000343322754,9.890000343322754,2200
2022-09-29,9.890000343322754,9.899999618530273,9.890000343322754,9.890000343322754,9.890000343322754,36800
2022-09-30,9.890000343322754,9.890000343322754,9.890000343322754,9.890000343322754,9.890000343322754,77100
2022-10-03,9.890000343322754,9.895000457763672,9.890000343322754,9.890000343322754,9.890000343322754,2300
2022-10-04,9.899999618530273,9.90999984741211,9.899999618530273,9.899999618530273,9.899999618530273,276400
2022-10-05,9.899999618530273,9.899999618530273,9.899999618530273,9.899999618530273,9.899999618530273,50000
2022-10-06,9.899999618530273,9.899999618530273,9.899999618530273,9.899999618530273,9.899999618530273,1100
2022-10-07,9.904999732971191,9.904999732971191,9.899999618530273,9.899999618530273,9.899999618530273,11300
2022-10-10,9.949999809265137,9.989999771118164,9.920000076293945,9.9399995803833,9.9399995803833,24800
2022-10-11,9.930000305175781,9.930000305175781,9.925000190734863,9.930000305175781,9.930000305175781,6700
2022-10-12,9.920000076293945,9.930000305175781,9.920000076293945,9.930000305175781,9.930000305175781,24700
2022-10-13,9.930000305175781,9.930000305175781,9.90999984741211,9.920000076293945,9.920000076293945,12900
2022-10-14,9.920000076293945,9.925000190734863,9.920000076293945,9.925000190734863,9.925000190734863,600
2022-10-17,9.920000076293945,9.920000076293945,9.920000076293945,9.920000076293945,9.920000076293945,1600
2022-10-18,9.930000305175781,9.930000305175781,9.920000076293945,9.930000305175781,9.930000305175781,26100
2022-10-19,9.930000305175781,9.9399995803833,9.930000305175781,9.930000305175781,9.930000305175781,41300
2022-10-20,9.9350004196167,9.9350004196167,9.9350004196167,9.9350004196167,9.9350004196167,100
2022-10-21,9.930000305175781,9.930000305175781,9.930000305175781,9.930000305175781,9.930000305175781,2100
2022-10-24,9.930000305175781,9.930000305175781,9.930000305175781,9.930000305175781,9.930000305175781,3100
2022-10-25,9.9350004196167,9.949999809265137,9.930000305175781,9.9350004196167,9.9350004196167,209400
2022-10-26,9.9399995803833,9.949999809265137,9.9399995803833,9.9399995803833,9.9399995803833,54700
2022-10-27,9.9399995803833,9.954999923706055,9.9399995803833,9.949999809265137,9.949999809265137,21900
2022-10-28,9.949999809265137,9.954999923706055,9.949999809265137,9.949999809265137,9.949999809265137,281400
2022-10-31,9.970000267028809,9.97700023651123,9.954999923706055,9.97700023651123,9.97700023651123,6900
2022-11-01,9.97700023651123,9.97700023651123,9.97700023651123,9.97700023651123,9.97700023651123,0
2022-11-02,9.984999656677246,9.984999656677246,9.970000267028809,9.970000267028809,9.970000267028809,15800
2022-11-03,9.970000267028809,9.975000381469727,9.970000267028809,9.975000381469727,9.975000381469727,4400
2022-11-04,9.970000267028809,9.970000267028809,9.970000267028809,9.970000267028809,9.970000267028809,500
2022-11-07,9.970000267028809,9.989999771118164,9.949999809265137,9.960000038146973,9.960000038146973,341800
2022-11-08,9.96399974822998,9.975000381469727,9.960000038146973,9.960000038146973,9.960000038146973,2600
2022-11-09,9.960000038146973,9.975000381469727,9.960000038146973,9.975000381469727,9.975000381469727,275600
2022-11-10,9.972999572753906,9.989999771118164,9.972999572753906,9.989999771118164,9.989999771118164,15500
2022-11-11,9.960000038146973,9.960000038146973,9.932000160217285,9.949999809265137,9.949999809265137,1600
2022-11-14,9.949999809265137,9.949999809265137,9.949999809265137,9.949999809265137,9.949999809265137,1500
2022-11-15,9.949999809265137,9.949999809265137,9.949999809265137,9.949999809265137,9.949999809265137,700
2022-11-16,9.970000267028809,9.970000267028809,9.970000267028809,9.970000267028809,9.970000267028809,1100
2022-11-17,9.989999771118164,9.989999771118164,9.970000267028809,9.979999542236328,9.979999542236328,1600
2022-11-18,9.975000381469727,9.979999542236328,9.970000267028809,9.979999542236328,9.979999542236328,32300
2022-11-21,9.984999656677246,9.994999885559082,9.979999542236328,9.989999771118164,9.989999771118164,74400
2022-11-22,10.0,10.008999824523926,9.989999771118164,10.0,10.0,92900
2022-11-23,10.005000114440918,10.010000228881836,10.0,10.010000228881836,10.010000228881836,23900
2022-11-25,10.0,10.0,10.0,10.0,10.0,100
2022-11-28,10.0,10.005000114440918,10.0,10.0,10.0,144200
2022-11-29,10.010000228881836,10.039999961853027,10.0,10.010000228881836,10.010000228881836,1489200
2022-11-30,10.017000198364258,10.020000457763672,10.010000228881836,10.020000457763672,10.020000457763672,2000
2022-12-01,10.020000457763672,10.03499984741211,10.020000457763672,10.029999732971191,10.029999732971191,7500
2022-12-02,10.029999732971191,10.039999961853027,10.020000457763672,10.039999961853027,10.039999961853027,326200
2022-12-05,10.029999732971191,10.039999961853027,10.029999732971191,10.029999732971191,10.029999732971191,147800
2022-12-06,10.029999732971191,10.029999732971191,10.029999732971191,10.029999732971191,10.029999732971191,0
2022-12-07,10.038999557495117,10.038999557495117,10.029999732971191,10.029999732971191,10.029999732971191,1900
2022-12-08,10.029999732971191,10.029999732971191,10.029999732971191,10.029999732971191,10.029999732971191,2100
2022-12-09,10.029999732971191,10.029999732971191,10.029999732971191,10.029999732971191,10.029999732971191,1900
2022-12-12,10.050000190734863,10.050000190734863,10.039999961853027,10.039999961853027,10.039999961853027,278500
2022-12-13,10.069999694824219,10.079999923706055,10.050000190734863,10.0649995803833,10.0649995803833,137400
2022-12-14,10.074999809265137,10.079999923706055,10.069999694824219,10.069999694824219,10.069999694824219,211400
2022-12-15,10.069999694824219,10.079999923706055,10.069999694824219,10.069999694824219,10.069999694824219,42600
2022-12-16,10.055000305175781,10.079999923706055,10.050000190734863,10.050000190734863,10.050000190734863,8800
2022-12-19,10.069999694824219,10.074999809265137,10.069999694824219,10.069999694824219,10.069999694824219,14200
2022-12-20,10.074999809265137,10.079999923706055,10.069999694824219,10.069999694824219,10.069999694824219,77600
2022-12-21,10.079999923706055,10.079999923706055,10.069999694824219,10.069999694824219,10.069999694824219,25900
2022-12-22,10.085000038146973,10.09000015258789,10.079999923706055,10.079999923706055,10.079999923706055,6700
2022-12-23,10.085000038146973,10.085000038146973,10.079999923706055,10.079999923706055,10.079999923706055,40600
2022-12-27,10.079999923706055,10.085000038146973,10.079999923706055,10.085000038146973,10.085000038146973,800
2022-12-28,10.079999923706055,10.093999862670898,10.069999694824219,10.09000015258789,10.09000015258789,13600
2022-12-29,10.09000015258789,10.100000381469727,10.09000015258789,10.09000015258789,10.09000015258789,400
2022-12-30,10.09000015258789,10.09000015258789,10.069999694824219,10.069999694824219,10.069999694824219,1100
2023-01-03,10.085000038146973,10.085000038146973,10.069999694824219,10.069999694824219,10.069999694824219,1100
2023-01-04,10.079999923706055,10.100000381469727,10.079999923706055,10.100000381469727,10.100000381469727,111000
2023-01-05,10.109999656677246,10.119999885559082,10.100000381469727,10.119999885559082,10.119999885559082,2032600
2023-01-06,10.109999656677246,10.119999885559082,10.109999656677246,10.114999771118164,10.114999771118164,132300
2023-01-09,10.109999656677246,10.119999885559082,10.109999656677246,10.109999656677246,10.109999656677246,8500
2023-01-10,10.119999885559082,10.140000343322754,10.119999885559082,10.130000114440918,10.130000114440918,1488400
2023-01-11,10.140000343322754,10.145000457763672,10.140000343322754,10.145000457763672,10.145000457763672,961800
2023-01-12,10.149999618530273,10.149999618530273,10.145000457763672,10.145000457763672,10.145000457763672,4200
2023-01-13,10.149999618530273,10.149999618530273,10.140000343322754,10.140000343322754,10.140000343322754,603400
2023-01-17,10.154999732971191,10.154999732971191,10.140000343322754,10.140000343322754,10.140000343322754,1802400
2023-01-18,10.149999618530273,10.149999618530273,10.149999618530273,10.149999618530273,10.149999618530273,9200
2023-01-19,10.149999618530273,10.149999618530273,10.149999618530273,10.149999618530273,10.149999618530273,563600
2023-01-20,10.149999618530273,10.154999732971191,10.140000343322754,10.140000343322754,10.140000343322754,155500
2023-01-23,10.140000343322754,10.140000343322754,10.140000343322754,10.140000343322754,10.140000343322754,100800
2023-01-24,10.149999618530273,10.704999923706055,10.140000343322754,10.149999618530273,10.149999618530273,309000
2023-01-25,10.140000343322754,10.15999984741211,10.140000343322754,10.149999618530273,10.149999618530273,3700
2023-01-26,10.140000343322754,10.140000343322754,10.140000343322754,10.140000343322754,10.140000343322754,18000
2023-01-27,10.152000427246094,10.154999732971191,10.149999618530273,10.149999618530273,10.149999618530273,49600
2023-01-30,10.154999732971191,10.154999732971191,10.154999732971191,10.154999732971191,10.154999732971191,500
2023-01-31,10.164999961853027,10.170000076293945,10.15999984741211,10.15999984741211,10.15999984741211,227800
2023-02-01,10.170000076293945,10.170000076293945,10.154999732971191,10.15999984741211,10.15999984741211,5300
2023-02-02,10.170000076293945,10.170000076293945,10.149999618530273,10.170000076293945,10.170000076293945,82900
2023-02-03,10.15999984741211,10.170000076293945,10.15999984741211,10.164999961853027,10.164999961853027,178200
2023-02-06,10.164999961853027,10.164999961853027,10.164999961853027,10.164999961853027,10.164999961853027,0
2023-02-07,10.15999984741211,10.170000076293945,10.15999984741211,10.15999984741211,10.15999984741211,305200
2023-02-08,10.180000305175781,10.180000305175781,10.15999984741211,10.170000076293945,10.170000076293945,32100
2023-02-09,10.170000076293945,10.170000076293945,10.170000076293945,10.170000076293945,10.170000076293945,0
2023-02-10,10.170000076293945,10.170000076293945,10.170000076293945,10.170000076293945,10.170000076293945,700
2023-02-13,10.170000076293945,10.170000076293945,10.15999984741211,10.170000076293945,10.170000076293945,491600
2023-02-14,10.170000076293945,10.170000076293945,10.164999961853027,10.170000076293945,10.170000076293945,771900
2023-02-15,10.170000076293945,10.180000305175781,10.170000076293945,10.180000305175781,10.180000305175781,45800
2023-02-16,10.170000076293945,10.170000076293945,10.170000076293945,10.170000076293945,10.170000076293945,15100
2023-02-17,10.170000076293945,10.170000076293945,10.170000076293945,10.170000076293945,10.170000076293945,4600
2023-02-21,10.170000076293945,10.180000305175781,10.170000076293945,10.170000076293945,10.170000076293945,108200
2023-02-22,10.175000190734863,10.180000305175781,10.15999984741211,10.175000190734863,10.175000190734863,72400
2023-02-23,10.180000305175781,10.180000305175781,10.164999961853027,10.170000076293945,10.170000076293945,138400
2023-02-24,10.180000305175781,10.180000305175781,10.15999984741211,10.180000305175781,10.180000305175781,193900
2023-02-27,10.164999961853027,10.180000305175781,10.164999961853027,10.180000305175781,10.180000305175781,1148300
2023-02-28,10.15999984741211,10.15999984741211,9.989999771118164,9.989999771118164,9.989999771118164,4000
2023-03-01,10.1899995803833,10.880000114440918,9.989999771118164,10.21500015258789,10.21500015258789,129800
2023-03-02,10.210000038146973,11.053000450134277,10.140000343322754,10.1899995803833,10.1899995803833,495900
2023-03-03,10.494999885559082,10.494999885559082,10.109999656677246,10.199999809265137,10.199999809265137,264400
2023-03-06,10.199999809265137,10.199999809265137,10.199999809265137,10.199999809265137,10.199999809265137,0
2023-03-07,10.034000396728516,10.180000305175781,10.034000396728516,10.119999885559082,10.119999885559082,1500
2023-03-08,10.109999656677246,10.109999656677246,10.039999961853027,10.050000190734863,10.050000190734863,2300
2023-03-09,10.100000381469727,10.119999885559082,10.0600004196167,10.0600004196167,10.0600004196167,8900
2023-03-10,10.050000190734863,10.130000114440918,10.050000190734863,10.130000114440918,10.130000114440918,1500
2023-03-13,10.095000267028809,10.140000343322754,10.09000015258789,10.104999542236328,10.104999542236328,23500
2023-03-14,10.104999542236328,10.104999542236328,10.104999542236328,10.104999542236328,10.104999542236328,0
2023-03-15,10.0600004196167,10.0600004196167,10.020000457763672,10.020000457763672,10.020000457763672,400
2023-03-16,10.119999885559082,10.170000076293945,10.109999656677246,10.109999656677246,10.109999656677246,7600
2023-03-17,10.0600004196167,10.0600004196167,10.0600004196167,10.0600004196167,10.0600004196167,300
2023-03-20,10.079999923706055,10.079999923706055,10.039999961853027,10.039999961853027,10.039999961853027,9800
2023-03-21,10.079999923706055,10.079999923706055,10.079999923706055,10.079999923706055,10.079999923706055,100
2023-03-22,10.079999923706055,10.079999923706055,10.079999923706055,10.079999923706055,10.079999923706055,300
2023-03-23,10.043000221252441,10.043000221252441,10.043000221252441,10.043000221252441,10.043000221252441,200
2023-03-24,10.043000221252441,10.043000221252441,10.043000221252441,10.043000221252441,10.043000221252441,0
2023-03-27,10.043000221252441,10.043000221252441,10.043000221252441,10.043000221252441,10.043000221252441,0
2023-03-28,10.043000221252441,10.043000221252441,10.043000221252441,10.043000221252441,10.043000221252441,0
2023-03-29,10.043000221252441,10.043000221252441,10.043000221252441,10.043000221252441,10.043000221252441,0
2023-03-30,10.043000221252441,10.043000221252441,10.043000221252441,10.043000221252441,10.043000221252441,0
2023-03-31,10.020000457763672,10.020000457763672,10.015000343322754,10.015000343322754,10.015000343322754,1700
2023-04-03,10.050000190734863,10.050000190734863,10.039999961853027,10.050000190734863,10.050000190734863,8300
2023-04-04,10.050000190734863,10.050000190734863,10.050000190734863,10.050000190734863,10.050000190734863,0
2023-04-05,10.100000381469727,10.100000381469727,10.069999694824219,10.09000015258789,10.09000015258789,84800
2023-04-06,10.119999885559082,10.119999885559082,10.119999885559082,10.119999885559082,10.119999885559082,100
2023-04-10,10.100000381469727,10.100000381469727,10.100000381469727,10.100000381469727,10.100000381469727,3400
2023-04-11,10.100000381469727,10.100000381469727,10.100000381469727,10.100000381469727,10.100000381469727,0
2023-04-12,10.100000381469727,10.100000381469727,10.100000381469727,10.100000381469727,10.100000381469727,200
2023-04-13,10.170000076293945,10.399999618530273,10.170000076293945,10.170000076293945,10.170000076293945,9500
2023-04-14,10.149999618530273,10.149999618530273,10.149999618530273,10.149999618530273,10.149999618530273,230900
2023-04-17,10.149999618530273,10.149999618530273,10.149999618530273,10.149999618530273,10.149999618530273,0
2023-04-18,10.149999618530273,10.149999618530273,10.149999618530273,10.149999618530273,10.149999618530273,0
2023-04-19,10.149999618530273,10.149999618530273,10.149999618530273,10.149999618530273,10.149999618530273,0
2023-04-20,10.180000305175781,10.180000305175781,10.180000305175781,10.180000305175781,10.180000305175781,1400
2023-04-21,10.300000190734863,10.380000114440918,10.300000190734863,10.300000190734863,10.300000190734863,1600
2023-04-24,10.300000190734863,10.300000190734863,10.300000190734863,10.300000190734863,10.300000190734863,0
2023-04-25,10.274999618530273,10.274999618530273,10.274999618530273,10.274999618530273,10.274999618530273,100
2023-04-26,10.23799991607666,10.25,10.149999618530273,10.199999809265137,10.199999809265137,2500
2023-04-27,10.321999549865723,11.1899995803833,10.170000076293945,10.210000038146973,10.210000038146973,3800
2023-04-28,10.229999542236328,10.229999542236328,10.15999984741211,10.15999984741211,10.15999984741211,2200
2023-05-01,10.15999984741211,10.15999984741211,10.15999984741211,10.15999984741211,10.15999984741211,0
2023-05-02,10.119999885559082,10.28499984741211,10.109999656677246,10.210000038146973,10.210000038146973,4300
2023-05-03,10.210000038146973,10.210000038146973,10.210000038146973,10.210000038146973,10.210000038146973,100
2023-05-04,10.210000038146973,10.210000038146973,10.210000038146973,10.210000038146973,10.210000038146973,0
2023-05-05,10.210000038146973,10.210000038146973,10.210000038146973,10.210000038146973,10.210000038146973,0
2023-05-08,10.210000038146973,10.210000038146973,10.210000038146973,10.210000038146973,10.210000038146973,0
2023-05-09,10.210000038146973,10.210000038146973,10.210000038146973,10.210000038146973,10.210000038146973,0
2023-05-10,10.210000038146973,10.210000038146973,10.210000038146973,10.210000038146973,10.210000038146973,0
2023-05-11,10.210000038146973,10.210000038146973,10.210000038146973,10.210000038146973,10.210000038146973,0
2023-05-12,10.210000038146973,10.210000038146973,10.210000038146973,10.210000038146973,10.210000038146973,0
2023-05-15,10.119999885559082,10.119999885559082,10.119999885559082,10.119999885559082,10.119999885559082,100
2023-05-16,10.119999885559082,10.119999885559082,10.119999885559082,10.119999885559082,10.119999885559082,0
2023-05-17,10.119999885559082,10.119999885559082,10.119999885559082,10.119999885559082,10.119999885559082,0
2023-05-18,10.119999885559082,10.119999885559082,10.119999885559082,10.119999885559082,10.119999885559082,0
2023-05-19,10.119999885559082,10.119999885559082,10.119999885559082,10.119999885559082,10.119999885559082,0
2023-05-22,10.119999885559082,10.119999885559082,10.119999885559082,10.119999885559082,10.119999885559082,0
2023-05-23,10.119999885559082,10.119999885559082,10.119999885559082,10.119999885559082,10.119999885559082,0
2023-05-24,10.119999885559082,10.119999885559082,10.119999885559082,10.119999885559082,10.119999885559082,0
2023-05-25,10.204999923706055,10.279999732971191,10.204999923706055,10.279999732971191,10.279999732971191,1400
2023-05-26,10.279999732971191,10.279999732971191,10.279999732971191,10.279999732971191,10.279999732971191,0
2023-05-30,10.279999732971191,10.279999732971191,10.279999732971191,10.279999732971191,10.279999732971191,500
2023-05-31,10.279999732971191,10.279999732971191,10.279999732971191,10.279999732971191,10.279999732971191,0
2023-06-01,10.399999618530273,10.489999771118164,10.399999618530273,10.489999771118164,10.489999771118164,500
2023-06-02,10.489999771118164,10.489999771118164,10.489999771118164,10.489999771118164,10.489999771118164,0
2023-06-05,10.949999809265137,10.949999809265137,10.199999809265137,10.199999809265137,10.199999809265137,1000
2023-06-06,10.199999809265137,10.199999809265137,10.199999809265137,10.199999809265137,10.199999809265137,0
2023-06-07,10.199999809265137,10.199999809265137,10.199999809265137,10.199999809265137,10.199999809265137,0
2023-06-08,10.199999809265137,10.199999809265137,10.199999809265137,10.199999809265137,10.199999809265137,100
2023-06-09,10.199999809265137,10.199999809265137,10.199999809265137,10.199999809265137,10.199999809265137,0
2023-06-12,10.199999809265137,10.199999809265137,10.199999809265137,10.199999809265137,10.199999809265137,0
2023-06-13,10.199999809265137,10.199999809265137,10.199999809265137,10.199999809265137,10.199999809265137,0
2023-06-14,10.199999809265137,10.199999809265137,10.199999809265137,10.199999809265137,10.199999809265137,0
2023-06-15,10.399999618530273,10.399999618530273,10.23900032043457,10.23900032043457,10.23900032043457,400
2023-06-16,10.23900032043457,10.23900032043457,10.23900032043457,10.23900032043457,10.23900032043457,0
2023-06-20,10.399999618530273,10.399999618530273,10.399999618530273,10.399999618530273,10.399999618530273,1000
2023-06-21,10.369999885559082,10.369999885559082,10.305000305175781,10.369999885559082,10.369999885559082,4500
2023-06-22,10.369999885559082,10.369999885559082,10.369999885559082,10.369999885559082,10.369999885559082,0
2023-06-23,10.369999885559082,10.369999885559082,10.369999885559082,10.369999885559082,10.369999885559082,0
2023-06-26,10.3149995803833,10.3149995803833,10.229999542236328,10.229999542236328,10.229999542236328,1000
2023-06-27,10.229999542236328,10.229999542236328,10.229999542236328,10.229999542236328,10.229999542236328,100
2023-06-28,10.270000457763672,10.272000312805176,10.270000457763672,10.270000457763672,10.270000457763672,700
2023-06-29,10.270000457763672,10.270000457763672,10.270000457763672,10.270000457763672,10.270000457763672,0
2023-06-30,10.265000343322754,10.265000343322754,10.265000343322754,10.265000343322754,10.265000343322754,100
2023-07-03,10.270000457763672,10.270000457763672,10.265000343322754,10.265000343322754,10.265000343322754,400
2023-07-05,10.270000457763672,10.270000457763672,10.270000457763672,10.270000457763672,10.270000457763672,100
2023-07-06,10.270000457763672,10.270000457763672,10.265000343322754,10.265000343322754,10.265000343322754,400
2023-07-07,10.270000457763672,10.270000457763672,10.270000457763672,10.270000457763672,10.270000457763672,100
2023-07-10,10.270000457763672,10.270000457763672,10.270000457763672,10.270000457763672,10.270000457763672,400
2023-07-11,10.25,10.25,10.25,10.25,10.25,100
2023-07-12,10.25,10.25,10.25,10.25,10.25,0
2023-07-13,10.25,10.25,10.25,10.25,10.25,0
2023-07-14,10.25,10.25,10.25,10.25,10.25,100
2023-07-17,10.270000457763672,10.270000457763672,10.265000343322754,10.265000343322754,10.265000343322754,1100
2023-07-18,10.265000343322754,10.265000343322754,10.265000343322754,10.265000343322754,10.265000343322754,0
2023-07-19,10.270000457763672,10.270000457763672,10.260000228881836,10.270000457763672,10.270000457763672,24300
2023-07-20,10.300000190734863,10.300000190734863,10.300000190734863,10.300000190734863,10.300000190734863,10200
2023-07-21,10.399999618530273,10.399999618530273,10.399999618530273,10.399999618530273,10.399999618530273,200
2023-07-24,10.300000190734863,10.399999618530273,10.300000190734863,10.359999656677246,10.359999656677246,13900
2023-07-25,10.359999656677246,10.359999656677246,10.359999656677246,10.359999656677246,10.359999656677246,0
2023-07-26,10.350000381469727,10.350000381469727,10.350000381469727,10.350000381469727,10.350000381469727,100
2023-07-27,10.359999656677246,10.359999656677246,10.329999923706055,10.350000381469727,10.350000381469727,500
2023-07-28,10.350000381469727,10.350000381469727,10.350000381469727,10.350000381469727,10.350000381469727,0
2023-07-31,10.3100004196167,10.3100004196167,10.3100004196167,10.3100004196167,10.3100004196167,200
2023-08-01,10.354999542236328,10.354999542236328,10.347999572753906,10.350000381469727,10.350000381469727,2300
2023-08-02,10.350000381469727,10.350000381469727,10.350000381469727,10.350000381469727,10.350000381469727,0
2023-08-03,10.350000381469727,10.350000381469727,10.350000381469727,10.350000381469727,10.350000381469727,100
2023-08-04,10.350000381469727,10.350000381469727,10.350000381469727,10.350000381469727,10.350000381469727,0
2023-08-07,10.350000381469727,10.350000381469727,10.350000381469727,10.350000381469727,10.350000381469727,0
2023-08-08,10.350000381469727,10.350000381469727,10.350000381469727,10.350000381469727,10.350000381469727,0
2023-08-09,10.399999618530273,10.420000076293945,10.399999618530273,10.420000076293945,10.420000076293945,800
2023-08-10,10.399999618530273,10.399999618530273,10.399999618530273,10.399999618530273,10.399999618530273,200
2023-08-11,10.399999618530273,10.399999618530273,10.399999618530273,10.399999618530273,10.399999618530273,100
2023-08-14,10.399999618530273,10.399999618530273,10.399999618530273,10.399999618530273,10.399999618530273,0
2023-08-15,10.420000076293945,10.420000076293945,10.420000076293945,10.420000076293945,10.420000076293945,1600
2023-08-16,10.470000267028809,10.5,10.470000267028809,10.5,10.5,1600
2023-08-17,10.430000305175781,10.430000305175781,10.430000305175781,10.430000305175781,10.430000305175781,100
2023-08-18,10.430000305175781,10.430000305175781,10.430000305175781,10.430000305175781,10.430000305175781,100
2023-08-21,10.5,10.5,10.5,10.5,10.5,2200
2023-08-22,10.5,10.5,10.5,10.5,10.5,0
2023-08-23,10.958000183105469,11.0,10.789999961853027,10.789999961853027,10.789999961853027,500
2023-08-24,10.789999961853027,10.789999961853027,10.789999961853027,10.789999961853027,10.789999961853027,0
2023-08-25,10.789999961853027,10.789999961853027,10.789999961853027,10.789999961853027,10.789999961853027,0
2023-08-28,10.789999961853027,10.789999961853027,10.789999961853027,10.789999961853027,10.789999961853027,0
2023-08-29,10.789999961853027,10.789999961853027,10.789999961853027,10.789999961853027,10.789999961853027,100
2023-08-30,10.789999961853027,10.789999961853027,10.789999961853027,10.789999961853027,10.789999961853027,0
2023-08-31,10.789999961853027,10.789999961853027,10.789999961853027,10.789999961853027,10.789999961853027,0
2023-09-01,10.789999961853027,10.789999961853027,10.789999961853027,10.789999961853027,10.789999961853027,0
2023-09-05,10.789999961853027,10.789999961853027,10.789999961853027,10.789999961853027,10.789999961853027,0
2023-09-06,10.789999961853027,10.789999961853027,10.789999961853027,10.789999961853027,10.789999961853027,0
2023-09-07,10.789999961853027,10.789999961853027,10.789999961853027,10.789999961853027,10.789999961853027,1500
2023-09-08,10.779999732971191,10.779999732971191,10.600000381469727,10.609999656677246,10.609999656677246,2600
2023-09-11,10.402000427246094,10.609999656677246,10.350000381469727,10.520000457763672,10.520000457763672,2000
2023-09-12,10.600000381469727,10.600000381469727,10.59000015258789,10.598999977111816,10.598999977111816,1100
2023-09-13,10.598999977111816,10.598999977111816,10.598999977111816,10.598999977111816,10.598999977111816,0
2023-09-14,10.529999732971191,10.600000381469727,10.529999732971191,10.600000381469727,10.600000381469727,900
2023-09-15,10.600000381469727,10.600000381469727,10.600000381469727,10.600000381469727,10.600000381469727,0
2023-09-18,10.600000381469727,10.600000381469727,10.600000381469727,10.600000381469727,10.600000381469727,0
2023-09-19,10.600000381469727,10.600000381469727,10.600000381469727,10.600000381469727,10.600000381469727,0
2023-09-20,10.529999732971191,10.529999732971191,10.529999732971191,10.529999732971191,10.529999732971191,2100
2023-09-21,10.539999961853027,10.539999961853027,10.529999732971191,10.529999732971191,10.529999732971191,200
2023-09-22,10.529999732971191,10.529999732971191,10.529999732971191,10.529999732971191,10.529999732971191,100
2023-09-25,10.550000190734863,10.550000190734863,10.550000190734863,10.550000190734863,10.550000190734863,300
2023-09-26,10.550000190734863,10.550000190734863,10.550000190734863,10.550000190734863,10.550000190734863,0
2023-09-27,10.470000267028809,10.550000190734863,10.399999618530273,10.550000190734863,10.550000190734863,1700
2023-09-28,10.449999809265137,10.449999809265137,10.449999809265137,10.449999809265137,10.449999809265137,200
2023-09-29,10.449999809265137,10.449999809265137,10.449999809265137,10.449999809265137,10.449999809265137,0
2023-10-02,10.449999809265137,10.449999809265137,10.449999809265137,10.449999809265137,10.449999809265137,0
2023-10-03,10.529999732971191,10.529999732971191,10.529999732971191,10.529999732971191,10.529999732971191,800
2023-10-04,10.529999732971191,10.529999732971191,10.529999732971191,10.529999732971191,10.529999732971191,0
2023-10-05,10.529999732971191,10.529999732971191,10.529999732971191,10.529999732971191,10.529999732971191,0
2023-10-06,10.529999732971191,10.529999732971191,10.529999732971191,10.529999732971191,10.529999732971191,0
2023-10-09,10.529999732971191,10.529999732971191,10.529999732971191,10.529999732971191,10.529999732971191,100
2023-10-10,10.555000305175781,10.555000305175781,10.555000305175781,10.555000305175781,10.555000305175781,900
2023-10-11,10.555000305175781,10.555000305175781,10.555000305175781,10.555000305175781,10.555000305175781,0
2023-10-12,10.555000305175781,10.555000305175781,10.555000305175781,10.555000305175781,10.555000305175781,0
2023-10-13,10.555000305175781,10.555000305175781,10.555000305175781,10.555000305175781,10.555000305175781,0
2023-10-16,10.555000305175781,10.555000305175781,10.555000305175781,10.555000305175781,10.555000305175781,0
2023-10-17,10.555000305175781,10.555000305175781,10.555000305175781,10.555000305175781,10.555000305175781,0
2023-10-18,10.550000190734863,10.550000190734863,10.550000190734863,10.550000190734863,10.550000190734863,100
2023-10-19,10.550000190734863,10.550000190734863,10.550000190734863,10.550000190734863,10.550000190734863,100
2023-10-20,10.579999923706055,10.579999923706055,10.579999923706055,10.579999923706055,10.579999923706055,300
2023-10-23,10.579999923706055,10.579999923706055,10.579999923706055,10.579999923706055,10.579999923706055,0
2023-10-24,10.579999923706055,10.579999923706055,10.579999923706055,10.579999923706055,10.579999923706055,0
2023-10-25,10.5600004196167,10.579999923706055,10.5600004196167,10.579999923706055,10.579999923706055,33100
2023-10-26,10.579999923706055,10.579999923706055,10.579999923706055,10.579999923706055,10.579999923706055,0
2023-10-27,10.600000381469727,10.600000381469727,10.579999923706055,10.579999923706055,10.579999923706055,600
2023-10-30,10.59000015258789,10.600000381469727,10.585000038146973,10.600000381469727,10.600000381469727,287800
2023-10-31,10.600000381469727,10.600000381469727,10.600000381469727,10.600000381469727,10.600000381469727,0
2023-11-01,10.645000457763672,10.645000457763672,10.645000457763672,10.645000457763672,10.645000457763672,300
2023-11-02,10.630000114440918,10.630000114440918,10.619999885559082,10.619999885559082,10.619999885559082,900
2023-11-03,10.680000305175781,10.699999809265137,10.680000305175781,10.699999809265137,10.699999809265137,1800
2023-11-06,10.699999809265137,10.699999809265137,10.699999809265137,10.699999809265137,10.699999809265137,100
2023-11-07,10.609999656677246,10.609999656677246,10.609999656677246,10.609999656677246,10.609999656677246,1800
2023-11-08,10.609999656677246,10.609999656677246,10.609999656677246,10.609999656677246,10.609999656677246,34100
2023-11-09,10.609999656677246,10.609999656677246,10.609999656677246,10.609999656677246,10.609999656677246,0
2023-11-10,10.611000061035156,10.611000061035156,10.611000061035156,10.611000061035156,10.611000061035156,200
2023-11-13,10.640000343322754,10.640000343322754,10.640000343322754,10.640000343322754,10.640000343322754,600
2023-11-14,10.640000343322754,10.640000343322754,10.640000343322754,10.640000343322754,10.640000343322754,300
2023-11-15,10.640000343322754,10.640000343322754,10.640000343322754,10.640000343322754,10.640000343322754,0
2023-11-16,10.640000343322754,10.640000343322754,10.640000343322754,10.640000343322754,10.640000343322754,0
2023-11-17,10.649999618530273,10.670000076293945,10.649999618530273,10.668999671936035,10.668999671936035,90700
2023-11-20,10.668999671936035,10.668999671936035,10.668999671936035,10.668999671936035,10.668999671936035,0
2023-11-21,10.6899995803833,10.789999961853027,10.680000305175781,10.75,10.75,51400
2023-11-22,10.75,10.75,10.75,10.75,10.75,0
2023-11-24,10.75,10.850000381469727,10.65999984741211,10.850000381469727,10.850000381469727,6100
2023-11-27,10.789999961853027,10.789999961853027,10.789999961853027,10.789999961853027,10.789999961853027,100
2023-11-28,10.720000267028809,10.720000267028809,10.65999984741211,10.65999984741211,10.65999984741211,200300
2023-11-29,10.670000076293945,10.704999923706055,10.670000076293945,10.6899995803833,10.6899995803833,401200
2023-11-30,10.640000343322754,10.640000343322754,10.630000114440918,10.630000114440918,10.630000114440918,300
2023-12-01,11.1899995803833,11.1899995803833,10.670000076293945,10.670000076293945,10.670000076293945,2100
2023-12-04,10.710000038146973,10.739999771118164,10.60099983215332,10.630000114440918,10.630000114440918,426100
2023-12-05,10.630000114440918,10.630000114440918,10.630000114440918,10.630000114440918,10.630000114440918,0
2023-12-06,10.699999809265137,10.869999885559082,10.699999809265137,10.699999809265137,10.699999809265137,1300
2023-12-07,10.680000305175781,10.680000305175781,10.680000305175781,10.680000305175781,10.680000305175781,800
2023-12-08,10.569999694824219,10.989999771118164,10.550000190734863,10.760000228881836,10.760000228881836,6500
2023-12-11,10.600000381469727,10.649999618530273,10.600000381469727,10.619999885559082,10.619999885559082,176800
2023-12-12,10.65999984741211,10.65999984741211,10.3100004196167,10.5600004196167,10.5600004196167,4700
2023-12-13,10.600000381469727,10.649999618530273,10.600000381469727,10.619999885559082,10.619999885559082,9200
2023-12-14,10.619999885559082,10.619999885559082,10.619999885559082,10.619999885559082,10.619999885559082,0
2023-12-15,10.600000381469727,10.625,10.600000381469727,10.60099983215332,10.60099983215332,1100
2023-12-18,10.60099983215332,10.60099983215332,10.60099983215332,10.60099983215332,10.60099983215332,0
2023-12-19,10.60099983215332,10.60099983215332,10.60099983215332,10.60099983215332,10.60099983215332,0
2023-12-20,10.60099983215332,10.60099983215332,10.60099983215332,10.60099983215332,10.60099983215332,0
2023-12-21,10.60099983215332,10.60099983215332,10.60099983215332,10.60099983215332,10.60099983215332,0
2023-12-22,10.609999656677246,10.609999656677246,10.609999656677246,10.609999656677246,10.609999656677246,400
2023-12-26,10.609999656677246,10.609999656677246,10.609999656677246,10.609999656677246,10.609999656677246,0
2023-12-27,10.59000015258789,10.59000015258789,10.59000015258789,10.59000015258789,10.59000015258789,800
2023-12-28,10.59000015258789,10.59000015258789,10.59000015258789,10.59000015258789,10.59000015258789,200
2023-12-29,10.59000015258789,10.59000015258789,10.59000015258789,10.59000015258789,10.59000015258789,0
2024-01-02,10.59000015258789,10.59000015258789,10.59000015258789,10.59000015258789,10.59000015258789,0
2024-01-03,10.59000015258789,10.59000015258789,10.59000015258789,10.59000015258789,10.59000015258789,0
2024-01-04,10.640000343322754,10.640000343322754,10.640000343322754,10.640000343322754,10.640000343322754,100
2024-01-05,10.600000381469727,10.600000381469727,10.600000381469727,10.600000381469727,10.600000381469727,100
2024-01-08,10.600000381469727,10.600000381469727,10.600000381469727,10.600000381469727,10.600000381469727,0
2024-01-09,10.600000381469727,10.600000381469727,10.600000381469727,10.600000381469727,10.600000381469727,0
2024-01-10,10.600000381469727,10.600000381469727,10.600000381469727,10.600000381469727,10.600000381469727,0
2024-01-11,10.600000381469727,10.600000381469727,10.600000381469727,10.600000381469727,10.600000381469727,0
2024-01-12,10.600000381469727,10.600000381469727,10.600000381469727,10.600000381469727,10.600000381469727,100
2024-01-16,10.609999656677246,10.609999656677246,10.609999656677246,10.609999656677246,10.609999656677246,200
2024-01-17,10.609999656677246,10.609999656677246,10.609999656677246,10.609999656677246,10.609999656677246,0
2024-01-18,10.609999656677246,10.609999656677246,10.609999656677246,10.609999656677246,10.609999656677246,0
2024-01-19,10.649999618530273,10.649999618530273,10.649999618530273,10.649999618530273,10.649999618530273,108200
2024-01-22,10.649999618530273,10.649999618530273,10.649999618530273,10.649999618530273,10.649999618530273,0
2024-01-23,10.710000038146973,10.800000190734863,10.600000381469727,10.600000381469727,10.600000381469727,3500
2024-01-24,10.600000381469727,10.600000381469727,10.600000381469727,10.600000381469727,10.600000381469727,0
2024-01-25,10.670000076293945,10.670000076293945,10.670000076293945,10.670000076293945,10.670000076293945,1100
2024-01-26,10.600000381469727,10.600000381469727,10.600000381469727,10.600000381469727,10.600000381469727,100
2024-01-29,10.600000381469727,10.600000381469727,10.600000381469727,10.600000381469727,10.600000381469727,0
2024-01-30,10.600000381469727,10.600000381469727,10.600000381469727,10.600000381469727,10.600000381469727,0
2024-01-31,10.600000381469727,10.600000381469727,10.600000381469727,10.600000381469727,10.600000381469727,0
2024-02-01,10.600000381469727,10.600000381469727,10.600000381469727,10.600000381469727,10.600000381469727,0
2024-02-02,10.720000267028809,10.720000267028809,10.670000076293945,10.670000076293945,10.670000076293945,300
2024-02-05,10.670000076293945,10.670000076293945,10.670000076293945,10.670000076293945,10.670000076293945,0
2024-02-06,10.670000076293945,10.670000076293945,10.670000076293945,10.670000076293945,10.670000076293945,0
2024-02-07,10.670000076293945,10.670000076293945,10.670000076293945,10.670000076293945,10.670000076293945,0
2024-02-08,10.670000076293945,10.670000076293945,10.670000076293945,10.670000076293945,10.670000076293945,0
2024-02-09,10.670000076293945,10.670000076293945,10.670000076293945,10.670000076293945,10.670000076293945,0
2024-02-12,10.680000305175781,10.680000305175781,10.680000305175781,10.680000305175781,10.680000305175781,100
2024-02-13,10.680000305175781,10.680000305175781,10.680000305175781,10.680000305175781,10.680000305175781,0
2024-02-14,10.680000305175781,10.680000305175781,10.680000305175781,10.680000305175781,10.680000305175781,0
2024-02-15,10.869999885559082,10.869999885559082,10.869999885559082,10.869999885559082,10.869999885559082,300
2024-02-16,10.739999771118164,10.739999771118164,10.739999771118164,10.739999771118164,10.739999771118164,4400
2024-02-20,10.789999961853027,10.789999961853027,10.770000457763672,10.770000457763672,10.770000457763672,900
2024-02-21,10.770000457763672,10.770000457763672,10.770000457763672,10.770000457763672,10.770000457763672,0
2024-02-22,10.789999961853027,10.789999961853027,10.739999771118164,10.739999771118164,10.739999771118164,1100
2024-02-23,10.739999771118164,10.739999771118164,10.739999771118164,10.739999771118164,10.739999771118164,1000
2024-02-26,10.75,10.75,10.75,10.75,10.75,4800
2024-02-27,10.770000457763672,10.779999732971191,10.770000457763672,10.779999732971191,10.779999732971191,682700
2024-02-28,10.800000190734863,10.819999694824219,10.779999732971191,10.8100004196167,10.8100004196167,4100
2024-02-29,10.890000343322754,12.07699966430664,10.3100004196167,11.470999717712402,11.470999717712402,22900
2024-03-01,10.850000381469727,12.661999702453613,10.710000038146973,11.850000381469727,11.850000381469727,28200
2024-03-04,17.0,17.0,10.859999656677246,10.859999656677246,10.859999656677246,64000
2024-03-05,10.850000381469727,11.25,10.529999732971191,11.25,11.25,3400
2024-03-06,11.8100004196167,12.0,11.0,11.40999984741211,11.40999984741211,7700
2024-03-07,11.489999771118164,11.5,8.989999771118164,11.010000228881836,11.010000228881836,18300
2024-03-08,10.239999771118164,10.25,6.289999961853027,8.729999542236328,8.729999542236328,333000
2024-03-11,7.949999809265137,7.949999809265137,6.800000190734863,7.489999771118164,7.489999771118164,47500
2024-03-12,8.630000114440918,12.0,7.5,8.0,8.0,181000
2024-03-13,7.889999866485596,8.600000381469727,7.889999866485596,8.260000228881836,8.260000228881836,16300
2024-03-14,9.859999656677246,9.859999656677246,6.389999866485596,7.699999809265137,7.699999809265137,54400
2024-03-15,5.849999904632568,11.640000343322754,5.650000095367432,10.5600004196167,10.5600004196167,311500
2024-03-18,14.449999809265137,19.75,12.510000228881836,13.75,13.75,566000
2024-03-19,11.729999542236328,12.979999542236328,8.3100004196167,12.489999771118164,12.489999771118164,129400
2024-03-20,10.529999732971191,13.380000114440918,10.529999732971191,12.279999732971191,12.279999732971191,39600
2024-03-21,12.8100004196167,13.5,10.670000076293945,11.125,11.125,85600
2024-03-22,10.670000076293945,10.770000457763672,6.710000038146973,7.949999809265137,7.949999809265137,148000
2024-03-25,7.710000038146973,7.739999771118164,5.679999828338623,5.940000057220459,5.940000057220459,86300
2024-03-26,6.0,6.699999809265137,4.800000190734863,5.820000171661377,5.820000171661377,181800
2024-03-27,5.539999961853027,7.460000038146973,5.25,6.789999961853027,6.789999961853027,106800
2024-03-28,6.510000228881836,7.349999904632568,6.019999980926514,6.75,6.75,43200
2024-04-01,6.769999980926514,7.150000095367432,5.5279998779296875,5.880000114440918,5.880000114440918,18600
2024-04-02,5.159999847412109,5.849999904632568,4.980000019073486,5.25,5.25,59900
2024-04-03,5.110000133514404,7.829999923706055,5.110000133514404,5.809999942779541,5.809999942779541,172900
2024-04-04,5.590000152587891,5.889999866485596,5.400000095367432,5.630000114440918,5.630000114440918,25600
2024-04-05,5.550000190734863,6.110000133514404,5.210000038146973,6.0,6.0,27400
2024-04-08,5.690000057220459,6.360000133514404,5.25,6.199999809265137,6.199999809265137,48000
2024-04-09,6.900000095367432,6.900000095367432,5.565000057220459,5.565000057220459,5.565000057220459,37600
2024-04-10,5.619999885559082,6.105000019073486,5.550000190734863,5.800000190734863,5.800000190734863,29000
2024-04-11,5.619999885559082,6.755000114440918,5.610000133514404,6.0,6.0,64800
2024-04-12,5.421000003814697,6.199999809265137,5.059999942779541,5.099999904632568,5.099999904632568,39600
2024-04-15,5.130000114440918,5.579999923706055,5.130000114440918,5.480000019073486,5.480000019073486,17700
2024-04-16,5.670000076293945,5.739999771118164,5.190000057220459,5.559999942779541,5.559999942779541,4800
2024-04-17,5.40500020980835,5.739999771118164,5.150000095367432,5.380000114440918,5.380000114440918,12600
2024-04-18,5.25,5.699999809265137,5.059999942779541,5.489999771118164,5.489999771118164,18200
2024-04-19,5.460000038146973,5.460000038146973,4.409999847412109,4.949999809265137,4.949999809265137,37200
2024-04-22,4.78000020980835,4.78000020980835,4.474999904632568,4.639999866485596,4.639999866485596,21800
2024-04-23,5.019999980926514,5.019999980926514,4.150000095367432,4.300000190734863,4.300000190734863,22400
2024-04-24,4.300000190734863,4.320000171661377,3.4000000953674316,3.7300000190734863,3.7300000190734863,98100
2024-04-25,3.5899999141693115,3.5899999141693115,2.5,2.5899999141693115,2.5899999141693115,234300
2024-04-26,2.5799999237060547,2.809999942779541,2.4700000286102295,2.6700000762939453,2.6700000762939453,96300
2024-04-29,2.700000047683716,2.700000047683716,2.3399999141693115,2.4100000858306885,2.4100000858306885,54300
2024-04-30,2.4000000953674316,2.4000000953674316,2.0,2.2699999809265137,2.2699999809265137,73600
2024-05-01,2.240000009536743,2.299999952316284,1.9800000190734863,2.109999895095825,2.109999895095825,260400
2024-05-02,2.1700000762939453,2.2179999351501465,1.4199999570846558,1.6200000047683716,1.6200000047683716,461300
2024-05-03,1.7300000190734863,1.7899999618530273,1.5,1.600000023841858,1.600000023841858,105000
2024-05-06,1.5800000429153442,1.9600000381469727,1.5399999618530273,1.8700000047683716,1.8700000047683716,108000
2024-05-07,1.8600000143051147,1.8899999856948853,1.6200000047683716,1.8200000524520874,1.8200000524520874,53100
2024-05-08,1.7699999809265137,1.899999976158142,1.7100000381469727,1.7599999904632568,1.7599999904632568,36500
2024-05-09,1.8200000524520874,1.8899999856948853,1.649999976158142,1.715000033378601,1.715000033378601,55700
2024-05-10,1.7699999809265137,1.8960000276565552,1.399999976158142,1.4500000476837158,1.4500000476837158,141000
2024-05-13,1.4199999570846558,1.6399999856948853,1.3650000095367432,1.409999966621399,1.409999966621399,83500
2024-05-14,1.4600000381469727,1.7599999904632568,1.4110000133514404,1.4199999570846558,1.4199999570846558,208300
2024-05-15,1.3600000143051147,1.3700000047683716,0.9900000095367432,1.0499999523162842,1.0499999523162842,302600
2024-05-16,1.1399999856948853,1.3300000429153442,1.0499999523162842,1.2699999809265137,1.2699999809265137,215600
2024-05-17,1.25,1.2799999713897705,1.100000023841858,1.1200000047683716,1.1200000047683716,50800
2024-05-20,1.1200000047683716,1.3639999628067017,1.090000033378601,1.190000057220459,1.190000057220459,156500
2024-05-21,1.2239999771118164,1.340000033378601,1.1699999570846558,1.190000057220459,1.190000057220459,74000
2024-05-22,1.2100000381469727,1.2899999618530273,1.2100000381469727,1.2899999618530273,1.2899999618530273,24000
2024-05-23,1.3600000143051147,1.3880000114440918,1.1799999475479126,1.190000057220459,1.190000057220459,62300
2024-05-24,1.2400000095367432,1.309999942779541,1.1100000143051147,1.159999966621399,1.159999966621399,85800
2024-05-28,1.2000000476837158,1.350000023841858,1.100000023841858,1.2699999809265137,1.2699999809265137,118900
2024-05-29,2.0799999237060547,3.1600000858306885,1.6799999475479126,2.640000104904175,2.640000104904175,108220100
2024-05-30,2.430000066757202,2.5999999046325684,2.1600000858306885,2.5799999237060547,2.5799999237060547,2639600
2024-05-31,2.559999942779541,8.430000305175781,2.299999952316284,5.440000057220459,5.440000057220459,67994400
2024-06-03,4.789999961853027,6.320000171661377,4.199999809265137,4.690000057220459,4.690000057220459,7662200
2024-06-04,4.519999980926514,4.789999961853027,3.5190000534057617,3.6500000953674316,3.6500000953674316,1076000
2024-06-05,4.449999809265137,4.449999809265137,2.930000066757202,3.5,3.5,884600
2024-06-06,3.2799999713897705,5.800000190734863,3.25,4.360000133514404,4.360000133514404,5672600
2024-06-07,4.039999961853027,5.179999828338623,3.9100000858306885,4.070000171661377,4.070000171661377,1633600
2024-06-10,4.269999980926514,5.230000019073486,4.150000095367432,4.449999809265137,4.449999809265137,2434800
2024-06-11,4.449999809265137,5.130000114440918,3.6600000858306885,4.150000095367432,4.150000095367432,1605300
2024-06-12,4.260000228881836,4.639999866485596,4.099999904632568,4.369999885559082,4.369999885559082,425600
2024-06-13,4.340000152587891,5.0,4.21999979019165,4.409999847412109,4.409999847412109,822000
2024-06-14,4.440000057220459,4.71999979019165,3.9000000953674316,4.170000076293945,4.170000076293945,478500
2024-06-17,4.130000114440918,4.340000152587891,3.799999952316284,4.130000114440918,4.130000114440918,306800
2024-06-18,3.9000000953674316,3.950000047683716,3.4600000381469727,3.5899999141693115,3.5899999141693115,338000
2024-06-20,3.6500000953674316,3.7899999618530273,3.549999952316284,3.619999885559082,3.619999885559082,148100
2024-06-21,3.509999990463257,3.700000047683716,2.8299999237060547,2.9800000190734863,2.9800000190734863,476000
2024-06-24,3.0799999237060547,3.4000000953674316,2.6500000953674316,3.299999952316284,3.299999952316284,339800
2024-06-25,3.2899999618530273,3.299999952316284,2.9000000953674316,3.119999885559082,3.119999885559082,136800
2024-06-26,3.009999990463257,3.1500000953674316,2.940000057220459,3.0899999141693115,3.0899999141693115,139300
2024-06-27,2.930000066757202,3.4000000953674316,2.8010001182556152,3.380000114440918,3.380000114440918,251000
2024-06-28,3.200000047683716,3.5399999618530273,3.109999895095825,3.450000047683716,3.450000047683716,124700
2024-07-01,3.6500000953674316,4.099999904632568,3.2269999980926514,3.240000009536743,3.240000009536743,438100
2024-07-02,3.259999990463257,3.3299999237060547,3.0999999046325684,3.2300000190734863,3.2300000190734863,121200
2024-07-03,3.2300000190734863,3.2300000190734863,2.680000066757202,3.0,3.0,140100
2024-07-05,3.0,3.25,2.9700000286102295,3.059999942779541,3.059999942779541,92500
2024-07-08,2.9800000190734863,3.2300000190734863,2.9800000190734863,3.109999895095825,3.109999895095825,36900
2024-07-09,3.0799999237060547,3.2100000381469727,2.7200000286102295,2.8499999046325684,2.8499999046325684,147700
2024-07-10,2.8499999046325684,3.2699999809265137,2.7950000762939453,2.940000057220459,2.940000057220459,117500
2024-07-11,2.940000057220459,3.25,2.9100000858306885,3.1600000858306885,3.1600000858306885,95200
2024-07-12,3.069999933242798,3.1549999713897705,3.0299999713897705,3.0999999046325684,3.0999999046325684,33900
2024-07-15,3.4700000286102295,3.740000009536743,3.299999952316284,3.569999933242798,3.569999933242798,284300
2024-07-16,3.4800000190734863,3.690000057220459,3.4100000858306885,3.5899999141693115,3.5899999141693115,75800
2024-07-17,3.549999952316284,3.5899999141693115,3.109999895095825,3.1700000762939453,3.1700000762939453,102400
2024-07-18,3.130000114440918,3.309999942779541,3.0199999809265137,3.059999942779541,3.059999942779541,35400
2024-07-19,3.119999885559082,3.134000062942505,2.6500000953674316,2.9100000858306885,2.9100000858306885,103800
2024-07-22,2.8399999141693115,3.1600000858306885,2.819999933242798,2.859999895095825,2.859999895095825,60200
2024-07-23,2.880000114440918,3.069999933242798,2.75,2.930000066757202,2.930000066757202,108400
2024-07-24,2.930000066757202,3.0,2.7699999809265137,2.7899999618530273,2.7899999618530273,31500
2024-07-25,2.859999895095825,2.9809999465942383,2.5299999713897705,2.6600000858306885,2.6600000858306885,105800
2024-07-26,2.700000047683716,2.8499999046325684,2.700000047683716,2.740000009536743,2.740000009536743,44400
2024-07-29,2.869999885559082,3.0999999046325684,2.740000009536743,2.8299999237060547,2.8299999237060547,144900
2024-07-30,2.799999952316284,2.9200000762939453,2.319999933242798,2.450000047683716,2.450000047683716,133600
2024-07-31,2.4000000953674316,2.700000047683716,2.0,2.0799999237060547,2.0799999237060547,171300
2024-08-01,2.2100000381469727,2.25,1.75,1.809999942779541,1.809999942779541,105300
2024-08-02,1.9199999570846558,2.1050000190734863,1.5,1.590000033378601,1.590000033378601,149300
2024-08-05,1.5,1.5700000524520874,1.350000023841858,1.4800000190734863,1.4800000190734863,115200
2024-08-06,1.6299999952316284,1.6399999856948853,1.4800000190734863,1.6299999952316284,1.6299999952316284,80600
2024-08-07,1.6200000047683716,1.7599999904632568,1.6200000047683716,1.649999976158142,1.649999976158142,30300
2024-08-08,1.7000000476837158,1.9500000476837158,1.7000000476837158,1.840000033378601,1.840000033378601,39900
2024-08-09,1.809999942779541,1.8450000286102295,1.7699999809265137,1.809999942779541,1.809999942779541,20600
2024-08-12,1.899999976158142,1.9470000267028809,1.8700000047683716,1.8799999952316284,1.8799999952316284,31600
2024-08-13,1.940000057220459,2.2049999237060547,1.940000057220459,2.200000047683716,2.200000047683716,35800
2024-08-14,2.2200000286102295,2.509999990463257,2.200000047683716,2.259999990463257,2.259999990463257,84900
2024-08-15,2.0999999046325684,2.200000047683716,1.9600000381469727,2.0999999046325684,2.0999999046325684,91100
2024-08-16,2.069999933242798,2.069999933242798,1.8300000429153442,1.8300000429153442,1.8300000429153442,38200
2024-08-19,2.0299999713897705,2.0399999618530273,1.8799999952316284,2.0,2.0,58100
2024-08-20,1.940000057220459,1.9570000171661377,1.7000000476837158,1.7100000381469727,1.7100000381469727,33700
2024-08-21,1.7899999618530273,1.9900000095367432,1.7100000381469727,1.850000023841858,1.850000023841858,52100
2024-08-22,1.850000023841858,1.8700000047683716,1.690000057220459,1.7300000190734863,1.7300000190734863,28600
2024-08-23,1.7799999713897705,1.8300000429153442,1.7300000190734863,1.7799999713897705,1.7799999713897705,19100
2024-08-26,2.0199999809265137,2.640000104904175,1.4800000190734863,1.7100000381469727,1.7100000381469727,3828700
2024-08-27,1.7100000381469727,1.7699999809265137,1.4199999570846558,1.4600000381469727,1.4600000381469727,408800
2024-08-28,1.4299999475479126,1.600000023841858,1.3300000429153442,1.409999966621399,1.409999966621399,243100
2024-08-29,1.4500000476837158,1.4500000476837158,1.090000033378601,1.190000057220459,1.190000057220459,306700
2024-08-30,1.2300000190734863,1.2999999523162842,1.100000023841858,1.1699999570846558,1.1699999570846558,230700
2024-09-03,1.25,1.25,1.090000033378601,1.159999966621399,1.159999966621399,138400
2024-09-04,1.149999976158142,1.2000000476837158,1.090000033378601,1.1299999952316284,1.1299999952316284,118700
2024-09-05,1.1200000047683716,1.1299999952316284,0.800000011920929,0.9599999785423279,0.9599999785423279,310500
2024-09-06,0.949999988079071,1.031999945640564,0.949999988079071,1.0,1.0,111700
2024-09-09,1.0,1.0199999809265137,0.8999999761581421,0.9399999976158142,0.9399999976158142,118500
2024-09-10,0.9860000014305115,1.100000023841858,0.9399999976158142,1.090000033378601,1.090000033378601,127800
2024-09-11,1.0800000429153442,1.1399999856948853,0.949999988079071,1.0099999904632568,1.0099999904632568,136500
2024-09-12,1.0,1.0499999523162842,0.949999988079071,0.9800000190734863,0.9800000190734863,105400
2024-09-13,1.0099999904632568,1.0299999713897705,0.9700000286102295,1.0199999809265137,1.0199999809265137,48900
2024-09-16,1.1299999952316284,1.1299999952316284,1.0,1.0499999523162842,1.0499999523162842,76500
2024-09-17,1.0499999523162842,1.2000000476837158,1.0499999523162842,1.1699999570846558,1.1699999570846558,97000
2024-09-18,1.1699999570846558,1.2000000476837158,1.0800000429153442,1.100000023841858,1.100000023841858,61200
2024-09-19,1.1200000047683716,1.1699999570846558,1.0700000524520874,1.1100000143051147,1.1100000143051147,110200
2024-09-20,1.100000023841858,1.1100000143051147,1.0399999618530273,1.0399999618530273,1.0399999618530273,153000
2024-09-23,1.0700000524520874,1.1100000143051147,0.949999988079071,0.9959999918937683,0.9959999918937683,151400
2024-09-24,1.0,1.0800000429153442,0.9210000038146973,0.9419999718666077,0.9419999718666077,178400
2024-09-25,0.9290000200271606,1.0499999523162842,0.9290000200271606,0.9850000143051147,0.9850000143051147,65000
2024-09-26,0.9599999785423279,1.0260000228881836,0.9599999785423279,0.9950000047683716,0.9950000047683716,89400
2024-09-27,1.0399999618530273,1.0499999523162842,0.972000002861023,1.0199999809265137,1.0199999809265137,76800
2024-09-30,1.0099999904632568,1.0490000247955322,1.0,1.0399999618530273,1.0399999618530273,90400
2024-10-01,1.0299999713897705,1.0499999523162842,0.9900000095367432,1.0,1.0,44700
2024-10-02,1.0,1.0499999523162842,0.9549999833106995,1.0,1.0,159400
2024-10-03,1.0099999904632568,1.0260000228881836,0.9800000190734863,0.9800000190734863,0.9800000190734863,35200
2024-10-04,0.9700000286102295,1.0299999713897705,0.949999988079071,0.9850000143051147,0.9850000143051147,114000
2024-10-07,0.9800000190734863,1.0199999809265137,0.949999988079071,0.9649999737739563,0.9649999737739563,102400
2024-10-08,1.0199999809265137,1.0199999809265137,0.949999988079071,1.0,1.0,42300
2024-10-09,1.0299999713897705,1.0299999713897705,0.9700000286102295,0.9900000095367432,0.9900000095367432,223100
2024-10-10,1.0,1.0099999904632568,0.7509999871253967,0.8799999952316284,0.8799999952316284,332300
2024-10-11,0.8790000081062317,0.9710000157356262,0.8790000081062317,0.9399999976158142,0.9399999976158142,62700
2024-10-14,0.9200000166893005,1.0299999713897705,0.9200000166893005,0.9620000123977661,0.9620000123977661,118600
2024-10-15,0.9330000281333923,1.0199999809265137,0.8399999737739563,0.9139999747276306,0.9139999747276306,241500
2024-10-16,0.9369999766349792,0.9860000014305115,0.8820000290870667,0.9470000267028809,0.9470000267028809,182900
2024-10-17,0.9300000071525574,0.9869999885559082,0.8899999856948853,0.9200000166893005,0.9200000166893005,155600
2024-10-18,0.9200000166893005,1.090000033378601,0.875,0.9900000095367432,0.9900000095367432,264700
2024-10-21,1.0399999618530273,1.0399999618530273,0.9330000281333923,0.9800000190734863,0.9800000190734863,125100
2024-10-22,0.9509999752044678,0.9700000286102295,0.8999999761581421,0.9079999923706055,0.9079999923706055,59600
2024-10-23,0.9200000166893005,0.949999988079071,0.7900000214576721,0.8899999856948853,0.8899999856948853,182800
2024-10-24,0.9789999723434448,0.9789999723434448,0.8299999833106995,0.8809999823570251,0.8809999823570251,205700
2024-10-25,0.8550000190734863,0.9380000233650208,0.8379999995231628,0.8999999761581421,0.8999999761581421,100600
2024-10-28,0.9200000166893005,0.949999988079071,0.8859999775886536,0.949999988079071,0.949999988079071,86100
2024-10-29,0.949999988079071,0.949999988079071,0.9200000166893005,0.9490000009536743,0.9490000009536743,44000
2024-10-30,0.9200000166893005,0.9200000166893005,0.8100000023841858,0.8600000143051147,0.8600000143051147,468900
2024-10-31,0.8799999952316284,0.8799999952316284,0.8100000023841858,0.8569999933242798,0.8569999933242798,107500
2024-11-01,0.8569999933242798,0.8629999756813049,0.7749999761581421,0.8299999833106995,0.8299999833106995,137200
2024-11-04,0.8149999976158142,0.8209999799728394,0.7419999837875366,0.7799999713897705,0.7799999713897705,166700
2024-11-05,0.7699999809265137,0.8119999766349792,0.7260000109672546,0.7710000276565552,0.7710000276565552,87100
