Date,Open,High,Low,Close,Adj Close,Volume
2017-05-31,32.61000061035156,32.61000061035156,32.61000061035156,32.61000061035156,28.115970611572266,800
2017-06-01,33.0,33.0,33.0,33.0,28.452220916748047,200
2017-06-02,33.0,33.0,33.0,33.0,28.452220916748047,0
2017-06-05,33.0,33.0,33.0,33.0,28.452220916748047,0
2017-06-06,33.0,33.0,33.0,33.0,28.452220916748047,0
2017-06-07,33.0,33.0,33.0,33.0,28.452220916748047,0
2017-06-08,33.0,33.0,33.0,33.0,28.452220916748047,0
2017-06-09,33.0,33.0,33.0,33.0,28.452220916748047,0
2017-06-12,33.0,33.0,33.0,33.0,28.452220916748047,0
2017-06-13,33.0,33.0,33.0,33.0,28.452220916748047,0
2017-06-14,33.0,33.0,33.0,33.0,28.452220916748047,0
2017-06-15,33.0,33.0,33.0,33.0,28.452220916748047,0
2017-06-16,33.0,33.0,33.0,33.0,28.452220916748047,0
2017-06-19,33.0,33.0,33.0,33.0,28.452220916748047,0
2017-06-20,33.0,33.0,33.0,33.0,28.452220916748047,0
2017-06-21,33.0,33.0,33.0,33.0,28.452220916748047,0
2017-06-22,33.0,33.0,33.0,33.0,28.452220916748047,0
2017-06-23,33.0,33.0,33.0,33.0,28.452220916748047,0
2017-06-26,33.0,33.0,33.0,33.0,28.452220916748047,0
2017-06-27,33.0,33.0,33.0,33.0,28.452220916748047,0
2017-06-28,33.0,33.0,33.0,33.0,28.452220916748047,0
2017-06-29,33.0,33.0,33.0,33.0,28.452220916748047,0
2017-06-30,33.0,33.0,33.0,33.0,28.452220916748047,0
2017-07-03,33.0,33.0,33.0,33.0,28.452220916748047,600
2017-07-05,33.0,33.0,33.0,33.0,28.452220916748047,0
2017-07-06,33.0,33.0,33.0,33.0,28.452220916748047,0
2017-07-07,33.0,33.0,33.0,33.0,28.452220916748047,0
2017-07-10,33.0,33.0,33.0,33.0,28.452220916748047,0
2017-07-11,33.0,33.0,33.0,33.0,28.452220916748047,0
2017-07-12,33.0,33.0,33.0,33.0,28.452220916748047,0
2017-07-13,33.0,33.0,33.0,33.0,28.452220916748047,0
2017-07-14,33.0,33.0,33.0,33.0,28.452220916748047,0
2017-07-17,33.0,33.0,33.0,33.0,28.452220916748047,0
2017-07-18,33.0,33.0,33.0,33.0,28.452220916748047,0
2017-07-19,33.0,33.0,33.0,33.0,28.452220916748047,0
2017-07-20,33.0,33.0,33.0,33.0,28.452220916748047,0
2017-07-21,33.0,33.0,33.0,33.0,28.452220916748047,0
2017-07-24,33.5,33.5,33.25,33.25,28.667774200439453,1100
2017-07-25,33.5,33.5,33.5,33.5,28.883316040039062,500
2017-07-26,33.5,33.5,33.5,33.5,28.883316040039062,0
2017-07-27,33.5,33.5,33.5,33.5,28.883316040039062,0
2017-07-28,33.5,33.5,33.5,33.5,28.883316040039062,0
2017-07-31,34.75,39.0,34.75,38.25,32.978721618652344,3900
2017-08-01,33.220001220703125,33.4900016784668,32.75,33.2599983215332,28.6763973236084,339400
2017-08-02,33.279998779296875,33.29999923706055,32.5099983215332,32.91999816894531,28.383241653442383,61600
2017-08-03,32.9900016784668,33.0,32.060001373291016,32.25,27.80558204650879,59900
2017-08-04,32.29999923706055,32.29999923706055,31.260000228881836,32.0,27.590038299560547,57800
2017-08-07,32.0,32.099998474121094,31.75,31.899999618530273,27.503814697265625,16400
2017-08-08,31.510000228881836,31.899999618530273,31.510000228881836,31.899999618530273,27.503814697265625,6300
2017-08-09,31.799999237060547,31.90999984741211,31.260000228881836,31.600000381469727,27.245162963867188,64200
2017-08-10,31.600000381469727,31.700000762939453,31.5310001373291,31.700000762939453,27.331382751464844,6700
2017-08-11,31.059999465942383,31.90999984741211,31.059999465942383,31.90999984741211,27.512434005737305,58800
2017-08-14,31.899999618530273,31.899999618530273,31.700000762939453,31.899999618530273,27.503814697265625,3400
2017-08-15,31.549999237060547,32.119998931884766,31.549999237060547,32.119998931884766,27.693496704101562,4200
2017-08-16,31.95199966430664,32.26900100708008,31.700000762939453,32.04999923706055,27.633140563964844,13600
2017-08-17,31.56999969482422,32.45000076293945,31.549999237060547,32.0,27.590038299560547,14200
2017-08-18,31.549999237060547,32.5,31.549999237060547,32.5,28.021133422851562,2600
2017-08-21,32.249000549316406,32.9900016784668,31.899999618530273,32.25,27.80558204650879,15400
2017-08-22,32.0,32.0,31.950000762939453,32.0,27.590038299560547,13000
2017-08-23,31.780000686645508,32.0,31.770000457763672,32.0,27.590038299560547,8900
2017-08-24,32.0,32.400001525878906,31.972000122070312,32.400001525878906,27.934911727905273,30700
2017-08-25,32.25,32.25,31.950000762939453,32.25,27.80558204650879,3900
2017-08-28,32.25,32.5,32.099998474121094,32.5,28.021133422851562,9100
2017-08-29,32.0,32.5,31.799999237060547,32.5,28.021133422851562,13900
2017-08-30,32.5,32.5,31.530000686645508,32.5,28.021133422851562,18000
2017-08-31,32.29999923706055,32.29999923706055,31.0,31.700000762939453,27.331382751464844,29100
2017-09-01,31.700000762939453,31.700000762939453,31.040000915527344,31.100000381469727,26.81406593322754,14200
2017-09-05,31.18000030517578,32.5,31.18000030517578,32.29999923706055,27.84869384765625,38400
2017-09-06,31.899999618530273,32.29999923706055,31.350000381469727,32.29999923706055,27.84869384765625,29100
2017-09-07,31.496999740600586,32.20000076293945,31.200000762939453,31.399999618530273,27.072723388671875,21200
2017-09-08,31.850000381469727,31.950000762939453,31.520000457763672,31.600000381469727,27.245162963867188,23300
2017-09-11,32.20000076293945,32.20000076293945,31.549999237060547,31.950000762939453,27.54692268371582,23300
2017-09-12,32.02000045776367,32.04999923706055,31.524999618530273,32.029998779296875,27.615907669067383,17600
2017-09-13,32.0,32.04999923706055,31.600000381469727,31.600000381469727,27.245162963867188,39000
2017-09-14,31.524999618530273,31.950000762939453,31.200000762939453,31.31999969482422,27.003751754760742,22700
2017-09-15,31.299999237060547,31.579999923706055,29.43000030517578,29.989999771118164,25.857032775878906,111800
2017-09-18,30.079999923706055,30.899999618530273,30.0,30.25,26.081207275390625,32700
2017-09-19,30.25,31.0,30.25,30.260000228881836,26.089826583862305,14100
2017-09-20,30.59000015258789,31.479999542236328,30.440000534057617,30.440000534057617,26.245023727416992,6500
2017-09-21,30.5,31.489999771118164,30.489999771118164,31.0,26.727848052978516,11000
2017-09-22,30.450000762939453,31.450000762939453,30.450000762939453,31.399999618530273,27.072723388671875,2800
2017-09-25,30.90999984741211,31.0,30.459999084472656,30.540000915527344,26.331241607666016,1800
2017-09-26,30.77400016784668,30.891000747680664,30.459999084472656,30.559999465942383,26.34848403930664,1800
2017-09-27,30.549999237060547,31.479999542236328,30.549999237060547,31.389999389648438,27.064104080200195,7000
2017-09-28,31.200000762939453,31.479999542236328,31.200000762939453,31.479999542236328,27.14169692993164,4000
2017-09-29,31.40999984741211,31.989999771118164,30.67799949645996,31.989999771118164,27.581411361694336,5300
2017-10-02,32.0,32.099998474121094,31.770000457763672,32.099998474121094,27.676258087158203,8700
2017-10-03,32.029998779296875,32.099998474121094,31.100000381469727,31.100000381469727,26.81406593322754,11300
2017-10-04,31.149999618530273,32.099998474121094,31.149999618530273,32.099998474121094,27.676258087158203,4900
2017-10-05,32.029998779296875,32.099998474121094,32.0099983215332,32.099998474121094,27.676258087158203,1600
2017-10-06,32.0,32.099998474121094,32.0,32.099998474121094,27.676258087158203,3900
2017-10-09,32.06399917602539,32.099998474121094,32.0,32.099998474121094,27.676258087158203,3700
2017-10-10,32.0,32.099998474121094,32.0,32.099998474121094,27.676258087158203,40300
2017-10-11,32.0,32.025001525878906,32.0,32.0,27.590038299560547,5800
2017-10-12,32.0,32.0,31.600000381469727,31.600000381469727,27.245162963867188,2500
2017-10-13,32.0,32.099998474121094,31.899999618530273,31.899999618530273,27.503814697265625,2900
2017-10-16,32.000999450683594,32.09000015258789,32.0,32.09000015258789,27.667633056640625,700
2017-10-17,32.0,32.029998779296875,31.899999618530273,31.899999618530273,27.503814697265625,18700
2017-10-18,32.0,32.04999923706055,32.0,32.04999923706055,27.633140563964844,3000
2017-10-19,32.150001525878906,32.150001525878906,31.5,31.8799991607666,27.4865779876709,4200
2017-10-20,31.479999542236328,31.889999389648438,31.100000381469727,31.780000686645508,27.400358200073242,28400
2017-10-23,31.829999923706055,32.02000045776367,31.600000381469727,32.02000045776367,27.607280731201172,68300
2017-10-24,31.989999771118164,32.08000183105469,31.989999771118164,32.08000183105469,27.659011840820312,9800
2017-10-25,32.08000183105469,32.5,31.899999618530273,32.099998474121094,27.676258087158203,64600
2017-10-26,31.968000411987305,32.29999923706055,31.959999084472656,32.29999923706055,27.84869384765625,3800
2017-10-27,32.22999954223633,32.29999923706055,32.209999084472656,32.29999923706055,27.84869384765625,1500
2017-10-30,32.479000091552734,32.88999938964844,32.479000091552734,32.79999923706055,28.2797908782959,20100
2017-10-31,32.66999816894531,33.95000076293945,32.66999816894531,33.5,28.883316040039062,18000
2017-11-01,33.029998779296875,33.95000076293945,33.0,33.599998474121094,28.96953582763672,12800
2017-11-02,33.880001068115234,33.880001068115234,33.5,33.72999954223633,29.081621170043945,5800
2017-11-03,33.5099983215332,33.665000915527344,33.150001525878906,33.54999923706055,28.926424026489258,77100
2017-11-06,33.0,33.400001525878906,33.0,33.29999923706055,28.710880279541016,8200
2017-11-07,33.35900115966797,33.400001525878906,33.0099983215332,33.10499954223633,28.542753219604492,14300
2017-11-08,33.029998779296875,33.220001220703125,33.0,33.20000076293945,28.624662399291992,14000
2017-11-09,32.099998474121094,32.099998474121094,32.099998474121094,32.099998474121094,27.676258087158203,28700
2017-11-10,32.5,33.119998931884766,32.319000244140625,32.709999084472656,28.202190399169922,7600
2017-11-13,32.5,33.0,32.310001373291016,32.939998626708984,28.400493621826172,2700
2017-11-14,32.380001068115234,32.54999923706055,31.760000228881836,32.0099983215332,27.59865951538086,44200
2017-11-15,31.969999313354492,32.90999984741211,31.969999313354492,32.75,28.236675262451172,4100
2017-11-16,32.5,32.91999816894531,32.5,32.91999816894531,28.383241653442383,5300
2017-11-17,32.970001220703125,32.970001220703125,32.7400016784668,32.7400016784668,28.22805404663086,300
2017-11-20,32.07500076293945,32.625,32.07500076293945,32.209999084472656,27.771099090576172,31300
2017-11-21,32.209999084472656,32.935001373291016,32.20000076293945,32.220001220703125,27.77971839904785,8400
2017-11-22,32.237998962402344,32.9900016784668,32.237998962402344,32.2400016784668,27.796960830688477,9100
2017-11-24,32.900001525878906,32.900001525878906,32.900001525878906,32.900001525878906,28.366012573242188,400
2017-11-27,32.73899841308594,32.75,32.380001068115234,32.709999084472656,28.202190399169922,12500
2017-11-28,32.599998474121094,32.900001525878906,32.459999084472656,32.599998474121094,28.107345581054688,13000
2017-11-29,32.849998474121094,32.862998962402344,32.43000030517578,32.43000030517578,27.960783004760742,13700
2017-11-30,32.7599983215332,33.25,32.5,33.25,28.667774200439453,11900
2017-12-01,33.25,33.47999954223633,33.0,33.47999954223633,28.866071701049805,7300
2017-12-04,33.33000183105469,34.95000076293945,33.33000183105469,34.5,29.74551010131836,26900
2017-12-05,34.599998474121094,34.900001525878906,33.25,34.650001525878906,29.874835968017578,18300
2017-12-06,33.810001373291016,34.38999938964844,33.7599983215332,34.29999923706055,29.573062896728516,16900
2017-12-07,34.0,34.47999954223633,33.95000076293945,34.47999954223633,29.728252410888672,9100
2017-12-08,34.04999923706055,34.459999084472656,33.79999923706055,34.459999084472656,29.711013793945312,10500
2017-12-11,34.310001373291016,34.310001373291016,33.599998474121094,33.90700149536133,29.23422622680664,10700
2017-12-12,33.400001525878906,34.09000015258789,33.150001525878906,34.09000015258789,29.392009735107422,34000
2017-12-13,34.0099983215332,34.45000076293945,33.709999084472656,33.709999084472656,29.064373016357422,4600
2017-12-14,33.75,34.5,33.75,34.5,29.74551010131836,5900
2017-12-15,34.25,34.5,34.1349983215332,34.310001373291016,29.58169174194336,13100
2017-12-18,34.310001373291016,34.5,34.244998931884766,34.5,29.74551010131836,6100
2017-12-19,34.099998474121094,34.5,34.04999923706055,34.5,29.74551010131836,4000
2017-12-20,34.439998626708984,34.459999084472656,34.43000030517578,34.45000076293945,29.70240020751953,900
2017-12-21,34.290000915527344,34.4900016784668,33.83599853515625,34.4900016784668,29.736886978149414,1900
2017-12-22,34.099998474121094,34.5,34.099998474121094,34.459999084472656,29.711013793945312,2600
2017-12-26,34.0,34.4900016784668,33.935001373291016,34.25,29.52995491027832,10500
2017-12-27,34.09000015258789,34.400001525878906,34.0,34.369998931884766,29.6334171295166,13400
2017-12-28,34.099998474121094,34.20000076293945,33.5,33.880001068115234,29.210952758789062,2100
2017-12-29,33.91999816894531,34.34000015258789,33.5,34.34000015258789,29.607563018798828,1700
2018-01-02,34.20000076293945,34.20000076293945,33.959999084472656,33.970001220703125,29.288541793823242,10400
2018-01-03,33.869998931884766,33.97999954223633,33.2599983215332,33.650001525878906,29.012645721435547,9800
2018-01-04,33.04999923706055,33.310001373291016,32.92499923706055,33.220001220703125,28.641910552978516,5100
2018-01-05,33.400001525878906,33.400001525878906,33.040000915527344,33.040000915527344,28.48671531677246,3700
2018-01-08,33.040000915527344,33.040000915527344,32.79999923706055,32.79999923706055,28.2797908782959,3800
2018-01-09,32.849998474121094,33.0,32.75,32.970001220703125,28.426359176635742,13700
2018-01-10,32.78099822998047,33.900001525878906,32.7599983215332,33.0,28.452220916748047,19700
2018-01-11,33.111000061035156,33.88999938964844,32.77899932861328,33.0,28.452220916748047,9600
2018-01-12,33.25,33.900001525878906,32.970001220703125,32.970001220703125,28.426359176635742,12600
2018-01-16,33.5,33.5,33.029998779296875,33.38999938964844,28.788475036621094,1700
2018-01-17,33.45000076293945,33.45000076293945,32.959999084472656,32.959999084472656,28.4177303314209,1500
2018-01-18,33.0099983215332,33.099998474121094,32.84000015258789,32.869998931884766,28.340145111083984,21700
2018-01-19,32.5,32.900001525878906,32.5,32.5099983215332,28.029756546020508,7300
2018-01-22,32.70000076293945,32.79999923706055,32.70000076293945,32.75,28.236675262451172,5500
2018-01-23,32.75,32.79999923706055,32.70000076293945,32.709999084472656,28.202190399169922,3600
2018-01-24,32.79999923706055,32.849998474121094,32.755001068115234,32.849998474121094,28.322895050048828,8900
2018-01-25,32.71099853515625,32.79999923706055,32.71099853515625,32.75,28.236675262451172,2600
2018-01-26,32.75,32.900001525878906,32.720001220703125,32.900001525878906,28.366012573242188,13400
2018-01-29,32.72999954223633,32.79999923706055,32.72999954223633,32.7599983215332,28.24530029296875,10800
2018-01-30,32.79999923706055,32.79999923706055,32.79999923706055,32.79999923706055,28.2797908782959,1900
2018-01-31,32.79999923706055,32.79999923706055,32.75,32.79999923706055,28.2797908782959,5200
2018-02-01,32.70000076293945,32.70000076293945,32.5,32.5099983215332,28.029756546020508,12700
2018-02-02,32.435001373291016,32.5,32.04999923706055,32.4900016784668,28.01250648498535,12500
2018-02-05,32.400001525878906,32.79999923706055,32.04999923706055,32.06999969482422,27.650388717651367,5800
2018-02-06,32.38999938964844,32.75,31.81999969482422,32.70000076293945,28.193571090698242,21100
2018-02-07,32.736000061035156,32.7400016784668,31.94099998474121,32.0,27.590038299560547,20700
2018-02-08,32.0,32.0,31.75,31.850000381469727,27.460710525512695,11400
2018-02-09,31.989999771118164,32.369998931884766,31.75,32.0,27.590038299560547,31500
2018-02-12,31.899999618530273,32.15999984741211,31.5,31.639999389648438,27.27964973449707,59400
2018-02-13,31.989999771118164,32.540000915527344,31.940000534057617,32.439998626708984,27.969398498535156,16600
2018-02-14,32.02000045776367,32.47999954223633,31.93000030517578,32.400001525878906,27.934911727905273,15100
2018-02-15,32.150001525878906,32.72999954223633,31.75,32.560001373291016,28.072858810424805,26100
2018-02-16,32.02000045776367,32.75,32.0,32.709999084472656,28.202190399169922,19600
2018-02-20,32.459999084472656,32.650001525878906,32.22999954223633,32.22999954223633,27.78833770751953,7400
2018-02-21,32.54999923706055,32.599998474121094,32.474998474121094,32.599998474121094,28.107345581054688,5200
2018-02-22,32.5,32.5,32.40999984741211,32.5,28.021133422851562,3600
2018-02-23,32.41999816894531,32.599998474121094,32.38199996948242,32.599998474121094,28.107345581054688,13800
2018-02-26,32.599998474121094,32.75,32.2599983215332,32.599998474121094,28.107345581054688,3500
2018-02-27,32.68600082397461,32.75,32.459999084472656,32.459999084472656,27.98664093017578,10600
2018-02-28,32.66999816894531,32.79999923706055,32.40999984741211,32.529998779296875,28.046998977661133,9100
2018-03-01,32.5,32.900001525878906,32.2400016784668,32.900001525878906,28.366012573242188,11000
2018-03-02,32.650001525878906,32.900001525878906,32.38999938964844,32.810001373291016,28.28841209411621,17900
2018-03-05,32.849998474121094,32.900001525878906,32.650001525878906,32.75,28.236675262451172,3500
2018-03-06,32.400001525878906,32.7400016784668,32.290000915527344,32.29999923706055,27.84869384765625,19900
2018-03-07,32.290000915527344,32.95000076293945,32.2400016784668,32.75,28.236675262451172,21500
2018-03-08,32.599998474121094,32.95000076293945,32.465999603271484,32.73500061035156,28.22374153137207,10200
2018-03-09,32.900001525878906,32.900001525878906,32.529998779296875,32.84000015258789,28.31427574157715,22200
2018-03-12,32.81999969482422,32.93000030517578,32.75,32.779998779296875,28.262542724609375,8300
2018-03-13,32.79999923706055,32.91999816894531,32.689998626708984,32.91999816894531,28.383241653442383,2900
2018-03-14,32.900001525878906,32.900001525878906,32.34000015258789,32.34000015258789,27.8831787109375,4000
2018-03-15,32.88999938964844,32.88999938964844,32.4010009765625,32.79999923706055,28.2797908782959,3600
2018-03-16,32.75,32.95000076293945,32.7400016784668,32.95000076293945,28.40911293029785,29600
2018-03-19,32.900001525878906,33.0,32.400001525878906,33.0,28.452220916748047,12900
2018-03-20,33.0,33.7599983215332,33.0,33.7599983215332,29.107486724853516,8600
2018-03-21,33.25,34.689998626708984,32.974998474121094,34.56999969482422,29.805858612060547,9700
2018-03-22,34.290000915527344,34.599998474121094,32.731998443603516,33.7599983215332,29.107486724853516,9200
2018-03-23,33.81999969482422,34.0,33.779998779296875,34.0,29.314414978027344,13300
2018-03-26,34.47999954223633,34.689998626708984,33.005001068115234,33.75,29.098861694335938,22000
2018-03-27,33.65999984741211,34.099998474121094,33.59000015258789,34.099998474121094,29.4006290435791,16300
2018-03-28,33.9900016784668,34.0,33.439998626708984,33.474998474121094,28.861764907836914,3200
2018-03-29,33.720001220703125,34.5,33.720001220703125,34.5,29.74551010131836,3500
2018-04-02,34.18000030517578,34.689998626708984,33.76499938964844,34.45000076293945,29.70240020751953,7400
2018-04-03,34.709999084472656,34.709999084472656,34.02000045776367,34.02000045776367,29.3316593170166,7900
2018-04-04,34.5,34.5,34.0099983215332,34.4900016784668,29.736886978149414,6000
2018-04-05,34.005001068115234,34.900001525878906,34.005001068115234,34.7599983215332,29.969675064086914,8100
2018-04-06,34.7599983215332,34.7599983215332,33.650001525878906,34.5,29.74551010131836,8400
2018-04-09,34.27000045776367,34.5,34.20000076293945,34.310001373291016,29.58169174194336,16700
2018-04-10,34.5,34.5,34.25,34.4900016784668,29.736886978149414,8800
2018-04-11,34.31999969482422,34.5,33.849998474121094,33.849998474121094,29.185081481933594,10100
2018-04-12,33.95000076293945,34.22999954223633,33.58000183105469,33.900001525878906,29.228195190429688,2700
2018-04-13,34.38999938964844,34.45000076293945,34.189998626708984,34.45000076293945,29.70240020751953,2300
2018-04-16,34.34000015258789,34.349998474121094,34.02000045776367,34.02000045776367,29.3316593170166,1300
2018-04-17,33.310001373291016,34.56999969482422,33.310001373291016,34.4900016784668,29.736886978149414,4600
2018-04-18,34.0,34.38999938964844,33.72999954223633,34.099998474121094,29.4006290435791,4000
2018-04-19,33.5099983215332,34.290000915527344,33.5099983215332,34.25,29.52995491027832,5300
2018-04-20,34.400001525878906,34.5,33.5,34.45000076293945,29.70240020751953,6600
2018-04-23,34.0,34.400001525878906,33.599998474121094,34.349998474121094,29.616182327270508,12200
2018-04-24,34.400001525878906,34.400001525878906,33.68000030517578,34.34000015258789,29.607563018798828,24400
2018-04-25,34.130001068115234,34.279998779296875,33.54999923706055,33.54999923706055,28.926424026489258,7600
2018-04-26,33.90999984741211,34.400001525878906,33.709999084472656,33.849998474121094,29.185081481933594,16700
2018-04-27,33.93000030517578,34.20000076293945,33.099998474121094,33.400001525878906,28.797101974487305,25800
2018-04-30,33.36000061035156,33.5,32.95000076293945,33.220001220703125,28.641910552978516,19100
2018-05-01,33.209999084472656,33.724998474121094,33.209999084472656,33.540000915527344,28.917808532714844,31200
2018-05-02,33.400001525878906,33.400001525878906,33.25,33.27000045776367,28.685014724731445,7300
2018-05-03,33.06700134277344,33.66999816894531,33.06700134277344,33.630001068115234,28.99540138244629,2400
2018-05-04,33.5099983215332,33.619998931884766,33.41999816894531,33.6150016784668,28.98247528076172,3400
2018-05-07,33.4900016784668,33.5099983215332,33.33000183105469,33.5,28.883316040039062,3200
2018-05-08,33.5,33.95000076293945,33.060001373291016,33.5,28.883316040039062,23700
2018-05-09,33.375,33.75,33.375,33.525001525878906,28.904876708984375,15000
2018-05-10,32.849998474121094,33.790000915527344,32.849998474121094,33.689998626708984,29.047136306762695,4700
2018-05-11,33.5099983215332,33.632999420166016,32.959999084472656,33.599998474121094,28.96953582763672,3900
2018-05-14,33.46500015258789,33.5099983215332,33.02000045776367,33.27000045776367,28.685014724731445,4200
2018-05-15,33.400001525878906,33.4900016784668,33.0099983215332,33.4900016784668,28.874691009521484,5600
2018-05-16,33.11000061035156,33.4900016784668,33.11000061035156,33.400001525878906,28.797101974487305,9700
2018-05-17,33.150001525878906,33.45000076293945,33.0260009765625,33.11000061035156,28.547067642211914,2400
2018-05-18,33.45000076293945,33.45000076293945,33.25,33.43000030517578,28.82295799255371,7900
2018-05-21,33.25,33.25,32.209999084472656,33.0099983215332,28.460847854614258,11800
2018-05-22,33.099998474121094,33.4900016784668,33.099998474121094,33.25,28.667774200439453,5800
2018-05-23,33.29999923706055,33.47999954223633,33.09000015258789,33.25,28.667774200439453,19500
2018-05-24,32.5,33.224998474121094,32.5,33.0,28.452220916748047,6800
2018-05-25,33.4900016784668,33.4900016784668,33.0,33.0099983215332,28.460847854614258,8500
2018-05-29,32.9900016784668,33.15999984741211,32.9900016784668,33.0,28.452220916748047,11600
2018-05-30,33.82500076293945,33.82500076293945,32.689998626708984,32.689998626708984,28.18494415283203,17900
2018-05-31,32.900001525878906,33.18000030517578,32.79999923706055,32.84000015258789,28.31427574157715,8000
2018-06-01,33.16999816894531,33.349998474121094,32.900001525878906,33.0,28.452220916748047,5700
2018-06-04,33.029998779296875,33.244998931884766,32.63399887084961,32.95000076293945,28.40911293029785,20200
2018-06-05,32.959999084472656,33.5,32.95000076293945,32.95000076293945,28.40911293029785,4300
2018-06-06,33.099998474121094,33.099998474121094,32.91999816894531,32.91999816894531,28.383241653442383,49800
2018-06-07,33.034000396728516,33.034000396728516,32.70000076293945,32.849998474121094,28.322895050048828,13800
2018-06-08,32.75,32.91999816894531,32.529998779296875,32.599998474121094,28.107345581054688,12300
2018-06-11,32.83000183105469,32.92499923706055,32.560001373291016,32.68000030517578,28.17632484436035,14400
2018-06-12,32.560001373291016,32.724998474121094,32.560001373291016,32.560001373291016,28.072858810424805,13100
2018-06-13,32.400001525878906,32.70000076293945,32.400001525878906,32.439998626708984,27.969398498535156,11900
2018-06-14,32.95000076293945,32.95000076293945,32.400001525878906,32.650001525878906,28.150461196899414,6500
2018-06-15,32.65999984741211,32.724998474121094,32.400001525878906,32.70000076293945,28.193571090698242,45800
2018-06-18,32.900001525878906,32.9900016784668,32.560001373291016,32.61000061035156,28.115970611572266,19700
2018-06-19,32.70000076293945,32.9900016784668,32.439998626708984,32.630001068115234,28.133211135864258,87100
2018-06-20,32.59000015258789,32.849998474121094,32.59000015258789,32.7400016784668,28.22805404663086,27100
2018-06-21,32.650001525878906,33.0,32.54999923706055,32.560001373291016,28.072858810424805,37800
2018-06-22,32.65999984741211,33.099998474121094,32.54999923706055,32.88999938964844,28.357383728027344,622400
2018-06-25,32.88999938964844,33.31999969482422,32.56999969482422,33.09000015258789,28.52981948852539,20700
2018-06-26,32.79999923706055,33.04999923706055,32.779998779296875,32.9900016784668,28.443601608276367,14600
2018-06-27,33.0,33.34000015258789,32.849998474121094,32.939998626708984,28.400493621826172,23600
2018-06-28,32.81999969482422,33.36000061035156,32.81999969482422,33.31999969482422,28.728118896484375,13800
2018-06-29,33.189998626708984,33.400001525878906,33.0,33.25,28.667774200439453,13700
2018-07-02,33.25,33.9900016784668,33.25,33.9900016784668,29.3057861328125,26600
2018-07-03,34.0,34.790000915527344,33.849998474121094,34.790000915527344,29.995546340942383,17400
2018-07-05,34.84000015258789,34.9900016784668,34.5,34.9900016784668,30.167980194091797,28300
2018-07-06,35.0,35.38999938964844,34.849998474121094,35.04999923706055,30.219711303710938,30400
2018-07-09,34.61000061035156,35.38999938964844,34.53900146484375,35.34000015258789,30.469745635986328,31400
2018-07-10,35.400001525878906,35.400001525878906,34.76100158691406,35.29999923706055,30.435258865356445,20400
2018-07-11,35.20000076293945,35.45000076293945,35.09000015258789,35.27000045776367,30.409391403198242,34900
2018-07-12,35.369998931884766,35.369998931884766,34.6510009765625,35.2599983215332,30.400768280029297,5700
2018-07-13,35.13999938964844,35.209999084472656,34.560001373291016,34.650001525878906,29.874835968017578,41200
2018-07-16,33.34700012207031,34.939998626708984,33.34700012207031,34.70000076293945,29.917951583862305,19300
2018-07-17,34.66999816894531,34.66999816894531,33.75,34.400001525878906,29.65928840637207,11800
2018-07-18,34.43000030517578,34.599998474121094,33.779998779296875,34.540000915527344,29.779998779296875,11000
2018-07-19,34.58000183105469,34.58000183105469,34.334999084472656,34.470001220703125,29.719646453857422,6100
2018-07-20,34.47999954223633,34.599998474121094,34.38999938964844,34.40999984741211,29.667911529541016,3100
2018-07-23,34.31999969482422,34.939998626708984,33.650001525878906,34.77000045776367,29.978303909301758,17800
2018-07-24,34.720001220703125,35.2400016784668,34.720001220703125,35.04999923706055,30.219711303710938,10000
2018-07-25,34.400001525878906,34.97999954223633,34.400001525878906,34.61000061035156,29.840347290039062,4600
2018-07-26,34.7599983215332,35.08000183105469,34.39500045776367,34.970001220703125,30.150733947753906,9600
2018-07-27,35.0099983215332,35.0099983215332,33.68000030517578,33.75,29.098861694335938,16400
2018-07-30,33.75,34.44499969482422,33.66999816894531,33.959999084472656,29.279924392700195,9200
2018-07-31,34.18000030517578,34.18000030517578,33.66999816894531,33.90999984741211,29.236814498901367,8600
2018-08-01,33.77000045776367,33.83000183105469,33.599998474121094,33.83000183105469,29.1678409576416,14400
2018-08-02,33.66999816894531,34.130001068115234,33.66999816894531,34.0,29.314414978027344,7100
2018-08-03,33.97999954223633,33.97999954223633,33.599998474121094,33.599998474121094,28.96953582763672,5200
2018-08-06,33.54999923706055,33.93000030517578,33.25,33.400001525878906,28.797101974487305,9900
2018-08-07,33.38999938964844,33.880001068115234,33.25,33.400001525878906,28.797101974487305,11000
2018-08-08,33.59000015258789,33.59000015258789,33.2599983215332,33.470001220703125,28.857454299926758,6900
2018-08-09,33.720001220703125,33.720001220703125,33.27000045776367,33.45000076293945,28.8402099609375,2400
2018-08-10,33.40999984741211,33.56999969482422,33.099998474121094,33.41999816894531,28.814346313476562,6900
2018-08-13,33.2400016784668,33.46500015258789,33.099998474121094,33.099998474121094,28.538442611694336,3900
2018-08-14,33.11000061035156,33.310001373291016,33.0,33.220001220703125,28.641910552978516,10500
2018-08-15,33.38999938964844,33.40999984741211,33.38999938964844,33.38999938964844,28.788475036621094,1900
2018-08-16,33.38999938964844,33.38999938964844,33.310001373291016,33.380001068115234,28.779857635498047,3500
2018-08-17,33.2400016784668,33.599998474121094,33.11000061035156,33.130001068115234,28.564311981201172,5800
2018-08-20,33.119998931884766,33.6879997253418,33.0099983215332,33.380001068115234,28.779857635498047,6100
2018-08-21,33.22999954223633,33.939998626708984,33.15999984741211,33.33000183105469,28.73674774169922,7800
2018-08-22,33.27000045776367,33.939998626708984,32.91299819946289,33.58000183105469,28.952299118041992,5700
2018-08-23,33.68000030517578,33.68000030517578,33.040000915527344,33.400001525878906,28.797101974487305,6000
2018-08-24,33.5,33.599998474121094,33.0,33.27000045776367,28.685014724731445,12200
2018-08-27,33.551998138427734,33.86000061035156,33.02000045776367,33.02000045776367,28.469472885131836,5100
2018-08-28,33.09000015258789,33.79999923706055,32.90999984741211,33.2599983215332,28.6763973236084,4900
2018-08-29,33.33000183105469,33.8129997253418,32.983001708984375,33.13999938964844,28.57292938232422,7300
2018-08-30,33.150001525878906,33.150001525878906,32.849998474121094,32.849998474121094,28.322895050048828,4000
2018-08-31,32.939998626708984,33.01499938964844,32.75,32.900001525878906,28.366012573242188,3000
2018-09-04,32.79999923706055,33.0,32.75,32.7599983215332,28.24530029296875,8100
2018-09-05,32.75,32.849998474121094,32.56999969482422,32.650001525878906,28.150461196899414,7400
2018-09-06,32.560001373291016,32.689998626708984,32.54999923706055,32.58000183105469,28.090106964111328,3500
2018-09-07,32.54999923706055,32.7599983215332,32.36000061035156,32.599998474121094,28.107345581054688,8300
2018-09-10,32.38999938964844,32.5,32.310001373291016,32.47999954223633,28.003881454467773,5200
2018-09-11,32.29999923706055,32.349998474121094,32.11000061035156,32.20000076293945,27.762470245361328,15800
2018-09-12,32.099998474121094,32.099998474121094,31.860000610351562,31.860000610351562,27.469329833984375,13800
2018-09-13,31.840999603271484,31.93000030517578,31.639999389648438,31.639999389648438,27.27964973449707,6000
2018-09-14,31.3700008392334,31.760000228881836,31.299999237060547,31.450000762939453,27.115829467773438,8400
2018-09-17,31.5,31.5,31.31999969482422,31.420000076293945,27.0899658203125,3700
2018-09-18,31.5,31.5,31.110000610351562,31.170000076293945,26.874418258666992,6700
2018-09-19,31.1299991607666,31.940000534057617,31.1200008392334,31.510000228881836,27.167566299438477,16100
2018-09-20,31.799999237060547,32.29999923706055,31.309999465942383,31.989999771118164,27.581411361694336,18500
2018-09-21,31.979999542236328,33.13999938964844,31.670000076293945,33.13999938964844,28.57292938232422,38800
2018-09-24,32.84000015258789,32.84000015258789,31.450000762939453,31.68000030517578,27.314136505126953,6100
2018-09-25,31.84000015258789,32.209999084472656,31.670000076293945,31.959999084472656,27.5555477142334,14000
2018-09-26,31.780000686645508,32.029998779296875,30.719999313354492,30.729999542236328,26.49505615234375,23500
2018-09-27,30.770000457763672,30.770000457763672,30.34000015258789,30.5,26.296751022338867,10500
2018-09-28,30.299999237060547,30.600000381469727,30.027999877929688,30.540000915527344,26.331241607666016,6200
2018-10-01,30.639999389648438,30.829999923706055,30.260000228881836,30.670000076293945,26.443323135375977,7000
2018-10-02,30.350000381469727,30.600000381469727,30.31999969482422,30.440000534057617,26.245023727416992,4100
2018-10-03,30.540000915527344,30.899999618530273,30.454999923706055,30.75,26.512298583984375,7900
2018-10-04,30.90999984741211,31.440000534057617,30.549999237060547,30.549999237060547,26.339862823486328,7600
2018-10-05,30.56999969482422,31.145999908447266,30.56999969482422,30.739999771118164,26.503677368164062,1600
2018-10-08,30.770000457763672,31.219999313354492,30.34000015258789,30.450000762939453,26.253646850585938,15100
2018-10-09,30.600000381469727,31.170000076293945,30.309999465942383,30.790000915527344,26.54678726196289,10700
2018-10-10,30.716999053955078,31.15999984741211,30.6200008392334,30.6200008392334,26.40022087097168,5100
2018-10-11,31.079999923706055,31.190000534057617,30.5,30.84000015258789,26.58989715576172,5200
2018-10-12,30.670000076293945,31.149999618530273,30.5,30.8700008392334,26.615764617919922,9900
2018-10-15,30.950000762939453,31.190000534057617,30.510000228881836,30.8799991607666,26.6243839263916,3900
2018-10-16,30.68000030517578,31.18000030517578,30.579999923706055,31.18000030517578,26.883039474487305,4400
2018-10-17,30.75,31.040000915527344,30.75,30.799999237060547,26.555410385131836,6700
2018-10-18,31.100000381469727,31.100000381469727,30.5,30.799999237060547,26.555410385131836,4900
2018-10-19,30.649999618530273,30.981000900268555,30.549999237060547,30.549999237060547,26.339862823486328,4700
2018-10-22,30.690000534057617,30.709999084472656,30.5,30.6200008392334,26.40022087097168,13100
2018-10-23,30.5,31.15999984741211,29.790000915527344,30.239999771118164,26.07258415222168,12800
2018-10-24,30.2549991607666,30.459999084472656,29.649999618530273,29.649999618530273,25.56389045715332,8800
2018-10-25,29.93000030517578,30.040000915527344,28.15999984741211,29.34000015258789,25.296613693237305,16400
2018-10-26,29.09000015258789,29.3799991607666,28.760000228881836,29.030000686645508,25.029335021972656,6600
2018-10-29,28.889999389648438,29.25,28.850000381469727,29.1299991607666,25.115556716918945,9300
2018-10-30,29.25,29.690000534057617,28.986000061035156,29.34000015258789,25.296613693237305,9900
2018-10-31,29.3799991607666,29.459999084472656,26.770000457763672,28.25,24.356830596923828,20400
2018-11-01,28.31999969482422,28.959999084472656,28.15999984741211,28.959999084472656,24.968978881835938,10800
2018-11-02,28.979999542236328,28.989999771118164,28.700000762939453,28.81999969482422,24.874046325683594,4800
2018-11-05,28.93000030517578,29.229999542236328,28.579999923706055,28.899999618530273,24.94308853149414,8600
2018-11-06,29.18000030517578,29.329999923706055,29.110000610351562,29.110000610351562,25.124338150024414,3200
2018-11-07,29.350000381469727,29.969999313354492,29.190000534057617,29.969999313354492,25.866586685180664,5700
2018-11-08,29.979999542236328,30.25,29.799999237060547,30.25,26.108251571655273,7400
2018-11-09,30.170000076293945,30.25,29.302000045776367,29.709999084472656,25.642181396484375,6700
2018-11-12,29.860000610351562,29.8700008392334,29.392000198364258,29.420000076293945,25.39189910888672,6900
2018-11-13,29.540000915527344,29.889999389648438,29.139999389648438,29.18000030517578,25.18475341796875,7600
2018-11-14,29.200000762939453,30.21500015258789,29.149999618530273,29.200000762939453,25.202014923095703,10200
2018-11-15,29.229999542236328,29.700000762939453,29.190000534057617,29.579999923706055,25.529985427856445,8900
2018-11-16,29.450000762939453,29.940000534057617,29.31999969482422,29.399999618530273,25.374629974365234,9900
2018-11-19,29.579999923706055,30.100000381469727,29.3700008392334,29.600000381469727,25.5472469329834,7700
2018-11-20,29.489999771118164,29.5,29.1299991607666,29.1299991607666,25.141597747802734,6900
2018-11-21,29.799999237060547,29.989999771118164,29.479999542236328,29.959999084472656,25.857952117919922,7900
2018-11-23,29.559999465942383,29.559999465942383,29.020000457763672,29.280000686645508,25.27105712890625,7900
2018-11-26,29.31999969482422,29.75,28.56999969482422,28.56999969482422,24.658273696899414,24500
2018-11-27,28.579999923706055,29.420000076293945,28.516000747680664,28.959999084472656,24.994871139526367,26500
2018-11-28,28.959999084472656,29.799999237060547,28.950000762939453,29.65999984741211,25.599031448364258,10300
2018-11-29,29.68000030517578,29.700000762939453,28.959999084472656,29.200000762939453,25.202014923095703,7900
2018-11-30,29.350000381469727,29.610000610351562,28.31999969482422,29.399999618530273,25.374629974365234,65300
2018-12-03,29.450000762939453,29.700000762939453,28.993000030517578,29.700000762939453,25.633554458618164,1900
2018-12-04,29.639999389648438,29.65999984741211,28.68000030517578,29.15999984741211,25.16748809814453,12700
2018-12-06,28.790000915527344,29.510000228881836,28.790000915527344,28.860000610351562,24.908565521240234,7900
2018-12-07,28.899999618530273,29.149999618530273,28.420000076293945,28.84000015258789,24.89130210876465,13500
2018-12-10,28.8799991607666,29.190000534057617,28.850000381469727,28.959999084472656,24.994871139526367,12100
2018-12-11,29.110000610351562,29.200000762939453,28.5,29.079999923706055,25.098445892333984,14900
2018-12-12,29.290000915527344,29.290000915527344,28.489999771118164,28.489999771118164,24.5892276763916,24400
2018-12-13,28.559999465942383,28.559999465942383,27.6299991607666,28.399999618530273,24.51154327392578,9700
2018-12-14,27.959999084472656,28.194000244140625,27.84000015258789,27.84000015258789,24.02822494506836,5500
2018-12-17,27.93000030517578,27.93000030517578,27.179000854492188,27.239999771118164,23.510372161865234,23200
2018-12-18,27.450000762939453,27.899999618530273,27.239999771118164,27.459999084472656,23.700254440307617,9200
2018-12-19,27.31999969482422,27.84000015258789,27.31999969482422,27.68000030517578,23.8901309967041,4700
2018-12-20,27.739999771118164,28.530000686645508,27.52400016784668,28.239999771118164,24.373456954956055,18100
2018-12-21,28.200000762939453,28.459999084472656,27.350000381469727,28.0,24.166318893432617,33600
2018-12-24,28.0,28.0,27.309999465942383,27.68000030517578,23.8901309967041,6800
2018-12-26,27.780000686645508,28.200000762939453,27.31999969482422,27.899999618530273,24.080007553100586,10300
2018-12-27,27.850000381469727,28.329999923706055,27.649999618530273,28.0,24.166318893432617,15800
2018-12-28,27.899999618530273,28.100000381469727,27.899999618530273,27.989999771118164,24.157684326171875,15600
2018-12-31,28.0,28.079999923706055,27.700000762939453,27.899999618530273,24.080007553100586,20600
2019-01-02,27.579999923706055,28.075000762939453,27.579999923706055,27.979999542236328,24.14905548095703,8100
2019-01-03,27.639999389648438,28.56999969482422,27.639999389648438,28.299999237060547,24.425235748291016,10000
2019-01-04,28.56999969482422,29.110000610351562,28.200000762939453,29.100000381469727,25.11570930480957,35800
2019-01-07,28.989999771118164,29.1200008392334,28.739999771118164,29.110000610351562,25.124338150024414,5700
2019-01-08,29.290000915527344,29.290000915527344,28.9060001373291,29.100000381469727,25.11570930480957,6000
2019-01-09,29.1299991607666,29.479999542236328,29.110000610351562,29.479999542236328,25.443674087524414,14000
2019-01-10,29.209999084472656,29.670000076293945,29.209999084472656,29.65999984741211,25.599031448364258,3300
2019-01-11,29.670000076293945,29.719999313354492,29.440000534057617,29.610000610351562,25.555877685546875,8200
2019-01-14,29.190000534057617,29.739999771118164,29.190000534057617,29.739999771118164,25.668079376220703,4900
2019-01-15,29.690000534057617,29.690000534057617,28.899999618530273,29.510000228881836,25.46957015991211,6100
2019-01-16,29.559999465942383,29.809999465942383,29.559999465942383,29.59000015258789,25.538616180419922,8900
2019-01-17,29.709999084472656,29.709999084472656,29.270000457763672,29.31999969482422,25.30558204650879,7800
2019-01-18,29.399999618530273,29.670000076293945,29.239999771118164,29.239999771118164,25.23653221130371,6500
2019-01-22,29.329999923706055,29.739999771118164,29.06999969482422,29.459999084472656,25.426414489746094,7100
2019-01-23,29.579999923706055,29.739999771118164,29.280000686645508,29.459999084472656,25.426414489746094,5000
2019-01-24,29.59000015258789,29.940000534057617,29.434999465942383,29.940000534057617,25.840696334838867,12300
2019-01-25,30.0,30.0,29.665000915527344,29.93000030517578,25.832067489624023,4500
2019-01-28,29.649999618530273,29.889999389648438,29.579999923706055,29.75,25.67671012878418,6100
2019-01-29,29.899999618530273,29.899999618530273,29.520000457763672,29.709999084472656,25.642181396484375,8300
2019-01-30,29.93000030517578,29.93000030517578,29.670000076293945,29.670000076293945,25.607667922973633,3200
2019-01-31,29.860000610351562,29.860000610351562,29.1299991607666,29.540000915527344,25.495464324951172,9100
2019-02-01,29.399999618530273,29.5,29.399999618530273,29.5,25.4609375,1500
2019-02-04,29.434999465942383,29.760000228881836,29.31999969482422,29.40999984741211,25.38326072692871,9100
2019-02-05,28.964000701904297,29.90999984741211,28.847999572753906,29.899999618530273,25.80617332458496,35700
2019-02-06,29.93000030517578,30.969999313354492,29.899999618530273,30.950000762939453,26.7124080657959,35700
2019-02-07,30.209999084472656,31.1200008392334,30.209999084472656,30.920000076293945,26.7124080657959,3100
2019-02-08,31.190000534057617,31.219999313354492,30.950000762939453,31.049999237060547,26.824718475341797,4300
2019-02-11,31.15999984741211,31.75,31.15999984741211,31.56999969482422,27.273956298828125,4600
2019-02-12,31.520000457763672,31.8799991607666,31.33099937438965,31.690000534057617,27.377628326416016,9800
2019-02-13,31.809999465942383,31.979999542236328,31.736000061035156,31.979999542236328,27.628162384033203,2800
2019-02-14,31.969999313354492,32.0,31.68000030517578,31.81999969482422,27.48993492126465,11200
2019-02-15,31.84000015258789,32.0,31.5,31.9950008392334,27.641124725341797,10700
2019-02-19,32.0,33.33000183105469,32.0,32.939998626708984,28.4575252532959,20800
2019-02-20,32.849998474121094,33.06999969482422,32.13999938964844,32.13999938964844,27.766393661499023,60400
2019-02-21,32.27000045776367,32.4900016784668,32.005001068115234,32.47999954223633,28.060123443603516,8500
2019-02-22,32.54999923706055,32.599998474121094,32.2400016784668,32.4900016784668,28.068763732910156,8100
2019-02-25,32.54999923706055,32.54999923706055,32.29999923706055,32.349998474121094,27.94781494140625,10700
2019-02-26,32.400001525878906,32.5,32.395999908447266,32.5,28.077404022216797,7700
2019-02-27,32.47999954223633,32.5,32.47999954223633,32.47999954223633,28.060123443603516,2800
2019-02-28,32.689998626708984,32.75,32.529998779296875,32.529998779296875,28.103321075439453,2900
2019-03-01,32.439998626708984,32.70000076293945,32.38999938964844,32.560001373291016,28.129234313964844,5700
2019-03-04,32.599998474121094,32.69499969482422,32.59000015258789,32.66999816894531,28.22426986694336,4900
2019-03-05,32.75,32.75,32.5,32.560001373291016,28.129234313964844,3100
2019-03-06,32.479000091552734,32.724998474121094,32.33000183105469,32.33000183105469,27.93053436279297,9000
2019-03-07,32.130001068115234,32.4900016784668,32.06999969482422,32.20000076293945,27.81822967529297,10800
2019-03-08,32.25,32.650001525878906,32.02000045776367,32.13999938964844,27.766393661499023,7400
2019-03-11,32.16999816894531,32.470001220703125,32.15999984741211,32.470001220703125,28.05148696899414,6000
2019-03-12,32.34000015258789,32.5,32.34000015258789,32.5,28.077404022216797,4700
2019-03-13,32.5,32.5,32.29999923706055,32.29999923706055,27.904619216918945,1800
2019-03-14,32.5,32.5099983215332,32.2599983215332,32.290000915527344,27.89598274230957,3700
2019-03-15,32.36000061035156,32.75,32.36000061035156,32.75,28.29338264465332,29000
2019-03-18,32.619998931884766,32.73500061035156,32.310001373291016,32.400001525878906,27.991010665893555,7000
2019-03-19,32.400001525878906,32.400001525878906,32.220001220703125,32.220001220703125,27.83550453186035,3500
2019-03-20,32.369998931884766,32.400001525878906,32.119998931884766,32.29999923706055,27.904619216918945,12700
2019-03-21,32.349998474121094,32.349998474121094,32.220001220703125,32.220001220703125,27.83550453186035,4000
2019-03-22,32.099998474121094,32.11000061035156,31.09000015258789,31.260000228881836,27.006141662597656,12200
2019-03-25,31.34000015258789,31.34000015258789,30.464000701904297,30.75,26.565542221069336,7100
2019-03-26,30.1299991607666,31.479999542236328,30.110000610351562,31.200000762939453,26.95430564880371,9900
2019-03-27,31.1200008392334,31.520000457763672,31.1200008392334,31.399999618530273,27.127092361450195,8300
2019-03-28,32.119998931884766,32.599998474121094,31.507999420166016,32.52000045776367,28.09467887878418,9100
2019-03-29,32.41999816894531,32.5,30.420000076293945,31.729999542236328,27.412185668945312,23500
2019-04-01,32.00199890136719,32.34000015258789,32.00199890136719,32.189998626708984,27.80959129333496,3500
2019-04-02,32.29999923706055,32.38999938964844,32.029998779296875,32.38999938964844,27.98237419128418,3400
2019-04-03,32.470001220703125,32.58000183105469,32.02000045776367,32.5099983215332,28.086044311523438,3200
2019-04-04,32.54999923706055,32.58000183105469,32.3390007019043,32.349998474121094,27.94781494140625,2200
2019-04-05,32.599998474121094,32.689998626708984,32.28099822998047,32.599998474121094,28.16379165649414,2700
2019-04-08,32.5,32.75,32.22999954223633,32.22999954223633,27.844144821166992,10300
2019-04-09,32.439998626708984,32.4900016784668,32.150001525878906,32.150001525878906,27.7750301361084,3600
2019-04-10,32.45000076293945,32.5,32.04999923706055,32.4900016784668,28.068763732910156,2400
2019-04-11,32.369998931884766,32.470001220703125,32.119998931884766,32.29999923706055,27.904619216918945,17700
2019-04-12,32.4900016784668,32.494998931884766,32.119998931884766,32.36000061035156,27.956459045410156,5000
2019-04-15,32.369998931884766,32.369998931884766,32.25,32.290000915527344,27.89598274230957,6300
2019-04-16,32.43000030517578,32.470001220703125,32.209999084472656,32.29999923706055,27.904619216918945,19600
2019-04-17,32.439998626708984,32.54999923706055,32.22999954223633,32.41999816894531,28.008291244506836,11700
2019-04-18,32.290000915527344,32.5,31.905000686645508,32.5,28.077404022216797,3000
2019-04-22,32.415000915527344,32.5,32.380001068115234,32.380001068115234,27.973735809326172,1500
2019-04-23,32.22999954223633,32.22999954223633,30.5,31.18000030517578,26.937028884887695,24700
2019-04-24,30.75,31.18000030517578,30.700000762939453,30.75,26.565542221069336,10500
2019-04-25,30.600000381469727,30.600000381469727,29.959999084472656,30.100000381469727,26.00399398803711,17900
2019-04-26,30.049999237060547,30.5,30.030000686645508,30.030000686645508,25.943519592285156,2100
2019-04-29,30.009000778198242,30.600000381469727,29.950000762939453,30.190000534057617,26.081748962402344,8500
2019-04-30,30.200000762939453,30.200000762939453,29.850000381469727,30.100000381469727,26.00399398803711,13800
2019-05-01,29.93000030517578,29.93000030517578,29.270000457763672,29.469999313354492,25.45972442626953,10900
2019-05-02,29.658000946044922,29.658000946044922,29.600000381469727,29.600000381469727,25.57203483581543,1800
2019-05-03,29.5,29.729999542236328,29.299999237060547,29.68000030517578,25.64114761352539,3500
2019-05-06,29.579999923706055,29.690000534057617,29.350000381469727,29.360000610351562,25.364694595336914,3700
2019-05-07,29.350000381469727,29.43000030517578,29.010000228881836,29.010000228881836,25.06232261657715,5000
2019-05-08,29.899999618530273,29.899999618530273,29.010000228881836,29.110000610351562,25.148714065551758,2900
2019-05-09,29.1200008392334,29.139999389648438,28.75,28.90999984741211,25.00169563293457,10600
2019-05-10,28.75,29.350000381469727,28.5,29.020000457763672,25.096826553344727,5300
2019-05-13,28.790000915527344,28.790000915527344,28.110000610351562,28.110000610351562,24.309846878051758,8400
2019-05-14,28.200000762939453,28.799999237060547,28.040000915527344,28.399999618530273,24.560640335083008,10700
2019-05-15,29.280000686645508,29.280000686645508,27.8700008392334,27.8700008392334,24.102296829223633,4700
2019-05-16,28.0,28.049999237060547,27.799999237060547,27.809999465942383,24.050397872924805,3700
2019-05-17,27.670000076293945,27.959999084472656,27.670000076293945,27.670000076293945,23.9293270111084,3900
2019-05-20,28.0,28.0,27.420000076293945,27.5,23.782310485839844,16900
2019-05-21,27.950000762939453,27.950000762939453,27.614999771118164,27.829999923706055,24.06769561767578,6300
2019-05-22,27.93000030517578,28.149999618530273,27.65999984741211,27.90999984741211,24.136884689331055,5600
2019-05-23,27.714000701904297,28.30500030517578,27.56999969482422,27.56999969482422,23.84284782409668,4600
2019-05-24,28.5,28.5,27.690000534057617,28.25,24.430923461914062,6600
2019-05-28,28.09000015258789,28.844999313354492,27.90999984741211,28.049999237060547,24.257959365844727,8000
2019-05-29,28.1299991607666,28.565000534057617,28.079999923706055,28.079999923706055,24.28390121459961,4400
2019-05-30,28.420000076293945,28.719999313354492,28.1200008392334,28.34000015258789,24.50875473022461,7800
2019-05-31,28.219999313354492,28.253999710083008,28.049999237060547,28.049999237060547,24.257959365844727,7800
2019-06-03,28.579999923706055,28.59000015258789,28.06999969482422,28.06999969482422,24.275253295898438,3500
2019-06-04,28.389999389648438,28.899999618530273,28.31999969482422,28.719999313354492,24.83737564086914,7000
2019-06-05,28.7450008392334,28.790000915527344,28.399999618530273,28.5,24.64712142944336,11200
2019-06-06,28.56999969482422,28.799999237060547,28.450000762939453,28.5,24.64712142944336,8500
2019-06-07,28.889999389648438,28.889999389648438,28.5,28.5,24.64712142944336,2200
2019-06-10,28.854999542236328,29.1200008392334,28.475000381469727,28.639999389648438,24.76819610595703,3700
2019-06-11,28.559999465942383,28.920000076293945,28.559999465942383,28.920000076293945,25.010343551635742,3300
2019-06-12,28.850000381469727,29.010000228881836,28.56999969482422,28.700000762939453,24.820083618164062,4300
2019-06-13,29.239999771118164,29.239999771118164,29.09000015258789,29.09000015258789,25.15735626220703,1700
2019-06-14,29.299999237060547,29.299999237060547,28.81999969482422,28.81999969482422,24.923866271972656,3700
2019-06-17,28.954999923706055,28.954999923706055,28.760000228881836,28.829999923706055,24.932506561279297,2800
2019-06-18,29.0,29.110000610351562,29.0,29.110000610351562,25.17465591430664,1500
2019-06-19,29.805999755859375,29.805999755859375,28.829999923706055,28.8700008392334,24.967103958129883,1400
2019-06-20,29.09000015258789,29.350000381469727,28.81999969482422,28.81999969482422,24.923866271972656,2500
2019-06-21,28.68000030517578,29.084999084472656,28.68000030517578,28.700000762939453,24.820083618164062,7500
2019-06-24,28.889999389648438,28.889999389648438,28.6200008392334,28.6200008392334,24.750900268554688,2500
2019-06-25,29.100000381469727,29.100000381469727,28.809999465942383,28.809999465942383,24.91521453857422,800
2019-06-26,29.239999771118164,29.93000030517578,29.0,29.889999389648438,25.849210739135742,22000
2019-06-27,29.450000762939453,29.889999389648438,29.440000534057617,29.829999923706055,25.797321319580078,15200
2019-06-28,29.690000534057617,30.0,29.33300018310547,30.0,25.944339752197266,38400
2019-07-01,29.959999084472656,30.0,29.274999618530273,29.6200008392334,25.615711212158203,17400
2019-07-02,29.889999389648438,29.889999389648438,28.40999984741211,28.899999618530273,24.993045806884766,10600
2019-07-03,28.850000381469727,29.440000534057617,28.850000381469727,29.280000686645508,25.321674346923828,6200
2019-07-05,29.0,29.479999542236328,29.0,29.469999313354492,25.48598861694336,9200
2019-07-08,29.209999084472656,29.770000457763672,29.209999084472656,29.25,25.295730590820312,1300
2019-07-09,29.079999923706055,29.469999313354492,29.030000686645508,29.049999237060547,25.122770309448242,3100
2019-07-10,29.18000030517578,29.600000381469727,28.6299991607666,28.700000762939453,24.820083618164062,10100
2019-07-11,29.3700008392334,29.3700008392334,28.889999389648438,29.290000915527344,25.330322265625,2600
2019-07-12,29.09000015258789,29.09000015258789,28.81999969482422,28.81999969482422,24.923866271972656,5300
2019-07-15,28.739999771118164,28.8799991607666,28.739999771118164,28.8799991607666,24.975751876831055,1100
2019-07-16,28.809999465942383,28.899999618530273,28.809999465942383,28.899999618530273,24.993045806884766,1400
2019-07-17,28.802000045776367,28.802000045776367,28.6200008392334,28.6200008392334,24.750900268554688,1900
2019-07-18,28.850000381469727,28.850000381469727,28.520000457763672,28.65999984741211,24.785493850708008,4500
2019-07-19,28.440000534057617,28.760000228881836,28.440000534057617,28.760000228881836,24.871971130371094,2000
2019-07-22,28.875,28.8799991607666,28.579999923706055,28.579999923706055,24.71630859375,1200
2019-07-23,28.729999542236328,28.729999542236328,28.670000076293945,28.670000076293945,24.794139862060547,1300
2019-07-24,28.520000457763672,28.704999923706055,28.170000076293945,28.170000076293945,24.361736297607422,6700
2019-07-25,28.209999084472656,28.759000778198242,28.209999084472656,28.260000228881836,24.43956756591797,8000
2019-07-26,28.549999237060547,28.549999237060547,27.5,27.5,23.782310485839844,9700
2019-07-29,28.0,28.0,27.3700008392334,27.3700008392334,23.66988754272461,9200
2019-07-30,27.986000061035156,27.986000061035156,27.479999542236328,27.799999237060547,24.04175567626953,10700
2019-07-31,28.350000381469727,28.600000381469727,27.56999969482422,27.56999969482422,23.84284782409668,8800
2019-08-01,27.209999084472656,27.950000762939453,27.209999084472656,27.3700008392334,23.66988754272461,7700
2019-08-02,27.739999771118164,27.739999771118164,27.31999969482422,27.31999969482422,23.62664222717285,2600
2019-08-05,28.398000717163086,28.398000717163086,27.170000076293945,27.170000076293945,23.49692726135254,6600
2019-08-06,27.260000228881836,27.260000228881836,27.020000457763672,27.020000457763672,23.367202758789062,3900
2019-08-07,27.049999237060547,27.399999618530273,27.049999237060547,27.399999618530273,23.695833206176758,3400
2019-08-08,27.399999618530273,27.510000228881836,27.149999618530273,27.149999618530273,23.5053653717041,4400
2019-08-09,27.6200008392334,27.6200008392334,27.020000457763672,27.020000457763672,23.3928165435791,1600
2019-08-12,26.979999542236328,27.079999923706055,26.75,26.75,23.1590576171875,7100
2019-08-13,26.780000686645508,27.365999221801758,26.780000686645508,26.979999542236328,23.35818099975586,2400
2019-08-14,26.81999969482422,26.81999969482422,26.100000381469727,26.110000610351562,22.604976654052734,5300
2019-08-15,26.770000457763672,26.770000457763672,26.299999237060547,26.600000381469727,23.029197692871094,2900
2019-08-16,26.700000762939453,26.790000915527344,26.125,26.790000915527344,23.19369125366211,4200
2019-08-19,26.641000747680664,26.790000915527344,26.610000610351562,26.790000915527344,23.19369125366211,2700
2019-08-20,26.790000915527344,26.790000915527344,26.3799991607666,26.3799991607666,22.838726043701172,6500
2019-08-21,26.350000381469727,26.549999237060547,26.350000381469727,26.360000610351562,22.821409225463867,2500
2019-08-22,26.34000015258789,26.459999084472656,26.270000457763672,26.270000457763672,22.743499755859375,6300
2019-08-23,26.1200008392334,26.399999618530273,26.020000457763672,26.020000457763672,22.52705955505371,9300
2019-08-26,26.329999923706055,26.329999923706055,25.950000762939453,26.06999969482422,22.570343017578125,3400
2019-08-27,26.75,26.75,25.920000076293945,26.31999969482422,22.78678321838379,3300
2019-08-28,26.06999969482422,26.461999893188477,26.06999969482422,26.440000534057617,22.89067268371582,4000
2019-08-29,26.610000610351562,26.729999542236328,26.1200008392334,26.350000381469727,22.81275749206543,7700
2019-08-30,26.5,26.84000015258789,26.450000762939453,26.700000762939453,23.115772247314453,3100
2019-09-03,26.6299991607666,26.850000381469727,26.6299991607666,26.68000030517578,23.098459243774414,3700
2019-09-04,26.645000457763672,26.860000610351562,26.389999389648438,26.75,23.1590576171875,1700
2019-09-05,26.43000030517578,26.899999618530273,26.43000030517578,26.770000457763672,23.176376342773438,3000
2019-09-06,26.562999725341797,26.8799991607666,26.562999725341797,26.81999969482422,23.219663619995117,2000
2019-09-09,26.889999389648438,26.940000534057617,26.639999389648438,26.649999618530273,23.072484970092773,9600
2019-09-10,26.770000457763672,27.389999389648438,26.770000457763672,26.950000762939453,23.33220863342285,5200
2019-09-11,27.110000610351562,28.514999389648438,27.0,28.450000762939453,24.630849838256836,7300
2019-09-12,28.459999084472656,28.5,27.729999542236328,28.290000915527344,24.492326736450195,25600
2019-09-13,28.049999237060547,28.5,27.760000228881836,28.219999313354492,24.431724548339844,14000
2019-09-16,27.816999435424805,28.579999923706055,27.816999435424805,28.170000076293945,24.38843536376953,2800
2019-09-17,27.90999984741211,28.399999618530273,27.799999237060547,27.799999237060547,24.06810760498047,2300
2019-09-18,27.899999618530273,28.899999618530273,27.899999618530273,28.56999969482422,24.734743118286133,10800
2019-09-19,28.700000762939453,29.200000762939453,28.5,28.559999465942383,24.72608184814453,5000
2019-09-20,28.510000228881836,29.399999618530273,28.152999877929688,29.399999618530273,25.453319549560547,24900
2019-09-23,28.68000030517578,29.09000015258789,28.084999084472656,28.549999237060547,24.717424392700195,7800
2019-09-24,28.440000534057617,28.68000030517578,27.690000534057617,27.690000534057617,23.972871780395508,6000
2019-09-25,27.940000534057617,30.200000762939453,27.81399917602539,29.5,25.539894104003906,26000
2019-09-26,29.5,29.5,28.969999313354492,28.969999313354492,25.081045150756836,3800
2019-09-27,28.889999389648438,29.075000762939453,28.450000762939453,28.8799991607666,25.003128051757812,7100
2019-09-30,28.649999618530273,29.5,28.649999618530273,29.059999465942383,25.158964157104492,7400
2019-10-01,29.3700008392334,29.3700008392334,28.610000610351562,28.610000610351562,24.769372940063477,5200
2019-10-02,28.5,28.68000030517578,27.56999969482422,28.020000457763672,24.258573532104492,8000
2019-10-03,28.1299991607666,28.469999313354492,27.341999053955078,27.979999542236328,24.223941802978516,7600
2019-10-04,28.0,28.520000457763672,27.795000076293945,28.15999984741211,24.379776000976562,7900
2019-10-07,28.149999618530273,28.600000381469727,28.139999389648438,28.280000686645508,24.483671188354492,6400
2019-10-08,28.3799991607666,28.5,28.0,28.389999389648438,24.578903198242188,5400
2019-10-09,28.3799991607666,28.850000381469727,27.45199966430664,28.239999771118164,24.44904136657715,6000
2019-10-10,28.459999084472656,28.860000610351562,28.270000457763672,28.270000457763672,24.47501564025879,5000
2019-10-11,28.479999542236328,29.0,27.84000015258789,28.6200008392334,24.77802848815918,8600
2019-10-14,28.479999542236328,28.915000915527344,28.270000457763672,28.770000457763672,24.907894134521484,5800
2019-10-15,28.450000762939453,28.600000381469727,28.450000762939453,28.549999237060547,24.717424392700195,3000
2019-10-16,28.450000762939453,28.540000915527344,27.809999465942383,28.360000610351562,24.552934646606445,3900
2019-10-17,28.25,28.25,28.25,28.25,24.457700729370117,1800
2019-10-18,28.049999237060547,28.469999313354492,27.809999465942383,28.1200008392334,24.345151901245117,9000
2019-10-21,28.469999313354492,28.600000381469727,28.200000762939453,28.399999618530273,24.58756446838379,7400
2019-10-22,27.8700008392334,28.3700008392334,27.8700008392334,28.350000381469727,24.544275283813477,2400
2019-10-23,28.25,28.3799991607666,27.979999542236328,27.979999542236328,24.223941802978516,3600
2019-10-24,28.049999237060547,28.25,28.049999237060547,28.25,24.457700729370117,1900
2019-10-25,28.100000381469727,28.6299991607666,28.100000381469727,28.440000534057617,24.622196197509766,4100
2019-10-28,28.350000381469727,28.700000762939453,28.030000686645508,28.18000030517578,24.3971004486084,14200
2019-10-29,28.329999923706055,28.649999618530273,28.329999923706055,28.559999465942383,24.72608184814453,1900
2019-10-30,28.1200008392334,29.0,28.1200008392334,29.0,25.107019424438477,3400
2019-10-31,28.850000381469727,28.920000076293945,28.709999084472656,28.760000228881836,24.899234771728516,5700
2019-11-01,28.75,29.5,28.5,29.389999389648438,25.44466209411621,8700
2019-11-04,29.350000381469727,29.7450008392334,29.31999969482422,29.690000534057617,25.704389572143555,9200
2019-11-05,29.489999771118164,29.850000381469727,29.299999237060547,29.5,25.626209259033203,15300
2019-11-06,29.549999237060547,29.700000762939453,29.190000534057617,29.190000534057617,25.356910705566406,5200
2019-11-07,28.71299934387207,29.700000762939453,28.71299934387207,29.440000534057617,25.574087142944336,5400
2019-11-08,29.559999465942383,29.559999465942383,29.360000610351562,29.360000610351562,25.504594802856445,1800
2019-11-11,29.260000228881836,29.40999984741211,28.860000610351562,28.860000610351562,25.070249557495117,1200
2019-11-12,29.209999084472656,29.209999084472656,29.200000762939453,29.200000762939453,25.3656063079834,700
2019-11-13,29.4950008392334,29.4950008392334,29.1200008392334,29.3700008392334,25.51328468322754,3800
2019-11-14,29.538999557495117,29.538999557495117,28.850000381469727,28.850000381469727,25.061569213867188,2600
2019-11-15,29.100000381469727,29.5,29.100000381469727,29.270000457763672,25.42641258239746,4600
2019-11-18,29.600000381469727,29.600000381469727,28.88599967956543,29.25,25.409038543701172,1600
2019-11-19,29.260000228881836,29.799999237060547,29.030000686645508,29.649999618530273,25.756511688232422,6100
2019-11-20,29.360000610351562,29.700000762939453,28.899999618530273,28.950000762939453,25.14842987060547,11400
2019-11-21,29.239999771118164,29.299999237060547,29.084999084472656,29.299999237060547,25.45247459411621,3300
2019-11-22,29.385000228881836,29.389999389648438,29.385000228881836,29.389999389648438,25.53065299987793,700
2019-11-25,29.18000030517578,29.799999237060547,29.09000015258789,29.799999237060547,25.886816024780273,4400
2019-11-26,29.5,29.739999771118164,29.219999313354492,29.219999313354492,25.382976531982422,2100
2019-11-27,29.149999618530273,29.149999618530273,28.350000381469727,28.56999969482422,24.81833267211914,12700
2019-11-29,28.690000534057617,28.700000762939453,28.649999618530273,28.65999984741211,24.896512985229492,3800
2019-12-02,28.81999969482422,28.81999969482422,28.399999618530273,28.399999618530273,24.670654296875,4200
2019-12-03,28.5,29.46500015258789,28.40999984741211,28.600000381469727,24.844392776489258,4800
2019-12-04,28.42799949645996,29.18000030517578,28.42799949645996,29.0,25.191864013671875,4000
2019-12-05,28.854000091552734,29.25,28.739999771118164,29.010000228881836,25.20055389404297,2000
2019-12-06,29.1200008392334,30.139999389648438,29.1200008392334,29.81999969482422,25.904191970825195,35600
2019-12-09,29.950000762939453,30.690000534057617,29.760000228881836,30.520000457763672,26.512269973754883,21200
2019-12-10,30.264999389648438,30.6299991607666,30.25,30.540000915527344,26.529644012451172,2500
2019-12-11,30.68000030517578,30.8799991607666,30.246000289916992,30.8799991607666,26.824996948242188,7200
2019-12-12,30.690000534057617,31.479999542236328,30.4950008392334,31.290000915527344,27.181156158447266,8300
2019-12-13,31.149999618530273,31.989999771118164,30.975000381469727,31.989999771118164,27.78923988342285,12300
2019-12-16,31.84000015258789,32.119998931884766,31.530000686645508,31.84000015258789,27.658935546875,18100
2019-12-17,31.530000686645508,31.739999771118164,30.5,31.360000610351562,27.241966247558594,7100
2019-12-18,31.5,31.979999542236328,31.399999618530273,31.59000015258789,27.441761016845703,17900
2019-12-19,31.5,31.739999771118164,31.15999984741211,31.549999237060547,27.407011032104492,17000
2019-12-20,31.280000686645508,32.0,30.68000030517578,32.0,27.797922134399414,39700
2019-12-23,31.450000762939453,31.920000076293945,31.139999389648438,31.31999969482422,27.207216262817383,16600
2019-12-24,31.530000686645508,31.549999237060547,31.530000686645508,31.549999237060547,27.407011032104492,600
2019-12-26,31.549999237060547,31.549999237060547,31.549999237060547,31.549999237060547,27.407011032104492,0
2019-12-27,31.850000381469727,31.90999984741211,31.530000686645508,31.90999984741211,27.719741821289062,4400
2019-12-30,31.649999618530273,32.0,31.649999618530273,31.899999618530273,27.7110538482666,11300
2019-12-31,31.700000762939453,31.90999984741211,31.440000534057617,31.489999771118164,27.35489273071289,15000
2020-01-02,31.5,31.5,31.239999771118164,31.239999771118164,27.13772201538086,7900
2020-01-03,32.0,32.0,30.860000610351562,30.860000610351562,26.8076229095459,7200
2020-01-06,30.899999618530273,31.469999313354492,30.899999618530273,30.979999542236328,26.911865234375,3600
2020-01-07,31.299999237060547,31.690000534057617,31.27899932861328,31.549999237060547,27.407011032104492,7200
2020-01-08,31.700000762939453,32.25,31.020000457763672,31.899999618530273,27.7110538482666,16800
2020-01-09,31.989999771118164,31.992000579833984,31.389999389648438,31.489999771118164,27.35489273071289,5200
2020-01-10,31.450000762939453,31.75,31.290000915527344,31.600000381469727,27.450448989868164,5100
2020-01-13,31.5,31.670000076293945,31.350000381469727,31.549999237060547,27.407011032104492,4600
2020-01-14,31.030000686645508,31.450000762939453,30.950000762939453,30.950000762939453,26.885801315307617,4900
2020-01-15,31.1299991607666,31.299999237060547,30.969999313354492,31.170000076293945,27.07691192626953,3200
2020-01-16,31.020000457763672,31.299999237060547,31.0,31.06999969482422,26.990049362182617,2800
2020-01-17,31.350000381469727,31.530000686645508,31.100000381469727,31.100000381469727,27.016109466552734,6700
2020-01-21,31.350000381469727,31.489999771118164,30.5,30.969999313354492,26.90317726135254,10700
2020-01-22,31.399999618530273,31.399999618530273,30.950000762939453,31.15999984741211,27.068227767944336,2400
2020-01-23,31.219999313354492,31.850000381469727,31.049999237060547,31.639999389648438,27.485197067260742,1300
2020-01-24,30.923999786376953,31.799999237060547,30.923999786376953,31.399999618530273,27.27671241760254,4900
2020-01-27,31.777000427246094,31.85700035095215,31.030000686645508,31.600000381469727,27.450448989868164,6800
2020-01-28,31.600000381469727,31.979999542236328,31.600000381469727,31.959999084472656,27.763174057006836,5000
2020-01-29,31.809999465942383,31.809999465942383,31.549999237060547,31.579999923706055,27.433074951171875,16800
2020-01-30,30.756000518798828,31.0,30.25,30.43000030517578,26.43408966064453,7300
2020-01-31,30.25,31.065000534057617,30.25,30.5,26.494895935058594,11200
2020-02-03,30.729999542236328,31.59000015258789,30.5,30.5,26.494895935058594,5500
2020-02-04,30.559999465942383,30.559999465942383,30.149999618530273,30.15999984741211,26.199541091918945,6300
2020-02-05,29.829999923706055,30.3700008392334,29.829999923706055,30.3700008392334,26.469728469848633,1500
2020-02-06,31.309999465942383,31.309999465942383,30.450000762939453,30.549999237060547,26.626609802246094,4100
2020-02-07,29.5,30.84600067138672,29.5,30.200000762939453,26.321563720703125,2300
2020-02-10,30.209999084472656,30.861000061035156,30.209999084472656,30.40999984741211,26.504594802856445,1500
2020-02-11,30.84000015258789,30.84000015258789,30.200000762939453,30.649999618530273,26.713768005371094,4200
2020-02-12,30.75,31.6299991607666,30.75,31.09000015258789,27.09726333618164,16300
2020-02-13,31.1299991607666,31.610000610351562,31.049999237060547,31.59000015258789,27.533050537109375,5100
2020-02-14,31.600000381469727,31.93000030517578,31.600000381469727,31.899999618530273,27.803239822387695,13300
2020-02-18,31.899999618530273,32.0,31.59000015258789,31.600000381469727,27.541767120361328,2800
2020-02-19,31.40999984741211,31.420000076293945,31.34000015258789,31.420000076293945,27.384883880615234,3100
2020-02-20,31.549999237060547,31.549999237060547,29.799999237060547,30.299999237060547,26.408716201782227,11500
2020-02-21,30.540000915527344,30.84000015258789,29.60099983215332,30.139999389648438,26.26926612854004,7700
2020-02-24,30.273000717163086,30.290000915527344,29.799999237060547,29.799999237060547,25.972932815551758,2400
2020-02-25,29.65999984741211,30.229999542236328,29.145000457763672,29.459999084472656,25.676597595214844,4100
2020-02-26,29.479999542236328,30.07900047302246,29.139999389648438,29.139999389648438,25.397689819335938,1100
2020-02-27,29.059999465942383,29.059999465942383,27.530000686645508,27.530000686645508,23.99445343017578,6400
2020-02-28,28.700000762939453,28.700000762939453,26.81999969482422,27.260000228881836,23.759130477905273,9700
2020-03-02,27.030000686645508,28.190000534057617,26.850000381469727,28.100000381469727,24.491254806518555,10800
2020-03-03,27.690000534057617,27.966999053955078,26.81999969482422,27.56999969482422,24.02931785583496,11400
2020-03-04,26.5,28.5,25.5,28.469999313354492,24.813735961914062,51000
2020-03-05,27.610000610351562,28.100000381469727,26.799999237060547,28.100000381469727,24.491254806518555,8600
2020-03-06,27.139999389648438,28.139999389648438,26.559999465942383,26.790000915527344,23.34949493408203,7000
2020-03-09,25.520000457763672,25.520000457763672,23.94300079345703,24.600000381469727,21.44074249267578,20000
2020-03-10,24.760000228881836,26.1299991607666,24.760000228881836,25.690000534057617,22.39076042175293,5600
2020-03-11,24.760000228881836,25.0,24.110000610351562,24.110000610351562,21.013671875,6700
2020-03-12,23.260000228881836,23.260000228881836,21.0,21.014999389648438,18.31614875793457,16900
2020-03-13,21.479999542236328,24.280000686645508,21.229999542236328,24.280000686645508,21.161836624145508,16100
2020-03-16,21.899999618530273,22.360000610351562,19.09000015258789,19.93000030517578,17.3704891204834,8000
2020-03-17,22.11199951171875,25.139999389648438,21.40999984741211,25.110000610351562,21.88524627685547,13600
2020-03-18,24.514999389648438,24.8700008392334,23.06999969482422,23.06999969482422,20.10723304748535,10000
2020-03-19,22.510000228881836,26.010000228881836,22.510000228881836,26.010000228881836,22.669662475585938,24700
2020-03-20,25.93000030517578,25.93000030517578,24.0,24.0,20.917795181274414,19000
2020-03-23,24.350000381469727,24.5,22.149999618530273,22.149999618530273,19.305383682250977,9400
2020-03-24,21.770000457763672,23.225000381469727,21.770000457763672,22.25,19.39253807067871,17000
2020-03-25,22.0,22.979999542236328,21.59000015258789,22.979999542236328,20.028791427612305,8200
2020-03-26,22.600000381469727,24.5,22.600000381469727,24.0,20.917795181274414,11300
2020-03-27,23.860000610351562,23.860000610351562,22.1200008392334,22.209999084472656,19.357681274414062,4800
2020-03-30,22.25,23.729999542236328,22.0,23.729999542236328,20.682470321655273,7000
2020-03-31,23.700000762939453,24.0,23.0,23.25,20.264114379882812,12000
2020-04-01,22.18000030517578,23.229999542236328,21.520000457763672,21.6299991607666,18.85216522216797,7700
2020-04-02,21.670000076293945,22.475000381469727,20.562999725341797,21.700000762939453,18.913175582885742,11400
2020-04-03,21.25,21.329999923706055,19.34000015258789,19.34000015258789,16.856260299682617,6100
2020-04-06,20.8799991607666,22.0,20.360000610351562,21.110000610351562,18.398942947387695,23200
2020-04-07,22.239999771118164,23.093000411987305,21.75,22.299999237060547,19.43611717224121,8300
2020-04-08,21.600000381469727,22.450000762939453,21.450000762939453,22.25,19.39253807067871,13800
2020-04-09,22.25,22.739999771118164,22.25,22.5,19.610437393188477,21400
2020-04-13,22.229999542236328,22.229999542236328,20.850000381469727,21.0,18.303071975708008,8900
2020-04-14,22.5,22.809999465942383,21.25,21.25,18.520967483520508,13900
2020-04-15,20.75,22.0,18.770000457763672,19.389999389648438,16.899831771850586,12900
2020-04-16,19.399999618530273,19.399999618530273,17.510000228881836,18.799999237060547,16.385608673095703,14500
2020-04-17,19.299999237060547,21.235000610351562,19.1299991607666,20.200000762939453,17.605815887451172,12700
2020-04-20,19.530000686645508,21.600000381469727,18.899999618530273,18.899999618530273,16.47276496887207,7500
2020-04-21,18.75,18.75,18.100000381469727,18.489999771118164,16.11542320251465,8000
2020-04-22,18.799999237060547,20.0,18.280000686645508,18.899999618530273,16.47276496887207,5800
2020-04-23,18.59000015258789,18.889999389648438,18.110000610351562,18.799999237060547,16.385608673095703,7100
2020-04-24,18.850000381469727,19.639999389648438,18.51300048828125,19.6299991607666,17.109018325805664,8200
2020-04-27,19.920000076293945,20.7549991607666,19.739999771118164,20.100000381469727,17.51865577697754,12500
2020-04-28,20.299999237060547,21.0,19.97599983215332,20.84000015258789,18.163619995117188,21500
2020-04-29,21.690000534057617,23.780000686645508,20.958999633789062,23.450000762939453,20.43843650817871,18800
2020-04-30,22.559999465942383,22.559999465942383,20.520000457763672,21.0,18.303071975708008,11200
2020-05-01,20.270000457763672,20.270000457763672,19.010000228881836,19.5,16.995712280273438,11700
2020-05-04,18.829999923706055,19.75,18.829999923706055,19.75,17.213605880737305,9000
2020-05-05,21.22100067138672,21.22100067138672,19.540000915527344,19.540000915527344,17.030576705932617,8000
2020-05-06,19.75,19.75,19.440000534057617,19.450000762939453,16.95213508605957,6000
2020-05-07,19.940000534057617,19.940000534057617,19.170000076293945,19.290000915527344,16.81267738342285,3300
2020-05-08,19.639999389648438,20.530000686645508,19.378999710083008,20.06999969482422,17.492509841918945,7200
2020-05-11,19.799999237060547,19.8700008392334,18.75,19.100000381469727,16.647077560424805,9500
2020-05-12,19.479999542236328,19.479999542236328,18.75,18.799999237060547,16.385608673095703,20400
2020-05-13,18.549999237060547,18.549999237060547,17.579999923706055,18.469999313354492,16.097984313964844,11400
2020-05-14,18.110000610351562,18.46299934387207,17.549999237060547,17.979999542236328,15.756227493286133,8400
2020-05-15,17.899999618530273,18.0,17.649999618530273,18.0,15.773748397827148,6700
2020-05-18,18.84000015258789,19.5,18.150999069213867,19.469999313354492,17.061941146850586,14100
2020-05-19,19.389999389648438,19.844999313354492,18.714000701904297,18.899999618530273,16.56243896484375,11300
2020-05-20,19.100000381469727,19.950000762939453,18.93000030517578,19.6299991607666,17.2021541595459,12100
2020-05-21,19.479999542236328,19.989999771118164,19.479999542236328,19.739999771118164,17.29854393005371,4600
2020-05-22,19.989999771118164,20.360000610351562,19.68000030517578,20.149999618530273,17.657838821411133,4700
2020-05-26,20.489999771118164,21.200000762939453,20.149999618530273,20.170000076293945,17.675363540649414,7200
2020-05-27,20.850000381469727,22.020000457763672,20.26099967956543,21.579999923706055,18.910974502563477,22400
2020-05-28,21.979999542236328,21.979999542236328,20.450000762939453,20.450000762939453,17.920738220214844,12000
2020-05-29,20.5,20.649999618530273,20.3799991607666,20.649999618530273,18.095998764038086,5900
2020-06-01,20.809999465942383,21.597999572753906,20.549999237060547,20.549999237060547,18.00836181640625,9300
2020-06-02,21.31399917602539,21.31399917602539,20.510000228881836,21.0,18.402708053588867,17300
2020-06-03,21.229999542236328,22.299999237060547,21.0,21.850000381469727,19.147579193115234,23700
2020-06-04,21.950000762939453,21.959999084472656,21.489999771118164,21.959999084472656,19.243972778320312,4600
2020-06-05,22.5,24.299999237060547,22.5,23.799999237060547,20.856399536132812,12700
2020-06-08,24.700000762939453,24.700000762939453,23.75,23.75,20.812583923339844,7800
2020-06-09,23.549999237060547,24.530000686645508,23.329999923706055,23.90999984741211,20.952796936035156,18700
2020-06-10,23.5,23.520000457763672,21.690000534057617,21.809999465942383,19.11252784729004,9600
2020-06-11,21.110000610351562,21.1299991607666,19.510000228881836,19.530000686645508,17.11452293395996,16600
2020-06-12,20.059999465942383,20.09000015258789,19.030000686645508,19.100000381469727,16.737699508666992,5200
2020-06-15,18.649999618530273,20.3799991607666,18.649999618530273,20.3799991607666,17.859390258789062,5300
2020-06-16,21.329999923706055,21.329999923706055,21.09000015258789,21.09000015258789,18.481578826904297,3500
2020-06-17,20.65999984741211,20.850000381469727,19.260000228881836,19.260000228881836,16.877914428710938,8700
2020-06-18,19.270000457763672,19.290000915527344,18.68000030517578,19.290000915527344,16.904199600219727,2500
2020-06-19,19.520000457763672,20.489999771118164,19.389999389648438,19.729999542236328,17.289777755737305,16900
2020-06-22,19.59000015258789,19.59000015258789,18.799999237060547,18.90999984741211,16.571199417114258,10500
2020-06-23,19.18000030517578,19.18000030517578,18.25,18.350000381469727,16.08046531677246,6100
2020-06-24,18.360000610351562,18.60300064086914,18.149999618530273,18.149999618530273,15.905197143554688,6400
2020-06-25,18.229999542236328,18.739999771118164,18.110000610351562,18.739999771118164,16.422225952148438,5800
2020-06-26,18.479999542236328,18.899999618530273,18.0,18.020000457763672,15.79127311706543,55400
2020-06-29,18.530000686645508,20.170000076293945,18.09000015258789,20.15999984741211,17.66659927368164,31900
2020-06-30,20.290000915527344,20.450000762939453,19.604999542236328,20.079999923706055,17.596494674682617,7500
2020-07-01,19.420000076293945,20.0,19.420000076293945,20.0,17.52639389038086,7600
2020-07-02,20.450000762939453,20.450000762939453,19.489999771118164,19.690000534057617,17.254732131958008,7200
2020-07-06,19.770000457763672,19.770000457763672,19.709999084472656,19.719999313354492,17.28101921081543,3200
2020-07-07,19.295000076293945,19.700000762939453,18.760000228881836,18.760000228881836,16.439756393432617,6500
2020-07-08,18.90999984741211,19.040000915527344,17.780000686645508,17.860000610351562,15.651067733764648,11900
2020-07-09,17.8700008392334,17.889999389648438,17.5,17.649999618530273,15.467036247253418,8700
2020-07-10,17.700000762939453,18.42099952697754,17.5,18.1299991607666,15.887672424316406,9000
2020-07-13,17.993000030517578,18.100000381469727,17.6299991607666,17.6299991607666,15.44951343536377,12900
2020-07-14,17.604000091552734,18.0,17.604000091552734,17.84000015258789,15.633538246154785,4700
2020-07-15,18.309999465942383,19.020000457763672,18.190000534057617,18.690000534057617,16.3784122467041,9800
2020-07-16,18.507999420166016,19.100000381469727,18.493999481201172,18.889999389648438,16.55367088317871,6800
2020-07-17,18.8799991607666,18.959999084472656,18.549999237060547,18.549999237060547,16.255722045898438,4700
2020-07-20,18.549999237060547,18.549999237060547,18.549999237060547,18.549999237060547,16.255722045898438,5700
2020-07-21,18.81999969482422,19.0,18.540000915527344,19.0,16.650068283081055,4500
2020-07-22,18.84000015258789,19.05500030517578,18.649999618530273,18.989999771118164,16.641305923461914,3000
2020-07-23,18.850000381469727,19.0,18.25,18.31999969482422,16.05417251586914,3700
2020-07-24,18.589000701904297,18.920000076293945,18.51300048828125,18.6299991607666,16.32583236694336,5000
2020-07-27,18.700000762939453,18.81999969482422,18.614999771118164,18.81999969482422,16.492332458496094,1800
2020-07-28,18.670000076293945,18.893999099731445,18.360000610351562,18.360000610351562,16.08922576904297,3400
2020-07-29,18.15399932861328,18.899999618530273,18.15399932861328,18.34000015258789,16.071697235107422,6200
2020-07-30,18.18000030517578,18.360000610351562,18.059999465942383,18.059999465942383,15.82632827758789,3800
2020-07-31,18.100000381469727,18.34000015258789,17.700000762939453,17.989999771118164,15.764986038208008,7300
2020-08-03,18.06999969482422,18.81999969482422,18.06999969482422,18.81999969482422,16.492332458496094,4800
2020-08-04,18.600000381469727,18.649999618530273,18.399999618530273,18.59000015258789,16.29077911376953,2300
2020-08-05,18.81999969482422,18.81999969482422,18.399999618530273,18.5,16.2119140625,2700
2020-08-06,18.270000457763672,18.540000915527344,18.219999313354492,18.540000915527344,16.24696159362793,1300
2020-08-07,18.469999313354492,19.0,18.469999313354492,18.600000381469727,16.299543380737305,4200
2020-08-10,18.760000228881836,19.350000381469727,18.75,19.190000534057617,16.81656837463379,4700
2020-08-11,19.18000030517578,19.549999237060547,19.18000030517578,19.270000457763672,16.88667869567871,5500
2020-08-12,19.5,20.0,19.299999237060547,19.469999313354492,17.061941146850586,15300
2020-08-13,19.100000381469727,19.43000030517578,18.56999969482422,19.0,16.736026763916016,24200
2020-08-14,19.280000686645508,19.280000686645508,19.280000686645508,19.280000686645508,16.982669830322266,700
2020-08-17,19.1200008392334,19.790000915527344,19.007999420166016,19.25,16.956239700317383,6500
2020-08-18,19.613000869750977,19.940000534057617,19.280000686645508,19.280000686645508,16.982669830322266,8200
2020-08-19,19.579999923706055,19.68000030517578,19.299999237060547,19.329999923706055,17.026702880859375,3600
2020-08-20,19.25,19.479999542236328,19.25,19.440000534057617,17.123598098754883,4400
2020-08-21,19.290000915527344,19.371000289916992,19.25,19.309999465942383,17.009092330932617,6100
2020-08-24,19.5,19.959999084472656,19.5,19.549999237060547,17.22049331665039,4900
2020-08-25,19.729999542236328,19.8700008392334,19.34000015258789,19.549999237060547,17.22049331665039,2100
2020-08-26,19.600000381469727,19.670000076293945,19.469999313354492,19.469999313354492,17.1500244140625,1800
2020-08-27,19.5,19.670000076293945,19.5,19.670000076293945,17.326189041137695,1500
2020-08-28,19.940000534057617,19.940000534057617,19.829999923706055,19.829999923706055,17.46712875366211,1500
2020-08-31,19.93000030517578,19.93000030517578,19.479999542236328,19.479999542236328,17.158832550048828,7800
2020-09-01,19.479999542236328,19.940000534057617,19.479999542236328,19.8700008392334,17.50236701965332,7000
2020-09-02,19.950000762939453,19.989999771118164,19.665000915527344,19.989999771118164,17.608064651489258,6300
2020-09-03,19.93000030517578,19.969999313354492,19.81999969482422,19.899999618530273,17.528785705566406,8400
2020-09-04,19.950000762939453,20.378999710083008,19.600000381469727,20.190000534057617,17.784229278564453,7500
2020-09-08,19.93000030517578,20.09000015258789,19.420000076293945,19.420000076293945,17.10598373413086,2400
2020-09-09,19.719999313354492,19.719999313354492,19.459999084472656,19.510000228881836,17.185260772705078,3600
2020-09-10,20.093000411987305,20.229999542236328,19.549999237060547,19.549999237060547,17.22049331665039,2800
2020-09-11,19.450000762939453,19.450000762939453,18.969999313354492,18.969999313354492,16.7096004486084,4800
2020-09-14,19.200000762939453,19.68000030517578,19.200000762939453,19.68000030517578,17.335002899169922,2700
2020-09-15,20.18000030517578,20.18000030517578,19.18000030517578,19.18000030517578,16.894580841064453,9400
2020-09-16,19.420000076293945,19.871999740600586,19.048999786376953,19.100000381469727,16.824111938476562,8200
2020-09-17,19.25,19.549999237060547,18.790000915527344,19.299999237060547,17.00027847290039,2800
2020-09-18,19.510000228881836,19.510000228881836,18.899999618530273,18.899999618530273,16.6479434967041,17500
2020-09-21,18.82900047302246,18.82900047302246,17.670000076293945,17.700000762939453,15.590932846069336,12000
2020-09-22,18.1200008392334,18.1200008392334,17.5,17.600000381469727,15.502846717834473,6800
2020-09-23,17.969999313354492,18.0,17.399999618530273,17.440000534057617,15.361909866333008,7900
2020-09-24,17.440000534057617,17.99799919128418,17.440000534057617,17.6299991607666,15.529273986816406,2600
2020-09-25,17.985000610351562,18.22599983215332,17.969999313354492,18.030000686645508,15.881612777709961,5200
2020-09-28,18.256999969482422,18.809999465942383,18.256999969482422,18.459999084472656,16.260372161865234,5800
2020-09-29,17.76300048828125,18.3799991607666,17.76300048828125,18.3799991607666,16.189903259277344,3300
2020-09-30,18.770000457763672,18.770000457763672,18.170000076293945,18.170000076293945,16.004934310913086,2800
2020-10-01,18.1200008392334,18.1200008392334,18.1200008392334,18.1200008392334,15.960887908935547,2100
2020-10-02,18.18000030517578,18.18000030517578,18.18000030517578,18.18000030517578,16.013731002807617,1800
2020-10-05,18.770000457763672,19.25,18.459999084472656,19.25,16.956239700317383,4900
2020-10-06,19.3799991607666,20.104999542236328,19.25,19.700000762939453,17.352619171142578,7800
2020-10-07,19.885000228881836,20.25,19.885000228881836,20.25,17.83708381652832,5800
2020-10-08,19.8799991607666,20.700000762939453,19.8799991607666,20.18000030517578,17.775423049926758,7200
2020-10-09,20.399999618530273,20.399999618530273,20.299999237060547,20.299999237060547,17.881128311157227,1300
2020-10-12,20.479999542236328,20.55299949645996,20.31999969482422,20.549999237060547,18.10133171081543,3200
2020-10-13,20.43000030517578,20.43000030517578,20.21299934387207,20.31999969482422,17.89873695373535,2300
2020-10-14,20.420000076293945,20.5,20.100000381469727,20.100000381469727,17.7049560546875,3600
2020-10-15,20.450000762939453,20.940000534057617,20.450000762939453,20.940000534057617,18.444868087768555,5000
2020-10-16,20.709999084472656,20.899999618530273,20.405000686645508,20.65999984741211,18.19822883605957,5400
2020-10-19,20.639999389648438,20.639999389648438,20.049999237060547,20.049999237060547,17.66091537475586,1400
2020-10-20,20.469999313354492,20.670000076293945,20.420000076293945,20.59000015258789,18.13656997680664,6300
2020-10-21,20.5,20.5,20.06999969482422,20.06999969482422,17.67853546142578,2300
2020-10-22,20.06999969482422,20.149999618530273,19.760000228881836,20.079999923706055,17.68733787536621,6600
2020-10-23,20.5,20.895000457763672,20.257999420166016,20.459999084472656,18.022058486938477,9300
2020-10-26,20.559999465942383,20.559999465942383,20.020000457763672,20.020000457763672,17.634489059448242,5300
2020-10-27,20.0,20.020000457763672,19.520000457763672,19.549999237060547,17.22049331665039,7100
2020-10-28,19.360000610351562,19.549999237060547,19.209999084472656,19.549999237060547,17.22049331665039,5000
2020-10-29,19.280000686645508,20.049999237060547,19.25,20.049999237060547,17.66091537475586,6300
2020-10-30,20.209999084472656,20.209999084472656,19.56999969482422,19.670000076293945,17.326189041137695,4900
2020-11-02,20.010000228881836,20.200000762939453,19.739999771118164,20.200000762939453,17.793039321899414,6800
2020-11-03,20.25,21.0,20.25,21.0,18.497713088989258,13000
2020-11-04,20.59000015258789,20.899999618530273,20.0,20.579999923706055,18.12775993347168,5900
2020-11-05,20.610000610351562,20.670000076293945,20.100000381469727,20.610000610351562,18.154184341430664,4900
2020-11-06,20.329999923706055,20.399999618530273,20.1299991607666,20.15999984741211,17.7578067779541,3200
2020-11-09,21.0,23.459999084472656,20.969999313354492,22.530000686645508,19.845407485961914,11200
2020-11-10,23.040000915527344,26.440000534057617,23.040000915527344,25.559999465942383,22.51435661315918,13200
2020-11-11,23.722999572753906,24.670000076293945,23.5,24.670000076293945,21.730411529541016,5400
2020-11-12,23.8700008392334,24.31999969482422,22.600000381469727,23.049999237060547,20.386077880859375,4700
2020-11-13,23.270000457763672,23.90999984741211,23.200000762939453,23.8700008392334,21.111310958862305,5200
2020-11-16,24.56999969482422,25.479999542236328,23.785999298095703,24.729999542236328,21.87192153930664,7500
2020-11-17,24.0,24.25,23.200000762939453,23.56999969482422,20.845983505249023,11700
2020-11-18,23.950000762939453,23.950000762939453,22.6299991607666,22.6299991607666,20.014616012573242,3300
2020-11-19,22.700000762939453,22.700000762939453,21.700000762939453,22.5,19.89964485168457,4600
2020-11-20,22.040000915527344,22.75,22.040000915527344,22.75,20.120752334594727,3200
2020-11-23,23.049999237060547,24.045000076293945,21.950000762939453,23.65999984741211,20.925580978393555,5900
2020-11-24,24.94300079345703,25.799999237060547,24.850000381469727,24.899999618530273,22.02227210998535,9200
2020-11-25,24.93000030517578,25.0,24.815000534057617,25.0,22.1107177734375,5300
2020-11-27,24.979999542236328,25.0,24.21299934387207,24.799999237060547,21.933828353881836,7600
2020-11-30,24.479999542236328,24.479999542236328,23.565000534057617,23.829999923706055,21.075937271118164,10300
2020-12-01,24.290000915527344,24.78499984741211,23.799999237060547,23.799999237060547,21.04939842224121,6900
2020-12-02,23.760000228881836,24.190000534057617,23.420000076293945,23.420000076293945,20.713319778442383,3100
2020-12-03,23.809999465942383,24.25,23.25,23.25,20.562965393066406,4000
2020-12-04,23.625,23.989999771118164,23.25,23.989999771118164,21.217439651489258,10400
2020-12-07,23.489999771118164,24.43000030517578,23.27199935913086,24.010000228881836,21.235132217407227,7700
2020-12-08,23.799999237060547,24.68000030517578,23.799999237060547,24.68000030517578,21.82770347595215,3400
2020-12-09,24.690000534057617,25.309999465942383,24.25,24.450000762939453,21.624279022216797,16200
2020-12-10,24.489999771118164,24.774999618530273,24.165000915527344,24.600000381469727,21.756946563720703,4200
2020-12-11,24.350000381469727,24.3700008392334,23.759000778198242,24.3700008392334,21.553525924682617,3300
2020-12-14,24.459999084472656,24.989999771118164,24.010000228881836,24.010000228881836,21.235132217407227,4100
2020-12-15,24.049999237060547,24.790000915527344,23.975000381469727,24.020000457763672,21.243976593017578,5000
2020-12-16,24.350000381469727,24.621999740600586,23.65999984741211,23.65999984741211,20.925580978393555,3300
2020-12-17,23.889999389648438,24.30500030517578,23.6200008392334,24.020000457763672,21.243976593017578,8500
2020-12-18,24.290000915527344,24.434999465942383,23.88800048828125,23.889999389648438,21.128999710083008,24400
2020-12-21,23.809999465942383,24.399999618530273,23.760000228881836,23.989999771118164,21.217439651489258,4100
2020-12-22,23.760000228881836,23.760000228881836,23.610000610351562,23.610000610351562,20.88136100769043,3900
2020-12-23,23.610000610351562,24.44700050354004,23.155000686645508,23.950000762939453,21.18206787109375,13100
2020-12-24,23.6299991607666,23.6299991607666,23.6299991607666,23.6299991607666,20.8990478515625,700
2020-12-28,23.90999984741211,24.711999893188477,23.649999618530273,23.649999618530273,20.916738510131836,6700
2020-12-29,23.940000534057617,24.68000030517578,23.40999984741211,23.489999771118164,20.775230407714844,6900
2020-12-30,23.989999771118164,23.989999771118164,23.549999237060547,23.549999237060547,20.828296661376953,1900
2020-12-31,23.450000762939453,24.09000015258789,23.40999984741211,23.40999984741211,20.7044734954834,4700
2021-01-04,23.40999984741211,23.40999984741211,23.059999465942383,23.059999465942383,20.39492416381836,9100
2021-01-05,23.459999084472656,23.829999923706055,22.850000381469727,22.850000381469727,20.20919418334961,11200
2021-01-06,23.329999923706055,23.774999618530273,23.0,23.309999465942383,20.616031646728516,15200
2021-01-07,23.549999237060547,23.889999389648438,23.549999237060547,23.75,21.005178451538086,5700
2021-01-08,23.860000610351562,24.020000457763672,23.670000076293945,24.020000457763672,21.243976593017578,4900
2021-01-11,23.6200008392334,24.139999389648438,23.56999969482422,24.139999389648438,21.350109100341797,4800
2021-01-12,24.5,24.639999389648438,24.299999237060547,24.489999771118164,21.659656524658203,6000
2021-01-13,24.459999084472656,24.459999084472656,23.81999969482422,24.049999237060547,21.270509719848633,3900
2021-01-14,24.649999618530273,24.959999084472656,24.329999923706055,24.540000915527344,21.70388412475586,12000
2021-01-15,24.190000534057617,24.79400062561035,24.110000610351562,24.200000762939453,21.403173446655273,6800
2021-01-19,24.059999465942383,24.334999084472656,23.979999542236328,24.06999969482422,21.288198471069336,8100
2021-01-20,24.170000076293945,24.34000015258789,23.260000228881836,24.170000076293945,21.376636505126953,13600
2021-01-21,24.059999465942383,24.15999984741211,22.950000762939453,23.040000915527344,20.37723731994629,13000
2021-01-22,23.040000915527344,23.280000686645508,22.81999969482422,23.280000686645508,20.589500427246094,8300
2021-01-25,23.040000915527344,23.040000915527344,22.65999984741211,22.65999984741211,20.041154861450195,6100
2021-01-26,22.559999465942383,22.579999923706055,22.360000610351562,22.360000610351562,19.77582550048828,7000
2021-01-27,22.270000457763672,22.270000457763672,21.260000228881836,21.43000030517578,18.95330810546875,12800
2021-01-28,21.729999542236328,23.899999618530273,21.600000381469727,21.799999237060547,19.280542373657227,7900
2021-01-29,21.860000610351562,23.354999542236328,21.860000610351562,23.31999969482422,20.6248779296875,18800
2021-02-01,23.249000549316406,23.600000381469727,23.0,23.1299991607666,20.456832885742188,2900
2021-02-02,23.200000762939453,24.360000610351562,23.200000762939453,24.260000228881836,21.456241607666016,7000
2021-02-03,24.049999237060547,24.739999771118164,23.979999542236328,24.0,21.22628402709961,7500
2021-02-04,24.399999618530273,25.5,24.399999618530273,24.8799991607666,22.004581451416016,33100
2021-02-05,25.149999618530273,25.55500030517578,24.110000610351562,24.110000610351562,21.32357406616211,34100
2021-02-08,24.850000381469727,26.399999618530273,24.850000381469727,26.3799991607666,23.33122444152832,23500
2021-02-09,26.049999237060547,26.8700008392334,26.0,26.8700008392334,23.764598846435547,13600
2021-02-10,26.719999313354492,26.979999542236328,26.25,26.25,23.216249465942383,7400
2021-02-11,26.315000534057617,26.315000534057617,24.700000762939453,25.5,22.65650177001953,8000
2021-02-12,25.5,26.155000686645508,25.149999618530273,25.68000030517578,22.81643295288086,8100
2021-02-16,25.940000534057617,26.510000228881836,25.822999954223633,26.110000610351562,23.198486328125,6800
2021-02-17,26.304000854492188,27.0,26.239999771118164,26.6299991607666,23.660497665405273,7000
2021-02-18,26.299999237060547,26.309999465942383,26.059999465942383,26.059999465942383,23.1540584564209,6500
2021-02-19,26.09000015258789,26.989999771118164,25.8439998626709,26.170000076293945,23.25179100036621,7800
2021-02-22,26.329999923706055,26.413000106811523,26.209999084472656,26.209999084472656,23.287330627441406,3900
2021-02-23,26.25,26.700000762939453,26.059999465942383,26.200000762939453,23.27845001220703,6100
2021-02-24,26.110000610351562,27.020000457763672,26.110000610351562,26.799999237060547,23.811540603637695,33200
2021-02-25,26.889999389648438,26.950000762939453,26.31999969482422,26.31999969482422,23.385068893432617,22400
2021-02-26,26.139999389648438,26.718000411987305,26.110000610351562,26.270000457763672,23.340641021728516,7800
2021-03-01,26.899999618530273,27.118000030517578,25.8700008392334,26.780000686645508,23.79376983642578,15600
2021-03-02,26.8700008392334,27.25,26.780000686645508,27.18000030517578,24.149169921875,14800
2021-03-03,27.18000030517578,28.240999221801758,26.77400016784668,27.540000915527344,24.469026565551758,41700
2021-03-04,27.68000030517578,28.020000457763672,27.350000381469727,27.93000030517578,24.815532684326172,19800
2021-03-05,27.93000030517578,28.3700008392334,27.420000076293945,28.09000015258789,24.95769500732422,35000
2021-03-08,27.899999618530273,28.760000228881836,27.655000686645508,28.520000457763672,25.33974266052246,35800
2021-03-09,28.639999389648438,28.945999145507812,27.850000381469727,28.059999465942383,24.93103790283203,13600
2021-03-10,28.110000610351562,30.0,28.110000610351562,29.200000762939453,25.94391441345215,31200
2021-03-11,29.809999465942383,29.809999465942383,29.010000228881836,29.670000076293945,26.361515045166016,9100
2021-03-12,29.690000534057617,30.0,29.014999389648438,29.549999237060547,26.254892349243164,13400
2021-03-15,29.559999465942383,29.559999465942383,28.65999984741211,28.799999237060547,25.588520050048828,10900
2021-03-16,28.65999984741211,28.670000076293945,28.309999465942383,28.350000381469727,25.188701629638672,10500
2021-03-17,28.43000030517578,29.065000534057617,28.110000610351562,28.3799991607666,25.215354919433594,13000
2021-03-18,28.479999542236328,29.469999313354492,28.170000076293945,28.190000534057617,25.046546936035156,11300
2021-03-19,28.209999084472656,29.209999084472656,27.440000534057617,29.209999084472656,25.952800750732422,53700
2021-03-22,28.530000686645508,28.530000686645508,27.610000610351562,28.1299991607666,24.99323081970215,17500
2021-03-23,28.100000381469727,28.65999984741211,28.020000457763672,28.65999984741211,25.46413230895996,12400
2021-03-24,28.559999465942383,29.280000686645508,28.110000610351562,28.110000610351562,24.975461959838867,10400
2021-03-25,28.06999969482422,28.850000381469727,28.020000457763672,28.469999313354492,25.295320510864258,8600
2021-03-26,28.469999313354492,29.139999389648438,28.469999313354492,29.059999465942383,25.819530487060547,7500
2021-03-29,29.010000228881836,29.489999771118164,28.309999465942383,28.309999465942383,25.153162002563477,7200
2021-03-30,28.75,29.225000381469727,28.25,28.260000228881836,25.108741760253906,8400
2021-03-31,28.375,29.1200008392334,28.299999237060547,28.6200008392334,25.4285945892334,17400
2021-04-01,28.6299991607666,28.649999618530273,28.364999771118164,28.450000762939453,25.27755355834961,9000
2021-04-05,28.579999923706055,28.579999923706055,27.655000686645508,28.209999084472656,25.064308166503906,21300
2021-04-06,28.1200008392334,28.260000228881836,28.1200008392334,28.209999084472656,25.064308166503906,9000
2021-04-07,28.059999465942383,28.059999465942383,27.350000381469727,27.6200008392334,24.540102005004883,17700
2021-04-08,27.75,27.75,27.46500015258789,27.700000762939453,24.611183166503906,10700
2021-04-09,27.5,27.5,27.1200008392334,27.1200008392334,24.09585952758789,7800
2021-04-12,27.280000686645508,27.280000686645508,26.530000686645508,26.530000686645508,23.5716495513916,9700
2021-04-13,26.739999771118164,26.950000762939453,26.559999465942383,26.700000762939453,23.722694396972656,3400
2021-04-14,26.84000015258789,27.440000534057617,26.691999435424805,27.09000015258789,24.069204330444336,11600
2021-04-15,27.09000015258789,27.09000015258789,26.670000076293945,26.770000457763672,23.78488540649414,6200
2021-04-16,26.989999771118164,27.5,25.940000534057617,26.579999923706055,23.61607551574707,32500
2021-04-19,26.684999465942383,26.847999572753906,26.31999969482422,26.40999984741211,23.46503257751465,7800
2021-04-20,26.850000381469727,26.850000381469727,25.579999923706055,25.579999923706055,22.727581024169922,7700
2021-04-21,25.760000228881836,26.3799991607666,25.735000610351562,26.139999389648438,23.22513771057129,10300
2021-04-22,26.25,27.209999084472656,26.059999465942383,26.209999084472656,23.287330627441406,23100
2021-04-23,26.540000915527344,27.920000076293945,26.540000915527344,27.020000457763672,24.00701141357422,43100
2021-04-26,27.479999542236328,28.110000610351562,27.325000762939453,27.709999084472656,24.62006378173828,26700
2021-04-27,28.010000228881836,28.54599952697754,27.530000686645508,27.530000686645508,24.460134506225586,28000
2021-04-28,27.81999969482422,28.8799991607666,27.75,27.979999542236328,24.85995864868164,30300
2021-04-29,28.0,28.363000869750977,27.979999542236328,28.15999984741211,25.019886016845703,32200
2021-04-30,28.0,30.700000762939453,27.75,29.850000381469727,26.52143669128418,102600
2021-05-03,30.43000030517578,31.170000076293945,29.969999313354492,31.170000076293945,27.694242477416992,54000
2021-05-04,31.200000762939453,31.25,30.017000198364258,30.6200008392334,27.205577850341797,33600
2021-05-05,30.979999542236328,31.31100082397461,29.915000915527344,30.15999984741211,26.7968692779541,31700
2021-05-06,30.200000762939453,30.768999099731445,29.700000762939453,30.290000915527344,27.073955535888672,28900
2021-05-07,30.420000076293945,30.5,29.799999237060547,30.049999237060547,26.859434127807617,40200
2021-05-10,30.0,30.68000030517578,29.510000228881836,29.559999465942383,26.421464920043945,30500
2021-05-11,28.239999771118164,30.15999984741211,28.1299991607666,29.899999618530273,26.725360870361328,36600
2021-05-12,29.729999542236328,30.444000244140625,28.3700008392334,28.770000457763672,25.715343475341797,52800
2021-05-13,28.8700008392334,30.030000686645508,28.8700008392334,29.489999771118164,26.3588924407959,19700
2021-05-14,29.399999618530273,30.31999969482422,29.364999771118164,30.1299991607666,26.93094253540039,24200
2021-05-17,29.889999389648438,30.489999771118164,29.889999389648438,30.3799991607666,27.154394149780273,21400
2021-05-18,30.190000534057617,30.40999984741211,29.920000076293945,29.920000076293945,26.74323844909668,21400
2021-05-19,29.510000228881836,29.93000030517578,29.290000915527344,29.81999969482422,26.653854370117188,17400
2021-05-20,29.770000457763672,30.399999618530273,29.388999938964844,30.290000915527344,27.073955535888672,47700
2021-05-21,30.399999618530273,30.5,29.799999237060547,30.399999618530273,27.17227554321289,20000
2021-05-24,30.40999984741211,30.5,29.774999618530273,30.360000610351562,27.136520385742188,17900
2021-05-25,30.469999313354492,30.469999313354492,29.3799991607666,29.3799991607666,26.26057243347168,19100
2021-05-26,29.59000015258789,29.59000015258789,28.450000762939453,29.049999237060547,25.96561050415039,41700
2021-05-27,29.1299991607666,30.200000762939453,28.839000701904297,29.8700008392334,26.69854736328125,28100
2021-05-28,29.8700008392334,29.8700008392334,29.280000686645508,29.43000030517578,26.30526351928711,19100
2021-06-01,29.329999923706055,29.65999984741211,29.329999923706055,29.459999084472656,26.332077026367188,30800
2021-06-02,29.3700008392334,29.5,29.31999969482422,29.440000534057617,26.3142032623291,12700
2021-06-03,29.450000762939453,29.899999618530273,29.3700008392334,29.739999771118164,26.582351684570312,18000
2021-06-04,29.709999084472656,29.770000457763672,29.56999969482422,29.65999984741211,26.510845184326172,25100
2021-06-07,29.65999984741211,30.190000534057617,29.65999984741211,29.829999923706055,26.662792205810547,23800
2021-06-08,29.850000381469727,29.899999618530273,29.739999771118164,29.739999771118164,26.582351684570312,16700
2021-06-09,29.729999542236328,29.735000610351562,29.6299991607666,29.709999084472656,26.5555362701416,16400
2021-06-10,29.770000457763672,30.190000534057617,29.209999084472656,29.389999389648438,26.26951026916504,21700
2021-06-11,29.81999969482422,29.81999969482422,29.31999969482422,29.399999618530273,26.2784481048584,21000
2021-06-14,29.510000228881836,29.559999465942383,29.1200008392334,29.25,26.14437484741211,25600
2021-06-15,29.399999618530273,29.799999237060547,29.110000610351562,29.670000076293945,26.51978874206543,18500
2021-06-16,29.489999771118164,29.790000915527344,28.739999771118164,29.549999237060547,26.412525177001953,20200
2021-06-17,29.329999923706055,29.850000381469727,28.940000534057617,28.940000534057617,25.867290496826172,20300
2021-06-18,28.950000762939453,28.950000762939453,28.110000610351562,28.290000915527344,25.286304473876953,38300
2021-06-21,28.40999984741211,29.0,28.389999389648438,28.459999084472656,25.43825340270996,34900
2021-06-22,28.43000030517578,28.530000686645508,28.079999923706055,28.149999618530273,25.161169052124023,30400
2021-06-23,28.170000076293945,28.6200008392334,28.170000076293945,28.229999542236328,25.232675552368164,33300
2021-06-24,28.389999389648438,29.219999313354492,27.649999618530273,28.40999984741211,25.393564224243164,52700
2021-06-25,28.540000915527344,28.639999389648438,28.1200008392334,28.25,25.250553131103516,760000
2021-06-28,28.399999618530273,29.040000915527344,28.229999542236328,28.770000457763672,25.715343475341797,28300
2021-06-29,28.8799991607666,28.8799991607666,28.56999969482422,28.649999618530273,25.608081817626953,9800
2021-06-30,28.670000076293945,28.739999771118164,28.59000015258789,28.670000076293945,25.625959396362305,29500
2021-07-01,28.829999923706055,28.959999084472656,28.610000610351562,28.809999465942383,25.7510929107666,12700
2021-07-02,28.75,28.871999740600586,28.5,28.690000534057617,25.643836975097656,10000
2021-07-06,28.639999389648438,28.729999542236328,28.360000610351562,28.479999542236328,25.456132888793945,23600
2021-07-07,28.479999542236328,28.479999542236328,28.25,28.299999237060547,25.295238494873047,14200
2021-07-08,28.15999984741211,28.35300064086914,27.899999618530273,28.18000030517578,25.187984466552734,23400
2021-07-09,28.3700008392334,28.790000915527344,28.3700008392334,28.5,25.474008560180664,15500
2021-07-12,28.954999923706055,28.954999923706055,28.459999084472656,28.850000381469727,25.786848068237305,13700
2021-07-13,28.850000381469727,29.040000915527344,28.84000015258789,28.899999618530273,25.831539154052734,29000
2021-07-14,29.520000457763672,29.540000915527344,28.6299991607666,29.139999389648438,26.04605484008789,9800
2021-07-15,28.799999237060547,29.239999771118164,28.799999237060547,29.239999771118164,26.135435104370117,8600
2021-07-16,29.010000228881836,29.290000915527344,29.010000228881836,29.200000762939453,26.099681854248047,9100
2021-07-19,29.059999465942383,29.149999618530273,28.059999465942383,28.600000381469727,25.56338882446289,27900
2021-07-20,29.0,29.549999237060547,29.0,29.25,26.14437484741211,22400
2021-07-21,29.285999298095703,29.5,29.285999298095703,29.299999237060547,26.189069747924805,9600
2021-07-22,29.510000228881836,29.989999771118164,29.1200008392334,29.280000686645508,26.17119026184082,18200
2021-07-23,29.479999542236328,29.96500015258789,29.479999542236328,29.770000457763672,26.609167098999023,5300
2021-07-26,29.65999984741211,29.90999984741211,29.65999984741211,29.65999984741211,26.510845184326172,26400
2021-07-27,29.40999984741211,29.610000610351562,29.360000610351562,29.530000686645508,26.3946475982666,31100
2021-07-28,29.459999084472656,29.6200008392334,29.329999923706055,29.56999969482422,26.43039894104004,28700
2021-07-29,29.520000457763672,29.6299991607666,29.31999969482422,29.40999984741211,26.28738784790039,32900
2021-07-30,29.309999465942383,29.709999084472656,29.309999465942383,29.489999771118164,26.3588924407959,33000
2021-08-02,29.489999771118164,29.809999465942383,29.25,29.530000686645508,26.3946475982666,39900
2021-08-03,29.389999389648438,29.969999313354492,29.3799991607666,29.969999313354492,26.787927627563477,32700
2021-08-04,30.170000076293945,30.459999084472656,30.040000915527344,30.200000762939453,26.99350929260254,10100
2021-08-05,30.219999313354492,30.450000762939453,30.19499969482422,30.420000076293945,27.35318374633789,6000
2021-08-06,30.34000015258789,30.639999389648438,30.34000015258789,30.43000030517578,27.36217498779297,26000
2021-08-09,30.540000915527344,30.700000762939453,30.469999313354492,30.670000076293945,27.577974319458008,4500
2021-08-10,30.700000762939453,30.75,30.540000915527344,30.639999389648438,27.55100440979004,8100
2021-08-11,30.479999542236328,30.6299991607666,30.399999618530273,30.600000381469727,27.515039443969727,5100
2021-08-12,30.510000228881836,30.59000015258789,30.399999618530273,30.530000686645508,27.452096939086914,7300
2021-08-13,30.40999984741211,30.65999984741211,30.350000381469727,30.65999984741211,27.568986892700195,3600
2021-08-16,30.450000762939453,30.639999389648438,29.950000762939453,30.56999969482422,27.488061904907227,1900
2021-08-17,30.083999633789062,30.399999618530273,29.81999969482422,30.31999969482422,27.263263702392578,33900
2021-08-18,30.06999969482422,30.56999969482422,30.0,30.010000228881836,26.98451805114746,13100
2021-08-19,29.799999237060547,30.3799991607666,29.75,29.8799991607666,26.86762237548828,16300
2021-08-20,29.940000534057617,30.739999771118164,29.940000534057617,30.392000198364258,27.3280086517334,2600
2021-08-23,30.350000381469727,30.43000030517578,30.350000381469727,30.43000030517578,27.36217498779297,4100
2021-08-24,30.43000030517578,30.549999237060547,30.25,30.530000686645508,27.452096939086914,7300
2021-08-25,30.579999923706055,30.579999923706055,30.450000762939453,30.549999237060547,27.470077514648438,7100
2021-08-26,30.459999084472656,30.600000381469727,30.229999542236328,30.450000762939453,27.38016128540039,16800
2021-08-27,30.360000610351562,30.709999084472656,30.360000610351562,30.530000686645508,27.452096939086914,19100
2021-08-30,30.5,30.575000762939453,30.450000762939453,30.469999313354492,27.39814567565918,3000
2021-08-31,30.34000015258789,30.729999542236328,30.34000015258789,30.5,27.425119400024414,10600
2021-09-01,30.440000534057617,30.5,29.600000381469727,30.25,27.20032501220703,7400
2021-09-02,30.125,30.479999542236328,30.040000915527344,30.040000915527344,27.011497497558594,1400
2021-09-03,30.315000534057617,30.315000534057617,30.15999984741211,30.15999984741211,27.11939811706543,1700
2021-09-07,30.18000030517578,30.31999969482422,30.18000030517578,30.290000915527344,27.236289978027344,7000
2021-09-08,30.149999618530273,30.25,30.149999618530273,30.190000534057617,27.146371841430664,18100
2021-09-09,30.459999084472656,30.489999771118164,30.139999389648438,30.229999542236328,27.18233871459961,1500
2021-09-10,30.219999313354492,30.479999542236328,30.100000381469727,30.110000610351562,27.07443618774414,9900
2021-09-13,30.139999389648438,30.21500015258789,30.139999389648438,30.21500015258789,27.168851852416992,2500
2021-09-14,30.18600082397461,30.229999542236328,30.010000228881836,30.229999542236328,27.18233871459961,4700
2021-09-15,30.229999542236328,30.229999542236328,30.229999542236328,30.229999542236328,27.18233871459961,1300
2021-09-16,30.239999771118164,30.239999771118164,30.239999771118164,30.239999771118164,27.191329956054688,1200
2021-09-17,30.020000457763672,30.079999923706055,29.639999389648438,30.0,26.975522994995117,22900
2021-09-20,29.860000610351562,30.030000686645508,29.610000610351562,29.989999771118164,26.966533660888672,8200
2021-09-21,29.899999618530273,30.280000686645508,29.75,29.75,26.750732421875,5800
2021-09-22,29.700000762939453,30.06999969482422,29.700000762939453,30.06999969482422,27.038467407226562,3100
2021-09-23,29.81999969482422,29.920000076293945,29.81999969482422,29.860000610351562,26.84964370727539,2800
2021-09-24,29.860000610351562,30.350000381469727,29.860000610351562,30.350000381469727,27.290241241455078,2000
2021-09-27,29.989999771118164,30.479999542236328,29.989999771118164,30.260000228881836,27.20931625366211,4500
2021-09-28,30.309999465942383,30.469999313354492,30.25,30.25,27.20032501220703,5200
2021-09-29,30.25,30.280000686645508,29.809999465942383,30.079999923706055,27.047462463378906,20100
2021-09-30,30.079999923706055,30.190000534057617,29.8700008392334,29.8700008392334,26.85863494873047,1500
2021-10-01,29.65999984741211,29.65999984741211,29.65999984741211,29.65999984741211,26.669801712036133,500
2021-10-04,29.709999084472656,30.5,29.709999084472656,30.200000762939453,27.155364990234375,23900
2021-10-05,30.399999618530273,30.399999618530273,30.200000762939453,30.200000762939453,27.155364990234375,1100
2021-10-06,30.190000534057617,30.200000762939453,30.100000381469727,30.200000762939453,27.155364990234375,2700
2021-10-07,30.360000610351562,30.360000610351562,30.18000030517578,30.18000030517578,27.137378692626953,3100
2021-10-08,30.170000076293945,30.34000015258789,30.030000686645508,30.030000686645508,27.002500534057617,800
2021-10-11,29.979999542236328,30.0,29.979999542236328,30.0,26.975522994995117,600
2021-10-12,30.30900001525879,30.30900001525879,30.30900001525879,30.30900001525879,27.25337791442871,400
2021-10-13,29.677000045776367,30.079999923706055,29.65999984741211,30.079999923706055,27.047462463378906,11500
2021-10-14,30.010000228881836,30.010000228881836,29.729999542236328,29.8799991607666,26.86762237548828,2900
2021-10-15,29.8700008392334,29.899999618530273,29.65999984741211,29.709999084472656,26.714763641357422,4000
2021-10-18,29.6200008392334,29.6200008392334,29.6200008392334,29.6200008392334,26.633834838867188,700
2021-10-19,29.75,29.75,29.65999984741211,29.75,26.750732421875,2700
2021-10-20,29.770000457763672,29.969999313354492,29.770000457763672,29.8700008392334,26.85863494873047,4300
2021-10-21,29.889999389648438,29.889999389648438,29.889999389648438,29.889999389648438,26.876615524291992,900
2021-10-22,30.145000457763672,30.399999618530273,30.072999954223633,30.360000610351562,27.299230575561523,4800
2021-10-25,30.34000015258789,30.34000015258789,29.969999313354492,29.969999313354492,26.948549270629883,13000
2021-10-26,30.079999923706055,30.200000762939453,29.950000762939453,30.200000762939453,27.155364990234375,3500
2021-10-27,30.030000686645508,30.260000228881836,29.985000610351562,30.18000030517578,27.137378692626953,5900
2021-10-28,30.049999237060547,30.3799991607666,29.950000762939453,30.3799991607666,27.317214965820312,5900
2021-10-29,30.15999984741211,30.280000686645508,30.149999618530273,30.280000686645508,27.2273006439209,3400
2021-11-01,30.292999267578125,30.389999389648438,30.25,30.25,27.20032501220703,15700
2021-11-02,30.28499984741211,30.389999389648438,30.25,30.3799991607666,27.317214965820312,6500
2021-11-03,30.270000457763672,30.399999618530273,30.110000610351562,30.309999465942383,27.254274368286133,11100
2021-11-04,30.25,30.329999923706055,30.110000610351562,30.149999618530273,27.27236557006836,10500
2021-11-05,30.149999618530273,30.399999618530273,30.075000762939453,30.270000457763672,27.38091468811035,12200
2021-11-08,30.270000457763672,30.399999618530273,30.270000457763672,30.3700008392334,27.47136878967285,11100
2021-11-09,30.229999542236328,30.301000595092773,30.059999465942383,30.290000915527344,27.399002075195312,7700
2021-11-10,30.399999618530273,30.399999618530273,30.086000442504883,30.235000610351562,27.349254608154297,37600
2021-11-11,30.39299964904785,30.450000762939453,30.25,30.31999969482422,27.426137924194336,31700
2021-11-12,30.350000381469727,30.354999542236328,30.15999984741211,30.34000015258789,27.444231033325195,28800
2021-11-15,30.34000015258789,30.350000381469727,30.0,30.170000076293945,27.29045867919922,41400
2021-11-16,30.239999771118164,30.350000381469727,30.02199935913086,30.350000381469727,27.453275680541992,35700
2021-11-17,30.290000915527344,30.399999618530273,29.959999084472656,30.149999618530273,27.27236557006836,38100
2021-11-18,30.100000381469727,30.322999954223633,29.959999084472656,30.190000534057617,27.308549880981445,27400
2021-11-19,30.030000686645508,30.09000015258789,29.90999984741211,30.09000015258789,27.218090057373047,14600
2021-11-22,30.18000030517578,30.200000762939453,29.81999969482422,30.200000762939453,27.317596435546875,58100
2021-11-23,30.190000534057617,30.889999389648438,30.100000381469727,30.719999313354492,27.787960052490234,29500
2021-11-24,30.489999771118164,30.799999237060547,30.489999771118164,30.670000076293945,27.742733001708984,3500
2021-11-26,30.479999542236328,30.709999084472656,30.239999771118164,30.239999771118164,27.353775024414062,5500
2021-11-29,30.31999969482422,30.790000915527344,29.809999465942383,30.209999084472656,27.32663345336914,16000
2021-11-30,30.0,30.0,29.809999465942383,29.809999465942383,26.96481704711914,14300
2021-12-01,29.850000381469727,29.94499969482422,29.760000228881836,29.81999969482422,26.973861694335938,16700
2021-12-02,29.780000686645508,29.899999618530273,29.760000228881836,29.850000381469727,27.00099754333496,12300
2021-12-03,29.899999618530273,29.899999618530273,29.760000228881836,29.850000381469727,27.00099754333496,8700
2021-12-06,29.920000076293945,29.920000076293945,29.434999465942383,29.639999389648438,26.8110408782959,11000
2021-12-07,29.790000915527344,29.8799991607666,29.65999984741211,29.809999465942383,26.96481704711914,8700
2021-12-08,29.75,29.899999618530273,29.68000030517578,29.75,26.910545349121094,13500
2021-12-09,29.65999984741211,29.8799991607666,29.649999618530273,29.700000762939453,26.865314483642578,23800
2021-12-10,29.760000228881836,30.790000915527344,29.709999084472656,30.09000015258789,27.218090057373047,16600
2021-12-13,30.100000381469727,30.670000076293945,29.94499969482422,29.959999084472656,27.10049819946289,19100
2021-12-14,30.149999618530273,30.149999618530273,29.559999465942383,29.559999465942383,26.738677978515625,16300
2021-12-15,29.700000762939453,30.079999923706055,29.360000610351562,29.360000610351562,26.55776596069336,10000
2021-12-16,29.530000686645508,30.084999084472656,29.399999618530273,29.5,26.684402465820312,11600
2021-12-17,29.450000762939453,30.760000228881836,29.110000610351562,30.040000915527344,27.17286491394043,38700
2021-12-20,29.59000015258789,29.610000610351562,28.829999923706055,29.059999465942383,26.286399841308594,23800
2021-12-21,29.1299991607666,29.395000457763672,29.0,29.200000762939453,26.413034439086914,18100
2021-12-22,29.450000762939453,29.450000762939453,28.959999084472656,28.959999084472656,26.195941925048828,7100
2021-12-23,29.100000381469727,29.295000076293945,29.030000686645508,29.18000030517578,26.39494514465332,4700
2021-12-27,29.38599967956543,29.545000076293945,29.299999237060547,29.299999237060547,26.50349235534668,2900
2021-12-28,29.58799934387207,29.58799934387207,28.8700008392334,29.0,26.232126235961914,10600
2021-12-29,29.010000228881836,29.239999771118164,28.709999084472656,28.729999542236328,25.987897872924805,15900
2021-12-30,29.200000762939453,29.687000274658203,29.020000457763672,29.440000534057617,26.630130767822266,2900
2021-12-31,29.270000457763672,29.329999923706055,29.020000457763672,29.329999923706055,26.53062629699707,4900
2022-01-03,29.329999923706055,30.040000915527344,29.280000686645508,30.040000915527344,27.17286491394043,6800
2022-01-04,30.020000457763672,30.200000762939453,29.950000762939453,30.139999389648438,27.263320922851562,8300
2022-01-05,30.190000534057617,30.5,29.889999389648438,30.5,27.588958740234375,12600
2022-01-06,30.399999618530273,30.780000686645508,30.06999969482422,30.729999542236328,27.797008514404297,8000
2022-01-07,30.780000686645508,30.799999237060547,30.360000610351562,30.65999984741211,27.733692169189453,10700
2022-01-10,30.489999771118164,30.5,30.360000610351562,30.5,27.588958740234375,7100
2022-01-11,30.5,30.5,30.15999984741211,30.389999389648438,27.489456176757812,7600
2022-01-12,30.459999084472656,30.459999084472656,30.15999984741211,30.15999984741211,27.281410217285156,6000
2022-01-13,30.1299991607666,30.399999618530273,30.110000610351562,30.15999984741211,27.281410217285156,9800
2022-01-14,30.299999237060547,30.399999618530273,30.239999771118164,30.399999618530273,27.498504638671875,4200
2022-01-18,30.2549991607666,30.3799991607666,30.200000762939453,30.309999465942383,27.41709327697754,2000
2022-01-19,30.329999923706055,30.399999618530273,30.110000610351562,30.299999237060547,27.408048629760742,2700
2022-01-20,30.200000762939453,30.239999771118164,30.020000457763672,30.020000457763672,27.154775619506836,4500
2022-01-21,29.899999618530273,30.115999221801758,29.899999618530273,30.040000915527344,27.17286491394043,1000
2022-01-24,29.809999465942383,30.030000686645508,29.65999984741211,29.81999969482422,26.973861694335938,4500
2022-01-25,29.773000717163086,30.049999237060547,29.670000076293945,30.049999237060547,27.181907653808594,4300
2022-01-26,30.20599937438965,30.360000610351562,30.100000381469727,30.114999771118164,27.240707397460938,3100
2022-01-27,30.139999389648438,30.219999313354492,30.1200008392334,30.219999313354492,27.335683822631836,9000
2022-01-28,30.389999389648438,30.399999618530273,30.209999084472656,30.280000686645508,27.38995933532715,9600
2022-01-31,30.27899932861328,30.5,30.239999771118164,30.34000015258789,27.444231033325195,6100
2022-02-01,30.5,32.04999923706055,30.5,32.04999923706055,28.99102020263672,10900
2022-02-02,32.04999923706055,32.04999923706055,31.3700008392334,31.559999465942383,28.547788619995117,26300
2022-02-03,31.520000457763672,31.791000366210938,30.540000915527344,30.709999084472656,27.77891731262207,31800
2022-02-04,30.8700008392334,31.299999237060547,30.709999084472656,31.15999984741211,28.185964584350586,7000
2022-02-07,31.15999984741211,31.420000076293945,31.155000686645508,31.260000228881836,28.27642250061035,2100
2022-02-08,31.450000762939453,31.450000762939453,31.239999771118164,31.239999771118164,28.258329391479492,1700
2022-02-09,31.049999237060547,31.239999771118164,30.878000259399414,31.219999313354492,28.2402400970459,4500
2022-02-10,31.059999465942383,31.239999771118164,31.059999465942383,31.239999771118164,28.486438751220703,600
2022-02-11,30.829999923706055,31.079999923706055,30.549999237060547,30.700000762939453,27.99403953552246,3300
2022-02-14,30.520000457763672,30.950000762939453,30.399999618530273,30.40999984741211,27.729598999023438,2800
2022-02-15,30.53499984741211,30.53499984741211,30.53499984741211,30.53499984741211,27.84358024597168,800
2022-02-16,30.329999923706055,31.020000457763672,30.1200008392334,30.299999237060547,27.629295349121094,11500
2022-02-17,30.200000762939453,30.31999969482422,30.059999465942383,30.100000381469727,27.446922302246094,3200
2022-02-18,30.100000381469727,30.139999389648438,29.920000076293945,29.920000076293945,27.28278923034668,5600
2022-02-22,29.959999084472656,30.34000015258789,29.950000762939453,29.950000762939453,27.310144424438477,2500
2022-02-23,29.950000762939453,30.05500030517578,29.809999465942383,29.825000762939453,27.1961612701416,19500
2022-02-24,29.770000457763672,29.934999465942383,29.350000381469727,29.520000457763672,26.918046951293945,11100
2022-02-25,29.989999771118164,30.100000381469727,29.56999969482422,29.93000030517578,27.291906356811523,3700
2022-02-28,29.739999771118164,30.010000228881836,29.56999969482422,29.790000915527344,27.164249420166016,6500
2022-03-01,29.790000915527344,29.979999542236328,29.309999465942383,29.399999618530273,26.808624267578125,18500
2022-03-02,29.399999618530273,29.6299991607666,29.399999618530273,29.610000610351562,27.00011444091797,2600
2022-03-03,29.700000762939453,29.739999771118164,29.489999771118164,29.489999771118164,26.890687942504883,2600
2022-03-04,29.299999237060547,29.709999084472656,29.170000076293945,29.360000610351562,26.77215003967285,4800
2022-03-07,29.389999389648438,29.399999618530273,29.110000610351562,29.149999618530273,26.580657958984375,3700
2022-03-08,29.059999465942383,29.280000686645508,28.809999465942383,29.0,26.443880081176758,13500
2022-03-09,29.25,29.489999771118164,28.950000762939453,29.09000015258789,26.52594757080078,7100
2022-03-10,28.850000381469727,28.8700008392334,28.670000076293945,28.799999237060547,26.261507034301758,5700
2022-03-11,28.780000686645508,28.899999618530273,28.709999084472656,28.729999542236328,26.19767951965332,5400
2022-03-14,28.899999618530273,29.100000381469727,28.899999618530273,28.899999618530273,26.35269546508789,124200
2022-03-15,28.899999618530273,29.15999984741211,28.899999618530273,28.93000030517578,26.380050659179688,6800
2022-03-16,29.049999237060547,29.170000076293945,28.950000762939453,29.0,26.443880081176758,11200
2022-03-17,29.020000457763672,29.139999389648438,28.860000610351562,29.139999389648438,26.5715389251709,5900
2022-03-18,29.170000076293945,29.209999084472656,28.799999237060547,28.850000381469727,26.307100296020508,17700
2022-03-21,29.389999389648438,29.389999389648438,28.899999618530273,28.989999771118164,26.43476676940918,30800
2022-03-22,29.079999923706055,29.270000457763672,28.829999923706055,28.959999084472656,26.407405853271484,16800
2022-03-23,28.979999542236328,29.110000610351562,28.809999465942383,28.850000381469727,26.307100296020508,11400
2022-03-24,28.969999313354492,29.097000122070312,28.809999465942383,29.0,26.443880081176758,12100
2022-03-25,28.989999771118164,29.18000030517578,28.809999465942383,28.809999465942383,26.2706298828125,16000
2022-03-28,28.90999984741211,29.094999313354492,28.799999237060547,28.90999984741211,26.361812591552734,7200
2022-03-29,28.969999313354492,29.15999984741211,28.889999389648438,29.010000228881836,26.4530029296875,13900
2022-03-30,28.790000915527344,29.18000030517578,28.790000915527344,28.950000762939453,26.39828872680664,231800
2022-03-31,28.989999771118164,29.030000686645508,28.850000381469727,28.850000381469727,26.307100296020508,5700
2022-04-01,28.979999542236328,29.030000686645508,28.760000228881836,28.940000534057617,26.389169692993164,7200
2022-04-04,28.899999618530273,29.160999298095703,28.850000381469727,28.959999084472656,26.407405853271484,18000
2022-04-05,29.030000686645508,29.09000015258789,28.864999771118164,28.899999618530273,26.35269546508789,18300
2022-04-06,28.850000381469727,28.950000762939453,28.829999923706055,28.950000762939453,26.39828872680664,10700
2022-04-07,28.940000534057617,28.954999923706055,28.895000457763672,28.954999923706055,26.402847290039062,7500
2022-04-08,28.93000030517578,29.0,28.93000030517578,28.96500015258789,26.411964416503906,10000
2022-04-11,28.899999618530273,28.950000762939453,28.899999618530273,28.93000030517578,26.380050659179688,6300
2022-04-12,28.834999084472656,28.950000762939453,28.809999465942383,28.950000762939453,26.39828872680664,16300
2022-04-13,28.860000610351562,29.06999969482422,28.860000610351562,29.049999237060547,26.489471435546875,7000
2022-04-14,29.06999969482422,29.100000381469727,29.010000228881836,29.100000381469727,26.535064697265625,10700
2022-04-18,29.0,29.31999969482422,28.68000030517578,28.68000030517578,26.15208625793457,38200
2022-04-19,29.350000381469727,29.350000381469727,28.81999969482422,28.81999969482422,26.27974510192871,5300
2022-04-20,29.100000381469727,29.450000762939453,29.100000381469727,29.420000076293945,26.826862335205078,9400
2022-04-21,29.790000915527344,29.895000457763672,29.5,29.610000610351562,27.00011444091797,9800
2022-04-22,29.81999969482422,30.549999237060547,29.75,30.489999771118164,27.802547454833984,21000
2022-04-25,30.170000076293945,30.459999084472656,29.799999237060547,30.059999465942383,27.410444259643555,20700
2022-04-26,29.698999404907227,30.059999465942383,29.584999084472656,30.059999465942383,27.410444259643555,17000
2022-04-27,30.059999465942383,30.290000915527344,29.670000076293945,29.670000076293945,27.05482292175293,10500
2022-04-28,29.920000076293945,30.520000457763672,29.920000076293945,30.3799991607666,27.702241897583008,10900
2022-04-29,29.8799991607666,30.530000686645508,29.799999237060547,30.020000457763672,27.373977661132812,7000
2022-05-02,30.020000457763672,30.020000457763672,29.700000762939453,30.010000228881836,27.364856719970703,6600
2022-05-03,29.7549991607666,29.959999084472656,29.75,29.940000534057617,27.301027297973633,5500
2022-05-04,30.040000915527344,30.200000762939453,30.0,30.200000762939453,27.538114547729492,6300
2022-05-05,29.850000381469727,29.850000381469727,29.559999465942383,29.559999465942383,27.17951774597168,3900
2022-05-06,29.559999465942383,29.649999618530273,29.559999465942383,29.649999618530273,27.26226806640625,46200
2022-05-09,29.510000228881836,29.649999618530273,29.40999984741211,29.40999984741211,27.041597366333008,8000
2022-05-10,29.450000762939453,29.450000762939453,29.149999618530273,29.15999984741211,26.811729431152344,4000
2022-05-11,29.15999984741211,29.8700008392334,28.40999984741211,28.479999542236328,26.18648910522461,28500
2022-05-12,28.309999465942383,28.670000076293945,28.309999465942383,28.3700008392334,26.08534812927246,10200
2022-05-13,28.56999969482422,28.989999771118164,28.530000686645508,28.59000015258789,26.287628173828125,6800
2022-05-16,28.520000457763672,28.520000457763672,28.209999084472656,28.350000381469727,26.066957473754883,6400
2022-05-17,28.299999237060547,28.84000015258789,28.059999465942383,28.56999969482422,26.26923942565918,13300
2022-05-18,28.670000076293945,28.670000076293945,28.450000762939453,28.649999618530273,26.342798233032227,11200
2022-05-19,28.520000457763672,28.530000686645508,28.520000457763672,28.520000457763672,26.2232666015625,3600
2022-05-20,28.559999465942383,29.0,28.559999465942383,28.889999389648438,26.5634708404541,6200
2022-05-23,28.899999618530273,29.1299991607666,28.780000686645508,29.110000610351562,26.76575469970703,8100
2022-05-24,28.850000381469727,29.06999969482422,28.850000381469727,28.889999389648438,26.5634708404541,7700
2022-05-25,29.149999618530273,29.969999313354492,29.089000701904297,29.299999237060547,26.940452575683594,7900
2022-05-26,29.152000427246094,30.0,29.152000427246094,29.5,27.12434959411621,14200
2022-05-27,29.690000534057617,29.989999771118164,29.670000076293945,29.989999771118164,27.57488441467285,13600
2022-05-31,29.649999618530273,29.989999771118164,29.56999969482422,29.65999984741211,27.27146339416504,13300
2022-06-01,29.860000610351562,29.860000610351562,29.615999221801758,29.700000762939453,27.308242797851562,3900
2022-06-02,29.639999389648438,30.0,29.639999389648438,29.8799991607666,27.4737491607666,5000
2022-06-03,29.959999084472656,30.1200008392334,29.649999618530273,29.649999618530273,27.26226806640625,9300
2022-06-06,29.729999542236328,29.729999542236328,29.610000610351562,29.610000610351562,27.225488662719727,3300
2022-06-07,29.610000610351562,29.93000030517578,29.610000610351562,29.770000457763672,27.37260627746582,6300
2022-06-08,29.65999984741211,29.780000686645508,29.360000610351562,29.360000610351562,26.995624542236328,5300
2022-06-09,29.399999618530273,29.709999084472656,29.25,29.25,26.894479751586914,9700
2022-06-10,29.6200008392334,29.940000534057617,29.1299991607666,29.1299991607666,26.784143447875977,14900
2022-06-13,29.100000381469727,29.989999771118164,28.0,28.219999313354492,25.947425842285156,24800
2022-06-14,28.200000762939453,29.125,28.059999465942383,28.059999465942383,25.800310134887695,13800
2022-06-15,28.299999237060547,28.299999237060547,27.315000534057617,27.315000534057617,25.115306854248047,20800
2022-06-16,27.350000381469727,27.77199935913086,26.579999923706055,26.65999984741211,24.51305389404297,14800
2022-06-17,26.579999923706055,27.940000534057617,26.56999969482422,26.75,24.595808029174805,20100
2022-06-21,26.8700008392334,28.0,26.649999618530273,26.93000030517578,24.761310577392578,11500
2022-06-22,26.920000076293945,27.899999618530273,26.920000076293945,27.049999237060547,24.871644973754883,6500
2022-06-23,28.7450008392334,28.7450008392334,26.809999465942383,26.809999465942383,24.650976181030273,11200
2022-06-24,28.808000564575195,28.808000564575195,27.1200008392334,27.1200008392334,24.93601417541504,10600
2022-06-27,27.34000015258789,28.040000915527344,26.8700008392334,27.030000686645508,24.85325813293457,12300
2022-06-28,27.875,27.875,27.06999969482422,27.239999771118164,25.04634666442871,5100
2022-06-29,27.420000076293945,27.729999542236328,27.190000534057617,27.649999618530273,25.423330307006836,11700
2022-06-30,27.540000915527344,27.86199951171875,27.1299991607666,27.459999084472656,25.24863052368164,5400
2022-07-01,27.950000762939453,27.950000762939453,27.364999771118164,27.479999542236328,25.26702117919922,2700
2022-07-05,27.350000381469727,28.15399932861328,27.350000381469727,27.75,25.515277862548828,7800
2022-07-06,27.8700008392334,27.8799991607666,27.309999465942383,27.450000762939453,25.23943519592285,2900
2022-07-07,27.809999465942383,27.989999771118164,27.809999465942383,27.989999771118164,25.735952377319336,1700
2022-07-08,28.0,28.6200008392334,27.69099998474121,27.90999984741211,25.662391662597656,6100
2022-07-11,27.844999313354492,27.844999313354492,27.510000228881836,27.709999084472656,25.478498458862305,2400
2022-07-12,27.610000610351562,28.014999389648438,27.610000610351562,27.780000686645508,25.542861938476562,2300
2022-07-13,27.6200008392334,27.96500015258789,27.6200008392334,27.899999618530273,25.6531982421875,1700
2022-07-14,27.15999984741211,27.549999237060547,27.15999984741211,27.290000915527344,25.092323303222656,8600
2022-07-15,27.520000457763672,28.450000762939453,27.520000457763672,28.020000457763672,25.763534545898438,8000
2022-07-18,27.799999237060547,28.71500015258789,27.420000076293945,27.924999237060547,25.676185607910156,8500
2022-07-19,28.450000762939453,28.899999618530273,28.049999237060547,28.5,26.204875946044922,10100
2022-07-20,28.797000885009766,28.878000259399414,28.56999969482422,28.56999969482422,26.26923942565918,10800
2022-07-21,28.5,28.850000381469727,27.860000610351562,28.31999969482422,26.03937339782715,6300
2022-07-22,28.365999221801758,28.989999771118164,28.365999221801758,28.690000534057617,26.37957763671875,7200
2022-07-25,28.59000015258789,28.90999984741211,28.5,28.86199951171875,26.5377254486084,7100
2022-07-26,28.600000381469727,28.799999237060547,28.600000381469727,28.6200008392334,26.315216064453125,4500
2022-07-27,28.684999465942383,29.299999237060547,28.684999465942383,29.200000762939453,26.848506927490234,3200
2022-07-28,29.020000457763672,29.450000762939453,28.899999618530273,28.899999618530273,26.57266616821289,3900
2022-07-29,29.209999084472656,29.3700008392334,28.610000610351562,29.360000610351562,26.995624542236328,2800
2022-08-01,28.739999771118164,29.399999618530273,28.739999771118164,29.170000076293945,26.8209228515625,2700
2022-08-02,29.110000610351562,29.110000610351562,28.790000915527344,28.790000915527344,26.471529006958008,3100
2022-08-03,29.040000915527344,29.110000610351562,28.610000610351562,28.610000610351562,26.3060245513916,4200
2022-08-04,28.360000610351562,28.899999618530273,28.360000610351562,28.360000610351562,26.306020736694336,14400
2022-08-05,28.510000228881836,28.940000534057617,28.385000228881836,28.385000228881836,26.32921028137207,5000
2022-08-08,28.469999313354492,29.020000457763672,27.25,27.3700008392334,25.38772201538086,43000
2022-08-09,27.479999542236328,28.003000259399414,27.479999542236328,27.799999237060547,25.786577224731445,3800
2022-08-10,27.920000076293945,27.920000076293945,27.799999237060547,27.809999465942383,25.795856475830078,2700
2022-08-11,27.899999618530273,28.325000762939453,27.795000076293945,28.149999618530273,26.111230850219727,6800
2022-08-12,28.260000228881836,28.6299991607666,28.19499969482422,28.350000381469727,26.29674530029297,1600
2022-08-15,28.43000030517578,28.799999237060547,28.350000381469727,28.760000228881836,26.677053451538086,6100
2022-08-16,28.799999237060547,29.25,28.610000610351562,29.149999618530273,27.03880500793457,7600
2022-08-17,29.260000228881836,29.489999771118164,29.149999618530273,29.389999389648438,27.261423110961914,2100
2022-08-18,29.579999923706055,29.81999969482422,29.399999618530273,29.81999969482422,27.660282135009766,5200
2022-08-19,29.770000457763672,29.899999618530273,29.700000762939453,29.799999237060547,27.641727447509766,5300
2022-08-22,29.420000076293945,29.799999237060547,29.420000076293945,29.799999237060547,27.641727447509766,3500
2022-08-23,29.5,29.950000762939453,29.5,29.950000762939453,27.780866622924805,4300
2022-08-24,29.860000610351562,29.950000762939453,29.639999389648438,29.75,27.59535026550293,8100
2022-08-25,29.549999237060547,29.549999237060547,29.5,29.520000457763672,27.382007598876953,1300
2022-08-26,29.68000030517578,29.920000076293945,29.43000030517578,29.5,27.36345672607422,3500
2022-08-29,29.389999389648438,29.841999053955078,29.020000457763672,29.020000457763672,26.918222427368164,3800
2022-08-30,28.774999618530273,28.979999542236328,28.6299991607666,28.850000381469727,26.76053237915039,1500
2022-08-31,28.850000381469727,28.850000381469727,28.530000686645508,28.530000686645508,26.463708877563477,1900
2022-09-01,28.709999084472656,28.709999084472656,28.549999237060547,28.56999969482422,26.500810623168945,1400
2022-09-02,28.540000915527344,28.732999801635742,28.5,28.5,26.43587875366211,2800
2022-09-06,28.5,28.549999237060547,28.27199935913086,28.27199935913086,26.224393844604492,4800
2022-09-07,28.209999084472656,28.65999984741211,28.110000610351562,28.56999969482422,26.500810623168945,4100
2022-09-08,28.329999923706055,28.420000076293945,28.260000228881836,28.260000228881836,26.2132625579834,3000
2022-09-09,28.5,28.799999237060547,28.5,28.799999237060547,26.714153289794922,2100
2022-09-12,28.530000686645508,29.0,28.530000686645508,28.6299991607666,26.556467056274414,2900
2022-09-13,28.229999542236328,28.350000381469727,28.139999389648438,28.299999237060547,26.2503662109375,3500
2022-09-14,28.15999984741211,28.299999237060547,28.0,28.020000457763672,25.990646362304688,5600
2022-09-15,27.790000915527344,28.280000686645508,27.700000762939453,28.06999969482422,26.037025451660156,6500
2022-09-16,28.010000228881836,28.149999618530273,27.614999771118164,28.149999618530273,26.111230850219727,13300
2022-09-19,27.700000762939453,28.0,27.700000762939453,28.0,25.972095489501953,2500
2022-09-20,27.850000381469727,28.260000228881836,27.850000381469727,28.239999771118164,26.194711685180664,9600
2022-09-21,28.09000015258789,28.200000762939453,27.850000381469727,28.200000762939453,26.15760612487793,1900
2022-09-22,28.1200008392334,28.3700008392334,28.059999465942383,28.110000610351562,26.074129104614258,2400
2022-09-23,27.850000381469727,27.850000381469727,27.84000015258789,27.850000381469727,25.83296012878418,2400
2022-09-26,27.770000457763672,27.770000457763672,27.6299991607666,27.639999389648438,25.638168334960938,1500
2022-09-27,27.799999237060547,27.809999465942383,27.65999984741211,27.809999465942383,25.795856475830078,3800
2022-09-28,27.850000381469727,28.399999618530273,27.709999084472656,27.950000762939453,25.925718307495117,7100
2022-09-29,28.049999237060547,28.39299964904785,27.829999923706055,27.989999771118164,25.962820053100586,5800
2022-09-30,28.350000381469727,28.350000381469727,28.350000381469727,28.350000381469727,26.29674530029297,1700
2022-10-03,28.860000610351562,28.860000610351562,28.649999618530273,28.790000915527344,26.70488166809082,3100
2022-10-04,28.760000228881836,28.989999771118164,28.6200008392334,28.639999389648438,26.56574058532715,3500
2022-10-05,28.600000381469727,28.700000762939453,28.600000381469727,28.700000762939453,26.62139892578125,1500
2022-10-06,28.78700065612793,29.0,28.700000762939453,28.700000762939453,26.62139892578125,2500
2022-10-07,28.75,28.950000762939453,28.510000228881836,28.56999969482422,26.500810623168945,4800
2022-10-10,28.56999969482422,28.850000381469727,28.56999969482422,28.850000381469727,26.76053237915039,1600
2022-10-11,28.75,29.0,28.75,29.0,26.899669647216797,3100
2022-10-12,29.0,29.18000030517578,28.989999771118164,29.18000030517578,27.066633224487305,1900
2022-10-13,29.040000915527344,29.100000381469727,29.010000228881836,29.100000381469727,26.992427825927734,1000
2022-10-14,29.25,29.83799934387207,29.25,29.649999618530273,27.50259017944336,4600
2022-10-17,29.649999618530273,29.649999618530273,29.5,29.6299991607666,27.484037399291992,3200
2022-10-18,29.43000030517578,29.450000762939453,29.43000030517578,29.450000762939453,27.317079544067383,800
2022-10-19,29.59000015258789,29.729999542236328,29.270000457763672,29.3799991607666,27.252145767211914,7300
2022-10-20,29.559999465942383,29.950000762939453,29.559999465942383,29.770000457763672,27.613901138305664,6400
2022-10-21,29.809999465942383,30.25,29.809999465942383,30.020000457763672,27.845794677734375,21100
2022-10-24,30.020000457763672,31.0,29.834999084472656,30.440000534057617,28.235374450683594,13100
2022-10-25,30.399999618530273,32.0,30.399999618530273,31.40999984741211,29.1351261138916,11100
2022-10-26,31.33799934387207,31.87700080871582,31.33799934387207,31.739999771118164,29.44122314453125,3900
2022-10-27,31.309999465942383,31.75,31.309999465942383,31.559999465942383,29.274259567260742,11700
2022-10-28,31.579999923706055,31.600000381469727,31.469999313354492,31.469999313354492,29.190778732299805,5100
2022-10-31,31.559999465942383,31.899999618530273,31.481000900268555,31.700000762939453,29.40411949157715,3100
2022-11-01,31.8799991607666,31.899999618530273,31.809999465942383,31.84000015258789,29.53398323059082,2500
2022-11-02,31.809999465942383,31.84000015258789,31.700000762939453,31.700000762939453,29.40411949157715,5800
2022-11-03,31.799999237060547,31.799999237060547,31.5,31.5,29.450868606567383,3500
2022-11-04,31.5,31.674999237060547,31.399999618530273,31.399999618530273,29.357370376586914,5400
2022-11-07,31.40999984741211,31.84000015258789,31.40999984741211,31.739999771118164,29.675254821777344,4900
2022-11-08,31.690000534057617,31.81999969482422,31.690000534057617,31.81999969482422,29.750049591064453,2500
2022-11-09,31.69499969482422,31.809999465942383,31.600000381469727,31.600000381469727,29.544363021850586,10000
2022-11-10,31.790000915527344,31.829999923706055,31.510000228881836,31.760000228881836,29.693952560424805,6700
2022-11-11,31.760000228881836,31.809999465942383,31.510000228881836,31.75,29.684602737426758,1700
2022-11-14,31.809999465942383,32.0,31.809999465942383,32.0,29.9183406829834,7200
2022-11-15,32.09000015258789,32.09000015258789,31.809999465942383,31.860000610351562,29.787446975708008,5000
2022-11-16,31.905000686645508,32.150001525878906,31.809999465942383,32.099998474121094,30.0118350982666,9900
2022-11-17,32.09000015258789,32.09000015258789,31.760000228881836,32.0,29.9183406829834,2700
2022-11-18,31.90999984741211,32.20000076293945,31.899999618530273,32.20000076293945,30.105331420898438,13100
2022-11-21,32.209999084472656,32.209999084472656,32.029998779296875,32.150001525878906,30.058584213256836,7400
2022-11-22,32.279998779296875,32.279998779296875,32.09000015258789,32.150001525878906,30.058584213256836,8200
2022-11-23,32.20000076293945,32.20000076293945,32.13999938964844,32.150001525878906,30.058584213256836,3100
2022-11-25,32.0,32.13999938964844,32.0,32.0099983215332,29.927690505981445,1900
2022-11-28,32.150001525878906,32.150001525878906,31.823999404907227,32.060001373291016,29.974441528320312,5000
2022-11-29,32.15999984741211,32.20000076293945,31.65999984741211,32.20000076293945,30.105331420898438,6500
2022-11-30,32.29999923706055,32.56999969482422,32.060001373291016,32.54999923706055,30.43256187438965,6600
2022-12-01,32.810001373291016,33.0,32.56999969482422,32.79999923706055,30.66629981994629,4100
2022-12-02,32.61000061035156,32.95000076293945,32.3849983215332,32.58000183105469,30.46061134338379,8500
2022-12-05,32.7400016784668,32.900001525878906,32.25,32.540000915527344,30.423215866088867,3500
2022-12-06,32.7400016784668,32.7400016784668,31.56599998474121,32.13999938964844,30.04923439025879,7900
2022-12-07,32.2400016784668,32.349998474121094,32.0,32.13999938964844,30.04923439025879,3100
2022-12-08,32.16999816894531,32.54499816894531,32.0,32.36000061035156,30.25492286682129,4600
2022-12-09,32.47999954223633,32.78499984741211,32.2599983215332,32.29999923706055,30.198823928833008,4000
2022-12-12,32.36000061035156,32.6150016784668,32.0,32.39500045776367,30.287647247314453,3900
2022-12-13,32.70000076293945,32.7400016784668,32.099998474121094,32.58000183105469,30.46061134338379,6500
2022-12-14,32.54999923706055,32.880001068115234,32.108001708984375,32.459999084472656,30.348413467407227,5000
2022-12-15,32.45000076293945,32.45000076293945,31.760000228881836,31.760000228881836,29.693952560424805,4800
2022-12-16,32.369998931884766,32.48899841308594,31.399999618530273,31.5,29.450868606567383,7900
2022-12-19,31.5,31.610000610351562,31.309999465942383,31.5,29.450868606567383,4500
2022-12-20,31.65999984741211,32.625,31.5,31.989999771118164,29.90898895263672,16000
2022-12-21,32.189998626708984,32.33000183105469,31.67099952697754,31.760000228881836,29.693952560424805,4400
2022-12-22,31.850000381469727,32.0,31.360000610351562,31.700000762939453,29.637861251831055,4100
2022-12-23,31.790000915527344,31.920000076293945,31.5,31.559999465942383,29.506967544555664,4200
2022-12-27,31.6299991607666,31.899999618530273,31.15999984741211,31.170000076293945,29.142333984375,20000
2022-12-28,31.239999771118164,32.01300048828125,31.0,31.3700008392334,29.329328536987305,14700
2022-12-29,31.520000457763672,31.979999542236328,31.225000381469727,31.309999465942383,29.273225784301758,5200
2022-12-30,31.399999618530273,31.719999313354492,31.399999618530273,31.719999313354492,29.65655517578125,2300
2023-01-03,31.719999313354492,31.719999313354492,31.158000946044922,31.18000030517578,29.151683807373047,5800
2023-01-04,31.18000030517578,31.790000915527344,31.163000106811523,31.68000030517578,29.619157791137695,11600
2023-01-05,31.68000030517578,31.825000762939453,31.5,31.5,29.450868606567383,25400
2023-01-06,31.510000228881836,31.940000534057617,31.510000228881836,31.799999237060547,29.73134994506836,4000
2023-01-09,31.600000381469727,32.33000183105469,31.600000381469727,32.0099983215332,29.927690505981445,5200
2023-01-10,32.29999923706055,32.4900016784668,31.8799991607666,31.889999389648438,29.81549644470215,4800
2023-01-11,31.889999389648438,32.4900016784668,31.889999389648438,31.950000762939453,29.87159538269043,2700
2023-01-12,32.0,32.4900016784668,32.0,32.119998931884766,30.030534744262695,3300
2023-01-13,32.255001068115234,32.4900016784668,32.11000061035156,32.11000061035156,30.02118682861328,4300
2023-01-17,32.255001068115234,32.5,32.040000915527344,32.27000045776367,30.170778274536133,12200
2023-01-18,32.5,32.5,32.119998931884766,32.36000061035156,30.25492286682129,3400
2023-01-19,32.349998474121094,32.349998474121094,32.099998474121094,32.290000915527344,30.18947982788086,5700
2023-01-20,32.130001068115234,32.5,32.130001068115234,32.5,30.385814666748047,7400
2023-01-23,32.4630012512207,32.970001220703125,32.2599983215332,32.60499954223633,30.483985900878906,9900
2023-01-24,32.970001220703125,34.0,32.54999923706055,32.54999923706055,30.43256187438965,40200
2023-01-25,32.619998931884766,33.20000076293945,32.33100128173828,32.4900016784668,30.376466751098633,18400
2023-01-26,32.5,33.86000061035156,32.5,32.70000076293945,30.57280731201172,6400
2023-01-27,32.810001373291016,34.64799880981445,32.70000076293945,33.599998474121094,31.41425895690918,12800
2023-01-30,33.599998474121094,33.900001525878906,33.224998474121094,33.66999816894531,31.47970199584961,6500
2023-01-31,33.56999969482422,34.34000015258789,33.56999969482422,34.34000015258789,32.10612487792969,13100
2023-02-01,34.060001373291016,35.659000396728516,33.599998474121094,34.65999984741211,32.405303955078125,17100
2023-02-02,34.91999816894531,35.47999954223633,34.79999923706055,35.02000045776367,32.741886138916016,6700
2023-02-03,35.402000427246094,35.75,34.48500061035156,35.470001220703125,33.16261672973633,10000
2023-02-06,35.66999816894531,35.9900016784668,35.6349983215332,35.84000015258789,33.508544921875,9300
2023-02-07,35.68000030517578,37.470001220703125,35.119998931884766,36.33000183105469,33.9666633605957,26900
2023-02-08,36.369998931884766,36.369998931884766,35.70000076293945,36.279998779296875,33.919921875,6000
2023-02-09,35.689998626708984,35.819000244140625,35.04999923706055,35.79999923706055,33.75022888183594,13600
2023-02-10,35.79999923706055,36.599998474121094,35.665000915527344,36.599998474121094,34.50442123413086,12200
2023-02-13,36.29999923706055,37.54999923706055,36.29999923706055,37.18000030517578,35.051212310791016,10100
2023-02-14,37.25,37.599998474121094,36.5,36.779998779296875,34.67411804199219,16100
2023-02-15,36.88999938964844,36.88999938964844,35.959999084472656,36.35499954223633,34.2734489440918,6800
2023-02-16,35.70000076293945,36.5099983215332,35.29999923706055,35.599998474121094,33.561676025390625,9600
2023-02-17,35.2599983215332,35.709999084472656,35.2599983215332,35.400001525878906,33.373130798339844,3400
2023-02-21,34.79999923706055,35.2400016784668,34.5,35.0,32.996028900146484,3700
2023-02-22,34.86000061035156,35.2400016784668,34.79999923706055,34.79999923706055,32.80747985839844,7600
2023-02-23,35.11000061035156,35.2400016784668,34.880001068115234,34.939998626708984,32.9394645690918,5200
2023-02-24,34.97999954223633,35.20000076293945,34.75,35.20000076293945,33.18457794189453,4400
2023-02-27,35.54999923706055,35.54999923706055,34.849998474121094,35.02000045776367,33.014888763427734,3300
2023-02-28,34.9900016784668,35.02000045776367,34.75,35.02000045776367,33.014888763427734,3600
2023-03-01,35.02000045776367,35.1349983215332,34.75,35.06999969482422,33.0620231628418,3900
2023-03-02,35.0,35.20000076293945,35.0,35.099998474121094,33.090301513671875,2600
2023-03-03,34.900001525878906,34.900001525878906,34.41999816894531,34.41999816894531,32.44923782348633,9100
2023-03-06,34.310001373291016,34.32699966430664,33.90999984741211,34.25,32.28896713256836,4400
2023-03-07,33.56999969482422,34.04499816894531,33.2599983215332,33.72999954223633,31.79874610900879,3700
2023-03-08,33.91999816894531,34.02899932861328,30.850000381469727,33.79999923706055,31.86473846435547,10500
2023-03-09,33.79999923706055,34.02000045776367,33.055999755859375,33.900001525878906,31.959014892578125,23800
2023-03-10,33.83000183105469,34.54999923706055,33.36600112915039,33.79999923706055,31.86473846435547,30600
2023-03-13,33.349998474121094,33.349998474121094,30.350000381469727,32.31999969482422,30.469478607177734,11500
2023-03-14,31.93000030517578,32.599998474121094,31.93000030517578,32.0,30.167800903320312,22100
2023-03-15,31.719999313354492,31.899999618530273,31.200000762939453,31.399999618530273,29.602149963378906,11000
2023-03-16,32.0,32.65999984741211,32.0,32.65999984741211,30.790010452270508,5700
2023-03-17,32.47999954223633,32.47999954223633,31.6299991607666,31.6299991607666,29.81898307800293,6200
2023-03-20,31.719999313354492,32.599998474121094,31.299999237060547,31.40999984741211,29.611581802368164,6700
2023-03-21,31.809999465942383,32.5,31.809999465942383,31.899999618530273,30.073522567749023,3700
2023-03-22,31.799999237060547,31.950000762939453,31.399999618530273,31.770000457763672,29.950969696044922,5900
2023-03-23,32.04999923706055,32.65999984741211,31.299999237060547,31.59000015258789,29.781274795532227,8700
2023-03-24,31.59000015258789,31.950000762939453,31.59000015258789,31.780000686645508,29.960397720336914,4000
2023-03-27,32.08000183105469,32.08000183105469,31.799999237060547,31.799999237060547,29.979249954223633,3000
2023-03-28,31.610000610351562,32.029998779296875,31.610000610351562,31.950000762939453,30.120664596557617,3900
2023-03-29,31.875,31.979999542236328,31.799999237060547,31.799999237060547,29.979249954223633,4900
2023-03-30,32.23500061035156,32.66999816894531,31.718000411987305,31.719999313354492,29.903831481933594,10000
2023-03-31,31.871999740600586,32.22999954223633,31.65999984741211,31.719999313354492,29.903831481933594,6200
2023-04-03,31.90999984741211,33.0,31.760000228881836,32.4900016784668,30.629743576049805,10800
2023-04-04,32.279998779296875,32.33000183105469,31.520000457763672,31.520000457763672,29.71528434753418,9000
2023-04-05,31.350000381469727,31.850000381469727,31.350000381469727,31.520000457763672,29.71528434753418,3400
2023-04-06,31.81999969482422,31.81999969482422,31.309999465942383,31.65999984741211,29.847265243530273,4100
2023-04-10,31.510000228881836,31.8700008392334,31.510000228881836,31.68000030517578,29.86612319946289,2500
2023-04-11,31.93000030517578,31.989999771118164,31.559999465942383,31.989999771118164,30.158370971679688,4700
2023-04-12,31.809999465942383,32.2400016784668,31.760000228881836,32.2400016784668,30.394060134887695,4800
2023-04-13,32.2400016784668,32.45000076293945,31.850000381469727,32.45000076293945,30.592037200927734,4000
2023-04-14,32.400001525878906,32.77000045776367,31.809999465942383,32.56999969482422,30.705163955688477,10000
2023-04-17,32.29999923706055,32.79999923706055,32.0,32.470001220703125,30.610891342163086,8000
2023-04-18,32.5099983215332,32.79999923706055,32.117000579833984,32.79999923706055,30.921993255615234,5400
2023-04-19,32.540000915527344,33.0,32.119998931884766,32.84000015258789,30.959705352783203,12300
2023-04-20,32.75,33.025001525878906,32.54999923706055,33.0,31.110544204711914,7800
2023-04-21,32.849998474121094,32.849998474121094,30.56999969482422,31.850000381469727,30.02638816833496,20600
2023-04-24,32.275001525878906,32.275001525878906,30.700000762939453,30.700000762939453,28.94223403930664,12100
2023-04-25,30.940000534057617,32.00400161743164,29.65999984741211,29.65999984741211,27.961780548095703,11900
2023-04-26,29.6200008392334,30.354999542236328,29.209999084472656,29.209999084472656,27.53754425048828,13200
2023-04-27,29.940000534057617,30.059999465942383,29.5,29.5,27.810941696166992,4800
2023-04-28,29.290000915527344,29.889999389648438,28.65999984741211,28.670000076293945,27.02846336364746,12900
2023-05-01,28.899999618530273,28.899999618530273,28.459999084472656,28.530000686645508,26.896480560302734,9800
2023-05-02,28.25,28.25,26.5,26.5,24.982709884643555,17100
2023-05-03,26.450000762939453,27.25,26.270000457763672,26.75,25.218395233154297,16000
2023-05-04,26.579999923706055,26.719999313354492,25.90999984741211,25.950000762939453,24.464200973510742,13700
2023-05-05,26.0,26.8700008392334,25.899999618530273,26.139999389648438,24.643320083618164,27000
2023-05-08,25.760000228881836,26.21500015258789,24.9950008392334,25.399999618530273,24.223697662353516,14700
2023-05-09,25.020000457763672,25.5,24.520000457763672,25.299999237060547,24.128328323364258,26300
2023-05-10,25.31999969482422,25.510000228881836,24.309999465942383,24.559999465942383,23.42259979248047,17900
2023-05-11,24.450000762939453,24.760000228881836,24.450000762939453,24.5,23.365375518798828,19400
2023-05-12,24.649999618530273,24.649999618530273,24.0,24.190000534057617,23.069734573364258,11800
2023-05-15,24.149999618530273,24.399999618530273,24.09000015258789,24.09000015258789,22.974363327026367,18800
2023-05-16,24.09000015258789,24.219999313354492,23.489999771118164,24.190000534057617,23.069734573364258,19900
2023-05-17,24.399999618530273,25.639999389648438,24.399999618530273,25.559999465942383,24.37628746032715,11400
2023-05-18,26.020000457763672,26.020000457763672,24.665000915527344,25.3700008392334,24.195087432861328,10300
2023-05-19,25.329999923706055,25.40999984741211,24.690000534057617,24.690000534057617,23.546579360961914,10600
2023-05-22,24.780000686645508,24.799999237060547,24.110000610351562,24.389999389648438,23.26047134399414,11500
2023-05-23,24.450000762939453,24.940000534057617,24.399999618530273,24.809999465942383,23.66101837158203,5200
2023-05-24,24.860000610351562,25.3799991607666,24.790000915527344,25.100000381469727,23.937589645385742,3800
2023-05-25,25.1299991607666,25.1299991607666,24.834999084472656,24.8700008392334,23.718244552612305,3700
2023-05-26,25.05500030517578,25.350000381469727,24.68000030517578,24.760000228881836,23.61333656311035,7800
2023-05-30,24.969999313354492,25.420000076293945,24.75,24.75,23.603797912597656,7200
2023-05-31,24.899999618530273,25.079999923706055,24.649999618530273,24.690000534057617,23.546579360961914,10500
2023-06-01,24.739999771118164,25.690000534057617,24.514999389648438,24.860000610351562,23.70870590209961,26200
2023-06-02,24.954999923706055,26.799999237060547,24.90999984741211,26.489999771118164,25.263219833374023,36000
2023-06-05,27.0,27.0,26.059999465942383,26.149999618530273,24.938962936401367,5300
2023-06-06,26.700000762939453,27.489999771118164,26.559999465942383,27.030000686645508,25.778209686279297,5700
2023-06-07,27.18000030517578,28.75,27.18000030517578,28.75,27.418554306030273,9700
2023-06-08,27.1299991607666,30.139999389648438,27.1299991607666,29.989999771118164,28.60112953186035,13200
2023-06-09,29.719999313354492,30.325000762939453,29.209999084472656,29.920000076293945,28.534372329711914,13300
2023-06-12,29.760000228881836,30.600000381469727,29.610000610351562,30.200000762939453,28.80140495300293,16800
2023-06-13,30.3700008392334,31.979999542236328,29.6200008392334,31.760000228881836,30.28915786743164,21200
2023-06-14,31.719999313354492,31.889999389648438,30.030000686645508,30.190000534057617,28.791866302490234,21200
2023-06-15,29.84000015258789,30.884000778198242,29.84000015258789,30.25,28.849088668823242,16900
2023-06-16,28.892000198364258,30.18000030517578,28.309999465942383,28.6299991607666,27.30411148071289,27500
2023-06-20,28.829999923706055,29.270000457763672,28.469999313354492,28.829999923706055,27.494848251342773,26400
2023-06-21,28.93000030517578,29.065000534057617,28.25,28.700000762939453,27.37087059020996,25600
2023-06-22,28.559999465942383,28.799999237060547,28.21500015258789,28.59000015258789,27.265962600708008,25900
2023-06-23,27.6299991607666,28.149999618530273,26.3700008392334,27.200000762939453,25.940336227416992,591500
2023-06-26,27.1200008392334,28.21500015258789,27.1200008392334,27.739999771118164,26.45532989501953,15100
2023-06-27,27.739999771118164,27.799999237060547,27.145000457763672,27.25,25.988019943237305,29100
2023-06-28,27.0,27.3799991607666,27.0,27.200000762939453,25.940336227416992,17600
2023-06-29,27.229999542236328,27.809999465942383,27.229999542236328,27.780000686645508,26.493478775024414,4600
2023-06-30,27.290000915527344,27.740999221801758,27.25,27.31999969482422,26.054779052734375,18700
2023-07-03,27.329999923706055,27.510000228881836,27.28499984741211,27.3799991607666,26.112001419067383,9400
2023-07-05,27.399999618530273,28.030000686645508,27.350000381469727,27.989999771118164,26.693750381469727,30000
2023-07-06,27.600000381469727,27.850000381469727,27.329999923706055,27.75,26.464866638183594,16600
2023-07-07,28.079999923706055,28.6200008392334,27.809999465942383,28.190000534057617,26.884490966796875,28500
2023-07-10,27.979999542236328,28.0,27.61199951171875,27.700000762939453,26.41718101501465,8500
2023-07-11,28.09000015258789,28.399999618530273,27.3700008392334,27.3700008392334,26.102466583251953,13800
2023-07-12,28.0,28.405000686645508,27.459999084472656,27.860000610351562,26.56977081298828,16800
2023-07-13,28.100000381469727,28.2450008392334,27.459999084472656,27.6200008392334,26.34088706970215,26200
2023-07-14,27.549999237060547,27.790000915527344,27.229999542236328,27.56999969482422,26.293201446533203,7200
2023-07-17,28.235000610351562,28.8799991607666,27.700000762939453,28.8799991607666,27.54253387451172,18900
2023-07-18,28.719999313354492,29.0,28.40999984741211,28.979999542236328,27.637901306152344,12000
2023-07-19,28.90999984741211,29.59600067138672,28.90999984741211,29.25,27.895401000976562,11900
2023-07-20,28.43000030517578,30.440000534057617,28.43000030517578,30.440000534057617,29.030292510986328,31800
2023-07-21,30.329999923706055,30.549999237060547,29.0,29.040000915527344,27.695125579833984,9600
2023-07-24,29.329999923706055,30.450000762939453,29.270000457763672,30.450000762939453,29.039827346801758,8900
2023-07-25,29.93000030517578,30.270000457763672,29.93000030517578,30.0,28.610666275024414,3700
2023-07-26,30.415000915527344,32.0,29.780000686645508,31.299999237060547,29.850460052490234,30200
2023-07-27,31.424999237060547,31.989999771118164,31.415000915527344,31.520000457763672,30.060274124145508,25000
2023-07-28,31.5049991607666,31.850000381469727,31.25,31.690000534057617,30.222400665283203,26800
2023-07-31,31.440000534057617,31.690000534057617,29.492000579833984,29.90999984741211,28.524837493896484,17900
2023-08-01,30.0,31.219999313354492,29.5,30.81999969482422,29.392688751220703,30400
2023-08-02,30.450000762939453,30.81999969482422,30.389999389648438,30.450000762939453,29.039827346801758,8700
2023-08-03,30.299999237060547,30.992000579833984,30.299999237060547,30.68000030517578,29.25917625427246,9400
2023-08-04,30.68000030517578,31.05299949645996,30.385000228881836,30.68000030517578,29.25917625427246,7000
2023-08-07,30.969999313354492,30.969999313354492,29.128999710083008,30.219999313354492,28.820476531982422,23600
2023-08-08,29.950000762939453,30.149999618530273,29.533000946044922,30.059999465942383,28.95533561706543,6500
2023-08-09,29.739999771118164,29.770000457763672,29.420000076293945,29.420000076293945,28.33885383605957,7200
2023-08-10,30.40999984741211,30.5,29.69499969482422,30.489999771118164,29.369531631469727,11500
2023-08-11,30.469999313354492,30.489999771118164,30.077999114990234,30.450000762939453,29.331003189086914,7100
2023-08-14,30.139999389648438,30.549999237060547,30.139999389648438,30.540000915527344,29.417695999145508,4700
2023-08-15,30.260000228881836,30.43000030517578,29.100000381469727,29.100000381469727,28.03061294555664,6800
2023-08-16,29.350000381469727,29.959999084472656,29.010000228881836,29.010000228881836,27.943918228149414,6200
2023-08-17,29.020000457763672,29.799999237060547,28.899999618530273,29.420000076293945,28.33885383605957,18100
2023-08-18,29.440000534057617,29.440000534057617,29.18000030517578,29.3700008392334,28.290691375732422,5400
2023-08-21,29.016000747680664,29.190000534057617,29.0,29.020000457763672,27.953554153442383,2700
2023-08-22,28.799999237060547,28.799999237060547,28.559999465942383,28.559999465942383,27.510456085205078,4300
2023-08-23,28.979999542236328,29.382999420166016,28.700000762939453,29.030000686645508,27.963184356689453,8700
2023-08-24,29.200000762939453,29.559999465942383,29.094999313354492,29.100000381469727,28.03061294555664,7000
2023-08-25,29.405000686645508,29.405000686645508,28.829999923706055,29.100000381469727,28.03061294555664,4000
2023-08-28,29.25,29.31999969482422,29.0,29.31999969482422,28.24252700805664,3700
2023-08-29,29.559999465942383,30.0,29.280000686645508,29.979999542236328,28.878271102905273,8300
2023-08-30,29.600000381469727,29.610000610351562,29.209999084472656,29.280000686645508,28.203998565673828,4100
2023-08-31,29.25,29.989999771118164,29.219999313354492,29.270000457763672,28.194364547729492,7200
2023-09-01,29.75,30.0,29.350000381469727,29.350000381469727,28.271425247192383,3900
2023-09-05,29.68000030517578,29.68000030517578,29.059999465942383,29.059999465942383,27.992080688476562,11500
2023-09-06,29.225000381469727,29.225000381469727,28.350000381469727,28.40999984741211,27.365968704223633,11300
2023-09-07,28.219999313354492,28.889999389648438,28.219999313354492,28.229999542236328,27.192583084106445,31400
2023-09-08,28.360000610351562,28.389999389648438,28.06999969482422,28.389999389648438,27.34670066833496,5900
2023-09-11,28.40999984741211,28.719999313354492,28.110000610351562,28.110000610351562,27.076993942260742,4200
2023-09-12,28.5,29.1200008392334,28.34000015258789,28.690000534057617,27.635677337646484,7300
2023-09-13,28.780000686645508,28.8799991607666,28.420000076293945,28.420000076293945,27.37560272216797,12600
2023-09-14,28.739999771118164,29.209999084472656,28.309999465942383,28.799999237060547,27.741636276245117,16400
2023-09-15,28.799999237060547,30.540000915527344,28.799999237060547,30.489999771118164,29.369531631469727,50200
2023-09-18,30.100000381469727,30.200000762939453,29.31999969482422,29.31999969482422,28.24252700805664,13500
2023-09-19,29.31999969482422,29.850000381469727,29.240999221801758,29.520000457763672,28.435176849365234,14800
2023-09-20,29.40999984741211,29.87700080871582,29.010000228881836,29.010000228881836,27.943918228149414,6800
2023-09-21,28.950000762939453,29.899999618530273,28.950000762939453,29.549999237060547,28.464075088500977,11800
2023-09-22,29.729999542236328,29.920000076293945,29.450000762939453,29.670000076293945,28.57966423034668,8700
2023-09-25,29.709999084472656,30.239999771118164,28.993999481201172,30.049999237060547,28.94569969177246,4300
2023-09-26,30.139999389648438,30.239999771118164,29.5,29.600000381469727,28.512237548828125,19900
2023-09-27,29.899999618530273,30.0,29.559999465942383,29.6299991607666,28.541133880615234,9000
2023-09-28,29.75,29.760000228881836,29.559999465942383,29.610000610351562,28.52187156677246,4400
2023-09-29,29.649999618530273,29.649999618530273,28.56999969482422,28.989999771118164,27.924654006958008,14700
2023-10-02,28.969999313354492,29.0049991607666,28.100000381469727,28.209999084472656,27.17331886291504,9800
2023-10-03,28.350000381469727,29.18000030517578,28.139999389648438,28.31999969482422,27.27927589416504,7700
2023-10-04,28.469999313354492,28.989999771118164,28.399999618530273,28.700000762939453,27.64531135559082,7600
2023-10-05,28.850000381469727,29.299999237060547,28.850000381469727,28.90999984741211,27.847593307495117,9000
2023-10-06,29.149999618530273,29.360000610351562,29.139999389648438,29.360000610351562,28.281057357788086,3400
2023-10-09,28.90999984741211,30.152999877929688,28.7450008392334,29.09000015258789,28.020980834960938,8400
2023-10-10,29.44499969482422,30.0,29.010000228881836,29.799999237060547,28.70488739013672,8300
2023-10-11,29.860000610351562,30.15999984741211,29.739999771118164,29.969999313354492,28.86863899230957,5600
2023-10-12,29.575000762939453,29.8799991607666,29.5,29.670000076293945,28.57966423034668,4800
2023-10-13,29.552000045776367,29.600000381469727,29.540000915527344,29.600000381469727,28.512237548828125,3100
2023-10-16,30.079999923706055,30.100000381469727,29.829999923706055,29.829999923706055,28.733783721923828,7400
2023-10-17,29.8799991607666,30.979999542236328,29.8799991607666,30.1200008392334,29.01312828063965,12900
2023-10-18,30.030000686645508,30.030000686645508,29.579999923706055,29.579999923706055,28.492971420288086,5000
2023-10-19,29.700000762939453,30.079999923706055,29.700000762939453,29.809999465942383,28.714521408081055,4400
2023-10-20,30.0,30.049999237060547,29.309999465942383,29.389999389648438,28.309955596923828,10600
2023-10-23,29.389999389648438,29.389999389648438,29.010000228881836,29.079999923706055,28.0113468170166,10000
2023-10-24,29.209999084472656,29.299999237060547,28.530000686645508,28.6299991607666,27.577882766723633,10200
2023-10-25,28.6200008392334,28.850000381469727,28.510000228881836,28.649999618530273,27.597148895263672,7600
2023-10-26,28.850000381469727,29.200000762939453,28.850000381469727,29.200000762939453,28.126937866210938,5500
2023-10-27,29.18000030517578,29.450000762939453,28.440000534057617,28.700000762939453,27.64531135559082,9300
2023-10-30,28.5,30.489999771118164,28.5,30.479999542236328,29.35989761352539,11800
2023-10-31,30.450000762939453,30.969999313354492,29.700000762939453,30.0,28.897539138793945,15300
2023-11-01,30.0,30.100000381469727,29.75,29.8700008392334,28.772315979003906,10700
2023-11-02,30.350000381469727,31.75,30.0,31.700000762939453,30.535066604614258,20800
2023-11-03,31.75,33.040000915527344,28.65999984741211,32.27000045776367,31.084117889404297,9700
2023-11-06,30.895000457763672,32.84000015258789,30.895000457763672,32.619998931884766,31.421255111694336,5100
2023-11-07,32.849998474121094,32.849998474121094,32.130001068115234,32.5,31.3056640625,9900
2023-11-08,32.619998931884766,32.619998931884766,32.599998474121094,32.599998474121094,31.401988983154297,4000
2023-11-09,31.059999465942383,31.972000122070312,31.059999465942383,31.610000610351562,30.44837188720703,6800
2023-11-10,31.5,31.75,30.68000030517578,31.479999542236328,30.61369514465332,9400
2023-11-13,30.760000228881836,32.47999954223633,30.200000762939453,31.889999389648438,31.01241111755371,5300
2023-11-14,32.720001220703125,33.689998626708984,30.760000228881836,33.5,32.57810592651367,19300
2023-11-15,33.47999954223633,34.0,31.40999984741211,33.470001220703125,32.54893493652344,10900
2023-11-16,33.05500030517578,33.869998931884766,32.20100021362305,33.43000030517578,32.510032653808594,8400
2023-11-17,33.59000015258789,33.599998474121094,32.95000076293945,33.04999923706055,32.14048767089844,12400
2023-11-20,33.220001220703125,33.220001220703125,32.869998931884766,32.91999816894531,32.014060974121094,5300
2023-11-21,33.02000045776367,33.04999923706055,32.27000045776367,32.720001220703125,31.819570541381836,6700
2023-11-22,32.99599838256836,32.99599838256836,32.762001037597656,32.869998931884766,31.965442657470703,4400
2023-11-24,33.130001068115234,33.130001068115234,32.63999938964844,33.04999923706055,32.14048767089844,2400
2023-11-27,32.81999969482422,33.150001525878906,32.61000061035156,32.650001525878906,31.751501083374023,7500
2023-11-28,32.88999938964844,32.9900016784668,32.599998474121094,32.599998474121094,31.702871322631836,4800
2023-11-29,32.97999954223633,33.31999969482422,32.75,33.31999969482422,32.40305709838867,6400
2023-11-30,33.31999969482422,33.31999969482422,32.970001220703125,32.970001220703125,32.06269454956055,4100
2023-12-01,33.277000427246094,33.685001373291016,33.25,33.650001525878906,32.723976135253906,16900
2023-12-04,33.599998474121094,34.0,33.599998474121094,34.0,33.06434631347656,8900
2023-12-05,33.77000045776367,34.5,32.650001525878906,33.970001220703125,33.0351676940918,8600
2023-12-06,33.75,34.0,33.584999084472656,33.70000076293945,32.772605895996094,9600
2023-12-07,34.33300018310547,34.33300018310547,33.75,34.25,33.307464599609375,9200
2023-12-08,34.22999954223633,34.459999084472656,33.83000183105469,34.2400016784668,33.2977409362793,13200
2023-12-11,34.2400016784668,34.29999923706055,33.86000061035156,34.16999816894531,33.22966384887695,16800
2023-12-12,33.95500183105469,34.26499938964844,33.7599983215332,34.060001373291016,33.12269592285156,11700
2023-12-13,34.060001373291016,35.540000915527344,33.97999954223633,35.540000915527344,34.56196975708008,31500
2023-12-14,35.68000030517578,36.290000915527344,35.02000045776367,36.290000915527344,35.29132843017578,30300
2023-12-15,36.349998474121094,37.9900016784668,35.380001068115234,37.599998474121094,36.56527328491211,76600
2023-12-18,37.439998626708984,37.439998626708984,36.75,37.11000061035156,36.08876037597656,13900
2023-12-19,37.380001068115234,37.91999816894531,37.099998474121094,37.380001068115234,36.3513298034668,14400
2023-12-20,37.880001068115234,38.19499969482422,37.099998474121094,37.41999816894531,36.39023208618164,23300
2023-12-21,37.7400016784668,37.81999969482422,36.61000061035156,36.95000076293945,35.933162689208984,20400
2023-12-22,36.95000076293945,38.09400177001953,36.38999938964844,37.45000076293945,36.41940689086914,9300
2023-12-26,37.93000030517578,37.93000030517578,37.29999923706055,37.33000183105469,36.30270767211914,15500
2023-12-27,37.25,37.25,36.5,36.689998626708984,35.680320739746094,17400
2023-12-28,36.6349983215332,36.654998779296875,36.310001373291016,36.5099983215332,35.50526809692383,9800
2023-12-29,36.25,36.279998779296875,35.900001525878906,35.900001525878906,34.91205978393555,7900
2024-01-02,36.20000076293945,36.4900016784668,35.41999816894531,36.25,35.25242614746094,36700
2024-01-03,36.25,36.25,35.560001373291016,35.560001373291016,34.581417083740234,13700
2024-01-04,35.560001373291016,36.029998779296875,35.02000045776367,35.439998626708984,34.464717864990234,16500
2024-01-05,35.45000076293945,35.65999984741211,35.349998474121094,35.38999938964844,34.41609191894531,16900
2024-01-08,35.185001373291016,35.33000183105469,34.22999954223633,34.68000030517578,33.72563171386719,12900
2024-01-09,34.310001373291016,34.560001373291016,33.81999969482422,34.130001068115234,33.190773010253906,20300
2024-01-10,34.22999954223633,34.54499816894531,33.75,33.869998931884766,32.937923431396484,8700
2024-01-11,34.15999984741211,34.435001373291016,33.900001525878906,34.11000061035156,33.17131805419922,15500
2024-01-12,34.279998779296875,34.29999923706055,33.56999969482422,33.86000061035156,32.928199768066406,16800
2024-01-16,33.75,34.36000061035156,33.52000045776367,33.61000061035156,32.68507766723633,8900
2024-01-17,34.14500045776367,34.14500045776367,33.63999938964844,34.0,33.06434631347656,5000
2024-01-18,34.0,34.0,33.641998291015625,34.0,33.06434631347656,7100
2024-01-19,34.0,34.4900016784668,33.5,34.4900016784668,33.54086685180664,6900
2024-01-22,34.4900016784668,34.4900016784668,34.0,34.4900016784668,33.54086685180664,6500
2024-01-23,34.72999954223633,34.72999954223633,34.04999923706055,34.33000183105469,33.3852653503418,11200
2024-01-24,34.54999923706055,34.599998474121094,34.47999954223633,34.5,33.55058670043945,7600
2024-01-25,34.900001525878906,34.900001525878906,33.58000183105469,34.2400016784668,33.2977409362793,12300
2024-01-26,33.9900016784668,34.20800018310547,33.599998474121094,33.72999954223633,32.80177688598633,7200
2024-01-29,33.97999954223633,34.4900016784668,32.72999954223633,33.13999938964844,32.22801208496094,23900
2024-01-30,32.529998779296875,33.1349983215332,32.529998779296875,33.06999969482422,32.15993881225586,8800
2024-01-31,32.90999984741211,33.54999923706055,32.65999984741211,32.65999984741211,31.76122283935547,12500
2024-02-01,32.79999923706055,32.79999923706055,31.610000610351562,32.040000915527344,31.15828514099121,20600
2024-02-02,31.649999618530273,32.45899963378906,31.649999618530273,32.279998779296875,31.39167594909668,11500
2024-02-05,32.08000183105469,32.81999969482422,31.829999923706055,32.380001068115234,31.488927841186523,22200
2024-02-06,32.459999084472656,32.540000915527344,31.280000686645508,31.360000610351562,30.496997833251953,41300
2024-02-07,31.1200008392334,31.6200008392334,30.530000686645508,31.229999542236328,30.370573043823242,20800
2024-02-08,31.25,31.520000457763672,31.25,31.469999313354492,30.900806427001953,11600
2024-02-09,31.549999237060547,32.06999969482422,31.299999237060547,31.309999465942383,30.74370002746582,34900
2024-02-12,31.31999969482422,32.400001525878906,31.31999969482422,32.130001068115234,31.548871994018555,9000
2024-02-13,31.950000762939453,31.950000762939453,31.219999313354492,31.219999313354492,30.65532684326172,23700
2024-02-14,31.43000030517578,32.290000915527344,31.350000381469727,32.290000915527344,31.705976486206055,11600
2024-02-15,32.5,33.689998626708984,32.5,33.02000045776367,32.42277145385742,12000
2024-02-16,32.970001220703125,33.45000076293945,32.85499954223633,32.91999816894531,32.32457733154297,11800
2024-02-20,32.29999923706055,33.02000045776367,32.0,32.0,31.421220779418945,6800
2024-02-21,31.899999618530273,31.899999618530273,31.299999237060547,31.56999969482422,30.998998641967773,7700
2024-02-22,31.56999969482422,32.084999084472656,30.809999465942383,31.100000381469727,30.537500381469727,19900
2024-02-23,31.545000076293945,31.545000076293945,30.829999923706055,31.084999084472656,30.522768020629883,13600
2024-02-26,31.100000381469727,31.44499969482422,30.860000610351562,30.860000610351562,30.30183982849121,3000
2024-02-27,31.209999084472656,31.209999084472656,30.850000381469727,31.0,30.439308166503906,3100
2024-02-28,31.09000015258789,31.09000015258789,30.360000610351562,30.399999618530273,29.85015869140625,5400
2024-02-29,30.84000015258789,30.97800064086914,30.56999969482422,30.780000686645508,30.223285675048828,5700
2024-03-01,30.719999313354492,31.0,30.399999618530273,30.540000915527344,29.987628936767578,8800
2024-03-04,30.600000381469727,31.0,30.360000610351562,30.360000610351562,29.810882568359375,2300
2024-03-05,30.260000228881836,30.549999237060547,30.049999237060547,30.25,29.702871322631836,14600
2024-03-06,30.079999923706055,31.030000686645508,30.079999923706055,30.34000015258789,29.791244506835938,6400
2024-03-07,30.450000762939453,30.450000762939453,30.149999618530273,30.450000762939453,29.899255752563477,4600
2024-03-08,30.719999313354492,30.719999313354492,30.049999237060547,30.239999771118164,29.693052291870117,10800
2024-03-11,30.149999618530273,30.791000366210938,30.110000610351562,30.110000610351562,29.565406799316406,7200
2024-03-12,30.110000610351562,31.100000381469727,29.94099998474121,30.530000686645508,29.97780990600586,17800
2024-03-13,30.5,30.649999618530273,30.329999923706055,30.579999923706055,30.026905059814453,10200
2024-03-14,30.100000381469727,30.395000457763672,29.559999465942383,29.719999313354492,29.182456970214844,14400
2024-03-15,29.729999542236328,30.18000030517578,29.579999923706055,30.18000030517578,29.634140014648438,70000
2024-03-18,29.799999237060547,31.013999938964844,29.69499969482422,30.1200008392334,29.575225830078125,4000
2024-03-19,30.260000228881836,30.65999984741211,30.219999313354492,30.31999969482422,29.7716064453125,7300
2024-03-20,30.31999969482422,31.3700008392334,30.31999969482422,31.3700008392334,30.802616119384766,8800
2024-03-21,31.290000915527344,31.520000457763672,31.174999237060547,31.389999389648438,30.82225227355957,15900
2024-03-22,30.96500015258789,31.299999237060547,30.8799991607666,30.8799991607666,30.321475982666016,5200
2024-03-25,31.3700008392334,31.670000076293945,31.0,31.0,30.439308166503906,8100
2024-03-26,31.25,31.485000610351562,30.31999969482422,30.31999969482422,29.7716064453125,5100
2024-03-27,30.336000442504883,31.1200008392334,30.336000442504883,31.1200008392334,30.557138442993164,8500
2024-03-28,30.924999237060547,31.100000381469727,30.5,30.780000686645508,30.223285675048828,7400
2024-04-01,30.5,31.0,30.350000381469727,30.350000381469727,29.801063537597656,9200
2024-04-02,30.190000534057617,30.270000457763672,29.969999313354492,30.030000686645508,29.486852645874023,10400
2024-04-03,29.969999313354492,30.5,29.969999313354492,30.25,29.702871322631836,11600
2024-04-04,30.040000915527344,30.489999771118164,30.040000915527344,30.06999969482422,29.5261287689209,5200
2024-04-05,30.225000381469727,30.31999969482422,30.1299991607666,30.1299991607666,29.58504295349121,4200
2024-04-08,30.25,30.34000015258789,30.0,30.0,29.457393646240234,5600
2024-04-09,29.959999084472656,30.1299991607666,29.799999237060547,30.1299991607666,29.58504295349121,6800
2024-04-10,29.84000015258789,29.8700008392334,29.610000610351562,29.610000610351562,29.07444953918457,15900
2024-04-11,29.780000686645508,30.190000534057617,29.780000686645508,29.780000686645508,29.24137306213379,8800
2024-04-12,29.770000457763672,29.889999389648438,29.399999618530273,29.399999618530273,28.86824607849121,3900
2024-04-15,29.6200008392334,29.764999389648438,29.270000457763672,29.540000915527344,29.00571632385254,17300
2024-04-16,29.549999237060547,29.9950008392334,29.520000457763672,29.719999313354492,29.182456970214844,7100
2024-04-17,29.94499969482422,30.450000762939453,29.309999465942383,29.68000030517578,29.1431827545166,10000
2024-04-18,29.68000030517578,30.093000411987305,29.510000228881836,29.510000228881836,28.97625732421875,11900
2024-04-19,29.510000228881836,30.0,29.510000228881836,29.795000076293945,29.256101608276367,5800
2024-04-22,29.809999465942383,30.323999404907227,29.780000686645508,30.1200008392334,29.575225830078125,13000
2024-04-23,30.190000534057617,30.190000534057617,29.950000762939453,30.15999984741211,29.614501953125,5300
2024-04-24,29.763999938964844,30.299999237060547,29.719999313354492,30.010000228881836,29.467214584350586,4500
2024-04-25,30.110000610351562,30.110000610351562,29.360000610351562,29.479999542236328,28.94679832458496,9000
2024-04-26,29.510000228881836,30.049999237060547,29.510000228881836,30.049999237060547,29.506488800048828,8000
2024-04-29,29.989999771118164,29.989999771118164,29.670000076293945,29.8700008392334,29.32974624633789,5100
2024-04-30,29.559999465942383,29.663000106811523,29.020000457763672,29.149999618530273,28.62276840209961,12800
2024-05-01,29.5,29.899999618530273,29.235000610351562,29.850000381469727,29.310108184814453,7900
2024-05-02,29.926000595092773,30.25,29.799999237060547,30.25,29.702871322631836,9200
2024-05-03,30.309999465942383,30.469999313354492,29.959999084472656,30.440000534057617,29.889436721801758,19900
2024-05-06,30.219999313354492,30.5,30.059999465942383,30.350000381469727,29.801063537597656,10600
2024-05-07,30.450000762939453,30.450000762939453,30.139999389648438,30.15999984741211,29.614501953125,5700
2024-05-08,30.15999984741211,30.450000762939453,29.809999465942383,30.360000610351562,29.810882568359375,13500
2024-05-09,29.59000015258789,30.280000686645508,29.59000015258789,30.18000030517578,29.929889678955078,6900
2024-05-10,30.21500015258789,30.389999389648438,30.06999969482422,30.280000686645508,30.02906036376953,2400
2024-05-13,30.329999923706055,30.5,29.969999313354492,30.06999969482422,29.82080078125,6600
2024-05-14,30.030000686645508,30.25,30.030000686645508,30.25,29.999309539794922,4700
2024-05-15,30.260000228881836,30.274999618530273,30.03700065612793,30.239999771118164,29.989391326904297,7400
2024-05-16,30.0,31.0,30.0,30.940000534057617,30.683591842651367,17300
2024-05-17,30.950000762939453,30.950000762939453,30.950000762939453,30.950000762939453,30.69350814819336,5700
2024-05-20,30.899999618530273,31.389999389648438,30.899999618530273,31.389999389648438,31.129859924316406,12000
2024-05-21,31.0,31.1200008392334,30.850000381469727,30.979999542236328,30.72325897216797,4100
2024-05-22,30.770000457763672,30.799999237060547,30.5,30.690000534057617,30.4356632232666,6500
2024-05-23,30.549999237060547,30.549999237060547,30.350000381469727,30.350000381469727,30.098480224609375,6800
2024-05-24,30.56999969482422,30.700000762939453,30.25,30.68000030517578,30.425745010375977,6000
2024-05-28,31.06999969482422,31.06999969482422,30.0,30.479999542236328,30.227401733398438,5200
2024-05-29,30.3799991607666,30.709999084472656,30.1200008392334,30.1200008392334,29.870386123657227,7500
2024-05-30,30.469999313354492,30.969999313354492,30.170000076293945,30.610000610351562,30.356325149536133,7000
2024-05-31,30.334999084472656,31.059999465942383,30.334999084472656,30.610000610351562,30.356325149536133,4400
2024-06-03,29.889999389648438,30.510000228881836,29.889999389648438,30.34000015258789,30.088563919067383,6000
2024-06-04,30.290000915527344,30.309999465942383,30.170000076293945,30.239999771118164,29.989391326904297,4300
2024-06-05,30.200000762939453,30.290000915527344,29.8700008392334,30.100000381469727,29.85055160522461,7100
2024-06-06,30.0,30.030000686645508,29.989999771118164,30.030000686645508,29.7811336517334,4400
2024-06-07,29.81999969482422,29.979999542236328,29.809999465942383,29.8799991607666,29.632373809814453,4300
2024-06-10,30.149999618530273,30.149999618530273,29.8700008392334,29.8700008392334,29.622459411621094,1900
2024-06-11,29.809999465942383,30.149999618530273,29.799999237060547,30.100000381469727,29.85055160522461,4700
2024-06-12,30.149999618530273,30.729999542236328,30.149999618530273,30.729999542236328,30.475330352783203,5800
2024-06-13,30.75,30.75,30.389999389648438,30.389999389648438,30.138147354125977,3100
2024-06-14,30.239999771118164,30.65999984741211,30.15999984741211,30.65999984741211,30.40591049194336,8100
2024-06-17,30.940000534057617,30.959999084472656,30.190000534057617,30.59000015258789,30.336490631103516,7300
2024-06-18,30.378000259399414,30.520000457763672,30.1299991607666,30.239999771118164,29.989391326904297,8800
2024-06-20,30.649999618530273,30.649999618530273,30.030000686645508,30.229999542236328,29.979475021362305,4500
2024-06-21,30.209999084472656,30.610000610351562,30.010000228881836,30.579999923706055,30.326574325561523,27300
2024-06-24,30.989999771118164,30.989999771118164,30.610000610351562,30.610000610351562,30.356325149536133,4300
2024-06-25,30.600000381469727,30.649999618530273,30.450000762939453,30.649999618530273,30.395994186401367,4700
2024-06-26,30.649999618530273,30.850000381469727,30.639999389648438,30.639999389648438,30.386075973510742,5900
2024-06-27,30.854999542236328,30.854999542236328,30.510000228881836,30.700000762939453,30.445579528808594,4700
2024-06-28,30.540000915527344,33.529998779296875,30.540000915527344,33.099998474121094,32.825687408447266,79100
2024-07-01,32.810001373291016,32.810001373291016,31.150999069213867,32.400001525878906,32.131492614746094,9700
2024-07-02,32.0,33.5,32.0,33.220001220703125,32.944698333740234,15300
2024-07-03,33.380001068115234,33.380001068115234,32.849998474121094,33.349998474121094,33.07361602783203,4100
2024-07-05,33.220001220703125,33.220001220703125,32.77000045776367,32.779998779296875,32.508338928222656,18300
2024-07-08,32.790000915527344,33.25,32.63999938964844,33.209999084472656,32.934776306152344,11100
2024-07-09,33.290000915527344,33.7400016784668,32.875,33.59000015258789,33.31163024902344,15100
2024-07-10,33.5099983215332,34.25,33.5099983215332,34.08000183105469,33.797569274902344,8200
2024-07-11,34.25,35.349998474121094,34.02000045776367,35.119998931884766,34.828948974609375,25500
2024-07-12,35.040000915527344,35.880001068115234,35.040000915527344,35.880001068115234,35.5826530456543,13100
2024-07-15,35.790000915527344,36.70000076293945,35.70500183105469,36.40999984741211,36.10825729370117,22100
2024-07-16,36.689998626708984,38.25,36.689998626708984,37.29999923706055,36.990882873535156,47800
2024-07-17,37.43000030517578,37.91999816894531,37.2599983215332,37.2599983215332,36.95121383666992,14600
2024-07-18,37.220001220703125,37.5,36.56999969482422,36.650001525878906,36.34627151489258,12600
2024-07-19,36.72999954223633,36.75,36.119998931884766,36.41999816894531,36.1181755065918,5200
2024-07-22,36.41999816894531,36.90999984741211,34.92499923706055,36.5099983215332,36.207427978515625,11500
2024-07-23,37.0,37.37799835205078,36.11000061035156,37.189998626708984,36.88179397583008,22800
2024-07-24,36.75,37.34000015258789,36.54999923706055,36.65999984741211,36.35618591308594,10500
2024-07-25,37.0,37.65999984741211,37.0,37.65999984741211,37.347900390625,17900
2024-07-26,37.75,37.75,35.83000183105469,37.709999084472656,37.397483825683594,15900
2024-07-29,37.040000915527344,37.650001525878906,37.040000915527344,37.459999084472656,37.14955520629883,6600
2024-07-30,37.75,38.68000030517578,37.75,38.65999984741211,38.3396110534668,21100
2024-07-31,38.70000076293945,39.209999084472656,37.27299880981445,39.119998931884766,38.795799255371094,32300
2024-08-01,38.5,38.5,37.33000183105469,37.45000076293945,37.13964080810547,19800
2024-08-02,37.220001220703125,37.220001220703125,35.560001373291016,35.560001373291016,35.26530456542969,8500
2024-08-05,34.290000915527344,35.349998474121094,34.244998931884766,34.75,34.46201705932617,10700
2024-08-06,34.65999984741211,35.689998626708984,34.65999984741211,35.18000030517578,34.88845443725586,4700
2024-08-07,35.23500061035156,35.54999923706055,34.25899887084961,35.5,35.2057991027832,36100
2024-08-08,35.459999084472656,36.5,35.30500030517578,36.20000076293945,35.900001525878906,11000
2024-08-09,35.900001525878906,36.029998779296875,35.900001525878906,36.0099983215332,36.0099983215332,4700
2024-08-12,36.08000183105469,36.08000183105469,34.939998626708984,34.939998626708984,34.939998626708984,8000
2024-08-13,36.0,36.36000061035156,35.38999938964844,35.81999969482422,35.81999969482422,7300
2024-08-14,36.20000076293945,36.27000045776367,35.060001373291016,35.060001373291016,35.060001373291016,4300
2024-08-15,35.099998474121094,35.9900016784668,35.099998474121094,35.5099983215332,35.5099983215332,8800
2024-08-16,35.58000183105469,36.59000015258789,35.58000183105469,35.880001068115234,35.880001068115234,8900
2024-08-19,36.689998626708984,36.689998626708984,36.54999923706055,36.54999923706055,36.54999923706055,1900
2024-08-20,35.790000915527344,35.790000915527344,35.470001220703125,35.470001220703125,35.470001220703125,2800
2024-08-21,36.125,36.130001068115234,35.849998474121094,35.900001525878906,35.900001525878906,3500
2024-08-22,35.75,36.20000076293945,35.709999084472656,36.20000076293945,36.20000076293945,2800
2024-08-23,36.75,38.09000015258789,36.75,38.09000015258789,38.09000015258789,11300
2024-08-26,38.18000030517578,38.29999923706055,37.650001525878906,37.70000076293945,37.70000076293945,6900
2024-08-27,36.79999923706055,36.849998474121094,36.65999984741211,36.65999984741211,36.65999984741211,5600
2024-08-28,36.5,36.5,35.619998931884766,36.4900016784668,36.4900016784668,5400
2024-08-29,36.75,36.75,36.0,36.650001525878906,36.650001525878906,12200
2024-08-30,36.95000076293945,37.37699890136719,36.14799880981445,37.2400016784668,37.2400016784668,4000
2024-09-03,36.16999816894531,36.459999084472656,35.84000015258789,35.84000015258789,35.84000015258789,6600
2024-09-04,35.90999984741211,36.20000076293945,35.560001373291016,35.88999938964844,35.88999938964844,4500
2024-09-05,37.02000045776367,37.02000045776367,35.5,35.9900016784668,35.9900016784668,6800
2024-09-06,35.678001403808594,35.900001525878906,35.560001373291016,35.619998931884766,35.619998931884766,5000
2024-09-09,35.52000045776367,36.47999954223633,35.52000045776367,35.65999984741211,35.65999984741211,4400
2024-09-10,35.5,36.08000183105469,35.5,36.08000183105469,36.08000183105469,3200
2024-09-11,35.875,35.875,35.7400016784668,35.7400016784668,35.7400016784668,2600
2024-09-12,36.209999084472656,36.415000915527344,36.06999969482422,36.380001068115234,36.380001068115234,4700
2024-09-13,36.4900016784668,37.38999938964844,36.4900016784668,37.38999938964844,37.38999938964844,6000
2024-09-16,37.5,37.70000076293945,36.994998931884766,37.209999084472656,37.209999084472656,7300
2024-09-17,37.209999084472656,38.0,37.209999084472656,37.2400016784668,37.2400016784668,8700
2024-09-18,37.2400016784668,37.904998779296875,37.09000015258789,37.22999954223633,37.22999954223633,10200
2024-09-19,37.95000076293945,38.279998779296875,37.40999984741211,38.08000183105469,38.08000183105469,11300
2024-09-20,37.4900016784668,38.2400016784668,37.4900016784668,38.209999084472656,38.209999084472656,31200
2024-09-23,37.529998779296875,37.529998779296875,37.150001525878906,37.150001525878906,37.150001525878906,3800
2024-09-24,37.38999938964844,37.67300033569336,36.77299880981445,37.27000045776367,37.27000045776367,18000
2024-09-25,36.70000076293945,37.05500030517578,36.29999923706055,36.619998931884766,36.619998931884766,8400
2024-09-26,36.6349983215332,36.75,36.20000076293945,36.45000076293945,36.45000076293945,8800
2024-09-27,37.38999938964844,37.38999938964844,37.38999938964844,37.38999938964844,37.38999938964844,2700
2024-09-30,36.724998474121094,36.97999954223633,36.290000915527344,36.97999954223633,36.97999954223633,7000
2024-10-01,37.45000076293945,37.45000076293945,36.00600051879883,36.369998931884766,36.369998931884766,8700
2024-10-02,36.111000061035156,36.16999816894531,36.111000061035156,36.16999816894531,36.16999816894531,2100
2024-10-03,36.48400115966797,36.48400115966797,35.77000045776367,35.77000045776367,35.77000045776367,4700
2024-10-04,37.189998626708984,37.189998626708984,36.4900016784668,36.599998474121094,36.599998474121094,2600
2024-10-07,36.52000045776367,36.52000045776367,36.130001068115234,36.130001068115234,36.130001068115234,1800
2024-10-08,36.20199966430664,37.93000030517578,35.779998779296875,37.29999923706055,37.29999923706055,15300
2024-10-09,37.29999923706055,37.869998931884766,36.880001068115234,37.36000061035156,37.36000061035156,5500
2024-10-10,36.6349983215332,37.57500076293945,36.6349983215332,37.439998626708984,37.439998626708984,12100
