Date,Open,High,Low,Close,Adj Close,Volume
2002-07-29,6.650000095367432,6.789999961853027,6.599999904632568,6.739999771118164,5.220613479614258,10800
2002-07-30,6.699999809265137,6.800000190734863,6.639999866485596,6.639999866485596,5.143154621124268,8300
2002-07-31,6.610000133514404,6.610000133514404,6.349999904632568,6.510000228881836,5.042461395263672,6700
2002-08-01,6.449999809265137,6.449999809265137,6.300000190734863,6.300000190734863,4.8798017501831055,3500
2002-08-02,6.309999942779541,6.309999942779541,6.309999942779541,6.309999942779541,4.887547492980957,400
2002-08-05,6.25,6.25,6.25,6.25,4.841073513031006,600
2002-08-06,6.210000038146973,6.300000190734863,6.210000038146973,6.300000190734863,4.8798017501831055,2900
2002-08-07,6.329999923706055,6.329999923706055,5.630000114440918,5.760000228881836,4.461532115936279,12900
2002-08-08,5.150000095367432,5.199999809265137,5.0,5.0,3.8728580474853516,19900
2002-08-09,4.75,4.75,4.309999942779541,4.539999961853027,3.516555070877075,46400
2002-08-12,4.639999866485596,4.699999809265137,4.559999942779541,4.579999923706055,3.5475387573242188,6500
2002-08-13,4.579999923706055,4.579999923706055,3.7699999809265137,3.9000000953674316,3.020829200744629,28000
2002-08-14,3.759999990463257,3.8299999237060547,3.559999942779541,3.819999933242798,2.9588630199432373,41600
2002-08-15,4.059999942779541,4.159999847412109,4.0,4.099999904632568,3.175743341445923,28000
2002-08-16,4.170000076293945,4.269999980926514,4.130000114440918,4.170000076293945,3.229964017868042,10900
2002-08-19,4.269999980926514,4.320000171661377,4.21999979019165,4.320000171661377,3.346149444580078,18600
2002-08-20,4.349999904632568,4.550000190734863,4.349999904632568,4.480000019073486,3.470080852508545,11800
2002-08-21,4.579999923706055,4.659999847412109,4.519999980926514,4.570000171661377,3.5397932529449463,19600
2002-08-22,4.619999885559082,4.670000076293945,4.599999904632568,4.610000133514404,3.570775270462036,8200
2002-08-23,4.559999942779541,4.559999942779541,4.289999961853027,4.289999961853027,3.3229122161865234,21000
2002-08-26,4.400000095367432,4.429999828338623,4.380000114440918,4.409999847412109,3.415860891342163,7600
2002-08-27,4.489999771118164,4.489999771118164,4.320000171661377,4.320000171661377,3.346149444580078,5100
2002-08-28,4.400000095367432,4.400000095367432,4.289999961853027,4.300000190734863,3.330658435821533,1300
2002-08-29,4.300000190734863,4.340000152587891,4.28000020980835,4.329999923706055,3.353895425796509,3000
2002-08-30,4.300000190734863,4.329999923706055,4.25,4.329999923706055,3.353895425796509,4400
2002-09-03,4.400000095367432,4.400000095367432,4.0,4.059999942779541,3.1447601318359375,26900
2002-09-04,4.050000190734863,4.179999828338623,4.039999961853027,4.159999847412109,3.2222182750701904,5100
2002-09-05,4.110000133514404,4.110000133514404,3.8399999141693115,3.859999895095825,2.98984694480896,11900
2002-09-06,3.859999895095825,3.859999895095825,3.75,3.7899999618530273,2.935626745223999,25800
2002-09-09,3.7100000381469727,3.7100000381469727,3.6700000762939453,3.7100000381469727,2.8736605644226074,3700
2002-09-10,3.809999942779541,3.8499999046325684,3.809999942779541,3.8499999046325684,2.9821009635925293,2200
2002-09-11,3.7799999713897705,3.819999933242798,3.7200000286102295,3.7200000286102295,2.9040348529815674,1900
2002-09-12,3.75,3.75,3.6500000953674316,3.6700000762939453,2.8650031089782715,2300
2002-09-13,3.6700000762939453,3.7200000286102295,3.6700000762939453,3.7200000286102295,2.9040348529815674,200
2002-09-16,3.619999885559082,3.619999885559082,3.440000057220459,3.440000057220459,2.6854522228240967,14600
2002-09-17,3.4000000953674316,3.5,3.200000047683716,3.240000009536743,2.5293211936950684,33700
2002-09-18,3.1700000762939453,3.1700000762939453,3.0299999713897705,3.0299999713897705,2.365384101867676,12600
2002-09-19,2.950000047683716,3.009999990463257,2.809999942779541,2.809999942779541,2.193639039993286,24100
2002-09-20,2.809999942779541,2.990000009536743,2.690000057220459,2.990000009536743,2.3341572284698486,26700
2002-09-23,2.950000047683716,2.950000047683716,2.9000000953674316,2.9100000858306885,2.271705150604248,18400
2002-09-24,2.9000000953674316,3.0199999809265137,2.8499999046325684,2.8499999046325684,2.2248659133911133,21100
2002-09-25,2.9000000953674316,2.9000000953674316,2.7799999713897705,2.809999942779541,2.193639039993286,27400
2002-09-26,2.8499999046325684,2.9600000381469727,2.8499999046325684,2.9600000381469727,2.310737371444702,9200
2002-09-27,2.8299999237060547,3.069999933242798,2.8299999237060547,3.0,2.34196400642395,15400
2002-09-30,2.9100000858306885,2.9600000381469727,2.8399999141693115,2.9100000858306885,2.271705150604248,11400
2002-10-01,2.940000057220459,2.9600000381469727,2.9000000953674316,2.930000066757202,2.2873189449310303,17500
2002-10-02,2.5999999046325684,2.5999999046325684,2.5,2.5299999713897705,1.9750562906265259,33800
2002-10-03,2.5299999713897705,2.5399999618530273,2.490000009536743,2.5399999618530273,1.9828627109527588,4700
2002-10-04,2.559999942779541,2.5999999046325684,2.450000047683716,2.5199999809265137,1.9672499895095825,23600
2002-10-07,2.569999933242798,2.569999933242798,2.299999952316284,2.3299999237060547,1.8189254999160767,18400
2002-10-08,2.25,2.25,2.140000104904175,2.2300000190734863,1.7408603429794312,24100
2002-10-09,2.130000114440918,2.180000066757202,2.049999952316284,2.180000066757202,1.701827049255371,13200
2002-10-10,2.25,2.3499999046325684,2.25,2.3499999046325684,1.834538459777832,15000
2002-10-11,2.4000000953674316,2.5299999713897705,2.4000000953674316,2.509999990463257,1.959443211555481,12700
2002-10-14,2.5299999713897705,2.609999895095825,2.509999990463257,2.609999895095825,2.0375092029571533,3400
2002-10-15,2.690000057220459,2.740000009536743,2.690000057220459,2.690000057220459,2.0999608039855957,12200
2002-10-16,2.6500000953674316,2.7100000381469727,2.5199999809265137,2.5199999809265137,1.9672499895095825,23900
2002-10-17,2.5999999046325684,2.740000009536743,2.5999999046325684,2.740000009536743,2.138993263244629,27300
2002-10-18,2.75,2.950000047683716,2.75,2.819999933242798,2.201446771621704,52600
2002-10-21,2.8299999237060547,3.0,2.799999952316284,2.9600000381469727,2.310737371444702,10700
2002-10-22,2.9100000858306885,3.0,2.9100000858306885,3.0,2.34196400642395,40700
2002-10-23,3.0,3.5,3.0,3.4800000190734863,2.7166783809661865,145800
2002-10-24,3.5899999141693115,3.609999895095825,3.3399999141693115,3.3399999141693115,2.607386589050293,29900
2002-10-25,3.319999933242798,3.3299999237060547,3.299999952316284,3.3299999237060547,2.5995802879333496,33000
2002-10-28,3.4000000953674316,3.4200000762939453,3.3299999237060547,3.3299999237060547,2.5995802879333496,5800
2002-10-29,3.25,3.299999952316284,3.25,3.2699999809265137,2.552741289138794,6400
2002-10-30,3.3399999141693115,3.549999952316284,3.3399999141693115,3.4200000762939453,2.669839859008789,16900
2002-10-31,3.5,3.5,3.380000114440918,3.4100000858306885,2.6620333194732666,13300
2002-11-01,3.4200000762939453,3.4200000762939453,3.4000000953674316,3.4000000953674316,2.654226064682007,2600
2002-11-04,3.450000047683716,3.569999933242798,3.430000066757202,3.4800000190734863,2.7166783809661865,8900
2002-11-05,3.549999952316284,3.75,3.5,3.7200000286102295,2.9040348529815674,19200
2002-11-06,3.7699999809265137,3.869999885559082,3.700000047683716,3.8399999141693115,2.997714042663574,49700
2002-11-07,3.8299999237060547,3.8299999237060547,3.569999933242798,3.630000114440918,2.8337769508361816,18800
2002-11-08,3.5799999237060547,3.6600000858306885,3.549999952316284,3.5799999237060547,2.794743299484253,5300
2002-11-11,3.5799999237060547,3.5799999237060547,3.4700000286102295,3.490000009536743,2.724484920501709,2000
2002-11-12,3.5399999618530273,3.5399999618530273,3.430000066757202,3.430000066757202,2.677645683288574,5600
2002-11-13,3.299999952316284,3.369999885559082,3.25,3.369999885559082,2.6308066844940186,19600
2002-11-14,3.450000047683716,3.450000047683716,3.430000066757202,3.430000066757202,2.677645683288574,1100
2002-11-15,3.4000000953674316,3.450000047683716,3.359999895095825,3.4000000953674316,2.654226064682007,6400
2002-11-18,3.4600000381469727,3.5199999809265137,3.450000047683716,3.4700000286102295,2.708871364593506,9400
2002-11-19,3.440000057220459,3.440000057220459,3.4000000953674316,3.4000000953674316,2.654226064682007,11800
2002-11-20,3.4200000762939453,3.4200000762939453,3.309999942779541,3.3299999237060547,2.5995802879333496,15500
2002-11-21,3.4000000953674316,3.4000000953674316,3.299999952316284,3.380000114440918,2.6386141777038574,14700
2002-11-22,3.380000114440918,3.380000114440918,3.25,3.259999990463257,2.544934034347534,13500
2002-11-25,3.309999942779541,3.369999885559082,3.2899999618530273,3.369999885559082,2.6308066844940186,5100
2002-11-26,3.440000057220459,3.5,3.4100000858306885,3.4100000858306885,2.6620333194732666,11000
2002-11-27,3.4600000381469727,3.569999933242798,3.4600000381469727,3.5199999809265137,2.7479047775268555,4400
2002-11-29,3.549999952316284,3.549999952316284,3.549999952316284,3.549999952316284,2.771324634552002,200
2002-12-02,3.619999885559082,3.759999990463257,3.619999885559082,3.759999990463257,2.9352610111236572,15100
2002-12-03,3.7200000286102295,3.7699999809265137,3.700000047683716,3.7200000286102295,2.9040348529815674,3000
2002-12-04,3.640000104904175,3.740000009536743,3.640000104904175,3.740000009536743,2.919649124145508,5500
2002-12-05,3.6500000953674316,3.6500000953674316,3.5999999046325684,3.6500000953674316,2.849390745162964,1400
2002-12-06,3.5999999046325684,3.5999999046325684,3.440000057220459,3.440000057220459,2.6854522228240967,7000
2002-12-09,3.369999885559082,3.369999885559082,3.130000114440918,3.130000114440918,2.4434494972229004,4700
2002-12-10,3.2200000286102295,3.2799999713897705,3.200000047683716,3.2799999713897705,2.5605480670928955,5900
2002-12-11,3.3499999046325684,3.450000047683716,3.3499999046325684,3.369999885559082,2.6550915241241455,6600
2002-12-12,3.390000104904175,3.430000066757202,3.390000104904175,3.430000066757202,2.7023627758026123,2400
2002-12-13,3.4800000190734863,3.4800000190734863,3.430000066757202,3.4600000381469727,2.7259981632232666,5400
2002-12-16,3.430000066757202,3.440000057220459,3.390000104904175,3.390000104904175,2.6708476543426514,26500
2002-12-17,3.490000009536743,3.509999990463257,3.319999933242798,3.319999933242798,2.6156976222991943,26000
2002-12-18,3.3299999237060547,3.3399999141693115,3.180000066757202,3.190000057220459,2.5132763385772705,5200
2002-12-19,3.200000047683716,3.319999933242798,3.200000047683716,3.25,2.5605475902557373,14600
2002-12-20,3.259999990463257,3.259999990463257,3.200000047683716,3.200000047683716,2.5211546421051025,300
2002-12-23,3.25,3.25,3.200000047683716,3.200000047683716,2.5211546421051025,3000
2002-12-24,3.1600000858306885,3.309999942779541,3.1600000858306885,3.309999942779541,2.607818603515625,1600
2002-12-26,3.2699999809265137,3.5,3.1500000953674316,3.5,2.7575130462646484,18900
2002-12-27,3.4000000953674316,3.4000000953674316,3.259999990463257,3.3399999141693115,2.6314542293548584,10900
2002-12-30,3.3399999141693115,3.3499999046325684,3.309999942779541,3.3499999046325684,2.6393327713012695,1500
2002-12-31,3.369999885559082,3.380000114440918,3.369999885559082,3.380000114440918,2.6629691123962402,800
2003-01-02,3.4000000953674316,3.450000047683716,3.4000000953674316,3.430000066757202,2.7023627758026123,1500
2003-01-03,3.5,3.5199999809265137,3.4700000286102295,3.4700000286102295,2.733877420425415,7800
2003-01-06,3.549999952316284,3.700000047683716,3.5399999618530273,3.5799999237060547,2.8205406665802,17300
2003-01-07,3.609999895095825,3.7799999713897705,3.609999895095825,3.7799999713897705,2.978114366531372,7800
2003-01-08,3.740000009536743,3.75,3.7100000381469727,3.75,2.954477548599243,7800
2003-01-09,3.8299999237060547,3.9200000762939453,3.8299999237060547,3.9200000762939453,3.088414192199707,6500
2003-01-10,3.9800000190734863,3.9800000190734863,3.950000047683716,3.950000047683716,3.1120498180389404,300
2003-01-13,3.990000009536743,4.050000190734863,3.990000009536743,4.039999961853027,3.1829559803009033,4800
2003-01-14,4.070000171661377,4.139999866485596,4.050000190734863,4.119999885559082,3.245985507965088,13400
2003-01-15,4.190000057220459,4.190000057220459,4.0,4.010000228881836,3.1593215465545654,15600
2003-01-16,4.019999980926514,4.050000190734863,3.8499999046325684,3.8499999046325684,3.03326416015625,13600
2003-01-17,3.809999942779541,3.8299999237060547,3.740000009536743,3.740000009536743,2.9465997219085693,5900
2003-01-21,3.799999952316284,3.9100000858306885,3.799999952316284,3.799999952316284,2.9938712120056152,30800
2003-01-22,3.700000047683716,3.759999990463257,3.700000047683716,3.7300000190734863,2.9387214183807373,1900
2003-01-23,3.6700000762939453,3.6700000762939453,3.569999933242798,3.630000114440918,2.859933853149414,2100
2003-01-24,3.700000047683716,3.700000047683716,3.4700000286102295,3.5,2.7575130462646484,20000
2003-01-27,3.4600000381469727,3.4600000381469727,3.3499999046325684,3.390000104904175,2.6708476543426514,3500
2003-01-28,3.319999933242798,3.3499999046325684,3.319999933242798,3.3499999046325684,2.6393327713012695,600
2003-01-29,3.319999933242798,3.3499999046325684,3.319999933242798,3.3499999046325684,2.6393327713012695,1400
2003-01-30,3.4200000762939453,3.5,3.4200000762939453,3.440000057220459,2.7102415561676025,5700
2003-01-31,3.440000057220459,3.440000057220459,3.440000057220459,3.440000057220459,2.7102415561676025,0
2003-02-03,3.3399999141693115,3.3399999141693115,3.2899999618530273,3.319999933242798,2.6156976222991943,5400
2003-02-04,3.240000009536743,3.240000009536743,3.240000009536743,3.240000009536743,2.552668333053589,500
2003-02-05,3.3399999141693115,3.3499999046325684,3.2200000286102295,3.259999990463257,2.5684263706207275,12000
2003-02-06,3.200000047683716,3.25,3.200000047683716,3.2300000190734863,2.544790267944336,2800
2003-02-07,3.25,3.2799999713897705,3.140000104904175,3.140000104904175,2.473881959915161,8200
2003-02-10,3.1500000953674316,3.1500000953674316,3.130000114440918,3.140000104904175,2.473881959915161,400
2003-02-11,3.1500000953674316,3.1700000762939453,3.140000104904175,3.140000104904175,2.473881959915161,4300
2003-02-12,3.130000114440918,3.140000104904175,3.109999895095825,3.109999895095825,2.4502463340759277,2800
2003-02-13,3.0799999237060547,3.0999999046325684,3.059999942779541,3.069999933242798,2.4187324047088623,4200
2003-02-14,3.0,3.069999933242798,3.0,3.0399999618530273,2.3950958251953125,21400
2003-02-18,3.0299999713897705,3.2200000286102295,3.0299999713897705,3.130000114440918,2.4660041332244873,5400
2003-02-19,3.130000114440918,3.140000104904175,3.109999895095825,3.140000104904175,2.473881959915161,3200
2003-02-20,3.140000104904175,3.190000057220459,3.140000104904175,3.180000066757202,2.505397319793701,3200
2003-02-21,3.1600000858306885,3.1600000858306885,3.109999895095825,3.109999895095825,2.4502463340759277,6700
2003-02-24,3.130000114440918,3.140000104904175,3.0899999141693115,3.130000114440918,2.4660041332244873,9600
2003-02-25,3.109999895095825,3.109999895095825,3.049999952316284,3.0799999237060547,2.4266116619110107,3300
2003-02-26,3.140000104904175,3.1700000762939453,3.0899999141693115,3.140000104904175,2.473881959915161,5300
2003-02-27,3.190000057220459,3.190000057220459,3.180000066757202,3.180000066757202,2.505397319793701,2100
2003-02-28,3.2200000286102295,3.2200000286102295,3.1700000762939453,3.1700000762939453,2.49751877784729,2600
2003-03-03,3.130000114440918,3.2200000286102295,3.059999942779541,3.059999942779541,2.410853624343872,7400
2003-03-04,3.0,3.0199999809265137,2.8499999046325684,2.9600000381469727,2.332068920135498,28800
2003-03-05,2.990000009536743,2.990000009536743,2.75,2.809999942779541,2.213888645172119,17600
2003-03-06,2.819999933242798,2.8299999237060547,2.809999942779541,2.809999942779541,2.213888645172119,6400
2003-03-07,2.7300000190734863,2.7300000190734863,2.7300000190734863,2.7300000190734863,2.1508593559265137,300
2003-03-10,2.6700000762939453,2.7200000286102295,2.6600000858306885,2.7200000286102295,2.142981767654419,3500
2003-03-11,2.740000009536743,2.7699999809265137,2.680000066757202,2.680000066757202,2.1114678382873535,5600
2003-03-12,2.630000114440918,2.630000114440918,2.5399999618530273,2.549999952316284,2.0090439319610596,2100
2003-03-13,2.559999942779541,2.6500000953674316,2.559999942779541,2.6500000953674316,2.087831735610962,4300
2003-03-14,2.690000057220459,2.75,2.680000066757202,2.75,2.166616439819336,8800
2003-03-17,2.7300000190734863,2.819999933242798,2.7300000190734863,2.799999952316284,2.2060108184814453,2000
2003-03-18,2.9000000953674316,2.9000000953674316,2.7899999618530273,2.809999942779541,2.213888645172119,6100
2003-03-19,2.75,2.75,2.200000047683716,2.25,1.7726868391036987,54000
2003-03-20,2.6700000762939453,2.6700000762939453,2.430000066757202,2.430000066757202,1.914501428604126,55300
2003-03-21,2.5,2.5299999713897705,2.450000047683716,2.4700000286102295,1.946015477180481,18500
2003-03-24,2.430000066757202,2.450000047683716,2.3299999237060547,2.3299999237060547,1.8357157707214355,15600
2003-03-25,2.2300000190734863,2.380000114440918,2.200000047683716,2.2200000286102295,1.7490508556365967,6600
2003-03-26,2.109999895095825,2.109999895095825,2.0399999618530273,2.0899999141693115,1.646628737449646,25700
2003-03-27,2.1500000953674316,2.1500000953674316,2.0299999713897705,2.0299999713897705,1.5993573665618896,31400
2003-03-28,2.0399999618530273,2.0399999618530273,1.9700000286102295,1.9700000286102295,1.552085518836975,68700
2003-03-31,2.0,2.109999895095825,1.899999976158142,2.0799999237060547,1.6387500762939453,29900
2003-04-01,2.140000104904175,2.3399999141693115,2.140000104904175,2.3299999237060547,1.8357157707214355,29200
2003-04-02,2.369999885559082,2.5,2.369999885559082,2.5,1.9696522951126099,14600
2003-04-03,2.5999999046325684,2.5999999046325684,2.5199999809265137,2.5199999809265137,1.9854086637496948,19700
2003-04-04,2.6500000953674316,2.6500000953674316,2.390000104904175,2.4000000953674316,1.8908658027648926,28900
2003-04-07,2.5,2.509999990463257,2.390000104904175,2.4100000858306885,1.8987449407577515,35600
2003-04-08,2.509999990463257,2.509999990463257,2.4000000953674316,2.4800000190734863,1.9538946151733398,10500
2003-04-09,2.450000047683716,2.450000047683716,2.4000000953674316,2.4000000953674316,1.8908658027648926,21400
2003-04-10,2.3399999141693115,2.390000104904175,2.3399999141693115,2.390000104904175,1.8829874992370605,29700
2003-04-11,2.390000104904175,2.440000057220459,2.390000104904175,2.4100000858306885,1.8987449407577515,30000
2003-04-14,2.390000104904175,2.4000000953674316,2.359999895095825,2.359999895095825,1.8593515157699585,12100
2003-04-15,2.4000000953674316,2.4000000953674316,2.3299999237060547,2.3399999141693115,1.843593955039978,32100
2003-04-16,2.3399999141693115,2.3499999046325684,2.2699999809265137,2.2699999809265137,1.7884442806243896,45700
2003-04-17,2.2699999809265137,2.2899999618530273,2.259999990463257,2.259999990463257,1.7805650234222412,35800
2003-04-21,2.2899999618530273,2.2899999618530273,2.25,2.2699999809265137,1.7884442806243896,100900
2003-04-22,2.3399999141693115,2.3399999141693115,2.240000009536743,2.2699999809265137,1.7884442806243896,54900
2003-04-23,2.299999952316284,2.299999952316284,2.2300000190734863,2.259999990463257,1.7805650234222412,94500
2003-04-24,2.259999990463257,2.259999990463257,2.1700000762939453,2.1700000762939453,1.7096576690673828,61800
2003-04-25,2.180000066757202,2.180000066757202,2.1500000953674316,2.1600000858306885,1.7017793655395508,17300
2003-04-28,2.2799999713897705,2.2799999713897705,2.180000066757202,2.180000066757202,1.7175363302230835,24700
2003-04-29,2.200000047683716,2.2100000381469727,2.200000047683716,2.2100000381469727,1.741172194480896,1400
2003-04-30,2.2200000286102295,2.4000000953674316,2.2200000286102295,2.4000000953674316,1.8908658027648926,19800
2003-05-01,2.5,2.559999942779541,2.5,2.5199999809265137,1.9854086637496948,25900
2003-05-02,2.549999952316284,2.6600000858306885,2.5299999713897705,2.6500000953674316,2.087831735610962,14400
2003-05-05,2.700000047683716,2.799999952316284,2.6600000858306885,2.6700000762939453,2.1035892963409424,33000
2003-05-06,2.8499999046325684,3.0299999713897705,2.8499999046325684,2.9000000953674316,2.2847964763641357,37600
2003-05-07,3.0,3.0199999809265137,2.799999952316284,2.819999933242798,2.221766710281372,73300
2003-05-08,2.869999885559082,2.9100000858306885,2.7300000190734863,2.880000114440918,2.2690396308898926,46500
2003-05-09,2.9100000858306885,2.9700000286102295,2.9100000858306885,2.9700000286102295,2.3399455547332764,25500
2003-05-12,3.0199999809265137,3.0399999618530273,3.0,3.0,2.3635823726654053,30000
2003-05-13,3.0299999713897705,3.0299999713897705,2.9800000190734863,2.990000009536743,2.3557028770446777,12600
2003-05-14,3.0,3.0,2.9100000858306885,2.9700000286102295,2.3399455547332764,15300
2003-05-15,3.0,3.009999990463257,3.0,3.0,2.3635823726654053,10200
2003-05-16,3.049999952316284,3.0799999237060547,3.0199999809265137,3.0199999809265137,2.3793394565582275,31100
2003-05-19,3.049999952316284,3.049999952316284,3.0,3.0399999618530273,2.3950958251953125,2800
2003-05-20,3.0199999809265137,3.0399999618530273,2.940000057220459,2.940000057220459,2.3163111209869385,50200
2003-05-21,3.0,3.0,2.859999895095825,2.940000057220459,2.3163111209869385,26200
2003-05-22,2.9700000286102295,3.0,2.930000066757202,2.940000057220459,2.3163111209869385,6300
2003-05-23,2.9200000762939453,2.9700000286102295,2.9200000762939453,2.9700000286102295,2.3399455547332764,136500
2003-05-27,3.0,3.0799999237060547,3.0,3.059999942779541,2.410853624343872,38800
2003-05-28,3.0999999046325684,3.380000114440918,3.0999999046325684,3.2899999618530273,2.5920627117156982,90500
2003-05-29,3.319999933242798,3.609999895095825,3.319999933242798,3.359999895095825,2.6472115516662598,52200
2003-05-30,3.450000047683716,3.5,3.4000000953674316,3.4000000953674316,2.6787264347076416,20500
2003-06-02,3.4000000953674316,3.5799999237060547,3.4000000953674316,3.549999952316284,2.796905517578125,24200
2003-06-03,3.5999999046325684,3.5999999046325684,3.490000009536743,3.549999952316284,2.796905517578125,109200
2003-06-04,3.549999952316284,3.740000009536743,3.5399999618530273,3.740000009536743,2.9465997219085693,29000
2003-06-05,3.75,3.9600000381469727,3.75,3.859999895095825,3.041142702102661,29100
2003-06-06,3.890000104904175,3.9800000190734863,3.890000104904175,3.9000000953674316,3.0726571083068848,22000
2003-06-09,3.9100000858306885,3.940000057220459,3.8299999237060547,3.8499999046325684,3.03326416015625,11800
2003-06-10,3.8299999237060547,3.9600000381469727,3.680000066757202,3.950000047683716,3.1120498180389404,23800
2003-06-11,3.9600000381469727,3.9600000381469727,3.859999895095825,3.950000047683716,3.135866641998291,9300
2003-06-12,3.9800000190734863,4.0,3.950000047683716,3.950000047683716,3.135866641998291,33700
2003-06-13,3.9800000190734863,3.9800000190734863,3.819999933242798,3.819999933242798,3.032660722732544,29400
2003-06-16,3.819999933242798,3.9200000762939453,3.740000009536743,3.869999885559082,3.072355270385742,9800
2003-06-17,3.9200000762939453,4.059999942779541,3.869999885559082,3.940000057220459,3.127927541732788,38100
2003-06-18,4.0,4.010000228881836,3.950000047683716,3.9800000190734863,3.1596832275390625,9200
2003-06-19,3.9700000286102295,4.010000228881836,3.9700000286102295,3.9800000190734863,3.1596832275390625,20900
2003-06-20,4.010000228881836,4.139999866485596,4.010000228881836,4.059999942779541,3.2231948375701904,11800
2003-06-23,4.03000020980835,4.099999904632568,3.8299999237060547,3.8499999046325684,3.0564780235290527,106800
2003-06-24,3.8499999046325684,3.9100000858306885,3.8399999141693115,3.869999885559082,3.072355270385742,12000
2003-06-25,3.880000114440918,4.079999923706055,3.880000114440918,4.0,3.175560712814331,30700
2003-06-26,4.050000190734863,4.059999942779541,4.039999961853027,4.059999942779541,3.2231948375701904,7700
2003-06-27,4.099999904632568,4.099999904632568,4.070000171661377,4.079999923706055,3.2390732765197754,2500
2003-06-30,4.090000152587891,4.289999961853027,4.090000152587891,4.269999980926514,3.38991117477417,23300
2003-07-01,4.239999771118164,4.5,4.239999771118164,4.460000038146973,3.5407516956329346,39100
2003-07-02,4.46999979019165,4.550000190734863,4.409999847412109,4.550000190734863,3.6122021675109863,18700
2003-07-03,4.550000190734863,4.550000190734863,4.449999809265137,4.489999771118164,3.564567804336548,6600
2003-07-07,4.389999866485596,4.619999885559082,4.349999904632568,4.590000152587891,3.643958806991577,26400
2003-07-08,4.619999885559082,4.619999885559082,4.46999979019165,4.550000190734863,3.6122021675109863,18400
2003-07-09,4.53000020980835,4.659999847412109,4.409999847412109,4.650000095367432,3.6915907859802246,64300
2003-07-10,4.570000171661377,4.659999847412109,4.559999942779541,4.559999942779541,3.6201393604278564,26000
2003-07-11,4.570000171661377,4.570000171661377,4.440000057220459,4.460000038146973,3.5407516956329346,12200
2003-07-14,4.46999979019165,4.5,4.320000171661377,4.320000171661377,3.429605484008789,47200
2003-07-15,4.260000228881836,4.340000152587891,4.260000228881836,4.28000020980835,3.397850751876831,9300
2003-07-16,4.289999961853027,4.340000152587891,4.25,4.340000152587891,3.445483684539795,5400
2003-07-17,4.340000152587891,4.400000095367432,4.340000152587891,4.380000114440918,3.4772396087646484,23700
2003-07-18,4.400000095367432,4.400000095367432,4.25,4.25,3.3740334510803223,12500
2003-07-21,4.300000190734863,4.360000133514404,4.210000038146973,4.340000152587891,3.445483684539795,35300
2003-07-22,4.300000190734863,4.440000057220459,4.239999771118164,4.429999828338623,3.516935110092163,15300
2003-07-23,4.429999828338623,4.449999809265137,4.400000095367432,4.449999809265137,3.5328123569488525,11400
2003-07-24,4.550000190734863,4.550000190734863,4.429999828338623,4.46999979019165,3.5486907958984375,7600
2003-07-25,4.460000038146973,4.460000038146973,4.460000038146973,4.460000038146973,3.5407516956329346,900
2003-07-28,4.440000057220459,4.550000190734863,4.440000057220459,4.5,3.5725066661834717,11900
2003-07-29,4.510000228881836,4.510000228881836,4.429999828338623,4.429999828338623,3.516935110092163,3300
2003-07-30,4.480000019073486,4.489999771118164,4.409999847412109,4.440000057220459,3.524872303009033,10500
2003-07-31,4.429999828338623,4.429999828338623,4.400000095367432,4.400000095367432,3.493117570877075,2500
2003-08-01,4.449999809265137,4.449999809265137,4.360000133514404,4.360000133514404,3.4613616466522217,5400
2003-08-04,4.400000095367432,4.400000095367432,4.309999942779541,4.309999942779541,3.4216673374176025,1800
2003-08-05,4.309999942779541,4.420000076293945,4.309999942779541,4.389999866485596,3.485178232192993,7700
2003-08-06,4.460000038146973,4.460000038146973,3.759999990463257,3.7899999618530273,3.0088446140289307,83600
2003-08-07,3.7899999618530273,3.8399999141693115,3.6700000762939453,3.819999933242798,3.032660722732544,68900
2003-08-08,3.859999895095825,3.890000104904175,3.859999895095825,3.890000104904175,3.0882327556610107,2600
2003-08-11,3.950000047683716,4.0,3.9100000858306885,4.0,3.175560712814331,33700
2003-08-12,4.019999980926514,4.150000095367432,4.019999980926514,4.139999866485596,3.28670597076416,13300
2003-08-13,4.179999828338623,4.21999979019165,4.179999828338623,4.210000038146973,3.342278242111206,4000
2003-08-14,4.119999885559082,4.119999885559082,4.070000171661377,4.070000171661377,3.2311344146728516,2700
2003-08-15,4.0,4.010000228881836,4.0,4.010000228881836,3.183499813079834,800
2003-08-18,4.119999885559082,4.150000095367432,4.070000171661377,4.099999904632568,3.2549493312835693,7700
2003-08-19,4.070000171661377,4.099999904632568,4.070000171661377,4.099999904632568,3.2549493312835693,8800
2003-08-20,4.059999942779541,4.119999885559082,4.059999942779541,4.110000133514404,3.262888193130493,2800
2003-08-21,4.079999923706055,4.25,4.079999923706055,4.25,3.3740334510803223,7600
2003-08-22,4.25,4.329999923706055,4.25,4.329999923706055,3.4375455379486084,2400
2003-08-25,4.269999980926514,4.309999942779541,4.269999980926514,4.309999942779541,3.4216673374176025,2400
2003-08-26,4.289999961853027,4.300000190734863,4.25,4.300000190734863,3.413728713989258,17200
2003-08-27,4.320000171661377,4.320000171661377,4.260000228881836,4.300000190734863,3.413728713989258,10800
2003-08-28,4.300000190734863,4.300000190734863,4.300000190734863,4.300000190734863,3.413728713989258,0
2003-08-29,4.309999942779541,4.349999904632568,4.300000190734863,4.349999904632568,3.453422784805298,2200
2003-09-02,4.349999904632568,4.420000076293945,4.349999904632568,4.420000076293945,3.5089950561523438,4300
2003-09-03,4.5,4.590000152587891,4.5,4.539999961853027,3.6042628288269043,23700
2003-09-04,4.599999904632568,4.639999866485596,4.53000020980835,4.570000171661377,3.6280784606933594,10800
2003-09-05,4.519999980926514,4.78000020980835,4.519999980926514,4.730000019073486,3.7551002502441406,19600
2003-09-08,4.789999961853027,4.789999961853027,4.71999979019165,4.739999771118164,3.76304030418396,4000
2003-09-09,4.699999809265137,4.849999904632568,4.690000057220459,4.789999961853027,3.8027350902557373,12700
2003-09-10,4.769999980926514,4.949999809265137,4.769999980926514,4.949999809265137,3.9545226097106934,23600
2003-09-11,5.0,5.0,4.849999904632568,4.909999847412109,3.922569513320923,10400
2003-09-12,4.829999923706055,4.829999923706055,4.639999866485596,4.699999809265137,3.754800796508789,13100
2003-09-15,4.730000019073486,4.730000019073486,4.690000057220459,4.710000038146973,3.7627904415130615,7500
2003-09-16,4.619999885559082,4.71999979019165,4.619999885559082,4.71999979019165,3.7707793712615967,17600
2003-09-17,4.739999771118164,4.769999980926514,4.699999809265137,4.730000019073486,3.778768301010132,11200
2003-09-18,4.75,4.75,4.670000076293945,4.699999809265137,3.754800796508789,23000
2003-09-19,4.710000038146973,4.710000038146973,4.630000114440918,4.630000114440918,3.6988770961761475,1400
2003-09-22,4.570000171661377,4.75,4.510000228881836,4.679999828338623,3.7388229370117188,10300
2003-09-23,4.739999771118164,4.739999771118164,4.659999847412109,4.670000076293945,3.7308335304260254,6000
2003-09-24,4.71999979019165,4.75,4.71999979019165,4.739999771118164,3.786757469177246,2100
2003-09-25,4.840000152587891,4.840000152587891,4.710000038146973,4.710000038146973,3.7627904415130615,3900
2003-09-26,4.699999809265137,4.710000038146973,3.890000104904175,4.010000228881836,3.2035634517669678,100900
2003-09-29,4.079999923706055,4.079999923706055,3.8399999141693115,3.9000000953674316,3.1156859397888184,182700
2003-09-30,3.9100000858306885,3.9100000858306885,3.740000009536743,3.740000009536743,2.987863302230835,14300
2003-10-01,3.759999990463257,4.050000190734863,3.759999990463257,4.050000190734863,3.2355198860168457,26900
2003-10-02,4.03000020980835,4.150000095367432,4.03000020980835,4.130000114440918,3.2994308471679688,32000
2003-10-03,4.070000171661377,4.099999904632568,4.03000020980835,4.070000171661377,3.251497983932495,6900
2003-10-06,4.059999942779541,4.139999866485596,4.059999942779541,4.130000114440918,3.2994308471679688,11800
2003-10-07,4.090000152587891,4.110000133514404,4.050000190734863,4.050000190734863,3.2355198860168457,7600
2003-10-08,4.059999942779541,4.059999942779541,3.9600000381469727,4.050000190734863,3.2355198860168457,5700
2003-10-09,4.090000152587891,4.170000076293945,4.090000152587891,4.099999904632568,3.2754640579223633,29100
2003-10-10,4.119999885559082,4.159999847412109,4.119999885559082,4.159999847412109,3.323397636413574,700
2003-10-13,4.199999809265137,4.300000190734863,4.199999809265137,4.25,3.3952980041503906,14700
2003-10-14,4.230000019073486,4.230000019073486,4.119999885559082,4.119999885559082,3.2914416790008545,5100
2003-10-15,4.170000076293945,4.260000228881836,4.139999866485596,4.199999809265137,3.355353355407715,6200
2003-10-16,4.25,4.289999961853027,4.25,4.289999961853027,3.4272544384002686,4400
2003-10-17,4.289999961853027,4.300000190734863,4.230000019073486,4.239999771118164,3.387308359146118,8800
2003-10-20,4.28000020980835,4.28000020980835,4.179999828338623,4.199999809265137,3.355353355407715,21000
2003-10-21,4.199999809265137,4.269999980926514,4.199999809265137,4.269999980926514,3.4112765789031982,3300
2003-10-22,4.230000019073486,4.230000019073486,4.170000076293945,4.199999809265137,3.355353355407715,3000
2003-10-23,4.150000095367432,4.199999809265137,4.139999866485596,4.139999866485596,3.307420015335083,2300
2003-10-24,4.119999885559082,4.119999885559082,4.0,4.0,3.195575475692749,2300
2003-10-27,4.039999961853027,4.039999961853027,3.9700000286102295,4.019999980926514,3.2115535736083984,2000
2003-10-28,4.03000020980835,4.079999923706055,4.03000020980835,4.070000171661377,3.251497983932495,1500
2003-10-29,4.019999980926514,4.050000190734863,4.019999980926514,4.050000190734863,3.2355198860168457,223600
2003-10-30,4.050000190734863,4.130000114440918,4.050000190734863,4.099999904632568,3.2754640579223633,4300
2003-10-31,4.150000095367432,4.150000095367432,4.050000190734863,4.070000171661377,3.251497983932495,59200
2003-11-03,4.099999904632568,4.119999885559082,4.050000190734863,4.119999885559082,3.2914416790008545,41600
2003-11-04,4.21999979019165,4.519999980926514,4.21999979019165,4.460000038146973,3.5630674362182617,1111200
2003-11-05,4.5,4.5,4.21999979019165,4.25,3.3952980041503906,219400
2003-11-06,4.179999828338623,4.570000171661377,4.119999885559082,4.570000171661377,3.650944948196411,71500
2003-11-07,4.590000152587891,4.590000152587891,4.340000152587891,4.369999885559082,3.491166114807129,17500
2003-11-10,4.369999885559082,4.369999885559082,4.25,4.28000020980835,3.4192652702331543,13900
2003-11-11,4.269999980926514,4.300000190734863,4.139999866485596,4.230000019073486,3.3793210983276367,45200
2003-11-12,4.269999980926514,4.269999980926514,4.190000057220459,4.21999979019165,3.3713316917419434,7000
2003-11-13,4.239999771118164,4.239999771118164,4.139999866485596,4.170000076293945,3.3313872814178467,12200
2003-11-14,4.130000114440918,4.159999847412109,4.110000133514404,4.150000095367432,3.3154098987579346,19500
2003-11-17,4.150000095367432,4.150000095367432,4.039999961853027,4.070000171661377,3.251497983932495,38000
2003-11-18,4.079999923706055,4.139999866485596,4.059999942779541,4.130000114440918,3.2994308471679688,9700
2003-11-19,4.119999885559082,4.150000095367432,4.070000171661377,4.119999885559082,3.2914416790008545,41800
2003-11-20,4.099999904632568,4.190000057220459,4.099999904632568,4.179999828338623,3.339376449584961,67100
2003-11-21,4.179999828338623,4.190000057220459,4.110000133514404,4.150000095367432,3.3154098987579346,148100
2003-11-24,4.130000114440918,4.139999866485596,4.099999904632568,4.130000114440918,3.2994308471679688,68900
2003-11-25,4.119999885559082,4.179999828338623,4.099999904632568,4.159999847412109,3.323397636413574,19900
2003-11-26,4.190000057220459,4.199999809265137,4.170000076293945,4.190000057220459,3.3473663330078125,5000
2003-11-28,4.21999979019165,4.25,4.21999979019165,4.25,3.3952980041503906,1200
2003-12-01,4.230000019073486,4.230000019073486,4.119999885559082,4.139999866485596,3.307420015335083,13900
2003-12-02,4.139999866485596,4.239999771118164,4.139999866485596,4.199999809265137,3.355353355407715,7700
2003-12-03,4.260000228881836,4.260000228881836,4.179999828338623,4.210000038146973,3.363342523574829,6600
2003-12-04,4.110000133514404,4.170000076293945,4.110000133514404,4.119999885559082,3.2914416790008545,8600
2003-12-05,4.050000190734863,4.159999847412109,4.050000190734863,4.130000114440918,3.2994308471679688,13200
2003-12-08,4.070000171661377,4.190000057220459,4.070000171661377,4.159999847412109,3.323397636413574,19500
2003-12-09,4.099999904632568,4.199999809265137,4.099999904632568,4.190000057220459,3.3473663330078125,10700
2003-12-10,4.130000114440918,4.25,4.130000114440918,4.239999771118164,3.411736011505127,9700
2003-12-11,4.190000057220459,4.210000038146973,4.170000076293945,4.210000038146973,3.38759708404541,3600
2003-12-12,4.179999828338623,4.190000057220459,4.130000114440918,4.130000114440918,3.3232245445251465,5600
2003-12-15,4.170000076293945,4.170000076293945,4.059999942779541,4.079999923706055,3.282992362976074,19400
2003-12-16,4.079999923706055,4.139999866485596,4.019999980926514,4.050000190734863,3.2588534355163574,19800
2003-12-17,4.079999923706055,4.099999904632568,4.039999961853027,4.099999904632568,3.2990851402282715,10200
2003-12-18,4.099999904632568,4.130000114440918,4.090000152587891,4.090000152587891,3.291038751602173,50100
2003-12-19,4.070000171661377,4.289999961853027,4.070000171661377,4.28000020980835,3.443923234939575,39700
2003-12-22,4.340000152587891,4.449999809265137,4.340000152587891,4.429999828338623,3.564621925354004,36400
2003-12-23,4.460000038146973,4.46999979019165,4.349999904632568,4.349999904632568,3.5002496242523193,29000
2003-12-24,4.449999809265137,4.489999771118164,4.380000114440918,4.409999847412109,3.5485293865203857,14100
2003-12-26,4.449999809265137,4.449999809265137,4.340000152587891,4.340000152587891,3.4922027587890625,2700
2003-12-29,4.429999828338623,4.550000190734863,4.429999828338623,4.539999961853027,3.6531338691711426,9000
2003-12-30,4.550000190734863,4.570000171661377,4.539999961853027,4.559999942779541,3.669226884841919,28300
2003-12-31,4.539999961853027,4.539999961853027,4.53000020980835,4.539999961853027,3.6531338691711426,4400
2004-01-02,4.570000171661377,4.650000095367432,4.570000171661377,4.650000095367432,3.741647958755493,6800
2004-01-05,4.679999828338623,4.679999828338623,4.619999885559082,4.630000114440918,3.7255518436431885,7800
2004-01-06,4.53000020980835,4.619999885559082,4.53000020980835,4.599999904632568,3.701413154602051,21600
2004-01-07,4.630000114440918,4.630000114440918,4.53000020980835,4.550000190734863,3.6611809730529785,3400
2004-01-08,4.590000152587891,4.590000152587891,4.440000057220459,4.510000228881836,3.6289947032928467,263100
2004-01-09,4.53000020980835,4.610000133514404,4.519999980926514,4.570000171661377,3.677273988723755,58500
2004-01-12,4.579999923706055,4.590000152587891,4.550000190734863,4.590000152587891,3.6933672428131104,5900
2004-01-13,4.539999961853027,4.610000133514404,4.46999979019165,4.480000019073486,3.604854106903076,5900
2004-01-14,4.460000038146973,4.460000038146973,4.340000152587891,4.360000133514404,3.508296251296997,25900
2004-01-15,4.360000133514404,4.389999866485596,4.28000020980835,4.389999866485596,3.532435655593872,10000
2004-01-16,4.389999866485596,4.489999771118164,4.389999866485596,4.460000038146973,3.5887622833251953,7500
2004-01-20,4.449999809265137,4.619999885559082,4.449999809265137,4.619999885559082,3.7175049781799316,252900
2004-01-21,4.650000095367432,4.800000190734863,4.5,4.739999771118164,3.81406569480896,50300
2004-01-22,4.670000076293945,4.869999885559082,4.670000076293945,4.800000190734863,3.8623437881469727,62200
2004-01-23,4.650000095367432,4.670000076293945,4.480000019073486,4.559999942779541,3.669226884841919,56700
2004-01-26,4.610000133514404,4.610000133514404,4.389999866485596,4.400000095367432,3.540482997894287,396100
2004-01-27,4.46999979019165,4.519999980926514,4.369999885559082,4.369999885559082,3.5163426399230957,28300
2004-01-28,4.420000076293945,4.440000057220459,4.340000152587891,4.349999904632568,3.5002496242523193,19200
2004-01-29,4.429999828338623,4.440000057220459,4.349999904632568,4.360000133514404,3.508296251296997,13600
2004-01-30,4.349999904632568,4.46999979019165,4.349999904632568,4.460000038146973,3.5887622833251953,7000
2004-02-02,4.489999771118164,4.489999771118164,4.420000076293945,4.449999809265137,3.580716133117676,25000
2004-02-03,4.460000038146973,4.639999866485596,4.460000038146973,4.590000152587891,3.6933672428131104,31700
2004-02-04,4.550000190734863,4.679999828338623,4.550000190734863,4.619999885559082,3.7175049781799316,17700
2004-02-05,4.650000095367432,4.699999809265137,4.650000095367432,4.670000076293945,3.7577381134033203,22000
2004-02-06,4.670000076293945,4.75,4.670000076293945,4.730000019073486,3.806018829345703,9000
2004-02-09,4.710000038146973,4.800000190734863,4.670000076293945,4.789999961853027,3.8542978763580322,40800
2004-02-10,4.800000190734863,5.050000190734863,4.800000190734863,5.039999961853027,4.0554609298706055,53800
2004-02-11,4.980000019073486,5.119999885559082,4.730000019073486,5.099999904632568,4.103740215301514,83900
2004-02-12,5.0,5.0,4.739999771118164,4.789999961853027,3.8542978763580322,42300
2004-02-13,4.789999961853027,4.789999961853027,4.590000152587891,4.690000057220459,3.7738330364227295,31800
2004-02-17,4.96999979019165,5.019999980926514,4.909999847412109,4.980000019073486,4.007182598114014,19300
2004-02-18,5.0,5.019999980926514,4.989999771118164,5.010000228881836,4.031322479248047,9000
2004-02-19,5.039999961853027,5.059999942779541,5.0,5.0,4.023275852203369,15600
2004-02-20,4.980000019073486,4.980000019073486,4.699999809265137,4.75,3.822111129760742,10700
2004-02-23,4.75,4.800000190734863,4.690000057220459,4.699999809265137,3.781878709793091,27000
2004-02-24,4.650000095367432,4.699999809265137,4.599999904632568,4.650000095367432,3.741647958755493,22700
2004-02-25,4.679999828338623,4.679999828338623,4.610000133514404,4.639999866485596,3.7336008548736572,12200
2004-02-26,4.599999904632568,4.670000076293945,4.599999904632568,4.670000076293945,3.7577381134033203,14600
2004-02-27,4.679999828338623,4.840000152587891,4.679999828338623,4.789999961853027,3.8542978763580322,16600
2004-03-01,4.769999980926514,4.869999885559082,4.769999980926514,4.829999923706055,3.886483907699585,10300
2004-03-02,4.820000171661377,4.820000171661377,4.710000038146973,4.75,3.822111129760742,10600
2004-03-03,4.690000057220459,4.78000020980835,4.679999828338623,4.78000020980835,3.846250295639038,10100
2004-03-04,4.730000019073486,4.769999980926514,4.730000019073486,4.75,3.822111129760742,7400
2004-03-05,4.78000020980835,4.849999904632568,4.78000020980835,4.840000152587891,3.894530773162842,9200
2004-03-08,4.929999828338623,4.929999828338623,4.849999904632568,4.849999904632568,3.9025771617889404,9200
2004-03-09,4.880000114440918,4.880000114440918,4.71999979019165,4.739999771118164,3.81406569480896,20000
2004-03-10,4.550000190734863,4.550000190734863,4.440000057220459,4.460000038146973,3.611619710922241,14800
2004-03-11,4.409999847412109,4.429999828338623,4.369999885559082,4.429999828338623,3.58732533454895,21500
2004-03-12,4.380000114440918,4.429999828338623,4.349999904632568,4.429999828338623,3.58732533454895,11300
2004-03-15,4.440000057220459,4.46999979019165,4.420000076293945,4.46999979019165,3.619718313217163,32900
2004-03-16,4.5,4.510000228881836,4.329999923706055,4.340000152587891,3.514446258544922,15500
2004-03-17,4.369999885559082,4.460000038146973,4.369999885559082,4.380000114440918,3.5468380451202393,13500
2004-03-18,4.349999904632568,4.400000095367432,4.239999771118164,4.400000095367432,3.56303334236145,218900
2004-03-19,4.400000095367432,4.46999979019165,4.349999904632568,4.46999979019165,3.619718313217163,138200
2004-03-22,4.380000114440918,4.480000019073486,4.380000114440918,4.389999866485596,3.554935932159424,24200
2004-03-23,4.449999809265137,4.449999809265137,4.300000190734863,4.300000190734863,3.4820549488067627,47700
2004-03-24,4.269999980926514,4.28000020980835,4.179999828338623,4.179999828338623,3.3848812580108643,51400
2004-03-25,4.21999979019165,4.429999828338623,4.21999979019165,4.389999866485596,3.554935932159424,27000
2004-03-26,4.400000095367432,4.46999979019165,4.380000114440918,4.380000114440918,3.5468380451202393,16300
2004-03-29,4.369999885559082,4.590000152587891,4.369999885559082,4.460000038146973,3.611619710922241,40000
2004-03-30,4.46999979019165,4.46999979019165,4.380000114440918,4.400000095367432,3.56303334236145,13500
2004-03-31,4.380000114440918,4.46999979019165,4.369999885559082,4.380000114440918,3.5468380451202393,45600
2004-04-01,4.389999866485596,4.550000190734863,4.389999866485596,4.550000190734863,3.6845011711120605,59500
2004-04-02,4.579999923706055,4.619999885559082,4.559999942779541,4.579999923706055,3.7087924480438232,41600
2004-04-05,4.650000095367432,4.739999771118164,4.579999923706055,4.710000038146973,3.814066171646118,25800
2004-04-06,4.550000190734863,4.75,4.550000190734863,4.75,3.846456289291382,8300
2004-04-07,4.769999980926514,4.769999980926514,4.610000133514404,4.670000076293945,3.781672477722168,17900
2004-04-08,4.679999828338623,4.679999828338623,4.539999961853027,4.579999923706055,3.7087924480438232,21700
2004-04-12,4.579999923706055,4.679999828338623,4.550000190734863,4.570000171661377,3.7006947994232178,53600
2004-04-13,4.579999923706055,4.599999904632568,4.519999980926514,4.53000020980835,3.668304681777954,19400
2004-04-14,4.480000019073486,4.519999980926514,4.360000133514404,4.380000114440918,3.5468380451202393,37700
2004-04-15,4.389999866485596,4.420000076293945,4.360000133514404,4.369999885559082,3.538740634918213,4900
2004-04-16,4.400000095367432,4.480000019073486,4.369999885559082,4.440000057220459,3.595423698425293,24400
2004-04-19,4.480000019073486,4.550000190734863,4.400000095367432,4.400000095367432,3.56303334236145,14700
2004-04-20,4.409999847412109,4.429999828338623,4.329999923706055,4.329999923706055,3.506349563598633,16900
2004-04-21,4.340000152587891,4.360000133514404,4.309999942779541,4.329999923706055,3.506349563598633,16200
2004-04-22,4.329999923706055,4.329999923706055,4.269999980926514,4.309999942779541,3.490152359008789,29500
2004-04-23,4.260000228881836,4.340000152587891,4.25,4.300000190734863,3.4820549488067627,66000
2004-04-26,4.28000020980835,4.320000171661377,4.260000228881836,4.300000190734863,3.4820549488067627,5300
2004-04-27,4.300000190734863,4.369999885559082,4.269999980926514,4.369999885559082,3.538740634918213,18500
2004-04-28,4.309999942779541,4.309999942779541,4.079999923706055,4.099999904632568,3.320099115371704,41100
2004-04-29,4.139999866485596,4.190000057220459,4.110000133514404,4.150000095367432,3.3605875968933105,5600
2004-04-30,4.130000114440918,4.190000057220459,4.110000133514404,4.130000114440918,3.344393014907837,44300
2004-05-03,4.170000076293945,4.230000019073486,4.130000114440918,4.139999866485596,3.352489948272705,10000
2004-05-04,4.150000095367432,4.289999961853027,4.150000095367432,4.260000228881836,3.4496634006500244,17700
2004-05-05,4.199999809265137,4.230000019073486,4.150000095367432,4.159999847412109,3.3686859607696533,6900
2004-05-06,4.179999828338623,4.179999828338623,4.099999904632568,4.139999866485596,3.352489948272705,15700
2004-05-07,4.090000152587891,4.090000152587891,4.010000228881836,4.019999980926514,3.255317211151123,19600
2004-05-10,4.0,4.0,3.869999885559082,3.990000009536743,3.231022596359253,16300
2004-05-11,4.039999961853027,4.059999942779541,3.9700000286102295,4.03000020980835,3.2634146213531494,20700
2004-05-12,4.019999980926514,4.019999980926514,3.9200000762939453,3.9800000190734863,3.222926616668701,31800
2004-05-13,3.890000104904175,3.9700000286102295,3.890000104904175,3.9700000286102295,3.2148284912109375,9400
2004-05-14,3.930000066757202,3.9600000381469727,3.890000104904175,3.930000066757202,3.18243670463562,44500
2004-05-17,3.930000066757202,3.950000047683716,3.7799999713897705,3.7799999713897705,3.060969114303589,15000
2004-05-18,3.7899999618530273,3.799999952316284,3.7200000286102295,3.7200000286102295,3.012383222579956,23300
2004-05-19,3.7699999809265137,4.0,3.7699999809265137,3.930000066757202,3.18243670463562,24300
2004-05-20,3.880000114440918,3.9700000286102295,3.880000114440918,3.930000066757202,3.18243670463562,26800
2004-05-21,3.890000104904175,3.9700000286102295,3.890000104904175,3.9600000381469727,3.2067294120788574,16500
2004-05-24,4.03000020980835,4.050000190734863,3.9000000953674316,3.9600000381469727,3.2067294120788574,15400
2004-05-25,3.950000047683716,4.03000020980835,3.950000047683716,4.0,3.239121913909912,9100
2004-05-26,4.090000152587891,4.090000152587891,4.010000228881836,4.050000190734863,3.2796096801757812,21200
2004-05-27,4.099999904632568,4.139999866485596,3.990000009536743,4.139999866485596,3.352489948272705,15500
2004-05-28,4.150000095367432,4.190000057220459,4.079999923706055,4.130000114440918,3.344393014907837,17100
2004-06-01,4.090000152587891,4.099999904632568,4.039999961853027,4.099999904632568,3.320099115371704,7000
2004-06-02,4.119999885559082,4.159999847412109,4.050000190734863,4.090000152587891,3.3120009899139404,8200
2004-06-03,4.070000171661377,4.099999904632568,4.010000228881836,4.010000228881836,3.2472190856933594,12400
2004-06-04,4.110000133514404,4.139999866485596,4.079999923706055,4.079999923706055,3.3039040565490723,6500
2004-06-07,4.079999923706055,4.21999979019165,4.079999923706055,4.179999828338623,3.3848812580108643,10900
2004-06-08,4.179999828338623,4.230000019073486,4.110000133514404,4.230000019073486,3.425370693206787,11500
2004-06-09,4.170000076293945,4.21999979019165,4.159999847412109,4.179999828338623,3.4090583324432373,16600
2004-06-10,4.210000038146973,4.289999961853027,4.210000038146973,4.289999961853027,3.4987714290618896,12100
2004-06-14,4.269999980926514,4.269999980926514,4.110000133514404,4.110000133514404,3.3519701957702637,15700
2004-06-15,4.119999885559082,4.170000076293945,4.099999904632568,4.159999847412109,3.3927478790283203,36200
2004-06-16,4.139999866485596,4.139999866485596,3.869999885559082,3.9600000381469727,3.229635000228882,105500
2004-06-17,3.9800000190734863,4.03000020980835,3.9800000190734863,4.010000228881836,3.270414352416992,32700
2004-06-18,4.039999961853027,4.150000095367432,4.039999961853027,4.050000190734863,3.3030357360839844,20300
2004-06-21,4.079999923706055,4.110000133514404,4.050000190734863,4.050000190734863,3.3030357360839844,11200
2004-06-22,4.139999866485596,4.300000190734863,4.119999885559082,4.300000190734863,3.5069265365600586,66200
2004-06-23,4.300000190734863,4.300000190734863,4.150000095367432,4.21999979019165,3.4416821002960205,14000
2004-06-24,4.25,4.329999923706055,4.25,4.300000190734863,3.5069265365600586,24500
2004-06-25,4.28000020980835,4.369999885559082,4.269999980926514,4.349999904632568,3.5477054119110107,8100
2004-06-28,4.300000190734863,4.409999847412109,4.300000190734863,4.400000095367432,3.588484048843384,11500
2004-06-29,4.420000076293945,4.420000076293945,4.369999885559082,4.409999847412109,3.59663987159729,20400
2004-06-30,4.429999828338623,4.590000152587891,4.409999847412109,4.53000020980835,3.6945066452026367,13400
2004-07-01,4.519999980926514,4.590000152587891,4.5,4.590000152587891,3.743441343307495,8100
2004-07-02,4.53000020980835,4.570000171661377,4.5,4.559999942779541,3.718975067138672,16400
2004-07-06,4.570000171661377,4.579999923706055,4.46999979019165,4.46999979019165,3.645573377609253,16900
2004-07-07,4.489999771118164,4.559999942779541,4.46999979019165,4.539999961853027,3.7026619911193848,11200
2004-07-08,4.489999771118164,4.559999942779541,4.480000019073486,4.510000228881836,3.6781957149505615,4900
2004-07-09,4.5,4.539999961853027,4.46999979019165,4.5,3.670039653778076,5900
2004-07-12,4.420000076293945,4.449999809265137,4.389999866485596,4.440000057220459,3.621105194091797,22900
2004-07-13,4.340000152587891,4.46999979019165,4.340000152587891,4.449999809265137,3.6292612552642822,19900
2004-07-14,4.449999809265137,4.5,4.400000095367432,4.46999979019165,3.645573377609253,20100
2004-07-15,4.440000057220459,4.449999809265137,4.369999885559082,4.369999885559082,3.564016819000244,32400
2004-07-16,4.429999828338623,4.429999828338623,4.400000095367432,4.429999828338623,3.6129486560821533,14300
2004-07-19,4.429999828338623,4.5,4.409999847412109,4.480000019073486,3.65372633934021,21000
2004-07-20,4.5,4.599999904632568,4.480000019073486,4.550000190734863,3.710818290710449,9300
2004-07-21,4.579999923706055,4.579999923706055,4.5,4.510000228881836,3.6781957149505615,4800
2004-07-22,4.579999923706055,4.78000020980835,4.579999923706055,4.639999866485596,3.7842178344726562,33000
2004-07-23,4.650000095367432,4.820000171661377,4.639999866485596,4.809999942779541,3.9228644371032715,15200
2004-07-26,4.75,4.769999980926514,4.670000076293945,4.769999980926514,3.890241861343384,6200
2004-07-27,4.760000228881836,4.760000228881836,4.659999847412109,4.659999847412109,3.8005282878875732,8900
2004-07-28,4.679999828338623,4.769999980926514,4.650000095367432,4.739999771118164,3.865774154663086,23700
2004-07-29,4.710000038146973,4.760000228881836,4.710000038146973,4.730000019073486,3.8576202392578125,22300
2004-07-30,4.739999771118164,4.809999942779541,4.730000019073486,4.769999980926514,3.890241861343384,8600
2004-08-02,4.820000171661377,4.889999866485596,4.75,4.889999866485596,3.9881107807159424,22700
2004-08-03,4.75,4.989999771118164,4.75,4.900000095367432,3.996264934539795,49000
2004-08-04,4.860000133514404,4.860000133514404,4.730000019073486,4.789999961853027,3.9065537452697754,8600
2004-08-05,4.739999771118164,4.75,4.5,4.550000190734863,3.710818290710449,21400
2004-08-06,4.53000020980835,4.559999942779541,4.460000038146973,4.489999771118164,3.6618828773498535,4800
2004-08-09,4.460000038146973,4.46999979019165,4.409999847412109,4.440000057220459,3.621105194091797,33100
2004-08-10,4.460000038146973,4.460000038146973,4.349999904632568,4.360000133514404,3.555860996246338,46500
2004-08-11,4.260000228881836,4.559999942779541,4.21999979019165,4.449999809265137,3.6292612552642822,14900
2004-08-12,4.400000095367432,4.400000095367432,4.090000152587891,4.119999885559082,3.3601253032684326,18800
2004-08-13,4.090000152587891,4.159999847412109,4.0,4.130000114440918,3.3682808876037598,18800
2004-08-16,4.150000095367432,4.380000114440918,4.139999866485596,4.230000019073486,3.4498376846313477,12600
2004-08-17,4.260000228881836,4.300000190734863,4.110000133514404,4.159999847412109,3.3927478790283203,27800
2004-08-18,4.110000133514404,4.119999885559082,4.059999942779541,4.099999904632568,3.3438143730163574,32900
2004-08-19,4.099999904632568,4.190000057220459,4.099999904632568,4.159999847412109,3.3927478790283203,11700
2004-08-20,4.139999866485596,4.380000114440918,4.139999866485596,4.349999904632568,3.5477054119110107,13100
2004-08-23,4.309999942779541,4.309999942779541,4.190000057220459,4.199999809265137,3.42536997795105,10800
2004-08-24,4.179999828338623,4.199999809265137,4.159999847412109,4.170000076293945,3.40090274810791,10300
2004-08-25,4.139999866485596,4.210000038146973,4.139999866485596,4.199999809265137,3.42536997795105,11500
2004-08-26,4.199999809265137,4.25,4.190000057220459,4.21999979019165,3.4416821002960205,7100
2004-08-27,4.199999809265137,4.25,4.199999809265137,4.21999979019165,3.4416821002960205,8700
2004-08-30,4.269999980926514,4.300000190734863,4.269999980926514,4.300000190734863,3.5069265365600586,2800
2004-08-31,4.349999904632568,4.400000095367432,4.349999904632568,4.380000114440918,3.572171926498413,6200
2004-09-01,4.349999904632568,4.400000095367432,4.349999904632568,4.389999866485596,3.5803263187408447,2400
2004-09-02,4.409999847412109,4.420000076293945,4.320000171661377,4.340000152587891,3.53954815864563,18000
2004-09-03,4.340000152587891,4.340000152587891,4.300000190734863,4.309999942779541,3.515082359313965,6000
2004-09-07,4.329999923706055,4.389999866485596,4.289999961853027,4.369999885559082,3.564016819000244,13200
2004-09-08,4.349999904632568,4.449999809265137,4.340000152587891,4.409999847412109,3.59663987159729,18700
2004-09-09,4.429999828338623,4.429999828338623,4.389999866485596,4.429999828338623,3.6129486560821533,26000
2004-09-10,4.409999847412109,4.449999809265137,4.369999885559082,4.449999809265137,3.6292612552642822,20900
2004-09-13,4.440000057220459,4.5,4.409999847412109,4.460000038146973,3.637418031692505,16300
2004-09-14,4.449999809265137,4.460000038146973,4.340000152587891,4.340000152587891,3.53954815864563,44600
2004-09-15,4.369999885559082,4.369999885559082,4.21999979019165,4.239999771118164,3.4740025997161865,39600
2004-09-16,4.269999980926514,4.320000171661377,4.25,4.269999980926514,3.4985830783843994,45600
2004-09-17,4.239999771118164,4.349999904632568,4.239999771118164,4.269999980926514,3.4985830783843994,64700
2004-09-20,4.269999980926514,4.369999885559082,4.230000019073486,4.28000020980835,3.5067763328552246,59800
2004-09-21,4.269999980926514,4.389999866485596,4.269999980926514,4.369999885559082,3.5805163383483887,8000
2004-09-22,4.400000095367432,4.420000076293945,4.349999904632568,4.369999885559082,3.5805163383483887,8100
2004-09-23,4.400000095367432,4.510000228881836,4.369999885559082,4.449999809265137,3.6460635662078857,31300
2004-09-24,4.429999828338623,4.449999809265137,4.320000171661377,4.320000171661377,3.53954815864563,9400
2004-09-27,4.349999904632568,4.489999771118164,4.300000190734863,4.440000057220459,3.6378695964813232,17100
2004-09-28,4.340000152587891,4.460000038146973,4.340000152587891,4.460000038146973,3.654256582260132,26400
2004-09-29,4.460000038146973,4.480000019073486,4.400000095367432,4.429999828338623,3.6296756267547607,24900
2004-09-30,4.440000057220459,4.440000057220459,4.380000114440918,4.389999866485596,3.5969033241271973,23600
2004-10-01,4.389999866485596,4.440000057220459,4.349999904632568,4.389999866485596,3.5969033241271973,17200
2004-10-04,4.409999847412109,4.460000038146973,4.409999847412109,4.460000038146973,3.654256582260132,3600
2004-10-05,4.449999809265137,4.510000228881836,4.429999828338623,4.5,3.6870298385620117,14100
2004-10-06,4.449999809265137,4.480000019073486,4.440000057220459,4.46999979019165,3.662449359893799,10900
2004-10-07,4.420000076293945,4.429999828338623,4.380000114440918,4.380000114440918,3.5887091159820557,14400
2004-10-08,4.420000076293945,4.440000057220459,4.409999847412109,4.420000076293945,3.6214840412139893,12600
2004-10-11,4.440000057220459,4.480000019073486,4.440000057220459,4.440000057220459,3.6378695964813232,1800
2004-10-12,4.409999847412109,4.409999847412109,4.369999885559082,4.400000095367432,3.6050961017608643,4800
2004-10-13,4.349999904632568,4.380000114440918,4.329999923706055,4.369999885559082,3.5805163383483887,4500
2004-10-14,4.389999866485596,4.400000095367432,4.320000171661377,4.329999923706055,3.547743797302246,4100
2004-10-15,4.329999923706055,4.360000133514404,4.28000020980835,4.329999923706055,3.547743797302246,5600
2004-10-18,4.320000171661377,4.340000152587891,4.269999980926514,4.28000020980835,3.5067763328552246,13300
2004-10-19,4.25,4.349999904632568,4.199999809265137,4.199999809265137,3.441227436065674,18300
2004-10-20,4.179999828338623,4.360000133514404,4.179999828338623,4.360000133514404,3.572321653366089,49900
2004-10-21,4.320000171661377,4.320000171661377,4.260000228881836,4.289999961853027,3.5149688720703125,7000
2004-10-22,4.25,4.300000190734863,4.25,4.269999980926514,3.4985830783843994,6100
2004-10-25,4.289999961853027,4.300000190734863,4.210000038146973,4.260000228881836,3.490388870239258,24000
2004-10-26,4.21999979019165,4.230000019073486,4.039999961853027,4.059999942779541,3.326521396636963,19100
2004-10-27,4.0,4.079999923706055,3.8499999046325684,4.079999923706055,3.3429083824157715,33300
2004-10-28,4.130000114440918,4.139999866485596,4.070000171661377,4.099999904632568,3.3592944145202637,14100
2004-10-29,4.090000152587891,4.119999885559082,4.079999923706055,4.090000152587891,3.3511011600494385,55800
2004-11-01,4.130000114440918,4.130000114440918,3.990000009536743,3.990000009536743,3.269166946411133,20000
2004-11-02,3.9600000381469727,4.0,3.9000000953674316,3.950000047683716,3.236393690109253,34800
2004-11-03,4.010000228881836,4.050000190734863,3.9000000953674316,4.0,3.2773609161376953,79400
2004-11-04,3.9800000190734863,4.079999923706055,3.9100000858306885,4.050000190734863,3.3183274269104004,13500
2004-11-05,4.050000190734863,4.070000171661377,3.890000104904175,3.930000066757202,3.220006227493286,47700
2004-11-08,3.940000057220459,4.039999961853027,3.940000057220459,4.039999961853027,3.3101344108581543,17300
2004-11-09,4.079999923706055,4.079999923706055,3.9800000190734863,3.990000009536743,3.269166946411133,27000
2004-11-10,4.019999980926514,4.019999980926514,3.9000000953674316,3.950000047683716,3.236393690109253,18500
2004-11-11,3.880000114440918,4.039999961853027,3.880000114440918,4.039999961853027,3.3101344108581543,8600
2004-11-12,4.019999980926514,4.019999980926514,3.859999895095825,3.9000000953674316,3.1954264640808105,30000
2004-11-15,3.9000000953674316,3.9100000858306885,3.7699999809265137,3.809999942779541,3.1216862201690674,68300
2004-11-16,3.809999942779541,3.9100000858306885,3.7699999809265137,3.890000104904175,3.1872332096099854,28400
2004-11-17,3.9100000858306885,3.9200000762939453,3.819999933242798,3.8499999046325684,3.1544601917266846,55300
2004-11-18,3.799999952316284,3.880000114440918,3.7899999618530273,3.8499999046325684,3.1544601917266846,50300
2004-11-19,3.819999933242798,3.890000104904175,3.819999933242798,3.869999885559082,3.170846700668335,22300
2004-11-22,3.9200000762939453,3.9200000762939453,3.8299999237060547,3.859999895095825,3.1626532077789307,16100
2004-11-23,3.859999895095825,3.859999895095825,3.809999942779541,3.8499999046325684,3.1544601917266846,41000
2004-11-24,3.859999895095825,3.940000057220459,3.8499999046325684,3.9200000762939453,3.211812973022461,50000
2004-11-26,3.930000066757202,3.930000066757202,3.859999895095825,3.869999885559082,3.170846700668335,9800
2004-11-29,3.880000114440918,3.940000057220459,3.809999942779541,3.8299999237060547,3.138073205947876,35500
2004-11-30,3.819999933242798,3.880000114440918,3.7699999809265137,3.7799999713897705,3.0971055030822754,24100
2004-12-01,3.75,3.880000114440918,3.75,3.880000114440918,3.179039478302002,31100
2004-12-02,3.9000000953674316,3.9000000953674316,3.819999933242798,3.8499999046325684,3.1544601917266846,70100
2004-12-03,3.890000104904175,3.890000104904175,3.7899999618530273,3.799999952316284,3.113492488861084,31300
2004-12-06,3.7799999713897705,3.869999885559082,3.7799999713897705,3.8499999046325684,3.1544601917266846,773600
2004-12-07,3.869999885559082,3.869999885559082,3.7799999713897705,3.809999942779541,3.1216862201690674,35500
2004-12-08,3.799999952316284,3.799999952316284,3.690000057220459,3.7200000286102295,3.047945022583008,45900
2004-12-09,3.759999990463257,3.759999990463257,3.6600000858306885,3.7200000286102295,3.047945022583008,54300
2004-12-10,3.700000047683716,3.700000047683716,3.6500000953674316,3.680000066757202,3.015172243118286,25100
2004-12-13,3.7200000286102295,3.7200000286102295,3.5899999141693115,3.6500000953674316,2.9905920028686523,32200
2004-12-14,3.680000066757202,3.700000047683716,3.619999885559082,3.6500000953674316,2.9905920028686523,72900
2004-12-15,3.6500000953674316,3.7100000381469727,3.640000104904175,3.7100000381469727,3.0607151985168457,75900
2004-12-16,3.7300000190734863,3.819999933242798,3.619999885559082,3.799999952316284,3.134964942932129,177000
2004-12-17,3.799999952316284,3.9600000381469727,3.75,3.930000066757202,3.2422139644622803,36900
2004-12-20,3.9200000762939453,4.079999923706055,3.9200000762939453,4.039999961853027,3.33296275138855,365800
2004-12-21,4.110000133514404,4.110000133514404,4.0,4.039999961853027,3.33296275138855,120000
2004-12-22,4.050000190734863,4.050000190734863,4.0,4.039999961853027,3.33296275138855,156400
2004-12-23,4.059999942779541,4.079999923706055,4.039999961853027,4.079999923706055,3.3659629821777344,26400
2004-12-27,4.019999980926514,4.050000190734863,4.010000228881836,4.050000190734863,3.341212511062622,12700
2004-12-28,4.010000228881836,4.050000190734863,3.930000066757202,4.03000020980835,3.3247127532958984,20700
2004-12-29,4.090000152587891,4.150000095367432,4.090000152587891,4.150000095367432,3.4237122535705566,33300
2004-12-30,4.119999885559082,4.190000057220459,4.119999885559082,4.159999847412109,3.4319615364074707,22100
2004-12-31,4.199999809265137,4.25,4.179999828338623,4.25,3.5062108039855957,21300
2005-01-03,4.199999809265137,4.21999979019165,4.090000152587891,4.199999809265137,3.4649600982666016,31700
2005-01-04,4.199999809265137,4.199999809265137,4.079999923706055,4.090000152587891,3.3742117881774902,41700
2005-01-05,4.019999980926514,4.25,4.019999980926514,4.150000095367432,3.4237122535705566,18700
2005-01-06,3.869999885559082,4.099999904632568,3.869999885559082,4.039999961853027,3.33296275138855,148800
2005-01-07,4.050000190734863,4.110000133514404,4.03000020980835,4.110000133514404,3.3907108306884766,18600
2005-01-10,4.110000133514404,4.25,4.079999923706055,4.170000076293945,3.4402105808258057,20300
2005-01-11,4.199999809265137,4.269999980926514,4.190000057220459,4.190000057220459,3.4567112922668457,37800
2005-01-12,4.239999771118164,4.25,4.210000038146973,4.239999771118164,3.4979610443115234,17000
2005-01-13,4.199999809265137,4.199999809265137,4.159999847412109,4.190000057220459,3.4567112922668457,15300
2005-01-14,4.150000095367432,4.159999847412109,4.090000152587891,4.150000095367432,3.4237122535705566,22600
2005-01-18,4.090000152587891,4.190000057220459,4.03000020980835,4.130000114440918,3.4072117805480957,40500
2005-01-19,4.170000076293945,4.239999771118164,4.159999847412109,4.170000076293945,3.4402105808258057,35000
2005-01-20,4.099999904632568,4.099999904632568,4.03000020980835,4.059999942779541,3.3494622707366943,78000
2005-01-21,4.079999923706055,4.090000152587891,4.050000190734863,4.079999923706055,3.3659629821777344,59800
2005-01-24,4.079999923706055,4.079999923706055,3.990000009536743,4.019999980926514,3.316462755203247,15500
2005-01-25,3.9800000190734863,4.090000152587891,3.9600000381469727,4.079999923706055,3.3659629821777344,39100
2005-01-26,4.090000152587891,4.090000152587891,4.019999980926514,4.039999961853027,3.33296275138855,28800
2005-01-27,3.990000009536743,4.079999923706055,3.990000009536743,4.050000190734863,3.341212511062622,47600
2005-01-28,4.050000190734863,4.059999942779541,3.990000009536743,4.03000020980835,3.3247127532958984,11100
2005-01-31,4.039999961853027,4.050000190734863,4.010000228881836,4.039999961853027,3.33296275138855,26800
2005-02-01,4.0,4.099999904632568,4.0,4.070000171661377,3.357712745666504,17300
2005-02-02,4.110000133514404,4.110000133514404,4.050000190734863,4.090000152587891,3.3742117881774902,11600
2005-02-03,4.059999942779541,4.079999923706055,4.019999980926514,4.050000190734863,3.341212511062622,18500
2005-02-04,4.070000171661377,4.070000171661377,3.9700000286102295,3.9800000190734863,3.2834630012512207,39800
2005-02-07,4.0,4.0,3.9800000190734863,4.0,3.2999637126922607,17400
2005-02-08,4.0,4.010000228881836,3.9600000381469727,3.990000009536743,3.291713237762451,21800
2005-02-09,3.990000009536743,4.110000133514404,3.9800000190734863,4.110000133514404,3.3907108306884766,27100
2005-02-10,4.119999885559082,4.349999904632568,4.119999885559082,4.300000190734863,3.547459840774536,42500
2005-02-11,4.070000171661377,4.25,4.03000020980835,4.230000019073486,3.489710569381714,31000
2005-02-14,4.199999809265137,4.260000228881836,4.179999828338623,4.239999771118164,3.4979610443115234,18600
2005-02-15,4.25,4.28000020980835,4.21999979019165,4.28000020980835,3.530961036682129,48700
2005-02-16,4.239999771118164,4.460000038146973,4.239999771118164,4.449999809265137,3.6712088584899902,39100
2005-02-17,4.449999809265137,4.739999771118164,4.449999809265137,4.710000038146973,3.8857076168060303,82900
2005-02-18,4.699999809265137,4.760000228881836,4.670000076293945,4.690000057220459,3.8692073822021484,61500
2005-02-22,4.659999847412109,4.699999809265137,4.510000228881836,4.539999961853027,3.745457410812378,15600
2005-02-23,4.550000190734863,4.550000190734863,4.449999809265137,4.460000038146973,3.679457902908325,17400
2005-02-24,4.400000095367432,4.510000228881836,4.340000152587891,4.440000057220459,3.6629583835601807,11300
2005-02-25,4.400000095367432,4.409999847412109,4.300000190734863,4.389999866485596,3.6217098236083984,19400
2005-02-28,4.400000095367432,4.619999885559082,4.400000095367432,4.599999904632568,3.7949585914611816,16700
2005-03-01,4.570000171661377,4.570000171661377,4.360000133514404,4.409999847412109,3.638209104537964,9100
2005-03-02,4.380000114440918,4.429999828338623,4.329999923706055,4.409999847412109,3.638209104537964,14400
2005-03-03,4.380000114440918,4.409999847412109,4.320000171661377,4.369999885559082,3.6052091121673584,9800
2005-03-04,4.329999923706055,4.349999904632568,4.190000057220459,4.190000057220459,3.4567112922668457,664400
2005-03-07,4.230000019073486,4.389999866485596,4.230000019073486,4.380000114440918,3.6134588718414307,63600
2005-03-08,4.380000114440918,4.389999866485596,4.340000152587891,4.380000114440918,3.6134588718414307,9700
2005-03-09,4.429999828338623,4.53000020980835,4.389999866485596,4.510000228881836,3.729222059249878,17500
2005-03-10,4.510000228881836,4.510000228881836,4.409999847412109,4.429999828338623,3.663071632385254,18500
2005-03-11,4.429999828338623,4.46999979019165,4.429999828338623,4.46999979019165,3.6961467266082764,18200
2005-03-14,4.389999866485596,4.46999979019165,4.349999904632568,4.380000114440918,3.621727705001831,10200
2005-03-15,4.389999866485596,4.489999771118164,4.389999866485596,4.489999771118164,3.7126846313476562,49400
2005-03-16,4.460000038146973,4.5,4.409999847412109,4.409999847412109,3.6465351581573486,18400
2005-03-17,4.440000057220459,4.5,4.409999847412109,4.409999847412109,3.6465351581573486,38600
2005-03-18,4.389999866485596,4.409999847412109,4.360000133514404,4.369999885559082,3.613459348678589,28500
2005-03-21,4.349999904632568,4.420000076293945,4.320000171661377,4.409999847412109,3.6465351581573486,28900
2005-03-22,4.420000076293945,4.53000020980835,4.400000095367432,4.440000057220459,3.6713407039642334,27800
2005-03-23,4.380000114440918,4.380000114440918,4.309999942779541,4.349999904632568,3.59692120552063,21300
2005-03-24,4.369999885559082,4.440000057220459,4.369999885559082,4.429999828338623,3.663071632385254,13900
2005-03-28,4.449999809265137,4.489999771118164,4.360000133514404,4.420000076293945,3.654803991317749,17500
2005-03-29,4.460000038146973,4.559999942779541,4.400000095367432,4.400000095367432,3.6382648944854736,32300
2005-03-30,4.369999885559082,4.550000190734863,4.349999904632568,4.539999961853027,3.7540283203125,15000
2005-03-31,4.559999942779541,4.989999771118164,4.559999942779541,4.949999809265137,4.093050479888916,74400
2005-04-01,4.900000095367432,4.949999809265137,4.800000190734863,4.949999809265137,4.093050479888916,33800
2005-04-04,4.909999847412109,4.989999771118164,4.840000152587891,4.920000076293945,4.06824254989624,26700
2005-04-05,4.920000076293945,4.929999828338623,4.820000171661377,4.920000076293945,4.06824254989624,20300
2005-04-06,4.869999885559082,4.869999885559082,4.800000190734863,4.809999942779541,3.9772865772247314,5700
2005-04-07,4.829999923706055,4.840000152587891,4.679999828338623,4.679999828338623,3.8697917461395264,8600
2005-04-08,4.599999904632568,4.659999847412109,4.599999904632568,4.659999847412109,3.8532540798187256,26700
2005-04-11,4.670000076293945,4.710000038146973,4.630000114440918,4.670000076293945,3.861523151397705,15300
2005-04-12,4.619999885559082,4.679999828338623,4.619999885559082,4.670000076293945,3.861523151397705,27000
2005-04-13,4.670000076293945,4.760000228881836,4.670000076293945,4.75,3.927673578262329,8800
2005-04-14,4.710000038146973,4.75,4.690000057220459,4.699999809265137,3.8863284587860107,16600
2005-04-15,4.71999979019165,4.71999979019165,4.599999904632568,4.619999885559082,3.8201777935028076,11800
2005-04-18,4.559999942779541,4.639999866485596,4.559999942779541,4.579999923706055,3.7871055603027344,16900
2005-04-19,4.590000152587891,4.630000114440918,4.550000190734863,4.610000133514404,3.8119113445281982,16200
2005-04-20,4.619999885559082,4.670000076293945,4.579999923706055,4.650000095367432,3.8449862003326416,35400
2005-04-21,4.599999904632568,4.789999961853027,4.599999904632568,4.789999961853027,3.9607479572296143,6000
2005-04-22,4.760000228881836,4.760000228881836,4.639999866485596,4.71999979019165,3.9028680324554443,15000
2005-04-25,4.71999979019165,4.739999771118164,4.670000076293945,4.670000076293945,3.861523151397705,7600
2005-04-26,4.650000095367432,4.769999980926514,4.579999923706055,4.769999980926514,3.9442107677459717,17400
2005-04-27,4.639999866485596,4.670000076293945,4.610000133514404,4.610000133514404,3.8119113445281982,6800
2005-04-28,4.619999885559082,4.650000095367432,4.539999961853027,4.559999942779541,3.770566463470459,30000
2005-04-29,4.539999961853027,4.619999885559082,4.539999961853027,4.590000152587891,3.7953741550445557,8200
2005-05-02,4.599999904632568,4.78000020980835,4.599999904632568,4.75,3.927673578262329,7500
2005-05-03,4.710000038146973,4.760000228881836,4.710000038146973,4.739999771118164,3.9194045066833496,10400
2005-05-04,4.670000076293945,4.699999809265137,4.579999923706055,4.639999866485596,3.836716890335083,54100
2005-05-05,4.610000133514404,4.610000133514404,4.460000038146973,4.559999942779541,3.770566463470459,40800
2005-05-06,4.53000020980835,4.559999942779541,4.429999828338623,4.539999961853027,3.7540283203125,8500
2005-05-09,4.489999771118164,4.579999923706055,4.489999771118164,4.559999942779541,3.770566463470459,14100
2005-05-10,4.550000190734863,4.550000190734863,4.440000057220459,4.5,3.7209527492523193,20100
2005-05-11,4.400000095367432,4.78000020980835,4.400000095367432,4.760000228881836,3.9359419345855713,48400
2005-05-12,4.730000019073486,4.730000019073486,4.579999923706055,4.670000076293945,3.861523151397705,10400
2005-05-13,4.670000076293945,4.670000076293945,4.579999923706055,4.619999885559082,3.8201777935028076,6400
2005-05-16,4.599999904632568,4.610000133514404,4.519999980926514,4.590000152587891,3.7953741550445557,11300
2005-05-17,4.590000152587891,4.769999980926514,4.590000152587891,4.769999980926514,3.9442107677459717,20900
2005-05-18,4.739999771118164,4.829999923706055,4.71999979019165,4.78000020980835,3.952479839324951,57400
2005-05-19,4.789999961853027,4.929999828338623,4.71999979019165,4.900000095367432,4.051705360412598,113500
2005-05-20,4.840000152587891,4.940000057220459,4.800000190734863,4.860000133514404,4.018629550933838,32600
2005-05-23,4.820000171661377,4.849999904632568,4.75,4.760000228881836,3.9359419345855713,16600
2005-05-24,4.809999942779541,4.929999828338623,4.809999942779541,4.860000133514404,4.018629550933838,42700
2005-05-25,4.849999904632568,4.860000133514404,4.679999828338623,4.71999979019165,3.9028680324554443,43500
2005-05-26,4.71999979019165,4.739999771118164,4.679999828338623,4.71999979019165,3.9028680324554443,33000
2005-05-27,4.679999828338623,4.78000020980835,4.679999828338623,4.760000228881836,3.9359419345855713,23500
2005-05-31,4.71999979019165,4.760000228881836,4.659999847412109,4.690000057220459,3.878061532974243,55900
2005-06-01,4.71999979019165,4.840000152587891,4.699999809265137,4.78000020980835,3.952479839324951,41200
2005-06-02,4.730000019073486,4.849999904632568,4.699999809265137,4.840000152587891,4.002093315124512,33400
2005-06-03,4.849999904632568,4.900000095367432,4.820000171661377,4.860000133514404,4.018629550933838,30900
2005-06-06,4.840000152587891,4.840000152587891,4.75,4.75,3.927673578262329,15100
2005-06-07,4.75,4.75,4.679999828338623,4.739999771118164,3.9194045066833496,62300
2005-06-08,4.699999809265137,4.800000190734863,4.699999809265137,4.789999961853027,3.9607479572296143,476400
2005-06-09,4.78000020980835,4.78000020980835,4.699999809265137,4.78000020980835,3.952479839324951,301800
2005-06-10,4.78000020980835,4.809999942779541,4.71999979019165,4.789999961853027,3.9690513610839844,311400
2005-06-13,4.699999809265137,4.760000228881836,4.690000057220459,4.760000228881836,3.944193124771118,104400
2005-06-14,4.760000228881836,4.940000057220459,4.739999771118164,4.940000057220459,4.093343257904053,83400
2005-06-15,4.96999979019165,5.079999923706055,4.949999809265137,5.050000190734863,4.1844916343688965,86200
2005-06-16,5.050000190734863,5.079999923706055,5.03000020980835,5.059999942779541,4.192776679992676,63600
2005-06-17,5.0,5.070000171661377,4.960000038146973,5.059999942779541,4.192776679992676,24100
2005-06-20,5.050000190734863,5.139999866485596,5.050000190734863,5.070000171661377,4.20106315612793,127500
2005-06-21,5.079999923706055,5.269999980926514,5.079999923706055,5.260000228881836,4.358499526977539,175700
2005-06-22,5.300000190734863,5.300000190734863,5.099999904632568,5.179999828338623,4.292210102081299,103200
2005-06-23,5.130000114440918,5.230000019073486,4.989999771118164,5.130000114440918,4.25078010559082,41500
2005-06-24,5.130000114440918,5.130000114440918,5.050000190734863,5.050000190734863,4.1844916343688965,15900
2005-06-27,5.110000133514404,5.150000095367432,5.050000190734863,5.150000095367432,4.267351150512695,29400
2005-06-28,5.150000095367432,5.320000171661377,5.150000095367432,5.309999942779541,4.399930953979492,22700
2005-06-29,5.349999904632568,5.369999885559082,5.269999980926514,5.320000171661377,4.40821647644043,9600
2005-06-30,5.340000152587891,5.420000076293945,5.340000152587891,5.369999885559082,4.449646472930908,50300
2005-07-01,5.449999809265137,5.449999809265137,5.360000133514404,5.429999828338623,4.499362945556641,5800
2005-07-05,5.329999923706055,5.389999866485596,5.230000019073486,5.349999904632568,4.433075428009033,13600
2005-07-06,5.389999866485596,5.420000076293945,5.349999904632568,5.349999904632568,4.433075428009033,48100
2005-07-07,5.329999923706055,5.449999809265137,5.260000228881836,5.420000076293945,4.491078853607178,65600
2005-07-08,5.539999961853027,5.539999961853027,5.400000095367432,5.400000095367432,4.474506378173828,261500
2005-07-11,5.420000076293945,5.510000228881836,5.420000076293945,5.429999828338623,4.499362945556641,24600
2005-07-12,5.480000019073486,5.510000228881836,5.409999847412109,5.420000076293945,4.491078853607178,31000
2005-07-13,5.449999809265137,5.550000190734863,5.429999828338623,5.53000020980835,4.582226753234863,15100
2005-07-14,5.559999942779541,5.559999942779541,5.480000019073486,5.519999980926514,4.573940753936768,8500
2005-07-15,5.489999771118164,5.489999771118164,5.320000171661377,5.349999904632568,4.433075428009033,9800
2005-07-18,5.420000076293945,5.460000038146973,5.389999866485596,5.429999828338623,4.499362945556641,57700
2005-07-19,5.389999866485596,5.389999866485596,5.210000038146973,5.369999885559082,4.449646472930908,32600
2005-07-20,5.369999885559082,5.5,5.369999885559082,5.460000038146973,4.524222373962402,17200
2005-07-21,5.510000228881836,5.510000228881836,5.460000038146973,5.46999979019165,4.532506465911865,10000
2005-07-22,5.519999980926514,5.519999980926514,5.480000019073486,5.5,4.55736780166626,10400
2005-07-25,5.429999828338623,5.429999828338623,5.300000190734863,5.409999847412109,4.482790470123291,49800
2005-07-26,5.380000114440918,5.440000057220459,5.309999942779541,5.329999923706055,4.416502952575684,18400
2005-07-27,5.289999961853027,5.340000152587891,5.190000057220459,5.289999961853027,4.383358955383301,41000
2005-07-28,5.340000152587891,5.909999847412109,5.340000152587891,5.699999809265137,4.723089218139648,392000
2005-07-29,5.769999980926514,5.769999980926514,5.590000152587891,5.699999809265137,4.723089218139648,21300
2005-08-01,5.980000019073486,5.980000019073486,5.760000228881836,5.949999809265137,4.930241584777832,45800
2005-08-02,5.960000038146973,5.960000038146973,5.590000152587891,5.679999828338623,4.706515789031982,44800
2005-08-03,5.630000114440918,5.739999771118164,5.599999904632568,5.699999809265137,4.723089218139648,20000
2005-08-04,5.739999771118164,5.739999771118164,5.699999809265137,5.71999979019165,4.739660739898682,15200
2005-08-05,5.739999771118164,5.889999866485596,5.659999847412109,5.829999923706055,4.830809116363525,19600
2005-08-08,5.940000057220459,6.059999942779541,5.800000190734863,5.989999771118164,4.963384628295898,300600
2005-08-09,5.989999771118164,5.989999771118164,5.71999979019165,5.730000019073486,4.747945308685303,291500
2005-08-10,5.730000019073486,5.829999923706055,5.710000038146973,5.800000190734863,4.80595064163208,166200
2005-08-11,5.800000190734863,6.889999866485596,5.789999961853027,6.429999828338623,5.327974796295166,440400
2005-08-12,6.449999809265137,6.809999942779541,6.440000057220459,6.760000228881836,5.601418495178223,387700
2005-08-15,6.760000228881836,6.769999980926514,6.659999847412109,6.730000019073486,5.576559066772461,89400
2005-08-16,6.739999771118164,6.739999771118164,6.53000020980835,6.559999942779541,5.435695171356201,56900
2005-08-17,6.5,6.639999866485596,6.5,6.599999904632568,5.4688401222229,33900
2005-08-18,6.610000133514404,6.610000133514404,6.420000076293945,6.489999771118164,5.377692222595215,41400
2005-08-19,6.489999771118164,6.550000190734863,6.340000152587891,6.489999771118164,5.377692222595215,22600
2005-08-22,6.579999923706055,6.650000095367432,6.53000020980835,6.639999866485596,5.501984119415283,109000
2005-08-23,6.670000076293945,6.679999828338623,6.599999904632568,6.599999904632568,5.4688401222229,20000
2005-08-24,6.679999828338623,6.78000020980835,6.53000020980835,6.570000171661377,5.443981170654297,49400
2005-08-25,6.610000133514404,6.610000133514404,6.429999828338623,6.579999923706055,5.452268600463867,31000
2005-08-26,6.579999923706055,6.599999904632568,6.460000038146973,6.539999961853027,5.419123649597168,13300
2005-08-29,6.559999942779541,6.559999942779541,6.269999980926514,6.300000190734863,5.220256805419922,68900
2005-08-30,6.320000171661377,6.559999942779541,6.320000171661377,6.510000228881836,5.39426326751709,70400
2005-08-31,6.510000228881836,6.96999979019165,6.510000228881836,6.940000057220459,5.750568866729736,33300
2005-09-01,6.880000114440918,6.909999847412109,6.769999980926514,6.880000114440918,5.700850486755371,41000
2005-09-02,6.760000228881836,6.809999942779541,6.710000038146973,6.789999961853027,5.626276969909668,18500
2005-09-06,6.800000190734863,7.099999904632568,6.739999771118164,7.090000152587891,5.87485933303833,63300
2005-09-07,7.090000152587891,7.179999828338623,7.0,7.019999980926514,5.816856861114502,31500
2005-09-08,7.019999980926514,7.079999923706055,6.869999885559082,7.0,5.800283432006836,72900
2005-09-09,7.0,7.099999904632568,6.929999828338623,7.079999923706055,5.866573810577393,19400
2005-09-12,7.090000152587891,7.090000152587891,6.949999809265137,7.090000152587891,5.87485933303833,20100
2005-09-13,7.460000038146973,7.460000038146973,7.019999980926514,7.079999923706055,5.866573810577393,25900
2005-09-14,7.050000190734863,7.090000152587891,6.980000019073486,7.039999961853027,5.840028762817383,31300
2005-09-15,7.0,7.070000171661377,6.96999979019165,7.070000171661377,5.8649139404296875,95200
2005-09-16,7.010000228881836,7.110000133514404,6.980000019073486,7.059999942779541,5.856618404388428,39500
2005-09-19,7.010000228881836,7.039999961853027,6.820000171661377,6.920000076293945,5.740481376647949,26700
2005-09-20,6.849999904632568,6.920000076293945,6.710000038146973,6.71999979019165,5.5745720863342285,31400
2005-09-21,6.900000095367432,7.010000228881836,6.900000095367432,6.960000038146973,5.7736639976501465,36800
2005-09-22,7.0,7.150000095367432,6.840000152587891,6.900000095367432,5.72389030456543,32200
2005-09-23,6.869999885559082,6.900000095367432,6.690000057220459,6.869999885559082,5.699004173278809,33500
2005-09-26,6.829999923706055,6.940000057220459,6.820000171661377,6.880000114440918,5.707299709320068,26500
2005-09-27,6.78000020980835,7.059999942779541,6.78000020980835,7.010000228881836,5.815140247344971,28100
2005-09-28,6.989999771118164,7.130000114440918,6.929999828338623,7.039999961853027,5.840028762817383,44500
2005-09-29,7.0,7.0,6.800000190734863,6.860000133514404,5.690709114074707,30000
2005-09-30,6.860000133514404,6.929999828338623,6.75,6.769999980926514,5.616049766540527,16600
2005-10-03,6.789999961853027,6.909999847412109,6.789999961853027,6.889999866485596,5.715595722198486,34500
2005-10-04,6.829999923706055,6.860000133514404,6.75,6.75,5.599460601806641,21300
2005-10-05,6.75,6.78000020980835,6.730000019073486,6.739999771118164,5.59116268157959,16200
2005-10-06,6.75,6.78000020980835,6.659999847412109,6.75,5.599460601806641,13200
2005-10-07,6.699999809265137,6.840000152587891,6.699999809265137,6.789999961853027,5.632641315460205,19300
2005-10-10,6.800000190734863,6.809999942779541,6.699999809265137,6.739999771118164,5.59116268157959,23100
2005-10-11,6.739999771118164,6.739999771118164,6.550000190734863,6.579999923706055,5.458436012268066,34500
2005-10-12,6.53000020980835,6.639999866485596,6.53000020980835,6.559999942779541,5.441843509674072,81600
2005-10-13,6.53000020980835,6.53000020980835,6.179999828338623,6.329999923706055,5.251047611236572,69500
2005-10-14,6.440000057220459,6.550000190734863,6.400000095367432,6.429999828338623,5.33400297164917,17900
2005-10-17,6.480000019073486,6.650000095367432,6.480000019073486,6.570000171661377,5.450139999389648,13200
2005-10-18,6.539999961853027,6.599999904632568,6.5,6.599999904632568,5.475025653839111,55500
2005-10-19,6.539999961853027,6.630000114440918,6.5,6.579999923706055,5.458436012268066,15500
2005-10-20,6.639999866485596,6.710000038146973,6.619999885559082,6.670000076293945,5.5330963134765625,34500
2005-10-21,6.599999904632568,6.639999866485596,6.519999980926514,6.539999961853027,5.425252437591553,10200
2005-10-24,6.5,6.610000133514404,6.5,6.590000152587891,5.466731071472168,10200
2005-10-25,6.579999923706055,6.679999828338623,6.579999923706055,6.639999866485596,5.508208751678467,24000
2005-10-26,6.639999866485596,6.71999979019165,6.599999904632568,6.699999809265137,5.557981491088867,24000
2005-10-27,6.699999809265137,6.809999942779541,6.679999828338623,6.699999809265137,5.557981491088867,17100
2005-10-28,6.730000019073486,6.889999866485596,6.650000095367432,6.829999923706055,5.665823459625244,22100
2005-10-31,6.800000190734863,6.889999866485596,6.78000020980835,6.860000133514404,5.690709114074707,923400
2005-11-01,6.809999942779541,6.920000076293945,6.809999942779541,6.920000076293945,5.740481376647949,36200
2005-11-02,6.989999771118164,7.03000020980835,6.949999809265137,7.019999980926514,5.823436260223389,38200
2005-11-03,7.079999923706055,7.079999923706055,6.889999866485596,6.949999809265137,5.765368938446045,199900
2005-11-04,6.989999771118164,7.03000020980835,6.809999942779541,6.820000171661377,5.657527446746826,32800
2005-11-07,6.840000152587891,6.880000114440918,6.710000038146973,6.75,5.599460601806641,41900
2005-11-08,6.699999809265137,6.889999866485596,6.699999809265137,6.710000038146973,5.566277980804443,35500
2005-11-09,6.670000076293945,6.829999923706055,6.670000076293945,6.800000190734863,5.640935897827148,26600
2005-11-10,6.739999771118164,6.840000152587891,6.539999961853027,6.659999847412109,5.52479887008667,21200
2005-11-11,6.659999847412109,6.789999961853027,6.630000114440918,6.769999980926514,5.616049766540527,15800
2005-11-14,6.699999809265137,6.849999904632568,6.699999809265137,6.849999904632568,5.682413101196289,11400
2005-11-15,6.800000190734863,6.900000095367432,6.789999961853027,6.789999961853027,5.632641315460205,13100
2005-11-16,6.760000228881836,6.800000190734863,6.610000133514404,6.679999828338623,5.541388988494873,17700
2005-11-17,6.659999847412109,6.659999847412109,6.440000057220459,6.550000190734863,5.433548450469971,23500
2005-11-18,6.559999942779541,6.769999980926514,6.559999942779541,6.769999980926514,5.616049766540527,13800
2005-11-21,6.730000019073486,6.860000133514404,6.71999979019165,6.769999980926514,5.616049766540527,34500
2005-11-22,6.75,6.949999809265137,6.75,6.880000114440918,5.707299709320068,13600
2005-11-23,6.869999885559082,7.019999980926514,6.869999885559082,6.96999979019165,5.78195858001709,19400
2005-11-25,6.949999809265137,6.96999979019165,6.929999828338623,6.949999809265137,5.765368938446045,5000
2005-11-28,6.909999847412109,6.909999847412109,6.78000020980835,6.809999942779541,5.64923095703125,15000
2005-11-29,6.820000171661377,6.869999885559082,6.820000171661377,6.840000152587891,5.674117565155029,12900
2005-11-30,6.860000133514404,7.050000190734863,6.860000133514404,7.019999980926514,5.823436260223389,18300
2005-12-01,6.949999809265137,6.980000019073486,6.820000171661377,6.980000019073486,5.790254592895508,38800
2005-12-02,7.010000228881836,7.050000190734863,6.869999885559082,6.889999866485596,5.715595722198486,37200
2005-12-05,6.880000114440918,6.980000019073486,6.820000171661377,6.960000038146973,5.7736639976501465,27600
2005-12-06,6.949999809265137,6.960000038146973,6.860000133514404,6.889999866485596,5.715595722198486,46500
2005-12-07,6.900000095367432,7.800000190734863,6.900000095367432,7.739999771118164,6.420713424682617,199400
2005-12-08,7.699999809265137,7.699999809265137,7.320000171661377,7.460000038146973,6.188438415527344,179000
2005-12-09,7.519999980926514,7.539999961853027,7.369999885559082,7.489999771118164,6.213325023651123,104400
2005-12-12,7.489999771118164,7.610000133514404,7.389999866485596,7.389999866485596,6.130371570587158,17300
2005-12-13,7.440000057220459,7.590000152587891,7.440000057220459,7.559999942779541,6.271392822265625,378800
2005-12-14,7.489999771118164,7.960000038146973,7.489999771118164,7.829999923706055,6.503114700317383,202700
2005-12-15,7.78000020980835,7.78000020980835,7.440000057220459,7.46999979019165,6.20412015914917,59700
2005-12-16,7.800000190734863,7.800000190734863,7.309999942779541,7.389999866485596,6.137677192687988,155900
2005-12-19,7.400000095367432,7.420000076293945,7.340000152587891,7.369999885559082,6.121067047119141,67100
2005-12-20,7.420000076293945,7.420000076293945,7.260000228881836,7.300000190734863,6.062928199768066,31500
2005-12-21,7.329999923706055,7.389999866485596,7.300000190734863,7.380000114440918,6.129371643066406,49200
2005-12-22,7.320000171661377,7.349999904632568,7.289999961853027,7.300000190734863,6.062928199768066,30700
2005-12-23,7.300000190734863,7.360000133514404,7.25,7.320000171661377,6.079539775848389,45100
2005-12-27,7.28000020980835,7.429999828338623,7.230000019073486,7.309999942779541,6.071232318878174,15600
2005-12-28,7.300000190734863,7.349999904632568,7.260000228881836,7.329999923706055,6.087844371795654,13100
2005-12-29,7.320000171661377,7.340000152587891,7.25,7.289999961853027,6.054623126983643,13900
2005-12-30,7.300000190734863,7.360000133514404,7.210000038146973,7.320000171661377,6.079539775848389,21200
2006-01-03,7.300000190734863,7.389999866485596,7.170000076293945,7.239999771118164,6.013095378875732,46000
2006-01-04,7.150000095367432,7.409999847412109,7.130000114440918,7.320000171661377,6.079539775848389,82700
2006-01-05,7.309999942779541,7.309999942779541,7.130000114440918,7.150000095367432,5.938347339630127,49200
2006-01-06,7.199999809265137,7.619999885559082,7.199999809265137,7.619999885559082,6.328701019287109,43800
2006-01-09,7.570000171661377,7.730000019073486,7.570000171661377,7.639999866485596,6.345311641693115,57800
2006-01-10,7.699999809265137,7.96999979019165,7.699999809265137,7.769999980926514,6.453281402587891,53000
2006-01-11,7.829999923706055,7.849999904632568,7.570000171661377,7.769999980926514,6.453281402587891,24000
2006-01-12,7.769999980926514,7.869999885559082,7.710000038146973,7.800000190734863,6.478198528289795,56700
2006-01-13,7.900000095367432,7.900000095367432,7.639999866485596,7.699999809265137,6.395142555236816,27700
2006-01-17,7.739999771118164,7.869999885559082,7.739999771118164,7.789999961853027,6.469893455505371,25000
2006-01-18,7.739999771118164,7.920000076293945,7.710000038146973,7.900000095367432,6.561252117156982,22900
2006-01-19,7.889999866485596,8.039999961853027,7.849999904632568,8.039999961853027,6.677525043487549,50500
2006-01-20,8.09000015258789,8.15999984741211,7.989999771118164,8.039999961853027,6.677525043487549,58900
2006-01-23,8.140000343322754,8.25,8.100000381469727,8.239999771118164,6.8436360359191895,26000
2006-01-24,8.239999771118164,8.40999984741211,8.199999809265137,8.220000267028809,6.827023029327393,46200
2006-01-25,8.199999809265137,8.380000114440918,8.199999809265137,8.300000190734863,6.893466472625732,20300
2006-01-26,8.300000190734863,8.300000190734863,8.15999984741211,8.210000038146973,6.818718910217285,28300
2006-01-27,8.199999809265137,8.289999961853027,8.199999809265137,8.260000228881836,6.8602447509765625,25200
2006-01-30,8.260000228881836,8.59000015258789,8.260000228881836,8.279999732971191,6.87685489654541,49200
2006-01-31,8.180000305175781,8.430000305175781,8.170000076293945,8.390000343322754,6.968214988708496,57400
2006-02-01,8.359999656677246,8.369999885559082,8.130000114440918,8.149999618530273,6.768886566162109,48000
2006-02-02,8.100000381469727,8.1899995803833,7.940000057220459,8.020000457763672,6.66091775894165,25900
2006-02-03,8.0,8.069999694824219,7.800000190734863,8.039999961853027,6.677525043487549,17300
2006-02-06,8.0600004196167,8.170000076293945,7.989999771118164,8.079999923706055,6.710747718811035,60500
2006-02-07,8.09000015258789,8.279999732971191,8.0600004196167,8.210000038146973,6.818718910217285,57100
2006-02-08,8.220000267028809,8.34000015258789,8.050000190734863,8.3100004196167,6.901772975921631,66000
2006-02-09,8.220000267028809,8.510000228881836,8.220000267028809,8.40999984741211,6.98482608795166,59700
2006-02-10,8.40999984741211,8.40999984741211,8.130000114440918,8.149999618530273,6.768886566162109,25300
2006-02-13,8.1899995803833,8.1899995803833,7.849999904632568,7.980000019073486,6.627695083618164,21700
2006-02-14,8.130000114440918,8.25,8.09000015258789,8.199999809265137,6.810412883758545,52500
2006-02-15,8.25,8.25,8.039999961853027,8.0600004196167,6.694138526916504,28500
2006-02-16,8.079999923706055,8.079999923706055,7.900000095367432,8.0,6.6443047523498535,56700
2006-02-17,7.980000019073486,8.180000305175781,7.980000019073486,8.149999618530273,6.768886566162109,24900
2006-02-21,8.25,8.25,8.010000228881836,8.039999961853027,6.677525043487549,30600
2006-02-22,8.010000228881836,8.25,8.010000228881836,8.15999984741211,6.77719259262085,48900
2006-02-23,8.170000076293945,8.170000076293945,8.069999694824219,8.100000381469727,6.727358341217041,42400
2006-02-24,8.079999923706055,8.15999984741211,8.050000190734863,8.109999656677246,6.735664367675781,68200
2006-02-27,8.119999885559082,8.210000038146973,8.100000381469727,8.210000038146973,6.818718910217285,48700
2006-02-28,8.25,8.329999923706055,8.170000076293945,8.329999923706055,6.9183831214904785,23600
2006-03-01,8.34000015258789,8.479999542236328,8.260000228881836,8.460000038146973,7.026352882385254,42400
2006-03-02,8.529999732971191,8.529999732971191,8.34000015258789,8.529999732971191,7.0844902992248535,99300
2006-03-03,8.539999961853027,8.569999694824219,8.399999618530273,8.40999984741211,6.98482608795166,31800
2006-03-06,8.430000305175781,8.479999542236328,8.359999656677246,8.420000076293945,6.993132591247559,51800
2006-03-07,8.34000015258789,8.489999771118164,8.3100004196167,8.420000076293945,6.993132591247559,19700
2006-03-08,8.40999984741211,8.420000076293945,8.3100004196167,8.390000343322754,6.968214988708496,16100
2006-03-09,8.369999885559082,8.4399995803833,8.359999656677246,8.420000076293945,6.993132591247559,17300
2006-03-10,8.40999984741211,8.40999984741211,8.260000228881836,8.319999694824219,6.91007661819458,24600
2006-03-13,8.300000190734863,8.300000190734863,8.069999694824219,8.180000305175781,6.793802738189697,28900
2006-03-14,8.170000076293945,8.170000076293945,8.100000381469727,8.140000343322754,6.760579586029053,16400
2006-03-15,8.1899995803833,8.390000343322754,8.180000305175781,8.300000190734863,6.9019455909729,18800
2006-03-16,8.350000381469727,8.350000381469727,8.199999809265137,8.220000267028809,6.835420608520508,110000
2006-03-17,8.149999618530273,8.229999542236328,8.050000190734863,8.109999656677246,6.7439494132995605,47000
2006-03-20,8.109999656677246,8.109999656677246,7.860000133514404,7.949999809265137,6.610898971557617,114600
2006-03-21,7.929999828338623,8.109999656677246,7.929999828338623,8.029999732971191,6.677424430847168,180100
2006-03-22,8.020000457763672,8.069999694824219,7.940000057220459,8.020000457763672,6.669111251831055,71700
2006-03-23,8.09000015258789,8.119999885559082,7.900000095367432,7.96999979019165,6.627530097961426,163900
2006-03-24,7.909999847412109,7.980000019073486,7.880000114440918,7.920000076293945,6.585953712463379,35100
2006-03-27,7.840000152587891,7.889999866485596,7.71999979019165,7.829999923706055,6.51111364364624,69200
2006-03-28,7.820000171661377,7.840000152587891,7.659999847412109,7.679999828338623,6.386378765106201,82800
2006-03-29,7.639999866485596,7.769999980926514,7.630000114440918,7.710000038146973,6.4113264083862305,232300
2006-03-30,7.789999961853027,7.929999828338623,7.789999961853027,7.829999923706055,6.51111364364624,25700
2006-03-31,7.809999942779541,7.929999828338623,7.809999942779541,7.869999885559082,6.544373512268066,36800
2006-04-03,7.829999923706055,7.849999904632568,7.769999980926514,7.789999961853027,6.477850437164307,27100
2006-04-04,7.889999866485596,8.15999984741211,7.840000152587891,8.140000343322754,6.768895626068115,47700
2006-04-05,8.229999542236328,8.239999771118164,8.149999618530273,8.199999809265137,6.818789958953857,49300
2006-04-06,8.300000190734863,8.300000190734863,8.180000305175781,8.180000305175781,6.802158832550049,38000
2006-04-07,8.279999732971191,8.3100004196167,8.220000267028809,8.270000457763672,6.877000331878662,23300
2006-04-10,8.260000228881836,8.420000076293945,8.260000228881836,8.319999694824219,6.918575763702393,45300
2006-04-11,8.34000015258789,8.380000114440918,8.270000457763672,8.300000190734863,6.9019455909729,8100
2006-04-12,8.229999542236328,8.3100004196167,8.15999984741211,8.199999809265137,6.818789958953857,26300
2006-04-13,8.220000267028809,8.279999732971191,8.140000343322754,8.199999809265137,6.818789958953857,12600
2006-04-17,8.199999809265137,8.199999809265137,8.039999961853027,8.079999923706055,6.719001770019531,20000
2006-04-18,8.100000381469727,8.279999732971191,8.09000015258789,8.140000343322754,6.768895626068115,33400
2006-04-19,8.140000343322754,8.140000343322754,8.079999923706055,8.109999656677246,6.7439494132995605,12200
2006-04-20,8.100000381469727,8.289999961853027,8.100000381469727,8.15999984741211,6.785528182983398,12800
2006-04-21,8.170000076293945,8.260000228881836,8.140000343322754,8.220000267028809,6.835420608520508,17500
2006-04-24,8.199999809265137,8.300000190734863,8.109999656677246,8.229999542236328,6.843738079071045,22100
2006-04-25,8.329999923706055,8.369999885559082,8.279999732971191,8.300000190734863,6.9019455909729,21800
2006-04-26,8.34000015258789,8.359999656677246,8.15999984741211,8.239999771118164,6.852053165435791,75100
2006-04-27,8.279999732971191,8.279999732971191,8.140000343322754,8.149999618530273,6.777212142944336,21900
2006-04-28,8.119999885559082,8.25,8.119999885559082,8.25,6.860368251800537,16900
2006-05-01,8.25,8.359999656677246,8.180000305175781,8.279999732971191,6.885313034057617,47000
2006-05-02,8.380000114440918,8.399999618530273,8.289999961853027,8.319999694824219,6.918575763702393,26000
2006-05-03,8.289999961853027,8.390000343322754,8.25,8.300000190734863,6.9019455909729,23600
2006-05-04,8.359999656677246,8.430000305175781,8.34000015258789,8.430000305175781,7.010048866271973,25700
2006-05-05,8.430000305175781,8.479999542236328,8.3100004196167,8.449999809265137,7.0266804695129395,46600
2006-05-08,8.489999771118164,8.510000228881836,8.380000114440918,8.380000114440918,6.968471050262451,22200
2006-05-09,8.399999618530273,8.699999809265137,8.399999618530273,8.640000343322754,7.184676170349121,50700
2006-05-10,8.6899995803833,8.84000015258789,8.630000114440918,8.800000190734863,7.317726135253906,47700
2006-05-11,8.84000015258789,8.880000114440918,8.789999961853027,8.8100004196167,7.326042652130127,21900
2006-05-12,8.859999656677246,8.859999656677246,8.550000190734863,8.640000343322754,7.184676170349121,38100
2006-05-15,8.630000114440918,8.630000114440918,8.260000228881836,8.40999984741211,6.993417739868164,24700
2006-05-16,8.5,8.710000038146973,8.470000267028809,8.680000305175781,7.217937469482422,170100
2006-05-17,8.420000076293945,8.539999961853027,8.210000038146973,8.25,6.860368251800537,43900
2006-05-18,8.229999542236328,8.359999656677246,8.180000305175781,8.220000267028809,6.835420608520508,34900
2006-05-19,8.15999984741211,8.239999771118164,8.079999923706055,8.149999618530273,6.777212142944336,36600
2006-05-22,8.0600004196167,8.109999656677246,7.900000095367432,8.050000190734863,6.694056510925293,33500
2006-05-23,8.020000457763672,8.239999771118164,8.020000457763672,8.130000114440918,6.760580062866211,46000
2006-05-24,8.020000457763672,8.220000267028809,8.010000228881836,8.199999809265137,6.818789958953857,39900
2006-05-25,8.180000305175781,8.460000038146973,8.180000305175781,8.4399995803833,7.018364906311035,60500
2006-05-26,8.470000267028809,8.470000267028809,8.3100004196167,8.449999809265137,7.0266804695129395,37500
2006-05-30,8.4399995803833,8.5,8.369999885559082,8.40999984741211,6.993417739868164,41600
2006-05-31,8.40999984741211,8.479999542236328,8.300000190734863,8.359999656677246,6.951837539672852,48000
2006-06-01,8.300000190734863,8.34000015258789,8.229999542236328,8.229999542236328,6.843738079071045,21500
2006-06-02,8.220000267028809,8.350000381469727,8.199999809265137,8.300000190734863,6.9019455909729,40400
2006-06-05,8.239999771118164,8.239999771118164,7.670000076293945,7.960000038146973,6.619216442108154,93100
2006-06-06,7.869999885559082,7.900000095367432,7.550000190734863,7.630000114440918,6.344801902770996,205900
2006-06-07,7.730000019073486,8.029999732971191,7.679999828338623,7.880000114440918,6.552691459655762,37500
2006-06-08,7.699999809265137,7.900000095367432,7.699999809265137,7.820000171661377,6.502797603607178,91000
2006-06-09,8.010000228881836,8.149999618530273,7.869999885559082,7.869999885559082,6.544373512268066,61400
2006-06-12,7.869999885559082,7.989999771118164,7.800000190734863,7.849999904632568,6.527745246887207,93900
2006-06-13,7.75,7.769999980926514,7.420000076293945,7.599999904632568,6.319853782653809,57100
2006-06-14,7.550000190734863,7.849999904632568,7.550000190734863,7.659999847412109,6.377299785614014,51900
2006-06-15,7.699999809265137,7.800000190734863,7.610000133514404,7.739999771118164,6.443902969360352,53800
2006-06-16,7.71999979019165,7.730000019073486,7.639999866485596,7.679999828338623,6.39394998550415,22700
2006-06-19,7.599999904632568,7.639999866485596,7.349999904632568,7.480000019073486,6.227442264556885,20400
2006-06-20,7.5,7.5,7.269999980926514,7.360000133514404,6.127536773681641,33400
2006-06-21,7.389999866485596,7.559999942779541,7.349999904632568,7.559999942779541,6.294045448303223,71700
2006-06-22,7.409999847412109,7.619999885559082,7.380000114440918,7.389999866485596,6.1525115966796875,16000
2006-06-23,7.380000114440918,7.590000152587891,7.380000114440918,7.53000020980835,6.269069671630859,18700
2006-06-26,7.550000190734863,7.599999904632568,7.539999961853027,7.550000190734863,6.285719871520996,24400
2006-06-27,7.559999942779541,7.559999942779541,7.420000076293945,7.480000019073486,6.227442264556885,21800
2006-06-28,7.53000020980835,7.53000020980835,7.440000057220459,7.440000057220459,6.19413948059082,12800
2006-06-29,7.480000019073486,7.699999809265137,7.480000019073486,7.690000057220459,6.402276992797852,45300
2006-06-30,7.679999828338623,7.78000020980835,7.619999885559082,7.639999866485596,6.360649585723877,25500
2006-07-03,7.579999923706055,7.760000228881836,7.559999942779541,7.650000095367432,6.368974685668945,10700
2006-07-05,7.820000171661377,7.889999866485596,7.75,7.860000133514404,6.543808460235596,30400
2006-07-06,7.840000152587891,7.880000114440918,7.739999771118164,7.800000190734863,6.493856906890869,43700
2006-07-07,7.760000228881836,7.880000114440918,7.760000228881836,7.860000133514404,6.543808460235596,26000
2006-07-10,7.800000190734863,7.829999923706055,7.769999980926514,7.800000190734863,6.493856906890869,17100
2006-07-11,7.78000020980835,7.829999923706055,7.510000228881836,7.659999847412109,6.377299785614014,74900
2006-07-12,7.619999885559082,7.730000019073486,7.559999942779541,7.659999847412109,6.377299785614014,32300
2006-07-13,7.590000152587891,7.670000076293945,7.349999904632568,7.409999847412109,6.169162750244141,16800
2006-07-14,7.460000038146973,7.579999923706055,7.349999904632568,7.369999885559082,6.135863304138184,56400
2006-07-17,7.300000190734863,7.420000076293945,7.300000190734863,7.380000114440918,6.144187927246094,12100
2006-07-18,7.409999847412109,7.510000228881836,7.409999847412109,7.480000019073486,6.227442264556885,12900
2006-07-19,7.429999828338623,7.699999809265137,7.429999828338623,7.670000076293945,6.385625839233398,15000
2006-07-20,7.599999904632568,7.909999847412109,7.599999904632568,7.679999828338623,6.39394998550415,19700
2006-07-21,7.679999828338623,7.679999828338623,7.420000076293945,7.420000076293945,6.177487850189209,32200
2006-07-24,7.360000133514404,7.510000228881836,7.349999904632568,7.510000228881836,6.252418041229248,68900
2006-07-25,7.46999979019165,7.760000228881836,7.460000038146973,7.739999771118164,6.443902969360352,58100
2006-07-26,7.670000076293945,7.690000057220459,7.539999961853027,7.599999904632568,6.32734489440918,70300
2006-07-27,7.630000114440918,7.75,7.480000019073486,7.53000020980835,6.269069671630859,54900
2006-07-28,7.610000133514404,7.760000228881836,7.570000171661377,7.730000019073486,6.435579299926758,17800
2006-07-31,7.690000057220459,7.800000190734863,7.619999885559082,7.699999809265137,6.41060209274292,13000
2006-08-01,7.599999904632568,7.690000057220459,7.510000228881836,7.690000057220459,6.402276992797852,27400
2006-08-02,7.639999866485596,7.849999904632568,7.599999904632568,7.730000019073486,6.435579299926758,44600
2006-08-03,7.820000171661377,7.900000095367432,7.769999980926514,7.869999885559082,6.552133083343506,16400
2006-08-04,7.860000133514404,7.920000076293945,7.820000171661377,7.840000152587891,6.527157783508301,13300
2006-08-07,7.940000057220459,7.940000057220459,7.760000228881836,7.829999923706055,6.518833637237549,7900
2006-08-08,7.920000076293945,7.920000076293945,7.800000190734863,7.800000190734863,6.493856906890869,6000
2006-08-09,7.800000190734863,7.880000114440918,7.71999979019165,7.71999979019165,6.427252292633057,36100
2006-08-10,7.989999771118164,8.199999809265137,7.989999771118164,8.100000381469727,6.743619441986084,73100
2006-08-11,8.140000343322754,8.399999618530273,8.069999694824219,8.100000381469727,6.743619441986084,293600
2006-08-14,8.050000190734863,8.149999618530273,8.010000228881836,8.149999618530273,6.785247325897217,229300
2006-08-15,8.109999656677246,8.369999885559082,8.109999656677246,8.279999732971191,6.893476963043213,164000
2006-08-16,8.4399995803833,8.510000228881836,8.279999732971191,8.300000190734863,6.910127639770508,44600
2006-08-17,8.390000343322754,8.470000267028809,8.229999542236328,8.359999656677246,6.960082054138184,86400
2006-08-18,8.25,8.420000076293945,8.25,8.279999732971191,6.893476963043213,24000
2006-08-21,8.329999923706055,8.399999618530273,8.210000038146973,8.289999961853027,6.901803016662598,24800
2006-08-22,8.270000457763672,8.3100004196167,8.239999771118164,8.270000457763672,6.885153770446777,21600
2006-08-23,8.270000457763672,8.510000228881836,8.270000457763672,8.460000038146973,7.043335914611816,40200
2006-08-24,8.460000038146973,8.510000228881836,8.350000381469727,8.449999809265137,7.035009860992432,55200
2006-08-25,8.5,8.579999923706055,8.489999771118164,8.529999732971191,7.101613521575928,25400
2006-08-28,8.59000015258789,8.609999656677246,8.520000457763672,8.550000190734863,7.118265628814697,25300
2006-08-29,8.579999923706055,8.710000038146973,8.430000305175781,8.670000076293945,7.218170166015625,42100
2006-08-30,8.739999771118164,8.739999771118164,8.40999984741211,8.449999809265137,7.035009860992432,75500
2006-08-31,8.529999732971191,8.65999984741211,8.430000305175781,8.5600004196167,7.126589298248291,74000
2006-09-01,8.5600004196167,8.640000343322754,8.520000457763672,8.569999694824219,7.134914875030518,42300
2006-09-05,8.579999923706055,8.609999656677246,8.479999542236328,8.569999694824219,7.134914875030518,36900
2006-09-06,8.520000457763672,8.600000381469727,8.489999771118164,8.489999771118164,7.0683135986328125,85000
2006-09-07,8.470000267028809,8.510000228881836,8.390000343322754,8.5,7.07663631439209,23300
2006-09-08,8.380000114440918,8.460000038146973,8.319999694824219,8.350000381469727,6.951756954193115,39900
2006-09-11,8.380000114440918,8.4399995803833,8.260000228881836,8.300000190734863,6.910127639770508,26600
2006-09-12,8.279999732971191,8.3100004196167,8.15999984741211,8.229999542236328,6.8518500328063965,23000
2006-09-13,8.149999618530273,8.329999923706055,8.149999618530273,8.279999732971191,6.901023864746094,30600
2006-09-14,8.270000457763672,8.550000190734863,8.270000457763672,8.420000076293945,7.0177106857299805,28300
2006-09-15,8.399999618530273,8.430000305175781,8.3100004196167,8.369999885559082,6.976036071777344,22800
2006-09-18,8.3100004196167,8.40999984741211,8.25,8.279999732971191,6.901023864746094,36800
2006-09-19,8.229999542236328,8.369999885559082,8.229999542236328,8.350000381469727,6.959367752075195,30500
2006-09-20,8.34000015258789,8.390000343322754,8.239999771118164,8.25,6.876020431518555,32200
2006-09-21,8.300000190734863,8.40999984741211,8.279999732971191,8.329999923706055,6.942695140838623,30400
2006-09-22,8.3100004196167,8.380000114440918,8.25,8.3100004196167,6.926028728485107,32100
2006-09-25,8.210000038146973,8.40999984741211,8.210000038146973,8.380000114440918,6.984371185302734,76600
2006-09-26,8.390000343322754,8.449999809265137,8.319999694824219,8.399999618530273,7.001037120819092,32000
2006-09-27,8.390000343322754,8.600000381469727,8.380000114440918,8.600000381469727,7.16772985458374,54800
2006-09-28,8.569999694824219,8.680000305175781,8.550000190734863,8.59000015258789,7.159397602081299,18600
2006-09-29,8.619999885559082,8.649999618530273,8.510000228881836,8.5600004196167,7.134390354156494,25300
2006-10-02,8.510000228881836,8.619999885559082,8.489999771118164,8.619999885559082,7.1844000816345215,17000
2006-10-03,8.619999885559082,8.619999885559082,8.420000076293945,8.470000267028809,7.059380054473877,28400
2006-10-04,8.430000305175781,8.529999732971191,8.319999694824219,8.489999771118164,7.076050281524658,32500
2006-10-05,8.4399995803833,8.59000015258789,8.4399995803833,8.550000190734863,7.126057147979736,26000
2006-10-06,8.579999923706055,8.670000076293945,8.529999732971191,8.630000114440918,7.1927337646484375,15000
2006-10-09,8.649999618530273,8.779999732971191,8.600000381469727,8.720000267028809,7.267746448516846,17700
2006-10-10,8.649999618530273,8.670000076293945,8.569999694824219,8.619999885559082,7.1844000816345215,71200
2006-10-11,8.649999618530273,8.970000267028809,8.600000381469727,8.920000076293945,7.434437274932861,36700
2006-10-12,8.920000076293945,9.1899995803833,8.899999618530273,9.050000190734863,7.54278564453125,25700
2006-10-13,8.970000267028809,9.050000190734863,8.760000228881836,8.800000190734863,7.334424018859863,75400
2006-10-16,8.859999656677246,9.069999694824219,8.859999656677246,9.069999694824219,7.559455394744873,72700
2006-10-17,9.039999961853027,9.050000190734863,8.8100004196167,8.859999656677246,7.384430408477783,39300
2006-10-18,8.880000114440918,8.9399995803833,8.760000228881836,8.84000015258789,7.367761611938477,25500
2006-10-19,8.850000381469727,8.850000381469727,8.6899995803833,8.819999694824219,7.3510942459106445,83200
2006-10-20,8.8100004196167,9.010000228881836,8.8100004196167,8.899999618530273,7.4177656173706055,24900
2006-10-23,8.899999618530273,8.899999618530273,8.800000190734863,8.899999618530273,7.4177656173706055,55700
2006-10-24,8.859999656677246,8.880000114440918,8.8100004196167,8.869999885559082,7.392765045166016,47200
2006-10-25,8.859999656677246,8.979999542236328,8.829999923706055,8.880000114440918,7.401098251342773,15100
2006-10-26,8.890000343322754,8.949999809265137,8.819999694824219,8.90999984741211,7.426102161407471,14500
2006-10-27,8.920000076293945,8.9399995803833,8.890000343322754,8.930000305175781,7.442772388458252,15100
2006-10-30,8.859999656677246,8.949999809265137,8.829999923706055,8.850000381469727,7.37609338760376,36000
2006-10-31,8.850000381469727,8.930000305175781,8.850000381469727,8.880000114440918,7.401098251342773,22500
2006-11-01,8.84000015258789,8.84000015258789,8.640000343322754,8.720000267028809,7.267746448516846,28600
2006-11-02,8.699999809265137,8.760000228881836,8.670000076293945,8.760000228881836,7.301084041595459,21100
2006-11-03,8.84000015258789,8.850000381469727,8.75,8.779999732971191,7.317752838134766,23700
2006-11-06,8.869999885559082,8.979999542236328,8.84000015258789,8.9399995803833,7.451107978820801,39600
2006-11-07,8.989999771118164,9.130000114440918,8.930000305175781,9.029999732971191,7.526118278503418,25300
2006-11-08,8.9399995803833,9.119999885559082,8.890000343322754,8.989999771118164,7.4927802085876465,29400
2006-11-09,9.050000190734863,9.100000381469727,8.90999984741211,8.90999984741211,7.426102161407471,43400
2006-11-10,8.9399995803833,9.050000190734863,8.880000114440918,8.979999542236328,7.484443664550781,33900
2006-11-13,8.930000305175781,8.979999542236328,8.8100004196167,8.850000381469727,7.37609338760376,28200
2006-11-14,8.829999923706055,8.930000305175781,8.829999923706055,8.899999618530273,7.4177656173706055,21200
2006-11-15,8.829999923706055,9.0,8.789999961853027,8.970000267028809,7.476108551025391,32000
2006-11-16,8.949999809265137,9.149999618530273,8.949999809265137,8.989999771118164,7.4927802085876465,114000
2006-11-17,8.930000305175781,9.1899995803833,8.930000305175781,9.020000457763672,7.5177812576293945,63200
2006-11-20,9.010000228881836,9.140000343322754,9.010000228881836,9.079999923706055,7.5677876472473145,39900
2006-11-21,9.0600004196167,9.25,9.0600004196167,9.25,7.709477424621582,28000
2006-11-22,9.260000228881836,9.34000015258789,9.149999618530273,9.199999809265137,7.6678032875061035,32100
2006-11-24,9.239999771118164,9.34000015258789,9.239999771118164,9.3100004196167,7.75948429107666,10600
2006-11-27,9.229999542236328,9.350000381469727,9.220000267028809,9.229999542236328,7.692809104919434,101000
2006-11-28,9.170000076293945,9.3100004196167,9.170000076293945,9.260000228881836,7.717813968658447,95300
2006-11-29,9.220000267028809,9.239999771118164,8.920000076293945,8.989999771118164,7.4927802085876465,30800
2006-11-30,8.979999542236328,9.180000305175781,8.899999618530273,9.100000381469727,7.584458351135254,78400
2006-12-01,9.020000457763672,9.09000015258789,8.930000305175781,8.989999771118164,7.4927802085876465,35800
2006-12-04,8.989999771118164,9.010000228881836,8.890000343322754,8.9399995803833,7.451107978820801,84100
2006-12-05,9.010000228881836,9.010000228881836,8.84000015258789,8.869999885559082,7.392765045166016,34900
2006-12-06,8.84000015258789,8.899999618530273,8.789999961853027,8.859999656677246,7.384430408477783,28100
2006-12-07,8.899999618530273,9.199999809265137,8.899999618530273,9.180000305175781,7.651139736175537,194000
2006-12-08,9.079999923706055,9.460000038146973,9.079999923706055,9.420000076293945,7.8511643409729,55000
2006-12-11,9.520000457763672,9.520000457763672,9.3100004196167,9.329999923706055,7.7761549949646,67900
2006-12-12,9.350000381469727,9.350000381469727,9.170000076293945,9.270000457763672,7.726150035858154,29600
2006-12-13,9.220000267028809,9.239999771118164,9.020000457763672,9.119999885559082,7.608516693115234,41400
2006-12-14,9.130000114440918,9.220000267028809,9.09000015258789,9.210000038146973,7.683601379394531,55800
2006-12-15,9.199999809265137,9.220000267028809,9.15999984741211,9.1899995803833,7.666913032531738,53000
2006-12-18,9.229999542236328,9.270000457763672,9.1899995803833,9.229999542236328,7.700284957885742,21900
2006-12-19,9.220000267028809,9.220000267028809,9.0600004196167,9.149999618530273,7.633541584014893,17100
2006-12-20,9.180000305175781,9.350000381469727,9.180000305175781,9.279999732971191,7.742000579833984,17200
2006-12-21,9.180000305175781,9.3100004196167,9.149999618530273,9.210000038146973,7.683601379394531,18900
2006-12-22,9.25,9.270000457763672,9.0600004196167,9.140000343322754,7.6252031326293945,19400
2006-12-26,9.210000038146973,9.270000457763672,8.760000228881836,9.079999923706055,7.5751423835754395,61800
2006-12-27,9.010000228881836,9.260000228881836,8.979999542236328,9.220000267028809,7.691940784454346,30700
2006-12-28,9.199999809265137,9.300000190734863,9.199999809265137,9.289999961853027,7.750339508056641,16200
2006-12-29,9.210000038146973,9.300000190734863,9.180000305175781,9.180000305175781,7.658576011657715,16000
2007-01-03,9.220000267028809,9.350000381469727,9.0600004196167,9.079999923706055,7.5751423835754395,41400
2007-01-04,9.220000267028809,9.220000267028809,8.970000267028809,9.069999694824219,7.566802024841309,20900
2007-01-05,9.15999984741211,9.670000076293945,9.15999984741211,9.600000381469727,8.008964538574219,38200
2007-01-08,9.59000015258789,9.75,9.550000190734863,9.6899995803833,8.084047317504883,28900
2007-01-09,9.649999618530273,9.949999809265137,9.649999618530273,9.920000076293945,8.275930404663086,56000
2007-01-10,9.979999542236328,10.260000228881836,9.930000305175781,10.050000190734863,8.384381294250488,46800
2007-01-11,9.970000267028809,10.020000457763672,9.779999732971191,9.829999923706055,8.200845718383789,63200
2007-01-12,9.890000343322754,10.0,9.850000381469727,9.979999542236328,8.325984954833984,16000
2007-01-16,9.970000267028809,10.050000190734863,9.8100004196167,10.029999732971191,8.367696762084961,33400
2007-01-17,10.0,10.180000305175781,9.960000038146973,10.09000015258789,8.417752265930176,100200
2007-01-18,10.149999618530273,10.15999984741211,9.979999542236328,10.0,8.342670440673828,29800
2007-01-19,10.0,10.09000015258789,9.899999618530273,9.989999771118164,8.334329605102539,25400
2007-01-22,9.90999984741211,9.960000038146973,9.649999618530273,9.670000076293945,8.067360877990723,73000
2007-01-23,9.710000038146973,9.760000228881836,9.550000190734863,9.640000343322754,8.04233455657959,43100
2007-01-24,9.670000076293945,9.779999732971191,9.630000114440918,9.720000267028809,8.109074592590332,68800
2007-01-25,9.779999732971191,9.880000114440918,9.640000343322754,9.65999984741211,8.0590181350708,101800
2007-01-26,9.729999542236328,9.739999771118164,9.5600004196167,9.65999984741211,8.0590181350708,32300
2007-01-29,9.609999656677246,9.819999694824219,9.609999656677246,9.6899995803833,8.084047317504883,47600
2007-01-30,9.699999809265137,9.890000343322754,9.699999809265137,9.890000343322754,8.250905990600586,53200
2007-01-31,9.789999961853027,9.960000038146973,9.760000228881836,9.9399995803833,8.292616844177246,31200
2007-02-01,9.90999984741211,10.029999732971191,9.619999885559082,9.75,8.134105682373047,189400
2007-02-02,9.720000267028809,9.90999984741211,9.720000267028809,9.899999618530273,8.259244918823242,68100
2007-02-05,9.920000076293945,9.949999809265137,9.8100004196167,9.869999885559082,8.234216690063477,19200
2007-02-06,9.949999809265137,9.949999809265137,9.779999732971191,9.819999694824219,8.19250202178955,26400
2007-02-07,9.779999732971191,9.850000381469727,9.65999984741211,9.699999809265137,8.092389106750488,29800
2007-02-08,9.829999923706055,10.220000267028809,9.829999923706055,10.149999618530273,8.467813491821289,84800
2007-02-09,10.399999618530273,10.739999771118164,10.34000015258789,10.399999618530273,8.67637825012207,120800
2007-02-12,10.539999961853027,10.800000190734863,10.479999542236328,10.5600004196167,8.809860229492188,70700
2007-02-13,10.680000305175781,10.850000381469727,10.430000305175781,10.460000038146973,8.726435661315918,88600
2007-02-14,10.59000015258789,10.619999885559082,10.479999542236328,10.600000381469727,8.843233108520508,54500
2007-02-15,10.649999618530273,10.800000190734863,10.630000114440918,10.710000038146973,8.9350004196167,37000
2007-02-16,10.6899995803833,10.760000228881836,10.649999618530273,10.699999809265137,8.926655769348145,57300
2007-02-20,10.739999771118164,10.760000228881836,10.65999984741211,10.699999809265137,8.926655769348145,33400
2007-02-21,10.729999542236328,10.789999961853027,10.680000305175781,10.699999809265137,8.926655769348145,43900
2007-02-22,10.670000076293945,10.800000190734863,10.59000015258789,10.729999542236328,8.951687812805176,29100
2007-02-23,10.729999542236328,10.789999961853027,10.65999984741211,10.720000267028809,8.943343162536621,21700
2007-02-26,10.739999771118164,10.779999732971191,10.699999809265137,10.699999809265137,8.926655769348145,13500
2007-02-27,10.739999771118164,10.739999771118164,10.300000190734863,10.40999984741211,8.684721946716309,48300
2007-02-28,10.420000076293945,10.470000267028809,10.15999984741211,10.430000305175781,8.70140552520752,141700
2007-03-01,10.329999923706055,10.470000267028809,10.300000190734863,10.350000381469727,8.63466739654541,111500
2007-03-02,10.390000343322754,10.470000267028809,10.289999961853027,10.289999961853027,8.58460807800293,43800
2007-03-05,10.149999618530273,10.149999618530273,9.739999771118164,9.859999656677246,8.225872993469238,38800
2007-03-06,10.050000190734863,10.520000457763672,10.050000190734863,10.399999618530273,8.67637825012207,43300
2007-03-07,10.40999984741211,10.449999809265137,10.319999694824219,10.420000076293945,8.693062782287598,31700
2007-03-08,10.649999618530273,10.729999542236328,10.539999961853027,10.609999656677246,8.851573944091797,67700
2007-03-09,10.739999771118164,10.739999771118164,10.470000267028809,10.600000381469727,8.843233108520508,39600
2007-03-12,10.550000190734863,10.649999618530273,10.420000076293945,10.600000381469727,8.843233108520508,40400
2007-03-13,10.59000015258789,10.649999618530273,10.420000076293945,10.430000305175781,8.70140552520752,27400
2007-03-14,10.420000076293945,10.449999809265137,10.279999732971191,10.319999694824219,8.617070198059082,27800
2007-03-15,10.420000076293945,10.420000076293945,10.199999809265137,10.420000076293945,8.70057201385498,39800
2007-03-16,10.449999809265137,10.489999771118164,10.369999885559082,10.399999618530273,8.68387222290039,20700
2007-03-19,10.430000305175781,10.710000038146973,10.430000305175781,10.65999984741211,8.90096664428711,37700
2007-03-20,10.710000038146973,10.850000381469727,10.710000038146973,10.75,8.976115226745605,34500
2007-03-21,10.760000228881836,11.010000228881836,10.739999771118164,11.0,9.184864044189453,97500
2007-03-22,10.989999771118164,11.020000457763672,10.859999656677246,10.899999618530273,9.101363182067871,36000
2007-03-23,10.930000305175781,11.350000381469727,10.930000305175781,11.289999961853027,9.427006721496582,59600
2007-03-26,11.329999923706055,11.430000305175781,11.25,11.3100004196167,9.443707466125488,60100
2007-03-27,11.3100004196167,11.390000343322754,11.260000228881836,11.380000114440918,9.50216007232666,37500
2007-03-28,11.34000015258789,11.529999732971191,11.34000015258789,11.369999885559082,9.493806838989258,34500
2007-03-29,11.390000343322754,11.520000457763672,11.300000190734863,11.329999923706055,9.460408210754395,39600
2007-03-30,11.34000015258789,11.479999542236328,11.25,11.270000457763672,9.410309791564941,33400
2007-04-02,11.34000015258789,11.399999618530273,11.210000038146973,11.300000190734863,9.435357093811035,47000
2007-04-03,11.399999618530273,11.989999771118164,11.399999618530273,11.699999809265137,9.769355773925781,79200
2007-04-04,11.739999771118164,11.760000228881836,11.5600004196167,11.579999923706055,9.669157028198242,102600
2007-04-05,11.579999923706055,11.739999771118164,11.579999923706055,11.630000114440918,9.710906028747559,23800
2007-04-09,11.550000190734863,11.84000015258789,11.550000190734863,11.699999809265137,9.769355773925781,56800
2007-04-10,11.760000228881836,11.819999694824219,11.619999885559082,11.680000305175781,9.752656936645508,57800
2007-04-11,11.729999542236328,11.789999961853027,11.640000343322754,11.6899995803833,9.761006355285645,31400
2007-04-12,11.760000228881836,11.779999732971191,11.569999694824219,11.729999542236328,9.794402122497559,28100
2007-04-13,11.770000457763672,11.829999923706055,11.649999618530273,11.720000267028809,9.786056518554688,23900
2007-04-16,11.770000457763672,11.930000305175781,11.739999771118164,11.890000343322754,9.928001403808594,19900
2007-04-17,11.890000343322754,11.890000343322754,11.75,11.779999732971191,9.836151123046875,21900
2007-04-18,11.8100004196167,11.829999923706055,11.720000267028809,11.739999771118164,9.802754402160645,32000
2007-04-19,11.710000038146973,11.760000228881836,11.609999656677246,11.640000343322754,9.719253540039062,28700
2007-04-20,11.640000343322754,11.819999694824219,11.59000015258789,11.75,9.811104774475098,37000
2007-04-23,11.779999732971191,11.989999771118164,11.779999732971191,11.920000076293945,9.953048706054688,27500
2007-04-24,11.890000343322754,11.989999771118164,11.770000457763672,11.850000381469727,9.89460277557373,32700
2007-04-25,11.949999809265137,11.960000038146973,11.819999694824219,11.859999656677246,9.902952194213867,48000
2007-04-26,11.819999694824219,11.819999694824219,11.699999809265137,11.729999542236328,9.794402122497559,30900
2007-04-27,11.789999961853027,11.90999984741211,11.729999542236328,11.800000190734863,9.85285472869873,83600
2007-04-30,11.890000343322754,11.920000076293945,11.569999694824219,11.579999923706055,9.669157028198242,62400
2007-05-01,11.779999732971191,11.779999732971191,11.3100004196167,11.539999961853027,9.63575553894043,44400
2007-05-02,11.520000457763672,11.920000076293945,11.520000457763672,11.819999694824219,9.869551658630371,26200
2007-05-03,11.859999656677246,11.920000076293945,11.630000114440918,11.670000076293945,9.744304656982422,32000
2007-05-04,11.699999809265137,11.920000076293945,11.670000076293945,11.770000457763672,9.827805519104004,43300
2007-05-07,11.800000190734863,11.890000343322754,11.75,11.819999694824219,9.869551658630371,26800
2007-05-08,11.760000228881836,11.760000228881836,11.640000343322754,11.75,9.811104774475098,20800
2007-05-09,11.720000267028809,11.779999732971191,11.680000305175781,11.760000228881836,9.819452285766602,20200
2007-05-10,11.75,11.770000457763672,11.670000076293945,11.729999542236328,9.794402122497559,24600
2007-05-11,11.630000114440918,11.779999732971191,11.630000114440918,11.75,9.811104774475098,16400
2007-05-14,11.75,11.84000015258789,11.75,11.800000190734863,9.85285472869873,16400
2007-05-15,11.859999656677246,12.010000228881836,11.859999656677246,11.970000267028809,9.994803428649902,22600
2007-05-16,11.989999771118164,12.020000457763672,11.819999694824219,11.850000381469727,9.89460277557373,31400
2007-05-17,11.899999618530273,11.949999809265137,11.6899995803833,11.8100004196167,9.8612060546875,19300
2007-05-18,11.869999885559082,11.9399995803833,11.8100004196167,11.9399995803833,9.96975040435791,21600
2007-05-21,12.010000228881836,12.109999656677246,11.920000076293945,12.010000228881836,10.02820110321045,14200
2007-05-22,12.0,12.020000457763672,11.949999809265137,11.960000038146973,9.986452102661133,17100
2007-05-23,11.979999542236328,12.130000114440918,11.979999542236328,12.119999885559082,10.120050430297852,27000
2007-05-24,12.079999923706055,12.390000343322754,12.050000190734863,12.079999923706055,10.086652755737305,36100
2007-05-25,12.140000343322754,12.260000228881836,12.140000343322754,12.1899995803833,10.178498268127441,26300
2007-05-29,12.579999923706055,12.960000038146973,12.579999923706055,12.710000038146973,10.612689971923828,28000
2007-05-30,12.609999656677246,12.800000190734863,12.529999732971191,12.739999771118164,10.63774299621582,30400
2007-05-31,13.199999809265137,13.199999809265137,12.899999618530273,13.039999961853027,10.888237953186035,275000
2007-06-01,13.119999885559082,13.329999923706055,12.970000267028809,13.289999961853027,11.0969820022583,89900
2007-06-04,13.300000190734863,13.420000076293945,13.270000457763672,13.40999984741211,11.197178840637207,76500
2007-06-05,13.319999694824219,13.380000114440918,13.199999809265137,13.369999885559082,11.163784980773926,38900
2007-06-06,13.270000457763672,13.3100004196167,12.949999809265137,13.050000190734863,10.896589279174805,40700
2007-06-07,13.029999732971191,13.029999732971191,12.729999542236328,12.829999923706055,10.712888717651367,54500
2007-06-08,12.75,12.979999542236328,12.640000343322754,12.930000305175781,10.796388626098633,24100
2007-06-11,12.989999771118164,12.989999771118164,12.880000114440918,12.979999542236328,10.838138580322266,30500
2007-06-12,12.899999618530273,13.229999542236328,12.859999656677246,13.079999923706055,10.921637535095215,282000
2007-06-13,13.260000228881836,13.59000015258789,13.199999809265137,13.510000228881836,11.288448333740234,39500
2007-06-14,13.510000228881836,13.8100004196167,13.460000038146973,13.670000076293945,11.422139167785645,79500
2007-06-15,13.869999885559082,13.920000076293945,13.609999656677246,13.760000228881836,11.497342109680176,70100
2007-06-18,13.760000228881836,13.800000190734863,13.6899995803833,13.739999771118164,11.480627059936523,29100
2007-06-19,13.739999771118164,13.800000190734863,13.6899995803833,13.710000038146973,11.455564498901367,55800
2007-06-20,13.65999984741211,13.729999542236328,13.640000343322754,13.6899995803833,11.438850402832031,16100
2007-06-21,13.670000076293945,13.670000076293945,13.520000457763672,13.609999656677246,11.372002601623535,109400
2007-06-22,13.569999694824219,13.670000076293945,13.569999694824219,13.640000343322754,11.397073745727539,17700
2007-06-25,13.619999885559082,13.680000305175781,13.399999618530273,13.40999984741211,11.204890251159668,62200
2007-06-26,13.539999961853027,13.539999961853027,13.180000305175781,13.210000038146973,11.037779808044434,39400
2007-06-27,13.149999618530273,13.260000228881836,13.010000228881836,13.229999542236328,11.054492950439453,31900
2007-06-28,13.279999732971191,13.390000343322754,13.220000267028809,13.300000190734863,11.112982749938965,24300
2007-06-29,13.3100004196167,13.59000015258789,13.289999961853027,13.34000015258789,11.146403312683105,59300
2007-07-02,13.489999771118164,13.680000305175781,13.319999694824219,13.680000305175781,11.430495262145996,45300
2007-07-03,13.6899995803833,13.800000190734863,13.609999656677246,13.6899995803833,11.438850402832031,13900
2007-07-05,13.760000228881836,13.859999656677246,13.760000228881836,13.819999694824219,11.547472953796387,27600
2007-07-06,13.899999618530273,14.100000381469727,13.890000343322754,14.069999694824219,11.756365776062012,108100
2007-07-09,14.220000267028809,14.220000267028809,13.9399995803833,13.960000038146973,11.66445541381836,54300
2007-07-10,13.920000076293945,14.029999732971191,13.84000015258789,13.979999542236328,11.681163787841797,65700
2007-07-11,13.899999618530273,14.010000228881836,13.890000343322754,13.920000076293945,11.631027221679688,26500
2007-07-12,14.020000457763672,14.170000076293945,14.010000228881836,14.130000114440918,11.806496620178223,48600
2007-07-13,14.149999618530273,14.550000190734863,14.149999618530273,14.449999809265137,12.073877334594727,72400
2007-07-16,14.369999885559082,14.460000038146973,14.25,14.260000228881836,11.915121078491211,62900
2007-07-17,14.260000228881836,14.260000228881836,14.050000190734863,14.109999656677246,11.789785385131836,81000
2007-07-18,14.170000076293945,14.170000076293945,13.880000114440918,14.0,11.697875022888184,30500
2007-07-19,14.109999656677246,14.149999618530273,14.010000228881836,14.069999694824219,11.756365776062012,132100
2007-07-20,14.069999694824219,14.140000343322754,13.819999694824219,13.899999618530273,11.61431884765625,126100
2007-07-23,13.899999618530273,13.949999809265137,13.430000305175781,13.5600004196167,11.33022689819336,129700
2007-07-24,13.680000305175781,13.720000267028809,13.3100004196167,13.40999984741211,11.204890251159668,96800
2007-07-25,13.649999618530273,13.779999732971191,13.510000228881836,13.640000343322754,11.397073745727539,95400
2007-07-26,13.390000343322754,13.5,13.0600004196167,13.239999771118164,11.062848091125488,61700
2007-07-27,13.199999809265137,13.380000114440918,13.1899995803833,13.199999809265137,11.029425621032715,36900
2007-07-30,13.239999771118164,13.3100004196167,13.149999618530273,13.260000228881836,11.079560279846191,69300
2007-07-31,13.329999923706055,13.430000305175781,12.880000114440918,12.920000076293945,10.795467376708984,78900
2007-08-01,12.8100004196167,12.9399995803833,12.720000267028809,12.770000457763672,10.670133590698242,40700
2007-08-02,12.930000305175781,13.279999732971191,12.930000305175781,13.210000038146973,11.037779808044434,60200
2007-08-03,13.180000305175781,13.350000381469727,13.0,13.039999961853027,10.895734786987305,49500
2007-08-06,13.100000381469727,13.100000381469727,12.880000114440918,12.930000305175781,10.803827285766602,22500
2007-08-07,13.09000015258789,13.319999694824219,13.09000015258789,13.199999809265137,11.029425621032715,43300
2007-08-08,13.270000457763672,13.449999809265137,13.199999809265137,13.300000190734863,11.112982749938965,90600
2007-08-09,13.149999618530273,13.239999771118164,12.479999542236328,12.670000076293945,10.586580276489258,471700
2007-08-10,12.460000038146973,12.479999542236328,11.989999771118164,12.4399995803833,10.394396781921387,291700
2007-08-13,12.600000381469727,12.789999961853027,12.34000015258789,12.380000114440918,10.34426212310791,87000
2007-08-14,12.279999732971191,12.279999732971191,11.930000305175781,11.970000267028809,10.001683235168457,58100
2007-08-15,11.859999656677246,11.920000076293945,11.420000076293945,11.5,9.608966827392578,62300
2007-08-16,11.270000457763672,11.529999732971191,11.270000457763672,11.449999809265137,9.567190170288086,90100
2007-08-17,11.930000305175781,12.479999542236328,11.770000457763672,12.069999694824219,10.085237503051758,108600
2007-08-20,12.1899995803833,12.3100004196167,11.989999771118164,12.300000190734863,10.277420997619629,50000
2007-08-21,12.25,12.34000015258789,12.0600004196167,12.34000015258789,10.31083869934082,41300
2007-08-22,12.510000228881836,12.649999618530273,12.470000267028809,12.579999923706055,10.51137638092041,70700
2007-08-23,12.829999923706055,12.930000305175781,12.449999809265137,12.640000343322754,10.561509132385254,51600
2007-08-24,12.800000190734863,12.930000305175781,12.649999618530273,12.850000381469727,10.736978530883789,92400
2007-08-27,12.850000381469727,12.850000381469727,12.5600004196167,12.75,10.653423309326172,26500
2007-08-28,12.640000343322754,12.640000343322754,12.149999618530273,12.199999809265137,10.193857192993164,61900
2007-08-29,12.350000381469727,12.5600004196167,12.279999732971191,12.539999961853027,10.477954864501953,32800
2007-08-30,12.539999961853027,12.789999961853027,12.390000343322754,12.640000343322754,10.561509132385254,59000
2007-08-31,12.84000015258789,12.930000305175781,12.680000305175781,12.890000343322754,10.770403861999512,36600
2007-09-04,13.010000228881836,13.220000267028809,12.949999809265137,13.119999885559082,10.962579727172852,54500
2007-09-05,13.100000381469727,13.100000381469727,12.699999809265137,12.829999923706055,10.720266342163086,43800
2007-09-06,12.779999732971191,12.960000038146973,12.729999542236328,12.90999984741211,10.78711223602295,36900
2007-09-07,12.859999656677246,12.869999885559082,12.75,12.789999961853027,10.686842918395996,34100
2007-09-10,12.8100004196167,12.890000343322754,12.630000114440918,12.729999542236328,10.636713981628418,21600
2007-09-11,12.829999923706055,12.84000015258789,12.489999771118164,12.65999984741211,10.578218460083008,43900
2007-09-12,12.5600004196167,12.739999771118164,12.539999961853027,12.739999771118164,10.652641296386719,25200
2007-09-13,12.720000267028809,13.0600004196167,12.720000267028809,13.0,10.870038032531738,26400
2007-09-14,12.949999809265137,13.029999732971191,12.760000228881836,12.800000190734863,10.702808380126953,25400
2007-09-17,12.829999923706055,12.890000343322754,12.720000267028809,12.739999771118164,10.652641296386719,31700
2007-09-18,12.8100004196167,13.0,12.680000305175781,12.9399995803833,10.81987190246582,125000
2007-09-19,12.90999984741211,12.90999984741211,12.75,12.779999732971191,10.686083793640137,105800
2007-09-20,12.90999984741211,13.220000267028809,12.850000381469727,13.140000343322754,10.987105369567871,31300
2007-09-21,13.119999885559082,13.130000114440918,12.979999542236328,13.130000114440918,10.978740692138672,28400
2007-09-24,13.130000114440918,13.270000457763672,13.069999694824219,13.109999656677246,10.962016105651855,22500
2007-09-25,12.9399995803833,13.130000114440918,12.930000305175781,13.119999885559082,10.970379829406738,86300
2007-09-26,13.180000305175781,13.180000305175781,13.039999961853027,13.119999885559082,10.970379829406738,22200
2007-09-27,13.260000228881836,13.3100004196167,13.1899995803833,13.279999732971191,11.104165077209473,337400
2007-09-28,13.329999923706055,13.520000457763672,13.260000228881836,13.430000305175781,11.229584693908691,59600
2007-10-01,13.460000038146973,13.520000457763672,13.390000343322754,13.520000457763672,11.304842948913574,46100
2007-10-02,13.350000381469727,13.40999984741211,13.229999542236328,13.350000381469727,11.162696838378906,36900
2007-10-03,13.350000381469727,13.380000114440918,13.069999694824219,13.109999656677246,10.962016105651855,25700
2007-10-04,13.100000381469727,13.319999694824219,13.0600004196167,13.25,11.079080581665039,27600
2007-10-05,13.40999984741211,13.739999771118164,13.380000114440918,13.65999984741211,11.421904563903809,31800
2007-10-08,13.699999809265137,13.869999885559082,13.520000457763672,13.84000015258789,11.57241153717041,46400
2007-10-09,13.720000267028809,13.760000228881836,13.649999618530273,13.739999771118164,11.488795280456543,55300
2007-10-10,13.75,13.75,13.609999656677246,13.65999984741211,11.421904563903809,19200
2007-10-11,13.680000305175781,13.90999984741211,13.609999656677246,13.640000343322754,11.405181884765625,29100
2007-10-12,13.760000228881836,13.8100004196167,13.649999618530273,13.710000038146973,11.463715553283691,23500
2007-10-15,13.65999984741211,13.6899995803833,13.34000015258789,13.380000114440918,11.187783241271973,33700
2007-10-16,13.369999885559082,13.380000114440918,13.010000228881836,13.010000228881836,10.878401756286621,42400
2007-10-17,13.300000190734863,13.380000114440918,13.130000114440918,13.239999771118164,11.070716857910156,34900
2007-10-18,13.260000228881836,13.550000190734863,13.09000015258789,13.40999984741211,11.212862014770508,51900
2007-10-19,13.460000038146973,13.520000457763672,13.109999656677246,13.220000267028809,11.053995132446289,29300
2007-10-22,12.890000343322754,13.220000267028809,12.609999656677246,13.199999809265137,11.037270545959473,56900
2007-10-23,13.520000457763672,13.520000457763672,13.170000076293945,13.220000267028809,11.053995132446289,37700
2007-10-24,13.15999984741211,13.1899995803833,12.869999885559082,13.09000015258789,10.945292472839355,54400
2007-10-25,13.149999618530273,13.220000267028809,13.0,13.069999694824219,10.928574562072754,24000
2007-10-26,13.100000381469727,13.420000076293945,13.039999961853027,13.34000015258789,11.154332160949707,30400
2007-10-29,13.3100004196167,13.3100004196167,13.15999984741211,13.289999961853027,11.112525939941406,32700
2007-10-30,13.100000381469727,13.25,13.010000228881836,13.220000267028809,11.053995132446289,60300
2007-10-31,13.300000190734863,13.489999771118164,13.25,13.489999771118164,11.279754638671875,45700
2007-11-01,13.420000076293945,13.460000038146973,13.229999542236328,13.239999771118164,11.070716857910156,33500
2007-11-02,13.430000305175781,13.619999885559082,13.430000305175781,13.59000015258789,11.363373756408691,41000
2007-11-05,13.390000343322754,13.59000015258789,13.329999923706055,13.5,11.28812026977539,39900
2007-11-06,13.569999694824219,13.619999885559082,13.460000038146973,13.579999923706055,11.355010032653809,24000
2007-11-07,13.649999618530273,13.670000076293945,12.989999771118164,13.039999961853027,10.903486251831055,58400
2007-11-08,13.25,13.40999984741211,13.0,13.289999961853027,11.112525939941406,56300
2007-11-09,13.5,13.5,12.760000228881836,12.890000343322754,10.778066635131836,39600
2007-11-12,12.84000015258789,12.84000015258789,12.359999656677246,12.359999656677246,10.334898948669434,38100
2007-11-13,12.520000457763672,12.59000015258789,12.369999885559082,12.449999809265137,10.41015625,221000
2007-11-14,12.529999732971191,12.59000015258789,12.220000267028809,12.270000457763672,10.259645462036133,82900
2007-11-15,12.119999885559082,12.289999961853027,12.0600004196167,12.079999923706055,10.100778579711914,39500
2007-11-16,12.119999885559082,12.289999961853027,11.920000076293945,12.25,10.242921829223633,74100
2007-11-19,12.260000228881836,12.279999732971191,11.989999771118164,12.079999923706055,10.100778579711914,35900
2007-11-20,12.079999923706055,12.149999618530273,12.010000228881836,12.109999656677246,10.125862121582031,36700
2007-11-21,11.920000076293945,11.949999809265137,11.369999885559082,11.489999771118164,9.60744571685791,90400
2007-11-23,11.65999984741211,11.8100004196167,11.569999694824219,11.640000343322754,9.732866287231445,63400
2007-11-26,11.970000267028809,11.970000267028809,11.399999618530273,11.430000305175781,9.55727481842041,120000
2007-11-27,11.399999618530273,11.5,11.09000015258789,11.420000076293945,9.548910140991211,158800
2007-11-28,11.529999732971191,11.9399995803833,11.529999732971191,11.710000038146973,9.791397094726562,148600
2007-11-29,11.550000190734863,11.770000457763672,11.380000114440918,11.720000267028809,9.799760818481445,323900
2007-11-30,12.020000457763672,12.020000457763672,11.75,11.890000343322754,9.941902160644531,209600
2007-12-03,11.819999694824219,11.890000343322754,11.619999885559082,11.8100004196167,9.875012397766113,163300
2007-12-04,11.789999961853027,11.789999961853027,11.359999656677246,11.390000343322754,9.52382755279541,87400
2007-12-05,11.4399995803833,12.399999618530273,11.4399995803833,12.130000114440918,10.142580032348633,107500
2007-12-06,12.279999732971191,12.420000076293945,12.140000343322754,12.180000305175781,10.184395790100098,79600
2007-12-07,12.3100004196167,12.510000228881836,12.220000267028809,12.479999542236328,10.435237884521484,43100
2007-12-10,12.529999732971191,12.800000190734863,12.399999618530273,12.800000190734863,10.702808380126953,70500
2007-12-11,12.760000228881836,13.050000190734863,12.5600004196167,12.609999656677246,10.543940544128418,70900
2007-12-12,12.850000381469727,12.930000305175781,12.529999732971191,12.609999656677246,10.552306175231934,75500
2007-12-13,12.640000343322754,12.65999984741211,12.3100004196167,12.420000076293945,10.393314361572266,66700
2007-12-14,12.420000076293945,12.90999984741211,12.420000076293945,12.680000305175781,10.61088752746582,50800
2007-12-17,12.729999542236328,12.770000457763672,12.329999923706055,12.380000114440918,10.359837532043457,57900
2007-12-18,12.390000343322754,12.829999923706055,12.359999656677246,12.739999771118164,10.661094665527344,43800
2007-12-19,12.880000114440918,13.270000457763672,12.880000114440918,13.239999771118164,11.07950210571289,65600
2007-12-20,13.34000015258789,13.34000015258789,13.079999923706055,13.220000267028809,11.06276798248291,38600
2007-12-21,13.350000381469727,13.350000381469727,13.109999656677246,13.15999984741211,11.012557983398438,39100
2007-12-24,13.300000190734863,13.460000038146973,13.199999809265137,13.460000038146973,11.263604164123535,23400
2007-12-26,13.449999809265137,13.520000457763672,13.359999656677246,13.5,11.297079086303711,25900
2007-12-27,13.59000015258789,13.619999885559082,13.380000114440918,13.380000114440918,11.196661949157715,50600
2007-12-28,13.539999961853027,13.649999618530273,13.529999732971191,13.569999694824219,11.355655670166016,30800
2007-12-31,13.550000190734863,13.600000381469727,13.359999656677246,13.369999885559082,11.1882905960083,39000
2008-01-02,13.359999656677246,13.380000114440918,13.229999542236328,13.329999923706055,11.154821395874023,69200
2008-01-03,13.329999923706055,13.359999656677246,13.100000381469727,13.109999656677246,10.97071647644043,27900
2008-01-04,13.119999885559082,13.210000038146973,12.949999809265137,12.960000038146973,10.845196723937988,79300
2008-01-07,13.079999923706055,13.079999923706055,12.619999885559082,12.84000015258789,10.744775772094727,67900
2008-01-08,13.050000190734863,13.069999694824219,12.710000038146973,12.710000038146973,10.635991096496582,37800
2008-01-09,12.600000381469727,12.600000381469727,12.100000381469727,12.449999809265137,10.418416976928711,58300
2008-01-10,12.3100004196167,12.720000267028809,12.210000038146973,12.6899995803833,10.619254112243652,44200
2008-01-11,12.619999885559082,12.619999885559082,12.270000457763672,12.300000190734863,10.292895317077637,151600
2008-01-14,12.359999656677246,12.359999656677246,11.84000015258789,11.859999656677246,9.92469310760498,205600
2008-01-15,11.569999694824219,11.65999984741211,11.479999542236328,11.529999732971191,9.648540496826172,52900
2008-01-16,11.420000076293945,11.520000457763672,11.109999656677246,11.260000228881836,9.422598838806152,282900
2008-01-17,11.300000190734863,11.329999923706055,10.739999771118164,10.869999885559082,9.096240043640137,260200
2008-01-18,10.979999542236328,11.130000114440918,10.539999961853027,10.75,8.995820045471191,67200
2008-01-22,9.800000190734863,10.699999809265137,9.789999961853027,10.3100004196167,8.627616882324219,170200
2008-01-23,10.119999885559082,10.699999809265137,10.029999732971191,10.649999618530273,8.912137985229492,178200
2008-01-24,10.920000076293945,11.3100004196167,10.920000076293945,11.180000305175781,9.355656623840332,85600
2008-01-25,11.3100004196167,11.34000015258789,10.979999542236328,11.020000457763672,9.221762657165527,117800
2008-01-28,10.989999771118164,11.010000228881836,10.819999694824219,10.949999809265137,9.163182258605957,41900
2008-01-29,11.050000190734863,11.420000076293945,11.050000190734863,11.369999885559082,9.514650344848633,102900
2008-01-30,11.489999771118164,11.59000015258789,11.220000267028809,11.279999732971191,9.439336776733398,94000
2008-01-31,11.15999984741211,11.710000038146973,11.119999885559082,11.260000228881836,9.422598838806152,329700
2008-02-01,11.270000457763672,11.920000076293945,11.270000457763672,11.90999984741211,9.966533660888672,162900
2008-02-04,11.960000038146973,11.960000038146973,11.649999618530273,11.880000114440918,9.941429138183594,44400
2008-02-05,11.579999923706055,11.670000076293945,11.199999809265137,11.25,9.414230346679688,51000
2008-02-06,11.430000305175781,11.430000305175781,11.210000038146973,11.229999542236328,9.397496223449707,35300
2008-02-07,11.199999809265137,11.300000190734863,11.029999732971191,11.279999732971191,9.439336776733398,85500
2008-02-08,11.430000305175781,11.640000343322754,11.3100004196167,11.4399995803833,9.573226928710938,59900
2008-02-11,11.479999542236328,11.65999984741211,11.329999923706055,11.520000457763672,9.64017105102539,131200
2008-02-12,11.699999809265137,11.829999923706055,11.59000015258789,11.680000305175781,9.774065971374512,23500
2008-02-13,11.819999694824219,12.15999984741211,11.680000305175781,12.15999984741211,10.175737380981445,85100
2008-02-14,12.25,12.8100004196167,12.25,12.550000190734863,10.502097129821777,160100
2008-02-15,12.319999694824219,12.489999771118164,12.09000015258789,12.289999961853027,10.284525871276855,57800
2008-02-19,12.380000114440918,12.380000114440918,12.079999923706055,12.130000114440918,10.150632858276367,35300
2008-02-20,12.069999694824219,12.380000114440918,12.069999694824219,12.369999885559082,10.351469993591309,39200
2008-02-21,12.369999885559082,12.739999771118164,12.329999923706055,12.699999809265137,10.627623558044434,46900
2008-02-22,12.670000076293945,12.729999542236328,12.289999961853027,12.380000114440918,10.359837532043457,46200
2008-02-25,12.460000038146973,12.600000381469727,12.420000076293945,12.5600004196167,10.510466575622559,48700
2008-02-26,12.630000114440918,12.729999542236328,12.5600004196167,12.6899995803833,10.619254112243652,29000
2008-02-27,12.75,12.760000228881836,12.550000190734863,12.600000381469727,10.543938636779785,38500
2008-02-28,12.649999618530273,12.729999542236328,12.460000038146973,12.6899995803833,10.619254112243652,40100
2008-02-29,12.489999771118164,12.680000305175781,12.380000114440918,12.569999694824219,10.518835067749023,45700
2008-03-03,12.5,12.5,11.869999885559082,11.930000305175781,9.983269691467285,35100
2008-03-04,11.899999618530273,12.069999694824219,11.479999542236328,12.069999694824219,10.100424766540527,102200
2008-03-05,11.970000267028809,12.079999923706055,11.489999771118164,11.760000228881836,9.841011047363281,76700
2008-03-06,11.59000015258789,11.90999984741211,11.59000015258789,11.649999618530273,9.74896240234375,45200
2008-03-07,11.579999923706055,11.829999923706055,11.449999809265137,11.5600004196167,9.673646926879883,54300
2008-03-10,11.609999656677246,11.720000267028809,11.359999656677246,11.399999618530273,9.539754867553711,35300
2008-03-11,11.569999694824219,12.010000228881836,11.260000228881836,11.890000343322754,9.949793815612793,64000
2008-03-12,11.859999656677246,11.859999656677246,11.4399995803833,11.680000305175781,9.782292366027832,34900
2008-03-13,11.5,11.890000343322754,11.460000038146973,11.779999732971191,9.866044044494629,66200
2008-03-14,11.720000267028809,11.720000267028809,11.359999656677246,11.479999542236328,9.614789009094238,53800
2008-03-17,11.270000457763672,11.4399995803833,11.170000076293945,11.3100004196167,9.472407341003418,34900
2008-03-18,11.359999656677246,11.449999809265137,11.15999984741211,11.4399995803833,9.581287384033203,56500
2008-03-19,11.380000114440918,11.510000228881836,10.850000381469727,10.850000381469727,9.087145805358887,69700
2008-03-20,10.859999656677246,11.020000457763672,10.680000305175781,11.0,9.212775230407715,45000
2008-03-24,10.949999809265137,11.829999923706055,10.949999809265137,11.739999771118164,9.832539558410645,57600
2008-03-25,11.800000190734863,12.130000114440918,11.5,11.720000267028809,9.815792083740234,112200
2008-03-26,11.779999732971191,11.989999771118164,11.75,11.890000343322754,9.958173751831055,26200
2008-03-27,11.90999984741211,12.010000228881836,11.75,11.90999984741211,9.97492504119873,32400
2008-03-28,11.779999732971191,11.800000190734863,11.329999923706055,11.390000343322754,9.539407730102539,32600
2008-03-31,11.300000190734863,11.390000343322754,10.970000267028809,11.3100004196167,9.472407341003418,30200
2008-04-01,11.319999694824219,11.489999771118164,11.199999809265137,11.25,9.422152519226074,31500
2008-04-02,11.279999732971191,11.789999961853027,11.220000267028809,11.670000076293945,9.773920059204102,37300
2008-04-03,11.680000305175781,12.039999961853027,11.5,12.029999732971191,10.075423240661621,51200
2008-04-04,12.100000381469727,12.100000381469727,11.789999961853027,12.0,10.050300598144531,47900
2008-04-07,12.010000228881836,12.210000038146973,11.890000343322754,11.949999809265137,10.008421897888184,34100
2008-04-08,11.920000076293945,12.75,11.880000114440918,12.420000076293945,10.402060508728027,73800
2008-04-09,12.300000190734863,12.380000114440918,12.0,12.069999694824219,10.108926773071289,36600
2008-04-10,12.130000114440918,12.34000015258789,12.0,12.289999961853027,10.293183326721191,36100
2008-04-11,12.069999694824219,12.130000114440918,11.819999694824219,11.869999885559082,9.941421508789062,38700
2008-04-14,11.829999923706055,11.979999542236328,11.699999809265137,11.710000038146973,9.807417869567871,15800
2008-04-15,11.789999961853027,11.920000076293945,11.489999771118164,11.539999961853027,9.665037155151367,61300
2008-04-16,11.75,12.039999961853027,11.710000038146973,11.880000114440918,9.94979476928711,64500
2008-04-17,11.8100004196167,11.8100004196167,11.34000015258789,11.609999656677246,9.723665237426758,41600
2008-04-18,11.699999809265137,11.930000305175781,11.649999618530273,11.920000076293945,9.983296394348145,32300
2008-04-21,11.960000038146973,12.029999732971191,11.65999984741211,11.699999809265137,9.799044609069824,26600
2008-04-22,11.600000381469727,11.6899995803833,11.420000076293945,11.460000038146973,9.598037719726562,22900
2008-04-23,11.369999885559082,11.5,11.319999694824219,11.350000381469727,9.50590991973877,19100
2008-04-24,11.399999618530273,11.579999923706055,11.289999961853027,11.489999771118164,9.623162269592285,41700
2008-04-25,11.479999542236328,11.539999961853027,11.34000015258789,11.479999542236328,9.614789009094238,31800
2008-04-28,11.539999961853027,11.920000076293945,11.479999542236328,11.859999656677246,9.933045387268066,24000
2008-04-29,11.949999809265137,11.960000038146973,11.779999732971191,11.90999984741211,9.97492504119873,35900
2008-04-30,11.970000267028809,12.020000457763672,11.460000038146973,11.569999694824219,9.690165519714355,25600
2008-05-01,11.399999618530273,11.649999618530273,11.300000190734863,11.579999923706055,9.698540687561035,31000
2008-05-02,11.819999694824219,12.119999885559082,11.729999542236328,12.010000228881836,10.058672904968262,54200
2008-05-05,12.050000190734863,12.140000343322754,11.920000076293945,12.0,10.050300598144531,30000
2008-05-06,12.010000228881836,12.329999923706055,12.0,12.3100004196167,10.309932708740234,12900
2008-05-07,12.25,12.420000076293945,12.170000076293945,12.289999961853027,10.293183326721191,34400
2008-05-08,12.25,12.460000038146973,12.149999618530273,12.149999618530273,10.175929069519043,29100
2008-05-09,12.210000038146973,12.819999694824219,12.210000038146973,12.8100004196167,10.7286958694458,29200
2008-05-12,12.779999732971191,13.260000228881836,12.779999732971191,13.220000267028809,11.072080612182617,54200
2008-05-13,13.1899995803833,13.1899995803833,12.960000038146973,13.0600004196167,10.93807601928711,17500
2008-05-14,10.489999771118164,13.399999618530273,10.489999771118164,13.029999732971191,10.91295051574707,65600
2008-05-15,13.100000381469727,13.369999885559082,13.100000381469727,13.3100004196167,11.147455215454102,40700
2008-05-16,13.359999656677246,13.380000114440918,13.140000343322754,13.210000038146973,11.063703536987305,34200
2008-05-19,13.3100004196167,13.329999923706055,13.100000381469727,13.15999984741211,11.02182674407959,9800
2008-05-20,13.239999771118164,13.609999656677246,13.239999771118164,13.539999961853027,11.340088844299316,31800
2008-05-21,13.520000457763672,13.649999618530273,13.100000381469727,13.130000114440918,10.9967041015625,52700
2008-05-22,13.100000381469727,13.380000114440918,13.039999961853027,13.380000114440918,11.206086158752441,105400
2008-05-23,13.300000190734863,13.369999885559082,12.90999984741211,13.109999656677246,10.979949951171875,39200
2008-05-27,12.979999542236328,13.09000015258789,12.9399995803833,13.050000190734863,10.929698944091797,22600
2008-05-28,13.029999732971191,13.319999694824219,13.029999732971191,13.270000457763672,11.113954544067383,25400
2008-05-29,13.270000457763672,13.380000114440918,13.239999771118164,13.300000190734863,11.139079093933105,21500
2008-05-30,13.229999542236328,13.350000381469727,13.199999809265137,13.260000228881836,11.105584144592285,95500
2008-06-02,13.289999961853027,13.75,13.1899995803833,13.609999656677246,11.398714065551758,37400
2008-06-03,13.569999694824219,13.569999694824219,13.25,13.350000381469727,11.180960655212402,37100
2008-06-04,13.5,13.770000457763672,13.329999923706055,13.539999961853027,11.340088844299316,26500
2008-06-05,13.479999542236328,13.5,13.300000190734863,13.380000114440918,11.206086158752441,45800
2008-06-06,13.479999542236328,13.479999542236328,12.8100004196167,12.9399995803833,10.837573051452637,51400
2008-06-09,12.880000114440918,12.960000038146973,12.430000305175781,12.460000038146973,10.43556022644043,44100
2008-06-10,12.600000381469727,12.600000381469727,12.100000381469727,12.350000381469727,10.34343433380127,31000
2008-06-11,12.40999984741211,12.529999732971191,12.300000190734863,12.4399995803833,10.443336486816406,27200
2008-06-12,12.489999771118164,12.510000228881836,12.239999771118164,12.3100004196167,10.334199905395508,73500
2008-06-13,12.220000267028809,12.420000076293945,12.010000228881836,12.0600004196167,10.124329566955566,57800
2008-06-16,12.0600004196167,12.199999809265137,12.039999961853027,12.149999618530273,10.19987964630127,15300
2008-06-17,12.260000228881836,12.479999542236328,12.180000305175781,12.289999961853027,10.317407608032227,23100
2008-06-18,12.1899995803833,12.40999984741211,12.079999923706055,12.1899995803833,10.233460426330566,25900
2008-06-19,12.260000228881836,12.260000228881836,11.829999923706055,11.979999542236328,10.057164192199707,30200
2008-06-20,11.510000228881836,12.25,11.510000228881836,12.039999961853027,10.107534408569336,20500
2008-06-23,12.140000343322754,12.220000267028809,12.100000381469727,12.170000076293945,10.216670989990234,15500
2008-06-24,12.149999618530273,12.149999618530273,11.850000381469727,11.960000038146973,10.040379524230957,31900
2008-06-25,11.9399995803833,12.010000228881836,11.829999923706055,12.010000228881836,10.082347869873047,29700
2008-06-26,12.0,12.0,11.380000114440918,11.399999618530273,9.570256233215332,47900
2008-06-27,11.329999923706055,11.569999694824219,11.220000267028809,11.550000190734863,9.696182250976562,62200
2008-06-30,11.390000343322754,11.520000457763672,11.239999771118164,11.289999961853027,9.477912902832031,50100
2008-07-01,11.029999732971191,11.329999923706055,10.850000381469727,11.119999885559082,9.335197448730469,62900
2008-07-02,11.329999923706055,11.520000457763672,11.020000457763672,11.270000457763672,9.461124420166016,106300
2008-07-03,11.010000228881836,11.050000190734863,10.859999656677246,10.949999809265137,9.192484855651855,29900
2008-07-07,10.890000343322754,11.1899995803833,10.890000343322754,11.0,9.234458923339844,47300
2008-07-08,11.119999885559082,11.199999809265137,11.029999732971191,11.069999694824219,9.293220520019531,27000
2008-07-09,11.1899995803833,11.600000381469727,11.1899995803833,11.25,9.444332122802734,21000
2008-07-10,11.25,11.350000381469727,11.0600004196167,11.34000015258789,9.519887924194336,30700
2008-07-11,11.220000267028809,11.279999732971191,10.739999771118164,10.739999771118164,9.016191482543945,21700
2008-07-14,10.539999961853027,10.619999885559082,9.75,10.039999961853027,8.428540229797363,33300
2008-07-15,10.069999694824219,10.369999885559082,9.880000114440918,10.210000038146973,8.571256637573242,52200
2008-07-16,9.680000305175781,10.710000038146973,9.399999618530273,10.40999984741211,8.739153861999512,145400
2008-07-17,10.489999771118164,10.880000114440918,10.359999656677246,10.699999809265137,8.9826078414917,60400
2008-07-18,10.800000190734863,10.800000190734863,10.4399995803833,10.5600004196167,8.865078926086426,39700
2008-07-21,10.6899995803833,10.829999923706055,10.529999732971191,10.829999923706055,9.091743469238281,20900
2008-07-22,10.65999984741211,11.050000190734863,10.270000457763672,10.9399995803833,9.184088706970215,26500
2008-07-23,11.0,11.449999809265137,10.920000076293945,11.170000076293945,9.377175331115723,31700
2008-07-24,11.050000190734863,11.15999984741211,10.569999694824219,10.600000381469727,8.898662567138672,29100
2008-07-25,10.609999656677246,10.829999923706055,10.550000190734863,10.760000228881836,9.032978057861328,108400
2008-07-28,10.600000381469727,10.670000076293945,10.359999656677246,10.510000228881836,8.823107719421387,35200
2008-07-29,10.5,10.5,10.34000015258789,10.369999885559082,8.705575942993164,13600
2008-07-30,10.40999984741211,11.020000457763672,10.399999618530273,10.899999618530273,9.15050983428955,49200
2008-07-31,10.720000267028809,10.84000015258789,10.579999923706055,10.699999809265137,8.9826078414917,27000
2008-08-01,10.800000190734863,10.800000190734863,10.399999618530273,10.699999809265137,8.9826078414917,23200
2008-08-04,10.600000381469727,10.960000038146973,10.600000381469727,10.880000114440918,9.133719444274902,10100
2008-08-05,10.760000228881836,10.760000228881836,10.15999984741211,10.220000267028809,8.5796537399292,83400
2008-08-06,10.279999732971191,10.489999771118164,10.130000114440918,10.369999885559082,8.705575942993164,70700
2008-08-07,10.350000381469727,10.350000381469727,10.229999542236328,10.289999961853027,8.638418197631836,77300
2008-08-08,10.039999961853027,10.380000114440918,10.039999961853027,10.34000015258789,8.680392265319824,27900
2008-08-11,10.329999923706055,10.380000114440918,10.220000267028809,10.25,8.60483455657959,18600
2008-08-12,10.25,10.4399995803833,10.149999618530273,10.4399995803833,8.764341354370117,25100
2008-08-13,10.449999809265137,10.449999809265137,10.109999656677246,10.270000457763672,8.621626853942871,26800
2008-08-14,10.220000267028809,10.460000038146973,10.199999809265137,10.380000114440918,8.713968276977539,23500
2008-08-15,10.34000015258789,10.449999809265137,10.25,10.420000076293945,8.747550010681152,25600
2008-08-18,10.510000228881836,10.520000457763672,10.350000381469727,10.399999618530273,8.730758666992188,24100
2008-08-19,10.300000190734863,10.34000015258789,10.220000267028809,10.220000267028809,8.5796537399292,29700
2008-08-20,10.229999542236328,10.329999923706055,10.020000457763672,10.289999961853027,8.638418197631836,40900
2008-08-21,10.34000015258789,10.510000228881836,10.329999923706055,10.449999809265137,8.772735595703125,40500
2008-08-22,10.460000038146973,10.5600004196167,10.300000190734863,10.539999961853027,8.848289489746094,20200
2008-08-25,10.520000457763672,10.539999961853027,10.430000305175781,10.460000038146973,8.781133651733398,17500
2008-08-26,10.5,10.5,10.300000190734863,10.359999656677246,8.69718074798584,22400
2008-08-27,10.420000076293945,10.539999961853027,10.399999618530273,10.489999771118164,8.806314468383789,19100
2008-08-28,10.460000038146973,10.869999885559082,10.460000038146973,10.819999694824219,9.083352088928223,17000
2008-08-29,10.699999809265137,10.699999809265137,10.4399995803833,10.479999542236328,8.797922134399414,27600
2008-09-02,10.550000190734863,10.84000015258789,10.550000190734863,10.65999984741211,8.949028015136719,19000
2008-09-03,10.710000038146973,10.899999618530273,10.6899995803833,10.75,9.02458667755127,23700
2008-09-04,10.75,10.75,10.25,10.279999732971191,8.630022048950195,73200
2008-09-05,10.279999732971191,10.569999694824219,10.140000343322754,10.430000305175781,8.755946159362793,27200
2008-09-08,10.539999961853027,10.630000114440918,10.3100004196167,10.569999694824219,8.873473167419434,29000
2008-09-09,10.34000015258789,10.640000343322754,10.34000015258789,10.449999809265137,8.772735595703125,47200
2008-09-10,10.489999771118164,10.699999809265137,10.430000305175781,10.59000015258789,8.890264511108398,27000
2008-09-11,10.479999542236328,10.479999542236328,10.289999961853027,10.4399995803833,8.787575721740723,52800
2008-09-12,10.430000305175781,10.579999923706055,10.399999618530273,10.529999732971191,8.863327980041504,31000
2008-09-15,10.15999984741211,10.390000343322754,10.09000015258789,10.100000381469727,8.501392364501953,18100
2008-09-16,9.970000267028809,9.970000267028809,9.75,9.829999923706055,8.274127006530762,28100
2008-09-17,9.779999732971191,9.800000190734863,9.210000038146973,9.59000015258789,8.072112083435059,46400
2008-09-18,11.5600004196167,11.5600004196167,9.229999542236328,9.390000343322754,7.903766632080078,82700
2008-09-19,9.84000015258789,10.229999542236328,9.550000190734863,10.229999542236328,8.610816955566406,82200
2008-09-22,9.970000267028809,10.1899995803833,9.670000076293945,9.670000076293945,8.139451026916504,137800
2008-09-23,9.65999984741211,9.930000305175781,9.609999656677246,9.739999771118164,8.19836711883545,30600
2008-09-24,9.850000381469727,9.850000381469727,9.40999984741211,9.460000038146973,7.962691307067871,40300
2008-09-25,9.569999694824219,9.59000015258789,9.199999809265137,9.210000038146973,7.75225830078125,61500
2008-09-26,9.25,9.270000457763672,8.920000076293945,8.970000267028809,7.550246715545654,54200
2008-09-29,8.770000457763672,8.789999961853027,7.760000228881836,8.199999809265137,6.902117729187012,88600
2008-09-30,8.210000038146973,8.329999923706055,8.029999732971191,8.039999961853027,6.767442226409912,63200
2008-10-01,7.940000057220459,7.940000057220459,7.599999904632568,7.730000019073486,6.506509780883789,115400
2008-10-02,7.53000020980835,7.559999942779541,6.889999866485596,6.96999979019165,5.8668012619018555,71800
2008-10-03,7.119999885559082,7.25,6.949999809265137,6.96999979019165,5.8668012619018555,53500
2008-10-06,6.75,6.849999904632568,5.579999923706055,6.78000020980835,5.706872940063477,141300
2008-10-07,7.0,7.039999961853027,5.840000152587891,5.900000095367432,4.966158866882324,137600
2008-10-08,5.590000152587891,6.019999980926514,5.510000228881836,5.650000095367432,4.755728721618652,73100
2008-10-09,5.960000038146973,6.599999904632568,5.619999885559082,6.139999866485596,5.168169975280762,134800
2008-10-10,5.800000190734863,5.800000190734863,5.090000152587891,5.590000152587891,4.705224514007568,140100
2008-10-13,5.940000057220459,6.119999885559082,5.889999866485596,5.960000038146973,5.016660690307617,2100
2008-10-14,7.019999980926514,7.53000020980835,5.650000095367432,5.840000152587891,4.915657043457031,79500
2008-10-15,5.840000152587891,6.070000171661377,5.630000114440918,5.789999961853027,4.873569488525391,88100
2008-10-16,5.809999942779541,6.070000171661377,5.320000171661377,6.070000171661377,5.109250068664551,81500
2008-10-17,5.940000057220459,5.980000019073486,5.710000038146973,5.739999771118164,4.831483840942383,70800
2008-10-20,5.809999942779541,6.019999980926514,5.78000020980835,5.940000057220459,4.999825477600098,55500
2008-10-21,5.900000095367432,5.940000057220459,5.630000114440918,5.800000190734863,4.88198709487915,69500
2008-10-22,5.510000228881836,5.559999942779541,5.239999771118164,5.28000020980835,4.444290637969971,32700
2008-10-23,5.25,5.389999866485596,5.039999961853027,5.389999866485596,4.536880970001221,41100
2008-10-24,4.940000057220459,5.28000020980835,4.900000095367432,5.170000076293945,4.3517022132873535,49300
2008-10-27,5.099999904632568,5.110000133514404,4.360000133514404,4.360000133514404,3.669908046722412,62900
2008-10-28,4.710000038146973,4.739999771118164,4.349999904632568,4.699999809265137,3.9560916423797607,143900
2008-10-29,4.739999771118164,5.269999980926514,4.679999828338623,5.099999904632568,4.29278039932251,299200
2008-10-30,5.230000019073486,5.480000019073486,5.150000095367432,5.239999771118164,4.410621643066406,145100
2008-10-31,5.21999979019165,5.889999866485596,5.179999828338623,5.829999923706055,4.907237529754639,57300
2008-11-03,5.960000038146973,6.260000228881836,5.960000038146973,6.21999979019165,5.235508918762207,25900
2008-11-04,6.400000095367432,6.440000057220459,6.190000057220459,6.369999885559082,5.36176872253418,67100
2008-11-05,6.420000076293945,6.489999771118164,5.909999847412109,6.0,5.050330638885498,87200
2008-11-06,6.0,6.0,5.650000095367432,5.710000038146973,4.806230068206787,28100
2008-11-07,5.800000190734863,6.179999828338623,5.730000019073486,5.789999961853027,4.873569488525391,51300
2008-11-10,5.880000114440918,5.909999847412109,5.420000076293945,5.420000076293945,4.562132358551025,26700
2008-11-11,5.349999904632568,5.369999885559082,5.199999809265137,5.349999904632568,4.503210544586182,15000
2008-11-12,5.349999904632568,5.349999904632568,4.929999828338623,5.099999904632568,4.29278039932251,35100
2008-11-13,5.019999980926514,5.960000038146973,5.0,5.78000020980835,4.865152359008789,57900
2008-11-14,5.650000095367432,5.710000038146973,5.369999885559082,5.619999885559082,4.730477333068848,45300
2008-11-17,5.550000190734863,5.559999942779541,5.340000152587891,5.340000152587891,4.4947943687438965,26800
2008-11-18,5.420000076293945,5.679999828338623,5.360000133514404,5.679999828338623,4.780980110168457,32100
2008-11-19,5.630000114440918,5.630000114440918,5.21999979019165,5.309999942779541,4.469542026519775,67800
2008-11-20,5.079999923706055,5.110000133514404,4.739999771118164,4.820000171661377,4.057099342346191,67400
2008-11-21,5.03000020980835,5.039999961853027,4.739999771118164,4.869999885559082,4.099183559417725,347900
2008-11-24,5.110000133514404,5.139999866485596,4.849999904632568,4.909999847412109,4.132853031158447,185800
2008-11-25,4.989999771118164,4.989999771118164,4.900000095367432,4.929999828338623,4.149688243865967,90100
2008-11-26,4.900000095367432,5.079999923706055,4.800000190734863,4.989999771118164,4.200191020965576,45800
2008-11-28,5.019999980926514,5.090000152587891,4.849999904632568,5.0,4.208608150482178,24400
2008-12-01,4.989999771118164,5.010000228881836,4.809999942779541,4.820000171661377,4.057099342346191,164200
2008-12-02,4.900000095367432,5.03000020980835,4.860000133514404,5.010000228881836,4.217025279998779,47600
2008-12-03,4.949999809265137,5.099999904632568,4.820000171661377,4.989999771118164,4.200191020965576,53200
2008-12-04,4.949999809265137,4.980000019073486,4.75,4.820000171661377,4.057099342346191,127400
2008-12-05,4.679999828338623,4.820000171661377,4.639999866485596,4.800000190734863,4.04026460647583,159900
2008-12-08,4.989999771118164,5.090000152587891,4.889999866485596,5.0,4.208608150482178,196800
2008-12-09,4.929999828338623,5.190000057220459,4.889999866485596,5.079999923706055,4.275946140289307,115900
2008-12-10,5.099999904632568,5.269999980926514,5.099999904632568,5.269999980926514,4.456930160522461,121300
2008-12-11,5.320000171661377,5.599999904632568,5.110000133514404,5.400000095367432,4.566873073577881,198600
2008-12-12,5.320000171661377,5.849999904632568,5.289999961853027,5.579999923706055,4.719102382659912,95800
2008-12-15,5.570000171661377,5.659999847412109,5.440000057220459,5.53000020980835,4.676815986633301,84500
2008-12-16,5.5,6.199999809265137,5.480000019073486,6.110000133514404,5.167333126068115,181900
2008-12-17,6.03000020980835,6.130000114440918,5.75,5.900000095367432,4.989732265472412,85500
2008-12-18,6.099999904632568,6.28000020980835,5.980000019073486,6.260000228881836,5.294190883636475,87600
2008-12-19,6.349999904632568,6.610000133514404,6.010000228881836,6.539999961853027,5.530990123748779,126500
2008-12-22,6.590000152587891,6.679999828338623,6.099999904632568,6.210000038146973,5.251904487609863,78700
2008-12-23,6.139999866485596,6.5,6.139999866485596,6.230000019073486,5.268817901611328,52900
2008-12-24,6.300000190734863,6.380000114440918,6.119999885559082,6.190000057220459,5.23499059677124,18600
2008-12-26,6.179999828338623,6.289999961853027,6.0,6.150000095367432,5.201160907745361,13200
2008-12-29,6.099999904632568,6.630000114440918,6.099999904632568,6.519999980926514,5.514074802398682,31900
2008-12-30,6.360000133514404,6.670000076293945,6.329999923706055,6.510000228881836,5.505619049072266,32000
2008-12-31,6.449999809265137,6.690000057220459,6.369999885559082,6.639999866485596,5.61556339263916,24100
2009-01-02,6.71999979019165,7.079999923706055,6.690000057220459,7.03000020980835,5.94539213180542,22800
2009-01-05,7.050000190734863,7.159999847412109,6.739999771118164,7.019999980926514,5.9369354248046875,29300
2009-01-06,7.150000095367432,7.340000152587891,7.059999942779541,7.150000095367432,6.046878814697266,64100
2009-01-07,7.090000152587891,7.090000152587891,6.739999771118164,6.789999961853027,5.742420196533203,45300
2009-01-08,6.71999979019165,7.010000228881836,6.670000076293945,7.010000228881836,5.928477764129639,25200
2009-01-09,6.929999828338623,6.929999828338623,6.679999828338623,6.71999979019165,5.683220386505127,10900
2009-01-12,6.619999885559082,6.639999866485596,6.090000152587891,6.230000019073486,5.268817901611328,52300
2009-01-13,6.300000190734863,6.449999809265137,6.21999979019165,6.429999828338623,5.437961101531982,17900
2009-01-14,6.28000020980835,6.349999904632568,5.980000019073486,6.070000171661377,5.1335039138793945,32100
2009-01-15,6.0,6.380000114440918,5.940000057220459,6.260000228881836,5.294190883636475,27400
2009-01-16,6.480000019073486,6.550000190734863,6.099999904632568,6.269999980926514,5.302647113800049,29700
2009-01-20,6.210000038146973,6.239999771118164,5.980000019073486,6.099999904632568,5.158875465393066,27400
2009-01-21,6.079999923706055,6.079999923706055,5.809999942779541,6.010000228881836,5.082760334014893,31000
2009-01-22,5.940000057220459,5.980000019073486,5.710000038146973,5.960000038146973,5.040473461151123,28400
2009-01-23,5.909999847412109,5.949999809265137,5.800000190734863,5.880000114440918,4.972818374633789,20000
2009-01-26,5.909999847412109,5.980000019073486,5.650000095367432,5.789999961853027,4.896703243255615,27800
2009-01-27,5.71999979019165,5.829999923706055,5.710000038146973,5.800000190734863,4.9051618576049805,4400
2009-01-28,5.949999809265137,5.980000019073486,5.760000228881836,5.769999980926514,4.879787445068359,9500
2009-01-29,5.760000228881836,5.809999942779541,5.730000019073486,5.800000190734863,4.9051618576049805,11500
2009-01-30,5.800000190734863,5.909999847412109,5.739999771118164,5.829999923706055,4.930530548095703,106400
2009-02-02,5.679999828338623,5.760000228881836,5.579999923706055,5.639999866485596,4.7698445320129395,58300
2009-02-03,5.679999828338623,5.75,5.619999885559082,5.75,4.8628740310668945,65500
2009-02-04,5.75,5.849999904632568,5.71999979019165,5.849999904632568,4.947445392608643,122200
2009-02-05,5.849999904632568,5.949999809265137,5.769999980926514,5.949999809265137,5.032018184661865,63800
2009-02-06,5.809999942779541,6.159999847412109,5.809999942779541,6.159999847412109,5.20961856842041,52000
2009-02-09,6.159999847412109,6.159999847412109,5.880000114440918,5.960000038146973,5.040473461151123,18100
2009-02-10,6.0,6.039999961853027,5.610000133514404,5.610000133514404,4.7444748878479,28900
2009-02-11,6.130000114440918,6.210000038146973,5.920000076293945,5.929999828338623,5.015102863311768,23400
2009-02-12,6.019999980926514,6.019999980926514,5.809999942779541,5.949999809265137,5.032018184661865,33300
2009-02-13,6.300000190734863,6.309999942779541,6.090000152587891,6.130000114440918,5.184247016906738,38100
2009-02-17,5.900000095367432,5.949999809265137,5.659999847412109,5.820000171661377,4.9220757484436035,36100
2009-02-18,5.849999904632568,5.849999904632568,5.570000171661377,5.659999847412109,4.7867584228515625,45600
2009-02-19,5.760000228881836,5.880000114440918,5.690000057220459,5.699999809265137,4.820588111877441,43400
2009-02-20,5.630000114440918,5.630000114440918,5.210000038146973,5.28000020980835,4.465386867523193,56000
2009-02-23,5.349999904632568,5.360000133514404,4.940000057220459,5.110000133514404,4.321617126464844,66800
2009-02-24,5.070000171661377,5.349999904632568,5.03000020980835,5.320000171661377,4.499215126037598,33200
2009-02-25,5.369999885559082,5.550000190734863,5.21999979019165,5.440000057220459,4.600702285766602,64100
2009-02-26,5.650000095367432,5.650000095367432,5.099999904632568,5.190000057220459,4.389271259307861,37000
2009-02-27,5.099999904632568,5.269999980926514,5.059999942779541,5.159999847412109,4.3639020919799805,39700
2009-03-02,5.050000190734863,5.050000190734863,4.809999942779541,4.980000019073486,4.211674213409424,41200
2009-03-03,4.920000076293945,4.989999771118164,4.789999961853027,4.889999866485596,4.135557174682617,37900
2009-03-04,5.0,5.28000020980835,4.980000019073486,5.090000152587891,4.3047003746032715,31500
2009-03-05,5.019999980926514,5.179999828338623,4.920000076293945,5.019999980926514,4.245501518249512,38800
2009-03-06,4.989999771118164,4.989999771118164,4.730000019073486,4.820000171661377,4.076356410980225,30300
2009-03-09,4.960000038146973,4.960000038146973,4.670000076293945,4.860000133514404,4.110185146331787,15300
2009-03-10,4.920000076293945,5.28000020980835,4.889999866485596,5.110000133514404,4.321617126464844,20900
2009-03-11,5.25,5.429999828338623,5.25,5.409999847412109,4.575329303741455,22800
2009-03-12,5.480000019073486,5.550000190734863,5.389999866485596,5.510000228881836,4.679798126220703,13300
2009-03-13,5.550000190734863,5.590000152587891,5.5,5.579999923706055,4.739250659942627,4100
2009-03-16,5.650000095367432,5.949999809265137,5.650000095367432,5.849999904632568,4.968569278717041,15900
2009-03-17,5.840000152587891,5.869999885559082,5.610000133514404,5.670000076293945,4.8156890869140625,14800
2009-03-18,5.670000076293945,5.71999979019165,5.590000152587891,5.710000038146973,4.849662780761719,17900
2009-03-19,5.789999961853027,5.900000095367432,5.71999979019165,5.739999771118164,4.875142574310303,28300
2009-03-20,5.789999961853027,5.869999885559082,5.690000057220459,5.869999885559082,4.985555648803711,9700
2009-03-23,5.989999771118164,6.079999923706055,5.920000076293945,5.920000076293945,5.0280232429504395,18400
2009-03-24,5.929999828338623,6.130000114440918,5.869999885559082,6.059999942779541,5.146928787231445,18400
2009-03-25,6.03000020980835,6.119999885559082,5.96999979019165,6.070000171661377,5.155421733856201,33000
2009-03-26,6.119999885559082,6.159999847412109,5.840000152587891,6.079999923706055,5.163914203643799,22300
2009-03-27,6.050000190734863,6.260000228881836,5.949999809265137,6.099999904632568,5.180901527404785,12600
2009-03-30,5.900000095367432,5.929999828338623,5.610000133514404,5.809999942779541,4.934596061706543,44100
2009-03-31,5.929999828338623,6.130000114440918,5.900000095367432,6.099999904632568,5.180901527404785,23700
2009-04-01,5.880000114440918,6.190000057220459,5.880000114440918,6.119999885559082,5.197886943817139,23400
2009-04-02,6.179999828338623,6.420000076293945,6.159999847412109,6.400000095367432,5.435699462890625,33200
2009-04-03,6.400000095367432,6.460000038146973,6.210000038146973,6.400000095367432,5.435699462890625,62600
2009-04-06,6.409999847412109,6.440000057220459,6.269999980926514,6.349999904632568,5.393233299255371,65600
2009-04-07,6.110000133514404,6.199999809265137,6.099999904632568,6.150000095367432,5.223366737365723,24800
2009-04-08,6.210000038146973,6.210000038146973,5.929999828338623,6.039999961853027,5.129940509796143,23400
2009-04-09,6.329999923706055,6.449999809265137,6.269999980926514,6.420000076293945,5.452686786651611,38600
2009-04-13,6.5,6.730000019073486,6.389999866485596,6.710000038146973,5.698991775512695,51500
2009-04-14,6.710000038146973,6.710000038146973,6.480000019073486,6.5,5.520631313323975,25000
2009-04-15,6.5,6.559999942779541,6.460000038146973,6.510000228881836,5.5291266441345215,20100
2009-04-16,6.510000228881836,6.619999885559082,6.409999847412109,6.46999979019165,5.495151996612549,27500
2009-04-17,6.449999809265137,6.590000152587891,6.449999809265137,6.570000171661377,5.580084323883057,22900
2009-04-20,6.489999771118164,6.5,6.329999923706055,6.329999923706055,5.376247882843018,15700
2009-04-21,6.21999979019165,6.25,6.150000095367432,6.199999809265137,5.265833854675293,26400
2009-04-22,6.130000114440918,6.239999771118164,6.130000114440918,6.190000057220459,5.257340908050537,25100
2009-04-23,6.230000019073486,6.340000152587891,6.230000019073486,6.320000171661377,5.367754936218262,44000
2009-04-24,6.409999847412109,6.409999847412109,6.340000152587891,6.369999885559082,5.410219192504883,10800
2009-04-27,6.309999942779541,6.460000038146973,6.25,6.380000114440918,5.418713569641113,30600
2009-04-28,6.349999904632568,6.349999904632568,6.199999809265137,6.230000019073486,5.291313648223877,12700
2009-04-29,6.340000152587891,6.519999980926514,6.320000171661377,6.429999828338623,5.461178779602051,26500
2009-04-30,6.480000019073486,6.570000171661377,6.329999923706055,6.400000095367432,5.435699462890625,19300
2009-05-01,6.5,6.829999923706055,6.369999885559082,6.760000228881836,5.741457462310791,30000
2009-05-04,6.769999980926514,6.889999866485596,6.659999847412109,6.889999866485596,5.851871013641357,37200
2009-05-05,6.96999979019165,7.159999847412109,6.800000190734863,7.090000152587891,6.021735668182373,31000
2009-05-06,7.139999866485596,7.159999847412109,6.989999771118164,7.019999980926514,5.962281703948975,17100
2009-05-07,7.039999961853027,7.099999904632568,6.699999809265137,6.760000228881836,5.741457462310791,33400
2009-05-08,6.96999979019165,7.159999847412109,6.860000133514404,7.159999847412109,6.0811896324157715,35200
2009-05-11,7.070000171661377,7.070000171661377,6.880000114440918,6.880000114440918,5.843378067016602,42400
2009-05-12,6.980000019073486,6.980000019073486,6.489999771118164,6.570000171661377,5.580084323883057,22900
2009-05-13,6.429999828338623,6.449999809265137,6.010000228881836,6.170000076293945,5.240354537963867,58500
2009-05-14,6.289999961853027,6.289999961853027,6.039999961853027,6.099999904632568,5.180901527404785,40600
2009-05-15,6.059999942779541,6.159999847412109,5.730000019073486,6.070000171661377,5.155421733856201,51300
2009-05-18,6.110000133514404,6.25,5.980000019073486,6.25,5.308300971984863,13700
2009-05-19,6.21999979019165,6.21999979019165,6.0,6.059999942779541,5.146928787231445,32400
2009-05-20,6.099999904632568,6.389999866485596,6.090000152587891,6.28000020980835,5.3337812423706055,24400
2009-05-21,6.170000076293945,6.170000076293945,6.010000228881836,6.070000171661377,5.155421733856201,20400
2009-05-22,6.159999847412109,6.329999923706055,6.099999904632568,6.329999923706055,5.376247882843018,15200
2009-05-26,6.329999923706055,6.349999904632568,6.199999809265137,6.269999980926514,5.325286388397217,28100
2009-05-27,6.300000190734863,6.340000152587891,6.230000019073486,6.230000019073486,5.291313648223877,17600
2009-05-28,6.300000190734863,6.380000114440918,6.260000228881836,6.320000171661377,5.367754936218262,15700
2009-05-29,6.420000076293945,6.639999866485596,6.389999866485596,6.599999904632568,5.605566501617432,34200
2009-06-01,6.639999866485596,6.690000057220459,6.610000133514404,6.619999885559082,5.622552871704102,24400
2009-06-02,6.599999904632568,6.71999979019165,6.599999904632568,6.650000095367432,5.648031234741211,58700
2009-06-03,6.78000020980835,6.78000020980835,6.289999961853027,6.389999866485596,5.427206039428711,30500
2009-06-04,6.579999923706055,6.579999923706055,6.349999904632568,6.559999942779541,5.571592807769775,29600
2009-06-05,6.480000019073486,6.510000228881836,6.269999980926514,6.309999942779541,5.3592610359191895,40200
2009-06-08,6.289999961853027,6.329999923706055,6.239999771118164,6.309999942779541,5.3592610359191895,14400
2009-06-09,6.380000114440918,6.409999847412109,6.260000228881836,6.329999923706055,5.376247882843018,13000
2009-06-10,6.409999847412109,6.480000019073486,6.25,6.320000171661377,5.367754936218262,28100
2009-06-11,6.25,6.400000095367432,6.25,6.340000152587891,5.407843589782715,16300
2009-06-12,6.309999942779541,6.309999942779541,6.190000057220459,6.28000020980835,5.356665134429932,9100
2009-06-15,6.210000038146973,6.210000038146973,6.050000190734863,6.110000133514404,5.211658954620361,18600
2009-06-16,6.159999847412109,6.199999809265137,6.059999942779541,6.159999847412109,5.254307746887207,68900
2009-06-17,6.170000076293945,6.190000057220459,6.03000020980835,6.03000020980835,5.143421173095703,14100
2009-06-18,5.849999904632568,6.159999847412109,5.849999904632568,6.090000152587891,5.1946001052856445,15400
2009-06-19,6.130000114440918,6.150000095367432,6.0,6.050000190734863,5.1604814529418945,15800
2009-06-22,5.980000019073486,5.989999771118164,5.809999942779541,5.809999942779541,4.955767631530762,20200
2009-06-23,5.849999904632568,5.889999866485596,5.739999771118164,5.889999866485596,5.024006366729736,11100
2009-06-24,5.889999866485596,5.96999979019165,5.809999942779541,5.820000171661377,4.964297771453857,5900
2009-06-25,5.809999942779541,5.880000114440918,5.699999809265137,5.699999809265137,4.861939907073975,48100
2009-06-26,5.860000133514404,6.139999866485596,5.809999942779541,6.139999866485596,5.237249374389648,24100
2009-06-29,6.150000095367432,6.21999979019165,5.940000057220459,6.019999980926514,5.134892463684082,22300
2009-06-30,6.050000190734863,6.050000190734863,5.849999904632568,5.909999847412109,5.041065216064453,31200
2009-07-01,5.940000057220459,6.039999961853027,5.940000057220459,5.96999979019165,5.092243671417236,5500
2009-07-02,5.800000190734863,5.989999771118164,5.5,5.989999771118164,5.109302520751953,21400
2009-07-06,5.889999866485596,5.909999847412109,5.75,5.869999885559082,5.006945610046387,18200
2009-07-07,5.809999942779541,5.949999809265137,5.75,5.820000171661377,4.964297771453857,16800
2009-07-08,5.639999866485596,5.829999923706055,5.639999866485596,5.78000020980835,4.930179119110107,32800
2009-07-09,5.760000228881836,5.809999942779541,5.690000057220459,5.75,4.904589653015137,27900
2009-07-10,5.710000038146973,5.880000114440918,5.679999828338623,5.880000114440918,5.015476703643799,34000
2009-07-13,5.860000133514404,5.989999771118164,5.760000228881836,5.980000019073486,5.10077428817749,22600
2009-07-14,5.590000152587891,6.170000076293945,5.590000152587891,6.019999980926514,5.134892463684082,37300
2009-07-15,6.179999828338623,6.21999979019165,6.110000133514404,6.119999885559082,5.220188617706299,16600
2009-07-16,6.199999809265137,6.199999809265137,6.070000171661377,6.099999904632568,5.20313024520874,22700
2009-07-17,6.139999866485596,6.190000057220459,6.050000190734863,6.090000152587891,5.1946001052856445,88400
2009-07-20,6.139999866485596,6.25,6.090000152587891,6.110000133514404,5.211658954620361,74600
2009-07-21,6.329999923706055,6.329999923706055,6.019999980926514,6.139999866485596,5.237249374389648,24400
2009-07-22,6.119999885559082,6.289999961853027,6.119999885559082,6.179999828338623,5.271367073059082,15800
2009-07-23,6.230000019073486,6.449999809265137,6.179999828338623,6.449999809265137,5.501669883728027,21700
2009-07-24,6.449999809265137,6.460000038146973,6.400000095367432,6.440000057220459,5.49314022064209,24300
2009-07-27,6.46999979019165,6.539999961853027,6.349999904632568,6.360000133514404,5.424901485443115,10900
2009-07-28,6.329999923706055,6.5,6.289999961853027,6.46999979019165,5.518728733062744,12200
2009-07-29,6.5,6.5,6.360000133514404,6.440000057220459,5.49314022064209,8800
2009-07-30,6.639999866485596,6.639999866485596,6.429999828338623,6.539999961853027,5.578438758850098,12100
2009-07-31,6.519999980926514,6.670000076293945,6.489999771118164,6.579999923706055,5.612555980682373,47400
2009-08-03,6.820000171661377,6.820000171661377,6.570000171661377,6.71999979019165,5.731971740722656,11900
2009-08-04,6.679999828338623,6.900000095367432,6.679999828338623,6.900000095367432,5.885506629943848,15000
2009-08-05,6.769999980926514,7.150000095367432,6.739999771118164,7.150000095367432,6.098750114440918,40700
2009-08-06,7.090000152587891,7.170000076293945,6.929999828338623,7.03000020980835,5.996395111083984,19300
2009-08-07,7.050000190734863,7.190000057220459,6.960000038146973,7.170000076293945,6.115810394287109,26500
2009-08-10,7.150000095367432,7.269999980926514,7.090000152587891,7.230000019073486,6.166987419128418,19400
2009-08-11,7.21999979019165,7.260000228881836,7.110000133514404,7.21999979019165,6.158459186553955,15000
2009-08-12,7.21999979019165,7.800000190734863,7.21999979019165,7.75,6.610533714294434,39900
2009-08-13,7.929999828338623,7.989999771118164,7.670000076293945,7.809999942779541,6.661713123321533,107100
2009-08-14,7.800000190734863,7.849999904632568,7.570000171661377,7.619999885559082,6.49964714050293,29900
2009-08-17,7.46999979019165,7.510000228881836,7.159999847412109,7.420000076293945,6.329054355621338,56500
2009-08-18,7.420000076293945,7.599999904632568,7.349999904632568,7.599999904632568,6.482588291168213,16500
2009-08-19,7.25,7.53000020980835,7.239999771118164,7.53000020980835,6.422879695892334,25300
2009-08-20,7.360000133514404,7.630000114440918,7.360000133514404,7.610000133514404,6.491117477416992,32000
2009-08-21,7.809999942779541,7.809999942779541,7.550000190734863,7.690000057220459,6.55935525894165,31300
2009-08-24,7.710000038146973,7.710000038146973,7.570000171661377,7.619999885559082,6.49964714050293,25900
2009-08-25,7.710000038146973,7.849999904632568,7.630000114440918,7.760000228881836,6.619063854217529,20400
2009-08-26,7.800000190734863,7.929999828338623,7.75,7.769999980926514,6.627593040466309,30700
2009-08-27,7.940000057220459,8.289999961853027,7.800000190734863,8.109999656677246,6.917603492736816,30200
2009-08-28,8.380000114440918,8.380000114440918,8.010000228881836,8.010000228881836,6.832306861877441,20400
2009-08-31,7.769999980926514,8.100000381469727,7.769999980926514,7.96999979019165,6.798188209533691,46400
2009-09-01,8.010000228881836,8.069999694824219,7.829999923706055,7.940000057220459,6.7725982666015625,22300
2009-09-02,7.909999847412109,8.0,7.840000152587891,7.96999979019165,6.798188209533691,59800
2009-09-03,8.170000076293945,8.199999809265137,7.940000057220459,8.199999809265137,6.994370937347412,41500
2009-09-04,8.15999984741211,8.329999923706055,8.15999984741211,8.260000228881836,7.045549392700195,20100
2009-09-08,8.399999618530273,8.420000076293945,8.170000076293945,8.270000457763672,7.054079532623291,18200
2009-09-09,8.210000038146973,8.239999771118164,8.140000343322754,8.180000305175781,6.977312088012695,30300
2009-09-10,8.109999656677246,8.319999694824219,8.109999656677246,8.3100004196167,7.088198661804199,15100
2009-09-11,8.350000381469727,8.350000381469727,8.210000038146973,8.25,7.060811519622803,45600
2009-09-14,8.15999984741211,8.289999961853027,8.130000114440918,8.279999732971191,7.086487293243408,10300
2009-09-15,8.359999656677246,8.800000190734863,8.359999656677246,8.800000190734863,7.531528472900391,130500
2009-09-16,8.739999771118164,8.779999732971191,8.430000305175781,8.430000305175781,7.214865684509277,29400
2009-09-17,8.359999656677246,8.579999923706055,8.359999656677246,8.479999542236328,7.2576584815979,30900
2009-09-18,8.40999984741211,8.479999542236328,8.350000381469727,8.40999984741211,7.197747707366943,59400
2009-09-21,8.34000015258789,8.350000381469727,8.1899995803833,8.25,7.060811519622803,17000
2009-09-22,8.359999656677246,8.40999984741211,8.270000457763672,8.289999961853027,7.0950446128845215,22300
2009-09-23,8.300000190734863,8.399999618530273,8.300000190734863,8.329999923706055,7.129279613494873,19800
2009-09-24,8.300000190734863,8.3100004196167,8.0600004196167,8.140000343322754,6.966667175292969,15000
2009-09-25,8.130000114440918,8.289999961853027,8.109999656677246,8.180000305175781,7.000901222229004,17800
2009-09-28,8.180000305175781,8.390000343322754,8.010000228881836,8.010000228881836,6.855405807495117,30900
2009-09-29,8.130000114440918,8.319999694824219,8.130000114440918,8.270000457763672,7.077928066253662,20000
2009-09-30,8.319999694824219,8.5,8.25,8.460000038146973,7.24053955078125,23400
2009-10-01,8.319999694824219,8.380000114440918,8.220000267028809,8.229999542236328,7.043691635131836,25400
2009-10-02,8.199999809265137,8.270000457763672,8.039999961853027,8.039999961853027,6.881081581115723,27900
2009-10-05,8.260000228881836,8.350000381469727,8.09000015258789,8.350000381469727,7.146397590637207,29300
2009-10-06,8.350000381469727,8.460000038146973,8.329999923706055,8.390000343322754,7.180631637573242,26000
2009-10-07,8.34000015258789,8.380000114440918,8.289999961853027,8.380000114440918,7.1720709800720215,12300
2009-10-08,8.399999618530273,8.550000190734863,8.350000381469727,8.550000190734863,7.317567348480225,23100
2009-10-09,8.600000381469727,8.890000343322754,8.59000015258789,8.890000343322754,7.60855770111084,19200
2009-10-12,8.989999771118164,8.989999771118164,8.75,8.770000457763672,7.505855083465576,7300
2009-10-13,8.880000114440918,8.949999809265137,8.65999984741211,8.65999984741211,7.4117112159729,32200
2009-10-14,8.75,8.890000343322754,8.6899995803833,8.890000343322754,7.60855770111084,7200
2009-10-15,8.760000228881836,8.8100004196167,8.729999542236328,8.760000228881836,7.497297763824463,6900
2009-10-16,8.649999618530273,8.720000267028809,8.640000343322754,8.720000267028809,7.4630632400512695,3300
2009-10-19,8.699999809265137,9.0,8.699999809265137,8.960000038146973,7.668468475341797,32600
2009-10-20,8.850000381469727,8.869999885559082,8.640000343322754,8.65999984741211,7.4117112159729,27600
2009-10-21,8.680000305175781,8.899999618530273,8.649999618530273,8.819999694824219,7.548647880554199,10500
2009-10-22,9.210000038146973,9.210000038146973,8.699999809265137,8.720000267028809,7.4630632400512695,22800
2009-10-23,8.710000038146973,8.729999542236328,8.550000190734863,8.649999618530273,7.403154373168945,15100
2009-10-26,8.550000190734863,8.569999694824219,8.359999656677246,8.359999656677246,7.154953479766846,22000
2009-10-27,8.300000190734863,8.399999618530273,8.25,8.399999618530273,7.189190864562988,22700
2009-10-28,8.270000457763672,8.289999961853027,7.75,7.820000171661377,6.692793846130371,45900
2009-10-29,7.860000133514404,7.96999979019165,7.809999942779541,7.929999828338623,6.7869367599487305,20000
2009-10-30,7.860000133514404,7.889999866485596,7.71999979019165,7.739999771118164,6.624324321746826,15700
2009-11-02,7.829999923706055,7.920000076293945,7.75,7.840000152587891,6.709910869598389,20100
2009-11-03,7.739999771118164,8.100000381469727,7.739999771118164,8.100000381469727,6.932432651519775,29200
2009-11-04,8.039999961853027,8.119999885559082,7.989999771118164,8.0600004196167,6.898197174072266,12000
2009-11-05,8.050000190734863,8.100000381469727,7.929999828338623,8.100000381469727,6.932432651519775,28700
2009-11-06,7.960000038146973,8.15999984741211,7.940000057220459,8.15999984741211,6.983782768249512,11300
2009-11-09,8.369999885559082,8.789999961853027,8.369999885559082,8.729999542236328,7.471621990203857,15900
2009-11-10,8.59000015258789,8.680000305175781,8.539999961853027,8.600000381469727,7.360361099243164,14000
2009-11-11,8.489999771118164,8.630000114440918,8.289999961853027,8.359999656677246,7.154953479766846,129300
2009-11-12,8.220000267028809,8.329999923706055,8.079999923706055,8.149999618530273,6.975224494934082,17800
2009-11-13,8.140000343322754,8.260000228881836,8.109999656677246,8.239999771118164,7.05225133895874,10900
2009-11-16,8.3100004196167,8.350000381469727,8.279999732971191,8.329999923706055,7.129279613494873,18900
2009-11-17,8.260000228881836,8.430000305175781,8.260000228881836,8.430000305175781,7.214865684509277,17700
2009-11-18,8.4399995803833,8.600000381469727,8.420000076293945,8.489999771118164,7.266214847564697,14800
2009-11-19,8.34000015258789,8.34000015258789,8.130000114440918,8.199999809265137,7.018017768859863,20000
2009-11-20,8.0600004196167,8.069999694824219,7.860000133514404,7.909999847412109,6.769821643829346,16100
2009-11-23,8.050000190734863,8.100000381469727,8.010000228881836,8.079999923706055,6.915315628051758,6600
2009-11-24,8.130000114440918,8.1899995803833,8.050000190734863,8.109999656677246,6.940990924835205,11400
2009-11-25,8.130000114440918,8.300000190734863,8.119999885559082,8.300000190734863,7.103605270385742,21700
2009-11-27,7.980000019073486,8.039999961853027,7.949999809265137,8.0,6.846847057342529,7400
2009-11-30,8.0600004196167,8.109999656677246,7.989999771118164,8.109999656677246,6.940990924835205,8800
2009-12-01,8.130000114440918,8.270000457763672,8.0600004196167,8.199999809265137,7.018017768859863,47200
2009-12-02,8.220000267028809,8.899999618530273,8.210000038146973,8.260000228881836,7.069369316101074,4900
2009-12-03,8.180000305175781,8.199999809265137,8.109999656677246,8.149999618530273,6.975224494934082,10200
2009-12-04,8.220000267028809,8.25,8.130000114440918,8.140000343322754,6.966667175292969,6400
2009-12-07,8.180000305175781,8.25,8.140000343322754,8.140000343322754,6.966667175292969,10900
2009-12-08,8.130000114440918,8.199999809265137,8.119999885559082,8.1899995803833,7.009459018707275,15300
2009-12-09,8.25,8.25,8.109999656677246,8.130000114440918,6.9581098556518555,7000
2009-12-10,8.210000038146973,8.210000038146973,8.029999732971191,8.029999732971191,6.872520923614502,34800
2009-12-11,8.140000343322754,8.15999984741211,8.010000228881836,8.010000228881836,6.880253314971924,13300
2009-12-14,7.949999809265137,7.989999771118164,7.900000095367432,7.940000057220459,6.820127010345459,15200
2009-12-15,7.949999809265137,8.050000190734863,7.940000057220459,7.960000038146973,6.837305068969727,19600
2009-12-16,7.960000038146973,8.149999618530273,7.900000095367432,8.130000114440918,6.983327388763428,29300
2009-12-17,8.050000190734863,8.149999618530273,8.020000457763672,8.109999656677246,6.9661478996276855,42500
2009-12-18,8.109999656677246,8.199999809265137,8.069999694824219,8.199999809265137,7.043454647064209,14800
2009-12-21,8.149999618530273,8.270000457763672,8.119999885559082,8.180000305175781,7.026277542114258,41800
2009-12-22,8.170000076293945,8.25,8.15999984741211,8.199999809265137,7.043454647064209,25300
2009-12-23,8.260000228881836,8.329999923706055,8.260000228881836,8.279999732971191,7.112171649932861,12700
2009-12-24,8.3100004196167,8.3100004196167,8.229999542236328,8.270000457763672,7.103582859039307,4100
2009-12-28,8.119999885559082,8.329999923706055,8.100000381469727,8.300000190734863,7.12935209274292,16000
2009-12-29,8.350000381469727,8.420000076293945,8.300000190734863,8.300000190734863,7.12935209274292,28100
2009-12-30,8.319999694824219,8.319999694824219,8.180000305175781,8.289999961853027,7.120760440826416,14900
2009-12-31,8.279999732971191,8.319999694824219,8.229999542236328,8.229999542236328,7.069223880767822,9300
2010-01-04,8.359999656677246,8.470000267028809,8.34000015258789,8.380000114440918,7.198068141937256,22000
2010-01-05,8.40999984741211,8.40999984741211,8.279999732971191,8.279999732971191,7.112171649932861,37800
2010-01-06,8.350000381469727,8.529999732971191,8.350000381469727,8.479999542236328,7.283963680267334,17600
2010-01-07,8.350000381469727,8.470000267028809,8.350000381469727,8.449999809265137,7.258195400238037,24300
2010-01-08,8.460000038146973,8.699999809265137,8.4399995803833,8.65999984741211,7.4385762214660645,12700
2010-01-11,8.670000076293945,8.739999771118164,8.670000076293945,8.720000267028809,7.490111827850342,26200
2010-01-12,8.680000305175781,8.680000305175781,8.470000267028809,8.539999961853027,7.335499286651611,17200
2010-01-13,8.550000190734863,8.630000114440918,8.460000038146973,8.630000114440918,7.412809371948242,18200
2010-01-14,8.5600004196167,8.880000114440918,8.5600004196167,8.710000038146973,7.48152494430542,16600
2010-01-15,8.699999809265137,8.800000190734863,8.640000343322754,8.710000038146973,7.48152494430542,26600
2010-01-19,8.65999984741211,8.789999961853027,8.5600004196167,8.779999732971191,7.541650772094727,115400
2010-01-20,8.579999923706055,8.600000381469727,8.430000305175781,8.489999771118164,7.2925519943237305,39700
2010-01-21,8.489999771118164,8.649999618530273,8.420000076293945,8.460000038146973,7.266785144805908,25300
2010-01-22,8.420000076293945,8.5,8.260000228881836,8.34000015258789,7.1637091636657715,21400
2010-01-25,8.300000190734863,8.350000381469727,8.229999542236328,8.229999542236328,7.069223880767822,18700
2010-01-26,8.149999618530273,8.319999694824219,8.149999618530273,8.279999732971191,7.112171649932861,26400
2010-01-27,8.199999809265137,8.229999542236328,8.010000228881836,8.130000114440918,6.983327388763428,30100
2010-01-28,8.149999618530273,8.149999618530273,7.989999771118164,8.029999732971191,6.897432327270508,20700
2010-01-29,8.0600004196167,8.15999984741211,7.96999979019165,8.0,6.8716630935668945,27000
2010-02-01,8.100000381469727,8.220000267028809,8.0600004196167,8.119999885559082,6.9747395515441895,47500
2010-02-02,8.210000038146973,8.460000038146973,8.180000305175781,8.449999809265137,7.258195400238037,34600
2010-02-03,8.380000114440918,8.40999984741211,8.199999809265137,8.229999542236328,7.069223880767822,42700
2010-02-04,8.239999771118164,8.380000114440918,8.140000343322754,8.15999984741211,7.009095191955566,82700
2010-02-05,8.25,8.25,8.079999923706055,8.229999542236328,7.069223880767822,38200
2010-02-08,8.170000076293945,8.199999809265137,8.119999885559082,8.140000343322754,6.991917610168457,23100
2010-02-09,8.359999656677246,8.359999656677246,8.09000015258789,8.229999542236328,7.069223880767822,51100
2010-02-10,8.109999656677246,8.15999984741211,7.989999771118164,8.130000114440918,6.983327388763428,52900
2010-02-11,8.15999984741211,8.470000267028809,8.130000114440918,8.399999618530273,7.215245723724365,33100
2010-02-12,8.420000076293945,8.760000228881836,8.390000343322754,8.710000038146973,7.48152494430542,40200
2010-02-16,8.720000267028809,8.819999694824219,8.680000305175781,8.710000038146973,7.48152494430542,31100
2010-02-17,8.75,8.800000190734863,8.579999923706055,8.600000381469727,7.3870391845703125,26100
2010-02-18,8.640000343322754,8.789999961853027,8.539999961853027,8.789999961853027,7.550237655639648,25900
2010-02-19,8.720000267028809,8.75,8.65999984741211,8.699999809265137,7.472933769226074,35800
2010-02-22,8.729999542236328,8.75,8.680000305175781,8.720000267028809,7.490111827850342,14200
2010-02-23,8.720000267028809,8.720000267028809,8.470000267028809,8.470000267028809,7.275372505187988,45700
2010-02-24,8.5,8.520000457763672,8.34000015258789,8.449999809265137,7.258195400238037,25300
2010-02-25,8.380000114440918,8.510000228881836,8.369999885559082,8.5,7.301143169403076,32400
2010-02-26,8.479999542236328,8.5600004196167,8.430000305175781,8.470000267028809,7.275372505187988,37500
2010-03-01,8.5600004196167,8.680000305175781,8.529999732971191,8.640000343322754,7.4213948249816895,35600
2010-03-02,8.65999984741211,8.869999885559082,8.65999984741211,8.829999923706055,7.584599494934082,35700
2010-03-03,8.869999885559082,8.890000343322754,8.680000305175781,8.739999771118164,7.507291793823242,35600
2010-03-04,8.710000038146973,8.710000038146973,8.600000381469727,8.65999984741211,7.4385762214660645,30500
2010-03-05,8.720000267028809,8.880000114440918,8.649999618530273,8.850000381469727,7.601778984069824,36500
2010-03-08,8.850000381469727,8.899999618530273,8.779999732971191,8.880000114440918,7.627548694610596,29900
2010-03-09,8.819999694824219,9.239999771118164,8.8100004196167,9.210000038146973,7.910999774932861,55400
2010-03-10,9.149999618530273,9.430000305175781,9.149999618530273,9.329999923706055,8.014078140258789,27300
2010-03-11,9.65999984741211,9.65999984741211,9.100000381469727,9.140000343322754,7.875357627868652,42100
2010-03-12,9.229999542236328,9.329999923706055,9.180000305175781,9.279999732971191,7.995980262756348,24200
2010-03-15,9.239999771118164,9.300000190734863,9.0600004196167,9.25,7.9701313972473145,20900
2010-03-16,9.25,9.260000228881836,9.15999984741211,9.199999809265137,7.9270524978637695,20100
2010-03-17,9.260000228881836,9.329999923706055,9.119999885559082,9.119999885559082,7.858121395111084,18600
2010-03-18,9.149999618530273,9.34000015258789,9.09000015258789,9.25,7.9701313972473145,43000
2010-03-19,9.34000015258789,9.40999984741211,9.260000228881836,9.34000015258789,8.047682762145996,15700
2010-03-22,9.199999809265137,9.380000114440918,9.15999984741211,9.359999656677246,8.064913749694824,27600
2010-03-23,9.380000114440918,9.529999732971191,9.319999694824219,9.520000457763672,8.202775955200195,61200
2010-03-24,9.5,9.770000457763672,9.399999618530273,9.510000228881836,8.194159507751465,21900
2010-03-25,9.65999984741211,9.770000457763672,9.59000015258789,9.619999885559082,8.288939476013184,49200
2010-03-26,9.600000381469727,9.6899995803833,9.510000228881836,9.6899995803833,8.349254608154297,34100
2010-03-29,9.65999984741211,9.850000381469727,9.65999984741211,9.779999732971191,8.426800727844238,40700
2010-03-30,9.720000267028809,9.890000343322754,9.710000038146973,9.800000190734863,8.444034576416016,28100
2010-03-31,9.949999809265137,9.949999809265137,9.65999984741211,9.779999732971191,8.426800727844238,55100
2010-04-01,9.829999923706055,10.09000015258789,9.779999732971191,10.010000228881836,8.624979019165039,145400
2010-04-05,10.09000015258789,10.279999732971191,10.09000015258789,10.1899995803833,8.780071258544922,57900
2010-04-06,10.239999771118164,10.420000076293945,10.210000038146973,10.279999732971191,8.857620239257812,54900
2010-04-07,10.180000305175781,10.239999771118164,10.029999732971191,10.149999618530273,8.745607376098633,47800
2010-04-08,10.180000305175781,10.279999732971191,10.029999732971191,10.210000038146973,8.797303199768066,30100
2010-04-09,10.170000076293945,10.180000305175781,9.970000267028809,10.039999961853027,8.650825500488281,46000
2010-04-12,10.0,10.010000228881836,9.899999618530273,9.9399995803833,8.564664840698242,24600
2010-04-13,9.9399995803833,10.0,9.789999961853027,9.9399995803833,8.564664840698242,51200
2010-04-14,9.829999923706055,9.989999771118164,9.829999923706055,9.920000076293945,8.547433853149414,17600
2010-04-15,9.90999984741211,10.020000457763672,9.869999885559082,9.890000343322754,8.521581649780273,14000
2010-04-16,9.850000381469727,9.90999984741211,9.699999809265137,9.779999732971191,8.426800727844238,18000
2010-04-19,9.5600004196167,9.75,9.430000305175781,9.5600004196167,8.23724365234375,37000
2010-04-20,9.649999618530273,9.920000076293945,9.649999618530273,9.84000015258789,8.478498458862305,73900
2010-04-21,9.84000015258789,9.899999618530273,9.640000343322754,9.84000015258789,8.478498458862305,36600
2010-04-22,9.869999885559082,9.869999885559082,9.760000228881836,9.84000015258789,8.478498458862305,21400
2010-04-23,9.789999961853027,9.850000381469727,9.729999542236328,9.829999923706055,8.46988296508789,16400
2010-04-26,9.779999732971191,9.819999694824219,9.699999809265137,9.720000267028809,8.375102043151855,17200
2010-04-27,9.649999618530273,9.6899995803833,9.25,9.279999732971191,7.995980262756348,60200
2010-04-28,9.329999923706055,9.399999618530273,9.199999809265137,9.350000381469727,8.056299209594727,25500
2010-04-29,9.40999984741211,9.489999771118164,9.319999694824219,9.4399995803833,8.133846282958984,37000
2010-04-30,9.4399995803833,9.4399995803833,9.079999923706055,9.149999618530273,7.88397216796875,45100
2010-05-03,9.180000305175781,9.329999923706055,9.170000076293945,9.329999923706055,8.039064407348633,39100
2010-05-04,9.260000228881836,9.260000228881836,8.960000038146973,8.989999771118164,7.746109485626221,35100
2010-05-05,8.890000343322754,9.020000457763672,8.739999771118164,8.960000038146973,7.7202606201171875,32900
2010-05-06,9.020000457763672,9.220000267028809,8.619999885559082,8.949999809265137,7.711644649505615,60900
2010-05-07,9.039999961853027,9.039999961853027,8.729999542236328,8.920000076293945,7.685791969299316,75500
2010-05-10,8.960000038146973,9.329999923706055,8.960000038146973,9.279999732971191,7.995980262756348,30800
2010-05-11,9.25,9.460000038146973,9.210000038146973,9.229999542236328,7.952899932861328,18600
2010-05-12,9.319999694824219,9.59000015258789,9.319999694824219,9.550000190734863,8.22862434387207,31800
2010-05-13,9.59000015258789,9.609999656677246,9.1899995803833,9.449999809265137,8.142462730407715,97000
2010-05-14,9.420000076293945,9.579999923706055,9.119999885559082,9.260000228881836,7.978750705718994,56000
2010-05-17,9.359999656677246,9.369999885559082,9.130000114440918,9.229999542236328,7.952899932861328,42400
2010-05-18,9.279999732971191,9.420000076293945,9.220000267028809,9.220000267028809,7.944283962249756,45700
2010-05-19,9.15999984741211,9.289999961853027,9.069999694824219,9.239999771118164,7.96151876449585,38200
2010-05-20,9.140000343322754,9.140000343322754,8.789999961853027,8.84000015258789,7.616862773895264,53000
2010-05-21,8.609999656677246,8.979999542236328,8.550000190734863,8.8100004196167,7.591014385223389,38100
2010-05-24,8.850000381469727,9.130000114440918,8.649999618530273,8.920000076293945,7.685791969299316,37500
2010-05-25,8.710000038146973,8.75,8.40999984741211,8.75,7.539316177368164,57700
2010-05-26,8.760000228881836,9.0,8.729999542236328,8.890000343322754,7.659946918487549,180900
2010-05-27,9.0600004196167,9.239999771118164,9.029999732971191,9.109999656677246,7.849504470825195,32600
2010-05-28,9.15999984741211,9.180000305175781,8.920000076293945,9.170000076293945,7.9012041091918945,67300
2010-06-01,9.0,9.020000457763672,8.75,8.75,7.539316177368164,105700
2010-06-02,8.84000015258789,9.069999694824219,8.829999923706055,9.050000190734863,7.7978105545043945,37000
2010-06-03,9.119999885559082,9.279999732971191,9.029999732971191,9.140000343322754,7.875357627868652,35500
2010-06-04,8.989999771118164,9.029999732971191,8.800000190734863,8.84000015258789,7.616862773895264,49700
2010-06-07,8.880000114440918,8.9399995803833,8.760000228881836,8.760000228881836,7.547933101654053,31800
2010-06-08,8.819999694824219,8.850000381469727,8.609999656677246,8.779999732971191,7.565165042877197,38000
2010-06-09,8.890000343322754,9.020000457763672,8.850000381469727,8.9399995803833,7.703024864196777,30900
2010-06-10,8.949999809265137,9.140000343322754,8.949999809265137,9.010000228881836,7.763343334197998,29700
2010-06-11,9.0600004196167,9.260000228881836,9.0600004196167,9.199999809265137,7.952646732330322,29600
2010-06-14,9.270000457763672,9.319999694824219,8.989999771118164,9.0600004196167,7.831629753112793,30600
2010-06-15,9.109999656677246,9.300000190734863,9.09000015258789,9.220000267028809,7.969935894012451,34900
2010-06-16,9.149999618530273,9.40999984741211,9.149999618530273,9.3100004196167,8.047734260559082,57000
2010-06-17,9.220000267028809,9.319999694824219,9.149999618530273,9.220000267028809,7.969935894012451,30500
2010-06-18,9.15999984741211,9.510000228881836,9.15999984741211,9.489999771118164,8.203330039978027,21500
2010-06-21,9.569999694824219,9.65999984741211,9.460000038146973,9.470000267028809,8.186042785644531,48500
2010-06-22,9.510000228881836,9.510000228881836,9.140000343322754,9.180000305175781,7.935361862182617,43900
2010-06-23,9.1899995803833,9.1899995803833,9.109999656677246,9.180000305175781,7.935361862182617,54800
2010-06-24,9.149999618530273,9.220000267028809,8.989999771118164,9.09000015258789,7.8575615882873535,40200
2010-06-25,9.130000114440918,9.210000038146973,9.09000015258789,9.119999885559082,7.883496284484863,33300
2010-06-28,9.109999656677246,9.270000457763672,9.0600004196167,9.239999771118164,7.987226963043213,36800
2010-06-29,9.180000305175781,9.180000305175781,8.800000190734863,8.869999885559082,7.667388439178467,47900
2010-06-30,8.779999732971191,8.869999885559082,8.65999984741211,8.720000267028809,7.537725925445557,44200
2010-07-01,8.630000114440918,8.6899995803833,8.579999923706055,8.6899995803833,7.5117950439453125,8700
2010-07-02,8.699999809265137,8.90999984741211,8.6899995803833,8.829999923706055,7.632816791534424,49200
2010-07-06,8.859999656677246,9.100000381469727,8.829999923706055,8.84000015258789,7.641458034515381,45400
2010-07-07,8.930000305175781,9.050000190734863,8.880000114440918,9.039999961853027,7.814342498779297,31300
2010-07-08,9.050000190734863,9.229999542236328,9.050000190734863,9.170000076293945,7.926717281341553,38900
2010-07-09,9.170000076293945,9.359999656677246,9.170000076293945,9.329999923706055,8.065024375915527,24100
2010-07-12,9.239999771118164,9.420000076293945,9.239999771118164,9.350000381469727,8.08231258392334,53400
2010-07-13,9.420000076293945,9.630000114440918,9.420000076293945,9.5,8.211976051330566,35200
2010-07-14,9.479999542236328,9.479999542236328,9.34000015258789,9.359999656677246,8.090956687927246,37500
2010-07-15,9.40999984741211,9.510000228881836,9.350000381469727,9.510000228881836,8.220620155334473,39100
2010-07-16,9.420000076293945,9.420000076293945,9.1899995803833,9.229999542236328,7.978578090667725,34700
2010-07-19,9.229999542236328,9.289999961853027,9.170000076293945,9.25,7.995870113372803,30400
2010-07-20,9.25,9.5,9.15999984741211,9.449999809265137,8.16875171661377,77900
2010-07-21,9.5,9.529999732971191,9.239999771118164,9.270000457763672,8.01315975189209,33300
2010-07-22,9.399999618530273,9.609999656677246,9.390000343322754,9.550000190734863,8.255196571350098,27400
2010-07-23,9.569999694824219,9.630000114440918,9.4399995803833,9.609999656677246,8.307060241699219,27900
2010-07-26,9.649999618530273,9.779999732971191,9.539999961853027,9.619999885559082,8.315702438354492,56400
2010-07-27,9.720000267028809,9.779999732971191,9.479999542236328,9.569999694824219,8.272480964660645,50600
2010-07-28,9.520000457763672,9.529999732971191,9.34000015258789,9.430000305175781,8.151464462280273,45800
2010-07-29,9.479999542236328,9.5,9.3100004196167,9.470000267028809,8.186042785644531,24300
2010-07-30,9.420000076293945,9.5600004196167,9.359999656677246,9.539999961853027,8.246552467346191,26100
2010-08-02,9.699999809265137,9.699999809265137,9.369999885559082,9.539999961853027,8.246552467346191,37800
2010-08-03,9.479999542236328,9.609999656677246,9.470000267028809,9.489999771118164,8.203330039978027,37500
2010-08-04,9.489999771118164,9.899999618530273,9.449999809265137,9.890000343322754,8.549097061157227,91700
2010-08-05,9.800000190734863,9.970000267028809,9.800000190734863,9.899999618530273,8.55774211883545,49900
2010-08-06,9.84000015258789,10.0,9.84000015258789,9.979999542236328,8.626893997192383,45200
2010-08-09,9.979999542236328,10.199999809265137,9.979999542236328,10.069999694824219,8.704693794250488,19400
2010-08-10,9.930000305175781,9.930000305175781,9.680000305175781,9.739999771118164,8.419435501098633,33600
2010-08-11,9.680000305175781,9.699999809265137,9.470000267028809,9.470000267028809,8.186042785644531,29800
2010-08-12,9.380000114440918,9.460000038146973,9.34000015258789,9.430000305175781,8.151464462280273,41000
2010-08-13,9.449999809265137,9.770000457763672,9.449999809265137,9.760000228881836,8.436721801757812,41400
2010-08-16,9.670000076293945,9.680000305175781,9.510000228881836,9.529999732971191,8.237907409667969,37800
2010-08-17,9.649999618530273,9.699999809265137,9.600000381469727,9.630000114440918,8.324349403381348,31500
2010-08-18,9.670000076293945,9.779999732971191,9.579999923706055,9.739999771118164,8.419435501098633,41900
2010-08-19,9.619999885559082,9.680000305175781,9.5600004196167,9.630000114440918,8.324349403381348,36500
2010-08-20,9.609999656677246,9.609999656677246,9.489999771118164,9.579999923706055,8.28112506866455,29400
2010-08-23,9.619999885559082,9.640000343322754,9.4399995803833,9.460000038146973,8.177395820617676,24600
2010-08-24,9.399999618530273,9.399999618530273,9.220000267028809,9.300000190734863,8.039091110229492,47800
2010-08-25,9.210000038146973,9.40999984741211,9.15999984741211,9.369999885559082,8.099600791931152,33200
2010-08-26,9.460000038146973,9.5,9.3100004196167,9.399999618530273,8.125532150268555,25900
2010-08-27,9.390000343322754,9.630000114440918,9.380000114440918,9.5600004196167,8.263839721679688,32500
2010-08-30,9.489999771118164,9.550000190734863,9.420000076293945,9.5,8.211976051330566,29900
2010-08-31,9.40999984741211,9.529999732971191,9.3100004196167,9.430000305175781,8.151464462280273,33600
2010-09-01,9.529999732971191,9.729999542236328,9.510000228881836,9.65999984741211,8.350282669067383,60100
2010-09-02,9.710000038146973,9.720000267028809,9.630000114440918,9.720000267028809,8.402146339416504,30000
2010-09-03,9.739999771118164,9.850000381469727,9.699999809265137,9.84000015258789,8.505876541137695,45600
2010-09-07,9.829999923706055,9.930000305175781,9.829999923706055,9.869999885559082,8.53180980682373,31800
2010-09-08,9.9399995803833,10.220000267028809,9.9399995803833,10.199999809265137,8.817068099975586,43000
2010-09-09,10.199999809265137,10.260000228881836,9.960000038146973,10.069999694824219,8.704693794250488,53200
2010-09-10,10.109999656677246,10.199999809265137,10.050000190734863,10.0600004196167,8.69604778289795,57300
2010-09-13,10.15999984741211,10.199999809265137,10.079999923706055,10.149999618530273,8.80799388885498,50500
2010-09-14,10.170000076293945,10.199999809265137,10.119999885559082,10.119999885559082,8.781960487365723,47300
2010-09-15,10.039999961853027,10.170000076293945,10.0,10.109999656677246,8.773283004760742,25400
2010-09-16,10.130000114440918,10.199999809265137,10.130000114440918,10.170000076293945,8.825349807739258,20800
2010-09-17,10.170000076293945,10.170000076293945,10.020000457763672,10.020000457763672,8.695180892944336,31900
2010-09-20,10.069999694824219,10.430000305175781,10.029999732971191,10.399999618530273,9.02493667602539,49900
2010-09-21,10.460000038146973,10.729999542236328,10.1899995803833,10.720000267028809,9.302628517150879,99100
2010-09-22,10.640000343322754,10.670000076293945,10.300000190734863,10.479999542236328,9.0943603515625,50500
2010-09-23,10.420000076293945,10.470000267028809,10.260000228881836,10.279999732971191,8.920804977416992,24900
2010-09-24,10.300000190734863,10.5,10.300000190734863,10.329999923706055,8.964191436767578,34300
2010-09-27,10.390000343322754,10.569999694824219,10.239999771118164,10.239999771118164,8.886094093322754,41100
2010-09-28,10.1899995803833,10.369999885559082,10.09000015258789,10.300000190734863,8.938161849975586,32000
2010-09-29,10.420000076293945,10.420000076293945,10.270000457763672,10.359999656677246,8.990227699279785,37600
2010-09-30,10.5,10.550000190734863,10.270000457763672,10.3100004196167,8.946840286254883,30600
2010-10-01,10.380000114440918,10.5,10.329999923706055,10.359999656677246,8.990227699279785,32000
2010-10-04,10.3100004196167,10.520000457763672,10.3100004196167,10.420000076293945,9.042293548583984,39800
2010-10-05,10.470000267028809,10.65999984741211,10.399999618530273,10.539999961853027,9.146428108215332,29900
2010-10-06,10.609999656677246,10.649999618530273,10.5,10.569999694824219,9.172459602355957,60200
2010-10-07,10.5600004196167,10.670000076293945,10.380000114440918,10.510000228881836,9.120393753051758,41400
2010-10-08,10.619999885559082,11.020000457763672,10.619999885559082,10.880000114440918,9.441472053527832,49100
2010-10-11,10.949999809265137,10.949999809265137,10.800000190734863,10.800000190734863,9.372052192687988,3000
2010-10-12,10.869999885559082,11.170000076293945,10.739999771118164,11.170000076293945,9.693134307861328,37400
2010-10-13,11.319999694824219,11.670000076293945,11.300000190734863,11.489999771118164,9.970820426940918,71700
2010-10-14,11.59000015258789,11.619999885559082,11.180000305175781,11.229999542236328,9.745198249816895,28500
2010-10-15,11.270000457763672,11.270000457763672,10.890000343322754,10.890000343322754,9.450151443481445,43600
2010-10-18,10.890000343322754,10.890000343322754,10.59000015258789,10.75,9.328660011291504,51600
2010-10-19,10.539999961853027,11.0,10.520000457763672,10.819999694824219,9.389410972595215,93700
2010-10-20,10.8100004196167,10.9399995803833,10.779999732971191,10.920000076293945,9.476184844970703,59900
2010-10-21,10.960000038146973,11.079999923706055,10.760000228881836,10.850000381469727,9.41544246673584,72000
2010-10-22,10.8100004196167,10.899999618530273,10.670000076293945,10.789999961853027,9.363372802734375,24100
2010-10-25,10.949999809265137,10.960000038146973,10.819999694824219,10.859999656677246,9.42411994934082,36600
2010-10-26,10.779999732971191,10.819999694824219,10.59000015258789,10.720000267028809,9.302628517150879,59600
2010-10-27,10.6899995803833,10.710000038146973,10.569999694824219,10.6899995803833,9.276593208312988,39500
2010-10-28,10.819999694824219,10.960000038146973,10.770000457763672,10.9399995803833,9.493542671203613,28500
2010-10-29,10.9399995803833,11.25,10.930000305175781,11.1899995803833,9.710487365722656,44100
2010-11-01,11.270000457763672,11.390000343322754,11.229999542236328,11.289999961853027,9.797264099121094,27400
2010-11-02,11.350000381469727,11.5,11.270000457763672,11.329999923706055,9.831976890563965,31700
2010-11-03,11.319999694824219,11.4399995803833,11.140000343322754,11.239999771118164,9.753876686096191,39400
2010-11-04,11.300000190734863,11.380000114440918,11.260000228881836,11.350000381469727,9.849333763122559,30300
2010-11-05,11.390000343322754,11.470000267028809,11.34000015258789,11.449999809265137,9.936111450195312,27200
2010-11-08,11.430000305175781,11.430000305175781,11.180000305175781,11.260000228881836,9.77122974395752,44600
2010-11-09,11.220000267028809,11.319999694824219,11.1899995803833,11.220000267028809,9.736519813537598,46200
2010-11-10,11.3100004196167,11.720000267028809,11.260000228881836,11.720000267028809,10.170412063598633,65200
2010-11-11,11.619999885559082,11.619999885559082,11.25,11.289999961853027,9.797264099121094,32800
2010-11-12,11.239999771118164,11.239999771118164,10.869999885559082,10.949999809265137,9.502217292785645,49600
2010-11-15,10.949999809265137,11.130000114440918,10.930000305175781,11.010000228881836,9.55428695678711,25800
2010-11-16,10.890000343322754,10.90999984741211,10.670000076293945,10.779999732971191,9.354695320129395,41400
2010-11-17,10.729999542236328,10.829999923706055,10.729999542236328,10.789999961853027,9.363372802734375,22300
2010-11-18,10.9399995803833,11.109999656677246,10.9399995803833,11.09000015258789,9.623708724975586,29100
2010-11-19,11.039999961853027,11.09000015258789,10.9399995803833,11.029999732971191,9.571639060974121,22400
2010-11-22,11.0600004196167,11.069999694824219,10.819999694824219,10.899999618530273,9.458831787109375,11500
2010-11-23,10.819999694824219,10.890000343322754,10.640000343322754,10.699999809265137,9.285270690917969,17300
2010-11-24,10.819999694824219,10.960000038146973,10.819999694824219,10.949999809265137,9.502217292785645,35600
2010-11-26,10.84000015258789,11.0,10.829999923706055,10.979999542236328,9.528250694274902,28000
2010-11-29,10.970000267028809,11.130000114440918,10.9399995803833,11.020000457763672,9.562966346740723,28000
2010-11-30,10.760000228881836,11.149999618530273,10.760000228881836,11.020000457763672,9.562966346740723,47200
2010-12-01,11.170000076293945,11.329999923706055,11.119999885559082,11.289999961853027,9.797264099121094,21300
2010-12-02,11.569999694824219,11.569999694824219,11.369999885559082,11.449999809265137,9.936111450195312,21100
2010-12-03,11.40999984741211,11.40999984741211,11.100000381469727,11.239999771118164,9.753876686096191,53800
2010-12-06,11.210000038146973,11.350000381469727,11.079999923706055,11.350000381469727,9.849333763122559,28300
2010-12-07,11.5,11.510000228881836,11.289999961853027,11.430000305175781,9.918753623962402,65700
2010-12-08,11.430000305175781,11.479999542236328,11.260000228881836,11.260000228881836,9.77122974395752,32800
2010-12-09,11.420000076293945,11.470000267028809,11.369999885559082,11.449999809265137,9.936111450195312,12800
2010-12-10,11.4399995803833,11.4399995803833,11.270000457763672,11.380000114440918,9.875362396240234,15000
2010-12-13,11.4399995803833,11.5600004196167,11.4399995803833,11.539999961853027,10.04953384399414,24700
2010-12-14,11.5600004196167,11.65999984741211,11.359999656677246,11.4399995803833,9.96245002746582,17300
2010-12-15,11.4399995803833,11.4399995803833,11.270000457763672,11.3100004196167,9.849241256713867,15400
2010-12-16,11.319999694824219,11.319999694824219,11.140000343322754,11.170000076293945,9.727322578430176,25200
2010-12-17,11.140000343322754,11.199999809265137,10.970000267028809,11.199999809265137,9.753449440002441,13600
2010-12-20,11.210000038146973,11.460000038146973,11.130000114440918,11.229999542236328,9.77957534790039,66900
2010-12-21,11.25,11.5,11.25,11.399999618530273,9.927616119384766,22500
2010-12-22,11.479999542236328,11.479999542236328,11.229999542236328,11.279999732971191,9.823113441467285,20600
2010-12-23,11.329999923706055,11.5,11.270000457763672,11.319999694824219,9.857948303222656,12900
2010-12-27,11.399999618530273,11.479999542236328,11.329999923706055,11.479999542236328,9.99728012084961,11400
2010-12-28,11.479999542236328,11.579999923706055,11.40999984741211,11.510000228881836,10.023408889770508,8200
2010-12-29,11.5,11.5,11.399999618530273,11.4399995803833,9.96245002746582,8100
2010-12-30,11.399999618530273,11.4399995803833,11.329999923706055,11.369999885559082,9.90149211883545,9900
2010-12-31,11.369999885559082,11.65999984741211,11.369999885559082,11.529999732971191,10.040826797485352,22900
2011-01-03,11.649999618530273,11.649999618530273,11.420000076293945,11.479999542236328,9.99728012084961,12200
2011-01-04,11.529999732971191,11.619999885559082,11.399999618530273,11.399999618530273,9.927616119384766,18800
2011-01-05,11.420000076293945,11.539999961853027,11.390000343322754,11.430000305175781,9.953741073608398,24500
2011-01-06,11.489999771118164,11.800000190734863,11.470000267028809,11.760000228881836,10.241121292114258,42600
2011-01-07,11.800000190734863,11.960000038146973,11.739999771118164,11.920000076293945,10.380453109741211,8100
2011-01-10,11.930000305175781,12.300000190734863,11.819999694824219,12.25,10.667832374572754,39200
2011-01-11,12.329999923706055,12.430000305175781,12.1899995803833,12.390000343322754,10.789752006530762,42200
2011-01-12,12.460000038146973,12.520000457763672,12.40999984741211,12.449999809265137,10.842002868652344,38400
2011-01-13,12.390000343322754,12.390000343322754,12.079999923706055,12.149999618530273,10.580747604370117,30600
2011-01-14,12.079999923706055,12.270000457763672,12.079999923706055,12.220000267028809,10.641707420349121,34700
2011-01-18,12.300000190734863,12.539999961853027,12.300000190734863,12.4399995803833,10.833293914794922,18800
2011-01-19,12.40999984741211,12.489999771118164,12.329999923706055,12.479999542236328,10.868124961853027,22900
2011-01-20,12.359999656677246,12.510000228881836,12.300000190734863,12.40999984741211,10.807169914245605,36200
2011-01-21,12.529999732971191,12.640000343322754,12.430000305175781,12.470000267028809,10.859419822692871,33700
2011-01-24,12.449999809265137,12.5,12.279999732971191,12.420000076293945,10.815876007080078,16900
2011-01-25,12.350000381469727,12.539999961853027,12.350000381469727,12.470000267028809,10.859419822692871,21700
2011-01-26,12.510000228881836,12.800000190734863,12.510000228881836,12.770000457763672,11.120676040649414,21300
2011-01-27,12.800000190734863,12.869999885559082,12.710000038146973,12.800000190734863,11.146796226501465,12700
2011-01-28,12.760000228881836,12.859999656677246,12.579999923706055,12.649999618530273,11.016170501708984,27900
2011-01-31,12.600000381469727,12.75,12.569999694824219,12.75,11.10325813293457,13900
2011-02-01,12.819999694824219,13.170000076293945,12.75,13.140000343322754,11.44288158416748,29900
2011-02-02,13.140000343322754,13.25,13.039999961853027,13.149999618530273,11.451592445373535,37000
2011-02-03,13.180000305175781,13.279999732971191,13.119999885559082,13.239999771118164,11.52996826171875,21600
2011-02-04,13.319999694824219,13.350000381469727,13.149999618530273,13.25,11.538676261901855,24100
2011-02-07,13.229999542236328,13.350000381469727,13.180000305175781,13.220000267028809,11.512550354003906,30600
2011-02-08,13.210000038146973,13.390000343322754,13.149999618530273,13.350000381469727,11.625762939453125,26500
2011-02-09,13.4399995803833,13.4399995803833,13.199999809265137,13.210000038146973,11.50384521484375,19000
2011-02-10,13.010000228881836,13.100000381469727,12.479999542236328,12.8100004196167,11.155505180358887,67200
2011-02-11,12.779999732971191,12.949999809265137,12.729999542236328,12.880000114440918,11.216461181640625,28100
2011-02-14,12.890000343322754,12.949999809265137,12.770000457763672,12.819999694824219,11.164215087890625,90700
2011-02-15,12.829999923706055,12.930000305175781,12.819999694824219,12.899999618530273,11.233882904052734,42500
2011-02-16,12.920000076293945,13.119999885559082,12.920000076293945,12.989999771118164,11.31225872039795,49000
2011-02-17,12.989999771118164,13.300000190734863,12.989999771118164,13.289999961853027,11.573514938354492,19500
2011-02-18,13.3100004196167,13.319999694824219,13.100000381469727,13.130000114440918,11.43417739868164,48500
2011-02-22,13.029999732971191,13.210000038146973,12.84000015258789,12.949999809265137,11.277423858642578,33000
2011-02-23,12.930000305175781,12.9399995803833,12.59000015258789,12.739999771118164,11.094545364379883,45100
2011-02-24,12.720000267028809,12.789999961853027,12.420000076293945,12.59000015258789,10.963919639587402,28200
2011-02-25,12.529999732971191,12.859999656677246,12.489999771118164,12.789999961853027,11.138087272644043,27400
2011-02-28,12.729999542236328,12.930000305175781,12.729999542236328,12.800000190734863,11.146796226501465,15900
2011-03-01,12.8100004196167,12.869999885559082,12.699999809265137,12.770000457763672,11.120676040649414,34200
2011-03-02,12.869999885559082,12.920000076293945,12.779999732971191,12.800000190734863,11.146796226501465,23100
2011-03-03,12.800000190734863,13.180000305175781,12.75,13.119999885559082,11.425469398498535,25000
2011-03-04,13.140000343322754,13.260000228881836,13.100000381469727,13.140000343322754,11.44288158416748,17800
2011-03-07,13.119999885559082,13.149999618530273,12.9399995803833,12.970000267028809,11.294840812683105,11400
2011-03-08,13.0,13.130000114440918,12.970000267028809,13.050000190734863,11.364509582519531,16100
2011-03-09,13.079999923706055,13.170000076293945,13.0600004196167,13.140000343322754,11.44288158416748,12500
2011-03-10,12.90999984741211,13.010000228881836,12.819999694824219,12.989999771118164,11.31225872039795,21700
2011-03-11,12.710000038146973,13.15999984741211,12.710000038146973,13.130000114440918,11.470379829406738,28200
2011-03-14,13.0,13.15999984741211,13.0,13.140000343322754,11.479116439819336,12900
2011-03-15,12.819999694824219,12.869999885559082,12.680000305175781,12.8100004196167,11.190828323364258,24700
2011-03-16,12.779999732971191,12.779999732971191,12.460000038146973,12.600000381469727,11.007369995117188,20800
2011-03-17,12.770000457763672,12.84000015258789,12.720000267028809,12.8100004196167,11.190828323364258,10600
2011-03-18,12.920000076293945,12.9399995803833,12.699999809265137,12.789999961853027,11.173357009887695,16700
2011-03-21,12.890000343322754,13.039999961853027,12.8100004196167,12.8100004196167,11.190828323364258,39200
2011-03-22,12.819999694824219,12.819999694824219,12.640000343322754,12.720000267028809,11.112202644348145,22500
2011-03-23,12.710000038146973,12.710000038146973,12.59000015258789,12.649999618530273,11.051051139831543,45900
2011-03-24,12.670000076293945,12.979999542236328,12.670000076293945,12.90999984741211,11.278188705444336,58400
2011-03-25,12.9399995803833,12.970000267028809,12.729999542236328,12.789999961853027,11.173357009887695,36500
2011-03-28,12.789999961853027,12.90999984741211,12.619999885559082,12.630000114440918,11.033576011657715,32600
2011-03-29,12.630000114440918,12.670000076293945,12.569999694824219,12.619999885559082,11.024842262268066,23300
2011-03-30,12.670000076293945,13.239999771118164,12.670000076293945,13.15999984741211,11.496586799621582,39900
2011-03-31,13.170000076293945,13.390000343322754,13.140000343322754,13.300000190734863,11.618890762329102,97800
2011-04-01,13.359999656677246,13.489999771118164,13.25,13.430000305175781,11.732460021972656,19400
2011-04-04,13.430000305175781,13.430000305175781,13.300000190734863,13.329999923706055,11.645099639892578,27000
2011-04-05,13.279999732971191,13.399999618530273,13.25,13.3100004196167,11.627628326416016,18500
2011-04-06,13.369999885559082,13.369999885559082,13.210000038146973,13.300000190734863,11.618890762329102,28200
2011-04-07,13.289999961853027,13.300000190734863,13.170000076293945,13.1899995803833,11.522791862487793,20600
2011-04-08,13.260000228881836,13.270000457763672,13.09000015258789,13.130000114440918,11.470379829406738,16900
2011-04-11,13.140000343322754,13.140000343322754,12.859999656677246,12.9399995803833,11.30439281463623,27200
2011-04-12,12.850000381469727,12.890000343322754,12.739999771118164,12.819999694824219,11.199563026428223,20900
2011-04-13,12.920000076293945,13.020000457763672,12.770000457763672,12.949999809265137,11.313131332397461,15800
2011-04-14,12.869999885559082,13.029999732971191,12.850000381469727,13.0,11.3568115234375,16500
2011-04-15,12.960000038146973,13.039999961853027,12.890000343322754,12.970000267028809,11.330604553222656,17200
2011-04-18,12.800000190734863,12.880000114440918,12.75,12.880000114440918,11.251978874206543,23100
2011-04-19,12.930000305175781,13.09000015258789,12.920000076293945,12.989999771118164,11.348075866699219,16800
2011-04-20,13.140000343322754,13.180000305175781,13.069999694824219,13.09000015258789,11.435433387756348,14600
2011-04-21,13.180000305175781,13.1899995803833,12.960000038146973,13.050000190734863,11.400493621826172,17800
2011-04-25,13.079999923706055,13.09000015258789,13.029999732971191,13.039999961853027,11.391754150390625,13600
2011-04-26,13.09000015258789,13.25,13.0600004196167,13.210000038146973,11.540267944335938,21500
2011-04-27,13.239999771118164,13.579999923706055,13.239999771118164,13.5,11.793611526489258,24600
2011-04-28,13.479999542236328,13.640000343322754,13.4399995803833,13.510000228881836,11.802350044250488,32800
2011-04-29,13.380000114440918,13.470000267028809,13.229999542236328,13.369999885559082,11.68004035949707,29000
2011-05-02,13.390000343322754,13.470000267028809,13.329999923706055,13.420000076293945,11.723721504211426,15000
2011-05-03,13.390000343322754,13.390000343322754,13.130000114440918,13.229999542236328,11.557741165161133,17000
2011-05-04,13.220000267028809,13.220000267028809,12.979999542236328,13.029999732971191,11.38301944732666,14000
2011-05-05,12.90999984741211,12.9399995803833,12.819999694824219,12.869999885559082,11.243243217468262,16900
2011-05-06,13.0,13.1899995803833,12.880000114440918,12.989999771118164,11.348075866699219,29300
2011-05-09,12.989999771118164,13.229999542236328,12.970000267028809,13.15999984741211,11.496586799621582,20000
2011-05-10,13.210000038146973,13.239999771118164,13.109999656677246,13.239999771118164,11.566473960876465,49100
2011-05-11,13.229999542236328,13.430000305175781,13.229999542236328,13.350000381469727,11.662569046020508,27300
2011-05-12,13.260000228881836,13.539999961853027,13.25,13.539999961853027,11.8285551071167,9900
2011-05-13,13.470000267028809,13.520000457763672,13.270000457763672,13.3100004196167,11.627628326416016,25500
2011-05-16,13.229999542236328,13.239999771118164,13.09000015258789,13.119999885559082,11.461642265319824,8700
2011-05-17,13.050000190734863,13.100000381469727,12.949999809265137,13.069999694824219,11.417962074279785,15000
2011-05-18,13.079999923706055,13.140000343322754,12.949999809265137,13.010000228881836,11.365545272827148,20600
2011-05-19,13.1899995803833,13.1899995803833,12.880000114440918,12.989999771118164,11.348075866699219,35700
2011-05-20,12.890000343322754,13.050000190734863,12.789999961853027,13.050000190734863,11.400493621826172,26300
2011-05-23,12.90999984741211,12.9399995803833,12.699999809265137,12.779999732971191,11.164617538452148,10900
2011-05-24,12.8100004196167,12.869999885559082,12.6899995803833,12.779999732971191,11.164617538452148,27300
2011-05-25,12.760000228881836,12.84000015258789,12.59000015258789,12.8100004196167,11.190828323364258,11900
2011-05-26,12.789999961853027,12.930000305175781,12.770000457763672,12.800000190734863,11.18209171295166,9900
2011-05-27,12.819999694824219,12.829999923706055,12.739999771118164,12.760000228881836,11.147148132324219,20600
2011-05-31,12.90999984741211,12.9399995803833,12.760000228881836,12.84000015258789,11.217036247253418,36900
2011-06-01,12.800000190734863,12.890000343322754,12.6899995803833,12.760000228881836,11.147148132324219,16500
2011-06-02,12.760000228881836,12.760000228881836,12.640000343322754,12.699999809265137,11.094732284545898,5700
2011-06-03,12.579999923706055,12.619999885559082,12.479999542236328,12.619999885559082,11.024842262268066,18100
2011-06-06,12.579999923706055,12.619999885559082,12.390000343322754,12.5,10.920010566711426,27100
2011-06-07,12.600000381469727,12.710000038146973,12.59000015258789,12.59000015258789,10.998634338378906,9700
2011-06-08,12.529999732971191,12.569999694824219,12.479999542236328,12.5,10.920010566711426,121500
2011-06-09,12.550000190734863,12.680000305175781,12.479999542236328,12.59000015258789,10.998634338378906,17400
2011-06-10,12.529999732971191,12.529999732971191,12.369999885559082,12.40999984741211,10.841386795043945,19300
2011-06-13,12.380000114440918,12.449999809265137,12.279999732971191,12.40999984741211,10.877324104309082,28200
2011-06-14,12.510000228881836,12.630000114440918,12.470000267028809,12.5600004196167,11.008797645568848,41400
2011-06-15,12.5,12.510000228881836,12.350000381469727,12.479999542236328,10.938676834106445,15000
2011-06-16,12.470000267028809,12.5,12.239999771118164,12.329999923706055,10.80720329284668,20500
2011-06-17,12.420000076293945,12.420000076293945,12.15999984741211,12.300000190734863,10.780906677246094,24500
2011-06-20,12.260000228881836,12.800000190734863,12.260000228881836,12.760000228881836,11.184094429016113,47400
2011-06-21,12.869999885559082,13.430000305175781,12.850000381469727,13.350000381469727,11.701228141784668,61300
2011-06-22,13.3100004196167,13.3100004196167,13.0600004196167,13.079999923706055,11.464576721191406,13800
2011-06-23,12.949999809265137,13.0,12.680000305175781,13.0,11.394454002380371,12500
2011-06-24,12.989999771118164,12.989999771118164,12.859999656677246,12.899999618530273,11.306807518005371,9900
2011-06-27,12.930000305175781,13.069999694824219,12.869999885559082,12.930000305175781,11.333099365234375,24800
2011-06-28,12.9399995803833,13.319999694824219,12.9399995803833,13.279999732971191,11.639874458312988,19400
2011-06-29,13.380000114440918,13.430000305175781,13.220000267028809,13.300000190734863,11.657405853271484,24100
2011-06-30,13.34000015258789,13.5,13.289999961853027,13.460000038146973,11.797643661499023,20200
2011-07-01,13.430000305175781,13.619999885559082,13.350000381469727,13.59000015258789,11.91158676147461,6600
2011-07-05,13.529999732971191,13.539999961853027,13.300000190734863,13.34000015258789,11.692466735839844,14400
2011-07-06,13.319999694824219,13.380000114440918,13.170000076293945,13.34000015258789,11.692466735839844,22500
2011-07-07,13.479999542236328,13.5,13.420000076293945,13.420000076293945,11.76258373260498,20000
2011-07-08,13.34000015258789,13.390000343322754,13.170000076293945,13.25,11.613580703735352,15000
2011-07-11,13.109999656677246,13.109999656677246,12.869999885559082,12.90999984741211,11.315570831298828,30500
2011-07-12,12.84000015258789,12.859999656677246,12.609999656677246,12.6899995803833,11.122740745544434,23200
2011-07-13,12.720000267028809,12.90999984741211,12.59000015258789,12.850000381469727,11.262980461120605,22000
2011-07-14,12.9399995803833,13.0600004196167,12.850000381469727,12.899999618530273,11.306807518005371,28700
2011-07-15,12.960000038146973,13.170000076293945,12.960000038146973,13.130000114440918,11.508400917053223,16100
2011-07-18,13.050000190734863,13.050000190734863,12.90999984741211,12.949999809265137,11.350628852844238,22900
2011-07-19,13.069999694824219,13.119999885559082,13.020000457763672,13.119999885559082,11.499634742736816,18400
2011-07-20,13.130000114440918,13.199999809265137,13.119999885559082,13.170000076293945,11.54345989227295,17500
2011-07-21,13.199999809265137,13.289999961853027,13.130000114440918,13.210000038146973,11.578519821166992,33400
2011-07-22,13.220000267028809,13.289999961853027,13.050000190734863,13.239999771118164,11.604811668395996,27700
2011-07-25,13.220000267028809,13.300000190734863,13.220000267028809,13.229999542236328,11.596051216125488,33100
2011-07-26,13.239999771118164,13.270000457763672,12.989999771118164,13.069999694824219,11.455810546875,14800
2011-07-27,13.039999961853027,13.039999961853027,12.760000228881836,12.789999961853027,11.210393905639648,40100
2011-07-28,12.800000190734863,12.970000267028809,12.800000190734863,12.850000381469727,11.262980461120605,20300
2011-07-29,12.670000076293945,13.220000267028809,12.670000076293945,13.199999809265137,11.569756507873535,32200
2011-08-01,13.3100004196167,13.3100004196167,12.949999809265137,13.119999885559082,11.499634742736816,14500
2011-08-02,13.029999732971191,13.09000015258789,12.789999961853027,12.8100004196167,11.227923393249512,28700
2011-08-03,12.800000190734863,12.859999656677246,12.6899995803833,12.789999961853027,11.210393905639648,33500
2011-08-04,12.640000343322754,12.699999809265137,12.130000114440918,12.25,10.737083435058594,44100
2011-08-05,12.1899995803833,12.289999961853027,11.550000190734863,11.850000381469727,10.386486053466797,76300
2011-08-08,11.529999732971191,11.529999732971191,11.0,11.09000015258789,9.720346450805664,70100
2011-08-09,11.140000343322754,11.970000267028809,11.100000381469727,11.970000267028809,10.491667747497559,63800
2011-08-10,11.899999618530273,12.09000015258789,11.470000267028809,11.550000190734863,10.123536109924316,64300
2011-08-11,11.380000114440918,11.380000114440918,10.630000114440918,11.0600004196167,9.69405460357666,120200
2011-08-12,11.140000343322754,11.140000343322754,10.279999732971191,10.789999961853027,9.4573974609375,96900
2011-08-15,10.880000114440918,11.010000228881836,10.6899995803833,10.829999923706055,9.492456436157227,57100
2011-08-16,10.75,10.779999732971191,10.630000114440918,10.670000076293945,9.352219581604004,35300
2011-08-17,10.720000267028809,10.829999923706055,10.420000076293945,10.59000015258789,9.282100677490234,73400
2011-08-18,10.390000343322754,10.390000343322754,10.050000190734863,10.119999885559082,8.870145797729492,30000
2011-08-19,10.069999694824219,10.470000267028809,10.0,10.09000015258789,8.843850135803223,36500
2011-08-22,10.260000228881836,10.260000228881836,9.75,9.989999771118164,8.756200790405273,42600
2011-08-23,10.0,10.319999694824219,9.989999771118164,10.319999694824219,9.045443534851074,37300
2011-08-24,10.229999542236328,10.40999984741211,10.119999885559082,10.239999771118164,8.975324630737305,30000
2011-08-25,10.479999542236328,10.8100004196167,10.229999542236328,10.279999732971191,9.010385513305664,59500
2011-08-26,10.239999771118164,10.380000114440918,10.130000114440918,10.359999656677246,9.08050537109375,57400
2011-08-29,10.40999984741211,10.609999656677246,10.380000114440918,10.539999961853027,9.238272666931152,33900
2011-08-30,10.510000228881836,10.779999732971191,10.510000228881836,10.729999542236328,9.404808044433594,35000
2011-08-31,10.770000457763672,10.979999542236328,10.670000076293945,10.930000305175781,9.580107688903809,37400
2011-09-01,10.960000038146973,11.050000190734863,10.859999656677246,10.899999618530273,9.553812026977539,43400
2011-09-02,10.739999771118164,10.75,10.420000076293945,10.420000076293945,9.133092880249023,12300
2011-09-06,10.270000457763672,10.350000381469727,10.050000190734863,10.149999618530273,8.896439552307129,47700
2011-09-07,10.229999542236328,10.329999923706055,10.210000038146973,10.260000228881836,8.9928560256958,22300
2011-09-08,10.279999732971191,10.3100004196167,10.100000381469727,10.140000343322754,8.887677192687988,38900
2011-09-09,10.069999694824219,10.069999694824219,9.649999618530273,9.65999984741211,8.46695613861084,34600
2011-09-12,9.479999542236328,9.59000015258789,9.350000381469727,9.59000015258789,8.405603408813477,67000
2011-09-13,9.670000076293945,10.170000076293945,9.670000076293945,9.859999656677246,8.678454399108887,70500
2011-09-14,10.039999961853027,10.34000015258789,9.949999809265137,10.25,9.021719932556152,29800
2011-09-15,10.359999656677246,10.359999656677246,10.229999542236328,10.270000457763672,9.039321899414062,30400
2011-09-16,10.289999961853027,10.399999618530273,10.260000228881836,10.300000190734863,9.065726280212402,24600
2011-09-19,10.229999542236328,10.380000114440918,10.210000038146973,10.319999694824219,9.083330154418945,30300
2011-09-20,10.279999732971191,10.489999771118164,10.210000038146973,10.210000038146973,8.9865140914917,15600
2011-09-21,10.220000267028809,10.229999542236328,9.989999771118164,9.989999771118164,8.792877197265625,25700
2011-09-22,9.630000114440918,9.819999694824219,9.489999771118164,9.779999732971191,8.608041763305664,30200
2011-09-23,9.720000267028809,9.84000015258789,9.630000114440918,9.630000114440918,8.476014137268066,46500
2011-09-26,9.640000343322754,9.970000267028809,9.600000381469727,9.949999809265137,8.757668495178223,28300
2011-09-27,10.130000114440918,10.25,9.930000305175781,9.949999809265137,8.757668495178223,26700
2011-09-28,10.029999732971191,10.170000076293945,9.819999694824219,9.84000015258789,8.660849571228027,21000
2011-09-29,9.930000305175781,9.979999542236328,9.630000114440918,9.75,8.581634521484375,39200
2011-09-30,9.600000381469727,9.699999809265137,9.3100004196167,9.3100004196167,8.19436264038086,76000
2011-10-03,9.270000457763672,9.3100004196167,8.789999961853027,8.84000015258789,7.7806830406188965,44200
2011-10-04,8.829999923706055,8.84000015258789,8.5,8.789999961853027,7.736675262451172,60300
2011-10-05,8.829999923706055,9.130000114440918,8.789999961853027,9.039999961853027,7.956715106964111,42300
2011-10-06,9.020000457763672,9.329999923706055,8.960000038146973,9.300000190734863,8.185561180114746,19000
2011-10-07,9.329999923706055,9.369999885559082,8.989999771118164,9.15999984741211,8.062335968017578,43100
2011-10-10,9.319999694824219,9.569999694824219,9.319999694824219,9.569999694824219,8.423208236694336,11900
2011-10-11,9.420000076293945,9.4399995803833,9.210000038146973,9.260000228881836,8.15035629272461,14200
2011-10-12,9.399999618530273,9.609999656677246,9.380000114440918,9.579999923706055,8.432005882263184,23700
2011-10-13,9.470000267028809,9.640000343322754,9.390000343322754,9.579999923706055,8.432005882263184,17200
2011-10-14,9.670000076293945,9.75,9.539999961853027,9.75,8.581634521484375,34100
2011-10-17,9.760000228881836,9.869999885559082,9.75,9.789999961853027,8.616843223571777,33100
2011-10-18,9.819999694824219,10.109999656677246,9.75,10.039999961853027,8.836883544921875,29800
2011-10-19,10.09000015258789,10.579999923706055,10.09000015258789,10.3100004196167,9.074528694152832,35700
2011-10-20,10.25,10.430000305175781,10.15999984741211,10.279999732971191,9.048124313354492,26600
2011-10-21,10.430000305175781,10.510000228881836,10.399999618530273,10.460000038146973,9.206555366516113,9700
2011-10-24,10.600000381469727,10.699999809265137,10.529999732971191,10.6899995803833,9.4089937210083,30000
2011-10-25,10.579999923706055,10.619999885559082,10.4399995803833,10.479999542236328,9.224159240722656,29200
2011-10-26,10.5600004196167,10.609999656677246,10.449999809265137,10.5,9.241764068603516,19300
2011-10-27,10.789999961853027,10.84000015258789,10.539999961853027,10.84000015258789,9.541020393371582,25100
2011-10-28,10.710000038146973,10.800000190734863,10.670000076293945,10.789999961853027,9.497011184692383,15500
2011-10-31,10.680000305175781,11.199999809265137,10.680000305175781,10.6899995803833,9.4089937210083,31600
2011-11-01,10.350000381469727,10.399999618530273,10.130000114440918,10.170000076293945,8.951306343078613,32300
2011-11-02,10.329999923706055,10.529999732971191,10.289999961853027,10.390000343322754,9.144943237304688,35100
2011-11-03,10.420000076293945,10.670000076293945,10.210000038146973,10.479999542236328,9.224159240722656,31900
2011-11-04,10.380000114440918,10.399999618530273,10.270000457763672,10.34000015258789,9.100934028625488,16000
2011-11-07,10.319999694824219,10.359999656677246,10.210000038146973,10.359999656677246,9.118538856506348,18700
2011-11-08,10.350000381469727,10.40999984741211,10.270000457763672,10.40999984741211,9.162546157836914,11400
2011-11-09,10.220000267028809,10.3100004196167,10.15999984741211,10.199999809265137,8.977712631225586,11900
2011-11-10,10.229999542236328,10.260000228881836,9.859999656677246,9.930000305175781,8.740068435668945,31000
2011-11-11,10.020000457763672,10.09000015258789,9.8100004196167,9.84000015258789,8.660849571228027,62200
2011-11-14,9.850000381469727,9.9399995803833,9.8100004196167,9.9399995803833,8.74886703491211,33400
2011-11-15,9.789999961853027,9.789999961853027,9.670000076293945,9.729999542236328,8.564031600952148,41200
2011-11-16,9.630000114440918,9.789999961853027,9.630000114440918,9.729999542236328,8.564031600952148,38300
2011-11-17,9.670000076293945,9.800000190734863,9.350000381469727,9.460000038146973,8.326388359069824,31000
2011-11-18,9.460000038146973,9.539999961853027,9.25,9.34000015258789,8.220767974853516,45000
2011-11-21,9.210000038146973,9.210000038146973,8.920000076293945,9.130000114440918,8.035930633544922,54200
2011-11-22,9.130000114440918,9.270000457763672,9.09000015258789,9.130000114440918,8.035930633544922,38900
2011-11-23,9.0600004196167,9.0600004196167,8.800000190734863,8.859999656677246,7.7982869148254395,19400
2011-11-25,8.789999961853027,8.989999771118164,8.789999961853027,8.90999984741211,7.842294692993164,18800
2011-11-28,9.15999984741211,9.399999618530273,9.15999984741211,9.399999618530273,8.273575782775879,21600
2011-11-29,9.289999961853027,9.369999885559082,9.289999961853027,9.329999923706055,8.211966514587402,35200
2011-11-30,9.569999694824219,9.9399995803833,9.569999694824219,9.9399995803833,8.74886703491211,27900
2011-12-01,9.880000114440918,9.989999771118164,9.630000114440918,9.680000305175781,8.52002239227295,45400
2011-12-02,9.800000190734863,9.869999885559082,9.65999984741211,9.869999885559082,8.687256813049316,25700
2011-12-05,9.9399995803833,10.180000305175781,9.9399995803833,10.180000305175781,8.960110664367676,23700
2011-12-06,10.140000343322754,10.1899995803833,10.0600004196167,10.119999885559082,8.907297134399414,22800
2011-12-07,10.09000015258789,10.109999656677246,9.970000267028809,10.079999923706055,8.872092247009277,13900
2011-12-08,9.930000305175781,9.949999809265137,9.649999618530273,9.789999961853027,8.616843223571777,22400
2011-12-09,9.779999732971191,9.970000267028809,9.779999732971191,9.880000114440918,8.69605827331543,24200
2011-12-12,9.800000190734863,9.829999923706055,9.710000038146973,9.789999961853027,8.616843223571777,15000
2011-12-13,9.819999694824219,9.90999984741211,9.550000190734863,9.59000015258789,8.475439071655273,22000
2011-12-14,9.5600004196167,9.579999923706055,9.15999984741211,9.300000190734863,8.219139099121094,36900
2011-12-15,9.34000015258789,9.430000305175781,9.289999961853027,9.300000190734863,8.219139099121094,18500
2011-12-16,9.380000114440918,9.630000114440918,9.260000228881836,9.289999961853027,8.210305213928223,28200
2011-12-19,9.359999656677246,9.449999809265137,9.3100004196167,9.3100004196167,8.227978706359863,64000
2011-12-20,9.460000038146973,9.550000190734863,9.380000114440918,9.430000305175781,8.334033966064453,34500
2011-12-21,9.34000015258789,9.399999618530273,9.149999618530273,9.25,8.174951553344727,55000
2011-12-22,9.34000015258789,9.539999961853027,9.300000190734863,9.510000228881836,8.404735565185547,66700
2011-12-23,9.479999542236328,9.670000076293945,9.470000267028809,9.59000015258789,8.475439071655273,15100
2011-12-27,9.420000076293945,9.720000267028809,9.40999984741211,9.65999984741211,8.537298202514648,19500
2011-12-28,9.630000114440918,9.760000228881836,9.449999809265137,9.5,8.395895004272461,36700
2011-12-29,9.430000305175781,9.539999961853027,9.279999732971191,9.470000267028809,8.369382858276367,25500
2011-12-30,9.5600004196167,9.760000228881836,9.5600004196167,9.699999809265137,8.572652816772461,8200
2012-01-03,9.869999885559082,9.930000305175781,9.850000381469727,9.869999885559082,8.722894668579102,10500
2012-01-04,9.84000015258789,10.210000038146973,9.800000190734863,10.149999618530273,8.970353126525879,23800
2012-01-05,10.149999618530273,10.300000190734863,9.989999771118164,10.199999809265137,9.014542579650879,15700
2012-01-06,10.220000267028809,10.25,10.039999961853027,10.140000343322754,8.961515426635742,8900
2012-01-09,10.039999961853027,10.119999885559082,9.949999809265137,9.949999809265137,8.793597221374512,11900
2012-01-10,10.0,10.100000381469727,9.949999809265137,9.949999809265137,8.793597221374512,13600
2012-01-11,9.979999542236328,9.989999771118164,9.880000114440918,9.9399995803833,8.784759521484375,5700
2012-01-12,9.960000038146973,10.460000038146973,9.960000038146973,10.199999809265137,9.014542579650879,18000
2012-01-13,10.180000305175781,10.4399995803833,10.180000305175781,10.390000343322754,9.182459831237793,29700
2012-01-17,10.550000190734863,10.550000190734863,10.40999984741211,10.529999732971191,9.30618953704834,11600
2012-01-18,10.479999542236328,10.649999618530273,10.449999809265137,10.649999618530273,9.412242889404297,14600
2012-01-19,10.640000343322754,10.920000076293945,10.569999694824219,10.84000015258789,9.580161094665527,63300
2012-01-20,10.789999961853027,10.84000015258789,10.729999542236328,10.8100004196167,9.5536470413208,15300
2012-01-23,10.819999694824219,11.010000228881836,10.819999694824219,10.9399995803833,9.668540000915527,16100
2012-01-24,10.869999885559082,11.0,10.800000190734863,10.960000038146973,9.6862154006958,46600
2012-01-25,10.869999885559082,11.020000457763672,10.789999961853027,10.899999618530273,9.633185386657715,16000
2012-01-26,11.0,11.020000457763672,10.789999961853027,10.970000267028809,9.695051193237305,39600
2012-01-27,10.930000305175781,11.020000457763672,10.930000305175781,11.020000457763672,9.73924446105957,16100
2012-01-30,10.890000343322754,10.930000305175781,10.8100004196167,10.899999618530273,9.633185386657715,8000
2012-01-31,10.949999809265137,11.25,10.949999809265137,10.960000038146973,9.6862154006958,23100
2012-02-01,11.100000381469727,11.199999809265137,10.880000114440918,10.880000114440918,9.615514755249023,36500
2012-02-02,10.970000267028809,11.020000457763672,10.880000114440918,10.920000076293945,9.650861740112305,49500
2012-02-03,11.0,11.199999809265137,10.949999809265137,11.15999984741211,9.862967491149902,14700
2012-02-06,11.039999961853027,11.079999923706055,10.979999542236328,11.079999923706055,9.792269706726074,10000
2012-02-07,10.989999771118164,11.09000015258789,10.949999809265137,11.0600004196167,9.7745943069458,12100
2012-02-08,11.109999656677246,11.15999984741211,10.869999885559082,11.069999694824219,9.783431053161621,20600
2012-02-09,10.989999771118164,11.039999961853027,10.90999984741211,10.949999809265137,9.677377700805664,10600
2012-02-10,10.800000190734863,10.890000343322754,10.670000076293945,10.670000076293945,9.42991828918457,32400
2012-02-13,10.829999923706055,10.90999984741211,10.640000343322754,10.75,9.500619888305664,14400
2012-02-14,10.75,10.770000457763672,10.600000381469727,10.680000305175781,9.438758850097656,9100
2012-02-15,10.6899995803833,10.739999771118164,10.470000267028809,10.5600004196167,9.332704544067383,24100
2012-02-16,10.529999732971191,10.65999984741211,10.449999809265137,10.65999984741211,9.421079635620117,33900
2012-02-17,10.640000343322754,10.640000343322754,10.420000076293945,10.529999732971191,9.30618953704834,19500
2012-02-21,10.479999542236328,10.720000267028809,10.479999542236328,10.720000267028809,9.47410774230957,7200
2012-02-22,10.640000343322754,10.6899995803833,10.489999771118164,10.600000381469727,9.368053436279297,17500
2012-02-23,10.699999809265137,10.75,10.619999885559082,10.699999809265137,9.456429481506348,25700
2012-02-24,10.65999984741211,10.760000228881836,10.630000114440918,10.760000228881836,9.50946044921875,12700
2012-02-27,10.699999809265137,10.779999732971191,10.699999809265137,10.699999809265137,9.456429481506348,17000
2012-02-28,10.720000267028809,10.800000190734863,10.670000076293945,10.800000190734863,9.544809341430664,11800
2012-02-29,10.819999694824219,10.930000305175781,10.720000267028809,10.789999961853027,9.535970687866211,19100
2012-03-01,10.779999732971191,10.890000343322754,10.770000457763672,10.890000343322754,9.624348640441895,13000
2012-03-02,10.84000015258789,11.0600004196167,10.819999694824219,11.010000228881836,9.730403900146484,19600
2012-03-05,11.020000457763672,11.039999961853027,10.890000343322754,10.920000076293945,9.650861740112305,12000
2012-03-06,10.819999694824219,10.819999694824219,10.539999961853027,10.6899995803833,9.447592735290527,18300
2012-03-07,10.720000267028809,10.720000267028809,10.470000267028809,10.65999984741211,9.421079635620117,16600
2012-03-08,10.760000228881836,11.050000190734863,10.760000228881836,10.84000015258789,9.580161094665527,21600
2012-03-09,10.8100004196167,11.039999961853027,10.729999542236328,10.960000038146973,9.6862154006958,13300
2012-03-12,10.930000305175781,10.930000305175781,10.539999961853027,10.59000015258789,9.359216690063477,17100
2012-03-13,10.59000015258789,10.609999656677246,10.529999732971191,10.569999694824219,9.376958847045898,12600
2012-03-14,10.59000015258789,10.760000228881836,10.479999542236328,10.520000457763672,9.332602500915527,8600
2012-03-15,10.479999542236328,10.539999961853027,10.430000305175781,10.5,9.314859390258789,13000
2012-03-16,10.470000267028809,10.520000457763672,10.229999542236328,10.260000228881836,9.101947784423828,9100
2012-03-19,10.289999961853027,10.380000114440918,10.140000343322754,10.279999732971191,9.1196928024292,16000
2012-03-20,10.220000267028809,10.220000267028809,10.079999923706055,10.149999618530273,9.004362106323242,35500
2012-03-21,10.09000015258789,10.100000381469727,9.979999542236328,9.989999771118164,8.862421035766602,54900
2012-03-22,9.920000076293945,9.949999809265137,9.850000381469727,9.9399995803833,8.818068504333496,45800
2012-03-23,9.920000076293945,10.0600004196167,9.880000114440918,10.010000228881836,8.880165100097656,10000
2012-03-26,10.149999618530273,10.40999984741211,10.140000343322754,10.300000190734863,9.137431144714355,20300
2012-03-27,10.270000457763672,10.270000457763672,10.09000015258789,10.140000343322754,8.995492935180664,17500
2012-03-28,10.180000305175781,10.199999809265137,10.09000015258789,10.149999618530273,9.004362106323242,15800
2012-03-29,10.119999885559082,10.140000343322754,9.949999809265137,10.119999885559082,8.977750778198242,14800
2012-03-30,10.130000114440918,10.260000228881836,10.109999656677246,10.229999542236328,9.075337409973145,6100
2012-04-02,10.220000267028809,10.319999694824219,10.140000343322754,10.229999542236328,9.075337409973145,43300
2012-04-03,10.350000381469727,10.869999885559082,10.350000381469727,10.699999809265137,9.492283821105957,87200
2012-04-04,10.550000190734863,10.550000190734863,10.369999885559082,10.369999885559082,9.199532508850098,7000
2012-04-05,10.380000114440918,10.449999809265137,10.229999542236328,10.369999885559082,9.199532508850098,36600
2012-04-09,10.260000228881836,10.300000190734863,10.180000305175781,10.210000038146973,9.05759334564209,9100
2012-04-10,10.180000305175781,10.1899995803833,9.930000305175781,10.0,8.871291160583496,8200
2012-04-11,10.09000015258789,10.350000381469727,10.069999694824219,10.3100004196167,9.146305084228516,21100
2012-04-12,10.399999618530273,10.529999732971191,10.3100004196167,10.369999885559082,9.199532508850098,18300
2012-04-13,10.430000305175781,10.430000305175781,10.020000457763672,10.020000457763672,8.8890380859375,9800
2012-04-16,10.140000343322754,10.390000343322754,10.140000343322754,10.25,9.093076705932617,13700
2012-04-17,10.420000076293945,10.789999961853027,10.399999618530273,10.729999542236328,9.518899917602539,23600
2012-04-18,10.65999984741211,10.899999618530273,10.640000343322754,10.829999923706055,9.607612609863281,11200
2012-04-19,10.800000190734863,10.819999694824219,10.630000114440918,10.630000114440918,9.43018913269043,9200
2012-04-20,10.739999771118164,10.779999732971191,10.680000305175781,10.729999542236328,9.518899917602539,7300
2012-04-23,10.630000114440918,10.75,10.5,10.739999771118164,9.52777099609375,6000
2012-04-24,10.699999809265137,10.819999694824219,10.670000076293945,10.6899995803833,9.483414649963379,12000
2012-04-25,10.850000381469727,10.970000267028809,10.670000076293945,10.6899995803833,9.483414649963379,28600
2012-04-26,10.739999771118164,10.899999618530273,10.699999809265137,10.829999923706055,9.607612609863281,4700
2012-04-27,10.899999618530273,10.920000076293945,10.739999771118164,10.890000343322754,9.66084098815918,9500
2012-04-30,10.819999694824219,10.930000305175781,10.789999961853027,10.930000305175781,9.696324348449707,18000
2012-05-01,10.869999885559082,10.930000305175781,10.819999694824219,10.90999984741211,9.678583145141602,5600
2012-05-02,10.829999923706055,10.920000076293945,10.789999961853027,10.920000076293945,9.687454223632812,7900
2012-05-03,10.90999984741211,10.90999984741211,10.609999656677246,10.609999656677246,9.412444114685059,5400
2012-05-04,10.579999923706055,10.649999618530273,10.369999885559082,10.369999885559082,9.199532508850098,5900
2012-05-07,10.390000343322754,10.390000343322754,10.25,10.380000114440918,9.208404541015625,19000
2012-05-08,10.430000305175781,10.430000305175781,9.899999618530273,10.109999656677246,8.968878746032715,43900
2012-05-09,10.010000228881836,10.220000267028809,9.970000267028809,10.130000114440918,8.986626625061035,11000
2012-05-10,10.130000114440918,10.220000267028809,10.0600004196167,10.09000015258789,8.951135635375977,12000
2012-05-11,10.15999984741211,10.399999618530273,10.100000381469727,10.100000381469727,8.960004806518555,11000
2012-05-14,10.100000381469727,10.220000267028809,9.970000267028809,10.140000343322754,8.995492935180664,3600
2012-05-15,10.130000114440918,10.220000267028809,9.920000076293945,9.960000038146973,8.835810661315918,11000
2012-05-16,9.979999542236328,10.010000228881836,9.859999656677246,9.869999885559082,8.75596809387207,26800
2012-05-17,9.920000076293945,9.989999771118164,9.800000190734863,9.930000305175781,8.809197425842285,17000
2012-05-18,9.9399995803833,10.369999885559082,9.899999618530273,10.050000190734863,8.9156494140625,27900
2012-05-21,10.050000190734863,10.220000267028809,9.90999984741211,10.119999885559082,8.977750778198242,16600
2012-05-22,10.09000015258789,10.199999809265137,10.010000228881836,10.039999961853027,8.906780242919922,12000
2012-05-23,9.979999542236328,10.100000381469727,9.75,9.890000343322754,8.773714065551758,18000
2012-05-24,9.9399995803833,9.979999542236328,9.819999694824219,9.869999885559082,8.75596809387207,13100
2012-05-25,9.84000015258789,9.850000381469727,9.75,9.850000381469727,8.738224983215332,5300
2012-05-29,9.890000343322754,9.890000343322754,9.800000190734863,9.800000190734863,8.693870544433594,9900
2012-05-30,9.75,9.770000457763672,9.670000076293945,9.770000457763672,8.667256355285645,12000
2012-05-31,9.729999542236328,9.760000228881836,9.609999656677246,9.739999771118164,8.640641212463379,30500
2012-06-01,9.619999885559082,9.710000038146973,9.59000015258789,9.649999618530273,8.560799598693848,10700
2012-06-04,9.65999984741211,9.65999984741211,9.1899995803833,9.359999656677246,8.3035306930542,19600
2012-06-05,9.40999984741211,9.470000267028809,9.319999694824219,9.359999656677246,8.3035306930542,18200
2012-06-06,9.539999961853027,9.600000381469727,9.5,9.539999961853027,8.463215827941895,14500
2012-06-07,9.59000015258789,9.609999656677246,9.329999923706055,9.380000114440918,8.321273803710938,41400
2012-06-08,9.359999656677246,9.550000190734863,9.289999961853027,9.529999732971191,8.45434284210205,13900
2012-06-11,9.520000457763672,9.760000228881836,9.460000038146973,9.489999771118164,8.418856620788574,25000
2012-06-12,9.6899995803833,9.779999732971191,9.529999732971191,9.710000038146973,8.61402702331543,16100
2012-06-13,9.710000038146973,9.90999984741211,9.5600004196167,9.59000015258789,8.541878700256348,12500
2012-06-14,9.670000076293945,9.670000076293945,9.449999809265137,9.5,8.461714744567871,10000
2012-06-15,9.449999809265137,9.489999771118164,9.40999984741211,9.479999542236328,8.443900108337402,20600
2012-06-18,9.449999809265137,9.529999732971191,9.420000076293945,9.510000228881836,8.470623970031738,11400
2012-06-19,9.600000381469727,9.850000381469727,9.5600004196167,9.770000457763672,8.702208518981934,8700
2012-06-20,9.8100004196167,9.949999809265137,9.770000457763672,9.800000190734863,8.72892951965332,11500
2012-06-21,9.800000190734863,9.899999618530273,9.619999885559082,9.630000114440918,8.577508926391602,28700
2012-06-22,9.6899995803833,9.710000038146973,9.5,9.529999732971191,8.488435745239258,6100
2012-06-25,9.5,9.520000457763672,9.210000038146973,9.270000457763672,8.256854057312012,16000
2012-06-26,9.270000457763672,9.300000190734863,9.170000076293945,9.289999961853027,8.274666786193848,9600
2012-06-27,9.369999885559082,9.479999542236328,9.359999656677246,9.430000305175781,8.399369239807129,6700
2012-06-28,9.3100004196167,9.430000305175781,9.25,9.359999656677246,8.337016105651855,7000
2012-06-29,9.539999961853027,9.770000457763672,9.539999961853027,9.680000305175781,8.622042655944824,3800
2012-07-02,9.729999542236328,9.829999923706055,9.619999885559082,9.729999542236328,8.666579246520996,2500
2012-07-03,9.829999923706055,9.869999885559082,9.75,9.8100004196167,8.737835884094238,5400
2012-07-05,9.800000190734863,10.109999656677246,9.800000190734863,10.010000228881836,8.915974617004395,11500
2012-07-06,9.970000267028809,9.970000267028809,9.789999961853027,9.869999885559082,8.791277885437012,4200
2012-07-09,9.859999656677246,9.859999656677246,9.6899995803833,9.720000267028809,8.657671928405762,2700
2012-07-10,9.8100004196167,9.829999923706055,9.739999771118164,9.770000457763672,8.702208518981934,3100
2012-07-11,9.789999961853027,9.899999618530273,9.789999961853027,9.869999885559082,8.791277885437012,53600
2012-07-12,9.869999885559082,9.880000114440918,9.760000228881836,9.8100004196167,8.737835884094238,14000
2012-07-13,9.84000015258789,9.979999542236328,9.84000015258789,9.920000076293945,8.835813522338867,11000
2012-07-16,9.90999984741211,9.949999809265137,9.859999656677246,9.920000076293945,8.835813522338867,6200
2012-07-17,9.90999984741211,9.970000267028809,9.850000381469727,9.960000038146973,8.871441841125488,16400
2012-07-18,9.920000076293945,10.020000457763672,9.920000076293945,9.9399995803833,8.853629112243652,12200
2012-07-19,9.970000267028809,10.079999923706055,9.9399995803833,10.079999923706055,8.978325843811035,5500
2012-07-20,10.010000228881836,10.109999656677246,9.989999771118164,10.0,8.90706729888916,6500
2012-07-23,9.869999885559082,9.979999542236328,9.850000381469727,9.920000076293945,8.835813522338867,4700
2012-07-24,9.90999984741211,9.90999984741211,9.760000228881836,9.789999961853027,8.72002124786377,2100
2012-07-25,9.829999923706055,10.079999923706055,9.829999923706055,10.039999961853027,8.942697525024414,4700
2012-07-26,10.130000114440918,10.15999984741211,10.0,10.100000381469727,8.996137619018555,29600
2012-07-27,10.0600004196167,10.1899995803833,9.979999542236328,10.149999618530273,9.04067325592041,23900
2012-07-30,10.079999923706055,10.140000343322754,10.0600004196167,10.100000381469727,8.996137619018555,15400
2012-07-31,10.130000114440918,10.149999618530273,10.039999961853027,10.109999656677246,9.005046844482422,21200
2012-08-01,10.0600004196167,10.0600004196167,9.880000114440918,9.9399995803833,8.853629112243652,61800
2012-08-02,9.90999984741211,9.930000305175781,9.829999923706055,9.880000114440918,8.800186157226562,14700
2012-08-03,9.979999542236328,10.109999656677246,9.9399995803833,9.970000267028809,8.880350112915039,7000
2012-08-06,9.880000114440918,10.149999618530273,9.880000114440918,10.0,8.90706729888916,4400
2012-08-07,10.029999732971191,10.140000343322754,10.029999732971191,10.09000015258789,8.987232208251953,8600
2012-08-08,10.039999961853027,10.149999618530273,10.029999732971191,10.149999618530273,9.04067325592041,10800
2012-08-09,10.149999618530273,10.350000381469727,10.149999618530273,10.260000228881836,9.138652801513672,21200
2012-08-10,10.289999961853027,10.300000190734863,10.199999809265137,10.279999732971191,9.156469345092773,10700
2012-08-13,10.229999542236328,10.229999542236328,10.09000015258789,10.119999885559082,9.013954162597656,7400
2012-08-14,10.119999885559082,10.239999771118164,10.079999923706055,10.079999923706055,8.978325843811035,11500
2012-08-15,10.050000190734863,10.130000114440918,10.050000190734863,10.119999885559082,9.013954162597656,9100
2012-08-16,10.109999656677246,10.15999984741211,10.050000190734863,10.130000114440918,9.022865295410156,6800
2012-08-17,10.130000114440918,10.1899995803833,10.100000381469727,10.15999984741211,9.04958438873291,18100
2012-08-20,10.149999618530273,10.210000038146973,10.100000381469727,10.210000038146973,9.09411907196045,24300
2012-08-21,10.270000457763672,10.350000381469727,10.270000457763672,10.289999961853027,9.165374755859375,5600
2012-08-22,10.260000228881836,10.260000228881836,10.119999885559082,10.210000038146973,9.09411907196045,9300
2012-08-23,10.199999809265137,10.25,10.170000076293945,10.180000305175781,9.067399978637695,7800
2012-08-24,10.15999984741211,10.220000267028809,10.15999984741211,10.1899995803833,9.07630443572998,20900
2012-08-27,10.210000038146973,10.210000038146973,10.130000114440918,10.130000114440918,9.022865295410156,4900
2012-08-28,10.1899995803833,10.229999542236328,10.149999618530273,10.170000076293945,9.058489799499512,13900
2012-08-29,10.210000038146973,10.359999656677246,10.199999809265137,10.350000381469727,9.218816757202148,4300
2012-08-30,10.3100004196167,10.3100004196167,10.180000305175781,10.199999809265137,9.085211753845215,16400
2012-08-31,10.199999809265137,10.319999694824219,10.1899995803833,10.25,9.129745483398438,56000
2012-09-04,10.260000228881836,10.289999961853027,10.199999809265137,10.260000228881836,9.138652801513672,9300
2012-09-05,10.180000305175781,10.210000038146973,9.949999809265137,10.1899995803833,9.07630443572998,4700
2012-09-06,10.329999923706055,10.40999984741211,10.229999542236328,10.359999656677246,9.227724075317383,22300
2012-09-07,10.430000305175781,10.729999542236328,10.430000305175781,10.630000114440918,9.468216896057129,11100
2012-09-10,10.579999923706055,10.680000305175781,10.539999961853027,10.550000190734863,9.396957397460938,29900
2012-09-11,10.619999885559082,10.699999809265137,10.59000015258789,10.630000114440918,9.468216896057129,28900
2012-09-12,10.600000381469727,10.619999885559082,10.430000305175781,10.460000038146973,9.361711502075195,16300
2012-09-13,10.520000457763672,10.6899995803833,10.449999809265137,10.6899995803833,9.567559242248535,5500
2012-09-14,10.699999809265137,10.869999885559082,10.59000015258789,10.8100004196167,9.674960136413574,12000
2012-09-17,10.800000190734863,10.819999694824219,10.630000114440918,10.630000114440918,9.513861656188965,6900
2012-09-18,10.65999984741211,10.65999984741211,10.520000457763672,10.649999618530273,9.531760215759277,11100
2012-09-19,10.649999618530273,10.890000343322754,10.649999618530273,10.859999656677246,9.719710350036621,19500
2012-09-20,10.829999923706055,10.920000076293945,10.829999923706055,10.890000343322754,9.746562004089355,8100
2012-09-21,10.949999809265137,10.949999809265137,10.739999771118164,10.739999771118164,9.612308502197266,9900
2012-09-24,10.710000038146973,10.729999542236328,10.579999923706055,10.710000038146973,9.585460662841797,11200
2012-09-25,10.720000267028809,10.739999771118164,10.670000076293945,10.680000305175781,9.558611869812012,9900
2012-09-26,10.630000114440918,10.630000114440918,10.529999732971191,10.529999732971191,9.424361228942871,14100
2012-09-27,10.579999923706055,10.699999809265137,10.520000457763672,10.65999984741211,9.5407133102417,8800
2012-09-28,10.5600004196167,10.6899995803833,10.470000267028809,10.6899995803833,9.567559242248535,7100
2012-10-01,10.699999809265137,10.710000038146973,10.539999961853027,10.539999961853027,9.433310508728027,22100
2012-10-02,10.65999984741211,10.75,10.600000381469727,10.75,9.621260643005371,7600
2012-10-03,10.720000267028809,10.720000267028809,10.619999885559082,10.649999618530273,9.531760215759277,9400
2012-10-04,10.729999542236328,10.789999961853027,10.649999618530273,10.680000305175781,9.558611869812012,5100
2012-10-05,10.829999923706055,10.859999656677246,10.729999542236328,10.75,9.621260643005371,4500
2012-10-08,10.779999732971191,10.779999732971191,10.609999656677246,10.630000114440918,9.513861656188965,9500
2012-10-09,10.720000267028809,10.779999732971191,10.5600004196167,10.579999923706055,9.469109535217285,4800
2012-10-10,10.600000381469727,10.600000381469727,10.399999618530273,10.399999618530273,9.308009147644043,7000
2012-10-11,10.5600004196167,10.680000305175781,10.5,10.539999961853027,9.433310508728027,7700
2012-10-12,10.529999732971191,10.529999732971191,10.399999618530273,10.529999732971191,9.424361228942871,9200
2012-10-15,10.529999732971191,10.880000114440918,10.529999732971191,10.880000114440918,9.737610816955566,17000
2012-10-16,10.699999809265137,10.859999656677246,10.6899995803833,10.819999694824219,9.68391227722168,7600
2012-10-17,10.829999923706055,10.880000114440918,10.729999542236328,10.880000114440918,9.737610816955566,6100
2012-10-18,10.829999923706055,10.899999618530273,10.760000228881836,10.800000190734863,9.666008949279785,11400
2012-10-19,10.84000015258789,10.9399995803833,10.729999542236328,10.8100004196167,9.674960136413574,6200
2012-10-22,10.699999809265137,10.720000267028809,10.449999809265137,10.510000228881836,9.406464576721191,8800
2012-10-23,10.520000457763672,10.5600004196167,10.430000305175781,10.479999542236328,9.379611015319824,13100
2012-10-24,10.579999923706055,10.579999923706055,10.399999618530273,10.5,9.397510528564453,5200
2012-10-25,10.5,10.640000343322754,10.470000267028809,10.630000114440918,9.513861656188965,16400
2012-10-26,10.619999885559082,10.920000076293945,10.619999885559082,10.859999656677246,9.719710350036621,14700
2012-10-31,10.760000228881836,11.09000015258789,10.670000076293945,10.90999984741211,9.764460563659668,17700
2012-11-01,10.979999542236328,10.989999771118164,10.779999732971191,10.890000343322754,9.746562004089355,30100
2012-11-02,10.90999984741211,10.90999984741211,10.640000343322754,10.710000038146973,9.585460662841797,13900
2012-11-05,10.619999885559082,10.699999809265137,10.609999656677246,10.699999809265137,9.576509475708008,7500
2012-11-06,10.630000114440918,10.680000305175781,10.600000381469727,10.670000076293945,9.549660682678223,10800
2012-11-07,10.600000381469727,10.619999885559082,10.369999885559082,10.460000038146973,9.361711502075195,17500
2012-11-08,10.3100004196167,10.3100004196167,10.079999923706055,10.289999961853027,9.209562301635742,57000
2012-11-09,10.149999618530273,10.149999618530273,9.899999618530273,9.899999618530273,8.860509872436523,32100
2012-11-12,9.9399995803833,9.970000267028809,9.819999694824219,9.890000343322754,8.851564407348633,18100
2012-11-13,9.890000343322754,9.930000305175781,9.819999694824219,9.930000305175781,8.887360572814941,42000
2012-11-14,9.920000076293945,9.920000076293945,9.600000381469727,9.6899995803833,8.672557830810547,14500
2012-11-15,9.630000114440918,9.630000114440918,9.3100004196167,9.380000114440918,8.395108222961426,61900
2012-11-16,9.460000038146973,9.529999732971191,9.4399995803833,9.5,8.502509117126465,16400
2012-11-19,9.630000114440918,9.670000076293945,9.59000015258789,9.649999618530273,8.636761665344238,13600
2012-11-20,9.59000015258789,9.59000015258789,9.40999984741211,9.539999961853027,8.538310050964355,24700
2012-11-21,9.470000267028809,9.59000015258789,9.40999984741211,9.59000015258789,8.583059310913086,17400
2012-11-23,9.699999809265137,9.779999732971191,9.6899995803833,9.779999732971191,8.753108978271484,10400
2012-11-26,9.680000305175781,9.680000305175781,9.460000038146973,9.520000457763672,8.520410537719727,45900
2012-11-27,9.5,9.579999923706055,9.5,9.579999923706055,8.57411003112793,19200
2012-11-28,9.529999732971191,9.670000076293945,9.520000457763672,9.65999984741211,8.645707130432129,15300
2012-11-29,9.609999656677246,9.729999542236328,9.609999656677246,9.670000076293945,8.654662132263184,7400
2012-11-30,9.680000305175781,9.930000305175781,9.630000114440918,9.930000305175781,8.887360572814941,47300
2012-12-03,9.880000114440918,9.9399995803833,9.8100004196167,9.8100004196167,8.779958724975586,44100
2012-12-04,9.8100004196167,9.970000267028809,9.770000457763672,9.8100004196167,8.779958724975586,34800
2012-12-05,9.859999656677246,9.989999771118164,9.829999923706055,9.859999656677246,8.82470989227295,14200
2012-12-06,9.869999885559082,10.3100004196167,9.869999885559082,10.170000076293945,9.102161407470703,29900
2012-12-07,10.199999809265137,10.199999809265137,10.039999961853027,10.039999961853027,8.985811233520508,11100
2012-12-10,10.130000114440918,10.15999984741211,10.109999656677246,10.130000114440918,9.066361427307129,8900
2012-12-11,10.15999984741211,10.319999694824219,10.119999885559082,10.180000305175781,9.11111068725586,11600
2012-12-12,10.199999809265137,10.300000190734863,9.9399995803833,10.15999984741211,9.138092994689941,61200
2012-12-13,10.15999984741211,10.279999732971191,10.140000343322754,10.170000076293945,9.147086143493652,16400
2012-12-14,10.149999618530273,10.180000305175781,10.0,10.029999732971191,9.02116870880127,12300
2012-12-17,10.130000114440918,10.260000228881836,10.130000114440918,10.210000038146973,9.183065414428711,36000
2012-12-18,10.199999809265137,10.390000343322754,10.119999885559082,10.390000343322754,9.34495735168457,41100
2012-12-19,10.34000015258789,10.430000305175781,10.3100004196167,10.3100004196167,9.273005485534668,6500
2012-12-20,10.380000114440918,10.390000343322754,10.260000228881836,10.279999732971191,9.246024131774902,22200
2012-12-21,10.229999542236328,10.380000114440918,10.180000305175781,10.350000381469727,9.308980941772461,26100
2012-12-24,10.329999923706055,10.380000114440918,10.239999771118164,10.25,9.219040870666504,24100
2012-12-26,10.210000038146973,10.359999656677246,10.140000343322754,10.270000457763672,9.237028121948242,9700
2012-12-27,10.3100004196167,10.34000015258789,10.229999542236328,10.279999732971191,9.246024131774902,14400
2012-12-28,10.289999961853027,10.319999694824219,10.039999961853027,10.039999961853027,9.03016185760498,11000
2012-12-31,10.039999961853027,10.170000076293945,10.039999961853027,10.149999618530273,9.129096031188965,28000
2013-01-02,10.369999885559082,10.40999984741211,10.300000190734863,10.300000190734863,9.264010429382324,22600
2013-01-03,10.34000015258789,10.40999984741211,10.229999542236328,10.34000015258789,9.299986839294434,42400
2013-01-04,10.300000190734863,10.390000343322754,10.229999542236328,10.390000343322754,9.34495735168457,15900
2013-01-07,10.3100004196167,10.430000305175781,10.300000190734863,10.380000114440918,9.335965156555176,20000
2013-01-08,10.3100004196167,10.3100004196167,10.199999809265137,10.289999961853027,9.25501823425293,13300
2013-01-09,10.3100004196167,10.4399995803833,10.260000228881836,10.420000076293945,9.371941566467285,28100
2013-01-10,10.489999771118164,10.779999732971191,10.460000038146973,10.699999809265137,9.623777389526367,26900
2013-01-11,10.720000267028809,10.850000381469727,10.710000038146973,10.729999542236328,9.65075969696045,30300
2013-01-14,10.75,10.779999732971191,10.680000305175781,10.680000305175781,9.605791091918945,6400
2013-01-15,10.680000305175781,10.729999542236328,10.619999885559082,10.619999885559082,9.551826477050781,24700
2013-01-16,10.619999885559082,10.65999984741211,10.550000190734863,10.5600004196167,9.497861862182617,11700
2013-01-17,10.630000114440918,10.819999694824219,10.579999923706055,10.680000305175781,9.605791091918945,69700
2013-01-18,10.670000076293945,10.850000381469727,10.670000076293945,10.850000381469727,9.758692741394043,24700
2013-01-22,10.710000038146973,10.899999618530273,10.670000076293945,10.859999656677246,9.767683982849121,10300
2013-01-23,10.8100004196167,10.8100004196167,10.6899995803833,10.6899995803833,9.61478328704834,19200
2013-01-24,10.680000305175781,10.859999656677246,10.680000305175781,10.819999694824219,9.731708526611328,8100
2013-01-25,10.760000228881836,10.819999694824219,10.75,10.779999732971191,9.695732116699219,10400
2013-01-28,10.770000457763672,10.819999694824219,10.720000267028809,10.779999732971191,9.695732116699219,28000
2013-01-29,10.789999961853027,10.90999984741211,10.789999961853027,10.90999984741211,9.812657356262207,17700
2013-01-30,10.8100004196167,10.850000381469727,10.729999542236328,10.789999961853027,9.704726219177246,12800
2013-01-31,10.770000457763672,10.930000305175781,10.739999771118164,10.779999732971191,9.695732116699219,20900
2013-02-01,10.800000190734863,10.859999656677246,10.760000228881836,10.819999694824219,9.731708526611328,24800
2013-02-04,10.819999694824219,10.880000114440918,10.739999771118164,10.779999732971191,9.695732116699219,39300
2013-02-05,10.8100004196167,10.90999984741211,10.770000457763672,10.890000343322754,9.794669151306152,19000
2013-02-06,10.779999732971191,10.880000114440918,10.739999771118164,10.829999923706055,9.740704536437988,13700
2013-02-07,10.739999771118164,10.84000015258789,10.720000267028809,10.84000015258789,9.749696731567383,8700
2013-02-08,10.779999732971191,10.90999984741211,10.779999732971191,10.859999656677246,9.767683982849121,15300
2013-02-11,10.789999961853027,10.789999961853027,10.699999809265137,10.789999961853027,9.704726219177246,7500
2013-02-12,10.829999923706055,10.84000015258789,10.729999542236328,10.75,9.668749809265137,4900
2013-02-13,10.65999984741211,10.6899995803833,10.5,10.529999732971191,9.470877647399902,29100
2013-02-14,10.460000038146973,10.479999542236328,10.270000457763672,10.470000267028809,9.416914939880371,33000
2013-02-15,10.390000343322754,10.470000267028809,10.350000381469727,10.470000267028809,9.416914939880371,20400
2013-02-19,10.319999694824219,10.40999984741211,10.300000190734863,10.399999618530273,9.353952407836914,20700
2013-02-20,10.359999656677246,10.359999656677246,10.229999542236328,10.260000228881836,9.228034019470215,16300
2013-02-21,10.199999809265137,10.199999809265137,10.0600004196167,10.09000015258789,9.075133323669434,13600
2013-02-22,9.989999771118164,10.079999923706055,9.970000267028809,10.050000190734863,9.039155006408691,16900
2013-02-25,10.020000457763672,10.09000015258789,9.970000267028809,10.0,8.994184494018555,22400
2013-02-26,10.010000228881836,10.010000228881836,9.869999885559082,9.960000038146973,8.958209991455078,47600
2013-02-27,9.90999984741211,9.920000076293945,9.760000228881836,9.899999618530273,8.904243469238281,33000
2013-02-28,9.869999885559082,9.890000343322754,9.770000457763672,9.800000190734863,8.814300537109375,67500
2013-03-01,9.789999961853027,9.9399995803833,9.779999732971191,9.9399995803833,8.94021987915039,12500
2013-03-04,9.819999694824219,9.869999885559082,9.800000190734863,9.829999923706055,8.841283798217773,11200
2013-03-05,9.899999618530273,9.949999809265137,9.819999694824219,9.819999694824219,8.832290649414062,15500
2013-03-06,9.859999656677246,9.869999885559082,9.819999694824219,9.859999656677246,8.868267059326172,16700
2013-03-07,9.890000343322754,10.079999923706055,9.890000343322754,10.0,8.994184494018555,21700
2013-03-08,10.140000343322754,10.140000343322754,9.970000267028809,9.989999771118164,8.985190391540527,10900
2013-03-11,10.039999961853027,10.039999961853027,9.890000343322754,9.899999618530273,8.904243469238281,7000
2013-03-12,10.010000228881836,10.119999885559082,10.0,10.029999732971191,9.02116870880127,20900
2013-03-13,10.020000457763672,10.020000457763672,9.90999984741211,9.949999809265137,8.994050979614258,22200
2013-03-14,9.949999809265137,10.069999694824219,9.949999809265137,10.050000190734863,9.084441184997559,9900
2013-03-15,10.069999694824219,10.100000381469727,9.989999771118164,10.079999923706055,9.111560821533203,19400
2013-03-18,9.960000038146973,10.050000190734863,9.960000038146973,9.970000267028809,9.012130737304688,16800
2013-03-19,9.949999809265137,9.979999542236328,9.890000343322754,9.90999984741211,8.957895278930664,13600
2013-03-20,9.960000038146973,9.960000038146973,9.90999984741211,9.9399995803833,8.985010147094727,11900
2013-03-21,9.979999542236328,9.989999771118164,9.90999984741211,9.949999809265137,8.994050979614258,24800
2013-03-22,9.930000305175781,9.989999771118164,9.920000076293945,9.930000305175781,8.975973129272461,7800
2013-03-25,9.949999809265137,9.979999542236328,9.819999694824219,9.859999656677246,8.912697792053223,21300
2013-03-26,9.84000015258789,9.850000381469727,9.699999809265137,9.829999923706055,8.885578155517578,28100
2013-03-27,9.770000457763672,9.90999984741211,9.640000343322754,9.84000015258789,8.89461898803711,21200
2013-03-28,9.84000015258789,9.899999618530273,9.760000228881836,9.770000457763672,8.831345558166504,21800
2013-04-01,9.75,9.859999656677246,9.680000305175781,9.760000228881836,8.822304725646973,36200
2013-04-02,9.800000190734863,9.84000015258789,9.699999809265137,9.720000267028809,8.786149024963379,19400
2013-04-03,9.770000457763672,9.880000114440918,9.770000457763672,9.8100004196167,8.867501258850098,8200
2013-04-04,9.779999732971191,9.859999656677246,9.699999809265137,9.699999809265137,8.76806926727295,15600
2013-04-05,9.65999984741211,9.739999771118164,9.600000381469727,9.739999771118164,8.80422592163086,17200
2013-04-08,9.739999771118164,9.739999771118164,9.670000076293945,9.670000076293945,8.740954399108887,18200
2013-04-09,9.789999961853027,9.899999618530273,9.720000267028809,9.84000015258789,8.89461898803711,21800
2013-04-10,9.890000343322754,10.010000228881836,9.869999885559082,9.989999771118164,9.030206680297852,7900
2013-04-11,9.979999542236328,10.109999656677246,9.979999542236328,10.079999923706055,9.111560821533203,9800
2013-04-12,10.069999694824219,10.229999542236328,10.069999694824219,10.220000267028809,9.238112449645996,20700
2013-04-15,10.119999885559082,10.149999618530273,9.960000038146973,9.960000038146973,9.003090858459473,28300
2013-04-16,9.930000305175781,10.149999618530273,9.930000305175781,10.100000381469727,9.129637718200684,12600
2013-04-17,10.069999694824219,10.130000114440918,9.869999885559082,9.869999885559082,8.921733856201172,12200
2013-04-18,10.020000457763672,10.199999809265137,10.020000457763672,10.069999694824219,9.102521896362305,15600
2013-04-19,10.140000343322754,10.34000015258789,10.100000381469727,10.270000457763672,9.283305168151855,28100
2013-04-22,10.300000190734863,10.3100004196167,10.210000038146973,10.279999732971191,9.292346954345703,17800
2013-04-23,10.289999961853027,10.40999984741211,10.260000228881836,10.369999885559082,9.373698234558105,18200
2013-04-24,10.390000343322754,10.470000267028809,10.380000114440918,10.390000343322754,9.391776084899902,14500
2013-04-25,10.430000305175781,10.569999694824219,10.420000076293945,10.460000038146973,9.45505428314209,27300
2013-04-26,10.539999961853027,10.720000267028809,10.520000457763672,10.710000038146973,9.681034088134766,12500
2013-04-29,10.699999809265137,10.850000381469727,10.6899995803833,10.729999542236328,9.69911003112793,15500
2013-04-30,10.710000038146973,10.859999656677246,10.710000038146973,10.829999923706055,9.789505958557129,35000
2013-05-01,10.75,10.75,10.59000015258789,10.619999885559082,9.599681854248047,7500
2013-05-02,10.569999694824219,10.609999656677246,10.420000076293945,10.510000228881836,9.500250816345215,25100
2013-05-03,10.520000457763672,10.770000457763672,10.510000228881836,10.770000457763672,9.735271453857422,12000
2013-05-06,10.65999984741211,10.789999961853027,10.65999984741211,10.789999961853027,9.753347396850586,36800
2013-05-07,10.739999771118164,10.9399995803833,10.739999771118164,10.9399995803833,9.888936996459961,69700
2013-05-08,10.850000381469727,10.989999771118164,10.819999694824219,10.949999809265137,9.897974967956543,164300
2013-05-09,10.850000381469727,10.9399995803833,10.850000381469727,10.899999618530273,9.852778434753418,34500
2013-05-10,10.850000381469727,10.979999542236328,10.789999961853027,10.930000305175781,9.879895210266113,29400
2013-05-13,10.899999618530273,10.9399995803833,10.670000076293945,10.770000457763672,9.735271453857422,92900
2013-05-14,10.609999656677246,10.899999618530273,10.609999656677246,10.779999732971191,9.744308471679688,64900
2013-05-15,10.680000305175781,10.710000038146973,10.420000076293945,10.430000305175781,9.427934646606445,166600
2013-05-16,10.470000267028809,11.25,10.470000267028809,11.050000190734863,9.988367080688477,187600
2013-05-17,10.8100004196167,10.869999885559082,10.539999961853027,10.640000343322754,9.617758750915527,267600
2013-05-20,10.6899995803833,10.789999961853027,10.640000343322754,10.720000267028809,9.69007396697998,13100
2013-05-21,10.65999984741211,10.6899995803833,10.5600004196167,10.649999618530273,9.626795768737793,33200
2013-05-22,10.609999656677246,10.619999885559082,10.319999694824219,10.350000381469727,9.355619430541992,27900
2013-05-23,10.34000015258789,10.6899995803833,10.239999771118164,10.649999618530273,9.626795768737793,27500
2013-05-24,10.5,10.600000381469727,10.399999618530273,10.510000228881836,9.500250816345215,8800
2013-05-28,10.579999923706055,10.600000381469727,10.34000015258789,10.350000381469727,9.355619430541992,23100
2013-05-29,10.329999923706055,10.550000190734863,10.289999961853027,10.529999732971191,9.518326759338379,96600
2013-05-30,10.510000228881836,10.600000381469727,10.449999809265137,10.539999961853027,9.527364730834961,38700
2013-05-31,10.430000305175781,10.430000305175781,10.25,10.300000190734863,9.310422897338867,44800
2013-06-03,10.319999694824219,10.399999618530273,10.279999732971191,10.380000114440918,9.382739067077637,13800
2013-06-04,10.319999694824219,10.579999923706055,10.260000228881836,10.569999694824219,9.554483413696289,28600
2013-06-05,10.520000457763672,10.520000457763672,10.199999809265137,10.229999542236328,9.247150421142578,13500
2013-06-06,10.239999771118164,10.399999618530273,10.180000305175781,10.359999656677246,9.364657402038574,42000
2013-06-07,10.4399995803833,10.5600004196167,10.380000114440918,10.430000305175781,9.427934646606445,29500
2013-06-10,10.4399995803833,10.579999923706055,10.359999656677246,10.369999885559082,9.373698234558105,27200
2013-06-11,10.329999923706055,10.510000228881836,10.319999694824219,10.350000381469727,9.355619430541992,8400
2013-06-12,10.359999656677246,10.380000114440918,10.180000305175781,10.180000305175781,9.206399917602539,16000
2013-06-13,10.279999732971191,10.479999542236328,10.270000457763672,10.359999656677246,9.369185447692871,13800
2013-06-14,10.399999618530273,10.4399995803833,10.279999732971191,10.279999732971191,9.296835899353027,28800
2013-06-17,10.4399995803833,10.4399995803833,10.289999961853027,10.34000015258789,9.351099014282227,52100
2013-06-18,10.279999732971191,10.5,10.279999732971191,10.489999771118164,9.4867525100708,83800
2013-06-19,10.479999542236328,10.510000228881836,10.350000381469727,10.380000114440918,9.387273788452148,27700
2013-06-20,10.210000038146973,10.210000038146973,9.979999542236328,10.029999732971191,9.070745468139648,58900
2013-06-21,10.029999732971191,10.029999732971191,9.960000038146973,9.960000038146973,9.007441520690918,20300
2013-06-24,9.859999656677246,9.890000343322754,9.720000267028809,9.850000381469727,8.907960891723633,41400
2013-06-25,9.850000381469727,10.020000457763672,9.819999694824219,9.979999542236328,9.025528907775879,16700
2013-06-26,10.079999923706055,10.220000267028809,10.079999923706055,10.149999618530273,9.179269790649414,10400
2013-06-27,10.220000267028809,10.329999923706055,10.210000038146973,10.300000190734863,9.314924240112305,69400
2013-06-28,10.279999732971191,10.460000038146973,10.229999542236328,10.359999656677246,9.369185447692871,18600
2013-07-01,10.329999923706055,10.680000305175781,10.319999694824219,10.420000076293945,9.423447608947754,11000
2013-07-02,10.390000343322754,10.630000114440918,10.319999694824219,10.470000267028809,9.468666076660156,48700
2013-07-03,10.4399995803833,10.5600004196167,10.40999984741211,10.510000228881836,9.504841804504395,17300
2013-07-05,10.569999694824219,10.729999542236328,10.550000190734863,10.65999984741211,9.640494346618652,25900
2013-07-08,10.699999809265137,10.819999694824219,10.699999809265137,10.800000190734863,9.767106056213379,21500
2013-07-09,10.789999961853027,10.829999923706055,10.739999771118164,10.800000190734863,9.767106056213379,42500
2013-07-10,10.779999732971191,10.859999656677246,10.720000267028809,10.829999923706055,9.794236183166504,20700
2013-07-11,10.979999542236328,11.329999923706055,10.960000038146973,11.329999923706055,10.246416091918945,36400
2013-07-12,11.289999961853027,11.420000076293945,11.25,11.289999961853027,10.21024227142334,15300
2013-07-15,11.260000228881836,11.529999732971191,11.260000228881836,11.449999809265137,10.354939460754395,21100
2013-07-16,11.420000076293945,11.489999771118164,11.359999656677246,11.380000114440918,10.291635513305664,15900
2013-07-17,11.40999984741211,11.449999809265137,11.270000457763672,11.359999656677246,10.273548126220703,19500
2013-07-18,11.319999694824219,11.449999809265137,11.319999694824219,11.399999618530273,10.30971908569336,17200
2013-07-19,11.34000015258789,11.390000343322754,11.25,11.390000343322754,10.300676345825195,11800
2013-07-22,11.350000381469727,11.520000457763672,11.329999923706055,11.40999984741211,10.318763732910156,18200
2013-07-23,11.430000305175781,11.430000305175781,11.140000343322754,11.180000305175781,10.110759735107422,13700
2013-07-24,11.199999809265137,11.199999809265137,11.029999732971191,11.109999656677246,10.047454833984375,9400
2013-07-25,11.020000457763672,11.130000114440918,10.979999542236328,11.079999923706055,10.02032470703125,8800
2013-07-26,10.970000267028809,11.010000228881836,10.930000305175781,11.0,9.947978973388672,44200
2013-07-29,11.029999732971191,11.180000305175781,11.010000228881836,11.130000114440918,10.065542221069336,18400
2013-07-30,11.199999809265137,11.3100004196167,11.140000343322754,11.239999771118164,10.165023803710938,49300
2013-07-31,11.260000228881836,11.420000076293945,11.260000228881836,11.369999885559082,10.282590866088867,17600
2013-08-01,11.460000038146973,11.550000190734863,11.390000343322754,11.460000038146973,10.363983154296875,34200
2013-08-02,11.420000076293945,11.489999771118164,11.350000381469727,11.399999618530273,10.30971908569336,17200
2013-08-05,11.460000038146973,11.539999961853027,11.369999885559082,11.380000114440918,10.291635513305664,4600
2013-08-06,11.350000381469727,11.399999618530273,11.300000190734863,11.369999885559082,10.282590866088867,6400
2013-08-07,11.319999694824219,11.359999656677246,11.270000457763672,11.289999961853027,10.21024227142334,26200
2013-08-08,11.390000343322754,11.520000457763672,11.289999961853027,11.470000267028809,10.373028755187988,30400
2013-08-09,11.390000343322754,11.390000343322754,11.020000457763672,11.050000190734863,9.993194580078125,19200
2013-08-12,10.899999618530273,11.119999885559082,10.869999885559082,10.989999771118164,9.938937187194824,19600
2013-08-13,10.960000038146973,11.029999732971191,10.850000381469727,10.960000038146973,9.911802291870117,8400
2013-08-14,10.989999771118164,11.069999694824219,10.90999984741211,10.90999984741211,9.866581916809082,6500
2013-08-15,10.9399995803833,10.949999809265137,10.779999732971191,10.8100004196167,9.776148796081543,27600
2013-08-16,10.789999961853027,10.90999984741211,10.789999961853027,10.869999885559082,9.830413818359375,10400
2013-08-19,10.890000343322754,10.890000343322754,10.760000228881836,10.789999961853027,9.758061408996582,8500
2013-08-20,10.770000457763672,10.899999618530273,10.729999542236328,10.84000015258789,9.803278923034668,11100
2013-08-21,10.770000457763672,10.869999885559082,10.699999809265137,10.710000038146973,9.685712814331055,30800
2013-08-22,10.75,10.880000114440918,10.680000305175781,10.75,9.721887588500977,5600
2013-08-23,10.720000267028809,10.869999885559082,10.6899995803833,10.869999885559082,9.830413818359375,12900
2013-08-26,10.880000114440918,10.880000114440918,10.779999732971191,10.819999694824219,9.785192489624023,4800
2013-08-27,10.760000228881836,10.760000228881836,10.470000267028809,10.510000228881836,9.504841804504395,5200
2013-08-28,10.5,10.630000114440918,10.40999984741211,10.59000015258789,9.577187538146973,6800
2013-08-29,10.579999923706055,10.65999984741211,10.569999694824219,10.640000343322754,9.622406005859375,6900
2013-08-30,10.65999984741211,10.680000305175781,10.569999694824219,10.670000076293945,9.649538040161133,9000
2013-09-03,10.789999961853027,10.8100004196167,10.699999809265137,10.710000038146973,9.685712814331055,11900
2013-09-04,10.789999961853027,10.890000343322754,10.779999732971191,10.800000190734863,9.767106056213379,15700
2013-09-05,10.789999961853027,10.829999923706055,10.729999542236328,10.770000457763672,9.739974975585938,4200
2013-09-06,10.920000076293945,11.09000015258789,10.899999618530273,10.989999771118164,9.938937187194824,21100
2013-09-09,11.09000015258789,11.140000343322754,11.029999732971191,11.130000114440918,10.065542221069336,5400
2013-09-10,11.119999885559082,11.25,11.100000381469727,11.180000305175781,10.110759735107422,13200
2013-09-11,11.130000114440918,11.34000015258789,11.130000114440918,11.25,10.174067497253418,8400
2013-09-12,11.170000076293945,11.380000114440918,11.149999618530273,11.199999809265137,10.1288480758667,7400
2013-09-13,11.180000305175781,11.199999809265137,11.039999961853027,11.050000190734863,9.993194580078125,5800
2013-09-16,11.140000343322754,11.140000343322754,11.010000228881836,11.050000190734863,9.993194580078125,14400
2013-09-17,11.0600004196167,11.15999984741211,11.010000228881836,11.079999923706055,10.02032470703125,9600
2013-09-18,11.079999923706055,11.180000305175781,11.0,11.15999984741211,10.092674255371094,14600
2013-09-19,11.15999984741211,11.15999984741211,11.0600004196167,11.109999656677246,10.047454833984375,14900
2013-09-20,10.930000305175781,11.0,10.84000015258789,10.890000343322754,9.84849739074707,11400
2013-09-23,10.890000343322754,10.9399995803833,10.859999656677246,10.899999618530273,9.857542991638184,23400
2013-09-24,10.90999984741211,10.90999984741211,10.869999885559082,10.880000114440918,9.839452743530273,19700
2013-09-25,10.880000114440918,10.880000114440918,10.670000076293945,10.699999809265137,9.676669120788574,19100
2013-09-26,10.710000038146973,10.899999618530273,10.699999809265137,10.880000114440918,9.839452743530273,15200
2013-09-27,10.850000381469727,10.9399995803833,10.789999961853027,10.930000305175781,9.88467025756836,44900
2013-09-30,10.90999984741211,11.039999961853027,10.899999618530273,10.9399995803833,9.893717765808105,18900
2013-10-01,10.90999984741211,11.0,10.779999732971191,10.829999923706055,9.794236183166504,33500
2013-10-02,10.770000457763672,11.0,10.739999771118164,10.949999809265137,9.902758598327637,24500
2013-10-03,10.9399995803833,10.9399995803833,10.640000343322754,10.789999961853027,9.758061408996582,12000
2013-10-04,10.75,10.920000076293945,10.720000267028809,10.819999694824219,9.785192489624023,13100
2013-10-07,10.680000305175781,10.710000038146973,10.640000343322754,10.640000343322754,9.622406005859375,7200
2013-10-08,10.739999771118164,10.770000457763672,10.609999656677246,10.619999885559082,9.604320526123047,12700
2013-10-09,10.609999656677246,10.65999984741211,10.579999923706055,10.600000381469727,9.586236000061035,10700
2013-10-10,10.680000305175781,10.899999618530273,10.670000076293945,10.84000015258789,9.803278923034668,14200
2013-10-11,10.869999885559082,10.9399995803833,10.850000381469727,10.880000114440918,9.839452743530273,6700
2013-10-14,10.859999656677246,11.079999923706055,10.84000015258789,10.960000038146973,9.911802291870117,5900
2013-10-15,10.859999656677246,10.859999656677246,10.760000228881836,10.770000457763672,9.739974975585938,6300
2013-10-16,10.859999656677246,10.859999656677246,10.770000457763672,10.8100004196167,9.776148796081543,7100
2013-10-17,10.859999656677246,10.890000343322754,10.789999961853027,10.859999656677246,9.82136344909668,7300
2013-10-18,10.829999923706055,10.899999618530273,10.800000190734863,10.899999618530273,9.857542991638184,10800
2013-10-21,10.880000114440918,10.920000076293945,10.84000015258789,10.869999885559082,9.830413818359375,25000
2013-10-22,10.9399995803833,11.029999732971191,10.920000076293945,10.989999771118164,9.938937187194824,16900
2013-10-23,10.970000267028809,11.100000381469727,10.899999618530273,11.010000228881836,9.957019805908203,28500
2013-10-24,11.029999732971191,11.210000038146973,10.949999809265137,11.100000381469727,10.03841495513916,49000
2013-10-25,11.09000015258789,11.350000381469727,11.010000228881836,11.350000381469727,10.264503479003906,50500
2013-10-28,11.3100004196167,11.449999809265137,11.239999771118164,11.260000228881836,10.183112144470215,75700
2013-10-29,11.270000457763672,11.520000457763672,11.270000457763672,11.520000457763672,10.418244361877441,136000
2013-10-30,11.479999542236328,11.5,11.380000114440918,11.479999542236328,10.382070541381836,309200
2013-10-31,11.529999732971191,11.710000038146973,11.449999809265137,11.520000457763672,10.418244361877441,38100
2013-11-01,11.5,11.600000381469727,11.489999771118164,11.59000015258789,10.481549263000488,13800
2013-11-04,11.6899995803833,11.6899995803833,11.520000457763672,11.5600004196167,10.45442008972168,17300
2013-11-05,11.520000457763672,11.65999984741211,11.479999542236328,11.579999923706055,10.472506523132324,19100
2013-11-06,11.600000381469727,11.670000076293945,11.529999732971191,11.630000114440918,10.517722129821777,17800
2013-11-07,11.640000343322754,11.670000076293945,11.449999809265137,11.479999542236328,10.382070541381836,25700
2013-11-08,11.510000228881836,11.720000267028809,11.510000228881836,11.569999694824219,10.463461875915527,55600
2013-11-11,11.569999694824219,11.729999542236328,11.569999694824219,11.640000343322754,10.526768684387207,10300
2013-11-12,11.619999885559082,11.649999618530273,11.449999809265137,11.5,10.400156021118164,16700
2013-11-13,11.289999961853027,11.430000305175781,11.039999961853027,11.430000305175781,10.336853981018066,28700
2013-11-14,11.399999618530273,11.90999984741211,11.399999618530273,11.680000305175781,10.56294059753418,32400
2013-11-15,11.699999809265137,11.699999809265137,11.550000190734863,11.65999984741211,10.544857025146484,13000
2013-11-18,11.699999809265137,11.720000267028809,11.579999923706055,11.619999885559082,10.508681297302246,20400
2013-11-19,11.600000381469727,11.65999984741211,11.59000015258789,11.59000015258789,10.481549263000488,8000
2013-11-20,11.630000114440918,11.680000305175781,11.539999961853027,11.609999656677246,10.499637603759766,16800
2013-11-21,11.609999656677246,11.619999885559082,11.5,11.550000190734863,10.4453763961792,9400
2013-11-22,11.600000381469727,11.600000381469727,11.300000190734863,11.350000381469727,10.264503479003906,26700
2013-11-25,11.380000114440918,11.579999923706055,11.350000381469727,11.420000076293945,10.32780933380127,19000
2013-11-26,11.40999984741211,11.4399995803833,11.270000457763672,11.3100004196167,10.2283296585083,141000
2013-11-27,11.239999771118164,11.350000381469727,11.15999984741211,11.350000381469727,10.264503479003906,26500
2013-11-29,11.359999656677246,11.420000076293945,11.270000457763672,11.359999656677246,10.273548126220703,9000
2013-12-02,11.220000267028809,11.279999732971191,11.109999656677246,11.279999732971191,10.201197624206543,21200
2013-12-03,11.199999809265137,11.199999809265137,11.119999885559082,11.170000076293945,10.10171890258789,13100
2013-12-04,11.109999656677246,11.319999694824219,11.100000381469727,11.300000190734863,10.219285011291504,19300
2013-12-05,11.3100004196167,11.40999984741211,11.229999542236328,11.380000114440918,10.291635513305664,15100
2013-12-06,11.4399995803833,11.4399995803833,11.329999923706055,11.399999618530273,10.30971908569336,7100
2013-12-09,11.420000076293945,11.520000457763672,11.40999984741211,11.489999771118164,10.391115188598633,5600
2013-12-10,11.5,11.949999809265137,11.5,11.920000076293945,10.779990196228027,33700
2013-12-11,11.9399995803833,12.0,11.699999809265137,11.789999961853027,10.662422180175781,44900
2013-12-12,11.75,11.800000190734863,11.5,11.710000038146973,10.641522407531738,32000
2013-12-13,11.75,11.930000305175781,11.609999656677246,11.850000381469727,10.768747329711914,16000
2013-12-16,11.9399995803833,12.140000343322754,11.9399995803833,12.029999732971191,10.932321548461914,45600
2013-12-17,12.069999694824219,12.220000267028809,12.039999961853027,12.180000305175781,11.06863784790039,26600
2013-12-18,12.229999542236328,12.529999732971191,12.180000305175781,12.300000190734863,11.177688598632812,60500
2013-12-19,12.470000267028809,12.680000305175781,12.300000190734863,12.609999656677246,11.45939826965332,37200
2013-12-20,12.770000457763672,12.850000381469727,12.59000015258789,12.819999694824219,11.650239944458008,68700
2013-12-23,13.289999961853027,13.289999961853027,12.6899995803833,12.779999732971191,11.61388874053955,38800
2013-12-24,12.710000038146973,12.829999923706055,12.680000305175781,12.789999961853027,11.622977256774902,19500
2013-12-26,12.8100004196167,12.890000343322754,12.65999984741211,12.739999771118164,11.577539443969727,11300
2013-12-27,12.630000114440918,12.920000076293945,12.609999656677246,12.850000381469727,11.677502632141113,12800
2013-12-30,12.84000015258789,12.84000015258789,12.640000343322754,12.710000038146973,11.550276756286621,50200
2013-12-31,12.680000305175781,12.739999771118164,12.649999618530273,12.739999771118164,11.577539443969727,17300
2014-01-02,12.720000267028809,12.720000267028809,12.539999961853027,12.609999656677246,11.45939826965332,16300
2014-01-03,12.65999984741211,12.779999732971191,12.600000381469727,12.65999984741211,11.504838943481445,21300
2014-01-06,12.579999923706055,12.699999809265137,12.5600004196167,12.699999809265137,11.541189193725586,48300
2014-01-07,12.630000114440918,12.760000228881836,12.569999694824219,12.729999542236328,11.568450927734375,23200
2014-01-08,12.600000381469727,12.75,12.569999694824219,12.640000343322754,11.486665725708008,21300
2014-01-09,12.619999885559082,12.8100004196167,12.539999961853027,12.710000038146973,11.550276756286621,38100
2014-01-10,12.680000305175781,12.739999771118164,12.569999694824219,12.699999809265137,11.541189193725586,32700
2014-01-13,12.649999618530273,12.949999809265137,12.630000114440918,12.90999984741211,11.732027053833008,30400
2014-01-14,12.789999961853027,13.039999961853027,12.710000038146973,12.819999694824219,11.650239944458008,29500
2014-01-15,12.770000457763672,13.069999694824219,12.760000228881836,12.920000076293945,11.741114616394043,34000
2014-01-16,12.890000343322754,13.020000457763672,12.789999961853027,12.970000267028809,11.786554336547852,22900
2014-01-17,12.880000114440918,12.930000305175781,12.800000190734863,12.869999885559082,11.695676803588867,22100
2014-01-21,13.079999923706055,13.649999618530273,13.0600004196167,13.279999732971191,12.068265914916992,86800
2014-01-22,13.220000267028809,13.239999771118164,12.760000228881836,12.84000015258789,11.668415069580078,65000
2014-01-23,12.819999694824219,13.050000190734863,12.760000228881836,12.979999542236328,11.79564094543457,37700
2014-01-24,13.0,13.079999923706055,12.75,12.829999923706055,11.65932559967041,39100
2014-01-27,12.920000076293945,12.949999809265137,12.640000343322754,12.699999809265137,11.541189193725586,41800
2014-01-28,12.800000190734863,12.90999984741211,12.779999732971191,12.869999885559082,11.695676803588867,25400
2014-01-29,12.800000190734863,12.8100004196167,12.65999984741211,12.699999809265137,11.541189193725586,14200
2014-01-30,12.729999542236328,12.779999732971191,12.680000305175781,12.699999809265137,11.541189193725586,16500
2014-01-31,12.579999923706055,12.800000190734863,12.529999732971191,12.65999984741211,11.504838943481445,17500
2014-02-03,12.75,12.869999885559082,12.489999771118164,12.510000228881836,11.368525505065918,42300
2014-02-04,12.489999771118164,12.670000076293945,12.489999771118164,12.609999656677246,11.45939826965332,18600
2014-02-05,12.649999618530273,12.779999732971191,12.520000457763672,12.720000267028809,11.55936336517334,18500
2014-02-06,12.710000038146973,12.770000457763672,12.699999809265137,12.710000038146973,11.550276756286621,23900
2014-02-07,12.739999771118164,12.770000457763672,12.619999885559082,12.640000343322754,11.486665725708008,19700
2014-02-10,12.609999656677246,12.630000114440918,12.449999809265137,12.579999923706055,11.432136535644531,17000
2014-02-11,12.550000190734863,13.119999885559082,12.430000305175781,13.069999694824219,11.877429008483887,35400
2014-02-12,13.130000114440918,13.329999923706055,13.020000457763672,13.1899995803833,11.98647689819336,44500
2014-02-13,13.100000381469727,13.100000381469727,12.90999984741211,13.100000381469727,11.904692649841309,26700
2014-02-14,13.069999694824219,13.079999923706055,12.989999771118164,13.029999732971191,11.841079711914062,18500
2014-02-18,13.029999732971191,13.170000076293945,13.0,13.15999984741211,11.95921802520752,24700
2014-02-19,13.09000015258789,13.15999984741211,12.949999809265137,12.970000267028809,11.786554336547852,17000
2014-02-20,13.050000190734863,13.5,13.050000190734863,13.420000076293945,12.1954927444458,78700
2014-02-21,13.329999923706055,13.489999771118164,13.319999694824219,13.430000305175781,12.20457935333252,42100
2014-02-24,13.430000305175781,13.770000457763672,13.399999618530273,13.720000267028809,12.468119621276855,38500
2014-02-25,13.6899995803833,13.75,13.579999923706055,13.600000381469727,12.359071731567383,44300
2014-02-26,13.470000267028809,13.729999542236328,13.40999984741211,13.4399995803833,12.213666915893555,31400
2014-02-27,13.470000267028809,13.5600004196167,13.319999694824219,13.399999618530273,12.177316665649414,56300
2014-02-28,13.399999618530273,13.619999885559082,13.369999885559082,13.449999809265137,12.222755432128906,86000
2014-03-03,13.380000114440918,13.899999618530273,13.380000114440918,13.829999923706055,12.56808090209961,45500
2014-03-04,13.84000015258789,13.989999771118164,13.84000015258789,13.899999618530273,12.631694793701172,28100
2014-03-05,13.90999984741211,13.930000305175781,13.739999771118164,13.859999656677246,12.595343589782715,23900
2014-03-06,13.920000076293945,13.920000076293945,13.710000038146973,13.819999694824219,12.55899429321289,33200
2014-03-07,13.760000228881836,13.850000381469727,13.649999618530273,13.75,12.495381355285645,18200
2014-03-10,13.75,13.8100004196167,13.65999984741211,13.739999771118164,12.48629379272461,26600
2014-03-11,13.760000228881836,13.760000228881836,13.5,13.609999656677246,12.368156433105469,36300
2014-03-12,13.5,13.640000343322754,13.420000076293945,13.59000015258789,12.399178504943848,70600
2014-03-13,13.630000114440918,13.649999618530273,13.350000381469727,13.479999542236328,12.298813819885254,52300
2014-03-14,13.430000305175781,13.460000038146973,13.350000381469727,13.380000114440918,12.2075777053833,9900
2014-03-17,13.399999618530273,13.449999809265137,13.25,13.350000381469727,12.180208206176758,34200
2014-03-18,13.4399995803833,13.619999885559082,13.390000343322754,13.529999732971191,12.344430923461914,34700
2014-03-19,13.529999732971191,13.529999732971191,13.210000038146973,13.350000381469727,12.180208206176758,17400
2014-03-20,13.359999656677246,13.40999984741211,13.289999961853027,13.300000190734863,12.134587287902832,15700
2014-03-21,13.510000228881836,13.510000228881836,13.180000305175781,13.180000305175781,12.025103569030762,20600
2014-03-24,13.220000267028809,13.279999732971191,13.029999732971191,13.210000038146973,12.052474021911621,41000
2014-03-25,13.3100004196167,13.380000114440918,13.270000457763672,13.319999694824219,12.152835845947266,19700
2014-03-26,13.319999694824219,13.489999771118164,13.300000190734863,13.399999618530273,12.225824356079102,15500
2014-03-27,13.479999542236328,13.489999771118164,13.399999618530273,13.4399995803833,12.262319564819336,14200
2014-03-28,13.449999809265137,13.470000267028809,13.039999961853027,13.109999656677246,11.961235046386719,39300
2014-03-31,13.130000114440918,13.220000267028809,13.0,13.180000305175781,12.025103569030762,53800
2014-04-01,13.1899995803833,13.539999961853027,13.1899995803833,13.489999771118164,12.307937622070312,25500
2014-04-02,13.489999771118164,13.880000114440918,13.430000305175781,13.880000114440918,12.663764953613281,25000
2014-04-03,13.880000114440918,13.880000114440918,13.380000114440918,13.550000190734863,12.362683296203613,21400
2014-04-04,13.59000015258789,13.770000457763672,13.579999923706055,13.760000228881836,12.554280281066895,32500
2014-04-07,13.649999618530273,13.770000457763672,13.350000381469727,13.430000305175781,12.253195762634277,24500
2014-04-08,13.510000228881836,13.550000190734863,13.329999923706055,13.34000015258789,12.171082496643066,20200
2014-04-09,13.399999618530273,13.539999961853027,13.279999732971191,13.460000038146973,12.280569076538086,29000
2014-04-10,13.510000228881836,13.510000228881836,13.279999732971191,13.399999618530273,12.225824356079102,13300
2014-04-11,13.300000190734863,13.390000343322754,13.229999542236328,13.25,12.088969230651855,23800
2014-04-14,13.25,13.289999961853027,13.199999809265137,13.260000228881836,12.098092079162598,10300
2014-04-15,13.180000305175781,13.300000190734863,13.170000076293945,13.170000076293945,12.015979766845703,14200
2014-04-16,13.279999732971191,13.350000381469727,13.149999618530273,13.25,12.088969230651855,24000
2014-04-17,13.34000015258789,13.520000457763672,13.319999694824219,13.5,12.317063331604004,9200
2014-04-21,13.420000076293945,13.630000114440918,13.420000076293945,13.569999694824219,12.380928039550781,16400
2014-04-22,13.609999656677246,13.65999984741211,13.4399995803833,13.479999542236328,12.298813819885254,20800
2014-04-23,13.430000305175781,13.460000038146973,13.34000015258789,13.369999885559082,12.198454856872559,23900
2014-04-24,13.319999694824219,13.319999694824219,13.15999984741211,13.3100004196167,12.14371109008789,24400
2014-04-25,13.289999961853027,13.289999961853027,13.15999984741211,13.229999542236328,12.070720672607422,27500
2014-04-28,13.1899995803833,13.25,13.109999656677246,13.199999809265137,12.043349266052246,16800
2014-04-29,13.319999694824219,13.390000343322754,13.300000190734863,13.319999694824219,12.152835845947266,12200
2014-04-30,13.300000190734863,13.319999694824219,13.1899995803833,13.1899995803833,12.034224510192871,12100
2014-05-01,13.100000381469727,13.1899995803833,13.0,13.149999618530273,11.997729301452637,14900
2014-05-02,13.260000228881836,13.359999656677246,13.260000228881836,13.3100004196167,12.14371109008789,8000
2014-05-05,13.260000228881836,13.260000228881836,13.119999885559082,13.180000305175781,12.025103569030762,26400
2014-05-06,13.0,13.34000015258789,13.0,13.289999961853027,12.125462532043457,40400
2014-05-07,13.220000267028809,13.260000228881836,13.119999885559082,13.199999809265137,12.043349266052246,14500
2014-05-08,13.4399995803833,13.529999732971191,13.220000267028809,13.319999694824219,12.152835845947266,13900
2014-05-09,13.300000190734863,13.319999694824219,13.180000305175781,13.199999809265137,12.043349266052246,8100
2014-05-12,13.260000228881836,13.350000381469727,13.229999542236328,13.319999694824219,12.152835845947266,14600
2014-05-13,13.34000015258789,13.4399995803833,13.319999694824219,13.399999618530273,12.225824356079102,9300
2014-05-14,13.329999923706055,13.359999656677246,13.100000381469727,13.100000381469727,11.95211410522461,27900
2014-05-15,13.239999771118164,13.670000076293945,13.239999771118164,13.600000381469727,12.408303260803223,23900
2014-05-16,13.5600004196167,13.5600004196167,13.369999885559082,13.40999984741211,12.234950065612793,22300
2014-05-19,13.470000267028809,13.5,13.34000015258789,13.420000076293945,12.244071960449219,3900
2014-05-20,13.479999542236328,13.649999618530273,13.420000076293945,13.420000076293945,12.244071960449219,20400
2014-05-21,13.489999771118164,13.729999542236328,13.40999984741211,13.470000267028809,12.289690017700195,9600
2014-05-22,13.59000015258789,13.949999809265137,13.579999923706055,13.699999809265137,12.499537467956543,14700
2014-05-23,13.710000038146973,13.760000228881836,13.489999771118164,13.489999771118164,12.307937622070312,11500
2014-05-27,13.6899995803833,13.729999542236328,13.449999809265137,13.449999809265137,12.271444320678711,9900
2014-05-28,13.5600004196167,13.739999771118164,13.449999809265137,13.449999809265137,12.271444320678711,14000
2014-05-29,13.6899995803833,13.6899995803833,13.380000114440918,13.380000114440918,12.2075777053833,9800
2014-05-30,13.569999694824219,13.649999618530273,13.460000038146973,13.460000038146973,12.280569076538086,24800
2014-06-02,13.399999618530273,13.5,13.289999961853027,13.319999694824219,12.152835845947266,25200
2014-06-03,13.319999694824219,13.319999694824219,13.109999656677246,13.319999694824219,12.152835845947266,14500
2014-06-04,13.260000228881836,13.449999809265137,13.100000381469727,13.4399995803833,12.262319564819336,25500
2014-06-05,13.399999618530273,13.550000190734863,13.34000015258789,13.550000190734863,12.362683296203613,8700
2014-06-06,13.529999732971191,13.729999542236328,13.449999809265137,13.729999542236328,12.526909828186035,102600
2014-06-09,13.619999885559082,13.720000267028809,13.579999923706055,13.699999809265137,12.499537467956543,11800
2014-06-10,13.569999694824219,13.770000457763672,13.369999885559082,13.770000457763672,12.563404083251953,31300
2014-06-11,13.640000343322754,13.670000076293945,13.399999618530273,13.510000228881836,12.375616073608398,54300
2014-06-12,13.449999809265137,13.489999771118164,13.34000015258789,13.350000381469727,12.229053497314453,22800
2014-06-13,13.380000114440918,13.380000114440918,13.210000038146973,13.229999542236328,12.11912727355957,17900
2014-06-16,13.289999961853027,13.449999809265137,13.279999732971191,13.369999885559082,12.247374534606934,20200
2014-06-17,13.399999618530273,13.399999618530273,13.220000267028809,13.220000267028809,12.109967231750488,33400
2014-06-18,13.289999961853027,13.289999961853027,13.079999923706055,13.229999542236328,12.11912727355957,31700
2014-06-19,13.3100004196167,13.3100004196167,13.0600004196167,13.270000457763672,12.155768394470215,27500
2014-06-20,13.420000076293945,13.430000305175781,13.15999984741211,13.210000038146973,12.10080623626709,18500
2014-06-23,13.300000190734863,13.319999694824219,13.15999984741211,13.289999961853027,12.174089431762695,18200
2014-06-24,13.270000457763672,13.279999732971191,12.979999542236328,13.020000457763672,11.926759719848633,33900
2014-06-25,13.100000381469727,13.100000381469727,12.829999923706055,13.010000228881836,11.91759967803955,29800
2014-06-26,12.989999771118164,13.069999694824219,12.979999542236328,13.0,11.908439636230469,17000
2014-06-27,13.010000228881836,13.050000190734863,12.890000343322754,13.050000190734863,11.954243659973145,39800
2014-06-30,12.970000267028809,13.130000114440918,12.920000076293945,13.130000114440918,12.027523040771484,38800
2014-07-01,13.239999771118164,13.239999771118164,13.029999732971191,13.180000305175781,12.07332706451416,27600
2014-07-02,13.34000015258789,13.34000015258789,13.029999732971191,13.25,12.13744831085205,30200
2014-07-03,13.229999542236328,13.40999984741211,13.229999542236328,13.329999923706055,12.210731506347656,16200
2014-07-07,13.479999542236328,13.489999771118164,13.220000267028809,13.289999961853027,12.174089431762695,15900
2014-07-08,13.470000267028809,13.470000267028809,13.100000381469727,13.130000114440918,12.027523040771484,27000
2014-07-09,13.140000343322754,13.270000457763672,13.039999961853027,13.180000305175781,12.07332706451416,16700
2014-07-10,13.130000114440918,13.149999618530273,13.020000457763672,13.020000457763672,11.926759719848633,20800
2014-07-11,13.0,13.050000190734863,12.960000038146973,12.979999542236328,11.890119552612305,21600
2014-07-14,13.010000228881836,13.1899995803833,13.010000228881836,13.15999984741211,12.05500602722168,101400
2014-07-15,13.1899995803833,13.1899995803833,12.880000114440918,12.9399995803833,11.853477478027344,128400
2014-07-16,12.979999542236328,12.979999542236328,12.850000381469727,12.920000076293945,11.83515453338623,60000
2014-07-17,12.90999984741211,12.949999809265137,12.869999885559082,12.930000305175781,11.844316482543945,210100
2014-07-18,12.9399995803833,13.0,12.930000305175781,12.960000038146973,11.871798515319824,31500
2014-07-21,12.960000038146973,13.069999694824219,12.869999885559082,13.039999961853027,11.945077896118164,17400
2014-07-22,13.079999923706055,13.359999656677246,13.0600004196167,13.3100004196167,12.19240951538086,11600
2014-07-23,13.369999885559082,13.369999885559082,13.279999732971191,13.279999732971191,12.164929389953613,13000
2014-07-24,13.319999694824219,13.390000343322754,13.229999542236328,13.359999656677246,12.238210678100586,21200
2014-07-25,13.390000343322754,13.399999618530273,13.109999656677246,13.109999656677246,12.009203910827637,61700
2014-07-28,13.170000076293945,13.170000076293945,13.050000190734863,13.0600004196167,11.96340274810791,11000
2014-07-29,13.100000381469727,13.15999984741211,13.039999961853027,13.039999961853027,11.945077896118164,21200
2014-07-30,13.069999694824219,13.140000343322754,12.880000114440918,13.069999694824219,11.972561836242676,37800
2014-07-31,12.90999984741211,12.949999809265137,12.75,12.779999732971191,11.70691204071045,20500
2014-08-01,12.770000457763672,12.789999961853027,12.59000015258789,12.710000038146973,11.642790794372559,14400
2014-08-04,12.779999732971191,12.899999618530273,12.770000457763672,12.770000457763672,11.697750091552734,8200
2014-08-05,12.739999771118164,12.75,12.529999732971191,12.640000343322754,11.578669548034668,20400
2014-08-06,12.550000190734863,12.760000228881836,12.550000190734863,12.739999771118164,11.670271873474121,16000
2014-08-07,12.760000228881836,12.770000457763672,12.569999694824219,12.680000305175781,11.615307807922363,20500
2014-08-08,12.630000114440918,12.630000114440918,12.539999961853027,12.619999885559082,11.560346603393555,20600
2014-08-11,12.609999656677246,12.850000381469727,12.600000381469727,12.850000381469727,11.771034240722656,28500
2014-08-12,12.779999732971191,12.779999732971191,12.600000381469727,12.680000305175781,11.615307807922363,22500
2014-08-13,12.649999618530273,12.649999618530273,12.319999694824219,12.449999809265137,11.404622077941895,36300
2014-08-14,12.4399995803833,12.460000038146973,12.289999961853027,12.460000038146973,11.413780212402344,46800
2014-08-15,12.430000305175781,12.430000305175781,12.220000267028809,12.34000015258789,11.303855895996094,20800
2014-08-18,12.359999656677246,12.399999618530273,12.229999542236328,12.329999923706055,11.294694900512695,15900
2014-08-19,12.270000457763672,12.300000190734863,12.140000343322754,12.229999542236328,11.203092575073242,31100
2014-08-20,12.1899995803833,12.3100004196167,12.15999984741211,12.279999732971191,11.248893737792969,67400
2014-08-21,12.289999961853027,12.369999885559082,12.239999771118164,12.369999885559082,11.331337928771973,30900
2014-08-22,12.319999694824219,12.319999694824219,12.220000267028809,12.25,11.221413612365723,20000
2014-08-25,12.239999771118164,12.239999771118164,12.100000381469727,12.119999885559082,11.102328300476074,31400
2014-08-26,12.15999984741211,12.199999809265137,12.069999694824219,12.149999618530273,11.129809379577637,20500
2014-08-27,12.079999923706055,12.300000190734863,12.069999694824219,12.239999771118164,11.212254524230957,32900
2014-08-28,12.220000267028809,12.300000190734863,12.220000267028809,12.25,11.221413612365723,19400
2014-08-29,12.359999656677246,12.399999618530273,12.289999961853027,12.34000015258789,11.303855895996094,30300
2014-09-02,12.350000381469727,12.359999656677246,12.119999885559082,12.319999694824219,11.285537719726562,49100
2014-09-03,12.34000015258789,12.579999923706055,12.1899995803833,12.279999732971191,11.248893737792969,28400
2014-09-04,12.380000114440918,12.470000267028809,12.300000190734863,12.359999656677246,11.322178840637207,33600
2014-09-05,12.380000114440918,12.539999961853027,12.319999694824219,12.489999771118164,11.44126033782959,37900
2014-09-08,12.460000038146973,12.550000190734863,12.40999984741211,12.40999984741211,11.36798095703125,29000
2014-09-09,12.40999984741211,12.460000038146973,12.25,12.25,11.221413612365723,19100
2014-09-10,12.3100004196167,12.399999618530273,12.3100004196167,12.350000381469727,11.313016891479492,25400
2014-09-11,12.289999961853027,12.319999694824219,12.15999984741211,12.260000228881836,11.289076805114746,176800
2014-09-12,12.220000267028809,12.390000343322754,12.1899995803833,12.34000015258789,11.362740516662598,141300
2014-09-15,12.369999885559082,12.369999885559082,12.270000457763672,12.350000381469727,11.371949195861816,13900
2014-09-16,12.359999656677246,12.390000343322754,12.15999984741211,12.329999923706055,11.353532791137695,18800
2014-09-17,12.319999694824219,12.359999656677246,12.229999542236328,12.229999542236328,11.261449813842773,20200
2014-09-18,12.279999732971191,12.479999542236328,12.279999732971191,12.479999542236328,11.491652488708496,47000
2014-09-19,12.489999771118164,12.539999961853027,12.300000190734863,12.489999771118164,11.500860214233398,69400
2014-09-22,12.420000076293945,12.430000305175781,12.220000267028809,12.220000267028809,11.25224494934082,56000
2014-09-23,12.279999732971191,12.359999656677246,12.119999885559082,12.119999885559082,11.160161972045898,52500
2014-09-24,12.140000343322754,12.329999923706055,12.130000114440918,12.210000038146973,11.243035316467285,75300
2014-09-25,12.229999542236328,12.229999542236328,11.930000305175781,11.979999542236328,11.031250953674316,30100
2014-09-26,12.050000190734863,12.109999656677246,11.989999771118164,12.079999923706055,11.123332023620605,33500
2014-09-29,12.010000228881836,12.010000228881836,11.850000381469727,12.0,11.049667358398438,140800
2014-09-30,11.949999809265137,12.210000038146973,11.920000076293945,12.130000114440918,11.16937255859375,46800
2014-10-01,12.130000114440918,12.180000305175781,12.029999732971191,12.170000076293945,11.206204414367676,39700
2014-10-02,12.1899995803833,12.300000190734863,12.039999961853027,12.239999771118164,11.270661354064941,61900
2014-10-03,12.1899995803833,12.279999732971191,12.109999656677246,12.25,11.279868125915527,163800
2014-10-06,12.289999961853027,12.4399995803833,12.270000457763672,12.390000343322754,11.408780097961426,19800
2014-10-07,12.329999923706055,12.5,12.319999694824219,12.4399995803833,11.454821586608887,170700
2014-10-08,12.369999885559082,12.720000267028809,12.319999694824219,12.699999809265137,11.694230079650879,109500
2014-10-09,12.65999984741211,12.770000457763672,12.529999732971191,12.529999732971191,11.53769302368164,25900
2014-10-10,12.460000038146973,12.600000381469727,12.300000190734863,12.529999732971191,11.53769302368164,30200
2014-10-13,12.4399995803833,12.5600004196167,12.300000190734863,12.40999984741211,11.42719841003418,14300
2014-10-14,12.5,12.640000343322754,12.369999885559082,12.5,11.510068893432617,73100
2014-10-15,12.359999656677246,12.539999961853027,12.199999809265137,12.380000114440918,11.399571418762207,37000
2014-10-16,12.199999809265137,12.59000015258789,12.170000076293945,12.510000228881836,11.519277572631836,80500
2014-10-17,12.59000015258789,12.739999771118164,12.479999542236328,12.479999542236328,11.491652488708496,24500
2014-10-20,12.539999961853027,12.680000305175781,12.460000038146973,12.65999984741211,11.657400131225586,15300
2014-10-21,12.829999923706055,13.020000457763672,12.75,12.949999809265137,11.924433708190918,24300
2014-10-22,13.0,13.170000076293945,12.859999656677246,12.859999656677246,11.841560363769531,42500
2014-10-23,13.15999984741211,13.239999771118164,12.949999809265137,13.069999694824219,12.034931182861328,51900
2014-10-24,13.069999694824219,13.25,13.020000457763672,13.25,12.200675964355469,42200
2014-10-27,13.1899995803833,13.3100004196167,13.0600004196167,13.279999732971191,12.22829818725586,81800
2014-10-28,13.270000457763672,13.460000038146973,13.260000228881836,13.460000038146973,12.394043922424316,41300
2014-10-29,13.449999809265137,13.449999809265137,13.020000457763672,13.100000381469727,12.062554359436035,25100
2014-10-30,13.1899995803833,13.1899995803833,12.989999771118164,13.119999885559082,12.080967903137207,15800
2014-10-31,13.09000015258789,13.09000015258789,12.800000190734863,12.920000076293945,11.896807670593262,36600
2014-11-03,12.850000381469727,13.069999694824219,12.819999694824219,12.880000114440918,11.859975814819336,28900
2014-11-04,12.890000343322754,13.039999961853027,12.859999656677246,12.90999984741211,11.88759994506836,36700
2014-11-05,12.949999809265137,13.15999984741211,12.920000076293945,13.050000190734863,12.016515731811523,36000
2014-11-06,13.100000381469727,13.109999656677246,12.920000076293945,13.100000381469727,12.062554359436035,39100
2014-11-07,13.149999618530273,13.15999984741211,12.989999771118164,13.020000457763672,11.988889694213867,31100
2014-11-10,12.970000267028809,13.0600004196167,12.8100004196167,12.9399995803833,11.915226936340332,51000
2014-11-11,12.850000381469727,12.850000381469727,12.729999542236328,12.770000457763672,11.758687019348145,24600
2014-11-12,12.579999923706055,12.970000267028809,12.579999923706055,12.819999694824219,11.804725646972656,31900
2014-11-13,13.130000114440918,13.130000114440918,12.65999984741211,12.670000076293945,11.666607856750488,32100
2014-11-14,12.649999618530273,12.960000038146973,12.619999885559082,12.960000038146973,11.933640480041504,43500
2014-11-17,12.850000381469727,13.210000038146973,12.850000381469727,13.0600004196167,12.025721549987793,35000
2014-11-18,13.020000457763672,13.039999961853027,12.869999885559082,12.979999542236328,11.952055931091309,58600
2014-11-19,12.970000267028809,12.970000267028809,12.84000015258789,12.880000114440918,11.859975814819336,23600
2014-11-20,12.920000076293945,12.920000076293945,12.789999961853027,12.800000190734863,11.786311149597168,15900
2014-11-21,12.930000305175781,12.970000267028809,12.800000190734863,12.829999923706055,11.813935279846191,18000
2014-11-24,12.859999656677246,13.039999961853027,12.800000190734863,12.970000267028809,11.942849159240723,23900
2014-11-25,13.109999656677246,13.460000038146973,13.100000381469727,13.390000343322754,12.32958698272705,90600
2014-11-26,13.380000114440918,13.4399995803833,13.300000190734863,13.380000114440918,12.320379257202148,31700
2014-11-28,13.1899995803833,13.449999809265137,13.1899995803833,13.390000343322754,12.32958698272705,13200
2014-12-01,13.34000015258789,13.34000015258789,13.149999618530273,13.279999732971191,12.22829818725586,77800
2014-12-02,13.1899995803833,13.270000457763672,13.130000114440918,13.270000457763672,12.219090461730957,85000
2014-12-03,13.229999542236328,13.4399995803833,13.229999542236328,13.350000381469727,12.292757034301758,25400
2014-12-04,13.270000457763672,13.289999961853027,13.0600004196167,13.100000381469727,12.062554359436035,18600
2014-12-05,13.09000015258789,13.149999618530273,12.930000305175781,13.069999694824219,12.034931182861328,23700
2014-12-08,12.899999618530273,12.899999618530273,12.710000038146973,12.8100004196167,11.795520782470703,25900
2014-12-09,12.770000457763672,13.0,12.75,12.920000076293945,11.896807670593262,81400
2014-12-10,12.84000015258789,12.899999618530273,12.640000343322754,12.720000267028809,11.712645530700684,32900
2014-12-11,12.729999542236328,12.960000038146973,12.720000267028809,12.829999923706055,11.87086296081543,40100
2014-12-12,12.729999542236328,12.789999961853027,12.649999618530273,12.699999809265137,11.750581741333008,37200
2014-12-15,12.8100004196167,12.8100004196167,12.5600004196167,12.6899995803833,11.741329193115234,18200
2014-12-16,12.710000038146973,12.970000267028809,12.710000038146973,12.84000015258789,11.88011646270752,49000
2014-12-17,12.890000343322754,12.970000267028809,12.680000305175781,12.8100004196167,11.852359771728516,51900
2014-12-18,12.920000076293945,13.09000015258789,12.920000076293945,13.0600004196167,12.083669662475586,33600
2014-12-19,13.039999961853027,13.050000190734863,12.890000343322754,12.90999984741211,11.944881439208984,35600
2014-12-22,12.90999984741211,13.020000457763672,12.84000015258789,12.90999984741211,11.944881439208984,34600
2014-12-23,12.890000343322754,13.119999885559082,12.850000381469727,13.020000457763672,12.046661376953125,24300
2014-12-24,13.069999694824219,13.119999885559082,13.020000457763672,13.119999885559082,12.139181137084961,4500
2014-12-26,13.140000343322754,13.289999961853027,13.0600004196167,13.180000305175781,12.194700241088867,7500
2014-12-29,13.09000015258789,13.210000038146973,13.069999694824219,13.170000076293945,12.185446739196777,11300
2014-12-30,13.119999885559082,13.130000114440918,12.920000076293945,13.09000015258789,12.111428260803223,56500
2014-12-31,13.050000190734863,13.109999656677246,12.920000076293945,13.010000228881836,12.037408828735352,43400
2015-01-02,12.949999809265137,13.09000015258789,12.829999923706055,12.869999885559082,11.90787124633789,30600
2015-01-05,12.800000190734863,12.880000114440918,12.710000038146973,12.789999961853027,11.833853721618652,32200
2015-01-06,12.789999961853027,12.920000076293945,12.699999809265137,12.720000267028809,11.769086837768555,81900
2015-01-07,12.75,12.8100004196167,12.65999984741211,12.670000076293945,11.722825050354004,69800
2015-01-08,12.760000228881836,12.9399995803833,12.760000228881836,12.8100004196167,11.852359771728516,26800
2015-01-09,12.779999732971191,12.8100004196167,12.630000114440918,12.710000038146973,11.759836196899414,27300
2015-01-12,12.640000343322754,12.640000343322754,12.329999923706055,12.399999618530273,11.473010063171387,24000
2015-01-13,12.539999961853027,12.670000076293945,12.5,12.539999961853027,11.602543830871582,22900
2015-01-14,12.460000038146973,12.460000038146973,12.260000228881836,12.350000381469727,11.42674732208252,58200
2015-01-15,12.430000305175781,12.449999809265137,12.199999809265137,12.350000381469727,11.42674732208252,30100
2015-01-16,12.270000457763672,12.3100004196167,12.180000305175781,12.25,11.334221839904785,60700
2015-01-20,12.210000038146973,12.350000381469727,12.09000015258789,12.149999618530273,11.24169921875,47400
2015-01-21,12.140000343322754,12.180000305175781,11.859999656677246,12.039999961853027,11.139923095703125,95600
2015-01-22,11.979999542236328,12.390000343322754,11.979999542236328,12.390000343322754,11.463756561279297,43700
2015-01-23,12.739999771118164,12.739999771118164,12.34000015258789,12.640000343322754,11.695068359375,53800
2015-01-26,12.619999885559082,12.949999809265137,12.619999885559082,12.899999618530273,11.935629844665527,80100
2015-01-27,12.850000381469727,12.960000038146973,12.84000015258789,12.84000015258789,11.88011646270752,59000
2015-01-28,12.869999885559082,12.869999885559082,12.520000457763672,12.59000015258789,11.64880657196045,73600
2015-01-29,12.5600004196167,12.569999694824219,12.399999618530273,12.4399995803833,11.510018348693848,34500
2015-01-30,12.350000381469727,12.430000305175781,12.220000267028809,12.34000015258789,11.417495727539062,35400
2015-02-02,12.380000114440918,12.600000381469727,12.369999885559082,12.550000190734863,11.611795425415039,49400
2015-02-03,12.640000343322754,12.869999885559082,12.630000114440918,12.84000015258789,11.88011646270752,93800
2015-02-04,12.770000457763672,12.789999961853027,12.630000114440918,12.670000076293945,11.722825050354004,68800
2015-02-05,12.770000457763672,13.180000305175781,12.770000457763672,13.069999694824219,12.09292221069336,61600
2015-02-06,13.100000381469727,13.220000267028809,12.390000343322754,12.479999542236328,11.547026634216309,103600
2015-02-09,12.220000267028809,12.220000267028809,11.770000457763672,12.1899995803833,11.278709411621094,152000
2015-02-10,12.149999618530273,12.149999618530273,11.960000038146973,12.079999923706055,11.176932334899902,68700
2015-02-11,12.039999961853027,12.109999656677246,11.9399995803833,11.970000267028809,11.075155258178711,51500
2015-02-12,12.09000015258789,12.149999618530273,11.930000305175781,12.100000381469727,11.195435523986816,56400
2015-02-13,12.210000038146973,12.350000381469727,12.180000305175781,12.210000038146973,11.297210693359375,71700
2015-02-17,12.220000267028809,12.670000076293945,12.199999809265137,12.649999618530273,11.704319953918457,88400
2015-02-18,12.520000457763672,12.640000343322754,12.399999618530273,12.5600004196167,11.621048927307129,79500
2015-02-19,12.449999809265137,12.510000228881836,12.369999885559082,12.40999984741211,11.482263565063477,35600
2015-02-20,12.390000343322754,12.5,12.359999656677246,12.359999656677246,11.43600082397461,22100
2015-02-23,12.34000015258789,12.40999984741211,12.220000267028809,12.260000228881836,11.343476295471191,119400
2015-02-24,12.25,12.420000076293945,12.229999542236328,12.270000457763672,11.352729797363281,104000
2015-02-25,12.3100004196167,12.350000381469727,12.119999885559082,12.149999618530273,11.24169921875,35700
2015-02-26,12.130000114440918,12.239999771118164,12.09000015258789,12.09000015258789,11.186184883117676,47000
2015-02-27,12.119999885559082,12.130000114440918,11.960000038146973,12.079999923706055,11.176932334899902,156300
2015-03-02,11.970000267028809,12.0,11.739999771118164,11.960000038146973,11.065902709960938,123300
2015-03-03,12.010000228881836,12.069999694824219,11.880000114440918,11.90999984741211,11.019640922546387,44000
2015-03-04,11.84000015258789,11.989999771118164,11.8100004196167,11.90999984741211,11.019640922546387,42700
2015-03-05,11.880000114440918,11.960000038146973,11.710000038146973,11.800000190734863,10.917862892150879,58400
2015-03-06,11.710000038146973,11.720000267028809,11.539999961853027,11.5600004196167,10.695806503295898,43700
2015-03-09,11.579999923706055,11.609999656677246,11.520000457763672,11.609999656677246,10.74206829071045,36200
2015-03-10,11.550000190734863,11.760000228881836,11.510000228881836,11.529999732971191,10.668050765991211,51400
2015-03-11,11.460000038146973,11.479999542236328,11.180000305175781,11.25,10.458869934082031,77900
2015-03-12,11.420000076293945,11.75,11.399999618530273,11.699999809265137,10.877225875854492,30400
2015-03-13,11.670000076293945,11.6899995803833,11.4399995803833,11.59000015258789,10.774961471557617,33400
2015-03-16,11.619999885559082,11.789999961853027,11.600000381469727,11.760000228881836,10.93300724029541,23100
2015-03-17,11.710000038146973,11.75,11.529999732971191,11.65999984741211,10.840039253234863,23200
2015-03-18,11.609999656677246,12.0600004196167,11.569999694824219,12.039999961853027,11.193316459655762,29800
2015-03-19,11.930000305175781,11.930000305175781,11.800000190734863,11.859999656677246,11.02597427368164,18000
2015-03-20,12.0,12.039999961853027,11.970000267028809,12.039999961853027,11.193316459655762,17400
2015-03-23,12.09000015258789,12.100000381469727,11.970000267028809,12.09000015258789,11.239800453186035,28000
2015-03-24,12.100000381469727,12.100000381469727,11.899999618530273,12.0,11.156129837036133,24800
2015-03-25,12.020000457763672,12.079999923706055,11.899999618530273,11.960000038146973,11.11894416809082,34000
2015-03-26,12.029999732971191,12.029999732971191,11.829999923706055,11.920000076293945,11.081755638122559,15200
2015-03-27,11.859999656677246,11.880000114440918,11.720000267028809,11.850000381469727,11.016676902770996,13100
2015-03-30,11.789999961853027,11.789999961853027,11.369999885559082,11.520000457763672,10.709882736206055,65700
2015-03-31,11.40999984741211,11.760000228881836,11.399999618530273,11.65999984741211,10.840039253234863,38200
2015-04-01,11.670000076293945,11.899999618530273,11.670000076293945,11.869999885559082,11.035271644592285,61800
2015-04-02,11.869999885559082,11.90999984741211,11.720000267028809,11.779999732971191,10.951598167419434,20600
2015-04-06,11.819999694824219,11.84000015258789,11.710000038146973,11.779999732971191,10.951598167419434,12900
2015-04-07,11.8100004196167,11.979999542236328,11.760000228881836,11.90999984741211,11.07245922088623,14100
2015-04-08,11.989999771118164,12.140000343322754,11.779999732971191,11.789999961853027,10.960895538330078,34700
2015-04-09,11.829999923706055,11.84000015258789,11.670000076293945,11.770000457763672,10.942304611206055,25400
2015-04-10,11.779999732971191,11.8100004196167,11.65999984741211,11.720000267028809,10.895817756652832,47700
2015-04-13,11.729999542236328,11.8100004196167,11.65999984741211,11.699999809265137,10.877225875854492,24200
2015-04-14,11.779999732971191,11.859999656677246,11.760000228881836,11.829999923706055,10.99808406829834,18200
2015-04-15,11.8100004196167,12.100000381469727,11.789999961853027,12.09000015258789,11.239800453186035,18300
2015-04-16,12.09000015258789,12.130000114440918,11.970000267028809,12.109999656677246,11.258391380310059,17200
2015-04-17,12.079999923706055,12.119999885559082,11.850000381469727,11.9399995803833,11.100346565246582,16600
2015-04-20,11.970000267028809,12.109999656677246,11.960000038146973,12.050000190734863,11.202613830566406,11800
2015-04-21,12.069999694824219,12.079999923706055,11.989999771118164,12.0600004196167,11.211909294128418,16400
2015-04-22,12.0600004196167,12.109999656677246,12.029999732971191,12.09000015258789,11.239800453186035,21700
2015-04-23,12.109999656677246,12.40999984741211,12.109999656677246,12.390000343322754,11.518704414367676,62400
2015-04-24,12.390000343322754,12.489999771118164,12.380000114440918,12.399999618530273,11.52800178527832,25300
2015-04-27,12.4399995803833,12.65999984741211,12.420000076293945,12.649999618530273,11.760418891906738,25800
2015-04-28,12.600000381469727,12.960000038146973,12.600000381469727,12.760000228881836,11.862685203552246,60800
2015-04-29,12.800000190734863,12.829999923706055,12.489999771118164,12.600000381469727,11.713933944702148,31800
2015-04-30,12.430000305175781,12.470000267028809,12.260000228881836,12.40999984741211,11.537298202514648,31700
2015-05-01,12.380000114440918,12.380000114440918,12.1899995803833,12.210000038146973,11.351359367370605,23800
2015-05-04,12.319999694824219,12.430000305175781,12.300000190734863,12.359999656677246,11.490814208984375,26000
2015-05-05,12.430000305175781,12.430000305175781,12.1899995803833,12.279999732971191,11.416439056396484,27700
2015-05-06,12.350000381469727,12.350000381469727,12.119999885559082,12.229999542236328,11.369951248168945,25100
2015-05-07,12.199999809265137,12.239999771118164,12.130000114440918,12.210000038146973,11.351359367370605,23100
2015-05-08,12.329999923706055,12.529999732971191,12.220000267028809,12.510000228881836,11.630265235900879,22100
2015-05-11,12.460000038146973,12.539999961853027,12.420000076293945,12.420000076293945,11.54659366607666,65800
2015-05-12,12.460000038146973,12.569999694824219,12.4399995803833,12.529999732971191,11.648856163024902,23600
2015-05-13,12.529999732971191,12.630000114440918,12.520000457763672,12.550000190734863,11.667451858520508,31700
2015-05-14,12.600000381469727,12.850000381469727,12.600000381469727,12.699999809265137,11.806903839111328,35300
2015-05-15,12.65999984741211,12.720000267028809,12.600000381469727,12.720000267028809,11.825496673583984,16000
2015-05-18,12.680000305175781,12.680000305175781,12.470000267028809,12.579999923706055,11.695342063903809,7700
2015-05-19,12.460000038146973,12.550000190734863,12.40999984741211,12.529999732971191,11.648856163024902,32600
2015-05-20,12.520000457763672,12.59000015258789,12.430000305175781,12.550000190734863,11.667451858520508,36900
2015-05-21,12.5,12.569999694824219,12.449999809265137,12.569999694824219,11.686044692993164,34600
2015-05-22,12.479999542236328,12.479999542236328,12.350000381469727,12.390000343322754,11.518704414367676,27100
2015-05-26,12.270000457763672,12.329999923706055,12.170000076293945,12.199999809265137,11.342065811157227,58400
2015-05-27,12.180000305175781,12.25,12.020000457763672,12.079999923706055,11.230502128601074,48400
2015-05-28,11.970000267028809,12.109999656677246,11.930000305175781,12.0600004196167,11.211909294128418,30900
2015-05-29,11.979999542236328,12.020000457763672,11.930000305175781,12.010000228881836,11.165425300598145,16900
2015-06-01,11.989999771118164,12.0,11.760000228881836,11.890000343322754,11.053864479064941,34300
2015-06-02,11.90999984741211,12.079999923706055,11.890000343322754,12.0600004196167,11.211909294128418,96600
2015-06-03,11.970000267028809,12.029999732971191,11.949999809265137,11.970000267028809,11.128240585327148,19600
2015-06-04,11.869999885559082,11.960000038146973,11.829999923706055,11.890000343322754,11.053864479064941,25600
2015-06-05,11.979999542236328,12.1899995803833,11.960000038146973,12.180000305175781,11.323472023010254,32500
2015-06-08,12.210000038146973,12.210000038146973,11.899999618530273,12.100000381469727,11.249096870422363,21800
2015-06-09,12.1899995803833,12.3100004196167,12.140000343322754,12.1899995803833,11.332768440246582,45500
2015-06-10,12.359999656677246,12.520000457763672,12.34000015258789,12.359999656677246,11.490814208984375,50700
2015-06-11,12.34000015258789,12.380000114440918,12.199999809265137,12.199999809265137,11.394614219665527,14600
2015-06-12,12.130000114440918,12.220000267028809,12.079999923706055,12.1899995803833,11.385272979736328,30300
2015-06-15,12.119999885559082,12.15999984741211,12.069999694824219,12.15999984741211,11.357251167297363,8000
2015-06-16,12.149999618530273,12.25,12.109999656677246,12.15999984741211,11.357251167297363,29600
2015-06-17,12.220000267028809,12.229999542236328,12.119999885559082,12.210000038146973,11.403950691223145,16800
2015-06-18,12.319999694824219,12.359999656677246,12.289999961853027,12.34000015258789,11.525369644165039,13300
2015-06-19,12.270000457763672,12.390000343322754,12.229999542236328,12.380000114440918,11.562727928161621,8500
2015-06-22,12.399999618530273,12.510000228881836,12.399999618530273,12.4399995803833,11.618767738342285,19400
2015-06-23,12.329999923706055,12.550000190734863,12.329999923706055,12.479999542236328,11.656126022338867,117600
2015-06-24,12.399999618530273,12.5,12.390000343322754,12.449999809265137,11.628108024597168,35900
2015-06-25,12.510000228881836,12.520000457763672,12.40999984741211,12.460000038146973,11.63744831085205,146800
2015-06-26,12.420000076293945,12.460000038146973,12.239999771118164,12.390000343322754,11.572071075439453,182400
2015-06-29,12.079999923706055,12.130000114440918,11.819999694824219,11.859999656677246,11.077057838439941,62900
2015-06-30,11.859999656677246,11.9399995803833,11.770000457763672,11.930000305175781,11.142437934875488,25900
2015-07-01,11.979999542236328,12.029999732971191,11.90999984741211,11.989999771118164,11.198474884033203,8300
2015-07-02,11.829999923706055,11.989999771118164,11.829999923706055,11.960000038146973,11.170458793640137,17200
2015-07-06,11.829999923706055,11.829999923706055,11.670000076293945,11.710000038146973,10.936960220336914,16100
2015-07-07,11.729999542236328,11.789999961853027,11.550000190734863,11.789999961853027,11.011677742004395,27100
2015-07-08,11.710000038146973,11.760000228881836,11.399999618530273,11.40999984741211,10.656764030456543,29200
2015-07-09,11.479999542236328,11.569999694824219,10.949999809265137,11.170000076293945,10.432610511779785,77100
2015-07-10,11.239999771118164,11.489999771118164,11.220000267028809,11.460000038146973,10.70346450805664,63100
2015-07-13,11.390000343322754,11.510000228881836,11.350000381469727,11.470000267028809,10.712804794311523,15000
2015-07-14,11.489999771118164,11.489999771118164,11.25,11.40999984741211,10.656764030456543,20900
2015-07-15,11.390000343322754,11.430000305175781,11.25,11.289999961853027,10.544686317443848,46000
2015-07-16,11.319999694824219,11.390000343322754,11.149999618530273,11.329999923706055,10.582046508789062,59200
2015-07-17,11.390000343322754,11.390000343322754,11.289999961853027,11.359999656677246,10.610066413879395,13400
2015-07-20,11.420000076293945,11.569999694824219,11.350000381469727,11.359999656677246,10.610066413879395,15200
2015-07-21,11.430000305175781,11.4399995803833,11.300000190734863,11.3100004196167,10.563369750976562,22400
2015-07-22,11.260000228881836,11.350000381469727,11.1899995803833,11.199999809265137,10.460627555847168,114000
2015-07-23,11.270000457763672,11.369999885559082,11.039999961853027,11.079999923706055,10.34854793548584,29900
2015-07-24,11.039999961853027,11.109999656677246,11.0,11.020000457763672,10.292511940002441,9900
2015-07-27,11.020000457763672,11.119999885559082,10.710000038146973,11.069999694824219,10.339208602905273,39200
2015-07-28,11.15999984741211,11.260000228881836,11.130000114440918,11.25,10.507326126098633,15500
2015-07-29,11.279999732971191,11.59000015258789,11.25,11.420000076293945,10.666105270385742,31900
2015-07-30,11.34000015258789,11.489999771118164,11.319999694824219,11.430000305175781,10.675446510314941,7300
2015-07-31,11.489999771118164,11.5,11.300000190734863,11.369999885559082,10.619404792785645,16500
2015-08-03,11.390000343322754,11.420000076293945,11.199999809265137,11.420000076293945,10.666105270385742,9000
2015-08-04,11.40999984741211,11.569999694824219,11.380000114440918,11.380000114440918,10.628746032714844,39900
2015-08-05,11.529999732971191,11.529999732971191,11.399999618530273,11.479999542236328,10.722143173217773,13000
2015-08-06,11.489999771118164,11.489999771118164,11.319999694824219,11.4399995803833,10.684783935546875,22900
2015-08-07,11.329999923706055,11.5,11.319999694824219,11.380000114440918,10.628746032714844,16400
2015-08-10,11.5,11.84000015258789,11.5,11.84000015258789,11.058378219604492,24700
2015-08-11,11.680000305175781,11.8100004196167,11.680000305175781,11.729999542236328,10.955636978149414,66300
2015-08-12,11.680000305175781,11.710000038146973,11.180000305175781,11.380000114440918,10.628746032714844,38000
2015-08-13,11.539999961853027,11.720000267028809,11.289999961853027,11.329999923706055,10.582046508789062,30800
2015-08-14,11.3100004196167,11.420000076293945,11.260000228881836,11.300000190734863,10.554024696350098,24700
2015-08-17,11.239999771118164,11.289999961853027,11.1899995803833,11.25,10.507326126098633,48000
2015-08-18,11.199999809265137,11.460000038146973,11.199999809265137,11.460000038146973,10.70346450805664,12200
2015-08-19,11.300000190734863,11.300000190734863,10.979999542236328,11.140000343322754,10.404587745666504,40600
2015-08-20,11.020000457763672,11.039999961853027,10.90999984741211,10.90999984741211,10.18977165222168,15000
2015-08-21,10.90999984741211,10.90999984741211,10.609999656677246,10.649999618530273,9.946935653686523,50100
2015-08-24,10.180000305175781,10.539999961853027,10.0600004196167,10.239999771118164,9.564003944396973,43700
2015-08-25,10.569999694824219,10.569999694824219,10.210000038146973,10.229999542236328,9.554664611816406,26600
2015-08-26,10.430000305175781,10.710000038146973,10.1899995803833,10.680000305175781,9.974957466125488,25300
2015-08-27,10.829999923706055,10.970000267028809,10.710000038146973,10.760000228881836,10.049674034118652,78300
2015-08-28,10.670000076293945,10.90999984741211,10.670000076293945,10.90999984741211,10.18977165222168,22700
2015-08-31,10.789999961853027,11.010000228881836,10.789999961853027,11.0,10.273831367492676,63100
2015-09-01,10.770000457763672,11.010000228881836,10.729999542236328,10.800000190734863,10.087035179138184,34200
2015-09-02,10.90999984741211,10.90999984741211,10.550000190734863,10.619999885559082,9.918916702270508,31600
2015-09-03,10.710000038146973,10.739999771118164,10.569999694824219,10.59000015258789,9.890896797180176,22400
2015-09-04,10.5,10.5,10.319999694824219,10.399999618530273,9.71343994140625,48500
2015-09-08,10.470000267028809,10.680000305175781,10.470000267028809,10.510000228881836,9.816179275512695,21900
2015-09-09,10.649999618530273,10.970000267028809,10.600000381469727,10.850000381469727,10.133733749389648,25600
2015-09-10,10.819999694824219,10.960000038146973,10.819999694824219,10.850000381469727,10.133733749389648,17100
2015-09-11,10.6899995803833,10.739999771118164,10.630000114440918,10.680000305175781,10.027636528015137,22000
2015-09-14,10.619999885559082,10.640000343322754,10.359999656677246,10.399999618530273,9.764738082885742,16400
2015-09-15,10.399999618530273,10.550000190734863,10.359999656677246,10.470000267028809,9.830463409423828,20200
2015-09-16,10.5,10.729999542236328,10.5,10.6899995803833,10.037022590637207,11100
2015-09-17,10.649999618530273,10.789999961853027,10.550000190734863,10.739999771118164,10.083970069885254,29300
2015-09-18,10.699999809265137,10.710000038146973,10.420000076293945,10.420000076293945,9.783516883850098,20000
2015-09-21,10.539999961853027,10.739999771118164,10.520000457763672,10.640000343322754,9.990077018737793,14400
2015-09-22,10.510000228881836,10.630000114440918,10.470000267028809,10.579999923706055,9.93374252319336,31500
2015-09-23,10.569999694824219,10.569999694824219,10.359999656677246,10.390000343322754,9.755348205566406,17800
2015-09-24,10.319999694824219,10.350000381469727,10.229999542236328,10.319999694824219,9.689623832702637,17400
2015-09-25,10.359999656677246,10.539999961853027,10.34000015258789,10.5,9.858630180358887,17600
2015-09-28,10.430000305175781,10.430000305175781,10.229999542236328,10.229999542236328,9.605123519897461,15000
2015-09-29,10.25,10.260000228881836,10.140000343322754,10.1899995803833,9.56756591796875,74800
2015-09-30,10.279999732971191,10.619999885559082,10.279999732971191,10.619999885559082,9.97130012512207,29500
2015-10-01,10.630000114440918,10.850000381469727,10.579999923706055,10.670000076293945,10.018245697021484,38900
2015-10-02,10.5600004196167,10.739999771118164,10.5600004196167,10.729999542236328,10.074580192565918,26300
2015-10-05,10.84000015258789,11.039999961853027,10.829999923706055,10.930000305175781,10.262364387512207,19900
2015-10-06,10.960000038146973,11.100000381469727,10.949999809265137,10.989999771118164,10.31870174407959,25800
2015-10-07,11.079999923706055,11.100000381469727,10.960000038146973,11.09000015258789,10.412592887878418,25500
2015-10-08,11.100000381469727,11.270000457763672,11.050000190734863,11.270000457763672,10.581595420837402,20800
2015-10-09,11.210000038146973,11.430000305175781,11.210000038146973,11.369999885559082,10.675488471984863,18600
2015-10-12,11.369999885559082,11.449999809265137,11.210000038146973,11.369999885559082,10.675488471984863,10800
2015-10-13,11.279999732971191,11.289999961853027,11.15999984741211,11.229999542236328,10.544038772583008,12600
2015-10-14,11.229999542236328,11.319999694824219,11.149999618530273,11.260000228881836,10.5722074508667,15000
2015-10-15,11.289999961853027,11.390000343322754,11.25,11.369999885559082,10.675488471984863,13600
2015-10-16,11.399999618530273,11.399999618530273,11.050000190734863,11.050000190734863,10.37503433227539,32400
2015-10-19,11.029999732971191,11.460000038146973,11.0,11.460000038146973,10.759990692138672,195300
2015-10-20,11.149999618530273,11.390000343322754,11.149999618530273,11.34000015258789,10.647322654724121,24600
2015-10-21,11.34000015258789,11.34000015258789,11.149999618530273,11.15999984741211,10.478316307067871,18500
2015-10-22,11.210000038146973,11.4399995803833,11.210000038146973,11.34000015258789,10.647322654724121,20100
2015-10-23,11.350000381469727,11.59000015258789,11.350000381469727,11.520000457763672,10.816325187683105,21100
2015-10-26,11.510000228881836,11.579999923706055,11.229999542236328,11.239999771118164,10.553427696228027,15300
2015-10-27,11.1899995803833,11.270000457763672,11.140000343322754,11.270000457763672,10.581595420837402,12000
2015-10-28,11.3100004196167,11.430000305175781,11.239999771118164,11.329999923706055,10.637933731079102,45900
2015-10-29,11.289999961853027,11.289999961853027,11.180000305175781,11.210000038146973,10.525261878967285,9800
2015-10-30,11.239999771118164,11.329999923706055,11.130000114440918,11.329999923706055,10.637933731079102,23300
2015-11-02,11.34000015258789,11.520000457763672,11.34000015258789,11.489999771118164,10.78815746307373,31100
2015-11-03,11.5,11.800000190734863,11.479999542236328,11.75,11.032279014587402,31700
2015-11-04,11.729999542236328,11.739999771118164,11.5,11.510000228881836,10.806936264038086,29600
2015-11-05,11.510000228881836,11.529999732971191,11.350000381469727,11.449999809265137,10.750600814819336,19300
2015-11-06,11.390000343322754,11.4399995803833,11.260000228881836,11.319999694824219,10.628543853759766,21000
2015-11-09,11.369999885559082,11.40999984741211,11.229999542236328,11.380000114440918,10.6848783493042,18700
2015-11-10,11.289999961853027,11.420000076293945,11.279999732971191,11.399999618530273,10.703652381896973,24100
2015-11-11,11.5,11.5,11.069999694824219,11.069999694824219,10.39381217956543,49600
2015-11-12,11.020000457763672,11.069999694824219,10.619999885559082,10.640000343322754,9.990077018737793,230100
2015-11-13,10.649999618530273,10.8100004196167,10.600000381469727,10.699999809265137,10.04641342163086,245900
2015-11-16,10.699999809265137,11.300000190734863,10.649999618530273,11.180000305175781,10.497093200683594,100000
2015-11-17,11.229999542236328,11.3100004196167,11.15999984741211,11.229999542236328,10.544038772583008,29800
2015-11-18,11.289999961853027,11.289999961853027,11.25,11.270000457763672,10.581595420837402,19400
2015-11-19,11.34000015258789,11.420000076293945,11.279999732971191,11.3100004196167,10.619155883789062,24300
2015-11-20,11.300000190734863,11.369999885559082,11.229999542236328,11.25,10.562816619873047,26200
2015-11-23,11.210000038146973,11.430000305175781,11.199999809265137,11.350000381469727,10.656708717346191,25700
2015-11-24,11.329999923706055,11.329999923706055,11.130000114440918,11.319999694824219,10.628543853759766,81400
2015-11-25,11.319999694824219,11.319999694824219,11.210000038146973,11.300000190734863,10.609764099121094,31800
2015-11-27,11.270000457763672,11.270000457763672,11.15999984741211,11.25,10.562816619873047,6900
2015-11-30,11.289999961853027,11.390000343322754,11.260000228881836,11.390000343322754,10.694266319274902,15100
2015-12-01,11.380000114440918,11.539999961853027,11.350000381469727,11.510000228881836,10.806936264038086,25100
2015-12-02,11.520000457763672,11.539999961853027,11.279999732971191,11.510000228881836,10.806936264038086,58300
2015-12-03,11.529999732971191,11.539999961853027,11.329999923706055,11.369999885559082,10.675488471984863,35300
2015-12-04,11.390000343322754,11.489999771118164,11.34000015258789,11.399999618530273,10.703652381896973,172500
2015-12-07,11.319999694824219,11.350000381469727,11.210000038146973,11.25,10.562816619873047,14600
2015-12-08,11.109999656677246,11.25,11.0600004196167,11.09000015258789,10.412592887878418,12000
2015-12-09,11.050000190734863,11.229999542236328,11.0,11.0,10.328088760375977,24100
2015-12-10,11.069999694824219,11.220000267028809,11.050000190734863,11.09000015258789,10.412592887878418,35500
2015-12-11,10.960000038146973,11.149999618530273,10.9399995803833,11.020000457763672,10.3984375,50200
2015-12-14,11.0,11.0,10.760000228881836,10.84000015258789,10.228589057922363,60900
2015-12-15,10.989999771118164,11.100000381469727,10.949999809265137,11.079999923706055,10.455052375793457,31400
2015-12-16,11.050000190734863,11.109999656677246,10.949999809265137,11.010000228881836,10.38900089263916,19700
2015-12-17,11.029999732971191,11.029999732971191,10.779999732971191,10.850000381469727,10.238025665283203,20200
2015-12-18,10.829999923706055,10.890000343322754,10.800000190734863,10.869999885559082,10.256898880004883,44500
2015-12-21,10.960000038146973,11.109999656677246,10.949999809265137,11.109999656677246,10.483360290527344,39700
2015-12-22,11.09000015258789,11.170000076293945,11.079999923706055,11.130000114440918,10.502232551574707,20900
2015-12-23,11.239999771118164,11.319999694824219,11.130000114440918,11.220000267028809,10.587158203125,18300
2015-12-24,11.170000076293945,11.34000015258789,11.140000343322754,11.180000305175781,10.54941177368164,11100
2015-12-28,11.130000114440918,11.1899995803833,11.050000190734863,11.050000190734863,10.426745414733887,10100
2015-12-29,11.180000305175781,11.220000267028809,11.149999618530273,11.1899995803833,10.55884838104248,14000
2015-12-30,11.119999885559082,11.170000076293945,11.039999961853027,11.109999656677246,10.483360290527344,47700
2015-12-31,11.09000015258789,11.140000343322754,11.029999732971191,11.09000015258789,10.464489936828613,20900
2016-01-04,11.180000305175781,11.180000305175781,10.84000015258789,10.930000305175781,10.313512802124023,54500
2016-01-05,10.970000267028809,10.989999771118164,10.84000015258789,10.880000114440918,10.266334533691406,26100
2016-01-06,10.75,11.109999656677246,10.75,11.0,10.379566192626953,23300
2016-01-07,10.859999656677246,10.90999984741211,10.6899995803833,10.8100004196167,10.200282096862793,33000
2016-01-08,10.859999656677246,10.859999656677246,10.720000267028809,10.739999771118164,10.13422966003418,32300
2016-01-11,10.800000190734863,10.819999694824219,10.600000381469727,10.680000305175781,10.077614784240723,38000
2016-01-12,10.710000038146973,11.149999618530273,10.609999656677246,11.149999618530273,10.521103858947754,32000
2016-01-13,10.970000267028809,10.970000267028809,10.609999656677246,10.640000343322754,10.03986930847168,38200
2016-01-14,10.640000343322754,10.729999542236328,10.430000305175781,10.680000305175781,10.077614784240723,66800
2016-01-15,10.399999618530273,10.489999771118164,10.25,10.460000038146973,9.870024681091309,35700
2016-01-19,10.489999771118164,10.489999771118164,10.260000228881836,10.390000343322754,9.803970336914062,64500
2016-01-20,10.15999984741211,10.34000015258789,9.890000343322754,10.260000228881836,9.681303024291992,59300
2016-01-21,10.359999656677246,10.479999542236328,10.210000038146973,10.380000114440918,9.794536590576172,38500
2016-01-22,10.5,10.699999809265137,10.479999542236328,10.550000190734863,9.954948425292969,45400
2016-01-25,10.539999961853027,10.569999694824219,10.369999885559082,10.40999984741211,9.822842597961426,21500
2016-01-26,10.460000038146973,10.65999984741211,10.420000076293945,10.65999984741211,10.058743476867676,28000
2016-01-27,10.539999961853027,10.569999694824219,10.020000457763672,10.079999923706055,9.511457443237305,62000
2016-01-28,10.279999732971191,10.380000114440918,10.0600004196167,10.34000015258789,9.756792068481445,51700
2016-01-29,10.359999656677246,10.449999809265137,10.229999542236328,10.430000305175781,9.841712951660156,106100
2016-02-01,10.300000190734863,10.300000190734863,10.010000228881836,10.079999923706055,9.511457443237305,73800
2016-02-02,10.0,10.109999656677246,9.899999618530273,10.020000457763672,9.454841613769531,37200
2016-02-03,10.239999771118164,10.34000015258789,10.140000343322754,10.279999732971191,9.700176239013672,52000
2016-02-04,10.329999923706055,10.449999809265137,10.260000228881836,10.260000228881836,9.681303024291992,30900
2016-02-05,10.25,10.390000343322754,10.140000343322754,10.210000038146973,9.634124755859375,41600
2016-02-08,10.100000381469727,10.100000381469727,9.930000305175781,10.069999694824219,9.502020835876465,49500
2016-02-09,9.979999542236328,10.300000190734863,9.979999542236328,10.270000457763672,9.690739631652832,76700
2016-02-10,10.239999771118164,10.329999923706055,9.760000228881836,9.770000457763672,9.218941688537598,80000
2016-02-11,9.699999809265137,9.720000267028809,9.34000015258789,9.600000381469727,9.0585298538208,745700
2016-02-12,9.989999771118164,9.989999771118164,9.819999694824219,9.869999885559082,9.313300132751465,395500
2016-02-16,10.0,10.300000190734863,9.850000381469727,10.300000190734863,9.719047546386719,165700
2016-02-17,10.210000038146973,10.539999961853027,10.1899995803833,10.5,9.907768249511719,85200
2016-02-18,10.579999923706055,10.59000015258789,10.4399995803833,10.529999732971191,9.936075210571289,327900
2016-02-19,10.430000305175781,10.710000038146973,10.359999656677246,10.649999618530273,10.049306869506836,140800
2016-02-22,10.739999771118164,10.960000038146973,10.739999771118164,10.819999694824219,10.209718704223633,203200
2016-02-23,10.819999694824219,10.880000114440918,10.640000343322754,10.680000305175781,10.077614784240723,81000
2016-02-24,10.569999694824219,10.949999809265137,10.520000457763672,10.869999885559082,10.256898880004883,65300
2016-02-25,10.989999771118164,11.0600004196167,10.90999984741211,11.020000457763672,10.3984375,295000
2016-02-26,11.069999694824219,11.09000015258789,11.0,11.029999732971191,10.407872200012207,177100
2016-02-29,11.010000228881836,11.100000381469727,10.989999771118164,11.0,10.379566192626953,105600
2016-03-01,11.09000015258789,11.199999809265137,11.079999923706055,11.1899995803833,10.55884838104248,45900
2016-03-02,11.109999656677246,11.15999984741211,10.989999771118164,11.149999618530273,10.521103858947754,72200
2016-03-03,11.140000343322754,11.350000381469727,11.109999656677246,11.239999771118164,10.606027603149414,76100
2016-03-04,11.1899995803833,11.319999694824219,11.1899995803833,11.260000228881836,10.624900817871094,32500
2016-03-07,11.220000267028809,11.420000076293945,11.220000267028809,11.34000015258789,10.70038890838623,57100
2016-03-08,11.289999961853027,11.289999961853027,11.149999618530273,11.199999809265137,10.56828498840332,50900
2016-03-09,11.239999771118164,11.390000343322754,11.220000267028809,11.359999656677246,10.719261169433594,26700
2016-03-10,11.319999694824219,11.34000015258789,11.09000015258789,11.260000228881836,10.624900817871094,53900
2016-03-11,11.319999694824219,11.399999618530273,11.25,11.329999923706055,10.74438762664795,48700
2016-03-14,11.239999771118164,11.380000114440918,11.239999771118164,11.3100004196167,10.725422859191895,28100
2016-03-15,11.229999542236328,11.550000190734863,11.170000076293945,11.550000190734863,10.953018188476562,26000
2016-03-16,11.239999771118164,11.489999771118164,11.220000267028809,11.449999809265137,10.858185768127441,61800
2016-03-17,11.550000190734863,11.65999984741211,11.5,11.619999885559082,11.019400596618652,35200
2016-03-18,11.630000114440918,11.640000343322754,11.539999961853027,11.59000015258789,10.990949630737305,106500
2016-03-21,11.510000228881836,11.670000076293945,11.510000228881836,11.609999656677246,11.00991439819336,184700
2016-03-22,11.550000190734863,11.649999618530273,11.529999732971191,11.579999923706055,10.981466293334961,122600
2016-03-23,11.529999732971191,11.539999961853027,11.420000076293945,11.449999809265137,10.858185768127441,24100
2016-03-24,11.319999694824219,11.319999694824219,11.180000305175781,11.319999694824219,10.734907150268555,53800
2016-03-28,11.34000015258789,11.470000267028809,11.34000015258789,11.449999809265137,10.858185768127441,130100
2016-03-29,11.40999984741211,11.520000457763672,11.359999656677246,11.5,10.905599594116211,124000
2016-03-30,11.569999694824219,11.65999984741211,11.5,11.569999694824219,10.9719820022583,35900
2016-03-31,11.609999656677246,11.710000038146973,11.5600004196167,11.579999923706055,10.981466293334961,61500
2016-04-01,11.479999542236328,11.489999771118164,11.369999885559082,11.479999542236328,10.88663387298584,29300
2016-04-04,11.489999771118164,11.489999771118164,11.279999732971191,11.279999732971191,10.696972846984863,27300
2016-04-05,11.15999984741211,11.170000076293945,11.0600004196167,11.109999656677246,10.535758018493652,85200
2016-04-06,11.119999885559082,11.220000267028809,11.09000015258789,11.210000038146973,10.630589485168457,33600
2016-04-07,11.140000343322754,11.149999618530273,11.079999923706055,11.100000381469727,10.526275634765625,15400
2016-04-08,11.199999809265137,11.350000381469727,11.149999618530273,11.289999961853027,10.706456184387207,39300
2016-04-11,11.34000015258789,11.390000343322754,11.329999923706055,11.350000381469727,10.763354301452637,16600
2016-04-12,11.40999984741211,11.479999542236328,11.359999656677246,11.399999618530273,10.810769081115723,19800
2016-04-13,11.399999618530273,11.479999542236328,11.329999923706055,11.34000015258789,10.753872871398926,36900
2016-04-14,11.350000381469727,11.380000114440918,11.3100004196167,11.350000381469727,10.763354301452637,24900
2016-04-15,11.350000381469727,11.729999542236328,11.329999923706055,11.539999961853027,10.943534851074219,50200
2016-04-18,11.4399995803833,11.630000114440918,11.4399995803833,11.510000228881836,10.915084838867188,32600
2016-04-19,11.619999885559082,11.699999809265137,11.59000015258789,11.630000114440918,11.02888298034668,22800
2016-04-20,11.670000076293945,11.819999694824219,11.600000381469727,11.739999771118164,11.133195877075195,23900
2016-04-21,11.739999771118164,11.819999694824219,11.699999809265137,11.75,11.142681121826172,47900
2016-04-22,11.760000228881836,11.819999694824219,11.699999809265137,11.720000267028809,11.114230155944824,22800
2016-04-25,11.680000305175781,11.699999809265137,11.579999923706055,11.680000305175781,11.076299667358398,34100
2016-04-26,11.729999542236328,11.8100004196167,11.729999542236328,11.760000228881836,11.152164459228516,28400
2016-04-27,11.8100004196167,11.90999984741211,11.779999732971191,11.850000381469727,11.237512588500977,24900
2016-04-28,11.850000381469727,12.0,11.850000381469727,11.949999809265137,11.332343101501465,29200
2016-04-29,11.960000038146973,11.979999542236328,11.779999732971191,11.829999923706055,11.218544960021973,25800
2016-05-02,11.859999656677246,11.859999656677246,11.649999618530273,11.729999542236328,11.123712539672852,20800
2016-05-03,11.630000114440918,11.680000305175781,11.489999771118164,11.510000228881836,10.915084838867188,64400
2016-05-04,11.420000076293945,11.5600004196167,11.390000343322754,11.5600004196167,10.962499618530273,57700
2016-05-05,11.609999656677246,11.609999656677246,11.479999542236328,11.569999694824219,10.9719820022583,19400
2016-05-06,11.6899995803833,11.9399995803833,11.6899995803833,11.890000343322754,11.275444030761719,37300
2016-05-09,11.8100004196167,11.880000114440918,11.75,11.760000228881836,11.152164459228516,31500
2016-05-10,11.779999732971191,12.199999809265137,11.779999732971191,12.100000381469727,11.474587440490723,65800
2016-05-11,12.0600004196167,12.180000305175781,11.920000076293945,12.100000381469727,11.474587440490723,52600
2016-05-12,12.180000305175781,12.239999771118164,12.100000381469727,12.199999809265137,11.569419860839844,97800
2016-05-13,12.199999809265137,12.229999542236328,12.069999694824219,12.180000305175781,11.550454139709473,39200
2016-05-16,12.239999771118164,12.3100004196167,12.239999771118164,12.300000190734863,11.664253234863281,81900
2016-05-17,12.260000228881836,12.270000457763672,12.140000343322754,12.15999984741211,11.531487464904785,49300
2016-05-18,12.119999885559082,12.210000038146973,12.039999961853027,12.09000015258789,11.465106010437012,31700
2016-05-19,12.0,12.539999961853027,11.979999542236328,12.40999984741211,11.76856517791748,69700
2016-05-20,12.239999771118164,12.319999694824219,12.15999984741211,12.199999809265137,11.569419860839844,51000
2016-05-23,12.140000343322754,12.350000381469727,12.09000015258789,12.270000457763672,11.635801315307617,26000
2016-05-24,12.170000076293945,12.270000457763672,12.149999618530273,12.15999984741211,11.531487464904785,68100
2016-05-25,12.220000267028809,12.34000015258789,12.170000076293945,12.300000190734863,11.664253234863281,30100
2016-05-26,12.380000114440918,12.420000076293945,12.239999771118164,12.300000190734863,11.664253234863281,49900
2016-05-27,12.329999923706055,12.699999809265137,12.329999923706055,12.600000381469727,11.948745727539062,47400
2016-05-31,12.600000381469727,12.609999656677246,12.479999542236328,12.489999771118164,11.844430923461914,44000
2016-06-01,12.5600004196167,12.779999732971191,12.5,12.779999732971191,12.119441032409668,37000
2016-06-02,12.699999809265137,12.699999809265137,12.600000381469727,12.609999656677246,11.958227157592773,28500
2016-06-03,12.670000076293945,12.760000228881836,12.670000076293945,12.680000305175781,12.024611473083496,26700
2016-06-06,12.75,12.84000015258789,12.699999809265137,12.760000228881836,12.10047721862793,61800
2016-06-07,12.819999694824219,13.020000457763672,12.8100004196167,13.0,12.328072547912598,34600
2016-06-08,13.069999694824219,13.270000457763672,13.069999694824219,13.15999984741211,12.479803085327148,50100
2016-06-09,13.109999656677246,13.210000038146973,13.0,13.109999656677246,12.432385444641113,42000
2016-06-10,13.069999694824219,13.109999656677246,12.869999885559082,12.869999885559082,12.204788208007812,62600
2016-06-13,12.770000457763672,13.020000457763672,12.770000457763672,12.8100004196167,12.203837394714355,101800
2016-06-14,12.779999732971191,12.789999961853027,12.649999618530273,12.670000076293945,12.070463180541992,57300
2016-06-15,12.649999618530273,12.770000457763672,12.649999618530273,12.699999809265137,12.099042892456055,60200
2016-06-16,12.5600004196167,12.710000038146973,12.479999542236328,12.630000114440918,12.032355308532715,36900
2016-06-17,12.6899995803833,12.6899995803833,12.520000457763672,12.529999732971191,11.937087059020996,22700
2016-06-20,12.670000076293945,12.75,12.5600004196167,12.5600004196167,11.965665817260742,23200
2016-06-21,12.619999885559082,12.6899995803833,12.5600004196167,12.630000114440918,12.032355308532715,62500
2016-06-22,12.680000305175781,12.729999542236328,12.630000114440918,12.699999809265137,12.099042892456055,77300
2016-06-23,12.859999656677246,12.9399995803833,12.640000343322754,12.6899995803833,12.089516639709473,61400
2016-06-24,12.329999923706055,12.520000457763672,12.149999618530273,12.149999618530273,11.575066566467285,32000
2016-06-27,12.09000015258789,12.199999809265137,11.979999542236328,12.029999732971191,11.460745811462402,75700
2016-06-28,12.199999809265137,12.289999961853027,11.850000381469727,11.880000114440918,11.317846298217773,48600
2016-06-29,12.0,12.119999885559082,11.859999656677246,12.039999961853027,11.4702730178833,79200
2016-06-30,12.079999923706055,12.119999885559082,12.0,12.09000015258789,11.517908096313477,68300
2016-07-01,12.130000114440918,12.289999961853027,12.130000114440918,12.260000228881836,11.679863929748535,31100
2016-07-05,12.140000343322754,12.220000267028809,11.920000076293945,12.100000381469727,11.527434349060059,40300
2016-07-06,12.069999694824219,12.069999694824219,11.949999809265137,12.0,11.432167053222656,37400
2016-07-07,12.1899995803833,12.390000343322754,12.170000076293945,12.369999885559082,11.784658432006836,42600
2016-07-08,12.40999984741211,12.40999984741211,12.25,12.3100004196167,11.727499008178711,59900
2016-07-11,12.380000114440918,12.550000190734863,12.350000381469727,12.460000038146973,11.870397567749023,38300
2016-07-12,12.649999618530273,12.880000114440918,12.630000114440918,12.8100004196167,12.203837394714355,55600
2016-07-13,12.789999961853027,12.9399995803833,12.729999542236328,12.859999656677246,12.251472473144531,207500
2016-07-14,12.9399995803833,13.140000343322754,12.920000076293945,12.9399995803833,12.327686309814453,70300
2016-07-15,12.9399995803833,12.949999809265137,12.8100004196167,12.8100004196167,12.203837394714355,28300
2016-07-18,12.75,12.890000343322754,12.720000267028809,12.890000343322754,12.280052185058594,30900
2016-07-19,12.8100004196167,12.930000305175781,12.770000457763672,12.890000343322754,12.280052185058594,38700
2016-07-20,12.800000190734863,13.0,12.800000190734863,12.989999771118164,12.375320434570312,102000
2016-07-21,13.010000228881836,13.020000457763672,12.90999984741211,12.979999542236328,12.365792274475098,39000
2016-07-22,12.949999809265137,13.0,12.850000381469727,12.970000267028809,12.356268882751465,21900
2016-07-25,12.920000076293945,12.9399995803833,12.779999732971191,12.800000190734863,12.19430923461914,40700
2016-07-26,12.859999656677246,12.960000038146973,12.84000015258789,12.930000305175781,12.318159103393555,100300
2016-07-27,12.930000305175781,13.140000343322754,12.930000305175781,13.0600004196167,12.442009925842285,141100
2016-07-28,13.09000015258789,13.149999618530273,13.0600004196167,13.09000015258789,12.470588684082031,66700
2016-07-29,13.109999656677246,13.350000381469727,13.050000190734863,13.329999923706055,12.69923210144043,60600
2016-08-01,13.380000114440918,13.430000305175781,13.279999732971191,13.34000015258789,12.708757400512695,29700
2016-08-02,13.289999961853027,13.369999885559082,13.229999542236328,13.279999732971191,12.651597023010254,45800
2016-08-03,13.289999961853027,13.289999961853027,13.130000114440918,13.149999618530273,12.527748107910156,34500
2016-08-04,13.15999984741211,13.279999732971191,13.140000343322754,13.15999984741211,12.537276268005371,43200
2016-08-05,12.979999542236328,13.239999771118164,12.979999542236328,13.210000038146973,12.58491039276123,45000
2016-08-08,13.229999542236328,13.359999656677246,13.220000267028809,13.329999923706055,12.69923210144043,30900
2016-08-09,13.329999923706055,13.510000228881836,13.329999923706055,13.420000076293945,12.78497314453125,66000
2016-08-10,13.930000305175781,13.9399995803833,13.630000114440918,13.65999984741211,13.013615608215332,110800
2016-08-11,13.649999618530273,13.890000343322754,13.59000015258789,13.739999771118164,13.089829444885254,57400
2016-08-12,13.739999771118164,13.819999694824219,13.59000015258789,13.619999885559082,12.975509643554688,36900
2016-08-15,13.65999984741211,13.979999542236328,13.630000114440918,13.949999809265137,13.28989315032959,76700
2016-08-16,13.960000038146973,14.069999694824219,13.960000038146973,14.0600004196167,13.39469051361084,66200
2016-08-17,14.050000190734863,14.170000076293945,14.050000190734863,14.170000076293945,13.499482154846191,57100
2016-08-18,14.210000038146973,14.289999961853027,14.149999618530273,14.25,13.575698852539062,58200
2016-08-19,14.1899995803833,14.270000457763672,14.069999694824219,14.229999542236328,13.55664348602295,38200
2016-08-22,14.25,14.260000228881836,14.020000457763672,14.149999618530273,13.480428695678711,82700
2016-08-23,14.210000038146973,14.289999961853027,14.069999694824219,14.079999923706055,13.413741111755371,56200
2016-08-24,14.079999923706055,14.130000114440918,14.029999732971191,14.100000381469727,13.432796478271484,96100
2016-08-25,14.149999618530273,14.25,14.079999923706055,14.149999618530273,13.480428695678711,73400
2016-08-26,14.220000267028809,14.34000015258789,13.949999809265137,14.0,13.337528228759766,58400
2016-08-29,13.9399995803833,14.220000267028809,13.9399995803833,14.140000343322754,13.470903396606445,40700
2016-08-30,14.119999885559082,14.130000114440918,13.989999771118164,14.0,13.337528228759766,24500
2016-08-31,14.010000228881836,14.279999732971191,14.010000228881836,14.229999542236328,13.55664348602295,66600
2016-09-01,14.229999542236328,14.369999885559082,14.149999618530273,14.270000457763672,13.594752311706543,64400
2016-09-02,14.40999984741211,14.470000267028809,14.279999732971191,14.4399995803833,13.756709098815918,81300
2016-09-06,14.479999542236328,14.630000114440918,14.350000381469727,14.579999923706055,13.890083312988281,109900
2016-09-07,14.609999656677246,14.609999656677246,14.369999885559082,14.4399995803833,13.756709098815918,136300
2016-09-08,14.460000038146973,14.5,14.390000343322754,14.489999771118164,13.804341316223145,85500
2016-09-09,14.399999618530273,14.399999618530273,13.84000015258789,13.850000381469727,13.194624900817871,75700
2016-09-12,13.680000305175781,14.0600004196167,13.569999694824219,14.020000457763672,13.356581687927246,90300
2016-09-13,13.949999809265137,13.960000038146973,13.770000457763672,13.869999885559082,13.271419525146484,85100
2016-09-14,13.819999694824219,13.930000305175781,13.720000267028809,13.720000267028809,13.12789535522461,39900
2016-09-15,13.800000190734863,13.869999885559082,13.770000457763672,13.869999885559082,13.271419525146484,23000
2016-09-16,13.8100004196167,13.869999885559082,13.729999542236328,13.800000190734863,13.204442977905273,21300
2016-09-19,13.850000381469727,13.890000343322754,13.739999771118164,13.800000190734863,13.204442977905273,27200
2016-09-20,13.779999732971191,13.989999771118164,13.779999732971191,13.9399995803833,13.338400840759277,41300
2016-09-21,14.0,14.25,13.989999771118164,14.220000267028809,13.606317520141602,40200
2016-09-22,14.350000381469727,14.470000267028809,14.3100004196167,14.359999656677246,13.740275382995605,51800
2016-09-23,14.289999961853027,14.489999771118164,14.260000228881836,14.420000076293945,13.797685623168945,76800
2016-09-26,14.350000381469727,14.390000343322754,14.220000267028809,14.260000228881836,13.6445894241333,96800
2016-09-27,14.239999771118164,14.359999656677246,14.170000076293945,14.319999694824219,13.70199966430664,64000
2016-09-28,14.350000381469727,14.5,14.260000228881836,14.5,13.874234199523926,47000
2016-09-29,14.520000457763672,14.600000381469727,14.1899995803833,14.210000038146973,13.596747398376465,68800
2016-09-30,14.279999732971191,14.300000190734863,14.069999694824219,14.239999771118164,13.625452995300293,73500
2016-10-03,14.210000038146973,14.279999732971191,14.15999984741211,14.25,13.635022163391113,94000
2016-10-04,14.270000457763672,14.399999618530273,14.140000343322754,14.1899995803833,13.57761001586914,100800
2016-10-05,14.220000267028809,14.350000381469727,14.220000267028809,14.289999961853027,13.673296928405762,58600
2016-10-06,14.289999961853027,14.3100004196167,14.1899995803833,14.239999771118164,13.625452995300293,127400
2016-10-07,14.239999771118164,14.239999771118164,13.920000076293945,14.100000381469727,13.491497993469238,57400
2016-10-10,14.199999809265137,14.289999961853027,14.109999656677246,14.199999809265137,13.587181091308594,15500
2016-10-11,14.1899995803833,14.1899995803833,14.020000457763672,14.0600004196167,13.45322322845459,64800
2016-10-12,14.010000228881836,14.100000381469727,14.0,14.0600004196167,13.45322322845459,62100
2016-10-13,14.09000015258789,14.350000381469727,13.949999809265137,14.199999809265137,13.587181091308594,52600
2016-10-14,14.229999542236328,14.40999984741211,14.229999542236328,14.300000190734863,13.682865142822266,38100
2016-10-17,14.329999923706055,14.34000015258789,14.229999542236328,14.300000190734863,13.682865142822266,43600
2016-10-18,14.470000267028809,14.59000015258789,14.329999923706055,14.550000190734863,13.922076225280762,36500
2016-10-19,14.569999694824219,14.619999885559082,14.390000343322754,14.420000076293945,13.797685623168945,44700
2016-10-20,14.380000114440918,14.380000114440918,14.260000228881836,14.289999961853027,13.673296928405762,37200
2016-10-21,14.170000076293945,14.260000228881836,14.109999656677246,14.260000228881836,13.6445894241333,95100
2016-10-24,14.279999732971191,14.3100004196167,14.180000305175781,14.199999809265137,13.587181091308594,40700
2016-10-25,14.1899995803833,14.239999771118164,13.899999618530273,13.930000305175781,13.328832626342773,104900
2016-10-26,13.869999885559082,14.0,13.84000015258789,13.920000076293945,13.31926441192627,82500
2016-10-27,13.9399995803833,14.050000190734863,13.920000076293945,14.010000228881836,13.405381202697754,29300
2016-10-28,14.0,14.130000114440918,14.0,14.050000190734863,13.44365406036377,42500
2016-10-31,14.050000190734863,14.15999984741211,14.029999732971191,14.039999961853027,13.434083938598633,49400
2016-11-01,14.119999885559082,14.1899995803833,13.880000114440918,13.890000343322754,13.290558815002441,27100
2016-11-02,13.859999656677246,13.920000076293945,13.75,13.8100004196167,13.214010238647461,55500
2016-11-03,13.789999961853027,14.399999618530273,13.789999961853027,14.079999923706055,13.472358703613281,140400
2016-11-04,14.079999923706055,14.359999656677246,14.0,14.359999656677246,13.740275382995605,150800
2016-11-07,14.220000267028809,14.300000190734863,14.15999984741211,14.180000305175781,13.568042755126953,70100
2016-11-08,14.140000343322754,14.539999961853027,14.140000343322754,14.489999771118164,13.864665985107422,57500
2016-11-09,14.15999984741211,14.550000190734863,14.100000381469727,14.5,13.874234199523926,167800
2016-11-10,14.369999885559082,14.699999809265137,14.34000015258789,14.640000343322754,14.00819206237793,172500
2016-11-11,14.470000267028809,14.489999771118164,14.100000381469727,14.210000038146973,13.596747398376465,164900
2016-11-14,14.130000114440918,14.199999809265137,13.90999984741211,14.140000343322754,13.529769897460938,138800
2016-11-15,14.109999656677246,14.260000228881836,14.050000190734863,14.260000228881836,13.6445894241333,100300
2016-11-16,14.1899995803833,14.359999656677246,14.1899995803833,14.300000190734863,13.682865142822266,86900
2016-11-17,14.300000190734863,14.390000343322754,14.239999771118164,14.260000228881836,13.6445894241333,124000
2016-11-18,14.199999809265137,14.59000015258789,14.199999809265137,14.479999542236328,13.855095863342285,67300
2016-11-21,14.5,14.729999542236328,14.4399995803833,14.6899995803833,14.056034088134766,68600
2016-11-22,14.75,14.890000343322754,14.65999984741211,14.680000305175781,14.046466827392578,67200
2016-11-23,14.579999923706055,14.75,14.579999923706055,14.680000305175781,14.046466827392578,77300
2016-11-25,14.600000381469727,14.619999885559082,14.470000267028809,14.529999732971191,13.902938842773438,56200
2016-11-28,14.600000381469727,14.850000381469727,14.550000190734863,14.789999961853027,14.151717185974121,153100
2016-11-29,14.779999732971191,14.84000015258789,14.649999618530273,14.75,14.113444328308105,165700
2016-11-30,14.800000190734863,14.829999923706055,14.609999656677246,14.75,14.113444328308105,96900
2016-12-01,14.829999923706055,14.84000015258789,14.680000305175781,14.739999771118164,14.103876113891602,47600
2016-12-02,14.739999771118164,14.779999732971191,14.640000343322754,14.720000267028809,14.084738731384277,34800
2016-12-05,14.75,14.84000015258789,14.609999656677246,14.640000343322754,14.00819206237793,49800
2016-12-06,14.529999732971191,14.869999885559082,14.529999732971191,14.869999885559082,14.228264808654785,258000
2016-12-07,14.859999656677246,14.859999656677246,14.699999809265137,14.760000228881836,14.123013496398926,95000
2016-12-08,14.789999961853027,14.789999961853027,14.550000190734863,14.640000343322754,14.00819206237793,70700
2016-12-09,14.59000015258789,14.710000038146973,14.550000190734863,14.569999694824219,13.941213607788086,92400
2016-12-12,14.59000015258789,14.680000305175781,14.399999618530273,14.479999542236328,13.855095863342285,98900
2016-12-13,14.529999732971191,14.569999694824219,14.350000381469727,14.390000343322754,13.827230453491211,181300
2016-12-14,14.329999923706055,14.4399995803833,14.109999656677246,14.140000343322754,13.587008476257324,79000
2016-12-15,14.069999694824219,14.220000267028809,14.0,14.0600004196167,13.510135650634766,403100
2016-12-16,14.029999732971191,14.109999656677246,13.989999771118164,14.100000381469727,13.548572540283203,128800
2016-12-19,14.130000114440918,14.130000114440918,13.970000267028809,14.020000457763672,13.471700668334961,84000
2016-12-20,14.0600004196167,14.09000015258789,13.949999809265137,14.010000228881836,13.462092399597168,214100
2016-12-21,13.979999542236328,14.0600004196167,13.930000305175781,13.949999809265137,13.404438018798828,68000
2016-12-22,13.850000381469727,13.930000305175781,13.75,13.920000076293945,13.375612258911133,99500
2016-12-23,13.899999618530273,14.0,13.859999656677246,13.9399995803833,13.394829750061035,66300
2016-12-27,14.020000457763672,14.050000190734863,13.869999885559082,13.9399995803833,13.394829750061035,27900
2016-12-28,14.0,14.069999694824219,13.890000343322754,13.9399995803833,13.394829750061035,89900
2016-12-29,14.020000457763672,14.029999732971191,13.90999984741211,13.90999984741211,13.366004943847656,74200
2016-12-30,14.020000457763672,14.039999961853027,13.930000305175781,13.970000267028809,13.423656463623047,76800
2017-01-03,14.020000457763672,14.09000015258789,13.960000038146973,14.020000457763672,13.471700668334961,64100
2017-01-04,14.149999618530273,14.220000267028809,14.109999656677246,14.210000038146973,13.654269218444824,104600
2017-01-05,14.199999809265137,14.300000190734863,14.050000190734863,14.09000015258789,13.53896427154541,79300
2017-01-06,14.109999656677246,14.170000076293945,13.989999771118164,14.029999732971191,13.481308937072754,81000
2017-01-09,13.970000267028809,13.989999771118164,13.850000381469727,13.899999618530273,13.35639476776123,106700
2017-01-10,13.869999885559082,14.100000381469727,13.869999885559082,14.079999923706055,13.529353141784668,61700
2017-01-11,14.069999694824219,14.15999984741211,13.960000038146973,14.109999656677246,13.55817985534668,82100
2017-01-12,14.319999694824219,14.390000343322754,14.149999618530273,14.220000267028809,13.663881301879883,178000
2017-01-13,14.289999961853027,14.3100004196167,14.210000038146973,14.25,13.692706108093262,131400
2017-01-17,14.350000381469727,14.359999656677246,14.079999923706055,14.119999885559082,13.567789077758789,78000
2017-01-18,14.100000381469727,14.180000305175781,13.970000267028809,13.989999771118164,13.442873001098633,78900
2017-01-19,14.029999732971191,14.050000190734863,13.920000076293945,13.9399995803833,13.394829750061035,74000
2017-01-20,13.9399995803833,13.960000038146973,13.850000381469727,13.930000305175781,13.385220527648926,51300
2017-01-23,13.90999984741211,13.970000267028809,13.800000190734863,13.949999809265137,13.404438018798828,100500
2017-01-24,13.979999542236328,14.180000305175781,13.979999542236328,14.15999984741211,13.606225967407227,93300
2017-01-25,14.199999809265137,14.430000305175781,14.199999809265137,14.430000305175781,13.865666389465332,74300
2017-01-26,14.449999809265137,14.569999694824219,14.350000381469727,14.430000305175781,13.865666389465332,102600
2017-01-27,14.40999984741211,14.430000305175781,14.25,14.289999961853027,13.731142044067383,89100
2017-01-30,14.329999923706055,14.34000015258789,14.079999923706055,14.199999809265137,13.644662857055664,77800
2017-01-31,14.289999961853027,14.289999961853027,14.109999656677246,14.199999809265137,13.644662857055664,54900
2017-02-01,14.199999809265137,14.260000228881836,14.100000381469727,14.260000228881836,13.702316284179688,34900
2017-02-02,14.239999771118164,14.289999961853027,14.109999656677246,14.149999618530273,13.596617698669434,43900
2017-02-03,14.220000267028809,14.289999961853027,14.109999656677246,14.170000076293945,13.61583423614502,96300
2017-02-06,14.149999618530273,14.229999542236328,14.039999961853027,14.170000076293945,13.61583423614502,86700
2017-02-07,14.09000015258789,14.15999984741211,14.0600004196167,14.100000381469727,13.548572540283203,78400
2017-02-08,14.130000114440918,14.170000076293945,14.09000015258789,14.130000114440918,13.577399253845215,87500
2017-02-09,14.229999542236328,14.239999771118164,14.149999618530273,14.1899995803833,13.635052680969238,47500
2017-02-10,14.25,14.380000114440918,14.239999771118164,14.329999923706055,13.769577980041504,92300
2017-02-13,14.359999656677246,14.460000038146973,14.350000381469727,14.399999618530273,13.836841583251953,70100
2017-02-14,14.729999542236328,14.880000114440918,14.479999542236328,14.539999961853027,13.971364974975586,276400
2017-02-15,14.729999542236328,15.640000343322754,14.710000038146973,15.5,14.893820762634277,347500
2017-02-16,15.5600004196167,15.880000114440918,15.539999961853027,15.619999885559082,15.009126663208008,184700
2017-02-17,15.579999923706055,15.600000381469727,15.430000305175781,15.59000015258789,14.980302810668945,121300
2017-02-21,15.449999809265137,15.720000267028809,15.420000076293945,15.65999984741211,15.047562599182129,95800
2017-02-22,15.520000457763672,15.699999809265137,15.510000228881836,15.640000343322754,15.028345108032227,77900
2017-02-23,15.65999984741211,15.6899995803833,15.40999984741211,15.430000305175781,14.826559066772461,115100
2017-02-24,15.380000114440918,15.380000114440918,15.1899995803833,15.220000267028809,14.624771118164062,121300
2017-02-27,15.270000457763672,15.289999961853027,15.119999885559082,15.1899995803833,14.59594440460205,88800
2017-02-28,15.100000381469727,15.270000457763672,15.079999923706055,15.109999656677246,14.519071578979492,80600
2017-03-01,15.170000076293945,15.489999771118164,15.170000076293945,15.390000343322754,14.78812313079834,83000
2017-03-02,15.3100004196167,15.380000114440918,15.170000076293945,15.180000305175781,14.586336135864258,139800
2017-03-03,15.229999542236328,15.279999732971191,15.130000114440918,15.1899995803833,14.59594440460205,82500
2017-03-06,15.119999885559082,15.1899995803833,14.989999771118164,15.079999923706055,14.490245819091797,181900
2017-03-07,15.130000114440918,15.130000114440918,14.979999542236328,15.0,14.413373947143555,106900
2017-03-08,14.899999618530273,14.930000305175781,14.770000457763672,14.779999732971191,14.201979637145996,142500
2017-03-09,14.8100004196167,14.819999694824219,14.710000038146973,14.760000228881836,14.182760238647461,99300
2017-03-10,14.899999618530273,14.949999809265137,14.729999542236328,14.920000076293945,14.336504936218262,123500
2017-03-13,14.880000114440918,15.029999732971191,14.859999656677246,14.989999771118164,14.460949897766113,171100
2017-03-14,14.90999984741211,14.9399995803833,14.779999732971191,14.800000190734863,14.277656555175781,185000
2017-03-15,14.859999656677246,14.920000076293945,14.680000305175781,14.890000343322754,14.364480972290039,119900
2017-03-16,14.960000038146973,14.960000038146973,14.75,14.760000228881836,14.239067077636719,161700
2017-03-17,14.779999732971191,14.850000381469727,14.649999618530273,14.699999809265137,14.181185722351074,743500
2017-03-20,14.65999984741211,14.770000457763672,14.600000381469727,14.640000343322754,14.123305320739746,173700
2017-03-21,14.739999771118164,14.819999694824219,14.5600004196167,14.649999618530273,14.132950782775879,135800
2017-03-22,14.579999923706055,14.760000228881836,14.529999732971191,14.729999542236328,14.210127830505371,126900
2017-03-23,14.699999809265137,14.869999885559082,14.670000076293945,14.8100004196167,14.28730297088623,97200
2017-03-24,14.869999885559082,14.9399995803833,14.819999694824219,14.890000343322754,14.364480972290039,101500
2017-03-27,14.869999885559082,14.979999542236328,14.640000343322754,14.930000305175781,14.403069496154785,143100
2017-03-28,14.979999542236328,15.119999885559082,14.970000267028809,15.109999656677246,14.576715469360352,188600
2017-03-29,15.109999656677246,15.229999542236328,15.020000457763672,15.229999542236328,14.692479133605957,154000
2017-03-30,15.239999771118164,15.380000114440918,15.210000038146973,15.270000457763672,14.731069564819336,151300
2017-03-31,15.279999732971191,15.319999694824219,15.140000343322754,15.289999961853027,14.75036334991455,168100
2017-04-03,15.260000228881836,15.260000228881836,15.050000190734863,15.15999984741211,14.624950408935547,160300
2017-04-04,15.109999656677246,15.239999771118164,15.029999732971191,15.170000076293945,14.634597778320312,110300
2017-04-05,15.260000228881836,15.300000190734863,15.119999885559082,15.229999542236328,14.692479133605957,117300
2017-04-06,15.279999732971191,15.3100004196167,15.09000015258789,15.170000076293945,14.634597778320312,152100
2017-04-07,15.229999542236328,15.25,15.100000381469727,15.140000343322754,14.605656623840332,96900
2017-04-10,15.1899995803833,15.34000015258789,15.15999984741211,15.279999732971191,14.740714073181152,116100
2017-04-11,15.279999732971191,15.369999885559082,15.239999771118164,15.329999923706055,14.788949966430664,69000
2017-04-12,15.359999656677246,15.470000267028809,15.329999923706055,15.399999618530273,14.85647964477539,180200
2017-04-13,15.390000343322754,15.420000076293945,15.109999656677246,15.149999618530273,14.615303993225098,121500
2017-04-17,15.199999809265137,15.319999694824219,15.149999618530273,15.319999694824219,14.779303550720215,55200
2017-04-18,15.229999542236328,15.239999771118164,15.130000114440918,15.199999809265137,14.663537979125977,76100
2017-04-19,15.15999984741211,15.210000038146973,15.0600004196167,15.15999984741211,14.624950408935547,159200
2017-04-20,15.15999984741211,15.3100004196167,15.15999984741211,15.270000457763672,14.731069564819336,112900
2017-04-21,15.270000457763672,15.319999694824219,15.1899995803833,15.210000038146973,14.673185348510742,231300
2017-04-24,15.369999885559082,15.470000267028809,15.350000381469727,15.380000114440918,14.837183952331543,121200
2017-04-25,15.329999923706055,15.430000305175781,15.289999961853027,15.390000343322754,14.846834182739258,160000
2017-04-26,15.329999923706055,15.5,15.319999694824219,15.350000381469727,14.808245658874512,106400
2017-04-27,15.359999656677246,15.4399995803833,15.149999618530273,15.1899995803833,14.653891563415527,112800
2017-04-28,15.199999809265137,15.289999961853027,15.09000015258789,15.270000457763672,14.731069564819336,137600
2017-05-01,15.3100004196167,15.40999984741211,15.229999542236328,15.3100004196167,14.76965618133545,97400
2017-05-02,15.289999961853027,15.6899995803833,15.270000457763672,15.680000305175781,15.126599311828613,208500
2017-05-03,15.6899995803833,15.6899995803833,15.539999961853027,15.569999694824219,15.020479202270508,214300
2017-05-04,15.600000381469727,15.699999809265137,15.550000190734863,15.619999885559082,15.068716049194336,162200
2017-05-05,15.699999809265137,15.9399995803833,15.630000114440918,15.920000076293945,15.358128547668457,130400
2017-05-08,15.920000076293945,15.920000076293945,15.819999694824219,15.850000381469727,15.290596961975098,196900
2017-05-09,15.880000114440918,16.0,15.859999656677246,15.930000305175781,15.367775917053223,417800
2017-05-10,15.970000267028809,16.010000228881836,15.699999809265137,15.8100004196167,15.2520112991333,442000
2017-05-11,15.729999542236328,15.779999732971191,15.600000381469727,15.699999809265137,15.145892143249512,680900
2017-05-12,15.680000305175781,15.75,15.579999923706055,15.600000381469727,15.049421310424805,86600
2017-05-15,15.670000076293945,15.869999885559082,15.65999984741211,15.829999923706055,15.2713041305542,156600
2017-05-16,15.8100004196167,15.899999618530273,15.75,15.829999923706055,15.2713041305542,200100
2017-05-17,15.6899995803833,15.699999809265137,15.4399995803833,15.460000038146973,14.914362907409668,172500
2017-05-18,15.390000343322754,15.539999961853027,15.279999732971191,15.5,14.952951431274414,202200
2017-05-19,15.5600004196167,15.75,15.529999732971191,15.729999542236328,15.174833297729492,85600
2017-05-22,15.850000381469727,15.930000305175781,15.720000267028809,15.850000381469727,15.290596961975098,64300
2017-05-23,15.880000114440918,15.880000114440918,15.710000038146973,15.760000228881836,15.203774452209473,141700
2017-05-24,15.789999961853027,15.970000267028809,15.739999771118164,15.949999809265137,15.387067794799805,189700
2017-05-25,16.030000686645508,16.110000610351562,15.930000305175781,16.100000381469727,15.531773567199707,149600
2017-05-26,16.110000610351562,16.31999969482422,16.100000381469727,16.270000457763672,15.695773124694824,247600
2017-05-30,16.290000915527344,16.59000015258789,16.290000915527344,16.510000228881836,15.92730712890625,378700
2017-05-31,16.149999618530273,16.329999923706055,15.989999771118164,16.1299991607666,15.560714721679688,517000
2017-06-01,16.09000015258789,16.3799991607666,16.049999237060547,16.139999389648438,15.57036018371582,395300
2017-06-02,16.1200008392334,16.3700008392334,15.970000267028809,16.280000686645508,15.705422401428223,266300
2017-06-05,16.239999771118164,16.670000076293945,16.239999771118164,16.610000610351562,16.02377700805664,746500
2017-06-06,16.59000015258789,16.610000610351562,16.469999313354492,16.540000915527344,15.956245422363281,461000
2017-06-07,16.389999389648438,16.540000915527344,16.389999389648438,16.389999389648438,15.811539649963379,274600
2017-06-08,16.389999389648438,16.479999542236328,16.350000381469727,16.450000762939453,15.86942195892334,347000
2017-06-09,16.469999313354492,16.68000030517578,16.3799991607666,16.479999542236328,15.898361206054688,362100
2017-06-12,16.530000686645508,16.56999969482422,16.3799991607666,16.510000228881836,15.92730712890625,265000
2017-06-13,16.559999465942383,16.700000762939453,16.549999237060547,16.610000610351562,16.08222198486328,258400
2017-06-14,16.639999389648438,16.68000030517578,16.510000228881836,16.549999237060547,16.024126052856445,213100
2017-06-15,16.440000534057617,16.530000686645508,16.260000228881836,16.489999771118164,15.96603012084961,275200
2017-06-16,16.56999969482422,16.649999618530273,16.459999084472656,16.610000610351562,16.08222198486328,330900
2017-06-19,16.610000610351562,16.760000228881836,16.559999465942383,16.729999542236328,16.198406219482422,244600
2017-06-20,16.729999542236328,16.950000762939453,16.600000381469727,16.6299991607666,16.10158348083496,246700
2017-06-21,16.700000762939453,16.850000381469727,16.559999465942383,16.729999542236328,16.198406219482422,449100
2017-06-22,16.780000686645508,16.8799991607666,16.610000610351562,16.75,16.217769622802734,385100
2017-06-23,16.649999618530273,16.860000610351562,16.6299991607666,16.75,16.217769622802734,300900
2017-06-26,16.829999923706055,16.90999984741211,16.719999313354492,16.809999465942383,16.27586555480957,172400
2017-06-27,16.780000686645508,16.989999771118164,16.760000228881836,16.93000030517578,16.392053604125977,329800
2017-06-28,17.1299991607666,17.3700008392334,17.06999969482422,17.270000457763672,16.721250534057617,310100
2017-06-29,17.280000686645508,17.280000686645508,16.93000030517578,17.040000915527344,16.498559951782227,334700
2017-06-30,17.139999389648438,17.299999237060547,17.100000381469727,17.239999771118164,16.69219970703125,265900
2017-07-03,17.3799991607666,17.3799991607666,17.15999984741211,17.18000030517578,16.634109497070312,81600
2017-07-05,17.290000915527344,17.5,17.239999771118164,17.450000762939453,16.89553451538086,382200
2017-07-06,17.420000076293945,17.489999771118164,17.229999542236328,17.280000686645508,16.73093032836914,300100
2017-07-07,17.40999984741211,17.510000228881836,17.299999237060547,17.489999771118164,16.93425941467285,254900
2017-07-10,17.510000228881836,17.719999313354492,17.489999771118164,17.639999389648438,17.079490661621094,491500
2017-07-11,17.65999984741211,17.65999984741211,17.450000762939453,17.559999465942383,17.00203514099121,879700
2017-07-12,17.639999389648438,17.8799991607666,17.59000015258789,17.760000228881836,17.195680618286133,450200
2017-07-13,17.799999237060547,17.799999237060547,17.639999389648438,17.690000534057617,17.127904891967773,230100
2017-07-14,17.709999084472656,17.739999771118164,17.639999389648438,17.690000534057617,17.127904891967773,101000
2017-07-17,17.68000030517578,17.75,17.549999237060547,17.56999969482422,17.011714935302734,188900
2017-07-18,17.65999984741211,17.65999984741211,17.40999984741211,17.479999542236328,16.924575805664062,164900
2017-07-19,17.600000381469727,17.6299991607666,17.549999237060547,17.59000015258789,17.03108024597168,174400
2017-07-20,17.559999465942383,17.600000381469727,17.489999771118164,17.5,16.943941116333008,262700
2017-07-21,17.520000457763672,17.540000915527344,17.389999389648438,17.43000030517578,16.87616539001465,174900
2017-07-24,17.43000030517578,17.43000030517578,17.329999923706055,17.399999618530273,16.847118377685547,250400
2017-07-25,17.43000030517578,17.479999542236328,17.239999771118164,17.239999771118164,16.69219970703125,243200
2017-07-26,17.239999771118164,17.239999771118164,17.059999465942383,17.1200008392334,16.576017379760742,324800
2017-07-27,17.139999389648438,17.149999618530273,16.65999984741211,16.690000534057617,16.159679412841797,545000
2017-07-28,16.68000030517578,16.899999618530273,16.670000076293945,16.8700008392334,16.333959579467773,332300
2017-07-31,16.920000076293945,17.020000457763672,16.8700008392334,16.969999313354492,16.4307804107666,186700
2017-08-01,17.0,17.110000610351562,16.829999923706055,16.979999542236328,16.440462112426758,186000
2017-08-02,16.959999084472656,17.170000076293945,16.940000534057617,17.149999618530273,16.60506248474121,170200
2017-08-03,17.1299991607666,17.229999542236328,17.0,17.06999969482422,16.527605056762695,251100
2017-08-04,17.049999237060547,17.059999465942383,16.860000610351562,17.0,16.459827423095703,145900
2017-08-07,17.010000228881836,17.1200008392334,16.959999084472656,17.06999969482422,16.527605056762695,99800
2017-08-08,17.0,17.170000076293945,16.969999313354492,17.1299991607666,16.5856990814209,164400
2017-08-09,17.059999465942383,17.170000076293945,17.040000915527344,17.149999618530273,16.60506248474121,188200
2017-08-10,17.100000381469727,17.25,16.489999771118164,16.549999237060547,16.024126052856445,390600
2017-08-11,16.440000534057617,16.93000030517578,16.219999313354492,16.549999237060547,16.024126052856445,291800
2017-08-14,16.549999237060547,16.6299991607666,16.3700008392334,16.389999389648438,15.869211196899414,227400
2017-08-15,16.3799991607666,16.43000030517578,16.239999771118164,16.40999984741211,15.888572692871094,273900
2017-08-16,16.469999313354492,16.5,16.389999389648438,16.43000030517578,15.907941818237305,170400
2017-08-17,16.43000030517578,16.600000381469727,16.43000030517578,16.510000228881836,15.98539924621582,223200
2017-08-18,16.59000015258789,16.639999389648438,16.309999465942383,16.31999969482422,15.801435470581055,165400
2017-08-21,16.329999923706055,16.399999618530273,16.209999084472656,16.290000915527344,15.772388458251953,156600
2017-08-22,16.34000015258789,16.360000610351562,16.239999771118164,16.260000228881836,15.743343353271484,186100
2017-08-23,16.219999313354492,16.290000915527344,16.09000015258789,16.09000015258789,15.578742980957031,359000
2017-08-24,16.190000534057617,16.190000534057617,16.040000915527344,16.049999237060547,15.540014266967773,274900
2017-08-25,16.110000610351562,16.290000915527344,16.110000610351562,16.170000076293945,15.65620231628418,135300
2017-08-28,16.25,16.260000228881836,15.949999809265137,15.979999542236328,15.472237586975098,263400
2017-08-29,15.869999885559082,15.970000267028809,15.65999984741211,15.960000038146973,15.452874183654785,448600
2017-08-30,16.329999923706055,16.739999771118164,16.270000457763672,16.3700008392334,15.849847793579102,518100
2017-08-31,16.479999542236328,16.540000915527344,16.360000610351562,16.520000457763672,15.995080947875977,304300
2017-09-01,16.6200008392334,16.719999313354492,16.510000228881836,16.530000686645508,16.004762649536133,163700
2017-09-05,16.549999237060547,16.6299991607666,16.3799991607666,16.579999923706055,16.053171157836914,404900
2017-09-06,16.579999923706055,16.950000762939453,16.549999237060547,16.700000762939453,16.169363021850586,320200
2017-09-07,16.780000686645508,16.799999237060547,16.5,16.56999969482422,16.04349136352539,295500
2017-09-08,16.600000381469727,16.639999389648438,16.459999084472656,16.489999771118164,15.96603012084961,806800
2017-09-11,16.450000762939453,16.68000030517578,16.440000534057617,16.540000915527344,16.014446258544922,306000
2017-09-12,16.56999969482422,16.75,16.479999542236328,16.75,16.217769622802734,240800
2017-09-13,16.75,16.790000915527344,16.610000610351562,16.649999618530273,16.120948791503906,282300
2017-09-14,16.440000534057617,16.469999313354492,16.170000076293945,16.280000686645508,15.833076477050781,384600
2017-09-15,16.25,16.469999313354492,16.25,16.450000762939453,15.998408317565918,300300
2017-09-18,16.469999313354492,16.610000610351562,16.43000030517578,16.520000457763672,16.066486358642578,204000
2017-09-19,16.549999237060547,16.559999465942383,16.440000534057617,16.489999771118164,16.03730583190918,253600
2017-09-20,16.5,16.600000381469727,16.389999389648438,16.600000381469727,16.144289016723633,501400
2017-09-21,16.56999969482422,16.780000686645508,16.520000457763672,16.729999542236328,16.270719528198242,188900
2017-09-22,16.719999313354492,16.829999923706055,16.600000381469727,16.670000076293945,16.21236801147461,253200
2017-09-25,16.729999542236328,16.8799991607666,16.68000030517578,16.860000610351562,16.397153854370117,450000
2017-09-26,16.889999389648438,16.969999313354492,16.6200008392334,16.950000762939453,16.484683990478516,814400
2017-09-27,16.950000762939453,17.260000228881836,16.950000762939453,17.25,16.776445388793945,743300
2017-09-28,17.260000228881836,17.3799991607666,17.170000076293945,17.360000610351562,16.883426666259766,851200
2017-09-29,17.3700008392334,17.649999618530273,17.3700008392334,17.530000686645508,17.04875946044922,928900
2017-10-02,17.510000228881836,17.68000030517578,17.5,17.549999237060547,17.068206787109375,333200
2017-10-03,17.559999465942383,17.649999618530273,17.5,17.56999969482422,17.08765983581543,317400
2017-10-04,17.6200008392334,17.639999389648438,17.3700008392334,17.440000534057617,16.961231231689453,226700
2017-10-05,17.3700008392334,17.450000762939453,17.15999984741211,17.219999313354492,16.747268676757812,265600
2017-10-06,17.209999084472656,17.290000915527344,17.15999984741211,17.209999084472656,16.737545013427734,138100
2017-10-09,17.299999237060547,17.360000610351562,17.190000534057617,17.299999237060547,16.825071334838867,138100
2017-10-10,17.290000915527344,17.3799991607666,17.200000762939453,17.34000015258789,16.863975524902344,346700
2017-10-11,17.3799991607666,17.40999984741211,17.209999084472656,17.260000228881836,16.78617286682129,219200
2017-10-12,17.229999542236328,17.329999923706055,17.200000762939453,17.229999542236328,16.756996154785156,196900
2017-10-13,17.299999237060547,17.829999923706055,17.270000457763672,17.790000915527344,17.301624298095703,784500
2017-10-16,17.770000457763672,17.770000457763672,17.43000030517578,17.559999465942383,17.07793617248535,317900
2017-10-17,17.540000915527344,17.549999237060547,17.350000381469727,17.450000762939453,16.97096061706543,252900
2017-10-18,17.489999771118164,17.68000030517578,17.459999084472656,17.610000610351562,17.126564025878906,227800
2017-10-19,17.559999465942383,17.59000015258789,17.3700008392334,17.420000076293945,16.941776275634766,207300
2017-10-20,17.360000610351562,17.469999313354492,17.360000610351562,17.43000030517578,16.951505661010742,252900
2017-10-23,17.469999313354492,17.479999542236328,17.229999542236328,17.280000686645508,16.805622100830078,154000
2017-10-24,17.31999969482422,17.360000610351562,17.139999389648438,17.31999969482422,16.84452247619629,434700
2017-10-25,17.31999969482422,17.34000015258789,17.040000915527344,17.18000030517578,16.708370208740234,202100
2017-10-26,17.200000762939453,17.34000015258789,17.139999389648438,17.299999237060547,16.825071334838867,190400
2017-10-27,17.350000381469727,17.65999984741211,17.170000076293945,17.610000610351562,17.126564025878906,555100
2017-10-30,17.549999237060547,17.6200008392334,17.5,17.540000915527344,17.058486938476562,255300
2017-10-31,17.510000228881836,17.739999771118164,17.510000228881836,17.709999084472656,17.223819732666016,203900
2017-11-01,17.700000762939453,18.170000076293945,17.670000076293945,18.079999923706055,17.583660125732422,566000
2017-11-02,18.059999465942383,18.18000030517578,17.90999984741211,18.110000610351562,17.612838745117188,345000
2017-11-03,18.15999984741211,18.25,18.030000686645508,18.079999923706055,17.583660125732422,209900
2017-11-06,18.06999969482422,18.219999313354492,18.049999237060547,18.1299991607666,17.632286071777344,165800
2017-11-07,18.09000015258789,18.09000015258789,17.889999389648438,17.959999084472656,17.46695327758789,259400
2017-11-08,18.059999465942383,18.209999084472656,17.979999542236328,18.079999923706055,17.583660125732422,307600
2017-11-09,18.06999969482422,18.229999542236328,17.969999313354492,18.040000915527344,17.544757843017578,226400
2017-11-10,18.020000457763672,18.020000457763672,17.110000610351562,17.440000534057617,16.961231231689453,654900
2017-11-13,17.3799991607666,17.65999984741211,17.270000457763672,17.56999969482422,17.08765983581543,324900
2017-11-14,17.6299991607666,17.65999984741211,17.270000457763672,17.450000762939453,16.97096061706543,459400
2017-11-15,17.40999984741211,17.40999984741211,17.190000534057617,17.299999237060547,16.825071334838867,239100
2017-11-16,17.3799991607666,17.940000534057617,17.34000015258789,17.780000686645508,17.291893005371094,466500
2017-11-17,17.729999542236328,17.780000686645508,17.56999969482422,17.75,17.262718200683594,171800
2017-11-20,17.760000228881836,17.8700008392334,17.65999984741211,17.809999465942383,17.321069717407227,195300
2017-11-21,17.860000610351562,17.940000534057617,17.780000686645508,17.799999237060547,17.31134605407715,327400
2017-11-22,17.889999389648438,17.899999618530273,17.739999771118164,17.81999969482422,17.33079719543457,172400
2017-11-24,17.860000610351562,17.950000762939453,17.75,17.93000030517578,17.437780380249023,84900
2017-11-27,17.989999771118164,18.030000686645508,17.770000457763672,17.889999389648438,17.398876190185547,211000
2017-11-28,17.84000015258789,17.8799991607666,17.68000030517578,17.760000228881836,17.27244758605957,202700
2017-11-29,17.709999084472656,17.770000457763672,17.5,17.540000915527344,17.058486938476562,239600
2017-11-30,17.59000015258789,17.700000762939453,17.510000228881836,17.690000534057617,17.204368591308594,309300
2017-12-01,17.790000915527344,18.010000228881836,17.600000381469727,17.8700008392334,17.379426956176758,322300
2017-12-04,18.010000228881836,18.010000228881836,17.790000915527344,17.829999923706055,17.34052276611328,228900
2017-12-05,17.90999984741211,17.93000030517578,17.3799991607666,17.389999389648438,16.912601470947266,520600
2017-12-06,17.350000381469727,17.56999969482422,17.299999237060547,17.399999618530273,16.92232894897461,440900
2017-12-07,17.329999923706055,17.459999084472656,17.329999923706055,17.440000534057617,16.961231231689453,289800
2017-12-08,17.469999313354492,17.510000228881836,17.270000457763672,17.459999084472656,16.980680465698242,301800
2017-12-11,17.43000030517578,17.440000534057617,17.25,17.43000030517578,16.951505661010742,273600
2017-12-12,17.440000534057617,17.549999237060547,17.3799991607666,17.43000030517578,16.951505661010742,190100
2017-12-13,17.489999771118164,17.700000762939453,17.469999313354492,17.600000381469727,17.116836547851562,300300
2017-12-14,17.559999465942383,17.610000610351562,17.31999969482422,17.459999084472656,17.048486709594727,505600
2017-12-15,17.530000686645508,17.700000762939453,17.459999084472656,17.479999542236328,17.068017959594727,345000
2017-12-18,17.579999923706055,17.6299991607666,17.479999542236328,17.549999237060547,17.136363983154297,315500
2017-12-19,17.510000228881836,17.719999313354492,17.479999542236328,17.649999618530273,17.234012603759766,250900
2017-12-20,17.700000762939453,18.139999389648438,17.700000762939453,18.06999969482422,17.64410972595215,325400
2017-12-21,18.18000030517578,18.3700008392334,18.06999969482422,18.18000030517578,17.75151824951172,341600
2017-12-22,18.09000015258789,18.5,18.09000015258789,18.459999084472656,18.024921417236328,280600
2017-12-26,18.489999771118164,18.59000015258789,18.360000610351562,18.420000076293945,17.985862731933594,120400
2017-12-27,18.43000030517578,18.510000228881836,18.350000381469727,18.40999984741211,17.976097106933594,137300
2017-12-28,18.5,18.59000015258789,18.40999984741211,18.549999237060547,18.112796783447266,167500
2017-12-29,18.600000381469727,18.610000610351562,18.540000915527344,18.559999465942383,18.122560501098633,176100
2018-01-02,18.68000030517578,18.809999465942383,18.600000381469727,18.75,18.30808448791504,274300
2018-01-03,18.780000686645508,18.790000915527344,18.510000228881836,18.6299991607666,18.1909122467041,247100
2018-01-04,18.68000030517578,18.81999969482422,18.68000030517578,18.790000915527344,18.34714126586914,243600
2018-01-05,18.940000534057617,18.979999542236328,18.829999923706055,18.93000030517578,18.483840942382812,287000
2018-01-08,18.959999084472656,18.989999771118164,18.860000610351562,18.899999618530273,18.454547882080078,164000
2018-01-09,18.8799991607666,19.0,18.829999923706055,18.84000015258789,18.395963668823242,254000
2018-01-10,18.81999969482422,18.850000381469727,18.610000610351562,18.719999313354492,18.278791427612305,328000
2018-01-11,18.760000228881836,18.799999237060547,18.600000381469727,18.6200008392334,18.181150436401367,241200
2018-01-12,18.690000534057617,18.790000915527344,18.639999389648438,18.760000228881836,18.31785011291504,196800
2018-01-16,18.790000915527344,18.8700008392334,18.59000015258789,18.700000762939453,18.259262084960938,275300
2018-01-17,18.719999313354492,18.81999969482422,18.530000686645508,18.649999618530273,18.210439682006836,233800
2018-01-18,18.6299991607666,18.670000076293945,18.5,18.6200008392334,18.181150436401367,169000
2018-01-19,18.530000686645508,18.780000686645508,18.530000686645508,18.600000381469727,18.161617279052734,202100
2018-01-22,18.56999969482422,18.6299991607666,18.3700008392334,18.540000915527344,18.10303497314453,191800
2018-01-23,18.549999237060547,18.549999237060547,18.31999969482422,18.399999618530273,17.966333389282227,225800
2018-01-24,18.469999313354492,18.610000610351562,18.260000228881836,18.420000076293945,17.985862731933594,200400
2018-01-25,18.510000228881836,18.690000534057617,18.3799991607666,18.540000915527344,18.10303497314453,332200
2018-01-26,18.600000381469727,18.719999313354492,18.489999771118164,18.639999389648438,18.20067596435547,252900
2018-01-29,18.559999465942383,18.59000015258789,18.459999084472656,18.479999542236328,18.044445037841797,215100
2018-01-30,18.440000534057617,18.520000457763672,18.329999923706055,18.43000030517578,17.995624542236328,190600
2018-01-31,18.559999465942383,18.610000610351562,18.399999618530273,18.450000762939453,18.01515769958496,202900
2018-02-01,18.3700008392334,18.520000457763672,18.260000228881836,18.479999542236328,18.044445037841797,158800
2018-02-02,18.329999923706055,18.360000610351562,17.959999084472656,17.969999313354492,17.546466827392578,219200
2018-02-05,17.709999084472656,17.790000915527344,17.329999923706055,17.3700008392334,16.960607528686523,378500
2018-02-06,16.90999984741211,17.59000015258789,16.84000015258789,17.520000457763672,17.107072830200195,320200
2018-02-07,17.520000457763672,17.8799991607666,17.510000228881836,17.739999771118164,17.321887969970703,257200
2018-02-08,17.739999771118164,17.780000686645508,17.309999465942383,17.309999465942383,16.902023315429688,332100
2018-02-09,17.43000030517578,17.809999465942383,17.25,17.43000030517578,17.019197463989258,304900
2018-02-12,18.06999969482422,18.579999923706055,18.059999465942383,18.399999618530273,17.966333389282227,626600
2018-02-13,18.420000076293945,18.530000686645508,18.329999923706055,18.510000228881836,18.073741912841797,238500
2018-02-14,18.440000534057617,18.549999237060547,18.209999084472656,18.479999542236328,18.044445037841797,377700
2018-02-15,18.719999313354492,18.739999771118164,18.40999984741211,18.68000030517578,18.239734649658203,233100
2018-02-16,18.639999389648438,19.110000610351562,18.559999465942383,18.770000457763672,18.327613830566406,383500
2018-02-20,18.649999618530273,18.780000686645508,18.3799991607666,18.43000030517578,17.995624542236328,273800
2018-02-21,18.3700008392334,18.549999237060547,18.329999923706055,18.34000015258789,17.907747268676758,301300
2018-02-22,18.469999313354492,18.690000534057617,18.420000076293945,18.469999313354492,18.034685134887695,268500
2018-02-23,18.540000915527344,18.65999984741211,18.5,18.59000015258789,18.151857376098633,180800
2018-02-26,18.600000381469727,18.690000534057617,18.469999313354492,18.610000610351562,18.171382904052734,255900
2018-02-27,18.600000381469727,18.75,18.489999771118164,18.56999969482422,18.132326126098633,228300
2018-02-28,18.540000915527344,18.639999389648438,18.399999618530273,18.420000076293945,17.985862731933594,238800
2018-03-01,18.450000762939453,18.450000762939453,18.040000915527344,18.110000610351562,17.683168411254883,246900
2018-03-02,17.90999984741211,18.100000381469727,17.739999771118164,18.09000015258789,17.66364097595215,197000
2018-03-05,17.940000534057617,18.049999237060547,17.850000381469727,18.020000457763672,17.595291137695312,157100
2018-03-06,18.100000381469727,18.1299991607666,17.989999771118164,18.059999465942383,17.634347915649414,150900
2018-03-07,17.940000534057617,18.18000030517578,17.899999618530273,18.149999618530273,17.722227096557617,232600
2018-03-08,18.18000030517578,18.350000381469727,18.1299991607666,18.309999465942383,17.878454208374023,233000
2018-03-09,18.440000534057617,18.690000534057617,18.34000015258789,18.559999465942383,18.122560501098633,207500
2018-03-12,18.600000381469727,18.760000228881836,18.450000762939453,18.530000686645508,18.093271255493164,204900
2018-03-13,18.579999923706055,18.610000610351562,18.329999923706055,18.40999984741211,17.976097106933594,186100
2018-03-14,18.399999618530273,18.459999084472656,18.309999465942383,18.350000381469727,17.98491859436035,196400
2018-03-15,18.280000686645508,18.350000381469727,18.139999389648438,18.190000534057617,17.828102111816406,197500
2018-03-16,18.200000762939453,18.329999923706055,18.059999465942383,18.1200008392334,17.75949478149414,305500
2018-03-19,18.06999969482422,18.229999542236328,18.020000457763672,18.139999389648438,17.779094696044922,191400
2018-03-20,18.139999389648438,18.34000015258789,18.1200008392334,18.190000534057617,17.828102111816406,497600
2018-03-21,18.209999084472656,18.31999969482422,18.010000228881836,18.229999542236328,17.8673038482666,388100
2018-03-22,18.110000610351562,18.170000076293945,17.739999771118164,17.739999771118164,17.387056350708008,216500
2018-03-23,17.8799991607666,17.989999771118164,17.709999084472656,17.729999542236328,17.37725067138672,239300
2018-03-26,17.809999465942383,17.90999984741211,17.760000228881836,17.899999618530273,17.543872833251953,283800
2018-03-27,17.989999771118164,18.270000457763672,17.8700008392334,18.020000457763672,17.661483764648438,267100
2018-03-28,18.100000381469727,18.299999237060547,18.030000686645508,18.200000762939453,17.837905883789062,279200
2018-03-29,18.3799991607666,18.6200008392334,18.360000610351562,18.59000015258789,18.220142364501953,203500
2018-04-02,18.700000762939453,18.760000228881836,18.3799991607666,18.5,18.131933212280273,258800
2018-04-03,18.719999313354492,19.280000686645508,18.700000762939453,19.209999084472656,18.82780647277832,544600
2018-04-04,18.979999542236328,19.170000076293945,18.790000915527344,19.170000076293945,18.788602828979492,285900
2018-04-05,19.15999984741211,19.239999771118164,19.0,19.100000381469727,18.719995498657227,250700
2018-04-06,19.030000686645508,19.139999389648438,18.700000762939453,18.75,18.376956939697266,170600
2018-04-09,18.81999969482422,19.040000915527344,18.770000457763672,18.770000457763672,18.396564483642578,161600
2018-04-10,19.100000381469727,19.100000381469727,18.93000030517578,19.020000457763672,18.641590118408203,159500
2018-04-11,19.020000457763672,19.399999618530273,18.959999084472656,19.290000915527344,18.906219482421875,233700
2018-04-12,19.3700008392334,19.530000686645508,19.34000015258789,19.489999771118164,19.102237701416016,227500
2018-04-13,19.489999771118164,19.510000228881836,19.309999465942383,19.329999923706055,18.945423126220703,166300
2018-04-16,19.489999771118164,19.510000228881836,19.3799991607666,19.479999542236328,19.09243392944336,97600
2018-04-17,19.579999923706055,19.809999465942383,19.540000915527344,19.739999771118164,19.347265243530273,232600
2018-04-18,19.829999923706055,19.950000762939453,19.719999313354492,19.739999771118164,19.347265243530273,233000
2018-04-19,19.610000610351562,19.610000610351562,19.3799991607666,19.43000030517578,19.043432235717773,185600
2018-04-20,19.399999618530273,19.43000030517578,19.31999969482422,19.3799991607666,18.99442481994629,149700
2018-04-23,19.299999237060547,19.34000015258789,19.219999313354492,19.31999969482422,18.935619354248047,281900
2018-04-24,19.399999618530273,19.510000228881836,19.149999618530273,19.209999084472656,18.82780647277832,268900
2018-04-25,19.239999771118164,19.239999771118164,18.90999984741211,18.969999313354492,18.59258270263672,211400
2018-04-26,19.030000686645508,19.030000686645508,18.950000762939453,18.979999542236328,18.602384567260742,158400
2018-04-27,19.040000915527344,19.040000915527344,18.8700008392334,18.950000762939453,18.572980880737305,99500
2018-04-30,18.989999771118164,19.09000015258789,18.8799991607666,18.950000762939453,18.572980880737305,225400
2018-05-01,18.90999984741211,18.90999984741211,18.719999313354492,18.809999465942383,18.435766220092773,176900
2018-05-02,18.760000228881836,18.90999984741211,18.6299991607666,18.639999389648438,18.269147872924805,148800
2018-05-03,18.649999618530273,18.700000762939453,18.360000610351562,18.579999923706055,18.210342407226562,202200
2018-05-04,18.520000457763672,18.81999969482422,18.350000381469727,18.75,18.376956939697266,173200
2018-05-07,18.84000015258789,18.90999984741211,18.479999542236328,18.84000015258789,18.465167999267578,237800
2018-05-08,18.84000015258789,18.8700008392334,18.68000030517578,18.790000915527344,18.41616439819336,133100
2018-05-09,18.84000015258789,18.950000762939453,18.790000915527344,18.90999984741211,18.533777236938477,123000
2018-05-10,19.040000915527344,19.18000030517578,19.010000228881836,19.139999389648438,18.759201049804688,164700
2018-05-11,19.110000610351562,19.229999542236328,19.020000457763672,19.09000015258789,18.710195541381836,147900
2018-05-14,19.139999389648438,19.34000015258789,19.079999923706055,19.219999313354492,18.837608337402344,164100
2018-05-15,19.06999969482422,19.200000762939453,19.010000228881836,19.100000381469727,18.719995498657227,92600
2018-05-16,19.170000076293945,19.389999389648438,19.1299991607666,19.190000534057617,18.80820655822754,151500
2018-05-17,19.190000534057617,19.229999542236328,19.059999465942383,19.100000381469727,18.719995498657227,144700
2018-05-18,18.940000534057617,19.329999923706055,18.90999984741211,19.299999237060547,18.916015625,227800
2018-05-21,19.469999313354492,19.489999771118164,19.360000610351562,19.440000534057617,19.053232192993164,78900
2018-05-22,19.3700008392334,19.809999465942383,19.360000610351562,19.579999923706055,19.190448760986328,275500
2018-05-23,19.5,19.6299991607666,19.40999984741211,19.6200008392334,19.229650497436523,137400
2018-05-24,19.530000686645508,19.600000381469727,19.299999237060547,19.559999465942383,19.17084312438965,129400
2018-05-25,19.670000076293945,20.8799991607666,19.6200008392334,20.469999313354492,20.062740325927734,371800
2018-05-29,20.40999984741211,20.540000915527344,20.34000015258789,20.360000610351562,19.95492935180664,257400
2018-05-30,20.459999084472656,21.329999923706055,20.329999923706055,21.329999923706055,20.905630111694336,284600
2018-05-31,21.170000076293945,21.389999389648438,20.93000030517578,21.049999237060547,20.63119888305664,191500
2018-06-01,21.15999984741211,21.270000457763672,20.93000030517578,21.15999984741211,20.739011764526367,147200
2018-06-04,21.139999389648438,21.239999771118164,21.06999969482422,21.170000076293945,20.74881362915039,70300
2018-06-05,20.979999542236328,21.190000534057617,20.8700008392334,21.139999389648438,20.719409942626953,188000
2018-06-06,21.270000457763672,21.399999618530273,21.149999618530273,21.329999923706055,20.905630111694336,115000
2018-06-07,21.43000030517578,21.43000030517578,21.200000762939453,21.309999465942383,20.886024475097656,87000
2018-06-08,21.280000686645508,21.399999618530273,21.170000076293945,21.3700008392334,20.944833755493164,86700
2018-06-11,21.190000534057617,21.440000534057617,21.170000076293945,21.290000915527344,20.86642837524414,127000
2018-06-12,21.360000610351562,21.5,21.200000762939453,21.479999542236328,21.05264663696289,92600
2018-06-13,21.520000457763672,21.700000762939453,21.290000915527344,21.399999618530273,20.97423553466797,180400
2018-06-14,21.260000228881836,21.260000228881836,20.920000076293945,21.010000228881836,20.658607482910156,165400
2018-06-15,20.950000762939453,21.040000915527344,20.690000534057617,20.969999313354492,20.61927604675293,471000
2018-06-18,20.889999389648438,20.959999084472656,20.75,20.799999237060547,20.452116012573242,143600
2018-06-19,20.43000030517578,20.6200008392334,20.3700008392334,20.549999237060547,20.206296920776367,361700
2018-06-20,20.639999389648438,20.639999389648438,20.389999389648438,20.540000915527344,20.196468353271484,195900
2018-06-21,20.540000915527344,20.540000915527344,20.219999313354492,20.229999542236328,19.891651153564453,127400
2018-06-22,20.34000015258789,20.3700008392334,20.209999084472656,20.34000015258789,19.99981117248535,67300
2018-06-25,20.270000457763672,20.299999237060547,19.90999984741211,20.049999237060547,19.714658737182617,167900
2018-06-26,20.030000686645508,20.459999084472656,20.030000686645508,20.270000457763672,19.93098258972168,189500
2018-06-27,20.280000686645508,20.420000076293945,20.170000076293945,20.18000030517578,19.842487335205078,159100
2018-06-28,20.239999771118164,20.59000015258789,20.219999313354492,20.34000015258789,19.99981117248535,181900
2018-06-29,20.3700008392334,20.8799991607666,20.3700008392334,20.770000457763672,20.42262077331543,190500
2018-07-02,20.600000381469727,20.65999984741211,20.399999618530273,20.59000015258789,20.245628356933594,86800
2018-07-03,20.780000686645508,20.90999984741211,20.709999084472656,20.860000610351562,20.51111602783203,130900
2018-07-05,20.90999984741211,21.06999969482422,20.809999465942383,21.0,20.648773193359375,160700
2018-07-06,21.0,21.149999618530273,20.899999618530273,21.06999969482422,20.717601776123047,148900
2018-07-09,21.190000534057617,21.3700008392334,21.040000915527344,21.09000015258789,20.737268447875977,121900
2018-07-10,21.139999389648438,21.280000686645508,20.979999542236328,21.09000015258789,20.737268447875977,93200
2018-07-11,20.8799991607666,20.989999771118164,20.610000610351562,20.6299991607666,20.284957885742188,138800
2018-07-12,20.739999771118164,21.079999923706055,20.690000534057617,20.979999542236328,20.629106521606445,97800
2018-07-13,20.850000381469727,21.030000686645508,20.790000915527344,20.860000610351562,20.51111602783203,84900
2018-07-16,20.959999084472656,21.15999984741211,20.93000030517578,21.09000015258789,20.737268447875977,101100
2018-07-17,20.989999771118164,21.06999969482422,20.84000015258789,21.0,20.648773193359375,65100
2018-07-18,20.989999771118164,21.010000228881836,20.829999923706055,20.979999542236328,20.629106521606445,97300
2018-07-19,20.850000381469727,20.8799991607666,20.75,20.790000915527344,20.44228744506836,89200
2018-07-20,20.90999984741211,21.110000610351562,20.8700008392334,20.979999542236328,20.629106521606445,85800
2018-07-23,20.93000030517578,20.93000030517578,20.549999237060547,20.6200008392334,20.275131225585938,96400
2018-07-24,20.65999984741211,20.780000686645508,20.530000686645508,20.6299991607666,20.284957885742188,104600
2018-07-25,20.649999618530273,20.709999084472656,20.510000228881836,20.600000381469727,20.255464553833008,98400
2018-07-26,20.549999237060547,20.739999771118164,20.530000686645508,20.670000076293945,20.324291229248047,94600
2018-07-27,20.729999542236328,20.809999465942383,20.579999923706055,20.6299991607666,20.284957885742188,99600
2018-07-30,20.65999984741211,20.700000762939453,20.239999771118164,20.270000457763672,19.93098258972168,104400
2018-07-31,20.3700008392334,20.860000610351562,20.3700008392334,20.850000381469727,20.50128173828125,155700
2018-08-01,21.09000015258789,21.309999465942383,20.68000030517578,20.809999465942383,20.461950302124023,141900
2018-08-02,20.719999313354492,21.09000015258789,20.65999984741211,21.040000915527344,20.688106536865234,96600
2018-08-03,21.09000015258789,21.18000030517578,20.969999313354492,21.059999465942383,20.7077693939209,79400
2018-08-06,21.079999923706055,21.079999923706055,20.860000610351562,20.90999984741211,20.560279846191406,78000
2018-08-07,21.040000915527344,21.1299991607666,20.3700008392334,20.459999084472656,20.1178035736084,167800
2018-08-08,20.799999237060547,21.0,20.520000457763672,20.979999542236328,20.629106521606445,205200
2018-08-09,21.040000915527344,21.040000915527344,20.799999237060547,20.829999923706055,20.481616973876953,119300
2018-08-10,20.649999618530273,20.700000762939453,20.15999984741211,20.3700008392334,20.02931022644043,249800
2018-08-13,20.399999618530273,20.6299991607666,20.18000030517578,20.34000015258789,19.99981117248535,191700
2018-08-14,20.0,20.06999969482422,19.190000534057617,19.8700008392334,19.537673950195312,258300
2018-08-15,19.600000381469727,19.600000381469727,19.270000457763672,19.479999542236328,19.154193878173828,194000
2018-08-16,19.6299991607666,20.1299991607666,19.6299991607666,19.850000381469727,19.518007278442383,175300
2018-08-17,19.959999084472656,20.170000076293945,19.799999237060547,20.100000381469727,19.763826370239258,137500
2018-08-20,20.190000534057617,20.600000381469727,20.040000915527344,20.31999969482422,19.980144500732422,182800
2018-08-21,20.389999389648438,20.399999618530273,19.959999084472656,20.0,19.66550064086914,199300
2018-08-22,20.0,20.260000228881836,19.989999771118164,20.049999237060547,19.714658737182617,126200
2018-08-23,20.0,20.0,19.829999923706055,19.8700008392334,19.537673950195312,77200
2018-08-24,19.950000762939453,20.09000015258789,19.860000610351562,19.969999313354492,19.635997772216797,87800
2018-08-27,20.1299991607666,20.209999084472656,20.059999465942383,20.079999923706055,19.74416160583496,92300
2018-08-28,20.219999313354492,20.25,19.989999771118164,20.020000457763672,19.685163497924805,116700
2018-08-29,20.020000457763672,20.219999313354492,19.959999084472656,20.09000015258789,19.75399398803711,128900
2018-08-30,20.030000686645508,20.200000762939453,20.0,20.139999389648438,19.80315589904785,88500
2018-08-31,20.0,20.110000610351562,19.860000610351562,19.959999084472656,19.62616729736328,105600
2018-09-04,19.75,19.81999969482422,19.34000015258789,19.729999542236328,19.40001678466797,108400
2018-09-05,19.75,20.079999923706055,19.709999084472656,19.850000381469727,19.518007278442383,135300
2018-09-06,19.84000015258789,20.43000030517578,19.770000457763672,20.350000381469727,20.009647369384766,262800
2018-09-07,20.270000457763672,20.389999389648438,19.899999618530273,20.1200008392334,19.783493041992188,120700
2018-09-10,20.15999984741211,20.440000534057617,20.1299991607666,20.25,19.911317825317383,125800
2018-09-11,20.15999984741211,20.670000076293945,20.15999984741211,20.6299991607666,20.284957885742188,158800
2018-09-12,20.700000762939453,20.829999923706055,20.389999389648438,20.690000534057617,20.343957901000977,182900
2018-09-13,20.6299991607666,20.760000228881836,20.260000228881836,20.329999923706055,20.064651489257812,148200
2018-09-14,20.389999389648438,20.420000076293945,20.229999542236328,20.260000228881836,19.99556541442871,81700
2018-09-17,20.290000915527344,20.389999389648438,20.100000381469727,20.1299991607666,19.867259979248047,124500
2018-09-18,20.049999237060547,20.420000076293945,20.049999237060547,20.350000381469727,20.084392547607422,77100
2018-09-19,20.389999389648438,20.479999542236328,20.280000686645508,20.34000015258789,20.074520111083984,79100
2018-09-20,20.459999084472656,20.559999465942383,20.34000015258789,20.399999618530273,20.133739471435547,71500
2018-09-21,20.479999542236328,20.5,20.329999923706055,20.43000030517578,20.163345336914062,112900
2018-09-24,20.290000915527344,20.3700008392334,20.079999923706055,20.100000381469727,19.83765411376953,87800
2018-09-25,20.170000076293945,20.270000457763672,20.06999969482422,20.09000015258789,19.82778549194336,114100
2018-09-26,20.229999542236328,20.399999618530273,20.06999969482422,20.170000076293945,19.906740188598633,119200
2018-09-27,20.209999084472656,20.3700008392334,20.18000030517578,20.229999542236328,19.96595573425293,95200
2018-09-28,20.329999923706055,20.420000076293945,20.229999542236328,20.31999969482422,20.054780960083008,263800
2018-10-01,20.56999969482422,20.770000457763672,20.139999389648438,20.18000030517578,19.916608810424805,180300
2018-10-02,20.110000610351562,20.110000610351562,19.770000457763672,19.809999465942383,19.551437377929688,298400
2018-10-03,19.899999618530273,20.309999465942383,19.860000610351562,20.200000762939453,19.936349868774414,228100
2018-10-04,20.1299991607666,20.200000762939453,19.65999984741211,19.780000686645508,19.521831512451172,310800
2018-10-05,19.739999771118164,19.989999771118164,19.700000762939453,19.780000686645508,19.521831512451172,164500
2018-10-08,19.760000228881836,19.969999313354492,19.5,19.610000610351562,19.354047775268555,80000
2018-10-09,19.549999237060547,19.639999389648438,19.3799991607666,19.469999313354492,19.21587562561035,101700
2018-10-10,19.3799991607666,19.450000762939453,18.84000015258789,18.959999084472656,18.7125301361084,192700
2018-10-11,18.719999313354492,19.040000915527344,18.56999969482422,18.600000381469727,18.357229232788086,145300
2018-10-12,18.809999465942383,18.90999984741211,18.639999389648438,18.860000610351562,18.613840103149414,344200
2018-10-15,18.940000534057617,19.040000915527344,18.770000457763672,18.940000534057617,18.692794799804688,118200
2018-10-16,19.079999923706055,19.139999389648438,18.93000030517578,19.139999389648438,18.890182495117188,145500
2018-10-17,19.139999389648438,19.170000076293945,18.760000228881836,18.809999465942383,18.564491271972656,165000
2018-10-18,18.770000457763672,18.809999465942383,18.600000381469727,18.739999771118164,18.495403289794922,157500
2018-10-19,18.739999771118164,18.809999465942383,18.239999771118164,18.350000381469727,18.11049461364746,167400
2018-10-22,18.329999923706055,18.790000915527344,18.299999237060547,18.729999542236328,18.485532760620117,164100
2018-10-23,18.510000228881836,18.540000915527344,18.200000762939453,18.450000762939453,18.209192276000977,147700
2018-10-24,18.43000030517578,18.59000015258789,17.770000457763672,17.780000686645508,17.54793357849121,286400
2018-10-25,17.6200008392334,17.90999984741211,16.959999084472656,17.75,17.518325805664062,196400
2018-10-26,17.56999969482422,17.8799991607666,17.5,17.809999465942383,17.57754135131836,118800
2018-10-29,17.889999389648438,18.06999969482422,17.40999984741211,17.510000228881836,17.281457901000977,177400
2018-10-30,17.489999771118164,17.549999237060547,17.290000915527344,17.530000686645508,17.301198959350586,273500
2018-10-31,17.59000015258789,17.829999923706055,17.549999237060547,17.649999618530273,17.419631958007812,219600
2018-11-01,17.850000381469727,17.889999389648438,17.719999313354492,17.84000015258789,17.607152938842773,110100
2018-11-02,17.920000076293945,18.059999465942383,17.889999389648438,18.020000457763672,17.78480339050293,163400
2018-11-05,17.989999771118164,18.209999084472656,17.979999542236328,18.170000076293945,17.932842254638672,153000
2018-11-06,18.209999084472656,18.34000015258789,17.93000030517578,18.049999237060547,17.814409255981445,150300
2018-11-07,18.190000534057617,18.299999237060547,18.06999969482422,18.239999771118164,18.001930236816406,105000
2018-11-08,18.329999923706055,18.649999618530273,18.219999313354492,18.420000076293945,18.179580688476562,119600
2018-11-09,18.399999618530273,18.639999389648438,18.239999771118164,18.459999084472656,18.219058990478516,171700
2018-11-12,18.600000381469727,18.600000381469727,18.260000228881836,18.290000915527344,18.05127716064453,180000
2018-11-13,18.270000457763672,18.579999923706055,18.059999465942383,18.450000762939453,18.209192276000977,232900
2018-11-14,18.8700008392334,20.079999923706055,18.8700008392334,20.040000915527344,19.778440475463867,298000
2018-11-15,19.950000762939453,20.280000686645508,19.799999237060547,20.079999923706055,19.817914962768555,168700
2018-11-16,20.020000457763672,20.1200008392334,19.829999923706055,19.889999389648438,19.630393981933594,147900
2018-11-19,19.850000381469727,19.969999313354492,19.709999084472656,19.940000534057617,19.67974281311035,205100
2018-11-20,19.719999313354492,19.959999084472656,19.510000228881836,19.739999771118164,19.48235321044922,167100
2018-11-21,19.81999969482422,19.979999542236328,19.600000381469727,19.84000015258789,19.58104705810547,192000
2018-11-23,19.860000610351562,20.15999984741211,19.850000381469727,20.1299991607666,19.867259979248047,91700
2018-11-26,20.309999465942383,20.309999465942383,19.979999542236328,20.049999237060547,19.78830337524414,270300
2018-11-27,19.950000762939453,20.079999923706055,19.75,19.959999084472656,19.699480056762695,125900
2018-11-28,19.899999618530273,19.979999542236328,19.649999618530273,19.899999618530273,19.6402645111084,163700
2018-11-29,19.90999984741211,20.229999542236328,19.8799991607666,20.020000457763672,19.758697509765625,115700
2018-11-30,20.010000228881836,20.3700008392334,19.920000076293945,20.290000915527344,20.025175094604492,206100
2018-12-03,20.40999984741211,20.729999542236328,20.100000381469727,20.270000457763672,20.005434036254883,313800
2018-12-04,20.25,20.260000228881836,19.90999984741211,20.059999465942383,19.798173904418945,207800
2018-12-06,19.559999465942383,19.65999984741211,19.350000381469727,19.610000610351562,19.354047775268555,169200
2018-12-07,19.719999313354492,19.780000686645508,19.290000915527344,19.329999923706055,19.07770538330078,162000
2018-12-10,19.219999313354492,19.399999618530273,18.969999313354492,19.239999771118164,18.98887825012207,150700
2018-12-11,19.5,19.559999465942383,19.3799991607666,19.479999542236328,19.225744247436523,222700
2018-12-12,19.760000228881836,19.959999084472656,19.6200008392334,19.690000534057617,19.433006286621094,105200
2018-12-13,19.690000534057617,19.829999923706055,19.389999389648438,19.440000534057617,19.186267852783203,174900
2018-12-14,19.329999923706055,19.549999237060547,19.270000457763672,19.510000228881836,19.255353927612305,163700
2018-12-17,19.399999618530273,19.440000534057617,18.479999542236328,18.530000686645508,18.28814697265625,366800
2018-12-18,18.700000762939453,19.18000030517578,18.700000762939453,18.979999542236328,18.732271194458008,240100
2018-12-19,19.049999237060547,19.40999984741211,18.8700008392334,18.889999389648438,18.64344596862793,282400
2018-12-20,18.81999969482422,19.15999984741211,18.799999237060547,19.079999923706055,18.830968856811523,214200
2018-12-21,18.979999542236328,19.049999237060547,18.40999984741211,18.450000762939453,18.209192276000977,322700
2018-12-24,18.450000762939453,18.450000762939453,18.06999969482422,18.110000610351562,17.873628616333008,82400
2018-12-26,18.059999465942383,18.440000534057617,17.81999969482422,18.399999618530273,18.15984344482422,110600
2018-12-27,18.200000762939453,18.350000381469727,18.010000228881836,18.34000015258789,18.100624084472656,128800
2018-12-28,18.3700008392334,18.559999465942383,18.190000534057617,18.209999084472656,17.972320556640625,226100
2018-12-31,18.299999237060547,18.489999771118164,18.299999237060547,18.350000381469727,18.11049461364746,184300
2019-01-02,18.229999542236328,18.610000610351562,18.229999542236328,18.56999969482422,18.32762336730957,118500
2019-01-03,18.559999465942383,18.559999465942383,18.200000762939453,18.360000610351562,18.120365142822266,98100
2019-01-04,18.59000015258789,18.780000686645508,18.40999984741211,18.719999313354492,18.475666046142578,122900
2019-01-07,18.81999969482422,19.260000228881836,18.739999771118164,19.200000762939453,18.94940185546875,187700
2019-01-08,19.31999969482422,19.709999084472656,19.290000915527344,19.56999969482422,19.3145694732666,190000
2019-01-09,19.700000762939453,19.8700008392334,19.520000457763672,19.829999923706055,19.571176528930664,168500
2019-01-10,19.81999969482422,19.93000030517578,19.549999237060547,19.889999389648438,19.630393981933594,118600
2019-01-11,19.790000915527344,19.860000610351562,19.579999923706055,19.68000030517578,19.42313575744629,140600
2019-01-14,19.59000015258789,19.760000228881836,19.56999969482422,19.719999313354492,19.46261215209961,100000
2019-01-15,19.760000228881836,19.81999969482422,19.59000015258789,19.75,19.49222183227539,80900
2019-01-16,19.739999771118164,19.93000030517578,19.739999771118164,19.8700008392334,19.61065673828125,82900
2019-01-17,19.75,20.049999237060547,19.65999984741211,19.989999771118164,19.729089736938477,64000
2019-01-18,20.079999923706055,20.309999465942383,19.920000076293945,20.290000915527344,20.025175094604492,109300
2019-01-22,20.209999084472656,20.270000457763672,20.040000915527344,20.229999542236328,19.96595573425293,100700
2019-01-23,20.299999237060547,20.56999969482422,20.219999313354492,20.559999465942383,20.291648864746094,239100
2019-01-24,20.559999465942383,20.889999389648438,20.520000457763672,20.719999313354492,20.449560165405273,144300
2019-01-25,20.969999313354492,21.010000228881836,20.790000915527344,20.959999084472656,20.686429977416992,82600
2019-01-28,20.799999237060547,20.959999084472656,20.760000228881836,20.889999389648438,20.617340087890625,81000
2019-01-29,20.889999389648438,21.110000610351562,20.8700008392334,21.049999237060547,20.775253295898438,96800
2019-01-30,21.190000534057617,21.43000030517578,21.06999969482422,21.40999984741211,21.130556106567383,151800
2019-01-31,21.469999313354492,21.469999313354492,21.200000762939453,21.270000457763672,20.99238395690918,205300
2019-02-01,21.360000610351562,21.43000030517578,21.25,21.3799991607666,21.10094451904297,80600
2019-02-04,21.299999237060547,21.350000381469727,20.93000030517578,21.010000228881836,20.735776901245117,213000
2019-02-05,20.969999313354492,21.25,20.860000610351562,21.229999542236328,20.952905654907227,157600
2019-02-06,21.079999923706055,21.139999389648438,20.920000076293945,21.040000915527344,20.7653865814209,207200
2019-02-07,20.90999984741211,21.170000076293945,20.860000610351562,21.139999389648438,20.864078521728516,170600
2019-02-08,20.579999923706055,21.1299991607666,20.40999984741211,20.809999465942383,20.53838539123535,170800
2019-02-11,20.8700008392334,20.90999984741211,20.40999984741211,20.5,20.232433319091797,233100
2019-02-12,20.639999389648438,21.0,20.6299991607666,20.989999771118164,20.716035842895508,152400
2019-02-13,21.0,21.020000457763672,20.68000030517578,20.719999313354492,20.449560165405273,104200
2019-02-14,20.579999923706055,21.1299991607666,20.520000457763672,21.09000015258789,20.81473159790039,140800
2019-02-15,21.139999389648438,21.219999313354492,21.020000457763672,21.040000915527344,20.7653865814209,262500
2019-02-19,21.0,21.100000381469727,20.93000030517578,20.950000762939453,20.676559448242188,166800
2019-02-20,21.010000228881836,21.40999984741211,20.979999542236328,21.31999969482422,21.041730880737305,373800
2019-02-21,21.299999237060547,21.360000610351562,21.100000381469727,21.139999389648438,20.864078521728516,193900
2019-02-22,21.219999313354492,21.389999389648438,21.020000457763672,21.360000610351562,21.081209182739258,180200
2019-02-25,21.469999313354492,21.6299991607666,21.219999313354492,21.239999771118164,20.9627742767334,170200
2019-02-26,21.18000030517578,21.3799991607666,21.149999618530273,21.209999084472656,20.933164596557617,89900
2019-02-27,21.139999389648438,21.18000030517578,20.899999618530273,21.1299991607666,20.85420799255371,164800
2019-02-28,21.139999389648438,21.329999923706055,21.06999969482422,21.110000610351562,20.834470748901367,141900
2019-03-01,21.139999389648438,21.270000457763672,20.959999084472656,21.06999969482422,20.794992446899414,159000
2019-03-04,21.1299991607666,21.219999313354492,20.850000381469727,21.010000228881836,20.735776901245117,129200
2019-03-05,21.040000915527344,21.040000915527344,20.829999923706055,21.0,20.725906372070312,134000
2019-03-06,20.920000076293945,21.030000686645508,20.790000915527344,20.920000076293945,20.64695167541504,107100
2019-03-07,20.889999389648438,20.889999389648438,20.719999313354492,20.829999923706055,20.55812644958496,154300
2019-03-08,20.829999923706055,20.829999923706055,20.65999984741211,20.799999237060547,20.528514862060547,92700
2019-03-11,20.799999237060547,21.229999542236328,20.799999237060547,21.190000534057617,20.913427352905273,178600
2019-03-12,21.190000534057617,21.469999313354492,21.190000534057617,21.3700008392334,21.09107780456543,222000
2019-03-13,21.440000534057617,21.479999542236328,21.110000610351562,21.34000015258789,21.06146812438965,135800
2019-03-14,21.3799991607666,21.850000381469727,21.3799991607666,21.700000762939453,21.416770935058594,335400
2019-03-15,21.719999313354492,21.950000762939453,21.639999389648438,21.920000076293945,21.63389778137207,370800
2019-03-18,21.899999618530273,21.959999084472656,21.780000686645508,21.93000030517578,21.643770217895508,125800
2019-03-19,22.100000381469727,22.350000381469727,22.049999237060547,22.309999465942383,22.018808364868164,198600
2019-03-20,22.299999237060547,22.3700008392334,22.139999389648438,22.190000534057617,21.900375366210938,161300
2019-03-21,22.1299991607666,22.18000030517578,22.020000457763672,22.1299991607666,21.841154098510742,115700
2019-03-22,22.100000381469727,22.15999984741211,21.979999542236328,22.010000228881836,21.72272300720215,106900
2019-03-25,22.010000228881836,22.18000030517578,21.90999984741211,22.170000076293945,21.880634307861328,109300
2019-03-26,22.260000228881836,22.350000381469727,22.139999389648438,22.299999237060547,22.00893783569336,136100
2019-03-27,22.350000381469727,22.40999984741211,22.209999084472656,22.290000915527344,21.999073028564453,189400
2019-03-28,22.25,22.309999465942383,22.139999389648438,22.18000030517578,21.890504837036133,115900
2019-03-29,22.34000015258789,22.3700008392334,22.100000381469727,22.149999618530273,21.860897064208984,143200
2019-04-01,22.239999771118164,22.520000457763672,22.18000030517578,22.469999313354492,22.176719665527344,196600
2019-04-02,22.5,22.65999984741211,22.290000915527344,22.639999389648438,22.344499588012695,132100
2019-04-03,22.719999313354492,22.829999923706055,22.520000457763672,22.56999969482422,22.275413513183594,99400
2019-04-04,22.549999237060547,22.700000762939453,22.290000915527344,22.420000076293945,22.12737274169922,109600
2019-04-05,22.350000381469727,22.549999237060547,22.350000381469727,22.489999771118164,22.19645881652832,185500
2019-04-08,22.520000457763672,22.540000915527344,22.31999969482422,22.510000228881836,22.216197967529297,97800
2019-04-09,22.520000457763672,22.6299991607666,22.440000534057617,22.56999969482422,22.275413513183594,70400
2019-04-10,22.639999389648438,22.860000610351562,22.579999923706055,22.809999465942383,22.512283325195312,130100
2019-04-11,22.809999465942383,22.850000381469727,22.6299991607666,22.739999771118164,22.443195343017578,114600
2019-04-12,22.93000030517578,22.950000762939453,22.709999084472656,22.75,22.453067779541016,103800
2019-04-15,22.799999237060547,22.899999618530273,22.75,22.829999923706055,22.532020568847656,79600
2019-04-16,22.809999465942383,22.860000610351562,22.68000030517578,22.729999542236328,22.433326721191406,98100
2019-04-17,22.860000610351562,22.8799991607666,22.68000030517578,22.739999771118164,22.443195343017578,103400
2019-04-18,22.649999618530273,22.93000030517578,22.579999923706055,22.920000076293945,22.620847702026367,83100
2019-04-22,22.920000076293945,23.219999313354492,22.90999984741211,23.149999618530273,22.847843170166016,82700
2019-04-23,23.309999465942383,23.6200008392334,23.25,23.270000457763672,22.966278076171875,191700
2019-04-24,23.280000686645508,23.329999923706055,23.010000228881836,23.040000915527344,22.739282608032227,117200
2019-04-25,23.0,23.25,22.81999969482422,23.219999313354492,22.916929244995117,108300
2019-04-26,22.6200008392334,22.93000030517578,22.399999618530273,22.860000610351562,22.56163215637207,206300
2019-04-29,22.719999313354492,23.020000457763672,22.6200008392334,22.860000610351562,22.56163215637207,157100
2019-04-30,22.8799991607666,23.350000381469727,22.799999237060547,23.290000915527344,22.986019134521484,112000
2019-05-01,23.420000076293945,23.520000457763672,23.200000762939453,23.209999084472656,22.907062530517578,110400
2019-05-02,23.170000076293945,23.469999313354492,23.139999389648438,23.459999084472656,23.153797149658203,77500
2019-05-03,23.459999084472656,23.639999389648438,23.3700008392334,23.549999237060547,23.24262237548828,67200
2019-05-06,23.280000686645508,23.56999969482422,23.200000762939453,23.520000457763672,23.213016510009766,58200
2019-05-07,23.280000686645508,23.479999542236328,23.280000686645508,23.309999465942383,23.005754470825195,129700
2019-05-08,23.389999389648438,23.489999771118164,23.270000457763672,23.280000686645508,22.97614860534668,154200
2019-05-09,23.200000762939453,23.329999923706055,23.030000686645508,23.170000076293945,22.867586135864258,113800
2019-05-10,23.209999084472656,23.40999984741211,23.110000610351562,23.350000381469727,23.04523468017578,135900
2019-05-13,23.079999923706055,23.229999542236328,23.0,23.1299991607666,22.82810401916504,131300
2019-05-14,23.149999618530273,23.510000228881836,23.09000015258789,23.479999542236328,23.173538208007812,111200
2019-05-15,23.3700008392334,23.739999771118164,23.360000610351562,23.549999237060547,23.24262237548828,143500
2019-05-16,23.639999389648438,23.770000457763672,23.540000915527344,23.770000457763672,23.45975112915039,199100
2019-05-17,24.489999771118164,27.420000076293945,24.450000762939453,27.25,26.894330978393555,1202900
2019-05-20,27.290000915527344,27.40999984741211,26.450000762939453,26.670000076293945,26.321901321411133,388600
2019-05-21,26.43000030517578,26.6299991607666,26.25,26.3799991607666,26.035686492919922,497500
2019-05-22,26.299999237060547,26.34000015258789,25.31999969482422,25.719999313354492,25.384300231933594,372400
2019-05-23,25.420000076293945,25.420000076293945,24.950000762939453,25.110000610351562,24.782264709472656,262800
2019-05-24,25.06999969482422,25.479999542236328,24.989999771118164,25.18000030517578,24.851348876953125,171100
2019-05-28,25.43000030517578,25.579999923706055,25.110000610351562,25.290000915527344,24.95991325378418,250000
2019-05-29,25.209999084472656,25.450000762939453,24.770000457763672,24.90999984741211,24.58487319946289,183100
2019-05-30,24.920000076293945,25.40999984741211,24.920000076293945,25.34000015258789,25.009258270263672,178100
2019-05-31,25.149999618530273,25.520000457763672,24.950000762939453,25.489999771118164,25.157302856445312,156800
2019-06-03,25.579999923706055,25.940000534057617,25.540000915527344,25.90999984741211,25.571819305419922,178400
2019-06-04,26.0,26.610000610351562,25.8799991607666,26.56999969482422,26.22320556640625,246000
2019-06-05,26.649999618530273,26.709999084472656,26.010000228881836,26.260000228881836,25.917251586914062,215600
2019-06-06,26.31999969482422,26.360000610351562,25.639999389648438,25.799999237060547,25.463254928588867,129300
2019-06-07,25.790000915527344,26.010000228881836,25.600000381469727,25.889999389648438,25.552082061767578,152000
2019-06-10,25.940000534057617,25.940000534057617,25.579999923706055,25.729999542236328,25.394168853759766,89500
2019-06-11,25.719999313354492,25.799999237060547,25.260000228881836,25.469999313354492,25.137561798095703,272700
2019-06-12,25.43000030517578,25.700000762939453,25.40999984741211,25.540000915527344,25.20665168762207,118700
2019-06-13,25.469999313354492,25.579999923706055,25.260000228881836,25.360000610351562,25.10271644592285,80500
2019-06-14,25.260000228881836,25.799999237060547,25.219999313354492,25.760000228881836,25.4986572265625,148600
2019-06-17,25.670000076293945,25.84000015258789,25.540000915527344,25.739999771118164,25.478858947753906,134800
2019-06-18,25.780000686645508,26.219999313354492,25.780000686645508,26.139999389648438,25.874801635742188,240700
2019-06-19,26.1299991607666,26.540000915527344,26.049999237060547,26.450000762939453,26.181657791137695,230600
2019-06-20,26.700000762939453,26.75,26.440000534057617,26.6299991607666,26.35982894897461,283000
2019-06-21,26.479999542236328,26.6200008392334,26.389999389648438,26.5,26.231149673461914,558900
2019-06-24,26.549999237060547,26.670000076293945,26.25,26.290000915527344,26.02328109741211,313000
2019-06-25,26.209999084472656,26.700000762939453,26.15999984741211,26.639999389648438,26.36972999572754,431200
2019-06-26,26.65999984741211,26.670000076293945,26.059999465942383,26.219999313354492,25.95398712158203,194700
2019-06-27,26.299999237060547,26.649999618530273,26.229999542236328,26.540000915527344,26.27074432373047,169700
2019-06-28,26.719999313354492,26.940000534057617,26.59000015258789,26.860000610351562,26.58749771118164,366200
2019-07-01,27.0,27.18000030517578,26.790000915527344,26.950000762939453,26.676586151123047,136500
2019-07-02,27.0,27.700000762939453,26.940000534057617,27.649999618530273,27.369482040405273,393100
2019-07-03,27.700000762939453,27.829999923706055,27.280000686645508,27.729999542236328,27.44866943359375,188400
2019-07-05,27.68000030517578,27.799999237060547,27.420000076293945,27.670000076293945,27.389278411865234,355300
2019-07-08,27.40999984741211,27.739999771118164,27.280000686645508,27.520000457763672,27.240802764892578,165700
2019-07-09,27.43000030517578,27.469999313354492,27.059999465942383,27.299999237060547,27.02303123474121,142900
2019-07-10,27.270000457763672,27.530000686645508,27.1200008392334,27.3700008392334,27.092323303222656,141000
2019-07-11,27.260000228881836,27.350000381469727,27.100000381469727,27.209999084472656,26.93394660949707,201500
2019-07-12,27.299999237060547,28.030000686645508,27.290000915527344,27.90999984741211,27.62684440612793,262100
2019-07-15,27.969999313354492,27.989999771118164,27.559999465942383,27.6200008392334,27.33978843688965,163300
2019-07-16,27.540000915527344,27.649999618530273,27.40999984741211,27.43000030517578,27.151714324951172,157000
2019-07-17,27.440000534057617,27.579999923706055,27.18000030517578,27.43000030517578,27.151714324951172,132200
2019-07-18,27.40999984741211,27.40999984741211,26.920000076293945,27.139999389648438,26.864654541015625,153400
2019-07-19,27.139999389648438,27.15999984741211,26.860000610351562,26.90999984741211,26.63698959350586,121600
2019-07-22,26.969999313354492,27.139999389648438,26.84000015258789,27.06999969482422,26.795366287231445,132100
2019-07-23,26.979999542236328,27.020000457763672,26.639999389648438,26.950000762939453,26.676586151123047,217100
2019-07-24,27.049999237060547,27.31999969482422,27.0,27.309999465942383,27.03293228149414,104900
2019-07-25,27.280000686645508,27.350000381469727,27.100000381469727,27.25,26.973539352416992,125900
2019-07-26,27.149999618530273,27.18000030517578,26.760000228881836,26.959999084472656,26.68648338317871,149300
2019-07-29,26.989999771118164,27.09000015258789,26.8799991607666,27.020000457763672,26.745874404907227,107000
2019-07-30,26.899999618530273,27.020000457763672,26.760000228881836,26.8799991607666,26.60729217529297,100900
2019-07-31,26.90999984741211,27.399999618530273,26.899999618530273,26.959999084472656,26.68648338317871,209900
2019-08-01,26.829999923706055,27.5,26.790000915527344,27.290000915527344,27.013134002685547,205500
2019-08-02,27.25,27.450000762939453,26.969999313354492,27.18000030517578,26.904251098632812,162400
2019-08-05,27.059999465942383,27.18000030517578,26.329999923706055,26.6200008392334,26.349931716918945,98800
2019-08-06,26.6200008392334,27.239999771118164,26.420000076293945,26.739999771118164,26.468713760375977,206800
2019-08-07,26.469999313354492,26.989999771118164,26.31999969482422,26.850000381469727,26.577598571777344,120700
2019-08-08,26.889999389648438,27.3799991607666,26.889999389648438,27.290000915527344,27.013134002685547,235000
2019-08-09,27.260000228881836,27.489999771118164,26.93000030517578,27.1200008392334,26.844860076904297,103200
2019-08-12,27.079999923706055,27.079999923706055,26.739999771118164,26.920000076293945,26.646886825561523,119400
2019-08-13,26.8700008392334,27.139999389648438,26.799999237060547,27.06999969482422,26.795366287231445,206500
2019-08-14,26.3799991607666,26.3799991607666,23.1200008392334,25.709999084472656,25.449161529541016,875600
2019-08-15,25.170000076293945,25.18000030517578,24.209999084472656,25.030000686645508,24.77606201171875,481200
2019-08-16,24.950000762939453,25.59000015258789,24.90999984741211,25.549999237060547,25.290786743164062,444000
2019-08-19,25.719999313354492,26.040000915527344,24.209999084472656,25.770000457763672,25.50855827331543,214300
2019-08-20,25.809999465942383,26.0,25.65999984741211,25.860000610351562,25.597640991210938,226300
2019-08-21,26.059999465942383,26.31999969482422,25.969999313354492,26.18000030517578,25.914396286010742,202700
2019-08-22,26.15999984741211,26.200000762939453,25.75,25.969999313354492,25.706523895263672,139800
2019-08-23,25.889999389648438,26.010000228881836,25.06999969482422,25.1200008392334,24.865150451660156,182400
2019-08-26,25.209999084472656,25.270000457763672,24.850000381469727,25.06999969482422,24.815656661987305,233200
2019-08-27,24.989999771118164,25.3700008392334,24.940000534057617,25.18000030517578,24.924541473388672,266300
2019-08-28,25.110000610351562,25.110000610351562,24.81999969482422,25.020000457763672,24.766164779663086,172600
2019-08-29,25.209999084472656,25.3799991607666,25.06999969482422,25.110000610351562,24.855253219604492,166400
2019-08-30,25.639999389648438,26.270000457763672,25.59000015258789,26.170000076293945,25.904495239257812,512100
2019-09-03,26.100000381469727,26.209999084472656,25.18000030517578,25.329999923706055,25.073020935058594,269100
2019-09-04,25.43000030517578,25.68000030517578,25.34000015258789,25.450000762939453,25.191802978515625,249900
2019-09-05,25.579999923706055,25.829999923706055,25.420000076293945,25.549999237060547,25.290786743164062,207900
2019-09-06,25.510000228881836,26.18000030517578,25.479999542236328,26.010000228881836,25.74612045288086,150700
2019-09-09,26.190000534057617,26.190000534057617,25.399999618530273,25.43000030517578,25.17200469970703,127400
2019-09-10,25.360000610351562,25.5,25.030000686645508,25.239999771118164,24.983932495117188,228000
2019-09-11,25.229999542236328,25.5,25.170000076293945,25.260000228881836,25.00373077392578,167000
2019-09-12,25.079999923706055,25.280000686645508,25.020000457763672,25.040000915527344,24.867673873901367,265300
2019-09-13,25.079999923706055,25.239999771118164,25.030000686645508,25.049999237060547,24.87760353088379,126300
2019-09-16,25.049999237060547,25.219999313354492,24.950000762939453,25.149999618530273,24.97691535949707,175700
2019-09-17,24.899999618530273,25.56999969482422,24.799999237060547,25.520000457763672,25.34436798095703,215500
2019-09-18,25.540000915527344,25.6299991607666,25.40999984741211,25.56999969482422,25.394023895263672,96300
2019-09-19,25.489999771118164,25.690000534057617,25.489999771118164,25.579999923706055,25.403955459594727,183300
2019-09-20,25.459999084472656,25.639999389648438,25.059999465942383,25.139999389648438,24.966983795166016,190600
2019-09-23,25.059999465942383,25.489999771118164,25.020000457763672,25.34000015258789,25.165607452392578,151700
2019-09-24,25.459999084472656,25.510000228881836,25.209999084472656,25.420000076293945,25.245058059692383,241300
2019-09-25,25.43000030517578,25.530000686645508,25.18000030517578,25.290000915527344,25.115951538085938,231500
2019-09-26,25.290000915527344,25.809999465942383,25.290000915527344,25.639999389648438,25.463542938232422,312800
2019-09-27,25.670000076293945,25.709999084472656,25.110000610351562,25.3799991607666,25.20532989501953,261000
2019-09-30,25.309999465942383,25.440000534057617,25.200000762939453,25.399999618530273,25.225194931030273,177600
2019-10-01,25.420000076293945,25.579999923706055,25.149999618530273,25.270000457763672,25.09609031677246,241600
2019-10-02,25.1299991607666,25.209999084472656,24.219999313354492,24.31999969482422,24.152626037597656,296500
2019-10-03,24.290000915527344,24.329999923706055,23.969999313354492,24.31999969482422,24.152626037597656,230100
2019-10-04,24.459999084472656,24.610000610351562,24.389999389648438,24.530000686645508,24.361181259155273,104700
2019-10-07,24.440000534057617,24.510000228881836,24.34000015258789,24.399999618530273,24.23207664489746,108500
2019-10-08,24.290000915527344,24.350000381469727,23.959999084472656,24.200000762939453,24.03345489501953,119200
2019-10-09,24.229999542236328,24.530000686645508,24.15999984741211,24.399999618530273,24.23207664489746,123100
2019-10-10,24.329999923706055,24.459999084472656,24.31999969482422,24.3700008392334,24.20228385925293,166500
2019-10-11,24.610000610351562,25.0,24.600000381469727,24.81999969482422,24.649185180664062,141800
2019-10-14,24.709999084472656,24.780000686645508,24.6200008392334,24.719999313354492,24.54987335205078,62200
2019-10-15,24.709999084472656,24.969999313354492,24.579999923706055,24.600000381469727,24.430700302124023,133200
2019-10-16,24.610000610351562,24.6299991607666,24.350000381469727,24.489999771118164,24.321456909179688,125400
2019-10-17,24.649999618530273,24.799999237060547,24.440000534057617,24.649999618530273,24.480356216430664,101200
2019-10-18,24.760000228881836,24.799999237060547,24.56999969482422,24.610000610351562,24.44063377380371,80500
2019-10-21,24.65999984741211,25.0,24.6299991607666,24.889999389648438,24.71870231628418,102700
2019-10-22,24.940000534057617,25.100000381469727,24.75,24.780000686645508,24.60946273803711,162600
2019-10-23,24.780000686645508,25.270000457763672,24.770000457763672,25.190000534057617,25.01664161682129,159500
2019-10-24,25.200000762939453,25.459999084472656,25.059999465942383,25.440000534057617,25.26491928100586,238300
2019-10-25,25.610000610351562,25.700000762939453,25.270000457763672,25.360000610351562,25.185470581054688,123200
2019-10-28,25.399999618530273,25.6200008392334,25.399999618530273,25.420000076293945,25.245058059692383,97300
2019-10-29,25.309999465942383,25.420000076293945,25.209999084472656,25.229999542236328,25.056364059448242,63500
2019-10-30,25.190000534057617,25.40999984741211,25.09000015258789,25.350000381469727,25.175539016723633,119300
2019-10-31,25.25,25.290000915527344,24.979999542236328,25.09000015258789,24.917327880859375,466400
2019-11-01,25.190000534057617,25.729999542236328,25.190000534057617,25.6299991607666,25.453611373901367,274900
2019-11-04,25.610000610351562,25.75,25.530000686645508,25.600000381469727,25.423818588256836,393300
2019-11-05,25.639999389648438,25.670000076293945,25.25,25.329999923706055,25.155677795410156,141700
2019-11-06,25.3799991607666,25.5,25.170000076293945,25.450000762939453,25.274850845336914,229100
2019-11-07,25.649999618530273,25.829999923706055,25.479999542236328,25.530000686645508,25.354299545288086,131100
2019-11-08,25.420000076293945,25.940000534057617,25.420000076293945,25.93000030517578,25.75154685974121,186500
2019-11-11,25.719999313354492,26.06999969482422,25.690000534057617,25.959999084472656,25.781339645385742,220200
2019-11-12,26.0,26.049999237060547,25.809999465942383,25.93000030517578,25.75154685974121,336900
2019-11-13,26.350000381469727,27.459999084472656,26.1299991607666,26.889999389648438,26.704938888549805,487800
2019-11-14,26.8799991607666,27.3799991607666,26.780000686645508,27.190000534057617,27.00287628173828,220100
2019-11-15,27.18000030517578,27.280000686645508,26.829999923706055,26.860000610351562,26.675148010253906,200300
2019-11-18,26.799999237060547,26.829999923706055,26.56999969482422,26.709999084472656,26.52617835998535,199200
2019-11-19,26.639999389648438,26.920000076293945,26.520000457763672,26.549999237060547,26.367279052734375,181500
2019-11-20,26.420000076293945,26.780000686645508,26.290000915527344,26.690000534057617,26.506317138671875,225100
2019-11-21,26.639999389648438,26.780000686645508,26.530000686645508,26.559999465942383,26.37721061706543,323200
2019-11-22,26.549999237060547,26.59000015258789,26.149999618530273,26.469999313354492,26.287830352783203,488400
2019-11-25,26.5,26.739999771118164,26.389999389648438,26.690000534057617,26.506317138671875,151700
2019-11-26,26.559999465942383,27.059999465942383,26.540000915527344,26.959999084472656,26.774456024169922,217100
2019-11-27,26.920000076293945,27.170000076293945,26.790000915527344,26.969999313354492,26.78438949584961,521500
2019-11-29,26.950000762939453,26.959999084472656,26.809999465942383,26.90999984741211,26.724802017211914,441400
2019-12-02,26.860000610351562,27.010000228881836,26.6200008392334,26.649999618530273,26.466590881347656,292500
2019-12-03,26.459999084472656,26.510000228881836,26.020000457763672,26.030000686645508,25.850858688354492,178800
2019-12-04,26.209999084472656,26.389999389648438,26.139999389648438,26.290000915527344,26.10906982421875,254200
2019-12-05,26.299999237060547,26.3700008392334,26.0,26.020000457763672,25.840927124023438,548200
2019-12-06,25.959999084472656,26.100000381469727,25.860000610351562,26.059999465942383,25.880651473999023,177200
2019-12-09,26.079999923706055,26.079999923706055,25.75,25.860000610351562,25.682029724121094,186300
2019-12-10,25.860000610351562,25.889999389648438,25.690000534057617,25.75,25.572786331176758,160400
2019-12-11,25.809999465942383,25.899999618530273,25.639999389648438,25.809999465942383,25.63237190246582,226400
2019-12-12,25.690000534057617,25.84000015258789,25.6299991607666,25.709999084472656,25.615434646606445,175000
2019-12-13,25.65999984741211,26.0,25.649999618530273,25.979999542236328,25.884441375732422,264400
2019-12-16,26.15999984741211,26.290000915527344,26.15999984741211,26.209999084472656,26.11359405517578,214600
2019-12-17,26.049999237060547,26.110000610351562,25.760000228881836,26.09000015258789,25.994037628173828,845100
2019-12-18,26.219999313354492,26.25,26.110000610351562,26.209999084472656,26.11359405517578,371800
2019-12-19,26.219999313354492,26.219999313354492,25.8799991607666,26.010000228881836,25.914331436157227,296400
2019-12-20,26.079999923706055,26.110000610351562,25.90999984741211,26.049999237060547,25.95418357849121,331900
2019-12-23,26.09000015258789,26.3799991607666,26.049999237060547,26.360000610351562,26.263044357299805,112000
2019-12-24,26.34000015258789,26.5,26.309999465942383,26.469999313354492,26.372638702392578,60400
2019-12-26,26.540000915527344,26.969999313354492,26.520000457763672,26.950000762939453,26.850873947143555,219900
2019-12-27,26.940000534057617,27.010000228881836,26.510000228881836,26.559999465942383,26.462308883666992,389100
2019-12-30,26.520000457763672,26.65999984741211,26.239999771118164,26.549999237060547,26.45234489440918,1366600
2019-12-31,26.6200008392334,26.65999984741211,26.450000762939453,26.459999084472656,26.362674713134766,216000
2020-01-02,26.579999923706055,26.649999618530273,26.450000762939453,26.559999465942383,26.462308883666992,186100
2020-01-03,26.389999389648438,26.68000030517578,26.360000610351562,26.68000030517578,26.581867218017578,431600
2020-01-06,26.809999465942383,27.479999542236328,26.809999465942383,27.469999313354492,27.368961334228516,802900
2020-01-07,27.290000915527344,27.600000381469727,27.290000915527344,27.530000686645508,27.428741455078125,383500
2020-01-08,27.600000381469727,28.850000381469727,27.530000686645508,28.600000381469727,28.49480628967285,695300
2020-01-09,28.510000228881836,29.09000015258789,28.420000076293945,28.899999618530273,28.793701171875,611600
2020-01-10,29.049999237060547,29.68000030517578,29.049999237060547,29.639999389648438,29.53097915649414,603800
2020-01-13,29.829999923706055,29.8700008392334,29.530000686645508,29.690000534057617,29.58079719543457,428000
2020-01-14,29.639999389648438,29.81999969482422,29.510000228881836,29.729999542236328,29.620647430419922,398100
2020-01-15,29.790000915527344,29.989999771118164,29.43000030517578,29.549999237060547,29.44131088256836,922000
2020-01-16,29.68000030517578,29.84000015258789,29.56999969482422,29.799999237060547,29.69038963317871,190200
2020-01-17,29.93000030517578,29.989999771118164,29.59000015258789,29.6299991607666,29.521015167236328,225100
2020-01-21,29.59000015258789,29.700000762939453,29.149999618530273,29.299999237060547,29.192230224609375,260800
2020-01-22,29.350000381469727,29.399999618530273,28.8799991607666,29.079999923706055,28.973039627075195,277200
2020-01-23,29.06999969482422,29.329999923706055,28.81999969482422,29.299999237060547,29.192230224609375,361300
2020-01-24,29.40999984741211,29.799999237060547,29.40999984741211,29.709999084472656,29.60072135925293,317800
2020-01-27,29.209999084472656,29.93000030517578,29.18000030517578,29.8799991607666,29.770095825195312,366600
2020-01-28,29.979999542236328,30.030000686645508,29.690000534057617,29.979999542236328,29.869728088378906,189800
2020-01-29,30.020000457763672,30.18000030517578,29.850000381469727,30.06999969482422,29.95939826965332,270800
2020-01-30,29.860000610351562,30.059999465942383,29.81999969482422,29.969999313354492,29.859766006469727,419000
2020-01-31,29.969999313354492,30.139999389648438,29.530000686645508,29.68000030517578,29.570833206176758,326500
2020-02-03,29.860000610351562,29.969999313354492,29.739999771118164,29.850000381469727,29.74020767211914,279700
2020-02-04,29.979999542236328,30.18000030517578,29.780000686645508,30.1299991607666,30.019176483154297,399100
2020-02-05,30.260000228881836,30.389999389648438,29.950000762939453,30.270000457763672,30.158662796020508,307300
2020-02-06,30.31999969482422,30.329999923706055,30.040000915527344,30.18000030517578,30.068994522094727,598400
2020-02-07,30.469999313354492,31.559999465942383,30.399999618530273,31.190000534057617,31.075279235839844,637200
2020-02-10,30.6299991607666,31.110000610351562,30.3799991607666,31.030000686645508,30.915868759155273,467300
2020-02-11,31.06999969482422,31.110000610351562,30.559999465942383,30.65999984741211,30.54722785949707,508600
2020-02-12,30.68000030517578,30.709999084472656,30.31999969482422,30.670000076293945,30.557191848754883,650600
2020-02-13,30.59000015258789,30.59000015258789,30.200000762939453,30.299999237060547,30.18855094909668,316900
2020-02-14,30.3700008392334,30.670000076293945,30.290000915527344,30.540000915527344,30.427669525146484,276000
2020-02-18,30.520000457763672,30.520000457763672,30.1200008392334,30.399999618530273,30.288183212280273,397100
2020-02-19,30.510000228881836,30.56999969482422,30.209999084472656,30.25,30.138736724853516,323700
2020-02-20,30.219999313354492,30.450000762939453,29.979999542236328,30.389999389648438,30.278221130371094,291300
2020-02-21,30.290000915527344,30.420000076293945,30.1200008392334,30.200000762939453,30.08892059326172,414900
2020-02-24,29.459999084472656,29.709999084472656,29.1299991607666,29.3799991607666,29.271934509277344,385100
2020-02-25,29.350000381469727,29.65999984741211,28.700000762939453,28.770000457763672,28.664180755615234,594300
2020-02-26,28.709999084472656,29.149999618530273,28.190000534057617,28.190000534057617,28.086313247680664,413300
2020-02-27,27.780000686645508,28.09000015258789,27.280000686645508,27.3799991607666,27.2792911529541,378700
2020-02-28,26.450000762939453,27.1200008392334,26.09000015258789,26.809999465942383,26.711387634277344,650000
2020-03-02,27.059999465942383,27.850000381469727,26.969999313354492,27.760000228881836,27.657894134521484,1022300
2020-03-03,27.719999313354492,28.059999465942383,26.75,26.889999389648438,26.791093826293945,861700
2020-03-04,27.280000686645508,27.360000610351562,26.639999389648438,26.979999542236328,26.88076400756836,662800
2020-03-05,26.579999923706055,26.850000381469727,24.790000915527344,24.90999984741211,24.818376541137695,1055700
2020-03-06,24.350000381469727,25.020000457763672,24.270000457763672,24.860000610351562,24.76856231689453,485300
2020-03-09,23.31999969482422,23.350000381469727,20.0,22.229999542236328,22.148235321044922,761000
2020-03-10,22.719999313354492,23.200000762939453,22.1299991607666,23.139999389648438,23.054887771606445,517500
2020-03-11,22.700000762939453,22.84000015258789,21.510000228881836,21.75,21.670000076293945,456700
2020-03-12,20.200000762939453,20.200000762939453,18.3700008392334,18.3799991607666,18.3799991607666,463500
2020-03-13,19.0,20.200000762939453,18.540000915527344,20.1299991607666,20.1299991607666,685200
2020-03-16,17.950000762939453,17.959999084472656,15.6899995803833,15.789999961853027,15.789999961853027,647300
2020-03-17,15.90999984741211,16.0,13.960000038146973,14.15999984741211,14.15999984741211,1105100
2020-03-18,13.029999732971191,13.029999732971191,9.800000190734863,10.850000381469727,10.850000381469727,1031400
2020-03-19,10.869999885559082,11.65999984741211,10.84000015258789,11.489999771118164,11.489999771118164,1406500
2020-03-20,12.0600004196167,13.130000114440918,11.760000228881836,11.819999694824219,11.819999694824219,978600
2020-03-23,11.520000457763672,11.520000457763672,9.8100004196167,9.9399995803833,9.9399995803833,901000
2020-03-24,10.699999809265137,11.880000114440918,10.510000228881836,11.720000267028809,11.720000267028809,1259600
2020-03-25,11.949999809265137,14.319999694824219,11.449999809265137,13.579999923706055,13.579999923706055,1203500
2020-03-26,13.789999961853027,14.979999542236328,13.510000228881836,13.779999732971191,13.779999732971191,1327700
2020-03-27,13.270000457763672,13.6899995803833,12.6899995803833,13.319999694824219,13.319999694824219,1552500
2020-03-30,13.329999923706055,13.329999923706055,12.350000381469727,12.760000228881836,12.760000228881836,711000
2020-03-31,12.75,12.920000076293945,12.40999984741211,12.619999885559082,12.619999885559082,984300
2020-04-01,12.15999984741211,12.420000076293945,11.460000038146973,11.630000114440918,11.630000114440918,1475200
2020-04-02,11.729999542236328,12.380000114440918,11.579999923706055,11.930000305175781,11.930000305175781,742500
2020-04-03,11.979999542236328,12.079999923706055,10.899999618530273,11.210000038146973,11.210000038146973,886500
2020-04-06,11.779999732971191,12.25,11.65999984741211,11.920000076293945,11.920000076293945,866400
2020-04-07,12.569999694824219,13.15999984741211,12.15999984741211,12.390000343322754,12.390000343322754,1035600
2020-04-08,12.630000114440918,13.369999885559082,12.470000267028809,13.279999732971191,13.279999732971191,1062600
2020-04-09,13.859999656677246,14.739999771118164,13.380000114440918,13.619999885559082,13.619999885559082,863200
2020-04-13,13.970000267028809,14.020000457763672,12.949999809265137,13.079999923706055,13.079999923706055,519100
2020-04-14,13.25,14.399999618530273,13.25,14.300000190734863,14.300000190734863,1004100
2020-04-15,13.869999885559082,14.079999923706055,13.649999618530273,13.899999618530273,13.899999618530273,842600
2020-04-16,13.949999809265137,14.460000038146973,13.770000457763672,14.100000381469727,14.100000381469727,1034200
2020-04-17,14.75,15.949999809265137,14.699999809265137,15.59000015258789,15.59000015258789,1763700
2020-04-20,15.270000457763672,15.5,15.0,15.149999618530273,15.149999618530273,635800
2020-04-21,14.899999618530273,15.130000114440918,14.529999732971191,14.670000076293945,14.670000076293945,1265100
2020-04-22,15.020000457763672,15.079999923706055,14.239999771118164,14.260000228881836,14.260000228881836,613800
2020-04-23,14.329999923706055,14.520000457763672,13.979999542236328,14.15999984741211,14.15999984741211,610800
2020-04-24,14.1899995803833,14.210000038146973,13.789999961853027,13.9399995803833,13.9399995803833,409100
2020-04-27,14.050000190734863,14.920000076293945,13.970000267028809,14.760000228881836,14.760000228881836,414700
2020-04-28,15.109999656677246,16.170000076293945,14.819999694824219,16.059999465942383,16.059999465942383,893900
2020-04-29,16.600000381469727,17.5,16.489999771118164,17.139999389648438,17.139999389648438,559200
2020-04-30,16.829999923706055,16.940000534057617,16.059999465942383,16.559999465942383,16.559999465942383,558200
2020-05-01,16.18000030517578,16.200000762939453,15.8100004196167,16.079999923706055,16.079999923706055,525600
2020-05-04,15.210000038146973,15.680000305175781,14.90999984741211,15.390000343322754,15.390000343322754,668500
2020-05-05,15.569999694824219,16.06999969482422,15.260000228881836,15.4399995803833,15.4399995803833,481300
2020-05-06,15.399999618530273,15.430000305175781,14.979999542236328,15.369999885559082,15.369999885559082,544500
2020-05-07,15.529999732971191,15.819999694824219,15.229999542236328,15.369999885559082,15.369999885559082,612000
2020-05-08,15.5600004196167,15.90999984741211,15.449999809265137,15.829999923706055,15.829999923706055,334400
2020-05-11,15.550000190734863,15.819999694824219,15.369999885559082,15.680000305175781,15.680000305175781,235000
2020-05-12,15.760000228881836,15.779999732971191,14.720000267028809,14.739999771118164,14.739999771118164,355800
2020-05-13,14.699999809265137,14.699999809265137,13.720000267028809,14.149999618530273,14.149999618530273,621900
2020-05-14,13.800000190734863,14.199999809265137,13.210000038146973,13.880000114440918,13.880000114440918,659300
2020-05-15,13.789999961853027,14.0600004196167,13.460000038146973,13.680000305175781,13.680000305175781,1052300
2020-05-18,14.140000343322754,15.149999618530273,14.140000343322754,14.989999771118164,14.989999771118164,544400
2020-05-19,15.0,15.210000038146973,14.380000114440918,14.850000381469727,14.850000381469727,587200
2020-05-20,15.069999694824219,15.300000190734863,14.59000015258789,14.699999809265137,14.699999809265137,695600
2020-05-21,14.760000228881836,14.800000190734863,14.329999923706055,14.470000267028809,14.470000267028809,1115900
2020-05-22,15.649999618530273,15.720000267028809,13.270000457763672,13.5600004196167,13.5600004196167,960200
2020-05-26,13.680000305175781,14.430000305175781,13.609999656677246,14.289999961853027,14.289999961853027,977900
2020-05-27,14.800000190734863,15.579999923706055,14.539999961853027,15.529999732971191,15.529999732971191,971400
2020-05-28,15.770000457763672,16.010000228881836,15.380000114440918,15.600000381469727,15.600000381469727,812900
2020-05-29,15.380000114440918,15.4399995803833,14.510000228881836,15.029999732971191,15.029999732971191,795100
2020-06-01,14.970000267028809,15.4399995803833,14.760000228881836,15.289999961853027,15.289999961853027,403100
2020-06-02,15.479999542236328,15.989999771118164,15.3100004196167,15.880000114440918,15.880000114440918,630900
2020-06-03,16.100000381469727,17.670000076293945,16.030000686645508,17.389999389648438,17.389999389648438,1095000
2020-06-04,17.350000381469727,18.06999969482422,16.780000686645508,17.93000030517578,17.93000030517578,726400
2020-06-05,18.850000381469727,20.040000915527344,18.850000381469727,19.270000457763672,19.270000457763672,746400
2020-06-08,19.68000030517578,21.219999313354492,19.59000015258789,20.8799991607666,20.8799991607666,701400
2020-06-09,19.989999771118164,20.329999923706055,19.34000015258789,20.1200008392334,20.1200008392334,838400
2020-06-10,20.079999923706055,20.290000915527344,19.25,20.030000686645508,20.030000686645508,637300
2020-06-11,18.780000686645508,19.06999969482422,17.809999465942383,18.0,18.0,821300
2020-06-12,18.729999542236328,19.030000686645508,17.329999923706055,17.860000610351562,17.860000610351562,608500
2020-06-15,17.09000015258789,17.700000762939453,16.600000381469727,17.3799991607666,17.3799991607666,728800
2020-06-16,18.059999465942383,18.25,17.229999542236328,17.469999313354492,17.469999313354492,510800
2020-06-17,17.56999969482422,17.790000915527344,17.079999923706055,17.40999984741211,17.40999984741211,491600
2020-06-18,17.260000228881836,17.399999618530273,16.860000610351562,17.030000686645508,17.030000686645508,510400
2020-06-19,17.25,17.520000457763672,16.43000030517578,16.5,16.5,1074500
2020-06-22,16.43000030517578,16.790000915527344,16.079999923706055,16.790000915527344,16.790000915527344,490500
2020-06-23,16.969999313354492,17.030000686645508,16.670000076293945,16.75,16.75,438300
2020-06-24,16.559999465942383,16.559999465942383,15.609999656677246,15.920000076293945,15.920000076293945,439000
2020-06-25,15.829999923706055,16.229999542236328,15.829999923706055,15.970000267028809,15.970000267028809,335200
2020-06-26,15.859999656677246,16.020000457763672,15.510000228881836,15.960000038146973,15.960000038146973,471600
2020-06-29,16.139999389648438,16.450000762939453,15.949999809265137,16.280000686645508,16.280000686645508,444200
2020-06-30,16.18000030517578,16.280000686645508,15.770000457763672,16.190000534057617,16.190000534057617,312700
2020-07-01,15.880000114440918,16.299999237060547,15.600000381469727,15.649999618530273,15.649999618530273,415300
2020-07-02,15.90999984741211,16.520000457763672,15.369999885559082,15.369999885559082,15.369999885559082,574400
2020-07-06,15.649999618530273,15.960000038146973,15.5600004196167,15.779999732971191,15.779999732971191,331300
2020-07-07,15.649999618530273,15.649999618530273,15.289999961853027,15.350000381469727,15.350000381469727,265200
2020-07-08,15.359999656677246,15.529999732971191,15.050000190734863,15.15999984741211,15.15999984741211,293500
2020-07-09,15.119999885559082,15.489999771118164,14.479999542236328,15.1899995803833,15.1899995803833,750100
2020-07-10,15.170000076293945,15.479999542236328,15.069999694824219,15.369999885559082,15.369999885559082,332400
2020-07-13,15.479999542236328,15.640000343322754,14.829999923706055,14.850000381469727,14.850000381469727,373900
2020-07-14,14.770000457763672,14.779999732971191,14.5,14.720000267028809,14.720000267028809,312200
2020-07-15,15.079999923706055,15.380000114440918,14.9399995803833,15.029999732971191,15.029999732971191,823100
2020-07-16,14.8100004196167,14.949999809265137,14.6899995803833,14.739999771118164,14.739999771118164,445500
2020-07-17,14.779999732971191,14.859999656677246,14.420000076293945,14.550000190734863,14.550000190734863,414700
2020-07-20,14.550000190734863,15.039999961853027,14.399999618530273,14.970000267028809,14.970000267028809,554500
2020-07-21,15.199999809265137,15.760000228881836,15.199999809265137,15.279999732971191,15.279999732971191,480300
2020-07-22,15.029999732971191,15.329999923706055,14.970000267028809,15.119999885559082,15.119999885559082,292500
2020-07-23,14.970000267028809,15.550000190734863,14.9399995803833,14.979999542236328,14.979999542236328,346400
2020-07-24,14.850000381469727,14.960000038146973,14.619999885559082,14.710000038146973,14.710000038146973,229300
2020-07-27,14.699999809265137,15.010000228881836,14.59000015258789,14.779999732971191,14.779999732971191,471800
2020-07-28,14.760000228881836,14.880000114440918,14.649999618530273,14.850000381469727,14.850000381469727,232200
2020-07-29,14.970000267028809,15.199999809265137,14.859999656677246,15.1899995803833,15.1899995803833,274200
2020-07-30,14.829999923706055,15.170000076293945,14.699999809265137,15.079999923706055,15.079999923706055,359700
2020-07-31,15.09000015258789,15.239999771118164,14.6899995803833,14.930000305175781,14.930000305175781,331300
2020-08-03,14.819999694824219,14.819999694824219,14.510000228881836,14.6899995803833,14.6899995803833,234500
2020-08-04,14.6899995803833,14.880000114440918,14.319999694824219,14.420000076293945,14.420000076293945,416800
2020-08-05,14.479999542236328,15.220000267028809,14.479999542236328,15.15999984741211,15.15999984741211,318600
2020-08-06,15.130000114440918,15.65999984741211,15.109999656677246,15.640000343322754,15.640000343322754,446100
2020-08-07,15.5,15.5,14.979999542236328,15.239999771118164,15.239999771118164,336600
2020-08-10,15.109999656677246,15.920000076293945,15.100000381469727,15.869999885559082,15.869999885559082,282300
2020-08-11,16.1299991607666,16.68000030517578,16.1299991607666,16.479999542236328,16.479999542236328,414900
2020-08-12,15.90999984741211,16.649999618530273,15.5600004196167,16.350000381469727,16.350000381469727,653500
2020-08-13,16.670000076293945,16.719999313354492,15.880000114440918,15.960000038146973,15.960000038146973,457600
2020-08-14,15.930000305175781,16.100000381469727,15.770000457763672,15.920000076293945,15.920000076293945,362300
2020-08-17,15.930000305175781,16.219999313354492,15.770000457763672,15.8100004196167,15.8100004196167,428300
2020-08-18,15.770000457763672,16.049999237060547,15.670000076293945,15.710000038146973,15.710000038146973,318400
2020-08-19,15.729999542236328,15.829999923706055,15.029999732971191,15.079999923706055,15.079999923706055,255100
2020-08-20,14.970000267028809,15.1899995803833,14.800000190734863,15.119999885559082,15.119999885559082,279600
2020-08-21,15.050000190734863,15.100000381469727,14.550000190734863,14.550000190734863,14.550000190734863,267600
2020-08-24,14.569999694824219,15.020000457763672,14.520000457763672,14.829999923706055,14.829999923706055,322500
2020-08-25,14.989999771118164,15.430000305175781,14.920000076293945,15.279999732971191,15.279999732971191,234200
2020-08-26,15.239999771118164,15.449999809265137,14.880000114440918,15.359999656677246,15.359999656677246,327500
2020-08-27,15.3100004196167,15.819999694824219,15.3100004196167,15.800000190734863,15.800000190734863,614800
2020-08-28,15.880000114440918,16.5,15.880000114440918,16.399999618530273,16.399999618530273,718400
2020-08-31,16.3700008392334,16.489999771118164,15.710000038146973,15.8100004196167,15.8100004196167,650600
2020-09-01,15.65999984741211,16.049999237060547,15.510000228881836,15.899999618530273,15.899999618530273,334100
2020-09-02,15.899999618530273,16.06999969482422,15.609999656677246,15.880000114440918,15.880000114440918,186300
2020-09-03,15.8100004196167,15.890000343322754,14.989999771118164,15.050000190734863,15.050000190734863,284300
2020-09-04,15.170000076293945,15.529999732971191,14.899999618530273,15.199999809265137,15.199999809265137,317200
2020-09-08,15.039999961853027,15.270000457763672,14.850000381469727,14.989999771118164,14.989999771118164,404100
2020-09-09,15.109999656677246,15.119999885559082,14.800000190734863,14.890000343322754,14.890000343322754,345300
2020-09-10,15.010000228881836,15.109999656677246,14.609999656677246,14.680000305175781,14.680000305175781,235400
2020-09-11,14.720000267028809,15.130000114440918,14.579999923706055,14.949999809265137,14.949999809265137,320900
2020-09-14,15.010000228881836,15.4399995803833,14.829999923706055,14.930000305175781,14.930000305175781,234000
2020-09-15,15.0,15.359999656677246,14.890000343322754,14.949999809265137,14.949999809265137,341300
2020-09-16,15.029999732971191,15.239999771118164,14.930000305175781,15.050000190734863,15.050000190734863,163200
2020-09-17,14.800000190734863,15.34000015258789,14.779999732971191,15.260000228881836,15.260000228881836,255000
2020-09-18,15.239999771118164,15.380000114440918,15.010000228881836,15.0600004196167,15.0600004196167,251300
2020-09-21,14.949999809265137,14.949999809265137,14.289999961853027,14.34000015258789,14.34000015258789,612200
2020-09-22,14.359999656677246,14.609999656677246,14.079999923706055,14.15999984741211,14.15999984741211,547300
2020-09-23,14.180000305175781,14.670000076293945,14.0,14.09000015258789,14.09000015258789,558000
2020-09-24,14.029999732971191,14.25,13.800000190734863,14.050000190734863,14.050000190734863,409600
2020-09-25,13.930000305175781,14.260000228881836,13.880000114440918,14.149999618530273,14.149999618530273,435700
2020-09-28,14.390000343322754,14.779999732971191,14.390000343322754,14.670000076293945,14.670000076293945,390500
2020-09-29,14.699999809265137,14.699999809265137,14.350000381469727,14.420000076293945,14.420000076293945,749300
2020-09-30,14.399999618530273,14.800000190734863,14.399999618530273,14.619999885559082,14.619999885559082,603800
2020-10-01,15.239999771118164,16.030000686645508,15.079999923706055,15.289999961853027,15.289999961853027,821300
2020-10-02,14.899999618530273,15.350000381469727,14.899999618530273,15.319999694824219,15.319999694824219,396100
2020-10-05,15.539999961853027,15.6899995803833,15.390000343322754,15.529999732971191,15.529999732971191,354900
2020-10-06,15.619999885559082,15.760000228881836,15.3100004196167,15.4399995803833,15.4399995803833,417800
2020-10-07,15.640000343322754,16.0,15.640000343322754,15.8100004196167,15.8100004196167,360700
2020-10-08,16.0,16.100000381469727,15.850000381469727,16.040000915527344,16.040000915527344,230400
2020-10-09,16.1200008392334,16.309999465942383,15.920000076293945,16.1200008392334,16.1200008392334,240600
2020-10-12,16.110000610351562,16.1299991607666,15.829999923706055,16.040000915527344,16.040000915527344,114400
2020-10-13,15.869999885559082,16.239999771118164,15.869999885559082,16.09000015258789,16.09000015258789,293500
2020-10-14,16.059999465942383,16.170000076293945,15.930000305175781,16.030000686645508,16.030000686645508,199400
2020-10-15,15.84000015258789,15.84000015258789,15.539999961853027,15.739999771118164,15.739999771118164,158500
2020-10-16,15.829999923706055,16.100000381469727,15.770000457763672,16.079999923706055,16.079999923706055,195600
2020-10-19,16.15999984741211,16.81999969482422,16.1299991607666,16.719999313354492,16.719999313354492,338000
2020-10-20,16.850000381469727,17.600000381469727,16.799999237060547,16.8700008392334,16.8700008392334,811400
2020-10-21,16.799999237060547,17.489999771118164,16.770000457763672,17.3799991607666,17.3799991607666,792200
2020-10-22,17.479999542236328,17.84000015258789,17.34000015258789,17.690000534057617,17.690000534057617,614700
2020-10-23,17.760000228881836,18.43000030517578,17.739999771118164,18.299999237060547,18.299999237060547,488600
2020-10-26,18.1200008392334,18.219999313354492,17.479999542236328,17.639999389648438,17.639999389648438,513000
2020-10-27,17.559999465942383,17.90999984741211,17.559999465942383,17.690000534057617,17.690000534057617,497300
2020-10-28,17.309999465942383,17.329999923706055,17.059999465942383,17.09000015258789,17.09000015258789,729600
2020-10-29,16.700000762939453,17.059999465942383,16.700000762939453,17.030000686645508,17.030000686645508,538000
2020-10-30,17.049999237060547,17.360000610351562,17.0,17.06999969482422,17.06999969482422,506500
2020-11-02,17.290000915527344,17.489999771118164,16.989999771118164,17.350000381469727,17.350000381469727,344500
2020-11-03,17.68000030517578,18.110000610351562,17.68000030517578,18.049999237060547,18.049999237060547,277300
2020-11-04,18.100000381469727,18.1299991607666,17.639999389648438,17.860000610351562,17.860000610351562,356900
2020-11-05,17.860000610351562,18.420000076293945,17.860000610351562,18.3700008392334,18.3700008392334,306500
2020-11-06,18.360000610351562,18.459999084472656,18.06999969482422,18.09000015258789,18.09000015258789,292600
2020-11-09,19.56999969482422,22.09000015258789,19.399999618530273,21.40999984741211,21.40999984741211,1147500
2020-11-10,21.770000457763672,23.110000610351562,21.260000228881836,23.06999969482422,23.06999969482422,1047400
2020-11-11,22.850000381469727,23.420000076293945,22.270000457763672,22.65999984741211,22.65999984741211,800200
2020-11-12,22.170000076293945,22.549999237060547,21.709999084472656,22.0,22.0,781700
2020-11-13,22.079999923706055,22.729999542236328,22.020000457763672,22.649999618530273,22.649999618530273,618800
2020-11-16,23.31999969482422,24.209999084472656,23.049999237060547,23.969999313354492,23.969999313354492,449700
2020-11-17,22.670000076293945,22.739999771118164,22.260000228881836,22.459999084472656,22.459999084472656,503900
2020-11-18,22.68000030517578,23.06999969482422,22.559999465942383,22.979999542236328,22.979999542236328,470000
2020-11-19,22.920000076293945,23.760000228881836,22.81999969482422,23.75,23.75,380100
2020-11-20,23.770000457763672,24.18000030517578,23.770000457763672,24.09000015258789,24.09000015258789,386900
2020-11-23,24.40999984741211,24.780000686645508,24.209999084472656,24.6299991607666,24.6299991607666,356300
2020-11-24,24.8700008392334,26.219999313354492,24.530000686645508,25.920000076293945,25.920000076293945,553800
2020-11-25,25.549999237060547,25.739999771118164,25.010000228881836,25.420000076293945,25.420000076293945,672300
2020-11-27,25.299999237060547,25.8700008392334,25.290000915527344,25.549999237060547,25.549999237060547,224700
2020-11-30,25.40999984741211,25.68000030517578,24.31999969482422,24.350000381469727,24.350000381469727,563300
2020-12-01,24.739999771118164,24.959999084472656,24.329999923706055,24.440000534057617,24.440000534057617,333100
2020-12-02,24.34000015258789,24.739999771118164,24.209999084472656,24.450000762939453,24.450000762939453,348600
2020-12-03,24.6200008392334,25.3799991607666,24.530000686645508,25.020000457763672,25.020000457763672,310900
2020-12-04,25.299999237060547,26.020000457763672,25.200000762939453,25.8799991607666,25.8799991607666,200200
2020-12-07,25.799999237060547,25.799999237060547,25.049999237060547,25.420000076293945,25.420000076293945,260100
2020-12-08,25.100000381469727,25.520000457763672,24.5,24.600000381469727,24.600000381469727,342700
2020-12-09,24.770000457763672,25.149999618530273,24.280000686645508,24.6200008392334,24.6200008392334,263000
2020-12-10,24.40999984741211,25.239999771118164,24.18000030517578,25.149999618530273,25.149999618530273,306800
2020-12-11,24.770000457763672,24.780000686645508,24.18000030517578,24.40999984741211,24.40999984741211,197700
2020-12-14,25.06999969482422,25.360000610351562,24.510000228881836,24.520000457763672,24.520000457763672,234400
2020-12-15,24.739999771118164,25.829999923706055,24.610000610351562,25.68000030517578,25.68000030517578,442500
2020-12-16,25.5,25.719999313354492,24.989999771118164,25.079999923706055,25.079999923706055,500900
2020-12-17,26.010000228881836,26.06999969482422,25.56999969482422,25.969999313354492,25.969999313354492,380300
2020-12-18,25.8700008392334,26.34000015258789,25.829999923706055,26.049999237060547,26.049999237060547,284500
2020-12-21,25.450000762939453,25.950000762939453,24.889999389648438,25.8799991607666,25.8799991607666,250600
2020-12-22,26.100000381469727,26.18000030517578,25.75,26.139999389648438,26.139999389648438,198500
2020-12-23,26.290000915527344,27.290000915527344,26.290000915527344,27.09000015258789,27.09000015258789,268700
2020-12-24,27.1299991607666,27.149999618530273,26.81999969482422,26.920000076293945,26.920000076293945,139800
2020-12-28,27.09000015258789,27.350000381469727,27.0,27.09000015258789,27.09000015258789,117600
2020-12-29,27.3799991607666,27.579999923706055,27.219999313354492,27.389999389648438,27.389999389648438,278200
2020-12-30,27.579999923706055,27.959999084472656,27.3799991607666,27.8799991607666,27.8799991607666,306900
2020-12-31,27.889999389648438,28.06999969482422,27.639999389648438,27.739999771118164,27.739999771118164,223100
2021-01-04,27.75,27.860000610351562,26.469999313354492,26.610000610351562,26.610000610351562,500400
2021-01-05,26.709999084472656,27.40999984741211,26.59000015258789,27.34000015258789,27.34000015258789,457300
2021-01-06,27.450000762939453,28.200000762939453,26.850000381469727,27.190000534057617,27.190000534057617,281200
2021-01-07,27.350000381469727,27.790000915527344,26.850000381469727,27.059999465942383,27.059999465942383,271800
2021-01-08,27.200000762939453,27.219999313354492,26.690000534057617,27.09000015258789,27.09000015258789,197600
2021-01-11,26.459999084472656,27.190000534057617,26.079999923706055,27.06999969482422,27.06999969482422,191600
2021-01-12,27.209999084472656,27.469999313354492,27.010000228881836,27.25,27.25,175600
2021-01-13,27.110000610351562,27.739999771118164,27.100000381469727,27.610000610351562,27.610000610351562,283100
2021-01-14,27.760000228881836,28.280000686645508,27.75,27.829999923706055,27.829999923706055,259700
2021-01-15,27.43000030517578,27.809999465942383,25.530000686645508,25.950000762939453,25.950000762939453,1477200
2021-01-19,25.950000762939453,26.31999969482422,25.149999618530273,25.219999313354492,25.219999313354492,409600
2021-01-20,25.219999313354492,25.350000381469727,24.8799991607666,25.040000915527344,25.040000915527344,347900
2021-01-21,25.040000915527344,25.079999923706055,23.950000762939453,24.040000915527344,24.040000915527344,399900
2021-01-22,23.809999465942383,24.229999542236328,23.450000762939453,23.520000457763672,23.520000457763672,407700
2021-01-25,23.350000381469727,23.770000457763672,22.329999923706055,23.709999084472656,23.709999084472656,643000
2021-01-26,24.059999465942383,24.059999465942383,22.969999313354492,23.149999618530273,23.149999618530273,404200
2021-01-27,22.649999618530273,22.65999984741211,21.649999618530273,22.219999313354492,22.219999313354492,402000
2021-01-28,22.579999923706055,23.219999313354492,22.329999923706055,23.0,23.0,382000
2021-01-29,22.8700008392334,23.100000381469727,22.270000457763672,22.549999237060547,22.549999237060547,366600
2021-02-01,22.860000610351562,23.43000030517578,22.690000534057617,23.270000457763672,23.270000457763672,316500
2021-02-02,23.950000762939453,24.579999923706055,23.170000076293945,24.510000228881836,24.510000228881836,303100
2021-02-03,24.3700008392334,24.760000228881836,24.3700008392334,24.610000610351562,24.610000610351562,209600
2021-02-04,24.850000381469727,24.850000381469727,24.520000457763672,24.639999389648438,24.639999389648438,181500
2021-02-05,24.799999237060547,25.6200008392334,24.799999237060547,25.110000610351562,25.110000610351562,227900
2021-02-08,25.170000076293945,25.790000915527344,24.979999542236328,25.780000686645508,25.780000686645508,178900
2021-02-09,25.549999237060547,25.950000762939453,25.43000030517578,25.829999923706055,25.829999923706055,246200
2021-02-10,25.850000381469727,25.959999084472656,25.530000686645508,25.579999923706055,25.579999923706055,209000
2021-02-11,25.59000015258789,25.739999771118164,25.329999923706055,25.56999969482422,25.56999969482422,265700
2021-02-12,25.540000915527344,25.75,25.200000762939453,25.239999771118164,25.239999771118164,306600
2021-02-16,25.440000534057617,25.579999923706055,24.729999542236328,24.860000610351562,24.860000610351562,245500
2021-02-17,24.530000686645508,25.030000686645508,24.420000076293945,24.979999542236328,24.979999542236328,262000
2021-02-18,24.68000030517578,24.829999923706055,24.360000610351562,24.729999542236328,24.729999542236328,223100
2021-02-19,24.860000610351562,25.790000915527344,24.84000015258789,25.690000534057617,25.690000534057617,206000
2021-02-22,25.34000015258789,26.1299991607666,25.309999465942383,25.979999542236328,25.979999542236328,247100
2021-02-23,25.920000076293945,26.899999618530273,25.649999618530273,26.600000381469727,26.600000381469727,274500
2021-02-24,26.81999969482422,27.579999923706055,26.459999084472656,27.360000610351562,27.360000610351562,224100
2021-02-25,27.260000228881836,27.81999969482422,26.920000076293945,26.969999313354492,26.969999313354492,419900
2021-02-26,26.8799991607666,26.959999084472656,26.34000015258789,26.469999313354492,26.469999313354492,270400
2021-03-01,27.700000762939453,30.75,27.700000762939453,29.950000762939453,29.950000762939453,858800
2021-03-02,30.1299991607666,30.6299991607666,29.079999923706055,29.15999984741211,29.15999984741211,374100
2021-03-03,29.520000457763672,29.90999984741211,29.079999923706055,29.469999313354492,29.469999313354492,362300
2021-03-04,29.399999618530273,29.90999984741211,29.06999969482422,29.450000762939453,29.450000762939453,455500
2021-03-05,29.530000686645508,30.59000015258789,28.979999542236328,30.540000915527344,30.540000915527344,430700
2021-03-08,30.520000457763672,31.170000076293945,30.459999084472656,30.579999923706055,30.579999923706055,384800
2021-03-09,29.40999984741211,29.719999313354492,28.079999923706055,28.18000030517578,28.18000030517578,1042000
2021-03-10,27.739999771118164,28.6299991607666,27.3799991607666,27.809999465942383,27.809999465942383,4414800
2021-03-11,28.010000228881836,28.309999465942383,27.700000762939453,28.149999618530273,28.149999618530273,848200
2021-03-12,28.079999923706055,28.329999923706055,28.0,28.139999389648438,28.139999389648438,665300
2021-03-15,28.110000610351562,28.239999771118164,27.360000610351562,27.540000915527344,27.540000915527344,775300
2021-03-16,27.579999923706055,28.25,26.969999313354492,28.0,28.0,774800
2021-03-17,28.299999237060547,28.799999237060547,27.850000381469727,28.389999389648438,28.389999389648438,472600
2021-03-18,28.18000030517578,28.440000534057617,27.8799991607666,28.110000610351562,28.110000610351562,677300
2021-03-19,28.020000457763672,28.389999389648438,27.950000762939453,28.239999771118164,28.239999771118164,479200
2021-03-22,28.25,28.25,27.8700008392334,27.93000030517578,27.93000030517578,321900
2021-03-23,27.649999618530273,27.81999969482422,27.040000915527344,27.139999389648438,27.139999389648438,521800
2021-03-24,27.309999465942383,27.899999618530273,27.149999618530273,27.280000686645508,27.280000686645508,617300
2021-03-25,27.020000457763672,27.639999389648438,27.020000457763672,27.559999465942383,27.559999465942383,324800
2021-03-26,28.010000228881836,28.18000030517578,27.559999465942383,28.170000076293945,28.170000076293945,348100
2021-03-29,28.030000686645508,28.770000457763672,28.030000686645508,28.510000228881836,28.510000228881836,358300
2021-03-30,28.59000015258789,28.639999389648438,28.309999465942383,28.389999389648438,28.389999389648438,308000
2021-03-31,28.3799991607666,28.690000534057617,28.309999465942383,28.489999771118164,28.489999771118164,336700
2021-04-01,28.530000686645508,28.959999084472656,28.43000030517578,28.829999923706055,28.829999923706055,191200
2021-04-05,29.020000457763672,29.09000015258789,28.799999237060547,29.0,29.0,272800
2021-04-06,28.850000381469727,29.43000030517578,28.850000381469727,29.280000686645508,29.280000686645508,381300
2021-04-07,29.290000915527344,29.440000534057617,28.920000076293945,29.329999923706055,29.329999923706055,289600
2021-04-08,29.3700008392334,30.200000762939453,29.25,30.15999984741211,30.15999984741211,458400
2021-04-09,30.149999618530273,31.290000915527344,30.079999923706055,31.190000534057617,31.190000534057617,608000
2021-04-12,30.770000457763672,30.780000686645508,29.889999389648438,30.100000381469727,30.100000381469727,307700
2021-04-13,29.979999542236328,30.06999969482422,29.649999618530273,29.780000686645508,29.780000686645508,320300
2021-04-14,29.780000686645508,30.030000686645508,29.670000076293945,29.84000015258789,29.84000015258789,327400
2021-04-15,30.06999969482422,30.079999923706055,29.709999084472656,30.059999465942383,30.059999465942383,319500
2021-04-16,30.110000610351562,30.110000610351562,29.40999984741211,29.729999542236328,29.729999542236328,419300
2021-04-19,29.829999923706055,29.829999923706055,29.209999084472656,29.299999237060547,29.299999237060547,216300
2021-04-20,29.5,29.600000381469727,28.729999542236328,29.25,29.25,672500
2021-04-21,29.219999313354492,29.530000686645508,28.579999923706055,29.520000457763672,29.520000457763672,292800
2021-04-22,29.469999313354492,29.760000228881836,29.170000076293945,29.6200008392334,29.6200008392334,246400
2021-04-23,29.610000610351562,30.479999542236328,29.579999923706055,30.420000076293945,30.420000076293945,358400
2021-04-26,30.739999771118164,31.200000762939453,30.65999984741211,31.06999969482422,31.06999969482422,266600
2021-04-27,31.049999237060547,31.209999084472656,30.559999465942383,31.020000457763672,31.020000457763672,172000
2021-04-28,31.040000915527344,31.459999084472656,30.8700008392334,31.420000076293945,31.420000076293945,169900
2021-04-29,31.700000762939453,31.709999084472656,31.3799991607666,31.610000610351562,31.610000610351562,281700
2021-04-30,31.459999084472656,31.940000534057617,31.25,31.31999969482422,31.31999969482422,385000
2021-05-03,31.43000030517578,31.440000534057617,31.010000228881836,31.1200008392334,31.1200008392334,288100
2021-05-04,30.93000030517578,31.049999237060547,30.43000030517578,30.90999984741211,30.90999984741211,377900
2021-05-05,31.020000457763672,31.31999969482422,30.84000015258789,30.989999771118164,30.989999771118164,144900
2021-05-06,30.93000030517578,31.09000015258789,30.260000228881836,30.920000076293945,30.920000076293945,197100
2021-05-07,30.93000030517578,31.479999542236328,30.809999465942383,31.3799991607666,31.3799991607666,153100
2021-05-10,31.5,31.559999465942383,30.75,30.84000015258789,30.84000015258789,184400
2021-05-11,30.170000076293945,30.559999465942383,29.920000076293945,30.18000030517578,30.18000030517578,255600
2021-05-12,30.079999923706055,30.219999313354492,29.739999771118164,29.770000457763672,29.770000457763672,200600
2021-05-13,29.770000457763672,30.239999771118164,29.760000228881836,30.010000228881836,30.010000228881836,198200
2021-05-14,30.200000762939453,30.6200008392334,30.149999618530273,30.520000457763672,30.520000457763672,191700
2021-05-17,30.3700008392334,30.530000686645508,29.850000381469727,30.06999969482422,30.06999969482422,381600
2021-05-18,30.200000762939453,30.3700008392334,29.889999389648438,29.920000076293945,29.920000076293945,303400
2021-05-19,29.5,29.68000030517578,27.290000915527344,29.530000686645508,29.530000686645508,685400
2021-05-20,29.829999923706055,29.829999923706055,29.15999984741211,29.399999618530273,29.399999618530273,456100
2021-05-21,29.600000381469727,29.940000534057617,29.479999542236328,29.799999237060547,29.799999237060547,316700
2021-05-24,30.190000534057617,30.190000534057617,29.68000030517578,29.989999771118164,29.989999771118164,158300
2021-05-25,30.059999465942383,30.239999771118164,29.790000915527344,29.989999771118164,29.989999771118164,365000
2021-05-26,30.010000228881836,30.510000228881836,29.90999984741211,30.18000030517578,30.18000030517578,185600
2021-05-27,30.75,30.75,30.280000686645508,30.540000915527344,30.540000915527344,228600
2021-05-28,30.549999237060547,31.09000015258789,30.549999237060547,31.0,31.0,232600
2021-06-01,31.190000534057617,31.489999771118164,30.81999969482422,30.84000015258789,30.84000015258789,243600
2021-06-02,30.93000030517578,30.93000030517578,30.450000762939453,30.530000686645508,30.530000686645508,201400
2021-06-03,30.219999313354492,30.959999084472656,30.1299991607666,30.799999237060547,30.799999237060547,271700
2021-06-04,31.0,31.110000610351562,30.790000915527344,31.059999465942383,31.059999465942383,126700
2021-06-07,31.170000076293945,31.270000457763672,30.43000030517578,30.450000762939453,30.450000762939453,318700
2021-06-08,30.399999618530273,31.90999984741211,30.399999618530273,31.829999923706055,31.829999923706055,318700
2021-06-09,32.0,32.0,31.15999984741211,31.59000015258789,31.59000015258789,317200
2021-06-10,31.65999984741211,31.8799991607666,31.190000534057617,31.850000381469727,31.850000381469727,382000
2021-06-11,32.0,32.09000015258789,31.5,31.719999313354492,31.719999313354492,361600
2021-06-14,31.770000457763672,32.0,31.34000015258789,31.68000030517578,31.68000030517578,353300
2021-06-15,31.600000381469727,32.189998626708984,31.540000915527344,31.790000915527344,31.790000915527344,302500
2021-06-16,31.639999389648438,32.11000061035156,31.420000076293945,31.59000015258789,31.59000015258789,268400
2021-06-17,31.510000228881836,31.700000762939453,30.81999969482422,31.059999465942383,31.059999465942383,241700
2021-06-18,30.610000610351562,31.100000381469727,30.420000076293945,30.790000915527344,30.790000915527344,249400
2021-06-21,31.100000381469727,31.559999465942383,30.59000015258789,31.530000686645508,31.530000686645508,232200
2021-06-22,31.389999389648438,31.739999771118164,31.209999084472656,31.690000534057617,31.690000534057617,204300
2021-06-23,31.559999465942383,31.81999969482422,31.479999542236328,31.690000534057617,31.690000534057617,357700
2021-06-24,31.809999465942383,31.809999465942383,31.479999542236328,31.700000762939453,31.700000762939453,294100
2021-06-25,31.639999389648438,32.0099983215332,31.559999465942383,31.709999084472656,31.709999084472656,253700
2021-06-28,31.520000457763672,31.75,30.56999969482422,30.799999237060547,30.799999237060547,330500
2021-06-29,30.93000030517578,31.030000686645508,30.3799991607666,30.56999969482422,30.56999969482422,468800
2021-06-30,30.479999542236328,30.81999969482422,30.15999984741211,30.799999237060547,30.799999237060547,424700
2021-07-01,30.829999923706055,31.209999084472656,30.649999618530273,31.209999084472656,31.209999084472656,284900
2021-07-02,31.260000228881836,31.639999389648438,30.020000457763672,31.389999389648438,31.389999389648438,347100
2021-07-06,31.43000030517578,31.43000030517578,30.719999313354492,31.0,31.0,295200
2021-07-07,31.100000381469727,31.950000762939453,30.920000076293945,31.229999542236328,31.229999542236328,197900
2021-07-08,30.649999618530273,31.200000762939453,30.549999237060547,30.889999389648438,30.889999389648438,266700
2021-07-09,31.200000762939453,31.260000228881836,30.950000762939453,30.969999313354492,30.969999313354492,373000
2021-07-12,30.75,30.75,29.6200008392334,30.329999923706055,30.329999923706055,464400
2021-07-13,30.09000015258789,30.09000015258789,29.100000381469727,29.149999618530273,29.149999618530273,594600
2021-07-14,29.200000762939453,29.489999771118164,28.6200008392334,28.68000030517578,28.68000030517578,386000
2021-07-15,28.5,28.829999923706055,28.299999237060547,28.459999084472656,28.459999084472656,481400
2021-07-16,28.600000381469727,28.889999389648438,28.270000457763672,28.399999618530273,28.399999618530273,420900
2021-07-19,27.6299991607666,27.770000457763672,27.030000686645508,27.260000228881836,27.260000228881836,236700
2021-07-20,27.299999237060547,28.31999969482422,27.280000686645508,28.219999313354492,28.219999313354492,262600
2021-07-21,28.389999389648438,29.170000076293945,28.389999389648438,29.149999618530273,29.149999618530273,247300
2021-07-22,30.260000228881836,31.09000015258789,29.760000228881836,30.649999618530273,30.649999618530273,739700
2021-07-23,30.690000534057617,31.280000686645508,30.520000457763672,31.010000228881836,31.010000228881836,567900
2021-07-26,30.760000228881836,31.059999465942383,30.399999618530273,30.600000381469727,30.600000381469727,457500
2021-07-27,30.270000457763672,30.850000381469727,29.860000610351562,30.75,30.75,251600
2021-07-28,30.969999313354492,31.239999771118164,30.68000030517578,31.020000457763672,31.020000457763672,225100
2021-07-29,31.31999969482422,31.450000762939453,30.81999969482422,30.850000381469727,30.850000381469727,283200
2021-07-30,30.639999389648438,30.84000015258789,30.15999984741211,30.530000686645508,30.530000686645508,276700
2021-08-02,30.760000228881836,31.100000381469727,30.149999618530273,30.15999984741211,30.15999984741211,80600
2021-08-03,30.309999465942383,30.65999984741211,30.15999984741211,30.389999389648438,30.389999389648438,238700
2021-08-04,30.079999923706055,30.350000381469727,30.020000457763672,30.040000915527344,30.040000915527344,156000
2021-08-05,30.139999389648438,30.75,30.139999389648438,30.610000610351562,30.610000610351562,222400
2021-08-06,30.8700008392334,31.09000015258789,30.670000076293945,31.059999465942383,31.059999465942383,136200
2021-08-09,31.1299991607666,31.1299991607666,30.549999237060547,30.899999618530273,30.899999618530273,92000
2021-08-10,30.959999084472656,31.729999542236328,30.93000030517578,31.690000534057617,31.690000534057617,384200
2021-08-11,31.40999984741211,31.829999923706055,30.6200008392334,30.790000915527344,30.790000915527344,239900
2021-08-12,30.489999771118164,30.6299991607666,28.8799991607666,29.149999618530273,29.149999618530273,400500
2021-08-13,29.09000015258789,29.18000030517578,28.65999984741211,28.770000457763672,28.770000457763672,191300
2021-08-16,28.540000915527344,28.56999969482422,27.93000030517578,28.1200008392334,28.1200008392334,416900
2021-08-17,27.90999984741211,27.90999984741211,27.40999984741211,27.510000228881836,27.510000228881836,125100
2021-08-18,27.610000610351562,27.610000610351562,27.200000762939453,27.260000228881836,27.260000228881836,121800
2021-08-19,26.760000228881836,27.040000915527344,26.5,26.809999465942383,26.809999465942383,179400
2021-08-20,26.809999465942383,27.299999237060547,26.579999923706055,27.25,27.25,159700
2021-08-23,27.65999984741211,28.610000610351562,27.65999984741211,28.1200008392334,28.1200008392334,261100
2021-08-24,28.3799991607666,28.43000030517578,28.1200008392334,28.290000915527344,28.290000915527344,150700
2021-08-25,27.600000381469727,28.389999389648438,26.90999984741211,28.31999969482422,28.31999969482422,387200
2021-08-26,28.0,28.09000015258789,27.450000762939453,27.549999237060547,27.549999237060547,315500
2021-08-27,27.610000610351562,28.770000457763672,27.610000610351562,28.59000015258789,28.59000015258789,328100
2021-08-30,28.649999618530273,28.81999969482422,28.389999389648438,28.440000534057617,28.440000534057617,156800
2021-08-31,28.540000915527344,29.399999618530273,28.520000457763672,28.84000015258789,28.84000015258789,457100
2021-09-01,29.110000610351562,29.8700008392334,29.06999969482422,29.3799991607666,29.3799991607666,306400
2021-09-02,29.65999984741211,30.850000381469727,29.579999923706055,30.780000686645508,30.780000686645508,375800
2021-09-03,30.670000076293945,30.829999923706055,30.200000762939453,30.389999389648438,30.389999389648438,200300
2021-09-07,30.31999969482422,30.510000228881836,30.09000015258789,30.190000534057617,30.190000534057617,223000
2021-09-08,30.139999389648438,31.079999923706055,30.09000015258789,30.329999923706055,30.329999923706055,215800
2021-09-09,30.329999923706055,31.100000381469727,30.329999923706055,30.540000915527344,30.540000915527344,301700
2021-09-10,30.700000762939453,30.93000030517578,30.239999771118164,30.309999465942383,30.309999465942383,211400
2021-09-13,30.530000686645508,30.979999542236328,30.31999969482422,30.56999969482422,30.56999969482422,199100
2021-09-14,30.579999923706055,30.739999771118164,30.229999542236328,30.329999923706055,30.329999923706055,194800
2021-09-15,30.540000915527344,30.690000534057617,30.149999618530273,30.559999465942383,30.559999465942383,174900
2021-09-16,30.469999313354492,30.510000228881836,29.280000686645508,29.299999237060547,29.299999237060547,229100
2021-09-17,29.299999237060547,29.559999465942383,28.75,28.790000915527344,28.790000915527344,207800
2021-09-20,28.170000076293945,28.43000030517578,27.690000534057617,28.260000228881836,28.260000228881836,192500
2021-09-21,28.3799991607666,28.549999237060547,28.030000686645508,28.280000686645508,28.280000686645508,159000
2021-09-22,28.280000686645508,28.8799991607666,28.239999771118164,28.68000030517578,28.68000030517578,130300
2021-09-23,28.979999542236328,29.190000534057617,28.90999984741211,29.079999923706055,29.079999923706055,108600
2021-09-24,28.920000076293945,29.34000015258789,28.639999389648438,29.270000457763672,29.270000457763672,85800
2021-09-27,29.5,30.219999313354492,29.239999771118164,30.200000762939453,30.200000762939453,348600
2021-09-28,30.0,30.0,29.530000686645508,29.809999465942383,29.809999465942383,184700
2021-09-29,29.889999389648438,30.079999923706055,29.360000610351562,29.469999313354492,29.469999313354492,218100
2021-09-30,29.479999542236328,30.510000228881836,29.479999542236328,29.8700008392334,29.8700008392334,215200
2021-10-01,30.030000686645508,30.25,29.700000762939453,30.06999969482422,30.06999969482422,162000
2021-10-04,29.989999771118164,30.149999618530273,29.049999237060547,29.56999969482422,29.56999969482422,206600
2021-10-05,29.6200008392334,29.719999313354492,29.34000015258789,29.389999389648438,29.389999389648438,138000
2021-10-06,28.989999771118164,29.149999618530273,28.520000457763672,29.049999237060547,29.049999237060547,122300
2021-10-07,29.15999984741211,29.639999389648438,29.149999618530273,29.579999923706055,29.579999923706055,177900
2021-10-08,29.739999771118164,30.700000762939453,29.729999542236328,30.280000686645508,30.280000686645508,416500
2021-10-11,30.3799991607666,30.3799991607666,30.079999923706055,30.239999771118164,30.239999771118164,53700
2021-10-12,30.260000228881836,30.579999923706055,30.219999313354492,30.299999237060547,30.299999237060547,268000
2021-10-13,30.270000457763672,30.56999969482422,30.09000015258789,30.479999542236328,30.479999542236328,89500
2021-10-14,30.90999984741211,30.979999542236328,30.600000381469727,30.75,30.75,85400
2021-10-15,30.829999923706055,31.459999084472656,30.790000915527344,31.309999465942383,31.309999465942383,415700
2021-10-18,31.09000015258789,31.09000015258789,30.110000610351562,30.700000762939453,30.700000762939453,155000
2021-10-19,30.799999237060547,30.799999237060547,30.209999084472656,30.299999237060547,30.299999237060547,122400
2021-10-20,30.219999313354492,30.690000534057617,30.170000076293945,30.440000534057617,30.440000534057617,130800
2021-10-21,30.389999389648438,30.690000534057617,30.270000457763672,30.440000534057617,30.440000534057617,112300
2021-10-22,30.459999084472656,30.65999984741211,30.1200008392334,30.299999237060547,30.299999237060547,81500
2021-10-25,30.3700008392334,31.040000915527344,30.139999389648438,30.780000686645508,30.780000686645508,216900
2021-10-26,31.010000228881836,31.040000915527344,30.329999923706055,30.350000381469727,30.350000381469727,145900
2021-10-27,30.309999465942383,30.5,29.829999923706055,29.84000015258789,29.84000015258789,209300
2021-10-28,30.110000610351562,30.540000915527344,29.549999237060547,30.3700008392334,30.3700008392334,251900
2021-10-29,30.309999465942383,30.389999389648438,30.040000915527344,30.3700008392334,30.3700008392334,182800
2021-11-01,30.43000030517578,30.729999542236328,30.260000228881836,30.719999313354492,30.719999313354492,109000
2021-11-02,30.579999923706055,31.209999084472656,30.40999984741211,30.700000762939453,30.700000762939453,132100
2021-11-03,30.56999969482422,31.18000030517578,30.56999969482422,31.139999389648438,31.139999389648438,126500
2021-11-04,31.170000076293945,31.399999618530273,31.030000686645508,31.299999237060547,31.299999237060547,82800
2021-11-05,31.399999618530273,33.68000030517578,31.399999618530273,33.40999984741211,33.40999984741211,397600
2021-11-08,33.2599983215332,33.90999984741211,33.029998779296875,33.65999984741211,33.65999984741211,265300
2021-11-09,33.619998931884766,34.09000015258789,33.47999954223633,34.04999923706055,34.04999923706055,135800
2021-11-10,33.900001525878906,34.189998626708984,33.13999938964844,33.34000015258789,33.34000015258789,149500
2021-11-11,32.86000061035156,33.0,29.649999618530273,29.799999237060547,29.799999237060547,600500
2021-11-12,29.969999313354492,29.979999542236328,29.049999237060547,29.809999465942383,29.809999465942383,355900
2021-11-15,30.0,30.0,28.989999771118164,29.350000381469727,29.350000381469727,377100
2021-11-16,29.200000762939453,29.360000610351562,28.479999542236328,29.1299991607666,29.1299991607666,271200
2021-11-17,28.989999771118164,28.989999771118164,28.280000686645508,28.3700008392334,28.3700008392334,323100
2021-11-18,28.56999969482422,28.6299991607666,28.170000076293945,28.299999237060547,28.299999237060547,354600
2021-11-19,28.110000610351562,28.219999313354492,27.75,27.860000610351562,27.860000610351562,297600
2021-11-22,28.010000228881836,28.010000228881836,27.110000610351562,27.110000610351562,27.110000610351562,246500
2021-11-23,27.170000076293945,27.190000534057617,26.559999465942383,26.979999542236328,26.979999542236328,517900
2021-11-24,26.670000076293945,26.8799991607666,26.239999771118164,26.639999389648438,26.639999389648438,346300
2021-11-26,25.260000228881836,25.420000076293945,24.149999618530273,24.81999969482422,24.81999969482422,653400
2021-11-29,25.290000915527344,25.670000076293945,24.600000381469727,24.729999542236328,24.729999542236328,500600
2021-11-30,24.31999969482422,24.940000534057617,23.790000915527344,24.06999969482422,24.06999969482422,550800
2021-12-01,24.719999313354492,24.719999313354492,23.530000686645508,23.540000915527344,23.540000915527344,607400
2021-12-02,23.65999984741211,24.5,23.559999465942383,24.290000915527344,24.290000915527344,753100
2021-12-03,24.1200008392334,24.219999313354492,23.110000610351562,23.200000762939453,23.200000762939453,665900
2021-12-06,23.450000762939453,24.170000076293945,23.239999771118164,24.09000015258789,24.09000015258789,397000
2021-12-07,24.530000686645508,25.5,24.5,24.899999618530273,24.899999618530273,467000
2021-12-08,25.030000686645508,25.09000015258789,24.43000030517578,24.649999618530273,24.649999618530273,351100
2021-12-09,24.3799991607666,24.479999542236328,24.079999923706055,24.229999542236328,24.229999542236328,220900
2021-12-10,24.489999771118164,24.510000228881836,23.81999969482422,23.920000076293945,23.920000076293945,236500
2021-12-13,23.799999237060547,23.799999237060547,23.030000686645508,23.440000534057617,23.440000534057617,211400
2021-12-14,23.399999618530273,23.899999618530273,23.280000686645508,23.31999969482422,23.31999969482422,245500
2021-12-15,23.290000915527344,23.709999084472656,22.799999237060547,23.65999984741211,23.65999984741211,286800
2021-12-16,23.850000381469727,24.079999923706055,23.469999313354492,23.489999771118164,23.489999771118164,321500
2021-12-17,23.329999923706055,24.520000457763672,23.270000457763672,24.09000015258789,24.09000015258789,491600
2021-12-20,23.450000762939453,23.760000228881836,23.139999389648438,23.56999969482422,23.56999969482422,443000
2021-12-21,23.639999389648438,25.18000030517578,23.549999237060547,24.93000030517578,24.93000030517578,778700
2021-12-22,24.75,25.540000915527344,24.75,25.510000228881836,25.510000228881836,326800
2021-12-23,25.760000228881836,25.799999237060547,25.290000915527344,25.34000015258789,25.34000015258789,197700
2021-12-27,25.309999465942383,25.719999313354492,25.010000228881836,25.260000228881836,25.260000228881836,94600
2021-12-28,25.170000076293945,25.420000076293945,25.1200008392334,25.200000762939453,25.200000762939453,82600
2021-12-29,25.079999923706055,25.420000076293945,24.969999313354492,24.989999771118164,24.989999771118164,419800
2021-12-30,25.0,25.15999984741211,24.760000228881836,24.760000228881836,24.760000228881836,217100
2021-12-31,24.739999771118164,25.329999923706055,24.700000762939453,25.239999771118164,25.239999771118164,179300
2022-01-03,25.329999923706055,25.860000610351562,25.299999237060547,25.770000457763672,25.770000457763672,134500
2022-01-04,25.75,26.450000762939453,25.719999313354492,25.8700008392334,25.8700008392334,400700
2022-01-05,25.770000457763672,26.229999542236328,25.020000457763672,25.020000457763672,25.020000457763672,277600
2022-01-06,25.239999771118164,25.3700008392334,24.520000457763672,25.260000228881836,25.260000228881836,206900
2022-01-07,25.299999237060547,25.610000610351562,25.15999984741211,25.5,25.5,151500
2022-01-10,25.239999771118164,25.399999618530273,24.68000030517578,25.290000915527344,25.290000915527344,195000
2022-01-11,25.219999313354492,26.149999618530273,25.110000610351562,26.110000610351562,26.110000610351562,177600
2022-01-12,26.229999542236328,26.549999237060547,26.229999542236328,26.3799991607666,26.3799991607666,157400
2022-01-13,26.6299991607666,27.0,26.25,26.690000534057617,26.690000534057617,315600
2022-01-14,26.43000030517578,26.690000534057617,26.030000686645508,26.399999618530273,26.399999618530273,205500
2022-01-18,26.31999969482422,26.6200008392334,26.079999923706055,26.5,26.5,263500
2022-01-19,26.530000686645508,26.530000686645508,25.450000762939453,25.530000686645508,25.530000686645508,336000
2022-01-20,25.709999084472656,25.709999084472656,24.850000381469727,24.8799991607666,24.8799991607666,294000
2022-01-21,24.649999618530273,24.81999969482422,24.170000076293945,24.549999237060547,24.549999237060547,358800
2022-01-24,23.940000534057617,24.5,23.299999237060547,24.489999771118164,24.489999771118164,304100
2022-01-25,24.06999969482422,24.639999389648438,23.649999618530273,24.399999618530273,24.399999618530273,295700
2022-01-26,24.739999771118164,25.25,24.290000915527344,24.420000076293945,24.420000076293945,232700
2022-01-27,24.360000610351562,24.56999969482422,23.709999084472656,23.760000228881836,23.760000228881836,322300
2022-01-28,23.649999618530273,23.899999618530273,23.079999923706055,23.889999389648438,23.889999389648438,187000
2022-01-31,23.829999923706055,25.350000381469727,23.829999923706055,25.25,25.25,287600
2022-02-01,25.219999313354492,25.829999923706055,25.100000381469727,25.809999465942383,25.809999465942383,222600
2022-02-02,25.700000762939453,26.110000610351562,25.559999465942383,25.969999313354492,25.969999313354492,413700
2022-02-03,25.690000534057617,25.780000686645508,24.860000610351562,24.8799991607666,24.8799991607666,226700
2022-02-04,24.6299991607666,25.079999923706055,24.360000610351562,24.899999618530273,24.899999618530273,204900
2022-02-07,24.989999771118164,25.389999389648438,24.739999771118164,24.829999923706055,24.829999923706055,188400
2022-02-08,24.540000915527344,25.829999923706055,24.440000534057617,25.600000381469727,25.600000381469727,220000
2022-02-09,25.8700008392334,26.299999237060547,25.860000610351562,26.040000915527344,26.040000915527344,278900
2022-02-10,25.649999618530273,26.31999969482422,25.600000381469727,25.709999084472656,25.709999084472656,176900
2022-02-11,25.1299991607666,26.190000534057617,24.559999465942383,24.799999237060547,24.799999237060547,472900
2022-02-14,24.729999542236328,25.25,24.600000381469727,24.979999542236328,24.979999542236328,317900
2022-02-15,25.709999084472656,26.760000228881836,25.610000610351562,26.709999084472656,26.709999084472656,397500
2022-02-16,26.510000228881836,26.6200008392334,25.979999542236328,26.420000076293945,26.420000076293945,317400
2022-02-17,26.149999618530273,26.399999618530273,25.790000915527344,25.790000915527344,25.790000915527344,578600
2022-02-18,25.8700008392334,25.989999771118164,25.3799991607666,25.440000534057617,25.440000534057617,253000
2022-02-22,25.25,25.34000015258789,24.81999969482422,24.940000534057617,24.940000534057617,258300
2022-02-23,25.25,25.43000030517578,24.510000228881836,24.549999237060547,24.549999237060547,203900
2022-02-24,23.700000762939453,25.09000015258789,23.559999465942383,24.989999771118164,24.989999771118164,536100
2022-02-25,25.229999542236328,26.229999542236328,24.989999771118164,26.149999618530273,26.149999618530273,633500
2022-02-28,25.889999389648438,27.18000030517578,25.84000015258789,26.760000228881836,26.760000228881836,522800
2022-03-01,26.610000610351562,27.3799991607666,26.440000534057617,27.139999389648438,27.139999389648438,522400
2022-03-02,27.420000076293945,27.969999313354492,27.360000610351562,27.739999771118164,27.739999771118164,418000
2022-03-03,27.81999969482422,27.81999969482422,27.209999084472656,27.239999771118164,27.239999771118164,194100
2022-03-04,26.969999313354492,26.969999313354492,26.290000915527344,26.5,26.5,198500
2022-03-07,26.520000457763672,26.799999237060547,24.100000381469727,24.149999618530273,24.149999618530273,758800
2022-03-08,24.329999923706055,24.450000762939453,22.600000381469727,23.40999984741211,23.40999984741211,680000
2022-03-09,23.84000015258789,25.959999084472656,23.84000015258789,25.899999618530273,25.899999618530273,778800
2022-03-10,25.31999969482422,26.1299991607666,25.200000762939453,25.479999542236328,25.479999542236328,234700
2022-03-11,25.81999969482422,25.81999969482422,24.25,24.260000228881836,24.260000228881836,375000
2022-03-14,24.40999984741211,24.40999984741211,23.209999084472656,23.350000381469727,23.350000381469727,238100
2022-03-15,23.709999084472656,23.90999984741211,23.239999771118164,23.780000686645508,23.780000686645508,286700
2022-03-16,24.15999984741211,24.3700008392334,23.229999542236328,24.040000915527344,24.040000915527344,431400
2022-03-17,23.8700008392334,24.229999542236328,23.719999313354492,24.229999542236328,24.229999542236328,239800
2022-03-18,24.18000030517578,25.75,24.18000030517578,25.6200008392334,25.6200008392334,296300
2022-03-21,25.450000762939453,25.829999923706055,25.1299991607666,25.690000534057617,25.690000534057617,226900
2022-03-22,25.780000686645508,26.290000915527344,25.719999313354492,26.200000762939453,26.200000762939453,247800
2022-03-23,26.09000015258789,26.09000015258789,25.3799991607666,25.389999389648438,25.389999389648438,203700
2022-03-24,25.450000762939453,25.690000534057617,25.110000610351562,25.510000228881836,25.510000228881836,389600
2022-03-25,25.59000015258789,25.59000015258789,25.06999969482422,25.459999084472656,25.459999084472656,177100
2022-03-28,25.389999389648438,25.43000030517578,25.020000457763672,25.389999389648438,25.389999389648438,190200
2022-03-29,25.770000457763672,26.399999618530273,25.770000457763672,26.260000228881836,26.260000228881836,594700
2022-03-30,26.309999465942383,26.309999465942383,25.8799991607666,26.170000076293945,26.170000076293945,442900
2022-03-31,26.280000686645508,26.690000534057617,26.049999237060547,26.079999923706055,26.079999923706055,298800
2022-04-01,26.329999923706055,26.3799991607666,25.829999923706055,26.209999084472656,26.209999084472656,336400
2022-04-04,26.229999542236328,27.5,26.229999542236328,27.450000762939453,27.450000762939453,400400
2022-04-05,27.540000915527344,27.950000762939453,26.530000686645508,26.559999465942383,26.559999465942383,226400
2022-04-06,26.15999984741211,26.299999237060547,25.549999237060547,25.739999771118164,25.739999771118164,506900
2022-04-07,25.649999618530273,26.18000030517578,25.3799991607666,26.059999465942383,26.059999465942383,134300
2022-04-08,26.1200008392334,26.1200008392334,25.610000610351562,25.93000030517578,25.93000030517578,215500
2022-04-11,25.75,25.75,25.030000686645508,25.079999923706055,25.079999923706055,174200
2022-04-12,25.31999969482422,25.59000015258789,25.1200008392334,25.43000030517578,25.43000030517578,158200
2022-04-13,25.479999542236328,26.440000534057617,25.479999542236328,26.31999969482422,26.31999969482422,142600
2022-04-14,26.469999313354492,26.93000030517578,26.459999084472656,26.6299991607666,26.6299991607666,143200
2022-04-18,26.350000381469727,26.479999542236328,25.81999969482422,26.049999237060547,26.049999237060547,134600
2022-04-19,26.030000686645508,27.31999969482422,26.010000228881836,27.280000686645508,27.280000686645508,146200
2022-04-20,27.6200008392334,27.84000015258789,27.200000762939453,27.239999771118164,27.239999771118164,120100
2022-04-21,27.549999237060547,27.81999969482422,26.399999618530273,26.520000457763672,26.520000457763672,337200
2022-04-22,26.350000381469727,26.459999084472656,25.65999984741211,25.700000762939453,25.700000762939453,161100
2022-04-25,25.440000534057617,26.649999618530273,25.110000610351562,26.549999237060547,26.549999237060547,333400
2022-04-26,26.389999389648438,26.459999084472656,25.270000457763672,25.510000228881836,25.510000228881836,257700
2022-04-27,25.530000686645508,26.030000686645508,25.440000534057617,25.799999237060547,25.799999237060547,241500
2022-04-28,25.959999084472656,26.489999771118164,25.40999984741211,26.239999771118164,26.239999771118164,164900
2022-04-29,25.979999542236328,26.520000457763672,23.639999389648438,23.780000686645508,23.780000686645508,2005600
2022-05-02,23.709999084472656,24.860000610351562,23.549999237060547,24.850000381469727,24.850000381469727,391100
2022-05-03,24.940000534057617,24.940000534057617,24.110000610351562,24.110000610351562,24.110000610351562,280500
2022-05-04,24.09000015258789,24.799999237060547,23.739999771118164,24.690000534057617,24.690000534057617,336500
2022-05-05,24.350000381469727,24.719999313354492,23.709999084472656,24.049999237060547,24.049999237060547,200300
2022-05-06,23.860000610351562,24.030000686645508,23.329999923706055,23.809999465942383,23.809999465942383,180700
2022-05-09,23.239999771118164,23.360000610351562,22.219999313354492,22.350000381469727,22.350000381469727,498800
2022-05-10,22.84000015258789,23.059999465942383,21.270000457763672,21.809999465942383,21.809999465942383,650600
2022-05-11,21.690000534057617,22.25,21.079999923706055,21.31999969482422,21.31999969482422,413000
2022-05-12,21.09000015258789,21.780000686645508,20.959999084472656,21.6299991607666,21.6299991607666,355600
2022-05-13,21.969999313354492,23.43000030517578,21.969999313354492,23.309999465942383,23.309999465942383,303900
2022-05-16,23.299999237060547,23.3799991607666,22.489999771118164,22.829999923706055,22.829999923706055,277600
2022-05-17,23.239999771118164,23.799999237060547,23.059999465942383,23.799999237060547,23.799999237060547,331300
2022-05-18,23.360000610351562,23.829999923706055,22.690000534057617,23.170000076293945,23.170000076293945,595700
2022-05-19,22.84000015258789,23.260000228881836,22.639999389648438,22.899999618530273,22.899999618530273,289200
2022-05-20,23.18000030517578,23.350000381469727,22.540000915527344,23.1299991607666,23.1299991607666,249900
2022-05-23,23.3799991607666,23.950000762939453,23.229999542236328,23.829999923706055,23.829999923706055,147300
2022-05-24,23.360000610351562,23.469999313354492,22.690000534057617,23.09000015258789,23.09000015258789,233300
2022-05-25,22.969999313354492,23.520000457763672,22.90999984741211,23.440000534057617,23.440000534057617,157000
2022-05-26,23.59000015258789,23.950000762939453,23.399999618530273,23.760000228881836,23.760000228881836,250800
2022-05-27,24.020000457763672,25.030000686645508,23.84000015258789,24.950000762939453,24.950000762939453,316200
2022-05-31,24.8700008392334,25.3799991607666,24.59000015258789,24.969999313354492,24.969999313354492,405600
2022-06-01,26.0,27.90999984741211,26.0,26.889999389648438,26.889999389648438,1018500
2022-06-02,26.84000015258789,27.719999313354492,26.84000015258789,27.3700008392334,27.3700008392334,315700
2022-06-03,26.950000762939453,27.239999771118164,26.770000457763672,26.93000030517578,26.93000030517578,178900
2022-06-06,27.709999084472656,27.770000457763672,26.969999313354492,27.020000457763672,27.020000457763672,216100
2022-06-07,26.639999389648438,26.959999084472656,26.399999618530273,26.8799991607666,26.8799991607666,299900
2022-06-08,26.65999984741211,26.739999771118164,25.969999313354492,26.360000610351562,26.360000610351562,325300
2022-06-09,26.219999313354492,26.219999313354492,25.610000610351562,25.729999542236328,25.729999542236328,243000
2022-06-10,25.030000686645508,25.209999084472656,24.34000015258789,24.43000030517578,24.43000030517578,269100
2022-06-13,23.43000030517578,24.610000610351562,23.43000030517578,24.260000228881836,24.260000228881836,389900
2022-06-14,24.399999618530273,24.399999618530273,23.6200008392334,23.75,23.75,260800
2022-06-15,24.040000915527344,24.09000015258789,23.260000228881836,23.65999984741211,23.65999984741211,295500
2022-06-16,22.90999984741211,23.049999237060547,22.290000915527344,22.329999923706055,22.329999923706055,343800
2022-06-17,22.360000610351562,23.0,22.309999465942383,22.799999237060547,22.799999237060547,259400
2022-06-21,23.440000534057617,23.75,23.280000686645508,23.559999465942383,23.559999465942383,214000
2022-06-22,23.149999618530273,23.450000762939453,22.81999969482422,23.190000534057617,23.190000534057617,223400
2022-06-23,23.59000015258789,24.299999237060547,23.530000686645508,24.190000534057617,24.190000534057617,332600
2022-06-24,24.270000457763672,24.989999771118164,24.270000457763672,24.950000762939453,24.950000762939453,199600
2022-06-27,25.079999923706055,25.079999923706055,24.40999984741211,24.899999618530273,24.899999618530273,167500
2022-06-28,25.09000015258789,25.43000030517578,24.65999984741211,24.690000534057617,24.690000534057617,263600
2022-06-29,24.829999923706055,24.829999923706055,24.040000915527344,24.1299991607666,24.1299991607666,260900
2022-06-30,23.790000915527344,24.68000030517578,23.479999542236328,24.6200008392334,24.6200008392334,213000
2022-07-01,24.510000228881836,24.84000015258789,24.229999542236328,24.799999237060547,24.799999237060547,81800
2022-07-05,24.290000915527344,24.549999237060547,23.979999542236328,24.530000686645508,24.530000686645508,194400
2022-07-06,24.559999465942383,24.700000762939453,23.899999618530273,24.260000228881836,24.260000228881836,151700
2022-07-07,24.510000228881836,25.079999923706055,24.350000381469727,25.030000686645508,25.030000686645508,154900
2022-07-08,25.0,25.1200008392334,24.559999465942383,24.690000534057617,24.690000534057617,197600
2022-07-11,24.43000030517578,24.5,24.010000228881836,24.43000030517578,24.43000030517578,155200
2022-07-12,24.34000015258789,24.75,24.270000457763672,24.440000534057617,24.440000534057617,134000
2022-07-13,24.09000015258789,24.09000015258789,23.420000076293945,23.780000686645508,23.780000686645508,196700
2022-07-14,23.3799991607666,23.770000457763672,23.020000457763672,23.579999923706055,23.579999923706055,132600
2022-07-15,23.969999313354492,24.100000381469727,23.639999389648438,24.040000915527344,24.040000915527344,148400
2022-07-18,24.40999984741211,25.25,24.40999984741211,25.219999313354492,25.219999313354492,257600
2022-07-19,25.469999313354492,26.219999313354492,25.469999313354492,26.200000762939453,26.200000762939453,184900
2022-07-20,26.09000015258789,26.09000015258789,25.489999771118164,25.979999542236328,25.979999542236328,214700
2022-07-21,25.809999465942383,26.040000915527344,25.600000381469727,26.040000915527344,26.040000915527344,107300
2022-07-22,26.15999984741211,26.200000762939453,25.489999771118164,25.6299991607666,25.6299991607666,99000
2022-07-25,25.799999237060547,26.1200008392334,25.549999237060547,26.1200008392334,26.1200008392334,122700
2022-07-26,26.139999389648438,26.139999389648438,25.09000015258789,25.229999542236328,25.229999542236328,211500
2022-07-27,25.610000610351562,25.829999923706055,25.299999237060547,25.600000381469727,25.600000381469727,180600
2022-07-28,25.739999771118164,25.84000015258789,25.3700008392334,25.760000228881836,25.760000228881836,260200
2022-07-29,25.719999313354492,26.520000457763672,25.610000610351562,26.479999542236328,26.479999542236328,155400
2022-08-01,26.350000381469727,26.899999618530273,26.299999237060547,26.760000228881836,26.760000228881836,138600
2022-08-02,26.3700008392334,26.459999084472656,25.8799991607666,26.209999084472656,26.209999084472656,251200
2022-08-03,26.479999542236328,26.780000686645508,26.219999313354492,26.59000015258789,26.59000015258789,217100
2022-08-04,26.610000610351562,27.06999969482422,26.579999923706055,26.719999313354492,26.719999313354492,134200
2022-08-05,26.309999465942383,26.799999237060547,26.219999313354492,26.739999771118164,26.739999771118164,99600
2022-08-08,26.719999313354492,26.90999984741211,26.0,26.170000076293945,26.170000076293945,259500
2022-08-09,26.18000030517578,26.18000030517578,25.639999389648438,25.799999237060547,25.799999237060547,159300
2022-08-10,24.610000610351562,25.0,21.43000030517578,21.479999542236328,21.479999542236328,992200
2022-08-11,21.809999465942383,21.8799991607666,20.010000228881836,20.860000610351562,20.860000610351562,1067200
2022-08-12,20.920000076293945,21.770000457763672,20.579999923706055,21.579999923706055,21.579999923706055,690000
2022-08-15,21.31999969482422,21.489999771118164,21.190000534057617,21.239999771118164,21.239999771118164,328000
2022-08-16,21.239999771118164,21.25,20.889999389648438,20.899999618530273,20.899999618530273,494300
2022-08-17,20.760000228881836,20.860000610351562,20.40999984741211,20.579999923706055,20.579999923706055,407200
2022-08-18,20.649999618530273,20.649999618530273,20.31999969482422,20.3799991607666,20.3799991607666,225600
2022-08-19,20.34000015258789,20.34000015258789,19.850000381469727,20.110000610351562,20.110000610351562,328400
2022-08-22,19.8799991607666,19.8799991607666,19.329999923706055,19.540000915527344,19.540000915527344,366900
2022-08-23,19.489999771118164,19.780000686645508,19.360000610351562,19.56999969482422,19.56999969482422,226200
2022-08-24,19.440000534057617,19.989999771118164,19.440000534057617,19.950000762939453,19.950000762939453,284400
2022-08-25,20.110000610351562,20.549999237060547,19.950000762939453,20.520000457763672,20.520000457763672,358200
2022-08-26,20.510000228881836,20.6299991607666,19.15999984741211,19.200000762939453,19.200000762939453,430900
2022-08-29,18.93000030517578,19.1299991607666,18.739999771118164,19.020000457763672,19.020000457763672,297300
2022-08-30,19.18000030517578,19.260000228881836,18.440000534057617,18.540000915527344,18.540000915527344,602100
2022-08-31,18.559999465942383,18.6299991607666,18.209999084472656,18.260000228881836,18.260000228881836,395500
2022-09-01,18.079999923706055,18.079999923706055,17.40999984741211,17.68000030517578,17.68000030517578,498300
2022-09-02,17.940000534057617,18.020000457763672,17.6200008392334,17.75,17.75,288300
2022-09-06,17.84000015258789,17.8799991607666,17.530000686645508,17.649999618530273,17.649999618530273,502800
2022-09-07,17.559999465942383,17.969999313354492,17.389999389648438,17.940000534057617,17.940000534057617,309600
2022-09-08,17.829999923706055,18.459999084472656,17.670000076293945,18.420000076293945,18.420000076293945,606100
2022-09-09,18.579999923706055,19.010000228881836,18.579999923706055,18.84000015258789,18.84000015258789,565400
2022-09-12,18.989999771118164,19.079999923706055,18.520000457763672,18.719999313354492,18.719999313354492,523200
2022-09-13,18.200000762939453,18.350000381469727,17.700000762939453,17.90999984741211,17.90999984741211,408300
2022-09-14,17.860000610351562,18.06999969482422,17.709999084472656,17.84000015258789,17.84000015258789,302300
2022-09-15,17.729999542236328,17.920000076293945,17.540000915527344,17.56999969482422,17.56999969482422,420100
2022-09-16,17.3700008392334,17.5,17.219999313354492,17.469999313354492,17.469999313354492,454500
2022-09-19,17.25,17.709999084472656,17.25,17.579999923706055,17.579999923706055,255300
2022-09-20,17.389999389648438,17.420000076293945,17.200000762939453,17.239999771118164,17.239999771118164,244900
2022-09-21,17.360000610351562,17.3700008392334,16.709999084472656,16.709999084472656,16.709999084472656,344300
2022-09-22,16.65999984741211,16.729999542236328,16.40999984741211,16.459999084472656,16.459999084472656,303600
2022-09-23,16.09000015258789,16.200000762939453,15.449999809265137,15.5600004196167,15.5600004196167,413200
2022-09-26,15.5,15.779999732971191,15.229999542236328,15.5,15.5,397800
2022-09-27,15.699999809265137,16.149999618530273,15.609999656677246,15.859999656677246,15.859999656677246,394100
2022-09-28,15.850000381469727,16.290000915527344,15.8100004196167,16.229999542236328,16.229999542236328,438200
2022-09-29,16.010000228881836,16.010000228881836,15.470000267028809,15.760000228881836,15.760000228881836,631400
2022-09-30,15.6899995803833,15.8100004196167,15.3100004196167,15.329999923706055,15.329999923706055,264200
2022-10-03,15.59000015258789,15.930000305175781,15.239999771118164,15.880000114440918,15.880000114440918,382400
2022-10-04,16.260000228881836,17.040000915527344,16.25,16.8799991607666,16.8799991607666,464800
2022-10-05,16.540000915527344,16.959999084472656,16.540000915527344,16.81999969482422,16.81999969482422,453800
2022-10-06,16.81999969482422,16.940000534057617,16.479999542236328,16.6200008392334,16.6200008392334,419200
2022-10-07,16.440000534057617,16.459999084472656,16.15999984741211,16.3700008392334,16.3700008392334,453900
2022-10-10,16.530000686645508,16.690000534057617,16.260000228881836,16.280000686645508,16.280000686645508,204400
2022-10-11,16.170000076293945,16.829999923706055,15.9399995803833,16.239999771118164,16.239999771118164,465900
2022-10-12,16.09000015258789,16.31999969482422,15.979999542236328,16.260000228881836,16.260000228881836,295700
2022-10-13,15.869999885559082,16.969999313354492,15.770000457763672,16.84000015258789,16.84000015258789,668300
2022-10-14,17.100000381469727,17.110000610351562,16.350000381469727,16.3700008392334,16.3700008392334,467200
2022-10-17,16.670000076293945,17.139999389648438,16.6200008392334,17.020000457763672,17.020000457763672,506100
2022-10-18,17.389999389648438,17.649999618530273,17.110000610351562,17.25,17.25,424800
2022-10-19,17.079999923706055,17.219999313354492,16.860000610351562,17.15999984741211,17.15999984741211,334000
2022-10-20,17.280000686645508,17.489999771118164,17.0,17.030000686645508,17.030000686645508,321200
2022-10-21,17.030000686645508,17.68000030517578,16.979999542236328,17.639999389648438,17.639999389648438,334300
2022-10-24,17.649999618530273,17.81999969482422,17.40999984741211,17.790000915527344,17.790000915527344,469100
2022-10-25,17.84000015258789,18.399999618530273,17.790000915527344,18.3799991607666,18.3799991607666,543800
2022-10-26,18.34000015258789,19.190000534057617,18.239999771118164,18.709999084472656,18.709999084472656,467100
2022-10-27,18.709999084472656,19.190000534057617,18.700000762939453,19.149999618530273,19.149999618530273,383300
2022-10-28,19.149999618530273,19.149999618530273,18.889999389648438,19.09000015258789,19.09000015258789,288600
2022-10-31,18.920000076293945,19.170000076293945,18.8799991607666,19.09000015258789,19.09000015258789,207500
2022-11-01,19.31999969482422,19.43000030517578,18.450000762939453,18.510000228881836,18.510000228881836,379200
2022-11-02,18.510000228881836,18.610000610351562,17.649999618530273,17.68000030517578,17.68000030517578,373600
2022-11-03,17.459999084472656,17.920000076293945,17.3700008392334,17.649999618530273,17.649999618530273,270200
2022-11-04,18.040000915527344,18.139999389648438,17.6200008392334,18.040000915527344,18.040000915527344,233200
2022-11-07,18.06999969482422,18.100000381469727,17.6299991607666,17.940000534057617,17.940000534057617,325000
2022-11-08,17.90999984741211,18.389999389648438,17.860000610351562,18.219999313354492,18.219999313354492,208600
2022-11-09,18.149999618530273,18.149999618530273,17.65999984741211,17.770000457763672,17.770000457763672,422600
2022-11-10,18.799999237060547,21.450000762939453,18.709999084472656,21.350000381469727,21.350000381469727,1050400
2022-11-11,21.489999771118164,21.969999313354492,20.950000762939453,21.760000228881836,21.760000228881836,526700
2022-11-14,21.459999084472656,22.010000228881836,21.100000381469727,21.739999771118164,21.739999771118164,414200
2022-11-15,22.049999237060547,22.68000030517578,21.729999542236328,21.959999084472656,21.959999084472656,435700
2022-11-16,21.809999465942383,22.06999969482422,21.440000534057617,21.459999084472656,21.459999084472656,462900
2022-11-17,21.079999923706055,21.600000381469727,20.93000030517578,21.350000381469727,21.350000381469727,273900
2022-11-18,21.56999969482422,21.56999969482422,21.100000381469727,21.25,21.25,252800
2022-11-21,21.040000915527344,21.389999389648438,20.829999923706055,21.280000686645508,21.280000686645508,272300
2022-11-22,21.459999084472656,21.540000915527344,21.18000030517578,21.489999771118164,21.489999771118164,403500
2022-11-23,21.440000534057617,21.8799991607666,21.440000534057617,21.59000015258789,21.59000015258789,160600
2022-11-25,21.68000030517578,21.770000457763672,21.469999313354492,21.719999313354492,21.719999313354492,57700
2022-11-28,21.479999542236328,21.809999465942383,21.280000686645508,21.290000915527344,21.290000915527344,205500
2022-11-29,21.3700008392334,21.440000534057617,21.100000381469727,21.1299991607666,21.1299991607666,222300
2022-11-30,21.389999389648438,21.719999313354492,20.969999313354492,21.559999465942383,21.559999465942383,302500
2022-12-01,21.579999923706055,21.729999542236328,21.3799991607666,21.65999984741211,21.65999984741211,175900
2022-12-02,21.270000457763672,21.43000030517578,20.8700008392334,20.959999084472656,20.959999084472656,332800
2022-12-05,20.809999465942383,21.170000076293945,20.690000534057617,20.920000076293945,20.920000076293945,196600
2022-12-06,21.020000457763672,21.059999465942383,20.59000015258789,20.6200008392334,20.6200008392334,177000
2022-12-07,20.59000015258789,20.65999984741211,20.299999237060547,20.350000381469727,20.350000381469727,206900
2022-12-08,20.450000762939453,20.729999542236328,20.31999969482422,20.520000457763672,20.520000457763672,351300
2022-12-09,20.40999984741211,20.65999984741211,20.329999923706055,20.3700008392334,20.3700008392334,129400
2022-12-12,21.149999618530273,21.56999969482422,20.829999923706055,20.93000030517578,20.93000030517578,441300
2022-12-13,21.489999771118164,21.690000534057617,20.649999618530273,20.780000686645508,20.780000686645508,250700
2022-12-14,20.780000686645508,21.1200008392334,20.559999465942383,20.81999969482422,20.81999969482422,264200
2022-12-15,20.530000686645508,20.75,20.229999542236328,20.389999389648438,20.389999389648438,218000
2022-12-16,20.280000686645508,20.479999542236328,19.3799991607666,19.40999984741211,19.40999984741211,285700
2022-12-19,19.489999771118164,19.790000915527344,19.399999618530273,19.5,19.5,200100
2022-12-20,19.399999618530273,19.59000015258789,19.229999542236328,19.260000228881836,19.260000228881836,184200
2022-12-21,19.389999389648438,19.639999389648438,19.350000381469727,19.579999923706055,19.579999923706055,342900
2022-12-22,19.389999389648438,19.540000915527344,18.75,19.100000381469727,19.100000381469727,351500
2022-12-23,19.100000381469727,19.149999618530273,18.899999618530273,19.100000381469727,19.100000381469727,115000
2022-12-27,19.100000381469727,19.15999984741211,18.93000030517578,19.149999618530273,19.149999618530273,85900
2022-12-28,18.950000762939453,19.260000228881836,18.739999771118164,18.780000686645508,18.780000686645508,159200
2022-12-29,18.93000030517578,19.450000762939453,18.809999465942383,19.3700008392334,19.3700008392334,165600
2022-12-30,19.170000076293945,19.639999389648438,19.170000076293945,19.34000015258789,19.34000015258789,285700
2023-01-03,19.540000915527344,19.770000457763672,19.229999542236328,19.459999084472656,19.459999084472656,229700
2023-01-04,19.700000762939453,19.989999771118164,19.690000534057617,19.950000762939453,19.950000762939453,177400
2023-01-05,19.719999313354492,19.760000228881836,19.389999389648438,19.559999465942383,19.559999465942383,102200
2023-01-06,19.649999618530273,20.0,19.329999923706055,19.940000534057617,19.940000534057617,154000
2023-01-09,20.190000534057617,20.670000076293945,20.110000610351562,20.200000762939453,20.200000762939453,234400
2023-01-10,20.06999969482422,20.489999771118164,19.989999771118164,20.469999313354492,20.469999313354492,228900
2023-01-11,20.540000915527344,20.639999389648438,20.399999618530273,20.600000381469727,20.600000381469727,154000
2023-01-12,20.739999771118164,21.520000457763672,20.649999618530273,21.510000228881836,21.510000228881836,256200
2023-01-13,21.229999542236328,21.649999618530273,21.110000610351562,21.110000610351562,21.110000610351562,245800
2023-01-17,21.219999313354492,21.520000457763672,21.0,21.459999084472656,21.459999084472656,248500
2023-01-18,21.5,21.850000381469727,21.139999389648438,21.149999618530273,21.149999618530273,319500
2023-01-19,21.06999969482422,21.260000228881836,20.799999237060547,20.989999771118164,20.989999771118164,130900
2023-01-20,20.920000076293945,21.31999969482422,20.809999465942383,21.239999771118164,21.239999771118164,113300
2023-01-23,21.31999969482422,21.809999465942383,21.18000030517578,21.809999465942383,21.809999465942383,218400
2023-01-24,21.700000762939453,21.889999389648438,21.6200008392334,21.739999771118164,21.739999771118164,121100
2023-01-25,21.43000030517578,22.049999237060547,21.420000076293945,21.959999084472656,21.959999084472656,157200
2023-01-26,22.239999771118164,22.329999923706055,21.959999084472656,22.15999984741211,22.15999984741211,109700
2023-01-27,21.940000534057617,22.489999771118164,21.940000534057617,22.34000015258789,22.34000015258789,155700
2023-01-30,22.110000610351562,22.3700008392334,21.989999771118164,22.079999923706055,22.079999923706055,139600
2023-01-31,22.190000534057617,22.610000610351562,21.950000762939453,22.600000381469727,22.600000381469727,192400
2023-02-01,22.479999542236328,22.84000015258789,22.15999984741211,22.709999084472656,22.709999084472656,397900
2023-02-02,22.850000381469727,23.290000915527344,22.729999542236328,23.06999969482422,23.06999969482422,269700
2023-02-03,22.649999618530273,23.239999771118164,22.530000686645508,22.610000610351562,22.610000610351562,153200
2023-02-06,22.40999984741211,22.5,22.229999542236328,22.350000381469727,22.350000381469727,106400
2023-02-07,22.350000381469727,22.549999237060547,22.09000015258789,22.469999313354492,22.469999313354492,175200
2023-02-08,22.360000610351562,22.610000610351562,22.229999542236328,22.469999313354492,22.469999313354492,129600
2023-02-09,22.780000686645508,23.040000915527344,21.979999542236328,22.030000686645508,22.030000686645508,253100
2023-02-10,22.059999465942383,22.209999084472656,21.790000915527344,22.059999465942383,22.059999465942383,92800
2023-02-13,22.15999984741211,22.68000030517578,21.790000915527344,22.6200008392334,22.6200008392334,194200
2023-02-14,23.059999465942383,24.1200008392334,22.899999618530273,23.760000228881836,23.760000228881836,697900
2023-02-15,23.530000686645508,23.549999237060547,22.969999313354492,23.350000381469727,23.350000381469727,348600
2023-02-16,23.239999771118164,23.799999237060547,23.010000228881836,23.59000015258789,23.59000015258789,499600
2023-02-17,23.559999465942383,23.700000762939453,23.1200008392334,23.329999923706055,23.329999923706055,257800
2023-02-21,23.1299991607666,23.25,22.469999313354492,22.610000610351562,22.610000610351562,243000
2023-02-22,22.549999237060547,22.969999313354492,22.350000381469727,22.829999923706055,22.829999923706055,189200
2023-02-23,22.93000030517578,23.030000686645508,22.3700008392334,22.770000457763672,22.770000457763672,183300
2023-02-24,22.31999969482422,22.5,22.139999389648438,22.479999542236328,22.479999542236328,190900
2023-02-27,22.690000534057617,22.889999389648438,22.5,22.610000610351562,22.610000610351562,109100
2023-02-28,22.520000457763672,22.770000457763672,22.479999542236328,22.579999923706055,22.579999923706055,196600
2023-03-01,22.610000610351562,22.8799991607666,22.469999313354492,22.68000030517578,22.68000030517578,130300
2023-03-02,22.43000030517578,22.65999984741211,22.3799991607666,22.600000381469727,22.600000381469727,144100
2023-03-03,22.559999465942383,23.1200008392334,22.549999237060547,23.100000381469727,23.100000381469727,92600
2023-03-06,23.18000030517578,23.18000030517578,22.719999313354492,22.809999465942383,22.809999465942383,108000
2023-03-07,22.850000381469727,22.93000030517578,22.3700008392334,22.420000076293945,22.420000076293945,110700
2023-03-08,22.469999313354492,22.59000015258789,22.190000534057617,22.350000381469727,22.350000381469727,117400
2023-03-09,22.399999618530273,22.469999313354492,21.90999984741211,21.950000762939453,21.950000762939453,103800
2023-03-10,21.899999618530273,22.020000457763672,21.360000610351562,21.559999465942383,21.559999465942383,159200
2023-03-13,21.200000762939453,21.700000762939453,21.09000015258789,21.469999313354492,21.469999313354492,141300
2023-03-14,21.760000228881836,21.959999084472656,21.469999313354492,21.760000228881836,21.760000228881836,119700
2023-03-15,21.219999313354492,21.219999313354492,20.299999237060547,20.780000686645508,20.780000686645508,217500
2023-03-16,20.610000610351562,21.139999389648438,20.3799991607666,21.110000610351562,21.110000610351562,199100
2023-03-17,20.950000762939453,20.950000762939453,20.40999984741211,20.579999923706055,20.579999923706055,161800
2023-03-20,20.579999923706055,20.829999923706055,20.489999771118164,20.6200008392334,20.6200008392334,201300
2023-03-21,20.93000030517578,21.170000076293945,20.899999618530273,21.100000381469727,21.100000381469727,95900
2023-03-22,21.1299991607666,21.489999771118164,20.940000534057617,20.950000762939453,20.950000762939453,175000
2023-03-23,21.049999237060547,21.709999084472656,21.049999237060547,21.329999923706055,21.329999923706055,236900
2023-03-24,21.079999923706055,21.1200008392334,20.700000762939453,21.100000381469727,21.100000381469727,126200
2023-03-27,21.190000534057617,21.34000015258789,21.139999389648438,21.309999465942383,21.309999465942383,153200
2023-03-28,21.360000610351562,21.600000381469727,21.209999084472656,21.290000915527344,21.290000915527344,227700
2023-03-29,21.479999542236328,21.6299991607666,21.399999618530273,21.6299991607666,21.6299991607666,131000
2023-03-30,21.75,22.329999923706055,21.639999389648438,22.329999923706055,22.329999923706055,161700
2023-03-31,22.489999771118164,22.670000076293945,22.270000457763672,22.6299991607666,22.6299991607666,233900
2023-04-03,22.649999618530273,23.049999237060547,22.649999618530273,23.020000457763672,23.020000457763672,203200
2023-04-04,23.049999237060547,23.719999313354492,22.690000534057617,23.06999969482422,23.06999969482422,261300
2023-04-05,23.020000457763672,23.34000015258789,22.920000076293945,23.040000915527344,23.040000915527344,256700
2023-04-06,23.049999237060547,23.639999389648438,22.610000610351562,23.299999237060547,23.299999237060547,222400
2023-04-10,23.139999389648438,23.860000610351562,23.139999389648438,23.84000015258789,23.84000015258789,142200
2023-04-11,24.040000915527344,24.1299991607666,23.639999389648438,24.049999237060547,24.049999237060547,131500
2023-04-12,24.190000534057617,24.31999969482422,23.889999389648438,23.989999771118164,23.989999771118164,136800
2023-04-13,24.15999984741211,24.309999465942383,23.729999542236328,24.09000015258789,24.09000015258789,143000
2023-04-14,24.0,24.09000015258789,23.360000610351562,23.540000915527344,23.540000915527344,119700
2023-04-17,23.5,23.950000762939453,23.469999313354492,23.93000030517578,23.93000030517578,107600
2023-04-18,23.959999084472656,24.1299991607666,23.770000457763672,23.850000381469727,23.850000381469727,94000
2023-04-19,23.65999984741211,23.81999969482422,23.420000076293945,23.56999969482422,23.56999969482422,110500
2023-04-20,23.34000015258789,23.610000610351562,23.219999313354492,23.309999465942383,23.309999465942383,166000
2023-04-21,23.270000457763672,23.510000228881836,22.93000030517578,23.079999923706055,23.079999923706055,219900
2023-04-24,23.1200008392334,23.139999389648438,22.770000457763672,22.889999389648438,22.889999389648438,84500
2023-04-25,22.700000762939453,22.809999465942383,22.450000762939453,22.540000915527344,22.540000915527344,109600
2023-04-26,22.440000534057617,22.489999771118164,22.25,22.299999237060547,22.299999237060547,78200
2023-04-27,22.399999618530273,22.649999618530273,22.299999237060547,22.59000015258789,22.59000015258789,124600
2023-04-28,22.459999084472656,22.579999923706055,22.40999984741211,22.520000457763672,22.520000457763672,134500
2023-05-01,22.420000076293945,22.889999389648438,22.420000076293945,22.549999237060547,22.549999237060547,117200
2023-05-02,22.469999313354492,22.530000686645508,21.75,22.049999237060547,22.049999237060547,138900
2023-05-03,22.1299991607666,22.5,22.1299991607666,22.229999542236328,22.229999542236328,151500
2023-05-04,22.15999984741211,22.219999313354492,21.459999084472656,21.700000762939453,21.700000762939453,388900
2023-05-05,21.989999771118164,22.200000762939453,21.850000381469727,22.09000015258789,22.09000015258789,102100
2023-05-08,22.149999618530273,22.290000915527344,22.0,22.25,22.25,159900
2023-05-09,22.110000610351562,22.200000762939453,21.969999313354492,22.1200008392334,22.1200008392334,98500
2023-05-10,22.209999084472656,22.229999542236328,21.780000686645508,21.979999542236328,21.979999542236328,114200
2023-05-11,21.790000915527344,21.829999923706055,21.479999542236328,21.56999969482422,21.56999969482422,148700
2023-05-12,21.56999969482422,21.940000534057617,21.34000015258789,21.5,21.5,112600
2023-05-15,21.5,21.969999313354492,21.5,21.81999969482422,21.81999969482422,127900
2023-05-16,21.75,22.0,21.530000686645508,21.6299991607666,21.6299991607666,137800
2023-05-17,21.690000534057617,22.1200008392334,21.690000534057617,22.040000915527344,22.040000915527344,118000
2023-05-18,21.920000076293945,22.06999969482422,21.84000015258789,22.010000228881836,22.010000228881836,167100
2023-05-19,22.190000534057617,22.469999313354492,22.190000534057617,22.299999237060547,22.299999237060547,109800
2023-05-22,22.299999237060547,22.610000610351562,22.280000686645508,22.510000228881836,22.510000228881836,92800
2023-05-23,22.3799991607666,22.510000228881836,21.709999084472656,21.790000915527344,21.790000915527344,123600
2023-05-24,21.670000076293945,21.670000076293945,21.3799991607666,21.489999771118164,21.489999771118164,114600
2023-05-25,21.450000762939453,21.729999542236328,21.309999465942383,21.610000610351562,21.610000610351562,89700
2023-05-26,21.610000610351562,22.219999313354492,21.610000610351562,22.049999237060547,22.049999237060547,122700
2023-05-30,22.1200008392334,22.209999084472656,21.93000030517578,22.010000228881836,22.010000228881836,127300
2023-05-31,22.850000381469727,22.850000381469727,20.190000534057617,20.479999542236328,20.479999542236328,578900
2023-06-01,20.440000534057617,20.729999542236328,20.270000457763672,20.639999389648438,20.639999389648438,795500
2023-06-02,20.940000534057617,21.690000534057617,20.760000228881836,21.440000534057617,21.440000534057617,839400
2023-06-05,21.450000762939453,21.600000381469727,21.229999542236328,21.5,21.5,588500
2023-06-06,21.40999984741211,21.829999923706055,21.399999618530273,21.649999618530273,21.649999618530273,802600
2023-06-07,21.770000457763672,21.81999969482422,21.229999542236328,21.3700008392334,21.3700008392334,244700
2023-06-08,21.420000076293945,21.489999771118164,20.8700008392334,20.899999618530273,20.899999618530273,160100
2023-06-09,20.959999084472656,21.149999618530273,20.829999923706055,20.84000015258789,20.84000015258789,150400
2023-06-12,20.959999084472656,20.959999084472656,20.6299991607666,20.729999542236328,20.729999542236328,150600
2023-06-13,20.8799991607666,21.299999237060547,20.8799991607666,20.940000534057617,20.940000534057617,164900
2023-06-14,20.989999771118164,21.15999984741211,20.68000030517578,20.770000457763672,20.770000457763672,171600
2023-06-15,20.81999969482422,21.3700008392334,20.739999771118164,21.229999542236328,21.229999542236328,208800
2023-06-16,21.389999389648438,21.860000610351562,21.290000915527344,21.530000686645508,21.530000686645508,261100
2023-06-20,21.420000076293945,21.770000457763672,21.239999771118164,21.75,21.75,190400
2023-06-21,21.75,22.1299991607666,21.530000686645508,22.030000686645508,22.030000686645508,247200
2023-06-22,21.969999313354492,22.25,21.850000381469727,22.040000915527344,22.040000915527344,175200
2023-06-23,21.729999542236328,21.729999542236328,21.059999465942383,21.239999771118164,21.239999771118164,214800
2023-06-26,21.239999771118164,21.40999984741211,21.170000076293945,21.299999237060547,21.299999237060547,137400
2023-06-27,21.31999969482422,21.420000076293945,21.18000030517578,21.3799991607666,21.3799991607666,226000
2023-06-28,21.3799991607666,21.5,21.190000534057617,21.479999542236328,21.479999542236328,135300
2023-06-29,21.579999923706055,21.760000228881836,21.450000762939453,21.68000030517578,21.68000030517578,439200
2023-06-30,21.920000076293945,22.469999313354492,21.8700008392334,22.3799991607666,22.3799991607666,392300
2023-07-03,22.34000015258789,22.489999771118164,22.239999771118164,22.290000915527344,22.290000915527344,28100
2023-07-05,22.25,22.559999465942383,22.110000610351562,22.520000457763672,22.520000457763672,141200
2023-07-06,22.260000228881836,22.260000228881836,21.5,21.56999969482422,21.56999969482422,150900
2023-07-07,21.610000610351562,21.799999237060547,21.600000381469727,21.729999542236328,21.729999542236328,121000
2023-07-10,21.770000457763672,21.770000457763672,21.459999084472656,21.600000381469727,21.600000381469727,76600
2023-07-11,21.729999542236328,21.979999542236328,21.59000015258789,21.979999542236328,21.979999542236328,119500
2023-07-12,22.239999771118164,22.329999923706055,21.959999084472656,22.1200008392334,22.1200008392334,84500
2023-07-13,22.290000915527344,22.469999313354492,22.139999389648438,22.260000228881836,22.260000228881836,91800
2023-07-14,22.350000381469727,22.350000381469727,21.920000076293945,22.0,22.0,71800
2023-07-17,22.0,22.030000686645508,21.850000381469727,21.8799991607666,21.8799991607666,107600
2023-07-18,21.920000076293945,22.25,21.889999389648438,22.239999771118164,22.239999771118164,143300
2023-07-19,22.200000762939453,22.3799991607666,21.940000534057617,22.100000381469727,22.100000381469727,82900
2023-07-20,22.100000381469727,22.100000381469727,21.559999465942383,21.65999984741211,21.65999984741211,111600
2023-07-21,21.690000534057617,21.950000762939453,21.549999237060547,21.8799991607666,21.8799991607666,113300
2023-07-24,21.93000030517578,21.950000762939453,21.770000457763672,21.8799991607666,21.8799991607666,83300
2023-07-25,21.790000915527344,22.40999984741211,21.790000915527344,22.350000381469727,22.350000381469727,143900
2023-07-26,22.270000457763672,22.420000076293945,22.09000015258789,22.309999465942383,22.309999465942383,141200
2023-07-27,22.510000228881836,22.510000228881836,21.860000610351562,21.899999618530273,21.899999618530273,188600
2023-07-28,22.110000610351562,22.350000381469727,22.079999923706055,22.239999771118164,22.239999771118164,163300
2023-07-31,22.399999618530273,22.8700008392334,22.290000915527344,22.850000381469727,22.850000381469727,147900
2023-08-01,22.760000228881836,22.959999084472656,22.479999542236328,22.729999542236328,22.729999542236328,137300
2023-08-02,22.520000457763672,22.520000457763672,21.940000534057617,22.360000610351562,22.360000610351562,270600
2023-08-03,22.170000076293945,22.600000381469727,21.920000076293945,22.420000076293945,22.420000076293945,488700
2023-08-04,22.399999618530273,22.8700008392334,22.239999771118164,22.270000457763672,22.270000457763672,194500
2023-08-07,22.290000915527344,22.770000457763672,22.270000457763672,22.649999618530273,22.649999618530273,97900
2023-08-08,22.329999923706055,22.3700008392334,21.809999465942383,22.079999923706055,22.079999923706055,238900
2023-08-09,22.5,24.1200008392334,22.3700008392334,23.84000015258789,23.84000015258789,474000
2023-08-10,24.100000381469727,24.280000686645508,23.239999771118164,23.3799991607666,23.3799991607666,317800
2023-08-11,23.3700008392334,24.1200008392334,23.309999465942383,23.520000457763672,23.520000457763672,331300
2023-08-14,23.450000762939453,23.709999084472656,23.3799991607666,23.59000015258789,23.59000015258789,239100
2023-08-15,23.510000228881836,23.510000228881836,22.639999389648438,23.18000030517578,23.18000030517578,215800
2023-08-16,23.079999923706055,24.190000534057617,23.079999923706055,24.170000076293945,24.170000076293945,442300
2023-08-17,24.31999969482422,24.31999969482422,23.690000534057617,23.850000381469727,23.850000381469727,470900
2023-08-18,23.75,23.809999465942383,23.420000076293945,23.690000534057617,23.690000534057617,188600
2023-08-21,23.690000534057617,23.729999542236328,23.440000534057617,23.59000015258789,23.59000015258789,126200
2023-08-22,23.600000381469727,23.65999984741211,23.25,23.440000534057617,23.440000534057617,100900
2023-08-23,23.510000228881836,23.690000534057617,23.420000076293945,23.579999923706055,23.579999923706055,175300
2023-08-24,23.489999771118164,23.5,23.209999084472656,23.239999771118164,23.239999771118164,98600
2023-08-25,23.309999465942383,23.549999237060547,23.040000915527344,23.360000610351562,23.360000610351562,145500
2023-08-28,23.469999313354492,23.579999923706055,23.34000015258789,23.34000015258789,23.34000015258789,205800
2023-08-29,23.420000076293945,23.899999618530273,23.31999969482422,23.8700008392334,23.8700008392334,169800
2023-08-30,23.959999084472656,24.329999923706055,23.959999084472656,24.100000381469727,24.100000381469727,122900
2023-08-31,24.06999969482422,24.420000076293945,24.06999969482422,24.110000610351562,24.110000610351562,185100
2023-09-01,24.209999084472656,24.239999771118164,23.899999618530273,24.200000762939453,24.200000762939453,113600
2023-09-05,24.1299991607666,24.56999969482422,23.950000762939453,24.350000381469727,24.350000381469727,127300
2023-09-06,24.229999542236328,24.610000610351562,23.790000915527344,23.989999771118164,23.989999771118164,134700
2023-09-07,23.709999084472656,24.049999237060547,23.649999618530273,23.889999389648438,23.889999389648438,97800
2023-09-08,23.850000381469727,24.049999237060547,23.770000457763672,23.860000610351562,23.860000610351562,120400
2023-09-11,23.950000762939453,24.1299991607666,23.719999313354492,23.950000762939453,23.950000762939453,192700
2023-09-12,23.799999237060547,24.540000915527344,23.799999237060547,24.350000381469727,24.350000381469727,217900
2023-09-13,24.290000915527344,24.530000686645508,24.030000686645508,24.43000030517578,24.43000030517578,180400
2023-09-14,24.520000457763672,24.950000762939453,24.450000762939453,24.899999618530273,24.899999618530273,281800
2023-09-15,24.799999237060547,25.040000915527344,24.239999771118164,24.329999923706055,24.329999923706055,427700
2023-09-18,24.329999923706055,24.8799991607666,24.079999923706055,24.68000030517578,24.68000030517578,219400
2023-09-19,24.639999389648438,24.799999237060547,24.190000534057617,24.190000534057617,24.190000534057617,143400
2023-09-20,24.3799991607666,24.610000610351562,24.350000381469727,24.3700008392334,24.3700008392334,133700
2023-09-21,24.100000381469727,24.219999313354492,23.6299991607666,23.770000457763672,23.770000457763672,163500
2023-09-22,23.809999465942383,24.010000228881836,23.6200008392334,23.700000762939453,23.700000762939453,144700
2023-09-25,23.440000534057617,23.790000915527344,23.299999237060547,23.56999969482422,23.56999969482422,126100
2023-09-26,23.399999618530273,23.6200008392334,23.049999237060547,23.25,23.25,152500
2023-09-27,23.309999465942383,23.40999984741211,22.760000228881836,23.030000686645508,23.030000686645508,167500
2023-09-28,23.049999237060547,23.479999542236328,23.049999237060547,23.309999465942383,23.309999465942383,211500
2023-09-29,23.5,23.600000381469727,23.139999389648438,23.350000381469727,23.350000381469727,211000
2023-10-02,23.34000015258789,23.389999389648438,22.790000915527344,22.860000610351562,22.860000610351562,147700
2023-10-03,22.690000534057617,22.920000076293945,22.5,22.739999771118164,22.739999771118164,276400
2023-10-04,22.760000228881836,23.020000457763672,22.299999237060547,22.979999542236328,22.979999542236328,234100
2023-10-05,22.899999618530273,23.350000381469727,22.899999618530273,23.149999618530273,23.149999618530273,341800
2023-10-06,22.850000381469727,23.18000030517578,22.329999923706055,22.850000381469727,22.850000381469727,246400
2023-10-09,22.790000915527344,23.309999465942383,22.790000915527344,23.290000915527344,23.290000915527344,97300
2023-10-10,23.43000030517578,23.6200008392334,23.170000076293945,23.25,23.25,254700
2023-10-11,23.34000015258789,23.360000610351562,23.06999969482422,23.34000015258789,23.34000015258789,182100
2023-10-12,23.260000228881836,23.389999389648438,22.5,22.799999237060547,22.799999237060547,196100
2023-10-13,22.899999618530273,22.899999618530273,22.309999465942383,22.40999984741211,22.40999984741211,180600
2023-10-16,22.510000228881836,22.860000610351562,22.420000076293945,22.770000457763672,22.770000457763672,206600
2023-10-17,22.6200008392334,22.8799991607666,22.6200008392334,22.68000030517578,22.68000030517578,154700
2023-10-18,22.530000686645508,22.530000686645508,21.5,21.510000228881836,21.510000228881836,327300
2023-10-19,21.510000228881836,21.600000381469727,21.25,21.399999618530273,21.399999618530273,324500
2023-10-20,21.3700008392334,21.399999618530273,20.760000228881836,20.889999389648438,20.889999389648438,345000
2023-10-23,20.75,21.110000610351562,20.469999313354492,20.84000015258789,20.84000015258789,557700
2023-10-24,21.09000015258789,21.5,21.079999923706055,21.209999084472656,21.209999084472656,414600
2023-10-25,21.110000610351562,21.309999465942383,20.65999984741211,20.690000534057617,20.690000534057617,271700
2023-10-26,20.729999542236328,21.260000228881836,20.709999084472656,20.739999771118164,20.739999771118164,298800
2023-10-27,20.809999465942383,20.809999465942383,20.389999389648438,20.489999771118164,20.489999771118164,211900
2023-10-30,20.68000030517578,20.969999313354492,20.440000534057617,20.84000015258789,20.84000015258789,240300
2023-10-31,20.850000381469727,20.93000030517578,20.639999389648438,20.860000610351562,20.860000610351562,233800
2023-11-01,20.920000076293945,21.1200008392334,20.719999313354492,20.84000015258789,20.84000015258789,239400
2023-11-02,21.030000686645508,21.3799991607666,20.93000030517578,21.329999923706055,21.329999923706055,352600
2023-11-03,21.559999465942383,21.790000915527344,21.440000534057617,21.600000381469727,21.600000381469727,185500
2023-11-06,21.579999923706055,21.850000381469727,21.209999084472656,21.299999237060547,21.299999237060547,217300
2023-11-07,21.18000030517578,21.18000030517578,20.8799991607666,20.950000762939453,20.950000762939453,233800
2023-11-08,20.959999084472656,21.200000762939453,20.709999084472656,21.200000762939453,21.200000762939453,251400
2023-11-09,21.31999969482422,21.709999084472656,21.309999465942383,21.399999618530273,21.399999618530273,291200
2023-11-10,21.450000762939453,21.889999389648438,21.34000015258789,21.829999923706055,21.829999923706055,244700
2023-11-13,21.729999542236328,22.219999313354492,21.729999542236328,21.920000076293945,21.920000076293945,348600
2023-11-14,23.15999984741211,23.239999771118164,20.889999389648438,21.06999969482422,21.06999969482422,467900
2023-11-15,21.030000686645508,21.420000076293945,20.780000686645508,20.81999969482422,20.81999969482422,579800
2023-11-16,20.739999771118164,21.1299991607666,20.729999542236328,20.850000381469727,20.850000381469727,371000
2023-11-17,20.950000762939453,21.190000534057617,20.889999389648438,21.010000228881836,21.010000228881836,354800
2023-11-20,20.979999542236328,21.100000381469727,20.43000030517578,21.020000457763672,21.020000457763672,354800
2023-11-21,20.84000015258789,21.1200008392334,20.84000015258789,20.950000762939453,20.950000762939453,221900
2023-11-22,21.0,21.0,20.780000686645508,20.920000076293945,20.920000076293945,206600
2023-11-24,20.959999084472656,21.170000076293945,20.940000534057617,21.059999465942383,21.059999465942383,187500
2023-11-27,20.950000762939453,20.950000762939453,20.68000030517578,20.809999465942383,20.809999465942383,272800
2023-11-28,20.709999084472656,20.790000915527344,20.479999542236328,20.530000686645508,20.530000686645508,411200
2023-11-29,19.989999771118164,20.020000457763672,18.889999389648438,19.459999084472656,19.459999084472656,1501500
2023-11-30,19.489999771118164,19.950000762939453,19.360000610351562,19.8799991607666,19.8799991607666,608600
2023-12-01,19.799999237060547,20.450000762939453,19.799999237060547,20.43000030517578,20.43000030517578,431300
2023-12-04,20.229999542236328,20.579999923706055,20.209999084472656,20.459999084472656,20.459999084472656,241000
2023-12-05,20.290000915527344,20.610000610351562,20.139999389648438,20.149999618530273,20.149999618530273,313500
2023-12-06,20.239999771118164,20.68000030517578,20.239999771118164,20.420000076293945,20.420000076293945,492500
2023-12-07,20.440000534057617,20.6200008392334,20.40999984741211,20.5,20.5,298000
2023-12-08,20.43000030517578,20.670000076293945,20.43000030517578,20.579999923706055,20.579999923706055,195300
2023-12-11,20.5,20.6299991607666,20.280000686645508,20.309999465942383,20.309999465942383,286200
2023-12-12,20.34000015258789,20.3700008392334,20.15999984741211,20.280000686645508,20.280000686645508,248700
2023-12-13,20.190000534057617,20.649999618530273,20.06999969482422,20.600000381469727,20.600000381469727,517600
2023-12-14,20.770000457763672,21.389999389648438,20.579999923706055,21.1299991607666,21.1299991607666,847800
2023-12-15,21.020000457763672,21.200000762939453,20.610000610351562,20.809999465942383,20.809999465942383,507200
2023-12-18,20.850000381469727,20.950000762939453,20.68000030517578,20.889999389648438,20.889999389648438,208500
2023-12-19,20.899999618530273,21.459999084472656,20.899999618530273,21.43000030517578,21.43000030517578,326300
2023-12-20,21.450000762939453,21.600000381469727,20.93000030517578,20.950000762939453,20.950000762939453,400300
2023-12-21,21.139999389648438,21.520000457763672,21.139999389648438,21.5,21.5,244800
2023-12-22,21.559999465942383,21.719999313354492,21.399999618530273,21.510000228881836,21.510000228881836,153900
2023-12-26,21.510000228881836,21.809999465942383,21.489999771118164,21.639999389648438,21.639999389648438,108300
2023-12-27,21.559999465942383,21.799999237060547,21.559999465942383,21.670000076293945,21.670000076293945,152500
2023-12-28,21.68000030517578,21.75,21.59000015258789,21.6200008392334,21.6200008392334,194400
2023-12-29,21.68000030517578,21.829999923706055,21.549999237060547,21.59000015258789,21.59000015258789,143900
2024-01-02,21.309999465942383,21.540000915527344,21.170000076293945,21.25,21.25,329400
2024-01-03,20.979999542236328,21.030000686645508,20.6299991607666,20.850000381469727,20.850000381469727,256100
2024-01-04,20.8799991607666,21.420000076293945,20.75,21.389999389648438,21.389999389648438,573800
2024-01-05,21.34000015258789,21.40999984741211,21.040000915527344,21.329999923706055,21.329999923706055,369900
2024-01-08,21.079999923706055,21.389999389648438,21.079999923706055,21.389999389648438,21.389999389648438,319400
2024-01-09,21.280000686645508,21.280000686645508,20.950000762939453,21.049999237060547,21.049999237060547,175600
2024-01-10,21.110000610351562,21.25,21.06999969482422,21.1299991607666,21.1299991607666,136200
2024-01-11,21.149999618530273,21.15999984741211,20.790000915527344,21.1299991607666,21.1299991607666,323800
2024-01-12,21.280000686645508,21.540000915527344,20.899999618530273,21.0,21.0,254300
2024-01-16,20.90999984741211,21.0,20.5,20.770000457763672,20.770000457763672,266200
2024-01-17,20.540000915527344,20.540000915527344,20.149999618530273,20.489999771118164,20.489999771118164,281300
2024-01-18,20.68000030517578,20.899999618530273,20.65999984741211,20.860000610351562,20.860000610351562,250700
2024-01-19,20.889999389648438,20.889999389648438,20.489999771118164,20.790000915527344,20.790000915527344,191600
2024-01-22,20.510000228881836,20.510000228881836,19.969999313354492,20.219999313354492,20.219999313354492,405600
2024-01-23,20.229999542236328,20.510000228881836,20.1299991607666,20.459999084472656,20.459999084472656,323600
2024-01-24,20.6200008392334,20.770000457763672,20.280000686645508,20.290000915527344,20.290000915527344,247900
2024-01-25,20.469999313354492,20.469999313354492,19.979999542236328,20.0,20.0,191800
2024-01-26,20.149999618530273,20.15999984741211,19.829999923706055,19.93000030517578,19.93000030517578,418700
2024-01-29,19.899999618530273,20.309999465942383,19.760000228881836,20.309999465942383,20.309999465942383,301300
2024-01-30,20.139999389648438,20.229999542236328,19.969999313354492,20.079999923706055,20.079999923706055,203300
2024-01-31,20.209999084472656,20.329999923706055,19.959999084472656,20.020000457763672,20.020000457763672,341600
2024-02-01,20.149999618530273,20.149999618530273,19.8700008392334,20.010000228881836,20.010000228881836,694300
2024-02-02,19.84000015258789,19.84000015258789,19.540000915527344,19.68000030517578,19.68000030517578,416900
2024-02-05,19.59000015258789,19.639999389648438,19.260000228881836,19.549999237060547,19.549999237060547,591600
2024-02-06,19.6200008392334,20.280000686645508,19.5,20.25,20.25,456100
2024-02-07,20.270000457763672,20.420000076293945,20.209999084472656,20.3700008392334,20.3700008392334,244800
2024-02-08,20.299999237060547,20.670000076293945,20.1200008392334,20.649999618530273,20.649999618530273,445800
2024-02-09,20.709999084472656,21.34000015258789,20.639999389648438,21.079999923706055,21.079999923706055,754600
2024-02-12,21.100000381469727,21.770000457763672,21.100000381469727,21.459999084472656,21.459999084472656,620900
2024-02-13,21.1200008392334,21.18000030517578,20.799999237060547,20.920000076293945,20.920000076293945,818900
2024-02-14,20.639999389648438,21.139999389648438,18.260000228881836,18.90999984741211,18.90999984741211,2094800
2024-02-15,19.010000228881836,19.549999237060547,18.709999084472656,19.360000610351562,19.360000610351562,1015500
2024-02-16,19.399999618530273,19.420000076293945,18.950000762939453,19.010000228881836,19.010000228881836,1598600
2024-02-20,19.040000915527344,19.459999084472656,19.040000915527344,19.270000457763672,19.270000457763672,694900
2024-02-21,19.229999542236328,19.280000686645508,19.030000686645508,19.219999313354492,19.219999313354492,473300
2024-02-22,19.229999542236328,19.420000076293945,19.06999969482422,19.350000381469727,19.350000381469727,558900
2024-02-23,19.350000381469727,19.360000610351562,19.059999465942383,19.1299991607666,19.1299991607666,1250600
2024-02-26,19.200000762939453,19.200000762939453,18.43000030517578,18.56999969482422,18.56999969482422,934300
2024-02-27,18.59000015258789,18.770000457763672,18.540000915527344,18.700000762939453,18.700000762939453,471500
2024-02-28,18.600000381469727,18.639999389648438,18.329999923706055,18.450000762939453,18.450000762939453,455300
2024-02-29,18.510000228881836,18.790000915527344,18.420000076293945,18.639999389648438,18.639999389648438,996800
2024-03-01,18.68000030517578,19.0,18.510000228881836,18.889999389648438,18.889999389648438,371000
2024-03-04,18.90999984741211,19.020000457763672,18.760000228881836,19.010000228881836,19.010000228881836,894400
2024-03-05,19.0,19.1299991607666,18.920000076293945,19.020000457763672,19.020000457763672,552100
2024-03-06,19.139999389648438,19.729999542236328,19.059999465942383,19.639999389648438,19.639999389648438,1081900
2024-03-07,19.709999084472656,19.799999237060547,19.290000915527344,19.6299991607666,19.6299991607666,728900
2024-03-08,19.670000076293945,20.06999969482422,19.6200008392334,19.719999313354492,19.719999313354492,464700
2024-03-11,19.649999618530273,19.68000030517578,19.479999542236328,19.56999969482422,19.56999969482422,440000
2024-03-12,19.56999969482422,19.700000762939453,19.459999084472656,19.600000381469727,19.600000381469727,581200
2024-03-13,19.600000381469727,19.940000534057617,19.600000381469727,19.84000015258789,19.84000015258789,801800
2024-03-14,19.829999923706055,19.93000030517578,19.59000015258789,19.739999771118164,19.739999771118164,676800
2024-03-15,19.68000030517578,19.940000534057617,19.68000030517578,19.90999984741211,19.90999984741211,412700
2024-03-18,19.8700008392334,20.110000610351562,19.829999923706055,20.0,20.0,858700
2024-03-19,19.950000762939453,20.170000076293945,19.920000076293945,20.110000610351562,20.110000610351562,335800
2024-03-20,20.100000381469727,20.639999389648438,20.09000015258789,20.530000686645508,20.530000686645508,469600
2024-03-21,20.600000381469727,20.799999237060547,20.06999969482422,20.09000015258789,20.09000015258789,557200
2024-03-22,20.09000015258789,20.3700008392334,19.969999313354492,20.25,20.25,437400
2024-03-25,20.25,20.3700008392334,20.18000030517578,20.270000457763672,20.270000457763672,391600
2024-03-26,20.329999923706055,20.56999969482422,20.149999618530273,20.329999923706055,20.329999923706055,369100
2024-03-27,20.389999389648438,20.5,20.239999771118164,20.5,20.5,864900
2024-03-28,20.479999542236328,20.739999771118164,20.329999923706055,20.639999389648438,20.639999389648438,478600
2024-04-01,20.65999984741211,20.65999984741211,20.149999618530273,20.219999313354492,20.219999313354492,386800
2024-04-02,20.18000030517578,20.18000030517578,19.690000534057617,19.719999313354492,19.719999313354492,708400
2024-04-03,19.56999969482422,20.049999237060547,19.56999969482422,19.979999542236328,19.979999542236328,327400
2024-04-04,20.079999923706055,20.18000030517578,19.90999984741211,20.0,20.0,532400
2024-04-05,19.969999313354492,20.110000610351562,19.700000762939453,19.860000610351562,19.860000610351562,447100
2024-04-08,19.90999984741211,20.389999389648438,19.90999984741211,20.100000381469727,20.100000381469727,449500
2024-04-09,20.079999923706055,20.239999771118164,19.8799991607666,19.959999084472656,19.959999084472656,303700
2024-04-10,19.719999313354492,19.729999542236328,19.5,19.68000030517578,19.68000030517578,524900
2024-04-11,19.719999313354492,19.799999237060547,19.3700008392334,19.670000076293945,19.670000076293945,544100
2024-04-12,19.540000915527344,19.540000915527344,19.229999542236328,19.43000030517578,19.43000030517578,666200
2024-04-15,19.610000610351562,19.799999237060547,19.1200008392334,19.1299991607666,19.1299991607666,576600
2024-04-16,19.18000030517578,19.18000030517578,18.670000076293945,18.920000076293945,18.920000076293945,1159500
2024-04-17,18.979999542236328,19.059999465942383,18.700000762939453,18.920000076293945,18.920000076293945,1028600
2024-04-18,19.0,19.0,18.510000228881836,18.559999465942383,18.559999465942383,455600
2024-04-19,18.540000915527344,18.81999969482422,18.510000228881836,18.6299991607666,18.6299991607666,427400
2024-04-22,18.65999984741211,18.65999984741211,18.510000228881836,18.540000915527344,18.540000915527344,499600
2024-04-23,18.670000076293945,19.09000015258789,18.540000915527344,19.09000015258789,19.09000015258789,603300
2024-04-24,19.09000015258789,19.290000915527344,18.889999389648438,19.1200008392334,19.1200008392334,399900
2024-04-25,18.93000030517578,18.969999313354492,18.459999084472656,18.75,18.75,649600
2024-04-26,18.75,19.1299991607666,18.75,19.040000915527344,19.040000915527344,507800
2024-04-29,19.149999618530273,19.3799991607666,19.06999969482422,19.360000610351562,19.360000610351562,657500
2024-04-30,19.200000762939453,19.389999389648438,19.06999969482422,19.290000915527344,19.290000915527344,762100
2024-05-01,19.34000015258789,19.969999313354492,19.260000228881836,19.729999542236328,19.729999542236328,1045600
2024-05-02,19.860000610351562,20.200000762939453,19.790000915527344,20.190000534057617,20.190000534057617,519600
2024-05-03,20.3700008392334,20.510000228881836,20.299999237060547,20.469999313354492,20.469999313354492,315700
2024-05-06,20.520000457763672,20.850000381469727,20.459999084472656,20.760000228881836,20.760000228881836,355100
2024-05-07,20.780000686645508,20.81999969482422,20.56999969482422,20.600000381469727,20.600000381469727,520200
2024-05-08,20.489999771118164,20.799999237060547,20.3799991607666,20.719999313354492,20.719999313354492,262300
2024-05-09,20.799999237060547,21.110000610351562,20.739999771118164,21.100000381469727,21.100000381469727,458200
2024-05-10,21.139999389648438,21.270000457763672,20.889999389648438,20.940000534057617,20.940000534057617,345800
2024-05-13,21.020000457763672,21.110000610351562,20.8799991607666,20.920000076293945,20.920000076293945,336400
2024-05-14,20.989999771118164,21.200000762939453,20.950000762939453,21.100000381469727,21.100000381469727,269300
2024-05-15,21.209999084472656,21.25,21.0,21.100000381469727,21.100000381469727,220600
2024-05-16,21.049999237060547,21.100000381469727,20.850000381469727,20.8799991607666,20.8799991607666,453000
2024-05-17,20.940000534057617,21.010000228881836,20.100000381469727,20.309999465942383,20.309999465942383,643100
2024-05-20,20.31999969482422,20.520000457763672,20.18000030517578,20.260000228881836,20.260000228881836,326700
2024-05-21,19.700000762939453,20.030000686645508,19.5,19.829999923706055,19.829999923706055,805000
2024-05-22,17.5,18.81999969482422,17.399999618530273,18.799999237060547,18.799999237060547,2248200
2024-05-23,18.889999389648438,19.469999313354492,18.770000457763672,18.790000915527344,18.790000915527344,995600
2024-05-24,18.850000381469727,18.959999084472656,18.469999313354492,18.649999618530273,18.649999618530273,852300
2024-05-28,18.65999984741211,18.799999237060547,18.440000534057617,18.549999237060547,18.549999237060547,636500
2024-05-29,18.309999465942383,18.68000030517578,18.190000534057617,18.489999771118164,18.489999771118164,1180500
2024-05-30,18.520000457763672,18.780000686645508,18.440000534057617,18.549999237060547,18.549999237060547,1069500
2024-05-31,18.649999618530273,18.780000686645508,18.3799991607666,18.780000686645508,18.780000686645508,803200
2024-06-03,18.809999465942383,18.899999618530273,18.520000457763672,18.559999465942383,18.559999465942383,460800
2024-06-04,18.520000457763672,18.56999969482422,18.329999923706055,18.479999542236328,18.479999542236328,901000
2024-06-05,18.540000915527344,18.770000457763672,18.420000076293945,18.700000762939453,18.700000762939453,413500
2024-06-06,18.610000610351562,19.010000228881836,18.610000610351562,18.850000381469727,18.850000381469727,1022200
2024-06-07,18.709999084472656,18.8799991607666,18.479999542236328,18.489999771118164,18.489999771118164,686200
2024-06-10,18.440000534057617,18.459999084472656,18.0,18.110000610351562,18.110000610351562,1287100
2024-06-11,17.959999084472656,18.280000686645508,17.950000762939453,18.18000030517578,18.18000030517578,536400
2024-06-12,18.479999542236328,18.739999771118164,18.440000534057617,18.600000381469727,18.600000381469727,824900
2024-06-13,18.5,18.59000015258789,18.200000762939453,18.260000228881836,18.260000228881836,764200
2024-06-14,18.110000610351562,18.110000610351562,17.739999771118164,18.030000686645508,18.030000686645508,858200
2024-06-17,17.93000030517578,18.15999984741211,17.84000015258789,18.15999984741211,18.15999984741211,924900
2024-06-18,18.1299991607666,19.0,18.1299991607666,18.979999542236328,18.979999542236328,912800
2024-06-20,18.829999923706055,19.139999389648438,18.700000762939453,19.059999465942383,19.059999465942383,1049400
2024-06-21,19.079999923706055,19.469999313354492,19.030000686645508,19.40999984741211,19.40999984741211,677200
2024-06-24,19.489999771118164,19.639999389648438,19.31999969482422,19.329999923706055,19.329999923706055,620000
2024-06-25,19.280000686645508,19.280000686645508,18.719999313354492,18.8799991607666,18.8799991607666,417100
2024-06-26,18.729999542236328,18.979999542236328,18.649999618530273,18.950000762939453,18.950000762939453,347100
2024-06-27,18.93000030517578,19.030000686645508,18.68000030517578,18.969999313354492,18.969999313354492,785900
2024-06-28,18.979999542236328,18.989999771118164,18.520000457763672,18.579999923706055,18.579999923706055,729400
2024-07-01,18.84000015258789,19.010000228881836,18.399999618530273,18.5,18.5,333100
2024-07-02,18.399999618530273,18.809999465942383,18.399999618530273,18.729999542236328,18.729999542236328,601600
2024-07-03,18.81999969482422,19.229999542236328,18.81999969482422,19.170000076293945,19.170000076293945,210000
2024-07-05,19.15999984741211,19.200000762939453,18.700000762939453,18.709999084472656,18.709999084472656,229100
2024-07-08,18.700000762939453,18.8799991607666,18.68000030517578,18.799999237060547,18.799999237060547,236100
2024-07-09,18.790000915527344,18.790000915527344,18.229999542236328,18.350000381469727,18.350000381469727,890800
2024-07-10,18.469999313354492,18.770000457763672,18.469999313354492,18.729999542236328,18.729999542236328,246900
2024-07-11,18.899999618530273,18.979999542236328,18.639999389648438,18.639999389648438,18.639999389648438,586000
2024-07-12,18.809999465942383,18.959999084472656,18.690000534057617,18.940000534057617,18.940000534057617,514300
2024-07-15,18.950000762939453,19.010000228881836,18.760000228881836,18.809999465942383,18.809999465942383,323000
2024-07-16,18.84000015258789,19.290000915527344,18.739999771118164,19.280000686645508,19.280000686645508,776700
2024-07-17,19.260000228881836,19.260000228881836,18.979999542236328,19.09000015258789,19.09000015258789,489500
2024-07-18,19.15999984741211,19.290000915527344,18.540000915527344,18.610000610351562,18.610000610351562,536400
2024-07-19,18.559999465942383,18.670000076293945,18.25,18.469999313354492,18.469999313354492,543100
2024-07-22,18.530000686645508,18.610000610351562,18.15999984741211,18.610000610351562,18.610000610351562,494400
2024-07-23,18.459999084472656,18.65999984741211,18.450000762939453,18.530000686645508,18.530000686645508,337000
2024-07-24,18.40999984741211,18.459999084472656,17.799999237060547,17.809999465942383,17.809999465942383,604600
2024-07-25,17.81999969482422,17.860000610351562,17.540000915527344,17.649999618530273,17.649999618530273,681400
2024-07-26,17.770000457763672,17.90999984741211,17.610000610351562,17.670000076293945,17.670000076293945,508100
2024-07-29,17.739999771118164,18.020000457763672,17.68000030517578,17.969999313354492,17.969999313354492,463100
2024-07-30,17.959999084472656,18.020000457763672,17.719999313354492,17.899999618530273,17.899999618530273,355300
2024-07-31,18.0,18.34000015258789,17.93000030517578,18.18000030517578,18.18000030517578,455800
2024-08-01,18.18000030517578,18.18000030517578,17.040000915527344,17.059999465942383,17.059999465942383,1061600
2024-08-02,16.809999465942383,16.8799991607666,16.360000610351562,16.6200008392334,16.6200008392334,638400
2024-08-05,16.0,16.350000381469727,15.949999809265137,16.290000915527344,16.290000915527344,533000
2024-08-06,16.270000457763672,16.790000915527344,16.270000457763672,16.649999618530273,16.649999618530273,553300
2024-08-07,16.780000686645508,16.940000534057617,16.43000030517578,16.549999237060547,16.549999237060547,562000
2024-08-08,16.700000762939453,16.81999969482422,16.579999923706055,16.790000915527344,16.790000915527344,1037900
2024-08-09,16.799999237060547,16.799999237060547,16.440000534057617,16.610000610351562,16.610000610351562,477800
2024-08-12,16.56999969482422,16.639999389648438,16.200000762939453,16.450000762939453,16.450000762939453,779000
2024-08-13,16.690000534057617,16.8799991607666,16.59000015258789,16.760000228881836,16.760000228881836,619200
2024-08-14,17.139999389648438,17.700000762939453,16.600000381469727,17.559999465942383,17.559999465942383,959100
2024-08-15,17.719999313354492,18.09000015258789,17.670000076293945,17.950000762939453,17.950000762939453,656000
2024-08-16,17.690000534057617,17.690000534057617,17.260000228881836,17.40999984741211,17.40999984741211,558800
2024-08-19,17.5,17.709999084472656,17.3799991607666,17.6200008392334,17.6200008392334,344000
2024-08-20,17.6299991607666,17.8700008392334,17.510000228881836,17.770000457763672,17.770000457763672,441700
2024-08-21,17.84000015258789,17.940000534057617,17.559999465942383,17.6299991607666,17.6299991607666,335400
2024-08-22,17.68000030517578,17.8799991607666,17.610000610351562,17.68000030517578,17.68000030517578,576500
2024-08-23,17.84000015258789,18.09000015258789,17.729999542236328,17.8700008392334,17.8700008392334,442300
2024-08-26,17.93000030517578,18.06999969482422,17.8799991607666,17.940000534057617,17.940000534057617,338400
2024-08-27,17.899999618530273,17.93000030517578,17.709999084472656,17.790000915527344,17.790000915527344,303500
2024-08-28,17.75,17.760000228881836,17.510000228881836,17.559999465942383,17.559999465942383,496800
2024-08-29,17.690000534057617,18.030000686645508,17.579999923706055,17.850000381469727,17.850000381469727,915800
2024-08-30,17.799999237060547,17.90999984741211,17.65999984741211,17.8799991607666,17.8799991607666,524800
2024-09-03,17.790000915527344,17.790000915527344,17.389999389648438,17.68000030517578,17.68000030517578,901800
2024-09-04,17.6299991607666,18.100000381469727,17.549999237060547,18.040000915527344,18.040000915527344,584200
2024-09-05,18.09000015258789,18.100000381469727,17.719999313354492,17.84000015258789,17.84000015258789,340500
2024-09-06,17.75,17.90999984741211,17.34000015258789,17.600000381469727,17.600000381469727,631900
2024-09-09,17.729999542236328,18.139999389648438,17.670000076293945,18.020000457763672,18.020000457763672,725300
2024-09-10,18.06999969482422,18.06999969482422,17.700000762939453,17.920000076293945,17.920000076293945,453200
2024-09-11,17.81999969482422,18.09000015258789,17.579999923706055,17.940000534057617,17.940000534057617,494900
2024-09-12,17.959999084472656,18.25,17.829999923706055,18.18000030517578,18.18000030517578,551400
2024-09-13,18.200000762939453,18.329999923706055,17.770000457763672,17.799999237060547,17.799999237060547,411500
