Date,Open,High,Low,Close,Adj Close,Volume
1984-10-26,6.6875,6.6875,6.625,6.625,1.5502759218215942,17200
1984-10-29,6.625,6.625,6.53125,6.625,1.5502759218215942,54000
1984-10-30,6.625,6.625,6.53125,6.5625,1.535650610923767,17200
1984-10-31,6.5625,6.59375,6.5625,6.5625,1.535650610923767,80800
1984-11-01,6.5625,6.71875,6.53125,6.71875,1.5722146034240723,402800
1984-11-02,6.75,6.875,6.75,6.875,1.6087770462036133,271200
1984-11-05,6.875,6.875,6.8125,6.875,1.6087770462036133,88400
1984-11-06,6.875,6.96875,6.84375,6.875,1.6087770462036133,276400
1984-11-07,6.875,6.875,6.78125,6.78125,1.5868388414382935,270800
1984-11-08,6.78125,6.78125,6.75,6.78125,1.5868388414382935,9200
1984-11-09,6.78125,6.8125,6.75,6.8125,1.594151496887207,24000
1984-11-12,6.8125,6.8125,6.78125,6.78125,1.5868388414382935,8800
1984-11-13,6.71875,6.71875,6.625,6.65625,1.5575881004333496,74400
1984-11-14,6.65625,6.6875,6.625,6.625,1.5502759218215942,222400
1984-11-15,6.625,6.71875,6.625,6.71875,1.5722146034240723,31200
1984-11-16,6.71875,6.71875,6.625,6.625,1.5502759218215942,45600
1984-11-19,6.625,6.625,6.5625,6.5625,1.535650610923767,35600
1984-11-20,6.5625,6.625,6.5625,6.625,1.5502759218215942,3045200
1984-11-21,6.625,6.78125,6.59375,6.75,1.5795257091522217,1458800
1984-11-23,6.8125,6.9375,6.8125,6.90625,1.6160894632339478,13600
1984-11-26,6.90625,6.96875,6.71875,6.71875,1.5722146034240723,40400
1984-11-27,6.6875,6.6875,6.65625,6.65625,1.5575881004333496,967600
1984-11-28,6.65625,6.65625,6.625,6.625,1.5502759218215942,38400
1984-11-29,6.625,6.625,6.59375,6.59375,1.5429632663726807,96800
1984-11-30,6.59375,6.625,6.53125,6.53125,1.5283375978469849,95200
1984-12-03,6.53125,6.59375,6.5,6.5,1.5210256576538086,312000
1984-12-04,6.4375,6.4375,6.3125,6.3125,1.4771497249603271,302400
1984-12-05,6.3125,6.40625,6.3125,6.40625,1.4990880489349365,37600
1984-12-06,6.375,6.375,6.375,6.375,1.4917752742767334,47200
1984-12-07,6.375,6.46875,6.34375,6.4375,1.5063998699188232,59600
1984-12-10,6.4375,6.59375,6.40625,6.59375,1.5429632663726807,265600
1984-12-11,6.59375,6.71875,6.59375,6.65625,1.5575881004333496,115600
1984-12-12,6.65625,6.75,6.65625,6.75,1.5795257091522217,72800
1984-12-13,6.75,6.75,6.625,6.75,1.5795257091522217,907200
1984-12-14,6.75,6.75,6.6875,6.71875,1.5722146034240723,36000
1984-12-17,6.75,6.9375,6.75,6.90625,1.6160894632339478,63600
1984-12-18,6.90625,6.9375,6.8125,6.84375,1.6014641523361206,148800
1984-12-19,6.84375,6.875,6.75,6.75,1.5795257091522217,164000
1984-12-20,6.71875,6.71875,6.59375,6.59375,1.5429632663726807,138400
1984-12-21,6.59375,6.59375,6.5625,6.5625,1.535650610923767,45200
1984-12-24,6.5625,6.65625,6.5625,6.65625,1.5575881004333496,32000
1984-12-26,6.625,6.625,6.53125,6.5625,1.535650610923767,82000
1984-12-27,6.5625,6.5625,6.5,6.5625,1.535650610923767,77600
1984-12-28,6.5625,6.6875,6.5625,6.65625,1.5575881004333496,91600
1984-12-31,6.65625,6.6875,6.65625,6.65625,1.5575881004333496,21200
1985-01-02,6.65625,6.71875,6.65625,6.6875,1.564901351928711,58800
1985-01-03,6.6875,6.6875,6.65625,6.65625,1.5575881004333496,5200
1985-01-04,6.65625,6.75,6.65625,6.75,1.5795257091522217,32000
1985-01-07,6.75,6.90625,6.75,6.875,1.6087770462036133,42000
1985-01-08,6.875,6.875,6.8125,6.875,1.6087770462036133,13600
1985-01-09,6.84375,6.84375,6.84375,6.84375,1.6014641523361206,12000
1985-01-10,6.84375,7.0625,6.8125,7.0625,1.6526532173156738,74400
1985-01-11,7.125,7.21875,7.125,7.15625,1.674589991569519,54400
1985-01-14,7.15625,7.3125,7.125,7.3125,1.711153507232666,71600
1985-01-15,7.375,7.46875,7.375,7.4375,1.7404042482376099,122400
1985-01-16,7.4375,7.46875,7.375,7.4375,1.7404042482376099,142800
1985-01-17,7.4375,7.46875,7.375,7.4375,1.7404042482376099,283200
1985-01-18,7.4375,7.4375,7.40625,7.4375,1.7404042482376099,50000
1985-01-21,7.40625,7.40625,7.3125,7.34375,1.7184654474258423,94400
1985-01-22,7.34375,7.4375,7.34375,7.40625,1.73309326171875,86000
1985-01-23,7.40625,7.6875,7.375,7.6875,1.798905611038208,107600
1985-01-24,7.75,8.0,7.75,8.0,1.872031331062317,115600
1985-01-25,7.96875,7.96875,7.90625,7.96875,1.8647189140319824,114400
1985-01-28,7.96875,8.0,7.84375,7.84375,1.83546781539917,64400
1985-01-29,7.84375,7.84375,7.6875,7.75,1.8135309219360352,94800
1985-01-30,7.75,7.8125,7.625,7.625,1.7842798233032227,98800
1985-01-31,7.625,7.6875,7.625,7.6875,1.798905611038208,54000
1985-02-01,7.6875,7.75,7.65625,7.65625,1.7915931940078735,123600
1985-02-04,7.65625,7.8125,7.65625,7.75,1.8135309219360352,81600
1985-02-05,7.75,8.21875,7.75,8.21875,1.9232195615768433,484000
1985-02-06,8.21875,8.4375,8.125,8.125,1.9012820720672607,237200
1985-02-07,8.0625,8.0625,7.96875,8.03125,1.8793442249298096,47600
1985-02-08,8.03125,8.03125,7.96875,7.96875,1.8647189140319824,183600
1985-02-11,7.96875,7.96875,7.8125,7.875,1.842780351638794,19600
1985-02-12,7.875,7.875,7.75,7.75,1.8135309219360352,52400
1985-02-13,7.75,7.9375,7.75,7.90625,1.8500932455062866,162400
1985-02-14,7.96875,8.03125,7.96875,8.03125,1.8793442249298096,82000
1985-02-15,8.0,8.0,7.875,7.9375,1.8574062585830688,46400
1985-02-19,8.0,8.4375,8.0,8.40625,1.9670956134796143,276400
1985-02-20,8.40625,8.40625,8.34375,8.34375,1.9524704217910767,215600
1985-02-21,8.28125,8.28125,8.125,8.125,1.9012820720672607,33600
1985-02-22,8.09375,8.09375,8.0,8.03125,1.8793442249298096,8800
1985-02-25,8.0,8.0,7.84375,7.84375,1.83546781539917,17600
1985-02-26,7.90625,8.0,7.90625,8.0,1.872031331062317,46400
1985-02-27,8.0,8.03125,7.96875,8.0,1.872031331062317,55600
1985-02-28,8.0,8.0,7.90625,7.9375,1.8574062585830688,48800
1985-03-01,7.9375,7.9375,7.8125,7.90625,1.8500932455062866,156400
1985-03-04,7.90625,7.90625,7.8125,7.8125,1.8281550407409668,62000
1985-03-05,7.8125,7.8125,7.65625,7.65625,1.7915931940078735,72800
1985-03-06,7.65625,7.65625,7.40625,7.5,1.7550296783447266,97600
1985-03-07,7.5,7.5,7.4375,7.4375,1.7404042482376099,172400
1985-03-08,7.4375,7.5625,7.25,7.5,1.7550296783447266,274800
1985-03-11,7.5,7.625,7.5,7.625,1.7842798233032227,44800
1985-03-12,7.625,7.6875,7.53125,7.53125,1.7623411417007446,66800
1985-03-13,7.53125,7.5625,7.40625,7.40625,1.73309326171875,58400
1985-03-14,7.1875,7.1875,7.09375,7.15625,1.674589991569519,326400
1985-03-15,7.0625,7.0625,6.90625,6.90625,1.6160894632339478,87600
1985-03-18,6.90625,7.0,6.84375,6.84375,1.6014641523361206,104400
1985-03-19,6.875,7.125,6.875,7.0625,1.6526532173156738,144800
1985-03-20,7.0625,7.0625,6.9375,7.0,1.6380274295806885,26400
1985-03-21,7.0,7.0,6.9375,7.0,1.6380274295806885,228400
1985-03-22,7.0,7.0625,6.96875,6.96875,1.6307142972946167,92400
1985-03-25,6.90625,6.90625,6.78125,6.78125,1.5868388414382935,47600
1985-03-26,6.8125,6.875,6.8125,6.8125,1.594151496887207,194800
1985-03-27,6.875,6.9375,6.875,6.875,1.6087770462036133,170800
1985-03-28,6.9375,7.15625,6.9375,7.0625,1.6526532173156738,73600
1985-03-29,7.0625,7.09375,6.96875,7.03125,1.6453404426574707,116800
1985-04-01,7.03125,7.125,7.0,7.0625,1.6526532173156738,60400
1985-04-02,7.0625,7.125,7.03125,7.03125,1.6453404426574707,8400
1985-04-03,7.03125,7.03125,6.9375,6.9375,1.6234021186828613,9600
1985-04-04,6.9375,6.96875,6.875,6.875,1.6087770462036133,180000
1985-04-08,6.90625,7.0,6.90625,7.0,1.6380274295806885,51200
1985-04-09,7.0,7.0,6.84375,6.96875,1.6307142972946167,166400
1985-04-10,6.96875,7.0625,6.9375,7.0,1.6380274295806885,65200
1985-04-11,7.0,7.0,6.90625,6.9375,1.6234021186828613,16800
1985-04-12,6.9375,6.9375,6.875,6.90625,1.6160894632339478,39200
1985-04-15,6.90625,6.90625,6.8125,6.90625,1.6160894632339478,90800
1985-04-16,6.90625,6.9375,6.875,6.875,1.6087770462036133,168800
1985-04-17,6.84375,6.84375,6.6875,6.71875,1.5722146034240723,30000
1985-04-18,6.71875,6.75,6.65625,6.71875,1.5722146034240723,126400
1985-04-19,6.71875,6.75,6.65625,6.75,1.5795257091522217,12000
1985-04-22,6.75,6.8125,6.6875,6.71875,1.5722146034240723,59200
1985-04-23,6.71875,6.75,6.5625,6.5625,1.535650610923767,224000
1985-04-24,6.5625,6.5625,6.25,6.25,1.4625242948532104,212400
1985-04-25,6.25,6.3125,6.09375,6.3125,1.4771497249603271,434400
1985-04-26,6.3125,6.4375,6.3125,6.4375,1.5063998699188232,220000
1985-04-29,6.4375,6.46875,6.375,6.375,1.4917752742767334,142000
1985-04-30,6.375,6.40625,6.375,6.40625,1.4990880489349365,50000
1985-05-01,6.40625,6.4375,6.375,6.4375,1.5063998699188232,32400
1985-05-02,6.4375,6.4375,6.3125,6.375,1.4917752742767334,402000
1985-05-03,6.375,6.4375,6.3125,6.375,1.4917752742767334,158800
1985-05-06,6.40625,6.46875,6.40625,6.4375,1.5063998699188232,30800
1985-05-07,6.4375,6.59375,6.4375,6.5625,1.535650610923767,113200
1985-05-08,6.5625,6.59375,6.53125,6.59375,1.5429632663726807,58800
1985-05-09,6.59375,6.625,6.5625,6.5625,1.535650610923767,35200
1985-05-10,6.5625,6.625,6.53125,6.59375,1.5429632663726807,78400
1985-05-13,6.59375,6.59375,6.5,6.59375,1.5429632663726807,50800
1985-05-14,6.5625,6.5625,6.5,6.5,1.5210256576538086,24400
1985-05-15,6.5,6.5625,6.46875,6.46875,1.5137133598327637,33600
1985-05-16,6.53125,6.5625,6.53125,6.53125,1.5283375978469849,38800
1985-05-17,6.53125,6.53125,6.46875,6.5,1.5210256576538086,68000
1985-05-20,6.53125,6.625,6.53125,6.5625,1.535650610923767,89600
1985-05-21,6.59375,6.6875,6.59375,6.65625,1.5575881004333496,214000
1985-05-22,6.625,6.625,6.53125,6.53125,1.5283375978469849,21200
1985-05-23,6.53125,6.5625,6.4375,6.5625,1.535650610923767,95200
1985-05-24,6.5625,6.625,6.53125,6.59375,1.5429632663726807,169600
1985-05-28,6.625,6.6875,6.625,6.6875,1.564901351928711,68400
1985-05-29,6.71875,6.75,6.71875,6.75,1.5795257091522217,36800
1985-05-30,6.75,6.75,6.6875,6.75,1.5795257091522217,70800
1985-05-31,6.75,6.75,6.65625,6.65625,1.5575881004333496,96000
1985-06-03,6.65625,6.6875,6.59375,6.625,1.5502759218215942,38400
1985-06-04,6.625,6.6875,6.625,6.6875,1.564901351928711,253600
1985-06-05,6.6875,6.71875,6.65625,6.6875,1.564901351928711,45600
1985-06-06,6.71875,6.8125,6.71875,6.8125,1.594151496887207,231200
1985-06-07,6.8125,6.84375,6.71875,6.75,1.5795257091522217,125600
1985-06-10,6.75,6.8125,6.71875,6.8125,1.594151496887207,101600
1985-06-11,6.8125,6.8125,6.75,6.75,1.5795257091522217,73600
1985-06-12,6.75,6.8125,6.71875,6.78125,1.5868388414382935,358000
1985-06-13,6.78125,6.78125,6.6875,6.71875,1.5722146034240723,115200
1985-06-14,6.71875,6.78125,6.65625,6.71875,1.5722146034240723,52000
1985-06-17,6.65625,6.65625,6.625,6.65625,1.5575881004333496,60000
1985-06-18,6.65625,6.6875,6.625,6.6875,1.564901351928711,33600
1985-06-19,6.65625,6.65625,6.625,6.625,1.5502759218215942,52000
1985-06-20,6.625,6.65625,6.625,6.625,1.5502759218215942,48400
1985-06-21,6.625,6.6875,6.625,6.65625,1.5575881004333496,118800
1985-06-24,6.65625,6.75,6.625,6.71875,1.5722146034240723,158800
1985-06-25,6.71875,6.8125,6.6875,6.75,1.5795257091522217,66000
1985-06-26,6.75,6.75,6.75,6.75,1.5795257091522217,48400
1985-06-27,6.75,6.75,6.6875,6.6875,1.564901351928711,114000
1985-06-28,6.6875,6.78125,6.6875,6.78125,1.5868388414382935,10400
1985-07-01,6.78125,6.84375,6.78125,6.84375,1.6014641523361206,89200
1985-07-02,6.84375,6.90625,6.84375,6.875,1.6087770462036133,37200
1985-07-03,6.875,7.0,6.875,6.9375,1.6234021186828613,46000
1985-07-05,6.9375,7.125,6.9375,7.125,1.6672780513763428,36000
1985-07-08,7.125,7.15625,7.09375,7.125,1.6672780513763428,47200
1985-07-09,7.125,7.25,7.125,7.21875,1.6892157793045044,110000
1985-07-10,7.21875,7.34375,6.90625,6.90625,1.6160894632339478,1146800
1985-07-11,6.90625,6.9375,6.8125,6.875,1.6087770462036133,70400
1985-07-12,6.875,7.0,6.875,6.96875,1.6307142972946167,134800
1985-07-15,6.9375,6.9375,6.84375,6.875,1.6087770462036133,84800
1985-07-16,6.875,6.9375,6.84375,6.875,1.6087770462036133,630400
1985-07-17,6.6875,6.6875,6.59375,6.65625,1.5575881004333496,105600
1985-07-18,6.65625,6.6875,6.53125,6.5625,1.535650610923767,94000
1985-07-19,6.5625,6.5625,6.4375,6.5625,1.535650610923767,40000
1985-07-22,6.5,6.5,6.4375,6.4375,1.5063998699188232,36400
1985-07-23,6.4375,6.59375,6.3125,6.53125,1.5283375978469849,84800
1985-07-24,6.53125,6.625,6.5,6.625,1.5502759218215942,47600
1985-07-25,6.625,6.75,6.625,6.75,1.5795257091522217,182800
1985-07-26,6.6875,6.6875,6.53125,6.59375,1.5429632663726807,95600
1985-07-29,6.59375,6.59375,6.4375,6.46875,1.5137133598327637,285600
1985-07-30,6.46875,6.5,6.4375,6.46875,1.5137133598327637,152000
1985-07-31,6.5625,6.65625,6.5625,6.65625,1.5575881004333496,54800
1985-08-01,6.6875,6.8125,6.6875,6.8125,1.594151496887207,152400
1985-08-02,6.8125,6.8125,6.75,6.75,1.5795257091522217,240400
1985-08-05,6.75,6.75,6.65625,6.6875,1.564901351928711,32800
1985-08-06,6.6875,6.6875,6.625,6.625,1.5502759218215942,40000
1985-08-07,6.625,6.625,6.5625,6.625,1.5502759218215942,30400
1985-08-08,6.625,6.8125,6.59375,6.78125,1.5868388414382935,48400
1985-08-09,6.75,6.75,6.6875,6.6875,1.564901351928711,30000
1985-08-12,6.6875,6.6875,6.625,6.65625,1.5575881004333496,16800
1985-08-13,6.65625,6.71875,6.59375,6.625,1.5502759218215942,14800
1985-08-14,6.625,6.6875,6.625,6.625,1.5502759218215942,44400
1985-08-15,6.625,6.75,6.625,6.65625,1.5575881004333496,50000
1985-08-16,6.625,6.625,6.5625,6.5625,1.535650610923767,10800
1985-08-19,6.5625,6.625,6.5625,6.5625,1.535650610923767,46800
1985-08-20,6.59375,6.625,6.59375,6.625,1.5502759218215942,59600
1985-08-21,6.625,6.65625,6.59375,6.625,1.5502759218215942,65600
1985-08-22,6.625,6.625,6.28125,6.28125,1.4698371887207031,407200
1985-08-23,6.25,6.25,6.09375,6.21875,1.4552117586135864,42000
1985-08-26,6.21875,6.25,6.15625,6.25,1.4625242948532104,62400
1985-08-27,6.25,6.28125,6.125,6.1875,1.4478991031646729,48400
1985-08-28,6.25,6.28125,6.25,6.25,1.4625242948532104,108400
1985-08-29,6.25,6.34375,6.25,6.28125,1.4698371887207031,140000
1985-08-30,6.28125,6.28125,6.1875,6.1875,1.4478991031646729,383600
1985-09-03,6.1875,6.1875,6.09375,6.15625,1.4405862092971802,156800
1985-09-04,6.15625,6.1875,6.125,6.15625,1.4405862092971802,130800
1985-09-05,6.15625,6.1875,6.125,6.125,1.4332739114761353,13200
1985-09-06,6.125,6.15625,6.09375,6.15625,1.4405862092971802,29600
1985-09-09,6.15625,6.1875,6.09375,6.125,1.4332739114761353,448800
1985-09-10,6.125,6.125,6.0,6.0625,1.4186489582061768,35600
1985-09-11,6.03125,6.03125,5.75,5.75,1.3455226421356201,152800
1985-09-12,5.6875,5.6875,5.5,5.5625,1.301646113395691,93600
1985-09-13,5.5625,5.625,5.5,5.53125,1.294333815574646,54400
1985-09-16,5.46875,5.46875,5.1875,5.21875,1.221208095550537,88800
1985-09-17,5.21875,5.21875,5.125,5.15625,1.2065826654434204,460400
1985-09-18,5.15625,5.34375,5.125,5.34375,1.2504584789276123,75200
1985-09-19,5.34375,5.4375,5.3125,5.40625,1.2650837898254395,61200
1985-09-20,5.4375,5.53125,5.4375,5.5,1.2870210409164429,34800
1985-09-23,5.53125,5.625,5.53125,5.5625,1.301646113395691,47200
1985-09-24,5.59375,5.6875,5.59375,5.625,1.3162726163864136,83600
1985-09-25,5.65625,5.71875,5.65625,5.6875,1.3308972120285034,111200
1985-09-26,5.6875,5.71875,5.59375,5.625,1.3162726163864136,136400
1985-09-30,5.625,5.6875,5.375,5.375,1.2577705383300781,130400
1985-10-01,5.375,5.5,5.375,5.4375,1.2723963260650635,134800
1985-10-02,5.4375,5.5,5.40625,5.4375,1.2723963260650635,86000
1985-10-03,5.4375,5.46875,5.40625,5.40625,1.2650837898254395,25200
1985-10-04,5.40625,5.4375,5.375,5.4375,1.2723963260650635,90000
1985-10-07,5.4375,5.4375,5.3125,5.3125,1.2431460618972778,57600
1985-10-08,5.3125,5.3125,5.125,5.125,1.1992701292037964,60400
1985-10-09,5.125,5.21875,5.125,5.125,1.1992701292037964,104000
1985-10-10,5.125,5.21875,5.125,5.1875,1.2138954401016235,49200
1985-10-11,5.1875,5.25,5.1875,5.25,1.2285202741622925,110800
1985-10-14,5.25,5.3125,5.21875,5.3125,1.2431460618972778,60800
1985-10-15,5.375,5.46875,5.375,5.4375,1.2723963260650635,158000
1985-10-16,6.0625,6.3125,6.0625,6.25,1.4625242948532104,957600
1985-10-17,6.25,6.375,6.25,6.25,1.4625242948532104,992000
1985-10-18,6.25,6.25,6.21875,6.25,1.4625242948532104,156000
1985-10-21,6.28125,6.3125,6.28125,6.28125,1.4698371887207031,328400
1985-10-22,6.28125,6.28125,6.25,6.25,1.4625242948532104,369200
1985-10-23,6.28125,6.3125,6.28125,6.28125,1.4698371887207031,110800
1985-10-24,6.34375,6.46875,6.34375,6.46875,1.5137133598327637,570800
1985-10-25,6.46875,6.5,6.4375,6.4375,1.5063998699188232,641600
1985-10-28,6.4375,6.4375,6.375,6.40625,1.4990880489349365,568000
1985-10-29,6.40625,6.4375,6.375,6.4375,1.5063998699188232,325600
1985-10-30,6.40625,6.40625,6.28125,6.28125,1.4698371887207031,422800
1985-10-31,6.28125,6.3125,6.28125,6.3125,1.4771497249603271,326400
1985-11-01,6.3125,6.34375,6.28125,6.28125,1.4698371887207031,1134000
1985-11-04,6.28125,6.34375,6.28125,6.34375,1.4844616651535034,618400
1985-11-05,6.34375,6.375,6.25,6.375,1.4917752742767334,872000
1985-11-06,6.375,6.46875,6.375,6.46875,1.5137133598327637,1233600
1985-11-07,6.46875,6.46875,6.40625,6.40625,1.4990880489349365,545600
1985-11-08,6.40625,6.5,6.40625,6.4375,1.5063998699188232,692400
1985-11-11,6.5,6.6875,6.5,6.6875,1.564901351928711,222800
1985-11-12,6.6875,6.71875,6.40625,6.65625,1.5575881004333496,166800
1985-11-13,6.6875,6.75,6.6875,6.71875,1.5722146034240723,68800
1985-11-14,6.71875,6.71875,6.625,6.6875,1.564901351928711,31600
1985-11-15,6.6875,6.6875,6.53125,6.5625,1.535650610923767,68400
1985-11-18,6.5625,6.5625,6.5,6.5,1.5210256576538086,42800
1985-11-19,6.5,6.53125,6.46875,6.46875,1.5137133598327637,138800
1985-11-20,6.46875,6.53125,6.4375,6.53125,1.5283375978469849,113200
1985-11-21,6.53125,6.59375,6.5,6.5,1.5210256576538086,106400
1985-11-22,6.5,6.53125,6.46875,6.53125,1.5283375978469849,183200
1985-11-25,6.53125,6.53125,6.4375,6.4375,1.5063998699188232,175200
1985-11-26,6.4375,6.5,6.375,6.4375,1.5199761390686035,48800
1985-11-27,6.5,6.5625,6.5,6.5,1.5347336530685425,66800
1985-11-29,6.53125,6.5625,6.53125,6.5625,1.5494906902313232,22000
1985-12-02,6.5625,6.59375,6.53125,6.59375,1.5568692684173584,40000
1985-12-03,6.59375,6.78125,6.5625,6.71875,1.58638334274292,616800
1985-12-04,6.71875,6.75,6.5,6.53125,1.5421127080917358,179200
1985-12-05,6.53125,6.5625,6.4375,6.5625,1.5494906902313232,64400
1985-12-06,6.5625,6.5625,6.4375,6.46875,1.527355670928955,154400
1985-12-09,6.46875,6.46875,6.40625,6.4375,1.5199761390686035,36400
1985-12-10,6.4375,6.4375,6.34375,6.34375,1.497840166091919,58400
1985-12-11,6.34375,6.5,6.3125,6.46875,1.527355670928955,134400
1985-12-12,6.46875,6.5,6.375,6.375,1.5052201747894287,84800
1985-12-13,6.375,6.4375,6.34375,6.4375,1.5199761390686035,28800
1985-12-16,6.4375,6.4375,6.3125,6.3125,1.4904621839523315,83600
1985-12-17,6.3125,6.3125,6.25,6.28125,1.483083724975586,246800
1985-12-18,6.28125,6.34375,6.25,6.28125,1.483083724975586,217200
1985-12-19,6.28125,6.34375,6.25,6.28125,1.483083724975586,86800
1985-12-20,6.28125,6.375,6.25,6.375,1.5052201747894287,154400
1985-12-23,6.375,6.4375,6.3125,6.375,1.5052201747894287,31600
1985-12-24,6.375,6.40625,6.34375,6.40625,1.5125974416732788,55200
1985-12-26,6.40625,6.40625,6.3125,6.34375,1.497840166091919,52400
1985-12-27,6.34375,6.4375,6.34375,6.375,1.5052201747894287,64800
1985-12-30,6.375,6.40625,6.34375,6.34375,1.497840166091919,200000
1985-12-31,6.34375,6.4375,6.34375,6.375,1.5052201747894287,38000
1986-01-02,6.375,6.4375,6.375,6.40625,1.5125974416732788,16800
1986-01-03,6.46875,6.5625,6.46875,6.53125,1.5421127080917358,58400
1986-01-06,6.59375,6.75,6.59375,6.75,1.5937620401382446,136800
1986-01-07,6.75,6.78125,6.6875,6.71875,1.58638334274292,152000
1986-01-08,6.71875,6.71875,6.59375,6.625,1.5642467737197876,500800
1986-01-09,6.5625,6.5625,6.40625,6.5,1.5347336530685425,429600
1986-01-10,6.5,6.53125,6.40625,6.40625,1.5125974416732788,56000
1986-01-13,6.40625,6.5,6.375,6.40625,1.5125974416732788,131200
1986-01-14,6.40625,6.5625,6.40625,6.5,1.5347336530685425,357600
1986-01-15,6.53125,6.59375,6.53125,6.53125,1.5421127080917358,582800
1986-01-16,6.5625,6.625,6.5625,6.625,1.5642467737197876,28000
1986-01-17,6.625,6.625,6.53125,6.53125,1.5421127080917358,228400
1986-01-20,6.5,6.5,6.375,6.46875,1.527355670928955,79600
1986-01-21,6.46875,6.46875,6.375,6.375,1.5052201747894287,83600
1986-01-22,6.375,6.4375,6.3125,6.3125,1.4904621839523315,74400
1986-01-23,6.3125,6.34375,6.0625,6.0625,1.4314343929290771,118800
1986-01-24,6.0625,6.125,6.0625,6.125,1.446191430091858,41200
1986-01-27,6.125,6.1875,6.0625,6.125,1.446191430091858,30400
1986-01-28,6.125,6.125,6.0,6.0625,1.4314343929290771,33200
1986-01-29,6.0625,6.09375,5.9375,5.96875,1.4092990159988403,60000
1986-01-30,5.96875,6.0,5.96875,6.0,1.416677474975586,36000
1986-01-31,6.0,6.0,5.9375,5.96875,1.4092990159988403,137600
1986-02-03,5.96875,6.0,5.875,6.0,1.416677474975586,180000
1986-02-04,6.0,6.0625,5.96875,6.0625,1.4314343929290771,467200
1986-02-05,6.0625,6.125,6.03125,6.0625,1.4314343929290771,94800
1986-02-06,6.0625,6.1875,6.03125,6.09375,1.4388117790222168,143600
1986-02-07,6.09375,6.09375,6.03125,6.03125,1.4240550994873047,45200
1986-02-10,6.03125,6.03125,5.90625,5.90625,1.394541621208191,114800
1986-02-11,5.90625,6.0,5.84375,5.9375,1.4019200801849365,226400
1986-02-12,5.9375,6.125,5.90625,6.09375,1.4388117790222168,476400
1986-02-13,6.09375,6.15625,6.09375,6.125,1.446191430091858,370800
1986-02-14,6.125,6.25,6.09375,6.15625,1.4535692930221558,186400
1986-02-18,6.15625,6.1875,6.03125,6.0625,1.4314343929290771,126000
1986-02-19,6.0625,6.15625,6.0,6.03125,1.4240550994873047,110400
1986-02-20,6.03125,6.0625,5.96875,6.0625,1.4452121257781982,80000
1986-02-21,6.09375,6.1875,6.09375,6.15625,1.4675604104995728,92800
1986-02-24,6.125,6.125,6.0625,6.0625,1.4452121257781982,122400
1986-02-25,6.0625,6.09375,6.03125,6.03125,1.4377621412277222,111200
1986-02-26,6.03125,6.125,6.0,6.125,1.4601117372512817,77600
1986-02-27,6.125,6.25,6.09375,6.25,1.4899098873138428,46000
1986-02-28,6.3125,6.40625,6.3125,6.375,1.519708275794983,366800
1986-03-03,6.375,6.375,6.34375,6.375,1.519708275794983,33200
1986-03-04,6.375,6.46875,6.375,6.4375,1.5346068143844604,38400
1986-03-05,6.4375,6.53125,6.4375,6.53125,1.5569556951522827,316400
1986-03-06,6.53125,6.53125,6.5,6.5,1.5495059490203857,237600
1986-03-07,6.5,6.5625,6.4375,6.4375,1.5346068143844604,68400
1986-03-10,6.4375,6.5,6.4375,6.5,1.5495059490203857,57600
1986-03-11,6.5,6.5,6.4375,6.46875,1.5420567989349365,53200
1986-03-12,6.5,6.59375,6.5,6.5625,1.5644053220748901,95600
1986-03-13,6.5625,6.59375,6.5,6.53125,1.5569556951522827,81200
1986-03-14,6.53125,6.5625,6.4375,6.4375,1.5346068143844604,95200
1986-03-17,6.4375,6.46875,6.375,6.375,1.519708275794983,108400
1986-03-18,6.375,6.46875,6.375,6.40625,1.5271568298339844,46000
1986-03-19,6.40625,6.40625,6.125,6.15625,1.4675604104995728,274400
1986-03-20,6.15625,6.15625,6.0625,6.0625,1.4452121257781982,347600
1986-03-21,6.0625,6.15625,6.0,6.15625,1.4675604104995728,88000
1986-03-24,6.15625,6.25,6.15625,6.1875,1.4750107526779175,82000
1986-03-25,6.5,6.8125,6.5,6.6875,1.5942041873931885,201600
1986-03-26,6.875,7.125,6.875,7.125,1.698496699333191,173600
1986-03-27,7.125,7.6875,7.125,7.4375,1.7729929685592651,922400
1986-03-31,7.4375,7.625,7.28125,7.59375,1.8102400302886963,146800
1986-04-01,7.625,7.71875,7.625,7.6875,1.8325891494750977,418400
1986-04-02,7.65625,7.65625,7.59375,7.625,1.8176895380020142,248800
1986-04-03,7.625,7.625,7.5,7.5,1.7878910303115845,348800
1986-04-04,7.5,7.5,7.21875,7.21875,1.7208465337753296,184000
1986-04-07,7.21875,7.3125,7.1875,7.1875,1.7133959531784058,62400
1986-04-08,7.1875,7.28125,7.0625,7.0625,1.683598518371582,58000
1986-04-09,7.0625,7.09375,6.90625,6.90625,1.646350622177124,35600
1986-04-10,6.9375,7.03125,6.9375,7.0,1.6687004566192627,78400
1986-04-11,7.0625,7.25,7.0625,7.25,1.7282956838607788,69600
1986-04-14,7.25,7.3125,7.25,7.3125,1.7431938648223877,384400
1986-04-15,7.25,7.25,7.0,7.0,1.6687004566192627,77600
1986-04-16,7.0,7.15625,7.0,7.09375,1.6910476684570312,82000
1986-04-17,7.09375,7.25,7.09375,7.25,1.7282956838607788,86800
1986-04-18,7.25,7.3125,7.09375,7.1875,1.7133959531784058,417200
1986-04-21,7.1875,7.25,7.125,7.1875,1.7133959531784058,13200
1986-04-22,7.1875,7.25,7.0625,7.0625,1.683598518371582,51200
1986-04-23,7.0625,7.09375,7.0,7.0625,1.683598518371582,114800
1986-04-24,7.09375,7.34375,7.09375,7.28125,1.7357442378997803,643200
1986-04-25,7.28125,7.4375,7.25,7.4375,1.7729929685592651,216000
1986-04-28,7.4375,7.5,7.40625,7.46875,1.7804428339004517,1511600
1986-04-29,7.46875,7.5,7.40625,7.4375,1.7729929685592651,194800
1986-04-30,7.4375,7.53125,7.375,7.40625,1.7655432224273682,354800
1986-05-01,7.40625,7.4375,7.3125,7.3125,1.7431938648223877,292800
1986-05-02,7.3125,7.40625,7.28125,7.28125,1.7357442378997803,362000
1986-05-05,7.28125,7.34375,7.28125,7.34375,1.7506442070007324,43200
1986-05-06,7.34375,7.40625,7.21875,7.25,1.7282956838607788,286000
1986-05-07,7.25,7.46875,7.25,7.46875,1.7804428339004517,256000
1986-05-08,7.46875,7.5625,7.46875,7.53125,1.7953416109085083,405600
1986-05-09,7.53125,7.5625,7.5,7.53125,1.7953416109085083,840000
1986-05-12,7.53125,7.59375,7.5,7.5625,1.8027911186218262,163200
1986-05-13,7.5625,7.5625,7.53125,7.53125,1.7953416109085083,64400
1986-05-14,7.53125,7.59375,7.5,7.53125,1.7953416109085083,81200
1986-05-15,7.53125,7.5625,7.46875,7.5,1.7878910303115845,1214400
1986-05-16,7.5,7.5625,7.375,7.40625,1.7655432224273682,584800
1986-05-19,7.40625,7.4375,7.375,7.375,1.7580938339233398,130400
1986-05-20,7.375,7.46875,7.375,7.46875,1.7804428339004517,275200
1986-05-21,7.46875,7.5,7.4375,7.46875,1.794256567955017,121200
1986-05-22,7.5625,7.78125,7.5625,7.78125,1.8693290948867798,876800
1986-05-23,7.78125,7.78125,7.65625,7.6875,1.8468067646026611,184400
1986-05-27,7.6875,7.84375,7.59375,7.8125,1.8768365383148193,407200
1986-05-28,7.8125,7.875,7.78125,7.8125,1.8768365383148193,194400
1986-05-29,7.8125,7.9375,7.8125,7.9375,1.9068660736083984,216400
1986-05-30,7.9375,7.96875,7.84375,7.84375,1.8843438625335693,37600
1986-06-02,7.84375,7.9375,7.75,7.75,1.8618221282958984,38800
1986-06-03,7.75,7.875,7.75,7.84375,1.8843438625335693,65600
1986-06-04,7.84375,7.875,7.78125,7.78125,1.8693290948867798,54400
1986-06-05,7.78125,7.84375,7.625,7.625,1.831791877746582,423200
1986-06-06,7.625,7.71875,7.5625,7.71875,1.8543144464492798,161200
1986-06-09,7.71875,7.71875,7.59375,7.65625,1.8392995595932007,261200
1986-06-10,7.59375,7.59375,7.46875,7.5625,1.8167784214019775,90000
1986-06-11,7.5625,7.5625,7.5,7.5,1.8017622232437134,356400
1986-06-12,7.5,7.5625,7.5,7.5,1.8017622232437134,74800
1986-06-13,7.5,7.6875,7.5,7.5,1.8017622232437134,68000
1986-06-16,7.53125,7.59375,7.53125,7.5625,1.8167784214019775,8000
1986-06-17,7.5625,7.59375,7.5,7.5,1.8017622232437134,45600
1986-06-18,7.5,7.5,7.34375,7.375,1.7717336416244507,658000
1986-06-19,7.40625,7.46875,7.40625,7.4375,1.7867491245269775,50800
1986-06-20,7.4375,7.5,7.4375,7.4375,1.7867491245269775,56400
1986-06-23,7.4375,7.5,7.28125,7.28125,1.7492109537124634,266800
1986-06-24,7.3125,7.375,7.3125,7.375,1.7717336416244507,31200
1986-06-25,7.375,7.46875,7.375,7.40625,1.7792413234710693,356800
1986-06-26,7.40625,7.5,7.375,7.375,1.7717336416244507,76400
1986-06-27,7.375,7.40625,7.28125,7.28125,1.7492109537124634,30800
1986-06-30,7.3125,7.375,7.3125,7.3125,1.7567181587219238,17200
1986-07-01,7.34375,7.4375,7.34375,7.4375,1.7867491245269775,24800
1986-07-02,7.4375,7.46875,7.40625,7.40625,1.7792413234710693,80400
1986-07-03,7.40625,7.4375,7.34375,7.375,1.7717336416244507,82400
1986-07-07,7.375,7.4375,7.3125,7.3125,1.7567181587219238,157600
1986-07-08,7.28125,7.28125,7.21875,7.21875,1.734197735786438,35600
1986-07-09,7.21875,7.25,7.09375,7.15625,1.7191822528839111,32400
1986-07-10,7.15625,7.1875,7.09375,7.15625,1.7191822528839111,42000
1986-07-11,7.15625,7.1875,7.0625,7.09375,1.7041677236557007,37200
1986-07-14,7.09375,7.125,7.0625,7.0625,1.6966608762741089,19600
1986-07-15,7.0625,7.125,7.03125,7.0625,1.6966608762741089,93600
1986-07-16,7.0625,7.09375,6.9375,6.96875,1.6741389036178589,141200
1986-07-17,6.96875,7.0,6.875,7.0,1.681646704673767,106400
1986-07-18,7.0,7.0625,7.0,7.03125,1.6891543865203857,42800
1986-07-21,7.03125,7.15625,7.0,7.0,1.681646704673767,66000
1986-07-22,7.0,7.09375,7.0,7.09375,1.7041677236557007,190400
1986-07-23,7.09375,7.125,7.0625,7.125,1.7116745710372925,149200
1986-07-24,7.125,7.1875,7.125,7.15625,1.7191822528839111,131200
1986-07-25,7.15625,7.1875,7.15625,7.1875,1.7266892194747925,312800
1986-07-28,7.1875,7.21875,7.15625,7.15625,1.7191822528839111,130800
1986-07-29,7.15625,7.1875,7.125,7.15625,1.7191822528839111,72000
1986-07-30,7.15625,7.1875,7.03125,7.03125,1.6891543865203857,321600
1986-07-31,7.03125,7.125,6.875,6.875,1.6516166925430298,477200
1986-08-01,6.875,7.0,6.875,6.875,1.6516166925430298,272400
1986-08-04,6.90625,7.0,6.90625,7.0,1.681646704673767,102000
1986-08-05,7.0,7.0625,6.9375,7.0625,1.6966608762741089,291200
1986-08-06,7.0625,7.125,7.0625,7.0625,1.6966608762741089,114800
1986-08-07,7.09375,7.125,7.09375,7.125,1.7116745710372925,51600
1986-08-08,7.125,7.125,7.09375,7.09375,1.7041677236557007,104800
1986-08-11,7.09375,7.125,6.90625,6.9375,1.666630744934082,445600
1986-08-12,6.9375,7.03125,6.9375,7.0,1.681646704673767,118000
1986-08-13,7.0,7.0625,6.96875,7.0625,1.710713505744934,89200
1986-08-14,7.0625,7.0625,6.96875,7.0625,1.710713505744934,192800
1986-08-15,7.0625,7.1875,7.03125,7.1875,1.7409906387329102,207600
1986-08-18,7.1875,7.3125,7.1875,7.3125,1.7712688446044922,218400
1986-08-19,7.3125,7.34375,7.21875,7.28125,1.7636991739273071,368800
1986-08-20,7.28125,7.28125,7.25,7.25,1.7561304569244385,38000
1986-08-21,7.25,7.3125,7.25,7.28125,1.7636991739273071,8800
1986-08-22,7.28125,7.5625,7.28125,7.5625,1.8318250179290771,722400
1986-08-25,7.5625,7.5625,7.5,7.5625,1.8318250179290771,159200
1986-08-26,7.5625,7.5625,7.5,7.53125,1.8242558240890503,862400
1986-08-27,7.59375,7.8125,7.59375,7.8125,1.8923817873001099,122000
1986-08-28,7.8125,7.8125,7.75,7.75,1.877243161201477,136400
1986-08-29,7.75,7.84375,7.75,7.75,1.877243161201477,14000
1986-09-02,7.75,7.78125,7.65625,7.71875,1.8696730136871338,82000
1986-09-03,7.75,7.90625,7.75,7.78125,1.8848114013671875,240800
1986-09-04,7.78125,7.96875,7.71875,7.9375,1.9226596355438232,132800
1986-09-05,7.9375,8.0,7.875,7.875,1.9075201749801636,182400
1986-09-08,7.875,7.9375,7.875,7.875,1.9075201749801636,234800
1986-09-09,7.875,7.875,7.6875,7.75,1.877243161201477,587600
1986-09-10,7.75,7.8125,7.6875,7.71875,1.8696730136871338,530800
1986-09-11,7.71875,7.8125,7.375,7.59375,1.8393949270248413,2612400
1986-09-12,7.59375,7.75,7.4375,7.5,1.8166855573654175,498800
1986-09-15,7.46875,7.46875,7.25,7.25,1.7561304569244385,402400
1986-09-16,7.25,7.25,7.125,7.1875,1.7409906387329102,472000
1986-09-17,7.1875,7.1875,7.0625,7.0625,1.710713505744934,185600
1986-09-18,7.0625,7.15625,7.0,7.15625,1.733420729637146,393600
1986-09-19,7.125,7.125,7.03125,7.09375,1.7182825803756714,99200
1986-09-22,7.125,7.375,7.125,7.375,1.78640878200531,371600
1986-09-23,7.34375,7.34375,7.25,7.34375,1.7788383960723877,115600
1986-09-24,7.34375,7.34375,7.28125,7.28125,1.7636991739273071,61600
1986-09-25,7.25,7.25,7.15625,7.1875,1.7409906387329102,461200
1986-09-26,7.1875,7.28125,7.15625,7.21875,1.7485610246658325,289600
1986-09-29,7.21875,7.21875,7.09375,7.1875,1.7409906387329102,231600
1986-09-30,7.1875,7.25,7.125,7.25,1.7561304569244385,13600
1986-10-01,7.25,7.8125,7.1875,7.71875,1.8696730136871338,2124000
1986-10-02,7.75,7.9375,7.75,7.90625,1.9150898456573486,601200
1986-10-03,7.90625,8.03125,7.78125,7.96875,1.9302300214767456,284400
1986-10-06,7.96875,8.5,7.9375,8.1875,1.983216404914856,656800
1986-10-07,8.1875,8.3125,8.09375,8.09375,1.9605070352554321,371200
1986-10-08,8.09375,8.125,7.9375,7.9375,1.9226596355438232,106800
1986-10-09,7.9375,8.03125,7.8125,8.0,1.9377988576889038,360800
1986-10-10,8.0,8.03125,7.96875,8.03125,1.9453673362731934,129600
1986-10-13,8.03125,8.21875,7.96875,8.21875,1.9907857179641724,371200
1986-10-14,8.21875,8.4375,8.125,8.1875,1.983216404914856,247200
1986-10-15,8.1875,8.4375,8.0625,8.34375,2.0210630893707275,140800
1986-10-16,8.34375,8.40625,8.28125,8.34375,2.0210630893707275,270400
1986-10-17,8.3125,8.3125,8.0,8.125,1.968077540397644,215200
1986-10-20,8.125,8.125,7.875,7.96875,1.9302300214767456,218000
1986-10-21,7.96875,8.0,7.6875,7.75,1.877243161201477,257200
1986-10-22,7.75,7.8125,7.75,7.8125,1.8923817873001099,110400
1986-10-23,7.9375,8.1875,7.9375,8.03125,1.9453673362731934,556800
1986-10-24,8.03125,8.0625,7.9375,7.96875,1.9302300214767456,170400
1986-10-27,8.0,8.1875,8.0,8.1875,1.983216404914856,165600
1986-10-28,8.1875,8.84375,8.125,8.53125,2.0664806365966797,1042400
1986-10-29,8.53125,8.6875,8.25,8.3125,2.0134942531585693,424400
1986-10-30,8.3125,8.375,8.21875,8.28125,2.005923271179199,285200
1986-10-31,8.28125,8.4375,8.1875,8.4375,2.0437710285186768,664400
1986-11-03,8.5,8.6875,8.5,8.625,2.089188814163208,1150800
1986-11-04,8.625,8.71875,8.25,8.3125,2.0134942531585693,229600
1986-11-05,8.3125,8.40625,8.28125,8.40625,2.036200761795044,69600
1986-11-06,8.375,8.375,8.34375,8.34375,2.0210630893707275,64400
1986-11-07,8.34375,8.375,8.3125,8.375,2.028632640838623,58400
1986-11-10,8.375,8.4375,8.34375,8.375,2.028632640838623,221200
1986-11-11,8.34375,8.34375,8.125,8.25,1.9983549118041992,284000
1986-11-12,8.25,8.25,8.1875,8.21875,1.9907857179641724,315200
1986-11-13,8.21875,8.25,8.15625,8.15625,1.9756457805633545,163600
1986-11-14,8.15625,8.15625,8.0,8.0,1.9377988576889038,353600
1986-11-17,8.0,8.0,7.875,7.875,1.9075201749801636,210000
1986-11-18,7.875,7.90625,7.375,7.375,1.78640878200531,460000
1986-11-19,7.375,7.375,7.125,7.1875,1.7409906387329102,486800
1986-11-20,7.21875,7.5,7.21875,7.5,1.8166855573654175,341200
1986-11-21,7.5,7.71875,7.46875,7.6875,1.8621025085449219,114800
1986-11-24,7.6875,7.875,7.625,7.75,1.877243161201477,281200
1986-11-25,7.75,7.8125,7.6875,7.75,1.877243161201477,276000
1986-11-26,7.75,7.8125,7.6875,7.8125,1.9065258502960205,120000
1986-11-28,7.8125,7.90625,7.8125,7.8125,1.9065258502960205,62400
1986-12-01,7.78125,7.78125,7.75,7.75,1.8912748098373413,55600
1986-12-02,7.75,7.90625,7.75,7.90625,1.9294047355651855,130800
1986-12-03,7.90625,7.9375,7.84375,7.90625,1.9294047355651855,34400
1986-12-04,7.875,7.875,7.8125,7.8125,1.9065258502960205,72800
1986-12-05,7.8125,7.875,7.6875,7.6875,1.8760221004486084,90400
1986-12-08,7.6875,7.75,7.5625,7.5625,1.8455182313919067,259600
1986-12-09,7.5625,7.5625,7.375,7.4375,1.8150134086608887,691200
1986-12-10,7.4375,7.75,7.40625,7.75,1.8912748098373413,236000
1986-12-11,7.75,7.8125,7.6875,7.6875,1.8760221004486084,150000
1986-12-12,7.65625,7.65625,7.46875,7.46875,1.8226398229599,134000
1986-12-15,7.46875,7.65625,7.46875,7.5,1.8302645683288574,274800
1986-12-16,7.5,7.53125,7.46875,7.5,1.8302645683288574,148800
1986-12-17,7.5,7.59375,7.46875,7.59375,1.8531430959701538,203600
1986-12-18,7.59375,7.59375,7.5,7.59375,1.8531430959701538,714000
1986-12-19,7.59375,7.59375,7.5,7.53125,1.837891936302185,251200
1986-12-22,7.53125,7.6875,7.5,7.65625,1.868395447731018,457600
1986-12-23,7.65625,7.6875,7.5625,7.6875,1.8760221004486084,216800
1986-12-24,7.6875,7.71875,7.625,7.625,1.8607690334320068,49600
1986-12-26,7.65625,7.6875,7.65625,7.6875,1.8760221004486084,326000
1986-12-29,7.6875,7.6875,7.625,7.65625,1.868395447731018,102400
1986-12-30,7.625,7.625,7.5,7.53125,1.837891936302185,913600
1986-12-31,7.53125,7.59375,7.4375,7.5,1.8302645683288574,186000
1987-01-02,7.5,7.53125,7.5,7.5,1.8302645683288574,19200
1987-01-05,7.5625,7.875,7.5625,7.8125,1.9065258502960205,141200
1987-01-06,7.8125,7.90625,7.8125,7.84375,1.91415274143219,25600
1987-01-07,7.84375,7.9375,7.84375,7.9375,1.9370317459106445,62800
1987-01-08,7.9375,8.0,7.875,8.0,1.952282190322876,90800
1987-01-09,8.0,8.0625,7.9375,8.03125,1.9599088430404663,96400
1987-01-12,8.03125,8.3125,7.9375,8.3125,2.0285441875457764,158400
1987-01-13,8.25,8.25,8.0625,8.0625,1.9675365686416626,55200
1987-01-14,8.0625,8.21875,8.03125,8.1875,1.998039722442627,139200
1987-01-15,8.1875,8.5,8.125,8.46875,2.066673994064331,439200
1987-01-16,8.46875,8.65625,8.40625,8.5625,2.0895535945892334,220400
1987-01-19,8.5625,8.625,8.40625,8.59375,2.097179412841797,109200
1987-01-20,8.59375,8.75,8.40625,8.75,2.135310173034668,202800
1987-01-21,8.75,8.75,8.59375,8.625,2.1048057079315186,133600
1987-01-22,8.625,8.625,8.5,8.5625,2.0895535945892334,130400
1987-01-23,8.5625,8.625,8.1875,8.25,2.013291358947754,224400
1987-01-26,8.25,8.25,8.09375,8.125,1.9827874898910522,30000
1987-01-27,8.125,8.1875,8.125,8.125,1.9827874898910522,26400
1987-01-28,8.125,8.1875,8.0625,8.09375,1.9751614332199097,115200
1987-01-29,8.09375,8.15625,8.09375,8.09375,1.9751614332199097,82400
1987-01-30,8.09375,8.125,8.03125,8.125,1.9827874898910522,69600
1987-02-02,8.15625,8.25,8.15625,8.25,2.013291358947754,80000
1987-02-03,8.28125,8.53125,8.28125,8.53125,2.081928014755249,41600
1987-02-04,8.5625,8.6875,8.5625,8.625,2.1048057079315186,101600
1987-02-05,8.71875,9.0625,8.71875,8.96875,2.1886935234069824,87200
1987-02-06,8.90625,8.90625,8.6875,8.75,2.135310173034668,59600
1987-02-09,8.71875,8.71875,8.59375,8.625,2.1048057079315186,23600
1987-02-10,8.625,8.625,8.40625,8.59375,2.097179412841797,71600
1987-02-11,8.59375,8.59375,8.53125,8.53125,2.081928014755249,13600
1987-02-12,8.53125,8.75,8.53125,8.6875,2.1200573444366455,320400
1987-02-13,8.65625,8.65625,8.5625,8.625,2.1048057079315186,101600
1987-02-17,8.625,8.6875,8.625,8.625,2.1048057079315186,26800
1987-02-18,8.625,8.90625,8.625,8.75,2.135310173034668,288800
1987-02-19,8.75,8.78125,8.71875,8.78125,2.1429364681243896,149200
1987-02-20,8.78125,8.8125,8.75,8.75,2.135310173034668,62400
1987-02-23,8.75,8.75,8.6875,8.6875,2.1200573444366455,191600
1987-02-24,8.6875,8.75,8.6875,8.71875,2.12768292427063,146400
1987-02-25,8.71875,8.75,8.6875,8.71875,2.12768292427063,143200
1987-02-26,8.71875,8.78125,8.71875,8.75,2.135310173034668,84800
1987-02-27,8.75,8.75,8.71875,8.71875,2.12768292427063,22000
1987-03-02,8.71875,8.75,8.6875,8.71875,2.12768292427063,64400
1987-03-03,8.71875,8.8125,8.6875,8.75,2.135310173034668,336800
1987-03-04,8.75,8.78125,8.71875,8.75,2.135310173034668,152400
1987-03-05,8.75,8.84375,8.6875,8.6875,2.1200573444366455,224800
1987-03-06,8.65625,8.65625,8.5,8.5,2.0743002891540527,196800
1987-03-09,8.5,8.5625,8.375,8.375,2.043797254562378,46000
1987-03-10,8.4375,8.5,8.4375,8.46875,2.066673994064331,73600
1987-03-11,8.46875,8.5625,8.4375,8.53125,2.081928014755249,71200
1987-03-12,8.53125,8.625,8.5,8.53125,2.081928014755249,78000
1987-03-13,8.53125,8.5625,8.3125,8.375,2.043797254562378,876800
1987-03-16,8.375,8.4375,8.375,8.4375,2.0590498447418213,10800
1987-03-17,8.5,8.71875,8.5,8.6875,2.1200573444366455,102400
1987-03-18,8.6875,8.8125,8.6875,8.8125,2.1505610942840576,304000
1987-03-19,8.8125,8.8125,8.6875,8.6875,2.1200573444366455,125600
1987-03-20,8.75,9.0,8.75,8.96875,2.1886935234069824,173600
1987-03-23,8.96875,9.0625,8.96875,9.03125,2.2039453983306885,320800
1987-03-24,9.03125,9.09375,9.0,9.09375,2.2191977500915527,55200
1987-03-25,9.0625,9.0625,8.9375,8.96875,2.1886935234069824,113200
1987-03-26,8.9375,8.9375,8.6875,8.71875,2.12768292427063,239600
1987-03-27,8.71875,8.875,8.71875,8.8125,2.1505610942840576,66800
1987-03-30,8.6875,8.6875,8.5625,8.5625,2.0895535945892334,227200
1987-03-31,8.5625,8.59375,8.5,8.59375,2.097179412841797,130000
1987-04-01,8.5625,8.5625,8.5,8.5625,2.0895535945892334,52000
1987-04-02,8.5625,8.5625,8.4375,8.46875,2.066673994064331,72000
1987-04-03,8.46875,8.75,8.4375,8.71875,2.12768292427063,408400
1987-04-06,8.78125,8.90625,8.78125,8.90625,2.17344069480896,201600
1987-04-07,8.90625,8.9375,8.8125,8.8125,2.1505610942840576,46800
1987-04-08,8.8125,8.84375,8.75,8.8125,2.1505610942840576,48400
1987-04-09,8.8125,8.8125,8.53125,8.59375,2.097179412841797,34400
1987-04-10,8.5625,8.5625,8.5,8.53125,2.081928014755249,94400
1987-04-13,8.53125,8.59375,8.53125,8.5625,2.0895535945892334,282000
1987-04-14,8.5,8.5,8.40625,8.40625,2.051421642303467,174000
1987-04-15,8.40625,8.4375,8.28125,8.28125,2.020918846130371,179200
1987-04-16,8.34375,8.5625,8.34375,8.5625,2.0895535945892334,136800
1987-04-20,8.5625,8.625,8.5625,8.5625,2.0895535945892334,51600
1987-04-21,8.5625,8.6875,8.5,8.6875,2.1200573444366455,151200
1987-04-22,8.6875,8.6875,8.5625,8.59375,2.097179412841797,91200
1987-04-23,8.59375,8.6875,8.53125,8.6875,2.1200573444366455,158400
1987-04-24,8.65625,8.65625,8.59375,8.59375,2.097179412841797,89200
1987-04-27,8.59375,8.75,8.5,8.65625,2.112431287765503,113600
1987-04-28,8.65625,8.90625,8.59375,8.875,2.1658132076263428,343200
1987-04-29,9.28125,9.46875,9.28125,9.34375,2.280205488204956,624800
1987-04-30,9.34375,9.40625,9.34375,9.375,2.2878317832946777,300000
1987-05-01,9.375,9.375,9.28125,9.28125,2.2649526596069336,98000
1987-05-04,9.28125,9.34375,9.1875,9.25,2.2573277950286865,156400
1987-05-05,9.25,9.3125,9.21875,9.3125,2.2725796699523926,124800
1987-05-06,9.3125,9.40625,9.3125,9.40625,2.295459270477295,92400
1987-05-07,9.40625,9.40625,9.34375,9.375,2.2878317832946777,136400
1987-05-08,9.375,9.5625,9.3125,9.5625,2.333587646484375,208400
1987-05-11,9.5625,10.0,9.5625,9.71875,2.3717191219329834,211600
1987-05-12,9.6875,9.6875,9.53125,9.53125,2.325963020324707,178000
1987-05-13,9.53125,9.59375,9.5,9.53125,2.325963020324707,107600
1987-05-14,9.53125,9.53125,9.4375,9.5,2.31833553314209,83600
1987-05-15,9.4375,9.4375,9.375,9.40625,2.295459270477295,49200
1987-05-18,9.40625,9.4375,9.34375,9.375,2.2878317832946777,71600
1987-05-19,9.375,9.375,9.15625,9.15625,2.234449625015259,63600
1987-05-20,9.125,9.125,9.0625,9.09375,2.2191977500915527,110800
1987-05-21,9.09375,9.15625,9.0625,9.15625,2.234449625015259,70800
1987-05-22,9.15625,9.15625,9.09375,9.125,2.2268247604370117,106000
1987-05-26,9.125,9.28125,9.125,9.28125,2.2649526596069336,144000
1987-05-27,9.28125,9.40625,9.1875,9.21875,2.249701738357544,209600
1987-05-28,9.21875,9.3125,9.1875,9.3125,2.2725796699523926,102800
1987-05-29,9.3125,9.40625,9.25,9.25,2.2573277950286865,155600
1987-06-01,9.25,9.25,9.1875,9.1875,2.2420759201049805,47600
1987-06-02,9.15625,9.15625,9.0625,9.125,2.2268247604370117,166400
1987-06-03,9.1875,9.21875,9.1875,9.1875,2.2420759201049805,48800
1987-06-04,9.1875,9.25,9.1875,9.21875,2.249701738357544,197600
1987-06-05,9.21875,9.25,9.125,9.125,2.2268247604370117,295600
1987-06-08,9.125,9.125,9.0,9.0,2.1963183879852295,129600
1987-06-09,9.0,9.15625,9.0,9.0,2.1963183879852295,422000
1987-06-10,9.0,9.0,8.9375,8.96875,2.1886935234069824,159200
1987-06-11,8.96875,8.96875,8.9375,8.96875,2.1886935234069824,76400
1987-06-12,8.96875,8.96875,8.875,8.9375,2.1810667514801025,802400
1987-06-15,8.9375,8.9375,8.625,8.71875,2.12768292427063,262800
1987-06-16,8.71875,8.9375,8.65625,8.9375,2.1810667514801025,267200
1987-06-17,8.875,8.875,8.75,8.8125,2.1505610942840576,176000
1987-06-18,8.8125,8.8125,8.71875,8.75,2.135310173034668,89200
1987-06-19,8.75,8.78125,8.65625,8.71875,2.12768292427063,94400
1987-06-22,8.71875,8.9375,8.65625,8.9375,2.1810667514801025,324400
1987-06-23,8.9375,8.9375,8.875,8.875,2.1658132076263428,111600
1987-06-24,8.875,8.90625,8.625,8.75,2.135310173034668,186800
1987-06-25,8.8125,8.96875,8.8125,8.96875,2.1886935234069824,106000
1987-06-26,8.96875,9.0,8.90625,8.9375,2.1810667514801025,81600
1987-06-29,8.9375,8.9375,8.75,8.8125,2.1505610942840576,124000
1987-06-30,8.8125,8.84375,8.6875,8.8125,2.1505610942840576,112800
1987-07-01,8.8125,8.875,8.75,8.8125,2.1505610942840576,90400
1987-07-02,8.8125,8.84375,8.65625,8.65625,2.112431287765503,58000
1987-07-06,8.6875,8.75,8.6875,8.75,2.135310173034668,31600
1987-07-07,8.78125,9.0625,8.78125,9.0,2.1963183879852295,83200
1987-07-08,9.0,9.09375,8.96875,8.96875,2.1886935234069824,69600
1987-07-09,8.96875,9.0625,8.9375,8.9375,2.1810667514801025,106400
1987-07-10,8.9375,9.0,8.9375,9.0,2.1963183879852295,40000
1987-07-13,9.125,9.5,9.125,9.4375,2.303083658218384,221200
1987-07-14,9.4375,9.625,9.40625,9.46875,2.3107099533081055,143200
1987-07-15,9.46875,9.65625,9.375,9.5,2.31833553314209,99600
1987-07-16,9.5,10.0,9.46875,9.71875,2.3717191219329834,280000
1987-07-17,9.71875,9.78125,9.5625,9.5625,2.333587646484375,96000
1987-07-20,9.5625,9.625,9.5,9.5625,2.333587646484375,116800
1987-07-21,9.5625,9.59375,9.5,9.5,2.31833553314209,42800
1987-07-22,9.5,9.625,9.5,9.5,2.31833553314209,133600
1987-07-23,9.5,9.6875,9.5,9.59375,2.3412153720855713,108800
1987-07-24,9.625,9.96875,9.625,9.84375,2.4022233486175537,252000
1987-07-27,9.84375,9.875,9.6875,9.75,2.379345178604126,146400
1987-07-28,9.71875,9.71875,9.4375,9.46875,2.3107099533081055,76400
1987-07-29,9.46875,9.59375,9.40625,9.59375,2.3412153720855713,91600
1987-07-30,9.59375,9.65625,9.53125,9.59375,2.3412153720855713,77600
1987-07-31,9.59375,9.71875,9.59375,9.65625,2.356466054916382,55600
1987-08-03,9.65625,9.71875,9.5,9.53125,2.325963020324707,100400
1987-08-04,9.53125,9.625,9.53125,9.625,2.3488402366638184,39200
1987-08-05,9.625,9.6875,9.53125,9.59375,2.3412153720855713,137200
1987-08-06,9.59375,9.59375,9.4375,9.59375,2.3412153720855713,129600
1987-08-07,9.59375,9.625,9.53125,9.53125,2.325963020324707,150400
1987-08-10,9.5625,9.6875,9.5625,9.6875,2.36409330368042,149600
1987-08-11,9.6875,9.78125,9.65625,9.78125,2.3869712352752686,93200
1987-08-12,9.78125,9.875,9.71875,9.84375,2.4022233486175537,232000
1987-08-13,9.84375,9.96875,9.84375,9.9375,2.4251022338867188,175600
1987-08-14,9.9375,9.9375,9.90625,9.9375,2.4251022338867188,11200
1987-08-17,9.9375,9.9375,9.875,9.875,2.409848690032959,49200
1987-08-18,9.875,9.875,9.71875,9.75,2.379345178604126,150800
1987-08-19,9.71875,9.71875,9.53125,9.59375,2.3412153720855713,182400
1987-08-20,9.71875,9.9375,9.71875,9.8125,2.394596815109253,492400
1987-08-21,9.8125,9.875,9.75,9.78125,2.3869712352752686,405600
1987-08-24,9.78125,9.78125,9.625,9.75,2.379345178604126,88400
1987-08-25,9.75,9.9375,9.75,9.9375,2.4251022338867188,192400
1987-08-26,9.9375,10.0,9.75,9.75,2.379345178604126,330800
1987-08-27,9.75,9.75,9.625,9.625,2.3488402366638184,169600
1987-08-28,9.625,9.65625,9.40625,9.40625,2.295459270477295,243200
1987-08-31,9.40625,9.53125,9.40625,9.5,2.31833553314209,178000
1987-09-01,9.53125,9.75,9.53125,9.6875,2.36409330368042,202000
1987-09-02,9.6875,9.6875,9.625,9.6875,2.36409330368042,218000
1987-09-03,9.6875,9.6875,9.625,9.65625,2.356466054916382,344400
1987-09-04,9.65625,10.1875,9.625,10.09375,2.4632325172424316,696400
1987-09-08,10.0625,10.0625,9.34375,9.5,2.31833553314209,206400
1987-09-09,9.5,9.5625,9.4375,9.53125,2.325963020324707,230400
1987-09-10,9.53125,9.75,9.5,9.65625,2.356466054916382,173600
1987-09-11,9.65625,9.8125,9.65625,9.75,2.379345178604126,180800
1987-09-14,9.75,9.8125,9.6875,9.8125,2.394596815109253,352400
1987-09-15,9.78125,9.78125,9.6875,9.71875,2.3717191219329834,139200
1987-09-16,9.71875,10.375,9.71875,10.0625,2.4556057453155518,575600
1987-09-17,10.125,11.125,10.125,11.125,2.714893341064453,1128400
1987-09-18,11.125,11.28125,10.53125,10.90625,2.661512851715088,487200
1987-09-21,10.78125,10.78125,10.5625,10.5625,2.5776243209838867,184800
1987-09-22,10.5625,10.5625,10.28125,10.46875,2.5547444820404053,167600
1987-09-23,10.46875,10.625,10.46875,10.5,2.5623726844787598,490000
1987-09-24,10.5,10.65625,10.5,10.65625,2.6005022525787354,140800
1987-09-25,10.59375,10.59375,10.46875,10.53125,2.569998025894165,248800
1987-09-28,10.625,10.875,10.625,10.6875,2.6081271171569824,334800
1987-09-29,10.6875,10.8125,10.65625,10.6875,2.6081271171569824,368400
1987-09-30,10.6875,10.8125,10.5,10.5,2.5623726844787598,226400
1987-10-01,10.5,11.0,10.5,10.96875,2.676762819290161,288800
1987-10-02,10.96875,11.03125,10.875,10.875,2.6538848876953125,300400
1987-10-05,10.875,11.125,10.8125,11.125,2.714893341064453,315200
1987-10-06,11.125,11.125,10.9375,10.9375,2.6691367626190186,298400
1987-10-07,10.9375,10.96875,10.90625,10.90625,2.661512851715088,84000
1987-10-08,10.9375,11.59375,10.9375,11.5,2.806408643722534,589200
1987-10-09,11.5625,12.3125,11.5625,12.09375,2.951303482055664,1518400
1987-10-12,12.03125,12.03125,11.5625,11.6875,2.8521623611450195,338800
1987-10-13,11.6875,11.71875,11.375,11.375,2.7759017944335938,168800
1987-10-14,11.375,11.59375,11.0,11.34375,2.7682762145996094,500000
1987-10-15,11.34375,11.34375,10.875,10.875,2.6538848876953125,384400
1987-10-16,10.78125,10.78125,10.0,10.03125,2.447981119155884,412400
1987-10-19,9.875,9.875,8.15625,8.25,2.013291358947754,700800
1987-10-20,8.25,8.5,7.0,7.5,1.8302645683288574,586000
1987-10-21,7.875,8.75,7.875,7.875,1.9217784404754639,767600
1987-10-22,7.875,9.375,7.3125,7.625,1.8607690334320068,368400
1987-10-23,7.625,8.4375,7.53125,7.875,1.9217784404754639,398000
1987-10-26,7.65625,7.65625,7.0,7.0,1.7082469463348389,1192400
1987-10-27,6.96875,6.96875,6.3125,6.375,1.5557260513305664,340800
1987-10-28,6.375,6.59375,6.3125,6.5,1.5862301588058472,288800
1987-10-29,6.59375,7.34375,6.59375,7.15625,1.7463785409927368,132400
1987-10-30,7.40625,7.8125,7.40625,7.6875,1.8760221004486084,358800
1987-11-02,7.6875,7.6875,7.46875,7.625,1.8607690334320068,371600
1987-11-03,7.625,7.6875,7.375,7.65625,1.868395447731018,135600
1987-11-04,7.65625,8.0625,7.5,7.90625,1.9294047355651855,146800
1987-11-05,7.8125,8.0,7.8125,8.0,1.952282190322876,121200
1987-11-06,7.9375,8.0625,7.9375,8.0,1.952282190322876,95200
1987-11-09,8.0625,8.0625,7.9375,7.9375,1.9370317459106445,121600
1987-11-10,7.8125,7.875,7.8125,7.8125,1.9065258502960205,99200
1987-11-11,7.75,7.875,7.75,7.8125,1.9065258502960205,102000
1987-11-12,7.9375,8.0,7.90625,7.9375,1.9370317459106445,140400
1987-11-13,7.875,7.96875,7.875,7.9375,1.9370317459106445,150000
1987-11-16,7.875,8.03125,7.875,7.9375,1.9370317459106445,190000
1987-11-17,8.0,8.0,7.90625,7.90625,1.9294047355651855,257600
1987-11-18,7.9375,8.0625,7.9375,7.96875,1.9446567296981812,521600
1987-11-19,7.96875,7.96875,7.78125,7.78125,1.8989003896713257,51600
1987-11-20,7.78125,7.84375,7.78125,7.8125,1.9065258502960205,68400
1987-11-23,7.8125,7.8125,7.75,7.78125,1.8989003896713257,50800
1987-11-24,7.75,7.90625,7.75,7.84375,1.91415274143219,210000
1987-11-25,7.8125,7.84375,7.78125,7.78125,1.8989003896713257,84000
1987-11-27,7.71875,7.71875,7.5625,7.625,1.8746223449707031,88000
1987-11-30,7.53125,7.53125,7.0,7.0,1.7209652662277222,252400
1987-12-01,7.0625,7.3125,7.0625,7.25,1.7824287414550781,192400
1987-12-02,7.28125,7.28125,7.25,7.25,1.7824287414550781,232000
1987-12-03,7.25,7.25,6.875,6.875,1.6902332305908203,96800
1987-12-04,6.875,6.875,6.75,6.875,1.6902332305908203,119200
1987-12-07,6.8125,7.0625,6.8125,6.9375,1.705599308013916,319200
1987-12-08,6.875,7.09375,6.875,7.09375,1.7440136671066284,196400
1987-12-09,7.03125,7.375,6.96875,7.25,1.7824287414550781,359200
1987-12-10,7.1875,7.375,7.0,7.375,1.8131579160690308,270400
1987-12-11,7.34375,7.375,7.28125,7.3125,1.7977933883666992,236800
1987-12-14,7.25,7.3125,7.125,7.125,1.7516969442367554,258800
1987-12-15,7.1875,7.75,7.1875,7.25,1.7824287414550781,1078800
1987-12-16,7.3125,7.625,7.3125,7.59375,1.8669382333755493,64800
1987-12-17,7.65625,7.875,7.625,7.84375,1.9284017086029053,72000
1987-12-18,8.125,8.34375,8.0,8.34375,2.051328659057617,124400
1987-12-21,8.28125,8.34375,8.25,8.34375,2.051328659057617,240400
1987-12-22,8.34375,8.34375,8.125,8.1875,2.0129144191741943,72000
1987-12-23,8.25,8.40625,8.25,8.40625,2.0666940212249756,40000
1987-12-24,8.375,8.4375,8.3125,8.3125,2.0436458587646484,86400
1987-12-28,8.25,8.25,8.125,8.125,1.9975489377975464,43600
1987-12-29,8.09375,8.09375,8.0,8.0625,1.9821817874908447,39600
1987-12-30,8.09375,8.21875,8.0625,8.15625,2.0052309036254883,157200
1987-12-31,8.09375,8.1875,8.03125,8.15625,2.0052309036254883,63200
1988-01-04,8.1875,8.3125,8.1875,8.21875,2.020596742630005,50000
1988-01-05,8.28125,8.4375,8.28125,8.28125,2.0359623432159424,51200
1988-01-06,8.34375,8.5625,8.34375,8.5625,2.1051087379455566,190400
1988-01-07,8.5625,8.5625,8.4375,8.4375,2.074378490447998,52000
1988-01-08,8.5625,8.625,8.375,8.375,2.0590126514434814,138000
1988-01-11,8.375,8.375,8.0625,8.125,1.9975489377975464,149600
1988-01-12,8.09375,8.09375,7.90625,7.90625,1.9437682628631592,30000
1988-01-13,7.875,8.15625,7.875,8.15625,2.0052309036254883,91200
1988-01-14,8.125,8.125,7.96875,8.0,1.966816782951355,154000
1988-01-15,8.0625,8.125,7.625,7.625,1.8746223449707031,419200
1988-01-18,7.71875,7.96875,7.71875,7.96875,1.9591341018676758,93600
1988-01-19,7.875,7.875,7.78125,7.78125,1.9130369424819946,148800
1988-01-20,7.84375,7.84375,7.65625,7.6875,1.8899868726730347,84000
1988-01-21,7.625,7.625,7.46875,7.46875,1.8362069129943848,306000
1988-01-22,7.5,7.5,7.28125,7.28125,1.79011070728302,264800
1988-01-25,7.34375,7.4375,7.34375,7.4375,1.8285237550735474,414800
1988-01-26,7.5,7.5625,7.4375,7.4375,1.8285237550735474,204800
1988-01-27,7.5,7.5,7.40625,7.5,1.843890905380249,122400
1988-01-28,7.53125,7.5625,7.53125,7.5625,1.8592569828033447,131600
1988-01-29,7.5625,7.875,7.5625,7.875,1.9360851049423218,262400
1988-02-01,7.84375,8.09375,7.84375,8.09375,1.9898656606674194,322800
1988-02-02,8.0625,8.125,8.0,8.0,1.966816782951355,558400
1988-02-03,8.0,8.09375,8.0,8.0625,1.9821817874908447,370000
1988-02-04,8.0625,8.0625,7.96875,8.0625,1.9821817874908447,148000
1988-02-05,8.0,8.03125,7.96875,7.96875,1.9591341018676758,116000
1988-02-08,7.9375,7.96875,7.90625,7.9375,1.951450228691101,131600
1988-02-09,7.875,7.9375,7.875,7.90625,1.9437682628631592,88800
1988-02-10,7.9375,8.03125,7.9375,8.03125,1.974500298500061,65600
1988-02-11,8.03125,8.09375,8.0,8.0625,1.9821817874908447,163600
1988-02-12,8.125,8.1875,8.09375,8.1875,2.0129144191741943,58400
1988-02-16,8.21875,8.3125,8.1875,8.28125,2.0359623432159424,94800
1988-02-17,8.3125,8.3125,8.28125,8.28125,2.0359623432159424,60000
1988-02-18,8.28125,8.40625,8.28125,8.375,2.0590126514434814,99600
1988-02-19,8.3125,8.40625,8.3125,8.40625,2.080981969833374,89600
1988-02-22,8.4375,8.4375,8.375,8.4375,2.088717222213745,49200
1988-02-23,8.40625,8.5625,8.40625,8.53125,2.111926317214966,137200
1988-02-24,8.53125,8.53125,8.46875,8.5,2.104189157485962,64000
1988-02-25,8.5625,8.5625,8.3125,8.3125,2.0577735900878906,186000
1988-02-26,8.375,8.40625,8.375,8.375,2.0732455253601074,163600
1988-02-29,8.34375,8.40625,8.25,8.34375,2.0655100345611572,47200
1988-03-01,8.375,8.40625,8.3125,8.34375,2.0655100345611572,43200
1988-03-02,8.40625,8.53125,8.40625,8.5,2.104189157485962,202400
1988-03-03,8.53125,8.53125,8.4375,8.46875,2.0964531898498535,167200
1988-03-04,8.4375,8.4375,8.34375,8.40625,2.080981969833374,110800
1988-03-07,8.34375,8.375,8.3125,8.34375,2.0655100345611572,219200
1988-03-08,8.34375,8.375,8.34375,8.375,2.0732455253601074,109200
1988-03-09,8.375,8.625,8.375,8.625,2.1351332664489746,370000
1988-03-10,8.65625,8.6875,8.375,8.375,2.0732455253601074,307600
1988-03-11,8.40625,8.46875,8.375,8.46875,2.0964531898498535,350000
1988-03-14,8.53125,9.34375,8.53125,9.28125,2.29758882522583,832800
1988-03-15,9.3125,9.34375,8.9375,8.96875,2.2202296257019043,264800
1988-03-16,9.03125,9.125,8.8125,9.125,2.2589099407196045,270400
1988-03-17,9.125,9.21875,9.0625,9.1875,2.274381160736084,204400
1988-03-18,9.3125,9.53125,9.1875,9.25,2.2898542881011963,838800
1988-03-21,9.25,9.25,9.03125,9.1875,2.274381160736084,228400
1988-03-22,9.40625,9.5625,9.25,9.28125,2.29758882522583,1075600
1988-03-23,9.34375,9.625,9.15625,9.625,2.3826866149902344,1566800
1988-03-24,9.5,9.625,9.34375,9.5,2.351741313934326,848000
1988-03-25,9.4375,9.6875,9.4375,9.5,2.351741313934326,541600
1988-03-28,9.40625,9.40625,9.21875,9.25,2.2898542881011963,292800
1988-03-29,9.25,9.34375,9.09375,9.125,2.2589099407196045,290800
1988-03-30,9.125,9.125,8.84375,9.0,2.2279653549194336,323600
1988-03-31,9.0625,9.0625,8.875,9.0,2.2279653549194336,198400
1988-04-04,9.0,9.0,8.875,8.875,2.1970205307006836,126000
1988-04-05,8.9375,8.9375,8.75,8.78125,2.173814535140991,152800
1988-04-06,8.8125,9.0,8.8125,8.84375,2.189286708831787,112400
1988-04-07,8.8125,8.84375,8.71875,8.84375,2.189286708831787,385200
1988-04-08,8.84375,9.15625,8.78125,9.09375,2.2511744499206543,168800
1988-04-11,9.03125,9.1875,9.0,9.1875,2.274381160736084,120800
1988-04-12,9.15625,9.15625,9.0625,9.15625,2.2666451930999756,105600
1988-04-13,9.09375,9.15625,9.09375,9.15625,2.2666451930999756,149200
1988-04-14,9.09375,9.09375,8.875,8.875,2.1970205307006836,123600
1988-04-15,8.90625,8.90625,8.8125,8.875,2.1970205307006836,93200
1988-04-18,8.84375,8.96875,8.84375,8.9375,2.212493658065796,75200
1988-04-19,8.9375,9.0625,8.875,9.0,2.2279653549194336,103200
1988-04-20,8.9375,9.0,8.9375,8.96875,2.2202296257019043,160000
1988-04-21,8.9375,8.9375,8.90625,8.9375,2.212493658065796,45600
1988-04-22,9.0,9.28125,9.0,9.1875,2.274381160736084,237200
1988-04-25,9.1875,9.25,9.15625,9.21875,2.282118797302246,134000
1988-04-26,9.25,9.28125,9.15625,9.28125,2.29758882522583,272000
1988-04-27,9.34375,9.75,9.34375,9.6875,2.398158311843872,858400
1988-04-28,9.6875,9.6875,9.25,9.3125,2.305325508117676,598000
1988-04-29,9.34375,9.34375,9.25,9.34375,2.3130617141723633,253600
1988-05-02,9.3125,9.3125,9.25,9.25,2.2898542881011963,80000
1988-05-03,9.21875,9.25,9.1875,9.21875,2.282118797302246,275600
1988-05-04,9.25,9.28125,9.21875,9.25,2.2898542881011963,220000
1988-05-05,9.28125,9.28125,9.09375,9.09375,2.2511744499206543,236800
1988-05-06,9.125,9.15625,9.03125,9.03125,2.2356998920440674,191600
1988-05-09,9.0625,9.09375,8.96875,9.09375,2.2511744499206543,202800
1988-05-10,9.0625,9.125,9.0,9.125,2.2589099407196045,238800
1988-05-11,9.0625,9.0625,8.9375,8.9375,2.212493658065796,343200
1988-05-12,8.96875,8.96875,8.875,8.875,2.1970205307006836,398000
1988-05-13,8.90625,9.0,8.875,8.9375,2.212493658065796,335600
1988-05-16,8.9375,9.03125,8.9375,9.0,2.2279653549194336,205200
1988-05-17,9.03125,9.15625,9.0,9.03125,2.2356998920440674,379600
1988-05-18,9.0,9.0,8.84375,8.84375,2.189286708831787,296800
1988-05-19,8.8125,8.84375,8.625,8.71875,2.1583406925201416,229600
1988-05-20,8.6875,8.75,8.65625,8.75,2.166077136993408,158800
1988-05-23,8.6875,8.6875,8.625,8.65625,2.142869472503662,74800
1988-05-24,8.625,8.6875,8.625,8.65625,2.157198905944824,160000
1988-05-25,8.65625,8.65625,8.5625,8.5625,2.133835792541504,53200
1988-05-26,8.5625,8.75,8.5625,8.71875,2.172773838043213,76000
1988-05-27,8.65625,8.8125,8.65625,8.78125,2.188349723815918,53200
1988-05-31,8.75,9.0,8.75,9.0,2.2428653240203857,353200
1988-06-01,9.0,9.1875,8.96875,9.0625,2.258439302444458,92800
1988-06-02,9.09375,9.3125,9.03125,9.3125,2.320742130279541,276000
1988-06-03,9.34375,9.34375,9.25,9.3125,2.320742130279541,94800
1988-06-06,9.28125,9.3125,9.21875,9.3125,2.320742130279541,178800
1988-06-07,9.3125,9.3125,9.1875,9.25,2.305166482925415,57600
1988-06-08,9.28125,9.4375,9.28125,9.40625,2.3441050052642822,230800
1988-06-09,9.34375,9.4375,9.34375,9.4375,2.3518917560577393,356000
1988-06-10,9.375,9.46875,9.34375,9.34375,2.3285293579101562,126400
1988-06-13,9.375,9.40625,9.3125,9.375,2.3363168239593506,127200
1988-06-14,9.4375,9.53125,9.375,9.5,2.3674678802490234,666400
1988-06-15,9.5625,9.5625,9.53125,9.53125,2.3752551078796387,49600
1988-06-16,9.59375,9.71875,9.53125,9.6875,2.4141955375671387,211200
1988-06-17,9.65625,10.0,9.65625,9.96875,2.484282970428467,374800
1988-06-20,9.9375,9.9375,9.84375,9.90625,2.4687089920043945,367600
1988-06-21,9.9375,9.96875,9.875,9.9375,2.4764952659606934,280400
1988-06-22,9.9375,9.96875,9.84375,9.875,2.460920572280884,459600
1988-06-23,9.875,9.90625,9.75,9.875,2.460920572280884,335600
1988-06-24,9.875,9.875,9.75,9.875,2.460920572280884,290000
1988-06-27,9.84375,9.84375,9.8125,9.8125,2.4453444480895996,38000
1988-06-28,9.78125,9.875,9.75,9.84375,2.453132152557373,184400
1988-06-29,9.875,9.875,9.8125,9.84375,2.453132152557373,199600
1988-06-30,9.90625,9.96875,9.875,9.96875,2.484282970428467,171600
1988-07-01,9.9375,10.1875,9.90625,10.1875,2.5387966632843018,503600
1988-07-05,10.15625,10.15625,9.96875,10.0,2.492070198059082,144000
1988-07-06,9.9375,9.96875,9.75,9.75,2.429769992828369,332000
1988-07-07,9.6875,9.71875,9.59375,9.625,2.3986194133758545,187600
1988-07-08,9.5625,9.59375,9.4375,9.4375,2.3518917560577393,79600
1988-07-11,9.375,9.59375,9.375,9.59375,2.3908302783966064,206400
1988-07-12,9.5625,9.65625,9.28125,9.3125,2.320742130279541,102400
1988-07-13,9.28125,9.28125,9.0625,9.1875,2.2895894050598145,68400
1988-07-14,9.21875,9.28125,9.125,9.1875,2.2895894050598145,347200
1988-07-15,9.25,9.25,9.15625,9.21875,2.2973785400390625,82400
1988-07-18,9.25,9.28125,9.125,9.1875,2.2895894050598145,372800
1988-07-19,9.1875,9.1875,9.09375,9.125,2.274015188217163,143200
1988-07-20,9.125,9.125,9.0625,9.09375,2.2662277221679688,63200
1988-07-21,9.125,9.21875,9.0625,9.21875,2.2973785400390625,246800
1988-07-22,9.1875,9.1875,9.03125,9.03125,2.2506508827209473,126400
1988-07-25,9.0,9.03125,9.0,9.03125,2.2506508827209473,48800
1988-07-26,9.0625,9.0625,9.03125,9.03125,2.2506508827209473,93600
1988-07-27,9.0625,9.0625,8.84375,8.84375,2.2039263248443604,272400
1988-07-28,9.0,9.03125,9.0,9.0,2.2428653240203857,117200
1988-07-29,9.0,9.15625,9.0,9.09375,2.2662277221679688,181600
1988-08-01,9.09375,9.125,9.0,9.0,2.2428653240203857,54000
1988-08-02,9.03125,9.0625,9.0,9.0,2.2428653240203857,152400
1988-08-03,9.0625,9.1875,9.0625,9.15625,2.2818024158477783,93200
1988-08-04,9.125,9.125,9.125,9.125,2.274015188217163,23600
1988-08-05,9.09375,9.125,9.0625,9.125,2.274015188217163,50400
1988-08-08,9.0625,9.125,9.0,9.0625,2.258439302444458,71200
1988-08-09,9.03125,9.03125,8.875,8.9375,2.2272887229919434,46800
1988-08-10,8.875,8.875,8.6875,8.6875,2.1649866104125977,38800
1988-08-11,8.6875,8.6875,8.59375,8.625,2.149411201477051,28800
1988-08-12,8.5625,8.5625,8.40625,8.5,2.1182610988616943,90800
1988-08-15,9.1875,9.53125,9.1875,9.25,2.305166482925415,970800
1988-08-16,9.21875,9.25,9.0625,9.0625,2.258439302444458,542400
1988-08-17,9.0625,9.34375,9.0625,9.3125,2.320742130279541,686000
1988-08-18,9.34375,9.4375,9.3125,9.34375,2.3285293579101562,263200
1988-08-19,9.375,9.4375,9.34375,9.40625,2.3441050052642822,282400
1988-08-22,9.375,9.40625,9.25,9.28125,2.312953472137451,193600
1988-08-23,9.21875,9.3125,9.1875,9.25,2.3195364475250244,242000
1988-08-24,9.28125,9.9375,9.28125,9.84375,2.4684252738952637,503600
1988-08-25,9.71875,9.90625,9.625,9.875,2.4762628078460693,429600
1988-08-26,9.875,9.875,9.78125,9.84375,2.4684252738952637,181600
1988-08-29,9.78125,9.78125,9.5625,9.71875,2.4370813369750977,232400
1988-08-30,9.75,9.96875,9.75,9.90625,2.484098196029663,362800
1988-08-31,9.96875,9.96875,9.875,9.9375,2.4919326305389404,165600
1988-09-01,9.875,9.90625,9.78125,9.875,2.4762628078460693,149600
1988-09-02,9.9375,9.9375,9.78125,9.84375,2.4684252738952637,84400
1988-09-06,9.84375,9.875,9.75,9.875,2.4762628078460693,324000
1988-09-07,9.875,9.875,9.8125,9.8125,2.460588216781616,610800
1988-09-08,9.84375,9.875,9.84375,9.875,2.4762628078460693,268000
1988-09-09,9.9375,9.9375,9.875,9.875,2.4762628078460693,152400
1988-09-12,9.84375,9.90625,9.8125,9.875,2.4762628078460693,44400
1988-09-13,9.90625,9.90625,9.8125,9.8125,2.460588216781616,53600
1988-09-14,9.875,9.9375,9.84375,9.875,2.4762628078460693,96000
1988-09-15,9.9375,9.9375,9.8125,9.8125,2.460588216781616,120400
1988-09-16,9.84375,9.90625,9.78125,9.84375,2.4684252738952637,105200
1988-09-19,9.90625,9.90625,9.8125,9.84375,2.4684252738952637,93200
1988-09-20,9.78125,9.875,9.78125,9.84375,2.4684252738952637,118800
1988-09-21,9.8125,9.90625,9.8125,9.84375,2.4684252738952637,132000
1988-09-22,9.90625,9.90625,9.84375,9.84375,2.4684252738952637,179200
1988-09-23,9.8125,9.90625,9.8125,9.90625,2.484098196029663,83600
1988-09-26,9.875,9.90625,9.875,9.875,2.4762628078460693,91600
1988-09-27,9.875,10.4375,9.875,9.96875,2.499769926071167,753600
1988-09-28,10.03125,10.125,9.96875,10.0625,2.523280143737793,222800
1988-09-29,10.0,10.0625,9.84375,9.90625,2.484098196029663,117600
1988-09-30,9.90625,9.96875,9.6875,9.6875,2.4292452335357666,178000
1988-10-03,9.65625,9.71875,9.59375,9.6875,2.4292452335357666,125600
1988-10-04,9.6875,9.75,9.6875,9.71875,2.4370813369750977,78000
1988-10-05,9.71875,9.75,9.625,9.625,2.413571357727051,196000
1988-10-06,9.6875,9.71875,9.65625,9.71875,2.4370813369750977,88000
1988-10-07,9.71875,9.90625,9.71875,9.90625,2.484098196029663,160400
1988-10-10,9.90625,9.9375,9.90625,9.90625,2.484098196029663,48000
1988-10-11,9.875,9.90625,9.78125,9.875,2.4762628078460693,147200
1988-10-12,9.875,9.875,9.75,9.75,2.4449169635772705,90800
1988-10-13,9.75,9.84375,9.6875,9.71875,2.4370813369750977,115200
1988-10-14,9.6875,9.6875,9.5625,9.59375,2.405734062194824,152800
1988-10-17,9.5625,9.625,9.5,9.5625,2.397899627685547,65600
1988-10-18,9.5625,9.84375,9.5625,9.78125,2.452752113342285,502000
1988-10-19,9.8125,9.875,9.78125,9.78125,2.452752113342285,38000
1988-10-20,9.84375,9.875,9.78125,9.8125,2.460588216781616,107600
1988-10-21,9.8125,9.90625,9.78125,9.84375,2.4684252738952637,156400
1988-10-24,9.84375,9.84375,9.78125,9.78125,2.452752113342285,48400
1988-10-25,9.78125,9.78125,9.75,9.75,2.4449169635772705,20800
1988-10-26,9.75,9.8125,9.75,9.78125,2.452752113342285,115600
1988-10-27,9.75,9.75,9.4375,9.4375,2.3665542602539062,208000
1988-10-28,9.5,9.53125,9.25,9.28125,2.3273720741271973,92400
1988-10-31,9.28125,9.28125,9.25,9.25,2.3195364475250244,93200
1988-11-01,9.25,9.34375,9.25,9.3125,2.3352086544036865,62800
1988-11-02,9.375,9.6875,9.375,9.6875,2.4292452335357666,140800
1988-11-03,9.6875,9.75,9.625,9.75,2.4449169635772705,244400
1988-11-04,9.6875,9.8125,9.65625,9.65625,2.421407461166382,70800
1988-11-07,9.71875,9.71875,9.40625,9.4375,2.3665542602539062,65200
1988-11-08,9.4375,9.5,9.4375,9.46875,2.3743889331817627,181200
1988-11-09,9.46875,9.5,9.46875,9.46875,2.3743889331817627,209600
1988-11-10,9.46875,9.46875,9.375,9.375,2.3508822917938232,635200
1988-11-11,9.375,9.40625,9.34375,9.40625,2.358717203140259,43600
1988-11-14,9.34375,9.375,9.28125,9.3125,2.3352086544036865,242000
1988-11-15,9.21875,9.28125,8.875,9.0,2.2568464279174805,204400
1988-11-16,9.0,9.0625,8.90625,8.96875,2.2490103244781494,120400
1988-11-17,9.03125,9.21875,9.03125,9.21875,2.3117012977600098,171600
1988-11-18,9.25,9.4375,9.25,9.3125,2.3352086544036865,398400
1988-11-21,9.3125,9.3125,9.25,9.3125,2.349717378616333,44000
1988-11-22,9.25,9.28125,9.1875,9.1875,2.31817626953125,46400
1988-11-23,9.15625,9.21875,9.15625,9.1875,2.31817626953125,14000
1988-11-25,9.15625,9.1875,9.15625,9.1875,2.31817626953125,8400
1988-11-28,9.125,9.25,9.125,9.25,2.3339474201202393,107600
1988-11-29,9.25,9.25,9.1875,9.21875,2.326063632965088,192400
1988-11-30,9.21875,9.21875,9.125,9.15625,2.3102924823760986,58000
1988-12-01,9.15625,9.1875,9.15625,9.15625,2.3102924823760986,13600
1988-12-02,9.125,9.125,9.03125,9.09375,2.2945220470428467,43200
1988-12-05,9.15625,9.25,9.125,9.125,2.3024072647094727,360400
1988-12-06,9.125,9.25,9.125,9.21875,2.326063632965088,89600
1988-12-07,9.28125,9.4375,9.28125,9.4375,2.3812575340270996,124400
1988-12-08,9.40625,9.46875,9.40625,9.4375,2.3812575340270996,47600
1988-12-09,9.5,9.53125,9.4375,9.4375,2.3812575340270996,59600
1988-12-12,9.5,9.5,9.46875,9.46875,2.3891406059265137,31600
1988-12-13,9.5,9.5625,9.4375,9.5625,2.412797451019287,251200
1988-12-14,9.5,9.53125,9.46875,9.53125,2.404911756515503,53600
1988-12-15,9.53125,9.53125,9.40625,9.40625,2.3733725547790527,139600
1988-12-16,9.40625,9.4375,9.375,9.4375,2.3812575340270996,361600
1988-12-19,9.40625,9.4375,9.375,9.40625,2.3733725547790527,229200
1988-12-20,9.40625,9.40625,9.34375,9.34375,2.3576018810272217,126800
1988-12-21,9.375,9.375,9.1875,9.21875,2.326063632965088,58000
1988-12-22,9.15625,9.1875,9.125,9.1875,2.31817626953125,94800
1988-12-23,9.21875,9.21875,9.1875,9.1875,2.31817626953125,2000
1988-12-27,9.1875,9.21875,9.15625,9.21875,2.326063632965088,32000
1988-12-28,9.25,9.375,9.21875,9.375,2.3654870986938477,102000
1988-12-29,9.375,9.5,9.375,9.40625,2.3733725547790527,79600
1988-12-30,9.40625,9.5,9.40625,9.5,2.3970272541046143,84800
1989-01-03,9.4375,9.5,9.4375,9.4375,2.3812575340270996,96400
1989-01-04,9.5,9.625,9.5,9.5625,2.412797451019287,73200
1989-01-05,9.5,9.75,9.5,9.75,2.460106611251831,186800
1989-01-06,9.75,9.8125,9.75,9.8125,2.4758763313293457,40400
1989-01-09,9.78125,9.8125,9.75,9.8125,2.4758763313293457,47600
1989-01-10,9.75,9.75,9.71875,9.71875,2.4522221088409424,30000
1989-01-11,9.71875,9.75,9.71875,9.71875,2.4522221088409424,282400
1989-01-12,9.75,9.78125,9.75,9.75,2.460106611251831,355600
1989-01-13,9.71875,9.75,9.6875,9.6875,2.4443376064300537,258400
1989-01-16,9.65625,9.75,9.65625,9.75,2.460106611251831,62400
1989-01-17,9.8125,9.875,9.78125,9.875,2.491647481918335,90400
1989-01-18,9.9375,10.125,9.875,10.0,2.5231854915618896,194400
1989-01-19,10.375,10.6875,10.34375,10.4375,2.633575439453125,537200
1989-01-20,10.84375,11.0625,10.84375,11.0,2.7755043506622314,843200
1989-01-23,11.0,11.0625,10.6875,10.875,2.7439653873443604,415200
1989-01-24,10.875,11.25,10.8125,11.0625,2.7912750244140625,1050400
1989-01-25,11.15625,11.21875,11.03125,11.21875,2.830698013305664,548400
1989-01-26,11.28125,11.28125,11.125,11.125,2.807044267654419,773200
1989-01-27,11.1875,11.1875,10.9375,10.9375,2.759734869003296,326400
1989-01-30,10.875,10.875,10.6875,10.75,2.712425470352173,107600
1989-01-31,10.75,10.75,10.5625,10.6875,2.6966552734375,217600
1989-02-01,10.6875,10.6875,10.5625,10.6875,2.6966552734375,213600
1989-02-02,10.6875,10.6875,10.59375,10.6875,2.6966552734375,167200
1989-02-03,10.625,10.6875,10.625,10.625,2.6808841228485107,70000
1989-02-06,10.625,10.71875,10.4375,10.71875,2.704538345336914,100000
1989-02-07,10.78125,11.09375,10.78125,11.0625,2.7912750244140625,142800
1989-02-08,11.03125,11.03125,10.90625,10.9375,2.759734869003296,172800
1989-02-09,10.875,10.875,10.75,10.75,2.712425470352173,29200
1989-02-10,10.6875,10.84375,10.65625,10.71875,2.704538345336914,201200
1989-02-13,10.75,10.78125,10.71875,10.75,2.712425470352173,82800
1989-02-14,10.71875,10.71875,10.625,10.625,2.6808841228485107,134400
1989-02-15,10.59375,10.625,10.40625,10.5625,2.6651155948638916,303200
1989-02-16,10.5,10.625,10.5,10.5625,2.6651155948638916,172400
1989-02-17,10.53125,10.5625,10.5,10.5625,2.6816179752349854,179600
1989-02-21,10.53125,10.90625,10.53125,10.8125,2.7450873851776123,326400
1989-02-22,10.78125,10.84375,10.65625,10.75,2.7292206287384033,147200
1989-02-23,10.6875,10.8125,10.6875,10.8125,2.7450873851776123,61200
1989-02-24,10.84375,10.875,10.78125,10.8125,2.7450873851776123,104000
1989-02-27,10.78125,10.78125,10.71875,10.75,2.7292206287384033,147200
1989-02-28,10.78125,10.84375,10.78125,10.8125,2.7450873851776123,82400
1989-03-01,10.875,11.0,10.875,10.875,2.760955572128296,146800
1989-03-02,10.96875,10.96875,10.90625,10.90625,2.768889904022217,56400
1989-03-03,10.90625,10.96875,10.875,10.90625,2.768889904022217,90000
1989-03-06,10.90625,11.0,10.8125,11.0,2.7926902770996094,143200
1989-03-07,11.0625,11.125,11.03125,11.0625,2.808558464050293,226400
1989-03-08,11.125,11.25,10.9375,11.25,2.8561601638793945,924000
1989-03-09,11.125,11.125,10.9375,10.9375,2.776822805404663,247600
1989-03-10,10.9375,10.9375,10.84375,10.875,2.760955572128296,148400
1989-03-13,10.9375,10.9375,10.90625,10.90625,2.768889904022217,208000
1989-03-14,10.96875,11.09375,10.9375,11.09375,2.8164920806884766,181200
1989-03-15,11.0625,11.09375,10.96875,10.96875,2.784756660461426,121200
1989-03-16,10.90625,11.03125,10.90625,10.96875,2.784756660461426,535200
1989-03-17,11.03125,11.03125,10.875,10.875,2.760955572128296,355600
1989-03-20,10.90625,10.90625,10.6875,10.6875,2.713352918624878,35200
1989-03-21,10.6875,10.71875,10.625,10.625,2.697484016418457,156400
1989-03-22,10.625,10.625,10.59375,10.59375,2.6895501613616943,275200
1989-03-23,10.53125,10.53125,10.3125,10.40625,2.6419482231140137,842000
1989-03-27,10.375,10.46875,10.375,10.4375,2.6498823165893555,232800
1989-03-28,10.5,10.5,10.4375,10.5,2.66575026512146,590000
1989-03-29,10.5,10.6875,10.46875,10.625,2.697484016418457,205600
1989-03-30,10.59375,10.59375,10.53125,10.5625,2.6816179752349854,330800
1989-03-31,10.5625,10.6875,10.5625,10.65625,2.705418586730957,219200
1989-04-03,10.65625,10.78125,10.625,10.75,2.7292206287384033,506000
1989-04-04,10.8125,10.875,10.8125,10.84375,2.7530224323272705,114000
1989-04-05,10.8125,10.9375,10.8125,10.90625,2.768889904022217,176000
1989-04-06,10.875,10.875,10.78125,10.78125,2.737154006958008,85200
1989-04-07,10.75,10.8125,10.71875,10.78125,2.737154006958008,203200
1989-04-10,10.8125,10.8125,10.75,10.78125,2.737154006958008,138400
1989-04-11,10.78125,10.84375,10.75,10.75,2.7292206287384033,188000
1989-04-12,10.75,10.84375,10.75,10.84375,2.7530224323272705,122000
1989-04-13,10.8125,10.8125,10.78125,10.78125,2.737154006958008,182800
1989-04-14,10.8125,10.84375,10.75,10.78125,2.737154006958008,164400
1989-04-17,10.78125,10.78125,10.625,10.625,2.697484016418457,126400
1989-04-18,10.65625,10.8125,10.65625,10.75,2.7292206287384033,264800
1989-04-19,10.75,10.8125,10.75,10.78125,2.737154006958008,150000
1989-04-20,10.78125,10.84375,10.75,10.75,2.7292206287384033,235600
1989-04-21,10.8125,10.8125,10.75,10.78125,2.737154006958008,273200
1989-04-24,10.84375,10.84375,10.78125,10.8125,2.7450873851776123,70800
1989-04-25,10.8125,11.03125,10.8125,10.96875,2.784756660461426,271200
1989-04-26,10.9375,11.0625,10.9375,10.96875,2.784756660461426,409600
1989-04-27,11.0,11.125,11.0,11.09375,2.8164920806884766,484800
1989-04-28,11.09375,11.09375,10.96875,11.0,2.7926902770996094,37200
1989-05-01,10.9375,11.03125,10.9375,11.0,2.7926902770996094,220800
1989-05-02,11.0,11.03125,10.84375,10.84375,2.7530224323272705,72400
1989-05-03,10.8125,10.84375,10.78125,10.8125,2.7450873851776123,366000
1989-05-04,10.84375,10.84375,10.75,10.84375,2.7530224323272705,352800
1989-05-05,10.90625,11.0,10.875,10.90625,2.768889904022217,167200
1989-05-08,10.875,10.90625,10.84375,10.875,2.760955572128296,114000
1989-05-09,10.875,10.90625,10.84375,10.84375,2.7530224323272705,118000
1989-05-10,10.84375,10.875,10.84375,10.875,2.760955572128296,154400
1989-05-11,10.90625,10.90625,10.84375,10.90625,2.768889904022217,181200
1989-05-12,11.0,11.0,10.9375,10.96875,2.784756660461426,158800
1989-05-15,10.96875,11.15625,10.9375,11.09375,2.8164920806884766,134800
1989-05-16,11.125,11.15625,11.0,11.0,2.7926902770996094,450000
1989-05-17,10.9375,10.9375,10.59375,10.625,2.697484016418457,847600
1989-05-18,10.65625,10.65625,10.5625,10.65625,2.705418586730957,665200
1989-05-19,10.625,10.625,10.53125,10.625,2.697484016418457,218400
1989-05-22,10.53125,10.53125,10.0,10.03125,2.5624194145202637,507600
1989-05-23,10.0625,10.125,10.0,10.125,2.586366653442383,524000
1989-05-24,10.0625,10.15625,10.0625,10.15625,2.594348192214966,692400
1989-05-25,10.125,10.25,10.125,10.25,2.6182973384857178,719600
1989-05-26,10.3125,10.375,10.125,10.34375,2.642244815826416,317600
1989-05-30,10.28125,10.4375,10.28125,10.375,2.6502268314361572,554400
1989-05-31,10.34375,10.40625,10.34375,10.375,2.6502268314361572,106400
1989-06-01,10.34375,10.5,10.34375,10.46875,2.6741745471954346,138400
1989-06-02,10.4375,10.59375,10.4375,10.53125,2.69014048576355,350400
1989-06-05,10.5,10.5,10.25,10.4375,2.6661930084228516,253600
1989-06-06,10.4375,10.4375,10.25,10.3125,2.634263753890991,339200
1989-06-07,10.28125,10.375,10.28125,10.375,2.6502268314361572,263600
1989-06-08,10.34375,10.4375,10.34375,10.40625,2.6582114696502686,94400
1989-06-09,10.46875,10.46875,10.34375,10.4375,2.6661930084228516,203600
1989-06-12,10.46875,10.46875,10.375,10.4375,2.6661930084228516,325600
1989-06-13,10.4375,10.4375,10.28125,10.3125,2.634263753890991,338400
1989-06-14,10.28125,10.4375,10.28125,10.4375,2.6661930084228516,157600
1989-06-15,10.46875,10.46875,10.25,10.25,2.6182973384857178,322400
1989-06-16,10.1875,10.375,10.1875,10.25,2.6182973384857178,371600
1989-06-19,10.1875,10.25,10.03125,10.0625,2.5704028606414795,292400
1989-06-20,10.0625,10.125,10.0625,10.09375,2.578383684158325,208400
1989-06-21,10.125,10.1875,10.09375,10.1875,2.6023316383361816,69200
1989-06-22,10.15625,10.15625,10.125,10.125,2.586366653442383,102800
1989-06-23,10.125,10.15625,10.125,10.15625,2.594348192214966,102800
1989-06-26,10.1875,10.1875,10.09375,10.09375,2.578383684158325,83600
1989-06-27,10.0625,10.15625,10.0625,10.125,2.586366653442383,350400
1989-06-28,10.15625,10.15625,9.90625,9.9375,2.5384719371795654,331600
1989-06-29,9.90625,10.0,9.8125,9.9375,2.5384719371795654,143200
1989-06-30,9.875,9.9375,9.71875,9.75,2.490575075149536,62800
1989-07-03,9.75,9.875,9.75,9.875,2.522505760192871,18400
1989-07-05,9.90625,10.0,9.84375,9.96875,2.546452283859253,99200
1989-07-06,9.9375,9.9375,9.90625,9.9375,2.5384719371795654,67200
1989-07-07,9.875,10.0,9.875,9.9375,2.5384719371795654,160000
1989-07-10,9.9375,9.9375,9.75,9.75,2.490575075149536,68000
1989-07-11,9.78125,10.125,9.78125,10.0625,2.5704028606414795,412000
1989-07-12,10.03125,10.25,9.9375,10.1875,2.6023316383361816,280400
1989-07-13,10.21875,10.25,10.15625,10.1875,2.6023316383361816,249200
1989-07-14,10.1875,10.1875,10.03125,10.09375,2.578383684158325,73600
1989-07-17,10.125,10.1875,10.09375,10.125,2.586366653442383,80400
1989-07-18,10.1875,10.1875,10.09375,10.125,2.586366653442383,24400
1989-07-19,10.125,10.15625,10.03125,10.0625,2.5704028606414795,31200
1989-07-20,10.0,10.375,10.0,10.34375,2.642244815826416,554400
1989-07-21,10.28125,10.375,10.25,10.28125,2.626278877258301,253600
1989-07-24,10.25,10.3125,10.15625,10.21875,2.610313892364502,82000
1989-07-25,10.1875,10.21875,10.0625,10.09375,2.578383684158325,147200
1989-07-26,10.09375,10.125,10.0,10.125,2.586366653442383,119600
1989-07-27,10.09375,10.15625,9.6875,9.875,2.522505760192871,633200
1989-07-28,9.875,9.875,9.8125,9.875,2.522505760192871,299600
1989-07-31,9.90625,9.96875,9.84375,9.9375,2.5384719371795654,160800
1989-08-01,9.9375,9.9375,9.8125,9.84375,2.5145223140716553,156000
1989-08-02,9.875,9.875,9.8125,9.84375,2.5145223140716553,45600
1989-08-03,9.8125,9.84375,9.75,9.84375,2.5145223140716553,88800
1989-08-04,9.84375,9.875,9.8125,9.84375,2.5145223140716553,137600
1989-08-07,9.90625,10.0625,9.875,10.0,2.5544357299804688,55200
1989-08-08,10.0,10.0,9.90625,9.9375,2.5384719371795654,108000
1989-08-09,9.96875,10.0,9.90625,9.9375,2.5384719371795654,55600
1989-08-10,9.90625,10.0,9.90625,9.96875,2.546452283859253,133600
1989-08-11,10.0,10.0,9.9375,9.9375,2.5384719371795654,173200
1989-08-14,9.90625,10.0625,9.90625,10.0,2.5544357299804688,125200
1989-08-15,9.96875,9.96875,9.9375,9.96875,2.546452283859253,163200
1989-08-16,9.9375,9.96875,9.9375,9.9375,2.5384719371795654,71200
1989-08-17,9.90625,9.96875,9.90625,9.9375,2.5384719371795654,12800
1989-08-18,9.9375,9.96875,9.90625,9.9375,2.5384719371795654,91600
1989-08-21,9.84375,9.84375,9.6875,9.75,2.506974697113037,104800
1989-08-22,9.75,9.84375,9.75,9.84375,2.531078577041626,51200
1989-08-23,9.875,9.90625,9.8125,9.8125,2.5230448246002197,78800
1989-08-24,9.8125,9.84375,9.78125,9.8125,2.5230448246002197,125200
1989-08-25,9.84375,9.84375,9.75,9.78125,2.515009880065918,96400
1989-08-28,9.75,9.75,9.71875,9.75,2.506974697113037,28800
1989-08-29,9.75,9.84375,9.75,9.78125,2.515009880065918,33200
1989-08-30,9.84375,9.84375,9.71875,9.78125,2.515009880065918,77200
1989-08-31,9.75,9.78125,9.75,9.75,2.506974697113037,15200
1989-09-01,9.6875,9.8125,9.6875,9.8125,2.5230448246002197,80400
1989-09-05,9.8125,9.8125,9.75,9.75,2.506974697113037,63200
1989-09-06,9.78125,9.78125,9.5625,9.5625,2.458763837814331,63200
1989-09-07,9.53125,9.625,9.53125,9.53125,2.4507274627685547,61200
1989-09-08,9.5625,9.5625,9.46875,9.5,2.4426934719085693,70800
1989-09-11,9.5,9.5,9.4375,9.5,2.4426934719085693,39200
1989-09-12,9.4375,9.4375,9.40625,9.4375,2.426621198654175,36400
1989-09-13,9.4375,9.5,9.4375,9.5,2.4426934719085693,40400
1989-09-14,9.46875,9.5,9.375,9.40625,2.4185874462127686,74800
1989-09-15,9.4375,9.46875,9.125,9.125,2.34627103805542,110000
1989-09-18,9.125,9.25,9.125,9.125,2.34627103805542,76400
1989-09-19,9.1875,9.1875,9.09375,9.125,2.34627103805542,98800
1989-09-20,9.09375,9.1875,9.09375,9.125,2.34627103805542,157600
1989-09-21,9.125,9.125,9.0625,9.0625,2.3301994800567627,95600
1989-09-22,9.0,9.03125,8.90625,9.0,2.3141298294067383,82000
1989-09-25,8.90625,8.9375,8.84375,8.9375,2.2980587482452393,63600
1989-09-26,8.9375,8.9375,8.875,8.875,2.2819881439208984,44800
1989-09-27,8.875,8.875,8.6875,8.71875,2.241811990737915,36400
1989-09-28,8.78125,8.875,8.75,8.8125,2.265918016433716,123600
1989-09-29,8.84375,8.90625,8.84375,8.90625,2.2900235652923584,84000
1989-10-02,8.875,9.15625,8.84375,9.15625,2.354306221008301,90000
1989-10-03,9.09375,9.40625,9.09375,9.25,2.3784103393554688,308800
1989-10-04,9.25,9.40625,9.21875,9.375,2.4105515480041504,260800
1989-10-05,9.3125,9.34375,9.25,9.3125,2.3944809436798096,199600
1989-10-06,9.28125,9.34375,9.28125,9.34375,2.4025158882141113,61200
1989-10-09,9.3125,9.34375,9.3125,9.3125,2.3944809436798096,80000
1989-10-10,9.3125,9.34375,9.28125,9.28125,2.386445999145508,263200
1989-10-11,9.28125,9.5,9.25,9.28125,2.386445999145508,169200
1989-10-12,9.25,9.25,9.15625,9.1875,2.3623404502868652,72000
1989-10-13,9.1875,9.1875,8.9375,8.9375,2.2980587482452393,72400
1989-10-16,8.8125,8.84375,8.75,8.8125,2.265918016433716,253200
1989-10-17,8.8125,8.8125,8.75,8.75,2.249847412109375,168400
1989-10-18,8.75,8.78125,8.6875,8.78125,2.257882595062256,141600
1989-10-19,8.71875,8.75,8.6875,8.75,2.249847412109375,58400
1989-10-20,8.75,8.75,8.6875,8.6875,2.2337772846221924,55200
1989-10-23,8.71875,8.78125,8.65625,8.65625,2.225742816925049,139200
1989-10-24,8.65625,8.65625,8.4375,8.53125,2.1936018466949463,60400
1989-10-25,8.53125,8.53125,8.40625,8.46875,2.1775312423706055,33600
1989-10-26,8.4375,8.46875,8.25,8.28125,2.1293210983276367,55200
1989-10-27,8.3125,8.34375,8.25,8.25,2.1212852001190186,90800
1989-10-30,8.28125,8.4375,8.25,8.40625,2.161461353302002,60000
1989-10-31,8.4375,8.5,8.40625,8.46875,2.1775312423706055,101200
1989-11-01,8.46875,8.46875,8.40625,8.4375,2.1694962978363037,22000
1989-11-02,8.375,8.375,8.3125,8.375,2.1534264087677,8400
1989-11-03,8.375,8.5625,8.375,8.375,2.1534264087677,314400
1989-11-06,8.3125,8.3125,8.21875,8.25,2.1212852001190186,142000
1989-11-07,8.25,8.3125,8.25,8.28125,2.1293210983276367,289200
1989-11-08,8.3125,8.40625,8.28125,8.40625,2.161461353302002,514800
1989-11-09,8.4375,8.46875,8.40625,8.46875,2.1775312423706055,11200
1989-11-10,8.5,8.5,8.46875,8.5,2.1855669021606445,22000
1989-11-13,8.4375,8.4375,8.34375,8.34375,2.145390272140503,28400
1989-11-14,8.34375,8.375,8.34375,8.375,2.1534264087677,40000
1989-11-15,8.34375,8.40625,8.34375,8.40625,2.161461353302002,14400
1989-11-16,8.34375,8.875,8.3125,8.875,2.2819881439208984,1617600
1989-11-17,8.90625,9.125,8.90625,9.0,2.3312039375305176,485600
1989-11-20,9.03125,9.03125,8.84375,8.90625,2.306918144226074,208800
1989-11-21,8.90625,9.0625,8.90625,9.03125,2.33929705619812,93600
1989-11-22,9.0625,9.15625,9.03125,9.15625,2.3716752529144287,205600
1989-11-24,9.1875,9.1875,9.0,9.0,2.3312039375305176,22400
1989-11-27,9.0,9.125,8.875,8.875,2.298825740814209,173200
1989-11-28,8.875,8.96875,8.84375,8.96875,2.323107957839966,59600
1989-11-29,8.90625,9.0625,8.90625,9.0,2.3312039375305176,73600
1989-11-30,9.0,9.0,8.875,8.90625,2.306918144226074,93600
1989-12-01,8.875,8.96875,8.875,8.96875,2.323107957839966,102800
1989-12-04,8.9375,8.9375,8.875,8.875,2.298825740814209,50800
1989-12-05,8.875,8.96875,8.875,8.9375,2.315013885498047,107600
1989-12-06,8.9375,9.09375,8.9375,8.96875,2.323107957839966,181600
1989-12-07,8.9375,9.0,8.90625,8.96875,2.323107957839966,56400
1989-12-08,9.0,9.0,8.9375,8.9375,2.315013885498047,26000
1989-12-11,9.0,9.0,8.75,8.75,2.2664456367492676,128800
1989-12-12,8.8125,9.0625,8.8125,9.0625,2.347393035888672,335600
1989-12-13,9.09375,9.34375,9.0625,9.25,2.39595890045166,625200
1989-12-14,9.3125,9.3125,9.25,9.28125,2.404052495956421,127600
1989-12-15,9.28125,9.28125,9.125,9.125,2.363581418991089,134000
1989-12-18,9.09375,9.09375,8.875,8.875,2.298825740814209,144400
1989-12-19,8.90625,8.9375,8.875,8.90625,2.306918144226074,49600
1989-12-20,8.90625,8.9375,8.6875,8.71875,2.2583518028259277,180400
1989-12-21,8.78125,8.84375,8.75,8.78125,2.2745416164398193,46000
1989-12-22,8.75,8.8125,8.71875,8.8125,2.2826361656188965,118000
1989-12-26,8.75,8.84375,8.75,8.84375,2.2907299995422363,101600
1989-12-27,8.84375,9.0625,8.84375,9.03125,2.33929705619812,107200
1989-12-28,9.03125,9.1875,9.0,9.09375,2.3554866313934326,203200
1989-12-29,9.0625,9.125,9.03125,9.09375,2.3554866313934326,135200
1990-01-02,9.09375,9.21875,9.03125,9.1875,2.379770040512085,15200
1990-01-03,9.28125,9.46875,9.28125,9.28125,2.404052495956421,199600
1990-01-04,9.21875,9.21875,9.15625,9.21875,2.387864828109741,105600
1990-01-05,9.1875,9.1875,9.125,9.15625,2.3716752529144287,11600
1990-01-08,9.09375,9.125,8.9375,9.0,2.3312039375305176,124800
1990-01-09,8.96875,8.96875,8.84375,8.84375,2.2907299995422363,48400
1990-01-10,8.875,8.875,8.71875,8.78125,2.2745416164398193,57600
1990-01-11,8.84375,8.84375,8.6875,8.71875,2.2583518028259277,615200
1990-01-12,8.625,8.625,8.4375,8.4375,2.1855032444000244,42800
1990-01-15,8.40625,8.40625,8.34375,8.34375,2.1612186431884766,30000
1990-01-16,8.3125,8.3125,7.9375,8.15625,2.11265230178833,168000
1990-01-17,8.25,8.375,8.25,8.375,2.169314384460449,369600
1990-01-18,8.375,8.375,8.34375,8.375,2.169314384460449,9600
1990-01-19,8.375,8.5,8.375,8.5,2.2016916275024414,439200
1990-01-22,8.53125,8.53125,8.46875,8.5,2.2016916275024414,243600
1990-01-23,8.5,8.5625,8.5,8.53125,2.2097856998443604,450400
1990-01-24,8.46875,8.46875,8.3125,8.46875,2.193596363067627,209200
1990-01-25,8.4375,8.4375,8.3125,8.34375,2.1612186431884766,62800
1990-01-26,8.3125,8.375,8.25,8.375,2.169314384460449,130800
1990-01-29,8.40625,8.40625,8.25,8.25,2.1369357109069824,162400
1990-01-30,8.25,8.28125,8.25,8.25,2.1369357109069824,110800
1990-01-31,8.21875,8.59375,8.21875,8.59375,2.2259747982025146,658400
1990-02-01,8.6875,8.78125,8.59375,8.65625,2.2421648502349854,592800
1990-02-02,8.625,8.65625,8.5625,8.59375,2.2259747982025146,126400
1990-02-05,8.625,8.625,8.53125,8.53125,2.2097856998443604,204400
1990-02-06,8.5,8.5625,8.40625,8.46875,2.193596363067627,31600
1990-02-07,8.4375,8.5625,8.4375,8.5625,2.2178797721862793,120400
1990-02-08,8.5625,8.84375,8.5625,8.84375,2.2907299995422363,197600
1990-02-09,8.9375,8.9375,8.71875,8.75,2.2664456367492676,184800
1990-02-12,8.71875,8.71875,8.625,8.6875,2.2502570152282715,44000
1990-02-13,8.6875,8.6875,8.625,8.625,2.234069585800171,19200
1990-02-14,8.65625,8.65625,8.53125,8.5625,2.2178797721862793,44400
1990-02-15,8.53125,8.5625,8.5,8.5625,2.2178797721862793,276800
1990-02-16,8.53125,8.5625,8.5,8.5625,2.234844923019409,55600
1990-02-20,8.5,8.53125,8.4375,8.4375,2.2022204399108887,532800
1990-02-21,8.375,8.4375,8.3125,8.34375,2.1777503490448,208400
1990-02-22,8.34375,8.4375,8.3125,8.40625,2.194063901901245,59600
1990-02-23,8.34375,8.375,8.3125,8.375,2.185908079147339,14800
1990-02-26,8.3125,8.34375,8.3125,8.3125,2.1695950031280518,37200
1990-02-27,8.28125,8.3125,8.28125,8.28125,2.1614387035369873,10000
1990-02-28,8.25,8.25,8.125,8.25,2.1532816886901855,83200
1990-03-01,8.1875,8.40625,8.1875,8.40625,2.194063901901245,104800
1990-03-02,8.375,8.5,8.375,8.5,2.2185330390930176,809600
1990-03-05,8.40625,8.5,8.40625,8.5,2.2185330390930176,135200
1990-03-06,8.46875,8.46875,8.3125,8.4375,2.2022204399108887,92400
1990-03-07,8.4375,8.4375,8.40625,8.40625,2.194063901901245,29200
1990-03-08,8.34375,8.40625,8.34375,8.375,2.185908079147339,79600
1990-03-09,8.34375,8.40625,8.3125,8.375,2.185908079147339,127600
1990-03-12,8.3125,8.46875,8.3125,8.46875,2.210376024246216,49600
1990-03-13,8.40625,8.46875,8.40625,8.40625,2.194063901901245,8400
1990-03-14,8.46875,8.46875,8.40625,8.46875,2.210376024246216,214800
1990-03-15,8.46875,8.5,8.4375,8.46875,2.210376024246216,7200
1990-03-16,8.46875,8.5,8.46875,8.46875,2.210376024246216,24000
1990-03-19,8.5,8.5,8.46875,8.46875,2.210376024246216,135600
1990-03-20,8.46875,8.46875,8.40625,8.46875,2.210376024246216,136800
1990-03-21,8.46875,8.46875,8.40625,8.40625,2.194063901901245,65200
1990-03-22,8.375,8.40625,8.375,8.375,2.185908079147339,67200
1990-03-23,8.34375,8.34375,8.1875,8.28125,2.1614387035369873,261600
1990-03-26,8.34375,8.34375,8.15625,8.25,2.1532816886901855,246000
1990-03-27,8.25,8.4375,8.25,8.40625,2.194063901901245,28400
1990-03-28,8.375,8.4375,8.3125,8.3125,2.1695950031280518,56800
1990-03-29,8.34375,8.34375,8.3125,8.3125,2.1695950031280518,13200
1990-03-30,8.28125,8.3125,8.25,8.3125,2.1695950031280518,187600
1990-04-02,8.25,8.25,8.15625,8.21875,2.145125389099121,18400
1990-04-03,8.21875,8.28125,8.125,8.1875,2.136969566345215,61200
1990-04-04,8.25,8.25,8.125,8.15625,2.128811836242676,65200
1990-04-05,8.1875,8.1875,8.09375,8.15625,2.128811836242676,130400
1990-04-06,8.15625,8.1875,8.0,8.0,2.08803129196167,36800
1990-04-09,8.0,8.0,7.90625,7.9375,2.071718215942383,18000
1990-04-10,7.875,7.875,7.75,7.875,2.0554049015045166,220000
1990-04-11,7.84375,7.875,7.84375,7.875,2.0554049015045166,432800
1990-04-12,7.90625,8.0625,7.90625,8.0,2.08803129196167,59200
1990-04-16,8.0,8.0625,8.0,8.03125,2.0961883068084717,739200
1990-04-17,8.0625,8.0625,7.96875,7.96875,2.079874277114868,34800
1990-04-18,7.96875,7.96875,7.90625,7.90625,2.063561201095581,38400
1990-04-19,7.875,7.90625,7.875,7.875,2.0554049015045166,206000
1990-04-20,7.90625,7.90625,7.84375,7.875,2.0554049015045166,130000
1990-04-23,7.84375,7.84375,7.625,7.65625,1.9983104467391968,268400
1990-04-24,7.625,7.65625,7.625,7.625,1.9901552200317383,56800
1990-04-25,7.65625,7.65625,7.625,7.65625,1.9983104467391968,47600
1990-04-26,7.65625,7.84375,7.625,7.75,2.022779703140259,202400
1990-04-27,7.78125,7.78125,7.6875,7.6875,2.006467580795288,16000
1990-04-30,7.625,7.65625,7.625,7.625,1.9901552200317383,61200
1990-05-01,7.59375,7.8125,7.59375,7.8125,2.039093494415283,122800
1990-05-02,7.84375,7.84375,7.75,7.75,2.022779703140259,91600
1990-05-03,7.8125,7.90625,7.8125,7.875,2.0554049015045166,813600
1990-05-04,7.875,7.90625,7.84375,7.875,2.0554049015045166,139600
1990-05-07,7.84375,7.84375,7.78125,7.78125,2.0309369564056396,43600
1990-05-08,7.75,7.75,7.59375,7.65625,1.9983104467391968,350800
1990-05-09,7.71875,7.71875,7.625,7.65625,1.9983104467391968,163600
1990-05-10,7.625,7.65625,7.5625,7.59375,1.9819979667663574,84000
1990-05-11,7.5625,7.71875,7.5625,7.71875,2.0146234035491943,433600
1990-05-14,7.75,7.78125,7.6875,7.75,2.022779703140259,88800
1990-05-15,7.71875,7.75,7.6875,7.75,2.022779703140259,70000
1990-05-16,7.71875,7.8125,7.71875,7.78125,2.0309369564056396,278800
1990-05-17,7.75,7.78125,7.6875,7.6875,2.006467580795288,66800
1990-05-18,7.71875,7.71875,7.65625,7.6875,2.006467580795288,79200
1990-05-21,7.625,7.75,7.625,7.71875,2.0318033695220947,165200
1990-05-22,7.71875,7.78125,7.6875,7.71875,2.0318033695220947,701200
1990-05-23,7.75,7.78125,7.6875,7.75,2.040029287338257,324000
1990-05-24,7.8125,7.9375,7.78125,7.875,2.072932481765747,45600
1990-05-25,7.875,7.9375,7.875,7.90625,2.081157922744751,14400
1990-05-29,7.9375,8.15625,7.9375,8.15625,2.146965503692627,230800
1990-05-30,8.21875,8.3125,8.15625,8.25,2.1716434955596924,149200
1990-05-31,8.1875,8.25,8.1875,8.1875,2.1551918983459473,81200
1990-06-01,8.21875,8.28125,8.15625,8.28125,2.17987060546875,174400
1990-06-04,8.25,8.4375,8.25,8.4375,2.2210001945495605,95200
1990-06-05,8.40625,8.40625,8.3125,8.3125,2.188095808029175,156800
1990-06-06,8.34375,8.375,8.34375,8.375,2.20454740524292,20800
1990-06-07,8.375,8.40625,8.3125,8.375,2.20454740524292,229600
1990-06-08,8.375,8.4375,8.375,8.4375,2.2210001945495605,102400
1990-06-11,8.375,8.4375,8.34375,8.34375,2.1963205337524414,84000
1990-06-12,8.4375,8.46875,8.375,8.46875,2.22922420501709,76400
1990-06-13,8.4375,8.53125,8.375,8.53125,2.2456767559051514,96000
1990-06-14,8.5,8.5,8.375,8.375,2.20454740524292,88800
1990-06-15,8.3125,8.34375,8.28125,8.3125,2.188095808029175,118000
1990-06-18,8.28125,8.375,8.21875,8.25,2.1716434955596924,213200
1990-06-19,8.25,8.25,8.1875,8.21875,2.1634180545806885,22000
1990-06-20,8.21875,8.21875,8.03125,8.09375,2.1305134296417236,41200
1990-06-21,8.09375,8.15625,8.0625,8.15625,2.146965503692627,50800
1990-06-22,8.125,8.1875,8.125,8.1875,2.1551918983459473,104000
1990-06-25,8.15625,8.15625,8.03125,8.0625,2.122288942337036,232400
1990-06-26,8.03125,8.125,8.03125,8.0625,2.122288942337036,163200
1990-06-27,8.03125,8.15625,8.03125,8.125,2.1387407779693604,52000
1990-06-28,8.125,8.1875,8.125,8.1875,2.1551918983459473,157600
1990-06-29,8.1875,8.1875,8.09375,8.125,2.1387407779693604,82400
1990-07-02,8.125,8.125,8.09375,8.09375,2.1305134296417236,66000
1990-07-03,8.09375,8.125,8.0625,8.09375,2.1305134296417236,170800
1990-07-05,8.09375,8.09375,8.0625,8.09375,2.1305134296417236,54800
1990-07-06,8.09375,8.09375,8.0625,8.0625,2.122288942337036,26000
1990-07-09,8.09375,8.09375,8.0,8.0625,2.122288942337036,344000
1990-07-10,8.0625,8.09375,8.03125,8.03125,2.114062547683716,82400
1990-07-11,8.03125,8.0625,8.0,8.0,2.105837106704712,127600
1990-07-12,8.0,8.03125,8.0,8.0,2.105837106704712,72400
1990-07-13,8.0,8.09375,8.0,8.03125,2.114062547683716,222000
1990-07-16,8.0625,8.125,8.03125,8.125,2.1387407779693604,24000
1990-07-17,8.15625,8.21875,8.15625,8.1875,2.1551918983459473,100400
1990-07-18,8.15625,8.1875,8.125,8.125,2.1387407779693604,33600
1990-07-19,8.15625,8.15625,8.0625,8.125,2.1387407779693604,91600
1990-07-20,8.125,8.125,8.09375,8.09375,2.1305134296417236,102000
1990-07-23,8.09375,8.09375,8.0,8.0,2.105837106704712,17200
1990-07-24,8.0,8.0,7.9375,7.9375,2.089384078979492,48000
1990-07-25,7.9375,7.9375,7.90625,7.90625,2.081157922744751,22800
1990-07-26,7.90625,7.90625,7.5,7.625,2.007126569747925,298400
1990-07-27,7.6875,7.9375,7.6875,7.9375,2.089384078979492,195600
1990-07-30,7.9375,8.125,7.90625,8.09375,2.1305134296417236,86400
1990-07-31,8.09375,8.25,8.09375,8.125,2.1387407779693604,246800
1990-08-01,8.125,8.21875,8.125,8.1875,2.1551918983459473,249200
1990-08-02,8.3125,8.40625,8.25,8.25,2.1716434955596924,424000
1990-08-03,8.28125,8.34375,8.125,8.1875,2.1551918983459473,294400
1990-08-06,8.15625,8.15625,8.0,8.15625,2.146965503692627,438400
1990-08-07,8.21875,8.25,8.125,8.15625,2.146965503692627,127600
1990-08-08,8.15625,8.1875,8.09375,8.125,2.1387407779693604,175200
1990-08-09,8.09375,8.15625,8.09375,8.125,2.1387407779693604,185600
1990-08-10,8.09375,8.125,8.0625,8.09375,2.1305134296417236,64400
1990-08-13,8.15625,8.15625,8.09375,8.09375,2.1305134296417236,34000
1990-08-14,8.0625,8.15625,8.0625,8.125,2.1387407779693604,32000
1990-08-15,8.1875,8.1875,8.125,8.125,2.1387407779693604,16800
1990-08-16,8.09375,8.09375,8.03125,8.03125,2.114062547683716,303200
1990-08-17,8.0,8.0,7.90625,7.9375,2.089384078979492,429600
1990-08-20,7.8125,7.875,7.78125,7.84375,2.081754207611084,62000
1990-08-21,7.875,7.875,7.78125,7.8125,2.073460578918457,184000
1990-08-22,7.75,7.75,7.40625,7.4375,1.9739351272583008,44800
1990-08-23,7.375,7.375,7.0625,7.0625,1.8744081258773804,151200
1990-08-24,7.125,7.1875,7.09375,7.15625,1.8992891311645508,235600
1990-08-27,7.1875,7.34375,7.1875,7.28125,1.9324653148651123,188800
1990-08-28,7.25,7.3125,7.125,7.125,1.8909952640533447,132400
1990-08-29,7.125,7.1875,7.125,7.1875,1.9075837135314941,31200
1990-08-30,7.1875,7.1875,7.09375,7.09375,1.8827024698257446,58400
1990-08-31,7.0625,7.15625,7.0625,7.15625,1.8992891311645508,140000
1990-09-04,7.09375,7.125,7.0625,7.09375,1.8827024698257446,144800
1990-09-05,7.0625,7.0625,7.03125,7.03125,1.8661153316497803,46400
1990-09-06,7.03125,7.03125,6.8125,6.90625,1.8329395055770874,105600
1990-09-07,6.875,7.0,6.875,7.0,1.85781991481781,94400
1990-09-10,7.0,7.0,6.90625,6.90625,1.8329395055770874,42800
1990-09-11,6.84375,6.84375,6.78125,6.78125,1.7997639179229736,79600
1990-09-12,6.78125,6.78125,6.5,6.5625,1.741706132888794,130400
1990-09-13,6.59375,6.59375,6.4375,6.4375,1.708531379699707,233600
1990-09-14,6.375,6.375,6.3125,6.3125,1.6753545999526978,219600
1990-09-17,6.25,6.46875,6.21875,6.4375,1.708531379699707,328000
1990-09-18,6.4375,6.5,6.40625,6.5,1.7251194715499878,240000
1990-09-19,6.46875,6.65625,6.46875,6.625,1.758293867111206,143200
1990-09-20,6.625,6.65625,6.5625,6.5625,1.741706132888794,41200
1990-09-21,6.625,6.625,6.5,6.5,1.7251194715499878,30800
1990-09-24,6.53125,6.53125,6.5,6.53125,1.7334123849868774,78400
1990-09-25,6.5,6.5625,6.4375,6.4375,1.708531379699707,294800
1990-09-26,6.4375,6.4375,6.375,6.40625,1.7002376317977905,99600
1990-09-27,6.375,6.375,6.25,6.25,1.6587679386138916,82800
1990-09-28,6.25,6.28125,6.25,6.28125,1.6670620441436768,26800
1990-10-01,6.3125,6.5,6.28125,6.4375,1.708531379699707,104000
1990-10-02,6.40625,6.59375,6.40625,6.40625,1.7002376317977905,326000
1990-10-03,6.375,6.375,6.21875,6.28125,1.6670620441436768,396800
1990-10-04,6.25,6.34375,6.25,6.34375,1.6836498975753784,28400
1990-10-05,6.28125,6.34375,6.25,6.3125,1.6753545999526978,53200
1990-10-08,6.25,6.3125,6.25,6.28125,1.6670620441436768,42400
1990-10-09,6.25,6.25,6.21875,6.25,1.6587679386138916,68400
1990-10-10,6.25,6.25,6.0625,6.09375,1.6172984838485718,73600
1990-10-11,6.09375,6.125,5.8125,5.8125,1.542654275894165,213600
1990-10-12,5.8125,5.875,5.75,5.84375,1.5509475469589233,154400
1990-10-15,5.875,5.875,5.8125,5.84375,1.5509475469589233,54000
1990-10-16,5.8125,5.9375,5.8125,5.90625,1.5675362348556519,75600
1990-10-17,5.90625,5.96875,5.90625,5.96875,1.5841234922409058,47200
1990-10-18,5.9375,5.9375,5.84375,5.90625,1.5675362348556519,140400
1990-10-19,5.96875,6.0,5.96875,5.96875,1.5841234922409058,40800
1990-10-22,6.0,6.125,6.0,6.09375,1.6172984838485718,105600
1990-10-23,6.125,6.21875,6.125,6.21875,1.6504744291305542,26400
1990-10-24,6.21875,6.3125,6.21875,6.28125,1.6670620441436768,8000
1990-10-25,6.3125,6.34375,6.21875,6.34375,1.6836498975753784,73200
1990-10-26,6.34375,6.375,6.28125,6.375,1.6919426918029785,263200
1990-10-29,6.375,6.875,6.375,6.875,1.8246445655822754,139200
1990-10-30,6.9375,7.0,6.90625,6.90625,1.8329395055770874,288000
1990-10-31,6.90625,6.9375,6.90625,6.90625,1.8329395055770874,256800
1990-11-01,6.96875,7.0,6.9375,7.0,1.85781991481781,55600
1990-11-02,7.0625,7.15625,7.03125,7.0625,1.8744081258773804,58800
1990-11-05,7.0625,7.125,7.0,7.0,1.85781991481781,54000
1990-11-06,7.0,7.0625,7.0,7.0,1.85781991481781,237600
1990-11-07,7.0,7.0625,7.0,7.0,1.85781991481781,93600
1990-11-08,7.03125,7.03125,7.0,7.0,1.85781991481781,11200
1990-11-09,7.0,7.09375,7.0,7.0,1.85781991481781,28400
1990-11-12,7.0,7.0,7.0,7.0,1.85781991481781,53200
1990-11-13,7.03125,7.0625,6.96875,6.96875,1.8495270013809204,21200
1990-11-14,7.0,7.09375,7.0,7.03125,1.8661153316497803,58400
1990-11-15,7.0,7.0625,7.0,7.0625,1.8744081258773804,455600
1990-11-16,7.0,7.0625,6.96875,7.0625,1.891819715499878,22000
1990-11-19,7.0625,7.09375,7.03125,7.09375,1.900190830230713,90800
1990-11-20,7.15625,7.15625,7.03125,7.0625,1.891819715499878,74400
1990-11-21,7.03125,7.125,7.03125,7.125,1.9085612297058105,13200
1990-11-23,7.09375,7.15625,7.0625,7.0625,1.891819715499878,22800
1990-11-26,7.0625,7.15625,7.0625,7.15625,1.9169317483901978,29600
1990-11-27,7.125,7.21875,7.125,7.1875,1.925302267074585,159600
1990-11-28,7.1875,7.21875,7.1875,7.21875,1.9336735010147095,94400
1990-11-29,7.1875,7.25,7.1875,7.21875,1.9336735010147095,68400
1990-11-30,7.1875,7.25,7.1875,7.25,1.9420462846755981,33200
1990-12-03,7.21875,7.25,7.21875,7.25,1.9420462846755981,23200
1990-12-04,7.3125,7.3125,7.28125,7.3125,1.9587866067886353,54400
1990-12-05,7.34375,7.5,7.3125,7.5,2.009012222290039,90800
1990-12-06,7.5625,7.59375,7.46875,7.46875,2.0006418228149414,27600
1990-12-07,7.53125,7.53125,7.5,7.53125,2.017383337020874,163600
1990-12-10,7.5,7.53125,7.5,7.5,2.009012222290039,263600
1990-12-11,7.5,7.5625,7.40625,7.40625,1.9838985204696655,70400
1990-12-12,7.46875,7.46875,7.28125,7.28125,1.9504151344299316,56400
1990-12-13,7.25,7.28125,7.25,7.28125,1.9504151344299316,105600
1990-12-14,7.25,7.28125,7.25,7.28125,1.9504151344299316,81200
1990-12-17,7.21875,7.28125,7.21875,7.28125,1.9504151344299316,66000
1990-12-18,7.21875,7.21875,7.09375,7.09375,1.900190830230713,105200
1990-12-19,7.125,7.25,7.125,7.25,1.9420462846755981,197200
1990-12-20,7.21875,7.25,7.21875,7.25,1.9420462846755981,14400
1990-12-21,7.21875,7.21875,7.0625,7.09375,1.900190830230713,104800
1990-12-24,7.15625,7.1875,7.09375,7.09375,1.900190830230713,22800
1990-12-26,7.09375,7.09375,7.03125,7.09375,1.900190830230713,138800
1990-12-27,7.125,7.15625,7.09375,7.09375,1.900190830230713,47200
1990-12-28,7.125,7.15625,7.09375,7.09375,1.900190830230713,31600
1990-12-31,7.09375,7.1875,7.09375,7.1875,1.925302267074585,32000
1991-01-02,7.1875,7.1875,7.15625,7.15625,1.9169317483901978,11600
1991-01-03,7.1875,7.1875,7.09375,7.125,1.9085612297058105,22800
1991-01-04,7.125,7.21875,7.125,7.1875,1.925302267074585,5600
1991-01-07,7.28125,7.28125,7.0625,7.125,1.9085612297058105,558400
1991-01-08,7.125,7.1875,7.125,7.1875,1.925302267074585,41600
1991-01-09,7.15625,7.21875,7.15625,7.15625,1.9169317483901978,89200
1991-01-10,7.1875,7.1875,7.125,7.1875,1.925302267074585,83200
1991-01-11,7.15625,7.15625,7.125,7.125,1.9085612297058105,91600
1991-01-14,7.125,7.125,7.0625,7.0625,1.891819715499878,62000
1991-01-15,7.0,7.0,6.9375,6.96875,1.8667067289352417,16800
1991-01-16,6.96875,6.96875,6.96875,6.96875,1.8667067289352417,4400
1991-01-17,7.0,7.03125,7.0,7.03125,1.8834489583969116,317200
1991-01-18,7.0625,7.0625,7.03125,7.0625,1.891819715499878,41200
1991-01-21,7.0625,7.0625,7.0,7.0,1.8750782012939453,7600
1991-01-22,6.96875,6.96875,6.75,6.75,1.8081109523773193,204400
1991-01-23,6.6875,6.78125,6.6875,6.75,1.8081109523773193,18000
1991-01-24,6.6875,6.75,6.65625,6.75,1.8081109523773193,73600
1991-01-25,6.8125,6.84375,6.75,6.75,1.8081109523773193,118400
1991-01-28,6.75,6.875,6.75,6.875,1.8415943384170532,134000
1991-01-29,6.84375,6.9375,6.84375,6.9375,1.858336091041565,307600
1991-01-30,6.9375,7.21875,6.9375,7.21875,1.9336735010147095,144400
1991-01-31,7.15625,7.28125,7.15625,7.1875,1.925302267074585,76400
1991-02-01,7.21875,7.40625,7.21875,7.40625,1.9838985204696655,41200
1991-02-04,7.46875,7.59375,7.46875,7.5,2.009012222290039,202000
1991-02-05,7.5,7.59375,7.5,7.59375,2.0341241359710693,131600
1991-02-06,7.625,7.78125,7.625,7.78125,2.084350347518921,113600
1991-02-07,7.8125,8.09375,7.8125,8.03125,2.1513166427612305,149200
1991-02-08,8.03125,8.125,8.03125,8.125,2.1764297485351562,75600
1991-02-11,8.0625,8.25,8.0625,8.25,2.2099125385284424,251200
1991-02-12,8.1875,8.28125,8.1875,8.28125,2.235900402069092,282800
1991-02-13,8.21875,8.34375,8.21875,8.28125,2.235900402069092,54000
1991-02-14,8.28125,8.375,8.28125,8.3125,2.244337797164917,195600
1991-02-15,8.34375,8.375,8.1875,8.1875,2.210587739944458,133200
1991-02-19,8.1875,8.1875,7.875,7.96875,2.15152645111084,88400
1991-02-20,7.9375,7.9375,7.71875,7.75,2.0924649238586426,171200
1991-02-21,7.78125,7.8125,7.65625,7.65625,2.0671536922454834,330400
1991-02-22,7.625,7.71875,7.625,7.65625,2.0671536922454834,346400
1991-02-25,7.71875,7.8125,7.6875,7.78125,2.1009023189544678,200400
1991-02-26,7.78125,7.9375,7.78125,7.9375,2.1430888175964355,323600
1991-02-27,7.9375,7.9375,7.875,7.9375,2.1430888175964355,296400
1991-02-28,7.96875,8.03125,7.9375,7.9375,2.1430888175964355,196800
1991-03-01,7.9375,7.96875,7.90625,7.9375,2.1430888175964355,69200
1991-03-04,7.96875,7.96875,7.875,7.875,2.126214027404785,204400
1991-03-05,7.875,8.09375,7.875,8.09375,2.1852760314941406,288800
1991-03-06,8.15625,8.46875,8.15625,8.46875,2.286525011062622,556800
1991-03-07,8.5,8.5625,8.4375,8.5625,2.311836004257202,99600
1991-03-08,8.5,8.5625,8.4375,8.4375,2.2780871391296387,96800
1991-03-11,8.4375,8.5625,8.4375,8.5,2.2949609756469727,32400
1991-03-12,8.4375,8.4375,8.40625,8.40625,2.2696495056152344,12800
1991-03-13,8.40625,8.40625,8.34375,8.34375,2.252774953842163,23200
1991-03-14,8.5,8.875,8.5,8.78125,2.370896816253662,168800
1991-03-15,8.71875,8.71875,8.65625,8.65625,2.337148904800415,13200
1991-03-18,8.6875,8.6875,8.59375,8.625,2.328711748123169,17200
1991-03-19,8.59375,8.59375,8.5,8.5625,2.311836004257202,34400
1991-03-20,8.5625,8.875,8.5625,8.84375,2.3877737522125244,56400
1991-03-21,8.8125,8.90625,8.78125,8.875,2.3962087631225586,66000
1991-03-22,8.875,8.90625,8.875,8.875,2.3962087631225586,69200
1991-03-25,8.84375,8.90625,8.84375,8.875,2.3962087631225586,54800
1991-03-26,8.90625,8.90625,8.59375,8.65625,2.337148904800415,98800
1991-03-27,8.6875,8.6875,8.5625,8.6875,2.3455874919891357,147600
1991-03-28,8.4375,8.53125,8.4375,8.5,2.2949609756469727,62400
1991-04-01,8.5,8.5,8.4375,8.46875,2.286525011062622,76800
1991-04-02,8.5,8.5625,8.5,8.53125,2.3033998012542725,56000
1991-04-03,8.5,8.625,8.5,8.625,2.328711748123169,10000
1991-04-04,8.59375,8.78125,8.5625,8.6875,2.3455874919891357,225600
1991-04-05,8.6875,8.75,8.6875,8.75,2.362459421157837,31200
1991-04-08,8.8125,8.8125,8.75,8.75,2.362459421157837,40400
1991-04-09,8.4375,8.6875,8.4375,8.625,2.4161059856414795,61200
1991-04-10,8.5,8.5625,8.5,8.5625,2.3985965251922607,15600
1991-04-11,8.5625,8.625,8.53125,8.59375,2.407351493835449,33200
1991-04-12,8.71875,8.75,8.6875,8.71875,2.442366600036621,250800
1991-04-15,8.78125,8.84375,8.75,8.84375,2.4773848056793213,35200
1991-04-16,8.84375,8.90625,8.8125,8.90625,2.4948906898498535,44400
1991-04-17,8.96875,8.96875,8.875,8.875,2.4861361980438232,111200
1991-04-18,8.875,8.90625,8.875,8.875,2.4861361980438232,39600
1991-04-19,8.90625,8.9375,8.84375,8.875,2.4861361980438232,94400
1991-04-22,8.84375,8.84375,8.71875,8.75,2.451120615005493,649200
1991-04-23,8.78125,8.78125,8.75,8.75,2.451120615005493,35200
1991-04-24,8.75,8.875,8.75,8.78125,2.459874153137207,31200
1991-04-25,8.78125,8.84375,8.75,8.75,2.451120615005493,41200
1991-04-26,8.75,8.75,8.5625,8.59375,2.407351493835449,112400
1991-04-29,8.46875,8.46875,7.9375,7.96875,2.2322707176208496,237600
1991-04-30,7.96875,8.0,7.9375,7.96875,2.2322707176208496,956400
1991-05-01,7.9375,8.03125,7.9375,8.03125,2.249779224395752,43600
1991-05-02,8.03125,8.03125,7.96875,8.0,2.24102520942688,25600
1991-05-03,7.96875,8.03125,7.96875,8.0,2.24102520942688,32000
1991-05-06,8.03125,8.09375,8.0,8.0625,2.2585339546203613,29600
1991-05-07,8.09375,8.09375,8.03125,8.03125,2.249779224395752,8400
1991-05-08,8.0,8.0,7.96875,7.96875,2.2322707176208496,29200
1991-05-09,7.96875,7.96875,7.9375,7.96875,2.2322707176208496,28000
1991-05-10,7.9375,7.96875,7.9375,7.96875,2.2322707176208496,44800
1991-05-13,7.96875,7.96875,7.84375,7.84375,2.1972551345825195,12000
1991-05-14,7.875,7.90625,7.75,7.75,2.1709930896759033,22000
1991-05-15,7.75,7.75,7.59375,7.625,2.135977268218994,30000
1991-05-16,7.5625,7.5625,7.5,7.53125,2.109715461730957,36000
1991-05-17,7.5,7.5,7.46875,7.46875,2.092207670211792,7200
1991-05-20,7.3125,7.34375,7.28125,7.3125,2.0664210319519043,247200
1991-05-21,7.28125,7.3125,7.25,7.25,2.048760414123535,39600
1991-05-22,7.28125,7.3125,7.28125,7.28125,2.0575902462005615,8400
1991-05-23,7.28125,7.28125,7.125,7.1875,2.031097173690796,236000
1991-05-24,7.21875,7.21875,7.15625,7.1875,2.031097173690796,109600
1991-05-28,7.1875,7.1875,7.09375,7.15625,2.022266149520874,191200
1991-05-29,7.1875,7.21875,7.15625,7.21875,2.039928436279297,116800
1991-05-30,7.21875,7.28125,7.21875,7.28125,2.0575902462005615,268400
1991-05-31,7.3125,7.375,7.25,7.375,2.084082841873169,400400
1991-06-03,7.375,7.59375,7.375,7.59375,2.1458983421325684,38400
1991-06-04,7.5,7.53125,7.5,7.5,2.1194050312042236,130000
1991-06-05,7.53125,7.78125,7.53125,7.75,2.1900532245635986,362400
1991-06-06,7.75,7.75,7.71875,7.71875,2.1812222003936768,59600
1991-06-07,7.6875,7.6875,7.625,7.65625,2.1635591983795166,375600
1991-06-10,7.65625,7.65625,7.53125,7.53125,2.128236770629883,25600
1991-06-11,7.5,7.5625,7.5,7.53125,2.128236770629883,49600
1991-06-12,7.59375,7.59375,7.5625,7.59375,2.1458983421325684,44000
1991-06-13,7.53125,7.625,7.53125,7.625,2.1547300815582275,124400
1991-06-14,7.59375,7.59375,7.5,7.5625,2.1370677947998047,74800
1991-06-17,7.625,7.625,7.53125,7.5625,2.1370677947998047,108400
1991-06-18,7.59375,7.625,7.59375,7.625,2.1547300815582275,173600
1991-06-19,7.625,7.625,7.59375,7.59375,2.1458983421325684,52800
1991-06-20,7.5625,7.625,7.5625,7.625,2.1547300815582275,171200
1991-06-21,7.59375,7.59375,7.46875,7.46875,2.110574722290039,62800
1991-06-24,7.5,7.5,7.46875,7.46875,2.110574722290039,41200
1991-06-25,7.46875,7.46875,7.34375,7.34375,2.0752530097961426,142400
1991-06-26,7.3125,7.375,7.3125,7.375,2.084082841873169,153600
1991-06-27,7.375,7.4375,7.375,7.375,2.084082841873169,182000
1991-06-28,7.375,7.40625,7.28125,7.3125,2.0664210319519043,222000
1991-07-01,7.34375,7.375,7.3125,7.3125,2.0664210319519043,35600
1991-07-02,7.25,7.28125,7.25,7.25,2.048760414123535,84800
1991-07-03,7.25,7.25,7.1875,7.1875,2.031097173690796,24800
1991-07-05,7.21875,7.21875,7.15625,7.15625,2.022266149520874,7600
1991-07-08,7.15625,7.21875,7.15625,7.1875,2.031097173690796,46000
1991-07-09,7.09375,7.25,7.09375,7.25,2.048760414123535,62000
1991-07-10,7.25,7.28125,7.25,7.28125,2.0575902462005615,200000
1991-07-11,7.28125,7.34375,7.28125,7.34375,2.0752530097961426,124400
1991-07-12,7.34375,7.4375,7.34375,7.4375,2.101745128631592,20400
1991-07-15,7.4375,7.46875,7.4375,7.4375,2.101745128631592,2800
1991-07-16,7.46875,7.53125,7.4375,7.5,2.1194050312042236,41600
1991-07-17,7.46875,7.625,7.4375,7.625,2.1547300815582275,37200
1991-07-18,7.59375,7.625,7.59375,7.625,2.1547300815582275,4800
1991-07-19,7.625,7.65625,7.625,7.625,2.1547300815582275,16000
1991-07-22,7.625,7.625,7.4375,7.5,2.1194050312042236,96800
1991-07-23,7.5,7.53125,7.5,7.53125,2.128236770629883,11200
1991-07-24,7.46875,7.46875,7.40625,7.46875,2.110574722290039,11200
1991-07-25,7.4375,7.53125,7.4375,7.53125,2.128236770629883,5600
1991-07-26,7.5,7.59375,7.5,7.5625,2.1370677947998047,10800
1991-07-29,7.5625,7.78125,7.5625,7.71875,2.1812222003936768,108000
1991-07-30,7.6875,7.78125,7.6875,7.78125,2.198882579803467,25200
1991-07-31,7.75,7.78125,7.65625,7.6875,2.172390937805176,24400
1991-08-01,7.625,7.65625,7.59375,7.59375,2.1458983421325684,30800
1991-08-02,7.65625,7.6875,7.65625,7.6875,2.172390937805176,10400
1991-08-05,7.65625,7.65625,7.65625,7.65625,2.1635591983795166,6000
1991-08-06,7.6875,7.78125,7.6875,7.78125,2.198882579803467,71200
1991-08-07,7.75,7.78125,7.75,7.78125,2.198882579803467,25200
1991-08-08,7.8125,7.8125,7.78125,7.78125,2.198882579803467,83200
1991-08-09,7.75,7.78125,7.75,7.75,2.1900532245635986,14000
1991-08-12,7.78125,7.8125,7.78125,7.8125,2.2077150344848633,31600
1991-08-13,7.8125,7.8125,7.78125,7.78125,2.198882579803467,39200
1991-08-14,7.8125,7.8125,7.78125,7.78125,2.198882579803467,47200
1991-08-15,7.78125,7.84375,7.78125,7.8125,2.2077150344848633,39600
1991-08-16,7.84375,7.84375,7.8125,7.8125,2.2077150344848633,6800
1991-08-19,7.65625,7.65625,7.46875,7.5,2.1371872425079346,36400
1991-08-20,7.5,7.59375,7.5,7.5625,2.154996633529663,102000
1991-08-21,7.625,7.625,7.59375,7.59375,2.1639022827148438,24800
1991-08-22,7.625,7.625,7.46875,7.46875,2.128282070159912,61200
1991-08-23,7.4375,7.53125,7.4375,7.5,2.1371872425079346,91600
1991-08-26,7.5,7.5,7.5,7.5,2.1371872425079346,24800
1991-08-27,7.5,7.53125,7.5,7.53125,2.1460933685302734,21200
1991-08-28,7.53125,7.5625,7.5,7.5,2.1371872425079346,116000
1991-08-29,7.5,7.5,7.5,7.5,2.1371872425079346,16400
1991-08-30,7.53125,7.65625,7.53125,7.65625,2.181711435317993,90400
1991-09-03,7.625,7.625,7.5625,7.5625,2.154996633529663,10400
1991-09-04,7.5,7.625,7.5,7.625,2.172806739807129,17200
1991-09-05,7.625,7.65625,7.625,7.65625,2.181711435317993,7600
1991-09-06,7.6875,7.71875,7.65625,7.6875,2.190617322921753,44400
1991-09-09,7.71875,7.71875,7.65625,7.65625,2.181711435317993,11600
1991-09-10,7.6875,7.6875,7.53125,7.5625,2.154996633529663,45600
1991-09-11,7.53125,7.625,7.53125,7.59375,2.1639022827148438,27200
1991-09-12,7.59375,7.625,7.59375,7.625,2.172806739807129,14400
1991-09-13,7.65625,7.6875,7.65625,7.6875,2.190617322921753,20400
1991-09-16,7.71875,7.78125,7.6875,7.71875,2.1995208263397217,114000
1991-09-17,7.75,7.8125,7.75,7.75,2.208427667617798,56000
1991-09-18,7.75,7.78125,7.75,7.75,2.208427667617798,33600
1991-09-19,7.78125,7.875,7.78125,7.875,2.244046211242676,32000
1991-09-20,7.9375,7.96875,7.90625,7.96875,2.270761728286743,189600
1991-09-23,7.96875,8.03125,7.96875,8.03125,2.288571834564209,40400
1991-09-24,8.0625,8.21875,8.0625,8.21875,2.342000961303711,36800
1991-09-25,8.21875,8.21875,8.0625,8.0625,2.2974767684936523,70000
1991-09-26,8.0625,8.125,8.0625,8.09375,2.3063814640045166,42400
1991-09-27,8.125,8.3125,8.125,8.28125,2.3598110675811768,36000
1991-09-30,8.28125,8.28125,8.25,8.25,2.3509063720703125,8800
1991-10-01,8.25,8.25,8.25,8.25,2.3509063720703125,27600
1991-10-02,8.25,8.3125,8.21875,8.25,2.3509063720703125,228400
1991-10-03,8.25,8.3125,8.1875,8.1875,2.333097219467163,136800
1991-10-04,8.21875,8.25,8.1875,8.21875,2.342000961303711,58000
1991-10-07,8.25,8.25,8.125,8.125,2.315286874771118,35200
1991-10-08,8.15625,8.15625,8.125,8.125,2.315286874771118,18800
1991-10-09,8.125,8.15625,8.125,8.15625,2.3241915702819824,98800
1991-10-10,8.125,8.25,8.125,8.25,2.3509063720703125,35200
1991-10-11,8.1875,8.34375,8.1875,8.34375,2.3776214122772217,35200
1991-10-14,8.34375,8.34375,8.3125,8.34375,2.3776214122772217,2000
1991-10-15,8.375,8.375,8.25,8.3125,2.36871600151062,46400
1991-10-16,8.34375,8.4375,8.34375,8.4375,2.4043359756469727,97200
1991-10-17,8.375,8.375,8.3125,8.34375,2.3776214122772217,8800
1991-10-18,8.40625,8.40625,8.375,8.375,2.386526584625244,8000
1991-10-21,8.40625,8.40625,8.375,8.40625,2.3954312801361084,1600
1991-10-22,8.40625,8.40625,8.375,8.375,2.386526584625244,21600
1991-10-23,8.40625,8.625,8.28125,8.625,2.4577653408050537,158000
1991-10-24,8.71875,8.8125,8.625,8.75,2.493384838104248,192400
1991-10-25,8.71875,8.71875,8.53125,8.53125,2.4310505390167236,24400
1991-10-28,8.59375,8.6875,8.53125,8.65625,2.466669797897339,64400
1991-10-29,8.65625,8.65625,8.5,8.5,2.422144889831543,44000
1991-10-30,8.5,8.5,8.40625,8.40625,2.3954312801361084,84800
1991-10-31,8.375,8.4375,8.375,8.4375,2.4043359756469727,140800
1991-11-01,8.5,8.5,8.46875,8.46875,2.413241147994995,14400
1991-11-04,8.46875,8.5,8.46875,8.46875,2.413241147994995,13600
1991-11-05,8.46875,8.5,8.4375,8.5,2.422144889831543,119200
1991-11-06,8.46875,8.46875,8.46875,8.46875,2.413241147994995,800
1991-11-07,8.4375,8.46875,8.4375,8.46875,2.413241147994995,24400
1991-11-08,8.4375,8.46875,8.4375,8.46875,2.413241147994995,119600
1991-11-11,8.4375,8.4375,8.4375,8.4375,2.4043359756469727,2800
1991-11-12,8.4375,8.4375,8.375,8.375,2.386526584625244,31200
1991-11-13,8.3125,8.40625,8.25,8.375,2.386526584625244,70000
1991-11-14,8.40625,8.40625,8.34375,8.34375,2.3776214122772217,9600
1991-11-15,8.34375,8.375,8.25,8.25,2.3509063720703125,36000
1991-11-18,8.09375,8.09375,7.875,7.90625,2.270843505859375,75200
1991-11-19,7.875,7.90625,7.84375,7.84375,2.2528913021087646,115600
1991-11-20,7.78125,7.78125,7.75,7.75,2.2259654998779297,37200
1991-11-21,7.78125,7.78125,7.71875,7.75,2.2259654998779297,14000
1991-11-22,7.65625,7.65625,7.375,7.40625,2.1272335052490234,96400
1991-11-25,7.28125,7.375,7.28125,7.375,2.1182572841644287,68800
1991-11-26,7.375,7.46875,7.3125,7.3125,2.1003055572509766,119600
1991-11-27,7.3125,7.34375,7.25,7.25,2.0823543071746826,13200
1991-11-29,7.25,7.3125,7.25,7.3125,2.1003055572509766,26800
1991-12-02,7.3125,7.3125,7.25,7.25,2.0823543071746826,80400
1991-12-03,7.25,7.25,7.0,7.03125,2.019523859024048,117600
1991-12-04,7.125,7.1875,7.09375,7.09375,2.037476062774658,187600
1991-12-05,7.09375,7.15625,7.09375,7.15625,2.055427312850952,36400
1991-12-06,7.09375,7.09375,7.09375,7.09375,2.037476062774658,95600
1991-12-09,7.15625,7.21875,7.15625,7.21875,2.0733795166015625,28800
1991-12-10,7.1875,7.21875,7.1875,7.21875,2.0733795166015625,42000
1991-12-11,7.21875,7.21875,7.1875,7.1875,2.0644025802612305,73600
1991-12-12,7.1875,7.25,7.125,7.1875,2.0644025802612305,64800
1991-12-13,7.1875,7.21875,7.1875,7.21875,2.0733795166015625,4400
1991-12-16,7.1875,7.34375,7.1875,7.34375,2.109281539916992,51200
1991-12-17,7.375,7.6875,7.375,7.59375,2.1810860633850098,79200
1991-12-18,7.5625,7.5625,7.46875,7.46875,2.14518404006958,204000
1991-12-19,7.40625,7.40625,7.21875,7.28125,2.09132981300354,22400
1991-12-20,7.375,7.59375,7.375,7.5625,2.172110080718994,184000
1991-12-23,7.5,7.53125,7.4375,7.46875,2.14518404006958,42800
1991-12-24,7.5,7.71875,7.5,7.625,2.1900627613067627,225200
1991-12-26,7.625,7.71875,7.625,7.71875,2.2169878482818604,48000
1991-12-27,7.84375,7.9375,7.84375,7.90625,2.270843505859375,47200
1991-12-30,8.03125,8.46875,8.03125,8.46875,2.4324052333831787,64800
1991-12-31,8.4375,8.59375,8.28125,8.34375,2.39650297164917,50000
1992-01-02,8.3125,8.3125,7.9375,8.125,2.333674430847168,55600
1992-01-03,8.1875,8.3125,8.1875,8.3125,2.3875269889831543,26000
1992-01-06,8.25,8.3125,8.15625,8.3125,2.3875269889831543,119200
1992-01-07,8.25,8.25,8.15625,8.15625,2.3426482677459717,33600
1992-01-08,8.09375,8.21875,8.09375,8.21875,2.3605997562408447,28800
1992-01-09,8.3125,8.40625,8.3125,8.40625,2.4144539833068848,22400
1992-01-10,8.5,8.75,8.5,8.65625,2.4862585067749023,162400
1992-01-13,8.625,8.625,8.46875,8.46875,2.4324052333831787,192800
1992-01-14,8.5,8.5625,8.5,8.5625,2.459331750869751,41200
1992-01-15,8.65625,8.8125,8.65625,8.78125,2.5221617221832275,336800
1992-01-16,8.90625,8.90625,8.8125,8.84375,2.5401132106781006,97600
1992-01-17,8.90625,8.96875,8.90625,8.96875,2.5760154724121094,106400
1992-01-20,8.90625,8.9375,8.78125,8.84375,2.5401132106781006,44000
1992-01-21,8.875,8.875,8.65625,8.6875,2.4952337741851807,19600
1992-01-22,8.6875,8.75,8.6875,8.75,2.513185739517212,107200
1992-01-23,8.8125,9.21875,8.8125,9.125,2.620894193649292,201200
1992-01-24,9.15625,9.15625,8.8125,8.8125,2.531137228012085,171600
1992-01-27,9.0625,9.4375,9.0625,9.3125,2.674747943878174,248000
1992-01-28,9.28125,9.40625,9.28125,9.375,2.6926987171173096,335600
1992-01-29,9.375,9.4375,9.375,9.40625,2.7016761302948,77600
1992-01-30,9.40625,9.5625,9.40625,9.5625,2.7465527057647705,72800
1992-01-31,9.625,9.6875,9.625,9.65625,2.7734806537628174,236400
1992-02-03,9.6875,9.75,9.6875,9.6875,2.7824573516845703,265200
1992-02-04,9.6875,9.875,9.65625,9.875,2.8363099098205566,225200
1992-02-05,9.84375,9.9375,9.71875,9.71875,2.7914319038391113,126000
1992-02-06,9.71875,9.71875,9.375,9.4375,2.710649251937866,288000
1992-02-07,9.375,9.4375,9.1875,9.4375,2.710649251937866,64400
1992-02-10,9.375,9.4375,9.34375,9.4375,2.710649251937866,142000
1992-02-11,9.40625,9.59375,9.40625,9.59375,2.7555298805236816,157200
1992-02-12,9.59375,9.625,9.5625,9.59375,2.7555298805236816,30400
1992-02-13,9.625,9.78125,9.625,9.75,2.8004074096679688,161600
1992-02-14,9.75,9.875,9.65625,9.8125,2.81835675239563,102000
1992-02-18,9.875,10.0,9.65625,9.875,2.8363099098205566,238800
1992-02-19,9.8125,9.84375,9.71875,9.8125,2.81835675239563,155600
1992-02-20,9.75,9.78125,9.6875,9.71875,2.7914319038391113,144800
1992-02-21,9.6875,9.78125,9.6875,9.75,2.8004074096679688,53600
1992-02-24,9.78125,9.78125,9.71875,9.71875,2.810166358947754,44000
1992-02-25,9.71875,9.71875,9.65625,9.6875,2.801130771636963,36400
1992-02-26,9.5625,9.71875,9.5625,9.625,2.7830584049224854,79200
1992-02-27,9.59375,9.59375,9.53125,9.59375,2.7740230560302734,23200
1992-02-28,9.59375,9.59375,9.5625,9.5625,2.7649872303009033,49200
1992-03-02,9.59375,9.625,9.5,9.5,2.7469146251678467,59600
1992-03-03,9.46875,9.5,9.46875,9.5,2.7469146251678467,30400
1992-03-04,9.5,9.59375,9.46875,9.59375,2.7740230560302734,48000
1992-03-05,9.5625,9.59375,9.5625,9.59375,2.7740230560302734,67600
1992-03-06,9.625,10.125,9.625,10.03125,2.9005260467529297,673200
1992-03-09,9.96875,10.03125,9.9375,10.0,2.8914880752563477,375600
1992-03-10,9.96875,9.96875,9.9375,9.9375,2.873417377471924,211200
1992-03-11,9.9375,9.96875,9.9375,9.9375,2.873417377471924,79600
1992-03-12,9.96875,9.96875,9.90625,9.90625,2.8643813133239746,92400
1992-03-13,9.90625,10.0,9.90625,10.0,2.8914880752563477,40400
1992-03-16,10.0,10.0,9.9375,9.96875,2.8824543952941895,68000
1992-03-17,10.03125,10.3125,10.03125,10.25,2.963776111602783,70000
1992-03-18,10.25,10.5625,10.25,10.5625,3.0541365146636963,304800
1992-03-19,10.5,10.71875,10.46875,10.65625,3.0812435150146484,189200
1992-03-20,10.6875,10.75,10.625,10.625,3.0722076892852783,148400
1992-03-23,10.5625,10.5625,10.3125,10.3125,2.9818482398986816,75200
1992-03-24,10.34375,10.4375,10.3125,10.34375,2.990884304046631,88400
1992-03-25,10.34375,10.4375,10.25,10.4375,3.0179920196533203,52800
1992-03-26,10.40625,10.4375,10.34375,10.40625,3.00895619392395,23200
1992-03-27,10.375,10.375,10.25,10.3125,2.9818482398986816,42800
1992-03-30,10.25,10.25,10.125,10.15625,2.936668872833252,48400
1992-03-31,10.15625,10.25,10.125,10.21875,2.9547407627105713,164400
1992-04-01,10.25,10.40625,10.25,10.40625,3.00895619392395,238800
1992-04-02,10.4375,10.59375,10.4375,10.53125,3.0450994968414307,32000
1992-04-03,10.46875,10.46875,10.375,10.375,2.999920129776001,106000
1992-04-06,10.375,10.375,10.25,10.25,2.963776111602783,62000
1992-04-07,10.3125,10.375,10.28125,10.28125,2.9728126525878906,152400
1992-04-08,10.21875,10.21875,10.0625,10.125,2.9276328086853027,194800
1992-04-09,10.15625,10.4375,10.15625,10.4375,3.0179920196533203,228000
1992-04-10,10.5,10.5,10.4375,10.4375,3.0179920196533203,136000
1992-04-13,10.5,10.75,10.46875,10.75,3.108351469039917,102000
1992-04-14,10.75,10.96875,10.71875,10.96875,3.1716039180755615,222400
1992-04-15,11.0,11.125,11.0,11.125,3.2167813777923584,514400
1992-04-16,11.0625,11.25,11.0625,11.25,3.252924919128418,348000
1992-04-20,11.1875,11.1875,11.125,11.1875,3.234854221343994,152000
1992-04-21,11.1875,11.375,11.15625,11.25,3.252924919128418,288800
1992-04-22,11.21875,11.21875,11.09375,11.125,3.2167813777923584,98400
1992-04-23,11.125,11.1875,11.125,11.1875,3.234854221343994,416000
1992-04-24,11.25,11.5625,11.25,11.53125,3.334251642227173,452400
1992-04-27,11.6875,11.6875,10.875,10.96875,3.1716039180755615,282400
1992-04-28,10.9375,11.0,10.75,10.90625,3.153529644012451,105600
1992-04-29,10.9375,11.1875,10.9375,11.1875,3.234854221343994,53600
1992-04-30,11.1875,11.6875,11.1875,11.6875,3.379427909851074,210000
1992-05-01,11.625,11.625,11.4375,11.5,3.3252134323120117,150000
1992-05-04,11.4375,11.4375,11.125,11.15625,3.2258193492889404,190800
1992-05-05,11.125,11.125,11.0625,11.0625,3.1987106800079346,182400
1992-05-06,11.09375,11.3125,11.09375,11.09375,3.2077460289001465,280800
1992-05-07,11.09375,11.15625,11.09375,11.15625,3.2258193492889404,140400
1992-05-08,11.1875,11.21875,11.125,11.21875,3.243889570236206,194400
1992-05-11,11.1875,11.375,11.1875,11.375,3.2890703678131104,92400
1992-05-12,11.4375,11.75,11.4375,11.65625,3.3703932762145996,553200
1992-05-13,11.65625,11.65625,11.53125,11.53125,3.334251642227173,100800
1992-05-14,11.59375,11.59375,11.4375,11.46875,3.316175937652588,134800
1992-05-15,11.53125,11.53125,11.46875,11.5,3.3252134323120117,112400
1992-05-18,11.53125,11.59375,11.46875,11.5,3.3441126346588135,53200
1992-05-19,11.4375,11.4375,11.15625,11.1875,3.253242015838623,192400
1992-05-20,11.1875,11.4375,11.125,11.4375,3.3259387016296387,133200
1992-05-21,11.4375,11.625,11.375,11.5,3.3441126346588135,148400
1992-05-22,11.5,11.53125,11.5,11.5,3.3441126346588135,163200
1992-05-26,11.46875,11.46875,11.25,11.25,3.2714152336120605,141200
1992-05-27,11.25,11.25,11.15625,11.21875,3.2623283863067627,40800
1992-05-28,11.21875,11.21875,11.1875,11.1875,3.253242015838623,85600
1992-05-29,11.1875,11.34375,11.1875,11.3125,3.28959059715271,183600
1992-06-01,11.34375,11.4375,11.34375,11.4375,3.3259387016296387,178800
1992-06-02,11.40625,11.8125,11.40625,11.8125,3.434985399246216,391200
1992-06-03,11.75,11.8125,11.71875,11.78125,3.4258992671966553,258400
1992-06-04,11.71875,11.78125,11.59375,11.78125,3.4258992671966553,58800
1992-06-05,11.75,11.75,11.625,11.65625,3.3895514011383057,38000
1992-06-08,11.6875,11.78125,11.65625,11.71875,3.4077248573303223,124800
1992-06-09,11.78125,11.84375,11.71875,11.71875,3.4077248573303223,294800
1992-06-10,11.71875,11.71875,11.625,11.71875,3.4077248573303223,94000
1992-06-11,11.6875,11.8125,11.6875,11.75,3.416813611984253,540400
1992-06-12,11.78125,11.84375,11.75,11.8125,3.434985399246216,184400
1992-06-15,11.75,11.84375,11.75,11.8125,3.434985399246216,63200
1992-06-16,11.78125,11.96875,11.78125,11.90625,3.4622488021850586,226000
1992-06-17,11.875,11.875,11.625,11.625,3.3804633617401123,380800
1992-06-18,11.65625,11.65625,11.21875,11.28125,3.280503273010254,568800
1992-06-19,11.375,11.375,11.21875,11.21875,3.2623283863067627,425600
1992-06-22,11.25,11.25,10.9375,10.9375,3.180542469024658,117200
1992-06-23,10.96875,10.96875,10.9375,10.9375,3.180542469024658,394800
1992-06-24,10.9375,10.96875,10.90625,10.96875,3.1896309852600098,253200
1992-06-25,10.96875,11.0625,10.96875,11.0,3.198716640472412,202800
1992-06-26,11.0,11.0,11.0,11.0,3.198716640472412,125200
1992-06-29,11.03125,11.0625,11.0,11.0625,3.2168920040130615,218000
1992-06-30,11.0625,11.375,11.0625,11.25,3.2714152336120605,103200
1992-07-01,11.28125,11.46875,11.28125,11.46875,3.3350281715393066,187200
1992-07-02,11.5,11.5,11.25,11.34375,3.298678159713745,397600
1992-07-06,11.375,11.375,11.28125,11.28125,3.280503273010254,158000
1992-07-07,11.28125,11.3125,11.21875,11.21875,3.2623283863067627,264800
1992-07-08,11.1875,11.21875,11.09375,11.125,3.2350668907165527,50000
1992-07-09,11.0625,11.4375,11.0625,11.4375,3.3259387016296387,414400
1992-07-10,11.5625,11.78125,11.53125,11.6875,3.3986403942108154,342800
1992-07-13,11.75,11.78125,11.75,11.78125,3.4258992671966553,134400
1992-07-14,11.84375,11.96875,11.84375,11.96875,3.48042368888855,338400
1992-07-15,11.96875,12.09375,11.96875,12.0625,3.507685661315918,204800
1992-07-16,12.09375,12.21875,12.0,12.21875,3.5531229972839355,76000
1992-07-17,12.15625,12.15625,11.96875,11.96875,3.48042368888855,115600
1992-07-20,11.90625,11.90625,11.75,11.875,3.4531610012054443,122400
1992-07-21,11.875,11.90625,11.71875,11.75,3.416813611984253,122800
1992-07-22,11.75,11.8125,11.6875,11.71875,3.4077248573303223,189600
1992-07-23,11.78125,11.78125,11.625,11.6875,3.3986403942108154,150000
1992-07-24,11.6875,11.6875,11.65625,11.6875,3.3986403942108154,27200
1992-07-27,11.75,12.1875,11.75,12.15625,3.5349466800689697,868800
1992-07-28,12.125,12.4375,12.125,12.375,3.5985584259033203,269200
1992-07-29,12.4375,12.5625,12.4375,12.5,3.6349077224731445,278000
1992-07-30,12.5,12.59375,12.5,12.59375,3.6621694564819336,389600
1992-07-31,12.625,12.65625,12.5,12.5,3.6349077224731445,196000
1992-08-03,12.5,12.5,12.4375,12.46875,3.6258182525634766,313600
1992-08-04,12.46875,12.5625,12.46875,12.53125,3.643993616104126,293200
1992-08-05,12.53125,12.65625,12.53125,12.65625,3.680342674255371,87200
1992-08-06,12.6875,12.96875,12.6875,12.875,3.743954658508301,743200
1992-08-07,12.90625,12.9375,12.75,12.75,3.7076053619384766,288800
1992-08-10,12.6875,12.84375,12.65625,12.84375,3.734867811203003,91600
1992-08-11,12.84375,12.84375,12.65625,12.75,3.7076053619384766,72000
1992-08-12,12.78125,12.96875,12.75,12.96875,3.7712159156799316,146800
1992-08-13,13.0,13.09375,13.0,13.0625,3.798478841781616,222400
1992-08-14,13.0,13.0,12.9375,12.9375,3.762129306793213,56400
1992-08-17,12.8125,12.9375,12.8125,12.90625,3.7719902992248535,228000
1992-08-18,12.875,12.90625,12.8125,12.875,3.76285982131958,112800
1992-08-19,12.9375,13.0625,12.9375,13.0625,3.817659378051758,180800
1992-08-20,13.03125,13.03125,12.90625,13.0,3.7993931770324707,73600
1992-08-21,13.0625,13.0625,12.875,12.875,3.76285982131958,113600
1992-08-24,12.875,12.90625,12.46875,12.5,3.6532604694366455,183600
1992-08-25,12.5625,12.5625,12.46875,12.5625,3.671525716781616,142000
1992-08-26,12.59375,12.59375,12.53125,12.5625,3.671525716781616,45600
1992-08-27,12.625,12.71875,12.5625,12.59375,3.680661916732788,96400
1992-08-28,12.625,12.6875,12.59375,12.65625,3.6989262104034424,73600
1992-08-31,12.65625,12.65625,12.625,12.625,3.6897950172424316,26000
1992-09-01,12.6875,12.71875,12.59375,12.625,3.6897950172424316,121200
1992-09-02,12.59375,12.71875,12.5,12.53125,3.662395477294922,148800
1992-09-03,12.5,12.5625,12.5,12.53125,3.662395477294922,272800
1992-09-04,12.53125,12.53125,12.53125,12.53125,3.662395477294922,28000
1992-09-08,12.59375,12.6875,12.53125,12.625,3.6897950172424316,74000
1992-09-09,12.6875,12.6875,12.53125,12.65625,3.6989262104034424,144400
1992-09-10,12.65625,12.75,12.625,12.625,3.6897950172424316,58000
1992-09-11,12.5625,12.625,12.5625,12.59375,3.680661916732788,82400
1992-09-14,12.75,13.0625,12.75,13.0,3.7993931770324707,267600
1992-09-15,13.03125,13.0625,12.9375,12.9375,3.7811264991760254,58000
1992-09-16,12.96875,13.0,12.875,12.9375,3.7811264991760254,48400
1992-09-17,12.96875,12.96875,12.71875,12.71875,3.717194080352783,72800
1992-09-18,12.75,12.75,12.53125,12.5625,3.671525716781616,195600
1992-09-21,12.5625,12.5625,12.5,12.53125,3.662395477294922,90000
1992-09-22,12.5,12.53125,12.5,12.5,3.6532604694366455,24400
1992-09-23,12.5,12.5,12.5,12.5,3.6532604694366455,38400
1992-09-24,12.46875,12.46875,12.1875,12.21875,3.571063995361328,55200
1992-09-25,12.1875,12.25,12.0625,12.0625,3.5253970623016357,144400
1992-09-28,12.0625,12.40625,12.0625,12.40625,3.625861883163452,177200
1992-09-29,12.34375,12.375,12.1875,12.21875,3.571063995361328,40800
1992-09-30,12.15625,12.15625,12.0,12.0,3.507131576538086,71600
1992-10-01,12.0625,12.125,12.0,12.0,3.507131576538086,323200
1992-10-02,12.0,12.0,11.59375,11.71875,3.424931049346924,106800
1992-10-05,11.59375,11.59375,11.4375,11.5625,3.3792665004730225,90800
1992-10-06,11.53125,11.84375,11.53125,11.84375,3.461466073989868,94800
1992-10-07,11.78125,11.84375,11.6875,11.6875,3.4158010482788086,63600
1992-10-08,11.6875,11.75,11.65625,11.75,3.4340660572052,165600
1992-10-09,11.75,11.78125,11.6875,11.78125,3.443199396133423,23200
1992-10-12,11.75,11.75,11.75,11.75,3.4340660572052,74400
1992-10-13,11.78125,11.84375,11.78125,11.8125,3.452331066131592,129200
1992-10-14,11.875,11.90625,11.84375,11.875,3.4705982208251953,133200
1992-10-15,11.875,11.9375,11.875,11.9375,3.488860845565796,22400
1992-10-16,11.9375,11.96875,11.9375,11.9375,3.488860845565796,56000
1992-10-19,11.9375,12.03125,11.9375,12.0,3.507131576538086,120400
1992-10-20,12.0625,12.28125,12.0625,12.28125,3.5893287658691406,44400
1992-10-21,12.34375,12.4375,12.28125,12.3125,3.5984625816345215,60800
1992-10-22,12.3125,12.40625,12.28125,12.40625,3.625861883163452,53600
1992-10-23,12.375,12.40625,12.34375,12.375,3.6167304515838623,24800
1992-10-26,12.375,12.375,12.25,12.28125,3.5893287658691406,36400
1992-10-27,12.34375,12.375,12.34375,12.375,3.6167304515838623,183600
1992-10-28,12.34375,12.4375,12.34375,12.375,3.6167304515838623,204000
1992-10-29,12.3125,12.4375,12.03125,12.03125,3.5162627696990967,103600
1992-10-30,11.875,11.875,11.5,11.53125,3.370133399963379,783200
1992-11-02,11.59375,11.625,11.25,11.40625,3.3336009979248047,502000
1992-11-03,11.40625,11.40625,11.28125,11.3125,3.3062007427215576,207200
1992-11-04,11.3125,11.34375,11.21875,11.21875,3.2788009643554688,173200
1992-11-05,11.21875,11.21875,10.75,11.0,3.2148687839508057,260000
1992-11-06,10.96875,10.96875,10.625,10.75,3.1418046951293945,295200
1992-11-09,10.78125,10.78125,10.5625,10.5625,3.087006092071533,665600
1992-11-10,10.5625,10.5625,10.25,10.28125,3.004807710647583,660800
1992-11-11,10.375,10.78125,10.375,10.75,3.1418046951293945,501200
1992-11-12,10.84375,11.0,10.84375,10.96875,3.2057383060455322,608800
1992-11-13,10.9375,11.21875,10.90625,11.1875,3.269669771194458,276400
1992-11-16,11.1875,11.3125,11.1875,11.25,3.2879340648651123,169200
1992-11-17,11.21875,11.3125,11.21875,11.25,3.2879340648651123,170800
1992-11-18,11.21875,11.3125,11.21875,11.25,3.2879340648651123,143200
1992-11-19,11.28125,11.28125,11.25,11.28125,3.297067880630493,260000
1992-11-20,11.21875,11.28125,11.21875,11.25,3.3069891929626465,56800
1992-11-23,11.25,11.28125,11.25,11.25,3.3069891929626465,206800
1992-11-24,11.25,11.28125,11.1875,11.1875,3.288616418838501,88400
1992-11-25,11.125,11.125,11.0625,11.09375,3.261059522628784,78400
1992-11-27,11.0625,11.125,11.0625,11.09375,3.261059522628784,9600
1992-11-30,11.15625,11.5625,11.15625,11.5625,3.3988492488861084,121600
1992-12-01,11.5,11.5,11.4375,11.5,3.380476713180542,174400
1992-12-02,11.5,11.5,11.40625,11.40625,3.3529200553894043,90400
1992-12-03,11.4375,11.4375,11.375,11.375,3.3437352180480957,45600
1992-12-04,11.3125,11.46875,11.3125,11.46875,3.3712923526763916,97200
1992-12-07,11.4375,11.53125,11.4375,11.53125,3.389665126800537,125200
1992-12-08,11.53125,11.53125,11.40625,11.40625,3.3529200553894043,118400
1992-12-09,11.34375,11.34375,11.28125,11.34375,3.334547281265259,34400
1992-12-10,11.3125,11.34375,11.21875,11.25,3.3069891929626465,18400
1992-12-11,11.28125,11.34375,11.28125,11.34375,3.334547281265259,24000
1992-12-14,11.28125,11.375,11.28125,11.3125,3.325361728668213,85200
1992-12-15,11.34375,11.46875,11.34375,11.46875,3.3712923526763916,148800
1992-12-16,11.4375,11.46875,11.3125,11.3125,3.325361728668213,78800
1992-12-17,11.3125,11.375,11.28125,11.375,3.3437352180480957,46400
1992-12-18,11.4375,11.4375,11.34375,11.375,3.3437352180480957,45200
1992-12-21,11.34375,11.34375,11.0625,11.1875,3.288616418838501,79600
1992-12-22,11.15625,11.1875,10.9375,11.0,3.2335011959075928,74000
1992-12-23,10.9375,10.9375,10.71875,10.71875,3.150826930999756,42800
1992-12-24,10.71875,10.90625,10.71875,10.875,3.196756601333618,85600
1992-12-28,10.9375,10.9375,10.875,10.90625,3.205944776535034,17200
1992-12-29,10.90625,10.90625,10.8125,10.875,3.196756601333618,36800
1992-12-30,10.8125,10.875,10.4375,10.6875,3.1416406631469727,182800
1992-12-31,10.625,10.90625,10.625,10.84375,3.187570095062256,116000
1993-01-04,10.84375,10.84375,10.75,10.75,3.1600122451782227,71200
1993-01-05,10.6875,10.75,10.59375,10.59375,3.114082098007202,56400
1993-01-06,10.59375,10.75,10.5625,10.75,3.1600122451782227,90800
1993-01-07,10.6875,10.6875,10.5,10.5,3.0865237712860107,226400
1993-01-08,10.46875,10.5,10.375,10.4375,3.0681543350219727,16000
1993-01-11,10.4375,10.4375,10.21875,10.25,3.0130345821380615,584000
1993-01-12,10.25,10.4375,10.25,10.375,3.049778699874878,506400
1993-01-13,10.40625,10.40625,10.34375,10.375,3.049778699874878,247600
1993-01-14,10.34375,10.40625,10.25,10.28125,3.022221803665161,369200
1993-01-15,10.3125,10.5625,10.3125,10.53125,3.0957090854644775,147600
1993-01-18,10.53125,10.84375,10.53125,10.8125,3.178386688232422,50400
1993-01-19,10.78125,10.8125,10.625,10.65625,3.132453441619873,193600
1993-01-20,10.65625,10.65625,10.5625,10.59375,3.114082098007202,397200
1993-01-21,10.59375,10.625,10.59375,10.625,3.1232669353485107,7200
1993-01-22,10.59375,10.71875,10.59375,10.71875,3.150826930999756,126800
1993-01-25,10.71875,10.78125,10.71875,10.75,3.1600122451782227,234400
1993-01-26,10.8125,10.8125,10.75,10.78125,3.1691975593566895,256000
1993-01-27,10.75,10.75,10.625,10.65625,3.132453441619873,64400
1993-01-28,10.59375,10.59375,10.40625,10.46875,3.0773377418518066,410000
1993-01-29,10.40625,10.40625,9.90625,10.0,2.939545154571533,613200
1993-02-01,10.0625,10.09375,9.96875,10.0625,2.9579169750213623,294000
1993-02-02,10.0625,10.0625,9.90625,10.0,2.939545154571533,194800
1993-02-03,9.96875,10.03125,9.96875,9.96875,2.9303600788116455,264000
1993-02-04,9.96875,10.0625,9.96875,10.0,2.939545154571533,228000
1993-02-05,10.03125,10.375,10.03125,10.375,3.049778699874878,415200
1993-02-08,10.34375,10.4375,10.25,10.3125,3.0314066410064697,137200
1993-02-09,10.28125,10.34375,10.1875,10.21875,3.0038490295410156,137600
1993-02-10,10.25,10.25,10.21875,10.21875,3.0038490295410156,56800
1993-02-11,10.1875,10.28125,10.15625,10.21875,3.0038490295410156,119200
1993-02-12,10.1875,10.25,10.15625,10.21875,3.0038490295410156,206800
1993-02-16,10.1875,10.1875,10.0625,10.09375,2.9671034812927246,80400
1993-02-17,10.0625,10.09375,9.90625,9.9375,2.921175241470337,151200
1993-02-18,9.9375,9.96875,9.90625,9.9375,2.921175241470337,85600
1993-02-19,9.90625,9.9375,9.875,9.9375,2.921175241470337,57200
1993-02-22,9.84375,9.84375,9.3125,9.3125,2.7554755210876465,188000
1993-02-23,9.3125,9.5625,9.28125,9.5625,2.829448938369751,251600
1993-02-24,9.5,9.84375,9.5,9.78125,2.8941760063171387,128800
1993-02-25,9.78125,9.9375,9.71875,9.9375,2.9404075145721436,50000
1993-02-26,9.875,9.875,9.75,9.78125,2.8941760063171387,37600
1993-03-01,9.65625,9.6875,9.5625,9.5625,2.829448938369751,102000
1993-03-02,9.5625,9.5625,9.5,9.5625,2.829448938369751,71600
1993-03-03,9.5625,9.65625,9.5,9.65625,2.857187271118164,243200
1993-03-04,9.71875,9.71875,9.5625,9.59375,2.838693141937256,142400
1993-03-05,9.5625,9.59375,9.53125,9.53125,2.8202016353607178,243200
1993-03-08,9.53125,10.0,9.53125,9.78125,2.8941760063171387,262800
1993-03-09,10.09375,10.28125,10.09375,10.1875,3.0143792629241943,480800
1993-03-10,10.125,10.21875,10.09375,10.09375,2.9866397380828857,259200
1993-03-11,10.125,10.1875,10.125,10.15625,3.0051326751708984,157600
1993-03-12,10.125,10.125,10.0,10.0,2.9588985443115234,227200
1993-03-15,10.0625,10.1875,10.0625,10.15625,3.0051326751708984,549600
1993-03-16,10.15625,10.46875,10.15625,10.46875,3.0975990295410156,449600
1993-03-17,10.46875,10.90625,10.46875,10.78125,3.190063714981079,407200
1993-03-18,10.8125,10.90625,10.65625,10.84375,3.20855712890625,214800
1993-03-19,10.78125,10.96875,10.75,10.96875,3.2455430030822754,118000
1993-03-22,11.15625,11.15625,10.78125,10.8125,3.199312686920166,156400
1993-03-23,10.84375,10.84375,10.75,10.8125,3.199312686920166,414400
1993-03-24,10.75,10.78125,10.5625,10.5625,3.125338315963745,167600
1993-03-25,10.5625,10.5625,10.40625,10.46875,3.0975990295410156,237200
1993-03-26,10.53125,10.90625,10.46875,10.90625,3.227052688598633,357600
1993-03-29,10.9375,10.96875,10.84375,10.84375,3.20855712890625,87600
1993-03-30,10.84375,10.84375,10.78125,10.8125,3.199312686920166,16800
1993-03-31,10.8125,10.8125,10.625,10.6875,3.162324905395508,166000
1993-04-01,10.65625,10.65625,10.46875,10.5,3.1068458557128906,146800
1993-04-02,10.46875,10.46875,10.25,10.25,3.0328736305236816,106800
1993-04-05,10.0625,10.09375,9.90625,9.90625,2.9311602115631104,404000
1993-04-06,9.90625,9.9375,9.90625,9.90625,2.9311602115631104,119200
1993-04-07,9.96875,10.09375,9.90625,9.90625,2.9311602115631104,364400
1993-04-08,9.96875,10.0,9.90625,9.9375,2.9404075145721436,236000
1993-04-12,9.875,9.96875,9.875,9.90625,2.9311602115631104,273600
1993-04-13,9.96875,10.0,9.9375,9.9375,2.9404075145721436,358800
1993-04-14,9.9375,10.125,9.9375,10.125,2.9958863258361816,348800
1993-04-15,10.375,10.5,10.25,10.25,3.0328736305236816,320800
1993-04-16,10.25,10.4375,10.25,10.40625,3.079106569290161,298400
1993-04-19,10.46875,10.59375,10.46875,10.5625,3.125338315963745,401200
1993-04-20,10.625,10.78125,10.5625,10.625,3.1438305377960205,244400
1993-04-21,10.6875,10.6875,10.65625,10.6875,3.162324905395508,28000
1993-04-22,10.75,10.75,10.375,10.375,3.0698587894439697,164000
1993-04-23,10.375,10.375,10.21875,10.25,3.0328736305236816,122000
1993-04-26,10.25,10.46875,10.25,10.40625,3.079106569290161,138400
1993-04-27,10.46875,10.46875,10.375,10.4375,3.0883543491363525,67200
1993-04-28,10.5,10.65625,10.5,10.65625,3.1530768871307373,99200
1993-04-29,10.59375,10.59375,10.5,10.59375,3.1345841884613037,146000
1993-04-30,10.65625,10.75,10.625,10.75,3.180816888809204,128800
1993-05-03,10.8125,10.875,10.59375,10.65625,3.1530768871307373,373200
1993-05-04,10.71875,10.875,10.6875,10.875,3.217804193496704,138800
1993-05-05,10.9375,11.09375,10.84375,11.0,3.2547900676727295,368800
1993-05-06,10.9375,10.96875,10.875,10.90625,3.227052688598633,94400
1993-05-07,10.875,11.0,10.84375,11.0,3.2547900676727295,162400
1993-05-10,11.0,11.25,11.0,11.25,3.3287622928619385,348800
1993-05-11,11.3125,11.375,11.28125,11.28125,3.3380095958709717,236400
1993-05-12,11.28125,11.59375,11.28125,11.5,3.4027326107025146,469200
1993-05-13,11.53125,11.5625,11.3125,11.40625,3.3749964237213135,53600
1993-05-14,11.375,11.5,11.375,11.4375,3.3842408657073975,116000
1993-05-17,11.4375,11.5625,11.4375,11.5625,3.421226739883423,122400
1993-05-18,11.5,11.5,11.1875,11.34375,3.356502056121826,110400
1993-05-19,11.40625,11.65625,11.40625,11.59375,3.4304733276367188,94400
1993-05-20,11.59375,11.65625,11.5,11.625,3.439720869064331,215600
1993-05-21,11.65625,11.65625,11.46875,11.5,3.4027326107025146,131600
1993-05-24,11.40625,11.4375,11.34375,11.40625,3.3941807746887207,120000
1993-05-25,11.4375,11.4375,11.375,11.40625,3.3941807746887207,24000
1993-05-26,11.40625,11.40625,11.3125,11.375,3.3848814964294434,87600
1993-05-27,11.375,11.375,11.21875,11.3125,3.3662827014923096,112000
1993-05-28,11.34375,11.40625,11.0625,11.3125,3.3662827014923096,623200
1993-06-01,11.34375,11.46875,11.28125,11.46875,3.4127771854400635,112800
1993-06-02,11.46875,11.5625,11.46875,11.5,3.4220752716064453,92800
1993-06-03,11.5,11.5,11.375,11.4375,3.403477907180786,202400
1993-06-04,11.5,11.53125,11.4375,11.5,3.4220752716064453,402000
1993-06-07,11.5,11.6875,11.46875,11.5,3.4220752716064453,98400
1993-06-08,11.46875,11.5,11.375,11.5,3.4220752716064453,780800
1993-06-09,11.5,11.625,11.5,11.625,3.459272623062134,198000
1993-06-10,11.75,11.875,11.75,11.8125,3.5150701999664307,434400
1993-06-11,11.84375,11.90625,11.84375,11.875,3.5336692333221436,78800
1993-06-14,11.875,11.96875,11.84375,11.84375,3.524366855621338,546400
1993-06-15,11.78125,11.78125,11.4375,11.4375,3.403477907180786,290400
1993-06-16,11.4375,11.4375,11.15625,11.1875,3.329084634780884,208400
1993-06-17,11.25,11.34375,11.25,11.34375,3.3755810260772705,152000
1993-06-18,11.46875,11.46875,11.28125,11.3125,3.3662827014923096,82800
1993-06-21,11.3125,11.6875,11.3125,11.65625,3.4685726165771484,218000
1993-06-22,11.65625,11.71875,11.625,11.6875,3.477872610092163,276800
1993-06-23,11.75,11.75,11.6875,11.71875,3.487170696258545,196800
1993-06-24,11.65625,11.6875,11.5625,11.625,3.459272623062134,114800
1993-06-25,11.625,11.75,11.625,11.75,3.4964702129364014,167600
1993-06-28,11.75,12.0,11.75,11.96875,3.561565637588501,131200
1993-06-29,12.0,12.1875,12.0,12.1875,3.6266582012176514,135600
1993-06-30,12.15625,12.1875,12.15625,12.1875,3.6266582012176514,122400
1993-07-01,12.1875,12.28125,12.15625,12.1875,3.6266582012176514,120000
1993-07-02,12.15625,12.15625,12.0,12.0,3.5708632469177246,66800
1993-07-06,12.0,12.125,12.0,12.125,3.6080589294433594,76400
1993-07-07,12.0625,12.09375,12.0,12.0,3.5708632469177246,130800
1993-07-08,12.0,12.0625,12.0,12.0625,3.589463233947754,102400
1993-07-09,12.03125,12.0625,12.03125,12.03125,3.5801632404327393,229600
1993-07-12,11.9375,11.96875,11.9375,11.96875,3.561565637588501,68400
1993-07-13,11.96875,11.96875,11.78125,11.78125,3.5057685375213623,50000
1993-07-14,11.8125,11.90625,11.8125,11.84375,3.524366855621338,27200
1993-07-15,11.75,11.84375,11.75,11.78125,3.5057685375213623,174400
1993-07-16,11.84375,11.84375,11.8125,11.84375,3.524366855621338,7200
1993-07-19,11.8125,11.8125,11.78125,11.78125,3.5057685375213623,25600
1993-07-20,11.78125,11.78125,11.5625,11.65625,3.4685726165771484,49200
1993-07-21,11.65625,11.875,11.65625,11.8125,3.5150701999664307,196000
1993-07-22,11.75,11.75,11.65625,11.6875,3.477872610092163,45200
1993-07-23,11.71875,11.71875,11.6875,11.6875,3.477872610092163,6000
1993-07-26,11.75,12.0625,11.75,12.0,3.5708632469177246,132400
1993-07-27,12.0625,12.25,12.0625,12.25,3.645254611968994,106400
1993-07-28,12.25,12.25,12.1875,12.25,3.645254611968994,290800
1993-07-29,12.25,12.65625,12.25,12.625,3.7568471431732178,675200
1993-07-30,12.5625,12.59375,12.5,12.53125,3.728947639465332,138000
1993-08-02,12.53125,12.875,12.53125,12.8125,3.812640428543091,155600
1993-08-03,12.8125,12.8125,12.59375,12.625,3.7568471431732178,34800
1993-08-04,12.625,12.625,12.40625,12.4375,3.7010514736175537,94800
1993-08-05,12.5,12.59375,12.5,12.5625,3.738248109817505,124000
1993-08-06,12.59375,12.625,12.4375,12.4375,3.7010514736175537,54000
1993-08-09,12.375,12.59375,12.3125,12.59375,3.7475473880767822,143200
1993-08-10,12.59375,12.65625,12.46875,12.65625,3.766144275665283,38000
1993-08-11,12.6875,12.9375,12.6875,12.90625,3.8405396938323975,67200
1993-08-12,12.875,12.90625,12.78125,12.8125,3.812640428543091,127600
1993-08-13,12.6875,12.6875,12.5,12.5625,3.738248109817505,82800
1993-08-16,12.5625,12.6875,12.53125,12.625,3.7568471431732178,174400
1993-08-17,12.625,12.6875,12.625,12.6875,3.7754437923431396,37600
1993-08-18,12.78125,12.875,12.78125,12.875,3.831237554550171,63200
1993-08-19,12.9375,13.15625,12.9375,12.9375,3.849839687347412,195600
1993-08-20,12.875,12.90625,12.84375,12.875,3.831237554550171,12400
1993-08-23,12.75,12.75,12.40625,12.4375,3.7198307514190674,92000
1993-08-24,12.4375,12.8125,12.4375,12.75,3.813295602798462,284800
1993-08-25,12.75,12.9375,12.75,12.875,3.8506786823272705,125200
1993-08-26,12.875,12.875,12.75,12.84375,3.8413336277008057,20000
1993-08-27,12.84375,12.84375,12.625,12.75,3.813295602798462,429200
1993-08-30,12.6875,12.6875,12.5,12.5,3.7385215759277344,103200
1993-08-31,12.5,12.71875,12.4375,12.71875,3.8039488792419434,509200
1993-09-01,12.71875,12.875,12.71875,12.8125,3.8319883346557617,210800
1993-09-02,12.8125,12.9375,12.8125,12.90625,3.8600258827209473,84400
1993-09-03,12.84375,12.875,12.6875,12.6875,3.7946009635925293,33200
1993-09-07,12.6875,12.71875,12.65625,12.71875,3.8039488792419434,117600
1993-09-08,12.71875,12.8125,12.65625,12.6875,3.7946009635925293,325600
1993-09-09,12.6875,12.6875,12.59375,12.59375,3.7665627002716064,155600
1993-09-10,12.625,12.625,12.46875,12.59375,3.7665627002716064,46400
1993-09-13,12.59375,12.6875,12.59375,12.6875,3.7946009635925293,15200
1993-09-14,12.6875,12.71875,12.5,12.625,3.7759084701538086,78000
1993-09-15,12.59375,12.71875,12.59375,12.71875,3.8039488792419434,284400
1993-09-16,12.71875,12.90625,12.71875,12.90625,3.8600258827209473,63200
1993-09-17,12.84375,13.09375,12.78125,13.03125,3.8974108695983887,211600
1993-09-20,12.96875,13.125,12.96875,13.125,3.9254496097564697,304400
1993-09-21,13.125,13.25,13.125,13.1875,3.9441418647766113,118000
1993-09-22,13.25,13.78125,13.25,13.78125,4.121720790863037,737600
1993-09-23,13.78125,13.8125,13.46875,13.5625,4.05629825592041,528400
1993-09-24,13.5625,13.71875,13.5625,13.65625,4.084338188171387,139600
1993-09-27,13.625,13.6875,13.53125,13.59375,4.065641403198242,48000
1993-09-28,13.75,14.0625,13.75,14.0625,4.205838680267334,299200
1993-09-29,14.0,14.0,13.78125,13.78125,4.121720790863037,112000
1993-09-30,13.78125,13.9375,13.78125,13.875,4.1497626304626465,42400
1993-10-01,13.9375,14.15625,13.875,14.15625,4.2338786125183105,166000
1993-10-04,14.09375,14.15625,14.03125,14.09375,4.215184688568115,37200
1993-10-05,14.15625,14.25,14.125,14.125,4.2245306968688965,202400
1993-10-06,14.125,14.28125,14.125,14.1875,4.243224620819092,64800
1993-10-07,14.1875,14.1875,13.9375,13.96875,4.177801609039307,265600
1993-10-08,13.96875,14.0,13.9375,13.96875,4.177801609039307,73600
1993-10-11,13.96875,14.1875,13.96875,14.1875,4.243224620819092,70800
1993-10-12,14.125,14.125,13.875,13.96875,4.177801609039307,398000
1993-10-13,14.03125,14.0625,14.03125,14.03125,4.196493148803711,38400
1993-10-14,13.96875,13.96875,13.90625,13.9375,4.168453216552734,198000
1993-10-15,13.9375,13.96875,13.90625,13.9375,4.168453216552734,94800
1993-10-18,13.84375,13.84375,13.75,13.8125,4.131069183349609,154800
1993-10-19,13.8125,13.8125,13.75,13.78125,4.121720790863037,255200
1993-10-20,13.8125,13.8125,13.6875,13.71875,4.103030681610107,80400
1993-10-21,13.71875,13.75,13.625,13.6875,4.093682289123535,120800
1993-10-22,13.65625,13.71875,13.5625,13.5625,4.05629825592041,40400
1993-10-25,13.5625,13.5625,13.40625,13.5,4.0376057624816895,42000
1993-10-26,13.5,13.625,13.5,13.5625,4.05629825592041,64000
1993-10-27,13.625,13.75,13.5625,13.75,4.1123762130737305,63200
1993-10-28,13.8125,14.0625,13.8125,14.03125,4.196493148803711,191600
1993-10-29,14.375,14.375,14.21875,14.34375,4.289954662322998,869600
1993-11-01,14.34375,14.34375,13.90625,14.0,4.1871466636657715,416000
1993-11-02,14.0625,14.25,14.03125,14.0625,4.205838680267334,204400
1993-11-03,14.09375,14.09375,13.96875,14.0,4.1871466636657715,277200
1993-11-04,13.9375,13.96875,13.8125,13.8125,4.131069183349609,521200
1993-11-05,13.75,13.875,13.71875,13.875,4.1497626304626465,98400
1993-11-08,13.8125,13.8125,13.71875,13.78125,4.121720790863037,412000
1993-11-09,13.875,13.96875,13.8125,13.96875,4.177801609039307,91200
1993-11-10,13.90625,14.0,13.90625,13.9375,4.168453216552734,42800
1993-11-11,14.0,14.125,14.0,14.125,4.2245306968688965,13600
1993-11-12,14.09375,14.21875,14.0625,14.21875,4.252569675445557,37600
1993-11-15,14.1875,14.25,14.15625,14.1875,4.243224620819092,110000
1993-11-16,14.1875,14.21875,14.15625,14.21875,4.252569675445557,34800
1993-11-17,14.21875,14.21875,14.15625,14.1875,4.243224620819092,38800
1993-11-18,14.1875,14.1875,14.03125,14.0625,4.205838680267334,12800
1993-11-19,13.90625,13.90625,13.75,13.78125,4.140862941741943,20000
1993-11-22,13.78125,13.78125,13.59375,13.59375,4.084523677825928,20000
1993-11-23,13.5,13.625,13.5,13.5625,4.075134754180908,80000
1993-11-24,13.59375,13.625,13.5625,13.625,4.093913555145264,31200
1993-11-26,13.625,13.65625,13.625,13.65625,4.103306293487549,12000
1993-11-29,13.625,13.625,13.3125,13.375,4.018795967102051,77200
1993-11-30,13.375,13.5,13.25,13.25,3.981238603591919,64800
1993-12-01,13.28125,13.3125,13.1875,13.21875,3.9718475341796875,32800
1993-12-02,13.25,13.3125,13.25,13.25,3.981238603591919,124400
1993-12-03,13.25,13.25,13.15625,13.25,3.981238603591919,51200
1993-12-06,13.25,13.25,13.0625,13.0625,3.9248995780944824,65600
1993-12-07,13.125,13.28125,13.09375,13.28125,3.9906253814697266,368400
1993-12-08,13.25,13.625,13.25,13.5,4.056352615356445,205600
1993-12-09,13.5,13.8125,13.5,13.8125,4.150252342224121,149600
1993-12-10,14.0625,14.1875,14.0,14.1875,4.262930870056152,234800
1993-12-13,14.1875,14.1875,14.125,14.1875,4.262930870056152,95200
1993-12-14,14.1875,14.1875,14.125,14.15625,4.253537178039551,143200
1993-12-15,14.15625,14.4375,14.15625,14.375,4.319268226623535,289600
1993-12-16,14.375,14.625,14.375,14.59375,4.3849945068359375,280000
1993-12-17,14.5625,14.59375,14.46875,14.59375,4.3849945068359375,66800
1993-12-20,14.53125,14.53125,14.34375,14.34375,4.309876441955566,137600
1993-12-21,14.40625,14.4375,14.21875,14.21875,4.272319316864014,87200
1993-12-22,14.21875,14.21875,13.84375,13.90625,4.178420543670654,156000
1993-12-23,13.96875,14.0,13.84375,13.9375,4.187808990478516,21200
1993-12-27,13.9375,13.96875,13.90625,13.9375,4.187808990478516,18400
1993-12-28,13.96875,14.125,13.90625,13.9375,4.187808990478516,186800
1993-12-29,13.9375,13.9375,13.6875,13.75,4.131473064422607,62800
1993-12-30,13.75,13.75,13.4375,13.5625,4.075134754180908,418400
1993-12-31,13.625,13.625,13.28125,13.46875,4.046967029571533,217600
1994-01-03,13.5,13.5625,13.40625,13.40625,4.02818489074707,216400
1994-01-04,13.46875,13.46875,13.3125,13.3125,4.0000176429748535,95600
1994-01-05,13.34375,13.34375,13.25,13.28125,3.9906253814697266,102000
1994-01-06,13.28125,13.28125,13.21875,13.25,3.981238603591919,267600
1994-01-07,13.25,13.28125,13.1875,13.25,3.981238603591919,398000
1994-01-10,13.21875,13.25,13.125,13.25,3.981238603591919,522800
1994-01-11,13.3125,13.5,13.1875,13.25,3.981238603591919,428000
1994-01-12,13.25,13.28125,13.1875,13.1875,3.9624581336975098,133200
1994-01-13,13.1875,13.1875,13.15625,13.1875,3.9624581336975098,18800
1994-01-14,13.15625,13.375,13.125,13.3125,4.0000176429748535,308400
1994-01-17,13.375,13.4375,13.28125,13.4375,4.037576198577881,242800
1994-01-18,13.4375,13.71875,13.4375,13.625,4.093913555145264,84000
1994-01-19,13.65625,13.84375,13.5625,13.5625,4.075134754180908,104000
1994-01-20,13.5625,13.5625,13.34375,13.46875,4.046967029571533,65600
1994-01-21,13.46875,13.5,13.375,13.5,4.056352615356445,182400
1994-01-24,13.5,13.5625,13.1875,13.1875,3.9624581336975098,120400
1994-01-25,13.1875,13.3125,13.1875,13.3125,4.0000176429748535,38000
1994-01-26,13.3125,13.40625,13.21875,13.25,3.981238603591919,131200
1994-01-27,13.1875,13.1875,12.9375,13.0625,3.9248995780944824,120800
1994-01-28,13.125,13.1875,13.0,13.0,3.906118392944336,78000
1994-01-31,13.03125,13.125,12.96875,13.125,3.9436795711517334,92800
1994-02-01,13.28125,13.5625,13.21875,13.25,3.981238603591919,417200
1994-02-02,13.25,13.34375,13.125,13.34375,4.009406566619873,270400
1994-02-03,13.34375,13.34375,13.1875,13.25,3.981238603591919,480000
1994-02-04,13.25,13.25,12.78125,12.78125,3.8403942584991455,587200
1994-02-07,12.71875,12.96875,12.65625,12.90625,3.8779518604278564,205200
1994-02-08,12.9375,13.125,12.9375,13.0,3.906118392944336,74800
1994-02-09,13.03125,13.28125,13.03125,13.21875,3.9718475341796875,310400
1994-02-10,13.15625,13.28125,13.15625,13.25,3.981238603591919,138800
1994-02-11,13.1875,13.34375,13.1875,13.28125,3.9906253814697266,136400
1994-02-14,13.21875,13.25,13.15625,13.15625,3.9530699253082275,88000
1994-02-15,13.09375,13.15625,13.09375,13.125,3.9436795711517334,250400
1994-02-16,13.0625,13.125,12.9375,13.0625,3.9248995780944824,217600
1994-02-17,13.125,13.125,13.0,13.03125,3.915508985519409,33600
1994-02-18,12.9375,13.0,12.9375,13.0,3.9257004261016846,13200
1994-02-22,13.0,13.0,12.8125,12.875,3.887953042984009,133200
1994-02-23,12.9375,13.0625,12.875,13.0625,3.9445741176605225,59200
1994-02-24,13.0,13.09375,12.9375,12.9375,3.906827926635742,108800
1994-02-25,12.875,12.96875,12.84375,12.96875,3.916264533996582,48800
1994-02-28,12.9375,13.0,12.9375,13.0,3.9257004261016846,68000
1994-03-01,13.0625,13.125,13.0625,13.125,3.963449478149414,105200
1994-03-02,13.0,13.0,12.875,12.96875,3.916264533996582,134400
1994-03-03,13.0,13.03125,13.0,13.0,3.9257004261016846,5200
1994-03-04,13.0625,13.34375,13.0625,13.25,4.001194000244141,129200
1994-03-07,13.375,13.5,13.34375,13.5,4.076689720153809,233200
1994-03-08,13.5,13.5,13.375,13.375,4.038941860198975,159600
1994-03-09,13.375,13.375,13.25,13.25,4.001194000244141,174800
1994-03-10,13.3125,13.84375,13.3125,13.75,4.152182579040527,1069200
1994-03-11,13.71875,13.8125,13.65625,13.8125,4.171056270599365,125600
1994-03-14,13.75,14.0,13.75,13.84375,4.180492877960205,242000
1994-03-15,13.78125,13.875,13.75,13.75,4.152182579040527,134400
1994-03-16,13.6875,14.03125,13.5625,14.0,4.227676868438721,450400
1994-03-17,13.9375,13.9375,13.8125,13.84375,4.180492877960205,102000
1994-03-18,13.90625,13.90625,13.75,13.78125,4.161620616912842,195200
1994-03-21,13.78125,13.78125,13.5625,13.625,4.114438056945801,162000
1994-03-22,13.65625,13.65625,13.375,13.5625,4.095561981201172,325200
1994-03-23,13.5,13.5625,13.5,13.5625,4.095561981201172,52400
1994-03-24,13.5625,13.75,13.5625,13.75,4.152182579040527,165600
1994-03-25,13.8125,13.96875,13.8125,13.875,4.189931392669678,42400
1994-03-28,13.96875,14.09375,13.75,13.84375,4.180492877960205,122400
1994-03-29,14.0,14.0,13.5625,13.71875,4.1427459716796875,62400
1994-03-30,13.71875,13.71875,13.28125,13.34375,4.029506206512451,77600
1994-03-31,13.375,13.53125,13.3125,13.5,4.076689720153809,175200
1994-04-04,13.25,13.4375,13.125,13.28125,4.010632514953613,150800
1994-04-05,13.28125,13.3125,13.125,13.25,4.001194000244141,182000
1994-04-06,13.25,13.34375,13.21875,13.28125,4.010632514953613,86800
1994-04-07,13.21875,13.25,13.1875,13.21875,3.9917588233947754,40400
1994-04-08,13.21875,13.21875,13.03125,13.09375,3.954009532928467,40000
1994-04-11,13.125,13.21875,13.09375,13.09375,3.954009532928467,104400
1994-04-12,13.21875,13.21875,13.03125,13.0625,3.9445741176605225,71200
1994-04-13,13.125,13.1875,13.0,13.0,3.9257004261016846,68400
1994-04-14,13.0,13.3125,13.0,13.28125,4.010632514953613,55600
1994-04-15,13.28125,13.34375,13.1875,13.25,4.001194000244141,71600
1994-04-18,13.25,13.25,13.03125,13.09375,3.954009532928467,80400
1994-04-19,13.09375,13.09375,12.875,12.875,3.887953042984009,97200
1994-04-20,12.90625,12.96875,12.875,12.96875,3.916264533996582,70400
1994-04-21,13.0,13.0625,12.71875,12.71875,3.8407700061798096,174000
1994-04-22,12.71875,12.875,12.71875,12.78125,3.8596458435058594,80800
1994-04-25,12.84375,13.0,12.84375,13.0,3.9257004261016846,202800
1994-04-26,13.0625,13.3125,13.0625,13.3125,4.020070552825928,35600
1994-04-28,13.3125,13.40625,13.25,13.3125,4.020070552825928,121200
1994-04-29,13.34375,13.34375,13.21875,13.3125,4.020070552825928,186000
1994-05-02,13.25,13.25,12.75,12.875,3.887953042984009,155600
1994-05-03,12.75,12.75,12.625,12.625,3.8124594688415527,1344400
1994-05-04,12.65625,12.65625,12.5625,12.5625,3.7935853004455566,292400
1994-05-05,12.5625,12.5625,12.4375,12.53125,3.784151315689087,488000
1994-05-06,12.46875,12.46875,12.25,12.375,3.7369649410247803,56400
1994-05-09,12.5,12.5,12.21875,12.21875,3.689781904220581,50800
1994-05-10,12.25,12.3125,12.1875,12.3125,3.7180917263031006,21200
1994-05-11,12.25,12.40625,12.1875,12.25,3.6992177963256836,94400
1994-05-12,12.25,12.4375,12.1875,12.34375,3.7275311946868896,844000
1994-05-13,12.375,12.375,12.25,12.28125,3.7086544036865234,152400
1994-05-16,12.25,12.46875,12.25,12.40625,3.7464005947113037,104000
1994-05-17,12.40625,12.4375,12.3125,12.40625,3.7464005947113037,22400
1994-05-18,12.375,12.46875,12.3125,12.46875,3.765275716781616,521200
1994-05-19,12.46875,12.53125,12.40625,12.4375,3.7558393478393555,103600
1994-05-20,12.4375,12.4375,12.40625,12.4375,3.7558393478393555,194800
1994-05-23,12.34375,12.46875,12.34375,12.46875,3.7850565910339355,65200
1994-05-24,12.40625,12.71875,12.40625,12.71875,3.8609485626220703,99200
1994-05-25,12.65625,12.78125,12.65625,12.75,3.870434522628784,88000
1994-05-26,12.8125,12.8125,12.8125,12.8125,3.8894073963165283,4000
1994-05-27,12.75,12.875,12.75,12.875,3.908379316329956,12000
1994-05-31,12.875,12.9375,12.84375,12.9375,3.9273526668548584,59600
1994-06-01,12.90625,12.90625,12.75,12.75,3.870434522628784,57600
1994-06-02,12.75,12.75,12.625,12.6875,3.8514604568481445,56400
1994-06-03,12.6875,12.6875,12.65625,12.6875,3.8514604568481445,252800
1994-06-06,12.75,12.75,12.625,12.6875,3.8514604568481445,65600
1994-06-07,12.625,12.6875,12.5,12.5625,3.8135151863098145,284000
1994-06-08,12.5625,12.5625,12.40625,12.5,3.7945427894592285,60800
1994-06-09,12.53125,12.59375,12.46875,12.5,3.7945427894592285,64400
1994-06-10,12.46875,12.75,12.46875,12.75,3.870434522628784,64400
1994-06-13,12.75,12.84375,12.75,12.8125,3.8894073963165283,19600
1994-06-14,12.875,13.125,12.875,13.0625,3.9652976989746094,66400
1994-06-15,13.0625,13.15625,13.0625,13.09375,3.974785089492798,70800
1994-06-16,13.09375,13.125,13.09375,13.125,3.984271287918091,64000
1994-06-17,13.1875,13.1875,13.03125,13.03125,3.9558098316192627,39600
1994-06-20,12.90625,13.0,12.875,12.9375,3.9273526668548584,44000
1994-06-21,12.9375,13.03125,12.90625,12.9375,3.9273526668548584,58800
1994-06-22,12.90625,12.96875,12.75,12.8125,3.8894073963165283,188800
1994-06-23,12.75,12.8125,12.5625,12.5625,3.8135151863098145,49600
1994-06-24,12.5,12.5,12.4375,12.4375,3.7755701541900635,52400
1994-06-27,12.375,12.4375,12.34375,12.4375,3.7755701541900635,154000
1994-06-28,12.4375,12.5,12.40625,12.46875,3.7850565910339355,96400
1994-06-29,12.5,12.6875,12.46875,12.65625,3.841974973678589,277200
1994-06-30,12.59375,12.84375,12.59375,12.78125,3.879922866821289,96000
1994-07-01,12.78125,12.78125,12.65625,12.78125,3.879922866821289,34000
1994-07-05,12.71875,12.71875,12.625,12.65625,3.841974973678589,20400
1994-07-06,12.65625,12.75,12.65625,12.75,3.870434522628784,516800
1994-07-07,12.71875,12.8125,12.625,12.625,3.832489252090454,200000
1994-07-08,12.6875,12.6875,12.65625,12.65625,3.841974973678589,140800
1994-07-11,12.6875,12.71875,12.65625,12.71875,3.8609485626220703,68800
1994-07-12,12.78125,12.78125,12.65625,12.6875,3.8514604568481445,36000
1994-07-13,12.625,12.71875,12.625,12.71875,3.8609485626220703,23200
1994-07-14,12.75,12.75,12.6875,12.71875,3.8609485626220703,24800
1994-07-15,12.65625,12.71875,12.59375,12.65625,3.841974973678589,41600
1994-07-18,12.59375,12.59375,12.484375,12.5625,3.8135151863098145,222400
1994-07-19,12.625,13.0,12.59375,12.84375,3.8988919258117676,103600
1994-07-20,12.90625,13.0625,12.875,13.0,3.946324110031128,329600
1994-07-21,13.0,13.28125,13.0,13.28125,4.031702041625977,167200
1994-07-22,13.28125,13.5,13.28125,13.375,4.0601606369018555,271600
1994-07-25,13.4375,13.5625,13.28125,13.3125,4.041189670562744,60000
1994-07-26,13.34375,13.375,13.28125,13.3125,4.041189670562744,50800
1994-07-27,13.28125,13.28125,13.0,13.0,3.946324110031128,140000
1994-07-28,13.21875,13.5,13.21875,13.25,4.022216320037842,156800
1994-07-29,13.3125,13.40625,13.1875,13.375,4.0601606369018555,220400
1994-08-01,13.3125,13.375,13.3125,13.34375,4.050675392150879,30400
1994-08-02,13.40625,13.53125,13.40625,13.4375,4.079132556915283,97600
1994-08-03,13.4375,13.5,13.40625,13.5,4.098106861114502,71200
1994-08-04,13.46875,13.5625,13.46875,13.5,4.098106861114502,257600
1994-08-05,13.46875,13.5,13.46875,13.5,4.098106861114502,41200
1994-08-08,13.5625,13.5625,13.46875,13.5,4.098106861114502,95600
1994-08-09,13.5,13.5625,13.5,13.5625,4.117079257965088,66800
1994-08-10,13.5625,13.59375,13.5,13.5625,4.117079257965088,62400
1994-08-11,13.5625,13.59375,13.5,13.53125,4.107591152191162,60400
1994-08-12,13.46875,13.53125,13.46875,13.53125,4.107591152191162,68000
1994-08-15,13.5,13.53125,13.5,13.53125,4.107591152191162,49600
1994-08-16,13.5,13.53125,13.46875,13.5,4.098106861114502,17600
1994-08-17,13.53125,13.59375,13.46875,13.46875,4.088620185852051,76400
1994-08-18,13.375,13.4375,13.375,13.375,4.0601606369018555,165000
1994-08-19,13.375,13.5,13.3125,13.5,4.098106861114502,36000
1994-08-22,13.375,13.4375,13.375,13.4375,4.100395679473877,41600
1994-08-23,13.4375,13.625,13.4375,13.5,4.119466304779053,98200
1994-08-24,13.5,13.5625,13.5,13.5,4.119466304779053,21400
1994-08-25,13.5,13.625,13.5,13.625,4.157608985900879,214200
1994-08-26,13.6875,14.25,13.6875,14.0625,4.291111946105957,322200
1994-08-29,13.875,14.125,13.875,14.0,4.272038459777832,175600
1994-08-30,14.0,14.1875,14.0,14.125,4.310182571411133,49200
1994-08-31,14.0625,14.125,14.0,14.125,4.310182571411133,79000
1994-09-01,14.0,14.0625,13.9375,13.9375,4.252967357635498,123200
1994-09-02,13.9375,14.0625,13.9375,14.0625,4.291111946105957,64000
1994-09-06,14.0625,14.25,14.0625,14.1875,4.329254627227783,65200
1994-09-07,14.1875,14.1875,14.125,14.125,4.310182571411133,149000
1994-09-08,14.125,14.125,14.0,14.125,4.310182571411133,139800
1994-09-09,14.125,14.125,13.875,14.0,4.272038459777832,66800
1994-09-12,14.0,14.0,13.8125,13.875,4.233897686004639,92000
1994-09-13,13.9375,14.0625,13.9375,14.0,4.272038459777832,85800
1994-09-14,14.0,14.0,13.75,13.875,4.233897686004639,100400
1994-09-15,13.875,14.0,13.8125,14.0,4.272038459777832,25600
1994-09-16,14.0,14.0,13.875,14.0,4.272038459777832,154800
1994-09-19,13.875,14.0625,13.875,13.9375,4.252967357635498,63200
1994-09-20,13.9375,13.9375,13.6875,13.6875,4.176680564880371,123200
1994-09-21,13.75,13.75,13.625,13.625,4.157608985900879,65600
1994-09-22,13.6875,13.9375,13.6875,13.8125,4.2148237228393555,40400
1994-09-23,13.75,13.9375,13.5,13.5,4.119466304779053,63400
1994-09-26,13.625,13.6875,13.5,13.625,4.157608985900879,104000
1994-09-27,13.6875,13.6875,13.4375,13.5,4.119466304779053,183200
1994-09-28,13.5625,13.8125,13.25,13.5,4.119466304779053,269800
1994-09-29,13.5,13.5625,13.375,13.5625,4.1385393142700195,136600
1994-09-30,13.5625,13.625,13.3125,13.625,4.157608985900879,45200
1994-10-03,13.5625,13.5625,13.375,13.375,4.08132266998291,89200
1994-10-04,13.375,13.375,13.0625,13.1875,4.024109840393066,203400
1994-10-05,13.1875,13.1875,12.875,13.0,3.966893434524536,51000
1994-10-06,13.0,13.0625,12.875,13.0625,3.9859650135040283,77200
1994-10-07,12.875,12.9375,12.8125,12.875,3.9287517070770264,88800
1994-10-10,12.875,13.0,12.8125,12.8125,3.9096806049346924,275200
1994-10-11,12.875,13.25,12.875,13.25,4.0431809425354,348000
1994-10-12,13.1875,13.75,13.1875,13.75,4.195753574371338,388200
1994-10-13,13.75,13.875,13.6875,13.75,4.195753574371338,298000
1994-10-14,13.75,13.875,13.5625,13.5625,4.1385393142700195,524000
1994-10-17,13.5625,13.5625,13.4375,13.5,4.119466304779053,88000
1994-10-18,13.625,13.875,13.5,13.75,4.195753574371338,108600
1994-10-19,13.75,14.25,13.75,14.125,4.310182571411133,396000
1994-10-20,14.0,14.0625,13.6875,13.6875,4.176680564880371,59200
1994-10-21,13.6875,13.9375,13.6875,13.875,4.233897686004639,90800
1994-10-24,13.9375,14.0625,13.625,13.625,4.157608985900879,264000
1994-10-25,13.5625,13.75,13.5,13.6875,4.176680564880371,118400
1994-10-26,13.6875,13.6875,13.625,13.6875,4.176680564880371,19800
1994-10-27,13.6875,13.75,13.6875,13.75,4.195753574371338,43600
1994-10-28,13.8125,14.0625,13.625,14.0625,4.291111946105957,244400
1994-10-31,14.1875,14.5,13.9375,14.25,4.348324298858643,236200
1994-11-01,14.375,14.4375,14.0625,14.125,4.310182571411133,314000
1994-11-02,14.0,14.1875,14.0,14.1875,4.329254627227783,416400
1994-11-03,14.25,14.3125,14.1875,14.25,4.348324298858643,55000
1994-11-04,14.25,14.25,14.125,14.125,4.310182571411133,55400
1994-11-07,14.125,14.125,13.625,13.6875,4.176680564880371,29600
1994-11-08,13.75,13.9375,13.6875,13.875,4.233897686004639,33200
1994-11-09,13.9375,14.0,13.6875,13.8125,4.2148237228393555,122600
1994-11-10,13.8125,13.875,13.625,13.8125,4.2148237228393555,66800
1994-11-11,13.75,13.75,13.625,13.6875,4.176680564880371,31600
1994-11-14,13.6875,13.9375,13.6875,13.9375,4.252967357635498,14400
1994-11-15,13.8125,14.0,13.625,13.8125,4.2148237228393555,31000
1994-11-16,13.8125,13.875,13.75,13.75,4.195753574371338,56400
1994-11-17,13.75,13.75,13.6875,13.75,4.195753574371338,13800
1994-11-18,13.625,13.8125,13.5,13.75,4.21722412109375,75600
1994-11-21,13.5625,13.6875,13.5625,13.5625,4.159714221954346,132600
1994-11-22,13.5625,13.6875,13.375,13.4375,4.121376037597656,216600
1994-11-23,13.25,13.25,12.75,12.875,3.94885516166687,219200
1994-11-25,13.0,13.0625,12.875,13.0,3.9871912002563477,18800
1994-11-28,13.125,13.4375,13.125,13.25,4.063870429992676,266000
1994-11-29,13.1875,13.1875,13.0625,13.125,4.025530815124512,72800
1994-11-30,13.125,13.1875,13.0625,13.0625,4.0063605308532715,93600
1994-12-01,13.125,13.125,12.9375,12.9375,3.9680237770080566,97000
1994-12-02,13.0,13.0625,12.9375,13.0,3.9871912002563477,93400
1994-12-05,13.0,13.25,13.0,13.25,4.063870429992676,40200
1994-12-06,13.1875,13.25,13.125,13.25,4.063870429992676,42200
1994-12-07,13.25,13.375,13.25,13.3125,4.0830397605896,134600
1994-12-08,13.25,13.375,13.25,13.375,4.102205276489258,137800
1994-12-09,13.375,13.4375,13.125,13.125,4.025530815124512,135200
1994-12-12,12.9375,13.0625,12.8125,12.875,3.94885516166687,64600
1994-12-13,12.9375,13.3125,12.9375,13.25,4.063870429992676,65000
1994-12-14,13.25,13.75,13.25,13.5625,4.159714221954346,62200
1994-12-15,13.6875,13.6875,13.4375,13.5625,4.159714221954346,41000
1994-12-16,13.4375,13.5,13.3125,13.5,4.1405463218688965,110200
1994-12-19,13.5625,13.5625,13.1875,13.3125,4.0830397605896,143200
1994-12-20,13.3125,13.875,13.3125,13.875,4.2555623054504395,276600
1994-12-21,14.0,14.125,14.0,14.0625,4.313069820404053,73200
1994-12-22,14.125,14.1875,13.875,13.9375,4.2747297286987305,102200
1994-12-23,14.0,14.0625,13.875,13.875,4.2555623054504395,186600
1994-12-27,13.9375,14.3125,13.875,14.1875,4.351407527923584,87400
1994-12-28,14.1875,14.4375,14.125,14.375,4.408915996551514,147600
1994-12-29,14.375,14.625,14.375,14.375,4.408915996551514,73600
1994-12-30,14.25,14.4375,14.1875,14.1875,4.351407527923584,79800
1995-01-03,14.3125,14.3125,14.0,14.0625,4.313069820404053,132600
1995-01-04,14.1875,14.75,14.1875,14.375,4.408915996551514,75800
1995-01-05,14.4375,14.4375,14.1875,14.1875,4.351407527923584,43600
1995-01-06,14.1875,14.6875,14.125,14.6875,4.504760265350342,97200
1995-01-09,14.6875,15.125,14.6875,15.0,4.6006059646606445,145400
1995-01-10,15.0625,15.5,15.0625,15.125,4.638944625854492,221000
1995-01-11,15.1875,15.25,15.125,15.125,4.638944625854492,126400
1995-01-12,15.25,15.4375,15.25,15.4375,4.734789848327637,38800
1995-01-13,15.4375,15.5,15.25,15.5,4.753960132598877,136400
1995-01-16,15.5,15.875,15.5,15.75,4.830636978149414,156000
1995-01-17,15.6875,16.0,15.625,16.0,4.907315254211426,104600
1995-01-18,16.0,16.4375,16.0,16.4375,5.041497707366943,534000
1995-01-19,16.4375,16.4375,16.3125,16.3125,5.003161430358887,133000
1995-01-20,16.375,16.5,16.3125,16.375,5.022327423095703,522600
1995-01-23,16.25,16.25,15.75,15.8125,4.849804878234863,632600
1995-01-24,15.875,16.1875,15.8125,16.0625,4.926482677459717,173000
1995-01-25,16.0625,16.0625,15.875,15.875,4.868973255157471,30600
1995-01-26,15.8125,15.9375,15.4375,15.625,4.792298316955566,117600
1995-01-27,15.625,16.0,15.1875,15.8125,4.849804878234863,457600
1995-01-30,15.9375,16.0,15.6875,15.6875,4.81146764755249,218800
1995-01-31,15.6875,15.6875,15.25,15.3125,4.696452617645264,230800
1995-02-01,15.4375,15.6875,15.25,15.625,4.792298316955566,224800
1995-02-02,15.6875,15.6875,15.4375,15.5,4.753960132598877,41200
1995-02-03,15.5625,15.75,15.375,15.625,4.792298316955566,115400
1995-02-06,15.625,16.125,15.5625,16.0,4.907315254211426,237200
1995-02-07,16.0625,16.0625,15.8125,16.0,4.907315254211426,72000
1995-02-08,16.0,16.0625,15.8125,15.9375,4.888145446777344,98200
1995-02-09,16.0,16.0,15.8125,15.9375,4.888145446777344,198400
1995-02-10,16.0,16.25,15.9375,16.25,4.9839911460876465,219000
1995-02-13,16.25,16.25,16.125,16.1875,4.964820861816406,166400
1995-02-14,16.3125,16.3125,16.0625,16.25,4.9839911460876465,417600
1995-02-15,16.3125,16.75,16.25,16.6875,5.118175029754639,197400
1995-02-16,16.75,17.25,16.6875,17.1875,5.271528244018555,210400
1995-02-17,17.0625,17.5,17.0,17.375,5.350826263427734,681600
1995-02-21,17.375,17.5,17.25,17.375,5.350826263427734,147800
1995-02-22,17.375,17.625,17.375,17.625,5.427818775177002,279400
1995-02-23,17.625,17.625,17.4375,17.4375,5.370076656341553,290400
1995-02-24,17.5,17.5625,17.3125,17.4375,5.370076656341553,231800
1995-02-27,17.25,17.3125,17.25,17.25,5.3123321533203125,217000
1995-02-28,17.3125,17.3125,16.8125,17.0,5.235345363616943,240200
1995-03-01,17.0,17.1875,16.875,17.1875,5.293084621429443,471800
1995-03-02,17.1875,17.3125,17.125,17.3125,5.331582069396973,220400
1995-03-03,17.3125,17.3125,17.125,17.125,5.273838996887207,55800
1995-03-06,17.125,17.6875,17.0,17.5625,5.408570289611816,321600
1995-03-07,17.625,17.625,17.5625,17.5625,5.408570289611816,244800
1995-03-08,17.5,17.625,17.375,17.4375,5.370076656341553,248400
1995-03-09,17.5625,17.625,17.5,17.625,5.427818775177002,315800
1995-03-10,17.8125,18.0625,17.75,18.0,5.543304920196533,104000
1995-03-13,17.9375,18.0625,17.9375,18.0,5.543304920196533,183400
1995-03-14,18.0,18.1875,18.0,18.0625,5.5625505447387695,311400
1995-03-15,18.125,18.5625,18.0625,18.5625,5.716533660888672,400200
1995-03-16,18.5625,18.5625,18.3125,18.5,5.69728422164917,240200
1995-03-17,18.5,18.5,18.125,18.125,5.58180046081543,295200
1995-03-20,18.125,18.3125,18.125,18.1875,5.601047992706299,204600
1995-03-21,18.25,18.4375,18.0625,18.25,5.62029504776001,253600
1995-03-22,18.375,18.375,18.125,18.125,5.58180046081543,121400
1995-03-23,18.125,18.25,17.9375,18.0,5.543304920196533,169800
1995-03-24,18.0,18.375,17.9375,18.0,5.543304920196533,269600
1995-03-27,18.125,18.125,17.6875,17.9375,5.524059772491455,114000
1995-03-28,17.875,17.875,17.6875,17.6875,5.4470672607421875,331800
1995-03-29,17.875,18.0625,17.8125,17.9375,5.524059772491455,233400
1995-03-30,18.1875,18.5,18.125,18.5,5.69728422164917,162800
1995-03-31,18.375,19.0,18.25,18.4375,5.678037166595459,190000
1995-04-03,18.5,18.5625,18.3125,18.4375,5.678037166595459,95000
1995-04-04,18.4375,18.75,18.4375,18.5,5.69728422164917,163000
1995-04-05,18.625,19.0625,18.5625,18.8125,5.793524742126465,126000
1995-04-06,19.0625,19.0625,18.625,18.75,5.774275302886963,96200
1995-04-07,18.75,18.8125,18.625,18.8125,5.793524742126465,96200
1995-04-10,18.75,19.125,18.625,19.125,5.889761924743652,337200
1995-04-11,19.25,19.75,19.1875,19.75,6.082238674163818,534000
1995-04-12,19.6875,19.875,19.6875,19.875,6.120734691619873,528200
1995-04-13,19.9375,20.0,19.625,19.6875,6.062987804412842,221600
1995-04-17,19.8125,20.0625,19.6875,19.75,6.082238674163818,371200
1995-04-18,19.8125,19.8125,19.25,19.25,5.928257465362549,36600
1995-04-19,19.4375,19.4375,19.125,19.25,5.928257465362549,127400
1995-04-20,19.25,19.25,18.9375,19.125,5.889761924743652,362800
1995-04-21,19.125,19.1875,18.9375,19.125,5.889761924743652,165600
1995-04-24,19.125,19.125,18.9375,19.0,5.851266860961914,188400
1995-04-25,19.125,19.4375,19.125,19.25,5.928257465362549,149600
1995-04-26,19.3125,19.8125,19.1875,19.5625,6.024494171142578,403600
1995-04-27,19.625,19.75,19.5,19.625,6.043744087219238,55200
1995-04-28,19.5625,19.625,19.4375,19.625,6.043744087219238,88400
1995-05-01,19.5,19.5,19.1875,19.375,5.966751575469971,177800
1995-05-02,19.125,19.3125,18.9375,19.1875,5.909010410308838,152200
1995-05-03,19.25,19.25,19.0,19.125,5.889761924743652,160200
1995-05-04,19.0,19.375,18.5625,18.6875,5.75502872467041,228200
1995-05-05,18.875,19.0,18.8125,18.9375,5.8320183753967285,193600
1995-05-08,18.9375,19.1875,18.8125,19.1875,5.909010410308838,135600
1995-05-09,19.0,19.25,18.9375,19.125,5.889761924743652,266200
1995-05-10,19.25,19.8125,19.25,19.8125,6.101484775543213,102600
1995-05-11,19.625,20.25,19.625,20.0,6.159223556518555,101000
1995-05-12,19.9375,21.0,19.9375,21.0,6.467191696166992,311200
1995-05-15,21.0,21.0625,20.5,20.8125,6.409445285797119,331800
1995-05-16,20.75,21.0,20.6875,20.9375,6.447939872741699,177200
1995-05-17,20.9375,21.0,20.625,20.875,6.4286980628967285,150400
1995-05-18,20.875,20.9375,20.625,20.6875,6.370951175689697,77400
1995-05-19,20.75,20.8125,20.625,20.6875,6.370951175689697,62600
1995-05-22,20.6875,20.8125,20.5625,20.625,6.373266696929932,120200
1995-05-23,20.875,21.3125,20.875,21.3125,6.585712432861328,127200
1995-05-24,21.3125,21.5,21.3125,21.4375,6.624336242675781,127000
1995-05-25,21.5,21.5625,21.3125,21.375,6.605022430419922,89800
1995-05-26,21.375,21.375,21.0625,21.125,6.527770042419434,39600
1995-05-30,21.25,21.375,21.0625,21.0625,6.508458137512207,240200
1995-05-31,20.9375,21.375,20.9375,21.0625,6.508458137512207,88200
1995-06-01,21.0,21.3125,20.9375,21.3125,6.585712432861328,71000
1995-06-02,21.3125,21.3125,21.0,21.1875,6.547086715698242,153000
1995-06-05,21.3125,21.375,21.0625,21.25,6.566394805908203,90600
1995-06-06,21.375,21.4375,21.1875,21.25,6.566394805908203,129400
1995-06-07,21.3125,21.4375,21.3125,21.4375,6.624336242675781,79400
1995-06-08,21.4375,21.4375,21.0,21.0,6.489144802093506,120000
1995-06-09,21.0,21.0,20.625,20.8125,6.431204795837402,446600
1995-06-12,20.8125,20.8125,20.625,20.8125,6.431204795837402,176600
1995-06-13,20.875,21.125,20.8125,21.0,6.489144802093506,157000
1995-06-14,21.125,21.4375,21.125,21.375,6.605022430419922,247600
1995-06-15,21.4375,21.5,21.3125,21.375,6.605022430419922,40200
1995-06-16,21.3125,21.5,21.1875,21.5,6.643649578094482,34600
1995-06-19,21.625,23.0,21.5,23.0,7.107160568237305,278400
1995-06-20,23.0,23.5,22.875,23.5,7.261663436889648,447800
1995-06-21,23.375,23.4375,23.25,23.375,7.223042011260986,276400
1995-06-22,23.5,24.6875,23.5,24.4375,7.551358699798584,187400
1995-06-23,24.3125,24.5625,24.3125,24.4375,7.551358699798584,147800
1995-06-26,24.375,24.375,24.125,24.3125,7.5127339363098145,157800
1995-06-27,24.25,24.6875,24.1875,24.6875,7.628610134124756,153800
1995-06-28,24.625,25.25,24.625,25.25,7.802426338195801,155400
1995-06-29,25.375,25.75,25.375,25.6875,7.937615871429443,205800
1995-06-30,25.625,26.375,25.625,26.375,8.150060653686523,102800
1995-07-03,26.25,26.375,25.9375,25.9375,8.014870643615723,60200
1995-07-05,26.0,26.0,25.75,25.8125,7.9762444496154785,123200
1995-07-06,25.875,26.0625,25.625,26.0,8.034177780151367,183000
1995-07-07,26.1875,26.8125,26.0,26.4375,8.169365882873535,211400
1995-07-10,26.5625,27.9375,26.5625,27.6875,8.555628776550293,152400
1995-07-11,27.5625,27.75,27.125,27.1875,8.401124000549316,244400
1995-07-12,27.0625,27.125,26.75,27.0625,8.362500190734863,186000
1995-07-13,27.0625,27.0625,26.6875,26.75,8.265936851501465,119200
1995-07-14,26.75,27.125,26.6875,27.125,8.381813049316406,184800
1995-07-17,27.125,28.75,27.125,28.5,8.806692123413086,153600
1995-07-18,28.5,28.9375,28.5,28.5,8.806692123413086,301600
1995-07-19,28.5,28.5,27.1875,27.5625,8.517000198364258,230400
1995-07-20,27.4375,27.6875,27.3125,27.5,8.497686386108398,257400
1995-07-21,27.625,27.875,27.5,27.8125,8.594250679016113,107600
1995-07-24,28.3125,28.875,28.1875,28.4375,8.78738784790039,318400
1995-07-25,28.5625,29.375,28.5625,28.9375,8.941890716552734,210800
1995-07-26,29.0,29.1875,28.6875,28.75,8.883950233459473,601400
1995-07-27,28.625,28.6875,27.9375,28.3125,8.74875545501709,663800
1995-07-28,28.375,28.625,28.375,28.4375,8.78738784790039,280800
1995-07-31,28.375,28.375,27.875,28.1875,8.710132598876953,751600
1995-08-01,28.4375,28.625,28.125,28.375,8.768073081970215,221400
1995-08-02,28.375,28.75,28.25,28.5,8.806692123413086,193000
1995-08-03,28.625,28.625,28.4375,28.4375,8.78738784790039,163800
1995-08-04,28.3125,28.4375,28.25,28.25,8.729446411132812,122400
1995-08-07,28.25,28.375,28.0,28.1875,8.710132598876953,208800
1995-08-08,28.1875,28.25,27.9375,27.9375,8.632881164550781,452000
1995-08-09,27.875,28.125,27.8125,28.0,8.652194023132324,273600
1995-08-10,28.125,28.125,27.375,27.375,8.459064483642578,158000
1995-08-11,27.375,27.375,26.3125,26.4375,8.169365882873535,189000
1995-08-14,26.625,26.8125,26.5625,26.625,8.22730827331543,289800
1995-08-15,26.75,26.875,26.25,26.375,8.150060653686523,216400
1995-08-16,26.375,26.375,26.25,26.3125,8.130742073059082,157600
1995-08-17,26.3125,26.5,26.25,26.5,8.188688278198242,154800
1995-08-18,26.5,26.5,26.125,26.1875,8.092120170593262,186000
1995-08-21,26.0625,26.125,25.4375,25.5,7.87967586517334,110400
1995-08-22,25.5,25.625,25.0625,25.4375,7.8603668212890625,930400
1995-08-23,25.4375,25.875,25.4375,25.875,8.023942947387695,156000
1995-08-24,25.9375,25.9375,25.625,25.75,7.985178470611572,83000
1995-08-25,25.75,25.75,25.5,25.5,7.90765380859375,43600
1995-08-28,25.5625,25.5625,24.75,24.8125,7.694462299346924,267600
1995-08-29,24.875,24.875,24.0625,24.5,7.597548484802246,401800
1995-08-30,24.375,24.4375,24.25,24.3125,7.539409160614014,147800
1995-08-31,24.1875,24.25,23.75,24.0625,7.4618821144104,544200
1995-09-01,24.0625,24.75,24.0,24.4375,7.5781707763671875,341400
1995-09-05,24.625,25.25,24.5,25.25,7.830130100250244,180600
1995-09-06,25.4375,25.6875,25.3125,25.375,7.868891716003418,272400
1995-09-07,25.25,25.5625,25.25,25.3125,7.849507808685303,231600
1995-09-08,25.4375,25.8125,25.4375,25.8125,8.004565238952637,151000
1995-09-11,25.8125,26.0,25.6875,25.8125,8.004565238952637,542600
1995-09-12,25.8125,26.125,25.8125,26.0625,8.0820894241333,407800
1995-09-13,26.0625,26.25,26.0625,26.25,8.140233993530273,108200
1995-09-14,26.1875,26.5625,26.1875,26.25,8.140233993530273,182200
1995-09-15,26.25,26.4375,26.1875,26.4375,8.198372840881348,193400
1995-09-18,26.4375,26.6875,26.4375,26.5,8.217763900756836,412000
1995-09-19,26.5,26.5625,26.375,26.375,8.178997993469238,313800
1995-09-20,26.375,26.625,26.375,26.5,8.217763900756836,129600
1995-09-21,26.5,26.9375,26.5,26.9375,8.353429794311523,312200
1995-09-22,26.8125,26.9375,26.75,26.875,8.334050178527832,248600
1995-09-25,26.9375,26.9375,26.75,26.8125,8.314659118652344,189200
1995-09-26,26.75,26.75,26.625,26.75,8.295286178588867,139600
1995-09-27,26.6875,26.75,26.375,26.375,8.178997993469238,256800
1995-09-28,26.375,26.9375,26.375,26.8125,8.314659118652344,217400
1995-09-29,26.8125,26.9375,26.5,26.5625,8.237142562866211,76600
1995-10-02,26.4375,26.4375,26.25,26.3125,8.159611701965332,119600
1995-10-03,26.25,26.3125,25.6875,25.6875,7.965799331665039,89000
1995-10-04,25.8125,25.8125,25.375,25.375,7.868891716003418,91000
1995-10-05,25.25,25.4375,25.125,25.4375,7.88827657699585,85800
1995-10-06,25.3125,25.5,25.1875,25.3125,7.849507808685303,106600
1995-10-09,25.25,25.25,24.8125,24.8125,7.694462299346924,70000
1995-10-10,24.6875,24.75,24.5,24.75,7.675073623657227,102200
1995-10-11,25.0,25.125,24.875,25.0625,7.771983623504639,137000
1995-10-12,25.125,25.625,25.0625,25.625,7.9464192390441895,225600
1995-10-13,25.625,25.875,25.625,25.6875,7.965799331665039,39400
1995-10-16,25.75,26.0,25.75,26.0,8.062705039978027,187600
1995-10-17,26.0625,26.0625,25.625,25.75,7.985178470611572,49600
1995-10-18,25.8125,25.8125,25.4375,25.6875,7.965799331665039,79200
1995-10-19,25.75,25.8125,25.375,25.4375,7.88827657699585,53200
1995-10-20,25.3125,25.3125,24.5,24.75,7.675073623657227,127000
1995-10-23,24.875,24.875,24.125,24.125,7.481263160705566,91600
1995-10-24,24.1875,24.1875,23.75,23.875,7.403733730316162,197800
1995-10-25,24.0,24.125,23.5,23.5,7.287446975708008,111800
1995-10-26,23.5,23.5,22.75,23.4375,7.268064498901367,375600
1995-10-27,23.375,23.4375,22.875,23.4375,7.268064498901367,145000
1995-10-30,23.3125,23.625,23.0,23.375,7.248688697814941,344600
1995-10-31,23.4375,24.0,23.4375,23.75,7.364970684051514,271800
1995-11-01,23.6875,23.875,23.6875,23.8125,7.3843560218811035,49800
1995-11-02,23.875,24.1875,23.875,24.0,7.442497730255127,93600
1995-11-03,23.9375,24.25,23.9375,24.1875,7.5006422996521,106600
1995-11-06,24.0,24.125,23.8125,24.125,7.481263160705566,99400
1995-11-07,24.0625,24.1875,23.8125,23.9375,7.4231181144714355,478800
1995-11-08,23.875,24.125,23.875,24.125,7.481263160705566,302200
1995-11-09,24.0,24.125,24.0,24.125,7.481263160705566,248000
1995-11-10,24.0625,24.25,24.0625,24.1875,7.5006422996521,225600
1995-11-13,24.1875,24.25,24.125,24.125,7.481263160705566,123400
1995-11-14,24.1875,24.25,23.8125,23.875,7.403733730316162,235200
1995-11-15,23.9375,24.25,23.875,23.9375,7.4231181144714355,286800
1995-11-16,23.9375,24.0,23.125,23.3125,7.229302406311035,631400
1995-11-17,23.4375,23.5,23.1875,23.25,7.209924221038818,89600
1995-11-20,23.125,23.875,23.125,23.625,7.326210021972656,517000
1995-11-21,23.625,23.8125,23.4375,23.4375,7.2958574295043945,338400
1995-11-22,23.5,23.8125,23.5,23.75,7.393137454986572,110200
1995-11-24,23.6875,23.8125,23.625,23.8125,7.412595748901367,65800
1995-11-27,23.4375,23.8125,23.3125,23.8125,7.412595748901367,125800
1995-11-28,23.6875,23.6875,23.3125,23.3125,7.256947040557861,102400
1995-11-29,23.5,23.5625,23.3125,23.3125,7.256947040557861,420000
1995-11-30,23.5,23.5,23.375,23.4375,7.2958574295043945,128000
1995-12-01,23.5,23.625,23.375,23.375,7.276401042938232,283600
1995-12-04,23.375,23.6875,23.3125,23.5625,7.334770202636719,193600
1995-12-05,23.625,24.3125,23.625,24.3125,7.568236827850342,207200
1995-12-06,24.375,24.625,24.375,24.625,7.6655168533325195,1014000
1995-12-07,24.625,24.8125,24.5,24.8125,7.723881721496582,347600
1995-12-08,24.5625,24.8125,24.5625,24.5625,7.64606237411499,113600
1995-12-11,24.5625,24.75,24.4375,24.5625,7.64606237411499,512600
1995-12-12,24.5,24.75,24.5,24.625,7.6655168533325195,203600
1995-12-13,24.5,24.875,24.5,24.8125,7.723881721496582,139400
1995-12-14,24.75,24.78125,24.25,24.25,7.548781394958496,263000
1995-12-15,24.125,24.25,24.125,24.25,7.548781394958496,205800
1995-12-18,24.1875,24.25,24.125,24.125,7.509875774383545,161800
1995-12-19,24.0625,24.6875,24.0625,24.6875,7.684971332550049,56600
1995-12-20,24.6875,24.9375,24.6875,24.75,7.704423427581787,64400
1995-12-21,24.8125,25.25,24.8125,25.1875,7.840613842010498,137000
1995-12-22,25.25,25.875,25.25,25.875,8.054625511169434,132200
1995-12-26,25.8125,27.0,25.8125,27.0,8.404829978942871,224200
1995-12-27,27.0,27.3125,27.0,27.0,8.404829978942871,246600
1995-12-28,26.9375,27.125,26.75,27.0,8.404829978942871,162000
1995-12-29,27.0625,27.1875,26.9375,26.9375,8.385376930236816,82200
1996-01-02,27.0,27.1875,26.875,27.1875,8.4631986618042,306600
1996-01-03,27.1875,27.375,27.125,27.1875,8.4631986618042,168200
1996-01-04,27.1875,27.5625,27.1875,27.5,8.56047534942627,89400
1996-01-05,27.5,27.5,27.3125,27.5,8.56047534942627,76000
1996-01-08,27.25,27.25,26.6875,26.6875,8.307548522949219,52200
1996-01-09,26.8125,27.0625,26.5625,26.9375,8.385376930236816,182200
1996-01-10,26.8125,27.0,26.625,26.875,8.365921974182129,187000
1996-01-11,27.3125,27.625,27.3125,27.5625,8.579930305480957,201600
1996-01-12,27.5,27.8125,27.5,27.625,8.599384307861328,54400
1996-01-15,27.6875,28.25,27.6875,28.0625,8.735570907592773,126800
1996-01-16,28.125,28.25,28.0625,28.125,8.755027770996094,230400
1996-01-17,28.1875,28.3125,27.9375,27.9375,8.696664810180664,118000
1996-01-18,28.125,28.1875,27.875,28.125,8.755027770996094,120000
1996-01-19,28.0,29.0625,28.0,28.5625,8.891219139099121,91600
1996-01-22,28.8125,29.1875,28.4375,28.5,8.87176513671875,157200
1996-01-23,28.5,28.5,28.125,28.3125,8.813396453857422,90400
1996-01-24,28.25,29.25,28.125,28.5,8.87176513671875,215800
1996-01-25,28.5,29.4375,28.5,28.875,8.988494873046875,899800
1996-01-26,28.75,29.125,28.75,29.0,9.027410507202148,238200
1996-01-29,28.9375,29.1875,28.8125,29.0,9.027410507202148,160000
1996-01-30,29.0,29.5,28.9375,29.0,9.027410507202148,321600
1996-01-31,29.125,29.125,28.6875,28.75,8.949590682983398,203600
1996-02-01,29.0,30.1875,28.9375,29.9375,9.319238662719727,170400
1996-02-02,30.0,30.0,29.125,29.25,9.105229377746582,99400
1996-02-05,29.3125,29.3125,28.9375,29.0625,9.046863555908203,66400
1996-02-06,29.3125,30.0,29.3125,29.8125,9.280335426330566,100400
1996-02-07,29.75,29.875,29.4375,29.75,9.260880470275879,142800
1996-02-08,29.4375,29.8125,29.375,29.4375,9.163599014282227,116600
1996-02-09,29.5625,30.0625,29.5,29.75,9.260880470275879,58400
1996-02-12,29.75,30.125,29.75,29.875,9.299786567687988,150000
1996-02-13,29.8125,30.0625,29.8125,30.0,9.338696479797363,67800
1996-02-14,30.0625,30.0625,29.9375,30.0625,9.358148574829102,63600
1996-02-15,30.0,30.0625,29.875,30.0,9.338696479797363,130000
1996-02-16,30.0,30.0625,29.875,30.0625,9.358148574829102,58800
1996-02-20,29.9375,29.9375,29.1875,29.25,9.105229377746582,56400
1996-02-21,29.25,29.75,29.1875,29.375,9.144140243530273,56200
1996-02-22,29.25,29.5625,29.1875,29.5625,9.202510833740234,240000
1996-02-23,29.625,29.8125,29.4375,29.625,9.221961975097656,102400
1996-02-26,29.5625,29.75,29.5625,29.6875,9.241422653198242,43600
1996-02-27,29.6875,30.125,29.6875,29.9375,9.319238662719727,104200
1996-02-28,29.9375,30.5,29.9375,30.5,9.49434757232666,117000
1996-02-29,30.5,30.5,30.25,30.25,9.416522979736328,125000
1996-03-01,30.1875,30.1875,29.875,29.9375,9.319238662719727,33400
1996-03-04,29.9375,30.5625,29.9375,30.5625,9.513802528381348,57800
1996-03-05,30.625,30.8125,30.25,30.5,9.49434757232666,106800
1996-03-06,30.375,30.375,30.0625,30.1875,9.39706802368164,47600
1996-03-07,30.25,30.5,30.125,30.5,9.49434757232666,54600
1996-03-08,30.3125,30.6875,30.25,30.375,9.45543098449707,124600
1996-03-11,30.375,30.4375,30.125,30.375,9.45543098449707,81800
1996-03-12,30.375,30.4375,30.1875,30.375,9.45543098449707,33600
1996-03-13,30.3125,31.0,30.3125,30.8125,9.591620445251465,56600
1996-03-14,30.75,31.375,30.75,31.25,9.727810859680176,105800
1996-03-15,31.125,31.5,31.0625,31.375,9.766722679138184,84600
1996-03-18,31.4375,31.5,31.3125,31.375,9.766722679138184,65600
1996-03-19,31.375,31.4375,31.1875,31.3125,9.747269630432129,48800
1996-03-20,31.25,31.3125,30.9375,31.0625,9.669442176818848,106000
1996-03-21,31.0625,31.1875,31.0,31.0625,9.669442176818848,52200
1996-03-22,31.0625,31.0625,31.0,31.0,9.649989128112793,48600
1996-03-25,31.0,31.125,30.75,30.875,9.611079216003418,57400
1996-03-26,31.0,31.0,29.5,30.0,9.338696479797363,95600
1996-03-27,30.25,30.75,30.0,30.25,9.416522979736328,106400
1996-03-28,30.5,30.75,30.375,30.625,9.533249855041504,85200
1996-03-29,30.875,31.125,30.25,30.5,9.49434757232666,55900
1996-04-01,30.5,31.25,30.5,31.25,9.727810859680176,136200
1996-04-02,31.5,31.625,31.25,31.375,9.766722679138184,60900
1996-04-03,31.25,31.25,30.5,30.625,9.533249855041504,293900
1996-04-04,30.5,30.5,29.75,30.0,9.338696479797363,94100
1996-04-08,29.75,29.75,28.75,28.875,8.988494873046875,107000
1996-04-09,29.125,29.125,28.125,28.625,8.910677909851074,154900
1996-04-10,28.75,28.875,27.75,28.375,8.832855224609375,69000
1996-04-11,28.375,28.5,27.75,28.125,8.755027770996094,105100
1996-04-12,28.0,29.125,27.875,29.125,9.066322326660156,86000
1996-04-15,28.875,29.0,28.625,28.875,8.988494873046875,211300
1996-04-16,28.875,29.375,28.875,29.25,9.105229377746582,41200
1996-04-17,29.125,29.5,29.125,29.125,9.066322326660156,77700
1996-04-18,29.25,29.625,29.125,29.5,9.183052062988281,104600
1996-04-19,29.5,30.25,29.5,29.875,9.299786567687988,115500
1996-04-22,29.75,30.375,29.5,29.625,9.221961975097656,261300
1996-04-23,29.5,29.5,24.5,25.75,8.015714645385742,1128100
1996-04-24,25.75,27.0,25.75,26.0,8.093539237976074,651600
1996-04-25,26.125,26.5,26.0,26.0,8.093539237976074,391700
1996-04-26,26.25,27.0,26.25,27.0,8.404829978942871,522400
1996-04-29,27.0,27.0,26.5,26.625,8.288098335266113,322300
1996-04-30,26.625,26.875,26.5,26.75,8.327004432678223,425300
1996-05-01,26.75,26.875,26.75,26.75,8.327004432678223,171900
1996-05-02,26.875,26.875,26.75,26.875,8.365921974182129,61000
1996-05-03,26.75,27.125,26.75,26.75,8.327004432678223,77200
1996-05-06,26.75,27.0,26.5,26.5,8.249181747436523,222500
1996-05-07,26.625,26.75,26.5,26.625,8.288098335266113,214700
1996-05-08,26.625,26.75,26.0,26.25,8.171360969543457,299600
1996-05-09,26.25,26.875,26.25,26.703125,8.312413215637207,188900
1996-05-10,26.875,27.0,26.75,26.75,8.327004432678223,289300
1996-05-13,26.75,27.0,26.75,27.0,8.404829978942871,303800
1996-05-14,27.0,27.125,26.75,26.75,8.327004432678223,141000
1996-05-15,26.75,26.875,26.625,26.625,8.288098335266113,253000
1996-05-16,26.75,27.0,26.625,26.875,8.365921974182129,170700
1996-05-17,26.75,27.0,26.75,26.875,8.365921974182129,70300
1996-05-20,26.875,27.0,26.5,26.625,8.288098335266113,207900
1996-05-21,26.625,28.0,26.625,28.0,8.716118812561035,662700
1996-05-22,28.0,28.125,27.75,28.0,8.744220733642578,331500
1996-05-23,28.0,28.125,27.75,27.75,8.666153907775879,124400
1996-05-24,27.75,28.0,27.625,27.75,8.666153907775879,89600
1996-05-28,27.5,27.75,27.5,27.625,8.627115249633789,39600
1996-05-29,27.5,27.625,27.25,27.25,8.510004997253418,132000
1996-05-30,27.25,27.75,27.25,27.375,8.549042701721191,217100
1996-05-31,27.375,27.75,27.375,27.375,8.549042701721191,208500
1996-06-03,27.375,27.875,27.25,27.25,8.510004997253418,64000
1996-06-04,27.25,27.75,27.25,27.375,8.549042701721191,45100
1996-06-05,27.25,27.375,27.0,27.25,8.510004997253418,54900
1996-06-06,27.375,27.5,26.625,26.75,8.353857040405273,158400
1996-06-07,26.375,26.625,26.375,26.625,8.314821243286133,107900
1996-06-10,26.5,27.625,26.375,27.125,8.470966339111328,172200
1996-06-11,27.25,27.375,27.0,27.0,8.431936264038086,79200
1996-06-12,27.0,27.25,26.625,26.75,8.353857040405273,85700
1996-06-13,26.75,27.0,26.75,26.875,8.392898559570312,56500
1996-06-14,26.75,27.125,26.75,27.0,8.431936264038086,107500
1996-06-17,27.0,27.25,27.0,27.0,8.431936264038086,38700
1996-06-18,27.0,27.125,26.875,27.0,8.431936264038086,125700
1996-06-19,26.875,27.0,26.75,26.875,8.392898559570312,75000
1996-06-20,26.875,27.0,26.5,26.75,8.353857040405273,165600
1996-06-21,26.625,26.875,26.625,26.875,8.392898559570312,117600
1996-06-24,26.875,26.875,26.5,26.625,8.314821243286133,72800
1996-06-25,26.75,26.75,24.875,25.375,7.924450397491455,149200
1996-06-26,26.0,26.25,25.75,25.75,8.041561126708984,91300
1996-06-27,26.125,26.125,25.25,25.375,7.924450397491455,70100
1996-06-28,25.625,25.625,24.5,24.5,7.651196479797363,60800
1996-07-01,24.875,25.0,24.625,25.0,7.807343006134033,260100
1996-07-02,25.125,27.125,24.5,24.875,7.768311500549316,388800
1996-07-03,25.0,25.5,25.0,25.375,7.924450397491455,243700
1996-07-05,25.25,25.5,25.125,25.25,7.885415554046631,94900
1996-07-08,25.25,25.375,25.0,25.0,7.807343006134033,173900
1996-07-09,25.125,25.125,24.125,24.5,7.651196479797363,103500
1996-07-10,24.5,25.0,24.5,25.0,7.807343006134033,125900
1996-07-11,25.0,25.125,24.5,24.5,7.651196479797363,237800
1996-07-12,24.75,24.75,24.375,24.375,7.612155437469482,90500
1996-07-15,24.5,24.5,23.25,23.625,7.377939224243164,84500
1996-07-16,23.75,23.75,22.875,23.5,7.338902950286865,70600
1996-07-17,23.625,24.125,23.625,23.875,7.456009864807129,89000
1996-07-18,24.125,24.625,24.125,24.625,7.6902360916137695,71300
1996-07-19,24.5,24.625,24.0,24.125,7.534090042114258,42000
1996-07-22,24.375,24.375,23.875,23.875,7.456009864807129,71700
1996-07-23,23.875,24.125,22.75,22.875,7.143722057342529,110500
1996-07-24,23.0,23.625,23.0,23.5,7.338902950286865,87900
1996-07-25,23.75,25.5,23.75,25.5,7.963487148284912,187000
1996-07-26,25.5,25.75,25.5,25.625,8.002524375915527,137800
1996-07-29,25.75,25.75,25.125,25.25,7.885415554046631,78600
1996-07-30,25.25,25.25,25.0,25.125,7.84637975692749,90700
1996-07-31,25.125,25.25,24.5,25.125,7.84637975692749,82000
1996-08-01,25.125,25.5,25.0,25.5,7.963487148284912,94600
1996-08-02,25.5,26.125,25.5,26.0,8.119637489318848,60000
1996-08-05,26.0,26.625,26.0,26.5,8.27578353881836,102300
1996-08-06,26.5,26.875,26.375,26.875,8.392898559570312,94600
1996-08-07,26.875,26.875,25.75,26.0,8.119637489318848,125700
1996-08-08,26.0,26.625,26.0,26.125,8.158677101135254,106300
1996-08-09,26.25,27.0,26.25,27.0,8.431936264038086,95100
1996-08-12,27.0,27.0,26.75,26.75,8.353857040405273,73800
1996-08-13,26.875,26.875,26.625,26.625,8.314821243286133,193500
1996-08-14,26.75,26.75,26.5,26.625,8.314821243286133,208300
1996-08-15,26.625,26.875,26.5,26.875,8.392898559570312,180600
1996-08-16,26.75,27.0,26.75,27.0,8.431936264038086,176500
1996-08-19,27.0,27.125,26.875,27.0,8.431936264038086,40700
1996-08-20,27.0,27.625,27.0,27.375,8.549042701721191,96200
1996-08-21,27.25,27.375,27.125,27.25,8.538076400756836,110500
1996-08-22,27.25,27.5,27.25,27.5,8.616406440734863,57200
1996-08-23,27.75,27.75,27.5,27.5,8.616406440734863,24300
1996-08-26,27.5,27.625,27.375,27.5,8.616406440734863,48700
1996-08-27,27.5,27.75,27.5,27.5,8.616406440734863,191700
1996-08-28,27.5,27.875,27.5,27.75,8.694737434387207,104000
1996-08-29,27.875,27.875,27.5,27.5,8.616406440734863,24600
1996-08-30,27.5,27.625,27.25,27.5,8.616406440734863,35500
1996-09-03,27.5,27.625,27.5,27.5,8.616406440734863,62500
1996-09-04,27.5,27.625,27.5,27.5,8.616406440734863,20100
1996-09-05,27.75,27.75,27.625,27.75,8.694737434387207,41900
1996-09-06,27.625,28.0,27.625,28.0,8.773064613342285,54200
1996-09-09,28.0,28.125,27.875,27.875,8.733902931213379,33000
1996-09-10,27.875,28.0,27.75,27.75,8.694737434387207,43700
1996-09-11,27.875,28.0,27.75,28.0,8.773064613342285,38500
1996-09-12,28.0,28.125,28.0,28.125,8.812231063842773,63800
1996-09-13,28.125,28.25,28.0,28.125,8.812231063842773,156400
1996-09-16,28.25,28.25,28.0,28.0,8.773064613342285,103500
1996-09-17,28.0,28.25,28.0,28.0,8.773064613342285,54500
1996-09-18,28.625,28.75,28.375,28.375,8.890564918518066,179600
1996-09-19,28.375,28.375,28.0,28.125,8.812231063842773,191600
1996-09-20,28.375,28.375,28.0,28.25,8.851401329040527,134300
1996-09-23,28.5,28.875,28.375,28.75,9.008062362670898,189200
1996-09-24,28.625,28.75,28.125,28.125,8.812231063842773,115500
1996-09-25,28.375,28.375,28.0,28.0,8.773064613342285,159800
1996-09-26,28.125,28.875,28.125,28.75,9.008062362670898,188000
1996-09-27,29.0,29.5,27.75,27.875,8.733902931213379,125000
1996-09-30,28.125,28.75,27.875,27.875,8.733902931213379,130400
1996-10-01,28.25,28.25,28.0,28.125,8.812231063842773,129900
1996-10-02,28.5,29.375,28.5,29.125,9.125558853149414,221200
1996-10-03,29.25,29.25,28.625,28.875,9.047229766845703,65200
1996-10-04,28.875,29.375,28.5,28.5,8.929728507995605,78900
1996-10-07,28.375,28.5,28.25,28.25,8.851401329040527,140900
1996-10-08,28.25,28.25,27.875,28.0,8.773064613342285,98000
1996-10-09,28.0,28.25,28.0,28.0,8.773064613342285,90100
1996-10-10,28.125,28.125,27.5,28.125,8.812231063842773,80800
1996-10-11,28.25,28.625,27.875,27.875,8.733902931213379,43000
1996-10-14,28.0,28.25,28.0,28.125,8.812231063842773,52000
1996-10-15,28.25,28.625,28.125,28.25,8.851401329040527,115300
1996-10-16,28.25,28.25,27.875,28.0,8.773064613342285,23200
1996-10-17,28.25,28.625,28.125,28.125,8.812231063842773,45300
1996-10-18,28.25,28.25,27.875,28.0,8.773064613342285,62900
1996-10-21,27.75,28.0,27.625,28.0,8.773064613342285,116500
1996-10-22,28.0,28.0,27.875,28.0,8.773064613342285,73600
1996-10-23,28.0,28.0,27.0,27.5,8.616406440734863,147300
1996-10-24,27.625,28.0,27.625,28.0,8.773064613342285,150800
1996-10-25,27.625,27.625,26.5,26.5,8.303080558776855,717700
1996-10-28,26.25,26.25,23.0,24.125,7.55894136428833,1107800
1996-10-29,24.625,24.875,24.625,24.75,7.754763603210449,351100
1996-10-30,24.75,24.875,24.125,24.125,7.55894136428833,468300
1996-10-31,24.125,24.5,24.0,24.125,7.55894136428833,640400
1996-11-01,24.25,24.625,24.25,24.375,7.63726806640625,422500
1996-11-04,24.625,25.0,24.5,24.875,7.793933868408203,331600
1996-11-05,25.0,25.125,24.875,25.0,7.833095550537109,154800
1996-11-06,25.0,25.125,24.875,25.0,7.833095550537109,329500
1996-11-07,25.0,25.25,25.0,25.0,7.833095550537109,190800
1996-11-08,25.0,25.25,25.0,25.125,7.872261047363281,98500
1996-11-11,25.0,25.375,25.0,25.25,7.911423683166504,84300
1996-11-12,25.25,26.125,25.25,25.75,8.068085670471191,191800
1996-11-13,25.75,26.125,25.75,26.0,8.146418571472168,137900
1996-11-14,26.0,26.5,26.0,26.25,8.224753379821777,170600
1996-11-15,26.125,26.375,26.0,26.375,8.263916969299316,141900
1996-11-18,26.375,26.375,25.875,26.0,8.146418571472168,75300
1996-11-19,26.125,26.375,26.0,26.375,8.263916969299316,157500
1996-11-20,26.25,26.25,26.0,26.0,8.177427291870117,80600
1996-11-21,26.125,26.375,26.125,26.375,8.295366287231445,131500
1996-11-22,26.375,26.625,26.25,26.375,8.295366287231445,110500
1996-11-25,26.125,26.25,26.0,26.25,8.256054878234863,79100
1996-11-26,26.25,26.25,26.125,26.125,8.2167387008667,94100
1996-11-27,26.0,26.125,25.75,26.0,8.177427291870117,76700
1996-11-29,25.875,26.0,25.75,25.75,8.098793983459473,34400
1996-12-02,25.75,26.625,25.75,26.5,8.334683418273926,189200
1996-12-03,26.5,26.5,26.25,26.25,8.256054878234863,94600
1996-12-04,26.25,26.625,26.25,26.625,8.373997688293457,98300
1996-12-05,26.625,26.75,26.5,26.625,8.373997688293457,56700
1996-12-06,26.375,26.5,26.375,26.5,8.334683418273926,103600
1996-12-09,26.625,26.875,26.625,26.75,8.413309097290039,42800
1996-12-10,26.5,26.5,25.625,25.875,8.13810920715332,123300
1996-12-11,25.875,25.875,25.625,25.625,8.05948257446289,126700
1996-12-12,25.625,25.75,25.25,25.375,7.980849742889404,86400
1996-12-13,25.25,25.625,25.25,25.375,7.980849742889404,60500
1996-12-16,25.375,25.5,24.875,24.875,7.823596477508545,87600
1996-12-17,24.875,25.875,24.875,25.875,8.13810920715332,113500
1996-12-18,25.75,25.875,25.625,25.75,8.098793983459473,253000
1996-12-19,25.875,26.0,25.75,25.75,8.098793983459473,120700
1996-12-20,25.875,25.875,25.375,25.625,8.05948257446289,194700
1996-12-23,25.5,25.5,24.875,25.0,7.862908363342285,68300
1996-12-24,24.875,24.875,24.625,24.75,7.78427791595459,31500
1996-12-26,24.75,25.125,24.75,25.125,7.902221202850342,57100
1996-12-27,25.25,25.25,24.875,25.0,7.862908363342285,21800
1996-12-30,25.0,25.0,24.875,25.0,7.862908363342285,100500
1996-12-31,24.875,25.125,24.8125,25.125,7.902221202850342,165800
1997-01-02,25.125,25.125,24.625,24.875,7.823596477508545,227300
1997-01-03,24.875,25.25,24.5,25.25,7.9415364265441895,434100
1997-01-06,25.25,25.375,25.0,25.25,7.9415364265441895,257100
1997-01-07,25.125,25.125,24.375,24.75,7.78427791595459,317400
1997-01-08,24.75,24.75,24.125,24.25,7.6270246505737305,144000
1997-01-09,24.125,24.375,24.125,24.375,7.666331768035889,353900
1997-01-10,24.125,24.375,23.75,24.0,7.54839563369751,232900
1997-01-13,23.875,24.0,23.875,24.0,7.54839563369751,89900
1997-01-14,23.75,23.875,23.5,23.625,7.430448532104492,149900
1997-01-15,23.5,23.5,23.125,23.25,7.3125081062316895,127600
1997-01-16,23.25,23.25,22.625,23.0,7.233875274658203,449100
1997-01-17,23.0,23.25,22.875,23.125,7.273192882537842,601200
1997-01-20,23.375,23.625,23.375,23.484375,7.386224746704102,581800
1997-01-21,23.625,23.75,23.375,23.625,7.430448532104492,805300
1997-01-22,23.5,23.75,23.375,23.625,7.430448532104492,381000
1997-01-23,23.75,24.0,23.625,24.0,7.54839563369751,298500
1997-01-24,24.0,24.0,22.875,23.375,7.351817607879639,258100
1997-01-27,23.125,23.625,23.125,23.5,7.391133785247803,553900
1997-01-28,23.875,24.5,23.75,24.5,7.7056498527526855,464400
1997-01-29,24.375,24.75,24.25,24.625,7.744966983795166,171800
1997-01-30,24.375,24.75,24.375,24.5,7.7056498527526855,190300
1997-01-31,24.375,24.75,23.875,23.875,7.509073734283447,96700
1997-02-03,24.0,24.125,23.75,24.0,7.54839563369751,176400
1997-02-04,23.875,24.25,23.875,24.25,7.6270246505737305,158100
1997-02-05,24.25,24.375,23.625,23.625,7.430448532104492,237100
1997-02-06,23.625,23.75,23.5,23.5,7.391133785247803,166500
1997-02-07,23.875,24.125,23.5,23.5,7.391133785247803,144500
1997-02-10,23.75,23.75,23.5,23.625,7.430448532104492,89000
1997-02-11,23.625,23.75,23.5,23.5,7.391133785247803,150700
1997-02-12,23.625,24.5,23.5,24.5,7.7056498527526855,212800
1997-02-13,24.25,24.625,24.25,24.375,7.666331768035889,125400
1997-02-14,24.625,24.625,24.375,24.375,7.666331768035889,206800
1997-02-18,24.5,24.5,24.25,24.25,7.6270246505737305,30300
1997-02-19,24.375,24.5,24.125,24.375,7.666331768035889,59400
1997-02-20,24.375,24.625,24.25,24.5,7.7056498527526855,157800
1997-02-21,24.625,24.625,24.375,24.5,7.7056498527526855,41500
1997-02-24,24.5,25.0,24.5,24.75,7.78427791595459,208200
1997-02-25,24.75,24.875,24.25,24.25,7.6270246505737305,75600
1997-02-26,24.375,24.375,24.0,24.125,7.619123458862305,111900
1997-02-27,24.0,24.0,23.0,23.75,7.500692844390869,257700
1997-02-28,23.75,23.75,23.5,23.5,7.42173957824707,51700
1997-03-03,23.625,23.625,23.0,23.0,7.263830661773682,69000
1997-03-04,23.0,23.875,23.0,23.625,7.461214065551758,177500
1997-03-05,23.75,24.0,23.625,24.0,7.579647541046143,101000
1997-03-06,24.0,24.25,23.875,24.25,7.658603191375732,150300
1997-03-07,24.0,24.75,23.75,24.75,7.816512584686279,111900
1997-03-10,24.75,24.75,24.625,24.75,7.816512584686279,67800
1997-03-11,24.75,25.25,24.75,24.75,7.816512584686279,372400
1997-03-12,24.875,24.875,24.75,24.875,7.855985164642334,134800
1997-03-13,24.875,25.25,24.75,25.25,7.974422454833984,70000
1997-03-14,25.25,25.25,25.125,25.125,7.9349470138549805,255000
1997-03-17,25.25,25.25,25.0,25.0,7.895465850830078,88700
1997-03-18,25.0,25.125,24.875,25.0,7.895465850830078,54600
1997-03-19,24.875,25.0,24.625,24.625,7.777032375335693,108400
1997-03-20,24.75,25.0,24.75,24.75,7.816512584686279,243400
1997-03-21,24.75,24.875,24.625,24.75,7.816512584686279,85700
1997-03-24,24.75,25.0,24.75,24.75,7.816512584686279,96900
1997-03-25,24.875,25.0,24.625,24.625,7.777032375335693,95000
1997-03-26,24.625,24.75,24.5,24.625,7.777032375335693,193700
1997-03-27,24.5,24.625,24.25,24.25,7.658603191375732,229000
1997-03-31,24.25,24.375,24.0,24.0,7.579647541046143,154500
1997-04-01,24.125,24.25,24.0,24.125,7.619123458862305,34600
1997-04-02,24.0,24.125,23.75,23.875,7.540170192718506,35900
1997-04-03,23.625,23.875,23.625,23.875,7.540170192718506,41300
1997-04-04,23.875,24.125,23.875,24.0,7.579647541046143,77200
1997-04-07,24.0,24.25,24.0,24.25,7.658603191375732,52300
1997-04-08,24.25,24.75,24.25,24.625,7.777032375335693,74300
1997-04-09,24.625,24.875,24.625,24.875,7.855985164642334,56600
1997-04-10,25.0,25.0,24.625,24.625,7.777032375335693,40900
1997-04-11,24.625,24.75,24.625,24.75,7.816512584686279,28100
1997-04-14,24.625,24.75,24.375,24.375,7.698079586029053,80600
1997-04-15,24.25,24.375,24.125,24.125,7.619123458862305,201900
1997-04-16,24.25,24.25,24.125,24.25,7.658603191375732,38700
1997-04-17,24.125,24.625,24.125,24.5,7.737558364868164,44900
1997-04-18,24.5,24.75,24.5,24.75,7.816512584686279,24000
1997-04-21,24.75,24.75,24.375,24.375,7.698079586029053,31200
1997-04-22,24.25,24.375,24.25,24.25,7.658603191375732,72600
1997-04-23,24.25,24.25,23.625,23.75,7.500692844390869,134000
1997-04-24,23.375,23.5,23.0,23.25,7.342784881591797,205100
1997-04-25,23.0,23.0,21.75,22.125,6.987486839294434,141800
1997-04-28,22.25,22.25,21.875,22.0,6.9480109214782715,112700
1997-04-29,22.0,22.0,21.75,21.875,6.90853214263916,442100
1997-04-30,22.0,22.125,21.5,22.0,6.9480109214782715,228500
1997-05-01,22.125,22.25,21.875,22.125,6.987486839294434,149600
1997-05-02,22.375,22.75,22.375,22.625,7.1454010009765625,111600
1997-05-05,22.625,23.25,22.5,23.25,7.342784881591797,312600
1997-05-06,23.125,23.75,23.0,23.5,7.42173957824707,220300
1997-05-07,23.25,23.875,23.125,23.625,7.461214065551758,154300
1997-05-08,23.375,24.125,23.125,23.875,7.540170192718506,139500
1997-05-09,23.75,24.375,23.75,24.25,7.658603191375732,123800
1997-05-12,24.125,24.625,24.125,24.5,7.737558364868164,133700
1997-05-13,24.5,24.625,24.5,24.625,7.777032375335693,37400
1997-05-14,24.5,24.625,24.5,24.625,7.777032375335693,100900
1997-05-15,24.625,24.625,24.125,24.625,7.777032375335693,41600
1997-05-16,24.625,24.625,24.5,24.625,7.777032375335693,53800
1997-05-19,24.625,25.125,24.625,25.125,7.9349470138549805,135400
1997-05-20,25.125,25.125,25.0,25.125,7.9349470138549805,65800
1997-05-21,25.0,25.0,24.75,24.75,7.816512584686279,69600
1997-05-22,25.0,25.125,25.0,25.0,7.895465850830078,74300
1997-05-23,25.125,25.25,25.0,25.25,7.974422454833984,79300
1997-05-27,25.0,25.125,25.0,25.0,7.895465850830078,76600
1997-05-28,25.0,25.125,25.0,25.0,7.927177906036377,213400
1997-05-29,25.0,25.375,25.0,25.25,8.006449699401855,114500
1997-05-30,25.0,25.625,24.75,25.625,8.125356674194336,198600
1997-06-02,25.625,26.25,25.625,26.25,8.323535919189453,135200
1997-06-03,25.875,25.875,25.125,25.125,7.966814994812012,129000
1997-06-04,25.25,25.75,25.25,25.5,8.085721969604492,71300
1997-06-05,25.625,25.75,25.375,25.625,8.125356674194336,58500
1997-06-06,25.5,25.5,25.25,25.375,8.046086311340332,69200
1997-06-09,25.25,25.375,25.125,25.25,8.006449699401855,125300
1997-06-10,25.125,25.625,25.125,25.625,8.125356674194336,114800
1997-06-11,25.625,26.0,25.625,25.75,8.164986610412598,51100
1997-06-12,25.625,26.0,25.625,26.0,8.24425983428955,52400
1997-06-13,26.0,26.375,26.0,26.375,8.363171577453613,74800
1997-06-16,26.375,26.375,25.875,26.375,8.363171577453613,55300
1997-06-17,26.375,26.5,26.25,26.5,8.402809143066406,50800
1997-06-18,26.5,27.0,26.375,27.0,8.561349868774414,88700
1997-06-19,27.125,27.75,27.125,27.5,8.719891548156738,147600
1997-06-20,27.5,27.625,27.375,27.625,8.759528160095215,105200
1997-06-23,27.5,27.875,27.5,27.75,8.799164772033691,101400
1997-06-24,27.625,27.875,27.5,27.75,8.799164772033691,127000
1997-06-25,27.625,27.625,26.875,26.9375,8.541539192199707,52000
1997-06-26,27.0,27.15625,26.75,27.0,8.561349868774414,78700
1997-06-27,27.25,28.0,27.25,27.8125,8.818984031677246,192400
1997-06-30,28.0,28.5625,27.875,28.375,8.997343063354492,241100
1997-07-01,28.125,28.125,27.8125,28.0,8.878436088562012,150300
1997-07-02,28.0,28.125,27.875,28.0,8.878436088562012,160000
1997-07-03,28.0,28.0,27.875,28.0,8.878436088562012,54300
1997-07-07,28.125,28.625,27.875,27.875,8.838802337646484,138500
1997-07-08,28.0,28.0,27.5,27.75,8.799164772033691,94300
1997-07-09,27.75,27.75,27.3125,27.375,8.680256843566895,135500
1997-07-10,27.5,27.625,27.1875,27.375,8.680256843566895,90100
1997-07-11,27.375,27.8125,27.25,27.8125,8.818984031677246,66200
1997-07-14,27.8125,27.8125,27.4375,27.5625,8.739709854125977,104000
1997-07-15,27.3125,27.9375,27.3125,27.875,8.838802337646484,160300
1997-07-16,27.875,28.25,27.875,28.0625,8.898256301879883,87400
1997-07-17,28.0625,28.0625,27.6875,27.9375,8.858621597290039,102100
1997-07-18,27.9375,27.9375,27.5,27.625,8.759528160095215,64900
1997-07-21,27.5625,27.5625,27.0,27.0,8.561349868774414,54400
1997-07-22,26.75,27.25,26.75,27.1875,8.620807647705078,172100
1997-07-23,27.0625,27.625,27.0,27.625,8.759528160095215,152400
1997-07-24,27.625,27.75,27.3125,27.3125,8.660438537597656,108900
1997-07-25,27.25,27.625,27.125,27.125,8.60098648071289,406500
1997-07-28,27.125,27.875,27.125,27.8125,8.818984031677246,115400
1997-07-29,28.0,28.25,27.4375,27.625,8.759528160095215,239500
1997-07-30,27.5,28.5625,27.4375,28.5625,9.05679702758789,396600
1997-07-31,28.6875,28.6875,28.0625,28.3125,8.977527618408203,127800
1997-08-01,28.6875,28.6875,28.25,28.6875,9.096433639526367,169300
1997-08-04,28.625,28.875,28.5625,28.8125,9.136072158813477,55400
1997-08-05,28.75,28.8125,28.5625,28.6875,9.096433639526367,53600
1997-08-06,28.6875,29.125,28.5625,29.125,9.23515796661377,74400
1997-08-07,29.125,29.25,28.75,28.875,9.15588665008545,93300
1997-08-08,28.75,28.8125,27.5625,28.0625,8.898256301879883,166700
1997-08-11,28.1875,28.5625,28.1875,28.5625,9.05679702758789,50700
1997-08-12,28.5,28.5625,28.375,28.5,9.036977767944336,31600
1997-08-13,28.375,28.875,28.375,28.875,9.15588665008545,49900
1997-08-14,28.875,29.125,28.0625,28.0625,8.898256301879883,267500
1997-08-15,27.6875,27.6875,26.8125,27.0,8.561349868774414,138900
1997-08-18,27.125,27.125,26.875,26.9375,8.541539192199707,77800
1997-08-19,26.8125,27.25,26.75,27.0625,8.581171989440918,238500
1997-08-20,27.25,27.5,27.25,27.5,8.719891548156738,94000
1997-08-21,27.4375,27.4375,26.875,27.1875,8.620807647705078,77100
1997-08-22,26.9375,27.0,26.375,26.75,8.482080459594727,79000
1997-08-25,26.75,26.8125,26.3125,26.5625,8.422625541687012,88200
1997-08-26,26.5,27.125,26.5,27.0625,8.581171989440918,71500
1997-08-27,27.0,27.25,27.0,27.1875,8.652778625488281,81500
1997-08-28,27.1875,27.1875,27.0625,27.125,8.632884979248047,56200
1997-08-29,27.1875,27.375,27.0625,27.375,8.71245002746582,50700
1997-09-02,27.75,28.125,27.75,27.75,8.83179759979248,89700
1997-09-03,27.625,27.875,26.9375,27.0,8.593103408813477,118400
1997-09-04,27.0,27.0,26.5625,26.5625,8.453862190246582,41100
1997-09-05,26.5625,26.875,26.5625,26.875,8.553319931030273,85100
1997-09-08,27.0625,27.1875,26.875,27.125,8.632884979248047,110900
1997-09-09,27.0625,27.25,27.0625,27.1875,8.652778625488281,79300
1997-09-10,27.1875,27.21875,26.6875,26.75,8.513538360595703,74200
1997-09-11,26.6875,26.75,25.875,26.6875,8.493640899658203,115800
1997-09-12,26.75,26.875,26.375,26.875,8.553319931030273,120300
1997-09-15,27.0,27.125,26.6875,26.9375,8.573216438293457,99800
1997-09-16,26.6875,27.4375,26.6875,27.3125,8.692559242248535,81200
1997-09-17,27.25,27.625,27.25,27.625,8.792016983032227,43000
1997-09-18,27.875,27.875,27.5,27.8125,8.851693153381348,73600
1997-09-19,27.875,27.875,27.4375,27.4375,8.732342720031738,109900
1997-09-22,27.375,27.375,27.125,27.125,8.632884979248047,68400
1997-09-23,27.125,27.125,26.375,26.4375,8.414077758789062,23600
1997-09-24,26.1875,26.1875,25.75,25.9375,8.254945755004883,200400
1997-09-25,26.0,26.4375,25.8125,26.375,8.394187927246094,97500
1997-09-26,26.375,27.0625,26.375,26.6875,8.493640899658203,175100
1997-09-29,26.8125,26.8125,26.0625,26.0625,8.294732093811035,133600
1997-09-30,26.25,27.0,26.25,26.9375,8.573216438293457,106200
1997-10-01,27.0,27.1875,26.5625,26.75,8.513538360595703,111500
1997-10-02,26.875,26.9375,26.375,26.4375,8.414077758789062,89600
1997-10-03,26.5,26.75,26.5,26.5625,8.453862190246582,99200
1997-10-06,26.6875,26.875,26.125,26.25,8.354403495788574,71700
1997-10-07,26.375,26.4375,26.25,26.375,8.394187927246094,71000
1997-10-08,26.4375,26.4375,26.0625,26.0625,8.294732093811035,72100
1997-10-09,26.0,27.0,26.0,26.75,8.513538360595703,163300
1997-10-10,26.75,26.75,26.25,26.3125,8.374293327331543,139000
1997-10-13,26.3125,26.4375,26.0,26.1875,8.334515571594238,72800
1997-10-14,26.1875,26.25,25.875,25.875,8.235055923461914,27700
1997-10-15,25.875,26.0625,25.875,25.9375,8.254945755004883,88000
1997-10-16,25.75,25.9375,25.375,25.375,8.075921058654785,109500
1997-10-17,25.3125,25.625,25.1875,25.1875,8.016252517700195,102900
1997-10-20,25.4375,25.4375,25.1875,25.375,8.075921058654785,129000
1997-10-21,25.4375,25.625,25.25,25.5625,8.135600090026855,102300
1997-10-22,25.3125,25.375,25.0,25.25,8.036142349243164,287700
1997-10-23,25.0625,25.0625,23.875,24.4375,7.777554512023926,199100
1997-10-24,24.625,25.125,24.125,25.0,7.956573486328125,215000
1997-10-27,24.875,25.0,24.4375,24.4375,7.777554512023926,93100
1997-10-28,24.0625,24.0625,23.625,24.0625,7.658205509185791,237800
1997-10-29,24.0625,24.5,23.9375,24.125,7.67809534072876,376500
1997-10-30,23.625,24.0,23.625,23.875,7.5985307693481445,75700
1997-10-31,24.0,24.5625,24.0,24.5625,7.817339897155762,201000
1997-11-03,24.75,25.125,24.75,24.9375,7.936685085296631,102600
1997-11-04,25.0,25.4375,25.0,25.3125,8.056034088134766,76300
1997-11-05,25.375,25.6875,25.375,25.5625,8.135600090026855,65100
1997-11-06,25.5625,26.1875,25.5,25.9375,8.254945755004883,154300
1997-11-07,25.8125,25.8125,24.75,25.1875,8.016252517700195,177200
1997-11-10,25.25,25.5625,25.0,25.5625,8.135600090026855,70200
1997-11-11,25.5625,25.5625,25.0,25.0625,7.976467132568359,71400
1997-11-12,24.875,25.125,24.875,25.0,7.956573486328125,70500
1997-11-13,25.0,25.0,24.4375,24.5,7.797444820404053,144900
1997-11-14,24.625,25.3125,24.625,25.3125,8.056034088134766,123200
1997-11-17,25.125,26.25,25.125,26.0625,8.294732093811035,88900
1997-11-18,26.125,26.375,26.0,26.0,8.274835586547852,247100
1997-11-19,26.0,26.25,25.9375,25.9375,8.254945755004883,223000
1997-11-20,25.875,26.5,25.875,26.3125,8.374293327331543,134800
1997-11-21,26.375,26.625,26.25,26.25,8.354403495788574,167300
1997-11-24,26.25,26.625,26.25,26.25,8.354403495788574,81500
1997-11-25,26.125,26.375,26.125,26.25,8.386351585388184,184000
1997-11-26,26.25,26.625,26.25,26.375,8.426289558410645,94400
1997-11-28,26.375,26.375,26.1875,26.1875,8.366388320922852,62000
1997-12-01,26.375,26.5,26.125,26.3125,8.406314849853516,152100
1997-12-02,26.375,26.9375,26.375,26.875,8.586028099060059,138000
1997-12-03,26.9375,26.9375,26.4375,26.9375,8.606001853942871,104000
1997-12-04,27.125,28.0,27.125,27.75,8.865572929382324,170200
1997-12-05,27.75,27.875,27.25,27.25,8.70583438873291,58700
1997-12-08,27.3125,27.5625,27.1875,27.5625,8.80566692352295,59900
1997-12-09,27.6875,27.6875,26.625,26.625,8.506160736083984,87500
1997-12-10,26.625,26.875,26.5,26.875,8.586028099060059,106000
1997-12-11,26.875,26.875,26.5,26.6875,8.526122093200684,73900
1997-12-12,26.75,27.1875,26.5,27.125,8.66589641571045,50100
1997-12-15,27.3125,28.125,27.3125,27.875,8.905512809753418,200500
1997-12-16,27.5,27.5,27.0,27.3125,8.725802421569824,82200
1997-12-17,27.4375,27.4375,27.125,27.1875,8.685869216918945,116200
1997-12-18,27.1875,27.375,27.0,27.25,8.70583438873291,79700
1997-12-19,27.25,27.3125,26.1875,26.375,8.426289558410645,208100
1997-12-22,26.1875,27.5625,26.1875,27.5625,8.80566692352295,181000
1997-12-23,27.6875,27.875,27.375,27.8125,8.885541915893555,109800
1997-12-24,27.875,27.9375,27.6875,27.75,8.865572929382324,99400
1997-12-26,27.6875,27.6875,27.4375,27.4375,8.765735626220703,41500
1997-12-29,27.5,27.625,26.9375,26.9375,8.606001853942871,163700
1997-12-30,27.0,28.1875,26.875,28.0,8.945442199707031,136900
1997-12-31,28.0625,28.1875,27.625,27.625,8.825634956359863,54200
1998-01-02,27.6875,27.6875,27.0,27.0625,8.645931243896484,77000
1998-01-05,27.0625,27.625,27.0625,27.625,8.825634956359863,122400
1998-01-06,27.625,27.625,26.8125,26.875,8.586028099060059,67300
1998-01-07,26.75,26.75,26.0625,26.625,8.506160736083984,133800
1998-01-08,26.5625,26.5625,26.0625,26.4375,8.446256637573242,143900
1998-01-09,26.25,26.25,25.6875,25.75,8.226611137390137,81400
1998-01-12,25.5,25.75,25.25,25.5,8.146746635437012,48400
1998-01-13,25.75,26.125,25.625,25.9375,8.286516189575195,29700
1998-01-14,25.9375,26.25,25.9375,26.0625,8.32645034790039,61600
1998-01-15,26.3125,26.375,26.125,26.375,8.426289558410645,48700
1998-01-16,26.625,26.875,26.625,26.8125,8.566062927246094,58100
1998-01-20,26.8125,27.0625,26.8125,27.0625,8.645931243896484,67900
1998-01-21,27.0,27.0625,26.8125,26.9375,8.606001853942871,116800
1998-01-22,26.9375,27.0625,26.875,26.875,8.586028099060059,46600
1998-01-23,27.0625,28.25,27.0625,27.9375,8.925477027893066,150800
1998-01-26,27.875,27.9375,27.375,27.5625,8.80566692352295,59000
1998-01-27,27.5,28.375,27.5,28.0625,8.965413093566895,60600
1998-01-28,28.0625,28.6875,28.0,28.3125,9.045281410217285,63800
1998-01-29,28.1875,28.375,28.0,28.0,8.945442199707031,53400
1998-01-30,28.25,28.4375,28.1875,28.25,9.025311470031738,69900
1998-02-02,28.5,29.0,28.25,29.0,9.264923095703125,135500
1998-02-03,29.0,29.5625,28.9375,29.5625,9.444634437561035,162300
1998-02-04,29.6875,30.5,29.625,30.125,9.624338150024414,178400
1998-02-05,30.375,32.875,30.375,32.0,10.22336483001709,281900
1998-02-06,31.625,31.625,31.0,31.0,9.903885841369629,139900
1998-02-09,31.125,31.125,31.0,31.0625,9.923850059509277,165600
1998-02-10,31.0,31.9375,31.0,31.75,10.143495559692383,117800
1998-02-11,31.9375,32.5625,31.5625,31.5625,10.083592414855957,80500
1998-02-12,31.75,31.75,31.0,31.5,10.063624382019043,118000
1998-02-13,31.375,31.5,31.1875,31.25,9.983755111694336,30400
1998-02-17,31.25,31.5625,31.0,31.125,9.943816184997559,110600
1998-02-18,31.0625,31.9375,31.0625,31.75,10.143495559692383,155800
1998-02-19,32.25,32.375,31.625,31.6875,10.12352466583252,75600
1998-02-20,31.5625,32.75,31.25,32.4375,10.363137245178223,73900
1998-02-23,32.4375,33.25,32.4375,32.625,10.423038482666016,66600
1998-02-24,32.875,33.0,32.375,32.4375,10.363137245178223,80700
1998-02-25,32.25,32.8125,32.25,32.625,10.455273628234863,92700
1998-02-26,32.625,34.5,32.625,34.1875,10.956001281738281,132000
1998-02-27,34.3125,36.6875,34.3125,35.25,11.296496391296387,323400
1998-03-02,35.125,36.1875,34.5,36.1875,11.596940994262695,296100
1998-03-03,36.1875,36.9375,36.1875,36.5,11.697084426879883,148100
1998-03-04,36.4375,36.8125,35.9375,36.75,11.777196884155273,218700
1998-03-05,36.5,36.875,36.0,36.28125,11.626981735229492,138400
1998-03-06,36.75,38.375,36.0625,37.875,12.137725830078125,212900
1998-03-09,37.8125,37.8125,37.0,37.125,11.897374153137207,105300
1998-03-10,37.0,38.25,36.9375,38.0,12.177785873413086,97000
1998-03-11,37.875,37.9375,37.0625,37.0625,11.87734603881836,60600
1998-03-12,37.1875,37.1875,36.6875,36.75,11.777196884155273,84000
1998-03-13,36.125,36.875,35.9375,36.8125,11.797232627868652,251100
1998-03-16,37.0,37.6875,37.0,37.375,11.977496147155762,122100
1998-03-17,37.4375,37.625,36.5,37.0,11.857319831848145,102000
1998-03-18,37.125,37.5,36.6875,36.875,11.817258834838867,67100
1998-03-19,36.875,37.75,36.8125,37.1875,11.91740608215332,156600
1998-03-20,37.1875,37.75,37.0625,37.75,12.097674369812012,203300
1998-03-23,37.5,38.375,37.375,38.0,12.177785873413086,194600
1998-03-24,38.1875,38.3125,37.4375,37.8125,12.11769962310791,119000
1998-03-25,38.0,38.4375,37.875,37.9375,12.157759666442871,62900
1998-03-26,38.0,38.25,37.5,38.25,12.257904052734375,181600
1998-03-27,38.5,39.9375,38.3125,38.875,12.458194732666016,365100
1998-03-30,38.75,38.8125,38.125,38.1875,12.237872123718262,121300
1998-03-31,38.1875,38.75,36.75,36.875,11.817258834838867,231800
1998-04-01,37.25,38.5625,37.25,38.25,12.257904052734375,164100
1998-04-02,38.1875,38.5,38.125,38.5,12.33802318572998,118500
1998-04-03,38.5,38.8125,38.0625,38.25,12.257904052734375,127900
1998-04-06,38.375,38.4375,37.6875,37.9375,12.157759666442871,357400
1998-04-07,37.8125,37.8125,37.25,37.25,11.937433242797852,467200
1998-04-08,37.0,37.1875,36.5625,36.8125,11.797232627868652,474300
1998-04-09,36.9375,37.25,36.75,36.9375,11.837292671203613,277300
1998-04-13,36.8125,37.1875,36.75,37.0625,11.87734603881836,90500
1998-04-14,37.0625,37.375,36.8125,37.25,11.937433242797852,175300
1998-04-15,37.25,37.5,37.0,37.4375,11.99752426147461,94000
1998-04-16,37.4375,37.4375,36.9375,37.0625,11.87734603881836,62600
1998-04-17,37.0,37.0,36.6875,36.6875,11.757171630859375,131100
1998-04-20,36.75,36.75,36.0625,36.1875,11.596940994262695,100300
1998-04-21,36.1875,37.0,35.9375,36.875,11.817258834838867,222400
1998-04-22,36.875,37.125,36.625,36.6875,11.757171630859375,352900
1998-04-23,36.6875,37.125,36.6875,37.0625,11.87734603881836,207300
1998-04-24,37.0,37.0,36.625,36.75,11.777196884155273,242900
1998-04-27,36.5625,36.5625,36.1875,36.1875,11.596940994262695,72000
1998-04-28,36.1875,36.4375,36.1875,36.25,11.616971015930176,52400
1998-04-29,36.25,36.25,35.5,35.5625,11.396652221679688,317400
1998-04-30,35.5,36.3125,35.375,35.9375,11.516824722290039,186300
1998-05-01,36.0,36.1875,35.875,36.1875,11.596940994262695,95600
1998-05-04,36.25,36.4375,36.125,36.4375,11.677053451538086,144700
1998-05-05,36.1875,36.25,35.75,35.9375,11.516824722290039,77100
1998-05-06,36.0625,36.0625,35.25,35.6875,11.4367094039917,40500
1998-05-07,35.6875,35.6875,34.9375,35.3125,11.316533088684082,66100
1998-05-08,35.3125,35.4375,34.5,35.0625,11.236410140991211,391200
1998-05-11,35.0625,35.75,35.0625,35.625,11.41667366027832,50100
1998-05-12,35.875,36.0,35.4375,35.6875,11.4367094039917,38000
1998-05-13,35.9375,35.9375,35.375,35.4375,11.356588363647461,29700
1998-05-14,35.5625,35.5625,35.0625,35.125,11.256444931030273,42500
1998-05-15,35.25,35.5,35.0625,35.1875,11.276471138000488,135300
1998-05-18,35.1875,35.1875,34.1875,34.4375,11.036120414733887,59400
1998-05-19,34.4375,34.5,33.9375,34.0,10.895913124084473,98500
1998-05-20,34.0,34.1875,33.75,34.0625,10.91594409942627,50200
1998-05-21,34.1875,34.625,34.1875,34.3125,10.996061325073242,75700
1998-05-22,34.3125,34.3125,33.875,34.0,10.895913124084473,94700
1998-05-26,34.0,34.125,33.3125,33.3125,10.675594329833984,33100
1998-05-27,33.1875,33.375,33.0,33.3125,10.710963249206543,170200
1998-05-28,33.25,33.75,33.25,33.75,10.8516263961792,120300
1998-05-29,33.75,33.9375,33.3125,33.3125,10.710963249206543,45800
1998-06-01,33.5,34.0,33.5,33.5,10.771248817443848,64100
1998-06-02,33.375,34.3125,33.375,33.9375,10.911914825439453,133900
1998-06-03,34.0,34.0625,33.5625,33.5625,10.791339874267578,26800
1998-06-04,33.6875,34.125,33.5,33.625,10.811437606811523,62600
1998-06-05,33.75,34.25,33.75,33.9375,10.911914825439453,105200
1998-06-08,34.0625,34.0625,33.6875,33.8125,10.871725082397461,78900
1998-06-09,33.5625,33.5625,33.3125,33.5625,10.791339874267578,176800
1998-06-10,33.5,34.3125,33.375,33.375,10.731058120727539,73600
1998-06-11,33.375,33.4375,32.5,32.625,10.489911079406738,38700
1998-06-12,32.5625,32.5625,32.0,32.4375,10.429622650146484,71600
1998-06-15,32.4375,32.4375,31.25,31.625,10.168381690979004,181900
1998-06-16,31.625,32.4375,31.625,32.4375,10.429622650146484,108100
1998-06-17,32.625,32.9375,32.5625,32.625,10.489911079406738,74100
1998-06-18,32.625,32.625,32.125,32.1875,10.349244117736816,36200
1998-06-19,31.6875,31.875,31.4375,31.4375,10.108097076416016,65500
1998-06-22,31.5625,31.6875,31.5625,31.5625,10.148284912109375,18100
1998-06-23,31.5625,31.9375,31.5625,31.75,10.208572387695312,83700
1998-06-24,31.9375,31.9375,31.0625,31.1875,10.027708053588867,63500
1998-06-25,31.25,31.75,31.125,31.5,10.128188133239746,97000
1998-06-26,31.625,32.75,31.5625,32.1875,10.349244117736816,88000
1998-06-29,32.25,32.9375,32.125,32.375,10.409527778625488,76600
1998-06-30,32.125,32.5,32.125,32.375,10.409527778625488,43100
1998-07-01,32.5625,32.9375,32.5625,32.9375,10.590389251708984,69500
1998-07-02,32.8125,33.375,32.8125,33.25,10.690868377685547,96800
1998-07-06,33.0,33.0625,32.75,32.9375,10.590389251708984,110200
1998-07-07,32.9375,33.125,32.4375,33.125,10.650674819946289,166500
1998-07-08,33.125,33.125,32.8125,32.9375,10.590389251708984,85600
1998-07-09,32.9375,32.9375,32.5,32.5625,10.469809532165527,86400
1998-07-10,32.5625,32.875,32.5,32.6875,10.510005950927734,60600
1998-07-13,32.6875,32.6875,32.1875,32.1875,10.349244117736816,100100
1998-07-14,32.25,32.625,32.125,32.25,10.369335174560547,94000
1998-07-15,32.25,32.25,31.8125,31.9375,10.268857955932617,34400
1998-07-16,32.0,32.125,31.75,32.125,10.329143524169922,185500
1998-07-17,32.375,32.625,31.875,32.625,10.489911079406738,60100
1998-07-20,32.75,33.3125,32.75,32.8125,10.550192832946777,70700
1998-07-21,32.8125,32.875,32.3125,32.5625,10.469809532165527,32900
1998-07-22,32.5625,32.5625,32.125,32.1875,10.349244117736816,35400
1998-07-23,32.0625,32.4375,31.25,31.3125,10.067900657653809,65700
1998-07-24,31.0625,31.125,27.5625,27.75,8.922453880310059,329900
1998-07-27,27.8125,28.75,26.75,28.5625,9.183691024780273,207500
1998-07-28,28.5625,28.625,26.9375,27.0,8.681303024291992,235400
1998-07-29,27.125,27.25,27.0,27.0,8.681303024291992,82500
1998-07-30,27.1875,27.3125,26.9375,27.125,8.721492767333984,138700
1998-07-31,27.25,27.375,27.0,27.1875,8.741592407226562,98900
1998-08-03,27.125,27.1875,26.0625,26.125,8.3999662399292,125600
1998-08-04,26.3125,26.3125,24.9375,25.4375,8.178915023803711,118400
1998-08-05,25.6875,26.0,25.4375,25.875,8.319579124450684,127700
1998-08-06,25.875,25.875,25.375,25.6875,8.259296417236328,79200
1998-08-07,26.375,26.6875,26.125,26.5625,8.540632247924805,100000
1998-08-10,26.625,26.8125,26.5,26.75,8.600923538208008,94400
1998-08-11,26.75,26.75,25.0625,25.1875,8.098530769348145,59400
1998-08-12,25.4375,26.5,25.4375,26.25,8.440159797668457,73600
1998-08-13,26.25,26.375,25.5,25.625,8.2391996383667,61600
1998-08-14,25.625,25.6875,24.625,24.625,7.91766881942749,50500
1998-08-17,24.625,25.25,24.625,25.25,8.11862564086914,108000
1998-08-18,25.5,25.8125,25.5,25.625,8.2391996383667,56800
1998-08-19,25.625,25.625,24.5625,24.875,7.998058795928955,95800
1998-08-20,24.875,24.9375,23.9375,24.5,7.877480506896973,270500
1998-08-21,24.5,24.5,23.5625,24.125,7.756903648376465,87100
1998-08-24,23.75,24.75,23.75,24.25,7.797094821929932,418000
1998-08-25,24.25,24.5,23.875,23.9375,7.696617603302002,223100
1998-08-26,23.8125,23.8125,23.5625,23.6875,7.651399612426758,69400
1998-08-27,23.6875,24.0625,23.0,23.0625,7.449511528015137,184600
1998-08-28,23.3125,23.5,22.125,22.125,7.146687984466553,73100
1998-08-31,22.25,22.75,21.75,21.75,7.025557041168213,106500
1998-09-01,21.75,22.5625,21.75,22.1875,7.166873455047607,149900
1998-09-02,22.1875,22.8125,22.1875,22.6875,7.328383922576904,57000
1998-09-03,22.625,22.625,22.25,22.375,7.227442741394043,31500
1998-09-04,22.375,22.6875,22.0,22.3125,7.207255840301514,69000
1998-09-08,22.6875,23.625,22.6875,23.5625,7.611019611358643,85200
1998-09-09,23.5625,23.6875,23.4375,23.6875,7.651399612426758,93300
1998-09-10,23.4375,23.4375,23.25,23.3125,7.530262470245361,98700
1998-09-11,23.3125,23.5625,23.3125,23.3125,7.530262470245361,112600
1998-09-14,23.6875,24.4375,23.6875,24.25,7.833090782165527,73700
1998-09-15,24.125,24.25,23.84375,24.25,7.833090782165527,143200
1998-09-16,24.1875,24.6875,24.1875,24.5625,7.93403434753418,47300
1998-09-17,24.3125,24.3125,23.3125,24.0,7.752335548400879,75800
1998-09-18,23.8125,23.9375,23.25,23.8125,7.691774368286133,126900
1998-09-21,23.5625,24.0,23.5625,24.0,7.752335548400879,27600
1998-09-22,24.0,24.4375,24.0,24.375,7.8734636306762695,38600
1998-09-23,24.375,25.1875,24.375,24.9375,8.055167198181152,214800
1998-09-24,24.875,25.0625,24.8125,24.8125,8.014781951904297,42100
1998-09-25,24.8125,25.0,24.8125,25.0,8.075355529785156,99900
1998-09-28,25.0,25.875,25.0,25.5625,8.257051467895508,149600
1998-09-29,25.4375,25.625,25.0,25.0625,8.095540046691895,264500
1998-09-30,25.0625,25.3125,24.9375,24.9375,8.055167198181152,593900
1998-10-01,25.0,25.4375,25.0,25.0625,8.095540046691895,50900
1998-10-02,25.0625,25.25,24.125,24.1875,7.812909126281738,71900
1998-10-05,24.1875,24.1875,23.5,23.6875,7.651399612426758,192500
1998-10-06,23.8125,24.0625,23.4375,23.5,7.590831756591797,106400
1998-10-07,23.375,23.5625,23.25,23.5,7.590831756591797,97800
1998-10-08,23.5,23.5,22.875,23.0,7.429323673248291,88100
1998-10-09,23.0,23.125,22.625,23.125,7.469701290130615,131400
1998-10-12,23.125,24.625,23.125,24.1875,7.812909126281738,52300
1998-10-13,24.3125,24.6875,24.0,24.0,7.752335548400879,69800
1998-10-14,24.0625,24.75,24.0625,24.5625,7.93403434753418,28600
1998-10-15,24.5625,26.125,24.5625,26.0625,8.418560028076172,155900
1998-10-16,26.1875,26.6875,26.1875,26.375,8.519495964050293,39600
1998-10-19,26.4375,26.5625,26.25,26.4375,8.539685249328613,66800
1998-10-20,26.9375,28.0,26.875,27.8125,8.983829498291016,84300
1998-10-21,27.8125,28.125,27.1875,27.625,8.923267364501953,82700
1998-10-22,27.625,29.0,27.625,28.3125,9.145337104797363,98700
1998-10-23,28.3125,28.5625,28.125,28.125,9.084772109985352,220200
1998-10-26,27.9375,28.4375,27.625,28.4375,9.185712814331055,63000
1998-10-27,28.4375,28.4375,28.0,28.125,9.084772109985352,56500
1998-10-28,28.125,28.125,27.8125,27.875,9.004018783569336,169900
1998-10-29,28.0,28.25,27.875,28.125,9.084772109985352,124900
1998-10-30,28.125,28.5,27.75,28.0625,9.064587593078613,154100
1998-11-02,28.3125,29.25,28.3125,29.125,9.407783508300781,75200
1998-11-03,28.875,30.6875,28.75,30.375,9.811553001403809,70100
1998-11-04,30.375,30.75,29.375,29.5,9.528919219970703,58700
1998-11-05,29.5625,30.0,29.5,29.8125,9.629859924316406,41800
1998-11-06,29.6875,29.875,29.3125,29.875,9.650045394897461,42700
1998-11-09,29.875,30.6875,29.75,30.125,9.730803489685059,83700
1998-11-10,30.0,30.0,29.6875,29.6875,9.58948040008545,16700
1998-11-11,29.4375,29.4375,29.0,29.125,9.407783508300781,44800
1998-11-12,29.125,29.1875,29.0,29.0625,9.387598037719727,139400
1998-11-13,29.1875,29.9375,29.0625,29.9375,9.670236587524414,115300
1998-11-16,29.9375,30.5,29.75,29.9375,9.670236587524414,121400
1998-11-17,30.0,30.4375,29.8125,30.4375,9.831742286682129,139400
1998-11-18,30.3125,30.8125,30.125,30.8125,9.952871322631836,58300
1998-11-19,30.75,30.8125,30.5625,30.75,9.932683944702148,59400
1998-11-20,31.0,31.6875,31.0,31.4375,10.154760360717773,64000
1998-11-23,31.5,31.625,30.9375,31.3125,10.114378929138184,159700
1998-11-24,31.1875,31.5625,31.0625,31.4375,10.190558433532715,58500
1998-11-25,31.1875,31.375,30.8125,31.375,10.17029857635498,45300
1998-11-27,31.5,31.625,30.9375,31.0625,10.069001197814941,8100
1998-11-30,31.0625,31.1875,30.125,30.125,9.765105247497559,75700
1998-12-01,30.375,30.375,30.0,30.0,9.724584579467773,97000
1998-12-02,30.0,30.1875,29.75,30.0,9.724584579467773,95500
1998-12-03,30.0,30.0,29.4375,29.4375,9.542251586914062,186800
1998-12-04,29.5,29.625,29.5,29.625,9.60302734375,247700
1998-12-07,29.625,31.0,29.5625,31.0,10.048741340637207,130900
1998-12-08,30.75,30.75,30.375,30.4375,9.866398811340332,22300
1998-12-09,30.1875,30.375,29.5,29.625,9.60302734375,842600
1998-12-10,29.625,29.875,29.4375,29.5,9.562512397766113,42300
1998-12-11,29.375,29.375,28.8125,28.9375,9.380176544189453,80700
1998-12-14,29.0625,29.0625,28.375,28.375,9.19783878326416,167500
1998-12-15,28.4375,28.4375,27.8125,28.0,9.076281547546387,167400
1998-12-16,28.0,28.0,27.5,27.8125,9.015499114990234,184000
1998-12-17,27.6875,27.6875,27.4375,27.5625,8.934463500976562,155900
1998-12-18,27.0625,27.125,26.875,26.875,8.7116060256958,210800
1998-12-21,26.875,27.3125,26.75,27.3125,8.853428840637207,267300
1998-12-22,27.1875,27.1875,26.375,26.75,8.671086311340332,284100
1998-12-23,26.9375,27.0,26.5625,26.5625,8.610305786132812,89500
1998-12-24,26.625,26.75,26.5,26.625,8.630568504333496,71100
1998-12-28,26.625,26.625,26.1875,26.5,8.59005355834961,109500
1998-12-29,26.5,26.625,26.3125,26.5,8.59005355834961,95600
1998-12-30,26.5625,26.8125,26.5,26.5625,8.610305786132812,325300
1998-12-31,26.5,27.9375,26.5,27.9375,9.05601692199707,128500
1999-01-04,27.9375,29.8125,27.9375,29.25,9.481471061706543,221300
1999-01-05,29.125,29.4375,29.0,29.0625,9.420692443847656,140100
1999-01-06,29.0625,29.5625,28.875,29.5625,9.582769393920898,95200
1999-01-07,29.5,29.5,28.375,28.375,9.19783878326416,81400
1999-01-08,28.4375,28.8125,28.125,28.25,9.157316207885742,71000
1999-01-11,28.375,28.75,26.875,27.625,8.954721450805664,337400
1999-01-12,27.625,28.3125,27.4375,27.6875,8.97498607635498,173700
1999-01-13,27.4375,27.75,27.3125,27.4375,8.89394474029541,87000
1999-01-14,27.5,27.5,26.9375,27.0,8.752123832702637,62600
1999-01-15,27.125,27.1875,26.9375,26.9375,8.731866836547852,74300
1999-01-19,27.0,27.0625,26.375,27.0625,8.77238655090332,117400
1999-01-20,27.0,27.0,26.3125,26.4375,8.569790840148926,40400
1999-01-21,26.4375,26.75,26.3125,26.4375,8.569790840148926,86000
1999-01-22,26.4375,26.5,25.6875,25.8125,8.367194175720215,36100
1999-01-25,25.8125,26.1875,25.625,25.625,8.306415557861328,126300
1999-01-26,25.625,26.0,25.125,25.125,8.144340515136719,64500
1999-01-27,25.125,25.3125,25.0,25.0,8.103819847106934,36900
1999-01-28,25.5,25.5,24.5,24.5,7.941745281219482,174200
1999-01-29,24.5,25.25,24.5,25.125,8.144340515136719,105700
1999-02-01,25.375,26.25,25.375,26.25,8.509015083312988,176900
1999-02-02,26.25,26.625,26.25,26.5,8.59005355834961,255700
1999-02-03,26.5,26.5,26.125,26.375,8.549529075622559,74600
1999-02-04,26.375,26.5,26.0625,26.4375,8.569790840148926,56400
1999-02-05,26.5,26.5,26.0625,26.1875,8.488752365112305,95600
1999-02-08,26.1875,26.3125,26.125,26.125,8.46849536895752,115300
1999-02-09,26.125,26.5,26.125,26.5,8.59005355834961,75900
1999-02-10,26.5,26.625,26.1875,26.4375,8.569790840148926,54700
1999-02-11,26.4375,26.625,26.0,26.25,8.509015083312988,67400
1999-02-12,26.0,26.375,26.0,26.25,8.509015083312988,84700
1999-02-16,26.25,26.25,24.875,25.3125,8.205121040344238,101800
1999-02-17,25.3125,25.6875,25.1875,25.375,8.225382804870605,92900
1999-02-18,25.375,25.4375,25.0,25.1875,8.16460132598877,40000
1999-02-19,25.1875,25.1875,24.6875,24.6875,8.002522468566895,74500
1999-02-22,24.9375,25.8125,24.8125,25.75,8.346938133239746,151900
1999-02-23,26.25,26.25,25.0,25.0,8.103819847106934,104200
1999-02-24,24.875,24.9375,24.3125,24.375,7.9361419677734375,152900
1999-02-25,24.3125,24.4375,24.0625,24.3125,7.915794849395752,193600
1999-02-26,24.375,25.1875,24.375,25.1875,8.200682640075684,95200
1999-03-01,25.125,25.5,24.875,24.875,8.098941802978516,116500
1999-03-02,25.0,25.1875,24.875,24.9375,8.119285583496094,119300
1999-03-03,24.875,24.9375,22.0,22.0,7.16287899017334,396400
1999-03-04,22.1875,23.0625,22.125,22.5625,7.346022605895996,212300
1999-03-05,22.75,22.84375,22.375,22.5,7.325672626495361,143600
1999-03-08,22.5,22.875,21.625,21.75,7.081485271453857,165100
1999-03-09,20.75,21.8125,20.75,21.8125,7.101828098297119,281500
1999-03-10,22.0,22.75,21.9375,22.5,7.325672626495361,132100
1999-03-11,22.5,22.625,21.75,22.0625,7.183231353759766,165700
1999-03-12,22.25,22.4375,21.8125,21.8125,7.101828098297119,161400
1999-03-15,21.8125,21.8125,20.9375,20.9375,6.816948413848877,159900
1999-03-16,21.0,21.5,21.0,21.25,6.9186906814575195,150300
1999-03-17,21.375,21.4375,20.5625,20.8125,6.776245594024658,186900
1999-03-18,20.9375,20.9375,20.3125,20.5625,6.694849014282227,220800
1999-03-19,20.3125,20.5,19.75,19.8125,6.450662612915039,183300
1999-03-22,20.1875,21.625,20.1875,21.5,7.000085353851318,238600
1999-03-23,22.25,22.25,21.8125,21.8125,7.101828098297119,354800
1999-03-24,22.0,22.75,22.0,22.75,7.407070636749268,340900
1999-03-25,22.75,23.1875,22.75,23.0,7.488466262817383,201400
1999-03-26,23.0,23.0,22.125,22.125,7.203582763671875,129200
1999-03-29,22.0625,22.5,21.875,22.0,7.16287899017334,121000
1999-03-30,21.875,21.875,21.0,21.25,6.9186906814575195,192200
1999-03-31,21.25,21.5,21.1875,21.25,6.9186906814575195,471700
1999-04-01,21.3125,22.0,21.3125,21.75,7.081485271453857,275300
1999-04-05,21.75,22.25,21.75,21.875,7.122182369232178,83700
1999-04-06,21.875,22.1875,21.875,22.1875,7.2239274978637695,116600
1999-04-07,22.1875,22.75,21.875,22.4375,7.305321216583252,174500
1999-04-08,22.25,22.25,22.0,22.125,7.203582763671875,122500
1999-04-09,22.0625,22.4375,22.0625,22.375,7.284977912902832,77900
1999-04-12,22.375,23.1875,22.375,23.0,7.488466262817383,94500
1999-04-13,23.0,23.375,23.0,23.0625,7.508816242218018,128200
1999-04-14,23.0625,26.125,23.0625,26.0,8.465218544006348,227200
1999-04-15,26.0,26.125,25.375,26.0,8.465218544006348,152100
1999-04-16,26.0,26.5,26.0,26.5,8.628015518188477,73600
1999-04-19,26.75,27.5625,26.75,27.0625,8.811158180236816,112500
1999-04-20,27.3125,27.5625,26.8125,26.8125,8.729761123657227,84500
1999-04-21,26.75,26.75,26.1875,26.5,8.628015518188477,87000
1999-04-22,26.75,26.75,26.0,26.125,8.50592041015625,74900
1999-04-23,26.25,26.25,25.9375,26.0,8.465218544006348,35600
1999-04-26,26.0,26.1875,25.8125,25.9375,8.444870948791504,72000
1999-04-27,26.0,26.375,25.5,25.5,8.302427291870117,75800
1999-04-28,25.625,27.5,25.625,27.4375,8.933250427246094,130000
1999-04-29,27.4375,28.5,27.4375,28.5,9.27918815612793,136500
1999-04-30,28.125,28.3125,26.9375,27.0,8.79080581665039,84000
1999-05-03,27.1875,28.0,26.25,27.75,9.034996032714844,79900
1999-05-04,27.8125,28.3125,27.8125,28.0625,9.136741638183594,132200
1999-05-05,28.25,28.375,27.625,28.125,9.157086372375488,71700
1999-05-06,28.125,28.1875,27.125,27.375,8.912900924682617,108600
1999-05-07,27.5625,27.8125,27.0,27.0,8.79080581665039,102100
1999-05-10,27.375,27.875,27.0,27.0,8.79080581665039,102600
1999-05-11,27.25,27.9375,27.1875,27.6875,9.01465129852295,77000
1999-05-12,27.5625,27.6875,26.6875,26.875,8.750107765197754,103300
1999-05-13,27.0,27.3125,26.8125,27.0,8.79080581665039,71800
1999-05-14,27.0,27.0,26.0,26.0,8.465218544006348,111400
1999-05-17,26.125,26.125,25.8125,25.9375,8.444870948791504,146800
1999-05-18,26.0625,26.0625,25.5625,25.75,8.383824348449707,55300
1999-05-19,25.8125,26.0,25.6875,25.9375,8.444870948791504,66200
1999-05-20,25.9375,26.375,25.75,25.8125,8.404176712036133,262400
1999-05-21,25.8125,26.0,25.8125,26.0,8.465218544006348,58900
1999-05-24,25.9375,26.0,25.5625,25.5625,8.322779655456543,62700
1999-05-25,25.6875,25.6875,25.3125,25.375,8.26172924041748,44200
1999-05-26,25.25,25.25,24.625,25.0,8.175077438354492,93000
1999-05-27,24.9375,24.9375,24.375,24.375,7.970695972442627,111600
1999-05-28,24.4375,24.5,23.625,23.625,7.725442409515381,154500
1999-06-01,23.75,25.25,23.75,25.125,8.215951919555664,348300
1999-06-02,25.125,26.0625,25.0,25.0625,8.195513725280762,121700
1999-06-03,25.0,25.0,24.625,24.8125,8.11375904083252,60600
1999-06-04,24.8125,25.125,24.6875,24.8125,8.11375904083252,98100
1999-06-07,24.875,24.875,24.5,24.5,8.011578559875488,76700
1999-06-08,24.5,24.6875,24.4375,24.5,8.011578559875488,71500
1999-06-09,24.5,24.75,24.4375,24.5625,8.03200912475586,132000
1999-06-10,24.3125,24.6875,24.3125,24.5,8.011578559875488,135600
1999-06-11,24.5,24.5,24.0625,24.125,7.888948440551758,60700
1999-06-14,24.375,24.625,24.1875,24.4375,7.991133689880371,336300
1999-06-15,24.4375,24.875,24.4375,24.6875,8.072887420654297,145600
1999-06-16,25.0,25.0,24.375,24.625,8.052449226379395,91000
1999-06-17,24.625,24.625,24.25,24.375,7.970695972442627,80400
1999-06-18,24.375,24.6875,24.375,24.5,8.011578559875488,71900
1999-06-21,24.625,24.625,24.25,24.375,7.970695972442627,56200
1999-06-22,24.375,24.6875,24.375,24.5,8.011578559875488,122600
1999-06-23,24.5,24.5,24.0,24.3125,7.950263500213623,45500
1999-06-24,24.3125,24.4375,23.625,23.625,7.725442409515381,71600
1999-06-25,23.625,24.0,23.625,23.9375,7.827632427215576,87000
1999-06-28,24.0,24.0625,23.5,23.5,7.684567928314209,60900
1999-06-29,23.625,23.75,23.46875,23.75,7.766321659088135,54900
1999-06-30,23.75,24.375,23.625,24.1875,7.909385681152344,168500
1999-07-01,24.375,24.875,24.375,24.5,8.011578559875488,99100
1999-07-02,24.5,25.3125,24.5,24.875,8.134202003479004,61600
1999-07-06,24.875,25.1875,24.875,25.125,8.215951919555664,151200
1999-07-07,25.125,25.125,24.8125,24.9375,8.154640197753906,151300
1999-07-08,24.875,25.125,24.75,25.0,8.175077438354492,151200
1999-07-09,25.0,25.25,24.875,25.1875,8.236383438110352,273200
1999-07-12,25.25,25.375,24.3125,24.4375,7.991133689880371,78000
1999-07-13,24.4375,24.9375,24.4375,24.75,8.093326568603516,70100
1999-07-14,24.9375,25.0,24.75,24.9375,8.154640197753906,54000
1999-07-15,24.875,25.0,24.875,25.0,8.175077438354492,151800
1999-07-16,25.0,25.0,24.875,25.0,8.175077438354492,41300
1999-07-19,25.0,25.0,24.3125,24.3125,7.950263500213623,53000
1999-07-20,24.5,24.5,24.0,24.3125,7.950263500213623,55200
1999-07-21,24.375,24.375,23.8125,23.875,7.807195663452148,76600
1999-07-22,23.5,23.5,22.8125,23.125,7.561944961547852,134600
1999-07-23,23.5,23.5625,23.125,23.1875,7.582385063171387,93200
1999-07-26,23.3125,23.5,22.875,22.875,7.480194091796875,68800
1999-07-27,23.25,24.0,22.5625,23.875,7.807195663452148,83600
1999-07-28,24.0,25.4375,23.5625,23.5625,7.705009937286377,319400
1999-07-29,23.75,24.1875,23.625,24.125,7.888948440551758,127500
1999-07-30,24.0,24.25,23.625,24.0,7.848071098327637,104100
1999-08-02,24.5,24.75,24.25,24.25,7.9298200607299805,117700
1999-08-03,24.5,24.6875,24.375,24.4375,7.991133689880371,81700
1999-08-04,24.4375,24.4375,23.8125,23.875,7.807195663452148,84600
1999-08-05,23.875,24.8125,23.75,24.6875,8.072887420654297,125500
1999-08-06,24.625,24.625,23.875,24.125,7.888948440551758,46800
1999-08-09,24.25,24.3125,23.8125,23.875,7.807195663452148,58400
1999-08-10,23.875,23.875,23.1875,23.4375,7.66412878036499,67900
1999-08-11,23.4375,23.625,23.0625,23.4375,7.66412878036499,70500
1999-08-12,23.4375,23.4375,22.9375,23.125,7.561944961547852,96500
1999-08-13,23.3125,23.375,23.0625,23.3125,7.623257637023926,23800
1999-08-16,23.375,23.5,23.125,23.3125,7.623257637023926,43100
1999-08-17,23.25,23.375,22.875,23.125,7.561944961547852,33600
1999-08-18,23.3125,23.375,22.6875,23.0,7.521070957183838,45100
1999-08-19,23.125,23.25,23.0,23.1875,7.582385063171387,22300
1999-08-20,23.125,23.5,23.125,23.5,7.684567928314209,22000
1999-08-23,23.5,23.9375,23.5,23.75,7.766321659088135,54000
1999-08-24,23.75,23.875,23.6875,23.8125,7.78676176071167,69500
1999-08-25,23.9375,24.25,23.75,23.8125,7.82289981842041,96500
1999-08-26,23.875,24.125,23.8125,23.8125,7.82289981842041,96800
1999-08-27,23.8125,24.0625,23.75,23.75,7.802362442016602,65100
1999-08-30,23.75,23.75,23.375,23.375,7.679171562194824,102100
1999-08-31,23.4375,23.4375,22.9375,23.0625,7.5765061378479,45700
1999-09-01,23.125,23.125,22.875,23.0,7.555976390838623,72300
1999-09-02,23.0625,23.3125,22.3125,23.3125,7.658636569976807,88300
1999-09-03,23.1875,23.5625,23.1875,23.4375,7.699697017669678,51900
1999-09-07,23.3125,23.4375,22.75,23.4375,7.699697017669678,83700
1999-09-08,23.25,23.75,23.1875,23.4375,7.699697017669678,26800
1999-09-09,23.5625,23.5625,23.1875,23.375,7.679171562194824,41400
1999-09-10,23.5,23.5,23.0,23.125,7.597039222717285,206400
1999-09-13,23.0,23.6875,23.0,23.625,7.761295795440674,95500
1999-09-14,23.5,23.875,23.25,23.6875,7.781829357147217,59000
1999-09-15,23.625,23.875,23.25,23.4375,7.699697017669678,99200
1999-09-16,23.5,23.5,23.0,23.0625,7.5765061378479,72800
1999-09-17,23.0625,23.375,23.0,23.25,7.638104438781738,80600
1999-09-20,23.3125,23.3125,22.8125,23.0,7.555976390838623,92600
1999-09-21,22.875,22.875,22.75,22.8125,7.494378089904785,87300
1999-09-22,22.6875,23.1875,22.6875,22.875,7.514906883239746,58300
1999-09-23,22.75,22.75,22.25,22.25,7.309585094451904,103900
1999-09-24,22.25,22.25,21.625,21.625,7.104258060455322,48200
1999-09-27,21.75,22.375,21.75,22.375,7.350652694702148,351100
1999-09-28,22.25,22.3125,22.0625,22.1875,7.289052486419678,90000
1999-09-29,22.125,22.875,22.0,22.0,7.227453231811523,203500
1999-09-30,22.125,23.9375,22.125,23.75,7.802362442016602,160500
1999-10-01,23.625,23.625,22.75,23.0,7.555976390838623,92200
1999-10-04,23.0625,23.4375,23.0625,23.0625,7.5765061378479,79500
1999-10-05,23.1875,23.1875,22.6875,22.9375,7.535439491271973,53700
1999-10-06,22.9375,22.9375,22.625,22.625,7.432775974273682,24100
1999-10-07,22.625,23.1875,22.625,23.1875,7.6175737380981445,47700
1999-10-08,23.0625,23.25,22.6875,22.75,7.473847389221191,52600
1999-10-11,22.75,23.25,22.75,23.1875,7.6175737380981445,105900
1999-10-12,23.0625,23.0625,22.6875,22.8125,7.494378089904785,36100
1999-10-13,22.75,22.75,21.8125,21.875,7.186385631561279,46100
1999-10-14,21.875,22.0,21.375,21.375,7.022125244140625,96300
1999-10-15,21.375,21.4375,20.875,20.9375,6.878402233123779,87900
1999-10-18,20.75,21.25,20.75,21.0,6.898931980133057,78900
1999-10-19,21.0625,21.5,21.0,21.125,6.939997673034668,89400
1999-10-20,21.125,21.25,21.0625,21.0625,6.919464588165283,51500
1999-10-21,21.0625,21.25,20.5625,20.6875,6.796266078948975,92600
1999-10-22,20.8125,20.8125,20.3125,20.3125,6.6730756759643555,137400
1999-10-25,20.3125,20.5,20.0625,20.5,6.734672546386719,94300
1999-10-26,19.5,20.0,19.0,19.375,6.365087985992432,206400
1999-10-27,19.125,19.25,18.8125,19.1875,6.303488731384277,154000
1999-10-28,19.25,19.375,19.0625,19.1875,6.303488731384277,132700
1999-10-29,19.25,19.25,18.625,18.625,6.118697166442871,213100
1999-11-01,18.6875,18.9375,18.5625,18.75,6.159759521484375,217000
1999-11-02,18.75,19.1875,18.25,18.375,6.036563873291016,276400
1999-11-03,18.625,18.6875,18.1875,18.5,6.07763147354126,230400
1999-11-04,18.5,18.8125,18.25,18.8125,6.180295467376709,168000
1999-11-05,18.8125,19.0,18.3125,18.875,6.2008256912231445,209300
1999-11-08,18.75,19.5,18.75,19.4375,6.385620594024658,226600
1999-11-09,19.4375,19.4375,18.75,19.0,6.241888999938965,161600
1999-11-10,18.9375,19.25,18.75,18.9375,6.221357345581055,79200
1999-11-11,19.0,19.3125,18.75,18.875,6.2008256912231445,165200
1999-11-12,18.375,18.5625,18.1875,18.5,6.07763147354126,209800
1999-11-15,18.5,18.75,18.25,18.75,6.159759521484375,147200
1999-11-16,19.0,19.125,18.75,19.0625,6.262424945831299,131000
1999-11-17,19.0,19.3125,18.9375,19.0,6.241888999938965,83100
1999-11-18,19.0,19.375,19.0,19.375,6.365087985992432,106900
1999-11-19,19.375,19.375,19.0625,19.3125,6.344555854797363,92500
1999-11-22,19.75,20.5,19.375,19.4375,6.385620594024658,233100
1999-11-23,19.4375,19.5,19.0,19.0625,6.298064708709717,90500
1999-11-24,19.125,19.3125,18.6875,18.8125,6.21546745300293,98500
1999-11-26,18.6875,18.75,18.5,18.5625,6.132867336273193,48000
1999-11-29,18.375,18.5,18.0,18.5,6.1122212409973145,142500
1999-11-30,18.375,19.125,18.375,19.0625,6.298064708709717,77800
1999-12-01,18.875,19.375,18.4375,19.375,6.401315212249756,127600
1999-12-02,19.4375,19.4375,19.1875,19.25,6.360013484954834,82600
1999-12-03,19.3125,19.5,19.1875,19.1875,6.339364051818848,86500
1999-12-06,19.0,19.0,18.5,18.75,6.194817543029785,117100
1999-12-07,18.75,18.75,17.9375,18.375,6.070919513702393,164300
1999-12-08,18.25,18.625,18.0,18.5625,6.132867336273193,86500
1999-12-09,18.5625,18.6875,18.4375,18.4375,6.091569900512695,137600
1999-12-10,18.5,19.25,18.5,18.6875,6.174169063568115,123600
1999-12-13,18.75,19.5,18.6875,19.25,6.360013484954834,119600
1999-12-14,19.0625,19.6875,19.0,19.0625,6.298064708709717,113600
1999-12-15,19.0625,19.6875,19.0625,19.5,6.4426093101501465,88000
1999-12-16,19.3125,19.625,19.3125,19.5625,6.463259220123291,85100
1999-12-17,19.3125,20.0,19.3125,19.8125,6.545858860015869,131000
1999-12-20,19.625,20.0,19.625,19.6875,6.504558563232422,127200
1999-12-21,19.5625,19.9375,19.5625,19.6875,6.504558563232422,62200
1999-12-22,19.6875,19.875,19.5625,19.625,6.483909606933594,72400
1999-12-23,19.5,20.0,19.5,19.8125,6.545858860015869,66000
1999-12-27,19.75,20.0,19.6875,19.875,6.566506385803223,57800
1999-12-28,19.875,20.375,19.875,20.375,6.731705665588379,64300
1999-12-29,20.1875,20.75,20.0625,20.6875,6.834948539733887,68200
1999-12-30,20.5,20.75,20.0625,20.3125,6.711055755615234,86200
1999-12-31,20.3125,20.5,20.1875,20.375,6.731705665588379,50500
2000-01-03,20.625,20.6875,19.5625,19.9375,6.587155818939209,130700
2000-01-04,19.8125,19.8125,19.1875,19.375,6.401315212249756,156100
2000-01-05,19.125,20.125,19.0625,19.875,6.566506385803223,217600
2000-01-06,19.9375,20.375,19.8125,20.375,6.731705665588379,396000
2000-01-07,20.5,20.5,20.0625,20.25,6.690402507781982,196100
2000-01-10,20.25,21.25,20.0625,20.8125,6.876247406005859,150200
2000-01-11,20.75,20.9375,20.5,20.5625,6.7936482429504395,93800
2000-01-12,20.625,20.9375,20.5625,20.625,6.814297676086426,141500
2000-01-13,20.6875,21.1875,20.5625,21.125,6.979495048522949,163400
2000-01-14,21.375,23.8125,21.3125,23.0,7.5989789962768555,548300
2000-01-18,23.0625,24.125,23.0,24.0625,7.950014114379883,529600
2000-01-19,24.5,24.5,23.96875,24.4375,8.073914527893066,1184000
2000-01-20,24.25,24.375,24.0,24.125,7.970667362213135,497100
2000-01-21,24.25,24.4375,23.6875,23.6875,7.826119422912598,300100
2000-01-24,24.375,24.5,24.0625,24.1875,7.991315841674805,409500
2000-01-25,24.1875,24.4375,23.9375,24.1875,7.991315841674805,407700
2000-01-26,23.875,24.125,23.8125,24.0,7.92936372756958,498600
2000-01-27,23.9375,24.125,23.4375,24.0,7.92936372756958,655600
2000-01-28,24.125,24.125,23.5625,23.9375,7.90871524810791,344700
2000-01-31,23.875,24.125,23.75,24.0,7.92936372756958,238900
2000-02-01,23.9375,24.0625,23.625,23.75,7.846767425537109,169600
2000-02-02,23.875,24.0625,23.8125,23.9375,7.90871524810791,183000
2000-02-03,24.0,24.0,23.625,23.6875,7.826119422912598,84400
2000-02-04,23.75,23.9375,23.625,23.75,7.846767425537109,146500
2000-02-07,23.875,23.875,23.375,23.5625,7.784822463989258,154900
2000-02-08,23.5625,23.875,23.5625,23.75,7.846767425537109,167300
2000-02-09,23.8125,23.9375,23.125,23.125,7.640275478363037,627600
2000-02-10,23.125,23.125,22.5625,22.8125,7.537027835845947,202800
2000-02-11,23.0,23.1875,22.75,22.8125,7.537027835845947,103300
2000-02-14,22.9375,23.1875,22.8125,23.0625,7.619624614715576,115300
2000-02-15,23.0625,23.375,22.9375,23.375,7.722876071929932,130100
2000-02-16,23.25,23.3125,22.75,22.8125,7.537027835845947,100600
2000-02-17,22.8125,23.0625,22.75,22.8125,7.537027835845947,120700
2000-02-18,22.8125,22.8125,21.75,22.0625,7.289237976074219,76100
2000-02-22,22.1875,23.0,22.1875,22.875,7.55767822265625,156000
2000-02-23,22.9375,23.0625,22.8125,22.875,7.594195365905762,151200
2000-02-24,22.9375,22.9375,22.375,22.75,7.552698135375977,232500
2000-02-25,23.1875,23.3125,22.6875,22.75,7.552698135375977,165500
2000-02-28,22.875,22.875,22.125,22.1875,7.365955829620361,105500
2000-02-29,22.3125,22.875,22.0625,22.125,7.345208168029785,112300
2000-03-01,22.0625,22.1875,21.25,21.25,7.054721355438232,122500
2000-03-02,21.4375,21.4375,20.9375,21.0,6.971724987030029,135100
2000-03-03,21.125,22.9375,21.125,22.9375,7.6149468421936035,402000
2000-03-06,23.0,23.8125,22.875,23.0,7.6356987953186035,259900
2000-03-07,23.0,25.625,23.0,25.0625,8.320418357849121,637900
2000-03-08,25.25,26.0,25.0,26.0,8.631653785705566,363300
2000-03-09,26.0,27.1875,26.0,27.125,9.005136489868164,442700
2000-03-10,26.5,27.1875,26.4375,27.0625,8.984395027160645,465400
2000-03-13,26.625,27.125,26.0625,27.125,9.005136489868164,318600
2000-03-14,27.0,27.0,26.5,26.9375,8.942892074584961,265100
2000-03-15,26.5,26.8125,26.125,26.375,8.756148338317871,248800
2000-03-16,26.375,28.25,26.25,27.875,9.254128456115723,324200
2000-03-17,27.875,28.75,26.9375,28.75,9.5446195602417,389000
2000-03-20,28.25,28.3125,26.75,27.25,9.046643257141113,289100
2000-03-21,27.25,28.75,27.25,28.6875,9.523871421813965,185200
2000-03-22,28.5625,29.0,27.6875,28.625,9.503120422363281,314600
2000-03-23,28.25,28.4375,27.75,27.8125,9.233382225036621,185700
2000-03-24,27.9375,28.125,27.3125,27.75,9.212632179260254,180800
2000-03-27,28.5,28.5,26.5,26.6875,8.85989761352539,298900
2000-03-28,26.8125,28.875,26.75,28.875,9.586114883422852,230300
2000-03-29,28.25,29.5,28.125,29.0625,9.648361206054688,341400
2000-03-30,28.8125,29.5,28.75,28.75,9.5446195602417,310200
2000-03-31,28.75,30.5,28.5,30.5,10.125595092773438,628200
2000-04-03,29.75,30.875,29.125,29.5,9.793606758117676,333800
2000-04-04,29.3125,29.9375,27.1875,28.0,9.295629501342773,482300
2000-04-05,28.25,28.9375,28.0,28.25,9.37862777709961,162300
2000-04-06,28.25,28.625,27.75,28.0,9.295629501342773,190500
2000-04-07,27.9375,29.0,27.25,29.0,9.627618789672852,171500
2000-04-10,28.75,28.75,27.3125,27.3125,9.067388534545898,141300
2000-04-11,27.75,28.25,27.4375,27.6875,9.191887855529785,164100
2000-04-12,27.6875,27.9375,27.25,27.75,9.212632179260254,140000
2000-04-13,27.875,27.875,27.0,27.1875,9.02588939666748,114800
2000-04-14,27.1875,27.1875,25.5,25.5625,8.486412048339844,153600
2000-04-17,25.75,26.375,25.6875,26.25,8.714649200439453,118300
2000-04-18,26.25,26.375,25.5625,26.1875,8.693902969360352,242000
2000-04-19,26.3125,26.375,25.25,25.375,8.424166679382324,191100
2000-04-20,25.5625,25.9375,25.5625,25.75,8.548657417297363,115500
2000-04-24,25.625,25.6875,25.1875,25.3125,8.403414726257324,57300
2000-04-25,25.375,25.375,24.75,25.0625,8.320418357849121,92800
2000-04-26,26.25,26.75,25.8125,25.8125,8.569408416748047,271200
2000-04-27,25.625,26.625,25.625,26.25,8.714649200439453,137400
2000-04-28,26.25,27.125,26.25,27.0,8.963638305664062,195900
2000-05-01,27.75,27.75,27.375,27.5,9.129640579223633,113800
2000-05-02,27.3125,27.3125,26.875,27.0625,8.984395027160645,129900
2000-05-03,26.875,27.0,26.3125,26.375,8.756148338317871,150800
2000-05-04,26.375,28.375,26.375,27.875,9.254128456115723,371200
2000-05-05,27.625,27.6875,27.3125,27.5,9.129640579223633,94700
2000-05-08,27.125,27.75,26.875,27.625,9.171133995056152,129000
2000-05-09,27.875,28.3125,27.5625,28.25,9.37862777709961,217500
2000-05-10,27.9375,28.125,27.0,27.0,8.963638305664062,114500
2000-05-11,27.0,27.625,27.0,27.125,9.005136489868164,323700
2000-05-12,27.125,27.125,26.75,26.8125,8.901399612426758,150000
2000-05-15,26.9375,27.1875,26.8125,26.9375,8.942892074584961,103800
2000-05-16,26.9375,27.3125,26.875,27.0625,8.984395027160645,158300
2000-05-17,27.1875,27.5,26.75,26.9375,8.942892074584961,63900
2000-05-18,27.0,27.1875,26.375,26.5,8.797652244567871,83900
2000-05-19,26.25,26.9375,26.125,26.625,8.839147567749023,80000
2000-05-22,26.8125,27.25,26.625,26.6875,8.85989761352539,167900
2000-05-23,26.6875,27.375,26.625,26.75,8.880640983581543,156900
2000-05-24,26.8125,27.625,26.8125,27.3125,9.10483169555664,258000
2000-05-25,27.6875,27.9375,26.6875,27.0,9.000652313232422,561700
2000-05-26,27.0,27.375,26.875,26.875,8.958983421325684,802600
2000-05-30,27.0,27.1875,26.9375,27.0,9.000652313232422,223700
2000-05-31,26.875,26.9375,26.0625,26.0625,8.688132286071777,198600
2000-06-01,26.25,26.5625,26.0625,26.5625,8.854811668395996,116700
2000-06-02,27.0625,27.625,26.9375,27.4375,9.146498680114746,161900
2000-06-05,27.4375,27.875,27.4375,27.46875,9.156911849975586,161500
2000-06-06,27.625,27.875,27.0625,27.1875,9.06315803527832,120600
2000-06-07,27.4375,28.4375,27.25,28.375,9.45901870727539,263600
2000-06-08,29.25,29.25,27.8125,28.125,9.375676155090332,302700
2000-06-09,28.5,28.875,27.75,28.625,9.542360305786133,202700
2000-06-12,28.75,29.8125,28.75,29.25,9.750709533691406,245600
2000-06-13,29.1875,29.625,28.78125,28.78125,9.594449043273926,131900
2000-06-14,28.8125,30.4375,28.6875,29.71875,9.906972885131836,216400
2000-06-15,29.75,30.3125,29.4375,30.0,10.000725746154785,156900
2000-06-16,30.0,30.25,29.875,30.09375,10.03197956085205,174300
2000-06-19,29.75,29.8125,28.65625,29.5,9.83404541015625,161900
2000-06-20,29.625,29.625,28.75,29.0625,9.688203811645508,90200
2000-06-21,29.0,29.25,28.875,28.9375,9.646533966064453,96300
2000-06-22,29.0,29.5,28.0625,28.1875,9.396512031555176,94300
2000-06-23,28.3125,28.5625,27.625,27.875,9.292341232299805,114600
2000-06-26,28.0,28.125,27.5,27.8125,9.27150821685791,96600
2000-06-27,27.8125,28.6875,27.8125,28.125,9.375676155090332,1240100
2000-06-28,28.25,28.625,28.1875,28.5,9.500690460205078,225000
2000-06-29,28.25,29.5,27.125,29.25,9.750709533691406,226500
2000-06-30,29.3125,29.625,26.0,27.265625,9.089202880859375,403600
2000-07-03,27.5,28.4375,27.5,28.375,9.45901870727539,73000
2000-07-05,28.625,29.125,28.5625,28.9375,9.646533966064453,211900
2000-07-06,29.125,30.625,28.5625,30.625,10.209075927734375,222500
2000-07-07,30.5625,30.5625,28.4375,28.9375,9.646533966064453,340300
2000-07-10,28.6875,30.25,28.6875,29.625,9.875718116760254,106500
2000-07-11,29.6875,30.75,29.375,30.5625,10.188234329223633,202100
2000-07-12,30.5,30.5625,29.75,30.125,10.042397499084473,214000
2000-07-13,30.0,32.875,30.0,31.71875,10.573685646057129,589700
2000-07-14,32.0625,32.5,31.9375,32.3125,10.771615982055664,378300
2000-07-17,32.3125,32.375,31.875,32.0625,10.688279151916504,220300
2000-07-18,32.0625,32.125,31.75,31.8125,10.604937553405762,84600
2000-07-19,32.0,32.0,31.125,31.3125,10.438260078430176,105400
2000-07-20,31.4375,31.8125,31.3125,31.375,10.45909309387207,52900
2000-07-21,31.25,31.625,31.25,31.625,10.54242992401123,75800
2000-07-24,31.5,31.5,30.25,30.8125,10.271581649780273,224700
2000-07-25,30.3125,31.75,30.3125,31.6875,10.56326675415039,369600
2000-07-26,32.25,33.5,32.0625,33.5,11.167482376098633,642600
2000-07-27,33.25,33.5,32.5,33.25,11.084136962890625,245400
2000-07-28,33.125,33.1875,32.125,32.125,10.709108352661133,131200
2000-07-31,32.125,32.75,31.375,32.0,10.667442321777344,224100
2000-08-01,32.0,32.8125,31.8125,32.8125,10.93829345703125,235600
2000-08-02,32.6875,33.125,32.625,32.875,10.959132194519043,107200
2000-08-03,32.625,33.25,32.375,32.875,10.959132194519043,149000
2000-08-04,32.9375,33.0,32.5,32.75,10.917460441589355,89300
2000-08-07,32.6875,34.0,32.5625,33.9375,11.313325881958008,376500
2000-08-08,33.9375,33.9375,33.4375,33.75,11.25082015991211,110400
2000-08-09,33.875,34.5,33.0625,33.09375,11.03205394744873,197000
2000-08-10,33.1875,34.375,32.6875,32.84375,10.948711395263672,291500
2000-08-11,33.0625,33.5,33.0,33.5,11.167482376098633,451700
2000-08-14,33.625,34.8125,33.5,34.375,11.45916748046875,633600
2000-08-15,34.5,35.875,34.375,35.53125,11.844613075256348,545200
2000-08-16,36.0,37.1875,36.0,36.65625,12.219640731811523,706700
2000-08-17,36.6875,37.1875,36.6875,36.78125,12.261307716369629,364700
2000-08-18,36.25,37.25,36.25,37.03125,12.344645500183105,359600
2000-08-21,36.3125,37.4375,36.3125,37.21875,12.407154083251953,384000
2000-08-22,37.6875,38.4375,37.5625,38.28125,12.76134204864502,311200
2000-08-23,38.25,38.3125,37.375,37.71875,12.610065460205078,679800
2000-08-24,37.75,37.75,36.9375,37.4375,12.516036033630371,284400
2000-08-25,37.4375,38.3125,37.3125,37.6875,12.599611282348633,449200
2000-08-28,37.5,37.8125,37.375,37.40625,12.505587577819824,359200
2000-08-29,37.3125,37.3125,36.9375,37.03125,12.380221366882324,336600
2000-08-30,36.9375,37.25,36.875,36.9375,12.348876953125,102900
2000-08-31,36.875,37.1875,36.625,37.0,12.369775772094727,339600
2000-09-01,36.8125,36.9375,36.75,36.8125,12.307090759277344,139600
2000-09-05,36.9375,36.9375,36.5625,36.9375,12.348876953125,269000
2000-09-06,37.0,37.25,36.875,37.0,12.369775772094727,651700
2000-09-07,36.9375,37.1875,36.75,36.875,12.327982902526855,267200
2000-09-08,36.875,36.875,34.9375,35.25,11.784719467163086,344500
2000-09-11,35.0,36.0625,34.5,35.8125,11.97276782989502,454100
2000-09-12,35.5,35.5,34.0,34.5,11.533976554870605,296100
2000-09-13,34.6875,35.0,34.5625,34.625,11.575766563415527,141600
2000-09-14,34.5,35.0,33.5625,33.875,11.325031280517578,209000
2000-09-15,33.0,33.875,32.9375,32.9375,11.011609077453613,393400
2000-09-18,33.0625,33.0625,30.9375,30.9375,10.342967987060547,553000
2000-09-19,30.9375,30.9375,30.375,30.625,10.238495826721191,413700
2000-09-20,31.0625,31.6875,31.0,31.5,10.531023979187012,361600
2000-09-21,30.5,31.375,30.375,30.375,10.154914855957031,291100
2000-09-22,29.125,29.5625,29.125,29.375,9.820597648620605,411300
2000-09-25,29.8125,30.375,29.8125,30.0,10.029541969299316,550700
2000-09-26,29.875,29.9375,28.875,29.625,9.90417766571045,231000
2000-09-27,29.625,31.25,29.625,30.9375,10.342967987060547,396400
2000-09-28,31.0,31.75,30.5,31.6875,10.593708992004395,245600
2000-09-29,31.5,32.0,31.1875,31.6875,10.593708992004395,706400
2000-10-02,18.375,19.3125,18.375,18.9375,11.008170127868652,714700
2000-10-03,19.0,20.0,19.0,19.5625,11.371477127075195,764800
2000-10-04,20.0625,20.1875,19.375,19.4375,11.298811912536621,1237600
2000-10-05,19.625,19.875,19.0,19.25,11.18981647491455,417800
2000-10-06,19.375,19.6875,19.1875,19.3125,11.226153373718262,360100
2000-10-09,19.3125,19.75,19.0625,19.375,11.262484550476074,311800
2000-10-10,19.375,19.6875,19.3125,19.6875,11.444136619567871,334800
2000-10-11,19.5625,19.5625,19.375,19.5,11.3351411819458,694200
2000-10-12,19.625,19.625,18.8125,19.0625,11.080833435058594,415200
2000-10-13,19.125,19.125,18.4375,18.8125,10.93550968170166,354400
2000-10-16,18.875,19.5625,18.75,19.1875,11.153491973876953,240200
2000-10-17,19.4375,19.5,19.1875,19.3125,11.226153373718262,335400
2000-10-18,19.0,19.3125,19.0,19.3125,11.226153373718262,434400
2000-10-19,19.3125,19.5625,19.3125,19.4375,11.298811912536621,158700
2000-10-20,19.5,19.6875,19.1875,19.625,11.407804489135742,341000
2000-10-23,19.625,19.75,19.4375,19.5,11.3351411819458,225700
2000-10-24,19.25,19.8125,19.25,19.75,11.480463981628418,439400
2000-10-25,19.75,19.75,18.1875,18.5625,10.790181159973145,1820600
2000-10-26,18.75,20.125,18.75,19.8125,11.516793251037598,721700
2000-10-27,19.875,21.0,19.4375,20.875,12.134417533874512,1208500
2000-10-30,21.0,22.0,21.0,21.5,12.497725486755371,582000
2000-10-31,21.875,22.125,21.5,22.0,12.788372039794922,510600
2000-11-01,22.0,22.5,21.8125,22.5,13.079010009765625,465700
2000-11-02,22.3125,23.1875,22.3125,23.0,13.36965274810791,499400
2000-11-03,23.125,23.1875,22.75,23.0625,13.40599250793457,362700
2000-11-06,23.0625,23.1875,22.8125,23.0,13.36965274810791,81100
2000-11-07,23.0625,23.3125,22.75,22.9375,13.333327293395996,420300
2000-11-08,22.9375,23.4375,22.9375,23.1875,13.478652954101562,230100
2000-11-09,23.1875,23.375,22.375,23.375,13.587646484375,225700
2000-11-10,23.1875,23.5,22.625,22.75,13.224328994750977,216100
2000-11-13,22.5,23.4375,22.375,23.375,13.587646484375,265800
2000-11-14,23.375,23.6875,23.25,23.5625,13.69662857055664,358400
2000-11-15,23.5,25.0,23.5,24.375,14.168927192687988,351500
2000-11-16,24.5,24.6875,24.25,24.6875,14.350584030151367,277500
2000-11-17,24.5,25.5,24.0625,24.125,14.023608207702637,237500
2000-11-20,24.25,24.6875,24.0625,24.5625,14.277913093566895,185900
2000-11-21,24.625,25.3125,24.625,25.125,14.67060375213623,197800
2000-11-22,24.875,24.9375,22.0,22.75,13.283820152282715,619800
2000-11-24,23.25,24.0625,23.25,24.0,14.013701438903809,130900
2000-11-27,24.25,24.25,23.1875,23.25,13.575774192810059,372900
2000-11-28,23.75,24.5,23.25,23.6875,13.831231117248535,557900
2000-11-29,23.5,24.8125,23.5,24.375,14.232666969299316,313200
2000-11-30,23.875,24.6875,23.8125,24.4375,14.2691650390625,299300
2000-12-01,24.25,24.8125,24.25,24.4375,14.2691650390625,273200
2000-12-04,24.4375,25.5,24.375,25.5,14.889554977416992,248800
2000-12-05,25.75,25.9375,25.1875,25.9375,15.145015716552734,184800
2000-12-06,25.9375,25.9375,25.1875,25.375,14.81657886505127,86400
2000-12-07,25.5,25.5,24.75,24.875,14.524620056152344,146900
2000-12-08,24.875,25.1875,24.5,25.125,14.67060375213623,227900
2000-12-11,25.125,25.6875,24.9375,25.6875,14.999044418334961,244800
2000-12-12,25.625,25.625,24.5625,24.8125,14.488122940063477,177500
2000-12-13,24.875,24.875,24.1875,24.5,14.305654525756836,164200
2000-12-14,24.4375,25.0,24.375,24.625,14.378646850585938,332200
2000-12-15,24.5,24.75,24.3125,24.375,14.232666969299316,370800
2000-12-18,23.25,24.625,23.25,24.5625,14.342141151428223,385800
2000-12-19,24.9375,25.4375,24.6875,25.0,14.597609519958496,336100
2000-12-20,24.5,25.1875,24.25,25.0,14.597609519958496,301800
2000-12-21,25.25,25.375,24.6875,24.875,14.524620056152344,347200
2000-12-22,25.125,25.5,24.875,25.1875,14.707093238830566,290700
2000-12-26,25.125,25.375,24.6875,25.375,14.81657886505127,135000
2000-12-27,25.5625,26.125,25.25,26.125,15.254499435424805,122700
2000-12-28,26.3125,27.0,25.4375,26.75,15.619447708129883,185300
2000-12-29,26.875,26.875,26.3125,26.375,15.40047550201416,107500
2001-01-02,26.0,26.0,24.75,25.125,14.67060375213623,190900
2001-01-03,25.25,26.125,24.5625,25.875,15.108522415161133,372800
2001-01-04,25.75,26.3125,25.3125,25.75,15.035531044006348,195600
2001-01-05,25.75,25.75,24.4375,25.25,14.743586540222168,429100
2001-01-08,25.25,25.8125,25.0,25.6875,14.999044418334961,184300
2001-01-09,26.125,26.125,24.6875,25.75,15.035531044006348,222600
2001-01-10,25.75,26.375,25.25,26.125,15.254499435424805,281500
2001-01-11,26.3125,26.375,25.9375,26.125,15.254499435424805,198800
2001-01-12,26.3125,26.4375,25.9375,26.375,15.40047550201416,233200
2001-01-16,26.3125,27.1875,26.0625,26.9375,15.72892951965332,215400
2001-01-17,27.125,27.4375,26.625,27.0625,15.801913261413574,250400
2001-01-18,27.3125,27.3125,26.5625,27.125,15.83840560913086,131900
2001-01-19,27.125,27.125,26.625,27.0,15.765425682067871,116900
2001-01-22,26.5,27.375,25.875,27.0,15.765425682067871,275400
2001-01-23,27.1875,27.5,26.9375,27.5,16.057374954223633,176000
2001-01-24,27.6875,27.6875,27.0,27.25,15.911392211914062,137400
2001-01-25,26.5,27.25,26.0,26.0625,15.218015670776367,405800
2001-01-26,25.875,29.125,25.875,28.8125,16.8237361907959,914600
2001-01-29,30.0,32.41999816894531,30.0,31.90999984741211,18.63239097595215,708500
2001-01-30,32.0,32.5,31.600000381469727,32.0,18.6849422454834,506100
2001-01-31,32.0,32.439998626708984,31.360000610351562,32.25,18.830917358398438,585000
2001-02-01,32.25,32.40999984741211,31.600000381469727,32.40999984741211,18.92434310913086,321100
2001-02-02,32.15999984741211,33.5,31.959999084472656,33.18000030517578,19.373950958251953,259100
2001-02-05,33.099998474121094,34.0,32.13999938964844,33.0,19.26884651184082,449300
2001-02-06,33.40999984741211,33.90999984741211,32.75,33.65999984741211,19.65422248840332,291700
2001-02-07,33.65999984741211,33.9900016784668,33.2599983215332,33.849998474121094,19.76515769958496,368000
2001-02-08,35.5,36.0,34.22999954223633,35.0099983215332,20.442495346069336,474100
2001-02-09,35.0099983215332,36.29999923706055,34.18000030517578,35.61000061035156,20.792837142944336,282400
2001-02-12,35.86000061035156,36.5,35.099998474121094,36.220001220703125,21.149009704589844,291800
2001-02-13,36.689998626708984,38.70000076293945,36.54999923706055,38.33000183105469,22.381059646606445,703700
2001-02-14,38.08000183105469,38.09000015258789,36.54999923706055,37.540000915527344,21.919782638549805,382100
2001-02-15,37.540000915527344,39.5,37.5,39.400001525878906,23.005834579467773,453500
2001-02-16,38.90999984741211,39.099998474121094,37.70000076293945,38.20000076293945,22.305139541625977,654300
2001-02-20,38.0,38.0,35.400001525878906,35.68000030517578,20.83370590209961,481800
2001-02-21,35.0,35.29999923706055,33.56999969482422,34.25,20.06056785583496,915400
2001-02-22,34.349998474121094,35.04999923706055,34.349998474121094,34.9900016784668,20.494001388549805,980700
2001-02-23,34.9900016784668,34.9900016784668,33.25,34.0,19.914146423339844,366700
2001-02-26,34.099998474121094,36.0,34.099998474121094,35.90999984741211,21.032855987548828,310200
2001-02-27,35.90999984741211,35.90999984741211,34.650001525878906,34.900001525878906,20.4412784576416,516200
2001-02-28,34.900001525878906,35.189998626708984,33.900001525878906,34.290000915527344,20.08399200439453,349000
2001-03-01,34.290000915527344,34.290000915527344,33.599998474121094,33.959999084472656,19.890710830688477,323500
2001-03-02,33.709999084472656,34.04999923706055,33.290000915527344,33.459999084472656,19.597858428955078,505900
2001-03-05,33.61000061035156,34.189998626708984,33.61000061035156,34.130001068115234,19.990280151367188,207100
2001-03-06,33.880001068115234,34.189998626708984,33.70000076293945,34.130001068115234,19.990280151367188,232900
2001-03-07,34.150001525878906,34.400001525878906,33.93000030517578,34.349998474121094,20.119142532348633,437700
2001-03-08,34.099998474121094,34.29999923706055,33.58000183105469,34.13999938964844,19.996139526367188,273200
2001-03-09,34.150001525878906,34.150001525878906,33.709999084472656,33.83000183105469,19.814571380615234,220000
2001-03-12,33.97999954223633,34.0,32.63999938964844,32.63999938964844,19.117576599121094,172600
2001-03-13,32.650001525878906,32.650001525878906,30.510000228881836,31.25,18.30344581604004,512300
2001-03-14,30.399999618530273,31.940000534057617,30.399999618530273,31.760000228881836,18.602155685424805,416500
2001-03-15,31.649999618530273,31.799999237060547,30.899999618530273,31.100000381469727,18.215585708618164,321300
2001-03-16,31.110000610351562,31.670000076293945,30.520000457763672,30.59000015258789,17.91687774658203,420900
2001-03-19,30.790000915527344,31.100000381469727,30.489999771118164,30.6299991607666,17.940298080444336,341600
2001-03-20,30.649999618530273,32.54999923706055,30.190000534057617,30.850000381469727,18.069156646728516,337300
2001-03-21,30.5,30.5,30.0,30.329999923706055,17.764583587646484,258600
2001-03-22,30.299999237060547,30.309999465942383,29.100000381469727,29.850000381469727,17.483444213867188,662000
2001-03-23,29.850000381469727,29.950000762939453,29.299999237060547,29.860000610351562,17.489301681518555,493900
2001-03-26,29.899999618530273,31.559999465942383,29.899999618530273,30.90999984741211,18.104293823242188,205000
2001-03-27,30.75,31.1200008392334,30.200000762939453,31.1200008392334,18.227285385131836,187500
2001-03-28,31.079999923706055,31.65999984741211,30.549999237060547,31.520000457763672,18.461589813232422,157600
2001-03-29,31.450000762939453,32.36000061035156,30.8799991607666,31.010000228881836,18.16286277770996,502400
2001-03-30,31.15999984741211,32.349998474121094,31.15999984741211,31.5,18.449872970581055,345700
2001-04-02,31.950000762939453,32.7599983215332,31.790000915527344,32.18000030517578,18.848148345947266,511700
2001-04-03,32.150001525878906,32.150001525878906,30.899999618530273,31.399999618530273,18.39129066467285,330800
2001-04-04,31.350000381469727,32.20000076293945,31.350000381469727,31.6299991607666,18.526010513305664,209900
2001-04-05,31.760000228881836,32.75,31.75,32.75,19.18199920654297,155300
2001-04-06,32.75,32.75,31.579999923706055,32.099998474121094,18.80129623413086,150000
2001-04-09,32.099998474121094,32.97999954223633,31.530000686645508,32.0,18.742727279663086,287000
2001-04-10,32.060001373291016,34.0,32.060001373291016,33.86000061035156,19.8321475982666,221100
2001-04-11,33.86000061035156,33.86000061035156,32.65999984741211,33.099998474121094,19.387004852294922,156400
2001-04-12,33.16999816894531,34.0,32.45000076293945,33.4900016784668,19.615432739257812,234600
2001-04-16,33.38999938964844,34.20000076293945,32.849998474121094,33.20000076293945,19.44557762145996,216800
2001-04-17,33.150001525878906,33.61000061035156,32.650001525878906,33.47999954223633,19.609573364257812,148400
2001-04-18,33.47999954223633,35.439998626708984,32.900001525878906,35.38999938964844,20.7282772064209,460400
2001-04-19,35.29999923706055,35.29999923706055,34.36000061035156,35.130001068115234,20.57599449157715,274700
2001-04-20,35.029998779296875,35.41999816894531,34.279998779296875,34.970001220703125,20.482282638549805,295900
2001-04-23,35.0,35.27000045776367,34.099998474121094,34.25,20.06056785583496,184300
2001-04-24,34.25,34.650001525878906,34.130001068115234,34.40999984741211,20.154287338256836,155500
2001-04-25,34.209999084472656,34.209999084472656,33.349998474121094,33.54999923706055,19.650571823120117,232900
2001-04-26,33.54999923706055,33.54999923706055,32.88999938964844,33.369998931884766,19.545146942138672,389900
2001-04-27,33.45000076293945,33.68000030517578,32.869998931884766,33.599998474121094,19.679851531982422,452400
2001-04-30,33.5,33.5,32.369998931884766,32.5099983215332,19.041431427001953,544200
2001-05-01,32.52000045776367,33.43000030517578,32.52000045776367,33.29999923706055,19.504140853881836,489200
2001-05-02,33.310001373291016,33.540000915527344,32.25,33.459999084472656,19.597858428955078,578300
2001-05-03,33.470001220703125,33.83000183105469,32.79999923706055,33.650001525878906,19.70914077758789,297700
2001-05-04,33.599998474121094,35.0,33.5,35.0,20.499849319458008,239000
2001-05-07,34.95000076293945,34.9900016784668,34.189998626708984,34.290000915527344,20.08399200439453,207000
2001-05-08,34.38999938964844,34.72999954223633,34.189998626708984,34.189998626708984,20.025434494018555,206600
2001-05-09,33.939998626708984,34.939998626708984,33.939998626708984,34.81999969482422,20.394426345825195,283500
2001-05-10,34.900001525878906,34.9900016784668,34.77000045776367,34.869998931884766,20.423709869384766,89100
2001-05-11,34.9900016784668,34.9900016784668,33.81999969482422,34.06999969482422,19.955141067504883,268700
2001-05-14,34.06999969482422,34.38999938964844,33.97999954223633,34.189998626708984,20.025434494018555,300600
2001-05-15,34.43000030517578,36.099998474121094,34.43000030517578,36.099998474121094,21.144140243530273,290300
2001-05-16,36.0,37.34000015258789,35.95000076293945,37.279998779296875,21.835268020629883,419400
2001-05-17,37.279998779296875,37.75,36.959999084472656,37.29999923706055,21.84699058532715,456300
2001-05-18,37.0,37.209999084472656,36.900001525878906,37.130001068115234,21.74741554260254,142300
2001-05-21,37.130001068115234,38.20000076293945,37.0,38.20000076293945,22.374120712280273,246300
2001-05-22,37.900001525878906,38.290000915527344,37.25,37.81999969482422,22.15155601501465,314600
2001-05-23,37.75,38.29999923706055,37.220001220703125,37.31999969482422,21.934097290039062,583800
2001-05-24,37.220001220703125,37.54999923706055,37.220001220703125,37.52000045776367,22.0516414642334,311400
2001-05-25,37.5,37.93000030517578,37.5,37.5099983215332,22.045764923095703,148300
2001-05-29,37.61000061035156,38.369998931884766,37.61000061035156,37.900001525878906,22.274980545043945,345400
2001-05-30,37.79999923706055,37.79999923706055,37.15999984741211,37.27000045776367,21.904701232910156,363300
2001-05-31,37.150001525878906,37.79999923706055,37.150001525878906,37.5099983215332,22.045764923095703,305100
2001-06-01,37.709999084472656,37.709999084472656,37.0,37.400001525878906,21.98111343383789,352700
2001-06-04,37.5,37.95000076293945,37.5,37.75,22.186813354492188,385600
2001-06-05,37.900001525878906,38.9900016784668,37.08000183105469,38.22999954223633,22.46892547607422,398800
2001-06-06,38.29999923706055,38.849998474121094,37.900001525878906,38.040000915527344,22.35725975036621,154000
2001-06-07,37.75,38.880001068115234,37.75,38.5,22.627614974975586,310400
2001-06-08,38.25,38.56999969482422,38.20000076293945,38.2599983215332,22.48655891418457,70700
2001-06-11,38.20000076293945,38.2400016784668,37.9900016784668,38.2400016784668,22.47480583190918,208100
2001-06-12,38.02000045776367,38.02000045776367,37.33000183105469,37.689998626708984,22.15155601501465,336600
2001-06-13,37.47999954223633,38.45000076293945,37.47999954223633,37.849998474121094,22.245590209960938,162100
2001-06-14,37.79999923706055,37.900001525878906,37.31999969482422,37.5,22.03989028930664,248800
2001-06-15,37.25,37.810001373291016,37.220001220703125,37.45000076293945,22.010501861572266,243600
2001-06-18,37.400001525878906,37.400001525878906,36.599998474121094,37.04999923706055,21.775415420532227,363000
2001-06-19,36.849998474121094,37.5,36.849998474121094,37.41999816894531,21.992877960205078,155200
2001-06-20,37.220001220703125,38.7400016784668,37.220001220703125,38.7400016784668,22.768672943115234,257700
2001-06-21,38.7400016784668,38.7400016784668,37.25,37.5,22.03989028930664,225700
2001-06-22,37.5099983215332,37.810001373291016,36.540000915527344,36.619998931884766,21.52267837524414,412900
2001-06-25,36.54999923706055,36.689998626708984,35.97999954223633,35.97999954223633,21.14653778076172,241600
2001-06-26,35.9900016784668,36.15999984741211,35.59000015258789,35.939998626708984,21.12302589416504,533000
2001-06-27,35.939998626708984,36.70000076293945,35.90999984741211,36.349998474121094,21.36399269104004,141300
2001-06-28,36.400001525878906,36.400001525878906,35.779998779296875,35.970001220703125,21.140663146972656,277900
2001-06-29,36.099998474121094,36.150001525878906,35.900001525878906,36.02000045776367,21.170045852661133,268900
2001-07-02,36.099998474121094,36.20000076293945,35.599998474121094,35.9900016784668,21.15242576599121,238500
2001-07-03,36.0,36.0,35.540000915527344,35.81999969482422,21.052507400512695,127600
2001-07-05,35.95000076293945,36.29999923706055,35.900001525878906,36.20000076293945,21.275842666625977,172100
2001-07-06,36.099998474121094,36.150001525878906,35.5,35.54999923706055,20.893814086914062,146300
2001-07-09,35.5,35.79999923706055,35.349998474121094,35.4900016784668,20.858543395996094,192700
2001-07-10,35.25,35.5099983215332,35.099998474121094,35.29999923706055,20.746875762939453,161500
2001-07-11,35.29999923706055,36.0,35.06999969482422,35.54999923706055,20.893814086914062,188600
2001-07-12,35.650001525878906,36.29999923706055,35.5099983215332,36.29999923706055,21.33460807800293,153400
2001-07-13,36.29999923706055,36.29999923706055,35.369998931884766,35.79999923706055,21.04073715209961,175300
2001-07-16,35.900001525878906,36.0,35.599998474121094,35.599998474121094,20.923200607299805,74400
2001-07-17,35.54999923706055,36.0,35.45000076293945,36.0,21.158288955688477,87100
2001-07-18,36.099998474121094,36.099998474121094,35.650001525878906,35.900001525878906,21.099517822265625,119300
2001-07-19,36.0,36.310001373291016,35.79999923706055,36.0,21.158288955688477,43200
2001-07-20,36.04999923706055,36.04999923706055,35.5,35.779998779296875,21.028987884521484,113100
2001-07-23,35.849998474121094,35.88999938964844,35.02000045776367,35.220001220703125,20.69986343383789,89300
2001-07-24,35.04999923706055,35.560001373291016,34.779998779296875,34.869998931884766,20.49415397644043,223000
2001-07-25,34.779998779296875,36.0,34.779998779296875,35.9900016784668,21.15242576599121,136000
2001-07-26,36.099998474121094,36.47999954223633,35.5,36.400001525878906,21.393383026123047,156700
2001-07-27,36.349998474121094,37.0,36.20000076293945,36.79999923706055,21.628477096557617,223900
2001-07-30,36.810001373291016,36.95000076293945,36.400001525878906,36.709999084472656,21.575576782226562,143000
2001-07-31,36.959999084472656,37.900001525878906,36.959999084472656,37.310001373291016,21.928220748901367,108200
2001-08-01,37.310001373291016,38.150001525878906,37.13999938964844,38.150001525878906,22.42192268371582,187400
2001-08-02,38.5,38.59000015258789,37.900001525878906,38.0,22.33375358581543,117500
2001-08-03,38.20000076293945,38.20000076293945,37.900001525878906,38.150001525878906,22.42192268371582,96300
2001-08-06,38.52000045776367,38.52000045776367,38.0,38.099998474121094,22.392520904541016,81200
2001-08-07,38.29999923706055,38.47999954223633,38.150001525878906,38.36000061035156,22.54533576965332,113100
2001-08-08,38.5,38.540000915527344,37.79999923706055,37.86000061035156,22.25146484375,121700
2001-08-09,37.900001525878906,38.349998474121094,37.70000076293945,38.16999816894531,22.43366241455078,122500
2001-08-10,38.25,39.04999923706055,38.0,38.91999816894531,22.87446403503418,88100
2001-08-13,38.93000030517578,39.439998626708984,38.33000183105469,39.279998779296875,23.086050033569336,117500
2001-08-14,39.45000076293945,40.279998779296875,39.45000076293945,39.970001220703125,23.491579055786133,206400
2001-08-15,39.97999954223633,40.310001373291016,39.16999816894531,39.25,23.06842041015625,100100
2001-08-16,39.400001525878906,39.849998474121094,38.70000076293945,39.79999923706055,23.391658782958984,95100
2001-08-17,39.810001373291016,40.04999923706055,39.29999923706055,39.400001525878906,23.15656852722168,89800
2001-08-20,39.150001525878906,39.400001525878906,38.689998626708984,39.06999969482422,22.962621688842773,209400
2001-08-21,38.849998474121094,39.45000076293945,38.7400016784668,38.900001525878906,22.86270523071289,310700
2001-08-22,38.75,39.29999923706055,38.349998474121094,39.0,22.921480178833008,258600
2001-08-23,39.099998474121094,39.2400016784668,39.0,39.0,22.921480178833008,174200
2001-08-24,39.20000076293945,39.459999084472656,38.95000076293945,39.400001525878906,23.15656852722168,228300
2001-08-27,39.400001525878906,39.47999954223633,39.2599983215332,39.2599983215332,23.074289321899414,202200
2001-08-28,39.2599983215332,39.349998474121094,39.0,39.220001220703125,23.050783157348633,196000
2001-08-29,39.09000015258789,39.5,39.04999923706055,39.45000076293945,23.26306915283203,135300
2001-08-30,39.45000076293945,39.90999984741211,39.34000015258789,39.70000076293945,23.410493850708008,141800
2001-08-31,39.70000076293945,40.54999923706055,39.68000030517578,40.369998931884766,23.80557632446289,197500
2001-09-04,40.77000045776367,41.599998474121094,40.66999816894531,41.349998474121094,24.383468627929688,528000
2001-09-05,41.349998474121094,41.5,40.65999984741211,40.7599983215332,24.035558700561523,345200
2001-09-06,40.7599983215332,40.95000076293945,40.5,40.61000061035156,23.94709587097168,305900
2001-09-07,40.5099983215332,40.5099983215332,38.599998474121094,39.0099983215332,23.003604888916016,334200
2001-09-10,38.70000076293945,39.779998779296875,38.70000076293945,39.400001525878906,23.233592987060547,497800
2001-09-17,38.70000076293945,38.79999923706055,38.04999923706055,38.459999084472656,22.67928695678711,365600
2001-09-18,38.45000076293945,38.95000076293945,37.029998779296875,37.040000915527344,21.84193229675293,268200
2001-09-19,37.20000076293945,37.810001373291016,33.650001525878906,35.0,20.638967514038086,423000
2001-09-20,34.95000076293945,35.25,34.099998474121094,35.099998474121094,20.697938919067383,396200
2001-09-21,35.099998474121094,35.099998474121094,33.75,34.900001525878906,20.57999610900879,346700
2001-09-24,35.75,37.2400016784668,35.720001220703125,37.06999969482422,21.859609603881836,242900
2001-09-25,37.0,37.25,36.25,36.75,21.670915603637695,229800
2001-09-26,36.7599983215332,36.7599983215332,36.099998474121094,36.459999084472656,21.499908447265625,105600
2001-09-27,36.650001525878906,38.29999923706055,36.459999084472656,38.099998474121094,22.46698760986328,302000
2001-09-28,38.29999923706055,40.08000183105469,38.29999923706055,39.900001525878906,23.528423309326172,397800
2001-10-01,39.70000076293945,39.709999084472656,38.099998474121094,38.47999954223633,22.691072463989258,530100
2001-10-02,38.68000030517578,39.220001220703125,38.150001525878906,38.349998474121094,22.614416122436523,311100
2001-10-03,38.54999923706055,39.599998474121094,37.900001525878906,39.36000061035156,23.209999084472656,254200
2001-10-04,39.86000061035156,39.86000061035156,38.25,38.939998626708984,22.962329864501953,248000
2001-10-05,38.95000076293945,39.7400016784668,38.599998474121094,39.380001068115234,23.22178840637207,229500
2001-10-08,39.349998474121094,39.349998474121094,38.27000045776367,38.45000076293945,22.673385620117188,164200
2001-10-09,38.29999923706055,39.099998474121094,38.04999923706055,38.900001525878906,22.938745498657227,251500
2001-10-10,39.150001525878906,40.0,38.900001525878906,39.900001525878906,23.528423309326172,148800
2001-10-11,39.849998474121094,40.900001525878906,39.849998474121094,40.880001068115234,24.106304168701172,269000
2001-10-12,40.90999984741211,41.099998474121094,40.25,40.70000076293945,24.000165939331055,224000
2001-10-15,40.599998474121094,41.150001525878906,39.880001068115234,39.880001068115234,23.516632080078125,221400
2001-10-16,39.97999954223633,40.5,39.209999084472656,39.86000061035156,23.504840850830078,251700
2001-10-17,40.400001525878906,40.40999984741211,38.599998474121094,39.150001525878906,23.08616828918457,236500
2001-10-18,39.400001525878906,40.099998474121094,38.72999954223633,39.20000076293945,23.115646362304688,317900
2001-10-19,39.349998474121094,40.09000015258789,39.29999923706055,39.81999969482422,23.481250762939453,165700
2001-10-22,39.97999954223633,41.400001525878906,39.81999969482422,41.060001373291016,24.212459564208984,267500
2001-10-23,41.45000076293945,42.2400016784668,40.81999969482422,41.869998931884766,24.690109252929688,597500
2001-10-24,41.900001525878906,42.099998474121094,41.0,41.400001525878906,24.41295623779297,273200
2001-10-25,41.29999923706055,41.29999923706055,31.0,33.91999816894531,20.002113342285156,4347600
2001-10-26,33.91999816894531,34.900001525878906,32.0,34.470001220703125,20.326433181762695,892100
2001-10-29,34.810001373291016,35.0,34.0,34.369998931884766,20.267471313476562,372700
2001-10-30,34.220001220703125,34.220001220703125,32.79999923706055,33.099998474121094,19.518564224243164,408700
2001-10-31,33.70000076293945,33.79999923706055,32.54999923706055,33.5,19.75445556640625,423100
2001-11-01,33.75,34.04999923706055,33.400001525878906,33.650001525878906,19.842897415161133,310400
2001-11-02,33.54999923706055,33.9900016784668,33.470001220703125,33.68000030517578,19.86058807373047,187000
2001-11-05,33.70000076293945,34.040000915527344,33.47999954223633,33.97999954223633,20.037494659423828,276800
2001-11-06,33.9900016784668,34.099998474121094,33.720001220703125,34.060001373291016,20.084665298461914,230100
2001-11-07,34.0,34.5,33.95000076293945,34.220001220703125,20.17902183532715,215200
2001-11-08,34.29999923706055,34.66999816894531,33.599998474121094,33.599998474121094,19.813417434692383,243000
2001-11-09,33.599998474121094,34.08000183105469,33.599998474121094,34.0,20.04929542541504,147700
2001-11-12,34.0,34.099998474121094,33.5099983215332,33.97999954223633,20.037494659423828,204000
2001-11-13,34.20000076293945,34.400001525878906,33.90999984741211,34.29999923706055,20.226186752319336,286800
2001-11-14,33.900001525878906,35.0,33.900001525878906,34.900001525878906,20.57999610900879,529500
2001-11-15,34.90999984741211,35.54999923706055,34.79999923706055,35.02000045776367,20.650766372680664,234800
2001-11-16,35.099998474121094,35.439998626708984,34.5,35.29999923706055,20.81587791442871,202700
2001-11-19,35.54999923706055,36.470001220703125,35.52000045776367,36.45000076293945,21.494007110595703,197100
2001-11-20,36.45000076293945,37.2599983215332,36.08000183105469,36.84000015258789,21.723983764648438,305400
2001-11-21,36.70000076293945,36.90999984741211,36.20000076293945,36.849998474121094,21.729887008666992,471300
2001-11-23,36.900001525878906,36.9900016784668,36.75,36.97999954223633,21.806547164916992,36100
2001-11-26,36.9900016784668,36.9900016784668,36.36000061035156,36.79999923706055,21.700397491455078,89400
2001-11-27,36.79999923706055,37.29999923706055,36.72999954223633,37.060001373291016,21.853723526000977,126200
2001-11-28,36.79999923706055,36.79999923706055,36.11000061035156,36.369998931884766,21.522336959838867,120700
2001-11-29,36.369998931884766,37.08000183105469,36.099998474121094,36.45000076293945,21.56967544555664,240200
2001-11-30,36.599998474121094,37.5099983215332,36.119998931884766,36.310001373291016,21.486839294433594,258400
2001-12-03,36.400001525878906,36.400001525878906,35.5,36.02000045776367,21.31522560119629,133100
2001-12-04,36.150001525878906,36.34000015258789,35.72999954223633,36.189998626708984,21.41581916809082,277200
2001-12-05,36.439998626708984,38.849998474121094,36.439998626708984,38.459999084472656,22.759122848510742,294600
2001-12-06,38.5,38.59000015258789,37.79999923706055,38.0,22.486902236938477,211800
2001-12-07,37.849998474121094,38.150001525878906,37.400001525878906,38.09000015258789,22.540163040161133,145400
2001-12-10,38.09000015258789,38.09000015258789,37.04999923706055,37.560001373291016,22.226531982421875,238900
2001-12-11,37.5,37.599998474121094,37.29999923706055,37.41999816894531,22.143688201904297,184600
2001-12-12,37.43000030517578,37.47999954223633,36.79999923706055,36.79999923706055,21.776784896850586,279700
2001-12-13,36.849998474121094,37.04999923706055,36.0,36.0099983215332,21.30929946899414,240700
2001-12-14,36.02000045776367,36.349998474121094,35.849998474121094,35.849998474121094,21.214611053466797,282500
2001-12-17,35.849998474121094,36.290000915527344,35.400001525878906,36.290000915527344,21.474992752075195,254200
2001-12-18,36.29999923706055,36.650001525878906,35.900001525878906,36.27000045776367,21.463153839111328,215500
2001-12-19,36.20000076293945,36.22999954223633,35.52000045776367,35.83000183105469,21.202781677246094,180100
2001-12-20,35.79999923706055,36.25,35.25,35.29999923706055,20.889156341552734,165700
2001-12-21,35.04999923706055,35.29999923706055,34.70000076293945,34.70000076293945,20.534101486206055,284600
2001-12-24,34.75,35.08000183105469,34.5,34.79999923706055,20.59326934814453,130500
2001-12-26,34.900001525878906,35.09000015258789,34.36000061035156,34.58000183105469,20.463090896606445,185500
2001-12-27,34.75,35.25,34.7400016784668,35.099998474121094,20.770797729492188,222800
2001-12-28,35.20000076293945,35.33000183105469,35.029998779296875,35.220001220703125,20.84181022644043,109800
2001-12-31,35.20000076293945,35.7599983215332,35.02000045776367,35.70000076293945,21.1258602142334,229100
2002-01-02,35.72999954223633,35.79999923706055,34.650001525878906,35.04999923706055,20.7412166595459,226200
2002-01-03,34.95000076293945,36.09000015258789,34.79999923706055,35.68000030517578,21.114011764526367,468700
2002-01-04,35.880001068115234,36.290000915527344,35.880001068115234,36.27000045776367,21.463153839111328,137200
2002-01-07,36.20000076293945,36.22999954223633,35.7599983215332,35.849998474121094,21.214611053466797,236200
2002-01-08,35.849998474121094,35.849998474121094,35.22999954223633,35.400001525878906,20.948326110839844,236600
2002-01-09,35.400001525878906,35.599998474121094,34.70000076293945,35.0,20.711624145507812,353500
2002-01-10,35.0,35.099998474121094,33.900001525878906,34.279998779296875,20.28555679321289,212400
2002-01-11,34.25,34.25,32.720001220703125,33.040000915527344,19.55176544189453,585200
2002-01-14,33.290000915527344,33.33000183105469,31.75,31.989999771118164,18.9304256439209,428500
2002-01-15,31.989999771118164,32.04999923706055,30.690000534057617,31.25,18.492517471313477,812700
2002-01-16,30.899999618530273,31.219999313354492,30.600000381469727,31.09000015258789,18.397829055786133,388200
2002-01-17,31.149999618530273,31.649999618530273,30.700000762939453,31.600000381469727,18.69963836669922,599900
2002-01-18,31.399999618530273,31.8700008392334,31.299999237060547,31.770000457763672,18.80023765563965,445200
2002-01-22,32.900001525878906,33.0,31.270000457763672,31.450000762939453,18.61087417602539,297800
2002-01-23,31.700000762939453,31.899999618530273,31.459999084472656,31.899999618530273,18.877164840698242,269000
2002-01-24,32.0,32.77000045776367,31.920000076293945,32.599998474121094,19.291397094726562,428600
2002-01-25,33.0,33.150001525878906,31.950000762939453,32.900001525878906,19.468931198120117,836300
2002-01-28,32.93000030517578,33.06999969482422,32.15999984741211,33.04999923706055,19.55769157409668,364300
2002-01-29,33.29999923706055,33.560001373291016,32.470001220703125,32.83000183105469,19.427499771118164,400600
2002-01-30,32.70000076293945,33.25,32.5,33.029998779296875,19.545852661132812,310000
2002-01-31,32.79999923706055,33.650001525878906,32.70000076293945,33.56999969482422,19.86541175842285,360300
2002-02-01,33.54999923706055,33.75,33.0,33.099998474121094,19.5872745513916,197700
2002-02-04,33.099998474121094,33.099998474121094,32.40999984741211,32.79999923706055,19.409740447998047,138500
2002-02-05,32.75,32.79999923706055,32.349998474121094,32.619998931884766,19.303232192993164,212300
2002-02-06,32.599998474121094,32.849998474121094,32.2599983215332,32.720001220703125,19.362409591674805,162100
2002-02-07,32.54999923706055,33.150001525878906,32.209999084472656,33.13999938964844,19.610946655273438,232100
2002-02-08,33.0,33.25,32.66999816894531,33.16999816894531,19.62870216369629,142700
2002-02-11,33.349998474121094,34.2599983215332,33.29999923706055,34.18000030517578,20.22637939453125,137900
2002-02-12,33.95000076293945,34.0,33.54999923706055,33.900001525878906,20.060684204101562,146700
2002-02-13,33.650001525878906,34.5,33.650001525878906,34.29999923706055,20.29738426208496,133800
2002-02-14,34.29999923706055,34.45000076293945,34.099998474121094,34.27000045776367,20.27964973449707,151400
2002-02-15,34.02000045776367,34.349998474121094,33.689998626708984,34.029998779296875,20.13762092590332,220300
2002-02-19,33.79999923706055,33.900001525878906,33.349998474121094,33.630001068115234,19.900911331176758,274100
2002-02-20,33.56999969482422,33.70000076293945,33.15999984741211,33.68000030517578,20.00784683227539,169300
2002-02-21,33.650001525878906,33.79999923706055,32.900001525878906,32.90999984741211,19.550416946411133,136300
2002-02-22,32.900001525878906,33.099998474121094,32.599998474121094,32.849998474121094,19.5147705078125,361900
2002-02-25,32.849998474121094,33.43000030517578,32.849998474121094,33.0,19.6038761138916,363900
2002-02-26,33.0,33.08000183105469,32.720001220703125,32.880001068115234,19.5325984954834,136000
2002-02-27,33.0,33.150001525878906,32.689998626708984,32.869998931884766,19.526647567749023,294800
2002-02-28,33.0,33.060001373291016,32.650001525878906,32.68000030517578,19.413782119750977,239200
2002-03-01,32.75,33.04999923706055,32.54999923706055,32.95000076293945,19.57417869567871,177400
2002-03-04,33.150001525878906,33.66999816894531,33.0,33.63999938964844,19.984081268310547,344800
2002-03-05,33.68000030517578,33.91999816894531,33.25,33.849998474121094,20.108829498291016,249100
2002-03-06,33.97999954223633,35.040000915527344,33.90999984741211,35.029998779296875,20.809816360473633,311600
2002-03-07,36.25,36.25,35.5,35.58000183105469,21.13654899597168,401500
2002-03-08,35.70000076293945,35.810001373291016,35.41999816894531,35.599998474121094,21.148427963256836,141300
2002-03-11,35.75,35.75,35.349998474121094,35.650001525878906,21.178138732910156,113300
2002-03-12,35.54999923706055,35.75,35.400001525878906,35.619998931884766,21.16031265258789,129700
2002-03-13,35.599998474121094,35.599998474121094,35.349998474121094,35.38999938964844,21.023681640625,165700
2002-03-14,35.400001525878906,35.470001220703125,35.0,35.439998626708984,21.053382873535156,134300
2002-03-15,35.349998474121094,35.900001525878906,35.25,35.75,21.2375431060791,250200
2002-03-18,35.75,35.77000045776367,35.27000045776367,35.45000076293945,21.059329986572266,285200
2002-03-19,35.45000076293945,35.75,35.20000076293945,35.599998474121094,21.148427963256836,197800
2002-03-20,35.79999923706055,36.0,35.52000045776367,35.529998779296875,21.10685920715332,212900
2002-03-21,35.54999923706055,35.59000015258789,35.20000076293945,35.5,21.08902359008789,279000
2002-03-22,35.599998474121094,35.79999923706055,35.43000030517578,35.43000030517578,21.04744529724121,271300
2002-03-25,35.43000030517578,35.650001525878906,35.16999816894531,35.16999816894531,20.892982482910156,189300
2002-03-26,35.25,36.90999984741211,35.25,36.439998626708984,21.64743995666504,330100
2002-03-27,36.45000076293945,37.220001220703125,36.29999923706055,37.040000915527344,22.003883361816406,383300
2002-03-28,36.79999923706055,37.06999969482422,36.70000076293945,36.849998474121094,21.891002655029297,262100
2002-04-01,36.75,36.75,36.0,36.0,21.386051177978516,224600
2002-04-02,36.0,36.150001525878906,35.66999816894531,35.68000030517578,21.195953369140625,170100
2002-04-03,35.68000030517578,35.68000030517578,34.400001525878906,34.5099983215332,20.50090789794922,391500
2002-04-04,34.4900016784668,34.5,33.900001525878906,34.209999084472656,20.322690963745117,196500
2002-04-05,34.29999923706055,35.47999954223633,34.29999923706055,34.83000183105469,20.691007614135742,183600
2002-04-08,34.75,35.0,34.400001525878906,34.880001068115234,20.720714569091797,172400
2002-04-09,34.95000076293945,34.95000076293945,34.33000183105469,34.33000183105469,20.393983840942383,275500
2002-04-10,34.400001525878906,34.75,34.400001525878906,34.720001220703125,20.625673294067383,205900
2002-04-11,34.79999923706055,35.099998474121094,34.599998474121094,34.599998474121094,20.554378509521484,210700
2002-04-12,34.70000076293945,34.75,34.529998779296875,34.61000061035156,20.560325622558594,259400
2002-04-15,34.70000076293945,34.709999084472656,33.630001068115234,33.650001525878906,19.99002456665039,362700
2002-04-16,31.799999237060547,33.099998474121094,31.799999237060547,32.79999923706055,19.485074996948242,821600
2002-04-17,32.81999969482422,32.900001525878906,31.350000381469727,31.3799991607666,18.641510009765625,749600
2002-04-18,31.3799991607666,31.5,30.5,31.350000381469727,18.623699188232422,703300
2002-04-19,31.649999618530273,31.950000762939453,30.81999969482422,30.899999618530273,18.35636329650879,236500
2002-04-22,31.0,31.190000534057617,30.0,30.049999237060547,17.851415634155273,221400
2002-04-23,30.0,30.600000381469727,29.649999618530273,29.969999313354492,17.803892135620117,347900
2002-04-24,30.100000381469727,30.18000030517578,29.489999771118164,29.700000762939453,17.643495559692383,337000
2002-04-25,29.450000762939453,30.15999984741211,28.75,29.770000457763672,17.685081481933594,324500
2002-04-26,29.770000457763672,30.170000076293945,29.43000030517578,29.989999771118164,17.81578254699707,313900
2002-04-29,29.799999237060547,29.809999465942383,29.25,29.25,17.376178741455078,186600
2002-04-30,29.25,30.329999923706055,29.18000030517578,29.799999237060547,17.702892303466797,228400
2002-05-01,29.799999237060547,29.850000381469727,29.459999084472656,29.65999984741211,17.619733810424805,172200
2002-05-02,29.40999984741211,29.700000762939453,28.139999389648438,28.299999237060547,16.81180763244629,585000
2002-05-03,28.190000534057617,28.200000762939453,26.899999618530273,27.25,16.18805503845215,825200
2002-05-06,27.270000457763672,27.450000762939453,24.3799991607666,24.950000762939453,14.82172679901123,1532300
2002-05-07,25.5,25.899999618530273,25.290000915527344,25.739999771118164,15.291030883789062,698000
2002-05-08,26.25,26.299999237060547,25.75,26.010000228881836,15.451422691345215,437800
2002-05-09,26.049999237060547,26.649999618530273,26.049999237060547,26.399999618530273,15.683107376098633,403000
2002-05-10,26.399999618530273,27.079999923706055,26.399999618530273,27.010000228881836,16.04548454284668,445000
2002-05-13,26.700000762939453,27.350000381469727,26.600000381469727,27.25,16.18805503845215,506100
2002-05-14,27.149999618530273,28.239999771118164,27.100000381469727,28.049999237060547,16.663297653198242,726600
2002-05-15,28.0,28.799999237060547,27.799999237060547,27.899999618530273,16.574190139770508,771300
2002-05-16,26.75,27.920000076293945,26.5,27.219999313354492,16.170228958129883,993100
2002-05-17,27.219999313354492,27.290000915527344,26.09000015258789,27.020000457763672,16.05141830444336,1091800
2002-05-20,27.049999237060547,27.100000381469727,25.75,26.040000915527344,15.469242095947266,653000
2002-05-21,26.290000915527344,26.600000381469727,25.81999969482422,26.0,15.445481300354004,398700
2002-05-22,26.100000381469727,26.149999618530273,25.3799991607666,25.790000915527344,15.320730209350586,295400
2002-05-23,25.75,25.899999618530273,25.260000228881836,25.799999237060547,15.326667785644531,319600
2002-05-24,26.0,26.209999084472656,25.600000381469727,25.770000457763672,15.308855056762695,253200
2002-05-28,25.780000686645508,25.899999618530273,25.479999542236328,25.68000030517578,15.255382537841797,137600
2002-05-29,25.649999618530273,25.75,24.989999771118164,25.09000015258789,14.980733871459961,124600
2002-05-30,25.049999237060547,25.049999237060547,24.5,24.690000534057617,14.741896629333496,430100
2002-05-31,24.719999313354492,24.75,24.40999984741211,24.6299991607666,14.706072807312012,301500
2002-06-03,24.670000076293945,24.850000381469727,23.700000762939453,23.84000015258789,14.234382629394531,452200
2002-06-04,23.799999237060547,23.940000534057617,22.950000762939453,23.219999313354492,13.86418628692627,651600
2002-06-05,23.299999237060547,24.06999969482422,23.270000457763672,23.950000762939453,14.300057411193848,279400
2002-06-06,23.899999618530273,24.010000228881836,23.479999542236328,23.84000015258789,14.234382629394531,418500
2002-06-07,27.049999237060547,29.290000915527344,26.799999237060547,29.049999237060547,17.34516143798828,1748600
2002-06-10,29.25,29.799999237060547,29.25,29.600000381469727,17.673551559448242,785100
2002-06-11,29.850000381469727,30.25,29.299999237060547,29.350000381469727,17.524290084838867,751600
2002-06-12,29.34000015258789,29.649999618530273,29.31999969482422,29.6299991607666,17.691463470458984,452400
2002-06-13,29.579999923706055,29.770000457763672,28.6200008392334,28.829999923706055,17.213802337646484,463500
2002-06-14,28.809999465942383,29.649999618530273,27.899999618530273,29.299999237060547,17.494434356689453,462600
2002-06-17,29.399999618530273,29.790000915527344,29.270000457763672,29.579999923706055,17.661617279052734,266400
2002-06-18,29.59000015258789,29.950000762939453,29.0,29.6299991607666,17.691463470458984,253300
2002-06-19,28.25,28.690000534057617,27.479999542236328,28.219999313354492,16.84958839416504,765900
2002-06-20,28.219999313354492,28.700000762939453,27.950000762939453,28.030000686645508,16.73613929748535,256700
2002-06-21,27.600000381469727,28.239999771118164,27.420000076293945,27.600000381469727,16.479398727416992,322500
2002-06-24,27.5,27.899999618530273,27.149999618530273,27.350000381469727,16.33013343811035,181100
2002-06-25,27.25,27.850000381469727,27.25,27.56999969482422,16.461488723754883,234100
2002-06-26,27.100000381469727,27.5,26.700000762939453,27.360000610351562,16.33610725402832,280100
2002-06-27,27.399999618530273,27.799999237060547,27.200000762939453,27.690000534057617,16.53313446044922,187800
2002-06-28,27.59000015258789,29.219999313354492,27.59000015258789,28.649999618530273,17.1063289642334,523400
2002-07-01,28.600000381469727,28.739999771118164,28.229999542236328,28.350000381469727,16.927204132080078,350300
2002-07-02,28.25,28.25,27.0,27.40999984741211,16.3659610748291,296100
2002-07-03,27.40999984741211,27.40999984741211,26.5,27.209999084472656,16.246538162231445,268500
2002-07-05,27.309999465942383,28.0,27.309999465942383,27.75,16.568958282470703,129100
2002-07-08,27.729999542236328,28.149999618530273,27.5,27.729999542236328,16.55702018737793,171900
2002-07-09,27.68000030517578,27.899999618530273,27.200000762939453,27.270000457763672,16.282363891601562,297200
2002-07-10,27.25,27.260000228881836,25.979999542236328,26.229999542236328,15.661393165588379,343100
2002-07-11,26.18000030517578,26.559999465942383,25.3700008392334,26.450000762939453,15.792756080627441,523900
2002-07-12,26.399999618530273,26.799999237060547,25.59000015258789,25.690000534057617,15.338971138000488,383300
2002-07-15,25.690000534057617,25.75,24.700000762939453,25.600000381469727,15.285235404968262,288200
2002-07-16,25.610000610351562,26.06999969482422,25.040000915527344,25.34000015258789,15.130000114440918,181700
2002-07-17,25.450000762939453,26.149999618530273,25.219999313354492,25.739999771118164,15.368825912475586,201200
2002-07-18,25.700000762939453,25.950000762939453,24.899999618530273,25.149999618530273,15.016552925109863,301400
2002-07-19,25.049999237060547,25.18000030517578,24.209999084472656,24.350000381469727,14.538887023925781,277500
2002-07-22,24.299999237060547,24.68000030517578,23.209999084472656,23.309999465942383,13.917924880981445,315000
2002-07-23,23.219999313354492,23.549999237060547,22.290000915527344,22.889999389648438,13.667153358459473,273600
2002-07-24,22.850000381469727,24.799999237060547,22.520000457763672,24.799999237060547,14.807580947875977,334500
2002-07-25,23.899999618530273,24.700000762939453,22.81999969482422,24.65999984741211,14.723983764648438,625200
2002-07-26,24.65999984741211,24.850000381469727,23.610000610351562,24.200000762939453,14.449329376220703,317400
2002-07-29,24.149999618530273,25.510000228881836,24.149999618530273,25.459999084472656,15.201644897460938,335900
2002-07-30,25.559999465942383,25.739999771118164,24.75,24.75,14.777721405029297,480400
2002-07-31,24.719999313354492,24.81999969482422,23.899999618530273,24.719999313354492,14.759803771972656,246600
2002-08-01,24.610000610351562,24.649999618530273,23.899999618530273,24.479999542236328,14.616510391235352,220200
2002-08-02,24.100000381469727,24.110000610351562,22.649999618530273,23.100000381469727,13.792542457580566,237400
2002-08-05,23.190000534057617,23.600000381469727,22.459999084472656,22.5,13.434289932250977,325200
2002-08-06,22.5,23.34000015258789,22.5,23.200000762939453,13.852249145507812,357600
2002-08-07,23.200000762939453,23.940000534057617,22.8700008392334,23.899999618530273,14.270200729370117,248800
2002-08-08,23.90999984741211,24.549999237060547,23.5,24.479999542236328,14.616510391235352,245900
2002-08-09,24.5,25.600000381469727,24.149999618530273,25.040000915527344,14.950873374938965,446400
2002-08-12,25.0,25.010000228881836,24.270000457763672,24.850000381469727,14.837430953979492,211700
2002-08-13,24.600000381469727,25.139999389648438,24.3799991607666,24.40999984741211,14.574713706970215,207900
2002-08-14,24.399999618530273,25.25,23.399999618530273,25.15999984741211,15.0225248336792,285200
2002-08-15,25.15999984741211,25.15999984741211,24.100000381469727,24.520000457763672,14.64039421081543,218300
2002-08-16,24.5,24.790000915527344,24.15999984741211,24.540000915527344,14.652336120605469,127500
2002-08-19,24.440000534057617,25.299999237060547,24.389999389648438,25.25,15.076265335083008,373800
2002-08-20,25.229999542236328,25.34000015258789,25.0,25.0,14.926989555358887,202600
2002-08-21,25.0,25.75,25.0,25.610000610351562,15.29121208190918,213500
2002-08-22,25.600000381469727,25.850000381469727,25.200000762939453,25.510000228881836,15.231502532958984,135500
2002-08-23,25.479999542236328,25.549999237060547,24.799999237060547,24.889999389648438,14.861310005187988,191500
2002-08-26,24.850000381469727,25.149999618530273,24.450000762939453,24.950000762939453,14.897143363952637,157600
2002-08-27,25.0,25.200000762939453,24.530000686645508,24.829999923706055,14.82548999786377,179700
2002-08-28,24.770000457763672,24.799999237060547,23.920000076293945,24.09000015258789,14.459352493286133,194600
2002-08-29,24.0,24.100000381469727,23.8700008392334,23.950000762939453,14.375321388244629,259100
2002-08-30,23.899999618530273,24.25,23.700000762939453,23.84000015258789,14.30930233001709,267200
2002-09-03,23.799999237060547,24.0,22.75,23.639999389648438,14.18924617767334,369000
2002-09-04,23.649999618530273,24.299999237060547,23.540000915527344,24.260000228881836,14.56139087677002,281600
2002-09-05,24.260000228881836,24.399999618530273,23.700000762939453,23.850000381469727,14.315300941467285,371300
2002-09-06,23.950000762939453,24.209999084472656,23.200000762939453,24.100000381469727,14.465353012084961,270800
2002-09-09,23.950000762939453,24.09000015258789,23.43000030517578,23.899999618530273,14.345311164855957,212300
2002-09-10,23.899999618530273,24.200000762939453,23.5,23.829999923706055,14.30329704284668,155200
2002-09-11,24.0,24.299999237060547,23.950000762939453,24.020000457763672,14.417341232299805,211900
2002-09-12,23.93000030517578,23.93000030517578,23.219999313354492,23.280000686645508,13.97316837310791,139300
2002-09-13,23.100000381469727,23.290000915527344,22.760000228881836,23.290000915527344,13.97917652130127,189700
2002-09-16,23.389999389648438,23.399999618530273,22.90999984741211,23.0,13.805116653442383,138200
2002-09-17,23.200000762939453,23.25,22.5,22.540000915527344,13.529007911682129,129400
2002-09-18,22.5,22.600000381469727,22.0,22.399999618530273,13.444973945617676,148600
2002-09-19,22.299999237060547,22.389999389648438,21.950000762939453,21.950000762939453,13.17487907409668,386700
2002-09-20,22.149999618530273,22.25,22.049999237060547,22.139999389648438,13.288919448852539,244300
2002-09-23,22.139999389648438,22.139999389648438,21.600000381469727,21.770000457763672,13.066839218139648,172400
2002-09-24,21.719999313354492,21.719999313354492,21.299999237060547,21.360000610351562,12.8207426071167,202200
2002-09-25,21.510000228881836,21.889999389648438,21.40999984741211,21.5,12.904776573181152,237400
2002-09-26,21.5,21.950000762939453,21.5,21.850000381469727,13.114852905273438,139700
2002-09-27,21.899999618530273,21.989999771118164,21.270000457763672,21.350000381469727,12.814739227294922,304000
2002-09-30,21.389999389648438,21.389999389648438,20.5,21.0,12.604666709899902,299000
2002-10-01,21.0,22.0,20.950000762939453,22.0,13.204885482788086,264100
2002-10-02,21.700000762939453,21.799999237060547,20.68000030517578,20.68000030517578,12.41259765625,385400
2002-10-03,20.649999618530273,21.309999465942383,20.649999618530273,20.950000762939453,12.574655532836914,262600
2002-10-04,20.979999542236328,21.260000228881836,20.290000915527344,20.520000457763672,12.316563606262207,350000
2002-10-07,20.489999771118164,20.610000610351562,19.889999389648438,20.049999237060547,12.034453392028809,254500
2002-10-08,20.200000762939453,20.299999237060547,19.75,20.1200008392334,12.076473236083984,329800
2002-10-09,20.0,20.0,19.450000762939453,19.530000686645508,11.722336769104004,231500
2002-10-10,19.780000686645508,19.899999618530273,19.549999237060547,19.709999084472656,11.830377578735352,277200
2002-10-11,20.209999084472656,21.0,20.139999389648438,20.59000015258789,12.358576774597168,326600
2002-10-14,20.489999771118164,20.889999389648438,20.489999771118164,20.760000228881836,12.460614204406738,191300
2002-10-15,21.0,22.0,21.0,21.940000534057617,13.168867111206055,250100
2002-10-16,21.850000381469727,21.950000762939453,20.889999389648438,20.920000076293945,12.556648254394531,135100
2002-10-17,21.420000076293945,21.950000762939453,21.420000076293945,21.860000610351562,13.12086009979248,175600
2002-10-18,21.8700008392334,21.8700008392334,21.0,21.309999465942383,12.790732383728027,176000
2002-10-21,20.899999618530273,21.790000915527344,20.709999084472656,21.729999542236328,13.042829513549805,147400
2002-10-22,21.700000762939453,21.75,21.270000457763672,21.5,12.904776573181152,209900
2002-10-23,21.5,22.229999542236328,21.290000915527344,22.15999984741211,13.300922393798828,282700
2002-10-24,22.200000762939453,22.700000762939453,22.020000457763672,22.270000457763672,13.366948127746582,335400
2002-10-25,22.170000076293945,22.899999618530273,21.75,22.899999618530273,13.745088577270508,439900
2002-10-28,22.850000381469727,23.600000381469727,22.600000381469727,23.280000686645508,13.97316837310791,440300
2002-10-29,23.280000686645508,23.280000686645508,22.399999618530273,23.09000015258789,13.859125137329102,263900
2002-10-30,23.09000015258789,23.350000381469727,22.950000762939453,23.299999237060547,13.985177993774414,141000
2002-10-31,23.299999237060547,23.75,23.299999237060547,23.68000030517578,14.213263511657715,214700
2002-11-01,23.600000381469727,24.399999618530273,23.43000030517578,24.399999618530273,14.64542007446289,175900
2002-11-04,24.600000381469727,25.049999237060547,24.399999618530273,24.90999984741211,14.951534271240234,363400
2002-11-05,24.850000381469727,25.110000610351562,24.75,24.90999984741211,14.951534271240234,205100
2002-11-06,24.959999084472656,25.25,24.600000381469727,25.239999771118164,15.149608612060547,307100
2002-11-07,25.139999389648438,25.25,24.799999237060547,25.170000076293945,15.10759449005127,230400
2002-11-08,25.100000381469727,25.299999237060547,24.799999237060547,25.010000228881836,15.011563301086426,158500
2002-11-11,25.010000228881836,25.25,24.399999618530273,24.579999923706055,14.753461837768555,211100
2002-11-12,24.579999923706055,25.049999237060547,24.549999237060547,24.6299991607666,14.783473014831543,162400
2002-11-13,24.610000610351562,24.989999771118164,24.190000534057617,24.639999389648438,14.789467811584473,233900
2002-11-14,24.75,25.18000030517578,24.75,25.149999618530273,15.095587730407715,123800
2002-11-15,25.049999237060547,25.670000076293945,25.049999237060547,25.450000762939453,15.275650978088379,134700
2002-11-18,25.5,25.75,25.200000762939453,25.549999237060547,15.335675239562988,91700
2002-11-19,25.5,25.93000030517578,25.5,25.670000076293945,15.407705307006836,90800
2002-11-20,25.68000030517578,25.68000030517578,22.200000762939453,24.170000076293945,14.507364273071289,1469100
2002-11-21,23.920000076293945,24.600000381469727,23.649999618530273,24.489999771118164,14.699445724487305,645100
2002-11-22,24.299999237060547,24.670000076293945,23.850000381469727,23.969999313354492,14.387324333190918,223700
2002-11-25,24.200000762939453,24.5,23.950000762939453,24.290000915527344,14.579401016235352,169000
2002-11-26,24.0,24.200000762939453,23.639999389648438,23.959999084472656,14.458706855773926,189300
2002-11-27,24.049999237060547,25.170000076293945,24.049999237060547,25.100000381469727,15.146645545959473,186600
2002-11-29,25.25,25.6200008392334,25.25,25.329999923706055,15.285433769226074,51100
2002-12-02,25.579999923706055,25.920000076293945,25.579999923706055,25.8700008392334,15.611302375793457,173500
2002-12-03,25.700000762939453,25.969999313354492,25.450000762939453,25.899999618530273,15.629393577575684,156200
2002-12-04,25.850000381469727,26.520000457763672,25.600000381469727,26.40999984741211,15.937162399291992,186400
2002-12-05,26.809999465942383,27.59000015258789,26.489999771118164,27.450000762939453,16.564754486083984,377300
2002-12-06,27.299999237060547,27.489999771118164,26.8700008392334,27.40999984741211,16.540616989135742,208100
2002-12-09,27.420000076293945,27.420000076293945,25.25,26.270000457763672,15.852684020996094,434700
2002-12-10,26.399999618530273,26.600000381469727,26.350000381469727,26.450000762939453,15.961305618286133,152300
2002-12-11,26.350000381469727,27.030000686645508,26.149999618530273,27.030000686645508,16.31130599975586,317600
2002-12-12,27.030000686645508,27.030000686645508,26.40999984741211,26.440000534057617,15.955266952514648,379200
2002-12-13,26.280000686645508,26.510000228881836,26.049999237060547,26.479999542236328,15.979409217834473,294300
2002-12-16,26.479999542236328,27.299999237060547,26.479999542236328,27.290000915527344,16.46820068359375,150700
2002-12-17,27.0,27.100000381469727,26.75,26.850000381469727,16.202686309814453,246900
2002-12-18,26.700000762939453,26.700000762939453,26.200000762939453,26.270000457763672,15.852684020996094,208200
2002-12-19,26.149999618530273,26.350000381469727,26.030000686645508,26.25,15.840605735778809,230600
2002-12-20,26.25,26.299999237060547,26.200000762939453,26.260000228881836,15.846647262573242,209200
2002-12-23,26.260000228881836,26.3700008392334,26.040000915527344,26.350000381469727,15.900954246520996,235400
2002-12-24,26.350000381469727,26.540000915527344,26.329999923706055,26.3799991607666,15.91905689239502,177100
2002-12-26,26.3799991607666,26.75,26.3799991607666,26.709999084472656,16.118194580078125,194400
2002-12-27,26.709999084472656,26.709999084472656,26.5,26.510000228881836,15.997511863708496,144500
2002-12-30,26.450000762939453,26.719999313354492,26.200000762939453,26.510000228881836,15.997511863708496,183200
2002-12-31,26.479999542236328,26.65999984741211,26.299999237060547,26.540000915527344,16.015621185302734,226200
2003-01-02,26.600000381469727,26.799999237060547,26.200000762939453,26.799999237060547,16.172508239746094,212100
2003-01-03,26.799999237060547,26.799999237060547,26.290000915527344,26.350000381469727,15.900954246520996,249300
2003-01-06,26.350000381469727,26.3799991607666,26.0,26.31999969482422,15.882851600646973,491500
2003-01-07,26.31999969482422,26.3799991607666,26.049999237060547,26.18000030517578,15.798371315002441,134200
2003-01-08,26.149999618530273,26.149999618530273,25.790000915527344,25.8700008392334,15.611302375793457,169100
2003-01-09,25.8799991607666,26.31999969482422,25.8799991607666,26.290000915527344,15.86474895477295,187000
2003-01-10,26.200000762939453,26.399999618530273,26.049999237060547,26.219999313354492,15.822508811950684,90100
2003-01-13,26.25,26.350000381469727,25.899999618530273,26.06999969482422,15.731988906860352,249100
2003-01-14,26.059999465942383,26.06999969482422,25.649999618530273,26.0,15.689746856689453,101000
2003-01-15,26.0,26.0,25.5,25.729999542236328,15.526817321777344,108500
2003-01-16,25.600000381469727,25.979999542236328,25.200000762939453,25.219999313354492,15.219051361083984,308300
2003-01-17,25.149999618530273,25.5,25.0,25.110000610351562,15.152671813964844,126600
2003-01-21,25.219999313354492,25.239999771118164,24.5,24.549999237060547,14.814746856689453,142100
2003-01-22,24.049999237060547,24.299999237060547,23.5,23.510000228881836,14.187152862548828,365300
2003-01-23,23.75,23.950000762939453,23.56999969482422,23.75,14.331981658935547,188300
2003-01-24,24.5,24.790000915527344,24.149999618530273,24.5,14.784568786621094,580500
2003-01-27,24.200000762939453,24.540000915527344,24.0,24.059999465942383,14.519046783447266,274200
2003-01-28,24.110000610351562,24.670000076293945,24.100000381469727,24.510000228881836,14.790607452392578,224800
2003-01-29,24.399999618530273,24.65999984741211,24.06999969482422,24.450000762939453,14.754400253295898,303500
2003-01-30,24.559999465942383,24.959999084472656,24.549999237060547,24.649999618530273,14.87508773803711,329200
2003-01-31,24.600000381469727,25.350000381469727,24.549999237060547,25.260000228881836,15.243185997009277,238300
2003-02-03,25.25,25.360000610351562,24.950000762939453,25.1200008392334,15.158717155456543,208100
2003-02-04,24.799999237060547,25.100000381469727,24.520000457763672,25.0,15.08630084991455,175500
2003-02-05,25.010000228881836,25.010000228881836,24.399999618530273,24.610000610351562,14.8509521484375,448200
2003-02-06,24.56999969482422,24.579999923706055,24.0,24.049999237060547,14.513011932373047,139600
2003-02-07,24.200000762939453,24.200000762939453,23.5,23.510000228881836,14.187152862548828,188100
2003-02-10,23.600000381469727,23.68000030517578,23.139999389648438,23.600000381469727,14.241464614868164,244300
2003-02-11,23.610000610351562,23.68000030517578,23.149999618530273,23.350000381469727,14.09060287475586,201600
2003-02-12,23.25,23.43000030517578,22.649999618530273,22.809999465942383,13.76473331451416,167900
2003-02-13,22.81999969482422,22.959999084472656,22.600000381469727,22.899999618530273,13.819047927856445,113900
2003-02-14,22.899999618530273,23.059999465942383,22.399999618530273,22.68000030517578,13.686288833618164,161000
2003-02-18,22.799999237060547,23.200000762939453,22.799999237060547,23.0,13.879399299621582,94500
2003-02-19,23.010000228881836,23.09000015258789,22.799999237060547,22.920000076293945,13.831120491027832,129600
2003-02-20,22.920000076293945,22.920000076293945,22.200000762939453,22.360000610351562,13.49318790435791,106000
2003-02-21,22.299999237060547,22.790000915527344,22.049999237060547,22.739999771118164,13.722494125366211,120700
2003-02-24,22.75,22.75,22.030000686645508,22.059999465942383,13.312143325805664,88900
2003-02-25,22.0,22.0,21.299999237060547,21.959999084472656,13.251798629760742,151400
2003-02-26,22.0,22.100000381469727,21.809999465942383,22.0,13.355002403259277,176500
2003-02-27,22.0,22.1299991607666,21.75,22.0,13.355002403259277,162300
2003-02-28,22.0,22.059999465942383,21.709999084472656,21.899999618530273,13.294294357299805,97900
2003-03-03,21.93000030517578,22.049999237060547,21.5,21.600000381469727,13.112174987792969,220300
2003-03-04,21.549999237060547,21.600000381469727,21.100000381469727,21.149999618530273,12.839016914367676,189400
2003-03-05,21.049999237060547,21.190000534057617,20.809999465942383,21.1299991607666,12.82686710357666,112100
2003-03-06,21.049999237060547,21.219999313354492,20.950000762939453,21.059999465942383,12.784378051757812,188000
2003-03-07,20.860000610351562,21.600000381469727,20.799999237060547,21.489999771118164,13.045413970947266,104800
2003-03-10,21.299999237060547,21.350000381469727,21.0,21.010000228881836,12.754029273986816,229600
2003-03-11,21.020000457763672,21.389999389648438,21.020000457763672,21.15999984741211,12.845085144042969,143100
2003-03-12,21.15999984741211,21.25,21.010000228881836,21.09000015258789,12.802590370178223,129800
2003-03-13,21.25,22.049999237060547,21.239999771118164,22.010000228881836,13.361074447631836,147300
2003-03-14,21.989999771118164,22.299999237060547,21.809999465942383,22.1200008392334,13.427849769592285,182500
2003-03-17,22.1200008392334,22.450000762939453,21.950000762939453,22.420000076293945,13.609960556030273,242000
2003-03-18,22.670000076293945,23.0,22.600000381469727,22.889999389648438,13.895269393920898,193100
2003-03-19,22.950000762939453,23.440000534057617,22.950000762939453,23.3799991607666,14.192726135253906,145100
2003-03-20,23.299999237060547,24.0,22.850000381469727,23.850000381469727,14.478032112121582,242000
2003-03-21,24.049999237060547,25.0,23.979999542236328,24.989999771118164,15.170073509216309,188900
2003-03-24,24.75,24.75,23.829999923706055,23.8799991607666,14.49624252319336,188300
2003-03-25,23.799999237060547,23.889999389648438,23.5,23.81999969482422,14.459827423095703,172400
2003-03-26,23.75,23.940000534057617,23.5,23.760000228881836,14.42340087890625,90600
2003-03-27,23.600000381469727,23.84000015258789,23.3700008392334,23.709999084472656,14.393047332763672,114400
2003-03-28,23.5,23.899999618530273,23.479999542236328,23.899999618530273,14.508391380310059,104000
2003-03-31,23.649999618530273,23.979999542236328,23.399999618530273,23.860000610351562,14.484106063842773,215300
2003-04-01,23.459999084472656,23.700000762939453,23.0,23.700000762939453,14.386981964111328,199400
2003-04-02,24.100000381469727,24.399999618530273,24.100000381469727,24.219999313354492,14.702643394470215,118400
2003-04-03,24.149999618530273,24.670000076293945,24.139999389648438,24.520000457763672,14.884757995605469,164800
2003-04-04,24.6200008392334,24.780000686645508,24.290000915527344,24.5,14.872617721557617,110400
2003-04-07,24.950000762939453,25.06999969482422,24.649999618530273,24.690000534057617,14.987958908081055,127000
2003-04-08,24.600000381469727,24.600000381469727,24.299999237060547,24.299999237060547,14.751203536987305,121800
2003-04-09,24.329999923706055,24.350000381469727,23.799999237060547,23.809999465942383,14.45374870300293,83900
2003-04-10,23.809999465942383,23.950000762939453,23.690000534057617,23.950000762939453,14.538747787475586,146600
2003-04-11,24.18000030517578,24.280000686645508,23.5,23.610000610351562,14.332345962524414,118600
2003-04-14,23.610000610351562,24.75,23.610000610351562,24.739999771118164,15.01830768585205,157700
2003-04-15,24.639999389648438,25.0,24.299999237060547,24.950000762939453,15.145782470703125,150200
2003-04-16,24.75,24.899999618530273,24.59000015258789,24.75,15.024374961853027,154100
2003-04-17,24.75,25.100000381469727,24.719999313354492,25.0,15.176139831542969,85600
2003-04-21,25.049999237060547,25.299999237060547,24.979999542236328,25.1299991607666,15.255049705505371,126000
2003-04-22,24.950000762939453,25.280000686645508,24.799999237060547,24.969999313354492,15.157926559448242,171800
2003-04-23,24.979999542236328,25.399999618530273,24.899999618530273,25.079999923706055,15.224701881408691,151700
2003-04-24,25.110000610351562,25.950000762939453,25.100000381469727,25.90999984741211,15.72854995727539,294900
2003-04-25,25.90999984741211,26.079999923706055,25.450000762939453,26.059999465942383,15.819609642028809,266700
2003-04-28,26.100000381469727,27.0,26.040000915527344,26.959999084472656,16.365951538085938,245300
2003-04-29,27.0,27.6200008392334,26.950000762939453,27.6200008392334,16.766597747802734,208800
2003-04-30,27.6200008392334,28.110000610351562,27.399999618530273,27.8700008392334,16.918359756469727,226600
2003-05-01,27.799999237060547,27.809999465942383,27.010000228881836,27.649999618530273,16.784807205200195,217200
2003-05-02,27.350000381469727,28.200000762939453,27.350000381469727,28.079999923706055,17.045833587646484,188400
2003-05-05,27.829999923706055,28.200000762939453,27.790000915527344,28.100000381469727,17.05797576904297,111600
2003-05-06,28.25,28.399999618530273,28.020000457763672,28.209999084472656,17.1247501373291,108400
2003-05-07,28.239999771118164,28.290000915527344,27.959999084472656,28.18000030517578,17.106544494628906,137100
2003-05-08,28.100000381469727,28.299999237060547,27.719999313354492,28.0,16.99727439880371,124800
2003-05-09,28.110000610351562,28.489999771118164,27.979999542236328,28.489999771118164,17.294721603393555,89600
2003-05-12,28.489999771118164,29.1299991607666,28.25,29.1299991607666,17.683231353759766,166400
2003-05-13,29.1299991607666,29.309999465942383,28.670000076293945,28.770000457763672,17.464698791503906,170100
2003-05-14,28.299999237060547,29.3799991607666,28.299999237060547,29.1299991607666,17.683231353759766,312700
2003-05-15,29.139999389648438,29.709999084472656,29.139999389648438,29.5,17.907840728759766,223600
2003-05-16,29.510000228881836,29.75,29.100000381469727,29.3799991607666,17.834999084472656,274100
2003-05-19,29.3799991607666,29.450000762939453,28.600000381469727,28.780000686645508,17.470766067504883,264000
2003-05-20,28.780000686645508,28.850000381469727,28.31999969482422,28.549999237060547,17.33115577697754,270000
2003-05-21,28.450000762939453,28.700000762939453,28.290000915527344,28.700000762939453,17.42220687866211,219800
2003-05-22,28.700000762939453,28.809999465942383,28.440000534057617,28.649999618530273,17.3918514251709,243000
2003-05-23,28.65999984741211,28.729999542236328,28.40999984741211,28.600000381469727,17.361513137817383,186200
2003-05-27,28.59000015258789,29.100000381469727,28.299999237060547,29.079999923706055,17.652891159057617,279900
2003-05-28,28.899999618530273,29.049999237060547,28.75,28.950000762939453,17.652891159057617,176900
2003-05-29,28.969999313354492,29.329999923706055,28.920000076293945,29.100000381469727,17.74435043334961,163800
2003-05-30,29.100000381469727,29.450000762939453,29.079999923706055,29.3799991607666,17.915084838867188,183900
2003-06-02,29.299999237060547,29.790000915527344,29.299999237060547,29.649999618530273,18.079713821411133,331200
2003-06-03,29.600000381469727,29.700000762939453,29.360000610351562,29.479999542236328,17.97606658935547,216700
2003-06-04,29.5,30.09000015258789,29.450000762939453,29.889999389648438,18.226076126098633,297200
2003-06-05,29.889999389648438,29.950000762939453,29.600000381469727,29.850000381469727,18.201679229736328,202100
2003-06-06,29.979999542236328,30.34000015258789,29.700000762939453,29.700000762939453,18.110210418701172,247800
2003-06-09,29.700000762939453,29.8700008392334,29.5,29.729999542236328,18.128503799438477,264500
2003-06-10,29.75,29.799999237060547,29.540000915527344,29.75,18.140695571899414,168700
2003-06-11,29.75,29.75,29.469999313354492,29.670000076293945,18.091915130615234,99900
2003-06-12,29.700000762939453,29.989999771118164,29.579999923706055,29.780000686645508,18.158992767333984,209800
2003-06-13,29.770000457763672,29.770000457763672,29.469999313354492,29.610000610351562,18.055328369140625,296100
2003-06-16,29.700000762939453,30.149999618530273,29.610000610351562,30.100000381469727,18.3541202545166,489500
2003-06-17,30.0,30.200000762939453,29.799999237060547,30.110000610351562,18.360219955444336,264400
2003-06-18,29.899999618530273,29.950000762939453,29.34000015258789,29.6299991607666,18.06752586364746,267600
2003-06-19,29.399999618530273,29.75,29.260000228881836,29.6299991607666,18.06752586364746,245200
2003-06-20,29.649999618530273,29.75,29.299999237060547,29.559999465942383,18.024843215942383,181800
2003-06-23,29.5,29.5,28.200000762939453,28.579999923706055,17.427274703979492,254400
2003-06-24,28.5,28.579999923706055,28.3799991607666,28.479999542236328,17.366291046142578,213400
2003-06-25,28.5,28.75,28.200000762939453,28.3700008392334,17.29921531677246,199400
2003-06-26,28.3700008392334,28.3700008392334,27.979999542236328,28.31999969482422,17.268728256225586,326100
2003-06-27,28.399999618530273,28.75,28.299999237060547,28.43000030517578,17.33580207824707,229700
2003-06-30,28.450000762939453,28.770000457763672,28.3700008392334,28.700000762939453,17.50043296813965,270300
2003-07-01,28.549999237060547,28.549999237060547,27.799999237060547,28.469999313354492,17.36018943786621,213600
2003-07-02,28.5,29.09000015258789,28.389999389648438,29.0,17.683372497558594,207300
2003-07-03,28.899999618530273,29.010000228881836,28.600000381469727,28.90999984741211,17.628496170043945,210000
2003-07-07,29.0,29.299999237060547,29.0,29.270000457763672,17.848003387451172,212000
2003-07-08,29.25,29.280000686645508,28.889999389648438,28.899999618530273,17.622394561767578,270500
2003-07-09,28.899999618530273,28.979999542236328,28.700000762939453,28.829999923706055,17.579708099365234,411400
2003-07-10,28.649999618530273,28.75,28.450000762939453,28.579999923706055,17.427274703979492,402900
2003-07-11,28.700000762939453,28.8799991607666,28.600000381469727,28.75,17.530929565429688,183700
2003-07-14,28.850000381469727,29.100000381469727,28.75,29.010000228881836,17.689470291137695,128400
2003-07-15,29.049999237060547,29.34000015258789,29.0,29.079999923706055,17.732154846191406,154000
2003-07-16,29.100000381469727,29.290000915527344,28.8700008392334,28.979999542236328,17.671175003051758,170500
2003-07-17,28.899999618530273,29.0,28.540000915527344,28.6200008392334,17.45166015625,159000
2003-07-18,28.649999618530273,29.489999771118164,28.649999618530273,29.399999618530273,17.927276611328125,185100
2003-07-21,29.350000381469727,29.450000762939453,28.850000381469727,28.93000030517578,17.640682220458984,166300
2003-07-22,28.850000381469727,29.270000457763672,28.549999237060547,29.219999313354492,17.817516326904297,245900
2003-07-23,29.25,29.59000015258789,28.549999237060547,29.549999237060547,18.01874351501465,369800
2003-07-24,29.559999465942383,29.600000381469727,27.059999465942383,27.549999237060547,16.799198150634766,605500
2003-07-25,27.719999313354492,27.799999237060547,27.0,27.610000610351562,16.835790634155273,354100
2003-07-28,27.600000381469727,27.600000381469727,26.950000762939453,27.030000686645508,16.48211669921875,215500
2003-07-29,27.0,27.020000457763672,26.530000686645508,26.899999618530273,16.40285301208496,284600
2003-07-30,26.799999237060547,26.969999313354492,26.549999237060547,26.920000076293945,16.41504669189453,204100
2003-07-31,27.31999969482422,27.6200008392334,27.020000457763672,27.280000686645508,16.63456916809082,266300
2003-08-01,27.149999618530273,27.149999618530273,26.700000762939453,26.799999237060547,16.341876983642578,160400
2003-08-04,26.799999237060547,26.799999237060547,26.200000762939453,26.479999542236328,16.146747589111328,307700
2003-08-05,26.579999923706055,26.649999618530273,26.1200008392334,26.1200008392334,15.927230834960938,191900
2003-08-06,26.1200008392334,26.25,25.850000381469727,25.920000076293945,15.805277824401855,233900
2003-08-07,25.829999923706055,25.979999542236328,25.280000686645508,25.5,15.549171447753906,253200
2003-08-08,25.600000381469727,25.639999389648438,25.200000762939453,25.59000015258789,15.60405158996582,135000
2003-08-11,25.399999618530273,25.399999618530273,24.920000076293945,25.299999237060547,15.427212715148926,202000
2003-08-12,25.149999618530273,25.68000030517578,25.149999618530273,25.59000015258789,15.60405158996582,271900
2003-08-13,25.59000015258789,25.639999389648438,25.5,25.5,15.549171447753906,126100
2003-08-14,25.510000228881836,26.100000381469727,25.510000228881836,25.93000030517578,15.81137466430664,327400
2003-08-15,25.93000030517578,26.020000457763672,25.850000381469727,26.020000457763672,15.866252899169922,201200
2003-08-18,26.100000381469727,26.299999237060547,26.0,26.1299991607666,15.933320999145508,102400
2003-08-19,26.1299991607666,26.649999618530273,25.940000534057617,26.440000534057617,16.12235450744629,212700
2003-08-20,26.34000015258789,26.6200008392334,26.290000915527344,26.6200008392334,16.232105255126953,197300
2003-08-21,26.5,26.860000610351562,26.5,26.84000015258789,16.366270065307617,253100
2003-08-22,26.899999618530273,26.940000534057617,26.75,26.780000686645508,16.329679489135742,323600
2003-08-25,26.8799991607666,26.950000762939453,26.700000762939453,26.799999237060547,16.341876983642578,239800
2003-08-26,26.799999237060547,26.979999542236328,26.700000762939453,26.809999465942383,16.347970962524414,264800
2003-08-27,26.68000030517578,26.8799991607666,26.670000076293945,26.770000457763672,16.415424346923828,246600
2003-08-28,26.81999969482422,27.149999618530273,26.75,27.049999237060547,16.587121963500977,224700
2003-08-29,27.149999618530273,27.229999542236328,26.799999237060547,27.190000534057617,16.672977447509766,154600
2003-09-02,27.389999389648438,27.6200008392334,27.010000228881836,27.610000610351562,16.930511474609375,133200
2003-09-03,27.610000610351562,28.020000457763672,27.450000762939453,27.950000762939453,17.139005661010742,252900
2003-09-04,27.950000762939453,28.139999389648438,27.889999389648438,28.100000381469727,17.230985641479492,352000
2003-09-05,28.200000762939453,28.6299991607666,28.1200008392334,28.510000228881836,17.482391357421875,491100
2003-09-08,29.899999618530273,29.989999771118164,29.639999389648438,29.799999237060547,18.273427963256836,674400
2003-09-09,29.700000762939453,30.799999237060547,29.540000915527344,30.559999465942383,18.739458084106445,834800
2003-09-10,30.360000610351562,30.360000610351562,29.700000762939453,29.75,18.242765426635742,424100
2003-09-11,29.75,30.40999984741211,29.729999542236328,30.3700008392334,18.62295150756836,327600
2003-09-12,30.299999237060547,30.479999542236328,30.0,30.479999542236328,18.690399169921875,477600
2003-09-15,30.729999542236328,30.729999542236328,30.139999389648438,30.34000015258789,18.60456085205078,206900
2003-09-16,30.34000015258789,30.600000381469727,30.25,30.600000381469727,18.76398277282715,162900
2003-09-17,30.399999618530273,30.549999237060547,30.200000762939453,30.229999542236328,18.53710174560547,159300
2003-09-18,30.299999237060547,30.649999618530273,30.200000762939453,30.3799991607666,18.629085540771484,237300
2003-09-19,30.299999237060547,30.479999542236328,30.06999969482422,30.1200008392334,18.469646453857422,401500
2003-09-22,30.1200008392334,30.1200008392334,29.850000381469727,29.920000076293945,18.34700584411621,136200
2003-09-23,29.940000534057617,30.260000228881836,29.850000381469727,30.149999618530273,18.488046646118164,108300
2003-09-24,30.079999923706055,30.079999923706055,29.260000228881836,29.350000381469727,17.997480392456055,251400
2003-09-25,29.399999618530273,29.549999237060547,28.780000686645508,29.0,17.78285789489746,226000
2003-09-26,29.0,29.0,28.399999618530273,28.450000762939453,17.445606231689453,226200
2003-09-29,28.5,28.700000762939453,28.200000762939453,28.649999618530273,17.568246841430664,209800
2003-09-30,28.729999542236328,29.100000381469727,28.200000762939453,28.510000228881836,17.482391357421875,181300
2003-10-01,28.610000610351562,28.959999084472656,28.440000534057617,28.940000534057617,17.74607276916504,109900
2003-10-02,28.84000015258789,29.489999771118164,28.68000030517578,29.280000686645508,17.954561233520508,172200
2003-10-03,29.43000030517578,29.90999984741211,29.43000030517578,29.610000610351562,18.156917572021484,151100
2003-10-06,29.75,29.979999542236328,29.5,29.5,18.089466094970703,167700
2003-10-07,29.440000534057617,29.520000457763672,28.950000762939453,29.299999237060547,17.96682357788086,369300
2003-10-08,29.350000381469727,29.600000381469727,29.25,29.299999237060547,17.96682357788086,189100
2003-10-09,29.399999618530273,29.940000534057617,29.31999969482422,29.459999084472656,18.064937591552734,112200
2003-10-10,29.5,29.760000228881836,29.350000381469727,29.420000076293945,18.0404109954834,86700
2003-10-13,29.399999618530273,29.6200008392334,29.299999237060547,29.56999969482422,18.13239097595215,221000
2003-10-14,29.31999969482422,29.59000015258789,29.31999969482422,29.459999084472656,18.064937591552734,105200
2003-10-15,29.5,29.600000381469727,29.209999084472656,29.209999084472656,17.911645889282227,149200
2003-10-16,29.100000381469727,29.420000076293945,28.920000076293945,29.3799991607666,18.015880584716797,144100
2003-10-17,29.450000762939453,29.5,28.670000076293945,28.850000381469727,17.69089126586914,143900
2003-10-20,28.850000381469727,28.950000762939453,28.579999923706055,28.780000686645508,17.647964477539062,184400
2003-10-21,28.780000686645508,28.8700008392334,28.489999771118164,28.700000762939453,17.598905563354492,149700
2003-10-22,28.700000762939453,28.700000762939453,27.989999771118164,28.030000686645508,17.188060760498047,216000
2003-10-23,26.850000381469727,27.809999465942383,26.700000762939453,27.18000030517578,16.66683578491211,473100
2003-10-24,27.0,27.65999984741211,26.68000030517578,27.520000457763672,16.87532615661621,287000
2003-10-27,27.420000076293945,27.649999618530273,26.850000381469727,27.079999923706055,16.60551643371582,173800
2003-10-28,27.030000686645508,27.520000457763672,27.0,27.489999771118164,16.85692596435547,135000
2003-10-29,27.5,27.649999618530273,27.3700008392334,27.610000610351562,16.930511474609375,104900
2003-10-30,27.700000762939453,28.139999389648438,27.549999237060547,28.059999465942383,17.206451416015625,202800
2003-10-31,28.0,28.200000762939453,27.899999618530273,27.899999618530273,17.108335494995117,150700
2003-11-03,27.979999542236328,28.239999771118164,27.889999389648438,28.0,17.169668197631836,117800
2003-11-04,28.0,28.260000228881836,27.760000228881836,28.170000076293945,17.273897171020508,138400
2003-11-05,28.170000076293945,28.309999465942383,28.040000915527344,28.309999465942383,17.359760284423828,118700
2003-11-06,28.25,28.760000228881836,28.0,28.700000762939453,17.598905563354492,181900
2003-11-07,28.649999618530273,28.799999237060547,28.40999984741211,28.56999969482422,17.51918601989746,179900
2003-11-10,28.479999542236328,28.5,27.979999542236328,28.0,17.169668197631836,130700
2003-11-11,28.049999237060547,28.139999389648438,27.760000228881836,27.799999237060547,17.047014236450195,82500
2003-11-12,27.799999237060547,28.309999465942383,27.799999237060547,28.299999237060547,17.353628158569336,142200
2003-11-13,28.219999313354492,28.610000610351562,28.219999313354492,28.459999084472656,17.451730728149414,77800
2003-11-14,28.459999084472656,28.690000534057617,28.280000686645508,28.3799991607666,17.402677536010742,135600
2003-11-17,28.3799991607666,28.3799991607666,27.899999618530273,28.25,17.32296371459961,131400
2003-11-18,28.15999984741211,28.280000686645508,27.649999618530273,27.739999771118164,17.010231018066406,173400
2003-11-19,27.850000381469727,27.940000534057617,27.649999618530273,27.739999771118164,17.010231018066406,127800
2003-11-20,27.739999771118164,27.889999389648438,27.479999542236328,27.530000686645508,16.88145637512207,206500
2003-11-21,27.600000381469727,27.739999771118164,27.360000610351562,27.389999389648438,16.795602798461914,203600
2003-11-24,27.450000762939453,28.0,27.450000762939453,28.0,17.169668197631836,188600
2003-11-25,27.899999618530273,28.950000762939453,27.850000381469727,28.950000762939453,17.847824096679688,195300
2003-11-26,28.950000762939453,29.149999618530273,28.700000762939453,29.100000381469727,17.940296173095703,97500
2003-11-28,29.100000381469727,29.479999542236328,29.040000915527344,29.100000381469727,17.940296173095703,65400
2003-12-01,29.200000762939453,30.010000228881836,29.100000381469727,30.0,18.495147705078125,152200
2003-12-02,29.799999237060547,29.989999771118164,29.649999618530273,29.700000762939453,18.31019401550293,240400
2003-12-03,29.799999237060547,30.260000228881836,29.760000228881836,29.889999389648438,18.427343368530273,142600
2003-12-04,29.790000915527344,30.5,29.709999084472656,30.5,18.80340576171875,210200
2003-12-05,30.450000762939453,30.760000228881836,30.399999618530273,30.549999237060547,18.834224700927734,264400
2003-12-08,30.559999465942383,31.059999465942383,30.559999465942383,30.8799991607666,19.03767204284668,200300
2003-12-09,31.0,31.399999618530273,30.899999618530273,31.079999923706055,19.160974502563477,168300
2003-12-10,30.899999618530273,30.989999771118164,30.290000915527344,30.290000915527344,18.67393684387207,187500
2003-12-11,30.3700008392334,31.8799991607666,30.299999237060547,31.8799991607666,19.6541748046875,249600
2003-12-12,31.8799991607666,32.380001068115234,31.559999465942383,32.349998474121094,19.943939208984375,269300
2003-12-15,33.20000076293945,33.20000076293945,31.5,31.729999542236328,19.561704635620117,160300
2003-12-16,31.729999542236328,31.860000610351562,31.3799991607666,31.799999237060547,19.604862213134766,116900
2003-12-17,32.0,32.31999969482422,31.68000030517578,31.770000457763672,19.58635711669922,198900
2003-12-18,31.670000076293945,32.25,31.459999084472656,31.700000762939453,19.543209075927734,217100
2003-12-19,31.799999237060547,32.220001220703125,31.5,31.600000381469727,19.481557846069336,140300
2003-12-22,31.399999618530273,32.0099983215332,31.350000381469727,32.0099983215332,19.734315872192383,176100
2003-12-23,31.799999237060547,32.25,31.690000534057617,32.099998474121094,19.789806365966797,173000
2003-12-24,32.150001525878906,32.310001373291016,32.04999923706055,32.06999969482422,19.771312713623047,31100
2003-12-26,32.02000045776367,32.189998626708984,31.90999984741211,31.950000762939453,19.69732666015625,26300
2003-12-29,32.04999923706055,32.369998931884766,31.90999984741211,32.22999954223633,19.869949340820312,141900
2003-12-30,32.099998474121094,32.27000045776367,31.920000076293945,31.920000076293945,19.678829193115234,122000
2003-12-31,32.0,32.34000015258789,31.68000030517578,31.84000015258789,19.6295166015625,229000
2004-01-02,31.899999618530273,32.15999984741211,31.530000686645508,31.649999618530273,19.512380599975586,130700
2004-01-05,31.950000762939453,32.58000183105469,31.889999389648438,32.5,20.036409378051758,183200
2004-01-06,32.349998474121094,32.58000183105469,31.729999542236328,31.940000534057617,19.691171646118164,165600
2004-01-07,32.0,32.0,31.479999542236328,31.709999084472656,19.549367904663086,107800
2004-01-08,32.209999084472656,32.459999084472656,32.13999938964844,32.18000030517578,19.839126586914062,167000
2004-01-09,31.8799991607666,32.06999969482422,31.329999923706055,31.59000015258789,19.475385665893555,204000
2004-01-12,31.59000015258789,32.25,31.579999923706055,32.040000915527344,19.7528133392334,125200
2004-01-13,32.13999938964844,32.20000076293945,31.649999618530273,31.950000762939453,19.69732666015625,241500
2004-01-14,32.099998474121094,32.099998474121094,31.420000076293945,31.43000030517578,19.376747131347656,80600
2004-01-15,31.270000457763672,31.790000915527344,30.8799991607666,31.690000534057617,19.537044525146484,119500
2004-01-16,31.649999618530273,31.65999984741211,31.200000762939453,31.350000381469727,19.327434539794922,100900
2004-01-20,31.25,31.940000534057617,31.15999984741211,31.81999969482422,19.617185592651367,162300
2004-01-21,31.5,31.770000457763672,31.209999084472656,31.260000228881836,19.27194595336914,152700
2004-01-22,31.110000610351562,31.290000915527344,30.280000686645508,30.31999969482422,18.692428588867188,146400
2004-01-23,30.219999313354492,30.799999237060547,29.469999313354492,30.440000534057617,18.766416549682617,454900
2004-01-26,30.5,31.549999237060547,30.139999389648438,31.31999969482422,19.308940887451172,389800
2004-01-27,31.469999313354492,32.29999923706055,31.350000381469727,31.93000030517578,19.68500328063965,277400
2004-01-28,32.18000030517578,32.36000061035156,31.399999618530273,31.459999084472656,19.39524269104004,177100
2004-01-29,31.459999084472656,31.959999084472656,31.25,31.25,19.265775680541992,312900
2004-01-30,31.299999237060547,31.549999237060547,31.290000915527344,31.479999542236328,19.407569885253906,190500
2004-02-02,31.280000686645508,31.889999389648438,31.200000762939453,31.200000762939453,19.234952926635742,200400
2004-02-03,31.350000381469727,31.540000915527344,31.170000076293945,31.18000030517578,19.222623825073242,184900
2004-02-04,31.170000076293945,31.600000381469727,30.40999984741211,30.59000015258789,18.8588809967041,167800
2004-02-05,30.549999237060547,32.27000045776367,30.549999237060547,31.639999389648438,19.506216049194336,314600
2004-02-06,31.700000762939453,32.439998626708984,31.700000762939453,32.34000015258789,19.937776565551758,181100
2004-02-09,32.29999923706055,33.40999984741211,32.29999923706055,32.45000076293945,20.005582809448242,270800
2004-02-10,32.54999923706055,33.90999984741211,32.47999954223633,33.59000015258789,20.70840072631836,266800
2004-02-11,33.29999923706055,33.97999954223633,33.29999923706055,33.810001373291016,20.844026565551758,128300
2004-02-12,33.560001373291016,33.9900016784668,33.470001220703125,33.65999984741211,20.751562118530273,196700
2004-02-13,33.68000030517578,33.79999923706055,32.900001525878906,32.970001220703125,20.326168060302734,162100
2004-02-17,33.16999816894531,34.959999084472656,33.16999816894531,34.869998931884766,21.497528076171875,396100
2004-02-18,34.65999984741211,34.79999923706055,33.650001525878906,33.650001525878906,20.745389938354492,338800
2004-02-19,33.880001068115234,34.400001525878906,33.459999084472656,33.5099983215332,20.659082412719727,160200
2004-02-20,33.599998474121094,33.75,32.81999969482422,33.349998474121094,20.560440063476562,166200
2004-02-23,33.400001525878906,33.63999938964844,33.119998931884766,33.29999923706055,20.529611587524414,108600
2004-02-24,33.400001525878906,33.560001373291016,32.880001068115234,33.209999084472656,20.474124908447266,142000
2004-02-25,33.2599983215332,34.06999969482422,32.970001220703125,33.900001525878906,20.994342803955078,170800
2004-02-26,33.79999923706055,34.040000915527344,33.150001525878906,34.040000915527344,21.081045150756836,211500
2004-02-27,33.939998626708984,34.709999084472656,33.939998626708984,34.599998474121094,21.4278564453125,170100
2004-03-01,34.54999923706055,35.099998474121094,34.45000076293945,34.84000015258789,21.576486587524414,170200
2004-03-02,34.7400016784668,35.0,34.43000030517578,34.43000030517578,21.32257843017578,140700
2004-03-03,34.349998474121094,34.61000061035156,33.720001220703125,34.43000030517578,21.32257843017578,114100
2004-03-04,34.349998474121094,34.9900016784668,34.029998779296875,34.849998474121094,21.58267593383789,141100
2004-03-05,34.5,35.599998474121094,34.369998931884766,35.040000915527344,21.700345993041992,256600
2004-03-08,34.599998474121094,34.61000061035156,33.75,34.119998931884766,21.130586624145508,329200
2004-03-09,34.20000076293945,34.20000076293945,33.52000045776367,33.77000045776367,20.913835525512695,204100
2004-03-10,33.58000183105469,33.75,32.689998626708984,32.689998626708984,20.24498748779297,132800
2004-03-11,32.709999084472656,33.25,32.5099983215332,32.91999816894531,20.387414932250977,212900
2004-03-12,32.90999984741211,33.400001525878906,32.689998626708984,33.400001525878906,20.68468475341797,256400
2004-03-15,33.45000076293945,33.45000076293945,32.060001373291016,32.189998626708984,19.935340881347656,128100
2004-03-16,32.439998626708984,33.439998626708984,32.439998626708984,33.04999923706055,20.467937469482422,280400
2004-03-17,32.97999954223633,33.5,32.83000183105469,33.41999816894531,20.697078704833984,276300
2004-03-18,33.349998474121094,33.68000030517578,33.2599983215332,33.58000183105469,20.796173095703125,184200
2004-03-19,33.599998474121094,33.939998626708984,33.36000061035156,33.529998779296875,20.765199661254883,183600
2004-03-22,33.4900016784668,33.4900016784668,32.5,32.70000076293945,20.251176834106445,253000
2004-03-23,33.0,33.720001220703125,33.0,33.060001373291016,20.4741268157959,146400
2004-03-24,32.959999084472656,33.08000183105469,32.04999923706055,32.130001068115234,19.898181915283203,252700
2004-03-25,32.130001068115234,32.54999923706055,32.040000915527344,32.459999084472656,20.102550506591797,284700
2004-03-26,32.459999084472656,32.459999084472656,32.04999923706055,32.150001525878906,19.91055679321289,222500
2004-03-29,32.119998931884766,32.61000061035156,32.119998931884766,32.52000045776367,20.139707565307617,406800
2004-03-30,32.54999923706055,33.04999923706055,32.34000015258789,33.040000915527344,20.461742401123047,261400
2004-03-31,32.9900016784668,33.0,32.650001525878906,32.79999923706055,20.31309700012207,191900
2004-04-01,32.70000076293945,33.279998779296875,32.65999984741211,32.91999816894531,20.387414932250977,168000
2004-04-02,33.16999816894531,33.65999984741211,33.04999923706055,33.470001220703125,20.728038787841797,161000
2004-04-05,33.43000030517578,34.0,33.400001525878906,33.959999084472656,21.031494140625,181600
2004-04-06,33.95000076293945,33.970001220703125,33.54999923706055,33.849998474121094,20.96337890625,250400
2004-04-07,33.75,34.08000183105469,33.5099983215332,33.7599983215332,20.907638549804688,265700
2004-04-08,33.79999923706055,33.90999984741211,32.970001220703125,33.130001068115234,20.517484664916992,161700
2004-04-12,32.97999954223633,33.54999923706055,32.97999954223633,33.27000045776367,20.604177474975586,151100
2004-04-13,33.099998474121094,33.20000076293945,32.47999954223633,32.47999954223633,20.114931106567383,147700
2004-04-14,32.22999954223633,32.88999938964844,31.649999618530273,31.649999618530273,19.600915908813477,219400
2004-04-15,31.899999618530273,32.849998474121094,31.899999618530273,32.56999969482422,20.17067527770996,165200
2004-04-16,32.52000045776367,32.93000030517578,32.220001220703125,32.93000030517578,20.393617630004883,74100
2004-04-19,32.779998779296875,33.11000061035156,32.560001373291016,33.11000061035156,20.50510025024414,91700
2004-04-20,33.0,33.130001068115234,32.29999923706055,32.29999923706055,20.003456115722656,142000
2004-04-21,32.58000183105469,32.849998474121094,32.29999923706055,32.849998474121094,20.344074249267578,183600
2004-04-22,32.849998474121094,34.56999969482422,32.849998474121094,34.529998779296875,21.384506225585938,221200
2004-04-23,34.630001068115234,34.630001068115234,33.88999938964844,34.25,21.211103439331055,217700
2004-04-26,34.25,34.93000030517578,34.20000076293945,34.33000183105469,21.260644912719727,324900
2004-04-27,34.349998474121094,34.45000076293945,33.810001373291016,33.900001525878906,20.994342803955078,163900
2004-04-28,34.5,34.68000030517578,33.209999084472656,34.25,21.211103439331055,491500
2004-04-29,34.349998474121094,35.0,33.400001525878906,33.7599983215332,20.907638549804688,293900
2004-04-30,33.849998474121094,34.540000915527344,33.779998779296875,33.79999923706055,20.932405471801758,298900
2004-05-03,34.0,34.099998474121094,33.66999816894531,33.970001220703125,21.037704467773438,389400
2004-05-04,34.06999969482422,34.689998626708984,33.97999954223633,34.459999084472656,21.341156005859375,539200
2004-05-05,34.65999984741211,34.900001525878906,34.4900016784668,34.65999984741211,21.465017318725586,298900
2004-05-06,34.65999984741211,34.880001068115234,34.029998779296875,34.68000030517578,21.477405548095703,368100
2004-05-07,34.650001525878906,34.849998474121094,33.5099983215332,33.5099983215332,20.752811431884766,222300
2004-05-10,33.349998474121094,33.5099983215332,32.86000061035156,32.900001525878906,20.375043869018555,323600
2004-05-11,33.150001525878906,33.68000030517578,33.099998474121094,33.619998931884766,20.820945739746094,149800
2004-05-12,33.599998474121094,33.599998474121094,32.650001525878906,33.2599983215332,20.59798240661621,224400
2004-05-13,33.150001525878906,33.81999969482422,33.150001525878906,33.400001525878906,20.68468475341797,256600
2004-05-14,33.5,34.349998474121094,33.25,33.70000076293945,20.870481491088867,265600
2004-05-17,33.45000076293945,34.04999923706055,33.45000076293945,33.72999954223633,20.889068603515625,331500
2004-05-18,33.97999954223633,34.4900016784668,33.95000076293945,34.43000030517578,21.32257843017578,233600
2004-05-19,34.54999923706055,35.0,34.099998474121094,34.099998474121094,21.118206024169922,280200
2004-05-20,34.150001525878906,34.75,34.09000015258789,34.529998779296875,21.384506225585938,167100
2004-05-21,34.470001220703125,34.9900016784668,34.40999984741211,34.86000061035156,21.588871002197266,256800
2004-05-24,34.86000061035156,35.18000030517578,34.75,34.849998474121094,21.58267593383789,428800
2004-05-25,34.75,35.61000061035156,34.560001373291016,35.5099983215332,21.99142837524414,325700
2004-05-26,35.0,35.650001525878906,34.900001525878906,35.54999923706055,22.109586715698242,245200
2004-05-27,35.45000076293945,36.0,35.099998474121094,35.81999969482422,22.27750587463379,251000
2004-05-28,35.900001525878906,35.97999954223633,35.70000076293945,35.939998626708984,22.352128982543945,151300
2004-06-01,35.84000015258789,36.88999938964844,35.84000015258789,36.52000045776367,22.71286392211914,307300
2004-06-02,36.529998779296875,36.9900016784668,36.4900016784668,36.66999816894531,22.806148529052734,173500
2004-06-03,36.369998931884766,36.529998779296875,35.599998474121094,35.630001068115234,22.159337997436523,322700
2004-06-04,35.65999984741211,36.189998626708984,35.599998474121094,35.72999954223633,22.22153091430664,340200
2004-06-07,35.83000183105469,36.599998474121094,35.81999969482422,36.209999084472656,22.520051956176758,344200
2004-06-08,36.04999923706055,37.2599983215332,35.95000076293945,37.20000076293945,23.135766983032227,266100
2004-06-09,36.95000076293945,37.380001068115234,36.93000030517578,37.0,23.01139259338379,267900
2004-06-10,36.95000076293945,37.400001525878906,36.91999816894531,37.18000030517578,23.123327255249023,183700
2004-06-14,36.5,37.099998474121094,36.5,36.779998779296875,22.874553680419922,174000
2004-06-15,37.0,37.90999984741211,36.97999954223633,37.720001220703125,23.45917510986328,337800
2004-06-16,37.56999969482422,38.04999923706055,37.36000061035156,37.84000015258789,23.533796310424805,310100
2004-06-17,37.790000915527344,38.099998474121094,37.4900016784668,37.95000076293945,23.602222442626953,332300
2004-06-18,37.75,39.56999969482422,37.75,39.43000030517578,24.52266502380371,667900
2004-06-21,39.29999923706055,39.619998931884766,38.93000030517578,38.939998626708984,24.217931747436523,249500
2004-06-22,38.689998626708984,39.36000061035156,38.59000015258789,38.79999923706055,24.130859375,632500
2004-06-23,38.95000076293945,39.88999938964844,38.90999984741211,39.79999923706055,24.752784729003906,331000
2004-06-24,39.93000030517578,39.970001220703125,39.130001068115234,39.25,24.410722732543945,397700
2004-06-25,39.099998474121094,39.7400016784668,39.099998474121094,39.70000076293945,24.690584182739258,230400
2004-06-28,39.29999923706055,39.560001373291016,39.0099983215332,39.45000076293945,24.535114288330078,524100
2004-06-29,39.459999084472656,40.0,39.459999084472656,40.0,24.877174377441406,232800
2004-06-30,40.0,40.70000076293945,39.619998931884766,40.70000076293945,25.312517166137695,321800
2004-07-01,40.70000076293945,40.75,39.279998779296875,39.900001525878906,24.814977645874023,280800
2004-07-02,40.0,40.0,38.959999084472656,39.209999084472656,24.38585090637207,225600
2004-07-06,38.849998474121094,38.900001525878906,38.31999969482422,38.31999969482422,23.83233642578125,318200
2004-07-07,38.33000183105469,38.880001068115234,37.43000030517578,38.75,24.099761962890625,592600
2004-07-08,38.599998474121094,38.619998931884766,37.810001373291016,37.849998474121094,23.540023803710938,304700
2004-07-09,38.099998474121094,38.970001220703125,37.869998931884766,38.849998474121094,24.161951065063477,349800
2004-07-12,38.88999938964844,39.09000015258789,38.25,38.70000076293945,24.06866455078125,240900
2004-07-13,38.900001525878906,38.97999954223633,38.540000915527344,38.81999969482422,24.143299102783203,219400
2004-07-14,38.619998931884766,39.63999938964844,38.56999969482422,38.900001525878906,24.19304656982422,325900
2004-07-15,39.0,39.04999923706055,38.47999954223633,38.61000061035156,24.012693405151367,188500
2004-07-16,38.599998474121094,38.599998474121094,37.95000076293945,38.11000061035156,23.70172691345215,212400
2004-07-19,38.0,38.0,37.2400016784668,37.5,23.322349548339844,251800
2004-07-20,37.5,38.279998779296875,37.40999984741211,38.279998779296875,23.807449340820312,251300
2004-07-21,38.27000045776367,38.400001525878906,37.189998626708984,37.220001220703125,23.148212432861328,216900
2004-07-22,37.16999816894531,37.65999984741211,36.5,37.25,23.166860580444336,313400
2004-07-23,37.0,37.099998474121094,36.400001525878906,36.88999938964844,22.94296646118164,305000
2004-07-26,36.83000183105469,37.040000915527344,36.66999816894531,36.939998626708984,22.97407341003418,264100
2004-07-27,37.09000015258789,37.33000183105469,36.7599983215332,37.150001525878906,23.10468101501465,268400
2004-07-28,37.150001525878906,37.84000015258789,37.0,37.81999969482422,23.52137565612793,278300
2004-07-29,37.790000915527344,38.70000076293945,37.72999954223633,38.5,23.94428253173828,209600
2004-07-30,38.400001525878906,38.63999938964844,38.08000183105469,38.08000183105469,23.683074951171875,143100
2004-08-02,38.150001525878906,39.400001525878906,38.150001525878906,39.36000061035156,24.479141235351562,290500
2004-08-03,39.209999084472656,39.220001220703125,38.400001525878906,38.439998626708984,23.90696144104004,306800
2004-08-04,38.34000015258789,38.349998474121094,37.79999923706055,38.2599983215332,23.795005798339844,518200
2004-08-05,38.15999984741211,38.31999969482422,37.630001068115234,37.689998626708984,23.44051742553711,313500
2004-08-06,37.59000015258789,37.68000030517578,36.529998779296875,36.540000915527344,22.725296020507812,155200
2004-08-09,36.41999816894531,36.709999084472656,36.31999969482422,36.43000030517578,22.656888961791992,200800
2004-08-10,36.58000183105469,37.38999938964844,36.58000183105469,37.349998474121094,23.229053497314453,211600
2004-08-11,37.25,37.939998626708984,36.90999984741211,37.790000915527344,23.50270652770996,186500
2004-08-12,37.540000915527344,37.540000915527344,36.68000030517578,36.97999954223633,22.998939514160156,145400
2004-08-13,36.97999954223633,37.209999084472656,36.5099983215332,36.7599983215332,22.862123489379883,91200
2004-08-16,36.900001525878906,38.029998779296875,36.84000015258789,37.849998474121094,23.540023803710938,217500
2004-08-17,37.849998474121094,38.29999923706055,37.75,38.04999923706055,23.664405822753906,127100
2004-08-18,38.04999923706055,38.58000183105469,37.630001068115234,38.58000183105469,23.99403190612793,159200
2004-08-19,38.58000183105469,38.58000183105469,38.06999969482422,38.2599983215332,23.795005798339844,55800
2004-08-20,38.150001525878906,38.9900016784668,38.13999938964844,38.70000076293945,24.06866455078125,97500
2004-08-23,38.880001068115234,39.02000045776367,38.08000183105469,38.369998931884766,23.863426208496094,130200
2004-08-24,38.70000076293945,39.06999969482422,38.65999984741211,39.060001373291016,24.292564392089844,112700
2004-08-25,39.029998779296875,39.40999984741211,38.630001068115234,39.25,24.50482749938965,118800
2004-08-26,39.29999923706055,39.5,39.060001373291016,39.2400016784668,24.498592376708984,77000
2004-08-27,39.349998474121094,39.59000015258789,39.099998474121094,39.45000076293945,24.629697799682617,81000
2004-08-30,39.5,39.849998474121094,38.779998779296875,38.79999923706055,24.223886489868164,156000
2004-08-31,38.650001525878906,39.84000015258789,38.650001525878906,39.84000015258789,24.87318992614746,307700
2004-09-01,39.84000015258789,40.0,39.540000915527344,39.619998931884766,24.7358341217041,280800
2004-09-02,39.7599983215332,40.40999984741211,39.66999816894531,40.290000915527344,25.154142379760742,174700
2004-09-03,40.20000076293945,40.29999923706055,40.04999923706055,40.2599983215332,25.13538932800293,124200
2004-09-07,40.5,40.810001373291016,40.060001373291016,40.400001525878906,25.222806930541992,198300
2004-09-08,40.400001525878906,40.5,37.959999084472656,38.29999923706055,23.91172218322754,621600
2004-09-09,38.650001525878906,38.91999816894531,37.540000915527344,37.93000030517578,23.68072509765625,604000
2004-09-10,37.93000030517578,37.93000030517578,37.380001068115234,37.779998779296875,23.587074279785156,226600
2004-09-13,37.619998931884766,37.630001068115234,36.72999954223633,36.7400016784668,22.937768936157227,516800
2004-09-14,36.79999923706055,36.88999938964844,35.20000076293945,35.61000061035156,22.23227310180664,832700
2004-09-15,35.77000045776367,36.150001525878906,35.349998474121094,35.75,22.31968879699707,247000
2004-09-16,36.5,37.45000076293945,36.45000076293945,37.41999816894531,23.36231231689453,385100
2004-09-17,37.38999938964844,38.439998626708984,37.369998931884766,37.70000076293945,23.537124633789062,401800
2004-09-20,37.45000076293945,37.790000915527344,37.2599983215332,37.38999938964844,23.343585968017578,214500
2004-09-21,37.369998931884766,37.63999938964844,36.849998474121094,37.13999938964844,23.1875,231700
2004-09-22,37.13999938964844,37.13999938964844,36.5,36.540000915527344,22.812894821166992,224700
2004-09-23,36.59000015258789,36.61000061035156,36.06999969482422,36.130001068115234,22.55694007873535,181600
2004-09-24,36.209999084472656,36.439998626708984,36.150001525878906,36.33000183105469,22.681800842285156,218000
2004-09-27,36.22999954223633,36.33000183105469,35.810001373291016,36.33000183105469,22.681800842285156,261000
2004-09-28,36.29999923706055,37.15999984741211,36.29999923706055,37.130001068115234,23.181259155273438,178500
2004-09-29,37.20000076293945,38.279998779296875,36.9900016784668,38.18000030517578,23.8367977142334,367000
2004-09-30,38.25,38.63999938964844,38.20000076293945,38.56999969482422,24.080278396606445,214200
2004-10-01,38.720001220703125,38.83000183105469,38.099998474121094,38.83000183105469,24.24261474609375,224400
2004-10-04,38.9900016784668,38.9900016784668,38.68000030517578,38.779998779296875,24.211400985717773,142500
2004-10-05,38.79999923706055,38.79999923706055,38.130001068115234,38.13999938964844,23.811840057373047,256100
2004-10-06,38.31999969482422,38.630001068115234,38.09000015258789,38.279998779296875,23.89923858642578,201400
2004-10-07,38.25,38.400001525878906,38.0,38.0,23.724414825439453,241500
2004-10-08,37.880001068115234,37.970001220703125,37.27000045776367,37.66999816894531,23.51838493347168,319900
2004-10-11,37.54999923706055,38.040000915527344,37.54999923706055,37.70000076293945,23.537124633789062,103600
2004-10-12,37.400001525878906,37.400001525878906,36.970001220703125,37.099998474121094,23.16252899169922,88600
2004-10-13,37.349998474121094,37.470001220703125,36.36000061035156,36.560001373291016,22.82539176940918,211600
2004-10-14,36.7599983215332,37.209999084472656,36.38999938964844,36.38999938964844,22.71925163269043,240200
2004-10-15,36.58000183105469,37.900001525878906,36.58000183105469,37.36000061035156,23.324846267700195,255300
2004-10-18,37.369998931884766,37.63999938964844,37.0099983215332,37.15999984741211,23.199987411499023,114100
2004-10-19,37.20000076293945,37.36000061035156,36.61000061035156,36.880001068115234,23.02518081665039,127400
2004-10-20,36.779998779296875,37.22999954223633,36.70000076293945,36.81999969482422,22.987709045410156,105700
2004-10-21,36.7599983215332,37.130001068115234,36.29999923706055,36.72999954223633,22.931533813476562,156700
2004-10-22,36.5,37.540000915527344,36.29999923706055,36.29999923706055,22.66306495666504,151300
2004-10-25,36.380001068115234,36.810001373291016,36.099998474121094,36.29999923706055,22.66306495666504,242900
2004-10-26,36.22999954223633,36.650001525878906,35.849998474121094,36.25,22.63184928894043,232700
2004-10-27,36.29999923706055,37.290000915527344,36.04999923706055,37.290000915527344,23.281156539916992,296300
2004-10-28,36.20000076293945,36.20000076293945,32.459999084472656,33.150001525878906,20.696449279785156,1427300
2004-10-29,33.5,34.599998474121094,33.5,34.08000183105469,21.277063369750977,698700
2004-11-01,35.20000076293945,35.54999923706055,34.70000076293945,34.93000030517578,21.8077392578125,690200
2004-11-02,34.79999923706055,34.90999984741211,34.11000061035156,34.11000061035156,21.295785903930664,445800
2004-11-03,34.36000061035156,35.0,34.36000061035156,34.86000061035156,21.7640380859375,493200
2004-11-04,34.7599983215332,35.66999816894531,34.7400016784668,35.5,22.163606643676758,256800
2004-11-05,35.650001525878906,35.88999938964844,34.81999969482422,35.0,21.851438522338867,227600
2004-11-08,34.849998474121094,35.13999938964844,34.61000061035156,34.970001220703125,21.832719802856445,159500
2004-11-09,35.04999923706055,35.400001525878906,34.75,35.20000076293945,21.976303100585938,197900
2004-11-10,35.13999938964844,35.43000030517578,35.040000915527344,35.15999984741211,21.95132827758789,101000
2004-11-11,35.310001373291016,35.869998931884766,35.150001525878906,35.79999923706055,22.350902557373047,145600
2004-11-12,35.630001068115234,35.970001220703125,35.380001068115234,35.970001220703125,22.457033157348633,99000
2004-11-15,35.900001525878906,35.900001525878906,35.36000061035156,35.790000915527344,22.34465980529785,143000
2004-11-16,35.7400016784668,36.0,35.4900016784668,35.70000076293945,22.288475036621094,168800
2004-11-17,35.79999923706055,37.08000183105469,35.79999923706055,36.41999816894531,22.737987518310547,467200
2004-11-18,36.470001220703125,37.099998474121094,36.25,36.7400016784668,22.937768936157227,225900
2004-11-19,36.70000076293945,36.959999084472656,36.40999984741211,36.75,22.944007873535156,182200
2004-11-22,36.79999923706055,36.939998626708984,36.29999923706055,36.5,22.787931442260742,296900
2004-11-23,36.59000015258789,36.7599983215332,36.310001373291016,36.47999954223633,22.875728607177734,104400
2004-11-24,36.61000061035156,36.959999084472656,36.58000183105469,36.7400016784668,23.038755416870117,127900
2004-11-26,36.84000015258789,37.4900016784668,36.84000015258789,36.90999984741211,23.14536476135254,52000
2004-11-29,37.15999984741211,37.779998779296875,37.13999938964844,37.779998779296875,23.69092559814453,254600
2004-11-30,37.58000183105469,37.900001525878906,37.400001525878906,37.650001525878906,23.609405517578125,190600
2004-12-01,37.70000076293945,38.45000076293945,37.70000076293945,38.40999984741211,24.085968017578125,311800
2004-12-02,38.15999984741211,38.43000030517578,37.95000076293945,38.04999923706055,23.860233306884766,236300
2004-12-03,37.900001525878906,37.900001525878906,37.060001373291016,37.18000030517578,23.314668655395508,287700
2004-12-06,37.2400016784668,37.40999984741211,36.70000076293945,36.900001525878906,23.13909339904785,282500
2004-12-07,36.95000076293945,37.04999923706055,36.400001525878906,36.5,22.888261795043945,224100
2004-12-08,36.45000076293945,37.11000061035156,36.400001525878906,37.08000183105469,23.251970291137695,208300
2004-12-09,36.97999954223633,37.0,36.189998626708984,36.66999816894531,22.994863510131836,410700
2004-12-10,36.56999969482422,36.61000061035156,36.29999923706055,36.52000045776367,22.90081024169922,203800
2004-12-13,36.619998931884766,37.15999984741211,36.59000015258789,37.13999938964844,23.289592742919922,112600
2004-12-14,36.9900016784668,37.4900016784668,36.9900016784668,37.4900016784668,23.509075164794922,254400
2004-12-15,37.380001068115234,37.709999084472656,37.25,37.709999084472656,23.647016525268555,156700
2004-12-16,37.70000076293945,37.95000076293945,37.08000183105469,37.56999969482422,23.559234619140625,201900
2004-12-17,37.2599983215332,37.5099983215332,36.5,36.63999938964844,22.976049423217773,286100
2004-12-20,36.7400016784668,37.279998779296875,36.70000076293945,37.18000030517578,23.314668655395508,112500
2004-12-21,37.08000183105469,37.439998626708984,36.70000076293945,37.22999954223633,23.346031188964844,149300
2004-12-22,37.18000030517578,37.869998931884766,37.130001068115234,37.709999084472656,23.647016525268555,118600
2004-12-23,37.709999084472656,38.650001525878906,37.630001068115234,38.599998474121094,24.20513343811035,169700
2004-12-27,38.59000015258789,38.59000015258789,38.130001068115234,38.38999938964844,24.07343292236328,161700
2004-12-28,38.29999923706055,39.18000030517578,38.29999923706055,39.18000030517578,24.56882667541504,158200
2004-12-29,39.060001373291016,39.06999969482422,38.77000045776367,38.880001068115234,24.380706787109375,116100
2004-12-30,38.880001068115234,39.27000045776367,38.779998779296875,39.27000045776367,24.62527084350586,94700
2004-12-31,39.189998626708984,39.220001220703125,38.66999816894531,38.68000030517578,24.25529670715332,76800
2005-01-03,38.779998779296875,39.20000076293945,38.06999969482422,38.27000045776367,23.998188018798828,156200
2005-01-04,38.27000045776367,38.70000076293945,36.939998626708984,37.0,23.201801300048828,152300
2005-01-05,36.900001525878906,37.16999816894531,36.060001373291016,36.119998931884766,22.64996910095215,234800
2005-01-06,36.119998931884766,36.880001068115234,36.119998931884766,36.54999923706055,22.919618606567383,107200
2005-01-07,36.63999938964844,36.650001525878906,36.150001525878906,36.209999084472656,22.706409454345703,61600
2005-01-10,36.08000183105469,36.59000015258789,36.08000183105469,36.150001525878906,22.668787002563477,145800
2005-01-11,36.150001525878906,36.150001525878906,35.400001525878906,35.4900016784668,22.25491714477539,251500
2005-01-12,35.4900016784668,35.54999923706055,35.0099983215332,35.29999923706055,22.135772705078125,261800
2005-01-13,35.41999816894531,35.720001220703125,35.220001220703125,35.279998779296875,22.123226165771484,143700
2005-01-14,35.290000915527344,35.650001525878906,35.290000915527344,35.349998474121094,22.1671142578125,121900
2005-01-18,35.36000061035156,36.22999954223633,35.349998474121094,36.119998931884766,22.64996910095215,315300
2005-01-19,36.0,36.060001373291016,35.599998474121094,35.65999984741211,22.361520767211914,93300
2005-01-20,35.599998474121094,35.86000061035156,35.0,35.20000076293945,22.07306671142578,186600
2005-01-21,35.349998474121094,35.56999969482422,35.2599983215332,35.41999816894531,22.211021423339844,98500
2005-01-24,35.41999816894531,35.779998779296875,34.84000015258789,34.880001068115234,21.872400283813477,134100
2005-01-25,34.83000183105469,35.31999969482422,34.77000045776367,35.0,21.947650909423828,216600
2005-01-26,35.099998474121094,35.189998626708984,34.869998931884766,35.0099983215332,21.953922271728516,168100
2005-01-27,35.02000045776367,35.02000045776367,34.4900016784668,34.599998474121094,21.696821212768555,305300
2005-01-28,34.79999923706055,34.79999923706055,33.970001220703125,34.13999938964844,21.40836524963379,252300
2005-01-31,34.41999816894531,35.060001373291016,34.41999816894531,35.0,21.947650909423828,176200
2005-02-01,35.0,35.209999084472656,34.650001525878906,35.0,21.947650909423828,232000
2005-02-02,34.90999984741211,34.90999984741211,34.220001220703125,34.5,21.634111404418945,223800
2005-02-03,34.58000183105469,34.810001373291016,34.189998626708984,34.810001373291016,21.828502655029297,148200
2005-02-04,34.65999984741211,35.2400016784668,34.65999984741211,35.20000076293945,22.07306671142578,163900
2005-02-07,35.20000076293945,35.470001220703125,35.150001525878906,35.22999954223633,22.09187889099121,174600
2005-02-08,35.130001068115234,35.150001525878906,34.880001068115234,35.0,21.947650909423828,109800
2005-02-09,34.88999938964844,35.029998779296875,34.209999084472656,34.2599983215332,21.483619689941406,99500
2005-02-10,34.25,34.43000030517578,34.0,34.310001373291016,21.51496124267578,255900
2005-02-11,34.310001373291016,35.040000915527344,34.099998474121094,34.869998931884766,21.866130828857422,86500
2005-02-14,34.75,35.0,34.619998931884766,34.9900016784668,21.941377639770508,107800
2005-02-15,34.88999938964844,35.04999923706055,34.5099983215332,34.63999938964844,21.721900939941406,184600
2005-02-16,34.5,35.0,34.33000183105469,35.0,21.947650909423828,170100
2005-02-17,35.0,35.150001525878906,34.689998626708984,34.7599983215332,21.797149658203125,198000
2005-02-18,34.9900016784668,35.040000915527344,34.72999954223633,34.91999816894531,21.897483825683594,191300
2005-02-22,34.93000030517578,35.099998474121094,34.540000915527344,34.630001068115234,21.715639114379883,243000
2005-02-23,34.630001068115234,35.0,34.61000061035156,34.900001525878906,21.986520767211914,159300
2005-02-24,34.72999954223633,35.43000030517578,34.63999938964844,35.349998474121094,22.270008087158203,324700
2005-02-25,35.400001525878906,35.470001220703125,34.810001373291016,34.970001220703125,22.03063201904297,313100
2005-02-28,34.869998931884766,35.20000076293945,34.45000076293945,34.79999923706055,21.92352867126465,266800
2005-03-01,34.959999084472656,35.400001525878906,34.779998779296875,35.060001373291016,22.08732795715332,187000
2005-03-02,35.0,35.04999923706055,34.720001220703125,34.939998626708984,22.01171875,138600
2005-03-03,35.04999923706055,35.189998626708984,34.529998779296875,34.56999969482422,21.778627395629883,240600
2005-03-04,34.849998474121094,35.470001220703125,34.75,35.470001220703125,22.34562110900879,480900
2005-03-07,35.470001220703125,35.66999816894531,35.34000015258789,35.54999923706055,22.396013259887695,256500
2005-03-08,35.65999984741211,35.65999984741211,35.029998779296875,35.29999923706055,22.238521575927734,151900
2005-03-09,35.470001220703125,35.75,35.400001525878906,35.529998779296875,22.3834228515625,165900
2005-03-10,35.630001068115234,35.68000030517578,34.79999923706055,35.16999816894531,22.1566219329834,107600
2005-03-11,35.290000915527344,35.65999984741211,35.290000915527344,35.5,22.36451530456543,162300
2005-03-14,35.70000076293945,35.75,35.040000915527344,35.349998474121094,22.270008087158203,178900
2005-03-15,35.54999923706055,35.63999938964844,34.779998779296875,34.88999938964844,21.980234146118164,144400
2005-03-16,34.88999938964844,34.97999954223633,34.119998931884766,34.290000915527344,21.602230072021484,229300
2005-03-17,34.540000915527344,34.72999954223633,34.22999954223633,34.560001373291016,21.772321701049805,131200
2005-03-18,34.7599983215332,34.81999969482422,34.189998626708984,34.4900016784668,21.72823143005371,277300
2005-03-21,34.56999969482422,34.58000183105469,34.290000915527344,34.540000915527344,21.759727478027344,158300
2005-03-22,34.40999984741211,34.40999984741211,34.0099983215332,34.09000015258789,21.47623062133789,320800
2005-03-23,34.02000045776367,34.150001525878906,33.439998626708984,33.70000076293945,21.230541229248047,435400
2005-03-24,33.849998474121094,33.93000030517578,33.15999984741211,33.439998626708984,21.06673812866211,332200
2005-03-28,33.59000015258789,33.650001525878906,33.09000015258789,33.43000030517578,21.06045150756836,141200
2005-03-29,33.400001525878906,33.63999938964844,32.900001525878906,32.95000076293945,20.758058547973633,249200
2005-03-30,32.900001525878906,33.45000076293945,32.79999923706055,33.25,20.947052001953125,245500
2005-03-31,33.16999816894531,33.47999954223633,32.95000076293945,33.43000030517578,21.06045150756836,233300
2005-04-01,33.45000076293945,33.54999923706055,33.0,33.11000061035156,20.85884666442871,146200
2005-04-04,33.02000045776367,33.08000183105469,32.779998779296875,32.9900016784668,20.78325080871582,279200
2005-04-05,32.959999084472656,33.150001525878906,32.68000030517578,32.91999816894531,20.73914909362793,103600
2005-04-06,33.0,33.099998474121094,32.75,32.83000183105469,20.68245506286621,94800
2005-04-07,32.83000183105469,33.22999954223633,32.83000183105469,33.06999969482422,20.833662033081055,74300
2005-04-08,32.93000030517578,33.04999923706055,32.77000045776367,32.84000015258789,20.688751220703125,195900
2005-04-11,32.970001220703125,32.970001220703125,32.43000030517578,32.459999084472656,20.449356079101562,178500
2005-04-12,32.5,32.650001525878906,32.0099983215332,32.58000183105469,20.524953842163086,244600
2005-04-13,32.34000015258789,32.470001220703125,31.31999969482422,31.5,19.844572067260742,237500
2005-04-14,31.6200008392334,31.649999618530273,30.700000762939453,31.030000686645508,19.548477172851562,250900
2005-04-15,31.06999969482422,31.34000015258789,30.389999389648438,30.760000228881836,19.378376007080078,351300
2005-04-18,30.65999984741211,31.299999237060547,30.649999618530273,31.149999618530273,19.62407875061035,180500
2005-04-19,31.0,31.6299991607666,30.799999237060547,31.6200008392334,19.920169830322266,132900
2005-04-20,31.770000457763672,31.850000381469727,30.799999237060547,30.809999465942383,19.409875869750977,176600
2005-04-21,31.059999465942383,31.6299991607666,31.059999465942383,31.479999542236328,19.831974029541016,238500
2005-04-22,31.3799991607666,31.56999969482422,30.920000076293945,31.299999237060547,19.718582153320312,275600
2005-04-25,31.290000915527344,31.700000762939453,31.030000686645508,31.56999969482422,19.888669967651367,222300
2005-04-26,31.31999969482422,31.68000030517578,30.950000762939453,31.0,19.52958869934082,190300
2005-04-27,31.0,31.0,30.5,30.690000534057617,19.33428192138672,481000
2005-04-28,30.100000381469727,30.450000762939453,29.600000381469727,29.93000030517578,18.85549545288086,1105100
2005-04-29,29.989999771118164,30.549999237060547,29.979999542236328,30.549999237060547,19.24608039855957,336500
2005-05-02,30.420000076293945,30.530000686645508,29.899999618530273,30.06999969482422,18.943696975708008,609200
2005-05-03,29.90999984741211,30.170000076293945,29.8700008392334,30.0,18.899593353271484,398400
2005-05-04,30.049999237060547,30.06999969482422,29.59000015258789,29.850000381469727,18.805095672607422,414100
2005-05-05,29.829999923706055,29.969999313354492,29.5,29.860000610351562,18.81138801574707,337100
2005-05-06,29.950000762939453,29.950000762939453,29.549999237060547,29.709999084472656,18.716903686523438,280000
2005-05-09,29.760000228881836,29.829999923706055,29.200000762939453,29.450000762939453,18.55310821533203,262800
2005-05-10,29.25,29.420000076293945,29.0,29.0,18.26960563659668,272800
2005-05-11,29.059999465942383,29.059999465942383,28.670000076293945,28.8799991607666,18.194011688232422,175400
2005-05-12,28.8799991607666,28.920000076293945,28.450000762939453,28.520000457763672,17.96721076965332,253000
2005-05-13,28.5,28.6200008392334,27.65999984741211,27.8700008392334,17.557716369628906,355700
2005-05-16,27.799999237060547,28.139999389648438,27.799999237060547,27.899999618530273,17.576623916625977,360100
2005-05-17,27.899999618530273,28.239999771118164,27.809999465942383,28.15999984741211,17.74041748046875,323300
2005-05-18,28.3799991607666,28.850000381469727,28.260000228881836,28.549999237060547,17.986112594604492,248300
2005-05-19,28.729999542236328,28.84000015258789,28.40999984741211,28.6200008392334,18.03020668029785,178800
2005-05-20,28.469999313354492,28.850000381469727,28.469999313354492,28.649999618530273,18.04910659790039,142800
2005-05-23,28.799999237060547,29.1299991607666,28.729999542236328,29.079999923706055,18.32000160217285,286200
2005-05-24,29.079999923706055,29.219999313354492,28.84000015258789,29.100000381469727,18.332605361938477,518400
2005-05-25,28.90999984741211,28.979999542236328,28.56999969482422,28.860000610351562,18.281923294067383,246500
2005-05-26,28.989999771118164,29.360000610351562,28.940000534057617,29.299999237060547,18.560646057128906,292500
2005-05-27,29.299999237060547,29.479999542236328,29.100000381469727,29.389999389648438,18.617664337158203,194000
2005-05-31,29.350000381469727,29.3700008392334,28.950000762939453,29.0,18.37061882019043,197300
2005-06-01,28.93000030517578,29.40999984741211,28.889999389648438,29.170000076293945,18.478300094604492,170900
2005-06-02,29.18000030517578,29.3799991607666,28.940000534057617,28.989999771118164,18.364280700683594,295200
2005-06-03,28.90999984741211,29.389999389648438,28.899999618530273,29.059999465942383,18.40862274169922,263100
2005-06-06,29.0,29.170000076293945,28.799999237060547,29.139999389648438,18.45929718017578,285100
2005-06-07,29.280000686645508,29.450000762939453,29.059999465942383,29.200000762939453,18.49730682373047,289000
2005-06-08,29.15999984741211,29.329999923706055,28.989999771118164,29.020000457763672,18.383281707763672,197800
2005-06-09,29.1200008392334,29.440000534057617,28.899999618530273,29.420000076293945,18.636669158935547,237300
2005-06-10,29.450000762939453,29.860000610351562,29.260000228881836,29.790000915527344,18.871057510375977,198600
2005-06-13,29.68000030517578,30.110000610351562,29.6299991607666,29.93000030517578,18.959741592407227,265600
2005-06-14,29.780000686645508,30.639999389648438,29.780000686645508,30.59000015258789,19.377836227416992,377600
2005-06-15,30.700000762939453,32.08000183105469,30.700000762939453,32.0,20.27101707458496,779500
2005-06-16,31.989999771118164,32.88999938964844,31.979999542236328,32.81999969482422,20.790464401245117,493900
2005-06-17,33.20000076293945,33.20000076293945,32.61000061035156,32.779998779296875,20.765125274658203,524300
2005-06-20,32.650001525878906,32.689998626708984,32.2599983215332,32.29999923706055,20.4610595703125,236200
2005-06-21,32.2599983215332,32.2599983215332,31.360000610351562,31.600000381469727,20.017629623413086,449400
2005-06-22,31.65999984741211,32.31999969482422,31.65999984741211,32.279998779296875,20.44839096069336,287300
2005-06-23,32.150001525878906,32.2599983215332,31.649999618530273,31.770000457763672,20.125320434570312,373300
2005-06-24,31.700000762939453,31.850000381469727,31.59000015258789,31.649999618530273,20.049314498901367,379500
2005-06-27,31.530000686645508,31.530000686645508,31.110000610351562,31.329999923706055,19.846593856811523,247600
2005-06-28,31.520000457763672,32.40999984741211,31.520000457763672,32.380001068115234,20.51173973083496,246200
2005-06-29,32.630001068115234,33.630001068115234,32.61000061035156,33.119998931884766,20.980510711669922,526900
2005-06-30,33.220001220703125,33.400001525878906,32.84000015258789,33.0,20.904491424560547,339700
2005-07-01,33.099998474121094,33.2599983215332,32.900001525878906,33.2599983215332,21.06919288635254,254500
2005-07-05,33.15999984741211,33.20000076293945,32.83000183105469,33.130001068115234,20.986839294433594,349100
2005-07-06,33.099998474121094,33.2400016784668,32.9900016784668,33.130001068115234,20.986839294433594,275700
2005-07-07,33.0,33.27000045776367,32.9900016784668,33.25,21.062854766845703,302600
2005-07-08,33.15999984741211,33.400001525878906,33.0,33.31999969482422,21.10719871520996,465000
2005-07-11,33.47999954223633,33.939998626708984,33.29999923706055,33.63999938964844,21.30991554260254,362900
2005-07-12,33.63999938964844,33.84000015258789,33.220001220703125,33.47999954223633,21.20855712890625,234800
2005-07-13,33.5,34.06999969482422,33.5,34.060001373291016,21.575971603393555,233500
2005-07-14,34.20000076293945,35.099998474121094,34.11000061035156,34.90999984741211,22.114416122436523,689200
2005-07-15,34.83000183105469,34.88999938964844,34.58000183105469,34.83000183105469,22.063737869262695,213000
2005-07-18,34.58000183105469,34.95000076293945,34.2400016784668,34.400001525878906,21.791343688964844,296800
2005-07-19,34.58000183105469,34.970001220703125,34.459999084472656,34.900001525878906,22.108081817626953,238200
2005-07-20,34.900001525878906,36.63999938964844,34.900001525878906,36.20000076293945,22.931594848632812,602500
2005-07-21,36.04999923706055,36.20000076293945,35.61000061035156,35.81999969482422,22.690879821777344,310400
2005-07-22,35.81999969482422,35.91999816894531,35.220001220703125,35.66999816894531,22.595849990844727,173000
2005-07-25,35.650001525878906,35.650001525878906,35.209999084472656,35.36000061035156,22.399478912353516,149100
2005-07-26,35.27000045776367,35.29999923706055,34.7599983215332,35.16999816894531,22.27911949157715,192100
2005-07-27,35.189998626708984,35.599998474121094,35.0,35.540000915527344,22.513500213623047,236700
2005-07-28,34.79999923706055,35.290000915527344,34.0099983215332,34.66999816894531,21.962383270263672,585600
2005-07-29,34.45000076293945,34.709999084472656,34.349998474121094,34.59000015258789,21.91170310974121,348700
2005-08-01,34.66999816894531,34.86000061035156,34.22999954223633,34.290000915527344,21.721670150756836,280200
2005-08-02,34.29999923706055,34.45000076293945,34.029998779296875,34.22999954223633,21.683650970458984,373900
2005-08-03,34.130001068115234,34.459999084472656,34.04999923706055,34.369998931884766,21.772335052490234,203100
2005-08-04,34.220001220703125,34.27000045776367,33.83000183105469,34.0,21.5379695892334,220500
2005-08-05,33.900001525878906,34.11000061035156,33.81999969482422,33.970001220703125,21.518962860107422,129700
2005-08-08,33.880001068115234,33.97999954223633,33.79999923706055,33.86000061035156,21.449277877807617,136500
2005-08-09,33.86000061035156,34.08000183105469,33.79999923706055,33.869998931884766,21.455602645874023,107200
2005-08-10,33.849998474121094,34.13999938964844,33.810001373291016,33.9900016784668,21.531631469726562,180100
2005-08-11,33.93000030517578,34.4900016784668,33.93000030517578,34.25,21.696338653564453,293000
2005-08-12,34.20000076293945,34.20000076293945,33.7599983215332,34.02000045776367,21.55063247680664,166600
2005-08-15,33.900001525878906,34.15999984741211,33.7599983215332,33.9900016784668,21.531631469726562,110400
2005-08-16,33.900001525878906,33.959999084472656,33.220001220703125,33.220001220703125,21.043853759765625,330200
2005-08-17,33.31999969482422,34.439998626708984,33.119998931884766,34.25,21.696338653564453,293500
2005-08-18,34.150001525878906,34.20000076293945,33.220001220703125,33.34000015258789,21.119871139526367,701400
2005-08-19,33.380001068115234,33.7599983215332,33.310001373291016,33.5,21.22123146057129,174900
2005-08-22,33.599998474121094,33.72999954223633,33.130001068115234,33.310001373291016,21.100868225097656,694600
2005-08-23,33.41999816894531,33.790000915527344,33.18000030517578,33.279998779296875,21.08185577392578,230800
2005-08-24,33.119998931884766,33.369998931884766,33.0,33.13999938964844,21.094587326049805,623700
2005-08-25,33.09000015258789,33.470001220703125,33.02000045776367,33.470001220703125,21.304651260375977,343900
2005-08-26,33.29999923706055,33.58000183105469,33.09000015258789,33.47999954223633,21.31101417541504,259200
2005-08-29,33.290000915527344,33.540000915527344,33.099998474121094,33.540000915527344,21.34920883178711,358500
2005-08-30,33.439998626708984,33.47999954223633,32.93000030517578,33.06999969482422,21.05003547668457,278300
2005-08-31,33.02000045776367,33.09000015258789,32.849998474121094,33.0,21.005481719970703,335500
2005-09-01,32.93000030517578,33.560001373291016,32.93000030517578,33.369998931884766,21.24099349975586,204700
2005-09-02,33.45000076293945,33.45000076293945,32.810001373291016,32.959999084472656,20.980012893676758,156600
2005-09-06,33.0,33.470001220703125,32.709999084472656,32.880001068115234,20.92909812927246,212800
2005-09-07,32.93000030517578,33.16999816894531,32.77000045776367,33.029998779296875,21.024574279785156,261000
2005-09-08,33.0,33.220001220703125,32.93000030517578,33.060001373291016,21.04367446899414,336400
2005-09-09,33.15999984741211,33.56999969482422,32.939998626708984,33.560001373291016,21.361940383911133,179800
2005-09-12,32.5,33.18000030517578,32.400001525878906,33.06999969482422,21.05003547668457,742300
2005-09-13,32.91999816894531,32.959999084472656,32.02000045776367,32.09000015258789,20.426237106323242,485700
2005-09-14,32.02000045776367,32.29999923706055,32.0,32.060001373291016,20.40714454650879,256800
2005-09-15,32.06999969482422,32.13999938964844,31.799999237060547,31.899999618530273,20.305294036865234,359600
2005-09-16,32.0,32.04999923706055,31.770000457763672,31.809999465942383,20.248010635375977,324400
2005-09-19,31.760000228881836,32.04999923706055,31.530000686645508,31.850000381469727,20.273473739624023,348500
2005-09-20,31.8700008392334,32.040000915527344,31.25,31.43000030517578,20.006122589111328,276600
2005-09-21,31.299999237060547,31.670000076293945,31.06999969482422,31.530000686645508,20.06978416442871,536100
2005-09-22,31.43000030517578,31.43000030517578,31.1299991607666,31.31999969482422,19.93610191345215,311300
2005-09-23,31.389999389648438,31.43000030517578,30.950000762939453,31.389999389648438,19.98066520690918,624700
2005-09-26,31.450000762939453,31.829999923706055,31.450000762939453,31.649999618530273,20.146169662475586,306800
2005-09-27,31.68000030517578,32.04999923706055,31.40999984741211,32.02000045776367,20.38168716430664,308700
2005-09-28,32.47999954223633,32.79999923706055,32.04999923706055,32.33000183105469,20.579004287719727,455800
2005-09-29,32.33000183105469,32.470001220703125,31.899999618530273,32.459999084472656,20.66175651550293,296200
2005-09-30,32.279998779296875,33.040000915527344,32.25,33.0099983215332,21.011842727661133,390100
2005-10-03,32.86000061035156,32.93000030517578,31.90999984741211,32.18000030517578,20.4835262298584,808800
2005-10-04,32.18000030517578,32.86000061035156,32.16999816894531,32.290000915527344,20.553543090820312,358500
2005-10-05,32.150001525878906,32.2400016784668,31.739999771118164,31.780000686645508,20.22891616821289,614300
2005-10-06,32.0,32.349998474121094,31.700000762939453,32.220001220703125,20.508987426757812,531400
2005-10-07,32.099998474121094,32.65999984741211,32.099998474121094,32.45000076293945,20.6553897857666,598000
2005-10-10,32.400001525878906,32.959999084472656,32.369998931884766,32.560001373291016,20.725404739379883,504000
2005-10-11,32.54999923706055,32.79999923706055,32.20000076293945,32.310001373291016,20.56627082824707,331200
2005-10-12,32.209999084472656,32.38999938964844,31.639999389648438,31.790000915527344,20.235280990600586,469800
2005-10-13,31.649999618530273,31.809999465942383,31.5,31.690000534057617,20.171627044677734,451000
2005-10-14,31.899999618530273,31.950000762939453,31.260000228881836,31.68000030517578,20.165252685546875,199200
2005-10-17,31.700000762939453,31.93000030517578,31.450000762939453,31.799999237060547,20.241641998291016,309800
2005-10-18,31.649999618530273,31.68000030517578,31.260000228881836,31.43000030517578,20.006122589111328,277000
2005-10-19,31.299999237060547,31.56999969482422,31.040000915527344,31.450000762939453,20.018857955932617,468600
2005-10-20,31.489999771118164,31.979999542236328,31.469999313354492,31.75,20.209819793701172,431100
2005-10-21,31.760000228881836,31.959999084472656,31.469999313354492,31.6299991607666,20.133432388305664,240300
2005-10-24,31.729999542236328,32.2400016784668,31.709999084472656,32.22999954223633,20.51534652709961,223500
2005-10-25,32.08000183105469,32.2400016784668,31.600000381469727,31.969999313354492,20.349855422973633,401800
2005-10-26,32.119998931884766,32.970001220703125,32.060001373291016,32.66999816894531,20.795421600341797,484100
2005-10-27,32.65999984741211,32.779998779296875,32.279998779296875,32.290000915527344,20.553543090820312,271700
2005-10-28,32.540000915527344,33.540000915527344,32.540000915527344,33.540000915527344,21.34920883178711,467300
2005-10-31,33.70000076293945,34.25,33.59000015258789,34.11000061035156,21.712026596069336,398500
2005-11-01,34.029998779296875,34.13999938964844,33.709999084472656,34.040000915527344,21.667470932006836,379300
2005-11-02,34.0,34.56999969482422,33.81999969482422,34.45000076293945,21.928449630737305,416800
2005-11-03,34.22999954223633,34.22999954223633,31.739999771118164,31.760000228881836,20.216182708740234,1654100
2005-11-04,31.350000381469727,31.6299991607666,30.420000076293945,31.149999618530273,19.827899932861328,1127000
2005-11-07,31.1200008392334,31.479999542236328,30.770000457763672,31.170000076293945,19.840641021728516,918300
2005-11-08,31.09000015258789,31.200000762939453,30.75,30.770000457763672,19.586017608642578,263100
2005-11-09,31.100000381469727,31.649999618530273,31.100000381469727,31.579999923706055,20.101604461669922,325000
2005-11-10,31.579999923706055,31.81999969482422,30.989999771118164,31.6299991607666,20.133432388305664,231500
2005-11-11,31.639999389648438,32.41999816894531,31.639999389648438,32.279998779296875,20.547176361083984,362700
2005-11-14,32.45000076293945,32.459999084472656,32.029998779296875,32.43000030517578,20.642656326293945,232500
2005-11-15,32.4900016784668,32.75,32.34000015258789,32.709999084472656,20.820884704589844,491300
2005-11-16,32.79999923706055,33.619998931884766,32.709999084472656,33.470001220703125,21.304651260375977,813800
2005-11-17,33.4900016784668,34.130001068115234,33.4900016784668,34.099998474121094,21.705659866333008,669900
2005-11-18,34.209999084472656,34.349998474121094,33.849998474121094,34.13999938964844,21.73112678527832,299600
2005-11-21,34.060001373291016,34.470001220703125,33.90999984741211,34.439998626708984,21.92207908630371,225100
2005-11-22,34.189998626708984,34.400001525878906,33.849998474121094,34.08000183105469,21.794187545776367,371800
2005-11-23,34.33000183105469,34.4900016784668,34.209999084472656,34.43000030517578,22.018003463745117,253800
2005-11-25,34.349998474121094,34.720001220703125,34.209999084472656,34.59000015258789,22.120323181152344,102400
2005-11-28,34.5,34.9900016784668,34.47999954223633,34.86000061035156,22.292997360229492,229700
2005-11-29,34.900001525878906,35.84000015258789,34.88999938964844,35.4900016784668,22.695880889892578,483600
2005-11-30,35.41999816894531,35.619998931884766,34.95000076293945,35.04999923706055,22.414499282836914,275600
2005-12-01,34.95000076293945,35.95000076293945,34.95000076293945,35.63999938964844,22.791805267333984,479100
2005-12-02,35.72999954223633,35.790000915527344,35.369998931884766,35.7599983215332,22.868539810180664,280700
2005-12-05,35.79999923706055,35.83000183105469,35.0099983215332,35.619998931884766,22.779006958007812,341600
2005-12-06,35.63999938964844,35.7599983215332,35.15999984741211,35.290000915527344,22.567968368530273,212100
2005-12-07,35.29999923706055,35.70000076293945,35.209999084472656,35.290000915527344,22.567968368530273,175700
2005-12-08,35.33000183105469,35.4900016784668,34.52000045776367,34.650001525878906,22.158700942993164,356000
2005-12-09,34.75,35.40999984741211,34.70000076293945,35.2599983215332,22.548795700073242,182400
2005-12-12,35.36000061035156,35.970001220703125,35.36000061035156,35.720001220703125,22.842960357666016,225400
2005-12-13,35.650001525878906,35.97999954223633,35.34000015258789,35.630001068115234,22.7854061126709,259700
2005-12-14,35.70000076293945,36.20000076293945,35.66999816894531,35.7599983215332,22.868539810180664,167900
2005-12-15,35.529998779296875,35.68000030517578,34.959999084472656,35.09000015258789,22.440078735351562,381100
2005-12-16,35.09000015258789,35.099998474121094,34.70000076293945,34.849998474121094,22.28659439086914,317500
2005-12-19,34.880001068115234,35.61000061035156,34.68000030517578,35.59000015258789,22.759830474853516,438600
2005-12-20,35.4900016784668,35.779998779296875,35.31999969482422,35.40999984741211,22.64472007751465,345200
2005-12-21,35.36000061035156,35.959999084472656,35.31999969482422,35.81999969482422,22.906909942626953,416700
2005-12-22,35.81999969482422,36.79999923706055,35.81999969482422,36.63999938964844,23.43130111694336,340000
2005-12-23,36.20000076293945,36.66999816894531,35.63999938964844,36.31999969482422,23.22665786743164,378900
2005-12-27,36.380001068115234,36.470001220703125,36.11000061035156,36.34000015258789,23.239456176757812,262000
2005-12-28,36.2400016784668,36.880001068115234,36.2400016784668,36.56999969482422,23.386526107788086,462800
2005-12-29,36.630001068115234,36.79999923706055,36.099998474121094,36.20000076293945,23.149919509887695,315100
2005-12-30,36.150001525878906,36.25,35.79999923706055,35.79999923706055,22.894121170043945,254100
2006-01-03,35.900001525878906,37.20000076293945,35.5099983215332,37.130001068115234,23.744659423828125,458700
2006-01-04,36.97999954223633,37.4900016784668,36.66999816894531,36.869998931884766,23.578384399414062,362300
2006-01-05,36.91999816894531,37.439998626708984,36.560001373291016,37.29999923706055,23.85337257385254,598400
2006-01-06,37.400001525878906,37.939998626708984,37.29999923706055,37.7599983215332,24.14754295349121,468000
2006-01-09,37.66999816894531,37.86000061035156,37.290000915527344,37.380001068115234,23.9045352935791,488400
2006-01-10,37.279998779296875,37.75,36.9900016784668,37.63999938964844,24.070802688598633,356400
2006-01-11,37.63999938964844,37.880001068115234,37.369998931884766,37.880001068115234,24.224288940429688,711500
2006-01-12,37.66999816894531,37.70000076293945,37.22999954223633,37.2400016784668,23.815006256103516,213000
2006-01-13,37.20000076293945,37.779998779296875,37.189998626708984,37.75,24.141149520874023,247200
2006-01-17,37.5,37.880001068115234,37.2599983215332,37.86000061035156,24.21149444580078,230400
2006-01-18,37.5,37.810001373291016,37.31999969482422,37.7599983215332,24.14754295349121,333500
2006-01-19,37.86000061035156,38.93000030517578,37.720001220703125,38.75,24.780656814575195,340400
2006-01-20,38.650001525878906,38.650001525878906,37.31999969482422,37.54999923706055,24.013242721557617,356500
2006-01-23,37.58000183105469,38.2400016784668,37.36000061035156,37.959999084472656,24.27543830871582,237300
2006-01-24,37.959999084472656,39.02000045776367,37.959999084472656,38.97999954223633,24.92772674560547,325000
2006-01-25,39.0,39.2400016784668,38.58000183105469,38.869998931884766,24.857393264770508,589300
2006-01-26,38.95000076293945,39.5,38.88999938964844,39.16999816894531,25.049238204956055,584400
2006-01-27,39.29999923706055,39.45000076293945,38.400001525878906,38.470001220703125,24.601591110229492,586800
2006-01-30,38.4900016784668,38.849998474121094,38.2599983215332,38.2599983215332,24.46729278564453,338700
2006-01-31,38.099998474121094,39.220001220703125,37.88999938964844,39.220001220703125,25.081207275390625,472800
2006-02-01,38.900001525878906,39.0,38.040000915527344,38.70000076293945,24.748676300048828,332800
2006-02-02,37.0,38.540000915527344,36.13999938964844,38.4900016784668,24.61438751220703,1635300
2006-02-03,38.2400016784668,38.2400016784668,37.369998931884766,37.63999938964844,24.070802688598633,756500
2006-02-06,37.54999923706055,38.150001525878906,37.54999923706055,38.0,24.301023483276367,551200
2006-02-07,37.70000076293945,37.93000030517578,37.08000183105469,37.130001068115234,23.744659423828125,565100
2006-02-08,37.15999984741211,37.25,36.75,37.09000015258789,23.719070434570312,583600
2006-02-09,37.25,37.38999938964844,36.720001220703125,36.77000045776367,23.514434814453125,373300
2006-02-10,36.630001068115234,36.900001525878906,36.310001373291016,36.72999954223633,23.488859176635742,365300
2006-02-13,36.599998474121094,36.650001525878906,36.11000061035156,36.439998626708984,23.30340003967285,285300
2006-02-14,36.439998626708984,37.22999954223633,36.18000030517578,37.060001373291016,23.699893951416016,386400
2006-02-15,37.349998474121094,37.63999938964844,36.880001068115234,37.5,23.981281280517578,534000
2006-02-16,37.54999923706055,37.90999984741211,37.33000183105469,37.33000183105469,23.8725643157959,337700
2006-02-17,37.36000061035156,37.54999923706055,37.34000015258789,37.540000915527344,24.00685691833496,268500
2006-02-21,37.66999816894531,37.68000030517578,37.040000915527344,37.150001525878906,23.757450103759766,357200
2006-02-22,37.0,37.349998474121094,36.86000061035156,37.0,23.76387596130371,259000
2006-02-23,37.0099983215332,37.31999969482422,36.470001220703125,36.7400016784668,23.596881866455078,384400
2006-02-24,36.70000076293945,37.0099983215332,36.40999984741211,36.880001068115234,23.68680191040039,143100
2006-02-27,36.970001220703125,37.459999084472656,36.91999816894531,37.36000061035156,23.995080947875977,220800
2006-02-28,37.18000030517578,37.38999938964844,36.650001525878906,37.02000045776367,23.776716232299805,224000
2006-03-01,37.0,37.77000045776367,36.959999084472656,37.369998931884766,24.001502990722656,297100
2006-03-02,37.33000183105469,37.68000030517578,37.16999816894531,37.68000030517578,24.200613021850586,285900
2006-03-03,37.72999954223633,38.119998931884766,37.59000015258789,37.79999923706055,24.277681350708008,468600
2006-03-06,37.939998626708984,38.04999923706055,37.150001525878906,37.38999938964844,24.014354705810547,206500
2006-03-07,37.220001220703125,37.2400016784668,36.540000915527344,36.68000030517578,23.558353424072266,234600
2006-03-08,36.560001373291016,36.560001373291016,35.650001525878906,36.040000915527344,23.147294998168945,372500
2006-03-09,36.02000045776367,36.5,35.9900016784668,36.13999938964844,23.21152114868164,303500
2006-03-10,36.099998474121094,36.45000076293945,35.869998931884766,36.029998779296875,23.140867233276367,539700
2006-03-13,36.11000061035156,36.22999954223633,35.900001525878906,35.939998626708984,23.083065032958984,503600
2006-03-14,35.86000061035156,36.619998931884766,35.79999923706055,36.45000076293945,23.410621643066406,332700
2006-03-15,36.54999923706055,37.0,36.369998931884766,36.93000030517578,23.71890640258789,241300
2006-03-16,37.0,37.09000015258789,36.54999923706055,36.720001220703125,23.584033966064453,249400
2006-03-17,36.779998779296875,36.97999954223633,36.540000915527344,36.88999938964844,23.693222045898438,423900
2006-03-20,36.88999938964844,36.970001220703125,36.56999969482422,36.63999938964844,23.53265380859375,265300
2006-03-21,36.540000915527344,36.65999984741211,36.08000183105469,36.130001068115234,23.205101013183594,412200
2006-03-22,36.04999923706055,36.33000183105469,35.959999084472656,36.119998931884766,23.198671340942383,437200
2006-03-23,35.099998474121094,35.5,34.72999954223633,34.88999938964844,22.40869140625,990300
2006-03-24,34.790000915527344,34.83000183105469,33.900001525878906,34.130001068115234,21.92055892944336,949600
2006-03-27,34.0,34.0,33.650001525878906,33.84000015258789,21.73430824279785,578000
2006-03-28,33.900001525878906,33.939998626708984,33.2599983215332,33.290000915527344,21.38105583190918,455100
2006-03-29,33.29999923706055,34.099998474121094,33.2599983215332,34.0,21.837074279785156,798500
2006-03-30,34.33000183105469,34.400001525878906,33.86000061035156,33.9900016784668,21.830652236938477,432700
2006-03-31,33.9900016784668,34.16999816894531,33.75,33.9900016784668,21.830652236938477,304400
2006-04-03,34.4900016784668,34.4900016784668,33.95000076293945,34.310001373291016,22.03617286682129,875600
2006-04-04,34.150001525878906,34.189998626708984,33.810001373291016,33.97999954223633,21.824228286743164,332700
2006-04-05,33.959999084472656,34.33000183105469,33.849998474121094,34.0099983215332,21.843503952026367,460000
2006-04-06,33.900001525878906,34.290000915527344,33.79999923706055,34.099998474121094,21.90129852294922,301000
2006-04-07,34.15999984741211,34.45000076293945,33.849998474121094,33.849998474121094,21.740726470947266,262100
2006-04-10,33.900001525878906,34.130001068115234,33.77000045776367,33.869998931884766,21.753568649291992,157700
2006-04-11,33.97999954223633,34.02000045776367,32.959999084472656,33.16999816894531,21.303987503051758,223100
2006-04-12,33.119998931884766,33.33000183105469,32.79999923706055,32.90999984741211,21.136999130249023,360800
2006-04-13,32.810001373291016,33.09000015258789,32.650001525878906,32.66999816894531,20.982852935791016,218300
2006-04-17,32.720001220703125,33.25,32.54999923706055,33.13999938964844,21.284725189208984,197600
2006-04-18,33.2400016784668,34.36000061035156,33.150001525878906,34.130001068115234,21.92055892944336,328300
2006-04-19,34.2400016784668,34.939998626708984,34.04999923706055,34.810001373291016,22.357309341430664,351200
2006-04-20,34.75,35.150001525878906,34.5,35.0099983215332,22.485761642456055,223100
2006-04-21,35.13999938964844,35.83000183105469,35.09000015258789,35.529998779296875,22.819744110107422,345600
2006-04-24,35.36000061035156,36.0,34.72999954223633,35.650001525878906,22.896812438964844,316800
2006-04-25,36.54999923706055,36.54999923706055,35.0,35.9900016784668,23.115182876586914,341400
2006-04-26,36.20000076293945,36.540000915527344,35.70000076293945,35.970001220703125,23.10233497619629,388100
2006-04-27,35.720001220703125,36.18000030517578,35.20000076293945,36.0,23.121612548828125,240300
2006-04-28,35.869998931884766,36.209999084472656,35.56999969482422,36.0,23.121612548828125,298100
2006-05-01,36.04999923706055,36.36000061035156,35.84000015258789,36.13999938964844,23.21152114868164,296300
2006-05-02,36.20000076293945,36.29999923706055,35.900001525878906,35.93000030517578,23.07663917541504,272200
2006-05-03,35.900001525878906,36.06999969482422,35.630001068115234,35.70000076293945,22.928932189941406,413300
2006-05-04,35.349998474121094,35.66999816894531,34.59000015258789,35.43000030517578,22.75551414489746,773600
2006-05-05,35.529998779296875,35.81999969482422,35.310001373291016,35.650001525878906,22.896812438964844,326800
2006-05-08,35.650001525878906,35.779998779296875,35.20000076293945,35.40999984741211,22.742671966552734,316400
2006-05-09,35.380001068115234,35.560001373291016,35.31999969482422,35.47999954223633,22.787628173828125,190000
2006-05-10,35.40999984741211,35.43000030517578,35.040000915527344,35.25,22.639894485473633,272300
2006-05-11,35.25,35.47999954223633,34.90999984741211,35.22999954223633,22.62706756591797,235600
2006-05-12,35.040000915527344,35.09000015258789,34.279998779296875,34.709999084472656,22.293071746826172,504800
2006-05-15,34.150001525878906,34.369998931884766,33.310001373291016,34.029998779296875,21.856340408325195,674700
2006-05-16,34.0,34.220001220703125,33.70000076293945,34.209999084472656,21.971948623657227,572000
2006-05-17,33.95000076293945,34.22999954223633,33.68000030517578,33.959999084472656,21.811378479003906,535400
2006-05-18,34.02000045776367,34.20000076293945,33.630001068115234,33.630001068115234,21.599430084228516,341000
2006-05-19,33.58000183105469,33.61000061035156,32.90999984741211,33.06999969482422,21.23975944519043,402000
2006-05-22,32.86000061035156,33.09000015258789,31.959999084472656,32.75,21.034236907958984,493600
2006-05-23,32.88999938964844,33.209999084472656,32.630001068115234,32.689998626708984,20.995702743530273,515200
2006-05-24,32.47999954223633,33.310001373291016,32.369998931884766,33.02000045776367,21.311960220336914,474000
2006-05-25,33.18000030517578,33.83000183105469,33.0099983215332,33.41999816894531,21.570125579833984,443800
2006-05-26,33.47999954223633,33.540000915527344,32.93000030517578,33.45000076293945,21.589492797851562,234800
2006-05-30,33.369998931884766,33.369998931884766,32.66999816894531,32.720001220703125,21.118331909179688,204400
2006-05-31,32.70000076293945,33.130001068115234,32.45000076293945,33.130001068115234,21.382957458496094,398200
2006-06-01,33.25,34.79999923706055,33.189998626708984,34.75,22.428544998168945,596100
2006-06-02,34.79999923706055,34.9900016784668,34.45000076293945,34.7400016784668,22.422088623046875,355100
2006-06-05,34.56999969482422,34.849998474121094,33.2599983215332,33.709999084472656,21.757305145263672,433500
2006-06-06,33.7599983215332,33.84000015258789,33.150001525878906,33.540000915527344,21.647579193115234,319000
2006-06-07,33.47999954223633,33.79999923706055,33.040000915527344,33.099998474121094,21.363584518432617,370600
2006-06-08,32.959999084472656,33.29999923706055,32.36000061035156,33.16999816894531,21.408775329589844,484900
2006-06-09,33.18000030517578,33.79999923706055,32.9900016784668,33.0099983215332,21.30550193786621,483600
2006-06-12,33.040000915527344,33.060001373291016,32.2599983215332,32.29999923706055,20.84725570678711,281800
2006-06-13,32.099998474121094,32.34000015258789,31.489999771118164,31.700000762939453,20.459999084472656,647500
2006-06-14,31.700000762939453,32.2599983215332,31.479999542236328,32.040000915527344,20.679445266723633,506900
2006-06-15,32.209999084472656,33.15999984741211,32.189998626708984,33.029998779296875,21.318416595458984,590200
2006-06-16,33.279998779296875,33.45000076293945,32.79999923706055,32.9900016784668,21.292598724365234,346400
2006-06-19,32.9900016784668,33.040000915527344,32.15999984741211,32.25,20.814987182617188,341300
2006-06-20,32.20000076293945,32.29999923706055,31.889999389648438,32.0,20.65363121032715,254700
2006-06-21,31.979999542236328,32.81999969482422,31.979999542236328,32.52000045776367,20.98924446105957,276200
2006-06-22,32.369998931884766,32.5,32.02000045776367,32.27000045776367,20.827884674072266,246200
2006-06-23,32.369998931884766,32.91999816894531,32.279998779296875,32.70000076293945,21.10541534423828,256200
2006-06-26,32.81999969482422,32.869998931884766,32.5,32.849998474121094,21.202228546142578,136100
2006-06-27,32.779998779296875,32.9900016784668,32.29999923706055,32.380001068115234,20.89888572692871,149700
2006-06-28,32.849998474121094,33.630001068115234,32.599998474121094,33.5,21.62177085876465,456800
2006-06-29,33.5,34.33000183105469,33.38999938964844,34.310001373291016,22.144556045532227,334100
2006-06-30,34.34000015258789,34.61000061035156,34.2400016784668,34.52000045776367,22.280107498168945,330300
2006-07-03,34.56999969482422,34.689998626708984,34.2599983215332,34.36000061035156,22.17682456970215,158900
2006-07-05,34.279998779296875,34.31999969482422,33.619998931884766,33.880001068115234,21.86703109741211,353200
2006-07-06,33.970001220703125,34.439998626708984,33.869998931884766,34.27000045776367,22.118741989135742,296500
2006-07-07,34.11000061035156,34.61000061035156,34.099998474121094,34.20000076293945,22.073558807373047,235700
2006-07-10,34.34000015258789,34.43000030517578,33.959999084472656,34.029998779296875,21.96384048461914,261100
2006-07-11,34.04999923706055,34.25,33.70000076293945,34.18000030517578,22.060651779174805,178700
2006-07-12,34.04999923706055,34.16999816894531,33.220001220703125,33.38999938964844,21.550764083862305,277200
2006-07-13,33.20000076293945,33.22999954223633,32.150001525878906,32.220001220703125,20.795618057250977,449800
2006-07-14,32.2400016784668,32.310001373291016,31.760000228881836,32.150001525878906,20.750446319580078,318500
2006-07-17,32.029998779296875,32.41999816894531,31.799999237060547,31.950000762939453,20.62135124206543,273700
2006-07-18,31.989999771118164,32.150001525878906,31.719999313354492,32.0,20.65363121032715,316600
2006-07-19,32.459999084472656,33.099998474121094,32.45000076293945,32.849998474121094,21.202228546142578,281700
2006-07-20,32.81999969482422,32.97999954223633,32.25,32.290000915527344,20.840797424316406,317100
2006-07-21,32.209999084472656,32.290000915527344,31.31999969482422,31.90999984741211,20.595535278320312,325000
2006-07-24,31.969999313354492,32.209999084472656,31.84000015258789,32.16999816894531,20.763347625732422,200000
2006-07-25,32.08000183105469,32.790000915527344,31.969999313354492,32.630001068115234,21.06024742126465,179400
2006-07-26,32.779998779296875,32.869998931884766,32.29999923706055,32.61000061035156,21.047334671020508,150800
2006-07-27,32.720001220703125,32.810001373291016,32.27000045776367,32.470001220703125,20.95697784423828,175800
2006-07-28,32.70000076293945,33.31999969482422,32.689998626708984,33.20000076293945,21.42813491821289,294900
2006-07-31,33.20000076293945,33.31999969482422,32.900001525878906,33.27000045776367,21.473318099975586,253600
2006-08-01,33.220001220703125,33.619998931884766,33.0099983215332,33.54999923706055,21.654037475585938,458700
2006-08-02,33.540000915527344,34.29999923706055,33.29999923706055,34.150001525878906,22.04128646850586,527300
2006-08-03,33.02000045776367,34.150001525878906,30.8799991607666,30.989999771118164,20.00174903869629,1006500
2006-08-04,31.25,31.34000015258789,30.510000228881836,31.149999618530273,20.10500717163086,663300
2006-08-07,30.959999084472656,31.149999618530273,30.5,30.979999542236328,19.995296478271484,431200
2006-08-08,31.1299991607666,31.299999237060547,30.700000762939453,30.780000686645508,19.86620330810547,373700
2006-08-09,31.350000381469727,31.700000762939453,31.110000610351562,31.600000381469727,20.395458221435547,599100
2006-08-10,31.450000762939453,31.639999389648438,31.139999389648438,31.479999542236328,20.318002700805664,497600
2006-08-11,31.469999313354492,31.530000686645508,31.200000762939453,31.40999984741211,20.272815704345703,274200
2006-08-14,31.649999618530273,31.649999618530273,30.979999542236328,30.989999771118164,20.00174903869629,312800
2006-08-15,31.239999771118164,31.610000610351562,31.239999771118164,31.5,20.33091163635254,229700
2006-08-16,31.649999618530273,32.25,31.649999618530273,32.09000015258789,20.711713790893555,384300
2006-08-17,31.940000534057617,32.369998931884766,31.940000534057617,32.13999938964844,20.74398422241211,232800
2006-08-18,32.13999938964844,32.13999938964844,31.809999465942383,31.969999313354492,20.63426971435547,159700
2006-08-21,31.829999923706055,32.099998474121094,31.700000762939453,31.860000610351562,20.56326675415039,180400
2006-08-22,31.690000534057617,31.739999771118164,31.40999984741211,31.450000762939453,20.29864501953125,380100
2006-08-23,31.299999237060547,31.780000686645508,31.299999237060547,31.530000686645508,20.454341888427734,259900
2006-08-24,31.56999969482422,32.08000183105469,31.559999465942383,31.93000030517578,20.713829040527344,299800
2006-08-25,31.75,32.099998474121094,31.6299991607666,31.90999984741211,20.700855255126953,212100
2006-08-28,31.81999969482422,32.310001373291016,31.739999771118164,32.13999938964844,20.850055694580078,340300
2006-08-29,32.08000183105469,32.58000183105469,31.850000381469727,32.540000915527344,21.109546661376953,309900
2006-08-30,32.529998779296875,33.06999969482422,32.5,33.029998779296875,21.427427291870117,239600
2006-08-31,33.11000061035156,33.2599983215332,32.939998626708984,33.22999954223633,21.557167053222656,185300
2006-09-01,33.27000045776367,33.650001525878906,33.20000076293945,33.56999969482422,21.777742385864258,173600
2006-09-05,33.66999816894531,33.7599983215332,33.31999969482422,33.439998626708984,21.693397521972656,139800
2006-09-06,33.189998626708984,33.34000015258789,33.0,33.029998779296875,21.427427291870117,158000
2006-09-07,33.02000045776367,33.36000061035156,32.95000076293945,33.0,21.407962799072266,158000
2006-09-08,33.13999938964844,33.720001220703125,32.84000015258789,33.58000183105469,21.784225463867188,207600
2006-09-11,33.470001220703125,33.47999954223633,32.790000915527344,33.099998474121094,21.47283172607422,265700
2006-09-12,33.20000076293945,33.790000915527344,32.900001525878906,33.790000915527344,21.92045783996582,269500
2006-09-13,33.79999923706055,34.869998931884766,33.599998474121094,34.849998474121094,22.608104705810547,440200
2006-09-14,34.61000061035156,35.33000183105469,34.27000045776367,35.2599983215332,22.874086380004883,337100
2006-09-15,35.599998474121094,35.810001373291016,35.38999938964844,35.52000045776367,23.042747497558594,429900
2006-09-18,35.40999984741211,35.63999938964844,35.130001068115234,35.369998931884766,22.945438385009766,177200
2006-09-19,35.36000061035156,35.7599983215332,35.11000061035156,35.709999084472656,23.16600227355957,229500
2006-09-20,35.95000076293945,36.470001220703125,35.86000061035156,36.209999084472656,23.49036979675293,318300
2006-09-21,36.189998626708984,36.2400016784668,35.810001373291016,35.900001525878906,23.289270401000977,253200
2006-09-22,35.79999923706055,36.189998626708984,35.79999923706055,36.099998474121094,23.41901206970215,269900
2006-09-25,36.150001525878906,36.2400016784668,35.75,36.20000076293945,23.483884811401367,218100
2006-09-26,36.25,36.63999938964844,36.060001373291016,36.599998474121094,23.74337387084961,304000
2006-09-27,36.59000015258789,37.150001525878906,36.540000915527344,37.0099983215332,24.009357452392578,446300
2006-09-28,37.099998474121094,37.34000015258789,36.81999969482422,37.150001525878906,24.100175857543945,140900
2006-09-29,37.150001525878906,37.2599983215332,36.880001068115234,37.20000076293945,24.13260841369629,235900
2006-10-02,37.099998474121094,37.20000076293945,36.83000183105469,37.029998779296875,24.022329330444336,232100
2006-10-03,36.880001068115234,37.15999984741211,36.61000061035156,36.790000915527344,23.86664390563965,328200
2006-10-04,36.619998931884766,37.150001525878906,36.540000915527344,37.0,24.002866744995117,255600
2006-10-05,36.91999816894531,37.2599983215332,36.849998474121094,37.060001373291016,24.041786193847656,296500
2006-10-06,37.0,37.20000076293945,36.880001068115234,37.11000061035156,24.0742244720459,258800
2006-10-09,37.0,37.65999984741211,37.0,37.650001525878906,24.424535751342773,157200
2006-10-10,37.400001525878906,37.790000915527344,37.400001525878906,37.7400016784668,24.482921600341797,149400
2006-10-11,37.58000183105469,37.97999954223633,37.5099983215332,37.849998474121094,24.55429458618164,265100
2006-10-12,37.900001525878906,38.66999816894531,37.83000183105469,38.65999984741211,25.079750061035156,185900
2006-10-13,38.56999969482422,38.81999969482422,38.439998626708984,38.81999969482422,25.183542251586914,254600
2006-10-16,38.70000076293945,39.29999923706055,38.650001525878906,39.130001068115234,25.384653091430664,211900
2006-10-17,39.0099983215332,39.11000061035156,38.54999923706055,39.02000045776367,25.313289642333984,346900
2006-10-18,39.25,39.45000076293945,39.060001373291016,39.36000061035156,25.53386116027832,285400
2006-10-19,39.130001068115234,39.849998474121094,39.11000061035156,39.810001373291016,25.825769424438477,309700
2006-10-20,39.900001525878906,39.95000076293945,39.060001373291016,39.11000061035156,25.371686935424805,337600
2006-10-23,39.130001068115234,39.720001220703125,39.04999923706055,39.11000061035156,25.371686935424805,383400
2006-10-24,38.869998931884766,39.209999084472656,38.599998474121094,39.0,25.30031394958496,434400
2006-10-25,38.84000015258789,39.369998931884766,38.83000183105469,39.220001220703125,25.443031311035156,300700
2006-10-26,39.25,39.25,38.849998474121094,39.04999923706055,25.3327579498291,321800
2006-10-27,38.810001373291016,39.279998779296875,38.56999969482422,39.04999923706055,25.3327579498291,269900
2006-10-30,39.0,39.66999816894531,38.88999938964844,39.54999923706055,25.657127380371094,264600
2006-10-31,39.5,39.63999938964844,39.09000015258789,39.54999923706055,25.657127380371094,385600
2006-11-01,39.72999954223633,40.290000915527344,38.54999923706055,38.54999923706055,25.008384704589844,911800
2006-11-02,40.150001525878906,43.849998474121094,40.150001525878906,42.5099983215332,27.57734489440918,1351500
2006-11-03,40.849998474121094,42.20000076293945,40.70000076293945,40.7599983215332,26.442087173461914,1006300
2006-11-06,40.849998474121094,42.47999954223633,40.849998474121094,42.130001068115234,27.330829620361328,764400
2006-11-07,42.060001373291016,42.400001525878906,41.61000061035156,41.61000061035156,26.99348258972168,572600
2006-11-08,41.29999923706055,42.66999816894531,41.29999923706055,42.33000183105469,27.460575103759766,540900
2006-11-09,42.369998931884766,42.84000015258789,42.27000045776367,42.41999816894531,27.518959045410156,398000
2006-11-10,42.54999923706055,43.369998931884766,42.54999923706055,43.29999923706055,28.0898380279541,384500
2006-11-13,43.40999984741211,43.79999923706055,42.369998931884766,42.43000030517578,27.525447845458984,665200
2006-11-14,42.470001220703125,42.790000915527344,42.11000061035156,42.70000076293945,27.700613021850586,448700
2006-11-15,42.75,43.0099983215332,42.540000915527344,42.83000183105469,27.784940719604492,348000
2006-11-16,42.93000030517578,43.2599983215332,42.709999084472656,42.86000061035156,27.804405212402344,423900
2006-11-17,42.81999969482422,43.0,42.43000030517578,43.0,27.89521598815918,182600
2006-11-20,43.0,43.75,42.9900016784668,43.4900016784668,28.21309471130371,265900
2006-11-21,43.279998779296875,43.31999969482422,42.56999969482422,42.709999084472656,27.822248458862305,180600
2006-11-22,42.720001220703125,43.06999969482422,42.70000076293945,42.9900016784668,28.004650115966797,222800
2006-11-24,42.66999816894531,43.13999938964844,42.40999984741211,43.13999938964844,28.102365493774414,123000
2006-11-27,42.9900016784668,42.9900016784668,41.4900016784668,41.58000183105469,27.086145401000977,288100
2006-11-28,41.560001373291016,41.63999938964844,41.0099983215332,41.27000045776367,26.884191513061523,363600
2006-11-29,41.369998931884766,41.75,41.25,41.58000183105469,27.086145401000977,237900
2006-11-30,41.52000045776367,41.7400016784668,41.130001068115234,41.130001068115234,26.792997360229492,469200
2006-12-01,41.25,41.560001373291016,40.91999816894531,41.41999816894531,26.981914520263672,334000
2006-12-04,41.52000045776367,41.720001220703125,41.400001525878906,41.650001525878906,27.13172721862793,346300
2006-12-05,41.650001525878906,42.099998474121094,41.560001373291016,41.88999938964844,27.288070678710938,193400
2006-12-06,41.91999816894531,42.61000061035156,41.86000061035156,42.41999816894531,27.633323669433594,288600
2006-12-07,42.400001525878906,42.5,41.93000030517578,42.04999923706055,27.39229965209961,177700
2006-12-08,41.959999084472656,42.36000061035156,41.83000183105469,42.220001220703125,27.503049850463867,86000
2006-12-11,42.25,42.439998626708984,42.0,42.20000076293945,27.490015029907227,170000
2006-12-12,42.099998474121094,42.150001525878906,41.470001220703125,41.560001373291016,27.073108673095703,96000
2006-12-13,41.810001373291016,41.9900016784668,41.349998474121094,41.619998931884766,27.112205505371094,171000
2006-12-14,41.599998474121094,41.86000061035156,41.25,41.52000045776367,27.04705238342285,153400
2006-12-15,41.540000915527344,42.06999969482422,41.459999084472656,42.0099983215332,27.36624526977539,368700
2006-12-18,42.11000061035156,42.11000061035156,41.2599983215332,41.31999969482422,26.91676902770996,198300
2006-12-19,41.2400016784668,42.0099983215332,41.08000183105469,41.9900016784668,27.35321617126465,175000
2006-12-20,41.88999938964844,41.88999938964844,41.2599983215332,41.52000045776367,27.04705238342285,240900
2006-12-21,41.54999923706055,41.720001220703125,41.36000061035156,41.630001068115234,27.11871337890625,126100
2006-12-22,41.849998474121094,42.75,41.849998474121094,42.33000183105469,27.57469940185547,256500
2006-12-26,42.58000183105469,43.5,42.560001373291016,43.47999954223633,28.323854446411133,324400
2006-12-27,43.22999954223633,43.599998474121094,43.22999954223633,43.540000915527344,28.36292266845703,158100
2006-12-28,43.5,43.939998626708984,43.33000183105469,43.349998474121094,28.239151000976562,257300
2006-12-29,43.099998474121094,43.900001525878906,43.0,43.56999969482422,28.382461547851562,301600
2007-01-03,43.70000076293945,44.36000061035156,43.58000183105469,44.209999084472656,28.79937744140625,439100
2007-01-04,44.04999923706055,44.38999938964844,43.59000015258789,44.369998931884766,28.90360450744629,310400
2007-01-05,44.150001525878906,44.279998779296875,43.54999923706055,43.900001525878906,28.597448348999023,223000
2007-01-08,43.81999969482422,44.06999969482422,43.0,44.04999923706055,28.695154190063477,320400
2007-01-09,44.099998474121094,45.22999954223633,44.099998474121094,44.95000076293945,29.281444549560547,533300
2007-01-10,44.849998474121094,45.59000015258789,44.5,45.52000045776367,29.65273094177246,387400
2007-01-11,45.540000915527344,46.790000915527344,45.529998779296875,46.459999084472656,30.265077590942383,325700
2007-01-12,46.310001373291016,46.4900016784668,45.959999084472656,46.380001068115234,30.212955474853516,278600
2007-01-16,46.4900016784668,47.0,46.25,46.70000076293945,30.421424865722656,635700
2007-01-17,46.65999984741211,46.900001525878906,46.5099983215332,46.72999954223633,30.440948486328125,260700
2007-01-18,46.689998626708984,46.9900016784668,46.47999954223633,46.47999954223633,30.278118133544922,164800
2007-01-19,46.38999938964844,46.59000015258789,45.7599983215332,46.4900016784668,30.284624099731445,221700
2007-01-22,46.560001373291016,46.560001373291016,45.43000030517578,45.56999969482422,29.68531036376953,380500
2007-01-23,45.40999984741211,46.0,45.2599983215332,45.75,29.802555084228516,380000
2007-01-24,45.900001525878906,46.220001220703125,45.7599983215332,45.83000183105469,29.85468101501465,380600
2007-01-25,46.25,47.02000045776367,43.38999938964844,43.38999938964844,28.26520347595215,982200
2007-01-26,43.4900016784668,44.099998474121094,43.150001525878906,43.95000076293945,28.630006790161133,480800
2007-01-29,44.040000915527344,44.099998474121094,43.5,43.61000061035156,28.408525466918945,381000
2007-01-30,43.86000061035156,44.0,43.40999984741211,43.91999816894531,28.610462188720703,440700
2007-01-31,43.75,45.150001525878906,43.75,44.7400016784668,29.144638061523438,376900
2007-02-01,45.060001373291016,45.5,45.040000915527344,45.220001220703125,29.457324981689453,169700
2007-02-02,45.5,46.02000045776367,45.41999816894531,45.83000183105469,29.85468101501465,426000
2007-02-05,45.88999938964844,46.099998474121094,45.470001220703125,45.54999923706055,29.672283172607422,216100
2007-02-06,45.650001525878906,46.5099983215332,45.599998474121094,46.25,30.12828254699707,650900
2007-02-07,46.29999923706055,46.61000061035156,46.13999938964844,46.58000183105469,30.343246459960938,331100
2007-02-08,46.560001373291016,47.439998626708984,46.290000915527344,47.099998474121094,30.681983947753906,567400
2007-02-09,47.02000045776367,47.11000061035156,46.810001373291016,46.869998931884766,30.53215789794922,372300
2007-02-12,46.560001373291016,47.06999969482422,46.560001373291016,46.849998474121094,30.519134521484375,289600
2007-02-13,46.97999954223633,47.060001373291016,46.75,46.959999084472656,30.590787887573242,318900
2007-02-14,46.9900016784668,47.20000076293945,46.779998779296875,47.0,30.616846084594727,518100
2007-02-15,46.849998474121094,47.0,46.29999923706055,46.79999923706055,30.486557006835938,703400
2007-02-16,46.7400016784668,47.400001525878906,46.619998931884766,47.060001373291016,30.65593910217285,702900
2007-02-20,47.150001525878906,47.84000015258789,47.150001525878906,47.810001373291016,31.144495010375977,259500
2007-02-21,47.52000045776367,47.70000076293945,47.150001525878906,47.369998931884766,30.97449493408203,254900
2007-02-22,47.279998779296875,47.529998779296875,47.150001525878906,47.400001525878906,30.99410057067871,193900
2007-02-23,47.33000183105469,47.560001373291016,47.04999923706055,47.310001373291016,30.93525505065918,150000
2007-02-26,47.4900016784668,47.599998474121094,46.849998474121094,47.0,30.732547760009766,209900
2007-02-27,46.5,46.5,44.63999938964844,45.2599983215332,29.594791412353516,433400
2007-02-28,45.099998474121094,45.18000030517578,43.939998626708984,44.66999816894531,29.20900535583496,679200
2007-03-01,44.0,44.720001220703125,43.290000915527344,44.189998626708984,28.89512825012207,615700
2007-03-02,44.189998626708984,44.720001220703125,43.900001525878906,44.15999984741211,28.875530242919922,406800
2007-03-05,43.70000076293945,44.33000183105469,43.45000076293945,43.849998474121094,28.67281723022461,533600
2007-03-06,44.189998626708984,45.349998474121094,44.0,45.16999816894531,29.53594970703125,607600
2007-03-07,45.04999923706055,45.779998779296875,44.900001525878906,45.220001220703125,29.56863784790039,581400
2007-03-08,45.459999084472656,45.72999954223633,44.779998779296875,44.880001068115234,29.3463191986084,373800
2007-03-09,45.119998931884766,45.439998626708984,44.880001068115234,45.25,29.588260650634766,221600
2007-03-12,46.25,47.099998474121094,46.06999969482422,47.04999923706055,30.76524543762207,489200
2007-03-13,46.79999923706055,47.11000061035156,45.650001525878906,45.779998779296875,29.934812545776367,311400
2007-03-14,45.880001068115234,46.0,45.02000045776367,45.7400016784668,29.90865707397461,269800
2007-03-15,45.7400016784668,47.0,45.7400016784668,46.61000061035156,30.4775390625,365200
2007-03-16,46.720001220703125,46.939998626708984,46.13999938964844,46.189998626708984,30.202922821044922,245000
2007-03-19,46.439998626708984,46.599998474121094,46.25,46.5,30.405607223510742,208900
2007-03-20,46.43000030517578,47.0,46.43000030517578,46.95000076293945,30.69986915588379,156800
2007-03-21,46.939998626708984,48.16999816894531,46.65999984741211,48.0099983215332,31.39297103881836,412300
2007-03-22,48.04999923706055,48.5,47.849998474121094,48.29999923706055,31.58260154724121,321500
2007-03-23,48.220001220703125,48.439998626708984,47.83000183105469,48.02000045776367,31.39952278137207,389500
2007-03-26,47.939998626708984,48.0099983215332,47.33000183105469,47.81999969482422,31.268733978271484,352300
2007-03-27,47.790000915527344,48.0099983215332,47.4900016784668,47.91999816894531,31.334117889404297,396400
2007-03-28,47.70000076293945,47.83000183105469,47.06999969482422,47.150001525878906,30.830631256103516,305200
2007-03-29,47.400001525878906,47.65999984741211,46.81999969482422,47.58000183105469,31.11180877685547,303100
2007-03-30,47.63999938964844,47.95000076293945,47.209999084472656,47.72999954223633,31.209888458251953,255400
2007-04-02,47.689998626708984,47.7400016784668,46.97999954223633,47.52000045776367,31.072580337524414,253000
2007-04-03,47.77000045776367,48.29999923706055,47.599998474121094,48.0,31.386425018310547,383700
2007-04-04,48.08000183105469,48.459999084472656,47.63999938964844,48.20000076293945,31.5172119140625,355800
2007-04-05,48.0,48.20000076293945,47.63999938964844,47.72999954223633,31.209888458251953,257100
2007-04-09,47.97999954223633,48.56999969482422,47.97999954223633,48.34000015258789,31.6087589263916,224000
2007-04-10,47.849998474121094,48.97999954223633,47.849998474121094,48.59000015258789,31.772228240966797,309200
2007-04-11,48.66999816894531,49.02000045776367,48.279998779296875,48.66999816894531,31.82455825805664,214700
2007-04-12,48.47999954223633,49.15999984741211,45.939998626708984,49.099998474121094,32.105712890625,156300
2007-04-13,49.0099983215332,49.09000015258789,47.31999969482422,48.0099983215332,31.39297103881836,430100
2007-04-16,48.189998626708984,48.72999954223633,47.97999954223633,48.72999954223633,31.86375617980957,198200
2007-04-17,48.900001525878906,49.099998474121094,48.540000915527344,49.02000045776367,32.05339431762695,209900
2007-04-18,49.2400016784668,49.2400016784668,48.65999984741211,48.75,31.87684440612793,223700
2007-04-19,48.470001220703125,48.540000915527344,47.869998931884766,48.25,31.549896240234375,221800
2007-04-20,48.61000061035156,48.83000183105469,48.2599983215332,48.83000183105469,31.929168701171875,287700
2007-04-23,48.650001525878906,48.959999084472656,48.56999969482422,48.91999816894531,31.988012313842773,111600
2007-04-24,49.04999923706055,49.400001525878906,48.54999923706055,49.040000915527344,32.06646728515625,275800
2007-04-25,49.2400016784668,49.869998931884766,48.880001068115234,49.77000045776367,32.54380798339844,254300
2007-04-26,46.720001220703125,47.22999954223633,43.11000061035156,46.25,30.242151260375977,1329900
2007-04-27,46.95000076293945,46.95000076293945,45.75,46.0099983215332,30.0852108001709,710200
2007-04-30,46.20000076293945,46.70000076293945,45.2400016784668,45.29999923706055,29.62095069885254,348100
2007-05-01,45.18000030517578,45.290000915527344,43.45000076293945,44.0,28.77090835571289,826500
2007-05-02,44.29999923706055,46.13999938964844,44.29999923706055,45.70000076293945,29.882511138916016,795500
2007-05-03,45.689998626708984,46.04999923706055,45.459999084472656,45.86000061035156,29.987110137939453,523000
2007-05-04,45.86000061035156,46.369998931884766,45.7599983215332,46.02000045776367,30.091751098632812,310900
2007-05-07,46.150001525878906,46.7400016784668,46.0,46.29999923706055,30.274839401245117,313200
2007-05-08,45.970001220703125,46.29999923706055,45.5099983215332,46.2400016784668,30.23560333251953,337000
2007-05-09,46.04999923706055,46.75,45.91999816894531,46.61000061035156,30.4775390625,183700
2007-05-10,46.25,46.29999923706055,45.81999969482422,46.029998779296875,30.098278045654297,459300
2007-05-11,46.150001525878906,46.20000076293945,45.7400016784668,45.9900016784668,30.072126388549805,255100
2007-05-14,45.75,45.959999084472656,44.5,45.70000076293945,29.882511138916016,882400
2007-05-15,45.79999923706055,46.150001525878906,45.34000015258789,45.36000061035156,29.660173416137695,431500
2007-05-16,45.459999084472656,45.880001068115234,45.310001373291016,45.619998931884766,29.830188751220703,350600
2007-05-17,45.45000076293945,46.61000061035156,45.45000076293945,46.25,30.242151260375977,361200
2007-05-18,46.45000076293945,46.959999084472656,46.099998474121094,46.61000061035156,30.4775390625,297400
2007-05-21,46.439998626708984,47.290000915527344,46.439998626708984,47.130001068115234,30.81755256652832,306800
2007-05-22,47.25,47.54999923706055,47.099998474121094,47.369998931884766,30.97449493408203,232000
2007-05-23,47.33000183105469,47.540000915527344,46.90999984741211,47.18000030517578,30.967914581298828,211600
2007-05-24,47.279998779296875,47.279998779296875,46.09000015258789,46.18000030517578,30.31153678894043,288000
2007-05-25,46.20000076293945,46.77000045776367,45.900001525878906,46.689998626708984,30.646310806274414,198900
2007-05-29,46.689998626708984,47.54999923706055,46.63999938964844,46.9900016784668,30.843219757080078,265700
2007-05-30,46.70000076293945,47.79999923706055,46.349998474121094,47.689998626708984,31.30266761779785,626500
2007-05-31,47.75,48.470001220703125,47.709999084472656,48.310001373291016,31.70963478088379,944400
2007-06-01,48.27000045776367,48.65999984741211,47.90999984741211,48.400001525878906,31.76871681213379,317100
2007-06-04,48.20000076293945,48.400001525878906,47.97999954223633,48.25,31.670242309570312,308200
2007-06-05,48.209999084472656,48.310001373291016,47.77000045776367,48.04999923706055,31.538969039916992,275400
2007-06-06,47.939998626708984,47.95000076293945,46.88999938964844,46.970001220703125,30.8300838470459,336100
2007-06-07,46.79999923706055,46.81999969482422,45.9900016784668,45.9900016784668,30.18682861328125,332700
2007-06-08,45.86000061035156,46.27000045776367,45.58000183105469,46.220001220703125,30.337799072265625,310100
2007-06-11,46.20000076293945,47.900001525878906,46.13999938964844,47.61000061035156,31.250167846679688,460400
2007-06-12,47.5,48.060001373291016,47.0099983215332,47.65999984741211,31.28297233581543,489400
2007-06-13,47.900001525878906,48.4900016784668,47.81999969482422,48.33000183105469,31.722776412963867,335800
2007-06-14,48.0099983215332,48.150001525878906,47.470001220703125,47.95000076293945,31.47334098815918,410000
2007-06-15,48.0,48.08000183105469,47.75,47.779998779296875,31.36174964904785,515700
2007-06-18,47.810001373291016,48.150001525878906,47.66999816894531,47.9900016784668,31.49959373474121,415300
2007-06-19,47.849998474121094,48.220001220703125,47.720001220703125,48.02000045776367,31.519290924072266,272400
2007-06-20,48.150001525878906,48.470001220703125,47.560001373291016,47.560001373291016,31.217361450195312,431100
2007-06-21,47.29999923706055,47.5,46.630001068115234,47.119998931884766,30.928556442260742,432000
2007-06-22,47.0,47.540000915527344,46.70000076293945,47.439998626708984,31.138587951660156,515000
2007-06-25,47.5,47.7400016784668,46.709999084472656,46.75,30.685680389404297,260400
2007-06-26,46.91999816894531,47.72999954223633,46.91999816894531,47.369998931884766,31.092641830444336,452800
2007-06-27,47.0,47.939998626708984,46.7599983215332,47.900001525878906,31.440519332885742,274600
2007-06-28,47.97999954223633,48.150001525878906,47.36000061035156,47.540000915527344,31.204221725463867,309700
2007-06-29,47.779998779296875,48.09000015258789,47.45000076293945,47.68000030517578,31.296125411987305,345400
2007-07-02,47.900001525878906,48.189998626708984,47.68000030517578,48.02000045776367,31.519290924072266,417700
2007-07-03,48.040000915527344,48.56999969482422,48.040000915527344,48.20000076293945,31.637428283691406,257700
2007-07-05,48.08000183105469,48.5,48.06999969482422,48.25,31.670242309570312,219900
2007-07-06,48.0,48.099998474121094,47.47999954223633,47.869998931884766,31.420827865600586,520200
2007-07-09,46.599998474121094,47.9900016784668,46.2599983215332,47.209999084472656,30.98761749267578,728500
2007-07-10,46.83000183105469,46.869998931884766,46.150001525878906,46.380001068115234,30.44282341003418,506300
2007-07-11,46.41999816894531,46.75,46.099998474121094,46.5099983215332,30.528154373168945,422800
2007-07-12,46.689998626708984,47.22999954223633,46.65999984741211,47.15999984741211,30.954814910888672,364500
2007-07-13,47.209999084472656,47.529998779296875,47.18000030517578,47.459999084472656,31.151710510253906,303500
2007-07-16,47.41999816894531,47.900001525878906,47.2599983215332,47.66999816894531,31.28955841064453,355300
2007-07-17,47.900001525878906,48.869998931884766,47.619998931884766,48.22999954223633,31.657121658325195,426300
2007-07-18,48.119998931884766,48.4900016784668,47.72999954223633,47.939998626708984,31.466760635375977,330500
2007-07-19,48.20000076293945,49.13999938964844,48.20000076293945,48.86000061035156,32.070648193359375,334300
2007-07-20,48.59000015258789,48.689998626708984,47.52000045776367,48.11000061035156,31.578357696533203,293100
2007-07-23,48.060001373291016,48.43000030517578,47.869998931884766,47.970001220703125,31.486459732055664,341700
2007-07-24,47.70000076293945,48.04999923706055,46.95000076293945,47.20000076293945,30.98105239868164,450400
2007-07-25,47.400001525878906,48.04999923706055,46.90999984741211,47.459999084472656,31.151710510253906,437600
2007-07-26,42.630001068115234,43.95000076293945,40.279998779296875,41.290000915527344,27.101863861083984,1853100
2007-07-27,41.04999923706055,41.189998626708984,38.13999938964844,39.25,25.762842178344727,1398500
2007-07-30,39.2400016784668,40.5099983215332,39.0,40.15999984741211,26.36013412475586,787000
2007-07-31,40.33000183105469,41.40999984741211,40.08000183105469,40.380001068115234,26.504558563232422,782400
2007-08-01,40.34000015258789,40.56999969482422,39.72999954223633,40.40999984741211,26.524246215820312,788800
2007-08-02,40.400001525878906,41.22999954223633,40.220001220703125,40.70000076293945,26.7145938873291,620500
2007-08-03,40.75,41.0,39.18000030517578,39.220001220703125,25.74315071105957,547700
2007-08-06,39.41999816894531,39.68000030517578,38.369998931884766,39.560001373291016,25.966320037841797,687200
2007-08-07,39.310001373291016,39.599998474121094,38.2599983215332,38.869998931884766,25.513423919677734,1061600
2007-08-08,39.25,40.189998626708984,37.599998474121094,38.130001068115234,25.0277042388916,837800
2007-08-09,37.400001525878906,39.20000076293945,35.41999816894531,35.54999923706055,23.334245681762695,1044800
2007-08-10,35.54999923706055,40.150001525878906,34.47999954223633,39.79999923706055,26.12385368347168,921100
2007-08-13,40.25,40.93000030517578,38.2400016784668,39.099998474121094,25.66438865661621,794500
2007-08-14,39.150001525878906,39.540000915527344,37.849998474121094,37.90999984741211,24.883302688598633,560800
2007-08-15,37.75,38.86000061035156,36.83000183105469,37.27000045776367,24.463218688964844,573800
2007-08-16,37.220001220703125,38.45000076293945,36.7400016784668,38.41999816894531,25.218055725097656,589100
2007-08-17,38.41999816894531,39.599998474121094,37.029998779296875,38.540000915527344,25.296815872192383,491900
2007-08-20,38.709999084472656,39.54999923706055,38.099998474121094,39.22999954223633,25.749723434448242,459000
2007-08-21,38.75,39.099998474121094,38.290000915527344,38.290000915527344,25.132719039916992,573800
2007-08-22,38.650001525878906,39.68000030517578,38.650001525878906,39.25,25.762842178344727,396700
2007-08-23,39.34000015258789,39.439998626708984,38.529998779296875,39.02000045776367,25.61188316345215,399600
2007-08-24,38.900001525878906,39.86000061035156,38.77000045776367,39.83000183105469,26.143556594848633,416300
2007-08-27,39.779998779296875,40.209999084472656,39.27000045776367,39.369998931884766,25.841604232788086,332600
2007-08-28,39.130001068115234,39.400001525878906,38.33000183105469,38.34000015258789,25.165542602539062,350900
2007-08-29,38.540000915527344,39.560001373291016,38.540000915527344,39.540000915527344,26.075618743896484,287800
2007-08-30,39.150001525878906,40.380001068115234,39.11000061035156,40.060001373291016,26.418540954589844,434500
2007-08-31,40.45000076293945,40.91999816894531,40.15999984741211,40.34000015258789,26.60319709777832,441800
2007-09-04,40.099998474121094,40.31999969482422,39.41999816894531,40.0099983215332,26.385568618774414,267300
2007-09-05,39.65999984741211,39.9900016784668,39.25,39.459999084472656,26.022855758666992,309700
2007-09-06,39.47999954223633,39.790000915527344,39.0,39.29999923706055,25.917339324951172,299600
2007-09-07,38.900001525878906,38.939998626708984,37.16999816894531,37.29999923706055,24.598400115966797,763500
2007-09-10,37.45000076293945,37.810001373291016,36.83000183105469,37.38999938964844,24.657743453979492,550400
2007-09-11,37.54999923706055,38.119998931884766,37.4900016784668,38.11000061035156,25.132572174072266,370000
2007-09-12,38.06999969482422,38.40999984741211,37.45000076293945,37.529998779296875,24.750064849853516,444800
2007-09-13,37.779998779296875,37.779998779296875,37.0099983215332,37.099998474121094,24.466501235961914,393200
2007-09-14,36.83000183105469,37.65999984741211,36.709999084472656,37.529998779296875,24.750064849853516,377900
2007-09-17,37.45000076293945,37.650001525878906,37.16999816894531,37.20000076293945,24.532438278198242,248700
2007-09-18,37.56999969482422,40.09000015258789,37.52000045776367,39.97999954223633,26.365785598754883,577300
2007-09-19,40.0099983215332,40.40999984741211,39.29999923706055,39.47999954223633,26.036056518554688,620200
2007-09-20,39.5,39.630001068115234,38.400001525878906,38.470001220703125,25.36998176574707,895300
2007-09-21,38.65999984741211,39.40999984741211,38.58000183105469,39.34000015258789,25.9437313079834,765400
2007-09-24,39.5,39.619998931884766,37.90999984741211,38.0099983215332,25.06661033630371,472600
2007-09-25,37.79999923706055,37.81999969482422,36.470001220703125,36.59000015258789,24.13017463684082,858000
2007-09-26,36.849998474121094,37.150001525878906,36.2599983215332,36.90999984741211,24.341201782226562,779500
2007-09-27,37.11000061035156,37.2400016784668,36.4900016784668,36.7400016784668,24.229089736938477,1416100
2007-09-28,36.7400016784668,36.95000076293945,34.939998626708984,35.529998779296875,23.431133270263672,984600
2007-10-01,35.529998779296875,36.34000015258789,35.529998779296875,36.33000183105469,23.95870590209961,493900
2007-10-02,36.27000045776367,36.59000015258789,35.7599983215332,36.380001068115234,23.99167823791504,490200
2007-10-03,36.25,36.70000076293945,35.970001220703125,36.130001068115234,23.82681655883789,316200
2007-10-04,36.31999969482422,36.7400016784668,36.040000915527344,36.63999938964844,24.16313934326172,398600
2007-10-05,36.970001220703125,37.7400016784668,36.84000015258789,37.720001220703125,24.8753719329834,341900
2007-10-08,37.63999938964844,40.4900016784668,37.119998931884766,37.29999923706055,24.598400115966797,394600
2007-10-09,37.4900016784668,38.060001373291016,37.33000183105469,37.93000030517578,25.01386260986328,445100
2007-10-10,37.900001525878906,37.9900016784668,37.40999984741211,37.61000061035156,24.802831649780273,234000
2007-10-11,37.619998931884766,38.45000076293945,37.43000030517578,37.75,24.89515495300293,364900
2007-10-12,37.77000045776367,38.400001525878906,37.709999084472656,38.11000061035156,25.132572174072266,246500
2007-10-15,38.040000915527344,38.209999084472656,37.2400016784668,37.43000030517578,24.684125900268555,344800
2007-10-16,37.150001525878906,37.400001525878906,36.310001373291016,36.54999923706055,24.103792190551758,456000
2007-10-17,36.83000183105469,36.849998474121094,35.869998931884766,36.33000183105469,23.95870590209961,289600
2007-10-18,36.2400016784668,36.66999816894531,36.0099983215332,36.18000030517578,23.859783172607422,231400
2007-10-19,36.119998931884766,36.13999938964844,34.88999938964844,34.88999938964844,23.009063720703125,386800
2007-10-22,34.66999816894531,36.65999984741211,34.540000915527344,36.41999816894531,24.018051147460938,571900
2007-10-23,36.5099983215332,37.16999816894531,36.369998931884766,37.11000061035156,24.47308921813965,334400
2007-10-24,36.95000076293945,37.2400016784668,36.25,37.040000915527344,24.42693519592285,264200
2007-10-25,37.150001525878906,37.150001525878906,36.0099983215332,36.540000915527344,24.097187042236328,347600
2007-10-26,36.77000045776367,37.0099983215332,35.220001220703125,35.810001373291016,23.61577796936035,438800
2007-10-29,36.0,36.279998779296875,35.59000015258789,35.86000061035156,23.64874267578125,241500
2007-10-30,35.77000045776367,36.33000183105469,35.61000061035156,35.61000061035156,23.483888626098633,189100
2007-10-31,35.43000030517578,35.75,33.91999816894531,35.0099983215332,23.08820152282715,726100
2007-11-01,35.47999954223633,38.2400016784668,34.630001068115234,36.45000076293945,24.037841796875,1450400
2007-11-02,36.439998626708984,36.66999816894531,35.150001525878906,36.470001220703125,24.05103302001953,816800
2007-11-05,35.869998931884766,35.869998931884766,34.59000015258789,34.959999084472656,23.055233001708984,653900
2007-11-06,34.7400016784668,35.04999923706055,33.97999954223633,34.68000030517578,22.870573043823242,465000
2007-11-07,33.81999969482422,34.34000015258789,33.25,33.33000183105469,21.98028564453125,579300
2007-11-08,33.47999954223633,33.61000061035156,32.279998779296875,32.75,21.5977840423584,793000
2007-11-09,32.439998626708984,32.5,31.6299991607666,32.029998779296875,21.12296485900879,826000
2007-11-12,31.940000534057617,33.2599983215332,31.940000534057617,32.93000030517578,21.716489791870117,649200
2007-11-13,33.29999923706055,33.59000015258789,32.619998931884766,33.349998474121094,21.993471145629883,974800
2007-11-14,33.459999084472656,33.61000061035156,33.060001373291016,33.36000061035156,22.00006103515625,409700
2007-11-15,33.349998474121094,33.4900016784668,32.869998931884766,33.09000015258789,21.82200813293457,653000
2007-11-16,33.27000045776367,33.400001525878906,32.43000030517578,32.61000061035156,21.505456924438477,451000
2007-11-19,32.47999954223633,32.47999954223633,31.43000030517578,31.540000915527344,20.799829483032227,834100
2007-11-20,31.59000015258789,32.02000045776367,30.850000381469727,31.309999465942383,20.648143768310547,467700
2007-11-21,31.15999984741211,31.25,30.440000534057617,31.040000915527344,20.47008514404297,403500
2007-11-23,31.190000534057617,31.579999923706055,30.950000762939453,31.34000015258789,20.667932510375977,98500
2007-11-26,31.350000381469727,31.59000015258789,30.65999984741211,30.719999313354492,20.25905418395996,301900
2007-11-27,30.799999237060547,31.889999389648438,30.799999237060547,31.459999084472656,20.747068405151367,423800
2007-11-28,31.459999084472656,32.439998626708984,31.100000381469727,32.34000015258789,21.450122833251953,511200
2007-11-29,32.119998931884766,33.189998626708984,32.119998931884766,32.849998474121094,21.78839111328125,294500
2007-11-30,33.150001525878906,34.41999816894531,33.150001525878906,34.41999816894531,22.82972526550293,856300
2007-12-03,34.290000915527344,35.25,34.119998931884766,34.33000183105469,22.77003288269043,631600
2007-12-04,34.33000183105469,35.04999923706055,34.33000183105469,34.66999816894531,22.99553871154785,426400
2007-12-05,35.099998474121094,35.54999923706055,34.33000183105469,34.810001373291016,23.088411331176758,632200
2007-12-06,34.66999816894531,35.63999938964844,34.540000915527344,35.5099983215332,23.552701950073242,444100
2007-12-07,35.52000045776367,35.65999984741211,34.79999923706055,35.02000045776367,23.22768783569336,395900
2007-12-10,35.02000045776367,35.459999084472656,34.81999969482422,35.400001525878906,23.479724884033203,209000
2007-12-11,35.54999923706055,35.86000061035156,34.0099983215332,34.040000915527344,22.577693939208984,262100
2007-12-12,34.7599983215332,35.189998626708984,33.63999938964844,34.31999969482422,22.763404846191406,278200
2007-12-13,34.0,34.40999984741211,33.95000076293945,34.150001525878906,22.650651931762695,269800
2007-12-14,34.70000076293945,34.70000076293945,33.41999816894531,33.599998474121094,22.285844802856445,388800
2007-12-17,33.5,33.5,32.2400016784668,32.279998779296875,21.410337448120117,377900
2007-12-18,32.720001220703125,33.5099983215332,32.470001220703125,33.43000030517578,22.173086166381836,335300
2007-12-19,33.310001373291016,33.5099983215332,33.029998779296875,33.29999923706055,22.08686637878418,286200
2007-12-20,33.61000061035156,33.630001068115234,32.79999923706055,33.34000015258789,22.113401412963867,314600
2007-12-21,33.29999923706055,33.86000061035156,33.2599983215332,33.630001068115234,22.305742263793945,459000
2007-12-24,33.560001373291016,33.689998626708984,33.029998779296875,33.459999084472656,22.19298553466797,120500
2007-12-26,33.40999984741211,33.75,33.290000915527344,33.58000183105469,22.27259063720703,187400
2007-12-27,33.63999938964844,33.7400016784668,33.11000061035156,33.43000030517578,22.173086166381836,329800
2007-12-28,33.720001220703125,34.0099983215332,33.029998779296875,33.939998626708984,22.511362075805664,400600
2007-12-31,33.83000183105469,33.939998626708984,33.25,33.34000015258789,22.113401412963867,519900
2008-01-02,33.16999816894531,33.25,31.899999618530273,32.20000076293945,21.35727310180664,454800
2008-01-03,32.189998626708984,32.209999084472656,31.610000610351562,31.8700008392334,21.13839340209961,506200
2008-01-04,31.510000228881836,32.33000183105469,31.450000762939453,31.84000015258789,21.11849021911621,469500
2008-01-07,31.889999389648438,32.599998474121094,31.510000228881836,32.04999923706055,21.257787704467773,400300
2008-01-08,32.279998779296875,32.369998931884766,30.860000610351562,31.049999237060547,20.594512939453125,429600
2008-01-09,31.0,31.280000686645508,30.290000915527344,30.979999542236328,20.54808807373047,583700
2008-01-10,30.809999465942383,31.079999923706055,30.149999618530273,30.729999542236328,20.382259368896484,575600
2008-01-11,30.739999771118164,31.329999923706055,30.5,31.059999465942383,20.601146697998047,334600
2008-01-14,31.34000015258789,31.90999984741211,31.170000076293945,31.780000686645508,21.078699111938477,302300
2008-01-15,31.40999984741211,31.40999984741211,30.420000076293945,30.899999618530273,20.49502182006836,512600
2008-01-16,30.799999237060547,31.729999542236328,30.5,31.010000228881836,20.567983627319336,450800
2008-01-17,31.06999969482422,31.299999237060547,30.059999465942383,30.09000015258789,19.9577693939209,462600
2008-01-18,30.219999313354492,30.3799991607666,29.459999084472656,29.700000762939453,19.6991024017334,472700
2008-01-22,28.700000762939453,29.40999984741211,28.100000381469727,28.229999542236328,18.724090576171875,821000
2008-01-23,27.899999618530273,30.399999618530273,27.700000762939453,30.280000686645508,20.08379364013672,631000
2008-01-24,32.0,33.5,31.219999313354492,31.489999771118164,20.8863525390625,1358900
2008-01-25,31.649999618530273,32.099998474121094,31.209999084472656,31.450000762939453,20.859825134277344,708200
2008-01-28,31.200000762939453,31.200000762939453,29.90999984741211,30.889999389648438,20.488393783569336,659500
2008-01-29,31.049999237060547,31.049999237060547,29.889999389648438,30.079999923706055,19.95114517211914,621900
2008-01-30,30.040000915527344,30.15999984741211,29.25,29.309999465942383,19.440427780151367,649900
2008-01-31,28.8700008392334,29.950000762939453,28.719999313354492,29.65999984741211,19.672565460205078,508600
2008-02-01,29.68000030517578,30.65999984741211,29.309999465942383,30.540000915527344,20.25624656677246,492200
2008-02-04,30.510000228881836,30.899999618530273,30.110000610351562,30.520000457763672,20.242979049682617,427800
2008-02-05,30.399999618530273,30.770000457763672,29.540000915527344,29.600000381469727,19.63277244567871,351500
2008-02-06,29.6299991607666,30.110000610351562,29.25,29.93000030517578,19.851655960083008,654800
2008-02-07,29.729999542236328,30.18000030517578,28.90999984741211,29.270000457763672,19.41389274597168,472700
2008-02-08,29.18000030517578,29.649999618530273,29.110000610351562,29.3700008392334,19.48021697998047,261700
2008-02-11,29.34000015258789,29.34000015258789,28.389999389648438,29.010000228881836,19.241437911987305,274700
2008-02-12,29.209999084472656,29.700000762939453,28.920000076293945,29.110000610351562,19.30776596069336,294500
2008-02-13,29.290000915527344,29.829999923706055,28.920000076293945,29.049999237060547,19.267976760864258,343900
2008-02-14,29.030000686645508,29.1200008392334,28.43000030517578,28.600000381469727,18.969501495361328,229300
2008-02-15,28.43000030517578,28.670000076293945,28.049999237060547,28.229999542236328,18.724090576171875,260500
2008-02-19,28.530000686645508,28.600000381469727,27.75,27.969999313354492,18.55164337158203,526400
2008-02-20,27.889999389648438,28.549999237060547,27.8700008392334,28.549999237060547,18.93633460998535,524700
2008-02-21,28.65999984741211,28.899999618530273,27.639999389648438,27.670000076293945,18.352659225463867,350300
2008-02-22,27.770000457763672,27.950000762939453,27.469999313354492,27.940000534057617,18.5317440032959,411400
2008-02-25,27.860000610351562,28.639999389648438,27.610000610351562,28.579999923706055,18.956239700317383,403200
2008-02-26,28.440000534057617,28.950000762939453,28.399999618530273,28.770000457763672,19.082263946533203,389600
2008-02-27,28.40999984741211,28.940000534057617,28.309999465942383,28.799999237060547,19.22241973876953,383700
2008-02-28,28.459999084472656,29.010000228881836,28.15999984741211,28.260000228881836,18.862001419067383,358300
2008-02-29,28.139999389648438,28.209999084472656,27.329999923706055,27.399999618530273,18.28799819946289,383700
2008-03-03,27.31999969482422,27.459999084472656,26.829999923706055,27.350000381469727,18.254621505737305,312000
2008-03-04,27.049999237060547,27.549999237060547,26.8799991607666,27.31999969482422,18.234603881835938,415800
2008-03-05,27.56999969482422,27.979999542236328,27.209999084472656,27.6299991607666,18.44152069091797,334700
2008-03-06,27.540000915527344,27.850000381469727,27.200000762939453,27.329999923706055,18.241273880004883,354700
2008-03-07,27.1299991607666,27.40999984741211,26.299999237060547,26.329999923706055,17.573829650878906,414600
2008-03-10,26.299999237060547,26.700000762939453,25.799999237060547,25.860000610351562,17.2601375579834,474800
2008-03-11,26.780000686645508,26.860000610351562,26.020000457763672,26.81999969482422,17.900875091552734,498600
2008-03-12,26.75,27.270000457763672,26.5,26.81999969482422,17.900875091552734,300000
2008-03-13,26.549999237060547,27.280000686645508,26.079999923706055,27.059999465942383,18.061073303222656,351200
2008-03-14,27.329999923706055,27.329999923706055,25.790000915527344,26.049999237060547,17.38694953918457,432200
2008-03-17,25.5,26.3700008392334,25.469999313354492,25.93000030517578,17.306859970092773,344200
2008-03-18,26.270000457763672,26.81999969482422,26.040000915527344,26.770000457763672,17.867509841918945,472900
2008-03-19,26.969999313354492,27.729999542236328,26.389999389648438,26.389999389648438,17.613876342773438,558000
2008-03-20,26.5,27.1299991607666,26.25,27.020000457763672,18.03436851501465,550000
2008-03-24,27.1299991607666,28.93000030517578,27.040000915527344,28.329999923706055,18.908723831176758,654900
2008-03-25,28.329999923706055,29.3799991607666,28.25,29.350000381469727,19.589513778686523,884600
2008-03-26,29.190000534057617,29.420000076293945,28.59000015258789,28.809999465942383,19.22909927368164,734900
2008-03-27,28.75,28.959999084472656,28.299999237060547,28.360000610351562,18.928739547729492,304700
2008-03-28,28.360000610351562,28.360000610351562,27.56999969482422,27.799999237060547,18.554975509643555,472900
2008-03-31,27.6200008392334,28.139999389648438,27.260000228881836,28.0,18.688467025756836,535000
2008-04-01,27.690000534057617,28.84000015258789,27.65999984741211,28.780000686645508,19.209074020385742,440500
2008-04-02,28.68000030517578,29.260000228881836,28.479999542236328,29.010000228881836,19.362590789794922,359600
2008-04-03,28.8700008392334,29.719999313354492,28.709999084472656,29.479999542236328,19.676286697387695,417600
2008-04-04,29.389999389648438,29.56999969482422,28.829999923706055,29.459999084472656,19.662933349609375,289800
2008-04-07,29.75,30.600000381469727,29.75,30.3700008392334,20.27031898498535,639400
2008-04-08,30.139999389648438,30.290000915527344,29.610000610351562,30.139999389648438,20.11680030822754,357900
2008-04-09,30.31999969482422,30.469999313354492,29.40999984741211,29.469999313354492,19.66960906982422,381900
2008-04-10,29.420000076293945,30.020000457763672,29.270000457763672,30.020000457763672,20.036705017089844,250700
2008-04-11,29.40999984741211,29.93000030517578,29.229999542236328,29.3700008392334,19.60286521911621,222900
2008-04-14,29.299999237060547,29.459999084472656,28.8799991607666,29.0,19.355915069580078,389000
2008-04-15,29.110000610351562,29.209999084472656,28.59000015258789,28.84000015258789,19.249126434326172,362600
2008-04-16,28.90999984741211,29.530000686645508,28.5,29.5,19.68962860107422,394700
2008-04-17,29.450000762939453,29.670000076293945,29.0,29.56999969482422,19.73635482788086,271900
2008-04-18,29.940000534057617,30.399999618530273,29.670000076293945,30.290000915527344,20.2169189453125,234300
2008-04-21,30.0,30.329999923706055,29.6200008392334,30.309999465942383,20.230260848999023,270600
2008-04-22,30.209999084472656,30.329999923706055,28.8700008392334,29.260000228881836,19.529441833496094,368100
2008-04-23,29.329999923706055,29.329999923706055,28.260000228881836,28.31999969482422,18.902048110961914,681400
2008-04-24,28.290000915527344,28.8799991607666,27.899999618530273,28.479999542236328,19.00883674621582,484700
2008-04-25,28.549999237060547,28.809999465942383,28.270000457763672,28.809999465942383,19.22909927368164,379600
2008-04-28,28.90999984741211,29.010000228881836,28.5,28.850000381469727,19.25579833984375,236400
2008-04-29,28.860000610351562,29.1200008392334,28.6299991607666,28.719999313354492,19.169023513793945,171500
2008-04-30,28.93000030517578,29.5,28.799999237060547,29.15999984741211,19.462703704833984,428000
2008-05-01,27.93000030517578,31.0,27.93000030517578,30.950000762939453,20.65743064880371,1121100
2008-05-02,31.0,31.5,30.770000457763672,31.1299991607666,20.77756690979004,751400
2008-05-05,31.229999542236328,31.709999084472656,31.030000686645508,31.459999084472656,20.99782943725586,504100
2008-05-06,31.15999984741211,31.739999771118164,30.84000015258789,31.290000915527344,20.884357452392578,452700
2008-05-07,31.459999084472656,32.0,31.309999465942383,31.649999618530273,21.12464714050293,494800
2008-05-08,31.780000686645508,32.25,31.489999771118164,32.040000915527344,21.38494300842285,414100
2008-05-09,31.709999084472656,32.099998474121094,31.59000015258789,32.0099983215332,21.36491584777832,229100
2008-05-12,32.029998779296875,32.45000076293945,31.809999465942383,32.369998931884766,21.60520362854004,259800
2008-05-13,32.31999969482422,32.41999816894531,31.84000015258789,32.290000915527344,21.551803588867188,331300
2008-05-14,32.310001373291016,33.349998474121094,32.11000061035156,33.119998931884766,22.105785369873047,464500
2008-05-15,33.040000915527344,33.45000076293945,32.720001220703125,33.36000061035156,22.265966415405273,241200
2008-05-16,33.5099983215332,33.720001220703125,32.95000076293945,33.5,22.359418869018555,357400
2008-05-19,33.4900016784668,33.65999984741211,33.209999084472656,33.5,22.359418869018555,224400
2008-05-20,33.33000183105469,33.38999938964844,32.81999969482422,32.900001525878906,21.958946228027344,240800
2008-05-21,33.02000045776367,33.43000030517578,32.66999816894531,32.72999954223633,21.845483779907227,219500
2008-05-22,32.65999984741211,32.97999954223633,32.36000061035156,32.43000030517578,21.645252227783203,268400
2008-05-23,32.38999938964844,32.54999923706055,31.43000030517578,31.989999771118164,21.351566314697266,281300
2008-05-27,32.0,32.18000030517578,31.399999618530273,31.579999923706055,21.077911376953125,423900
2008-05-28,31.360000610351562,31.489999771118164,30.670000076293945,31.43000030517578,21.098052978515625,451500
2008-05-29,31.520000457763672,32.43000030517578,31.43000030517578,32.099998474121094,21.547815322875977,820000
2008-05-30,32.04999923706055,32.2599983215332,31.469999313354492,32.040000915527344,21.50752830505371,467100
2008-06-02,31.799999237060547,31.920000076293945,30.950000762939453,31.440000534057617,21.104766845703125,590700
2008-06-03,31.5,31.969999313354492,31.110000610351562,31.610000610351562,21.218881607055664,426400
2008-06-04,31.559999465942383,32.34000015258789,31.209999084472656,32.04999923706055,21.514251708984375,316100
2008-06-05,32.11000061035156,32.36000061035156,31.479999542236328,32.36000061035156,21.722333908081055,931100
2008-06-06,31.940000534057617,32.15999984741211,31.18000030517578,31.3799991607666,21.064496994018555,624400
2008-06-09,31.389999389648438,31.399999618530273,30.770000457763672,31.149999618530273,20.910097122192383,225300
2008-06-10,31.0,31.100000381469727,30.549999237060547,30.8799991607666,20.728862762451172,228900
2008-06-11,30.799999237060547,30.799999237060547,29.389999389648438,29.5,19.802509307861328,612700
2008-06-12,29.479999542236328,30.079999923706055,29.299999237060547,29.510000228881836,19.809213638305664,483800
2008-06-13,29.65999984741211,30.219999313354492,29.6200008392334,30.06999969482422,20.185129165649414,379600
2008-06-16,30.020000457763672,30.059999465942383,29.43000030517578,30.010000228881836,20.144851684570312,376200
2008-06-17,30.149999618530273,30.149999618530273,29.40999984741211,29.420000076293945,19.748796463012695,296300
2008-06-18,29.239999771118164,29.459999084472656,28.799999237060547,29.149999618530273,19.56756019592285,420000
2008-06-19,29.1299991607666,29.309999465942383,28.770000457763672,29.25,19.63469123840332,386400
2008-06-20,29.010000228881836,29.049999237060547,28.290000915527344,28.360000610351562,19.037248611450195,432600
2008-06-23,27.440000534057617,27.469999313354492,26.31999969482422,26.989999771118164,18.11762046813965,590500
2008-06-24,26.6299991607666,26.889999389648438,25.979999542236328,26.049999237060547,17.48661994934082,540000
2008-06-25,26.09000015258789,26.950000762939453,26.09000015258789,26.700000762939453,17.922945022583008,490700
2008-06-26,26.56999969482422,26.56999969482422,25.729999542236328,25.780000686645508,17.305370330810547,504800
2008-06-27,25.68000030517578,25.8700008392334,25.06999969482422,25.25,16.94959831237793,886100
2008-06-30,25.100000381469727,25.100000381469727,24.239999771118164,24.309999465942383,16.318603515625,697000
2008-07-01,23.940000534057617,23.940000534057617,23.1200008392334,23.719999313354492,15.922558784484863,629800
2008-07-02,23.6299991607666,23.989999771118164,23.25,23.31999969482422,15.65404987335205,920700
2008-07-03,23.389999389648438,23.43000030517578,22.829999923706055,22.979999542236328,15.425811767578125,392200
2008-07-07,23.110000610351562,23.309999465942383,22.59000015258789,22.84000015258789,15.331836700439453,568300
2008-07-08,22.780000686645508,23.65999984741211,22.389999389648438,23.579999923706055,15.828575134277344,668500
2008-07-09,23.670000076293945,24.100000381469727,23.139999389648438,23.219999313354492,15.58691692352295,621300
2008-07-10,23.59000015258789,23.649999618530273,22.68000030517578,22.829999923706055,15.325126647949219,506700
2008-07-11,22.59000015258789,23.510000228881836,22.399999618530273,22.989999771118164,15.432527542114258,569400
2008-07-14,23.209999084472656,23.209999084472656,22.469999313354492,22.709999084472656,15.244574546813965,514900
2008-07-15,22.579999923706055,23.309999465942383,21.979999542236328,22.829999923706055,15.325126647949219,475000
2008-07-16,22.950000762939453,23.219999313354492,22.299999237060547,23.18000030517578,15.560070991516113,397900
2008-07-17,23.31999969482422,24.809999465942383,23.31999969482422,24.700000762939453,16.580402374267578,637600
2008-07-18,24.59000015258789,25.15999984741211,24.450000762939453,24.510000228881836,16.452863693237305,546400
2008-07-21,24.56999969482422,24.81999969482422,24.299999237060547,24.610000610351562,16.519987106323242,417200
2008-07-22,24.510000228881836,24.81999969482422,24.139999389648438,24.75,16.613962173461914,435200
2008-07-23,24.59000015258789,26.200000762939453,24.59000015258789,25.389999389648438,17.0435733795166,860600
2008-07-24,27.350000381469727,29.139999389648438,27.149999618530273,27.229999542236328,18.27871322631836,1245000
2008-07-25,27.860000610351562,27.860000610351562,26.459999084472656,26.540000915527344,17.8155460357666,652700
2008-07-28,26.399999618530273,26.579999923706055,25.079999923706055,25.1299991607666,16.869049072265625,677700
2008-07-29,25.079999923706055,25.829999923706055,24.860000610351562,25.59000015258789,17.177839279174805,709800
2008-07-30,25.889999389648438,26.209999084472656,25.549999237060547,26.030000686645508,17.473190307617188,632200
2008-07-31,25.899999618530273,27.420000076293945,25.770000457763672,26.829999923706055,18.010208129882812,1068700
2008-08-01,27.030000686645508,27.030000686645508,26.299999237060547,26.31999969482422,17.66785430908203,322000
2008-08-04,26.25,26.25,25.469999313354492,25.520000457763672,17.13084602355957,364200
2008-08-05,25.65999984741211,27.030000686645508,25.510000228881836,26.899999618530273,18.05719757080078,736400
2008-08-06,26.989999771118164,27.229999542236328,26.729999542236328,27.0,18.12432289123535,451500
2008-08-07,26.850000381469727,26.889999389648438,26.25,26.360000610351562,17.69471549987793,329200
2008-08-08,26.43000030517578,27.639999389648438,26.3799991607666,27.559999465942383,18.50023651123047,476300
2008-08-11,27.950000762939453,29.360000610351562,27.350000381469727,29.239999771118164,19.627973556518555,1050000
2008-08-12,29.260000228881836,29.920000076293945,28.329999923706055,28.420000076293945,19.077531814575195,469100
2008-08-13,28.43000030517578,28.600000381469727,28.079999923706055,28.389999389648438,19.057395935058594,408200
2008-08-14,28.309999465942383,29.010000228881836,28.09000015258789,28.719999313354492,19.278907775878906,481300
2008-08-15,28.770000457763672,29.440000534057617,28.520000457763672,28.6299991607666,19.21849250793457,343500
2008-08-18,28.68000030517578,28.860000610351562,27.850000381469727,27.920000076293945,18.741901397705078,255800
2008-08-19,27.8700008392334,28.06999969482422,26.93000030517578,27.1200008392334,18.20487403869629,222800
2008-08-20,27.309999465942383,27.309999465942383,26.43000030517578,26.780000686645508,17.97665023803711,325200
2008-08-21,26.670000076293945,26.739999771118164,26.239999771118164,26.600000381469727,17.855810165405273,269900
2008-08-22,26.610000610351562,26.920000076293945,26.399999618530273,26.780000686645508,17.97665023803711,187300
2008-08-25,26.610000610351562,26.690000534057617,26.149999618530273,26.34000015258789,17.68128204345703,383900
2008-08-26,26.31999969482422,27.15999984741211,26.31999969482422,26.610000610351562,17.86252784729004,454000
2008-08-27,26.6200008392334,27.100000381469727,26.549999237060547,26.81999969482422,18.126113891601562,251300
2008-08-28,27.010000228881836,27.75,26.90999984741211,27.540000915527344,18.612716674804688,208900
2008-08-29,27.520000457763672,28.270000457763672,27.520000457763672,27.670000076293945,18.700572967529297,541900
2008-09-02,27.68000030517578,29.110000610351562,27.68000030517578,28.110000610351562,18.997940063476562,912200
2008-09-03,28.809999465942383,30.479999542236328,28.809999465942383,30.40999984741211,20.552385330200195,1044800
2008-09-04,30.270000457763672,31.450000762939453,30.239999771118164,30.3799991607666,20.532108306884766,1010900
2008-09-05,30.200000762939453,30.469999313354492,29.43000030517578,30.170000076293945,20.390180587768555,524300
2008-09-08,30.56999969482422,31.18000030517578,30.420000076293945,31.020000457763672,20.964656829833984,501200
2008-09-09,31.1299991607666,31.84000015258789,30.1200008392334,30.1200008392334,20.356386184692383,789800
2008-09-10,30.450000762939453,32.4900016784668,30.309999465942383,31.93000030517578,21.579666137695312,1248400
2008-09-11,31.670000076293945,32.18000030517578,30.950000762939453,31.8799991607666,21.54587173461914,569200
2008-09-12,31.760000228881836,32.54999923706055,31.56999969482422,32.310001373291016,21.836490631103516,758700
2008-09-15,31.290000915527344,32.209999084472656,30.920000076293945,31.100000381469727,21.018720626831055,599300
2008-09-16,30.719999313354492,31.6200008392334,30.020000457763672,31.440000534057617,21.248504638671875,711200
2008-09-17,30.989999771118164,31.0,29.43000030517578,29.739999771118164,20.099567413330078,789100
2008-09-18,30.100000381469727,31.690000534057617,29.149999618530273,31.25,21.120092391967773,1374700
2008-09-19,32.4900016784668,33.459999084472656,31.93000030517578,33.459999084472656,22.61370849609375,891200
2008-09-22,33.29999923706055,33.29999923706055,32.34000015258789,32.5,21.964895248413086,842400
2008-09-23,32.54999923706055,33.150001525878906,31.399999618530273,31.600000381469727,21.356632232666016,498900
2008-09-24,31.600000381469727,32.0,30.790000915527344,31.31999969482422,21.16739845275879,581800
2008-09-25,31.809999465942383,32.7400016784668,31.479999542236328,32.029998779296875,21.647253036499023,557800
2008-09-26,31.469999313354492,31.6200008392334,30.729999542236328,31.489999771118164,21.28229522705078,595800
2008-09-29,31.06999969482422,31.389999389648438,29.75,31.0,20.95112419128418,808500
2008-09-30,31.56999969482422,31.84000015258789,30.8799991607666,31.780000686645508,21.478288650512695,649400
2008-10-01,31.549999237060547,32.0,31.059999465942383,31.75,21.458011627197266,393800
2008-10-02,31.600000381469727,31.989999771118164,30.68000030517578,31.030000686645508,20.971410751342773,699300
2008-10-03,31.469999313354492,31.959999084472656,30.149999618530273,30.360000610351562,20.518592834472656,580700
2008-10-06,29.110000610351562,29.75,27.639999389648438,29.360000610351562,19.842748641967773,833700
2008-10-07,29.649999618530273,30.010000228881836,27.010000228881836,27.010000228881836,18.254518508911133,1138000
2008-10-08,26.639999389648438,27.729999542236328,25.889999389648438,26.25,17.74087905883789,1160200
2008-10-09,26.229999542236328,26.940000534057617,23.770000457763672,23.84000015258789,16.112098693847656,905400
2008-10-10,22.670000076293945,24.489999771118164,21.709999084472656,23.290000915527344,15.740385055541992,1259400
2008-10-13,24.149999618530273,26.06999969482422,23.969999313354492,26.06999969482422,17.619226455688477,942300
2008-10-14,26.809999465942383,27.3799991607666,25.329999923706055,26.100000381469727,17.63951301574707,779600
2008-10-15,25.549999237060547,25.770000457763672,23.0,23.200000762939453,15.679548263549805,728700
2008-10-16,23.200000762939453,24.920000076293945,21.979999542236328,24.020000457763672,16.23375129699707,1743300
2008-10-17,23.350000381469727,25.739999771118164,23.049999237060547,24.290000915527344,16.416229248046875,628400
2008-10-20,24.469999313354492,25.809999465942383,24.43000030517578,25.40999984741211,17.17316436767578,615800
2008-10-21,25.079999923706055,25.8799991607666,24.75,24.799999237060547,16.76089859008789,738100
2008-10-22,24.209999084472656,24.34000015258789,22.950000762939453,23.450000762939453,15.848518371582031,940100
2008-10-23,23.68000030517578,24.6299991607666,22.559999465942383,23.739999771118164,16.044517517089844,1074900
2008-10-24,22.399999618530273,23.549999237060547,22.09000015258789,22.959999084472656,15.517355918884277,717300
2008-10-27,22.440000534057617,23.329999923706055,21.760000228881836,21.770000457763672,14.713101387023926,363800
2008-10-28,22.110000610351562,24.549999237060547,21.3799991607666,24.549999237060547,16.591943740844727,562000
2008-10-29,24.399999618530273,25.350000381469727,23.899999618530273,24.760000228881836,16.73386573791504,595400
2008-10-30,26.600000381469727,26.600000381469727,23.520000457763672,25.350000381469727,17.13261604309082,655300
2008-10-31,25.09000015258789,26.790000915527344,25.09000015258789,26.450000762939453,17.876047134399414,551500
2008-11-03,26.280000686645508,27.299999237060547,26.040000915527344,26.84000015258789,18.13962745666504,390600
2008-11-04,27.280000686645508,27.59000015258789,26.34000015258789,26.709999084472656,18.051761627197266,489500
2008-11-05,26.399999618530273,27.15999984741211,25.489999771118164,25.600000381469727,17.30158042907715,357400
2008-11-06,25.479999542236328,25.8700008392334,24.239999771118164,24.239999771118164,16.382431030273438,443200
2008-11-07,24.420000076293945,25.06999969482422,24.18000030517578,24.860000610351562,16.80145835876465,422600
2008-11-10,25.3799991607666,25.610000610351562,23.469999313354492,23.979999542236328,16.206716537475586,382100
2008-11-11,23.739999771118164,23.979999542236328,22.360000610351562,22.920000076293945,15.490320205688477,395900
2008-11-12,22.520000457763672,22.520000457763672,20.969999313354492,21.040000915527344,14.219738006591797,486000
2008-11-13,21.15999984741211,22.670000076293945,20.0,22.670000076293945,15.321355819702148,773200
2008-11-14,22.280000686645508,22.670000076293945,21.280000686645508,21.3799991607666,14.4495210647583,400800
2008-11-17,21.209999084472656,21.969999313354492,20.979999542236328,20.989999771118164,14.18593978881836,428500
2008-11-18,21.049999237060547,21.450000762939453,20.100000381469727,20.899999618530273,14.12511920928955,381200
2008-11-19,20.899999618530273,21.530000686645508,19.079999923706055,19.110000610351562,12.915363311767578,456900
2008-11-20,18.829999923706055,19.540000915527344,17.25,17.290000915527344,11.685323715209961,827700
2008-11-21,17.190000534057617,18.010000228881836,16.719999313354492,17.889999389648438,12.09083080291748,1105900
2008-11-24,18.059999465942383,19.889999389648438,17.790000915527344,19.520000457763672,13.19245433807373,523300
2008-11-25,19.84000015258789,19.850000381469727,18.549999237060547,19.520000457763672,13.315237045288086,596800
2008-11-26,19.149999618530273,20.43000030517578,18.81999969482422,20.239999771118164,13.806374549865723,543100
2008-11-28,20.059999465942383,20.719999313354492,19.899999618530273,20.690000534057617,14.113334655761719,117300
2008-12-01,20.399999618530273,20.399999618530273,17.610000610351562,17.639999389648438,12.032825469970703,718200
2008-12-02,17.950000762939453,18.959999084472656,17.829999923706055,18.940000534057617,12.919604301452637,457800
2008-12-03,18.350000381469727,19.420000076293945,18.010000228881836,18.799999237060547,12.824105262756348,582400
2008-12-04,18.3799991607666,19.1200008392334,17.959999084472656,18.459999084472656,12.592177391052246,378000
2008-12-05,18.309999465942383,19.229999542236328,17.280000686645508,19.200000762939453,13.096960067749023,553500
2008-12-08,19.670000076293945,20.3799991607666,19.059999465942383,19.829999923706055,13.526701927185059,768700
2008-12-09,19.719999313354492,20.520000457763672,19.43000030517578,19.889999389648438,13.567621231079102,841300
2008-12-10,20.200000762939453,20.8700008392334,19.979999542236328,20.56999969482422,14.031476020812988,515400
2008-12-11,17.600000381469727,18.5,16.700000762939453,16.860000610351562,11.500763893127441,1632200
2008-12-12,16.190000534057617,17.34000015258789,15.989999771118164,16.979999542236328,11.582621574401855,792200
2008-12-15,16.979999542236328,17.040000915527344,15.140000343322754,15.630000114440918,10.66174030303955,1106500
2008-12-16,14.850000381469727,15.100000381469727,13.420000076293945,15.029999732971191,10.252459526062012,1317400
2008-12-17,14.75,15.0,14.319999694824219,14.529999732971191,9.911392211914062,869900
2008-12-18,14.649999618530273,14.649999618530273,14.039999961853027,14.449999809265137,9.856822967529297,969000
2008-12-19,14.479999542236328,14.920000076293945,14.170000076293945,14.739999771118164,10.054644584655762,896300
2008-12-22,14.6899995803833,14.6899995803833,13.880000114440918,14.319999694824219,9.768147468566895,659100
2008-12-23,14.279999732971191,14.579999923706055,13.729999542236328,13.800000190734863,9.413434982299805,452800
2008-12-24,13.739999771118164,14.119999885559082,13.739999771118164,13.979999542236328,9.536218643188477,135900
2008-12-26,14.069999694824219,14.149999618530273,13.880000114440918,13.989999771118164,9.543045997619629,264600
2008-12-29,14.09000015258789,14.1899995803833,13.6899995803833,13.970000267028809,9.529396057128906,428400
2008-12-30,14.15999984741211,14.960000038146973,14.100000381469727,14.930000305175781,10.18425178527832,606200
2008-12-31,14.880000114440918,15.40999984741211,14.829999923706055,15.300000190734863,10.436635971069336,671900
2009-01-02,15.369999885559082,15.779999732971191,14.869999885559082,15.65999984741211,10.68220329284668,346400
2009-01-05,15.539999961853027,16.100000381469727,15.239999771118164,15.819999694824219,10.79134750366211,486500
2009-01-06,16.030000686645508,16.65999984741211,15.84000015258789,16.3799991607666,11.17333984375,493800
2009-01-07,16.06999969482422,16.079999923706055,15.270000457763672,15.390000343322754,10.498030662536621,425100
2009-01-08,15.420000076293945,16.15999984741211,15.09000015258789,16.09000015258789,10.975521087646484,493600
2009-01-09,16.020000457763672,16.56999969482422,15.289999961853027,16.049999237060547,10.94823932647705,902600
2009-01-12,15.9399995803833,15.949999809265137,15.020000457763672,15.3100004196167,10.44345760345459,439600
2009-01-13,15.180000305175781,15.430000305175781,14.9399995803833,15.399999618530273,10.504847526550293,422800
2009-01-14,14.989999771118164,15.09000015258789,14.329999923706055,14.649999618530273,9.99325180053711,370700
2009-01-15,14.34000015258789,15.170000076293945,14.029999732971191,15.050000190734863,10.266103744506836,362800
2009-01-16,15.170000076293945,15.569999694824219,14.899999618530273,15.390000343322754,10.498030662536621,489100
2009-01-20,15.270000457763672,15.289999961853027,14.369999885559082,14.489999771118164,9.884108543395996,410600
2009-01-21,14.600000381469727,14.819999694824219,14.119999885559082,14.789999961853027,10.088748931884766,554900
2009-01-22,14.569999694824219,14.670000076293945,14.010000228881836,14.1899995803833,9.67946720123291,534200
2009-01-23,13.84000015258789,14.34000015258789,13.670000076293945,14.1899995803833,9.67946720123291,512400
2009-01-26,14.229999542236328,14.779999732971191,14.119999885559082,14.539999961853027,9.91821575164795,373200
2009-01-27,14.5600004196167,14.899999618530273,14.170000076293945,14.5,9.890931129455566,574400
2009-01-28,14.8100004196167,15.600000381469727,14.699999809265137,15.600000381469727,10.641277313232422,436100
2009-01-29,15.130000114440918,15.329999923706055,13.0600004196167,13.15999984741211,8.976876258850098,942100
2009-01-30,13.229999542236328,13.539999961853027,13.15999984741211,13.359999656677246,9.113296508789062,1131400
2009-02-02,13.109999656677246,13.40999984741211,12.680000305175781,12.880000114440918,8.785874366760254,506400
2009-02-03,12.8100004196167,12.9399995803833,12.149999618530273,12.380000114440918,8.444807052612305,533000
2009-02-04,12.4399995803833,13.09000015258789,12.319999694824219,12.710000038146973,8.669913291931152,599800
2009-02-05,12.670000076293945,13.149999618530273,12.420000076293945,12.779999732971191,8.717662811279297,514800
2009-02-06,12.779999732971191,13.319999694824219,12.779999732971191,13.130000114440918,8.956406593322754,1051700
2009-02-09,13.1899995803833,13.420000076293945,13.029999732971191,13.350000381469727,9.106477737426758,919400
2009-02-10,13.270000457763672,13.520000457763672,12.779999732971191,12.90999984741211,8.806337356567383,683000
2009-02-11,13.0,13.369999885559082,12.859999656677246,13.039999961853027,8.895017623901367,551700
2009-02-12,12.979999542236328,13.539999961853027,12.65999984741211,13.34000015258789,9.099654197692871,714400
2009-02-13,13.390000343322754,13.550000190734863,12.760000228881836,12.869999885559082,8.779051780700684,362200
2009-02-17,12.5,12.5,12.100000381469727,12.1899995803833,8.315203666687012,484300
2009-02-18,12.300000190734863,12.4399995803833,11.899999618530273,12.079999923706055,8.240167617797852,383400
2009-02-19,12.260000228881836,12.279999732971191,11.550000190734863,11.609999656677246,7.919563293457031,316300
2009-02-20,11.40999984741211,11.59000015258789,10.979999542236328,11.140000343322754,7.598960876464844,485500
2009-02-23,11.220000267028809,11.350000381469727,10.829999923706055,10.829999923706055,7.3875041007995605,477200
2009-02-24,10.920000076293945,11.199999809265137,10.59000015258789,11.039999961853027,7.530746936798096,405000
2009-02-25,10.9399995803833,11.119999885559082,10.710000038146973,10.84000015258789,7.516883373260498,529200
2009-02-26,11.020000457763672,11.1899995803833,10.770000457763672,10.829999923706055,7.509949207305908,412500
2009-02-27,10.579999923706055,10.899999618530273,10.470000267028809,10.479999542236328,7.2672438621521,963200
2009-03-02,10.289999961853027,10.359999656677246,9.529999732971191,9.5600004196167,6.629278659820557,516500
2009-03-03,9.649999618530273,9.699999809265137,9.09000015258789,9.170000076293945,6.35883903503418,422400
2009-03-04,9.460000038146973,9.510000228881836,9.069999694824219,9.239999771118164,6.407377243041992,538100
2009-03-05,9.029999732971191,9.09000015258789,8.220000267028809,8.350000381469727,5.790215015411377,527300
2009-03-06,8.609999656677246,8.619999885559082,7.96999979019165,8.149999618530273,5.651528835296631,699300
2009-03-09,8.199999809265137,8.279999732971191,7.96999979019165,8.039999961853027,5.575250625610352,571300
2009-03-10,8.270000457763672,9.0,8.229999542236328,8.90999984741211,6.17854118347168,912900
2009-03-11,8.90999984741211,9.020000457763672,8.65999984741211,8.9399995803833,6.199345111846924,683700
2009-03-12,9.0600004196167,9.170000076293945,8.529999732971191,9.119999885559082,6.3241658210754395,941900
2009-03-13,9.220000267028809,9.300000190734863,8.899999618530273,9.239999771118164,6.407377243041992,441300
2009-03-16,9.5,9.8100004196167,9.289999961853027,9.350000381469727,6.483656883239746,535300
2009-03-17,9.520000457763672,9.579999923706055,9.15999984741211,9.579999923706055,6.643148422241211,221000
2009-03-18,9.369999885559082,10.050000190734863,9.350000381469727,9.970000267028809,6.9135918617248535,386100
2009-03-19,10.09000015258789,10.430000305175781,9.9399995803833,10.289999961853027,7.1354875564575195,659200
2009-03-20,9.4399995803833,9.899999618530273,8.90999984741211,9.329999923706055,6.469786643981934,1045600
2009-03-23,9.479999542236328,9.869999885559082,9.479999542236328,9.869999885559082,6.8442463874816895,479200
2009-03-24,9.720000267028809,10.3100004196167,9.5,10.010000228881836,6.941327095031738,435200
2009-03-25,10.010000228881836,10.420000076293945,9.75,10.170000076293945,7.052277088165283,397700
2009-03-26,10.350000381469727,10.829999923706055,10.210000038146973,10.829999923706055,7.509949207305908,485200
2009-03-27,10.539999961853027,10.899999618530273,10.510000228881836,10.579999923706055,7.336587905883789,465400
2009-03-30,10.1899995803833,10.460000038146973,9.90999984741211,10.010000228881836,6.941327095031738,325000
2009-03-31,10.180000305175781,10.640000343322754,10.069999694824219,10.510000228881836,7.2880473136901855,766800
2009-04-01,10.319999694824219,11.109999656677246,10.119999885559082,11.0,7.627832412719727,612800
2009-04-02,11.40999984741211,12.170000076293945,11.149999618530273,12.029999732971191,8.342070579528809,604800
2009-04-03,12.020000457763672,12.09000015258789,11.760000228881836,11.949999809265137,8.286601066589355,485100
2009-04-06,11.789999961853027,12.40999984741211,11.789999961853027,12.039999961853027,8.349006652832031,475800
2009-04-07,11.140000343322754,11.289999961853027,10.579999923706055,10.899999618530273,7.5584869384765625,748200
2009-04-08,11.010000228881836,11.510000228881836,10.970000267028809,11.510000228881836,7.981490135192871,546700
2009-04-09,11.829999923706055,12.9399995803833,11.649999618530273,12.850000381469727,8.91069221496582,598400
2009-04-13,12.670000076293945,12.720000267028809,12.229999542236328,12.420000076293945,8.61251163482666,441300
2009-04-14,12.34000015258789,12.729999542236328,11.949999809265137,12.420000076293945,8.61251163482666,348200
2009-04-15,12.449999809265137,12.890000343322754,12.239999771118164,12.84000015258789,8.903759956359863,329000
2009-04-16,13.050000190734863,13.479999542236328,12.930000305175781,13.34000015258789,9.250478744506836,495000
2009-04-17,13.390000343322754,13.899999618530273,13.270000457763672,13.6899995803833,9.493179321289062,336300
2009-04-20,13.489999771118164,13.489999771118164,12.770000457763672,12.9399995803833,8.973103523254395,568800
2009-04-21,12.920000076293945,14.020000457763672,12.670000076293945,13.880000114440918,9.6249361038208,467100
2009-04-22,13.75,14.510000228881836,13.4399995803833,14.130000114440918,9.798295974731445,296900
2009-04-23,14.140000343322754,14.270000457763672,13.619999885559082,14.039999961853027,9.735885620117188,330200
2009-04-24,14.149999618530273,14.9399995803833,13.899999618530273,14.739999771118164,10.221296310424805,336200
2009-04-27,14.300000190734863,14.6899995803833,14.100000381469727,14.529999732971191,10.075671195983887,384500
2009-04-28,14.329999923706055,14.720000267028809,14.0,14.199999809265137,9.846835136413574,610200
2009-04-29,14.380000114440918,15.630000114440918,14.229999542236328,15.119999885559082,10.484801292419434,688300
2009-04-30,15.25,15.90999984741211,14.260000228881836,14.600000381469727,10.124216079711914,904500
2009-05-01,14.430000305175781,15.539999961853027,13.920000076293945,15.020000457763672,10.41545581817627,518400
2009-05-04,16.079999923706055,17.5,15.75,17.43000030517578,12.08664608001709,999300
2009-05-05,17.459999084472656,17.8799991607666,16.68000030517578,16.969999313354492,11.76766586303711,517400
2009-05-06,17.3700008392334,17.979999542236328,17.100000381469727,17.8700008392334,12.39176082611084,590800
2009-05-07,18.06999969482422,18.420000076293945,16.690000534057617,16.899999618530273,11.719120979309082,566600
2009-05-08,17.239999771118164,18.209999084472656,17.239999771118164,17.93000030517578,12.433364868164062,677900
2009-05-11,17.649999618530273,17.649999618530273,16.8799991607666,16.940000534057617,11.746864318847656,529400
2009-05-12,17.0,17.399999618530273,15.930000305175781,16.350000381469727,11.337729454040527,674000
2009-05-13,16.09000015258789,16.09000015258789,15.229999542236328,15.380000114440918,10.665094375610352,520600
2009-05-14,15.390000343322754,16.600000381469727,15.380000114440918,16.389999389648438,11.365470886230469,732400
2009-05-15,16.3799991607666,17.56999969482422,16.010000228881836,17.079999923706055,11.843944549560547,640100
2009-05-18,17.200000762939453,17.200000762939453,16.670000076293945,17.139999389648438,11.88554573059082,413300
2009-05-19,16.969999313354492,17.43000030517578,16.420000076293945,17.15999984741211,11.899413108825684,363100
2009-05-20,17.229999542236328,18.079999923706055,17.110000610351562,17.25,11.961824417114258,384300
2009-05-21,16.969999313354492,16.989999771118164,16.31999969482422,16.700000762939453,11.580430030822754,462900
2009-05-22,16.719999313354492,16.8700008392334,16.40999984741211,16.5,11.441746711730957,288500
2009-05-26,16.43000030517578,17.40999984741211,16.139999389648438,17.270000457763672,11.97569751739502,451200
2009-05-27,17.15999984741211,17.56999969482422,16.559999465942383,16.639999389648438,11.660360336303711,565100
2009-05-28,15.479999542236328,15.949999809265137,15.010000228881836,15.789999961853027,11.064728736877441,2145400
2009-05-29,16.100000381469727,16.209999084472656,15.630000114440918,15.970000267028809,11.190864562988281,815800
2009-06-01,16.25,16.520000457763672,15.9399995803833,16.3799991607666,11.478168487548828,931600
2009-06-02,16.329999923706055,16.469999313354492,15.760000228881836,16.299999237060547,11.422109603881836,857400
2009-06-03,16.209999084472656,16.43000030517578,15.829999923706055,16.059999465942383,11.253931045532227,802100
2009-06-04,16.25,16.540000915527344,16.010000228881836,16.5,11.56225872039795,914000
2009-06-05,16.65999984741211,17.0,15.829999923706055,16.1200008392334,11.295976638793945,734400
2009-06-08,16.040000915527344,16.209999084472656,15.619999885559082,16.079999923706055,11.2679443359375,729900
2009-06-09,16.1200008392334,16.389999389648438,16.010000228881836,16.1200008392334,11.295976638793945,506700
2009-06-10,16.219999313354492,16.450000762939453,15.770000457763672,15.989999771118164,11.20488166809082,517700
2009-06-11,16.209999084472656,16.700000762939453,15.710000038146973,15.8100004196167,11.078742980957031,583000
2009-06-12,15.680000305175781,15.739999771118164,13.25,13.520000457763672,9.474044799804688,2717200
2009-06-15,13.40999984741211,13.5600004196167,12.65999984741211,13.0,9.109659194946289,1182200
2009-06-16,13.09000015258789,13.350000381469727,12.359999656677246,12.520000457763672,8.77330207824707,1212100
2009-06-17,12.510000228881836,12.729999542236328,11.819999694824219,12.369999885559082,8.668188095092773,840900
2009-06-18,12.319999694824219,12.619999885559082,12.229999542236328,12.479999542236328,8.745270729064941,368700
2009-06-19,13.100000381469727,13.100000381469727,12.289999961853027,12.390000343322754,8.682205200195312,412800
2009-06-22,12.270000457763672,12.609999656677246,11.739999771118164,11.739999771118164,8.226720809936523,358100
2009-06-23,11.6899995803833,12.039999961853027,11.40999984741211,11.720000267028809,8.2127046585083,385400
2009-06-24,11.819999694824219,12.210000038146973,11.739999771118164,12.079999923706055,8.464972496032715,461400
2009-06-25,11.739999771118164,12.079999923706055,11.550000190734863,12.069999694824219,8.457962989807129,430900
2009-06-26,12.0,12.229999542236328,11.779999732971191,12.180000305175781,8.535051345825195,680700
2009-06-29,12.210000038146973,12.670000076293945,12.0600004196167,12.489999771118164,8.752277374267578,395000
2009-06-30,12.470000267028809,12.6899995803833,12.359999656677246,12.579999923706055,8.81534481048584,441000
2009-07-01,12.720000267028809,13.100000381469727,12.520000457763672,12.869999885559082,9.018560409545898,337500
2009-07-02,12.699999809265137,12.8100004196167,12.279999732971191,12.479999542236328,8.745270729064941,354300
2009-07-06,12.430000305175781,12.600000381469727,12.199999809265137,12.539999961853027,8.787315368652344,249400
2009-07-07,12.5,12.800000190734863,12.479999542236328,12.649999618530273,8.864396095275879,513100
2009-07-08,12.710000038146973,12.710000038146973,12.260000228881836,12.359999656677246,8.661179542541504,506400
2009-07-09,12.510000228881836,12.949999809265137,12.180000305175781,12.829999923706055,8.990532875061035,407400
2009-07-10,12.670000076293945,12.869999885559082,12.550000190734863,12.779999732971191,8.955491065979004,240100
2009-07-13,12.789999961853027,13.220000267028809,12.399999618530273,13.1899995803833,9.242802619934082,277200
2009-07-14,13.010000228881836,13.65999984741211,13.010000228881836,13.539999961853027,9.488056182861328,313500
2009-07-15,13.84000015258789,14.520000457763672,13.670000076293945,14.430000305175781,10.11172103881836,378300
2009-07-16,14.390000343322754,14.65999984741211,14.149999618530273,14.619999885559082,10.244860649108887,330500
2009-07-17,14.630000114440918,14.819999694824219,14.229999542236328,14.729999542236328,10.321942329406738,388400
2009-07-20,14.829999923706055,15.350000381469727,14.760000228881836,15.279999732971191,10.707353591918945,259500
2009-07-21,15.520000457763672,15.720000267028809,15.149999618530273,15.319999694824219,10.735376358032227,226500
2009-07-22,15.199999809265137,15.75,15.140000343322754,15.539999961853027,10.889546394348145,305900
2009-07-23,15.600000381469727,16.350000381469727,15.390000343322754,16.260000228881836,11.39407730102539,304300
2009-07-24,16.15999984741211,16.209999084472656,15.720000267028809,16.0,11.211886405944824,396400
2009-07-27,15.84000015258789,16.25,15.720000267028809,16.100000381469727,11.281959533691406,418900
2009-07-28,16.0,16.420000076293945,15.720000267028809,15.989999771118164,11.20488166809082,326200
2009-07-29,15.75,16.059999465942383,15.350000381469727,15.430000305175781,10.812461853027344,353900
2009-07-30,17.329999923706055,18.709999084472656,16.610000610351562,17.639999389648438,12.361104965209961,2344800
2009-07-31,17.65999984741211,18.559999465942383,17.350000381469727,18.299999237060547,12.823591232299805,681100
2009-08-03,18.690000534057617,18.729999542236328,17.969999313354492,18.6200008392334,13.047826766967773,982600
2009-08-04,18.65999984741211,20.09000015258789,18.65999984741211,19.649999618530273,13.769597053527832,1171200
2009-08-05,19.420000076293945,19.950000762939453,19.06999969482422,19.200000762939453,13.454259872436523,765300
2009-08-06,19.3799991607666,19.68000030517578,19.06999969482422,19.18000030517578,13.44024658203125,604100
2009-08-07,19.549999237060547,20.389999389648438,19.530000686645508,20.18000030517578,14.1409912109375,762500
2009-08-10,20.110000610351562,20.110000610351562,19.559999465942383,19.739999771118164,13.83266544342041,599900
2009-08-11,19.739999771118164,19.889999389648438,19.399999618530273,19.709999084472656,13.811636924743652,811000
2009-08-12,19.780000686645508,20.360000610351562,19.559999465942383,19.979999542236328,14.000839233398438,763200
2009-08-13,20.18000030517578,20.299999237060547,19.8799991607666,20.190000534057617,14.14799690246582,525100
2009-08-14,20.190000534057617,20.190000534057617,19.5,19.860000610351562,13.916754722595215,638600
2009-08-17,19.5,19.549999237060547,19.030000686645508,19.440000534057617,13.622445106506348,689500
2009-08-18,19.479999542236328,20.239999771118164,19.229999542236328,20.170000076293945,14.133990287780762,799800
2009-08-19,19.65999984741211,20.5,19.510000228881836,20.239999771118164,14.183042526245117,518000
2009-08-20,20.239999771118164,20.420000076293945,19.8700008392334,20.229999542236328,14.176029205322266,488800
2009-08-21,20.479999542236328,21.0,20.209999084472656,20.68000030517578,14.491358757019043,680700
2009-08-24,20.709999084472656,21.219999313354492,20.549999237060547,20.639999389648438,14.46333122253418,944800
2009-08-25,20.829999923706055,21.309999465942383,20.709999084472656,21.020000457763672,14.729615211486816,517400
2009-08-26,20.90999984741211,20.920000076293945,20.270000457763672,20.459999084472656,14.46103286743164,623400
2009-08-27,20.639999389648438,20.729999542236328,19.780000686645508,20.670000076293945,14.609458923339844,466000
2009-08-28,20.989999771118164,20.989999771118164,19.84000015258789,20.06999969482422,14.185380935668945,678900
2009-08-31,19.90999984741211,20.079999923706055,19.56999969482422,19.790000915527344,13.987478256225586,614200
2009-09-01,19.719999313354492,20.200000762939453,18.8700008392334,19.049999237060547,13.464448928833008,723200
2009-09-02,18.829999923706055,18.940000534057617,18.299999237060547,18.899999618530273,13.358430862426758,821300
2009-09-03,19.010000228881836,19.239999771118164,18.729999542236328,19.079999923706055,13.485654830932617,373600
2009-09-04,19.15999984741211,19.360000610351562,18.81999969482422,19.290000915527344,13.634086608886719,494200
2009-09-08,19.420000076293945,19.989999771118164,19.25,19.799999237060547,13.994539260864258,608300
2009-09-09,19.799999237060547,20.309999465942383,19.530000686645508,20.170000076293945,14.256068229675293,405300
2009-09-10,20.09000015258789,20.459999084472656,19.780000686645508,20.43000030517578,14.439823150634766,431300
2009-09-11,20.540000915527344,20.700000762939453,20.18000030517578,20.6200008392334,14.574119567871094,652900
2009-09-14,20.3799991607666,21.079999923706055,19.850000381469727,21.06999969482422,14.892178535461426,752500
2009-09-15,21.09000015258789,21.90999984741211,20.860000610351562,21.729999542236328,15.358662605285645,592600
2009-09-16,22.0,24.0,22.0,23.59000015258789,16.673301696777344,1875900
2009-09-17,23.350000381469727,23.43000030517578,22.3799991607666,22.469999313354492,15.88168716430664,951800
2009-09-18,23.510000228881836,23.510000228881836,22.459999084472656,23.0,16.256296157836914,683300
2009-09-21,22.719999313354492,23.25,22.309999465942383,23.100000381469727,16.326969146728516,720100
2009-09-22,23.329999923706055,23.579999923706055,22.760000228881836,23.3700008392334,16.51780891418457,813600
2009-09-23,23.5,24.190000534057617,23.1200008392334,23.559999465942383,16.65209197998047,685100
2009-09-24,23.68000030517578,23.809999465942383,22.40999984741211,22.690000534057617,16.037179946899414,577500
2009-09-25,22.690000534057617,23.530000686645508,22.540000915527344,22.989999771118164,16.249223709106445,960700
2009-09-28,23.18000030517578,24.670000076293945,23.010000228881836,24.010000228881836,16.970157623291016,923600
2009-09-29,24.020000457763672,24.31999969482422,23.670000076293945,23.729999542236328,16.772253036499023,462000
2009-09-30,23.790000915527344,23.790000915527344,22.739999771118164,23.110000610351562,16.334041595458984,601100
2009-10-01,23.100000381469727,23.100000381469727,21.68000030517578,21.760000228881836,15.37986946105957,585400
2009-10-02,21.459999084472656,21.760000228881836,20.950000762939453,21.34000015258789,15.083009719848633,490100
2009-10-05,21.5,21.889999389648438,21.290000915527344,21.799999237060547,15.4081449508667,470200
2009-10-06,22.06999969482422,22.309999465942383,21.549999237060547,21.979999542236328,15.535367012023926,685100
2009-10-07,21.84000015258789,22.010000228881836,21.540000915527344,21.940000534057617,15.507091522216797,381000
2009-10-08,22.020000457763672,22.6299991607666,22.020000457763672,22.350000381469727,15.796875953674316,516200
2009-10-09,22.34000015258789,22.6299991607666,22.15999984741211,22.489999771118164,15.895818710327148,215900
2009-10-12,22.549999237060547,22.889999389648438,22.15999984741211,22.43000030517578,15.853413581848145,348200
2009-10-13,22.350000381469727,22.459999084472656,21.969999313354492,22.309999465942383,15.768600463867188,302200
2009-10-14,22.6299991607666,23.18000030517578,22.40999984741211,23.049999237060547,16.291629791259766,389800
2009-10-15,22.81999969482422,22.829999923706055,22.3700008392334,22.790000915527344,16.107868194580078,397600
2009-10-16,22.510000228881836,23.229999542236328,22.34000015258789,23.040000915527344,16.284564971923828,594400
2009-10-19,23.020000457763672,23.43000030517578,22.68000030517578,23.360000610351562,16.5107421875,195500
2009-10-20,23.459999084472656,23.540000915527344,22.959999084472656,23.450000762939453,16.57434844970703,468200
2009-10-21,23.31999969482422,24.18000030517578,23.280000686645508,23.649999618530273,16.715709686279297,910900
2009-10-22,23.700000762939453,24.899999618530273,23.459999084472656,24.719999313354492,17.471982955932617,639500
2009-10-23,24.889999389648438,24.889999389648438,23.610000610351562,23.899999618530273,16.892404556274414,802700
2009-10-26,23.979999542236328,24.450000762939453,23.040000915527344,24.0,16.963092803955078,627100
2009-10-27,24.020000457763672,24.420000076293945,23.780000686645508,24.0,16.963092803955078,840400
2009-10-28,24.020000457763672,24.149999618530273,22.6299991607666,22.649999618530273,16.008913040161133,764300
2009-10-29,23.100000381469727,24.989999771118164,23.09000015258789,23.540000915527344,16.637962341308594,1336600
2009-10-30,23.549999237060547,23.549999237060547,21.440000534057617,21.93000030517578,15.500022888183594,1053800
2009-11-02,22.010000228881836,22.329999923706055,21.1200008392334,21.719999313354492,15.351592063903809,717000
2009-11-03,21.489999771118164,21.850000381469727,21.229999542236328,21.700000762939453,15.33746337890625,566100
2009-11-04,22.059999465942383,22.100000381469727,20.950000762939453,21.040000915527344,14.870977401733398,696400
2009-11-05,21.34000015258789,21.729999542236328,21.25,21.700000762939453,15.33746337890625,804600
2009-11-06,21.440000534057617,22.040000915527344,21.440000534057617,21.850000381469727,15.44348430633545,661400
2009-11-09,22.149999618530273,22.889999389648438,21.940000534057617,22.8799991607666,16.171480178833008,340600
2009-11-10,22.68000030517578,23.040000915527344,22.479999542236328,22.809999465942383,16.12200355529785,213100
2009-11-11,23.1299991607666,23.139999389648438,22.520000457763672,23.09000015258789,16.319910049438477,352300
2009-11-12,23.010000228881836,23.280000686645508,22.610000610351562,23.020000457763672,16.270423889160156,357600
2009-11-13,23.059999465942383,23.31999969482422,22.8799991607666,23.149999618530273,16.36231231689453,257200
2009-11-16,23.489999771118164,24.469999313354492,23.360000610351562,24.170000076293945,17.08323860168457,521800
2009-11-17,23.93000030517578,24.190000534057617,23.639999389648438,24.030000686645508,16.984294891357422,487400
2009-11-18,24.1299991607666,24.200000762939453,23.809999465942383,24.030000686645508,16.984294891357422,839900
2009-11-19,23.850000381469727,23.850000381469727,22.75,23.079999923706055,16.312833786010742,833300
2009-11-20,22.670000076293945,23.010000228881836,22.43000030517578,22.65999984741211,16.01598358154297,442000
2009-11-23,22.979999542236328,24.139999389648438,22.979999542236328,23.229999542236328,16.41885757446289,628500
2009-11-24,23.290000915527344,23.290000915527344,22.709999084472656,22.799999237060547,16.24077606201172,422100
2009-11-25,22.979999542236328,23.75,22.75,23.510000228881836,16.746519088745117,419600
2009-11-27,22.520000457763672,23.34000015258789,22.43000030517578,23.040000915527344,16.411725997924805,132500
2009-11-30,23.010000228881836,23.1299991607666,22.579999923706055,22.93000030517578,16.333377838134766,250200
2009-12-01,23.649999618530273,24.799999237060547,23.649999618530273,24.18000030517578,17.22376823425293,1245200
2009-12-02,24.25,24.920000076293945,24.1299991607666,24.850000381469727,17.701019287109375,611200
2009-12-03,24.989999771118164,25.0,23.65999984741211,23.700000762939453,16.88186264038086,407500
2009-12-04,24.15999984741211,24.75,24.0,24.389999389648438,17.37335968017578,433000
2009-12-07,24.399999618530273,24.989999771118164,24.399999618530273,24.809999465942383,17.67252540588379,374700
2009-12-08,24.600000381469727,25.149999618530273,24.239999771118164,24.81999969482422,17.679651260375977,686900
2009-12-09,24.989999771118164,25.260000228881836,24.68000030517578,25.020000457763672,17.822113037109375,500000
2009-12-10,25.110000610351562,25.280000686645508,24.81999969482422,24.93000030517578,17.75800895690918,314600
2009-12-11,25.170000076293945,25.229999542236328,24.719999313354492,24.8700008392334,17.71527099609375,455100
2009-12-14,25.170000076293945,25.690000534057617,24.760000228881836,25.59000015258789,18.228134155273438,255400
2009-12-15,25.329999923706055,26.280000686645508,25.260000228881836,26.229999542236328,18.684019088745117,574700
2009-12-16,26.350000381469727,26.510000228881836,25.899999618530273,25.920000076293945,18.46320343017578,592000
2009-12-17,26.1200008392334,26.34000015258789,25.549999237060547,25.979999542236328,18.50594139099121,417800
2009-12-18,26.260000228881836,26.440000534057617,25.56999969482422,25.75,18.34210777282715,882100
2009-12-21,26.079999923706055,26.579999923706055,25.780000686645508,25.81999969482422,18.3919677734375,337600
2009-12-22,25.920000076293945,26.389999389648438,25.360000610351562,25.649999618530273,18.270870208740234,519100
2009-12-23,25.649999618530273,26.469999313354492,25.3799991607666,26.459999084472656,18.847848892211914,571500
2009-12-24,26.6200008392334,26.8799991607666,26.450000762939453,26.760000228881836,19.061542510986328,144600
2009-12-28,26.969999313354492,27.43000030517578,26.81999969482422,27.0,19.232500076293945,391000
2009-12-29,27.170000076293945,27.520000457763672,26.920000076293945,27.399999618530273,19.517425537109375,368100
2009-12-30,27.170000076293945,27.469999313354492,26.670000076293945,26.739999771118164,19.047298431396484,257900
2009-12-31,26.670000076293945,27.149999618530273,26.229999542236328,26.229999542236328,18.684019088745117,230700
2010-01-04,26.489999771118164,27.469999313354492,26.40999984741211,27.469999313354492,19.567285537719727,313000
2010-01-05,27.329999923706055,27.760000228881836,27.1200008392334,27.5,19.588659286499023,314900
2010-01-06,27.40999984741211,27.65999984741211,26.8700008392334,27.040000915527344,19.260986328125,409900
2010-01-07,26.899999618530273,27.329999923706055,26.649999618530273,27.190000534057617,19.36783790588379,297600
2010-01-08,27.079999923706055,27.799999237060547,27.06999969482422,27.600000381469727,19.659881591796875,257400
2010-01-11,28.040000915527344,28.5,27.5,28.139999389648438,20.044530868530273,550900
2010-01-12,27.959999084472656,28.059999465942383,26.889999389648438,27.459999084472656,19.560165405273438,402800
2010-01-13,27.549999237060547,28.030000686645508,27.1299991607666,27.899999618530273,19.87358283996582,413000
2010-01-14,27.700000762939453,28.280000686645508,27.700000762939453,27.81999969482422,19.816593170166016,370400
2010-01-15,27.780000686645508,27.780000686645508,27.030000686645508,27.1299991607666,19.32509994506836,404700
2010-01-19,27.149999618530273,27.420000076293945,27.0,27.420000076293945,19.531673431396484,634100
2010-01-20,26.979999542236328,27.559999465942383,26.700000762939453,27.489999771118164,19.581533432006836,374300
2010-01-21,27.489999771118164,27.959999084472656,26.420000076293945,26.5,18.8763484954834,370600
2010-01-22,26.40999984741211,26.520000457763672,25.780000686645508,25.829999923706055,18.399089813232422,336900
2010-01-25,26.18000030517578,26.540000915527344,26.040000915527344,26.190000534057617,18.655519485473633,376600
2010-01-26,26.170000076293945,26.559999465942383,25.600000381469727,25.709999084472656,18.313613891601562,433300
2010-01-27,25.579999923706055,26.690000534057617,24.920000076293945,26.56999969482422,18.926204681396484,912300
2010-01-28,24.940000534057617,26.25,24.1299991607666,25.979999542236328,18.50594139099121,2399300
2010-01-29,26.200000762939453,27.6200008392334,25.780000686645508,25.780000686645508,18.36347007751465,1154400
2010-02-01,26.059999465942383,27.950000762939453,26.059999465942383,27.899999618530273,19.87358283996582,820700
2010-02-02,28.020000457763672,29.3700008392334,27.889999389648438,28.850000381469727,20.5502872467041,1237200
2010-02-03,28.719999313354492,29.469999313354492,28.59000015258789,29.149999618530273,20.76396942138672,1068000
2010-02-04,28.770000457763672,28.920000076293945,28.25,28.600000381469727,20.372203826904297,1083500
2010-02-05,28.670000076293945,29.049999237060547,27.200000762939453,28.280000686645508,20.144262313842773,850700
2010-02-08,28.43000030517578,28.670000076293945,27.530000686645508,27.600000381469727,19.659881591796875,593100
2010-02-09,28.06999969482422,28.889999389648438,27.940000534057617,28.790000915527344,20.507539749145508,618000
2010-02-10,28.75,28.989999771118164,28.350000381469727,28.690000534057617,20.436311721801758,498100
2010-02-11,28.729999542236328,29.0,28.43000030517578,28.8799991607666,20.57164764404297,733800
2010-02-12,28.479999542236328,29.200000762939453,28.219999313354492,28.84000015258789,20.54315948486328,568100
2010-02-16,29.270000457763672,29.610000610351562,29.010000228881836,29.489999771118164,21.006162643432617,425200
2010-02-17,29.549999237060547,29.84000015258789,29.170000076293945,29.40999984741211,20.94917869567871,585700
2010-02-18,29.459999084472656,30.0,29.459999084472656,29.90999984741211,21.305335998535156,250300
2010-02-19,29.84000015258789,30.209999084472656,29.459999084472656,29.950000762939453,21.33382797241211,339600
2010-02-22,29.989999771118164,30.290000915527344,29.770000457763672,29.90999984741211,21.305335998535156,426600
2010-02-23,29.899999618530273,29.979999542236328,29.209999084472656,29.25,20.835208892822266,391900
2010-02-24,29.260000228881836,29.68000030517578,29.020000457763672,29.299999237060547,21.00005340576172,294600
2010-02-25,28.780000686645508,29.549999237060547,28.420000076293945,29.489999771118164,21.136232376098633,379000
2010-02-26,29.190000534057617,29.260000228881836,28.75,29.059999465942383,20.82804298400879,635300
2010-03-01,29.229999542236328,30.5,29.1200008392334,30.489999771118164,21.852954864501953,506600
2010-03-02,30.540000915527344,30.989999771118164,30.489999771118164,30.81999969482422,22.089475631713867,430200
2010-03-03,30.84000015258789,31.360000610351562,30.65999984741211,30.690000534057617,21.99630355834961,297500
2010-03-04,30.799999237060547,31.18000030517578,30.540000915527344,30.950000762939453,22.18265151977539,550600
2010-03-05,31.079999923706055,31.3799991607666,30.860000610351562,31.190000534057617,22.35466957092285,379700
2010-03-08,31.139999389648438,31.68000030517578,30.950000762939453,31.549999237060547,22.612686157226562,248000
2010-03-09,31.309999465942383,32.099998474121094,31.239999771118164,31.700000762939453,22.72019386291504,390800
2010-03-10,31.75,32.22999954223633,31.309999465942383,31.700000762939453,22.72019386291504,493800
2010-03-11,31.459999084472656,31.65999984741211,31.030000686645508,31.610000610351562,22.65569305419922,211100
2010-03-12,31.719999313354492,31.850000381469727,31.239999771118164,31.68000030517578,22.70585823059082,213400
2010-03-15,31.610000610351562,31.940000534057617,30.809999465942383,31.239999771118164,22.3905029296875,389900
2010-03-16,31.280000686645508,31.559999465942383,31.010000228881836,31.549999237060547,22.612686157226562,372000
2010-03-17,31.719999313354492,31.940000534057617,31.43000030517578,31.530000686645508,22.598350524902344,252100
2010-03-18,31.420000076293945,31.600000381469727,30.899999618530273,31.100000381469727,22.290164947509766,285600
2010-03-19,30.950000762939453,31.389999389648438,30.84000015258789,30.950000762939453,22.18265151977539,402700
2010-03-22,30.610000610351562,31.200000762939453,30.239999771118164,30.950000762939453,22.18265151977539,287600
2010-03-23,30.90999984741211,31.049999237060547,30.3700008392334,30.969999313354492,22.196983337402344,405700
2010-03-24,30.809999465942383,31.389999389648438,30.489999771118164,31.229999542236328,22.383333206176758,373200
2010-03-25,31.450000762939453,32.16999816894531,30.959999084472656,31.010000228881836,22.225658416748047,394900
2010-03-26,31.190000534057617,31.81999969482422,30.940000534057617,31.040000915527344,22.247150421142578,420900
2010-03-29,31.299999237060547,31.34000015258789,30.75,31.0,22.218486785888672,371200
2010-03-30,31.049999237060547,31.110000610351562,30.520000457763672,30.860000610351562,22.118146896362305,281600
2010-03-31,30.780000686645508,31.079999923706055,30.399999618530273,30.399999618530273,21.78844451904297,326200
2010-04-01,30.670000076293945,31.239999771118164,30.549999237060547,31.09000015258789,22.282991409301758,350700
2010-04-05,31.209999084472656,32.0,31.190000534057617,32.0,22.935213088989258,285900
2010-04-06,31.700000762939453,32.349998474121094,31.6299991607666,31.889999389648438,22.856372833251953,465900
2010-04-07,31.75,32.31999969482422,31.5,32.08000183105469,22.9925479888916,381900
2010-04-08,31.899999618530273,32.20000076293945,31.479999542236328,32.04999923706055,22.971050262451172,308700
2010-04-09,32.15999984741211,32.220001220703125,31.649999618530273,32.220001220703125,23.092891693115234,275900
2010-04-12,32.16999816894531,32.38999938964844,31.81999969482422,31.899999618530273,22.86353874206543,176500
2010-04-13,31.889999389648438,32.18000030517578,31.5,32.15999984741211,23.04989242553711,194800
2010-04-14,32.400001525878906,32.40999984741211,31.649999618530273,31.959999084472656,22.90654182434082,229000
2010-04-15,31.809999465942383,32.029998779296875,31.43000030517578,31.549999237060547,22.612686157226562,381100
2010-04-16,31.459999084472656,31.860000610351562,30.420000076293945,30.690000534057617,21.99630355834961,539100
2010-04-19,30.610000610351562,30.950000762939453,29.93000030517578,30.770000457763672,22.05364418029785,473600
2010-04-20,31.030000686645508,31.489999771118164,30.84000015258789,31.450000762939453,22.5410099029541,382100
2010-04-21,31.3700008392334,31.639999389648438,31.239999771118164,31.579999923706055,22.634183883666992,450800
2010-04-22,31.270000457763672,32.38999938964844,31.06999969482422,32.29999923706055,23.150230407714844,445200
2010-04-23,31.940000534057617,32.4900016784668,31.90999984741211,32.41999816894531,23.236236572265625,343600
2010-04-26,32.4900016784668,32.86000061035156,32.08000183105469,32.22999954223633,23.100061416625977,193300
2010-04-27,31.969999313354492,32.52000045776367,31.559999465942383,31.959999084472656,22.90654182434082,579200
2010-04-28,32.279998779296875,32.5,31.559999465942383,32.040000915527344,22.9638729095459,462900
2010-04-29,32.4900016784668,33.97999954223633,32.16999816894531,33.650001525878906,24.117809295654297,661900
2010-04-30,33.77000045776367,34.0,32.52000045776367,32.540000915527344,23.322248458862305,564300
2010-05-03,32.95000076293945,33.40999984741211,32.869998931884766,33.25,23.831119537353516,360500
2010-05-04,32.650001525878906,33.0,31.889999389648438,32.290000915527344,23.143064498901367,565500
2010-05-05,31.8700008392334,32.16999816894531,31.020000457763672,31.1299991607666,22.311660766601562,513100
2010-05-06,30.920000076293945,31.389999389648438,27.0,29.469999313354492,21.12189483642578,461000
2010-05-07,29.18000030517578,29.489999771118164,28.079999923706055,28.170000076293945,20.190155029296875,502600
2010-05-10,29.770000457763672,30.219999313354492,29.219999313354492,29.90999984741211,21.4372615814209,518200
2010-05-11,29.399999618530273,30.639999389648438,29.209999084472656,29.940000534057617,21.458757400512695,413400
2010-05-12,29.989999771118164,30.239999771118164,29.860000610351562,30.100000381469727,21.573434829711914,595700
2010-05-13,30.079999923706055,30.709999084472656,29.81999969482422,30.399999618530273,21.78844451904297,690400
2010-05-14,30.149999618530273,30.149999618530273,28.290000915527344,28.510000228881836,20.433837890625,618800
2010-05-17,28.700000762939453,29.31999969482422,27.860000610351562,29.139999389648438,20.885374069213867,463000
2010-05-18,29.579999923706055,29.809999465942383,28.299999237060547,28.440000534057617,20.383668899536133,364000
2010-05-19,28.350000381469727,28.510000228881836,27.639999389648438,28.299999237060547,20.2833251953125,373000
2010-05-20,27.450000762939453,27.979999542236328,27.260000228881836,27.600000381469727,19.7816162109375,816500
2010-05-21,26.969999313354492,28.0,26.329999923706055,27.850000381469727,19.96079444885254,609000
2010-05-24,27.6200008392334,27.889999389648438,26.540000915527344,26.56999969482422,19.04338836669922,683100
2010-05-25,25.65999984741211,26.549999237060547,25.200000762939453,26.459999084472656,18.964553833007812,717900
2010-05-26,26.389999389648438,27.600000381469727,26.389999389648438,27.040000915527344,19.512998580932617,936600
2010-05-27,27.729999542236328,28.0,27.489999771118164,27.84000015258789,20.09031105041504,651500
2010-05-28,27.709999084472656,28.3799991607666,27.489999771118164,28.010000228881836,20.212976455688477,405400
2010-06-01,27.709999084472656,28.31999969482422,27.229999542236328,27.239999771118164,19.657325744628906,459400
2010-06-02,27.3799991607666,27.639999389648438,26.780000686645508,27.6299991607666,19.938756942749023,241500
2010-06-03,27.639999389648438,27.989999771118164,27.229999542236328,27.690000534057617,19.9820556640625,365500
2010-06-04,27.139999389648438,27.290000915527344,26.1299991607666,26.219999313354492,18.921253204345703,412100
2010-06-07,26.3799991607666,26.3799991607666,25.110000610351562,25.15999984741211,18.15631866455078,291100
2010-06-08,25.170000076293945,26.040000915527344,25.15999984741211,25.93000030517578,18.71198081970215,374000
2010-06-09,26.049999237060547,26.75,25.899999618530273,26.020000457763672,18.776933670043945,573500
2010-06-10,26.56999969482422,28.09000015258789,26.239999771118164,28.09000015258789,20.27071189880371,662800
2010-06-11,27.600000381469727,28.649999618530273,27.600000381469727,28.610000610351562,20.64596176147461,515900
2010-06-14,29.0,29.739999771118164,28.93000030517578,29.06999969482422,20.9779109954834,808400
2010-06-15,29.290000915527344,29.670000076293945,28.959999084472656,29.6299991607666,21.38202476501465,313900
2010-06-16,29.450000762939453,29.450000762939453,28.6200008392334,28.68000030517578,20.69647789001465,506300
2010-06-17,28.760000228881836,28.90999984741211,27.670000076293945,28.030000686645508,20.227418899536133,567700
2010-06-18,28.1200008392334,28.6200008392334,27.920000076293945,28.149999618530273,20.314010620117188,311300
2010-06-21,28.59000015258789,28.780000686645508,27.899999618530273,28.110000610351562,20.28514862060547,519700
2010-06-22,28.09000015258789,28.729999542236328,27.6200008392334,27.649999618530273,19.95319175720215,372200
2010-06-23,27.420000076293945,27.489999771118164,26.09000015258789,26.360000610351562,19.022287368774414,719200
2010-06-24,26.190000534057617,26.700000762939453,25.84000015258789,26.0,18.762495040893555,472000
2010-06-25,26.020000457763672,26.65999984741211,25.690000534057617,26.469999313354492,19.10166358947754,593900
2010-06-28,26.450000762939453,26.450000762939453,25.770000457763672,25.84000015258789,18.647029876708984,442400
2010-06-29,25.329999923706055,25.389999389648438,23.84000015258789,24.040000915527344,17.34809684753418,682400
2010-06-30,24.15999984741211,24.649999618530273,24.040000915527344,24.110000610351562,17.398605346679688,548400
2010-07-01,24.06999969482422,24.40999984741211,23.040000915527344,23.290000915527344,16.806869506835938,752600
2010-07-02,23.420000076293945,23.579999923706055,22.950000762939453,23.3700008392334,16.864601135253906,351100
2010-07-06,24.149999618530273,24.200000762939453,23.31999969482422,23.520000457763672,16.972841262817383,592000
2010-07-07,23.530000686645508,24.579999923706055,23.420000076293945,24.579999923706055,17.737777709960938,536600
2010-07-08,24.8700008392334,25.43000030517578,24.6299991607666,25.399999618530273,18.32952117919922,377100
2010-07-09,25.299999237060547,26.06999969482422,25.299999237060547,25.8700008392334,18.668678283691406,293000
2010-07-12,25.8799991607666,26.450000762939453,25.829999923706055,26.149999618530273,18.87074089050293,435600
2010-07-13,26.579999923706055,27.34000015258789,26.579999923706055,27.229999542236328,19.650100708007812,467500
2010-07-14,27.18000030517578,27.34000015258789,26.65999984741211,26.90999984741211,19.419185638427734,356100
2010-07-15,26.860000610351562,26.860000610351562,25.610000610351562,25.8799991607666,18.675893783569336,596300
2010-07-16,25.709999084472656,25.780000686645508,25.190000534057617,25.31999969482422,18.271785736083984,395100
2010-07-19,25.670000076293945,25.739999771118164,25.110000610351562,25.65999984741211,18.517139434814453,484000
2010-07-20,25.149999618530273,26.1200008392334,25.049999237060547,26.0,18.762495040893555,500200
2010-07-21,26.149999618530273,26.389999389648438,25.709999084472656,25.719999313354492,18.560436248779297,486300
2010-07-22,25.989999771118164,26.510000228881836,25.889999389648438,26.229999542236328,18.928466796875,893600
2010-07-23,26.200000762939453,27.1299991607666,26.200000762939453,27.0,19.484132766723633,406300
2010-07-26,26.770000457763672,27.989999771118164,26.610000610351562,27.989999771118164,20.198543548583984,368300
2010-07-27,28.31999969482422,29.170000076293945,27.760000228881836,27.829999923706055,20.083087921142578,669700
2010-07-28,27.709999084472656,28.329999923706055,27.540000915527344,27.899999618530273,20.133609771728516,417600
2010-07-29,28.350000381469727,30.959999084472656,28.350000381469727,30.100000381469727,21.721193313598633,1373100
2010-07-30,29.450000762939453,30.260000228881836,28.969999313354492,29.5,21.288211822509766,573500
2010-08-02,30.040000915527344,30.5,29.719999313354492,30.260000228881836,21.8366641998291,663700
2010-08-03,30.469999313354492,30.469999313354492,29.670000076293945,29.899999618530273,21.576866149902344,463200
2010-08-04,30.1299991607666,30.270000457763672,29.809999465942383,30.139999389648438,21.75006103515625,442800
2010-08-05,29.959999084472656,30.649999618530273,29.959999084472656,30.049999237060547,21.685115814208984,459300
2010-08-06,29.68000030517578,30.440000534057617,29.40999984741211,29.829999923706055,21.526357650756836,327400
2010-08-09,30.020000457763672,30.59000015258789,29.90999984741211,30.510000228881836,22.01706886291504,321300
2010-08-10,30.0,30.15999984741211,29.549999237060547,29.860000610351562,21.548004150390625,303800
2010-08-11,29.079999923706055,29.219999313354492,28.360000610351562,29.059999465942383,20.970701217651367,464700
2010-08-12,28.440000534057617,29.06999969482422,28.3700008392334,28.860000610351562,20.82637596130371,253000
2010-08-13,28.809999465942383,29.139999389648438,28.600000381469727,28.790000915527344,20.775859832763672,270400
2010-08-16,28.6200008392334,29.049999237060547,27.84000015258789,28.75,20.746990203857422,394700
2010-08-17,29.219999313354492,29.479999542236328,29.09000015258789,29.219999313354492,21.086162567138672,339200
2010-08-18,29.229999542236328,29.610000610351562,28.959999084472656,29.3700008392334,21.194406509399414,174300
2010-08-19,29.200000762939453,29.450000762939453,28.549999237060547,28.59000015258789,20.631528854370117,164700
2010-08-20,28.360000610351562,28.850000381469727,27.770000457763672,28.719999313354492,20.725337982177734,269000
2010-08-23,28.93000030517578,29.479999542236328,28.690000534057617,28.709999084472656,20.71813201904297,342400
2010-08-24,28.190000534057617,28.25,27.670000076293945,27.739999771118164,20.018138885498047,324100
2010-08-25,27.34000015258789,27.770000457763672,26.969999313354492,27.6299991607666,20.068984985351562,310600
2010-08-26,27.690000534057617,28.600000381469727,27.690000534057617,27.780000686645508,20.17793846130371,300300
2010-08-27,28.1200008392334,28.809999465942383,27.559999465942383,28.709999084472656,20.853435516357422,262700
2010-08-30,28.549999237060547,28.969999313354492,28.040000915527344,28.049999237060547,20.374046325683594,244500
2010-08-31,28.0,28.479999542236328,27.649999618530273,28.43000030517578,20.650060653686523,383300
2010-09-01,28.920000076293945,30.579999923706055,28.8700008392334,30.510000228881836,22.160863876342773,619300
2010-09-02,30.350000381469727,30.6200008392334,29.889999389648438,30.110000610351562,21.87032699584961,373100
2010-09-03,30.549999237060547,31.0,30.389999389648438,30.809999465942383,22.378772735595703,249100
2010-09-07,30.579999923706055,31.209999084472656,30.459999084472656,30.799999237060547,22.371509552001953,458400
2010-09-08,30.799999237060547,31.299999237060547,30.670000076293945,30.75,22.335186004638672,206400
2010-09-09,31.200000762939453,31.209999084472656,30.59000015258789,30.739999771118164,22.32792854309082,206300
2010-09-10,30.920000076293945,31.09000015258789,30.700000762939453,30.969999313354492,22.494983673095703,198000
2010-09-13,31.530000686645508,32.459999084472656,31.469999313354492,32.06999969482422,23.293954849243164,494100
2010-09-14,31.899999618530273,32.20000076293945,31.600000381469727,31.65999984741211,22.996158599853516,314500
2010-09-15,31.479999542236328,31.799999237060547,31.420000076293945,31.75,23.06153678894043,185700
2010-09-16,31.440000534057617,32.040000915527344,31.299999237060547,31.93000030517578,23.192277908325195,204900
2010-09-17,32.119998931884766,32.290000915527344,31.90999984741211,31.940000534057617,23.19953727722168,455900
2010-09-20,32.0,32.689998626708984,31.93000030517578,32.310001373291016,23.468294143676758,480700
2010-09-21,32.290000915527344,32.290000915527344,31.610000610351562,31.770000457763672,23.07606315612793,264200
2010-09-22,31.549999237060547,32.22999954223633,31.549999237060547,31.760000228881836,23.06879997253418,233400
2010-09-23,31.440000534057617,31.860000610351562,31.040000915527344,31.440000534057617,22.83637237548828,271400
2010-09-24,31.93000030517578,32.66999816894531,31.739999771118164,32.560001373291016,23.649883270263672,280900
2010-09-27,32.439998626708984,32.63999938964844,32.369998931884766,32.540000915527344,23.63535499572754,260700
2010-09-28,32.52000045776367,32.9900016784668,32.52000045776367,32.970001220703125,23.947683334350586,501500
2010-09-29,32.900001525878906,32.97999954223633,32.459999084472656,32.470001220703125,23.584510803222656,371500
2010-09-30,32.70000076293945,33.20000076293945,32.15999984741211,32.56999969482422,23.65713882446289,384200
2010-10-01,32.91999816894531,33.400001525878906,32.189998626708984,32.63999938964844,23.707988739013672,283400
2010-10-04,32.599998474121094,32.970001220703125,32.380001068115234,32.59000015258789,23.671676635742188,274100
2010-10-05,32.939998626708984,33.630001068115234,32.599998474121094,33.47999954223633,24.318111419677734,408400
2010-10-06,33.5,33.709999084472656,32.790000915527344,32.97999954223633,23.954940795898438,314800
2010-10-07,33.11000061035156,33.27000045776367,32.65999984741211,33.189998626708984,24.107481002807617,143200
2010-10-08,33.25,34.04999923706055,33.25,33.91999816894531,24.637712478637695,143200
2010-10-11,34.06999969482422,34.529998779296875,33.65999984741211,33.7400016784668,24.506969451904297,211900
2010-10-12,33.689998626708984,33.790000915527344,33.09000015258789,33.65999984741211,24.4488582611084,129800
2010-10-13,33.81999969482422,34.33000183105469,33.650001525878906,34.130001068115234,24.790241241455078,293800
2010-10-14,34.349998474121094,34.4900016784668,33.529998779296875,33.83000183105469,24.57234001159668,297200
2010-10-15,34.13999938964844,34.279998779296875,33.29999923706055,33.33000183105469,24.20915985107422,286000
2010-10-18,33.41999816894531,33.720001220703125,33.29999923706055,33.560001373291016,24.376222610473633,512300
2010-10-19,33.060001373291016,33.900001525878906,32.90999984741211,33.27000045776367,24.16558074951172,375200
2010-10-20,33.349998474121094,34.709999084472656,33.290000915527344,34.5099983215332,25.066255569458008,319700
2010-10-21,34.65999984741211,35.08000183105469,34.27000045776367,34.650001525878906,25.16794204711914,335900
2010-10-22,34.79999923706055,34.939998626708984,34.2400016784668,34.400001525878906,24.986358642578125,192100
2010-10-25,34.77000045776367,35.5,34.70000076293945,34.9900016784668,25.414905548095703,329600
2010-10-26,34.790000915527344,34.97999954223633,34.36000061035156,34.38999938964844,24.97909164428711,290800
2010-10-27,33.9900016784668,34.02000045776367,32.7599983215332,33.970001220703125,24.674028396606445,556100
2010-10-28,34.310001373291016,34.41999816894531,33.459999084472656,33.7599983215332,24.521495819091797,392900
2010-10-29,33.599998474121094,34.189998626708984,33.56999969482422,34.02000045776367,24.710342407226562,220400
2010-11-01,34.290000915527344,34.439998626708984,33.86000061035156,34.0,24.695831298828125,257600
2010-11-02,34.40999984741211,34.560001373291016,34.130001068115234,34.349998474121094,24.95003890991211,168800
2010-11-03,34.33000183105469,34.47999954223633,34.040000915527344,34.470001220703125,25.037208557128906,274000
2010-11-04,35.029998779296875,35.630001068115234,34.84000015258789,35.59000015258789,25.850709915161133,330500
2010-11-05,35.52000045776367,35.79999923706055,35.25,35.52000045776367,25.799861907958984,367400
2010-11-08,35.29999923706055,35.56999969482422,34.9900016784668,35.560001373291016,25.82891273498535,183700
2010-11-09,35.560001373291016,35.65999984741211,35.02000045776367,35.220001220703125,25.58197021484375,408100
2010-11-10,35.2400016784668,35.36000061035156,34.599998474121094,35.09000015258789,25.48753547668457,278200
2010-11-11,34.68000030517578,35.06999969482422,34.61000061035156,34.849998474121094,25.31321907043457,395400
2010-11-12,34.70000076293945,34.86000061035156,34.4900016784668,34.63999938964844,25.160676956176758,385800
2010-11-15,34.709999084472656,34.97999954223633,34.369998931884766,34.650001525878906,25.16794204711914,240700
2010-11-16,34.27000045776367,34.34000015258789,33.779998779296875,34.20000076293945,24.841087341308594,314700
2010-11-17,34.130001068115234,34.2599983215332,33.869998931884766,34.16999816894531,24.81929588317871,339600
2010-11-18,34.63999938964844,35.04999923706055,34.5,34.59000015258789,25.124370574951172,171300
2010-11-19,34.540000915527344,34.7400016784668,34.2599983215332,34.56999969482422,25.109830856323242,177700
2010-11-22,34.40999984741211,35.189998626708984,34.40999984741211,35.029998779296875,25.443958282470703,375900
2010-11-23,34.45000076293945,34.459999084472656,34.11000061035156,34.349998474121094,25.078903198242188,406900
2010-11-24,34.70000076293945,35.060001373291016,34.54999923706055,35.0,25.5534725189209,169200
2010-11-26,34.77000045776367,35.09000015258789,34.68000030517578,34.79999923706055,25.407455444335938,46100
2010-11-29,34.65999984741211,35.20000076293945,34.45000076293945,35.13999938964844,25.655683517456055,332900
2010-11-30,34.869998931884766,36.290000915527344,34.66999816894531,35.79999923706055,26.13754653930664,762800
2010-12-01,36.47999954223633,36.939998626708984,36.31999969482422,36.790000915527344,26.860355377197266,395600
2010-12-02,36.790000915527344,37.459999084472656,36.790000915527344,37.2400016784668,27.18889045715332,264200
2010-12-03,37.119998931884766,37.5,37.0,37.38999938964844,27.29840850830078,173400
2010-12-06,37.29999923706055,37.439998626708984,37.040000915527344,37.29999923706055,27.232694625854492,202500
2010-12-07,37.66999816894531,37.709999084472656,37.279998779296875,37.400001525878906,27.305706024169922,388000
2010-12-08,37.38999938964844,37.5,36.880001068115234,36.91999816894531,26.95526695251465,224600
2010-12-09,37.20000076293945,37.20000076293945,36.709999084472656,36.9900016784668,27.00637435913086,296700
2010-12-10,37.09000015258789,37.209999084472656,36.90999984741211,37.0099983215332,27.02096939086914,336200
2010-12-13,37.20000076293945,37.470001220703125,37.150001525878906,37.25,27.196186065673828,267900
2010-12-14,37.27000045776367,37.599998474121094,37.15999984741211,37.45000076293945,27.342212677001953,155700
2010-12-15,37.36000061035156,38.59000015258789,37.36000061035156,38.04999923706055,27.780263900756836,375300
2010-12-16,38.09000015258789,38.41999816894531,37.84000015258789,38.2599983215332,27.9335880279541,144400
2010-12-17,38.2400016784668,38.29999923706055,37.83000183105469,38.130001068115234,27.838674545288086,553000
2010-12-20,37.880001068115234,38.779998779296875,37.880001068115234,38.529998779296875,28.130720138549805,349000
2010-12-21,38.7400016784668,38.880001068115234,38.5,38.720001220703125,28.269441604614258,228300
2010-12-22,38.83000183105469,38.88999938964844,38.16999816894531,38.529998779296875,28.130720138549805,249400
2010-12-23,38.52000045776367,38.56999969482422,38.16999816894531,38.279998779296875,27.94818687438965,194500
2010-12-27,38.09000015258789,38.29999923706055,37.529998779296875,38.15999984741211,27.86058807373047,103500
2010-12-28,38.18000030517578,38.369998931884766,37.9900016784668,38.06999969482422,27.79488182067871,95200
2010-12-29,38.15999984741211,38.2400016784668,37.88999938964844,37.90999984741211,27.678070068359375,138500
2010-12-30,37.900001525878906,38.4900016784668,37.880001068115234,38.150001525878906,27.853273391723633,108900
2010-12-31,38.08000183105469,38.31999969482422,37.63999938964844,37.650001525878906,27.488237380981445,146400
2011-01-03,38.08000183105469,39.59000015258789,38.029998779296875,39.119998931884766,28.561473846435547,270500
2011-01-04,39.25,39.31999969482422,38.380001068115234,38.790000915527344,28.3205509185791,240600
2011-01-05,38.68000030517578,38.79999923706055,38.540000915527344,38.66999816894531,28.23293685913086,321700
2011-01-06,38.7599983215332,39.52000045776367,38.61000061035156,39.369998931884766,28.744009017944336,434900
2011-01-07,39.43000030517578,40.0,38.849998474121094,39.47999954223633,28.824310302734375,325600
2011-01-10,39.34000015258789,40.540000915527344,38.900001525878906,40.150001525878906,29.313480377197266,429100
2011-01-11,40.16999816894531,40.27000045776367,39.34000015258789,39.65999984741211,28.955730438232422,361700
2011-01-12,40.13999938964844,41.34000015258789,39.95000076293945,41.0099983215332,29.941368103027344,273600
2011-01-13,40.91999816894531,41.43000030517578,40.83000183105469,41.380001068115234,30.211519241333008,322000
2011-01-14,41.369998931884766,41.9900016784668,41.0,41.77000045776367,30.496240615844727,338900
2011-01-18,41.84000015258789,42.43000030517578,41.790000915527344,42.43000030517578,30.978111267089844,452000
2011-01-19,42.439998626708984,42.68000030517578,41.5,41.720001220703125,30.45973014831543,706500
2011-01-20,41.70000076293945,41.70000076293945,40.380001068115234,40.52000045776367,29.583621978759766,267200
2011-01-21,40.869998931884766,41.09000015258789,40.54999923706055,40.61000061035156,29.649324417114258,216400
2011-01-24,40.720001220703125,41.20000076293945,40.459999084472656,40.97999954223633,29.91945457458496,292900
2011-01-25,40.849998474121094,41.599998474121094,40.779998779296875,41.540000915527344,30.328317642211914,374500
2011-01-26,41.119998931884766,46.56999969482422,41.119998931884766,43.95000076293945,32.08786392211914,1500500
2011-01-27,43.81999969482422,44.58000183105469,42.95000076293945,43.52000045776367,31.77391815185547,728100
2011-01-28,43.61000061035156,43.790000915527344,42.310001373291016,42.369998931884766,30.934307098388672,371100
2011-01-31,41.5,43.83000183105469,41.4900016784668,43.25,31.5767822265625,531300
2011-02-01,43.689998626708984,44.90999984741211,43.63999938964844,44.86000061035156,32.752254486083984,474100
2011-02-02,45.0,45.0,44.02000045776367,44.2599983215332,32.31418228149414,356600
2011-02-03,44.189998626708984,44.27000045776367,43.540000915527344,43.9900016784668,32.11705017089844,227200
2011-02-04,44.099998474121094,44.20000076293945,43.560001373291016,43.880001068115234,32.0367546081543,298200
2011-02-07,44.0099983215332,44.41999816894531,43.83000183105469,44.16999816894531,32.24847412109375,358200
2011-02-08,44.15999984741211,44.40999984741211,43.880001068115234,44.20000076293945,32.2703971862793,259700
2011-02-09,44.040000915527344,44.119998931884766,43.56999969482422,43.689998626708984,31.89803123474121,385300
2011-02-10,43.540000915527344,44.45000076293945,43.529998779296875,44.18000030517578,32.25578308105469,399000
2011-02-11,44.06999969482422,44.38999938964844,43.880001068115234,43.97999954223633,32.109764099121094,349000
2011-02-14,43.97999954223633,44.81999969482422,43.88999938964844,44.52000045776367,32.504024505615234,266600
2011-02-15,44.369998931884766,44.369998931884766,43.91999816894531,44.09000015258789,32.1900634765625,197600
2011-02-16,44.33000183105469,44.790000915527344,44.25,44.38999938964844,32.40909957885742,421500
2011-02-17,44.310001373291016,45.2400016784668,44.06999969482422,45.220001220703125,33.01509475708008,267000
2011-02-18,45.459999084472656,45.459999084472656,44.790000915527344,45.349998474121094,33.1099967956543,291800
2011-02-22,44.790000915527344,44.900001525878906,43.709999084472656,43.81999969482422,31.992956161499023,417300
2011-02-23,43.630001068115234,43.650001525878906,41.040000915527344,41.810001373291016,30.651355743408203,435000
2011-02-24,42.02000045776367,42.25,40.95000076293945,41.61000061035156,30.504730224609375,430500
2011-02-25,41.849998474121094,42.470001220703125,41.77000045776367,42.38999938964844,31.07655906677246,167900
2011-02-28,42.599998474121094,44.02000045776367,42.369998931884766,43.2599983215332,31.714359283447266,346500
2011-03-01,43.58000183105469,43.90999984741211,41.63999938964844,41.79999923706055,30.64402961730957,314800
2011-03-02,41.849998474121094,42.61000061035156,41.29999923706055,42.5099983215332,31.16452980041504,287900
2011-03-03,42.95000076293945,45.099998474121094,42.95000076293945,44.68000030517578,32.75538635253906,402200
2011-03-04,44.560001373291016,44.72999954223633,43.709999084472656,44.29999923706055,32.47679901123047,295300
2011-03-07,44.54999923706055,44.779998779296875,43.36000061035156,43.79999923706055,32.11023712158203,308000
2011-03-08,43.790000915527344,44.79999923706055,43.70000076293945,44.40999984741211,32.55745315551758,337200
2011-03-09,44.25,44.47999954223633,43.4900016784668,44.220001220703125,32.41814041137695,223600
2011-03-10,43.52000045776367,43.529998779296875,42.7400016784668,42.90999984741211,31.457780838012695,403400
2011-03-11,42.5,43.0099983215332,42.439998626708984,42.95000076293945,31.487091064453125,356300
2011-03-14,42.66999816894531,45.29999923706055,42.56999969482422,45.15999984741211,33.10728454589844,761300
2011-03-15,43.439998626708984,45.0099983215332,43.279998779296875,44.13999938964844,32.359500885009766,359200
2011-03-16,44.09000015258789,44.369998931884766,43.09000015258789,43.7599983215332,32.08092498779297,340400
2011-03-17,45.709999084472656,45.709999084472656,44.18000030517578,44.29999923706055,32.47679901123047,292800
2011-03-18,44.7400016784668,45.25,44.29999923706055,44.560001373291016,32.66740417480469,352200
2011-03-21,45.34000015258789,46.15999984741211,45.27000045776367,46.08000183105469,33.78173065185547,164700
2011-03-22,46.18000030517578,46.36000061035156,45.27000045776367,45.31999969482422,33.224586486816406,158000
2011-03-23,45.060001373291016,45.709999084472656,44.310001373291016,45.43000030517578,33.30521774291992,255900
2011-03-24,45.72999954223633,46.150001525878906,45.150001525878906,45.7599983215332,33.5471305847168,298900
2011-03-25,45.9900016784668,47.11000061035156,45.900001525878906,46.58000183105469,34.14828872680664,197100
2011-03-28,46.84000015258789,46.84000015258789,45.61000061035156,45.65999984741211,33.47382736206055,323200
2011-03-29,45.68000030517578,46.529998779296875,45.470001220703125,46.400001525878906,34.01633834838867,266000
2011-03-30,46.72999954223633,47.099998474121094,45.970001220703125,45.97999954223633,33.70841598510742,370900
2011-03-31,45.9900016784668,46.58000183105469,45.9900016784668,46.290000915527344,33.935699462890625,385600
2011-04-01,46.68000030517578,46.90999984741211,46.310001373291016,46.849998474121094,34.346221923828125,271800
2011-04-04,47.060001373291016,47.84000015258789,47.060001373291016,47.25,34.63947677612305,306300
2011-04-05,47.220001220703125,48.18000030517578,46.77000045776367,47.83000183105469,35.06467819213867,384300
2011-04-06,48.06999969482422,48.209999084472656,46.4900016784668,46.66999816894531,34.21426773071289,316400
2011-04-07,46.79999923706055,47.779998779296875,46.709999084472656,46.7400016784668,34.265594482421875,316300
2011-04-08,47.0,47.130001068115234,46.20000076293945,46.439998626708984,34.04566192626953,276300
2011-04-11,46.59000015258789,46.59000015258789,45.25,45.5,33.356529235839844,217400
2011-04-12,45.15999984741211,45.220001220703125,44.310001373291016,44.58000183105469,32.682071685791016,244800
2011-04-13,44.95000076293945,45.189998626708984,43.900001525878906,44.79999923706055,32.843360900878906,309900
2011-04-14,44.369998931884766,44.91999816894531,44.20000076293945,44.7599983215332,32.81402587890625,227800
2011-04-15,44.75,45.529998779296875,44.5099983215332,45.15999984741211,33.10728454589844,179800
2011-04-18,44.34000015258789,44.97999954223633,44.130001068115234,44.880001068115234,32.902000427246094,392700
2011-04-19,45.18000030517578,45.849998474121094,44.61000061035156,44.900001525878906,32.91666030883789,264900
2011-04-20,45.790000915527344,46.040000915527344,45.529998779296875,45.68000030517578,33.488487243652344,372500
2011-04-21,46.02000045776367,46.709999084472656,45.95000076293945,46.310001373291016,33.95036315917969,355000
2011-04-25,46.34000015258789,47.29999923706055,46.34000015258789,47.25,34.63947677612305,485800
2011-04-26,47.27000045776367,48.0,47.0,47.40999984741211,34.756771087646484,681600
2011-04-27,47.060001373291016,48.77000045776367,45.209999084472656,46.06999969482422,33.774410247802734,708800
2011-04-28,46.06999969482422,46.06999969482422,44.93000030517578,45.38999938964844,33.27589416503906,561900
2011-04-29,45.560001373291016,45.79999923706055,44.439998626708984,44.849998474121094,32.880001068115234,409000
2011-05-02,45.060001373291016,45.380001068115234,43.93000030517578,44.189998626708984,32.39613723754883,433900
2011-05-03,44.09000015258789,44.5099983215332,43.59000015258789,44.08000183105469,32.31551742553711,450100
2011-05-04,44.119998931884766,44.27000045776367,41.65999984741211,41.689998626708984,30.563369750976562,676400
2011-05-05,41.5,42.65999984741211,40.970001220703125,42.08000183105469,30.84929084777832,775700
2011-05-06,42.599998474121094,42.810001373291016,41.7599983215332,42.0099983215332,30.797983169555664,414600
2011-05-09,41.84000015258789,42.91999816894531,41.84000015258789,42.70000076293945,31.303821563720703,333100
2011-05-10,43.130001068115234,43.33000183105469,42.45000076293945,43.06999969482422,31.575069427490234,258300
2011-05-11,43.0,43.0,42.27000045776367,42.52000045776367,31.171878814697266,223300
2011-05-12,42.290000915527344,42.47999954223633,41.52000045776367,42.2599983215332,30.981264114379883,269000
2011-05-13,42.310001373291016,42.5,41.560001373291016,41.630001068115234,30.519392013549805,245600
2011-05-16,41.5099983215332,42.2400016784668,41.119998931884766,41.220001220703125,30.218812942504883,312500
2011-05-17,40.939998626708984,41.189998626708984,40.25,40.689998626708984,29.83026695251465,195700
2011-05-18,40.91999816894531,42.380001068115234,40.5099983215332,42.36000061035156,31.05457305908203,625400
2011-05-19,42.650001525878906,43.150001525878906,42.29999923706055,42.540000915527344,31.1865234375,296100
2011-05-20,42.38999938964844,42.41999816894531,41.56999969482422,41.66999816894531,30.548721313476562,220200
2011-05-23,41.0099983215332,41.36000061035156,40.65999984741211,40.65999984741211,29.808284759521484,234500
2011-05-24,40.900001525878906,41.220001220703125,40.2599983215332,40.619998931884766,29.778961181640625,241100
2011-05-25,40.18000030517578,41.20000076293945,40.0,40.970001220703125,30.16923713684082,139600
2011-05-26,40.880001068115234,41.2599983215332,40.650001525878906,41.189998626708984,30.331218719482422,237400
2011-05-27,41.43000030517578,42.25,41.43000030517578,42.060001373291016,30.971864700317383,205700
2011-05-31,42.709999084472656,42.810001373291016,41.77000045776367,42.22999954223633,31.09705924987793,399800
2011-06-01,42.22999954223633,42.34000015258789,40.9900016784668,41.099998474121094,30.26496124267578,245800
2011-06-02,41.130001068115234,41.36000061035156,40.540000915527344,40.97999954223633,30.176593780517578,168600
2011-06-03,40.209999084472656,40.209999084472656,39.470001220703125,39.61000061035156,29.167757034301758,350600
2011-06-06,39.599998474121094,39.880001068115234,39.04999923706055,39.18000030517578,28.85111427307129,301400
2011-06-07,39.40999984741211,39.619998931884766,39.060001373291016,39.20000076293945,28.865842819213867,371600
2011-06-08,39.02000045776367,39.29999923706055,38.5099983215332,38.54999923706055,28.3872013092041,341400
2011-06-09,38.709999084472656,39.11000061035156,38.369998931884766,38.93000030517578,28.667028427124023,359400
2011-06-10,38.7400016784668,38.9900016784668,38.09000015258789,38.400001525878906,28.276748657226562,454300
2011-06-13,38.439998626708984,38.7599983215332,38.09000015258789,38.130001068115234,28.077922821044922,391400
2011-06-14,38.68000030517578,38.93000030517578,38.45000076293945,38.75,28.534486770629883,562100
2011-06-15,38.33000183105469,38.4900016784668,37.75,37.97999954223633,27.967470169067383,351800
2011-06-16,37.86000061035156,38.15999984741211,36.91999816894531,37.45000076293945,27.57719612121582,628600
2011-06-17,37.779998779296875,37.97999954223633,37.209999084472656,37.5099983215332,27.62137794494629,509200
2011-06-20,37.470001220703125,38.5,37.459999084472656,38.459999084472656,28.320938110351562,616200
2011-06-21,38.65999984741211,39.4900016784668,38.529998779296875,39.279998779296875,28.924753189086914,208900
2011-06-22,39.119998931884766,39.7599983215332,38.9900016784668,39.630001068115234,29.18248748779297,321000
2011-06-23,38.93000030517578,39.099998474121094,38.36000061035156,38.93000030517578,28.667028427124023,356300
2011-06-24,39.029998779296875,39.11000061035156,38.25,38.43000030517578,28.29884147644043,221800
2011-06-27,38.439998626708984,38.900001525878906,38.0,38.63999938964844,28.45347785949707,219100
2011-06-28,38.810001373291016,39.220001220703125,38.689998626708984,39.209999084472656,28.87320327758789,122900
2011-06-29,39.40999984741211,39.47999954223633,38.72999954223633,39.34000015258789,28.96894073486328,208500
2011-06-30,39.5,40.11000061035156,39.16999816894531,39.869998931884766,29.35922622680664,254400
2011-07-01,40.0099983215332,40.91999816894531,39.869998931884766,40.7599983215332,30.014591217041016,283200
2011-07-05,41.22999954223633,41.93000030517578,40.93000030517578,41.7599983215332,30.750965118408203,464500
2011-07-06,41.88999938964844,42.650001525878906,41.720001220703125,42.439998626708984,31.25170135498047,393200
2011-07-07,42.880001068115234,43.0,42.599998474121094,42.79999923706055,31.51679801940918,213800
2011-07-08,42.33000183105469,42.36000061035156,41.68000030517578,42.31999969482422,31.163326263427734,201800
2011-07-11,41.630001068115234,41.900001525878906,41.04999923706055,41.279998779296875,30.39750862121582,264800
2011-07-12,41.15999984741211,41.5,41.02000045776367,41.189998626708984,30.331218719482422,204200
2011-07-13,41.540000915527344,43.41999816894531,41.34000015258789,41.56999969482422,30.61106300354004,773700
2011-07-14,41.79999923706055,42.13999938964844,40.15999984741211,40.38999938964844,29.742137908935547,336400
2011-07-15,40.68000030517578,40.779998779296875,40.040000915527344,40.560001373291016,29.86733055114746,178600
2011-07-18,40.43000030517578,40.5099983215332,39.599998474121094,40.08000183105469,29.513866424560547,235500
2011-07-19,40.5,40.709999084472656,40.06999969482422,40.709999084472656,29.977779388427734,280100
2011-07-20,40.86000061035156,41.459999084472656,40.70000076293945,41.369998931884766,30.463769912719727,274000
2011-07-21,41.560001373291016,42.279998779296875,41.439998626708984,41.84000015258789,30.80988121032715,241900
2011-07-22,41.849998474121094,41.9900016784668,41.599998474121094,41.7400016784668,30.736230850219727,162000
2011-07-25,41.209999084472656,41.83000183105469,40.81999969482422,40.959999084472656,30.161855697631836,357000
2011-07-26,41.20000076293945,41.27000045776367,40.18000030517578,40.849998474121094,30.080862045288086,237400
2011-07-27,42.869998931884766,43.29999923706055,40.33000183105469,40.41999816894531,29.764223098754883,1044600
2011-07-28,40.41999816894531,40.43000030517578,39.209999084472656,39.439998626708984,29.04258155822754,478500
2011-07-29,38.869998931884766,39.5,38.15999984741211,39.099998474121094,28.792207717895508,476900
2011-08-01,39.599998474121094,39.91999816894531,38.33000183105469,38.619998931884766,28.438737869262695,509900
2011-08-02,38.220001220703125,38.560001373291016,37.02000045776367,37.040000915527344,27.275283813476562,383400
2011-08-03,37.040000915527344,37.2400016784668,35.58000183105469,37.20000076293945,27.393102645874023,406800
2011-08-04,36.56999969482422,36.7599983215332,33.650001525878906,33.70000076293945,24.815793991088867,748500
2011-08-05,34.34000015258789,35.33000183105469,33.5099983215332,34.099998474121094,25.1103515625,1481900
2011-08-08,32.869998931884766,33.029998779296875,29.149999618530273,30.309999465942383,22.31948471069336,1328700
2011-08-09,31.440000534057617,32.91999816894531,31.030000686645508,32.91999816894531,24.24142074584961,1057100
2011-08-10,32.06999969482422,32.470001220703125,30.8799991607666,30.950000762939453,22.790761947631836,488000
2011-08-11,31.209999084472656,33.130001068115234,30.350000381469727,32.619998931884766,24.020509719848633,507200
2011-08-12,33.02000045776367,33.66999816894531,32.58000183105469,33.29999923706055,24.5212459564209,262800
2011-08-15,33.529998779296875,34.20000076293945,33.310001373291016,34.20000076293945,25.18398094177246,245000
2011-08-16,33.54999923706055,33.65999984741211,32.5,32.86000061035156,24.197240829467773,399600
2011-08-17,33.13999938964844,33.790000915527344,32.63999938964844,32.779998779296875,24.13832664489746,491700
2011-08-18,31.600000381469727,31.6200008392334,29.90999984741211,30.15999984741211,22.209026336669922,498600
2011-08-19,29.639999389648438,30.459999084472656,29.270000457763672,29.5,21.723018646240234,476100
2011-08-22,30.3700008392334,30.489999771118164,29.149999618530273,29.25,21.538930892944336,356500
2011-08-23,29.459999084472656,30.649999618530273,29.25,30.649999618530273,22.56985092163086,257900
2011-08-24,30.600000381469727,31.65999984741211,30.420000076293945,31.6200008392334,23.284137725830078,474400
2011-08-25,31.68000030517578,31.8700008392334,30.690000534057617,31.239999771118164,23.136022567749023,554000
2011-08-26,30.889999389648438,32.25,30.549999237060547,32.220001220703125,23.861799240112305,849300
2011-08-29,32.709999084472656,34.0099983215332,32.470001220703125,34.0099983215332,25.18745231628418,312500
2011-08-30,33.63999938964844,34.439998626708984,33.31999969482422,34.18000030517578,25.3133544921875,426400
2011-08-31,34.5,35.220001220703125,34.060001373291016,34.43000030517578,25.498497009277344,454000
2011-09-01,34.65999984741211,34.880001068115234,33.77000045776367,33.849998474121094,25.0689640045166,377800
2011-09-02,32.939998626708984,33.63999938964844,32.630001068115234,33.040000915527344,24.46907615661621,500700
2011-09-06,31.559999465942383,32.63999938964844,31.479999542236328,32.400001525878906,23.995098114013672,632100
2011-09-07,33.09000015258789,33.83000183105469,33.040000915527344,33.81999969482422,25.046733856201172,443100
2011-09-08,33.470001220703125,33.81999969482422,33.0,33.040000915527344,24.46907615661621,511400
2011-09-09,32.63999938964844,33.310001373291016,32.2400016784668,33.11000061035156,24.520925521850586,727100
2011-09-12,32.54999923706055,33.33000183105469,32.220001220703125,33.119998931884766,24.5283260345459,732800
2011-09-13,33.2400016784668,33.90999984741211,32.9900016784668,33.75,24.99489402770996,497700
2011-09-14,34.040000915527344,34.040000915527344,32.75,33.2400016784668,24.61719512939453,647500
2011-09-15,33.630001068115234,33.970001220703125,33.130001068115234,33.310001373291016,24.66904067993164,610300
2011-09-16,33.310001373291016,33.560001373291016,32.689998626708984,33.29999923706055,24.661638259887695,730900
2011-09-19,32.0,32.08000183105469,30.809999465942383,31.420000076293945,23.26932144165039,694400
2011-09-20,31.420000076293945,31.450000762939453,30.239999771118164,30.3799991607666,22.499109268188477,1011700
2011-09-21,30.200000762939453,30.31999969482422,28.139999389648438,28.15999984741211,20.85500144958496,876700
2011-09-22,27.229999542236328,27.540000915527344,25.170000076293945,25.719999313354492,19.047956466674805,904800
2011-09-23,25.43000030517578,25.809999465942383,24.729999542236328,24.8799991607666,18.425865173339844,1212000
2011-09-26,25.260000228881836,25.3700008392334,23.75,24.920000076293945,18.45549201965332,1300800
2011-09-27,25.850000381469727,27.299999237060547,25.709999084472656,26.799999237060547,19.847801208496094,722300
2011-09-28,26.979999542236328,27.020000457763672,25.40999984741211,25.510000228881836,18.892438888549805,481000
2011-09-29,26.260000228881836,26.510000228881836,25.18000030517578,25.84000015258789,19.1368350982666,834300
2011-09-30,25.260000228881836,25.670000076293945,24.780000686645508,24.780000686645508,18.351808547973633,848700
2011-10-03,24.510000228881836,24.610000610351562,23.229999542236328,23.270000457763672,17.233518600463867,1060900
2011-10-04,22.850000381469727,24.889999389648438,22.450000762939453,24.829999923706055,18.38884162902832,1200000
2011-10-05,24.790000915527344,25.25,24.299999237060547,25.139999389648438,18.61842155456543,1045100
2011-10-06,25.1200008392334,26.059999465942383,24.799999237060547,26.020000457763672,19.2701416015625,927700
2011-10-07,26.079999923706055,26.34000015258789,24.579999923706055,24.950000762939453,18.477710723876953,1005000
2011-10-10,25.510000228881836,25.979999542236328,25.420000076293945,25.969999313354492,19.233108520507812,922300
2011-10-11,25.81999969482422,26.309999465942383,25.700000762939453,25.959999084472656,19.225706100463867,521000
2011-10-12,26.260000228881836,26.829999923706055,26.09000015258789,26.489999771118164,19.618215560913086,643100
2011-10-13,26.200000762939453,26.540000915527344,25.540000915527344,26.43000030517578,19.573781967163086,672500
2011-10-14,26.899999618530273,27.6200008392334,26.670000076293945,27.530000686645508,20.3884334564209,500700
2011-10-17,27.31999969482422,27.479999542236328,26.360000610351562,26.510000228881836,19.633031845092773,549200
2011-10-18,26.520000457763672,28.049999237060547,26.15999984741211,27.81999969482422,20.60320472717285,622700
2011-10-19,27.950000762939453,27.950000762939453,26.969999313354492,27.1299991607666,20.09218978881836,737000
2011-10-20,27.209999084472656,27.489999771118164,26.530000686645508,27.15999984741211,20.114410400390625,531500
2011-10-21,27.649999618530273,28.219999313354492,27.530000686645508,28.15999984741211,20.85500144958496,400300
2011-10-24,28.3799991607666,29.149999618530273,28.280000686645508,29.010000228881836,21.484508514404297,278400
2011-10-25,29.020000457763672,29.139999389648438,28.149999618530273,28.65999984741211,21.225292205810547,664000
2011-10-26,28.969999313354492,29.649999618530273,27.889999389648438,29.399999618530273,21.773330688476562,840500
2011-10-27,30.6200008392334,31.610000610351562,30.399999618530273,31.40999984741211,23.261919021606445,518700
2011-10-28,31.350000381469727,32.029998779296875,31.200000762939453,31.450000762939453,23.291547775268555,490000
2011-10-31,30.959999084472656,31.040000915527344,29.950000762939453,30.18000030517578,22.350988388061523,670200
2011-11-01,29.270000457763672,31.049999237060547,28.6299991607666,29.229999542236328,21.647428512573242,809500
2011-11-02,29.8700008392334,30.59000015258789,29.510000228881836,30.459999084472656,22.558359146118164,695700
2011-11-03,30.950000762939453,31.459999084472656,29.899999618530273,31.34000015258789,23.210073471069336,604300
2011-11-04,30.959999084472656,31.40999984741211,30.489999771118164,31.18000030517578,23.091581344604492,575200
2011-11-07,31.25,31.25,30.079999923706055,30.959999084472656,22.928659439086914,604200
2011-11-08,31.280000686645508,32.060001373291016,30.709999084472656,32.0099983215332,23.706279754638672,581000
2011-11-09,30.969999313354492,31.18000030517578,29.950000762939453,30.329999923706055,22.462078094482422,1073800
2011-11-10,30.75,31.770000457763672,30.280000686645508,31.700000762939453,23.476694107055664,1082300
2011-11-11,32.09000015258789,33.41999816894531,31.940000534057617,32.95000076293945,24.402429580688477,710900
2011-11-14,32.83000183105469,33.0,32.08000183105469,32.91999816894531,24.38020896911621,856600
2011-11-15,32.810001373291016,33.5,32.45000076293945,33.2599983215332,24.632001876831055,936900
2011-11-16,32.7400016784668,33.36000061035156,32.459999084472656,32.5099983215332,24.076568603515625,345400
2011-11-17,32.31999969482422,32.470001220703125,31.059999465942383,31.360000610351562,23.224889755249023,514800
2011-11-18,31.600000381469727,31.760000228881836,31.110000610351562,31.459999084472656,23.298952102661133,356900
2011-11-21,30.770000457763672,31.530000686645508,30.520000457763672,31.190000534057617,23.098995208740234,934900
2011-11-22,30.81999969482422,31.200000762939453,30.040000915527344,30.100000381469727,22.421142578125,923700
2011-11-23,29.799999237060547,30.399999618530273,29.6200008392334,30.010000228881836,22.35410499572754,528500
2011-11-25,29.739999771118164,30.25,29.329999923706055,29.360000610351562,21.869924545288086,231300
2011-11-28,30.520000457763672,31.290000915527344,30.09000015258789,30.360000610351562,22.614810943603516,526000
2011-11-29,30.479999542236328,30.510000228881836,29.969999313354492,30.270000457763672,22.547775268554688,619200
2011-11-30,31.81999969482422,33.18000030517578,31.579999923706055,33.18000030517578,24.715396881103516,815700
2011-12-01,32.959999084472656,33.560001373291016,32.27000045776367,32.900001525878906,24.5068302154541,799600
2011-12-02,33.380001068115234,33.779998779296875,32.95000076293945,33.04999923706055,24.618562698364258,470600
2011-12-05,33.66999816894531,34.349998474121094,33.54999923706055,34.0,25.326208114624023,618400
2011-12-06,33.84000015258789,33.9900016784668,33.040000915527344,33.599998474121094,25.02825355529785,470700
2011-12-07,33.2400016784668,34.13999938964844,32.63999938964844,33.720001220703125,25.117647171020508,622500
2011-12-08,33.459999084472656,33.7400016784668,32.45000076293945,32.650001525878906,24.32061004638672,521800
2011-12-09,32.41999816894531,33.65999984741211,32.220001220703125,33.45000076293945,24.916519165039062,497800
2011-12-12,32.88999938964844,32.93000030517578,32.130001068115234,32.439998626708984,24.164180755615234,566600
2011-12-13,32.849998474121094,33.279998779296875,31.559999465942383,31.829999923706055,23.709796905517578,523900
2011-12-14,31.450000762939453,31.559999465942383,30.8799991607666,31.18000030517578,23.225622177124023,736000
2011-12-15,31.600000381469727,31.8799991607666,31.299999237060547,31.3700008392334,23.36714744567871,620600
2011-12-16,31.399999618530273,32.2400016784668,31.399999618530273,31.889999389648438,23.754493713378906,744000
2011-12-19,32.099998474121094,32.310001373291016,30.65999984741211,30.729999542236328,22.890413284301758,484600
2011-12-20,31.520000457763672,33.0,31.520000457763672,32.58000183105469,24.268465042114258,736000
2011-12-21,32.56999969482422,32.68000030517578,31.68000030517578,32.209999084472656,23.99285125732422,476500
2011-12-22,32.41999816894531,32.939998626708984,32.31999969482422,32.529998779296875,24.231220245361328,341500
2011-12-23,32.560001373291016,33.0,32.45000076293945,32.88999938964844,24.499380111694336,317100
2011-12-27,32.75,32.77000045776367,32.38999938964844,32.439998626708984,24.164180755615234,291900
2011-12-28,32.52000045776367,32.599998474121094,31.56999969482422,31.610000610351562,23.54591941833496,460600
2011-12-29,31.6200008392334,32.33000183105469,31.59000015258789,32.2400016784668,24.01520347595215,188400
2011-12-30,32.16999816894531,32.38999938964844,31.979999542236328,32.13999938964844,23.940715789794922,216100
2012-01-03,33.20000076293945,33.56999969482422,32.93000030517578,33.220001220703125,24.74519157409668,410500
2012-01-04,33.060001373291016,33.40999984741211,32.650001525878906,33.25,24.76754379272461,502100
2012-01-05,32.939998626708984,32.939998626708984,31.950000762939453,32.72999954223633,24.38020133972168,688400
2012-01-06,32.81999969482422,33.06999969482422,31.700000762939453,32.75,24.395092010498047,951900
2012-01-09,32.90999984741211,33.189998626708984,32.5,32.72999954223633,24.38020133972168,393100
2012-01-10,33.27000045776367,33.91999816894531,33.16999816894531,33.34000015258789,24.83458137512207,306300
2012-01-11,33.29999923706055,33.650001525878906,33.16999816894531,33.5,24.953760147094727,209700
2012-01-12,33.650001525878906,34.369998931884766,33.380001068115234,34.29999923706055,25.54967498779297,209800
2012-01-13,33.970001220703125,34.18000030517578,33.31999969482422,33.90999984741211,25.259166717529297,273200
2012-01-17,34.25,34.5099983215332,33.65999984741211,33.70000076293945,25.102733612060547,201400
2012-01-18,33.689998626708984,34.400001525878906,33.58000183105469,34.16999816894531,25.45284080505371,481200
2012-01-19,34.34000015258789,34.970001220703125,34.150001525878906,34.84000015258789,25.951908111572266,328400
2012-01-20,34.7400016784668,34.91999816894531,34.58000183105469,34.7400016784668,25.87742042541504,201100
2012-01-23,34.81999969482422,35.27000045776367,34.65999984741211,35.02000045776367,26.08599090576172,225300
2012-01-24,34.81999969482422,35.97999954223633,34.70000076293945,35.97999954223633,26.801082611083984,283600
2012-01-25,35.939998626708984,35.939998626708984,35.040000915527344,35.90999984741211,26.748943328857422,250500
2012-01-26,36.040000915527344,36.34000015258789,35.45000076293945,35.619998931884766,26.532934188842773,217300
2012-01-27,35.599998474121094,36.25,35.470001220703125,36.06999969482422,26.868125915527344,374900
2012-01-30,35.630001068115234,36.439998626708984,35.439998626708984,36.38999938964844,27.106487274169922,324100
2012-01-31,36.72999954223633,36.83000183105469,35.56999969482422,36.20000076293945,26.964962005615234,422800
2012-02-01,36.459999084472656,37.689998626708984,36.40999984741211,37.689998626708984,28.0748348236084,628600
2012-02-02,38.06999969482422,41.369998931884766,38.06999969482422,41.06999969482422,30.592573165893555,1751000
2012-02-03,41.70000076293945,42.56999969482422,41.41999816894531,41.939998626708984,31.240617752075195,1032200
2012-02-06,41.33000183105469,41.689998626708984,41.06999969482422,41.36000061035156,30.808591842651367,410900
2012-02-07,41.29999923706055,41.5,40.900001525878906,41.130001068115234,30.637256622314453,227100
2012-02-08,41.439998626708984,42.0,41.220001220703125,41.29999923706055,30.763893127441406,547200
2012-02-09,41.33000183105469,41.38999938964844,40.279998779296875,40.88999938964844,30.458492279052734,298200
2012-02-10,40.33000183105469,40.470001220703125,39.91999816894531,40.119998931884766,29.884918212890625,210400
2012-02-13,40.630001068115234,40.95000076293945,40.439998626708984,40.529998779296875,30.19031524658203,236800
2012-02-14,40.279998779296875,40.459999084472656,39.220001220703125,39.52000045776367,29.43798828125,361200
2012-02-15,39.900001525878906,40.790000915527344,39.560001373291016,39.86000061035156,29.691259384155273,400200
2012-02-16,39.83000183105469,41.060001373291016,39.790000915527344,40.970001220703125,30.518077850341797,202400
2012-02-17,41.11000061035156,41.47999954223633,40.43000030517578,41.0,30.540422439575195,435700
2012-02-21,41.209999084472656,41.43000030517578,40.849998474121094,41.15999984741211,30.659608840942383,490000
2012-02-22,40.939998626708984,41.220001220703125,40.689998626708984,41.02000045776367,30.68952751159668,279600
2012-02-23,40.959999084472656,41.189998626708984,40.7400016784668,41.130001068115234,30.77182388305664,327300
2012-02-24,40.9900016784668,41.31999969482422,40.599998474121094,41.0,30.6745662689209,396400
2012-02-27,40.65999984741211,41.540000915527344,40.40999984741211,41.2400016784668,30.8541316986084,425300
2012-02-28,41.08000183105469,41.4900016784668,40.93000030517578,41.34000015258789,30.9289493560791,431300
2012-02-29,41.38999938964844,42.54999923706055,40.4900016784668,40.5099983215332,30.30797004699707,487400
2012-03-01,40.869998931884766,41.65999984741211,40.7400016784668,40.869998931884766,30.577308654785156,387400
2012-03-02,40.81999969482422,41.290000915527344,40.22999954223633,40.22999954223633,30.09848403930664,179800
2012-03-05,40.150001525878906,40.209999084472656,38.9900016784668,39.5,29.552330017089844,376800
2012-03-06,38.790000915527344,39.18000030517578,37.7400016784668,38.11000061035156,28.512393951416016,455800
2012-03-07,38.20000076293945,39.77000045776367,38.20000076293945,39.63999938964844,29.657079696655273,436600
2012-03-08,40.220001220703125,40.90999984741211,39.880001068115234,40.70000076293945,30.45010757446289,366500
2012-03-09,41.0099983215332,42.88999938964844,40.77000045776367,42.029998779296875,31.445171356201172,785700
2012-03-12,43.0,43.0,41.790000915527344,42.060001373291016,31.467615127563477,617600
2012-03-13,42.47999954223633,43.2599983215332,42.130001068115234,43.2599983215332,32.36540985107422,519000
2012-03-14,43.15999984741211,43.29999923706055,42.40999984741211,42.77000045776367,31.998809814453125,217800
2012-03-15,42.880001068115234,43.220001220703125,42.4900016784668,43.029998779296875,32.1933479309082,366900
2012-03-16,42.970001220703125,43.4900016784668,42.709999084472656,42.91999816894531,32.11103820800781,389800
2012-03-19,42.97999954223633,43.650001525878906,42.79999923706055,42.939998626708984,32.12600326538086,306000
2012-03-20,42.349998474121094,42.84000015258789,42.33000183105469,42.61000061035156,31.879114151000977,154600
2012-03-21,42.81999969482422,42.9900016784668,42.36000061035156,42.560001373291016,31.84170913696289,134400
2012-03-22,42.0099983215332,42.27000045776367,41.900001525878906,42.06999969482422,31.475093841552734,289000
2012-03-23,42.150001525878906,42.93000030517578,41.900001525878906,42.709999084472656,31.95393943786621,170400
2012-03-26,43.2599983215332,43.470001220703125,42.79999923706055,43.2400016784668,32.350440979003906,226300
2012-03-27,43.2599983215332,43.61000061035156,42.86000061035156,42.939998626708984,32.12600326538086,244300
2012-03-28,42.95000076293945,43.08000183105469,42.0,42.470001220703125,31.774370193481445,119400
2012-03-29,42.06999969482422,42.779998779296875,41.93000030517578,42.70000076293945,31.946443557739258,161500
2012-03-30,43.16999816894531,43.7599983215332,42.220001220703125,42.68000030517578,31.931482315063477,213000
2012-04-02,42.63999938964844,43.59000015258789,42.279998779296875,43.0099983215332,32.178367614746094,556800
2012-04-03,42.900001525878906,43.150001525878906,42.029998779296875,42.540000915527344,31.826736450195312,406900
2012-04-04,41.959999084472656,42.119998931884766,41.709999084472656,42.04999923706055,31.46013832092285,372400
2012-04-05,41.970001220703125,42.47999954223633,41.720001220703125,41.79999923706055,31.273096084594727,217600
2012-04-09,41.02000045776367,41.4900016784668,40.91999816894531,41.41999816894531,30.98880386352539,283200
2012-04-10,41.34000015258789,41.5,40.689998626708984,40.72999954223633,30.472564697265625,430100
2012-04-11,40.77000045776367,42.119998931884766,40.56999969482422,41.650001525878906,31.16088104248047,579400
2012-04-12,41.66999816894531,43.27000045776367,41.66999816894531,42.900001525878906,32.0960807800293,381000
2012-04-13,42.65999984741211,42.959999084472656,42.310001373291016,42.36000061035156,31.692068099975586,265100
2012-04-16,42.720001220703125,43.08000183105469,41.95000076293945,42.220001220703125,31.587324142456055,256100
2012-04-17,42.619998931884766,43.849998474121094,42.5099983215332,43.16999816894531,32.298072814941406,181900
2012-04-18,42.880001068115234,43.15999984741211,42.279998779296875,42.61000061035156,31.879114151000977,206000
2012-04-19,42.58000183105469,42.9900016784668,42.130001068115234,42.33000183105469,31.669618606567383,225200
2012-04-20,42.61000061035156,42.66999816894531,42.2400016784668,42.45000076293945,31.7593994140625,281200
2012-04-23,41.65999984741211,42.459999084472656,41.09000015258789,42.400001525878906,31.72199249267578,310800
2012-04-24,42.369998931884766,42.84000015258789,41.959999084472656,42.349998474121094,31.684587478637695,172400
2012-04-25,42.709999084472656,43.5,42.709999084472656,42.9900016784668,32.16341781616211,302200
2012-04-26,42.75,43.84000015258789,42.04999923706055,43.5099983215332,32.55245590209961,306800
2012-04-27,43.790000915527344,43.79999923706055,42.970001220703125,43.61000061035156,32.62727355957031,272500
2012-04-30,43.63999938964844,43.650001525878906,42.619998931884766,43.130001068115234,32.268157958984375,300000
2012-05-01,42.43000030517578,44.040000915527344,42.43000030517578,42.970001220703125,32.1484489440918,579200
2012-05-02,44.0099983215332,44.790000915527344,43.5099983215332,44.65999984741211,33.41282653808594,762400
2012-05-03,44.689998626708984,44.970001220703125,44.099998474121094,44.20000076293945,33.06868362426758,315700
2012-05-04,43.9900016784668,44.06999969482422,42.400001525878906,42.599998474121094,31.87161636352539,492800
2012-05-07,42.22999954223633,42.90999984741211,42.029998779296875,42.66999816894531,31.923999786376953,288000
2012-05-08,42.13999938964844,42.38999938964844,41.310001373291016,42.06999969482422,31.475093841552734,571200
2012-05-09,41.38999938964844,42.45000076293945,41.150001525878906,41.869998931884766,31.325469970703125,414900
2012-05-10,42.310001373291016,42.58000183105469,41.529998779296875,42.040000915527344,31.452667236328125,353000
2012-05-11,41.54999923706055,42.209999084472656,41.47999954223633,41.869998931884766,31.325469970703125,340300
2012-05-14,41.34000015258789,41.869998931884766,40.93000030517578,41.20000076293945,30.824188232421875,246400
2012-05-15,41.279998779296875,41.279998779296875,39.810001373291016,39.970001220703125,29.903968811035156,653900
2012-05-16,40.130001068115234,40.369998931884766,38.93000030517578,38.970001220703125,29.155805587768555,468100
2012-05-17,39.040000915527344,39.209999084472656,37.310001373291016,37.34000015258789,27.93630599975586,441700
2012-05-18,37.560001373291016,38.0099983215332,36.81999969482422,36.91999816894531,27.622085571289062,269400
2012-05-21,36.970001220703125,38.959999084472656,36.970001220703125,38.88999938964844,29.0959529876709,341700
2012-05-22,38.959999084472656,39.29999923706055,38.369998931884766,38.66999816894531,28.931364059448242,277000
2012-05-23,38.09000015258789,39.20000076293945,37.4900016784668,38.9900016784668,29.1707763671875,255000
2012-05-24,39.150001525878906,39.52000045776367,38.369998931884766,39.150001525878906,29.290483474731445,387000
2012-05-25,38.900001525878906,39.25,37.9900016784668,38.27000045776367,28.632080078125,569900
2012-05-29,38.88999938964844,40.0,38.66999816894531,39.349998474121094,29.440109252929688,472300
2012-05-30,38.720001220703125,38.959999084472656,37.900001525878906,38.150001525878906,28.688129425048828,288500
2012-05-31,38.09000015258789,38.09000015258789,36.869998931884766,37.79999923706055,28.4249324798584,610600
2012-06-01,36.77000045776367,37.040000915527344,35.79999923706055,35.83000183105469,26.94352912902832,391200
2012-06-04,36.04999923706055,36.11000061035156,35.11000061035156,35.54999923706055,26.732973098754883,724900
2012-06-05,35.43000030517578,36.060001373291016,35.43000030517578,35.939998626708984,27.026241302490234,267500
2012-06-06,36.38999938964844,37.06999969482422,36.38999938964844,36.93000030517578,27.77069091796875,422700
2012-06-07,37.33000183105469,37.790000915527344,36.4900016784668,36.529998779296875,27.469907760620117,501100
2012-06-08,36.25,36.91999816894531,35.779998779296875,36.84000015258789,27.70301628112793,439800
2012-06-11,37.16999816894531,37.36000061035156,35.790000915527344,35.90999984741211,27.00368309020996,331000
2012-06-12,36.0099983215332,36.540000915527344,35.720001220703125,36.4900016784668,27.439834594726562,249500
2012-06-13,36.52000045776367,36.88999938964844,35.93000030517578,36.16999816894531,27.19919776916504,408200
2012-06-14,36.2599983215332,36.70000076293945,36.09000015258789,36.459999084472656,27.417268753051758,461200
2012-06-15,36.59000015258789,36.849998474121094,36.18000030517578,36.79999923706055,27.67293930053711,501100
2012-06-18,36.59000015258789,37.43000030517578,36.36000061035156,37.349998474121094,28.08654022216797,272300
2012-06-19,37.43000030517578,38.68000030517578,37.43000030517578,38.43000030517578,28.898679733276367,387100
2012-06-20,38.41999816894531,38.720001220703125,37.790000915527344,37.970001220703125,28.552764892578125,130800
2012-06-21,38.0,38.83000183105469,35.5099983215332,36.5099983215332,27.454872131347656,1914800
2012-06-22,36.720001220703125,37.79999923706055,36.369998931884766,37.66999816894531,28.327173233032227,574500
2012-06-25,37.13999938964844,37.47999954223633,36.31999969482422,37.310001373291016,28.05645179748535,491700
2012-06-26,37.5,38.06999969482422,37.09000015258789,37.810001373291016,28.432449340820312,335200
2012-06-27,38.0,38.529998779296875,37.83000183105469,38.150001525878906,28.688129425048828,529300
2012-06-28,37.709999084472656,38.7400016784668,37.4900016784668,38.7400016784668,29.131792068481445,692200
2012-06-29,41.56999969482422,41.56999969482422,39.54999923706055,40.70000076293945,30.60566520690918,418600
2012-07-02,40.93000030517578,40.93000030517578,39.70000076293945,40.31999969482422,30.31992530822754,395300
2012-07-03,40.43000030517578,41.400001525878906,40.09000015258789,41.290000915527344,31.04934310913086,149700
2012-07-05,41.060001373291016,41.75,41.02000045776367,41.56999969482422,31.259899139404297,247300
2012-07-06,40.900001525878906,41.630001068115234,40.65999984741211,41.08000183105469,30.891433715820312,211800
2012-07-09,41.0,41.13999938964844,40.25,40.540000915527344,30.48535919189453,351400
2012-07-10,40.939998626708984,41.150001525878906,40.459999084472656,40.709999084472656,30.613204956054688,349300
2012-07-11,40.720001220703125,40.72999954223633,39.16999816894531,39.349998474121094,29.59050750732422,425900
2012-07-12,38.939998626708984,39.52000045776367,37.540000915527344,38.5099983215332,28.958839416503906,637200
2012-07-13,38.779998779296875,39.4900016784668,38.779998779296875,39.2599983215332,29.522817611694336,239500
2012-07-16,39.25,39.25,38.290000915527344,38.7400016784668,29.131792068481445,407000
2012-07-17,38.90999984741211,39.689998626708984,38.560001373291016,39.56999969482422,29.755943298339844,349800
2012-07-18,39.349998474121094,40.20000076293945,39.349998474121094,39.5099983215332,29.710830688476562,309800
2012-07-19,39.63999938964844,39.709999084472656,39.130001068115234,39.599998474121094,29.778505325317383,376400
2012-07-20,39.18000030517578,39.31999969482422,38.68000030517578,39.029998779296875,29.34986114501953,350700
2012-07-23,37.849998474121094,38.0,36.81999969482422,37.54999923706055,28.236927032470703,329100
2012-07-24,37.72999954223633,37.83000183105469,36.61000061035156,36.88999938964844,27.74062728881836,303700
2012-07-25,37.18000030517578,37.2400016784668,36.54999923706055,36.869998931884766,27.7255859375,238000
2012-07-26,37.689998626708984,37.689998626708984,36.65999984741211,37.33000183105469,28.07149314880371,282800
2012-07-27,37.56999969482422,38.72999954223633,37.439998626708984,38.47999954223633,28.936281204223633,209800
2012-07-30,38.43000030517578,38.97999954223633,38.2599983215332,38.650001525878906,29.064109802246094,271300
2012-07-31,38.61000061035156,39.400001525878906,38.54999923706055,39.0,29.327308654785156,516000
2012-08-01,38.16999816894531,39.11000061035156,36.459999084472656,36.54999923706055,27.484947204589844,734600
2012-08-02,36.040000915527344,36.36000061035156,35.41999816894531,36.150001525878906,27.18416404724121,406900
2012-08-03,36.869998931884766,37.369998931884766,36.5,37.099998474121094,27.89853858947754,301500
2012-08-06,37.09000015258789,37.41999816894531,36.7400016784668,36.849998474121094,27.71054458618164,302000
2012-08-07,36.9900016784668,37.5099983215332,36.400001525878906,37.29999923706055,28.0489444732666,380700
2012-08-08,36.970001220703125,37.34000015258789,36.630001068115234,37.290000915527344,28.04142189025879,427300
2012-08-09,37.27000045776367,37.47999954223633,36.9900016784668,37.290000915527344,28.04142189025879,210300
2012-08-10,37.099998474121094,37.310001373291016,36.90999984741211,37.2599983215332,28.01885223388672,160900
2012-08-13,37.09000015258789,37.09000015258789,35.58000183105469,36.119998931884766,27.161598205566406,367800
2012-08-14,36.38999938964844,36.619998931884766,35.900001525878906,36.0,27.071361541748047,344700
2012-08-15,35.97999954223633,36.65999984741211,35.86000061035156,36.31999969482422,27.311994552612305,281700
2012-08-16,36.41999816894531,36.97999954223633,35.81999969482422,36.790000915527344,27.665424346923828,334400
2012-08-17,36.939998626708984,37.060001373291016,36.66999816894531,36.86000061035156,27.718063354492188,244600
2012-08-20,36.779998779296875,37.040000915527344,36.560001373291016,36.77000045776367,27.650386810302734,320800
2012-08-21,36.77000045776367,37.13999938964844,36.560001373291016,36.810001373291016,27.680463790893555,286300
2012-08-22,36.66999816894531,37.119998931884766,36.65999984741211,37.04999923706055,27.86094856262207,367400
2012-08-23,36.90999984741211,37.0,36.099998474121094,36.130001068115234,27.169111251831055,236400
2012-08-24,36.02000045776367,36.34000015258789,35.400001525878906,35.880001068115234,26.981121063232422,237900
2012-08-27,36.0,36.189998626708984,35.0,35.470001220703125,26.67281723022461,301000
2012-08-28,35.31999969482422,35.810001373291016,35.220001220703125,35.2599983215332,26.514894485473633,238600
2012-08-29,35.16999816894531,35.529998779296875,34.66999816894531,35.02000045776367,26.48464012145996,293500
2012-08-30,34.81999969482422,34.93000030517578,34.38999938964844,34.65999984741211,26.212387084960938,357000
2012-08-31,35.06999969482422,35.22999954223633,34.599998474121094,34.83000183105469,26.34095573425293,292200
2012-09-04,34.77000045776367,35.099998474121094,33.900001525878906,34.540000915527344,26.121633529663086,373200
2012-09-05,34.5,35.63999938964844,34.5,35.529998779296875,26.870342254638672,464400
2012-09-06,36.06999969482422,36.88999938964844,35.86000061035156,36.75,27.792991638183594,299100
2012-09-07,36.70000076293945,37.630001068115234,36.470001220703125,37.5099983215332,28.367759704589844,238800
2012-09-10,37.349998474121094,37.720001220703125,36.970001220703125,37.400001525878906,28.284568786621094,357900
2012-09-11,37.459999084472656,38.08000183105469,37.099998474121094,38.02000045776367,28.753459930419922,300900
2012-09-12,38.150001525878906,38.900001525878906,37.66999816894531,37.970001220703125,28.71564292907715,478900
2012-09-13,37.83000183105469,39.22999954223633,37.34000015258789,39.18000030517578,29.630741119384766,400700
2012-09-14,39.41999816894531,39.869998931884766,38.91999816894531,39.27000045776367,29.69879722595215,597900
2012-09-17,39.060001373291016,39.08000183105469,38.61000061035156,38.779998779296875,29.328216552734375,313500
2012-09-18,38.66999816894531,38.869998931884766,38.04999923706055,38.279998779296875,28.95009422302246,467200
2012-09-19,38.400001525878906,38.869998931884766,38.2599983215332,38.720001220703125,29.28285026550293,284700
2012-09-20,38.36000061035156,38.59000015258789,38.02000045776367,38.43000030517578,29.063533782958984,271100
2012-09-21,38.72999954223633,38.779998779296875,37.900001525878906,38.189998626708984,28.88202667236328,800400
2012-09-24,38.02000045776367,38.2400016784668,37.709999084472656,37.849998474121094,28.624881744384766,262900
2012-09-25,38.06999969482422,38.27000045776367,37.27000045776367,37.290000915527344,28.201385498046875,285900
2012-09-26,37.31999969482422,37.380001068115234,36.72999954223633,36.88999938964844,27.898874282836914,177800
2012-09-27,37.0099983215332,37.27000045776367,36.75,37.20000076293945,28.133319854736328,165000
2012-09-28,36.93000030517578,37.119998931884766,36.560001373291016,36.56999969482422,27.656864166259766,323800
2012-10-01,36.2599983215332,36.63999938964844,35.619998931884766,36.20000076293945,27.37704849243164,759200
2012-10-02,36.349998474121094,36.4900016784668,36.04999923706055,36.310001373291016,27.460241317749023,236200
2012-10-03,36.43000030517578,36.70000076293945,36.130001068115234,36.2599983215332,27.422422409057617,361500
2012-10-04,36.5099983215332,36.880001068115234,36.08000183105469,36.869998931884766,27.883737564086914,171600
2012-10-05,37.18000030517578,37.45000076293945,36.939998626708984,37.220001220703125,28.148448944091797,231900
2012-10-08,36.880001068115234,37.130001068115234,36.439998626708984,36.4900016784668,27.596364974975586,316600
2012-10-09,36.61000061035156,37.060001373291016,36.45000076293945,36.709999084472656,27.76275062561035,285100
2012-10-10,36.599998474121094,36.97999954223633,36.36000061035156,36.5099983215332,27.61149024963379,239000
2012-10-11,36.88999938964844,37.5099983215332,36.79999923706055,37.06999969482422,28.035003662109375,195300
2012-10-12,37.02000045776367,37.45000076293945,36.43000030517578,36.630001068115234,27.702245712280273,178600
2012-10-15,36.58000183105469,36.9900016784668,36.060001373291016,36.68000030517578,27.74005699157715,227100
2012-10-16,36.95000076293945,37.90999984741211,36.880001068115234,37.54999923706055,28.39801025390625,199000
2012-10-17,37.5,37.65999984741211,37.0099983215332,37.2599983215332,28.17869758605957,483400
2012-10-18,37.060001373291016,37.310001373291016,36.47999954223633,36.5,27.60392951965332,487200
2012-10-19,36.38999938964844,36.40999984741211,34.27000045776367,34.59000015258789,26.159452438354492,746300
2012-10-22,34.5,34.86000061035156,33.20000076293945,33.720001220703125,25.501495361328125,938300
2012-10-23,32.86000061035156,34.529998779296875,32.56999969482422,34.5,26.09137535095215,1047900
2012-10-24,34.61000061035156,34.81999969482422,34.22999954223633,34.58000183105469,26.15188980102539,323200
2012-10-25,34.90999984741211,35.06999969482422,34.58000183105469,35.04999923706055,26.507339477539062,447500
2012-10-26,34.95000076293945,35.40999984741211,34.93000030517578,35.34000015258789,26.726654052734375,316400
2012-10-31,35.5,36.0,35.25,35.7599983215332,27.04428482055664,524500
2012-11-01,35.529998779296875,36.68000030517578,35.5,36.68000030517578,27.74005699157715,670000
2012-11-02,36.75,37.029998779296875,36.400001525878906,36.880001068115234,27.891307830810547,571200
2012-11-05,36.689998626708984,37.11000061035156,36.04999923706055,36.83000183105469,27.85349464416504,576600
2012-11-06,37.0,37.33000183105469,36.84000015258789,37.02000045776367,27.9971923828125,343900
2012-11-07,34.09000015258789,36.68000030517578,34.09000015258789,36.560001373291016,27.6492977142334,339300
2012-11-08,36.43000030517578,36.540000915527344,35.58000183105469,35.58000183105469,26.908164978027344,283100
2012-11-09,35.349998474121094,35.84000015258789,35.16999816894531,35.25,26.658584594726562,161300
2012-11-12,35.459999084472656,35.470001220703125,34.849998474121094,35.209999084472656,26.628334045410156,278000
2012-11-13,35.040000915527344,36.79999923706055,34.77000045776367,36.209999084472656,27.384613037109375,678500
2012-11-14,36.209999084472656,36.279998779296875,35.720001220703125,35.95000076293945,27.18797492980957,807700
2012-11-15,36.0,36.119998931884766,35.02000045776367,35.04999923706055,26.507339477539062,495200
2012-11-16,35.04999923706055,35.20000076293945,34.45000076293945,34.90999984741211,26.401445388793945,237400
2012-11-19,35.40999984741211,36.22999954223633,35.29999923706055,36.22999954223633,27.39974021911621,265900
2012-11-20,36.060001373291016,36.349998474121094,35.72999954223633,36.349998474121094,27.490480422973633,265500
2012-11-21,36.400001525878906,36.650001525878906,36.33000183105469,36.52000045776367,27.619050979614258,367900
2012-11-23,36.77000045776367,37.06999969482422,36.459999084472656,36.97999954223633,27.966938018798828,71300
2012-11-26,36.68000030517578,37.0,36.66999816894531,36.97999954223633,27.966938018798828,258200
2012-11-27,37.0,37.9900016784668,36.7599983215332,37.540000915527344,28.39045524597168,391000
2012-11-28,37.0099983215332,37.459999084472656,36.029998779296875,37.349998474121094,28.398052215576172,261100
2012-11-29,37.709999084472656,37.869998931884766,37.459999084472656,37.77000045776367,28.717382431030273,233500
2012-11-30,37.88999938964844,38.33000183105469,37.560001373291016,37.72999954223633,28.686965942382812,444300
2012-12-03,38.11000061035156,38.470001220703125,37.08000183105469,37.119998931884766,28.223180770874023,365800
2012-12-04,37.369998931884766,37.630001068115234,36.75,37.0099983215332,28.13954734802246,331700
2012-12-05,37.099998474121094,38.04999923706055,36.58000183105469,37.95000076293945,28.854251861572266,320100
2012-12-06,37.86000061035156,38.11000061035156,37.61000061035156,37.84000015258789,28.77060317993164,194400
2012-12-07,37.97999954223633,38.15999984741211,37.68000030517578,38.09000015258789,28.960683822631836,121000
2012-12-10,38.02000045776367,38.93000030517578,37.959999084472656,38.880001068115234,29.56134605407715,231900
2012-12-11,39.040000915527344,39.25,38.86000061035156,39.099998474121094,29.728601455688477,248600
2012-12-12,39.29999923706055,39.349998474121094,38.72999954223633,38.91999816894531,29.591754913330078,113200
2012-12-13,38.81999969482422,38.959999084472656,38.060001373291016,38.25,29.082340240478516,291800
2012-12-14,38.310001373291016,38.779998779296875,38.0,38.52000045776367,29.287639617919922,137700
2012-12-17,38.720001220703125,38.93000030517578,38.5,38.79999923706055,29.500507354736328,159600
2012-12-18,38.900001525878906,40.36000061035156,38.7599983215332,40.16999816894531,30.54216194152832,695000
2012-12-19,40.0,40.95000076293945,39.810001373291016,39.83000183105469,30.283660888671875,517900
2012-12-20,39.90999984741211,40.02000045776367,39.439998626708984,39.959999084472656,30.382492065429688,237300
2012-12-21,39.220001220703125,39.75,39.060001373291016,39.63999938964844,30.13919448852539,506700
2012-12-24,39.880001068115234,39.880001068115234,39.439998626708984,39.63999938964844,30.13919448852539,85200
2012-12-26,39.77000045776367,39.79999923706055,39.310001373291016,39.56999969482422,30.08596420288086,138400
2012-12-27,39.619998931884766,39.790000915527344,38.61000061035156,39.63999938964844,30.13919448852539,235600
2012-12-28,39.279998779296875,39.59000015258789,38.95000076293945,38.959999084472656,29.622163772583008,102300
2012-12-31,38.83000183105469,39.880001068115234,38.83000183105469,39.790000915527344,30.253238677978516,227100
2013-01-02,40.77000045776367,41.279998779296875,40.619998931884766,40.869998931884766,31.074384689331055,250400
2013-01-03,40.93000030517578,41.060001373291016,40.540000915527344,40.7599983215332,30.990755081176758,221000
2013-01-04,40.810001373291016,41.02000045776367,40.66999816894531,40.93000030517578,31.120018005371094,271800
2013-01-07,40.70000076293945,41.119998931884766,40.65999984741211,41.099998474121094,31.249250411987305,222800
2013-01-08,41.099998474121094,41.29999923706055,40.630001068115234,41.20000076293945,31.32529067993164,198200
2013-01-09,41.38999938964844,41.65999984741211,41.130001068115234,41.59000015258789,31.62181854248047,213200
2013-01-10,41.79999923706055,42.709999084472656,41.130001068115234,42.52000045776367,32.32891082763672,382000
2013-01-11,42.56999969482422,43.220001220703125,42.36000061035156,42.90999984741211,32.62545394897461,830400
2013-01-14,42.90999984741211,43.349998474121094,42.849998474121094,42.959999084472656,32.6634521484375,302700
2013-01-15,42.95000076293945,43.08000183105469,42.720001220703125,42.91999816894531,32.6330451965332,216800
2013-01-16,42.869998931884766,42.880001068115234,42.290000915527344,42.34000015258789,32.19205856323242,251400
2013-01-17,42.65999984741211,42.7599983215332,42.15999984741211,42.45000076293945,32.275691986083984,466800
2013-01-18,42.5,42.56999969482422,42.04999923706055,42.54999923706055,32.35173416137695,155200
2013-01-22,42.599998474121094,42.939998626708984,42.52000045776367,42.59000015258789,32.382144927978516,380500
2013-01-23,42.59000015258789,42.90999984741211,42.41999816894531,42.70000076293945,32.46577835083008,244700
2013-01-24,42.84000015258789,43.2599983215332,42.56999969482422,42.9900016784668,32.686279296875,287000
2013-01-25,43.20000076293945,44.15999984741211,43.16999816894531,43.93000030517578,33.400970458984375,395400
2013-01-28,43.83000183105469,44.029998779296875,43.439998626708984,43.5099983215332,33.081634521484375,291400
2013-01-29,43.68000030517578,43.72999954223633,42.95000076293945,43.220001220703125,32.86114501953125,276900
2013-01-30,43.31999969482422,43.61000061035156,42.83000183105469,42.959999084472656,32.6634521484375,292000
2013-01-31,41.66999816894531,41.66999816894531,37.400001525878906,37.43000030517578,28.458885192871094,2436200
2013-02-01,37.79999923706055,38.0099983215332,36.52000045776367,37.5099983215332,28.51970100402832,799800
2013-02-04,37.220001220703125,37.470001220703125,36.529998779296875,36.65999984741211,27.873428344726562,443900
2013-02-05,36.810001373291016,37.439998626708984,36.72999954223633,37.29999923706055,28.360036849975586,797100
2013-02-06,37.15999984741211,37.5099983215332,36.869998931884766,37.22999954223633,28.306814193725586,592800
2013-02-07,37.2400016784668,37.45000076293945,36.650001525878906,37.11000061035156,28.215585708618164,340900
2013-02-08,37.2400016784668,37.630001068115234,36.95000076293945,37.41999816894531,28.451278686523438,238800
2013-02-11,37.27000045776367,37.310001373291016,36.779998779296875,37.279998779296875,28.344825744628906,390900
2013-02-12,37.34000015258789,38.189998626708984,37.18000030517578,38.119998931884766,28.983503341674805,474800
2013-02-13,38.279998779296875,38.58000183105469,38.209999084472656,38.56999969482422,29.325645446777344,494200
2013-02-14,38.20000076293945,38.650001525878906,38.0099983215332,38.58000183105469,29.3332576751709,323400
2013-02-15,38.529998779296875,39.0099983215332,38.529998779296875,38.720001220703125,29.439693450927734,435400
2013-02-19,38.650001525878906,38.900001525878906,38.5099983215332,38.70000076293945,29.42448616027832,391200
2013-02-20,38.619998931884766,38.70000076293945,37.61000061035156,37.61000061035156,28.595735549926758,529500
2013-02-21,37.459999084472656,37.599998474121094,36.13999938964844,36.540000915527344,27.782194137573242,493300
2013-02-22,36.900001525878906,37.7400016784668,36.70000076293945,37.31999969482422,28.3752384185791,357700
2013-02-25,37.529998779296875,37.619998931884766,36.040000915527344,36.040000915527344,27.40202522277832,261900
2013-02-26,36.2599983215332,36.58000183105469,35.959999084472656,36.31999969482422,27.614917755126953,213500
2013-02-27,36.13999938964844,36.900001525878906,36.13999938964844,36.7599983215332,28.10422134399414,267200
2013-02-28,36.709999084472656,37.08000183105469,36.630001068115234,36.779998779296875,28.119516372680664,240000
2013-03-01,36.439998626708984,36.470001220703125,35.83000183105469,36.380001068115234,27.81369972229004,394000
2013-03-04,36.310001373291016,36.61000061035156,35.81999969482422,36.099998474121094,27.59963607788086,591500
2013-03-05,36.40999984741211,36.849998474121094,36.380001068115234,36.5099983215332,27.913089752197266,203100
2013-03-06,36.75,37.09000015258789,36.540000915527344,36.93000030517578,28.234193801879883,407600
2013-03-07,37.0,37.470001220703125,36.869998931884766,37.290000915527344,28.509428024291992,192300
2013-03-08,37.47999954223633,37.61000061035156,35.900001525878906,37.15999984741211,28.4100341796875,681300
2013-03-11,37.04999923706055,37.04999923706055,36.38999938964844,36.83000183105469,28.157739639282227,432500
2013-03-12,36.689998626708984,36.83000183105469,36.290000915527344,36.4900016784668,27.897798538208008,548500
2013-03-13,36.4900016784668,36.4900016784668,35.34000015258789,35.439998626708984,27.095035552978516,658600
2013-03-14,35.61000061035156,35.65999984741211,35.209999084472656,35.40999984741211,27.072105407714844,741400
2013-03-15,35.369998931884766,35.70000076293945,35.2599983215332,35.560001373291016,27.186786651611328,935600
2013-03-18,34.90999984741211,35.290000915527344,34.720001220703125,35.0099983215332,26.76628875732422,434100
2013-03-19,35.029998779296875,35.27000045776367,34.189998626708984,35.02000045776367,26.7739315032959,727000
2013-03-20,35.2599983215332,35.43000030517578,34.619998931884766,35.06999969482422,26.81216049194336,391500
2013-03-21,34.65999984741211,34.77000045776367,34.2599983215332,34.5,26.37636947631836,614600
2013-03-22,34.58000183105469,34.779998779296875,34.08000183105469,34.15999984741211,26.116432189941406,389700
2013-03-25,34.45000076293945,35.09000015258789,33.72999954223633,34.060001373291016,26.039987564086914,336700
2013-03-26,34.0,34.25,33.790000915527344,33.790000915527344,25.833555221557617,539200
2013-03-27,33.81999969482422,34.119998931884766,33.0,33.97999954223633,25.978816986083984,541100
2013-03-28,33.970001220703125,34.34000015258789,33.869998931884766,34.20000076293945,26.14702796936035,324700
2013-04-01,34.540000915527344,34.540000915527344,33.20000076293945,33.279998779296875,25.443645477294922,457700
2013-04-02,33.439998626708984,33.779998779296875,33.16999816894531,33.720001220703125,25.78004264831543,564300
2013-04-03,33.70000076293945,33.95000076293945,32.689998626708984,33.0,25.22957992553711,781200
2013-04-04,33.130001068115234,33.66999816894531,33.060001373291016,33.540000915527344,25.642427444458008,470400
2013-04-05,33.08000183105469,33.65999984741211,32.970001220703125,33.61000061035156,25.695941925048828,439200
2013-04-08,33.709999084472656,33.7400016784668,33.279998779296875,33.7400016784668,25.795331954956055,315100
2013-04-09,33.900001525878906,34.18000030517578,33.5099983215332,34.0,25.99411392211914,252500
2013-04-10,33.91999816894531,34.529998779296875,33.86000061035156,34.5099983215332,26.384023666381836,365600
2013-04-11,34.52000045776367,35.16999816894531,34.279998779296875,34.93000030517578,26.70513343811035,404500
2013-04-12,34.86000061035156,34.86000061035156,34.25,34.599998474121094,26.452831268310547,379000
2013-04-15,34.43000030517578,34.43000030517578,32.849998474121094,32.880001068115234,25.137834548950195,599400
2013-04-16,33.2400016784668,33.63999938964844,32.95000076293945,33.43000030517578,25.558324813842773,311000
2013-04-17,33.099998474121094,33.11000061035156,32.84000015258789,32.900001525878906,25.15312957763672,437300
2013-04-18,33.22999954223633,33.22999954223633,32.130001068115234,32.40999984741211,24.778501510620117,559500
2013-04-19,32.619998931884766,32.86000061035156,32.2400016784668,32.720001220703125,25.01551055908203,303000
2013-04-22,32.81999969482422,33.27000045776367,32.34000015258789,33.22999954223633,25.405418395996094,430200
2013-04-23,33.470001220703125,35.209999084472656,33.27000045776367,35.13999938964844,26.865678787231445,526700
2013-04-24,35.22999954223633,35.86000061035156,35.220001220703125,35.599998474121094,27.217357635498047,419800
2013-04-25,35.63999938964844,37.0099983215332,35.63999938964844,36.4900016784668,27.897798538208008,663800
2013-04-26,36.150001525878906,36.65999984741211,36.150001525878906,36.470001220703125,27.882505416870117,338800
2013-04-29,36.58000183105469,37.029998779296875,36.36000061035156,36.779998779296875,28.119516372680664,407000
2013-04-30,36.83000183105469,37.75,36.81999969482422,37.560001373291016,28.715850830078125,556300
2013-05-01,34.77000045776367,37.4900016784668,34.310001373291016,35.91999816894531,27.46201515197754,1232400
2013-05-02,36.04999923706055,36.40999984741211,35.77000045776367,36.2599983215332,27.721956253051758,498700
2013-05-03,36.58000183105469,37.70000076293945,36.58000183105469,37.380001068115234,28.578245162963867,331500
2013-05-06,37.5099983215332,37.529998779296875,37.04999923706055,37.220001220703125,28.45591163635254,276600
2013-05-07,37.220001220703125,37.90999984741211,37.220001220703125,37.90999984741211,28.983444213867188,284900
2013-05-08,37.79999923706055,38.54999923706055,37.52000045776367,38.54999923706055,29.472742080688477,377700
2013-05-09,38.439998626708984,38.83000183105469,38.09000015258789,38.16999816894531,29.182199478149414,292800
2013-05-10,38.16999816894531,38.630001068115234,37.959999084472656,38.619998931884766,29.526248931884766,172200
2013-05-13,38.470001220703125,38.560001373291016,37.70000076293945,37.7400016784668,28.85346221923828,240500
2013-05-14,37.70000076293945,38.349998474121094,37.70000076293945,38.150001525878906,29.166927337646484,223400
2013-05-15,37.95000076293945,38.619998931884766,37.84000015258789,38.5099983215332,29.442155838012695,229800
2013-05-16,38.349998474121094,38.560001373291016,38.16999816894531,38.220001220703125,29.220441818237305,315600
2013-05-17,38.47999954223633,40.7599983215332,38.43000030517578,40.36000061035156,30.856529235839844,623300
2013-05-20,40.25,40.27000045776367,39.75,39.86000061035156,30.474275588989258,361100
2013-05-21,39.97999954223633,40.93000030517578,39.97999954223633,40.75,31.154705047607422,316200
2013-05-22,40.66999816894531,41.2400016784668,40.040000915527344,40.13999938964844,30.6883487701416,692200
2013-05-23,39.599998474121094,40.459999084472656,38.689998626708984,40.22999954223633,30.757160186767578,329900
2013-05-24,40.0,40.45000076293945,39.7599983215332,40.29999923706055,30.8106632232666,153600
2013-05-28,40.790000915527344,41.04999923706055,40.31999969482422,40.599998474121094,31.040023803710938,325100
2013-05-29,40.16999816894531,40.650001525878906,40.099998474121094,40.529998779296875,31.139909744262695,111200
2013-05-30,40.72999954223633,40.900001525878906,40.54999923706055,40.7599983215332,31.316625595092773,279200
2013-05-31,40.560001373291016,41.380001068115234,40.560001373291016,40.939998626708984,31.454919815063477,236200
2013-06-03,41.060001373291016,41.099998474121094,39.9900016784668,40.279998779296875,30.947826385498047,304200
2013-06-04,40.209999084472656,40.66999816894531,39.689998626708984,39.720001220703125,30.5175724029541,314900
2013-06-05,39.650001525878906,39.90999984741211,38.68000030517578,38.7599983215332,29.77998924255371,288500
2013-06-06,38.650001525878906,39.20000076293945,38.369998931884766,39.0099983215332,29.972057342529297,385700
2013-06-07,39.18000030517578,39.47999954223633,38.279998779296875,39.06999969482422,30.01816177368164,150000
2013-06-10,39.189998626708984,39.189998626708984,38.54999923706055,38.869998931884766,29.864501953125,189700
2013-06-11,37.86000061035156,38.34000015258789,37.54999923706055,37.849998474121094,29.0808048248291,409300
2013-06-12,38.220001220703125,38.41999816894531,37.630001068115234,37.689998626708984,28.957874298095703,150000
2013-06-13,37.560001373291016,38.2400016784668,37.380001068115234,38.0099983215332,29.203750610351562,234100
2013-06-14,37.91999816894531,38.11000061035156,37.33000183105469,37.38999938964844,28.727386474609375,356100
2013-06-17,37.38999938964844,38.939998626708984,37.38999938964844,38.439998626708984,29.534122467041016,539800
2013-06-18,38.54999923706055,39.209999084472656,38.54999923706055,38.880001068115234,29.8721866607666,346700
2013-06-19,39.31999969482422,39.790000915527344,38.380001068115234,38.459999084472656,29.549489974975586,316700
2013-06-20,38.150001525878906,38.150001525878906,37.63999938964844,37.810001373291016,29.050077438354492,342600
2013-06-21,38.040000915527344,38.040000915527344,37.2599983215332,37.79999923706055,29.042400360107422,522100
2013-06-24,37.310001373291016,37.59000015258789,36.93000030517578,37.06999969482422,28.481529235839844,339900
2013-06-25,37.529998779296875,37.7400016784668,36.810001373291016,37.369998931884766,28.712024688720703,207100
2013-06-26,37.7400016784668,37.83000183105469,37.349998474121094,37.560001373291016,28.85801124572754,150100
2013-06-27,37.790000915527344,38.209999084472656,37.790000915527344,37.97999954223633,29.180696487426758,126700
2013-06-28,38.04999923706055,38.36000061035156,37.38999938964844,37.41999816894531,28.75044059753418,236800
2013-07-01,37.68000030517578,38.599998474121094,37.68000030517578,38.349998474121094,29.46497917175293,217100
2013-07-02,38.18000030517578,38.95000076293945,37.689998626708984,37.79999923706055,29.042400360107422,385000
2013-07-03,37.470001220703125,37.79999923706055,37.18000030517578,37.61000061035156,28.896421432495117,277800
2013-07-05,37.939998626708984,38.16999816894531,37.45000076293945,37.79999923706055,29.042400360107422,196800
2013-07-08,37.91999816894531,38.0,37.63999938964844,37.68000030517578,28.950206756591797,272200
2013-07-09,38.02000045776367,39.95000076293945,37.959999084472656,39.61000061035156,30.433061599731445,226600
2013-07-10,39.61000061035156,40.38999938964844,39.61000061035156,40.09000015258789,30.801847457885742,221000
2013-07-11,40.779998779296875,41.099998474121094,40.16999816894531,40.31999969482422,30.978559494018555,167700
2013-07-12,40.27000045776367,40.31999969482422,39.7599983215332,39.79999923706055,30.57903480529785,248900
2013-07-15,39.79999923706055,39.939998626708984,39.099998474121094,39.13999938964844,30.071943283081055,288800
2013-07-16,39.279998779296875,39.75,39.0099983215332,39.08000183105469,30.025846481323242,405900
2013-07-17,39.369998931884766,39.63999938964844,39.08000183105469,39.20000076293945,30.118053436279297,219100
2013-07-18,39.02000045776367,40.41999816894531,39.02000045776367,40.150001525878906,30.84795570373535,342200
2013-07-19,40.029998779296875,40.150001525878906,39.68000030517578,39.880001068115234,30.640504837036133,245100
2013-07-22,39.86000061035156,40.29999923706055,39.83000183105469,40.06999969482422,30.786479949951172,170700
2013-07-23,40.310001373291016,40.97999954223633,40.310001373291016,40.7400016784668,31.301252365112305,220100
2013-07-24,40.84000015258789,40.88999938964844,40.040000915527344,40.11000061035156,30.81722640991211,182600
2013-07-25,39.86000061035156,40.130001068115234,39.150001525878906,39.9900016784668,30.725011825561523,370000
2013-07-26,39.720001220703125,40.2400016784668,39.439998626708984,39.83000183105469,30.60209083557129,110900
2013-07-29,39.779998779296875,40.09000015258789,39.47999954223633,39.900001525878906,30.65587615966797,188400
2013-07-30,40.02000045776367,41.27000045776367,39.88999938964844,41.220001220703125,31.670047760009766,335300
2013-07-31,41.43000030517578,41.56999969482422,40.939998626708984,41.02000045776367,31.516368865966797,301000
2013-08-01,40.5,41.2400016784668,39.130001068115234,40.18000030517578,30.87099838256836,961000
2013-08-02,40.099998474121094,40.209999084472656,39.400001525878906,39.70000076293945,30.5022029876709,237100
2013-08-05,39.540000915527344,39.7599983215332,39.060001373291016,39.540000915527344,30.379261016845703,247100
2013-08-06,39.380001068115234,39.58000183105469,39.0,39.43000030517578,30.294757843017578,149600
2013-08-07,39.150001525878906,39.56999969482422,39.119998931884766,39.40999984741211,30.279394149780273,160100
2013-08-08,39.70000076293945,39.970001220703125,39.27000045776367,39.75,30.540616989135742,73700
2013-08-09,39.540000915527344,40.33000183105469,39.34000015258789,40.150001525878906,30.84795570373535,254300
2013-08-12,39.83000183105469,40.22999954223633,39.75,39.95000076293945,30.694278717041016,211500
2013-08-13,39.849998474121094,40.09000015258789,39.70000076293945,40.060001373291016,30.7788028717041,135300
2013-08-14,40.06999969482422,40.720001220703125,40.040000915527344,40.66999816894531,31.247467041015625,167300
2013-08-15,40.2599983215332,40.68000030517578,40.209999084472656,40.310001373291016,30.970884323120117,258800
2013-08-16,40.20000076293945,40.4900016784668,40.060001373291016,40.25,30.92477798461914,227900
2013-08-19,40.04999923706055,40.65999984741211,39.95000076293945,40.0,30.732704162597656,254300
2013-08-20,40.09000015258789,40.5,39.9900016784668,40.310001373291016,30.970884323120117,188800
2013-08-21,40.27000045776367,40.56999969482422,39.810001373291016,39.91999816894531,30.671232223510742,228500
2013-08-22,40.08000183105469,41.099998474121094,39.79999923706055,40.90999984741211,31.431867599487305,160200
2013-08-23,41.0,41.36000061035156,40.66999816894531,41.16999816894531,31.631620407104492,132300
2013-08-26,41.279998779296875,41.650001525878906,41.029998779296875,41.279998779296875,31.716135025024414,176100
2013-08-27,40.83000183105469,41.02000045776367,39.86000061035156,40.04999923706055,30.77112579345703,161300
2013-08-28,39.849998474121094,40.189998626708984,39.68000030517578,39.86000061035156,30.77884292602539,220100
2013-08-29,39.790000915527344,40.4900016784668,39.790000915527344,40.22999954223633,31.064538955688477,97800
2013-08-30,40.25,40.47999954223633,39.75,39.9900016784668,30.87921714782715,227500
2013-09-03,40.47999954223633,40.88999938964844,39.13999938964844,39.689998626708984,30.647558212280273,561800
2013-09-04,39.66999816894531,40.40999984741211,39.41999816894531,39.7400016784668,30.686180114746094,317500
2013-09-05,39.70000076293945,40.310001373291016,39.70000076293945,39.970001220703125,30.863784790039062,210100
2013-09-06,40.099998474121094,40.7599983215332,39.61000061035156,40.310001373291016,31.126317977905273,193000
2013-09-09,40.22999954223633,40.59000015258789,40.06999969482422,40.529998779296875,31.296178817749023,240600
2013-09-10,40.84000015258789,41.2400016784668,40.720001220703125,40.900001525878906,31.581905364990234,315200
2013-09-11,40.810001373291016,41.04999923706055,40.560001373291016,41.0,31.659114837646484,150100
2013-09-12,40.95000076293945,41.09000015258789,40.59000015258789,40.79999923706055,31.50469207763672,142800
2013-09-13,41.0,41.619998931884766,40.83000183105469,41.599998474121094,32.12241744995117,173100
2013-09-16,42.0,42.29999923706055,41.7599983215332,42.060001373291016,32.47761535644531,486000
2013-09-17,42.040000915527344,42.08000183105469,41.75,42.04999923706055,32.46989822387695,218700
2013-09-18,42.0,42.43000030517578,41.75,42.13999938964844,32.53939437866211,252600
2013-09-19,42.33000183105469,43.02000045776367,42.119998931884766,42.970001220703125,33.1802978515625,426700
2013-09-20,43.18000030517578,43.36000061035156,42.130001068115234,42.2599983215332,32.632049560546875,507800
2013-09-23,42.2599983215332,42.40999984741211,41.72999954223633,42.08000183105469,32.49305725097656,473400
2013-09-24,42.15999984741211,42.779998779296875,41.939998626708984,42.209999084472656,32.59344482421875,333700
2013-09-25,42.29999923706055,42.470001220703125,41.95000076293945,42.29999923706055,32.662940979003906,339600
2013-09-26,42.459999084472656,42.720001220703125,42.34000015258789,42.68000030517578,32.95635986328125,161100
2013-09-27,42.540000915527344,42.72999954223633,42.310001373291016,42.529998779296875,32.84054946899414,203300
2013-09-30,42.18000030517578,42.93000030517578,42.04999923706055,42.709999084472656,32.979530334472656,262000
2013-10-01,42.650001525878906,43.599998474121094,42.560001373291016,43.09000015258789,33.272953033447266,545100
2013-10-02,42.58000183105469,43.09000015258789,42.2400016784668,42.66999816894531,32.948638916015625,420400
2013-10-03,42.650001525878906,42.84000015258789,41.59000015258789,42.47999954223633,32.80192565917969,288300
2013-10-04,42.540000915527344,43.5,42.29999923706055,43.33000183105469,33.45827865600586,713400
2013-10-07,43.150001525878906,43.459999084472656,42.95000076293945,43.11000061035156,33.28841018676758,380900
2013-10-08,43.11000061035156,43.27000045776367,42.13999938964844,42.4900016784668,32.80964660644531,286600
2013-10-09,42.689998626708984,42.83000183105469,42.09000015258789,42.4900016784668,32.80964660644531,214600
2013-10-10,43.0,43.47999954223633,42.88999938964844,43.459999084472656,33.55866622924805,116100
2013-10-11,43.47999954223633,43.86000061035156,43.08000183105469,43.83000183105469,33.84436798095703,100500
2013-10-14,43.52000045776367,44.060001373291016,43.31999969482422,44.029998779296875,33.998809814453125,197900
2013-10-15,44.0,44.220001220703125,43.790000915527344,43.97999954223633,33.9601936340332,167800
2013-10-16,44.11000061035156,44.540000915527344,44.02000045776367,44.2599983215332,34.17640686035156,188100
2013-10-17,44.040000915527344,45.04999923706055,44.040000915527344,44.709999084472656,34.52389144897461,311700
2013-10-18,44.81999969482422,45.66999816894531,44.59000015258789,45.33000183105469,35.00263977050781,240800
2013-10-21,45.560001373291016,45.630001068115234,45.13999938964844,45.43000030517578,35.0798454284668,194100
2013-10-22,45.59000015258789,46.29999923706055,45.5099983215332,46.060001373291016,35.566307067871094,317000
2013-10-23,45.88999938964844,46.31999969482422,45.630001068115234,46.099998474121094,35.59719467163086,174800
2013-10-24,46.20000076293945,46.38999938964844,45.84000015258789,46.029998779296875,35.543148040771484,178200
2013-10-25,46.22999954223633,46.22999954223633,45.599998474121094,46.189998626708984,35.66669845581055,94300
2013-10-28,46.040000915527344,46.189998626708984,45.56999969482422,46.029998779296875,35.543148040771484,358300
2013-10-29,46.150001525878906,46.65999984741211,45.689998626708984,46.54999923706055,35.944679260253906,243800
2013-10-30,46.709999084472656,47.5,46.15999984741211,46.959999084472656,36.26126480102539,430900
2013-10-31,46.86000061035156,47.189998626708984,46.54999923706055,46.61000061035156,35.99101638793945,263000
2013-11-01,46.599998474121094,47.04999923706055,46.31999969482422,46.709999084472656,36.06822967529297,265400
2013-11-04,46.68000030517578,46.939998626708984,46.470001220703125,46.709999084472656,36.06822967529297,298000
2013-11-05,46.33000183105469,47.0,46.15999984741211,46.630001068115234,36.00645065307617,238700
2013-11-06,46.900001525878906,47.560001373291016,46.720001220703125,47.18000030517578,36.4311408996582,208000
2013-11-07,47.2599983215332,47.2599983215332,46.470001220703125,46.47999954223633,35.890621185302734,205900
2013-11-08,46.54999923706055,47.7400016784668,46.54999923706055,47.619998931884766,36.770912170410156,189000
2013-11-11,47.47999954223633,47.91999816894531,47.36000061035156,47.70000076293945,36.83268356323242,300800
2013-11-12,47.689998626708984,48.209999084472656,47.47999954223633,48.09000015258789,37.133811950683594,383100
2013-11-13,47.91999816894531,48.220001220703125,47.68000030517578,47.959999084472656,37.033443450927734,338700
2013-11-14,48.09000015258789,48.09000015258789,47.54999923706055,47.93000030517578,37.010276794433594,148600
2013-11-15,47.970001220703125,48.2400016784668,47.59000015258789,48.040000915527344,37.09523010253906,134300
2013-11-18,48.25,48.7400016784668,47.709999084472656,48.02000045776367,37.07975387573242,290300
2013-11-19,47.86000061035156,48.47999954223633,47.86000061035156,48.150001525878906,37.180152893066406,143900
2013-11-20,48.16999816894531,48.34000015258789,47.720001220703125,47.790000915527344,36.90217590332031,129400
2013-11-21,48.0,48.41999816894531,48.0,48.34000015258789,37.32687759399414,172800
2013-11-22,48.34000015258789,49.20000076293945,48.060001373291016,49.06999969482422,37.89055633544922,149400
2013-11-25,49.08000183105469,49.279998779296875,48.790000915527344,48.93000030517578,37.78245162963867,158000
2013-11-26,48.58000183105469,48.970001220703125,48.5099983215332,48.709999084472656,37.76693344116211,117200
2013-11-27,48.75,48.83000183105469,48.2599983215332,48.650001525878906,37.720436096191406,75700
2013-11-29,48.709999084472656,49.58000183105469,48.68000030517578,48.79999923706055,37.83671569824219,100000
2013-12-02,48.84000015258789,49.72999954223633,48.63999938964844,49.2400016784668,38.17788314819336,176300
2013-12-03,49.02000045776367,49.130001068115234,47.90999984741211,48.27000045776367,37.42580032348633,295600
2013-12-04,48.0,48.77000045776367,47.790000915527344,48.369998931884766,37.503326416015625,189100
2013-12-05,48.18000030517578,48.900001525878906,48.15999984741211,48.779998779296875,37.82121658325195,213200
2013-12-06,49.11000061035156,49.529998779296875,48.790000915527344,49.439998626708984,38.33293914794922,219000
2013-12-09,49.31999969482422,49.56999969482422,49.150001525878906,49.439998626708984,38.33293914794922,177000
2013-12-10,49.25,49.95000076293945,49.150001525878906,49.459999084472656,38.34845733642578,183400
2013-12-11,49.470001220703125,49.560001373291016,48.47999954223633,48.5099983215332,37.611873626708984,225800
2013-12-12,48.58000183105469,48.9900016784668,48.459999084472656,48.7599983215332,37.805702209472656,182100
2013-12-13,48.91999816894531,48.95000076293945,48.47999954223633,48.650001525878906,37.720436096191406,153500
2013-12-16,48.849998474121094,49.59000015258789,48.310001373291016,48.68000030517578,37.74369430541992,453100
2013-12-17,48.63999938964844,49.36000061035156,48.54999923706055,49.029998779296875,38.01506042480469,532100
2013-12-18,49.13999938964844,49.90999984741211,48.66999816894531,49.79999923706055,38.612064361572266,183900
2013-12-19,49.779998779296875,50.25,49.68000030517578,49.970001220703125,38.74387741088867,288200
2013-12-20,49.95000076293945,50.7400016784668,49.95000076293945,50.599998474121094,39.232322692871094,368700
2013-12-23,50.93000030517578,51.0,50.38999938964844,50.61000061035156,39.240089416503906,182200
2013-12-24,50.599998474121094,51.31999969482422,50.540000915527344,51.150001525878906,39.658782958984375,44700
2013-12-26,51.369998931884766,51.369998931884766,50.81999969482422,50.93000030517578,39.488197326660156,143600
2013-12-27,51.34000015258789,51.4900016784668,50.97999954223633,51.41999816894531,39.86811828613281,98800
2013-12-30,51.459999084472656,51.52000045776367,51.209999084472656,51.47999954223633,39.91462707519531,103600
2013-12-31,51.439998626708984,51.720001220703125,51.31999969482422,51.400001525878906,39.85261154174805,116100
2014-01-02,51.13999938964844,51.22999954223633,50.529998779296875,51.18000030517578,39.68205261230469,262000
2014-01-03,51.20000076293945,51.52000045776367,50.720001220703125,51.04999923706055,39.58123779296875,126700
2014-01-06,51.40999984741211,51.40999984741211,50.0,50.720001220703125,39.32539749145508,363400
2014-01-07,50.849998474121094,51.02000045776367,50.529998779296875,50.75,39.34864044189453,292600
2014-01-08,50.75,50.83000183105469,50.33000183105469,50.79999923706055,39.38740921020508,288100
2014-01-09,51.02000045776367,51.52000045776367,50.939998626708984,51.16999816894531,39.674285888671875,210600
2014-01-10,51.31999969482422,51.77000045776367,50.9900016784668,51.689998626708984,40.07746124267578,132300
2014-01-13,51.5,51.83000183105469,50.54999923706055,50.84000015258789,39.41843032836914,92500
2014-01-14,51.040000915527344,52.06999969482422,50.88999938964844,51.75,40.12397766113281,207900
2014-01-15,51.93000030517578,52.43000030517578,51.869998931884766,51.93000030517578,40.26355743408203,215700
2014-01-16,51.84000015258789,52.060001373291016,51.630001068115234,51.97999954223633,40.302310943603516,124300
2014-01-17,51.93000030517578,52.13999938964844,51.61000061035156,51.810001373291016,40.170509338378906,77400
2014-01-21,52.0099983215332,52.02000045776367,50.880001068115234,51.0,39.542484283447266,219400
2014-01-22,51.0,51.0,50.560001373291016,50.63999938964844,39.26335144042969,208000
2014-01-23,49.7599983215332,50.189998626708984,48.70000076293945,49.060001373291016,38.03831481933594,485700
2014-01-24,49.06999969482422,49.06999969482422,47.619998931884766,47.63999938964844,36.93733596801758,215400
2014-01-27,47.83000183105469,47.83000183105469,46.9900016784668,47.08000183105469,36.50313186645508,283600
2014-01-28,47.27000045776367,47.5,47.06999969482422,47.25,36.63493728637695,306400
2014-01-29,47.150001525878906,47.65999984741211,46.939998626708984,47.31999969482422,36.689208984375,363000
2014-01-30,49.54999923706055,51.630001068115234,47.02000045776367,47.470001220703125,36.805503845214844,499600
2014-01-31,47.040000915527344,49.75,47.029998779296875,48.66999816894531,37.73593521118164,437300
2014-02-03,48.779998779296875,49.119998931884766,46.2400016784668,46.27000045776367,35.87510299682617,671600
2014-02-04,47.380001068115234,48.0,46.45000076293945,46.66999816894531,36.185245513916016,437800
2014-02-05,46.63999938964844,47.63999938964844,46.290000915527344,47.439998626708984,36.78226089477539,449800
2014-02-06,47.619998931884766,48.630001068115234,47.34000015258789,48.400001525878906,37.526588439941406,294800
2014-02-07,48.900001525878906,49.2599983215332,48.459999084472656,48.900001525878906,37.91425704956055,346400
2014-02-10,49.040000915527344,49.41999816894531,48.709999084472656,48.959999084472656,37.96078109741211,361300
2014-02-11,49.130001068115234,50.209999084472656,49.130001068115234,50.0,38.767127990722656,353500
2014-02-12,49.880001068115234,50.43000030517578,49.7400016784668,49.9900016784668,38.75939178466797,274200
2014-02-13,49.540000915527344,50.68000030517578,49.540000915527344,50.4900016784668,39.14705276489258,226700
2014-02-14,51.130001068115234,52.45000076293945,50.970001220703125,52.40999984741211,40.635704040527344,267700
2014-02-18,52.47999954223633,52.970001220703125,51.970001220703125,52.18000030517578,40.45737838745117,354600
2014-02-19,52.13999938964844,52.459999084472656,51.79999923706055,52.15999984741211,40.44186782836914,204500
2014-02-20,52.130001068115234,53.599998474121094,52.060001373291016,53.54999923706055,41.519596099853516,370300
2014-02-21,53.66999816894531,53.81999969482422,53.290000915527344,53.33000183105469,41.34902572631836,156900
2014-02-24,53.189998626708984,53.650001525878906,52.790000915527344,53.04999923706055,41.13192367553711,433700
2014-02-25,53.060001373291016,53.70000076293945,52.81999969482422,53.2599983215332,41.29475402832031,216200
2014-02-26,53.150001525878906,54.54999923706055,53.04999923706055,54.0099983215332,42.03409957885742,257400
2014-02-27,53.939998626708984,54.45000076293945,53.619998931884766,54.349998474121094,42.2987060546875,253400
2014-02-28,54.290000915527344,54.869998931884766,54.08000183105469,54.13999938964844,42.13527297973633,148800
2014-03-03,53.75,54.709999084472656,53.52000045776367,54.43000030517578,42.36096954345703,246100
2014-03-04,55.0,55.66999816894531,54.70000076293945,55.41999816894531,43.13145065307617,312000
2014-03-05,55.45000076293945,55.7599983215332,54.7400016784668,54.90999984741211,42.73453140258789,283300
2014-03-06,55.09000015258789,55.619998931884766,55.029998779296875,55.130001068115234,42.90576171875,204000
2014-03-07,55.29999923706055,55.369998931884766,54.709999084472656,55.13999938964844,42.913543701171875,256200
2014-03-10,55.02000045776367,55.189998626708984,54.52000045776367,55.040000915527344,42.835716247558594,247800
2014-03-11,55.08000183105469,55.43000030517578,54.61000061035156,54.72999954223633,42.59444808959961,189700
2014-03-12,54.45000076293945,54.7599983215332,54.040000915527344,54.72999954223633,42.59444808959961,190600
2014-03-13,55.220001220703125,55.810001373291016,54.439998626708984,54.540000915527344,42.44658660888672,292500
2014-03-14,54.279998779296875,55.25,53.91999816894531,54.97999954223633,42.78903579711914,297800
2014-03-17,55.25,55.9900016784668,55.189998626708984,55.29999923706055,43.038063049316406,246300
2014-03-18,55.529998779296875,56.20000076293945,55.27000045776367,56.18000030517578,43.722938537597656,239500
2014-03-19,56.02000045776367,56.79999923706055,55.959999084472656,56.599998474121094,44.049808502197266,232100
2014-03-20,56.279998779296875,56.97999954223633,56.279998779296875,56.81999969482422,44.22104263305664,151600
2014-03-21,57.27000045776367,58.130001068115234,56.4900016784668,57.59000015258789,44.8203010559082,384000
2014-03-24,58.15999984741211,58.15999984741211,56.869998931884766,57.2599983215332,44.563453674316406,133500
2014-03-25,57.720001220703125,58.15999984741211,57.279998779296875,58.11000061035156,45.2249870300293,208900
2014-03-26,58.470001220703125,58.470001220703125,56.43000030517578,56.4900016784668,43.964195251464844,164600
2014-03-27,56.630001068115234,56.91999816894531,56.02000045776367,56.630001068115234,44.073158264160156,248500
2014-03-28,56.689998626708984,57.54999923706055,56.560001373291016,56.959999084472656,44.329986572265625,225700
2014-03-31,57.5099983215332,59.279998779296875,57.33000183105469,59.060001373291016,45.96434020996094,314600
2014-04-01,59.130001068115234,59.66999816894531,58.880001068115234,59.61000061035156,46.39238739013672,289000
2014-04-02,59.66999816894531,59.88999938964844,59.41999816894531,59.70000076293945,46.462432861328125,351800
2014-04-03,59.86000061035156,59.869998931884766,59.18000030517578,59.529998779296875,46.33012008666992,316700
2014-04-04,60.040000915527344,60.11000061035156,58.65999984741211,59.2599983215332,46.1199836730957,267000
2014-04-07,59.11000061035156,59.5,57.279998779296875,57.59000015258789,44.8203010559082,167300
2014-04-08,57.56999969482422,58.5,57.56999969482422,58.31999969482422,45.38843536376953,166600
2014-04-09,58.4900016784668,58.959999084472656,58.02000045776367,58.75,45.723079681396484,363100
2014-04-10,58.7400016784668,58.88999938964844,57.52000045776367,57.7599983215332,44.95259094238281,137000
2014-04-11,57.27000045776367,57.650001525878906,56.83000183105469,56.959999084472656,44.329986572265625,243500
2014-04-14,57.40999984741211,57.4900016784668,56.47999954223633,57.0099983215332,44.368892669677734,269500
2014-04-15,57.150001525878906,57.720001220703125,56.75,57.56999969482422,44.80472946166992,192400
2014-04-16,58.060001373291016,58.650001525878906,57.68000030517578,58.54999923706055,45.56742477416992,150700
2014-04-17,58.4900016784668,59.369998931884766,58.36000061035156,59.11000061035156,46.00325012207031,103000
2014-04-21,59.22999954223633,59.81999969482422,58.97999954223633,59.7599983215332,46.50913619995117,322000
2014-04-22,59.91999816894531,60.150001525878906,59.47999954223633,59.5,46.30677032470703,181900
2014-04-23,59.68000030517578,59.79999923706055,59.099998474121094,59.189998626708984,46.06550598144531,144200
2014-04-24,59.619998931884766,59.619998931884766,58.400001525878906,58.619998931884766,45.62191390991211,222200
2014-04-25,58.349998474121094,58.61000061035156,57.93000030517578,58.06999969482422,45.19385528564453,116300
2014-04-28,58.279998779296875,58.369998931884766,55.810001373291016,56.27000045776367,43.79298782348633,402200
2014-04-29,56.65999984741211,57.52000045776367,56.36000061035156,56.880001068115234,44.267723083496094,307700
2014-04-30,56.75,57.97999954223633,56.599998474121094,57.79999923706055,44.98371887207031,340100
2014-05-01,57.939998626708984,58.31999969482422,56.02000045776367,57.61000061035156,44.83585739135742,520800
2014-05-02,57.5,58.31999969482422,57.459999084472656,57.63999938964844,44.85920715332031,305300
2014-05-05,57.439998626708984,58.34000015258789,56.970001220703125,58.150001525878906,45.25611877441406,221900
2014-05-06,57.77000045776367,59.08000183105469,57.709999084472656,58.279998779296875,45.3572883605957,264100
2014-05-07,58.5,58.70000076293945,57.77000045776367,58.59000015258789,45.59855651855469,487900
2014-05-08,58.529998779296875,59.45000076293945,58.34000015258789,58.9900016784668,45.90986633300781,331100
2014-05-09,58.9900016784668,59.15999984741211,58.349998474121094,58.560001373291016,45.575218200683594,166800
2014-05-12,58.61000061035156,59.95000076293945,58.61000061035156,59.91999816894531,46.633636474609375,206200
2014-05-13,59.97999954223633,61.459999084472656,59.380001068115234,59.650001525878906,46.423519134521484,480400
2014-05-14,59.349998474121094,59.52000045776367,58.310001373291016,58.40999984741211,45.458473205566406,346800
2014-05-15,58.290000915527344,58.689998626708984,56.16999816894531,56.400001525878906,43.894161224365234,642400
2014-05-16,56.61000061035156,56.70000076293945,56.09000015258789,56.529998779296875,43.995330810546875,355300
2014-05-19,56.459999084472656,57.150001525878906,56.08000183105469,56.209999084472656,43.746280670166016,341400
2014-05-20,56.06999969482422,56.16999816894531,55.04999923706055,55.4900016784668,43.1859245300293,401800
2014-05-21,55.72999954223633,56.45000076293945,55.38999938964844,56.279998779296875,43.8007698059082,323500
2014-05-22,56.279998779296875,56.61000061035156,55.79999923706055,56.040000915527344,43.613983154296875,209000
2014-05-23,56.04999923706055,56.93000030517578,55.88999938964844,56.61000061035156,44.05759048461914,186200
2014-05-27,56.900001525878906,57.13999938964844,55.84000015258789,56.130001068115234,43.684024810791016,293100
2014-05-28,56.0099983215332,56.40999984741211,55.810001373291016,56.29999923706055,43.98874282836914,200000
2014-05-29,56.5,56.79999923706055,55.95000076293945,56.61000061035156,44.23094940185547,123000
2014-05-30,56.61000061035156,57.02000045776367,56.41999816894531,56.54999923706055,44.18408203125,160400
2014-06-02,56.65999984741211,57.25,55.91999816894531,57.2400016784668,44.723201751708984,307600
2014-06-03,57.369998931884766,57.93000030517578,57.0,57.7400016784668,45.113861083984375,257500
2014-06-04,57.630001068115234,59.04999923706055,57.560001373291016,59.0099983215332,46.10614013671875,355900
2014-06-05,59.06999969482422,59.470001220703125,58.61000061035156,59.45000076293945,46.449920654296875,171300
2014-06-06,59.70000076293945,59.97999954223633,59.189998626708984,59.41999816894531,46.426490783691406,216800
2014-06-09,59.369998931884766,59.900001525878906,59.33000183105469,59.45000076293945,46.449920654296875,218500
2014-06-10,59.29999923706055,59.63999938964844,58.849998474121094,59.61000061035156,46.57493209838867,100400
2014-06-11,59.43000030517578,59.939998626708984,59.209999084472656,59.5099983215332,46.49679946899414,266400
2014-06-12,59.41999816894531,59.68000030517578,58.869998931884766,59.06999969482422,46.153018951416016,189000
2014-06-13,59.08000183105469,59.720001220703125,58.869998931884766,59.189998626708984,46.24677658081055,127600
2014-06-16,59.06999969482422,59.83000183105469,58.90999984741211,59.75,46.684322357177734,256200
2014-06-17,59.72999954223633,60.869998931884766,59.58000183105469,60.29999923706055,47.11405944824219,514600
2014-06-18,60.38999938964844,60.61000061035156,59.68000030517578,59.9900016784668,46.871856689453125,180200
2014-06-19,60.220001220703125,60.220001220703125,59.529998779296875,59.70000076293945,46.6452522277832,148800
2014-06-20,59.70000076293945,59.7599983215332,59.33000183105469,59.56999969482422,46.54368209838867,371700
2014-06-23,59.709999084472656,59.77000045776367,59.41999816894531,59.4900016784668,46.481178283691406,177400
2014-06-24,59.31999969482422,59.68000030517578,58.5099983215332,58.560001373291016,45.75455093383789,143100
2014-06-25,58.540000915527344,59.04999923706055,58.22999954223633,58.70000076293945,45.863929748535156,391900
2014-06-26,58.540000915527344,58.810001373291016,58.13999938964844,58.22999954223633,45.49669647216797,250300
2014-06-27,57.849998474121094,58.18000030517578,57.63999938964844,58.0,45.31700897216797,455900
2014-06-30,58.130001068115234,58.34000015258789,57.38999938964844,57.9900016784668,45.30918884277344,418100
2014-07-01,58.2599983215332,58.95000076293945,57.939998626708984,58.599998474121094,45.78579330444336,535500
2014-07-02,58.47999954223633,58.68000030517578,58.25,58.470001220703125,45.68422317504883,206200
2014-07-03,58.709999084472656,59.119998931884766,58.540000915527344,58.619998931884766,45.801429748535156,196100
2014-07-07,58.45000076293945,58.65999984741211,57.93000030517578,58.290000915527344,45.543582916259766,226400
2014-07-08,58.119998931884766,58.119998931884766,57.41999816894531,57.61000061035156,45.01228332519531,299000
2014-07-09,57.77000045776367,58.16999816894531,57.58000183105469,57.900001525878906,45.238868713378906,230400
2014-07-10,56.2400016784668,57.59000015258789,56.2400016784668,57.279998779296875,44.75443649291992,298200
2014-07-11,57.349998474121094,57.5,57.06999969482422,57.150001525878906,44.65287399291992,183100
2014-07-14,57.5099983215332,57.81999969482422,57.15999984741211,57.68000030517578,45.06697082519531,217300
2014-07-15,57.790000915527344,58.2400016784668,57.400001525878906,58.029998779296875,45.3404426574707,203800
2014-07-16,58.36000061035156,58.400001525878906,57.4900016784668,57.81999969482422,45.17637252807617,289700
2014-07-17,57.81999969482422,58.099998474121094,56.849998474121094,56.90999984741211,44.46535873413086,171200
2014-07-18,57.0099983215332,57.220001220703125,56.61000061035156,56.91999816894531,44.47317123413086,235800
2014-07-21,56.650001525878906,56.709999084472656,56.119998931884766,56.59000015258789,44.21533966064453,299500
2014-07-22,56.7400016784668,57.279998779296875,56.7400016784668,57.220001220703125,44.70755386352539,213300
2014-07-23,57.349998474121094,57.65999984741211,56.970001220703125,57.59000015258789,44.99665832519531,167900
2014-07-24,57.540000915527344,58.2599983215332,57.04999923706055,58.08000183105469,45.37950897216797,337500
2014-07-25,57.91999816894531,58.279998779296875,56.93000030517578,57.11000061035156,44.62162780761719,367200
2014-07-28,57.099998474121094,57.099998474121094,56.380001068115234,56.61000061035156,44.23094940185547,207400
2014-07-29,56.65999984741211,56.86000061035156,55.290000915527344,55.400001525878906,43.28555679321289,527400
2014-07-30,55.619998931884766,55.97999954223633,55.15999984741211,55.349998474121094,43.246482849121094,299800
2014-07-31,53.72999954223633,54.68000030517578,51.68000030517578,52.38999938964844,40.93376541137695,771400
2014-08-01,51.9900016784668,53.0,51.529998779296875,52.869998931884766,41.30879211425781,656500
2014-08-04,52.97999954223633,53.15999984741211,52.41999816894531,53.0,41.41035461425781,346800
2014-08-05,52.63999938964844,53.06999969482422,52.119998931884766,52.40999984741211,40.949378967285156,283700
2014-08-06,52.029998779296875,52.689998626708984,52.029998779296875,52.56999969482422,41.07439041137695,341500
2014-08-07,52.79999923706055,52.79999923706055,51.84000015258789,52.16999816894531,40.76185989379883,343400
2014-08-08,52.189998626708984,53.41999816894531,51.849998474121094,53.369998931884766,41.6994514465332,457400
2014-08-11,53.66999816894531,53.66999816894531,52.790000915527344,52.84000015258789,41.285369873046875,338800
2014-08-12,52.72999954223633,53.11000061035156,52.619998931884766,53.02000045776367,41.42599105834961,349300
2014-08-13,53.02000045776367,53.810001373291016,52.77000045776367,53.59000015258789,41.87135314941406,747600
2014-08-14,53.70000076293945,53.81999969482422,53.02000045776367,53.68000030517578,41.9416618347168,171800
2014-08-15,53.91999816894531,54.02000045776367,53.060001373291016,53.630001068115234,41.902587890625,216400
2014-08-18,54.119998931884766,54.220001220703125,53.77000045776367,53.84000015258789,42.06667709350586,205400
2014-08-19,53.86000061035156,54.47999954223633,53.560001373291016,54.38999938964844,42.496395111083984,298200
2014-08-20,54.25,54.470001220703125,53.97999954223633,54.290000915527344,42.41828536987305,182200
2014-08-21,54.33000183105469,54.369998931884766,53.689998626708984,54.279998779296875,42.410465240478516,409700
2014-08-22,54.209999084472656,54.209999084472656,53.7400016784668,53.970001220703125,42.16825485229492,220600
2014-08-25,54.13999938964844,54.18000030517578,53.15999984741211,53.90999984741211,42.121376037597656,366200
2014-08-26,54.11000061035156,54.16999816894531,53.88999938964844,53.9900016784668,42.18388366699219,257300
2014-08-27,53.970001220703125,54.220001220703125,53.880001068115234,54.20000076293945,42.52122116088867,258600
2014-08-28,54.06999969482422,54.95000076293945,53.90999984741211,54.81999969482422,43.007625579833984,261600
2014-08-29,55.0,55.0099983215332,54.31999969482422,54.779998779296875,42.97624588012695,177200
2014-09-02,54.959999084472656,55.209999084472656,54.5,54.58000183105469,42.819339752197266,371500
2014-09-03,54.95000076293945,55.06999969482422,54.52000045776367,54.54999923706055,42.79582214355469,239200
2014-09-04,54.75,54.86000061035156,54.040000915527344,54.25,42.560447692871094,265900
2014-09-05,54.33000183105469,54.58000183105469,53.779998779296875,54.2400016784668,42.552608489990234,181600
2014-09-08,54.25,54.91999816894531,54.16999816894531,54.400001525878906,42.678123474121094,325500
2014-09-09,54.16999816894531,54.36000061035156,53.66999816894531,53.84000015258789,42.238800048828125,379900
2014-09-10,53.7599983215332,54.459999084472656,53.720001220703125,54.22999954223633,42.54475784301758,222100
2014-09-11,53.81999969482422,54.43000030517578,53.810001373291016,54.18000030517578,42.50552749633789,317800
2014-09-12,54.22999954223633,54.459999084472656,53.90999984741211,54.20000076293945,42.52122116088867,247200
2014-09-15,54.16999816894531,54.459999084472656,54.0,54.22999954223633,42.54475784301758,263100
2014-09-16,54.150001525878906,55.369998931884766,53.869998931884766,55.349998474121094,43.42342758178711,420600
2014-09-17,55.58000183105469,55.97999954223633,55.15999984741211,55.439998626708984,43.494041442871094,385300
2014-09-18,55.5,55.68000030517578,55.04999923706055,55.099998474121094,43.22728729248047,203200
2014-09-19,55.130001068115234,55.29999923706055,54.0,54.45000076293945,42.71734619140625,1002000
2014-09-22,54.20000076293945,54.20000076293945,53.290000915527344,53.459999084472656,41.940670013427734,320900
2014-09-23,53.400001525878906,53.619998931884766,52.93000030517578,53.119998931884766,41.67393493652344,331100
2014-09-24,53.04999923706055,53.439998626708984,52.779998779296875,53.02000045776367,41.59547805786133,321600
2014-09-25,52.65999984741211,52.900001525878906,51.599998474121094,51.84000015258789,40.66973876953125,329700
2014-09-26,51.7400016784668,52.08000183105469,51.560001373291016,51.91999816894531,40.73249053955078,288600
2014-09-29,51.369998931884766,51.68000030517578,50.790000915527344,51.22999954223633,40.19119644165039,440200
2014-09-30,51.22999954223633,51.22999954223633,50.36000061035156,50.77000045776367,39.83029556274414,429000
2014-10-01,50.79999923706055,50.86000061035156,49.369998931884766,49.400001525878906,38.75551223754883,564000
2014-10-02,49.380001068115234,49.560001373291016,48.470001220703125,49.0,38.44169998168945,408100
2014-10-03,49.33000183105469,49.529998779296875,48.79999923706055,48.869998931884766,38.33970642089844,667400
2014-10-06,49.18000030517578,49.59000015258789,49.09000015258789,49.09000015258789,38.512298583984375,217000
2014-10-07,48.810001373291016,48.939998626708984,47.810001373291016,47.849998474121094,37.53948974609375,381100
2014-10-08,47.900001525878906,48.5,47.22999954223633,48.47999954223633,38.03373718261719,301500
2014-10-09,48.47999954223633,48.540000915527344,46.97999954223633,47.0099983215332,36.88048553466797,393600
2014-10-10,47.0099983215332,47.540000915527344,45.630001068115234,45.630001068115234,35.7978401184082,568900
2014-10-13,45.40999984741211,45.970001220703125,44.58000183105469,44.619998931884766,35.00547790527344,429400
2014-10-14,44.970001220703125,45.029998779296875,44.130001068115234,44.279998779296875,34.73874282836914,500000
2014-10-15,43.38999938964844,44.400001525878906,43.0,43.689998626708984,34.2758674621582,1277600
2014-10-16,42.72999954223633,44.86000061035156,42.72999954223633,44.619998931884766,35.00547790527344,1027800
2014-10-17,45.029998779296875,45.86000061035156,45.0,45.4900016784668,35.688018798828125,407100
2014-10-20,45.45000076293945,47.25,45.45000076293945,47.18000030517578,37.013858795166016,481000
2014-10-21,47.7400016784668,48.72999954223633,47.40999984741211,48.58000183105469,38.1121940612793,336200
2014-10-22,48.81999969482422,49.689998626708984,47.7599983215332,47.810001373291016,37.508113861083984,451100
2014-10-23,48.47999954223633,49.380001068115234,48.040000915527344,48.81999969482422,38.30048751831055,276000
2014-10-24,48.790000915527344,49.29999923706055,48.47999954223633,49.25,38.63782501220703,234600
2014-10-27,48.630001068115234,48.7400016784668,46.099998474121094,46.4900016784668,36.47254180908203,888400
2014-10-28,46.630001068115234,48.400001525878906,46.529998779296875,48.29999923706055,37.89253616333008,563500
2014-10-29,48.36000061035156,48.36000061035156,43.400001525878906,44.56999969482422,34.96623992919922,1186800
2014-10-30,44.20000076293945,45.47999954223633,43.59000015258789,45.06999969482422,35.3585090637207,523800
2014-10-31,45.619998931884766,46.45000076293945,45.220001220703125,46.43000030517578,36.42547607421875,478600
2014-11-03,46.540000915527344,47.02000045776367,45.849998474121094,45.849998474121094,35.970436096191406,571000
2014-11-04,46.0099983215332,46.27000045776367,44.279998779296875,44.47999954223633,34.89564514160156,466600
2014-11-05,44.81999969482422,45.77000045776367,44.529998779296875,45.75,35.89198684692383,498800
2014-11-06,45.81999969482422,46.880001068115234,45.599998474121094,46.83000183105469,36.73927307128906,479500
2014-11-07,46.779998779296875,47.18000030517578,46.529998779296875,46.849998474121094,36.75496292114258,484500
2014-11-10,46.81999969482422,47.119998931884766,46.40999984741211,46.86000061035156,36.76280975341797,434500
2014-11-11,46.77000045776367,47.290000915527344,46.72999954223633,47.04999923706055,36.91187286376953,282700
2014-11-12,46.900001525878906,47.41999816894531,46.75,47.369998931884766,37.16291427612305,341000
2014-11-13,47.34000015258789,47.38999938964844,46.52000045776367,46.939998626708984,36.82557678222656,602200
2014-11-14,46.900001525878906,46.90999984741211,45.90999984741211,46.029998779296875,36.111656188964844,645800
2014-11-17,46.08000183105469,46.150001525878906,45.34000015258789,45.599998474121094,35.77430725097656,440000
2014-11-18,45.709999084472656,46.08000183105469,45.63999938964844,45.83000183105469,35.95475387573242,498700
2014-11-19,45.650001525878906,45.849998474121094,44.900001525878906,45.36000061035156,35.586036682128906,479300
2014-11-20,45.20000076293945,46.40999984741211,45.20000076293945,46.31999969482422,36.33917236328125,305400
2014-11-21,46.95000076293945,47.33000183105469,46.38999938964844,46.779998779296875,36.70004653930664,289700
2014-11-24,46.83000183105469,47.060001373291016,46.310001373291016,46.880001068115234,36.778499603271484,344600
2014-11-25,46.720001220703125,47.20000076293945,46.15999984741211,46.290000915527344,36.48686981201172,309400
2014-11-26,46.36000061035156,46.36000061035156,45.18000030517578,45.27000045776367,35.682865142822266,394600
2014-11-28,45.0099983215332,45.11000061035156,42.90999984741211,43.08000183105469,33.9566650390625,354600
2014-12-01,42.959999084472656,43.2599983215332,42.63999938964844,43.02000045776367,33.909366607666016,439200
2014-12-02,42.83000183105469,43.66999816894531,42.83000183105469,43.29999923706055,34.130069732666016,303200
2014-12-03,43.349998474121094,44.38999938964844,43.189998626708984,43.84000015258789,34.55571746826172,325200
2014-12-04,43.70000076293945,43.93000030517578,43.25,43.63999938964844,34.3980712890625,310700
2014-12-05,43.310001373291016,43.41999816894531,42.0099983215332,42.25,33.302433013916016,694100
2014-12-08,41.97999954223633,42.33000183105469,41.2599983215332,41.439998626708984,32.66396713256836,392200
2014-12-09,40.880001068115234,41.88999938964844,40.79999923706055,41.790000915527344,32.93986129760742,506500
2014-12-10,41.439998626708984,41.619998931884766,39.970001220703125,39.9900016784668,31.52106285095215,281900
2014-12-11,40.099998474121094,40.849998474121094,39.9900016784668,40.150001525878906,31.64717674255371,303200
2014-12-12,39.86000061035156,40.060001373291016,39.40999984741211,39.63999938964844,31.245174407958984,545200
2014-12-15,39.970001220703125,40.20000076293945,39.5,39.939998626708984,31.481639862060547,700900
2014-12-16,39.83000183105469,41.20000076293945,39.619998931884766,40.59000015258789,31.99397850036621,503800
2014-12-17,40.849998474121094,41.79999923706055,40.470001220703125,41.619998931884766,32.80586242675781,471000
2014-12-18,42.540000915527344,42.54999923706055,41.709999084472656,42.5099983215332,33.50737380981445,339700
2014-12-19,42.77000045776367,43.2599983215332,42.619998931884766,43.2400016784668,34.08278274536133,551200
2014-12-22,43.279998779296875,43.599998474121094,42.84000015258789,43.529998779296875,34.31135559082031,306600
2014-12-23,43.709999084472656,43.9900016784668,43.540000915527344,43.77000045776367,34.500545501708984,245600
2014-12-24,43.66999816894531,44.0,43.29999923706055,43.90999984741211,34.61088943481445,135500
2014-12-26,44.02000045776367,44.18000030517578,43.7400016784668,43.79999923706055,34.5241813659668,247300
2014-12-29,43.65999984741211,44.2400016784668,43.54999923706055,43.90999984741211,34.61088943481445,189500
2014-12-30,43.810001373291016,44.560001373291016,43.810001373291016,44.150001525878906,34.80006408691406,199100
2014-12-31,44.34000015258789,44.380001068115234,43.58000183105469,43.86000061035156,34.57148742675781,598400
2015-01-02,43.869998931884766,43.970001220703125,43.41999816894531,43.79999923706055,34.5241813659668,414200
2015-01-05,43.400001525878906,43.52000045776367,43.029998779296875,43.279998779296875,34.11430740356445,512500
2015-01-06,43.290000915527344,43.34000015258789,42.560001373291016,42.77000045776367,33.71231460571289,521800
2015-01-07,43.130001068115234,43.380001068115234,42.52000045776367,42.900001525878906,33.814781188964844,403700
2015-01-08,43.20000076293945,44.34000015258789,42.900001525878906,44.22999954223633,34.86312484741211,553100
2015-01-09,44.29999923706055,44.4900016784668,43.130001068115234,43.16999816894531,34.02759552001953,403900
2015-01-12,43.130001068115234,43.41999816894531,42.0,42.2599983215332,33.31032180786133,603000
2015-01-13,42.369998931884766,43.119998931884766,41.099998474121094,41.61000061035156,32.797977447509766,733500
2015-01-14,41.77000045776367,42.22999954223633,41.04999923706055,41.84000015258789,32.979251861572266,754500
2015-01-15,42.130001068115234,42.29999923706055,41.06999969482422,41.22999954223633,32.49845504760742,301800
2015-01-16,40.959999084472656,41.630001068115234,40.7400016784668,41.58000183105469,32.77432632446289,296400
2015-01-20,41.790000915527344,42.0099983215332,40.779998779296875,41.369998931884766,32.60879898071289,302100
2015-01-21,41.38999938964844,42.27000045776367,41.130001068115234,42.18000030517578,33.24726104736328,317700
2015-01-22,42.630001068115234,43.029998779296875,42.02000045776367,42.939998626708984,33.8463020324707,393600
2015-01-23,42.86000061035156,43.0,41.02000045776367,41.2599983215332,32.5220832824707,415300
2015-01-26,41.16999816894531,41.7400016784668,40.88999938964844,41.630001068115234,32.81373977661133,454100
2015-01-27,41.040000915527344,41.63999938964844,40.40999984741211,41.20000076293945,32.47480010986328,342900
2015-01-28,41.779998779296875,42.0099983215332,40.33000183105469,40.369998931884766,31.820581436157227,592500
2015-01-29,42.29999923706055,43.40999984741211,40.52000045776367,43.119998931884766,33.988197326660156,1496400
2015-01-30,42.630001068115234,43.15999984741211,42.279998779296875,42.40999984741211,33.42855453491211,612100
2015-02-02,42.619998931884766,43.150001525878906,41.77000045776367,42.9900016784668,33.88572311401367,477300
2015-02-03,43.400001525878906,45.439998626708984,43.400001525878906,45.38999938964844,35.777469635009766,663100
2015-02-04,45.060001373291016,45.63999938964844,44.56999969482422,45.20000076293945,35.62770462036133,616700
2015-02-05,45.540000915527344,46.0,45.27000045776367,45.959999084472656,36.226749420166016,533200
2015-02-06,46.11000061035156,46.40999984741211,45.83000183105469,46.2599983215332,36.46321105957031,539500
2015-02-09,46.040000915527344,46.9900016784668,46.040000915527344,46.84000015258789,36.92039108276367,354200
2015-02-10,47.02000045776367,47.279998779296875,46.189998626708984,46.75,36.84945297241211,342800
2015-02-11,46.52000045776367,46.880001068115234,46.25,46.529998779296875,36.6760368347168,179200
2015-02-12,47.060001373291016,47.36000061035156,46.880001068115234,47.13999938964844,37.156856536865234,284200
2015-02-13,47.22999954223633,47.349998474121094,46.86000061035156,47.040000915527344,37.07802963256836,276900
2015-02-17,46.75,47.939998626708984,46.380001068115234,47.86000061035156,37.724369049072266,511100
2015-02-18,47.560001373291016,47.61000061035156,46.65999984741211,46.81999969482422,36.90461730957031,354200
2015-02-19,46.349998474121094,47.369998931884766,45.939998626708984,47.18000030517578,37.188377380371094,271600
2015-02-20,46.959999084472656,47.040000915527344,46.119998931884766,46.790000915527344,36.8809814453125,518600
2015-02-23,46.43000030517578,46.7599983215332,46.040000915527344,46.630001068115234,36.75486755371094,322700
2015-02-24,46.720001220703125,47.119998931884766,46.349998474121094,46.869998931884766,36.94404220581055,256400
2015-02-25,46.630001068115234,46.77000045776367,45.95000076293945,46.18000030517578,36.57181930541992,356000
2015-02-26,46.04999923706055,46.06999969482422,45.310001373291016,45.43000030517578,35.97785949707031,359700
2015-02-27,45.59000015258789,45.59000015258789,44.9900016784668,45.119998931884766,35.73236083984375,473500
2015-03-02,45.099998474121094,45.849998474121094,44.52000045776367,45.790000915527344,36.262962341308594,384300
2015-03-03,45.599998474121094,45.810001373291016,45.18000030517578,45.5099983215332,36.04121398925781,234100
2015-03-04,45.33000183105469,45.72999954223633,45.16999816894531,45.599998474121094,36.112483978271484,358500
2015-03-05,45.689998626708984,45.810001373291016,45.22999954223633,45.779998779296875,36.255035400390625,241000
2015-03-06,45.599998474121094,45.720001220703125,45.25,45.529998779296875,36.05706024169922,461600
2015-03-09,45.459999084472656,45.709999084472656,44.65999984741211,44.84000015258789,35.510616302490234,420400
2015-03-10,44.349998474121094,45.0099983215332,43.849998474121094,43.849998474121094,34.72659683227539,298100
2015-03-11,44.040000915527344,44.130001068115234,43.4900016784668,43.939998626708984,34.79787063598633,316200
2015-03-12,44.130001068115234,44.43000030517578,43.66999816894531,44.0,34.84538650512695,312200
2015-03-13,43.810001373291016,44.06999969482422,43.4900016784668,43.83000183105469,34.710758209228516,278200
2015-03-16,43.91999816894531,43.91999816894531,43.20000076293945,43.40999984741211,34.378143310546875,382600
2015-03-17,43.13999938964844,43.43000030517578,42.77000045776367,42.970001220703125,34.029693603515625,447400
2015-03-18,42.91999816894531,43.97999954223633,42.540000915527344,43.61000061035156,34.53651809692383,518300
2015-03-19,43.45000076293945,43.45000076293945,42.95000076293945,43.25,34.25143814086914,371200
2015-03-20,43.2400016784668,43.72999954223633,43.099998474121094,43.2599983215332,34.25935363769531,636700
2015-03-23,43.189998626708984,43.90999984741211,43.189998626708984,43.290000915527344,34.28312301635742,482600
2015-03-24,43.22999954223633,43.59000015258789,42.880001068115234,43.52000045776367,34.46525192260742,549800
2015-03-25,43.83000183105469,44.0,43.369998931884766,43.380001068115234,34.3543815612793,313800
2015-03-26,43.4900016784668,43.790000915527344,42.77000045776367,43.0,34.05344009399414,387700
2015-03-27,43.25,43.52000045776367,42.630001068115234,42.97999954223633,34.0376091003418,373400
2015-03-30,43.31999969482422,44.56999969482422,43.0099983215332,44.29999923706055,35.08295822143555,274400
2015-03-31,44.099998474121094,45.13999938964844,43.95000076293945,45.0,35.6373291015625,553500
2015-04-01,45.02000045776367,45.439998626708984,44.36000061035156,44.88999938964844,35.55022048950195,394000
2015-04-02,44.7400016784668,45.56999969482422,44.72999954223633,45.27000045776367,35.851139068603516,401200
2015-04-06,45.279998779296875,46.41999816894531,45.279998779296875,46.25,36.62725830078125,573100
2015-04-07,46.31999969482422,46.560001373291016,45.58000183105469,45.65999984741211,36.16000747680664,444200
2015-04-08,45.77000045776367,45.79999923706055,45.310001373291016,45.439998626708984,35.98578643798828,265300
2015-04-09,45.36000061035156,45.689998626708984,45.150001525878906,45.59000015258789,36.104576110839844,290600
2015-04-10,45.630001068115234,46.09000015258789,45.439998626708984,46.06999969482422,36.48469924926758,156700
2015-04-13,46.029998779296875,46.13999938964844,45.56999969482422,46.08000183105469,36.49262237548828,207600
2015-04-14,46.099998474121094,46.470001220703125,45.56999969482422,45.79999923706055,36.27088165283203,178200
2015-04-15,46.119998931884766,47.27000045776367,45.75,46.970001220703125,37.19744873046875,346000
2015-04-16,46.88999938964844,46.88999938964844,45.880001068115234,45.88999938964844,36.342159271240234,211300
2015-04-17,45.59000015258789,45.79999923706055,44.97999954223633,45.33000183105469,35.89867401123047,314800
2015-04-20,45.470001220703125,46.130001068115234,45.15999984741211,46.02000045776367,36.445106506347656,270000
2015-04-21,46.119998931884766,46.119998931884766,44.939998626708984,45.119998931884766,35.73236083984375,332600
2015-04-22,45.060001373291016,45.880001068115234,44.849998474121094,45.869998931884766,36.326316833496094,207500
2015-04-23,45.849998474121094,46.220001220703125,45.470001220703125,45.810001373291016,36.2787971496582,203200
2015-04-24,45.86000061035156,46.2400016784668,45.31999969482422,45.68000030517578,36.17584228515625,132200
2015-04-27,45.7599983215332,45.90999984741211,45.34000015258789,45.61000061035156,36.12040710449219,400500
2015-04-28,45.43000030517578,46.20000076293945,45.380001068115234,46.18000030517578,36.57181930541992,196300
2015-04-29,46.0,46.7599983215332,44.63999938964844,45.38999938964844,35.94619369506836,1169100
2015-04-30,47.11000061035156,48.0,41.02000045776367,42.7400016784668,33.8475456237793,2461100
2015-05-01,42.61000061035156,44.72999954223633,42.4900016784668,43.959999084472656,34.8137092590332,601700
2015-05-04,43.95000076293945,44.5099983215332,43.599998474121094,43.650001525878906,34.568206787109375,517400
2015-05-05,43.38999938964844,43.97999954223633,41.91999816894531,42.04999923706055,33.30109786987305,560000
2015-05-06,42.4900016784668,42.52000045776367,41.83000183105469,42.029998779296875,33.2852668762207,400400
2015-05-07,41.849998474121094,42.79999923706055,41.63999938964844,42.77000045776367,33.87129211425781,542300
2015-05-08,43.290000915527344,43.5,42.9900016784668,43.119998931884766,34.14847946166992,215900
2015-05-11,43.0,43.119998931884766,42.63999938964844,42.72999954223633,33.83962631225586,395200
2015-05-12,42.650001525878906,42.9900016784668,41.95000076293945,42.400001525878906,33.578285217285156,561600
2015-05-13,42.52000045776367,43.040000915527344,42.22999954223633,42.970001220703125,34.029693603515625,354000
2015-05-14,43.02000045776367,43.540000915527344,42.810001373291016,43.279998779296875,34.27519226074219,571400
2015-05-15,43.2400016784668,43.34000015258789,42.88999938964844,43.189998626708984,34.20390319824219,336400
2015-05-18,43.130001068115234,43.619998931884766,42.68000030517578,43.52000045776367,34.46525192260742,687700
2015-05-19,43.58000183105469,43.66999816894531,43.209999084472656,43.43000030517578,34.393985748291016,493600
2015-05-20,43.540000915527344,43.720001220703125,43.06999969482422,43.34000015258789,34.32270812988281,1118000
2015-05-21,43.349998474121094,43.75,42.88999938964844,43.15999984741211,34.18015670776367,469900
2015-05-22,42.93000030517578,43.369998931884766,42.849998474121094,43.209999084472656,34.21974182128906,277700
2015-05-26,42.7599983215332,43.130001068115234,41.849998474121094,42.40999984741211,33.586204528808594,416200
2015-05-27,42.15999984741211,42.5,41.779998779296875,42.29999923706055,33.673770904541016,435900
2015-05-28,42.02000045776367,42.150001525878906,41.59000015258789,41.83000183105469,33.29961013793945,264400
2015-05-29,41.75,41.9900016784668,41.34000015258789,41.470001220703125,33.01302719116211,433200
2015-06-01,41.66999816894531,41.880001068115234,41.02000045776367,41.13999938964844,32.75032424926758,577300
2015-06-02,41.16999816894531,41.7400016784668,41.06999969482422,41.45000076293945,32.99711608886719,857500
2015-06-03,41.66999816894531,42.06999969482422,41.439998626708984,41.709999084472656,33.20408630371094,435700
2015-06-04,41.47999954223633,41.779998779296875,41.220001220703125,41.38999938964844,32.94934844970703,238000
2015-06-05,41.31999969482422,41.709999084472656,41.08000183105469,41.54999923706055,33.07672119140625,168600
2015-06-08,41.47999954223633,41.790000915527344,41.16999816894531,41.290000915527344,32.8697395324707,171800
2015-06-09,41.34000015258789,41.72999954223633,41.189998626708984,41.529998779296875,33.060794830322266,295900
2015-06-10,41.86000061035156,42.18000030517578,41.79999923706055,41.869998931884766,33.33145523071289,478500
2015-06-11,41.88999938964844,42.099998474121094,41.7400016784668,41.900001525878906,33.35533905029297,294100
2015-06-12,41.68000030517578,41.86000061035156,41.5099983215332,41.720001220703125,33.21205520629883,370000
2015-06-15,41.5,41.68000030517578,41.040000915527344,41.25,32.837886810302734,336400
2015-06-16,41.25,41.68000030517578,41.06999969482422,41.4900016784668,33.02894973754883,360500
2015-06-17,41.599998474121094,41.84000015258789,41.189998626708984,41.2599983215332,32.84585189819336,210200
2015-06-18,41.41999816894531,41.7599983215332,41.0,41.650001525878906,33.15631866455078,298500
2015-06-19,41.599998474121094,41.75,41.290000915527344,41.29999923706055,32.87770462036133,302700
2015-06-22,41.560001373291016,41.7400016784668,41.369998931884766,41.58000183105469,33.10059356689453,345000
2015-06-23,41.529998779296875,41.779998779296875,41.2599983215332,41.290000915527344,32.8697395324707,373800
2015-06-24,41.2599983215332,41.2599983215332,40.709999084472656,41.0099983215332,32.64684295654297,285200
2015-06-25,41.04999923706055,41.2400016784668,40.83000183105469,41.150001525878906,32.75828170776367,361500
2015-06-26,41.18000030517578,41.369998931884766,40.689998626708984,40.689998626708984,32.392093658447266,713100
2015-06-29,40.38999938964844,40.650001525878906,37.91999816894531,37.97999954223633,30.234750747680664,1513900
2015-06-30,38.5099983215332,38.5099983215332,37.2400016784668,37.290000915527344,29.68545913696289,894100
2015-07-01,37.650001525878906,38.0,37.33000183105469,37.349998474121094,29.73321533203125,491600
2015-07-02,37.4900016784668,37.849998474121094,37.439998626708984,37.810001373291016,30.099411010742188,780500
2015-07-06,37.31999969482422,37.689998626708984,37.189998626708984,37.29999923706055,29.693416595458984,550200
2015-07-07,37.25,37.540000915527344,36.54999923706055,37.4900016784668,29.844675064086914,477800
2015-07-08,37.34000015258789,37.459999084472656,36.79999923706055,37.369998931884766,29.7491455078125,820700
2015-07-09,37.880001068115234,37.900001525878906,36.9900016784668,37.220001220703125,29.62973403930664,797400
2015-07-10,37.7599983215332,37.90999984741211,37.22999954223633,37.86000061035156,30.139211654663086,572200
2015-07-13,38.150001525878906,38.59000015258789,37.91999816894531,38.27000045776367,30.465600967407227,482700
2015-07-14,38.33000183105469,38.59000015258789,38.209999084472656,38.47999954223633,30.632783889770508,314000
2015-07-15,38.34000015258789,38.470001220703125,37.599998474121094,37.61000061035156,29.940204620361328,312000
2015-07-16,37.650001525878906,37.790000915527344,37.47999954223633,37.529998779296875,29.87652015686035,365900
2015-07-17,37.45000076293945,37.45000076293945,36.59000015258789,36.66999816894531,29.191890716552734,266400
2015-07-20,36.599998474121094,36.599998474121094,36.20000076293945,36.31999969482422,28.913270950317383,228600
2015-07-21,36.290000915527344,36.79999923706055,36.08000183105469,36.119998931884766,28.754051208496094,201100
2015-07-22,35.970001220703125,36.13999938964844,35.599998474121094,35.72999954223633,28.443588256835938,219200
2015-07-23,35.86000061035156,36.15999984741211,35.65999984741211,35.83000183105469,28.5231876373291,282300
2015-07-24,35.75,35.88999938964844,34.540000915527344,34.79999923706055,27.7032470703125,293000
2015-07-27,34.5,34.61000061035156,34.16999816894531,34.349998474121094,27.345016479492188,276300
2015-07-28,34.5,35.209999084472656,34.20000076293945,35.04999923706055,27.90225601196289,504800
2015-07-29,34.93000030517578,35.61000061035156,34.84000015258789,35.38999938964844,28.172922134399414,354400
2015-07-30,35.380001068115234,35.529998779296875,35.150001525878906,35.38999938964844,28.172922134399414,438400
2015-07-31,35.5099983215332,35.68000030517578,35.11000061035156,35.18000030517578,28.00574493408203,496500
2015-08-03,35.08000183105469,35.150001525878906,34.4900016784668,34.810001373291016,27.71120262145996,317600
2015-08-04,34.529998779296875,35.04999923706055,33.959999084472656,34.099998474121094,27.145992279052734,567600
2015-08-05,34.060001373291016,35.029998779296875,33.91999816894531,34.43000030517578,27.4086971282959,423400
2015-08-06,34.5,34.9900016784668,34.189998626708984,34.689998626708984,27.615665435791016,311800
2015-08-07,34.529998779296875,34.959999084472656,33.81999969482422,33.900001525878906,26.986783981323242,277100
2015-08-10,34.02000045776367,34.83000183105469,33.970001220703125,34.79999923706055,27.7032470703125,566100
2015-08-11,34.29999923706055,34.349998474121094,33.7400016784668,33.939998626708984,27.018625259399414,427500
2015-08-12,33.630001068115234,34.349998474121094,33.5,34.15999984741211,27.193758010864258,428000
2015-08-13,34.029998779296875,34.060001373291016,33.52000045776367,33.689998626708984,26.819602966308594,355200
2015-08-14,33.75,34.7599983215332,33.75,34.709999084472656,27.63160514831543,405900
2015-08-17,34.63999938964844,35.209999084472656,34.349998474121094,35.029998779296875,27.88633155822754,346600
2015-08-18,34.81999969482422,35.0099983215332,34.02000045776367,34.470001220703125,27.44054412841797,254900
2015-08-19,34.18000030517578,34.31999969482422,33.75,34.099998474121094,27.145992279052734,503400
2015-08-20,33.7400016784668,34.20000076293945,33.560001373291016,33.93000030517578,27.01066017150879,384600
2015-08-21,33.529998779296875,33.90999984741211,33.22999954223633,33.25,26.46933937072754,762400
2015-08-24,33.59000015258789,34.099998474121094,31.100000381469727,32.689998626708984,26.023534774780273,577900
2015-08-25,33.599998474121094,33.63999938964844,31.969999313354492,32.0099983215332,25.482206344604492,590300
2015-08-26,32.349998474121094,32.959999084472656,31.84000015258789,32.84000015258789,26.323867797851562,360500
2015-08-27,33.33000183105469,34.5099983215332,33.13999938964844,33.9900016784668,27.24567985534668,383000
2015-08-28,33.66999816894531,34.279998779296875,33.29999923706055,33.93000030517578,27.197586059570312,310500
2015-08-31,33.59000015258789,34.20000076293945,33.130001068115234,33.869998931884766,27.149484634399414,314800
2015-09-01,33.18000030517578,33.529998779296875,32.849998474121094,32.900001525878906,26.371963500976562,268900
2015-09-02,33.290000915527344,33.540000915527344,32.529998779296875,33.529998779296875,26.876953125,329300
2015-09-03,33.63999938964844,34.189998626708984,33.59000015258789,34.06999969482422,27.309803009033203,277400
2015-09-04,33.52000045776367,33.91999816894531,33.38999938964844,33.5099983215332,26.86092758178711,311900
2015-09-08,34.040000915527344,35.31999969482422,33.790000915527344,35.29999923706055,28.295753479003906,448400
2015-09-09,35.630001068115234,35.70000076293945,34.02000045776367,34.06999969482422,27.309803009033203,342200
2015-09-10,33.970001220703125,34.47999954223633,33.79999923706055,34.349998474121094,27.534255981445312,345600
2015-09-11,34.130001068115234,34.130001068115234,33.59000015258789,34.060001373291016,27.30179214477539,216100
2015-09-14,33.970001220703125,34.11000061035156,33.150001525878906,33.529998779296875,26.876953125,181400
2015-09-15,33.650001525878906,33.95000076293945,33.43000030517578,33.83000183105469,27.117435455322266,154400
2015-09-16,33.97999954223633,35.040000915527344,33.91999816894531,34.88999938964844,27.96710205078125,208500
2015-09-17,34.91999816894531,35.02000045776367,34.43000030517578,34.529998779296875,27.67853355407715,192400
2015-09-18,33.959999084472656,34.119998931884766,33.599998474121094,33.93000030517578,27.197586059570312,605200
2015-09-21,34.15999984741211,34.5,33.70000076293945,33.810001373291016,27.10139274597168,238700
2015-09-22,33.2599983215332,33.43000030517578,32.619998931884766,32.83000183105469,26.315847396850586,307400
2015-09-23,32.83000183105469,33.040000915527344,32.130001068115234,32.150001525878906,25.770776748657227,237400
2015-09-24,31.81999969482422,32.310001373291016,31.1299991607666,32.25,25.850933074951172,322700
2015-09-25,32.4900016784668,32.52000045776367,31.979999542236328,32.15999984741211,25.778785705566406,135100
2015-09-28,32.15999984741211,32.15999984741211,31.139999389648438,31.25,25.04935073852539,231900
2015-09-29,31.25,31.3799991607666,30.700000762939453,30.899999618530273,24.768798828125,443200
2015-09-30,31.260000228881836,31.68000030517578,31.040000915527344,31.559999465942383,25.2978458404541,344700
2015-10-01,31.770000457763672,31.950000762939453,31.030000686645508,31.770000457763672,25.46617889404297,333900
2015-10-02,31.3799991607666,32.470001220703125,31.18000030517578,32.470001220703125,26.027284622192383,288700
2015-10-05,32.849998474121094,34.15999984741211,32.68000030517578,33.52000045776367,26.868938446044922,577700
2015-10-06,33.59000015258789,34.709999084472656,33.54999923706055,34.38999938964844,27.566303253173828,358900
2015-10-07,34.70000076293945,35.9900016784668,34.52000045776367,35.29999923706055,28.295753479003906,740400
2015-10-08,35.2400016784668,37.31999969482422,35.029998779296875,37.2400016784668,29.85081672668457,509200
2015-10-09,37.31999969482422,37.84000015258789,36.529998779296875,36.61000061035156,29.345823287963867,524000
2015-10-12,36.66999816894531,36.7599983215332,36.15999984741211,36.36000061035156,29.145421981811523,296600
2015-10-13,35.97999954223633,36.88999938964844,35.72999954223633,36.34000015258789,29.129396438598633,196400
2015-10-14,36.36000061035156,36.720001220703125,36.040000915527344,36.220001220703125,29.033205032348633,216600
2015-10-15,36.34000015258789,37.40999984741211,36.09000015258789,37.310001373291016,29.906923294067383,224500
2015-10-16,37.470001220703125,37.470001220703125,36.77000045776367,37.349998474121094,29.93898582458496,227000
2015-10-19,37.189998626708984,37.81999969482422,36.95000076293945,37.72999954223633,30.24359130859375,483400
2015-10-20,37.619998931884766,38.22999954223633,37.04999923706055,37.36000061035156,29.947010040283203,232500
2015-10-21,37.38999938964844,37.459999084472656,36.04999923706055,36.099998474121094,28.937021255493164,451600
2015-10-22,36.59000015258789,37.4900016784668,36.369998931884766,37.099998474121094,29.73857879638672,141400
2015-10-23,37.33000183105469,37.709999084472656,37.0,37.5,30.059221267700195,157500
2015-10-26,37.4900016784668,37.75,37.02000045776367,37.220001220703125,29.834781646728516,199100
2015-10-27,36.93000030517578,37.0,35.63999938964844,35.79999923706055,28.696537017822266,386700
2015-10-28,35.90999984741211,36.91999816894531,35.83000183105469,36.869998931884766,29.554224014282227,264100
2015-10-29,36.52000045776367,36.970001220703125,36.130001068115234,36.310001373291016,29.10533905029297,321800
2015-10-30,36.36000061035156,36.540000915527344,35.599998474121094,35.939998626708984,28.808765411376953,700200
2015-11-02,35.9900016784668,36.099998474121094,35.459999084472656,35.869998931884766,28.75264549255371,774300
2015-11-03,36.77000045776367,41.97999954223633,36.77000045776367,40.790000915527344,32.6964225769043,1389400
2015-11-04,40.900001525878906,41.22999954223633,40.849998474121094,41.11000061035156,32.952911376953125,864100
2015-11-05,41.18000030517578,41.52000045776367,40.36000061035156,40.470001220703125,32.439910888671875,544600
2015-11-06,40.119998931884766,41.31999969482422,40.060001373291016,41.31999969482422,33.12126159667969,519300
2015-11-09,41.06999969482422,41.310001373291016,40.310001373291016,41.220001220703125,33.04109573364258,448800
2015-11-10,41.099998474121094,41.459999084472656,40.7400016784668,41.310001373291016,33.11323928833008,344200
2015-11-11,41.41999816894531,41.65999984741211,40.36000061035156,40.68000030517578,32.60824203491211,328600
2015-11-12,39.619998931884766,40.41999816894531,39.4900016784668,39.540000915527344,31.694456100463867,273000
2015-11-13,39.58000183105469,40.70000076293945,39.56999969482422,39.959999084472656,32.0311164855957,427900
2015-11-16,39.95000076293945,40.90999984741211,39.529998779296875,40.869998931884766,32.76054000854492,343300
2015-11-17,40.90999984741211,41.45000076293945,40.16999816894531,40.86000061035156,32.75252914428711,465900
2015-11-18,40.959999084472656,42.0,40.81999969482422,41.900001525878906,33.5861701965332,497400
2015-11-19,42.0,42.52000045776367,41.63999938964844,42.0,33.66632080078125,333800
2015-11-20,42.20000076293945,42.36000061035156,41.38999938964844,41.459999084472656,33.23347854614258,382100
2015-11-23,41.47999954223633,42.130001068115234,41.43000030517578,41.59000015258789,33.337684631347656,287500
2015-11-24,41.52000045776367,43.220001220703125,41.2599983215332,43.040000915527344,34.68342971801758,501500
2015-11-25,42.959999084472656,43.33000183105469,42.619998931884766,43.16999816894531,34.78819274902344,253100
2015-11-27,43.130001068115234,43.33000183105469,42.68000030517578,43.220001220703125,34.828495025634766,109300
2015-11-30,43.400001525878906,43.88999938964844,43.13999938964844,43.540000915527344,35.086360931396484,656100
2015-12-01,43.54999923706055,43.97999954223633,43.369998931884766,43.7599983215332,35.263648986816406,482700
2015-12-02,43.63999938964844,44.22999954223633,42.689998626708984,42.91999816894531,34.586734771728516,914800
2015-12-03,43.279998779296875,43.79999923706055,42.939998626708984,43.29999923706055,34.89295196533203,430700
2015-12-04,43.31999969482422,43.31999969482422,42.900001525878906,43.099998474121094,34.731788635253906,279600
2015-12-07,42.880001068115234,43.08000183105469,41.470001220703125,41.689998626708984,33.595558166503906,491800
2015-12-08,41.060001373291016,41.65999984741211,40.63999938964844,41.29999923706055,33.28127670288086,635700
2015-12-09,41.52000045776367,42.369998931884766,40.95000076293945,41.38999938964844,33.353790283203125,268200
2015-12-10,42.34000015258789,43.02000045776367,41.7599983215332,42.20000076293945,34.00653839111328,510100
2015-12-11,41.33000183105469,41.59000015258789,40.869998931884766,41.2400016784668,33.23292922973633,365900
2015-12-14,41.02000045776367,41.220001220703125,39.90999984741211,40.529998779296875,32.660770416259766,358500
2015-12-15,41.029998779296875,41.650001525878906,40.970001220703125,41.56999969482422,33.498844146728516,449600
2015-12-16,41.59000015258789,41.790000915527344,40.45000076293945,40.970001220703125,33.015357971191406,538400
2015-12-17,40.88999938964844,41.02000045776367,39.939998626708984,40.0099983215332,32.241737365722656,424000
2015-12-18,40.04999923706055,40.650001525878906,39.58000183105469,39.619998931884766,31.92746925354004,761100
2015-12-21,39.95000076293945,40.25,39.54999923706055,40.20000076293945,32.39485549926758,341000
2015-12-22,40.34000015258789,41.36000061035156,40.279998779296875,41.02000045776367,33.05563735961914,288600
2015-12-23,41.560001373291016,42.04999923706055,41.400001525878906,42.02000045776367,33.86148452758789,305200
2015-12-24,41.900001525878906,42.189998626708984,41.650001525878906,41.84000015258789,33.716434478759766,100500
2015-12-28,41.689998626708984,41.869998931884766,40.93000030517578,41.689998626708984,33.595558166503906,220800
2015-12-29,42.119998931884766,42.41999816894531,41.560001373291016,41.9900016784668,33.837303161621094,232100
2015-12-30,41.790000915527344,42.220001220703125,41.33000183105469,41.36000061035156,33.32962417602539,234400
2015-12-31,41.11000061035156,41.529998779296875,40.77000045776367,40.880001068115234,32.94282913208008,303500
2016-01-04,40.220001220703125,40.369998931884766,39.33000183105469,40.29999923706055,32.475433349609375,350200
2016-01-05,40.29999923706055,40.5,39.45000076293945,39.880001068115234,32.136985778808594,367400
2016-01-06,39.060001373291016,39.95000076293945,38.939998626708984,39.20000076293945,31.58901023864746,341700
2016-01-07,38.29999923706055,38.97999954223633,38.04999923706055,38.09000015258789,30.694522857666016,336200
2016-01-08,38.22999954223633,38.599998474121094,37.66999816894531,37.75,30.420528411865234,319900
2016-01-11,37.849998474121094,38.130001068115234,37.29999923706055,37.5,30.219070434570312,293500
2016-01-12,37.93000030517578,38.099998474121094,36.86000061035156,37.779998779296875,30.444711685180664,456000
2016-01-13,38.0099983215332,38.220001220703125,36.75,36.90999984741211,29.74362564086914,381300
2016-01-14,37.119998931884766,38.349998474121094,36.34000015258789,37.939998626708984,30.57364845275879,307400
2016-01-15,36.900001525878906,37.4900016784668,36.119998931884766,37.459999084472656,30.186838150024414,347100
2016-01-19,37.61000061035156,38.2400016784668,36.790000915527344,37.279998779296875,30.041780471801758,453200
2016-01-20,36.58000183105469,38.04999923706055,36.119998931884766,37.540000915527344,30.251310348510742,498800
2016-01-21,37.630001068115234,38.599998474121094,37.52000045776367,38.279998779296875,30.847637176513672,592200
2016-01-22,39.09000015258789,39.810001373291016,38.33000183105469,38.709999084472656,31.194137573242188,422000
2016-01-25,38.43000030517578,38.900001525878906,37.95000076293945,38.029998779296875,30.646169662475586,447300
2016-01-26,38.380001068115234,38.84000015258789,38.099998474121094,38.790000915527344,31.25861167907715,452800
2016-01-27,38.540000915527344,39.18000030517578,38.06999969482422,38.439998626708984,30.976573944091797,381300
2016-01-28,39.08000183105469,39.15999984741211,38.5,38.849998474121094,31.306964874267578,226000
2016-01-29,39.060001373291016,40.36000061035156,38.75,40.34000015258789,32.50767135620117,820600
2016-02-01,39.970001220703125,40.099998474121094,38.68000030517578,39.459999084472656,31.79853630065918,621300
2016-02-02,38.4900016784668,41.099998474121094,37.400001525878906,39.90999984741211,32.161163330078125,786600
2016-02-03,40.029998779296875,40.459999084472656,38.83000183105469,40.34000015258789,32.50767135620117,407900
2016-02-04,40.68000030517578,42.43000030517578,40.4900016784668,41.619998931884766,33.539146423339844,529000
2016-02-05,41.40999984741211,42.06999969482422,40.779998779296875,40.97999954223633,33.02339553833008,291500
2016-02-08,40.56999969482422,40.63999938964844,39.70000076293945,40.47999954223633,32.6204833984375,254100
2016-02-09,39.9900016784668,40.880001068115234,39.9900016784668,40.58000183105469,32.70106887817383,549500
2016-02-10,40.88999938964844,41.90999984741211,40.08000183105469,40.150001525878906,32.35455322265625,301800
2016-02-11,39.439998626708984,40.040000915527344,38.61000061035156,39.16999816894531,31.564823150634766,525300
2016-02-12,39.650001525878906,40.72999954223633,39.52000045776367,40.709999084472656,32.80582046508789,406300
2016-02-16,41.20000076293945,41.869998931884766,40.720001220703125,41.70000076293945,33.603614807128906,291200
2016-02-17,42.189998626708984,44.029998779296875,42.09000015258789,43.029998779296875,34.67538833618164,829200
2016-02-18,43.220001220703125,43.61000061035156,42.91999816894531,43.599998474121094,35.13471603393555,705100
2016-02-19,43.29999923706055,43.540000915527344,42.790000915527344,43.47999954223633,35.03800582885742,466100
2016-02-22,43.97999954223633,44.7400016784668,43.68000030517578,44.59000015258789,35.9324951171875,761700
2016-02-23,44.18000030517578,44.18000030517578,43.11000061035156,43.130001068115234,34.75596618652344,705700
2016-02-24,42.5,43.72999954223633,42.099998474121094,43.529998779296875,35.25814437866211,244200
2016-02-25,43.58000183105469,44.310001373291016,43.34000015258789,44.310001373291016,35.88992691040039,555900
2016-02-26,44.47999954223633,45.290000915527344,44.209999084472656,45.08000183105469,36.513614654541016,494400
2016-02-29,45.130001068115234,45.47999954223633,44.52000045776367,44.529998779296875,36.06812286376953,311700
2016-03-01,45.02000045776367,45.16999816894531,44.439998626708984,45.029998779296875,36.473106384277344,286200
2016-03-02,45.099998474121094,47.099998474121094,44.83000183105469,46.95000076293945,38.02825164794922,674900
2016-03-03,46.849998474121094,47.54999923706055,46.7400016784668,47.13999938964844,38.18215560913086,666700
2016-03-04,47.29999923706055,47.439998626708984,46.400001525878906,46.93000030517578,38.01206970214844,755200
2016-03-07,46.939998626708984,47.90999984741211,46.66999816894531,47.88999938964844,38.789634704589844,426200
2016-03-08,47.34000015258789,47.7400016784668,46.31999969482422,47.36000061035156,38.3603515625,584000
2016-03-09,47.619998931884766,48.09000015258789,47.400001525878906,48.06999969482422,38.9354248046875,604500
2016-03-10,48.11000061035156,48.41999816894531,47.5,47.90999984741211,38.80582809448242,499200
2016-03-11,48.310001373291016,49.20000076293945,48.16999816894531,48.470001220703125,39.25941848754883,607500
2016-03-14,47.0,47.709999084472656,46.869998931884766,47.04999923706055,38.1092529296875,652200
2016-03-15,46.560001373291016,47.02000045776367,46.16999816894531,46.9900016784668,38.06065368652344,502800
2016-03-16,46.9900016784668,48.09000015258789,46.95000076293945,47.779998779296875,38.70052719116211,687300
2016-03-17,47.86000061035156,48.77000045776367,47.86000061035156,48.63999938964844,39.397117614746094,914900
2016-03-18,48.619998931884766,49.40999984741211,48.470001220703125,49.34000015258789,39.96410369873047,739000
2016-03-21,49.0,49.619998931884766,48.619998931884766,49.2599983215332,39.8993034362793,313200
2016-03-22,48.689998626708984,49.470001220703125,48.52000045776367,49.06999969482422,39.74540328979492,234700
2016-03-23,49.06999969482422,49.09000015258789,48.33000183105469,48.33000183105469,39.146026611328125,364800
2016-03-24,47.849998474121094,48.81999969482422,47.27000045776367,48.779998779296875,39.51050567626953,357800
2016-03-28,48.81999969482422,48.849998474121094,48.040000915527344,48.56999969482422,39.34040832519531,280700
2016-03-29,48.150001525878906,49.11000061035156,47.970001220703125,48.810001373291016,39.53479766845703,639800
2016-03-30,49.18000030517578,49.41999816894531,48.72999954223633,49.02000045776367,39.70490264892578,272200
2016-03-31,48.97999954223633,49.25,48.29999923706055,48.33000183105469,39.146026611328125,251100
2016-04-01,47.959999084472656,48.959999084472656,47.470001220703125,48.84000015258789,39.55910873413086,428100
2016-04-04,48.810001373291016,49.029998779296875,48.189998626708984,48.34000015258789,39.15412521362305,204300
2016-04-05,47.9900016784668,48.29999923706055,47.779998779296875,48.040000915527344,38.911136627197266,257700
2016-04-06,48.029998779296875,48.34000015258789,47.43000030517578,48.2400016784668,39.0731315612793,420100
2016-04-07,47.83000183105469,48.290000915527344,46.72999954223633,47.22999954223633,38.25504684448242,372000
2016-04-08,47.810001373291016,48.47999954223633,47.11000061035156,47.279998779296875,38.295555114746094,271200
2016-04-11,46.58000183105469,47.36000061035156,46.279998779296875,46.790000915527344,37.89866256713867,539600
2016-04-12,47.029998779296875,47.59000015258789,46.93000030517578,47.16999816894531,38.206443786621094,602400
2016-04-13,47.560001373291016,49.0099983215332,47.540000915527344,48.31999969482422,39.137916564941406,409000
2016-04-14,48.4900016784668,48.70000076293945,47.900001525878906,47.939998626708984,38.83013153076172,292100
2016-04-15,47.849998474121094,48.2400016784668,47.599998474121094,48.029998779296875,38.90301513671875,364000
2016-04-18,47.790000915527344,48.58000183105469,47.56999969482422,48.529998779296875,39.308021545410156,285300
2016-04-19,48.88999938964844,49.560001373291016,48.599998474121094,49.5099983215332,40.101802825927734,408100
2016-04-20,49.470001220703125,49.779998779296875,48.540000915527344,48.560001373291016,39.33232498168945,300700
2016-04-21,48.61000061035156,48.959999084472656,48.279998779296875,48.599998474121094,39.364715576171875,430700
2016-04-22,48.630001068115234,49.66999816894531,48.47999954223633,49.41999816894531,40.02888870239258,381900
2016-04-25,49.150001525878906,49.29999923706055,48.790000915527344,49.15999984741211,39.81829833984375,365800
2016-04-26,49.47999954223633,49.91999816894531,48.95000076293945,49.720001220703125,40.27189254760742,286000
2016-04-27,49.72999954223633,50.540000915527344,49.65999984741211,50.18000030517578,40.64447021484375,244600
2016-04-28,49.93000030517578,50.68000030517578,49.38999938964844,49.650001525878906,40.21518325805664,340000
2016-04-29,49.56999969482422,49.709999084472656,48.52000045776367,48.790000915527344,39.518611907958984,303600
2016-05-02,48.93000030517578,49.08000183105469,48.5,48.959999084472656,39.65629196166992,488900
2016-05-03,46.970001220703125,47.400001525878906,44.08000183105469,44.90999984741211,36.375911712646484,790000
2016-05-04,44.7400016784668,45.68000030517578,44.38999938964844,44.5,36.043827056884766,624700
2016-05-05,44.72999954223633,45.150001525878906,44.290000915527344,44.45000076293945,36.003326416015625,536700
2016-05-06,44.349998474121094,45.09000015258789,44.11000061035156,45.0099983215332,36.45690155029297,422600
2016-05-09,44.619998931884766,44.86000061035156,44.349998474121094,44.45000076293945,36.003326416015625,366100
2016-05-10,44.61000061035156,45.11000061035156,44.33000183105469,44.9900016784668,36.440711975097656,321200
2016-05-11,45.029998779296875,45.18000030517578,44.470001220703125,44.54999923706055,36.084320068359375,427300
2016-05-12,44.93000030517578,45.68000030517578,44.540000915527344,44.79999923706055,36.28681182861328,320500
2016-05-13,44.72999954223633,44.939998626708984,44.369998931884766,44.59000015258789,36.11672592163086,308700
2016-05-16,44.880001068115234,45.22999954223633,44.54999923706055,44.9900016784668,36.440711975097656,424700
2016-05-17,45.2400016784668,45.86000061035156,44.90999984741211,45.439998626708984,36.80521011352539,553400
2016-05-18,45.02000045776367,45.599998474121094,44.400001525878906,44.5,36.043827056884766,291900
2016-05-19,44.150001525878906,44.79999923706055,43.93000030517578,44.560001373291016,36.0924186706543,263500
2016-05-20,44.599998474121094,45.04999923706055,44.36000061035156,44.65999984741211,36.173423767089844,452000
2016-05-23,44.58000183105469,44.970001220703125,44.349998474121094,44.40999984741211,35.97093200683594,382600
2016-05-24,44.900001525878906,45.869998931884766,44.900001525878906,45.720001220703125,37.03199005126953,407600
2016-05-25,45.70000076293945,45.720001220703125,45.279998779296875,45.43000030517578,37.04014587402344,408300
2016-05-26,45.790000915527344,45.959999084472656,45.22999954223633,45.279998779296875,36.9178466796875,219000
2016-05-27,45.34000015258789,45.70000076293945,45.13999938964844,45.529998779296875,37.12167739868164,209400
2016-05-31,45.709999084472656,46.0099983215332,45.439998626708984,45.709999084472656,37.2684326171875,319500
2016-06-01,45.380001068115234,46.459999084472656,45.060001373291016,46.31999969482422,37.765785217285156,358200
2016-06-02,46.06999969482422,46.630001068115234,45.88999938964844,46.630001068115234,38.01853561401367,396500
2016-06-03,46.70000076293945,46.709999084472656,46.25,46.33000183105469,37.773929595947266,337800
2016-06-06,46.65999984741211,47.45000076293945,46.65999984741211,47.209999084472656,38.491432189941406,287000
2016-06-07,47.36000061035156,47.88999938964844,47.189998626708984,47.810001373291016,38.98061752319336,418000
2016-06-08,48.060001373291016,48.209999084472656,47.560001373291016,47.58000183105469,38.793087005615234,192300
2016-06-09,47.04999923706055,47.630001068115234,46.619998931884766,47.33000183105469,38.589263916015625,250100
2016-06-10,47.060001373291016,47.36000061035156,47.0,47.2400016784668,38.5158805847168,225400
2016-06-13,47.0099983215332,47.5,46.58000183105469,46.65999984741211,38.04298782348633,195200
2016-06-14,46.43000030517578,46.84000015258789,45.720001220703125,46.029998779296875,37.52933120727539,391500
2016-06-15,46.16999816894531,46.720001220703125,46.11000061035156,46.369998931884766,37.806549072265625,325300
2016-06-16,45.959999084472656,46.16999816894531,45.310001373291016,46.08000183105469,37.57011413574219,221800
2016-06-17,46.02000045776367,46.70000076293945,46.02000045776367,46.209999084472656,37.67610168457031,397900
2016-06-20,46.97999954223633,47.45000076293945,46.90999984741211,47.060001373291016,38.36912536621094,236100
2016-06-21,47.08000183105469,47.18000030517578,46.45000076293945,46.599998474121094,37.99406814575195,260600
2016-06-22,46.97999954223633,47.119998931884766,46.369998931884766,46.40999984741211,37.83916091918945,196200
2016-06-23,47.0099983215332,48.0,47.0099983215332,47.83000183105469,38.996917724609375,245500
2016-06-24,45.88999938964844,46.22999954223633,44.189998626708984,44.2400016784668,36.06991958618164,587500
2016-06-27,43.720001220703125,44.130001068115234,42.27000045776367,42.459999084472656,34.61863708496094,447200
2016-06-28,42.95000076293945,43.38999938964844,42.459999084472656,43.04999923706055,35.09967041015625,249800
2016-06-29,43.47999954223633,44.459999084472656,43.43000030517578,44.43000030517578,36.224815368652344,229400
2016-06-30,44.66999816894531,45.66999816894531,44.36000061035156,45.65999984741211,37.22767639160156,335700
2016-07-01,45.54999923706055,46.33000183105469,45.369998931884766,45.7400016784668,37.29290771484375,323400
2016-07-05,45.27000045776367,45.27000045776367,44.18000030517578,44.34000015258789,36.15143966674805,232900
2016-07-06,44.16999816894531,45.04999923706055,43.95000076293945,44.849998474121094,36.5672607421875,319300
2016-07-07,45.029998779296875,45.7400016784668,44.86000061035156,45.58000183105469,37.16244888305664,235200
2016-07-08,46.209999084472656,47.09000015258789,46.060001373291016,47.06999969482422,38.37727737426758,282500
2016-07-11,47.15999984741211,47.900001525878906,47.15999984741211,47.779998779296875,38.956146240234375,269400
2016-07-12,48.43000030517578,49.060001373291016,48.279998779296875,48.68000030517578,39.689945220947266,215900
2016-07-13,48.7599983215332,49.40999984741211,48.599998474121094,48.93000030517578,39.8937873840332,199700
2016-07-14,49.400001525878906,49.7400016784668,49.11000061035156,49.5099983215332,40.36665725708008,183900
2016-07-15,49.59000015258789,49.70000076293945,49.029998779296875,49.68000030517578,40.505271911621094,198800
2016-07-18,49.560001373291016,49.720001220703125,49.209999084472656,49.599998474121094,40.44004440307617,105100
2016-07-19,49.439998626708984,49.709999084472656,49.189998626708984,49.41999816894531,40.29328155517578,139300
2016-07-20,49.5,49.869998931884766,48.97999954223633,49.59000015258789,40.431884765625,245500
2016-07-21,50.43000030517578,50.43000030517578,49.15999984741211,49.369998931884766,40.252525329589844,202800
2016-07-22,49.220001220703125,49.369998931884766,49.029998779296875,49.20000076293945,40.113922119140625,121000
2016-07-25,49.099998474121094,49.47999954223633,48.83000183105469,49.0,39.95084762573242,209800
2016-07-26,49.119998931884766,49.22999954223633,48.790000915527344,48.84000015258789,39.820404052734375,456700
2016-07-27,49.060001373291016,49.47999954223633,47.95000076293945,48.470001220703125,39.51872253417969,601300
2016-07-28,48.529998779296875,52.529998779296875,48.529998779296875,51.59000015258789,42.06254196166992,1205800
2016-07-29,51.09000015258789,51.09000015258789,48.650001525878906,48.689998626708984,39.6981086730957,594200
2016-08-01,48.900001525878906,49.75,48.5,49.20000076293945,40.113922119140625,395800
2016-08-02,47.939998626708984,48.279998779296875,47.02000045776367,47.15999984741211,38.45065689086914,473400
2016-08-03,47.25,48.08000183105469,46.880001068115234,47.75,38.93168640136719,580800
2016-08-04,47.77000045776367,48.34000015258789,47.369998931884766,48.20000076293945,39.29859161376953,352000
2016-08-05,48.540000915527344,49.0099983215332,48.5,48.58000183105469,39.6084098815918,210600
2016-08-08,48.75,49.369998931884766,48.63999938964844,48.9900016784668,39.94269943237305,310900
2016-08-09,48.9900016784668,49.349998474121094,48.7400016784668,48.880001068115234,39.8530158996582,241800
2016-08-10,49.2400016784668,49.2400016784668,48.58000183105469,48.70000076293945,39.70625686645508,247900
2016-08-11,48.86000061035156,49.20000076293945,48.52000045776367,48.959999084472656,39.91823196411133,263700
2016-08-12,48.77000045776367,49.099998474121094,48.18000030517578,48.31999969482422,39.39643096923828,182800
2016-08-15,48.5,49.16999816894531,48.5,48.84000015258789,39.820404052734375,284700
2016-08-16,49.06999969482422,49.40999984741211,48.36000061035156,48.38999938964844,39.453495025634766,191300
2016-08-17,48.47999954223633,49.119998931884766,48.20000076293945,49.060001373291016,39.999759674072266,373300
2016-08-18,49.43000030517578,50.54999923706055,49.31999969482422,50.529998779296875,41.19829177856445,523400
2016-08-19,50.369998931884766,50.939998626708984,50.13999938964844,50.869998931884766,41.47549819946289,416000
2016-08-22,50.459999084472656,50.459999084472656,49.439998626708984,49.709999084472656,40.529727935791016,315100
2016-08-23,49.79999923706055,50.34000015258789,49.709999084472656,50.040000915527344,40.79877853393555,418500
2016-08-24,49.900001525878906,49.9900016784668,49.349998474121094,49.439998626708984,40.55271530151367,440900
2016-08-25,49.470001220703125,50.27000045776367,49.43000030517578,50.2400016784668,41.20891189575195,321600
2016-08-26,50.650001525878906,50.93000030517578,50.0,50.18000030517578,41.159698486328125,444900
2016-08-29,50.130001068115234,50.9900016784668,50.130001068115234,50.5099983215332,41.43035888671875,273500
2016-08-30,50.68000030517578,51.22999954223633,50.20000076293945,50.470001220703125,41.39755630493164,261300
2016-08-31,49.790000915527344,50.34000015258789,49.459999084472656,49.86000061035156,40.89720916748047,364400
2016-09-01,50.060001373291016,50.2599983215332,49.5,50.029998779296875,41.03665542602539,303300
2016-09-02,50.470001220703125,50.849998474121094,50.38999938964844,50.810001373291016,41.676456451416016,266700
2016-09-06,51.0099983215332,51.119998931884766,49.970001220703125,50.380001068115234,41.3237419128418,206800
2016-09-07,50.13999938964844,51.119998931884766,50.13999938964844,50.970001220703125,41.80768966674805,305000
2016-09-08,51.0,51.33000183105469,50.65999984741211,51.150001525878906,41.95533752441406,297200
2016-09-09,50.70000076293945,51.0,49.150001525878906,49.31999969482422,40.45428466796875,474100
2016-09-12,48.72999954223633,50.119998931884766,48.70000076293945,50.02000045776367,41.02845764160156,314600
2016-09-13,49.0,49.97999954223633,48.83000183105469,48.970001220703125,40.167205810546875,259600
2016-09-14,49.11000061035156,49.290000915527344,48.65999984741211,49.0099983215332,40.20001220703125,252000
2016-09-15,48.9900016784668,49.869998931884766,48.869998931884766,49.83000183105469,40.872615814208984,259200
2016-09-16,49.119998931884766,50.06999969482422,49.119998931884766,50.02000045776367,41.02845764160156,348600
2016-09-19,50.41999816894531,50.90999984741211,50.20000076293945,50.540000915527344,41.45497512817383,256600
2016-09-20,50.93000030517578,51.099998474121094,50.439998626708984,50.5,41.42216491699219,226700
2016-09-21,51.7599983215332,51.7599983215332,50.47999954223633,51.459999084472656,42.20960235595703,252900
2016-09-22,51.959999084472656,52.47999954223633,51.70000076293945,52.34000015258789,42.931419372558594,290000
2016-09-23,51.790000915527344,52.29999923706055,51.349998474121094,51.369998931884766,42.135772705078125,200600
2016-09-26,51.43000030517578,51.97999954223633,51.290000915527344,51.630001068115234,42.34903335571289,185300
2016-09-27,51.41999816894531,52.34000015258789,51.41999816894531,52.29999923706055,42.89860153198242,150400
2016-09-28,52.97999954223633,53.459999084472656,51.970001220703125,53.40999984741211,43.80906677246094,272500
2016-09-29,53.290000915527344,53.47999954223633,51.97999954223633,52.2400016784668,42.849395751953125,327800
2016-09-30,52.47999954223633,52.880001068115234,52.08000183105469,52.40999984741211,42.98881912231445,405600
2016-10-03,52.43000030517578,52.45000076293945,52.060001373291016,52.20000076293945,42.81657409667969,194800
2016-10-04,52.380001068115234,52.709999084472656,51.93000030517578,52.2400016784668,42.849395751953125,369000
2016-10-05,52.77000045776367,52.83000183105469,52.310001373291016,52.41999816894531,42.99702835083008,409600
2016-10-06,52.2599983215332,53.529998779296875,52.08000183105469,53.29999923706055,43.71883773803711,275400
2016-10-07,53.56999969482422,53.880001068115234,51.470001220703125,51.70000076293945,42.406455993652344,384900
2016-10-10,51.70000076293945,52.79999923706055,51.599998474121094,51.810001373291016,42.49668502807617,250000
2016-10-11,51.599998474121094,51.599998474121094,50.5099983215332,51.08000183105469,41.897918701171875,343300
2016-10-12,51.13999938964844,51.61000061035156,50.95000076293945,51.29999923706055,42.078365325927734,257200
2016-10-13,50.56999969482422,50.56999969482422,50.0099983215332,50.400001525878906,41.34014892578125,377800
2016-10-14,50.790000915527344,50.959999084472656,50.290000915527344,50.75,41.62722396850586,274800
2016-10-17,50.88999938964844,51.47999954223633,50.88999938964844,51.15999984741211,41.963531494140625,159800
2016-10-18,51.9900016784668,51.9900016784668,51.13999938964844,51.4900016784668,42.234214782714844,177000
2016-10-19,51.720001220703125,51.779998779296875,51.119998931884766,51.709999084472656,42.41465377807617,299300
2016-10-20,51.369998931884766,52.150001525878906,51.349998474121094,51.709999084472656,42.41465377807617,279100
2016-10-21,51.369998931884766,52.02000045776367,51.040000915527344,51.77000045776367,42.46388626098633,184000
2016-10-24,52.400001525878906,52.400001525878906,51.720001220703125,52.119998931884766,42.75095748901367,189200
2016-10-25,52.119998931884766,52.119998931884766,51.29999923706055,51.349998474121094,42.11937713623047,159100
2016-10-26,51.09000015258789,52.18000030517578,51.02000045776367,51.689998626708984,42.398258209228516,306800
2016-10-27,52.029998779296875,52.040000915527344,51.279998779296875,52.02000045776367,42.66893768310547,320300
2016-10-28,51.970001220703125,52.630001068115234,51.470001220703125,52.0,42.652530670166016,384500
2016-10-31,52.119998931884766,52.31999969482422,51.77000045776367,52.13999938964844,42.767372131347656,368200
2016-11-01,51.459999084472656,51.529998779296875,49.5099983215332,50.400001525878906,41.34014892578125,829500
2016-11-02,50.099998474121094,50.27000045776367,49.310001373291016,49.5099983215332,40.610130310058594,493000
2016-11-03,49.45000076293945,49.869998931884766,48.83000183105469,48.86000061035156,40.07697677612305,460400
2016-11-04,48.790000915527344,48.900001525878906,48.150001525878906,48.209999084472656,39.5438117980957,768200
2016-11-07,49.349998474121094,49.349998474121094,48.54999923706055,48.75,39.986751556396484,375000
2016-11-08,48.459999084472656,49.20000076293945,48.25,48.849998474121094,40.068763732910156,411700
2016-11-09,48.279998779296875,50.56999969482422,47.9900016784668,50.38999938964844,41.33194351196289,503400
2016-11-10,50.88999938964844,51.2400016784668,50.59000015258789,50.63999938964844,41.53700256347656,361500
2016-11-11,50.529998779296875,50.790000915527344,49.70000076293945,50.459999084472656,41.38936233520508,291200
2016-11-14,51.130001068115234,51.720001220703125,50.95000076293945,51.68000030517578,42.390052795410156,467500
2016-11-15,51.470001220703125,52.209999084472656,51.18000030517578,52.04999923706055,42.69355392456055,390200
2016-11-16,51.77000045776367,52.060001373291016,50.72999954223633,50.779998779296875,41.65183639526367,351200
2016-11-17,51.15999984741211,51.84000015258789,50.88999938964844,51.77000045776367,42.46388626098633,337700
2016-11-18,51.849998474121094,51.959999084472656,51.56999969482422,51.849998474121094,42.52948760986328,379300
2016-11-21,52.34000015258789,52.66999816894531,52.16999816894531,52.290000915527344,42.89039993286133,334100
2016-11-22,51.939998626708984,52.40999984741211,51.810001373291016,51.970001220703125,42.87389373779297,474000
2016-11-23,51.68000030517578,52.40999984741211,51.290000915527344,51.459999084472656,42.45316696166992,290900
2016-11-25,51.650001525878906,51.9900016784668,51.400001525878906,51.7599983215332,42.70065689086914,245100
2016-11-28,51.65999984741211,51.84000015258789,51.29999923706055,51.470001220703125,42.46141052246094,379800
2016-11-29,51.13999938964844,51.349998474121094,50.34000015258789,50.470001220703125,41.636444091796875,440600
2016-11-30,50.959999084472656,51.31999969482422,50.61000061035156,50.93000030517578,42.01591873168945,497100
2016-12-01,51.16999816894531,51.380001068115234,50.400001525878906,50.86000061035156,41.95817947387695,415300
2016-12-02,50.91999816894531,51.13999938964844,50.75,51.02000045776367,42.09018325805664,268100
2016-12-05,51.560001373291016,51.779998779296875,50.95000076293945,51.0,42.07368087768555,472800
2016-12-06,50.7400016784668,51.40999984741211,50.65999984741211,51.119998931884766,42.17267990112305,485800
2016-12-07,51.15999984741211,52.22999954223633,51.15999984741211,51.95000076293945,42.85740280151367,578800
2016-12-08,52.220001220703125,54.08000183105469,52.220001220703125,54.04999923706055,44.589847564697266,331000
2016-12-09,54.0099983215332,54.0099983215332,53.36000061035156,53.720001220703125,44.31760025024414,331900
2016-12-12,53.88999938964844,54.2400016784668,53.20000076293945,53.2400016784668,43.92162322998047,262600
2016-12-13,53.459999084472656,53.59000015258789,52.5099983215332,53.04999923706055,43.76487350463867,281300
2016-12-14,53.13999938964844,53.56999969482422,52.77000045776367,52.84000015258789,43.59162902832031,510400
2016-12-15,52.689998626708984,53.459999084472656,52.529998779296875,53.189998626708984,43.88036346435547,251300
2016-12-16,53.36000061035156,53.54999923706055,52.5099983215332,52.61000061035156,43.401878356933594,520600
2016-12-19,52.31999969482422,53.27000045776367,52.150001525878906,53.2400016784668,43.92162322998047,285200
2016-12-20,53.380001068115234,53.599998474121094,52.220001220703125,52.34000015258789,43.17914581298828,303500
2016-12-21,52.43000030517578,52.79999923706055,52.29999923706055,52.41999816894531,43.24513626098633,219900
2016-12-22,52.54999923706055,52.54999923706055,51.58000183105469,51.83000183105469,42.7584114074707,166200
2016-12-23,51.63999938964844,51.81999969482422,51.34000015258789,51.77000045776367,42.70892333984375,80000
2016-12-27,51.900001525878906,52.16999816894531,51.40999984741211,51.650001525878906,42.60991668701172,176000
2016-12-28,52.25,52.2599983215332,51.040000915527344,51.150001525878906,42.19743728637695,105000
2016-12-29,51.15999984741211,51.5099983215332,50.619998931884766,51.02000045776367,42.09018325805664,153400
2016-12-30,51.15999984741211,51.15999984741211,50.40999984741211,50.540000915527344,41.694175720214844,171800
2017-01-03,51.040000915527344,51.72999954223633,50.66999816894531,51.369998931884766,42.37891387939453,220000
2017-01-04,51.560001373291016,52.869998931884766,51.560001373291016,52.31999969482422,43.16264343261719,392400
2017-01-05,52.189998626708984,52.619998931884766,51.630001068115234,51.75,42.69240188598633,320600
2017-01-06,51.84000015258789,52.400001525878906,51.52000045776367,52.13999938964844,43.01414489746094,178500
2017-01-09,52.0099983215332,52.439998626708984,51.63999938964844,51.81999969482422,42.750160217285156,236200
2017-01-10,52.150001525878906,52.93000030517578,51.869998931884766,52.18000030517578,43.047149658203125,408000
2017-01-11,52.58000183105469,52.91999816894531,51.630001068115234,52.869998931884766,43.61636734008789,279900
2017-01-12,53.08000183105469,53.25,51.9900016784668,52.790000915527344,43.55037307739258,162300
2017-01-13,52.77000045776367,53.630001068115234,52.709999084472656,53.61000061035156,44.22686004638672,186600
2017-01-17,53.349998474121094,53.95000076293945,53.0,53.459999084472656,44.103118896484375,306300
2017-01-18,53.810001373291016,53.97999954223633,53.13999938964844,53.81999969482422,44.40010452270508,313300
2017-01-19,53.970001220703125,54.38999938964844,53.61000061035156,54.040000915527344,44.58159255981445,280600
2017-01-20,54.040000915527344,54.52000045776367,53.83000183105469,54.130001068115234,44.65584182739258,280700
2017-01-23,53.83000183105469,54.540000915527344,53.83000183105469,54.470001220703125,44.93634033203125,198300
2017-01-24,54.88999938964844,55.93000030517578,54.540000915527344,55.849998474121094,46.074790954589844,272600
2017-01-25,55.810001373291016,56.369998931884766,55.709999084472656,56.2599983215332,46.41304397583008,300400
2017-01-26,55.75,56.41999816894531,55.75,56.20000076293945,46.363548278808594,178600
2017-01-27,56.209999084472656,56.209999084472656,55.599998474121094,55.880001068115234,46.09954833984375,175900
2017-01-30,55.45000076293945,55.45000076293945,54.2599983215332,55.310001373291016,45.62931823730469,201900
2017-01-31,55.54999923706055,55.720001220703125,54.56999969482422,55.369998931884766,45.67882537841797,269400
2017-02-01,55.470001220703125,56.5,55.13999938964844,56.27000045776367,46.42129135131836,336700
2017-02-02,57.630001068115234,60.720001220703125,57.33000183105469,57.630001068115234,47.54324722290039,906700
2017-02-03,57.5,58.54999923706055,57.15999984741211,58.5,48.260982513427734,644900
2017-02-06,58.04999923706055,58.5,57.16999816894531,57.47999954223633,47.41950225830078,527500
2017-02-07,57.5,57.939998626708984,57.02000045776367,57.18000030517578,47.172019958496094,262300
2017-02-08,57.04999923706055,57.529998779296875,56.52000045776367,57.52000045776367,47.452510833740234,296900
2017-02-09,57.52000045776367,57.880001068115234,57.06999969482422,57.54999923706055,47.47726058959961,395400
2017-02-10,58.099998474121094,58.279998779296875,57.529998779296875,57.54999923706055,47.47726058959961,450900
2017-02-13,57.79999923706055,58.18000030517578,57.380001068115234,57.880001068115234,47.74950408935547,409800
2017-02-14,57.7400016784668,58.619998931884766,57.529998779296875,58.58000183105469,48.326988220214844,354300
2017-02-15,58.5099983215332,58.84000015258789,57.939998626708984,58.72999954223633,48.45072555541992,426600
2017-02-16,58.459999084472656,59.02000045776367,57.97999954223633,58.34000015258789,48.128990173339844,372900
2017-02-17,57.79999923706055,58.400001525878906,57.75,58.02000045776367,47.8650016784668,246400
2017-02-21,58.2599983215332,58.790000915527344,58.060001373291016,58.380001068115234,48.1619873046875,334900
2017-02-22,57.7400016784668,58.459999084472656,57.7400016784668,58.09000015258789,48.17028045654297,254600
2017-02-23,58.5099983215332,58.58000183105469,57.220001220703125,57.61000061035156,47.772247314453125,230900
2017-02-24,56.81999969482422,57.61000061035156,56.209999084472656,57.61000061035156,47.772247314453125,304800
2017-02-27,57.630001068115234,58.38999938964844,57.45000076293945,58.2599983215332,48.31125259399414,346600
2017-02-28,57.939998626708984,58.20000076293945,57.66999816894531,57.97999954223633,48.07906723022461,398300
2017-03-01,58.869998931884766,59.650001525878906,58.869998931884766,59.150001525878906,49.04926300048828,416700
2017-03-02,59.09000015258789,59.18000030517578,58.38999938964844,58.459999084472656,48.47710037231445,306900
2017-03-03,58.33000183105469,58.599998474121094,57.970001220703125,58.38999938964844,48.419044494628906,342000
2017-03-06,57.93000030517578,58.040000915527344,57.36000061035156,57.880001068115234,47.99614715576172,204100
2017-03-07,57.7599983215332,58.29999923706055,57.560001373291016,58.27000045776367,48.319541931152344,288400
2017-03-08,58.43000030517578,58.720001220703125,57.970001220703125,58.099998474121094,48.17856216430664,340300
2017-03-09,57.86000061035156,58.31999969482422,57.650001525878906,57.91999816894531,48.029293060302734,244700
2017-03-10,58.38999938964844,58.75,58.18000030517578,58.619998931884766,48.60977554321289,237000
2017-03-13,59.09000015258789,59.290000915527344,58.689998626708984,58.900001525878906,48.84196472167969,262600
2017-03-14,58.369998931884766,58.599998474121094,57.90999984741211,58.189998626708984,48.25320816040039,249500
2017-03-15,58.68000030517578,59.61000061035156,58.66999816894531,59.47999954223633,49.322914123535156,477400
2017-03-16,59.7400016784668,59.88999938964844,59.06999969482422,59.290000915527344,49.16535568237305,240200
2017-03-17,59.27000045776367,60.59000015258789,59.220001220703125,60.16999816894531,49.89508819580078,428400
2017-03-20,60.18000030517578,60.29999923706055,59.599998474121094,59.83000183105469,49.613162994384766,201900
2017-03-21,60.130001068115234,60.20000076293945,58.77000045776367,58.880001068115234,48.82537841796875,254700
2017-03-22,58.7400016784668,58.9900016784668,57.83000183105469,58.040000915527344,48.12882614135742,419500
2017-03-23,58.099998474121094,58.5099983215332,57.689998626708984,58.22999954223633,48.28636169433594,294200
2017-03-24,58.33000183105469,58.79999923706055,58.060001373291016,58.2599983215332,48.31125259399414,282000
2017-03-27,57.2400016784668,58.66999816894531,57.150001525878906,58.380001068115234,48.410762786865234,232000
2017-03-28,58.52000045776367,59.31999969482422,58.5099983215332,59.150001525878906,49.04926300048828,334500
2017-03-29,59.15999984741211,59.2599983215332,58.59000015258789,58.869998931884766,48.81708526611328,296900
2017-03-30,58.9900016784668,59.70000076293945,58.9900016784668,59.63999938964844,49.45560073852539,228100
2017-03-31,59.38999938964844,60.2599983215332,59.209999084472656,59.90999984741211,49.67949295043945,377800
2017-04-03,60.20000076293945,60.2599983215332,58.779998779296875,59.349998474121094,49.215110778808594,265100
2017-04-04,59.45000076293945,59.63999938964844,58.77000045776367,59.40999984741211,49.26486587524414,270000
2017-04-05,59.97999954223633,59.97999954223633,58.18000030517578,58.459999084472656,48.47710037231445,341300
2017-04-06,58.59000015258789,59.029998779296875,58.279998779296875,58.959999084472656,48.89170455932617,350000
2017-04-07,58.68000030517578,58.849998474121094,58.349998474121094,58.56999969482422,48.56830978393555,220800
2017-04-10,58.779998779296875,58.939998626708984,58.29999923706055,58.4900016784668,48.50197982788086,201800
2017-04-11,58.18000030517578,59.06999969482422,58.040000915527344,59.040000915527344,48.95805740356445,217900
2017-04-12,59.04999923706055,59.459999084472656,57.81999969482422,57.9900016784668,48.08735656738281,177900
2017-04-13,57.939998626708984,58.13999938964844,56.900001525878906,56.970001220703125,47.24153518676758,198100
2017-04-17,57.279998779296875,57.61000061035156,56.95000076293945,57.54999923706055,47.72249984741211,349200
2017-04-18,56.880001068115234,57.77000045776367,56.880001068115234,57.56999969482422,47.73908233642578,317300
2017-04-19,57.84000015258789,58.34000015258789,57.619998931884766,58.189998626708984,48.25320816040039,291700
2017-04-20,58.619998931884766,59.5099983215332,58.45000076293945,59.349998474121094,49.215110778808594,266000
2017-04-21,59.15999984741211,59.33000183105469,58.849998474121094,59.040000915527344,48.95805740356445,184500
2017-04-24,59.93000030517578,60.709999084472656,59.70000076293945,60.34000015258789,50.03606033325195,202900
2017-04-25,60.72999954223633,61.11000061035156,60.38999938964844,60.900001525878906,50.500431060791016,219900
2017-04-26,60.5,61.06999969482422,60.470001220703125,60.720001220703125,50.351165771484375,181600
2017-04-27,60.5099983215332,61.150001525878906,60.40999984741211,60.70000076293945,50.3345832824707,188700
2017-04-28,60.689998626708984,61.34000015258789,60.04999923706055,60.189998626708984,49.911659240722656,196300
2017-05-01,60.33000183105469,60.810001373291016,59.880001068115234,60.36000061035156,50.05263900756836,247200
2017-05-02,60.86000061035156,61.34000015258789,55.470001220703125,56.22999954223633,46.627899169921875,1040000
2017-05-03,55.189998626708984,55.869998931884766,54.310001373291016,54.75,45.4006233215332,559500
2017-05-04,54.43000030517578,54.86000061035156,53.79999923706055,54.099998474121094,44.86163330078125,464000
2017-05-05,54.5,54.5099983215332,53.779998779296875,53.970001220703125,44.75382995605469,328900
2017-05-08,53.470001220703125,53.83000183105469,53.04999923706055,53.09000015258789,44.024105072021484,318000
2017-05-09,53.119998931884766,53.209999084472656,51.5,51.58000183105469,42.7719612121582,530800
2017-05-10,51.58000183105469,52.25,50.540000915527344,52.16999816894531,43.261199951171875,1203400
2017-05-11,51.81999969482422,52.689998626708984,51.81999969482422,52.040000915527344,43.153411865234375,565900
2017-05-12,52.0,52.15999984741211,51.68000030517578,51.86000061035156,43.00413131713867,397800
2017-05-15,52.20000076293945,52.61000061035156,51.88999938964844,52.0099983215332,43.1285285949707,320400
2017-05-16,52.11000061035156,52.45000076293945,51.869998931884766,52.099998474121094,43.203163146972656,582800
2017-05-17,52.099998474121094,52.099998474121094,50.4900016784668,50.84000015258789,42.158329010009766,458200
2017-05-18,50.459999084472656,51.130001068115234,50.209999084472656,50.75,42.08369064331055,470400
2017-05-19,50.970001220703125,51.869998931884766,50.959999084472656,51.439998626708984,42.65586853027344,290500
2017-05-22,51.93000030517578,51.93000030517578,51.2400016784668,51.400001525878906,42.6226921081543,261400
2017-05-23,51.61000061035156,51.79999923706055,51.0099983215332,51.119998931884766,42.390525817871094,447600
2017-05-24,52.25,53.4900016784668,51.75,53.0,44.22197341918945,734900
2017-05-25,53.20000076293945,53.65999984741211,52.36000061035156,52.81999969482422,44.07176971435547,383200
2017-05-26,52.970001220703125,52.970001220703125,52.400001525878906,52.72999954223633,43.99668884277344,319600
2017-05-30,52.650001525878906,53.060001373291016,52.439998626708984,52.900001525878906,44.13853454589844,287100
2017-05-31,52.880001068115234,52.880001068115234,52.0,52.22999954223633,43.57948684692383,532300
2017-06-01,52.36000061035156,52.810001373291016,52.20000076293945,52.72999954223633,43.99668884277344,321500
2017-06-02,52.83000183105469,53.790000915527344,52.72999954223633,53.130001068115234,44.330440521240234,310100
2017-06-05,53.18000030517578,53.369998931884766,52.58000183105469,52.619998931884766,43.90489959716797,475200
2017-06-06,52.290000915527344,52.619998931884766,51.959999084472656,52.400001525878906,43.72134017944336,432800
2017-06-07,52.40999984741211,52.459999084472656,51.84000015258789,51.90999984741211,43.312496185302734,482600
2017-06-08,51.93000030517578,53.34000015258789,51.619998931884766,53.09000015258789,44.29705810546875,444200
2017-06-09,53.189998626708984,53.54999923706055,52.849998474121094,53.529998779296875,44.6641845703125,348300
2017-06-12,53.529998779296875,54.34000015258789,53.40999984741211,53.630001068115234,44.74762725830078,482700
2017-06-13,53.88999938964844,54.25,53.43000030517578,54.20000076293945,45.223228454589844,322800
2017-06-14,54.31999969482422,54.31999969482422,53.369998931884766,54.0099983215332,45.0646858215332,362200
2017-06-15,53.41999816894531,54.2599983215332,53.41999816894531,53.7599983215332,44.8560905456543,573600
2017-06-16,53.70000076293945,54.119998931884766,53.11000061035156,54.04999923706055,45.09806823730469,627600
2017-06-19,54.33000183105469,54.93000030517578,54.31999969482422,54.77000045776367,45.69881057739258,449900
2017-06-20,54.11000061035156,54.900001525878906,53.709999084472656,54.790000915527344,45.71549606323242,618500
2017-06-21,54.900001525878906,54.900001525878906,53.279998779296875,53.41999816894531,44.5723991394043,364900
2017-06-22,53.41999816894531,53.59000015258789,52.06999969482422,52.16999816894531,43.5294303894043,908100
2017-06-23,52.27000045776367,52.86000061035156,52.22999954223633,52.369998931884766,43.69630432128906,752100
2017-06-26,52.650001525878906,52.90999984741211,52.04999923706055,52.52000045776367,43.821468353271484,253900
2017-06-27,52.52000045776367,52.86000061035156,52.310001373291016,52.34000015258789,43.671287536621094,304800
2017-06-28,52.83000183105469,53.79999923706055,52.5,53.63999938964844,44.75596618652344,534900
2017-06-29,53.86000061035156,53.86000061035156,52.36000061035156,52.86000061035156,44.10515594482422,207700
2017-06-30,53.04999923706055,53.77000045776367,53.02000045776367,53.43000030517578,44.58074951171875,244800
2017-07-03,53.810001373291016,54.099998474121094,53.47999954223633,53.599998474121094,44.72258758544922,134600
2017-07-05,53.4900016784668,53.4900016784668,52.810001373291016,53.06999969482422,44.280372619628906,312800
2017-07-06,52.849998474121094,53.61000061035156,52.849998474121094,53.369998931884766,44.53068161010742,359400
2017-07-07,53.36000061035156,53.9900016784668,53.040000915527344,53.86000061035156,44.93952941894531,221000
2017-07-10,53.310001373291016,54.25,53.150001525878906,53.279998779296875,44.455589294433594,313600
2017-07-11,53.38999938964844,53.63999938964844,53.060001373291016,53.41999816894531,44.5723991394043,243000
2017-07-12,53.91999816894531,54.45000076293945,53.77000045776367,53.869998931884766,44.94786834716797,214400
2017-07-13,53.970001220703125,53.970001220703125,52.86000061035156,53.529998779296875,44.6641845703125,405400
2017-07-14,53.72999954223633,54.130001068115234,53.540000915527344,53.810001373291016,44.89781188964844,181800
2017-07-17,53.95000076293945,54.75,53.810001373291016,54.68000030517578,45.62372589111328,272500
2017-07-18,54.45000076293945,54.45000076293945,53.630001068115234,53.72999954223633,44.831058502197266,231100
2017-07-19,53.83000183105469,55.0099983215332,53.81999969482422,54.970001220703125,45.865692138671875,211300
2017-07-20,54.939998626708984,54.939998626708984,54.31999969482422,54.5099983215332,45.48188400268555,111100
2017-07-21,54.52000045776367,54.689998626708984,54.0,54.65999984741211,45.607032775878906,193000
2017-07-24,54.70000076293945,55.689998626708984,54.27000045776367,55.119998931884766,45.9908447265625,410400
2017-07-25,55.540000915527344,55.75,54.9900016784668,55.5099983215332,46.31624984741211,409500
2017-07-26,55.5,55.5,54.18000030517578,54.36000061035156,45.356712341308594,228800
2017-07-27,54.58000183105469,54.58000183105469,54.0099983215332,54.29999923706055,45.306663513183594,217200
2017-07-28,54.119998931884766,54.630001068115234,54.119998931884766,54.470001220703125,45.448509216308594,242500
2017-07-31,54.599998474121094,55.27000045776367,54.290000915527344,54.33000183105469,45.33168029785156,318200
2017-08-01,55.04999923706055,55.38999938964844,54.5,54.880001068115234,45.790592193603516,443700
2017-08-02,53.869998931884766,53.93000030517578,51.86000061035156,52.75,44.013370513916016,598300
2017-08-03,52.61000061035156,53.029998779296875,51.52000045776367,51.79999923706055,43.2207145690918,390500
2017-08-04,52.029998779296875,52.7400016784668,51.79999923706055,52.66999816894531,43.946624755859375,327400
2017-08-07,52.619998931884766,52.84000015258789,52.290000915527344,52.529998779296875,43.829803466796875,223100
2017-08-08,52.400001525878906,53.0,52.09000015258789,52.27000045776367,43.61287307739258,244200
2017-08-09,51.790000915527344,52.130001068115234,51.61000061035156,51.93000030517578,43.32917785644531,217300
2017-08-10,51.5099983215332,51.81999969482422,51.36000061035156,51.439998626708984,42.920345306396484,239600
2017-08-11,50.72999954223633,51.75,50.560001373291016,51.58000183105469,43.03715515136719,294900
2017-08-14,51.7599983215332,52.16999816894531,51.5,51.939998626708984,43.337528228759766,406200
2017-08-15,53.93000030517578,53.93000030517578,52.15999984741211,52.45000076293945,43.76305389404297,478800
2017-08-16,52.529998779296875,52.90999984741211,52.349998474121094,52.869998931884766,44.11349868774414,320300
2017-08-17,52.77000045776367,52.77000045776367,51.18000030517578,51.209999084472656,42.72842788696289,446900
2017-08-18,51.150001525878906,52.06999969482422,50.95000076293945,51.65999984741211,43.10390853881836,360100
2017-08-21,51.84000015258789,52.04999923706055,51.58000183105469,51.709999084472656,43.145626068115234,253700
2017-08-22,52.25,52.25,51.849998474121094,51.869998931884766,43.279117584228516,292900
2017-08-23,51.40999984741211,52.15999984741211,51.380001068115234,51.9900016784668,43.6442985534668,1274100
2017-08-24,52.27000045776367,52.27000045776367,51.81999969482422,51.849998474121094,43.52676773071289,261100
2017-08-25,52.18000030517578,52.5,52.09000015258789,52.33000183105469,43.92970657348633,237700
2017-08-28,52.65999984741211,52.72999954223633,51.650001525878906,51.880001068115234,43.551944732666016,284800
2017-08-29,51.59000015258789,52.25,51.369998931884766,51.9900016784668,43.6442985534668,289700
2017-08-30,52.040000915527344,52.380001068115234,51.880001068115234,52.2599983215332,43.87095260620117,205200
2017-08-31,52.61000061035156,52.880001068115234,52.31999969482422,52.68000030517578,44.22352981567383,234700
2017-09-01,52.93000030517578,53.66999816894531,52.779998779296875,53.43000030517578,44.85313415527344,170900
2017-09-05,53.470001220703125,53.68000030517578,52.40999984741211,52.5099983215332,44.080806732177734,151000
2017-09-06,52.709999084472656,53.029998779296875,52.400001525878906,52.689998626708984,44.23191833496094,593300
2017-09-07,52.7400016784668,53.040000915527344,52.400001525878906,52.84000015258789,44.357845306396484,189500
2017-09-08,52.650001525878906,52.650001525878906,52.130001068115234,52.40999984741211,43.99686050415039,257300
2017-09-11,52.79999923706055,53.5099983215332,52.79999923706055,53.2400016784668,44.693641662597656,214400
2017-09-12,53.380001068115234,53.720001220703125,52.84000015258789,52.93000030517578,44.43339920043945,269800
2017-09-13,52.959999084472656,53.349998474121094,52.599998474121094,53.13999938964844,44.609683990478516,287800
2017-09-14,53.060001373291016,53.5099983215332,53.060001373291016,53.349998474121094,44.785980224609375,369000
2017-09-15,53.2599983215332,53.38999938964844,53.040000915527344,53.29999923706055,44.74399948120117,342100
2017-09-18,53.70000076293945,53.93000030517578,53.56999969482422,53.65999984741211,45.046207427978516,178900
2017-09-19,53.720001220703125,53.939998626708984,53.560001373291016,53.7400016784668,45.11337661743164,362600
2017-09-20,54.06999969482422,54.06999969482422,53.47999954223633,53.709999084472656,45.08818817138672,371700
2017-09-21,53.970001220703125,55.43000030517578,53.95000076293945,55.310001373291016,46.43135452270508,453000
2017-09-22,55.29999923706055,55.88999938964844,55.130001068115234,55.79999923706055,46.84269714355469,319400
2017-09-25,55.81999969482422,56.0,55.529998779296875,55.54999923706055,46.6328239440918,278800
2017-09-26,55.83000183105469,55.83000183105469,55.2400016784668,55.38999938964844,46.498504638671875,339800
2017-09-27,55.75,56.45000076293945,55.33000183105469,56.02000045776367,47.027374267578125,298700
2017-09-28,56.11000061035156,56.369998931884766,55.81999969482422,56.34000015258789,47.29600524902344,237700
2017-09-29,56.349998474121094,56.349998474121094,55.72999954223633,55.79999923706055,46.84269714355469,405400
2017-10-02,55.54999923706055,57.470001220703125,55.5,57.38999938964844,48.177452087402344,368300
2017-10-03,57.709999084472656,57.81999969482422,56.810001373291016,57.63999938964844,48.38732147216797,295900
2017-10-04,57.77000045776367,57.9900016784668,57.290000915527344,57.34000015258789,48.13547897338867,223500
2017-10-05,57.7400016784668,57.79999923706055,57.310001373291016,57.4900016784668,48.26140213012695,165200
2017-10-06,57.279998779296875,57.650001525878906,57.02000045776367,57.36000061035156,48.15227127075195,252700
2017-10-09,57.36000061035156,57.849998474121094,57.130001068115234,57.290000915527344,48.093509674072266,165800
2017-10-10,57.540000915527344,58.13999938964844,57.380001068115234,57.599998474121094,48.35374450683594,334100
2017-10-11,57.68000030517578,58.25,57.66999816894531,58.029998779296875,48.7147102355957,292300
2017-10-12,57.93000030517578,58.75,57.720001220703125,58.59000015258789,49.18482971191406,178600
2017-10-13,58.95000076293945,59.119998931884766,58.599998474121094,58.72999954223633,49.302345275878906,188900
2017-10-16,58.9900016784668,59.029998779296875,58.36000061035156,58.5099983215332,49.117671966552734,178200
2017-10-17,58.31999969482422,58.540000915527344,58.0,58.43000030517578,49.050514221191406,203500
2017-10-18,58.63999938964844,58.81999969482422,58.369998931884766,58.689998626708984,49.26877212524414,224500
2017-10-19,58.459999084472656,58.65999984741211,58.02000045776367,58.560001373291016,49.159645080566406,259500
2017-10-20,59.06999969482422,59.20000076293945,58.43000030517578,58.56999969482422,49.16804122924805,194700
2017-10-23,58.790000915527344,59.15999984741211,58.310001373291016,58.36000061035156,48.99174880981445,275600
2017-10-24,58.599998474121094,60.060001373291016,58.599998474121094,59.93000030517578,50.309722900390625,331500
2017-10-25,59.5099983215332,60.040000915527344,58.939998626708984,59.150001525878906,49.65492630004883,282200
2017-10-26,59.619998931884766,59.90999984741211,59.529998779296875,59.880001068115234,50.26774597167969,228100
2017-10-27,59.849998474121094,60.04999923706055,59.31999969482422,60.02000045776367,50.385276794433594,274400
2017-10-30,60.040000915527344,60.380001068115234,59.95000076293945,60.16999816894531,50.51120376586914,483500
2017-10-31,60.34000015258789,61.119998931884766,60.04999923706055,60.959999084472656,51.174373626708984,340100
2017-11-01,61.189998626708984,64.20999908447266,61.189998626708984,63.290000915527344,53.1303596496582,671600
2017-11-02,63.59000015258789,63.70000076293945,62.54999923706055,62.709999084472656,52.64346694946289,874700
2017-11-03,62.529998779296875,64.16000366210938,62.43000030517578,63.9900016784668,53.717994689941406,581800
2017-11-06,64.4800033569336,64.66000366210938,64.02999877929688,64.26000213623047,53.94465637207031,443900
2017-11-07,64.33000183105469,64.3499984741211,63.4900016784668,63.790000915527344,53.550086975097656,372600
2017-11-08,63.439998626708984,63.65999984741211,62.43000030517578,63.540000915527344,53.34021759033203,320300
2017-11-09,62.7599983215332,63.45000076293945,61.970001220703125,62.209999084472656,52.223724365234375,344700
2017-11-10,62.2599983215332,62.43000030517578,61.540000915527344,62.2400016784668,52.24891662597656,295700
2017-11-13,61.88999938964844,61.9900016784668,61.43000030517578,61.56999969482422,51.686466217041016,378200
2017-11-14,61.2400016784668,61.279998779296875,60.16999816894531,60.2400016784668,50.56995391845703,406100
2017-11-15,59.97999954223633,60.380001068115234,59.52000045776367,59.52000045776367,49.965538024902344,563700
2017-11-16,60.040000915527344,61.0,59.959999084472656,60.47999954223633,50.77143478393555,462200
2017-11-17,60.47999954223633,60.959999084472656,60.380001068115234,60.540000915527344,50.82179260253906,239000
2017-11-20,60.560001373291016,60.689998626708984,60.189998626708984,60.59000015258789,50.86376953125,329100
2017-11-21,60.79999923706055,61.22999954223633,60.75,61.20000076293945,51.37584686279297,270900
2017-11-22,61.06999969482422,61.2400016784668,60.619998931884766,60.66999816894531,51.19443130493164,283400
2017-11-24,60.88999938964844,61.439998626708984,60.77000045776367,61.38999938964844,51.8019905090332,135900
2017-11-27,61.38999938964844,61.38999938964844,60.47999954223633,60.77000045776367,51.2788200378418,263700
2017-11-28,60.790000915527344,61.060001373291016,60.43000030517578,60.630001068115234,51.16067886352539,292300
2017-11-29,61.0,62.4900016784668,60.790000915527344,61.79999923706055,52.147953033447266,444000
2017-11-30,62.08000183105469,62.08000183105469,61.11000061035156,61.2400016784668,51.675411224365234,279700
2017-12-01,61.52000045776367,61.52000045776367,59.59000015258789,60.5099983215332,51.05942153930664,312200
2017-12-04,61.2400016784668,61.29999923706055,60.2599983215332,60.47999954223633,51.03410339355469,292500
2017-12-05,60.43000030517578,60.599998474121094,59.619998931884766,59.77000045776367,50.434993743896484,214000
2017-12-06,59.66999816894531,59.779998779296875,59.119998931884766,59.189998626708984,49.945579528808594,306200
2017-12-07,59.45000076293945,59.66999816894531,59.0,59.18000030517578,49.937137603759766,235000
2017-12-08,59.720001220703125,59.720001220703125,58.43000030517578,58.470001220703125,49.338035583496094,258600
2017-12-11,58.970001220703125,59.060001373291016,58.459999084472656,58.599998474121094,49.44771957397461,246900
2017-12-12,58.7599983215332,58.7599983215332,57.880001068115234,57.939998626708984,48.89081573486328,212100
2017-12-13,58.060001373291016,58.09000015258789,57.439998626708984,57.540000915527344,48.55327606201172,230400
2017-12-14,57.65999984741211,57.65999984741211,55.97999954223633,56.0099983215332,47.262237548828125,312100
2017-12-15,56.27000045776367,58.099998474121094,56.27000045776367,57.599998474121094,48.603912353515625,743500
2017-12-18,58.150001525878906,58.59000015258789,58.02000045776367,58.36000061035156,49.24522018432617,235100
2017-12-19,61.25,61.66999816894531,60.29999923706055,61.27000045776367,51.700721740722656,699700
2017-12-20,61.56999969482422,61.849998474121094,61.16999816894531,61.81999969482422,52.164833068847656,836700
2017-12-21,62.02000045776367,63.0099983215332,61.95000076293945,63.0099983215332,53.168975830078125,1646800
2017-12-22,63.040000915527344,63.290000915527344,62.2599983215332,62.310001373291016,52.578304290771484,371300
2017-12-26,62.29999923706055,62.47999954223633,61.72999954223633,62.130001068115234,52.4264030456543,182400
2017-12-27,62.11000061035156,62.689998626708984,61.900001525878906,61.95000076293945,52.274513244628906,503100
2017-12-28,62.220001220703125,62.220001220703125,61.61000061035156,61.93000030517578,52.25764465332031,160200
2017-12-29,62.040000915527344,62.209999084472656,61.4900016784668,61.59000015258789,51.97074890136719,217800
2018-01-02,62.029998779296875,62.560001373291016,61.7400016784668,62.540000915527344,52.77238082885742,239400
2018-01-03,62.779998779296875,63.08000183105469,62.349998474121094,62.849998474121094,53.033958435058594,227000
2018-01-04,63.290000915527344,63.290000915527344,62.77000045776367,62.880001068115234,53.05927658081055,149200
2018-01-05,63.619998931884766,65.54000091552734,63.619998931884766,65.44000244140625,55.219444274902344,303100
2018-01-08,65.45999908447266,65.91000366210938,64.9800033569336,65.66000366210938,55.405086517333984,397100
2018-01-09,65.7300033569336,66.44999694824219,65.5199966430664,65.93000030517578,55.63292694091797,347700
2018-01-10,65.69000244140625,65.69000244140625,64.7699966430664,65.45999908447266,55.23630905151367,986300
2018-01-11,65.79000091552734,66.56999969482422,65.4800033569336,66.4000015258789,56.029510498046875,739100
2018-01-12,66.73999786376953,67.44999694824219,66.47000122070312,67.23999786376953,56.738319396972656,314300
2018-01-16,68.0,68.08000183105469,66.87999725341797,67.16999816894531,56.67924880981445,899100
2018-01-17,67.3499984741211,67.4800033569336,66.45999908447266,66.79000091552734,56.35860824584961,422400
2018-01-18,66.5199966430664,66.80999755859375,66.0999984741211,66.51000213623047,56.12232208251953,259100
2018-01-19,66.5999984741211,67.58000183105469,66.20999908447266,67.58000183105469,57.02521896362305,235500
2018-01-22,67.47000122070312,67.8499984741211,67.18000030517578,67.8499984741211,57.25304412841797,587800
2018-01-23,67.93000030517578,67.93000030517578,67.13999938964844,67.4800033569336,56.940834045410156,358500
2018-01-24,67.80000305175781,68.19000244140625,67.04000091552734,67.29000091552734,56.780513763427734,222600
2018-01-25,67.95999908447266,68.08999633789062,67.12000274658203,67.94000244140625,57.32899475097656,321500
2018-01-26,68.06999969482422,68.62999725341797,67.16000366210938,68.4800033569336,57.78464126586914,224800
2018-01-29,68.44999694824219,68.44999694824219,67.41999816894531,67.70999908447266,57.134918212890625,286100
2018-01-30,67.29000091552734,67.7699966430664,67.19999694824219,67.73999786376953,57.160221099853516,479300
2018-01-31,68.2300033569336,68.33999633789062,67.4800033569336,67.63999938964844,57.075843811035156,411400
2018-02-01,67.55999755859375,67.55999755859375,66.18000030517578,67.12999725341797,56.64548873901367,289200
2018-02-02,66.69999694824219,66.69999694824219,65.18000030517578,65.5,55.27006530761719,690200
2018-02-05,65.08999633789062,65.8499984741211,62.630001068115234,62.720001220703125,52.92426300048828,727900
2018-02-06,61.2599983215332,64.44000244140625,60.790000915527344,64.18000030517578,54.15624237060547,651400
2018-02-07,64.47000122070312,67.91000366210938,64.3499984741211,66.80000305175781,56.36702346801758,893300
2018-02-08,67.0,67.12999725341797,61.90999984741211,61.97999954223633,52.29983139038086,952000
2018-02-09,62.959999084472656,63.20000076293945,60.119998931884766,62.150001525878906,52.44328689575195,797100
2018-02-12,62.689998626708984,63.61000061035156,62.209999084472656,63.20000076293945,53.32929229736328,814400
2018-02-13,62.93000030517578,63.66999816894531,62.70000076293945,63.400001525878906,53.498046875,376200
2018-02-14,62.77000045776367,64.77999877929688,62.77000045776367,64.69999694824219,54.59501266479492,359900
2018-02-15,65.19000244140625,65.19000244140625,63.540000915527344,64.44999694824219,54.38405227661133,324000
2018-02-16,64.18000030517578,64.4000015258789,63.7400016784668,63.900001525878906,53.91997146606445,397900
2018-02-20,63.650001525878906,64.58999633789062,63.5099983215332,63.81999969482422,53.852455139160156,375700
2018-02-21,63.97999954223633,64.94000244140625,63.54999923706055,63.619998931884766,53.68370056152344,479200
2018-02-22,63.689998626708984,64.58999633789062,63.279998779296875,63.81999969482422,54.12042236328125,350300
2018-02-23,64.37000274658203,64.81999969482422,63.90999984741211,64.58000183105469,54.76491928100586,304900
2018-02-26,64.93000030517578,64.93000030517578,63.83000183105469,64.52999877929688,54.7225227355957,964400
2018-02-27,64.52999877929688,64.52999877929688,62.709999084472656,62.7400016784668,53.20457077026367,495800
2018-02-28,62.900001525878906,62.900001525878906,60.18000030517578,60.18000030517578,51.03364944458008,1420000
2018-03-01,60.20000076293945,60.75,59.56999969482422,60.20000076293945,51.05060577392578,427600
2018-03-02,59.61000061035156,60.25,58.84000015258789,60.119998931884766,50.982765197753906,382700
2018-03-05,59.72999954223633,60.959999084472656,59.4900016784668,60.43000030517578,51.24564743041992,634800
2018-03-06,60.77000045776367,61.290000915527344,59.83000183105469,60.779998779296875,51.54245376586914,667800
2018-03-07,60.529998779296875,61.470001220703125,60.099998474121094,60.7400016784668,51.5085334777832,594300
2018-03-08,61.09000015258789,61.09000015258789,60.02000045776367,60.5,51.30500411987305,406500
2018-03-09,60.7599983215332,62.11000061035156,60.7599983215332,62.029998779296875,52.60247039794922,300100
2018-03-12,62.18000030517578,62.66999816894531,61.900001525878906,62.150001525878906,52.7042350769043,361800
2018-03-13,62.58000183105469,62.95000076293945,61.66999816894531,61.849998474121094,52.4498291015625,926200
2018-03-14,62.18000030517578,62.25,60.9900016784668,61.119998931884766,51.83078384399414,588600
2018-03-15,61.2400016784668,61.380001068115234,60.27000045776367,60.310001373291016,51.14388656616211,322100
2018-03-16,60.33000183105469,61.27000045776367,59.70000076293945,59.75,50.66899871826172,767900
2018-03-19,59.599998474121094,60.02000045776367,58.66999816894531,59.16999816894531,50.17715072631836,335400
2018-03-20,58.9900016784668,59.11000061035156,58.20000076293945,58.47999954223633,49.592010498046875,378300
2018-03-21,58.459999084472656,59.560001373291016,58.130001068115234,58.939998626708984,49.98210144042969,395300
2018-03-22,58.27000045776367,58.66999816894531,56.93000030517578,57.0,48.336944580078125,532100
2018-03-23,57.08000183105469,57.33000183105469,55.5099983215332,55.599998474121094,47.14972686767578,423800
2018-03-26,56.40999984741211,56.630001068115234,55.58000183105469,56.529998779296875,47.93838119506836,336400
2018-03-27,56.59000015258789,56.59000015258789,54.720001220703125,54.93000030517578,46.58155822753906,439700
2018-03-28,54.970001220703125,55.779998779296875,54.470001220703125,54.54999923706055,46.25930404663086,748800
2018-03-29,54.95000076293945,56.0,54.95000076293945,55.720001220703125,47.251495361328125,327200
2018-04-02,55.54999923706055,55.97999954223633,53.18000030517578,53.790000915527344,45.61481857299805,375800
2018-04-03,53.93000030517578,54.97999954223633,53.63999938964844,54.77000045776367,46.44586944580078,673000
2018-04-04,53.560001373291016,54.79999923706055,53.279998779296875,54.7400016784668,46.42043685913086,697500
2018-04-05,55.2599983215332,56.130001068115234,54.91999816894531,55.7400016784668,47.268463134765625,315000
2018-04-06,55.18000030517578,55.38999938964844,53.7400016784668,54.13999938964844,45.911617279052734,391500
2018-04-09,54.59000015258789,54.959999084472656,53.970001220703125,54.15999984741211,45.92857360839844,273100
2018-04-10,55.13999938964844,55.70000076293945,54.75,55.29999923706055,46.89531707763672,337800
2018-04-11,54.95000076293945,54.9900016784668,54.31999969482422,54.790000915527344,46.46284484863281,460600
2018-04-12,55.189998626708984,55.33000183105469,54.959999084472656,55.09000015258789,46.71724319458008,264700
2018-04-13,55.41999816894531,55.41999816894531,54.560001373291016,54.93000030517578,46.58155822753906,242900
2018-04-16,55.290000915527344,55.970001220703125,54.93000030517578,55.939998626708984,47.43804931640625,154700
2018-04-17,56.2400016784668,56.41999816894531,55.779998779296875,56.209999084472656,47.667022705078125,425900
2018-04-18,56.5099983215332,57.209999084472656,56.5099983215332,56.88999938964844,48.24367904663086,280700
2018-04-19,56.83000183105469,56.93000030517578,56.22999954223633,56.720001220703125,48.09950637817383,390800
2018-04-20,56.88999938964844,56.88999938964844,56.290000915527344,56.84000015258789,48.20126724243164,316200
2018-04-23,56.810001373291016,57.09000015258789,56.20000076293945,56.599998474121094,47.997745513916016,252400
2018-04-24,56.720001220703125,57.02000045776367,54.5,55.5,47.06493377685547,373200
2018-04-25,55.97999954223633,56.529998779296875,55.38999938964844,56.18000030517578,47.64158248901367,310700
2018-04-26,56.11000061035156,56.68000030517578,55.689998626708984,56.380001068115234,47.811180114746094,261300
2018-04-27,56.470001220703125,56.66999816894531,55.63999938964844,56.209999084472656,47.667022705078125,198200
2018-04-30,56.2400016784668,56.529998779296875,55.86000061035156,55.86000061035156,47.370208740234375,481100
2018-05-01,55.58000183105469,55.63999938964844,54.70000076293945,55.33000183105469,46.920772552490234,507100
2018-05-02,55.630001068115234,56.08000183105469,55.34000015258789,55.47999954223633,47.047969818115234,347400
2018-05-03,55.97999954223633,55.97999954223633,54.43000030517578,55.290000915527344,46.8868408203125,426700
2018-05-04,55.08000183105469,56.560001373291016,55.060001373291016,56.31999969482422,47.76030349731445,250400
2018-05-07,56.18000030517578,56.68000030517578,55.61000061035156,55.7599983215332,47.28540802001953,401200
2018-05-08,56.40999984741211,61.20000076293945,56.36000061035156,60.0,50.88100051879883,1328700
2018-05-09,60.83000183105469,61.29999923706055,60.25,61.220001220703125,51.91558074951172,1120800
2018-05-10,61.45000076293945,61.79999923706055,60.95000076293945,61.650001525878906,52.280235290527344,590400
2018-05-11,61.52000045776367,62.18000030517578,61.45000076293945,61.5,52.15302276611328,544700
2018-05-14,61.72999954223633,62.36000061035156,60.849998474121094,61.0,51.72902297973633,876800
2018-05-15,60.7599983215332,61.16999816894531,60.43000030517578,61.16999816894531,51.8731803894043,380800
2018-05-16,61.61000061035156,61.9900016784668,60.970001220703125,61.380001068115234,52.051265716552734,626500
2018-05-17,61.310001373291016,61.959999084472656,61.11000061035156,61.40999984741211,52.07670211791992,511900
2018-05-18,61.290000915527344,61.709999084472656,60.540000915527344,60.56999969482422,51.3643684387207,606500
2018-05-21,61.08000183105469,61.08000183105469,59.66999816894531,60.04999923706055,50.923397064208984,904700
2018-05-22,60.130001068115234,60.84000015258789,59.470001220703125,59.5,50.456993103027344,840000
2018-05-23,59.27000045776367,59.40999984741211,58.5,59.0099983215332,50.04145431518555,446100
2018-05-24,58.72999954223633,59.380001068115234,58.38999938964844,58.70000076293945,50.05852508544922,398400
2018-05-25,58.33000183105469,58.869998931884766,57.86000061035156,58.779998779296875,50.12675094604492,490000
2018-05-29,58.41999816894531,59.4900016784668,58.41999816894531,59.349998474121094,50.61282730102539,574600
2018-05-30,59.779998779296875,60.66999816894531,59.65999984741211,60.36000061035156,51.474143981933594,447000
2018-05-31,60.45000076293945,60.63999938964844,60.15999984741211,60.25,51.38034439086914,695100
2018-06-01,60.7599983215332,62.08000183105469,60.7599983215332,61.61000061035156,52.540138244628906,639900
2018-06-04,62.41999816894531,62.97999954223633,62.09000015258789,62.79999923706055,53.5549430847168,645700
2018-06-05,62.81999969482422,63.34000015258789,62.47999954223633,63.09000015258789,53.80224609375,699700
2018-06-06,63.310001373291016,64.2699966430664,63.189998626708984,64.2300033569336,54.774436950683594,528900
2018-06-07,64.08999633789062,64.2699966430664,63.4900016784668,63.72999954223633,54.3480339050293,946500
2018-06-08,63.4900016784668,64.30000305175781,63.29999923706055,64.0999984741211,54.6635627746582,495900
2018-06-11,64.0999984741211,64.38999938964844,63.7599983215332,63.86000061035156,54.458900451660156,256600
2018-06-12,64.12000274658203,64.38999938964844,63.65999984741211,63.93000030517578,54.518592834472656,285500
2018-06-13,64.0,64.12999725341797,63.52000045776367,63.90999984741211,54.50154113769531,412800
2018-06-14,64.0,64.7699966430664,63.650001525878906,64.6500015258789,55.132598876953125,717300
2018-06-15,64.58999633789062,64.58999633789062,63.63999938964844,63.849998474121094,54.45037078857422,654300
2018-06-18,63.369998931884766,63.709999084472656,63.13999938964844,63.33000183105469,54.006919860839844,320900
2018-06-19,62.58000183105469,62.58000183105469,61.11000061035156,61.650001525878906,52.574241638183594,366800
2018-06-20,61.79999923706055,61.95000076293945,61.34000015258789,61.650001525878906,52.574241638183594,400100
2018-06-21,61.59000015258789,61.720001220703125,60.47999954223633,60.630001068115234,51.70439529418945,709800
2018-06-22,61.869998931884766,62.59000015258789,61.400001525878906,62.45000076293945,53.2564697265625,743400
2018-06-25,62.150001525878906,62.380001068115234,60.970001220703125,61.36000061035156,52.326942443847656,312700
2018-06-26,61.560001373291016,61.88999938964844,61.25,61.529998779296875,52.471900939941406,370800
2018-06-27,61.66999816894531,62.83000183105469,61.349998474121094,61.45000076293945,52.4036750793457,334600
2018-06-28,61.849998474121094,61.849998474121094,60.290000915527344,61.400001525878906,52.36104202270508,322500
2018-06-29,61.56999969482422,62.529998779296875,61.529998779296875,61.77000045776367,52.676578521728516,303900
2018-07-02,61.18000030517578,61.599998474121094,60.880001068115234,61.5099983215332,52.45484924316406,165800
2018-07-03,62.0,62.380001068115234,60.83000183105469,60.90999984741211,51.94317626953125,131100
2018-07-05,61.31999969482422,61.689998626708984,60.79999923706055,61.619998931884766,52.54866027832031,240900
2018-07-06,61.310001373291016,62.0,60.84000015258789,61.599998474121094,52.53160858154297,232600
2018-07-09,61.9900016784668,62.7400016784668,61.90999984741211,62.650001525878906,53.427024841308594,290500
2018-07-10,62.86000061035156,63.58000183105469,62.630001068115234,63.41999816894531,54.08367156982422,189600
2018-07-11,62.70000076293945,63.15999984741211,61.959999084472656,62.439998626708984,53.24795150756836,534800
2018-07-12,62.849998474121094,63.119998931884766,62.220001220703125,62.97999954223633,53.708438873291016,251800
2018-07-13,62.900001525878906,63.439998626708984,62.75,62.900001525878906,53.64021682739258,113000
2018-07-16,63.33000183105469,63.540000915527344,62.38999938964844,62.70000076293945,53.469661712646484,245600
2018-07-17,62.709999084472656,66.0,62.70000076293945,65.7300033569336,56.0536003112793,614000
2018-07-18,65.58999633789062,65.77999877929688,64.12999725341797,65.73999786376953,56.0621337890625,573500
2018-07-19,65.54000091552734,67.0,65.54000091552734,66.72000122070312,56.897850036621094,556000
2018-07-20,66.70999908447266,66.70999908447266,65.62000274658203,65.66999816894531,56.002437591552734,197800
2018-07-23,65.7699966430664,65.8499984741211,64.2699966430664,64.36000061035156,54.88528823852539,252600
2018-07-24,64.87000274658203,65.80999755859375,64.36000061035156,64.7699966430664,55.23493194580078,255000
2018-07-25,64.66999816894531,64.9800033569336,64.01000213623047,64.81999969482422,55.27757263183594,249200
2018-07-26,64.55999755859375,65.91999816894531,64.41999816894531,65.80999755859375,56.1218147277832,260400
2018-07-27,65.80000305175781,65.83000183105469,65.23999786376953,65.58000183105469,55.925682067871094,199900
2018-07-30,65.63999938964844,66.12000274658203,65.18000030517578,65.25,55.64426803588867,157500
2018-07-31,65.54000091552734,66.2699966430664,65.20999908447266,66.0999984741211,56.3691291809082,197100
2018-08-01,65.93000030517578,66.25,65.04000091552734,65.4800033569336,55.84040451049805,249000
2018-08-02,64.91000366210938,65.77999877929688,64.62000274658203,65.73999786376953,56.0621337890625,218700
2018-08-03,65.87999725341797,67.08999633789062,65.5999984741211,66.81999969482422,56.983131408691406,301200
2018-08-06,66.47000122070312,67.58999633789062,66.25,67.06999969482422,57.19633483886719,259500
2018-08-07,66.4800033569336,67.80000305175781,63.810001373291016,63.88999938964844,54.4844856262207,517900
2018-08-08,64.18000030517578,65.68000030517578,64.18000030517578,64.68000030517578,55.15817642211914,645300
2018-08-09,64.73999786376953,65.55000305175781,64.72000122070312,65.1500015258789,55.55900192260742,240400
2018-08-10,64.97000122070312,64.97000122070312,64.06999969482422,64.52999877929688,55.0302619934082,225400
2018-08-13,64.54000091552734,64.80999755859375,63.38999938964844,63.709999084472656,54.330970764160156,399200
2018-08-14,63.93000030517578,64.83000183105469,63.93000030517578,64.66000366210938,55.14112091064453,331400
2018-08-15,64.18000030517578,64.26000213623047,62.7599983215332,62.9900016784668,53.71697235107422,426200
2018-08-16,63.529998779296875,64.44000244140625,62.91999816894531,63.79999923706055,54.40773010253906,279900
2018-08-17,63.7599983215332,64.66000366210938,63.599998474121094,64.4800033569336,54.98762130737305,238200
2018-08-20,64.66999816894531,65.36000061035156,64.66999816894531,64.93000030517578,55.37137222290039,184800
2018-08-21,64.9800033569336,66.02999877929688,64.88999938964844,65.55999755859375,55.908626556396484,400400
2018-08-22,65.52999877929688,66.02999877929688,65.19999694824219,65.81999969482422,56.13035202026367,258200
2018-08-23,65.58999633789062,65.58999633789062,64.70999908447266,64.91999816894531,55.362850189208984,195200
2018-08-24,65.26000213623047,65.86000061035156,64.94999694824219,65.4800033569336,55.84040451049805,341800
2018-08-27,65.83999633789062,67.0199966430664,65.83999633789062,66.25,56.49706268310547,224000
2018-08-28,66.33999633789062,66.6500015258789,65.62999725341797,65.79000091552734,56.104774475097656,292600
2018-08-29,65.75,65.86000061035156,64.94999694824219,65.56999969482422,55.91715621948242,242000
2018-08-30,65.08000183105469,65.37999725341797,64.66999816894531,64.94999694824219,55.66859436035156,312500
2018-08-31,65.0999984741211,65.55000305175781,64.7300033569336,64.91999816894531,55.642887115478516,295900
2018-09-04,64.79000091552734,65.30999755859375,64.12000274658203,64.20999908447266,55.03434753417969,354000
2018-09-05,64.02999877929688,64.63999938964844,63.83000183105469,63.90999984741211,54.7772216796875,410400
2018-09-06,64.08000183105469,64.41999816894531,63.599998474121094,64.0,54.85436248779297,422600
2018-09-07,63.47999954223633,64.16000366210938,63.13999938964844,63.70000076293945,54.59722900390625,321800
2018-09-10,63.970001220703125,64.25,62.849998474121094,62.91999816894531,53.92868423461914,372200
2018-09-11,62.650001525878906,62.84000015258789,62.060001373291016,62.34000015258789,53.431575775146484,390900
2018-09-12,62.459999084472656,62.66999816894531,61.90999984741211,61.9900016784668,53.131587982177734,425100
2018-09-13,62.2599983215332,63.2400016784668,62.2599983215332,62.61000061035156,53.662986755371094,400300
2018-09-14,62.81999969482422,63.61000061035156,62.790000915527344,62.959999084472656,53.96295928955078,289700
2018-09-17,62.59000015258789,63.25,62.5,62.619998931884766,53.67155456542969,441300
2018-09-18,62.779998779296875,63.310001373291016,62.279998779296875,62.959999084472656,53.96295928955078,359600
2018-09-19,63.150001525878906,64.19000244140625,63.09000015258789,64.01000213623047,54.86292266845703,279000
2018-09-20,64.43000030517578,65.61000061035156,64.29000091552734,65.37999725341797,56.037147521972656,354000
2018-09-21,65.66999816894531,66.0,65.54000091552734,65.69000244140625,56.302860260009766,665600
2018-09-24,65.81999969482422,65.81999969482422,64.63999938964844,65.27999877929688,55.95145797729492,460100
2018-09-25,65.38999938964844,65.88999938964844,65.08999633789062,65.45999908447266,56.105716705322266,314400
2018-09-26,64.97000122070312,65.58999633789062,64.55000305175781,64.87999725341797,55.60859298706055,444100
2018-09-27,64.93000030517578,64.93000030517578,63.369998931884766,63.400001525878906,54.340091705322266,378200
2018-09-28,63.209999084472656,63.63999938964844,62.58000183105469,62.720001220703125,53.757266998291016,899700
2018-10-01,63.29999923706055,63.709999084472656,62.38999938964844,62.75,53.782981872558594,1050300
2018-10-02,62.900001525878906,63.43000030517578,62.5,63.290000915527344,54.24582290649414,536200
2018-10-03,63.439998626708984,65.0199966430664,63.25,64.44999694824219,55.240047454833984,276600
2018-10-04,64.22000122070312,64.9000015258789,64.0199966430664,64.27999877929688,55.09435272216797,283300
2018-10-05,64.08999633789062,64.51000213623047,63.33000183105469,63.7599983215332,54.648651123046875,356900
2018-10-08,64.2699966430664,65.02999877929688,63.90999984741211,64.3499984741211,55.154327392578125,391000
2018-10-09,63.75,63.77000045776367,61.369998931884766,61.38999938964844,52.61732482910156,449000
2018-10-10,61.31999969482422,61.31999969482422,56.08000183105469,56.97999954223633,48.8375129699707,1105200
2018-10-11,56.619998931884766,56.709999084472656,54.369998931884766,54.439998626708984,46.66048049926758,878800
2018-10-12,55.36000061035156,55.36000061035156,53.119998931884766,53.40999984741211,45.77766799926758,454100
2018-10-15,53.45000076293945,54.08000183105469,52.900001525878906,53.83000183105469,46.137657165527344,535600
2018-10-16,54.150001525878906,55.34000015258789,53.63999938964844,55.220001220703125,47.32902145385742,285800
2018-10-17,55.13999938964844,55.13999938964844,54.0099983215332,54.189998626708984,46.446205139160156,329500
2018-10-18,54.029998779296875,54.34000015258789,52.060001373291016,52.2400016784668,44.77486038208008,430200
2018-10-19,52.400001525878906,52.70000076293945,51.290000915527344,51.560001373291016,44.19204330444336,367400
2018-10-22,52.38999938964844,52.38999938964844,50.599998474121094,50.689998626708984,43.44636154174805,463900
2018-10-23,49.27000045776367,50.619998931884766,48.27000045776367,50.279998779296875,43.09494400024414,489500
2018-10-24,50.099998474121094,50.38999938964844,47.599998474121094,47.66999816894531,40.8579216003418,471100
2018-10-25,48.27000045776367,49.38999938964844,48.130001068115234,48.95000076293945,41.95500946044922,251700
2018-10-26,48.099998474121094,48.93000030517578,46.900001525878906,48.20000076293945,41.31218338012695,428000
2018-10-29,49.04999923706055,49.86000061035156,47.310001373291016,47.9900016784668,41.13219451904297,305200
2018-10-30,47.900001525878906,49.66999816894531,47.63999938964844,49.529998779296875,42.4521369934082,485000
2018-10-31,49.90999984741211,50.459999084472656,48.630001068115234,48.68000030517578,41.72358703613281,421000
2018-11-01,49.38999938964844,51.959999084472656,49.220001220703125,51.84000015258789,44.432010650634766,358800
2018-11-02,52.29999923706055,53.7400016784668,52.04999923706055,52.16999816894531,44.71487045288086,591200
2018-11-05,52.65999984741211,52.959999084472656,51.06999969482422,51.400001525878906,44.05489730834961,475400
2018-11-06,49.0099983215332,50.83000183105469,46.630001068115234,50.11000061035156,42.94924545288086,1178600
2018-11-07,50.439998626708984,51.810001373291016,50.380001068115234,51.540000915527344,44.17490005493164,605500
2018-11-08,51.459999084472656,52.060001373291016,50.779998779296875,51.20000076293945,43.88347625732422,379600
2018-11-09,50.33000183105469,50.709999084472656,49.43000030517578,50.0,42.85496520996094,261400
2018-11-12,50.290000915527344,50.5099983215332,48.349998474121094,48.45000076293945,41.52645492553711,393300
2018-11-13,48.43000030517578,49.5,48.040000915527344,48.2400016784668,41.34646987915039,374500
2018-11-14,48.779998779296875,49.84000015258789,48.380001068115234,49.31999969482422,42.27213668823242,739800
2018-11-15,49.02000045776367,50.560001373291016,48.470001220703125,50.470001220703125,43.257789611816406,366800
2018-11-16,50.13999938964844,50.29999923706055,49.13999938964844,49.349998474121094,42.297847747802734,296200
2018-11-19,49.02000045776367,49.349998474121094,47.88999938964844,48.0,41.14076232910156,248200
2018-11-20,47.0,47.95000076293945,45.880001068115234,46.9900016784668,40.275089263916016,470800
2018-11-21,47.72999954223633,48.59000015258789,47.209999084472656,47.77000045776367,40.943626403808594,248600
2018-11-23,47.119998931884766,47.86000061035156,47.119998931884766,47.310001373291016,40.54936981201172,115000
2018-11-26,47.630001068115234,48.65999984741211,47.4900016784668,47.9900016784668,41.13219451904297,327100
2018-11-27,47.400001525878906,47.689998626708984,46.34000015258789,46.900001525878906,40.19795608520508,395400
2018-11-28,47.04999923706055,48.529998779296875,46.18000030517578,48.20000076293945,41.31218338012695,475000
2018-11-29,47.95000076293945,48.91999816894531,47.790000915527344,48.5,41.85588455200195,493300
2018-11-30,48.119998931884766,49.34000015258789,48.06999969482422,49.20000076293945,42.45998764038086,489300
2018-12-03,50.43000030517578,50.900001525878906,49.65999984741211,50.130001068115234,43.262577056884766,615200
2018-12-04,50.09000015258789,50.31999969482422,48.0,48.06999969482422,41.48479461669922,581000
2018-12-06,46.849998474121094,47.939998626708984,46.38999938964844,47.88999938964844,41.32944869995117,440400
2018-12-07,48.0099983215332,49.2400016784668,45.369998931884766,45.619998931884766,39.370418548583984,730400
2018-12-10,45.630001068115234,45.97999954223633,44.630001068115234,45.5,39.2668571472168,461000
2018-12-11,46.61000061035156,46.79999923706055,45.11000061035156,45.349998474121094,39.13740921020508,374100
2018-12-12,46.25,46.90999984741211,45.72999954223633,45.869998931884766,39.58617401123047,434300
2018-12-13,46.15999984741211,46.15999984741211,44.349998474121094,44.380001068115234,38.30029296875,508200
2018-12-14,43.36000061035156,44.58000183105469,42.970001220703125,43.77000045776367,37.77384948730469,606800
2018-12-17,43.66999816894531,44.45000076293945,42.150001525878906,42.349998474121094,36.54838562011719,456100
2018-12-18,42.779998779296875,43.529998779296875,42.4900016784668,42.88999938964844,37.01441192626953,712300
2018-12-19,43.38999938964844,44.0,41.529998779296875,41.93000030517578,36.185909271240234,538000
2018-12-20,41.70000076293945,42.33000183105469,40.61000061035156,41.34000015258789,35.6767578125,531100
2018-12-21,41.34000015258789,41.95000076293945,40.650001525878906,40.970001220703125,35.3574333190918,1633200
2018-12-24,40.47999954223633,40.939998626708984,40.0,40.060001373291016,34.57209777832031,182500
2018-12-26,40.22999954223633,42.130001068115234,39.56999969482422,42.06999969482422,36.30674362182617,312700
2018-12-27,41.150001525878906,42.7400016784668,41.040000915527344,42.720001220703125,36.86770248413086,524400
2018-12-28,42.7400016784668,43.2599983215332,42.18000030517578,42.5,36.67783737182617,349800
2018-12-31,42.779998779296875,43.36000061035156,42.279998779296875,42.939998626708984,37.05755615234375,391400
2019-01-02,41.9900016784668,43.900001525878906,41.79999923706055,43.459999084472656,37.506317138671875,357400
2019-01-03,43.18000030517578,43.36000061035156,42.11000061035156,42.290000915527344,36.4965934753418,369300
2019-01-04,43.279998779296875,44.4900016784668,42.63999938964844,44.209999084472656,38.15357971191406,342800
2019-01-07,44.209999084472656,45.060001373291016,43.619998931884766,44.560001373291016,38.45563888549805,544200
2019-01-08,45.130001068115234,45.59000015258789,44.599998474121094,44.7599983215332,38.62822723388672,353200
2019-01-09,45.11000061035156,45.72999954223633,44.900001525878906,45.47999954223633,39.24958419799805,254200
2019-01-10,45.11000061035156,45.939998626708984,44.68000030517578,45.91999816894531,39.629310607910156,273200
2019-01-11,45.290000915527344,45.45000076293945,44.52000045776367,45.25,39.051109313964844,466900
2019-01-14,44.849998474121094,45.810001373291016,44.63999938964844,45.380001068115234,39.163307189941406,535600
2019-01-15,45.189998626708984,45.33000183105469,44.45000076293945,44.7599983215332,38.62822723388672,274400
2019-01-16,44.90999984741211,45.7400016784668,44.869998931884766,45.56999969482422,39.3272705078125,391500
2019-01-17,45.470001220703125,46.970001220703125,45.470001220703125,46.560001373291016,40.181640625,402700
2019-01-18,47.04999923706055,47.9900016784668,47.0,47.63999938964844,41.11369705200195,161400
2019-01-22,46.81999969482422,47.47999954223633,46.220001220703125,46.4900016784668,40.12123107910156,339500
2019-01-23,46.459999084472656,46.900001525878906,44.97999954223633,45.2599983215332,39.05972671508789,299000
2019-01-24,45.209999084472656,45.95000076293945,44.93000030517578,45.369998931884766,39.1546745300293,145600
2019-01-25,46.099998474121094,47.04999923706055,46.099998474121094,46.91999816894531,40.492332458496094,234700
2019-01-28,46.45000076293945,46.84000015258789,46.04999923706055,46.40999984741211,40.05220413208008,385800
2019-01-29,46.650001525878906,47.060001373291016,46.310001373291016,46.869998931884766,40.44917678833008,200100
2019-01-30,47.099998474121094,47.77000045776367,46.880001068115234,47.43000030517578,40.932456970214844,292500
2019-01-31,46.90999984741211,47.45000076293945,46.43000030517578,46.88999938964844,40.4664421081543,232200
2019-02-01,46.59000015258789,48.11000061035156,46.59000015258789,48.040000915527344,41.45888900756836,315100
2019-02-04,47.84000015258789,48.54999923706055,47.45000076293945,48.09000015258789,41.502052307128906,286500
2019-02-05,45.27000045776367,46.70000076293945,42.84000015258789,43.38999938964844,37.44590759277344,1738500
2019-02-06,43.189998626708984,44.29999923706055,43.029998779296875,43.81999969482422,37.8170051574707,974900
2019-02-07,43.45000076293945,43.72999954223633,42.630001068115234,42.93000030517578,37.048919677734375,466100
2019-02-08,42.630001068115234,43.119998931884766,42.08000183105469,42.77000045776367,36.91084289550781,374800
2019-02-11,42.869998931884766,43.63999938964844,42.54999923706055,43.13999938964844,37.23015213012695,414600
2019-02-12,43.22999954223633,44.40999984741211,43.130001068115234,44.33000183105469,38.257144927978516,482700
2019-02-13,44.33000183105469,45.06999969482422,44.33000183105469,44.810001373291016,38.67138671875,520700
2019-02-14,44.369998931884766,45.63999938964844,44.11000061035156,45.20000076293945,39.007957458496094,646400
2019-02-15,45.75,46.619998931884766,45.459999084472656,46.52000045776367,40.147117614746094,582800
2019-02-19,46.209999084472656,47.34000015258789,46.0099983215332,46.90999984741211,40.48370361328125,398400
2019-02-20,46.90999984741211,48.04999923706055,46.849998474121094,47.619998931884766,41.096431732177734,429300
2019-02-21,47.310001373291016,48.16999816894531,46.459999084472656,46.59000015258789,40.48810577392578,412500
2019-02-22,46.849998474121094,47.95000076293945,46.849998474121094,47.66999816894531,41.42667007446289,375800
2019-02-25,47.630001068115234,48.29999923706055,47.61000061035156,47.7599983215332,41.504878997802734,728200
2019-02-26,47.61000061035156,48.20000076293945,47.38999938964844,47.689998626708984,41.44404983520508,370400
2019-02-27,47.689998626708984,47.70000076293945,47.060001373291016,47.099998474121094,40.93131637573242,393700
2019-02-28,46.70000076293945,47.0,46.220001220703125,46.880001068115234,40.740135192871094,295800
2019-03-01,47.060001373291016,47.77000045776367,46.91999816894531,47.38999938964844,41.1833381652832,322900
2019-03-04,47.540000915527344,47.75,46.59000015258789,47.540000915527344,41.313690185546875,296300
2019-03-05,47.33000183105469,47.5,46.72999954223633,46.7599983215332,40.63584518432617,320300
2019-03-06,47.08000183105469,47.25,46.099998474121094,46.16999816894531,40.12311935424805,322900
2019-03-07,46.02000045776367,46.060001373291016,44.790000915527344,46.02000045776367,39.99277114868164,681200
2019-03-08,45.529998779296875,45.709999084472656,43.31999969482422,43.720001220703125,37.99400329589844,998800
2019-03-11,44.060001373291016,44.939998626708984,43.790000915527344,44.88999938964844,39.01076126098633,360700
2019-03-12,44.939998626708984,45.290000915527344,44.630001068115234,44.869998931884766,38.993377685546875,287300
2019-03-13,45.0099983215332,45.040000915527344,44.130001068115234,44.18000030517578,38.39374542236328,477400
2019-03-14,43.869998931884766,44.22999954223633,42.790000915527344,42.849998474121094,37.237937927246094,627900
2019-03-15,42.93000030517578,43.790000915527344,42.93000030517578,43.36000061035156,37.68114471435547,724000
2019-03-18,43.84000015258789,43.84000015258789,42.970001220703125,43.119998931884766,37.47257995605469,346200
2019-03-19,43.439998626708984,43.72999954223633,42.689998626708984,42.93000030517578,37.307456970214844,320000
2019-03-20,42.83000183105469,43.25,42.279998779296875,42.779998779296875,37.1771125793457,228800
2019-03-21,42.47999954223633,43.560001373291016,42.45000076293945,43.209999084472656,37.5507926940918,192300
2019-03-22,42.90999984741211,42.90999984741211,40.75,40.790000915527344,35.44773864746094,277200
2019-03-25,40.66999816894531,40.849998474121094,40.13999938964844,40.5,35.19572067260742,489900
2019-03-26,40.849998474121094,41.2400016784668,40.310001373291016,40.689998626708984,35.36083221435547,196200
2019-03-27,40.720001220703125,41.06999969482422,40.22999954223633,40.400001525878906,35.10881042480469,274500
2019-03-28,40.5,41.11000061035156,40.470001220703125,41.11000061035156,35.725833892822266,226500
2019-03-29,41.709999084472656,41.939998626708984,41.290000915527344,41.630001068115234,36.177730560302734,399200
2019-04-01,42.2400016784668,43.380001068115234,42.13999938964844,42.900001525878906,37.28139114379883,401400
2019-04-02,43.06999969482422,43.20000076293945,42.54999923706055,42.97999954223633,37.350921630859375,216200
2019-04-03,43.470001220703125,44.040000915527344,43.470001220703125,43.65999984741211,37.94185256958008,429700
2019-04-04,43.75,44.72999954223633,43.75,44.70000076293945,38.84565353393555,397600
2019-04-05,44.75,45.349998474121094,44.75,45.310001373291016,39.375755310058594,280500
2019-04-08,45.16999816894531,45.4900016784668,44.79999923706055,45.36000061035156,39.41920852661133,313500
2019-04-09,45.11000061035156,45.130001068115234,44.459999084472656,44.529998779296875,38.697914123535156,281600
2019-04-10,44.70000076293945,45.06999969482422,44.43000030517578,44.70000076293945,38.84565353393555,217000
2019-04-11,44.81999969482422,45.290000915527344,44.56999969482422,45.16999816894531,39.25408172607422,158400
2019-04-12,45.47999954223633,45.9900016784668,44.900001525878906,45.720001220703125,39.732051849365234,296400
2019-04-15,45.81999969482422,46.369998931884766,45.52000045776367,46.290000915527344,40.2274055480957,290500
2019-04-16,46.380001068115234,47.36000061035156,46.11000061035156,47.36000061035156,41.15726852416992,277000
2019-04-17,47.56999969482422,48.16999816894531,47.40999984741211,47.97999954223633,41.69606399536133,487000
2019-04-18,48.029998779296875,48.400001525878906,47.7599983215332,48.04999923706055,41.75689697265625,184000
2019-04-22,47.849998474121094,48.18000030517578,47.29999923706055,47.38999938964844,41.1833381652832,282100
2019-04-23,47.40999984741211,48.130001068115234,46.77000045776367,47.91999816894531,41.643924713134766,291600
2019-04-24,47.83000183105469,48.29999923706055,47.290000915527344,47.38999938964844,41.1833381652832,521100
2019-04-25,47.130001068115234,47.130001068115234,45.209999084472656,45.220001220703125,39.297550201416016,229000
2019-04-26,45.349998474121094,46.0099983215332,45.04999923706055,45.959999084472656,39.94062805175781,237700
2019-04-29,45.81999969482422,46.22999954223633,45.68000030517578,45.869998931884766,39.8624153137207,266600
2019-04-30,45.849998474121094,46.09000015258789,45.029998779296875,45.380001068115234,39.436588287353516,279100
2019-05-01,45.41999816894531,46.0,45.13999938964844,45.38999938964844,39.44527053833008,390400
2019-05-02,45.060001373291016,45.5,43.939998626708984,44.95000076293945,39.06291198730469,271900
2019-05-03,44.93000030517578,47.060001373291016,44.93000030517578,46.90999984741211,40.766212463378906,415600
2019-05-06,45.880001068115234,46.5,45.220001220703125,46.189998626708984,40.1405029296875,637400
2019-05-07,45.720001220703125,48.189998626708984,45.29999923706055,47.150001525878906,40.97477722167969,892300
2019-05-08,46.75,47.18000030517578,46.29999923706055,46.84000015258789,40.70537567138672,437300
2019-05-09,46.279998779296875,46.91999816894531,45.56999969482422,46.380001068115234,40.30561828613281,534200
2019-05-10,46.70000076293945,46.970001220703125,45.5099983215332,46.52000045776367,40.427284240722656,422600
2019-05-13,45.279998779296875,45.61000061035156,43.869998931884766,44.0099983215332,38.24601745605469,470300
2019-05-14,44.11000061035156,44.84000015258789,43.79999923706055,44.47999954223633,38.65446853637695,305600
2019-05-15,44.08000183105469,44.47999954223633,43.790000915527344,44.22999954223633,38.437191009521484,283500
2019-05-16,44.470001220703125,44.56999969482422,43.810001373291016,43.880001068115234,38.1330451965332,351500
2019-05-17,43.380001068115234,43.81999969482422,42.7400016784668,42.79999923706055,37.194496154785156,213800
2019-05-20,42.310001373291016,42.880001068115234,42.0099983215332,42.38999938964844,36.838191986083984,216200
2019-05-21,42.779998779296875,43.900001525878906,42.380001068115234,43.790000915527344,38.054832458496094,333300
2019-05-22,43.58000183105469,43.63999938964844,42.720001220703125,42.720001220703125,37.12496566772461,234400
2019-05-23,41.869998931884766,42.43000030517578,40.90999984741211,41.150001525878906,35.76058578491211,341800
2019-05-24,42.04999923706055,42.04999923706055,40.91999816894531,41.279998779296875,35.873558044433594,303000
2019-05-28,41.459999084472656,41.61000061035156,40.86000061035156,41.33000183105469,35.91702651977539,243200
2019-05-29,40.810001373291016,41.45000076293945,40.40999984741211,41.369998931884766,35.9517707824707,368100
2019-05-30,41.13999938964844,41.72999954223633,40.7400016784668,40.93000030517578,35.87289047241211,232400
2019-05-31,40.16999816894531,40.52000045776367,39.939998626708984,39.939998626708984,35.00521469116211,476500
2019-06-03,40.06999969482422,41.4900016784668,39.86000061035156,40.90999984741211,35.855369567871094,598300
2019-06-04,41.06999969482422,43.56999969482422,41.06999969482422,43.54999923706055,38.16918182373047,422600
2019-06-05,43.59000015258789,43.90999984741211,42.58000183105469,43.880001068115234,38.458404541015625,320200
2019-06-06,44.0,44.779998779296875,43.81999969482422,44.619998931884766,39.10696792602539,353900
2019-06-07,44.880001068115234,45.31999969482422,44.5099983215332,45.0,39.440032958984375,443500
2019-06-10,45.34000015258789,46.2599983215332,45.09000015258789,45.959999084472656,40.28141403198242,333600
2019-06-11,46.880001068115234,47.40999984741211,46.0,46.25,40.53558349609375,608300
2019-06-12,46.220001220703125,47.20000076293945,45.9900016784668,46.83000183105469,41.04393005371094,493500
2019-06-13,47.119998931884766,47.630001068115234,46.77000045776367,46.939998626708984,41.14033126831055,385100
2019-06-14,46.29999923706055,46.79999923706055,45.40999984741211,45.470001220703125,39.851959228515625,301200
2019-06-17,45.400001525878906,45.86000061035156,44.779998779296875,45.79999923706055,40.14119338989258,280200
2019-06-18,46.2400016784668,46.779998779296875,45.79999923706055,46.189998626708984,40.48299789428711,406400
2019-06-19,46.0,46.13999938964844,45.47999954223633,45.880001068115234,40.21129608154297,256400
2019-06-20,46.880001068115234,46.93000030517578,46.040000915527344,46.38999938964844,40.65828323364258,324200
2019-06-21,46.02000045776367,46.02000045776367,45.29999923706055,45.650001525878906,40.00971221923828,554100
2019-06-24,46.4900016784668,46.4900016784668,45.54999923706055,45.619998931884766,39.98341751098633,237500
2019-06-25,45.59000015258789,45.970001220703125,45.09000015258789,45.4900016784668,39.86948776245117,252600
2019-06-26,45.75,46.290000915527344,45.439998626708984,45.70000076293945,40.05353927612305,179500
2019-06-27,45.79999923706055,46.47999954223633,45.720001220703125,46.09000015258789,40.39535140991211,551100
2019-06-28,46.4900016784668,47.84000015258789,46.310001373291016,47.709999084472656,41.8151969909668,494000
2019-07-01,48.25,49.06999969482422,47.79999923706055,48.22999954223633,42.27094268798828,337800
2019-07-02,48.119998931884766,48.119998931884766,47.310001373291016,47.65999984741211,41.77136993408203,437600
2019-07-03,47.709999084472656,48.04999923706055,47.15999984741211,47.7400016784668,41.841495513916016,263300
2019-07-05,47.040000915527344,48.16999816894531,47.040000915527344,47.599998474121094,41.718780517578125,155900
2019-07-08,47.560001373291016,47.66999816894531,46.33000183105469,46.400001525878906,40.667049407958984,262100
2019-07-09,46.15999984741211,46.189998626708984,45.599998474121094,45.81999969482422,40.158721923828125,213200
2019-07-10,46.029998779296875,46.34000015258789,44.970001220703125,45.0099983215332,39.44879150390625,242900
2019-07-11,44.849998474121094,44.959999084472656,43.9900016784668,44.459999084472656,38.96674728393555,252300
2019-07-12,44.56999969482422,45.810001373291016,44.439998626708984,45.65999984741211,40.01847457885742,283800
2019-07-15,45.84000015258789,46.36000061035156,45.45000076293945,45.79999923706055,40.14119338989258,404700
2019-07-16,45.720001220703125,46.75,45.369998931884766,46.31999969482422,40.5969352722168,220500
2019-07-17,46.310001373291016,46.310001373291016,44.91999816894531,44.970001220703125,39.41373825073242,224400
2019-07-18,44.86000061035156,45.18000030517578,44.38999938964844,44.619998931884766,39.10696792602539,182500
2019-07-19,44.720001220703125,45.75,44.720001220703125,45.06999969482422,39.501380920410156,235500
2019-07-22,45.349998474121094,45.38999938964844,44.54999923706055,44.65999984741211,39.14203643798828,167800
2019-07-23,44.7599983215332,45.9900016784668,44.290000915527344,45.869998931884766,40.202537536621094,256700
2019-07-24,45.529998779296875,47.16999816894531,45.529998779296875,47.09000015258789,41.27180480957031,193600
2019-07-25,47.0,47.0,45.81999969482422,46.09000015258789,40.39535140991211,256800
2019-07-26,46.22999954223633,46.43000030517578,45.72999954223633,45.95000076293945,40.27265167236328,306700
2019-07-29,46.0099983215332,46.0099983215332,44.290000915527344,44.41999816894531,38.931678771972656,507600
2019-07-30,44.09000015258789,45.91999816894531,43.86000061035156,45.88999938964844,40.22006607055664,279800
2019-07-31,44.90999984741211,46.15999984741211,44.34000015258789,44.720001220703125,39.19462966918945,560700
2019-08-01,44.65999984741211,45.47999954223633,42.25,42.5,37.2489128112793,539900
2019-08-02,42.0,42.18000030517578,40.630001068115234,41.380001068115234,36.26728820800781,449000
2019-08-05,39.5,40.310001373291016,38.630001068115234,39.52000045776367,34.637115478515625,773100
2019-08-06,39.91999816894531,40.40999984741211,37.11000061035156,39.0099983215332,34.19011688232422,889800
2019-08-07,38.18000030517578,39.279998779296875,37.7599983215332,38.79999923706055,34.006065368652344,616500
2019-08-08,39.290000915527344,40.4900016784668,38.810001373291016,40.20000076293945,35.23310089111328,647400
2019-08-09,40.060001373291016,40.060001373291016,38.13999938964844,38.209999084472656,33.48896408081055,459500
2019-08-12,38.369998931884766,38.369998931884766,37.630001068115234,38.119998931884766,33.41008758544922,333500
2019-08-13,37.72999954223633,40.18000030517578,37.52000045776367,38.9900016784668,34.17259979248047,370200
2019-08-14,38.15999984741211,38.18000030517578,37.5,37.75,33.08580017089844,415000
2019-08-15,37.7599983215332,38.150001525878906,37.40999984741211,37.689998626708984,33.03321838378906,347200
2019-08-16,37.939998626708984,38.599998474121094,37.84000015258789,38.34000015258789,33.60291290283203,424400
2019-08-19,39.15999984741211,39.18000030517578,38.720001220703125,38.81999969482422,34.023590087890625,395400
2019-08-20,38.56999969482422,38.90999984741211,38.15999984741211,38.43000030517578,33.6817741394043,313500
2019-08-21,38.9900016784668,39.279998779296875,38.599998474121094,38.63999938964844,33.86583709716797,282800
2019-08-22,38.779998779296875,39.40999984741211,38.720001220703125,38.88999938964844,34.0849494934082,293200
2019-08-23,38.650001525878906,39.27000045776367,37.779998779296875,37.900001525878906,33.217262268066406,437300
2019-08-26,38.52000045776367,38.70000076293945,37.84000015258789,38.04999923706055,33.348731994628906,288500
2019-08-27,38.529998779296875,38.560001373291016,37.709999084472656,37.939998626708984,33.25232696533203,290000
2019-08-28,37.970001220703125,39.13999938964844,37.619998931884766,38.97999954223633,34.1638298034668,324700
2019-08-29,39.20000076293945,39.970001220703125,39.20000076293945,39.470001220703125,34.90671920776367,253600
2019-08-30,39.869998931884766,40.31999969482422,39.599998474121094,40.0,35.37543869018555,213900
2019-09-03,39.33000183105469,39.43000030517578,38.560001373291016,38.849998474121094,34.35839080810547,355100
2019-09-04,39.630001068115234,40.15999984741211,39.47999954223633,39.959999084472656,35.340065002441406,232100
2019-09-05,40.52000045776367,41.84000015258789,40.52000045776367,41.59000015258789,36.781620025634766,306600
2019-09-06,41.689998626708984,42.40999984741211,41.33000183105469,42.15999984741211,37.28571701049805,361500
2019-09-09,42.400001525878906,44.0099983215332,41.97999954223633,43.810001373291016,38.74494552612305,383300
2019-09-10,43.970001220703125,45.84000015258789,43.310001373291016,45.84000015258789,40.54024887084961,430500
2019-09-11,46.08000183105469,46.9900016784668,44.5099983215332,46.9900016784668,41.55729293823242,319800
2019-09-12,46.91999816894531,47.16999816894531,45.880001068115234,46.91999816894531,41.495384216308594,354200
2019-09-13,47.61000061035156,48.040000915527344,46.68000030517578,47.22999954223633,41.76955795288086,298900
2019-09-16,47.099998474121094,47.5,46.41999816894531,46.75,41.345035552978516,431400
2019-09-17,46.33000183105469,46.33000183105469,45.41999816894531,45.939998626708984,40.62868881225586,284100
2019-09-18,45.630001068115234,45.810001373291016,44.959999084472656,45.439998626708984,40.186500549316406,368000
2019-09-19,45.56999969482422,46.31999969482422,45.29999923706055,45.380001068115234,40.133426666259766,264700
2019-09-20,45.59000015258789,45.95000076293945,45.09000015258789,45.290000915527344,40.053836822509766,559500
2019-09-23,44.77000045776367,45.88999938964844,44.650001525878906,45.61000061035156,40.33684539794922,210500
2019-09-24,45.459999084472656,45.689998626708984,44.22999954223633,44.38999938964844,39.25789260864258,540400
2019-09-25,44.459999084472656,45.5,44.349998474121094,45.279998779296875,40.04499053955078,227100
2019-09-26,45.0099983215332,45.33000183105469,44.529998779296875,45.11000061035156,39.894657135009766,183400
2019-09-27,45.2599983215332,45.91999816894531,44.61000061035156,44.630001068115234,39.47015380859375,172100
2019-09-30,44.75,45.540000915527344,44.47999954223633,45.31999969482422,40.08037185668945,182900
2019-10-01,45.59000015258789,46.310001373291016,43.470001220703125,43.65999984741211,38.61228942871094,141400
2019-10-02,43.029998779296875,43.70000076293945,42.650001525878906,43.220001220703125,38.2231559753418,265100
2019-10-03,42.88999938964844,43.33000183105469,42.189998626708984,43.2400016784668,38.24085235595703,292300
2019-10-04,43.400001525878906,43.91999816894531,42.95000076293945,43.709999084472656,38.65650939941406,299100
2019-10-07,43.47999954223633,44.119998931884766,43.22999954223633,43.27000045776367,38.26738357543945,305500
2019-10-08,42.75,42.95000076293945,42.13999938964844,42.33000183105469,37.436058044433594,192000
2019-10-09,42.75,43.0,42.2400016784668,42.709999084472656,37.77212142944336,166700
2019-10-10,42.88999938964844,43.310001373291016,42.34000015258789,42.65999984741211,37.727901458740234,164900
2019-10-11,43.59000015258789,44.93000030517578,43.59000015258789,44.4900016784668,39.34633255004883,188400
2019-10-14,44.040000915527344,44.45000076293945,43.040000915527344,43.63999938964844,38.5946044921875,207200
2019-10-15,43.720001220703125,44.560001373291016,43.369998931884766,43.869998931884766,38.798004150390625,255000
2019-10-16,42.599998474121094,43.97999954223633,42.5,43.25,38.24969482421875,247600
2019-10-17,43.70000076293945,44.060001373291016,43.43000030517578,43.83000183105469,38.76263427734375,334100
2019-10-18,43.869998931884766,44.20000076293945,43.70000076293945,43.77000045776367,38.70957565307617,184100
2019-10-21,44.45000076293945,44.970001220703125,43.93000030517578,43.970001220703125,38.886451721191406,179100
2019-10-22,43.84000015258789,44.779998779296875,43.029998779296875,44.459999084472656,39.31979751586914,258000
2019-10-23,44.7400016784668,45.09000015258789,44.25,44.91999816894531,39.72661590576172,200800
2019-10-24,45.36000061035156,45.36000061035156,44.34000015258789,44.70000076293945,39.53205871582031,200800
2019-10-25,44.400001525878906,45.77000045776367,44.33000183105469,45.630001068115234,40.35453796386719,164800
2019-10-28,45.959999084472656,46.619998931884766,45.40999984741211,45.66999816894531,40.3899040222168,246300
2019-10-29,45.47999954223633,46.22999954223633,45.34000015258789,45.849998474121094,40.54908752441406,268900
2019-10-30,45.63999938964844,45.84000015258789,45.02000045776367,45.689998626708984,40.407588958740234,184800
2019-10-31,45.43000030517578,45.43000030517578,43.290000915527344,43.59000015258789,38.550376892089844,377000
2019-11-01,44.119998931884766,46.470001220703125,43.880001068115234,45.93000030517578,40.619850158691406,388100
2019-11-04,46.52000045776367,48.54999923706055,46.209999084472656,48.20000076293945,42.627403259277344,426800
2019-11-05,46.400001525878906,50.58000183105469,45.65999984741211,49.93000030517578,44.157386779785156,624800
2019-11-06,49.18000030517578,49.189998626708984,47.7400016784668,48.09000015258789,42.53012466430664,407500
2019-11-07,48.81999969482422,49.9900016784668,48.599998474121094,49.720001220703125,43.97167205810547,357200
2019-11-08,49.720001220703125,50.290000915527344,48.95000076293945,50.22999954223633,44.42270278930664,433800
2019-11-11,49.93000030517578,50.189998626708984,49.40999984741211,49.470001220703125,43.750572204589844,346400
2019-11-12,49.689998626708984,49.84000015258789,48.880001068115234,49.34000015258789,43.63560485839844,305600
2019-11-13,48.81999969482422,49.470001220703125,48.61000061035156,49.29999923706055,43.6002197265625,242300
2019-11-14,49.02000045776367,49.54999923706055,49.0,49.029998779296875,43.3614387512207,214800
2019-11-15,49.29999923706055,49.619998931884766,48.029998779296875,48.04999923706055,42.4947395324707,307700
2019-11-18,47.90999984741211,48.31999969482422,47.40999984741211,48.2400016784668,42.662776947021484,259200
2019-11-19,48.529998779296875,48.529998779296875,47.849998474121094,47.939998626708984,42.397464752197266,213200
2019-11-20,47.599998474121094,48.59000015258789,47.349998474121094,47.7599983215332,42.23827362060547,384100
2019-11-21,48.0099983215332,48.099998474121094,47.060001373291016,47.099998474121094,41.65458297729492,277200
2019-11-22,47.45000076293945,47.880001068115234,47.13999938964844,47.22999954223633,41.76955795288086,235200
2019-11-25,47.5,47.779998779296875,47.189998626708984,47.65999984741211,42.14983367919922,290300
2019-11-26,47.81999969482422,47.81999969482422,47.220001220703125,47.68000030517578,42.167518615722656,246500
2019-11-27,47.439998626708984,47.81999969482422,47.099998474121094,47.63999938964844,42.443702697753906,154100
2019-11-29,47.5099983215332,47.58000183105469,46.84000015258789,46.9900016784668,41.86460876464844,70800
2019-12-02,47.22999954223633,48.13999938964844,46.58000183105469,46.66999816894531,41.57950973510742,269200
2019-12-03,45.86000061035156,46.150001525878906,45.349998474121094,45.75,40.75986099243164,166200
2019-12-04,46.18000030517578,47.130001068115234,46.150001525878906,46.20000076293945,41.1607780456543,213800
2019-12-05,46.45000076293945,46.59000015258789,46.0099983215332,46.470001220703125,41.40132522583008,280200
2019-12-06,47.150001525878906,48.099998474121094,47.150001525878906,47.7599983215332,42.550621032714844,348500
2019-12-09,47.7599983215332,47.900001525878906,46.959999084472656,47.099998474121094,41.96261215209961,544600
2019-12-10,46.91999816894531,47.77000045776367,46.77000045776367,47.2599983215332,42.10516357421875,194600
2019-12-11,47.5,47.81999969482422,47.119998931884766,47.5,42.31897735595703,230200
2019-12-12,47.31999969482422,48.619998931884766,47.25,48.31999969482422,43.04954147338867,350300
2019-12-13,48.41999816894531,48.75,47.369998931884766,47.459999084472656,42.2833366394043,263300
2019-12-16,47.779998779296875,48.400001525878906,47.09000015258789,47.150001525878906,42.00715637207031,300000
2019-12-17,47.099998474121094,47.310001373291016,46.599998474121094,46.81999969482422,41.71315002441406,327900
2019-12-18,47.130001068115234,47.439998626708984,46.65999984741211,47.189998626708984,42.042789459228516,726200
2019-12-19,47.310001373291016,47.84000015258789,46.97999954223633,47.599998474121094,42.40806579589844,377800
2019-12-20,47.95000076293945,48.380001068115234,47.5,47.7400016784668,42.53280258178711,662000
2019-12-23,47.709999084472656,48.08000183105469,47.45000076293945,48.0,42.76443862915039,165200
2019-12-24,48.0099983215332,48.040000915527344,47.529998779296875,47.61000061035156,42.4169807434082,78600
2019-12-26,47.619998931884766,48.02000045776367,47.29999923706055,47.36000061035156,42.19424819946289,124000
2019-12-27,47.529998779296875,47.56999969482422,46.93000030517578,46.97999954223633,41.855690002441406,121800
2019-12-30,47.220001220703125,47.47999954223633,46.91999816894531,47.060001373291016,41.92697525024414,143400
2019-12-31,46.95000076293945,47.79999923706055,46.95000076293945,47.52000045776367,42.336795806884766,184500
2020-01-02,47.90999984741211,48.18000030517578,46.61000061035156,47.099998474121094,41.96261215209961,213900
2020-01-03,46.439998626708984,46.689998626708984,45.91999816894531,46.31999969482422,41.26768493652344,284200
2020-01-06,46.189998626708984,46.540000915527344,45.45000076293945,46.04999923706055,41.027137756347656,312100
2020-01-07,46.06999969482422,46.470001220703125,45.68000030517578,45.970001220703125,40.95586013793945,189500
2020-01-08,45.77000045776367,46.400001525878906,45.630001068115234,46.18000030517578,41.14296340942383,255200
2020-01-09,46.439998626708984,46.689998626708984,45.45000076293945,45.540000915527344,40.57276916503906,219300
2020-01-10,45.599998474121094,45.619998931884766,44.7599983215332,44.83000183105469,39.94020462036133,232500
2020-01-13,44.900001525878906,45.83000183105469,44.70000076293945,45.83000183105469,40.831138610839844,174600
2020-01-14,45.54999923706055,46.290000915527344,45.54999923706055,45.84000015258789,40.84004211425781,145300
2020-01-15,45.5099983215332,45.970001220703125,44.869998931884766,45.15999984741211,40.23420715332031,227600
2020-01-16,45.47999954223633,45.959999084472656,45.38999938964844,45.560001373291016,40.590579986572266,157200
2020-01-17,45.65999984741211,45.709999084472656,44.529998779296875,44.79999923706055,39.913475036621094,164600
2020-01-21,44.56999969482422,44.83000183105469,44.130001068115234,44.33000183105469,39.4947395324707,297900
2020-01-22,44.349998474121094,44.540000915527344,43.150001525878906,43.33000183105469,38.60382843017578,190400
2020-01-23,43.0099983215332,43.72999954223633,42.08000183105469,43.470001220703125,38.72856140136719,324700
2020-01-24,43.27000045776367,43.31999969482422,42.56999969482422,43.150001525878906,38.443443298339844,325400
2020-01-27,42.0,42.20000076293945,41.2599983215332,41.29999923706055,36.79524230957031,445200
2020-01-28,41.65999984741211,41.900001525878906,41.310001373291016,41.529998779296875,37.00015640258789,232100
2020-01-29,41.7599983215332,42.099998474121094,41.040000915527344,41.459999084472656,36.93778991699219,330600
2020-01-30,40.88999938964844,41.439998626708984,40.369998931884766,41.349998474121094,36.839778900146484,243100
2020-01-31,40.66999816894531,40.869998931884766,39.47999954223633,39.849998474121094,35.50339126586914,522500
2020-02-03,40.20000076293945,40.66999816894531,39.790000915527344,40.130001068115234,35.752864837646484,472800
2020-02-04,42.06999969482422,44.54999923706055,41.380001068115234,42.150001525878906,37.55252456665039,712600
2020-02-05,42.5099983215332,43.5,41.83000183105469,43.040000915527344,38.345455169677734,529400
2020-02-06,43.20000076293945,43.380001068115234,42.209999084472656,42.34000015258789,37.7218017578125,528400
2020-02-07,43.66999816894531,43.720001220703125,41.599998474121094,41.88999938964844,37.32088088989258,289300
2020-02-10,41.779998779296875,42.540000915527344,41.7599983215332,41.849998474121094,37.285247802734375,222000
2020-02-11,42.09000015258789,43.58000183105469,42.09000015258789,42.95000076293945,38.2652587890625,476500
2020-02-12,43.439998626708984,43.970001220703125,43.439998626708984,43.79999923706055,39.02254867553711,327600
2020-02-13,43.5,43.779998779296875,43.060001373291016,43.13999938964844,38.43453598022461,283500
2020-02-14,43.119998931884766,43.630001068115234,42.869998931884766,43.45000076293945,38.710731506347656,397900
2020-02-18,43.22999954223633,43.38999938964844,41.93000030517578,42.220001220703125,37.614891052246094,271900
2020-02-19,42.349998474121094,42.91999816894531,42.27000045776367,42.630001068115234,37.98017120361328,184800
2020-02-20,42.52000045776367,43.43000030517578,42.38999938964844,43.29999923706055,38.57707977294922,264500
2020-02-21,42.97999954223633,43.33000183105469,42.540000915527344,42.970001220703125,38.283084869384766,250100
2020-02-24,41.0099983215332,41.65999984741211,40.66999816894531,41.439998626708984,36.919960021972656,497400
2020-02-25,41.650001525878906,41.65999984741211,39.36000061035156,39.540000915527344,35.227203369140625,399300
2020-02-26,39.9900016784668,40.130001068115234,38.84000015258789,38.939998626708984,34.69265365600586,343700
2020-02-27,37.59000015258789,38.400001525878906,36.400001525878906,36.939998626708984,33.20930099487305,923000
2020-02-28,35.380001068115234,37.66999816894531,35.380001068115234,37.380001068115234,33.604854583740234,581300
2020-03-02,37.59000015258789,38.65999984741211,36.40999984741211,38.61000061035156,34.71062469482422,541100
2020-03-03,38.45000076293945,39.529998779296875,36.72999954223633,37.54999923706055,33.757694244384766,397800
2020-03-04,38.15999984741211,38.52000045776367,37.279998779296875,38.459999084472656,34.57578659057617,297500
2020-03-05,37.369998931884766,37.68000030517578,36.0,36.650001525878906,32.94858169555664,268100
2020-03-06,35.72999954223633,36.400001525878906,34.4900016784668,35.29999923706055,31.734920501708984,399400
2020-03-09,32.83000183105469,40.59000015258789,29.68000030517578,32.41999816894531,29.145780563354492,858300
2020-03-10,33.689998626708984,33.689998626708984,30.260000228881836,32.189998626708984,28.939008712768555,548500
2020-03-11,31.229999542236328,31.239999771118164,29.15999984741211,29.90999984741211,26.889280319213867,544000
2020-03-12,27.25,28.65999984741211,25.81999969482422,28.329999923706055,25.468849182128906,640900
2020-03-13,29.989999771118164,32.29999923706055,26.93000030517578,32.27000045776367,29.01093292236328,787200
2020-03-16,26.0,29.6200008392334,26.0,26.1200008392334,23.48204231262207,515900
2020-03-17,26.760000228881836,29.459999084472656,25.31999969482422,29.420000076293945,26.44876480102539,604700
2020-03-18,27.1299991607666,28.420000076293945,22.110000610351562,22.68000030517578,20.389463424682617,608900
2020-03-19,22.440000534057617,23.950000762939453,21.200000762939453,22.670000076293945,20.38047218322754,606900
2020-03-20,21.8799991607666,22.40999984741211,20.0,21.079999923706055,18.9510555267334,1089300
2020-03-23,21.1299991607666,22.719999313354492,20.010000228881836,21.940000534057617,19.724199295043945,574200
2020-03-24,23.190000534057617,24.809999465942383,23.030000686645508,24.31999969482422,21.863834381103516,416800
2020-03-25,24.350000381469727,26.950000762939453,24.350000381469727,26.15999984741211,23.518003463745117,740700
2020-03-26,26.110000610351562,27.309999465942383,26.020000457763672,26.729999542236328,24.030441284179688,346200
2020-03-27,25.639999389648438,26.239999771118164,24.850000381469727,25.040000915527344,22.51112174987793,413200
2020-03-30,25.190000534057617,26.729999542236328,24.170000076293945,26.25,23.598913192749023,476000
2020-03-31,26.010000228881836,26.329999923706055,25.40999984741211,26.1200008392334,23.48204231262207,399700
2020-04-01,25.149999618530273,26.670000076293945,25.010000228881836,26.489999771118164,23.814680099487305,510200
2020-04-02,26.31999969482422,27.200000762939453,25.149999618530273,25.959999084472656,23.338205337524414,412900
2020-04-03,27.799999237060547,28.059999465942383,25.65999984741211,25.969999313354492,23.34719467163086,461500
2020-04-06,27.18000030517578,28.239999771118164,27.1200008392334,27.93000030517578,25.10924530029297,305700
2020-04-07,29.040000915527344,30.260000228881836,27.299999237060547,27.8700008392334,25.0553035736084,564200
2020-04-08,28.530000686645508,29.34000015258789,27.739999771118164,29.229999542236328,26.277956008911133,345500
2020-04-09,29.889999389648438,31.510000228881836,29.719999313354492,30.6299991607666,27.536563873291016,397700
2020-04-13,30.600000381469727,30.600000381469727,29.270000457763672,30.229999542236328,27.17696189880371,214000
2020-04-14,30.959999084472656,31.790000915527344,30.309999465942383,30.520000457763672,27.43767547607422,282600
2020-04-15,29.190000534057617,29.399999618530273,28.18000030517578,29.100000381469727,26.161083221435547,389600
2020-04-16,28.940000534057617,29.18000030517578,27.739999771118164,28.280000686645508,25.42390251159668,512500
2020-04-17,29.34000015258789,30.610000610351562,29.34000015258789,29.809999465942383,26.79937744140625,406100
2020-04-20,29.010000228881836,29.829999923706055,28.56999969482422,29.1299991607666,26.188051223754883,396600
2020-04-21,28.270000457763672,29.149999618530273,27.770000457763672,28.469999313354492,25.59471321105957,333100
2020-04-22,29.3799991607666,29.690000534057617,28.610000610351562,29.25,26.295934677124023,323000
2020-04-23,29.700000762939453,30.729999542236328,29.700000762939453,29.940000534057617,26.91625213623047,307100
2020-04-24,30.399999618530273,30.649999618530273,29.770000457763672,30.270000457763672,27.212921142578125,211000
2020-04-27,30.6200008392334,32.459999084472656,30.510000228881836,32.150001525878906,28.903053283691406,368200
2020-04-28,33.0,33.95000076293945,32.54999923706055,32.959999084472656,29.631250381469727,270100
2020-04-29,33.93000030517578,35.36000061035156,33.630001068115234,34.959999084472656,31.429264068603516,288100
2020-04-30,34.20000076293945,34.779998779296875,33.54999923706055,33.88999938964844,30.46732521057129,493800
2020-05-01,31.3799991607666,32.900001525878906,31.360000610351562,31.84000015258789,28.62436294555664,482000
2020-05-04,30.799999237060547,31.8700008392334,30.649999618530273,31.43000030517578,28.255769729614258,309100
2020-05-05,32.13999938964844,32.7599983215332,31.3799991607666,31.399999618530273,28.22879981994629,259700
2020-05-06,31.600000381469727,31.860000610351562,30.8700008392334,30.899999618530273,27.779296875,194600
2020-05-07,31.440000534057617,32.099998474121094,31.209999084472656,31.34000015258789,28.17485809326172,215900
2020-05-08,31.889999389648438,32.52000045776367,31.889999389648438,32.4900016784668,29.208715438842773,481400
2020-05-11,31.760000228881836,32.25,30.84000015258789,31.84000015258789,28.62436294555664,718600
2020-05-12,31.540000915527344,32.38999938964844,29.239999771118164,29.469999313354492,26.493715286254883,1279100
2020-05-13,29.260000228881836,29.260000228881836,28.0,28.170000076293945,25.325008392333984,507300
2020-05-14,27.469999313354492,29.010000228881836,26.950000762939453,28.739999771118164,25.83743667602539,466700
2020-05-15,28.6299991607666,29.40999984741211,28.389999389648438,29.100000381469727,26.161083221435547,437600
2020-05-18,30.520000457763672,33.0099983215332,30.440000534057617,32.75,29.442461013793945,631300
2020-05-19,32.619998931884766,33.95000076293945,31.959999084472656,32.869998931884766,29.550338745117188,423800
2020-05-20,33.4900016784668,34.689998626708984,33.2599983215332,33.91999816894531,30.49429702758789,434700
2020-05-21,33.75,35.0,33.75,34.75,31.240467071533203,526800
2020-05-22,34.77000045776367,35.029998779296875,33.65999984741211,34.2599983215332,30.79995346069336,293100
2020-05-26,35.630001068115234,37.08000183105469,35.630001068115234,36.209999084472656,32.55302810668945,390100
2020-05-27,37.119998931884766,38.34000015258789,36.93000030517578,37.720001220703125,33.910518646240234,643600
2020-05-28,37.900001525878906,37.900001525878906,36.400001525878906,36.529998779296875,33.148277282714844,597600
2020-05-29,36.20000076293945,36.68000030517578,35.599998474121094,35.720001220703125,32.41326141357422,358100
2020-06-01,35.90999984741211,36.880001068115234,35.84000015258789,36.5,33.12105941772461,234700
2020-06-02,36.81999969482422,37.9900016784668,36.81999969482422,37.52000045776367,34.046630859375,402600
2020-06-03,38.27000045776367,39.529998779296875,37.91999816894531,39.22999954223633,35.598331451416016,289200
2020-06-04,39.15999984741211,40.630001068115234,38.310001373291016,40.59000015258789,36.832427978515625,469400
2020-06-05,42.2599983215332,43.65999984741211,41.040000915527344,41.189998626708984,37.37688064575195,524600
2020-06-08,42.13999938964844,43.060001373291016,41.31999969482422,43.040000915527344,39.05562210083008,347100
2020-06-09,42.25,42.900001525878906,41.9900016784668,42.130001068115234,38.22987747192383,667500
2020-06-10,42.459999084472656,42.470001220703125,39.54999923706055,39.58000183105469,35.91592788696289,513000
2020-06-11,37.68000030517578,37.88999938964844,35.04999923706055,35.189998626708984,31.93232536315918,379800
2020-06-12,36.810001373291016,37.2400016784668,35.040000915527344,36.150001525878906,32.80345916748047,310800
2020-06-15,34.810001373291016,37.709999084472656,34.810001373291016,36.84000015258789,33.42958068847656,472100
2020-06-16,38.66999816894531,39.20000076293945,37.68000030517578,38.459999084472656,34.899620056152344,354500
2020-06-17,38.599998474121094,38.7599983215332,37.90999984741211,37.939998626708984,34.42774963378906,510900
2020-06-18,37.369998931884766,38.029998779296875,37.08000183105469,37.310001373291016,33.8560791015625,359700
2020-06-19,38.060001373291016,38.599998474121094,36.90999984741211,37.15999984741211,33.71995544433594,578100
2020-06-22,36.77000045776367,36.88999938964844,36.040000915527344,36.65999984741211,33.266239166259766,265000
2020-06-23,37.439998626708984,37.439998626708984,36.58000183105469,37.060001373291016,33.62921142578125,397900
2020-06-24,36.47999954223633,36.47999954223633,35.150001525878906,35.66999816894531,32.367889404296875,397600
2020-06-25,35.290000915527344,36.43000030517578,35.0,36.38999938964844,33.021244049072266,393300
2020-06-26,36.029998779296875,36.029998779296875,35.0,35.2599983215332,31.995851516723633,719600
2020-06-29,35.810001373291016,36.970001220703125,35.689998626708984,36.54999923706055,33.16642761230469,267600
2020-06-30,36.29999923706055,37.220001220703125,35.900001525878906,37.04999923706055,33.6201286315918,238100
2020-07-01,37.13999938964844,37.31999969482422,36.43000030517578,36.5099983215332,33.13013458251953,409100
2020-07-02,37.529998779296875,38.22999954223633,36.880001068115234,37.0,33.57477569580078,214100
2020-07-06,38.11000061035156,38.279998779296875,37.13999938964844,37.77000045776367,34.27349090576172,309200
2020-07-07,37.20000076293945,37.86000061035156,36.90999984741211,37.15999984741211,33.71995544433594,291300
2020-07-08,37.18000030517578,37.33000183105469,36.150001525878906,36.68000030517578,33.28439712524414,248400
2020-07-09,36.619998931884766,36.619998931884766,35.33000183105469,35.459999084472656,32.177330017089844,331900
2020-07-10,35.4900016784668,36.66999816894531,35.209999084472656,36.54999923706055,33.16642761230469,250000
2020-07-13,36.97999954223633,37.540000915527344,36.4900016784668,36.90999984741211,33.493106842041016,168600
2020-07-14,36.84000015258789,37.880001068115234,36.61000061035156,37.83000183105469,34.327938079833984,214200
2020-07-15,38.720001220703125,39.5099983215332,38.31999969482422,39.16999816894531,35.543880462646484,232400
2020-07-16,38.97999954223633,39.439998626708984,38.290000915527344,38.58000183105469,35.00851058959961,178500
2020-07-17,38.88999938964844,39.119998931884766,38.34000015258789,38.43000030517578,34.87238311767578,124100
2020-07-20,38.11000061035156,38.52000045776367,37.31999969482422,37.439998626708984,33.97403335571289,123300
2020-07-21,37.72999954223633,38.43000030517578,37.720001220703125,37.97999954223633,34.46405029296875,118800
2020-07-22,37.619998931884766,38.630001068115234,37.54999923706055,38.59000015258789,35.017578125,211600
2020-07-23,38.43000030517578,38.959999084472656,38.06999969482422,38.689998626708984,35.10831832885742,166800
2020-07-24,38.810001373291016,38.810001373291016,37.90999984741211,38.25,34.709049224853516,97100
2020-07-27,37.20000076293945,38.90999984741211,37.20000076293945,38.779998779296875,35.18999099731445,226800
2020-07-28,38.7400016784668,38.93000030517578,37.58000183105469,37.650001525878906,34.16460418701172,206300
2020-07-29,37.900001525878906,38.7400016784668,37.869998931884766,38.63999938964844,35.062950134277344,144700
2020-07-30,37.81999969482422,37.81999969482422,36.31999969482422,37.060001373291016,33.62921142578125,196700
2020-07-31,37.0099983215332,37.08000183105469,35.9900016784668,36.47999954223633,33.102901458740234,242700
2020-08-03,36.7400016784668,37.27000045776367,36.380001068115234,36.970001220703125,33.547550201416016,213200
2020-08-04,36.849998474121094,37.650001525878906,36.5099983215332,37.59000015258789,34.11016082763672,283400
2020-08-05,38.060001373291016,38.869998931884766,38.060001373291016,38.529998779296875,34.963134765625,265600
2020-08-06,38.47999954223633,38.47999954223633,37.529998779296875,38.099998474121094,34.57294845581055,251400
2020-08-07,37.93000030517578,38.7599983215332,37.40999984741211,38.56999969482422,34.999427795410156,322300
2020-08-10,38.91999816894531,39.900001525878906,38.720001220703125,39.470001220703125,35.81611633300781,285600
2020-08-11,39.959999084472656,41.5,39.959999084472656,40.7400016784668,36.968544006347656,285700
2020-08-12,41.369998931884766,41.79999923706055,40.79999923706055,41.119998931884766,37.3133659362793,284100
2020-08-13,40.880001068115234,41.189998626708984,40.72999954223633,41.119998931884766,37.3133659362793,328100
2020-08-14,40.75,41.0,40.41999816894531,40.599998474121094,36.84150314331055,234300
2020-08-17,40.810001373291016,41.27000045776367,40.0099983215332,40.18000030517578,36.460384368896484,340500
2020-08-18,40.189998626708984,40.439998626708984,39.439998626708984,39.4900016784668,35.834266662597656,246300
2020-08-19,39.459999084472656,39.84000015258789,39.04999923706055,39.220001220703125,35.589256286621094,371700
2020-08-20,38.77000045776367,39.34000015258789,38.61000061035156,39.040000915527344,35.42591094970703,211300
2020-08-21,38.689998626708984,38.880001068115234,38.18000030517578,38.38999938964844,34.836082458496094,124700
2020-08-24,38.29999923706055,39.59000015258789,38.29999923706055,39.5099983215332,35.85240936279297,200300
2020-08-25,39.810001373291016,39.810001373291016,38.41999816894531,38.63999938964844,35.062950134277344,318300
2020-08-26,38.619998931884766,39.02000045776367,38.349998474121094,38.5,34.93590545654297,177200
2020-08-27,38.15999984741211,38.560001373291016,37.599998474121094,38.0,34.798545837402344,196900
2020-08-28,38.130001068115234,38.54999923706055,37.47999954223633,38.5099983215332,35.26557922363281,243900
2020-08-31,38.459999084472656,38.459999084472656,36.9900016784668,37.0099983215332,33.8919563293457,318500
2020-09-01,36.849998474121094,37.81999969482422,36.33000183105469,37.779998779296875,34.59708023071289,267600
2020-09-02,37.779998779296875,38.560001373291016,37.369998931884766,38.40999984741211,35.174007415771484,234200
2020-09-03,38.79999923706055,39.40999984741211,37.2400016784668,37.470001220703125,34.31319808959961,303900
2020-09-04,37.959999084472656,38.689998626708984,37.58000183105469,38.5099983215332,35.26557922363281,196400
2020-09-08,37.91999816894531,38.220001220703125,36.7599983215332,37.279998779296875,34.13920593261719,368100
2020-09-09,37.45000076293945,38.54999923706055,37.43000030517578,38.40999984741211,35.174007415771484,332300
2020-09-10,38.560001373291016,38.88999938964844,37.88999938964844,37.90999984741211,34.716129302978516,263500
2020-09-11,38.119998931884766,38.310001373291016,37.560001373291016,37.86000061035156,34.67033767700195,203000
2020-09-14,38.04999923706055,38.66999816894531,37.779998779296875,38.470001220703125,35.22895431518555,265700
2020-09-15,38.75,38.93000030517578,38.209999084472656,38.34000015258789,35.10990524291992,196900
2020-09-16,38.59000015258789,39.150001525878906,38.2400016784668,38.75,35.485355377197266,393000
2020-09-17,38.20000076293945,40.290000915527344,38.099998474121094,40.11000061035156,36.730777740478516,472200
2020-09-18,40.369998931884766,40.54999923706055,39.41999816894531,39.4900016784668,36.16302490234375,1040300
2020-09-21,38.54999923706055,38.83000183105469,35.2400016784668,35.7599983215332,32.74726104736328,514100
2020-09-22,36.060001373291016,36.77000045776367,35.70000076293945,35.959999084472656,32.930416107177734,387200
2020-09-23,36.099998474121094,36.4900016784668,35.470001220703125,35.5099983215332,32.5183219909668,368900
2020-09-24,35.58000183105469,35.900001525878906,34.84000015258789,35.369998931884766,32.3901252746582,275800
2020-09-25,34.900001525878906,35.470001220703125,34.84000015258789,35.22999954223633,32.26192092895508,304700
2020-09-28,35.77000045776367,36.75,35.77000045776367,36.400001525878906,33.333351135253906,183700
2020-09-29,36.349998474121094,36.720001220703125,35.619998931884766,36.040000915527344,33.00368118286133,205200
2020-09-30,36.20000076293945,36.81999969482422,35.75,36.029998779296875,32.9945182800293,251600
2020-10-01,36.2400016784668,36.790000915527344,35.88999938964844,36.290000915527344,33.23261260986328,269200
2020-10-02,35.59000015258789,38.09000015258789,35.59000015258789,37.91999816894531,34.72529220581055,280100
2020-10-05,38.439998626708984,39.7400016784668,38.439998626708984,39.689998626708984,36.346168518066406,233600
2020-10-06,40.220001220703125,41.0,39.529998779296875,39.56999969482422,36.23628616333008,248300
2020-10-07,40.20000076293945,41.18000030517578,40.20000076293945,40.959999084472656,37.50917434692383,217300
2020-10-08,41.25,41.84000015258789,40.689998626708984,40.79999923706055,37.36265182495117,231300
2020-10-09,41.2599983215332,41.47999954223633,40.34000015258789,40.68000030517578,37.252769470214844,181500
2020-10-12,41.099998474121094,41.189998626708984,40.68000030517578,41.02000045776367,37.56411361694336,190400
2020-10-13,40.529998779296875,40.88999938964844,40.16999816894531,40.529998779296875,37.11539840698242,164600
2020-10-14,40.619998931884766,41.15999984741211,40.41999816894531,40.70000076293945,37.271080017089844,153100
2020-10-15,40.13999938964844,40.939998626708984,40.13999938964844,40.900001525878906,37.4542236328125,224900
2020-10-16,41.150001525878906,41.790000915527344,41.04999923706055,41.09000015258789,37.62821578979492,158600
2020-10-19,41.310001373291016,41.79999923706055,40.810001373291016,40.880001068115234,37.4359130859375,204500
2020-10-20,41.279998779296875,41.72999954223633,40.97999954223633,40.97999954223633,37.527488708496094,188500
2020-10-21,40.880001068115234,41.47999954223633,40.34000015258789,40.38999938964844,36.98719024658203,194400
2020-10-22,40.54999923706055,40.959999084472656,40.09000015258789,40.720001220703125,37.289398193359375,284100
2020-10-23,41.150001525878906,41.43000030517578,40.720001220703125,41.099998474121094,37.63737106323242,137200
2020-10-26,40.54999923706055,40.54999923706055,39.27000045776367,39.619998931884766,36.28207015991211,260400
2020-10-27,39.5,39.7400016784668,38.54999923706055,38.630001068115234,35.37547302246094,222800
2020-10-28,37.380001068115234,37.97999954223633,37.08000183105469,37.13999938964844,34.01099395751953,220600
2020-10-29,36.7400016784668,38.08000183105469,36.63999938964844,37.959999084472656,34.76192092895508,316700
2020-10-30,37.72999954223633,38.25,37.18000030517578,38.0099983215332,34.807708740234375,201900
2020-11-02,38.66999816894531,39.61000061035156,37.95000076293945,39.56999969482422,36.23628616333008,208700
2020-11-03,40.13999938964844,40.97999954223633,39.79999923706055,40.7599983215332,37.32602310180664,344900
2020-11-04,39.90999984741211,39.90999984741211,38.560001373291016,38.65999984741211,35.40293884277344,217300
2020-11-05,39.279998779296875,41.439998626708984,39.27000045776367,41.34000015258789,37.857154846191406,204000
2020-11-06,41.619998931884766,41.9900016784668,40.88999938964844,41.220001220703125,37.74726486206055,191900
2020-11-09,44.56999969482422,45.56999969482422,42.810001373291016,42.900001525878906,39.285736083984375,305200
2020-11-10,43.09000015258789,43.970001220703125,42.650001525878906,43.18000030517578,39.542137145996094,277000
2020-11-11,43.349998474121094,43.40999984741211,41.349998474121094,41.560001373291016,38.058624267578125,248000
2020-11-12,41.20000076293945,41.20000076293945,39.310001373291016,39.880001068115234,36.52015686035156,219500
2020-11-13,40.20000076293945,41.029998779296875,40.06999969482422,40.970001220703125,37.51832962036133,147100
2020-11-16,41.95000076293945,42.7599983215332,41.290000915527344,42.27000045776367,38.708805084228516,339000
2020-11-17,41.689998626708984,42.119998931884766,40.900001525878906,42.08000183105469,38.534812927246094,188800
2020-11-18,42.40999984741211,42.779998779296875,41.5099983215332,41.52000045776367,38.02198791503906,172900
2020-11-19,41.400001525878906,41.75,40.70000076293945,41.689998626708984,38.177669525146484,343400
2020-11-20,41.29999923706055,41.93000030517578,40.88999938964844,41.83000183105469,38.305885314941406,253100
2020-11-23,42.220001220703125,44.2400016784668,42.220001220703125,44.11000061035156,40.3937873840332,351700
2020-11-24,44.5,45.65999984741211,44.2599983215332,44.849998474121094,41.071441650390625,469300
2020-11-25,44.41999816894531,44.41999816894531,43.47999954223633,43.59000015258789,40.2315559387207,223600
2020-11-27,43.68000030517578,43.880001068115234,43.099998474121094,43.61000061035156,40.25001525878906,95900
2020-11-30,43.369998931884766,43.369998931884766,41.310001373291016,41.40999984741211,38.219520568847656,522200
2020-12-01,42.119998931884766,42.189998626708984,41.2400016784668,41.5099983215332,38.311805725097656,438500
2020-12-02,41.34000015258789,41.900001525878906,40.900001525878906,41.68000030517578,38.46870803833008,472700
2020-12-03,41.75,41.97999954223633,41.15999984741211,41.40999984741211,38.219520568847656,426200
2020-12-04,41.619998931884766,43.029998779296875,41.61000061035156,43.02000045776367,39.705474853515625,742200
2020-12-07,43.0,43.310001373291016,42.119998931884766,42.2400016784668,38.985572814941406,310900
2020-12-08,41.900001525878906,42.790000915527344,41.900001525878906,42.0099983215332,38.77328872680664,386900
2020-12-09,42.720001220703125,43.20000076293945,41.54999923706055,41.720001220703125,38.50563049316406,344400
2020-12-10,41.349998474121094,41.9900016784668,41.279998779296875,41.72999954223633,38.51486587524414,584600
2020-12-11,41.4900016784668,42.310001373291016,41.04999923706055,41.77000045776367,38.551780700683594,308100
2020-12-14,42.38999938964844,42.61000061035156,40.91999816894531,40.95000076293945,37.79496383666992,358000
2020-12-15,41.38999938964844,41.70000076293945,40.90999984741211,41.56999969482422,38.367183685302734,383100
2020-12-16,41.599998474121094,42.58000183105469,41.380001068115234,42.41999816894531,39.151695251464844,463600
2020-12-17,42.72999954223633,43.79999923706055,42.540000915527344,43.45000076293945,40.10234069824219,437800
2020-12-18,43.689998626708984,44.400001525878906,43.06999969482422,44.279998779296875,40.8683967590332,1154000
2020-12-21,43.439998626708984,44.47999954223633,43.25,44.15999984741211,40.75763702392578,388100
2020-12-22,44.130001068115234,44.40999984741211,43.65999984741211,43.81999969482422,40.44382858276367,274000
2020-12-23,43.97999954223633,44.72999954223633,43.97999954223633,44.38999938964844,40.96991729736328,170000
2020-12-24,44.56999969482422,44.56999969482422,43.75,44.31999969482422,40.90531539916992,94400
2020-12-28,44.77000045776367,45.400001525878906,44.40999984741211,44.459999084472656,41.03453063964844,182700
2020-12-29,44.54999923706055,44.54999923706055,43.18000030517578,43.83000183105469,40.45306396484375,213300
2020-12-30,43.93000030517578,44.86000061035156,43.93000030517578,44.779998779296875,41.329864501953125,121900
2020-12-31,44.779998779296875,45.40999984741211,44.380001068115234,44.880001068115234,41.42217254638672,273900
2021-01-04,45.25,45.880001068115234,43.93000030517578,44.400001525878906,40.97915267944336,337900
2021-01-05,44.29999923706055,46.060001373291016,44.29999923706055,45.790000915527344,42.26204299926758,258400
2021-01-06,46.47999954223633,48.63999938964844,46.34000015258789,48.119998931884766,44.412532806396484,349700
2021-01-07,48.47999954223633,49.099998474121094,47.83000183105469,48.209999084472656,44.4955940246582,311000
2021-01-08,48.61000061035156,48.84000015258789,47.61000061035156,48.13999938964844,44.43099594116211,295700
2021-01-11,47.5099983215332,49.04999923706055,47.25,48.52000045776367,44.781715393066406,234800
2021-01-12,48.630001068115234,49.720001220703125,48.47999954223633,49.66999816894531,45.843116760253906,325700
2021-01-13,49.65999984741211,49.70000076293945,48.29999923706055,48.83000183105469,45.06783676147461,472300
2021-01-14,49.2400016784668,49.900001525878906,48.84000015258789,48.93000030517578,45.16012191772461,325800
2021-01-15,48.29999923706055,48.33000183105469,47.189998626708984,47.439998626708984,43.7849235534668,310700
2021-01-19,47.970001220703125,48.25,47.43000030517578,47.93000030517578,44.237186431884766,328400
2021-01-20,48.2400016784668,48.709999084472656,47.709999084472656,47.86000061035156,44.17257308959961,280900
2021-01-21,47.810001373291016,48.029998779296875,47.060001373291016,47.08000183105469,43.45266342163086,277700
2021-01-22,46.38999938964844,47.119998931884766,46.27000045776367,47.099998474121094,43.47111511230469,253900
2021-01-25,46.84000015258789,47.2599983215332,45.400001525878906,46.02000045776367,42.47433853149414,219700
2021-01-26,46.47999954223633,46.68000030517578,44.91999816894531,44.9900016784668,41.523685455322266,209900
2021-01-27,43.90999984741211,44.119998931884766,42.720001220703125,43.84000015258789,40.46229553222656,261200
2021-01-28,44.189998626708984,44.81999969482422,43.90999984741211,44.38999938964844,40.96991729736328,282600
2021-01-29,44.38999938964844,44.650001525878906,43.439998626708984,43.90999984741211,40.52689743041992,401400
2021-02-01,44.349998474121094,46.16999816894531,44.08000183105469,46.16999816894531,42.61277770996094,425600
2021-02-02,47.25,47.25,45.5,46.29999923706055,42.732757568359375,564600
2021-02-03,46.599998474121094,47.47999954223633,45.75,47.2400016784668,43.600341796875,420600
2021-02-04,47.31999969482422,47.36000061035156,45.54999923706055,46.58000183105469,42.99119186401367,801200
2021-02-05,47.08000183105469,48.099998474121094,47.08000183105469,47.349998474121094,43.70185852050781,275900
2021-02-08,48.0,48.619998931884766,47.54999923706055,48.119998931884766,44.412532806396484,271600
2021-02-09,48.130001068115234,48.68000030517578,47.68000030517578,48.25,44.53251647949219,267800
2021-02-10,48.45000076293945,48.970001220703125,47.459999084472656,48.290000915527344,44.56944274902344,378900
2021-02-11,48.52000045776367,48.72999954223633,47.56999969482422,48.709999084472656,44.95707702636719,320100
2021-02-12,48.7599983215332,49.25,48.54999923706055,49.09000015258789,45.307804107666016,147800
2021-02-16,49.75,50.58000183105469,49.560001373291016,49.939998626708984,46.092315673828125,692300
2021-02-17,49.5,49.900001525878906,49.09000015258789,49.540000915527344,45.72312927246094,199300
2021-02-18,49.27000045776367,49.4900016784668,48.349998474121094,48.54999923706055,44.80941390991211,188400
2021-02-19,48.790000915527344,50.130001068115234,48.790000915527344,49.79999923706055,45.963096618652344,265800
2021-02-22,49.88999938964844,51.31999969482422,49.68000030517578,50.52000045776367,46.62762451171875,273100
2021-02-23,50.20000076293945,50.63999938964844,49.349998474121094,50.369998931884766,46.48918533325195,266300
2021-02-24,50.31999969482422,51.810001373291016,50.31999969482422,51.58000183105469,47.605960845947266,283600
2021-02-25,51.369998931884766,51.400001525878906,49.779998779296875,49.79999923706055,46.2771110534668,268700
2021-02-26,49.54999923706055,49.849998474121094,48.45000076293945,49.22999954223633,45.747432708740234,283600
2021-03-01,50.310001373291016,50.95000076293945,50.0099983215332,50.709999084472656,47.122737884521484,232200
2021-03-02,50.88999938964844,51.060001373291016,50.15999984741211,50.220001220703125,46.66740036010742,166200
2021-03-03,50.06999969482422,50.720001220703125,49.84000015258789,49.880001068115234,46.3514518737793,186800
2021-03-04,49.91999816894531,50.4900016784668,48.099998474121094,48.84000015258789,45.38501739501953,289200
2021-03-05,49.400001525878906,50.790000915527344,48.880001068115234,50.779998779296875,47.18778991699219,319900
2021-03-08,50.95000076293945,52.619998931884766,50.849998474121094,51.880001068115234,48.20997619628906,227700
2021-03-09,52.369998931884766,52.369998931884766,51.220001220703125,51.5,47.85685348510742,215700
2021-03-10,51.68000030517578,53.130001068115234,51.650001525878906,52.91999816894531,49.17639923095703,156500
2021-03-11,53.220001220703125,53.790000915527344,52.61000061035156,52.81999969482422,49.08348083496094,115800
2021-03-12,53.04999923706055,53.2400016784668,52.5,53.04999923706055,49.29720687866211,112500
2021-03-15,52.880001068115234,52.880001068115234,51.7599983215332,52.65999984741211,48.93479537963867,127300
2021-03-16,52.349998474121094,53.099998474121094,51.459999084472656,52.70000076293945,48.971961975097656,254300
2021-03-17,52.810001373291016,54.189998626708984,52.810001373291016,54.11000061035156,50.282222747802734,203900
2021-03-18,54.099998474121094,54.900001525878906,53.18000030517578,53.2599983215332,49.49235153198242,221700
2021-03-19,53.22999954223633,53.349998474121094,51.810001373291016,52.70000076293945,48.971961975097656,652200
2021-03-22,52.7400016784668,52.7400016784668,51.66999816894531,52.470001220703125,48.758243560791016,293900
2021-03-23,51.81999969482422,52.290000915527344,49.459999084472656,49.900001525878906,46.37004470825195,306500
2021-03-24,50.4900016784668,51.90999984741211,50.2599983215332,50.33000183105469,46.76961898803711,207800
2021-03-25,49.84000015258789,51.59000015258789,49.2400016784668,51.310001373291016,47.680294036865234,304700
2021-03-26,52.29999923706055,53.099998474121094,51.61000061035156,52.560001373291016,48.84187698364258,275500
2021-03-29,52.5,53.20000076293945,51.31999969482422,51.439998626708984,47.80110168457031,242600
2021-03-30,51.439998626708984,52.59000015258789,51.04999923706055,52.5099983215332,48.7953987121582,207200
2021-03-31,52.5,53.13999938964844,52.029998779296875,52.439998626708984,48.730350494384766,544100
2021-04-01,52.66999816894531,53.349998474121094,52.02000045776367,53.279998779296875,49.51093673706055,303400
2021-04-05,53.709999084472656,54.31999969482422,53.20000076293945,53.7400016784668,49.93839645385742,218700
2021-04-06,53.439998626708984,54.59000015258789,53.439998626708984,54.150001525878906,50.31939697265625,278000
2021-04-07,54.25,54.34000015258789,53.310001373291016,53.36000061035156,49.58527374267578,216300
2021-04-08,53.34000015258789,53.34000015258789,52.310001373291016,52.86000061035156,49.12065505981445,267700
2021-04-09,52.95000076293945,53.2599983215332,52.630001068115234,53.15999984741211,49.39942932128906,174800
2021-04-12,53.34000015258789,54.29999923706055,53.220001220703125,53.91999816894531,50.10566329956055,362400
2021-04-13,53.77000045776367,53.77000045776367,52.38999938964844,52.90999984741211,49.167118072509766,207700
2021-04-14,52.95000076293945,54.029998779296875,52.65999984741211,53.439998626708984,49.65961456298828,138200
2021-04-15,53.72999954223633,54.439998626708984,53.09000015258789,54.06999969482422,50.245059967041016,241000
2021-04-16,54.689998626708984,55.11000061035156,54.220001220703125,54.75,50.876953125,155800
2021-04-19,54.709999084472656,55.060001373291016,54.439998626708984,54.7400016784668,50.867652893066406,261300
2021-04-20,54.41999816894531,54.58000183105469,53.09000015258789,53.88999938964844,50.077789306640625,288400
2021-04-21,53.810001373291016,55.59000015258789,53.7599983215332,55.290000915527344,51.37875747680664,422800
2021-04-22,55.279998779296875,55.279998779296875,54.290000915527344,54.29999923706055,50.45878982543945,423000
2021-04-23,54.34000015258789,55.59000015258789,54.220001220703125,55.400001525878906,51.48097229003906,310900
2021-04-26,55.5099983215332,56.13999938964844,55.459999084472656,55.68000030517578,51.74116516113281,351200
2021-04-27,55.5099983215332,56.41999816894531,55.2400016784668,56.20000076293945,52.22438049316406,236100
2021-04-28,56.5,57.16999816894531,56.47999954223633,56.7400016784668,52.72617721557617,193200
2021-04-29,57.099998474121094,57.439998626708984,56.33000183105469,56.43000030517578,52.438106536865234,362700
2021-04-30,56.040000915527344,56.459999084472656,54.81999969482422,54.880001068115234,50.99774932861328,408300
2021-05-03,55.4900016784668,56.70000076293945,55.189998626708984,56.09000015258789,52.122161865234375,286600
2021-05-04,57.099998474121094,58.70000076293945,56.15999984741211,57.400001525878906,53.33948516845703,388700
2021-05-05,58.70000076293945,61.15999984741211,58.310001373291016,60.90999984741211,56.60118103027344,1398400
2021-05-06,61.08000183105469,63.0,60.13999938964844,62.91999816894531,58.468990325927734,611400
2021-05-07,62.93000030517578,63.4900016784668,62.20000076293945,62.369998931884766,57.95790100097656,437400
2021-05-10,62.75,63.5,61.52000045776367,61.52000045776367,57.168033599853516,540100
2021-05-11,60.630001068115234,61.869998931884766,60.16999816894531,61.58000183105469,57.223785400390625,370700
2021-05-12,61.56999969482422,61.77000045776367,60.06999969482422,60.099998474121094,55.848487854003906,226200
2021-05-13,60.0,61.81999969482422,60.0,61.33000183105469,56.99147415161133,302000
2021-05-14,61.599998474121094,62.310001373291016,61.439998626708984,62.279998779296875,57.874271392822266,349300
2021-05-17,62.13999938964844,63.5099983215332,61.470001220703125,63.11000061035156,58.64555740356445,281400
2021-05-18,63.25,63.52000045776367,62.2400016784668,62.33000183105469,57.92074203491211,306900
2021-05-19,61.58000183105469,62.099998474121094,60.849998474121094,61.83000183105469,57.45610809326172,361800
2021-05-20,61.560001373291016,62.33000183105469,61.060001373291016,62.04999923706055,57.66053009033203,271100
2021-05-21,62.58000183105469,63.36000061035156,62.369998931884766,62.72999954223633,58.292442321777344,263000
2021-05-24,63.02000045776367,63.34000015258789,62.45000076293945,63.15999984741211,58.692020416259766,200500
2021-05-25,63.13999938964844,63.5,61.93000030517578,62.02000045776367,57.63266372680664,325700
2021-05-26,62.31999969482422,62.7400016784668,61.790000915527344,62.61000061035156,58.18092727661133,200200
2021-05-27,63.0,63.63999938964844,62.72999954223633,63.369998931884766,59.21820068359375,286000
2021-05-28,63.439998626708984,63.630001068115234,62.59000015258789,63.58000183105469,59.41444396972656,250800
2021-06-01,63.81999969482422,64.94999694824219,63.709999084472656,64.76000213623047,60.51713943481445,246600
2021-06-02,64.9000015258789,64.9000015258789,63.58000183105469,63.869998931884766,59.68544387817383,411900
2021-06-03,63.52000045776367,64.38999938964844,62.58000183105469,64.27999877929688,60.068580627441406,493900
2021-06-04,64.58999633789062,65.13999938964844,63.77000045776367,64.8499984741211,60.601234436035156,528700
2021-06-07,65.11000061035156,65.25,63.22999954223633,63.290000915527344,59.143455505371094,320700
2021-06-08,63.040000915527344,63.810001373291016,62.29999923706055,63.68000030517578,59.507896423339844,290200
2021-06-09,63.369998931884766,63.56999969482422,62.70000076293945,62.81999969482422,58.70423889160156,164000
2021-06-10,63.36000061035156,63.45000076293945,62.2400016784668,62.310001373291016,58.22765350341797,162700
2021-06-11,62.720001220703125,63.22999954223633,62.34000015258789,62.59000015258789,58.48930740356445,152200
2021-06-14,62.5,62.689998626708984,61.15999984741211,61.4900016784668,57.461368560791016,261200
2021-06-15,61.630001068115234,61.709999084472656,60.83000183105469,61.380001068115234,57.358577728271484,361200
2021-06-16,61.16999816894531,61.41999816894531,60.09000015258789,60.56999969482422,56.601654052734375,371800
2021-06-17,60.47999954223633,60.47999954223633,57.22999954223633,57.720001220703125,53.93837356567383,466600
2021-06-18,57.0,57.66999816894531,56.38999938964844,56.4900016784668,52.78895568847656,791900
2021-06-21,57.36000061035156,58.380001068115234,56.91999816894531,57.61000061035156,53.835575103759766,501600
2021-06-22,57.45000076293945,57.970001220703125,56.70000076293945,57.130001068115234,53.38703155517578,387300
2021-06-23,57.400001525878906,57.91999816894531,56.880001068115234,57.27000045776367,53.51785659790039,426700
2021-06-24,57.5099983215332,57.75,56.41999816894531,57.040000915527344,53.30291748046875,546200
2021-06-25,57.15999984741211,57.869998931884766,56.029998779296875,56.7400016784668,53.022579193115234,6716400
2021-06-28,56.54999923706055,56.54999923706055,55.209999084472656,55.849998474121094,52.19089126586914,562100
2021-06-29,56.36000061035156,56.7599983215332,56.060001373291016,56.34000015258789,52.64878463745117,330500
2021-06-30,55.75,57.040000915527344,55.75,56.93000030517578,53.20013427734375,560600
2021-07-01,58.88999938964844,59.189998626708984,57.400001525878906,58.310001373291016,54.48971939086914,746900
2021-07-02,58.02000045776367,58.209999084472656,57.5,57.91999816894531,54.125267028808594,300500
2021-07-06,58.0099983215332,58.02000045776367,56.279998779296875,57.11000061035156,53.36833572387695,683700
2021-07-07,56.939998626708984,58.459999084472656,56.81999969482422,58.20000076293945,54.38692855834961,411400
2021-07-08,57.029998779296875,57.470001220703125,56.25,56.619998931884766,52.91044616699219,383900
2021-07-09,57.7599983215332,58.68000030517578,57.400001525878906,58.40999984741211,54.583168029785156,273500
2021-07-12,57.4900016784668,58.86000061035156,57.209999084472656,58.790000915527344,54.938270568847656,269700
2021-07-13,58.45000076293945,58.79999923706055,57.43000030517578,57.540000915527344,53.770164489746094,305800
2021-07-14,57.83000183105469,58.36000061035156,56.869998931884766,57.16999816894531,53.424400329589844,244800
2021-07-15,56.529998779296875,57.220001220703125,56.2400016784668,56.27000045776367,52.58336639404297,412800
2021-07-16,56.689998626708984,56.88999938964844,53.7400016784668,53.75,50.228477478027344,428100
2021-07-19,52.2400016784668,52.619998931884766,51.29999923706055,51.79999923706055,48.40623092651367,367200
2021-07-20,51.70000076293945,52.45000076293945,51.20000076293945,51.959999084472656,48.55574417114258,669000
2021-07-21,52.599998474121094,53.06999969482422,51.91999816894531,52.40999984741211,48.97626495361328,488700
2021-07-22,52.2400016784668,52.38999938964844,51.220001220703125,51.790000915527344,48.396888732910156,517900
2021-07-23,53.68000030517578,53.68000030517578,52.060001373291016,53.529998779296875,50.02288818359375,513000
2021-07-26,53.720001220703125,54.470001220703125,53.59000015258789,54.18000030517578,50.63030242919922,295300
2021-07-27,53.5,54.08000183105469,52.869998931884766,53.599998474121094,50.088294982910156,182000
2021-07-28,53.869998931884766,54.40999984741211,52.939998626708984,53.9900016784668,50.45275115966797,202900
2021-07-29,54.91999816894531,55.5,54.63999938964844,55.06999969482422,51.46199035644531,281700
2021-07-30,54.83000183105469,55.900001525878906,54.66999816894531,55.060001373291016,51.45265197753906,266800
2021-08-02,55.529998779296875,56.54999923706055,54.380001068115234,54.47999954223633,50.910640716552734,290300
2021-08-03,54.900001525878906,55.38999938964844,53.5099983215332,55.27000045776367,51.648887634277344,203500
2021-08-04,54.470001220703125,55.130001068115234,53.2599983215332,53.310001373291016,49.81730270385742,275200
2021-08-05,53.7400016784668,54.130001068115234,53.150001525878906,53.189998626708984,49.705162048339844,187000
2021-08-06,53.970001220703125,54.58000183105469,53.4900016784668,53.9900016784668,50.45275115966797,293200
2021-08-09,53.34000015258789,53.79999923706055,52.720001220703125,53.720001220703125,50.20044708251953,273100
2021-08-10,51.689998626708984,54.150001525878906,50.470001220703125,54.08000183105469,50.53685760498047,661100
2021-08-11,54.4900016784668,55.59000015258789,53.959999084472656,55.540000915527344,51.90119171142578,320500
2021-08-12,55.720001220703125,55.720001220703125,54.540000915527344,55.5,51.86381149291992,232300
2021-08-13,55.380001068115234,55.630001068115234,54.970001220703125,55.279998779296875,51.658233642578125,165600
2021-08-16,54.720001220703125,55.11000061035156,53.790000915527344,54.9900016784668,51.387237548828125,273100
2021-08-17,54.43000030517578,54.869998931884766,53.22999954223633,54.5,50.92933654785156,310600
2021-08-18,54.400001525878906,55.369998931884766,54.099998474121094,54.38999938964844,50.82654571533203,535000
2021-08-19,53.52000045776367,53.970001220703125,52.0099983215332,52.060001373291016,48.64919662475586,213700
2021-08-20,52.0,52.5,51.7400016784668,52.130001068115234,48.7146110534668,201000
2021-08-23,52.529998779296875,53.310001373291016,52.36000061035156,53.20000076293945,49.71451187133789,198300
2021-08-24,53.290000915527344,54.2400016784668,53.290000915527344,53.77000045776367,50.24715805053711,207100
2021-08-25,54.040000915527344,54.689998626708984,53.2400016784668,54.380001068115234,50.81719970703125,215300
2021-08-26,53.86000061035156,53.970001220703125,52.63999938964844,52.83000183105469,49.68855285644531,205800
2021-08-27,52.900001525878906,55.22999954223633,52.900001525878906,55.040000915527344,51.76714324951172,316200
2021-08-30,55.060001373291016,55.189998626708984,53.939998626708984,54.0,50.78898239135742,148500
2021-08-31,54.209999084472656,54.209999084472656,53.220001220703125,53.400001525878906,50.22465896606445,251500
2021-09-01,53.56999969482422,53.619998931884766,52.18000030517578,53.20000076293945,50.036556243896484,199100
2021-09-02,53.130001068115234,53.939998626708984,52.65999984741211,53.65999984741211,50.46919631958008,370600
2021-09-03,53.5,53.81999969482422,52.150001525878906,52.63999938964844,49.50984573364258,232600
2021-09-07,52.4900016784668,53.40999984741211,52.189998626708984,52.599998474121094,49.47222900390625,291300
2021-09-08,52.29999923706055,52.5,50.970001220703125,51.380001068115234,48.32477569580078,282000
2021-09-09,51.2599983215332,52.130001068115234,50.75,51.849998474121094,48.766822814941406,296900
2021-09-10,52.310001373291016,52.310001373291016,50.59000015258789,50.599998474121094,47.59115219116211,308000
2021-09-13,51.15999984741211,51.43000030517578,50.27000045776367,50.86000061035156,47.83570098876953,243900
2021-09-14,50.97999954223633,50.97999954223633,49.709999084472656,49.849998474121094,46.88575744628906,275200
2021-09-15,49.75,51.11000061035156,49.54999923706055,51.02000045776367,47.986183166503906,282900
2021-09-16,50.97999954223633,50.97999954223633,49.5,50.439998626708984,47.440673828125,212500
2021-09-17,50.45000076293945,50.459999084472656,49.119998931884766,49.880001068115234,46.913970947265625,806900
2021-09-20,48.310001373291016,49.04999923706055,47.59000015258789,48.630001068115234,45.738304138183594,313900
2021-09-21,49.130001068115234,49.130001068115234,47.81999969482422,48.11000061035156,45.24922180175781,203400
2021-09-22,48.66999816894531,49.36000061035156,48.16999816894531,48.560001373291016,45.67245864868164,230700
2021-09-23,49.029998779296875,50.540000915527344,49.029998779296875,50.25,47.2619743347168,207000
2021-09-24,50.119998931884766,50.65999984741211,49.849998474121094,50.04999923706055,47.07386016845703,146400
2021-09-27,50.279998779296875,51.900001525878906,50.279998779296875,51.349998474121094,48.29655456542969,193500
2021-09-28,51.58000183105469,52.0,50.70000076293945,50.75,47.73223876953125,157600
2021-09-29,50.869998931884766,51.599998474121094,50.16999816894531,51.470001220703125,48.409423828125,277100
2021-09-30,51.7400016784668,51.939998626708984,50.11000061035156,50.119998931884766,47.13969421386719,307600
2021-10-01,50.540000915527344,52.09000015258789,50.40999984741211,51.689998626708984,48.616336822509766,282600
2021-10-04,51.97999954223633,52.349998474121094,50.7400016784668,51.209999084472656,48.164886474609375,219200
2021-10-05,51.540000915527344,51.65999984741211,50.560001373291016,51.380001068115234,48.32477569580078,276300
2021-10-06,50.84000015258789,51.0,49.59000015258789,50.959999084472656,47.929744720458984,224900
2021-10-07,51.52000045776367,52.97999954223633,51.29999923706055,52.34000015258789,49.22768783569336,283600
2021-10-08,52.459999084472656,52.47999954223633,51.689998626708984,51.77000045776367,48.691585540771484,143400
2021-10-11,52.119998931884766,53.0,51.75,51.779998779296875,48.700992584228516,130300
2021-10-12,51.63999938964844,52.119998931884766,51.400001525878906,51.79999923706055,48.71980285644531,176800
2021-10-13,52.0,52.119998931884766,50.91999816894531,51.5,48.43763732910156,202000
2021-10-14,51.900001525878906,52.88999938964844,51.5099983215332,52.83000183105469,49.68855285644531,204400
2021-10-15,53.84000015258789,53.869998931884766,53.08000183105469,53.11000061035156,49.951908111572266,276400
2021-10-18,52.79999923706055,53.4900016784668,52.439998626708984,53.29999923706055,50.1306037902832,170900
2021-10-19,53.599998474121094,53.84000015258789,52.84000015258789,53.27000045776367,50.10239028930664,198300
2021-10-20,53.119998931884766,53.849998474121094,52.83000183105469,53.83000183105469,50.62908935546875,146500
2021-10-21,53.54999923706055,53.86000061035156,52.939998626708984,53.790000915527344,50.591468811035156,182200
2021-10-22,54.060001373291016,54.4900016784668,53.61000061035156,53.689998626708984,50.49740982055664,180500
2021-10-25,53.91999816894531,54.68000030517578,53.689998626708984,54.41999816894531,51.18400573730469,156400
2021-10-26,54.34000015258789,54.720001220703125,54.029998779296875,54.2599983215332,51.03351593017578,160400
2021-10-27,54.04999923706055,54.04999923706055,52.33000183105469,52.36000061035156,49.24650192260742,150000
2021-10-28,52.68000030517578,53.63999938964844,52.68000030517578,53.5,50.3187141418457,114000
2021-10-29,53.290000915527344,53.63999938964844,52.75,53.349998474121094,50.17763900756836,225000
2021-11-01,53.47999954223633,55.060001373291016,53.41999816894531,54.529998779296875,51.2874641418457,174300
2021-11-02,54.7599983215332,55.790000915527344,54.45000076293945,55.61000061035156,52.303245544433594,185600
2021-11-03,55.40999984741211,57.43000030517578,55.40999984741211,56.77000045776367,53.39426803588867,243700
2021-11-04,57.09000015258789,57.18000030517578,55.869998931884766,56.0099983215332,52.67945861816406,257000
2021-11-05,56.79999923706055,58.41999816894531,56.560001373291016,58.279998779296875,54.81446838378906,220500
2021-11-08,58.91999816894531,59.650001525878906,58.560001373291016,59.06999969482422,55.55750274658203,341200
2021-11-09,60.529998779296875,60.529998779296875,57.06999969482422,57.529998779296875,54.109066009521484,451700
2021-11-10,56.939998626708984,57.97999954223633,56.939998626708984,57.119998931884766,53.723453521728516,417100
2021-11-11,57.41999816894531,59.130001068115234,57.20000076293945,58.04999923706055,54.59815216064453,311000
2021-11-12,58.18000030517578,58.52000045776367,57.849998474121094,58.27000045776367,54.80507278442383,252900
2021-11-15,58.880001068115234,58.880001068115234,57.70000076293945,58.380001068115234,54.90853500366211,304500
2021-11-16,58.58000183105469,59.41999816894531,57.959999084472656,58.0,54.551124572753906,358200
2021-11-17,57.560001373291016,58.5099983215332,57.22999954223633,58.31999969482422,54.85209655761719,321700
2021-11-18,58.470001220703125,58.93000030517578,57.86000061035156,58.88999938964844,55.38821029663086,289600
2021-11-19,58.15999984741211,59.650001525878906,58.06999969482422,59.2599983215332,55.7362060546875,307000
2021-11-22,59.630001068115234,60.58000183105469,59.470001220703125,59.68000030517578,56.131229400634766,355700
2021-11-23,59.97999954223633,60.349998474121094,58.869998931884766,59.65999984741211,56.11241912841797,571300
2021-11-24,58.689998626708984,58.869998931884766,57.869998931884766,58.34000015258789,55.21333312988281,221500
2021-11-26,56.0,56.849998474121094,54.79999923706055,55.83000183105469,52.83786392211914,303000
2021-11-29,56.41999816894531,56.77000045776367,54.209999084472656,54.38999938964844,51.47502899169922,311100
2021-11-30,53.880001068115234,54.349998474121094,52.16999816894531,52.47999954223633,49.66738510131836,351100
2021-12-01,53.79999923706055,54.06999969482422,50.959999084472656,50.970001220703125,48.238319396972656,356700
2021-12-02,51.36000061035156,53.81999969482422,51.130001068115234,53.47999954223633,50.613800048828125,249400
2021-12-03,53.709999084472656,56.5,53.68000030517578,55.459999084472656,52.48767852783203,582500
2021-12-06,56.43000030517578,56.93000030517578,55.7400016784668,56.0,52.998741149902344,312400
2021-12-07,56.349998474121094,57.290000915527344,55.95000076293945,56.060001373291016,53.05552673339844,315000
2021-12-08,56.31999969482422,56.939998626708984,55.88999938964844,56.400001525878906,53.37730407714844,229500
2021-12-09,55.720001220703125,56.560001373291016,55.52000045776367,55.79999923706055,52.80946731567383,253400
2021-12-10,56.470001220703125,56.529998779296875,55.58000183105469,56.150001525878906,53.14070129394531,241800
2021-12-13,55.540000915527344,56.130001068115234,54.56999969482422,54.779998779296875,51.84412384033203,315500
2021-12-14,54.52000045776367,55.869998931884766,54.52000045776367,55.08000183105469,52.128047943115234,419600
2021-12-15,55.209999084472656,55.75,54.25,55.68000030517578,52.695892333984375,307000
2021-12-16,56.130001068115234,56.65999984741211,54.72999954223633,54.9900016784668,52.04287338256836,343200
2021-12-17,54.880001068115234,55.18000030517578,53.63999938964844,53.7599983215332,50.8787956237793,594100
2021-12-20,52.77000045776367,52.83000183105469,51.09000015258789,51.90999984741211,49.1279411315918,293100
2021-12-21,52.5099983215332,53.54999923706055,52.349998474121094,53.5,50.632728576660156,184700
2021-12-22,53.47999954223633,54.33000183105469,53.15999984741211,54.06999969482422,51.17218017578125,195300
2021-12-23,54.4900016784668,54.90999984741211,54.25,54.58000183105469,51.65484619140625,160000
2021-12-27,54.689998626708984,55.599998474121094,54.15999984741211,55.560001373291016,52.58232879638672,164500
2021-12-28,55.52000045776367,56.099998474121094,55.38999938964844,55.58000183105469,52.601253509521484,191600
2021-12-29,55.720001220703125,56.20000076293945,55.61000061035156,55.939998626708984,52.94195556640625,124700
2021-12-30,55.81999969482422,56.36000061035156,55.400001525878906,55.5,52.525535583496094,138100
2021-12-31,55.279998779296875,56.36000061035156,55.279998779296875,56.20000076293945,53.188026428222656,193400
2022-01-03,56.88999938964844,57.599998474121094,56.47999954223633,57.099998474121094,54.039791107177734,266200
2022-01-04,57.18000030517578,58.91999816894531,57.18000030517578,58.470001220703125,55.336368560791016,338700
2022-01-05,58.790000915527344,60.13999938964844,57.939998626708984,57.97999954223633,54.87262725830078,377700
2022-01-06,58.5099983215332,58.58000183105469,57.880001068115234,57.9900016784668,54.88209533691406,315800
2022-01-07,57.790000915527344,58.77000045776367,57.7599983215332,58.5099983215332,55.37422561645508,360800
2022-01-10,58.47999954223633,58.59000015258789,57.790000915527344,58.20000076293945,55.08083724975586,375800
2022-01-11,58.47999954223633,58.79999923706055,57.619998931884766,58.79999923706055,55.648677825927734,231600
2022-01-12,59.0099983215332,59.689998626708984,58.58000183105469,58.84000015258789,55.6865348815918,302900
2022-01-13,59.08000183105469,59.900001525878906,58.970001220703125,59.869998931884766,56.661338806152344,329800
2022-01-14,59.369998931884766,61.18000030517578,59.369998931884766,61.060001373291016,57.787559509277344,254100
2022-01-18,60.5,60.58000183105469,58.59000015258789,60.040000915527344,56.822227478027344,374200
2022-01-19,59.880001068115234,60.060001373291016,58.08000183105469,58.08000183105469,54.96726608276367,275400
2022-01-20,58.20000076293945,58.5,56.31999969482422,56.40999984741211,53.38677978515625,225800
2022-01-21,56.189998626708984,57.59000015258789,55.45000076293945,55.630001068115234,52.64857482910156,307200
2022-01-24,54.93000030517578,56.11000061035156,53.72999954223633,55.81999969482422,52.82838821411133,441600
2022-01-25,55.06999969482422,55.880001068115234,53.61000061035156,55.5,52.525535583496094,373900
2022-01-26,55.939998626708984,56.630001068115234,54.08000183105469,54.70000076293945,51.76841735839844,323500
2022-01-27,55.5,56.18000030517578,53.7400016784668,54.25,51.342529296875,251900
2022-01-28,54.20000076293945,55.66999816894531,53.31999969482422,55.619998931884766,52.63911056518555,473300
2022-01-31,54.810001373291016,55.290000915527344,54.15999984741211,54.9900016784668,52.04287338256836,439500
2022-02-01,57.0099983215332,62.27000045776367,56.70000076293945,62.189998626708984,58.856998443603516,1167600
2022-02-02,62.209999084472656,63.70000076293945,61.59000015258789,63.5,60.09679412841797,993300
2022-02-03,63.0099983215332,63.9900016784668,62.0,62.130001068115234,58.800209045410156,493000
2022-02-04,61.869998931884766,63.209999084472656,61.75,62.45000076293945,59.10306167602539,440200
2022-02-07,62.5099983215332,64.37000274658203,62.02000045776367,63.810001373291016,60.390174865722656,629000
2022-02-08,64.4000015258789,68.41999816894531,64.33000183105469,68.22000122070312,64.56383514404297,990400
2022-02-09,68.37999725341797,69.81999969482422,68.19000244140625,69.26000213623047,65.54808044433594,783100
2022-02-10,68.37000274658203,71.08000183105469,68.37000274658203,70.0999984741211,66.34306335449219,1525200
2022-02-11,69.69000244140625,70.79000091552734,68.9800033569336,69.41000366210938,65.69004821777344,630500
2022-02-14,69.45999908447266,69.8499984741211,68.5999984741211,69.72000122070312,65.98342895507812,529200
2022-02-15,70.30999755859375,73.19999694824219,70.30999755859375,72.75,68.85104370117188,597400
2022-02-16,72.5,74.87000274658203,72.4000015258789,74.51000213623047,70.51671600341797,691500
2022-02-17,73.41999816894531,74.0999984741211,72.44000244140625,73.70999908447266,69.75959014892578,484400
2022-02-18,73.47000122070312,74.77999877929688,73.43000030517578,74.0999984741211,70.12869262695312,524500
2022-02-22,73.61000061035156,73.81999969482422,71.94000244140625,72.62000274658203,68.72801971435547,468000
2022-02-23,73.23999786376953,73.55999755859375,71.58000183105469,71.97000122070312,68.11284637451172,549800
2022-02-24,69.7300033569336,72.5,69.41000366210938,72.0999984741211,68.5885009765625,555700
2022-02-25,72.70999908447266,74.48999786376953,71.95999908447266,74.06999969482422,70.4625473022461,432900
2022-02-28,72.7300033569336,74.0199966430664,72.38999938964844,73.16000366210938,69.59687805175781,647400
2022-03-01,73.13999938964844,73.20999908447266,70.20999908447266,72.0,68.49337005615234,543600
2022-03-02,72.69999694824219,73.58000183105469,72.30999755859375,73.2300033569336,69.66345977783203,441500
2022-03-03,73.5999984741211,73.5999984741211,71.69000244140625,72.66999816894531,69.13074493408203,624700
2022-03-04,71.16999816894531,72.06999969482422,70.69999694824219,71.88999938964844,68.38871765136719,385700
2022-03-07,72.20999908447266,72.37000274658203,67.55999755859375,67.98999786376953,64.67868041992188,482000
2022-03-08,68.80999755859375,69.98999786376953,67.47000122070312,68.76000213623047,65.4111557006836,509900
2022-03-09,70.33999633789062,71.70999908447266,69.91000366210938,71.0199966430664,67.56109619140625,441400
2022-03-10,69.95999908447266,72.06999969482422,69.94999694824219,71.76000213623047,68.26505279541016,492600
2022-03-11,72.44000244140625,73.76000213623047,70.12000274658203,70.13999938964844,66.72395324707031,546300
2022-03-14,70.62999725341797,71.86000061035156,70.33000183105469,70.69000244140625,67.24717712402344,333200
2022-03-15,70.44999694824219,71.18000030517578,69.12000274658203,69.9000015258789,66.49563598632812,323500
2022-03-16,70.77999877929688,71.69000244140625,68.69000244140625,70.80000305175781,67.35181427001953,589500
2022-03-17,70.05999755859375,71.16999816894531,69.93000030517578,70.83000183105469,67.3803482055664,329000
2022-03-18,70.81999969482422,71.2699966430664,69.05000305175781,70.7699966430664,67.32325744628906,694100
2022-03-21,71.25,72.62999725341797,70.69999694824219,70.8499984741211,67.39936065673828,451200
2022-03-22,71.05000305175781,71.11000061035156,68.19000244140625,69.5,66.1151123046875,729200
2022-03-23,69.26000213623047,70.30000305175781,68.73999786376953,69.06999969482422,65.70606231689453,296200
2022-03-24,69.33999633789062,69.79000091552734,68.79000091552734,69.30999755859375,65.93437957763672,232200
2022-03-25,69.56999969482422,70.55000305175781,69.16000366210938,70.23999786376953,66.819091796875,270100
2022-03-28,70.0,70.95999908447266,68.55000305175781,70.9000015258789,67.44694519042969,306900
2022-03-29,70.94000244140625,72.05999755859375,70.76000213623047,71.11000061035156,67.64672088623047,402000
2022-03-30,71.48999786376953,71.54000091552734,69.97000122070312,70.06999969482422,66.65736389160156,256000
2022-03-31,70.05999755859375,70.33000183105469,68.4000015258789,68.41000366210938,65.07820129394531,515500
2022-04-01,68.97000122070312,69.79000091552734,67.13999938964844,68.04000091552734,64.72622680664062,530900
2022-04-04,68.04000091552734,68.37999725341797,66.6500015258789,68.06999969482422,64.75476837158203,416200
2022-04-05,68.0999984741211,69.04000091552734,65.98999786376953,66.08000183105469,62.86170196533203,558000
2022-04-06,65.61000061035156,65.66000366210938,64.5,64.79000091552734,61.634517669677734,410300
2022-04-07,65.08999633789062,65.33000183105469,63.81999969482422,64.8499984741211,61.69158935546875,752900
2022-04-08,65.19000244140625,66.02999877929688,64.79000091552734,65.3499984741211,62.167236328125,407800
2022-04-11,65.25,66.33999633789062,64.44999694824219,65.69999694824219,62.50019073486328,375100
2022-04-12,66.31999969482422,67.30000305175781,65.22000122070312,65.81999969482422,62.61435317993164,308300
2022-04-13,65.48999786376953,67.31999969482422,65.48999786376953,67.30999755859375,64.03179168701172,273000
2022-04-14,67.52999877929688,67.9800033569336,66.66999816894531,67.11000061035156,63.841514587402344,335300
2022-04-18,67.18000030517578,67.93000030517578,66.81999969482422,67.41999816894531,64.13641357421875,382100
2022-04-19,67.33000183105469,69.4000015258789,67.33000183105469,69.26000213623047,65.88682556152344,253900
2022-04-20,69.79000091552734,71.2300033569336,69.79000091552734,70.75,67.30424499511719,281300
2022-04-21,71.70999908447266,72.7300033569336,69.7699966430664,70.25,66.82859802246094,375200
2022-04-22,70.01000213623047,70.01000213623047,67.62999725341797,67.6500015258789,64.355224609375,322800
2022-04-25,66.54000091552734,67.20999908447266,64.88999938964844,66.7300033569336,63.480037689208984,664000
2022-04-26,66.41000366210938,67.06999969482422,65.36000061035156,65.80000305175781,62.5953254699707,498600
2022-04-27,65.81999969482422,66.69000244140625,65.33000183105469,66.0199966430664,62.80460739135742,479700
2022-04-28,66.87000274658203,66.94999694824219,64.66999816894531,66.56999969482422,63.327816009521484,304400
2022-04-29,66.51000213623047,67.58999633789062,65.38999938964844,65.8499984741211,62.64289474487305,388800
2022-05-02,66.13999938964844,66.83999633789062,64.72000122070312,66.2699966430664,63.04243087768555,505000
2022-05-03,68.19000244140625,69.6500015258789,66.9000015258789,69.55000305175781,66.1626968383789,778700
2022-05-04,70.0199966430664,71.25,68.98999786376953,70.7699966430664,67.32325744628906,748700
2022-05-05,70.26000213623047,70.3499984741211,67.80000305175781,68.68000030517578,65.33505249023438,501600
2022-05-06,68.44999694824219,68.44999694824219,66.45999908447266,66.95999908447266,63.69883346557617,351900
2022-05-09,65.83999633789062,67.08999633789062,65.37999725341797,65.70999908447266,62.50970458984375,448200
2022-05-10,66.36000061035156,66.7300033569336,63.61000061035156,64.56999969482422,61.425228118896484,470000
2022-05-11,64.83999633789062,67.08000183105469,64.52999877929688,65.08000183105469,61.91039276123047,378400
2022-05-12,64.80999755859375,66.08000183105469,64.01000213623047,65.36000061035156,62.176761627197266,303800
2022-05-13,66.19999694824219,68.16000366210938,65.91999816894531,67.76000213623047,64.45987701416016,319900
2022-05-16,67.30999755859375,70.45999908447266,66.48999786376953,68.80999755859375,65.458740234375,492300
2022-05-17,70.38999938964844,72.31999969482422,69.93000030517578,72.27999877929688,68.75971984863281,292300
2022-05-18,72.0,72.69999694824219,70.16000366210938,70.58000183105469,67.14252471923828,383900
2022-05-19,69.45999908447266,70.83000183105469,69.20999908447266,69.75,66.35295867919922,534400
2022-05-20,70.3499984741211,70.86000061035156,67.48999786376953,69.23999786376953,65.86778259277344,272700
2022-05-23,69.93000030517578,70.93000030517578,69.30000305175781,70.02999877929688,66.61931610107422,269900
2022-05-24,69.41999816894531,70.12999725341797,67.81999969482422,69.7300033569336,66.33391571044922,340200
2022-05-25,69.19999694824219,71.36000061035156,68.75,70.70999908447266,67.26619720458984,258800
2022-05-26,70.94000244140625,73.0,70.94000244140625,72.38999938964844,69.22660827636719,424300
2022-05-27,72.4000015258789,77.25,72.4000015258789,77.13999938964844,73.76904296875,583900
2022-05-31,77.4800033569336,78.62000274658203,75.56999969482422,75.61000061035156,72.30590057373047,828300
2022-06-01,75.94999694824219,76.11000061035156,72.20999908447266,74.11000061035156,70.8714599609375,409800
2022-06-02,74.25,78.12000274658203,74.25,77.98999786376953,74.5818862915039,664800
2022-06-03,77.12000274658203,77.76000213623047,75.13999938964844,75.69000244140625,72.38240051269531,351200
2022-06-06,76.58000183105469,78.54000091552734,76.12999725341797,78.02999877929688,74.6201400756836,666400
2022-06-07,77.41999816894531,77.62999725341797,76.61000061035156,77.58000183105469,74.18980407714844,489500
2022-06-08,76.97000122070312,78.20999908447266,75.76000213623047,75.87000274658203,72.55453491210938,388600
2022-06-09,75.48999786376953,76.12999725341797,74.2699966430664,74.33000183105469,71.08182525634766,295000
2022-06-10,73.08999633789062,74.63999938964844,71.69999694824219,72.80999755859375,69.62825775146484,627300
2022-06-13,70.88999938964844,71.23999786376953,67.76000213623047,68.7300033569336,65.72654724121094,805000
2022-06-14,68.26000213623047,68.6500015258789,66.5999984741211,67.2699966430664,64.33036041259766,450500
2022-06-15,67.87000274658203,68.4800033569336,66.5199966430664,67.5999984741211,64.64592742919922,304000
2022-06-16,65.58000183105469,65.94000244140625,60.209999084472656,61.04999923706055,58.38215637207031,441800
2022-06-17,61.59000015258789,62.400001525878906,59.650001525878906,61.5099983215332,58.82205581665039,755100
2022-06-21,63.119998931884766,63.75,61.86000061035156,62.79999923706055,60.05568313598633,372600
2022-06-22,61.13999938964844,62.540000915527344,60.310001373291016,62.27000045776367,59.5488395690918,364600
2022-06-23,62.08000183105469,62.290000915527344,60.0,60.560001373291016,57.913570404052734,416700
2022-06-24,61.060001373291016,65.13999938964844,61.060001373291016,65.13999938964844,62.293426513671875,901700
2022-06-27,65.6500015258789,66.30999755859375,64.55999755859375,65.75,62.87677764892578,314300
2022-06-28,66.48999786376953,66.9000015258789,64.66999816894531,64.86000061035156,62.025665283203125,382700
2022-06-29,64.79000091552734,64.79000091552734,62.79999923706055,63.709999084472656,60.92591857910156,309300
2022-06-30,62.45000076293945,63.83000183105469,62.0099983215332,63.790000915527344,61.002418518066406,401000
2022-07-01,63.220001220703125,64.69999694824219,61.560001373291016,64.66999816894531,61.843963623046875,380500
2022-07-05,62.95000076293945,63.33000183105469,60.880001068115234,63.16999816894531,60.409515380859375,276800
2022-07-06,63.20000076293945,64.19000244140625,61.47999954223633,63.40999984741211,60.63902282714844,335000
2022-07-07,64.33999633789062,66.19000244140625,64.33999633789062,65.70999908447266,62.83852005004883,280800
2022-07-08,66.0199966430664,66.47000122070312,64.52999877929688,65.91999816894531,63.03934097290039,296400
2022-07-11,65.2300033569336,66.22000122070312,64.97000122070312,65.26000213623047,62.408180236816406,171800
2022-07-12,64.81999969482422,66.38999938964844,64.38999938964844,65.33999633789062,62.48468780517578,175100
2022-07-13,64.70999908447266,65.4800033569336,64.19000244140625,64.95999908447266,62.12129211425781,197800
2022-07-14,63.54999923706055,64.3499984741211,61.63999938964844,63.34000015258789,60.57209014892578,262700
2022-07-15,64.69999694824219,65.79000091552734,63.75,64.41999816894531,61.60489273071289,255100
2022-07-18,65.5,66.0999984741211,63.97999954223633,64.3499984741211,61.53794479370117,282700
2022-07-19,65.26000213623047,67.88999938964844,65.0199966430664,67.41000366210938,64.46422576904297,271000
2022-07-20,67.41000366210938,68.54000091552734,67.0199966430664,68.3499984741211,65.36315155029297,390100
2022-07-21,67.51000213623047,69.94999694824219,67.29000091552734,69.93000030517578,66.87411499023438,345700
2022-07-22,70.41000366210938,71.0,69.19999694824219,69.69000244140625,66.64459228515625,452300
2022-07-25,69.91999816894531,71.47000122070312,69.19999694824219,71.27999877929688,68.16511535644531,299000
2022-07-26,70.8499984741211,71.26000213623047,69.73999786376953,69.91999816894531,66.86453247070312,189200
2022-07-27,69.80999755859375,71.91000366210938,69.62999725341797,71.5,68.37549591064453,300000
2022-07-28,71.8499984741211,73.22000122070312,71.8499984741211,73.04000091552734,69.84820556640625,336900
2022-07-29,73.69000244140625,74.83000183105469,73.16000366210938,74.26000213623047,71.014892578125,403600
2022-08-01,73.7699966430664,74.80000305175781,72.94000244140625,74.4800033569336,71.22528076171875,281900
2022-08-02,74.30000305175781,74.30999755859375,72.58000183105469,72.91999816894531,69.73343658447266,216000
2022-08-03,73.94999694824219,73.94999694824219,72.4000015258789,73.58000183105469,70.36460876464844,233400
2022-08-04,73.12999725341797,73.86000061035156,72.86000061035156,73.05000305175781,69.85777282714844,209000
2022-08-05,72.06999969482422,73.30000305175781,71.66999816894531,71.94999694824219,68.80583190917969,284500
2022-08-08,72.98999786376953,73.5,71.94999694824219,72.73999786376953,69.56131744384766,457500
2022-08-09,72.55999755859375,72.55999755859375,68.83999633789062,70.27999877929688,67.20881652832031,552700
2022-08-10,71.88999938964844,72.52999877929688,70.7300033569336,72.5,69.33180236816406,311800
2022-08-11,73.38999938964844,75.63999938964844,73.38999938964844,74.44999694824219,71.19658660888672,338500
2022-08-12,74.73999786376953,76.55999755859375,74.44000244140625,76.2699966430664,72.93704986572266,270100
2022-08-15,75.38999938964844,77.01000213623047,74.45999908447266,76.75,73.39608001708984,272400
2022-08-16,76.56999969482422,78.19999694824219,76.4800033569336,78.16999816894531,74.75402069091797,278000
2022-08-17,77.80000305175781,77.80000305175781,75.70999908447266,76.72000122070312,73.36740112304688,260700
2022-08-18,76.70999908447266,77.76000213623047,76.41000366210938,77.33000183105469,73.95072174072266,335900
2022-08-19,76.80000305175781,76.8499984741211,74.80999755859375,74.95999908447266,71.68429565429688,305500
2022-08-22,73.25,73.25,71.66999816894531,71.8499984741211,68.71022033691406,353600
2022-08-23,72.06999969482422,74.5199966430664,72.0,74.30000305175781,71.05314636230469,353700
2022-08-24,74.30000305175781,75.1500015258789,73.76000213623047,74.91000366210938,71.63648223876953,252000
2022-08-25,75.01000213623047,77.51000213623047,74.93000030517578,77.45999908447266,74.4427490234375,281100
2022-08-26,77.0999984741211,77.43000030517578,74.7699966430664,74.94999694824219,72.03050994873047,195500
2022-08-29,73.81999969482422,75.33000183105469,73.27999877929688,74.9800033569336,72.0593490600586,248500
2022-08-30,75.43000030517578,75.48999786376953,72.83000183105469,73.0199966430664,70.17568969726562,223300
2022-08-31,72.9000015258789,73.05000305175781,71.95999908447266,71.97000122070312,69.16658782958984,203100
2022-09-01,70.58000183105469,70.87999725341797,69.01000213623047,70.54000091552734,67.79229736328125,315300
2022-09-02,71.83999633789062,71.93000030517578,69.30999755859375,69.83999633789062,67.11955261230469,189000
2022-09-06,70.94000244140625,70.94000244140625,68.81999969482422,69.2300033569336,66.53333282470703,245500
2022-09-07,68.9800033569336,70.95999908447266,68.83000183105469,70.68000030517578,67.92684173583984,289700
2022-09-08,69.66999816894531,71.3499984741211,68.91999816894531,71.19999694824219,68.42658996582031,220300
2022-09-09,71.79000091552734,73.38999938964844,71.56999969482422,73.26000213623047,70.4063491821289,269800
2022-09-12,74.05000305175781,75.08000183105469,73.72000122070312,74.91000366210938,71.99207305908203,227300
2022-09-13,72.3499984741211,73.38999938964844,71.63999938964844,73.16000366210938,70.31024932861328,538500
2022-09-14,72.83999633789062,73.9000015258789,71.41999816894531,73.55000305175781,70.68505096435547,578300
2022-09-15,73.2699966430664,74.37999725341797,72.54000091552734,73.04000091552734,70.19491577148438,512900
2022-09-16,71.91000366210938,71.91000366210938,67.02999877929688,69.69999694824219,66.98502349853516,1525700
2022-09-19,68.44999694824219,72.44999694824219,68.37999725341797,72.41999816894531,69.59907531738281,332600
2022-09-20,71.19999694824219,71.37999725341797,68.94999694824219,69.69000244140625,66.97540283203125,302200
2022-09-21,70.68000030517578,71.73999786376953,68.81999969482422,68.87000274658203,66.18734741210938,242700
2022-09-22,69.30000305175781,69.30000305175781,68.04000091552734,68.12999725341797,65.47616577148438,284400
2022-09-23,66.41999816894531,66.7300033569336,65.05000305175781,65.63999938964844,63.08315658569336,336900
2022-09-26,65.19000244140625,67.23999786376953,64.9800033569336,65.30000305175781,62.75640106201172,297100
2022-09-27,66.4000015258789,66.69000244140625,62.849998474121094,63.56999969482422,61.09379959106445,641200
2022-09-28,64.3499984741211,66.37000274658203,63.619998931884766,65.66000366210938,63.10238265991211,531200
2022-09-29,64.69000244140625,65.12000274658203,62.83000183105469,63.93000030517578,61.439781188964844,399600
2022-09-30,64.31999969482422,65.55999755859375,63.689998626708984,63.88999938964844,61.40133285522461,284400
2022-10-03,65.26000213623047,66.88999938964844,64.91000366210938,66.0999984741211,63.52525329589844,328800
2022-10-04,67.69999694824219,68.4000015258789,66.55999755859375,66.87000274658203,64.2652587890625,629800
2022-10-05,66.19999694824219,66.86000061035156,65.01000213623047,65.48999786376953,62.93899917602539,611100
2022-10-06,65.0999984741211,66.11000061035156,64.13999938964844,64.36000061035156,61.85301971435547,444900
2022-10-07,63.52000045776367,64.12999725341797,62.060001373291016,62.630001068115234,60.190406799316406,442100
2022-10-10,63.18000030517578,64.5999984741211,62.709999084472656,64.08999633789062,61.59353256225586,312300
2022-10-11,63.15999984741211,63.9900016784668,61.91999816894531,62.72999954223633,60.28651428222656,276600
2022-10-12,62.779998779296875,63.209999084472656,61.97999954223633,62.400001525878906,59.96936798095703,320800
2022-10-13,61.02000045776367,65.08999633789062,60.5,64.69999694824219,62.17978286743164,322900
2022-10-14,65.41999816894531,65.91000366210938,63.25,63.400001525878906,60.93041229248047,232200
2022-10-17,65.5199966430664,66.44000244140625,65.5199966430664,66.2300033569336,63.65018081665039,376900
2022-10-18,67.9000015258789,70.01000213623047,67.9000015258789,68.83000183105469,66.1489028930664,308500
2022-10-19,68.5,69.0,67.2699966430664,67.38999938964844,64.7649917602539,360100
2022-10-20,67.62000274658203,69.63999938964844,67.0,67.04000091552734,64.42863464355469,294000
2022-10-21,67.41999816894531,70.12000274658203,67.37999725341797,69.73999786376953,67.02347564697266,300800
2022-10-24,69.97000122070312,70.5199966430664,69.26000213623047,69.7699966430664,67.05228424072266,206700
2022-10-25,69.2699966430664,72.19000244140625,69.23999786376953,71.58999633789062,68.8013916015625,237000
2022-10-26,72.3499984741211,73.70999908447266,71.1500015258789,72.01000213623047,69.20503997802734,205800
2022-10-27,72.44000244140625,73.91000366210938,72.0999984741211,72.4000015258789,69.57984924316406,246500
2022-10-28,72.61000061035156,73.25,71.31999969482422,72.79000091552734,69.95465087890625,242400
2022-10-31,72.38999938964844,73.63999938964844,72.06999969482422,73.4800033569336,70.61776733398438,290600
2022-11-01,74.2300033569336,74.8499984741211,73.0,73.29000091552734,70.4351806640625,255700
2022-11-02,72.87999725341797,74.6500015258789,71.37999725341797,71.44000244140625,68.65724182128906,295500
2022-11-03,69.7300033569336,71.81999969482422,69.30999755859375,70.98999786376953,68.22476959228516,237600
2022-11-04,72.6500015258789,75.61000061035156,72.41000366210938,75.4000015258789,72.46299743652344,345300
2022-11-07,75.18000030517578,76.72000122070312,74.43000030517578,76.55999755859375,73.57780456542969,455000
2022-11-08,77.5,77.70999908447266,69.37000274658203,70.06999969482422,67.34060668945312,515100
2022-11-09,68.29000091552734,68.29000091552734,65.26000213623047,65.31999969482422,62.7756233215332,502200
2022-11-10,68.56999969482422,73.19000244140625,68.05000305175781,72.72000122070312,69.88739013671875,382300
2022-11-11,74.20999908447266,75.1500015258789,73.29000091552734,73.83999633789062,70.96376037597656,423700
2022-11-14,72.95999908447266,74.6500015258789,72.80000305175781,72.91999816894531,70.07958221435547,332100
2022-11-15,73.33999633789062,74.43000030517578,72.54000091552734,72.75,69.91620635986328,315400
2022-11-16,73.63999938964844,74.26000213623047,71.44000244140625,71.54000091552734,68.75334167480469,530900
2022-11-17,70.12999725341797,70.9000015258789,69.11000061035156,70.6500015258789,67.89802551269531,311700
2022-11-18,71.77999877929688,72.95999908447266,70.93000030517578,72.2300033569336,69.41647338867188,288500
2022-11-21,71.06999969482422,72.23999786376953,71.06999969482422,71.51000213623047,68.72451782226562,284100
2022-11-22,73.0,74.18000030517578,71.94000244140625,73.68000030517578,70.80998992919922,454500
2022-11-23,73.0199966430664,74.26000213623047,73.0,73.80000305175781,71.28327941894531,229100
2022-11-25,73.70999908447266,74.9800033569336,73.70999908447266,74.56999969482422,72.02701568603516,112600
2022-11-28,73.4800033569336,74.05000305175781,72.19999694824219,72.2699966430664,69.80545043945312,307700
2022-11-29,72.44999694824219,73.61000061035156,72.44999694824219,72.91000366210938,70.42362976074219,218100
2022-11-30,72.94999694824219,73.76000213623047,71.06999969482422,73.62000274658203,71.10941314697266,323500
2022-12-01,74.87000274658203,75.26000213623047,73.79000091552734,73.94999694824219,71.42815399169922,215000
2022-12-02,73.0199966430664,75.72000122070312,72.91999816894531,75.0199966430664,72.46167755126953,204700
2022-12-05,74.20999908447266,74.43000030517578,72.9000015258789,73.3499984741211,70.8486328125,241200
2022-12-06,73.19000244140625,73.77999877929688,70.1500015258789,71.44000244140625,69.00375366210938,281900
2022-12-07,71.16000366210938,71.9000015258789,70.5,71.44000244140625,69.00375366210938,278000
2022-12-08,71.95999908447266,72.44999694824219,71.12999725341797,72.29000091552734,69.82476043701172,238500
2022-12-09,71.94999694824219,73.0199966430664,71.19000244140625,71.29000091552734,68.85887908935547,290600
2022-12-12,71.47000122070312,71.47000122070312,69.77999877929688,70.93000030517578,68.51114654541016,418900
2022-12-13,73.97000122070312,74.45999908447266,72.33999633789062,72.93000030517578,70.44294738769531,559700
2022-12-14,72.5999984741211,73.0,70.8499984741211,71.2300033569336,68.8009033203125,535600
2022-12-15,69.69000244140625,69.77999877929688,68.08999633789062,68.43000030517578,66.09640502929688,446400
2022-12-16,67.55999755859375,67.93000030517578,65.72000122070312,67.0199966430664,64.73448944091797,1356800
2022-12-19,67.31999969482422,67.83999633789062,66.06999969482422,66.29000091552734,64.02938079833984,251000
2022-12-20,66.51000213623047,67.77999877929688,66.16000366210938,67.23999786376953,64.94697570800781,270900
2022-12-21,68.33000183105469,69.2300033569336,67.68000030517578,68.5199966430664,66.18333435058594,294800
2022-12-22,67.69999694824219,67.69999694824219,65.83000183105469,66.56999969482422,64.2998275756836,246100
2022-12-23,66.54000091552734,67.41999816894531,66.5,67.25,64.9566421508789,163300
2022-12-27,67.80000305175781,68.04000091552734,66.70999908447266,67.20999908447266,64.91801452636719,233100
2022-12-28,67.62000274658203,67.7699966430664,66.13999938964844,66.1500015258789,63.8941650390625,233800
2022-12-29,66.5999984741211,67.95999908447266,66.5999984741211,67.20999908447266,64.91801452636719,182800
2022-12-30,66.58000183105469,67.08000183105469,65.63999938964844,66.83999633789062,64.56061553955078,199600
2023-01-03,67.58999633789062,68.16000366210938,65.5,65.68000030517578,63.440181732177734,271700
2023-01-04,66.37000274658203,67.86000061035156,65.7699966430664,67.38999938964844,65.09186553955078,342400
2023-01-05,66.8499984741211,67.20999908447266,65.94000244140625,66.54000091552734,64.2708511352539,344500
2023-01-06,67.79000091552734,69.9800033569336,67.54000091552734,69.87999725341797,67.4969482421875,275200
2023-01-09,70.76000213623047,71.44000244140625,69.69000244140625,69.72000122070312,67.34242248535156,320400
2023-01-10,69.5,70.5999984741211,67.69999694824219,70.4800033569336,68.07649993896484,251500
2023-01-11,71.2699966430664,71.88999938964844,70.19000244140625,71.45999908447266,69.02306365966797,372100
2023-01-12,71.98999786376953,73.11000061035156,71.16999816894531,72.80999755859375,70.32703399658203,277700
2023-01-13,72.38999938964844,72.81999969482422,71.54000091552734,72.5199966430664,70.04691314697266,231500
2023-01-17,72.80999755859375,72.80999755859375,71.5,72.0,69.54466247558594,182700
2023-01-18,72.5199966430664,73.72000122070312,70.81999969482422,70.81999969482422,68.4049072265625,268600
2023-01-19,70.33000183105469,70.61000061035156,68.66000366210938,70.23999786376953,67.84466552734375,323800
2023-01-20,70.62999725341797,72.33999633789062,69.94999694824219,72.33000183105469,69.86339569091797,274900
2023-01-23,72.33999633789062,73.41000366210938,72.04000091552734,73.16000366210938,70.66510772705078,199300
2023-01-24,73.16999816894531,73.70999908447266,72.30999755859375,73.51000213623047,71.00315856933594,120800
2023-01-25,72.4800033569336,74.12000274658203,72.0999984741211,73.95999908447266,71.43782043457031,245800
2023-01-26,74.02999877929688,75.04000091552734,73.55000305175781,74.9800033569336,72.42303466796875,162000
2023-01-27,74.66999816894531,75.25,73.4800033569336,74.06999969482422,71.54407501220703,297200
2023-01-30,73.33000183105469,74.5199966430664,73.0999984741211,73.30000305175781,70.80032348632812,268900
2023-01-31,73.51000213623047,75.33999633789062,73.41000366210938,75.33000183105469,72.7611083984375,309500
2023-02-01,75.1500015258789,77.38999938964844,74.51000213623047,76.69000244140625,74.07471466064453,261600
2023-02-02,76.77999877929688,77.5999984741211,75.87999725341797,77.36000061035156,74.72187042236328,308600
2023-02-03,76.61000061035156,77.9000015258789,75.86000061035156,75.95999908447266,73.36961364746094,414800
2023-02-06,75.5,76.27999877929688,73.70999908447266,74.69999694824219,72.15258026123047,247500
2023-02-07,74.08000183105469,74.94000244140625,73.2300033569336,74.54000091552734,71.99803924560547,363500
2023-02-08,73.5,74.29000091552734,72.87000274658203,73.26000213623047,70.76168823242188,318300
2023-02-09,74.02999877929688,74.52999877929688,71.62999725341797,72.68000030517578,70.20146942138672,336300
2023-02-10,72.4000015258789,74.87000274658203,70.31999969482422,74.02999877929688,71.50543212890625,499100
2023-02-13,75.98999786376953,78.75,75.29000091552734,78.75,76.0644760131836,477100
2023-02-14,78.0,79.44999694824219,77.27999877929688,78.55999755859375,75.8809585571289,415500
2023-02-15,77.91000366210938,79.7300033569336,77.6500015258789,79.19000244140625,76.48947143554688,394000
2023-02-16,77.16999816894531,80.87999725341797,76.66000366210938,79.72000122070312,77.00138854980469,419700
2023-02-17,79.81999969482422,81.69999694824219,79.41999816894531,79.93000030517578,77.20423889160156,419600
2023-02-21,78.81999969482422,79.66000366210938,76.80999755859375,77.27999877929688,74.64459228515625,347200
2023-02-22,77.5999984741211,78.56999969482422,77.43000030517578,77.7699966430664,75.11788940429688,275200
2023-02-23,78.1500015258789,79.12999725341797,77.31999969482422,78.12000274658203,75.81666564941406,270800
2023-02-24,76.63999938964844,78.83000183105469,76.30999755859375,78.70999908447266,76.38926696777344,294600
2023-02-27,79.05999755859375,80.0,78.80999755859375,79.30999755859375,76.97156524658203,208800
2023-02-28,79.30000305175781,80.88999938964844,79.19999694824219,79.52999877929688,77.18508911132812,336400
2023-03-01,79.5,81.38999938964844,79.16000366210938,81.29000091552734,78.8931884765625,260900
2023-03-02,80.6500015258789,82.18000030517578,80.20999908447266,82.05000305175781,79.63078308105469,246600
2023-03-03,82.5999984741211,83.73999786376953,81.86000061035156,83.66000366210938,81.19332885742188,285800
2023-03-06,83.19999694824219,83.4800033569336,81.36000061035156,81.58999633789062,79.18434143066406,303900
2023-03-07,81.2699966430664,81.7699966430664,78.91999816894531,79.27999877929688,76.94246673583984,213800
2023-03-08,79.38999938964844,80.19000244140625,78.80000305175781,79.29000091552734,76.95216369628906,163700
2023-03-09,79.48999786376953,79.55000305175781,76.55000305175781,76.62999725341797,74.3705825805664,257700
2023-03-10,76.29000091552734,76.77999877929688,73.55000305175781,74.30999755859375,72.11898803710938,291000
2023-03-13,72.97000122070312,75.62999725341797,72.12000274658203,73.58999633789062,71.42021942138672,457200
2023-03-14,76.16999816894531,77.16000366210938,74.81999969482422,75.81999969482422,73.58448791503906,477500
2023-03-15,73.18000030517578,74.06999969482422,71.68000030517578,72.61000061035156,70.46912384033203,414200
2023-03-16,71.41000366210938,74.5,70.93000030517578,74.12999725341797,71.94430541992188,240300
2023-03-17,73.52999877929688,73.52999877929688,71.37000274658203,71.7699966430664,69.65388488769531,555800
2023-03-20,72.81999969482422,74.19000244140625,72.62000274658203,73.45999908447266,71.2940673828125,222400
2023-03-21,75.29000091552734,75.8499984741211,74.58000183105469,75.55999755859375,73.33214569091797,411300
2023-03-22,75.44000244140625,75.72000122070312,72.94999694824219,72.98999786376953,70.83792114257812,279500
2023-03-23,73.30000305175781,75.0999984741211,71.79000091552734,72.45999908447266,70.32354736328125,199600
2023-03-24,71.5,73.48999786376953,70.9000015258789,73.33999633789062,71.17759704589844,201700
2023-03-27,74.55999755859375,75.30999755859375,73.5199966430664,74.69999694824219,72.49749755859375,248400
2023-03-28,74.83000183105469,75.6500015258789,74.55000305175781,75.19000244140625,72.9730453491211,160000
2023-03-29,76.12999725341797,76.12999725341797,75.12999725341797,75.73999786376953,73.50682830810547,153200
2023-03-30,76.6500015258789,76.93000030517578,75.41999816894531,76.04000091552734,73.79798889160156,173400
2023-03-31,76.47000122070312,77.18000030517578,76.0999984741211,76.63999938964844,74.38030242919922,329900
2023-04-03,76.83000183105469,78.0199966430664,75.77999877929688,76.73999786376953,74.47735595703125,287800
2023-04-04,76.66000366210938,76.66000366210938,74.77999877929688,75.47000122070312,73.24479675292969,394100
2023-04-05,74.66000366210938,75.13999938964844,74.12000274658203,74.61000061035156,72.41014862060547,244900
2023-04-06,74.81999969482422,74.91000366210938,73.5,73.69000244140625,71.51728057861328,210100
2023-04-10,73.68000030517578,75.29000091552734,73.55999755859375,74.55999755859375,72.36161804199219,255200
2023-04-11,74.87999725341797,75.58000183105469,74.44000244140625,74.44999694824219,72.25487518310547,233600
2023-04-12,75.69999694824219,75.69999694824219,74.37999725341797,74.5999984741211,72.40044403076172,249600
2023-04-13,74.7699966430664,76.48999786376953,74.19999694824219,76.44999694824219,74.1958999633789,218100
2023-04-14,76.69000244140625,77.0199966430664,73.91999816894531,75.0999984741211,72.88571166992188,248400
2023-04-17,74.91999816894531,75.19999694824219,74.31999969482422,74.88999938964844,72.68190002441406,203400
2023-04-18,75.45999908447266,75.76000213623047,73.98999786376953,74.94000244140625,72.73041534423828,151500
2023-04-19,74.7699966430664,75.0199966430664,73.93000030517578,74.91999816894531,72.71100616455078,160100
2023-04-20,73.98999786376953,74.72000122070312,73.77999877929688,74.5199966430664,72.32280731201172,213600
2023-04-21,74.81999969482422,74.81999969482422,73.29000091552734,73.9000015258789,71.7210922241211,260400
2023-04-24,73.83000183105469,74.91000366210938,73.7699966430664,74.7300033569336,72.52661895751953,157700
2023-04-25,73.19999694824219,73.51000213623047,71.26000213623047,71.30999755859375,69.20745086669922,307800
2023-04-26,70.48999786376953,71.51000213623047,70.05000305175781,70.72000122070312,68.63484954833984,249800
2023-04-27,71.25,71.66999816894531,69.9800033569336,70.6500015258789,68.5669174194336,266400
2023-04-28,70.05000305175781,72.13999938964844,70.05000305175781,71.76000213623047,69.64418029785156,348100
2023-05-01,71.47000122070312,72.37000274658203,70.66000366210938,70.91999816894531,68.82894897460938,204800
2023-05-02,70.11000061035156,70.11000061035156,67.33000183105469,68.95999908447266,66.92674255371094,341000
2023-05-03,69.33999633789062,70.19999694824219,68.31999969482422,68.45999908447266,66.44148254394531,337400
2023-05-04,67.7699966430664,69.16000366210938,66.5,69.0,66.96556854248047,415200
2023-05-05,70.66999816894531,71.87999725341797,70.62000274658203,71.31999969482422,69.2171630859375,289300
2023-05-08,72.98999786376953,73.30000305175781,70.1500015258789,70.55000305175781,68.46986389160156,261900
2023-05-09,68.87999725341797,69.5,65.31999969482422,68.0999984741211,66.09209442138672,534000
2023-05-10,69.44000244140625,69.52999877929688,66.55000305175781,68.86000061035156,66.82969665527344,453000
2023-05-11,67.5199966430664,69.01000213623047,67.51000213623047,68.93000030517578,66.89762115478516,318300
2023-05-12,69.5,69.73999786376953,68.61000061035156,69.11000061035156,67.07232666015625,324000
2023-05-15,69.55000305175781,70.02999877929688,68.95999908447266,69.29000091552734,67.24700927734375,199600
2023-05-16,68.58000183105469,69.30999755859375,67.91999816894531,68.38999938964844,66.37355041503906,298900
2023-05-17,68.94000244140625,69.73999786376953,68.5999984741211,69.05999755859375,67.0237808227539,292500
2023-05-18,68.94000244140625,70.41999816894531,68.41000366210938,70.2300033569336,68.1593017578125,303000
2023-05-19,70.83999633789062,71.0,69.83999633789062,70.91000366210938,68.81925201416016,381400
2023-05-22,71.20999908447266,72.37999725341797,70.91000366210938,72.20999908447266,70.08091735839844,328100
2023-05-23,71.66999816894531,73.36000061035156,71.23999786376953,71.26000213623047,69.15892791748047,370500
2023-05-24,70.61000061035156,71.16999816894531,69.80999755859375,70.04000091552734,67.97489929199219,371900
2023-05-25,69.19000244140625,70.31999969482422,69.08999633789062,69.75,68.08226776123047,208300
2023-05-26,70.0,71.41000366210938,70.0,71.08999633789062,69.39022827148438,221000
2023-05-30,72.08000183105469,72.38999938964844,70.27999877929688,70.30999755859375,68.62887573242188,199700
2023-05-31,69.72000122070312,70.0,67.36000061035156,68.4800033569336,66.84263610839844,547500
2023-06-01,68.45999908447266,70.80999755859375,68.01000213623047,70.19999694824219,68.52151489257812,408000
2023-06-02,71.73999786376953,74.80000305175781,71.73999786376953,74.68000030517578,72.8943862915039,274900
2023-06-05,74.25,75.11000061035156,72.4000015258789,73.69000244140625,71.92806243896484,312300
2023-06-06,69.9800033569336,74.7699966430664,69.9800033569336,73.68000030517578,71.9183120727539,506900
2023-06-07,74.37000274658203,75.9000015258789,73.91000366210938,75.73999786376953,73.92903900146484,374500
2023-06-08,75.9800033569336,75.9800033569336,73.69000244140625,74.68000030517578,72.8943862915039,179600
2023-06-09,74.48999786376953,74.48999786376953,72.5999984741211,73.4000015258789,71.64498901367188,219300
2023-06-12,73.4000015258789,74.13999938964844,72.41000366210938,73.36000061035156,71.60594177246094,327800
2023-06-13,73.66999816894531,75.69000244140625,73.66999816894531,75.05999755859375,73.26530456542969,266100
2023-06-14,75.58999633789062,75.7300033569336,73.51000213623047,73.91999816894531,72.15255737304688,189700
2023-06-15,73.36000061035156,74.66999816894531,72.73999786376953,74.62000274658203,72.83582305908203,366100
2023-06-16,68.94999694824219,69.62999725341797,66.30000305175781,68.55000305175781,66.91096496582031,1649300
2023-06-20,68.05999755859375,68.05999755859375,66.63999938964844,66.79000091552734,65.19304656982422,611600
2023-06-21,66.22000122070312,67.54000091552734,65.73999786376953,66.4000015258789,64.81237030029297,451600
2023-06-22,65.87000274658203,67.01000213623047,65.2699966430664,65.6500015258789,64.0802993774414,376300
2023-06-23,64.66999816894531,65.38999938964844,63.75,63.91999816894531,62.39166259765625,578100
2023-06-26,63.7400016784668,65.12000274658203,63.72999954223633,64.55999755859375,63.016357421875,298900
2023-06-27,64.55000305175781,65.58000183105469,63.91999816894531,65.0,63.44584655761719,409000
2023-06-28,64.9800033569336,64.9800033569336,64.16999816894531,64.86000061035156,63.3091926574707,300400
2023-06-29,64.7300033569336,66.16000366210938,64.7300033569336,66.13999938964844,64.55858612060547,368000
2023-06-30,66.54000091552734,67.38999938964844,66.18000030517578,66.88999938964844,65.2906494140625,407600
2023-07-03,66.29000091552734,67.93000030517578,66.29000091552734,67.69000244140625,66.071533203125,101700
2023-07-05,66.69000244140625,67.43000030517578,65.80000305175781,66.30999755859375,64.72451782226562,242200
2023-07-06,65.37999725341797,65.6500015258789,64.1500015258789,65.61000061035156,64.04125213623047,260300
2023-07-07,65.70999908447266,67.94000244140625,65.70999908447266,67.22000122070312,65.6127700805664,219200
2023-07-10,66.77999877929688,68.0,66.63999938964844,67.55999755859375,65.94463348388672,235400
2023-07-11,67.98999786376953,68.75,67.44000244140625,68.41999816894531,66.78407287597656,291700
2023-07-12,69.7699966430664,70.01000213623047,68.77999877929688,69.2300033569336,67.57470703125,334900
2023-07-13,69.41999816894531,70.02999877929688,68.97000122070312,69.69999694824219,68.0334701538086,221800
2023-07-14,69.30000305175781,69.30000305175781,67.44000244140625,68.05000305175781,66.42292785644531,211600
2023-07-17,68.08000183105469,69.12000274658203,67.5999984741211,68.58000183105469,66.94024658203125,177300
2023-07-18,68.5999984741211,69.83000183105469,68.58999633789062,69.58000183105469,67.91633605957031,262600
2023-07-19,69.48999786376953,69.95999908447266,68.9000015258789,69.5199966430664,67.8577651977539,176100
2023-07-20,70.0,70.0,68.70999908447266,69.18000030517578,67.52589416503906,253800
2023-07-21,69.43000030517578,69.5199966430664,68.45999908447266,69.33999633789062,67.68206024169922,226800
2023-07-24,69.16999816894531,70.23999786376953,67.6500015258789,68.16999816894531,66.5400390625,238300
2023-07-25,68.44000244140625,69.93000030517578,68.44000244140625,69.81999969482422,68.15058898925781,292700
2023-07-26,69.5,70.36000061035156,69.19999694824219,69.79000091552734,68.1213150024414,214600
2023-07-27,70.25,70.86000061035156,69.9000015258789,70.36000061035156,68.67768096923828,396700
2023-07-28,71.16000366210938,71.66999816894531,70.05000305175781,70.08999633789062,68.41413116455078,366300
2023-07-31,70.18000030517578,71.36000061035156,70.0999984741211,71.0,69.30237579345703,384200
2023-08-01,70.69999694824219,71.3499984741211,70.31999969482422,70.5999984741211,68.91194152832031,256900
2023-08-02,69.61000061035156,70.31999969482422,68.77999877929688,69.87999725341797,68.20915222167969,266300
2023-08-03,69.33000183105469,70.0,68.70999908447266,69.4800033569336,67.8187255859375,320600
2023-08-04,69.52999877929688,70.51000213623047,69.19999694824219,69.27999877929688,67.62349700927734,262500
2023-08-07,69.94000244140625,70.43000030517578,68.70999908447266,69.33999633789062,67.68206024169922,328500
2023-08-08,64.8499984741211,70.8499984741211,64.51000213623047,70.56999969482422,68.8826675415039,565200
2023-08-09,70.05999755859375,71.04000091552734,69.62999725341797,70.27999877929688,68.59959411621094,258400
2023-08-10,70.52999877929688,71.54000091552734,70.45999908447266,71.12000274658203,69.41950988769531,309300
2023-08-11,70.94999694824219,72.33000183105469,70.75,71.47000122070312,69.76113891601562,296000
2023-08-14,71.12000274658203,72.0,70.83999633789062,71.33999633789062,69.63424682617188,285600
2023-08-15,70.52999877929688,71.02999877929688,69.62000274658203,69.72000122070312,68.05298614501953,202000
2023-08-16,69.4000015258789,70.62999725341797,68.48999786376953,68.5199966430664,66.88167572021484,272200
2023-08-17,68.87999725341797,70.22000122070312,68.87999725341797,69.69000244140625,68.0237045288086,353700
2023-08-18,69.16999816894531,70.36000061035156,68.91999816894531,70.12999725341797,68.45317840576172,306800
2023-08-21,70.08000183105469,70.38999938964844,68.76000213623047,69.16000366210938,67.50638580322266,328800
2023-08-22,69.69999694824219,70.0,68.83000183105469,69.45999908447266,67.79920196533203,183500
2023-08-23,69.43000030517578,69.91000366210938,69.04000091552734,69.44999694824219,67.78944396972656,172200
2023-08-24,68.55000305175781,69.87999725341797,68.55000305175781,69.23999786376953,67.97596740722656,223800
2023-08-25,69.79000091552734,70.29000091552734,68.76000213623047,69.45999908447266,68.19195556640625,176900
2023-08-28,69.45999908447266,70.7699966430664,69.45999908447266,70.30999755859375,69.02643585205078,190600
2023-08-29,70.30999755859375,72.0,69.86000061035156,71.86000061035156,70.54814147949219,221100
2023-08-30,71.5999984741211,73.02999877929688,71.52999877929688,72.7699966430664,71.4415283203125,383700
2023-08-31,72.75,73.55999755859375,72.4000015258789,72.45999908447266,71.13719177246094,309600
2023-09-01,73.25,74.36000061035156,73.19000244140625,74.12000274658203,72.76688385009766,230200
2023-09-05,73.36000061035156,73.55000305175781,71.83000183105469,72.12000274658203,70.80339813232422,400400
2023-09-06,72.0,73.1500015258789,71.23999786376953,72.36000061035156,71.03901672363281,264800
2023-09-07,71.86000061035156,72.33000183105469,69.94000244140625,70.25,68.967529296875,291600
2023-09-08,70.55999755859375,71.0999984741211,69.98999786376953,70.12000274658203,68.83990478515625,207600
2023-09-11,70.70999908447266,71.43000030517578,69.1500015258789,69.44000244140625,68.17231750488281,296700
2023-09-12,69.45999908447266,70.0,68.86000061035156,69.19000244140625,67.9268798828125,217100
2023-09-13,68.9800033569336,69.48999786376953,68.37999725341797,68.75,67.49491882324219,258000
2023-09-14,69.48999786376953,70.36000061035156,69.19999694824219,70.3499984741211,69.06571197509766,273500
2023-09-15,70.06999969482422,70.62999725341797,68.91999816894531,69.43000030517578,68.16250610351562,833100
2023-09-18,69.7300033569336,70.12000274658203,69.27999877929688,69.93000030517578,68.65338134765625,265100
2023-09-19,69.91000366210938,70.36000061035156,69.19000244140625,69.20999908447266,67.94651794433594,253400
2023-09-20,69.5199966430664,70.51000213623047,68.51000213623047,68.52999877929688,67.27893829345703,194400
2023-09-21,68.0,68.20999908447266,67.04000091552734,67.06999969482422,65.8455810546875,182600
2023-09-22,67.1500015258789,68.12000274658203,66.94000244140625,67.0,65.77686309814453,273100
2023-09-25,66.63999938964844,68.19999694824219,66.63999938964844,68.05000305175781,66.80770874023438,218600
2023-09-26,67.3499984741211,67.8499984741211,66.69999694824219,67.16000366210938,65.93394470214844,212300
2023-09-27,67.80999755859375,68.6500015258789,67.58999633789062,67.8499984741211,66.61134338378906,214600
2023-09-28,67.80000305175781,69.54000091552734,67.80000305175781,69.33999633789062,68.07414245605469,270200
2023-09-29,70.05000305175781,70.19999694824219,68.87000274658203,69.2699966430664,68.00542449951172,243100
2023-10-02,68.80999755859375,69.06999969482422,67.41999816894531,68.04000091552734,66.79788208007812,200900
2023-10-03,67.6500015258789,68.16000366210938,67.04000091552734,67.2699966430664,66.04193878173828,187000
2023-10-04,67.61000061035156,68.36000061035156,66.6500015258789,68.16000366210938,66.91568756103516,181000
2023-10-05,67.97000122070312,68.58000183105469,67.0999984741211,67.45999908447266,66.22846221923828,214400
2023-10-06,67.16000366210938,68.97000122070312,66.93000030517578,68.41999816894531,67.17093658447266,220700
2023-10-09,67.81999969482422,68.8499984741211,67.19000244140625,68.45999908447266,67.21021270751953,166600
2023-10-10,69.0,70.0999984741211,68.81999969482422,69.38999938964844,68.12322998046875,196900
2023-10-11,69.25,70.37000274658203,69.25,70.3499984741211,69.06571197509766,157500
2023-10-12,70.70999908447266,70.70999908447266,68.73999786376953,69.44000244140625,68.17231750488281,166200
2023-10-13,69.94000244140625,70.05999755859375,68.44999694824219,68.66999816894531,67.41637420654297,135700
2023-10-16,69.70999908447266,70.80000305175781,69.3499984741211,70.18000030517578,68.89881134033203,216900
2023-10-17,69.75,72.18000030517578,69.75,71.61000061035156,70.30270385742188,300800
2023-10-18,70.44000244140625,70.66999816894531,69.06999969482422,69.66000366210938,68.38831329345703,312600
2023-10-19,69.08000183105469,69.83000183105469,68.0199966430664,68.38999938964844,67.14149475097656,273300
2023-10-20,68.58000183105469,68.94000244140625,67.8499984741211,68.04000091552734,66.79788208007812,302700
2023-10-23,67.61000061035156,67.61000061035156,66.58000183105469,66.63999938964844,65.4234390258789,228000
2023-10-24,67.58999633789062,67.69999694824219,66.61000061035156,66.6500015258789,65.43325805664062,196500
2023-10-25,66.33000183105469,66.72000122070312,65.62999725341797,65.7699966430664,64.56932067871094,195100
2023-10-26,66.05000305175781,66.93000030517578,65.77999877929688,66.2699966430664,65.06018829345703,241800
2023-10-27,66.5,66.5,65.0999984741211,65.66000366210938,64.46133422851562,255800
2023-10-30,66.61000061035156,67.05000305175781,65.87000274658203,66.55999755859375,65.34490203857422,328500
2023-10-31,66.58999633789062,66.80000305175781,66.08999633789062,66.4800033569336,65.266357421875,283100
2023-11-01,66.11000061035156,66.51000213623047,65.37999725341797,66.22000122070312,65.0111083984375,307700
2023-11-02,66.94000244140625,67.25,65.93000030517578,66.75,65.53142547607422,362800
2023-11-03,67.98999786376953,68.26000213623047,67.0199966430664,67.9000015258789,66.66043853759766,509200
2023-11-06,67.93000030517578,67.93000030517578,66.0199966430664,66.27999877929688,65.06999969482422,474300
2023-11-07,71.7699966430664,72.26000213623047,68.11000061035156,71.79000091552734,70.47941589355469,717300
2023-11-08,71.4800033569336,71.8499984741211,70.62000274658203,71.33000183105469,70.02782440185547,295000
2023-11-09,72.1500015258789,73.43000030517578,71.94999694824219,72.5,71.17645263671875,274400
2023-11-10,72.76000213623047,74.62999725341797,72.12000274658203,74.4000015258789,73.0417709350586,310400
2023-11-13,73.93000030517578,74.58999633789062,73.58000183105469,74.08000183105469,72.72761535644531,244100
2023-11-14,75.4000015258789,78.38999938964844,75.36000061035156,78.3499984741211,76.91966247558594,368200
2023-11-15,78.1500015258789,78.80000305175781,77.56999969482422,77.83999633789062,76.41897583007812,293500
2023-11-16,77.58000183105469,78.37999725341797,77.44000244140625,78.33999633789062,76.90984344482422,218800
2023-11-17,78.95999908447266,79.04000091552734,77.61000061035156,78.33000183105469,76.9000244140625,324500
2023-11-20,78.41000366210938,78.45999908447266,77.6500015258789,77.88999938964844,76.46806335449219,175500
2023-11-21,77.73999786376953,78.2300033569336,77.62000274658203,77.7699966430664,76.35025024414062,259100
2023-11-22,77.88999938964844,78.01000213623047,77.0999984741211,77.31999969482422,76.30091094970703,179400
2023-11-24,77.08999633789062,77.87000274658203,77.08999633789062,77.5,76.4785385131836,100500
2023-11-27,76.88999938964844,77.51000213623047,76.83999633789062,77.18000030517578,76.16275024414062,212500
2023-11-28,77.19000244140625,77.19000244140625,75.68000030517578,75.70999908447266,74.71212005615234,413400
2023-11-29,76.36000061035156,76.62999725341797,74.87999725341797,75.04000091552734,74.05095672607422,385700
2023-11-30,75.26000213623047,76.02999877929688,74.7300033569336,75.9000015258789,74.89962768554688,325800
2023-12-01,75.69999694824219,78.0,75.44000244140625,77.77999877929688,76.75484466552734,331600
2023-12-04,77.41999816894531,78.38999938964844,77.41999816894531,77.80000305175781,76.77458190917969,266200
2023-12-05,77.33000183105469,77.37000274658203,76.0,76.05999755859375,75.05751037597656,288100
2023-12-06,76.95999908447266,78.05999755859375,76.63999938964844,77.11000061035156,76.09367370605469,332300
2023-12-07,77.4000015258789,78.55999755859375,76.83999633789062,78.5199966430664,77.48509216308594,254800
2023-12-08,78.41000366210938,79.0,77.45999908447266,77.77999877929688,76.75484466552734,236700
2023-12-11,77.5,78.88999938964844,77.0999984741211,78.5,77.46536254882812,307800
2023-12-12,78.70999908447266,78.70999908447266,77.22000122070312,77.52999877929688,76.50814056396484,239100
2023-12-13,77.23999786376953,80.08999633789062,77.04000091552734,79.91000366210938,78.85677337646484,466200
2023-12-14,80.80000305175781,82.83000183105469,80.80000305175781,81.7300033569336,80.65278625488281,382500
2023-12-15,81.87999725341797,83.29000091552734,81.0199966430664,81.69000244140625,80.61331176757812,814000
2023-12-18,82.20999908447266,82.6500015258789,81.33999633789062,82.56999969482422,81.4817123413086,311600
2023-12-19,83.3499984741211,84.29000091552734,83.19000244140625,84.1500015258789,83.04088592529297,267300
2023-12-20,83.88999938964844,85.12999725341797,83.45999908447266,83.55000305175781,82.44879150390625,331800
2023-12-21,84.54000091552734,85.11000061035156,83.61000061035156,84.97000122070312,83.85008239746094,243000
2023-12-22,85.33000183105469,86.33000183105469,85.33000183105469,85.48999786376953,84.36322021484375,207800
2023-12-26,85.9000015258789,86.66999816894531,85.55999755859375,86.27999877929688,85.14281463623047,177700
2023-12-27,86.25,86.37999725341797,85.16999816894531,85.8499984741211,84.71847534179688,149600
2023-12-28,85.68000030517578,85.80000305175781,84.70999908447266,85.04000091552734,83.91915893554688,155700
2023-12-29,84.76000213623047,85.04000091552734,83.44000244140625,83.5,82.39945220947266,195600
2024-01-02,82.81999969482422,84.06999969482422,82.5199966430664,82.95999908447266,81.86656951904297,236100
2024-01-03,82.30999755859375,82.30999755859375,78.36000061035156,78.80000305175781,77.76140594482422,271400
2024-01-04,78.69999694824219,78.80000305175781,77.43000030517578,77.66999816894531,76.64628601074219,390400
2024-01-05,77.33000183105469,78.16000366210938,76.88999938964844,77.51000213623047,76.4884033203125,283600
2024-01-08,76.3499984741211,77.33999633789062,75.33999633789062,77.26000213623047,76.24169921875,306100
2024-01-09,76.1500015258789,76.1500015258789,74.94000244140625,76.0,74.99829864501953,310200
2024-01-10,75.54000091552734,76.91999816894531,75.30999755859375,76.81999969482422,75.8074951171875,273100
2024-01-11,76.58999633789062,77.05999755859375,75.08000183105469,76.12999725341797,75.1265869140625,294400
2024-01-12,77.37999725341797,77.58999633789062,75.70999908447266,76.23999786376953,75.23513793945312,170300
2024-01-16,75.69999694824219,75.7300033569336,73.93000030517578,74.4000015258789,73.41939544677734,275000
2024-01-17,73.33999633789062,73.91000366210938,73.05000305175781,73.7300033569336,72.75822448730469,169000
2024-01-18,74.19999694824219,74.70999908447266,73.12999725341797,74.66999816894531,73.68582916259766,201700
2024-01-19,74.8499984741211,75.02999877929688,73.37999725341797,74.77999877929688,73.79438018798828,174600
2024-01-22,75.2699966430664,76.06999969482422,74.94000244140625,75.37000274658203,74.37660217285156,171300
2024-01-23,76.29000091552734,76.29000091552734,74.1500015258789,74.44000244140625,73.45886993408203,271000
2024-01-24,75.37000274658203,75.5999984741211,73.05000305175781,73.11000061035156,72.14639282226562,233200
2024-01-25,74.20999908447266,74.27999877929688,73.05000305175781,73.72000122070312,72.74835968017578,262800
2024-01-26,74.56999969482422,74.5999984741211,73.4800033569336,73.55999755859375,72.59046173095703,239900
2024-01-29,73.5,74.63999938964844,72.9000015258789,74.5999984741211,73.61675262451172,246600
2024-01-30,74.02999877929688,74.47000122070312,73.16999816894531,73.81999969482422,72.84703826904297,193900
2024-01-31,73.8499984741211,73.9800033569336,71.9000015258789,72.0999984741211,71.14971160888672,346800
2024-02-01,72.66000366210938,73.2300033569336,71.56999969482422,73.18000030517578,72.21546936035156,312300
2024-02-02,71.94000244140625,73.18000030517578,71.01000213623047,72.55000305175781,71.59378051757812,407300
2024-02-05,71.2699966430664,71.91999816894531,70.62999725341797,71.13999938964844,70.20235443115234,480300
2024-02-06,71.7699966430664,77.05999755859375,71.7699966430664,76.7300033569336,75.71868896484375,778100
2024-02-07,76.75,78.04000091552734,75.98999786376953,77.58000183105469,76.55747985839844,448400
2024-02-08,77.76000213623047,80.12000274658203,77.20999908447266,80.06999969482422,79.01465606689453,398700
2024-02-09,79.94000244140625,80.05000305175781,78.29000091552734,79.8499984741211,78.79755401611328,394800
2024-02-12,80.05000305175781,82.08000183105469,79.73999786376953,81.80000305175781,80.72186279296875,329700
2024-02-13,79.73999786376953,81.05000305175781,78.61000061035156,79.83999633789062,78.78768920898438,757900
2024-02-14,80.83000183105469,81.38999938964844,79.73999786376953,81.22000122070312,80.14949798583984,593200
2024-02-15,81.54000091552734,83.83000183105469,81.54000091552734,83.83000183105469,82.72510528564453,419400
2024-02-16,83.5,83.73999786376953,81.68000030517578,81.70999908447266,80.63304901123047,407000
2024-02-20,80.37000274658203,81.05999755859375,80.20999908447266,80.69999694824219,79.6363525390625,278700
2024-02-21,80.83000183105469,82.16999816894531,80.69999694824219,82.06999969482422,80.9883041381836,239600
2024-02-22,81.48999786376953,82.6500015258789,81.23999786376953,82.61000061035156,81.92045593261719,268500
2024-02-23,82.91999816894531,83.48999786376953,82.33999633789062,83.08999633789062,82.39644622802734,195000
2024-02-26,82.69999694824219,83.2699966430664,82.2699966430664,82.91999816894531,82.22785949707031,259700
2024-02-27,83.73999786376953,84.25,83.23999786376953,83.4000015258789,82.703857421875,285300
2024-02-28,82.69999694824219,84.16999816894531,82.30999755859375,83.68000030517578,82.98152160644531,195600
2024-02-29,84.58000183105469,85.33999633789062,84.44999694824219,84.94999694824219,84.24092102050781,297300
2024-03-01,85.18000030517578,85.91999816894531,84.5199966430664,85.62999725341797,84.91524505615234,282200
2024-03-04,85.55000305175781,88.0199966430664,85.18000030517578,86.54000091552734,85.8176498413086,288300
2024-03-05,85.36000061035156,87.02999877929688,85.16999816894531,85.45999908447266,84.74666595458984,256200
2024-03-06,86.37000274658203,86.37999725341797,85.23999786376953,85.83000183105469,85.11357879638672,157200
2024-03-07,86.4800033569336,88.05000305175781,86.4800033569336,87.93000030517578,87.19605255126953,319600
2024-03-08,88.61000061035156,89.16000366210938,87.08000183105469,87.11000061035156,86.38289642333984,259900
2024-03-11,87.0,88.36000061035156,86.91999816894531,88.19999694824219,87.46379089355469,403200
2024-03-12,87.9800033569336,88.1500015258789,86.36000061035156,88.0199966430664,87.28529357910156,295500
2024-03-13,87.94999694824219,89.33000183105469,87.04000091552734,87.08999633789062,86.3630599975586,321100
2024-03-14,86.80000305175781,86.80000305175781,85.19999694824219,86.66999816894531,85.94656372070312,230800
2024-03-15,86.33000183105469,88.7699966430664,86.33000183105469,88.0199966430664,87.28529357910156,743500
2024-03-18,88.13999938964844,88.5999984741211,87.72000122070312,88.0999984741211,87.3646240234375,305700
2024-03-19,88.06999969482422,89.29000091552734,87.97000122070312,88.62999725341797,87.89020538330078,262200
2024-03-20,88.41999816894531,90.66000366210938,88.41999816894531,90.33000183105469,89.57601928710938,237500
2024-03-21,91.16999816894531,91.16999816894531,90.2699966430664,90.3499984741211,89.5958480834961,260000
2024-03-22,90.36000061035156,90.87999725341797,89.63999938964844,90.2699966430664,89.51651000976562,260100
2024-03-25,90.05999755859375,90.38999938964844,89.26000213623047,89.5199966430664,88.77277374267578,207800
2024-03-26,90.05000305175781,90.5,89.41999816894531,89.5199966430664,88.77277374267578,251900
2024-03-27,90.83000183105469,91.95999908447266,90.55999755859375,91.8499984741211,91.08332061767578,306900
2024-03-28,91.80000305175781,92.5,91.44999694824219,92.19999694824219,91.43040466308594,350100
2024-04-01,92.2300033569336,92.91999816894531,91.08999633789062,92.7699966430664,91.99564361572266,246200
2024-04-02,92.05999755859375,93.08999633789062,91.7300033569336,92.98999786376953,92.21381378173828,305800
2024-04-03,92.52999877929688,94.01000213623047,92.52999877929688,93.63999938964844,92.85838317871094,233300
2024-04-04,94.7699966430664,94.8499984741211,91.52999877929688,91.9000015258789,91.1329116821289,208300
2024-04-05,91.8499984741211,93.2699966430664,91.83999633789062,93.08999633789062,92.31297302246094,263300
2024-04-08,93.5999984741211,94.37999725341797,93.16000366210938,94.25,93.46329498291016,208700
2024-04-09,94.76000213623047,98.33999633789062,94.55999755859375,98.23999786376953,97.41999053955078,541500
2024-04-10,96.48999786376953,97.66000366210938,95.41999816894531,96.5999984741211,95.7936782836914,511700
2024-04-11,96.7300033569336,96.7300033569336,94.94999694824219,95.4000015258789,94.60369873046875,370000
2024-04-12,94.58999633789062,95.08000183105469,92.73999786376953,93.2699966430664,92.49147033691406,200800
2024-04-15,94.0,94.38999938964844,92.36000061035156,93.06999969482422,92.29314422607422,274300
2024-04-16,92.1500015258789,93.33000183105469,91.22000122070312,92.69000244140625,91.91631317138672,171400
2024-04-17,93.4800033569336,93.80999755859375,91.37000274658203,91.93000030517578,91.16265869140625,271000
2024-04-18,91.19000244140625,92.77999877929688,90.58999633789062,90.69000244140625,89.93301391601562,372100
2024-04-19,90.43000030517578,92.0999984741211,90.43000030517578,92.01000213623047,91.24198913574219,277500
2024-04-22,92.2699966430664,93.22000122070312,91.73999786376953,92.72000122070312,91.9460678100586,216300
2024-04-23,92.18000030517578,93.5199966430664,92.18000030517578,93.37999725341797,92.60055541992188,155400
2024-04-24,92.88999938964844,93.61000061035156,92.19999694824219,93.4000015258789,92.62039184570312,178600
2024-04-25,92.5999984741211,93.05999755859375,91.55999755859375,93.02999877929688,92.25347137451172,193200
2024-04-26,93.61000061035156,94.11000061035156,93.0999984741211,93.58999633789062,92.80879974365234,173800
2024-04-29,94.18000030517578,94.37000274658203,93.30999755859375,93.44999694824219,92.66996765136719,256600
2024-04-30,92.95999908447266,92.95999908447266,91.1500015258789,91.2300033569336,90.468505859375,282800
2024-05-01,91.79000091552734,94.1500015258789,91.33999633789062,91.95999908447266,91.1924057006836,380800
2024-05-02,92.5,94.27999877929688,91.93000030517578,94.22000122070312,93.43354797363281,325500
2024-05-03,95.55000305175781,96.25,94.08999633789062,94.11000061035156,93.324462890625,229200
2024-05-06,95.12999725341797,96.18000030517578,94.79000091552734,95.94000244140625,95.13919067382812,455700
2024-05-07,100.4800033569336,103.45999908447266,98.41999816894531,101.06999969482422,100.22636413574219,767300
2024-05-08,100.47000122070312,101.70999908447266,100.47000122070312,101.06999969482422,100.22636413574219,425900
2024-05-09,101.37000274658203,102.11000061035156,100.54000091552734,101.83000183105469,100.98002624511719,264800
2024-05-10,102.11000061035156,102.62000274658203,101.13999938964844,101.91000366210938,101.05935668945312,238500
2024-05-13,102.44999694824219,103.18000030517578,102.0199966430664,102.16999816894531,101.31718444824219,263300
2024-05-14,102.7300033569336,103.20999908447266,102.16000366210938,102.22000122070312,101.36676788330078,266400
2024-05-15,103.19000244140625,103.19000244140625,101.62000274658203,101.66000366210938,100.81144714355469,267600
2024-05-16,101.44000244140625,102.0,100.37000274658203,101.55999755859375,100.7122802734375,279900
2024-05-17,101.83000183105469,102.54000091552734,101.26000213623047,102.4000015258789,101.54527282714844,199100
2024-05-20,102.4000015258789,103.19000244140625,102.2300033569336,102.7699966430664,101.91217041015625,267100
2024-05-21,102.43000030517578,103.48999786376953,101.43000030517578,101.68000030517578,100.8312759399414,314200
2024-05-22,101.2699966430664,101.70999908447266,100.33999633789062,101.25,100.40486907958984,357900
2024-05-23,101.43000030517578,101.43000030517578,99.76000213623047,100.83000183105469,99.98837280273438,276600
2024-05-24,101.97000122070312,102.2300033569336,100.94999694824219,102.12999725341797,101.27751922607422,277400
2024-05-28,102.44000244140625,102.44000244140625,100.44999694824219,100.87000274658203,100.02803802490234,249300
2024-05-29,99.80999755859375,100.83999633789062,99.47000122070312,99.77999877929688,98.94713592529297,222600
2024-05-30,100.33999633789062,101.43000030517578,99.62000274658203,101.41000366210938,100.56352996826172,285600
2024-05-31,100.98999786376953,102.5,100.2699966430664,102.30000305175781,101.87808990478516,384100
2024-06-03,103.0,103.0,99.75,100.4000015258789,99.98592376708984,272000
2024-06-04,100.0199966430664,100.0199966430664,98.5999984741211,98.79000091552734,98.38256072998047,325000
2024-06-05,99.01000213623047,99.29000091552734,97.83000183105469,98.45999908447266,98.05392456054688,255800
2024-06-06,98.0999984741211,98.41999816894531,96.80999755859375,98.26000213623047,97.85475158691406,361100
2024-06-07,97.70999908447266,98.6500015258789,97.16999816894531,97.47000122070312,97.06800842285156,361500
2024-06-10,96.51000213623047,98.48999786376953,96.08000183105469,98.16999816894531,97.7651138305664,272100
2024-06-11,97.91000366210938,99.37000274658203,97.61000061035156,99.19999694824219,98.7908706665039,290100
2024-06-12,101.31999969482422,102.94000244140625,100.12000274658203,100.1500015258789,99.73695373535156,391200
2024-06-13,99.73999786376953,100.5999984741211,99.19000244140625,100.43000030517578,100.01580047607422,244800
2024-06-14,99.22000122070312,99.5,96.08999633789062,97.0,96.59994506835938,395900
2024-06-17,96.75,97.13999938964844,95.3499984741211,96.9000015258789,96.50035858154297,256900
2024-06-18,96.93000030517578,97.98999786376953,96.26000213623047,97.66000366210938,97.2572250366211,272500
2024-06-20,97.16000366210938,98.29000091552734,95.4000015258789,95.4800033569336,95.08621978759766,266800
2024-06-21,94.95999908447266,95.58999633789062,93.0,95.5199966430664,95.12604522705078,940800
2024-06-24,96.0999984741211,97.0,95.69999694824219,96.16000366210938,95.76341247558594,333800
2024-06-25,95.5999984741211,95.97000122070312,94.05000305175781,94.48999786376953,94.10029602050781,349200
2024-06-26,93.94000244140625,95.06999969482422,93.3499984741211,94.95999908447266,94.568359375,355200
2024-06-27,95.4800033569336,95.4800033569336,92.93000030517578,93.30000305175781,92.91520690917969,261300
2024-06-28,94.12000274658203,94.23999786376953,91.66999816894531,91.88999938964844,91.51101684570312,834700
2024-07-01,92.0199966430664,92.7300033569336,88.87999725341797,89.68000030517578,89.31013488769531,614900
2024-07-02,90.0199966430664,90.25,88.62000274658203,89.37999725341797,89.01136779785156,463000
2024-07-03,89.66999816894531,90.70999908447266,89.66999816894531,89.80999755859375,89.4395980834961,214300
2024-07-05,89.16000366210938,89.16000366210938,87.87999725341797,88.37000274658203,88.00553894042969,377600
2024-07-08,89.08000183105469,90.3499984741211,88.54000091552734,89.54000091552734,89.17071533203125,426000
2024-07-09,89.30000305175781,89.55999755859375,87.81999969482422,88.23999786376953,87.87606811523438,255000
2024-07-10,89.56999969482422,90.55999755859375,88.86000061035156,90.30999755859375,89.93753051757812,294600
2024-07-11,91.83000183105469,94.62999725341797,91.83000183105469,93.73999786376953,93.35338592529297,300500
2024-07-12,95.0199966430664,95.44999694824219,94.04000091552734,94.98999786376953,94.59822845458984,320300
2024-07-15,95.37999725341797,97.22000122070312,94.30999755859375,96.70999908447266,96.31114196777344,458000
2024-07-16,97.13999938964844,100.68000030517578,97.13999938964844,99.9000015258789,99.48798370361328,392000
2024-07-17,99.26000213623047,100.70999908447266,99.1500015258789,99.52999877929688,99.1195068359375,241900
2024-07-18,98.81999969482422,100.5,97.72000122070312,97.80000305175781,97.39664459228516,223200
2024-07-19,97.91999816894531,97.91999816894531,94.29000091552734,95.0,94.60819244384766,271300
2024-07-22,95.68000030517578,97.83000183105469,95.0199966430664,97.55000305175781,97.1476821899414,258300
2024-07-23,97.55000305175781,98.56999969482422,96.98999786376953,97.2300033569336,96.8290023803711,267000
2024-07-24,96.9800033569336,98.06999969482422,95.8499984741211,96.16000366210938,95.76341247558594,199900
2024-07-25,95.95999908447266,98.75,95.4800033569336,97.16999816894531,96.76924133300781,358500
2024-07-26,98.68000030517578,98.70999908447266,96.97000122070312,97.70999908447266,97.30701446533203,226800
2024-07-29,98.0,99.01000213623047,97.72000122070312,98.68000030517578,98.27301788330078,244300
2024-07-30,98.9000015258789,100.12999725341797,98.37999725341797,99.23999786376953,98.83070373535156,315900
2024-07-31,100.0,102.44000244140625,98.9000015258789,100.29000091552734,99.87637329101562,475500
2024-08-01,100.38999938964844,101.25,95.5199966430664,96.5999984741211,96.20159149169922,524200
2024-08-02,93.44000244140625,94.23999786376953,88.12000274658203,89.91000366210938,89.53919219970703,828000
2024-08-05,85.86000061035156,87.16999816894531,83.52999877929688,86.95999908447266,86.60134887695312,1003100
2024-08-06,94.8499984741211,103.12000274658203,94.13999938964844,101.19999694824219,100.7826156616211,1111300
2024-08-07,102.88999938964844,103.56999969482422,96.2300033569336,96.61000061035156,96.21155548095703,599100
2024-08-08,98.05999755859375,99.25,96.93000030517578,97.2300033569336,96.8290023803711,473400
2024-08-09,97.47000122070312,97.93000030517578,96.12000274658203,96.1500015258789,95.75344848632812,403600
2024-08-12,96.1500015258789,97.11000061035156,94.91000366210938,95.2300033569336,94.83724975585938,317700
2024-08-13,95.58000183105469,96.22000122070312,94.0999984741211,95.04000091552734,94.64802551269531,469400
2024-08-14,95.52999877929688,95.55000305175781,94.0999984741211,95.43000030517578,95.03642272949219,344600
2024-08-15,97.88999938964844,99.45999908447266,96.94000244140625,98.37000274658203,97.96429443359375,253400
2024-08-16,98.13999938964844,99.4800033569336,97.80000305175781,99.26000213623047,98.85062408447266,310400
2024-08-19,99.23999786376953,101.33999633789062,99.23999786376953,100.88999938964844,100.4738998413086,311000
2024-08-20,99.83999633789062,101.0199966430664,98.72000122070312,98.75,98.34272766113281,274200
2024-08-21,99.5999984741211,101.12999725341797,99.0199966430664,101.0199966430664,100.60336303710938,238100
2024-08-22,101.31999969482422,102.51000213623047,101.18000030517578,101.37999725341797,100.96187591552734,627400
2024-08-23,102.48999786376953,105.30000305175781,101.9800033569336,104.23999786376953,103.8100814819336,466600
2024-08-26,105.41999816894531,106.91999816894531,104.48999786376953,104.66999816894531,104.23831176757812,285500
2024-08-27,103.54000091552734,104.5,103.13999938964844,103.4800033569336,103.05322265625,403200
2024-08-28,102.81999969482422,104.31999969482422,102.81999969482422,103.08999633789062,102.66482543945312,199000
2024-08-29,104.13999938964844,105.83000183105469,103.43000030517578,104.26000213623047,103.83000183105469,268700
2024-08-30,104.41000366210938,105.27999877929688,103.55999755859375,105.11000061035156,105.11000061035156,320100
2024-09-03,103.75,104.55999755859375,100.77999877929688,101.18000030517578,101.18000030517578,394700
2024-09-04,100.86000061035156,102.02999877929688,100.5,101.23999786376953,101.23999786376953,302100
2024-09-05,101.12999725341797,101.23999786376953,99.36000061035156,99.70999908447266,99.70999908447266,267400
2024-09-06,99.1500015258789,100.55999755859375,98.22000122070312,99.29000091552734,99.29000091552734,349900
2024-09-09,99.30000305175781,101.06999969482422,97.8499984741211,100.5999984741211,100.5999984741211,672300
2024-09-10,100.44999694824219,101.11000061035156,99.20999908447266,100.72000122070312,100.72000122070312,292700
2024-09-11,100.6500015258789,101.61000061035156,97.51000213623047,101.44999694824219,101.44999694824219,207500
2024-09-12,101.80999755859375,103.0,100.69999694824219,102.61000061035156,102.61000061035156,191000
2024-09-13,104.01000213623047,105.05000305175781,103.7699966430664,104.75,104.75,189700
2024-09-16,105.48999786376953,105.9800033569336,104.5,105.55000305175781,105.55000305175781,251900
2024-09-17,106.55000305175781,108.38999938964844,105.95999908447266,107.41999816894531,107.41999816894531,252300
2024-09-18,107.72000122070312,110.9800033569336,107.0199966430664,107.8499984741211,107.8499984741211,261400
2024-09-19,111.0999984741211,111.63999938964844,108.62000274658203,111.19000244140625,111.19000244140625,442600
2024-09-20,110.52999877929688,111.27999877929688,109.25,110.2699966430664,110.2699966430664,746400
2024-09-23,110.91999816894531,111.41999816894531,108.19999694824219,109.33999633789062,109.33999633789062,325000
2024-09-24,110.55000305175781,111.41000366210938,108.5999984741211,110.22000122070312,110.22000122070312,203400
2024-09-25,110.87999725341797,111.7699966430664,108.19999694824219,108.29000091552734,108.29000091552734,531000
2024-09-26,110.19000244140625,112.19999694824219,110.0199966430664,111.62000274658203,111.62000274658203,235100
2024-09-27,112.51000213623047,113.12000274658203,109.80999755859375,110.83000183105469,110.83000183105469,1941800
2024-09-30,110.1500015258789,112.0,110.1500015258789,111.7699966430664,111.7699966430664,289300
2024-10-01,111.5199966430664,111.5199966430664,109.58000183105469,110.86000061035156,110.86000061035156,168300
2024-10-02,111.16000366210938,111.7699966430664,109.87999725341797,110.58999633789062,110.58999633789062,156900
2024-10-03,109.44999694824219,110.2699966430664,108.62000274658203,108.94000244140625,108.94000244140625,171800
2024-10-04,110.9000015258789,111.19999694824219,109.4800033569336,110.4800033569336,110.4800033569336,149500
2024-10-07,109.66999816894531,110.80999755859375,109.08000183105469,110.80000305175781,110.80000305175781,156300
2024-10-08,110.58000183105469,111.2699966430664,109.2300033569336,110.54000091552734,110.54000091552734,219600
2024-10-09,110.7699966430664,112.0199966430664,110.01000213623047,110.9000015258789,110.9000015258789,217900
2024-10-10,110.02999877929688,110.9000015258789,109.44000244140625,110.7699966430664,110.7699966430664,186600
2024-10-11,111.16999816894531,112.81999969482422,111.02999877929688,112.41000366210938,112.41000366210938,153800
2024-10-14,111.81999969482422,114.12999725341797,111.4000015258789,113.83000183105469,113.83000183105469,169700
2024-10-15,113.26000213623047,115.48999786376953,113.05000305175781,113.41000366210938,113.41000366210938,217800
2024-10-16,113.8499984741211,117.13999938964844,113.8499984741211,116.05000305175781,116.05000305175781,264100
2024-10-17,116.86000061035156,116.86000061035156,114.4000015258789,114.87999725341797,114.87999725341797,275900
2024-10-18,115.29000091552734,115.29000091552734,113.20999908447266,114.5999984741211,114.5999984741211,234000
2024-10-21,114.6500015258789,114.6500015258789,112.55999755859375,112.86000061035156,112.86000061035156,215000
2024-10-22,112.19000244140625,112.30999755859375,110.83999633789062,110.91000366210938,110.91000366210938,296400
2024-10-23,110.0,110.7699966430664,108.33000183105469,109.19000244140625,109.19000244140625,284100
2024-10-24,110.1500015258789,110.44000244140625,108.4000015258789,110.38999938964844,110.38999938964844,293000
2024-10-25,110.44999694824219,111.54000091552734,109.12999725341797,109.26000213623047,109.26000213623047,264700
