Date,Open,High,Low,Close,Adj Close,Volume
1998-05-07,21.0,21.0,21.0,21.0,8.691558837890625,0
1998-05-08,21.0,21.0,21.0,21.0,8.691558837890625,0
1998-05-11,21.0,21.0,21.0,21.0,8.691558837890625,0
1998-05-12,21.0,21.0,21.0,21.0,8.691558837890625,0
1998-05-13,20.625,20.875,20.625,20.875,8.63982105255127,3000
1998-05-14,20.875,20.875,20.875,20.875,8.63982105255127,2000
1998-05-15,20.875,20.875,20.875,20.875,8.63982105255127,0
1998-05-18,20.625,20.625,20.625,20.625,8.53635025024414,600
1998-05-19,21.0,21.0,20.5,20.5,8.48461627960205,1000
1998-05-20,20.5,20.5,20.5,20.5,8.48461627960205,1200
1998-05-21,20.5,20.5,20.5,20.5,8.48461627960205,0
1998-05-22,20.5,20.5,20.5,20.5,8.48461627960205,0
1998-05-26,20.5,20.5,20.5,20.5,8.48461627960205,0
1998-05-27,20.5,20.5,20.5,20.5,8.48461627960205,0
1998-05-28,20.5,20.5,20.5,20.5,8.48461627960205,200
1998-05-29,20.5,20.5,20.5,20.5,8.48461627960205,0
1998-06-01,21.0,21.0,20.75,20.75,8.588088035583496,1000
1998-06-02,20.75,20.75,20.75,20.75,8.588088035583496,0
1998-06-03,20.5,20.5,20.5,20.5,8.48461627960205,800
1998-06-04,20.5,20.5,20.5,20.5,8.48461627960205,1000
1998-06-05,20.5,20.5,20.5,20.5,8.48461627960205,0
1998-06-08,20.5,20.5,20.5,20.5,8.48461627960205,1000
1998-06-09,20.5,20.5,20.5,20.5,8.48461627960205,1000
1998-06-10,20.5,20.5,20.5,20.5,8.48461627960205,2000
1998-06-11,20.5,20.5,20.5,20.5,8.48461627960205,0
1998-06-12,20.5,20.5,20.5,20.5,8.48461627960205,0
1998-06-15,20.5,20.5,20.5,20.5,8.48461627960205,0
1998-06-16,20.5,20.5,20.5,20.5,8.48461627960205,0
1998-06-17,21.0,21.25,20.5,20.5,8.48461627960205,5600
1998-06-18,20.5,20.625,20.5,20.5,8.48461627960205,2800
1998-06-19,20.25,20.5,20.25,20.25,8.381144523620605,2600
1998-06-22,20.375,20.375,20.0,20.03125,8.290607452392578,10200
1998-06-23,20.0,20.5,20.0,20.375,8.432876586914062,1200
1998-06-24,20.0,20.375,20.0,20.375,8.432876586914062,1400
1998-06-25,20.25,20.25,20.25,20.25,8.381144523620605,200
1998-06-26,20.125,20.375,20.125,20.375,8.478935241699219,1800
1998-06-29,20.375,20.375,20.375,20.375,8.478935241699219,0
1998-06-30,20.375,20.375,20.375,20.375,8.478935241699219,200
1998-07-01,20.375,20.375,20.25,20.25,8.426918029785156,800
1998-07-02,20.25,20.25,20.25,20.25,8.426918029785156,200
1998-07-06,20.375,20.375,20.375,20.375,8.478935241699219,1400
1998-07-07,20.75,21.375,20.75,21.375,8.8950834274292,1000
1998-07-08,21.375,21.375,21.375,21.375,8.8950834274292,400
1998-07-09,21.25,21.25,21.25,21.25,8.84306812286377,1000
1998-07-10,21.25,21.25,21.25,21.25,8.84306812286377,1000
1998-07-13,21.0,21.0,21.0,21.0,8.739028930664062,200
1998-07-14,21.0,21.0,21.0,21.0,8.739028930664062,0
1998-07-15,21.0,21.4375,20.375,21.125,8.791048049926758,5200
1998-07-16,21.125,21.125,21.125,21.125,8.791048049926758,0
1998-07-17,21.25,21.25,21.25,21.25,8.84306812286377,800
1998-07-20,21.5,21.5,21.5,21.5,8.947097778320312,600
1998-07-21,21.75,21.75,21.5,21.5,8.947097778320312,1100
1998-07-22,21.625,22.0,21.5625,22.0,9.155171394348145,2900
1998-07-23,22.0,22.0,22.0,22.0,9.155171394348145,0
1998-07-24,22.0,22.125,21.25,21.25,8.84306812286377,1700
1998-07-27,22.0,22.0,22.0,22.0,9.155171394348145,300
1998-07-28,21.25,21.25,21.25,21.25,8.84306812286377,800
1998-07-29,21.25,21.25,21.25,21.25,8.84306812286377,0
1998-07-30,21.25,21.25,21.25,21.25,8.84306812286377,200
1998-07-31,21.25,21.25,21.25,21.25,8.84306812286377,600
1998-08-03,22.5,22.5,22.5,22.5,9.363240242004395,100
1998-08-04,21.0,21.125,20.0,20.0,8.322882652282715,1800
1998-08-05,20.0,21.0,20.0,20.75,8.634994506835938,1400
1998-08-06,20.75,20.75,20.75,20.75,8.634994506835938,0
1998-08-07,20.75,20.75,20.75,20.75,8.634994506835938,0
1998-08-10,20.75,20.75,20.75,20.75,8.634994506835938,0
1998-08-11,20.75,20.75,20.75,20.75,8.634994506835938,0
1998-08-12,20.75,20.75,20.75,20.75,8.634994506835938,0
1998-08-13,20.75,20.75,20.75,20.75,8.634994506835938,0
1998-08-14,20.75,20.75,20.75,20.75,8.634994506835938,200
1998-08-17,20.75,21.0,20.75,21.0,8.739028930664062,2300
1998-08-18,21.0,21.0,21.0,21.0,8.739028930664062,0
1998-08-19,20.0,20.0,20.0,20.0,8.322882652282715,1000
1998-08-20,20.0,20.0,20.0,20.0,8.322882652282715,0
1998-08-21,19.375,19.375,19.375,19.375,8.06279182434082,200
1998-08-24,19.375,19.375,19.375,19.375,8.06279182434082,0
1998-08-25,19.375,19.375,19.375,19.375,8.06279182434082,0
1998-08-26,19.75,19.75,19.75,19.75,8.218846321105957,100
1998-08-27,20.0,20.0,20.0,20.0,8.322882652282715,600
1998-08-28,20.0,20.0,20.0,20.0,8.322882652282715,600
1998-08-31,19.5,19.5,19.5,19.5,8.114811897277832,400
1998-09-01,19.25,19.375,19.25,19.375,8.06279182434082,3100
1998-09-02,20.0,20.0,20.0,20.0,8.322882652282715,100
1998-09-03,19.375,19.5,19.25,19.5,8.114811897277832,500
1998-09-04,19.25,19.25,19.25,19.25,8.010780334472656,300
1998-09-08,19.25,19.25,19.25,19.25,8.010780334472656,100
1998-09-09,20.0,20.0,20.0,20.0,8.322882652282715,200
1998-09-10,19.75,19.75,19.25,19.25,8.010780334472656,900
1998-09-11,19.5,19.5,19.125,19.125,8.004497528076172,700
1998-09-14,20.0,20.0,20.0,20.0,8.370718002319336,100
1998-09-15,19.125,19.375,19.125,19.375,8.109129905700684,2000
1998-09-16,19.375,19.375,19.375,19.375,8.109129905700684,0
1998-09-17,19.375,19.375,19.375,19.375,8.109129905700684,0
1998-09-18,19.0,19.25,19.0,19.25,8.056816101074219,500
1998-09-21,19.625,19.625,19.0,19.0,7.952179431915283,300
1998-09-22,19.125,19.125,19.125,19.125,8.004497528076172,2000
1998-09-23,19.125,19.125,19.125,19.125,8.004497528076172,0
1998-09-24,19.125,19.125,19.125,19.125,8.004497528076172,0
1998-09-25,19.125,19.125,19.125,19.125,8.004497528076172,0
1998-09-28,19.125,19.125,19.125,19.125,8.004497528076172,0
1998-09-29,19.125,19.125,19.125,19.125,8.004497528076172,0
1998-09-30,19.125,19.125,19.125,19.125,8.004497528076172,0
1998-10-01,19.5,19.5,19.5,19.5,8.161450386047363,2900
1998-10-02,19.125,19.125,19.125,19.125,8.004497528076172,2500
1998-10-05,19.125,19.125,19.125,19.125,8.004497528076172,0
1998-10-06,19.125,19.125,19.125,19.125,8.004497528076172,0
1998-10-07,19.125,19.125,19.125,19.125,8.004497528076172,0
1998-10-08,19.0,19.0,19.0,19.0,7.952179431915283,400
1998-10-09,18.75,18.75,18.75,18.75,7.847545623779297,600
1998-10-12,18.75,18.75,18.75,18.75,7.847545623779297,2800
1998-10-13,18.5,18.5,18.5,18.5,7.742915153503418,600
1998-10-14,18.5,18.5,18.5,18.5,7.742915153503418,0
1998-10-15,19.0,19.0,19.0,19.0,7.952179431915283,100
1998-10-16,19.0,19.0,18.75,18.75,7.847545623779297,600
1998-10-19,18.5,19.5,18.5,18.5,7.742915153503418,400
1998-10-20,18.5,18.5,18.5,18.5,7.742915153503418,0
1998-10-21,18.5,18.5,18.5,18.5,7.742915153503418,0
1998-10-22,18.5,18.5,18.5,18.5,7.742915153503418,0
1998-10-23,18.5,18.5,18.5,18.5,7.742915153503418,0
1998-10-26,19.5,19.875,19.25,19.25,8.056816101074219,2500
1998-10-27,20.0,20.0,19.0,19.0,7.952179431915283,800
1998-10-28,19.0,19.0,19.0,19.0,7.952179431915283,0
1998-10-29,19.0,19.0,19.0,19.0,7.952179431915283,500
1998-10-30,19.0,19.0,19.0,19.0,7.952179431915283,800
1998-11-02,19.0,19.5,19.0,19.5,8.161450386047363,1300
1998-11-03,20.0,20.0,19.0,19.25,8.056816101074219,1400
1998-11-04,18.75,19.0,18.75,19.0,7.952179431915283,700
1998-11-05,19.0,19.0,19.0,19.0,7.952179431915283,100
1998-11-06,19.0,19.0,19.0,19.0,7.952179431915283,100
1998-11-09,19.0,19.0,19.0,19.0,7.952179431915283,0
1998-11-10,19.0,19.0,19.0,19.0,7.952179431915283,0
1998-11-11,19.0,19.0,19.0,19.0,7.952179431915283,200
1998-11-12,20.0,20.0,20.0,20.0,8.370718002319336,400
1998-11-13,20.0,20.0,20.0,20.0,8.370718002319336,0
1998-11-16,20.0,20.0,20.0,20.0,8.370718002319336,0
1998-11-17,19.125,19.75,19.125,19.75,8.266084671020508,600
1998-11-18,20.0,20.0,20.0,20.0,8.370718002319336,500
1998-11-19,20.0,20.0,20.0,20.0,8.370718002319336,0
1998-11-20,19.0,19.0,19.0,19.0,7.952179431915283,200
1998-11-23,19.0,19.0,19.0,19.0,7.952179431915283,0
1998-11-24,19.0,20.0,19.0,19.0,7.952179431915283,5700
1998-11-25,19.0,19.0,19.0,19.0,7.952179431915283,200
1998-11-27,19.0,19.0,19.0,19.0,7.952179431915283,0
1998-11-30,19.5,19.5,19.5,19.5,8.161450386047363,100
1998-12-01,19.75,19.75,19.25,19.25,8.056816101074219,500
1998-12-02,19.25,19.25,19.25,19.25,8.056816101074219,0
1998-12-03,18.75,19.0,18.5,19.0,7.952179431915283,7400
1998-12-04,19.0,19.0,19.0,19.0,7.952179431915283,0
1998-12-07,18.875,18.875,18.875,18.875,7.8998613357543945,100
1998-12-08,18.5,20.0,18.5,20.0,8.370718002319336,400
1998-12-09,20.0,20.0,20.0,20.0,8.370718002319336,0
1998-12-10,19.0,19.0,19.0,19.0,7.952179431915283,300
1998-12-11,19.25,19.25,19.25,19.25,8.103729248046875,3600
1998-12-14,18.5,19.25,18.5,19.0,7.998486518859863,1400
1998-12-15,19.0,19.0,18.5,18.625,7.840625286102295,4700
1998-12-16,18.625,18.625,18.625,18.625,7.840625286102295,200
1998-12-17,18.625,18.625,18.625,18.625,7.840625286102295,0
1998-12-18,18.25,18.25,18.25,18.25,7.682754993438721,300
1998-12-21,18.25,18.25,18.25,18.25,7.682754993438721,0
1998-12-22,18.25,18.25,18.25,18.25,7.682754993438721,0
1998-12-23,18.25,18.25,18.25,18.25,7.682754993438721,0
1998-12-24,18.25,18.25,18.25,18.25,7.682754993438721,0
1998-12-28,18.25,18.25,18.25,18.25,7.682754993438721,0
1998-12-29,18.25,18.25,18.25,18.25,7.682754993438721,500
1998-12-30,18.25,18.25,18.25,18.25,7.682754993438721,0
1998-12-31,18.25,19.5,18.25,18.75,7.893243789672852,1400
1999-01-04,18.75,19.25,18.25,18.25,7.682754993438721,4700
1999-01-05,18.25,18.25,18.25,18.25,7.682754993438721,0
1999-01-06,18.5,18.5,18.5,18.5,7.788003444671631,100
1999-01-07,18.25,19.0,18.25,18.375,7.735382080078125,1100
1999-01-08,18.375,18.375,18.375,18.375,7.735382080078125,0
1999-01-11,18.375,18.375,18.375,18.375,7.735382080078125,0
1999-01-12,18.375,18.375,18.25,18.25,7.682754993438721,1000
1999-01-13,19.0,19.0,19.0,19.0,7.998486518859863,1900
1999-01-14,19.0,19.0,18.875,19.0,7.998486518859863,12500
1999-01-15,18.5,18.5,18.5,18.5,7.788003444671631,500
1999-01-19,18.5,18.5,18.5,18.5,7.788003444671631,400
1999-01-20,18.5,18.5,18.5,18.5,7.788003444671631,0
1999-01-21,19.125,19.125,19.125,19.125,8.051111221313477,500
1999-01-22,19.125,19.125,19.125,19.125,8.051111221313477,2100
1999-01-25,18.375,18.375,18.375,18.375,7.735382080078125,200
1999-01-26,19.5,19.5,18.5,18.5,7.788003444671631,400
1999-01-27,18.5,18.5,18.5,18.5,7.788003444671631,1000
1999-01-28,18.9375,19.0,18.9375,19.0,7.998486518859863,800
1999-01-29,19.0,19.0,19.0,19.0,7.998486518859863,1200
1999-02-01,19.0,19.625,19.0,19.625,8.261597633361816,700
1999-02-02,19.5,19.5,19.5,19.5,8.208974838256836,400
1999-02-03,19.5,19.5,19.5,19.5,8.208974838256836,0
1999-02-04,19.5,19.5,19.5,19.5,8.208974838256836,0
1999-02-05,19.4375,19.4375,19.375,19.375,8.156352043151855,700
1999-02-08,19.375,19.375,19.0,19.0,7.998486518859863,1400
1999-02-09,19.5,19.5,19.5,19.5,8.208974838256836,200
1999-02-10,19.5,19.5,18.75,18.75,7.893243789672852,600
1999-02-11,18.75,18.75,18.75,18.75,7.893243789672852,0
1999-02-12,18.75,18.75,18.75,18.75,7.893243789672852,0
1999-02-16,19.5,19.5,19.0,19.0,7.998486518859863,300
1999-02-17,18.625,18.625,18.0,18.5,7.788003444671631,800
1999-02-18,18.5,18.5,18.5,18.5,7.788003444671631,0
1999-02-19,18.5,18.5,18.5,18.5,7.788003444671631,0
1999-02-22,18.0,18.5,18.0,18.5,7.788003444671631,1900
1999-02-23,18.5,18.5,18.5,18.5,7.788003444671631,0
1999-02-24,18.5,18.5,18.5,18.5,7.788003444671631,0
1999-02-25,18.5,18.5,18.5,18.5,7.788003444671631,0
1999-02-26,18.75,18.75,18.75,18.75,7.893243789672852,1000
1999-03-01,18.5,18.5,18.5,18.5,7.788003444671631,200
1999-03-02,18.5,18.5,18.5,18.5,7.788003444671631,0
1999-03-03,18.0,18.0,18.0,18.0,7.577512741088867,400
1999-03-04,18.0,18.0,18.0,18.0,7.577512741088867,0
1999-03-05,18.625,18.625,18.625,18.625,7.840625286102295,1200
1999-03-08,18.625,18.625,18.625,18.625,7.840625286102295,1400
1999-03-09,18.625,18.625,18.625,18.625,7.840625286102295,0
1999-03-10,18.75,19.25,18.75,19.25,8.103729248046875,800
1999-03-11,19.0,19.5,18.75,18.875,7.995710372924805,2800
1999-03-12,19.0,19.0,19.0,19.0,8.048660278320312,1500
1999-03-15,19.25,19.5,19.25,19.375,8.207515716552734,2900
1999-03-16,19.0625,19.0625,19.0625,19.0625,8.075141906738281,200
1999-03-17,19.0625,19.0625,19.0625,19.0625,8.075141906738281,0
1999-03-18,19.375,19.375,19.375,19.375,8.207515716552734,500
1999-03-19,19.0625,19.25,18.75,19.25,8.154563903808594,1800
1999-03-22,19.0,19.0,19.0,19.0,8.048660278320312,800
1999-03-23,19.0,19.25,19.0,19.0,8.048660278320312,8000
1999-03-24,19.0,19.0,19.0,19.0,8.048660278320312,100
1999-03-25,19.0,19.125,19.0,19.125,8.101613998413086,2200
1999-03-26,19.0,19.0,18.25,18.25,7.730947494506836,1500
1999-03-29,19.125,19.125,19.125,19.125,8.101613998413086,500
1999-03-30,18.625,18.625,18.625,18.625,7.8898091316223145,1500
1999-03-31,18.625,18.625,18.625,18.625,7.8898091316223145,0
1999-04-01,19.25,19.5,19.25,19.5,8.260468482971191,5300
1999-04-05,18.5,19.0,18.5,19.0,8.048660278320312,500
1999-04-06,19.5,19.5,19.5,19.5,8.260468482971191,2000
1999-04-07,19.0,19.75,19.0,19.75,8.366372108459473,700
1999-04-08,19.75,19.75,19.75,19.75,8.366372108459473,0
1999-04-09,19.75,19.75,19.75,19.75,8.366372108459473,0
1999-04-12,19.25,19.25,19.0,19.25,8.154563903808594,1500
1999-04-13,19.25,19.25,19.25,19.25,8.154563903808594,0
1999-04-14,19.25,19.25,19.25,19.25,8.154563903808594,0
1999-04-15,19.25,19.25,19.25,19.25,8.154563903808594,0
1999-04-16,19.0,19.0,19.0,19.0,8.048660278320312,3800
1999-04-19,18.5,18.5,18.5,18.5,7.836856365203857,900
1999-04-20,18.5,18.5,18.0,18.5,7.836856365203857,1700
1999-04-21,19.25,19.25,18.5,18.5,7.836856365203857,3200
1999-04-22,18.75,18.75,18.75,18.75,7.942756652832031,200
1999-04-23,18.75,18.75,18.75,18.75,7.942756652832031,0
1999-04-26,19.25,21.0,19.25,21.0,8.895892143249512,5100
1999-04-27,19.75,19.75,19.625,19.625,8.313420295715332,300
1999-04-28,19.25,19.25,19.25,19.25,8.154563903808594,100
1999-04-29,19.25,19.25,19.25,19.25,8.154563903808594,0
1999-04-30,19.0,19.0,19.0,19.0,8.048660278320312,500
1999-05-03,19.0,19.5,19.0,19.0,8.048660278320312,1000
1999-05-04,19.125,19.125,19.0,19.0,8.048660278320312,3700
1999-05-05,19.0,19.0,19.0,19.0,8.048660278320312,200
1999-05-06,18.75,18.75,18.375,18.375,7.783905029296875,1400
1999-05-07,18.75,18.75,18.75,18.75,7.942756652832031,1100
1999-05-10,18.75,18.875,18.75,18.875,7.995710372924805,200
1999-05-11,19.0,19.0,18.75,18.75,7.942756652832031,1000
1999-05-12,18.875,19.25,18.75,19.0,8.048660278320312,5700
1999-05-13,19.0,19.0,19.0,19.0,8.048660278320312,0
1999-05-14,19.0,19.0,19.0,19.0,8.048660278320312,0
1999-05-17,19.0,19.0,19.0,19.0,8.048660278320312,0
1999-05-18,19.0,19.0,19.0,19.0,8.048660278320312,100
1999-05-19,19.0,19.0,19.0,19.0,8.048660278320312,0
1999-05-20,19.25,19.25,19.25,19.25,8.154563903808594,1000
1999-05-21,19.5,19.5,19.5,19.5,8.260468482971191,2700
1999-05-24,18.0,19.5,18.0,19.5,8.260468482971191,3500
1999-05-25,19.5,19.5,19.5,19.5,8.260468482971191,0
1999-05-26,18.5,18.5,18.5,18.5,7.836856365203857,400
1999-05-27,18.5,18.5,18.5,18.5,7.836856365203857,0
1999-05-28,18.5,18.5,18.5,18.5,7.836856365203857,0
1999-06-01,20.0,20.0,20.0,20.0,8.472275733947754,200
1999-06-02,19.875,19.875,19.875,19.875,8.419323921203613,100
1999-06-03,19.875,19.875,19.875,19.875,8.419323921203613,0
1999-06-04,19.25,19.25,19.0,19.0,8.048660278320312,2000
1999-06-07,19.75,19.75,19.75,19.75,8.366372108459473,200
1999-06-08,19.0,19.0,19.0,19.0,8.048660278320312,400
1999-06-09,20.0,20.0,20.0,20.0,8.472275733947754,400
1999-06-10,20.0,20.0,20.0,20.0,8.472275733947754,0
1999-06-11,20.0,20.0,20.0,20.0,8.523415565490723,1300
1999-06-14,20.0,20.0,20.0,20.0,8.523415565490723,0
1999-06-15,20.0,20.0,20.0,20.0,8.523415565490723,0
1999-06-16,19.0,19.0,19.0,19.0,8.097243309020996,400
1999-06-17,19.0,19.0,19.0,19.0,8.097243309020996,0
1999-06-18,19.0,19.0,19.0,19.0,8.097243309020996,0
1999-06-21,19.25,19.25,19.25,19.25,8.203786849975586,500
1999-06-22,19.5,19.5,19.5,19.5,8.310330390930176,500
1999-06-23,19.125,19.125,19.0,19.0,8.097243309020996,900
1999-06-24,19.0,19.0,19.0,19.0,8.097243309020996,100
1999-06-25,19.5,19.5,18.75,19.5,8.310330390930176,1100
1999-06-28,19.0,19.0,18.625,18.625,7.937433242797852,500
1999-06-29,19.0,19.0,19.0,19.0,8.097243309020996,400
1999-06-30,18.5,18.5,18.5,18.5,7.884160995483398,400
1999-07-01,18.875,19.75,18.875,19.75,8.41687297821045,4900
1999-07-02,19.75,19.75,19.75,19.75,8.41687297821045,0
1999-07-06,19.75,19.75,19.75,19.75,8.41687297821045,0
1999-07-07,19.0,19.0,19.0,19.0,8.097243309020996,900
1999-07-08,19.0,19.0,19.0,19.0,8.097243309020996,100
1999-07-09,19.0,19.0,19.0,19.0,8.097243309020996,0
1999-07-12,19.0,19.0,19.0,19.0,8.097243309020996,0
1999-07-13,19.0,19.0,18.0,18.0,7.671072006225586,9900
1999-07-14,19.0,19.5,18.25,18.5,7.884160995483398,1800
1999-07-15,19.0,19.25,19.0,19.0,8.097243309020996,1000
1999-07-16,19.0,19.0,19.0,19.0,8.097243309020996,0
1999-07-19,19.0,19.0,19.0,19.0,8.097243309020996,0
1999-07-20,18.625,18.625,18.625,18.625,7.937433242797852,1400
1999-07-21,19.25,19.25,19.25,19.25,8.203786849975586,100
1999-07-22,19.0,19.0,19.0,19.0,8.097243309020996,200
1999-07-23,18.75,19.0,18.75,18.875,8.043973922729492,2300
1999-07-26,18.5,18.5,18.5,18.5,7.884160995483398,500
1999-07-27,18.5,18.5,18.5,18.5,7.884160995483398,200
1999-07-28,18.5,18.5,18.25,18.5,7.884160995483398,3000
1999-07-29,18.25,18.25,18.25,18.25,7.777613162994385,200
1999-07-30,18.125,18.375,18.0,18.375,7.83089017868042,2000
1999-08-02,18.0,18.625,18.0,18.625,7.937433242797852,1200
1999-08-03,18.0,18.0,18.0,18.0,7.671072006225586,1500
1999-08-04,18.125,18.5,18.125,18.5,7.884160995483398,300
1999-08-05,18.5,18.5,18.5,18.5,7.884160995483398,0
1999-08-06,18.25,18.25,18.125,18.25,7.777613162994385,1400
1999-08-09,18.25,18.25,18.25,18.25,7.777613162994385,0
1999-08-10,18.25,18.25,18.0,18.0,7.671072006225586,800
1999-08-11,18.0,18.0,18.0,18.0,7.671072006225586,0
1999-08-12,17.75,18.5,17.25,17.25,7.351449012756348,900
1999-08-13,18.375,18.375,18.375,18.375,7.83089017868042,1000
1999-08-16,18.0,18.0,18.0,18.0,7.671072006225586,3000
1999-08-17,17.5,17.5,17.5,17.5,7.457988262176514,500
1999-08-18,17.4375,17.4375,17.0,17.25,7.351449012756348,4000
1999-08-19,18.5,18.5,18.5,18.5,7.884160995483398,200
1999-08-20,18.25,18.25,18.25,18.25,7.777613162994385,200
1999-08-23,18.25,18.25,18.25,18.25,7.777613162994385,0
1999-08-24,17.5,18.0,17.0,17.25,7.351449012756348,13600
1999-08-25,17.25,17.25,17.25,17.25,7.351449012756348,0
1999-08-26,17.5,17.5,17.5,17.5,7.457988262176514,100
1999-08-27,17.5,17.5,17.5,17.5,7.457988262176514,0
1999-08-30,18.0,18.0,17.875,17.875,7.617799282073975,1200
1999-08-31,18.25,18.5,17.75,18.5,7.884160995483398,3300
1999-09-01,18.75,18.75,18.75,18.75,7.990700721740723,200
1999-09-02,18.25,18.5625,18.25,18.375,7.83089017868042,500
1999-09-03,18.625,18.625,18.625,18.625,7.937433242797852,200
1999-09-07,18.625,18.625,18.625,18.625,7.937433242797852,0
1999-09-08,18.625,18.625,18.625,18.625,7.937433242797852,0
1999-09-09,18.25,18.25,18.0,18.0,7.671072006225586,400
1999-09-10,18.0,18.0,18.0,18.0,7.671072006225586,0
1999-09-13,18.125,18.125,18.0,18.0,7.722556114196777,3000
1999-09-14,18.75,18.75,18.75,18.75,8.044331550598145,100
1999-09-15,18.75,18.75,18.75,18.75,8.044331550598145,0
1999-09-16,18.75,18.75,18.75,18.75,8.044331550598145,0
1999-09-17,18.1875,18.1875,17.5,17.5,7.508039951324463,1200
1999-09-20,17.5,17.5,17.5,17.5,7.508039951324463,1600
1999-09-21,19.0,19.0,19.0,19.0,8.151586532592773,100
1999-09-22,17.25,17.25,17.25,17.25,7.400783538818359,100
1999-09-23,17.25,17.25,17.25,17.25,7.400783538818359,0
1999-09-24,17.25,17.25,17.25,17.25,7.400783538818359,0
1999-09-27,18.0,18.0625,18.0,18.0625,7.749370574951172,3200
1999-09-28,18.0,18.0,18.0,18.0,7.722556114196777,2000
1999-09-29,18.625,19.125,18.25,19.0,8.151586532592773,9200
1999-09-30,19.75,25.5,19.5,23.0,9.867707252502441,29700
1999-10-01,21.875,22.5,20.0,22.5,9.653196334838867,8500
1999-10-04,21.25,22.0,21.0,21.5,9.224167823791504,6200
1999-10-05,21.0,21.5,21.0,21.5,9.224167823791504,3200
1999-10-06,22.0,22.0,21.5,21.5,9.224167823791504,7500
1999-10-07,21.5,21.5,21.5,21.5,9.224167823791504,0
1999-10-08,21.0,21.0,21.0,21.0,9.009652137756348,3000
1999-10-11,21.0,21.0,21.0,21.0,9.009652137756348,100
1999-10-12,21.0,21.0,21.0,21.0,9.009652137756348,0
1999-10-13,21.0,21.5,21.0,21.5,9.224167823791504,12300
1999-10-14,20.75,21.0,20.625,20.625,8.848764419555664,1800
1999-10-15,20.5,20.5,20.5,20.5,8.795135498046875,200
1999-10-18,20.5,20.5,20.5,20.5,8.795135498046875,0
1999-10-19,20.5,20.5,20.5,20.5,8.795135498046875,0
1999-10-20,20.5,20.5,20.5,20.5,8.795135498046875,0
1999-10-21,20.0,20.0,20.0,20.0,8.580621719360352,100
1999-10-22,20.0,20.0,19.75,19.75,8.473356246948242,1100
1999-10-25,19.75,19.75,19.75,19.75,8.473356246948242,0
1999-10-26,19.75,19.75,19.75,19.75,8.473356246948242,0
1999-10-27,19.75,19.75,19.75,19.75,8.473356246948242,0
1999-10-28,19.0,19.0,19.0,19.0,8.151586532592773,1600
1999-10-29,19.0,19.0,19.0,19.0,8.151586532592773,0
1999-11-01,19.5,19.5,19.5,19.5,8.366104125976562,100
1999-11-02,19.0,19.0,19.0,19.0,8.151586532592773,100
1999-11-03,19.0,19.5,18.75,19.5,8.366104125976562,500
1999-11-04,18.75,18.75,18.75,18.75,8.044331550598145,700
1999-11-05,18.75,18.75,18.75,18.75,8.044331550598145,0
1999-11-08,19.1875,19.1875,19.1875,19.1875,8.232033729553223,200
1999-11-09,19.0,19.0,19.0,19.0,8.151586532592773,600
1999-11-10,19.0,19.0,19.0,19.0,8.151586532592773,0
1999-11-11,18.75,18.75,18.75,18.75,8.044331550598145,100
1999-11-12,18.875,18.875,18.875,18.875,8.0979585647583,1000
1999-11-15,18.75,18.75,18.75,18.75,8.044331550598145,100
1999-11-16,18.75,18.75,18.75,18.75,8.044331550598145,0
1999-11-17,18.0,18.0,17.75,17.75,7.615302085876465,800
1999-11-18,17.75,17.75,17.75,17.75,7.615302085876465,100
1999-11-19,18.5,18.5,18.5,18.5,7.937075138092041,100
1999-11-22,18.75,18.75,18.75,18.75,8.044331550598145,900
1999-11-23,18.5,18.75,18.5,18.75,8.044331550598145,1600
1999-11-24,18.75,18.75,18.75,18.75,8.044331550598145,0
1999-11-26,18.75,18.75,18.75,18.75,8.044331550598145,0
1999-11-29,18.75,18.75,18.75,18.75,8.044331550598145,100
1999-11-30,18.75,18.75,18.75,18.75,8.044331550598145,0
1999-12-01,18.625,18.625,18.625,18.625,7.990701675415039,100
1999-12-02,18.625,18.625,18.625,18.625,7.990701675415039,0
1999-12-03,18.625,18.625,18.625,18.625,7.990701675415039,0
1999-12-06,18.25,18.5,18.25,18.5,7.937075138092041,500
1999-12-07,18.25,18.25,18.25,18.25,7.829818248748779,100
1999-12-08,18.375,18.375,18.375,18.375,7.883446216583252,1100
1999-12-09,18.375,18.375,18.375,18.375,7.883446216583252,0
1999-12-10,18.25,18.625,17.875,18.625,7.990701675415039,4600
1999-12-13,18.4375,18.4375,18.4375,18.4375,7.965859889984131,0
1999-12-14,18.4375,18.4375,18.4375,18.4375,7.965859889984131,0
1999-12-15,18.4375,18.4375,18.4375,18.4375,7.965859889984131,0
1999-12-16,18.4375,18.4375,18.4375,18.4375,7.965859889984131,0
1999-12-17,17.375,17.375,17.0,17.25,7.452807426452637,2100
1999-12-20,17.0,17.0,17.0,17.0,7.344789981842041,1300
1999-12-21,17.0,17.0,17.0,17.0,7.344789981842041,0
1999-12-22,16.0,16.875,15.625,16.75,7.236780166625977,7000
1999-12-23,17.25,17.375,17.0,17.0,7.344789981842041,5400
1999-12-27,17.0,17.0,17.0,17.0,7.344789981842041,100
1999-12-28,17.0,17.125,17.0,17.125,7.398799896240234,3300
1999-12-29,17.125,17.125,17.125,17.125,7.398799896240234,0
1999-12-30,17.125,17.125,17.125,17.125,7.398799896240234,0
1999-12-31,17.125,17.125,17.125,17.125,7.398799896240234,0
2000-01-03,17.25,18.25,17.25,18.0,7.7768378257751465,3900
2000-01-04,17.5,17.5,17.0,17.0,7.344789981842041,3300
2000-01-05,17.0,17.0,17.0,17.0,7.344789981842041,1000
2000-01-06,17.75,17.75,17.75,17.75,7.668830394744873,1100
2000-01-07,17.5,17.5,17.5,17.5,7.560816764831543,100
2000-01-10,17.5625,17.5625,17.5625,17.5625,7.587818622589111,200
2000-01-11,18.0,18.0,18.0,18.0,7.7768378257751465,300
2000-01-12,17.5,17.5,17.0,17.0,7.344789981842041,1800
2000-01-13,17.0,17.0,17.0,17.0,7.344789981842041,0
2000-01-14,17.0,17.0,17.0,17.0,7.344789981842041,0
2000-01-18,17.5,17.5,17.5,17.5,7.560816764831543,200
2000-01-19,16.5,17.0,16.0,16.25,7.020758628845215,8200
2000-01-20,16.25,16.25,16.25,16.25,7.020758628845215,0
2000-01-21,16.5,16.5,16.5,16.5,7.128769397735596,100
2000-01-24,17.0,17.0,16.5,16.5,7.128769397735596,200
2000-01-25,16.5,16.5,16.5,16.5,7.128769397735596,100
2000-01-26,16.5,16.5,16.5,16.5,7.128769397735596,0
2000-01-27,16.625,16.625,16.625,16.625,7.182772159576416,200
2000-01-28,17.0,17.0,17.0,17.0,7.344789981842041,800
2000-01-31,17.0,17.0,17.0,17.0,7.344789981842041,0
2000-02-01,16.9375,16.9375,16.9375,16.9375,7.3177876472473145,200
2000-02-02,16.875,16.875,16.875,16.875,7.29079008102417,2600
2000-02-03,16.5,16.5,16.25,16.25,7.020758628845215,6600
2000-02-04,16.5,16.5,16.5,16.5,7.128769397735596,2500
2000-02-07,16.0,16.0,16.0,16.0,6.912745952606201,2600
2000-02-08,16.5,16.875,16.5,16.875,7.29079008102417,1400
2000-02-09,16.75,16.75,16.75,16.75,7.236780166625977,100
2000-02-10,16.75,16.75,16.5,16.5,7.128769397735596,2000
2000-02-11,16.25,16.5,16.25,16.5,7.128769397735596,700
2000-02-14,15.5,16.25,15.5,16.25,7.020758628845215,2200
2000-02-15,16.5,16.5,16.125,16.125,6.9667487144470215,9600
2000-02-16,15.5,16.0,15.0,15.875,6.858740329742432,10000
2000-02-17,15.5,15.5,15.0,15.0,6.480700969696045,2800
2000-02-18,15.5,15.5,15.5,15.5,6.696722030639648,400
2000-02-22,15.0625,15.0625,15.0625,15.0625,6.507704257965088,100
2000-02-23,16.0,16.0,15.0,15.0,6.480700969696045,1300
2000-02-24,14.25,14.25,14.25,14.25,6.156666278839111,500
2000-02-25,15.5,15.5,14.875,14.875,6.426694393157959,4000
2000-02-28,14.875,14.875,14.875,14.875,6.426694393157959,0
2000-02-29,14.875,14.875,14.875,14.875,6.426694393157959,0
2000-03-01,15.5,15.5,15.5,15.5,6.696722030639648,500
2000-03-02,15.5,15.5,15.5,15.5,6.696722030639648,0
2000-03-03,15.5,15.5,15.5,15.5,6.696722030639648,0
2000-03-06,15.25,15.25,15.25,15.25,6.588711261749268,300
2000-03-07,15.25,15.25,15.25,15.25,6.588711261749268,0
2000-03-08,14.625,14.625,14.0,14.0,6.048651695251465,1000
2000-03-09,14.0,14.75,14.0,14.0,6.048651695251465,1600
2000-03-10,13.5,13.5,13.5,13.5,5.8326287269592285,300
2000-03-13,13.3125,13.3125,13.3125,13.3125,5.807545185089111,0
2000-03-14,13.5,13.75,13.5,13.75,5.998403549194336,1100
2000-03-15,13.25,13.25,13.25,13.25,5.780280590057373,1700
2000-03-16,14.75,14.75,13.5,13.5,5.889339447021484,900
2000-03-17,14.75,14.75,14.75,14.75,6.43464994430542,200
2000-03-20,13.875,13.875,13.625,13.625,5.943871021270752,3500
2000-03-21,15.0,15.0,15.0,15.0,6.543712615966797,300
2000-03-22,14.25,14.375,13.6875,13.6875,5.971139430999756,3400
2000-03-23,14.25,14.75,14.25,14.75,6.43464994430542,1200
2000-03-24,14.25,14.25,12.5,13.0,5.6712164878845215,8600
2000-03-27,13.0,14.0,13.0,13.875,6.0529327392578125,1800
2000-03-28,13.75,13.75,10.0,12.5625,5.4803571701049805,20300
2000-03-29,12.5,12.5,11.0,12.125,5.2895026206970215,25100
2000-03-30,12.25,14.0,12.125,14.0,6.1074676513671875,16100
2000-03-31,13.125,14.125,11.25,11.25,4.907784461975098,40000
2000-04-03,12.5,13.75,12.5,13.75,5.998403549194336,26000
2000-04-04,13.75,13.75,13.5,13.75,5.998403549194336,6200
2000-04-05,13.75,14.375,13.75,13.75,5.998403549194336,7000
2000-04-06,13.75,13.875,13.625,13.875,6.0529327392578125,6200
2000-04-07,14.0,14.0,13.75,14.0,6.1074676513671875,8900
2000-04-10,14.0,14.0,14.0,14.0,6.1074676513671875,0
2000-04-11,14.125,14.125,14.125,14.125,6.161994934082031,6000
2000-04-12,14.375,14.5,14.0,14.0,6.1074676513671875,11400
2000-04-13,14.125,14.375,14.125,14.375,6.271058082580566,4100
2000-04-14,14.125,14.375,13.75,13.75,5.998403549194336,7300
2000-04-17,14.0,14.25,14.0,14.0,6.1074676513671875,900
2000-04-18,14.0,14.75,14.0,14.25,6.216528415679932,3500
2000-04-19,14.5,14.5,13.75,14.5,6.325587749481201,1900
2000-04-20,14.5,15.0,14.5,15.0,6.543712615966797,3700
2000-04-24,14.75,15.25,14.75,15.25,6.652777194976807,1400
2000-04-25,15.375,15.375,15.375,15.375,6.70730447769165,400
2000-04-26,15.375,15.5,15.25,15.5,6.761837005615234,1500
2000-04-27,15.5,15.5,15.25,15.25,6.652777194976807,1700
2000-04-28,15.25,15.25,15.25,15.25,6.652777194976807,0
2000-05-01,16.0,16.0,16.0,16.0,6.979959964752197,200
2000-05-02,15.25,15.25,15.25,15.25,6.652777194976807,1300
2000-05-03,15.25,15.25,15.25,15.25,6.652777194976807,100
2000-05-04,15.25,15.25,15.25,15.25,6.652777194976807,500
2000-05-05,15.5,16.0,15.5,16.0,6.979959964752197,1800
2000-05-08,15.75,16.0,15.75,16.0,6.979959964752197,2100
2000-05-09,16.0,16.0,15.75,15.75,6.870896816253662,6200
2000-05-10,15.75,15.75,15.75,15.75,6.870896816253662,300
2000-05-11,16.0,16.0,16.0,16.0,6.979959964752197,300
2000-05-12,16.0,16.0,16.0,16.0,6.979959964752197,0
2000-05-15,16.0,16.0,16.0,16.0,6.979959964752197,0
2000-05-16,16.0,16.0,16.0,16.0,6.979959964752197,0
2000-05-17,15.75,16.25,15.75,16.0,6.979959964752197,9500
2000-05-18,16.0,16.0,16.0,16.0,6.979959964752197,0
2000-05-19,16.0,16.0,16.0,16.0,6.979959964752197,0
2000-05-22,16.0,16.0,16.0,16.0,6.979959964752197,0
2000-05-23,16.0,16.0,16.0,16.0,6.979959964752197,0
2000-05-24,16.0,16.0,16.0,16.0,6.979959964752197,0
2000-05-25,16.125,16.125,16.125,16.125,7.034487724304199,300
2000-05-26,16.125,16.125,16.125,16.125,7.034487724304199,0
2000-05-30,16.0,16.0,16.0,16.0,6.979959964752197,300
2000-05-31,16.25,16.5,16.25,16.3125,7.116288661956787,6100
2000-06-01,16.25,16.75,16.25,16.75,7.307145118713379,300
2000-06-02,16.375,16.375,16.375,16.375,7.143553256988525,600
2000-06-05,16.375,16.375,16.375,16.375,7.143553256988525,0
2000-06-06,16.0,16.0,16.0,16.0,6.979959964752197,1200
2000-06-07,16.75,17.75,16.75,17.75,7.743393421173096,3400
2000-06-08,17.0,17.0,17.0,17.0,7.416208267211914,200
2000-06-09,16.625,16.875,16.625,16.875,7.361678600311279,700
2000-06-12,16.875,16.875,16.875,16.875,7.361678600311279,200
2000-06-13,16.625,16.625,16.625,16.625,7.3089213371276855,100
2000-06-14,16.75,16.75,16.75,16.75,7.3638715744018555,200
2000-06-15,17.0625,17.0625,16.75,17.0,7.473783016204834,7100
2000-06-16,16.875,17.0,16.75,16.75,7.3638715744018555,25500
2000-06-19,17.0,17.0,16.75,16.75,7.3638715744018555,11300
2000-06-20,16.75,16.75,16.75,16.75,7.3638715744018555,0
2000-06-21,16.75,16.75,16.75,16.75,7.3638715744018555,0
2000-06-22,16.75,16.75,16.75,16.75,7.3638715744018555,0
2000-06-23,16.75,16.75,16.75,16.75,7.3638715744018555,2100
2000-06-26,16.5625,17.0,16.5625,17.0,7.473783016204834,600
2000-06-27,17.0,17.0,16.9375,16.9375,7.446308135986328,7400
2000-06-28,16.9375,16.9375,16.9375,16.9375,7.446308135986328,0
2000-06-29,16.5625,16.5625,16.375,16.375,7.199014186859131,700
2000-06-30,16.375,16.375,16.375,16.375,7.199014186859131,100
2000-07-03,16.375,16.375,16.375,16.375,7.199014186859131,0
2000-07-05,16.75,17.5,16.75,17.375,7.638650417327881,3600
2000-07-06,17.375,17.375,17.375,17.375,7.638650417327881,0
2000-07-07,17.25,17.25,17.25,17.25,7.583696365356445,100
2000-07-10,17.0,17.0,17.0,17.0,7.473783016204834,3100
2000-07-11,16.75,16.75,16.625,16.625,7.3089213371276855,1800
2000-07-12,16.625,16.625,16.625,16.625,7.3089213371276855,0
2000-07-13,16.625,16.625,16.625,16.625,7.3089213371276855,0
2000-07-14,16.25,16.25,16.25,16.25,7.144058704376221,700
2000-07-17,16.25,16.25,16.25,16.25,7.144058704376221,0
2000-07-18,16.875,16.875,16.875,16.875,7.418827533721924,100
2000-07-19,16.875,16.875,16.875,16.875,7.418827533721924,0
2000-07-20,16.875,16.875,16.875,16.875,7.418827533721924,0
2000-07-21,16.25,16.25,16.25,16.25,7.144058704376221,1000
2000-07-24,16.25,16.25,16.25,16.25,7.144058704376221,0
2000-07-25,16.25,16.25,16.25,16.25,7.144058704376221,0
2000-07-26,16.25,16.25,16.25,16.25,7.144058704376221,0
2000-07-27,16.25,16.25,16.25,16.25,7.144058704376221,0
2000-07-28,16.25,16.25,16.25,16.25,7.144058704376221,0
2000-07-31,16.25,16.375,16.25,16.375,7.199014186859131,2200
2000-08-01,16.5,16.5,16.0,16.0,7.034150123596191,300
2000-08-02,16.0,16.0,16.0,16.0,7.034150123596191,500
2000-08-03,16.0,16.0,16.0,16.0,7.034150123596191,0
2000-08-04,16.25,16.5,16.25,16.5,7.253967761993408,2100
2000-08-07,16.5,16.5,16.5,16.5,7.253967761993408,0
2000-08-08,16.5,16.5,16.5,16.5,7.253967761993408,0
2000-08-09,16.5,16.5,16.5,16.5,7.253967761993408,0
2000-08-10,16.0,16.5,16.0,16.5,7.253967761993408,1800
2000-08-11,16.25,16.25,16.25,16.25,7.144058704376221,400
2000-08-14,15.5,15.5,15.5,15.5,6.814332008361816,300
2000-08-15,15.5,15.5,15.5,15.5,6.814332008361816,500
2000-08-16,15.5,15.5,15.5,15.5,6.814332008361816,500
2000-08-17,15.0,15.0,15.0,15.0,6.594515323638916,200
2000-08-18,15.0,15.375,15.0,15.25,6.7044267654418945,3200
2000-08-21,15.625,15.625,15.625,15.625,6.869285583496094,800
2000-08-22,15.625,15.625,15.625,15.625,6.869285583496094,0
2000-08-23,15.625,15.625,15.625,15.625,6.869285583496094,0
2000-08-24,15.625,15.625,15.625,15.625,6.869285583496094,0
2000-08-25,15.375,16.125,15.375,15.875,6.9791975021362305,3000
2000-08-28,16.375,16.375,16.375,16.375,7.199014186859131,100
2000-08-29,15.375,15.375,15.375,15.375,6.759376525878906,100
2000-08-30,15.25,15.25,15.25,15.25,6.7044267654418945,3800
2000-08-31,15.75,15.75,15.75,15.75,6.9242401123046875,2100
2000-09-01,15.25,15.75,15.25,15.25,6.7044267654418945,2200
2000-09-05,15.25,15.25,15.25,15.25,6.7044267654418945,0
2000-09-06,15.125,15.25,15.125,15.25,6.7044267654418945,600
2000-09-07,15.25,15.25,15.25,15.25,6.7044267654418945,0
2000-09-08,15.375,15.375,15.375,15.375,6.759376525878906,100
2000-09-11,15.5,15.5,15.5,15.5,6.814332008361816,1000
2000-09-12,15.5,15.5,15.5,15.5,6.814332008361816,0
2000-09-13,15.875,15.875,15.875,15.875,7.038222312927246,500
2000-09-14,15.875,15.875,15.875,15.875,7.038222312927246,0
2000-09-15,15.875,15.875,15.875,15.875,7.038222312927246,0
2000-09-18,15.875,15.875,15.875,15.875,7.038222312927246,0
2000-09-19,15.875,15.875,15.875,15.875,7.038222312927246,0
2000-09-20,15.5,15.5,15.5,15.5,6.871966361999512,300
2000-09-21,15.5,15.5,15.5,15.5,6.871966361999512,400
2000-09-22,15.5,15.5,15.5,15.5,6.871966361999512,400
2000-09-25,15.5,15.5,15.5,15.5,6.871966361999512,0
2000-09-26,15.5,15.875,15.5,15.75,6.982804298400879,3500
2000-09-27,15.5,15.875,15.5,15.75,6.982804298400879,2400
2000-09-28,15.75,15.75,15.75,15.75,6.982804298400879,0
2000-09-29,15.5,15.5,15.5,15.5,6.871966361999512,100
2000-10-02,15.75,15.8125,15.75,15.75,6.982804298400879,3800
2000-10-03,15.625,15.9375,15.5,15.9375,7.065936088562012,6400
2000-10-04,15.625,15.625,15.625,15.625,6.927387714385986,900
2000-10-05,15.625,15.625,15.625,15.625,6.927387714385986,0
2000-10-06,15.625,15.625,15.625,15.625,6.927387714385986,0
2000-10-09,15.625,15.625,15.625,15.625,6.927387714385986,100
2000-10-10,15.625,15.625,15.625,15.625,6.927387714385986,0
2000-10-11,15.625,15.625,15.5,15.5,6.871966361999512,800
2000-10-12,15.5,15.5,15.5,15.5,6.871966361999512,1200
2000-10-13,15.25,15.25,15.25,15.25,6.7611308097839355,300
2000-10-16,15.25,15.25,15.25,15.25,6.7611308097839355,200
2000-10-17,15.125,15.375,15.125,15.375,6.816545486450195,800
2000-10-18,15.375,15.375,15.375,15.375,6.816545486450195,0
2000-10-19,15.25,15.25,15.25,15.25,6.7611308097839355,1000
2000-10-20,15.25,15.25,15.25,15.25,6.7611308097839355,0
2000-10-23,15.5,16.375,15.25,15.625,6.927387714385986,19600
2000-10-24,15.625,15.625,15.625,15.625,6.927387714385986,0
2000-10-25,15.625,15.625,15.625,15.625,6.927387714385986,0
2000-10-26,16.0,16.0,15.5,15.5,6.871966361999512,2600
2000-10-27,15.5,15.5,15.5,15.5,6.871966361999512,0
2000-10-30,15.5,15.5,15.5,15.5,6.871966361999512,100
2000-10-31,16.0,16.0,16.0,16.0,7.093644142150879,100
2000-11-01,15.5,15.5,15.5,15.5,6.871966361999512,100
2000-11-02,15.5,15.5,15.5,15.5,6.871966361999512,0
2000-11-03,16.0,16.25,16.0,16.25,7.204482078552246,2100
2000-11-06,16.25,16.25,16.25,16.25,7.204482078552246,0
2000-11-07,16.25,16.25,16.25,16.25,7.204482078552246,0
2000-11-08,15.75,15.75,15.75,15.75,6.982804298400879,1100
2000-11-09,15.5,15.5,15.5,15.5,6.871966361999512,1000
2000-11-10,15.5,15.5,15.5,15.5,6.871966361999512,0
2000-11-13,15.5,15.75,15.5,15.75,6.982804298400879,200
2000-11-14,15.75,15.75,15.75,15.75,6.982804298400879,1100
2000-11-15,15.75,15.75,15.75,15.75,6.982804298400879,0
2000-11-16,15.75,15.75,15.75,15.75,6.982804298400879,0
2000-11-17,15.75,15.75,15.75,15.75,6.982804298400879,0
2000-11-20,15.75,15.75,15.75,15.75,6.982804298400879,0
2000-11-21,15.5,15.5,15.5,15.5,6.871966361999512,3400
2000-11-22,15.75,15.75,15.625,15.75,6.982804298400879,6200
2000-11-24,15.75,15.75,15.75,15.75,6.982804298400879,0
2000-11-27,15.625,15.625,15.625,15.625,6.927387714385986,400
2000-11-28,15.625,15.625,15.625,15.625,6.927387714385986,0
2000-11-29,15.625,15.625,15.625,15.625,6.927387714385986,3000
2000-11-30,15.625,15.625,15.625,15.625,6.927387714385986,1600
2000-12-01,15.625,15.625,15.625,15.625,6.927387714385986,0
2000-12-04,15.0,15.0,15.0,15.0,6.650290489196777,1600
2000-12-05,15.0,15.5,15.0,15.5,6.871966361999512,11500
2000-12-06,15.5,15.5,15.5,15.5,6.871966361999512,0
2000-12-07,15.5,15.5,15.5,15.5,6.871966361999512,0
2000-12-08,15.5,15.5,15.5,15.5,6.871966361999512,1000
2000-12-11,15.5,15.5,15.5,15.5,6.871966361999512,0
2000-12-12,15.25,15.5,15.0,15.5,6.871966361999512,500
2000-12-13,15.3125,15.3125,15.3125,15.3125,6.850718975067139,0
2000-12-14,15.3125,15.3125,15.3125,15.3125,6.850718975067139,0
2000-12-15,15.75,15.75,15.75,15.75,7.046450614929199,500
2000-12-18,15.75,16.0,15.75,16.0,7.158297538757324,300
2000-12-19,15.5,15.75,15.5,15.75,7.046450614929199,800
2000-12-20,15.5,15.5,15.0,15.0,6.710907459259033,500
2000-12-21,15.0,15.0,15.0,15.0,6.710907459259033,600
2000-12-22,15.75,15.75,15.75,15.75,7.046450614929199,100
2000-12-26,15.75,15.75,15.75,15.75,7.046450614929199,0
2000-12-27,15.75,15.75,15.75,15.75,7.046450614929199,0
2000-12-28,15.0,15.0,14.546875,14.546875,6.508182048797607,800
2000-12-29,15.0,15.75,14.5,14.5,6.487208366394043,3000
2001-01-02,15.75,16.5,15.75,15.75,7.046450614929199,5600
2001-01-03,15.75,15.75,15.25,15.25,6.82275390625,400
2001-01-04,15.25,15.25,15.125,15.25,6.82275390625,3900
2001-01-05,15.25,15.75,15.25,15.75,7.046450614929199,1100
2001-01-08,15.75,15.75,15.75,15.75,7.046450614929199,0
2001-01-09,15.75,15.75,15.75,15.75,7.046450614929199,0
2001-01-10,15.75,15.75,15.625,15.625,6.990528583526611,7000
2001-01-11,15.5,15.5,15.0,15.0,6.710907459259033,1000
2001-01-12,15.0,15.0,15.0,15.0,6.710907459259033,0
2001-01-16,14.5,14.5,14.5,14.5,6.487208366394043,100
2001-01-17,15.25,15.25,15.25,15.25,6.82275390625,100
2001-01-18,15.25,15.25,15.25,15.25,6.82275390625,0
2001-01-19,14.5,14.75,14.0,14.5,6.487208366394043,2000
2001-01-22,14.5,14.5,14.5,14.5,6.487208366394043,0
2001-01-23,14.5,14.5,14.5,14.5,6.487208366394043,0
2001-01-24,14.5,14.5,14.5,14.5,6.487208366394043,200
2001-01-25,14.5,14.5,14.5,14.5,6.487208366394043,0
2001-01-26,15.375,15.5,15.375,15.5,6.934603691101074,2900
2001-01-29,15.5,15.5,15.5,15.5,6.934603691101074,100
2001-01-30,15.75,15.75,15.375,15.375,6.878678321838379,10600
2001-01-31,15.5,15.5,15.5,15.5,6.934603691101074,3500
2001-02-01,16.25,16.25,16.25,16.25,7.270149230957031,100
2001-02-02,16.25,16.25,16.25,16.25,7.270149230957031,0
2001-02-05,16.25,16.25,16.25,16.25,7.270149230957031,0
2001-02-06,16.25,16.25,16.25,16.25,7.270149230957031,0
2001-02-07,16.25,16.25,16.25,16.25,7.270149230957031,0
2001-02-08,15.5,15.5,15.5,15.5,6.934603691101074,3000
2001-02-09,15.5,15.5,15.5,15.5,6.934603691101074,300
2001-02-12,15.5,15.5,15.5,15.5,6.934603691101074,0
2001-02-13,15.5,15.5,15.5,15.5,6.934603691101074,0
2001-02-14,15.5,15.5,15.5,15.5,6.934603691101074,0
2001-02-15,15.5,15.5,15.5,15.5,6.934603691101074,0
2001-02-16,15.25,15.25,15.25,15.25,6.82275390625,300
2001-02-20,15.0,15.0,15.0,15.0,6.710907459259033,400
2001-02-21,15.5,15.5,15.5,15.5,6.934603691101074,3100
2001-02-22,15.5,15.5,15.5,15.5,6.934603691101074,0
2001-02-23,15.25,15.25,15.25,15.25,6.82275390625,400
2001-02-26,15.25,15.25,15.25,15.25,6.82275390625,0
2001-02-27,15.5,15.5,15.5,15.5,6.934603691101074,1000
2001-02-28,15.5,15.5,15.25,15.25,6.82275390625,6000
2001-03-01,15.25,15.375,15.25,15.375,6.878678321838379,1700
2001-03-02,15.375,15.375,15.375,15.375,6.878678321838379,0
2001-03-05,15.4375,15.5,15.25,15.25,6.82275390625,4300
2001-03-06,15.4375,15.4375,15.375,15.375,6.878678321838379,2300
2001-03-07,15.375,15.375,15.375,15.375,6.878678321838379,0
2001-03-08,15.375,15.375,15.375,15.375,6.878678321838379,200
2001-03-09,15.25,15.375,14.75,15.375,6.878678321838379,3400
2001-03-12,15.125,15.125,15.125,15.125,6.766833305358887,100
2001-03-13,15.375,15.375,15.125,15.125,6.830048561096191,4500
2001-03-14,15.25,15.25,14.625,14.75,6.660710334777832,5600
2001-03-15,14.75,14.75,14.75,14.75,6.660710334777832,300
2001-03-16,15.125,15.125,15.125,15.125,6.830048561096191,200
2001-03-19,15.125,15.25,15.125,15.25,6.886495113372803,600
2001-03-20,15.25,15.25,15.25,15.25,6.886495113372803,0
2001-03-21,15.25,15.25,15.25,15.25,6.886495113372803,0
2001-03-22,15.25,15.25,15.25,15.25,6.886495113372803,0
2001-03-23,14.75,15.0,14.75,15.0,6.77360200881958,600
2001-03-26,14.75,15.125,14.75,14.75,6.660710334777832,5600
2001-03-27,15.0,15.125,15.0,15.125,6.830048561096191,3200
2001-03-28,15.125,15.25,15.125,15.125,6.830048561096191,1600
2001-03-29,15.25,16.5,15.25,16.5,7.45096492767334,7500
2001-03-30,16.5,16.5,16.5,16.5,7.45096492767334,0
2001-04-02,16.25,17.0,16.25,16.9375,7.648528099060059,5700
2001-04-03,16.9375,16.9375,16.9375,16.9375,7.648528099060059,0
2001-04-04,17.0,17.0,16.6875,16.6875,7.535632610321045,300
2001-04-05,16.75,17.0,16.75,17.0,7.676747798919678,2200
2001-04-06,17.0,17.0,17.0,17.0,7.676747798919678,0
2001-04-09,17.0,17.0,17.0,17.0,7.676747798919678,0
2001-04-10,16.809999465942383,17.100000381469727,16.809999465942383,17.100000381469727,7.721909999847412,3700
2001-04-11,16.950000762939453,17.200000762939453,16.950000762939453,17.200000762939453,7.767066478729248,2100
2001-04-12,16.950000762939453,16.950000762939453,16.950000762939453,16.950000762939453,7.654171943664551,2700
2001-04-16,17.0,17.0,16.950000762939453,16.950000762939453,7.654171943664551,1100
2001-04-17,17.100000381469727,17.100000381469727,17.100000381469727,17.100000381469727,7.721909999847412,200
2001-04-18,17.200000762939453,17.200000762939453,17.200000762939453,17.200000762939453,7.767066478729248,300
2001-04-19,17.200000762939453,17.200000762939453,16.799999237060547,17.0,7.676747798919678,1700
2001-04-20,17.0,17.0,17.0,17.0,7.676747798919678,0
2001-04-23,17.0,17.0,17.0,17.0,7.676747798919678,0
2001-04-24,17.0,17.0,17.0,17.0,7.676747798919678,0
2001-04-25,17.0,17.0,17.0,17.0,7.676747798919678,0
2001-04-26,17.0,17.0,17.0,17.0,7.676747798919678,0
2001-04-27,16.5,16.5,16.450000762939453,16.450000762939453,7.428384304046631,400
2001-04-30,16.450000762939453,16.450000762939453,16.450000762939453,16.450000762939453,7.428384304046631,0
2001-05-01,16.799999237060547,16.799999237060547,16.75,16.75,7.5638580322265625,2800
2001-05-02,16.479999542236328,16.479999542236328,16.479999542236328,16.479999542236328,7.441929340362549,1500
2001-05-03,16.959999084472656,16.959999084472656,16.959999084472656,16.959999084472656,7.65868616104126,200
2001-05-04,16.450000762939453,16.450000762939453,16.450000762939453,16.450000762939453,7.428384304046631,600
2001-05-07,16.450000762939453,16.450000762939453,16.450000762939453,16.450000762939453,7.428384304046631,0
2001-05-08,16.200000762939453,16.200000762939453,16.010000228881836,16.010000228881836,7.229696273803711,400
2001-05-09,16.010000228881836,16.010000228881836,16.010000228881836,16.010000228881836,7.229696273803711,0
2001-05-10,16.010000228881836,16.010000228881836,16.010000228881836,16.010000228881836,7.229696273803711,0
2001-05-11,16.010000228881836,16.010000228881836,16.010000228881836,16.010000228881836,7.229696273803711,0
2001-05-14,16.450000762939453,16.75,16.450000762939453,16.75,7.5638580322265625,1000
2001-05-15,16.75,16.75,16.75,16.75,7.5638580322265625,0
2001-05-16,16.75,16.75,16.75,16.75,7.5638580322265625,0
2001-05-17,16.75,16.75,16.75,16.75,7.5638580322265625,0
2001-05-18,16.75,16.75,16.75,16.75,7.5638580322265625,0
2001-05-21,16.5,16.5,16.5,16.5,7.45096492767334,400
2001-05-22,16.5,16.5,16.5,16.5,7.45096492767334,0
2001-05-23,16.5,16.5,16.5,16.5,7.45096492767334,0
2001-05-24,16.010000228881836,16.010000228881836,16.010000228881836,16.010000228881836,7.229696273803711,100
2001-05-25,16.5,16.5,16.5,16.5,7.45096492767334,200
2001-05-29,16.5,16.5,16.5,16.5,7.45096492767334,0
2001-05-30,16.5,16.5,16.5,16.5,7.45096492767334,0
2001-05-31,16.399999618530273,16.399999618530273,16.399999618530273,16.399999618530273,7.405805587768555,500
2001-06-01,16.5,16.5,16.5,16.5,7.45096492767334,700
2001-06-04,16.010000228881836,16.25,16.010000228881836,16.25,7.338070869445801,600
2001-06-05,16.25,16.25,16.25,16.25,7.338070869445801,0
2001-06-06,16.25,16.25,16.25,16.25,7.338070869445801,0
2001-06-07,16.25,16.25,16.25,16.25,7.338070869445801,0
2001-06-08,16.489999771118164,16.489999771118164,16.489999771118164,16.489999771118164,7.446446895599365,600
2001-06-11,16.25,16.25,16.25,16.25,7.338070869445801,800
2001-06-12,16.25,16.25,16.25,16.25,7.338070869445801,1500
2001-06-13,16.25,16.25,16.25,16.25,7.4018402099609375,100
2001-06-14,16.25,16.25,16.25,16.25,7.4018402099609375,0
2001-06-15,16.290000915527344,16.290000915527344,16.290000915527344,16.290000915527344,7.420057773590088,1000
2001-06-18,16.290000915527344,16.290000915527344,16.290000915527344,16.290000915527344,7.420057773590088,0
2001-06-19,16.299999237060547,16.299999237060547,16.299999237060547,16.299999237060547,7.424615383148193,1100
2001-06-20,16.299999237060547,16.299999237060547,16.299999237060547,16.299999237060547,7.424615383148193,0
2001-06-21,16.479999542236328,16.479999542236328,16.479999542236328,16.479999542236328,7.506604194641113,500
2001-06-22,16.299999237060547,16.299999237060547,16.0,16.049999237060547,7.3107380867004395,1900
2001-06-25,16.049999237060547,16.049999237060547,16.049999237060547,16.049999237060547,7.3107380867004395,0
2001-06-26,16.479999542236328,16.479999542236328,15.899999618530273,15.899999618530273,7.24241828918457,2600
2001-06-27,15.899999618530273,15.899999618530273,15.899999618530273,15.899999618530273,7.24241828918457,0
2001-06-28,16.280000686645508,16.280000686645508,16.280000686645508,16.280000686645508,7.415510654449463,200
2001-06-29,16.280000686645508,16.280000686645508,16.280000686645508,16.280000686645508,7.415510654449463,0
2001-07-02,16.200000762939453,16.25,16.200000762939453,16.25,7.4018402099609375,2900
2001-07-03,16.399999618530273,16.399999618530273,16.399999618530273,16.399999618530273,7.470162868499756,200
2001-07-05,16.479999542236328,16.479999542236328,16.479999542236328,16.479999542236328,7.506604194641113,1000
2001-07-06,16.479999542236328,17.0,16.479999542236328,17.0,7.743462562561035,9400
2001-07-09,16.600000381469727,16.700000762939453,16.600000381469727,16.600000381469727,7.561267852783203,1800
2001-07-10,16.5,16.989999771118164,16.399999618530273,16.989999771118164,7.73891019821167,2700
2001-07-11,16.25,16.25,16.25,16.25,7.4018402099609375,500
2001-07-12,16.25,16.719999313354492,16.25,16.719999313354492,7.615921497344971,500
2001-07-13,16.5,17.25,16.5,17.0,7.743462562561035,22800
2001-07-16,17.399999618530273,17.399999618530273,17.0,17.0,7.743462562561035,7500
2001-07-17,17.290000915527344,17.940000534057617,16.850000381469727,17.940000534057617,8.171631813049316,17700
2001-07-18,17.450000762939453,17.450000762939453,17.0,17.25,7.857335090637207,2800
2001-07-19,17.190000534057617,17.489999771118164,17.190000534057617,17.200000762939453,7.834560871124268,6100
2001-07-20,17.200000762939453,17.5,17.200000762939453,17.299999237060547,7.8801164627075195,800
2001-07-23,17.5,17.850000381469727,17.309999465942383,17.309999465942383,7.88466739654541,5400
2001-07-24,17.649999618530273,17.899999618530273,17.5,17.600000381469727,8.016763687133789,28000
2001-07-25,17.799999237060547,17.799999237060547,17.799999237060547,17.799999237060547,8.107857704162598,200
2001-07-26,17.889999389648438,17.889999389648438,17.600000381469727,17.610000610351562,8.021316528320312,9100
2001-07-27,17.950000762939453,17.950000762939453,17.950000762939453,17.950000762939453,8.176187515258789,100
2001-07-30,17.950000762939453,17.950000762939453,17.700000762939453,17.700000762939453,8.062313079833984,800
2001-07-31,17.700000762939453,18.0,17.559999465942383,18.0,8.198963165283203,22600
2001-08-01,18.0,18.0,17.899999618530273,18.0,8.198963165283203,1200
2001-08-02,18.0,18.0,17.700000762939453,17.700000762939453,8.062313079833984,700
2001-08-03,18.0,18.0,17.700000762939453,17.700000762939453,8.062313079833984,1700
2001-08-06,17.709999084472656,18.0,17.700000762939453,18.0,8.198963165283203,8200
2001-08-07,18.0,18.0,18.0,18.0,8.198963165283203,0
2001-08-08,18.0,18.0,17.75,17.75,8.085087776184082,5000
2001-08-09,17.75,17.75,17.75,17.75,8.085087776184082,0
2001-08-10,18.0,18.0,18.0,18.0,8.198963165283203,100
2001-08-13,18.0,18.0,18.0,18.0,8.198963165283203,0
2001-08-14,17.68000030517578,17.68000030517578,17.68000030517578,17.68000030517578,8.053201675415039,2200
2001-08-15,17.700000762939453,17.700000762939453,17.700000762939453,17.700000762939453,8.062313079833984,100
2001-08-16,17.799999237060547,17.799999237060547,17.799999237060547,17.799999237060547,8.107857704162598,200
2001-08-17,17.799999237060547,17.799999237060547,17.799999237060547,17.799999237060547,8.107857704162598,0
2001-08-20,17.799999237060547,17.799999237060547,17.799999237060547,17.799999237060547,8.107857704162598,200
2001-08-21,17.700000762939453,17.75,17.700000762939453,17.75,8.085087776184082,900
2001-08-22,17.75,17.75,17.75,17.75,8.085087776184082,0
2001-08-23,17.68000030517578,17.799999237060547,17.5,17.75,8.085087776184082,8800
2001-08-24,17.75,17.75,17.700000762939453,17.700000762939453,8.062313079833984,1600
2001-08-27,17.899999618530273,17.899999618530273,17.899999618530273,17.899999618530273,8.153413772583008,1400
2001-08-28,17.899999618530273,17.899999618530273,17.899999618530273,17.899999618530273,8.153413772583008,200
2001-08-29,17.899999618530273,17.899999618530273,17.899999618530273,17.899999618530273,8.153413772583008,200
2001-08-30,17.700000762939453,17.799999237060547,17.700000762939453,17.709999084472656,8.066868782043457,1200
2001-08-31,17.75,17.899999618530273,17.75,17.899999618530273,8.153413772583008,1200
2001-09-04,17.899999618530273,17.899999618530273,17.549999237060547,17.549999237060547,7.993986129760742,500
2001-09-05,17.899999618530273,17.899999618530273,17.899999618530273,17.899999618530273,8.153413772583008,700
2001-09-06,17.899999618530273,17.899999618530273,17.899999618530273,17.899999618530273,8.153413772583008,0
2001-09-07,17.899999618530273,17.899999618530273,17.899999618530273,17.899999618530273,8.153413772583008,0
2001-09-10,17.799999237060547,17.799999237060547,17.799999237060547,17.799999237060547,8.107857704162598,200
2001-09-17,17.899999618530273,18.25,17.899999618530273,18.0,8.198963165283203,5700
2001-09-18,18.0,18.260000228881836,17.899999618530273,18.0,8.267862319946289,13000
2001-09-19,17.899999618530273,18.260000228881836,17.899999618530273,18.0,8.267862319946289,2700
2001-09-20,18.0,18.0,18.0,18.0,8.267862319946289,400
2001-09-21,17.950000762939453,18.0,17.899999618530273,18.0,8.267862319946289,7700
2001-09-24,17.899999618530273,17.899999618530273,17.899999618530273,17.899999618530273,8.22192668914795,700
2001-09-25,17.899999618530273,17.899999618530273,17.899999618530273,17.899999618530273,8.22192668914795,100
2001-09-26,18.200000762939453,18.200000762939453,18.200000762939453,18.200000762939453,8.35972785949707,900
2001-09-27,18.200000762939453,18.200000762939453,18.200000762939453,18.200000762939453,8.35972785949707,0
2001-09-28,18.200000762939453,18.200000762939453,18.200000762939453,18.200000762939453,8.35972785949707,0
2001-10-01,18.450000762939453,21.0,18.450000762939453,20.5,9.41617202758789,5000
2001-10-02,21.0,21.0,21.0,21.0,9.645834922790527,300
2001-10-03,21.0,21.0,21.0,21.0,9.645834922790527,0
2001-10-04,20.0,20.0,20.0,20.0,9.18651008605957,200
2001-10-05,20.0,20.0,20.0,20.0,9.18651008605957,500
2001-10-08,20.0,21.0,19.75,19.75,9.071680068969727,900
2001-10-09,19.75,19.75,19.75,19.75,9.071680068969727,0
2001-10-10,19.75,19.75,19.75,19.75,9.071680068969727,0
2001-10-11,20.5,20.5,20.5,20.5,9.41617202758789,300
2001-10-12,20.5,20.5,20.5,20.5,9.41617202758789,0
2001-10-15,20.5,20.5,20.5,20.5,9.41617202758789,500
2001-10-16,20.1200008392334,20.1200008392334,19.860000610351562,19.860000610351562,9.12220573425293,900
2001-10-17,21.0,21.0,21.0,21.0,9.645834922790527,200
2001-10-18,21.0,21.0,21.0,21.0,9.645834922790527,0
2001-10-19,21.0,21.0,21.0,21.0,9.645834922790527,0
2001-10-22,21.0,21.0,21.0,21.0,9.645834922790527,0
2001-10-23,21.0,21.0,21.0,21.0,9.645834922790527,0
2001-10-24,20.0,20.0,19.75,19.75,9.071680068969727,200
2001-10-25,19.75,19.75,19.75,19.75,9.071680068969727,0
2001-10-26,19.5,23.0,19.0,20.0,9.18651008605957,8900
2001-10-29,20.110000610351562,20.110000610351562,19.5,19.5,8.956850051879883,1100
2001-10-30,20.25,20.25,20.25,20.25,9.30134391784668,400
2001-10-31,20.25,20.25,20.25,20.25,9.30134391784668,0
2001-11-01,20.3799991607666,20.3799991607666,20.3799991607666,20.3799991607666,9.361054420471191,100
2001-11-02,19.200000762939453,19.200000762939453,19.0,19.0,8.727188110351562,2000
2001-11-05,19.25,19.25,19.25,19.25,8.842015266418457,1700
2001-11-06,19.25,19.25,19.25,19.25,8.842015266418457,0
2001-11-07,19.5,19.5,19.5,19.5,8.956850051879883,600
2001-11-08,20.0,20.0,20.0,20.0,9.18651008605957,200
2001-11-09,19.5,19.5,19.5,19.5,8.956850051879883,200
2001-11-12,19.5,19.5,19.5,19.5,8.956850051879883,0
2001-11-13,19.5,19.5,19.5,19.5,8.956850051879883,0
2001-11-14,19.299999237060547,19.299999237060547,19.170000076293945,19.170000076293945,8.805270195007324,1000
2001-11-15,19.0,19.0,19.0,19.0,8.727188110351562,1500
2001-11-16,19.0,19.0,19.0,19.0,8.727188110351562,0
2001-11-19,19.299999237060547,19.299999237060547,19.299999237060547,19.299999237060547,8.864980697631836,200
2001-11-20,19.299999237060547,19.299999237060547,19.299999237060547,19.299999237060547,8.864980697631836,0
2001-11-21,19.299999237060547,19.299999237060547,19.299999237060547,19.299999237060547,8.864980697631836,0
2001-11-23,19.450000762939453,19.450000762939453,19.450000762939453,19.450000762939453,8.933886528015137,1300
2001-11-26,19.459999084472656,19.459999084472656,19.049999237060547,19.049999237060547,8.750151634216309,1700
2001-11-27,19.049999237060547,19.049999237060547,19.049999237060547,19.049999237060547,8.750151634216309,300
2001-11-28,19.049999237060547,19.049999237060547,19.049999237060547,19.049999237060547,8.750151634216309,0
2001-11-29,18.93000030517578,18.940000534057617,18.68000030517578,18.68000030517578,8.580202102661133,900
2001-11-30,18.700000762939453,19.06999969482422,18.700000762939453,19.0,8.727188110351562,2200
2001-12-03,19.1200008392334,19.1200008392334,19.1200008392334,19.1200008392334,8.782307624816895,100
2001-12-04,18.68000030517578,19.0,18.68000030517578,19.0,8.727188110351562,500
2001-12-05,19.0,19.100000381469727,19.0,19.049999237060547,8.750151634216309,5900
2001-12-06,19.049999237060547,19.049999237060547,19.049999237060547,19.049999237060547,8.750151634216309,0
2001-12-07,19.09000015258789,19.100000381469727,19.079999923706055,19.079999923706055,8.763932228088379,700
2001-12-10,19.079999923706055,19.079999923706055,19.079999923706055,19.079999923706055,8.763932228088379,0
2001-12-11,19.079999923706055,19.079999923706055,19.079999923706055,19.079999923706055,8.763932228088379,0
2001-12-12,18.899999618530273,18.899999618530273,18.899999618530273,18.899999618530273,8.750038146972656,3200
2001-12-13,19.0,19.0,19.0,19.0,8.796341896057129,3600
2001-12-14,18.899999618530273,18.899999618530273,18.899999618530273,18.899999618530273,8.750038146972656,100
2001-12-17,19.25,19.25,18.899999618530273,18.899999618530273,8.750038146972656,5100
2001-12-18,19.049999237060547,19.049999237060547,19.049999237060547,19.049999237060547,8.81948471069336,1100
2001-12-19,19.049999237060547,19.049999237060547,19.049999237060547,19.049999237060547,8.81948471069336,0
2001-12-20,19.25,19.25,19.25,19.25,8.912076950073242,100
2001-12-21,19.25,19.25,19.25,19.25,8.912076950073242,0
2001-12-24,18.969999313354492,18.969999313354492,18.969999313354492,18.969999313354492,8.782447814941406,400
2001-12-26,18.969999313354492,18.969999313354492,18.969999313354492,18.969999313354492,8.782447814941406,0
2001-12-27,18.969999313354492,18.969999313354492,18.969999313354492,18.969999313354492,8.782447814941406,0
2001-12-28,19.600000381469727,19.600000381469727,19.600000381469727,19.600000381469727,9.074116706848145,700
2001-12-31,19.75,20.0,19.75,20.0,9.259303092956543,1000
2002-01-02,19.079999923706055,19.079999923706055,19.079999923706055,19.079999923706055,8.833377838134766,200
2002-01-03,19.600000381469727,19.600000381469727,19.5,19.5,9.027819633483887,800
2002-01-04,19.75,20.200000762939453,19.200000762939453,20.18000030517578,9.342635154724121,7700
2002-01-07,20.5,20.799999237060547,20.5,20.799999237060547,9.629676818847656,600
2002-01-08,20.75,21.0,19.75,19.75,9.143561363220215,4200
2002-01-09,19.75,19.75,19.75,19.75,9.143561363220215,0
2002-01-10,20.899999618530273,20.899999618530273,20.0,20.0,9.259303092956543,3300
2002-01-11,20.0,20.0,20.0,20.0,9.259303092956543,0
2002-01-14,20.010000228881836,20.010000228881836,20.010000228881836,20.010000228881836,9.263932228088379,300
2002-01-15,20.010000228881836,20.010000228881836,20.010000228881836,20.010000228881836,9.263932228088379,0
2002-01-16,20.010000228881836,20.010000228881836,20.010000228881836,20.010000228881836,9.263932228088379,200
2002-01-17,21.200000762939453,21.200000762939453,21.200000762939453,21.200000762939453,9.814863204956055,100
2002-01-18,21.200000762939453,21.5,20.110000610351562,20.110000610351562,9.310233116149902,1000
2002-01-22,20.25,20.25,20.25,20.25,9.37504768371582,1200
2002-01-23,20.1200008392334,20.1200008392334,19.649999618530273,19.75,9.143561363220215,8500
2002-01-24,19.850000381469727,20.100000381469727,19.850000381469727,20.100000381469727,9.30560302734375,3000
2002-01-25,20.100000381469727,20.100000381469727,20.100000381469727,20.100000381469727,9.30560302734375,0
2002-01-28,19.649999618530273,19.65999984741211,19.649999618530273,19.65999984741211,9.101895332336426,400
2002-01-29,19.649999618530273,19.75,19.649999618530273,19.75,9.143561363220215,700
2002-01-30,19.6200008392334,19.6200008392334,19.6200008392334,19.6200008392334,9.083374977111816,400
2002-01-31,19.700000762939453,20.75,19.700000762939453,20.75,9.606529235839844,12000
2002-02-01,20.690000534057617,20.690000534057617,20.0,20.0,9.259303092956543,1600
2002-02-04,20.0,20.0,19.0,19.0,8.796341896057129,15400
2002-02-05,19.649999618530273,20.0,19.649999618530273,20.0,9.259303092956543,400
2002-02-06,19.100000381469727,19.790000915527344,19.100000381469727,19.790000915527344,9.162078857421875,1300
2002-02-07,19.5,19.5,19.5,19.5,9.027819633483887,300
2002-02-08,19.75,19.75,19.5,19.5,9.027819633483887,4500
2002-02-11,19.5,19.5,19.5,19.5,9.027819633483887,300
2002-02-12,20.149999618530273,20.149999618530273,19.5,19.5,9.027819633483887,1900
2002-02-13,20.0,20.0,19.5,20.0,9.259303092956543,600
2002-02-14,20.0,20.0,20.0,20.0,9.259303092956543,0
2002-02-15,20.0,20.0,19.700000762939453,19.700000762939453,9.120415687561035,1100
2002-02-19,19.700000762939453,19.700000762939453,19.700000762939453,19.700000762939453,9.120415687561035,0
2002-02-20,19.700000762939453,19.700000762939453,19.700000762939453,19.700000762939453,9.120415687561035,100
2002-02-21,20.0,20.0,20.0,20.0,9.259303092956543,5000
2002-02-22,20.0,20.010000228881836,20.0,20.010000228881836,9.263932228088379,600
2002-02-25,20.049999237060547,20.399999618530273,20.049999237060547,20.399999618530273,9.444487571716309,600
2002-02-26,20.209999084472656,20.209999084472656,20.200000762939453,20.200000762939453,9.35189437866211,800
2002-02-27,20.200000762939453,20.399999618530273,20.200000762939453,20.399999618530273,9.444487571716309,1000
2002-02-28,20.399999618530273,20.639999389648438,20.360000610351562,20.639999389648438,9.555602073669434,1900
2002-03-01,20.5,20.670000076293945,20.5,20.670000076293945,9.56949520111084,600
2002-03-04,20.639999389648438,20.649999618530273,20.639999389648438,20.649999618530273,9.560226440429688,400
2002-03-05,20.8700008392334,21.0,20.8700008392334,21.0,9.722270965576172,300
2002-03-06,21.0,21.0,21.0,21.0,9.722270965576172,0
2002-03-07,20.899999618530273,21.0,20.899999618530273,21.0,9.722270965576172,600
2002-03-08,20.799999237060547,20.799999237060547,20.799999237060547,20.799999237060547,9.629676818847656,100
2002-03-11,20.799999237060547,21.0,20.799999237060547,21.0,9.722270965576172,400
2002-03-12,21.0,21.0,20.899999618530273,21.0,9.722270965576172,2100
2002-03-13,21.0,21.0,21.0,21.0,9.792214393615723,200
2002-03-14,21.09000015258789,21.25,21.09000015258789,21.25,9.90878677368164,800
2002-03-15,21.149999618530273,21.149999618530273,21.149999618530273,21.149999618530273,9.86215877532959,1400
2002-03-18,21.149999618530273,21.149999618530273,21.149999618530273,21.149999618530273,9.86215877532959,0
2002-03-19,21.350000381469727,21.350000381469727,21.350000381469727,21.350000381469727,9.955421447753906,100
2002-03-20,21.049999237060547,21.049999237060547,21.049999237060547,21.049999237060547,9.815528869628906,300
2002-03-21,21.049999237060547,21.049999237060547,21.049999237060547,21.049999237060547,9.815528869628906,0
2002-03-22,21.420000076293945,21.75,21.420000076293945,21.75,10.141939163208008,500
2002-03-25,21.75,21.75,21.75,21.75,10.141939163208008,0
2002-03-26,21.0,21.0,21.0,21.0,9.792214393615723,4000
2002-03-27,21.549999237060547,21.549999237060547,21.549999237060547,21.549999237060547,10.048675537109375,700
2002-03-28,22.0,22.0,22.0,22.0,10.258511543273926,100
2002-04-01,22.0,22.0,21.75,21.75,10.141939163208008,1000
2002-04-02,21.799999237060547,21.979999542236328,21.799999237060547,21.979999542236328,10.249191284179688,700
2002-04-03,22.049999237060547,22.649999618530273,22.049999237060547,22.649999618530273,10.561604499816895,1000
2002-04-04,22.649999618530273,23.520000457763672,22.649999618530273,23.520000457763672,10.967281341552734,2700
2002-04-05,23.719999313354492,24.920000076293945,23.350000381469727,24.739999771118164,11.53615951538086,7000
2002-04-08,24.75,24.75,24.200000762939453,24.200000762939453,11.284358978271484,4000
2002-04-09,24.399999618530273,24.399999618530273,24.399999618530273,24.399999618530273,11.377625465393066,300
2002-04-10,24.5,25.25,24.5,25.25,11.773974418640137,900
2002-04-11,25.25,25.25,24.399999618530273,24.399999618530273,11.377625465393066,1800
2002-04-12,24.5,25.25,24.399999618530273,24.399999618530273,11.377625465393066,2400
2002-04-15,24.399999618530273,24.399999618530273,24.399999618530273,24.399999618530273,11.377625465393066,0
2002-04-16,25.239999771118164,25.25,24.399999618530273,25.25,11.773974418640137,800
2002-04-17,24.399999618530273,25.0,24.0,24.25,11.30767822265625,11000
2002-04-18,23.93000030517578,23.93000030517578,23.399999618530273,23.75,11.0745267868042,1500
2002-04-19,23.75,23.75,23.5,23.5,10.957950592041016,1000
2002-04-22,23.540000915527344,23.549999237060547,23.540000915527344,23.549999237060547,10.981268882751465,700
2002-04-23,23.350000381469727,23.350000381469727,23.049999237060547,23.049999237060547,10.748116493225098,900
2002-04-24,23.149999618530273,23.389999389648438,23.149999618530273,23.299999237060547,10.864700317382812,900
2002-04-25,23.200000762939453,23.299999237060547,23.200000762939453,23.299999237060547,10.864700317382812,400
2002-04-26,23.049999237060547,23.049999237060547,22.75,23.0,10.724807739257812,900
2002-04-29,23.0,23.0,23.0,23.0,10.724807739257812,400
2002-04-30,22.75,22.75,22.5,22.56999969482422,10.524296760559082,1400
2002-05-01,22.40999984741211,22.40999984741211,22.0,22.31999969482422,10.407721519470215,2100
2002-05-02,21.950000762939453,21.950000762939453,21.950000762939453,21.950000762939453,10.23519515991211,800
2002-05-03,22.420000076293945,22.420000076293945,22.0,22.0,10.258511543273926,1600
2002-05-06,22.40999984741211,22.75,22.40999984741211,22.739999771118164,10.603567123413086,2200
2002-05-07,22.610000610351562,22.6200008392334,22.610000610351562,22.6200008392334,10.547614097595215,300
2002-05-08,22.6299991607666,22.6299991607666,22.5,22.6299991607666,10.552273750305176,1400
2002-05-09,22.399999618530273,22.399999618530273,22.0,22.0,10.258511543273926,300
2002-05-10,22.0,22.0,22.0,22.0,10.258511543273926,0
2002-05-13,22.75,22.75,22.739999771118164,22.739999771118164,10.603567123413086,1100
2002-05-14,22.739999771118164,22.739999771118164,22.739999771118164,22.739999771118164,10.603567123413086,0
2002-05-15,22.739999771118164,22.739999771118164,22.739999771118164,22.739999771118164,10.603567123413086,0
2002-05-16,22.75,22.75,22.520000457763672,22.520000457763672,10.500985145568848,700
2002-05-17,22.5,22.5,22.5,22.5,10.491659164428711,1000
2002-05-20,22.600000381469727,22.600000381469727,22.600000381469727,22.600000381469727,10.538290977478027,200
2002-05-21,23.06999969482422,23.489999771118164,23.0,23.489999771118164,10.953290939331055,1800
2002-05-22,23.100000381469727,23.100000381469727,23.100000381469727,23.100000381469727,10.771437644958496,100
2002-05-23,23.100000381469727,23.100000381469727,23.100000381469727,23.100000381469727,10.771437644958496,0
2002-05-24,23.649999618530273,23.649999618530273,23.649999618530273,23.649999618530273,11.027897834777832,400
2002-05-28,23.0,23.0,23.0,23.0,10.724807739257812,2300
2002-05-29,23.290000915527344,23.290000915527344,23.290000915527344,23.290000915527344,10.860037803649902,300
2002-05-30,23.440000534057617,23.450000762939453,23.440000534057617,23.440000534057617,10.929976463317871,700
2002-05-31,23.0,23.5,23.0,23.5,10.957950592041016,1900
2002-06-03,23.5,23.5,23.25,23.25,10.841382026672363,3500
2002-06-04,23.0,23.0,23.0,23.0,10.724807739257812,100
2002-06-05,23.0,23.0,23.0,23.0,10.724807739257812,0
2002-06-06,23.489999771118164,23.5,23.399999618530273,23.399999618530273,10.911325454711914,900
2002-06-07,23.0,23.0,23.0,23.0,10.724807739257812,200
2002-06-10,23.5,23.600000381469727,23.100000381469727,23.100000381469727,10.771437644958496,2600
2002-06-11,23.3700008392334,23.3700008392334,23.0,23.0,10.724807739257812,800
2002-06-12,23.0,23.290000915527344,23.0,23.290000915527344,10.860037803649902,1800
2002-06-13,23.139999389648438,23.139999389648438,23.139999389648438,23.139999389648438,10.860027313232422,0
2002-06-14,23.139999389648438,23.139999389648438,23.139999389648438,23.139999389648438,10.860027313232422,0
2002-06-17,23.139999389648438,23.139999389648438,23.139999389648438,23.139999389648438,10.860027313232422,0
2002-06-18,22.899999618530273,22.899999618530273,22.0,22.0,10.325007438659668,6400
2002-06-19,21.989999771118164,22.0,21.989999771118164,22.0,10.325007438659668,300
2002-06-20,21.8799991607666,21.8799991607666,21.8799991607666,21.8799991607666,10.26869010925293,100
2002-06-21,21.889999389648438,22.0,21.649999618530273,21.649999618530273,10.160748481750488,6000
2002-06-24,21.639999389648438,21.639999389648438,21.25,21.25,9.97301959991455,1700
2002-06-25,21.25,21.25,21.25,21.25,9.97301959991455,0
2002-06-26,21.25,21.25,21.25,21.25,9.97301959991455,0
2002-06-27,21.25,21.25,21.25,21.25,9.97301959991455,0
2002-06-28,21.100000381469727,21.549999237060547,20.81999969482422,21.239999771118164,9.968327522277832,2300
2002-07-01,21.25,21.489999771118164,21.010000228881836,21.25,9.97301959991455,8000
2002-07-02,20.780000686645508,20.780000686645508,20.780000686645508,20.780000686645508,9.75243854522705,200
2002-07-03,20.75,20.989999771118164,20.75,20.989999771118164,9.85099983215332,400
2002-07-05,20.989999771118164,21.0,20.5,20.5,9.621027946472168,500
2002-07-08,21.229999542236328,21.229999542236328,21.229999542236328,21.229999542236328,9.96363353729248,100
2002-07-09,21.5,21.5,21.06999969482422,21.239999771118164,9.968327522277832,5400
2002-07-10,21.239999771118164,21.239999771118164,20.600000381469727,21.229999542236328,9.96363353729248,300
2002-07-11,20.510000228881836,20.600000381469727,20.510000228881836,20.600000381469727,9.667962074279785,2600
2002-07-12,21.149999618530273,21.239999771118164,21.0,21.0,9.855690956115723,800
2002-07-15,20.989999771118164,21.200000762939453,20.600000381469727,20.600000381469727,9.667962074279785,3900
2002-07-16,20.600000381469727,20.600000381469727,20.600000381469727,20.600000381469727,9.667962074279785,0
2002-07-17,20.600000381469727,20.600000381469727,20.600000381469727,20.600000381469727,9.667962074279785,0
2002-07-18,20.010000228881836,21.0,20.010000228881836,20.75,9.738361358642578,2400
2002-07-19,20.75,20.75,20.5,20.5,9.621027946472168,1100
2002-07-22,20.5,20.5,20.5,20.5,9.621027946472168,200
2002-07-23,20.989999771118164,21.0,20.25,20.25,9.503703117370605,2200
2002-07-24,20.0,20.0,19.920000076293945,19.920000076293945,9.34882640838623,1200
2002-07-25,20.649999618530273,20.649999618530273,20.649999618530273,20.649999618530273,9.691424369812012,400
2002-07-26,20.649999618530273,20.649999618530273,20.649999618530273,20.649999618530273,9.691424369812012,0
2002-07-29,20.489999771118164,20.5,20.489999771118164,20.5,9.621027946472168,400
2002-07-30,20.15999984741211,21.0,20.15999984741211,21.0,9.855690956115723,1400
2002-07-31,21.010000228881836,22.200000762939453,21.010000228881836,22.200000762939453,10.418872833251953,3700
2002-08-01,22.010000228881836,22.489999771118164,22.0,22.0,10.325007438659668,2200
2002-08-02,21.75,22.25,21.75,22.020000457763672,10.334392547607422,4100
2002-08-05,22.0,22.0,21.850000381469727,22.0,10.325007438659668,900
2002-08-06,22.0,22.75,22.0,22.700000762939453,10.653532981872559,5000
2002-08-07,22.799999237060547,22.940000534057617,22.75,22.75,10.676994323730469,2500
2002-08-08,22.75,23.149999618530273,22.649999618530273,23.100000381469727,10.841261863708496,1100
2002-08-09,23.25,23.81999969482422,23.25,23.549999237060547,11.05245304107666,4800
2002-08-12,23.559999465942383,23.559999465942383,22.559999465942383,22.559999465942383,10.5878267288208,1100
2002-08-13,23.899999618530273,24.0,23.65999984741211,23.950000762939453,11.240177154541016,800
2002-08-14,23.690000534057617,23.690000534057617,23.690000534057617,23.690000534057617,11.118156433105469,400
2002-08-15,23.059999465942383,23.059999465942383,23.059999465942383,23.059999465942383,10.822484016418457,500
2002-08-16,23.700000762939453,23.700000762939453,23.600000381469727,23.700000762939453,11.122848510742188,1600
2002-08-19,23.700000762939453,23.700000762939453,23.700000762939453,23.700000762939453,11.122848510742188,0
2002-08-20,23.6200008392334,23.700000762939453,23.6200008392334,23.700000762939453,11.122848510742188,300
2002-08-21,23.610000610351562,23.610000610351562,23.5,23.600000381469727,11.075920104980469,1000
2002-08-22,23.600000381469727,23.600000381469727,23.600000381469727,23.600000381469727,11.075920104980469,0
2002-08-23,23.600000381469727,23.600000381469727,23.479999542236328,23.479999542236328,11.019598960876465,2300
2002-08-26,23.1200008392334,23.1200008392334,23.1200008392334,23.1200008392334,10.850645065307617,300
2002-08-27,23.1299991607666,23.1299991607666,23.1299991607666,23.1299991607666,10.855337142944336,400
2002-08-28,23.059999465942383,23.059999465942383,23.049999237060547,23.059999465942383,10.822484016418457,600
2002-08-29,23.059999465942383,23.100000381469727,22.8799991607666,22.899999618530273,10.747393608093262,1400
2002-08-30,22.889999389648438,22.889999389648438,22.549999237060547,22.889999389648438,10.742700576782227,1500
2002-09-03,22.549999237060547,22.889999389648438,21.0,22.889999389648438,10.742700576782227,2500
2002-09-04,22.700000762939453,23.700000762939453,22.0,22.889999389648438,10.742700576782227,1300
2002-09-05,22.889999389648438,22.889999389648438,22.889999389648438,22.889999389648438,10.742700576782227,0
2002-09-06,23.0,23.0,21.75,21.75,10.207683563232422,1600
2002-09-09,21.75,21.75,21.75,21.75,10.207683563232422,0
2002-09-10,21.600000381469727,21.600000381469727,21.600000381469727,21.600000381469727,10.13727855682373,200
2002-09-11,22.489999771118164,22.489999771118164,22.0,22.489999771118164,10.554971694946289,1700
2002-09-12,22.010000228881836,22.010000228881836,22.0,22.0,10.398987770080566,600
2002-09-13,22.0,22.0,22.0,22.0,10.398987770080566,0
2002-09-16,22.0,22.0,22.0,22.0,10.398987770080566,100
2002-09-17,22.469999313354492,22.469999313354492,22.469999313354492,22.469999313354492,10.621146202087402,200
2002-09-18,22.0,22.479999542236328,22.0,22.479999542236328,10.625872611999512,400
2002-09-19,22.0,22.0,22.0,22.0,10.398987770080566,400
2002-09-20,22.0,22.0,22.0,22.0,10.398987770080566,0
2002-09-23,22.469999313354492,22.469999313354492,22.469999313354492,22.469999313354492,10.621146202087402,100
2002-09-24,22.010000228881836,22.489999771118164,22.0,22.489999771118164,10.630599021911621,1200
2002-09-25,22.489999771118164,22.5,22.239999771118164,22.239999771118164,10.512428283691406,2800
2002-09-26,22.25,22.25,22.25,22.25,10.517159461975098,400
2002-09-27,21.530000686645508,21.530000686645508,21.530000686645508,21.530000686645508,10.176828384399414,500
2002-09-30,22.489999771118164,22.489999771118164,22.489999771118164,22.489999771118164,10.630599021911621,100
2002-10-01,22.489999771118164,23.0,22.489999771118164,23.0,10.871671676635742,3100
2002-10-02,21.549999237060547,21.549999237060547,21.549999237060547,21.549999237060547,10.186286926269531,700
2002-10-03,21.549999237060547,21.549999237060547,21.549999237060547,21.549999237060547,10.186286926269531,900
2002-10-04,22.489999771118164,22.489999771118164,22.489999771118164,22.489999771118164,10.630599021911621,100
2002-10-07,22.479999542236328,22.479999542236328,21.600000381469727,21.600000381469727,10.20991325378418,1400
2002-10-08,21.600000381469727,22.5,21.600000381469727,22.5,10.635334014892578,3300
2002-10-09,22.479999542236328,22.479999542236328,22.479999542236328,22.479999542236328,10.625872611999512,100
2002-10-10,22.489999771118164,22.489999771118164,22.489999771118164,22.489999771118164,10.630599021911621,200
2002-10-11,21.6200008392334,22.06999969482422,21.6200008392334,22.06999969482422,10.432077407836914,300
2002-10-14,22.06999969482422,22.06999969482422,22.06999969482422,22.06999969482422,10.432077407836914,0
2002-10-15,22.06999969482422,22.06999969482422,22.06999969482422,22.06999969482422,10.432077407836914,0
2002-10-16,22.06999969482422,22.06999969482422,22.06999969482422,22.06999969482422,10.432077407836914,0
2002-10-17,21.899999618530273,22.489999771118164,21.899999618530273,22.489999771118164,10.630599021911621,300
2002-10-18,22.489999771118164,22.489999771118164,22.489999771118164,22.489999771118164,10.630599021911621,0
2002-10-21,22.469999313354492,23.0,22.469999313354492,23.0,10.871671676635742,2100
2002-10-22,22.979999542236328,23.25,22.489999771118164,22.489999771118164,10.630599021911621,2800
2002-10-23,22.489999771118164,22.489999771118164,21.899999618530273,21.899999618530273,10.351716995239258,300
2002-10-24,21.899999618530273,21.899999618530273,21.899999618530273,21.899999618530273,10.351716995239258,0
2002-10-25,22.25,22.25,21.75,22.100000381469727,10.446256637573242,4400
2002-10-28,22.100000381469727,22.100000381469727,22.100000381469727,22.100000381469727,10.446256637573242,0
2002-10-29,22.0,22.0,22.0,22.0,10.398987770080566,200
2002-10-30,22.0,22.0,22.0,22.0,10.398987770080566,0
2002-10-31,22.780000686645508,22.780000686645508,22.780000686645508,22.780000686645508,10.767680168151855,100
2002-11-01,22.739999771118164,22.739999771118164,22.739999771118164,22.739999771118164,10.748771667480469,300
2002-11-04,22.739999771118164,22.75,22.739999771118164,22.75,10.753500938415527,300
2002-11-05,22.760000228881836,22.760000228881836,22.760000228881836,22.760000228881836,10.758224487304688,400
2002-11-06,22.75,22.75,22.75,22.75,10.753500938415527,300
2002-11-07,22.75,22.75,22.75,22.75,10.753500938415527,0
2002-11-08,22.75,22.75,22.75,22.75,10.753500938415527,0
2002-11-11,22.420000076293945,22.43000030517578,22.420000076293945,22.43000030517578,10.602241516113281,300
2002-11-12,22.649999618530273,22.670000076293945,22.649999618530273,22.670000076293945,10.71568775177002,200
2002-11-13,23.0,23.0,22.760000228881836,22.760000228881836,10.758224487304688,600
2002-11-14,22.75,22.75,22.75,22.75,10.753500938415527,1100
2002-11-15,22.75,22.75,22.75,22.75,10.753500938415527,0
2002-11-18,22.989999771118164,23.0,22.75,22.75,10.753500938415527,1500
2002-11-19,23.0,23.0,22.75,22.75,10.753500938415527,2900
2002-11-20,22.75,22.75,22.75,22.75,10.753500938415527,0
2002-11-21,22.75,22.75,22.75,22.75,10.753500938415527,0
2002-11-22,23.0,23.0,23.0,23.0,10.871671676635742,100
2002-11-25,22.780000686645508,22.780000686645508,22.780000686645508,22.780000686645508,10.767680168151855,100
2002-11-26,23.0,23.0,23.0,23.0,10.871671676635742,100
2002-11-27,22.75,22.75,22.75,22.75,10.753500938415527,1500
2002-11-29,23.059999465942383,23.25,23.059999465942383,23.25,10.989845275878906,200
2002-12-02,22.75,23.270000457763672,22.75,23.270000457763672,10.999299049377441,1900
2002-12-03,23.31999969482422,23.549999237060547,23.149999618530273,23.149999618530273,10.942571640014648,2800
2002-12-04,23.0,23.0,22.950000762939453,22.950000762939453,10.848041534423828,500
2002-12-05,23.0,23.149999618530273,23.0,23.149999618530273,10.942571640014648,3000
2002-12-06,23.25,23.850000381469727,23.25,23.829999923706055,11.263997077941895,2500
2002-12-09,23.989999771118164,23.989999771118164,23.5,23.5,11.10800838470459,2800
2002-12-10,23.5,23.5,23.5,23.5,11.10800838470459,0
2002-12-11,23.700000762939453,23.700000762939453,23.700000762939453,23.700000762939453,11.202548027038574,1000
2002-12-12,23.989999771118164,24.799999237060547,23.979999542236328,24.75,11.77838134765625,4400
2002-12-13,24.75,24.799999237060547,24.75,24.799999237060547,11.802176475524902,1100
2002-12-16,24.899999618530273,25.510000228881836,24.75,25.0,11.897358894348145,10700
2002-12-17,25.0,25.479999542236328,24.989999771118164,24.989999771118164,11.892595291137695,2000
2002-12-18,25.0,25.049999237060547,24.989999771118164,24.989999771118164,11.892595291137695,500
2002-12-19,24.950000762939453,24.950000762939453,24.950000762939453,24.950000762939453,11.873557090759277,100
2002-12-20,25.0,25.0,24.600000381469727,24.940000534057617,11.868803977966309,1600
2002-12-23,24.969999313354492,24.979999542236328,24.969999313354492,24.969999313354492,11.883075714111328,300
2002-12-24,25.0,25.0,25.0,25.0,11.897358894348145,4000
2002-12-26,24.979999542236328,25.0,24.979999542236328,25.0,11.897358894348145,4200
2002-12-27,25.010000228881836,25.010000228881836,24.8700008392334,24.8700008392334,11.835489273071289,300
2002-12-30,24.6299991607666,24.6299991607666,24.5,24.5,11.659405708312988,1300
2002-12-31,24.649999618530273,24.649999618530273,24.649999618530273,24.649999618530273,11.730788230895996,200
2003-01-02,24.790000915527344,25.1200008392334,24.790000915527344,25.1200008392334,11.95445728302002,400
2003-01-03,25.200000762939453,25.5,25.200000762939453,25.469999313354492,12.121024131774902,3500
2003-01-06,25.229999542236328,25.260000228881836,25.229999542236328,25.260000228881836,12.021085739135742,400
2003-01-07,25.15999984741211,25.15999984741211,25.09000015258789,25.100000381469727,11.944947242736816,1000
2003-01-08,25.010000228881836,25.209999084472656,25.010000228881836,25.209999084472656,11.997291564941406,300
2003-01-09,25.420000076293945,25.600000381469727,25.3799991607666,25.3799991607666,12.078194618225098,1200
2003-01-10,25.489999771118164,25.510000228881836,25.489999771118164,25.5,12.135306358337402,800
2003-01-13,25.479999542236328,25.489999771118164,25.34000015258789,25.350000381469727,12.06391429901123,800
2003-01-14,25.489999771118164,25.489999771118164,24.979999542236328,25.260000228881836,12.021085739135742,1300
2003-01-15,25.260000228881836,25.260000228881836,25.260000228881836,25.260000228881836,12.021085739135742,0
2003-01-16,25.299999237060547,25.5,25.299999237060547,25.5,12.135306358337402,1200
2003-01-17,25.649999618530273,25.649999618530273,25.649999618530273,25.649999618530273,12.206685066223145,200
2003-01-21,25.649999618530273,25.649999618530273,25.649999618530273,25.649999618530273,12.206685066223145,0
2003-01-22,25.649999618530273,25.649999618530273,25.649999618530273,25.649999618530273,12.206685066223145,300
2003-01-23,25.649999618530273,25.649999618530273,25.649999618530273,25.649999618530273,12.206685066223145,0
2003-01-24,25.649999618530273,25.649999618530273,25.649999618530273,25.649999618530273,12.206685066223145,0
2003-01-27,25.280000686645508,25.280000686645508,25.280000686645508,25.280000686645508,12.030607223510742,300
2003-01-28,25.280000686645508,26.09000015258789,25.149999618530273,25.940000534057617,12.344698905944824,3700
2003-01-29,25.940000534057617,27.75,25.940000534057617,27.280000686645508,12.982393264770508,3700
2003-01-30,27.290000915527344,27.290000915527344,26.84000015258789,26.989999771118164,12.844382286071777,2700
2003-01-31,26.989999771118164,27.0,26.09000015258789,26.09000015258789,12.416081428527832,3200
2003-02-03,26.049999237060547,26.700000762939453,26.049999237060547,26.700000762939453,12.706375122070312,6200
2003-02-04,27.149999618530273,27.459999084472656,26.75,27.0,12.849146842956543,3000
2003-02-05,27.469999313354492,27.469999313354492,27.1200008392334,27.1200008392334,12.90624713897705,1100
2003-02-06,27.350000381469727,27.5,27.350000381469727,27.5,13.087085723876953,900
2003-02-07,27.5,27.75,27.309999465942383,27.610000610351562,13.139437675476074,3700
2003-02-10,27.739999771118164,28.0,27.739999771118164,28.0,13.325037002563477,1400
2003-02-11,27.989999771118164,28.0,27.75,27.75,13.206067085266113,1000
2003-02-12,27.5,27.75,27.489999771118164,27.75,13.206067085266113,1500
2003-02-13,27.75,28.0,27.75,27.770000457763672,13.215580940246582,2200
2003-02-14,27.75,28.0,27.510000228881836,27.790000915527344,13.225103378295898,2300
2003-02-18,28.0,28.25,27.770000457763672,28.25,13.444014549255371,3300
2003-02-19,28.3799991607666,28.3799991607666,28.09000015258789,28.290000915527344,13.463040351867676,1600
2003-02-20,28.399999618530273,28.75,28.25,28.559999465942383,13.591532707214355,3200
2003-02-21,28.75,29.0,28.700000762939453,29.0,13.800924301147461,2500
2003-02-24,29.0,29.81999969482422,28.549999237060547,29.030000686645508,13.815208435058594,15200
2003-02-25,29.5,29.5,29.299999237060547,29.299999237060547,13.943696975708008,800
2003-02-26,29.5,29.75,29.25,29.600000381469727,14.086468696594238,4800
2003-02-27,29.59000015258789,29.59000015258789,28.770000457763672,28.770000457763672,13.691476821899414,1700
2003-02-28,29.139999389648438,29.5,27.799999237060547,29.5,14.038873672485352,3600
2003-03-03,28.670000076293945,29.09000015258789,28.389999389648438,28.600000381469727,13.610576629638672,700
2003-03-04,28.90999984741211,29.399999618530273,28.899999618530273,29.399999618530273,13.991289138793945,1600
2003-03-05,29.200000762939453,29.209999084472656,29.0,29.1299991607666,13.862793922424316,2800
2003-03-06,28.639999389648438,29.200000762939453,28.639999389648438,29.0,13.800924301147461,6900
2003-03-07,28.979999542236328,28.979999542236328,28.639999389648438,28.899999618530273,13.753344535827637,1400
2003-03-10,28.709999084472656,29.200000762939453,28.709999084472656,29.200000762939453,13.896109580993652,3100
2003-03-11,29.190000534057617,29.200000762939453,28.719999313354492,29.0,13.800924301147461,2800
2003-03-12,29.059999465942383,29.059999465942383,29.0,29.0,13.800924301147461,1100
2003-03-13,29.200000762939453,29.200000762939453,28.81999969482422,29.200000762939453,13.973204612731934,1200
2003-03-14,29.5,29.5,29.0,29.489999771118164,14.111980438232422,2200
2003-03-17,29.030000686645508,30.0,29.030000686645508,30.0,14.356033325195312,1800
2003-03-18,29.729999542236328,30.0,29.729999542236328,30.0,14.356033325195312,1600
2003-03-19,30.0,30.0,30.0,30.0,14.356033325195312,1100
2003-03-20,29.860000610351562,29.860000610351562,29.799999237060547,29.799999237060547,14.260322570800781,300
2003-03-21,29.84000015258789,31.799999237060547,29.690000534057617,31.799999237060547,15.217389106750488,8800
2003-03-24,31.739999771118164,31.899999618530273,31.649999618530273,31.670000076293945,15.155184745788574,8000
2003-03-25,31.84000015258789,33.599998474121094,31.799999237060547,33.25,15.911271095275879,14000
2003-03-26,33.20000076293945,33.939998626708984,31.889999389648438,33.939998626708984,16.24146270751953,17100
2003-03-27,33.900001525878906,34.0,31.75,34.0,16.27016830444336,16400
2003-03-28,34.060001373291016,34.060001373291016,31.760000228881836,33.52000045776367,16.04047203063965,14400
2003-03-31,33.77000045776367,34.47999954223633,33.0,34.400001525878906,16.461578369140625,11800
2003-04-01,34.47999954223633,35.18000030517578,34.150001525878906,34.900001525878906,16.700849533081055,16700
2003-04-02,34.5,34.849998474121094,34.279998779296875,34.790000915527344,16.648208618164062,12000
2003-04-03,34.599998474121094,34.900001525878906,33.54999923706055,34.900001525878906,16.700849533081055,12500
2003-04-04,35.0,35.099998474121094,34.61000061035156,34.75,16.62906265258789,17300
2003-04-07,33.20000076293945,35.220001220703125,33.20000076293945,35.220001220703125,16.853979110717773,9500
2003-04-08,34.5,35.25,33.79999923706055,35.220001220703125,16.853979110717773,20600
2003-04-09,34.02000045776367,35.15999984741211,34.02000045776367,35.0,16.74870491027832,21800
2003-04-10,34.9900016784668,35.25,34.4900016784668,35.25,16.86833953857422,5200
2003-04-11,34.900001525878906,35.25,34.65999984741211,35.150001525878906,16.820478439331055,4100
2003-04-14,34.880001068115234,35.189998626708984,34.61000061035156,34.97999954223633,16.739131927490234,2800
2003-04-15,34.75,35.0,33.84000015258789,34.0,16.27016830444336,8000
2003-04-16,34.0,35.29999923706055,34.0,35.0,16.74870491027832,8700
2003-04-17,35.349998474121094,35.75,35.04999923706055,35.75,17.107601165771484,3300
2003-04-21,35.75,36.720001220703125,35.75,36.349998474121094,17.39472198486328,6800
2003-04-22,36.02000045776367,36.349998474121094,35.810001373291016,36.349998474121094,17.39472198486328,2800
2003-04-23,36.349998474121094,37.290000915527344,36.290000915527344,37.290000915527344,17.84454345703125,6400
2003-04-24,36.93000030517578,38.0,36.93000030517578,37.400001525878906,17.897184371948242,10500
2003-04-25,37.400001525878906,38.38999938964844,37.400001525878906,38.38999938964844,18.37093162536621,3800
2003-04-28,38.400001525878906,40.0,38.400001525878906,40.0,19.14137840270996,9500
2003-04-29,39.22999954223633,40.099998474121094,39.22999954223633,39.9900016784668,19.136594772338867,8000
2003-04-30,40.02000045776367,40.02000045776367,39.79999923706055,39.939998626708984,19.1126651763916,5100
2003-05-01,40.0,40.63999938964844,39.97999954223633,40.5,19.380645751953125,8900
2003-05-02,40.5,40.5,39.400001525878906,39.97999954223633,19.131803512573242,4400
2003-05-05,40.0,40.0,39.4900016784668,39.970001220703125,19.12701988220215,2600
2003-05-06,39.790000915527344,40.0,39.380001068115234,39.849998474121094,19.0695858001709,6000
2003-05-07,39.709999084472656,39.84000015258789,39.47999954223633,39.790000915527344,19.04087257385254,11600
2003-05-08,39.790000915527344,42.0,39.790000915527344,41.11000061035156,19.672557830810547,33500
2003-05-09,41.06999969482422,41.95000076293945,41.0,41.209999084472656,19.720399856567383,11400
2003-05-12,41.86000061035156,41.9900016784668,41.11000061035156,41.150001525878906,19.691694259643555,10000
2003-05-13,41.20000076293945,41.849998474121094,40.72999954223633,40.779998779296875,19.514625549316406,8200
2003-05-14,40.79999923706055,40.79999923706055,39.52000045776367,39.599998474121094,18.949960708618164,6800
2003-05-15,40.16999816894531,40.79999923706055,39.68000030517578,40.79999923706055,19.52419090270996,7100
2003-05-16,39.900001525878906,40.18000030517578,38.400001525878906,39.9900016784668,19.136594772338867,10500
2003-05-19,39.16999816894531,39.599998474121094,38.40999984741211,38.70000076293945,18.519283294677734,4900
2003-05-20,38.599998474121094,39.90999984741211,38.599998474121094,39.65999984741211,18.97867202758789,1200
2003-05-21,39.599998474121094,39.599998474121094,38.25,39.060001373291016,18.69154930114746,6900
2003-05-22,39.84000015258789,39.849998474121094,38.310001373291016,38.41999816894531,18.385282516479492,3200
2003-05-23,38.689998626708984,39.36000061035156,38.31999969482422,38.599998474121094,18.471424102783203,4900
2003-05-27,38.810001373291016,39.20000076293945,38.529998779296875,38.529998779296875,18.43793296813965,3000
2003-05-28,38.529998779296875,39.20000076293945,38.529998779296875,38.959999084472656,18.643699645996094,10300
2003-05-29,39.11000061035156,39.97999954223633,38.97999954223633,39.97999954223633,19.131803512573242,1800
2003-05-30,39.25,41.209999084472656,38.529998779296875,40.150001525878906,19.213153839111328,5300
2003-06-02,39.0,41.47999954223633,39.0,39.9900016784668,19.136594772338867,1900
2003-06-03,39.29999923706055,39.650001525878906,38.599998474121094,39.650001525878906,18.973894119262695,1100
2003-06-04,38.54999923706055,39.63999938964844,38.52000045776367,39.220001220703125,18.768110275268555,4700
2003-06-05,39.220001220703125,39.220001220703125,38.54999923706055,39.099998474121094,18.71068000793457,2400
2003-06-06,39.20000076293945,39.27000045776367,38.970001220703125,39.0,18.6628360748291,1300
2003-06-09,39.38999938964844,39.59000015258789,39.15999984741211,39.45000076293945,18.8781795501709,4100
2003-06-10,39.0,40.0,39.0,40.0,19.14137840270996,4800
2003-06-11,40.0,40.5,39.83000183105469,40.0,19.14137840270996,5100
2003-06-12,40.029998779296875,40.790000915527344,39.97999954223633,40.060001373291016,19.256746292114258,3100
2003-06-13,40.88999938964844,41.970001220703125,39.93000030517578,41.68000030517578,20.035465240478516,19900
2003-06-16,40.900001525878906,43.25,40.849998474121094,43.09000015258789,20.713258743286133,19700
2003-06-17,43.0,45.20000076293945,42.52000045776367,44.9900016784668,21.626577377319336,15300
2003-06-18,44.79999923706055,46.040000915527344,44.720001220703125,45.810001373291016,22.0207462310791,16600
2003-06-19,45.18000030517578,46.29999923706055,44.279998779296875,44.540000915527344,21.410253524780273,16200
2003-06-20,45.2400016784668,45.2400016784668,43.630001068115234,43.70000076293945,21.00647735595703,4300
2003-06-23,43.880001068115234,45.2599983215332,43.61000061035156,43.83000183105469,21.0689697265625,9400
2003-06-24,43.52000045776367,45.150001525878906,43.5,44.40999984741211,21.347774505615234,8300
2003-06-25,44.040000915527344,44.310001373291016,41.81999969482422,42.0,20.18929100036621,15800
2003-06-26,41.79999923706055,42.869998931884766,41.79999923706055,42.290000915527344,20.328704833984375,4400
2003-06-27,42.02000045776367,42.130001068115234,37.0,38.779998779296875,18.64145851135254,34600
2003-06-30,38.380001068115234,41.029998779296875,38.31999969482422,39.4900016784668,18.982738494873047,106100
2003-07-01,39.33000183105469,39.70000076293945,37.88999938964844,38.79999923706055,18.651065826416016,19200
2003-07-02,39.630001068115234,39.650001525878906,39.220001220703125,39.220001220703125,18.852951049804688,12200
2003-07-03,39.27000045776367,39.599998474121094,39.22999954223633,39.22999954223633,18.857759475708008,1700
2003-07-07,39.650001525878906,39.68000030517578,39.220001220703125,39.439998626708984,18.958703994750977,5100
2003-07-08,39.5,39.70000076293945,39.209999084472656,39.70000076293945,19.083688735961914,7600
2003-07-09,39.70000076293945,39.70000076293945,39.400001525878906,39.58000183105469,19.026002883911133,11700
2003-07-10,39.31999969482422,39.689998626708984,38.83000183105469,39.209999084472656,18.848155975341797,2500
2003-07-11,39.900001525878906,39.900001525878906,39.79999923706055,39.79999923706055,19.131759643554688,300
2003-07-14,38.97999954223633,39.43000030517578,38.84000015258789,39.29999923706055,18.891414642333984,1300
2003-07-15,39.130001068115234,39.5,39.130001068115234,39.5,18.987550735473633,600
2003-07-16,39.5,39.5,39.5,39.5,18.987550735473633,4500
2003-07-17,39.54999923706055,39.54999923706055,38.970001220703125,39.31999969482422,18.901023864746094,3400
2003-07-18,39.540000915527344,39.540000915527344,39.45000076293945,39.5,18.987550735473633,2700
2003-07-21,39.0,41.0,39.0,39.59000015258789,19.03080940246582,10700
2003-07-22,39.59000015258789,39.95000076293945,39.25,39.70000076293945,19.083688735961914,4000
2003-07-23,39.5,39.630001068115234,38.810001373291016,38.810001373291016,18.655872344970703,3800
2003-07-24,39.45000076293945,39.59000015258789,38.83000183105469,39.08000183105469,18.785661697387695,3600
2003-07-25,39.560001373291016,39.720001220703125,38.709999084472656,38.709999084472656,18.60779571533203,8600
2003-07-28,39.439998626708984,40.16999816894531,39.2400016784668,40.02000045776367,19.23751449584961,6500
2003-07-29,40.29999923706055,41.5,39.880001068115234,41.47999954223633,19.939332962036133,3800
2003-07-30,41.529998779296875,42.91999816894531,41.529998779296875,42.91999816894531,20.631534576416016,3600
2003-07-31,42.5,44.25,42.5,44.099998474121094,21.198760986328125,5400
2003-08-01,44.29999923706055,44.29999923706055,42.5099983215332,42.7400016784668,20.545015335083008,4700
2003-08-04,43.7400016784668,43.7400016784668,42.52000045776367,43.119998931884766,20.72766876220703,5100
2003-08-05,43.22999954223633,43.22999954223633,42.45000076293945,42.5,20.42964744567871,5400
2003-08-06,42.29999923706055,42.4900016784668,40.54999923706055,41.400001525878906,19.900875091552734,3600
2003-08-07,40.77000045776367,41.93000030517578,40.70000076293945,41.5,19.948942184448242,2100
2003-08-08,41.0099983215332,41.720001220703125,40.84000015258789,41.0,19.70859146118164,6400
2003-08-11,41.16999816894531,41.650001525878906,40.90999984741211,41.650001525878906,20.02104949951172,2700
2003-08-12,41.630001068115234,41.9900016784668,41.0099983215332,41.939998626708984,20.160449981689453,6400
2003-08-13,41.29999923706055,42.29999923706055,41.25,42.29999923706055,20.333507537841797,2800
2003-08-14,42.79999923706055,42.9900016784668,41.66999816894531,42.470001220703125,20.41522789001465,4200
2003-08-15,43.0,43.0,43.0,43.0,20.669986724853516,500
2003-08-18,42.79999923706055,44.0,42.66999816894531,44.0,21.150691986083984,2900
2003-08-19,43.9900016784668,44.220001220703125,43.900001525878906,44.0,21.150691986083984,2100
2003-08-20,44.43000030517578,44.900001525878906,44.18000030517578,44.5,21.391036987304688,5600
2003-08-21,44.95000076293945,44.9900016784668,44.0,44.47999954223633,21.38141441345215,6600
2003-08-22,44.599998474121094,44.97999954223633,44.5,44.650001525878906,21.463144302368164,11900
2003-08-25,44.7400016784668,44.95000076293945,44.5,44.70000076293945,21.487173080444336,4900
2003-08-26,44.5,44.97999954223633,44.5,44.97999954223633,21.62176513671875,1000
2003-08-27,45.0,45.0,44.7400016784668,44.7400016784668,21.506412506103516,1100
2003-08-28,44.599998474121094,44.93000030517578,44.599998474121094,44.72999954223633,21.501590728759766,3700
2003-08-29,44.79999923706055,44.95000076293945,44.70000076293945,44.95000076293945,21.607351303100586,5800
2003-09-02,44.79999923706055,45.0,44.70000076293945,45.0,21.631393432617188,3500
2003-09-03,44.70000076293945,45.0,44.70000076293945,45.0,21.631393432617188,1300
2003-09-04,45.0,45.0,44.75,44.75,21.511213302612305,1700
2003-09-05,44.9900016784668,45.400001525878906,44.75,45.38999938964844,21.81885528564453,5800
2003-09-08,45.29999923706055,45.970001220703125,44.45000076293945,44.75,21.511213302612305,9400
2003-09-09,45.38999938964844,45.709999084472656,44.709999084472656,45.45000076293945,21.847698211669922,4200
2003-09-10,45.599998474121094,45.599998474121094,45.25,45.25,21.751558303833008,5100
2003-09-11,44.75,45.0,44.43000030517578,44.43000030517578,21.442672729492188,1300
2003-09-12,43.75,45.18000030517578,43.75,45.18000030517578,21.80463981628418,2300
2003-09-15,45.27000045776367,46.0,43.529998779296875,45.79999923706055,22.103864669799805,4000
2003-09-16,46.0,46.349998474121094,46.0,46.11000061035156,22.25348472595215,2700
2003-09-17,45.7599983215332,46.08000183105469,45.7599983215332,45.970001220703125,22.185916900634766,400
2003-09-18,46.20000076293945,46.45000076293945,45.810001373291016,46.099998474121094,22.248655319213867,3600
2003-09-19,46.060001373291016,46.099998474121094,46.0,46.0,22.20038414001465,2400
2003-09-22,44.9900016784668,45.619998931884766,43.720001220703125,44.20000076293945,21.33167266845703,3700
2003-09-23,43.88999938964844,44.40999984741211,43.650001525878906,44.150001525878906,21.307554244995117,2400
2003-09-24,44.220001220703125,45.40999984741211,44.220001220703125,44.75,21.597124099731445,4900
2003-09-25,44.349998474121094,45.400001525878906,43.41999816894531,44.25,21.355810165405273,2300
2003-09-26,44.0,45.34000015258789,44.0,44.380001068115234,21.418554306030273,2200
2003-09-29,44.400001525878906,45.25,44.150001525878906,44.33000183105469,21.39443016052246,2300
2003-09-30,44.11000061035156,45.22999954223633,44.099998474121094,44.5,21.476469039916992,2500
2003-10-01,45.2400016784668,46.5,45.2400016784668,46.5,22.44171142578125,5600
2003-10-02,46.18000030517578,46.349998474121094,45.72999954223633,46.18000030517578,22.287269592285156,2900
2003-10-03,45.9900016784668,46.5,45.119998931884766,46.349998474121094,22.36931037902832,3400
2003-10-06,46.20000076293945,46.20000076293945,45.70000076293945,46.099998474121094,22.248655319213867,3900
2003-10-07,45.88999938964844,46.349998474121094,45.88999938964844,46.04999923706055,22.22452163696289,2000
2003-10-08,45.95000076293945,46.04999923706055,45.25,45.790000915527344,22.099048614501953,1700
2003-10-09,45.849998474121094,45.9900016784668,45.099998474121094,45.15999984741211,21.794992446899414,1300
2003-10-10,45.939998626708984,45.95000076293945,45.0,45.95000076293945,22.17627716064453,1800
2003-10-13,46.04999923706055,46.04999923706055,45.9900016784668,46.0,22.20038414001465,700
2003-10-14,46.0,46.5,45.36000061035156,46.5,22.44171142578125,3400
2003-10-15,44.61000061035156,46.400001525878906,44.61000061035156,46.400001525878906,22.393447875976562,2400
2003-10-16,46.369998931884766,46.400001525878906,45.650001525878906,46.0,22.20038414001465,1400
2003-10-17,45.15999984741211,46.0,45.150001525878906,45.9900016784668,22.195575714111328,6100
2003-10-20,45.130001068115234,46.09000015258789,45.130001068115234,46.029998779296875,22.214874267578125,5200
2003-10-21,45.939998626708984,46.5,45.90999984741211,46.20000076293945,22.29693031311035,3000
2003-10-22,46.02000045776367,46.25,45.560001373291016,45.75,22.07973289489746,5600
2003-10-23,45.349998474121094,46.029998779296875,45.349998474121094,45.5,21.959074020385742,5100
2003-10-24,45.349998474121094,45.849998474121094,44.650001525878906,45.189998626708984,21.809471130371094,9600
2003-10-27,44.86000061035156,45.15999984741211,44.86000061035156,45.06999969482422,21.751554489135742,2200
2003-10-28,44.849998474121094,45.599998474121094,44.79999923706055,45.189998626708984,21.809471130371094,3200
2003-10-29,45.27000045776367,45.79999923706055,44.88999938964844,45.529998779296875,21.973562240600586,2300
2003-10-30,45.83000183105469,46.20000076293945,44.95000076293945,45.400001525878906,21.91081428527832,5100
2003-10-31,45.560001373291016,46.099998474121094,45.02000045776367,45.02000045776367,21.727428436279297,2600
2003-11-03,45.0,45.150001525878906,44.9900016784668,45.0,21.7177791595459,15400
2003-11-04,44.7599983215332,45.47999954223633,44.619998931884766,45.47999954223633,21.949430465698242,1600
2003-11-05,45.4900016784668,45.900001525878906,44.939998626708984,45.900001525878906,22.15213394165039,1800
2003-11-06,45.2599983215332,45.54999923706055,45.119998931884766,45.5,21.959074020385742,6400
2003-11-07,45.5,46.0,45.290000915527344,45.54999923706055,21.983219146728516,1600
2003-11-10,45.310001373291016,45.5,44.79999923706055,45.43000030517578,21.925302505493164,2800
2003-11-11,44.630001068115234,45.52000045776367,44.630001068115234,44.68000030517578,21.563331604003906,900
2003-11-12,45.279998779296875,45.5,44.650001525878906,45.36000061035156,21.89151382446289,3000
2003-11-13,45.5,45.5,45.060001373291016,45.5,21.959074020385742,4100
2003-11-14,45.5,45.5,44.9900016784668,44.9900016784668,21.712947845458984,1900
2003-11-17,44.709999084472656,45.2400016784668,44.599998474121094,44.77000045776367,21.606773376464844,3900
2003-11-18,44.61000061035156,45.0,44.59000015258789,44.59000015258789,21.519912719726562,1100
2003-11-19,44.599998474121094,45.4900016784668,44.599998474121094,45.4900016784668,21.954269409179688,1100
2003-11-20,45.0,45.0,44.810001373291016,44.83000183105469,21.635726928710938,3300
2003-11-21,44.849998474121094,45.29999923706055,44.849998474121094,45.29999923706055,21.86255645751953,600
2003-11-24,45.099998474121094,45.599998474121094,45.099998474121094,45.5,21.959074020385742,12000
2003-11-25,45.08000183105469,45.5,45.06999969482422,45.40999984741211,21.91564178466797,4700
2003-11-26,45.16999816894531,45.5,44.61000061035156,45.5,21.959074020385742,1200
2003-11-28,45.5,45.5,45.0,45.5,21.959074020385742,3500
2003-12-01,45.689998626708984,45.689998626708984,44.810001373291016,44.810001373291016,21.626083374023438,400
2003-12-02,45.689998626708984,45.720001220703125,44.90999984741211,45.529998779296875,21.973562240600586,5600
2003-12-03,45.0,45.0,43.72999954223633,44.54999923706055,21.50060272216797,11600
2003-12-04,43.72999954223633,44.5,43.72999954223633,44.150001525878906,21.307554244995117,12500
2003-12-05,45.0099983215332,45.0099983215332,43.75,43.91999816894531,21.19655990600586,17000
2003-12-08,43.900001525878906,44.09000015258789,42.72999954223633,43.70000076293945,21.09037208557129,3000
2003-12-09,43.119998931884766,44.0,42.52000045776367,43.7599983215332,21.11933135986328,3800
2003-12-10,43.5,43.65999984741211,41.900001525878906,41.900001525878906,20.22165870666504,2900
2003-12-11,42.119998931884766,43.15999984741211,42.119998931884766,43.0,20.852066040039062,3300
2003-12-12,42.61000061035156,43.939998626708984,42.22999954223633,43.25,20.973304748535156,3600
2003-12-15,43.369998931884766,44.150001525878906,42.40999984741211,43.22999954223633,20.963605880737305,5200
2003-12-16,42.400001525878906,43.02000045776367,41.45000076293945,42.0,20.367136001586914,1900
2003-12-17,42.119998931884766,42.119998931884766,40.650001525878906,40.650001525878906,19.712488174438477,5300
2003-12-18,40.619998931884766,40.75,39.09000015258789,39.88999938964844,19.343931198120117,8100
2003-12-19,39.47999954223633,39.95000076293945,38.5,39.93000030517578,19.363330841064453,5500
2003-12-22,39.41999816894531,39.79999923706055,38.52000045776367,38.52000045776367,18.679584503173828,1100
2003-12-23,38.75,40.0099983215332,38.75,40.0,19.397275924682617,16300
2003-12-24,39.11000061035156,40.0,39.11000061035156,39.900001525878906,19.34878921508789,3500
2003-12-26,39.79999923706055,40.0,39.79999923706055,40.0,19.397275924682617,9100
2003-12-29,40.0,40.0,39.75,40.0,19.397275924682617,23600
2003-12-30,40.0,40.0,39.5099983215332,39.5099983215332,19.15966796875,5800
2003-12-31,39.70000076293945,40.11000061035156,38.470001220703125,39.70000076293945,19.25180435180664,25000
2004-01-02,40.0,41.400001525878906,40.0,41.0,19.882213592529297,8500
2004-01-05,41.400001525878906,41.849998474121094,41.099998474121094,41.720001220703125,20.23136329650879,4500
2004-01-06,41.2599983215332,41.939998626708984,41.209999084472656,41.79999923706055,20.270160675048828,2700
2004-01-07,41.95000076293945,42.400001525878906,41.349998474121094,42.349998474121094,20.536874771118164,9900
2004-01-08,42.41999816894531,42.41999816894531,41.81999969482422,42.20000076293945,20.464130401611328,2900
2004-01-09,42.02000045776367,42.04999923706055,42.0,42.02000045776367,20.37684440612793,8000
2004-01-12,42.4900016784668,42.900001525878906,41.970001220703125,42.88999938964844,20.79873275756836,2900
2004-01-13,42.38999938964844,42.5,42.029998779296875,42.45000076293945,20.585359573364258,11200
2004-01-14,42.97999954223633,42.97999954223633,42.0,42.150001525878906,20.43988609313965,7000
2004-01-15,42.20000076293945,42.4900016784668,42.20000076293945,42.4900016784668,20.604753494262695,3100
2004-01-16,42.5,43.0,42.099998474121094,42.849998474121094,20.77933120727539,16800
2004-01-20,42.08000183105469,43.099998474121094,42.0,43.0,20.852066040039062,21200
2004-01-21,42.5,43.709999084472656,42.220001220703125,43.709999084472656,21.19637107849121,2900
2004-01-22,42.029998779296875,43.0,42.029998779296875,42.11000061035156,20.420482635498047,2500
2004-01-23,42.099998474121094,42.75,42.0,42.29999923706055,20.512624740600586,2400
2004-01-26,42.099998474121094,42.97999954223633,42.0099983215332,42.97999954223633,20.842370986938477,2100
2004-01-27,43.2400016784668,43.2400016784668,42.0,42.400001525878906,20.56111717224121,8400
2004-01-28,42.5,43.0,41.849998474121094,41.849998474121094,20.294397354125977,18000
2004-01-29,41.869998931884766,42.34000015258789,41.810001373291016,41.810001373291016,20.275005340576172,14000
2004-01-30,42.380001068115234,42.380001068115234,41.83000183105469,42.29999923706055,20.512624740600586,1900
2004-02-02,42.29999923706055,42.45000076293945,41.86000061035156,42.0,20.367136001586914,1900
2004-02-03,41.849998474121094,42.29999923706055,41.849998474121094,41.849998474121094,20.294397354125977,8500
2004-02-04,41.880001068115234,41.900001525878906,40.220001220703125,40.220001220703125,19.50397300720215,12500
2004-02-05,39.869998931884766,39.869998931884766,39.099998474121094,39.290000915527344,19.052968978881836,7200
2004-02-06,39.02000045776367,40.0,38.91999816894531,38.91999816894531,18.873550415039062,4000
2004-02-09,38.349998474121094,38.880001068115234,37.79999923706055,38.06999969482422,18.46135711669922,13600
2004-02-10,37.79999923706055,39.52000045776367,37.75,39.4900016784668,19.14996337890625,10400
2004-02-11,39.099998474121094,40.0,39.099998474121094,39.97999954223633,19.3875789642334,5500
2004-02-12,39.9900016784668,39.9900016784668,39.5099983215332,39.5099983215332,19.15966796875,5600
2004-02-13,39.5099983215332,39.9900016784668,39.5099983215332,39.84000015258789,19.319686889648438,6800
2004-02-17,40.0,40.0,39.25,39.84000015258789,19.319686889648438,4900
2004-02-18,39.31999969482422,40.0,39.09000015258789,39.77000045776367,19.28573989868164,2600
2004-02-19,39.09000015258789,39.7400016784668,39.09000015258789,39.119998931884766,18.970529556274414,1800
2004-02-20,39.189998626708984,39.189998626708984,37.79999923706055,38.2400016784668,18.543800354003906,6200
2004-02-23,38.900001525878906,38.900001525878906,37.0,37.0,17.94247817993164,3500
2004-02-24,36.7599983215332,37.560001373291016,36.7599983215332,36.90999984741211,17.898841857910156,1900
2004-02-25,37.29999923706055,37.5,37.290000915527344,37.36000061035156,18.11705780029297,11100
2004-02-26,37.5,38.599998474121094,37.4900016784668,38.599998474121094,18.71837615966797,2600
2004-02-27,37.209999084472656,38.75,37.099998474121094,38.75,18.791112899780273,2300
2004-03-01,38.75,38.75,37.790000915527344,37.790000915527344,18.32558822631836,1300
2004-03-02,38.029998779296875,38.16999816894531,37.22999954223633,38.16999816894531,18.509843826293945,2200
2004-03-03,37.47999954223633,38.25,37.119998931884766,38.06999969482422,18.46135711669922,6600
2004-03-04,37.9900016784668,38.45000076293945,37.56999969482422,38.45000076293945,18.645639419555664,4100
2004-03-05,38.11000061035156,40.5,37.29999923706055,40.369998931884766,19.576696395874023,18900
2004-03-08,40.29999923706055,41.20000076293945,40.119998931884766,41.20000076293945,19.97919464111328,11900
2004-03-09,40.63999938964844,41.400001525878906,40.22999954223633,41.400001525878906,20.076183319091797,8100
2004-03-10,40.27000045776367,41.41999816894531,40.15999984741211,41.290000915527344,20.02283477783203,6400
2004-03-11,41.0099983215332,41.040000915527344,40.220001220703125,40.970001220703125,19.974084854125977,10000
2004-03-12,40.43000030517578,41.9900016784668,40.43000030517578,41.9900016784668,20.471363067626953,2400
2004-03-15,41.290000915527344,41.290000915527344,40.7599983215332,40.900001525878906,19.939960479736328,1700
2004-03-16,40.61000061035156,41.900001525878906,40.61000061035156,41.900001525878906,20.427492141723633,3000
2004-03-17,41.56999969482422,41.56999969482422,40.66999816894531,41.52000045776367,20.24222755432129,11900
2004-03-18,41.2400016784668,41.88999938964844,40.650001525878906,41.31999969482422,20.14473533630371,1200
2004-03-19,40.61000061035156,41.7400016784668,40.540000915527344,40.849998474121094,19.915586471557617,3800
2004-03-22,41.119998931884766,41.70000076293945,40.86000061035156,41.25,20.110593795776367,2500
2004-03-23,41.279998779296875,41.29999923706055,40.720001220703125,40.95000076293945,19.964338302612305,800
2004-03-24,40.5,41.290000915527344,40.5,40.849998474121094,19.915586471557617,4800
2004-03-25,40.79999923706055,41.45000076293945,40.79999923706055,41.029998779296875,20.003328323364258,10300
2004-03-26,40.83000183105469,41.29999923706055,40.83000183105469,41.29999923706055,20.134965896606445,700
2004-03-29,40.66999816894531,42.0,40.66999816894531,41.29999923706055,20.134965896606445,3700
2004-03-30,41.29999923706055,41.29999923706055,40.66999816894531,41.29999923706055,20.134965896606445,3700
2004-03-31,40.77000045776367,41.0,40.709999084472656,40.7599983215332,19.8717041015625,3700
2004-04-01,41.0,41.400001525878906,40.77000045776367,41.349998474121094,20.15934944152832,4100
2004-04-02,41.5,41.61000061035156,41.5,41.61000061035156,20.286104202270508,1600
2004-04-05,41.5,41.5,40.70000076293945,41.209999084472656,20.091100692749023,1400
2004-04-06,41.0,41.0099983215332,40.52000045776367,40.970001220703125,19.974084854125977,15400
2004-04-07,40.5,41.06999969482422,40.5,40.95000076293945,19.964338302612305,2200
2004-04-08,41.0,41.0,40.70000076293945,40.97999954223633,19.978952407836914,29900
2004-04-12,40.5,41.90999984741211,40.5,41.90999984741211,20.432363510131836,15800
2004-04-13,40.75,40.75,40.38999938964844,40.45000076293945,19.720577239990234,12900
2004-04-14,40.45000076293945,40.45000076293945,38.61000061035156,39.4900016784668,19.252546310424805,6600
2004-04-15,39.4900016784668,39.4900016784668,38.5099983215332,39.130001068115234,19.077041625976562,2600
2004-04-16,39.130001068115234,39.849998474121094,38.97999954223633,39.83000183105469,19.418302536010742,1600
2004-04-19,38.06999969482422,39.630001068115234,37.790000915527344,39.470001220703125,19.242794036865234,2400
2004-04-20,38.79999923706055,39.86000061035156,38.11000061035156,38.11000061035156,18.579755783081055,1100
2004-04-21,37.91999816894531,37.91999816894531,36.84000015258789,37.040000915527344,18.058101654052734,2600
2004-04-22,36.68000030517578,38.36000061035156,36.68000030517578,37.15999984741211,18.116601943969727,3800
2004-04-23,38.36000061035156,38.400001525878906,37.0,37.5,18.28236198425293,1100
2004-04-26,37.25,37.59000015258789,37.25,37.25,18.160478591918945,1100
2004-04-27,37.5,37.97999954223633,37.5,37.5,18.28236198425293,10500
2004-04-28,37.5,37.7599983215332,36.75,36.75,17.916704177856445,3500
2004-04-29,37.97999954223633,37.97999954223633,37.0099983215332,37.279998779296875,18.17510223388672,3300
2004-04-30,38.18000030517578,38.18000030517578,37.5,37.5,18.28236198425293,1700
2004-05-03,36.68000030517578,37.58000183105469,36.5,37.220001220703125,18.14585304260254,2800
2004-05-04,37.0,37.75,36.79999923706055,37.75,18.40424346923828,18500
2004-05-05,38.38999938964844,38.439998626708984,37.25,38.0,18.526126861572266,13000
2004-05-06,38.0099983215332,38.0099983215332,37.5,37.65999984741211,18.360363006591797,7400
2004-05-07,38.150001525878906,38.41999816894531,37.75,37.88999938964844,18.472496032714844,5800
2004-05-10,38.400001525878906,38.400001525878906,37.650001525878906,38.0099983215332,18.53099822998047,12300
2004-05-11,37.77000045776367,38.220001220703125,37.77000045776367,38.04999923706055,18.550493240356445,2500
2004-05-12,37.91999816894531,38.630001068115234,37.70000076293945,38.619998931884766,18.828386306762695,3900
2004-05-13,38.5,38.599998474121094,38.34000015258789,38.5,18.769886016845703,600
2004-05-14,38.290000915527344,38.810001373291016,38.0,38.0,18.526126861572266,900
2004-05-17,38.560001373291016,38.790000915527344,37.79999923706055,38.16999816894531,18.60900115966797,3500
2004-05-18,37.7599983215332,38.72999954223633,37.75,38.61000061035156,18.82351303100586,9200
2004-05-19,38.95000076293945,39.0,38.09000015258789,39.0,19.013656616210938,11100
2004-05-20,38.529998779296875,38.529998779296875,37.90999984741211,37.90999984741211,18.482240676879883,5700
2004-05-21,38.09000015258789,38.33000183105469,37.04999923706055,37.310001373291016,18.18973159790039,4000
2004-05-24,38.130001068115234,38.13999938964844,37.790000915527344,37.9900016784668,18.521251678466797,3000
2004-05-25,38.2400016784668,38.439998626708984,37.970001220703125,38.279998779296875,18.66263771057129,5200
2004-05-26,38.0,38.72999954223633,37.95000076293945,38.72999954223633,18.882022857666016,17000
2004-05-27,38.060001373291016,38.099998474121094,37.599998474121094,38.099998474121094,18.57488441467285,1900
2004-05-28,38.029998779296875,38.029998779296875,37.5,37.81999969482422,18.4383602142334,3600
2004-06-01,37.2400016784668,38.0,37.04999923706055,37.779998779296875,18.418874740600586,3700
2004-06-02,38.29999923706055,38.29999923706055,37.16999816894531,37.47999954223633,18.272613525390625,2600
2004-06-03,37.900001525878906,37.900001525878906,35.91999816894531,35.9900016784668,17.54619026184082,11000
2004-06-04,36.02000045776367,36.90999984741211,36.02000045776367,36.709999084472656,17.8972110748291,15300
2004-06-07,36.11000061035156,37.0099983215332,36.11000061035156,36.97999954223633,18.028850555419922,4200
2004-06-08,36.599998474121094,37.06999969482422,36.529998779296875,37.06999969482422,18.072723388671875,2400
2004-06-09,37.20000076293945,37.31999969482422,37.0099983215332,37.31999969482422,18.194608688354492,3000
2004-06-10,36.84000015258789,37.459999084472656,36.810001373291016,36.91999816894531,17.99959373474121,5900
2004-06-14,37.91999816894531,37.91999816894531,36.029998779296875,36.189998626708984,17.749460220336914,3300
2004-06-15,36.11000061035156,36.939998626708984,35.70000076293945,36.79999923706055,18.04864501953125,16600
2004-06-16,36.79999923706055,36.95000076293945,35.20000076293945,35.7599983215332,17.53856658935547,20400
2004-06-17,36.79999923706055,36.79999923706055,35.25,36.20000076293945,17.75436782836914,7900
2004-06-18,35.93000030517578,36.2400016784668,34.75,34.77000045776367,17.053020477294922,10900
2004-06-21,35.66999816894531,35.66999816894531,34.619998931884766,35.0,17.16582679748535,3400
2004-06-22,35.0,35.0,34.130001068115234,34.22999954223633,16.788175582885742,1800
2004-06-23,35.5,35.5,33.08000183105469,33.36000061035156,16.361474990844727,55000
2004-06-24,33.52000045776367,33.650001525878906,33.20000076293945,33.41999816894531,16.390911102294922,20700
2004-06-25,33.79999923706055,35.02000045776367,32.75,32.75,16.06230926513672,192500
2004-06-28,33.0,33.349998474121094,33.0,33.27000045776367,16.31734275817871,32900
2004-06-29,33.15999984741211,33.33000183105469,33.0,33.2400016784668,16.302627563476562,6100
2004-06-30,33.560001373291016,33.560001373291016,33.20000076293945,33.22999954223633,16.297725677490234,5200
2004-07-01,33.470001220703125,33.58000183105469,33.2400016784668,33.290000915527344,16.327152252197266,9200
2004-07-02,33.0,33.83000183105469,33.0,33.83000183105469,16.591991424560547,10700
2004-07-06,33.2400016784668,33.790000915527344,33.150001525878906,33.790000915527344,16.572378158569336,20000
2004-07-07,33.790000915527344,33.849998474121094,33.619998931884766,33.84000015258789,16.59690284729004,5200
2004-07-08,33.59000015258789,34.59000015258789,33.59000015258789,34.59000015258789,16.964746475219727,19700
2004-07-09,34.060001373291016,34.630001068115234,34.060001373291016,34.630001068115234,16.98435401916504,1000
2004-07-12,34.5099983215332,34.959999084472656,34.5099983215332,34.90999984741211,17.12169075012207,2700
2004-07-13,34.9900016784668,35.90999984741211,34.790000915527344,35.90999984741211,17.612133026123047,4900
2004-07-14,35.15999984741211,35.15999984741211,35.15999984741211,35.15999984741211,17.244291305541992,100
2004-07-15,34.83000183105469,35.90999984741211,34.83000183105469,35.90999984741211,17.612133026123047,8700
2004-07-16,35.220001220703125,35.45000076293945,34.5099983215332,35.45000076293945,17.38652801513672,5400
2004-07-19,35.0,35.0099983215332,34.9900016784668,35.0099983215332,17.170730590820312,1100
2004-07-20,35.470001220703125,35.470001220703125,35.04999923706055,35.220001220703125,17.273717880249023,11200
2004-07-21,35.220001220703125,35.29999923706055,34.900001525878906,35.290000915527344,17.30805778503418,15800
2004-07-22,34.54999923706055,35.75,34.54999923706055,35.75,17.533674240112305,15000
2004-07-23,34.869998931884766,35.220001220703125,34.869998931884766,35.220001220703125,17.273717880249023,1300
2004-07-26,35.220001220703125,35.220001220703125,34.599998474121094,35.11000061035156,17.219772338867188,4700
2004-07-27,35.0,35.72999954223633,35.0,35.72999954223633,17.52385902404785,4400
2004-07-28,35.0,35.43000030517578,35.0,35.43000030517578,17.37671661376953,2200
2004-07-29,35.439998626708984,35.470001220703125,35.439998626708984,35.470001220703125,17.396347045898438,400
2004-07-30,35.5,35.5,35.29999923706055,35.29999923706055,17.31294822692871,200
2004-08-02,35.5,35.56999969482422,35.220001220703125,35.56999969482422,17.445383071899414,6400
2004-08-03,35.5,35.58000183105469,35.4900016784668,35.4900016784668,17.406145095825195,3500
2004-08-04,35.20000076293945,35.20000076293945,35.20000076293945,35.20000076293945,17.263917922973633,200
2004-08-05,35.31999969482422,35.400001525878906,35.2400016784668,35.2400016784668,17.283536911010742,3500
2004-08-06,35.0099983215332,35.29999923706055,35.0099983215332,35.130001068115234,17.229581832885742,700
2004-08-09,35.0,35.0,35.0,35.0,17.16582679748535,800
2004-08-10,35.0,35.0,35.0,35.0,17.16582679748535,0
2004-08-11,35.02000045776367,35.38999938964844,35.02000045776367,35.38999938964844,17.357101440429688,2300
2004-08-12,35.08000183105469,35.380001068115234,35.0,35.0,17.16582679748535,2800
2004-08-13,35.380001068115234,35.380001068115234,35.20000076293945,35.20000076293945,17.263917922973633,1800
2004-08-16,35.25,35.25,35.02000045776367,35.02000045776367,17.175628662109375,1300
2004-08-17,35.189998626708984,35.40999984741211,35.150001525878906,35.40999984741211,17.366907119750977,1500
2004-08-18,35.2599983215332,35.619998931884766,35.2599983215332,35.5,17.41105079650879,2000
2004-08-19,35.90999984741211,35.90999984741211,35.349998474121094,35.349998474121094,17.337482452392578,900
2004-08-20,35.25,35.45000076293945,35.25,35.25,17.288436889648438,2600
2004-08-23,35.5,36.06999969482422,35.5,35.95000076293945,17.63174819946289,14600
2004-08-24,36.2400016784668,36.2400016784668,36.0,36.04999923706055,17.680803298950195,600
2004-08-25,35.560001373291016,35.560001373291016,35.45000076293945,35.45000076293945,17.38652801513672,1200
2004-08-26,36.22999954223633,36.22999954223633,36.22999954223633,36.22999954223633,17.76908302307129,200
2004-08-27,36.22999954223633,36.22999954223633,36.22999954223633,36.22999954223633,17.76908302307129,0
2004-08-30,36.119998931884766,36.119998931884766,35.84000015258789,35.93000030517578,17.6219425201416,700
2004-08-31,35.93000030517578,35.93000030517578,35.93000030517578,35.93000030517578,17.6219425201416,0
2004-09-01,35.5,35.5,35.5,35.5,17.41105079650879,200
2004-09-02,35.58000183105469,36.2400016784668,35.52000045776367,36.08000183105469,17.695518493652344,2900
2004-09-03,35.650001525878906,36.2400016784668,35.650001525878906,36.22999954223633,17.76908302307129,4700
2004-09-07,36.25,36.9900016784668,36.2400016784668,36.959999084472656,18.12711524963379,3300
2004-09-08,36.959999084472656,36.959999084472656,36.77000045776367,36.77000045776367,18.03392219543457,200
2004-09-09,36.9900016784668,36.9900016784668,36.9900016784668,36.9900016784668,18.141822814941406,100
2004-09-10,36.9900016784668,37.5,36.9900016784668,37.5,18.391956329345703,2400
2004-09-13,37.279998779296875,38.5,37.279998779296875,38.0,18.747167587280273,3100
2004-09-14,38.0,40.25,38.0,39.290000915527344,19.38357925415039,21200
2004-09-15,39.13999938964844,39.61000061035156,38.790000915527344,39.279998779296875,19.378643035888672,2600
2004-09-16,39.790000915527344,39.900001525878906,38.79999923706055,39.08000183105469,19.279985427856445,11100
2004-09-17,39.06999969482422,39.2400016784668,38.790000915527344,39.040000915527344,19.26024627685547,2100
2004-09-20,39.349998474121094,39.77000045776367,39.310001373291016,39.709999084472656,19.59078025817871,1100
2004-09-21,39.2400016784668,39.77000045776367,39.2400016784668,39.349998474121094,19.413185119628906,1900
2004-09-22,38.77000045776367,40.5,38.77000045776367,40.5,19.980531692504883,7400
2004-09-23,39.9900016784668,39.9900016784668,39.459999084472656,39.459999084472656,19.467445373535156,900
2004-09-24,39.029998779296875,39.400001525878906,38.540000915527344,39.08000183105469,19.279985427856445,3600
2004-09-27,40.0,40.0,38.7599983215332,38.7599983215332,19.12210464477539,1300
2004-09-28,38.95000076293945,39.0,37.790000915527344,37.970001220703125,18.732358932495117,8400
2004-09-29,38.849998474121094,38.95000076293945,38.040000915527344,38.040000915527344,18.766897201538086,2800
2004-09-30,38.11000061035156,38.5,38.0,38.0,18.747167587280273,4600
2004-10-01,38.099998474121094,39.04999923706055,38.099998474121094,38.84000015258789,19.16157341003418,2500
2004-10-04,39.25,39.25,38.619998931884766,38.900001525878906,19.191186904907227,800
2004-10-05,39.119998931884766,39.4900016784668,39.040000915527344,39.4900016784668,19.482250213623047,800
2004-10-06,39.0,39.0099983215332,38.560001373291016,38.560001373291016,19.023435592651367,1500
2004-10-07,38.52000045776367,38.52000045776367,38.040000915527344,38.08000183105469,18.786636352539062,800
2004-10-08,38.599998474121094,39.0,37.79999923706055,38.70000076293945,19.092506408691406,11100
2004-10-11,38.18000030517578,38.20000076293945,37.880001068115234,37.880001068115234,18.687971115112305,600
2004-10-12,37.880001068115234,37.880001068115234,37.880001068115234,37.880001068115234,18.687971115112305,0
2004-10-13,37.79999923706055,37.79999923706055,37.380001068115234,37.380001068115234,18.441293716430664,1000
2004-10-14,37.369998931884766,37.369998931884766,37.150001525878906,37.15999984741211,18.33275032043457,1800
2004-10-15,37.13999938964844,37.88999938964844,37.060001373291016,37.709999084472656,18.604089736938477,1000
2004-10-18,38.599998474121094,38.599998474121094,37.15999984741211,37.15999984741211,18.33275032043457,300
2004-10-19,38.54999923706055,38.54999923706055,37.09000015258789,37.5,18.500490188598633,3300
2004-10-20,37.5,37.5,37.5,37.5,18.500490188598633,0
2004-10-21,38.060001373291016,38.060001373291016,38.060001373291016,38.060001373291016,18.776765823364258,100
2004-10-22,37.060001373291016,38.099998474121094,37.060001373291016,38.099998474121094,18.796499252319336,1600
2004-10-25,37.099998474121094,38.75,37.099998474121094,38.5,18.993837356567383,7400
2004-10-26,38.790000915527344,38.790000915527344,38.25,38.41999816894531,18.95436668395996,1800
2004-10-27,39.0,39.0,38.72999954223633,38.72999954223633,19.107309341430664,500
2004-10-28,38.72999954223633,38.72999954223633,38.220001220703125,38.220001220703125,18.8557071685791,700
2004-10-29,38.75,39.060001373291016,38.0,38.95000076293945,19.215843200683594,2000
2004-11-01,38.95000076293945,38.970001220703125,38.29999923706055,38.5,18.993837356567383,8000
2004-11-02,38.099998474121094,38.630001068115234,38.099998474121094,38.279998779296875,18.88530731201172,500
2004-11-03,38.5,38.5,38.5,38.5,18.993837356567383,100
2004-11-04,39.45000076293945,39.45000076293945,39.45000076293945,39.45000076293945,19.46251106262207,500
2004-11-05,39.45000076293945,39.45000076293945,39.45000076293945,39.45000076293945,19.46251106262207,0
2004-11-08,39.20000076293945,39.20000076293945,38.720001220703125,38.720001220703125,19.102375030517578,300
2004-11-09,38.720001220703125,38.720001220703125,38.720001220703125,38.720001220703125,19.102375030517578,0
2004-11-10,38.849998474121094,39.0,38.349998474121094,39.0,19.24051284790039,1700
2004-11-11,39.0,39.0,38.9900016784668,38.9900016784668,19.23558235168457,400
2004-11-12,38.9900016784668,38.9900016784668,38.9900016784668,38.9900016784668,19.23558235168457,100
2004-11-15,38.349998474121094,38.5,38.349998474121094,38.5,18.993837356567383,500
2004-11-16,38.709999084472656,38.709999084472656,38.400001525878906,38.400001525878906,18.944501876831055,700
2004-11-17,38.400001525878906,38.400001525878906,38.400001525878906,38.400001525878906,18.944501876831055,0
2004-11-18,38.400001525878906,38.400001525878906,38.400001525878906,38.400001525878906,18.944501876831055,0
2004-11-19,38.310001373291016,38.310001373291016,38.29999923706055,38.29999923706055,18.89516830444336,1400
2004-11-22,38.900001525878906,38.900001525878906,38.900001525878906,38.900001525878906,19.191186904907227,500
2004-11-23,38.29999923706055,38.900001525878906,38.25,38.900001525878906,19.191186904907227,3800
2004-11-24,38.9900016784668,39.2400016784668,38.9900016784668,39.0099983215332,19.245445251464844,1900
2004-11-26,39.209999084472656,39.29999923706055,39.209999084472656,39.25,19.36384391784668,1600
2004-11-29,39.0,39.02000045776367,39.0,39.02000045776367,19.250377655029297,1300
2004-11-30,39.56999969482422,39.650001525878906,39.56999969482422,39.650001525878906,19.56119155883789,300
2004-12-01,39.86000061035156,39.970001220703125,39.56999969482422,39.900001525878906,19.684526443481445,1700
2004-12-02,39.900001525878906,39.900001525878906,39.900001525878906,39.900001525878906,19.684526443481445,2700
2004-12-03,39.900001525878906,39.900001525878906,39.900001525878906,39.900001525878906,19.684526443481445,200
2004-12-06,39.20000076293945,39.20000076293945,39.20000076293945,39.20000076293945,19.33917808532715,200
2004-12-07,39.68000030517578,39.790000915527344,38.47999954223633,39.0,19.24051284790039,3200
2004-12-08,39.529998779296875,39.529998779296875,38.31999969482422,38.31999969482422,18.905040740966797,600
2004-12-09,38.220001220703125,38.38999938964844,38.0,38.0,18.747167587280273,1700
2004-12-10,38.20000076293945,39.689998626708984,38.20000076293945,39.5,19.487186431884766,2500
2004-12-13,39.369998931884766,39.5099983215332,39.369998931884766,39.5099983215332,19.61128044128418,500
2004-12-14,39.88999938964844,39.88999938964844,39.88999938964844,39.88999938964844,19.799890518188477,200
2004-12-15,39.56999969482422,39.959999084472656,39.29999923706055,39.790000915527344,19.75025749206543,6100
2004-12-16,39.790000915527344,39.790000915527344,39.790000915527344,39.790000915527344,19.75025749206543,0
2004-12-17,39.0,39.0,39.0,39.0,19.358131408691406,200
2004-12-20,39.7400016784668,39.7400016784668,38.75,39.02000045776367,19.36805534362793,4000
2004-12-21,39.400001525878906,39.400001525878906,39.04999923706055,39.290000915527344,19.502077102661133,600
2004-12-22,39.400001525878906,39.400001525878906,39.400001525878906,39.400001525878906,19.556678771972656,300
2004-12-23,39.060001373291016,39.65999984741211,38.95000076293945,39.65999984741211,19.68572425842285,2100
2004-12-27,39.099998474121094,39.9900016784668,38.599998474121094,38.959999084472656,19.33827018737793,9400
2004-12-28,38.900001525878906,39.45000076293945,38.7599983215332,39.45000076293945,19.581491470336914,4000
2004-12-29,39.45000076293945,39.45000076293945,39.45000076293945,39.45000076293945,19.581491470336914,0
2004-12-30,39.400001525878906,39.90999984741211,39.400001525878906,39.599998474121094,19.65594482421875,400
2004-12-31,39.04999923706055,40.369998931884766,39.04999923706055,40.349998474121094,20.028209686279297,4500
2005-01-03,40.0,40.75,39.5099983215332,39.72999954223633,19.720476150512695,6500
2005-01-04,40.790000915527344,40.95000076293945,39.720001220703125,39.72999954223633,19.720476150512695,800
2005-01-05,40.5,40.970001220703125,40.0099983215332,40.0099983215332,19.859458923339844,500
2005-01-06,40.400001525878906,40.689998626708984,40.20000076293945,40.20000076293945,19.95376205444336,1900
2005-01-07,40.0,40.20000076293945,40.0,40.20000076293945,19.95376205444336,300
2005-01-10,39.20000076293945,39.20000076293945,39.20000076293945,39.20000076293945,19.4573974609375,100
2005-01-11,39.060001373291016,39.970001220703125,39.04999923706055,39.04999923706055,19.382946014404297,1400
2005-01-12,39.04999923706055,39.04999923706055,39.04999923706055,39.04999923706055,19.382946014404297,0
2005-01-13,39.04999923706055,39.18000030517578,39.04999923706055,39.04999923706055,19.382946014404297,2600
2005-01-14,39.04999923706055,39.04999923706055,39.0,39.04999923706055,19.382946014404297,2700
2005-01-18,40.0,40.0,38.45000076293945,38.959999084472656,19.33827018737793,1500
2005-01-19,39.0,39.290000915527344,39.0,39.290000915527344,19.502077102661133,600
2005-01-20,38.599998474121094,38.619998931884766,38.599998474121094,38.599998474121094,19.159584045410156,400
2005-01-21,38.61000061035156,38.61000061035156,38.29999923706055,38.29999923706055,19.010677337646484,400
2005-01-24,38.54999923706055,38.650001525878906,37.61000061035156,37.61000061035156,18.668193817138672,2200
2005-01-25,37.209999084472656,37.599998474121094,37.06999969482422,37.150001525878906,18.43986701965332,3100
2005-01-26,37.209999084472656,37.59000015258789,37.209999084472656,37.58000183105469,18.653303146362305,1700
2005-01-27,38.16999816894531,38.16999816894531,38.060001373291016,38.060001373291016,18.89155387878418,1200
2005-01-28,38.0,38.0,38.0,38.0,18.861774444580078,300
2005-01-31,38.0,38.0,38.0,38.0,18.861774444580078,400
2005-02-01,38.0,38.0,37.040000915527344,37.619998931884766,18.673154830932617,1100
2005-02-02,37.27000045776367,37.27000045776367,37.27000045776367,37.27000045776367,18.499422073364258,100
2005-02-03,37.0,37.0,37.0,37.0,18.365402221679688,600
2005-02-04,37.0,37.18000030517578,36.849998474121094,37.18000030517578,18.454748153686523,1900
2005-02-07,36.849998474121094,37.0,36.84000015258789,37.0,18.365402221679688,5300
2005-02-08,37.16999816894531,37.16999816894531,37.16999816894531,37.16999816894531,18.449783325195312,100
2005-02-09,37.16999816894531,37.16999816894531,37.16999816894531,37.16999816894531,18.449783325195312,0
2005-02-10,37.13999938964844,37.13999938964844,37.13999938964844,37.13999938964844,18.434886932373047,500
2005-02-11,37.0,37.119998931884766,37.0,37.099998474121094,18.415050506591797,2800
2005-02-14,37.189998626708984,37.20000076293945,37.099998474121094,37.099998474121094,18.415050506591797,1100
2005-02-15,37.099998474121094,37.150001525878906,37.099998474121094,37.150001525878906,18.43986701965332,1000
2005-02-16,37.150001525878906,37.470001220703125,37.150001525878906,37.400001525878906,18.563949584960938,2000
2005-02-17,37.400001525878906,37.400001525878906,37.400001525878906,37.400001525878906,18.563949584960938,0
2005-02-18,37.40999984741211,37.40999984741211,37.0099983215332,37.150001525878906,18.43986701965332,1400
2005-02-22,37.150001525878906,37.150001525878906,37.150001525878906,37.150001525878906,18.43986701965332,0
2005-02-23,37.15999984741211,38.0,37.15999984741211,38.0,18.861774444580078,2700
2005-02-24,37.90999984741211,37.90999984741211,37.88999938964844,37.90999984741211,18.817092895507812,600
2005-02-25,38.2400016784668,38.25,38.0,38.0,18.861774444580078,600
2005-02-28,38.0,38.0,38.0,38.0,18.861774444580078,0
2005-03-01,38.0099983215332,38.4900016784668,38.0099983215332,38.0099983215332,18.86673355102539,900
2005-03-02,38.06999969482422,38.06999969482422,38.06999969482422,38.06999969482422,18.896512985229492,400
2005-03-03,38.06999969482422,38.06999969482422,38.06999969482422,38.06999969482422,18.896512985229492,0
2005-03-04,38.06999969482422,38.06999969482422,38.06999969482422,38.06999969482422,18.896512985229492,0
2005-03-07,38.099998474121094,38.58000183105469,38.0099983215332,38.0099983215332,18.86673355102539,1200
2005-03-08,38.9900016784668,38.9900016784668,38.599998474121094,38.900001525878906,19.308500289916992,300
2005-03-09,39.040000915527344,39.040000915527344,38.2400016784668,38.54999923706055,19.134769439697266,700
2005-03-10,38.54999923706055,38.54999923706055,38.54999923706055,38.54999923706055,19.134769439697266,0
2005-03-11,38.54999923706055,38.54999923706055,38.54999923706055,38.54999923706055,19.254636764526367,0
2005-03-14,38.9900016784668,38.9900016784668,38.34000015258789,38.34000015258789,19.149747848510742,200
2005-03-15,38.34000015258789,38.34000015258789,38.34000015258789,38.34000015258789,19.149747848510742,0
2005-03-16,38.27000045776367,38.52000045776367,38.0099983215332,38.0099983215332,18.98493194580078,1600
2005-03-17,38.0099983215332,38.45000076293945,38.0099983215332,38.40999984741211,19.184715270996094,1500
2005-03-18,38.0099983215332,38.0099983215332,37.97999954223633,38.0,18.979938507080078,800
2005-03-21,37.5099983215332,37.5099983215332,37.0099983215332,37.0099983215332,18.48544692993164,200
2005-03-22,37.0099983215332,37.0099983215332,37.0099983215332,37.0099983215332,18.48544692993164,0
2005-03-23,37.0,37.650001525878906,36.869998931884766,36.869998931884766,18.415531158447266,1100
2005-03-24,36.86000061035156,36.88999938964844,36.5,36.54999923706055,18.255691528320312,4400
2005-03-28,36.540000915527344,36.540000915527344,36.540000915527344,36.540000915527344,18.250707626342773,600
2005-03-29,37.11000061035156,37.11000061035156,36.119998931884766,36.119998931884766,18.040922164916992,400
2005-03-30,36.970001220703125,36.970001220703125,36.16999816894531,36.95000076293945,18.455486297607422,300
2005-03-31,37.0,37.0,36.099998474121094,36.27000045776367,18.1158504486084,2300
2005-04-01,37.9900016784668,37.9900016784668,37.0,37.0,18.4804630279541,3200
2005-04-04,37.209999084472656,37.209999084472656,37.0,37.0,18.4804630279541,2100
2005-04-05,37.25,37.9900016784668,36.06999969482422,37.9900016784668,18.974939346313477,10600
2005-04-06,36.400001525878906,36.400001525878906,36.0,36.0,17.980995178222656,600
2005-04-07,36.04999923706055,36.380001068115234,36.04999923706055,36.099998474121094,18.030935287475586,2300
2005-04-08,36.2400016784668,36.369998931884766,35.0,35.970001220703125,17.96600341796875,15900
2005-04-11,35.369998931884766,35.380001068115234,35.34000015258789,35.34000015258789,17.651334762573242,3400
2005-04-12,35.2599983215332,35.58000183105469,35.130001068115234,35.58000183105469,17.77121353149414,3400
2005-04-13,35.18000030517578,35.650001525878906,35.099998474121094,35.119998931884766,17.54145622253418,9600
2005-04-14,35.11000061035156,35.11000061035156,34.849998474121094,34.86000061035156,17.41158676147461,500
2005-04-15,34.810001373291016,34.810001373291016,34.810001373291016,34.810001373291016,17.386615753173828,100
2005-04-18,35.130001068115234,35.130001068115234,35.130001068115234,35.130001068115234,17.54644203186035,400
2005-04-19,35.0099983215332,35.09000015258789,34.900001525878906,35.09000015258789,17.526472091674805,3700
2005-04-20,35.58000183105469,35.63999938964844,35.22999954223633,35.63999938964844,17.801179885864258,1200
2005-04-21,35.63999938964844,35.63999938964844,35.63999938964844,35.63999938964844,17.801179885864258,0
2005-04-22,35.66999816894531,35.66999816894531,35.66999816894531,35.66999816894531,17.816162109375,100
2005-04-25,35.66999816894531,35.66999816894531,35.66999816894531,35.66999816894531,17.816162109375,0
2005-04-26,35.66999816894531,35.66999816894531,35.66999816894531,35.66999816894531,17.816162109375,0
2005-04-27,36.869998931884766,36.869998931884766,35.099998474121094,35.099998474121094,17.531469345092773,3100
2005-04-28,35.38999938964844,35.400001525878906,35.0099983215332,35.0099983215332,17.486509323120117,7700
2005-04-29,35.099998474121094,35.20000076293945,35.099998474121094,35.20000076293945,17.5814151763916,400
2005-05-02,35.099998474121094,35.20000076293945,35.099998474121094,35.20000076293945,17.5814151763916,600
2005-05-03,37.0,37.0,35.20000076293945,36.0099983215332,17.985979080200195,1500
2005-05-04,35.52000045776367,35.52000045776367,35.5,35.5,17.731258392333984,200
2005-05-05,35.5,35.5,35.5,35.5,17.731258392333984,0
2005-05-06,36.59000015258789,36.599998474121094,36.0,36.0,17.980995178222656,400
2005-05-09,36.0,36.0,36.0,36.0,17.980995178222656,0
2005-05-10,35.79999923706055,35.79999923706055,35.5,35.5,17.731258392333984,200
2005-05-11,35.5,36.20000076293945,35.5,35.5,17.731258392333984,5500
2005-05-12,35.599998474121094,35.599998474121094,35.599998474121094,35.599998474121094,17.78120231628418,200
2005-05-13,38.0,39.0,37.4900016784668,38.16999816894531,19.06484031677246,6300
2005-05-16,38.63999938964844,39.72999954223633,38.63999938964844,39.5,19.72913932800293,10400
2005-05-17,39.70000076293945,40.5,39.70000076293945,40.0,19.978879928588867,5500
2005-05-18,40.0,40.25,40.0,40.25,20.103744506835938,2400
2005-05-19,40.25,40.439998626708984,40.0,40.439998626708984,20.198640823364258,2300
2005-05-20,40.25,40.25,40.25,40.25,20.103744506835938,1000
2005-05-23,40.130001068115234,40.45000076293945,39.540000915527344,40.0,19.978879928588867,3100
2005-05-24,39.56999969482422,39.56999969482422,39.5,39.5,19.72913932800293,300
2005-05-25,40.2400016784668,40.25,40.2400016784668,40.25,20.103744506835938,2000
2005-05-26,39.86000061035156,40.0,39.86000061035156,40.0,19.978879928588867,500
2005-05-27,40.0,40.43000030517578,40.0,40.43000030517578,20.193647384643555,300
2005-05-31,40.15999984741211,40.15999984741211,40.0,40.0,19.978879928588867,2300
2005-06-01,40.29999923706055,40.29999923706055,40.150001525878906,40.150001525878906,20.053800582885742,300
2005-06-02,40.150001525878906,40.150001525878906,40.150001525878906,40.150001525878906,20.053800582885742,0
2005-06-03,40.0,40.0,40.0,40.0,19.978879928588867,900
2005-06-06,40.0,40.0,39.619998931884766,40.0,19.978879928588867,900
2005-06-07,40.20000076293945,40.20000076293945,39.709999084472656,40.0,19.978879928588867,1600
2005-06-08,40.0,40.0,40.0,40.0,19.978879928588867,600
2005-06-09,39.900001525878906,39.9900016784668,39.56999969482422,39.939998626708984,19.94890594482422,1800
2005-06-10,39.54999923706055,39.54999923706055,39.54999923706055,39.54999923706055,19.754112243652344,300
2005-06-13,39.54999923706055,39.54999923706055,39.54999923706055,39.54999923706055,19.874717712402344,0
2005-06-14,39.5,39.5,39.400001525878906,39.400001525878906,19.799346923828125,300
2005-06-15,39.400001525878906,39.400001525878906,39.400001525878906,39.400001525878906,19.799346923828125,0
2005-06-16,39.9900016784668,39.9900016784668,39.9900016784668,39.9900016784668,20.095821380615234,400
2005-06-17,39.599998474121094,39.599998474121094,39.599998474121094,39.599998474121094,19.899843215942383,100
2005-06-20,39.7599983215332,39.7599983215332,39.52000045776367,39.52000045776367,19.859642028808594,1400
2005-06-21,40.0,40.189998626708984,40.0,40.189998626708984,20.19632911682129,500
2005-06-22,40.189998626708984,40.189998626708984,40.189998626708984,40.189998626708984,20.19632911682129,0
2005-06-23,39.54999923706055,39.77000045776367,39.54999923706055,39.77000045776367,19.98527717590332,900
2005-06-24,39.150001525878906,39.2400016784668,37.599998474121094,37.599998474121094,18.894792556762695,7400
2005-06-27,38.189998626708984,38.189998626708984,37.88999938964844,38.04999923706055,19.120935440063477,3100
2005-06-28,38.41999816894531,38.41999816894531,37.709999084472656,37.880001068115234,19.03550910949707,1000
2005-06-29,37.61000061035156,37.849998474121094,37.099998474121094,37.56999969482422,18.879724502563477,4500
2005-06-30,37.56999969482422,38.5,37.56999969482422,37.720001220703125,18.95510482788086,2200
2005-07-01,38.279998779296875,39.70000076293945,38.279998779296875,39.209999084472656,19.7038631439209,2700
2005-07-05,39.529998779296875,40.5,39.529998779296875,40.20000076293945,20.201351165771484,3400
2005-07-06,40.20000076293945,40.20000076293945,40.20000076293945,40.20000076293945,20.201351165771484,0
2005-07-07,40.20000076293945,40.20000076293945,40.20000076293945,40.20000076293945,20.201351165771484,0
2005-07-08,40.970001220703125,40.970001220703125,40.0,40.0,20.100845336914062,1300
2005-07-11,40.95000076293945,40.95000076293945,40.68000030517578,40.70000076293945,20.452619552612305,500
2005-07-12,40.5,40.599998474121094,40.349998474121094,40.599998474121094,20.402368545532227,3000
2005-07-13,40.5,40.5,40.5,40.5,20.352115631103516,200
2005-07-14,40.5,40.5,40.5,40.5,20.352115631103516,0
2005-07-15,40.75,40.970001220703125,39.849998474121094,39.849998474121094,20.025470733642578,600
2005-07-18,40.29999923706055,40.29999923706055,40.279998779296875,40.29999923706055,20.25161361694336,300
2005-07-19,40.5,40.5,40.5,40.5,20.352115631103516,100
2005-07-20,39.79999923706055,40.900001525878906,39.79999923706055,39.79999923706055,20.000335693359375,2300
2005-07-21,40.0,40.0,40.0,40.0,20.100845336914062,200
2005-07-22,40.0,40.0,40.0,40.0,20.100845336914062,0
2005-07-25,40.0,40.0,40.0,40.0,20.100845336914062,0
2005-07-26,40.0,40.0,40.0,40.0,20.100845336914062,0
2005-07-27,40.0,40.0,40.0,40.0,20.100845336914062,0
2005-07-28,40.119998931884766,40.5,40.119998931884766,40.5,20.352115631103516,700
2005-07-29,40.5,40.5,40.5,40.5,20.352115631103516,0
2005-08-01,40.88999938964844,40.88999938964844,40.88999938964844,40.88999938964844,20.548095703125,100
2005-08-02,40.11000061035156,40.11000061035156,40.11000061035156,40.11000061035156,20.1561279296875,200
2005-08-03,41.0,41.0,41.0,41.0,20.603374481201172,200
2005-08-04,40.130001068115234,40.130001068115234,40.130001068115234,40.130001068115234,20.166183471679688,300
2005-08-05,40.13999938964844,40.13999938964844,40.099998474121094,40.099998474121094,20.15109634399414,1400
2005-08-08,39.150001525878906,41.0,39.150001525878906,41.0,20.603374481201172,700
2005-08-09,40.0,40.0,40.0,40.0,20.100845336914062,200
2005-08-10,40.0,40.0,40.0,40.0,20.100845336914062,0
2005-08-11,40.0,40.0,39.869998931884766,40.0,20.100845336914062,700
2005-08-12,40.0,40.0,40.0,40.0,20.100845336914062,0
2005-08-15,38.83000183105469,40.0,38.83000183105469,40.0,20.100845336914062,1000
2005-08-16,40.0,40.0,40.0,40.0,20.100845336914062,0
2005-08-17,40.0,40.0,40.0,40.0,20.100845336914062,0
2005-08-18,39.630001068115234,39.75,39.630001068115234,39.75,19.9752197265625,400
2005-08-19,39.75,39.75,39.75,39.75,19.9752197265625,0
2005-08-22,39.75,39.75,39.75,39.75,19.9752197265625,0
2005-08-23,39.75,39.75,39.75,39.75,19.9752197265625,0
2005-08-24,39.75,39.75,39.75,39.75,19.9752197265625,0
2005-08-25,39.75,39.75,39.75,39.75,19.9752197265625,200
2005-08-26,38.5,38.5,38.5,38.5,19.347074508666992,300
2005-08-29,38.5,38.5,38.5,38.5,19.347074508666992,0
2005-08-30,38.5,38.5,38.5,38.5,19.347074508666992,0
2005-08-31,38.5,38.5,38.5,38.5,19.347074508666992,0
2005-09-01,38.33000183105469,38.33000183105469,38.0,38.0,19.09581756591797,200
2005-09-02,38.400001525878906,38.400001525878906,38.400001525878906,38.400001525878906,19.296823501586914,700
2005-09-06,39.31999969482422,39.31999969482422,39.31999969482422,39.31999969482422,19.759138107299805,100
2005-09-07,38.5,38.529998779296875,38.5,38.5,19.347074508666992,1100
2005-09-08,39.060001373291016,39.060001373291016,39.0,39.0,19.59833335876465,200
2005-09-09,38.95000076293945,38.95000076293945,38.90999984741211,38.90999984741211,19.55311393737793,300
2005-09-12,38.25,38.5,38.25,38.5,19.347074508666992,600
2005-09-13,39.099998474121094,39.099998474121094,38.5,38.5,19.473520278930664,400
2005-09-14,38.5,38.5,38.5,38.5,19.473520278930664,0
2005-09-15,38.5,38.5,38.5,38.5,19.473520278930664,300
2005-09-16,38.5,38.5,38.5,38.5,19.473520278930664,0
2005-09-19,38.5,38.5,38.5,38.5,19.473520278930664,800
2005-09-20,38.5,38.56999969482422,38.20000076293945,38.56999969482422,19.508935928344727,1400
2005-09-21,37.91999816894531,37.95000076293945,37.91999816894531,37.95000076293945,19.195323944091797,1000
2005-09-22,39.25,39.25,38.5,39.25,19.852880477905273,800
2005-09-23,39.25,39.25,39.25,39.25,19.852880477905273,0
2005-09-26,39.25,39.25,39.25,39.25,19.852880477905273,0
2005-09-27,39.25,39.25,39.25,39.25,19.852880477905273,0
2005-09-28,39.5,39.5,39.4900016784668,39.5,19.979331970214844,300
2005-09-29,39.060001373291016,39.060001373291016,39.060001373291016,39.060001373291016,19.75676918029785,200
2005-09-30,39.119998931884766,39.130001068115234,39.119998931884766,39.130001068115234,19.79218101501465,200
2005-10-03,39.0,39.97999954223633,39.0,39.97999954223633,20.22212028503418,2500
2005-10-04,39.06999969482422,39.709999084472656,39.06999969482422,39.709999084472656,20.08554458618164,800
2005-10-05,39.470001220703125,39.470001220703125,39.470001220703125,39.470001220703125,19.964160919189453,100
2005-10-06,38.650001525878906,39.47999954223633,38.650001525878906,39.47999954223633,19.96921157836914,800
2005-10-07,39.47999954223633,39.47999954223633,39.47999954223633,39.47999954223633,19.96921157836914,0
2005-10-10,39.47999954223633,39.47999954223633,39.47999954223633,39.47999954223633,19.96921157836914,0
2005-10-11,39.47999954223633,39.47999954223633,39.47999954223633,39.47999954223633,19.96921157836914,0
2005-10-12,39.4900016784668,40.38999938964844,39.4900016784668,40.130001068115234,20.29798698425293,3300
2005-10-13,40.099998474121094,40.150001525878906,40.099998474121094,40.150001525878906,20.3080997467041,700
2005-10-14,40.150001525878906,40.150001525878906,40.150001525878906,40.150001525878906,20.3080997467041,0
2005-10-17,40.150001525878906,40.150001525878906,40.150001525878906,40.150001525878906,20.3080997467041,0
2005-10-18,40.150001525878906,40.150001525878906,40.150001525878906,40.150001525878906,20.3080997467041,0
2005-10-19,40.150001525878906,40.150001525878906,40.150001525878906,40.150001525878906,20.3080997467041,0
2005-10-20,40.150001525878906,40.150001525878906,40.150001525878906,40.150001525878906,20.3080997467041,0
2005-10-21,38.5,38.5,38.5,38.5,19.473520278930664,200
2005-10-24,38.25,38.25,37.75,37.75,19.09416961669922,900
2005-10-25,37.75,37.75,37.75,37.75,19.09416961669922,0
2005-10-26,38.5,38.58000183105469,38.4900016784668,38.58000183105469,19.513988494873047,1100
2005-10-27,38.150001525878906,38.150001525878906,38.150001525878906,38.150001525878906,19.296480178833008,300
2005-10-28,38.150001525878906,38.150001525878906,38.150001525878906,38.150001525878906,19.296480178833008,0
2005-10-31,38.150001525878906,38.150001525878906,38.150001525878906,38.150001525878906,19.296480178833008,0
2005-11-01,38.900001525878906,38.900001525878906,38.900001525878906,38.900001525878906,19.675853729248047,200
2005-11-02,38.900001525878906,38.900001525878906,38.900001525878906,38.900001525878906,19.675853729248047,0
2005-11-03,38.150001525878906,38.97999954223633,38.0,38.97999954223633,19.7163028717041,400
2005-11-04,38.9900016784668,38.9900016784668,38.9900016784668,38.9900016784668,19.72136878967285,300
2005-11-07,38.9900016784668,38.9900016784668,38.9900016784668,38.9900016784668,19.72136878967285,0
2005-11-08,38.9900016784668,38.9900016784668,38.9900016784668,38.9900016784668,19.72136878967285,0
2005-11-09,38.9900016784668,38.9900016784668,38.9900016784668,38.9900016784668,19.72136878967285,0
2005-11-10,38.5,38.529998779296875,38.5,38.529998779296875,19.488698959350586,900
2005-11-11,38.529998779296875,38.529998779296875,38.529998779296875,38.529998779296875,19.488698959350586,0
2005-11-14,38.349998474121094,38.349998474121094,38.349998474121094,38.349998474121094,19.397645950317383,1100
2005-11-15,38.349998474121094,38.349998474121094,38.349998474121094,38.349998474121094,19.397645950317383,0
2005-11-16,38.349998474121094,38.349998474121094,38.349998474121094,38.349998474121094,19.397645950317383,0
2005-11-17,38.349998474121094,38.349998474121094,38.349998474121094,38.349998474121094,19.397645950317383,0
2005-11-18,39.0,39.0,39.0,39.0,19.726428985595703,100
2005-11-21,39.0,39.0,39.0,39.0,19.726428985595703,0
2005-11-22,39.0,39.0,39.0,39.0,19.726428985595703,0
2005-11-23,39.0,39.0,39.0,39.0,19.726428985595703,0
2005-11-25,38.5,38.5,38.5,38.5,19.473520278930664,400
2005-11-28,38.5,38.5,38.5,38.5,19.473520278930664,0
2005-11-29,38.5,38.5,38.5,38.5,19.473520278930664,0
2005-11-30,39.0,39.0,38.5,38.5,19.473520278930664,1000
2005-12-01,38.5,38.5,38.04999923706055,38.04999923706055,19.245906829833984,600
2005-12-02,38.0,38.0099983215332,37.9900016784668,37.9900016784668,19.215564727783203,1200
2005-12-05,37.9900016784668,37.9900016784668,37.9900016784668,37.9900016784668,19.215564727783203,0
2005-12-06,38.45000076293945,39.45000076293945,38.45000076293945,39.0099983215332,19.731489181518555,2100
2005-12-07,37.540000915527344,38.0,37.540000915527344,38.0,19.220624923706055,4000
2005-12-08,38.0,38.0,38.0,38.0,19.220624923706055,0
2005-12-09,38.0099983215332,38.5,38.0099983215332,38.4900016784668,19.468473434448242,2300
2005-12-12,38.5,38.5,38.5,38.5,19.473520278930664,100
2005-12-13,38.75,38.75,38.75,38.75,19.738391876220703,200
2005-12-14,38.77000045776367,38.77000045776367,38.77000045776367,38.77000045776367,19.74858856201172,200
2005-12-15,38.25,38.25,38.25,38.25,19.48371696472168,1200
2005-12-16,37.810001373291016,37.810001373291016,37.810001373291016,37.810001373291016,19.25958824157715,400
2005-12-19,37.2599983215332,37.9900016784668,37.2599983215332,37.9900016784668,19.351272583007812,1700
2005-12-20,37.9900016784668,37.9900016784668,37.9900016784668,37.9900016784668,19.351272583007812,0
2005-12-21,37.25,37.25,37.25,37.25,18.974332809448242,500
2005-12-22,37.9900016784668,37.9900016784668,37.97999954223633,37.97999954223633,19.346187591552734,700
2005-12-23,37.5099983215332,37.5099983215332,37.5099983215332,37.5099983215332,19.106769561767578,100
2005-12-27,37.02000045776367,37.02000045776367,37.02000045776367,37.02000045776367,18.857173919677734,300
2005-12-28,38.0,38.0,38.0,38.0,19.356365203857422,700
2005-12-29,37.7400016784668,37.7400016784668,37.7400016784668,37.7400016784668,19.223922729492188,300
2005-12-30,37.400001525878906,37.400001525878906,37.400001525878906,37.400001525878906,19.050737380981445,500
2006-01-03,37.400001525878906,38.45000076293945,37.369998931884766,38.45000076293945,19.585586547851562,1600
2006-01-04,38.9900016784668,38.9900016784668,38.060001373291016,38.060001373291016,19.386926651000977,2500
2006-01-05,37.5,37.5,37.119998931884766,37.16999816894531,18.933576583862305,900
2006-01-06,37.540000915527344,37.540000915527344,37.540000915527344,37.540000915527344,19.12205696105957,100
2006-01-09,37.54999923706055,37.54999923706055,37.54999923706055,37.54999923706055,19.127138137817383,200
2006-01-10,37.54999923706055,37.54999923706055,37.54999923706055,37.54999923706055,19.127138137817383,400
2006-01-11,37.349998474121094,37.349998474121094,37.349998474121094,37.349998474121094,19.025270462036133,100
2006-01-12,37.349998474121094,37.349998474121094,37.349998474121094,37.349998474121094,19.025270462036133,0
2006-01-13,37.75,37.77000045776367,37.75,37.77000045776367,19.239208221435547,200
2006-01-17,37.849998474121094,38.720001220703125,37.849998474121094,38.720001220703125,19.723114013671875,1200
2006-01-18,37.939998626708984,37.939998626708984,37.939998626708984,37.939998626708984,19.3257999420166,200
2006-01-19,38.2400016784668,38.5,38.2400016784668,38.5,19.61104965209961,300
2006-01-20,38.150001525878906,38.15999984741211,38.150001525878906,38.15999984741211,19.437862396240234,300
2006-01-23,38.29999923706055,38.599998474121094,38.189998626708984,38.310001373291016,19.5142765045166,2500
2006-01-24,38.310001373291016,38.310001373291016,38.310001373291016,38.310001373291016,19.5142765045166,0
2006-01-25,38.400001525878906,38.400001525878906,38.400001525878906,38.400001525878906,19.56011962890625,300
2006-01-26,38.59000015258789,38.75,38.59000015258789,38.75,19.738391876220703,700
2006-01-27,38.599998474121094,39.0,38.599998474121094,39.0,19.865741729736328,700
2006-01-30,38.54999923706055,39.0,38.54999923706055,38.9900016784668,19.860645294189453,1400
2006-01-31,39.0,39.0,38.900001525878906,38.900001525878906,19.814807891845703,500
2006-02-01,39.2400016784668,39.41999816894531,39.099998474121094,39.099998474121094,19.916677474975586,1400
2006-02-02,39.5,39.5,39.4900016784668,39.4900016784668,20.115345001220703,500
2006-02-03,39.5,39.75,39.5,39.75,20.247774124145508,500
2006-02-06,39.9900016784668,39.9900016784668,39.849998474121094,39.970001220703125,20.359840393066406,700
2006-02-07,40.0,40.099998474121094,40.0,40.099998474121094,20.42605972290039,2600
2006-02-08,39.29999923706055,39.880001068115234,39.29999923706055,39.77000045776367,20.257966995239258,1400
2006-02-09,39.66999816894531,40.0,39.66999816894531,39.689998626708984,20.217214584350586,1000
2006-02-10,39.0,39.5099983215332,39.0,39.5,20.12043571472168,1100
2006-02-13,40.0,40.0,39.5,39.5,20.12043571472168,800
2006-02-14,39.0,39.529998779296875,39.0,39.529998779296875,20.13570785522461,600
2006-02-15,39.29999923706055,39.5,39.0,39.5,20.12043571472168,600
2006-02-16,39.5,39.5,39.5,39.5,20.12043571472168,0
2006-02-17,39.29999923706055,39.29999923706055,39.29999923706055,39.29999923706055,20.0185604095459,100
2006-02-21,39.0,39.54999923706055,39.0,39.54999923706055,20.14590072631836,2000
2006-02-22,39.06999969482422,39.4900016784668,39.06999969482422,39.4900016784668,20.115345001220703,400
2006-02-23,39.5,39.5,39.099998474121094,39.5,20.12043571472168,400
2006-02-24,39.43000030517578,39.43000030517578,39.29999923706055,39.29999923706055,20.0185604095459,500
2006-02-27,39.29999923706055,39.29999923706055,39.29999923706055,39.29999923706055,20.0185604095459,0
2006-02-28,39.29999923706055,39.29999923706055,39.29999923706055,39.29999923706055,20.0185604095459,0
2006-03-01,39.5,40.0,39.5,40.0,20.37511444091797,2300
2006-03-02,40.0,40.0,40.0,40.0,20.37511444091797,200
2006-03-03,39.5099983215332,39.5099983215332,39.5,39.5,20.12043571472168,400
2006-03-06,39.5,39.5,39.5,39.5,20.12043571472168,0
2006-03-07,39.70000076293945,39.70000076293945,39.0,39.0,19.865741729736328,300
2006-03-08,39.97999954223633,40.0,39.75,39.75,20.247774124145508,800
2006-03-09,39.75,39.75,39.75,39.75,20.247774124145508,0
2006-03-10,39.75,39.75,39.75,39.75,20.247774124145508,0
2006-03-13,39.75,39.75,39.75,39.75,20.38625717163086,0
2006-03-14,39.2400016784668,39.2400016784668,39.2400016784668,39.2400016784668,20.12468910217285,100
2006-03-15,39.2400016784668,39.2400016784668,39.2400016784668,39.2400016784668,20.12468910217285,0
2006-03-16,39.22999954223633,40.0,39.22999954223633,40.0,20.514461517333984,1900
2006-03-17,40.0,40.0,40.0,40.0,20.514461517333984,0
2006-03-20,40.0,40.0,40.0,40.0,20.514461517333984,0
2006-03-21,40.0,40.0,40.0,40.0,20.514461517333984,0
2006-03-22,40.0,40.0,40.0,40.0,20.514461517333984,200
2006-03-23,40.0,40.0,40.0,40.0,20.514461517333984,0
2006-03-24,40.0,40.0,40.0,40.0,20.514461517333984,0
2006-03-27,40.0,40.0,40.0,40.0,20.514461517333984,0
2006-03-28,40.0,40.0,40.0,40.0,20.514461517333984,0
2006-03-29,40.0,40.0,39.349998474121094,40.0,20.514461517333984,4900
2006-03-30,40.599998474121094,40.599998474121094,40.06999969482422,40.06999969482422,20.550363540649414,300
2006-03-31,40.5,40.58000183105469,39.5,40.58000183105469,20.81192970275879,6800
2006-04-03,40.0,40.75,40.0,40.5,20.77090072631836,4600
2006-04-04,41.0,41.0099983215332,39.97999954223633,40.310001373291016,20.673450469970703,7700
2006-04-05,40.400001525878906,40.400001525878906,40.25,40.25,20.64268684387207,3700
2006-04-06,39.38999938964844,40.880001068115234,39.38999938964844,40.7599983215332,20.904239654541016,2200
2006-04-07,41.0,41.0,38.88999938964844,39.36000061035156,20.186233520507812,1800
2006-04-10,39.36000061035156,39.36000061035156,39.36000061035156,39.36000061035156,20.186233520507812,0
2006-04-11,39.25,39.25,38.38999938964844,38.58000183105469,19.78619956970215,700
2006-04-12,39.0,39.0,39.0,39.0,20.001604080200195,1300
2006-04-13,39.0,39.0,39.0,39.0,20.001604080200195,0
2006-04-17,38.5,38.5,38.099998474121094,38.099998474121094,19.540027618408203,1100
2006-04-18,38.959999084472656,38.959999084472656,38.5,38.5,19.745176315307617,500
2006-04-19,38.5,38.5,38.5,38.5,19.745176315307617,0
2006-04-20,38.5,39.0,38.5,38.5,19.745176315307617,1500
2006-04-21,39.0,39.0,39.0,39.0,20.001604080200195,900
2006-04-24,39.0,39.91999816894531,39.0,39.91999816894531,20.473438262939453,1400
2006-04-25,39.91999816894531,39.91999816894531,39.91999816894531,39.91999816894531,20.473438262939453,0
2006-04-26,39.91999816894531,39.91999816894531,39.91999816894531,39.91999816894531,20.473438262939453,0
2006-04-27,39.95000076293945,39.95000076293945,39.099998474121094,39.099998474121094,20.052881240844727,1000
2006-04-28,39.599998474121094,39.599998474121094,39.599998474121094,39.599998474121094,20.309322357177734,500
2006-05-01,39.599998474121094,39.599998474121094,39.599998474121094,39.599998474121094,20.309322357177734,0
2006-05-02,39.20000076293945,39.20000076293945,39.099998474121094,39.099998474121094,20.052881240844727,900
2006-05-03,39.5,39.5,39.0,39.0,20.001604080200195,600
2006-05-04,39.7599983215332,39.97999954223633,39.630001068115234,39.97999954223633,20.504201889038086,2000
2006-05-05,39.970001220703125,40.150001525878906,39.970001220703125,40.0,20.514461517333984,4800
2006-05-08,40.5,40.90999984741211,40.41999816894531,40.5,20.77090072631836,700
2006-05-09,40.97999954223633,41.0,40.97999954223633,41.0,21.027328491210938,300
2006-05-10,41.0,41.959999084472656,41.0,41.0099983215332,21.032455444335938,2000
2006-05-11,41.97999954223633,41.9900016784668,41.4900016784668,41.4900016784668,21.27862548828125,300
2006-05-12,41.4900016784668,41.4900016784668,41.4900016784668,41.4900016784668,21.27862548828125,0
2006-05-15,40.9900016784668,41.0,40.9900016784668,41.0,21.027328491210938,1000
2006-05-16,40.9900016784668,41.0,40.119998931884766,41.0,21.027328491210938,1600
2006-05-17,41.2400016784668,41.2400016784668,41.2400016784668,41.2400016784668,21.150415420532227,100
2006-05-18,41.2400016784668,41.2400016784668,41.2400016784668,41.2400016784668,21.150415420532227,0
2006-05-19,41.2400016784668,41.2400016784668,41.2400016784668,41.2400016784668,21.150415420532227,200
2006-05-22,41.2400016784668,41.2400016784668,41.2400016784668,41.2400016784668,21.150415420532227,0
2006-05-23,40.150001525878906,40.150001525878906,40.150001525878906,40.150001525878906,20.591392517089844,300
2006-05-24,40.150001525878906,40.150001525878906,40.150001525878906,40.150001525878906,20.591392517089844,0
2006-05-25,40.150001525878906,40.150001525878906,40.150001525878906,40.150001525878906,20.591392517089844,100
2006-05-26,40.150001525878906,40.150001525878906,40.150001525878906,40.150001525878906,20.591392517089844,0
2006-05-30,41.09000015258789,41.09000015258789,41.09000015258789,41.09000015258789,21.0734920501709,100
2006-05-31,40.5,40.5,39.9900016784668,39.9900016784668,20.509323120117188,1000
2006-06-01,39.599998474121094,39.599998474121094,39.16999816894531,39.38999938964844,20.201610565185547,900
2006-06-02,39.38999938964844,39.810001373291016,39.29999923706055,39.29999923706055,20.15546417236328,900
2006-06-05,39.0099983215332,39.0099983215332,39.0099983215332,39.0099983215332,20.00673484802246,100
2006-06-06,39.0099983215332,39.45000076293945,38.86000061035156,39.45000076293945,20.232391357421875,600
2006-06-07,39.470001220703125,39.84000015258789,39.470001220703125,39.84000015258789,20.432411193847656,2900
2006-06-08,39.93000030517578,39.93000030517578,39.93000030517578,39.93000030517578,20.478559494018555,200
2006-06-09,39.939998626708984,39.95000076293945,39.939998626708984,39.939998626708984,20.48369789123535,300
2006-06-12,40.0,40.58000183105469,40.0,40.040000915527344,20.534976959228516,1100
2006-06-13,40.220001220703125,40.220001220703125,40.220001220703125,40.220001220703125,20.777782440185547,100
2006-06-14,39.4900016784668,39.4900016784668,39.4900016784668,39.4900016784668,20.40066146850586,100
2006-06-15,39.970001220703125,40.0,39.970001220703125,40.0,20.664125442504883,1200
2006-06-16,39.75,39.75,39.75,39.75,20.53498649597168,400
2006-06-19,39.75,39.75,39.75,39.75,20.53498649597168,0
2006-06-20,39.75,39.75,39.75,39.75,20.53498649597168,0
2006-06-21,39.02000045776367,39.02000045776367,39.02000045776367,39.02000045776367,20.15785789489746,400
2006-06-22,39.02000045776367,39.02000045776367,39.02000045776367,39.02000045776367,20.15785789489746,0
2006-06-23,39.02000045776367,39.02000045776367,39.02000045776367,39.02000045776367,20.15785789489746,0
2006-06-26,39.02000045776367,39.02000045776367,39.02000045776367,39.02000045776367,20.15785789489746,0
2006-06-27,39.099998474121094,39.099998474121094,38.09000015258789,38.09000015258789,19.67742156982422,500
2006-06-28,39.06999969482422,39.06999969482422,38.4900016784668,38.5,19.88922882080078,2100
2006-06-29,38.5,38.5,38.5,38.5,19.88922882080078,0
2006-06-30,39.0,39.0,39.0,39.0,20.147523880004883,100
2006-07-03,39.5,41.720001220703125,39.5,40.880001068115234,21.118736267089844,3500
2006-07-05,40.880001068115234,40.880001068115234,40.880001068115234,40.880001068115234,21.118736267089844,0
2006-07-06,40.880001068115234,40.880001068115234,40.880001068115234,40.880001068115234,21.118736267089844,0
2006-07-07,40.75,40.7599983215332,40.75,40.7599983215332,21.056743621826172,400
2006-07-10,40.25,40.400001525878906,40.25,40.400001525878906,20.870773315429688,500
2006-07-11,40.400001525878906,40.400001525878906,40.400001525878906,40.400001525878906,20.870773315429688,0
2006-07-12,40.400001525878906,40.400001525878906,40.400001525878906,40.400001525878906,20.870773315429688,0
2006-07-13,40.5099983215332,40.5099983215332,40.5099983215332,40.5099983215332,20.927597045898438,200
2006-07-14,40.0,40.0,40.0,40.0,20.664125442504883,100
2006-07-17,39.90999984741211,40.0,39.90999984741211,40.0,20.664125442504883,200
2006-07-18,39.34000015258789,39.34000015258789,39.34000015258789,39.34000015258789,20.32316780090332,200
2006-07-19,39.20000076293945,39.20000076293945,38.22999954223633,39.0,20.147523880004883,1300
2006-07-20,38.369998931884766,38.369998931884766,38.369998931884766,38.369998931884766,19.822059631347656,200
2006-07-21,37.380001068115234,37.380001068115234,37.380001068115234,37.380001068115234,19.310632705688477,300
2006-07-24,37.380001068115234,37.380001068115234,37.380001068115234,37.380001068115234,19.310632705688477,0
2006-07-25,37.380001068115234,37.380001068115234,37.380001068115234,37.380001068115234,19.310632705688477,0
2006-07-26,37.25,37.5,37.25,37.5,19.372615814208984,200
2006-07-27,37.75,38.25,37.75,38.25,19.76008415222168,800
2006-07-28,38.25,38.25,37.54999923706055,37.54999923706055,19.398447036743164,600
2006-07-31,36.9900016784668,37.9900016784668,36.79999923706055,37.9900016784668,19.62575912475586,700
2006-08-01,37.9900016784668,37.9900016784668,37.9900016784668,37.9900016784668,19.62575912475586,0
2006-08-02,37.5,37.5,37.5,37.5,19.372615814208984,100
2006-08-03,37.5,37.5,37.5,37.5,19.372615814208984,0
2006-08-04,37.5,37.5,37.5,37.5,19.372615814208984,0
2006-08-07,37.5,38.25,37.5,38.25,19.76008415222168,900
2006-08-08,37.56999969482422,37.56999969482422,37.56999969482422,37.56999969482422,19.40878677368164,100
2006-08-09,38.22999954223633,38.22999954223633,38.22999954223633,38.22999954223633,19.749736785888672,100
2006-08-10,37.4900016784668,37.4900016784668,37.0,37.25,19.24346923828125,3600
2006-08-11,37.25,37.25,37.25,37.25,19.24346923828125,0
2006-08-14,37.25,37.25,37.25,37.25,19.24346923828125,0
2006-08-15,37.68000030517578,37.68000030517578,37.65999984741211,37.65999984741211,19.45527458190918,1600
2006-08-16,37.70000076293945,37.91999816894531,37.70000076293945,37.91999816894531,19.589595794677734,300
2006-08-17,37.91999816894531,37.91999816894531,37.91999816894531,37.91999816894531,19.589595794677734,0
2006-08-18,37.75,37.75,37.75,37.75,19.50177001953125,1400
2006-08-21,37.75,37.75,37.75,37.75,19.50177001953125,0
2006-08-22,37.5,37.5,37.5,37.5,19.372615814208984,700
2006-08-23,38.150001525878906,38.9900016784668,38.150001525878906,38.95000076293945,20.121694564819336,1000
2006-08-24,38.29999923706055,38.31999969482422,38.29999923706055,38.29999923706055,19.785900115966797,300
2006-08-25,37.439998626708984,38.22999954223633,37.439998626708984,38.209999084472656,19.739408493041992,1600
2006-08-28,38.959999084472656,39.0,38.959999084472656,39.0,20.147523880004883,600
2006-08-29,39.0,39.0,39.0,39.0,20.147523880004883,1000
2006-08-30,38.83000183105469,38.9900016784668,38.83000183105469,38.9900016784668,20.14236068725586,300
2006-08-31,38.9900016784668,38.9900016784668,38.9900016784668,38.9900016784668,20.14236068725586,0
2006-09-01,38.9900016784668,38.9900016784668,38.9900016784668,38.9900016784668,20.14236068725586,0
2006-09-05,38.5099983215332,38.5099983215332,38.5099983215332,38.5099983215332,19.89438819885254,200
2006-09-06,38.5099983215332,38.5099983215332,38.5099983215332,38.5099983215332,19.89438819885254,0
2006-09-07,38.25,38.25,38.25,38.25,19.76008415222168,400
2006-09-08,38.25,38.25,38.25,38.25,19.76008415222168,0
2006-09-11,38.25,38.25,38.25,38.25,19.76008415222168,0
2006-09-12,38.5,38.75,38.5,38.75,20.018369674682617,1100
2006-09-13,38.599998474121094,38.599998474121094,38.599998474121094,38.599998474121094,20.091251373291016,200
2006-09-14,38.75,38.75,38.5,38.5,20.039194107055664,700
2006-09-15,38.5,38.5,38.5,38.5,20.039194107055664,1500
2006-09-18,38.599998474121094,38.599998474121094,38.599998474121094,38.599998474121094,20.091251373291016,600
2006-09-19,38.599998474121094,38.599998474121094,38.599998474121094,38.599998474121094,20.091251373291016,0
2006-09-20,39.9900016784668,39.9900016784668,39.9900016784668,39.9900016784668,20.814735412597656,200
2006-09-21,39.9900016784668,40.0,39.95000076293945,40.0,20.819944381713867,300
2006-09-22,40.0,40.25,40.0,40.25,20.950069427490234,1000
2006-09-25,40.25,40.25,39.5,39.5,20.55970573425293,600
2006-09-26,39.5,39.5,39.5,39.5,20.55970573425293,200
2006-09-27,40.209999084472656,40.209999084472656,40.209999084472656,40.209999084472656,20.929250717163086,200
2006-09-28,40.959999084472656,41.0,40.959999084472656,41.0,21.340444564819336,500
2006-09-29,40.33000183105469,40.5,40.33000183105469,40.5,21.080196380615234,300
2006-10-02,40.5,42.119998931884766,40.0099983215332,40.540000915527344,21.10100746154785,5200
2006-10-03,41.099998474121094,41.099998474121094,40.540000915527344,40.540000915527344,21.10100746154785,1900
2006-10-04,40.540000915527344,40.540000915527344,40.540000915527344,40.540000915527344,21.10100746154785,0
2006-10-05,40.5,40.5,40.439998626708984,40.439998626708984,21.048965454101562,2200
2006-10-06,39.709999084472656,40.31999969482422,39.709999084472656,40.31999969482422,20.98650550842285,300
2006-10-09,40.31999969482422,40.31999969482422,40.31999969482422,40.31999969482422,20.98650550842285,0
2006-10-10,40.5,40.5,39.77000045776367,40.5,21.080196380615234,3400
2006-10-11,39.5,41.970001220703125,39.5,41.970001220703125,21.84532928466797,1400
2006-10-12,41.0,42.5,41.0,42.5,22.121187210083008,1700
2006-10-13,42.25,42.25,41.779998779296875,41.779998779296875,21.746427536010742,500
2006-10-16,41.29999923706055,42.0,41.29999923706055,42.0,21.86094093322754,200
2006-10-17,42.0,42.0,42.0,42.0,21.86094093322754,0
2006-10-18,42.0,42.0,42.0,42.0,21.86094093322754,0
2006-10-19,41.400001525878906,41.400001525878906,41.400001525878906,41.400001525878906,21.54864501953125,300
2006-10-20,41.400001525878906,41.400001525878906,41.400001525878906,41.400001525878906,21.54864501953125,0
2006-10-23,41.29999923706055,41.29999923706055,40.97999954223633,40.97999954223633,21.330028533935547,500
2006-10-24,41.0,41.5,41.0,41.5,21.600690841674805,300
2006-10-25,40.79999923706055,40.79999923706055,40.470001220703125,40.470001220703125,21.0645809173584,400
2006-10-26,40.25,40.25,40.25,40.25,20.950069427490234,500
2006-10-27,40.2599983215332,40.2599983215332,40.2599983215332,40.2599983215332,20.95526695251465,500
2006-10-30,40.0,40.29999923706055,39.5099983215332,40.29999923706055,20.976099014282227,2700
2006-10-31,40.29999923706055,40.29999923706055,40.29999923706055,40.29999923706055,20.976099014282227,0
2006-11-01,40.25,41.400001525878906,40.25,41.349998474121094,21.522615432739258,1100
2006-11-02,40.75,40.75,40.75,40.75,21.210317611694336,200
2006-11-03,40.5,40.5,40.5,40.5,21.080196380615234,300
2006-11-06,40.5,40.5,40.5,40.5,21.080196380615234,0
2006-11-07,41.0,41.0,41.0,41.0,21.340444564819336,200
2006-11-08,40.880001068115234,40.880001068115234,39.900001525878906,40.34000015258789,20.996915817260742,600
2006-11-09,40.349998474121094,40.349998474121094,40.25,40.25,20.950069427490234,800
2006-11-10,39.79999923706055,39.79999923706055,39.79999923706055,39.79999923706055,20.715843200683594,300
2006-11-13,39.79999923706055,39.79999923706055,39.79999923706055,39.79999923706055,20.715843200683594,0
2006-11-14,39.79999923706055,39.79999923706055,39.79999923706055,39.79999923706055,20.715843200683594,0
2006-11-15,40.5,40.5,40.5,40.5,21.080196380615234,200
2006-11-16,40.5,40.5,40.5,40.5,21.080196380615234,0
2006-11-17,40.0,40.0,40.0,40.0,20.819944381713867,100
2006-11-20,39.56999969482422,39.56999969482422,39.56999969482422,39.56999969482422,20.596132278442383,200
2006-11-21,40.0,40.4900016784668,39.25,40.4900016784668,21.074987411499023,1400
2006-11-22,40.5,40.5,40.5,40.5,21.080196380615234,200
2006-11-24,40.5,40.5,40.5,40.5,21.080196380615234,0
2006-11-27,41.20000076293945,41.20000076293945,41.0,41.0,21.340444564819336,300
2006-11-28,41.0,41.0,40.5,40.59000015258789,21.12704086303711,700
2006-11-29,41.25,41.25,39.5,40.709999084472656,21.18950080871582,1000
2006-11-30,40.709999084472656,40.709999084472656,40.709999084472656,40.709999084472656,21.18950080871582,0
2006-12-01,40.709999084472656,40.709999084472656,40.709999084472656,40.709999084472656,21.18950080871582,0
2006-12-04,39.09000015258789,40.099998474121094,39.09000015258789,39.150001525878906,20.37751007080078,700
2006-12-05,39.5,39.5,39.5,39.5,20.55970573425293,200
2006-12-06,39.5,39.5,39.5,39.5,20.55970573425293,0
2006-12-07,39.04999923706055,39.04999923706055,39.04999923706055,39.04999923706055,20.325469970703125,300
2006-12-08,38.79999923706055,39.70000076293945,38.79999923706055,39.70000076293945,20.663795471191406,300
2006-12-11,39.5,39.779998779296875,38.849998474121094,39.779998779296875,20.705429077148438,1400
2006-12-12,39.779998779296875,39.779998779296875,39.779998779296875,39.779998779296875,20.705429077148438,0
2006-12-13,39.779998779296875,39.779998779296875,39.779998779296875,39.779998779296875,20.86805534362793,0
2006-12-14,39.779998779296875,39.779998779296875,39.779998779296875,39.779998779296875,20.86805534362793,0
2006-12-15,39.95000076293945,39.9900016784668,39.95000076293945,39.9900016784668,20.97821617126465,400
2006-12-18,39.4900016784668,39.4900016784668,39.4900016784668,39.4900016784668,20.715925216674805,100
2006-12-19,39.5,39.5,39.0099983215332,39.0099983215332,20.464128494262695,800
2006-12-20,39.5,39.5,39.5,39.5,20.721181869506836,1100
2006-12-21,39.5,39.5,39.5,39.5,20.721181869506836,0
2006-12-22,39.5,39.5,38.5,38.5,20.19658851623535,1200
2006-12-26,38.5,38.5,38.5,38.5,20.19658851623535,0
2006-12-27,39.22999954223633,39.22999954223633,39.16999816894531,39.16999816894531,20.54805564880371,500
2006-12-28,38.650001525878906,39.52000045776367,38.650001525878906,39.52000045776367,20.73166275024414,200
2006-12-29,39.91999816894531,39.95000076293945,39.75,39.75,20.852317810058594,500
2007-01-03,39.9900016784668,40.5,39.599998474121094,40.5,21.245756149291992,7500
2007-01-04,40.45000076293945,40.4900016784668,40.45000076293945,40.4900016784668,21.24051284790039,300
2007-01-05,39.77000045776367,40.5,39.7599983215332,39.7599983215332,20.857559204101562,500
2007-01-08,40.0,40.0,40.0,40.0,20.98346710205078,200
2007-01-09,39.79999923706055,40.290000915527344,39.79999923706055,40.02000045776367,20.993959426879883,600
2007-01-10,40.5,40.540000915527344,40.5,40.540000915527344,21.266738891601562,800
2007-01-11,40.540000915527344,40.540000915527344,40.540000915527344,40.540000915527344,21.266738891601562,0
2007-01-12,40.7400016784668,40.97999954223633,40.7400016784668,40.97999954223633,21.497556686401367,400
2007-01-16,40.97999954223633,40.97999954223633,40.97999954223633,40.97999954223633,21.497556686401367,0
2007-01-17,40.959999084472656,40.97999954223633,40.939998626708984,40.97999954223633,21.497556686401367,900
2007-01-18,40.9900016784668,41.400001525878906,40.9900016784668,41.36000061035156,21.696897506713867,2200
2007-01-19,41.400001525878906,41.7400016784668,41.0,41.7400016784668,21.89624786376953,1100
2007-01-22,41.7400016784668,41.7400016784668,41.02000045776367,41.08000183105469,21.550024032592773,900
2007-01-23,41.0,41.0,40.9900016784668,40.9900016784668,21.50281524658203,1000
2007-01-24,40.4900016784668,40.4900016784668,40.47999954223633,40.4900016784668,21.24051284790039,1100
2007-01-25,40.369998931884766,40.9900016784668,39.9900016784668,40.97999954223633,21.497556686401367,1600
2007-01-26,40.9900016784668,41.0,40.25,40.900001525878906,21.455589294433594,2600
2007-01-29,40.2599983215332,40.2599983215332,40.2599983215332,40.2599983215332,21.119853973388672,100
2007-01-30,40.29999923706055,41.31999969482422,40.29999923706055,41.31999969482422,21.67591667175293,1300
2007-01-31,41.9900016784668,41.9900016784668,40.599998474121094,41.279998779296875,21.65492820739746,6000
2007-02-01,41.279998779296875,41.279998779296875,41.279998779296875,41.279998779296875,21.65492820739746,0
2007-02-02,41.459999084472656,41.459999084472656,41.25,41.25,21.639209747314453,100400
2007-02-05,40.90999984741211,41.9900016784668,40.90999984741211,41.9900016784668,22.027393341064453,1900
2007-02-06,42.0,42.0,42.0,42.0,22.032636642456055,900
2007-02-07,42.0,43.0,42.0,42.5,22.294931411743164,3100
2007-02-08,42.5,42.5,42.4900016784668,42.4900016784668,22.289682388305664,400
2007-02-09,42.400001525878906,42.400001525878906,42.400001525878906,42.400001525878906,22.242475509643555,300
2007-02-12,42.5,42.5,42.16999816894531,42.16999816894531,22.12181854248047,1700
2007-02-13,42.09000015258789,42.09000015258789,42.09000015258789,42.09000015258789,22.079849243164062,1100
2007-02-14,42.400001525878906,42.400001525878906,42.099998474121094,42.25,22.16378402709961,600
2007-02-15,42.25,42.25,42.25,42.25,22.16378402709961,0
2007-02-16,42.43000030517578,42.4900016784668,42.43000030517578,42.470001220703125,22.27919578552246,600
2007-02-20,42.470001220703125,42.470001220703125,42.470001220703125,42.470001220703125,22.27919578552246,0
2007-02-21,42.5,42.9900016784668,42.470001220703125,42.880001068115234,22.494272232055664,13900
2007-02-22,43.29999923706055,43.29999923706055,43.0,43.0,22.557218551635742,3000
2007-02-23,43.11000061035156,43.45000076293945,43.0,43.369998931884766,22.751323699951172,2000
2007-02-26,43.400001525878906,43.5,43.25,43.25,22.68836784362793,2100
2007-02-27,43.4900016784668,43.4900016784668,43.25,43.25,22.68836784362793,500
2007-02-28,43.0,44.04999923706055,43.0,44.04999923706055,23.10804557800293,1000
2007-03-01,44.54999923706055,44.70000076293945,44.119998931884766,44.119998931884766,23.144771575927734,600
2007-03-02,44.79999923706055,44.79999923706055,44.04999923706055,44.04999923706055,23.10804557800293,1000
2007-03-05,43.79999923706055,44.86000061035156,43.25,43.79999923706055,22.97689437866211,1700
2007-03-06,44.0,44.52000045776367,44.0,44.52000045776367,23.354595184326172,1200
2007-03-07,44.5,46.0,44.5,45.790000915527344,24.020830154418945,3600
2007-03-08,45.599998474121094,45.599998474121094,45.20000076293945,45.400001525878906,23.81623649597168,500
2007-03-09,45.20000076293945,45.20000076293945,44.650001525878906,44.650001525878906,23.42279052734375,1000
2007-03-12,44.880001068115234,44.880001068115234,44.880001068115234,44.880001068115234,23.54344940185547,100
2007-03-13,44.59000015258789,45.4900016784668,44.4900016784668,44.9900016784668,23.765310287475586,3800
2007-03-14,44.90999984741211,45.59000015258789,44.2400016784668,45.0,23.770587921142578,2200
2007-03-15,45.0,45.0,45.0,45.0,23.770587921142578,0
2007-03-16,44.79999923706055,45.5,44.439998626708984,45.0,23.770587921142578,2500
2007-03-19,45.0,45.0,45.0,45.0,23.770587921142578,0
2007-03-20,45.16999816894531,45.16999816894531,45.0,45.0,23.770587921142578,900
2007-03-21,44.7400016784668,44.7400016784668,44.70000076293945,44.70000076293945,23.612117767333984,300
2007-03-22,44.70000076293945,44.70000076293945,44.70000076293945,44.70000076293945,23.612117767333984,0
2007-03-23,44.150001525878906,44.150001525878906,44.150001525878906,44.150001525878906,23.321592330932617,100
2007-03-26,44.150001525878906,44.150001525878906,44.150001525878906,44.150001525878906,23.321592330932617,0
2007-03-27,44.150001525878906,44.150001525878906,44.150001525878906,44.150001525878906,23.321592330932617,0
2007-03-28,45.0099983215332,45.0099983215332,45.0099983215332,45.0099983215332,23.77587127685547,300
2007-03-29,44.5,44.5,44.0,44.0,23.242351531982422,1300
2007-03-30,44.0,44.0,43.939998626708984,43.95000076293945,23.215946197509766,2400
2007-04-02,44.18000030517578,44.47999954223633,43.66999816894531,43.9900016784668,23.237075805664062,2300
2007-04-03,44.0,44.0099983215332,43.619998931884766,43.880001068115234,23.178972244262695,3200
2007-04-04,43.880001068115234,44.0,43.880001068115234,44.0,23.242351531982422,4800
2007-04-05,45.0,45.0,44.0099983215332,44.77000045776367,23.649093627929688,900
2007-04-09,44.52000045776367,44.52000045776367,44.5,44.5,23.5064754486084,1200
2007-04-10,44.060001373291016,44.7400016784668,44.060001373291016,44.7400016784668,23.633249282836914,1000
2007-04-11,44.36000061035156,44.7400016784668,44.25,44.7400016784668,23.633249282836914,1600
2007-04-12,44.7400016784668,44.7400016784668,44.7400016784668,44.7400016784668,23.633249282836914,0
2007-04-13,44.7400016784668,44.7400016784668,44.7400016784668,44.7400016784668,23.633249282836914,0
2007-04-16,44.7400016784668,44.7400016784668,44.7400016784668,44.7400016784668,23.633249282836914,0
2007-04-17,44.0,44.0,44.0,44.0,23.242351531982422,100
2007-04-18,43.900001525878906,44.0,43.16999816894531,43.16999816894531,22.80391502380371,1900
2007-04-19,43.040000915527344,43.040000915527344,42.0,42.0099983215332,22.191162109375,1800
2007-04-20,42.029998779296875,43.0,41.720001220703125,42.9900016784668,22.708837509155273,2200
2007-04-23,42.540000915527344,43.43000030517578,42.41999816894531,43.41999816894531,22.93596649169922,1300
2007-04-24,42.22999954223633,42.720001220703125,42.209999084472656,42.720001220703125,22.56620979309082,400
2007-04-25,41.040000915527344,41.310001373291016,41.040000915527344,41.290000915527344,21.810829162597656,1800
2007-04-26,41.290000915527344,41.290000915527344,41.290000915527344,41.290000915527344,21.810829162597656,0
2007-04-27,41.2599983215332,41.2599983215332,39.25,39.25,20.733240127563477,2600
2007-04-30,38.970001220703125,38.970001220703125,37.2599983215332,37.290000915527344,19.697893142700195,3200
2007-05-01,37.880001068115234,37.880001068115234,36.099998474121094,37.16999816894531,19.63450050354004,12100
2007-05-02,37.68000030517578,39.0,37.5,38.880001068115234,20.53778648376465,8700
2007-05-03,38.88999938964844,38.88999938964844,38.88999938964844,38.88999938964844,20.543073654174805,100
2007-05-04,38.9900016784668,38.9900016784668,38.58000183105469,38.869998931884766,20.532506942749023,700
2007-05-07,39.220001220703125,40.25,39.220001220703125,40.099998474121094,21.18222999572754,1600
2007-05-08,40.470001220703125,41.0,40.470001220703125,40.77000045776367,21.536155700683594,1500
2007-05-09,40.16999816894531,41.08000183105469,40.16999816894531,41.08000183105469,21.699907302856445,5400
2007-05-10,41.5,41.63999938964844,40.77000045776367,41.189998626708984,21.75800895690918,6900
2007-05-11,41.61000061035156,41.97999954223633,41.59000015258789,41.97999954223633,22.175317764282227,500
2007-05-14,42.0,42.20000076293945,41.9900016784668,42.20000076293945,22.291528701782227,3700
2007-05-15,42.47999954223633,42.61000061035156,42.47999954223633,42.599998474121094,22.502817153930664,900
2007-05-16,42.75,42.779998779296875,42.13999938964844,42.13999938964844,22.259841918945312,2100
2007-05-17,41.61000061035156,41.61000061035156,41.61000061035156,41.61000061035156,21.979867935180664,600
2007-05-18,41.61000061035156,41.61000061035156,41.61000061035156,41.61000061035156,21.979867935180664,0
2007-05-21,42.0,42.5,41.560001373291016,42.25,22.317943572998047,2500
2007-05-22,42.75,42.90999984741211,42.75,42.90999984741211,22.666568756103516,700
2007-05-23,43.0,43.0,42.86000061035156,42.86000061035156,22.640159606933594,800
2007-05-24,43.0,43.0,42.08000183105469,42.95000076293945,22.687713623046875,3200
2007-05-25,42.9900016784668,43.04999923706055,42.88999938964844,43.0,22.714115142822266,1700
2007-05-29,43.0,43.0,43.0,43.0,22.714115142822266,5600
2007-05-30,42.84000015258789,42.88999938964844,42.13999938964844,42.5,22.44999885559082,20300
2007-05-31,42.25,42.75,42.25,42.63999938964844,22.523950576782227,2400
2007-06-01,42.56999969482422,42.880001068115234,42.56999969482422,42.720001220703125,22.56620979309082,500
2007-06-04,42.720001220703125,42.720001220703125,42.720001220703125,42.720001220703125,22.56620979309082,0
2007-06-05,43.45000076293945,43.45000076293945,43.04999923706055,43.04999923706055,22.740524291992188,900
2007-06-06,42.31999969482422,43.0,42.31999969482422,43.0,22.714115142822266,400
2007-06-07,43.25,43.470001220703125,43.0,43.20000076293945,22.819765090942383,2600
2007-06-08,43.47999954223633,43.54999923706055,43.189998626708984,43.459999084472656,22.957107543945312,1700
2007-06-11,43.79999923706055,43.93000030517578,43.29999923706055,43.29999923706055,22.872591018676758,2000
2007-06-12,43.5,43.959999084472656,43.25,43.52000045776367,22.98879623413086,1100
2007-06-13,43.0,43.380001068115234,42.900001525878906,43.349998474121094,23.06328773498535,2300
2007-06-14,43.43000030517578,43.43000030517578,42.9900016784668,42.9900016784668,22.87175750732422,1200
2007-06-15,42.650001525878906,42.650001525878906,42.18000030517578,42.18000030517578,22.440811157226562,300
2007-06-18,42.18000030517578,42.18000030517578,40.79999923706055,41.2599983215332,21.95134925842285,1900
2007-06-19,41.2599983215332,41.2599983215332,41.2599983215332,41.2599983215332,21.95134925842285,0
2007-06-20,40.849998474121094,41.060001373291016,40.849998474121094,41.060001373291016,21.844940185546875,200
2007-06-21,41.060001373291016,41.060001373291016,41.060001373291016,41.060001373291016,21.844940185546875,0
2007-06-22,41.65999984741211,41.65999984741211,41.15999984741211,41.15999984741211,21.898143768310547,200
2007-06-25,41.66999816894531,41.66999816894531,41.380001068115234,41.40999984741211,22.031150817871094,1100
2007-06-26,40.61000061035156,40.61000061035156,40.61000061035156,40.61000061035156,21.605539321899414,200
2007-06-27,41.0,41.0,40.5,40.970001220703125,21.797067642211914,1000
2007-06-28,40.5,41.0,40.5,41.0,21.813032150268555,400
2007-06-29,40.790000915527344,40.97999954223633,39.5099983215332,40.97999954223633,21.80238151550293,3400
2007-07-02,41.349998474121094,42.439998626708984,41.0,42.41999816894531,22.568500518798828,2000
2007-07-03,41.849998474121094,41.849998474121094,41.75,41.75,22.212051391601562,400
2007-07-05,41.0,41.9900016784668,41.0,41.9900016784668,22.33972930908203,500
2007-07-06,41.9900016784668,41.9900016784668,41.9900016784668,41.9900016784668,22.33972930908203,0
2007-07-09,42.0,42.0,42.0,42.0,22.34505271911621,300
2007-07-10,41.7400016784668,41.7400016784668,41.0,41.15999984741211,21.898143768310547,500
2007-07-11,41.15999984741211,41.9900016784668,41.15999984741211,41.9900016784668,22.33972930908203,500
2007-07-12,41.939998626708984,42.38999938964844,41.939998626708984,42.38999938964844,22.55254364013672,800
2007-07-13,41.599998474121094,42.18000030517578,41.599998474121094,41.91999816894531,22.302488327026367,2300
2007-07-16,41.900001525878906,41.900001525878906,41.900001525878906,41.900001525878906,22.291847229003906,200
2007-07-17,41.97999954223633,42.18000030517578,41.79999923706055,41.79999923706055,22.23863983154297,5200
2007-07-18,42.47999954223633,42.7400016784668,42.0,42.02000045776367,22.355693817138672,2100
2007-07-19,42.02000045776367,42.02000045776367,42.02000045776367,42.02000045776367,22.355693817138672,0
2007-07-20,42.02000045776367,42.02000045776367,42.02000045776367,42.02000045776367,22.355693817138672,0
2007-07-23,42.02000045776367,42.02000045776367,42.02000045776367,42.02000045776367,22.355693817138672,0
2007-07-24,41.0,41.0,40.7599983215332,40.7599983215332,21.68534278869629,200
2007-07-25,40.7599983215332,40.7599983215332,40.7599983215332,40.7599983215332,21.68534278869629,0
2007-07-26,40.7599983215332,40.7599983215332,40.7599983215332,40.7599983215332,21.68534278869629,0
2007-07-27,40.7599983215332,40.7599983215332,40.7599983215332,40.7599983215332,21.68534278869629,0
2007-07-30,39.95000076293945,39.95000076293945,38.04999923706055,39.09000015258789,20.796855926513672,6400
2007-07-31,39.0,39.75,39.0,39.7400016784668,21.142671585083008,6200
2007-08-01,39.7400016784668,40.25,39.5,40.25,21.41400909423828,3300
2007-08-02,40.75,41.0,40.25,40.25,21.41400909423828,13500
2007-08-03,39.5,40.9900016784668,39.31999969482422,39.369998931884766,20.94582176208496,1800
2007-08-06,40.61000061035156,40.61000061035156,39.5,39.5,21.014991760253906,1700
2007-08-07,39.0099983215332,39.0099983215332,39.0099983215332,39.0099983215332,20.75429916381836,100
2007-08-08,39.0099983215332,41.0,39.0099983215332,41.0,21.813032150268555,6500
2007-08-09,39.06999969482422,41.9900016784668,39.06999969482422,41.599998474121094,22.132244110107422,7000
2007-08-10,41.0,41.970001220703125,41.0,41.54999923706055,22.105640411376953,3200
2007-08-13,41.650001525878906,41.650001525878906,41.0,41.5,22.079036712646484,2000
2007-08-14,41.5,41.5,40.5,40.75,21.680015563964844,12900
2007-08-15,40.5,41.54999923706055,40.5,41.0,21.813032150268555,1600
2007-08-16,40.5,41.0,39.25,40.9900016784668,21.807708740234375,2400
2007-08-17,41.0,41.0,40.900001525878906,41.0,21.813032150268555,900
2007-08-20,39.29999923706055,40.68000030517578,39.0,40.099998474121094,21.334197998046875,1400
2007-08-21,40.25,40.25,39.75,39.75,21.147998809814453,200
2007-08-22,39.09000015258789,39.25,39.09000015258789,39.25,20.881986618041992,1300
2007-08-23,39.7400016784668,39.7400016784668,39.7400016784668,39.7400016784668,21.142671585083008,100
2007-08-24,39.75,39.75,39.75,39.75,21.147998809814453,200
2007-08-27,40.0,40.709999084472656,40.0,40.650001525878906,21.626815795898438,800
2007-08-28,40.9900016784668,41.25,40.79999923706055,40.79999923706055,21.70661163330078,1800
2007-08-29,42.0,42.45000076293945,41.5,42.45000076293945,22.58446502685547,9100
2007-08-30,42.5,42.5,42.5,42.5,22.611061096191406,1000
2007-08-31,42.5,42.70000076293945,42.5,42.650001525878906,22.69087028503418,4600
2007-09-04,42.7599983215332,43.25,42.7599983215332,43.20000076293945,22.98348045349121,1800
2007-09-05,42.5099983215332,43.20000076293945,42.5099983215332,43.20000076293945,22.98348045349121,1100
2007-09-06,43.20000076293945,43.20000076293945,42.70000076293945,42.75,22.744070053100586,400
2007-09-07,42.689998626708984,42.689998626708984,42.689998626708984,42.689998626708984,22.71214485168457,100
2007-09-10,42.900001525878906,42.900001525878906,42.900001525878906,42.900001525878906,22.823862075805664,700
2007-09-11,42.900001525878906,42.900001525878906,42.900001525878906,42.900001525878906,22.823862075805664,200
2007-09-12,42.59000015258789,43.25,42.59000015258789,42.95000076293945,23.01679229736328,2300
2007-09-13,43.25,43.25,42.849998474121094,42.849998474121094,22.963207244873047,700
2007-09-14,43.5,43.5,42.5099983215332,43.0,23.043594360351562,1000
2007-09-17,43.0,43.0,43.0,43.0,23.043594360351562,200
2007-09-18,43.0,43.0,42.75,42.75,22.909616470336914,200
2007-09-19,42.5,42.5,42.25,42.25,22.641672134399414,600
2007-09-20,42.560001373291016,42.560001373291016,42.0099983215332,42.0099983215332,22.513057708740234,600
2007-09-21,42.0099983215332,42.0099983215332,42.0099983215332,42.0099983215332,22.513057708740234,0
2007-09-24,42.0099983215332,42.0099983215332,42.0099983215332,42.0099983215332,22.513057708740234,0
2007-09-25,42.25,42.25,42.25,42.25,22.641672134399414,300
2007-09-26,43.0,43.0,42.0,42.0,22.507694244384766,1100
2007-09-27,42.0,42.0,42.0,42.0,22.507694244384766,0
2007-09-28,41.75,41.75,41.75,41.75,22.373722076416016,100
2007-10-01,42.97999954223633,42.97999954223633,41.7599983215332,42.59000015258789,22.823862075805664,1900
2007-10-02,42.2400016784668,42.2400016784668,41.720001220703125,42.0099983215332,22.513057708740234,900
2007-10-03,41.75,41.75,41.75,41.75,22.373722076416016,100
2007-10-04,41.75,42.04999923706055,41.75,42.04999923706055,22.53448486328125,400
2007-10-05,41.349998474121094,42.4900016784668,41.349998474121094,42.4900016784668,22.770286560058594,200
2007-10-08,42.2400016784668,42.2400016784668,42.2400016784668,42.2400016784668,22.63631248474121,100
2007-10-09,42.0,42.310001373291016,42.0,42.310001373291016,22.67382049560547,600
2007-10-10,41.63999938964844,42.25,41.63999938964844,41.79999923706055,22.4005184173584,5900
2007-10-11,41.79999923706055,41.79999923706055,41.79999923706055,41.79999923706055,22.4005184173584,0
2007-10-12,42.029998779296875,42.029998779296875,42.0,42.0,22.507694244384766,700
2007-10-15,42.0,42.0,42.0,42.0,22.507694244384766,200
2007-10-16,42.0,42.0,42.0,42.0,22.507694244384766,0
2007-10-17,42.0,42.0,42.0,42.0,22.507694244384766,700
2007-10-18,42.0,42.0,42.0,42.0,22.507694244384766,0
2007-10-19,42.0,42.0,42.0,42.0,22.507694244384766,0
2007-10-22,41.779998779296875,41.779998779296875,41.06999969482422,41.45000076293945,22.212949752807617,4200
2007-10-23,41.54999923706055,42.189998626708984,41.54999923706055,42.189998626708984,22.60951042175293,300
2007-10-24,42.0099983215332,42.0099983215332,41.849998474121094,41.86000061035156,22.432661056518555,1300
2007-10-25,41.849998474121094,42.529998779296875,41.029998779296875,41.650001525878906,22.32013702392578,1000
2007-10-26,42.0,42.11000061035156,41.75,42.11000061035156,22.5666446685791,700
2007-10-29,42.439998626708984,42.439998626708984,42.439998626708984,42.439998626708984,22.743486404418945,100
2007-10-30,42.439998626708984,42.439998626708984,42.439998626708984,42.439998626708984,22.743486404418945,0
2007-10-31,42.5,42.5,42.5,42.5,22.775638580322266,100
2007-11-01,42.0,42.0,41.5,41.75,22.373722076416016,400
2007-11-02,41.52000045776367,41.75,41.52000045776367,41.75,22.373722076416016,400
2007-11-05,41.5,41.7400016784668,40.5,41.0,21.971784591674805,2100
2007-11-06,40.5,41.40999984741211,40.5,41.40999984741211,22.19152069091797,300
2007-11-07,41.0099983215332,41.0099983215332,40.7599983215332,40.7599983215332,21.84317970275879,800
2007-11-08,40.7599983215332,40.7599983215332,40.7599983215332,40.7599983215332,21.84317970275879,0
2007-11-09,40.75,40.75,38.0,38.0,20.364103317260742,2200
2007-11-12,37.97999954223633,38.5,37.97999954223633,38.25,20.49807357788086,3100
2007-11-13,39.0,40.04999923706055,38.5,39.2599983215332,21.039339065551758,4500
2007-11-14,40.5,40.5,39.0,39.0,20.899999618530273,800
2007-11-15,39.25,39.290000915527344,38.29999923706055,38.29999923706055,20.524871826171875,1300
2007-11-16,38.5,38.5,35.40999984741211,35.52000045776367,19.03508186340332,17100
2007-11-19,35.400001525878906,35.400001525878906,35.400001525878906,35.400001525878906,18.97077751159668,100
2007-11-20,36.7400016784668,36.7400016784668,35.25,35.25,18.890390396118164,1600
2007-11-21,35.25,35.25,35.25,35.25,18.890390396118164,100
2007-11-23,35.25,35.25,35.25,35.25,18.890390396118164,0
2007-11-26,34.90999984741211,34.90999984741211,34.5,34.5,18.488460540771484,200
2007-11-27,33.43000030517578,33.43000030517578,33.43000030517578,33.43000030517578,17.915050506591797,100
2007-11-28,34.689998626708984,34.689998626708984,33.59000015258789,33.59000015258789,18.000797271728516,1500
2007-11-29,33.25,34.75,33.0099983215332,34.75,18.6224365234375,6200
2007-11-30,34.75,36.630001068115234,34.75,36.060001373291016,19.324464797973633,1100
2007-12-03,36.34000015258789,36.34000015258789,35.90999984741211,35.90999984741211,19.244070053100586,700
2007-12-04,36.34000015258789,36.34000015258789,36.0,36.0,19.292301177978516,1100
2007-12-05,37.90999984741211,37.90999984741211,35.0099983215332,35.66999816894531,19.115461349487305,1600
2007-12-06,36.25,36.25,35.5,35.5099983215332,19.029712677001953,300
2007-12-07,36.47999954223633,36.47999954223633,35.33000183105469,35.33000183105469,18.933258056640625,1300
2007-12-10,35.9900016784668,36.0,35.0099983215332,35.0099983215332,18.761768341064453,1800
2007-12-11,35.7599983215332,35.7599983215332,33.779998779296875,33.81999969482422,18.124055862426758,10400
2007-12-12,34.900001525878906,39.88999938964844,31.079999923706055,32.47999954223633,17.56696891784668,3600
2007-12-13,32.0,32.5,31.540000915527344,32.5,17.577791213989258,2500
2007-12-14,32.9900016784668,33.0,32.0,33.0,17.848217010498047,1200
2007-12-17,31.389999389648438,31.450000762939453,31.389999389648438,31.450000762939453,17.0098876953125,1600
2007-12-18,31.549999237060547,31.549999237060547,31.5,31.5,17.03693389892578,1000
2007-12-19,31.25,31.25,30.420000076293945,30.489999771118164,16.49066734313965,2100
2007-12-20,30.899999618530273,30.969999313354492,30.5,30.969999313354492,16.75027847290039,4400
2007-12-21,30.969999313354492,30.969999313354492,30.969999313354492,30.969999313354492,16.75027847290039,0
2007-12-24,30.5,30.5,30.5,30.5,16.49608039855957,200
2007-12-26,31.0,31.899999618530273,31.0,31.639999389648438,17.11264991760254,1700
2007-12-27,32.209999084472656,32.209999084472656,31.809999465942383,31.809999465942383,17.204599380493164,500
2007-12-28,31.809999465942383,31.809999465942383,31.0,31.0,16.766508102416992,2300
2007-12-31,30.489999771118164,30.489999771118164,30.25,30.25,16.360864639282227,600
2008-01-02,31.549999237060547,31.739999771118164,31.549999237060547,31.739999771118164,17.166736602783203,1200
2008-01-03,31.809999465942383,32.0,31.809999465942383,32.0,17.30735969543457,2400
2008-01-04,30.709999084472656,32.189998626708984,30.709999084472656,32.16999816894531,17.399309158325195,1400
2008-01-07,31.209999084472656,31.209999084472656,30.15999984741211,30.8700008392334,16.696195602416992,600
2008-01-08,31.940000534057617,31.940000534057617,29.84000015258789,31.690000534057617,17.139692306518555,800
2008-01-09,32.0,32.25,30.639999389648438,30.639999389648438,16.571802139282227,1100
2008-01-10,32.189998626708984,32.189998626708984,32.189998626708984,32.189998626708984,17.41012191772461,400
2008-01-11,31.270000457763672,32.189998626708984,31.270000457763672,32.189998626708984,17.41012191772461,900
2008-01-14,32.0099983215332,32.0099983215332,31.989999771118164,31.989999771118164,17.301952362060547,3800
2008-01-15,31.75,31.75,31.059999465942383,31.059999465942383,16.798952102661133,300
2008-01-16,30.959999084472656,31.0,30.100000381469727,30.799999237060547,16.65833854675293,1100
2008-01-17,30.799999237060547,30.799999237060547,30.799999237060547,30.799999237060547,16.65833854675293,0
2008-01-18,30.799999237060547,30.799999237060547,30.799999237060547,30.799999237060547,16.65833854675293,700
2008-01-22,30.799999237060547,30.799999237060547,30.799999237060547,30.799999237060547,16.65833854675293,200
2008-01-23,30.799999237060547,30.799999237060547,30.799999237060547,30.799999237060547,16.65833854675293,500
2008-01-24,30.799999237060547,30.809999465942383,30.799999237060547,30.809999465942383,16.66374397277832,300
2008-01-25,30.799999237060547,30.799999237060547,30.799999237060547,30.799999237060547,16.65833854675293,600
2008-01-28,30.799999237060547,30.809999465942383,28.959999084472656,30.100000381469727,16.27973747253418,2300
2008-01-29,29.530000686645508,29.530000686645508,29.530000686645508,29.530000686645508,15.97144889831543,100
2008-01-30,30.639999389648438,31.190000534057617,29.399999618530273,31.190000534057617,16.869266510009766,700
2008-01-31,29.809999465942383,29.809999465942383,29.760000228881836,29.760000228881836,16.09585189819336,700
2008-02-01,29.760000228881836,29.760000228881836,29.760000228881836,29.760000228881836,16.09585189819336,0
2008-02-04,30.0,30.360000610351562,29.920000076293945,30.149999618530273,16.30677604675293,2000
2008-02-05,30.149999618530273,30.149999618530273,30.149999618530273,30.149999618530273,16.30677604675293,0
2008-02-06,31.0,31.690000534057617,30.5,31.690000534057617,17.139692306518555,400
2008-02-07,31.75,31.75,31.75,31.75,17.172147750854492,100
2008-02-08,31.020000457763672,31.040000915527344,30.700000762939453,30.700000762939453,16.604251861572266,2200
2008-02-11,30.0,30.0,30.0,30.0,16.22565460205078,100
2008-02-12,30.040000915527344,31.0,30.040000915527344,31.0,16.766508102416992,200
2008-02-13,30.5,30.5,30.5,30.5,16.49608039855957,100
2008-02-14,30.5,30.5,30.5,30.5,16.49608039855957,0
2008-02-15,29.81999969482422,29.81999969482422,29.81999969482422,29.81999969482422,16.128297805786133,100
2008-02-19,30.75,30.75,30.75,30.75,16.631296157836914,400
2008-02-20,30.06999969482422,30.06999969482422,30.06999969482422,30.06999969482422,16.26351547241211,700
2008-02-21,30.06999969482422,30.06999969482422,30.06999969482422,30.06999969482422,16.26351547241211,0
2008-02-22,30.079999923706055,31.940000534057617,30.079999923706055,31.940000534057617,17.27490997314453,400
2008-02-25,30.559999465942383,31.3700008392334,30.559999465942383,31.3700008392334,16.96661376953125,1100
2008-02-26,31.3700008392334,31.3700008392334,31.3700008392334,31.3700008392334,16.96661376953125,0
2008-02-27,31.3700008392334,31.3700008392334,31.3700008392334,31.3700008392334,16.96661376953125,0
2008-02-28,30.459999084472656,30.459999084472656,30.420000076293945,30.420000076293945,16.452810287475586,300
2008-02-29,31.93000030517578,31.93000030517578,28.43000030517578,28.510000228881836,15.419778823852539,4000
2008-03-03,29.31999969482422,30.0,28.450000762939453,29.43000030517578,15.91735553741455,1200
2008-03-04,29.43000030517578,29.43000030517578,29.43000030517578,29.43000030517578,15.91735553741455,0
2008-03-05,29.43000030517578,29.43000030517578,29.43000030517578,29.43000030517578,15.91735553741455,0
2008-03-06,29.43000030517578,29.43000030517578,29.43000030517578,29.43000030517578,15.91735553741455,0
2008-03-07,28.850000381469727,30.389999389648438,28.850000381469727,30.0,16.22565460205078,2300
2008-03-10,30.0,30.0,30.0,30.0,16.22565460205078,0
2008-03-11,30.0,30.0,28.489999771118164,28.5,15.414365768432617,900
2008-03-12,28.5,28.5,28.5,28.5,15.583874702453613,0
2008-03-13,25.010000228881836,25.010000228881836,25.010000228881836,25.010000228881836,13.67553424835205,100
2008-03-14,27.5,28.979999542236328,25.200000762939453,28.799999237060547,15.747920989990234,1200
2008-03-17,25.020000457763672,29.43000030517578,25.020000457763672,29.43000030517578,16.092405319213867,1800
2008-03-18,26.5,26.510000228881836,26.0,26.510000228881836,14.49574089050293,1200
2008-03-19,25.540000915527344,25.549999237060547,25.469999313354492,25.469999313354492,13.927063941955566,800
2008-03-20,25.5,27.93000030517578,25.5,27.93000030517578,15.27220344543457,400
2008-03-24,25.0,26.0,25.0,26.0,14.216865539550781,1700
2008-03-25,26.0,26.0,25.899999618530273,25.899999618530273,14.162188529968262,900
2008-03-26,25.25,26.5,25.25,26.5,14.490270614624023,1800
2008-03-27,27.200000762939453,27.93000030517578,27.200000762939453,27.93000030517578,15.27220344543457,900
2008-03-28,27.950000762939453,28.829999923706055,27.950000762939453,27.950000762939453,15.283135414123535,1100
2008-03-31,26.829999923706055,27.600000381469727,26.799999237060547,27.600000381469727,15.091755867004395,900
2008-04-01,29.520000457763672,29.520000457763672,27.68000030517578,27.68000030517578,15.135501861572266,800
2008-04-02,27.239999771118164,27.239999771118164,27.239999771118164,27.239999771118164,14.894904136657715,200
2008-04-03,27.239999771118164,27.239999771118164,27.239999771118164,27.239999771118164,14.894904136657715,0
2008-04-04,27.0,27.0,27.0,27.0,14.76367473602295,200
2008-04-07,27.6200008392334,27.6200008392334,27.5,27.510000228881836,15.042534828186035,1300
2008-04-08,27.799999237060547,27.799999237060547,27.799999237060547,27.799999237060547,15.201117515563965,400
2008-04-09,27.799999237060547,27.799999237060547,27.799999237060547,27.799999237060547,15.201117515563965,0
2008-04-10,27.690000534057617,27.719999313354492,27.690000534057617,27.719999313354492,15.157374382019043,400
2008-04-11,29.8799991607666,29.8799991607666,29.8799991607666,29.8799991607666,16.338470458984375,600
2008-04-14,28.260000228881836,30.0,28.049999237060547,30.0,16.404083251953125,4300
2008-04-15,28.760000228881836,28.760000228881836,28.709999084472656,28.709999084472656,15.698705673217773,900
2008-04-16,28.75,29.5,28.75,29.5,16.13068389892578,1000
2008-04-17,29.43000030517578,30.0,29.43000030517578,29.75,16.267383575439453,1100
2008-04-18,29.549999237060547,29.549999237060547,29.479999542236328,29.479999542236328,16.119739532470703,400
2008-04-21,29.989999771118164,29.989999771118164,29.700000762939453,29.700000762939453,16.240034103393555,200
2008-04-22,29.700000762939453,29.700000762939453,29.700000762939453,29.700000762939453,16.240034103393555,0
2008-04-23,28.530000686645508,28.530000686645508,28.530000686645508,28.530000686645508,15.6002779006958,500
2008-04-24,28.530000686645508,28.530000686645508,28.530000686645508,28.530000686645508,15.6002779006958,0
2008-04-25,28.530000686645508,28.530000686645508,28.530000686645508,28.530000686645508,15.6002779006958,0
2008-04-28,28.530000686645508,28.530000686645508,28.530000686645508,28.530000686645508,15.6002779006958,0
2008-04-29,28.610000610351562,28.610000610351562,28.5,28.5,15.583874702453613,200
2008-04-30,28.5,28.5,28.5,28.5,15.583874702453613,0
2008-05-01,28.5,28.5,28.5,28.5,15.583874702453613,0
2008-05-02,28.5,28.5,27.899999618530273,28.1200008392334,15.376092910766602,2100
2008-05-05,28.1200008392334,28.1200008392334,28.1200008392334,28.1200008392334,15.376092910766602,0
2008-05-06,29.969999313354492,29.969999313354492,29.969999313354492,29.969999313354492,16.387680053710938,100
2008-05-07,29.969999313354492,29.969999313354492,29.969999313354492,29.969999313354492,16.387680053710938,0
2008-05-08,29.969999313354492,29.969999313354492,29.969999313354492,29.969999313354492,16.387680053710938,0
2008-05-09,27.899999618530273,29.979999542236328,27.899999618530273,29.979999542236328,16.393144607543945,400
2008-05-12,29.979999542236328,29.979999542236328,29.979999542236328,29.979999542236328,16.393144607543945,0
2008-05-13,29.979999542236328,29.979999542236328,29.979999542236328,29.979999542236328,16.393144607543945,0
2008-05-14,27.920000076293945,27.920000076293945,27.729999542236328,27.729999542236328,15.162837982177734,1200
2008-05-15,27.75,27.899999618530273,27.75,27.899999618530273,15.25579833984375,1400
2008-05-16,28.239999771118164,28.25,27.5,27.5,15.037083625793457,700
2008-05-19,27.899999618530273,27.899999618530273,27.899999618530273,27.899999618530273,15.25579833984375,200
2008-05-20,27.899999618530273,27.899999618530273,27.899999618530273,27.899999618530273,15.25579833984375,0
2008-05-21,27.899999618530273,27.899999618530273,27.899999618530273,27.899999618530273,15.25579833984375,0
2008-05-22,27.899999618530273,27.899999618530273,27.899999618530273,27.899999618530273,15.25579833984375,0
2008-05-23,27.690000534057617,27.850000381469727,27.65999984741211,27.65999984741211,15.124568939208984,800
2008-05-27,27.649999618530273,27.75,27.3700008392334,27.75,15.1737699508667,600
2008-05-28,27.75,27.75,27.75,27.75,15.1737699508667,0
2008-05-29,27.75,27.75,27.75,27.75,15.1737699508667,0
2008-05-30,28.719999313354492,28.75,28.719999313354492,28.75,15.720582962036133,300
2008-06-02,28.850000381469727,28.850000381469727,26.799999237060547,26.799999237060547,14.65431022644043,500
2008-06-03,26.799999237060547,26.799999237060547,26.799999237060547,26.799999237060547,14.65431022644043,0
2008-06-04,26.799999237060547,26.799999237060547,26.799999237060547,26.799999237060547,14.65431022644043,0
2008-06-05,26.799999237060547,26.799999237060547,26.799999237060547,26.799999237060547,14.65431022644043,0
2008-06-06,26.510000228881836,26.739999771118164,26.5,26.739999771118164,14.62150764465332,400
2008-06-09,27.5,27.5,27.5,27.5,15.037083625793457,300
2008-06-10,26.5,27.0,26.5,27.0,14.76367473602295,1500
2008-06-11,26.690000534057617,27.270000457763672,26.690000534057617,27.270000457763672,15.084503173828125,600
2008-06-12,27.0,27.270000457763672,27.0,27.270000457763672,15.084503173828125,200
2008-06-13,27.270000457763672,27.270000457763672,27.270000457763672,27.270000457763672,15.084503173828125,0
2008-06-16,27.0,27.270000457763672,27.0,27.270000457763672,15.084503173828125,300
2008-06-17,26.25,26.25,26.25,26.25,14.520279884338379,200
2008-06-18,26.190000534057617,26.190000534057617,26.190000534057617,26.190000534057617,14.48709774017334,300
2008-06-19,25.0,25.0,22.520000457763672,23.06999969482422,12.76125431060791,700
2008-06-20,23.06999969482422,23.06999969482422,23.06999969482422,23.06999969482422,12.76125431060791,0
2008-06-23,22.0,23.5,22.0,23.5,12.99910831451416,1600
2008-06-24,23.010000228881836,23.5,23.0,23.0,12.722532272338867,1100
2008-06-25,23.0,23.0,23.0,23.0,12.722532272338867,500
2008-06-26,25.43000030517578,25.43000030517578,22.75,23.0,12.722532272338867,3500
2008-06-27,23.0,24.31999969482422,23.0,24.31999969482422,13.4526948928833,1700
2008-06-30,25.709999084472656,25.709999084472656,23.0,23.0,12.722532272338867,6800
2008-07-01,23.559999465942383,25.0,23.559999465942383,24.940000534057617,13.795652389526367,3900
2008-07-02,22.520000457763672,23.299999237060547,22.260000228881836,22.260000228881836,12.313203811645508,4400
2008-07-03,22.280000686645508,23.43000030517578,22.25,22.5,12.445956230163574,600
2008-07-07,22.5,22.5,22.5,22.5,12.445956230163574,0
2008-07-08,23.0,23.0,22.549999237060547,22.549999237060547,12.473615646362305,1200
2008-07-09,22.549999237060547,22.549999237060547,22.549999237060547,22.549999237060547,12.473615646362305,0
2008-07-10,22.510000228881836,22.510000228881836,22.510000228881836,22.510000228881836,12.451489448547363,200
2008-07-11,22.530000686645508,23.18000030517578,22.5,22.510000228881836,12.451489448547363,1500
2008-07-14,22.510000228881836,22.510000228881836,22.510000228881836,22.510000228881836,12.451489448547363,0
2008-07-15,21.010000228881836,21.010000228881836,20.0,20.0,11.06307601928711,1500
2008-07-16,19.010000228881836,19.059999465942383,19.010000228881836,19.059999465942383,10.543107032775879,500
2008-07-17,19.5,19.5,18.0,18.5,10.233342170715332,1700
2008-07-18,18.510000228881836,19.0,18.510000228881836,18.989999771118164,10.504390716552734,2200
2008-07-21,18.989999771118164,20.0,18.989999771118164,19.5,10.78649616241455,2400
2008-07-22,19.989999771118164,19.989999771118164,19.510000228881836,19.93000030517578,11.0243501663208,1100
2008-07-23,19.889999389648438,19.899999618530273,19.889999389648438,19.899999618530273,11.007761001586914,200
2008-07-24,20.5,23.239999771118164,20.5,20.510000228881836,11.345184326171875,1300
2008-07-25,20.510000228881836,20.510000228881836,20.510000228881836,20.510000228881836,11.345184326171875,0
2008-07-28,20.510000228881836,20.510000228881836,20.510000228881836,20.510000228881836,11.345184326171875,0
2008-07-29,20.510000228881836,20.510000228881836,20.510000228881836,20.510000228881836,11.345184326171875,0
2008-07-30,21.0,21.0,20.6299991607666,20.75,11.477937698364258,3000
2008-07-31,21.81999969482422,21.81999969482422,20.829999923706055,21.81999969482422,12.069811820983887,800
2008-08-01,21.81999969482422,21.81999969482422,21.600000381469727,21.81999969482422,12.069811820983887,1200
2008-08-04,21.81999969482422,21.81999969482422,21.81999969482422,21.81999969482422,12.069811820983887,0
2008-08-05,22.5,22.5,22.5,22.5,12.445956230163574,100
2008-08-06,21.510000228881836,21.75,21.510000228881836,21.75,12.031095504760742,1900
2008-08-07,21.75,21.75,21.75,21.75,12.031095504760742,0
2008-08-08,21.75,21.860000610351562,21.049999237060547,21.700000762939453,12.003440856933594,4200
2008-08-11,20.6299991607666,21.489999771118164,20.100000381469727,21.489999771118164,11.887273788452148,4000
2008-08-12,21.489999771118164,21.489999771118164,21.489999771118164,21.489999771118164,11.887273788452148,0
2008-08-13,22.899999618530273,22.899999618530273,21.799999237060547,22.389999389648438,12.385110855102539,400
2008-08-14,22.389999389648438,22.389999389648438,22.389999389648438,22.389999389648438,12.385110855102539,0
2008-08-15,21.510000228881836,21.549999237060547,20.200000762939453,20.299999237060547,11.229019165039062,2500
2008-08-18,20.299999237060547,20.299999237060547,20.299999237060547,20.299999237060547,11.229019165039062,0
2008-08-19,21.0,21.0,21.0,21.0,11.616227149963379,200
2008-08-20,22.68000030517578,22.68000030517578,22.68000030517578,22.68000030517578,12.545526504516602,400
2008-08-21,22.989999771118164,22.989999771118164,22.950000762939453,22.950000762939453,12.694879531860352,700
2008-08-22,22.950000762939453,22.950000762939453,22.950000762939453,22.950000762939453,12.694879531860352,0
2008-08-25,22.110000610351562,22.950000762939453,22.110000610351562,22.950000762939453,12.694879531860352,1000
2008-08-26,22.030000686645508,22.030000686645508,21.5,21.530000686645508,11.909401893615723,2100
2008-08-27,22.850000381469727,22.920000076293945,22.0,22.920000076293945,12.67828369140625,500
2008-08-28,22.920000076293945,22.920000076293945,22.920000076293945,22.920000076293945,12.67828369140625,0
2008-08-29,22.920000076293945,22.920000076293945,22.920000076293945,22.920000076293945,12.67828369140625,0
2008-09-02,22.0,22.0,21.75,21.75,12.031095504760742,300
2008-09-03,21.719999313354492,22.0,21.719999313354492,22.0,12.169378280639648,2700
2008-09-04,22.0,22.0,22.0,22.0,12.169378280639648,300
2008-09-05,22.0,22.0,22.0,22.0,12.169378280639648,0
2008-09-08,22.950000762939453,22.950000762939453,22.950000762939453,22.950000762939453,12.694879531860352,100
2008-09-09,22.010000228881836,22.010000228881836,21.0,21.260000228881836,11.760049819946289,1300
2008-09-10,20.760000228881836,21.0,20.760000228881836,21.0,11.616227149963379,200
2008-09-11,21.0,21.0,21.0,21.0,11.790273666381836,0
2008-09-12,21.0,21.0,20.25,20.25,11.369194984436035,900
2008-09-15,20.5,22.450000762939453,20.5,21.239999771118164,11.925023078918457,800
2008-09-16,21.0,21.239999771118164,20.260000228881836,20.260000228881836,11.374813079833984,900
2008-09-17,20.510000228881836,20.510000228881836,20.5,20.510000228881836,11.51517105102539,1100
2008-09-18,20.989999771118164,21.0,20.989999771118164,21.0,11.790273666381836,600
2008-09-19,22.950000762939453,23.0,20.149999618530273,20.149999618530273,11.3130521774292,2700
2008-09-22,22.0,22.0,20.280000686645508,21.0,11.790273666381836,300
2008-09-23,21.0,21.0,21.0,21.0,11.790273666381836,0
2008-09-24,23.0,23.0,23.0,23.0,12.913154602050781,500
2008-09-25,20.219999313354492,22.170000076293945,20.219999313354492,22.170000076293945,12.447162628173828,800
2008-09-26,24.93000030517578,24.93000030517578,23.0,23.0,12.913154602050781,800
2008-09-29,20.219999313354492,20.5,20.0,20.5,11.509552001953125,1800
2008-09-30,20.0,20.5,20.0,20.5,11.509552001953125,2100
2008-10-01,24.25,24.25,22.5,23.0,12.913154602050781,4700
2008-10-02,20.59000015258789,23.0,20.59000015258789,23.0,12.913154602050781,1500
2008-10-03,23.149999618530273,23.989999771118164,23.149999618530273,23.5,13.193876266479492,1800
2008-10-06,23.0,23.959999084472656,19.25,20.989999771118164,11.784659385681152,8100
2008-10-07,19.209999084472656,20.729999542236328,18.959999084472656,19.030000686645508,10.684240341186523,3100
2008-10-08,19.030000686645508,19.030000686645508,19.0,19.0,10.667393684387207,3800
2008-10-09,18.5,18.5,18.5,18.5,10.386670112609863,100
2008-10-10,18.549999237060547,18.549999237060547,17.010000228881836,17.010000228881836,9.550122261047363,2600
2008-10-13,20.770000457763672,20.770000457763672,17.25,17.25,9.684868812561035,600
2008-10-14,22.25,22.25,20.25,21.93000030517578,12.312418937683105,2000
2008-10-15,19.280000686645508,19.280000686645508,19.25,19.25,10.807756423950195,300
2008-10-16,19.1299991607666,19.1299991607666,16.950000762939453,18.739999771118164,10.521418571472168,4300
2008-10-17,18.739999771118164,18.739999771118164,18.739999771118164,18.739999771118164,10.521418571472168,0
2008-10-20,18.739999771118164,18.739999771118164,18.739999771118164,18.739999771118164,10.521418571472168,0
2008-10-21,18.739999771118164,18.739999771118164,18.739999771118164,18.739999771118164,10.521418571472168,0
2008-10-22,18.979999542236328,19.0,18.75,18.75,10.527036666870117,2300
2008-10-23,18.75,19.0,18.75,19.0,10.667393684387207,400
2008-10-24,19.0,19.0,19.0,19.0,10.667393684387207,0
2008-10-27,18.75,18.75,18.75,18.75,10.527036666870117,200
2008-10-28,18.75,18.75,18.75,18.75,10.527036666870117,200
2008-10-29,18.75,18.75,18.75,18.75,10.527036666870117,0
2008-10-30,19.25,19.25,18.799999237060547,18.799999237060547,10.55510139465332,400
2008-10-31,19.0,19.5,19.0,19.489999771118164,10.94249439239502,800
2008-11-03,19.25,20.90999984741211,19.25,20.200000762939453,11.34112548828125,2200
2008-11-04,19.25,19.969999313354492,19.0,19.969999313354492,11.211992263793945,1700
2008-11-05,19.25,19.25,19.25,19.25,10.807756423950195,100
2008-11-06,19.25,19.25,19.25,19.25,10.807756423950195,0
2008-11-07,19.25,19.25,19.25,19.25,10.807756423950195,0
2008-11-10,19.0,19.0,19.0,19.0,10.667393684387207,300
2008-11-11,19.0,19.0,18.59000015258789,18.59000015258789,10.437202453613281,300
2008-11-12,18.0,18.0,17.75,17.75,9.965590476989746,300
2008-11-13,17.3700008392334,19.0,17.3700008392334,19.0,10.667393684387207,1500
2008-11-14,19.25,19.25,19.25,19.25,10.807756423950195,200
2008-11-17,19.25,19.25,19.25,19.25,10.807756423950195,0
2008-11-18,20.0,20.0,17.829999923706055,17.829999923706055,10.010506629943848,800
2008-11-19,17.209999084472656,17.209999084472656,17.209999084472656,17.209999084472656,9.662407875061035,100
2008-11-20,17.209999084472656,17.209999084472656,17.209999084472656,17.209999084472656,9.662407875061035,0
2008-11-21,17.5,17.5,17.0,17.0,9.544509887695312,300
2008-11-24,17.030000686645508,17.030000686645508,17.0,17.0,9.544509887695312,1100
2008-11-25,17.5,17.5,17.5,17.5,9.82522964477539,200
2008-11-26,17.15999984741211,17.15999984741211,17.059999465942383,17.15999984741211,9.634340286254883,1300
2008-11-28,16.040000915527344,16.040000915527344,15.0,15.0,8.421626091003418,2500
2008-12-01,15.0,15.0,14.25,14.25,8.000545501708984,2000
2008-12-02,14.609999656677246,14.609999656677246,14.609999656677246,14.609999656677246,8.20266056060791,100
2008-12-03,14.609999656677246,14.609999656677246,14.609999656677246,14.609999656677246,8.20266056060791,0
2008-12-04,14.510000228881836,19.15999984741211,14.5,19.15999984741211,10.757222175598145,2600
2008-12-05,19.0,19.0,19.0,19.0,10.667393684387207,200
2008-12-08,18.56999969482422,19.0,18.56999969482422,19.0,10.667393684387207,700
2008-12-09,18.040000915527344,18.040000915527344,18.040000915527344,18.040000915527344,10.128405570983887,300
2008-12-10,18.190000534057617,18.700000762939453,18.190000534057617,18.700000762939453,10.498957633972168,400
2008-12-11,15.199999809265137,15.199999809265137,9.649999618530273,14.600000381469727,8.335225105285645,5700
2008-12-12,15.050000190734863,15.050000190734863,14.5,14.5,8.2781343460083,2300
2008-12-15,15.199999809265137,15.199999809265137,14.75,14.75,8.420860290527344,400
2008-12-16,14.75,15.289999961853027,14.75,15.0,8.563589096069336,900
2008-12-17,16.270000457763672,16.270000457763672,16.270000457763672,16.270000457763672,9.2886381149292,100
2008-12-18,13.949999809265137,14.970000267028809,13.949999809265137,14.970000267028809,8.546460151672363,500
2008-12-19,14.970000267028809,14.970000267028809,12.9399995803833,12.9399995803833,7.387520790100098,3000
2008-12-22,13.470000267028809,14.039999961853027,13.470000267028809,14.039999961853027,8.015520095825195,1800
2008-12-23,14.0,15.229999542236328,14.0,14.989999771118164,8.557880401611328,3000
2008-12-24,13.65999984741211,15.5,13.65999984741211,14.609999656677246,8.340934753417969,1400
2008-12-26,14.680000305175781,16.09000015258789,14.510000228881836,14.510000228881836,8.283843994140625,400
2008-12-29,16.59000015258789,16.59000015258789,14.989999771118164,14.989999771118164,8.557880401611328,3700
2008-12-30,14.989999771118164,14.989999771118164,14.989999771118164,14.989999771118164,8.557880401611328,0
2008-12-31,15.0,15.75,14.539999961853027,15.75,8.991767883300781,1500
2009-01-02,16.989999771118164,17.420000076293945,16.1299991607666,16.549999237060547,9.448494911193848,7300
2009-01-05,17.440000534057617,17.450000762939453,17.440000534057617,17.450000762939453,9.96230697631836,200
2009-01-06,17.040000915527344,17.479999542236328,17.030000686645508,17.459999084472656,9.968017578125,1100
2009-01-07,17.459999084472656,17.459999084472656,17.459999084472656,17.459999084472656,9.968017578125,0
2009-01-08,18.0,19.0,18.0,19.0,10.847212791442871,2000
2009-01-09,18.860000610351562,18.950000762939453,18.010000228881836,18.93000030517578,10.80724811553955,1500
2009-01-12,18.969999313354492,18.969999313354492,18.0,18.0,10.2763032913208,3300
2009-01-13,18.0,18.0,18.0,18.0,10.2763032913208,0
2009-01-14,16.209999084472656,16.309999465942383,14.5,15.0,8.563589096069336,1400
2009-01-15,16.969999313354492,16.969999313354492,14.0,14.010000228881836,7.998392105102539,700
2009-01-16,15.970000267028809,16.0,15.970000267028809,16.0,9.134492874145508,700
2009-01-20,15.039999961853027,15.039999961853027,15.039999961853027,15.039999961853027,8.586423873901367,200
2009-01-21,15.0,15.0,14.050000190734863,14.800000190734863,8.449407577514648,400
2009-01-22,15.0,15.0,15.0,15.0,8.563589096069336,500
2009-01-23,14.699999809265137,14.699999809265137,14.0600004196167,14.0600004196167,8.026938438415527,300
2009-01-26,14.779999732971191,14.779999732971191,14.779999732971191,14.779999732971191,8.437987327575684,100
2009-01-27,14.779999732971191,14.779999732971191,14.779999732971191,14.779999732971191,8.437987327575684,0
2009-01-28,15.0,15.729999542236328,15.0,15.65999984741211,8.940386772155762,1400
2009-01-29,15.010000228881836,15.229999542236328,14.260000228881836,14.289999961853027,8.158246994018555,1300
2009-01-30,13.699999809265137,15.0,13.699999809265137,15.0,8.563589096069336,1300
2009-02-02,15.0,15.0,15.0,15.0,8.563589096069336,0
2009-02-03,14.039999961853027,14.25,14.039999961853027,14.130000114440918,8.066903114318848,700
2009-02-04,14.399999618530273,15.180000305175781,14.399999618530273,15.180000305175781,8.666352272033691,200
2009-02-05,15.180000305175781,15.180000305175781,15.180000305175781,15.180000305175781,8.666352272033691,0
2009-02-06,13.5,14.600000381469727,13.390000343322754,14.199999809265137,8.106865882873535,5900
2009-02-09,15.0,15.0,15.0,15.0,8.563589096069336,200
2009-02-10,15.5,15.5,15.5,15.5,8.849044799804688,100
2009-02-11,15.550000190734863,15.75,15.5,15.75,8.991767883300781,2800
2009-02-12,15.5,15.5,15.5,15.5,8.849044799804688,400
2009-02-13,13.34000015258789,15.649999618530273,13.34000015258789,15.649999618530273,8.934677124023438,6700
2009-02-17,15.0,15.0,15.0,15.0,8.563589096069336,300
2009-02-18,13.520000457763672,13.800000190734863,13.34000015258789,13.600000381469727,7.764317512512207,2700
2009-02-19,13.550000190734863,13.550000190734863,13.5,13.510000228881836,7.71293830871582,1400
2009-02-20,14.399999618530273,14.399999618530273,14.399999618530273,14.399999618530273,8.22104549407959,100
2009-02-23,13.5,13.5,12.670000076293945,12.850000381469727,7.336143493652344,2700
2009-02-24,12.25,12.869999885559082,12.0,12.869999885559082,7.347557067871094,900
2009-02-25,12.199999809265137,13.199999809265137,12.0,13.1899995803833,7.530247211456299,2500
2009-02-26,13.100000381469727,13.100000381469727,13.010000228881836,13.010000228881836,7.427485942840576,200
2009-02-27,11.699999809265137,11.699999809265137,11.699999809265137,11.699999809265137,6.679598808288574,200
2009-03-02,12.0,12.020000457763672,11.720000267028809,11.720000267028809,6.691016674041748,2300
2009-03-03,11.720000267028809,11.720000267028809,11.720000267028809,11.720000267028809,6.691016674041748,0
2009-03-04,11.720000267028809,11.720000267028809,11.720000267028809,11.720000267028809,6.691016674041748,0
2009-03-05,11.399999618530273,11.399999618530273,11.399999618530273,11.399999618530273,6.50832986831665,500
2009-03-06,12.569999694824219,12.569999694824219,12.569999694824219,12.569999694824219,7.1762847900390625,100
2009-03-09,11.0,11.699999809265137,10.300000190734863,11.390000343322754,6.502617359161377,3400
2009-03-10,12.489999771118164,12.489999771118164,12.489999771118164,12.489999771118164,7.130613327026367,300
2009-03-11,12.489999771118164,12.489999771118164,12.489999771118164,12.489999771118164,7.312100887298584,0
2009-03-12,12.5,12.5,12.489999771118164,12.489999771118164,7.312100887298584,300
2009-03-13,13.0,13.420000076293945,13.0,13.420000076293945,7.8565568923950195,200
2009-03-16,13.4399995803833,13.449999809265137,13.4399995803833,13.4399995803833,7.868266582489014,1000
2009-03-17,13.4399995803833,13.4399995803833,13.4399995803833,13.4399995803833,7.868266582489014,0
2009-03-18,13.489999771118164,13.5,13.0,13.5,7.903392791748047,1000
2009-03-19,13.5,13.5,13.5,13.5,7.903392791748047,0
2009-03-20,13.5,13.5,13.5,13.5,7.903392791748047,100
2009-03-23,13.5,13.5,13.5,13.5,7.903392791748047,0
2009-03-24,13.5,13.5,13.5,13.5,7.903392791748047,0
2009-03-25,13.0,13.0,13.0,13.0,7.610668182373047,300
2009-03-26,13.420000076293945,13.420000076293945,13.420000076293945,13.420000076293945,7.8565568923950195,200
2009-03-27,13.75,13.75,13.75,13.75,8.04975414276123,900
2009-03-30,13.75,13.75,13.75,13.75,8.04975414276123,0
2009-03-31,13.5,14.449999809265137,13.5,14.449999809265137,8.459559440612793,200
2009-04-01,16.399999618530273,16.510000228881836,15.0,16.5,9.659701347351074,7300
2009-04-02,16.700000762939453,17.0,15.760000228881836,15.760000228881836,9.226481437683105,1500
2009-04-03,16.0,17.709999084472656,15.5,15.5,9.074265480041504,2700
2009-04-06,15.5,15.5,15.5,15.5,9.074265480041504,0
2009-04-07,14.899999618530273,15.5,14.25,15.5,9.074265480041504,600
2009-04-08,15.5,15.5,15.5,15.5,9.074265480041504,0
2009-04-09,16.469999313354492,16.469999313354492,14.25,14.25,8.342464447021484,600
2009-04-13,14.25,14.25,14.25,14.25,8.342464447021484,0
2009-04-14,16.229999542236328,16.229999542236328,14.890000343322754,15.100000381469727,8.84009075164795,2100
2009-04-15,14.829999923706055,14.829999923706055,14.0,14.0,8.196107864379883,3900
2009-04-16,14.859999656677246,14.859999656677246,13.25,13.25,7.75703239440918,600
2009-04-17,13.260000228881836,13.260000228881836,12.800000190734863,12.84000015258789,7.517002582550049,1100
2009-04-20,14.970000267028809,14.970000267028809,14.970000267028809,14.970000267028809,8.763981819152832,200
2009-04-21,14.970000267028809,14.970000267028809,14.970000267028809,14.970000267028809,8.763981819152832,0
2009-04-22,14.850000381469727,14.850000381469727,14.850000381469727,14.850000381469727,8.693726539611816,100
2009-04-23,13.640000343322754,16.25,13.34000015258789,16.25,9.513340950012207,5000
2009-04-24,15.899999618530273,15.899999618530273,15.260000228881836,15.260000228881836,8.933761596679688,1200
2009-04-27,14.529999732971191,14.800000190734863,14.529999732971191,14.800000190734863,8.664457321166992,400
2009-04-28,15.0,15.0,15.0,15.0,8.781547546386719,100
2009-04-29,14.510000228881836,14.510000228881836,14.510000228881836,14.510000228881836,8.494680404663086,100
2009-04-30,14.75,14.75,14.75,14.75,8.635186195373535,200
2009-05-01,15.0,15.0,15.0,15.0,8.781547546386719,500
2009-05-04,15.0,15.239999771118164,15.0,15.210000038146973,8.904486656188965,1400
2009-05-05,15.210000038146973,15.210000038146973,15.210000038146973,15.210000038146973,8.904486656188965,0
2009-05-06,16.0,16.0,15.25,15.25,8.92790699005127,200
2009-05-07,16.229999542236328,16.229999542236328,16.0,16.0,9.366978645324707,300
2009-05-08,16.0,16.25,16.0,16.239999771118164,9.50748348236084,600
2009-05-11,15.300000190734863,16.190000534057617,15.010000228881836,16.190000534057617,9.4782133102417,900
2009-05-12,16.0,16.0,16.0,16.0,9.366978645324707,400
2009-05-13,16.0,16.0,16.0,16.0,9.366978645324707,0
2009-05-14,15.979999542236328,15.979999542236328,15.979999542236328,15.979999542236328,9.355273246765137,100
2009-05-15,15.979999542236328,15.979999542236328,15.979999542236328,15.979999542236328,9.355273246765137,0
2009-05-18,14.930000305175781,16.0,14.529999732971191,16.0,9.366978645324707,1500
2009-05-19,16.0,16.0,16.0,16.0,9.366978645324707,0
2009-05-20,16.0,16.0,16.0,16.0,9.366978645324707,0
2009-05-21,16.0,16.0,16.0,16.0,9.366978645324707,500
2009-05-22,14.510000228881836,16.25,14.510000228881836,14.520000457763672,8.500535011291504,1000
2009-05-26,14.260000228881836,14.260000228881836,14.260000228881836,14.260000228881836,8.348321914672852,300
2009-05-27,15.199999809265137,15.199999809265137,15.199999809265137,15.199999809265137,8.898632049560547,100
2009-05-28,16.0,16.190000534057617,16.0,16.0,9.366978645324707,1000
2009-05-29,16.25,16.25,16.25,16.25,9.513340950012207,200
2009-06-01,16.25,16.25,16.25,16.25,9.513340950012207,0
2009-06-02,14.350000381469727,18.0,13.90999984741211,18.0,10.537851333618164,5000
2009-06-03,17.979999542236328,18.0,16.0,17.0,9.95241928100586,1300
2009-06-04,17.0,17.969999313354492,16.0,16.559999465942383,9.69482421875,3000
2009-06-05,16.049999237060547,17.0,16.049999237060547,17.0,9.95241928100586,700
2009-06-08,16.049999237060547,16.25,16.049999237060547,16.25,9.513340950012207,200
2009-06-09,16.0,16.229999542236328,16.0,16.229999542236328,9.501629829406738,200
2009-06-10,15.550000190734863,15.550000190734863,15.550000190734863,15.550000190734863,9.103535652160645,200
2009-06-11,16.0,16.0,16.0,16.0,9.520036697387695,100
2009-06-12,16.010000228881836,16.010000228881836,16.0,16.0,9.520036697387695,200
2009-06-15,15.520000457763672,15.520000457763672,15.5,15.5,9.22253704071045,400
2009-06-16,15.5,15.5,15.5,15.5,9.22253704071045,0
2009-06-17,15.619999885559082,15.630000114440918,15.25,15.25,9.073786735534668,500
2009-06-18,15.25,17.709999084472656,15.25,17.709999084472656,10.53748893737793,2900
2009-06-19,16.75,16.969999313354492,14.25,16.969999313354492,10.097187042236328,2900
2009-06-22,16.969999313354492,16.969999313354492,16.969999313354492,16.969999313354492,10.097187042236328,0
2009-06-23,16.969999313354492,16.969999313354492,16.969999313354492,16.969999313354492,10.097187042236328,0
2009-06-24,14.260000228881836,14.8100004196167,14.260000228881836,14.8100004196167,8.811982154846191,400
2009-06-25,14.8100004196167,14.8100004196167,14.8100004196167,14.8100004196167,8.811982154846191,0
2009-06-26,16.860000610351562,16.860000610351562,16.860000610351562,16.860000610351562,10.03173542022705,700
2009-06-29,16.489999771118164,16.5,16.479999542236328,16.5,9.817537307739258,900
2009-06-30,16.5,16.5,16.5,16.5,9.817537307739258,0
2009-07-01,17.719999313354492,17.729999542236328,16.040000915527344,17.729999542236328,10.54938793182373,5400
2009-07-02,17.010000228881836,19.979999542236328,17.0,18.5,11.007540702819824,1300
2009-07-06,18.489999771118164,18.5,18.0,18.0,10.710039138793945,800
2009-07-07,18.950000762939453,18.950000762939453,17.260000228881836,17.260000228881836,10.269739151000977,700
2009-07-08,17.260000228881836,17.260000228881836,17.260000228881836,17.260000228881836,10.269739151000977,0
2009-07-09,17.5,17.5,17.5,17.5,10.412541389465332,100
2009-07-10,17.06999969482422,17.06999969482422,16.559999465942383,17.0,10.11504077911377,800
2009-07-13,15.5,15.5,15.25,15.25,9.073786735534668,300
2009-07-14,14.600000381469727,14.600000381469727,14.600000381469727,14.600000381469727,8.687032699584961,200
2009-07-15,14.800000190734863,14.800000190734863,14.550000190734863,14.550000190734863,8.6572847366333,200
2009-07-16,14.550000190734863,14.550000190734863,14.550000190734863,14.550000190734863,8.6572847366333,0
2009-07-17,15.0,15.0,15.0,15.0,8.925036430358887,300
2009-07-20,15.25,15.25,14.600000381469727,14.600000381469727,8.687032699584961,300
2009-07-21,14.600000381469727,14.600000381469727,14.600000381469727,14.600000381469727,8.687032699584961,0
2009-07-22,14.600000381469727,14.600000381469727,14.600000381469727,14.600000381469727,8.687032699584961,0
2009-07-23,15.050000190734863,15.050000190734863,15.050000190734863,15.050000190734863,8.954788208007812,100
2009-07-24,14.600000381469727,14.600000381469727,14.600000381469727,14.600000381469727,8.687032699584961,200
2009-07-27,14.8100004196167,17.670000076293945,14.65999984741211,17.670000076293945,10.513688087463379,8200
2009-07-28,16.5,18.389999389648438,16.5,18.389999389648438,10.942093849182129,5700
2009-07-29,18.479999542236328,19.190000534057617,18.030000686645508,19.18000030517578,11.412144660949707,6100
2009-07-30,19.18000030517578,19.18000030517578,19.18000030517578,19.18000030517578,11.412144660949707,0
2009-07-31,18.75,18.75,18.75,18.75,11.156295776367188,600
2009-08-03,14.609999656677246,18.75,14.609999656677246,18.0,10.710039138793945,1900
2009-08-04,18.950000762939453,18.950000762939453,18.950000762939453,18.950000762939453,11.275293350219727,200
2009-08-05,16.5,19.649999618530273,16.5,19.649999618530273,11.69179916381836,1000
2009-08-06,18.75,18.75,18.75,18.75,11.156295776367188,100
2009-08-07,15.449999809265137,18.889999389648438,15.449999809265137,18.889999389648438,11.239593505859375,3900
2009-08-10,17.020000457763672,17.020000457763672,17.020000457763672,17.020000457763672,10.126940727233887,100
2009-08-11,17.020000457763672,17.020000457763672,17.020000457763672,17.020000457763672,10.126940727233887,0
2009-08-12,18.0,18.0,18.0,18.0,10.710039138793945,500
2009-08-13,17.0,17.40999984741211,17.0,17.09000015258789,10.16858959197998,500
2009-08-14,17.09000015258789,17.09000015258789,17.09000015258789,17.09000015258789,10.16858959197998,0
2009-08-17,17.969999313354492,17.969999313354492,17.969999313354492,17.969999313354492,10.692193031311035,400
2009-08-18,15.510000228881836,18.489999771118164,15.510000228881836,18.489999771118164,11.001592636108398,200
2009-08-19,18.489999771118164,18.489999771118164,18.489999771118164,18.489999771118164,11.001592636108398,0
2009-08-20,16.520000457763672,16.520000457763672,16.520000457763672,16.520000457763672,9.829439163208008,100
2009-08-21,16.8700008392334,18.989999771118164,16.770000457763672,18.899999618530273,11.245545387268066,3200
2009-08-24,18.799999237060547,18.799999237060547,18.209999084472656,18.299999237060547,10.888540267944336,1800
2009-08-25,18.190000534057617,18.190000534057617,17.229999542236328,18.0,10.710039138793945,3300
2009-08-26,18.0,18.0,18.0,18.0,10.710039138793945,0
2009-08-27,18.0,18.0,18.0,18.0,10.710039138793945,0
2009-08-28,18.0,18.0,18.0,18.0,10.710039138793945,0
2009-08-31,18.260000228881836,18.299999237060547,18.260000228881836,18.299999237060547,10.888540267944336,200
2009-09-01,18.299999237060547,18.299999237060547,18.299999237060547,18.299999237060547,10.888540267944336,0
2009-09-02,17.229999542236328,17.829999923706055,15.779999732971191,16.799999237060547,9.996040344238281,4300
2009-09-03,16.799999237060547,16.799999237060547,16.799999237060547,16.799999237060547,9.996040344238281,300
2009-09-04,16.799999237060547,16.799999237060547,16.799999237060547,16.799999237060547,9.996040344238281,100
2009-09-08,16.110000610351562,16.110000610351562,15.800000190734863,15.800000190734863,9.401034355163574,400
2009-09-09,17.8700008392334,21.450000762939453,16.270000457763672,21.309999465942383,12.679495811462402,12500
2009-09-10,20.989999771118164,20.989999771118164,18.350000381469727,20.0,11.900046348571777,6000
2009-09-11,20.0,20.0,20.0,20.0,12.050677299499512,0
2009-09-14,20.0,20.0,20.0,20.0,12.050677299499512,0
2009-09-15,20.950000762939453,21.399999618530273,20.0,20.020000457763672,12.062729835510254,2400
2009-09-16,20.020000457763672,20.020000457763672,20.020000457763672,20.020000457763672,12.062729835510254,0
2009-09-17,18.200000762939453,18.600000381469727,18.200000762939453,18.600000381469727,11.207131385803223,1000
2009-09-18,18.600000381469727,18.600000381469727,18.600000381469727,18.600000381469727,11.207131385803223,0
2009-09-21,18.0,18.0,16.25,16.25,9.791176795959473,400
2009-09-22,16.479999542236328,16.5,16.290000915527344,16.5,9.941811561584473,300
2009-09-23,16.5,16.5,16.5,16.5,9.941811561584473,0
2009-09-24,16.799999237060547,16.799999237060547,15.930000305175781,16.219999313354492,9.773098945617676,1200
2009-09-25,16.219999313354492,16.219999313354492,16.219999313354492,16.219999313354492,9.773098945617676,0
2009-09-28,17.65999984741211,17.65999984741211,17.0,17.0,10.24307918548584,1100
2009-09-29,17.989999771118164,17.989999771118164,16.489999771118164,16.649999618530273,10.032193183898926,2100
2009-09-30,17.0,17.0,17.0,17.0,10.24307918548584,300
2009-10-01,17.84000015258789,18.0,17.030000686645508,18.0,10.845608711242676,5400
2009-10-02,17.889999389648438,19.1200008392334,17.889999389648438,18.1200008392334,10.91791820526123,3600
2009-10-05,18.110000610351562,20.0,18.110000610351562,20.0,12.050677299499512,2500
2009-10-06,19.579999923706055,19.969999313354492,18.15999984741211,19.899999618530273,11.990428924560547,3000
2009-10-07,19.8799991607666,19.899999618530273,19.079999923706055,19.850000381469727,11.960294723510742,1200
2009-10-08,19.110000610351562,19.5,19.110000610351562,19.3700008392334,11.671083450317383,900
2009-10-09,19.850000381469727,20.0,18.270000457763672,18.780000686645508,11.315587043762207,9400
2009-10-12,20.6200008392334,20.6200008392334,20.6200008392334,20.6200008392334,12.424249649047852,700
2009-10-13,19.540000915527344,20.010000228881836,19.540000915527344,20.010000228881836,12.056705474853516,500
2009-10-14,20.010000228881836,20.010000228881836,20.010000228881836,20.010000228881836,12.056705474853516,0
2009-10-15,20.25,20.25,19.5,19.510000228881836,11.7554349899292,2000
2009-10-16,19.489999771118164,19.489999771118164,19.489999771118164,19.489999771118164,11.743383407592773,100
2009-10-19,19.489999771118164,19.510000228881836,19.489999771118164,19.510000228881836,11.7554349899292,1000
2009-10-20,19.5,19.979999542236328,19.350000381469727,19.979999542236328,12.038630485534668,1800
2009-10-21,19.940000534057617,19.940000534057617,19.940000534057617,19.940000534057617,12.014528274536133,100
2009-10-22,19.5,19.540000915527344,19.5,19.540000915527344,11.773513793945312,400
2009-10-23,19.5,19.5,19.100000381469727,19.329999923706055,11.646984100341797,1000
2009-10-26,18.850000381469727,18.850000381469727,17.899999618530273,18.459999084472656,11.122776985168457,1100
2009-10-27,17.989999771118164,18.0,17.700000762939453,17.700000762939453,10.664854049682617,900
2009-10-28,18.43000030517578,18.43000030517578,17.020000457763672,17.020000457763672,10.255128860473633,1500
2009-10-29,17.959999084472656,18.030000686645508,17.959999084472656,18.030000686645508,10.863688468933105,1200
2009-10-30,19.459999084472656,20.969999313354492,17.260000228881836,20.93000030517578,12.61103343963623,8000
2009-11-02,18.5,20.700000762939453,17.59000015258789,20.700000762939453,12.472453117370605,700
2009-11-03,20.700000762939453,20.700000762939453,20.700000762939453,20.700000762939453,12.472453117370605,0
2009-11-04,20.010000228881836,20.010000228881836,19.0,19.0,11.448142051696777,800
2009-11-05,18.239999771118164,19.239999771118164,18.239999771118164,18.989999771118164,11.442118644714355,1200
2009-11-06,18.899999618530273,18.899999618530273,18.40999984741211,18.5,11.146878242492676,2400
2009-11-09,18.5,18.5,18.5,18.5,11.146878242492676,0
2009-11-10,18.81999969482422,18.81999969482422,18.5,18.5,11.146878242492676,200
2009-11-11,18.260000228881836,18.389999389648438,18.260000228881836,18.389999389648438,11.080601692199707,200
2009-11-12,18.299999237060547,18.530000686645508,18.299999237060547,18.5,11.146878242492676,5700
2009-11-13,18.549999237060547,18.549999237060547,18.549999237060547,18.549999237060547,11.177003860473633,100
2009-11-16,18.549999237060547,18.549999237060547,18.549999237060547,18.549999237060547,11.177003860473633,0
2009-11-17,18.790000915527344,18.799999237060547,18.790000915527344,18.799999237060547,11.327638626098633,200
2009-11-18,18.299999237060547,18.299999237060547,18.299999237060547,18.299999237060547,11.026369094848633,700
2009-11-19,17.010000228881836,17.90999984741211,17.010000228881836,17.90999984741211,10.791379928588867,2100
2009-11-20,18.1299991607666,18.1299991607666,18.0,18.100000381469727,10.905868530273438,1000
2009-11-23,18.100000381469727,18.100000381469727,18.100000381469727,18.100000381469727,10.905868530273438,0
2009-11-24,17.030000686645508,17.709999084472656,16.0,17.020000457763672,10.255128860473633,3300
2009-11-25,16.100000381469727,18.020000457763672,16.100000381469727,17.989999771118164,10.839585304260254,1200
2009-11-27,17.989999771118164,17.989999771118164,17.989999771118164,17.989999771118164,10.839585304260254,0
2009-11-30,18.0,18.020000457763672,17.899999618530273,17.899999618530273,10.785358428955078,1600
2009-12-01,18.040000915527344,18.049999237060547,18.0,18.049999237060547,10.875733375549316,800
2009-12-02,18.479999542236328,18.5,17.5,18.5,11.146878242492676,600
2009-12-03,18.0,18.25,18.0,18.010000228881836,10.851635932922363,2700
2009-12-04,18.0,18.5,18.0,18.5,11.146878242492676,400
2009-12-07,18.5,18.5,18.5,18.5,11.146878242492676,1300
2009-12-08,18.5,19.5,18.5,19.5,11.749409675598145,3700
2009-12-09,18.049999237060547,20.299999237060547,18.0,20.299999237060547,12.231438636779785,17800
2009-12-10,20.0,20.0,19.440000534057617,19.5,11.749409675598145,600
2009-12-11,19.5,19.5,19.5,19.5,11.902000427246094,0
2009-12-14,19.950000762939453,20.0,18.139999389648438,18.15999984741211,11.084118843078613,7000
2009-12-15,18.729999542236328,18.739999771118164,18.600000381469727,18.600000381469727,11.352679252624512,700
2009-12-16,18.600000381469727,18.610000610351562,18.600000381469727,18.600000381469727,11.352679252624512,500
2009-12-17,18.600000381469727,18.600000381469727,18.600000381469727,18.600000381469727,11.352679252624512,0
2009-12-18,18.290000915527344,18.290000915527344,18.290000915527344,18.290000915527344,11.163464546203613,200
2009-12-21,18.40999984741211,18.969999313354492,18.40999984741211,18.75,11.444234848022461,600
2009-12-22,18.5,19.0,18.5,19.0,11.596821784973145,600
2009-12-23,19.940000534057617,19.940000534057617,19.399999618530273,19.459999084472656,11.877583503723145,1000
2009-12-24,19.459999084472656,19.459999084472656,19.459999084472656,19.459999084472656,11.877583503723145,0
2009-12-28,19.06999969482422,19.06999969482422,19.0,19.0,11.596821784973145,900
2009-12-29,19.899999618530273,19.899999618530273,19.299999237060547,19.450000762939453,11.87148666381836,900
2009-12-30,19.450000762939453,19.450000762939453,19.0,19.0,11.596821784973145,400
2009-12-31,19.020000457763672,19.020000457763672,19.0,19.0,11.596821784973145,900
2010-01-04,19.84000015258789,20.5,19.0,20.1299991607666,12.286530494689941,4600
2010-01-05,20.100000381469727,21.0,19.0,19.15999984741211,11.694478034973145,1800
2010-01-06,19.15999984741211,19.15999984741211,19.15999984741211,19.15999984741211,11.694478034973145,0
2010-01-07,20.200000762939453,20.469999313354492,19.299999237060547,19.489999771118164,11.895894050598145,600
2010-01-08,20.0,20.0,20.0,20.0,12.20718002319336,500
2010-01-11,20.969999313354492,21.360000610351562,20.5,21.360000610351562,13.037273406982422,600
2010-01-12,21.309999465942383,21.329999923706055,21.299999237060547,21.299999237060547,13.000646591186523,700
2010-01-13,20.84000015258789,21.0,20.5,20.5,12.512358665466309,700
2010-01-14,20.510000228881836,20.600000381469727,20.510000228881836,20.600000381469727,12.573402404785156,600
2010-01-15,20.600000381469727,20.600000381469727,20.600000381469727,20.600000381469727,12.573402404785156,0
2010-01-19,20.010000228881836,20.799999237060547,20.0,20.209999084472656,12.33535385131836,1800
2010-01-20,20.010000228881836,20.25,20.0,20.229999542236328,12.347562789916992,2500
2010-01-21,20.020000457763672,20.020000457763672,20.0,20.0,12.20718002319336,500
2010-01-22,20.229999542236328,20.229999542236328,19.850000381469727,20.0,12.20718002319336,1300
2010-01-25,19.59000015258789,19.59000015258789,19.479999542236328,19.479999542236328,11.889793395996094,4000
2010-01-26,19.520000457763672,20.0,19.5,20.0,12.20718002319336,2100
2010-01-27,20.0,20.0,20.0,20.0,12.20718002319336,0
2010-01-28,20.0,20.0,20.0,20.0,12.20718002319336,0
2010-01-29,19.530000686645508,19.530000686645508,19.510000228881836,19.510000228881836,11.908105850219727,400
2010-02-01,19.75,20.0,19.75,20.0,12.20718002319336,1000
2010-02-02,20.0,20.5,20.0,20.5,12.512358665466309,3300
2010-02-03,20.5,21.0,20.5,21.0,12.817543029785156,3300
2010-02-04,20.139999389648438,21.0,20.139999389648438,20.989999771118164,12.811436653137207,1700
2010-02-05,20.0,20.049999237060547,19.989999771118164,19.989999771118164,12.201078414916992,3000
2010-02-08,19.989999771118164,19.989999771118164,19.989999771118164,19.989999771118164,12.201078414916992,0
2010-02-09,19.940000534057617,19.950000762939453,19.940000534057617,19.950000762939453,12.176666259765625,200
2010-02-10,20.0,20.0,19.979999542236328,20.0,12.20718002319336,800
2010-02-11,20.0,20.0,20.0,20.0,12.20718002319336,0
2010-02-12,20.0,20.0,20.0,20.0,12.20718002319336,100
2010-02-16,19.450000762939453,20.219999313354492,19.450000762939453,20.219999313354492,12.341462135314941,500
2010-02-17,20.0,20.0,20.0,20.0,12.20718002319336,1000
2010-02-18,20.0,20.0,20.0,20.0,12.20718002319336,0
2010-02-19,19.450000762939453,20.68000030517578,19.450000762939453,20.56999969482422,12.555085182189941,2100
2010-02-22,19.34000015258789,19.979999542236328,19.309999465942383,19.979999542236328,12.194977760314941,300
2010-02-23,19.979999542236328,19.979999542236328,19.979999542236328,19.979999542236328,12.194977760314941,0
2010-02-24,19.979999542236328,19.979999542236328,19.979999542236328,19.979999542236328,12.194977760314941,0
2010-02-25,19.979999542236328,19.979999542236328,19.979999542236328,19.979999542236328,12.194977760314941,0
2010-02-26,20.68000030517578,20.68000030517578,20.68000030517578,20.68000030517578,12.622227668762207,200
2010-03-01,20.68000030517578,20.68000030517578,20.68000030517578,20.68000030517578,12.622227668762207,0
2010-03-02,20.530000686645508,20.649999618530273,19.649999618530273,19.649999618530273,11.99355697631836,1700
2010-03-03,19.649999618530273,19.649999618530273,19.649999618530273,19.649999618530273,11.99355697631836,0
2010-03-04,19.649999618530273,19.649999618530273,19.649999618530273,19.649999618530273,11.99355697631836,0
2010-03-05,19.649999618530273,19.649999618530273,19.649999618530273,19.649999618530273,11.99355697631836,0
2010-03-08,20.6200008392334,20.6200008392334,19.81999969482422,20.0,12.20718002319336,3500
2010-03-09,20.0,20.610000610351562,20.0,20.610000610351562,12.579499244689941,800
2010-03-10,20.610000610351562,20.610000610351562,20.25,20.25,12.359769821166992,2200
2010-03-11,20.579999923706055,20.59000015258789,20.200000762939453,20.450000762939453,12.637866973876953,6100
2010-03-12,20.450000762939453,20.450000762939453,20.450000762939453,20.450000762939453,12.637866973876953,0
2010-03-15,20.149999618530273,20.149999618530273,20.149999618530273,20.149999618530273,12.452468872070312,200
2010-03-16,20.5,20.5,20.25,20.25,12.514269828796387,400
2010-03-17,20.25,20.25,20.25,20.25,12.514269828796387,0
2010-03-18,19.780000686645508,20.389999389648438,19.0,19.850000381469727,12.267067909240723,1400
2010-03-19,19.510000228881836,19.510000228881836,19.5,19.5,12.050773620605469,300
2010-03-22,19.5,19.5,19.5,19.5,12.050773620605469,0
2010-03-23,19.5,19.5,19.5,19.5,12.050773620605469,0
2010-03-24,19.270000457763672,19.270000457763672,19.25,19.25,11.896285057067871,200
2010-03-25,19.5,19.799999237060547,19.5,19.799999237060547,12.236166954040527,1200
2010-03-26,19.25,19.25,19.010000228881836,19.010000228881836,11.747960090637207,300
2010-03-29,19.719999313354492,20.450000762939453,19.719999313354492,20.450000762939453,12.637866973876953,4900
2010-03-30,20.450000762939453,20.450000762939453,19.549999237060547,20.3799991607666,12.594609260559082,900
2010-03-31,19.799999237060547,19.799999237060547,19.600000381469727,19.639999389648438,12.137295722961426,500
2010-04-01,20.739999771118164,20.739999771118164,20.450000762939453,20.450000762939453,12.637866973876953,5600
2010-04-05,20.729999542236328,20.729999542236328,19.549999237060547,20.0,12.359768867492676,4000
2010-04-06,19.989999771118164,20.0,19.989999771118164,20.0,12.359768867492676,200
2010-04-07,20.0,20.0,20.0,20.0,12.359768867492676,0
2010-04-08,20.25,20.25,20.0,20.0,12.359768867492676,3600
2010-04-09,20.100000381469727,20.100000381469727,19.8799991607666,20.0,12.359768867492676,900
2010-04-12,19.959999084472656,20.030000686645508,19.959999084472656,20.0,12.359768867492676,1500
2010-04-13,20.489999771118164,20.489999771118164,19.670000076293945,20.479999542236328,12.656405448913574,1000
2010-04-14,20.25,20.450000762939453,20.0,20.43000030517578,12.625507354736328,2400
2010-04-15,20.5,20.5,20.18000030517578,20.18000030517578,12.471010208129883,1100
2010-04-16,20.25,20.25,20.25,20.25,12.514269828796387,500
2010-04-19,20.25,20.75,20.200000762939453,20.75,12.823262214660645,3700
2010-04-20,20.75,21.0,20.729999542236328,20.93000030517578,12.934497833251953,6900
2010-04-21,20.600000381469727,21.25,20.600000381469727,21.219999313354492,13.113719940185547,5600
2010-04-22,21.5,21.5,21.5,21.5,13.286752700805664,900
2010-04-23,20.530000686645508,21.5,20.530000686645508,21.5,13.286752700805664,500
2010-04-26,22.690000534057617,22.690000534057617,20.649999618530273,20.649999618530273,12.761465072631836,800
2010-04-27,21.31999969482422,21.31999969482422,21.309999465942383,21.309999465942383,13.169339179992676,300
2010-04-28,21.93000030517578,22.0,21.25,21.25,13.132259368896484,2900
2010-04-29,22.450000762939453,22.450000762939453,20.5,21.579999923706055,13.336196899414062,4900
2010-04-30,21.920000076293945,21.920000076293945,20.649999618530273,21.049999237060547,13.008662223815918,5100
2010-05-03,20.75,20.75,19.40999984741211,20.040000915527344,12.384493827819824,3200
2010-05-04,19.030000686645508,20.1299991607666,19.030000686645508,19.549999237060547,12.08167552947998,2300
2010-05-05,19.229999542236328,19.920000076293945,19.229999542236328,19.600000381469727,12.112577438354492,1600
2010-05-06,20.5,20.5,20.5,20.5,12.668764114379883,800
2010-05-07,20.639999389648438,20.639999389648438,20.200000762939453,20.200000762939453,12.483368873596191,700
2010-05-10,21.84000015258789,21.84000015258789,20.5,20.8799991607666,12.903603553771973,300
2010-05-11,20.920000076293945,20.920000076293945,19.200000762939453,19.610000610351562,12.118756294250488,1300
2010-05-12,20.709999084472656,20.709999084472656,19.510000228881836,19.799999237060547,12.236166954040527,1400
2010-05-13,19.799999237060547,19.799999237060547,19.049999237060547,19.139999389648438,11.828302383422852,900
2010-05-14,19.739999771118164,19.770000457763672,19.200000762939453,19.200000762939453,11.865384101867676,2000
2010-05-17,19.09000015258789,19.149999618530273,19.059999465942383,19.149999618530273,11.834484100341797,400
2010-05-18,19.100000381469727,19.100000381469727,18.979999542236328,19.0,11.741780281066895,700
2010-05-19,19.030000686645508,20.0,18.75,18.75,11.587286949157715,500
2010-05-20,18.719999313354492,19.84000015258789,18.0,19.84000015258789,12.260891914367676,3600
2010-05-21,18.09000015258789,19.0,18.09000015258789,18.600000381469727,11.49459171295166,2000
2010-05-24,18.350000381469727,18.350000381469727,17.3700008392334,17.3700008392334,10.734461784362793,6300
2010-05-25,17.90999984741211,17.969999313354492,17.5,17.75,10.969295501708984,3900
2010-05-26,17.75,18.100000381469727,17.1200008392334,17.450000762939453,10.78390121459961,2700
2010-05-27,17.6299991607666,19.690000534057617,17.6299991607666,19.510000228881836,12.05695629119873,700
2010-05-28,18.100000381469727,19.719999313354492,17.649999618530273,18.510000228881836,11.438973426818848,800
2010-06-01,19.18000030517578,19.18000030517578,19.100000381469727,19.100000381469727,11.803580284118652,300
2010-06-02,19.06999969482422,19.06999969482422,19.06999969482422,19.06999969482422,11.785045623779297,100
2010-06-03,19.729999542236328,19.729999542236328,19.540000915527344,19.540000915527344,12.075495719909668,600
2010-06-04,19.0,19.549999237060547,19.0,19.549999237060547,12.08167552947998,800
2010-06-07,17.690000534057617,19.489999771118164,17.690000534057617,19.350000381469727,11.958084106445312,2200
2010-06-08,19.350000381469727,19.350000381469727,19.350000381469727,19.350000381469727,11.958084106445312,0
2010-06-09,19.350000381469727,19.350000381469727,19.350000381469727,19.350000381469727,11.958084106445312,0
2010-06-10,19.299999237060547,19.299999237060547,19.299999237060547,19.299999237060547,11.927179336547852,100
2010-06-11,18.899999618530273,20.0,18.899999618530273,19.700000762939453,12.334145545959473,1800
2010-06-14,18.530000686645508,19.100000381469727,17.850000381469727,17.850000381469727,11.175859451293945,4600
2010-06-15,17.899999618530273,18.260000228881836,17.899999618530273,18.1299991607666,11.351170539855957,900
2010-06-16,18.0,18.09000015258789,18.0,18.09000015258789,11.326128005981445,1000
2010-06-17,17.8700008392334,17.8700008392334,16.510000228881836,17.059999465942383,10.681241035461426,2200
2010-06-18,16.549999237060547,17.889999389648438,16.549999237060547,16.989999771118164,10.637415885925293,3500
2010-06-21,19.75,19.75,18.450000762939453,18.450000762939453,11.551520347595215,700
2010-06-22,17.65999984741211,18.0,17.549999237060547,17.549999237060547,10.988031387329102,1400
2010-06-23,17.600000381469727,17.670000076293945,17.5,17.5,10.956727981567383,1300
2010-06-24,17.5,17.5,16.950000762939453,17.110000610351562,10.712549209594727,1100
2010-06-25,17.25,17.25,16.889999389648438,17.25,10.800202369689941,4000
2010-06-28,17.829999923706055,19.1299991607666,17.829999923706055,18.350000381469727,11.488909721374512,2500
2010-06-29,18.510000228881836,18.510000228881836,18.0,18.0,11.269774436950684,2600
2010-06-30,18.0,18.0,18.0,18.0,11.269774436950684,0
2010-07-01,18.420000076293945,18.420000076293945,17.049999237060547,18.200000762939453,11.394997596740723,4000
2010-07-02,18.200000762939453,18.200000762939453,18.200000762939453,18.200000762939453,11.394997596740723,0
2010-07-06,18.280000686645508,18.280000686645508,17.270000457763672,17.3799991607666,10.881593704223633,2400
2010-07-07,17.989999771118164,17.989999771118164,17.989999771118164,17.989999771118164,11.263514518737793,100
2010-07-08,17.3700008392334,19.0,17.3700008392334,19.0,11.895872116088867,6100
2010-07-09,18.0,18.920000076293945,17.450000762939453,18.040000915527344,11.294817924499512,2700
2010-07-12,18.68000030517578,18.68000030517578,18.190000534057617,18.459999084472656,11.557784080505371,2300
2010-07-13,18.799999237060547,19.31999969482422,18.799999237060547,19.31999969482422,12.096226692199707,5500
2010-07-14,18.40999984741211,18.8799991607666,18.40999984741211,18.8799991607666,11.82073974609375,400
2010-07-15,18.8799991607666,18.8799991607666,18.8799991607666,18.8799991607666,11.82073974609375,0
2010-07-16,18.280000686645508,18.989999771118164,18.260000228881836,18.84000015258789,11.795698165893555,700
2010-07-19,19.0,19.0,18.940000534057617,19.0,11.895872116088867,900
2010-07-20,18.360000610351562,18.360000610351562,18.260000228881836,18.260000228881836,11.432559967041016,500
2010-07-21,18.940000534057617,18.940000534057617,18.25,18.260000228881836,11.432559967041016,1400
2010-07-22,18.59000015258789,18.799999237060547,18.59000015258789,18.799999237060547,11.77065658569336,400
2010-07-23,18.360000610351562,18.989999771118164,18.360000610351562,18.989999771118164,11.88961410522461,700
2010-07-26,18.610000610351562,19.0,18.450000762939453,18.610000610351562,11.651700019836426,1500
2010-07-27,18.350000381469727,19.700000762939453,18.200000762939453,19.700000762939453,12.334145545959473,3100
2010-07-28,18.34000015258789,19.0,18.299999237060547,18.920000076293945,11.845788955688477,1200
2010-07-29,19.0,19.100000381469727,18.84000015258789,19.100000381469727,11.958484649658203,1500
2010-07-30,18.360000610351562,19.5,17.559999465942383,19.5,12.208921432495117,1600
2010-08-02,19.469999313354492,19.5,19.360000610351562,19.360000610351562,12.121272087097168,600
2010-08-03,19.299999237060547,19.5,19.200000762939453,19.200000762939453,12.021096229553223,2000
2010-08-04,18.579999923706055,19.5,18.309999465942383,18.75,11.73935317993164,5100
2010-08-05,19.0,19.25,19.0,19.25,12.052403450012207,900
2010-08-06,18.579999923706055,19.389999389648438,18.579999923706055,19.219999313354492,12.03361701965332,900
2010-08-09,18.600000381469727,18.600000381469727,17.940000534057617,18.260000228881836,11.432559967041016,3000
2010-08-10,18.110000610351562,18.700000762939453,17.739999771118164,17.739999771118164,11.106988906860352,1700
2010-08-11,18.360000610351562,18.75,17.81999969482422,18.75,11.73935317993164,2900
2010-08-12,17.260000228881836,18.790000915527344,17.260000228881836,18.700000762939453,11.708044052124023,5000
2010-08-13,18.649999618530273,18.649999618530273,17.489999771118164,18.0,11.269774436950684,800
2010-08-16,17.670000076293945,18.25,17.670000076293945,17.920000076293945,11.219684600830078,2100
2010-08-17,17.729999542236328,18.5,17.729999542236328,18.239999771118164,11.420039176940918,2100
2010-08-18,17.329999923706055,18.799999237060547,17.329999923706055,18.229999542236328,11.41378116607666,1100
2010-08-19,18.229999542236328,18.229999542236328,18.229999542236328,18.229999542236328,11.41378116607666,0
2010-08-20,18.229999542236328,18.229999542236328,18.229999542236328,18.229999542236328,11.41378116607666,0
2010-08-23,18.229999542236328,18.229999542236328,18.229999542236328,18.229999542236328,11.41378116607666,0
2010-08-24,17.799999237060547,18.25,17.799999237060547,17.81999969482422,11.157078742980957,1100
2010-08-25,17.579999923706055,17.8700008392334,17.559999465942383,17.600000381469727,11.019336700439453,1000
2010-08-26,18.049999237060547,18.049999237060547,17.600000381469727,17.799999237060547,11.14455509185791,1100
2010-08-27,17.799999237060547,17.799999237060547,17.799999237060547,17.799999237060547,11.14455509185791,0
2010-08-30,18.799999237060547,18.940000534057617,17.799999237060547,18.479999542236328,11.57030200958252,1800
2010-08-31,17.93000030517578,17.969999313354492,17.829999923706055,17.8700008392334,11.188385963439941,900
2010-09-01,17.75,18.350000381469727,17.75,18.200000762939453,11.394997596740723,3100
2010-09-02,18.5,18.790000915527344,18.469999313354492,18.5,11.582823753356934,700
2010-09-03,18.5,18.5,18.5,18.5,11.582823753356934,0
2010-09-07,17.950000762939453,17.950000762939453,17.799999237060547,17.799999237060547,11.14455509185791,900
2010-09-08,17.860000610351562,18.8799991607666,17.850000381469727,17.989999771118164,11.263514518737793,1300
2010-09-09,18.0,18.0,17.8799991607666,18.0,11.269774436950684,700
2010-09-10,17.8700008392334,18.18000030517578,17.8700008392334,17.899999618530273,11.207167625427246,1000
2010-09-13,18.239999771118164,18.25,18.239999771118164,18.25,11.588144302368164,2700
2010-09-14,18.020000457763672,18.350000381469727,18.0,18.0,11.429400444030762,1300
2010-09-15,18.0,18.0,18.0,18.0,11.429400444030762,0
2010-09-16,17.760000228881836,17.760000228881836,17.75,17.75,11.270658493041992,300
2010-09-17,17.809999465942383,17.850000381469727,17.75,17.75,11.270658493041992,1400
2010-09-20,17.809999465942383,18.100000381469727,17.770000457763672,18.09000015258789,11.486557006835938,500
2010-09-21,17.920000076293945,18.149999618530273,17.920000076293945,18.149999618530273,11.524650573730469,700
2010-09-22,18.450000762939453,18.450000762939453,17.950000762939453,18.200000762939453,11.556400299072266,1100
2010-09-23,18.200000762939453,18.200000762939453,18.200000762939453,18.200000762939453,11.556400299072266,0
2010-09-24,17.760000228881836,18.729999542236328,17.760000228881836,18.709999084472656,11.880231857299805,1100
2010-09-27,18.350000381469727,18.350000381469727,18.350000381469727,18.350000381469727,11.651641845703125,300
2010-09-28,18.950000762939453,18.950000762939453,18.940000534057617,18.950000762939453,12.03261947631836,2700
2010-09-29,18.540000915527344,18.540000915527344,17.760000228881836,17.760000228881836,11.277013778686523,3900
2010-09-30,18.0,18.479999542236328,18.0,18.479999542236328,11.734187126159668,1000
2010-10-01,18.459999084472656,18.459999084472656,18.459999084472656,18.459999084472656,11.721491813659668,1700
2010-10-04,18.459999084472656,18.459999084472656,18.459999084472656,18.459999084472656,11.721491813659668,0
2010-10-05,18.459999084472656,18.459999084472656,18.459999084472656,18.459999084472656,11.721491813659668,0
2010-10-06,18.5,18.5,18.209999084472656,18.5,11.746889114379883,3600
2010-10-07,18.5,18.5,18.5,18.5,11.746889114379883,0
2010-10-08,18.489999771118164,18.489999771118164,18.15999984741211,18.15999984741211,11.531000137329102,1500
2010-10-11,18.84000015258789,18.93000030517578,17.799999237060547,18.06999969482422,11.47385311126709,1200
2010-10-12,18.030000686645508,18.299999237060547,18.0,18.0,11.429400444030762,700
2010-10-13,17.81999969482422,18.25,17.780000686645508,18.25,11.588144302368164,700
2010-10-14,18.649999618530273,19.0,18.110000610351562,18.889999389648438,11.994525909423828,6900
2010-10-15,18.950000762939453,18.950000762939453,18.950000762939453,18.950000762939453,12.03261947631836,2500
2010-10-18,18.950000762939453,18.950000762939453,18.950000762939453,18.950000762939453,12.03261947631836,0
2010-10-19,18.700000762939453,18.700000762939453,18.1200008392334,18.510000228881836,11.753240585327148,1100
2010-10-20,18.030000686645508,19.450000762939453,17.920000076293945,19.450000762939453,12.350107192993164,6800
2010-10-21,19.0,19.0,18.389999389648438,18.389999389648438,11.677042007446289,1200
2010-10-22,18.389999389648438,18.389999389648438,18.389999389648438,18.389999389648438,11.677042007446289,0
2010-10-25,18.059999465942383,18.5,18.059999465942383,18.5,11.746889114379883,2400
2010-10-26,18.950000762939453,18.950000762939453,18.049999237060547,18.579999923706055,11.797685623168945,300
2010-10-27,18.600000381469727,18.600000381469727,18.43000030517578,18.43000030517578,11.702438354492188,1200
2010-10-28,18.350000381469727,18.350000381469727,18.229999542236328,18.260000228881836,11.59449577331543,600
2010-10-29,18.260000228881836,18.75,18.040000915527344,18.75,11.905632972717285,1600
2010-11-01,18.920000076293945,19.0,18.8799991607666,18.8799991607666,11.988174438476562,800
2010-11-02,19.0,19.0,18.8799991607666,18.8799991607666,11.988174438476562,1400
2010-11-03,18.989999771118164,19.0,18.989999771118164,19.0,12.064369201660156,200
2010-11-04,19.0,19.5,19.0,19.5,12.381853103637695,3100
2010-11-05,19.5,20.1299991607666,19.5,20.1299991607666,12.78188419342041,4900
2010-11-08,20.989999771118164,20.989999771118164,19.75,20.25,12.85808277130127,900
2010-11-09,20.489999771118164,20.899999618530273,20.489999771118164,20.899999618530273,13.270809173583984,3300
2010-11-10,20.8700008392334,20.8700008392334,20.469999313354492,20.5,13.016819953918457,1600
2010-11-11,19.75,20.899999618530273,19.75,20.760000228881836,13.181914329528809,1800
2010-11-12,20.59000015258789,20.979999542236328,20.219999313354492,20.489999771118164,13.010475158691406,900
2010-11-15,20.399999618530273,20.5,20.139999389648438,20.5,13.016819953918457,1400
2010-11-16,20.270000457763672,20.8700008392334,20.25,20.690000534057617,13.13746452331543,1200
2010-11-17,20.690000534057617,20.690000534057617,20.690000534057617,20.690000534057617,13.13746452331543,0
2010-11-18,20.049999237060547,20.5,19.549999237060547,20.5,13.016819953918457,900
2010-11-19,20.34000015258789,20.5,20.34000015258789,20.5,13.016819953918457,700
2010-11-22,20.5,20.5,20.190000534057617,20.190000534057617,12.819978713989258,200
2010-11-23,20.190000534057617,20.190000534057617,20.190000534057617,20.190000534057617,12.819978713989258,0
2010-11-24,20.31999969482422,20.31999969482422,20.299999237060547,20.299999237060547,12.889826774597168,200
2010-11-26,20.75,20.75,19.360000610351562,20.06999969482422,12.74378490447998,800
2010-11-29,20.649999618530273,21.5,20.350000381469727,21.0,13.334304809570312,4700
2010-11-30,20.25,20.25,20.200000762939453,20.200000762939453,12.826333045959473,1000
2010-12-01,19.510000228881836,20.709999084472656,19.510000228881836,20.489999771118164,13.010475158691406,1800
2010-12-02,20.479999542236328,20.75,19.600000381469727,19.739999771118164,12.534245491027832,2600
2010-12-03,20.049999237060547,20.270000457763672,20.049999237060547,20.25,12.85808277130127,400
2010-12-06,20.059999465942383,21.0,20.010000228881836,21.0,13.334304809570312,1800
2010-12-07,21.0,21.0,20.969999313354492,20.969999313354492,13.315260887145996,200
2010-12-08,20.559999465942383,21.0,20.559999465942383,21.0,13.334304809570312,3400
2010-12-09,21.0,21.0,21.0,21.0,13.334304809570312,0
2010-12-10,20.989999771118164,21.0,20.229999542236328,20.649999618530273,13.112069129943848,2600
2010-12-13,20.649999618530273,21.0,20.649999618530273,21.0,13.49771785736084,3600
2010-12-14,22.200000762939453,22.920000076293945,21.5,21.75,13.979780197143555,2400
2010-12-15,21.739999771118164,22.25,21.739999771118164,22.25,14.301155090332031,1500
2010-12-16,22.0,22.0,22.0,22.0,14.140462875366211,200
2010-12-17,21.079999923706055,21.950000762939453,21.010000228881836,21.950000762939453,14.10832691192627,700
2010-12-20,22.479999542236328,22.479999542236328,21.969999313354492,22.0,14.140462875366211,1600
2010-12-21,22.0,22.0,21.540000915527344,21.540000915527344,13.84479808807373,1100
2010-12-22,21.969999313354492,22.0,21.5,22.0,14.140462875366211,2200
2010-12-23,21.559999465942383,22.25,21.559999465942383,22.25,14.301155090332031,4500
2010-12-27,22.149999618530273,22.899999618530273,21.899999618530273,22.0,14.140462875366211,2200
2010-12-28,22.25,22.75,22.25,22.75,14.622527122497559,4900
2010-12-29,22.719999313354492,23.0,22.59000015258789,23.0,14.783208847045898,2600
2010-12-30,22.719999313354492,22.719999313354492,22.469999313354492,22.649999618530273,14.558246612548828,3100
2010-12-31,22.670000076293945,22.670000076293945,22.309999465942383,22.309999465942383,14.339714050292969,400
2011-01-03,22.700000762939453,23.25,22.670000076293945,22.709999084472656,14.59681510925293,4200
2011-01-04,22.360000610351562,22.75,22.360000610351562,22.360000610351562,14.371855735778809,800
2011-01-05,22.350000381469727,22.399999618530273,22.309999465942383,22.399999618530273,14.397563934326172,1000
2011-01-06,22.34000015258789,22.34000015258789,22.209999084472656,22.209999084472656,14.275443077087402,600
2011-01-07,22.25,22.75,22.25,22.75,14.622527122497559,1800
2011-01-10,22.549999237060547,22.75,22.25,22.75,14.622527122497559,1200
2011-01-11,22.75,22.75,22.75,22.75,14.622527122497559,0
2011-01-12,22.739999771118164,23.25,22.739999771118164,22.75,14.622527122497559,1500
2011-01-13,22.75,22.75,22.75,22.75,14.622527122497559,0
2011-01-14,23.0,25.75,22.75,23.200000762939453,14.911762237548828,3000
2011-01-18,24.0,24.0,23.200000762939453,23.200000762939453,14.911762237548828,200
2011-01-19,23.170000076293945,24.709999084472656,22.770000457763672,23.84000015258789,15.323123931884766,1600
2011-01-20,23.84000015258789,23.84000015258789,23.84000015258789,23.84000015258789,15.323123931884766,0
2011-01-21,23.399999618530273,23.5,22.760000228881836,23.479999542236328,15.091726303100586,3100
2011-01-24,23.3799991607666,24.0,23.350000381469727,24.0,15.42596435546875,2600
2011-01-25,23.799999237060547,23.809999465942383,23.75,23.780000686645508,15.284560203552246,1100
2011-01-26,23.420000076293945,23.459999084472656,23.399999618530273,23.399999618530273,15.040311813354492,1400
2011-01-27,23.969999313354492,23.989999771118164,23.399999618530273,23.540000915527344,15.130297660827637,1400
2011-01-28,23.350000381469727,23.350000381469727,22.90999984741211,22.90999984741211,14.72536563873291,1700
2011-01-31,23.56999969482422,23.989999771118164,23.56999969482422,23.989999771118164,15.419536590576172,1900
2011-02-01,24.0,24.0,24.0,24.0,15.42596435546875,200
2011-02-02,23.399999618530273,23.399999618530273,23.309999465942383,23.309999465942383,14.982464790344238,500
2011-02-03,22.299999237060547,22.299999237060547,22.280000686645508,22.280000686645508,14.320432662963867,200
2011-02-04,22.280000686645508,22.280000686645508,22.280000686645508,22.280000686645508,14.320432662963867,0
2011-02-07,22.5,22.5,22.0,22.31999969482422,14.346139907836914,1700
2011-02-08,22.31999969482422,22.31999969482422,22.31999969482422,22.31999969482422,14.346139907836914,0
2011-02-09,22.31999969482422,22.31999969482422,22.31999969482422,22.31999969482422,14.346139907836914,0
2011-02-10,22.229999542236328,22.229999542236328,22.200000762939453,22.200000762939453,14.269018173217773,300
2011-02-11,22.0,22.0,22.0,22.0,14.140462875366211,100
2011-02-14,22.3799991607666,23.06999969482422,22.3799991607666,23.06999969482422,14.828201293945312,1800
2011-02-15,22.969999313354492,22.989999771118164,22.969999313354492,22.989999771118164,14.776782035827637,500
2011-02-16,22.989999771118164,22.989999771118164,22.989999771118164,22.989999771118164,14.776782035827637,0
2011-02-17,22.010000228881836,22.309999465942383,22.010000228881836,22.309999465942383,14.339714050292969,600
2011-02-18,22.959999084472656,23.690000534057617,22.5,23.510000228881836,15.111013412475586,1500
2011-02-22,22.709999084472656,23.399999618530273,22.709999084472656,22.84000015258789,14.68037223815918,1400
2011-02-23,22.84000015258789,22.84000015258789,22.84000015258789,22.84000015258789,14.68037223815918,0
2011-02-24,22.84000015258789,22.84000015258789,22.84000015258789,22.84000015258789,14.68037223815918,0
2011-02-25,23.0,23.010000228881836,22.100000381469727,22.649999618530273,14.558246612548828,2100
2011-02-28,22.860000610351562,23.0,22.65999984741211,23.0,14.783208847045898,500
2011-03-01,23.469999313354492,23.469999313354492,23.020000457763672,23.020000457763672,14.796069145202637,300
2011-03-02,23.0,23.0,23.0,23.0,14.783208847045898,1200
2011-03-03,23.010000228881836,23.010000228881836,23.0,23.010000228881836,14.78963851928711,600
2011-03-04,23.010000228881836,23.010000228881836,23.010000228881836,23.010000228881836,14.78963851928711,0
2011-03-07,23.209999084472656,23.209999084472656,23.209999084472656,23.209999084472656,14.918190002441406,100
2011-03-08,23.209999084472656,23.209999084472656,23.209999084472656,23.209999084472656,14.918190002441406,0
2011-03-09,23.280000686645508,23.5,23.280000686645508,23.5,15.104580879211426,700
2011-03-10,23.25,23.25,23.25,23.25,14.94389820098877,600
2011-03-11,23.25,23.25,23.25,23.25,15.106330871582031,0
2011-03-14,23.25,23.25,23.25,23.25,15.106330871582031,0
2011-03-15,23.0,23.0,23.0,23.0,14.943896293640137,100
2011-03-16,22.989999771118164,22.989999771118164,22.989999771118164,22.989999771118164,14.937399864196777,400
2011-03-17,22.010000228881836,22.600000381469727,22.010000228881836,22.299999237060547,14.489084243774414,1000
2011-03-18,22.260000228881836,22.260000228881836,22.260000228881836,22.260000228881836,14.46310043334961,200
2011-03-21,22.8700008392334,22.8700008392334,22.8700008392334,22.8700008392334,14.859434127807617,500
2011-03-22,22.84000015258789,23.059999465942383,22.84000015258789,23.059999465942383,14.982880592346191,2000
2011-03-23,23.059999465942383,23.059999465942383,23.059999465942383,23.059999465942383,14.982880592346191,0
2011-03-24,23.0,23.0,23.0,23.0,14.943896293640137,100
2011-03-25,23.0,23.0,23.0,23.0,14.943896293640137,0
2011-03-28,22.100000381469727,22.5,21.799999237060547,22.15999984741211,14.398119926452637,2700
2011-03-29,21.209999084472656,22.989999771118164,21.209999084472656,22.889999389648438,14.87242603302002,4000
2011-03-30,23.0,23.0,22.979999542236328,22.979999542236328,14.930901527404785,600
2011-03-31,22.979999542236328,22.979999542236328,22.979999542236328,22.979999542236328,14.930901527404785,0
2011-04-01,22.549999237060547,22.549999237060547,21.450000762939453,21.530000686645508,13.98879337310791,7300
2011-04-04,21.3799991607666,21.399999618530273,21.110000610351562,21.110000610351562,13.715898513793945,1400
2011-04-05,21.219999313354492,21.5,21.15999984741211,21.5,13.969298362731934,2900
2011-04-06,21.239999771118164,21.239999771118164,21.239999771118164,21.239999771118164,13.800368309020996,100
2011-04-07,21.34000015258789,21.5,21.34000015258789,21.5,13.969298362731934,1200
2011-04-08,21.649999618530273,21.649999618530273,21.5,21.5,13.969298362731934,1600
2011-04-11,21.5,21.5,21.5,21.5,13.969298362731934,0
2011-04-12,21.5,21.5,21.5,21.5,13.969298362731934,0
2011-04-13,21.31999969482422,21.31999969482422,21.309999465942383,21.309999465942383,13.84585189819336,200
2011-04-14,21.309999465942383,21.309999465942383,21.309999465942383,21.309999465942383,13.84585189819336,0
2011-04-15,21.360000610351562,21.5,21.360000610351562,21.5,13.969298362731934,400
2011-04-18,21.450000762939453,21.469999313354492,21.149999618530273,21.149999618530273,13.741889953613281,5200
2011-04-19,21.149999618530273,21.149999618530273,20.850000381469727,20.850000381469727,13.546967506408691,800
2011-04-20,21.149999618530273,21.899999618530273,20.3799991607666,20.399999618530273,13.25459098815918,3200
2011-04-21,20.18000030517578,20.18000030517578,20.149999618530273,20.149999618530273,13.092156410217285,800
2011-04-25,20.40999984741211,20.40999984741211,20.299999237060547,20.309999465942383,13.196114540100098,3800
2011-04-26,20.5,20.5,20.34000015258789,20.34000015258789,13.215603828430176,300
2011-04-27,20.209999084472656,20.790000915527344,20.209999084472656,20.510000228881836,13.32606029510498,2000
2011-04-28,20.75,20.75,20.31999969482422,20.610000610351562,13.391036987304688,1000
2011-04-29,20.950000762939453,21.030000686645508,20.309999465942383,21.0,13.64443302154541,1200
2011-05-02,21.0,21.010000228881836,20.450000762939453,20.969999313354492,13.624939918518066,4500
2011-05-03,21.0,21.079999923706055,21.0,21.079999923706055,13.6964111328125,600
2011-05-04,21.030000686645508,21.479999542236328,20.75,20.75,13.4819917678833,4100
2011-05-05,20.440000534057617,21.079999923706055,20.43000030517578,21.079999923706055,13.6964111328125,3000
2011-05-06,21.040000915527344,21.040000915527344,20.81999969482422,20.81999969482422,13.527475357055664,1300
2011-05-09,21.969999313354492,21.969999313354492,20.5,20.65999984741211,13.42352294921875,3200
2011-05-10,21.93000030517578,22.0,21.3700008392334,21.399999618530273,13.904318809509277,1100
2011-05-11,21.0,21.350000381469727,21.0,21.350000381469727,13.871837615966797,300
2011-05-12,21.350000381469727,21.350000381469727,21.350000381469727,21.350000381469727,13.871837615966797,0
2011-05-13,21.93000030517578,22.68000030517578,21.100000381469727,21.100000381469727,13.709405899047852,2400
2011-05-16,21.1299991607666,21.450000762939453,20.549999237060547,21.309999465942383,13.84585189819336,5300
2011-05-17,21.09000015258789,22.0,21.09000015258789,21.399999618530273,13.904318809509277,900
2011-05-18,21.520000457763672,21.520000457763672,21.5,21.5,13.969298362731934,300
2011-05-19,21.709999084472656,21.709999084472656,21.510000228881836,21.510000228881836,13.975793838500977,600
2011-05-20,21.670000076293945,21.68000030517578,21.149999618530273,21.649999618530273,14.066753387451172,1000
2011-05-23,21.040000915527344,21.649999618530273,21.020000457763672,21.15999984741211,13.748383522033691,1800
2011-05-24,21.690000534057617,21.690000534057617,21.229999542236328,21.540000915527344,13.99528694152832,5200
2011-05-25,21.350000381469727,21.5,21.350000381469727,21.350000381469727,13.871837615966797,3000
2011-05-26,21.5,21.510000228881836,21.479999542236328,21.479999542236328,13.956308364868164,1200
2011-05-27,21.299999237060547,21.479999542236328,21.270000457763672,21.479999542236328,13.956308364868164,900
2011-05-31,21.690000534057617,21.690000534057617,21.100000381469727,21.18000030517578,13.761381149291992,7200
2011-06-01,21.329999923706055,21.5,21.25,21.3799991607666,13.891326904296875,400
2011-06-02,21.3799991607666,21.3799991607666,21.3799991607666,21.3799991607666,13.891326904296875,0
2011-06-03,21.3799991607666,21.3799991607666,21.3799991607666,21.3799991607666,13.891326904296875,0
2011-06-06,21.049999237060547,21.049999237060547,20.579999923706055,20.81999969482422,13.527475357055664,5400
2011-06-07,21.579999923706055,21.579999923706055,21.0,21.0,13.64443302154541,200
2011-06-08,21.0,21.0,21.0,21.0,13.64443302154541,0
2011-06-09,21.0,21.0,20.979999542236328,21.0,13.64443302154541,2900
2011-06-10,20.799999237060547,21.65999984741211,20.799999237060547,21.450000762939453,13.936813354492188,700
2011-06-13,21.25,21.25,21.0,21.09000015258789,13.864498138427734,600
2011-06-14,21.09000015258789,21.09000015258789,21.09000015258789,21.09000015258789,13.864498138427734,0
2011-06-15,21.450000762939453,21.450000762939453,20.700000762939453,20.700000762939453,13.608110427856445,400
2011-06-16,20.700000762939453,20.700000762939453,20.700000762939453,20.700000762939453,13.608110427856445,0
2011-06-17,20.90999984741211,21.0,20.700000762939453,21.0,13.805335998535156,600
2011-06-20,20.989999771118164,21.0,20.559999465942383,20.559999465942383,13.516079902648926,2900
2011-06-21,20.65999984741211,20.65999984741211,20.389999389648438,20.600000381469727,13.542373657226562,1900
2011-06-22,20.350000381469727,20.3799991607666,20.350000381469727,20.3799991607666,13.397746086120605,700
2011-06-23,20.309999465942383,20.309999465942383,20.309999465942383,20.309999465942383,13.351727485656738,300
2011-06-24,20.3700008392334,20.40999984741211,19.950000762939453,20.239999771118164,13.30571174621582,8000
2011-06-27,20.049999237060547,20.270000457763672,20.049999237060547,20.270000457763672,13.325430870056152,2500
2011-06-28,20.729999542236328,21.389999389648438,20.149999618530273,21.18000030517578,13.923663139343262,2100
2011-06-29,20.309999465942383,20.68000030517578,20.309999465942383,20.68000030517578,13.594964027404785,2300
2011-06-30,20.59000015258789,21.290000915527344,20.579999923706055,21.290000915527344,13.99597454071045,400
2011-07-01,21.5,21.5,20.540000915527344,20.959999084472656,13.779036521911621,2500
2011-07-05,21.329999923706055,21.329999923706055,20.530000686645508,20.899999618530273,13.739591598510742,700
2011-07-06,20.75,21.049999237060547,20.75,21.049999237060547,13.838200569152832,700
2011-07-07,21.020000457763672,21.100000381469727,21.0,21.100000381469727,13.871071815490723,2800
2011-07-08,21.0,21.049999237060547,21.0,21.0,13.805335998535156,3400
2011-07-11,21.0,21.0,20.520000457763672,20.540000915527344,13.50293254852295,2300
2011-07-12,20.540000915527344,20.540000915527344,20.34000015258789,20.34000015258789,13.37144947052002,4500
2011-07-13,20.56999969482422,20.56999969482422,19.899999618530273,19.899999618530273,13.082198143005371,9500
2011-07-14,19.899999618530273,19.899999618530273,19.5,19.799999237060547,13.016451835632324,1400
2011-07-15,19.6299991607666,19.649999618530273,19.0,19.200000762939453,12.62201976776123,1900
2011-07-18,19.40999984741211,19.40999984741211,19.40999984741211,19.40999984741211,12.7600679397583,200
2011-07-19,19.40999984741211,19.40999984741211,19.40999984741211,19.40999984741211,12.7600679397583,0
2011-07-20,19.510000228881836,20.020000457763672,19.5,20.020000457763672,13.161084175109863,1100
2011-07-21,20.059999465942383,20.059999465942383,20.059999465942383,20.059999465942383,13.187381744384766,200
2011-07-22,20.0,20.0,19.8700008392334,19.8700008392334,13.062472343444824,4000
2011-07-25,19.959999084472656,19.959999084472656,19.399999618530273,19.719999313354492,12.963860511779785,800
2011-07-26,19.729999542236328,19.979999542236328,19.709999084472656,19.709999084472656,12.957290649414062,800
2011-07-27,19.719999313354492,20.270000457763672,19.719999313354492,20.239999771118164,13.30571174621582,22200
2011-07-28,20.270000457763672,21.770000457763672,19.739999771118164,21.139999389648438,13.897367477416992,7800
2011-07-29,21.450000762939453,21.5,21.200000762939453,21.5,14.134031295776367,4300
2011-08-01,21.5,21.5,21.5,21.5,14.134031295776367,0
2011-08-02,21.5,22.0,21.200000762939453,22.0,14.462723731994629,4000
2011-08-03,21.8700008392334,23.25,21.8700008392334,23.0,15.120121002197266,3200
2011-08-04,22.0,22.75,21.700000762939453,22.690000534057617,14.916337966918945,2700
2011-08-05,22.239999771118164,22.950000762939453,21.649999618530273,22.950000762939453,15.087259292602539,3200
2011-08-08,22.829999923706055,23.0,22.100000381469727,22.729999542236328,14.94262409210205,4600
2011-08-09,21.209999084472656,22.5,21.209999084472656,22.5,14.791428565979004,600
2011-08-10,22.5,22.649999618530273,22.010000228881836,22.030000686645508,14.482449531555176,4100
2011-08-11,21.149999618530273,22.200000762939453,21.149999618530273,22.200000762939453,14.594209671020508,1200
2011-08-12,21.75,22.469999313354492,21.75,22.350000381469727,14.692819595336914,500
2011-08-15,22.459999084472656,22.459999084472656,22.459999084472656,22.459999084472656,14.76512622833252,300
2011-08-16,22.5,22.5,22.5,22.5,14.791428565979004,200
2011-08-17,22.5,22.520000457763672,22.5,22.510000228881836,14.797998428344727,1300
2011-08-18,22.399999618530273,22.75,22.399999618530273,22.65999984741211,14.89660930633545,2600
2011-08-19,22.600000381469727,22.969999313354492,22.600000381469727,22.81999969482422,15.001794815063477,1500
2011-08-22,23.0,23.0,22.600000381469727,22.8799991607666,15.041238784790039,3000
2011-08-23,22.079999923706055,23.0,22.079999923706055,23.0,15.120121002197266,4800
2011-08-24,23.0,23.0,22.309999465942383,23.0,15.120121002197266,1000
2011-08-25,22.950000762939453,23.0,22.459999084472656,23.0,15.120121002197266,5300
2011-08-26,22.959999084472656,23.0,22.959999084472656,23.0,15.120121002197266,200
2011-08-29,23.0,23.0,23.0,23.0,15.120121002197266,300
2011-08-30,23.0,23.0,23.0,23.0,15.120121002197266,0
2011-08-31,23.0,23.5,22.950000762939453,23.5,15.448823928833008,3500
2011-09-01,23.5,23.5,23.5,23.5,15.448823928833008,200
2011-09-02,23.1299991607666,23.75,23.110000610351562,23.489999771118164,15.442253112792969,1200
2011-09-06,23.100000381469727,23.170000076293945,22.040000915527344,22.170000076293945,14.57448673248291,8200
2011-09-07,22.610000610351562,22.610000610351562,21.399999618530273,21.399999618530273,14.068285942077637,3600
2011-09-08,21.700000762939453,21.700000762939453,21.5,21.5,14.134031295776367,1100
2011-09-09,21.5,22.290000915527344,21.5,21.81999969482422,14.34439468383789,2900
2011-09-12,21.360000610351562,21.799999237060547,21.040000915527344,21.399999618530273,14.068285942077637,4300
2011-09-13,21.399999618530273,21.399999618530273,21.399999618530273,21.399999618530273,14.234580039978027,0
2011-09-14,21.360000610351562,21.389999389648438,21.34000015258789,21.3799991607666,14.221282005310059,1300
2011-09-15,21.3799991607666,21.389999389648438,20.510000228881836,20.860000610351562,13.87539005279541,1300
2011-09-16,20.6200008392334,21.25,20.6200008392334,21.25,14.134805679321289,700
2011-09-19,21.030000686645508,21.389999389648438,21.030000686645508,21.3799991607666,14.221282005310059,1900
2011-09-20,21.3700008392334,21.399999618530273,21.360000610351562,21.399999618530273,14.234580039978027,1800
2011-09-21,21.399999618530273,21.5,21.399999618530273,21.459999084472656,14.274492263793945,1100
2011-09-22,21.489999771118164,22.239999771118164,21.489999771118164,21.56999969482422,14.34765911102295,1300
2011-09-23,22.06999969482422,22.079999923706055,22.030000686645508,22.030000686645508,14.65363883972168,700
2011-09-26,21.530000686645508,22.229999542236328,21.510000228881836,21.829999923706055,14.520604133605957,500
2011-09-27,21.829999923706055,21.829999923706055,21.829999923706055,21.829999923706055,14.520604133605957,0
2011-09-28,23.06999969482422,23.09000015258789,22.420000076293945,22.920000076293945,15.24563980102539,2800
2011-09-29,22.920000076293945,22.920000076293945,22.920000076293945,22.920000076293945,15.24563980102539,0
2011-09-30,23.420000076293945,23.5,23.290000915527344,23.34000015258789,15.52501106262207,4100
2011-10-03,23.65999984741211,23.989999771118164,23.520000457763672,23.75,15.797727584838867,3000
2011-10-04,23.510000228881836,23.75,23.5,23.75,15.797727584838867,1100
2011-10-05,23.34000015258789,23.5,23.329999923706055,23.329999923706055,15.518355369567871,2500
2011-10-06,22.34000015258789,23.5,21.549999237060547,22.270000457763672,14.813282012939453,2300
2011-10-07,22.989999771118164,23.700000762939453,22.989999771118164,23.3799991607666,15.551615715026855,900
2011-10-10,22.899999618530273,22.899999618530273,22.899999618530273,22.899999618530273,15.232338905334473,100
2011-10-11,23.700000762939453,23.700000762939453,22.75,23.5,15.631433486938477,900
2011-10-12,23.139999389648438,23.139999389648438,22.020000457763672,22.899999618530273,15.232338905334473,1800
2011-10-13,23.3700008392334,23.68000030517578,22.770000457763672,23.469999313354492,15.611475944519043,2800
2011-10-14,23.469999313354492,23.469999313354492,23.469999313354492,23.469999313354492,15.611475944519043,0
2011-10-17,23.459999084472656,23.579999923706055,23.0,23.200000762939453,15.431877136230469,4000
2011-10-18,23.09000015258789,23.579999923706055,21.549999237060547,23.579999923706055,15.684645652770996,1600
2011-10-19,23.25,23.270000457763672,23.209999084472656,23.270000457763672,15.478440284729004,500
2011-10-20,23.270000457763672,23.270000457763672,23.270000457763672,23.270000457763672,15.478440284729004,0
2011-10-21,23.270000457763672,23.270000457763672,23.270000457763672,23.270000457763672,15.478440284729004,0
2011-10-24,21.610000610351562,23.25,21.610000610351562,22.989999771118164,15.292200088500977,900
2011-10-25,23.18000030517578,23.350000381469727,22.90999984741211,23.350000381469727,15.531657218933105,2200
2011-10-26,22.809999465942383,23.459999084472656,22.809999465942383,23.420000076293945,15.578227996826172,3700
2011-10-27,23.5,23.75,22.899999618530273,23.75,15.797727584838867,13700
2011-10-28,23.75,23.75,23.75,23.75,15.797727584838867,0
2011-10-31,23.75,23.75,23.75,23.75,15.797727584838867,0
2011-11-01,23.5,23.600000381469727,22.989999771118164,23.079999923706055,15.35206413269043,6600
2011-11-02,22.899999618530273,22.899999618530273,22.899999618530273,22.899999618530273,15.232338905334473,400
2011-11-03,22.280000686645508,22.280000686645508,22.25,22.25,14.799978256225586,300
2011-11-04,22.520000457763672,22.690000534057617,21.65999984741211,22.520000457763672,14.979568481445312,4900
2011-11-07,22.489999771118164,22.5,20.209999084472656,20.850000381469727,13.868741035461426,23800
2011-11-08,21.010000228881836,22.0,21.010000228881836,21.5,14.30109977722168,3400
2011-11-09,21.579999923706055,21.600000381469727,21.06999969482422,21.40999984741211,14.241232872009277,1100
2011-11-10,21.520000457763672,21.700000762939453,21.520000457763672,21.700000762939453,14.434136390686035,300
2011-11-11,21.600000381469727,22.389999389648438,21.600000381469727,22.389999389648438,14.893096923828125,2200
2011-11-14,22.040000915527344,22.040000915527344,21.770000457763672,21.780000686645508,14.487347602844238,3000
2011-11-15,21.40999984741211,22.020000457763672,21.40999984741211,21.600000381469727,14.367619514465332,1900
2011-11-16,21.610000610351562,21.700000762939453,21.610000610351562,21.639999389648438,14.394217491149902,400
2011-11-17,21.940000534057617,21.940000534057617,21.229999542236328,21.260000228881836,14.141458511352539,2400
2011-11-18,21.270000457763672,21.950000762939453,21.0,21.0,13.96851921081543,2000
2011-11-21,21.520000457763672,21.520000457763672,21.0,21.360000610351562,14.207971572875977,3000
2011-11-22,21.510000228881836,21.520000457763672,21.15999984741211,21.520000457763672,14.314404487609863,1400
2011-11-23,21.09000015258789,21.65999984741211,21.09000015258789,21.65999984741211,14.407525062561035,4100
2011-11-25,21.65999984741211,21.65999984741211,21.65999984741211,21.65999984741211,14.407525062561035,0
2011-11-28,21.989999771118164,21.989999771118164,21.229999542236328,21.600000381469727,14.367619514465332,2300
2011-11-29,21.940000534057617,22.25,21.920000076293945,22.110000610351562,14.706851959228516,2700
2011-11-30,22.200000762939453,22.75,22.200000762939453,22.75,15.132554054260254,8500
2011-12-01,22.700000762939453,22.700000762939453,22.200000762939453,22.56999969482422,15.012834548950195,6100
2011-12-02,22.719999313354492,23.0,22.219999313354492,22.3799991607666,14.88645076751709,1700
2011-12-05,22.5,23.0,22.5,22.75,15.132554054260254,4200
2011-12-06,22.75,23.0,22.700000762939453,23.0,15.298848152160645,2500
2011-12-07,23.0,23.479999542236328,23.0,23.299999237060547,15.49839973449707,3900
2011-12-08,23.0,23.329999923706055,22.760000228881836,23.110000610351562,15.372023582458496,8900
2011-12-09,23.06999969482422,23.09000015258789,23.06999969482422,23.09000015258789,15.358719825744629,2300
2011-12-12,23.190000534057617,23.389999389648438,23.190000534057617,23.389999389648438,15.55826473236084,3600
2011-12-13,22.549999237060547,23.549999237060547,22.549999237060547,22.920000076293945,15.417010307312012,2400
2011-12-14,22.93000030517578,23.350000381469727,22.860000610351562,23.280000686645508,15.65916919708252,9300
2011-12-15,23.510000228881836,24.5,23.510000228881836,24.31999969482422,16.35871124267578,12300
2011-12-16,25.0,25.5,24.5,25.040000915527344,16.843019485473633,2700
2011-12-19,25.059999465942383,25.309999465942383,24.5,25.1200008392334,16.89682960510254,3700
2011-12-20,25.43000030517578,26.149999618530273,24.610000610351562,24.899999618530273,16.748842239379883,4100
2011-12-21,25.040000915527344,26.170000076293945,24.799999237060547,25.90999984741211,17.428211212158203,2800
2011-12-22,24.56999969482422,26.25,24.56999969482422,25.860000610351562,17.39457893371582,5000
2011-12-23,26.0,26.290000915527344,25.690000534057617,26.010000228881836,17.495479583740234,2700
2011-12-27,26.479999542236328,28.0,26.100000381469727,26.5,17.825077056884766,6300
2011-12-28,26.5,27.440000534057617,26.5,27.09000015258789,18.22193717956543,4200
2011-12-29,27.079999923706055,27.280000686645508,26.690000534057617,26.940000534057617,18.121044158935547,3100
2011-12-30,26.43000030517578,26.75,26.059999465942383,26.600000381469727,17.89234733581543,6400
2012-01-03,26.610000610351562,26.8799991607666,26.40999984741211,26.8799991607666,18.08067512512207,6000
2012-01-04,26.979999542236328,27.09000015258789,26.899999618530273,27.09000015258789,18.22193717956543,700
2012-01-05,26.399999618530273,26.700000762939453,26.399999618530273,26.700000762939453,17.959609985351562,5300
2012-01-06,26.639999389648438,27.8700008392334,26.639999389648438,27.8700008392334,18.74659538269043,4300
2012-01-09,29.200000762939453,29.489999771118164,28.649999618530273,29.360000610351562,19.748842239379883,5900
2012-01-10,29.530000686645508,30.780000686645508,28.799999237060547,28.799999237060547,19.372156143188477,10500
2012-01-11,28.700000762939453,29.31999969482422,28.700000762939453,29.309999465942383,19.715208053588867,1500
2012-01-12,29.010000228881836,30.0,28.940000534057617,29.989999771118164,20.172611236572266,2200
2012-01-13,29.5,29.5,29.100000381469727,29.100000381469727,19.57394790649414,600
2012-01-17,28.799999237060547,28.989999771118164,28.450000762939453,28.450000762939453,19.136737823486328,5400
2012-01-18,28.950000762939453,28.950000762939453,28.920000076293945,28.940000534057617,19.466327667236328,1000
2012-01-19,28.8799991607666,29.0,28.799999237060547,28.799999237060547,19.372156143188477,600
2012-01-20,28.100000381469727,29.8700008392334,28.100000381469727,29.190000534057617,19.634492874145508,1000
2012-01-23,28.610000610351562,30.0,27.530000686645508,29.270000457763672,19.688302993774414,2000
2012-01-24,29.06999969482422,29.06999969482422,29.0,29.0,19.506689071655273,700
2012-01-25,29.0,29.280000686645508,27.389999389648438,28.299999237060547,19.035837173461914,5100
2012-01-26,28.969999313354492,31.530000686645508,28.100000381469727,29.190000534057617,19.634492874145508,2400
2012-01-27,31.399999618530273,31.399999618530273,29.5,30.700000762939453,20.650188446044922,2700
2012-01-30,29.899999618530273,29.899999618530273,28.700000762939453,29.799999237060547,20.04480743408203,1000
2012-01-31,29.5,29.899999618530273,28.299999237060547,28.510000228881836,19.177091598510742,1600
2012-02-01,29.579999923706055,29.579999923706055,29.079999923706055,29.079999923706055,19.56049919128418,600
2012-02-02,29.040000915527344,29.040000915527344,27.809999465942383,27.809999465942383,18.70624351501465,12800
2012-02-03,28.479999542236328,28.479999542236328,27.25,27.799999237060547,18.69951820373535,10000
2012-02-06,28.15999984741211,28.15999984741211,27.549999237060547,27.700000762939453,18.632247924804688,5800
2012-02-07,27.860000610351562,28.010000228881836,27.40999984741211,27.860000610351562,18.739877700805664,1100
2012-02-08,27.860000610351562,28.729999542236328,27.5,28.0,18.83403968811035,4000
2012-02-09,27.75,28.299999237060547,27.75,28.190000534057617,18.96184539794922,2800
2012-02-10,28.09000015258789,28.309999465942383,28.09000015258789,28.309999465942383,19.042558670043945,600
2012-02-13,28.389999389648438,28.389999389648438,28.040000915527344,28.25,19.002206802368164,1500
2012-02-14,28.020000457763672,28.020000457763672,28.0,28.0,18.83403968811035,400
2012-02-15,28.389999389648438,28.389999389648438,28.389999389648438,28.389999389648438,19.09637451171875,500
2012-02-16,28.389999389648438,28.440000534057617,28.389999389648438,28.440000534057617,19.130008697509766,700
2012-02-17,28.700000762939453,29.799999237060547,28.389999389648438,29.489999771118164,19.836284637451172,5400
2012-02-21,29.799999237060547,31.149999618530273,29.790000915527344,31.040000915527344,20.87888526916504,12000
2012-02-22,30.969999313354492,30.989999771118164,29.0,30.989999771118164,20.845251083374023,3500
2012-02-23,31.06999969482422,31.530000686645508,29.899999618530273,31.170000076293945,20.966323852539062,6000
2012-02-24,30.84000015258789,31.149999618530273,30.829999923706055,31.149999618530273,20.952869415283203,1900
2012-02-27,31.229999542236328,31.389999389648438,31.229999542236328,31.350000381469727,21.087400436401367,2700
2012-02-28,29.610000610351562,31.299999237060547,29.610000610351562,31.299999237060547,21.053770065307617,4200
2012-02-29,31.40999984741211,31.510000228881836,30.469999313354492,30.469999313354492,20.49547576904297,2200
2012-03-01,30.59000015258789,30.59000015258789,30.59000015258789,30.59000015258789,20.576194763183594,300
2012-03-02,30.950000762939453,31.049999237060547,30.549999237060547,31.049999237060547,20.88561248779297,1500
2012-03-05,30.510000228881836,31.0,29.530000686645508,30.110000610351562,20.253324508666992,14100
2012-03-06,29.469999313354492,30.0,29.469999313354492,29.969999313354492,20.159160614013672,1000
2012-03-07,29.649999618530273,29.799999237060547,29.540000915527344,29.549999237060547,19.876644134521484,4100
2012-03-08,29.719999313354492,29.799999237060547,29.399999618530273,29.639999389648438,19.937179565429688,3600
2012-03-09,29.6200008392334,30.260000228881836,29.329999923706055,30.25,20.347492218017578,2400
2012-03-12,30.25,30.25,29.75,29.950000762939453,20.14569854736328,1600
2012-03-13,29.75,30.0,29.709999084472656,29.899999618530273,20.288190841674805,1400
2012-03-14,29.389999389648438,30.0,29.389999389648438,29.600000381469727,20.08463478088379,6900
2012-03-15,29.549999237060547,30.0,29.399999618530273,30.0,20.356046676635742,6200
2012-03-16,29.479999542236328,29.600000381469727,29.399999618530273,29.399999618530273,19.948928833007812,2000
2012-03-19,29.469999313354492,29.799999237060547,29.31999969482422,29.799999237060547,20.2203426361084,12900
2012-03-20,29.950000762939453,30.049999237060547,29.600000381469727,29.75,20.1864070892334,13500
2012-03-21,29.639999389648438,30.0,29.600000381469727,30.0,20.356046676635742,800
2012-03-22,29.799999237060547,30.079999923706055,29.399999618530273,30.079999923706055,20.410329818725586,3800
2012-03-23,29.360000610351562,29.530000686645508,29.299999237060547,29.399999618530273,19.948928833007812,1800
2012-03-26,29.68000030517578,30.489999771118164,29.68000030517578,30.149999618530273,20.457820892333984,10000
2012-03-27,30.43000030517578,30.450000762939453,29.709999084472656,30.440000534057617,20.654605865478516,2800
2012-03-28,30.020000457763672,30.06999969482422,29.809999465942383,29.84000015258789,20.24748420715332,2300
2012-03-29,29.950000762939453,30.350000381469727,29.899999618530273,29.899999618530273,20.288190841674805,5300
2012-03-30,30.18000030517578,30.5,29.760000228881836,29.760000228881836,20.19319725036621,3200
2012-04-02,29.809999465942383,30.5,29.690000534057617,29.780000686645508,20.20676612854004,8500
2012-04-03,30.25,30.260000228881836,29.920000076293945,29.920000076293945,20.301759719848633,8100
2012-04-04,30.040000915527344,30.059999465942383,30.030000686645508,30.059999465942383,20.396757125854492,1300
2012-04-05,29.670000076293945,30.040000915527344,29.670000076293945,30.0,20.356046676635742,1100
2012-04-09,29.799999237060547,29.799999237060547,29.5,29.5,20.01677703857422,6200
2012-04-10,29.530000686645508,29.549999237060547,28.739999771118164,28.739999771118164,19.5010986328125,5400
2012-04-11,28.520000457763672,28.700000762939453,28.520000457763672,28.700000762939453,19.473957061767578,500
2012-04-12,29.0,29.100000381469727,28.549999237060547,29.0,19.67751121520996,2900
2012-04-13,28.75,28.75,28.75,28.75,19.507875442504883,200
2012-04-16,28.81999969482422,29.06999969482422,28.81999969482422,29.06999969482422,19.725006103515625,400
2012-04-17,28.649999618530273,28.649999618530273,28.299999237060547,28.5,19.338245391845703,1000
2012-04-18,28.290000915527344,29.1299991607666,28.25,28.25,19.168609619140625,2000
2012-04-19,28.25,30.0,28.25,29.940000534057617,20.315332412719727,2200
2012-04-20,29.649999618530273,29.899999618530273,29.260000228881836,29.6200008392334,20.09819984436035,2200
2012-04-23,29.610000610351562,30.0,28.3799991607666,29.5,20.01677703857422,4500
2012-04-24,29.25,30.049999237060547,29.25,30.049999237060547,20.38997459411621,2600
2012-04-25,29.969999313354492,30.8799991607666,29.969999313354492,30.3799991607666,20.613887786865234,6400
2012-04-26,30.8799991607666,30.8799991607666,30.5,30.8799991607666,20.953153610229492,2800
2012-04-27,30.8799991607666,31.0,30.809999465942383,30.8799991607666,20.953153610229492,3000
2012-04-30,31.139999389648438,31.25,30.700000762939453,31.25,21.204214096069336,5400
2012-05-01,31.25,31.639999389648438,31.25,31.450000762939453,21.339923858642578,5100
2012-05-02,31.649999618530273,31.65999984741211,31.6200008392334,31.65999984741211,21.482410430908203,900
2012-05-03,31.989999771118164,32.0,30.139999389648438,32.0,21.713117599487305,1300
2012-05-04,31.700000762939453,31.979999542236328,31.700000762939453,31.969999313354492,21.692758560180664,400
2012-05-07,31.709999084472656,33.0,30.920000076293945,33.0,22.391653060913086,2400
2012-05-08,33.0,34.369998931884766,30.450000762939453,31.200000762939453,21.170289993286133,4700
2012-05-09,30.75,30.75,30.149999618530273,30.579999923706055,20.749597549438477,1300
2012-05-10,30.510000228881836,30.510000228881836,30.510000228881836,30.510000228881836,20.702104568481445,500
2012-05-11,30.34000015258789,30.34000015258789,29.510000228881836,30.010000228881836,20.362829208374023,3400
2012-05-14,30.010000228881836,31.950000762939453,29.700000762939453,31.899999618530273,21.645259857177734,12500
2012-05-15,31.950000762939453,33.29999923706055,31.950000762939453,32.43000030517578,22.004884719848633,5100
2012-05-16,32.310001373291016,34.0,32.22999954223633,33.77000045776367,22.914127349853516,3900
2012-05-17,33.93000030517578,35.45000076293945,32.7599983215332,33.95000076293945,23.03626251220703,21700
2012-05-18,33.38999938964844,33.88999938964844,32.75,33.5,22.73092269897461,5000
2012-05-21,33.70000076293945,34.5099983215332,33.70000076293945,34.380001068115234,23.328031539916992,4400
2012-05-22,34.880001068115234,35.439998626708984,34.5,35.41999816894531,24.0336971282959,1400
2012-05-23,35.36000061035156,35.36000061035156,33.79999923706055,34.16999816894531,23.185535430908203,5400
2012-05-24,34.400001525878906,34.900001525878906,34.150001525878906,34.66999816894531,23.524805068969727,1400
2012-05-25,34.0,34.66999816894531,34.0,34.66999816894531,23.524805068969727,1300
2012-05-29,34.54999923706055,35.0,34.2599983215332,34.75,23.57908821105957,3400
2012-05-30,34.81999969482422,35.5,34.33000183105469,34.779998779296875,23.599437713623047,5200
2012-05-31,34.66999816894531,38.720001220703125,34.66999816894531,37.099998474121094,25.173635482788086,8200
2012-06-01,35.5099983215332,36.599998474121094,34.119998931884766,35.47999954223633,24.07441520690918,4000
2012-06-04,35.25,36.5099983215332,35.25,36.5,24.76651382446289,3200
2012-06-05,36.06999969482422,36.84000015258789,36.06999969482422,36.84000015258789,24.997230529785156,7100
2012-06-06,36.5099983215332,37.4900016784668,36.5099983215332,37.119998931884766,25.187213897705078,14200
2012-06-07,37.119998931884766,37.5,36.83000183105469,37.029998779296875,25.12613868713379,12900
2012-06-08,37.18000030517578,37.400001525878906,36.779998779296875,37.25,25.27543067932129,11600
2012-06-11,37.25,37.29999923706055,37.0,37.13999938964844,25.200788497924805,6900
2012-06-12,37.29999923706055,37.29999923706055,36.68000030517578,36.939998626708984,25.065078735351562,3900
2012-06-13,36.880001068115234,37.25,36.77000045776367,37.25,25.4545841217041,3100
2012-06-14,37.22999954223633,37.400001525878906,35.880001068115234,37.27000045776367,25.46824836730957,14100
2012-06-15,37.29999923706055,37.29999923706055,36.2599983215332,37.06999969482422,25.331584930419922,18700
2012-06-18,36.91999816894531,37.16999816894531,36.81999969482422,36.81999969482422,25.160747528076172,20500
2012-06-19,37.02000045776367,37.099998474121094,36.439998626708984,36.630001068115234,25.03091049194336,8800
2012-06-20,37.0,37.779998779296875,36.5,37.779998779296875,25.816761016845703,16700
2012-06-21,37.599998474121094,37.70000076293945,36.70000076293945,37.70000076293945,25.7620906829834,19200
2012-06-22,37.459999084472656,38.77000045776367,36.65999984741211,37.709999084472656,25.7689208984375,430600
2012-06-25,37.06999969482422,39.0,37.06999969482422,38.31999969482422,26.185762405395508,16000
2012-06-26,38.25,39.93000030517578,38.25,39.40999984741211,26.930614471435547,14900
2012-06-27,39.36000061035156,39.75,39.040000915527344,39.470001220703125,26.97161102294922,6800
2012-06-28,39.09000015258789,41.95000076293945,38.77000045776367,41.150001525878906,28.119640350341797,34800
2012-06-29,41.47999954223633,41.47999954223633,39.0,40.15999984741211,27.443103790283203,58400
2012-07-02,40.34000015258789,43.290000915527344,40.34000015258789,43.290000915527344,29.581987380981445,14200
2012-07-03,42.709999084472656,43.41999816894531,40.15999984741211,42.150001525878906,28.80297088623047,10100
2012-07-05,42.150001525878906,42.380001068115234,39.20000076293945,40.650001525878906,27.777957916259766,6300
2012-07-06,40.43000030517578,40.43000030517578,39.040000915527344,40.400001525878906,27.607112884521484,8900
2012-07-09,40.09000015258789,40.9900016784668,40.040000915527344,40.560001373291016,27.716449737548828,3600
2012-07-10,40.13999938964844,40.65999984741211,39.08000183105469,40.40999984741211,27.613956451416016,7000
2012-07-11,40.4900016784668,40.72999954223633,40.0,40.15999984741211,27.443103790283203,2600
2012-07-12,39.959999084472656,40.900001525878906,39.34000015258789,40.369998931884766,27.586618423461914,4800
2012-07-13,40.119998931884766,40.849998474121094,39.560001373291016,40.77000045776367,27.85995864868164,4800
2012-07-16,40.70000076293945,41.0,39.72999954223633,40.650001525878906,27.777957916259766,7200
2012-07-17,40.70000076293945,40.70000076293945,39.86000061035156,40.15999984741211,27.443103790283203,4200
2012-07-18,40.04999923706055,40.9900016784668,39.25,40.540000915527344,27.702781677246094,6800
2012-07-19,40.29999923706055,41.0,40.29999923706055,40.540000915527344,27.702781677246094,6200
2012-07-20,40.22999954223633,40.97999954223633,39.5099983215332,39.5099983215332,26.998933792114258,5600
2012-07-23,39.25,40.08000183105469,39.25,39.29999923706055,26.85544204711914,3500
2012-07-24,39.33000183105469,40.47999954223633,39.13999938964844,39.15999984741211,26.759769439697266,1700
2012-07-25,39.63999938964844,40.22999954223633,38.77000045776367,39.119998931884766,26.732433319091797,3000
2012-07-26,39.5,40.349998474121094,39.5,39.63999938964844,27.087770462036133,2400
2012-07-27,40.349998474121094,40.97999954223633,39.75,40.709999084472656,27.818952560424805,7500
2012-07-30,40.56999969482422,40.970001220703125,39.41999816894531,40.040000915527344,27.361114501953125,2000
2012-07-31,40.43000030517578,41.0,39.279998779296875,40.93000030517578,27.969287872314453,11200
2012-08-01,40.689998626708984,40.70000076293945,39.400001525878906,39.400001525878906,26.92378044128418,7500
2012-08-02,39.0,39.97999954223633,39.0,39.25,26.821269989013672,4100
2012-08-03,39.97999954223633,40.0,39.54999923706055,39.849998474121094,27.231279373168945,8300
2012-08-06,39.79999923706055,40.709999084472656,39.560001373291016,40.25,27.504623413085938,6400
2012-08-07,40.06999969482422,40.75,38.5099983215332,40.58000183105469,27.730121612548828,5500
2012-08-08,40.83000183105469,40.83000183105469,39.290000915527344,39.970001220703125,27.313283920288086,5300
2012-08-09,39.83000183105469,39.83000183105469,39.70000076293945,39.70000076293945,27.12877655029297,300
2012-08-10,39.68000030517578,40.06999969482422,39.68000030517578,40.06999969482422,27.381614685058594,3600
2012-08-13,39.81999969482422,42.0,39.81999969482422,42.0,28.700471878051758,10100
2012-08-14,42.0,42.0,40.0,40.130001068115234,27.422611236572266,2800
2012-08-15,40.18000030517578,40.5,39.970001220703125,40.5,27.675451278686523,3500
2012-08-16,40.439998626708984,40.95000076293945,40.439998626708984,40.95000076293945,27.982952117919922,1400
2012-08-17,40.77000045776367,41.0,40.380001068115234,40.7599983215332,27.853124618530273,8900
2012-08-20,40.77000045776367,40.97999954223633,39.68000030517578,40.95000076293945,27.982952117919922,5100
2012-08-21,40.77000045776367,40.77000045776367,39.38999938964844,40.02000045776367,27.34745216369629,3700
2012-08-22,39.91999816894531,40.189998626708984,39.91999816894531,39.959999084472656,27.306446075439453,1100
2012-08-23,40.09000015258789,40.540000915527344,39.349998474121094,39.349998474121094,26.889604568481445,6000
2012-08-24,39.54999923706055,39.849998474121094,39.31999969482422,39.7599983215332,27.169771194458008,2300
2012-08-27,39.540000915527344,39.84000015258789,39.400001525878906,39.400001525878906,26.92378044128418,1400
2012-08-28,40.0,40.0,39.400001525878906,39.95000076293945,27.299619674682617,4000
2012-08-29,40.20000076293945,40.2400016784668,39.5099983215332,40.0,27.333772659301758,4400
2012-08-30,39.939998626708984,40.59000015258789,39.54999923706055,39.54999923706055,27.02626609802246,2300
2012-08-31,39.70000076293945,39.70000076293945,39.11000061035156,39.119998931884766,26.732433319091797,7500
2012-09-04,39.06999969482422,39.68000030517578,39.02000045776367,39.41999816894531,26.937442779541016,4000
2012-09-05,39.5,40.0,39.5,39.900001525878906,27.265451431274414,5400
2012-09-06,39.72999954223633,40.4900016784668,39.72999954223633,40.45000076293945,27.641286849975586,5400
2012-09-07,40.27000045776367,40.27000045776367,39.7599983215332,39.93000030517578,27.285945892333984,8200
2012-09-10,39.970001220703125,40.4900016784668,39.08000183105469,39.90999984741211,27.272279739379883,8100
2012-09-11,39.939998626708984,40.0,39.7400016784668,39.900001525878906,27.265451431274414,3200
2012-09-12,39.47999954223633,40.0,39.47999954223633,39.97999954223633,27.506248474121094,2000
2012-09-13,39.97999954223633,40.29999923706055,39.70000076293945,40.22999954223633,27.67824935913086,18400
2012-09-14,40.0,40.0,39.63999938964844,39.75,27.348003387451172,8000
2012-09-17,39.470001220703125,40.0,39.470001220703125,39.77000045776367,27.361774444580078,1900
2012-09-18,39.52000045776367,39.599998474121094,39.06999969482422,39.4900016784668,27.16913414001465,3600
2012-09-19,39.41999816894531,39.52000045776367,39.25,39.5099983215332,27.182884216308594,4700
2012-09-20,39.2599983215332,39.81999969482422,39.2599983215332,39.29999923706055,27.038400650024414,4600
2012-09-21,39.75,39.900001525878906,39.459999084472656,39.900001525878906,27.45120620727539,13400
2012-09-24,39.150001525878906,40.0,39.150001525878906,39.849998474121094,27.416812896728516,5900
2012-09-25,39.84000015258789,40.4900016784668,39.63999938964844,39.7400016784668,27.341127395629883,13700
2012-09-26,39.709999084472656,39.9900016784668,39.43000030517578,39.810001373291016,27.3892879486084,7700
2012-09-27,39.86000061035156,39.939998626708984,39.599998474121094,39.91999816894531,27.4649658203125,4900
2012-09-28,39.7400016784668,39.7400016784668,39.25,39.349998474121094,27.07280158996582,4200
2012-10-01,39.63999938964844,40.0,38.2400016784668,39.630001068115234,27.265451431274414,6100
2012-10-02,39.7400016784668,39.9900016784668,38.77000045776367,39.220001220703125,26.98335838317871,5400
2012-10-03,39.290000915527344,39.5,39.0,39.36000061035156,27.079675674438477,2300
2012-10-04,39.439998626708984,39.439998626708984,38.9900016784668,39.0,26.83199691772461,1900
2012-10-05,39.20000076293945,39.939998626708984,38.720001220703125,39.83000183105469,27.403045654296875,4200
2012-10-08,39.81999969482422,39.970001220703125,39.52000045776367,39.52000045776367,27.189760208129883,1000
2012-10-09,39.70000076293945,39.9900016784668,38.54999923706055,39.7400016784668,27.341127395629883,1600
2012-10-10,39.70000076293945,39.70000076293945,39.130001068115234,39.369998931884766,27.08656120300293,1900
2012-10-11,39.310001373291016,39.70000076293945,39.209999084472656,39.61000061035156,27.251689910888672,4700
2012-10-12,39.66999816894531,39.70000076293945,38.31999969482422,38.95000076293945,26.797611236572266,12900
2012-10-15,38.880001068115234,40.0,37.040000915527344,39.90999984741211,27.458091735839844,6800
2012-10-16,39.79999923706055,39.79999923706055,38.66999816894531,39.290000915527344,27.031532287597656,15400
2012-10-17,39.31999969482422,39.79999923706055,39.0,39.79999923706055,27.382404327392578,8900
2012-10-18,39.630001068115234,39.630001068115234,38.04999923706055,39.2599983215332,27.010892868041992,7900
2012-10-19,39.099998474121094,39.650001525878906,37.880001068115234,38.2599983215332,26.32288932800293,14300
2012-10-22,39.7400016784668,39.7400016784668,37.400001525878906,38.119998931884766,26.22657012939453,3500
2012-10-23,38.04999923706055,39.380001068115234,36.90999984741211,38.2599983215332,26.32288932800293,12800
2012-10-24,38.400001525878906,39.08000183105469,38.25,38.619998931884766,26.570568084716797,27400
2012-10-25,38.720001220703125,39.2599983215332,38.720001220703125,39.2400016784668,26.997119903564453,3400
2012-10-26,38.900001525878906,39.22999954223633,38.400001525878906,38.4900016784668,26.48113250732422,20100
2012-10-31,38.400001525878906,39.25,38.400001525878906,39.25,27.004013061523438,3200
2012-11-01,39.13999938964844,39.880001068115234,38.95000076293945,39.790000915527344,27.37552833557129,6700
2012-11-02,39.689998626708984,39.95000076293945,38.40999984741211,38.54999923706055,26.522409439086914,13000
2012-11-05,38.849998474121094,39.599998474121094,38.599998474121094,39.599998474121094,27.244802474975586,5000
2012-11-06,39.70000076293945,39.70000076293945,38.65999984741211,39.0,26.83199691772461,9300
2012-11-07,38.63999938964844,38.63999938964844,37.150001525878906,37.150001525878906,25.559202194213867,13400
2012-11-08,37.20000076293945,37.9900016784668,36.40999984741211,36.40999984741211,25.050081253051758,29900
2012-11-09,36.31999969482422,36.650001525878906,35.63999938964844,35.79999923706055,24.630407333374023,17600
2012-11-12,35.81999969482422,36.869998931884766,35.790000915527344,35.790000915527344,24.623525619506836,66800
2012-11-13,35.68000030517578,36.88999938964844,35.400001525878906,35.400001525878906,24.35521125793457,9400
2012-11-14,35.58000183105469,36.0,33.560001373291016,33.560001373291016,23.08928871154785,2900
2012-11-15,33.27000045776367,34.290000915527344,33.27000045776367,33.45000076293945,23.01360511779785,5400
2012-11-16,33.47999954223633,34.54999923706055,33.060001373291016,33.72999954223633,23.206241607666016,38200
2012-11-19,33.849998474121094,34.88999938964844,33.5,33.7400016784668,23.213119506835938,16800
2012-11-20,33.79999923706055,34.43000030517578,33.47999954223633,34.02000045776367,23.405763626098633,25200
2012-11-21,33.970001220703125,35.0,33.66999816894531,34.959999084472656,24.052486419677734,12100
2012-11-23,34.97999954223633,34.97999954223633,34.33000183105469,34.790000915527344,23.935531616210938,5100
2012-11-26,34.29999923706055,34.63999938964844,34.099998474121094,34.310001373291016,23.605287551879883,5600
2012-11-27,34.15999984741211,34.959999084472656,33.709999084472656,33.880001068115234,23.3094425201416,19000
2012-11-28,34.04999923706055,34.9900016784668,34.0,34.9900016784668,24.073123931884766,55700
2012-11-29,35.0099983215332,35.0099983215332,34.599998474121094,34.86000061035156,23.983686447143555,3600
2012-11-30,34.90999984741211,34.90999984741211,33.70000076293945,34.040000915527344,23.419525146484375,10800
2012-12-03,34.130001068115234,34.15999984741211,33.75,34.08000183105469,23.44704818725586,3000
2012-12-04,33.79999923706055,33.86000061035156,33.599998474121094,33.779998779296875,23.24064826965332,7600
2012-12-05,33.77000045776367,34.79999923706055,33.77000045776367,34.79999923706055,23.94240951538086,10800
2012-12-06,34.779998779296875,35.0,34.130001068115234,35.0,24.080007553100586,2100
2012-12-07,35.33000183105469,35.38999938964844,34.150001525878906,34.38999938964844,23.660335540771484,25700
2012-12-10,34.400001525878906,35.40999984741211,34.400001525878906,35.380001068115234,24.34144401550293,3900
2012-12-11,35.43000030517578,35.5,34.5,35.5,24.42400360107422,14400
2012-12-12,35.540000915527344,35.59000015258789,34.47999954223633,34.47999954223633,23.917627334594727,5800
2012-12-13,34.880001068115234,34.880001068115234,34.15999984741211,34.15999984741211,23.695650100708008,900
2012-12-14,34.279998779296875,35.439998626708984,33.81999969482422,35.40999984741211,24.5627384185791,18200
2012-12-17,34.7400016784668,35.45000076293945,34.2599983215332,35.290000915527344,24.479496002197266,4300
2012-12-18,35.130001068115234,35.459999084472656,34.68000030517578,35.439998626708984,24.58354377746582,19900
2012-12-19,34.70000076293945,35.5,34.70000076293945,35.439998626708984,24.58354377746582,1500
2012-12-20,35.15999984741211,36.86000061035156,35.040000915527344,36.86000061035156,25.568561553955078,2400
2012-12-21,36.95000076293945,38.599998474121094,36.119998931884766,38.599998474121094,26.775537490844727,32400
2012-12-24,38.400001525878906,39.0,37.40999984741211,37.95000076293945,26.32465171813965,18200
2012-12-26,37.52000045776367,38.790000915527344,37.45000076293945,38.790000915527344,26.907337188720703,5800
2012-12-27,39.130001068115234,39.34000015258789,36.709999084472656,37.22999954223633,25.825210571289062,10000
2012-12-28,37.34000015258789,38.189998626708984,37.029998779296875,37.790000915527344,26.213666915893555,13800
2012-12-31,37.84000015258789,38.939998626708984,36.2599983215332,38.939998626708984,27.011377334594727,24400
2013-01-02,39.0,39.79999923706055,38.7599983215332,39.22999954223633,27.21255111694336,11500
2013-01-03,36.79999923706055,39.970001220703125,36.79999923706055,39.150001525878906,27.157052993774414,9100
2013-01-04,39.099998474121094,39.650001525878906,37.70000076293945,38.0,26.359342575073242,49700
2013-01-07,38.0,39.08000183105469,37.540000915527344,39.08000183105469,27.108497619628906,4800
2013-01-08,39.0,39.0,37.91999816894531,39.0,27.05299186706543,50200
2013-01-09,38.84000015258789,39.2599983215332,38.099998474121094,39.209999084472656,27.198671340942383,5300
2013-01-10,38.97999954223633,41.0099983215332,38.61000061035156,40.79999923706055,28.301589965820312,12700
2013-01-11,40.61000061035156,41.900001525878906,40.54999923706055,41.189998626708984,28.572139739990234,50200
2013-01-14,41.06999969482422,41.06999969482422,40.779998779296875,40.93000030517578,28.391780853271484,3000
2013-01-15,40.68000030517578,41.060001373291016,38.9900016784668,40.369998931884766,28.003328323364258,7800
2013-01-16,40.439998626708984,40.66999816894531,40.0,40.27000045776367,27.9339599609375,3400
2013-01-17,39.369998931884766,40.61000061035156,39.369998931884766,40.61000061035156,28.169801712036133,2500
2013-01-18,40.900001525878906,41.25,40.77000045776367,41.25,28.613750457763672,3700
2013-01-22,41.34000015258789,41.790000915527344,40.29999923706055,41.72999954223633,28.946706771850586,7300
2013-01-23,41.7599983215332,41.95000076293945,40.650001525878906,40.810001373291016,28.30853843688965,4900
2013-01-24,40.939998626708984,41.54999923706055,40.939998626708984,41.54999923706055,28.821847915649414,2100
2013-01-25,41.70000076293945,41.95000076293945,40.2599983215332,41.369998931884766,28.69699478149414,4200
2013-01-28,41.09000015258789,41.09000015258789,39.810001373291016,41.0,28.44032859802246,12700
2013-01-29,40.84000015258789,40.959999084472656,40.209999084472656,40.65999984741211,28.204492568969727,7200
2013-01-30,40.5099983215332,40.54999923706055,40.130001068115234,40.130001068115234,27.83684730529785,5500
2013-01-31,40.099998474121094,40.77000045776367,40.099998474121094,40.63999938964844,28.190603256225586,8300
2013-02-01,40.529998779296875,40.9900016784668,39.65999984741211,40.400001525878906,28.024137496948242,8600
2013-02-04,40.36000061035156,40.36000061035156,39.59000015258789,39.59000015258789,27.462263107299805,2000
2013-02-05,39.619998931884766,39.83000183105469,39.25,39.369998931884766,27.309656143188477,17300
2013-02-06,40.279998779296875,40.279998779296875,39.709999084472656,40.25,27.920093536376953,2200
2013-02-07,40.13999938964844,40.209999084472656,39.689998626708984,39.709999084472656,27.545509338378906,1300
2013-02-08,39.849998474121094,40.63999938964844,39.849998474121094,40.34000015258789,27.98251724243164,3100
2013-02-11,39.459999084472656,40.529998779296875,39.459999084472656,39.630001068115234,27.490015029907227,11600
2013-02-12,39.91999816894531,40.79999923706055,39.91999816894531,40.79999923706055,28.301589965820312,2200
2013-02-13,40.880001068115234,40.880001068115234,40.58000183105469,40.65999984741211,28.204492568969727,800
2013-02-14,40.439998626708984,40.439998626708984,39.9900016784668,40.0,27.74666976928711,1500
2013-02-15,40.15999984741211,40.540000915527344,38.720001220703125,40.09000015258789,27.809097290039062,21000
2013-02-19,39.310001373291016,40.7400016784668,39.310001373291016,40.7400016784668,28.25997543334961,4300
2013-02-20,40.5,40.630001068115234,39.70000076293945,39.810001373291016,27.614871978759766,5500
2013-02-21,39.79999923706055,40.70000076293945,39.33000183105469,39.599998474121094,27.46920394897461,3400
2013-02-22,39.689998626708984,40.68000030517578,39.689998626708984,40.68000030517578,28.218355178833008,1700
2013-02-25,40.599998474121094,40.689998626708984,38.31999969482422,38.83000183105469,26.93507194519043,3100
2013-02-26,39.099998474121094,40.060001373291016,39.099998474121094,40.060001373291016,27.788288116455078,1500
2013-02-27,39.5,40.18000030517578,39.5,39.83000183105469,27.628753662109375,7600
2013-02-28,39.66999816894531,40.060001373291016,38.650001525878906,39.95000076293945,27.711977005004883,25500
2013-03-01,39.56999969482422,39.56999969482422,38.90999984741211,39.06999969482422,27.10155487060547,2200
2013-03-04,38.97999954223633,39.40999984741211,38.720001220703125,39.220001220703125,27.20560646057129,1200
2013-03-05,39.65999984741211,40.0,39.400001525878906,39.560001373291016,27.44145965576172,5000
2013-03-06,39.779998779296875,39.779998779296875,39.16999816894531,39.560001373291016,27.44145965576172,2300
2013-03-07,39.90999984741211,39.9900016784668,39.36000061035156,39.619998931884766,27.48307228088379,1700
2013-03-08,40.119998931884766,40.220001220703125,39.279998779296875,39.81999969482422,27.62179946899414,6800
2013-03-11,40.0,40.099998474121094,39.540000915527344,39.869998931884766,27.656494140625,3300
2013-03-12,40.060001373291016,40.099998474121094,39.65999984741211,40.099998474121094,27.816038131713867,3700
2013-03-13,39.720001220703125,41.0,39.720001220703125,40.9900016784668,28.64052963256836,3600
2013-03-14,40.29999923706055,40.900001525878906,40.29999923706055,40.900001525878906,28.57764434814453,1900
2013-03-15,40.7599983215332,41.939998626708984,40.439998626708984,41.45000076293945,28.961931228637695,23800
2013-03-18,41.20000076293945,41.5,40.810001373291016,41.060001373291016,28.68943977355957,1600
2013-03-19,41.09000015258789,41.650001525878906,41.09000015258789,41.31999969482422,28.87111473083496,5300
2013-03-20,41.630001068115234,42.0,41.369998931884766,41.7400016784668,29.164569854736328,4500
2013-03-21,41.599998474121094,41.75,41.11000061035156,41.5099983215332,29.003860473632812,16200
2013-03-22,41.5,41.560001373291016,40.689998626708984,41.41999816894531,28.940975189208984,12500
2013-03-25,41.290000915527344,41.310001373291016,40.9900016784668,41.310001373291016,28.864124298095703,4100
2013-03-26,41.65999984741211,41.9900016784668,41.18000030517578,41.9900016784668,29.3392333984375,2200
2013-03-27,41.54999923706055,42.0,41.5,41.869998931884766,29.255395889282227,3600
2013-03-28,41.7400016784668,42.0,40.77000045776367,40.95000076293945,28.612579345703125,19800
2013-04-01,41.099998474121094,41.720001220703125,40.0099983215332,41.13999938964844,28.74533462524414,11000
2013-04-02,41.20000076293945,41.20000076293945,40.47999954223633,40.47999954223633,28.2841739654541,5100
2013-04-03,40.459999084472656,41.040000915527344,40.459999084472656,40.5,28.29815101623535,2500
2013-04-04,40.40999984741211,41.34000015258789,40.2599983215332,41.0,28.647512435913086,9800
2013-04-05,40.40999984741211,41.279998779296875,40.099998474121094,40.63999938964844,28.39596176147461,27500
2013-04-08,40.63999938964844,41.59000015258789,40.52000045776367,41.209999084472656,28.794246673583984,16400
2013-04-09,40.79999923706055,40.9900016784668,40.15999984741211,40.45000076293945,28.263212203979492,5900
2013-04-10,40.709999084472656,41.040000915527344,40.29999923706055,40.650001525878906,28.40296173095703,9600
2013-04-11,40.58000183105469,41.54999923706055,40.5099983215332,41.2400016784668,28.81521224975586,26300
2013-04-12,41.11000061035156,41.52000045776367,41.11000061035156,41.52000045776367,29.01085090637207,1000
2013-04-15,40.7599983215332,40.7599983215332,39.59000015258789,39.59000015258789,27.662317276000977,3500
2013-04-16,40.02000045776367,41.95000076293945,40.02000045776367,41.150001525878906,28.752307891845703,16300
2013-04-17,40.650001525878906,40.79999923706055,39.15999984741211,40.45000076293945,28.263212203979492,22600
2013-04-18,40.369998931884766,40.58000183105469,39.29999923706055,40.0099983215332,27.955774307250977,10800
2013-04-19,40.060001373291016,40.15999984741211,39.58000183105469,39.95000076293945,27.913854598999023,9800
2013-04-22,39.59000015258789,40.5,39.43000030517578,39.83000183105469,27.830005645751953,21100
2013-04-23,39.900001525878906,40.380001068115234,39.779998779296875,40.27000045776367,28.13744354248047,1700
2013-04-24,40.08000183105469,40.25,39.63999938964844,39.869998931884766,27.857959747314453,1500
2013-04-25,39.70000076293945,40.720001220703125,38.81999969482422,39.75,27.77410125732422,20300
2013-04-26,39.599998474121094,39.599998474121094,38.349998474121094,38.349998474121094,26.795894622802734,26300
2013-04-29,38.560001373291016,39.63999938964844,38.560001373291016,39.59000015258789,27.662317276000977,19500
2013-04-30,39.689998626708984,40.529998779296875,39.689998626708984,40.20000076293945,28.088542938232422,12000
2013-05-01,40.209999084472656,40.599998474121094,39.130001068115234,39.2599983215332,27.43173599243164,19800
2013-05-02,39.310001373291016,40.630001068115234,39.310001373291016,40.630001068115234,28.388988494873047,19200
2013-05-03,40.88999938964844,41.65999984741211,40.70000076293945,41.65999984741211,29.108665466308594,26900
2013-05-06,41.560001373291016,46.560001373291016,41.4900016784668,44.97999954223633,31.42841911315918,13800
2013-05-07,47.97999954223633,47.97999954223633,43.900001525878906,44.79999923706055,31.302642822265625,17600
2013-05-08,45.15999984741211,45.15999984741211,42.70000076293945,42.869998931884766,29.954113006591797,18000
2013-05-09,43.119998931884766,43.88999938964844,42.79999923706055,43.5,30.394311904907227,15400
2013-05-10,43.29999923706055,46.0,43.29999923706055,45.22999954223633,31.603099822998047,21600
2013-05-13,45.0,45.9900016784668,44.34000015258789,44.88999938964844,31.36553382873535,24100
2013-05-14,44.70000076293945,46.91999816894531,44.70000076293945,46.810001373291016,32.70706558227539,23000
2013-05-15,46.45000076293945,47.36000061035156,45.75,45.97999954223633,32.12714385986328,24400
2013-05-16,45.88999938964844,46.43000030517578,45.43000030517578,46.43000030517578,32.441558837890625,16500
2013-05-17,46.75,48.599998474121094,46.619998931884766,47.91999816894531,33.482643127441406,5500
2013-05-20,47.97999954223633,49.86000061035156,47.880001068115234,48.58000183105469,33.94379806518555,8000
2013-05-21,48.869998931884766,50.45000076293945,47.45000076293945,49.33000183105469,34.46785354614258,15400
2013-05-22,49.22999954223633,49.22999954223633,48.83000183105469,48.86000061035156,34.13945007324219,2900
2013-05-23,48.20000076293945,48.34000015258789,46.56999969482422,47.349998474121094,33.084373474121094,6500
2013-05-24,47.0099983215332,48.13999938964844,46.380001068115234,47.720001220703125,33.34291458129883,11700
2013-05-28,47.630001068115234,48.599998474121094,46.72999954223633,48.54999923706055,33.9228401184082,30100
2013-05-29,47.869998931884766,48.77000045776367,47.70000076293945,48.38999938964844,33.811058044433594,8500
2013-05-30,48.439998626708984,48.439998626708984,47.029998779296875,47.65999984741211,33.300987243652344,16900
2013-05-31,47.36000061035156,48.849998474121094,45.41999816894531,48.0,33.53855514526367,32600
2013-06-03,48.36000061035156,48.849998474121094,47.29999923706055,48.20000076293945,33.67829132080078,29300
2013-06-04,48.06999969482422,49.650001525878906,47.790000915527344,48.310001373291016,33.75516128540039,29100
2013-06-05,48.25,49.2400016784668,48.0,48.029998779296875,33.559505462646484,28000
2013-06-06,47.88999938964844,49.040000915527344,46.7599983215332,48.77000045776367,34.07655715942383,23900
2013-06-07,49.16999816894531,49.5,48.11000061035156,49.36000061035156,34.48880386352539,27400
2013-06-10,48.939998626708984,51.130001068115234,48.47999954223633,50.41999816894531,35.22945785522461,39400
2013-06-11,49.959999084472656,52.5,48.900001525878906,50.810001373291016,35.501956939697266,38600
2013-06-12,51.08000183105469,54.0,50.95000076293945,52.380001068115234,36.80902862548828,34200
2013-06-13,52.810001373291016,53.33000183105469,52.349998474121094,52.9900016784668,37.237701416015625,20100
2013-06-14,52.61000061035156,52.61000061035156,49.0,49.279998779296875,34.63056182861328,25100
2013-06-17,49.970001220703125,50.939998626708984,48.58000183105469,50.4900016784668,35.48088836669922,37900
2013-06-18,50.810001373291016,52.529998779296875,49.720001220703125,52.5099983215332,36.90038299560547,39500
2013-06-19,52.150001525878906,52.75,52.150001525878906,52.63999938964844,36.99174118041992,4300
2013-06-20,52.22999954223633,52.7400016784668,51.79999923706055,51.95000076293945,36.50686264038086,21000
2013-06-21,52.16999816894531,52.16999816894531,50.2599983215332,51.9900016784668,36.534976959228516,50900
2013-06-24,51.209999084472656,51.9900016784668,50.81999969482422,51.70000076293945,36.3311767578125,20900
2013-06-25,52.0,52.9900016784668,51.400001525878906,52.47999954223633,36.87930679321289,31800
2013-06-26,53.0,53.689998626708984,50.81999969482422,52.959999084472656,37.216617584228516,24300
2013-06-27,53.88999938964844,55.9900016784668,53.650001525878906,54.33000183105469,38.17936325073242,20400
2013-06-28,54.040000915527344,55.790000915527344,53.689998626708984,55.72999954223633,39.163177490234375,78500
2013-07-01,57.619998931884766,57.619998931884766,55.0,55.70000076293945,39.142112731933594,24500
2013-07-02,55.459999084472656,56.77000045776367,54.88999938964844,54.90999984741211,38.586944580078125,13200
2013-07-03,55.04999923706055,55.720001220703125,54.0099983215332,54.7400016784668,38.467491149902344,5200
2013-07-05,55.63999938964844,56.369998931884766,54.0,55.75,39.17724609375,28200
2013-07-08,56.0,56.0,55.0,55.790000915527344,39.205345153808594,8100
2013-07-09,55.630001068115234,56.75,55.36000061035156,56.7400016784668,39.87294006347656,8400
2013-07-10,56.529998779296875,57.0,55.77000045776367,56.040000915527344,39.38101577758789,11000
2013-07-11,56.41999816894531,57.45000076293945,55.63999938964844,57.2400016784668,40.224300384521484,33800
2013-07-12,57.560001373291016,57.560001373291016,56.470001220703125,56.900001525878906,39.985382080078125,2600
2013-07-15,57.0,57.439998626708984,55.630001068115234,56.400001525878906,39.63400650024414,6100
2013-07-16,56.31999969482422,57.5,55.0099983215332,55.310001373291016,38.86803436279297,8000
2013-07-17,55.38999938964844,56.2400016784668,54.90999984741211,55.11000061035156,38.72748947143555,4500
2013-07-18,55.720001220703125,57.68000030517578,55.720001220703125,57.040000915527344,40.083763122558594,11000
2013-07-19,56.7400016784668,57.689998626708984,55.7400016784668,57.4900016784668,40.399986267089844,15100
2013-07-22,57.040000915527344,58.45000076293945,56.7400016784668,57.79999923706055,40.617835998535156,21500
2013-07-23,58.099998474121094,59.52000045776367,57.869998931884766,59.25,41.63679885864258,16900
2013-07-24,59.369998931884766,59.59000015258789,58.279998779296875,58.56999969482422,41.15892028808594,10800
2013-07-25,58.16999816894531,58.540000915527344,57.75,58.040000915527344,40.78647994995117,35400
2013-07-26,58.0,58.150001525878906,57.27000045776367,57.34000015258789,40.294578552246094,15200
2013-07-29,57.189998626708984,57.630001068115234,56.599998474121094,56.599998474121094,39.7745475769043,20900
2013-07-30,56.279998779296875,56.61000061035156,55.41999816894531,55.41999816894531,38.945335388183594,6400
2013-07-31,55.31999969482422,55.4900016784668,53.38999938964844,54.040000915527344,37.97555923461914,10200
2013-08-01,54.66999816894531,55.65999984741211,53.91999816894531,54.68000030517578,38.42531204223633,20400
2013-08-02,54.31999969482422,56.40999984741211,54.31999969482422,55.9900016784668,39.34588623046875,26000
2013-08-05,55.599998474121094,58.59000015258789,54.91999816894531,57.86000061035156,40.65998840332031,35700
2013-08-06,57.83000183105469,57.83000183105469,55.97999954223633,56.29999923706055,39.56373596191406,7900
2013-08-07,55.83000183105469,56.54999923706055,55.7599983215332,56.09000015258789,39.41615295410156,8400
2013-08-08,56.040000915527344,57.27000045776367,55.439998626708984,55.689998626708984,39.13507080078125,14400
2013-08-09,55.72999954223633,57.630001068115234,54.31999969482422,57.43000030517578,40.357818603515625,12000
2013-08-12,57.4900016784668,58.029998779296875,55.900001525878906,57.349998474121094,40.30160903930664,8400
2013-08-13,57.849998474121094,57.849998474121094,56.189998626708984,57.400001525878906,40.33674621582031,21600
2013-08-14,57.15999984741211,57.43000030517578,55.119998931884766,56.439998626708984,39.66212844848633,32200
2013-08-15,55.84000015258789,55.84000015258789,53.189998626708984,53.290000915527344,37.44853210449219,7600
2013-08-16,53.029998779296875,53.380001068115234,51.5,53.130001068115234,37.336082458496094,9600
2013-08-19,52.68000030517578,53.70000076293945,50.95000076293945,51.11000061035156,35.91657257080078,12300
2013-08-20,51.599998474121094,52.41999816894531,50.90999984741211,52.41999816894531,36.8371467590332,22000
2013-08-21,52.31999969482422,53.25,51.63999938964844,52.400001525878906,36.823081970214844,23400
2013-08-22,52.400001525878906,53.59000015258789,51.599998474121094,53.5,37.596092224121094,2300
2013-08-23,53.560001373291016,54.20000076293945,52.63999938964844,53.810001373291016,37.81393814086914,17200
2013-08-26,53.689998626708984,53.869998931884766,53.209999084472656,53.7400016784668,37.764747619628906,1500
2013-08-27,51.79999923706055,53.45000076293945,50.119998931884766,50.369998931884766,35.39654541015625,14200
2013-08-28,50.150001525878906,51.59000015258789,50.029998779296875,50.4900016784668,35.48088836669922,15600
2013-08-29,50.79999923706055,51.34000015258789,50.41999816894531,51.2400016784668,36.00792694091797,10800
2013-08-30,51.34000015258789,51.86000061035156,49.90999984741211,50.16999816894531,35.25599670410156,9400
2013-09-03,50.93000030517578,51.459999084472656,50.540000915527344,50.959999084472656,35.81114959716797,14100
2013-09-04,50.22999954223633,51.56999969482422,50.20000076293945,50.2400016784668,35.30519485473633,7900
2013-09-05,50.52000045776367,50.52000045776367,49.709999084472656,50.16999816894531,35.25599670410156,5600
2013-09-06,50.18000030517578,50.47999954223633,49.5,49.7599983215332,34.96786880493164,10400
2013-09-09,49.54999923706055,50.52000045776367,49.54999923706055,50.41999816894531,35.43168640136719,6700
2013-09-10,50.5,51.43000030517578,50.43000030517578,50.79999923706055,35.69871520996094,9400
2013-09-11,50.439998626708984,51.97999954223633,50.2599983215332,50.900001525878906,35.97435760498047,14300
2013-09-12,51.349998474121094,51.459999084472656,50.709999084472656,50.9900016784668,36.037967681884766,10500
2013-09-13,51.13999938964844,51.59000015258789,50.0099983215332,50.939998626708984,36.00262451171875,18700
2013-09-16,51.02000045776367,51.02000045776367,50.06999969482422,50.97999954223633,36.030906677246094,8400
2013-09-17,50.86000061035156,51.349998474121094,50.540000915527344,50.9900016784668,36.037967681884766,4200
2013-09-18,50.9900016784668,51.5,50.31999969482422,50.91999816894531,35.988494873046875,9800
2013-09-19,50.86000061035156,51.33000183105469,50.5099983215332,50.619998931884766,35.77647018432617,9200
2013-09-20,50.959999084472656,51.20000076293945,50.34000015258789,50.79999923706055,35.90367889404297,14900
2013-09-23,50.880001068115234,51.54999923706055,50.779998779296875,51.2400016784668,36.214656829833984,9000
2013-09-24,51.16999816894531,51.720001220703125,50.68000030517578,51.58000183105469,36.45494842529297,4600
2013-09-25,51.189998626708984,51.7599983215332,51.09000015258789,51.130001068115234,36.13690948486328,4100
2013-09-26,51.560001373291016,51.560001373291016,50.59000015258789,50.93000030517578,35.99555969238281,2800
2013-09-27,50.5,50.70000076293945,50.18000030517578,50.63999938964844,35.79060363769531,6700
2013-09-30,49.970001220703125,50.20000076293945,48.060001373291016,48.400001525878906,34.20744705200195,50500
2013-10-01,48.349998474121094,49.689998626708984,48.349998474121094,49.459999084472656,34.95661163330078,6100
2013-10-02,48.90999984741211,49.880001068115234,48.90999984741211,49.459999084472656,34.95661163330078,12700
2013-10-03,49.220001220703125,49.77000045776367,48.2599983215332,48.43000030517578,34.22864532470703,19100
2013-10-04,48.650001525878906,49.68000030517578,48.27000045776367,49.4900016784668,34.977813720703125,22900
2013-10-07,48.9900016784668,49.47999954223633,48.34000015258789,48.529998779296875,34.299312591552734,14200
2013-10-08,48.939998626708984,48.970001220703125,47.97999954223633,47.97999954223633,33.91059875488281,6300
2013-10-09,48.5099983215332,48.91999816894531,47.70000076293945,48.38999938964844,34.20037078857422,15300
2013-10-10,49.16999816894531,50.040000915527344,48.70000076293945,49.439998626708984,34.942474365234375,14500
2013-10-11,49.689998626708984,51.7400016784668,49.380001068115234,51.720001220703125,36.55390548706055,25300
2013-10-14,51.040000915527344,52.70000076293945,50.400001525878906,52.060001373291016,36.794219970703125,17300
2013-10-15,51.619998931884766,52.599998474121094,51.369998931884766,52.0099983215332,36.75885772705078,15200
2013-10-16,52.61000061035156,54.33000183105469,51.939998626708984,53.189998626708984,37.59284973144531,26700
2013-10-17,53.060001373291016,54.060001373291016,52.45000076293945,53.04999923706055,37.49390411376953,14300
2013-10-18,53.619998931884766,54.95000076293945,52.310001373291016,54.47999954223633,38.504581451416016,17100
2013-10-21,54.310001373291016,55.2599983215332,53.779998779296875,54.310001373291016,38.384429931640625,14100
2013-10-22,55.0,55.5,54.5,55.29999923706055,39.0841178894043,5600
2013-10-23,54.849998474121094,56.599998474121094,54.310001373291016,55.79999923706055,39.437503814697266,9900
2013-10-24,56.22999954223633,56.68000030517578,55.099998474121094,56.13999938964844,39.67780685424805,17700
2013-10-25,56.54999923706055,56.599998474121094,54.5099983215332,56.15999984741211,39.69193649291992,24400
2013-10-28,56.2599983215332,56.45000076293945,55.2599983215332,56.27000045776367,39.769691467285156,21300
2013-10-29,56.25,56.25,53.900001525878906,55.20000076293945,39.013450622558594,23800
2013-10-30,55.0,55.0,53.75,54.209999084472656,38.313743591308594,24100
2013-10-31,54.36000061035156,54.41999816894531,52.70000076293945,53.90999984741211,38.10172653198242,39900
2013-11-01,53.779998779296875,54.43000030517578,52.75,53.15999984741211,37.57163619995117,42000
2013-11-04,53.130001068115234,54.0,52.369998931884766,52.40999984741211,37.041568756103516,20500
2013-11-05,52.27000045776367,53.540000915527344,52.060001373291016,52.27000045776367,36.942623138427734,5900
2013-11-06,52.810001373291016,52.95000076293945,52.20000076293945,52.20000076293945,36.893150329589844,1700
2013-11-07,52.61000061035156,52.939998626708984,51.27000045776367,51.560001373291016,36.44081497192383,11800
2013-11-08,51.619998931884766,53.90999984741211,51.56999969482422,53.869998931884766,38.073448181152344,17600
2013-11-11,53.279998779296875,53.849998474121094,52.5099983215332,53.060001373291016,37.500980377197266,30100
2013-11-12,53.20000076293945,53.209999084472656,52.20000076293945,52.7400016784668,37.274803161621094,8600
2013-11-13,52.33000183105469,52.47999954223633,51.66999816894531,52.29999923706055,36.96382522583008,8400
2013-11-14,52.380001068115234,52.380001068115234,50.93000030517578,51.310001373291016,36.26413345336914,10500
2013-11-15,51.20000076293945,51.79999923706055,51.0099983215332,51.220001220703125,36.20050811767578,4600
2013-11-18,51.34000015258789,51.61000061035156,49.7599983215332,49.970001220703125,35.31706237792969,6900
2013-11-19,49.97999954223633,50.369998931884766,49.2599983215332,49.68000030517578,35.11211013793945,22200
2013-11-20,49.02000045776367,50.20000076293945,49.02000045776367,49.900001525878906,35.2675895690918,25900
2013-11-21,50.22999954223633,50.560001373291016,49.5,50.52000045776367,35.70578384399414,58200
2013-11-22,50.63999938964844,52.959999084472656,50.209999084472656,52.689998626708984,37.239463806152344,14300
2013-11-25,52.59000015258789,53.20000076293945,51.9900016784668,53.20000076293945,37.59992218017578,4800
2013-11-26,53.36000061035156,54.2400016784668,50.70000076293945,52.810001373291016,37.32427215576172,22900
2013-11-27,52.970001220703125,54.70000076293945,52.7599983215332,53.61000061035156,37.889686584472656,31600
2013-11-29,54.0,54.0,53.0,53.75,37.9886360168457,1100
2013-12-02,53.66999816894531,53.66999816894531,52.650001525878906,52.7400016784668,37.274803161621094,2700
2013-12-03,52.5,53.45000076293945,52.5,53.06999969482422,37.50803756713867,2500
2013-12-04,53.0,53.0,51.709999084472656,51.790000915527344,36.6033821105957,2800
2013-12-05,50.11000061035156,51.09000015258789,48.81999969482422,49.02000045776367,34.645626068115234,16600
2013-12-06,49.630001068115234,49.9900016784668,49.119998931884766,49.119998931884766,34.716312408447266,3500
2013-12-09,48.869998931884766,48.88999938964844,47.540000915527344,47.90999984741211,33.86112976074219,10500
2013-12-10,47.849998474121094,47.86000061035156,45.72999954223633,45.90999984741211,32.44759750366211,7200
2013-12-11,46.0,46.0,44.470001220703125,44.880001068115234,31.719640731811523,6100
2013-12-12,44.349998474121094,44.970001220703125,44.20000076293945,44.25,31.477760314941406,7600
2013-12-13,44.38999938964844,46.849998474121094,44.33000183105469,44.779998779296875,31.854799270629883,18500
2013-12-16,45.220001220703125,46.59000015258789,44.810001373291016,45.06999969482422,32.06108093261719,11200
2013-12-17,44.97999954223633,46.18000030517578,44.79999923706055,44.810001373291016,31.876127243041992,12400
2013-12-18,45.060001373291016,45.81999969482422,43.630001068115234,45.599998474121094,32.4380989074707,11700
2013-12-19,45.130001068115234,46.619998931884766,44.7400016784668,45.20000076293945,32.153541564941406,8400
2013-12-20,45.25,45.75,44.810001373291016,44.95000076293945,31.975717544555664,23900
2013-12-23,44.779998779296875,46.099998474121094,43.16999816894531,45.15999984741211,32.125099182128906,24000
2013-12-24,44.79999923706055,47.5,44.790000915527344,47.0,33.43401336669922,19700
2013-12-26,47.220001220703125,47.400001525878906,46.0,46.47999954223633,33.064109802246094,3100
2013-12-27,46.56999969482422,49.81999969482422,45.630001068115234,46.290000915527344,32.92893600463867,6700
2013-12-30,46.060001373291016,47.4900016784668,45.02000045776367,46.0,32.72264862060547,22500
2013-12-31,45.79999923706055,46.779998779296875,45.54999923706055,45.66999816894531,32.48789596557617,13100
2014-01-02,45.34000015258789,45.880001068115234,44.150001525878906,44.470001220703125,31.63426971435547,6500
2014-01-03,44.790000915527344,44.9900016784668,44.2599983215332,44.27000045776367,31.49199104309082,7600
2014-01-06,44.619998931884766,45.45000076293945,43.5,44.75,31.833454132080078,24000
2014-01-07,45.189998626708984,45.220001220703125,44.06999969482422,45.099998474121094,32.08241271972656,18100
2014-01-08,45.599998474121094,45.599998474121094,44.7599983215332,44.77000045776367,31.847667694091797,4900
2014-01-09,44.77000045776367,44.93000030517578,43.70000076293945,44.70000076293945,31.797874450683594,30700
2014-01-10,44.72999954223633,44.7400016784668,44.119998931884766,44.630001068115234,31.748083114624023,4100
2014-01-13,44.59000015258789,44.59000015258789,42.560001373291016,42.560001373291016,30.27556610107422,6200
2014-01-14,42.72999954223633,43.810001373291016,42.70000076293945,43.209999084472656,30.737945556640625,7100
2014-01-15,43.18000030517578,43.560001373291016,42.70000076293945,43.560001373291016,30.9869327545166,2300
2014-01-16,43.5,43.5,42.630001068115234,42.689998626708984,30.3680362701416,4200
2014-01-17,42.7599983215332,43.0,41.75,42.119998931884766,29.962560653686523,5300
2014-01-21,42.119998931884766,42.119998931884766,41.75,41.970001220703125,29.85586166381836,5900
2014-01-22,42.189998626708984,42.5,41.79999923706055,42.18000030517578,30.005239486694336,2500
2014-01-23,42.0,42.88999938964844,41.77000045776367,41.779998779296875,29.72069549560547,6200
2014-01-24,41.58000183105469,42.52000045776367,38.27000045776367,38.810001373291016,27.60796356201172,31500
2014-01-27,38.81999969482422,39.900001525878906,37.59000015258789,37.91999816894531,26.974842071533203,4900
2014-01-28,38.119998931884766,38.119998931884766,36.04999923706055,37.119998931884766,26.405750274658203,19700
2014-01-29,36.939998626708984,37.849998474121094,36.720001220703125,36.880001068115234,26.235031127929688,10100
2014-01-30,37.38999938964844,38.220001220703125,35.25,35.95000076293945,25.573461532592773,19500
2014-01-31,35.189998626708984,36.900001525878906,33.880001068115234,35.290000915527344,25.103965759277344,30300
2014-02-03,35.369998931884766,37.36000061035156,35.369998931884766,35.84000015258789,25.495208740234375,19200
2014-02-04,36.369998931884766,38.59000015258789,36.369998931884766,37.619998931884766,26.761436462402344,29600
2014-02-05,38.900001525878906,40.84000015258789,37.349998474121094,37.529998779296875,26.69740867614746,6600
2014-02-06,37.540000915527344,37.540000915527344,35.650001525878906,35.72999954223633,25.416963577270508,10600
2014-02-07,35.72999954223633,36.880001068115234,35.060001373291016,35.63999938964844,25.35293960571289,24400
2014-02-10,35.790000915527344,36.06999969482422,35.15999984741211,36.06999969482422,25.658824920654297,15100
2014-02-11,35.86000061035156,36.11000061035156,35.08000183105469,35.43000030517578,25.20355796813965,30100
2014-02-12,35.279998779296875,36.9900016784668,35.279998779296875,35.5099983215332,25.260461807250977,3500
2014-02-13,35.310001373291016,35.939998626708984,35.310001373291016,35.939998626708984,25.566341400146484,3400
2014-02-14,35.869998931884766,36.11000061035156,35.5099983215332,35.939998626708984,25.566341400146484,3400
2014-02-18,36.29999923706055,36.869998931884766,35.709999084472656,36.599998474121094,26.035850524902344,15400
2014-02-19,37.52000045776367,37.52000045776367,35.34000015258789,35.5099983215332,25.260461807250977,16200
2014-02-20,35.439998626708984,36.7400016784668,35.13999938964844,35.40999984741211,25.189327239990234,14500
2014-02-21,35.66999816894531,36.04999923706055,35.02000045776367,35.619998931884766,25.33871078491211,12800
2014-02-24,36.16999816894531,36.16999816894531,36.16999816894531,36.16999816894531,25.729957580566406,2100
2014-02-25,36.209999084472656,36.209999084472656,35.41999816894531,35.54999923706055,25.288917541503906,4100
2014-02-26,36.189998626708984,36.189998626708984,35.52000045776367,35.869998931884766,25.51654624938965,3200
2014-02-27,35.849998474121094,37.029998779296875,35.66999816894531,36.869998931884766,26.227920532226562,5700
2014-02-28,37.029998779296875,37.689998626708984,36.41999816894531,36.599998474121094,26.035850524902344,8500
2014-03-03,36.400001525878906,36.70000076293945,35.77000045776367,35.77000045776367,25.44541358947754,3500
2014-03-04,36.34000015258789,38.0,35.970001220703125,37.77000045776367,26.868146896362305,13400
2014-03-05,37.45000076293945,38.25,37.029998779296875,37.029998779296875,26.341737747192383,4800
2014-03-06,37.79999923706055,37.79999923706055,36.290000915527344,37.349998474121094,26.56937026977539,8900
2014-03-07,37.459999084472656,37.459999084472656,36.209999084472656,37.349998474121094,26.56937026977539,2800
2014-03-10,37.08000183105469,37.29999923706055,36.29999923706055,37.02000045776367,26.334613800048828,17500
2014-03-11,36.7599983215332,36.959999084472656,36.04999923706055,36.689998626708984,26.09986686706543,12300
2014-03-12,36.349998474121094,36.95000076293945,35.650001525878906,36.27000045776367,26.006654739379883,10000
2014-03-13,36.29999923706055,36.29999923706055,32.79999923706055,34.529998779296875,24.75901985168457,31700
2014-03-14,35.0,35.130001068115234,34.0099983215332,34.9900016784668,25.08885955810547,6400
2014-03-17,35.33000183105469,35.79999923706055,34.650001525878906,35.380001068115234,25.368497848510742,6500
2014-03-18,35.400001525878906,36.0,34.779998779296875,35.66999816894531,25.576440811157227,18900
2014-03-19,35.810001373291016,35.810001373291016,35.0099983215332,35.630001068115234,25.547752380371094,4900
2014-03-20,35.27000045776367,35.790000915527344,34.900001525878906,35.0,25.09602165222168,9600
2014-03-21,35.20000076293945,35.9900016784668,34.40999984741211,35.08000183105469,25.153392791748047,17900
2014-03-24,35.150001525878906,35.310001373291016,34.220001220703125,34.29999923706055,24.594106674194336,8300
2014-03-25,34.70000076293945,35.0,34.5,34.54999923706055,24.77336311340332,6000
2014-03-26,34.95000076293945,35.04999923706055,34.209999084472656,34.22999954223633,24.54391860961914,9200
2014-03-27,34.31999969482422,34.560001373291016,33.11000061035156,33.59000015258789,24.085018157958984,19800
2014-03-28,33.77000045776367,33.959999084472656,32.130001068115234,32.9900016784668,23.654800415039062,20900
2014-03-31,33.5099983215332,33.5099983215332,32.63999938964844,33.13999938964844,23.76235580444336,9600
2014-04-01,33.310001373291016,34.400001525878906,32.79999923706055,33.45000076293945,23.9846248626709,10500
2014-04-02,33.529998779296875,33.650001525878906,32.65999984741211,32.83000183105469,23.540075302124023,14100
2014-04-03,33.0,33.29999923706055,32.56999969482422,32.9900016784668,23.654800415039062,16000
2014-04-04,33.220001220703125,33.4900016784668,32.70000076293945,33.0,23.661968231201172,17000
2014-04-07,33.060001373291016,33.45000076293945,32.61000061035156,32.83000183105469,23.540075302124023,17600
2014-04-08,32.72999954223633,33.25,32.5,32.880001068115234,23.575925827026367,17200
2014-04-09,33.0,34.11000061035156,32.70000076293945,33.70000076293945,24.16389274597168,20700
2014-04-10,33.79999923706055,33.88999938964844,33.0,33.11000061035156,23.740842819213867,7700
2014-04-11,33.25,33.40999984741211,33.0,33.04999923706055,23.697818756103516,10700
2014-04-14,33.4900016784668,34.04999923706055,33.279998779296875,33.5,24.020484924316406,12000
2014-04-15,33.439998626708984,34.2400016784668,32.43000030517578,32.90999984741211,23.59743309020996,15200
2014-04-16,33.189998626708984,33.2400016784668,32.34000015258789,32.4900016784668,23.296281814575195,15500
2014-04-17,32.5,32.81999969482422,32.02000045776367,32.38999938964844,23.22458267211914,6100
2014-04-21,32.5099983215332,32.59000015258789,32.0099983215332,32.06999969482422,22.995128631591797,10000
2014-04-22,32.11000061035156,32.4900016784668,31.75,31.799999237060547,22.80152702331543,13900
2014-04-23,31.860000610351562,33.5,31.760000228881836,31.899999618530273,22.873239517211914,10000
2014-04-24,32.16999816894531,33.5,31.510000228881836,31.920000076293945,22.8875789642334,15800
2014-04-25,31.899999618530273,31.899999618530273,31.110000610351562,31.299999237060547,22.443016052246094,13100
2014-04-28,31.600000381469727,34.470001220703125,31.31999969482422,31.31999969482422,22.457361221313477,11600
2014-04-29,31.639999389648438,32.130001068115234,31.360000610351562,31.65999984741211,22.701147079467773,5900
2014-04-30,31.649999618530273,32.459999084472656,31.1299991607666,31.25,22.40717124938965,10300
2014-05-01,31.309999465942383,31.75,30.90999984741211,31.06999969482422,22.27810287475586,17700
2014-05-02,31.239999771118164,31.540000915527344,31.010000228881836,31.540000915527344,22.615110397338867,15600
2014-05-05,31.389999389648438,32.130001068115234,31.389999389648438,31.600000381469727,22.658126831054688,9700
2014-05-06,31.600000381469727,31.610000610351562,30.329999923706055,30.68000030517578,21.998462677001953,15500
2014-05-07,30.809999465942383,33.369998931884766,30.34000015258789,31.290000915527344,22.435850143432617,22900
2014-05-08,31.3799991607666,32.09000015258789,31.34000015258789,31.719999313354492,22.744171142578125,7200
2014-05-09,31.649999618530273,32.93000030517578,31.5,32.459999084472656,23.27477264404297,12700
2014-05-12,32.5,33.790000915527344,32.349998474121094,33.290000915527344,23.869905471801758,11600
2014-05-13,33.349998474121094,33.36000061035156,32.689998626708984,33.2400016784668,23.834054946899414,12500
2014-05-14,32.66999816894531,33.220001220703125,31.6299991607666,32.84000015258789,23.547243118286133,25100
2014-05-15,32.630001068115234,33.43000030517578,32.310001373291016,33.06999969482422,23.71216583251953,15600
2014-05-16,33.0,34.43000030517578,32.4900016784668,34.43000030517578,24.687326431274414,13400
2014-05-19,34.09000015258789,34.310001373291016,33.72999954223633,34.029998779296875,24.40050506591797,13500
2014-05-20,34.04999923706055,34.689998626708984,33.59000015258789,34.349998474121094,24.62996482849121,22600
2014-05-21,34.400001525878906,34.939998626708984,34.0,34.279998779296875,24.57976722717285,15700
2014-05-22,34.15999984741211,34.88999938964844,34.119998931884766,34.63999938964844,24.837900161743164,10200
2014-05-23,34.599998474121094,34.90999984741211,34.20000076293945,34.72999954223633,24.902427673339844,11400
2014-05-27,34.61000061035156,35.439998626708984,34.61000061035156,35.439998626708984,25.41151237487793,12200
2014-05-28,35.58000183105469,35.58000183105469,34.52000045776367,34.56999969482422,24.787702560424805,10200
2014-05-29,34.619998931884766,35.54999923706055,33.95000076293945,34.540000915527344,24.766197204589844,24300
2014-05-30,34.52000045776367,35.27000045776367,33.83000183105469,34.86000061035156,24.995643615722656,18900
2014-06-02,35.2400016784668,35.560001373291016,34.25,35.209999084472656,25.24660301208496,19300
2014-06-03,35.060001373291016,35.68000030517578,34.40999984741211,34.70000076293945,24.880924224853516,19300
2014-06-04,34.66999816894531,34.81999969482422,34.279998779296875,34.43000030517578,24.687326431274414,8100
2014-06-05,34.150001525878906,34.81999969482422,34.150001525878906,34.79999923706055,24.95261573791504,10600
2014-06-06,34.720001220703125,36.099998474121094,32.9900016784668,35.599998474121094,25.5262508392334,15700
2014-06-09,35.029998779296875,36.650001525878906,34.43000030517578,35.88999938964844,25.734176635742188,21800
2014-06-10,35.900001525878906,36.439998626708984,35.54999923706055,35.9900016784668,25.805885314941406,8700
2014-06-11,35.400001525878906,36.83000183105469,35.060001373291016,36.33000183105469,26.268646240234375,25500
2014-06-12,36.43000030517578,37.040000915527344,35.25,35.880001068115234,25.943265914916992,28900
2014-06-13,36.150001525878906,36.939998626708984,35.68000030517578,36.02000045776367,26.044498443603516,17200
2014-06-16,36.29999923706055,36.29999923706055,35.400001525878906,35.630001068115234,25.762502670288086,16000
2014-06-17,35.52000045776367,36.130001068115234,35.400001525878906,35.650001525878906,25.776968002319336,13500
2014-06-18,35.75,36.08000183105469,35.06999969482422,35.20000076293945,25.451595306396484,15200
2014-06-19,35.380001068115234,35.45000076293945,34.04999923706055,34.849998474121094,25.19851303100586,20800
2014-06-20,35.08000183105469,35.900001525878906,34.400001525878906,35.41999816894531,25.610654830932617,75400
2014-06-23,35.650001525878906,35.70000076293945,35.0099983215332,35.099998474121094,25.379283905029297,27600
2014-06-24,35.54999923706055,35.54999923706055,34.59000015258789,34.790000915527344,25.155134201049805,36400
2014-06-25,34.970001220703125,34.970001220703125,33.959999084472656,34.150001525878906,24.69237518310547,20800
2014-06-26,34.209999084472656,34.4900016784668,33.0,33.38999938964844,24.142850875854492,17100
2014-06-27,33.20000076293945,34.41999816894531,33.130001068115234,34.099998474121094,24.65622329711914,463700
2014-06-30,33.810001373291016,35.9900016784668,33.810001373291016,35.9900016784668,26.022802352905273,18700
2014-07-01,36.08000183105469,36.9900016784668,35.41999816894531,36.31999969482422,26.261404037475586,28100
2014-07-02,36.45000076293945,36.45000076293945,35.540000915527344,35.939998626708984,25.986652374267578,7500
2014-07-03,36.06999969482422,36.58000183105469,35.349998474121094,36.099998474121094,26.102336883544922,12000
2014-07-07,35.810001373291016,36.599998474121094,35.470001220703125,36.47999954223633,26.377099990844727,19100
2014-07-08,36.22999954223633,36.22999954223633,34.790000915527344,34.9900016784668,25.299747467041016,12900
2014-07-09,35.38999938964844,36.060001373291016,35.04999923706055,35.290000915527344,25.516672134399414,6300
2014-07-10,34.84000015258789,35.52000045776367,34.43000030517578,35.04999923706055,25.343130111694336,14400
2014-07-11,35.209999084472656,35.209999084472656,34.63999938964844,34.970001220703125,25.28529167175293,2900
2014-07-14,35.16999816894531,36.0,35.0099983215332,35.66999816894531,25.79142951965332,16100
2014-07-15,35.7599983215332,35.959999084472656,35.11000061035156,35.33000183105469,25.54558753967285,4000
2014-07-16,35.5,36.72999954223633,35.36000061035156,35.75,25.84926986694336,16500
2014-07-17,35.810001373291016,36.4900016784668,35.040000915527344,35.369998931884766,25.574512481689453,18200
2014-07-18,35.33000183105469,35.79999923706055,35.33000183105469,35.529998779296875,25.69019317626953,1700
2014-07-21,35.400001525878906,35.95000076293945,35.0099983215332,35.040000915527344,25.335901260375977,4400
2014-07-22,35.540000915527344,35.7400016784668,34.18000030517578,34.290000915527344,24.79361343383789,12500
2014-07-23,34.290000915527344,34.86000061035156,33.0,34.2599983215332,24.771915435791016,12400
2014-07-24,34.75,35.20000076293945,34.47999954223633,34.5,24.945451736450195,4900
2014-07-25,34.83000183105469,35.5,33.97999954223633,34.400001525878906,24.873144149780273,41700
2014-07-28,34.650001525878906,34.900001525878906,33.9900016784668,34.599998474121094,25.01775360107422,6300
2014-07-29,34.5,35.41999816894531,34.5,35.099998474121094,25.379283905029297,2200
2014-07-30,34.849998474121094,34.97999954223633,34.29999923706055,34.5,24.945451736450195,3800
2014-07-31,34.5,34.5,34.0,34.27000045776367,24.779144287109375,16900
2014-08-01,34.18000030517578,35.08000183105469,33.5099983215332,34.0099983215332,24.591156005859375,11100
2014-08-04,34.560001373291016,34.560001373291016,33.650001525878906,33.650001525878906,24.330856323242188,4200
2014-08-05,33.599998474121094,34.779998779296875,33.5099983215332,33.79999923706055,24.439311981201172,18900
2014-08-06,33.54999923706055,34.75,32.61000061035156,33.09000015258789,23.925939559936523,28800
2014-08-07,33.25,33.97999954223633,32.81999969482422,33.439998626708984,24.179004669189453,10500
2014-08-08,33.209999084472656,33.75,33.08000183105469,33.470001220703125,24.200698852539062,11600
2014-08-11,33.34000015258789,33.650001525878906,33.08000183105469,33.2599983215332,24.04885482788086,7600
2014-08-12,33.790000915527344,33.790000915527344,33.18000030517578,33.689998626708984,24.359777450561523,18100
2014-08-13,33.56999969482422,34.810001373291016,33.18000030517578,33.7599983215332,24.41038703918457,14100
2014-08-14,33.72999954223633,35.119998931884766,33.650001525878906,33.97999954223633,24.5694580078125,8700
2014-08-15,33.79999923706055,33.939998626708984,33.349998474121094,33.349998474121094,24.11393165588379,4000
2014-08-18,33.349998474121094,33.75,33.349998474121094,33.349998474121094,24.11393165588379,4700
2014-08-19,33.25,33.95000076293945,33.25,33.25,24.041624069213867,9600
2014-08-20,33.2599983215332,33.54999923706055,33.130001068115234,33.130001068115234,23.954866409301758,5700
2014-08-21,33.08000183105469,33.689998626708984,33.0099983215332,33.45000076293945,24.18623161315918,12200
2014-08-22,33.66999816894531,33.939998626708984,33.43000030517578,33.939998626708984,24.540536880493164,9400
2014-08-25,33.5,33.91999816894531,33.380001068115234,33.90999984741211,24.518848419189453,10400
2014-08-26,33.650001525878906,33.91999816894531,33.560001373291016,33.90999984741211,24.518848419189453,8100
2014-08-27,33.630001068115234,33.91999816894531,33.56999969482422,33.56999969482422,24.273006439208984,9600
2014-08-28,33.61000061035156,33.86000061035156,33.52000045776367,33.720001220703125,24.381465911865234,5400
2014-08-29,33.91999816894531,35.08000183105469,33.599998474121094,34.45000076293945,24.9092960357666,17600
2014-09-02,34.790000915527344,35.310001373291016,34.189998626708984,34.81999969482422,25.17682647705078,7800
2014-09-03,35.4900016784668,35.4900016784668,34.40999984741211,34.75,25.1262149810791,3600
2014-09-04,34.939998626708984,35.4900016784668,34.65999984741211,34.790000915527344,25.155134201049805,12900
2014-09-05,34.91999816894531,35.439998626708984,34.47999954223633,35.09000015258789,25.37205696105957,9700
2014-09-08,34.810001373291016,35.20000076293945,33.869998931884766,35.08000183105469,25.36482810974121,11100
2014-09-09,34.81999969482422,35.029998779296875,34.5099983215332,34.689998626708984,25.082828521728516,4900
2014-09-10,34.54999923706055,34.90999984741211,34.5,34.540000915527344,24.9743709564209,7500
2014-09-11,34.38999938964844,34.75,34.20000076293945,34.720001220703125,25.324480056762695,12500
2014-09-12,34.5099983215332,35.150001525878906,33.869998931884766,34.349998474121094,25.054611206054688,15100
2014-09-15,33.9900016784668,34.5,33.70000076293945,33.79999923706055,24.65343475341797,13200
2014-09-16,33.91999816894531,34.20000076293945,33.709999084472656,33.97999954223633,24.784727096557617,17200
2014-09-17,33.720001220703125,34.099998474121094,33.599998474121094,34.04999923706055,24.835790634155273,19100
2014-09-18,33.70000076293945,34.790000915527344,33.5099983215332,34.52000045776367,25.178600311279297,7200
2014-09-19,33.849998474121094,35.0,33.77000045776367,35.0,25.528705596923828,21400
2014-09-22,34.880001068115234,34.88999938964844,34.119998931884766,34.220001220703125,24.95978546142578,18600
2014-09-23,34.29999923706055,34.58000183105469,34.25,34.2599983215332,24.98895835876465,7100
2014-09-24,34.29999923706055,34.45000076293945,33.88999938964844,34.119998931884766,24.886844635009766,5100
2014-09-25,33.83000183105469,34.52000045776367,33.7599983215332,33.97999954223633,24.784727096557617,11700
2014-09-26,34.150001525878906,34.349998474121094,33.79999923706055,33.84000015258789,24.6826171875,10600
2014-09-29,33.36000061035156,33.75,33.36000061035156,33.619998931884766,24.52215003967285,8900
2014-09-30,33.41999816894531,33.63999938964844,33.27000045776367,33.27000045776367,24.266868591308594,7100
2014-10-01,33.380001068115234,33.720001220703125,32.9900016784668,33.0099983215332,24.07721710205078,10300
2014-10-02,32.959999084472656,33.52000045776367,32.959999084472656,33.06999969482422,24.12098503112793,5300
2014-10-03,33.41999816894531,33.68000030517578,33.09000015258789,33.16999816894531,24.193923950195312,4500
2014-10-06,33.45000076293945,33.65999984741211,33.16999816894531,33.36000061035156,24.332504272460938,9200
2014-10-07,33.029998779296875,33.81999969482422,32.9900016784668,33.2400016784668,24.24498176574707,11200
2014-10-08,33.40999984741211,33.560001373291016,33.0099983215332,33.560001373291016,24.478391647338867,3400
2014-10-09,33.29999923706055,33.54999923706055,33.29999923706055,33.400001525878906,24.36168670654297,3400
2014-10-10,33.380001068115234,33.88999938964844,33.380001068115234,33.86000061035156,24.697202682495117,8400
2014-10-13,33.560001373291016,33.93000030517578,33.33000183105469,33.47999954223633,24.42003059387207,9700
2014-10-14,33.599998474121094,34.400001525878906,33.22999954223633,33.400001525878906,24.36168670654297,31700
2014-10-15,33.22999954223633,33.59000015258789,33.22999954223633,33.560001373291016,24.478391647338867,9800
2014-10-16,33.20000076293945,33.459999084472656,32.400001525878906,33.380001068115234,24.34709930419922,30600
2014-10-17,34.22999954223633,34.22999954223633,33.099998474121094,33.369998931884766,24.33980369567871,8800
2014-10-20,33.18000030517578,33.59000015258789,32.869998931884766,33.5099983215332,24.44191551208496,11200
2014-10-21,33.43000030517578,34.2400016784668,33.209999084472656,33.34000015258789,24.317914962768555,16400
2014-10-22,33.29999923706055,33.470001220703125,33.29999923706055,33.31999969482422,24.303329467773438,1700
2014-10-23,33.599998474121094,33.599998474121094,33.29999923706055,33.31999969482422,24.303329467773438,6100
2014-10-24,33.209999084472656,34.22999954223633,33.060001373291016,34.22999954223633,24.96708106994629,9600
2014-10-27,33.939998626708984,34.599998474121094,33.70000076293945,34.349998474121094,25.054611206054688,8800
2014-10-28,34.0,34.79999923706055,33.81999969482422,34.79999923706055,25.382829666137695,7600
2014-10-29,34.58000183105469,34.75,33.65999984741211,34.41999816894531,25.105663299560547,16600
2014-10-30,34.439998626708984,34.779998779296875,34.15999984741211,34.779998779296875,25.368249893188477,9000
2014-10-31,35.11000061035156,35.31999969482422,34.34000015258789,34.34000015258789,25.04730796813965,5900
2014-11-03,34.7400016784668,35.720001220703125,34.7400016784668,35.66999816894531,26.01740264892578,34400
2014-11-04,35.540000915527344,36.119998931884766,35.540000915527344,36.0,26.258102416992188,9200
2014-11-05,36.06999969482422,36.06999969482422,35.439998626708984,35.5,25.893407821655273,18900
2014-11-06,35.540000915527344,35.939998626708984,35.130001068115234,35.40999984741211,25.8277587890625,12100
2014-11-07,35.849998474121094,36.349998474121094,35.0,36.29999923706055,26.47692108154297,21000
2014-11-10,36.45000076293945,37.09000015258789,36.400001525878906,36.95000076293945,26.951021194458008,10800
2014-11-11,37.310001373291016,37.72999954223633,35.709999084472656,37.29999923706055,27.20630645751953,23500
2014-11-12,37.310001373291016,37.56999969482422,37.310001373291016,37.33000183105469,27.228195190429688,900
2014-11-13,37.25,37.45000076293945,37.0,37.0,26.987497329711914,50700
2014-11-14,37.029998779296875,37.66999816894531,37.0,37.31999969482422,27.220895767211914,11700
2014-11-17,37.15999984741211,37.970001220703125,36.36000061035156,37.560001373291016,27.395954132080078,122100
2014-11-18,37.369998931884766,37.84000015258789,37.29999923706055,37.790000915527344,27.56371307373047,8700
2014-11-19,37.75,38.0,37.439998626708984,37.59000015258789,27.417835235595703,9000
2014-11-20,37.400001525878906,38.20000076293945,37.400001525878906,37.900001525878906,27.643953323364258,23400
2014-11-21,38.25,38.25,37.95000076293945,37.95000076293945,27.6804141998291,2500
2014-11-24,38.25,39.5,38.099998474121094,39.16999816894531,28.57027244567871,38200
2014-11-25,39.16999816894531,39.4900016784668,38.540000915527344,39.2400016784668,28.621337890625,34000
2014-11-26,39.38999938964844,39.400001525878906,38.869998931884766,39.34000015258789,28.69426727294922,29400
2014-11-28,39.09000015258789,39.43000030517578,38.810001373291016,39.43000030517578,28.759906768798828,21700
2014-12-01,39.45000076293945,39.45000076293945,38.81999969482422,39.06999969482422,28.49733543395996,40700
2014-12-02,39.20000076293945,39.400001525878906,38.790000915527344,39.220001220703125,28.606748580932617,9000
2014-12-03,38.83000183105469,39.380001068115234,38.599998474121094,38.810001373291016,28.307693481445312,8300
2014-12-04,38.5,39.5,38.45000076293945,39.5,28.810977935791016,56900
2014-12-05,38.849998474121094,39.5,38.849998474121094,39.47999954223633,28.79637908935547,9900
2014-12-08,39.25,39.970001220703125,38.90999984741211,39.650001525878906,28.92038345336914,22400
2014-12-09,39.220001220703125,39.36000061035156,38.77000045776367,39.02000045776367,28.460857391357422,8900
2014-12-10,39.29999923706055,39.58000183105469,38.880001068115234,38.880001068115234,28.35875129699707,3800
2014-12-11,38.84000015258789,39.150001525878906,38.630001068115234,39.099998474121094,28.740983963012695,13700
2014-12-12,39.0,39.220001220703125,38.310001373291016,39.220001220703125,28.829193115234375,19900
2014-12-15,39.06999969482422,39.09000015258789,38.75,38.75,28.483713150024414,12200
2014-12-16,38.720001220703125,38.970001220703125,38.41999816894531,38.7400016784668,28.47635841369629,8900
2014-12-17,38.720001220703125,38.849998474121094,38.41999816894531,38.709999084472656,28.45431137084961,10700
2014-12-18,38.75,39.75,38.40999984741211,39.33000183105469,28.910043716430664,11400
2014-12-19,39.47999954223633,39.47999954223633,38.93000030517578,39.0,28.667478561401367,10500
2014-12-22,38.68000030517578,39.189998626708984,38.58000183105469,38.84000015258789,28.54986572265625,7500
2014-12-23,38.869998931884766,39.099998474121094,38.439998626708984,39.099998474121094,28.740983963012695,7200
2014-12-24,38.810001373291016,39.47999954223633,38.810001373291016,38.880001068115234,28.579267501831055,1300
2014-12-26,38.52000045776367,39.47999954223633,38.5099983215332,38.91999816894531,28.608661651611328,1400
2014-12-29,38.91999816894531,39.75,38.599998474121094,39.75,29.218772888183594,6600
2014-12-30,38.7400016784668,39.54999923706055,38.7400016784668,39.099998474121094,28.740983963012695,3400
2014-12-31,38.79999923706055,39.7400016784668,38.5099983215332,39.7400016784668,29.211421966552734,8100
2015-01-02,39.75,39.75,38.79999923706055,39.75,29.218772888183594,3100
2015-01-05,39.27000045776367,39.59000015258789,38.619998931884766,39.0,28.667478561401367,14900
2015-01-06,38.900001525878906,39.029998779296875,37.810001373291016,38.709999084472656,28.45431137084961,14700
2015-01-07,39.0,39.0,38.599998474121094,38.75,28.483713150024414,4900
2015-01-08,38.91999816894531,39.20000076293945,38.470001220703125,39.20000076293945,28.81448745727539,6000
2015-01-09,38.869998931884766,38.9900016784668,38.65999984741211,38.720001220703125,28.461658477783203,2600
2015-01-12,38.400001525878906,38.9900016784668,38.22999954223633,38.630001068115234,28.3955078125,5000
2015-01-13,38.529998779296875,38.9900016784668,38.189998626708984,38.61000061035156,28.380802154541016,6700
2015-01-14,38.119998931884766,38.220001220703125,37.75,37.95000076293945,27.89566421508789,16100
2015-01-15,37.900001525878906,38.060001373291016,36.90999984741211,37.5,27.56488037109375,12300
2015-01-16,37.599998474121094,37.70000076293945,36.459999084472656,36.880001068115234,27.10913848876953,8800
2015-01-20,37.0,38.20000076293945,36.22999954223633,37.810001373291016,27.792753219604492,17500
2015-01-21,37.43000030517578,37.81999969482422,37.209999084472656,37.58000183105469,27.623687744140625,3600
2015-01-22,37.77000045776367,37.77000045776367,36.5,37.66999816894531,27.689838409423828,7500
2015-01-23,37.66999816894531,37.66999816894531,36.22999954223633,37.040000915527344,27.22675323486328,17000
2015-01-26,36.709999084472656,37.29999923706055,36.209999084472656,36.52000045776367,26.84451675415039,11000
2015-01-27,36.54999923706055,36.66999816894531,35.54999923706055,35.9900016784668,26.454931259155273,9200
2015-01-28,35.75,35.83000183105469,35.310001373291016,35.310001373291016,25.955089569091797,2400
2015-01-29,35.63999938964844,35.63999938964844,34.5,34.83000183105469,25.602266311645508,8300
2015-01-30,34.5,35.880001068115234,34.5,35.290000915527344,25.94039535522461,3200
2015-02-02,35.630001068115234,35.630001068115234,34.72999954223633,34.790000915527344,25.57285499572754,2600
2015-02-03,34.83000183105469,35.79999923706055,34.77000045776367,35.029998779296875,25.749279022216797,12000
2015-02-04,35.4900016784668,35.72999954223633,35.150001525878906,35.72999954223633,26.263818740844727,2500
2015-02-05,36.20000076293945,36.2599983215332,35.209999084472656,36.08000183105469,26.521095275878906,1500
2015-02-06,36.0099983215332,36.09000015258789,35.88999938964844,35.88999938964844,26.381425857543945,1000
2015-02-09,36.0099983215332,36.4900016784668,35.209999084472656,35.779998779296875,26.300569534301758,4000
2015-02-10,36.06999969482422,36.06999969482422,35.04999923706055,35.650001525878906,26.20501708984375,3400
2015-02-11,35.290000915527344,35.7400016784668,35.290000915527344,35.689998626708984,26.234420776367188,2500
2015-02-12,35.7400016784668,35.7400016784668,35.36000061035156,35.7400016784668,26.271167755126953,2100
2015-02-13,35.689998626708984,35.72999954223633,35.5,35.5099983215332,26.102108001708984,3700
2015-02-17,35.61000061035156,35.61000061035156,35.040000915527344,35.470001220703125,26.072702407836914,46500
2015-02-18,35.5,36.0,35.369998931884766,35.810001373291016,26.322620391845703,4300
2015-02-19,36.0,36.27000045776367,35.27000045776367,36.04999923706055,26.499034881591797,6800
2015-02-20,36.13999938964844,36.13999938964844,36.13999938964844,36.13999938964844,26.565196990966797,200
2015-02-23,36.029998779296875,36.5,35.599998474121094,35.7599983215332,26.28586769104004,7300
2015-02-24,36.310001373291016,36.400001525878906,35.77000045776367,35.900001525878906,26.388774871826172,1500
2015-02-25,36.45000076293945,36.4900016784668,35.56999969482422,35.810001373291016,26.322620391845703,9900
2015-02-26,35.61000061035156,35.9900016784668,35.61000061035156,35.9900016784668,26.454931259155273,2300
2015-02-27,35.9900016784668,35.9900016784668,35.9900016784668,35.9900016784668,26.454931259155273,0
2015-03-02,36.040000915527344,36.54999923706055,36.040000915527344,36.54999923706055,26.86656951904297,2800
2015-03-03,36.470001220703125,37.15999984741211,36.470001220703125,36.79999923706055,27.050338745117188,2500
2015-03-04,37.09000015258789,37.09000015258789,34.959999084472656,36.38999938964844,26.748958587646484,6900
2015-03-05,36.5,36.790000915527344,35.529998779296875,36.36000061035156,26.726917266845703,16900
2015-03-06,36.720001220703125,38.0,35.58000183105469,35.79999923706055,26.315271377563477,10000
2015-03-09,36.88999938964844,36.88999938964844,35.77000045776367,36.38999938964844,26.748958587646484,9000
2015-03-10,35.27000045776367,37.22999954223633,35.27000045776367,37.22999954223633,27.36642074584961,1200
2015-03-11,36.650001525878906,36.650001525878906,36.0,36.099998474121094,26.75135040283203,1500
2015-03-12,36.25,36.5,35.290000915527344,36.40999984741211,26.9810848236084,2100
2015-03-13,36.25,36.25,35.75,36.18000030517578,26.810644149780273,900
2015-03-16,36.4900016784668,36.4900016784668,35.02000045776367,35.720001220703125,26.469768524169922,1200
2015-03-17,35.779998779296875,35.779998779296875,34.060001373291016,34.540000915527344,25.5953426361084,10800
2015-03-18,34.90999984741211,35.529998779296875,34.7400016784668,35.31999969482422,26.173341751098633,1300
2015-03-19,34.52000045776367,35.18000030517578,34.33000183105469,34.849998474121094,25.825063705444336,2900
2015-03-20,34.349998474121094,34.90999984741211,34.04999923706055,34.04999923706055,25.232240676879883,4100
2015-03-23,34.25,35.0,34.25,34.59000015258789,25.63239097595215,6800
2015-03-24,34.52000045776367,34.880001068115234,34.150001525878906,34.45000076293945,25.528648376464844,6700
2015-03-25,34.40999984741211,34.709999084472656,34.16999816894531,34.709999084472656,25.721317291259766,1300
2015-03-26,34.22999954223633,34.25,34.130001068115234,34.13999938964844,25.298927307128906,1400
2015-03-27,34.45000076293945,34.7400016784668,34.130001068115234,34.70000076293945,25.713912963867188,4800
2015-03-30,34.61000061035156,34.7400016784668,34.52000045776367,34.7400016784668,25.743553161621094,900
2015-03-31,34.75,34.95000076293945,34.75,34.95000076293945,25.899173736572266,2500
2015-04-01,34.95000076293945,34.95000076293945,34.40999984741211,34.54999923706055,25.602750778198242,18700
2015-04-02,34.61000061035156,34.900001525878906,34.5,34.5,25.56569480895996,1700
2015-04-06,33.810001373291016,34.5,33.7599983215332,33.880001068115234,25.106260299682617,16100
2015-04-07,34.11000061035156,35.54999923706055,33.90999984741211,34.0,25.19518280029297,36900
2015-04-08,34.0,34.400001525878906,33.91999816894531,33.93000030517578,25.143310546875,10200
2015-04-09,34.43000030517578,34.970001220703125,33.86000061035156,34.77000045776367,25.765783309936523,5300
2015-04-10,34.72999954223633,35.279998779296875,34.72999954223633,35.130001068115234,26.032554626464844,1800
2015-04-13,35.0,35.93000030517578,34.09000015258789,35.93000030517578,26.625381469726562,2100
2015-04-14,35.29999923706055,35.79999923706055,35.29999923706055,35.79999923706055,26.529041290283203,1600
2015-04-15,35.709999084472656,35.88999938964844,35.29999923706055,35.86000061035156,26.57350730895996,1400
2015-04-16,35.060001373291016,35.72999954223633,35.0,35.529998779296875,26.32895851135254,7600
2015-04-17,35.04999923706055,35.04999923706055,35.04999923706055,35.04999923706055,25.9732723236084,200
2015-04-20,34.84000015258789,34.84000015258789,34.84000015258789,34.84000015258789,25.817651748657227,100
2015-04-21,35.09000015258789,35.09000015258789,35.0,35.0,25.93621253967285,1700
2015-04-22,35.189998626708984,35.189998626708984,35.189998626708984,35.189998626708984,26.077014923095703,300
2015-04-23,34.75,35.47999954223633,34.75,35.47999954223633,26.291913986206055,1800
2015-04-24,35.45000076293945,35.45000076293945,35.45000076293945,35.45000076293945,26.26968765258789,200
2015-04-27,35.90999984741211,35.90999984741211,34.869998931884766,35.0,25.93621253967285,1700
2015-04-28,35.0,35.0,35.0,35.0,25.93621253967285,0
2015-04-29,35.33000183105469,35.33000183105469,35.20000076293945,35.20000076293945,26.084430694580078,2100
2015-04-30,35.02000045776367,35.099998474121094,35.0099983215332,35.09000015258789,26.002914428710938,2700
2015-05-01,35.13999938964844,35.13999938964844,34.7599983215332,34.790000915527344,25.780595779418945,1600
2015-05-04,35.0,35.0,34.9900016784668,35.0,25.93621253967285,1000
2015-05-05,35.0,35.11000061035156,35.0,35.099998474121094,26.01032066345215,1600
2015-05-06,35.0099983215332,35.099998474121094,35.0099983215332,35.099998474121094,26.01032066345215,500
2015-05-07,34.79999923706055,34.83000183105469,34.310001373291016,34.45000076293945,25.528648376464844,1500
2015-05-08,35.0,35.0,34.380001068115234,34.58000183105469,25.624980926513672,700
2015-05-11,34.29999923706055,34.619998931884766,34.29999923706055,34.619998931884766,25.654626846313477,900
2015-05-12,34.150001525878906,34.349998474121094,34.150001525878906,34.2599983215332,25.38785171508789,5200
2015-05-13,34.150001525878906,34.47999954223633,34.150001525878906,34.47999954223633,25.55087661743164,600
2015-05-14,34.11000061035156,35.29999923706055,34.11000061035156,35.29999923706055,26.158531188964844,6300
2015-05-15,35.29999923706055,35.900001525878906,35.279998779296875,35.900001525878906,26.603147506713867,15500
2015-05-18,35.66999816894531,36.0,35.66999816894531,36.0,26.67725372314453,700
2015-05-19,36.0,36.810001373291016,36.0,36.75,27.2330265045166,21100
2015-05-20,36.619998931884766,36.619998931884766,36.209999084472656,36.209999084472656,26.832866668701172,800
2015-05-21,36.5,36.560001373291016,36.369998931884766,36.369998931884766,26.951427459716797,900
2015-05-22,36.54999923706055,36.56999969482422,36.5,36.5,27.04776382446289,2700
2015-05-26,36.5,36.9900016784668,36.25,36.9900016784668,27.410884857177734,3800
2015-05-27,36.81999969482422,37.91999816894531,36.5,36.59000015258789,27.114459991455078,1000
2015-05-28,36.59000015258789,36.59000015258789,36.59000015258789,36.59000015258789,27.114459991455078,0
2015-05-29,36.09000015258789,36.66999816894531,36.09000015258789,36.66999816894531,27.173749923706055,2500
2015-06-01,36.27000045776367,36.9900016784668,36.27000045776367,36.9900016784668,27.410884857177734,6700
2015-06-02,36.560001373291016,36.97999954223633,36.25,36.97999954223633,27.403467178344727,1000
2015-06-03,36.97999954223633,36.97999954223633,36.97999954223633,36.97999954223633,27.403467178344727,0
2015-06-04,36.58000183105469,36.939998626708984,36.470001220703125,36.470001220703125,27.025531768798828,900
2015-06-05,36.220001220703125,36.220001220703125,34.54999923706055,35.5,26.30673599243164,2200
2015-06-08,35.400001525878906,36.369998931884766,35.36000061035156,35.86000061035156,26.57350730895996,4400
2015-06-09,35.709999084472656,36.5,35.689998626708984,36.029998779296875,26.699481964111328,4400
2015-06-10,36.33000183105469,36.33000183105469,36.33000183105469,36.33000183105469,26.921794891357422,100
2015-06-11,36.0099983215332,36.54999923706055,36.0099983215332,36.220001220703125,27.063762664794922,2100
2015-06-12,36.06999969482422,36.13999938964844,36.06999969482422,36.130001068115234,26.996511459350586,1500
2015-06-15,36.720001220703125,36.900001525878906,36.25,36.25,27.086179733276367,1300
2015-06-16,36.540000915527344,36.540000915527344,36.130001068115234,36.130001068115234,26.996511459350586,1200
2015-06-17,36.13999938964844,36.939998626708984,36.13999938964844,36.2599983215332,27.09364891052246,2800
2015-06-18,36.150001525878906,36.75,35.529998779296875,36.25,27.086179733276367,3900
2015-06-19,36.279998779296875,36.939998626708984,36.279998779296875,36.939998626708984,27.60174560546875,2100
2015-06-22,36.150001525878906,36.95000076293945,36.150001525878906,36.720001220703125,27.437368392944336,2200
2015-06-23,36.65999984741211,37.13999938964844,36.65999984741211,36.95000076293945,27.609216690063477,3200
2015-06-24,37.0,37.0,36.25,36.29999923706055,27.123538970947266,2500
2015-06-25,36.66999816894531,37.0,36.369998931884766,36.369998931884766,27.17583465576172,1300
2015-06-26,36.689998626708984,37.25,36.5,36.95000076293945,27.609216690063477,3200
2015-06-29,36.95000076293945,36.95000076293945,36.0,36.099998474121094,26.974092483520508,1200
2015-06-30,36.689998626708984,37.209999084472656,36.36000061035156,37.04999923706055,27.68393898010254,5700
2015-07-01,37.5,38.0,37.4900016784668,37.4900016784668,28.01271629333496,2400
2015-07-02,37.5,38.0,37.349998474121094,37.849998474121094,28.281707763671875,7100
2015-07-06,37.5,37.5,37.4900016784668,37.5,28.02018928527832,700
2015-07-07,37.099998474121094,37.5,36.470001220703125,37.4900016784668,28.01271629333496,3500
2015-07-08,37.400001525878906,37.400001525878906,36.0,36.16999816894531,27.026403427124023,5400
2015-07-09,36.25,37.119998931884766,36.25,36.849998474121094,27.534503936767578,3400
2015-07-10,36.040000915527344,36.790000915527344,36.040000915527344,36.31999969482422,27.138473510742188,2800
2015-07-13,36.7599983215332,37.4900016784668,36.45000076293945,36.45000076293945,27.235620498657227,2100
2015-07-14,36.16999816894531,36.70000076293945,35.540000915527344,36.31999969482422,27.138473510742188,5500
2015-07-15,37.2599983215332,37.2599983215332,36.25,36.88999938964844,27.564382553100586,3000
2015-07-16,36.31999969482422,36.88999938964844,36.11000061035156,36.88999938964844,27.564382553100586,2400
2015-07-17,35.7599983215332,35.7599983215332,35.7599983215332,35.7599983215332,26.720043182373047,400
2015-07-20,36.31999969482422,37.5,36.25,36.2599983215332,27.09364891052246,5500
2015-07-21,36.25,36.91999816894531,36.25,36.349998474121094,27.160898208618164,12400
2015-07-22,36.349998474121094,36.709999084472656,36.349998474121094,36.709999084472656,27.429887771606445,800
2015-07-23,33.5,36.060001373291016,33.20000076293945,35.91999816894531,26.839601516723633,36900
2015-07-24,35.7400016784668,36.29999923706055,35.7400016784668,36.20000076293945,27.0488224029541,4700
2015-07-27,37.310001373291016,37.310001373291016,36.599998474121094,37.0,27.646589279174805,800
2015-07-28,36.5,36.849998474121094,36.5,36.849998474121094,27.534503936767578,2300
2015-07-29,37.290000915527344,37.29999923706055,36.75,36.75,27.45977783203125,900
2015-07-30,37.04999923706055,37.5,36.65999984741211,36.79999923706055,27.497140884399414,5300
2015-07-31,37.02000045776367,38.0,36.5,38.0,28.39378547668457,5400
2015-08-03,37.04999923706055,37.790000915527344,36.68000030517578,37.130001068115234,27.743715286254883,5800
2015-08-04,36.650001525878906,37.849998474121094,36.650001525878906,37.150001525878906,27.7586612701416,1000
2015-08-05,37.150001525878906,37.150001525878906,37.150001525878906,37.150001525878906,27.7586612701416,100
2015-08-06,37.150001525878906,37.150001525878906,37.150001525878906,37.150001525878906,27.7586612701416,0
2015-08-07,36.58000183105469,37.4900016784668,36.58000183105469,37.18000030517578,27.781082153320312,1100
2015-08-10,36.5099983215332,36.5099983215332,36.5099983215332,36.5099983215332,27.28044891357422,200
2015-08-11,37.11000061035156,37.11000061035156,36.5,36.5,27.272972106933594,1700
2015-08-12,36.61000061035156,36.61000061035156,36.61000061035156,36.61000061035156,27.355173110961914,200
2015-08-13,36.630001068115234,36.630001068115234,35.95000076293945,36.150001525878906,27.01146125793457,12800
2015-08-14,35.58000183105469,36.79999923706055,35.58000183105469,36.650001525878906,27.385066986083984,14400
2015-08-17,36.5,37.34000015258789,36.349998474121094,36.61000061035156,27.355173110961914,11800
2015-08-18,36.61000061035156,36.61000061035156,36.61000061035156,36.61000061035156,27.355173110961914,0
2015-08-19,35.5099983215332,36.529998779296875,35.5099983215332,36.529998779296875,27.295392990112305,8000
2015-08-20,35.599998474121094,35.599998474121094,35.599998474121094,35.599998474121094,26.600496292114258,100
2015-08-21,35.599998474121094,36.040000915527344,35.599998474121094,36.0,26.899377822875977,15200
2015-08-24,34.25,34.380001068115234,34.25,34.380001068115234,25.688901901245117,5000
2015-08-25,35.0,36.0099983215332,34.0,36.0099983215332,26.906850814819336,10000
2015-08-26,35.54999923706055,35.54999923706055,34.13999938964844,35.099998474121094,26.226890563964844,4100
2015-08-27,35.380001068115234,35.380001068115234,34.75,34.75,25.965368270874023,1400
2015-08-28,36.0,36.7599983215332,35.0,36.189998626708984,27.041337966918945,8600
2015-08-31,36.060001373291016,36.2400016784668,36.060001373291016,36.2400016784668,27.078712463378906,400
2015-09-01,34.650001525878906,35.34000015258789,34.650001525878906,35.0,26.15216636657715,1200
2015-09-02,35.59000015258789,36.83000183105469,35.59000015258789,35.650001525878906,26.637859344482422,1200
2015-09-03,35.59000015258789,36.38999938964844,35.59000015258789,36.38999938964844,27.190778732299805,600
2015-09-04,35.5,36.0099983215332,34.65999984741211,35.5,26.52577781677246,6500
2015-09-08,35.70000076293945,35.959999084472656,35.54999923706055,35.959999084472656,26.86948585510254,1200
2015-09-09,36.439998626708984,36.439998626708984,36.439998626708984,36.439998626708984,27.228153228759766,200
2015-09-10,35.70000076293945,35.70000076293945,35.70000076293945,35.70000076293945,26.675209045410156,400
2015-09-11,34.810001373291016,35.72999954223633,34.810001373291016,35.02000045776367,26.388870239257812,400
2015-09-14,34.56999969482422,35.93000030517578,34.56999969482422,35.93000030517578,27.074588775634766,400
2015-09-15,35.22999954223633,35.5,34.959999084472656,35.11000061035156,26.45669174194336,9700
2015-09-16,35.209999084472656,35.43000030517578,34.75,35.400001525878906,26.675212860107422,1100
2015-09-17,35.040000915527344,35.040000915527344,35.040000915527344,35.040000915527344,26.40394401550293,300
2015-09-18,34.900001525878906,37.900001525878906,33.689998626708984,37.900001525878906,28.559064865112305,8700
2015-09-21,37.900001525878906,37.900001525878906,37.20000076293945,37.68000030517578,28.393287658691406,2900
2015-09-22,37.119998931884766,37.119998931884766,36.439998626708984,37.029998779296875,27.903478622436523,600
2015-09-23,36.779998779296875,36.779998779296875,35.88999938964844,36.06999969482422,27.180084228515625,2600
2015-09-24,34.83000183105469,34.83000183105469,34.83000183105469,34.83000183105469,26.245702743530273,400
2015-09-25,35.9900016784668,36.16999816894531,35.59000015258789,35.59000015258789,26.818391799926758,600
2015-09-28,35.66999816894531,36.25,35.66999816894531,36.0,27.127338409423828,1300
2015-09-29,36.0,36.040000915527344,34.599998474121094,35.52000045776367,26.765636444091797,4400
2015-09-30,36.099998474121094,36.47999954223633,36.099998474121094,36.47999954223633,27.48903465270996,1300
2015-10-01,36.97999954223633,36.97999954223633,35.040000915527344,35.040000915527344,26.40394401550293,900
2015-10-02,35.7599983215332,35.7599983215332,35.040000915527344,35.630001068115234,26.84853172302246,1600
2015-10-05,35.959999084472656,36.34000015258789,35.959999084472656,36.34000015258789,27.38355255126953,4200
2015-10-06,36.11000061035156,36.130001068115234,35.4900016784668,36.130001068115234,27.22529411315918,1000
2015-10-07,35.02000045776367,36.43000030517578,35.02000045776367,36.04999923706055,27.16501808166504,2100
2015-10-08,36.029998779296875,36.5099983215332,35.97999954223633,36.130001068115234,27.22529411315918,1600
2015-10-09,36.5,36.849998474121094,36.5,36.849998474121094,27.767831802368164,6500
2015-10-12,36.900001525878906,36.900001525878906,36.900001525878906,36.900001525878906,27.80552864074707,700
2015-10-13,36.900001525878906,36.900001525878906,36.900001525878906,36.900001525878906,27.80552864074707,0
2015-10-14,36.88999938964844,37.68000030517578,36.849998474121094,37.68000030517578,28.393287658691406,29700
2015-10-15,36.5,37.630001068115234,36.5,37.630001068115234,28.35560417175293,3800
2015-10-16,36.099998474121094,37.02000045776367,36.099998474121094,36.90999984741211,27.81305503845215,6800
2015-10-19,36.939998626708984,38.70000076293945,36.279998779296875,37.7400016784668,28.438495635986328,20200
2015-10-20,37.5,38.040000915527344,37.38999938964844,37.45000076293945,28.2199764251709,3700
2015-10-21,38.0,38.72999954223633,38.0,38.0099983215332,28.641948699951172,2000
2015-10-22,38.36000061035156,38.72999954223633,38.02000045776367,38.599998474121094,29.086530685424805,7700
2015-10-23,38.290000915527344,38.63999938964844,38.290000915527344,38.63999938964844,29.11667251586914,400
2015-10-26,38.59000015258789,39.77000045776367,38.59000015258789,39.54999923706055,29.80239486694336,900
2015-10-27,39.439998626708984,39.439998626708984,38.7599983215332,38.900001525878906,29.312602996826172,1100
2015-10-28,38.70000076293945,39.75,37.70000076293945,39.47999954223633,29.7496395111084,1300
2015-10-29,39.61000061035156,39.61000061035156,37.9900016784668,38.900001525878906,29.312602996826172,800
2015-10-30,38.5,38.70000076293945,36.77000045776367,38.0,28.63441276550293,5900
2015-11-02,38.0,38.0,38.0,38.0,28.63441276550293,0
2015-11-03,38.0099983215332,38.630001068115234,38.0099983215332,38.630001068115234,29.109146118164062,1000
2015-11-04,38.70000076293945,38.70000076293945,37.959999084472656,38.20000076293945,28.785131454467773,800
2015-11-05,38.68000030517578,38.68000030517578,38.68000030517578,38.68000030517578,29.146818161010742,300
2015-11-06,38.630001068115234,39.25,38.29999923706055,38.70000076293945,29.161888122558594,25600
2015-11-09,38.70000076293945,38.70000076293945,38.220001220703125,38.63999938964844,29.11667251586914,2200
2015-11-10,38.29999923706055,38.29999923706055,38.29999923706055,38.29999923706055,28.860471725463867,300
2015-11-11,38.5,38.52000045776367,38.13999938964844,38.52000045776367,29.0262508392334,3400
2015-11-12,38.47999954223633,38.47999954223633,38.47999954223633,38.47999954223633,28.996105194091797,400
2015-11-13,38.0,38.41999816894531,38.0,38.27000045776367,28.83786964416504,2900
2015-11-16,38.0,38.93000030517578,37.77000045776367,38.349998474121094,28.898151397705078,5700
2015-11-17,39.0,39.0,38.099998474121094,38.36000061035156,28.905689239501953,1600
2015-11-18,39.0,39.0,38.5,38.56999969482422,29.063928604125977,1400
2015-11-19,38.5,38.5,38.5,38.5,29.01119041442871,200
2015-11-20,38.72999954223633,38.72999954223633,38.72999954223633,38.72999954223633,29.184494018554688,100
2015-11-23,38.689998626708984,38.959999084472656,38.5,38.849998474121094,29.274913787841797,1200
2015-11-24,38.849998474121094,38.849998474121094,38.849998474121094,38.849998474121094,29.274913787841797,0
2015-11-25,38.79999923706055,38.93000030517578,38.79999923706055,38.93000030517578,29.335193634033203,600
2015-11-27,39.0,39.0,38.779998779296875,38.779998779296875,29.22216796875,7400
2015-11-30,38.959999084472656,39.0,38.54999923706055,38.54999923706055,29.048856735229492,1100
2015-12-01,39.0,39.0,38.970001220703125,39.0,29.3879451751709,1500
2015-12-02,39.0,39.0,39.0,39.0,29.3879451751709,0
2015-12-03,38.5099983215332,38.599998474121094,38.5,38.59000015258789,29.078996658325195,600
2015-12-04,38.5,39.0,38.5,38.529998779296875,29.033784866333008,5600
2015-12-07,38.970001220703125,39.25,38.52000045776367,38.95000076293945,29.350271224975586,25500
2015-12-08,39.0,39.0,38.75,38.75,29.199556350708008,400
2015-12-09,39.0,39.0,38.16999816894531,39.0,29.3879451751709,7000
2015-12-10,38.97999954223633,38.97999954223633,38.16999816894531,38.75,29.199556350708008,1200
2015-12-11,38.52000045776367,38.52000045776367,38.04999923706055,38.04999923706055,28.91084098815918,700
2015-12-14,38.52000045776367,38.9900016784668,37.5,38.0,28.872846603393555,9900
2015-12-15,38.130001068115234,38.130001068115234,38.0,38.0,28.872846603393555,400
2015-12-16,38.22999954223633,39.0,38.22999954223633,38.91999816894531,29.57186508178711,15300
2015-12-17,39.0,39.18000030517578,38.5099983215332,38.619998931884766,29.343923568725586,2400
2015-12-18,38.61000061035156,38.84000015258789,38.02000045776367,38.02000045776367,28.888038635253906,10100
2015-12-21,37.86000061035156,38.29999923706055,37.56999969482422,37.79999923706055,28.720888137817383,2400
2015-12-22,38.0099983215332,38.93000030517578,38.0099983215332,38.93000030517578,29.5794620513916,3900
2015-12-23,38.880001068115234,39.2599983215332,38.0,39.02000045776367,29.647855758666992,2200
2015-12-24,38.0,38.0,38.0,38.0,28.872846603393555,300
2015-12-28,38.36000061035156,39.25,38.36000061035156,38.95000076293945,29.594667434692383,2000
2015-12-29,39.36000061035156,39.5,38.52000045776367,39.2599983215332,29.830202102661133,5800
2015-12-30,38.0,39.0,38.0,39.0,29.632654190063477,1300
2015-12-31,39.06999969482422,39.279998779296875,37.77000045776367,39.0,29.632654190063477,2600
2016-01-04,39.15999984741211,39.15999984741211,38.0099983215332,38.779998779296875,29.465496063232422,2100
2016-01-05,39.040000915527344,39.040000915527344,38.25,38.2599983215332,29.07040786743164,4000
2016-01-06,38.34000015258789,38.59000015258789,38.34000015258789,38.59000015258789,29.321130752563477,900
2016-01-07,38.52000045776367,38.86000061035156,37.7599983215332,37.7599983215332,28.690488815307617,3200
2016-01-08,37.79999923706055,38.400001525878906,37.79999923706055,38.13999938964844,28.979223251342773,2900
2016-01-11,38.0,38.40999984741211,38.0,38.369998931884766,29.153972625732422,5800
2016-01-12,38.25,38.5,38.25,38.439998626708984,29.207155227661133,1000
2016-01-13,38.43000030517578,38.470001220703125,38.25,38.470001220703125,29.229955673217773,2200
2016-01-14,38.5,38.849998474121094,38.5,38.849998474121094,29.518680572509766,9700
2016-01-15,38.400001525878906,38.7400016784668,38.25,38.58000183105469,29.313520431518555,1000
2016-01-19,38.630001068115234,38.630001068115234,38.0,38.13999938964844,28.979223251342773,7300
2016-01-20,38.040000915527344,38.040000915527344,37.04999923706055,37.63999938964844,28.599315643310547,15700
2016-01-21,37.54999923706055,38.06999969482422,37.540000915527344,37.599998474121094,28.568918228149414,7800
2016-01-22,37.9900016784668,38.099998474121094,37.79999923706055,38.09000015258789,28.941232681274414,1100
2016-01-25,38.0,38.400001525878906,38.0,38.400001525878906,29.176774978637695,2100
2016-01-26,38.09000015258789,38.43000030517578,37.54999923706055,38.279998779296875,29.08559226989746,2300
2016-01-27,37.45000076293945,38.34000015258789,37.45000076293945,38.34000015258789,29.131181716918945,1400
2016-01-28,37.75,38.400001525878906,37.54999923706055,38.38999938964844,29.169166564941406,3300
2016-01-29,38.27000045776367,38.40999984741211,38.0,38.25,29.062788009643555,3600
2016-02-01,37.9900016784668,38.36000061035156,37.5,38.22999954223633,29.047605514526367,23400
2016-02-02,37.869998931884766,38.2599983215332,37.650001525878906,38.20000076293945,29.02482032775879,3300
2016-02-03,37.779998779296875,38.43000030517578,37.779998779296875,38.43000030517578,29.199573516845703,6500
2016-02-04,38.369998931884766,38.369998931884766,38.0,38.0,28.872846603393555,600
2016-02-05,37.59000015258789,38.02000045776367,37.59000015258789,38.02000045776367,28.888038635253906,2400
2016-02-08,37.95000076293945,38.0,37.95000076293945,38.0,28.872846603393555,300
2016-02-09,37.45000076293945,37.9900016784668,37.36000061035156,37.400001525878906,28.416963577270508,4600
2016-02-10,37.40999984741211,37.900001525878906,37.02000045776367,37.790000915527344,28.71328353881836,4200
2016-02-11,38.220001220703125,38.220001220703125,38.220001220703125,38.220001220703125,29.04000473022461,400
2016-02-12,38.130001068115234,38.130001068115234,37.5,37.56999969482422,28.54612922668457,2800
2016-02-16,37.15999984741211,37.9900016784668,37.02000045776367,37.33000183105469,28.3637752532959,2100
2016-02-17,38.08000183105469,38.08000183105469,38.08000183105469,38.08000183105469,28.933639526367188,500
2016-02-18,38.0,38.43000030517578,38.0,38.04999923706055,28.91084098815918,1500
2016-02-19,38.41999816894531,39.45000076293945,37.90999984741211,38.060001373291016,28.918439865112305,4700
2016-02-22,38.79999923706055,39.70000076293945,38.099998474121094,39.29999923706055,29.860599517822266,4500
2016-02-23,38.90999984741211,40.25,37.56999969482422,39.75,30.20250129699707,2900
2016-02-24,39.150001525878906,40.70000076293945,39.150001525878906,40.70000076293945,30.92433738708496,5000
2016-02-25,40.209999084472656,40.5,39.43000030517578,40.279998779296875,30.605209350585938,3400
2016-02-26,39.5,40.5,39.099998474121094,39.099998474121094,29.70863914489746,1300
2016-02-29,39.63999938964844,40.5,39.63999938964844,40.130001068115234,30.491241455078125,5100
2016-03-01,40.25,40.72999954223633,40.25,40.70000076293945,30.92433738708496,1600
2016-03-02,40.68000030517578,40.70000076293945,40.68000030517578,40.70000076293945,30.92433738708496,500
2016-03-03,40.130001068115234,41.04999923706055,40.130001068115234,40.220001220703125,30.559627532958984,3600
2016-03-04,40.0,40.029998779296875,38.52000045776367,38.75,29.442697525024414,4800
2016-03-07,39.310001373291016,39.86000061035156,39.310001373291016,39.86000061035156,30.286096572875977,1700
2016-03-08,39.849998474121094,39.97999954223633,39.16999816894531,39.16999816894531,29.76181983947754,1600
2016-03-09,39.95000076293945,39.95000076293945,38.68000030517578,38.68000030517578,29.38951873779297,400
2016-03-10,39.18000030517578,39.18000030517578,38.15999984741211,38.58000183105469,29.313520431518555,900
2016-03-11,37.91999816894531,39.0,37.91999816894531,39.0,29.880496978759766,2000
2016-03-14,39.0,39.0,38.02000045776367,38.02000045776367,29.129653930664062,1400
2016-03-15,38.02000045776367,38.040000915527344,38.0099983215332,38.0099983215332,29.12199592590332,1600
2016-03-16,38.5,38.599998474121094,38.5,38.5,29.497426986694336,5100
2016-03-17,37.88999938964844,39.0,37.88999938964844,38.619998931884766,29.589351654052734,14000
2016-03-18,38.52000045776367,38.7400016784668,37.04999923706055,38.34000015258789,29.37483024597168,15200
2016-03-21,37.2599983215332,38.4900016784668,37.2599983215332,37.95000076293945,29.07602882385254,3700
2016-03-22,38.369998931884766,39.0,38.16999816894531,38.849998474121094,29.76556968688965,4800
2016-03-23,38.779998779296875,39.470001220703125,38.77000045776367,39.470001220703125,30.240602493286133,7400
2016-03-24,38.02000045776367,39.4900016784668,38.02000045776367,39.029998779296875,29.903478622436523,1400
2016-03-28,38.619998931884766,39.369998931884766,38.369998931884766,38.7599983215332,29.696617126464844,2300
2016-03-29,38.9900016784668,39.47999954223633,38.04999923706055,39.06999969482422,29.934139251708984,5800
2016-03-30,39.08000183105469,39.2400016784668,38.849998474121094,39.099998474121094,29.957117080688477,2000
2016-03-31,39.0099983215332,39.0099983215332,38.150001525878906,38.20000076293945,29.267580032348633,14700
2016-04-01,38.540000915527344,38.599998474121094,38.29999923706055,38.439998626708984,29.451438903808594,3200
2016-04-04,38.72999954223633,39.5,38.220001220703125,38.79999923706055,29.727272033691406,4900
2016-04-05,38.75,38.79999923706055,38.349998474121094,38.79999923706055,29.727272033691406,2700
2016-04-06,39.5,39.5,38.619998931884766,38.869998931884766,29.7808895111084,2900
2016-04-07,39.5,39.5,38.79999923706055,38.900001525878906,29.803892135620117,2100
2016-04-08,39.0099983215332,39.0099983215332,38.81999969482422,38.959999084472656,29.849843978881836,1300
2016-04-11,38.95000076293945,39.29999923706055,38.95000076293945,39.20000076293945,30.033733367919922,1000
2016-04-12,39.369998931884766,39.5,38.720001220703125,39.4900016784668,30.255929946899414,2600
2016-04-13,38.5099983215332,39.4900016784668,38.5099983215332,39.4900016784668,30.255929946899414,600
2016-04-14,39.060001373291016,39.470001220703125,39.04999923706055,39.470001220703125,30.240602493286133,1400
2016-04-15,39.5,39.5,39.310001373291016,39.310001373291016,30.118013381958008,1200
2016-04-18,39.310001373291016,39.41999816894531,38.65999984741211,38.84000015258789,29.757915496826172,3300
2016-04-19,38.439998626708984,39.0,38.40999984741211,39.0,29.880496978759766,4600
2016-04-20,38.630001068115234,39.0,38.630001068115234,38.97999954223633,29.865171432495117,2900
2016-04-21,38.81999969482422,39.029998779296875,38.81999969482422,39.029998779296875,29.903478622436523,800
2016-04-22,38.58000183105469,39.06999969482422,38.58000183105469,38.630001068115234,29.597023010253906,900
2016-04-25,39.13999938964844,39.2400016784668,38.5,39.150001525878906,29.995424270629883,8300
2016-04-26,38.900001525878906,39.5,38.810001373291016,39.060001373291016,29.926469802856445,3600
2016-04-27,39.5,39.5,38.72999954223633,38.810001373291016,29.73492431640625,1900
2016-04-28,38.40999984741211,38.40999984741211,38.40999984741211,38.40999984741211,29.42845916748047,200
2016-04-29,39.02000045776367,39.02000045776367,39.0099983215332,39.0099983215332,29.88816261291504,700
2016-05-02,38.56999969482422,39.0,38.56999969482422,38.599998474121094,29.57402801513672,1400
2016-05-03,38.619998931884766,38.630001068115234,38.310001373291016,38.630001068115234,29.597023010253906,1300
2016-05-04,37.86000061035156,38.5,37.63999938964844,38.5,29.497426986694336,6500
2016-05-05,37.9900016784668,38.5,37.9900016784668,38.150001525878906,29.2292537689209,4600
2016-05-06,37.95000076293945,38.63999938964844,37.95000076293945,38.20000076293945,29.267580032348633,1100
2016-05-09,38.20000076293945,38.20000076293945,38.20000076293945,38.20000076293945,29.267580032348633,0
2016-05-10,37.75,38.630001068115234,37.75,38.619998931884766,29.589351654052734,900
2016-05-11,38.5,38.5,38.130001068115234,38.279998779296875,29.328859329223633,1700
2016-05-12,38.470001220703125,38.47999954223633,38.470001220703125,38.47999954223633,29.482088088989258,500
2016-05-13,37.72999954223633,37.97999954223633,37.72999954223633,37.97999954223633,29.0990047454834,1000
2016-05-16,37.939998626708984,38.400001525878906,37.86000061035156,38.34000015258789,29.37483024597168,4200
2016-05-17,38.439998626708984,38.83000183105469,38.060001373291016,38.060001373291016,29.160308837890625,2200
2016-05-18,39.0,39.0,38.099998474121094,38.97999954223633,29.865171432495117,3700
2016-05-19,39.0,39.29999923706055,38.70000076293945,39.29999923706055,30.110349655151367,4300
2016-05-20,39.25,39.900001525878906,39.0,39.900001525878906,30.570056915283203,4200
2016-05-23,39.93000030517578,41.04999923706055,39.720001220703125,41.04999923706055,31.45113754272461,7500
2016-05-24,41.04999923706055,41.04999923706055,40.119998931884766,41.04999923706055,31.45113754272461,5100
2016-05-25,41.04999923706055,43.45000076293945,40.720001220703125,43.060001373291016,32.99113845825195,20100
2016-05-26,43.0,44.0,41.810001373291016,43.95000076293945,33.67301559448242,17000
2016-05-27,43.959999084472656,44.0,42.86000061035156,43.7599983215332,33.52745056152344,4300
2016-05-31,43.70000076293945,44.0,43.70000076293945,43.900001525878906,33.63472366333008,4400
2016-06-01,43.720001220703125,43.720001220703125,43.2599983215332,43.34000015258789,33.20567321777344,1000
2016-06-02,43.0,43.0,40.189998626708984,42.20000076293945,32.33223342895508,9000
2016-06-03,42.060001373291016,43.0,39.54999923706055,42.40999984741211,32.49312973022461,6500
2016-06-06,42.29999923706055,42.900001525878906,41.45000076293945,42.56999969482422,32.61570739746094,11900
2016-06-07,42.5,42.75,41.83000183105469,42.5099983215332,32.56975173950195,12100
2016-06-08,42.04999923706055,42.75,39.880001068115234,42.56999969482422,32.61570739746094,6400
2016-06-09,42.38999938964844,42.599998474121094,40.02000045776367,42.43000030517578,32.508445739746094,11200
2016-06-10,42.52000045776367,43.5,41.2400016784668,42.0099983215332,32.1866455078125,17600
2016-06-13,41.72999954223633,43.0,41.650001525878906,42.540000915527344,32.842899322509766,5100
2016-06-14,42.540000915527344,43.25,41.150001525878906,42.310001373291016,32.66533279418945,5300
2016-06-15,41.65999984741211,42.599998474121094,41.650001525878906,42.38999938964844,32.72710037231445,6900
2016-06-16,42.66999816894531,42.88999938964844,41.400001525878906,42.15999984741211,32.549522399902344,7400
2016-06-17,42.060001373291016,43.0,41.470001220703125,41.470001220703125,32.01681137084961,4700
2016-06-20,41.220001220703125,42.209999084472656,39.810001373291016,40.689998626708984,31.414628982543945,9000
2016-06-21,40.540000915527344,41.52000045776367,39.689998626708984,41.52000045776367,32.05541229248047,11900
2016-06-22,41.029998779296875,42.400001525878906,40.529998779296875,42.130001068115234,32.5263671875,12400
2016-06-23,42.66999816894531,42.95000076293945,41.630001068115234,42.56999969482422,32.866058349609375,18400
2016-06-24,41.79999923706055,42.61000061035156,40.150001525878906,41.16999816894531,31.785200119018555,290200
2016-06-27,41.970001220703125,43.40999984741211,40.81999969482422,41.9900016784668,32.418277740478516,22300
2016-06-28,42.459999084472656,43.16999816894531,42.0,42.959999084472656,33.16716384887695,17900
2016-06-29,43.08000183105469,44.81999969482422,43.08000183105469,44.560001373291016,34.402442932128906,17900
2016-06-30,44.9900016784668,46.279998779296875,44.099998474121094,44.7599983215332,34.556846618652344,14000
2016-07-01,44.459999084472656,45.58000183105469,43.75,44.599998474121094,34.43332290649414,9300
2016-07-05,44.15999984741211,44.75,43.43000030517578,44.529998779296875,34.37928771972656,10000
2016-07-06,44.75,44.869998931884766,44.369998931884766,44.869998931884766,34.64177322387695,12800
2016-07-07,44.849998474121094,45.5,44.599998474121094,45.47999954223633,35.11272048950195,5500
2016-07-08,45.2599983215332,46.77000045776367,44.439998626708984,46.7400016784668,36.08550262451172,8900
2016-07-11,44.66999816894531,47.0,44.66999816894531,46.189998626708984,35.66086959838867,16600
2016-07-12,46.689998626708984,46.900001525878906,45.84000015258789,45.9900016784668,35.5064697265625,23300
2016-07-13,45.66999816894531,45.86000061035156,45.09000015258789,45.540000915527344,35.15904235839844,10100
2016-07-14,46.540000915527344,46.540000915527344,45.380001068115234,45.810001373291016,35.36750411987305,5400
2016-07-15,45.81999969482422,45.90999984741211,45.279998779296875,45.88999938964844,35.429264068603516,4700
2016-07-18,45.59000015258789,45.779998779296875,45.04999923706055,45.58000183105469,35.1899299621582,4800
2016-07-19,45.349998474121094,46.290000915527344,45.349998474121094,45.9900016784668,35.5064697265625,5300
2016-07-20,45.099998474121094,46.220001220703125,45.099998474121094,46.220001220703125,35.684024810791016,4900
2016-07-21,45.43000030517578,45.95000076293945,45.0,45.5,35.12815856933594,13600
2016-07-22,45.5,46.5,45.5,46.470001220703125,35.877052307128906,5200
2016-07-25,45.93000030517578,46.5,45.720001220703125,46.5,35.90020751953125,15900
2016-07-26,46.25,46.25,45.56999969482422,46.0,35.51418685913086,16900
2016-07-27,46.099998474121094,46.41999816894531,45.849998474121094,46.0,35.51418685913086,9200
2016-07-28,46.0,46.0,44.4900016784668,45.93000030517578,35.460147857666016,2000
2016-07-29,45.5,45.75,45.0,45.689998626708984,35.27484893798828,10500
2016-08-01,45.650001525878906,45.68000030517578,45.029998779296875,45.400001525878906,35.05096435546875,5800
2016-08-02,45.31999969482422,45.31999969482422,43.66999816894531,44.029998779296875,33.99324035644531,5400
2016-08-03,44.380001068115234,44.97999954223633,44.290000915527344,44.70000076293945,34.510528564453125,3300
2016-08-04,44.459999084472656,44.459999084472656,43.47999954223633,43.65999984741211,33.707576751708984,2900
2016-08-05,44.459999084472656,44.459999084472656,43.84000015258789,44.22999954223633,34.14765930175781,3900
2016-08-08,43.900001525878906,43.970001220703125,43.630001068115234,43.959999084472656,33.9392204284668,1300
2016-08-09,40.380001068115234,43.2400016784668,40.380001068115234,42.97999954223633,33.18259811401367,3800
2016-08-10,42.880001068115234,44.15999984741211,42.880001068115234,43.90999984741211,33.90060806274414,4300
2016-08-11,40.779998779296875,44.290000915527344,40.5,44.25,34.1630973815918,2200
2016-08-12,40.220001220703125,44.439998626708984,40.220001220703125,43.9900016784668,33.96236038208008,12200
2016-08-15,43.65999984741211,43.97999954223633,42.97999954223633,43.97999954223633,33.954647064208984,2900
2016-08-16,43.130001068115234,43.849998474121094,42.5,42.810001373291016,33.05135726928711,14200
2016-08-17,42.900001525878906,43.11000061035156,42.58000183105469,42.939998626708984,33.15172576904297,8800
2016-08-18,43.0099983215332,43.13999938964844,42.66999816894531,42.75,33.00503158569336,1300
2016-08-19,42.61000061035156,43.0,42.599998474121094,43.0,33.19804382324219,4900
2016-08-22,43.65999984741211,43.65999984741211,43.0,43.13999938964844,33.30612564086914,5600
2016-08-23,43.09000015258789,43.09000015258789,43.0099983215332,43.04999923706055,33.236637115478516,1500
2016-08-24,42.9900016784668,42.9900016784668,42.939998626708984,42.939998626708984,33.15172576904297,1000
2016-08-25,42.290000915527344,42.9900016784668,42.290000915527344,42.9900016784668,33.19032287597656,1500
2016-08-26,42.560001373291016,42.560001373291016,42.560001373291016,42.560001373291016,32.85834503173828,300
2016-08-29,42.65999984741211,43.18000030517578,42.65999984741211,43.18000030517578,33.33700942993164,800
2016-08-30,42.9900016784668,42.9900016784668,42.529998779296875,42.529998779296875,32.835174560546875,1400
2016-08-31,42.54999923706055,43.0,42.5,42.5099983215332,32.81974411010742,3800
2016-09-01,42.400001525878906,42.5,40.65999984741211,42.18000030517578,32.56496810913086,3200
2016-09-02,42.599998474121094,42.7400016784668,42.5,42.689998626708984,32.958709716796875,2900
2016-09-06,42.5099983215332,43.13999938964844,42.5099983215332,42.97999954223633,33.18259811401367,2000
2016-09-07,43.0,43.41999816894531,42.66999816894531,43.150001525878906,33.31385040283203,2100
2016-09-08,43.68000030517578,43.68000030517578,43.29999923706055,43.47999954223633,33.56863784790039,2900
2016-09-09,43.060001373291016,43.650001525878906,42.75,42.810001373291016,33.05135726928711,4700
2016-09-12,42.790000915527344,43.4900016784668,42.7599983215332,43.4900016784668,33.576351165771484,2800
2016-09-13,43.20000076293945,43.93000030517578,42.75,42.77000045776367,33.26523971557617,4200
2016-09-14,42.77000045776367,42.95000076293945,42.75,42.7599983215332,33.2574577331543,2800
2016-09-15,42.810001373291016,43.689998626708984,42.810001373291016,43.689998626708984,33.98078918457031,1200
2016-09-16,43.7400016784668,43.7400016784668,42.75,43.06999969482422,33.498558044433594,8500
2016-09-19,43.150001525878906,43.150001525878906,42.77000045776367,42.900001525878906,33.36635208129883,4600
2016-09-20,43.029998779296875,43.029998779296875,43.029998779296875,43.029998779296875,33.46745681762695,600
2016-09-21,42.880001068115234,43.5099983215332,42.7599983215332,43.20000076293945,33.59968566894531,6400
2016-09-22,43.150001525878906,43.150001525878906,42.7599983215332,42.97999954223633,33.42856979370117,3100
2016-09-23,42.75,42.75,42.75,42.75,33.249691009521484,1000
2016-09-26,42.900001525878906,43.90999984741211,42.77000045776367,42.779998779296875,33.27302551269531,2000
2016-09-27,42.75,42.849998474121094,42.75,42.849998474121094,33.32746124267578,1800
2016-09-28,43.04999923706055,43.04999923706055,42.599998474121094,42.790000915527344,33.280792236328125,4900
2016-09-29,42.84000015258789,43.0,42.70000076293945,42.880001068115234,33.35079574584961,4600
2016-09-30,42.880001068115234,43.310001373291016,42.599998474121094,43.08000183105469,33.506343841552734,4000
2016-10-03,42.90999984741211,42.970001220703125,42.779998779296875,42.84000015258789,33.319679260253906,3700
2016-10-04,42.93000030517578,42.93000030517578,42.93000030517578,42.93000030517578,33.38969039916992,800
2016-10-05,43.04999923706055,43.04999923706055,43.04999923706055,43.04999923706055,33.48300552368164,300
2016-10-06,42.790000915527344,42.93000030517578,42.75,42.81999969482422,33.30413055419922,1500
2016-10-07,43.619998931884766,43.630001068115234,42.75,42.75,33.249691009521484,1700
2016-10-10,42.650001525878906,43.209999084472656,42.650001525878906,43.209999084472656,33.60746383666992,2600
2016-10-11,43.36000061035156,43.630001068115234,42.75,42.93000030517578,33.38969039916992,9500
2016-10-12,43.779998779296875,43.779998779296875,42.869998931884766,42.869998931884766,33.343013763427734,2700
2016-10-13,42.79999923706055,43.20000076293945,42.75,42.81999969482422,33.30413055419922,7000
2016-10-14,42.689998626708984,42.97999954223633,42.61000061035156,42.61000061035156,33.14079666137695,2600
2016-10-17,42.75,42.75,42.16999816894531,42.540000915527344,33.086360931396484,3800
2016-10-18,42.93000030517578,42.93000030517578,42.93000030517578,42.93000030517578,33.38969039916992,400
2016-10-19,42.84000015258789,42.84000015258789,42.38999938964844,42.38999938964844,32.96968460083008,1200
2016-10-20,44.189998626708984,44.189998626708984,42.63999938964844,42.63999938964844,33.16413497924805,1000
2016-10-21,41.84000015258789,42.40999984741211,41.84000015258789,42.40999984741211,32.9852409362793,2000
2016-10-24,40.0099983215332,42.720001220703125,40.0099983215332,42.220001220703125,32.83747482299805,17400
2016-10-25,42.279998779296875,43.54999923706055,41.619998931884766,42.33000183105469,32.92301940917969,6400
2016-10-26,42.029998779296875,42.95000076293945,41.20000076293945,42.290000915527344,32.89190673828125,7400
2016-10-27,41.56999969482422,42.939998626708984,41.279998779296875,42.0,32.666358947753906,9400
2016-10-28,42.08000183105469,42.58000183105469,41.599998474121094,42.58000183105469,33.117462158203125,7700
2016-10-31,42.400001525878906,42.400001525878906,41.75,41.79999923706055,32.51079559326172,4300
2016-11-01,41.75,42.54999923706055,41.150001525878906,41.849998474121094,32.549678802490234,9400
2016-11-02,41.349998474121094,42.0,41.29999923706055,41.95000076293945,32.62746047973633,4200
2016-11-03,41.79999923706055,42.150001525878906,41.400001525878906,41.900001525878906,32.588565826416016,4200
2016-11-04,41.79999923706055,41.849998474121094,41.0,41.0,31.888587951660156,2300
2016-11-07,41.400001525878906,42.150001525878906,41.400001525878906,42.150001525878906,32.783023834228516,2800
2016-11-08,41.900001525878906,42.400001525878906,41.900001525878906,42.29999923706055,32.89969253540039,2000
2016-11-09,42.45000076293945,42.599998474121094,41.25,41.5,32.2774772644043,13900
2016-11-10,41.650001525878906,43.099998474121094,41.25,42.70000076293945,33.21080017089844,11100
2016-11-11,42.349998474121094,42.650001525878906,41.599998474121094,42.349998474121094,32.93857192993164,23000
2016-11-14,42.5,42.5,42.18000030517578,42.5,33.055240631103516,4000
2016-11-15,42.5,43.20000076293945,41.5,42.349998474121094,32.93857192993164,9000
2016-11-16,41.95000076293945,42.349998474121094,41.400001525878906,42.349998474121094,32.93857192993164,12400
2016-11-17,42.29999923706055,42.650001525878906,42.099998474121094,42.20000076293945,32.8218994140625,3700
2016-11-18,42.29999923706055,43.45000076293945,42.04999923706055,43.150001525878906,33.560791015625,4600
2016-11-21,43.0,43.95000076293945,41.75,43.04999923706055,33.48300552368164,23200
2016-11-22,43.25,44.849998474121094,43.25,44.54999923706055,34.64967346191406,7100
2016-11-23,44.400001525878906,49.29999923706055,43.849998474121094,46.150001525878906,35.894107818603516,44100
2016-11-25,45.79999923706055,47.29999923706055,44.849998474121094,45.70000076293945,35.544105529785156,55200
2016-11-28,45.5,45.5,44.150001525878906,44.95000076293945,34.96076965332031,9400
2016-11-29,46.0,46.29999923706055,45.0,45.0,34.99966812133789,3700
2016-11-30,45.650001525878906,46.0,44.70000076293945,45.099998474121094,35.077449798583984,6200
2016-12-01,45.0,45.79999923706055,44.0,44.0,34.221893310546875,12300
2016-12-02,44.0,45.75,44.0,44.75,34.80521774291992,3300
2016-12-05,44.70000076293945,46.349998474121094,44.70000076293945,46.349998474121094,36.04965591430664,6200
2016-12-06,46.75,46.75,44.20000076293945,45.900001525878906,35.69965744018555,14400
2016-12-07,45.04999923706055,47.150001525878906,45.04999923706055,46.29999923706055,36.01075744628906,3100
2016-12-08,47.20000076293945,48.95000076293945,47.0,48.5,37.721866607666016,11000
2016-12-09,48.45000076293945,50.060001373291016,48.45000076293945,49.599998474121094,38.5774040222168,24400
2016-12-12,49.5,49.54999923706055,48.65999984741211,49.25,38.30519104003906,8300
2016-12-13,50.0,51.29999923706055,49.70000076293945,49.70000076293945,38.91593551635742,19100
2016-12-14,49.900001525878906,50.599998474121094,49.599998474121094,49.79999923706055,38.99425506591797,7800
2016-12-15,50.0,50.0,49.75,49.75,38.95509719848633,2600
2016-12-16,50.099998474121094,50.099998474121094,48.5099983215332,49.849998474121094,39.03339385986328,14600
2016-12-19,49.900001525878906,51.650001525878906,47.560001373291016,50.349998474121094,39.42490005493164,26900
2016-12-20,50.54999923706055,51.5,50.0,50.0,39.150848388671875,8300
2016-12-21,50.5099983215332,53.400001525878906,50.400001525878906,51.45000076293945,40.286224365234375,19900
2016-12-22,52.20000076293945,52.20000076293945,49.900001525878906,49.900001525878906,39.07255554199219,8000
2016-12-23,50.20000076293945,51.150001525878906,49.16999816894531,51.150001525878906,40.05131530761719,7700
2016-12-27,50.599998474121094,51.150001525878906,48.79999923706055,49.20000076293945,38.52444076538086,15300
2016-12-28,48.0,49.45000076293945,48.0,49.099998474121094,38.446128845214844,7100
2016-12-29,50.0,50.0,50.0,50.0,39.150848388671875,1700
2016-12-30,49.849998474121094,49.849998474121094,49.150001525878906,49.849998474121094,39.03339385986328,4000
2017-01-03,50.099998474121094,50.099998474121094,48.25,48.25,37.78056335449219,2100
2017-01-04,49.400001525878906,49.400001525878906,48.0,48.849998474121094,38.2503776550293,14200
2017-01-05,48.75,49.25,47.599998474121094,47.599998474121094,37.2716064453125,8600
2017-01-06,47.95000076293945,48.650001525878906,47.0,47.45000076293945,37.15415573120117,4600
2017-01-09,47.25,48.349998474121094,46.0,46.45000076293945,36.37114334106445,7300
2017-01-10,46.150001525878906,47.599998474121094,46.099998474121094,47.25,36.99754333496094,5200
2017-01-11,47.0,47.20000076293945,46.70000076293945,46.70000076293945,36.56689453125,4400
2017-01-12,46.54999923706055,46.54999923706055,46.400001525878906,46.400001525878906,36.33198547363281,2500
2017-01-13,47.20000076293945,47.25,46.400001525878906,46.75,36.60604476928711,7500
2017-01-17,46.349998474121094,46.75,45.04999923706055,45.400001525878906,35.548980712890625,8500
2017-01-18,46.099998474121094,46.20000076293945,45.25,45.29999923706055,35.470664978027344,13400
2017-01-19,45.54999923706055,45.54999923706055,44.75,44.75,35.04000473022461,4200
2017-01-20,44.95000076293945,45.20000076293945,44.45000076293945,45.20000076293945,35.39237594604492,3700
2017-01-23,44.95000076293945,44.95000076293945,44.95000076293945,44.95000076293945,35.19660949707031,700
2017-01-24,46.04999923706055,46.04999923706055,44.599998474121094,44.900001525878906,35.15746307373047,5000
2017-01-25,44.7599983215332,45.5,44.7599983215332,44.900001525878906,35.15746307373047,5200
2017-01-26,44.75,46.25,44.349998474121094,45.400001525878906,35.548980712890625,11400
2017-01-27,46.0,47.349998474121094,45.099998474121094,46.20000076293945,36.175392150878906,23900
2017-01-30,46.0,46.95000076293945,43.849998474121094,44.25,34.64850616455078,56800
2017-01-31,44.29999923706055,44.29999923706055,42.25,43.349998474121094,33.943782806396484,9400
2017-02-01,43.79999923706055,45.29999923706055,43.310001373291016,44.54999923706055,34.8834114074707,5000
2017-02-02,44.70000076293945,46.29999923706055,44.70000076293945,45.849998474121094,35.90133285522461,4100
2017-02-03,47.5,47.5,46.95000076293945,47.29999923706055,37.03670120239258,5600
2017-02-06,45.900001525878906,47.77000045776367,45.900001525878906,47.29999923706055,37.03670120239258,10400
2017-02-07,47.04999923706055,47.04999923706055,46.45000076293945,46.45000076293945,36.37114334106445,1100
2017-02-08,46.70000076293945,47.150001525878906,45.599998474121094,47.0,36.80179214477539,10500
2017-02-09,47.29999923706055,47.900001525878906,47.29999923706055,47.900001525878906,37.50651168823242,3200
2017-02-10,47.900001525878906,49.2599983215332,47.5,48.0,37.58482360839844,4200
2017-02-13,48.599998474121094,48.599998474121094,48.04999923706055,48.04999923706055,37.623966217041016,1500
2017-02-14,48.0,48.25,47.97999954223633,48.0,37.58482360839844,4000
2017-02-15,47.900001525878906,48.18000030517578,47.529998779296875,48.099998474121094,37.663116455078125,2600
2017-02-16,48.29999923706055,48.29999923706055,47.650001525878906,48.099998474121094,37.663116455078125,2500
2017-02-17,48.25,48.25,47.29999923706055,47.70000076293945,37.349910736083984,4000
2017-02-21,47.4900016784668,48.0,47.20000076293945,47.599998474121094,37.2716064453125,1400
2017-02-22,47.25,48.0,47.25,48.0,37.58482360839844,1600
2017-02-23,47.97999954223633,48.099998474121094,47.5,48.099998474121094,37.663116455078125,1700
2017-02-24,47.5,48.20000076293945,47.29999923706055,48.20000076293945,37.74141311645508,6000
2017-02-27,47.75,48.31999969482422,47.650001525878906,47.95000076293945,37.54566192626953,3400
2017-02-28,47.5,47.5,47.25,47.5,37.19330596923828,3300
2017-03-01,47.130001068115234,48.0,47.130001068115234,48.0,37.58482360839844,8500
2017-03-02,47.70000076293945,48.400001525878906,47.150001525878906,47.95000076293945,37.54566192626953,2300
2017-03-03,47.95000076293945,47.95000076293945,47.70000076293945,47.70000076293945,37.349910736083984,1000
2017-03-06,47.150001525878906,47.54999923706055,47.150001525878906,47.29999923706055,37.03670120239258,3000
2017-03-07,47.04999923706055,47.04999923706055,46.45000076293945,46.70000076293945,36.56689453125,1900
2017-03-08,47.04999923706055,47.04999923706055,46.349998474121094,46.599998474121094,36.488582611083984,2300
2017-03-09,46.650001525878906,47.150001525878906,45.75,46.29999923706055,36.25367736816406,2200
2017-03-10,45.79999923706055,46.650001525878906,45.25,46.0,36.01877212524414,10200
2017-03-13,45.849998474121094,46.349998474121094,43.130001068115234,43.650001525878906,34.4256591796875,32800
2017-03-14,43.5,45.099998474121094,43.5,44.849998474121094,35.37206268310547,6400
2017-03-15,44.52000045776367,45.0,44.52000045776367,44.75,35.29319763183594,3800
2017-03-16,44.650001525878906,45.75,44.2599983215332,45.099998474121094,35.56923294067383,8800
2017-03-17,44.95000076293945,45.45000076293945,44.95000076293945,45.45000076293945,35.84527587890625,6500
2017-03-20,46.25,46.5,45.849998474121094,45.849998474121094,36.160743713378906,2200
2017-03-21,46.0,46.04999923706055,45.54999923706055,45.54999923706055,35.924137115478516,4800
2017-03-22,45.70000076293945,45.70000076293945,44.0,44.04999923706055,34.74113082885742,4100
2017-03-23,43.75,44.95000076293945,43.75,44.95000076293945,35.450931549072266,2900
2017-03-24,44.540000915527344,45.650001525878906,44.5,44.650001525878906,35.21433639526367,3500
2017-03-27,44.0099983215332,45.400001525878906,44.0099983215332,45.0,35.49036407470703,1600
2017-03-28,45.400001525878906,45.400001525878906,45.400001525878906,45.400001525878906,35.80583572387695,600
2017-03-29,45.599998474121094,46.150001525878906,45.349998474121094,45.95000076293945,36.23961639404297,3300
2017-03-30,45.54999923706055,45.54999923706055,45.54999923706055,45.54999923706055,35.924137115478516,1200
2017-03-31,46.349998474121094,46.349998474121094,45.369998931884766,46.29999923706055,36.51563262939453,13300
2017-04-03,46.5,46.5,45.70000076293945,46.400001525878906,36.59452438354492,8300
2017-04-04,46.20000076293945,46.400001525878906,46.20000076293945,46.400001525878906,36.59452438354492,1500
2017-04-05,46.5,47.099998474121094,46.400001525878906,46.400001525878906,36.59452438354492,2500
2017-04-06,45.5,47.5,45.5,47.5,37.46204376220703,7700
2017-04-07,47.349998474121094,47.58000183105469,45.86000061035156,47.0,37.06771469116211,7200
2017-04-10,46.75,48.0,46.75,47.349998474121094,37.343753814697266,8500
2017-04-11,47.79999923706055,47.849998474121094,47.5,47.5,37.46204376220703,1900
2017-04-12,48.0,48.54999923706055,48.0,48.25,38.053565979003906,4000
2017-04-13,48.400001525878906,48.45000076293945,47.0,47.25,37.2648811340332,7300
2017-04-17,47.54999923706055,48.20000076293945,47.22999954223633,48.20000076293945,38.01412582397461,3900
2017-04-18,48.400001525878906,49.04999923706055,48.400001525878906,48.900001525878906,38.56620407104492,4100
2017-04-19,49.150001525878906,49.29999923706055,48.650001525878906,48.650001525878906,38.36903381347656,2600
2017-04-20,48.70000076293945,49.04999923706055,48.540000915527344,48.95000076293945,38.60563278198242,3200
2017-04-21,48.79999923706055,49.599998474121094,47.209999084472656,49.599998474121094,39.1182746887207,4300
2017-04-24,49.70000076293945,52.0,48.7599983215332,51.0,40.222415924072266,9500
2017-04-25,49.099998474121094,51.45000076293945,49.099998474121094,50.79999923706055,40.06468200683594,4000
2017-04-26,50.79999923706055,51.5,49.599998474121094,50.849998474121094,40.1041145324707,8500
2017-04-27,51.04999923706055,51.47999954223633,51.04999923706055,51.25,40.41958999633789,3800
2017-04-28,50.849998474121094,51.0,50.0,50.0,39.433746337890625,2600
2017-05-01,50.45000076293945,50.5,50.04999923706055,50.5,39.82807540893555,3500
2017-05-02,49.5,50.5,49.5,50.099998474121094,39.512611389160156,2600
2017-05-03,49.779998779296875,50.099998474121094,49.650001525878906,49.849998474121094,39.31543731689453,4000
2017-05-04,49.900001525878906,50.349998474121094,48.72999954223633,50.349998474121094,39.709774017333984,2600
2017-05-05,49.5,49.849998474121094,47.29999923706055,49.45000076293945,38.999969482421875,3400
2017-05-08,48.29999923706055,49.0,47.560001373291016,48.54999923706055,38.29017639160156,5600
2017-05-09,48.849998474121094,48.849998474121094,48.189998626708984,48.29999923706055,38.092994689941406,900
2017-05-10,48.45000076293945,48.45000076293945,48.349998474121094,48.349998474121094,38.13243103027344,1000
2017-05-11,48.349998474121094,48.54999923706055,48.349998474121094,48.349998474121094,38.13243103027344,1400
2017-05-12,47.70000076293945,47.70000076293945,47.29999923706055,47.29999923706055,37.3043212890625,1500
2017-05-15,47.650001525878906,48.150001525878906,47.650001525878906,47.79999923706055,37.69866180419922,1600
2017-05-16,47.0,48.70000076293945,47.0,48.0,37.85639953613281,3300
2017-05-17,47.029998779296875,47.349998474121094,47.0,47.0,37.06771469116211,4400
2017-05-18,47.54999923706055,48.150001525878906,47.29999923706055,47.5,37.46204376220703,4000
2017-05-19,47.650001525878906,48.70000076293945,47.29999923706055,47.349998474121094,37.343753814697266,15400
2017-05-22,47.45000076293945,48.29999923706055,47.099998474121094,48.29999923706055,38.092994689941406,11400
2017-05-23,47.70000076293945,48.400001525878906,47.70000076293945,48.400001525878906,38.1718635559082,3400
2017-05-24,48.54999923706055,48.54999923706055,47.68000030517578,48.150001525878906,37.97469711303711,6000
2017-05-25,48.70000076293945,48.849998474121094,47.900001525878906,48.400001525878906,38.1718635559082,4100
2017-05-26,48.150001525878906,48.54999923706055,48.150001525878906,48.5,38.25074768066406,1800
2017-05-30,47.75,47.75,47.5,47.5,37.46204376220703,500
2017-05-31,47.95000076293945,48.599998474121094,47.95000076293945,48.150001525878906,37.97469711303711,6200
2017-06-01,48.29999923706055,48.900001525878906,48.0,48.849998474121094,38.52676010131836,5000
2017-06-02,49.150001525878906,49.75,48.0,49.0,38.64506530761719,9200
2017-06-05,49.45000076293945,49.45000076293945,48.25,48.25,38.053565979003906,3700
2017-06-06,47.75,48.099998474121094,47.75,47.75,37.65922927856445,1400
2017-06-07,47.95000076293945,48.150001525878906,47.20000076293945,47.54999923706055,37.50149917602539,5600
2017-06-08,47.0,48.099998474121094,47.0,48.0,37.85639953613281,4000
2017-06-09,48.400001525878906,48.5,48.0,48.0,37.85639953613281,6700
2017-06-12,48.04999923706055,48.75,48.04999923706055,48.599998474121094,38.32959747314453,2000
2017-06-13,48.70000076293945,48.70000076293945,47.849998474121094,48.150001525878906,38.234310150146484,5700
2017-06-14,48.45000076293945,48.45000076293945,47.54999923706055,48.400001525878906,38.432830810546875,4400
2017-06-15,48.75,48.95000076293945,47.7599983215332,48.0,38.115203857421875,7700
2017-06-16,47.599998474121094,48.25,47.5,47.95000076293945,38.07549285888672,10700
2017-06-19,47.79999923706055,48.70000076293945,47.79999923706055,48.099998474121094,38.194602966308594,6500
2017-06-20,48.5,48.5,47.54999923706055,48.0,38.115203857421875,6300
2017-06-21,48.54999923706055,48.849998474121094,47.650001525878906,48.099998474121094,38.194602966308594,5200
2017-06-22,48.849998474121094,49.04999923706055,47.54999923706055,47.79999923706055,37.956390380859375,5200
2017-06-23,47.79999923706055,48.400001525878906,47.0,47.0,37.32112503051758,22700
2017-06-26,47.099998474121094,47.43000030517578,47.0,47.0,37.32112503051758,2400
2017-06-27,47.04999923706055,47.400001525878906,46.900001525878906,47.0,37.32112503051758,5100
2017-06-28,47.599998474121094,48.7400016784668,47.25,47.349998474121094,37.599056243896484,15600
2017-06-29,47.689998626708984,47.689998626708984,46.849998474121094,47.0,37.32112503051758,6200
2017-06-30,47.25,47.54999923706055,46.650001525878906,46.900001525878906,37.24171829223633,12300
2017-07-03,47.0,47.45000076293945,46.79999923706055,47.29999923706055,37.559349060058594,2900
2017-07-05,47.25,48.0,47.099998474121094,47.95000076293945,38.07549285888672,12700
2017-07-06,47.79999923706055,49.150001525878906,47.650001525878906,48.79999923706055,38.75045394897461,6400
2017-07-07,48.5,49.5,48.0,48.79999923706055,38.75045394897461,25900
2017-07-10,48.79999923706055,48.900001525878906,48.54999923706055,48.54999923706055,38.55194854736328,3600
2017-07-11,48.650001525878906,48.70000076293945,47.900001525878906,48.400001525878906,38.432830810546875,3800
2017-07-12,48.599998474121094,49.25,48.04999923706055,49.099998474121094,38.98867416381836,9900
2017-07-13,48.650001525878906,49.400001525878906,48.650001525878906,49.20000076293945,39.06807327270508,7200
2017-07-14,49.04999923706055,49.20000076293945,48.70000076293945,48.95000076293945,38.86956024169922,9300
2017-07-17,48.599998474121094,49.650001525878906,48.060001373291016,49.349998474121094,39.18718719482422,9400
2017-07-18,49.20000076293945,49.25,48.900001525878906,49.04999923706055,38.948970794677734,3500
2017-07-19,49.20000076293945,49.29999923706055,49.0,49.29999923706055,39.147483825683594,1500
2017-07-20,47.779998779296875,49.150001525878906,47.779998779296875,49.04999923706055,38.948970794677734,2200
2017-07-21,49.29999923706055,50.25,48.849998474121094,48.849998474121094,38.79015350341797,11700
2017-07-24,49.150001525878906,49.400001525878906,48.900001525878906,48.95000076293945,38.86956024169922,2700
2017-07-25,49.099998474121094,49.75,48.849998474121094,48.849998474121094,38.79015350341797,2900
2017-07-26,49.099998474121094,50.0,49.0099983215332,49.849998474121094,39.58422088623047,4800
2017-07-27,49.95000076293945,50.25,49.70000076293945,49.79999923706055,39.544517517089844,8400
2017-07-28,50.150001525878906,50.25,49.45000076293945,50.04999923706055,39.74303436279297,4000
2017-07-31,49.95000076293945,50.08000183105469,49.79999923706055,49.79999923706055,39.544517517089844,3600
2017-08-01,50.04999923706055,50.04999923706055,49.900001525878906,50.0,39.703330993652344,4800
2017-08-02,49.04999923706055,49.75,49.04999923706055,49.54999923706055,39.34600830078125,3600
2017-08-03,49.25,49.70000076293945,49.25,49.349998474121094,39.18718719482422,1900
2017-08-04,49.5,49.650001525878906,49.349998474121094,49.650001525878906,39.425411224365234,3000
2017-08-07,49.349998474121094,49.650001525878906,49.150001525878906,49.349998474121094,39.18718719482422,3000
2017-08-08,49.04999923706055,49.54999923706055,49.04999923706055,49.54999923706055,39.34600830078125,1700
2017-08-09,49.29999923706055,49.45000076293945,49.060001373291016,49.150001525878906,39.028377532958984,3300
2017-08-10,49.04999923706055,49.150001525878906,48.70000076293945,48.79999923706055,38.75045394897461,8600
2017-08-11,48.95000076293945,48.95000076293945,47.75,48.5,38.51224899291992,5800
2017-08-14,48.849998474121094,49.0,48.54999923706055,48.95000076293945,38.86956024169922,7900
2017-08-15,48.900001525878906,49.20000076293945,48.459999084472656,48.54999923706055,38.55194854736328,2600
2017-08-16,48.75,48.95000076293945,47.900001525878906,48.150001525878906,38.234310150146484,7500
2017-08-17,48.349998474121094,48.75,47.75,48.0,38.115203857421875,12900
2017-08-18,47.70000076293945,48.099998474121094,47.29999923706055,47.29999923706055,37.559349060058594,11900
2017-08-21,47.29999923706055,47.650001525878906,47.0,47.150001525878906,37.44024658203125,3400
2017-08-22,47.25,47.400001525878906,47.20000076293945,47.400001525878906,37.638763427734375,1100
2017-08-23,47.45000076293945,47.47999954223633,46.900001525878906,47.099998474121094,37.40053176879883,1600
2017-08-24,47.20000076293945,47.20000076293945,47.20000076293945,47.20000076293945,37.47995376586914,600
2017-08-25,47.45000076293945,47.45000076293945,47.349998474121094,47.349998474121094,37.599056243896484,600
2017-08-28,47.380001068115234,47.45000076293945,47.150001525878906,47.29999923706055,37.559349060058594,3200
2017-08-29,47.150001525878906,47.150001525878906,47.150001525878906,47.150001525878906,37.44024658203125,700
2017-08-30,47.099998474121094,47.5,46.45000076293945,47.0,37.32112503051758,14900
2017-08-31,47.20000076293945,47.70000076293945,46.650001525878906,46.849998474121094,37.2020149230957,14700
2017-09-01,47.0,47.70000076293945,47.0,47.70000076293945,37.87698745727539,2600
2017-09-05,47.79999923706055,47.849998474121094,46.779998779296875,46.849998474121094,37.2020149230957,17800
2017-09-06,47.04999923706055,47.5,46.68000030517578,46.79999923706055,37.16231918334961,13700
2017-09-07,46.95000076293945,47.54999923706055,46.75,47.150001525878906,37.44024658203125,22900
2017-09-08,47.0,47.349998474121094,46.79999923706055,47.04999923706055,37.36083221435547,3100
2017-09-11,47.0,47.599998474121094,47.0,47.45000076293945,37.678462982177734,8800
2017-09-12,47.54999923706055,48.45000076293945,47.25,48.0,38.115203857421875,21100
2017-09-13,48.0,48.5,47.75,48.5,38.51224899291992,2200
2017-09-14,48.70000076293945,48.70000076293945,48.20000076293945,48.70000076293945,38.93597412109375,9000
2017-09-15,48.70000076293945,49.400001525878906,48.54999923706055,49.25,39.375694274902344,13800
2017-09-18,48.5,50.650001525878906,48.5,50.25,40.175209045410156,7700
2017-09-19,49.900001525878906,52.0,49.900001525878906,51.75,41.37445831298828,10900
2017-09-20,51.25,52.849998474121094,51.25,52.650001525878906,42.09402847290039,26000
2017-09-21,52.650001525878906,53.25,52.349998474121094,52.900001525878906,42.29390335083008,12700
2017-09-22,52.75,53.29999923706055,52.54999923706055,52.95000076293945,42.333866119384766,16200
2017-09-25,53.20000076293945,54.0,52.099998474121094,52.79999923706055,42.21393585205078,9700
2017-09-26,52.75,53.29999923706055,52.04999923706055,53.0,42.37384796142578,5600
2017-09-27,53.20000076293945,54.5,53.20000076293945,54.04999923706055,43.21332931518555,17900
2017-09-28,52.849998474121094,55.79999923706055,52.849998474121094,54.79999923706055,43.81296157836914,19000
2017-09-29,55.099998474121094,55.79999923706055,54.54999923706055,55.0,43.97286605834961,19800
2017-10-02,54.79999923706055,56.54999923706055,54.36000061035156,56.54999923706055,45.212093353271484,15300
2017-10-03,55.79999923706055,57.04999923706055,55.7599983215332,56.5,45.172115325927734,14100
2017-10-04,56.79999923706055,57.25,56.75,56.849998474121094,45.45195007324219,11300
2017-10-05,57.04999923706055,57.70000076293945,56.150001525878906,57.20000076293945,45.731773376464844,7500
2017-10-06,57.0,57.0,56.04999923706055,56.70000076293945,45.332027435302734,6700
2017-10-09,56.04999923706055,57.29999923706055,56.04999923706055,56.95000076293945,45.53190231323242,4000
2017-10-10,56.79999923706055,58.349998474121094,56.79999923706055,58.20000076293945,46.531288146972656,9700
2017-10-11,58.04999923706055,59.70000076293945,57.900001525878906,58.70000076293945,46.931026458740234,27100
2017-10-12,58.650001525878906,59.2599983215332,57.599998474121094,57.849998474121094,46.25145721435547,14700
2017-10-13,57.45000076293945,58.650001525878906,57.45000076293945,58.650001525878906,46.89106369018555,3400
2017-10-16,58.349998474121094,59.150001525878906,58.150001525878906,59.099998474121094,47.2508430480957,4500
2017-10-17,59.099998474121094,59.099998474121094,58.349998474121094,58.349998474121094,46.65120315551758,2200
2017-10-18,58.45000076293945,59.599998474121094,57.95000076293945,58.650001525878906,46.89106369018555,13200
2017-10-19,58.150001525878906,59.95000076293945,58.0,59.04999923706055,47.21086502075195,25200
2017-10-20,59.650001525878906,59.900001525878906,58.400001525878906,58.54999923706055,46.81111145019531,22800
2017-10-23,59.529998779296875,59.529998779296875,58.20000076293945,58.25,46.571258544921875,8400
2017-10-24,58.25,59.79999923706055,58.11000061035156,59.79999923706055,47.81050109863281,17800
2017-10-25,59.400001525878906,60.58000183105469,59.20000076293945,59.599998474121094,47.65058898925781,16200
2017-10-26,59.150001525878906,60.25,59.150001525878906,60.150001525878906,48.090335845947266,3500
2017-10-27,58.7599983215332,60.150001525878906,58.29999923706055,58.54999923706055,46.81111145019531,5500
2017-10-30,57.849998474121094,58.869998931884766,57.400001525878906,57.400001525878906,45.89167404174805,4500
2017-10-31,56.400001525878906,59.29999923706055,55.79999923706055,58.0,46.37138748168945,27100
2017-11-01,57.95000076293945,58.25,57.150001525878906,58.150001525878906,46.49131393432617,13200
2017-11-02,57.36000061035156,59.650001525878906,57.36000061035156,58.95000076293945,47.130916595458984,9800
2017-11-03,59.0,59.0,58.599998474121094,58.599998474121094,46.851078033447266,3200
2017-11-06,58.349998474121094,58.900001525878906,58.04999923706055,58.400001525878906,46.69118118286133,5100
2017-11-07,58.25,58.349998474121094,56.400001525878906,57.04999923706055,45.611846923828125,18100
2017-11-08,56.75,56.75,53.65999984741211,56.29999923706055,45.01222229003906,26300
2017-11-09,55.70000076293945,57.400001525878906,54.70000076293945,56.95000076293945,45.53190231323242,22600
2017-11-10,57.150001525878906,57.650001525878906,57.150001525878906,57.29999923706055,45.811729431152344,2100
2017-11-13,56.54999923706055,57.95000076293945,56.54999923706055,57.900001525878906,46.29143524169922,6000
2017-11-14,57.45000076293945,58.099998474121094,57.400001525878906,57.79999923706055,46.21148681640625,8100
2017-11-15,58.25,60.0,57.29999923706055,58.95000076293945,47.130916595458984,12600
2017-11-16,58.75,60.70000076293945,58.75,59.900001525878906,47.89044189453125,14400
2017-11-17,59.400001525878906,59.400001525878906,58.349998474121094,59.04999923706055,47.21086502075195,4900
2017-11-20,58.95000076293945,59.099998474121094,58.95000076293945,59.0,47.170894622802734,5200
2017-11-21,58.79999923706055,60.0,58.79999923706055,60.0,47.97039794921875,10500
2017-11-22,60.20000076293945,60.349998474121094,59.54999923706055,59.54999923706055,47.610618591308594,6100
2017-11-24,59.54999923706055,60.70000076293945,58.599998474121094,58.599998474121094,46.851078033447266,22300
2017-11-27,59.099998474121094,59.25,57.70000076293945,57.70000076293945,46.13153076171875,8000
2017-11-28,57.599998474121094,59.04999923706055,57.599998474121094,58.5,46.771141052246094,11700
2017-11-29,58.400001525878906,60.08000183105469,58.400001525878906,59.75,47.770511627197266,14000
2017-11-30,59.5,61.650001525878906,59.5,60.0,47.97039794921875,11600
2017-12-01,60.20000076293945,61.20000076293945,58.900001525878906,60.650001525878906,48.49006652832031,4600
2017-12-04,61.0,61.70000076293945,60.5,60.54999923706055,48.41011047363281,4400
2017-12-05,60.5,61.650001525878906,60.04999923706055,61.650001525878906,49.28958511352539,5400
2017-12-06,61.75,62.79999923706055,60.95000076293945,61.54999923706055,49.20962905883789,9400
2017-12-07,62.400001525878906,63.400001525878906,62.279998779296875,62.349998474121094,49.8492317199707,5200
2017-12-08,62.95000076293945,62.95000076293945,61.20000076293945,61.400001525878906,49.08971405029297,3900
2017-12-11,61.20000076293945,61.400001525878906,60.75,61.29999923706055,49.00975036621094,3400
2017-12-12,61.04999923706055,62.0,61.04999923706055,61.349998474121094,49.049739837646484,3000
2017-12-13,61.900001525878906,62.150001525878906,61.599998474121094,61.849998474121094,49.44948196411133,4200
2017-12-14,62.099998474121094,62.29999923706055,59.86000061035156,60.45000076293945,48.597312927246094,7100
2017-12-15,60.400001525878906,63.150001525878906,58.18000030517578,63.150001525878906,50.767921447753906,18000
2017-12-18,63.20000076293945,65.05000305175781,63.0,64.0,51.451255798339844,9800
2017-12-19,63.79999923706055,63.79999923706055,60.529998779296875,60.95000076293945,48.9992790222168,5900
2017-12-20,61.25,62.20000076293945,60.650001525878906,61.900001525878906,49.76301956176758,6400
2017-12-21,61.70000076293945,61.70000076293945,61.25,61.54999923706055,49.48163604736328,1500
2017-12-22,61.54999923706055,61.54999923706055,60.849998474121094,61.20000076293945,49.20027160644531,3600
2017-12-26,60.04999923706055,60.29999923706055,59.400001525878906,59.400001525878906,47.75320053100586,2500
2017-12-27,59.70000076293945,59.849998474121094,58.630001068115234,58.79999923706055,47.27084732055664,2300
2017-12-28,58.25,59.04999923706055,58.150001525878906,58.150001525878906,46.748294830322266,2100
2017-12-29,57.630001068115234,58.20000076293945,57.630001068115234,58.0,46.627708435058594,3700
2018-01-02,58.0,58.0,57.150001525878906,57.20000076293945,45.98455810546875,4000
2018-01-03,57.04999923706055,58.400001525878906,57.04999923706055,58.150001525878906,46.748294830322266,3200
2018-01-04,59.54999923706055,59.599998474121094,58.54999923706055,59.04999923706055,47.471824645996094,2500
2018-01-05,59.20000076293945,59.400001525878906,58.79999923706055,59.20000076293945,47.59241485595703,5600
2018-01-08,58.099998474121094,58.54999923706055,58.099998474121094,58.349998474121094,46.9090690612793,1800
2018-01-09,58.45000076293945,58.5,57.5,57.849998474121094,46.50711441040039,1800
2018-01-10,57.79999923706055,58.20000076293945,57.349998474121094,58.20000076293945,46.788490295410156,1300
2018-01-11,58.20000076293945,59.45000076293945,58.0,58.45000076293945,46.989471435546875,3000
2018-01-12,58.79999923706055,59.0,58.45000076293945,58.599998474121094,47.110050201416016,900
2018-01-16,58.650001525878906,59.099998474121094,58.029998779296875,58.400001525878906,46.94926834106445,2100
2018-01-17,57.79999923706055,58.70000076293945,57.75,58.650001525878906,47.1502571105957,3900
2018-01-18,58.79999923706055,59.29999923706055,56.79999923706055,58.04999923706055,46.66789245605469,3600
2018-01-19,57.900001525878906,58.75,57.400001525878906,58.75,47.230648040771484,2200
2018-01-22,58.75,58.75,57.52000045776367,57.83000183105469,46.491031646728516,4100
2018-01-23,57.79999923706055,57.79999923706055,57.470001220703125,57.470001220703125,46.201622009277344,1100
2018-01-24,57.650001525878906,57.650001525878906,56.70000076293945,56.70000076293945,45.582603454589844,3500
2018-01-25,56.5,56.599998474121094,56.5,56.599998474121094,45.502197265625,2500
2018-01-26,55.75,57.45000076293945,55.75,56.400001525878906,45.34141540527344,1500
2018-01-29,56.599998474121094,56.599998474121094,55.099998474121094,55.54999923706055,44.658084869384766,5300
2018-01-30,55.150001525878906,55.18000030517578,54.599998474121094,55.150001525878906,44.336509704589844,3200
2018-01-31,55.45000076293945,55.45000076293945,54.310001373291016,54.75,44.01494216918945,4600
2018-02-01,54.900001525878906,55.25,54.5,54.70000076293945,43.97474670410156,3700
2018-02-02,54.54999923706055,54.95000076293945,53.29999923706055,53.95000076293945,43.371795654296875,7400
2018-02-05,53.20000076293945,53.5,51.20000076293945,51.5,41.402183532714844,5200
2018-02-06,50.650001525878906,51.5,50.599998474121094,51.5,41.402183532714844,5600
2018-02-07,51.29999923706055,53.0,51.29999923706055,52.400001525878906,42.1257209777832,6600
2018-02-08,52.25,53.650001525878906,52.099998474121094,52.29999923706055,42.045318603515625,18800
2018-02-09,52.29999923706055,52.58000183105469,50.79999923706055,51.599998474121094,41.482566833496094,12500
2018-02-12,52.25,52.25,50.709999084472656,51.0,41.000221252441406,3000
2018-02-13,50.38999938964844,51.400001525878906,50.29999923706055,50.29999923706055,40.43746566772461,4300
2018-02-14,50.150001525878906,50.15999984741211,49.5,49.5,39.79433059692383,1600
2018-02-15,50.04999923706055,50.04999923706055,48.79999923706055,49.5,39.79433059692383,7300
2018-02-16,49.099998474121094,50.099998474121094,49.099998474121094,49.5,39.79433059692383,9700
2018-02-20,49.25,49.25,48.349998474121094,49.25,39.593345642089844,4400
2018-02-21,50.04999923706055,50.04999923706055,48.95000076293945,48.95000076293945,39.352169036865234,1400
2018-02-22,49.150001525878906,49.150001525878906,48.650001525878906,48.650001525878906,39.11100387573242,1200
2018-02-23,48.70000076293945,48.900001525878906,48.33000183105469,48.75,39.191383361816406,2200
2018-02-26,48.72999954223633,49.5,48.5,48.70000076293945,39.15119552612305,2600
2018-02-27,48.599998474121094,48.599998474121094,47.150001525878906,47.400001525878906,38.10608673095703,2300
2018-02-28,48.099998474121094,48.099998474121094,46.349998474121094,46.349998474121094,37.261966705322266,3700
2018-03-01,46.0,47.0,45.279998779296875,46.400001525878906,37.30216598510742,14400
2018-03-02,46.349998474121094,48.349998474121094,46.349998474121094,48.349998474121094,38.869815826416016,5700
2018-03-05,49.79999923706055,50.25,49.29999923706055,49.349998474121094,39.673744201660156,6000
2018-03-06,49.349998474121094,50.79999923706055,48.95000076293945,50.349998474121094,40.477664947509766,6600
2018-03-07,50.400001525878906,51.70000076293945,50.400001525878906,51.20000076293945,41.161006927490234,3800
2018-03-08,51.61000061035156,51.61000061035156,50.70000076293945,50.70000076293945,40.75905227661133,10100
2018-03-09,50.349998474121094,52.0,50.349998474121094,51.54999923706055,41.442378997802734,6200
2018-03-12,50.43000030517578,52.0,50.43000030517578,51.849998474121094,41.68355178833008,7900
2018-03-13,51.599998474121094,52.779998779296875,50.95000076293945,51.099998474121094,41.08061218261719,7400
2018-03-14,50.900001525878906,53.599998474121094,50.5099983215332,51.29999923706055,41.51763916015625,16700
2018-03-15,51.79999923706055,52.25,49.86000061035156,51.650001525878906,41.800899505615234,6000
2018-03-16,51.54999923706055,53.099998474121094,51.54999923706055,52.849998474121094,42.772071838378906,26100
2018-03-19,53.45000076293945,56.25,52.04999923706055,54.0,43.70277786254883,20500
2018-03-20,53.29999923706055,54.45000076293945,53.29999923706055,54.0,43.70277786254883,10800
2018-03-21,54.0,55.099998474121094,54.0,54.25,43.90510559082031,5000
2018-03-22,54.599998474121094,55.45000076293945,53.900001525878906,54.5,44.107444763183594,8400
2018-03-23,54.150001525878906,55.099998474121094,51.45000076293945,52.349998474121094,42.36741638183594,8300
2018-03-26,51.279998779296875,52.849998474121094,51.279998779296875,52.599998474121094,42.56974411010742,2800
2018-03-27,51.400001525878906,51.849998474121094,51.0,51.849998474121094,41.962764739990234,2800
2018-03-28,51.5,52.79999923706055,51.400001525878906,52.79999923706055,42.73160171508789,9000
2018-03-29,53.099998474121094,53.150001525878906,52.58000183105469,52.599998474121094,42.56974411010742,3100
2018-04-02,52.650001525878906,53.18000030517578,51.900001525878906,51.900001525878906,42.00323486328125,1800
2018-04-03,52.349998474121094,54.04999923706055,52.150001525878906,52.349998474121094,42.36741638183594,14000
2018-04-04,51.97999954223633,53.45000076293945,51.97999954223633,53.45000076293945,43.257667541503906,4800
2018-04-05,53.29999923706055,54.04999923706055,53.04999923706055,53.04999923706055,42.93393325805664,5200
2018-04-06,52.029998779296875,53.400001525878906,51.650001525878906,52.04999923706055,42.124629974365234,14900
2018-04-09,52.54999923706055,53.349998474121094,52.349998474121094,52.75,42.69114685058594,9000
2018-04-10,53.0,53.95000076293945,51.95000076293945,53.400001525878906,43.217185974121094,6100
2018-04-11,52.95000076293945,53.849998474121094,52.70000076293945,53.20000076293945,43.05532455444336,8200
2018-04-12,52.599998474121094,54.25,52.599998474121094,53.849998474121094,43.581382751464844,5600
2018-04-13,53.849998474121094,54.25,53.0,53.0,42.893463134765625,7900
2018-04-16,53.150001525878906,53.5,53.0,53.0,42.893463134765625,4400
2018-04-17,53.0,54.75,53.0,54.650001525878906,44.22882843017578,5000
2018-04-18,54.349998474121094,55.849998474121094,53.75,55.79999923706055,45.159542083740234,4300
2018-04-19,56.5,56.5,55.650001525878906,55.650001525878906,45.03813934326172,1100
2018-04-20,55.349998474121094,57.0,55.310001373291016,57.0,46.130699157714844,2200
2018-04-23,58.29999923706055,59.0,55.279998779296875,59.0,47.74933624267578,3300
2018-04-24,58.29999923706055,59.5,57.70000076293945,59.400001525878906,48.07306671142578,5900
2018-04-25,59.20000076293945,60.20000076293945,57.72999954223633,59.5,48.153987884521484,5700
2018-04-26,59.29999923706055,59.54999923706055,59.29999923706055,59.54999923706055,48.19445037841797,1300
2018-04-27,59.0,59.20000076293945,58.79999923706055,59.099998474121094,47.83026123046875,1800
2018-04-30,58.099998474121094,58.75,57.75,57.900001525878906,46.85908889770508,10800
2018-05-01,57.349998474121094,58.70000076293945,57.349998474121094,58.70000076293945,47.50653076171875,11200
2018-05-02,58.04999923706055,58.95000076293945,57.849998474121094,58.54999923706055,47.385135650634766,5500
2018-05-03,58.25,59.79999923706055,58.20000076293945,59.25,47.951663970947266,14000
2018-05-04,59.400001525878906,60.75,58.849998474121094,60.54999923706055,49.003761291503906,9000
2018-05-07,60.29999923706055,60.79999923706055,60.150001525878906,60.5,48.963294982910156,5600
2018-05-08,59.900001525878906,60.72999954223633,59.79999923706055,59.79999923706055,48.39678955078125,2800
2018-05-09,59.0,59.400001525878906,58.61000061035156,59.20000076293945,47.911197662353516,5200
2018-05-10,58.900001525878906,59.849998474121094,58.900001525878906,59.849998474121094,48.43724060058594,1000
2018-05-11,59.81999969482422,60.0,58.849998474121094,58.849998474121094,47.627933502197266,900
2018-05-14,58.650001525878906,58.650001525878906,57.779998779296875,57.849998474121094,46.81862258911133,8600
2018-05-15,57.650001525878906,58.45000076293945,57.599998474121094,58.25,47.1423454284668,11000
2018-05-16,59.29999923706055,59.29999923706055,58.849998474121094,58.849998474121094,47.627933502197266,2700
2018-05-17,59.0,59.0,58.75,58.75,47.54700469970703,800
2018-05-18,59.25,59.5,58.20000076293945,59.5,48.153987884521484,3900
2018-05-21,60.0,60.650001525878906,59.849998474121094,60.400001525878906,48.88237380981445,5700
2018-05-22,60.150001525878906,61.099998474121094,60.0,60.0,48.55864715576172,8100
2018-05-23,59.79999923706055,60.54999923706055,59.150001525878906,60.150001525878906,48.6800422668457,14600
2018-05-24,60.099998474121094,60.93000030517578,59.95000076293945,60.70000076293945,49.12515640258789,4200
2018-05-25,60.650001525878906,60.70000076293945,60.650001525878906,60.70000076293945,49.12515640258789,900
2018-05-29,60.54999923706055,60.599998474121094,59.20000076293945,60.150001525878906,48.6800422668457,13300
2018-05-30,60.20000076293945,61.5,59.75,61.099998474121094,49.448883056640625,6400
2018-05-31,60.79999923706055,61.650001525878906,60.099998474121094,60.400001525878906,48.88237380981445,4400
2018-06-01,60.70000076293945,61.20000076293945,60.0,60.849998474121094,49.246559143066406,5900
2018-06-04,61.5,61.5,59.79999923706055,60.150001525878906,48.6800422668457,9400
2018-06-05,60.5,61.13999938964844,60.04999923706055,60.599998474121094,49.04423522949219,10200
2018-06-06,60.54999923706055,61.349998474121094,60.45000076293945,61.099998474121094,49.448883056640625,8200
2018-06-07,60.560001373291016,61.79999923706055,60.560001373291016,61.25,49.570289611816406,4800
2018-06-08,61.400001525878906,61.79999923706055,61.0,61.04999923706055,49.40842056274414,11800
2018-06-11,61.04999923706055,61.650001525878906,60.29999923706055,60.95000076293945,49.327484130859375,7400
2018-06-12,60.650001525878906,60.650001525878906,60.0,60.0,48.55864715576172,6700
2018-06-13,60.099998474121094,60.45000076293945,59.400001525878906,59.5,48.153987884521484,10700
2018-06-14,59.04999923706055,59.04999923706055,58.150001525878906,58.79999923706055,47.860965728759766,13300
2018-06-15,58.400001525878906,58.599998474121094,56.849998474121094,58.099998474121094,47.291175842285156,39100
2018-06-18,58.29999923706055,59.0,58.29999923706055,58.95000076293945,47.983055114746094,5600
2018-06-19,58.0,60.75,58.0,60.5,49.244693756103516,20800
2018-06-20,60.5,62.70000076293945,60.5,62.650001525878906,50.99472427368164,12700
2018-06-21,62.29999923706055,63.25,61.54999923706055,62.650001525878906,50.99472427368164,13900
2018-06-22,62.54999923706055,65.0,61.45000076293945,64.5,52.500545501708984,31700
2018-06-25,64.25,64.30000305175781,63.400001525878906,63.70000076293945,51.849365234375,5200
2018-06-26,63.79999923706055,65.9000015258789,63.79999923706055,64.19999694824219,52.2563591003418,2800
2018-06-27,64.19999694824219,64.19999694824219,63.04999923706055,63.79999923706055,51.93077087402344,5100
2018-06-28,66.08000183105469,66.08000183105469,63.349998474121094,64.30000305175781,52.3377571105957,8700
2018-06-29,64.19999694824219,64.30000305175781,62.54999923706055,62.54999923706055,50.91332244873047,5900
2018-07-02,62.099998474121094,63.150001525878906,62.099998474121094,63.150001525878906,51.401702880859375,1600
2018-07-03,63.45000076293945,64.5999984741211,63.45000076293945,64.4000015258789,52.419151306152344,2500
2018-07-05,64.05000305175781,64.5999984741211,63.400001525878906,64.19999694824219,52.2563591003418,12700
2018-07-06,65.0,65.4000015258789,64.30000305175781,64.30000305175781,52.3377571105957,6400
2018-07-09,64.94999694824219,65.6500015258789,64.62999725341797,65.44999694824219,53.273807525634766,2600
2018-07-10,65.0,65.0,63.900001525878906,63.900001525878906,52.012168884277344,12800
2018-07-11,63.29999923706055,64.94999694824219,62.599998474121094,62.599998474121094,50.95401382446289,11500
2018-07-12,62.79999923706055,63.02000045776367,61.81999969482422,62.5,50.87263488769531,3800
2018-07-13,62.5,62.95000076293945,61.25,61.25,49.85517501831055,15100
2018-07-16,61.400001525878906,62.04999923706055,61.04999923706055,62.04999923706055,50.50634002685547,11300
2018-07-17,61.45000076293945,63.95000076293945,61.45000076293945,63.95000076293945,52.0528678894043,15500
2018-07-18,63.95000076293945,64.55000305175781,63.43000030517578,64.30000305175781,52.3377571105957,5600
2018-07-19,63.29999923706055,63.5,62.5,63.29999923706055,51.5237922668457,17400
2018-07-20,63.650001525878906,64.3499984741211,63.650001525878906,64.1500015258789,52.215667724609375,7100
2018-07-23,64.9000015258789,65.6500015258789,64.4000015258789,64.8499984741211,52.785423278808594,8200
2018-07-24,65.0999984741211,65.5,63.900001525878906,64.75,52.704036712646484,12800
2018-07-25,65.5,65.5,64.4000015258789,64.5999984741211,52.58194351196289,5100
2018-07-26,65.0,67.4000015258789,65.0,66.0999984741211,53.802886962890625,11100
2018-07-27,66.0,66.0999984741211,63.29999923706055,63.400001525878906,51.605186462402344,3600
2018-07-30,63.20000076293945,63.20000076293945,62.400001525878906,62.400001525878906,50.791221618652344,6900
2018-07-31,62.25,63.04999923706055,62.25,62.5,50.87263488769531,10900
2018-08-01,62.25,62.400001525878906,60.25,60.599998474121094,49.32609176635742,24300
2018-08-02,60.5,62.04999923706055,59.599998474121094,61.900001525878906,50.384239196777344,9900
2018-08-03,61.45000076293945,62.0,60.349998474121094,61.95000076293945,50.424949645996094,9700
2018-08-06,61.599998474121094,62.04999923706055,61.599998474121094,62.04999923706055,50.50634002685547,2000
2018-08-07,60.33000183105469,61.599998474121094,60.20000076293945,61.20000076293945,49.81447982788086,3700
2018-08-08,60.33000183105469,61.349998474121094,60.33000183105469,61.0,49.65167999267578,6900
2018-08-09,61.349998474121094,61.599998474121094,60.54999923706055,61.5,50.05866241455078,6300
2018-08-10,61.349998474121094,61.349998474121094,61.349998474121094,61.349998474121094,49.93657684326172,400
2018-08-13,61.150001525878906,62.0,60.70000076293945,61.150001525878906,49.77377700805664,7000
2018-08-14,61.599998474121094,62.099998474121094,61.2599983215332,61.849998474121094,50.34354782104492,5900
2018-08-15,61.95000076293945,61.95000076293945,61.20000076293945,61.599998474121094,50.14006042480469,2400
2018-08-16,61.29999923706055,62.400001525878906,61.0,61.95000076293945,50.424949645996094,4300
2018-08-17,61.599998474121094,62.20000076293945,61.599998474121094,62.04999923706055,50.50634002685547,6400
2018-08-20,61.70000076293945,63.29999923706055,61.70000076293945,62.45000076293945,50.83192443847656,13000
2018-08-21,62.70000076293945,63.150001525878906,62.5,63.150001525878906,51.401702880859375,7100
2018-08-22,62.75,63.70000076293945,62.40999984741211,63.54999923706055,51.727291107177734,7300
2018-08-23,64.69999694824219,65.3499984741211,63.75,65.0,52.90753173828125,16300
2018-08-24,65.0999984741211,66.44999694824219,65.0,66.0,53.72148895263672,14800
2018-08-27,66.0,67.4000015258789,65.4000015258789,65.69999694824219,53.477291107177734,8900
2018-08-28,64.5999984741211,64.69999694824219,64.5999984741211,64.69999694824219,52.66333770751953,700
2018-08-29,64.1500015258789,64.1500015258789,63.349998474121094,63.650001525878906,51.808677673339844,1700
2018-08-30,63.040000915527344,63.650001525878906,63.040000915527344,63.54999923706055,51.727291107177734,1600
2018-08-31,63.04999923706055,63.29999923706055,62.29999923706055,62.29999923706055,50.70983123779297,4400
2018-09-04,61.849998474121094,63.150001525878906,61.70000076293945,62.70000076293945,51.03541946411133,6500
2018-09-05,62.150001525878906,62.900001525878906,62.0,62.150001525878906,50.58772277832031,6000
2018-09-06,62.0,63.599998474121094,62.0,62.400001525878906,50.791221618652344,1100
2018-09-07,60.060001373291016,62.04999923706055,60.060001373291016,61.54999923706055,50.09934616088867,6800
2018-09-10,62.0,62.54999923706055,61.54999923706055,62.400001525878906,50.791221618652344,5100
2018-09-11,62.650001525878906,62.650001525878906,60.060001373291016,60.599998474121094,49.32609176635742,2000
2018-09-12,61.65999984741211,61.65999984741211,60.099998474121094,60.349998474121094,49.12260055541992,2400
2018-09-13,60.400001525878906,60.400001525878906,59.70000076293945,60.150001525878906,49.25362777709961,1200
2018-09-14,59.900001525878906,59.900001525878906,59.900001525878906,59.900001525878906,49.04890441894531,800
2018-09-17,59.75,59.75,58.400001525878906,59.150001525878906,48.43478775024414,1800
2018-09-18,58.20000076293945,59.0,58.20000076293945,58.599998474121094,47.98440170288086,5600
2018-09-19,56.79999923706055,58.189998626708984,54.7599983215332,57.099998474121094,46.756134033203125,3000
2018-09-20,56.20000076293945,58.29999923706055,56.20000076293945,57.349998474121094,46.960845947265625,9500
2018-09-21,57.04999923706055,58.75,57.04999923706055,58.70000076293945,48.06629180908203,13300
2018-09-24,59.25,59.25,59.25,59.25,48.51667022705078,1000
2018-09-25,60.79999923706055,60.79999923706055,60.79999923706055,60.79999923706055,49.78587341308594,600
2018-09-26,59.95000076293945,60.400001525878906,59.849998474121094,60.400001525878906,49.45833206176758,1400
2018-09-27,58.599998474121094,58.70000076293945,58.08000183105469,58.599998474121094,47.98440170288086,1800
2018-09-28,58.45000076293945,58.79999923706055,57.79999923706055,58.75,48.10723876953125,4000
2018-10-01,58.709999084472656,59.810001373291016,58.709999084472656,59.0,48.311946868896484,2200
2018-10-02,58.15999984741211,58.15999984741211,57.029998779296875,57.38999938964844,46.99360656738281,4900
2018-10-03,56.470001220703125,56.880001068115234,56.470001220703125,56.880001068115234,46.575984954833984,1200
2018-10-04,57.45000076293945,57.88999938964844,57.06999969482422,57.88999938964844,47.40302276611328,1900
2018-10-05,58.5099983215332,58.97999954223633,56.439998626708984,56.470001220703125,46.240264892578125,3400
2018-10-08,56.439998626708984,56.439998626708984,55.70000076293945,55.70000076293945,45.609745025634766,4500
2018-10-09,57.369998931884766,58.0,55.849998474121094,56.099998474121094,45.93730163574219,5200
2018-10-10,56.439998626708984,57.099998474121094,55.0099983215332,55.0099983215332,45.044742584228516,2800
2018-10-11,55.0,55.0,54.61000061035156,54.61000061035156,44.71721267700195,1800
2018-10-12,53.2599983215332,55.97999954223633,53.2599983215332,54.470001220703125,44.602569580078125,3800
2018-10-15,55.06999969482422,55.06999969482422,54.88999938964844,54.88999938964844,44.94647979736328,900
2018-10-16,55.9900016784668,55.9900016784668,55.9900016784668,55.9900016784668,45.84722137451172,1500
2018-10-17,55.20000076293945,55.290000915527344,54.41999816894531,54.41999816894531,44.561622619628906,1100
2018-10-18,54.459999084472656,54.599998474121094,53.0099983215332,54.06999969482422,44.2750244140625,4300
2018-10-19,53.36000061035156,54.959999084472656,51.970001220703125,52.54999923706055,43.03038787841797,8000
2018-10-22,52.560001373291016,53.349998474121094,52.349998474121094,52.849998474121094,43.27604293823242,3700
2018-10-23,51.79999923706055,52.54999923706055,50.52000045776367,51.279998779296875,41.99045181274414,3100
2018-10-24,49.720001220703125,49.720001220703125,49.720001220703125,49.720001220703125,40.713050842285156,1000
2018-10-25,50.290000915527344,51.56999969482422,48.380001068115234,50.29999923706055,41.18798065185547,7500
2018-10-26,49.720001220703125,50.33000183105469,48.5,49.029998779296875,40.14805221557617,11000
2018-10-29,50.279998779296875,50.63999938964844,47.400001525878906,48.849998474121094,40.00065994262695,13300
2018-10-30,49.630001068115234,49.70000076293945,47.540000915527344,48.810001373291016,39.96790313720703,13200
2018-10-31,47.75,49.040000915527344,45.77000045776367,48.54999923706055,39.755001068115234,24800
2018-11-01,48.400001525878906,49.91999816894531,47.93000030517578,48.59000015258789,39.787757873535156,9200
2018-11-02,49.18000030517578,51.0099983215332,48.08000183105469,48.56999969482422,39.77137756347656,8600
2018-11-05,48.939998626708984,52.04999923706055,48.79999923706055,50.79999923706055,41.59740447998047,25000
2018-11-06,50.81999969482422,53.9900016784668,50.560001373291016,53.9900016784668,44.209529876708984,7100
2018-11-07,54.0,56.470001220703125,53.599998474121094,56.470001220703125,46.240264892578125,3900
2018-11-08,56.220001220703125,56.95000076293945,55.61000061035156,56.04999923706055,45.89634704589844,3700
2018-11-09,55.099998474121094,56.20000076293945,51.61000061035156,54.400001525878906,44.54526138305664,6900
2018-11-12,55.400001525878906,55.400001525878906,53.0,53.599998474121094,43.89017105102539,8000
2018-11-13,53.689998626708984,54.7599983215332,53.22999954223633,54.7400016784668,44.82366180419922,5700
2018-11-14,55.43000030517578,56.36000061035156,55.43000030517578,56.36000061035156,46.15018844604492,1700
2018-11-15,55.689998626708984,55.689998626708984,53.84000015258789,54.9900016784668,45.02836608886719,6300
2018-11-16,54.9900016784668,57.0,54.599998474121094,55.13999938964844,45.151206970214844,6100
2018-11-19,55.36000061035156,55.36000061035156,53.5,54.70000076293945,44.79090881347656,7500
2018-11-20,54.13999938964844,55.38999938964844,53.84000015258789,53.84000015258789,44.086700439453125,2100
2018-11-21,55.0,55.119998931884766,55.0,55.119998931884766,45.13481521606445,1000
2018-11-23,54.849998474121094,54.849998474121094,53.900001525878906,54.84000015258789,44.905548095703125,2400
2018-11-26,54.790000915527344,54.81999969482422,53.68000030517578,53.720001220703125,43.98843765258789,4600
2018-11-27,53.310001373291016,53.310001373291016,51.36000061035156,52.63999938964844,43.10409164428711,6700
2018-11-28,53.04999923706055,54.79999923706055,52.77000045776367,52.77000045776367,43.21052932739258,9300
2018-11-29,52.099998474121094,52.099998474121094,50.36000061035156,51.7400016784668,42.367122650146484,5900
2018-11-30,51.25,54.43000030517578,51.25,52.58000183105469,43.054954528808594,12100
2018-12-03,53.810001373291016,53.810001373291016,52.310001373291016,52.849998474121094,43.27604293823242,3600
2018-12-04,52.95000076293945,53.0,51.0099983215332,51.31999969482422,42.02320098876953,6200
2018-12-06,50.560001373291016,51.4900016784668,50.029998779296875,51.0,41.76118087768555,6800
2018-12-07,51.0099983215332,51.119998931884766,50.0,50.72999954223633,41.54008483886719,6100
2018-12-10,50.880001068115234,51.5,49.54999923706055,51.5,42.17060470581055,6200
2018-12-11,50.7599983215332,51.77000045776367,49.0,49.0,40.123477935791016,5200
2018-12-12,48.849998474121094,51.83000183105469,48.849998474121094,49.130001068115234,40.22992706298828,5600
2018-12-13,47.720001220703125,50.099998474121094,47.54999923706055,50.02000045776367,41.26951217651367,5100
2018-12-14,49.31999969482422,50.720001220703125,49.31999969482422,49.849998474121094,41.12923812866211,4800
2018-12-17,49.529998779296875,49.529998779296875,47.4900016784668,49.439998626708984,40.79098129272461,6900
2018-12-18,49.91999816894531,50.70000076293945,48.77000045776367,49.400001525878906,40.757972717285156,9800
2018-12-19,49.65999984741211,51.150001525878906,47.5,47.630001068115234,39.2976188659668,5900
2018-12-20,47.599998474121094,48.29999923706055,47.290000915527344,47.599998474121094,39.27286911010742,7800
2018-12-21,47.58000183105469,50.0099983215332,47.58000183105469,48.40999984741211,39.94115447998047,18300
2018-12-24,48.25,48.91999816894531,47.90999984741211,48.529998779296875,40.04016876220703,3200
2018-12-26,49.79999923706055,52.38999938964844,49.68000030517578,51.20000076293945,42.24307632446289,3400
2018-12-27,50.70000076293945,52.66999816894531,50.70000076293945,52.66999816894531,43.45591735839844,2800
2018-12-28,52.25,54.650001525878906,52.25,54.34000015258789,44.833770751953125,2600
2018-12-31,53.959999084472656,55.59000015258789,52.04999923706055,53.209999084472656,43.90145492553711,7800
2019-01-02,52.779998779296875,55.689998626708984,52.779998779296875,54.900001525878906,45.29580307006836,3300
2019-01-03,53.0,53.0,51.709999084472656,51.709999084472656,42.66386032104492,4200
2019-01-04,51.810001373291016,54.38999938964844,51.810001373291016,54.38999938964844,44.8750114440918,7700
2019-01-07,54.09000015258789,54.61000061035156,52.099998474121094,53.720001220703125,44.32223129272461,4100
2019-01-08,52.880001068115234,53.45000076293945,52.880001068115234,53.45000076293945,44.099464416503906,1100
2019-01-09,52.5,54.16999816894531,52.5,53.70000076293945,44.305728912353516,3200
2019-01-10,52.20000076293945,53.70000076293945,52.20000076293945,52.720001220703125,43.497169494628906,1200
2019-01-11,52.5,54.25,50.630001068115234,51.970001220703125,42.87836456298828,5400
2019-01-14,50.310001373291016,50.310001373291016,50.310001373291016,50.310001373291016,41.50877380371094,1300
2019-01-15,50.0,50.61000061035156,50.0,50.29999923706055,41.500526428222656,3000
2019-01-16,50.33000183105469,52.5,50.33000183105469,52.209999084472656,43.07638168334961,2800
2019-01-17,53.849998474121094,53.849998474121094,50.560001373291016,50.91999816894531,42.012062072753906,5600
2019-01-18,51.0099983215332,53.459999084472656,51.0,51.0,42.078060150146484,2800
2019-01-22,50.61000061035156,50.61000061035156,48.5,48.91999816894531,40.36194610595703,4500
2019-01-23,49.5099983215332,50.27000045776367,47.7599983215332,48.97999954223633,40.41143798828125,6900
2019-01-24,48.7599983215332,49.5,48.09000015258789,48.88999938964844,40.33718490600586,3600
2019-01-25,49.84000015258789,51.150001525878906,49.599998474121094,50.5,41.66553497314453,4800
2019-01-28,51.220001220703125,51.599998474121094,50.150001525878906,50.4900016784668,41.657291412353516,5200
2019-01-29,50.52000045776367,50.849998474121094,50.380001068115234,50.380001068115234,41.5665397644043,2600
2019-01-30,50.86000061035156,51.970001220703125,49.560001373291016,50.20000076293945,41.41801452636719,11200
2019-01-31,50.27000045776367,50.4900016784668,49.0,49.97999954223633,41.23650360107422,9900
2019-02-01,49.43000030517578,50.5099983215332,49.43000030517578,50.369998931884766,41.55827713012695,4800
2019-02-04,50.84000015258789,51.380001068115234,50.150001525878906,50.439998626708984,41.61603546142578,5500
2019-02-05,50.5,51.54999923706055,50.25,51.400001525878906,42.40808868408203,4400
2019-02-06,49.31999969482422,51.540000915527344,49.150001525878906,49.5,40.84047317504883,17700
2019-02-07,49.290000915527344,49.29999923706055,48.29999923706055,49.0,40.42794418334961,10400
2019-02-08,49.11000061035156,49.65999984741211,48.58000183105469,48.77000045776367,40.23817825317383,6100
2019-02-11,49.310001373291016,49.95000076293945,48.400001525878906,49.599998474121094,40.922977447509766,8100
2019-02-12,50.18000030517578,50.18000030517578,50.18000030517578,50.18000030517578,41.401512145996094,800
2019-02-13,51.599998474121094,51.599998474121094,50.900001525878906,50.900001525878906,41.99556350708008,900
2019-02-14,50.959999084472656,51.220001220703125,50.5,51.20000076293945,42.24307632446289,5500
2019-02-15,51.310001373291016,51.310001373291016,50.689998626708984,50.689998626708984,41.822296142578125,2700
2019-02-19,50.560001373291016,51.630001068115234,50.560001373291016,51.290000915527344,42.31733322143555,2400
2019-02-20,50.5099983215332,50.5099983215332,50.5099983215332,50.5099983215332,41.673770904541016,1700
2019-02-21,51.56999969482422,51.65999984741211,51.16999816894531,51.16999816894531,42.218326568603516,4000
2019-02-22,51.900001525878906,52.65999984741211,51.72999954223633,51.72999954223633,42.68035888671875,2300
2019-02-25,51.0,51.0099983215332,50.5,50.5,41.66553497314453,2300
2019-02-26,50.70000076293945,51.689998626708984,50.70000076293945,51.689998626708984,42.647361755371094,1400
2019-02-27,51.5099983215332,51.5099983215332,51.5099983215332,51.5099983215332,42.498844146728516,500
2019-02-28,50.25,52.84000015258789,50.25,51.59000015258789,42.56485366821289,2800
2019-03-01,52.86000061035156,52.86000061035156,52.0,52.0,42.90312194824219,1700
2019-03-04,52.400001525878906,52.400001525878906,52.400001525878906,52.400001525878906,43.233150482177734,500
2019-03-05,51.36000061035156,53.0,51.36000061035156,52.709999084472656,43.488929748535156,1400
2019-03-06,53.0,53.0,52.0,52.0,42.90312194824219,3600
2019-03-07,52.75,52.75,51.529998779296875,51.529998779296875,42.51535415649414,2900
2019-03-08,50.650001525878906,51.47999954223633,50.63999938964844,50.63999938964844,41.78104019165039,3600
2019-03-11,52.70000076293945,52.70000076293945,52.70000076293945,52.70000076293945,43.48067092895508,800
2019-03-12,52.400001525878906,53.400001525878906,52.400001525878906,52.59000015258789,43.38990783691406,2200
2019-03-13,54.0,54.0,52.15999984741211,52.380001068115234,43.216651916503906,1400
2019-03-14,51.209999084472656,51.79999923706055,51.209999084472656,51.79999923706055,43.04214859008789,1300
2019-03-15,51.56999969482422,53.650001525878906,51.56999969482422,51.849998474121094,43.08369827270508,22800
2019-03-18,51.349998474121094,52.70000076293945,50.83000183105469,52.5,43.62380599975586,7000
2019-03-19,51.720001220703125,52.7599983215332,51.650001525878906,51.650001525878906,42.917510986328125,2200
2019-03-20,50.27000045776367,53.599998474121094,50.18000030517578,50.18000030517578,41.696044921875,6700
2019-03-21,50.29999923706055,52.630001068115234,50.29999923706055,51.0099983215332,42.385711669921875,6800
2019-03-22,50.27000045776367,50.27000045776367,49.95000076293945,49.95000076293945,41.50492858886719,2000
2019-03-25,50.45000076293945,51.58000183105469,50.18000030517578,50.9900016784668,42.369102478027344,4500
2019-03-26,51.880001068115234,53.880001068115234,50.189998626708984,50.70000076293945,42.12812805175781,5300
2019-03-27,51.0099983215332,51.619998931884766,50.720001220703125,50.79999923706055,42.21122741699219,2500
2019-03-28,50.84000015258789,51.970001220703125,50.45000076293945,51.970001220703125,43.18340301513672,4700
2019-03-29,50.91999816894531,50.93000030517578,50.150001525878906,50.599998474121094,42.0450439453125,3800
2019-04-01,51.34000015258789,51.849998474121094,51.34000015258789,51.439998626708984,42.743019104003906,2100
2019-04-02,51.400001525878906,51.7599983215332,51.400001525878906,51.7599983215332,43.008914947509766,1700
2019-04-03,51.66999816894531,52.0,51.66999816894531,51.81999969482422,43.058773040771484,2900
2019-04-04,51.849998474121094,51.849998474121094,51.81999969482422,51.81999969482422,43.058773040771484,600
2019-04-05,51.11000061035156,52.400001525878906,51.11000061035156,52.400001525878906,43.54071044921875,800
2019-04-08,51.150001525878906,52.52000045776367,51.150001525878906,51.849998474121094,43.08369827270508,1900
2019-04-09,51.11000061035156,51.11000061035156,51.11000061035156,51.11000061035156,42.468807220458984,900
2019-04-10,51.689998626708984,51.689998626708984,51.689998626708984,51.689998626708984,42.95075607299805,1200
2019-04-11,52.2599983215332,52.2599983215332,51.54999923706055,51.54999923706055,42.83441925048828,2800
2019-04-12,51.869998931884766,52.630001068115234,51.75,52.470001220703125,43.59888458251953,4200
2019-04-15,52.560001373291016,52.7599983215332,52.02000045776367,52.7599983215332,43.83985137939453,3100
2019-04-16,52.02000045776367,52.02000045776367,51.7599983215332,51.7599983215332,43.008914947509766,1800
2019-04-17,52.0,52.0099983215332,51.220001220703125,51.220001220703125,42.56020736694336,3300
2019-04-18,51.0099983215332,52.720001220703125,50.540000915527344,51.099998474121094,42.46049880981445,6400
2019-04-22,51.45000076293945,51.72999954223633,50.75,51.72999954223633,42.983985900878906,1600
2019-04-23,51.2599983215332,52.400001525878906,51.2599983215332,52.400001525878906,43.54071044921875,1700
2019-04-24,50.720001220703125,51.93000030517578,48.720001220703125,48.91999816894531,40.64908218383789,5400
2019-04-25,48.959999084472656,49.959999084472656,47.869998931884766,48.279998779296875,40.117279052734375,7100
2019-04-26,48.5,50.29999923706055,48.27000045776367,49.2400016784668,40.91497802734375,5300
2019-04-29,48.849998474121094,49.470001220703125,48.849998474121094,49.470001220703125,41.1060905456543,1300
2019-04-30,49.43000030517578,49.43000030517578,48.279998779296875,48.5,40.300086975097656,8500
2019-05-01,48.560001373291016,49.040000915527344,48.5,48.52000045776367,40.31669616699219,2200
2019-05-02,49.0,49.84000015258789,48.54999923706055,48.65999984741211,40.43302917480469,3700
2019-05-03,49.209999084472656,49.209999084472656,48.0,48.0,39.884620666503906,4700
2019-05-06,47.65999984741211,49.04999923706055,47.65999984741211,47.77000045776367,39.69350814819336,3800
2019-05-07,47.2599983215332,47.79999923706055,47.040000915527344,47.18000030517578,39.20326232910156,3300
2019-05-08,47.25,47.86000061035156,47.25,47.75,39.676883697509766,3500
2019-05-09,48.72999954223633,48.72999954223633,47.720001220703125,47.720001220703125,39.65195846557617,1300
2019-05-10,47.099998474121094,48.709999084472656,47.099998474121094,48.709999084472656,40.47458267211914,1000
2019-05-13,47.86000061035156,48.2599983215332,46.63999938964844,47.66999816894531,39.610416412353516,5600
2019-05-14,49.130001068115234,49.130001068115234,48.2599983215332,48.599998474121094,40.3831787109375,6100
2019-05-15,48.09000015258789,51.52000045776367,48.09000015258789,50.650001525878906,42.08658218383789,5100
2019-05-16,50.58000183105469,51.25,49.91999816894531,49.91999816894531,41.48000717163086,16200
2019-05-17,49.5,49.5,48.15999984741211,48.81999969482422,40.56598663330078,3800
2019-05-20,46.439998626708984,49.5,46.439998626708984,48.970001220703125,40.69062423706055,11300
2019-05-21,49.150001525878906,49.150001525878906,47.95000076293945,48.38999938964844,40.208675384521484,8500
2019-05-22,47.70000076293945,48.959999084472656,47.70000076293945,47.9900016784668,39.87630844116211,3200
2019-05-23,47.61000061035156,47.61000061035156,47.0,47.15999984741211,39.186641693115234,2300
2019-05-24,47.75,48.75,46.72999954223633,47.599998474121094,39.5522575378418,7500
2019-05-28,47.59000015258789,47.59000015258789,47.20000076293945,47.20000076293945,39.21987533569336,800
2019-05-29,46.95000076293945,48.25,46.33000183105469,47.400001525878906,39.38606262207031,9400
2019-05-30,47.470001220703125,47.720001220703125,46.849998474121094,47.5,39.46915054321289,5700
2019-05-31,46.279998779296875,48.63999938964844,46.279998779296875,48.060001373291016,39.934471130371094,5600
2019-06-03,48.540000915527344,48.7400016784668,47.7599983215332,48.7400016784668,40.49951171875,8800
2019-06-04,48.869998931884766,49.189998626708984,48.5,49.15999984741211,40.848506927490234,7200
2019-06-05,48.599998474121094,49.5,48.599998474121094,49.0,40.715545654296875,2700
2019-06-06,49.9900016784668,50.0,49.66999816894531,49.79999923706055,41.38029479980469,4800
2019-06-07,49.52000045776367,50.029998779296875,49.5,49.95000076293945,41.50492858886719,4500
2019-06-10,49.599998474121094,50.650001525878906,49.599998474121094,50.43000030517578,41.90376663208008,5100
2019-06-11,50.2599983215332,50.58000183105469,50.099998474121094,50.58000183105469,42.02842330932617,5600
2019-06-12,50.599998474121094,50.599998474121094,50.599998474121094,50.599998474121094,42.0450439453125,1900
2019-06-13,50.220001220703125,50.9900016784668,49.79999923706055,50.779998779296875,42.505409240722656,5700
2019-06-14,50.45000076293945,50.529998779296875,50.25,50.25,42.06178283691406,5700
2019-06-17,49.849998474121094,50.58000183105469,49.849998474121094,50.58000183105469,42.338008880615234,900
2019-06-18,50.15999984741211,50.93000030517578,50.15999984741211,50.93000030517578,42.6309814453125,800
2019-06-19,51.119998931884766,51.43000030517578,51.119998931884766,51.400001525878906,43.02438735961914,1600
2019-06-20,51.06999969482422,51.599998474121094,50.650001525878906,50.79999923706055,42.522151947021484,5000
2019-06-21,50.56999969482422,52.0,50.56999969482422,52.0,43.52661895751953,8400
2019-06-24,51.779998779296875,51.959999084472656,50.900001525878906,50.900001525878906,42.605865478515625,8300
2019-06-25,50.90999984741211,50.90999984741211,50.2400016784668,50.29999923706055,42.10363006591797,5100
2019-06-26,50.72999954223633,51.970001220703125,50.0099983215332,50.04999923706055,41.894371032714844,2300
2019-06-27,49.099998474121094,50.97999954223633,49.099998474121094,50.970001220703125,42.664459228515625,7300
2019-06-28,51.0,54.61000061035156,51.0,54.61000061035156,45.71131896972656,21300
2019-07-01,54.20000076293945,54.20000076293945,52.25,53.439998626708984,44.731964111328125,11200
2019-07-02,54.15999984741211,54.15999984741211,52.5099983215332,53.0,44.36366271972656,11900
2019-07-03,53.9900016784668,54.0,52.70000076293945,52.70000076293945,44.11255645751953,1700
2019-07-05,53.599998474121094,53.95000076293945,52.97999954223633,53.95000076293945,45.15885543823242,2500
2019-07-08,53.88999938964844,53.900001525878906,53.2599983215332,53.400001525878906,44.698486328125,2700
2019-07-09,53.34000015258789,53.68000030517578,52.310001373291016,52.79999923706055,44.19626235961914,3300
2019-07-10,53.290000915527344,53.970001220703125,53.290000915527344,53.90999984741211,45.1253776550293,3000
2019-07-11,54.0,54.08000183105469,53.779998779296875,54.040000915527344,45.23419952392578,2500
2019-07-12,53.9900016784668,54.25,53.0,53.81999969482422,45.050048828125,3700
2019-07-15,53.0,53.25,52.400001525878906,52.400001525878906,43.86143493652344,9900
2019-07-16,51.650001525878906,51.70000076293945,50.52000045776367,51.06999969482422,42.7481575012207,9800
2019-07-17,51.0,52.279998779296875,50.61000061035156,50.61000061035156,42.36312484741211,3200
2019-07-18,50.790000915527344,51.2599983215332,50.34000015258789,50.34000015258789,42.137107849121094,2300
2019-07-19,50.220001220703125,51.540000915527344,50.060001373291016,50.31999969482422,42.12036895751953,2800
2019-07-22,51.54999923706055,51.54999923706055,50.43000030517578,51.0,42.68956756591797,3600
2019-07-23,50.5,51.400001525878906,50.5,51.25,42.89883041381836,2400
2019-07-24,51.439998626708984,52.54999923706055,51.439998626708984,51.84000015258789,43.39269256591797,3700
2019-07-25,52.040000915527344,53.130001068115234,52.040000915527344,52.5,43.945133209228516,2600
2019-07-26,51.9900016784668,54.970001220703125,51.9900016784668,54.380001068115234,45.51879119873047,7100
2019-07-29,54.189998626708984,54.70000076293945,53.84000015258789,54.70000076293945,45.78665542602539,8700
2019-07-30,54.40999984741211,55.65999984741211,53.84000015258789,55.349998474121094,46.33073806762695,5400
2019-07-31,55.5,56.0,54.29999923706055,54.29999923706055,45.45182800292969,9100
2019-08-01,54.75,55.91999816894531,53.72999954223633,53.93000030517578,45.142127990722656,4800
2019-08-02,54.790000915527344,54.880001068115234,53.25,53.939998626708984,45.15050506591797,3600
2019-08-05,52.68000030517578,52.75,52.68000030517578,52.68000030517578,44.09580993652344,3600
2019-08-06,52.459999084472656,53.15999984741211,52.459999084472656,52.619998931884766,44.045589447021484,2400
2019-08-07,53.0,53.939998626708984,53.0,53.04999923706055,44.40552520751953,1900
2019-08-08,53.29999923706055,54.9900016784668,53.29999923706055,53.349998474121094,44.65663146972656,3200
2019-08-09,53.63999938964844,53.63999938964844,53.380001068115234,53.380001068115234,44.6817512512207,1700
2019-08-12,52.45000076293945,52.45000076293945,52.15999984741211,52.15999984741211,43.660545349121094,1900
2019-08-13,51.459999084472656,52.02000045776367,51.459999084472656,51.790000915527344,43.350833892822266,1100
2019-08-14,50.75,50.95000076293945,47.7400016784668,47.9900016784668,40.170047760009766,5300
2019-08-15,47.810001373291016,47.810001373291016,47.400001525878906,47.400001525878906,39.676185607910156,3100
2019-08-16,47.83000183105469,47.83000183105469,46.040000915527344,46.040000915527344,38.53779983520508,11500
2019-08-19,46.439998626708984,47.0,46.18000030517578,46.59000015258789,38.9981803894043,11600
2019-08-20,46.84000015258789,46.939998626708984,46.04999923706055,46.939998626708984,39.29114532470703,3400
2019-08-21,46.45000076293945,47.9900016784668,46.45000076293945,47.529998779296875,39.785003662109375,3600
2019-08-22,47.36000061035156,48.54999923706055,47.36000061035156,47.40999984741211,39.6845588684082,3200
2019-08-23,47.86000061035156,47.86000061035156,45.65999984741211,45.65999984741211,38.2197151184082,7100
2019-08-26,46.150001525878906,47.13999938964844,45.75,46.279998779296875,38.738685607910156,4100
2019-08-27,46.779998779296875,47.22999954223633,46.380001068115234,46.7599983215332,39.140472412109375,6000
2019-08-28,47.45000076293945,47.5,47.09000015258789,47.380001068115234,39.659454345703125,2600
2019-08-29,47.790000915527344,48.2599983215332,47.119998931884766,47.119998931884766,39.441810607910156,3700
2019-08-30,47.400001525878906,47.400001525878906,47.400001525878906,47.400001525878906,39.676185607910156,1200
2019-09-03,48.029998779296875,48.029998779296875,46.56999969482422,46.709999084472656,39.098609924316406,3600
2019-09-04,46.880001068115234,47.11000061035156,46.880001068115234,47.11000061035156,39.433441162109375,700
2019-09-05,47.119998931884766,47.2400016784668,46.81999969482422,46.81999969482422,39.19070053100586,4100
2019-09-06,47.38999938964844,49.439998626708984,47.20000076293945,48.79999923706055,40.848052978515625,4900
2019-09-09,48.58000183105469,48.58000183105469,48.189998626708984,48.189998626708984,40.33744812011719,2600
2019-09-10,48.2599983215332,49.2599983215332,47.439998626708984,48.560001373291016,40.64716720581055,3800
2019-09-11,48.459999084472656,51.209999084472656,48.31999969482422,50.290000915527344,42.09525680541992,6500
2019-09-12,49.02000045776367,52.099998474121094,48.9900016784668,52.0,43.84922790527344,9300
2019-09-13,51.619998931884766,51.650001525878906,50.27000045776367,50.70000076293945,42.75299835205078,3200
2019-09-16,50.0,50.720001220703125,49.529998779296875,50.720001220703125,42.76986312866211,1500
2019-09-17,50.150001525878906,53.36000061035156,50.02000045776367,51.72999954223633,43.621543884277344,6000
2019-09-18,51.04999923706055,53.720001220703125,51.04999923706055,53.18000030517578,44.844261169433594,8500
2019-09-19,52.95000076293945,54.83000183105469,52.63999938964844,53.220001220703125,44.87800598144531,2900
2019-09-20,53.2599983215332,53.630001068115234,52.15999984741211,53.630001068115234,45.2237434387207,11100
2019-09-23,53.029998779296875,53.83000183105469,52.25,53.720001220703125,45.29962921142578,1500
2019-09-24,53.400001525878906,54.0,52.130001068115234,52.599998474121094,44.35517501831055,2900
2019-09-25,53.0,53.849998474121094,53.0,53.18000030517578,44.844261169433594,2500
2019-09-26,53.560001373291016,53.560001373291016,52.400001525878906,52.560001373291016,44.321449279785156,2200
2019-09-27,54.2400016784668,54.2400016784668,52.5099983215332,53.0,44.69247817993164,8500
2019-09-30,52.75,52.75,52.40999984741211,52.65999984741211,44.405784606933594,3200
2019-10-01,53.27000045776367,53.56999969482422,53.02000045776367,53.02000045776367,44.709354400634766,2500
2019-10-02,52.220001220703125,52.36000061035156,51.06999969482422,51.599998474121094,43.511924743652344,4800
2019-10-03,50.02000045776367,51.52000045776367,50.02000045776367,51.52000045776367,43.44446563720703,1200
2019-10-04,51.459999084472656,51.7400016784668,51.20000076293945,51.20000076293945,43.17462158203125,1200
2019-10-07,50.79999923706055,50.79999923706055,50.79999923706055,50.79999923706055,42.837318420410156,500
2019-10-08,50.900001525878906,50.900001525878906,49.20000076293945,49.70000076293945,41.909751892089844,3700
2019-10-09,49.9900016784668,52.25,49.75,51.20000076293945,43.17462158203125,7500
2019-10-10,51.060001373291016,52.9900016784668,51.060001373291016,52.54999923706055,44.313018798828125,7200
2019-10-11,52.54999923706055,53.59000015258789,52.11000061035156,52.11000061035156,43.941986083984375,4600
2019-10-14,51.36000061035156,52.310001373291016,51.36000061035156,52.20000076293945,44.01787567138672,2000
2019-10-15,53.81999969482422,53.81999969482422,52.0,52.790000915527344,44.51539993286133,4200
2019-10-16,52.16999816894531,52.400001525878906,51.88999938964844,52.400001525878906,44.18653106689453,3300
2019-10-17,52.630001068115234,53.099998474121094,51.95000076293945,53.099998474121094,44.77680587768555,1400
2019-10-18,52.70000076293945,52.70000076293945,51.7599983215332,52.59000015258789,44.346744537353516,1300
2019-10-21,52.959999084472656,55.5,51.68000030517578,54.75,46.168174743652344,11100
2019-10-22,54.2400016784668,54.86000061035156,52.79999923706055,52.79999923706055,44.523834228515625,4300
2019-10-23,53.5,54.54999923706055,52.0,52.560001373291016,44.321449279785156,6000
2019-10-24,52.0099983215332,53.0,51.029998779296875,51.25,43.2167854309082,3400
2019-10-25,51.619998931884766,51.619998931884766,50.439998626708984,50.65999984741211,42.71927261352539,1000
2019-10-28,50.619998931884766,50.619998931884766,50.20000076293945,50.20000076293945,42.33137512207031,500
2019-10-29,50.29999923706055,50.29999923706055,50.29999923706055,50.29999923706055,42.41569519042969,600
2019-10-30,50.27000045776367,52.70000076293945,50.0,52.349998474121094,44.14436340332031,7200
2019-10-31,52.0099983215332,52.0099983215332,50.02000045776367,50.86000061035156,42.88792037963867,4400
2019-11-01,50.66999816894531,51.95000076293945,50.66999816894531,51.95000076293945,43.80706787109375,2800
2019-11-04,51.900001525878906,51.900001525878906,50.43000030517578,50.650001525878906,42.71083068847656,5700
2019-11-05,51.0,51.45000076293945,49.900001525878906,51.45000076293945,43.385440826416016,6500
2019-11-06,51.439998626708984,51.439998626708984,51.20000076293945,51.20000076293945,43.17462158203125,900
2019-11-07,51.20000076293945,51.349998474121094,51.18000030517578,51.20000076293945,43.17462158203125,1200
2019-11-08,50.79999923706055,51.380001068115234,50.439998626708984,50.439998626708984,42.53375244140625,1500
2019-11-11,50.689998626708984,52.33000183105469,50.689998626708984,51.22999954223633,43.199928283691406,7100
2019-11-12,51.25,54.150001525878906,51.13999938964844,53.20000076293945,44.86112976074219,18400
2019-11-13,53.79999923706055,56.0,53.34000015258789,53.5,45.114105224609375,12500
2019-11-14,53.79999923706055,54.25,51.599998474121094,53.099998474121094,44.77680587768555,13600
2019-11-15,53.400001525878906,54.209999084472656,51.849998474121094,52.900001525878906,44.6081657409668,10200
2019-11-18,53.2599983215332,53.529998779296875,51.849998474121094,53.040000915527344,44.72621536254883,4500
2019-11-19,53.02000045776367,54.560001373291016,53.02000045776367,54.560001373291016,46.007957458496094,3000
2019-11-20,52.7599983215332,54.70000076293945,52.7599983215332,52.95000076293945,44.65031433105469,5500
2019-11-21,54.20000076293945,54.20000076293945,52.0,53.66999816894531,45.25746154785156,2500
2019-11-22,53.529998779296875,53.970001220703125,53.47999954223633,53.970001220703125,45.510440826416016,800
2019-11-25,54.63999938964844,54.63999938964844,53.34000015258789,53.75,45.32491683959961,6800
2019-11-26,53.79999923706055,54.02000045776367,53.79999923706055,53.900001525878906,45.451412200927734,1900
2019-11-27,53.400001525878906,56.560001373291016,53.400001525878906,56.25,47.433067321777344,9700
2019-11-29,55.81999969482422,56.29999923706055,55.81999969482422,56.29999923706055,47.475223541259766,2700
2019-12-02,55.900001525878906,56.25,55.38999938964844,55.38999938964844,46.707862854003906,2800
2019-12-03,54.90999984741211,56.150001525878906,54.900001525878906,55.5,46.800621032714844,10800
2019-12-04,56.119998931884766,56.709999084472656,55.7400016784668,56.599998474121094,47.72819519042969,5000
2019-12-05,56.400001525878906,57.13999938964844,55.75,55.91999816894531,47.154781341552734,3800
2019-12-06,56.63999938964844,57.61000061035156,55.70000076293945,55.70000076293945,46.969268798828125,15500
2019-12-09,55.84000015258789,56.20000076293945,54.95000076293945,55.0099983215332,46.387428283691406,7200
2019-12-10,54.52000045776367,55.2599983215332,54.060001373291016,54.29999923706055,45.78871536254883,5100
2019-12-11,55.04999923706055,55.29999923706055,54.31999969482422,54.9900016784668,46.37055206298828,3700
2019-12-12,53.79999923706055,54.970001220703125,53.5,54.400001525878906,46.192237854003906,2100
2019-12-13,53.5,56.790000915527344,53.5,56.310001373291016,47.81407928466797,6200
2019-12-16,56.119998931884766,57.25,55.91999816894531,56.880001068115234,48.298057556152344,7700
2019-12-17,56.5,56.5,55.29999923706055,55.43000030517578,47.06683349609375,5700
2019-12-18,55.0,56.04999923706055,54.27000045776367,54.63999938964844,46.396034240722656,5800
2019-12-19,55.0099983215332,55.56999969482422,53.91999816894531,53.91999816894531,45.78466033935547,4100
2019-12-20,54.0,54.70000076293945,53.099998474121094,54.70000076293945,46.44697952270508,17000
2019-12-23,54.29999923706055,54.29999923706055,53.29999923706055,53.72999954223633,45.62332534790039,2600
2019-12-24,53.56999969482422,54.38999938964844,53.56999969482422,54.310001373291016,46.11581802368164,1000
2019-12-26,55.02000045776367,55.869998931884766,54.41999816894531,54.599998474121094,46.362060546875,2400
2019-12-27,55.15999984741211,55.779998779296875,54.7400016784668,55.779998779296875,47.3640251159668,3300
2019-12-30,55.93000030517578,55.93000030517578,54.5,54.9900016784668,46.69322204589844,4800
2019-12-31,54.02000045776367,55.33000183105469,54.02000045776367,55.33000183105469,46.98192596435547,1500
2020-01-02,55.5099983215332,55.5099983215332,54.2599983215332,54.2599983215332,46.073360443115234,3800
2020-01-03,53.38999938964844,54.2599983215332,53.38999938964844,53.79999923706055,45.68276596069336,2100
2020-01-06,53.349998474121094,53.7599983215332,52.689998626708984,52.689998626708984,44.7402458190918,2900
2020-01-07,53.029998779296875,53.029998779296875,52.040000915527344,52.119998931884766,44.256248474121094,2800
2020-01-08,52.459999084472656,52.63999938964844,52.310001373291016,52.310001373291016,44.417579650878906,2400
2020-01-09,52.810001373291016,52.810001373291016,52.810001373291016,52.810001373291016,44.84214401245117,700
2020-01-10,52.22999954223633,52.33000183105469,52.0,52.0,44.15434646606445,4300
2020-01-13,52.0,52.56999969482422,52.0,52.56999969482422,44.63834762573242,1800
2020-01-14,52.220001220703125,52.220001220703125,52.0,52.0,44.15434646606445,2000
2020-01-15,52.290000915527344,52.529998779296875,51.619998931884766,52.400001525878906,44.493995666503906,1400
2020-01-16,52.029998779296875,52.599998474121094,52.029998779296875,52.25,44.36662292480469,2200
2020-01-17,52.70000076293945,52.70000076293945,52.150001525878906,52.150001525878906,44.281715393066406,2800
2020-01-21,52.15999984741211,52.40999984741211,51.349998474121094,51.560001373291016,43.780738830566406,7100
2020-01-22,51.56999969482422,52.06999969482422,51.5,52.06999969482422,44.213783264160156,1700
2020-01-23,51.400001525878906,51.79999923706055,51.400001525878906,51.79999923706055,43.98452377319336,4400
2020-01-24,51.5,52.15999984741211,51.5,51.81999969482422,44.001502990722656,2000
2020-01-27,51.5,51.5,50.70000076293945,51.099998474121094,43.39012908935547,7900
2020-01-28,51.43000030517578,52.9900016784668,50.900001525878906,52.5,44.57890319824219,5600
2020-01-29,52.13999938964844,52.529998779296875,52.13999938964844,52.470001220703125,44.55344009399414,1700
2020-01-30,51.689998626708984,53.349998474121094,51.689998626708984,53.349998474121094,45.30066680908203,1900
2020-01-31,52.66999816894531,52.66999816894531,50.04999923706055,50.04999923706055,42.49856185913086,5900
2020-02-03,50.43000030517578,50.790000915527344,50.150001525878906,50.150001525878906,42.583473205566406,2900
2020-02-04,50.400001525878906,50.93000030517578,49.70000076293945,49.70000076293945,42.20136642456055,3300
2020-02-05,50.4900016784668,50.77000045776367,50.20000076293945,50.20000076293945,42.62593460083008,1700
2020-02-06,51.38999938964844,51.38999938964844,49.040000915527344,49.040000915527344,41.64095687866211,8800
2020-02-07,48.0,48.91999816894531,48.0,48.689998626708984,41.34375,4800
2020-02-10,48.849998474121094,48.849998474121094,48.619998931884766,48.619998931884766,41.28431701660156,1200
2020-02-11,48.720001220703125,49.369998931884766,48.599998474121094,48.66999816894531,41.326778411865234,2800
2020-02-12,49.29999923706055,49.58000183105469,49.189998626708984,49.310001373291016,41.87021255493164,5900
2020-02-13,48.810001373291016,49.61000061035156,48.810001373291016,49.20000076293945,41.77680969238281,5000
2020-02-14,49.20000076293945,50.220001220703125,49.20000076293945,49.689998626708984,42.19287109375,4200
2020-02-18,49.959999084472656,54.36000061035156,49.959999084472656,53.20000076293945,45.17329406738281,14500
2020-02-19,53.54999923706055,53.58000183105469,52.130001068115234,52.5,44.57890319824219,7700
2020-02-20,52.34000015258789,52.34000015258789,50.619998931884766,50.709999084472656,43.05897903442383,5500
2020-02-21,50.68000030517578,51.27000045776367,49.75,49.75,42.24381637573242,3200
2020-02-24,48.63999938964844,49.939998626708984,47.939998626708984,49.040000915527344,41.64095687866211,9400
2020-02-25,48.2599983215332,48.9900016784668,48.099998474121094,48.099998474121094,40.842769622802734,4200
2020-02-26,48.33000183105469,48.880001068115234,45.599998474121094,46.029998779296875,39.0850944519043,12300
2020-02-27,45.5,45.5,42.15999984741211,43.5099983215332,36.945308685302734,12700
2020-02-28,44.0,46.06999969482422,44.0,45.5,38.63505172729492,6500
2020-03-02,45.0,48.72999954223633,44.77000045776367,48.45000076293945,41.13996887207031,10400
2020-03-03,46.810001373291016,47.25,44.119998931884766,44.54999923706055,37.82838821411133,6900
2020-03-04,46.060001373291016,48.65999984741211,44.77000045776367,47.4900016784668,40.32481002807617,9100
2020-03-05,46.75,48.36000061035156,44.900001525878906,44.900001525878906,38.125587463378906,5900
2020-03-06,44.02000045776367,44.900001525878906,42.400001525878906,43.43000030517578,36.87736892700195,6900
2020-03-09,40.72999954223633,42.77000045776367,38.95000076293945,39.400001525878906,33.455413818359375,4800
2020-03-10,39.70000076293945,42.86000061035156,36.5,37.099998474121094,31.502429962158203,17400
2020-03-11,36.33000183105469,37.9900016784668,34.720001220703125,36.27000045776367,30.797657012939453,13000
2020-03-12,33.04999923706055,33.13999938964844,29.709999084472656,31.84000015258789,27.32230567932129,17000
2020-03-13,33.5,38.4900016784668,33.5,35.29999923706055,30.291379928588867,14900
2020-03-16,32.5,34.150001525878906,30.31999969482422,32.0099983215332,27.46817970275879,19300
2020-03-17,32.0099983215332,36.33000183105469,32.0,36.0,30.892045974731445,13500
2020-03-18,35.41999816894531,35.41999816894531,32.20000076293945,33.5,28.746768951416016,11100
2020-03-19,32.75,36.0,32.56999969482422,36.0,30.892045974731445,6600
2020-03-20,35.02000045776367,37.040000915527344,33.95000076293945,34.900001525878906,29.948129653930664,20600
2020-03-23,35.2599983215332,36.0,32.08000183105469,32.70000076293945,28.060285568237305,6800
2020-03-24,34.81999969482422,34.81999969482422,31.68000030517578,33.58000183105469,28.815414428710938,17500
2020-03-25,34.029998779296875,39.150001525878906,31.75,36.88999938964844,31.655765533447266,25100
2020-03-26,36.70000076293945,41.81999969482422,36.70000076293945,40.0,34.32449722290039,20200
2020-03-27,38.4900016784668,39.5,34.0099983215332,35.09000015258789,30.111169815063477,8800
2020-03-30,35.4900016784668,40.77000045776367,35.099998474121094,39.95000076293945,34.28159713745117,10700
2020-03-31,39.939998626708984,40.77000045776367,38.709999084472656,39.900001525878906,34.238685607910156,14800
2020-04-01,38.709999084472656,40.31999969482422,36.0099983215332,36.0099983215332,30.900625228881836,16100
2020-04-02,36.29999923706055,37.0,34.41999816894531,34.75,29.819416046142578,10300
2020-04-03,34.75,34.75,32.779998779296875,33.029998779296875,28.343456268310547,10400
2020-04-06,35.279998779296875,38.279998779296875,34.529998779296875,35.70000076293945,30.634618759155273,9800
2020-04-07,36.7599983215332,37.02000045776367,35.70000076293945,35.70000076293945,30.634618759155273,4300
2020-04-08,35.75,40.97999954223633,34.150001525878906,40.0,34.32449722290039,21400
2020-04-09,40.790000915527344,41.0,38.84000015258789,39.900001525878906,34.238685607910156,12500
2020-04-13,39.41999816894531,40.9900016784668,37.5099983215332,38.0,32.60828399658203,7800
2020-04-14,38.61000061035156,39.0,36.02000045776367,36.02000045776367,30.909215927124023,10400
2020-04-15,35.7599983215332,35.7599983215332,31.200000762939453,31.549999237060547,27.07344627380371,14900
2020-04-16,32.97999954223633,32.97999954223633,28.149999618530273,31.200000762939453,26.773113250732422,13500
2020-04-17,31.799999237060547,33.189998626708984,31.0,31.780000686645508,27.270814895629883,7000
2020-04-20,31.420000076293945,31.790000915527344,29.5,29.84000015258789,25.6060791015625,6800
2020-04-21,29.600000381469727,29.600000381469727,28.0,28.549999237060547,24.499109268188477,6400
2020-04-22,28.799999237060547,30.309999465942383,28.760000228881836,30.100000381469727,25.829191207885742,2500
2020-04-23,30.100000381469727,31.170000076293945,30.100000381469727,30.600000381469727,26.258243560791016,4300
2020-04-24,31.520000457763672,31.520000457763672,29.200000762939453,30.110000610351562,25.8377685546875,8100
2020-04-27,30.25,32.63999938964844,30.25,32.0,27.45960235595703,11500
2020-04-28,32.02000045776367,33.88999938964844,32.02000045776367,33.75,28.96129608154297,7000
2020-04-29,35.0,37.36000061035156,33.36000061035156,36.04999923706055,30.934953689575195,9100
2020-04-30,34.560001373291016,36.380001068115234,34.16999816894531,35.560001373291016,30.514480590820312,6000
2020-05-01,34.0,35.75,33.5,34.5,29.60488510131836,5900
2020-05-04,35.290000915527344,35.290000915527344,32.0,35.0,30.03394317626953,6700
2020-05-05,36.130001068115234,36.54999923706055,32.31999969482422,32.31999969482422,27.734195709228516,9800
2020-05-06,32.779998779296875,32.779998779296875,30.200000762939453,30.200000762939453,25.915000915527344,8100
2020-05-07,30.739999771118164,31.0,30.229999542236328,30.5,26.17243766784668,6200
2020-05-08,31.739999771118164,32.90999984741211,31.1299991607666,32.20000076293945,27.631223678588867,10600
2020-05-11,32.20000076293945,33.209999084472656,31.170000076293945,31.690000534057617,27.193586349487305,13400
2020-05-12,32.189998626708984,33.22999954223633,31.100000381469727,31.649999618530273,27.15926170349121,13100
2020-05-13,31.729999542236328,31.729999542236328,30.600000381469727,31.5,27.03054428100586,7000
2020-05-14,31.700000762939453,32.61000061035156,30.90999984741211,32.61000061035156,27.983051300048828,6300
2020-05-15,32.29999923706055,32.369998931884766,31.25,32.369998931884766,27.777103424072266,5900
2020-05-18,32.369998931884766,37.0,32.369998931884766,36.790000915527344,31.569963455200195,9000
2020-05-19,36.45000076293945,36.599998474121094,32.0099983215332,32.959999084472656,28.283388137817383,10000
2020-05-20,33.439998626708984,34.97999954223633,33.40999984741211,34.93000030517578,29.973875045776367,4000
2020-05-21,33.720001220703125,33.720001220703125,33.279998779296875,33.279998779296875,28.557981491088867,1500
2020-05-22,34.18000030517578,34.18000030517578,34.18000030517578,34.18000030517578,29.330289840698242,1200
2020-05-26,35.29999923706055,35.29999923706055,34.29999923706055,34.29999923706055,29.43325424194336,6900
2020-05-27,34.97999954223633,38.0,34.880001068115234,37.79999923706055,32.43665313720703,9100
2020-05-28,37.31999969482422,39.38999938964844,37.150001525878906,37.150001525878906,31.878887176513672,7800
2020-05-29,37.5,37.5,36.040000915527344,36.040000915527344,30.926374435424805,1600
2020-06-01,36.779998779296875,37.310001373291016,35.400001525878906,35.400001525878906,30.37718391418457,6700
2020-06-02,35.45000076293945,35.79999923706055,33.4900016784668,34.720001220703125,29.793668746948242,17600
2020-06-03,35.5099983215332,37.2400016784668,35.5099983215332,36.2400016784668,31.098003387451172,4600
2020-06-04,36.380001068115234,36.45000076293945,35.20000076293945,36.45000076293945,31.278207778930664,6300
2020-06-05,37.18000030517578,40.97999954223633,37.18000030517578,39.310001373291016,33.7324104309082,13100
2020-06-08,40.20000076293945,44.400001525878906,38.95000076293945,42.189998626708984,36.20376205444336,20600
2020-06-09,41.97999954223633,42.34000015258789,40.93000030517578,41.5,35.611671447753906,6700
2020-06-10,43.75,43.75,39.02000045776367,39.5,33.89544677734375,4700
2020-06-11,38.61000061035156,38.61000061035156,34.5099983215332,35.529998779296875,30.488740921020508,15900
2020-06-12,36.40999984741211,36.40999984741211,32.209999084472656,34.45000076293945,29.881563186645508,10200
2020-06-15,33.720001220703125,36.15999984741211,33.720001220703125,36.15999984741211,31.364803314208984,4800
2020-06-16,38.189998626708984,38.189998626708984,36.11000061035156,36.56999969482422,31.720430374145508,2700
2020-06-17,36.939998626708984,36.939998626708984,32.77000045776367,32.77000045776367,28.42435646057129,6500
2020-06-18,33.58000183105469,34.0,32.45000076293945,32.880001068115234,28.51976203918457,7100
2020-06-19,33.209999084472656,34.09000015258789,32.849998474121094,34.09000015258789,29.569303512573242,12100
2020-06-22,33.099998474121094,33.470001220703125,32.630001068115234,32.630001068115234,28.302915573120117,4700
2020-06-23,33.380001068115234,33.380001068115234,32.20000076293945,32.20000076293945,27.92993927001953,4200
2020-06-24,32.25,32.810001373291016,31.6299991607666,31.6299991607666,27.435523986816406,7300
2020-06-25,34.599998474121094,35.720001220703125,32.400001525878906,35.400001525878906,30.705585479736328,12300
2020-06-26,35.29999923706055,35.38999938964844,32.040000915527344,32.25,27.973304748535156,20900
2020-06-29,33.529998779296875,33.91999816894531,33.0,33.7400016784668,29.26572036743164,7100
2020-06-30,33.43000030517578,33.43000030517578,33.04999923706055,33.25,28.840694427490234,2700
2020-07-01,33.7599983215332,36.0,33.7599983215332,34.9900016784668,30.349960327148438,16100
2020-07-02,35.459999084472656,35.88999938964844,34.349998474121094,34.349998474121094,29.794828414916992,6300
2020-07-06,34.5,34.5,31.049999237060547,33.709999084472656,29.239702224731445,2400
2020-07-07,32.400001525878906,32.540000915527344,31.700000762939453,31.700000762939453,27.496246337890625,2400
2020-07-08,32.0,32.540000915527344,31.3700008392334,32.0,27.75646209716797,3400
2020-07-09,32.47999954223633,32.91999816894531,31.600000381469727,31.600000381469727,27.409503936767578,3000
2020-07-10,32.79999923706055,32.79999923706055,32.5,32.5,28.190156936645508,2400
2020-07-13,33.099998474121094,33.099998474121094,31.350000381469727,31.399999618530273,27.236024856567383,4800
2020-07-14,31.469999313354492,31.950000762939453,31.049999237060547,31.1299991607666,27.001829147338867,8000
2020-07-15,31.600000381469727,32.5,31.559999465942383,31.559999465942383,27.374807357788086,6100
2020-07-16,31.600000381469727,32.72999954223633,30.5,30.719999313354492,26.646203994750977,5800
2020-07-17,30.399999618530273,30.5,29.0,29.100000381469727,25.24103546142578,9900
2020-07-20,30.0,30.709999084472656,29.510000228881836,30.329999923706055,26.307920455932617,4100
2020-07-21,30.290000915527344,31.5,30.040000915527344,31.5,27.322765350341797,2600
2020-07-22,30.940000534057617,30.940000534057617,30.280000686645508,30.280000686645508,26.26454734802246,1700
2020-07-23,30.450000762939453,30.700000762939453,29.6200008392334,29.700000762939453,25.761470794677734,4000
2020-07-24,30.149999618530273,30.149999618530273,29.8700008392334,29.8700008392334,25.908924102783203,1600
2020-07-27,30.579999923706055,30.579999923706055,30.219999313354492,30.219999313354492,26.212509155273438,1300
2020-07-28,31.200000762939453,31.200000762939453,29.299999237060547,29.790000915527344,25.83953285217285,3300
2020-07-29,29.889999389648438,30.899999618530273,29.6299991607666,30.0,26.021682739257812,6000
2020-07-30,30.0,30.549999237060547,29.479999542236328,30.110000610351562,26.117095947265625,4300
2020-07-31,30.34000015258789,30.600000381469727,29.350000381469727,29.350000381469727,25.45787811279297,6900
2020-08-03,29.479999542236328,29.799999237060547,28.860000610351562,29.799999237060547,25.84820556640625,13900
2020-08-04,29.700000762939453,31.889999389648438,29.700000762939453,31.790000915527344,27.574310302734375,5800
2020-08-05,32.029998779296875,32.040000915527344,30.899999618530273,31.989999771118164,27.747785568237305,2000
2020-08-06,29.299999237060547,31.799999237060547,29.299999237060547,30.549999237060547,26.49874496459961,1500
2020-08-07,31.469999313354492,31.479999542236328,30.31999969482422,31.010000228881836,26.89774513244629,3800
2020-08-10,31.239999771118164,33.41999816894531,31.239999771118164,32.04999923706055,27.799829483032227,12600
2020-08-11,33.810001373291016,33.97999954223633,32.33000183105469,32.33000183105469,28.042701721191406,6400
2020-08-12,33.040000915527344,33.5099983215332,32.970001220703125,32.97999954223633,28.606504440307617,4000
2020-08-13,33.029998779296875,33.5,33.0,33.0,28.623851776123047,1400
2020-08-14,33.09000015258789,33.09000015258789,31.549999237060547,32.0,27.75646209716797,3000
2020-08-17,31.68000030517578,31.68000030517578,30.940000534057617,30.940000534057617,26.8370304107666,4400
2020-08-18,30.850000381469727,31.31999969482422,30.850000381469727,31.31999969482422,27.16663932800293,700
2020-08-19,31.989999771118164,31.989999771118164,31.75,31.75,27.539613723754883,2200
2020-08-20,31.6299991607666,32.400001525878906,31.6299991607666,32.400001525878906,28.103416442871094,800
2020-08-21,31.899999618530273,34.040000915527344,31.899999618530273,33.04999923706055,28.667219161987305,13400
2020-08-24,33.060001373291016,33.2400016784668,32.209999084472656,32.209999084472656,27.938613891601562,1300
2020-08-25,32.84000015258789,33.279998779296875,32.16999816894531,33.279998779296875,28.866716384887695,1100
2020-08-26,32.599998474121094,32.599998474121094,32.13999938964844,32.13999938964844,27.877897262573242,1500
2020-08-27,32.75,32.75,32.15999984741211,32.15999984741211,27.89524269104004,1200
2020-08-28,32.0,33.88999938964844,32.0,32.970001220703125,28.597835540771484,6300
2020-08-31,33.099998474121094,33.099998474121094,31.969999313354492,31.969999313354492,27.730438232421875,4400
2020-09-01,31.649999618530273,31.799999237060547,31.010000228881836,31.579999923706055,27.39215850830078,6000
2020-09-02,31.90999984741211,31.90999984741211,31.90999984741211,31.90999984741211,27.67840003967285,1100
2020-09-03,31.59000015258789,32.0,30.93000030517578,31.469999313354492,27.29673957824707,6200
2020-09-04,32.220001220703125,32.220001220703125,30.670000076293945,31.260000228881836,27.114595413208008,6800
2020-09-08,30.889999389648438,31.649999618530273,30.559999465942383,30.68000030517578,26.611507415771484,4100
2020-09-09,30.75,32.0,30.510000228881836,30.639999389648438,26.576810836791992,3300
2020-09-10,30.469999313354492,31.219999313354492,30.469999313354492,30.729999542236328,26.654876708984375,4000
2020-09-11,31.399999618530273,31.399999618530273,30.0,30.0,26.021682739257812,3400
2020-09-14,29.950000762939453,30.809999465942383,29.860000610351562,30.399999618530273,26.706920623779297,3500
2020-09-15,30.34000015258789,30.34000015258789,29.0,29.510000228881836,25.925050735473633,9400
2020-09-16,29.600000381469727,30.15999984741211,29.5,29.540000915527344,25.951400756835938,3700
2020-09-17,29.260000228881836,30.549999237060547,29.260000228881836,30.360000610351562,26.671789169311523,1900
2020-09-18,30.969999313354492,30.969999313354492,29.489999771118164,30.09000015258789,26.434585571289062,15400
2020-09-21,29.360000610351562,30.350000381469727,29.25,29.260000228881836,25.705415725708008,6800
2020-09-22,30.18000030517578,30.18000030517578,28.829999923706055,30.010000228881836,26.36430549621582,7300
2020-09-23,30.0,30.229999542236328,28.950000762939453,29.049999237060547,25.520923614501953,3800
2020-09-24,28.760000228881836,30.6299991607666,28.75,29.170000076293945,25.6263484954834,5200
2020-09-25,29.0,30.0,29.0,29.110000610351562,25.573640823364258,4100
2020-09-28,29.56999969482422,29.579999923706055,28.790000915527344,29.110000610351562,25.573640823364258,6100
2020-09-29,29.170000076293945,29.489999771118164,28.75,29.200000762939453,25.652706146240234,8100
2020-09-30,29.520000457763672,30.110000610351562,29.299999237060547,29.700000762939453,26.091964721679688,4300
2020-10-01,29.979999542236328,29.979999542236328,29.350000381469727,29.520000457763672,25.93383026123047,5100
2020-10-02,29.350000381469727,29.729999542236328,29.350000381469727,29.709999084472656,26.10074806213379,2900
2020-10-05,30.0,30.450000762939453,29.829999923706055,29.829999923706055,26.20616912841797,7300
2020-10-06,29.770000457763672,29.81999969482422,29.450000762939453,29.450000762939453,25.872333526611328,3900
2020-10-07,29.5,30.149999618530273,29.5,29.989999771118164,26.346736907958984,5000
2020-10-08,29.510000228881836,31.56999969482422,29.510000228881836,30.860000610351562,27.11104393005371,14700
2020-10-09,30.709999084472656,31.309999465942383,30.600000381469727,31.049999237060547,27.277957916259766,6500
2020-10-12,31.100000381469727,31.100000381469727,30.739999771118164,30.739999771118164,27.0056209564209,1400
2020-10-13,30.260000228881836,30.75,30.229999542236328,30.229999542236328,26.55757713317871,2700
2020-10-14,30.100000381469727,30.100000381469727,29.229999542236328,29.329999923706055,25.766908645629883,11800
2020-10-15,29.149999618530273,29.420000076293945,28.799999237060547,29.18000030517578,25.635133743286133,12200
2020-10-16,29.06999969482422,31.149999618530273,29.06999969482422,30.989999771118164,27.225248336791992,24300
2020-10-19,30.760000228881836,30.760000228881836,29.5,29.799999237060547,26.179813385009766,6200
2020-10-20,29.610000610351562,30.299999237060547,29.600000381469727,30.299999237060547,26.61907386779785,3100
2020-10-21,29.649999618530273,30.479999542236328,29.649999618530273,30.479999542236328,26.777210235595703,1400
2020-10-22,30.25,30.700000762939453,30.25,30.5,26.79477882385254,4100
2020-10-23,30.5,31.600000381469727,30.399999618530273,31.170000076293945,27.383384704589844,31000
2020-10-26,31.200000762939453,31.399999618530273,30.790000915527344,30.950000762939453,27.19011116027832,5400
2020-10-27,30.530000686645508,32.0,30.170000076293945,31.360000610351562,27.550302505493164,21400
2020-10-28,31.100000381469727,31.989999771118164,30.469999313354492,31.0,27.234037399291992,10700
2020-10-29,30.809999465942383,31.5,30.709999084472656,31.5,27.67329216003418,4900
2020-10-30,31.600000381469727,31.610000610351562,31.010000228881836,31.149999618530273,27.365812301635742,6400
2020-11-02,31.8700008392334,31.8700008392334,31.8700008392334,31.8700008392334,27.99834442138672,2100
2020-11-03,32.13999938964844,32.849998474121094,32.119998931884766,32.650001525878906,28.683589935302734,6700
2020-11-04,32.029998779296875,32.029998779296875,31.299999237060547,31.299999237060547,27.497591018676758,2200
2020-11-05,31.600000381469727,32.16999816894531,31.549999237060547,32.0,28.1125545501709,2100
2020-11-06,32.06999969482422,32.36000061035156,32.029998779296875,32.029998779296875,28.13890838623047,2700
2020-11-09,34.13999938964844,36.2599983215332,33.279998779296875,33.279998779296875,29.237049102783203,8900
2020-11-10,33.58000183105469,36.849998474121094,33.58000183105469,35.779998779296875,31.433349609375,13400
2020-11-11,36.0099983215332,36.0099983215332,35.400001525878906,35.400001525878906,31.099512100219727,4300
2020-11-12,35.36000061035156,35.36000061035156,33.599998474121094,33.630001068115234,29.544536590576172,6000
2020-11-13,33.939998626708984,35.16999816894531,33.939998626708984,34.650001525878906,30.440622329711914,7300
2020-11-16,36.0,37.33000183105469,36.0,36.93000030517578,32.44363784790039,11500
2020-11-17,36.599998474121094,38.0,35.310001373291016,37.25,32.72476577758789,8200
2020-11-18,37.79999923706055,40.29999923706055,37.45000076293945,39.77000045776367,34.93863296508789,14500
2020-11-19,39.560001373291016,41.599998474121094,39.560001373291016,41.13999938964844,36.14220428466797,7800
2020-11-20,41.0,41.04999923706055,40.45000076293945,40.45000076293945,35.53602600097656,4400
2020-11-23,41.18000030517578,41.79999923706055,41.029998779296875,41.04999923706055,36.063140869140625,6500
2020-11-24,41.599998474121094,41.75,38.45000076293945,41.47999954223633,36.440895080566406,6600
2020-11-25,41.529998779296875,41.529998779296875,39.65999984741211,39.65999984741211,34.84199142456055,3700
2020-11-27,38.86000061035156,39.29999923706055,38.02000045776367,39.29999923706055,34.525733947753906,2900
2020-11-30,38.900001525878906,39.900001525878906,37.5,37.5,32.94439697265625,11100
2020-12-01,37.790000915527344,37.880001068115234,37.790000915527344,37.79999923706055,33.20795440673828,3200
2020-12-02,37.310001373291016,37.779998779296875,36.720001220703125,37.5,32.94439697265625,7100
2020-12-03,37.4900016784668,37.779998779296875,37.11000061035156,37.11000061035156,32.60177230834961,1700
2020-12-04,37.5,37.5,36.0,36.400001525878906,31.978031158447266,18800
2020-12-07,36.400001525878906,37.650001525878906,36.400001525878906,36.72999954223633,32.26793670654297,6600
2020-12-08,36.779998779296875,37.029998779296875,36.599998474121094,36.880001068115234,32.39971923828125,11100
2020-12-09,37.25,37.25,36.220001220703125,36.5,32.065879821777344,22200
2020-12-10,36.36000061035156,37.0,36.36000061035156,36.84000015258789,32.36457443237305,12800
2020-12-11,36.279998779296875,36.7599983215332,36.279998779296875,36.75,32.62200164794922,2000
2020-12-14,36.84000015258789,37.150001525878906,36.5,36.939998626708984,32.7906608581543,7800
2020-12-15,36.689998626708984,37.619998931884766,36.689998626708984,37.290000915527344,33.10133743286133,10100
2020-12-16,37.310001373291016,37.66999816894531,36.869998931884766,36.869998931884766,32.728515625,10100
2020-12-17,37.189998626708984,37.369998931884766,36.65999984741211,37.0099983215332,32.8527946472168,6700
2020-12-18,37.150001525878906,37.380001068115234,36.27000045776367,36.27000045776367,32.195919036865234,28500
2020-12-21,36.20000076293945,36.33000183105469,35.5,36.09000015258789,32.03614044189453,11100
2020-12-22,35.54999923706055,36.13999938964844,35.54999923706055,36.13999938964844,32.08051300048828,7700
2020-12-23,36.20000076293945,37.5,36.20000076293945,37.31999969482422,33.12798309326172,9700
2020-12-24,38.0,38.220001220703125,36.91999816894531,37.20000076293945,33.02145767211914,5800
2020-12-28,37.849998474121094,38.189998626708984,37.5,37.939998626708984,33.67833709716797,9100
2020-12-29,37.5,38.099998474121094,36.470001220703125,36.9900016784668,32.83504104614258,5400
2020-12-30,37.060001373291016,37.900001525878906,36.779998779296875,37.0,32.84392166137695,7600
2020-12-31,36.75,37.25,36.75,37.11000061035156,32.941558837890625,5400
2021-01-04,37.58000183105469,38.02000045776367,36.900001525878906,37.0,32.84392166137695,7400
2021-01-05,37.099998474121094,38.20000076293945,37.099998474121094,37.68000030517578,33.447540283203125,10000
2021-01-06,38.41999816894531,40.189998626708984,38.25,38.70000076293945,34.352970123291016,12800
2021-01-07,38.4900016784668,39.27000045776367,38.45000076293945,38.70000076293945,34.352970123291016,11300
2021-01-08,38.56999969482422,39.25,38.0,38.02000045776367,33.74934768676758,8300
2021-01-11,38.529998779296875,39.40999984741211,38.45000076293945,39.09000015258789,34.699161529541016,9600
2021-01-12,39.25,40.900001525878906,39.2400016784668,40.880001068115234,36.288089752197266,9200
2021-01-13,39.81999969482422,40.5099983215332,39.43000030517578,39.56999969482422,35.12523651123047,15400
2021-01-14,40.0,40.2599983215332,39.54999923706055,40.20000076293945,35.68447494506836,3500
2021-01-15,39.75,40.45000076293945,38.81999969482422,39.459999084472656,35.02760314941406,11700
2021-01-19,39.5099983215332,40.029998779296875,39.0,40.029998779296875,35.533573150634766,10900
2021-01-20,39.5,39.7400016784668,39.290000915527344,39.68000030517578,35.22289276123047,3000
2021-01-21,39.439998626708984,39.439998626708984,38.439998626708984,38.54999923706055,34.219810485839844,6800
2021-01-22,38.25,39.47999954223633,38.099998474121094,39.47999954223633,35.045345306396484,16400
2021-01-25,39.040000915527344,39.5,39.02000045776367,39.06999969482422,34.681400299072266,5200
2021-01-26,39.150001525878906,39.43000030517578,38.70000076293945,38.70000076293945,34.352970123291016,7100
2021-01-27,38.52000045776367,40.47999954223633,37.97999954223633,39.11000061035156,34.716915130615234,14500
2021-01-28,39.5,40.54999923706055,39.119998931884766,40.439998626708984,35.897518157958984,6000
2021-01-29,40.0,40.0,38.0,39.369998931884766,34.94770431518555,21800
2021-02-01,39.45000076293945,39.45000076293945,38.0099983215332,39.2599983215332,34.850059509277344,6100
2021-02-02,39.75,39.75,38.84000015258789,39.400001525878906,34.974334716796875,4200
2021-02-03,39.099998474121094,39.349998474121094,38.7599983215332,39.08000183105469,34.690277099609375,6200
2021-02-04,39.040000915527344,40.0,39.040000915527344,39.95000076293945,35.462554931640625,4000
2021-02-05,39.65999984741211,40.959999084472656,39.65999984741211,40.599998474121094,36.0395393371582,4700
2021-02-08,40.47999954223633,41.2400016784668,40.31999969482422,41.2400016784668,36.6076545715332,8800
2021-02-09,40.810001373291016,42.5,40.529998779296875,42.5,37.72612380981445,10600
2021-02-10,42.119998931884766,43.16999816894531,41.13999938964844,43.0,38.16996383666992,26700
2021-02-11,42.779998779296875,43.5,42.22999954223633,43.0,38.16996383666992,22800
2021-02-12,42.459999084472656,43.400001525878906,41.83000183105469,43.15999984741211,38.31199264526367,7600
2021-02-16,43.150001525878906,43.970001220703125,41.900001525878906,43.70000076293945,38.79133987426758,8600
2021-02-17,43.599998474121094,44.0,42.369998931884766,43.0,38.16996383666992,5300
2021-02-18,42.25,43.279998779296875,42.25,42.939998626708984,38.11669921875,4200
2021-02-19,42.83000183105469,43.58000183105469,42.83000183105469,43.529998779296875,38.64043045043945,4000
2021-02-22,43.349998474121094,44.02000045776367,42.880001068115234,44.0,39.05763244628906,13300
2021-02-23,44.0,44.56999969482422,43.4900016784668,43.81999969482422,38.897850036621094,6600
2021-02-24,44.16999816894531,45.869998931884766,44.16999816894531,44.52000045776367,39.519222259521484,4200
2021-02-25,44.900001525878906,46.58000183105469,44.16999816894531,44.16999816894531,39.20853805541992,4400
2021-02-26,44.56999969482422,44.709999084472656,43.5,43.5,38.61380386352539,7600
2021-03-01,44.47999954223633,44.47999954223633,42.75,43.5,38.61380386352539,6300
2021-03-02,43.4900016784668,43.540000915527344,42.52000045776367,42.65999984741211,37.86815643310547,10300
2021-03-03,42.5099983215332,43.93000030517578,42.5099983215332,43.93000030517578,38.995506286621094,8200
2021-03-04,44.0,47.90999984741211,44.0,45.45000076293945,40.34476089477539,13600
2021-03-05,45.86000061035156,48.54999923706055,45.5,48.52000045776367,43.06991195678711,11200
2021-03-08,49.040000915527344,51.720001220703125,49.0,51.720001220703125,45.91047286987305,21300
2021-03-09,50.9900016784668,51.79999923706055,50.0099983215332,50.79999923706055,45.093814849853516,29700
2021-03-10,51.75,53.040000915527344,51.099998474121094,51.81999969482422,45.999244689941406,16100
2021-03-11,50.20000076293945,50.68000030517578,49.0099983215332,49.459999084472656,44.228668212890625,13400
2021-03-12,49.459999084472656,50.220001220703125,49.43000030517578,49.86000061035156,44.58636474609375,7300
2021-03-15,50.0,50.0,48.0,48.779998779296875,43.62058639526367,8400
2021-03-16,49.04999923706055,49.04999923706055,46.9900016784668,46.9900016784668,42.019920349121094,4900
2021-03-17,47.470001220703125,47.470001220703125,45.4900016784668,46.54999923706055,41.626461029052734,4800
2021-03-18,46.5,47.31999969482422,46.04999923706055,46.75,41.8052978515625,9400
2021-03-19,47.310001373291016,49.099998474121094,46.13999938964844,49.099998474121094,43.90673828125,30100
2021-03-22,48.31999969482422,49.16999816894531,46.220001220703125,46.459999084472656,41.54597091674805,26600
2021-03-23,46.439998626708984,46.70000076293945,43.459999084472656,43.619998931884766,39.00635528564453,16400
2021-03-24,44.349998474121094,45.36000061035156,43.060001373291016,43.060001373291016,38.505592346191406,12700
2021-03-25,43.040000915527344,43.59000015258789,42.38999938964844,43.59000015258789,38.979522705078125,10400
2021-03-26,43.029998779296875,44.119998931884766,43.0099983215332,43.54999923706055,38.94375991821289,5100
2021-03-29,43.68000030517578,44.91999816894531,43.63999938964844,44.599998474121094,39.8827018737793,8800
2021-03-30,45.5,46.709999084472656,44.4900016784668,46.099998474121094,41.22404861450195,13100
2021-03-31,44.97999954223633,47.0099983215332,44.279998779296875,44.290000915527344,39.60548400878906,16700
2021-04-01,44.900001525878906,47.0,44.13999938964844,46.25,41.35818862915039,12500
2021-04-05,45.790000915527344,46.33000183105469,44.88999938964844,45.47999954223633,40.66962432861328,6900
2021-04-06,44.939998626708984,45.349998474121094,43.81999969482422,44.29999923706055,39.61442947387695,9300
2021-04-07,44.20000076293945,44.20000076293945,41.83000183105469,42.36000061035156,37.87963104248047,11400
2021-04-08,42.099998474121094,42.709999084472656,41.91999816894531,42.04999923706055,37.60240936279297,3900
2021-04-09,42.5099983215332,42.849998474121094,41.54999923706055,41.54999923706055,37.155296325683594,10100
2021-04-12,41.849998474121094,41.95000076293945,40.41999816894531,40.560001373291016,36.27001190185547,13100
2021-04-13,40.369998931884766,41.33000183105469,40.20000076293945,40.779998779296875,36.46673583984375,7600
2021-04-14,41.61000061035156,42.060001373291016,41.040000915527344,41.25,36.887027740478516,9300
2021-04-15,41.41999816894531,42.7400016784668,41.220001220703125,41.36000061035156,36.98539352416992,11200
2021-04-16,41.77000045776367,42.36000061035156,41.099998474121094,41.27000045776367,36.90492248535156,20600
2021-04-19,41.40999984741211,42.279998779296875,40.369998931884766,41.470001220703125,37.083763122558594,28300
2021-04-20,42.20000076293945,42.20000076293945,40.31999969482422,40.70000076293945,36.39520263671875,7900
2021-04-21,40.70000076293945,41.5,40.2400016784668,40.810001373291016,36.493568420410156,7800
2021-04-22,40.86000061035156,41.529998779296875,39.43000030517578,40.43000030517578,36.15375900268555,20000
2021-04-23,41.0,41.880001068115234,40.220001220703125,41.369998931884766,36.99433517456055,13200
2021-04-26,41.400001525878906,42.04999923706055,41.0,41.29999923706055,36.93173599243164,17300
2021-04-27,41.709999084472656,41.970001220703125,40.880001068115234,41.349998474121094,36.97644805908203,12900
2021-04-28,41.400001525878906,41.689998626708984,40.79999923706055,41.689998626708984,37.28049087524414,13000
2021-04-29,41.66999816894531,42.25,40.849998474121094,41.720001220703125,37.30731964111328,20000
2021-04-30,41.380001068115234,42.79999923706055,41.33000183105469,42.18000030517578,37.71866226196289,19300
2021-05-03,42.52000045776367,42.9900016784668,42.380001068115234,42.939998626708984,38.398277282714844,11000
2021-05-04,43.0,43.029998779296875,42.40999984741211,42.810001373291016,38.28203201293945,25400
2021-05-05,42.810001373291016,44.0,42.810001373291016,43.720001220703125,39.09578323364258,21400
2021-05-06,43.720001220703125,44.04999923706055,43.45000076293945,44.04999923706055,39.3908805847168,10100
2021-05-07,43.72999954223633,44.2400016784668,43.72999954223633,44.09000015258789,39.4266471862793,11400
2021-05-10,43.9900016784668,46.90999984741211,43.52000045776367,45.400001525878906,40.59809112548828,32100
2021-05-11,45.29999923706055,46.16999816894531,45.09000015258789,45.52000045776367,40.70539474487305,13800
2021-05-12,45.93000030517578,46.63999938964844,45.70000076293945,45.70000076293945,40.866355895996094,14700
2021-05-13,45.91999816894531,47.25,45.91999816894531,46.939998626708984,41.97520446777344,11400
2021-05-14,47.36000061035156,49.20000076293945,47.290000915527344,48.91999816894531,43.74577713012695,25400
2021-05-17,48.720001220703125,50.79999923706055,48.720001220703125,50.22999954223633,44.91722869873047,29600
2021-05-18,48.380001068115234,49.9900016784668,48.380001068115234,48.959999084472656,43.78154373168945,15400
2021-05-19,48.90999984741211,50.16999816894531,48.7599983215332,49.29999923706055,44.0855827331543,18800
2021-05-20,49.5099983215332,50.25,48.7400016784668,49.88999938964844,44.613182067871094,18000
2021-05-21,49.689998626708984,50.63999938964844,49.689998626708984,50.0,44.711551666259766,9100
2021-05-24,50.439998626708984,50.95000076293945,49.90999984741211,50.27000045776367,44.952999114990234,8900
2021-05-25,50.65999984741211,50.95000076293945,48.869998931884766,48.869998931884766,43.70106506347656,16000
2021-05-26,49.27000045776367,50.58000183105469,49.04999923706055,49.560001373291016,44.318092346191406,15200
2021-05-27,49.970001220703125,50.5099983215332,49.439998626708984,49.61000061035156,44.36280059814453,10300
2021-05-28,49.959999084472656,49.959999084472656,48.83000183105469,49.47999954223633,44.246543884277344,5300
2021-06-01,50.0,50.75,50.0,50.61000061035156,45.25703811645508,6300
2021-06-02,50.939998626708984,51.380001068115234,50.869998931884766,51.380001068115234,45.945587158203125,15300
2021-06-03,51.06999969482422,51.880001068115234,51.06999969482422,51.880001068115234,46.39270782470703,11800
2021-06-04,51.79999923706055,52.97999954223633,51.75,51.90999984741211,46.419532775878906,6900
2021-06-07,51.970001220703125,52.45000076293945,50.90999984741211,51.40999984741211,45.972412109375,17200
2021-06-08,51.189998626708984,51.31999969482422,51.0,51.11000061035156,45.70414733886719,7800
2021-06-09,51.150001525878906,51.29999923706055,50.97999954223633,51.29999923706055,45.874046325683594,6500
2021-06-10,51.310001373291016,52.2599983215332,51.25,51.5,46.05290222167969,7700
2021-06-11,51.84000015258789,51.84000015258789,51.29999923706055,51.29999923706055,45.874046325683594,5900
2021-06-14,51.0,51.09000015258789,51.0,51.0,45.964176177978516,10900
2021-06-15,51.41999816894531,51.81999969482422,50.91999816894531,51.81999969482422,46.703208923339844,12000
2021-06-16,51.41999816894531,52.150001525878906,51.0099983215332,52.150001525878906,47.00062942504883,19500
2021-06-17,52.029998779296875,53.45000076293945,52.029998779296875,53.02000045776367,47.78471755981445,29900
2021-06-18,52.81999969482422,52.81999969482422,51.0,51.310001373291016,46.243568420410156,30500
2021-06-21,51.4900016784668,52.790000915527344,51.040000915527344,51.619998931884766,46.52295684814453,23800
2021-06-22,52.04999923706055,52.04999923706055,51.0,51.0,45.964176177978516,15700
2021-06-23,51.20000076293945,51.369998931884766,50.900001525878906,51.02000045776367,45.9821891784668,21700
2021-06-24,51.20000076293945,51.66999816894531,50.95000076293945,51.54999923706055,46.459861755371094,28500
2021-06-25,51.529998779296875,51.9900016784668,50.619998931884766,51.0,45.964176177978516,459400
2021-06-28,51.33000183105469,51.33000183105469,50.41999816894531,51.11000061035156,46.06331253051758,36400
2021-06-29,51.29999923706055,51.400001525878906,51.0,51.16999816894531,46.117393493652344,10000
2021-06-30,51.2599983215332,51.2599983215332,50.869998931884766,51.0,45.964176177978516,18700
2021-07-01,51.310001373291016,52.38999938964844,51.22999954223633,52.0099983215332,46.874446868896484,26800
2021-07-02,52.38999938964844,53.63999938964844,52.119998931884766,53.02000045776367,47.78471755981445,15500
2021-07-06,52.91999816894531,52.91999816894531,49.29999923706055,49.4900016784668,44.603275299072266,29600
2021-07-07,49.59000015258789,49.59000015258789,47.79999923706055,48.5099983215332,43.72003936767578,19600
2021-07-08,48.5,49.400001525878906,47.58000183105469,48.77000045776367,43.95436477661133,56800
2021-07-09,49.20000076293945,50.27000045776367,49.20000076293945,49.86000061035156,44.93674850463867,11400
2021-07-12,49.47999954223633,51.33000183105469,49.47999954223633,51.16999816894531,46.117393493652344,4500
2021-07-13,50.95000076293945,51.220001220703125,50.06999969482422,50.20000076293945,45.2431755065918,9100
2021-07-14,50.88999938964844,50.88999938964844,50.11000061035156,50.43000030517578,45.45045471191406,7500
2021-07-15,51.38999938964844,51.689998626708984,50.869998931884766,51.689998626708984,46.5860481262207,18300
2021-07-16,51.68000030517578,52.56999969482422,49.33000183105469,50.0,45.06291961669922,33500
2021-07-19,49.40999984741211,49.68000030517578,48.63999938964844,48.7599983215332,43.94535446166992,9500
2021-07-20,49.5,51.619998931884766,49.5,49.75,44.83760070800781,14400
2021-07-21,49.810001373291016,52.02000045776367,49.810001373291016,50.70000076293945,45.69379425048828,5900
2021-07-22,50.47999954223633,51.22999954223633,50.47999954223633,50.90999984741211,45.88306427001953,2400
2021-07-23,51.209999084472656,52.25,51.0099983215332,52.040000915527344,46.90148162841797,7600
2021-07-26,52.0,52.75,52.0,52.75,47.541378021240234,2900
2021-07-27,52.720001220703125,54.099998474121094,52.25,52.7599983215332,47.550384521484375,19600
2021-07-28,53.20000076293945,53.400001525878906,52.9900016784668,53.04999923706055,47.81175994873047,6700
2021-07-29,52.56999969482422,53.150001525878906,52.25,52.25,47.09074783325195,7900
2021-07-30,52.2599983215332,52.2599983215332,52.25,52.2599983215332,47.099761962890625,1500
2021-08-02,52.400001525878906,52.95000076293945,52.27000045776367,52.54999923706055,47.361122131347656,5400
2021-08-03,52.36000061035156,52.849998474121094,52.36000061035156,52.7400016784668,47.5323600769043,4800
2021-08-04,52.33000183105469,53.38999938964844,52.33000183105469,52.720001220703125,47.51434326171875,3000
2021-08-05,52.25,53.40999984741211,52.25,53.40999984741211,48.13621139526367,1100
2021-08-06,53.33000183105469,53.47999954223633,52.47999954223633,53.45000076293945,48.172264099121094,6000
2021-08-09,53.08000183105469,53.75,53.08000183105469,53.7400016784668,48.43362045288086,3200
2021-08-10,53.61000061035156,53.900001525878906,53.54999923706055,53.900001525878906,48.577823638916016,3200
2021-08-11,53.7599983215332,54.06999969482422,53.33000183105469,54.06999969482422,48.73103713989258,3200
2021-08-12,53.58000183105469,54.099998474121094,53.58000183105469,54.099998474121094,48.7580680847168,1200
2021-08-13,54.08000183105469,54.130001068115234,53.470001220703125,53.70000076293945,48.3975715637207,2900
2021-08-16,53.29999923706055,54.54999923706055,53.29999923706055,54.29999923706055,48.93832778930664,3900
2021-08-17,54.029998779296875,54.29999923706055,53.7599983215332,54.060001373291016,48.72203063964844,3200
2021-08-18,53.54999923706055,54.459999084472656,53.45000076293945,53.45000076293945,48.172264099121094,4300
2021-08-19,54.349998474121094,54.349998474121094,53.5,53.5,48.217323303222656,3000
2021-08-20,53.45000076293945,53.5,53.45000076293945,53.5,48.217323303222656,700
2021-08-23,54.380001068115234,54.380001068115234,53.65999984741211,53.65999984741211,48.36151885986328,3900
2021-08-24,54.27000045776367,54.400001525878906,53.77000045776367,53.77000045776367,48.46065902709961,1900
2021-08-25,55.0,55.0,53.439998626708984,53.439998626708984,48.16324234008789,2000
2021-08-26,53.88999938964844,54.31999969482422,53.45000076293945,53.75,48.4426383972168,1700
2021-08-27,53.83000183105469,54.34000015258789,53.439998626708984,53.439998626708984,48.16324234008789,1800
2021-08-30,53.459999084472656,54.5,53.459999084472656,53.59000015258789,48.298431396484375,2900
2021-08-31,53.5099983215332,54.470001220703125,53.5099983215332,53.540000915527344,48.25337219238281,4100
2021-09-01,53.61000061035156,53.90999984741211,53.61000061035156,53.689998626708984,48.38856506347656,1000
2021-09-02,54.470001220703125,54.470001220703125,53.970001220703125,53.970001220703125,48.64091491699219,1000
2021-09-03,53.5099983215332,53.5099983215332,53.0,53.0099983215332,47.77570343017578,2900
2021-09-07,53.0,53.0,52.25,52.689998626708984,47.4873046875,1900
2021-09-08,52.2599983215332,52.27000045776367,52.2599983215332,52.27000045776367,47.1087760925293,1200
2021-09-09,52.25,52.72999954223633,52.20000076293945,52.2599983215332,47.099761962890625,2900
2021-09-10,53.0,53.0,52.25,52.25,47.09074783325195,3400
2021-09-13,52.779998779296875,52.779998779296875,52.189998626708984,52.29999923706055,47.13581085205078,2800
2021-09-14,52.25,53.59000015258789,52.150001525878906,52.25,47.45368957519531,2400
2021-09-15,52.119998931884766,53.459999084472656,52.119998931884766,52.279998779296875,47.480934143066406,6800
2021-09-16,52.25,53.029998779296875,52.25,53.029998779296875,48.162078857421875,2200
2021-09-17,52.599998474121094,53.529998779296875,52.310001373291016,53.529998779296875,48.61618423461914,4200
2021-09-20,52.54999923706055,52.900001525878906,50.130001068115234,50.18000030517578,45.573699951171875,8100
2021-09-21,50.18000030517578,50.18000030517578,50.18000030517578,50.18000030517578,45.573699951171875,400
2021-09-22,51.540000915527344,52.5099983215332,51.0,51.849998474121094,47.09040069580078,1900
2021-09-23,51.75,51.75,51.75,51.75,46.99958419799805,800
2021-09-24,51.439998626708984,51.59000015258789,51.060001373291016,51.27000045776367,46.56364440917969,1500
2021-09-27,52.0,52.70000076293945,51.5,52.20000076293945,47.40827178955078,4700
2021-09-28,52.45000076293945,53.36000061035156,52.31999969482422,52.54999923706055,47.72614669799805,1700
2021-09-29,52.400001525878906,54.0,50.9900016784668,50.9900016784668,46.30934524536133,4300
2021-09-30,51.599998474121094,54.29999923706055,51.599998474121094,53.11000061035156,48.2347412109375,14200
2021-10-01,53.689998626708984,53.689998626708984,52.5099983215332,52.5099983215332,47.689815521240234,2800
2021-10-04,53.099998474121094,53.16999816894531,52.61000061035156,52.61000061035156,47.7806396484375,1600
2021-10-05,53.0099983215332,54.29999923706055,52.95000076293945,53.04999923706055,48.180240631103516,2200
2021-10-06,52.5,53.27000045776367,52.5,53.25,48.36187744140625,600
2021-10-07,53.209999084472656,53.209999084472656,53.11000061035156,53.11000061035156,48.2347412109375,1200
2021-10-08,52.5,53.0,51.81999969482422,53.0,48.13483810424805,2800
2021-10-11,53.0,53.150001525878906,52.5,52.56999969482422,47.74430847167969,2000
2021-10-12,53.0,53.0,49.5,51.29999923706055,46.590885162353516,13700
2021-10-13,51.099998474121094,51.599998474121094,50.529998779296875,51.4900016784668,46.763450622558594,6000
2021-10-14,51.72999954223633,51.91999816894531,51.27000045776367,51.91999816894531,47.15397644042969,900
2021-10-15,52.0,52.18000030517578,51.02000045776367,51.20000076293945,46.50006866455078,2200
2021-10-18,51.369998931884766,51.61000061035156,50.72999954223633,51.5,46.772525787353516,4800
2021-10-19,52.0,52.5,51.58000183105469,52.13999938964844,47.35377883911133,4100
2021-10-20,52.88999938964844,53.0,52.88999938964844,53.0,48.13483810424805,2300
2021-10-21,52.959999084472656,53.61000061035156,52.470001220703125,52.540000915527344,47.71706008911133,3300
2021-10-22,52.650001525878906,52.650001525878906,52.650001525878906,52.650001525878906,47.81696701049805,800
2021-10-25,52.83000183105469,52.83000183105469,52.720001220703125,52.720001220703125,47.88053512573242,1300
2021-10-26,52.04999923706055,52.75,51.97999954223633,52.68000030517578,47.844215393066406,4700
2021-10-27,52.54999923706055,53.5,51.540000915527344,51.56999969482422,46.83610153198242,2900
2021-10-28,51.70000076293945,52.0,51.5,51.5,46.772525787353516,1300
2021-10-29,53.41999816894531,53.41999816894531,51.11000061035156,51.16999816894531,46.47281265258789,2300
2021-11-01,50.29999923706055,51.97999954223633,50.29999923706055,51.97999954223633,47.20846176147461,3000
2021-11-02,51.939998626708984,52.349998474121094,51.70000076293945,52.349998474121094,47.54450225830078,1800
2021-11-03,51.959999084472656,52.7400016784668,51.380001068115234,51.380001068115234,46.663543701171875,4700
2021-11-04,52.29999923706055,52.29999923706055,51.45000076293945,51.7400016784668,46.99049758911133,2600
2021-11-05,51.91999816894531,52.90999984741211,51.91999816894531,52.90999984741211,48.0531005859375,2400
2021-11-08,52.16999816894531,52.540000915527344,52.08000183105469,52.18000030517578,47.39011001586914,2700
2021-11-09,52.04999923706055,52.95000076293945,51.58000183105469,52.70000076293945,47.86237716674805,3700
2021-11-10,52.099998474121094,53.0,51.86000061035156,52.810001373291016,47.9622802734375,3900
2021-11-11,52.810001373291016,52.810001373291016,52.810001373291016,52.810001373291016,47.9622802734375,0
2021-11-12,52.400001525878906,52.400001525878906,52.400001525878906,52.400001525878906,47.58991241455078,500
2021-11-15,53.0,53.0,53.0,53.0,48.13483810424805,600
2021-11-16,52.040000915527344,52.040000915527344,50.63999938964844,50.63999938964844,45.99147033691406,2100
2021-11-17,51.349998474121094,51.349998474121094,51.08000183105469,51.08000183105469,46.39108657836914,1400
2021-11-18,50.91999816894531,50.91999816894531,49.54999923706055,49.54999923706055,45.001522064208984,4700
2021-11-19,51.040000915527344,52.0,49.209999084472656,49.209999084472656,44.69273376464844,4300
2021-11-22,50.0,52.93000030517578,50.0,50.95000076293945,46.27302169799805,5400
2021-11-23,52.84000015258789,52.84000015258789,50.5099983215332,51.04999923706055,46.363834381103516,3700
2021-11-24,50.650001525878906,52.779998779296875,50.0,50.0,45.41021728515625,4400
2021-11-26,50.0,50.7400016784668,49.099998474121094,49.25,44.72907257080078,4000
2021-11-29,50.27000045776367,51.0,49.529998779296875,49.529998779296875,44.98335647583008,2800
2021-11-30,50.0,52.040000915527344,49.5,50.099998474121094,45.501041412353516,6300
2021-12-01,49.15999984741211,50.0099983215332,49.15999984741211,50.0099983215332,45.41930389404297,1300
2021-12-02,50.75,51.54999923706055,50.349998474121094,51.54999923706055,46.81793975830078,5500
2021-12-03,50.869998931884766,51.650001525878906,50.869998931884766,51.650001525878906,46.908756256103516,2000
2021-12-06,51.33000183105469,51.79999923706055,50.0,51.79999923706055,47.04498291015625,2000
2021-12-07,51.08000183105469,51.08000183105469,50.369998931884766,50.369998931884766,45.746253967285156,900
2021-12-08,50.369998931884766,50.369998931884766,50.369998931884766,50.369998931884766,45.746253967285156,400
2021-12-09,50.4900016784668,50.4900016784668,50.45000076293945,50.45000076293945,45.81891632080078,900
2021-12-10,50.459999084472656,51.5099983215332,50.459999084472656,51.47999954223633,46.75436782836914,3600
2021-12-13,51.47999954223633,52.43000030517578,50.459999084472656,50.56999969482422,45.92790222167969,5800
2021-12-14,50.060001373291016,50.900001525878906,50.060001373291016,50.900001525878906,46.59617233276367,3000
2021-12-15,50.29999923706055,50.52000045776367,50.29999923706055,50.52000045776367,46.24829864501953,1200
2021-12-16,50.09000015258789,50.09000015258789,50.09000015258789,50.09000015258789,45.85466003417969,600
2021-12-17,50.310001373291016,51.869998931884766,50.310001373291016,51.869998931884766,47.484153747558594,1500
2021-12-20,51.15999984741211,51.15999984741211,51.15999984741211,51.15999984741211,46.83418273925781,600
2021-12-21,51.54999923706055,52.08000183105469,50.90999984741211,51.369998931884766,47.02642822265625,2300
2021-12-22,51.0099983215332,51.02000045776367,50.9900016784668,51.02000045776367,46.70602798461914,900
2021-12-23,52.09000015258789,52.09000015258789,52.09000015258789,52.09000015258789,47.6855583190918,1300
2021-12-27,51.5,51.5,51.5,51.5,47.145442962646484,800
2021-12-28,50.72999954223633,50.77000045776367,50.72999954223633,50.75,46.4588508605957,1500
2021-12-29,51.2400016784668,51.2400016784668,51.2400016784668,51.2400016784668,46.907432556152344,1300
2021-12-30,50.22999954223633,51.880001068115234,50.22999954223633,51.630001068115234,47.26445007324219,2400
2021-12-31,51.189998626708984,51.189998626708984,51.189998626708984,51.189998626708984,46.86164855957031,1200
2022-01-03,50.61000061035156,51.599998474121094,50.61000061035156,51.54999923706055,47.191219329833984,10700
2022-01-04,51.45000076293945,52.5,51.45000076293945,52.20000076293945,47.786251068115234,7800
2022-01-05,52.81999969482422,52.81999969482422,51.5,51.5,47.145442962646484,1100
2022-01-06,51.45000076293945,52.97999954223633,51.349998474121094,52.97999954223633,48.500301361083984,2400
2022-01-07,52.97999954223633,52.97999954223633,52.97999954223633,52.97999954223633,48.500301361083984,1600
2022-01-10,51.27000045776367,52.439998626708984,51.27000045776367,52.439998626708984,48.005958557128906,2000
2022-01-11,52.439998626708984,52.439998626708984,52.439998626708984,52.439998626708984,48.005958557128906,900
2022-01-12,52.869998931884766,52.869998931884766,52.869998931884766,52.869998931884766,48.399593353271484,1500
2022-01-13,51.20000076293945,52.0,51.20000076293945,52.0,47.60316848754883,1100
2022-01-14,52.150001525878906,53.0,51.45000076293945,53.0,48.518611907958984,4900
2022-01-18,52.540000915527344,53.43000030517578,52.5,53.43000030517578,48.91225814819336,5600
2022-01-19,53.47999954223633,54.27000045776367,53.400001525878906,53.5,48.9763298034668,2100
2022-01-20,52.810001373291016,52.95000076293945,52.810001373291016,52.900001525878906,48.427066802978516,1600
2022-01-21,52.61000061035156,53.5,52.5,53.5,48.9763298034668,1300
2022-01-24,52.459999084472656,53.25,52.459999084472656,53.25,48.747474670410156,1900
2022-01-25,52.400001525878906,52.400001525878906,52.400001525878906,52.400001525878906,47.969337463378906,700
2022-01-26,53.25,53.25,52.029998779296875,52.209999084472656,47.79541015625,3000
2022-01-27,52.2400016784668,52.40999984741211,52.0,52.0,47.60316848754883,2700
2022-01-28,52.0,52.0,52.0,52.0,47.60316848754883,1300
2022-01-31,51.599998474121094,51.599998474121094,51.20000076293945,51.20000076293945,46.870811462402344,900
2022-02-01,51.18000030517578,52.0,51.18000030517578,51.84000015258789,47.45669174194336,2000
2022-02-02,51.29999923706055,51.5099983215332,50.619998931884766,51.349998474121094,47.00812530517578,4400
2022-02-03,50.959999084472656,51.880001068115234,50.959999084472656,51.20000076293945,46.870811462402344,2900
2022-02-04,50.68000030517578,51.81999969482422,50.5,51.81999969482422,47.43838882446289,3800
2022-02-07,52.5,52.5,51.0,52.38999938964844,47.96018600463867,2200
2022-02-08,52.220001220703125,52.220001220703125,50.599998474121094,50.599998474121094,46.32154083251953,5300
2022-02-09,51.29999923706055,51.5,51.29999923706055,51.5,47.145442962646484,4100
2022-02-10,51.099998474121094,51.5,50.2599983215332,51.099998474121094,46.779258728027344,6200
2022-02-11,50.9900016784668,50.9900016784668,50.790000915527344,50.790000915527344,46.49547576904297,2600
2022-02-14,51.4900016784668,51.4900016784668,50.560001373291016,50.560001373291016,46.2849235534668,2900
2022-02-15,50.560001373291016,50.560001373291016,50.560001373291016,50.560001373291016,46.2849235534668,0
2022-02-16,50.61000061035156,50.88999938964844,50.31999969482422,50.31999969482422,46.06521224975586,2000
2022-02-17,50.5,51.0,50.0,50.0,45.77226638793945,3600
2022-02-18,50.380001068115234,50.939998626708984,50.380001068115234,50.83000183105469,46.53208923339844,1500
2022-02-22,50.02000045776367,51.08000183105469,50.02000045776367,51.08000183105469,46.76095962524414,1900
2022-02-23,51.209999084472656,52.439998626708984,50.5,52.29999923706055,47.877803802490234,5000
2022-02-24,51.0,51.099998474121094,50.150001525878906,50.150001525878906,45.90959548950195,2000
2022-02-25,50.150001525878906,51.15999984741211,50.150001525878906,51.130001068115234,46.80672836303711,3200
2022-02-28,50.439998626708984,50.61000061035156,50.33000183105469,50.33000183105469,46.07436752319336,900
2022-03-01,50.2599983215332,50.2599983215332,50.2599983215332,50.2599983215332,46.010292053222656,1100
2022-03-02,50.5,50.58000183105469,50.5,50.58000183105469,46.3032341003418,1000
2022-03-03,50.29999923706055,50.349998474121094,50.20000076293945,50.20000076293945,45.95536422729492,900
2022-03-04,50.220001220703125,50.220001220703125,50.220001220703125,50.220001220703125,45.973670959472656,800
2022-03-07,49.9900016784668,50.880001068115234,49.9900016784668,50.06999969482422,45.83635330200195,7600
2022-03-08,50.150001525878906,50.84000015258789,50.130001068115234,50.15999984741211,45.918739318847656,1300
2022-03-09,50.15999984741211,50.15999984741211,50.15999984741211,50.15999984741211,45.918739318847656,300
2022-03-10,50.0099983215332,50.02000045776367,50.0099983215332,50.02000045776367,45.79058837890625,1000
2022-03-11,50.04999923706055,50.04999923706055,50.0,50.0,45.77226638793945,2300
2022-03-14,49.86000061035156,51.15999984741211,49.86000061035156,51.09000015258789,47.14728927612305,2800
2022-03-15,51.189998626708984,51.220001220703125,50.54999923706055,50.54999923706055,46.648963928222656,3200
2022-03-16,51.0,51.06999969482422,50.61000061035156,50.619998931884766,46.71356201171875,3500
2022-03-17,50.619998931884766,50.619998931884766,50.619998931884766,50.619998931884766,46.71356201171875,0
2022-03-18,50.5,50.849998474121094,49.599998474121094,49.900001525878906,46.04912567138672,5800
2022-03-21,50.79999923706055,50.79999923706055,50.540000915527344,50.68000030517578,46.7689208984375,1900
2022-03-22,49.79999923706055,50.33000183105469,49.79999923706055,50.150001525878906,46.27983093261719,2500
2022-03-23,50.5,50.84000015258789,49.95000076293945,49.95000076293945,46.09525680541992,2400
2022-03-24,49.7599983215332,50.400001525878906,49.7599983215332,50.400001525878906,46.51054000854492,1000
2022-03-25,49.849998474121094,50.099998474121094,49.849998474121094,50.099998474121094,46.23369216918945,400
2022-03-28,50.150001525878906,50.150001525878906,50.150001525878906,50.150001525878906,46.27983093261719,1300
2022-03-29,50.939998626708984,51.0,50.04999923706055,50.04999923706055,46.18754577636719,4200
2022-03-30,50.599998474121094,50.900001525878906,49.650001525878906,49.650001525878906,45.818416595458984,9600
2022-03-31,50.040000915527344,50.72999954223633,50.0,50.529998779296875,46.6305046081543,1800
2022-04-01,51.0,51.16999816894531,50.61000061035156,51.0,47.06423568725586,3600
2022-04-04,51.25,51.400001525878906,50.77000045776367,50.77000045776367,46.85198211669922,4000
2022-04-05,50.2599983215332,51.0,50.25,50.25,46.37211227416992,4000
2022-04-06,50.0099983215332,50.9900016784668,50.0099983215332,50.97999954223633,47.045780181884766,5200
2022-04-07,50.91999816894531,50.91999816894531,50.91999816894531,50.91999816894531,46.99040603637695,1400
2022-04-08,51.22999954223633,51.22999954223633,50.599998474121094,50.599998474121094,46.69510269165039,1900
2022-04-11,51.18000030517578,51.18000030517578,50.310001373291016,50.959999084472656,47.02731704711914,5900
2022-04-12,50.5,51.13999938964844,50.220001220703125,50.220001220703125,46.344425201416016,3800
2022-04-13,51.0,51.150001525878906,50.97999954223633,51.150001525878906,47.20265579223633,1600
2022-04-14,50.83000183105469,51.04999923706055,50.630001068115234,50.97999954223633,47.045780181884766,3600
2022-04-18,51.0,51.0,50.75,50.81999969482422,46.89812088012695,4000
2022-04-19,50.93000030517578,50.93000030517578,50.0099983215332,50.0099983215332,46.150630950927734,1700
2022-04-20,51.0,52.38999938964844,50.79999923706055,52.38999938964844,48.34695816040039,3100
2022-04-21,51.79999923706055,51.86000061035156,51.099998474121094,51.099998474121094,47.156517028808594,2100
2022-04-22,52.29999923706055,52.29999923706055,50.65999984741211,51.0,47.06423568725586,2000
2022-04-25,51.0,51.099998474121094,50.7400016784668,50.7400016784668,46.82429885864258,2100
2022-04-26,51.0,51.0,50.70000076293945,50.79999923706055,46.87966537475586,3700
2022-04-27,51.599998474121094,51.63999938964844,51.02000045776367,51.02000045776367,47.08269119262695,900
2022-04-28,51.279998779296875,51.279998779296875,51.06999969482422,51.06999969482422,47.12883377075195,500
2022-04-29,50.97999954223633,51.79999923706055,50.97999954223633,51.79999923706055,47.802494049072266,800
2022-05-02,51.20000076293945,51.619998931884766,51.0,51.310001373291016,47.35030746459961,4100
2022-05-03,51.349998474121094,52.2599983215332,51.349998474121094,51.400001525878906,47.43336486816406,2900
2022-05-04,51.810001373291016,51.810001373291016,51.810001373291016,51.810001373291016,47.811729431152344,300
2022-05-05,51.04999923706055,51.5,51.0,51.459999084472656,47.488731384277344,4700
2022-05-06,51.0,51.470001220703125,51.0,51.470001220703125,47.49797058105469,5000
2022-05-09,50.099998474121094,51.22999954223633,50.099998474121094,51.22999954223633,47.2764778137207,2200
2022-05-10,50.970001220703125,51.0,50.650001525878906,50.75,46.833526611328125,2000
2022-05-11,50.4900016784668,51.349998474121094,50.4900016784668,51.349998474121094,47.3872184753418,6000
2022-05-12,51.4900016784668,51.4900016784668,51.0,51.0,47.06423568725586,1100
2022-05-13,51.0,51.0,51.0,51.0,47.06423568725586,0
2022-05-16,51.529998779296875,51.529998779296875,50.29999923706055,50.619998931884766,46.71356201171875,2500
2022-05-17,51.650001525878906,52.369998931884766,51.54999923706055,51.75,47.7563591003418,3200
2022-05-18,52.0,52.0,51.150001525878906,51.150001525878906,47.20265579223633,3100
2022-05-19,51.13999938964844,51.70000076293945,51.13999938964844,51.70000076293945,47.71021270751953,800
2022-05-20,52.09000015258789,52.09000015258789,51.20000076293945,51.20000076293945,47.248802185058594,4500
2022-05-23,50.959999084472656,50.959999084472656,50.380001068115234,50.380001068115234,46.492088317871094,6300
2022-05-24,50.5,50.90999984741211,50.5,50.540000915527344,46.63973617553711,3100
2022-05-25,50.91999816894531,51.099998474121094,50.88999938964844,51.0099983215332,47.07345962524414,5600
2022-05-26,50.599998474121094,51.279998779296875,50.599998474121094,50.70000076293945,46.787384033203125,5000
2022-05-27,50.63999938964844,51.16999816894531,50.63999938964844,51.15999984741211,47.21188735961914,3100
2022-05-31,51.2400016784668,51.2400016784668,51.040000915527344,51.040000915527344,47.10114288330078,1800
2022-06-01,50.7400016784668,51.2400016784668,49.189998626708984,49.5099983215332,45.68921661376953,8300
2022-06-02,50.16999816894531,50.16999816894531,50.16999816894531,50.16999816894531,46.29827880859375,1300
2022-06-03,50.16999816894531,50.16999816894531,50.16999816894531,50.16999816894531,46.29827880859375,300
2022-06-06,49.720001220703125,49.720001220703125,49.66999816894531,49.66999816894531,45.83686828613281,1100
2022-06-07,49.560001373291016,49.66999816894531,49.560001373291016,49.66999816894531,45.83686828613281,2400
2022-06-08,49.66999816894531,49.779998779296875,49.66999816894531,49.779998779296875,45.93838119506836,1400
2022-06-09,49.849998474121094,50.099998474121094,49.5,50.0,46.14140701293945,5500
2022-06-10,50.0,50.0,50.0,50.0,46.14140701293945,400
2022-06-13,48.88999938964844,49.34000015258789,48.65999984741211,49.34000015258789,45.53233337402344,4700
2022-06-14,48.689998626708984,48.689998626708984,48.220001220703125,48.40999984741211,45.039241790771484,1300
2022-06-15,48.220001220703125,48.7599983215332,47.97999954223633,48.25,44.8903923034668,2800
2022-06-16,48.459999084472656,48.459999084472656,46.0,46.0,42.79704666137695,2900
2022-06-17,46.0,46.0,46.0,46.0,42.79704666137695,1900
2022-06-21,46.0,46.70000076293945,46.0,46.5,43.26223373413086,2300
2022-06-22,46.5,47.11000061035156,45.0099983215332,45.0099983215332,41.875980377197266,1800
2022-06-23,45.439998626708984,46.52000045776367,45.439998626708984,45.90999984741211,42.71331787109375,2900
2022-06-24,45.90999984741211,45.97999954223633,45.63999938964844,45.880001068115234,42.68539810180664,2100
2022-06-27,46.06999969482422,46.22999954223633,46.06999969482422,46.22999954223633,43.01103591918945,600
2022-06-28,46.349998474121094,46.5,46.119998931884766,46.5,43.26223373413086,2500
2022-06-29,46.16999816894531,46.27000045776367,46.16999816894531,46.27000045776367,43.04825210571289,1300
2022-06-30,45.63999938964844,45.970001220703125,45.029998779296875,45.970001220703125,42.76914596557617,1300
2022-07-01,45.970001220703125,46.560001373291016,45.970001220703125,46.459999084472656,43.22502136230469,3000
2022-07-05,46.45000076293945,47.380001068115234,45.529998779296875,47.04999923706055,43.7739372253418,3200
2022-07-06,46.689998626708984,47.5,46.689998626708984,47.5,44.19260025024414,2400
2022-07-07,47.290000915527344,47.5,46.790000915527344,47.5,44.19260025024414,2000
2022-07-08,47.310001373291016,47.540000915527344,47.310001373291016,47.540000915527344,44.22982406616211,800
2022-07-11,46.79999923706055,46.79999923706055,46.79999923706055,46.79999923706055,43.54134750366211,300
2022-07-12,47.0,47.18000030517578,47.0,47.18000030517578,43.8948860168457,1500
2022-07-13,47.849998474121094,47.849998474121094,47.0,47.0,43.727420806884766,1000
2022-07-14,47.0,47.0,47.0,47.0,43.727420806884766,0
2022-07-15,47.0,47.0,47.0,47.0,43.727420806884766,900
2022-07-18,46.66999816894531,46.66999816894531,43.72999954223633,44.369998931884766,41.280540466308594,12000
2022-07-19,45.2599983215332,45.2599983215332,43.65999984741211,44.060001373291016,40.992122650146484,6700
2022-07-20,43.86000061035156,45.40999984741211,43.099998474121094,44.220001220703125,41.1409912109375,14300
2022-07-21,45.4900016784668,46.56999969482422,44.959999084472656,45.5099983215332,42.341163635253906,6900
2022-07-22,46.20000076293945,46.20000076293945,45.189998626708984,45.880001068115234,42.68539810180664,6800
2022-07-25,45.79999923706055,46.54999923706055,44.66999816894531,45.20000076293945,42.0527458190918,12800
2022-07-26,44.630001068115234,46.18000030517578,44.630001068115234,45.619998931884766,42.44350814819336,12900
2022-07-27,44.529998779296875,46.77000045776367,44.529998779296875,45.54999923706055,42.378379821777344,9400
2022-07-28,46.20000076293945,46.529998779296875,45.5,45.880001068115234,42.68539810180664,4100
2022-07-29,45.2400016784668,45.2400016784668,44.060001373291016,44.130001068115234,41.057254791259766,4300
2022-08-01,44.099998474121094,47.20000076293945,44.099998474121094,47.20000076293945,43.91349411010742,9300
2022-08-02,46.40999984741211,46.849998474121094,46.40999984741211,46.849998474121094,43.58786392211914,1200
2022-08-03,45.400001525878906,48.72999954223633,45.400001525878906,48.150001525878906,44.79734802246094,11400
2022-08-04,48.45000076293945,48.5,47.349998474121094,47.349998474121094,44.05305099487305,3000
2022-08-05,46.34000015258789,48.91999816894531,46.310001373291016,48.0,44.65779113769531,7400
2022-08-08,48.650001525878906,50.400001525878906,48.650001525878906,49.20000076293945,45.77423095703125,9600
2022-08-09,48.529998779296875,52.099998474121094,48.529998779296875,50.810001373291016,47.27213668823242,11000
2022-08-10,50.7599983215332,53.40999984741211,50.7599983215332,51.5,47.91408157348633,12400
2022-08-11,52.06999969482422,52.099998474121094,51.11000061035156,51.20000076293945,47.634971618652344,3400
2022-08-12,51.25,52.0,50.41999816894531,50.70000076293945,47.16979217529297,4800
2022-08-15,51.0,51.0,49.88999938964844,49.95000076293945,46.47201156616211,2200
2022-08-16,48.970001220703125,49.529998779296875,48.970001220703125,49.099998474121094,45.681190490722656,4400
2022-08-17,49.5099983215332,50.779998779296875,49.150001525878906,49.79999923706055,46.33245849609375,12800
2022-08-18,49.7400016784668,50.599998474121094,49.7400016784668,50.599998474121094,47.076751708984375,700
2022-08-19,49.5,50.93000030517578,49.5,50.349998474121094,46.84415817260742,5600
2022-08-22,49.939998626708984,51.0,49.75,50.5,46.98371505737305,5700
2022-08-23,50.11000061035156,50.20000076293945,49.31999969482422,49.650001525878906,46.192901611328125,4600
2022-08-24,50.0,50.119998931884766,49.900001525878906,50.119998931884766,46.63017654418945,3500
2022-08-25,50.20000076293945,50.20000076293945,50.20000076293945,50.20000076293945,46.70460510253906,200
2022-08-26,50.20000076293945,50.41999816894531,50.150001525878906,50.41999816894531,46.90928649902344,5100
2022-08-29,50.599998474121094,51.08000183105469,50.0,50.599998474121094,47.076751708984375,2500
2022-08-30,50.93000030517578,50.93000030517578,50.0,50.0,46.51852798461914,4400
2022-08-31,49.56999969482422,49.56999969482422,48.75,48.75,45.355567932128906,4800
2022-09-01,48.5,48.5,47.5,47.5,44.19260025024414,3100
2022-09-02,46.0,48.779998779296875,46.0,48.11000061035156,44.760128021240234,10700
2022-09-06,48.650001525878906,52.34000015258789,48.29999923706055,51.45000076293945,47.86756896972656,18900
2022-09-07,51.869998931884766,52.720001220703125,50.560001373291016,52.25,48.61186599731445,4400
2022-09-08,51.54999923706055,52.54999923706055,51.54999923706055,51.95000076293945,48.33275604248047,1400
2022-09-09,51.540000915527344,51.650001525878906,51.20000076293945,51.20000076293945,47.634971618652344,2800
2022-09-12,51.470001220703125,51.52000045776367,49.0,51.0,47.44890594482422,2700
2022-09-13,50.540000915527344,51.61000061035156,50.540000915527344,51.0,47.44890594482422,3200
2022-09-14,50.459999084472656,52.2400016784668,49.220001220703125,49.54999923706055,46.48265838623047,5300
2022-09-15,49.560001373291016,49.560001373291016,49.560001373291016,49.560001373291016,46.49203872680664,500
2022-09-16,49.25,53.75,48.70000076293945,53.75,50.422664642333984,23400
2022-09-19,53.20000076293945,53.20000076293945,50.54999923706055,51.20000076293945,48.030517578125,15700
2022-09-20,50.79999923706055,51.20000076293945,50.79999923706055,51.150001525878906,47.983619689941406,3200
2022-09-21,51.720001220703125,51.720001220703125,51.04999923706055,51.70000076293945,48.499568939208984,1600
2022-09-22,50.599998474121094,51.18000030517578,50.599998474121094,51.0,47.84290313720703,2300
2022-09-23,49.7599983215332,50.099998474121094,49.150001525878906,49.7400016784668,46.6609001159668,4800
2022-09-26,50.0,50.439998626708984,50.0,50.439998626708984,47.317562103271484,1900
2022-09-27,51.0,52.79999923706055,50.63999938964844,52.79999923706055,49.53147888183594,9100
2022-09-28,52.7599983215332,55.5,52.459999084472656,55.0,51.59528732299805,37800
2022-09-29,54.650001525878906,56.18000030517578,52.79999923706055,54.20000076293945,50.84480667114258,15300
2022-09-30,54.5,54.650001525878906,53.5,53.5,50.18813705444336,5000
2022-10-03,54.310001373291016,55.68000030517578,54.0,54.0,50.657188415527344,5000
2022-10-04,54.56999969482422,54.900001525878906,54.56999969482422,54.65999984741211,51.27633285522461,2900
2022-10-05,53.27000045776367,55.599998474121094,53.27000045776367,54.45000076293945,51.07933807373047,3200
2022-10-06,53.599998474121094,55.0,53.599998474121094,54.5,51.12623977661133,1400
2022-10-07,55.5,56.90999984741211,54.86000061035156,54.86000061035156,51.46395492553711,10900
2022-10-10,55.0,56.650001525878906,55.0,55.56999969482422,52.12999725341797,4200
2022-10-11,55.25,56.13999938964844,55.25,55.40999984741211,51.97990798950195,3100
2022-10-12,54.54999923706055,54.97999954223633,53.95000076293945,54.97999954223633,51.57651901245117,6600
2022-10-13,54.06999969482422,55.5,54.06999969482422,54.86000061035156,51.46395492553711,7800
2022-10-14,55.0,55.79999923706055,55.0,55.65999984741211,52.21443176269531,1300
2022-10-17,55.70000076293945,59.400001525878906,55.650001525878906,58.349998474121094,54.73790740966797,9000
2022-10-18,61.5,61.5,58.5099983215332,59.650001525878906,55.95743942260742,11900
2022-10-19,60.150001525878906,60.79999923706055,57.91999816894531,58.400001525878906,54.78481674194336,3600
2022-10-20,58.40999984741211,59.72999954223633,55.0,58.900001525878906,55.25386428833008,2200
2022-10-21,58.38999938964844,58.79999923706055,57.95000076293945,58.79999923706055,55.16005325317383,1600
2022-10-24,58.77000045776367,58.77000045776367,57.630001068115234,58.650001525878906,55.01934051513672,3400
2022-10-25,57.77000045776367,58.68000030517578,56.90999984741211,58.68000030517578,55.047481536865234,2100
2022-10-26,58.0,58.0,56.61000061035156,57.29999923706055,53.75290298461914,3700
2022-10-27,57.70000076293945,57.70000076293945,57.560001373291016,57.599998474121094,54.03433609008789,1200
2022-10-28,57.70000076293945,57.70000076293945,57.70000076293945,57.70000076293945,54.128143310546875,600
2022-10-31,57.20000076293945,57.380001068115234,56.560001373291016,56.560001373291016,53.058719635009766,8300
2022-11-01,55.04999923706055,57.45000076293945,55.04999923706055,55.79999923706055,52.34576416015625,8600
2022-11-02,55.13999938964844,55.650001525878906,54.61000061035156,54.61000061035156,51.229427337646484,3000
2022-11-03,54.0,54.08000183105469,53.369998931884766,53.369998931884766,50.066192626953125,1800
2022-11-04,53.75,54.5,52.34000015258789,52.5,49.25004577636719,5000
2022-11-07,51.0,54.25,51.0,53.0,49.719093322753906,3700
2022-11-08,52.09000015258789,52.09000015258789,51.52000045776367,51.52000045776367,48.33071517944336,3800
2022-11-09,51.52000045776367,53.849998474121094,51.52000045776367,53.630001068115234,50.31009292602539,9700
2022-11-10,53.20000076293945,53.5,53.20000076293945,53.5,50.18813705444336,1900
2022-11-11,54.25,56.5,53.5,53.5,50.18813705444336,8100
2022-11-14,53.0,53.75,52.75,53.040000915527344,49.756622314453125,6900
2022-11-15,53.25,53.7599983215332,52.22999954223633,53.7599983215332,50.43204879760742,900
2022-11-16,53.0099983215332,53.54999923706055,52.779998779296875,52.86000061035156,49.587764739990234,3400
2022-11-17,52.060001373291016,53.029998779296875,52.02000045776367,52.779998779296875,49.5127067565918,4500
2022-11-18,51.75,53.0099983215332,51.75,52.90999984741211,49.634666442871094,4100
2022-11-21,52.90999984741211,54.459999084472656,52.90999984741211,54.459999084472656,51.08871078491211,3900
2022-11-22,53.86000061035156,53.86000061035156,52.18000030517578,53.25,49.953617095947266,1200
2022-11-23,52.68000030517578,53.79999923706055,52.68000030517578,53.79999923706055,50.469566345214844,700
2022-11-25,53.599998474121094,53.599998474121094,53.599998474121094,53.599998474121094,50.281944274902344,400
2022-11-28,52.75,56.56999969482422,52.75,55.900001525878906,52.4395751953125,13600
2022-11-29,55.900001525878906,56.439998626708984,55.900001525878906,56.06999969482422,52.59905242919922,3100
2022-11-30,55.22999954223633,57.65999984741211,55.22999954223633,56.0099983215332,52.54276657104492,3200
2022-12-01,55.619998931884766,56.88999938964844,55.619998931884766,55.869998931884766,52.41143035888672,3500
2022-12-02,55.869998931884766,56.099998474121094,55.41999816894531,56.099998474121094,52.627193450927734,1900
2022-12-05,56.52000045776367,57.0099983215332,55.2400016784668,56.790000915527344,53.274471282958984,3500
2022-12-06,57.11000061035156,57.11000061035156,56.540000915527344,56.9900016784668,53.462093353271484,2200
2022-12-07,57.25,60.0,57.25,59.18000030517578,55.51652908325195,5700
2022-12-08,59.540000915527344,62.310001373291016,59.540000915527344,61.5,57.692909240722656,17100
2022-12-09,60.75,61.45000076293945,60.119998931884766,60.470001220703125,56.72667694091797,6400
2022-12-12,60.599998474121094,61.099998474121094,60.400001525878906,61.099998474121094,57.31766891479492,2100
2022-12-13,61.5,63.77000045776367,59.0099983215332,59.65999984741211,55.96681213378906,31200
2022-12-14,59.599998474121094,60.0,55.54999923706055,55.54999923706055,52.48069763183594,15800
2022-12-15,56.150001525878906,56.5,54.58000183105469,55.619998931884766,52.54682540893555,4000
2022-12-16,55.619998931884766,56.47999954223633,54.619998931884766,55.869998931884766,52.78301239013672,11800
2022-12-19,55.0099983215332,56.470001220703125,55.0099983215332,55.5,52.4334602355957,4000
2022-12-20,55.70000076293945,57.18000030517578,55.70000076293945,57.18000030517578,54.020633697509766,6800
2022-12-21,57.0099983215332,58.58000183105469,57.0099983215332,58.02000045776367,54.81422424316406,3100
2022-12-22,56.970001220703125,56.970001220703125,56.970001220703125,56.970001220703125,53.822242736816406,1200
2022-12-23,58.0,58.0,58.0,58.0,54.79533004760742,1700
2022-12-27,57.849998474121094,60.52000045776367,57.849998474121094,59.25,55.97625732421875,3600
2022-12-28,59.81999969482422,59.81999969482422,58.529998779296875,58.529998779296875,55.296043395996094,1400
2022-12-29,59.400001525878906,59.779998779296875,58.45000076293945,58.45000076293945,55.22046661376953,5500
2022-12-30,58.25,58.75,57.72999954223633,58.27000045776367,55.0504150390625,2700
2023-01-03,59.220001220703125,60.54999923706055,59.11000061035156,59.4900016784668,56.2030029296875,4200
2023-01-04,59.0,59.97999954223633,57.310001373291016,57.349998474121094,54.181243896484375,9300
2023-01-05,58.79999923706055,59.16999816894531,56.880001068115234,56.880001068115234,53.737213134765625,2400
2023-01-06,58.20000076293945,59.29999923706055,57.369998931884766,58.9900016784668,55.730628967285156,1100
2023-01-09,59.29999923706055,59.5,58.0,58.630001068115234,55.39052200317383,6200
2023-01-10,58.119998931884766,59.25,58.0,58.47999954223633,55.248802185058594,5200
2023-01-11,58.959999084472656,59.2400016784668,56.630001068115234,58.209999084472656,54.99372482299805,4900
2023-01-12,59.040000915527344,59.25,58.650001525878906,58.650001525878906,55.409420013427734,3900
2023-01-13,56.4900016784668,58.4900016784668,56.4900016784668,57.95000076293945,54.74809265136719,3700
2023-01-17,57.36000061035156,58.33000183105469,57.36000061035156,57.75,54.559139251708984,4400
2023-01-18,58.459999084472656,58.75,57.54999923706055,57.95000076293945,54.74809265136719,3300
2023-01-19,56.689998626708984,58.150001525878906,56.689998626708984,58.150001525878906,54.93703842163086,2000
2023-01-20,57.70000076293945,59.5,57.70000076293945,58.849998474121094,55.59836196899414,7700
2023-01-23,58.380001068115234,58.58000183105469,57.630001068115234,57.70000076293945,54.51190185546875,9000
2023-01-24,57.060001373291016,59.25,57.0,59.25,55.97625732421875,3000
2023-01-25,58.220001220703125,58.849998474121094,58.220001220703125,58.84000015258789,55.58891296386719,2500
2023-01-26,58.209999084472656,59.470001220703125,56.25,59.2400016784668,55.966819763183594,8500
2023-01-27,59.0,60.54999923706055,58.5,60.0,56.68482208251953,6800
2023-01-30,61.0,62.02000045776367,60.08000183105469,60.08000183105469,56.76040267944336,4400
2023-01-31,60.20000076293945,61.29999923706055,60.060001373291016,60.9900016784668,57.62012481689453,9500
2023-02-01,61.0,61.619998931884766,60.13999938964844,60.310001373291016,56.977691650390625,8500
2023-02-02,60.2400016784668,60.83000183105469,59.5,60.75,57.39338302612305,7500
2023-02-03,59.939998626708984,59.939998626708984,59.619998931884766,59.619998931884766,56.32582092285156,1600
2023-02-06,58.880001068115234,61.70000076293945,58.880001068115234,61.150001525878906,57.77128219604492,16300
2023-02-07,60.70000076293945,61.040000915527344,59.849998474121094,60.099998474121094,56.779293060302734,8700
2023-02-08,60.34000015258789,60.34000015258789,59.0,59.2400016784668,55.966819763183594,5600
2023-02-09,58.970001220703125,60.900001525878906,58.0,58.04999923706055,54.84256362915039,20900
2023-02-10,57.459999084472656,59.4900016784668,57.459999084472656,59.4900016784668,56.2030029296875,8300
2023-02-13,59.75,60.939998626708984,59.34000015258789,60.70000076293945,57.34614562988281,6900
2023-02-14,59.0,59.97999954223633,59.0,59.93000030517578,56.61868667602539,4900
2023-02-15,59.47999954223633,59.47999954223633,59.0,59.0,55.740074157714844,1600
2023-02-16,57.72999954223633,59.40999984741211,57.72999954223633,59.40999984741211,56.127418518066406,6900
2023-02-17,59.5,59.5,59.0,59.04999923706055,55.78730773925781,2800
2023-02-21,58.119998931884766,58.58000183105469,58.0,58.04999923706055,54.84256362915039,2200
2023-02-22,58.709999084472656,59.0,57.65999984741211,58.54999923706055,55.314937591552734,11800
2023-02-23,58.52000045776367,59.79999923706055,58.52000045776367,59.79999923706055,56.495872497558594,9600
2023-02-24,59.400001525878906,59.400001525878906,57.959999084472656,58.630001068115234,55.39052200317383,4900
2023-02-27,58.27000045776367,59.869998931884766,58.060001373291016,58.54999923706055,55.314937591552734,6300
2023-02-28,58.0,58.70000076293945,57.22999954223633,57.22999954223633,54.067874908447266,6600
2023-03-01,56.45000076293945,59.04999923706055,56.45000076293945,58.58000183105469,55.34327697753906,5000
2023-03-02,58.0,58.0,58.0,58.0,54.79533004760742,2400
2023-03-03,57.56999969482422,57.779998779296875,57.25,57.779998779296875,54.58748245239258,2400
2023-03-06,57.2599983215332,57.970001220703125,57.2599983215332,57.970001220703125,54.76698303222656,2600
2023-03-07,58.38999938964844,58.38999938964844,57.849998474121094,57.97999954223633,54.776432037353516,4200
2023-03-08,58.33000183105469,58.779998779296875,58.33000183105469,58.779998779296875,55.532230377197266,3600
2023-03-09,57.58000183105469,58.9900016784668,57.58000183105469,58.9900016784668,55.730628967285156,2500
2023-03-10,58.7599983215332,58.7599983215332,56.93000030517578,57.849998474121094,54.65361404418945,9500
2023-03-13,56.04999923706055,56.25,55.0,55.0,51.961090087890625,4600
2023-03-14,59.2400016784668,59.2400016784668,57.25,57.2599983215332,54.532474517822266,8500
2023-03-15,56.439998626708984,57.880001068115234,56.439998626708984,57.86000061035156,55.10389709472656,5000
2023-03-16,57.81999969482422,57.81999969482422,55.5,56.11000061035156,53.437252044677734,22200
2023-03-17,56.4900016784668,56.4900016784668,53.88999938964844,54.15999984741211,51.58013916015625,8700
2023-03-20,54.0,55.099998474121094,52.31999969482422,52.31999969482422,49.827789306640625,11600
2023-03-21,52.5099983215332,55.04999923706055,49.650001525878906,54.0099983215332,51.43728256225586,8800
2023-03-22,53.0,53.86000061035156,53.0,53.86000061035156,51.294429779052734,3900
2023-03-23,54.540000915527344,55.5099983215332,54.29999923706055,54.29999923706055,51.713470458984375,9300
2023-03-24,53.380001068115234,56.130001068115234,53.0,55.59000015258789,52.94202423095703,7100
2023-03-27,55.0,55.29999923706055,54.11000061035156,54.11000061035156,51.532527923583984,10400
2023-03-28,53.22999954223633,55.34000015258789,53.22999954223633,53.599998474121094,51.04681396484375,3600
2023-03-29,53.970001220703125,54.040000915527344,52.959999084472656,53.79999923706055,51.23728942871094,9200
2023-03-30,53.79999923706055,54.09000015258789,51.779998779296875,51.779998779296875,49.313507080078125,5400
2023-03-31,51.70000076293945,53.290000915527344,51.70000076293945,51.709999084472656,49.24684143066406,5700
2023-04-03,51.79999923706055,54.939998626708984,51.79999923706055,53.36000061035156,50.8182487487793,8500
2023-04-04,53.279998779296875,54.20000076293945,51.790000915527344,53.0,50.47539520263672,4400
2023-04-05,53.099998474121094,54.369998931884766,51.849998474121094,53.40999984741211,50.865867614746094,4500
2023-04-06,53.59000015258789,54.939998626708984,53.59000015258789,54.939998626708984,52.3229866027832,3300
2023-04-10,54.95000076293945,55.709999084472656,54.790000915527344,55.0,52.380130767822266,8300
2023-04-11,55.220001220703125,55.72999954223633,53.400001525878906,54.650001525878906,52.04680252075195,11100
2023-04-12,54.880001068115234,55.5,54.849998474121094,55.099998474121094,52.475364685058594,11000
2023-04-13,54.689998626708984,55.529998779296875,54.689998626708984,55.529998779296875,52.884883880615234,1900
2023-04-14,55.5,56.0,54.650001525878906,54.93000030517578,52.3134651184082,14200
2023-04-17,54.77000045776367,55.099998474121094,54.36000061035156,54.36000061035156,51.7706184387207,11400
2023-04-18,54.04999923706055,55.22999954223633,53.29999923706055,55.130001068115234,52.50394058227539,4400
2023-04-19,56.380001068115234,57.130001068115234,55.810001373291016,55.959999084472656,53.29439926147461,6900
2023-04-20,54.93000030517578,54.93000030517578,54.93000030517578,54.93000030517578,52.3134651184082,1200
2023-04-21,54.33000183105469,56.560001373291016,53.0099983215332,53.619998931884766,51.06586456298828,8400
2023-04-24,53.61000061035156,55.779998779296875,53.61000061035156,54.59000015258789,51.989662170410156,4500
2023-04-25,54.11000061035156,54.47999954223633,52.41999816894531,53.31999969482422,50.780155181884766,7900
2023-04-26,52.16999816894531,52.16999816894531,52.119998931884766,52.119998931884766,49.63731002807617,2900
2023-04-27,51.90999984741211,52.4900016784668,51.79999923706055,52.2599983215332,49.77064514160156,7500
2023-04-28,52.79999923706055,54.41999816894531,52.79999923706055,53.25,50.7134895324707,9200
2023-05-01,53.70000076293945,53.70000076293945,52.61000061035156,52.61000061035156,50.10397720336914,2100
2023-05-02,52.59000015258789,52.59000015258789,50.060001373291016,50.060001373291016,47.67544174194336,6100
2023-05-03,50.11000061035156,50.91999816894531,49.939998626708984,50.33000183105469,47.932579040527344,5200
2023-05-04,50.0099983215332,50.04999923706055,48.04999923706055,48.70000076293945,46.38022232055664,10600
2023-05-05,49.209999084472656,51.5,49.209999084472656,50.970001220703125,48.54209518432617,6300
2023-05-08,50.540000915527344,52.290000915527344,49.790000915527344,49.790000915527344,47.418304443359375,5200
2023-05-09,50.209999084472656,51.290000915527344,49.54999923706055,49.849998474121094,47.475440979003906,7100
2023-05-10,49.849998474121094,49.849998474121094,48.970001220703125,48.970001220703125,46.63736343383789,5000
2023-05-11,48.18000030517578,48.5,48.02000045776367,48.400001525878906,46.094512939453125,2100
2023-05-12,48.72999954223633,49.13999938964844,48.72999954223633,49.13999938964844,46.79926681518555,4400
2023-05-15,48.400001525878906,49.439998626708984,48.0099983215332,49.439998626708984,47.08497619628906,6800
2023-05-16,48.900001525878906,51.0,48.7400016784668,49.040000915527344,46.70402908325195,20700
2023-05-17,49.70000076293945,50.66999816894531,49.34000015258789,50.66999816894531,48.25638198852539,12700
2023-05-18,50.75,51.72999954223633,49.900001525878906,50.02000045776367,47.63734817504883,12700
2023-05-19,50.0,51.869998931884766,50.0,50.540000915527344,48.1325798034668,43400
2023-05-22,51.02000045776367,51.689998626708984,51.02000045776367,51.689998626708984,49.22779846191406,6500
2023-05-23,51.70000076293945,52.189998626708984,51.529998779296875,51.70000076293945,49.23731994628906,8800
2023-05-24,51.70000076293945,52.029998779296875,51.70000076293945,51.869998931884766,49.39921951293945,8600
2023-05-25,51.02000045776367,51.709999084472656,50.7599983215332,51.0099983215332,48.58018493652344,4200
2023-05-26,51.439998626708984,51.84000015258789,50.72999954223633,50.970001220703125,48.54209518432617,5200
2023-05-30,50.900001525878906,50.900001525878906,48.560001373291016,49.29999923706055,46.95164489746094,11700
2023-05-31,48.5099983215332,50.91999816894531,48.5099983215332,50.75,48.33257293701172,6700
2023-06-01,51.970001220703125,52.02000045776367,51.08000183105469,51.08000183105469,48.646854400634766,6100
2023-06-02,51.7599983215332,52.7400016784668,51.040000915527344,51.20000076293945,48.76113510131836,9700
2023-06-05,52.939998626708984,52.939998626708984,51.0,51.63999938964844,49.18017578125,6100
2023-06-06,53.0,53.0,52.31999969482422,52.95000076293945,50.42778015136719,7400
2023-06-07,53.0,56.68000030517578,51.599998474121094,56.33000183105469,53.64677429199219,13500
2023-06-08,59.0,59.0,56.709999084472656,57.310001373291016,54.58009338378906,9800
2023-06-09,56.849998474121094,57.65999984741211,55.849998474121094,55.849998474121094,53.189640045166016,6100
2023-06-12,56.31999969482422,56.97999954223633,55.150001525878906,56.41999816894531,53.732486724853516,8600
2023-06-13,56.45000076293945,57.5,56.209999084472656,56.599998474121094,53.90391159057617,10100
2023-06-14,56.599998474121094,57.150001525878906,54.720001220703125,55.70000076293945,53.46239471435547,7700
2023-06-15,56.279998779296875,56.9900016784668,56.09000015258789,56.939998626708984,54.65258026123047,8700
2023-06-16,55.97999954223633,56.880001068115234,55.779998779296875,55.779998779296875,53.539180755615234,16700
2023-06-20,55.34000015258789,56.0099983215332,55.0099983215332,55.459999084472656,53.23203659057617,14700
2023-06-21,55.099998474121094,56.18000030517578,53.15999984741211,55.400001525878906,53.17444610595703,23100
2023-06-22,55.099998474121094,55.900001525878906,54.849998474121094,55.5,53.27043151855469,13500
2023-06-23,54.04999923706055,55.2400016784668,53.2599983215332,53.650001525878906,51.494754791259766,361800
2023-06-26,53.720001220703125,55.7599983215332,53.720001220703125,55.0,52.7905158996582,14800
2023-06-27,54.75,55.040000915527344,53.45000076293945,53.84000015258789,51.67711639404297,12200
2023-06-28,54.16999816894531,54.630001068115234,53.45000076293945,54.099998474121094,51.92667007446289,9200
2023-06-29,54.130001068115234,54.90999984741211,54.130001068115234,54.880001068115234,52.67533493041992,5200
2023-06-30,54.36000061035156,54.380001068115234,53.650001525878906,53.70000076293945,51.54274368286133,12000
2023-07-03,53.93000030517578,54.70000076293945,53.93000030517578,54.70000076293945,52.502567291259766,3800
2023-07-05,55.279998779296875,55.560001373291016,54.400001525878906,55.04999923706055,52.83850860595703,9600
2023-07-06,54.34000015258789,54.34000015258789,53.79999923706055,53.9900016784668,51.82108688354492,11300
2023-07-07,53.939998626708984,55.52000045776367,53.88999938964844,54.5,52.31060028076172,25600
2023-07-10,54.349998474121094,54.349998474121094,53.81999969482422,53.86000061035156,51.696311950683594,5700
2023-07-11,53.709999084472656,54.220001220703125,52.279998779296875,52.5,50.39094924926758,13800
2023-07-12,52.9900016784668,52.9900016784668,51.33000183105469,51.33000183105469,49.26795196533203,6300
2023-07-13,51.400001525878906,52.189998626708984,51.060001373291016,52.189998626708984,50.0933952331543,3200
2023-07-14,52.11000061035156,52.11000061035156,51.61000061035156,51.720001220703125,49.64228439331055,5500
2023-07-17,51.36000061035156,52.56999969482422,51.36000061035156,52.0,49.91103744506836,5600
2023-07-18,51.63999938964844,52.599998474121094,51.63999938964844,52.470001220703125,50.362152099609375,5700
2023-07-19,53.0,54.11000061035156,53.0,53.779998779296875,51.61952590942383,8100
2023-07-20,54.86000061035156,55.900001525878906,54.77000045776367,55.900001525878906,53.65436553955078,10500
2023-07-21,55.97999954223633,57.400001525878906,55.720001220703125,56.119998931884766,53.86552047729492,5400
2023-07-24,55.790000915527344,56.25,55.0,55.599998474121094,53.36641311645508,9000
2023-07-25,57.439998626708984,57.869998931884766,56.77000045776367,57.52000045776367,55.20928192138672,5000
2023-07-26,57.630001068115234,59.09000015258789,57.2599983215332,57.349998474121094,55.046112060546875,10100
2023-07-27,57.36000061035156,58.599998474121094,57.36000061035156,58.0,55.66999816894531,4700
2023-07-28,57.61000061035156,57.650001525878906,56.61000061035156,57.650001525878906,55.33406066894531,3300
2023-07-31,57.13999938964844,57.13999938964844,56.0,56.22999954223633,53.97110366821289,5000
2023-08-01,55.709999084472656,56.33000183105469,55.709999084472656,56.33000183105469,54.06708526611328,2300
2023-08-02,55.5099983215332,57.529998779296875,55.5099983215332,56.90999984741211,54.623783111572266,6300
2023-08-03,57.209999084472656,57.209999084472656,57.029998779296875,57.029998779296875,54.73896408081055,1900
2023-08-04,56.040000915527344,57.4900016784668,56.040000915527344,57.4900016784668,55.180484771728516,3600
2023-08-07,57.650001525878906,58.0,57.5099983215332,58.0,55.66999816894531,4100
2023-08-08,57.880001068115234,57.97999954223633,57.25,57.25,54.950130462646484,3800
2023-08-09,57.84000015258789,57.84000015258789,57.029998779296875,57.16999816894531,54.87334442138672,4100
2023-08-10,57.619998931884766,57.869998931884766,57.619998931884766,57.869998931884766,55.54521942138672,4300
2023-08-11,57.209999084472656,58.0,57.209999084472656,57.79999923706055,55.478031158447266,2900
2023-08-14,56.540000915527344,56.86000061035156,54.630001068115234,54.630001068115234,52.43537902832031,9400
2023-08-15,54.400001525878906,54.400001525878906,53.650001525878906,53.650001525878906,51.494754791259766,4800
2023-08-16,53.5099983215332,54.650001525878906,53.5099983215332,54.61000061035156,52.41618347167969,3800
2023-08-17,54.349998474121094,55.310001373291016,54.349998474121094,55.20000076293945,52.98248291015625,5100
2023-08-18,55.29999923706055,55.54999923706055,55.20000076293945,55.20000076293945,52.98248291015625,4200
2023-08-21,55.41999816894531,56.689998626708984,54.75,55.29999923706055,53.07846450805664,6000
2023-08-22,54.349998474121094,54.349998474121094,54.349998474121094,54.349998474121094,52.1666259765625,1900
2023-08-23,54.0,54.29999923706055,53.56999969482422,53.720001220703125,51.56193923950195,5500
2023-08-24,53.70000076293945,54.689998626708984,53.54999923706055,54.41999816894531,52.23381423950195,4400
2023-08-25,54.04999923706055,54.04999923706055,53.58000183105469,53.58000183105469,51.42755889892578,3900
2023-08-28,53.040000915527344,53.150001525878906,52.7400016784668,52.90999984741211,50.784481048583984,4400
2023-08-29,53.209999084472656,53.22999954223633,53.209999084472656,53.22999954223633,51.09162139892578,1300
2023-08-30,52.849998474121094,54.09000015258789,52.849998474121094,54.09000015258789,51.91706848144531,3800
2023-08-31,54.720001220703125,55.29999923706055,53.130001068115234,53.31999969482422,51.178009033203125,5400
2023-09-01,53.93000030517578,53.93000030517578,52.81999969482422,52.81999969482422,50.69809341430664,4500
2023-09-05,52.439998626708984,53.040000915527344,52.439998626708984,52.599998474121094,50.48693084716797,5700
2023-09-06,52.34000015258789,52.34000015258789,50.97999954223633,50.97999954223633,48.9320068359375,6300
2023-09-07,51.0,52.02000045776367,50.91999816894531,52.02000045776367,49.93022918701172,23100
2023-09-08,52.459999084472656,52.52000045776367,52.459999084472656,52.52000045776367,50.4101448059082,3200
2023-09-11,53.5,54.41999816894531,52.900001525878906,54.41999816894531,52.23381423950195,5200
2023-09-12,54.7400016784668,55.02000045776367,53.540000915527344,55.02000045776367,52.80971145629883,7200
2023-09-13,53.56999969482422,54.4900016784668,53.56999969482422,53.619998931884766,51.46595764160156,7000
2023-09-14,53.810001373291016,54.02000045776367,53.59000015258789,53.59000015258789,51.862735748291016,4700
2023-09-15,54.150001525878906,56.900001525878906,54.150001525878906,56.689998626708984,54.862823486328125,29200
2023-09-18,56.4900016784668,56.4900016784668,55.310001373291016,55.310001373291016,53.52730178833008,6100
2023-09-19,56.029998779296875,56.029998779296875,54.58000183105469,54.619998931884766,52.85953903198242,6200
2023-09-20,55.349998474121094,55.810001373291016,54.810001373291016,54.810001373291016,53.043418884277344,5000
2023-09-21,54.849998474121094,55.81999969482422,54.849998474121094,55.81999969482422,54.0208625793457,3000
2023-09-22,55.7599983215332,55.849998474121094,54.900001525878906,54.900001525878906,53.130516052246094,6300
2023-09-25,54.810001373291016,55.150001525878906,54.70000076293945,54.70000076293945,52.93696212768555,5100
2023-09-26,54.900001525878906,55.11000061035156,54.900001525878906,55.11000061035156,53.3337516784668,3300
2023-09-27,55.08000183105469,55.08000183105469,55.08000183105469,55.08000183105469,53.304718017578125,2400
2023-09-28,54.970001220703125,55.7400016784668,54.70000076293945,54.70000076293945,52.93696212768555,5100
2023-09-29,55.04999923706055,55.04999923706055,53.38999938964844,53.599998474121094,51.87241744995117,4800
2023-10-02,54.27000045776367,57.150001525878906,52.0,52.75,51.049808502197266,7900
2023-10-03,51.7400016784668,51.880001068115234,51.7400016784668,51.880001068115234,50.207855224609375,3300
2023-10-04,50.9900016784668,51.93000030517578,50.66999816894531,51.25,49.59816360473633,10300
2023-10-05,52.47999954223633,53.20000076293945,52.47999954223633,53.20000076293945,51.48530578613281,5700
2023-10-06,52.720001220703125,53.349998474121094,52.720001220703125,53.02000045776367,51.31111145019531,7600
2023-10-09,53.56999969482422,55.9900016784668,53.400001525878906,55.25,53.469234466552734,3400
2023-10-10,54.83000183105469,55.90999984741211,54.83000183105469,55.90999984741211,54.10796356201172,4500
2023-10-11,55.939998626708984,56.77000045776367,55.939998626708984,56.029998779296875,54.224090576171875,8900
2023-10-12,55.36000061035156,55.959999084472656,54.68000030517578,55.439998626708984,53.65311050415039,4900
2023-10-13,56.02000045776367,57.099998474121094,55.099998474121094,55.65999984741211,53.86602020263672,7200
2023-10-16,56.810001373291016,57.0,55.900001525878906,55.900001525878906,54.098289489746094,6700
2023-10-17,56.0099983215332,57.66999816894531,55.0,57.18000030517578,55.33702850341797,9800
2023-10-18,57.27000045776367,57.5,57.099998474121094,57.099998474121094,55.259605407714844,5000
2023-10-19,57.400001525878906,57.400001525878906,55.720001220703125,55.720001220703125,53.92408752441406,6800
2023-10-20,56.400001525878906,56.400001525878906,54.38999938964844,54.38999938964844,52.63695526123047,8000
2023-10-23,52.689998626708984,52.900001525878906,52.599998474121094,52.900001525878906,51.19498062133789,3900
2023-10-24,53.0,54.0,52.470001220703125,52.849998474121094,51.14658737182617,7300
2023-10-25,52.029998779296875,52.880001068115234,52.0,52.0,50.3239860534668,6600
2023-10-26,52.0,52.209999084472656,51.65999984741211,52.0,50.3239860534668,8900
2023-10-27,52.709999084472656,54.02000045776367,52.56999969482422,52.56999969482422,50.87561798095703,5000
2023-10-30,53.15999984741211,53.220001220703125,52.900001525878906,53.0,51.291751861572266,5900
2023-10-31,52.70000076293945,53.06999969482422,52.36000061035156,52.65999984741211,50.96271514892578,5200
2023-11-01,54.29999923706055,54.29999923706055,53.400001525878906,53.400001525878906,51.67886734008789,3500
2023-11-02,53.400001525878906,54.189998626708984,53.349998474121094,54.0,52.259525299072266,4700
2023-11-03,54.7400016784668,55.630001068115234,54.7400016784668,55.0,53.227294921875,7000
2023-11-06,54.630001068115234,55.2400016784668,54.369998931884766,54.369998931884766,52.61759567260742,4700
2023-11-07,54.099998474121094,55.18000030517578,54.099998474121094,54.29999923706055,52.54985046386719,4200
2023-11-08,55.0099983215332,55.0099983215332,54.9900016784668,54.9900016784668,53.21761703491211,2800
2023-11-09,55.0,55.0,54.38999938964844,54.38999938964844,52.63695526123047,2700
2023-11-10,54.959999084472656,55.5099983215332,54.869998931884766,55.06999969482422,53.29503631591797,9200
2023-11-13,55.0,55.0,54.61000061035156,54.61000061035156,52.8498649597168,2700
2023-11-14,51.0,56.400001525878906,51.0,56.20000076293945,54.38861846923828,14900
2023-11-15,56.470001220703125,56.58000183105469,55.060001373291016,55.060001373291016,53.285362243652344,7500
2023-11-16,54.5099983215332,56.40999984741211,54.459999084472656,56.40999984741211,54.59184646606445,4400
2023-11-17,56.83000183105469,58.099998474121094,56.83000183105469,58.099998474121094,56.227378845214844,6700
2023-11-20,57.75,58.20000076293945,57.75,58.20000076293945,56.324153900146484,3000
2023-11-21,58.060001373291016,58.849998474121094,57.9900016784668,58.849998474121094,56.95320129394531,7200
2023-11-22,58.849998474121094,59.43000030517578,58.849998474121094,59.43000030517578,57.51450729370117,3600
2023-11-24,60.099998474121094,60.349998474121094,59.70000076293945,60.349998474121094,58.40485763549805,2700
2023-11-27,59.20000076293945,59.58000183105469,57.369998931884766,57.369998931884766,55.520904541015625,12700
2023-11-28,57.130001068115234,57.2400016784668,57.0,57.0,55.16283416748047,3400
2023-11-29,58.220001220703125,58.220001220703125,57.709999084472656,57.709999084472656,55.84994125366211,2000
2023-11-30,56.83000183105469,58.34000015258789,56.83000183105469,58.34000015258789,56.45964050292969,3000
2023-12-01,58.970001220703125,59.540000915527344,58.0099983215332,58.720001220703125,56.827396392822266,13400
2023-12-04,58.56999969482422,61.29999923706055,58.5,61.29999923706055,59.32423782348633,11100
2023-12-05,61.34000015258789,61.34000015258789,58.5,59.06999969482422,57.16611099243164,15100
2023-12-06,60.5,61.0,59.720001220703125,60.5099983215332,58.559696197509766,6000
2023-12-07,60.310001373291016,60.310001373291016,58.5099983215332,59.5,57.582252502441406,8800
2023-12-08,58.72999954223633,61.45000076293945,58.72999954223633,60.84000015258789,58.879066467285156,7800
2023-12-11,60.9900016784668,61.88999938964844,60.150001525878906,61.720001220703125,59.7307014465332,6200
2023-12-12,60.97999954223633,61.38999938964844,60.119998931884766,61.15999984741211,59.188751220703125,6600
2023-12-13,61.900001525878906,65.4000015258789,61.900001525878906,65.4000015258789,63.29208755493164,14800
2023-12-14,65.76000213623047,67.16000366210938,65.43000030517578,67.16000366210938,65.43561553955078,19000
2023-12-15,67.47000122070312,71.0,66.87999725341797,70.79000091552734,68.97239685058594,37000
2023-12-18,70.30999755859375,72.0,69.3499984741211,70.33000183105469,68.52421569824219,13100
2023-12-19,69.5,69.5,65.62999725341797,68.45999908447266,66.70222473144531,9700
2023-12-20,67.88999938964844,70.75,67.05000305175781,69.80000305175781,68.00782012939453,10700
2023-12-21,69.5,69.5,67.44999694824219,68.0,66.25403594970703,8500
2023-12-22,68.20999908447266,68.56999969482422,67.73999786376953,68.02999877929688,66.28325653076172,7300
2023-12-26,67.62000274658203,67.62000274658203,66.62999725341797,67.19000244140625,65.46482849121094,6400
2023-12-27,66.45999908447266,69.5,65.7300033569336,69.4000015258789,67.61808776855469,4800
2023-12-28,68.76000213623047,70.44999694824219,68.7300033569336,68.81999969482422,67.052978515625,4200
2023-12-29,68.5999984741211,69.9800033569336,68.19000244140625,68.19000244140625,66.43915557861328,4700
2024-01-02,68.76000213623047,69.30999755859375,66.0199966430664,69.30999755859375,67.53040313720703,7800
2024-01-03,69.5,70.97000122070312,66.94000244140625,66.94000244140625,65.22125244140625,8800
2024-01-04,67.54000091552734,67.54000091552734,65.56999969482422,65.56999969482422,63.88642120361328,8200
2024-01-05,65.80999755859375,65.80999755859375,65.18000030517578,65.27999877929688,63.6038703918457,17000
2024-01-08,64.7699966430664,64.93000030517578,64.0,64.86000061035156,63.19465637207031,5300
2024-01-09,64.81999969482422,64.81999969482422,61.52000045776367,61.75,60.164512634277344,6700
2024-01-10,60.5,61.9900016784668,60.43000030517578,61.9900016784668,60.398345947265625,6800
2024-01-11,61.34000015258789,61.34000015258789,60.400001525878906,60.77000045776367,59.20967102050781,4400
2024-01-12,60.349998474121094,60.41999816894531,58.75,60.41999816894531,58.868656158447266,4800
2024-01-16,60.29999923706055,60.97999954223633,60.04999923706055,60.97999954223633,59.414276123046875,4500
2024-01-17,60.810001373291016,61.2599983215332,59.29999923706055,59.5,57.97228240966797,3800
2024-01-18,58.72999954223633,60.15999984741211,57.79999923706055,58.0099983215332,56.52053451538086,7800
2024-01-19,58.54999923706055,58.54999923706055,56.75,56.9900016784668,55.526729583740234,8500
2024-01-22,56.43000030517578,56.900001525878906,55.040000915527344,56.900001525878906,55.43904113769531,15400
2024-01-23,56.88999938964844,57.349998474121094,56.15999984741211,56.15999984741211,54.71803665161133,6400
2024-01-24,57.66999816894531,58.849998474121094,57.66999816894531,57.7400016784668,56.257476806640625,4200
2024-01-25,57.9900016784668,58.72999954223633,57.650001525878906,58.72999954223633,57.22205352783203,8700
2024-01-26,59.0,59.95000076293945,57.2599983215332,57.970001220703125,56.481563568115234,6800
2024-01-29,57.45000076293945,59.470001220703125,57.25,58.88999938964844,57.3779411315918,4200
2024-01-30,58.70000076293945,58.70000076293945,58.70000076293945,58.70000076293945,57.19282150268555,1000
2024-01-31,57.38999938964844,57.38999938964844,55.5,55.5,54.074981689453125,2700
2024-02-01,56.13999938964844,59.0,56.13999938964844,57.9900016784668,56.50105285644531,5400
2024-02-02,55.810001373291016,55.849998474121094,55.70000076293945,55.70000076293945,54.26985168457031,2000
2024-02-05,55.130001068115234,55.5,52.86000061035156,53.150001525878906,51.78532409667969,5700
2024-02-06,53.36000061035156,53.36000061035156,50.2599983215332,51.099998474121094,49.78795623779297,12600
2024-02-07,50.630001068115234,53.08000183105469,49.29999923706055,51.709999084472656,50.382293701171875,8600
2024-02-08,51.709999084472656,52.650001525878906,51.5099983215332,51.5099983215332,50.18742752075195,4300
2024-02-09,52.11000061035156,54.61000061035156,52.11000061035156,54.61000061035156,53.20783615112305,3500
2024-02-12,54.02000045776367,57.02000045776367,54.02000045776367,56.25,54.80572509765625,5400
2024-02-13,56.0,56.0,50.54999923706055,51.33000183105469,50.012054443359375,9500
2024-02-14,51.65999984741211,53.310001373291016,51.65999984741211,52.599998474121094,51.249446868896484,7900
2024-02-15,53.58000183105469,55.650001525878906,53.58000183105469,55.599998474121094,54.17241668701172,5800
2024-02-16,55.4900016784668,56.209999084472656,54.16999816894531,55.0,53.58782196044922,5200
2024-02-20,53.0099983215332,53.0099983215332,52.93000030517578,52.93000030517578,51.57096862792969,2600
2024-02-21,52.86000061035156,53.83000183105469,51.77000045776367,53.29999923706055,51.93146896362305,3000
2024-02-22,52.5099983215332,54.0,52.22999954223633,54.0,52.61349868774414,6500
2024-02-23,54.4900016784668,54.4900016784668,54.4900016784668,54.4900016784668,53.090919494628906,1900
2024-02-26,54.0,54.0,54.0,54.0,52.61349868774414,1900
2024-02-27,53.880001068115234,53.880001068115234,53.880001068115234,53.880001068115234,52.49658203125,1400
2024-02-28,52.040000915527344,52.040000915527344,51.779998779296875,51.779998779296875,50.45050048828125,1400
2024-02-29,52.88999938964844,53.43000030517578,52.88999938964844,53.43000030517578,52.05813217163086,3900
2024-03-01,52.33000183105469,52.61000061035156,51.779998779296875,52.61000061035156,51.25918960571289,2600
2024-03-04,53.84000015258789,53.84000015258789,52.72999954223633,52.72999954223633,51.37610626220703,2700
2024-03-05,54.560001373291016,54.58000183105469,51.720001220703125,52.599998474121094,51.249446868896484,2200
2024-03-06,53.04999923706055,53.54999923706055,53.04999923706055,53.54999923706055,52.175052642822266,2600
2024-03-07,53.5,53.5,52.34000015258789,52.689998626708984,51.337135314941406,4700
2024-03-08,51.9900016784668,51.9900016784668,51.9900016784668,51.9900016784668,50.65510940551758,2200
2024-03-11,51.810001373291016,51.880001068115234,51.810001373291016,51.880001068115234,50.54793167114258,2400
2024-03-12,51.880001068115234,51.880001068115234,51.25,51.25,49.93410873413086,1900
2024-03-13,51.25,51.25,50.970001220703125,50.9900016784668,49.6807861328125,3200
2024-03-14,50.58000183105469,50.58000183105469,48.630001068115234,48.650001525878906,47.813453674316406,4400
2024-03-15,48.650001525878906,49.849998474121094,48.650001525878906,49.849998474121094,48.99281692504883,13200
2024-03-18,50.0,50.0,48.75,48.75,47.91173553466797,3200
2024-03-19,48.7599983215332,49.689998626708984,48.459999084472656,48.709999084472656,47.87242126464844,3700
2024-03-20,48.459999084472656,50.060001373291016,48.459999084472656,49.400001525878906,48.55055618286133,6300
2024-03-21,49.0,49.369998931884766,48.84000015258789,48.84000015258789,48.000186920166016,6800
2024-03-22,48.4900016784668,48.91999816894531,48.47999954223633,48.5,47.66603088378906,3300
2024-03-25,48.5,48.54999923706055,48.5,48.54999923706055,47.715171813964844,4700
2024-03-26,47.630001068115234,47.630001068115234,47.630001068115234,47.630001068115234,46.81099319458008,2600
2024-03-27,48.310001373291016,51.209999084472656,48.0,48.5,47.66603088378906,5700
2024-03-28,47.91999816894531,49.0,47.91999816894531,49.0,48.157432556152344,2600
2024-04-01,49.33000183105469,50.189998626708984,48.97999954223633,48.97999954223633,48.137779235839844,3000
2024-04-02,47.91999816894531,49.5,47.91999816894531,48.29999923706055,47.4694709777832,4100
2024-04-03,48.08000183105469,48.08000183105469,47.88999938964844,47.9900016784668,47.16480255126953,3600
2024-04-04,48.130001068115234,48.130001068115234,47.45000076293945,47.45000076293945,46.634090423583984,3100
2024-04-05,48.77000045776367,48.77000045776367,47.599998474121094,47.599998474121094,46.7815055847168,1500
2024-04-08,48.25,48.25,47.20000076293945,47.20000076293945,46.38838577270508,2700
2024-04-09,46.5099983215332,47.84000015258789,46.20000076293945,46.7400016784668,45.93629837036133,8500
2024-04-10,45.959999084472656,47.459999084472656,42.18000030517578,43.279998779296875,42.535789489746094,11400
2024-04-11,43.18000030517578,44.220001220703125,42.04999923706055,42.9900016784668,42.25077819824219,17800
2024-04-12,42.560001373291016,43.099998474121094,39.81999969482422,40.04999923706055,39.361331939697266,17300
2024-04-15,41.2599983215332,41.2599983215332,37.599998474121094,38.25,37.592281341552734,21800
2024-04-16,38.279998779296875,38.7400016784668,33.75,34.619998931884766,34.02470016479492,34500
2024-04-17,34.9900016784668,35.54999923706055,33.5099983215332,35.349998474121094,34.742149353027344,21900
2024-04-18,35.13999938964844,36.5,35.0,35.689998626708984,35.0763053894043,12700
2024-04-19,35.2599983215332,37.099998474121094,35.2599983215332,36.970001220703125,36.334293365478516,15900
2024-04-22,37.0099983215332,38.70000076293945,34.95000076293945,38.70000076293945,38.0345458984375,24900
2024-04-23,39.02000045776367,39.290000915527344,37.36000061035156,37.560001373291016,36.91415023803711,20100
2024-04-24,38.470001220703125,38.470001220703125,36.0099983215332,37.0,36.3637809753418,31400
2024-04-25,37.0,38.15999984741211,36.61000061035156,37.7400016784668,37.0910530090332,12900
2024-04-26,37.54999923706055,39.16999816894531,37.540000915527344,38.540000915527344,37.877296447753906,29700
2024-04-29,39.459999084472656,39.77000045776367,38.27000045776367,39.150001525878906,38.476810455322266,45200
2024-04-30,39.16999816894531,39.5,38.209999084472656,39.16999816894531,38.496463775634766,31300
2024-05-01,39.54999923706055,41.0,39.54999923706055,40.27000045776367,39.57754898071289,23300
2024-05-02,40.279998779296875,41.7400016784668,40.25,41.7400016784668,41.022274017333984,12500
2024-05-03,42.599998474121094,43.47999954223633,41.13999938964844,43.119998931884766,42.378543853759766,19500
2024-05-06,43.20000076293945,43.43000030517578,41.97999954223633,42.310001373291016,41.58247375488281,30900
2024-05-07,42.04999923706055,42.310001373291016,41.34000015258789,41.91999816894531,41.19917678833008,12900
2024-05-08,41.91999816894531,42.40999984741211,41.400001525878906,42.060001373291016,41.336769104003906,16700
2024-05-09,41.31999969482422,41.9900016784668,40.9900016784668,41.97999954223633,41.25814437866211,10100
2024-05-10,41.75,42.66999816894531,41.72999954223633,42.66999816894531,41.936279296875,9300
2024-05-13,42.66999816894531,42.66999816894531,42.099998474121094,42.13999938964844,41.4153938293457,8000
2024-05-14,42.0,42.77000045776367,41.97999954223633,42.4900016784668,41.759376525878906,13600
2024-05-15,42.33000183105469,43.279998779296875,42.220001220703125,43.279998779296875,42.535789489746094,9800
2024-05-16,42.849998474121094,43.209999084472656,42.56999969482422,43.0,42.26060485839844,7400
2024-05-17,43.11000061035156,44.5,42.38999938964844,44.36000061035156,43.59722137451172,10800
2024-05-20,43.95000076293945,44.68000030517578,43.95000076293945,44.400001525878906,43.63653564453125,10300
2024-05-21,44.5,44.5,43.900001525878906,44.25,43.489112854003906,5300
2024-05-22,44.0,45.779998779296875,44.0,45.400001525878906,44.61933898925781,15500
2024-05-23,45.0,45.0,42.91999816894531,44.040000915527344,43.2827262878418,21100
2024-05-24,43.75,45.119998931884766,43.75,44.650001525878906,43.88223648071289,13100
2024-05-28,44.029998779296875,45.54999923706055,43.16999816894531,44.650001525878906,43.88223648071289,32600
2024-05-29,43.33000183105469,43.720001220703125,42.25,43.040000915527344,42.299922943115234,48700
2024-05-30,43.130001068115234,44.47999954223633,42.40999984741211,43.79999923706055,43.04684829711914,32200
2024-05-31,44.0,44.5,43.470001220703125,43.939998626708984,43.184444427490234,17500
2024-06-03,44.0,44.650001525878906,44.0,44.31999969482422,43.55790710449219,12100
2024-06-04,43.95000076293945,44.619998931884766,43.880001068115234,44.119998931884766,43.36134719848633,17000
2024-06-05,43.7599983215332,44.650001525878906,43.7599983215332,44.5,43.73481369018555,12400
2024-06-06,44.0,46.18000030517578,43.95000076293945,45.04999923706055,44.27535629272461,16100
2024-06-07,44.33000183105469,45.2400016784668,44.310001373291016,45.02000045776367,44.245872497558594,9700
2024-06-10,44.310001373291016,45.869998931884766,44.310001373291016,45.77000045776367,44.982975006103516,24700
2024-06-11,45.22999954223633,46.22999954223633,44.61000061035156,46.22999954223633,45.43506622314453,12900
2024-06-12,46.58000183105469,47.47999954223633,45.58000183105469,45.83000183105469,45.04194641113281,12200
2024-06-13,44.29999923706055,46.18000030517578,44.29999923706055,46.18000030517578,45.38592529296875,11600
2024-06-14,44.959999084472656,45.25,44.86000061035156,45.04999923706055,44.70126724243164,19000
2024-06-17,44.13999938964844,45.779998779296875,43.849998474121094,45.56999969482422,45.21723937988281,9700
2024-06-18,45.20000076293945,46.43000030517578,44.709999084472656,45.5,45.14778137207031,16700
2024-06-20,44.84000015258789,47.779998779296875,44.84000015258789,46.77000045776367,46.40795135498047,11900
2024-06-21,46.83000183105469,48.099998474121094,46.83000183105469,47.779998779296875,47.410133361816406,24700
2024-06-24,48.150001525878906,49.16999816894531,48.0,48.720001220703125,48.342857360839844,9300
2024-06-25,48.220001220703125,49.540000915527344,48.220001220703125,49.349998474121094,48.967979431152344,22100
2024-06-26,49.400001525878906,52.5,48.70000076293945,51.95000076293945,51.547855377197266,37400
2024-06-27,50.7400016784668,52.560001373291016,50.08000183105469,52.099998474121094,51.69668960571289,31200
2024-06-28,52.029998779296875,52.209999084472656,47.779998779296875,48.20000076293945,47.826881408691406,417800
2024-07-01,48.45000076293945,49.29999923706055,44.970001220703125,45.16999816894531,44.820335388183594,31900
2024-07-02,45.22999954223633,45.22999954223633,43.11000061035156,44.400001525878906,44.05630111694336,31100
2024-07-03,45.11000061035156,45.11000061035156,43.52000045776367,43.810001373291016,43.47086715698242,13700
2024-07-05,43.290000915527344,43.63999938964844,42.63999938964844,43.18000030517578,42.845741271972656,19400
2024-07-08,43.099998474121094,43.88999938964844,41.47999954223633,41.81999969482422,41.49626922607422,23300
2024-07-09,41.7599983215332,43.2599983215332,41.63999938964844,43.040000915527344,42.706825256347656,19800
2024-07-10,42.70000076293945,44.810001373291016,42.70000076293945,44.54999923706055,44.205135345458984,12000
2024-07-11,44.25,46.66999816894531,44.040000915527344,45.900001525878906,45.5446891784668,14800
2024-07-12,46.0,46.81999969482422,44.88999938964844,46.5,46.14004135131836,39900
2024-07-15,46.41999816894531,49.849998474121094,45.040000915527344,49.59000015258789,49.20612335205078,30800
2024-07-16,49.16999816894531,50.959999084472656,49.16999816894531,50.959999084472656,50.56551742553711,15700
2024-07-17,49.0,51.880001068115234,49.0,51.880001068115234,51.478397369384766,16400
2024-07-18,51.70000076293945,51.709999084472656,50.04999923706055,50.279998779296875,49.89078140258789,9700
2024-07-19,48.90999984741211,48.939998626708984,48.90999984741211,48.939998626708984,48.561153411865234,2500
2024-07-22,48.810001373291016,51.630001068115234,48.54999923706055,51.08000183105469,50.68458938598633,29600
2024-07-23,51.119998931884766,52.630001068115234,51.119998931884766,52.599998474121094,52.19282150268555,8600
2024-07-24,52.5,53.70000076293945,52.5,53.560001373291016,53.14539337158203,12700
2024-07-25,54.0,56.56999969482422,54.0,56.310001373291016,55.87410354614258,33600
2024-07-26,56.599998474121094,58.150001525878906,56.599998474121094,57.97999954223633,57.53117370605469,8800
2024-07-29,57.220001220703125,57.959999084472656,56.310001373291016,57.959999084472656,57.511329650878906,18100
2024-07-30,57.029998779296875,58.93000030517578,57.0,58.150001525878906,57.699859619140625,11600
2024-07-31,58.0,59.779998779296875,57.959999084472656,59.5,59.03940963745117,22100
2024-08-01,59.0099983215332,59.0099983215332,56.02000045776367,56.5,56.06262969970703,13500
2024-08-02,54.709999084472656,56.27000045776367,53.310001373291016,55.63999938964844,55.20928955078125,14900
2024-08-05,52.86000061035156,54.47999954223633,52.34000015258789,53.650001525878906,53.23469543457031,9600
2024-08-06,53.34000015258789,53.34000015258789,52.9900016784668,52.9900016784668,52.579803466796875,3700
2024-08-07,53.709999084472656,53.709999084472656,53.310001373291016,53.31999969482422,52.907249450683594,2300
2024-08-08,53.61000061035156,55.290000915527344,52.810001373291016,54.380001068115234,53.95904541015625,10900
2024-08-09,54.189998626708984,55.06999969482422,54.189998626708984,55.06999969482422,54.643699645996094,2800
2024-08-12,53.529998779296875,55.099998474121094,52.779998779296875,52.779998779296875,52.37142562866211,8500
2024-08-13,52.939998626708984,53.88999938964844,52.22999954223633,52.22999954223633,51.82568359375,10700
2024-08-14,52.84000015258789,53.91999816894531,50.70000076293945,50.70000076293945,50.30752944946289,18700
2024-08-15,51.5,53.95000076293945,51.5,53.95000076293945,53.532371520996094,4600
2024-08-16,52.9900016784668,55.060001373291016,52.43000030517578,52.529998779296875,52.12336349487305,22300
2024-08-19,53.290000915527344,55.790000915527344,52.88999938964844,55.790000915527344,55.35812759399414,13600
2024-08-20,55.52000045776367,55.58000183105469,54.349998474121094,54.5,54.0781135559082,1900
2024-08-21,54.5,56.0,54.5,56.0,55.56650161743164,3700
2024-08-22,55.060001373291016,55.52000045776367,55.060001373291016,55.52000045776367,55.09021759033203,1400
2024-08-23,56.04999923706055,58.9900016784668,56.04999923706055,58.9900016784668,58.53335952758789,3700
2024-08-26,58.90999984741211,59.060001373291016,55.63999938964844,59.0,58.543277740478516,14600
2024-08-27,57.529998779296875,58.79999923706055,56.880001068115234,57.290000915527344,56.84651565551758,5800
2024-08-28,56.709999084472656,58.470001220703125,56.29999923706055,58.470001220703125,58.01738357543945,7500
2024-08-29,57.7599983215332,58.5,56.2599983215332,57.099998474121094,56.65798568725586,13700
2024-08-30,57.25,58.47999954223633,56.5,58.02000045776367,57.570865631103516,4600
2024-09-03,56.40999984741211,57.7400016784668,55.810001373291016,57.0,56.55876159667969,27700
2024-09-04,56.5,56.5,56.119998931884766,56.34000015258789,55.90386962890625,2300
2024-09-05,56.0,56.439998626708984,55.79999923706055,56.08000183105469,55.6458854675293,4700
2024-09-06,56.529998779296875,56.529998779296875,55.849998474121094,56.25,55.81456756591797,5200
2024-09-09,56.0,57.970001220703125,56.0,56.02000045776367,55.58634948730469,17700
2024-09-10,56.08000183105469,56.29999923706055,56.0,56.0,55.56650161743164,5600
2024-09-11,56.0,56.9900016784668,56.0,56.9900016784668,56.5488395690918,6800
2024-09-12,56.77000045776367,57.0099983215332,56.77000045776367,56.84000015258789,56.400001525878906,4200
2024-09-13,56.709999084472656,57.29999923706055,56.709999084472656,57.29999923706055,57.29999923706055,2600
