Date,Open,High,Low,Close,Adj Close,Volume
1992-07-10,15.25,15.375,15.0,15.0,1.176526427268982,1135700
1992-07-13,15.0,15.125,14.875,15.0,1.176526427268982,420400
1992-07-14,15.0,15.0,14.875,14.875,1.166722297668457,165400
1992-07-15,15.0,15.0,14.875,14.875,1.166722297668457,72200
1992-07-16,14.875,15.0,14.875,15.0,1.176526427268982,27600
1992-07-17,14.875,15.0,14.875,15.0,1.176526427268982,174400
1992-07-20,14.875,15.0,14.75,14.75,1.156917691230774,152500
1992-07-21,14.75,14.875,14.75,14.75,1.156917691230774,45200
1992-07-22,14.875,14.875,14.375,14.375,1.127504825592041,260400
1992-07-23,14.5,14.5,14.0,14.0,1.09809148311615,179100
1992-07-24,14.0,14.125,14.0,14.0,1.09809148311615,111800
1992-07-27,14.0,14.25,14.0,14.125,1.107895851135254,58000
1992-07-28,14.25,14.25,14.0,14.125,1.107895851135254,38500
1992-07-29,14.125,14.625,14.125,14.625,1.1471134424209595,12800
1992-07-30,14.375,14.625,14.375,14.5,1.1373088359832764,23100
1992-07-31,14.625,14.625,14.5,14.5,1.1373088359832764,47200
1992-08-03,14.5,14.625,14.375,14.625,1.1471134424209595,21000
1992-08-04,14.75,14.75,14.375,14.375,1.127504825592041,16600
1992-08-05,14.5,14.5,14.125,14.25,1.117700219154358,9900
1992-08-06,14.125,14.375,14.125,14.25,1.117700219154358,9700
1992-08-07,14.25,14.25,14.0,14.125,1.107895851135254,32700
1992-08-10,14.0,14.25,14.0,14.25,1.117700219154358,96100
1992-08-11,14.375,14.625,14.25,14.5,1.1373088359832764,45500
1992-08-12,14.5,14.5,13.75,14.0,1.09809148311615,71800
1992-08-13,14.0,14.0,13.875,13.875,1.0882869958877563,15500
1992-08-14,13.875,14.125,13.875,14.125,1.107895851135254,14000
1992-08-17,14.0,14.0,13.5,13.625,1.068678379058838,35300
1992-08-18,13.375,13.5,13.375,13.375,1.0490695238113403,27300
1992-08-19,13.5,13.5,13.0,13.0,1.0196563005447388,36300
1992-08-20,13.0,13.0,12.5,12.5,0.980438768863678,166900
1992-08-21,12.625,12.75,12.5,12.75,1.0000476837158203,43900
1992-08-24,12.625,12.625,12.125,12.375,0.9706345200538635,35000
1992-08-25,12.25,12.375,12.25,12.375,0.9706345200538635,32000
1992-08-26,12.5,13.0,12.375,13.0,1.0196563005447388,36000
1992-08-27,13.125,13.5,13.125,13.125,1.0294607877731323,62800
1992-08-28,13.25,13.375,13.125,13.25,1.0392652750015259,23000
1992-08-31,13.25,13.375,13.125,13.125,1.0294607877731323,24100
1992-09-01,13.125,13.25,13.0,13.25,1.0392652750015259,36300
1992-09-02,13.25,13.375,13.125,13.25,1.0392652750015259,35900
1992-09-03,13.375,13.375,13.0,13.125,1.0294607877731323,48800
1992-09-04,13.25,13.25,13.0,13.25,1.0392652750015259,13700
1992-09-08,13.0,13.125,12.875,13.125,1.0294607877731323,32400
1992-09-09,13.0,13.125,12.625,13.0,1.0196563005447388,26700
1992-09-10,13.125,13.25,13.125,13.25,1.0392652750015259,14300
1992-09-11,13.25,13.25,13.0,13.0,1.0196563005447388,13700
1992-09-14,13.0,13.25,12.875,13.125,1.0294607877731323,18900
1992-09-15,13.0,13.0,12.75,12.875,1.0098519325256348,16800
1992-09-16,12.875,12.875,12.5,12.875,1.0098519325256348,41800
1992-09-17,12.75,12.875,12.625,12.75,1.0000476837158203,14600
1992-09-18,12.375,12.625,12.375,12.625,0.9902433156967163,13500
1992-09-21,12.25,12.375,12.125,12.125,0.9510257244110107,45800
1992-09-22,12.125,12.25,12.0,12.0,0.9412211775779724,38900
1992-09-23,12.125,12.125,12.0,12.125,0.9510257244110107,22400
1992-09-24,12.125,12.375,12.125,12.25,0.9608299732208252,27300
1992-09-25,12.125,12.25,12.0,12.0,0.9412211775779724,59900
1992-09-28,12.0,12.125,12.0,12.0,0.9412211775779724,40100
1992-09-29,12.0,12.25,12.0,12.0,0.9412211775779724,20500
1992-09-30,12.125,12.125,12.0,12.0,0.9412211775779724,17100
1992-10-01,12.0,12.0,11.875,12.0,0.9412211775779724,15500
1992-10-02,12.0,12.0,11.875,12.0,0.9412211775779724,18200
1992-10-05,12.0,12.0,11.25,11.875,0.9314168691635132,67500
1992-10-06,11.875,11.875,11.625,11.875,0.9314168691635132,21800
1992-10-07,11.875,11.875,11.625,11.75,0.9216125011444092,19300
1992-10-08,11.75,11.75,11.625,11.75,0.9216125011444092,18000
1992-10-09,11.75,12.0,11.625,12.0,0.9412211775779724,35800
1992-10-12,12.0,12.25,11.875,11.875,0.9314168691635132,44900
1992-10-13,11.75,11.875,11.75,11.875,0.9314168691635132,45600
1992-10-14,11.875,12.125,11.75,11.75,0.9216125011444092,36200
1992-10-15,11.875,12.0,11.75,11.875,0.9314168691635132,47400
1992-10-16,12.0,12.25,11.875,12.125,0.9510257244110107,19000
1992-10-19,12.125,12.625,12.125,12.5,0.980438768863678,32000
1992-10-20,12.625,13.125,12.625,13.125,1.0294607877731323,100800
1992-10-21,13.375,13.75,13.375,13.625,1.068678379058838,68900
1992-10-22,14.0,14.125,13.75,13.875,1.0882869958877563,123200
1992-10-23,14.125,14.125,13.75,13.75,1.0784825086593628,45600
1992-10-26,13.625,13.75,13.375,13.625,1.068678379058838,37900
1992-10-27,13.625,13.875,13.625,13.625,1.068678379058838,18500
1992-10-28,13.5,13.75,13.375,13.75,1.0784825086593628,54500
1992-10-29,13.5,13.75,13.5,13.625,1.068678379058838,19900
1992-10-30,13.75,14.0,13.75,14.0,1.09809148311615,60900
1992-11-02,14.0,14.0,13.625,14.0,1.09809148311615,19800
1992-11-03,14.125,14.125,13.875,14.0,1.09809148311615,31300
1992-11-04,14.0,14.125,14.0,14.0,1.09809148311615,28100
1992-11-05,14.125,14.375,14.125,14.25,1.117700219154358,30500
1992-11-06,14.375,14.5,14.25,14.375,1.127504825592041,27500
1992-11-09,14.125,14.375,14.125,14.25,1.117700219154358,16700
1992-11-10,14.375,14.5,14.25,14.375,1.127504825592041,29300
1992-11-11,14.5,14.875,14.375,14.75,1.156917691230774,127500
1992-11-12,14.75,14.875,14.5,14.625,1.1471134424209595,21200
1992-11-13,14.75,14.875,14.625,14.625,1.1471134424209595,18400
1992-11-16,14.5,14.875,14.5,14.75,1.156917691230774,19000
1992-11-17,14.625,14.75,14.25,14.375,1.127504825592041,29700
1992-11-18,14.25,14.25,14.0,14.25,1.117700219154358,36400
1992-11-19,14.25,14.25,14.125,14.25,1.117700219154358,12900
1992-11-20,14.375,14.5,14.125,14.375,1.127504825592041,15600
1992-11-23,14.0,14.375,14.0,14.375,1.127504825592041,21600
1992-11-24,14.375,14.5,14.25,14.25,1.117700219154358,36700
1992-11-25,14.25,14.375,14.125,14.125,1.107895851135254,16700
1992-11-27,14.25,14.625,14.25,14.5,1.1373088359832764,39200
1992-11-30,14.625,14.75,14.375,14.5,1.1373088359832764,115200
1992-12-01,14.375,14.375,13.875,14.0,1.09809148311615,43600
1992-12-02,14.0,14.0,13.875,14.0,1.09809148311615,14100
1992-12-03,13.875,14.0,13.75,13.875,1.0882869958877563,23400
1992-12-04,14.0,14.125,13.75,14.0,1.09809148311615,12800
1992-12-07,14.0,14.0,13.5,13.75,1.0784825086593628,24600
1992-12-08,13.5,13.75,13.5,13.625,1.068678379058838,17300
1992-12-09,13.75,13.875,13.625,13.75,1.0784825086593628,31300
1992-12-10,13.375,13.625,13.25,13.5,1.0588738918304443,17300
1992-12-11,13.5,13.5,13.25,13.375,1.0490695238113403,9000
1992-12-14,13.25,13.375,13.0,13.25,1.0392652750015259,40900
1992-12-15,13.375,13.625,13.125,13.5,1.0588738918304443,25000
1992-12-16,13.25,13.625,13.25,13.625,1.068678379058838,18200
1992-12-17,13.625,13.625,13.375,13.375,1.0490695238113403,17100
1992-12-18,13.5,13.5,13.125,13.25,1.0392652750015259,30800
1992-12-21,13.25,13.25,13.0,13.0,1.0196563005447388,36400
1992-12-22,13.125,13.125,13.0,13.0,1.0196563005447388,32900
1992-12-23,13.0,13.375,12.875,13.25,1.0392652750015259,34000
1992-12-24,13.25,13.375,13.125,13.375,1.0502583980560303,9900
1992-12-28,13.375,13.5,13.25,13.375,1.0502583980560303,15700
1992-12-29,13.5,13.5,13.125,13.125,1.0306272506713867,22700
1992-12-30,13.25,13.25,12.75,13.0,1.0208121538162231,22000
1992-12-31,13.0,13.125,12.875,13.0,1.0208121538162231,19900
1993-01-04,13.25,13.875,13.25,13.875,1.0895206928253174,38000
1993-01-05,14.375,14.375,14.0,14.0,1.0993361473083496,109600
1993-01-06,14.125,14.25,14.0,14.25,1.1189674139022827,113900
1993-01-07,14.0,14.25,14.0,14.125,1.1091514825820923,151000
1993-01-08,14.125,14.25,14.0,14.125,1.1091514825820923,12000
1993-01-11,14.125,14.25,14.0,14.25,1.1189674139022827,19300
1993-01-12,14.25,14.25,13.875,14.0,1.0993361473083496,25100
1993-01-13,14.0,14.0,13.75,13.875,1.0895206928253174,28900
1993-01-14,14.0,14.0,13.875,13.875,1.0895206928253174,20300
1993-01-15,14.0,14.0,13.875,14.0,1.0993361473083496,23600
1993-01-18,14.25,14.25,14.0,14.0,1.0993361473083496,23200
1993-01-19,14.0,14.125,13.625,13.875,1.0895206928253174,41800
1993-01-20,13.75,14.0,13.75,13.75,1.0797048807144165,7600
1993-01-21,13.875,14.0,13.75,13.75,1.0797048807144165,32700
1993-01-22,13.875,13.875,13.625,13.875,1.0895206928253174,9800
1993-01-25,13.875,13.875,13.5,13.75,1.0797048807144165,20800
1993-01-26,13.625,13.875,13.5,13.75,1.0797048807144165,46500
1993-01-27,13.5,13.5,13.0,13.25,1.0404431819915771,99300
1993-01-28,13.0,13.25,13.0,13.25,1.0404431819915771,14900
1993-01-29,13.375,13.5,13.25,13.25,1.0404431819915771,13900
1993-02-01,13.25,13.375,13.125,13.25,1.0404431819915771,14900
1993-02-02,13.625,13.75,13.375,13.625,1.0698896646499634,63500
1993-02-03,13.625,13.625,13.5,13.625,1.0698896646499634,18800
1993-02-04,13.75,14.0,13.375,13.375,1.0502583980560303,40400
1993-02-05,13.5,13.625,13.375,13.625,1.0698896646499634,26100
1993-02-08,13.75,13.875,13.375,13.5,1.060073971748352,34100
1993-02-09,13.625,13.625,13.5,13.5,1.060073971748352,15100
1993-02-10,13.625,13.75,13.5,13.625,1.0698896646499634,10000
1993-02-11,13.75,13.875,13.625,13.875,1.0895206928253174,13000
1993-02-12,13.75,13.875,13.625,13.75,1.0797048807144165,12200
1993-02-16,13.875,14.0,13.625,13.875,1.0895206928253174,13100
1993-02-17,14.0,14.125,13.875,14.0,1.0993361473083496,40500
1993-02-18,14.125,14.125,13.875,14.0,1.0993361473083496,34600
1993-02-19,14.0,14.0,13.875,14.0,1.0993361473083496,14300
1993-02-22,13.875,14.375,13.875,14.25,1.1189674139022827,25700
1993-02-23,14.375,14.375,13.75,14.0,1.0993361473083496,40000
1993-02-24,14.25,14.25,13.875,13.875,1.0895206928253174,16600
1993-02-25,13.875,13.875,13.625,13.625,1.0698896646499634,9700
1993-02-26,13.75,13.875,13.625,13.75,1.0797048807144165,11800
1993-03-01,13.875,14.0,13.625,13.75,1.0797048807144165,19900
1993-03-02,13.875,14.125,13.75,13.875,1.0895206928253174,24800
1993-03-03,13.75,14.0,13.75,13.875,1.0895206928253174,7900
1993-03-04,13.875,14.125,13.75,14.0,1.0993361473083496,13200
1993-03-05,14.125,14.125,13.875,14.125,1.1091514825820923,12300
1993-03-08,14.25,14.75,14.125,14.75,1.158228874206543,35400
1993-03-09,14.75,15.0,14.625,14.875,1.1680446863174438,34300
1993-03-10,14.625,14.75,14.5,14.625,1.1484135389328003,34700
1993-03-11,14.25,14.625,14.25,14.625,1.1484135389328003,18300
1993-03-12,14.375,14.625,14.25,14.375,1.1287825107574463,29600
1993-03-15,14.125,14.375,14.125,14.25,1.1189674139022827,11900
1993-03-16,14.375,14.5,14.375,14.5,1.1385982036590576,16200
1993-03-17,14.625,14.75,14.5,14.625,1.1484135389328003,15000
1993-03-18,14.75,14.875,14.5,14.75,1.158228874206543,44900
1993-03-19,14.625,15.0,14.5,14.5,1.1385982036590576,22200
1993-03-22,14.5,14.625,14.0,14.125,1.1091514825820923,53300
1993-03-23,14.25,14.375,14.0,14.375,1.1287825107574463,32800
1993-03-24,14.25,14.375,13.875,14.0,1.0993361473083496,17700
1993-03-25,13.875,14.125,13.625,13.875,1.0895206928253174,20400
1993-03-26,14.125,14.125,13.875,14.0,1.0993361473083496,9400
1993-03-29,14.125,14.125,14.0,14.125,1.1091514825820923,17600
1993-03-30,14.375,14.5,14.125,14.375,1.1287825107574463,11000
1993-03-31,14.5,14.75,14.25,14.625,1.1484135389328003,20700
1993-04-01,14.625,14.75,14.5,14.5,1.1385982036590576,26700
1993-04-02,14.75,14.875,14.375,14.5,1.1385982036590576,28200
1993-04-05,14.625,14.75,14.5,14.625,1.1484135389328003,13300
1993-04-06,14.625,14.625,14.375,14.375,1.1287825107574463,6800
1993-04-07,14.5,14.625,14.5,14.5,1.1385982036590576,14000
1993-04-08,14.625,14.625,14.25,14.5,1.1385982036590576,18400
1993-04-12,14.5,14.5,14.375,14.375,1.1287825107574463,13200
1993-04-13,14.625,14.625,14.25,14.375,1.1287825107574463,39900
1993-04-14,14.625,14.875,14.5,14.875,1.1680446863174438,47900
1993-04-15,15.125,15.375,15.0,15.375,1.2073063850402832,85800
1993-04-16,15.375,15.5,15.25,15.5,1.217122197151184,74700
1993-04-19,15.5,16.0,15.375,16.0,1.2563838958740234,76800
1993-04-20,16.25,16.5,15.625,16.125,1.2661993503570557,128100
1993-04-21,16.125,16.375,15.75,15.875,1.2465683221817017,55400
1993-04-22,15.875,16.0,15.625,15.75,1.2367528676986694,41600
1993-04-23,15.875,15.875,15.625,15.625,1.2269376516342163,22900
1993-04-26,15.625,15.875,15.625,15.625,1.2269376516342163,24800
1993-04-27,15.75,15.75,15.5,15.75,1.2367528676986694,48500
1993-04-28,16.0,16.125,15.75,16.0,1.2563838958740234,158100
1993-04-29,16.125,16.5,16.0,16.5,1.2956459522247314,91200
1993-04-30,16.5,16.875,16.5,16.75,1.3152772188186646,112100
1993-05-03,16.75,17.0,16.75,17.0,1.334908127784729,75900
1993-05-04,17.0,17.125,16.875,17.125,1.3447233438491821,128400
1993-05-05,17.125,17.125,16.75,17.0,1.334908127784729,73800
1993-05-06,17.125,17.125,16.5,16.5,1.2956459522247314,65700
1993-05-07,16.75,16.875,16.5,16.75,1.3152772188186646,42600
1993-05-10,16.75,16.875,16.625,16.75,1.3152772188186646,40500
1993-05-11,16.75,16.875,16.5,16.625,1.3054617643356323,40400
1993-05-12,16.75,18.25,16.75,17.5,1.374169945716858,140300
1993-05-13,18.25,18.375,17.75,17.875,1.403617024421692,147400
1993-05-14,17.625,18.0,17.5,18.0,1.413432002067566,95000
1993-05-17,17.75,17.875,17.125,17.25,1.354538917541504,126900
1993-05-18,17.5,17.625,16.625,17.25,1.354538917541504,95800
1993-05-19,17.125,17.25,16.625,17.25,1.354538917541504,75500
1993-05-20,17.0,17.75,17.0,17.625,1.3839854001998901,47600
1993-05-21,17.75,17.75,17.125,17.25,1.354538917541504,37900
1993-05-24,17.5,17.5,17.25,17.375,1.3643542528152466,30900
1993-05-25,17.25,17.375,17.25,17.25,1.354538917541504,70300
1993-05-26,17.5,17.625,17.25,17.25,1.354538917541504,54000
1993-05-27,17.5,17.875,17.5,17.625,1.3839854001998901,74400
1993-05-28,17.5,18.0,17.5,17.875,1.403617024421692,58000
1993-06-01,17.875,18.125,17.75,18.125,1.423247218132019,132400
1993-06-02,17.75,17.875,17.5,17.625,1.3839854001998901,95200
1993-06-03,17.375,17.5,17.25,17.25,1.354538917541504,94900
1993-06-04,17.375,17.75,17.25,17.625,1.3839854001998901,48200
1993-06-07,17.25,17.5,16.875,17.375,1.3643542528152466,62300
1993-06-08,17.625,17.625,17.375,17.5,1.374169945716858,31900
1993-06-09,17.625,17.75,17.25,17.5,1.374169945716858,52300
1993-06-10,17.625,17.625,17.375,17.5,1.374169945716858,31600
1993-06-11,17.5,17.75,17.375,17.625,1.3839854001998901,49400
1993-06-14,17.5,17.75,17.5,17.5,1.374169945716858,39800
1993-06-15,17.5,17.75,17.5,17.625,1.3839854001998901,18200
1993-06-16,17.75,17.75,17.5,17.625,1.3839854001998901,36800
1993-06-17,17.75,17.75,17.5,17.625,1.3839854001998901,42500
1993-06-18,17.875,17.875,17.5,17.5,1.374169945716858,47400
1993-06-21,17.0,17.0,16.75,16.875,1.3250926733016968,72300
1993-06-22,16.5,16.75,16.5,16.625,1.3054617643356323,92600
1993-06-23,17.0,17.0,16.625,16.875,1.3250926733016968,40200
1993-06-24,16.875,16.875,16.625,16.625,1.3054617643356323,28500
1993-06-25,16.875,17.25,16.875,17.0,1.334908127784729,38200
1993-06-28,17.25,17.25,17.125,17.125,1.3447233438491821,35000
1993-06-29,17.25,17.25,17.0,17.0,1.334908127784729,36700
1993-06-30,17.125,17.125,16.75,16.875,1.3250926733016968,53000
1993-07-01,17.125,17.125,16.625,16.625,1.3054617643356323,24300
1993-07-02,16.625,16.75,16.625,16.625,1.3054617643356323,8100
1993-07-06,17.0,17.125,16.5,16.75,1.3152772188186646,52300
1993-07-07,17.125,17.125,16.75,16.875,1.3250926733016968,90100
1993-07-08,16.75,17.0,16.625,16.75,1.3152772188186646,84000
1993-07-09,17.0,17.0,16.75,17.0,1.334908127784729,22100
1993-07-12,17.0,17.0,16.125,16.5,1.2956459522247314,46500
1993-07-13,16.625,16.75,16.375,16.5,1.2956459522247314,36700
1993-07-14,16.75,16.75,16.625,16.75,1.3152772188186646,53100
1993-07-15,16.75,16.75,16.375,16.625,1.3054617643356323,18500
1993-07-16,16.375,16.625,16.125,16.375,1.2858303785324097,47100
1993-07-19,16.25,16.25,15.625,15.75,1.2367528676986694,98400
1993-07-20,15.75,15.75,15.125,15.5,1.217122197151184,59800
1993-07-21,15.625,15.75,15.25,15.5,1.217122197151184,39300
1993-07-22,15.625,15.75,15.5,15.625,1.2269376516342163,19200
1993-07-23,14.75,15.375,14.75,15.375,1.2073063850402832,72800
1993-07-26,15.375,15.5,15.375,15.5,1.217122197151184,48000
1993-07-27,15.5,15.5,15.125,15.5,1.217122197151184,68600
1993-07-28,15.375,15.625,15.375,15.625,1.2269376516342163,25500
1993-07-29,15.375,15.5,15.375,15.5,1.217122197151184,13200
1993-07-30,15.625,15.75,15.625,15.75,1.2367528676986694,34600
1993-08-02,15.875,16.0,15.75,16.0,1.2563838958740234,52100
1993-08-03,16.75,16.875,16.5,16.625,1.3054617643356323,95000
1993-08-04,16.875,16.875,16.625,16.875,1.3250926733016968,92200
1993-08-05,16.875,17.0,16.875,17.0,1.334908127784729,37900
1993-08-06,17.0,17.0,16.75,16.875,1.3250926733016968,36200
1993-08-09,17.0,17.0,16.75,16.875,1.3250926733016968,25900
1993-08-10,16.75,16.75,16.625,16.75,1.3152772188186646,28000
1993-08-11,16.625,16.75,16.5,16.5,1.2956459522247314,32300
1993-08-12,16.625,16.625,16.25,16.625,1.3054617643356323,46800
1993-08-13,16.5,17.25,16.5,17.25,1.354538917541504,92800
1993-08-16,17.25,17.25,17.0,17.25,1.354538917541504,86000
1993-08-17,17.25,17.375,17.0,17.25,1.354538917541504,36200
1993-08-18,17.375,17.375,17.0,17.125,1.3447233438491821,31000
1993-08-19,17.0,17.125,17.0,17.0,1.334908127784729,58500
1993-08-20,17.0,17.0,16.5,16.625,1.3054617643356323,22000
1993-08-23,16.875,16.875,16.75,16.75,1.3152772188186646,22600
1993-08-24,16.75,16.75,16.0,16.125,1.2661993503570557,32900
1993-08-25,16.0,16.625,16.0,16.125,1.2661993503570557,39800
1993-08-26,16.25,17.375,16.125,16.375,1.2858303785324097,38900
1993-08-27,16.25,16.5,16.25,16.5,1.2956459522247314,18200
1993-08-30,16.625,16.625,16.125,16.125,1.2661993503570557,19700
1993-08-31,16.25,16.25,16.0,16.25,1.2760149240493774,19400
1993-09-01,16.5,16.75,16.375,16.75,1.3152772188186646,61700
1993-09-02,16.625,16.75,16.5,16.75,1.3152772188186646,20100
1993-09-03,16.875,17.0,16.75,16.875,1.3250926733016968,30100
1993-09-07,17.125,17.125,16.625,16.875,1.3250926733016968,53800
1993-09-08,16.625,16.625,16.125,16.125,1.2661993503570557,50900
1993-09-09,16.125,16.25,15.875,16.0,1.2563838958740234,32100
1993-09-10,16.0,16.125,15.75,16.0,1.2563838958740234,22100
1993-09-13,16.0,16.0,15.625,15.75,1.2367528676986694,52200
1993-09-14,15.625,15.75,15.25,15.25,1.1974910497665405,39200
1993-09-15,15.25,15.625,15.125,15.375,1.2073063850402832,42300
1993-09-16,15.5,15.625,15.25,15.25,1.1974910497665405,30400
1993-09-17,15.375,15.75,15.375,15.5,1.217122197151184,19600
1993-09-20,15.75,16.0,15.625,15.625,1.2269376516342163,38200
1993-09-21,15.75,15.875,15.625,15.75,1.2367528676986694,23200
1993-09-22,15.875,16.0,15.75,16.0,1.2563838958740234,14900
1993-09-23,16.0,16.625,15.875,16.125,1.2661993503570557,56800
1993-09-24,16.125,16.25,15.875,16.0,1.2563838958740234,15200
1993-09-27,16.25,16.5,16.125,16.5,1.2956459522247314,33200
1993-09-28,16.375,16.5,16.375,16.5,1.2956459522247314,12900
1993-09-29,16.5,17.125,16.5,16.75,1.3152772188186646,68900
1993-09-30,16.875,17.0,16.625,16.75,1.3152772188186646,24600
1993-10-01,16.625,16.75,16.625,16.75,1.3152772188186646,12900
1993-10-04,16.875,17.0,16.625,16.875,1.3250926733016968,19600
1993-10-05,17.0,17.25,16.875,17.125,1.3447233438491821,58300
1993-10-06,17.25,17.5,17.0,17.375,1.3643542528152466,43700
1993-10-07,17.5,17.5,17.25,17.5,1.374169945716858,39900
1993-10-08,17.375,17.625,17.375,17.625,1.3839854001998901,23600
1993-10-11,17.875,18.0,17.75,17.875,1.403617024421692,35300
1993-10-12,18.0,18.0,17.75,17.875,1.403617024421692,50400
1993-10-13,18.0,18.0,17.25,17.5,1.374169945716858,45100
1993-10-14,17.75,18.0,17.625,17.875,1.403617024421692,49700
1993-10-15,18.0,18.25,18.0,18.125,1.423247218132019,78800
1993-10-18,18.375,18.75,18.375,18.5,1.4526938199996948,93800
1993-10-19,18.5,18.5,18.0,18.5,1.4526938199996948,64400
1993-10-20,18.375,18.875,18.375,18.625,1.4625095129013062,40600
1993-10-21,18.75,18.875,18.5,18.75,1.4723246097564697,53300
1993-10-22,18.375,18.75,18.375,18.5,1.4526938199996948,48500
1993-10-25,18.5,18.5,18.25,18.375,1.4428784847259521,26300
1993-10-26,18.5,18.5,18.25,18.25,1.4330631494522095,43800
1993-10-27,18.375,18.5,18.125,18.375,1.4428784847259521,45500
1993-10-28,18.25,18.5,18.25,18.375,1.4428784847259521,28100
1993-10-29,18.5,18.875,18.375,18.5,1.4526938199996948,34900
1993-11-01,18.875,19.0,18.625,18.875,1.4821406602859497,34300
1993-11-02,18.875,19.0,18.375,18.75,1.4723246097564697,39300
1993-11-03,18.25,18.625,18.125,18.375,1.4428784847259521,34700
1993-11-04,18.375,18.5,17.875,17.875,1.403617024421692,54000
1993-11-05,18.0,18.0,17.5,18.0,1.413432002067566,41200
1993-11-08,18.25,18.25,17.625,17.75,1.3938008546829224,22500
1993-11-09,17.875,17.875,17.625,17.75,1.3938008546829224,24700
1993-11-10,17.625,17.875,17.5,17.875,1.403617024421692,23600
1993-11-11,17.875,18.0,17.75,17.875,1.403617024421692,23300
1993-11-12,18.0,18.5,18.0,18.5,1.4526938199996948,58300
1993-11-15,19.0,19.0,18.625,19.0,1.4919557571411133,50500
1993-11-16,19.125,19.25,19.0,19.0,1.4919557571411133,48000
1993-11-17,19.25,19.25,18.375,18.5,1.4526938199996948,52300
1993-11-18,18.25,18.625,18.125,18.625,1.4625095129013062,31500
1993-11-19,18.875,19.125,18.625,18.75,1.4723246097564697,55000
1993-11-22,19.125,19.125,18.5,18.5,1.4526938199996948,34200
1993-11-23,18.375,18.5,18.125,18.125,1.423247218132019,25200
1993-11-24,18.25,18.375,18.125,18.125,1.423247218132019,78600
1993-11-26,18.125,18.25,18.125,18.125,1.423247218132019,71500
1993-11-29,17.625,18.125,17.5,18.125,1.423247218132019,67900
1993-11-30,18.375,18.375,18.0,18.375,1.4428784847259521,39900
1993-12-01,18.625,19.25,18.625,19.125,1.5017715692520142,76200
1993-12-02,19.125,19.125,18.875,19.0,1.4919557571411133,21400
1993-12-03,19.125,19.625,19.125,19.5,1.5312176942825317,67500
1993-12-06,19.75,20.25,19.75,20.0,1.570480227470398,83500
1993-12-07,20.25,20.5,20.0,20.375,1.5999263525009155,52900
1993-12-08,20.375,20.5,20.125,20.25,1.590111255645752,52700
1993-12-09,20.5,21.375,20.5,21.375,1.678450107574463,80100
1993-12-10,22.0,22.875,21.75,22.75,1.7864211797714233,217600
1993-12-13,23.125,23.25,21.5,21.625,1.698081374168396,188000
1993-12-14,22.0,22.125,21.25,21.375,1.678450107574463,115000
1993-12-15,21.5,22.0,21.25,21.75,1.7078969478607178,46000
1993-12-16,22.25,24.0,22.25,24.0,1.8845759630203247,120000
1993-12-17,24.5,25.75,24.25,25.0,1.9631001949310303,319500
1993-12-20,25.25,25.25,24.0,24.75,1.9434692859649658,265800
1993-12-21,24.25,24.625,24.0,24.25,1.9042068719863892,119900
1993-12-22,24.625,25.25,24.5,24.625,1.933653712272644,100200
1993-12-23,24.75,24.75,24.25,24.375,1.9140225648880005,72100
1993-12-27,23.625,24.875,23.5,24.625,2.00864315032959,117500
1993-12-28,25.875,26.25,25.75,26.0,2.120800495147705,259400
1993-12-29,26.125,27.5,26.125,27.5,2.243154525756836,263400
1993-12-30,28.0,28.75,27.875,28.0,2.2839388847351074,232400
1993-12-31,28.5,28.625,27.875,28.25,2.3043313026428223,144500
1994-01-03,28.5,28.625,26.0,26.25,2.141192674636841,364100
1994-01-04,25.875,26.625,25.875,26.625,2.171781539916992,202300
1994-01-05,25.875,26.0,24.75,25.375,2.069819927215576,333800
1994-01-06,24.75,24.75,23.5,23.875,1.9474660158157349,281000
1994-01-07,23.375,23.5,22.375,23.5,1.9168775081634521,273000
1994-01-10,24.25,24.625,24.125,24.375,1.9882506132125854,213300
1994-01-11,24.375,24.5,23.625,23.625,1.9270734786987305,117000
1994-01-12,23.0,23.125,22.25,22.75,1.8557007312774658,193900
1994-01-13,21.75,22.5,21.5,22.5,1.8353081941604614,161900
1994-01-14,23.25,24.0,23.25,23.75,1.9372695684432983,248500
1994-01-17,23.875,23.875,23.375,23.5,1.9168775081634521,84300
1994-01-18,23.875,24.125,23.625,23.75,1.9372695684432983,85700
1994-01-19,24.125,24.375,23.875,23.875,1.9474660158157349,106700
1994-01-20,24.0,24.0,23.625,23.875,1.9474660158157349,71200
1994-01-21,23.0,23.625,23.0,23.375,1.906680941581726,191600
1994-01-24,23.25,23.5,23.125,23.25,1.896484613418579,54700
1994-01-25,23.75,23.75,23.125,23.25,1.896484613418579,95500
1994-01-26,23.25,23.25,22.625,22.75,1.8557007312774658,66500
1994-01-27,23.0,23.625,23.0,23.375,1.906680941581726,61400
1994-01-28,23.875,23.875,23.25,23.375,1.906680941581726,63600
1994-01-31,23.5,23.875,23.125,23.125,1.8862888813018799,84800
1994-02-01,23.5,23.75,23.125,23.125,1.8862888813018799,74300
1994-02-02,23.125,23.375,22.875,22.875,1.8658967018127441,57600
1994-02-03,23.0,23.25,22.875,22.875,1.8658967018127441,51500
1994-02-04,23.125,23.25,22.0,22.25,1.814915418624878,75200
1994-02-07,22.0,22.375,21.5,22.375,1.825112223625183,136200
1994-02-08,22.0,22.75,22.0,22.5,1.8353081941604614,66400
1994-02-09,22.5,22.625,21.625,22.25,1.814915418624878,107500
1994-02-10,22.25,22.5,22.125,22.25,1.814915418624878,43000
1994-02-11,22.5,22.625,22.125,22.375,1.825112223625183,42000
1994-02-14,22.0,22.0,21.375,21.75,1.7741312980651855,97300
1994-02-15,21.75,21.75,20.875,21.125,1.7231502532958984,104100
1994-02-16,20.875,21.375,20.75,21.125,1.7231502532958984,60300
1994-02-17,21.375,21.75,21.25,21.625,1.7639353275299072,63200
1994-02-18,21.875,22.0,21.625,22.0,1.7945231199264526,54500
1994-02-22,21.875,22.0,21.5,21.625,1.7639353275299072,41800
1994-02-23,22.25,22.25,21.5,21.5,1.7537388801574707,52200
1994-02-24,21.5,21.5,19.75,19.875,1.6211888790130615,119000
1994-02-25,20.25,20.375,20.0,20.25,1.6517771482467651,69100
1994-02-28,20.625,21.5,20.625,21.5,1.7537388801574707,90500
1994-03-01,21.125,21.125,20.25,20.5,1.67216956615448,82200
1994-03-02,20.25,20.5,20.0,20.375,1.661973476409912,71300
1994-03-03,20.5,20.5,20.125,20.125,1.6415812969207764,22200
1994-03-04,20.125,20.75,20.125,20.75,1.6925615072250366,44900
1994-03-07,20.625,21.5,20.625,21.125,1.7231502532958984,75200
1994-03-08,21.375,21.5,21.25,21.375,1.743543028831482,20400
1994-03-09,21.5,21.5,21.125,21.375,1.743543028831482,68700
1994-03-10,21.375,21.5,21.125,21.125,1.7231502532958984,47200
1994-03-11,20.875,21.0,20.625,20.75,1.6925615072250366,70500
1994-03-14,20.375,20.5,20.0,20.125,1.6415812969207764,75200
1994-03-15,20.375,20.5,20.0,20.125,1.6415812969207764,78700
1994-03-16,20.25,20.25,19.75,19.875,1.6211888790130615,37300
1994-03-17,19.625,19.75,19.25,19.625,1.6007966995239258,54400
1994-03-18,19.375,19.375,19.0,19.25,1.5702083110809326,69900
1994-03-21,19.0,19.0,18.375,18.5,1.5090311765670776,61900
1994-03-22,18.875,19.125,18.625,19.125,1.560011863708496,84200
1994-03-23,19.375,20.0,19.375,19.75,1.6109923124313354,92100
1994-03-24,19.875,19.875,19.25,19.375,1.5804038047790527,53100
1994-03-25,19.125,19.625,19.125,19.375,1.5804038047790527,33100
1994-03-28,19.375,19.625,18.75,19.25,1.5702083110809326,50700
1994-03-29,19.75,19.75,19.0,19.125,1.560011863708496,44400
1994-03-30,18.75,18.75,18.375,18.375,1.4988348484039307,56400
1994-03-31,18.375,19.0,18.125,18.375,1.4988348484039307,84200
1994-04-04,18.125,18.375,17.875,18.0,1.4682462215423584,51100
1994-04-05,18.125,19.0,18.0,19.0,1.5498158931732178,193400
1994-04-06,17.75,17.875,17.125,17.75,1.4478545188903809,116100
1994-04-07,17.75,17.875,17.5,17.75,1.4478545188903809,36500
1994-04-08,17.75,17.75,17.0,17.25,1.4070698022842407,55200
1994-04-11,17.375,17.375,17.125,17.125,1.3968732357025146,47400
1994-04-12,17.25,18.375,17.125,18.125,1.478442668914795,74100
1994-04-13,18.25,18.25,17.625,17.75,1.4478545188903809,59600
1994-04-14,17.875,17.875,17.5,17.5,1.4274619817733765,43300
1994-04-15,17.5,17.625,16.875,17.0,1.386677622795105,47500
1994-04-18,16.875,17.25,16.375,16.375,1.3356964588165283,62900
1994-04-19,16.25,16.375,16.0,16.125,1.315304160118103,78400
1994-04-20,16.125,16.25,15.5,15.625,1.2745198011398315,119000
1994-04-21,15.125,15.375,14.875,15.375,1.2541271448135376,191100
1994-04-22,15.375,15.875,15.25,15.25,1.2439308166503906,184700
1994-04-25,15.5,15.875,15.375,15.875,1.2949118614196777,121700
1994-04-26,15.875,16.375,15.875,15.875,1.2949118614196777,180100
1994-04-28,16.0,16.0,15.625,15.75,1.2847154140472412,132600
1994-04-29,15.75,16.0,15.625,16.0,1.3051080703735352,112900
1994-05-02,15.875,15.875,15.625,15.625,1.2745198011398315,70900
1994-05-03,15.875,16.125,15.625,16.125,1.315304160118103,67800
1994-05-04,16.0,16.0,15.375,15.75,1.2847154140472412,99900
1994-05-05,15.75,15.75,15.5,15.75,1.2847154140472412,40400
1994-05-06,15.625,15.625,15.375,15.5,1.2643232345581055,39000
1994-05-09,15.375,15.5,15.125,15.25,1.2439308166503906,52100
1994-05-10,15.375,15.625,15.375,15.625,1.2745198011398315,135300
1994-05-11,15.875,16.125,15.625,15.875,1.2949118614196777,142900
1994-05-12,16.0,16.0,15.375,15.75,1.2847154140472412,154900
1994-05-13,15.875,15.875,15.75,15.75,1.2847154140472412,70600
1994-05-16,15.875,15.875,15.375,15.5,1.2643232345581055,80100
1994-05-17,15.375,15.5,15.125,15.375,1.2541271448135376,62600
1994-05-18,15.625,15.875,15.375,15.75,1.2847154140472412,203400
1994-05-19,15.875,16.0,15.5,16.0,1.3051080703735352,146400
1994-05-20,16.125,16.875,16.125,16.875,1.376481056213379,244100
1994-05-23,17.0,17.875,17.0,17.75,1.4478545188903809,279100
1994-05-24,18.5,19.0,18.125,18.875,1.53961980342865,324100
1994-05-25,18.875,18.875,18.375,18.5,1.5090311765670776,191300
1994-05-26,18.75,19.375,18.75,19.375,1.5804038047790527,279200
1994-05-27,19.5,19.5,18.25,18.625,1.5192269086837769,189700
1994-05-31,19.5,19.5,19.0,19.375,1.5804038047790527,154800
1994-06-01,19.75,19.75,19.125,19.375,1.5804038047790527,163900
1994-06-02,19.25,19.375,18.625,19.0,1.5498158931732178,73900
1994-06-03,19.0,19.25,19.0,19.25,1.5702083110809326,49500
1994-06-06,19.25,19.25,18.625,18.875,1.53961980342865,56000
1994-06-07,18.875,18.875,18.5,18.625,1.5192269086837769,49700
1994-06-08,18.625,18.75,18.5,18.5,1.5090311765670776,40300
1994-06-09,18.5,18.5,17.75,17.875,1.4580507278442383,54500
1994-06-10,17.625,17.875,17.125,17.375,1.4172660112380981,84700
1994-06-13,17.25,17.375,17.125,17.125,1.3968732357025146,28900
1994-06-14,17.5,17.75,17.25,17.5,1.4274619817733765,24200
1994-06-15,17.75,17.75,17.5,17.625,1.4376577138900757,11000
1994-06-16,17.5,17.5,17.125,17.375,1.4172660112380981,22800
1994-06-17,17.375,17.5,17.25,17.25,1.4070698022842407,27900
1994-06-20,17.25,17.25,17.0,17.125,1.3968732357025146,32000
1994-06-21,17.0,17.0,16.25,16.25,1.3255000114440918,65200
1994-06-22,16.75,16.875,16.5,16.875,1.376481056213379,34600
1994-06-23,17.0,17.25,16.75,17.0,1.386677622795105,29600
1994-06-24,17.0,17.0,16.5,16.625,1.3560887575149536,19300
1994-06-27,16.375,16.5,15.875,16.5,1.3458925485610962,63700
1994-06-28,16.75,16.75,16.25,16.5,1.3458925485610962,17100
1994-06-29,16.75,16.75,16.375,16.625,1.3560887575149536,20500
1994-06-30,16.625,16.625,16.375,16.375,1.3356964588165283,6600
1994-07-01,16.375,16.5,16.125,16.125,1.315304160118103,25600
1994-07-05,16.125,16.125,15.625,15.75,1.2847154140472412,42700
1994-07-06,15.625,15.75,15.25,15.375,1.2541271448135376,51000
1994-07-07,15.75,15.75,15.5,15.75,1.2847154140472412,51600
1994-07-08,16.0,16.0,15.5,15.75,1.2847154140472412,31900
1994-07-11,16.0,16.125,15.875,16.0,1.3051080703735352,11900
1994-07-12,16.125,16.25,16.0,16.125,1.315304160118103,21900
1994-07-13,16.5,16.875,16.375,16.875,1.376481056213379,83600
1994-07-14,16.875,17.0,16.625,16.75,1.3662850856781006,29400
1994-07-15,16.875,17.0,16.875,16.875,1.376481056213379,43900
1994-07-18,16.875,16.875,16.75,16.875,1.376481056213379,28500
1994-07-19,16.75,16.875,16.625,16.875,1.376481056213379,24300
1994-07-20,16.625,16.75,16.375,16.5,1.3458925485610962,24500
1994-07-21,16.75,16.75,16.375,16.5,1.3458925485610962,12800
1994-07-22,16.75,16.75,16.5,16.625,1.3560887575149536,14700
1994-07-25,16.5,16.5,16.375,16.5,1.3458925485610962,21100
1994-07-26,16.5,16.5,16.25,16.375,1.3356964588165283,18000
1994-07-27,16.5,16.5,16.125,16.25,1.3255000114440918,9600
1994-07-28,16.375,16.5,16.25,16.375,1.3356964588165283,26200
1994-07-29,16.25,16.875,16.25,16.875,1.376481056213379,80200
1994-08-01,17.625,17.625,17.25,17.625,1.4376577138900757,106500
1994-08-02,17.875,17.875,17.5,17.625,1.4376577138900757,108800
1994-08-03,17.625,17.625,17.5,17.625,1.4376577138900757,26700
1994-08-04,17.75,17.75,17.5,17.625,1.4376577138900757,54400
1994-08-05,17.875,17.875,17.625,17.75,1.4478545188903809,40300
1994-08-08,18.25,18.375,18.0,18.25,1.4886388778686523,71500
1994-08-09,18.25,18.25,17.875,18.0,1.4682462215423584,63300
1994-08-10,18.5,18.5,18.25,18.375,1.4988348484039307,32900
1994-08-11,18.375,18.375,18.125,18.25,1.4886388778686523,33100
1994-08-12,18.375,18.375,18.0,18.125,1.478442668914795,33000
1994-08-15,18.25,18.25,18.0,18.25,1.4886388778686523,30900
1994-08-16,18.375,18.375,18.0,18.125,1.478442668914795,33800
1994-08-17,18.375,18.5,18.25,18.375,1.4988348484039307,34900
1994-08-18,18.375,18.375,18.125,18.25,1.4886388778686523,24000
1994-08-19,18.25,18.375,18.125,18.375,1.4988348484039307,21900
1994-08-22,18.375,18.375,18.0,18.125,1.478442668914795,14800
1994-08-23,17.875,17.875,17.5,17.625,1.4376577138900757,101000
1994-08-24,17.5,17.625,17.375,17.625,1.4376577138900757,33800
1994-08-25,17.625,17.75,17.5,17.625,1.4376577138900757,13500
1994-08-26,17.875,17.875,17.625,17.875,1.4580507278442383,56700
1994-08-29,18.0,18.25,17.875,18.25,1.4886388778686523,58600
1994-08-30,18.5,18.875,18.5,18.625,1.5192269086837769,159100
1994-08-31,18.875,19.125,18.75,19.0,1.5498158931732178,77300
1994-09-01,19.125,19.125,18.625,18.625,1.5192269086837769,33000
1994-09-02,18.875,18.875,18.5,18.75,1.5294232368469238,36000
1994-09-06,18.625,19.125,18.625,18.75,1.5294232368469238,52100
1994-09-07,18.875,18.875,18.75,18.875,1.53961980342865,25800
1994-09-08,18.75,18.875,18.625,18.875,1.53961980342865,35400
1994-09-09,18.625,18.75,18.5,18.5,1.5090311765670776,45200
1994-09-12,18.625,18.625,18.25,18.375,1.4988348484039307,19100
1994-09-13,18.25,18.75,18.25,18.625,1.5192269086837769,19100
1994-09-14,18.625,18.75,18.375,18.5,1.5090311765670776,14500
1994-09-15,18.5,18.625,18.5,18.625,1.5192269086837769,13200
1994-09-16,18.625,18.625,18.375,18.625,1.5192269086837769,43000
1994-09-19,18.75,18.75,18.5,18.625,1.5192269086837769,21100
1994-09-20,18.625,18.625,18.125,18.125,1.478442668914795,26000
1994-09-21,18.0,18.125,17.875,18.125,1.478442668914795,15400
1994-09-22,18.0,18.25,17.625,18.125,1.478442668914795,44600
1994-09-23,18.0,18.375,17.875,18.0,1.4682462215423584,29600
1994-09-26,17.75,17.75,17.375,17.5,1.4274619817733765,19200
1994-09-27,17.5,17.75,17.375,17.375,1.4172660112380981,12100
1994-09-28,17.5,17.75,17.5,17.75,1.4478545188903809,39900
1994-09-29,17.75,17.75,17.375,17.5,1.4274619817733765,18200
1994-09-30,17.375,17.5,17.25,17.375,1.4172660112380981,13900
1994-10-03,17.125,17.375,16.875,17.25,1.4070698022842407,31500
1994-10-04,17.5,17.5,17.0,17.0,1.386677622795105,17700
1994-10-05,16.75,16.75,16.25,16.625,1.3560887575149536,45300
1994-10-06,16.375,16.75,16.375,16.5,1.3458925485610962,22400
1994-10-07,16.5,16.75,16.25,16.75,1.3662850856781006,14800
1994-10-10,16.75,17.125,16.75,17.0,1.386677622795105,30100
1994-10-11,17.125,17.5,17.125,17.375,1.4172660112380981,22900
1994-10-12,17.75,17.75,17.375,17.5,1.4274619817733765,35500
1994-10-13,17.375,17.625,17.375,17.375,1.4172660112380981,25400
1994-10-14,17.125,17.375,17.125,17.25,1.4070698022842407,28300
1994-10-17,17.125,17.5,17.125,17.25,1.4070698022842407,19800
1994-10-18,17.0,17.25,16.875,16.875,1.376481056213379,28500
1994-10-19,16.75,17.0,16.5,16.875,1.376481056213379,29000
1994-10-20,16.75,17.25,16.75,16.875,1.376481056213379,25900
1994-10-21,17.125,17.125,16.5,16.5,1.3458925485610962,39000
1994-10-24,16.625,16.875,16.5,16.75,1.3662850856781006,19200
1994-10-25,16.375,16.625,16.375,16.5,1.3458925485610962,29800
1994-10-26,16.5,16.625,16.5,16.5,1.3458925485610962,11900
1994-10-27,16.5,16.625,16.375,16.5,1.3458925485610962,10300
1994-10-28,16.75,16.875,16.5,16.875,1.376481056213379,34900
1994-10-31,17.125,17.375,17.125,17.25,1.4070698022842407,33700
1994-11-01,17.25,17.375,17.0,17.0,1.386677622795105,25000
1994-11-02,16.625,16.875,16.625,16.75,1.3662850856781006,38500
1994-11-03,17.0,17.125,16.625,16.75,1.3662850856781006,23600
1994-11-04,16.875,16.875,16.625,16.625,1.3560887575149536,25100
1994-11-07,16.625,16.625,16.25,16.25,1.3255000114440918,55300
1994-11-08,16.5,16.5,16.25,16.375,1.3356964588165283,19700
1994-11-09,16.5,16.5,16.375,16.375,1.3356964588165283,22800
1994-11-10,16.5,16.5,16.25,16.25,1.3255000114440918,16600
1994-11-11,16.125,16.25,16.0,16.125,1.315304160118103,26800
1994-11-14,16.375,16.375,16.125,16.25,1.3255000114440918,18300
1994-11-15,16.625,16.625,16.25,16.375,1.3356964588165283,27100
1994-11-16,16.25,16.25,15.75,15.875,1.2949118614196777,24400
1994-11-17,15.875,16.0,15.875,15.875,1.2949118614196777,22900
1994-11-18,15.625,15.875,15.625,15.875,1.2949118614196777,45800
1994-11-21,15.75,15.875,15.5,15.5,1.2643232345581055,27100
1994-11-22,15.375,15.375,14.625,14.875,1.2133426666259766,82100
1994-11-23,14.75,14.875,14.25,14.5,1.1827542781829834,69200
1994-11-25,14.5,15.0,14.5,15.0,1.2235386371612549,78300
1994-11-28,15.0,15.0,14.625,14.625,1.1929503679275513,29200
1994-11-29,14.5,14.625,14.125,14.5,1.1827542781829834,81400
1994-11-30,14.625,14.625,14.375,14.5,1.1827542781829834,39100
1994-12-01,14.5,14.625,14.0,14.125,1.1521656513214111,58600
1994-12-02,14.0,14.375,14.0,14.375,1.1725579500198364,82800
1994-12-05,14.375,14.5,14.25,14.25,1.1623618602752686,38300
1994-12-06,14.125,14.375,14.125,14.375,1.1725579500198364,35600
1994-12-07,14.375,14.625,14.125,14.5,1.1827542781829834,125300
1994-12-08,14.25,14.25,13.875,14.0,1.1419694423675537,140000
1994-12-09,13.75,13.75,13.25,13.5,1.1011850833892822,103400
1994-12-12,13.25,13.25,13.125,13.125,1.0705963373184204,29200
1994-12-13,13.125,13.375,13.125,13.25,1.080792784690857,42300
1994-12-14,13.375,13.625,13.375,13.625,1.1113808155059814,41800
1994-12-15,13.75,14.25,13.75,14.125,1.1521656513214111,80800
1994-12-16,14.375,14.5,14.25,14.375,1.1725579500198364,39100
1994-12-19,14.375,14.375,14.125,14.125,1.1521656513214111,25200
1994-12-20,14.25,14.375,14.125,14.25,1.1623618602752686,36700
1994-12-21,14.125,14.25,14.0,14.125,1.1521656513214111,29600
1994-12-22,14.125,14.25,13.5,13.75,1.121577262878418,57800
1994-12-23,13.5,13.75,13.375,13.5,1.1011850833892822,40200
1994-12-27,13.375,13.5,13.0,13.125,1.070755124092102,52800
1994-12-28,13.125,13.25,12.75,12.75,1.0401619672775269,67200
1994-12-29,12.625,12.75,12.5,12.5,1.019766926765442,76700
1994-12-30,12.5,12.75,12.25,12.625,1.0299644470214844,79000
1995-01-03,12.25,12.25,11.875,12.25,0.9995297789573669,47800
1995-01-04,12.125,12.5,12.125,12.25,0.9995297789573669,38500
1995-01-05,12.25,12.5,12.25,12.5,1.0199285745620728,30600
1995-01-06,12.375,12.5,12.125,12.5,1.0199285745620728,36300
1995-01-09,12.25,12.5,12.125,12.375,1.0097291469573975,32900
1995-01-10,12.75,12.75,12.375,12.5,1.0199285745620728,40900
1995-01-11,12.5,12.5,12.0,12.125,0.9893304705619812,45500
1995-01-12,12.125,12.25,12.0,12.125,0.9893304705619812,37500
1995-01-13,12.375,12.875,12.25,12.75,1.0403268337249756,75800
1995-01-16,12.875,13.0,12.75,13.0,1.060725450515747,52500
1995-01-17,13.25,13.25,13.0,13.25,1.081123948097229,43900
1995-01-18,13.25,13.25,13.125,13.25,1.081123948097229,21700
1995-01-19,13.0,13.0,12.75,12.75,1.0403268337249756,18300
1995-01-20,12.625,12.625,12.25,12.375,1.0097291469573975,26600
1995-01-23,12.0,12.0,11.625,11.75,0.9587327241897583,45900
1995-01-24,11.75,12.0,11.75,12.0,0.9791309833526611,42700
1995-01-25,12.125,12.5,12.0,12.5,1.0199285745620728,47300
1995-01-26,12.5,12.75,12.5,12.625,1.0301275253295898,31700
1995-01-27,12.875,12.875,12.375,12.5,1.0199285745620728,33600
1995-01-30,12.75,12.75,12.125,12.25,0.9995297789573669,29200
1995-01-31,12.375,12.375,12.125,12.125,0.9893304705619812,12100
1995-02-01,12.25,12.5,12.125,12.375,1.0097291469573975,22600
1995-02-02,12.875,12.875,12.375,12.375,1.0097291469573975,37700
1995-02-03,12.625,12.875,12.5,12.625,1.0301275253295898,43400
1995-02-06,12.75,12.875,12.625,12.75,1.0403268337249756,50400
1995-02-07,12.5,12.75,12.5,12.5,1.0199285745620728,30700
1995-02-08,12.375,12.5,12.25,12.375,1.0097291469573975,22900
1995-02-09,12.375,12.75,12.375,12.625,1.0301275253295898,11700
1995-02-10,12.5,12.875,12.5,12.875,1.0505262613296509,22400
1995-02-13,12.875,12.875,12.75,12.875,1.0505262613296509,6700
1995-02-14,12.75,13.25,12.75,13.0,1.060725450515747,55300
1995-02-15,13.125,13.25,13.0,13.25,1.081123948097229,33300
1995-02-16,12.875,13.0,12.75,13.0,1.060725450515747,23600
1995-02-17,12.875,13.125,12.875,13.0,1.060725450515747,32300
1995-02-21,13.0,13.125,12.875,13.0,1.060725450515747,17300
1995-02-22,13.0,13.125,12.75,13.0,1.060725450515747,23800
1995-02-23,13.125,13.125,12.75,13.0,1.060725450515747,38800
1995-02-24,12.875,13.125,12.875,13.125,1.0709245204925537,19800
1995-02-27,13.25,13.375,13.0,13.375,1.0913233757019043,83000
1995-02-28,13.5,13.5,13.125,13.125,1.0709245204925537,51100
1995-03-01,13.25,13.375,13.125,13.25,1.081123948097229,14700
1995-03-02,13.125,13.125,12.75,12.875,1.0505262613296509,34400
1995-03-03,12.25,12.5,12.25,12.375,1.0097291469573975,70000
1995-03-06,12.5,12.5,11.875,11.875,0.9689318537712097,41300
1995-03-07,12.25,12.25,11.875,11.875,0.9689318537712097,57900
1995-03-08,11.875,12.125,11.875,11.875,0.9689318537712097,36400
1995-03-09,12.0,12.0,11.625,11.625,0.9485332369804382,51300
1995-03-10,11.5,12.125,11.5,12.0,0.9791309833526611,34600
1995-03-13,12.375,12.625,12.25,12.625,1.0301275253295898,43400
1995-03-14,12.875,12.875,12.625,12.875,1.0505262613296509,45100
1995-03-15,12.75,12.875,12.75,12.875,1.0505262613296509,23700
1995-03-16,12.875,12.875,12.75,12.75,1.0403268337249756,15500
1995-03-17,12.75,12.75,12.625,12.75,1.0403268337249756,42800
1995-03-20,12.75,12.75,12.5,12.75,1.0403268337249756,8600
1995-03-21,12.625,12.625,12.5,12.5,1.0199285745620728,22600
1995-03-22,12.375,12.375,12.25,12.25,0.9995297789573669,12200
1995-03-23,12.375,12.375,12.0,12.0,0.9791309833526611,10900
1995-03-24,12.0,12.375,12.0,12.375,1.0097291469573975,15600
1995-03-27,12.375,12.75,12.375,12.625,1.0301275253295898,14300
1995-03-28,12.75,12.875,12.75,12.875,1.0505262613296509,18100
1995-03-29,12.625,12.75,12.625,12.625,1.0301275253295898,8300
1995-03-30,12.625,12.875,12.625,12.75,1.0403268337249756,15600
1995-03-31,12.875,12.875,12.5,12.5,1.0199285745620728,18600
1995-04-03,12.625,12.625,12.25,12.375,1.0097291469573975,15000
1995-04-04,12.25,12.5,12.25,12.5,1.0199285745620728,11800
1995-04-05,12.5,12.75,12.5,12.625,1.0301275253295898,11200
1995-04-06,12.5,12.625,12.5,12.5,1.0199285745620728,6900
1995-04-07,12.375,12.625,12.375,12.5,1.0199285745620728,14600
1995-04-10,12.5,12.625,12.375,12.5,1.0199285745620728,14800
1995-04-11,12.375,12.625,12.375,12.5,1.0199285745620728,13700
1995-04-12,12.375,12.5,12.375,12.375,1.0097291469573975,12000
1995-04-13,12.5,12.5,12.25,12.375,1.0097291469573975,40500
1995-04-17,12.25,12.25,12.0,12.0,0.9791309833526611,16600
1995-04-18,12.25,12.25,12.125,12.125,0.9893304705619812,13500
1995-04-19,12.125,12.25,12.0,12.125,0.9893304705619812,15000
1995-04-20,12.0,12.25,12.0,12.125,0.9893304705619812,17200
1995-04-21,12.25,12.25,12.0,12.125,0.9893304705619812,30800
1995-04-24,12.125,12.25,12.0,12.125,0.9893304705619812,34300
1995-04-25,12.125,12.125,12.0,12.0,0.9791309833526611,25800
1995-04-26,12.125,12.25,12.125,12.25,0.9995297789573669,11900
1995-04-27,12.125,12.25,12.0,12.25,0.9995297789573669,11300
1995-04-28,12.125,12.25,12.0,12.25,0.9995297789573669,19600
1995-05-01,12.125,12.125,11.875,11.875,0.9689318537712097,28300
1995-05-02,12.0,12.25,11.75,11.875,0.9689318537712097,23100
1995-05-03,11.875,12.375,11.75,12.375,1.0097291469573975,47800
1995-05-04,12.5,12.75,12.25,12.5,1.0199285745620728,39100
1995-05-05,12.625,12.625,12.5,12.625,1.0301275253295898,6700
1995-05-08,12.75,12.75,12.5,12.625,1.0301275253295898,27900
1995-05-09,12.5,12.5,12.375,12.5,1.0199285745620728,17300
1995-05-10,12.5,13.375,12.5,13.25,1.081123948097229,60600
1995-05-11,13.5,14.125,13.375,14.125,1.15251886844635,123100
1995-05-12,14.5,14.625,14.25,14.625,1.193316102027893,121000
1995-05-15,14.5,14.625,14.125,14.25,1.162718415260315,70000
1995-05-16,14.25,14.25,14.0,14.25,1.162718415260315,33700
1995-05-17,14.5,14.5,14.125,14.25,1.162718415260315,23500
1995-05-18,14.0,14.125,13.75,13.75,1.1219210624694824,40600
1995-05-19,13.0,13.25,12.875,13.25,1.081123948097229,65500
1995-05-22,13.375,13.625,13.25,13.625,1.1117216348648071,28500
1995-05-23,13.75,14.25,13.75,14.0,1.1423193216323853,56000
1995-05-24,14.125,14.25,14.125,14.125,1.15251886844635,48000
1995-05-25,14.125,14.125,13.875,13.875,1.1321202516555786,6700
1995-05-26,14.0,14.0,13.375,13.375,1.0913233757019043,21400
1995-05-30,13.125,13.375,13.125,13.25,1.081123948097229,51100
1995-05-31,13.25,13.875,13.25,13.75,1.1219210624694824,27900
1995-06-01,13.875,13.875,13.5,13.625,1.1117216348648071,36700
1995-06-02,13.625,13.875,13.375,13.75,1.1219210624694824,24900
1995-06-05,13.875,13.875,13.625,13.625,1.1117216348648071,17100
1995-06-06,13.875,13.875,13.625,13.75,1.1219210624694824,16100
1995-06-07,13.875,14.0,13.375,13.625,1.1117216348648071,39000
1995-06-08,13.5,13.625,13.5,13.5,1.1015229225158691,40200
1995-06-09,13.625,13.625,13.375,13.375,1.0913233757019043,12500
1995-06-12,13.375,13.375,13.25,13.25,1.081123948097229,34400
1995-06-13,13.25,13.375,13.25,13.25,1.081123948097229,20600
1995-06-14,13.5,13.5,13.375,13.5,1.1015229225158691,19500
1995-06-15,13.5,13.625,13.375,13.375,1.0913233757019043,33700
1995-06-16,13.125,13.25,13.0,13.125,1.0709245204925537,38600
1995-06-19,13.125,13.375,13.125,13.375,1.0913233757019043,17600
1995-06-20,13.5,13.5,13.125,13.25,1.081123948097229,19900
1995-06-21,13.125,13.125,12.875,12.875,1.0505262613296509,14600
1995-06-22,12.875,13.0,12.875,13.0,1.060725450515747,16300
1995-06-23,13.0,13.0,12.75,12.875,1.0505262613296509,10400
1995-06-26,12.75,12.875,12.75,12.75,1.0403268337249756,20200
1995-06-27,12.875,12.875,12.5,12.5,1.0199285745620728,36400
1995-06-28,12.625,12.75,12.375,12.75,1.0403268337249756,23700
1995-06-29,12.625,12.75,12.5,12.625,1.0301275253295898,13900
1995-06-30,12.625,12.625,12.5,12.5,1.0199285745620728,9800
1995-07-03,12.375,12.625,12.375,12.625,1.0301275253295898,27000
1995-07-05,12.5,13.0,12.5,12.875,1.0505262613296509,38700
1995-07-06,12.75,12.875,12.625,12.875,1.0505262613296509,37400
1995-07-07,13.0,13.375,13.0,13.375,1.0913233757019043,85000
1995-07-10,13.25,13.375,13.125,13.375,1.0913233757019043,31000
1995-07-11,13.25,13.25,12.875,12.875,1.0505262613296509,35500
1995-07-12,12.875,13.0,12.75,13.0,1.060725450515747,17800
1995-07-13,13.0,13.25,13.0,13.25,1.081123948097229,79500
1995-07-14,13.125,13.125,13.0,13.125,1.0709245204925537,36600
1995-07-17,13.125,13.375,13.0,13.125,1.0709245204925537,74700
1995-07-18,13.0,13.0,12.875,12.875,1.0505262613296509,28900
1995-07-19,12.75,12.875,12.0,12.125,0.9893304705619812,41800
1995-07-20,12.5,12.75,12.375,12.75,1.0403268337249756,31200
1995-07-21,12.875,12.875,12.75,12.875,1.0505262613296509,28500
1995-07-24,12.875,12.875,12.625,12.625,1.0301275253295898,21400
1995-07-25,12.75,13.0,12.625,12.875,1.0505262613296509,25000
1995-07-26,13.0,13.125,13.0,13.0,1.060725450515747,26000
1995-07-27,13.0,13.0,12.75,13.0,1.060725450515747,22200
1995-07-28,13.0,13.0,12.75,12.875,1.0505262613296509,25200
1995-07-31,12.875,12.875,12.75,12.875,1.0505262613296509,15400
1995-08-01,12.75,12.875,12.75,12.875,1.0505262613296509,13600
1995-08-02,12.875,13.0,12.75,12.75,1.0403268337249756,40600
1995-08-03,12.75,12.875,12.625,12.875,1.0505262613296509,31700
1995-08-04,12.875,12.875,12.75,12.875,1.0505262613296509,11000
1995-08-07,12.75,12.75,12.5,12.5,1.0199285745620728,33800
1995-08-08,12.5,12.625,12.5,12.625,1.0301275253295898,6400
1995-08-09,12.75,12.75,12.375,12.375,1.0097291469573975,14100
1995-08-10,12.5,12.5,12.25,12.25,0.9995297789573669,18500
1995-08-11,12.5,12.5,12.125,12.125,0.9893304705619812,30600
1995-08-14,12.125,12.375,12.125,12.375,1.0097291469573975,30800
1995-08-15,12.25,12.375,12.125,12.125,0.9893304705619812,16000
1995-08-16,12.25,12.375,12.125,12.25,0.9995297789573669,30700
1995-08-17,12.25,12.375,12.25,12.25,0.9995297789573669,22800
1995-08-18,12.375,12.375,12.125,12.25,0.9995297789573669,13300
1995-08-21,12.125,12.375,12.125,12.125,0.9893304705619812,15600
1995-08-22,12.25,12.375,12.25,12.25,0.9995297789573669,22800
1995-08-23,12.375,12.625,12.375,12.375,1.0097291469573975,30000
1995-08-24,12.375,12.75,12.375,12.625,1.0301275253295898,26300
1995-08-25,12.625,12.625,12.5,12.625,1.0301275253295898,18900
1995-08-28,12.75,12.75,12.375,12.375,1.0097291469573975,17700
1995-08-29,12.5,12.5,12.25,12.25,0.9995297789573669,22500
1995-08-30,12.5,12.5,12.375,12.5,1.0199285745620728,10400
1995-08-31,12.625,12.625,12.375,12.5,1.0199285745620728,17800
1995-09-01,12.375,12.5,12.375,12.5,1.0199285745620728,16800
1995-09-05,12.25,12.375,12.25,12.375,1.0097291469573975,23000
1995-09-06,12.25,12.375,12.25,12.25,0.9995297789573669,9100
1995-09-07,12.125,12.25,12.0,12.125,0.9893304705619812,31800
1995-09-08,12.125,12.375,12.125,12.125,0.9893304705619812,23400
1995-09-11,12.125,12.25,12.125,12.125,0.9893304705619812,22300
1995-09-12,12.125,12.25,12.125,12.25,0.9995297789573669,52300
1995-09-13,12.25,12.5,12.25,12.375,1.0097291469573975,35100
1995-09-14,12.375,12.75,12.25,12.625,1.0301275253295898,52200
1995-09-15,12.75,12.875,12.625,12.875,1.0505262613296509,31200
1995-09-18,12.875,13.0,12.75,13.0,1.060725450515747,31300
1995-09-19,13.0,13.0,12.625,12.625,1.0301275253295898,22600
1995-09-20,12.75,12.875,12.5,12.875,1.0505262613296509,30400
1995-09-21,12.875,12.875,12.5,12.5,1.0199285745620728,35700
1995-09-22,12.375,12.625,12.25,12.25,0.9995297789573669,40800
1995-09-25,12.375,12.625,12.375,12.375,1.0097291469573975,34800
1995-09-26,12.5,12.75,12.5,12.625,1.0301275253295898,28400
1995-09-27,12.625,12.75,12.375,12.5,1.0199285745620728,23100
1995-09-28,12.5,12.75,12.5,12.625,1.0301275253295898,12000
1995-09-29,12.625,12.75,12.625,12.75,1.0403268337249756,8800
1995-10-02,12.75,12.875,12.625,12.75,1.0403268337249756,16100
1995-10-03,12.75,12.75,12.625,12.625,1.0301275253295898,18700
1995-10-04,12.75,12.75,12.5,12.5,1.0199285745620728,38300
1995-10-05,12.5,12.625,12.5,12.5,1.0199285745620728,10800
1995-10-06,12.375,12.625,12.375,12.5,1.0199285745620728,11000
1995-10-09,12.5,12.5,12.375,12.5,1.0199285745620728,10900
1995-10-10,12.375,12.375,12.125,12.25,0.9995297789573669,92400
1995-10-11,12.125,12.25,12.0,12.125,0.9893304705619812,60100
1995-10-12,12.25,12.25,12.0,12.125,0.9893304705619812,12800
1995-10-13,12.125,12.25,12.125,12.25,0.9995297789573669,32600
1995-10-16,12.25,12.375,12.125,12.25,0.9995297789573669,19800
1995-10-17,12.25,12.25,12.125,12.25,0.9995297789573669,14500
1995-10-18,12.25,12.25,12.125,12.125,0.9893304705619812,19900
1995-10-19,12.25,12.25,12.0,12.0,0.9791309833526611,31900
1995-10-20,12.0,12.125,11.75,11.875,0.9689318537712097,26700
1995-10-23,11.875,11.875,11.5,11.625,0.9485332369804382,33900
1995-10-24,11.625,11.75,11.5,11.625,0.9485332369804382,35200
1995-10-25,11.5,11.75,11.5,11.625,0.9485332369804382,19100
1995-10-26,11.625,11.875,11.625,11.75,0.9587327241897583,34700
1995-10-27,11.75,11.75,11.5,11.625,0.9485332369804382,15200
1995-10-30,11.5,11.875,11.5,11.875,0.9689318537712097,41900
1995-10-31,11.75,11.875,11.625,11.75,0.9587327241897583,88300
1995-11-01,11.75,12.0,11.75,12.0,0.9791309833526611,40000
1995-11-02,11.875,12.0,11.875,12.0,0.9791309833526611,23500
1995-11-03,11.875,12.0,11.875,11.875,0.9689318537712097,16000
1995-11-06,11.875,12.0,11.75,11.875,0.9689318537712097,24300
1995-11-07,11.875,12.0,11.75,11.75,0.9587327241897583,21400
1995-11-08,11.75,11.875,11.75,11.875,0.9689318537712097,30600
1995-11-09,11.75,11.875,11.75,11.75,0.9587327241897583,20200
1995-11-10,11.875,11.875,11.75,11.75,0.9587327241897583,15000
1995-11-13,11.75,11.875,11.75,11.75,0.9587327241897583,27600
1995-11-14,11.75,12.0,11.75,12.0,0.9791309833526611,25000
1995-11-15,11.75,12.0,11.75,11.875,0.9689318537712097,14800
1995-11-16,11.75,11.875,11.75,11.75,0.9587327241897583,33100
1995-11-17,11.875,11.875,11.75,11.75,0.9587327241897583,25400
1995-11-20,11.75,11.875,11.75,11.875,0.9689318537712097,44400
1995-11-21,11.75,11.875,11.75,11.875,0.9689318537712097,27300
1995-11-22,11.75,11.875,11.75,11.875,0.9689318537712097,10700
1995-11-24,11.875,12.0,11.75,11.875,0.9689318537712097,20200
1995-11-27,11.75,11.875,11.75,11.75,0.9587327241897583,37000
1995-11-28,11.875,11.875,11.75,11.875,0.9689318537712097,27400
1995-11-29,11.75,11.875,11.625,11.625,0.9485332369804382,78600
1995-11-30,11.75,11.875,11.75,11.875,0.9689318537712097,46500
1995-12-01,11.875,12.0,11.75,11.875,0.9689318537712097,51900
1995-12-04,11.875,12.375,11.875,12.25,0.9995297789573669,69900
1995-12-05,12.25,12.5,12.125,12.5,1.0199285745620728,77700
1995-12-06,12.5,13.0,12.5,12.875,1.0505262613296509,132900
1995-12-07,12.875,12.875,12.625,12.75,1.0403268337249756,21600
1995-12-08,12.625,12.75,12.625,12.625,1.0301275253295898,15200
1995-12-11,12.5,12.625,12.375,12.375,1.0097291469573975,32700
1995-12-12,12.375,12.5,12.25,12.5,1.0199285745620728,34500
1995-12-13,12.5,12.5,12.375,12.375,1.0097291469573975,33400
1995-12-14,12.25,12.375,12.125,12.125,0.9893304705619812,32800
1995-12-15,12.0,12.0,11.875,11.875,0.9689318537712097,48500
1995-12-18,11.875,12.0,11.75,11.75,0.9587327241897583,34400
1995-12-19,11.875,11.875,11.75,11.875,0.9689318537712097,38100
1995-12-20,12.0,12.125,11.75,11.75,0.9587327241897583,40400
1995-12-21,11.75,12.0,11.75,11.875,0.9689318537712097,23500
1995-12-22,12.0,12.375,12.0,12.25,0.9995297789573669,60000
1995-12-26,12.25,12.25,12.0,12.0,0.9791309833526611,33300
1995-12-27,12.0,12.25,11.875,11.875,0.9689318537712097,42900
1995-12-28,11.875,12.0,11.75,11.75,0.9587327241897583,44700
1995-12-29,11.875,11.875,11.75,11.75,0.9587327241897583,58900
1996-01-02,11.75,12.125,11.75,12.125,0.9970522522926331,67900
1996-01-03,12.375,13.75,12.375,13.625,1.1203986406326294,170000
1996-01-04,14.125,14.75,14.0,14.375,1.1820722818374634,325200
1996-01-05,14.375,14.375,14.125,14.25,1.1717936992645264,133200
1996-01-08,14.375,14.5,14.375,14.375,1.1820722818374634,35900
1996-01-09,14.5,14.5,14.25,14.25,1.1717936992645264,101300
1996-01-10,14.25,14.25,14.0,14.25,1.1717936992645264,69100
1996-01-11,14.375,14.625,14.25,14.625,1.2026300430297852,58000
1996-01-12,14.75,14.875,14.625,14.875,1.2231879234313965,71800
1996-01-15,15.0,15.875,15.0,15.75,1.295140266418457,247800
1996-01-16,16.0,16.0,15.625,15.625,1.2848609685897827,129600
1996-01-17,15.75,15.75,15.375,15.625,1.2848609685897827,87600
1996-01-18,15.625,15.625,15.25,15.25,1.2540245056152344,65800
1996-01-19,15.125,15.5,15.125,15.375,1.2643035650253296,62600
1996-01-22,15.625,15.75,15.375,15.375,1.2643035650253296,79400
1996-01-23,15.5,15.5,15.25,15.25,1.2540245056152344,54600
1996-01-24,15.25,15.5,15.25,15.375,1.2643035650253296,45500
1996-01-25,15.375,15.5,15.125,15.25,1.2540245056152344,44700
1996-01-26,15.0,15.25,14.875,15.25,1.2540245056152344,52800
1996-01-29,15.25,15.25,15.0,15.125,1.2437455654144287,32200
1996-01-30,15.25,15.5,15.125,15.375,1.2643035650253296,67300
1996-01-31,15.375,15.5,15.25,15.25,1.2540245056152344,19400
1996-02-01,15.125,15.25,15.0,15.0,1.233466625213623,31900
1996-02-02,15.125,15.125,15.0,15.0,1.233466625213623,35200
1996-02-05,14.875,14.875,14.625,14.875,1.2231879234313965,56800
1996-02-06,14.75,15.0,14.625,15.0,1.233466625213623,53100
1996-02-07,15.125,15.25,14.75,14.75,1.2129087448120117,45700
1996-02-08,14.875,14.875,14.25,14.5,1.1923511028289795,81300
1996-02-09,14.375,14.375,14.125,14.125,1.1615145206451416,73000
1996-02-12,14.0,14.25,13.875,14.125,1.1615145206451416,66900
1996-02-13,14.0,14.125,13.875,13.875,1.1409564018249512,35500
1996-02-14,14.0,14.125,13.875,14.0,1.1512354612350464,18600
1996-02-15,14.125,14.25,14.125,14.25,1.1717936992645264,20000
1996-02-16,14.25,14.25,14.125,14.25,1.1717936992645264,20400
1996-02-20,14.25,14.25,14.0,14.125,1.1615145206451416,26300
1996-02-21,14.0,14.125,13.75,14.0,1.1512354612350464,134900
1996-02-22,13.75,13.875,13.625,13.75,1.1306780576705933,51600
1996-02-23,13.875,13.875,13.375,13.5,1.110120177268982,73100
1996-02-26,13.5,13.5,12.75,12.75,1.0484466552734375,77000
1996-02-27,13.0,13.125,12.75,13.0,1.0690045356750488,217800
1996-02-28,13.0,13.25,12.875,13.25,1.0895625352859497,69000
1996-02-29,13.25,13.25,13.0,13.25,1.0895625352859497,55000
1996-03-01,13.25,13.375,13.125,13.375,1.0998412370681763,33800
1996-03-04,13.5,13.5,13.25,13.5,1.110120177268982,99600
1996-03-05,13.625,13.625,13.5,13.5,1.110120177268982,47000
1996-03-06,13.5,13.625,13.375,13.375,1.0998412370681763,64000
1996-03-07,13.375,13.375,13.25,13.375,1.0998412370681763,36100
1996-03-08,13.0,13.0,12.5,12.625,1.038167953491211,50500
1996-03-11,12.375,13.0,12.25,12.875,1.0587257146835327,85500
1996-03-12,12.75,12.75,12.5,12.5,1.0278892517089844,19700
1996-03-13,12.625,13.0,12.5,13.0,1.0690045356750488,72200
1996-03-14,13.0,13.0,12.75,12.75,1.0484466552734375,44600
1996-03-15,12.75,13.0,12.75,13.0,1.0690045356750488,56600
1996-03-18,12.875,13.125,12.875,13.0,1.0690045356750488,40900
1996-03-19,13.0,13.125,12.875,12.875,1.0587257146835327,59600
1996-03-20,12.875,12.875,12.75,12.875,1.0587257146835327,19000
1996-03-21,13.0,13.125,12.875,13.0,1.0690045356750488,34300
1996-03-22,13.0,13.0,12.875,13.0,1.0690045356750488,25200
1996-03-25,13.0,13.125,12.875,13.125,1.079283356666565,25400
1996-03-26,13.125,13.25,13.125,13.25,1.0895625352859497,28300
1996-03-27,13.125,13.375,13.125,13.125,1.079283356666565,18900
1996-03-28,13.25,13.375,13.125,13.375,1.0998412370681763,47500
1996-03-29,13.375,13.375,13.25,13.375,1.0998412370681763,12700
1996-04-01,13.25,13.375,13.25,13.375,1.0998412370681763,20800
1996-04-02,13.375,13.5,13.375,13.5,1.110120177268982,18300
1996-04-03,13.5,13.5,13.125,13.125,1.079283356666565,30900
1996-04-04,13.25,13.25,13.0,13.125,1.079283356666565,12500
1996-04-08,13.0,13.0,12.625,12.625,1.038167953491211,44100
1996-04-09,12.75,12.875,12.625,12.625,1.038167953491211,62300
1996-04-10,12.625,12.75,12.5,12.5,1.0278892517089844,53500
1996-04-11,12.5,12.625,12.375,12.5,1.0278892517089844,39800
1996-04-12,12.625,12.625,12.5,12.5,1.0278892517089844,35700
1996-04-15,12.625,12.625,12.5,12.5,1.0278892517089844,15300
1996-04-16,12.625,12.75,12.5,12.625,1.038167953491211,29700
1996-04-17,12.5,12.625,12.5,12.5,1.0278892517089844,6500
1996-04-18,12.5,12.5,12.375,12.375,1.0176103115081787,6400
1996-04-19,12.375,12.375,12.25,12.375,1.0176103115081787,15400
1996-04-22,12.25,12.5,12.25,12.375,1.0176103115081787,32200
1996-04-23,12.25,12.375,12.25,12.375,1.0176103115081787,17400
1996-04-24,12.375,12.375,12.125,12.25,1.007331132888794,30300
1996-04-25,12.25,12.25,12.0,12.0,0.9867732524871826,57600
1996-04-26,12.125,12.25,12.0,12.125,0.9970522522926331,18600
1996-04-29,12.25,12.5,12.25,12.5,1.0278892517089844,53400
1996-04-30,12.625,13.625,12.625,13.625,1.1203986406326294,282300
1996-05-01,13.5,13.625,13.25,13.25,1.0895625352859497,94600
1996-05-02,13.375,13.375,12.875,12.875,1.0587257146835327,26400
1996-05-03,13.125,13.125,12.875,13.0,1.0690045356750488,42100
1996-05-06,12.875,13.0,12.875,13.0,1.0690045356750488,19500
1996-05-07,13.125,13.125,13.0,13.0,1.0690045356750488,25200
1996-05-08,13.125,13.125,12.875,13.0,1.0690045356750488,25700
1996-05-09,12.875,12.875,12.75,12.875,1.0587257146835327,14700
1996-05-10,12.75,13.0,12.625,13.0,1.0690045356750488,121100
1996-05-13,12.875,13.0,12.625,12.625,1.038167953491211,47100
1996-05-14,12.75,12.875,12.375,12.5,1.0278892517089844,52800
1996-05-15,12.375,12.375,12.0,12.25,1.007331132888794,106300
1996-05-16,12.25,12.375,12.25,12.375,1.0176103115081787,49300
1996-05-17,12.375,12.5,12.375,12.5,1.0278892517089844,31200
1996-05-20,12.375,12.625,12.375,12.5,1.0278892517089844,75200
1996-05-21,12.5,12.625,12.5,12.625,1.038167953491211,8100
1996-05-22,12.625,12.625,12.375,12.5,1.0278892517089844,27900
1996-05-23,12.375,12.5,12.375,12.375,1.0176103115081787,20300
1996-05-24,12.5,12.5,12.375,12.375,1.0176103115081787,9900
1996-05-28,12.375,12.5,12.25,12.375,1.0176103115081787,12300
1996-05-29,12.25,12.375,12.25,12.25,1.007331132888794,33800
1996-05-30,12.25,12.5,12.25,12.375,1.0176103115081787,75000
1996-05-31,12.375,12.375,12.25,12.25,1.007331132888794,52200
1996-06-03,12.125,12.375,12.125,12.375,1.0176103115081787,9800
1996-06-04,12.375,12.375,12.125,12.25,1.007331132888794,36200
1996-06-05,12.25,12.375,12.25,12.375,1.0176103115081787,23700
1996-06-06,12.5,12.5,12.375,12.375,1.0176103115081787,24300
1996-06-07,12.25,12.375,12.125,12.125,0.9970522522926331,63700
1996-06-10,12.0,12.25,12.0,12.0,0.9867732524871826,54000
1996-06-11,12.25,12.25,12.125,12.125,0.9970522522926331,16200
1996-06-12,12.125,12.125,12.0,12.0,0.9867732524871826,14400
1996-06-13,12.0,12.125,12.0,12.0,0.9867732524871826,13000
1996-06-14,12.0,12.125,11.875,12.0,0.9867732524871826,106700
1996-06-17,12.25,12.625,12.125,12.625,1.038167953491211,76700
1996-06-18,12.5,12.625,12.5,12.5,1.0278892517089844,26200
1996-06-19,12.375,12.5,12.25,12.375,1.0176103115081787,14300
1996-06-20,12.375,12.375,12.25,12.375,1.0176103115081787,9400
1996-06-21,12.25,12.375,12.25,12.25,1.007331132888794,7800
1996-06-24,12.375,12.375,12.25,12.25,1.007331132888794,15100
1996-06-25,12.25,12.375,12.25,12.375,1.0176103115081787,17900
1996-06-26,12.25,12.375,12.125,12.125,0.9970522522926331,20100
1996-06-27,12.125,12.5,12.125,12.25,1.007331132888794,22900
1996-06-28,12.25,12.375,12.125,12.125,0.9970522522926331,11400
1996-07-01,12.375,12.375,12.125,12.25,1.007331132888794,33400
1996-07-02,12.125,12.25,12.0,12.125,0.9970522522926331,24100
1996-07-03,12.125,12.125,12.0,12.125,0.9970522522926331,16900
1996-07-05,12.125,12.125,11.875,12.0,0.9867732524871826,4200
1996-07-08,11.875,12.0,11.75,11.75,0.9662157893180847,15100
1996-07-09,11.875,12.125,11.875,12.125,0.9970522522926331,51300
1996-07-10,12.0,12.125,12.0,12.0,0.9867732524871826,23100
1996-07-11,12.0,12.125,11.75,11.75,0.9662157893180847,63300
1996-07-12,11.875,12.125,11.875,12.0,0.9867732524871826,33500
1996-07-15,12.0,12.125,11.75,11.75,0.9662157893180847,52300
1996-07-16,11.875,12.0,11.625,11.875,0.9764944314956665,268200
1996-07-17,12.0,12.0,11.875,11.875,0.9764944314956665,14500
1996-07-18,11.875,12.125,11.875,12.0,0.9867732524871826,27700
1996-07-19,12.0,12.0,12.0,12.0,0.9867732524871826,8900
1996-07-22,11.875,12.0,11.75,12.0,0.9867732524871826,17200
1996-07-23,12.0,12.125,11.875,11.875,0.9764944314956665,20500
1996-07-24,11.875,12.0,11.25,11.5,0.9456577897071838,60800
1996-07-25,11.625,11.625,11.5,11.625,0.9559367299079895,14300
1996-07-26,11.625,11.625,11.375,11.375,0.935378909111023,19100
1996-07-29,11.125,11.375,11.125,11.25,0.9251002073287964,45300
1996-07-30,11.25,11.375,11.25,11.375,0.935378909111023,10900
1996-07-31,11.375,11.375,11.25,11.375,0.935378909111023,16100
1996-08-01,11.375,11.5,11.375,11.5,0.9456577897071838,20900
1996-08-02,11.375,11.75,11.375,11.75,0.9662157893180847,36100
1996-08-05,11.75,11.75,11.5,11.5,0.9456577897071838,22700
1996-08-06,11.625,11.625,11.5,11.625,0.9559367299079895,13800
1996-08-07,11.5,11.625,11.5,11.625,0.9559367299079895,14900
1996-08-08,11.625,11.625,11.5,11.625,0.9559367299079895,12000
1996-08-09,11.625,11.625,11.5,11.625,0.9559367299079895,11200
1996-08-12,11.625,11.75,11.625,11.625,0.9559367299079895,14600
1996-08-13,11.75,11.75,11.625,11.625,0.9559367299079895,21800
1996-08-14,11.5,11.625,11.5,11.5,0.9456577897071838,20700
1996-08-15,11.625,11.625,11.25,11.5,0.9456577897071838,32800
1996-08-16,11.5,11.5,11.375,11.375,0.935378909111023,11900
1996-08-19,11.375,11.5,11.375,11.375,0.935378909111023,7700
1996-08-20,11.5,11.625,11.375,11.625,0.9559367299079895,22500
1996-08-21,11.625,11.75,11.625,11.75,0.9662157893180847,37200
1996-08-22,11.625,11.875,11.625,11.875,0.9764944314956665,17100
1996-08-23,11.75,12.125,11.75,12.0,0.9867732524871826,41800
1996-08-26,12.0,12.125,12.0,12.0,0.9867732524871826,51000
1996-08-27,12.0,12.125,12.0,12.125,0.9970522522926331,16900
1996-08-28,12.125,12.125,12.0,12.125,0.9970522522926331,11200
1996-08-29,12.0,12.125,12.0,12.0,0.9867732524871826,19800
1996-08-30,11.875,12.0,11.875,11.875,0.9764944314956665,35900
1996-09-03,11.875,12.0,11.75,11.875,0.9764944314956665,18700
1996-09-04,11.875,12.0,11.875,12.0,0.9867732524871826,5100
1996-09-05,11.875,12.0,11.75,11.75,0.9662157893180847,9400
1996-09-06,11.625,12.0,11.625,11.875,0.9764944314956665,34900
1996-09-09,11.75,12.125,11.75,12.0,0.9867732524871826,39800
1996-09-10,12.125,12.125,12.0,12.125,0.9970522522926331,20600
1996-09-11,12.125,12.125,12.0,12.125,0.9970522522926331,6100
1996-09-12,12.0,12.375,12.0,12.375,1.0176103115081787,94600
1996-09-13,12.5,12.625,12.375,12.375,1.0176103115081787,38300
1996-09-16,12.375,12.5,12.375,12.375,1.0176103115081787,30900
1996-09-17,12.625,12.625,12.375,12.375,1.0176103115081787,32800
1996-09-18,12.375,12.5,12.25,12.375,1.0176103115081787,27900
1996-09-19,12.25,12.375,12.25,12.25,1.007331132888794,9300
1996-09-20,12.375,12.375,12.25,12.375,1.0176103115081787,16800
1996-09-23,12.375,12.375,12.25,12.375,1.0176103115081787,12600
1996-09-24,12.25,12.25,12.125,12.125,0.9970522522926331,15100
1996-09-25,12.125,12.25,12.125,12.25,1.007331132888794,24800
1996-09-26,12.25,12.375,12.25,12.25,1.007331132888794,15600
1996-09-27,12.25,12.25,12.125,12.125,0.9970522522926331,42800
1996-09-30,12.125,12.25,12.125,12.25,1.007331132888794,38500
1996-10-01,12.125,12.25,12.125,12.25,1.007331132888794,28800
1996-10-02,12.125,12.375,12.125,12.375,1.0176103115081787,52000
1996-10-03,12.375,12.5,12.375,12.5,1.0278892517089844,28100
1996-10-04,12.375,12.5,12.375,12.375,1.0176103115081787,15900
1996-10-07,12.5,12.625,12.375,12.625,1.038167953491211,29300
1996-10-08,12.5,12.625,12.375,12.375,1.0176103115081787,18100
1996-10-09,12.5,12.5,12.375,12.375,1.0176103115081787,34600
1996-10-10,12.5,12.5,12.25,12.25,1.007331132888794,11400
1996-10-11,12.25,12.25,12.125,12.125,0.9970522522926331,35400
1996-10-14,12.125,12.375,12.125,12.25,1.007331132888794,60100
1996-10-15,12.5,12.5,12.375,12.5,1.0278892517089844,25400
1996-10-16,12.375,12.5,12.375,12.375,1.0176103115081787,10100
1996-10-17,12.375,12.375,12.25,12.25,1.007331132888794,9300
1996-10-18,12.25,12.375,12.25,12.25,1.007331132888794,11700
1996-10-21,12.25,12.375,12.125,12.25,1.007331132888794,22600
1996-10-22,12.25,12.25,12.125,12.125,0.9970522522926331,15800
1996-10-23,12.125,12.25,12.125,12.125,0.9970522522926331,11000
1996-10-24,12.25,12.25,12.125,12.125,0.9970522522926331,7900
1996-10-25,12.125,12.125,12.0,12.0,0.9867732524871826,11600
1996-10-28,12.0,12.0,12.0,12.0,0.9867732524871826,36600
1996-10-29,11.875,11.875,11.625,11.625,0.9559367299079895,34000
1996-10-30,11.625,12.0,11.625,11.625,0.9559367299079895,62800
1996-10-31,11.625,11.75,11.625,11.75,0.9662157893180847,10600
1996-11-01,11.625,11.75,11.625,11.75,0.9662157893180847,13800
1996-11-04,11.75,11.75,11.625,11.75,0.9662157893180847,18500
1996-11-05,11.625,11.75,11.5,11.5,0.9456577897071838,28600
1996-11-06,11.625,11.75,11.625,11.625,0.9559367299079895,21700
1996-11-07,11.5,11.5,11.25,11.25,0.9251002073287964,108900
1996-11-08,11.25,11.375,11.25,11.375,0.935378909111023,8600
1996-11-11,11.375,11.5,11.25,11.5,0.9456577897071838,40600
1996-11-12,11.375,11.5,11.25,11.375,0.935378909111023,24200
1996-11-13,11.375,11.5,11.375,11.375,0.935378909111023,38200
1996-11-14,11.5,11.75,11.375,11.625,0.9559367299079895,29800
1996-11-15,11.875,11.875,11.75,11.875,0.9764944314956665,55400
1996-11-18,11.875,11.875,11.75,11.875,0.9764944314956665,35100
1996-11-19,12.0,12.25,11.875,12.125,0.9970522522926331,54200
1996-11-20,12.25,12.5,12.125,12.375,1.0176103115081787,104800
1996-11-21,12.75,12.875,12.625,12.75,1.0484466552734375,149200
1996-11-22,12.625,12.875,12.625,12.875,1.0587257146835327,79100
1996-11-25,13.0,13.375,13.0,13.375,1.0998412370681763,95700
1996-11-26,13.25,13.5,13.25,13.25,1.0895625352859497,33900
1996-11-27,13.25,13.25,13.0,13.0,1.0690045356750488,29800
1996-11-29,13.0,13.125,12.875,13.125,1.079283356666565,17800
1996-12-02,13.125,13.375,13.125,13.25,1.0895625352859497,49400
1996-12-03,13.5,13.625,13.375,13.5,1.110120177268982,99800
1996-12-04,13.5,13.5,13.375,13.375,1.0998412370681763,43400
1996-12-05,13.375,13.375,13.0,13.25,1.0895625352859497,33700
1996-12-06,12.75,12.875,12.625,12.75,1.0484466552734375,30300
1996-12-09,12.875,13.25,12.875,13.25,1.0895625352859497,27700
1996-12-10,13.5,13.625,13.5,13.5,1.110120177268982,85100
1996-12-11,13.125,13.25,13.0,13.0,1.0690045356750488,29000
1996-12-12,13.125,13.125,12.75,12.75,1.0484466552734375,19600
1996-12-13,12.625,12.875,12.375,12.75,1.0484466552734375,46800
1996-12-16,12.75,13.0,12.75,12.75,1.0484466552734375,57700
1996-12-17,12.625,12.625,12.375,12.5,1.0278892517089844,80300
1996-12-18,12.625,12.75,12.625,12.75,1.0484466552734375,28500
1996-12-19,12.625,12.875,12.625,12.875,1.0587257146835327,26600
1996-12-20,13.0,13.0,12.625,12.75,1.0484466552734375,36100
1996-12-23,12.75,13.0,12.625,12.625,1.038167953491211,30600
1996-12-24,12.875,12.875,12.75,12.875,1.0587257146835327,32300
1996-12-26,12.75,12.875,12.75,12.875,1.0587257146835327,35500
1996-12-27,12.625,13.0,12.625,12.875,1.067013144493103,23300
1996-12-30,13.0,13.25,13.0,13.25,1.0980913639068604,89500
1996-12-31,13.25,13.25,13.0,13.125,1.0877317190170288,41800
1997-01-02,13.0,13.125,13.0,13.125,1.0877317190170288,15200
1997-01-03,13.125,13.25,13.125,13.125,1.0877317190170288,22600
1997-01-06,13.5,13.75,13.5,13.75,1.1395286321640015,70400
1997-01-07,13.875,13.875,13.625,13.75,1.1395286321640015,72000
1997-01-08,13.75,14.0,13.75,13.875,1.1498875617980957,39700
1997-01-09,13.625,13.875,13.625,13.75,1.1395286321640015,38300
1997-01-10,13.625,13.625,13.5,13.5,1.1188100576400757,32500
1997-01-13,13.5,13.75,13.5,13.625,1.1291688680648804,47300
1997-01-14,13.625,13.875,13.5,13.875,1.1498875617980957,80500
1997-01-15,13.875,14.0,13.875,14.0,1.1602469682693481,96100
1997-01-16,14.125,14.125,13.875,13.875,1.1498875617980957,25300
1997-01-17,14.125,14.25,14.0,14.25,1.1809662580490112,76200
1997-01-20,14.375,14.375,14.125,14.125,1.1706066131591797,47900
1997-01-21,14.0,14.125,14.0,14.0,1.1602469682693481,41800
1997-01-22,14.0,14.0,13.875,14.0,1.1602469682693481,65700
1997-01-23,13.875,14.25,13.75,13.75,1.1395286321640015,58200
1997-01-24,13.625,13.75,13.25,13.375,1.1084505319595337,62300
1997-01-27,13.5,13.625,13.25,13.375,1.1084505319595337,75400
1997-01-28,13.5,13.75,13.375,13.625,1.1291688680648804,34500
1997-01-29,13.5,13.625,13.5,13.5,1.1188100576400757,15900
1997-01-30,13.375,13.625,13.375,13.5,1.1188100576400757,6700
1997-01-31,13.5,13.625,13.375,13.625,1.1291688680648804,15200
1997-02-03,13.625,13.75,13.625,13.625,1.1291688680648804,18400
1997-02-04,13.75,13.875,13.625,13.75,1.1395286321640015,36200
1997-02-05,13.625,13.75,13.375,13.375,1.1084505319595337,266000
1997-02-06,13.5,13.5,13.375,13.5,1.1188100576400757,84200
1997-02-07,13.625,13.625,13.5,13.625,1.1291688680648804,30300
1997-02-10,13.5,13.625,13.5,13.5,1.1188100576400757,21300
1997-02-11,13.5,13.625,13.375,13.5,1.1188100576400757,22800
1997-02-12,13.375,13.625,13.375,13.5,1.1188100576400757,29700
1997-02-13,13.625,13.625,13.375,13.375,1.1084505319595337,75100
1997-02-14,13.375,13.375,13.25,13.375,1.1084505319595337,32300
1997-02-18,13.0,13.125,12.875,13.125,1.0877317190170288,161600
1997-02-19,13.125,13.125,12.875,13.0,1.077372431755066,46400
1997-02-20,13.25,13.5,13.25,13.25,1.0980913639068604,46700
1997-02-21,13.25,13.5,13.25,13.5,1.1188100576400757,26500
1997-02-24,13.5,13.5,13.375,13.5,1.1188100576400757,50100
1997-02-25,13.625,13.625,13.625,13.625,1.1291688680648804,37900
1997-02-26,13.5,13.625,13.375,13.375,1.1084505319595337,50100
1997-02-27,13.5,13.625,13.375,13.625,1.1291688680648804,44000
1997-02-28,13.625,13.625,13.375,13.625,1.1291688680648804,26900
1997-03-03,13.75,14.0,13.75,13.875,1.1498875617980957,60000
1997-03-04,13.875,14.0,13.875,13.875,1.1498875617980957,45100
1997-03-05,13.875,14.0,13.875,14.0,1.1602469682693481,37700
1997-03-06,14.0,14.125,14.0,14.0,1.1602469682693481,24500
1997-03-07,14.0,14.0,13.875,14.0,1.1602469682693481,34100
1997-03-10,14.0,14.25,14.0,14.25,1.1809662580490112,30400
1997-03-11,14.375,14.375,14.125,14.25,1.1809662580490112,28300
1997-03-12,14.125,14.25,14.125,14.125,1.1706066131591797,25700
1997-03-13,14.125,14.25,14.0,14.0,1.1602469682693481,33600
1997-03-14,14.0,14.0,14.0,14.0,1.1602469682693481,26000
1997-03-17,14.0,14.125,13.875,14.0,1.1602469682693481,43800
1997-03-18,13.875,14.0,13.75,14.0,1.1602469682693481,18600
1997-03-19,14.125,14.125,14.0,14.0,1.1602469682693481,36000
1997-03-20,14.125,14.25,13.875,13.875,1.1498875617980957,47900
1997-03-21,13.875,14.125,13.875,14.0,1.1602469682693481,94500
1997-03-24,13.875,14.0,13.75,13.875,1.1498875617980957,12100
1997-03-25,13.875,13.875,13.75,13.875,1.1498875617980957,10200
1997-03-26,13.875,13.875,13.625,13.75,1.1395286321640015,9700
1997-03-27,13.75,13.75,13.5,13.5,1.1188100576400757,17600
1997-03-31,13.5,13.5,13.25,13.25,1.0980913639068604,177100
1997-04-01,13.125,13.375,13.125,13.25,1.0980913639068604,57600
1997-04-02,13.25,13.25,13.125,13.125,1.0877317190170288,61900
1997-04-03,13.25,13.5,13.25,13.25,1.0980913639068604,74000
1997-04-04,13.25,13.375,13.25,13.25,1.0980913639068604,10300
1997-04-07,13.25,13.375,13.25,13.375,1.1084505319595337,39000
1997-04-08,13.25,13.375,13.25,13.375,1.1084505319595337,16600
1997-04-09,13.375,13.625,13.375,13.5,1.1188100576400757,31900
1997-04-10,13.5,13.5,13.375,13.375,1.1084505319595337,21900
1997-04-11,13.25,13.375,13.125,13.25,1.0980913639068604,27900
1997-04-14,13.375,13.625,13.375,13.625,1.1291688680648804,33300
1997-04-15,13.625,13.875,13.625,13.75,1.1395286321640015,37000
1997-04-16,13.875,14.0,13.875,13.875,1.1498875617980957,15900
1997-04-17,14.0,14.125,13.875,13.875,1.1498875617980957,70100
1997-04-18,14.0,14.0,13.875,14.0,1.1602469682693481,14500
1997-04-21,14.0,14.25,14.0,14.125,1.1706066131591797,43200
1997-04-22,14.0,14.25,14.0,14.0,1.1602469682693481,65600
1997-04-23,14.125,14.125,14.0,14.125,1.1706066131591797,93000
1997-04-24,14.25,14.25,14.125,14.125,1.1706066131591797,40100
1997-04-25,14.25,14.25,14.125,14.25,1.1809662580490112,46200
1997-04-28,14.375,14.5,14.375,14.5,1.201684594154358,65800
1997-04-29,14.75,15.0,14.625,14.75,1.2224030494689941,79000
1997-04-30,15.0,15.125,15.0,15.0,1.2431219816207886,72300
1997-05-01,15.125,15.25,15.0,15.0,1.2431219816207886,23400
1997-05-02,15.0,15.25,15.0,15.125,1.2534812688827515,42400
1997-05-05,15.125,15.5,15.125,15.5,1.2845592498779297,33200
1997-05-06,15.5,15.75,15.5,15.5,1.2845592498779297,59800
1997-05-07,15.5,15.625,15.5,15.625,1.2949186563491821,71300
1997-05-08,15.5,15.625,15.5,15.5,1.2845592498779297,39100
1997-05-09,15.75,15.75,15.625,15.75,1.3052784204483032,16300
1997-05-12,15.625,15.875,15.625,15.75,1.3052784204483032,61500
1997-05-13,15.75,15.75,15.5,15.625,1.2949186563491821,19700
1997-05-14,15.5,15.625,15.375,15.625,1.2949186563491821,35200
1997-05-15,15.375,15.5,15.375,15.375,1.2742003202438354,16600
1997-05-16,15.25,15.375,15.25,15.25,1.263840675354004,42900
1997-05-19,15.125,15.125,14.875,15.125,1.2534812688827515,39700
1997-05-20,15.0,15.25,15.0,15.25,1.263840675354004,24700
1997-05-21,15.125,15.25,15.0,15.125,1.2534812688827515,16900
1997-05-22,15.125,15.125,14.75,14.875,1.2327626943588257,38300
1997-05-23,15.125,15.125,14.875,14.875,1.2327626943588257,29100
1997-05-27,15.375,15.875,15.375,15.875,1.3156373500823975,134100
1997-05-28,16.0,16.25,15.875,16.125,1.3363560438156128,109400
1997-05-29,16.0,16.0,15.875,15.875,1.3156373500823975,34700
1997-05-30,15.75,16.25,15.75,16.25,1.3467155694961548,89300
1997-06-02,16.375,16.5,16.375,16.5,1.3674342632293701,67700
1997-06-03,16.375,16.75,16.375,16.625,1.377793550491333,41300
1997-06-04,16.75,16.75,16.25,16.375,1.3570752143859863,54200
1997-06-05,16.5,16.5,16.375,16.375,1.3570752143859863,23000
1997-06-06,16.125,16.5,16.125,16.5,1.3674342632293701,42800
1997-06-09,16.375,16.625,16.375,16.625,1.377793550491333,33600
1997-06-10,16.375,16.5,16.25,16.375,1.3570752143859863,20900
1997-06-11,16.5,16.5,16.125,16.25,1.3467155694961548,47500
1997-06-12,16.125,16.125,15.625,16.0,1.3259971141815186,34300
1997-06-13,16.0,16.375,16.0,16.25,1.3467155694961548,35900
1997-06-16,16.0,16.375,16.0,16.25,1.3467155694961548,41900
1997-06-17,16.0,16.25,15.875,16.0,1.3259971141815186,13500
1997-06-18,16.0,16.125,15.875,16.125,1.3363560438156128,25400
1997-06-19,16.25,16.25,15.875,16.0,1.3259971141815186,18900
1997-06-20,16.5,16.5,16.375,16.375,1.3570752143859863,47800
1997-06-23,16.625,17.0,16.625,16.75,1.3881529569625854,70000
1997-06-24,16.5,16.75,16.5,16.75,1.3881529569625854,45400
1997-06-25,16.75,16.75,16.5625,16.625,1.377793550491333,16400
1997-06-26,16.5,16.8125,16.5,16.8125,1.3933322429656982,50900
1997-06-27,16.875,17.125,16.875,17.125,1.4192309379577637,36000
1997-06-30,17.25,17.875,17.25,17.625,1.4606682062149048,69300
1997-07-01,17.75,18.0,17.625,17.8125,1.4762076139450073,52400
1997-07-02,17.8125,18.0,17.5,17.75,1.4710278511047363,64900
1997-07-03,17.5,17.75,17.375,17.5,1.4503086805343628,54800
1997-07-07,17.5,17.5,16.6875,16.75,1.3881529569625854,105400
1997-07-08,16.75,17.125,16.75,17.0625,1.4140510559082031,47100
1997-07-09,17.0,17.0625,16.75,16.75,1.3881529569625854,102200
1997-07-10,17.0,17.1875,16.875,17.125,1.4192309379577637,63400
1997-07-11,17.125,17.75,17.125,17.4375,1.445129156112671,73700
1997-07-14,17.6875,17.875,17.5,17.6875,1.4658479690551758,55200
1997-07-15,17.5,17.75,17.375,17.5,1.4503086805343628,45200
1997-07-16,17.5,17.625,17.5,17.5,1.4503086805343628,39100
1997-07-17,17.9375,17.9375,17.6875,17.875,1.4813873767852783,64400
1997-07-18,17.8125,17.8125,17.25,17.375,1.4399492740631104,33000
1997-07-21,17.5,17.75,17.375,17.5625,1.4554890394210815,29800
1997-07-22,17.5625,17.625,17.4375,17.5,1.4503086805343628,21200
1997-07-23,17.5625,17.875,17.5625,17.75,1.4710278511047363,22900
1997-07-24,17.625,17.75,17.625,17.75,1.4710278511047363,31700
1997-07-25,17.75,17.9375,17.5625,17.625,1.4606682062149048,16000
1997-07-28,17.75,18.25,17.75,18.25,1.5124645233154297,50400
1997-07-29,18.0625,18.5,18.0625,18.4375,1.5280042886734009,40700
1997-07-30,18.5,19.0,18.5,18.8125,1.55908203125,68600
1997-07-31,18.875,19.0,18.75,19.0,1.5746214389801025,32700
1997-08-01,18.75,18.9375,18.6875,18.875,1.5642619132995605,17800
1997-08-04,18.5,18.5625,18.375,18.5,1.5331836938858032,30600
1997-08-05,18.625,18.75,18.5625,18.6875,1.5487228631973267,20600
1997-08-06,18.8125,18.875,18.625,18.8125,1.55908203125,24900
1997-08-07,19.0,19.0625,18.9375,19.0,1.5746214389801025,73300
1997-08-08,19.0,19.1875,18.75,18.75,1.553902506828308,69000
1997-08-11,18.75,18.8125,18.6875,18.75,1.553902506828308,29200
1997-08-12,18.625,18.9375,18.625,18.75,1.553902506828308,86000
1997-08-13,18.875,18.9375,18.8125,18.9375,1.569441795349121,80000
1997-08-14,19.125,19.625,19.125,19.625,1.6264179944992065,75600
1997-08-15,19.25,19.375,18.875,18.875,1.5642619132995605,125700
1997-08-18,18.625,18.75,18.0625,18.125,1.5021060705184937,209500
1997-08-19,18.0,18.0625,17.375,17.9375,1.4865667819976807,121600
1997-08-20,18.0,18.625,18.0,18.625,1.5435434579849243,48200
1997-08-21,18.5,18.6875,18.25,18.3125,1.517645001411438,65000
1997-08-22,18.0,18.375,17.75,18.3125,1.517645001411438,120800
1997-08-25,18.625,19.125,18.625,19.125,1.5849809646606445,74900
1997-08-26,19.0,19.3125,18.75,19.3125,1.6005194187164307,63000
1997-08-27,19.0625,19.375,19.0625,19.25,1.5953401327133179,54100
1997-08-28,19.0,19.0,18.125,18.3125,1.517645001411438,64700
1997-08-29,17.5,17.875,17.0,17.75,1.4710278511047363,183900
1997-09-02,17.25,17.875,17.125,17.875,1.4813873767852783,88500
1997-09-03,18.25,19.0,18.25,18.625,1.5435434579849243,133800
1997-09-04,18.125,18.125,17.9375,18.0625,1.496926188468933,41600
1997-09-05,18.1875,18.375,18.1875,18.3125,1.517645001411438,59900
1997-09-08,18.0625,18.0625,17.875,17.9375,1.4865667819976807,17500
1997-09-09,18.0,18.3125,18.0,18.3125,1.517645001411438,72700
1997-09-10,18.0,18.125,18.0,18.0,1.4917463064193726,60500
1997-09-11,17.875,17.875,17.375,17.4375,1.445129156112671,32200
1997-09-12,17.5625,17.75,17.5625,17.75,1.4710278511047363,24000
1997-09-15,18.0625,18.4375,18.0,18.375,1.5228245258331299,102700
1997-09-16,18.375,18.9375,18.0625,18.9375,1.569441795349121,76400
1997-09-17,18.375,18.75,18.375,18.6875,1.5487228631973267,64700
1997-09-18,18.4375,18.6875,18.4375,18.625,1.5435434579849243,45800
1997-09-19,18.375,18.875,18.375,18.875,1.5642619132995605,51100
1997-09-22,18.3125,18.375,18.125,18.1875,1.507285237312317,50200
1997-09-23,18.125,18.125,18.0,18.0625,1.496926188468933,26500
1997-09-24,18.0,18.0625,17.9375,18.0,1.4917463064193726,13600
1997-09-25,18.1875,18.25,18.125,18.25,1.5124645233154297,26700
1997-09-26,18.1875,18.3125,18.125,18.25,1.5124645233154297,8200
1997-09-29,18.125,18.125,17.875,18.0,1.4917463064193726,33200
1997-09-30,18.0,18.0,17.6875,17.8125,1.4762076139450073,14700
1997-10-01,17.75,17.8125,17.5,17.5,1.4503086805343628,68000
1997-10-02,17.375,17.5,17.25,17.375,1.4399492740631104,28400
1997-10-03,17.4375,17.75,17.375,17.375,1.4399492740631104,18500
1997-10-06,17.25,17.25,17.125,17.1875,1.4244109392166138,23600
1997-10-07,17.1875,17.25,17.0,17.0,1.4088716506958008,39100
1997-10-08,17.0,17.0625,16.875,16.9375,1.4036920070648193,49400
1997-10-09,16.0,16.375,16.0,16.25,1.3467155694961548,130800
1997-10-10,16.1875,16.3125,16.0625,16.3125,1.3518948554992676,42600
1997-10-13,16.0625,16.1875,15.8125,15.8125,1.310457706451416,58700
1997-10-14,15.6875,15.6875,15.25,15.5625,1.2897394895553589,36700
1997-10-15,15.0,15.0,14.625,14.9375,1.2379425764083862,98600
1997-10-16,15.125,15.25,15.0625,15.0625,1.2483018636703491,40400
1997-10-17,15.0625,15.1875,15.0625,15.125,1.2534812688827515,35700
1997-10-20,14.875,14.9375,14.5625,14.9375,1.2379425764083862,36600
1997-10-21,14.8125,14.875,14.625,14.8125,1.2275830507278442,31500
1997-10-22,14.625,14.625,14.25,14.25,1.1809662580490112,31600
1997-10-23,12.5,13.3125,12.5,13.25,1.0980913639068604,203200
1997-10-24,13.5,14.125,13.3125,13.4375,1.1136301755905151,122000
1997-10-27,13.25,13.25,12.5,12.5,1.0359352827072144,77900
1997-10-28,12.0,13.625,11.5,13.5625,1.123989462852478,181700
1997-10-29,13.8125,13.8125,13.0,13.25,1.0980913639068604,106500
1997-10-30,13.0,13.0,12.6875,12.75,1.056653618812561,47100
1997-10-31,13.0,13.375,13.0,13.3125,1.1032707691192627,32000
1997-11-03,13.875,14.5,13.875,14.375,1.191325306892395,66800
1997-11-04,14.0,14.0625,13.875,14.0,1.1602469682693481,36700
1997-11-05,14.5625,14.5625,14.375,14.4375,1.196504831314087,56200
1997-11-06,14.4375,14.4375,14.0625,14.125,1.1706066131591797,13400
1997-11-07,13.875,13.875,13.5,13.5,1.1188100576400757,70300
1997-11-10,13.625,13.6875,13.5625,13.625,1.1291688680648804,28500
1997-11-11,13.6875,13.6875,13.5625,13.625,1.1291688680648804,9800
1997-11-12,13.3125,13.375,12.8125,12.8125,1.0618332624435425,28000
1997-11-13,13.125,13.125,12.5625,13.0,1.077372431755066,61600
1997-11-14,13.125,13.25,13.0625,13.125,1.0877317190170288,58200
1997-11-17,13.6875,13.875,13.4375,13.5625,1.123989462852478,43200
1997-11-18,13.5,13.625,13.25,13.25,1.0980913639068604,52300
1997-11-19,13.25,13.4375,13.25,13.25,1.0980913639068604,7800
1997-11-20,13.4375,13.5,13.375,13.4375,1.1136301755905151,12900
1997-11-21,13.625,13.875,13.625,13.75,1.1395286321640015,33600
1997-11-24,13.5,13.5,13.0,13.1875,1.0929116010665894,18600
1997-11-25,12.625,12.8125,12.5625,12.625,1.0462945699691772,45700
1997-11-26,12.875,12.9375,12.625,12.75,1.056653618812561,14600
1997-11-28,12.8125,12.8125,12.625,12.6875,1.0514740943908691,9000
1997-12-01,12.8125,12.9375,12.6875,12.9375,1.0721927881240845,31300
1997-12-02,13.125,13.1875,12.9375,13.0,1.077372431755066,45000
1997-12-03,13.0625,13.25,12.9375,13.25,1.0980913639068604,28400
1997-12-04,13.5,13.5625,13.375,13.375,1.1084505319595337,21400
1997-12-05,13.0,13.75,13.0,13.5625,1.123989462852478,114700
1997-12-08,13.6875,13.8125,13.4375,13.4375,1.1136301755905151,65600
1997-12-09,13.4375,13.4375,13.3125,13.4375,1.1136301755905151,30000
1997-12-10,13.125,13.25,13.0,13.0625,1.082552194595337,40700
1997-12-11,12.625,12.625,12.375,12.375,1.025575876235962,76400
1997-12-12,12.5,12.6875,12.5,12.5,1.0359352827072144,129400
1997-12-15,12.5,12.75,12.25,12.6875,1.0514740943908691,46400
1997-12-16,12.5625,12.6875,12.1875,12.5625,1.0411145687103271,40400
1997-12-17,12.625,12.875,12.625,12.625,1.0462945699691772,54300
1997-12-18,12.75,12.75,12.5,12.6875,1.0514740943908691,20800
1997-12-19,12.5625,12.5625,12.125,12.375,1.025575876235962,44900
1997-12-22,12.3125,12.3125,12.0,12.0625,0.9996773600578308,44000
1997-12-23,12.1875,12.3125,12.0625,12.3125,1.0203962326049805,66300
1997-12-24,11.875,11.875,11.5625,11.625,1.0041992664337158,63700
1997-12-26,11.75,11.9375,11.75,11.9375,1.0311938524246216,50300
1997-12-29,12.0,12.0,11.6875,11.6875,1.0095980167388916,23600
1997-12-30,11.75,12.1875,11.75,12.125,1.0473905801773071,88200
1997-12-31,12.0625,12.375,12.0625,12.25,1.0581884384155273,24100
1998-01-02,12.25,12.5,12.125,12.5,1.0797843933105469,14400
1998-01-05,12.25,12.25,12.0625,12.125,1.0473905801773071,17100
1998-01-06,12.0,12.0,11.5625,11.8125,1.0203957557678223,48100
1998-01-07,11.5,11.5,11.25,11.3125,0.9772048592567444,37100
1998-01-08,11.1875,11.25,11.0,11.0625,0.9556092023849487,30400
1998-01-09,10.875,10.875,10.125,10.1875,0.8800240755081177,52800
1998-01-12,9.0,9.875,8.875,9.75,0.8422316908836365,315200
1998-01-13,9.9375,10.125,9.75,9.875,0.8530296087265015,131100
1998-01-14,10.125,10.375,10.0625,10.375,0.8962205648422241,97000
1998-01-15,10.0,10.0,9.75,10.0,0.8638272881507874,67300
1998-01-16,10.125,10.5625,10.125,10.4375,0.901619553565979,58800
1998-01-20,10.5625,11.0,10.5625,10.875,0.9394122362136841,65800
1998-01-21,10.75,10.75,10.375,10.625,0.917816698551178,48700
1998-01-22,10.5,10.5,10.0,10.125,0.8746251463890076,96200
1998-01-23,10.125,10.125,10.0,10.125,0.8746251463890076,30400
1998-01-26,10.1875,10.1875,10.125,10.125,0.8746251463890076,39900
1998-01-27,10.25,10.3125,10.1875,10.3125,0.8908218741416931,45000
1998-01-28,10.25,10.4375,10.25,10.4375,0.901619553565979,50300
1998-01-29,10.5,10.9375,10.5,10.875,0.9394122362136841,29100
1998-01-30,11.0,11.25,11.0,11.25,0.9718058705329895,49700
1998-02-02,11.9375,12.0,11.8125,11.9375,1.0311938524246216,106000
1998-02-03,12.0625,12.0625,11.8125,11.875,1.0257947444915771,21600
1998-02-04,11.75,11.75,11.4375,11.6875,1.0095980167388916,19300
1998-02-05,11.625,11.6875,11.5625,11.625,1.0041992664337158,57100
1998-02-06,11.625,11.625,11.5625,11.625,1.0041992664337158,31400
1998-02-09,12.0,12.4375,12.0,12.375,1.068986415863037,75100
1998-02-10,12.4375,12.4375,12.3125,12.375,1.068986415863037,31200
1998-02-11,12.3125,12.3125,11.9375,12.0,1.0365926027297974,62600
1998-02-12,11.875,11.9375,11.75,11.9375,1.0311938524246216,62000
1998-02-13,11.6875,11.75,11.5625,11.6875,1.0095980167388916,22600
1998-02-17,11.5625,11.625,11.5,11.5625,0.9988004565238953,42200
1998-02-18,11.625,11.75,11.5625,11.6875,1.0095980167388916,26600
1998-02-19,11.5625,11.625,11.5,11.5625,0.9988004565238953,27600
1998-02-20,11.5,11.625,11.5,11.625,1.0041992664337158,20900
1998-02-23,11.625,11.6875,11.625,11.625,1.0041992664337158,8600
1998-02-24,11.75,11.8125,11.6875,11.6875,1.0095980167388916,26300
1998-02-25,11.75,11.875,11.6875,11.8125,1.0203957557678223,18800
1998-02-26,12.0,12.0,11.75,11.875,1.0257947444915771,15600
1998-02-27,12.1875,12.3125,12.1875,12.25,1.0581884384155273,58800
1998-03-02,12.25,12.375,12.125,12.125,1.0473905801773071,24800
1998-03-03,12.1875,12.1875,12.0,12.1875,1.052789568901062,5900
1998-03-04,12.0,12.0625,11.875,12.0,1.0365926027297974,8600
1998-03-05,11.75,11.75,11.5625,11.5625,0.9988004565238953,21400
1998-03-06,11.625,11.75,11.625,11.75,1.0149972438812256,20500
1998-03-09,11.625,11.625,11.5,11.625,1.0041992664337158,31700
1998-03-10,11.5,11.6875,11.375,11.5,0.993401288986206,42400
1998-03-11,11.5,11.625,11.375,11.5,0.993401288986206,37700
1998-03-12,11.375,11.375,11.125,11.1875,0.9664068222045898,36600
1998-03-13,11.3125,11.375,11.25,11.375,0.9826034903526306,27500
1998-03-16,11.375,11.4375,11.3125,11.375,0.9826034903526306,39400
1998-03-17,11.5,11.5625,11.3125,11.5,0.993401288986206,27700
1998-03-18,11.3125,11.375,11.25,11.375,0.9826034903526306,10900
1998-03-19,11.5,11.5625,11.4375,11.5,0.993401288986206,63500
1998-03-20,11.5625,11.625,11.5625,11.625,1.0041992664337158,77100
1998-03-23,11.625,11.6875,11.5625,11.6875,1.0095980167388916,24900
1998-03-24,11.6875,11.6875,11.625,11.625,1.0041992664337158,66000
1998-03-25,11.6875,11.75,11.5625,11.625,1.0041992664337158,32600
1998-03-26,11.5,11.625,11.5,11.5625,0.9988004565238953,18000
1998-03-27,11.5,11.6875,11.5,11.5625,0.9988004565238953,37000
1998-03-30,11.5,11.5,11.375,11.5,0.993401288986206,30800
1998-03-31,11.375,11.4375,11.3125,11.3125,0.9772048592567444,61400
1998-04-01,11.3125,11.3125,11.1875,11.3125,0.9772048592567444,39800
1998-04-02,11.0,11.0625,10.9375,11.0,0.9502102136611938,82800
1998-04-03,10.9375,11.125,10.9375,11.0625,0.9556092023849487,26700
1998-04-06,11.0,11.25,11.0,11.0,0.9502102136611938,111000
1998-04-07,10.9375,11.0625,10.9375,11.0,0.9502102136611938,27700
1998-04-08,11.1875,11.25,11.125,11.125,0.9610078930854797,30400
1998-04-09,11.125,11.25,11.125,11.25,0.9718058705329895,13000
1998-04-13,11.3125,11.375,11.25,11.25,0.9718058705329895,18900
1998-04-14,11.1875,11.25,11.0625,11.1875,0.9664068222045898,10900
1998-04-15,11.0625,11.25,11.0625,11.25,0.9718058705329895,33200
1998-04-16,11.125,11.125,11.0,11.0,0.9502102136611938,16100
1998-04-17,10.875,11.0,10.875,10.9375,0.9448110461235046,19400
1998-04-20,11.0625,11.0625,10.9375,11.0,0.9502102136611938,21300
1998-04-21,10.9375,11.0,10.875,11.0,0.9502102136611938,14000
1998-04-22,11.0,11.0,10.875,10.9375,0.9448110461235046,15300
1998-04-23,10.75,10.875,10.6875,10.75,0.9286143183708191,19200
1998-04-24,10.8125,10.8125,10.625,10.75,0.9286143183708191,17600
1998-04-27,10.5625,10.75,10.25,10.6875,0.9232155084609985,110100
1998-04-28,10.6875,10.75,10.5,10.5,0.9070186614990234,24900
1998-04-29,10.5,10.5,10.375,10.4375,0.901619553565979,7600
1998-04-30,10.5625,10.6875,10.5,10.6875,0.9232155084609985,25300
1998-05-01,10.75,10.875,10.6875,10.75,0.9286143183708191,9300
1998-05-04,10.75,10.75,10.4375,10.625,0.917816698551178,23600
1998-05-05,10.5,10.5,10.125,10.375,0.8962205648422241,22700
1998-05-06,10.375,10.375,10.125,10.125,0.8746251463890076,38000
1998-05-07,9.875,9.9375,9.875,9.875,0.8530296087265015,35300
1998-05-08,9.8125,10.0,9.75,9.9375,0.858428418636322,23500
1998-05-11,10.0625,10.0625,9.875,9.875,0.8530296087265015,53400
1998-05-12,9.8125,9.8125,9.375,9.5,0.8206360340118408,260100
1998-05-13,9.125,9.1875,9.0625,9.0625,0.7828436493873596,187100
1998-05-14,9.1875,9.375,9.125,9.3125,0.8044393062591553,49000
1998-05-15,9.375,9.5625,9.375,9.5625,0.8260350227355957,50800
1998-05-18,9.5,9.5,9.3125,9.5,0.8206360340118408,36700
1998-05-19,9.5625,9.8125,9.5625,9.8125,0.847630500793457,7200
1998-05-20,9.75,9.8125,9.6875,9.8125,0.847630500793457,14000
1998-05-21,9.9375,9.9375,9.875,9.9375,0.858428418636322,8700
1998-05-22,9.9375,9.9375,9.875,9.875,0.8530296087265015,4400
1998-05-26,9.8125,9.8125,9.5,9.5625,0.8260350227355957,39600
1998-05-27,9.3125,9.3125,9.125,9.25,0.7990401387214661,27600
1998-05-28,9.25,9.375,9.125,9.125,0.7882421016693115,20000
1998-05-29,9.125,9.25,9.125,9.125,0.7882421016693115,11500
1998-06-01,9.125,9.125,9.0,9.0,0.7774444818496704,21200
1998-06-02,9.0,9.0625,8.875,8.875,0.7666468024253845,62100
1998-06-03,8.8125,9.1875,8.8125,9.125,0.7882421016693115,37400
1998-06-04,9.1875,9.1875,8.9375,9.0625,0.7828436493873596,28100
1998-06-05,9.0,9.125,9.0,9.125,0.7882421016693115,11900
1998-06-08,8.75,9.0,8.75,8.875,0.7666468024253845,32500
1998-06-09,8.875,8.875,8.375,8.6875,0.7504497170448303,81200
1998-06-10,8.3125,8.4375,8.25,8.4375,0.7288542985916138,40100
1998-06-11,8.3125,8.3125,8.125,8.125,0.701859712600708,41700
1998-06-12,8.125,8.25,8.0,8.25,0.7126575112342834,34300
1998-06-15,8.125,8.125,8.0,8.0,0.6910619735717773,26000
1998-06-16,8.0,8.375,8.0,8.0625,0.6964606642723083,56100
1998-06-17,8.1875,8.875,8.1875,8.875,0.7666468024253845,73800
1998-06-18,9.0,9.25,8.8125,8.8125,0.7612476944923401,58900
1998-06-19,8.8125,9.0,8.75,9.0,0.7774444818496704,24100
1998-06-22,8.75,8.9375,8.625,8.6875,0.7504497170448303,27200
1998-06-23,8.625,8.9375,8.625,8.75,0.7558487057685852,23400
1998-06-24,8.875,8.9375,8.75,8.875,0.7666468024253845,44400
1998-06-25,9.125,9.25,8.9375,9.0625,0.7828436493873596,41100
1998-06-26,8.9375,9.1875,8.9375,9.1875,0.7936413288116455,44200
1998-06-29,9.0625,9.1875,8.875,8.875,0.7666468024253845,108000
1998-06-30,8.875,9.0,8.875,9.0,0.7774444818496704,24900
1998-07-01,9.125,9.1875,9.125,9.1875,0.7936413288116455,152500
1998-07-02,9.1875,9.25,8.9375,9.0625,0.7828436493873596,98500
1998-07-06,8.875,8.875,8.5625,8.625,0.7450512051582336,49400
1998-07-07,8.75,8.8125,8.5625,8.75,0.7558487057685852,36900
1998-07-08,8.8125,9.0,8.8125,8.9375,0.7720457911491394,99500
1998-07-09,8.9375,8.9375,8.6875,8.75,0.7558487057685852,81100
1998-07-10,8.75,8.8125,8.5625,8.75,0.7558487057685852,60100
1998-07-13,8.625,8.875,8.625,8.75,0.7558487057685852,27000
1998-07-14,8.6875,8.875,8.625,8.875,0.7666468024253845,67600
1998-07-15,9.0,9.0,8.625,8.875,0.7666468024253845,58200
1998-07-16,9.0,9.125,8.9375,9.0625,0.7828436493873596,67300
1998-07-17,9.125,9.1875,9.0625,9.125,0.7882421016693115,101600
1998-07-20,8.875,8.9375,8.625,8.6875,0.7504497170448303,67500
1998-07-21,8.6875,8.8125,8.4375,8.5,0.7342532277107239,140500
1998-07-22,8.375,8.5,8.25,8.3125,0.7180564403533936,17500
1998-07-23,8.25,8.25,7.875,8.0,0.6910619735717773,78000
1998-07-24,7.875,8.0625,7.75,7.9375,0.6856628656387329,22900
1998-07-27,7.8125,7.875,7.5,7.5625,0.653269350528717,25000
1998-07-28,7.625,7.625,7.4375,7.4375,0.6424715518951416,15400
1998-07-29,7.375,7.375,7.125,7.3125,0.6316736936569214,49500
1998-07-30,7.25,7.625,7.25,7.5625,0.653269350528717,21500
1998-07-31,7.6875,7.6875,7.4375,7.4375,0.6424715518951416,7100
1998-08-03,7.375,7.4375,7.1875,7.4375,0.6424715518951416,43000
1998-08-04,7.4375,7.4375,7.0625,7.0625,0.6100780367851257,24500
1998-08-05,7.0625,7.3125,7.0,7.0625,0.6100780367851257,33600
1998-08-06,6.9375,6.9375,6.75,6.875,0.5938813090324402,29400
1998-08-07,6.875,6.875,6.625,6.6875,0.5776845216751099,10800
1998-08-10,6.625,6.625,6.3125,6.5625,0.5668866038322449,26600
1998-08-11,6.0,6.375,6.0,6.125,0.5290942192077637,103100
1998-08-12,6.5625,6.5625,6.25,6.3125,0.5452910661697388,56200
1998-08-13,6.25,6.25,6.125,6.25,0.5398921966552734,54400
1998-08-14,6.75,6.8125,6.5,6.5,0.5614877343177795,42000
1998-08-17,6.6875,6.6875,6.375,6.5,0.5614877343177795,23900
1998-08-18,6.5,6.5,6.4375,6.5,0.5614877343177795,19200
1998-08-19,6.5,6.8125,6.5,6.75,0.5830835103988647,54300
1998-08-20,6.875,6.9375,6.875,6.9375,0.5992799997329712,56500
1998-08-21,6.6875,6.6875,6.375,6.5,0.5614877343177795,14300
1998-08-24,6.375,6.625,6.375,6.625,0.5722857117652893,13600
1998-08-25,6.75,6.875,6.5,6.625,0.5722857117652893,12600
1998-08-26,6.5625,6.5625,6.125,6.25,0.5398921966552734,20900
1998-08-27,6.1875,6.1875,5.9375,6.0,0.5182963013648987,25100
1998-08-28,6.0,6.0,5.625,5.875,0.5074986219406128,40100
1998-08-31,5.5,5.6875,5.25,5.25,0.4535093307495117,54100
1998-09-01,4.9375,5.25,4.9375,5.25,0.4535093307495117,58200
1998-09-02,5.375,5.4375,5.25,5.3125,0.458908349275589,37100
1998-09-03,5.4375,5.4375,5.125,5.3125,0.458908349275589,68400
1998-09-04,5.5,5.625,5.4375,5.5,0.4751051068305969,39400
1998-09-08,7.0,7.375,6.75,7.0,0.6046789884567261,149300
1998-09-09,6.9375,6.9375,6.375,6.375,0.5506898164749146,24100
1998-09-10,6.5,6.5,6.0,6.375,0.5506898164749146,18300
1998-09-11,6.0625,6.1875,6.0625,6.1875,0.5344932079315186,20100
1998-09-14,6.1875,6.625,6.1875,6.625,0.5722857117652893,13700
1998-09-15,7.0,7.0,6.75,6.75,0.5830835103988647,25800
1998-09-16,6.875,7.0,6.8125,7.0,0.6046789884567261,33700
1998-09-17,6.6875,7.3125,6.6875,7.125,0.6154770851135254,100300
1998-09-18,7.125,7.125,6.875,6.9375,0.5992799997329712,42300
1998-09-21,6.625,6.875,6.5,6.75,0.5830835103988647,23500
1998-09-22,6.6875,6.875,6.6875,6.8125,0.5884822010993958,8500
1998-09-23,6.875,7.0,6.875,7.0,0.6046789884567261,60500
1998-09-24,7.125,7.1875,7.0,7.0,0.6046789884567261,80300
1998-09-25,6.9375,7.125,6.9375,7.0,0.6046789884567261,14000
1998-09-28,7.25,7.4375,7.25,7.375,0.6370725035667419,41200
1998-09-29,7.3125,7.375,7.25,7.25,0.6262747645378113,18900
1998-09-30,7.1875,7.1875,7.125,7.1875,0.620875895023346,14300
1998-10-01,7.1875,7.1875,7.0,7.0,0.6046789884567261,12100
1998-10-02,7.0,7.0,6.625,6.9375,0.5992799997329712,90900
1998-10-05,6.625,6.75,6.5,6.625,0.5722857117652893,54700
1998-10-06,6.75,7.0,6.75,6.875,0.5938813090324402,110600
1998-10-07,6.875,6.875,6.625,6.75,0.5830835103988647,39900
1998-10-08,6.625,6.8125,6.625,6.75,0.5830835103988647,18200
1998-10-09,7.0625,7.4375,7.0625,7.3125,0.6316736936569214,43400
1998-10-12,7.75,7.9375,7.625,7.875,0.6802641153335571,52100
1998-10-13,7.75,7.875,7.75,7.875,0.6802641153335571,47800
1998-10-14,7.75,7.9375,7.75,7.875,0.6802641153335571,23200
1998-10-15,8.0,8.625,8.0,8.5,0.7342532277107239,57200
1998-10-16,8.6875,8.875,8.5,8.75,0.7558487057685852,47200
1998-10-19,8.5,8.75,8.5,8.6875,0.7504497170448303,90600
1998-10-20,8.75,8.8125,8.6875,8.75,0.7558487057685852,94000
1998-10-21,8.625,8.8125,8.5,8.8125,0.7612476944923401,13700
1998-10-22,8.875,8.875,8.625,8.625,0.7450512051582336,14300
1998-10-23,8.6875,8.6875,8.4375,8.5625,0.7396520972251892,17100
1998-10-26,8.5,8.5625,8.375,8.5625,0.7396520972251892,16400
1998-10-27,8.5625,8.6875,8.5625,8.625,0.7450512051582336,6100
1998-10-28,8.375,8.5,8.375,8.5,0.7342532277107239,36400
1998-10-29,8.5,8.5625,8.5,8.5625,0.7396520972251892,16100
1998-10-30,8.625,8.75,8.625,8.75,0.7558487057685852,41900
1998-11-02,8.875,9.0,8.75,9.0,0.7774444818496704,51100
1998-11-03,9.125,9.375,9.125,9.3125,0.8044393062591553,39400
1998-11-04,9.4375,9.875,9.4375,9.625,0.831433892250061,77900
1998-11-05,9.5,9.5625,9.3125,9.3125,0.8044393062591553,21800
1998-11-06,9.4375,9.5,9.25,9.25,0.7990401387214661,117700
1998-11-09,9.375,9.375,9.125,9.125,0.7882421016693115,17100
1998-11-10,8.9375,9.0,8.8125,8.8125,0.7612476944923401,18900
1998-11-11,9.125,9.1875,9.125,9.125,0.7882421016693115,10600
1998-11-12,9.0,9.0625,8.875,8.9375,0.7720457911491394,41000
1998-11-13,8.9375,8.9375,8.6875,8.75,0.7558487057685852,12500
1998-11-16,9.0,9.125,8.9375,8.9375,0.7720457911491394,41200
1998-11-17,8.9375,9.0,8.75,8.875,0.7666468024253845,29400
1998-11-18,8.875,8.9375,8.8125,8.9375,0.7720457911491394,42700
1998-11-19,9.0,9.4375,9.0,9.4375,0.8152370452880859,55300
1998-11-20,9.5625,9.5625,9.375,9.5,0.8206360340118408,30000
1998-11-23,9.4375,9.5625,9.3125,9.3125,0.8044393062591553,27800
1998-11-24,9.4375,9.5,9.3125,9.375,0.809838056564331,17700
1998-11-25,9.3125,9.5625,9.3125,9.5,0.8206360340118408,60800
1998-11-27,9.375,9.4375,9.25,9.3125,0.8044393062591553,6500
1998-11-30,9.0625,9.0625,8.75,8.8125,0.7612476944923401,121300
1998-12-01,8.6875,8.75,8.5,8.75,0.7558487057685852,49000
1998-12-02,8.625,8.6875,8.5,8.625,0.7450512051582336,25400
1998-12-03,8.5,8.6875,8.5,8.5625,0.7396520972251892,39800
1998-12-04,8.4375,8.75,8.4375,8.6875,0.7504497170448303,53700
1998-12-07,8.75,8.875,8.25,8.625,0.7450512051582336,46600
1998-12-08,8.5,8.5,8.375,8.375,0.7234553694725037,30700
1998-12-09,8.375,8.5625,8.375,8.375,0.7234553694725037,33100
1998-12-10,8.4375,8.4375,8.1875,8.3125,0.7180564403533936,37800
1998-12-11,8.1875,8.25,8.0,8.0,0.6910619735717773,45800
1998-12-14,7.9375,8.0,7.9375,8.0,0.6910619735717773,24200
1998-12-15,8.0625,8.125,8.0,8.125,0.701859712600708,24500
1998-12-16,8.0625,8.125,8.0625,8.125,0.701859712600708,10400
1998-12-17,8.125,8.1875,8.0,8.0,0.6910619735717773,23400
1998-12-18,8.0625,8.1875,8.0,8.0625,0.6964606642723083,58800
1998-12-21,8.0,8.125,8.0,8.125,0.701859712600708,62200
1998-12-22,8.125,8.125,7.875,7.9375,0.6856628656387329,40200
1998-12-23,8.0,8.0,7.875,8.0,0.6910619735717773,72400
1998-12-24,8.0,8.1875,7.875,7.9375,0.6856628656387329,54300
1998-12-28,7.875,8.3125,7.875,8.25,0.7217504978179932,78500
1998-12-29,8.25,8.375,8.0625,8.25,0.7217504978179932,141600
1998-12-30,8.25,8.25,8.0625,8.1875,0.7162826657295227,60700
1998-12-31,8.0625,8.25,8.0,8.25,0.7217504978179932,65200
1999-01-04,8.375,8.375,8.0,8.25,0.7217504978179932,106700
1999-01-05,8.25,8.5625,8.25,8.4375,0.7381539344787598,100300
1999-01-06,8.75,8.875,8.6875,8.8125,0.7709606289863586,69300
1999-01-07,8.9375,8.9375,8.6875,8.8125,0.7709606289863586,66400
1999-01-08,8.875,8.875,8.625,8.6875,0.7600250244140625,41400
1999-01-11,8.75,8.75,8.5625,8.625,0.7545572519302368,70800
1999-01-12,8.5,8.5,8.3125,8.3125,0.7272182703018188,115000
1999-01-13,8.125,8.125,7.75,8.0,0.6998793482780457,71900
1999-01-14,7.875,8.0,7.75,7.875,0.6889435648918152,64800
1999-01-15,7.8125,8.1875,7.8125,8.1875,0.7162826657295227,35000
1999-01-19,8.25,8.3125,7.875,8.0,0.6998793482780457,52600
1999-01-20,8.0,8.0,7.5625,7.625,0.6670724153518677,93300
1999-01-21,7.5,7.5,7.3125,7.5,0.656136691570282,49700
1999-01-22,7.375,7.4375,7.0625,7.0625,0.6178621053695679,80700
1999-01-25,7.0,7.0,6.625,7.0,0.6123942732810974,78800
1999-01-26,7.0,7.25,6.9375,7.125,0.6233300566673279,43600
1999-01-27,7.125,7.25,7.0,7.0625,0.6178621053695679,98900
1999-01-28,7.0,7.0,6.875,6.9375,0.6069263815879822,31800
1999-01-29,7.0,7.0,6.9375,7.0,0.6123942732810974,31200
1999-02-01,6.8125,7.0625,6.8125,7.0,0.6123942732810974,45900
1999-02-02,7.0,7.125,7.0,7.0625,0.6178621053695679,27800
1999-02-03,6.875,7.0625,6.875,7.0,0.6123942732810974,27000
1999-02-04,7.0625,7.0625,6.8125,6.8125,0.595990777015686,60400
1999-02-05,6.8125,7.0,6.8125,7.0,0.6123942732810974,126800
1999-02-08,6.9375,7.0,6.875,7.0,0.6123942732810974,50000
1999-02-09,6.9375,7.0,6.9375,6.9375,0.6069263815879822,11300
1999-02-10,6.8125,6.9375,6.75,6.9375,0.6069263815879822,18900
1999-02-11,6.9375,7.125,6.875,7.0,0.6123942732810974,16900
1999-02-12,7.0,7.25,7.0,7.25,0.6342656016349792,126800
1999-02-16,7.125,7.25,7.0625,7.0625,0.6178621053695679,53000
1999-02-17,7.1875,7.3125,7.125,7.3125,0.6397334337234497,18100
1999-02-18,7.1875,7.1875,7.125,7.1875,0.6287978291511536,8500
1999-02-19,7.0625,7.1875,7.0,7.0,0.6123942732810974,24200
1999-02-22,7.0625,7.1875,7.0,7.0,0.6123942732810974,29200
1999-02-23,7.0,7.0625,7.0,7.0,0.6123942732810974,17800
1999-02-24,7.0,7.1875,7.0,7.0625,0.6178621053695679,32700
1999-02-25,7.0,7.125,6.75,6.875,0.6014586687088013,72100
1999-02-26,7.0625,7.0625,6.9375,6.9375,0.6069263815879822,39500
1999-03-01,7.0,7.125,7.0,7.0,0.6123942732810974,33300
1999-03-02,6.9375,7.0,6.875,6.9375,0.6069263815879822,19800
1999-03-03,7.0,7.0,6.8125,6.8125,0.595990777015686,15900
1999-03-04,6.8125,7.0,6.8125,6.8125,0.595990777015686,13000
1999-03-05,6.875,7.0,6.875,7.0,0.6123942732810974,49300
1999-03-08,6.875,7.1875,6.875,7.1875,0.6287978291511536,50600
1999-03-09,7.1875,7.25,7.1875,7.1875,0.6287978291511536,20800
1999-03-10,7.25,7.5,7.0625,7.3125,0.6397334337234497,26100
1999-03-11,7.1875,7.375,7.1875,7.1875,0.6287978291511536,19000
1999-03-12,7.3125,7.375,7.25,7.3125,0.6397334337234497,15600
1999-03-15,7.375,7.5,7.25,7.25,0.6342656016349792,56700
1999-03-16,7.125,7.25,7.0,7.125,0.6233300566673279,38400
1999-03-17,7.0625,7.25,7.0625,7.125,0.6233300566673279,19600
1999-03-18,7.0625,7.25,7.0,7.25,0.6342656016349792,57600
1999-03-19,7.25,7.375,7.25,7.375,0.6452009081840515,33300
1999-03-22,7.5,7.6875,7.5,7.6875,0.6725403666496277,39500
1999-03-23,7.5625,7.5625,7.5625,7.5625,0.6616045832633972,9600
1999-03-24,7.3125,7.5,7.3125,7.5,0.656136691570282,19500
1999-03-25,7.5625,7.75,7.5625,7.625,0.6670724153518677,9800
1999-03-26,7.625,8.0,7.625,7.875,0.6889435648918152,37600
1999-03-29,7.875,8.125,7.8125,8.0,0.6998793482780457,22300
1999-03-30,7.875,7.9375,7.75,7.9375,0.6944113969802856,18400
1999-03-31,7.8125,7.8125,7.75,7.75,0.678007960319519,5200
1999-04-01,7.75,7.9375,7.75,7.8125,0.6834756731987,4000
1999-04-05,7.75,7.9375,7.6875,7.9375,0.6944113969802856,18500
1999-04-06,7.875,8.0,7.875,7.875,0.6889435648918152,22800
1999-04-07,8.0,8.375,8.0,8.1875,0.7162826657295227,41000
1999-04-08,8.5,8.5,8.25,8.4375,0.7381539344787598,65800
1999-04-09,8.625,8.625,8.25,8.375,0.7326861023902893,29200
1999-04-12,8.5,8.5,8.0625,8.1875,0.7162826657295227,24200
1999-04-13,8.25,8.3125,8.25,8.25,0.7217504978179932,8100
1999-04-14,8.375,8.5,8.125,8.125,0.7108147740364075,12900
1999-04-15,8.375,8.5,8.3125,8.5,0.7436214685440063,17900
1999-04-16,8.625,8.8125,8.625,8.8125,0.7709606289863586,59400
1999-04-19,8.8125,9.0,8.625,8.625,0.7545572519302368,46500
1999-04-20,8.5625,8.75,8.5625,8.625,0.7545572519302368,18000
1999-04-21,8.75,8.9375,8.75,8.875,0.7764284610748291,61300
1999-04-22,9.0,9.1875,9.0,9.1875,0.8037672638893127,45100
1999-04-23,9.125,9.1875,9.0,9.1875,0.8037672638893127,32100
1999-04-26,9.3125,9.5,9.3125,9.375,0.8201708793640137,13700
1999-04-27,9.5,9.5625,9.4375,9.4375,0.8256388306617737,24200
1999-04-28,9.4375,9.4375,9.125,9.3125,0.8147032260894775,42900
1999-04-29,9.25,9.4375,9.25,9.375,0.8201708793640137,10800
1999-04-30,9.375,9.625,9.375,9.4375,0.8256388306617737,20000
1999-05-03,9.5625,9.875,9.5625,9.6875,0.8475098609924316,36000
1999-05-04,9.6875,9.875,9.375,9.625,0.8420422077178955,21200
1999-05-05,9.75,9.75,9.5625,9.5625,0.8365744352340698,15600
1999-05-06,9.875,9.9375,9.8125,9.8125,0.8584456443786621,36000
1999-05-07,9.75,9.875,9.625,9.75,0.8529776930809021,53400
1999-05-10,9.75,10.0,9.75,10.0,0.8748490214347839,96400
1999-05-11,9.875,10.125,9.875,10.0,0.8748490214347839,74500
1999-05-12,10.0,10.125,9.75,9.75,0.8529776930809021,71700
1999-05-13,9.8125,10.0,9.8125,9.875,0.8639135956764221,6800
1999-05-14,9.4375,9.625,9.375,9.5,0.8311064839363098,53700
1999-05-17,9.4375,9.4375,9.375,9.4375,0.8256388306617737,10400
1999-05-18,9.5,9.75,9.4375,9.4375,0.8256388306617737,52700
1999-05-19,9.4375,9.5,9.4375,9.5,0.8311064839363098,82100
1999-05-20,9.375,9.4375,9.3125,9.375,0.8201708793640137,34700
1999-05-21,9.25,9.3125,9.125,9.25,0.8092353940010071,58000
1999-05-24,9.3125,9.375,9.0625,9.1875,0.8037672638893127,31900
1999-05-25,9.0625,9.1875,9.0625,9.125,0.7982994914054871,69900
1999-05-26,9.125,9.1875,9.0625,9.1875,0.8037672638893127,76700
1999-05-27,9.125,9.3125,9.125,9.25,0.8092353940010071,64500
1999-05-28,9.25,9.25,9.0625,9.1875,0.8037672638893127,61600
1999-06-01,9.3125,9.375,9.25,9.3125,0.8147032260894775,29400
1999-06-02,9.3125,9.3125,9.25,9.25,0.8092353940010071,46700
1999-06-03,9.25,9.25,9.1875,9.25,0.8092353940010071,17600
1999-06-04,9.25,9.375,9.25,9.25,0.8092353940010071,17800
1999-06-07,9.375,9.375,9.25,9.375,0.8201708793640137,73800
1999-06-08,9.5,9.75,9.4375,9.5,0.8311064839363098,67400
1999-06-09,9.625,9.625,9.5,9.5,0.8311064839363098,2500
1999-06-10,9.875,10.0,9.75,9.75,0.8529776930809021,29700
1999-06-11,9.875,10.25,9.875,10.125,0.8857846856117249,50600
1999-06-14,10.5,10.75,10.5,10.625,0.9295271635055542,59000
1999-06-15,10.5,10.625,10.375,10.5,0.9185915589332581,31700
1999-06-16,10.75,10.9375,10.75,10.875,0.9513981938362122,61100
1999-06-17,11.0,11.25,11.0,11.25,0.9842051863670349,25400
1999-06-18,11.3125,11.375,11.25,11.375,0.9951406717300415,13200
1999-06-21,11.5,11.625,11.5,11.625,1.0170120000839233,81900
1999-06-22,11.625,12.125,11.5,11.6875,1.0224798917770386,58100
1999-06-23,11.625,12.0,11.625,11.6875,1.0224798917770386,28400
1999-06-24,11.75,11.8125,11.5,11.5,1.0060763359069824,26100
1999-06-25,11.625,11.625,11.4375,11.4375,1.0006083250045776,17900
1999-06-28,11.75,12.1875,11.75,12.0,1.049818515777588,47600
1999-06-29,12.125,12.1875,11.8125,12.0625,1.0552866458892822,58700
1999-06-30,12.0,12.375,11.9375,12.3125,1.0771580934524536,40400
1999-07-01,12.1875,12.4375,12.0,12.4375,1.0880934000015259,22600
1999-07-02,12.5,12.5,12.125,12.1875,1.0662221908569336,35400
1999-07-06,12.0,12.4375,12.0,12.125,1.0607545375823975,56000
1999-07-07,12.125,12.25,11.875,11.9375,1.0443511009216309,56100
1999-07-08,11.8125,11.9375,11.75,11.875,1.0388829708099365,22700
1999-07-09,11.75,12.0,11.75,12.0,1.049818515777588,21600
1999-07-12,12.0625,12.0625,11.9375,11.9375,1.0443511009216309,54300
1999-07-13,11.875,11.875,11.0625,11.5625,1.011544108390808,55600
1999-07-14,11.4375,11.5625,11.3125,11.5,1.0060763359069824,38200
1999-07-15,11.375,11.5,11.375,11.375,0.9951406717300415,13900
1999-07-16,11.25,11.375,11.25,11.25,0.9842051863670349,27000
1999-07-19,11.0,11.1875,10.9375,11.0,0.9623340368270874,51900
1999-07-20,11.125,11.1875,11.0625,11.125,0.9732694625854492,45600
1999-07-21,11.125,11.3125,11.125,11.25,0.9842051863670349,32600
1999-07-22,11.1875,11.25,11.0625,11.1875,0.9787372350692749,31700
1999-07-23,11.0,11.0,10.8125,10.9375,0.9568660259246826,33800
1999-07-26,10.6875,10.6875,10.25,10.5,0.9185915589332581,42000
1999-07-27,10.5,10.75,10.5,10.75,0.9404627680778503,20700
1999-07-28,10.8125,10.875,10.75,10.75,0.9404627680778503,18200
1999-07-29,10.875,10.875,10.75,10.75,0.9404627680778503,13000
1999-07-30,10.875,10.9375,10.875,10.9375,0.9568660259246826,21700
1999-08-02,11.0,11.125,11.0,11.0625,0.9678016901016235,106800
1999-08-03,11.0625,11.125,11.0,11.0625,0.9678016901016235,47500
1999-08-04,11.0,11.0625,11.0,11.0,0.9623340368270874,10100
1999-08-05,10.9375,10.9375,10.6875,10.6875,0.9349949955940247,22500
1999-08-06,10.625,10.625,10.625,10.625,0.9295271635055542,4000
1999-08-09,10.5,10.5,10.25,10.4375,0.9131236672401428,33400
1999-08-10,10.1875,10.25,9.75,10.0,0.8748490214347839,67100
1999-08-11,9.875,10.0,9.75,10.0,0.8748490214347839,9900
1999-08-12,10.0,10.125,9.875,9.9375,0.8693811893463135,28300
1999-08-13,9.9375,9.9375,9.875,9.9375,0.8693811893463135,14600
1999-08-16,10.0,10.0,9.8125,9.875,0.8639135956764221,10000
1999-08-17,9.9375,9.9375,9.875,9.875,0.8639135956764221,23900
1999-08-18,10.0,10.0625,9.9375,10.0625,0.8803168535232544,27600
1999-08-19,10.125,10.4375,10.125,10.4375,0.9131236672401428,9900
1999-08-20,10.5625,10.875,10.5625,10.875,0.9513981938362122,31000
1999-08-23,11.0,11.0,10.875,11.0,0.9623340368270874,76300
1999-08-24,10.9375,11.0,10.875,10.9375,0.9568660259246826,7000
1999-08-25,10.9375,10.9375,10.875,10.9375,0.9568660259246826,15000
1999-08-26,11.0625,11.0625,10.9375,11.0,0.9623340368270874,28500
1999-08-27,10.875,10.875,10.625,10.75,0.9404627680778503,15000
1999-08-30,10.875,11.1875,10.875,10.9375,0.9568660259246826,17200
1999-08-31,10.9375,10.9375,10.875,10.9375,0.9568660259246826,23900
1999-09-01,10.75,10.875,10.75,10.875,0.9513981938362122,20800
1999-09-02,10.75,10.75,10.5625,10.5625,0.9240592122077942,34300
1999-09-03,10.625,10.8125,10.625,10.75,0.9404627680778503,14500
1999-09-07,10.75,10.9375,10.625,10.875,0.9513981938362122,46200
1999-09-08,10.875,10.875,10.8125,10.8125,0.9459304809570312,11300
1999-09-09,11.0625,11.25,11.0625,11.25,0.9842051863670349,33000
1999-09-10,11.25,11.375,11.1875,11.375,0.9951406717300415,13500
1999-09-13,11.5,11.5625,11.4375,11.5,1.0060763359069824,38900
1999-09-14,11.375,11.4375,11.3125,11.375,0.9951406717300415,36000
1999-09-15,11.125,11.125,11.0625,11.0625,0.9678016901016235,26700
1999-09-16,11.0,11.0,10.6875,10.6875,0.9349949955940247,5100
1999-09-17,10.75,11.0625,10.75,11.0625,0.9678016901016235,74900
1999-09-20,10.9375,10.9375,10.8125,10.9375,0.9568660259246826,23900
1999-09-21,10.875,10.875,10.75,10.75,0.9404627680778503,3100
1999-09-22,10.75,10.9375,10.75,10.8125,0.9459304809570312,24000
1999-09-23,10.6875,10.6875,10.5625,10.6875,0.9349949955940247,21500
1999-09-24,10.5625,10.5625,10.25,10.3125,0.9021880030632019,78300
1999-09-27,10.25,10.25,10.0625,10.25,0.8967201709747314,30400
1999-09-28,10.125,10.25,10.0625,10.25,0.8967201709747314,12900
1999-09-29,10.125,10.25,10.0625,10.25,0.8967201709747314,14300
1999-09-30,10.125,10.25,10.125,10.25,0.8967201709747314,35500
1999-10-01,10.1875,10.1875,10.0625,10.1875,0.8912524580955505,13400
1999-10-04,10.25,10.4375,10.25,10.4375,0.9131236672401428,22400
1999-10-05,10.25,10.375,10.25,10.25,0.8967201709747314,27600
1999-10-06,10.375,10.375,10.25,10.25,0.8967201709747314,4900
1999-10-07,10.375,10.4375,10.3125,10.3125,0.9021880030632019,10800
1999-10-08,10.3125,10.4375,10.3125,10.4375,0.9131236672401428,37500
1999-10-11,10.3125,10.3125,10.1875,10.25,0.8967201709747314,9200
1999-10-12,10.0,10.0,9.875,9.9375,0.8693811893463135,35500
1999-10-13,9.8125,9.8125,9.625,9.6875,0.8475098609924316,12300
1999-10-14,9.6875,9.8125,9.6875,9.75,0.8529776930809021,6800
1999-10-15,9.625,9.625,9.375,9.5625,0.8365744352340698,6300
1999-10-18,9.5,9.5625,9.25,9.3125,0.8147032260894775,30400
1999-10-19,9.25,9.375,9.125,9.25,0.8092353940010071,7200
1999-10-20,9.125,9.5,9.125,9.3125,0.8147032260894775,13600
1999-10-21,9.25,9.25,9.125,9.125,0.7982994914054871,12000
1999-10-22,9.25,9.375,9.1875,9.3125,0.8147032260894775,28900
1999-10-25,9.3125,9.6875,9.3125,9.4375,0.8256388306617737,73800
1999-10-26,9.4375,9.625,9.375,9.5,0.8311064839363098,18600
1999-10-27,9.5,9.5,9.375,9.4375,0.8256388306617737,4500
1999-10-28,9.625,10.25,9.625,9.875,0.8639135956764221,93400
1999-10-29,10.0,10.125,9.8125,9.9375,0.8693811893463135,8900
1999-11-01,9.9375,9.9375,9.5625,9.5625,0.8365744352340698,10500
1999-11-02,9.625,9.8125,9.5625,9.6875,0.8475098609924316,14400
1999-11-03,9.5625,10.0,9.5625,9.8125,0.8584456443786621,17700
1999-11-04,9.9375,10.5,9.875,10.25,0.8967201709747314,52200
1999-11-05,10.3125,10.5625,10.25,10.375,0.9076555967330933,23800
1999-11-08,10.3125,10.5,10.25,10.5,0.9185915589332581,15300
1999-11-09,10.4375,10.5,10.375,10.375,0.9076555967330933,17400
1999-11-10,10.5,10.875,10.5,10.625,0.9295271635055542,23700
1999-11-11,10.6875,10.6875,10.4375,10.5625,0.9240592122077942,11500
1999-11-12,10.5,10.5625,10.375,10.5,0.9185915589332581,11000
1999-11-15,10.9375,11.375,10.9375,11.25,0.9842051863670349,178500
1999-11-16,11.625,11.75,11.5625,11.625,1.0170120000839233,83100
1999-11-17,11.75,12.0,11.5,11.625,1.0170120000839233,156900
1999-11-18,12.125,12.125,11.5,11.625,1.0170120000839233,115000
1999-11-19,11.5,11.8125,11.375,11.625,1.0170120000839233,41900
1999-11-22,11.8125,11.8125,11.625,11.625,1.0170120000839233,52900
1999-11-23,11.5,11.5,10.75,11.0,0.9623340368270874,69400
1999-11-24,11.0625,11.0625,10.75,10.875,0.9513981938362122,17900
1999-11-26,10.9375,10.9375,10.75,10.75,0.9404627680778503,22500
1999-11-29,10.625,10.625,10.375,10.5,0.9185915589332581,16900
1999-11-30,10.625,10.75,10.4375,10.625,0.9295271635055542,19700
1999-12-01,10.5,10.6875,10.375,10.6875,0.9349949955940247,19700
1999-12-02,10.625,10.875,10.5625,10.6875,0.9349949955940247,12300
1999-12-03,10.8125,11.0,10.6875,11.0,0.9623340368270874,32900
1999-12-06,11.125,11.125,10.875,10.9375,0.9568660259246826,57800
1999-12-07,11.1875,11.1875,10.8125,10.8125,0.9459304809570312,18800
1999-12-08,10.9375,10.9375,10.5,10.75,0.9404627680778503,23900
1999-12-09,10.875,10.875,10.5625,10.75,0.9404627680778503,53800
1999-12-10,10.9375,10.9375,10.6875,10.6875,0.9349949955940247,19600
1999-12-13,10.625,10.875,10.625,10.625,0.9295271635055542,16900
1999-12-14,10.5,10.5,10.25,10.25,0.8967201709747314,39000
1999-12-15,10.0625,10.1875,10.0,10.1875,0.8912524580955505,30100
1999-12-16,10.3125,10.3125,10.0,10.0625,0.8803168535232544,18100
1999-12-17,10.0625,10.25,10.0625,10.0625,0.8803168535232544,18400
1999-12-20,10.1875,10.5,10.1875,10.5,0.9185915589332581,69800
1999-12-21,10.5,10.5,10.25,10.375,0.9076555967330933,9400
1999-12-22,10.5,10.5625,10.4375,10.4375,0.9131236672401428,23400
1999-12-23,10.5625,10.75,10.4375,10.625,0.9295271635055542,59100
1999-12-27,10.625,10.625,10.375,10.4375,0.9131236672401428,13600
1999-12-28,10.375,10.8125,10.375,10.5,0.9274774789810181,58700
1999-12-29,10.625,10.875,10.5,10.5625,0.9329983592033386,22900
1999-12-30,10.6875,11.0,10.375,10.6875,0.9440396428108215,22300
1999-12-31,10.5625,10.625,10.4375,10.625,0.9385189414024353,24300
2000-01-03,11.0,11.0625,10.75,10.875,0.9606014490127563,22900
2000-01-04,11.0625,11.0625,10.6875,10.6875,0.9440396428108215,54200
2000-01-05,10.5625,10.5625,10.1875,10.4375,0.9219567179679871,48700
2000-01-06,10.4375,10.4375,10.1875,10.1875,0.8998738527297974,47400
2000-01-07,10.6875,10.6875,10.5,10.5,0.9274774789810181,29600
2000-01-10,10.5625,10.9375,10.5625,10.8125,0.9550809860229492,21300
2000-01-11,10.75,10.8125,10.625,10.625,0.9385189414024353,27900
2000-01-12,10.8125,10.875,10.5,10.625,0.9385189414024353,53800
2000-01-13,11.125,11.125,10.625,10.6875,0.9440396428108215,57600
2000-01-14,10.8125,11.0,10.625,10.8125,0.9550809860229492,30200
2000-01-18,10.875,10.875,10.625,10.6875,0.9440396428108215,58600
2000-01-19,10.8125,10.8125,10.375,10.5,0.9274774789810181,15900
2000-01-20,10.5,10.5,10.25,10.5,0.9274774789810181,12500
2000-01-21,10.5,10.5,10.1875,10.25,0.9053946137428284,42900
2000-01-24,10.125,10.25,10.0,10.0,0.8833119869232178,40400
2000-01-25,10.0,10.25,10.0,10.125,0.8943531513214111,11100
2000-01-26,10.25,10.3125,10.0625,10.0625,0.8888326287269592,83600
2000-01-27,10.1875,10.3125,10.1875,10.25,0.9053946137428284,45200
2000-01-28,10.3125,10.3125,10.25,10.25,0.9053946137428284,8000
2000-01-31,10.0625,10.375,10.0625,10.3125,0.9109153747558594,72800
2000-02-01,10.375,10.375,10.125,10.1875,0.8998738527297974,20900
2000-02-02,10.0625,10.25,10.0625,10.25,0.9053946137428284,47200
2000-02-03,10.25,10.4375,10.25,10.4375,0.9219567179679871,13400
2000-02-04,10.5,10.5625,10.4375,10.5625,0.9329983592033386,26000
2000-02-07,10.5625,10.75,10.375,10.375,0.9164360761642456,29000
2000-02-08,10.5625,10.625,10.5,10.5625,0.9329983592033386,16900
2000-02-09,10.5,10.625,10.375,10.5,0.9274774789810181,37500
2000-02-10,10.5,10.5625,10.5,10.5,0.9274774789810181,32000
2000-02-11,10.5625,10.6875,10.5625,10.5625,0.9329983592033386,39200
2000-02-14,10.625,10.625,10.3125,10.375,0.9164360761642456,36700
2000-02-15,10.4375,10.5625,10.4375,10.5625,0.9329983592033386,38200
2000-02-16,10.5,10.625,10.4375,10.625,0.9385189414024353,29100
2000-02-17,10.6875,10.875,10.6875,10.75,0.9495602250099182,24600
2000-02-18,10.875,11.0,10.75,10.75,0.9495602250099182,83400
2000-02-22,10.5,10.5,10.25,10.375,0.9164360761642456,42700
2000-02-23,10.375,10.4375,10.375,10.375,0.9164360761642456,12500
2000-02-24,10.375,10.375,10.1875,10.25,0.9053946137428284,50300
2000-02-25,10.0625,10.375,10.0625,10.375,0.9164360761642456,39100
2000-02-28,10.125,10.1875,10.0,10.125,0.8943531513214111,153300
2000-02-29,10.0,10.0625,9.875,9.9375,0.8777911067008972,28200
2000-03-01,9.875,10.25,9.75,9.9375,0.8777911067008972,32700
2000-03-02,9.75,10.0625,9.6875,10.0,0.8833119869232178,52000
2000-03-03,9.875,10.25,9.875,10.125,0.8943531513214111,40400
2000-03-06,10.3125,10.75,10.3125,10.6875,0.9440396428108215,102500
2000-03-07,10.75,10.75,10.5625,10.5625,0.9329983592033386,44900
2000-03-08,10.5625,10.6875,10.5,10.5625,0.9329983592033386,38600
2000-03-09,10.6875,10.6875,10.375,10.375,0.9164360761642456,21200
2000-03-10,10.625,10.625,10.5,10.5,0.9274774789810181,61500
2000-03-13,10.375,10.375,9.8125,10.1875,0.8998738527297974,40000
2000-03-14,10.0625,10.1875,10.0,10.0,0.8833119869232178,25900
2000-03-15,9.875,10.0,9.75,10.0,0.8833119869232178,54100
2000-03-16,10.0,10.0625,9.9375,10.0,0.8833119869232178,22900
2000-03-17,10.125,10.5,10.125,10.25,0.9053946137428284,27100
2000-03-20,10.1875,10.25,10.0625,10.0625,0.8888326287269592,29100
2000-03-21,10.0625,10.125,10.0625,10.0625,0.8888326287269592,13100
2000-03-22,9.8125,10.0,9.8125,9.875,0.8722703456878662,81600
2000-03-23,10.0,10.125,10.0,10.0625,0.8888326287269592,34300
2000-03-24,10.0625,10.125,10.0,10.0625,0.8888326287269592,33900
2000-03-27,10.25,10.5,10.25,10.5,0.9274774789810181,30300
2000-03-28,10.5,10.6875,10.5,10.5625,0.9329983592033386,35400
2000-03-29,10.5625,10.5625,10.5,10.5,0.9274774789810181,48000
2000-03-30,10.4375,10.4375,10.3125,10.375,0.9164360761642456,11800
2000-03-31,10.375,10.5625,10.3125,10.5625,0.9329983592033386,70400
2000-04-03,10.5,10.5,10.1875,10.25,0.9053946137428284,10200
2000-04-04,10.125,10.125,9.75,9.75,0.8612290024757385,26300
2000-04-05,9.75,9.875,9.6875,9.75,0.8612290024757385,36200
2000-04-06,9.75,10.0,9.75,10.0,0.8833119869232178,13700
2000-04-07,10.0625,10.125,10.0625,10.125,0.8943531513214111,9200
2000-04-10,10.0,10.0625,9.8125,9.8125,0.8667497634887695,13500
2000-04-11,9.8125,9.8125,9.6875,9.8125,0.8667497634887695,9100
2000-04-12,9.75,9.75,9.6875,9.6875,0.8557083606719971,18000
2000-04-13,9.6875,9.75,9.5625,9.6875,0.8557083606719971,30800
2000-04-14,9.5625,9.625,9.25,9.25,0.8170635104179382,38300
2000-04-17,9.125,9.125,8.5,8.875,0.7839392423629761,26800
2000-04-18,9.0,9.375,9.0,9.1875,0.8115428686141968,14500
2000-04-19,9.125,9.375,9.0,9.0,0.7949808239936829,10500
2000-04-20,9.0625,9.0625,9.0,9.0625,0.8005012273788452,45800
2000-04-24,9.0625,9.125,8.8125,8.9375,0.7894599437713623,65700
2000-04-25,9.0,9.0,8.875,8.9375,0.7894599437713623,19300
2000-04-26,8.9375,9.5,8.8125,9.0,0.7949808239936829,5700
2000-04-27,8.875,9.125,8.875,9.0625,0.8005012273788452,36400
2000-04-28,9.0,9.125,8.9375,9.0,0.7949808239936829,6700
2000-05-01,9.0,9.125,8.875,9.0,0.7949808239936829,14900
2000-05-02,8.9375,9.0,8.9375,9.0,0.7949808239936829,5200
2000-05-03,8.875,8.9375,8.8125,8.9375,0.7894599437713623,9200
2000-05-04,8.875,8.875,8.6875,8.875,0.7839392423629761,9100
2000-05-05,8.9375,8.9375,8.6875,8.6875,0.7673773169517517,15500
2000-05-08,8.6875,9.0625,8.6875,9.0625,0.8005012273788452,31900
2000-05-09,8.9375,9.0625,8.875,8.9375,0.7894599437713623,27500
2000-05-10,8.375,9.0,8.375,8.9375,0.7894599437713623,51300
2000-05-11,9.0,9.0625,9.0,9.0625,0.8005012273788452,47900
2000-05-12,8.9375,9.0625,8.875,8.9375,0.7894599437713623,20600
2000-05-15,9.0,9.0,8.8125,8.8125,0.7784184813499451,9800
2000-05-16,8.9375,9.125,8.9375,9.0625,0.8005012273788452,25900
2000-05-17,9.125,9.125,9.0,9.125,0.8060221672058105,14100
2000-05-18,9.0,9.125,9.0,9.0625,0.8005012273788452,37100
2000-05-19,8.9375,9.25,8.9375,9.125,0.8060221672058105,60500
2000-05-22,9.25,9.375,9.0625,9.25,0.8170635104179382,22100
2000-05-23,9.25,9.3125,9.125,9.3125,0.8225840330123901,45100
2000-05-24,9.1875,9.25,9.0,9.25,0.8170635104179382,49600
2000-05-25,9.1875,9.1875,8.75,8.8125,0.7784184813499451,81000
2000-05-26,9.0,9.0,8.75,8.875,0.7839392423629761,26500
2000-05-30,8.875,8.9375,8.875,8.9375,0.7894599437713623,55000
2000-05-31,9.0625,9.0625,9.0,9.0,0.7949808239936829,111800
2000-06-01,9.0625,9.1875,9.0625,9.0625,0.8005012273788452,11600
2000-06-02,9.0625,9.375,9.0625,9.1875,0.8115428686141968,36800
2000-06-05,9.25,9.25,9.125,9.25,0.8170635104179382,47300
2000-06-06,9.125,9.25,9.0625,9.125,0.8060221672058105,56300
2000-06-07,9.25,9.5,9.125,9.4375,0.8336256742477417,41200
2000-06-08,9.1875,9.25,9.125,9.1875,0.8115428686141968,44000
2000-06-09,9.25,9.375,9.25,9.375,0.8281049728393555,19500
2000-06-12,9.625,9.625,9.375,9.4375,0.8336256742477417,60600
2000-06-13,9.3125,9.3125,9.1875,9.25,0.8170635104179382,8100
2000-06-14,9.25,9.4375,9.25,9.375,0.8281049728393555,28700
2000-06-15,9.25,9.5,9.25,9.4375,0.8336256742477417,47700
2000-06-16,9.4375,9.625,9.4375,9.5625,0.8446669578552246,24200
2000-06-19,9.5,9.5625,9.5,9.5625,0.8446669578552246,3000
2000-06-20,9.5625,9.625,9.375,9.5,0.8391462564468384,24200
2000-06-21,9.625,9.75,9.5,9.625,0.8501875400543213,30100
2000-06-22,9.5,9.5,9.4375,9.4375,0.8336256742477417,19900
2000-06-23,9.1875,9.4375,9.1875,9.375,0.8281049728393555,19100
2000-06-26,9.5,9.6875,9.5,9.5625,0.8446669578552246,11500
2000-06-27,9.6875,9.75,9.625,9.6875,0.8557083606719971,47700
2000-06-28,9.75,9.8125,9.75,9.8125,0.8667497634887695,27400
2000-06-29,9.8125,9.8125,9.6875,9.6875,0.8557083606719971,24400
2000-06-30,9.6875,9.6875,9.5625,9.5625,0.8446669578552246,6100
2000-07-03,9.5625,9.75,9.5625,9.75,0.8612290024757385,8600
2000-07-05,9.5625,9.6875,9.5625,9.6875,0.8557083606719971,95400
2000-07-06,9.625,9.625,9.625,9.625,0.8501875400543213,2200
2000-07-07,9.6875,9.75,9.6875,9.6875,0.8557083606719971,3700
2000-07-10,9.8125,9.8125,9.75,9.75,0.8612290024757385,15100
2000-07-11,9.75,9.9375,9.75,9.875,0.8722703456878662,9100
2000-07-12,9.9375,10.125,9.9375,10.0625,0.8888326287269592,9700
2000-07-13,10.125,10.4375,10.125,10.25,0.9053946137428284,25000
2000-07-14,10.25,10.4375,10.1875,10.375,0.9164360761642456,5900
2000-07-17,10.4375,10.5,10.4375,10.5,0.9274774789810181,11200
2000-07-18,10.375,10.375,10.1875,10.25,0.9053946137428284,12100
2000-07-19,10.25,10.4375,10.1875,10.3125,0.9109153747558594,37200
2000-07-20,10.375,10.75,10.375,10.75,0.9495602250099182,23000
2000-07-21,10.75,10.75,10.6875,10.6875,0.9440396428108215,29100
2000-07-24,10.8125,10.8125,10.625,10.625,0.9385189414024353,10400
2000-07-25,10.625,10.875,10.625,10.8125,0.9550809860229492,28400
2000-07-26,10.75,11.1875,10.75,11.1875,0.9882051944732666,134400
2000-07-27,11.125,11.5,11.0,11.3125,0.9992464780807495,144900
2000-07-28,11.1875,11.1875,10.875,10.875,0.9606014490127563,35500
2000-07-31,10.8125,10.8125,10.5625,10.5625,0.9329983592033386,12300
2000-08-01,10.6875,10.6875,10.3125,10.3125,0.9109153747558594,22600
2000-08-02,10.375,10.625,10.375,10.5625,0.9329983592033386,138600
2000-08-03,10.375,10.5625,10.375,10.5,0.9274774789810181,20600
2000-08-04,10.5625,10.75,10.5625,10.6875,0.9440396428108215,22000
2000-08-07,10.875,11.125,10.875,11.0625,0.9771637320518494,34400
2000-08-08,10.9375,11.0625,10.9375,11.0625,0.9771637320518494,42200
2000-08-09,10.9375,11.1875,10.9375,11.1875,0.9882051944732666,44600
2000-08-10,11.125,11.125,11.0625,11.0625,0.9771637320518494,6200
2000-08-11,11.0625,11.125,11.0625,11.125,0.9826844930648804,15300
2000-08-14,11.0625,11.125,11.0,11.125,0.9826844930648804,8100
2000-08-15,11.125,11.125,11.0625,11.0625,0.9771637320518494,5500
2000-08-16,11.0625,11.25,11.0625,11.125,0.9826844930648804,13900
2000-08-17,11.1875,11.1875,11.0,11.0625,0.9771637320518494,14800
2000-08-18,11.125,11.125,11.0,11.0625,0.9771637320518494,10000
2000-08-21,11.125,11.1875,10.9375,10.9375,0.9661222696304321,19000
2000-08-22,10.8125,10.875,10.75,10.8125,0.9550809860229492,60900
2000-08-23,10.8125,10.8125,10.5625,10.625,0.9385189414024353,51500
2000-08-24,10.5625,10.875,10.5625,10.75,0.9495602250099182,38200
2000-08-25,10.6875,10.75,10.6875,10.6875,0.9440396428108215,10200
2000-08-28,10.625,10.8125,10.5,10.5625,0.9329983592033386,25400
2000-08-29,10.5625,10.6875,10.5625,10.5625,0.9329983592033386,6600
2000-08-30,10.5625,10.6875,10.5,10.5625,0.9329983592033386,25600
2000-08-31,10.5625,10.6875,10.5,10.5,0.9274774789810181,21700
2000-09-01,10.5,10.625,10.5,10.5,0.9274774789810181,4400
2000-09-05,10.5,10.625,10.5,10.5625,0.9329983592033386,25400
2000-09-06,10.5625,10.5625,10.5,10.5,0.9274774789810181,6100
2000-09-07,10.5,10.5625,10.5,10.5,0.9274774789810181,15200
2000-09-08,10.5,10.5,10.5,10.5,0.9274774789810181,36700
2000-09-11,10.375,10.375,10.3125,10.3125,0.9109153747558594,15200
2000-09-12,10.25,10.25,9.9375,9.9375,0.8777911067008972,22100
2000-09-13,9.9375,10.0,9.9375,9.9375,0.8777911067008972,13000
2000-09-14,9.9375,10.0,9.875,9.875,0.8722703456878662,51100
2000-09-15,9.75,9.8125,9.6875,9.6875,0.8557083606719971,24200
2000-09-18,9.4375,9.4375,9.1875,9.375,0.8281049728393555,31800
2000-09-19,9.25,9.5625,9.125,9.5625,0.8446669578552246,92700
2000-09-20,9.5,9.5625,9.4375,9.4375,0.8336256742477417,55700
2000-09-21,9.25,9.25,9.1875,9.1875,0.8115428686141968,9600
2000-09-22,9.0,9.0,8.8125,8.875,0.7839392423629761,31700
2000-09-25,9.1875,9.1875,9.0625,9.0625,0.8005012273788452,25500
2000-09-26,9.0,9.25,9.0,9.125,0.8060221672058105,32000
2000-09-27,9.1875,9.25,9.125,9.25,0.8170635104179382,11900
2000-09-28,9.25,9.375,9.25,9.375,0.8281049728393555,10600
2000-09-29,9.375,9.5,9.375,9.5,0.8391462564468384,30700
2000-10-02,9.4375,9.5,9.375,9.4375,0.8336256742477417,53400
2000-10-03,9.5,9.5625,9.5,9.5625,0.8446669578552246,12700
2000-10-04,9.75,9.8125,9.75,9.8125,0.8667497634887695,52800
2000-10-05,9.75,9.8125,9.75,9.75,0.8612290024757385,5100
2000-10-06,9.8125,9.875,9.8125,9.875,0.8722703456878662,40000
2000-10-09,9.75,9.75,9.5,9.5625,0.8446669578552246,3800
2000-10-10,9.5,9.5,9.375,9.375,0.8281049728393555,8200
2000-10-11,9.0,9.0,8.9375,9.0,0.7949808239936829,14600
2000-10-12,8.9375,8.9375,8.875,8.875,0.7839392423629761,9400
2000-10-13,8.75,8.9375,8.75,8.9375,0.7894599437713623,11000
2000-10-16,9.0,9.0,8.875,8.875,0.7839392423629761,6000
2000-10-17,8.875,8.9375,8.875,8.875,0.7839392423629761,8100
2000-10-18,8.5625,8.625,8.5625,8.5625,0.7563357353210449,27800
2000-10-19,8.5625,8.625,8.5625,8.625,0.7618564367294312,11600
2000-10-20,8.625,8.6875,8.625,8.6875,0.7673773169517517,20200
2000-10-23,8.8125,8.8125,8.75,8.75,0.7728977799415588,1100
2000-10-24,8.75,8.75,8.5625,8.5625,0.7563357353210449,7500
2000-10-25,8.625,8.75,8.625,8.75,0.7728977799415588,7900
2000-10-26,8.6875,8.6875,8.5625,8.5625,0.7563357353210449,4200
2000-10-27,8.5625,8.625,8.5,8.5625,0.7563357353210449,13100
2000-10-30,8.625,8.8125,8.625,8.8125,0.7784184813499451,19900
2000-10-31,8.875,8.9375,8.8125,8.9375,0.7894599437713623,3000
2000-11-01,9.0625,9.0625,9.0,9.0625,0.8005012273788452,31300
2000-11-02,9.0,9.125,9.0,9.0625,0.8005012273788452,52600
2000-11-03,9.125,9.25,9.125,9.25,0.8170635104179382,18000
2000-11-06,9.375,9.625,9.375,9.625,0.8501875400543213,14700
2000-11-07,9.5,9.875,9.5,9.75,0.8612290024757385,19600
2000-11-08,9.75,9.75,9.5625,9.625,0.8501875400543213,2700
2000-11-09,9.5,9.5625,9.4375,9.5,0.8391462564468384,8200
2000-11-10,9.4375,9.4375,9.375,9.375,0.8281049728393555,25500
2000-11-13,9.25,9.25,9.0625,9.125,0.8060221672058105,9600
2000-11-14,9.25,9.375,9.25,9.3125,0.8225840330123901,9300
2000-11-15,9.3125,9.3125,9.3125,9.3125,0.8225840330123901,3100
2000-11-16,9.375,9.4375,9.375,9.4375,0.8336256742477417,14200
2000-11-17,9.375,9.5,9.375,9.5,0.8391462564468384,36800
2000-11-20,9.4375,9.5625,9.4375,9.5625,0.8446669578552246,17600
2000-11-21,9.5,9.5625,9.5,9.5,0.8391462564468384,4800
2000-11-22,9.3125,9.3125,9.25,9.25,0.8170635104179382,18000
2000-11-24,9.25,9.25,9.0,9.0625,0.8005012273788452,10600
2000-11-27,9.0625,9.25,9.0625,9.125,0.8060221672058105,14400
2000-11-28,9.0625,9.0625,9.0,9.0625,0.8005012273788452,16000
2000-11-29,9.0,9.0,8.875,8.875,0.7839392423629761,16800
2000-11-30,8.875,8.9375,8.8125,8.9375,0.7894599437713623,5900
2000-12-01,8.875,9.0625,8.875,8.875,0.7839392423629761,26500
2000-12-04,8.875,8.875,8.8125,8.8125,0.7784184813499451,14400
2000-12-05,8.875,9.125,8.875,9.0625,0.8005012273788452,27000
2000-12-06,9.0,9.125,9.0,9.125,0.8060221672058105,59500
2000-12-07,9.125,9.125,9.0625,9.125,0.8060221672058105,36300
2000-12-08,9.125,9.1875,9.125,9.1875,0.8115428686141968,14000
2000-12-11,9.25,9.25,9.1875,9.25,0.8170635104179382,24300
2000-12-12,9.125,9.1875,9.0625,9.125,0.8060221672058105,34200
2000-12-13,9.25,9.3125,9.1875,9.1875,0.8115428686141968,66900
2000-12-14,9.1875,9.1875,9.125,9.125,0.8060221672058105,10700
2000-12-15,9.125,9.1875,9.0,9.0625,0.8005012273788452,15000
2000-12-18,9.0625,9.125,9.0625,9.125,0.8060221672058105,6000
2000-12-19,9.0625,9.1875,9.0625,9.125,0.8060221672058105,10100
2000-12-20,9.0625,9.0625,8.75,8.75,0.7728977799415588,33100
2000-12-21,8.6875,8.8125,8.625,8.6875,0.7673773169517517,39100
2000-12-22,8.75,9.0,8.75,9.0,0.7949808239936829,23200
2000-12-26,9.0,9.0625,9.0,9.0,0.7949808239936829,18400
2000-12-27,9.0,9.0625,9.0,9.0625,0.8005012273788452,24900
2000-12-28,9.0,9.375,9.0,9.125,0.8085202574729919,38600
2000-12-29,9.25,9.375,9.25,9.25,0.8195958137512207,35600
2001-01-02,9.25,9.25,9.1875,9.1875,0.8140580058097839,14700
2001-01-03,9.0625,9.5625,9.0625,9.5625,0.847284734249115,41800
2001-01-04,9.625,9.625,9.5,9.5625,0.847284734249115,36200
2001-01-05,9.5,9.5625,9.5,9.5,0.8417470455169678,14800
2001-01-08,9.5625,9.5625,9.4375,9.4375,0.8362093567848206,3800
2001-01-09,9.4375,9.5625,9.4375,9.5625,0.847284734249115,3100
2001-01-10,9.625,9.75,9.625,9.75,0.8638981580734253,4600
2001-01-11,9.625,9.625,9.4375,9.5625,0.847284734249115,5800
2001-01-12,9.625,9.625,9.375,9.5,0.8417470455169678,11100
2001-01-16,9.5625,9.75,9.5,9.75,0.8638981580734253,17600
2001-01-17,9.75,9.875,9.75,9.8125,0.8694360256195068,56400
2001-01-18,9.9375,10.125,9.9375,10.125,0.8971249461174011,144500
2001-01-19,10.0625,10.0625,9.875,10.0,0.8860495686531067,10000
2001-01-22,10.0,10.0625,9.8125,9.875,0.874973714351654,43000
2001-01-23,10.0,10.0,9.75,9.9375,0.8805116415023804,28800
2001-01-24,9.875,10.0,9.8125,10.0,0.8860495686531067,44800
2001-01-25,9.875,10.0,9.875,10.0,0.8860495686531067,7800
2001-01-26,10.0,10.0,9.875,9.9375,0.8805116415023804,27100
2001-01-29,9.850000381469727,10.0,9.850000381469727,9.899999618530273,0.8771886825561523,3500
2001-01-30,9.819999694824219,9.869999885559082,9.819999694824219,9.84000015258789,0.8718729615211487,8300
2001-01-31,9.859999656677246,9.90999984741211,9.859999656677246,9.890000343322754,0.8763028383255005,14900
2001-02-01,9.899999618530273,9.949999809265137,9.899999618530273,9.90999984741211,0.8780747652053833,22700
2001-02-02,10.010000228881836,10.020000457763672,9.869999885559082,9.869999885559082,0.8745309710502625,14100
2001-02-05,9.869999885559082,9.949999809265137,9.850000381469727,9.899999618530273,0.8771886825561523,4900
2001-02-06,9.850000381469727,10.020000457763672,9.850000381469727,10.010000228881836,0.8869355320930481,29500
2001-02-07,10.0,10.0,9.899999618530273,9.899999618530273,0.8771886825561523,27000
2001-02-08,9.899999618530273,9.989999771118164,9.800000190734863,9.800000190734863,0.868328332901001,26500
2001-02-09,9.800000190734863,9.819999694824219,9.800000190734863,9.819999694824219,0.8701006174087524,4500
2001-02-12,9.75,10.199999809265137,9.75,10.199999809265137,0.903770387172699,46400
2001-02-13,10.25,10.25,10.100000381469727,10.100000381469727,0.8949102163314819,9300
2001-02-14,10.0,10.100000381469727,10.0,10.100000381469727,0.8949102163314819,13100
2001-02-15,10.149999618530273,10.199999809265137,10.149999618530273,10.199999809265137,0.903770387172699,6500
2001-02-16,10.149999618530273,10.149999618530273,10.050000190734863,10.079999923706055,0.8931378126144409,8300
2001-02-20,10.5600004196167,11.09000015258789,10.5600004196167,11.0,0.9746544361114502,237200
2001-02-21,10.979999542236328,10.979999542236328,10.770000457763672,10.770000457763672,0.9542751908302307,51800
2001-02-22,10.710000038146973,10.739999771118164,10.609999656677246,10.640000343322754,0.9427565336227417,4400
2001-02-23,10.760000228881836,10.850000381469727,10.720000267028809,10.800000190734863,0.9569334983825684,40900
2001-02-26,10.899999618530273,11.100000381469727,10.880000114440918,11.0,0.9746544361114502,23200
2001-02-27,11.199999809265137,11.350000381469727,11.149999618530273,11.180000305175781,0.9906031489372253,47500
2001-02-28,11.119999885559082,11.149999618530273,10.949999809265137,11.0,0.9746544361114502,74800
2001-03-01,10.989999771118164,11.0,10.510000228881836,10.600000381469727,0.9392125010490417,31000
2001-03-02,10.449999809265137,10.449999809265137,10.399999618530273,10.420000076293945,0.9232636094093323,42600
2001-03-05,10.529999732971191,10.600000381469727,10.529999732971191,10.600000381469727,0.9392125010490417,27500
2001-03-06,10.640000343322754,10.739999771118164,10.640000343322754,10.680000305175781,0.9463008642196655,14100
2001-03-07,10.680000305175781,10.699999809265137,10.619999885559082,10.649999618530273,0.9436424970626831,13700
2001-03-08,10.550000190734863,10.550000190734863,10.5,10.5,0.930351972579956,9200
2001-03-09,10.5,10.5,10.279999732971191,10.4399995803833,0.9250354766845703,60100
2001-03-12,10.34000015258789,10.34000015258789,10.0,10.0,0.8860495686531067,18000
2001-03-13,10.0,10.199999809265137,10.0,10.199999809265137,0.903770387172699,24500
2001-03-14,9.899999618530273,9.899999618530273,9.800000190734863,9.850000381469727,0.8727588057518005,44000
2001-03-15,10.0,10.149999618530273,10.0,10.149999618530273,0.8993402719497681,9200
2001-03-16,10.050000190734863,10.050000190734863,10.0,10.010000228881836,0.8869355320930481,102700
2001-03-19,10.069999694824219,10.149999618530273,10.069999694824219,10.130000114440918,0.8975679874420166,7100
2001-03-20,10.130000114440918,10.199999809265137,10.130000114440918,10.170000076293945,0.9011123776435852,20900
2001-03-21,10.119999885559082,10.199999809265137,10.079999923706055,10.100000381469727,0.8949102163314819,2700
2001-03-22,9.699999809265137,9.710000038146973,9.699999809265137,9.710000038146973,0.860353946685791,18900
2001-03-23,9.75,9.899999618530273,9.75,9.899999618530273,0.8771886825561523,6600
2001-03-26,10.300000190734863,10.449999809265137,10.300000190734863,10.4399995803833,0.9250354766845703,19300
2001-03-27,10.350000381469727,10.649999618530273,10.350000381469727,10.649999618530273,0.9436424970626831,28200
2001-03-28,10.600000381469727,10.600000381469727,10.449999809265137,10.449999809265137,0.9259215593338013,12900
2001-03-29,10.449999809265137,10.5,10.449999809265137,10.5,0.930351972579956,23700
2001-03-30,10.600000381469727,10.75,10.600000381469727,10.75,0.9525032043457031,34400
2001-04-02,10.75,10.949999809265137,10.729999542236328,10.84000015258789,0.9604777097702026,43100
2001-04-03,10.800000190734863,10.800000190734863,10.65999984741211,10.65999984741211,0.9445286989212036,28700
2001-04-04,10.5,10.5,10.449999809265137,10.5,0.930351972579956,24400
2001-04-05,10.399999618530273,10.75,10.399999618530273,10.75,0.9525032043457031,17200
2001-04-06,10.710000038146973,10.710000038146973,10.680000305175781,10.680000305175781,0.9463008642196655,1100
2001-04-09,10.640000343322754,10.670000076293945,10.600000381469727,10.670000076293945,0.9454149007797241,6500
2001-04-10,10.699999809265137,10.859999656677246,10.699999809265137,10.859999656677246,0.9622495770454407,36400
2001-04-11,10.930000305175781,11.100000381469727,10.930000305175781,11.100000381469727,0.9835147857666016,24400
2001-04-12,11.100000381469727,11.100000381469727,10.979999542236328,11.050000190734863,0.9790847897529602,2900
2001-04-16,10.949999809265137,11.0,10.9399995803833,10.979999542236328,0.9728822708129883,61000
2001-04-17,10.930000305175781,10.949999809265137,10.930000305175781,10.949999809265137,0.9702240824699402,72000
2001-04-18,11.170000076293945,11.699999809265137,11.170000076293945,11.600000381469727,1.0278172492980957,47700
2001-04-19,11.600000381469727,11.649999618530273,11.399999618530273,11.600000381469727,1.0278172492980957,61300
2001-04-20,11.600000381469727,11.600000381469727,11.489999771118164,11.489999771118164,1.0180706977844238,30200
2001-04-23,11.300000190734863,11.300000190734863,11.289999961853027,11.289999961853027,1.000349760055542,26100
2001-04-24,11.300000190734863,11.350000381469727,11.300000190734863,11.300000190734863,1.001236081123352,56100
2001-04-25,11.300000190734863,11.300000190734863,11.199999809265137,11.220000267028809,0.9941474795341492,23700
2001-04-26,11.220000267028809,11.399999618530273,11.220000267028809,11.399999618530273,1.0100963115692139,63500
2001-04-27,11.350000381469727,11.390000343322754,11.319999694824219,11.350000381469727,1.0056660175323486,52800
2001-04-30,11.399999618530273,11.600000381469727,11.399999618530273,11.550000190734863,1.0233871936798096,34100
2001-05-01,11.520000457763672,11.899999618530273,11.520000457763672,11.899999618530273,1.0543988943099976,11500
2001-05-02,11.800000190734863,12.050000190734863,11.800000190734863,11.960000038146973,1.0597152709960938,21800
2001-05-03,12.149999618530273,12.149999618530273,11.8100004196167,11.850000381469727,1.0499684810638428,9200
2001-05-04,11.75,11.890000343322754,11.75,11.850000381469727,1.0499684810638428,8300
2001-05-07,11.800000190734863,11.829999923706055,11.710000038146973,11.800000190734863,1.0455381870269775,16400
2001-05-08,11.8100004196167,12.039999961853027,11.8100004196167,11.989999771118164,1.0623732805252075,23600
2001-05-09,11.949999809265137,11.949999809265137,11.920000076293945,11.920000076293945,1.0561708211898804,8300
2001-05-10,11.970000267028809,12.25,11.949999809265137,12.119999885559082,1.0738917589187622,27500
2001-05-11,12.100000381469727,12.25,12.100000381469727,12.210000038146973,1.0818662643432617,26000
2001-05-14,12.289999961853027,12.289999961853027,12.199999809265137,12.25,1.0854108333587646,16000
2001-05-15,12.25,12.25,12.050000190734863,12.100000381469727,1.0721198320388794,13000
2001-05-16,12.0600004196167,12.270000457763672,12.0600004196167,12.199999809265137,1.0809804201126099,30500
2001-05-17,12.25,12.350000381469727,12.220000267028809,12.350000381469727,1.094271183013916,16100
2001-05-18,12.369999885559082,12.800000190734863,12.369999885559082,12.699999809265137,1.1252827644348145,29100
2001-05-21,12.800000190734863,13.510000228881836,12.75,13.449999809265137,1.1917363405227661,105400
2001-05-22,13.100000381469727,13.25,13.0,13.25,1.1740155220031738,96900
2001-05-23,13.199999809265137,13.25,13.050000190734863,13.100000381469727,1.1607246398925781,36500
2001-05-24,13.100000381469727,13.350000381469727,13.100000381469727,13.350000381469727,1.1828762292861938,20800
2001-05-25,13.25,13.399999618530273,13.25,13.300000190734863,1.178445816040039,20100
2001-05-29,13.050000190734863,13.25,13.050000190734863,13.25,1.1740155220031738,44900
2001-05-30,13.199999809265137,13.3100004196167,13.199999809265137,13.199999809265137,1.1695852279663086,9100
2001-05-31,13.199999809265137,13.390000343322754,13.199999809265137,13.380000114440918,1.1855343580245972,37300
2001-06-01,13.279999732971191,13.399999618530273,13.260000228881836,13.329999923706055,1.1811041831970215,10900
2001-06-04,13.5,13.75,13.5,13.649999618530273,1.2094576358795166,30100
2001-06-05,13.75,13.84000015258789,13.729999542236328,13.800000190734863,1.2227481603622437,46200
2001-06-06,13.800000190734863,13.800000190734863,13.600000381469727,13.699999809265137,1.2138874530792236,23400
2001-06-07,13.800000190734863,14.039999961853027,13.75,14.039999961853027,1.2440130710601807,189300
2001-06-08,14.050000190734863,14.069999694824219,13.899999618530273,13.899999618530273,1.231608510017395,44000
2001-06-11,13.90999984741211,13.90999984741211,13.680000305175781,13.720000267028809,1.2156600952148438,73300
2001-06-12,13.5,13.550000190734863,13.350000381469727,13.350000381469727,1.1828762292861938,126500
2001-06-13,13.350000381469727,13.4399995803833,13.0,13.039999961853027,1.155408501625061,67300
2001-06-14,12.880000114440918,12.880000114440918,12.579999923706055,12.640000343322754,1.1199663877487183,24200
2001-06-15,12.609999656677246,12.989999771118164,12.609999656677246,12.989999771118164,1.1509783267974854,32200
2001-06-18,12.800000190734863,12.8100004196167,12.550000190734863,12.699999809265137,1.1252827644348145,42400
2001-06-19,12.649999618530273,12.800000190734863,12.600000381469727,12.600000381469727,1.1164222955703735,15100
2001-06-20,12.550000190734863,12.6899995803833,12.5,12.619999885559082,1.1181942224502563,15700
2001-06-21,12.720000267028809,13.0,12.720000267028809,12.949999809265137,1.147434115409851,12900
2001-06-22,12.899999618530273,13.149999618530273,12.899999618530273,13.020000457763672,1.1536364555358887,43500
2001-06-25,13.109999656677246,13.199999809265137,13.109999656677246,13.149999618530273,1.165155291557312,6600
2001-06-26,13.149999618530273,13.260000228881836,13.149999618530273,13.239999771118164,1.1731294393539429,19600
2001-06-27,13.239999771118164,13.5,13.239999771118164,13.399999618530273,1.1873061656951904,11500
2001-06-28,13.319999694824219,13.399999618530273,13.199999809265137,13.319999694824219,1.1802178621292114,13500
2001-06-29,13.220000267028809,13.279999732971191,13.220000267028809,13.270000457763672,1.1757874488830566,8500
2001-07-02,13.170000076293945,13.199999809265137,13.039999961853027,13.100000381469727,1.1607246398925781,14900
2001-07-03,13.050000190734863,13.199999809265137,13.050000190734863,13.199999809265137,1.1695852279663086,10900
2001-07-05,13.0,13.0,12.770000457763672,12.960000038146973,1.148319959640503,8300
2001-07-06,12.880000114440918,12.880000114440918,12.630000114440918,12.699999809265137,1.1252827644348145,27100
2001-07-09,12.649999618530273,12.649999618530273,12.449999809265137,12.520000457763672,1.1093339920043945,9900
2001-07-10,12.479999542236328,12.569999694824219,12.430000305175781,12.449999809265137,1.1031315326690674,35600
2001-07-11,12.390000343322754,12.390000343322754,12.229999542236328,12.350000381469727,1.094271183013916,24100
2001-07-12,12.399999618530273,12.739999771118164,12.399999618530273,12.739999771118164,1.1288270950317383,36300
2001-07-13,12.84000015258789,12.989999771118164,12.84000015258789,12.979999542236328,1.1500921249389648,130000
2001-07-16,12.850000381469727,12.850000381469727,12.699999809265137,12.729999542236328,1.1279411315917969,37300
2001-07-17,12.25,12.260000228881836,12.149999618530273,12.229999542236328,1.0836384296417236,38100
2001-07-18,12.0,12.0,11.680000305175781,11.680000305175781,1.0349059104919434,37600
2001-07-19,11.40999984741211,11.619999885559082,11.40999984741211,11.550000190734863,1.0233871936798096,32100
2001-07-20,11.600000381469727,11.649999618530273,11.539999961853027,11.59000015258789,1.0269312858581543,6100
2001-07-23,11.460000038146973,11.579999923706055,11.460000038146973,11.5600004196167,1.024273157119751,28700
2001-07-24,11.649999618530273,11.699999809265137,11.460000038146973,11.510000228881836,1.0198431015014648,17300
2001-07-25,11.449999809265137,11.649999618530273,11.449999809265137,11.640000343322754,1.031361699104309,5800
2001-07-26,11.640000343322754,11.640000343322754,11.640000343322754,11.640000343322754,1.031361699104309,800
2001-07-27,11.600000381469727,11.649999618530273,11.5600004196167,11.649999618530273,1.032247543334961,8800
2001-07-30,11.569999694824219,11.800000190734863,11.569999694824219,11.699999809265137,1.0366780757904053,7500
2001-07-31,11.699999809265137,11.920000076293945,11.699999809265137,11.819999694824219,1.047310471534729,17100
2001-08-01,11.800000190734863,11.890000343322754,11.75,11.800000190734863,1.0455381870269775,18600
2001-08-02,11.800000190734863,11.850000381469727,11.600000381469727,11.699999809265137,1.0366780757904053,8500
2001-08-03,11.600000381469727,11.600000381469727,11.449999809265137,11.5,1.0189567804336548,21100
2001-08-06,11.5,11.5,11.300000190734863,11.300000190734863,1.001236081123352,18300
2001-08-07,11.5,11.5,11.319999694824219,11.319999694824219,1.0030078887939453,14300
2001-08-08,11.25,11.25,11.010000228881836,11.069999694824219,0.9808567762374878,24500
2001-08-09,11.069999694824219,11.069999694824219,11.0600004196167,11.069999694824219,0.9808567762374878,19100
2001-08-10,11.09000015258789,11.300000190734863,11.09000015258789,11.300000190734863,1.001236081123352,7600
2001-08-13,11.149999618530273,11.229999542236328,11.149999618530273,11.229999542236328,0.9950335025787354,14500
2001-08-14,11.319999694824219,11.4399995803833,11.319999694824219,11.4399995803833,1.0136404037475586,1700
2001-08-15,11.460000038146973,11.600000381469727,11.460000038146973,11.529999732971191,1.021614909172058,12900
2001-08-16,11.5,11.520000457763672,11.359999656677246,11.520000457763672,1.0207289457321167,19900
2001-08-17,11.619999885559082,11.770000457763672,11.600000381469727,11.770000457763672,1.0428802967071533,11100
2001-08-20,11.850000381469727,12.100000381469727,11.850000381469727,12.100000381469727,1.0721198320388794,15600
2001-08-21,12.100000381469727,12.199999809265137,12.100000381469727,12.1899995803833,1.080094337463379,3300
2001-08-22,12.149999618530273,12.149999618530273,12.029999732971191,12.09000015258789,1.0712337493896484,40000
2001-08-23,12.020000457763672,12.020000457763672,11.949999809265137,11.979999542236328,1.0614874362945557,2400
2001-08-24,11.899999618530273,11.90999984741211,11.869999885559082,11.869999885559082,1.0517405271530151,2200
2001-08-27,11.850000381469727,11.850000381469727,11.649999618530273,11.75,1.0411080121994019,6400
2001-08-28,11.699999809265137,11.699999809265137,11.619999885559082,11.649999618530273,1.032247543334961,2300
2001-08-29,11.600000381469727,11.609999656677246,11.550000190734863,11.550000190734863,1.0233871936798096,5400
2001-08-30,11.5,11.5,11.399999618530273,11.399999618530273,1.0100963115692139,1400
2001-08-31,11.300000190734863,11.350000381469727,11.300000190734863,11.319999694824219,1.0030078887939453,8700
2001-09-04,11.220000267028809,11.470000267028809,11.220000267028809,11.470000267028809,1.0162988901138306,15800
2001-09-05,11.539999961853027,11.539999961853027,11.449999809265137,11.5,1.0189567804336548,8500
2001-09-06,11.449999809265137,11.5,11.449999809265137,11.5,1.0189567804336548,12600
2001-09-07,11.399999618530273,11.399999618530273,11.380000114440918,11.390000343322754,1.0092103481292725,51600
2001-09-10,11.380000114440918,11.380000114440918,11.25,11.25,0.9968056678771973,3200
2001-09-17,10.850000381469727,10.850000381469727,10.5,10.569999694824219,0.9365543127059937,8300
2001-09-18,10.199999809265137,10.300000190734863,10.109999656677246,10.199999809265137,0.903770387172699,17500
2001-09-19,10.25,10.300000190734863,10.25,10.260000228881836,0.9090867638587952,10300
2001-09-20,9.779999732971191,10.0,9.760000228881836,9.899999618530273,0.8771886825561523,26200
2001-09-21,9.800000190734863,9.850000381469727,9.720000267028809,9.75,0.8638981580734253,19400
2001-09-24,9.979999542236328,10.449999809265137,9.979999542236328,10.449999809265137,0.9259215593338013,16000
2001-09-25,10.399999618530273,10.520000457763672,10.3100004196167,10.520000457763672,0.9321239590644836,7600
2001-09-26,10.449999809265137,10.630000114440918,10.449999809265137,10.479999542236328,0.9285797476768494,21600
2001-09-27,10.520000457763672,10.630000114440918,10.520000457763672,10.630000114440918,0.9418706297874451,33300
2001-09-28,10.630000114440918,10.65999984741211,10.630000114440918,10.65999984741211,0.9445286989212036,1200
2001-10-01,10.600000381469727,10.600000381469727,10.399999618530273,10.449999809265137,0.9259215593338013,60100
2001-10-02,10.420000076293945,10.420000076293945,10.319999694824219,10.329999923706055,0.9152892231941223,5800
2001-10-03,10.319999694824219,10.390000343322754,10.25,10.25,0.9082006216049194,20500
2001-10-04,10.350000381469727,10.350000381469727,10.25,10.350000381469727,0.9170612692832947,11500
2001-10-05,10.399999618530273,10.399999618530273,10.25,10.25,0.9082006216049194,12600
2001-10-08,10.1899995803833,10.199999809265137,10.010000228881836,10.119999885559082,0.8966820240020752,18700
2001-10-09,10.15999984741211,10.25,10.140000343322754,10.229999542236328,0.9064285159111023,10300
2001-10-10,10.199999809265137,10.420000076293945,10.199999809265137,10.420000076293945,0.9232636094093323,6000
2001-10-11,10.520000457763672,10.520000457763672,10.470000267028809,10.5,0.930351972579956,4600
2001-10-12,10.449999809265137,10.449999809265137,10.270000457763672,10.289999961853027,0.9117451310157776,6400
2001-10-15,10.239999771118164,10.239999771118164,10.199999809265137,10.199999809265137,0.903770387172699,9400
2001-10-16,10.40999984741211,10.40999984741211,10.199999809265137,10.199999809265137,0.903770387172699,8700
2001-10-17,10.25,10.289999961853027,10.25,10.279999732971191,0.9108587503433228,14400
2001-10-18,10.199999809265137,10.25,10.180000305175781,10.199999809265137,0.903770387172699,21300
2001-10-19,10.279999732971191,10.300000190734863,10.170000076293945,10.270000457763672,0.9099729657173157,4500
2001-10-22,10.369999885559082,10.449999809265137,10.350000381469727,10.449999809265137,0.9259215593338013,9800
2001-10-23,10.859999656677246,10.979999542236328,10.859999656677246,10.960000038146973,0.9711102247238159,9300
2001-10-24,10.899999618530273,10.899999618530273,10.850000381469727,10.899999618530273,0.9657938480377197,1200
2001-10-25,10.800000190734863,10.84000015258789,10.75,10.84000015258789,0.9604777097702026,4000
2001-10-26,10.770000457763672,10.819999694824219,10.680000305175781,10.819999694824219,0.9587053656578064,6700
2001-10-29,10.75,10.899999618530273,10.720000267028809,10.75,0.9525032043457031,10700
2001-10-30,10.75,10.819999694824219,10.75,10.819999694824219,0.9587053656578064,400
2001-10-31,10.739999771118164,10.739999771118164,10.729999542236328,10.739999771118164,0.9516171813011169,700
2001-11-01,10.84000015258789,10.850000381469727,10.699999809265137,10.850000381469727,0.9613635540008545,31100
2001-11-02,10.75,10.800000190734863,10.75,10.760000228881836,0.9533891677856445,3700
2001-11-05,10.9399995803833,11.199999809265137,10.9399995803833,11.119999885559082,0.9852868914604187,13300
2001-11-06,11.149999618530273,11.239999771118164,10.880000114440918,10.930000305175781,0.9684520959854126,14400
2001-11-07,10.930000305175781,11.010000228881836,10.90999984741211,11.0,0.9746544361114502,12800
2001-11-08,11.100000381469727,11.350000381469727,11.0600004196167,11.350000381469727,1.0056660175323486,16000
2001-11-09,11.329999923706055,11.350000381469727,11.3100004196167,11.350000381469727,1.0056660175323486,23600
2001-11-12,11.3100004196167,11.3100004196167,11.220000267028809,11.300000190734863,1.001236081123352,21800
2001-11-13,11.220000267028809,11.279999732971191,11.220000267028809,11.270000457763672,0.9985776543617249,26400
2001-11-14,11.260000228881836,11.380000114440918,11.260000228881836,11.380000114440918,1.0083245038986206,8900
2001-11-15,11.350000381469727,11.489999771118164,11.350000381469727,11.489999771118164,1.0180706977844238,44100
2001-11-16,11.5,11.59000015258789,11.5,11.59000015258789,1.0269312858581543,7000
2001-11-19,11.649999618530273,11.710000038146973,11.649999618530273,11.710000038146973,1.0375640392303467,9200
2001-11-20,11.75,11.75,11.600000381469727,11.600000381469727,1.0278172492980957,15200
2001-11-21,11.699999809265137,11.84000015258789,11.600000381469727,11.649999618530273,1.032247543334961,10900
2001-11-23,11.600000381469727,11.640000343322754,11.520000457763672,11.640000343322754,1.031361699104309,4600
2001-11-26,11.699999809265137,11.819999694824219,11.699999809265137,11.819999694824219,1.047310471534729,3000
2001-11-27,11.899999618530273,12.0,11.899999618530273,12.0,1.0632593631744385,35300
2001-11-28,11.899999618530273,11.90999984741211,11.850000381469727,11.899999618530273,1.0543988943099976,24600
2001-11-29,11.899999618530273,11.899999618530273,11.850000381469727,11.899999618530273,1.0543988943099976,9000
2001-11-30,11.899999618530273,11.949999809265137,11.800000190734863,11.869999885559082,1.0517405271530151,59900
2001-12-03,11.819999694824219,11.880000114440918,11.699999809265137,11.880000114440918,1.0526268482208252,33500
2001-12-04,11.899999618530273,12.489999771118164,11.899999618530273,12.4399995803833,1.1022454500198364,20800
2001-12-05,12.399999618530273,12.5,12.399999618530273,12.5,1.1075619459152222,15300
2001-12-06,12.5,12.5,12.420000076293945,12.430000305175781,1.1013593673706055,6800
2001-12-07,12.350000381469727,12.449999809265137,12.300000190734863,12.399999618530273,1.0987013578414917,21200
2001-12-10,12.430000305175781,12.880000114440918,12.40999984741211,12.880000114440918,1.1412317752838135,11300
2001-12-11,12.699999809265137,13.0,12.649999618530273,12.979999542236328,1.1500921249389648,38300
2001-12-12,12.880000114440918,13.079999923706055,12.800000190734863,13.0,1.1518640518188477,15800
2001-12-13,12.859999656677246,12.859999656677246,12.430000305175781,12.479999542236328,1.1057896614074707,24200
2001-12-14,12.479999542236328,12.84000015258789,12.479999542236328,12.609999656677246,1.1173083782196045,12900
2001-12-17,12.600000381469727,12.720000267028809,12.579999923706055,12.649999618530273,1.1208525896072388,9300
2001-12-18,12.75,12.800000190734863,12.699999809265137,12.770000457763672,1.1314852237701416,11600
2001-12-19,12.699999809265137,12.699999809265137,12.609999656677246,12.619999885559082,1.1181942224502563,8100
2001-12-20,12.609999656677246,12.6899995803833,12.430000305175781,12.670000076293945,1.1226247549057007,10200
2001-12-21,12.569999694824219,12.569999694824219,12.5,12.5,1.1075619459152222,2800
2001-12-24,12.510000228881836,12.510000228881836,12.300000190734863,12.399999618530273,1.0987013578414917,13300
2001-12-26,12.449999809265137,12.550000190734863,12.449999809265137,12.460000038146973,1.1040176153182983,2200
2001-12-27,12.539999961853027,12.899999618530273,12.210000038146973,12.300000190734863,1.0898406505584717,32600
2001-12-28,12.3100004196167,12.5,12.25,12.369999885559082,1.0960432291030884,18000
2001-12-31,12.3100004196167,12.449999809265137,12.25,12.420000076293945,1.1121615171432495,7800
2002-01-02,12.600000381469727,12.649999618530273,12.470000267028809,12.600000381469727,1.1282798051834106,17400
2002-01-03,12.600000381469727,12.720000267028809,12.5,12.699999809265137,1.1372343301773071,12900
2002-01-04,12.800000190734863,12.90999984741211,12.800000190734863,12.800000190734863,1.1461889743804932,21200
2002-01-07,12.850000381469727,13.079999923706055,12.8100004196167,13.0600004196167,1.169471025466919,9700
2002-01-08,13.079999923706055,13.100000381469727,13.0600004196167,13.0600004196167,1.169471025466919,41000
2002-01-09,13.069999694824219,13.069999694824219,12.8100004196167,12.829999923706055,1.1488755941390991,33700
2002-01-10,12.739999771118164,12.850000381469727,12.720000267028809,12.800000190734863,1.1461889743804932,13500
2002-01-11,12.720000267028809,12.729999542236328,12.699999809265137,12.710000038146973,1.138129711151123,32500
2002-01-14,12.699999809265137,12.890000343322754,12.699999809265137,12.880000114440918,1.1533527374267578,10500
2002-01-15,12.729999542236328,12.800000190734863,12.729999542236328,12.789999961853027,1.1452935934066772,18600
2002-01-16,12.539999961853027,12.539999961853027,12.399999618530273,12.399999618530273,1.1103705167770386,42800
2002-01-17,12.4399995803833,12.5600004196167,12.430000305175781,12.5600004196167,1.1246978044509888,43300
2002-01-18,12.520000457763672,12.699999809265137,12.520000457763672,12.699999809265137,1.1372343301773071,3200
2002-01-22,12.619999885559082,12.699999809265137,12.600000381469727,12.699999809265137,1.1372343301773071,9800
2002-01-23,12.550000190734863,12.6899995803833,12.510000228881836,12.619999885559082,1.1300705671310425,19400
2002-01-24,12.649999618530273,12.729999542236328,12.600000381469727,12.600000381469727,1.1282798051834106,7100
2002-01-25,12.619999885559082,12.850000381469727,12.619999885559082,12.850000381469727,1.150666356086731,10800
2002-01-28,12.699999809265137,13.239999771118164,12.699999809265137,13.239999771118164,1.1855891942977905,56500
2002-01-29,13.170000076293945,13.300000190734863,13.119999885559082,13.300000190734863,1.1909619569778442,15500
2002-01-30,13.220000267028809,13.220000267028809,13.100000381469727,13.100000381469727,1.1730527877807617,5900
2002-01-31,13.149999618530273,13.329999923706055,13.149999618530273,13.329999923706055,1.1936485767364502,18600
2002-02-01,13.319999694824219,13.319999694824219,13.229999542236328,13.300000190734863,1.1909619569778442,14500
2002-02-04,13.300000190734863,13.3100004196167,13.229999542236328,13.300000190734863,1.1909619569778442,62700
2002-02-05,13.220000267028809,13.260000228881836,13.079999923706055,13.260000228881836,1.1873801946640015,21900
2002-02-06,13.260000228881836,13.279999732971191,13.25,13.260000228881836,1.1873801946640015,9800
2002-02-07,13.350000381469727,13.449999809265137,13.350000381469727,13.350000381469727,1.1954395771026611,16000
2002-02-08,13.399999618530273,13.489999771118164,13.050000190734863,13.100000381469727,1.1730527877807617,24200
2002-02-11,13.149999618530273,13.350000381469727,13.149999618530273,13.25,1.1864845752716064,31900
2002-02-12,13.350000381469727,13.510000228881836,13.300000190734863,13.510000228881836,1.2097666263580322,14900
2002-02-13,13.449999809265137,13.630000114440918,13.449999809265137,13.5600004196167,1.2142441272735596,13700
2002-02-14,13.649999618530273,13.779999732971191,13.600000381469727,13.739999771118164,1.230362057685852,19100
2002-02-15,13.640000343322754,13.800000190734863,13.600000381469727,13.75,1.2312577962875366,14000
2002-02-19,13.779999732971191,13.779999732971191,13.649999618530273,13.680000305175781,1.2249895334243774,20100
2002-02-20,13.600000381469727,13.779999732971191,13.600000381469727,13.779999732971191,1.233944296836853,5300
2002-02-21,13.75,13.75,13.699999809265137,13.699999809265137,1.2267801761627197,3200
2002-02-22,13.75,13.75,13.699999809265137,13.75,1.2312577962875366,9900
2002-02-25,13.5,13.600000381469727,13.449999809265137,13.449999809265137,1.2043936252593994,37300
2002-02-26,13.449999809265137,13.5,13.449999809265137,13.5,1.2088710069656372,9100
2002-02-27,13.420000076293945,13.600000381469727,13.34000015258789,13.420000076293945,1.2017074823379517,18700
2002-02-28,13.520000457763672,13.59000015258789,13.399999618530273,13.449999809265137,1.2043936252593994,1900
2002-03-01,13.350000381469727,13.600000381469727,13.25,13.550000190734863,1.213348388671875,14200
2002-03-04,13.600000381469727,13.649999618530273,13.460000038146973,13.609999656677246,1.2187211513519287,10400
2002-03-05,13.75,13.800000190734863,13.600000381469727,13.800000190734863,1.2357348203659058,64800
2002-03-06,13.800000190734863,13.800000190734863,13.699999809265137,13.800000190734863,1.2357348203659058,20900
2002-03-07,13.850000381469727,14.0,13.800000190734863,13.970000267028809,1.2509576082229614,7300
2002-03-08,13.869999885559082,14.329999923706055,13.859999656677246,14.329999923706055,1.2831944227218628,37200
2002-03-11,14.25,14.350000381469727,14.220000267028809,14.25,1.2760307788848877,15700
2002-03-12,14.300000190734863,14.300000190734863,14.25,14.300000190734863,1.280508041381836,32200
2002-03-13,14.270000457763672,14.350000381469727,14.25,14.34000015258789,1.2840899229049683,30800
2002-03-14,14.369999885559082,14.380000114440918,14.319999694824219,14.369999885559082,1.2867763042449951,29700
2002-03-15,14.350000381469727,14.350000381469727,14.199999809265137,14.199999809265137,1.27155339717865,16300
2002-03-18,14.199999809265137,14.199999809265137,14.100000381469727,14.149999618530273,1.2670762538909912,8700
2002-03-19,14.199999809265137,14.229999542236328,14.149999618530273,14.1899995803833,1.270658016204834,15600
2002-03-20,14.210000038146973,14.210000038146973,14.100000381469727,14.100000381469727,1.262598991394043,9200
2002-03-21,14.020000457763672,14.149999618530273,14.0,14.050000190734863,1.258121132850647,13200
2002-03-22,14.149999618530273,14.199999809265137,14.100000381469727,14.130000114440918,1.2652852535247803,9900
2002-03-25,14.100000381469727,14.100000381469727,13.8100004196167,13.850000381469727,1.2402124404907227,10700
2002-03-26,13.850000381469727,14.199999809265137,13.800000190734863,13.880000114440918,1.24289870262146,34200
2002-03-27,13.800000190734863,14.09000015258789,13.800000190734863,14.0,1.2536442279815674,14200
2002-03-28,14.199999809265137,14.199999809265137,14.100000381469727,14.130000114440918,1.2652852535247803,13400
2002-04-01,14.229999542236328,14.25,14.100000381469727,14.199999809265137,1.27155339717865,5100
2002-04-02,14.199999809265137,14.199999809265137,14.149999618530273,14.199999809265137,1.27155339717865,18200
2002-04-03,14.300000190734863,14.300000190734863,14.100000381469727,14.100000381469727,1.262598991394043,11600
2002-04-04,14.100000381469727,14.199999809265137,14.100000381469727,14.199999809265137,1.27155339717865,5600
2002-04-05,14.100000381469727,14.25,14.100000381469727,14.119999885559082,1.2643896341323853,3300
2002-04-08,14.050000190734863,14.199999809265137,14.050000190734863,14.199999809265137,1.27155339717865,6500
2002-04-09,14.25,14.300000190734863,14.100000381469727,14.25,1.2760307788848877,7400
2002-04-10,14.170000076293945,14.300000190734863,14.100000381469727,14.300000190734863,1.280508041381836,11800
2002-04-11,14.300000190734863,14.300000190734863,14.25,14.25,1.2760307788848877,8300
2002-04-12,14.5,14.5,13.899999618530273,14.229999542236328,1.2742400169372559,34400
2002-04-15,14.149999618530273,14.630000114440918,13.949999809265137,14.520000457763672,1.3002080917358398,31200
2002-04-16,14.369999885559082,14.600000381469727,14.300000190734863,14.550000190734863,1.3028944730758667,21500
2002-04-17,14.300000190734863,14.550000190734863,14.300000190734863,14.449999809265137,1.2939398288726807,20800
2002-04-18,14.5,14.550000190734863,14.420000076293945,14.550000190734863,1.3028944730758667,24200
2002-04-19,14.649999618530273,14.649999618530273,14.550000190734863,14.600000381469727,1.307371973991394,18400
2002-04-22,14.699999809265137,14.819999694824219,14.699999809265137,14.800000190734863,1.3252812623977661,22200
2002-04-23,14.800000190734863,14.850000381469727,14.699999809265137,14.84000015258789,1.3288629055023193,43700
2002-04-24,14.84000015258789,15.100000381469727,14.770000457763672,15.100000381469727,1.3521449565887451,29200
2002-04-25,15.050000190734863,15.050000190734863,14.800000190734863,14.880000114440918,1.332444667816162,33700
2002-04-26,14.979999542236328,15.0,14.899999618530273,14.979999542236328,1.3413993120193481,19200
2002-04-29,14.989999771118164,14.989999771118164,14.600000381469727,14.90999984741211,1.3351309299468994,34500
2002-04-30,14.899999618530273,14.90999984741211,14.850000381469727,14.869999885559082,1.3315492868423462,33800
2002-05-01,14.819999694824219,14.890000343322754,14.800000190734863,14.800000190734863,1.3252812623977661,10800
2002-05-02,14.859999656677246,14.859999656677246,14.760000228881836,14.800000190734863,1.3252812623977661,12400
2002-05-03,14.75,14.770000457763672,14.649999618530273,14.770000457763672,1.3225945234298706,12400
2002-05-06,14.600000381469727,14.600000381469727,14.300000190734863,14.350000381469727,1.2849853038787842,29100
2002-05-07,14.449999809265137,14.5,14.260000228881836,14.3100004196167,1.2814034223556519,27100
2002-05-08,14.40999984741211,14.5,14.399999618530273,14.5,1.2984174489974976,62600
2002-05-09,14.470000267028809,14.59000015258789,14.460000038146973,14.579999923706055,1.305580735206604,5200
2002-05-10,14.520000457763672,14.75,14.5,14.75,1.3208036422729492,15400
2002-05-13,14.75,15.0,14.75,15.0,1.3431899547576904,25700
2002-05-14,15.100000381469727,15.300000190734863,14.979999542236328,15.300000190734863,1.3700538873672485,44500
2002-05-15,15.329999923706055,15.460000038146973,15.100000381469727,15.460000038146973,1.3843815326690674,49200
2002-05-16,15.420000076293945,15.4399995803833,15.350000381469727,15.350000381469727,1.3745315074920654,28100
2002-05-17,15.350000381469727,15.430000305175781,15.300000190734863,15.430000305175781,1.3816949129104614,21400
2002-05-20,15.25,15.25,15.149999618530273,15.199999809265137,1.361099362373352,21200
2002-05-21,15.020000457763672,15.100000381469727,14.850000381469727,14.890000343322754,1.3333401679992676,8300
2002-05-22,14.600000381469727,14.779999732971191,14.600000381469727,14.729999542236328,1.3190127611160278,30600
2002-05-23,14.630000114440918,14.65999984741211,14.609999656677246,14.609999656677246,1.3082669973373413,12800
2002-05-24,14.569999694824219,15.199999809265137,14.569999694824219,15.1899995803833,1.3602041006088257,23400
2002-05-28,15.050000190734863,15.149999618530273,15.050000190734863,15.140000343322754,1.355726718902588,13100
2002-05-29,14.949999809265137,15.020000457763672,14.800000190734863,14.90999984741211,1.3351309299468994,27400
2002-05-30,15.0,15.029999732971191,14.800000190734863,14.920000076293945,1.3360265493392944,23400
2002-05-31,15.029999732971191,15.050000190734863,14.949999809265137,15.010000228881836,1.344085693359375,20200
2002-06-03,15.029999732971191,15.15999984741211,15.010000228881836,15.130000114440918,1.3548312187194824,59700
2002-06-04,15.0,15.15999984741211,14.970000267028809,15.039999961853027,1.3467720746994019,70600
2002-06-05,15.149999618530273,15.220000267028809,15.010000228881836,15.050000190734863,1.3476676940917969,17400
2002-06-06,15.039999961853027,15.130000114440918,14.960000038146973,15.119999885559082,1.353935718536377,44100
2002-06-07,15.020000457763672,15.109999656677246,14.699999809265137,15.100000381469727,1.3521449565887451,25200
2002-06-10,15.119999885559082,15.210000038146973,15.119999885559082,15.15999984741211,1.3575177192687988,12500
2002-06-11,15.15999984741211,15.15999984741211,15.050000190734863,15.050000190734863,1.3476676940917969,16400
2002-06-12,14.850000381469727,14.850000381469727,14.59000015258789,14.59000015258789,1.306476354598999,30300
2002-06-13,14.600000381469727,14.739999771118164,14.600000381469727,14.739999771118164,1.3199082612991333,12100
2002-06-14,14.699999809265137,14.800000190734863,14.600000381469727,14.670000076293945,1.3136402368545532,31800
2002-06-17,14.550000190734863,14.630000114440918,14.520000457763672,14.630000114440918,1.3100581169128418,10100
2002-06-18,14.529999732971191,14.59000015258789,14.5,14.520000457763672,1.3002080917358398,7000
2002-06-19,14.600000381469727,14.630000114440918,14.0,14.0,1.2536442279815674,37300
2002-06-20,14.0,14.140000343322754,14.0,14.010000228881836,1.2545392513275146,25300
2002-06-21,13.920000076293945,14.0,13.899999618530273,13.899999618530273,1.2446894645690918,33900
2002-06-24,13.930000305175781,14.109999656677246,13.930000305175781,14.010000228881836,1.2545392513275146,40400
2002-06-25,13.949999809265137,14.119999885559082,13.949999809265137,13.949999809265137,1.24916672706604,14300
2002-06-26,13.449999809265137,13.579999923706055,13.40999984741211,13.510000228881836,1.2097666263580322,19300
2002-06-27,13.529999732971191,13.779999732971191,13.529999732971191,13.579999923706055,1.2160346508026123,5700
2002-06-28,13.600000381469727,13.850000381469727,13.600000381469727,13.770000457763672,1.233048677444458,23400
2002-07-01,13.770000457763672,13.84000015258789,12.850000381469727,12.869999885559082,1.152457356452942,132100
2002-07-02,12.930000305175781,13.229999542236328,12.930000305175781,13.149999618530273,1.177530288696289,63500
2002-07-03,13.300000190734863,13.329999923706055,13.199999809265137,13.25,1.1864845752716064,28800
2002-07-05,13.449999809265137,13.59000015258789,13.430000305175781,13.529999732971191,1.2115575075149536,16300
2002-07-08,13.800000190734863,13.880000114440918,13.800000190734863,13.8100004196167,1.2366304397583008,19300
2002-07-09,13.649999618530273,13.979999542236328,13.649999618530273,13.890000343322754,1.2437942028045654,15100
2002-07-10,13.880000114440918,14.0,13.800000190734863,13.850000381469727,1.2402124404907227,13200
2002-07-11,13.920000076293945,13.920000076293945,13.600000381469727,13.710000038146973,1.2276756763458252,16900
2002-07-12,13.850000381469727,14.020000457763672,13.850000381469727,13.869999885559082,1.242003321647644,11600
2002-07-15,13.75,13.75,13.510000228881836,13.600000381469727,1.2178261280059814,55800
2002-07-16,13.520000457763672,13.600000381469727,13.510000228881836,13.600000381469727,1.2178261280059814,11700
2002-07-17,13.550000190734863,13.649999618530273,13.510000228881836,13.510000228881836,1.2097666263580322,7600
2002-07-18,13.510000228881836,13.579999923706055,13.510000228881836,13.510000228881836,1.2097666263580322,13200
2002-07-19,13.5,13.5,12.8100004196167,13.149999618530273,1.177530288696289,73100
2002-07-22,13.050000190734863,13.050000190734863,12.449999809265137,12.529999732971191,1.122011423110962,34300
2002-07-23,12.609999656677246,12.75,12.5,12.510000228881836,1.12022066116333,73700
2002-07-24,12.239999771118164,12.5,12.210000038146973,12.350000381469727,1.1058933734893799,83200
2002-07-25,12.350000381469727,12.579999923706055,12.300000190734863,12.300000190734863,1.1014158725738525,21800
2002-07-26,12.25,12.25,11.90999984741211,11.930000305175781,1.068284034729004,54600
2002-07-29,12.010000228881836,12.350000381469727,12.010000228881836,12.329999923706055,1.104102373123169,9900
2002-07-30,12.329999923706055,12.5,12.300000190734863,12.430000305175781,1.1130567789077759,6900
2002-07-31,12.600000381469727,12.600000381469727,12.460000038146973,12.460000038146973,1.1157432794570923,4200
2002-08-01,12.399999618530273,12.640000343322754,12.350000381469727,12.520000457763672,1.1211161613464355,17300
2002-08-02,12.420000076293945,12.479999542236328,12.300000190734863,12.359999656677246,1.1067887544631958,31000
2002-08-05,12.15999984741211,12.15999984741211,11.819999694824219,11.819999694824219,1.0584338903427124,39000
2002-08-06,11.899999618530273,12.119999885559082,11.850000381469727,12.119999885559082,1.0852974653244019,33400
2002-08-07,12.350000381469727,12.369999885559082,12.15999984741211,12.25,1.0969388484954834,10400
2002-08-08,12.199999809265137,12.390000343322754,12.199999809265137,12.300000190734863,1.1014158725738525,1900
2002-08-09,12.399999618530273,12.729999542236328,12.25,12.680000305175781,1.1354433298110962,25800
2002-08-12,12.600000381469727,12.75,12.489999771118164,12.520000457763672,1.1211161613464355,5300
2002-08-13,12.4399995803833,12.510000228881836,12.430000305175781,12.5,1.1193251609802246,5700
2002-08-14,12.5600004196167,12.609999656677246,12.5600004196167,12.609999656677246,1.1291751861572266,300
2002-08-15,12.899999618530273,12.899999618530273,12.800000190734863,12.880000114440918,1.1533527374267578,15300
2002-08-16,12.880000114440918,12.880000114440918,12.75,12.800000190734863,1.1461889743804932,5500
2002-08-19,12.800000190734863,12.84000015258789,12.710000038146973,12.84000015258789,1.149770736694336,10400
2002-08-20,12.850000381469727,12.850000381469727,12.720000267028809,12.720000267028809,1.139025330543518,3200
2002-08-21,12.619999885559082,12.850000381469727,12.619999885559082,12.850000381469727,1.150666356086731,12700
2002-08-22,12.699999809265137,12.84000015258789,12.630000114440918,12.84000015258789,1.149770736694336,10600
2002-08-23,12.6899995803833,12.6899995803833,12.5,12.510000228881836,1.12022066116333,8100
2002-08-26,12.539999961853027,12.699999809265137,12.539999961853027,12.699999809265137,1.1372343301773071,10500
2002-08-27,12.649999618530273,12.649999618530273,12.640000343322754,12.640000343322754,1.1318615674972534,1200
2002-08-28,12.550000190734863,12.600000381469727,12.550000190734863,12.600000381469727,1.1282798051834106,700
2002-08-29,12.520000457763672,12.59000015258789,12.520000457763672,12.539999961853027,1.1229068040847778,5600
2002-08-30,12.600000381469727,12.760000228881836,12.600000381469727,12.649999618530273,1.1327571868896484,5900
2002-09-03,12.609999656677246,12.609999656677246,12.25,12.329999923706055,1.104102373123169,12200
2002-09-04,12.260000228881836,12.350000381469727,12.260000228881836,12.329999923706055,1.104102373123169,9400
2002-09-05,12.25,12.270000457763672,12.210000038146973,12.210000038146973,1.093356728553772,82000
2002-09-06,12.239999771118164,12.300000190734863,12.220000267028809,12.289999961853027,1.1005204916000366,4100
2002-09-09,12.1899995803833,12.270000457763672,12.050000190734863,12.270000457763672,1.0987294912338257,30100
2002-09-10,12.350000381469727,12.430000305175781,12.350000381469727,12.399999618530273,1.1103705167770386,3200
2002-09-11,12.430000305175781,12.5,12.40999984741211,12.40999984741211,1.1112661361694336,10800
2002-09-12,12.550000190734863,12.550000190734863,12.399999618530273,12.399999618530273,1.1103705167770386,5200
2002-09-13,12.350000381469727,12.399999618530273,12.350000381469727,12.350000381469727,1.1058933734893799,800
2002-09-16,12.300000190734863,12.300000190734863,12.050000190734863,12.0600004196167,1.0799248218536377,2100
2002-09-17,12.5,12.5,12.300000190734863,12.300000190734863,1.1014158725738525,9700
2002-09-18,12.210000038146973,12.210000038146973,12.109999656677246,12.119999885559082,1.0852974653244019,9600
2002-09-19,12.100000381469727,12.149999618530273,12.100000381469727,12.149999618530273,1.0879840850830078,14400
2002-09-20,12.0,12.020000457763672,11.989999771118164,11.989999771118164,1.073656678199768,17800
2002-09-23,11.920000076293945,11.920000076293945,11.899999618530273,11.899999618530273,1.0655975341796875,17100
2002-09-24,11.850000381469727,11.850000381469727,11.720000267028809,11.720000267028809,1.0494791269302368,14600
2002-09-25,11.670000076293945,11.75,11.5600004196167,11.75,1.0521656274795532,76000
2002-09-26,11.720000267028809,12.0,11.720000267028809,12.0,1.074552297592163,7300
2002-09-27,11.949999809265137,11.970000267028809,11.779999732971191,11.779999732971191,1.0548521280288696,3300
2002-09-30,11.699999809265137,11.770000457763672,11.699999809265137,11.770000457763672,1.0539567470550537,8000
2002-10-01,11.699999809265137,11.890000343322754,11.699999809265137,11.850000381469727,1.0611201524734497,4700
2002-10-02,11.649999618530273,11.899999618530273,11.649999618530273,11.739999771118164,1.0512702465057373,24000
2002-10-03,11.739999771118164,11.739999771118164,11.640000343322754,11.640000343322754,1.0423157215118408,10400
2002-10-04,11.520000457763672,11.550000190734863,11.5,11.5,1.0297791957855225,21900
2002-10-07,11.399999618530273,11.449999809265137,11.25,11.260000228881836,1.0082881450653076,21600
2002-10-08,11.300000190734863,11.600000381469727,11.300000190734863,11.600000381469727,1.038733720779419,8100
2002-10-09,11.5,11.5,11.390000343322754,11.390000343322754,1.019929051399231,15200
2002-10-10,11.34000015258789,11.489999771118164,11.34000015258789,11.489999771118164,1.0288835763931274,7300
2002-10-11,11.399999618530273,11.539999961853027,11.3100004196167,11.539999961853027,1.0333613157272339,5400
2002-10-14,11.40999984741211,11.65999984741211,11.40999984741211,11.609999656677246,1.039629340171814,3000
2002-10-15,11.65999984741211,11.899999618530273,11.65999984741211,11.84000015258789,1.0602248907089233,9900
2002-10-16,11.850000381469727,12.239999771118164,11.850000381469727,12.149999618530273,1.0879840850830078,7500
2002-10-17,12.300000190734863,12.420000076293945,12.270000457763672,12.420000076293945,1.1121615171432495,38000
2002-10-18,12.420000076293945,12.479999542236328,12.420000076293945,12.479999542236328,1.1175341606140137,4200
2002-10-21,12.449999809265137,12.5,12.430000305175781,12.449999809265137,1.1148477792739868,8400
2002-10-22,12.399999618530273,12.449999809265137,12.399999618530273,12.449999809265137,1.1148477792739868,28500
2002-10-23,12.449999809265137,12.600000381469727,12.449999809265137,12.600000381469727,1.1282798051834106,10200
2002-10-24,12.649999618530273,12.6899995803833,12.600000381469727,12.6899995803833,1.136338710784912,8300
2002-10-25,12.6899995803833,12.850000381469727,12.6899995803833,12.739999771118164,1.1408162117004395,38600
2002-10-28,12.800000190734863,12.850000381469727,12.699999809265137,12.789999961853027,1.1452935934066772,12600
2002-10-29,12.75,12.800000190734863,12.680000305175781,12.6899995803833,1.136338710784912,105500
2002-10-30,12.75,12.75,12.699999809265137,12.699999809265137,1.1372343301773071,20300
2002-10-31,12.739999771118164,12.75,12.609999656677246,12.609999656677246,1.1291751861572266,9100
2002-11-01,12.640000343322754,12.649999618530273,12.600000381469727,12.649999618530273,1.1327571868896484,130900
2002-11-04,12.729999542236328,12.84000015258789,12.680000305175781,12.84000015258789,1.149770736694336,19600
2002-11-05,12.84000015258789,12.850000381469727,12.84000015258789,12.850000381469727,1.150666356086731,13000
2002-11-06,12.850000381469727,12.9399995803833,12.850000381469727,12.880000114440918,1.1533527374267578,124900
2002-11-07,12.920000076293945,13.140000343322754,12.920000076293945,13.100000381469727,1.1730527877807617,24200
2002-11-08,13.0,13.199999809265137,13.0,13.199999809265137,1.1820073127746582,17600
2002-11-11,13.100000381469727,13.149999618530273,13.0,13.0,1.1640979051589966,57900
2002-11-12,13.0,13.170000076293945,13.0,13.170000076293945,1.1793205738067627,20900
2002-11-13,13.119999885559082,13.460000038146973,13.119999885559082,13.399999618530273,1.1999164819717407,31500
2002-11-14,13.399999618530273,13.630000114440918,13.399999618530273,13.520000457763672,1.2106621265411377,116800
2002-11-15,13.710000038146973,13.760000228881836,13.65999984741211,13.739999771118164,1.230362057685852,36900
2002-11-18,13.800000190734863,14.119999885559082,13.800000190734863,14.050000190734863,1.258121132850647,493400
2002-11-19,14.079999923706055,14.100000381469727,13.899999618530273,13.949999809265137,1.24916672706604,94400
2002-11-20,13.979999542236328,14.050000190734863,13.949999809265137,13.989999771118164,1.2527484893798828,34700
2002-11-21,13.989999771118164,14.0,13.9399995803833,13.9399995803833,1.2482714653015137,19500
2002-11-22,14.050000190734863,14.0600004196167,13.960000038146973,13.960000038146973,1.250062346458435,23800
2002-11-25,13.979999542236328,14.0600004196167,13.979999542236328,14.0600004196167,1.259016990661621,26400
2002-11-26,14.010000228881836,14.100000381469727,13.899999618530273,13.899999618530273,1.2446894645690918,24700
2002-11-27,13.979999542236328,13.989999771118164,13.930000305175781,13.949999809265137,1.24916672706604,6000
2002-11-29,13.979999542236328,13.989999771118164,13.949999809265137,13.949999809265137,1.24916672706604,30700
2002-12-02,13.699999809265137,13.970000267028809,13.699999809265137,13.819999694824219,1.2375258207321167,21600
2002-12-03,13.869999885559082,13.869999885559082,13.710000038146973,13.800000190734863,1.2357348203659058,9400
2002-12-04,13.800000190734863,13.899999618530273,13.75,13.819999694824219,1.2375258207321167,11000
2002-12-05,13.84000015258789,13.850000381469727,13.779999732971191,13.829999923706055,1.2384216785430908,11000
2002-12-06,13.75,13.8100004196167,13.739999771118164,13.739999771118164,1.230362057685852,10300
2002-12-09,13.699999809265137,13.720000267028809,13.649999618530273,13.699999809265137,1.2267801761627197,22500
2002-12-10,13.649999618530273,13.680000305175781,13.520000457763672,13.550000190734863,1.213348388671875,13100
2002-12-11,13.5,13.760000228881836,13.5,13.75,1.2312577962875366,27700
2002-12-12,13.829999923706055,13.850000381469727,13.770000457763672,13.779999732971191,1.233944296836853,7700
2002-12-13,13.880000114440918,13.880000114440918,13.75,13.800000190734863,1.2357348203659058,24200
2002-12-16,13.899999618530273,13.979999542236328,13.880000114440918,13.880000114440918,1.24289870262146,29500
2002-12-17,13.859999656677246,14.0,13.800000190734863,13.8100004196167,1.2366304397583008,64900
2002-12-18,13.699999809265137,13.720000267028809,13.649999618530273,13.649999618530273,1.2223032712936401,14100
2002-12-19,13.550000190734863,13.699999809265137,13.550000190734863,13.699999809265137,1.2267801761627197,9800
2002-12-20,13.699999809265137,13.699999809265137,13.510000228881836,13.699999809265137,1.2267801761627197,13200
2002-12-23,13.579999923706055,13.710000038146973,13.510000228881836,13.710000038146973,1.2471567392349243,15800
2002-12-24,13.649999618530273,13.829999923706055,13.649999618530273,13.8100004196167,1.256253719329834,10800
2002-12-26,13.8100004196167,13.880000114440918,13.710000038146973,13.729999542236328,1.2489761114120483,4300
2002-12-27,13.680000305175781,13.75,13.670000076293945,13.75,1.2507954835891724,9100
2002-12-30,13.800000190734863,13.800000190734863,13.739999771118164,13.75,1.2507954835891724,26700
2002-12-31,13.739999771118164,13.75,13.710000038146973,13.75,1.2507954835891724,2800
2003-01-02,13.720000267028809,13.819999694824219,13.720000267028809,13.819999694824219,1.257163166999817,28100
2003-01-03,13.75,13.989999771118164,13.75,13.979999542236328,1.2717180252075195,28100
2003-01-06,13.989999771118164,14.119999885559082,13.979999542236328,14.119999885559082,1.284453272819519,18900
2003-01-07,14.210000038146973,14.420000076293945,14.210000038146973,14.25,1.2962790727615356,103600
2003-01-08,14.350000381469727,14.520000457763672,14.300000190734863,14.5,1.319021224975586,35500
2003-01-09,14.5,14.699999809265137,14.489999771118164,14.609999656677246,1.3290270566940308,125500
2003-01-10,14.770000457763672,14.770000457763672,14.600000381469727,14.619999885559082,1.3299365043640137,64200
2003-01-13,14.649999618530273,15.020000457763672,14.649999618530273,14.989999771118164,1.3635950088500977,57100
2003-01-14,15.0,15.079999923706055,14.949999809265137,15.079999923706055,1.371781349182129,133100
2003-01-15,15.140000343322754,15.180000305175781,15.109999656677246,15.180000305175781,1.3808784484863281,116900
2003-01-16,15.180000305175781,15.180000305175781,15.050000190734863,15.100000381469727,1.3736010789871216,94600
2003-01-17,15.0,15.0,14.869999885559082,14.989999771118164,1.3635950088500977,37600
2003-01-21,15.0,15.300000190734863,14.920000076293945,15.300000190734863,1.3917943239212036,67000
2003-01-22,15.489999771118164,15.489999771118164,15.350000381469727,15.399999618530273,1.4008911848068237,72400
2003-01-23,15.489999771118164,15.510000228881836,15.350000381469727,15.5,1.4099879264831543,108300
2003-01-24,15.449999809265137,15.449999809265137,15.0,15.109999656677246,1.374510645866394,28700
2003-01-27,15.100000381469727,15.130000114440918,15.0,15.100000381469727,1.3736010789871216,68300
2003-01-28,15.020000457763672,15.260000228881836,15.020000457763672,15.260000228881836,1.3881560564041138,21000
2003-01-29,15.1899995803833,15.220000267028809,15.079999923706055,15.220000267028809,1.3845171928405762,39000
2003-01-30,15.329999923706055,15.359999656677246,15.260000228881836,15.350000381469727,1.3963429927825928,35400
2003-01-31,15.319999694824219,15.329999923706055,15.210000038146973,15.270000457763672,1.3890657424926758,22900
2003-02-03,15.380000114440918,15.489999771118164,15.300000190734863,15.449999809265137,1.4054391384124756,85400
2003-02-04,15.5,15.710000038146973,15.399999618530273,15.4399995803833,1.4045298099517822,62800
2003-02-05,15.75,15.949999809265137,15.729999542236328,15.890000343322754,1.4454649686813354,88500
2003-02-06,15.850000381469727,15.850000381469727,15.630000114440918,15.850000381469727,1.4418264627456665,34400
2003-02-07,15.84000015258789,15.84000015258789,15.539999961853027,15.539999961853027,1.4136265516281128,29200
2003-02-10,15.300000190734863,15.34000015258789,14.920000076293945,15.199999809265137,1.382697582244873,72500
2003-02-11,15.279999732971191,15.289999961853027,15.109999656677246,15.1899995803833,1.3817882537841797,15700
2003-02-12,15.149999618530273,15.25,14.899999618530273,14.899999618530273,1.3554075956344604,24600
2003-02-13,15.100000381469727,15.149999618530273,14.760000228881836,14.789999961853027,1.3454015254974365,47100
2003-02-14,14.850000381469727,15.0,14.75,15.0,1.364504337310791,23400
2003-02-18,14.970000267028809,15.600000381469727,14.970000267028809,15.460000038146973,1.4063490629196167,46600
2003-02-19,15.470000267028809,15.550000190734863,15.449999809265137,15.550000190734863,1.4145358800888062,26200
2003-02-20,15.550000190734863,15.550000190734863,15.420000076293945,15.5,1.4099879264831543,25900
2003-02-21,15.5,15.5,15.399999618530273,15.5,1.4099879264831543,266600
2003-02-24,15.699999809265137,15.699999809265137,15.600000381469727,15.6899995803833,1.4272714853286743,36100
2003-02-25,15.649999618530273,15.75,15.600000381469727,15.75,1.432729721069336,50400
2003-02-26,15.760000228881836,15.800000190734863,15.75,15.800000190734863,1.4372777938842773,60000
2003-02-27,15.859999656677246,16.270000457763672,15.720000267028809,16.149999618530273,1.469116449356079,108600
2003-02-28,16.149999618530273,16.149999618530273,15.949999809265137,16.09000015258789,1.4636582136154175,61900
2003-03-03,16.399999618530273,16.549999237060547,16.350000381469727,16.420000076293945,1.4936777353286743,148400
2003-03-04,16.489999771118164,16.5,16.299999237060547,16.399999618530273,1.4918580055236816,56700
2003-03-05,16.420000076293945,16.690000534057617,16.299999237060547,16.68000030517578,1.5173287391662598,80300
2003-03-06,16.68000030517578,17.09000015258789,16.200000762939453,17.0,1.5464380979537964,104000
2003-03-07,17.25,17.3799991607666,16.799999237060547,16.889999389648438,1.5364317893981934,143300
2003-03-10,16.889999389648438,16.979999542236328,16.549999237060547,16.549999237060547,1.5055030584335327,79300
2003-03-11,16.399999618530273,16.399999618530273,15.300000190734863,15.630000114440918,1.4218133687973022,131500
2003-03-12,15.59000015258789,15.789999961853027,15.25,15.739999771118164,1.4318197965621948,78900
2003-03-13,15.850000381469727,16.100000381469727,15.829999923706055,16.100000381469727,1.464568018913269,77200
2003-03-14,16.350000381469727,16.719999313354492,16.200000762939453,16.200000762939453,1.4736649990081787,76800
2003-03-17,17.0,17.06999969482422,16.700000762939453,17.030000686645508,1.5491670370101929,139000
2003-03-18,17.200000762939453,17.200000762939453,16.899999618530273,16.950000762939453,1.5418899059295654,48800
2003-03-19,16.950000762939453,17.049999237060547,16.940000534057617,17.030000686645508,1.5491670370101929,35300
2003-03-20,16.81999969482422,16.950000762939453,16.799999237060547,16.90999984741211,1.5382511615753174,36800
2003-03-21,17.049999237060547,17.219999313354492,17.0,17.200000762939453,1.564631700515747,44500
2003-03-24,17.049999237060547,17.049999237060547,16.799999237060547,17.049999237060547,1.5509867668151855,52200
2003-03-25,16.450000762939453,16.8799991607666,16.450000762939453,16.8799991607666,1.5355221033096313,75600
2003-03-26,17.079999923706055,17.600000381469727,17.010000228881836,17.600000381469727,1.6010186672210693,52000
2003-03-27,17.600000381469727,17.600000381469727,17.100000381469727,17.139999389648438,1.5591734647750854,59400
2003-03-28,17.15999984741211,17.299999237060547,16.899999618530273,17.049999237060547,1.5509867668151855,78700
2003-03-31,17.0,17.020000457763672,16.549999237060547,16.729999542236328,1.521877408027649,50100
2003-04-01,16.489999771118164,17.049999237060547,16.489999771118164,17.049999237060547,1.5509867668151855,76500
2003-04-02,16.950000762939453,17.030000686645508,16.850000381469727,17.010000228881836,1.5473476648330688,76800
2003-04-03,16.760000228881836,16.899999618530273,16.149999618530273,16.299999237060547,1.4827611446380615,95500
2003-04-04,16.280000686645508,16.75,16.1200008392334,16.75,1.5236963033676147,50100
2003-04-07,16.25,16.399999618530273,16.149999618530273,16.290000915527344,1.4818516969680786,57400
2003-04-08,16.40999984741211,16.40999984741211,15.789999961853027,15.899999618530273,1.4463744163513184,80900
2003-04-09,15.649999618530273,16.100000381469727,15.619999885559082,16.0,1.455471158027649,112300
2003-04-10,15.899999618530273,15.899999618530273,15.5,15.569999694824219,1.416355013847351,49300
2003-04-11,15.5600004196167,15.970000267028809,15.5600004196167,15.699999809265137,1.4281811714172363,48400
2003-04-14,16.0,16.5,16.0,16.389999389648438,1.49094820022583,53400
2003-04-15,16.389999389648438,16.81999969482422,16.389999389648438,16.780000686645508,1.5264253616333008,89700
2003-04-16,16.799999237060547,16.950000762939453,16.75,16.889999389648438,1.5364317893981934,40600
2003-04-17,16.889999389648438,17.200000762939453,16.799999237060547,17.049999237060547,1.5509867668151855,37900
2003-04-21,16.899999618530273,17.049999237060547,16.75,16.75,1.5236963033676147,71700
2003-04-22,16.649999618530273,16.700000762939453,15.859999656677246,15.989999771118164,1.4545615911483765,112700
2003-04-23,15.239999771118164,15.5,15.199999809265137,15.25,1.3872458934783936,162900
2003-04-24,14.8100004196167,15.0,14.609999656677246,14.680000305175781,1.3353948593139648,115000
2003-04-25,14.329999923706055,15.0,14.260000228881836,14.899999618530273,1.3554075956344604,91700
2003-04-28,15.0,15.449999809265137,14.8100004196167,15.449999809265137,1.4054391384124756,137100
2003-04-29,15.449999809265137,15.970000267028809,15.449999809265137,15.890000343322754,1.4454649686813354,71600
2003-04-30,16.190000534057617,16.190000534057617,15.760000228881836,15.949999809265137,1.4509233236312866,51400
2003-05-01,15.899999618530273,16.0,15.670000076293945,15.670000076293945,1.4254518747329712,26300
2003-05-02,15.800000190734863,15.850000381469727,15.510000228881836,15.800000190734863,1.4372777938842773,21700
2003-05-05,16.0,16.75,15.8100004196167,16.68000030517578,1.5173287391662598,58200
2003-05-06,17.0,17.139999389648438,17.0,17.1200008392334,1.5573545694351196,71100
2003-05-07,17.1200008392334,17.149999618530273,16.420000076293945,16.549999237060547,1.5055030584335327,42600
2003-05-08,16.399999618530273,16.59000015258789,16.200000762939453,16.520000457763672,1.5027742385864258,21500
2003-05-09,16.709999084472656,16.93000030517578,16.700000762939453,16.850000381469727,1.532793402671814,29100
2003-05-12,16.850000381469727,17.25,16.799999237060547,17.200000762939453,1.564631700515747,39800
2003-05-13,17.190000534057617,17.190000534057617,16.950000762939453,17.100000381469727,1.555534839630127,36600
2003-05-14,17.219999313354492,17.5,17.200000762939453,17.34000015258789,1.5773670673370361,60200
2003-05-15,17.5,17.899999618530273,17.3799991607666,17.899999618530273,1.6283084154129028,48700
2003-05-16,18.149999618530273,18.350000381469727,17.81999969482422,18.09000015258789,1.6455923318862915,44400
2003-05-19,18.0,18.149999618530273,17.809999465942383,17.81999969482422,1.6210311651229858,32300
2003-05-20,17.809999465942383,17.850000381469727,17.520000457763672,17.739999771118164,1.6137536764144897,27000
2003-05-21,17.700000762939453,18.59000015258789,17.700000762939453,18.5,1.6828886270523071,41900
2003-05-22,18.5,18.5,18.399999618530273,18.459999084472656,1.679249882698059,75400
2003-05-23,18.489999771118164,18.489999771118164,17.690000534057617,18.1200008392334,1.6483213901519775,74200
2003-05-27,18.100000381469727,18.5,18.100000381469727,18.489999771118164,1.6819789409637451,53500
2003-05-28,18.739999771118164,18.8799991607666,18.700000762939453,18.850000381469727,1.7147270441055298,34500
2003-05-29,18.8799991607666,19.200000762939453,18.84000015258789,19.09000015258789,1.7365591526031494,35700
2003-05-30,19.239999771118164,19.950000762939453,19.200000762939453,19.850000381469727,1.8056942224502563,41300
2003-06-02,20.049999237060547,20.889999389648438,20.049999237060547,20.079999923706055,1.8266165256500244,135900
2003-06-03,20.200000762939453,20.59000015258789,20.049999237060547,20.59000015258789,1.8730096817016602,37100
2003-06-04,20.600000381469727,20.610000610351562,20.200000762939453,20.290000915527344,1.845719575881958,60800
2003-06-05,20.389999389648438,20.549999237060547,20.200000762939453,20.540000915527344,1.86846125125885,28500
2003-06-06,20.770000457763672,20.8799991607666,20.600000381469727,20.770000457763672,1.8893837928771973,103900
2003-06-09,20.780000686645508,20.780000686645508,19.959999084472656,20.059999465942383,1.8247969150543213,59200
2003-06-10,20.25,20.600000381469727,20.0,20.56999969482422,1.8711905479431152,50600
2003-06-11,20.549999237060547,20.639999389648438,20.459999084472656,20.5,1.8648227453231812,49800
2003-06-12,20.450000762939453,20.450000762939453,20.100000381469727,20.149999618530273,1.8329837322235107,28300
2003-06-13,20.0,20.0,19.6299991607666,19.790000915527344,1.8002362251281738,63000
2003-06-16,19.5,19.75,19.350000381469727,19.75,1.7965971231460571,77900
2003-06-17,20.5,21.299999237060547,20.299999237060547,21.239999771118164,1.9321383237838745,96000
2003-06-18,21.030000686645508,21.209999084472656,20.75,20.979999542236328,1.9084866046905518,84200
2003-06-19,21.1200008392334,21.25,21.010000228881836,21.079999923706055,1.9175833463668823,23000
2003-06-20,21.0,21.190000534057617,20.8799991607666,21.040000915527344,1.9139448404312134,37300
2003-06-23,21.75,21.75,21.15999984741211,21.5,1.9557894468307495,90600
2003-06-24,21.5,21.5,21.049999237060547,21.290000915527344,1.9366860389709473,82900
2003-06-25,21.600000381469727,21.729999542236328,21.549999237060547,21.729999542236328,1.9767117500305176,82700
2003-06-26,21.719999313354492,21.75,21.549999237060547,21.739999771118164,1.9776216745376587,39600
2003-06-27,21.68000030517578,21.690000534057617,21.510000228881836,21.670000076293945,1.971253752708435,26000
2003-06-30,21.770000457763672,23.399999618530273,21.729999542236328,23.1299991607666,2.1040656566619873,164600
2003-07-01,23.1299991607666,24.100000381469727,23.1299991607666,23.899999618530273,2.1741106510162354,165200
2003-07-02,24.200000762939453,27.0,24.200000762939453,25.979999542236328,2.3633217811584473,473600
2003-07-03,25.799999237060547,26.729999542236328,25.3700008392334,26.110000610351562,2.3751471042633057,216200
2003-07-07,26.110000610351562,26.5,23.8799991607666,23.979999542236328,2.1813876628875732,377100
2003-07-08,24.0,24.989999771118164,24.0,24.200000762939453,2.2014005184173584,212200
2003-07-09,24.399999618530273,24.399999618530273,23.0,23.510000228881836,2.1386330127716064,271000
2003-07-10,23.200000762939453,24.25,23.030000686645508,23.100000381469727,2.101336717605591,188700
2003-07-11,23.350000381469727,23.959999084472656,23.350000381469727,23.600000381469727,2.146820068359375,106700
2003-07-14,24.40999984741211,25.850000381469727,24.40999984741211,25.260000228881836,2.297825336456299,208100
2003-07-15,25.760000228881836,26.479999542236328,25.510000228881836,26.469999313354492,2.407895088195801,163400
2003-07-16,26.549999237060547,26.889999389648438,25.200000762939453,25.309999465942383,2.3023736476898193,137700
2003-07-17,25.0,25.0,23.149999618530273,23.34000015258789,2.1231689453125,193700
2003-07-18,23.329999923706055,24.799999237060547,23.329999923706055,24.399999618530273,2.2195937633514404,102900
2003-07-21,24.700000762939453,25.520000457763672,24.5,25.520000457763672,2.3214762210845947,104800
2003-07-22,25.59000015258789,26.0,25.450000762939453,25.84000015258789,2.350586175918579,63700
2003-07-23,25.84000015258789,25.850000381469727,24.5,24.899999618530273,2.2650771141052246,118000
2003-07-24,25.399999618530273,26.1200008392334,25.399999618530273,25.90999984741211,2.3569533824920654,114400
2003-07-25,26.0,26.350000381469727,25.850000381469727,26.049999237060547,2.3696892261505127,83200
2003-07-28,26.649999618530273,27.5,26.450000762939453,27.1200008392334,2.467024326324463,150900
2003-07-29,28.18000030517578,28.200000762939453,27.549999237060547,28.020000457763672,2.548893690109253,179100
2003-07-30,27.600000381469727,27.600000381469727,26.700000762939453,27.1299991607666,2.4679336547851562,134200
2003-07-31,27.0,28.059999465942383,27.0,27.780000686645508,2.527061939239502,116900
2003-08-01,27.799999237060547,28.200000762939453,27.549999237060547,28.149999618530273,2.5607197284698486,62300
2003-08-04,27.899999618530273,28.25,27.600000381469727,27.850000381469727,2.5334293842315674,126700
2003-08-05,27.760000228881836,28.059999465942383,26.170000076293945,26.170000076293945,2.3806049823760986,105400
2003-08-06,26.25,26.549999237060547,23.809999465942383,24.25,2.2059483528137207,365000
2003-08-07,23.760000228881836,24.25,23.690000534057617,24.0,2.1832070350646973,133100
2003-08-08,24.299999237060547,24.850000381469727,24.059999465942383,24.610000610351562,2.238696813583374,95700
2003-08-11,25.0,26.299999237060547,25.0,26.200000762939453,2.383333921432495,129200
2003-08-12,26.350000381469727,27.040000915527344,26.350000381469727,26.850000381469727,2.442462682723999,119100
2003-08-13,27.200000762939453,27.579999923706055,27.0,27.309999465942383,2.4843077659606934,106800
2003-08-14,27.549999237060547,27.700000762939453,27.5,27.549999237060547,2.5061392784118652,100100
2003-08-15,27.850000381469727,27.889999389648438,27.600000381469727,27.790000915527344,2.5279719829559326,56300
2003-08-18,27.889999389648438,27.889999389648438,27.0,27.299999237060547,2.483397960662842,77200
2003-08-19,27.899999618530273,28.0,27.600000381469727,27.760000228881836,2.525243043899536,77900
2003-08-20,27.6200008392334,28.0,27.350000381469727,27.700000762939453,2.519784450531006,90500
2003-08-21,27.899999618530273,28.75,27.8700008392334,28.75,2.615299701690674,109400
2003-08-22,29.100000381469727,29.81999969482422,28.68000030517578,28.68000030517578,2.6089327335357666,119600
2003-08-25,28.299999237060547,28.399999618530273,27.0,27.270000457763672,2.480668544769287,157200
2003-08-26,27.049999237060547,28.1200008392334,27.049999237060547,27.899999618530273,2.537977933883667,113900
2003-08-27,27.899999618530273,27.979999542236328,27.75,27.81999969482422,2.530700445175171,44200
2003-08-28,27.75,27.75,27.25,27.469999313354492,2.4988620281219482,39300
2003-08-29,27.59000015258789,27.75,27.25,27.350000381469727,2.487946033477783,55100
2003-09-02,27.309999465942383,28.479999542236328,27.309999465942383,28.450000762939453,2.5880095958709717,126100
2003-09-03,28.459999084472656,28.5,27.600000381469727,27.75,2.5243330001831055,121600
2003-09-04,27.75,28.75,27.329999923706055,27.489999771118164,2.5006816387176514,144100
2003-09-05,27.739999771118164,27.989999771118164,27.649999618530273,27.770000457763672,2.5261523723602295,64300
2003-09-08,27.700000762939453,28.200000762939453,27.25,27.5,2.5015909671783447,77300
2003-09-09,27.5,27.5,25.799999237060547,25.899999618530273,2.356044292449951,344800
2003-09-10,25.299999237060547,26.920000076293945,25.299999237060547,26.530000686645508,2.413353443145752,268000
2003-09-11,26.780000686645508,27.010000228881836,26.709999084472656,26.969999313354492,2.453378677368164,72000
2003-09-12,27.219999313354492,28.100000381469727,26.950000762939453,27.899999618530273,2.537977933883667,95200
2003-09-15,27.90999984741211,27.90999984741211,26.899999618530273,27.1200008392334,2.467024326324463,104900
2003-09-16,26.90999984741211,27.940000534057617,26.90999984741211,27.75,2.5243330001831055,93100
2003-09-17,27.75,27.850000381469727,27.540000915527344,27.700000762939453,2.519784450531006,57500
2003-09-18,27.5,27.59000015258789,27.299999237060547,27.3799991607666,2.490675449371338,68700
2003-09-19,27.43000030517578,27.43000030517578,26.540000915527344,26.549999237060547,2.415173292160034,71400
2003-09-22,26.559999465942383,27.149999618530273,25.790000915527344,27.079999923706055,2.463385581970215,190900
2003-09-23,27.450000762939453,28.18000030517578,27.200000762939453,27.950000762939453,2.5425262451171875,130500
2003-09-24,28.200000762939453,28.600000381469727,28.020000457763672,28.200000762939453,2.5652685165405273,148300
2003-09-25,28.149999618530273,28.15999984741211,27.020000457763672,27.200000762939453,2.47430157661438,137600
2003-09-26,26.950000762939453,27.0,26.420000076293945,26.5,2.4106240272521973,122800
2003-09-29,26.799999237060547,26.950000762939453,26.56999969482422,26.790000915527344,2.437005043029785,73300
2003-09-30,26.540000915527344,26.639999389648438,26.040000915527344,26.290000915527344,2.391521692276001,70000
2003-10-01,26.700000762939453,27.399999618530273,26.399999618530273,27.299999237060547,2.483397960662842,100600
2003-10-02,27.040000915527344,27.799999237060547,27.040000915527344,27.649999618530273,2.5152363777160645,43700
2003-10-03,28.049999237060547,28.799999237060547,27.799999237060547,28.450000762939453,2.5880095958709717,130900
2003-10-06,28.5,29.0,28.5,28.950000762939453,2.633493423461914,131700
2003-10-07,29.139999389648438,30.81999969482422,29.030000686645508,30.520000457763672,2.7763121128082275,237900
2003-10-08,30.530000686645508,30.579999923706055,29.600000381469727,30.399999618530273,2.765395164489746,244100
2003-10-09,30.420000076293945,32.9900016784668,30.420000076293945,32.18000030517578,2.927316427230835,191500
2003-10-10,32.5,33.459999084472656,32.5,32.79999923706055,2.9837160110473633,241900
2003-10-13,33.150001525878906,35.5,32.150001525878906,35.0,3.1838431358337402,466700
2003-10-14,34.849998474121094,35.0,33.689998626708984,33.90999984741211,3.0846893787384033,258000
2003-10-15,33.29999923706055,33.90999984741211,32.04999923706055,32.29999923706055,2.938232898712158,410700
2003-10-16,32.29999923706055,32.529998779296875,31.799999237060547,32.45000076293945,2.951878070831299,176900
2003-10-17,32.95000076293945,33.060001373291016,31.899999618530273,32.2599983215332,2.934593439102173,140000
2003-10-20,33.0,33.0,32.0,32.16999816894531,2.9264063835144043,230100
2003-10-21,31.8700008392334,32.439998626708984,31.649999618530273,31.709999084472656,2.884561538696289,189300
2003-10-22,31.709999084472656,31.709999084472656,30.530000686645508,30.780000686645508,2.799962282180786,180500
2003-10-23,30.229999542236328,31.0,29.200000762939453,30.81999969482422,2.8036022186279297,299300
2003-10-24,31.649999618530273,32.75,31.399999618530273,32.41999816894531,2.949148654937744,209100
2003-10-27,33.25,34.38999938964844,32.779998779296875,34.04999923706055,3.0974245071411133,216500
2003-10-28,35.0,36.54999923706055,34.90999984741211,36.20000076293945,3.293003797531128,338600
2003-10-29,36.209999084472656,36.45000076293945,35.15999984741211,35.79999923706055,3.2566168308258057,223000
2003-10-30,36.70000076293945,36.79999923706055,35.91999816894531,36.29999923706055,3.302100658416748,131600
2003-10-31,36.04999923706055,36.20000076293945,33.310001373291016,34.7400016784668,3.160191535949707,358000
2003-11-03,35.0099983215332,36.959999084472656,35.0099983215332,36.599998474121094,3.329390287399292,174500
2003-11-04,37.0,38.16999816894531,36.619998931884766,36.869998931884766,3.3539516925811768,236300
2003-11-05,36.9900016784668,37.34000015258789,36.0099983215332,36.54999923706055,3.3248419761657715,110400
2003-11-06,36.5,36.5,34.599998474121094,36.0,3.274810552597046,153200
2003-11-07,36.0,36.790000915527344,36.0,36.560001373291016,3.3257522583007812,184900
2003-11-10,36.310001373291016,36.47999954223633,35.119998931884766,35.349998474121094,3.215682029724121,148600
2003-11-11,35.349998474121094,35.349998474121094,33.529998779296875,34.279998779296875,3.118346929550171,250100
2003-11-12,33.58000183105469,35.5,33.54999923706055,35.45000076293945,3.2247776985168457,211800
2003-11-13,36.20000076293945,36.29999923706055,35.43000030517578,35.90999984741211,3.266623020172119,189500
2003-11-14,35.97999954223633,36.0,35.25,35.54999923706055,3.2338759899139404,88000
2003-11-17,35.0,35.0,33.52000045776367,33.79999923706055,3.074683427810669,192100
2003-11-18,34.0,34.790000915527344,33.75,33.75,3.0701348781585693,126400
2003-11-19,33.20000076293945,33.20000076293945,32.0,32.5,2.956425428390503,296000
2003-11-20,31.850000381469727,31.8700008392334,30.399999618530273,30.450000762939453,2.769944667816162,338600
2003-11-21,30.200000762939453,31.200000762939453,29.350000381469727,30.049999237060547,2.7335567474365234,342600
2003-11-24,31.0,32.119998931884766,30.989999771118164,31.75,2.8882009983062744,253200
2003-11-25,32.130001068115234,32.5,31.899999618530273,32.09000015258789,2.9191298484802246,152700
2003-11-26,32.25,32.70000076293945,32.11000061035156,32.20000076293945,2.929136037826538,82600
2003-11-28,32.5,32.779998779296875,32.5,32.7400016784668,2.978257894515991,53900
2003-12-01,33.5,34.0,33.349998474121094,33.75,3.0701348781585693,212100
2003-12-02,33.5,34.099998474121094,33.5,33.70000076293945,3.065586805343628,119300
2003-12-03,34.0,34.45000076293945,33.720001220703125,34.040000915527344,3.096515417098999,133300
2003-12-04,34.13999938964844,34.86000061035156,34.060001373291016,34.29999923706055,3.120166540145874,111200
2003-12-05,34.54999923706055,34.709999084472656,34.45000076293945,34.56999969482422,3.1447272300720215,112400
2003-12-08,34.529998779296875,34.75,34.220001220703125,34.599998474121094,3.147456407546997,86300
2003-12-09,34.79999923706055,35.5,34.79999923706055,35.22999954223633,3.2047648429870605,135600
2003-12-10,35.209999084472656,35.5,34.0,34.0099983215332,3.0937860012054443,156800
2003-12-11,34.099998474121094,35.849998474121094,34.099998474121094,35.7400016784668,3.2511589527130127,130600
2003-12-12,35.97999954223633,35.9900016784668,35.31999969482422,35.93000030517578,3.2684433460235596,125300
2003-12-15,35.90999984741211,35.9900016784668,35.150001525878906,35.22999954223633,3.2047648429870605,117400
2003-12-16,34.95000076293945,34.95000076293945,33.68000030517578,34.75,3.161102056503296,125200
2003-12-17,34.45000076293945,34.45000076293945,33.900001525878906,34.20000076293945,3.111069679260254,117000
2003-12-18,34.25,35.25,34.02000045776367,35.20000076293945,3.2020373344421387,117800
2003-12-19,35.5,36.0,35.400001525878906,35.880001068115234,3.2638938426971436,132500
2003-12-22,35.9900016784668,36.95000076293945,35.79999923706055,36.900001525878906,3.356680393218994,248100
2003-12-23,37.0,38.599998474121094,36.95000076293945,38.54999923706055,3.5067763328552246,259100
2003-12-24,38.849998474121094,40.400001525878906,38.75,39.83000183105469,3.6232144832611084,247400
2003-12-26,40.349998474121094,40.9900016784668,40.099998474121094,40.29999923706055,3.6659674644470215,180800
2003-12-29,39.5,41.20000076293945,39.0,41.20000076293945,3.9210245609283447,349500
2003-12-30,41.25,41.400001525878906,40.099998474121094,40.40999984741211,3.8458402156829834,176100
2003-12-31,40.5099983215332,41.25,40.5,40.77000045776367,3.8801021575927734,123300
2004-01-02,41.5,45.25,41.5,44.84000015258789,4.267446041107178,494900
2004-01-05,45.349998474121094,47.849998474121094,45.2599983215332,47.849998474121094,4.5539093017578125,631100
2004-01-06,47.70000076293945,47.70000076293945,42.560001373291016,43.04999923706055,4.097090244293213,710500
2004-01-07,43.04999923706055,43.060001373291016,39.38999938964844,40.54999923706055,3.859163999557495,838300
2004-01-08,41.099998474121094,43.16999816894531,41.099998474121094,42.650001525878906,4.059022426605225,438200
2004-01-09,43.0,44.25,42.400001525878906,43.29999923706055,4.120882987976074,392600
2004-01-12,43.599998474121094,43.9900016784668,41.20000076293945,41.29999923706055,3.930541753768921,453100
2004-01-13,41.31999969482422,42.25,40.060001373291016,40.060001373291016,3.812530517578125,318600
2004-01-14,40.02000045776367,42.0,39.7599983215332,41.95000076293945,3.992403268814087,353700
2004-01-15,41.95000076293945,41.95000076293945,40.0,40.0099983215332,3.807772636413574,352700
2004-01-16,40.20000076293945,40.349998474121094,37.400001525878906,38.5,3.6640641689300537,651600
2004-01-20,38.70000076293945,38.81999969482422,37.400001525878906,38.0099983215332,3.617431640625,588500
2004-01-21,38.29999923706055,39.400001525878906,37.619998931884766,39.150001525878906,3.725925922393799,359800
2004-01-22,39.400001525878906,39.58000183105469,38.20000076293945,38.27000045776367,3.6421754360198975,200200
2004-01-23,38.5099983215332,39.400001525878906,38.29999923706055,38.70000076293945,3.683098316192627,164200
2004-01-26,37.79999923706055,37.84000015258789,36.0099983215332,36.86000061035156,3.5079843997955322,567200
2004-01-27,36.599998474121094,36.599998474121094,35.25,35.349998474121094,3.3642776012420654,410200
2004-01-28,35.150001525878906,35.150001525878906,31.75,31.899999618530273,3.035939931869507,973000
2004-01-29,31.700000762939453,33.630001068115234,31.690000534057617,33.43000030517578,3.1815500259399414,574000
2004-01-30,34.20000076293945,34.349998474121094,33.5,33.79999923706055,3.216763973236084,275800
2004-02-02,33.720001220703125,33.720001220703125,32.15999984741211,32.31999969482422,3.075911283493042,256400
2004-02-03,31.719999313354492,32.900001525878906,31.200000762939453,32.88999938964844,3.1301586627960205,331500
2004-02-04,32.52000045776367,32.900001525878906,31.5,31.530000686645508,3.0007259845733643,217800
2004-02-05,32.099998474121094,32.34000015258789,31.600000381469727,32.16999816894531,3.0616350173950195,126700
2004-02-06,33.0,34.25,32.88999938964844,34.16999816894531,3.251976728439331,274500
2004-02-09,35.099998474121094,36.150001525878906,34.91999816894531,35.650001525878906,3.3928287029266357,332400
2004-02-10,34.68000030517578,36.349998474121094,34.68000030517578,36.0,3.4261388778686523,291300
2004-02-11,36.20000076293945,36.349998474121094,35.810001373291016,36.29999923706055,3.4546895027160645,115100
2004-02-12,36.29999923706055,36.29999923706055,34.599998474121094,35.0,3.330967664718628,173800
2004-02-13,35.20000076293945,35.86000061035156,33.95000076293945,34.599998474121094,3.2928993701934814,176900
2004-02-17,34.849998474121094,35.349998474121094,34.79999923706055,35.20000076293945,3.3500025272369385,202400
2004-02-18,35.400001525878906,35.900001525878906,35.25,35.54999923706055,3.383312225341797,103800
2004-02-19,35.650001525878906,35.849998474121094,34.900001525878906,35.04999923706055,3.335726737976074,106600
2004-02-20,35.0,35.22999954223633,34.349998474121094,34.56999969482422,3.290044069290161,82700
2004-02-23,34.41999816894531,34.45000076293945,33.11000061035156,33.45000076293945,3.1834535598754883,186400
2004-02-24,33.20000076293945,33.25,32.04999923706055,32.720001220703125,3.1139791011810303,153600
2004-02-25,32.61000061035156,33.43000030517578,32.41999816894531,33.099998474121094,3.15014386177063,76400
2004-02-26,33.0,33.790000915527344,33.0,33.650001525878906,3.2024877071380615,78100
2004-02-27,33.900001525878906,34.75,33.86000061035156,34.650001525878906,3.2976582050323486,125400
2004-03-01,34.79999923706055,35.20000076293945,34.79999923706055,35.029998779296875,3.333822727203369,92300
2004-03-02,35.369998931884766,35.369998931884766,34.61000061035156,34.70000076293945,3.3024168014526367,121900
2004-03-03,34.54999923706055,34.54999923706055,33.779998779296875,34.31999969482422,3.266252279281616,62400
2004-03-04,34.34000015258789,34.95000076293945,34.25,34.720001220703125,3.304320812225342,99500
2004-03-05,34.599998474121094,34.599998474121094,34.20000076293945,34.5,3.2833824157714844,118600
2004-03-08,34.45000076293945,34.529998779296875,33.29999923706055,33.29999923706055,3.1691784858703613,94500
2004-03-09,33.20000076293945,33.84000015258789,33.099998474121094,33.11000061035156,3.1510956287384033,84200
2004-03-10,32.900001525878906,33.13999938964844,32.279998779296875,32.279998779296875,3.07210373878479,128600
2004-03-11,31.75,31.889999389648438,31.260000228881836,31.260000228881836,2.9750301837921143,205600
2004-03-12,31.510000228881836,32.599998474121094,31.459999084472656,32.54999923706055,3.0978000164031982,134900
2004-03-15,32.45000076293945,32.79999923706055,32.02000045776367,32.119998931884766,3.056877613067627,60000
2004-03-16,32.220001220703125,32.790000915527344,31.799999237060547,32.0,3.0454561710357666,97900
2004-03-17,32.349998474121094,33.5,32.349998474121094,33.380001068115234,3.1767914295196533,86700
2004-03-18,33.400001525878906,33.45000076293945,32.900001525878906,33.380001068115234,3.1767914295196533,46000
2004-03-19,33.380001068115234,33.63999938964844,33.29999923706055,33.310001373291016,3.1701300144195557,20200
2004-03-22,32.5,32.5,30.850000381469727,31.25,2.974078416824341,172800
2004-03-23,31.450000762939453,31.780000686645508,31.0,31.489999771118164,2.9969193935394287,82200
2004-03-24,31.719999313354492,32.0,31.510000228881836,31.520000457763672,2.999774217605591,79100
2004-03-25,31.549999237060547,31.649999618530273,31.15999984741211,31.260000228881836,2.9750301837921143,81600
2004-03-26,31.010000228881836,31.200000762939453,30.700000762939453,30.799999237060547,2.9312517642974854,73900
2004-03-29,31.049999237060547,32.5,31.049999237060547,32.060001373291016,3.051166534423828,76900
2004-03-30,32.20000076293945,33.099998474121094,32.20000076293945,32.97999954223633,3.138723611831665,97300
2004-03-31,32.97999954223633,32.97999954223633,32.720001220703125,32.900001525878906,3.131110429763794,35600
2004-04-01,33.04999923706055,33.04999923706055,32.36000061035156,32.59000015258789,3.101607322692871,57900
2004-04-02,32.81999969482422,34.0,32.810001373291016,33.900001525878906,3.226280689239502,210500
2004-04-05,33.79999923706055,35.279998779296875,33.7599983215332,35.20000076293945,3.3500025272369385,163500
2004-04-06,35.400001525878906,35.4900016784668,34.709999084472656,35.099998474121094,3.3404860496520996,62400
2004-04-07,35.099998474121094,35.099998474121094,34.33000183105469,34.38999938964844,3.272913694381714,72300
2004-04-08,34.63999938964844,35.20000076293945,34.63999938964844,34.95000076293945,3.326209306716919,66100
2004-04-12,35.150001525878906,35.75,35.130001068115234,35.310001373291016,3.360471248626709,80900
2004-04-13,35.79999923706055,35.83000183105469,33.849998474121094,33.900001525878906,3.226280689239502,99100
2004-04-14,33.400001525878906,33.40999984741211,32.5,32.599998474121094,3.1025583744049072,78200
2004-04-15,32.70000076293945,33.20000076293945,31.690000534057617,31.799999237060547,3.0264220237731934,90600
2004-04-16,31.649999618530273,32.099998474121094,31.5,32.0,3.0454561710357666,71700
2004-04-19,31.81999969482422,31.969999313354492,31.600000381469727,31.860000610351562,3.032132625579834,44200
2004-04-20,31.950000762939453,32.29999923706055,30.600000381469727,30.700000762939453,2.9217352867126465,152700
2004-04-21,30.700000762939453,30.899999618530273,30.200000762939453,30.899999618530273,2.940768241882324,152000
2004-04-22,30.799999237060547,31.860000610351562,30.739999771118164,31.549999237060547,3.002629518508911,91100
2004-04-23,31.399999618530273,31.899999618530273,31.399999618530273,31.850000381469727,3.0311808586120605,72200
2004-04-26,31.0,31.270000457763672,29.5,29.649999618530273,2.821805953979492,288000
2004-04-27,29.399999618530273,29.399999618530273,28.600000381469727,28.68000030517578,2.7294905185699463,225700
2004-04-28,28.93000030517578,29.25,27.5,27.8700008392334,2.652401924133301,205000
2004-04-29,27.0,27.84000015258789,26.75,27.649999618530273,2.631464719772339,230800
2004-04-30,27.649999618530273,28.0,26.520000457763672,26.739999771118164,2.5448594093322754,129100
2004-05-03,26.520000457763672,26.75,26.049999237060547,26.5,2.5220181941986084,130000
2004-05-04,27.0,28.100000381469727,27.0,27.719999313354492,2.6381266117095947,235700
2004-05-05,27.969999313354492,27.969999313354492,27.299999237060547,27.520000457763672,2.6190927028656006,104900
2004-05-06,27.31999969482422,28.049999237060547,27.200000762939453,27.200000762939453,2.5886383056640625,70300
2004-05-07,27.350000381469727,27.719999313354492,25.25,25.31999969482422,2.409717082977295,112100
2004-05-10,25.0,25.010000228881836,23.75,24.0,2.284092426300049,261400
2004-05-11,24.100000381469727,25.5,24.100000381469727,25.5,2.4268481731414795,191500
2004-05-12,26.049999237060547,26.100000381469727,24.899999618530273,25.68000030517578,2.4439785480499268,118900
2004-05-13,25.0,26.079999923706055,25.0,25.989999771118164,2.4734816551208496,67700
2004-05-14,25.790000915527344,25.799999237060547,25.1200008392334,25.229999542236328,2.4011521339416504,29900
2004-05-17,23.75,23.899999618530273,22.75,23.399999618530273,2.2269904613494873,256300
2004-05-18,24.0,24.5,24.0,24.350000381469727,2.3174023628234863,143600
2004-05-19,25.200000762939453,26.600000381469727,25.200000762939453,25.959999084472656,2.47062611579895,264400
2004-05-20,25.959999084472656,26.100000381469727,25.600000381469727,25.799999237060547,2.45539927482605,39900
2004-05-21,26.399999618530273,27.56999969482422,26.399999618530273,27.389999389648438,2.606720209121704,172700
2004-05-24,27.59000015258789,28.0,27.5,27.940000534057617,2.6590635776519775,102300
2004-05-25,27.899999618530273,29.0,27.799999237060547,29.0,2.7599453926086426,122100
2004-05-26,29.0,29.149999618530273,28.760000228881836,28.760000228881836,2.7371039390563965,71400
2004-05-27,29.010000228881836,29.799999237060547,29.010000228881836,29.649999618530273,2.821805953979492,125500
2004-05-28,29.799999237060547,29.799999237060547,29.260000228881836,29.399999618530273,2.79801344871521,48100
2004-06-01,28.899999618530273,29.100000381469727,28.030000686645508,28.25,2.6885671615600586,91500
2004-06-02,28.350000381469727,28.549999237060547,27.799999237060547,28.06999969482422,2.671436071395874,66600
2004-06-03,27.5,27.600000381469727,26.950000762939453,27.5,2.617189407348633,65100
2004-06-04,27.700000762939453,28.440000534057617,27.700000762939453,28.229999542236328,2.6866633892059326,86500
2004-06-07,29.079999923706055,29.5,28.81999969482422,29.049999237060547,2.7647030353546143,115000
2004-06-08,29.049999237060547,29.100000381469727,28.600000381469727,29.0,2.7599453926086426,23600
2004-06-09,28.850000381469727,28.850000381469727,27.90999984741211,28.06999969482422,2.671436071395874,39000
2004-06-10,28.079999923706055,28.25,27.799999237060547,27.850000381469727,2.650498390197754,21700
2004-06-14,27.729999542236328,27.729999542236328,26.5,26.510000228881836,2.522970676422119,126000
2004-06-15,26.510000228881836,27.610000610351562,26.510000228881836,27.309999465942383,2.599107265472412,73900
2004-06-16,27.450000762939453,28.190000534057617,27.450000762939453,27.959999084472656,2.6609671115875244,35700
2004-06-17,28.049999237060547,28.049999237060547,27.549999237060547,27.649999618530273,2.631464719772339,46400
2004-06-18,27.799999237060547,27.799999237060547,26.799999237060547,26.81999969482422,2.5524730682373047,37200
2004-06-21,26.950000762939453,26.950000762939453,26.299999237060547,26.549999237060547,2.526777505874634,42900
2004-06-22,26.559999465942383,26.950000762939453,26.329999923706055,26.920000076293945,2.56199049949646,28600
2004-06-23,27.049999237060547,27.549999237060547,27.049999237060547,27.549999237060547,2.6219475269317627,36900
2004-06-24,27.610000610351562,28.079999923706055,27.610000610351562,27.709999084472656,2.637174606323242,50600
2004-06-25,27.559999465942383,27.790000915527344,27.450000762939453,27.649999618530273,2.631464719772339,24600
2004-06-28,27.770000457763672,28.049999237060547,27.579999923706055,27.6299991607666,2.629561185836792,33200
2004-06-29,27.399999618530273,28.0,27.399999618530273,28.0,2.664774179458618,39400
2004-06-30,28.0,28.84000015258789,28.0,28.799999237060547,2.740910530090332,69200
2004-07-01,28.75,28.899999618530273,28.0,28.200000762939453,2.683809280395508,32500
2004-07-02,28.100000381469727,28.149999618530273,27.399999618530273,27.780000686645508,2.6438369750976562,69700
2004-07-06,27.8799991607666,28.149999618530273,27.399999618530273,27.549999237060547,2.6219475269317627,42500
2004-07-07,27.100000381469727,27.600000381469727,27.100000381469727,27.5,2.617189407348633,39200
2004-07-08,27.25,27.350000381469727,27.020000457763672,27.059999465942383,2.5753138065338135,27300
2004-07-09,27.309999465942383,27.5,27.209999084472656,27.25,2.5933971405029297,30800
2004-07-12,27.299999237060547,27.299999237060547,27.0,27.25,2.5933971405029297,26900
2004-07-13,27.170000076293945,27.290000915527344,27.020000457763672,27.290000915527344,2.597203493118286,22200
2004-07-14,27.040000915527344,27.170000076293945,26.989999771118164,27.059999465942383,2.5753138065338135,30800
2004-07-15,27.1200008392334,27.200000762939453,26.260000228881836,26.260000228881836,2.4991776943206787,45900
2004-07-16,26.399999618530273,26.75,26.399999618530273,26.399999618530273,2.5125012397766113,60600
2004-07-19,26.450000762939453,26.670000076293945,26.079999923706055,26.239999771118164,2.497274160385132,27300
2004-07-20,26.200000762939453,26.549999237060547,26.079999923706055,26.549999237060547,2.526777505874634,50000
2004-07-21,26.780000686645508,27.09000015258789,26.299999237060547,26.299999237060547,2.5029845237731934,45600
2004-07-22,26.149999618530273,26.280000686645508,26.149999618530273,26.260000228881836,2.4991776943206787,34500
2004-07-23,26.059999465942383,26.1200008392334,25.549999237060547,25.600000381469727,2.4363651275634766,48000
2004-07-26,25.510000228881836,25.799999237060547,25.510000228881836,25.739999771118164,2.4496893882751465,31100
2004-07-27,25.989999771118164,26.889999389648438,25.959999084472656,26.889999389648438,2.5591351985931396,46800
2004-07-28,26.75,27.049999237060547,26.200000762939453,27.049999237060547,2.5743625164031982,28100
2004-07-29,27.100000381469727,27.950000762939453,27.100000381469727,27.600000381469727,2.6267058849334717,74900
2004-07-30,27.399999618530273,27.5,27.170000076293945,27.170000076293945,2.5857832431793213,43300
2004-08-02,27.0,27.200000762939453,26.899999618530273,27.0,2.569603681564331,70800
2004-08-03,27.100000381469727,27.149999618530273,26.950000762939453,26.950000762939453,2.564845561981201,8100
2004-08-04,27.049999237060547,27.100000381469727,26.84000015258789,26.899999618530273,2.560086488723755,24700
2004-08-05,27.0,27.100000381469727,26.75,26.75,2.545811414718628,21200
2004-08-06,26.549999237060547,26.600000381469727,25.690000534057617,25.709999084472656,2.446834087371826,48400
2004-08-09,25.559999465942383,26.100000381469727,25.559999465942383,26.100000381469727,2.4839508533477783,39000
2004-08-10,26.0,26.5,26.0,26.469999313354492,2.519163131713867,34800
2004-08-11,26.299999237060547,26.329999923706055,25.90999984741211,26.190000534057617,2.492515802383423,29400
2004-08-12,26.18000030517578,26.25,25.43000030517578,25.440000534057617,2.421138048171997,35200
2004-08-13,25.469999313354492,25.850000381469727,25.469999313354492,25.719999313354492,2.4477858543395996,20000
2004-08-16,25.899999618530273,26.34000015258789,25.799999237060547,26.200000762939453,2.493467330932617,34100
2004-08-17,26.350000381469727,26.850000381469727,26.200000762939453,26.719999313354492,2.5429556369781494,39200
2004-08-18,26.899999618530273,27.889999389648438,26.850000381469727,27.889999389648438,2.6543054580688477,77500
2004-08-19,28.0,28.5,28.0,28.25,2.6885671615600586,74600
2004-08-20,28.25,28.260000228881836,27.649999618530273,28.09000015258789,2.673339605331421,38200
2004-08-23,28.200000762939453,28.479999542236328,28.200000762939453,28.450000762939453,2.7076008319854736,31900
2004-08-24,28.299999237060547,28.700000762939453,28.299999237060547,28.489999771118164,2.7114078998565674,38800
2004-08-25,28.649999618530273,28.979999542236328,28.600000381469727,28.8700008392334,2.747572898864746,48100
2004-08-26,28.979999542236328,29.0,28.799999237060547,29.0,2.7599453926086426,39300
2004-08-27,29.0,29.5,28.899999618530273,29.360000610351562,2.794205665588379,50700
2004-08-30,29.600000381469727,29.600000381469727,29.190000534057617,29.229999542236328,2.7818336486816406,36700
2004-08-31,29.399999618530273,29.5,28.850000381469727,28.899999618530273,2.750427722930908,68500
2004-09-01,29.010000228881836,29.079999923706055,28.899999618530273,29.040000915527344,2.763751745223999,35400
2004-09-02,29.149999618530273,29.600000381469727,29.100000381469727,29.600000381469727,2.817047595977783,27100
2004-09-03,29.700000762939453,30.200000762939453,29.700000762939453,30.200000762939453,2.8741493225097656,70100
2004-09-07,30.200000762939453,30.729999542236328,29.899999618530273,30.700000762939453,2.9217352867126465,71000
2004-09-08,30.75,30.8799991607666,30.5,30.75,2.9264934062957764,45400
2004-09-09,30.6200008392334,30.850000381469727,30.510000228881836,30.739999771118164,2.925541400909424,31900
2004-09-10,30.75,31.149999618530273,30.75,31.139999389648438,2.963608980178833,43900
2004-09-13,31.139999389648438,31.809999465942383,31.049999237060547,31.59000015258789,3.0064361095428467,65100
2004-09-14,31.690000534057617,31.690000534057617,30.799999237060547,30.799999237060547,2.9312517642974854,62200
2004-09-15,30.899999618530273,30.899999618530273,30.5,30.600000381469727,2.912217855453491,43500
2004-09-16,30.75,31.149999618530273,30.709999084472656,30.799999237060547,2.9312517642974854,73400
2004-09-17,31.049999237060547,31.100000381469727,30.649999618530273,30.649999618530273,2.916975736618042,64800
2004-09-20,30.850000381469727,31.5,30.790000915527344,31.5,2.9978716373443604,60500
2004-09-21,31.56999969482422,31.670000076293945,31.399999618530273,31.6200008392334,3.009291887283325,54300
2004-09-22,31.700000762939453,31.700000762939453,30.81999969482422,30.829999923706055,2.9341068267822266,33200
2004-09-23,30.850000381469727,30.850000381469727,30.5,30.5,2.902700424194336,40600
2004-09-24,30.5,30.5,29.219999313354492,29.75,2.8313229084014893,118900
2004-09-27,29.68000030517578,29.68000030517578,29.309999465942383,29.3700008392334,2.7951581478118896,26300
2004-09-28,29.15999984741211,29.190000534057617,28.559999465942383,29.049999237060547,2.7647030353546143,85900
2004-09-29,29.049999237060547,29.399999618530273,29.049999237060547,29.399999618530273,2.79801344871521,33600
2004-09-30,29.350000381469727,29.899999618530273,29.309999465942383,29.889999389648438,2.844647169113159,37400
2004-10-01,30.0,30.649999618530273,30.0,30.5,2.902700424194336,54100
2004-10-04,30.649999618530273,30.940000534057617,30.600000381469727,30.920000076293945,2.9426727294921875,72400
2004-10-05,30.799999237060547,30.860000610351562,30.360000610351562,30.399999618530273,2.8931829929351807,29200
2004-10-06,30.299999237060547,30.299999237060547,30.0,30.200000762939453,2.8741493225097656,31600
2004-10-07,30.299999237060547,30.600000381469727,30.020000457763672,30.260000228881836,2.8798601627349854,42700
2004-10-08,30.200000762939453,30.34000015258789,30.079999923706055,30.280000686645508,2.881763219833374,18800
2004-10-11,30.43000030517578,30.790000915527344,30.43000030517578,30.790000915527344,2.93030047416687,28500
2004-10-12,30.65999984741211,30.93000030517578,30.100000381469727,30.299999237060547,2.8836660385131836,74300
2004-10-13,30.399999618530273,30.5,29.299999237060547,29.700000762939453,2.826564073562622,61100
2004-10-14,29.649999618530273,29.84000015258789,29.299999237060547,29.299999237060547,2.788496255874634,42600
2004-10-15,29.350000381469727,29.850000381469727,29.299999237060547,29.469999313354492,2.8046751022338867,29600
2004-10-18,29.31999969482422,29.450000762939453,29.149999618530273,29.399999618530273,2.79801344871521,28500
2004-10-19,29.549999237060547,29.75,29.350000381469727,29.489999771118164,2.8065781593322754,25300
2004-10-20,29.239999771118164,29.360000610351562,28.899999618530273,29.25,2.7837374210357666,41800
2004-10-21,29.030000686645508,29.290000915527344,28.90999984741211,29.149999618530273,2.7742204666137695,60200
2004-10-22,29.049999237060547,29.200000762939453,28.799999237060547,28.799999237060547,2.740910530090332,18400
2004-10-25,28.6299991607666,28.6299991607666,27.950000762939453,28.040000915527344,2.668581962585449,83000
2004-10-26,28.110000610351562,28.5,28.110000610351562,28.270000457763672,2.6904702186584473,30000
2004-10-27,28.299999237060547,28.649999618530273,28.299999237060547,28.649999618530273,2.726635456085205,34500
2004-10-28,28.729999542236328,29.5,28.600000381469727,29.350000381469727,2.7932546138763428,95000
2004-10-29,29.299999237060547,29.440000534057617,29.0,29.149999618530273,2.7742204666137695,24100
2004-11-01,29.0,29.649999618530273,28.75,29.649999618530273,2.821805953979492,41100
2004-11-02,29.709999084472656,29.979999542236328,29.600000381469727,29.81999969482422,2.837984800338745,41300
2004-11-03,29.950000762939453,30.010000228881836,29.81999969482422,29.959999084472656,2.851308584213257,26600
2004-11-04,29.959999084472656,30.450000762939453,29.899999618530273,30.350000381469727,2.88842511177063,49400
2004-11-05,30.600000381469727,30.799999237060547,30.5,30.75,2.9264934062957764,48800
2004-11-08,30.950000762939453,31.200000762939453,30.899999618530273,31.049999237060547,2.9550445079803467,43400
2004-11-09,31.149999618530273,31.510000228881836,31.09000015258789,31.399999618530273,2.988353967666626,29300
2004-11-10,31.540000915527344,32.40999984741211,31.540000915527344,32.400001525878906,3.0835254192352295,100500
2004-11-11,32.5,33.349998474121094,32.5,33.29999923706055,3.1691784858703613,76500
2004-11-12,33.04999923706055,33.20000076293945,32.54999923706055,33.20000076293945,3.159660816192627,86800
2004-11-15,32.95000076293945,33.29999923706055,32.70000076293945,32.9900016784668,3.139674425125122,69000
2004-11-16,32.95000076293945,33.04999923706055,32.75,32.91999816894531,3.1330134868621826,29900
2004-11-17,33.29999923706055,33.79999923706055,33.29999923706055,33.720001220703125,3.2091498374938965,76600
2004-11-18,33.70000076293945,33.790000915527344,33.209999084472656,33.59000015258789,3.19677734375,45900
2004-11-19,33.0,33.13999938964844,32.20000076293945,32.349998474121094,3.078765869140625,62100
2004-11-22,32.20000076293945,32.25,31.5,31.799999237060547,3.0264220237731934,68100
2004-11-23,31.649999618530273,32.380001068115234,31.649999618530273,32.310001373291016,3.0749592781066895,66200
2004-11-24,32.529998779296875,32.86000061035156,32.529998779296875,32.86000061035156,3.1273036003112793,24700
2004-11-26,32.93000030517578,33.70000076293945,32.90999984741211,33.70000076293945,3.207246780395508,33700
2004-11-29,33.599998474121094,33.75,33.20000076293945,33.439998626708984,3.1825015544891357,62300
2004-11-30,33.5,33.7400016784668,33.36000061035156,33.58000183105469,3.1958260536193848,44600
2004-12-01,33.650001525878906,33.70000076293945,33.0,33.470001220703125,3.185357093811035,64300
2004-12-02,33.220001220703125,33.59000015258789,33.150001525878906,33.41999816894531,3.1805973052978516,42400
2004-12-03,33.5,34.20000076293945,33.40999984741211,34.18000030517578,3.2529284954071045,74000
2004-12-06,34.279998779296875,34.43000030517578,33.959999084472656,34.43000030517578,3.2767202854156494,47700
2004-12-07,34.5,34.5,33.83000183105469,34.099998474121094,3.245314836502075,57300
2004-12-08,34.20000076293945,34.20000076293945,33.61000061035156,33.75,3.212005138397217,40100
2004-12-09,33.900001525878906,34.099998474121094,33.79999923706055,34.04999923706055,3.240556001663208,36400
2004-12-10,34.060001373291016,34.349998474121094,34.040000915527344,34.099998474121094,3.245314836502075,41600
2004-12-13,34.11000061035156,34.310001373291016,33.900001525878906,34.060001373291016,3.241507053375244,45000
2004-12-14,33.86000061035156,34.470001220703125,33.849998474121094,34.439998626708984,3.27767276763916,68500
2004-12-15,34.4900016784668,34.900001525878906,34.459999084472656,34.65999984741211,3.298609972000122,98100
2004-12-16,34.70000076293945,35.0,34.52000045776367,34.880001068115234,3.3195478916168213,99900
2004-12-17,34.650001525878906,35.25,34.650001525878906,35.099998474121094,3.3404860496520996,65800
2004-12-20,32.130001068115234,32.45000076293945,31.399999618530273,31.889999389648438,3.3786251544952393,166200
2004-12-21,32.5,32.75,32.209999084472656,32.5,3.4432525634765625,95000
2004-12-22,32.689998626708984,33.5,32.68000030517578,33.470001220703125,3.5460205078125,68400
2004-12-23,33.470001220703125,33.97999954223633,33.099998474121094,33.68000030517578,3.5682690143585205,61700
2004-12-27,33.70000076293945,34.189998626708984,33.599998474121094,34.189998626708984,3.622302532196045,66000
2004-12-28,34.189998626708984,34.189998626708984,33.11000061035156,33.310001373291016,3.529069662094116,53100
2004-12-29,33.099998474121094,33.099998474121094,32.099998474121094,32.70000076293945,3.4644417762756348,115400
2004-12-30,32.599998474121094,32.88999938964844,32.400001525878906,32.79999923706055,3.475036859512329,26700
2004-12-31,32.619998931884766,32.77000045776367,32.29999923706055,32.720001220703125,3.4665608406066895,21900
2005-01-03,32.52000045776367,33.099998474121094,32.5,32.900001525878906,3.4856317043304443,48400
2005-01-04,33.150001525878906,33.29999923706055,32.11000061035156,32.11000061035156,3.4019336700439453,55200
2005-01-05,31.950000762939453,31.989999771118164,31.0,31.010000228881836,3.2853939533233643,59900
2005-01-06,30.5,30.979999542236328,30.420000076293945,30.979999542236328,3.282215118408203,45100
2005-01-07,31.149999618530273,31.200000762939453,30.600000381469727,30.799999237060547,3.2631442546844482,50300
2005-01-10,31.299999237060547,32.5,31.100000381469727,32.5,3.4432525634765625,144400
2005-01-11,32.400001525878906,32.45000076293945,31.799999237060547,31.899999618530273,3.379685640335083,43300
2005-01-12,31.5,31.770000457763672,31.0,31.1299991607666,3.2981066703796387,49700
2005-01-13,31.1299991607666,31.799999237060547,31.1299991607666,31.639999389648438,3.3521385192871094,21500
2005-01-14,31.700000762939453,31.700000762939453,31.0,31.030000686645508,3.2875113487243652,34600
2005-01-18,31.010000228881836,31.299999237060547,31.0,31.18000030517578,3.303403854370117,46600
2005-01-19,31.079999923706055,31.200000762939453,31.0,31.079999923706055,3.29280948638916,18400
2005-01-20,31.0,31.190000534057617,30.899999618530273,31.049999237060547,3.289630889892578,27300
2005-01-21,31.229999542236328,31.229999542236328,30.920000076293945,31.079999923706055,3.29280948638916,33100
2005-01-24,31.25,31.25,30.5,30.600000381469727,3.241955280303955,40500
2005-01-25,30.75,31.020000457763672,29.600000381469727,29.610000610351562,3.137068033218384,137800
2005-01-26,29.75,30.0,29.649999618530273,29.899999618530273,3.167792797088623,37400
2005-01-27,29.799999237060547,30.0,29.709999084472656,29.899999618530273,3.167792797088623,22800
2005-01-28,29.850000381469727,30.100000381469727,29.81999969482422,30.049999237060547,3.183685064315796,30000
2005-01-31,30.149999618530273,31.399999618530273,30.149999618530273,31.280000686645508,3.3139986991882324,56100
2005-02-01,31.43000030517578,31.649999618530273,31.200000762939453,31.530000686645508,3.3404853343963623,40200
2005-02-02,31.549999237060547,32.400001525878906,31.549999237060547,32.29999923706055,3.4220635890960693,53200
2005-02-03,31.959999084472656,32.29999923706055,31.799999237060547,32.150001525878906,3.406172037124634,60100
2005-02-04,32.29999923706055,32.79999923706055,32.29999923706055,32.79999923706055,3.475036859512329,40500
2005-02-07,33.02000045776367,33.5,32.900001525878906,32.90999984741211,3.486691474914551,58900
2005-02-08,33.02000045776367,33.400001525878906,33.0,33.130001068115234,3.5099987983703613,39800
2005-02-09,33.130001068115234,33.400001525878906,32.5099983215332,32.5099983215332,3.4443113803863525,45700
2005-02-10,32.29999923706055,32.29999923706055,31.25,31.350000381469727,3.3214151859283447,59100
2005-02-11,31.350000381469727,31.899999618530273,31.020000457763672,31.68000030517578,3.356377124786377,24900
2005-02-14,31.8799991607666,32.75,31.8799991607666,32.54999923706055,3.4485504627227783,36600
2005-02-15,32.900001525878906,32.97999954223633,32.70000076293945,32.81999969482422,3.4771554470062256,32600
2005-02-16,32.88999938964844,33.599998474121094,32.88999938964844,33.38999938964844,3.5375447273254395,77000
2005-02-17,33.63999938964844,33.650001525878906,32.29999923706055,32.33000183105469,3.4252421855926514,39800
2005-02-18,32.58000183105469,33.0,32.349998474121094,32.349998474121094,3.427361011505127,19200
2005-02-22,32.599998474121094,32.599998474121094,32.0,32.0099983215332,3.39133882522583,45500
2005-02-23,32.099998474121094,32.25,31.899999618530273,31.950000762939453,3.384982109069824,25200
2005-02-24,32.25,33.150001525878906,31.860000610351562,33.150001525878906,3.512117862701416,101500
2005-02-25,33.400001525878906,33.70000076293945,33.349998474121094,33.58000183105469,3.5576751232147217,49100
2005-02-28,33.709999084472656,33.75,33.20000076293945,33.34000015258789,3.5322482585906982,43000
2005-03-01,33.349998474121094,33.70000076293945,33.310001373291016,33.689998626708984,3.569328546524048,36200
2005-03-02,33.599998474121094,33.599998474121094,32.25,32.43000030517578,3.4358367919921875,66900
2005-03-03,32.599998474121094,33.0099983215332,32.599998474121094,32.900001525878906,3.4856317043304443,30700
2005-03-04,32.900001525878906,32.900001525878906,32.5,32.5099983215332,3.4443113803863525,22000
2005-03-07,32.5099983215332,33.25,32.45000076293945,33.150001525878906,3.512117862701416,79600
2005-03-08,33.15999984741211,33.54999923706055,33.15999984741211,33.459999084472656,3.5449612140655518,39500
2005-03-09,33.65999984741211,33.75,33.099998474121094,33.70000076293945,3.5703890323638916,55800
2005-03-10,33.70000076293945,33.709999084472656,32.70000076293945,33.189998626708984,3.516355276107788,28400
2005-03-11,32.9900016784668,33.25,32.849998474121094,33.0,3.496225595474243,15600
2005-03-14,32.900001525878906,32.900001525878906,32.060001373291016,32.20000076293945,3.411468744277954,30600
2005-03-15,32.099998474121094,32.20000076293945,31.5,31.65999984741211,3.3542580604553223,39300
2005-03-16,31.510000228881836,31.600000381469727,31.200000762939453,31.399999618530273,3.326711893081665,40900
2005-03-17,31.600000381469727,31.649999618530273,31.200000762939453,31.450000762939453,3.332009792327881,52200
2005-03-18,31.399999618530273,31.600000381469727,31.200000762939453,31.389999389648438,3.325652837753296,23400
2005-03-21,31.219999313354492,31.8799991607666,31.219999313354492,31.770000457763672,3.3659119606018066,45400
2005-03-22,31.770000457763672,31.950000762939453,31.5,31.6299991607666,3.351079225540161,25700
2005-03-23,31.510000228881836,31.530000686645508,30.790000915527344,30.90999984741211,3.274798631668091,64600
2005-03-24,30.799999237060547,30.799999237060547,30.010000228881836,30.190000534057617,3.198517084121704,75900
2005-03-28,30.149999618530273,30.299999237060547,29.81999969482422,30.100000381469727,3.1889822483062744,44900
2005-03-29,30.0,30.399999618530273,29.799999237060547,29.899999618530273,3.167792797088623,27400
2005-03-30,29.75,30.399999618530273,29.75,30.139999389648438,3.1932201385498047,37000
2005-03-31,30.200000762939453,30.200000762939453,29.950000762939453,30.15999984741211,3.1953377723693848,29200
2005-04-01,30.25,30.700000762939453,30.25,30.350000381469727,3.215468406677246,22600
2005-04-04,30.299999237060547,30.34000015258789,29.719999313354492,30.0,3.17838716506958,34700
2005-04-05,30.0,30.200000762939453,30.0,30.040000915527344,3.1826250553131104,25000
2005-04-06,30.079999923706055,30.200000762939453,30.0,30.100000381469727,3.1889822483062744,23600
2005-04-07,30.100000381469727,30.100000381469727,29.549999237060547,29.700000762939453,3.1466028690338135,34100
2005-04-08,29.700000762939453,30.0,29.610000610351562,29.709999084472656,3.1476633548736572,18400
2005-04-11,29.649999618530273,29.649999618530273,28.600000381469727,28.84000015258789,3.0554897785186768,96900
2005-04-12,28.899999618530273,29.18000030517578,28.600000381469727,28.75,3.045954465866089,47300
2005-04-13,28.75,29.200000762939453,28.75,29.010000228881836,3.073500394821167,49000
2005-04-14,28.90999984741211,28.90999984741211,28.010000228881836,28.15999984741211,2.9834463596343994,52700
2005-04-15,27.959999084472656,28.200000762939453,26.709999084472656,26.719999313354492,2.830883502960205,101400
2005-04-18,26.719999313354492,26.799999237060547,26.450000762939453,26.75,2.834062337875366,55700
2005-04-19,27.0,28.100000381469727,27.0,28.049999237060547,2.971792459487915,58800
2005-04-20,28.299999237060547,28.799999237060547,28.020000457763672,28.079999923706055,2.9749698638916016,47300
2005-04-21,28.200000762939453,28.5,28.100000381469727,28.350000381469727,3.0035758018493652,42100
2005-04-22,28.149999618530273,28.670000076293945,28.100000381469727,28.56999969482422,3.026884078979492,35300
2005-04-25,28.56999969482422,28.84000015258789,28.510000228881836,28.829999923706055,3.054429531097412,25700
2005-04-26,28.93000030517578,28.93000030517578,28.709999084472656,28.75,3.045954465866089,20700
2005-04-27,28.649999618530273,28.75,28.399999618530273,28.75,3.045954465866089,26600
2005-04-28,28.549999237060547,28.600000381469727,27.5,27.6299991607666,2.9272947311401367,32500
2005-04-29,27.520000457763672,27.600000381469727,27.0,27.5,2.9135215282440186,38400
2005-05-02,27.65999984741211,28.25,27.600000381469727,28.049999237060547,2.971792459487915,33100
2005-05-03,27.950000762939453,28.0,27.860000610351562,27.899999618530273,2.955900192260742,6200
2005-05-04,27.889999389648438,27.989999771118164,27.399999618530273,27.6299991607666,2.9272947311401367,35200
2005-05-05,27.649999618530273,28.0,27.649999618530273,27.809999465942383,2.9463653564453125,14800
2005-05-06,28.010000228881836,28.399999618530273,27.920000076293945,28.0,2.9664947986602783,25100
2005-05-09,28.0,28.299999237060547,27.899999618530273,28.299999237060547,2.9982786178588867,15400
2005-05-10,28.549999237060547,29.540000915527344,28.510000228881836,28.610000610351562,3.0311222076416016,50000
2005-05-11,28.5,28.559999465942383,28.100000381469727,28.270000457763672,2.995100259780884,22300
2005-05-12,28.18000030517578,29.59000015258789,28.18000030517578,29.049999237060547,3.0777382850646973,53900
2005-05-13,29.299999237060547,29.5,28.780000686645508,29.0,3.072441577911377,23700
2005-05-16,28.950000762939453,28.950000762939453,28.469999313354492,28.530000686645508,3.0226471424102783,18700
2005-05-17,28.450000762939453,29.0,28.450000762939453,28.790000915527344,3.05019211769104,11900
2005-05-18,29.0,29.09000015258789,28.860000610351562,29.0,3.072441577911377,35100
2005-05-19,29.030000686645508,30.100000381469727,29.030000686645508,30.09000015258789,3.187922239303589,59400
2005-05-20,30.020000457763672,30.200000762939453,29.760000228881836,30.0,3.17838716506958,26600
2005-05-23,29.799999237060547,30.389999389648438,29.700000762939453,30.209999084472656,3.200636386871338,35800
2005-05-24,30.18000030517578,30.299999237060547,29.600000381469727,30.200000762939453,3.1995761394500732,23000
2005-05-25,30.049999237060547,30.110000610351562,29.799999237060547,29.940000534057617,3.1720306873321533,13300
2005-05-26,30.059999465942383,30.5,29.850000381469727,30.059999465942383,3.184744119644165,9300
2005-05-27,29.950000762939453,30.200000762939453,29.950000762939453,30.170000076293945,3.196397066116333,12600
2005-05-31,30.149999618530273,30.149999618530273,29.299999237060547,29.299999237060547,3.104224681854248,36100
2005-06-01,29.350000381469727,29.59000015258789,28.969999313354492,28.969999313354492,3.0692622661590576,19200
2005-06-02,29.040000915527344,29.25,28.809999465942383,29.040000915527344,3.07667875289917,18600
2005-06-03,29.0,29.110000610351562,28.530000686645508,28.639999389648438,3.0343005657196045,29000
2005-06-06,28.5,29.5,28.5,29.399999618530273,3.1148197650909424,25800
2005-06-07,29.5,29.600000381469727,29.200000762939453,29.200000762939453,3.09363055229187,18800
2005-06-08,29.200000762939453,29.790000915527344,29.200000762939453,29.399999618530273,3.1148197650909424,48100
2005-06-09,29.549999237060547,29.549999237060547,28.950000762939453,28.950000762939453,3.0671439170837402,22900
2005-06-10,28.899999618530273,29.0,28.399999618530273,28.579999923706055,3.0279438495635986,31300
2005-06-13,28.549999237060547,28.600000381469727,28.309999465942383,28.450000762939453,3.0141704082489014,8700
2005-06-14,28.329999923706055,28.649999618530273,28.149999618530273,28.639999389648438,3.0343005657196045,16000
2005-06-15,28.15999984741211,28.399999618530273,28.149999618530273,28.149999618530273,2.982386827468872,35700
2005-06-16,28.110000610351562,28.600000381469727,28.020000457763672,28.549999237060547,3.0247647762298584,52600
2005-06-17,28.6200008392334,29.420000076293945,28.6200008392334,29.139999389648438,3.0872743129730225,42400
2005-06-20,29.149999618530273,29.639999389648438,29.149999618530273,29.610000610351562,3.137068033218384,53900
2005-06-21,29.75,29.75,29.549999237060547,29.700000762939453,3.1466028690338135,50500
2005-06-22,29.5,30.649999618530273,29.420000076293945,30.420000076293945,3.2228851318359375,147800
2005-06-23,28.75,29.100000381469727,28.0,28.729999542236328,3.0438361167907715,199400
2005-06-24,28.739999771118164,28.790000915527344,28.610000610351562,28.729999542236328,3.0438361167907715,18800
2005-06-27,28.75,28.75,28.170000076293945,28.34000015258789,3.002516508102417,31100
2005-06-28,28.239999771118164,28.399999618530273,28.239999771118164,28.350000381469727,3.0035758018493652,28700
2005-06-29,28.450000762939453,28.489999771118164,28.260000228881836,28.34000015258789,3.002516508102417,18100
2005-06-30,28.59000015258789,28.649999618530273,28.31999969482422,28.399999618530273,3.008873224258423,19200
2005-07-01,28.399999618530273,28.450000762939453,28.309999465942383,28.389999389648438,3.0078139305114746,15600
2005-07-05,28.280000686645508,28.290000915527344,28.06999969482422,28.100000381469727,2.9770891666412354,33300
2005-07-06,28.100000381469727,28.299999237060547,28.09000015258789,28.100000381469727,2.9770891666412354,25400
2005-07-07,28.0,28.020000457763672,27.649999618530273,28.0,2.9664947986602783,31600
2005-07-08,27.899999618530273,28.100000381469727,27.8799991607666,28.100000381469727,2.9770891666412354,24900
2005-07-11,28.200000762939453,28.299999237060547,27.600000381469727,27.809999465942383,2.9463653564453125,48500
2005-07-12,28.020000457763672,28.100000381469727,27.850000381469727,27.969999313354492,2.9633164405822754,41200
2005-07-13,27.969999313354492,28.0,27.65999984741211,27.940000534057617,2.9601378440856934,42900
2005-07-14,27.940000534057617,28.200000762939453,27.5,27.649999618530273,2.9294137954711914,75500
2005-07-15,27.549999237060547,27.739999771118164,27.450000762939453,27.510000228881836,2.914581298828125,38900
2005-07-18,27.5,27.760000228881836,27.450000762939453,27.670000076293945,2.931532621383667,56600
2005-07-19,27.420000076293945,27.43000030517578,27.100000381469727,27.200000762939453,2.8817379474639893,46400
2005-07-20,26.700000762939453,27.0,26.520000457763672,26.850000381469727,2.8446567058563232,44600
2005-07-21,27.100000381469727,28.600000381469727,26.940000534057617,28.399999618530273,3.008873224258423,276600
2005-07-22,28.649999618530273,28.899999618530273,28.309999465942383,28.770000457763672,3.0480728149414062,112500
2005-07-25,28.950000762939453,29.139999389648438,28.799999237060547,29.020000457763672,3.0745599269866943,106700
2005-07-26,29.0,29.010000228881836,27.899999618530273,28.020000457763672,2.9686131477355957,68500
2005-07-27,28.100000381469727,28.350000381469727,28.049999237060547,28.049999237060547,2.971792459487915,30700
2005-07-28,28.5,28.5,28.1299991607666,28.25,2.9929819107055664,63500
2005-07-29,28.75,28.75,27.520000457763672,27.75,2.9400086402893066,98900
2005-08-01,27.549999237060547,27.75,26.75,27.0,2.8605480194091797,143400
2005-08-02,26.889999389648438,27.200000762939453,26.700000762939453,26.809999465942383,2.840418577194214,108000
2005-08-03,26.81999969482422,26.850000381469727,26.40999984741211,26.579999923706055,2.8160512447357178,165900
2005-08-04,26.5,26.600000381469727,26.3700008392334,26.3700008392334,2.7938027381896973,83800
2005-08-05,26.299999237060547,26.299999237060547,26.139999389648438,26.170000076293945,2.772613525390625,95900
2005-08-08,26.149999618530273,26.270000457763672,26.100000381469727,26.190000534057617,2.7747321128845215,62700
2005-08-09,26.229999542236328,26.25,26.100000381469727,26.15999984741211,2.7715535163879395,70000
2005-08-10,26.200000762939453,26.59000015258789,26.06999969482422,26.25,2.7810890674591064,216500
2005-08-11,26.350000381469727,26.399999618530273,26.149999618530273,26.280000686645508,2.7842674255371094,119700
2005-08-12,26.290000915527344,26.309999465942383,26.1200008392334,26.209999084472656,2.776851177215576,57500
2005-08-15,26.299999237060547,26.299999237060547,26.219999313354492,26.25,2.7810890674591064,61300
2005-08-16,26.239999771118164,26.280000686645508,26.010000228881836,26.049999237060547,2.759899854660034,81600
2005-08-17,26.030000686645508,26.239999771118164,26.030000686645508,26.100000381469727,2.765197277069092,81900
2005-08-18,25.950000762939453,26.0,25.700000762939453,25.8799991607666,2.7418887615203857,91700
2005-08-19,25.799999237060547,25.860000610351562,25.549999237060547,25.6200008392334,2.714343309402466,50300
2005-08-22,25.700000762939453,25.950000762939453,25.600000381469727,25.670000076293945,2.719640016555786,75400
2005-08-23,25.790000915527344,25.790000915527344,25.350000381469727,25.420000076293945,2.6931533813476562,94700
2005-08-24,25.350000381469727,25.420000076293945,25.020000457763672,25.06999969482422,2.6560726165771484,113100
2005-08-25,25.1200008392334,25.190000534057617,24.899999618530273,24.969999313354492,2.6454780101776123,71100
2005-08-26,24.90999984741211,24.940000534057617,24.56999969482422,24.6299991607666,2.6094558238983154,94200
2005-08-29,24.530000686645508,24.799999237060547,24.399999618530273,24.790000915527344,2.6264073848724365,73700
2005-08-30,24.850000381469727,25.450000762939453,24.770000457763672,25.100000381469727,2.659250497817993,83900
2005-08-31,25.100000381469727,25.239999771118164,25.049999237060547,25.200000762939453,2.6698453426361084,46000
2005-09-01,25.229999542236328,25.600000381469727,25.18000030517578,25.270000457763672,2.6772615909576416,78500
2005-09-02,25.5,25.5,25.149999618530273,25.280000686645508,2.67832088470459,31000
2005-09-06,25.3799991607666,25.68000030517578,25.219999313354492,25.530000686645508,2.7048075199127197,85100
2005-09-07,25.649999618530273,25.799999237060547,25.5,25.649999618530273,2.7175211906433105,39400
2005-09-08,25.65999984741211,25.690000534057617,25.5,25.530000686645508,2.7048075199127197,25700
2005-09-09,25.5,25.700000762939453,25.43000030517578,25.59000015258789,2.7111642360687256,43700
2005-09-12,25.649999618530273,25.799999237060547,25.520000457763672,25.780000686645508,2.7312943935394287,94500
2005-09-13,25.899999618530273,25.950000762939453,25.700000762939453,25.799999237060547,2.733412742614746,81000
2005-09-14,25.969999313354492,25.969999313354492,25.559999465942383,25.649999618530273,2.7175211906433105,67000
2005-09-15,25.829999923706055,25.829999923706055,25.450000762939453,25.5,2.701629400253296,43600
2005-09-16,25.5,25.75,25.43000030517578,25.700000762939453,2.722818374633789,60300
2005-09-19,25.670000076293945,25.690000534057617,25.34000015258789,25.34000015258789,2.684677839279175,62400
2005-09-20,25.540000915527344,25.549999237060547,25.3700008392334,25.3700008392334,2.687856674194336,31600
2005-09-21,25.399999618530273,25.5,25.219999313354492,25.239999771118164,2.6740832328796387,50600
2005-09-22,25.200000762939453,25.200000762939453,24.920000076293945,25.030000686645508,2.6518349647521973,58900
2005-09-23,25.049999237060547,25.09000015258789,24.90999984741211,24.989999771118164,2.647596836090088,26600
2005-09-26,25.239999771118164,25.239999771118164,25.049999237060547,25.200000762939453,2.6698453426361084,49700
2005-09-27,25.15999984741211,25.25,24.90999984741211,25.010000228881836,2.6497154235839844,94700
2005-09-28,25.110000610351562,25.149999618530273,25.0,25.1200008392334,2.661369800567627,47000
2005-09-29,25.139999389648438,25.68000030517578,25.139999389648438,25.68000030517578,2.7206995487213135,92200
2005-09-30,25.690000534057617,25.989999771118164,25.559999465942383,25.959999084472656,2.750364303588867,79800
2005-10-03,25.959999084472656,26.200000762939453,25.899999618530273,26.0,2.7546017169952393,99200
2005-10-04,26.079999923706055,26.149999618530273,25.899999618530273,25.899999618530273,2.7440083026885986,53100
2005-10-05,25.899999618530273,25.899999618530273,25.25,25.350000381469727,2.6857376098632812,83400
2005-10-06,25.1200008392334,25.25,25.100000381469727,25.100000381469727,2.659250497817993,94000
2005-10-07,25.1200008392334,25.34000015258789,25.100000381469727,25.190000534057617,2.668785810470581,16500
2005-10-10,25.290000915527344,25.290000915527344,25.1200008392334,25.15999984741211,2.6656076908111572,24600
2005-10-11,25.100000381469727,25.350000381469727,25.030000686645508,25.1200008392334,2.661369800567627,26200
2005-10-12,25.049999237060547,25.049999237060547,24.399999618530273,24.540000915527344,2.5999209880828857,72500
2005-10-13,24.5,24.540000915527344,23.719999313354492,23.81999969482422,2.523638963699341,83300
2005-10-14,23.850000381469727,23.889999389648438,23.68000030517578,23.850000381469727,2.526818037033081,71600
2005-10-17,23.950000762939453,23.950000762939453,23.559999465942383,23.6200008392334,2.5024499893188477,48200
2005-10-18,23.6200008392334,23.75,23.270000457763672,23.309999465942383,2.469606637954712,47300
2005-10-19,23.110000610351562,23.299999237060547,22.889999389648438,23.299999237060547,2.4685473442077637,80100
2005-10-20,23.5,23.549999237060547,23.0,23.030000686645508,2.4399421215057373,64000
2005-10-21,23.010000228881836,23.299999237060547,23.0,23.209999084472656,2.459012269973755,29800
2005-10-24,23.260000228881836,24.200000762939453,23.229999542236328,24.149999618530273,2.5586018562316895,64300
2005-10-25,24.399999618530273,24.75,24.299999237060547,24.309999465942383,2.5755529403686523,111000
2005-10-26,24.059999465942383,24.399999618530273,24.0,24.200000762939453,2.563899040222168,52300
2005-10-27,24.100000381469727,24.15999984741211,23.649999618530273,24.100000381469727,2.553304672241211,73800
2005-10-28,24.020000457763672,24.239999771118164,24.0,24.15999984741211,2.559661388397217,29900
2005-10-31,24.200000762939453,24.579999923706055,24.200000762939453,24.549999237060547,2.600980281829834,46100
2005-11-01,24.799999237060547,24.799999237060547,24.670000076293945,24.780000686645508,2.6253480911254883,48600
2005-11-02,24.979999542236328,24.979999542236328,24.75,24.899999618530273,2.638061285018921,35700
2005-11-03,24.979999542236328,25.0,24.75,24.770000457763672,2.624288558959961,43100
2005-11-04,24.739999771118164,24.75,24.450000762939453,24.5,2.5956838130950928,42100
2005-11-07,24.399999618530273,24.639999389648438,24.299999237060547,24.299999237060547,2.574493646621704,27700
2005-11-08,24.280000686645508,24.450000762939453,24.149999618530273,24.350000381469727,2.57979154586792,45800
2005-11-09,24.149999618530273,24.389999389648438,24.06999969482422,24.299999237060547,2.574493646621704,33600
2005-11-10,24.360000610351562,24.75,24.360000610351562,24.670000076293945,2.6136937141418457,57100
2005-11-11,24.670000076293945,24.75,24.200000762939453,24.520000457763672,2.597801923751831,42800
2005-11-14,24.579999923706055,24.600000381469727,24.149999618530273,24.149999618530273,2.5586018562316895,35000
2005-11-15,23.899999618530273,24.100000381469727,23.799999237060547,24.100000381469727,2.553304672241211,49200
2005-11-16,24.0,24.09000015258789,23.84000015258789,24.0,2.542710065841675,25900
2005-11-17,23.899999618530273,24.190000534057617,23.899999618530273,24.110000610351562,2.554363965988159,25400
2005-11-18,24.200000762939453,24.5,24.200000762939453,24.450000762939453,2.590385913848877,58200
2005-11-21,24.549999237060547,24.649999618530273,24.549999237060547,24.6299991607666,2.6094558238983154,72200
2005-11-22,24.579999923706055,24.670000076293945,24.549999237060547,24.559999465942383,2.6020398139953613,36700
2005-11-23,24.5,24.799999237060547,24.440000534057617,24.719999313354492,2.618990898132324,55700
2005-11-25,24.729999542236328,24.770000457763672,24.649999618530273,24.68000030517578,2.614753484725952,9100
2005-11-28,24.729999542236328,24.84000015258789,24.709999084472656,24.829999923706055,2.6306447982788086,80000
2005-11-29,24.799999237060547,24.81999969482422,24.709999084472656,24.780000686645508,2.6253480911254883,45300
2005-11-30,24.739999771118164,24.799999237060547,24.709999084472656,24.780000686645508,2.6253480911254883,49900
2005-12-01,24.8799991607666,25.5,24.850000381469727,25.440000534057617,2.69527268409729,131500
2005-12-02,25.600000381469727,26.0,25.600000381469727,25.799999237060547,2.733412742614746,118300
2005-12-05,25.899999618530273,26.100000381469727,25.799999237060547,25.969999313354492,2.7514238357543945,134500
2005-12-06,26.06999969482422,26.09000015258789,25.969999313354492,26.0,2.7546017169952393,95300
2005-12-07,26.010000228881836,26.09000015258789,25.850000381469727,25.950000762939453,2.749305009841919,56100
2005-12-08,26.0,26.09000015258789,25.790000915527344,25.790000915527344,2.732353687286377,47900
2005-12-09,25.850000381469727,26.049999237060547,25.850000381469727,26.030000686645508,2.7577807903289795,110400
2005-12-12,25.950000762939453,26.479999542236328,25.950000762939453,26.450000762939453,2.8022780418395996,113000
2005-12-13,26.350000381469727,26.579999923706055,26.309999465942383,26.399999618530273,2.796980619430542,79900
2005-12-14,26.25,26.450000762939453,26.049999237060547,26.100000381469727,2.765197277069092,62300
2005-12-15,26.200000762939453,26.25,25.950000762939453,25.969999313354492,2.7514238357543945,76000
2005-12-16,26.0,26.0,25.850000381469727,25.850000381469727,2.738710641860962,75000
2005-12-19,23.299999237060547,23.790000915527344,23.299999237060547,23.399999618530273,2.7459869384765625,90000
2005-12-20,23.5,23.700000762939453,23.450000762939453,23.510000228881836,2.758894443511963,126500
2005-12-21,23.510000228881836,23.510000228881836,23.06999969482422,23.190000534057617,2.7213430404663086,91900
2005-12-22,22.850000381469727,22.950000762939453,22.5,22.760000228881836,2.670882225036621,170500
2005-12-23,22.889999389648438,22.889999389648438,22.549999237060547,22.65999984741211,2.659147262573242,118000
2005-12-27,22.559999465942383,22.760000228881836,22.530000686645508,22.579999923706055,2.64975905418396,56500
2005-12-28,22.579999923706055,23.280000686645508,22.579999923706055,23.239999771118164,2.7272098064422607,100900
2005-12-29,23.75,23.75,23.40999984741211,23.479999542236328,2.755373954772949,101100
2005-12-30,23.549999237060547,23.799999237060547,23.059999465942383,23.18000030517578,2.7201693058013916,117300
2006-01-03,23.299999237060547,24.799999237060547,23.299999237060547,24.770000457763672,2.9067561626434326,204300
2006-01-04,24.600000381469727,25.940000534057617,24.600000381469727,25.889999389648438,3.0381875038146973,304500
2006-01-05,26.190000534057617,26.399999618530273,25.959999084472656,26.290000915527344,3.085127353668213,311900
2006-01-06,26.600000381469727,27.469999313354492,26.600000381469727,27.270000457763672,3.200129508972168,432500
2006-01-09,27.59000015258789,28.549999237060547,27.5,28.520000457763672,3.3468177318573,532900
2006-01-10,28.5,28.5,27.450000762939453,28.5,3.344470500946045,322000
2006-01-11,28.790000915527344,29.25,28.469999313354492,29.149999618530273,3.4207475185394287,225000
2006-01-12,29.600000381469727,30.200000762939453,28.100000381469727,28.299999237060547,3.32099986076355,484600
2006-01-13,27.75,28.56999969482422,27.549999237060547,28.530000686645508,3.347991704940796,139000
2006-01-17,28.5,28.979999542236328,28.010000228881836,28.969999313354492,3.3996243476867676,142600
2006-01-18,28.200000762939453,28.790000915527344,28.059999465942383,28.770000457763672,3.376154661178589,122900
2006-01-19,28.940000534057617,30.75,28.940000534057617,30.389999389648438,3.5662620067596436,419600
2006-01-20,30.389999389648438,30.450000762939453,29.25,29.329999923706055,3.441870927810669,219600
2006-01-23,29.1299991607666,29.700000762939453,29.020000457763672,29.40999984741211,3.451258897781372,90500
2006-01-24,29.649999618530273,30.190000534057617,29.25,30.190000534057617,3.5427918434143066,142300
2006-01-25,30.0,30.549999237060547,29.600000381469727,29.700000762939453,3.485290050506592,124100
2006-01-26,29.700000762939453,29.979999542236328,28.559999465942383,28.579999923706055,3.3538591861724854,179000
2006-01-27,28.600000381469727,29.600000381469727,28.600000381469727,29.43000030517578,3.4536051750183105,140100
2006-01-30,29.450000762939453,30.0,29.31999969482422,29.739999771118164,3.4899845123291016,163200
2006-01-31,29.979999542236328,30.040000915527344,29.049999237060547,29.200000762939453,3.4266157150268555,117400
2006-02-01,29.350000381469727,29.799999237060547,29.219999313354492,29.729999542236328,3.4888105392456055,53500
2006-02-02,29.780000686645508,29.799999237060547,29.200000762939453,29.3799991607666,3.447737216949463,45500
2006-02-03,29.579999923706055,29.649999618530273,29.200000762939453,29.559999465942383,3.4688613414764404,59300
2006-02-06,29.799999237060547,30.5,29.670000076293945,30.5,3.5791702270507812,122300
2006-02-07,30.5,31.139999389648438,30.309999465942383,30.309999465942383,3.556873083114624,146100
2006-02-08,29.850000381469727,30.399999618530273,29.600000381469727,30.25,3.549832582473755,57900
2006-02-09,30.399999618530273,30.59000015258789,30.100000381469727,30.139999389648438,3.5369248390197754,72200
2006-02-10,30.600000381469727,30.6200008392334,29.0,29.299999237060547,3.438349962234497,117500
2006-02-13,29.0,29.1299991607666,28.0,28.190000534057617,3.3080923557281494,197700
2006-02-14,28.75,30.139999389648438,28.600000381469727,30.0,3.5204946994781494,169500
2006-02-15,30.200000762939453,30.239999771118164,29.420000076293945,29.690000534057617,3.4841156005859375,94200
2006-02-16,29.690000534057617,29.920000076293945,29.610000610351562,29.899999618530273,3.5087602138519287,36700
2006-02-17,29.989999771118164,30.020000457763672,29.8799991607666,30.010000228881836,3.5216686725616455,54600
2006-02-21,30.0,30.049999237060547,29.860000610351562,29.950000762939453,3.5146279335021973,94400
2006-02-22,29.940000534057617,30.020000457763672,29.90999984741211,29.969999313354492,3.516974449157715,58000
2006-02-23,29.940000534057617,29.989999771118164,29.90999984741211,29.93000030517578,3.512280225753784,37500
2006-02-24,29.979999542236328,30.0,29.920000076293945,29.920000076293945,3.5111076831817627,67200
2006-02-27,30.0,30.049999237060547,29.809999465942383,29.809999465942383,3.4981985092163086,62500
2006-02-28,29.75,29.950000762939453,29.260000228881836,29.479999542236328,3.4594736099243164,69100
2006-03-01,29.309999465942383,29.56999969482422,29.0,29.56999969482422,3.470034599304199,65900
2006-03-02,29.559999465942383,29.8799991607666,29.549999237060547,29.600000381469727,3.473555326461792,37900
2006-03-03,29.600000381469727,29.709999084472656,29.049999237060547,29.209999084472656,3.427788019180298,30900
2006-03-06,29.170000076293945,29.209999084472656,28.170000076293945,28.239999771118164,3.313959836959839,86100
2006-03-07,28.110000610351562,28.139999389648438,27.200000762939453,27.299999237060547,3.2036502361297607,159500
2006-03-08,26.799999237060547,27.5,26.549999237060547,27.350000381469727,3.209517478942871,109500
2006-03-09,27.450000762939453,27.790000915527344,27.450000762939453,27.59000015258789,3.237682342529297,58900
2006-03-10,27.59000015258789,28.450000762939453,27.549999237060547,28.229999542236328,3.3127858638763428,39200
2006-03-13,28.329999923706055,28.950000762939453,28.329999923706055,28.6299991607666,3.3597254753112793,45900
2006-03-14,27.799999237060547,28.450000762939453,27.649999618530273,28.399999618530273,3.332735061645508,43800
2006-03-15,28.600000381469727,28.700000762939453,28.020000457763672,28.200000762939453,3.3092663288116455,47200
2006-03-16,28.290000915527344,28.299999237060547,27.950000762939453,27.989999771118164,3.2846219539642334,36000
2006-03-17,27.8799991607666,27.899999618530273,27.25,27.25,3.1977829933166504,56400
2006-03-20,27.5,28.079999923706055,27.399999618530273,27.670000076293945,3.247069835662842,88100
2006-03-21,27.770000457763672,28.280000686645508,27.770000457763672,28.09000015258789,3.2963571548461914,56800
2006-03-22,27.889999389648438,28.190000534057617,27.889999389648438,28.190000534057617,3.3080923557281494,48400
2006-03-23,28.25,28.34000015258789,28.0,28.190000534057617,3.3080923557281494,58600
2006-03-24,28.31999969482422,28.399999618530273,28.010000228881836,28.290000915527344,3.319826602935791,22900
2006-03-27,28.309999465942383,28.690000534057617,28.299999237060547,28.540000915527344,3.3491642475128174,113500
2006-03-28,28.5,28.68000030517578,28.190000534057617,28.530000686645508,3.347991704940796,47900
2006-03-29,28.530000686645508,28.670000076293945,28.399999618530273,28.600000381469727,3.356205701828003,34900
2006-03-30,28.700000762939453,28.979999542236328,28.510000228881836,28.90999984741211,3.3925840854644775,69800
2006-03-31,28.65999984741211,28.950000762939453,28.450000762939453,28.469999313354492,3.340949773788452,34500
2006-04-03,28.719999313354492,30.190000534057617,28.65999984741211,30.1299991607666,3.535750389099121,204600
2006-04-04,29.5,30.18000030517578,29.110000610351562,30.170000076293945,3.5404438972473145,159200
2006-04-05,29.649999618530273,30.139999389648438,29.6299991607666,29.979999542236328,3.518148183822632,96400
2006-04-06,30.049999237060547,30.899999618530273,30.049999237060547,30.84000015258789,3.6190690994262695,173300
2006-04-07,30.989999771118164,31.100000381469727,30.260000228881836,30.520000457763672,3.581517457962036,87900
2006-04-10,30.5,32.290000915527344,30.309999465942383,31.989999771118164,3.754021167755127,133600
2006-04-11,31.739999771118164,31.850000381469727,31.020000457763672,31.1200008392334,3.6519272327423096,92000
2006-04-12,31.0,31.0,30.329999923706055,31.0,3.637845516204834,56600
2006-04-13,30.600000381469727,31.5,30.530000686645508,31.479999542236328,3.6941730976104736,78100
2006-04-17,31.729999542236328,31.850000381469727,31.5,31.75,3.7258572578430176,52400
2006-04-18,32.2599983215332,32.790000915527344,31.899999618530273,32.619998931884766,3.827951192855835,148200
2006-04-19,32.849998474121094,33.189998626708984,32.099998474121094,32.70000076293945,3.837339162826538,108000
2006-04-20,32.45000076293945,33.400001525878906,32.400001525878906,33.060001373291016,3.8795859813690186,158200
2006-04-21,33.369998931884766,33.79999923706055,33.220001220703125,33.599998474121094,3.9429540634155273,128100
2006-04-24,33.349998474121094,33.400001525878906,33.0099983215332,33.349998474121094,3.913616895675659,78900
2006-04-25,33.099998474121094,33.33000183105469,32.95000076293945,33.220001220703125,3.8983614444732666,84300
2006-04-26,33.41999816894531,33.900001525878906,33.279998779296875,33.349998474121094,3.913616895675659,125500
2006-04-27,33.099998474121094,33.099998474121094,32.5,32.560001373291016,3.820910930633545,119600
2006-04-28,32.65999984741211,33.5,32.65999984741211,33.400001525878906,3.9194846153259277,62200
2006-05-01,33.29999923706055,33.849998474121094,33.29999923706055,33.599998474121094,3.9429540634155273,50000
2006-05-02,33.7599983215332,34.650001525878906,33.70000076293945,34.650001525878906,4.066172122955322,72600
2006-05-03,34.45000076293945,34.7400016784668,34.349998474121094,34.619998931884766,4.062650680541992,71700
2006-05-04,34.720001220703125,36.119998931884766,34.619998931884766,35.040000915527344,4.111938953399658,138200
2006-05-05,35.290000915527344,36.900001525878906,35.290000915527344,36.79999923706055,4.3184733390808105,102400
2006-05-08,36.900001525878906,37.75,36.75,36.849998474121094,4.3243408203125,186300
2006-05-09,36.650001525878906,36.9900016784668,35.31999969482422,36.650001525878906,4.300872325897217,176500
2006-05-10,35.849998474121094,36.650001525878906,35.810001373291016,36.099998474121094,4.236328601837158,77300
2006-05-11,35.5,35.75,34.0,34.560001373291016,4.055610656738281,184800
2006-05-12,33.04999923706055,34.0,32.22999954223633,33.150001525878906,3.8901474475860596,290300
2006-05-15,32.0,33.099998474121094,31.799999237060547,33.04999923706055,3.878411293029785,146800
2006-05-16,33.79999923706055,33.79999923706055,33.099998474121094,33.5,3.9312191009521484,94800
2006-05-17,33.25,33.650001525878906,30.040000915527344,30.149999618530273,3.538097381591797,307300
2006-05-18,30.200000762939453,31.950000762939453,30.200000762939453,31.299999237060547,3.673049211502075,230700
2006-05-19,31.399999618530273,31.84000015258789,31.079999923706055,31.790000915527344,3.7305517196655273,88700
2006-05-22,30.0,30.299999237060547,29.049999237060547,29.700000762939453,3.485290050506592,335300
2006-05-23,29.899999618530273,31.989999771118164,29.899999618530273,31.0,3.637845516204834,183700
2006-05-24,30.700000762939453,31.299999237060547,29.010000228881836,29.899999618530273,3.5087602138519287,147900
2006-05-25,29.950000762939453,31.940000534057617,29.90999984741211,31.799999237060547,3.731724262237549,150000
2006-05-26,31.8799991607666,31.989999771118164,31.600000381469727,31.850000381469727,3.7375924587249756,70000
2006-05-30,31.600000381469727,31.639999389648438,30.0,30.010000228881836,3.5216686725616455,111800
2006-05-31,30.110000610351562,30.799999237060547,30.110000610351562,30.600000381469727,3.590904474258423,71400
2006-06-01,30.510000228881836,30.780000686645508,30.0,30.75,3.6085071563720703,71700
2006-06-02,31.139999389648438,31.5,30.56999969482422,31.350000381469727,3.678917646408081,54000
2006-06-05,31.600000381469727,31.690000534057617,30.260000228881836,30.260000228881836,3.5510058403015137,53800
2006-06-06,30.260000228881836,30.540000915527344,29.760000228881836,30.329999923706055,3.559221029281616,99300
2006-06-07,30.1299991607666,30.489999771118164,29.899999618530273,29.899999618530273,3.5087602138519287,71600
2006-06-08,28.40999984741211,29.0,27.0,28.31999969482422,3.323347568511963,302800
2006-06-09,28.25,28.93000030517578,27.770000457763672,28.049999237060547,3.2916629314422607,192100
2006-06-12,27.850000381469727,28.0,26.40999984741211,26.5,3.1097702980041504,143500
2006-06-13,25.0,26.200000762939453,24.6200008392334,25.030000686645508,2.9372665882110596,304000
2006-06-14,25.649999618530273,26.829999923706055,25.5,26.700000762939453,3.1332404613494873,139800
2006-06-15,27.479999542236328,28.729999542236328,27.299999237060547,28.719999313354492,3.3702874183654785,168700
2006-06-16,28.969999313354492,28.969999313354492,27.5,28.09000015258789,3.2963571548461914,99700
2006-06-19,28.06999969482422,28.149999618530273,26.950000762939453,27.149999618530273,3.1860480308532715,75200
2006-06-20,26.899999618530273,27.6200008392334,26.860000610351562,27.049999237060547,3.174313545227051,58300
2006-06-21,27.049999237060547,28.040000915527344,27.049999237060547,28.030000686645508,3.289316177368164,75800
2006-06-22,28.479999542236328,28.479999542236328,27.760000228881836,27.940000534057617,3.2787539958953857,54500
2006-06-23,28.190000534057617,28.299999237060547,27.75,28.06999969482422,3.2940099239349365,32200
2006-06-26,28.170000076293945,28.450000762939453,27.8700008392334,28.020000457763672,3.2881417274475098,30300
2006-06-27,28.139999389648438,28.5,27.860000610351562,27.989999771118164,3.2846219539642334,65000
2006-06-28,28.020000457763672,28.40999984741211,28.010000228881836,28.200000762939453,3.3092663288116455,28300
2006-06-29,28.450000762939453,29.440000534057617,28.40999984741211,29.299999237060547,3.438349962234497,96600
2006-06-30,29.649999618530273,29.649999618530273,28.5,28.850000381469727,3.385542869567871,85300
2006-07-03,29.700000762939453,29.700000762939453,29.25,29.479999542236328,3.4594736099243164,34200
2006-07-05,29.010000228881836,29.010000228881836,28.329999923706055,28.350000381469727,3.326866865158081,117400
2006-07-06,28.799999237060547,29.190000534057617,28.799999237060547,29.190000534057617,3.4254417419433594,53600
2006-07-07,29.020000457763672,29.1200008392334,28.56999969482422,28.6299991607666,3.3597254753112793,67600
2006-07-10,28.979999542236328,29.43000030517578,28.979999542236328,29.270000457763672,3.4348294734954834,45400
2006-07-11,29.25,29.25,28.899999618530273,29.149999618530273,3.4207475185394287,20700
2006-07-12,29.149999618530273,29.350000381469727,28.600000381469727,28.75,3.373807668685913,40100
2006-07-13,28.1299991607666,28.219999313354492,27.399999618530273,27.600000381469727,3.2388556003570557,89600
2006-07-14,27.68000030517578,27.68000030517578,26.950000762939453,27.190000534057617,3.1907427310943604,65300
2006-07-17,27.299999237060547,27.3799991607666,26.81999969482422,26.920000076293945,3.1590585708618164,52000
2006-07-18,27.020000457763672,27.399999618530273,26.81999969482422,27.149999618530273,3.1860480308532715,37000
2006-07-19,26.950000762939453,29.0,26.950000762939453,28.719999313354492,3.3702874183654785,95800
2006-07-20,28.899999618530273,28.90999984741211,27.399999618530273,27.399999618530273,3.215385675430298,57100
2006-07-21,27.709999084472656,28.190000534057617,27.350000381469727,27.93000030517578,3.2775819301605225,97800
2006-07-24,27.979999542236328,29.1299991607666,27.979999542236328,28.850000381469727,3.385542869567871,67800
2006-07-25,28.850000381469727,28.850000381469727,28.200000762939453,28.75,3.373807668685913,58200
2006-07-26,28.600000381469727,28.780000686645508,28.209999084472656,28.549999237060547,3.350337505340576,28900
2006-07-27,28.799999237060547,29.149999618530273,28.670000076293945,28.8700008392334,3.387890577316284,34200
2006-07-28,28.799999237060547,29.5,28.770000457763672,29.489999771118164,3.460646152496338,74700
2006-07-31,29.309999465942383,29.3799991607666,29.049999237060547,29.15999984741211,3.4219205379486084,34700
2006-08-01,28.770000457763672,28.8700008392334,28.260000228881836,28.360000610351562,3.3280415534973145,33100
2006-08-02,28.40999984741211,29.15999984741211,28.40999984741211,28.90999984741211,3.3925840854644775,48900
2006-08-03,28.280000686645508,28.959999084472656,28.280000686645508,28.84000015258789,3.384369373321533,26600
2006-08-04,29.020000457763672,29.290000915527344,28.5,28.670000076293945,3.36441969871521,22700
2006-08-07,28.56999969482422,28.770000457763672,28.40999984741211,28.549999237060547,3.350337505340576,16800
2006-08-08,28.65999984741211,28.84000015258789,28.65999984741211,28.690000534057617,3.3667664527893066,23100
2006-08-09,28.850000381469727,29.420000076293945,28.850000381469727,29.06999969482422,3.411360025405884,70800
2006-08-10,28.979999542236328,29.469999313354492,28.920000076293945,29.3799991607666,3.447737216949463,25300
2006-08-11,29.229999542236328,29.299999237060547,28.8700008392334,28.969999313354492,3.3996243476867676,25000
2006-08-14,29.219999313354492,29.469999313354492,29.0,29.010000228881836,3.4043188095092773,44200
2006-08-15,29.200000762939453,29.75,29.170000076293945,29.709999084472656,3.4864635467529297,42600
2006-08-16,29.90999984741211,30.420000076293945,29.700000762939453,30.420000076293945,3.569782018661499,85100
2006-08-17,30.170000076293945,30.389999389648438,30.0,30.049999237060547,3.526362180709839,64700
2006-08-18,29.899999618530273,29.899999618530273,29.610000610351562,29.65999984741211,3.480595827102661,20100
2006-08-21,28.760000228881836,29.479999542236328,28.760000228881836,29.110000610351562,3.4160542488098145,37600
2006-08-22,29.020000457763672,29.489999771118164,29.0,29.450000762939453,3.4559526443481445,14600
2006-08-23,29.200000762939453,29.299999237060547,28.93000030517578,29.0,3.4031453132629395,28800
2006-08-24,28.600000381469727,28.959999084472656,28.450000762939453,28.700000762939453,3.367940664291382,31700
2006-08-25,28.600000381469727,28.75,28.399999618530273,28.639999389648438,3.3608992099761963,19100
2006-08-28,28.5,28.809999465942383,28.420000076293945,28.809999465942383,3.3808484077453613,35900
2006-08-29,28.969999313354492,28.989999771118164,28.75,28.899999618530273,3.391409397125244,27700
2006-08-30,29.100000381469727,29.200000762939453,28.93000030517578,29.030000686645508,3.406665802001953,17600
2006-08-31,28.90999984741211,29.170000076293945,28.700000762939453,28.700000762939453,3.367940664291382,25200
2006-09-01,28.799999237060547,29.18000030517578,28.799999237060547,29.0,3.4031453132629395,20700
2006-09-05,28.899999618530273,29.420000076293945,28.899999618530273,29.190000534057617,3.4254417419433594,46800
2006-09-06,29.0,29.0,28.1299991607666,28.219999313354492,3.3116133213043213,88600
2006-09-07,28.0,28.200000762939453,27.93000030517578,28.0,3.2857959270477295,68700
2006-09-08,28.1299991607666,28.260000228881836,27.93000030517578,28.100000381469727,3.29753041267395,67000
2006-09-11,28.0,28.0,27.3700008392334,27.899999618530273,3.274060010910034,76900
2006-09-12,27.799999237060547,28.3700008392334,27.799999237060547,28.260000228881836,3.3163068294525146,92800
2006-09-13,28.149999618530273,28.479999542236328,28.1200008392334,28.3700008392334,3.329214572906494,27400
2006-09-14,28.270000457763672,28.299999237060547,27.809999465942383,28.0,3.2857959270477295,43000
2006-09-15,28.1299991607666,28.389999389648438,28.010000228881836,28.260000228881836,3.3163068294525146,38600
2006-09-18,28.450000762939453,28.799999237060547,28.450000762939453,28.780000686645508,3.377328634262085,47800
2006-09-19,28.700000762939453,28.899999618530273,28.18000030517578,28.389999389648438,3.331561803817749,56100
2006-09-20,28.649999618530273,29.40999984741211,28.649999618530273,29.299999237060547,3.438349962234497,83100
2006-09-21,29.549999237060547,29.59000015258789,28.639999389648438,28.639999389648438,3.3608992099761963,81200
2006-09-22,28.389999389648438,28.540000915527344,28.06999969482422,28.149999618530273,3.3033974170684814,90500
2006-09-25,28.25,28.690000534057617,28.25,28.5,3.344470500946045,75800
2006-09-26,28.049999237060547,28.600000381469727,28.030000686645508,28.549999237060547,3.350337505340576,65200
2006-09-27,28.799999237060547,29.149999618530273,28.760000228881836,29.059999465942383,3.410186290740967,91300
2006-09-28,28.809999465942383,29.149999618530273,28.809999465942383,29.030000686645508,3.406665802001953,35900
2006-09-29,28.860000610351562,29.139999389648438,28.860000610351562,29.06999969482422,3.411360025405884,33400
2006-10-02,29.100000381469727,29.1200008392334,28.809999465942383,28.93000030517578,3.394930601119995,32800
2006-10-03,29.0,29.0,28.770000457763672,28.850000381469727,3.385542869567871,31100
2006-10-04,28.600000381469727,29.299999237060547,28.600000381469727,29.299999237060547,3.438349962234497,63900
2006-10-05,29.280000686645508,29.479999542236328,29.260000228881836,29.399999618530273,3.450085163116455,35200
2006-10-06,29.469999313354492,29.469999313354492,29.200000762939453,29.200000762939453,3.4266157150268555,38300
2006-10-09,29.1200008392334,29.299999237060547,29.1200008392334,29.219999313354492,3.428961753845215,27600
2006-10-10,29.31999969482422,29.469999313354492,29.200000762939453,29.290000915527344,3.437175989151001,42600
2006-10-11,29.25,29.399999618530273,29.200000762939453,29.31999969482422,3.440696954727173,41000
2006-10-12,29.329999923706055,29.639999389648438,29.329999923706055,29.59000015258789,3.4723825454711914,88000
2006-10-13,29.700000762939453,29.850000381469727,29.5,29.780000686645508,3.4946787357330322,44800
2006-10-16,29.8799991607666,30.670000076293945,29.799999237060547,30.670000076293945,3.5991199016571045,110700
2006-10-17,30.549999237060547,30.549999237060547,29.899999618530273,30.030000686645508,3.5240156650543213,66400
2006-10-18,30.149999618530273,30.549999237060547,30.0,30.190000534057617,3.5427918434143066,44400
2006-10-19,30.100000381469727,30.3799991607666,29.969999313354492,30.299999237060547,3.555699348449707,27900
2006-10-20,30.200000762939453,30.43000030517578,30.170000076293945,30.350000381469727,3.561567544937134,22400
2006-10-23,30.25,30.850000381469727,30.100000381469727,30.6299991607666,3.5944247245788574,60800
2006-10-24,30.530000686645508,30.950000762939453,30.530000686645508,30.600000381469727,3.590904474258423,34600
2006-10-25,30.75,30.940000534057617,30.649999618530273,30.709999084472656,3.603813409805298,34600
2006-10-26,30.860000610351562,31.0,30.799999237060547,30.899999618530273,3.6261096000671387,53800
2006-10-27,30.799999237060547,30.799999237060547,30.299999237060547,30.489999771118164,3.577996253967285,67700
2006-10-30,30.049999237060547,30.3799991607666,30.0,30.110000610351562,3.5334038734436035,33200
2006-10-31,30.139999389648438,30.5,30.139999389648438,30.399999618530273,3.5674350261688232,45100
2006-11-01,30.549999237060547,30.75,30.25,30.25,3.549832582473755,48900
2006-11-02,30.299999237060547,30.75,30.200000762939453,30.3799991607666,3.5650880336761475,63000
2006-11-03,30.43000030517578,30.549999237060547,30.139999389648438,30.18000030517578,3.5416178703308105,100100
2006-11-06,30.5,30.979999542236328,30.450000762939453,30.899999618530273,3.6261096000671387,61000
2006-11-07,30.989999771118164,31.1299991607666,30.760000228881836,30.950000762939453,3.6319775581359863,54300
2006-11-08,30.549999237060547,31.0,30.399999618530273,30.81999969482422,3.6167211532592773,41900
2006-11-09,31.06999969482422,31.239999771118164,30.6299991607666,30.799999237060547,3.614374876022339,79600
2006-11-10,30.969999313354492,31.0,30.799999237060547,30.93000030517578,3.6296303272247314,27300
2006-11-13,30.780000686645508,31.209999084472656,30.649999618530273,31.0,3.637845516204834,68200
2006-11-14,31.25,31.25,30.809999465942383,31.100000381469727,3.6495792865753174,52400
2006-11-15,31.149999618530273,31.34000015258789,31.030000686645508,31.100000381469727,3.6495792865753174,75400
2006-11-16,31.149999618530273,31.299999237060547,30.639999389648438,30.639999389648438,3.5955989360809326,81000
2006-11-17,30.600000381469727,30.6299991607666,30.399999618530273,30.420000076293945,3.569782018661499,38500
2006-11-20,30.420000076293945,30.5,30.200000762939453,30.469999313354492,3.5756499767303467,46100
2006-11-21,30.719999313354492,30.770000457763672,30.6200008392334,30.649999618530273,3.5967726707458496,62400
2006-11-22,30.809999465942383,31.200000762939453,30.809999465942383,31.200000762939453,3.6613149642944336,65100
2006-11-24,31.049999237060547,31.15999984741211,31.030000686645508,31.059999465942383,3.644885778427124,55200
2006-11-27,31.200000762939453,31.229999542236328,30.329999923706055,30.549999237060547,3.5850372314453125,126700
2006-11-28,30.190000534057617,30.350000381469727,29.75,30.329999923706055,3.559221029281616,96400
2006-11-29,31.040000915527344,31.75,31.010000228881836,31.729999542236328,3.7235100269317627,87500
2006-11-30,31.799999237060547,32.38999938964844,31.530000686645508,32.08000183105469,3.764583110809326,137400
2006-12-01,32.45000076293945,32.5,31.700000762939453,31.899999618530273,3.7434592247009277,74800
2006-12-04,32.25,33.560001373291016,32.25,33.400001525878906,3.9194846153259277,108800
2006-12-05,33.650001525878906,34.5,33.599998474121094,33.9900016784668,3.9887211322784424,121400
2006-12-06,33.45000076293945,33.90999984741211,33.38999938964844,33.4900016784668,3.930046319961548,93400
2006-12-07,33.4900016784668,33.4900016784668,33.099998474121094,33.20000076293945,3.8960139751434326,45100
2006-12-08,32.79999923706055,34.439998626708984,32.599998474121094,34.369998931884766,4.033313751220703,206200
2006-12-11,34.79999923706055,35.59000015258789,34.79999923706055,35.189998626708984,4.129540920257568,267700
2006-12-12,35.099998474121094,35.380001068115234,34.18000030517578,34.459999084472656,4.043875217437744,176700
2006-12-13,34.220001220703125,34.29999923706055,33.79999923706055,33.900001525878906,3.9781594276428223,135800
2006-12-14,34.22999954223633,34.790000915527344,34.20000076293945,34.75,4.077906608581543,129200
2006-12-15,34.95000076293945,34.970001220703125,34.70000076293945,34.88999938964844,4.094335079193115,120100
2006-12-18,35.689998626708984,36.0,35.43000030517578,35.70000076293945,4.189389705657959,211100
2006-12-19,30.299999237060547,32.45000076293945,30.239999771118164,32.380001068115234,4.280877113342285,322200
2006-12-20,32.31999969482422,33.5,31.950000762939453,33.150001525878906,4.382676601409912,188100
2006-12-21,32.849998474121094,33.0099983215332,32.08000183105469,32.290000915527344,4.268978118896484,129300
2006-12-22,32.400001525878906,32.630001068115234,31.5,31.950000762939453,4.224027633666992,75100
2006-12-26,32.400001525878906,34.29999923706055,32.38999938964844,34.20000076293945,4.521493911743164,132700
2006-12-27,34.650001525878906,35.68000030517578,34.04999923706055,34.56999969482422,4.570411205291748,171800
2006-12-28,34.61000061035156,34.86000061035156,33.150001525878906,33.88999938964844,4.4805097579956055,186200
2006-12-29,34.099998474121094,34.75,33.58000183105469,34.18000030517578,4.518850326538086,123700
2007-01-03,35.0,36.0,34.20000076293945,34.34000015258789,4.540002822875977,342200
2007-01-04,33.20000076293945,34.29999923706055,33.099998474121094,33.91999816894531,4.484475612640381,136700
2007-01-05,33.27000045776367,33.439998626708984,32.5,32.70000076293945,4.323182582855225,204600
2007-01-08,32.599998474121094,32.9900016784668,31.5,32.7400016784668,4.328471660614014,175700
2007-01-09,32.689998626708984,32.689998626708984,32.04999923706055,32.33000183105469,4.274266719818115,149400
2007-01-10,32.2400016784668,32.58000183105469,31.010000228881836,32.099998474121094,4.2438578605651855,149000
2007-01-11,31.549999237060547,32.70000076293945,31.549999237060547,32.540000915527344,4.302029609680176,93300
2007-01-12,32.790000915527344,32.97999954223633,32.599998474121094,32.880001068115234,4.346980094909668,66000
2007-01-16,33.54999923706055,34.0,33.5,33.79999923706055,4.468611240386963,120400
2007-01-17,33.650001525878906,33.900001525878906,33.5099983215332,33.79999923706055,4.468611240386963,60700
2007-01-18,33.849998474121094,34.04999923706055,33.310001373291016,33.56999969482422,4.438203811645508,60200
2007-01-19,33.599998474121094,33.70000076293945,33.20000076293945,33.529998779296875,4.432914733886719,96900
2007-01-22,34.02000045776367,34.099998474121094,33.25,33.470001220703125,4.424983024597168,102400
2007-01-23,33.650001525878906,33.97999954223633,33.5,33.83000183105469,4.472578048706055,101600
2007-01-24,33.849998474121094,34.7599983215332,33.52000045776367,34.7599983215332,4.595530986785889,119900
2007-01-25,34.029998779296875,34.20000076293945,32.66999816894531,32.79999923706055,4.336404323577881,321500
2007-01-26,32.650001525878906,33.279998779296875,32.650001525878906,33.099998474121094,4.376066207885742,100500
2007-01-29,33.27000045776367,33.380001068115234,32.91999816894531,33.099998474121094,4.376066207885742,89400
2007-01-30,33.18000030517578,33.650001525878906,33.18000030517578,33.439998626708984,4.421016693115234,76700
2007-01-31,32.119998931884766,32.34000015258789,31.81999969482422,32.189998626708984,4.255756855010986,323000
2007-02-01,32.439998626708984,32.45000076293945,32.099998474121094,32.400001525878906,4.2835211753845215,119900
2007-02-02,32.150001525878906,32.20000076293945,31.68000030517578,31.899999618530273,4.217417240142822,198000
2007-02-05,31.649999618530273,31.93000030517578,31.0,31.299999237060547,4.138092041015625,198400
2007-02-06,31.649999618530273,32.34000015258789,31.600000381469727,32.04999923706055,4.237247943878174,149800
2007-02-07,32.150001525878906,32.650001525878906,32.119998931884766,32.540000915527344,4.302029609680176,213200
2007-02-08,32.22999954223633,32.52000045776367,32.22999954223633,32.459999084472656,4.291452884674072,76400
2007-02-09,32.5099983215332,32.63999938964844,31.75,31.969999313354492,4.2266716957092285,79500
2007-02-12,32.2599983215332,32.5,32.0099983215332,32.11000061035156,4.245181083679199,111600
2007-02-13,31.700000762939453,32.56999969482422,31.700000762939453,32.560001373291016,4.3046746253967285,86900
2007-02-14,32.7400016784668,33.150001525878906,32.72999954223633,33.150001525878906,4.382676601409912,118400
2007-02-15,33.31999969482422,33.4900016784668,33.31999969482422,33.36000061035156,4.410440444946289,94800
2007-02-16,33.400001525878906,33.599998474121094,33.400001525878906,33.40999984741211,4.417050838470459,57400
2007-02-20,33.15999984741211,33.540000915527344,33.13999938964844,33.529998779296875,4.432914733886719,90900
2007-02-21,33.29999923706055,33.470001220703125,33.29999923706055,33.45000076293945,4.422338962554932,53700
2007-02-22,33.61000061035156,33.849998474121094,33.5,33.5099983215332,4.430270671844482,61900
2007-02-23,33.40999984741211,33.4900016784668,33.20000076293945,33.290000915527344,4.401185512542725,75200
2007-02-26,33.439998626708984,33.77000045776367,33.41999816894531,33.5,4.428948879241943,88100
2007-02-27,31.780000686645508,31.860000610351562,29.559999465942383,30.059999465942383,3.9741549491882324,484400
2007-02-28,31.049999237060547,33.220001220703125,30.700000762939453,32.5,4.296741485595703,591300
2007-03-01,30.719999313354492,31.5,30.700000762939453,31.1299991607666,4.115617752075195,185900
2007-03-02,30.899999618530273,31.299999237060547,30.0,30.030000686645508,3.970189094543457,174100
2007-03-05,29.049999237060547,29.299999237060547,28.530000686645508,28.579999923706055,3.778489351272583,345400
2007-03-06,29.399999618530273,30.389999389648438,29.350000381469727,30.350000381469727,4.012496471405029,160900
2007-03-07,30.299999237060547,30.649999618530273,29.700000762939453,29.75,3.933171272277832,90400
2007-03-08,30.34000015258789,30.90999984741211,30.34000015258789,30.8700008392334,4.08124303817749,114800
2007-03-09,30.93000030517578,31.350000381469727,30.799999237060547,31.0,4.09843111038208,75600
2007-03-12,31.239999771118164,31.770000457763672,31.239999771118164,31.510000228881836,4.16585636138916,71800
2007-03-13,31.399999618530273,31.399999618530273,30.25,30.260000228881836,4.00059700012207,60700
2007-03-14,29.799999237060547,30.59000015258789,29.6299991607666,30.489999771118164,4.031004428863525,113500
2007-03-15,30.600000381469727,30.799999237060547,30.3700008392334,30.649999618530273,4.052157402038574,51700
2007-03-16,30.639999389648438,30.700000762939453,30.420000076293945,30.549999237060547,4.038937091827393,27400
2007-03-19,30.90999984741211,31.600000381469727,30.90999984741211,31.489999771118164,4.16321325302124,84100
2007-03-20,31.670000076293945,31.68000030517578,31.440000534057617,31.600000381469727,4.177755355834961,28100
2007-03-21,31.59000015258789,32.65999984741211,31.59000015258789,32.619998931884766,4.3126068115234375,100600
2007-03-22,32.5,32.68000030517578,32.400001525878906,32.560001373291016,4.3046746253967285,70800
2007-03-23,32.560001373291016,32.810001373291016,32.31999969482422,32.36000061035156,4.278233051300049,57100
2007-03-26,32.439998626708984,32.650001525878906,32.380001068115234,32.650001525878906,4.316572666168213,62500
2007-03-27,32.459999084472656,32.560001373291016,32.2400016784668,32.25,4.2636895179748535,81000
2007-03-28,32.27000045776367,32.36000061035156,31.899999618530273,31.93000030517578,4.221383094787598,41400
2007-03-29,32.38999938964844,32.619998931884766,32.0099983215332,32.099998474121094,4.2438578605651855,88700
2007-03-30,32.279998779296875,32.40999984741211,32.029998779296875,32.15999984741211,4.251791000366211,78100
2007-04-02,32.599998474121094,32.939998626708984,32.54999923706055,32.869998931884766,4.345658302307129,54300
2007-04-03,33.099998474121094,33.66999816894531,33.099998474121094,33.599998474121094,4.442169666290283,100900
2007-04-04,33.70000076293945,33.70000076293945,33.34000015258789,33.599998474121094,4.442169666290283,48000
2007-04-05,33.369998931884766,33.88999938964844,33.36000061035156,33.75,4.462000846862793,31700
2007-04-09,34.0,34.45000076293945,33.939998626708984,34.290000915527344,4.533392906188965,92600
2007-04-10,34.34000015258789,34.599998474121094,34.15999984741211,34.310001373291016,4.536037445068359,61600
2007-04-11,34.54999923706055,34.720001220703125,34.119998931884766,34.29999923706055,4.534715175628662,164200
2007-04-12,34.310001373291016,34.939998626708984,34.29999923706055,34.90999984741211,4.615361213684082,63300
2007-04-13,34.95000076293945,34.95000076293945,34.599998474121094,34.70000076293945,4.587599277496338,48400
2007-04-16,35.0,35.38999938964844,35.0,35.290000915527344,4.665600776672363,114200
2007-04-17,35.099998474121094,35.349998474121094,34.900001525878906,35.04999923706055,4.633871555328369,104000
2007-04-18,34.95000076293945,35.25,34.79999923706055,34.959999084472656,4.62197208404541,97500
2007-04-19,34.25,34.5,33.310001373291016,34.099998474121094,4.508273601531982,81400
2007-04-20,35.25,35.349998474121094,34.599998474121094,34.97999954223633,4.624615669250488,50500
2007-04-23,35.060001373291016,35.20000076293945,34.52000045776367,34.56999969482422,4.570411205291748,87900
2007-04-24,34.79999923706055,35.25,34.619998931884766,34.77000045776367,4.5968523025512695,87900
2007-04-25,34.779998779296875,35.2400016784668,34.599998474121094,35.150001525878906,4.647091388702393,66900
2007-04-26,35.25,35.25,34.650001525878906,34.66999816894531,4.58363151550293,49100
2007-04-27,34.529998779296875,34.54999923706055,34.13999938964844,34.36000061035156,4.542647838592529,45500
2007-04-30,34.209999084472656,34.630001068115234,33.79999923706055,33.79999923706055,4.468611240386963,63700
2007-05-01,34.130001068115234,34.29999923706055,33.79999923706055,34.29999923706055,4.534715175628662,99200
2007-05-02,34.31999969482422,35.2400016784668,34.18000030517578,35.2400016784668,4.658990383148193,138900
2007-05-03,35.2400016784668,35.88999938964844,35.2400016784668,35.61000061035156,4.707906723022461,121700
2007-05-04,35.65999984741211,36.290000915527344,35.65999984741211,36.15999984741211,4.780620574951172,85800
2007-05-07,36.38999938964844,36.439998626708984,35.90999984741211,35.95000076293945,4.7528581619262695,77400
2007-05-08,35.75,35.75,35.130001068115234,35.25,4.660311698913574,81900
2007-05-09,35.27000045776367,35.70000076293945,35.27000045776367,35.560001373291016,4.701296806335449,83400
2007-05-10,35.54999923706055,35.54999923706055,34.5,34.540000915527344,4.566444396972656,199200
2007-05-11,35.29999923706055,36.2400016784668,35.27000045776367,36.099998474121094,4.772688388824463,148400
2007-05-14,36.349998474121094,36.70000076293945,35.93000030517578,36.130001068115234,4.7766547203063965,165800
2007-05-15,35.79999923706055,36.099998474121094,35.70000076293945,35.70000076293945,4.71980619430542,171900
2007-05-16,35.900001525878906,36.29999923706055,35.75,36.2599983215332,4.793841361999512,116200
2007-05-17,36.380001068115234,36.38999938964844,36.0,36.20000076293945,4.785909175872803,74800
2007-05-18,36.189998626708984,36.290000915527344,35.900001525878906,36.11000061035156,4.77401065826416,166700
2007-05-21,36.2400016784668,36.65999984741211,36.2400016784668,36.349998474121094,4.805739879608154,95900
2007-05-22,36.45000076293945,36.650001525878906,36.029998779296875,36.029998779296875,4.763433933258057,74700
2007-05-23,36.130001068115234,36.869998931884766,36.119998931884766,36.43000030517578,4.816316604614258,126900
2007-05-24,36.209999084472656,36.220001220703125,34.369998931884766,34.599998474121094,4.574377059936523,484300
2007-05-25,35.02000045776367,35.7400016784668,35.02000045776367,35.65999984741211,4.714517116546631,180100
2007-05-29,35.720001220703125,36.22999954223633,35.70000076293945,35.79999923706055,4.733025550842285,169100
2007-05-30,34.459999084472656,35.400001525878906,34.0,35.33000183105469,4.670888423919678,381600
2007-05-31,35.5099983215332,36.29999923706055,35.5099983215332,36.02000045776367,4.762111663818359,146200
2007-06-01,36.209999084472656,36.22999954223633,35.900001525878906,36.08000183105469,4.770044326782227,279800
2007-06-04,35.709999084472656,36.06999969482422,35.58000183105469,35.959999084472656,4.754179000854492,204300
2007-06-05,36.0,36.27000045776367,35.869998931884766,36.13999938964844,4.7779765129089355,120400
2007-06-06,35.90999984741211,36.119998931884766,35.90999984741211,36.0099983215332,4.760788917541504,109100
2007-06-07,36.209999084472656,36.84000015258789,35.900001525878906,35.90999984741211,4.7475690841674805,152700
2007-06-08,35.65999984741211,36.709999084472656,35.65999984741211,36.63999938964844,4.844081878662109,114900
2007-06-11,36.59000015258789,37.20000076293945,36.540000915527344,37.0099983215332,4.8929972648620605,99500
2007-06-12,36.9900016784668,37.279998779296875,35.90999984741211,36.79999923706055,4.865232944488525,109400
2007-06-13,37.04999923706055,37.4900016784668,37.04999923706055,37.41999816894531,4.947201728820801,113000
2007-06-14,37.290000915527344,38.2400016784668,37.290000915527344,38.18000030517578,5.047679901123047,174300
2007-06-15,38.38999938964844,39.400001525878906,38.38999938964844,39.400001525878906,5.208973407745361,178800
2007-06-18,39.790000915527344,40.04999923706055,39.439998626708984,39.91999816894531,5.2777204513549805,216400
2007-06-19,39.70000076293945,39.88999938964844,39.08000183105469,39.709999084472656,5.249957084655762,106600
2007-06-20,39.65999984741211,40.099998474121094,39.459999084472656,39.5,5.222194194793701,113600
2007-06-21,39.90999984741211,40.400001525878906,39.849998474121094,40.33000183105469,5.331926345825195,78600
2007-06-22,39.599998474121094,39.9900016784668,39.290000915527344,39.560001373291016,5.23012638092041,133700
2007-06-25,39.4900016784668,39.79999923706055,39.09000015258789,39.150001525878906,5.1759209632873535,112000
2007-06-26,39.150001525878906,39.459999084472656,38.5,38.54999923706055,5.0965962409973145,79400
2007-06-27,38.61000061035156,39.0,38.2599983215332,38.959999084472656,5.150801658630371,111700
2007-06-28,38.65999984741211,38.75,38.369998931884766,38.58000183105469,5.100562572479248,91900
2007-06-29,38.0,38.5,37.70000076293945,38.25,5.0569353103637695,90400
2007-07-02,37.75,38.939998626708984,37.75,38.869998931884766,5.1389031410217285,67900
2007-07-03,39.20000076293945,39.38999938964844,38.97999954223633,39.349998474121094,5.202362537384033,54000
2007-07-05,38.70000076293945,38.849998474121094,38.349998474121094,38.70000076293945,5.116427421569824,73300
2007-07-06,40.0,40.0,39.20000076293945,39.380001068115234,5.206329345703125,96900
2007-07-09,39.880001068115234,40.5,39.880001068115234,40.36000061035156,5.335892677307129,82800
2007-07-10,40.34000015258789,40.43000030517578,39.849998474121094,39.849998474121094,5.268466949462891,80900
2007-07-11,39.54999923706055,40.36000061035156,39.54999923706055,40.33000183105469,5.331926345825195,35500
2007-07-12,40.68000030517578,41.75,40.540000915527344,41.400001525878906,5.473388195037842,156500
2007-07-13,41.400001525878906,41.58000183105469,41.0,41.13999938964844,5.439013957977295,82700
2007-07-16,40.25,40.83000183105469,40.25,40.459999084472656,5.349112510681152,50900
2007-07-17,40.58000183105469,41.20000076293945,40.58000183105469,41.02000045776367,5.423148155212402,67500
2007-07-18,40.75,40.81999969482422,40.189998626708984,40.54999923706055,5.361011981964111,57900
2007-07-19,41.0,41.720001220703125,41.0,41.61000061035156,5.501152515411377,60100
2007-07-20,42.0,42.72999954223633,41.880001068115234,42.06999969482422,5.561966419219971,96500
2007-07-23,42.650001525878906,43.439998626708984,42.650001525878906,43.150001525878906,5.704751491546631,93500
2007-07-24,43.43000030517578,43.689998626708984,42.54999923706055,43.0,5.684919834136963,168700
2007-07-25,43.599998474121094,44.130001068115234,43.29999923706055,43.880001068115234,5.801262855529785,100800
2007-07-26,43.380001068115234,43.59000015258789,41.04999923706055,41.66999816894531,5.509083271026611,122100
2007-07-27,41.099998474121094,42.41999816894531,41.099998474121094,42.0,5.552712917327881,76600
2007-07-30,42.54999923706055,44.20000076293945,42.5099983215332,44.15999984741211,5.83828067779541,101900
2007-07-31,45.70000076293945,45.70000076293945,43.54999923706055,43.83000183105469,5.794651508331299,119200
2007-08-01,42.5,42.84000015258789,41.77000045776367,42.25,5.585764408111572,125800
2007-08-02,42.2599983215332,42.880001068115234,41.540000915527344,42.11000061035156,5.56725549697876,93500
2007-08-03,42.099998474121094,42.349998474121094,41.209999084472656,41.4900016784668,5.485287189483643,117100
2007-08-06,38.220001220703125,41.79999923706055,38.220001220703125,41.66999816894531,5.509083271026611,86300
2007-08-07,41.43000030517578,42.0,40.83000183105469,41.70000076293945,5.513050556182861,68100
2007-08-08,42.25,43.689998626708984,42.15999984741211,42.689998626708984,5.643935680389404,125200
2007-08-09,42.15999984741211,42.15999984741211,41.220001220703125,41.41999816894531,5.4760332107543945,103300
2007-08-10,40.79999923706055,41.29999923706055,40.58000183105469,40.9900016784668,5.419182777404785,120900
2007-08-13,41.599998474121094,41.970001220703125,41.47999954223633,41.75,5.5196614265441895,64500
2007-08-14,41.93000030517578,42.22999954223633,40.88999938964844,41.099998474121094,5.433724880218506,82600
2007-08-15,40.29999923706055,40.54999923706055,38.560001373291016,38.70000076293945,5.116427421569824,133600
2007-08-16,36.5,37.27000045776367,34.75,37.119998931884766,4.907540798187256,338600
2007-08-17,37.9900016784668,40.16999816894531,36.61000061035156,39.77000045776367,5.257890224456787,178900
2007-08-20,40.79999923706055,41.099998474121094,39.72999954223633,40.060001373291016,5.296228885650635,67600
2007-08-21,40.5,41.0,40.25,40.470001220703125,5.35043478012085,59100
2007-08-22,42.15999984741211,42.7400016784668,41.22999954223633,42.599998474121094,5.632035732269287,144800
2007-08-23,43.369998931884766,43.369998931884766,42.189998626708984,42.25,5.585764408111572,145400
2007-08-24,42.5,43.81999969482422,42.439998626708984,43.599998474121094,5.76424503326416,100100
2007-08-27,44.04999923706055,45.20000076293945,43.9900016784668,45.09000015258789,5.9612345695495605,202200
2007-08-28,43.900001525878906,43.900001525878906,41.31999969482422,41.5099983215332,5.487930774688721,223700
2007-08-29,42.209999084472656,43.290000915527344,41.900001525878906,43.0099983215332,5.686241149902344,187100
2007-08-30,42.099998474121094,42.900001525878906,42.0,42.400001525878906,5.605595588684082,109100
2007-08-31,43.5,44.099998474121094,42.900001525878906,43.9900016784668,5.815805435180664,112800
2007-09-04,44.099998474121094,45.369998931884766,44.099998474121094,45.06999969482422,5.95858907699585,104700
2007-09-05,44.45000076293945,44.95000076293945,44.279998779296875,44.599998474121094,5.896450996398926,104200
2007-09-06,45.04999923706055,45.5,44.66999816894531,45.36000061035156,5.996928691864014,91500
2007-09-07,44.38999938964844,44.599998474121094,43.81999969482422,43.84000015258789,5.7959747314453125,122700
2007-09-10,44.310001373291016,44.599998474121094,44.0,44.38999938964844,5.868688106536865,155300
2007-09-11,44.189998626708984,44.90999984741211,43.79999923706055,44.83000183105469,5.926858901977539,67000
2007-09-12,44.79999923706055,45.470001220703125,44.599998474121094,45.349998474121094,5.995605945587158,98700
2007-09-13,45.75,46.939998626708984,45.599998474121094,46.7599983215332,6.182019233703613,160000
2007-09-14,46.470001220703125,47.95000076293945,46.400001525878906,47.599998474121094,6.293074131011963,158000
2007-09-17,47.2400016784668,47.2400016784668,46.56999969482422,46.66999816894531,6.170119762420654,120400
2007-09-18,46.849998474121094,48.970001220703125,46.38999938964844,48.36000061035156,6.393551826477051,135900
2007-09-19,48.9900016784668,49.77000045776367,48.83000183105469,49.349998474121094,6.524435997009277,104400
2007-09-20,49.09000015258789,49.31999969482422,48.849998474121094,49.099998474121094,6.491385459899902,63700
2007-09-21,49.29999923706055,49.91999816894531,49.29999923706055,49.66999816894531,6.566742897033691,48300
2007-09-24,50.310001373291016,50.97999954223633,49.97999954223633,50.900001525878906,6.729357719421387,144700
2007-09-25,50.650001525878906,50.9900016784668,49.5,49.59000015258789,6.5561676025390625,194600
2007-09-26,50.66999816894531,50.66999816894531,49.59000015258789,50.04999923706055,6.616980075836182,141500
2007-09-27,50.56999969482422,51.0,50.11000061035156,50.470001220703125,6.672510147094727,123000
2007-09-28,50.70000076293945,50.70000076293945,48.79999923706055,49.220001220703125,6.5072503089904785,210000
2007-10-01,50.5,51.560001373291016,49.619998931884766,51.25,6.775631904602051,138800
2007-10-02,51.900001525878906,52.84000015258789,51.0,51.349998474121094,6.788851737976074,128400
2007-10-03,51.4900016784668,51.52000045776367,48.40999984741211,49.52000045776367,6.546910762786865,155100
2007-10-04,49.9900016784668,50.400001525878906,48.81999969482422,50.20000076293945,6.636813640594482,89000
2007-10-05,50.29999923706055,51.9900016784668,50.29999923706055,51.88999938964844,6.86024284362793,94500
2007-10-08,51.5,51.70000076293945,50.900001525878906,51.099998474121094,6.755799770355225,84100
2007-10-09,51.29999923706055,51.959999084472656,51.119998931884766,51.959999084472656,6.869498252868652,58600
2007-10-10,51.95000076293945,51.9900016784668,51.11000061035156,51.560001373291016,6.816616535186768,61800
2007-10-11,52.5,52.63999938964844,50.0099983215332,50.36000061035156,6.657966136932373,133700
2007-10-12,50.40999984741211,51.650001525878906,50.099998474121094,51.5,6.808682918548584,175200
2007-10-15,52.650001525878906,52.68000030517578,50.290000915527344,50.93000030517578,6.73332405090332,94100
2007-10-16,50.400001525878906,50.400001525878906,48.810001373291016,49.04999923706055,6.484775543212891,194700
2007-10-17,50.06999969482422,52.290000915527344,49.720001220703125,50.75,6.709527969360352,306500
2007-10-18,50.0,50.13999938964844,49.0,49.83000183105469,6.587896347045898,156100
2007-10-19,49.7400016784668,49.880001068115234,46.41999816894531,46.65999984741211,6.168797969818115,340900
2007-10-22,46.27000045776367,49.43000030517578,46.25,49.43000030517578,6.535013198852539,174700
2007-10-23,49.0,50.70000076293945,49.0,50.459999084472656,6.671187877655029,239100
2007-10-24,50.36000061035156,50.900001525878906,48.38999938964844,50.25,6.643424034118652,155800
2007-10-25,50.060001373291016,51.0,50.060001373291016,50.43000030517578,6.667220115661621,96700
2007-10-26,50.95000076293945,52.09000015258789,50.95000076293945,51.900001525878906,6.861566066741943,100200
2007-10-29,52.43000030517578,52.970001220703125,52.25,52.369998931884766,6.923703193664551,107700
2007-10-30,52.0,52.0,50.06999969482422,50.33000183105469,6.653999328613281,97600
2007-10-31,50.65999984741211,51.88999938964844,50.65999984741211,51.66999816894531,6.83115816116333,76700
2007-11-01,50.75,51.0,48.630001068115234,48.810001373291016,6.453045845031738,127900
2007-11-02,49.2599983215332,49.45000076293945,47.5,49.060001373291016,6.486096382141113,152000
2007-11-05,46.5,48.0,45.5,45.810001373291016,6.056422710418701,217800
2007-11-06,46.75,47.79999923706055,46.61000061035156,47.619998931884766,6.295717716217041,84500
2007-11-07,47.7400016784668,48.79999923706055,45.70000076293945,46.18000030517578,6.105339527130127,151300
2007-11-08,47.06999969482422,47.06999969482422,43.79999923706055,44.959999084472656,5.944045543670654,240600
2007-11-09,45.04999923706055,45.7400016784668,44.849998474121094,45.2599983215332,5.983709335327148,278500
2007-11-12,44.560001373291016,44.849998474121094,43.2599983215332,43.5,5.751022815704346,170000
2007-11-13,44.20000076293945,46.560001373291016,44.20000076293945,46.15999984741211,6.102695941925049,123700
2007-11-14,46.29999923706055,47.7599983215332,46.29999923706055,46.70000076293945,6.174088478088379,116400
2007-11-15,46.75,46.75,44.59000015258789,45.08000183105469,5.959910869598389,59600
2007-11-16,44.720001220703125,45.7599983215332,44.61000061035156,45.650001525878906,6.0352702140808105,69600
2007-11-19,45.0099983215332,45.0099983215332,44.0099983215332,44.33000183105469,5.860755920410156,103300
2007-11-20,44.83000183105469,46.470001220703125,44.5,45.79999923706055,6.055100440979004,93200
2007-11-21,44.29999923706055,44.29999923706055,42.900001525878906,43.400001525878906,5.737802982330322,132400
2007-11-23,44.0,45.150001525878906,43.720001220703125,45.130001068115234,5.966521263122559,26600
2007-11-26,45.68000030517578,46.189998626708984,44.130001068115234,44.130001068115234,5.834315776824951,88700
2007-11-27,43.5099983215332,45.18000030517578,43.5,45.16999816894531,5.971810340881348,84100
2007-11-28,45.20000076293945,48.27000045776367,45.20000076293945,48.2599983215332,6.380330562591553,94900
2007-11-29,47.43000030517578,48.54999923706055,47.06999969482422,47.70000076293945,6.306294918060303,52300
2007-11-30,49.04999923706055,49.470001220703125,47.79999923706055,47.90999984741211,6.3340582847595215,73400
2007-12-03,48.029998779296875,48.209999084472656,47.720001220703125,47.84000015258789,6.324803829193115,66800
2007-12-04,48.2400016784668,48.2400016784668,47.310001373291016,47.68000030517578,6.303650856018066,62900
2007-12-05,48.529998779296875,49.20000076293945,48.43000030517578,49.09000015258789,6.490062236785889,89700
2007-12-06,49.11000061035156,49.529998779296875,48.79999923706055,49.349998474121094,6.524435997009277,63600
2007-12-07,49.189998626708984,51.5,48.88999938964844,50.5,6.676476001739502,367900
2007-12-10,51.0,51.0,50.06999969482422,50.70000076293945,6.702917098999023,151600
2007-12-11,50.7599983215332,50.7599983215332,49.5,49.7400016784668,6.575998783111572,130900
2007-12-12,50.72999954223633,50.95000076293945,49.810001373291016,50.189998626708984,6.635490417480469,84500
2007-12-13,49.75,49.75,48.599998474121094,49.0099983215332,6.479486465454102,120100
2007-12-14,48.060001373291016,49.72999954223633,48.060001373291016,49.06999969482422,6.4874186515808105,93300
2007-12-17,48.189998626708984,48.189998626708984,45.18000030517578,45.5,6.015438556671143,161300
2007-12-18,46.5,46.79999923706055,45.75,46.380001068115234,6.131780624389648,257700
2007-12-19,34.689998626708984,35.88999938964844,34.689998626708984,35.400001525878906,6.335814952850342,214600
2007-12-20,35.619998931884766,36.220001220703125,35.400001525878906,35.93000030517578,6.4306745529174805,130300
2007-12-21,36.77000045776367,37.20000076293945,36.70000076293945,37.20000076293945,6.657975673675537,79500
2007-12-24,37.5,37.95000076293945,37.380001068115234,37.939998626708984,6.790419578552246,44700
2007-12-26,38.220001220703125,38.54999923706055,38.0,38.099998474121094,6.819053649902344,62100
2007-12-27,37.84000015258789,38.08000183105469,37.0,37.0,6.622180461883545,79400
2007-12-28,37.349998474121094,37.849998474121094,37.27000045776367,37.5,6.711668014526367,39600
2007-12-31,37.880001068115234,38.099998474121094,37.52000045776367,38.02000045776367,6.804737567901611,53100
2008-01-02,38.29999923706055,38.56999969482422,35.2599983215332,36.279998779296875,6.493314743041992,311800
2008-01-03,36.68000030517578,37.90999984741211,36.22999954223633,37.68000030517578,6.743885040283203,101500
2008-01-04,37.5099983215332,37.540000915527344,36.400001525878906,36.59000015258789,6.54879903793335,81000
2008-01-07,37.689998626708984,38.59000015258789,36.7599983215332,37.40999984741211,6.695561408996582,112400
2008-01-08,37.5,38.380001068115234,37.060001373291016,37.099998474121094,6.640077590942383,132000
2008-01-09,39.0,39.0,37.5,38.2400016784668,6.844112396240234,109700
2008-01-10,37.310001373291016,38.4900016784668,37.08000183105469,38.43000030517578,6.87811803817749,84400
2008-01-11,38.099998474121094,38.099998474121094,37.400001525878906,37.790000915527344,6.763573169708252,86000
2008-01-14,37.779998779296875,37.959999084472656,37.310001373291016,37.709999084472656,6.749253273010254,65100
2008-01-15,37.13999938964844,37.13999938964844,35.5,35.599998474121094,6.37161111831665,107300
2008-01-16,35.25,35.599998474121094,34.0,34.36000061035156,6.149678707122803,157800
2008-01-17,34.779998779296875,34.91999816894531,33.18000030517578,33.18000030517578,5.938483715057373,149900
2008-01-18,34.72999954223633,34.81999969482422,33.709999084472656,34.560001373291016,6.185474395751953,108900
2008-01-22,32.0,33.38999938964844,30.020000457763672,32.72999954223633,5.857945442199707,207800
2008-01-23,31.309999465942383,33.959999084472656,30.149999618530273,33.959999084472656,6.078086853027344,230600
2008-01-24,34.2400016784668,34.2400016784668,32.97999954223633,33.540000915527344,6.00291633605957,158000
2008-01-25,34.540000915527344,34.7400016784668,33.04999923706055,33.90999984741211,6.069138526916504,150300
2008-01-28,32.720001220703125,32.959999084472656,31.90999984741211,32.959999084472656,5.89910888671875,192700
2008-01-29,32.79999923706055,33.790000915527344,32.220001220703125,33.220001220703125,5.945643424987793,165600
2008-01-30,32.75,32.959999084472656,31.600000381469727,31.829999923706055,5.696864604949951,165300
2008-01-31,31.0,32.529998779296875,30.920000076293945,32.22999954223633,5.768455505371094,116600
2008-02-01,32.43000030517578,33.099998474121094,32.04999923706055,32.9900016784668,5.904479026794434,144300
2008-02-04,33.63999938964844,34.11000061035156,32.45000076293945,32.91999816894531,5.8919501304626465,266700
2008-02-05,32.66999816894531,33.65999984741211,31.719999313354492,32.54999923706055,5.825727939605713,314400
2008-02-06,33.06999969482422,33.189998626708984,32.150001525878906,32.150001525878906,5.7541375160217285,170900
2008-02-07,32.5,33.290000915527344,31.760000228881836,33.25,5.951013088226318,113800
2008-02-08,32.81999969482422,33.27000045776367,32.58000183105469,32.81999969482422,5.87405252456665,72200
2008-02-11,32.599998474121094,32.65999984741211,31.600000381469727,32.18000030517578,5.759506702423096,86400
2008-02-12,32.779998779296875,33.099998474121094,32.529998779296875,32.970001220703125,5.900899410247803,87400
2008-02-13,33.02000045776367,33.650001525878906,32.61000061035156,33.58000183105469,6.010076522827148,117200
2008-02-14,34.0,34.0,32.939998626708984,32.959999084472656,5.89910888671875,153200
2008-02-15,33.11000061035156,33.459999084472656,32.9900016784668,33.380001068115234,5.974280834197998,43200
2008-02-19,33.68000030517578,33.849998474121094,33.54999923706055,33.61000061035156,6.015445232391357,95300
2008-02-20,33.290000915527344,33.630001068115234,33.040000915527344,33.630001068115234,6.019024848937988,43300
2008-02-21,33.349998474121094,33.599998474121094,32.689998626708984,32.779998779296875,5.866894245147705,43600
2008-02-22,32.04999923706055,33.56999969482422,32.04999923706055,33.56999969482422,6.008285999298096,156200
2008-02-25,33.0,34.279998779296875,32.7599983215332,34.18000030517578,6.117462635040283,133000
2008-02-26,33.900001525878906,34.2400016784668,33.650001525878906,34.2400016784668,6.128201961517334,77500
2008-02-27,33.779998779296875,35.189998626708984,33.779998779296875,34.72999954223633,6.21589994430542,233700
2008-02-28,34.529998779296875,34.630001068115234,34.060001373291016,34.099998474121094,6.103144645690918,52800
2008-02-29,33.40999984741211,33.939998626708984,32.560001373291016,32.900001525878906,5.888370513916016,74200
2008-03-03,32.7400016784668,33.150001525878906,32.68000030517578,33.0099983215332,5.908057689666748,119600
2008-03-04,32.59000015258789,33.099998474121094,32.0,33.099998474121094,5.924166679382324,155100
2008-03-05,32.77000045776367,34.400001525878906,32.77000045776367,34.400001525878906,6.1568379402160645,147100
2008-03-06,34.130001068115234,34.25,32.900001525878906,32.90999984741211,5.890161514282227,141900
2008-03-07,32.5,33.15999984741211,32.0,32.880001068115234,5.884790897369385,134200
2008-03-10,32.95000076293945,33.029998779296875,31.420000076293945,31.75,5.682546615600586,131400
2008-03-11,32.540000915527344,33.959999084472656,32.040000915527344,33.849998474121094,6.058399677276611,314000
2008-03-12,33.5,33.540000915527344,32.29999923706055,32.310001373291016,5.782773494720459,198600
2008-03-13,31.360000610351562,32.619998931884766,30.760000228881836,32.369998931884766,5.79351282119751,97700
2008-03-14,31.6200008392334,31.799999237060547,30.559999465942383,30.610000610351562,5.478512287139893,73700
2008-03-17,29.989999771118164,30.75,29.1200008392334,29.75,5.324590682983398,164800
2008-03-18,29.790000915527344,31.75,29.75,31.700000762939453,5.67359733581543,148000
2008-03-19,31.450000762939453,31.68000030517578,29.079999923706055,29.799999237060547,5.333540439605713,123800
2008-03-20,29.43000030517578,30.81999969482422,28.8799991607666,30.700000762939453,5.494618892669678,147000
2008-03-24,30.700000762939453,31.81999969482422,30.520000457763672,31.81999969482422,5.695075511932373,78400
2008-03-25,32.5,32.79999923706055,32.0,32.79999923706055,5.870473861694336,56300
2008-03-26,32.41999816894531,32.66999816894531,31.34000015258789,31.5,5.637802600860596,84100
2008-03-27,31.700000762939453,31.950000762939453,31.360000610351562,31.6299991607666,5.661069393157959,129200
2008-03-28,32.2400016784668,32.349998474121094,31.719999313354492,31.790000915527344,5.689705848693848,99000
2008-03-31,31.799999237060547,31.84000015258789,31.459999084472656,31.799999237060547,5.691495418548584,86900
2008-04-01,31.950000762939453,32.9900016784668,31.950000762939453,32.9900016784668,5.904479026794434,204300
2008-04-02,32.90999984741211,33.380001068115234,32.09000015258789,32.689998626708984,5.850785732269287,154000
2008-04-03,32.13999938964844,33.38999938964844,32.13999938964844,33.18000030517578,5.938483715057373,76700
2008-04-04,32.75,33.470001220703125,32.13999938964844,33.15999984741211,5.934905529022217,102800
2008-04-07,33.59000015258789,33.97999954223633,33.349998474121094,33.650001525878906,6.0226054191589355,106300
2008-04-08,33.93000030517578,33.93000030517578,33.31999969482422,33.47999954223633,5.992177486419678,124700
2008-04-09,32.65999984741211,32.91999816894531,32.0099983215332,32.150001525878906,5.7541375160217285,114000
2008-04-10,32.54999923706055,32.84000015258789,32.060001373291016,32.77000045776367,5.865104675292969,153300
2008-04-11,32.380001068115234,32.720001220703125,32.099998474121094,32.20000076293945,5.763086795806885,83000
2008-04-14,32.06999969482422,32.29999923706055,31.780000686645508,32.18000030517578,5.759506702423096,99000
2008-04-15,32.54999923706055,32.54999923706055,32.09000015258789,32.369998931884766,5.79351282119751,31100
2008-04-16,32.83000183105469,33.790000915527344,32.689998626708984,33.790000915527344,6.047660827636719,80800
2008-04-17,33.20000076293945,33.560001373291016,32.91999816894531,33.31999969482422,5.9635419845581055,46600
2008-04-18,33.779998779296875,33.970001220703125,33.369998931884766,33.84000015258789,6.056609630584717,77100
2008-04-21,33.83000183105469,33.869998931884766,33.38999938964844,33.86000061035156,6.060189723968506,102600
2008-04-22,33.439998626708984,34.439998626708984,33.2400016784668,33.65999984741211,6.0243940353393555,90400
2008-04-23,34.279998779296875,35.779998779296875,34.279998779296875,35.650001525878906,6.380559921264648,329400
2008-04-24,36.189998626708984,36.470001220703125,35.150001525878906,36.04999923706055,6.452150821685791,201500
2008-04-25,35.88999938964844,35.88999938964844,35.04999923706055,35.31999969482422,6.321497440338135,95500
2008-04-28,35.220001220703125,35.59000015258789,35.13999938964844,35.459999084472656,6.346552848815918,100000
2008-04-29,35.43000030517578,35.470001220703125,34.619998931884766,34.84000015258789,6.2355875968933105,99500
2008-04-30,34.93000030517578,35.5,34.93000030517578,35.060001373291016,6.27496337890625,202100
2008-05-01,35.209999084472656,35.81999969482422,35.0,35.81999969482422,6.410984992980957,99700
2008-05-02,36.20000076293945,36.65999984741211,36.06999969482422,36.540000915527344,6.539849758148193,180200
2008-05-05,36.5,36.5,35.61000061035156,35.7400016784668,6.396667957305908,143900
2008-05-06,35.619998931884766,36.15999984741211,35.369998931884766,36.099998474121094,6.461100101470947,110600
2008-05-07,35.58000183105469,35.59000015258789,34.86000061035156,35.060001373291016,6.27496337890625,97600
2008-05-08,35.689998626708984,35.689998626708984,35.150001525878906,35.45000076293945,6.34476375579834,54700
2008-05-09,35.060001373291016,35.060001373291016,34.5,34.79999923706055,6.228428363800049,87800
2008-05-12,35.0,35.04999923706055,34.7400016784668,34.97999954223633,6.260644435882568,62300
2008-05-13,35.08000183105469,35.20000076293945,34.849998474121094,34.849998474121094,6.2373762130737305,61100
2008-05-14,35.029998779296875,35.310001373291016,34.86000061035156,35.04999923706055,6.273174285888672,41800
2008-05-15,35.13999938964844,35.59000015258789,35.13999938964844,35.470001220703125,6.348343849182129,22600
2008-05-16,35.70000076293945,35.84000015258789,35.349998474121094,35.54999923706055,6.362662315368652,74200
2008-05-19,35.599998474121094,36.22999954223633,35.189998626708984,36.18000030517578,6.4754180908203125,130500
2008-05-20,35.83000183105469,35.849998474121094,35.20000076293945,35.40999984741211,6.3376054763793945,67600
2008-05-21,35.70000076293945,35.9900016784668,35.22999954223633,35.27000045776367,6.312548637390137,100900
2008-05-22,35.119998931884766,35.380001068115234,35.0,35.20000076293945,6.30001974105835,48300
2008-05-23,35.119998931884766,35.20000076293945,34.2400016784668,34.400001525878906,6.1568379402160645,89200
2008-05-27,34.400001525878906,34.54999923706055,34.16999816894531,34.43000030517578,6.162207126617432,63100
2008-05-28,34.7400016784668,34.7400016784668,34.4900016784668,34.65999984741211,6.203371524810791,33400
2008-05-29,34.560001373291016,34.970001220703125,34.560001373291016,34.88999938964844,6.24453592300415,70300
2008-05-30,34.79999923706055,35.189998626708984,34.790000915527344,35.150001525878906,6.291070938110352,18300
2008-06-02,35.060001373291016,35.220001220703125,34.900001525878906,35.099998474121094,6.2821221351623535,85500
2008-06-03,35.0,35.0,34.279998779296875,34.380001068115234,6.15325927734375,46600
2008-06-04,34.18000030517578,34.470001220703125,34.040000915527344,34.31999969482422,6.142520427703857,77600
2008-06-05,34.459999084472656,35.0,34.349998474121094,34.939998626708984,6.253485202789307,59600
2008-06-06,34.849998474121094,34.849998474121094,34.349998474121094,34.369998931884766,6.151468753814697,120400
2008-06-09,34.56999969482422,34.56999969482422,34.13999938964844,34.439998626708984,6.163997173309326,83300
2008-06-10,33.56999969482422,33.75,33.08000183105469,33.400001525878906,5.9778594970703125,126600
2008-06-11,33.13999938964844,33.20000076293945,32.79999923706055,32.900001525878906,5.888370513916016,109200
2008-06-12,33.029998779296875,33.70000076293945,33.029998779296875,33.220001220703125,5.945643424987793,78900
2008-06-13,32.81999969482422,33.20000076293945,32.779998779296875,33.130001068115234,5.929535865783691,32700
2008-06-16,32.959999084472656,33.040000915527344,32.41999816894531,32.66999816894531,5.84720516204834,79900
2008-06-17,32.84000015258789,32.84000015258789,32.150001525878906,32.16999816894531,5.757716178894043,52700
2008-06-18,32.65999984741211,32.720001220703125,32.529998779296875,32.63999938964844,5.841835975646973,102200
2008-06-19,32.25,32.349998474121094,32.02000045776367,32.02000045776367,5.730871200561523,46100
2008-06-20,31.959999084472656,31.959999084472656,31.329999923706055,31.5,5.637802600860596,78100
2008-06-23,31.809999465942383,31.979999542236328,31.459999084472656,31.59000015258789,5.653909683227539,54300
2008-06-24,31.350000381469727,31.59000015258789,31.059999465942383,31.290000915527344,5.600218296051025,70900
2008-06-25,31.469999313354492,31.84000015258789,31.469999313354492,31.6299991607666,5.661069393157959,93600
2008-06-26,31.219999313354492,31.219999313354492,30.450000762939453,30.450000762939453,5.449875354766846,80400
2008-06-27,30.450000762939453,30.530000686645508,30.170000076293945,30.209999084472656,5.406920909881592,55500
2008-06-30,30.219999313354492,30.600000381469727,30.219999313354492,30.520000457763672,5.462404727935791,88900
2008-07-01,30.0,30.170000076293945,29.90999984741211,30.049999237060547,5.378283977508545,85700
2008-07-02,30.299999237060547,30.34000015258789,29.850000381469727,29.889999389648438,5.3496479988098145,125800
2008-07-03,29.969999313354492,30.190000534057617,29.8799991607666,29.950000762939453,5.360386848449707,52000
2008-07-07,30.440000534057617,31.219999313354492,30.440000534057617,31.059999465942383,5.559051513671875,184200
2008-07-08,30.1200008392334,30.959999084472656,30.1200008392334,30.799999237060547,5.51251745223999,140100
2008-07-09,30.950000762939453,31.25,30.40999984741211,30.559999465942383,5.469563007354736,69700
2008-07-10,31.0,31.0,30.229999542236328,30.719999313354492,5.498198986053467,74300
2008-07-11,30.6299991607666,30.6299991607666,29.8700008392334,30.260000228881836,5.415869235992432,104700
2008-07-14,30.610000610351562,30.670000076293945,29.809999465942383,29.8700008392334,5.346068382263184,63200
2008-07-15,29.229999542236328,29.299999237060547,28.459999084472656,29.010000228881836,5.192147254943848,133000
2008-07-16,28.709999084472656,29.8700008392334,28.459999084472656,29.760000228881836,5.326380252838135,75900
2008-07-17,29.8700008392334,30.31999969482422,29.809999465942383,30.18000030517578,5.40155029296875,52700
2008-07-18,30.010000228881836,30.200000762939453,29.649999618530273,29.760000228881836,5.326380252838135,66200
2008-07-21,30.18000030517578,30.399999618530273,29.979999542236328,30.260000228881836,5.415869235992432,69900
2008-07-22,30.18000030517578,31.09000015258789,29.950000762939453,31.030000686645508,5.553682327270508,68500
2008-07-23,31.149999618530273,32.0099983215332,31.049999237060547,31.790000915527344,5.689705848693848,92400
2008-07-24,32.11000061035156,32.11000061035156,30.639999389648438,30.709999084472656,5.4964094161987305,87000
2008-07-25,30.979999542236328,31.270000457763672,30.8799991607666,31.030000686645508,5.553682327270508,29600
2008-07-28,31.139999389648438,31.139999389648438,29.450000762939453,29.600000381469727,5.297744274139404,92200
2008-07-29,30.0,30.020000457763672,29.670000076293945,30.0,5.369334697723389,124400
2008-07-30,29.899999618530273,30.290000915527344,29.670000076293945,30.25,5.414079666137695,91800
2008-07-31,29.799999237060547,30.06999969482422,29.3799991607666,30.06999969482422,5.381863594055176,89800
2008-08-01,30.190000534057617,30.40999984741211,29.989999771118164,30.09000015258789,5.385443687438965,23400
2008-08-04,29.989999771118164,30.440000534057617,29.770000457763672,30.06999969482422,5.381863594055176,90400
2008-08-05,30.030000686645508,30.770000457763672,30.030000686645508,30.760000228881836,5.505358695983887,56000
2008-08-06,30.760000228881836,30.959999084472656,30.399999618530273,30.860000610351562,5.523256301879883,32100
2008-08-07,30.190000534057617,30.600000381469727,30.15999984741211,30.31999969482422,5.426607131958008,59600
2008-08-08,29.709999084472656,30.360000610351562,29.690000534057617,30.260000228881836,5.415869235992432,140500
2008-08-11,29.59000015258789,29.799999237060547,29.510000228881836,29.520000457763672,5.283426284790039,67700
2008-08-12,29.5,29.5,28.68000030517578,28.81999969482422,5.158140659332275,136600
2008-08-13,28.540000915527344,28.68000030517578,28.200000762939453,28.420000076293945,5.086549282073975,71100
2008-08-14,28.15999984741211,28.899999618530273,28.15999984741211,28.649999618530273,5.127715110778809,56000
2008-08-15,28.43000030517578,28.540000915527344,28.06999969482422,28.350000381469727,5.074020862579346,42300
2008-08-18,28.229999542236328,28.229999542236328,27.350000381469727,27.3700008392334,4.898622989654541,91600
2008-08-19,27.110000610351562,27.209999084472656,27.0,27.110000610351562,4.8520894050598145,63400
2008-08-20,27.809999465942383,28.190000534057617,27.690000534057617,28.030000686645508,5.016748905181885,149600
2008-08-21,27.520000457763672,27.860000610351562,27.510000228881836,27.75,4.9666337966918945,48100
2008-08-22,27.440000534057617,27.920000076293945,27.0,27.920000076293945,4.997061252593994,139800
2008-08-25,28.0,28.0,27.5,27.700000762939453,4.957686424255371,115100
2008-08-26,27.780000686645508,28.020000457763672,27.75,27.8799991607666,4.989901542663574,42600
2008-08-27,28.030000686645508,28.479999542236328,28.030000686645508,28.479999542236328,5.097289562225342,106100
2008-08-28,28.469999313354492,28.719999313354492,28.200000762939453,28.59000015258789,5.116977214813232,71300
2008-08-29,28.940000534057617,28.940000534057617,28.350000381469727,28.799999237060547,5.154561996459961,45300
2008-09-02,28.40999984741211,28.81999969482422,28.010000228881836,28.06999969482422,5.023907661437988,90800
2008-09-03,27.6200008392334,27.979999542236328,27.6200008392334,27.940000534057617,5.000639915466309,66300
2008-09-04,27.90999984741211,27.950000762939453,27.15999984741211,27.3799991607666,4.900413513183594,208300
2008-09-05,27.030000686645508,27.579999923706055,26.8700008392334,27.469999313354492,4.916521072387695,104000
2008-09-08,28.68000030517578,29.59000015258789,28.25,28.549999237060547,5.109817028045654,173500
2008-09-09,27.649999618530273,27.940000534057617,26.799999237060547,26.8700008392334,4.809134483337402,80900
2008-09-10,26.90999984741211,27.639999389648438,26.90999984741211,27.559999465942383,4.932628631591797,67900
2008-09-11,26.59000015258789,27.06999969482422,26.299999237060547,26.93000030517578,4.819872856140137,79700
2008-09-12,27.06999969482422,27.06999969482422,26.420000076293945,26.84000015258789,4.8037638664245605,170000
2008-09-15,25.420000076293945,26.219999313354492,25.3700008392334,25.6299991607666,4.587201118469238,144200
2008-09-16,25.0,25.350000381469727,24.020000457763672,25.270000457763672,4.522770404815674,210900
2008-09-17,24.670000076293945,25.639999389648438,23.6200008392334,25.049999237060547,4.483394622802734,279600
2008-09-18,25.09000015258789,26.799999237060547,24.719999313354492,26.610000610351562,4.762600898742676,155000
2008-09-19,28.459999084472656,29.950000762939453,27.899999618530273,29.3700008392334,5.256579875946045,280100
2008-09-22,29.18000030517578,29.299999237060547,28.520000457763672,29.25,5.235101699829102,544200
2008-09-23,28.260000228881836,28.280000686645508,27.079999923706055,27.110000610351562,4.8520894050598145,278800
2008-09-24,27.270000457763672,27.549999237060547,26.739999771118164,27.25,4.877146244049072,74000
2008-09-25,28.0,28.0,27.34000015258789,27.75,4.9666337966918945,261000
2008-09-26,27.149999618530273,27.149999618530273,26.5,26.75,4.787657260894775,77500
2008-09-29,25.5,25.530000686645508,24.459999084472656,24.729999542236328,4.426121711730957,174500
2008-09-30,25.139999389648438,26.670000076293945,24.90999984741211,26.649999618530273,4.769759654998779,63400
2008-10-01,25.940000534057617,27.389999389648438,25.520000457763672,27.3799991607666,4.900413513183594,83200
2008-10-02,26.850000381469727,26.850000381469727,25.520000457763672,25.520000457763672,4.5675129890441895,42100
2008-10-03,26.0,26.170000076293945,25.0,25.059999465942383,4.4851837158203125,52400
2008-10-06,24.100000381469727,24.170000076293945,21.600000381469727,22.15999984741211,3.96614933013916,236400
2008-10-07,22.25,22.65999984741211,21.540000915527344,22.420000076293945,4.012683391571045,255100
2008-10-08,21.600000381469727,22.170000076293945,20.889999389648438,21.760000228881836,3.8945577144622803,155200
2008-10-09,22.799999237060547,22.920000076293945,20.760000228881836,21.190000534057617,3.792541027069092,138100
2008-10-10,19.229999542236328,19.68000030517578,17.600000381469727,19.149999618530273,3.4274251461029053,366600
2008-10-13,20.739999771118164,24.549999237060547,20.489999771118164,24.549999237060547,4.393906116485596,259500
2008-10-14,24.600000381469727,25.0,22.5,23.40999984741211,4.189871788024902,329700
2008-10-15,22.469999313354492,22.549999237060547,19.25,19.40999984741211,3.47395920753479,161000
2008-10-16,19.8799991607666,21.0,19.200000762939453,20.860000610351562,3.733478307723999,161300
2008-10-17,20.110000610351562,21.350000381469727,19.559999465942383,20.600000381469727,3.686944007873535,106400
2008-10-20,21.229999542236328,22.260000228881836,21.06999969482422,22.239999771118164,3.980466842651367,61300
2008-10-21,21.690000534057617,22.059999465942383,21.219999313354492,21.25,3.803279161453247,121000
2008-10-22,20.56999969482422,20.56999969482422,19.729999542236328,20.139999389648438,3.6046133041381836,42800
2008-10-23,20.0,20.3700008392334,19.1299991607666,20.1200008392334,3.601034641265869,70500
2008-10-24,18.31999969482422,20.100000381469727,18.0,19.90999984741211,3.563448905944824,113000
2008-10-27,18.25,19.0,18.049999237060547,18.299999237060547,3.275294542312622,147100
2008-10-28,18.8700008392334,20.829999923706055,18.34000015258789,20.3700008392334,3.6457784175872803,122300
2008-10-29,20.049999237060547,20.280000686645508,19.1200008392334,19.15999984741211,3.429215431213379,117600
2008-10-30,20.5,20.5,19.200000762939453,19.360000610351562,3.4650115966796875,118600
2008-10-31,19.290000915527344,19.90999984741211,19.139999389648438,19.8700008392334,3.5562899112701416,61200
2008-11-03,20.010000228881836,20.690000534057617,19.8700008392334,20.530000686645508,3.674415349960327,86500
2008-11-04,20.989999771118164,22.399999618530273,20.860000610351562,22.25,3.9822566509246826,116100
2008-11-05,22.200000762939453,22.200000762939453,21.0,21.149999618530273,3.7853808403015137,45600
2008-11-06,21.190000534057617,21.190000534057617,19.239999771118164,19.239999771118164,3.443533420562744,72700
2008-11-07,19.360000610351562,20.25,19.34000015258789,20.190000534057617,3.6135623455047607,90200
2008-11-10,21.799999237060547,22.75,20.950000762939453,21.399999618530273,3.830125570297241,152300
2008-11-11,20.399999618530273,20.459999084472656,19.309999465942383,19.979999542236328,3.575976848602295,120500
2008-11-12,19.670000076293945,19.899999618530273,18.329999923706055,18.559999465942383,3.321829319000244,103100
2008-11-13,18.459999084472656,19.389999389648438,18.209999084472656,19.25,3.4453229904174805,358200
2008-11-14,19.0,19.389999389648438,18.399999618530273,18.469999313354492,3.305720329284668,85100
2008-11-17,18.420000076293945,19.3700008392334,18.389999389648438,18.850000381469727,3.373732089996338,68800
2008-11-18,18.399999618530273,18.600000381469727,17.700000762939453,18.079999923706055,3.235919237136841,58800
2008-11-19,18.18000030517578,18.299999237060547,17.969999313354492,18.040000915527344,3.228760242462158,181500
2008-11-20,17.90999984741211,18.06999969482422,17.190000534057617,17.25,3.0873680114746094,144900
2008-11-21,17.670000076293945,18.700000762939453,17.440000534057617,18.700000762939453,3.346885919570923,88800
2008-11-24,17.850000381469727,19.549999237060547,17.81999969482422,19.25,3.4453229904174805,149000
2008-11-25,19.170000076293945,19.399999618530273,18.309999465942383,18.989999771118164,3.3987889289855957,103900
2008-11-26,18.700000762939453,19.950000762939453,18.559999465942383,19.729999542236328,3.5312328338623047,131500
2008-11-28,19.579999923706055,19.579999923706055,18.75,19.110000610351562,3.4202659130096436,110700
2008-12-01,19.0,19.0,18.049999237060547,18.190000534057617,3.2556071281433105,129800
2008-12-02,18.18000030517578,19.350000381469727,18.100000381469727,19.260000228881836,3.447113513946533,177800
2008-12-03,18.770000457763672,20.34000015258789,18.75,20.25,3.6243014335632324,155900
2008-12-04,19.989999771118164,20.110000610351562,18.649999618530273,18.670000076293945,3.3415160179138184,167800
2008-12-05,18.670000076293945,19.3700008392334,18.25,19.25,3.4453229904174805,97300
2008-12-08,20.579999923706055,21.969999313354492,20.200000762939453,21.399999618530273,3.830125570297241,239300
2008-12-09,21.280000686645508,21.280000686645508,20.790000915527344,20.8799991607666,3.737056255340576,146700
2008-12-10,21.790000915527344,21.850000381469727,21.350000381469727,21.530000686645508,3.853393316268921,211700
2008-12-11,21.5,21.5,20.43000030517578,20.829999923706055,3.7281079292297363,79100
2008-12-12,20.010000228881836,20.719999313354492,19.600000381469727,20.610000610351562,3.6887338161468506,105300
2008-12-15,20.399999618530273,20.399999618530273,19.610000610351562,19.940000534057617,3.5688183307647705,118300
2008-12-16,19.969999313354492,21.5,19.969999313354492,21.270000457763672,3.806858539581299,155100
2008-12-17,20.799999237060547,22.0,20.700000762939453,21.809999465942383,3.9035067558288574,114000
2008-12-18,21.90999984741211,22.450000762939453,21.020000457763672,21.25,3.803279161453247,107000
2008-12-19,21.059999465942383,22.0,20.969999313354492,21.799999237060547,3.9017174243927,110600
2008-12-22,16.489999771118164,16.540000915527344,15.579999923706055,16.040000915527344,3.9156320095062256,415300
2008-12-23,15.850000381469727,15.949999809265137,15.399999618530273,15.40999984741211,3.7618377208709717,221300
2008-12-24,15.489999771118164,15.5,15.079999923706055,15.420000076293945,3.764279365539551,70700
2008-12-26,15.630000114440918,15.649999618530273,14.319999694824219,14.729999542236328,3.5958380699157715,439500
2008-12-29,14.770000457763672,15.029999732971191,14.720000267028809,14.979999542236328,3.656867504119873,120700
2008-12-30,15.100000381469727,15.859999656677246,15.100000381469727,15.84000015258789,3.866807699203491,314600
2008-12-31,15.899999618530273,16.540000915527344,15.720000267028809,16.540000915527344,4.037690162658691,195000
2009-01-02,16.799999237060547,17.25,16.799999237060547,17.25,4.211012840270996,275100
2009-01-05,17.280000686645508,17.600000381469727,16.729999542236328,16.790000915527344,4.098719596862793,243000
2009-01-06,16.729999542236328,17.200000762939453,16.68000030517578,17.110000610351562,4.1768364906311035,118300
2009-01-07,16.850000381469727,16.940000534057617,16.399999618530273,16.540000915527344,4.037690162658691,122200
2009-01-08,16.200000762939453,16.549999237060547,16.0,16.549999237060547,4.040131568908691,58100
2009-01-09,16.600000381469727,16.649999618530273,16.0,16.229999542236328,3.9620134830474854,56700
2009-01-12,16.0,16.0,15.420000076293945,15.5,3.783808946609497,75600
2009-01-13,15.25,16.0,15.100000381469727,15.619999885559082,3.813102960586548,107800
2009-01-14,15.550000190734863,15.550000190734863,15.050000190734863,15.260000228881836,3.7252209186553955,163700
2009-01-15,15.140000343322754,15.890000343322754,15.09000015258789,15.800000190734863,3.857043981552124,188500
2009-01-16,16.059999465942383,16.100000381469727,15.350000381469727,15.970000267028809,3.898543119430542,87900
2009-01-20,15.90999984741211,15.90999984741211,14.829999923706055,15.010000228881836,3.664191722869873,147400
2009-01-21,15.100000381469727,15.899999618530273,14.75,15.850000381469727,3.869248867034912,201000
2009-01-22,15.260000228881836,15.399999618530273,15.039999961853027,15.109999656677246,3.6886026859283447,156400
2009-01-23,14.65999984741211,15.369999885559082,14.600000381469727,15.369999885559082,3.752073287963867,134900
2009-01-26,15.760000228881836,15.760000228881836,15.09000015258789,15.369999885559082,3.752073287963867,126400
2009-01-27,15.380000114440918,15.40999984741211,15.050000190734863,15.210000038146973,3.7130143642425537,78000
2009-01-28,15.300000190734863,15.3100004196167,15.25,15.289999961853027,3.7325439453125,303900
2009-01-29,15.199999809265137,15.199999809265137,14.819999694824219,14.819999694824219,3.6178090572357178,84100
2009-01-30,14.90999984741211,14.920000076293945,14.579999923706055,14.649999618530273,3.5763092041015625,101500
2009-02-02,14.5,14.760000228881836,14.270000457763672,14.75,3.6007208824157715,170000
2009-02-03,14.9399995803833,15.670000076293945,14.880000114440918,15.670000076293945,3.825308322906494,128700
2009-02-04,15.789999961853027,16.100000381469727,15.760000228881836,15.859999656677246,3.8716907501220703,212700
2009-02-05,15.720000267028809,16.1299991607666,15.4399995803833,15.920000076293945,3.8863372802734375,170500
2009-02-06,16.0,16.459999084472656,15.84000015258789,16.1200008392334,3.9351603984832764,304400
2009-02-09,16.1200008392334,16.260000228881836,15.75,15.8100004196167,3.859484910964966,303300
2009-02-10,15.989999771118164,15.989999771118164,15.25,15.399999618530273,3.75939679145813,222700
2009-02-11,15.800000190734863,15.800000190734863,15.390000343322754,15.640000343322754,3.8179850578308105,113200
2009-02-12,15.489999771118164,15.539999961853027,15.020000457763672,15.479999542236328,3.778925657272339,98500
2009-02-13,15.489999771118164,16.270000457763672,15.460000038146973,16.1299991607666,3.937601327896118,258700
2009-02-17,15.399999618530273,15.449999809265137,14.710000038146973,14.850000381469727,3.6251325607299805,305500
2009-02-18,14.859999656677246,15.239999771118164,14.680000305175781,15.210000038146973,3.7130143642425537,235200
2009-02-19,15.210000038146973,15.59000015258789,15.010000228881836,15.09000015258789,3.683720350265503,400600
2009-02-20,14.510000228881836,14.75,14.0600004196167,14.550000190734863,3.5518970489501953,293500
2009-02-23,14.760000228881836,14.899999618530273,14.65999984741211,14.670000076293945,3.581191301345825,229800
2009-02-24,14.699999809265137,15.300000190734863,14.380000114440918,15.239999771118164,3.7203383445739746,585100
2009-02-25,14.789999961853027,15.289999961853027,14.75,14.970000267028809,3.6544268131256104,361700
2009-02-26,15.100000381469727,15.329999923706055,14.680000305175781,14.739999771118164,3.5982799530029297,119900
2009-02-27,14.739999771118164,14.739999771118164,14.1899995803833,14.399999618530273,3.515280246734619,103300
2009-03-02,14.100000381469727,14.399999618530273,13.899999618530273,13.930000305175781,3.400546073913574,213300
2009-03-03,14.390000343322754,14.399999618530273,14.079999923706055,14.220000267028809,3.471339702606201,203300
2009-03-04,15.0600004196167,15.069999694824219,14.699999809265137,14.979999542236328,3.656867504119873,346600
2009-03-05,14.979999542236328,14.979999542236328,14.3100004196167,14.460000038146973,3.5299272537231445,172100
2009-03-06,14.300000190734863,14.680000305175781,14.300000190734863,14.680000305175781,3.583632469177246,349300
2009-03-09,14.640000343322754,14.640000343322754,14.210000038146973,14.260000228881836,3.4811038970947266,493800
2009-03-10,14.25,14.9399995803833,14.25,14.899999618530273,3.6373391151428223,303100
2009-03-11,14.850000381469727,15.149999618530273,14.5,14.8100004196167,3.615368127822876,717700
2009-03-12,14.800000190734863,15.180000305175781,14.59000015258789,15.130000114440918,3.6934852600097656,396300
2009-03-13,15.149999618530273,15.399999618530273,15.100000381469727,15.180000305175781,3.705690860748291,124600
2009-03-16,15.180000305175781,15.539999961853027,15.149999618530273,15.180000305175781,3.705690860748291,99600
2009-03-17,15.039999961853027,15.510000228881836,15.039999961853027,15.5,3.783808946609497,85800
2009-03-18,15.489999771118164,15.489999771118164,15.039999961853027,15.380000114440918,3.754514694213867,198800
2009-03-19,15.229999542236328,15.350000381469727,14.920000076293945,15.0,3.6617496013641357,138900
2009-03-20,14.619999885559082,15.25,14.609999656677246,14.8100004196167,3.615368127822876,78900
2009-03-23,15.489999771118164,16.0,15.260000228881836,15.989999771118164,3.9034252166748047,181800
2009-03-24,15.550000190734863,15.729999542236328,15.460000038146973,15.479999542236328,3.778925657272339,158000
2009-03-25,15.789999961853027,15.899999618530273,15.34000015258789,15.65999984741211,3.822866439819336,139300
2009-03-26,15.819999694824219,16.34000015258789,15.819999694824219,16.299999237060547,3.9791011810302734,126100
2009-03-27,16.0,16.020000457763672,15.770000457763672,15.84000015258789,3.866807699203491,65100
2009-03-30,15.260000228881836,15.300000190734863,14.850000381469727,15.119999885559082,3.6910438537597656,69100
2009-03-31,15.25,15.670000076293945,15.25,15.609999656677246,3.8106613159179688,76800
2009-04-01,15.289999961853027,16.469999313354492,15.289999961853027,16.329999923706055,3.9864251613616943,122900
2009-04-02,17.010000228881836,17.34000015258789,16.770000457763672,16.81999969482422,4.106042385101318,174800
2009-04-03,16.93000030517578,16.979999542236328,16.790000915527344,16.889999389648438,4.123130798339844,99700
2009-04-06,16.950000762939453,16.950000762939453,16.40999984741211,16.780000686645508,4.096277713775635,57700
2009-04-07,16.65999984741211,16.65999984741211,16.139999389648438,16.260000228881836,3.969336986541748,68400
2009-04-08,16.309999465942383,16.59000015258789,16.200000762939453,16.389999389648438,4.001072883605957,87900
2009-04-09,17.1299991607666,17.149999618530273,16.889999389648438,17.049999237060547,4.162189483642578,145700
2009-04-13,17.399999618530273,17.700000762939453,17.09000015258789,17.700000762939453,4.320865154266357,149400
2009-04-14,17.700000762939453,17.81999969482422,17.25,17.649999618530273,4.308659553527832,115200
2009-04-15,17.739999771118164,17.940000534057617,17.540000915527344,17.889999389648438,4.367246627807617,102600
2009-04-16,17.90999984741211,18.040000915527344,17.719999313354492,17.770000457763672,4.337953090667725,277500
2009-04-17,17.610000610351562,17.860000610351562,17.420000076293945,17.75,4.333070755004883,228100
2009-04-20,17.690000534057617,17.690000534057617,17.0,17.049999237060547,4.162189483642578,230200
2009-04-21,17.0,17.700000762939453,16.649999618530273,17.700000762939453,4.320865154266357,116800
2009-04-22,17.420000076293945,17.56999969482422,17.110000610351562,17.329999923706055,4.230542182922363,190600
2009-04-23,17.389999389648438,17.549999237060547,17.350000381469727,17.5,4.2720417976379395,93200
2009-04-24,17.709999084472656,17.770000457763672,17.600000381469727,17.719999313354492,4.325747013092041,70700
2009-04-27,17.299999237060547,17.450000762939453,17.06999969482422,17.139999389648438,4.184159755706787,97700
2009-04-28,16.809999465942383,17.280000686645508,16.809999465942383,17.1299991607666,4.181718349456787,170200
2009-04-29,17.459999084472656,17.610000610351562,17.34000015258789,17.59000015258789,4.294013023376465,268200
2009-04-30,17.709999084472656,17.90999984741211,17.649999618530273,17.649999618530273,4.308659553527832,98000
2009-05-01,17.829999923706055,18.25,17.690000534057617,18.110000610351562,4.420952796936035,135600
2009-05-04,18.649999618530273,19.209999084472656,18.649999618530273,19.010000228881836,4.640657901763916,185500
2009-05-05,18.81999969482422,18.81999969482422,18.280000686645508,18.579999923706055,4.53568696975708,172400
2009-05-06,18.239999771118164,19.190000534057617,18.239999771118164,19.170000076293945,4.679716110229492,169400
2009-05-07,19.389999389648438,19.389999389648438,18.530000686645508,18.75,4.5771870613098145,109000
2009-05-08,19.420000076293945,19.540000915527344,19.100000381469727,19.389999389648438,4.733421802520752,163000
2009-05-11,18.989999771118164,19.190000534057617,18.799999237060547,19.040000915527344,4.647982120513916,126800
2009-05-12,19.100000381469727,19.100000381469727,18.600000381469727,18.969999313354492,4.630893707275391,186500
2009-05-13,18.790000915527344,18.790000915527344,18.440000534057617,18.709999084472656,4.567422389984131,222200
2009-05-14,18.700000762939453,19.15999984741211,18.56999969482422,18.940000534057617,4.623570442199707,62200
2009-05-15,18.969999313354492,19.399999618530273,18.969999313354492,19.170000076293945,4.679716110229492,122600
2009-05-18,19.860000610351562,20.309999465942383,19.59000015258789,20.239999771118164,4.940921783447266,135700
2009-05-19,19.950000762939453,20.760000228881836,19.920000076293945,20.520000457763672,5.009274482727051,158300
2009-05-20,20.690000534057617,20.84000015258789,20.420000076293945,20.5,5.004392623901367,151700
2009-05-21,20.09000015258789,20.270000457763672,19.56999969482422,19.940000534057617,4.867687225341797,120800
2009-05-22,19.790000915527344,20.200000762939453,19.719999313354492,20.15999984741211,4.921391487121582,80300
2009-05-26,19.899999618530273,20.739999771118164,19.899999618530273,20.739999771118164,5.062980651855469,184100
2009-05-27,20.780000686645508,21.190000534057617,20.75,20.920000076293945,5.1069207191467285,150900
2009-05-28,21.1200008392334,21.610000610351562,20.969999313354492,21.350000381469727,5.211891174316406,133700
2009-05-29,21.889999389648438,22.18000030517578,21.600000381469727,21.799999237060547,5.321743488311768,89200
2009-06-01,22.6299991607666,22.639999389648438,22.200000762939453,22.350000381469727,5.456008434295654,156100
2009-06-02,22.729999542236328,22.729999542236328,21.799999237060547,22.06999969482422,5.387654781341553,235100
2009-06-03,22.100000381469727,22.15999984741211,20.899999618530273,21.25,5.187479019165039,147500
2009-06-04,21.260000228881836,21.959999084472656,21.260000228881836,21.829999923706055,5.329066276550293,93900
2009-06-05,22.280000686645508,22.56999969482422,21.809999465942383,21.940000534057617,5.35591983795166,66900
2009-06-08,21.959999084472656,21.959999084472656,21.40999984741211,21.6200008392334,5.277803421020508,85500
2009-06-09,21.68000030517578,21.84000015258789,21.59000015258789,21.700000762939453,5.297331809997559,48900
2009-06-10,22.09000015258789,22.149999618530273,21.850000381469727,21.969999313354492,5.363243579864502,190500
2009-06-11,22.1299991607666,22.15999984741211,21.90999984741211,22.049999237060547,5.382772445678711,143700
2009-06-12,22.049999237060547,22.170000076293945,21.770000457763672,21.850000381469727,5.333949565887451,125000
2009-06-15,21.25,21.350000381469727,20.770000457763672,20.8700008392334,5.094715595245361,116600
2009-06-16,20.93000030517578,21.079999923706055,20.229999542236328,20.389999389648438,4.9775390625,100700
2009-06-17,20.0,20.5,18.600000381469727,20.350000381469727,4.967774391174316,550300
2009-06-18,20.290000915527344,20.520000457763672,20.25,20.40999984741211,4.982421875,51200
2009-06-19,20.670000076293945,20.75,20.549999237060547,20.709999084472656,5.055656909942627,43800
2009-06-22,20.649999618530273,20.709999084472656,20.260000228881836,20.309999465942383,4.958009719848633,147600
2009-06-23,21.1200008392334,21.1200008392334,19.959999084472656,20.270000457763672,4.948244571685791,87700
2009-06-24,20.809999465942383,20.940000534057617,20.479999542236328,20.6299991607666,5.036126613616943,99700
2009-06-25,20.780000686645508,21.020000457763672,20.649999618530273,20.959999084472656,5.116685390472412,97800
2009-06-26,21.170000076293945,21.170000076293945,20.84000015258789,20.989999771118164,5.124008655548096,111200
2009-06-29,20.780000686645508,21.360000610351562,20.780000686645508,21.079999923706055,5.145979404449463,67700
2009-06-30,21.049999237060547,21.06999969482422,20.760000228881836,20.979999542236328,5.121567726135254,97500
2009-07-01,21.100000381469727,21.219999313354492,21.010000228881836,21.190000534057617,5.172833442687988,86200
2009-07-02,20.979999542236328,20.979999542236328,20.719999313354492,20.899999618530273,5.10203742980957,100100
2009-07-06,20.399999618530273,20.93000030517578,20.399999618530273,20.899999618530273,5.10203742980957,69800
2009-07-07,20.65999984741211,20.799999237060547,20.65999984741211,20.68000030517578,5.048333168029785,91600
2009-07-08,20.719999313354492,20.760000228881836,20.579999923706055,20.700000762939453,5.053215503692627,168000
2009-07-09,20.8799991607666,21.040000915527344,20.81999969482422,20.899999618530273,5.10203742980957,116500
2009-07-10,20.799999237060547,20.989999771118164,20.229999542236328,20.969999313354492,5.119126796722412,97500
2009-07-13,20.700000762939453,21.049999237060547,20.649999618530273,21.010000228881836,5.128891468048096,34700
2009-07-14,21.010000228881836,21.489999771118164,21.010000228881836,21.3700008392334,5.216773509979248,95000
2009-07-15,21.610000610351562,21.760000228881836,21.610000610351562,21.719999313354492,5.302213191986084,98000
2009-07-16,21.889999389648438,21.889999389648438,21.489999771118164,21.799999237060547,5.321743488311768,88200
2009-07-17,21.989999771118164,22.0,21.780000686645508,21.889999389648438,5.343713760375977,77200
2009-07-20,22.280000686645508,22.360000610351562,22.049999237060547,22.360000610351562,5.45844841003418,120500
2009-07-21,22.239999771118164,22.360000610351562,21.540000915527344,21.979999542236328,5.365684986114502,251600
2009-07-22,21.6299991607666,22.350000381469727,21.6299991607666,22.350000381469727,5.456008434295654,165400
2009-07-23,22.5,23.209999084472656,22.459999084472656,23.030000686645508,5.622006416320801,105100
2009-07-24,23.100000381469727,23.110000610351562,22.709999084472656,22.989999771118164,5.612243175506592,91100
2009-07-27,23.149999618530273,23.239999771118164,22.799999237060547,22.969999313354492,5.607359886169434,61800
2009-07-28,23.219999313354492,23.290000915527344,22.969999313354492,23.229999542236328,5.670828819274902,140800
2009-07-29,22.790000915527344,22.790000915527344,22.309999465942383,22.479999542236328,5.4877424240112305,170900
2009-07-30,22.899999618530273,22.959999084472656,22.65999984741211,22.690000534057617,5.539007663726807,74100
2009-07-31,22.540000915527344,22.940000534057617,22.540000915527344,22.899999618530273,5.590271949768066,133700
2009-08-03,23.239999771118164,23.639999389648438,23.209999084472656,23.639999389648438,5.770916938781738,114500
2009-08-04,23.459999084472656,23.649999618530273,23.270000457763672,23.34000015258789,5.697684288024902,95000
2009-08-05,23.020000457763672,23.18000030517578,23.0,23.06999969482422,5.631771564483643,83800
2009-08-06,23.299999237060547,23.3700008392334,23.209999084472656,23.3700008392334,5.7050065994262695,87000
2009-08-07,22.860000610351562,23.450000762939453,22.860000610351562,23.200000762939453,5.663506507873535,84700
2009-08-10,23.389999389648438,23.520000457763672,23.329999923706055,23.440000534057617,5.722095012664795,79200
2009-08-11,23.43000030517578,23.43000030517578,22.969999313354492,23.139999389648438,5.648859024047852,88500
2009-08-12,22.979999542236328,23.200000762939453,22.700000762939453,22.799999237060547,5.565860748291016,167100
2009-08-13,22.989999771118164,23.260000228881836,22.829999923706055,23.25,5.6757121086120605,52100
2009-08-14,22.899999618530273,22.989999771118164,22.5,22.760000228881836,5.556095123291016,92900
2009-08-17,21.959999084472656,21.989999771118164,21.399999618530273,21.90999984741211,5.348596572875977,191800
2009-08-18,21.709999084472656,22.149999618530273,21.700000762939453,22.1299991607666,5.402302265167236,96800
2009-08-19,21.450000762939453,22.0,21.450000762939453,21.920000076293945,5.351037979125977,87400
2009-08-20,22.110000610351562,22.3700008392334,22.09000015258789,22.3700008392334,5.460891246795654,55700
2009-08-21,22.389999389648438,22.40999984741211,22.079999923706055,22.280000686645508,5.438919544219971,89300
2009-08-24,22.5,22.690000534057617,22.31999969482422,22.5,5.492624759674072,91500
2009-08-25,22.549999237060547,22.709999084472656,22.280000686645508,22.280000686645508,5.438919544219971,50500
2009-08-26,22.06999969482422,22.510000228881836,22.06999969482422,22.350000381469727,5.456008434295654,35900
2009-08-27,22.299999237060547,22.309999465942383,22.0,22.290000915527344,5.441360950469971,58100
2009-08-28,22.34000015258789,22.440000534057617,22.270000457763672,22.299999237060547,5.443801403045654,64700
2009-08-31,22.1299991607666,22.190000534057617,22.0,22.010000228881836,5.373008728027344,149800
2009-09-01,22.020000457763672,22.3799991607666,22.020000457763672,22.1200008392334,5.3998613357543945,160700
2009-09-02,22.1299991607666,22.290000915527344,22.0,22.149999618530273,5.407185077667236,52800
2009-09-03,22.3799991607666,22.75,22.3700008392334,22.75,5.553654670715332,46900
2009-09-04,22.989999771118164,23.229999542236328,22.93000030517578,23.229999542236328,5.670828819274902,60500
2009-09-08,23.450000762939453,23.889999389648438,23.31999969482422,23.889999389648438,5.831947326660156,109800
2009-09-09,23.93000030517578,24.049999237060547,23.75,23.93000030517578,5.8417134284973145,62400
2009-09-10,23.969999313354492,24.0,23.68000030517578,23.8799991607666,5.829505443572998,52700
2009-09-11,23.889999389648438,24.030000686645508,23.760000228881836,23.809999465942383,5.812417984008789,65100
2009-09-14,23.6299991607666,23.75,23.549999237060547,23.719999313354492,5.790446758270264,76800
2009-09-15,23.81999969482422,24.040000915527344,23.799999237060547,23.899999618530273,5.834389686584473,73700
2009-09-16,24.219999313354492,24.25,23.940000534057617,24.239999771118164,5.91738748550415,114300
2009-09-17,24.219999313354492,24.40999984741211,24.09000015258789,24.139999389648438,5.892975807189941,87400
2009-09-18,24.100000381469727,24.200000762939453,23.940000534057617,24.0,5.858799934387207,156800
2009-09-21,23.940000534057617,24.030000686645508,23.770000457763672,24.0,5.858799934387207,67200
2009-09-22,24.110000610351562,24.239999771118164,24.049999237060547,24.15999984741211,5.897858619689941,36800
2009-09-23,24.18000030517578,24.290000915527344,24.049999237060547,24.049999237060547,5.871005535125732,72100
2009-09-24,23.989999771118164,23.989999771118164,23.510000228881836,23.59000015258789,5.758711814880371,60600
2009-09-25,23.549999237060547,23.850000381469727,23.5,23.799999237060547,5.809977054595947,73900
2009-09-28,23.739999771118164,24.200000762939453,23.739999771118164,24.170000076293945,5.900299072265625,61100
2009-09-29,24.170000076293945,24.170000076293945,23.850000381469727,23.950000762939453,5.846595287322998,133000
2009-09-30,23.989999771118164,24.15999984741211,23.780000686645508,24.149999618530273,5.8954176902771,65500
2009-10-01,23.8700008392334,23.950000762939453,23.770000457763672,23.770000457763672,5.802653789520264,78300
2009-10-02,23.530000686645508,24.0,23.459999084472656,23.84000015258789,5.819741725921631,45200
2009-10-05,24.06999969482422,24.209999084472656,23.899999618530273,24.149999618530273,5.8954176902771,100500
2009-10-06,24.559999465942383,24.709999084472656,24.40999984741211,24.65999984741211,6.019916534423828,66600
2009-10-07,24.700000762939453,24.950000762939453,24.690000534057617,24.90999984741211,6.08094596862793,62700
2009-10-08,25.0,25.510000228881836,25.0,25.43000030517578,6.207888126373291,117200
2009-10-09,25.479999542236328,25.989999771118164,25.3700008392334,25.989999771118164,6.344592094421387,87800
2009-10-12,25.799999237060547,25.979999542236328,25.639999389648438,25.700000762939453,6.27379846572876,81500
2009-10-13,26.0,26.0,25.700000762939453,25.719999313354492,6.278679847717285,86000
2009-10-14,26.239999771118164,26.56999969482422,26.239999771118164,26.420000076293945,6.449563026428223,157200
2009-10-15,26.389999389648438,26.540000915527344,26.239999771118164,26.34000015258789,6.430032253265381,64100
2009-10-16,25.989999771118164,26.030000686645508,25.610000610351562,26.030000686645508,6.3543572425842285,84900
2009-10-19,26.09000015258789,26.790000915527344,26.09000015258789,26.6200008392334,6.498385429382324,86000
2009-10-20,26.84000015258789,26.989999771118164,26.469999313354492,26.6200008392334,6.498385429382324,126100
2009-10-21,26.68000030517578,26.790000915527344,26.5,26.520000457763672,6.473974704742432,110200
2009-10-22,26.5,26.5,26.049999237060547,26.360000610351562,6.434915065765381,98900
2009-10-23,26.530000686645508,26.65999984741211,26.270000457763672,26.350000381469727,6.4324750900268555,84700
2009-10-26,26.530000686645508,26.719999313354492,26.219999313354492,26.329999923706055,6.427592754364014,45600
2009-10-27,26.079999923706055,26.350000381469727,25.799999237060547,25.920000076293945,6.327504634857178,101200
2009-10-28,25.040000915527344,25.389999389648438,24.5,25.110000610351562,6.129770278930664,253100
2009-10-29,24.8700008392334,26.030000686645508,24.8700008392334,26.030000686645508,6.3543572425842285,71000
2009-10-30,26.030000686645508,26.030000686645508,24.90999984741211,25.25,6.163947105407715,107600
2009-11-02,25.780000686645508,25.860000610351562,25.260000228881836,25.489999771118164,6.222534656524658,63500
2009-11-03,25.350000381469727,25.56999969482422,25.06999969482422,25.399999618530273,6.200563907623291,65200
2009-11-04,25.860000610351562,26.5,25.829999923706055,26.1200008392334,6.376327037811279,118600
2009-11-05,26.59000015258789,26.809999465942383,26.360000610351562,26.780000686645508,6.537445068359375,70500
2009-11-06,26.760000228881836,26.8799991607666,26.600000381469727,26.6299991607666,6.500826835632324,116200
2009-11-09,26.889999389648438,27.200000762939453,26.889999389648438,27.190000534057617,6.637533664703369,105200
2009-11-10,27.290000915527344,27.290000915527344,26.860000610351562,27.059999465942383,6.605795383453369,59600
2009-11-11,27.020000457763672,27.299999237060547,27.020000457763672,27.280000686645508,6.65950345993042,57400
2009-11-12,27.270000457763672,27.299999237060547,27.09000015258789,27.200000762939453,6.639974117279053,63800
2009-11-13,27.219999313354492,27.469999313354492,27.190000534057617,27.450000762939453,6.701003074645996,51400
2009-11-16,27.739999771118164,28.399999618530273,27.719999313354492,28.09000015258789,6.857237339019775,268900
2009-11-17,27.850000381469727,28.229999542236328,27.809999465942383,27.889999389648438,6.808413505554199,174200
2009-11-18,28.100000381469727,28.100000381469727,27.700000762939453,27.860000610351562,6.801092147827148,105000
2009-11-19,27.780000686645508,27.850000381469727,27.209999084472656,27.31999969482422,6.6692681312561035,257300
2009-11-20,27.209999084472656,27.350000381469727,26.649999618530273,26.989999771118164,6.588709831237793,144900
2009-11-23,27.260000228881836,28.0,27.260000228881836,27.299999237060547,6.6643853187561035,226800
2009-11-24,27.139999389648438,27.229999542236328,26.75,27.18000030517578,6.635091304779053,92700
2009-11-25,27.299999237060547,28.81999969482422,27.06999969482422,28.5,6.9573259353637695,271600
2009-11-27,27.350000381469727,27.959999084472656,27.270000457763672,27.81999969482422,6.791324615478516,126100
2009-11-30,27.989999771118164,28.0,26.34000015258789,26.559999465942383,6.483738899230957,290600
2009-12-01,26.8700008392334,27.239999771118164,26.8700008392334,27.100000381469727,6.6155619621276855,88800
2009-12-02,27.31999969482422,27.559999465942383,27.139999389648438,27.5,6.7132086753845215,67000
2009-12-03,27.770000457763672,27.889999389648438,27.600000381469727,27.65999984741211,6.752267360687256,69600
2009-12-04,28.0,28.020000457763672,27.610000610351562,27.889999389648438,6.808413505554199,66400
2009-12-07,27.889999389648438,27.959999084472656,27.610000610351562,27.889999389648438,6.808413505554199,48800
2009-12-08,27.510000228881836,27.799999237060547,27.299999237060547,27.440000534057617,6.69856071472168,66300
2009-12-09,27.059999465942383,27.559999465942383,27.059999465942383,27.420000076293945,6.69367790222168,65700
2009-12-10,27.450000762939453,27.479999542236328,27.239999771118164,27.469999313354492,6.705885410308838,89500
2009-12-11,27.5,27.799999237060547,27.5,27.75,6.77423620223999,38600
2009-12-14,27.690000534057617,27.920000076293945,27.600000381469727,27.809999465942383,6.788885116577148,50000
2009-12-15,27.670000076293945,27.989999771118164,27.559999465942383,27.729999542236328,6.769354820251465,47200
2009-12-16,27.979999542236328,28.139999389648438,27.739999771118164,28.1299991607666,6.867002487182617,75600
2009-12-17,28.0,28.0,27.709999084472656,27.809999465942383,6.788885116577148,48200
2009-12-18,27.84000015258789,27.84000015258789,27.280000686645508,27.479999542236328,6.708326816558838,60400
2009-12-21,27.8700008392334,27.8700008392334,27.309999465942383,27.540000915527344,6.722972869873047,36600
2009-12-22,27.5,27.559999465942383,26.90999984741211,27.200000762939453,6.690749645233154,65900
2009-12-23,27.270000457763672,27.389999389648438,27.079999923706055,27.3700008392334,6.732567310333252,49800
2009-12-24,27.690000534057617,27.860000610351562,27.440000534057617,27.639999389648438,6.7989821434021,39800
2009-12-28,27.940000534057617,27.940000534057617,27.270000457763672,27.690000534057617,6.811282634735107,35600
2009-12-29,27.739999771118164,27.829999923706055,27.56999969482422,27.770000457763672,6.830960750579834,47600
2009-12-30,27.709999084472656,27.950000762939453,27.600000381469727,27.950000762939453,6.875236988067627,72600
2009-12-31,28.0,28.360000610351562,27.950000762939453,28.219999313354492,6.941651821136475,48400
2010-01-04,28.479999542236328,28.920000076293945,28.399999618530273,28.799999237060547,7.084323406219482,79000
2010-01-05,29.520000457763672,29.889999389648438,29.0,29.700000762939453,7.305707931518555,126500
2010-01-06,29.989999771118164,30.209999084472656,29.940000534057617,30.170000076293945,7.42132043838501,127300
2010-01-07,29.75,29.799999237060547,29.260000228881836,29.440000534057617,7.241753101348877,122100
2010-01-08,29.260000228881836,29.450000762939453,28.780000686645508,29.40999984741211,7.234373569488525,90000
2010-01-11,29.959999084472656,30.25,29.549999237060547,30.25,7.440999507904053,186100
2010-01-12,30.079999923706055,30.25,29.59000015258789,29.639999389648438,7.290948867797852,125200
2010-01-13,29.1299991607666,29.3799991607666,28.8700008392334,29.329999923706055,7.214694023132324,162000
2010-01-14,29.18000030517578,29.649999618530273,29.18000030517578,29.600000381469727,7.281111240386963,77800
2010-01-15,29.860000610351562,29.860000610351562,29.18000030517578,29.219999313354492,7.187636375427246,67000
2010-01-19,29.420000076293945,30.110000610351562,29.149999618530273,29.989999771118164,7.377043724060059,88900
2010-01-20,29.469999313354492,29.68000030517578,29.049999237060547,29.329999923706055,7.214694023132324,115900
2010-01-21,29.190000534057617,29.219999313354492,27.90999984741211,28.200000762939453,6.936734199523926,342500
2010-01-22,28.200000762939453,28.350000381469727,27.770000457763672,27.770000457763672,6.830960750579834,110500
2010-01-25,28.010000228881836,28.290000915527344,27.690000534057617,27.969999313354492,6.880156993865967,142000
2010-01-26,27.639999389648438,27.639999389648438,27.010000228881836,27.170000076293945,6.683370590209961,204800
2010-01-27,26.860000610351562,26.860000610351562,26.0,26.239999771118164,6.454605579376221,296900
2010-01-28,26.350000381469727,26.600000381469727,26.09000015258789,26.15999984741211,6.434926986694336,108500
2010-01-29,26.459999084472656,26.6200008392334,26.229999542236328,26.520000457763672,6.52347993850708,206000
2010-02-01,26.889999389648438,27.299999237060547,26.5,27.299999237060547,6.7153472900390625,104700
2010-02-02,27.049999237060547,27.649999618530273,27.040000915527344,27.459999084472656,6.754705429077148,119100
2010-02-03,27.719999313354492,27.719999313354492,27.389999389648438,27.479999542236328,6.759624481201172,82700
2010-02-04,26.90999984741211,26.979999542236328,26.1200008392334,26.190000534057617,6.4423065185546875,182900
2010-02-05,25.93000030517578,26.729999542236328,25.049999237060547,25.6200008392334,6.302095890045166,261200
2010-02-08,25.489999771118164,25.920000076293945,25.440000534057617,25.5,6.27257776260376,62700
2010-02-09,25.719999313354492,26.110000610351562,25.719999313354492,25.959999084472656,6.385730743408203,109700
2010-02-10,26.260000228881836,26.350000381469727,25.81999969482422,26.18000030517578,6.439847946166992,32600
2010-02-11,26.190000534057617,26.68000030517578,26.190000534057617,26.670000076293945,6.560378074645996,48700
2010-02-12,26.09000015258789,26.299999237060547,25.940000534057617,26.100000381469727,6.420166969299316,79100
2010-02-16,26.579999923706055,26.670000076293945,26.1299991607666,26.6200008392334,6.548078536987305,61200
2010-02-17,26.799999237060547,27.0,26.5,26.700000762939453,6.567758083343506,46400
2010-02-18,26.59000015258789,26.770000457763672,26.520000457763672,26.739999771118164,6.577597141265869,33900
2010-02-19,26.5,26.600000381469727,26.010000228881836,26.56999969482422,6.5357794761657715,43900
2010-02-22,26.68000030517578,26.68000030517578,26.469999313354492,26.520000457763672,6.52347993850708,37900
2010-02-23,26.56999969482422,26.719999313354492,26.219999313354492,26.309999465942383,6.471825122833252,31300
2010-02-24,26.15999984741211,26.6299991607666,26.15999984741211,26.530000686645508,6.525940895080566,38500
2010-02-25,26.260000228881836,26.450000762939453,26.18000030517578,26.40999984741211,6.496422290802002,30500
2010-02-26,26.469999313354492,26.889999389648438,26.469999313354492,26.829999923706055,6.599737644195557,27500
2010-03-01,27.010000228881836,27.25,27.010000228881836,27.209999084472656,6.69320821762085,63100
2010-03-02,27.290000915527344,27.329999923706055,27.059999465942383,27.260000228881836,6.705509662628174,110200
2010-03-03,27.489999771118164,27.489999771118164,27.110000610351562,27.260000228881836,6.705509662628174,45100
2010-03-04,27.200000762939453,27.229999542236328,26.8700008392334,27.040000915527344,6.651391983032227,41300
2010-03-05,27.329999923706055,27.6200008392334,27.209999084472656,27.6200008392334,6.79406213760376,80800
2010-03-08,27.889999389648438,27.889999389648438,27.670000076293945,27.81999969482422,6.843257427215576,66700
2010-03-09,27.780000686645508,27.979999542236328,27.6200008392334,27.8799991607666,6.858018398284912,47600
2010-03-10,27.799999237060547,27.989999771118164,27.75,27.989999771118164,6.88507604598999,30300
2010-03-11,27.8799991607666,28.329999923706055,27.709999084472656,28.31999969482422,6.966249942779541,207500
2010-03-12,28.170000076293945,28.350000381469727,28.0,28.049999237060547,6.899835109710693,45000
2010-03-15,27.75,27.860000610351562,27.56999969482422,27.68000030517578,6.808821201324463,75500
2010-03-16,27.739999771118164,27.950000762939453,27.600000381469727,27.75,6.826040267944336,129400
2010-03-17,27.760000228881836,28.299999237060547,27.760000228881836,28.15999984741211,6.92689323425293,116600
2010-03-18,28.239999771118164,28.389999389648438,27.950000762939453,28.239999771118164,6.9465718269348145,52900
2010-03-19,27.959999084472656,28.239999771118164,27.950000762939453,27.959999084472656,6.877696514129639,142100
2010-03-22,27.889999389648438,27.889999389648438,27.559999465942383,27.829999923706055,6.845719337463379,124100
2010-03-23,27.68000030517578,27.90999984741211,27.68000030517578,27.829999923706055,6.845719337463379,50400
2010-03-24,27.600000381469727,27.700000762939453,27.43000030517578,27.489999771118164,6.762085914611816,120300
2010-03-25,27.059999465942383,27.729999542236328,27.059999465942383,27.479999542236328,6.759624481201172,99100
2010-03-26,27.549999237060547,27.649999618530273,27.3799991607666,27.489999771118164,6.762085914611816,73200
2010-03-29,27.639999389648438,27.850000381469727,27.6299991607666,27.829999923706055,6.845719337463379,35100
2010-03-30,28.0,28.049999237060547,27.950000762939453,28.0,6.887536525726318,87200
2010-03-31,27.899999618530273,28.020000457763672,27.8799991607666,27.90999984741211,6.865398406982422,87900
2010-04-01,28.190000534057617,28.489999771118164,28.100000381469727,28.469999313354492,7.003148078918457,104400
2010-04-05,28.809999465942383,29.09000015258789,28.700000762939453,28.739999771118164,7.069563388824463,99900
2010-04-06,28.510000228881836,28.639999389648438,28.510000228881836,28.600000381469727,7.035126686096191,65400
2010-04-07,28.530000686645508,28.600000381469727,28.389999389648438,28.489999771118164,7.008066654205322,66300
2010-04-08,28.540000915527344,28.700000762939453,28.280000686645508,28.700000762939453,7.059725761413574,61200
2010-04-09,28.959999084472656,29.079999923706055,28.899999618530273,29.079999923706055,7.153197288513184,44500
2010-04-12,29.0,29.15999984741211,28.899999618530273,28.940000534057617,7.118762016296387,66000
2010-04-13,28.75,28.850000381469727,28.65999984741211,28.799999237060547,7.084323406219482,46300
2010-04-14,28.989999771118164,29.239999771118164,28.989999771118164,29.200000762939453,7.182716369628906,98100
2010-04-15,29.239999771118164,29.399999618530273,29.1299991607666,29.399999618530273,7.231913089752197,87100
2010-04-16,29.18000030517578,29.190000534057617,28.709999084472656,28.709999084472656,7.062183856964111,92200
2010-04-19,28.479999542236328,28.600000381469727,28.280000686645508,28.510000228881836,7.012986660003662,59500
2010-04-20,28.579999923706055,28.940000534057617,28.559999465942383,28.84000015258789,7.094162940979004,36400
2010-04-21,28.600000381469727,28.920000076293945,28.559999465942383,28.649999618530273,7.047425746917725,79400
2010-04-22,28.459999084472656,28.790000915527344,28.40999984741211,28.790000915527344,7.081862449645996,63600
2010-04-23,28.75,28.93000030517578,28.68000030517578,28.93000030517578,7.116301536560059,37600
2010-04-26,29.040000915527344,29.290000915527344,29.040000915527344,29.149999618530273,7.170416831970215,43300
2010-04-27,28.799999237060547,28.989999771118164,28.5,28.5,7.010527610778809,96500
2010-04-28,28.610000610351562,28.799999237060547,28.540000915527344,28.770000457763672,7.076942443847656,71600
2010-04-29,28.940000534057617,28.940000534057617,28.649999618530273,28.84000015258789,7.094162940979004,54100
2010-04-30,28.90999984741211,28.90999984741211,28.5,28.540000915527344,7.020366668701172,90200
2010-05-03,28.489999771118164,28.670000076293945,28.40999984741211,28.6200008392334,7.040046215057373,45200
2010-05-04,28.06999969482422,28.110000610351562,27.149999618530273,27.219999313354492,6.695670127868652,271600
2010-05-05,26.610000610351562,27.280000686645508,26.610000610351562,26.75,6.580056667327881,176400
2010-05-06,26.56999969482422,26.729999542236328,24.139999389648438,25.700000762939453,6.321774005889893,419200
2010-05-07,25.5,26.5,25.399999618530273,25.920000076293945,6.37589168548584,318200
2010-05-10,27.469999313354492,27.600000381469727,27.190000534057617,27.31999969482422,6.7202677726745605,161000
2010-05-11,26.579999923706055,27.030000686645508,26.450000762939453,26.579999923706055,6.538241386413574,110500
2010-05-12,26.56999969482422,27.030000686645508,26.540000915527344,26.940000534057617,6.626794338226318,71400
2010-05-13,26.8799991607666,27.1299991607666,26.860000610351562,27.0,6.641552925109863,191500
2010-05-14,26.8799991607666,26.90999984741211,26.5,26.75,6.580056667327881,124400
2010-05-17,26.700000762939453,26.700000762939453,26.0,26.3700008392334,6.486583709716797,93600
2010-05-18,26.389999389648438,26.739999771118164,26.229999542236328,26.299999237060547,6.469364166259766,111700
2010-05-19,26.25,26.25,25.690000534057617,26.020000457763672,6.400488376617432,112900
2010-05-20,25.260000228881836,25.389999389648438,24.700000762939453,25.0,6.149585723876953,194800
2010-05-21,24.3700008392334,25.459999084472656,24.360000610351562,25.450000762939453,6.260278224945068,95000
2010-05-24,25.479999542236328,25.780000686645508,25.479999542236328,25.600000381469727,6.297175884246826,56500
2010-05-25,24.709999084472656,24.8799991607666,24.049999237060547,24.75,6.088090419769287,229200
2010-05-26,25.100000381469727,25.40999984741211,24.860000610351562,24.8700008392334,6.117609024047852,105700
2010-05-27,25.5,26.690000534057617,25.299999237060547,26.690000534057617,6.565298080444336,187000
2010-05-28,26.239999771118164,26.809999465942383,26.190000534057617,26.6299991607666,6.550538063049316,184900
2010-06-01,25.940000534057617,26.350000381469727,25.8700008392334,25.8700008392334,6.36359167098999,84300
2010-06-02,25.93000030517578,26.139999389648438,25.93000030517578,26.09000015258789,6.417707920074463,85700
2010-06-03,26.100000381469727,26.299999237060547,25.809999465942383,26.110000610351562,6.422627925872803,48200
2010-06-04,25.360000610351562,25.979999542236328,25.170000076293945,25.3799991607666,6.243058681488037,93100
2010-06-07,25.43000030517578,25.639999389648438,24.770000457763672,24.860000610351562,6.11514949798584,108500
2010-06-08,25.079999923706055,25.239999771118164,24.65999984741211,25.239999771118164,6.20862340927124,70800
2010-06-09,25.489999771118164,25.639999389648438,25.149999618530273,25.25,6.211082935333252,100000
2010-06-10,25.420000076293945,25.93000030517578,25.420000076293945,25.93000030517578,6.378349304199219,61500
2010-06-11,25.34000015258789,26.100000381469727,25.34000015258789,26.100000381469727,6.420166969299316,57600
2010-06-14,26.260000228881836,26.34000015258789,26.049999237060547,26.110000610351562,6.422627925872803,55700
2010-06-15,26.25,26.969999313354492,26.239999771118164,26.93000030517578,6.62433385848999,106900
2010-06-16,26.549999237060547,26.959999084472656,26.40999984741211,26.860000610351562,6.607113838195801,43400
2010-06-17,26.59000015258789,26.700000762939453,26.0,26.600000381469727,6.543159484863281,113600
2010-06-18,26.600000381469727,26.65999984741211,26.5,26.639999389648438,6.5529985427856445,70400
2010-06-21,27.15999984741211,27.530000686645508,27.010000228881836,27.1200008392334,6.671072006225586,82000
2010-06-22,26.829999923706055,27.309999465942383,26.809999465942383,26.899999618530273,6.616955280303955,92000
2010-06-23,26.889999389648438,27.0,26.56999969482422,26.690000534057617,6.565298080444336,61300
2010-06-24,26.5,26.559999465942383,26.280000686645508,26.479999542236328,6.513640403747559,45200
2010-06-25,26.299999237060547,26.799999237060547,26.239999771118164,26.489999771118164,6.5161004066467285,45200
2010-06-28,26.639999389648438,26.739999771118164,26.40999984741211,26.56999969482422,6.5357794761657715,22800
2010-06-29,25.8700008392334,26.270000457763672,25.559999465942383,25.889999389648438,6.368512153625488,120100
2010-06-30,25.690000534057617,26.25,25.690000534057617,26.149999618530273,6.432467460632324,124400
2010-07-01,26.020000457763672,26.049999237060547,25.389999389648438,25.90999984741211,6.373431205749512,83600
2010-07-02,26.1299991607666,26.1299991607666,25.260000228881836,25.75,6.334073543548584,67100
2010-07-06,25.8700008392334,26.15999984741211,25.6299991607666,25.989999771118164,6.393110275268555,82500
2010-07-07,26.100000381469727,26.31999969482422,25.760000228881836,26.309999465942383,6.471825122833252,57300
2010-07-08,26.3700008392334,26.5,26.059999465942383,26.469999313354492,6.511180400848389,69700
2010-07-09,26.469999313354492,26.760000228881836,26.290000915527344,26.709999084472656,6.570217609405518,64500
2010-07-12,26.34000015258789,26.8799991607666,26.34000015258789,26.709999084472656,6.570217609405518,49400
2010-07-13,26.899999618530273,27.020000457763672,26.739999771118164,26.93000030517578,6.62433385848999,78400
2010-07-14,26.6299991607666,26.829999923706055,26.540000915527344,26.709999084472656,6.570217609405518,80500
2010-07-15,26.459999084472656,26.5,25.950000762939453,26.489999771118164,6.5161004066467285,140700
2010-07-16,26.209999084472656,26.299999237060547,26.059999465942383,26.299999237060547,6.469364166259766,116000
2010-07-19,26.40999984741211,26.59000015258789,26.309999465942383,26.530000686645508,6.525940895080566,53100
2010-07-20,26.649999618530273,26.989999771118164,26.43000030517578,26.969999313354492,6.634173393249512,31100
2010-07-21,27.09000015258789,27.149999618530273,26.81999969482422,26.90999984741211,6.61941385269165,52200
2010-07-22,27.209999084472656,27.59000015258789,27.209999084472656,27.520000457763672,6.769465446472168,113800
2010-07-23,27.440000534057617,27.739999771118164,27.399999618530273,27.739999771118164,6.823581218719482,45800
2010-07-26,27.719999313354492,27.899999618530273,27.530000686645508,27.780000686645508,6.833420753479004,57800
2010-07-27,27.940000534057617,27.959999084472656,27.579999923706055,27.940000534057617,6.872777462005615,70800
2010-07-28,28.170000076293945,28.170000076293945,28.0,28.15999984741211,6.92689323425293,127000
2010-07-29,28.3799991607666,28.3799991607666,27.860000610351562,28.260000228881836,6.951491832733154,107700
2010-07-30,28.149999618530273,28.290000915527344,27.959999084472656,28.229999542236328,6.944112300872803,48000
2010-08-02,28.75,28.989999771118164,28.649999618530273,28.989999771118164,7.1310601234436035,65400
2010-08-03,28.739999771118164,28.829999923706055,28.610000610351562,28.829999923706055,7.091701507568359,33100
2010-08-04,28.850000381469727,29.100000381469727,28.850000381469727,29.020000457763672,7.138440132141113,49500
2010-08-05,28.950000762939453,29.190000534057617,28.799999237060547,29.190000534057617,7.1802568435668945,42900
2010-08-06,28.850000381469727,29.290000915527344,28.850000381469727,29.290000915527344,7.204854965209961,72200
2010-08-09,29.299999237060547,29.469999313354492,29.200000762939453,29.459999084472656,7.2466721534729,112400
2010-08-10,29.0,29.110000610351562,28.790000915527344,28.93000030517578,7.116301536560059,118400
2010-08-11,28.239999771118164,28.799999237060547,28.229999542236328,28.760000228881836,7.074481964111328,117000
2010-08-12,28.600000381469727,28.809999465942383,28.479999542236328,28.6299991607666,7.042504787445068,74000
2010-08-13,28.700000762939453,28.940000534057617,28.700000762939453,28.850000381469727,7.096622943878174,43800
2010-08-16,28.799999237060547,29.670000076293945,28.489999771118164,29.600000381469727,7.281111240386963,164900
2010-08-17,29.940000534057617,30.1299991607666,29.8700008392334,30.09000015258789,7.401641368865967,129100
2010-08-18,29.969999313354492,30.290000915527344,29.969999313354492,30.25,7.440999507904053,74100
2010-08-19,29.989999771118164,30.270000457763672,29.809999465942383,30.059999465942383,7.394261837005615,71000
2010-08-20,30.0,30.0,29.65999984741211,29.899999618530273,7.354904651641846,54200
2010-08-23,29.979999542236328,30.459999084472656,29.760000228881836,29.860000610351562,7.345066547393799,282800
2010-08-24,29.440000534057617,29.649999618530273,29.270000457763672,29.270000457763672,7.199934959411621,166000
2010-08-25,29.020000457763672,29.549999237060547,28.93000030517578,29.520000457763672,7.2614312171936035,115200
2010-08-26,29.649999618530273,29.649999618530273,29.020000457763672,29.06999969482422,7.150740623474121,115800
2010-08-27,29.469999313354492,29.469999313354492,29.139999389648438,29.3700008392334,7.224534034729004,238600
2010-08-30,29.389999389648438,29.459999084472656,29.020000457763672,29.190000534057617,7.1802568435668945,185100
2010-08-31,29.030000686645508,29.3799991607666,29.030000686645508,29.260000228881836,7.197475433349609,60600
2010-09-01,29.5,29.81999969482422,29.440000534057617,29.799999237060547,7.330306529998779,58300
2010-09-02,30.09000015258789,30.25,29.760000228881836,30.25,7.440999507904053,72400
2010-09-03,30.520000457763672,30.600000381469727,30.06999969482422,30.15999984741211,7.418859481811523,132900
2010-09-07,30.15999984741211,30.299999237060547,29.579999923706055,29.799999237060547,7.330306529998779,140300
2010-09-08,30.06999969482422,30.690000534057617,29.799999237060547,30.600000381469727,7.527091979980469,169400
2010-09-09,30.450000762939453,30.649999618530273,30.450000762939453,30.639999389648438,7.536931991577148,65300
2010-09-10,30.75,30.950000762939453,30.549999237060547,30.899999618530273,7.600887298583984,59300
2010-09-13,31.190000534057617,31.799999237060547,31.190000534057617,31.799999237060547,7.822273254394531,149000
2010-09-14,31.920000076293945,32.09000015258789,31.670000076293945,31.81999969482422,7.827193260192871,136300
2010-09-15,31.639999389648438,31.799999237060547,31.5,31.75,7.809974670410156,56900
2010-09-16,31.68000030517578,31.75,31.209999084472656,31.360000610351562,7.714041233062744,52500
2010-09-17,31.520000457763672,31.760000228881836,31.229999542236328,31.75,7.809974670410156,65200
2010-09-20,31.829999923706055,32.25,31.799999237060547,32.20000076293945,7.92066764831543,69600
2010-09-21,32.27000045776367,32.349998474121094,32.20000076293945,32.2400016784668,7.930506706237793,102400
2010-09-22,32.2400016784668,32.34000015258789,32.11000061035156,32.189998626708984,7.918206214904785,50800
2010-09-23,32.08000183105469,32.16999816894531,31.889999389648438,31.989999771118164,7.869011402130127,61300
2010-09-24,32.18000030517578,32.720001220703125,32.18000030517578,32.4900016784668,7.992002487182617,66800
2010-09-27,32.5099983215332,32.790000915527344,32.47999954223633,32.619998931884766,8.023979187011719,100200
2010-09-28,32.810001373291016,33.0,32.540000915527344,32.90999984741211,8.095315933227539,86300
2010-09-29,33.27000045776367,33.27000045776367,32.849998474121094,33.060001373291016,8.132211685180664,201800
2010-09-30,33.5099983215332,33.52000045776367,32.810001373291016,32.900001525878906,8.092856407165527,129900
2010-10-01,33.15999984741211,33.29999923706055,32.95000076293945,32.97999954223633,8.112532615661621,104900
2010-10-04,32.97999954223633,33.25,32.720001220703125,32.90999984741211,8.095315933227539,162700
2010-10-05,32.939998626708984,33.349998474121094,32.91999816894531,33.33000183105469,8.198629379272461,131800
2010-10-06,33.5,33.5099983215332,33.2599983215332,33.380001068115234,8.210926055908203,137200
2010-10-07,33.61000061035156,33.650001525878906,33.29999923706055,33.599998474121094,8.265042304992676,148800
2010-10-08,33.75,33.869998931884766,33.630001068115234,33.779998779296875,8.309320449829102,135200
2010-10-11,34.0,34.04999923706055,33.81999969482422,33.93000030517578,8.346216201782227,211100
2010-10-12,33.93000030517578,34.04999923706055,33.70000076293945,33.7599983215332,8.304400444030762,201900
2010-10-13,34.16999816894531,34.25,34.029998779296875,34.130001068115234,8.395414352416992,171700
2010-10-14,34.31999969482422,34.43000030517578,34.209999084472656,34.349998474121094,8.449529647827148,193600
2010-10-15,34.70000076293945,34.720001220703125,33.79999923706055,33.88999938964844,8.336379051208496,214000
2010-10-18,33.86000061035156,33.86000061035156,33.41999816894531,33.5,8.240446090698242,107100
2010-10-19,33.29999923706055,33.29999923706055,31.75,32.11000061035156,7.898528099060059,265900
2010-10-20,32.25,33.4900016784668,32.150001525878906,33.310001373291016,8.193709373474121,162400
2010-10-21,33.599998474121094,33.77000045776367,33.22999954223633,33.36000061035156,8.20600700378418,180800
2010-10-22,33.529998779296875,33.77000045776367,33.279998779296875,33.54999923706055,8.252744674682617,176500
2010-10-25,33.869998931884766,34.209999084472656,33.77000045776367,34.15999984741211,8.402793884277344,265900
2010-10-26,33.95000076293945,34.939998626708984,33.95000076293945,34.5,8.486428260803223,242400
2010-10-27,34.15999984741211,34.45000076293945,33.02000045776367,33.38999938964844,8.213386535644531,533000
2010-10-28,33.470001220703125,33.59000015258789,33.20000076293945,33.400001525878906,8.215846061706543,106900
2010-10-29,33.5099983215332,33.58000183105469,33.11000061035156,33.45000076293945,8.228145599365234,288500
2010-11-01,34.20000076293945,34.20000076293945,33.68000030517578,33.88999938964844,8.336379051208496,192700
2010-11-02,34.34000015258789,34.380001068115234,33.59000015258789,33.630001068115234,8.272421836853027,361700
2010-11-03,33.75,34.119998931884766,33.65999984741211,34.119998931884766,8.39295482635498,214000
2010-11-04,34.52000045776367,34.720001220703125,34.2599983215332,34.720001220703125,8.540546417236328,232800
2010-11-05,34.88999938964844,34.900001525878906,34.61000061035156,34.709999084472656,8.538084983825684,111300
2010-11-08,34.810001373291016,35.33000183105469,34.70000076293945,35.22999954223633,8.665996551513672,240100
2010-11-09,35.31999969482422,35.31999969482422,34.77000045776367,34.880001068115234,8.579902648925781,257000
2010-11-10,34.81999969482422,35.0,34.33000183105469,34.81999969482422,8.565141677856445,161100
2010-11-11,34.5099983215332,35.15999984741211,34.33000183105469,35.0,8.609419822692871,109700
2010-11-12,34.47999954223633,34.47999954223633,33.709999084472656,33.84000015258789,8.324079513549805,131900
2010-11-15,33.599998474121094,33.7400016784668,33.29999923706055,33.45000076293945,8.228145599365234,79000
2010-11-16,32.88999938964844,32.88999938964844,31.219999313354492,31.6200008392334,7.77799654006958,361900
2010-11-17,31.350000381469727,32.470001220703125,31.34000015258789,32.29999923706055,7.945265293121338,160000
2010-11-18,32.65999984741211,33.27000045776367,32.65999984741211,33.06999969482422,8.134672164916992,119700
2010-11-19,32.72999954223633,32.95000076293945,32.5,32.689998626708984,8.04119873046875,70500
2010-11-22,32.61000061035156,32.630001068115234,32.11000061035156,32.560001373291016,8.009222030639648,57600
2010-11-23,32.150001525878906,32.15999984741211,31.520000457763672,32.06999969482422,7.888688087463379,49400
2010-11-24,32.18000030517578,32.70000076293945,32.0099983215332,32.619998931884766,8.023979187011719,82700
2010-11-26,32.47999954223633,32.54999923706055,32.20000076293945,32.54999923706055,8.006760597229004,14000
2010-11-29,32.220001220703125,32.959999084472656,32.220001220703125,32.880001068115234,8.087936401367188,52400
2010-11-30,32.54999923706055,33.099998474121094,32.290000915527344,32.939998626708984,8.102693557739258,88000
2010-12-01,33.34000015258789,33.849998474121094,33.34000015258789,33.7599983215332,8.304400444030762,65800
2010-12-02,33.7599983215332,34.27000045776367,33.66999816894531,34.209999084472656,8.415093421936035,90900
2010-12-03,33.7599983215332,34.290000915527344,33.7599983215332,34.16999816894531,8.405254364013672,107200
2010-12-06,34.0,34.25,34.0,34.16999816894531,8.405254364013672,45900
2010-12-07,34.2400016784668,34.97999954223633,34.2400016784668,34.470001220703125,8.479049682617188,72700
2010-12-08,34.2599983215332,34.61000061035156,33.939998626708984,34.54999923706055,8.498727798461914,118500
2010-12-09,34.31999969482422,34.790000915527344,34.31999969482422,34.54999923706055,8.498727798461914,118200
2010-12-10,34.29999923706055,34.709999084472656,34.25,34.279998779296875,8.432312965393066,192400
2010-12-13,34.650001525878906,34.75,34.2400016784668,34.2400016784668,8.42247486114502,104800
2010-12-14,34.630001068115234,34.689998626708984,34.29999923706055,34.470001220703125,8.479049682617188,59500
2010-12-15,34.25,34.5,34.13999938964844,34.13999938964844,8.39787483215332,45800
2010-12-16,33.83000183105469,34.130001068115234,33.099998474121094,33.189998626708984,8.164191246032715,161100
2010-12-17,33.02000045776367,33.11000061035156,32.68000030517578,32.83000183105469,8.075636863708496,93800
2010-12-20,32.7599983215332,32.79999923706055,32.29999923706055,32.650001525878906,8.03135871887207,155300
2010-12-21,30.889999389648438,31.170000076293945,30.530000686645508,31.020000457763672,8.21434211730957,152000
2010-12-22,30.799999237060547,30.959999084472656,30.559999465942383,30.739999771118164,8.140196800231934,95800
2010-12-23,30.639999389648438,30.700000762939453,30.40999984741211,30.6200008392334,8.108418464660645,65600
2010-12-27,30.260000228881836,30.65999984741211,29.829999923706055,30.649999618530273,8.116362571716309,105900
2010-12-28,30.549999237060547,30.549999237060547,30.200000762939453,30.389999389648438,8.047513008117676,81400
2010-12-29,31.09000015258789,31.239999771118164,30.68000030517578,31.049999237060547,8.222285270690918,137200
2010-12-30,30.790000915527344,31.59000015258789,30.790000915527344,31.559999465942383,8.35733699798584,154300
2010-12-31,31.610000610351562,32.68000030517578,31.610000610351562,32.5,8.606256484985352,210700
2011-01-03,33.0,33.380001068115234,33.0,33.27000045776367,8.810159683227539,174900
2011-01-04,33.880001068115234,33.939998626708984,33.290000915527344,33.54999923706055,8.884305000305176,74400
2011-01-05,33.470001220703125,33.4900016784668,33.189998626708984,33.369998931884766,8.836640357971191,46000
2011-01-06,33.29999923706055,33.36000061035156,33.15999984741211,33.189998626708984,8.788975715637207,65500
2011-01-07,33.2400016784668,33.2400016784668,32.5099983215332,32.97999954223633,8.733366012573242,52000
2011-01-10,32.65999984741211,32.65999984741211,32.310001373291016,32.400001525878906,8.579777717590332,68200
2011-01-11,32.849998474121094,32.849998474121094,31.93000030517578,32.099998474121094,8.500332832336426,249200
2011-01-12,32.529998779296875,32.720001220703125,32.25,32.650001525878906,8.645978927612305,126300
2011-01-13,32.459999084472656,32.65999984741211,32.189998626708984,32.439998626708984,8.59036922454834,51100
2011-01-14,31.920000076293945,32.29999923706055,31.899999618530273,32.22999954223633,8.534758567810059,59500
2011-01-18,31.770000457763672,32.130001068115234,31.510000228881836,31.729999542236328,8.40235424041748,189500
2011-01-19,31.979999542236328,32.130001068115234,31.760000228881836,31.940000534057617,8.457965850830078,160300
2011-01-20,31.56999969482422,31.68000030517578,31.15999984741211,31.40999984741211,8.31761646270752,149200
2011-01-21,31.440000534057617,31.75,31.31999969482422,31.5,8.341447830200195,127800
2011-01-24,31.260000228881836,31.459999084472656,31.190000534057617,31.399999618530273,8.31496810913086,94100
2011-01-25,31.15999984741211,31.200000762939453,30.600000381469727,30.700000762939453,8.129603385925293,140500
2011-01-26,30.799999237060547,31.09000015258789,30.56999969482422,31.040000915527344,8.21963882446289,129600
2011-01-27,31.25,31.280000686645508,31.040000915527344,31.190000534057617,8.259359359741211,44000
2011-01-28,31.1299991607666,31.15999984741211,29.780000686645508,30.0,7.944237232208252,269200
2011-01-31,30.399999618530273,31.15999984741211,30.399999618530273,31.09000015258789,8.232877731323242,167700
2011-02-01,31.290000915527344,31.68000030517578,31.200000762939453,31.639999389648438,8.378521919250488,137100
2011-02-02,31.700000762939453,31.969999313354492,31.6200008392334,31.790000915527344,8.418245315551758,74300
2011-02-03,31.799999237060547,31.959999084472656,31.6200008392334,31.8700008392334,8.43942928314209,33900
2011-02-04,31.93000030517578,31.969999313354492,31.68000030517578,31.959999084472656,8.463261604309082,55400
2011-02-07,31.860000610351562,31.860000610351562,31.229999542236328,31.600000381469727,8.367929458618164,88200
2011-02-08,31.510000228881836,31.68000030517578,31.360000610351562,31.670000076293945,8.386466979980469,74600
2011-02-09,31.309999465942383,31.309999465942383,30.68000030517578,30.850000381469727,8.16932487487793,176700
2011-02-10,30.549999237060547,32.0,30.299999237060547,31.149999618530273,8.248766899108887,174900
2011-02-11,30.81999969482422,31.59000015258789,30.81999969482422,31.559999465942383,8.35733699798584,138600
2011-02-14,31.90999984741211,31.90999984741211,31.6200008392334,31.81999969482422,8.426187515258789,66700
2011-02-15,31.770000457763672,31.889999389648438,31.65999984741211,31.770000457763672,8.412946701049805,66400
2011-02-16,31.81999969482422,32.08000183105469,31.790000915527344,31.93000030517578,8.455317497253418,52100
2011-02-17,31.90999984741211,32.0,31.8700008392334,31.93000030517578,8.455317497253418,45200
2011-02-18,32.02000045776367,32.150001525878906,31.8700008392334,32.0099983215332,8.47650146484375,60800
2011-02-22,31.09000015258789,31.399999618530273,30.8799991607666,30.979999542236328,8.20374870300293,149200
2011-02-23,30.93000030517578,31.270000457763672,30.5,30.68000030517578,8.124306678771973,96500
2011-02-24,30.59000015258789,30.670000076293945,30.100000381469727,30.420000076293945,8.055456161499023,120700
2011-02-25,30.68000030517578,31.0,30.549999237060547,30.700000762939453,8.129603385925293,50600
2011-02-28,30.829999923706055,30.969999313354492,30.600000381469727,30.829999923706055,8.16402816772461,63300
2011-03-01,30.770000457763672,30.860000610351562,30.200000762939453,30.229999542236328,8.005143165588379,85400
2011-03-02,30.1299991607666,30.59000015258789,29.56999969482422,30.469999313354492,8.068696975708008,59100
2011-03-03,30.559999465942383,31.219999313354492,30.510000228881836,31.09000015258789,8.232877731323242,99600
2011-03-04,31.229999542236328,31.780000686645508,31.09000015258789,31.780000686645508,8.415595054626465,115100
2011-03-07,31.81999969482422,32.04999923706055,31.290000915527344,31.43000030517578,8.32291316986084,58500
2011-03-08,31.700000762939453,32.09000015258789,31.68000030517578,31.940000534057617,8.457965850830078,59000
2011-03-09,32.029998779296875,32.08000183105469,31.75,32.02000045776367,8.479148864746094,92200
2011-03-10,31.540000915527344,31.540000915527344,31.020000457763672,31.100000381469727,8.235526084899902,57600
2011-03-11,30.850000381469727,31.459999084472656,30.739999771118164,31.360000610351562,8.304377555847168,81300
2011-03-14,30.969999313354492,31.299999237060547,30.959999084472656,31.239999771118164,8.272599220275879,22100
2011-03-15,30.25,30.600000381469727,29.75,30.489999771118164,8.073992729187012,121500
2011-03-16,30.43000030517578,30.489999771118164,29.8700008392334,30.270000457763672,8.015735626220703,116200
2011-03-17,30.520000457763672,31.049999237060547,30.489999771118164,30.780000686645508,8.150787353515625,62000
2011-03-18,30.81999969482422,30.8700008392334,30.6299991607666,30.670000076293945,8.121659278869629,42000
2011-03-21,30.959999084472656,31.149999618530273,30.93000030517578,31.09000015258789,8.232877731323242,26500
2011-03-22,31.299999237060547,31.299999237060547,30.760000228881836,30.770000457763672,8.148139953613281,44900
2011-03-23,30.649999618530273,30.809999465942383,30.59000015258789,30.760000228881836,8.145490646362305,41900
2011-03-24,30.889999389648438,31.229999542236328,30.84000015258789,31.1200008392334,8.24082088470459,21000
2011-03-25,31.389999389648438,31.440000534057617,31.200000762939453,31.200000762939453,8.262006759643555,29300
2011-03-28,31.200000762939453,31.420000076293945,31.139999389648438,31.229999542236328,8.269950866699219,60600
2011-03-29,31.190000534057617,31.309999465942383,31.020000457763672,31.280000686645508,8.283191680908203,38600
2011-03-30,31.549999237060547,31.559999465942383,31.450000762939453,31.459999084472656,8.33085823059082,41400
2011-03-31,31.549999237060547,31.68000030517578,31.3700008392334,31.479999542236328,8.336153984069824,32200
2011-04-01,31.68000030517578,31.809999465942383,31.610000610351562,31.760000228881836,8.410299301147461,42000
2011-04-04,31.770000457763672,31.979999542236328,31.770000457763672,31.90999984741211,8.450021743774414,55200
2011-04-05,31.790000915527344,31.989999771118164,31.549999237060547,31.920000076293945,8.452670097351074,41700
2011-04-06,32.18000030517578,32.36000061035156,32.08000183105469,32.290000915527344,8.55064868927002,49600
2011-04-07,32.15999984741211,32.290000915527344,32.130001068115234,32.2599983215332,8.542703628540039,18700
2011-04-08,32.349998474121094,32.560001373291016,32.2400016784668,32.43000030517578,8.587719917297363,36300
2011-04-11,32.4900016784668,32.650001525878906,32.15999984741211,32.349998474121094,8.566535949707031,37100
2011-04-12,32.0,32.29999923706055,31.790000915527344,31.959999084472656,8.463261604309082,46400
2011-04-13,32.400001525878906,32.560001373291016,32.20000076293945,32.34000015258789,8.563886642456055,36600
2011-04-14,32.08000183105469,32.400001525878906,32.08000183105469,32.400001525878906,8.579777717590332,48400
2011-04-15,32.310001373291016,32.470001220703125,32.220001220703125,32.31999969482422,8.558591842651367,24600
2011-04-18,31.979999542236328,32.02000045776367,31.809999465942383,31.84000015258789,8.43148422241211,37400
2011-04-19,31.940000534057617,32.06999969482422,31.799999237060547,32.06999969482422,8.492388725280762,17600
2011-04-20,32.5,32.779998779296875,32.4900016784668,32.58000183105469,8.627442359924316,47300
2011-04-21,32.58000183105469,32.7400016784668,32.560001373291016,32.70000076293945,8.659219741821289,20700
2011-04-25,32.599998474121094,32.66999816894531,32.209999084472656,32.290000915527344,8.55064868927002,36700
2011-04-26,32.150001525878906,32.689998626708984,32.150001525878906,32.65999984741211,8.648627281188965,42900
2011-04-27,32.540000915527344,32.540000915527344,32.119998931884766,32.45000076293945,8.593016624450684,21700
2011-04-28,32.29999923706055,32.29999923706055,31.969999313354492,32.150001525878906,8.513574600219727,76600
2011-04-29,32.099998474121094,32.119998931884766,31.8700008392334,32.099998474121094,8.500332832336426,24000
2011-05-02,32.06999969482422,32.2400016784668,31.93000030517578,31.940000534057617,8.457965850830078,33000
2011-05-03,31.850000381469727,31.850000381469727,31.600000381469727,31.809999465942383,8.423539161682129,52000
2011-05-04,31.700000762939453,31.700000762939453,31.290000915527344,31.3799991607666,8.309672355651855,41000
2011-05-05,31.450000762939453,31.520000457763672,31.290000915527344,31.34000015258789,8.299080848693848,68200
2011-05-06,31.739999771118164,31.90999984741211,31.540000915527344,31.670000076293945,8.386466979980469,27700
2011-05-09,31.600000381469727,31.860000610351562,31.56999969482422,31.799999237060547,8.420890808105469,43000
2011-05-10,31.8700008392334,32.08000183105469,31.84000015258789,32.040000915527344,8.48444652557373,36500
2011-05-11,31.790000915527344,31.850000381469727,31.6299991607666,31.709999084472656,8.397058486938477,83400
2011-05-12,31.579999923706055,32.029998779296875,31.479999542236328,31.959999084472656,8.463261604309082,99000
2011-05-13,32.060001373291016,32.08000183105469,31.68000030517578,31.799999237060547,8.420890808105469,32400
2011-05-16,31.510000228881836,31.8700008392334,31.40999984741211,31.540000915527344,8.352042198181152,72000
2011-05-17,31.290000915527344,31.610000610351562,31.290000915527344,31.610000610351562,8.370579719543457,44700
2011-05-18,31.75,31.93000030517578,31.719999313354492,31.93000030517578,8.455317497253418,45200
2011-05-19,31.860000610351562,31.93000030517578,31.530000686645508,31.709999084472656,8.397058486938477,74200
2011-05-20,31.549999237060547,31.549999237060547,31.100000381469727,31.100000381469727,8.235526084899902,110000
2011-05-23,30.56999969482422,30.6200008392334,30.329999923706055,30.3799991607666,8.0448637008667,168100
2011-05-24,30.459999084472656,30.5,30.0,30.079999923706055,7.965421199798584,294500
2011-05-25,29.979999542236328,30.200000762939453,29.950000762939453,30.110000610351562,7.973365783691406,77200
2011-05-26,30.040000915527344,30.239999771118164,30.0,30.170000076293945,7.989255905151367,43200
2011-05-27,30.3799991607666,30.420000076293945,30.170000076293945,30.170000076293945,7.989255905151367,34500
2011-05-31,30.639999389648438,30.68000030517578,30.360000610351562,30.670000076293945,8.121659278869629,94300
2011-06-01,30.559999465942383,30.639999389648438,30.299999237060547,30.40999984741211,8.052807807922363,88400
2011-06-02,30.309999465942383,30.420000076293945,30.200000762939453,30.350000381469727,8.036920547485352,78500
2011-06-03,30.020000457763672,30.290000915527344,29.989999771118164,30.260000228881836,8.013087272644043,75700
2011-06-06,30.09000015258789,30.270000457763672,30.079999923706055,30.079999923706055,7.965421199798584,88600
2011-06-07,30.149999618530273,30.350000381469727,30.139999389648438,30.260000228881836,8.013087272644043,43500
2011-06-08,30.030000686645508,30.170000076293945,29.90999984741211,29.940000534057617,7.928350448608398,80600
2011-06-09,29.899999618530273,29.959999084472656,29.690000534057617,29.850000381469727,7.904517650604248,102800
2011-06-10,29.43000030517578,29.479999542236328,28.81999969482422,28.899999618530273,7.652949333190918,256300
2011-06-13,29.1299991607666,29.149999618530273,28.790000915527344,28.790000915527344,7.623819828033447,60500
2011-06-14,29.1299991607666,29.309999465942383,29.1200008392334,29.209999084472656,7.735039710998535,50500
2011-06-15,28.950000762939453,29.049999237060547,28.700000762939453,28.75,7.613227844238281,112000
2011-06-16,28.719999313354492,28.959999084472656,28.579999923706055,28.68000030517578,7.594689846038818,83800
2011-06-17,28.68000030517578,28.829999923706055,28.68000030517578,28.790000915527344,7.623819828033447,50400
2011-06-20,28.540000915527344,28.84000015258789,28.540000915527344,28.81999969482422,7.631764888763428,39800
2011-06-21,28.90999984741211,29.229999542236328,28.770000457763672,29.190000534057617,7.729743957519531,76300
2011-06-22,29.309999465942383,29.309999465942383,28.81999969482422,29.18000030517578,7.7270941734313965,86200
2011-06-23,28.8799991607666,29.139999389648438,28.799999237060547,29.1299991607666,7.713855266571045,60200
2011-06-24,29.329999923706055,29.59000015258789,29.309999465942383,29.579999923706055,7.833018779754639,156300
2011-06-27,29.68000030517578,30.15999984741211,29.65999984741211,30.139999389648438,7.981311321258545,126900
2011-06-28,30.0,30.579999923706055,29.93000030517578,30.540000915527344,8.087233543395996,96700
2011-06-29,30.5,31.0,30.209999084472656,31.0,8.20904541015625,184900
2011-06-30,30.969999313354492,31.270000457763672,30.969999313354492,31.25,8.275248527526855,132400
2011-07-01,31.0,31.25,31.0,31.18000030517578,8.256711959838867,49500
2011-07-05,31.34000015258789,31.5,30.860000610351562,31.1299991607666,8.243470191955566,89400
2011-07-06,30.8700008392334,30.93000030517578,30.450000762939453,30.690000534057617,8.126955032348633,79300
2011-07-07,30.899999618530273,30.989999771118164,30.809999465942383,30.889999389648438,8.17991828918457,60700
2011-07-08,30.6299991607666,30.81999969482422,30.40999984741211,30.5,8.076642036437988,64600
2011-07-11,30.1299991607666,30.139999389648438,29.809999465942383,29.959999084472656,7.933645725250244,55000
2011-07-12,29.719999313354492,30.139999389648438,29.600000381469727,29.950000762939453,7.930997848510742,47500
2011-07-13,30.100000381469727,30.68000030517578,30.100000381469727,30.520000457763672,8.081937789916992,59600
2011-07-14,30.489999771118164,30.59000015258789,30.43000030517578,30.520000457763672,8.081937789916992,49100
2011-07-15,30.729999542236328,30.75,30.610000610351562,30.709999084472656,8.132250785827637,62100
2011-07-18,30.780000686645508,30.780000686645508,30.56999969482422,30.700000762939453,8.129603385925293,50700
2011-07-19,30.770000457763672,31.0,30.739999771118164,30.959999084472656,8.198453903198242,85400
2011-07-20,30.8799991607666,31.0,30.81999969482422,30.8799991607666,8.177268981933594,21500
2011-07-21,31.020000457763672,31.100000381469727,30.850000381469727,30.899999618530273,8.182564735412598,29000
2011-07-22,31.020000457763672,31.100000381469727,31.020000457763672,31.09000015258789,8.232877731323242,20900
2011-07-25,30.709999084472656,30.889999389648438,30.670000076293945,30.68000030517578,8.124306678771973,26800
2011-07-26,30.93000030517578,30.950000762939453,30.729999542236328,30.790000915527344,8.153435707092285,43000
2011-07-27,30.59000015258789,30.68000030517578,30.329999923706055,30.329999923706055,8.031623840332031,71900
2011-07-28,30.209999084472656,30.510000228881836,30.170000076293945,30.219999313354492,8.002495765686035,34200
2011-07-29,30.299999237060547,30.40999984741211,30.020000457763672,30.020000457763672,7.949533939361572,182200
2011-08-01,30.270000457763672,30.280000686645508,29.799999237060547,30.0,7.944237232208252,148200
2011-08-02,29.729999542236328,29.850000381469727,29.389999389648438,29.399999618530273,7.785353183746338,131100
2011-08-03,29.299999237060547,29.34000015258789,28.959999084472656,29.290000915527344,7.756224155426025,127200
2011-08-04,28.75,28.90999984741211,27.959999084472656,28.010000228881836,7.417269706726074,132600
2011-08-05,27.93000030517578,27.989999771118164,27.40999984741211,27.649999618530273,7.321938514709473,270300
2011-08-08,26.479999542236328,26.690000534057617,25.5,25.540000915527344,6.7631940841674805,297300
2011-08-09,25.84000015258789,26.860000610351562,25.75,26.809999465942383,7.099499702453613,280700
2011-08-10,26.25,26.729999542236328,25.8799991607666,26.25,6.951207637786865,179200
2011-08-11,26.43000030517578,27.479999542236328,26.43000030517578,27.399999618530273,7.255737781524658,203900
2011-08-12,27.3700008392334,27.530000686645508,27.170000076293945,27.219999313354492,7.208070755004883,129900
2011-08-15,27.549999237060547,28.059999465942383,27.5,28.059999465942383,7.430510997772217,67400
2011-08-16,27.790000915527344,28.0,27.760000228881836,27.860000610351562,7.3775482177734375,89400
2011-08-17,27.989999771118164,28.15999984741211,27.809999465942383,28.059999465942383,7.430510997772217,68700
2011-08-18,27.18000030517578,27.3799991607666,26.84000015258789,27.170000076293945,7.194830417633057,169700
2011-08-19,26.639999389648438,27.190000534057617,26.639999389648438,27.010000228881836,7.152462959289551,87900
2011-08-22,27.290000915527344,27.290000915527344,26.65999984741211,26.850000381469727,7.110092639923096,61900
2011-08-23,27.1299991607666,27.56999969482422,26.969999313354492,27.56999969482422,7.300754070281982,103800
2011-08-24,27.399999618530273,27.5,27.299999237060547,27.420000076293945,7.261033535003662,93300
2011-08-25,27.6299991607666,27.719999313354492,27.389999389648438,27.510000228881836,7.2848663330078125,83100
2011-08-26,27.299999237060547,27.5,26.979999542236328,27.399999618530273,7.255737781524658,119200
2011-08-29,27.479999542236328,27.68000030517578,27.399999618530273,27.639999389648438,7.319290637969971,117500
2011-08-30,27.549999237060547,27.639999389648438,27.31999969482422,27.6200008392334,7.313995361328125,46300
2011-08-31,27.899999618530273,28.190000534057617,27.719999313354492,28.170000076293945,7.459638595581055,87500
2011-09-01,28.0,28.100000381469727,27.950000762939453,28.010000228881836,7.417269706726074,56700
2011-09-02,27.829999923706055,27.829999923706055,27.280000686645508,27.65999984741211,7.324585914611816,57500
2011-09-06,27.15999984741211,27.40999984741211,26.979999542236328,27.40999984741211,7.258385181427002,35500
2011-09-07,27.6299991607666,27.709999084472656,27.540000915527344,27.709999084472656,7.337828159332275,44000
2011-09-08,27.479999542236328,27.479999542236328,27.059999465942383,27.100000381469727,7.176294803619385,49100
2011-09-09,26.940000534057617,26.940000534057617,26.5,26.729999542236328,7.078315258026123,103700
2011-09-12,26.030000686645508,26.459999084472656,26.020000457763672,26.420000076293945,6.996224880218506,48300
2011-09-13,26.360000610351562,26.559999465942383,26.270000457763672,26.3799991607666,6.985633373260498,119300
2011-09-14,26.270000457763672,26.270000457763672,25.780000686645508,26.040000915527344,6.895598888397217,89900
2011-09-15,26.059999465942383,26.200000762939453,25.860000610351562,26.1200008392334,6.916783332824707,60400
2011-09-16,26.020000457763672,26.309999465942383,26.020000457763672,26.1299991607666,6.919430255889893,41900
2011-09-19,25.43000030517578,25.760000228881836,24.8799991607666,25.719999313354492,6.810859680175781,82100
2011-09-20,25.65999984741211,25.700000762939453,25.489999771118164,25.649999618530273,6.792323112487793,69600
2011-09-21,25.469999313354492,25.559999465942383,25.170000076293945,25.170000076293945,6.665215969085693,80300
2011-09-22,24.579999923706055,24.579999923706055,23.729999542236328,24.219999313354492,6.413647174835205,101700
2011-09-23,23.940000534057617,24.559999465942383,23.84000015258789,24.469999313354492,6.479848861694336,61000
2011-09-26,24.309999465942383,24.479999542236328,23.920000076293945,24.3700008392334,6.453368663787842,75600
2011-09-27,24.75,25.149999618530273,24.56999969482422,24.6200008392334,6.519570827484131,102400
2011-09-28,24.540000915527344,24.540000915527344,24.1299991607666,24.200000762939453,6.408352851867676,73400
2011-09-29,24.549999237060547,24.670000076293945,23.90999984741211,24.260000228881836,6.424240589141846,162300
2011-09-30,23.309999465942383,23.850000381469727,22.639999389648438,23.0,6.090582370758057,284000
2011-10-03,22.780000686645508,22.93000030517578,22.5,22.530000686645508,5.966122627258301,113400
2011-10-04,22.040000915527344,22.6299991607666,21.579999923706055,22.610000610351562,5.987307071685791,155600
2011-10-05,22.43000030517578,23.229999542236328,22.329999923706055,23.200000762939453,6.143543720245361,113900
2011-10-06,23.200000762939453,23.81999969482422,23.09000015258789,23.809999465942383,6.305077075958252,139000
2011-10-07,23.790000915527344,24.040000915527344,23.729999542236328,23.899999618530273,6.328908920288086,133000
2011-10-10,24.149999618530273,24.489999771118164,24.149999618530273,24.399999618530273,6.4613118171691895,73300
2011-10-11,24.25,24.799999237060547,24.25,24.610000610351562,6.516922473907471,65700
2011-10-12,25.139999389648438,25.540000915527344,25.0,25.34000015258789,6.710232257843018,94200
2011-10-13,25.280000686645508,25.360000610351562,24.950000762939453,25.260000228881836,6.6890482902526855,88200
2011-10-14,25.399999618530273,25.440000534057617,25.270000457763672,25.43000030517578,6.734065532684326,50100
2011-10-17,25.389999389648438,25.399999618530273,25.030000686645508,25.200000762939453,6.673161506652832,67200
2011-10-18,24.809999465942383,25.450000762939453,24.780000686645508,25.3799991607666,6.7208251953125,78200
2011-10-19,25.190000534057617,25.239999771118164,24.950000762939453,24.959999084472656,6.60960578918457,49000
2011-10-20,24.739999771118164,24.850000381469727,24.290000915527344,24.6200008392334,6.519570827484131,77700
2011-10-21,24.84000015258789,24.959999084472656,24.579999923706055,24.760000228881836,6.556645393371582,37800
2011-10-24,25.100000381469727,25.299999237060547,24.899999618530273,25.190000534057617,6.670511722564697,63400
2011-10-25,25.110000610351562,25.110000610351562,24.790000915527344,25.049999237060547,6.6334381103515625,48100
2011-10-26,25.420000076293945,25.760000228881836,25.209999084472656,25.579999923706055,6.773787975311279,50700
2011-10-27,26.399999618530273,26.469999313354492,25.899999618530273,26.18000030517578,6.932672023773193,98700
2011-10-28,26.0,26.469999313354492,26.0,26.280000686645508,6.959153175354004,67100
2011-10-31,25.969999313354492,26.0,25.579999923706055,25.8799991607666,6.853228569030762,80800
2011-11-01,25.15999984741211,25.6200008392334,25.1299991607666,25.459999084472656,6.742010593414307,55400
2011-11-02,26.110000610351562,26.260000228881836,25.920000076293945,26.239999771118164,6.948558330535889,20100
2011-11-03,26.020000457763672,26.229999542236328,25.65999984741211,26.1299991607666,6.919430255889893,41400
2011-11-04,26.06999969482422,26.190000534057617,25.59000015258789,26.170000076293945,6.930023670196533,93000
2011-11-07,26.15999984741211,26.280000686645508,25.959999084472656,26.280000686645508,6.959153175354004,33800
2011-11-08,26.299999237060547,26.420000076293945,25.790000915527344,26.40999984741211,6.993577003479004,30000
2011-11-09,25.75,25.75,25.18000030517578,25.639999389648438,6.789675235748291,95100
2011-11-10,25.799999237060547,25.799999237060547,25.260000228881836,25.31999969482422,6.704936504364014,59300
2011-11-11,25.520000457763672,25.700000762939453,25.280000686645508,25.700000762939453,6.805563926696777,116300
2011-11-14,25.489999771118164,25.489999771118164,25.06999969482422,25.479999542236328,6.747305393218994,50500
2011-11-15,25.389999389648438,25.719999313354492,25.280000686645508,25.719999313354492,6.810859680175781,38700
2011-11-16,25.209999084472656,25.280000686645508,25.0,25.0,6.620197772979736,29600
2011-11-17,24.93000030517578,25.110000610351562,24.75,24.760000228881836,6.556645393371582,65900
2011-11-18,24.8700008392334,24.899999618530273,24.559999465942383,24.739999771118164,6.551347732543945,33200
2011-11-21,24.309999465942383,24.469999313354492,24.030000686645508,24.299999237060547,6.4348320960998535,38900
2011-11-22,24.219999313354492,24.31999969482422,23.8799991607666,24.25,6.421591758728027,84400
2011-11-23,23.979999542236328,24.059999465942383,23.649999618530273,23.700000762939453,6.2759480476379395,23600
2011-11-25,23.649999618530273,23.739999771118164,23.25,23.479999542236328,6.2176899909973145,30400
2011-11-28,23.829999923706055,24.420000076293945,23.829999923706055,23.979999542236328,6.350093364715576,44800
2011-11-29,24.139999389648438,24.229999542236328,23.899999618530273,24.219999313354492,6.413647174835205,60200
2011-11-30,24.760000228881836,25.31999969482422,24.59000015258789,25.31999969482422,6.704936504364014,110100
2011-12-01,25.190000534057617,25.299999237060547,24.950000762939453,25.15999984741211,6.662567615509033,37100
2011-12-02,25.260000228881836,25.360000610351562,24.969999313354492,24.979999542236328,6.614901065826416,67100
2011-12-05,25.280000686645508,25.309999465942383,25.030000686645508,25.25,6.686400413513184,84000
2011-12-06,25.149999618530273,25.209999084472656,24.799999237060547,25.049999237060547,6.6334381103515625,30100
2011-12-07,24.959999084472656,24.959999084472656,24.729999542236328,24.809999465942383,6.569884777069092,45200
2011-12-08,24.56999969482422,24.719999313354492,24.34000015258789,24.440000534057617,6.471904277801514,41200
2011-12-09,24.649999618530273,25.18000030517578,24.649999618530273,24.860000610351562,6.583125591278076,58700
2011-12-12,24.6299991607666,24.739999771118164,24.239999771118164,24.420000076293945,6.466609477996826,44300
2011-12-13,24.440000534057617,24.559999465942383,24.190000534057617,24.190000534057617,6.405704021453857,34800
2011-12-14,24.010000228881836,24.100000381469727,23.739999771118164,23.899999618530273,6.328908920288086,55500
2011-12-15,23.950000762939453,23.979999542236328,23.360000610351562,23.389999389648438,6.193856716156006,48400
2011-12-16,23.670000076293945,23.690000534057617,23.190000534057617,23.420000076293945,6.201800346374512,58800
2011-12-19,23.3799991607666,23.3799991607666,22.760000228881836,22.829999923706055,6.045565128326416,58300
2011-12-20,23.020000457763672,23.260000228881836,23.020000457763672,23.25,6.156784534454346,190300
2011-12-21,20.0,20.219999313354492,19.75,20.149999618530273,6.1251702308654785,277200
2011-12-22,19.8799991607666,20.40999984741211,19.829999923706055,20.299999237060547,6.1707682609558105,180800
2011-12-23,20.40999984741211,20.43000030517578,20.09000015258789,20.43000030517578,6.2102837562561035,73400
2011-12-27,20.389999389648438,20.389999389648438,19.969999313354492,20.260000228881836,6.158608436584473,104600
2011-12-28,20.1299991607666,20.139999389648438,19.809999465942383,20.100000381469727,6.10997200012207,82100
2011-12-29,20.18000030517578,20.479999542236328,20.0,20.15999984741211,6.128209590911865,254600
2011-12-30,20.200000762939453,20.530000686645508,20.139999389648438,20.510000228881836,6.234602928161621,333100
2012-01-03,20.90999984741211,21.59000015258789,20.780000686645508,21.360000610351562,6.492985248565674,183500
2012-01-04,20.979999542236328,21.15999984741211,20.610000610351562,21.06999969482422,6.404831886291504,63000
2012-01-05,20.8799991607666,21.06999969482422,20.600000381469727,20.93000030517578,6.362273216247559,36200
2012-01-06,20.889999389648438,20.889999389648438,20.610000610351562,20.65999984741211,6.2801995277404785,26800
2012-01-09,20.950000762939453,20.989999771118164,20.760000228881836,20.889999389648438,6.350113868713379,37200
2012-01-10,21.209999084472656,21.290000915527344,21.09000015258789,21.229999542236328,6.45346736907959,45100
2012-01-11,21.280000686645508,21.360000610351562,21.1200008392334,21.299999237060547,6.474745273590088,48100
2012-01-12,21.440000534057617,21.489999771118164,21.299999237060547,21.459999084472656,6.523382186889648,28000
2012-01-13,21.420000076293945,21.420000076293945,21.139999389648438,21.229999542236328,6.45346736907959,47400
2012-01-17,21.530000686645508,21.739999771118164,21.309999465942383,21.3799991607666,6.4990644454956055,120200
2012-01-18,21.420000076293945,21.610000610351562,21.3799991607666,21.520000457763672,6.541621685028076,40200
2012-01-19,21.75,21.81999969482422,21.670000076293945,21.780000686645508,6.620656490325928,69400
2012-01-20,21.690000534057617,21.739999771118164,21.5,21.670000076293945,6.587217330932617,50000
2012-01-23,21.950000762939453,22.139999389648438,21.719999313354492,21.84000015258789,6.6388936042785645,90200
2012-01-24,21.850000381469727,21.850000381469727,21.6200008392334,21.670000076293945,6.587217330932617,50400
2012-01-25,21.530000686645508,21.899999618530273,21.530000686645508,21.850000381469727,6.641933441162109,69900
2012-01-26,22.100000381469727,22.270000457763672,21.6299991607666,21.780000686645508,6.620656490325928,62000
2012-01-27,21.709999084472656,21.860000610351562,21.670000076293945,21.850000381469727,6.641933441162109,36200
2012-01-30,21.729999542236328,21.739999771118164,21.5,21.700000762939453,6.596337795257568,70300
2012-01-31,21.84000015258789,22.010000228881836,21.65999984741211,22.0,6.687531471252441,48000
2012-02-01,22.239999771118164,22.360000610351562,22.0,22.200000762939453,6.748325824737549,146700
2012-02-02,22.31999969482422,22.690000534057617,22.280000686645508,22.68000030517578,6.8942365646362305,105300
2012-02-03,22.729999542236328,23.049999237060547,22.729999542236328,22.790000915527344,6.927675724029541,98300
2012-02-06,22.68000030517578,23.15999984741211,22.68000030517578,22.829999923706055,6.939833641052246,105100
2012-02-07,21.700000762939453,22.93000030517578,21.700000762939453,22.770000457763672,6.921595096588135,45400
2012-02-08,22.93000030517578,23.049999237060547,22.850000381469727,23.040000915527344,7.003669738769531,50700
2012-02-09,23.030000686645508,23.15999984741211,22.979999542236328,23.100000381469727,7.021908283233643,70100
2012-02-10,22.75,23.040000915527344,22.739999771118164,22.829999923706055,6.939833641052246,46400
2012-02-13,22.969999313354492,23.309999465942383,22.90999984741211,23.260000228881836,7.070545673370361,94300
2012-02-14,23.260000228881836,23.360000610351562,23.1299991607666,23.360000610351562,7.100942611694336,47500
2012-02-15,23.479999542236328,23.649999618530273,23.170000076293945,23.229999542236328,7.06142520904541,133400
2012-02-16,23.100000381469727,23.200000762939453,22.969999313354492,23.15999984741211,7.040146827697754,55400
2012-02-17,23.25,23.25,22.889999389648438,23.010000228881836,6.994549751281738,84600
2012-02-21,22.850000381469727,23.059999465942383,22.799999237060547,22.799999237060547,6.9307146072387695,63200
2012-02-22,22.81999969482422,22.8700008392334,22.59000015258789,22.809999465942383,6.933754920959473,105400
2012-02-23,22.8700008392334,22.8700008392334,22.75,22.84000015258789,6.942873001098633,17900
2012-02-24,22.8799991607666,23.010000228881836,22.8799991607666,22.93000030517578,6.9702301025390625,59600
2012-02-27,22.799999237060547,22.8799991607666,22.719999313354492,22.8700008392334,6.951992988586426,42800
2012-02-28,23.0,23.25,22.920000076293945,23.25,7.0675048828125,102700
2012-02-29,23.309999465942383,23.309999465942383,22.959999084472656,23.170000076293945,7.043186187744141,164400
2012-03-01,23.260000228881836,23.360000610351562,23.1200008392334,23.290000915527344,7.079664707183838,75000
2012-03-02,23.100000381469727,23.360000610351562,23.079999923706055,23.350000381469727,7.097902774810791,128500
2012-03-05,23.239999771118164,23.299999237060547,22.989999771118164,23.100000381469727,7.021908283233643,56100
2012-03-06,22.709999084472656,22.709999084472656,22.31999969482422,22.3700008392334,6.8000030517578125,93000
2012-03-07,22.40999984741211,22.549999237060547,22.360000610351562,22.549999237060547,6.8547186851501465,91400
2012-03-08,22.709999084472656,22.969999313354492,22.670000076293945,22.940000534057617,6.973271369934082,84300
2012-03-09,22.899999618530273,23.049999237060547,22.829999923706055,22.8700008392334,6.951992988586426,36600
2012-03-12,22.8799991607666,22.940000534057617,22.780000686645508,22.780000686645508,6.924635887145996,23600
2012-03-13,22.8799991607666,23.25,22.8799991607666,23.190000534057617,7.049266338348389,61700
2012-03-14,23.06999969482422,23.06999969482422,22.829999923706055,22.8799991607666,6.955032825469971,128400
2012-03-15,22.799999237060547,23.209999084472656,22.799999237060547,23.209999084472656,7.0553436279296875,64100
2012-03-16,23.1299991607666,23.239999771118164,23.079999923706055,23.149999618530273,7.037106513977051,46200
2012-03-19,22.860000610351562,23.0,22.799999237060547,22.860000610351562,6.9489521980285645,58300
2012-03-20,22.5,22.600000381469727,22.40999984741211,22.479999542236328,6.833441257476807,69300
2012-03-21,22.5,22.610000610351562,22.389999389648438,22.579999923706055,6.8638386726379395,36700
2012-03-22,22.399999618530273,22.5,22.149999618530273,22.25,6.763525485992432,82900
2012-03-23,22.219999313354492,22.510000228881836,22.149999618530273,22.510000228881836,6.842559814453125,126200
2012-03-26,22.600000381469727,22.65999984741211,22.530000686645508,22.610000610351562,6.872958183288574,41200
2012-03-27,22.610000610351562,22.700000762939453,22.56999969482422,22.649999618530273,6.885118007659912,94100
2012-03-28,22.549999237060547,23.479999542236328,22.389999389648438,23.170000076293945,7.043186187744141,612800
2012-03-29,22.969999313354492,23.040000915527344,22.799999237060547,23.020000457763672,6.997589588165283,106500
2012-03-30,23.06999969482422,23.31999969482422,22.989999771118164,23.299999237060547,7.082703113555908,83600
2012-04-02,23.280000686645508,23.459999084472656,23.100000381469727,23.450000762939453,7.128302097320557,95700
2012-04-03,23.360000610351562,23.399999618530273,23.010000228881836,23.170000076293945,7.043186187744141,94600
2012-04-04,22.920000076293945,22.920000076293945,22.610000610351562,22.790000915527344,6.927675724029541,40500
2012-04-05,22.760000228881836,23.110000610351562,22.760000228881836,23.110000610351562,7.024946689605713,26500
2012-04-09,22.790000915527344,23.010000228881836,22.770000457763672,22.920000076293945,6.967190742492676,65500
2012-04-10,22.8700008392334,23.020000457763672,22.489999771118164,22.920000076293945,6.967190742492676,99100
2012-04-11,23.079999923706055,23.079999923706055,22.8700008392334,22.90999984741211,6.964151859283447,92200
2012-04-12,22.8799991607666,23.360000610351562,22.8799991607666,23.270000457763672,7.07358455657959,134700
2012-04-13,23.270000457763672,23.299999237060547,23.149999618530273,23.200000762939453,7.052305221557617,124200
2012-04-16,23.299999237060547,23.329999923706055,23.0,23.0,6.991509914398193,37500
2012-04-17,23.010000228881836,23.170000076293945,22.959999084472656,23.100000381469727,7.021908283233643,54800
2012-04-18,22.850000381469727,23.049999237060547,22.81999969482422,23.010000228881836,6.994549751281738,54500
2012-04-19,23.030000686645508,23.200000762939453,23.030000686645508,23.18000030517578,7.046225547790527,83700
2012-04-20,23.229999542236328,23.399999618530273,23.229999542236328,23.280000686645508,7.076624393463135,46200
2012-04-23,23.0,23.0,22.719999313354492,22.799999237060547,6.9307146072387695,487300
2012-04-24,22.799999237060547,22.850000381469727,22.709999084472656,22.719999313354492,6.906395435333252,195500
2012-04-25,22.799999237060547,22.850000381469727,22.68000030517578,22.799999237060547,6.9307146072387695,592600
2012-04-26,22.709999084472656,22.790000915527344,22.6200008392334,22.719999313354492,6.906395435333252,147400
2012-04-27,22.719999313354492,22.739999771118164,22.649999618530273,22.65999984741211,6.888155937194824,189300
2012-04-30,22.670000076293945,22.84000015258789,22.59000015258789,22.84000015258789,6.942873001098633,69000
2012-05-01,22.93000030517578,22.969999313354492,22.760000228881836,22.920000076293945,6.967190742492676,40100
2012-05-02,22.899999618530273,22.959999084472656,22.84000015258789,22.940000534057617,6.973271369934082,39000
2012-05-03,22.899999618530273,23.010000228881836,22.860000610351562,22.90999984741211,6.964151859283447,77000
2012-05-04,22.860000610351562,22.860000610351562,22.65999984741211,22.719999313354492,6.906395435333252,69600
2012-05-07,22.65999984741211,22.84000015258789,22.639999389648438,22.700000762939453,6.90031623840332,34000
2012-05-08,22.6200008392334,22.6200008392334,22.229999542236328,22.389999389648438,6.806081771850586,315800
2012-05-09,22.229999542236328,22.270000457763672,22.139999389648438,22.200000762939453,6.748325824737549,54000
2012-05-10,22.309999465942383,22.309999465942383,22.170000076293945,22.170000076293945,6.7392072677612305,23500
2012-05-11,21.979999542236328,22.09000015258789,21.90999984741211,21.969999313354492,6.678411483764648,45000
2012-05-14,21.799999237060547,21.829999923706055,21.68000030517578,21.729999542236328,6.605457782745361,43000
2012-05-15,21.6200008392334,21.790000915527344,21.559999465942383,21.6299991607666,6.575057029724121,40000
2012-05-16,21.530000686645508,21.729999542236328,21.469999313354492,21.469999313354492,6.52642297744751,57800
2012-05-17,21.469999313354492,21.469999313354492,21.229999542236328,21.239999771118164,6.456506729125977,66300
2012-05-18,21.280000686645508,21.350000381469727,21.059999465942383,21.09000015258789,6.410910129547119,42000
2012-05-21,21.040000915527344,21.350000381469727,20.969999313354492,21.350000381469727,6.4899444580078125,71900
2012-05-22,21.309999465942383,21.5,21.25,21.329999923706055,6.483866214752197,50000
2012-05-23,21.25,21.3700008392334,21.190000534057617,21.3700008392334,6.4960246086120605,36000
2012-05-24,21.270000457763672,21.329999923706055,21.100000381469727,21.190000534057617,6.44130802154541,37200
2012-05-25,21.1299991607666,21.200000762939453,20.920000076293945,20.950000762939453,6.368353366851807,53100
2012-05-29,21.309999465942383,21.59000015258789,21.309999465942383,21.479999542236328,6.5294623374938965,100600
2012-05-30,21.479999542236328,21.510000228881836,21.170000076293945,21.360000610351562,6.492985248565674,39600
2012-05-31,21.299999237060547,21.520000457763672,21.239999771118164,21.459999084472656,6.523382186889648,45400
2012-06-01,21.110000610351562,21.139999389648438,20.979999542236328,21.079999923706055,6.407870769500732,44300
2012-06-04,21.0,21.0,20.690000534057617,20.809999465942383,6.325796127319336,108100
2012-06-05,20.709999084472656,20.84000015258789,20.709999084472656,20.770000457763672,6.313637733459473,71000
2012-06-06,20.8799991607666,21.110000610351562,20.8799991607666,21.079999923706055,6.407870769500732,134000
2012-06-07,21.489999771118164,21.489999771118164,21.09000015258789,21.15999984741211,6.432188510894775,68600
2012-06-08,20.950000762939453,21.0,20.719999313354492,20.950000762939453,6.368353366851807,49900
2012-06-11,21.15999984741211,21.200000762939453,20.979999542236328,21.010000228881836,6.386593341827393,109800
2012-06-12,21.170000076293945,21.299999237060547,21.09000015258789,21.290000915527344,6.471705913543701,36700
2012-06-13,21.170000076293945,21.43000030517578,21.170000076293945,21.34000015258789,6.486905574798584,56900
2012-06-14,21.25,21.389999389648438,21.1200008392334,21.239999771118164,6.456506729125977,79700
2012-06-15,21.440000534057617,21.510000228881836,21.360000610351562,21.479999542236328,6.5294623374938965,47200
2012-06-18,21.450000762939453,21.700000762939453,21.3700008392334,21.670000076293945,6.587217330932617,56300
2012-06-19,21.709999084472656,21.889999389648438,21.639999389648438,21.8700008392334,6.648014545440674,54200
2012-06-20,21.90999984741211,21.920000076293945,21.709999084472656,21.920000076293945,6.663212299346924,44600
2012-06-21,21.8799991607666,21.8799991607666,21.389999389648438,21.450000762939453,6.5203423500061035,171300
2012-06-22,21.549999237060547,21.549999237060547,21.43000030517578,21.510000228881836,6.538581371307373,230600
2012-06-25,21.209999084472656,21.309999465942383,21.1299991607666,21.229999542236328,6.45346736907959,77900
2012-06-26,21.25,21.40999984741211,21.219999313354492,21.3700008392334,6.4960246086120605,144500
2012-06-27,21.31999969482422,21.559999465942383,21.31999969482422,21.559999465942383,6.5537800788879395,87200
2012-06-28,21.459999084472656,21.459999084472656,21.270000457763672,21.43000030517578,6.51426362991333,109900
2012-06-29,21.639999389648438,21.93000030517578,21.639999389648438,21.93000030517578,6.666253089904785,144200
2012-07-02,21.84000015258789,21.850000381469727,21.709999084472656,21.81999969482422,6.632814884185791,113200
2012-07-03,21.860000610351562,22.219999313354492,21.860000610351562,22.219999313354492,6.754406452178955,80200
2012-07-05,22.270000457763672,22.350000381469727,22.110000610351562,22.229999542236328,6.757446765899658,58000
2012-07-06,22.06999969482422,22.1200008392334,21.93000030517578,21.989999771118164,6.6844916343688965,56900
2012-07-09,21.760000228881836,22.0,21.760000228881836,21.969999313354492,6.678411483764648,85500
2012-07-10,21.979999542236328,22.030000686645508,21.700000762939453,21.75,6.611536502838135,107900
2012-07-11,21.850000381469727,22.06999969482422,21.850000381469727,21.969999313354492,6.678411483764648,113000
2012-07-12,21.770000457763672,21.850000381469727,21.649999618530273,21.709999084472656,6.599377155303955,118300
2012-07-13,21.81999969482422,22.079999923706055,21.81999969482422,22.010000228881836,6.69057035446167,170600
2012-07-16,21.899999618530273,21.959999084472656,21.799999237060547,21.950000762939453,6.672332286834717,106600
2012-07-17,21.979999542236328,22.43000030517578,21.979999542236328,22.239999771118164,6.760485649108887,213600
2012-07-18,22.079999923706055,22.25,22.040000915527344,22.18000030517578,6.742248058319092,123800
2012-07-19,22.290000915527344,22.329999923706055,22.190000534057617,22.209999084472656,6.751367092132568,118300
2012-07-20,22.059999465942383,22.110000610351562,21.780000686645508,21.860000610351562,6.6449737548828125,113600
2012-07-23,21.399999618530273,21.829999923706055,21.329999923706055,21.610000610351562,6.568979740142822,177800
2012-07-24,21.5,21.5,20.959999084472656,21.0,6.383551597595215,157800
2012-07-25,21.139999389648438,21.18000030517578,20.969999313354492,21.010000228881836,6.386593341827393,82800
2012-07-26,21.1299991607666,21.280000686645508,21.059999465942383,21.229999542236328,6.45346736907959,33500
2012-07-27,21.290000915527344,21.530000686645508,21.290000915527344,21.440000534057617,6.517302513122559,18100
2012-07-30,21.3799991607666,21.530000686645508,21.3799991607666,21.489999771118164,6.532501697540283,41500
2012-07-31,21.530000686645508,21.729999542236328,21.520000457763672,21.690000534057617,6.59329891204834,157100
2012-08-01,21.770000457763672,21.780000686645508,21.56999969482422,21.56999969482422,6.556820869445801,100800
2012-08-02,21.450000762939453,21.479999542236328,21.219999313354492,21.260000228881836,6.462587833404541,114600
2012-08-03,21.639999389648438,21.639999389648438,21.360000610351562,21.399999618530273,6.505143642425537,96400
2012-08-06,21.510000228881836,21.649999618530273,21.350000381469727,21.350000381469727,6.4899444580078125,121000
2012-08-07,21.510000228881836,21.639999389648438,21.489999771118164,21.56999969482422,6.556820869445801,101500
2012-08-08,21.450000762939453,21.729999542236328,21.450000762939453,21.700000762939453,6.596337795257568,146400
2012-08-09,21.760000228881836,21.8799991607666,21.709999084472656,21.850000381469727,6.641933441162109,74400
2012-08-10,21.68000030517578,21.920000076293945,21.6299991607666,21.90999984741211,6.660171985626221,85300
2012-08-13,21.780000686645508,21.850000381469727,21.6299991607666,21.790000915527344,6.623695373535156,40800
2012-08-14,21.8700008392334,22.030000686645508,21.8700008392334,21.959999084472656,6.6753716468811035,44800
2012-08-15,21.8700008392334,22.010000228881836,21.8700008392334,21.969999313354492,6.678411483764648,44800
2012-08-16,21.860000610351562,22.079999923706055,21.860000610351562,22.040000915527344,6.699691295623779,91500
2012-08-17,21.93000030517578,22.200000762939453,21.93000030517578,21.969999313354492,6.678411483764648,76200
2012-08-20,21.90999984741211,21.90999984741211,21.690000534057617,21.770000457763672,6.617616653442383,79800
2012-08-21,21.799999237060547,21.829999923706055,21.6200008392334,21.649999618530273,6.581137657165527,100500
2012-08-22,21.610000610351562,21.719999313354492,21.549999237060547,21.65999984741211,6.5841779708862305,67800
2012-08-23,21.6200008392334,21.690000534057617,21.56999969482422,21.6299991607666,6.575057029724121,46600
2012-08-24,21.510000228881836,21.610000610351562,21.420000076293945,21.59000015258789,6.562900066375732,126400
2012-08-27,21.56999969482422,21.56999969482422,21.3700008392334,21.420000076293945,6.511223316192627,31000
2012-08-28,21.420000076293945,21.420000076293945,21.280000686645508,21.350000381469727,6.4899444580078125,49200
2012-08-29,21.34000015258789,21.350000381469727,21.209999084472656,21.290000915527344,6.471705913543701,74200
2012-08-30,21.149999618530273,21.200000762939453,21.030000686645508,21.190000534057617,6.44130802154541,62500
2012-08-31,21.270000457763672,21.34000015258789,21.1299991607666,21.309999465942383,6.477785110473633,85600
2012-09-04,21.110000610351562,21.170000076293945,20.989999771118164,21.1200008392334,6.420029640197754,64800
2012-09-05,20.889999389648438,21.139999389648438,20.889999389648438,21.1200008392334,6.420029640197754,75600
2012-09-06,21.100000381469727,21.510000228881836,21.100000381469727,21.489999771118164,6.532501697540283,94600
2012-09-07,21.75,21.920000076293945,21.739999771118164,21.899999618530273,6.65713357925415,74500
2012-09-10,21.780000686645508,21.790000915527344,21.700000762939453,21.700000762939453,6.596337795257568,62800
2012-09-11,21.719999313354492,21.989999771118164,21.709999084472656,21.969999313354492,6.678411483764648,79400
2012-09-12,22.100000381469727,22.200000762939453,21.979999542236328,22.149999618530273,6.733127117156982,70800
2012-09-13,22.059999465942383,22.459999084472656,22.030000686645508,22.360000610351562,6.796963214874268,51400
2012-09-14,22.329999923706055,22.84000015258789,22.329999923706055,22.6299991607666,6.879036903381348,90300
2012-09-17,22.3799991607666,22.459999084472656,22.25,22.280000686645508,6.772644996643066,59500
2012-09-18,22.15999984741211,22.389999389648438,22.100000381469727,22.350000381469727,6.793923377990723,47500
2012-09-19,22.3799991607666,22.389999389648438,22.260000228881836,22.34000015258789,6.790884494781494,43300
2012-09-20,22.010000228881836,22.100000381469727,21.950000762939453,22.06999969482422,6.708810329437256,38700
2012-09-21,22.170000076293945,22.200000762939453,22.059999465942383,22.139999389648438,6.730088233947754,14900
2012-09-24,22.020000457763672,22.049999237060547,21.8700008392334,21.90999984741211,6.660171985626221,28200
2012-09-25,21.90999984741211,21.989999771118164,21.799999237060547,21.809999465942383,6.629775524139404,24400
2012-09-26,21.790000915527344,21.889999389648438,21.610000610351562,21.780000686645508,6.620656490325928,25100
2012-09-27,22.020000457763672,22.239999771118164,21.969999313354492,22.229999542236328,6.757446765899658,42400
2012-09-28,22.139999389648438,22.299999237060547,22.09000015258789,22.290000915527344,6.775684833526611,25300
2012-10-01,22.540000915527344,22.68000030517578,22.389999389648438,22.399999618530273,6.8091230392456055,32200
2012-10-02,22.559999465942383,22.6200008392334,22.360000610351562,22.420000076293945,6.8152008056640625,76200
2012-10-03,22.540000915527344,22.59000015258789,22.360000610351562,22.3700008392334,6.8000030517578125,29900
2012-10-04,22.399999618530273,22.489999771118164,22.34000015258789,22.40999984741211,6.812160968780518,15400
2012-10-05,22.479999542236328,22.610000610351562,22.350000381469727,22.350000381469727,6.793923377990723,41200
2012-10-08,22.190000534057617,22.280000686645508,22.18000030517578,22.25,6.763525485992432,25400
2012-10-09,22.34000015258789,22.40999984741211,22.239999771118164,22.260000228881836,6.766565322875977,13300
2012-10-10,22.290000915527344,22.350000381469727,22.06999969482422,22.110000610351562,6.720968723297119,52100
2012-10-11,22.360000610351562,22.459999084472656,22.31999969482422,22.40999984741211,6.812160968780518,45300
2012-10-12,22.540000915527344,22.540000915527344,22.229999542236328,22.239999771118164,6.760485649108887,47400
2012-10-15,22.190000534057617,22.3799991607666,22.190000534057617,22.34000015258789,6.790884494781494,25400
2012-10-16,22.350000381469727,22.520000457763672,22.299999237060547,22.43000030517578,6.818242073059082,50000
2012-10-17,22.420000076293945,22.729999542236328,22.389999389648438,22.709999084472656,6.903354167938232,44200
2012-10-18,22.770000457763672,22.770000457763672,22.690000534057617,22.719999313354492,6.906395435333252,51400
2012-10-19,22.670000076293945,22.709999084472656,22.579999923706055,22.579999923706055,6.8638386726379395,28000
2012-10-22,22.649999618530273,22.709999084472656,22.530000686645508,22.639999389648438,6.882075786590576,39900
2012-10-23,22.450000762939453,22.459999084472656,22.18000030517578,22.360000610351562,6.796963214874268,35100
2012-10-24,22.579999923706055,22.729999542236328,22.360000610351562,22.420000076293945,6.8152008056640625,181400
2012-10-25,22.540000915527344,22.540000915527344,22.209999084472656,22.299999237060547,6.7787251472473145,56700
2012-10-26,22.139999389648438,22.139999389648438,21.899999618530273,21.940000534057617,6.669291019439697,19500
2012-10-31,22.020000457763672,22.049999237060547,21.809999465942383,21.850000381469727,6.641933441162109,34600
2012-11-01,22.309999465942383,22.3799991607666,22.1200008392334,22.360000610351562,6.796963214874268,44900
2012-11-02,22.420000076293945,22.56999969482422,22.350000381469727,22.510000228881836,6.842559814453125,58500
2012-11-05,22.559999465942383,22.610000610351562,22.450000762939453,22.549999237060547,6.8547186851501465,44200
2012-11-06,22.65999984741211,22.770000457763672,22.610000610351562,22.709999084472656,6.903354167938232,33800
2012-11-07,22.6200008392334,22.649999618530273,22.329999923706055,22.600000381469727,6.869918346405029,95500
2012-11-08,22.610000610351562,22.639999389648438,22.399999618530273,22.399999618530273,6.8091230392456055,30800
2012-11-09,22.399999618530273,22.510000228881836,22.280000686645508,22.5,6.839520454406738,15000
2012-11-12,22.610000610351562,22.809999465942383,22.43000030517578,22.770000457763672,6.921595096588135,170700
2012-11-13,22.510000228881836,22.670000076293945,22.450000762939453,22.559999465942383,6.857759475708008,127900
2012-11-14,22.639999389648438,22.639999389648438,22.25,22.25,6.763525485992432,34000
2012-11-15,22.209999084472656,22.25,22.010000228881836,22.1299991607666,6.727047443389893,36500
2012-11-16,22.079999923706055,22.329999923706055,22.079999923706055,22.219999313354492,6.754406452178955,28000
2012-11-19,22.270000457763672,22.56999969482422,22.139999389648438,22.56999969482422,6.8607988357543945,30900
2012-11-20,22.479999542236328,22.479999542236328,22.260000228881836,22.40999984741211,6.812160968780518,29600
2012-11-21,22.43000030517578,22.459999084472656,22.31999969482422,22.329999923706055,6.787843704223633,51900
2012-11-23,22.59000015258789,22.850000381469727,22.59000015258789,22.760000228881836,6.918556213378906,10600
2012-11-26,22.670000076293945,22.760000228881836,22.510000228881836,22.709999084472656,6.903354167938232,26300
2012-11-27,22.639999389648438,22.709999084472656,22.520000457763672,22.549999237060547,6.8547186851501465,27300
2012-11-28,22.520000457763672,22.549999237060547,22.350000381469727,22.530000686645508,6.848639965057373,63700
2012-11-29,22.579999923706055,22.579999923706055,22.329999923706055,22.350000381469727,6.793923377990723,77100
2012-11-30,22.389999389648438,22.579999923706055,22.389999389648438,22.579999923706055,6.8638386726379395,28300
2012-12-03,22.520000457763672,22.68000030517578,22.469999313354492,22.6299991607666,6.879036903381348,37300
2012-12-04,22.700000762939453,22.959999084472656,22.690000534057617,22.899999618530273,6.961110591888428,64400
2012-12-05,23.15999984741211,23.399999618530273,23.15999984741211,23.31999969482422,7.088783264160156,85200
2012-12-06,23.40999984741211,23.549999237060547,23.3700008392334,23.459999084472656,7.1313395500183105,109300
2012-12-07,23.639999389648438,23.639999389648438,23.40999984741211,23.440000534057617,7.125259876251221,73800
2012-12-10,23.489999771118164,23.5,23.389999389648438,23.450000762939453,7.128302097320557,177400
2012-12-11,23.6299991607666,23.6299991607666,23.3700008392334,23.440000534057617,7.125259876251221,170000
2012-12-12,23.5,23.649999618530273,23.459999084472656,23.520000457763672,7.1495795249938965,36700
2012-12-13,23.579999923706055,23.6200008392334,23.5,23.559999465942383,7.16173791885376,46800
2012-12-14,23.760000228881836,23.979999542236328,23.479999542236328,23.809999465942383,7.237732887268066,131800
2012-12-17,23.950000762939453,24.09000015258789,23.860000610351562,24.0,7.295487880706787,309700
2012-12-18,24.0,24.09000015258789,23.920000076293945,24.09000015258789,7.322846412658691,245000
2012-12-19,24.15999984741211,24.25,24.110000610351562,24.15999984741211,7.344125747680664,180100
2012-12-20,21.290000915527344,21.290000915527344,20.989999771118164,21.1200008392334,7.4239182472229,186600
2012-12-21,20.899999618530273,21.0,20.600000381469727,20.770000457763672,7.30088996887207,163100
2012-12-24,20.649999618530273,20.739999771118164,20.649999618530273,20.709999084472656,7.2797980308532715,18600
2012-12-26,20.770000457763672,20.8700008392334,20.670000076293945,20.780000686645508,7.304405689239502,57100
2012-12-27,20.75,20.809999465942383,20.610000610351562,20.770000457763672,7.30088996887207,53800
2012-12-28,20.90999984741211,21.350000381469727,20.90999984741211,21.040000915527344,7.3957977294921875,275200
2012-12-31,21.1299991607666,21.75,21.030000686645508,21.40999984741211,7.525857448577881,636700
2013-01-02,21.889999389648438,22.049999237060547,21.809999465942383,21.940000534057617,7.712157726287842,100800
2013-01-03,21.940000534057617,21.969999313354492,21.8799991607666,21.959999084472656,7.719187259674072,74800
2013-01-04,21.899999618530273,22.0,21.81999969482422,21.850000381469727,7.6805219650268555,57000
2013-01-07,21.889999389648438,21.920000076293945,21.860000610351562,21.8799991607666,7.691066741943359,60200
2013-01-08,21.809999465942383,21.84000015258789,21.59000015258789,21.780000686645508,7.655916213989258,90300
2013-01-09,21.829999923706055,21.979999542236328,21.829999923706055,21.959999084472656,7.719187259674072,78600
2013-01-10,22.0,22.149999618530273,22.0,22.149999618530273,7.785974979400635,46000
2013-01-11,22.0,22.0,21.920000076293945,21.950000762939453,7.715672016143799,57000
2013-01-14,22.059999465942383,22.209999084472656,22.010000228881836,22.100000381469727,7.768399715423584,139700
2013-01-15,22.110000610351562,22.149999618530273,21.979999542236328,22.0,7.733248710632324,74500
2013-01-16,21.940000534057617,21.940000534057617,21.84000015258789,21.84000015258789,7.677005290985107,91700
2013-01-17,21.889999389648438,21.899999618530273,21.850000381469727,21.8700008392334,7.687551021575928,64900
2013-01-18,21.950000762939453,22.010000228881836,21.850000381469727,22.010000228881836,7.7367634773254395,69200
2013-01-22,22.209999084472656,22.43000030517578,22.1200008392334,22.43000030517578,7.884398460388184,99500
2013-01-23,22.520000457763672,22.719999313354492,22.459999084472656,22.700000762939453,7.979306221008301,108200
2013-01-24,22.6299991607666,22.899999618530273,22.6200008392334,22.690000534057617,7.975790023803711,93700
2013-01-25,22.709999084472656,22.709999084472656,22.389999389648438,22.479999542236328,7.901974201202393,79500
2013-01-28,22.559999465942383,22.59000015258789,22.25,22.350000381469727,7.856276512145996,84000
2013-01-29,22.450000762939453,22.540000915527344,22.450000762939453,22.530000686645508,7.919548034667969,187400
2013-01-30,22.739999771118164,22.799999237060547,22.5,22.549999237060547,7.926578998565674,111700
2013-01-31,22.5,22.510000228881836,22.3799991607666,22.469999313354492,7.898457050323486,41200
2013-02-01,22.530000686645508,22.670000076293945,22.479999542236328,22.6299991607666,7.954699516296387,63700
2013-02-04,22.549999237060547,22.600000381469727,22.479999542236328,22.530000686645508,7.919548034667969,183800
2013-02-05,22.530000686645508,22.81999969482422,22.459999084472656,22.809999465942383,8.017972946166992,143400
2013-02-06,22.719999313354492,22.770000457763672,22.610000610351562,22.719999313354492,7.986335754394531,82300
2013-02-07,22.6299991607666,22.6299991607666,22.530000686645508,22.579999923706055,7.937125205993652,69400
2013-02-08,22.65999984741211,22.729999542236328,22.6200008392334,22.68000030517578,7.972275733947754,53500
2013-02-11,22.649999618530273,22.670000076293945,22.600000381469727,22.639999389648438,7.958215713500977,13500
2013-02-12,22.489999771118164,22.649999618530273,22.489999771118164,22.6200008392334,7.951186180114746,15100
2013-02-13,22.639999389648438,22.700000762939453,22.6299991607666,22.6299991607666,7.954699516296387,16200
2013-02-14,22.690000534057617,22.770000457763672,22.6299991607666,22.65999984741211,7.965245246887207,26500
2013-02-15,22.729999542236328,22.780000686645508,22.6200008392334,22.700000762939453,7.979306221008301,19300
2013-02-19,22.520000457763672,22.610000610351562,22.190000534057617,22.200000762939453,7.80355167388916,244600
2013-02-20,22.260000228881836,22.34000015258789,21.75,21.790000915527344,7.659431457519531,123900
2013-02-21,21.540000915527344,21.600000381469727,21.100000381469727,21.170000076293945,7.441494464874268,201500
2013-02-22,21.1200008392334,21.260000228881836,21.110000610351562,21.139999389648438,7.430947303771973,117100
2013-02-25,21.200000762939453,21.309999465942383,21.079999923706055,21.100000381469727,7.416887283325195,220000
2013-02-26,21.18000030517578,21.219999313354492,21.049999237060547,21.18000030517578,7.445008754730225,67000
2013-02-27,21.09000015258789,21.43000030517578,21.09000015258789,21.360000610351562,7.508281707763672,56500
2013-02-28,21.459999084472656,21.549999237060547,21.440000534057617,21.459999084472656,7.543432235717773,33300
2013-03-01,21.459999084472656,21.68000030517578,21.40999984741211,21.68000030517578,7.620763778686523,72000
2013-03-04,21.3700008392334,21.399999618530273,21.149999618530273,21.280000686645508,7.480159759521484,167000
2013-03-05,21.229999542236328,21.450000762939453,21.229999542236328,21.3799991607666,7.515310764312744,38000
2013-03-06,21.450000762939453,21.59000015258789,21.420000076293945,21.549999237060547,7.575067520141602,66200
2013-03-07,21.6299991607666,21.770000457763672,21.530000686645508,21.770000457763672,7.652401447296143,46600
2013-03-08,21.8799991607666,21.93000030517578,21.780000686645508,21.860000610351562,7.684037685394287,26500
2013-03-11,21.6299991607666,21.81999969482422,21.559999465942383,21.690000534057617,7.624279975891113,88800
2013-03-12,21.5,21.5,21.280000686645508,21.469999313354492,7.5469465255737305,40400
2013-03-13,21.229999542236328,21.40999984741211,21.059999465942383,21.360000610351562,7.508281707763672,41000
2013-03-14,21.360000610351562,21.420000076293945,21.299999237060547,21.420000076293945,7.529371738433838,60000
2013-03-15,21.34000015258789,21.5,21.190000534057617,21.450000762939453,7.539916515350342,52000
2013-03-18,21.059999465942383,21.100000381469727,20.780000686645508,20.850000381469727,7.329009532928467,113900
2013-03-19,20.799999237060547,20.84000015258789,20.510000228881836,20.649999618530273,7.258707523345947,56900
2013-03-20,20.799999237060547,20.90999984741211,20.770000457763672,20.84000015258789,7.325494766235352,95600
2013-03-21,20.780000686645508,21.040000915527344,20.700000762939453,21.0,7.3817362785339355,155700
2013-03-22,21.030000686645508,21.200000762939453,21.030000686645508,21.100000381469727,7.416887283325195,39700
2013-03-25,21.280000686645508,21.34000015258789,21.170000076293945,21.200000762939453,7.4520392417907715,79300
2013-03-26,21.219999313354492,21.290000915527344,21.15999984741211,21.209999084472656,7.4555535316467285,54000
2013-03-27,21.149999618530273,21.280000686645508,21.1299991607666,21.25,7.469614028930664,27100
2013-03-28,21.049999237060547,21.059999465942383,20.84000015258789,21.010000228881836,7.385251998901367,110700
2013-04-01,20.889999389648438,20.93000030517578,20.809999465942383,20.93000030517578,7.357131004333496,63800
2013-04-02,20.8700008392334,21.030000686645508,20.8700008392334,20.989999771118164,7.378222942352295,54100
2013-04-03,20.829999923706055,20.850000381469727,20.5,20.559999465942383,7.227071762084961,95100
2013-04-04,20.440000534057617,20.639999389648438,20.440000534057617,20.600000381469727,7.241132736206055,37200
2013-04-05,20.350000381469727,20.579999923706055,20.15999984741211,20.540000915527344,7.220042705535889,58200
2013-04-08,20.459999084472656,20.5,20.309999465942383,20.489999771118164,7.202465534210205,36300
2013-04-09,20.520000457763672,20.639999389648438,20.459999084472656,20.579999923706055,7.23410177230835,63200
2013-04-10,20.600000381469727,20.790000915527344,20.600000381469727,20.780000686645508,7.304405689239502,45400
2013-04-11,20.760000228881836,20.8799991607666,20.690000534057617,20.850000381469727,7.329009532928467,55000
2013-04-12,20.68000030517578,20.719999313354492,20.610000610351562,20.6299991607666,7.251676082611084,61100
2013-04-15,20.510000228881836,20.520000457763672,20.190000534057617,20.200000762939453,7.100528240203857,39400
2013-04-16,20.440000534057617,20.489999771118164,20.329999923706055,20.440000534057617,7.1848907470703125,91000
2013-04-17,20.200000762939453,20.270000457763672,20.1200008392334,20.200000762939453,7.100528240203857,40600
2013-04-18,20.43000030517578,20.43000030517578,20.219999313354492,20.290000915527344,7.1321635246276855,31300
2013-04-19,20.700000762939453,20.700000762939453,20.600000381469727,20.65999984741211,7.262223243713379,61600
2013-04-22,20.760000228881836,20.889999389648438,20.670000076293945,20.889999389648438,7.343069553375244,44300
2013-04-23,20.780000686645508,20.860000610351562,20.719999313354492,20.790000915527344,7.307919025421143,44600
2013-04-24,20.850000381469727,20.920000076293945,20.81999969482422,20.84000015258789,7.325494766235352,64300
2013-04-25,20.93000030517578,21.1299991607666,20.93000030517578,21.030000686645508,7.392282009124756,37300
2013-04-26,20.950000762939453,21.010000228881836,20.809999465942383,20.90999984741211,7.350100040435791,35600
2013-04-29,20.850000381469727,21.010000228881836,20.850000381469727,20.969999313354492,7.371191501617432,31300
2013-04-30,20.959999084472656,21.079999923706055,20.959999084472656,21.06999969482422,7.406342506408691,33900
2013-05-01,21.020000457763672,21.040000915527344,20.799999237060547,20.799999237060547,7.311434745788574,30200
2013-05-02,20.8700008392334,21.010000228881836,20.860000610351562,20.969999313354492,7.371191501617432,46400
2013-05-03,21.079999923706055,21.329999923706055,21.079999923706055,21.200000762939453,7.4520392417907715,84000
2013-05-06,21.219999313354492,21.280000686645508,20.950000762939453,21.270000457763672,7.476644992828369,25000
2013-05-07,21.34000015258789,21.43000030517578,21.270000457763672,21.3700008392334,7.511795997619629,16700
2013-05-08,21.40999984741211,21.56999969482422,21.290000915527344,21.56999969482422,7.582098484039307,58700
2013-05-09,21.510000228881836,21.510000228881836,21.3700008392334,21.40999984741211,7.525857448577881,13700
2013-05-10,21.360000610351562,21.450000762939453,21.360000610351562,21.450000762939453,7.539916515350342,23300
2013-05-13,21.219999313354492,21.309999465942383,21.15999984741211,21.239999771118164,7.466100215911865,45100
2013-05-14,21.149999618530273,21.229999542236328,20.979999542236328,21.1299991607666,7.427432537078857,23300
2013-05-15,21.100000381469727,21.25,21.100000381469727,21.200000762939453,7.4520392417907715,21300
2013-05-16,21.309999465942383,21.309999465942383,21.100000381469727,21.1200008392334,7.4239182472229,17300
2013-05-17,21.360000610351562,21.3700008392334,21.200000762939453,21.329999923706055,7.497734546661377,36600
2013-05-20,21.440000534057617,21.56999969482422,21.3700008392334,21.510000228881836,7.561007022857666,43600
2013-05-21,21.59000015258789,21.709999084472656,21.43000030517578,21.600000381469727,7.592644691467285,67800
2013-05-22,21.600000381469727,21.760000228881836,21.450000762939453,21.450000762939453,7.539916515350342,76300
2013-05-23,21.049999237060547,21.270000457763672,21.0,21.25,7.469614028930664,51000
2013-05-24,21.1200008392334,21.170000076293945,21.020000457763672,21.139999389648438,7.430947303771973,13000
2013-05-28,21.420000076293945,21.530000686645508,21.3799991607666,21.40999984741211,7.525857448577881,44200
2013-05-29,21.280000686645508,21.31999969482422,21.149999618530273,21.18000030517578,7.445008754730225,50500
2013-05-30,21.1299991607666,21.3700008392334,21.1299991607666,21.360000610351562,7.508281707763672,35900
2013-05-31,21.219999313354492,21.239999771118164,21.049999237060547,21.170000076293945,7.441494464874268,48600
2013-06-03,21.15999984741211,21.31999969482422,21.110000610351562,21.299999237060547,7.487189769744873,28000
2013-06-04,21.139999389648438,21.239999771118164,21.09000015258789,21.1299991607666,7.427432537078857,49100
2013-06-05,21.020000457763672,21.06999969482422,20.860000610351562,20.899999618530273,7.346585273742676,43600
2013-06-06,20.799999237060547,21.049999237060547,20.799999237060547,21.0,7.3817362785339355,24700
2013-06-07,21.0,21.0,20.81999969482422,20.889999389648438,7.343069553375244,43400
2013-06-10,20.770000457763672,20.81999969482422,20.700000762939453,20.700000762939453,7.276284694671631,114500
2013-06-11,20.6200008392334,20.690000534057617,20.510000228881836,20.540000915527344,7.220042705535889,35800
2013-06-12,20.59000015258789,20.6200008392334,20.309999465942383,20.34000015258789,7.149738788604736,29300
2013-06-13,20.280000686645508,20.459999084472656,20.190000534057617,20.459999084472656,7.191919803619385,48300
2013-06-14,20.280000686645508,20.3799991607666,20.06999969482422,20.110000610351562,7.0688910484313965,19200
2013-06-17,20.440000534057617,20.440000534057617,20.229999542236328,20.270000457763672,7.125134468078613,28500
2013-06-18,20.440000534057617,20.440000534057617,20.270000457763672,20.440000534057617,7.1848907470703125,39000
2013-06-19,20.280000686645508,20.389999389648438,20.1200008392334,20.1200008392334,7.072405815124512,28700
2013-06-20,19.860000610351562,19.950000762939453,19.440000534057617,19.489999771118164,6.850953578948975,91800
2013-06-21,19.530000686645508,19.719999313354492,19.34000015258789,19.530000686645508,6.865015506744385,97700
2013-06-24,19.1299991607666,19.360000610351562,18.600000381469727,18.760000228881836,6.594351291656494,137800
2013-06-25,18.790000915527344,19.010000228881836,18.790000915527344,19.0,6.678713798522949,77600
2013-06-26,19.200000762939453,19.299999237060547,19.149999618530273,19.280000686645508,6.777136325836182,183500
2013-06-27,19.34000015258789,19.649999618530273,19.31999969482422,19.639999389648438,6.903680801391602,147400
2013-06-28,19.639999389648438,20.0,19.600000381469727,19.979999542236328,7.023195266723633,147600
2013-07-01,20.18000030517578,20.18000030517578,20.020000457763672,20.09000015258789,7.061861991882324,58900
2013-07-02,20.149999618530273,20.299999237060547,20.059999465942383,20.190000534057617,7.097012996673584,83000
2013-07-03,20.010000228881836,20.170000076293945,20.010000228881836,20.100000381469727,7.065376281738281,24600
2013-07-05,20.40999984741211,20.40999984741211,20.1200008392334,20.25,7.118104457855225,24000
2013-07-08,20.040000915527344,20.200000762939453,19.979999542236328,20.06999969482422,7.054831027984619,63700
2013-07-09,20.06999969482422,20.149999618530273,19.979999542236328,20.1200008392334,7.072405815124512,42400
2013-07-10,20.170000076293945,20.170000076293945,20.010000228881836,20.030000686645508,7.040770530700684,33000
2013-07-11,20.420000076293945,20.68000030517578,20.399999618530273,20.68000030517578,7.269252300262451,115500
2013-07-12,20.549999237060547,20.700000762939453,20.40999984741211,20.549999237060547,7.223556041717529,66600
2013-07-15,20.5,20.719999313354492,20.469999313354492,20.700000762939453,7.276284694671631,71200
2013-07-16,20.739999771118164,20.850000381469727,20.530000686645508,20.6299991607666,7.251676082611084,66800
2013-07-17,20.81999969482422,20.81999969482422,20.600000381469727,20.639999389648438,7.255194187164307,32800
2013-07-18,20.559999465942383,20.700000762939453,20.5,20.579999923706055,7.23410177230835,68600
2013-07-19,20.329999923706055,20.56999969482422,20.31999969482422,20.43000030517578,7.181375026702881,51000
2013-07-22,20.299999237060547,20.399999618530273,20.15999984741211,20.329999923706055,7.146224021911621,46600
2013-07-23,20.56999969482422,20.739999771118164,20.520000457763672,20.68000030517578,7.269252300262451,56500
2013-07-24,20.68000030517578,20.700000762939453,20.530000686645508,20.68000030517578,7.269252300262451,95800
2013-07-25,20.690000534057617,20.829999923706055,20.59000015258789,20.809999465942383,7.314949989318848,189500
2013-07-26,20.670000076293945,20.920000076293945,20.670000076293945,20.920000076293945,7.353615760803223,119100
2013-07-29,20.6299991607666,20.700000762939453,20.6200008392334,20.65999984741211,7.262223243713379,24500
2013-07-30,20.709999084472656,20.709999084472656,20.540000915527344,20.59000015258789,7.237617492675781,48000
2013-07-31,20.56999969482422,20.68000030517578,20.5,20.520000457763672,7.213009834289551,33200
2013-08-01,20.799999237060547,20.950000762939453,20.719999313354492,20.90999984741211,7.350100040435791,62300
2013-08-02,20.90999984741211,21.010000228881836,20.829999923706055,20.989999771118164,7.378222942352295,70200
2013-08-05,20.920000076293945,20.989999771118164,20.809999465942383,20.8700008392334,7.33604097366333,22700
2013-08-06,20.860000610351562,20.860000610351562,20.65999984741211,20.799999237060547,7.311434745788574,61200
2013-08-07,20.6200008392334,20.65999984741211,20.530000686645508,20.6299991607666,7.251676082611084,29500
2013-08-08,20.719999313354492,20.860000610351562,20.649999618530273,20.75,7.293859481811523,86400
2013-08-09,20.75,20.889999389648438,20.729999542236328,20.81999969482422,7.3184638023376465,46800
2013-08-12,20.899999618530273,21.219999313354492,20.899999618530273,21.190000534057617,7.448524475097656,68100
2013-08-13,21.260000228881836,21.40999984741211,21.239999771118164,21.3700008392334,7.511795997619629,49000
2013-08-14,21.360000610351562,21.399999618530273,21.309999465942383,21.350000381469727,7.504765510559082,13100
2013-08-15,21.200000762939453,21.200000762939453,21.040000915527344,21.1200008392334,7.4239182472229,22900
2013-08-16,21.18000030517578,21.25,20.959999084472656,20.959999084472656,7.367676734924316,68500
2013-08-19,20.8700008392334,21.010000228881836,20.8700008392334,20.979999542236328,7.374707221984863,48700
2013-08-20,20.899999618530273,20.950000762939453,20.770000457763672,20.84000015258789,7.325494766235352,24700
2013-08-21,20.719999313354492,20.719999313354492,20.510000228881836,20.56999969482422,7.230587482452393,35400
2013-08-22,20.649999618530273,20.8700008392334,20.649999618530273,20.809999465942383,7.314949989318848,29800
2013-08-23,20.780000686645508,20.8700008392334,20.56999969482422,20.860000610351562,7.332525253295898,25400
2013-08-26,20.969999313354492,21.09000015258789,20.860000610351562,20.950000762939453,7.364161491394043,22800
2013-08-27,20.670000076293945,20.719999313354492,20.420000076293945,20.579999923706055,7.23410177230835,30800
2013-08-28,20.479999542236328,20.719999313354492,20.479999542236328,20.6200008392334,7.248162269592285,6700
2013-08-29,20.670000076293945,20.809999465942383,20.59000015258789,20.760000228881836,7.297374248504639,31600
2013-08-30,20.780000686645508,20.809999465942383,20.6200008392334,20.809999465942383,7.314949989318848,9100
2013-09-03,21.170000076293945,21.420000076293945,21.149999618530273,21.3700008392334,7.511795997619629,50800
2013-09-04,21.43000030517578,21.540000915527344,21.3700008392334,21.489999771118164,7.553977966308594,17100
2013-09-05,21.59000015258789,21.649999618530273,21.59000015258789,21.610000610351562,7.596158981323242,14800
2013-09-06,21.729999542236328,21.829999923706055,21.6299991607666,21.770000457763672,7.652401447296143,15200
2013-09-09,22.0,22.0,21.8799991607666,22.0,7.733248710632324,79900
2013-09-10,22.149999618530273,22.15999984741211,21.989999771118164,22.1299991607666,7.7789435386657715,48700
2013-09-11,22.0,22.079999923706055,21.969999313354492,22.049999237060547,7.7508225440979,36500
2013-09-12,22.059999465942383,22.059999465942383,21.75,21.889999389648438,7.694581508636475,40800
2013-09-13,22.030000686645508,22.079999923706055,21.850000381469727,21.920000076293945,7.705127239227295,37700
2013-09-16,22.100000381469727,22.200000762939453,21.979999542236328,22.0,7.733248710632324,32600
2013-09-17,21.93000030517578,22.0,21.719999313354492,21.84000015258789,7.677005290985107,37200
2013-09-18,21.75,22.25,21.639999389648438,22.170000076293945,7.793004989624023,26900
2013-09-19,22.149999618530273,22.149999618530273,21.940000534057617,21.979999542236328,7.726217746734619,15200
2013-09-20,21.90999984741211,22.0,21.68000030517578,21.75,7.645370006561279,15600
2013-09-23,21.760000228881836,21.799999237060547,21.610000610351562,21.790000915527344,7.659431457519531,40100
2013-09-24,21.790000915527344,21.950000762939453,21.670000076293945,21.8700008392334,7.687551021575928,55700
2013-09-25,21.799999237060547,21.8700008392334,21.709999084472656,21.809999465942383,7.666460990905762,30000
2013-09-26,21.719999313354492,21.899999618530273,21.68000030517578,21.899999618530273,7.698095798492432,76300
2013-09-27,21.889999389648438,21.889999389648438,21.760000228881836,21.84000015258789,7.677005290985107,27400
2013-09-30,21.610000610351562,21.729999542236328,21.530000686645508,21.709999084472656,7.631308555603027,37000
2013-10-01,21.860000610351562,21.93000030517578,21.799999237060547,21.84000015258789,7.677005290985107,20000
2013-10-02,21.81999969482422,21.950000762939453,21.799999237060547,21.93000030517578,7.708641529083252,44900
2013-10-03,21.979999542236328,22.18000030517578,21.969999313354492,22.09000015258789,7.764885425567627,92000
2013-10-04,22.09000015258789,22.239999771118164,21.950000762939453,22.239999771118164,7.817611217498779,26400
2013-10-07,22.06999969482422,22.200000762939453,21.979999542236328,22.1200008392334,7.775430202484131,33700
2013-10-08,22.25,22.260000228881836,22.139999389648438,22.200000762939453,7.80355167388916,25400
2013-10-09,22.329999923706055,22.3799991607666,22.18000030517578,22.31999969482422,7.845730304718018,29200
2013-10-10,22.3799991607666,22.65999984741211,22.3799991607666,22.639999389648438,7.958215713500977,57900
2013-10-11,22.649999618530273,22.729999542236328,22.440000534057617,22.68000030517578,7.972275733947754,27400
2013-10-14,22.40999984741211,22.739999771118164,22.40999984741211,22.65999984741211,7.965245246887207,13500
2013-10-15,22.649999618530273,22.690000534057617,22.540000915527344,22.690000534057617,7.975790023803711,16100
2013-10-16,22.5,22.799999237060547,22.5,22.700000762939453,7.979306221008301,20500
2013-10-17,22.5,22.68000030517578,22.280000686645508,22.68000030517578,7.972275733947754,36000
2013-10-18,22.81999969482422,22.899999618530273,22.780000686645508,22.8799991607666,8.042576789855957,26200
2013-10-21,22.920000076293945,23.219999313354492,22.90999984741211,23.219999313354492,8.162092208862305,85700
2013-10-22,23.270000457763672,23.34000015258789,23.200000762939453,23.270000457763672,8.179667472839355,29600
2013-10-23,23.049999237060547,23.049999237060547,22.690000534057617,22.780000686645508,8.007427215576172,30600
2013-10-24,22.68000030517578,22.760000228881836,22.610000610351562,22.709999084472656,7.982820510864258,42400
2013-10-25,22.68000030517578,22.700000762939453,22.559999465942383,22.579999923706055,7.937125205993652,24800
2013-10-28,22.520000457763672,22.6299991607666,22.5,22.510000228881836,7.912519931793213,22600
2013-10-29,22.510000228881836,22.59000015258789,22.5,22.59000015258789,7.940639495849609,20200
2013-10-30,22.670000076293945,22.780000686645508,22.56999969482422,22.68000030517578,7.972275733947754,66000
2013-10-31,22.59000015258789,22.65999984741211,22.59000015258789,22.65999984741211,7.965245246887207,11000
2013-11-01,22.700000762939453,22.770000457763672,22.6299991607666,22.729999542236328,7.989851951599121,18400
2013-11-04,22.799999237060547,22.84000015258789,22.690000534057617,22.760000228881836,8.000395774841309,28100
2013-11-05,22.6200008392334,22.6200008392334,22.309999465942383,22.479999542236328,7.901974201202393,41500
2013-11-06,22.579999923706055,22.729999542236328,22.540000915527344,22.649999618530273,7.96173095703125,33900
2013-11-07,22.510000228881836,22.530000686645508,22.399999618530273,22.399999618530273,7.873852252960205,39600
2013-11-08,22.280000686645508,22.3799991607666,22.209999084472656,22.3799991607666,7.866821765899658,45700
2013-11-11,22.450000762939453,22.5,22.290000915527344,22.31999969482422,7.845730304718018,19100
2013-11-12,22.260000228881836,22.280000686645508,22.110000610351562,22.1299991607666,7.7789435386657715,27000
2013-11-13,21.959999084472656,22.06999969482422,21.899999618530273,22.040000915527344,7.747308254241943,24600
2013-11-14,22.049999237060547,22.239999771118164,22.049999237060547,22.170000076293945,7.793004989624023,33000
2013-11-15,22.469999313354492,22.770000457763672,22.469999313354492,22.670000076293945,7.968760967254639,69000
2013-11-18,22.989999771118164,23.209999084472656,22.959999084472656,23.149999618530273,8.137484550476074,78400
2013-11-19,23.170000076293945,23.170000076293945,22.899999618530273,22.90999984741211,8.05312442779541,32200
2013-11-20,22.979999542236328,23.06999969482422,22.860000610351562,22.989999771118164,8.081244468688965,30500
2013-11-21,22.950000762939453,23.06999969482422,22.75,23.020000457763672,8.091790199279785,22300
2013-11-22,22.950000762939453,22.979999542236328,22.799999237060547,22.899999618530273,8.049607276916504,22600
2013-11-25,22.770000457763672,23.040000915527344,22.770000457763672,22.950000762939453,8.067182540893555,70200
2013-11-26,23.010000228881836,23.06999969482422,23.010000228881836,23.030000686645508,8.095305442810059,23500
2013-11-27,23.239999771118164,23.31999969482422,23.049999237060547,23.190000534057617,8.1515474319458,27800
2013-11-29,23.229999542236328,23.479999542236328,23.229999542236328,23.479999542236328,8.253484725952148,30400
2013-12-02,23.479999542236328,23.489999771118164,23.190000534057617,23.190000534057617,8.1515474319458,303800
2013-12-03,23.100000381469727,23.3799991607666,23.100000381469727,23.239999771118164,8.169120788574219,111300
2013-12-04,23.149999618530273,23.40999984741211,23.149999618530273,23.25,8.172636985778809,43800
2013-12-05,23.25,23.25,23.06999969482422,23.170000076293945,8.144515991210938,20300
2013-12-06,23.399999618530273,23.450000762939453,23.329999923706055,23.389999389648438,8.22184944152832,39600
2013-12-09,23.5,23.559999465942383,23.360000610351562,23.440000534057617,8.239423751831055,39500
2013-12-10,23.270000457763672,23.43000030517578,23.25,23.43000030517578,8.235909461975098,68600
2013-12-11,23.309999465942383,23.309999465942383,23.15999984741211,23.209999084472656,8.158576011657715,44500
2013-12-12,23.229999542236328,23.229999542236328,23.06999969482422,23.110000610351562,8.123424530029297,26200
2013-12-13,23.149999618530273,23.510000228881836,23.06999969482422,23.510000228881836,8.264029502868652,93800
2013-12-16,23.610000610351562,23.719999313354492,23.219999313354492,23.610000610351562,8.29918098449707,190000
2013-12-17,23.440000534057617,23.5,23.34000015258789,23.40999984741211,8.22887897491455,49100
2013-12-18,23.510000228881836,23.600000381469727,23.399999618530273,23.600000381469727,8.295665740966797,176800
2013-12-19,20.260000228881836,20.350000381469727,20.06999969482422,20.260000228881836,8.285033226013184,177400
2013-12-20,20.200000762939453,20.440000534057617,20.079999923706055,20.079999923706055,8.21142578125,97200
2013-12-23,20.030000686645508,20.170000076293945,20.030000686645508,20.079999923706055,8.21142578125,85000
2013-12-24,20.149999618530273,20.65999984741211,20.149999618530273,20.639999389648438,8.440430641174316,117900
2013-12-26,20.65999984741211,20.65999984741211,20.270000457763672,20.389999389648438,8.338194847106934,50600
2013-12-27,20.510000228881836,20.989999771118164,20.510000228881836,20.780000686645508,8.497681617736816,158600
2013-12-30,20.889999389648438,21.100000381469727,20.729999542236328,21.040000915527344,8.60400390625,201600
2013-12-31,20.889999389648438,21.149999618530273,20.6299991607666,20.809999465942383,8.50994873046875,61100
2014-01-02,20.690000534057617,21.049999237060547,20.639999389648438,20.639999389648438,8.440430641174316,39500
2014-01-03,20.729999542236328,20.850000381469727,20.579999923706055,20.6299991607666,8.436338424682617,34100
2014-01-06,20.540000915527344,20.709999084472656,20.479999542236328,20.5,8.3831787109375,48400
2014-01-07,20.459999084472656,20.600000381469727,20.450000762939453,20.510000228881836,8.38726806640625,44000
2014-01-08,20.59000015258789,20.649999618530273,20.43000030517578,20.469999313354492,8.37091064453125,40500
2014-01-09,20.3700008392334,20.43000030517578,20.25,20.290000915527344,8.29730224609375,74200
2014-01-10,20.34000015258789,20.3700008392334,20.239999771118164,20.299999237060547,8.301390647888184,37500
2014-01-13,20.209999084472656,20.270000457763672,20.079999923706055,20.18000030517578,8.252318382263184,106300
2014-01-14,20.229999542236328,20.440000534057617,20.219999313354492,20.389999389648438,8.338194847106934,29000
2014-01-15,20.270000457763672,20.399999618530273,20.239999771118164,20.329999923706055,8.313657760620117,51800
2014-01-16,20.350000381469727,20.440000534057617,20.100000381469727,20.239999771118164,8.276854515075684,60900
2014-01-17,20.299999237060547,20.299999237060547,20.200000762939453,20.299999237060547,8.301390647888184,30600
2014-01-21,20.299999237060547,20.459999084472656,20.09000015258789,20.170000076293945,8.248229026794434,29500
2014-01-22,20.290000915527344,20.40999984741211,20.280000686645508,20.360000610351562,8.325928688049316,35800
2014-01-23,20.190000534057617,20.229999542236328,20.06999969482422,20.15999984741211,8.244140625,39700
2014-01-24,20.219999313354492,20.219999313354492,19.530000686645508,19.56999969482422,8.002866744995117,53400
2014-01-27,19.520000457763672,19.520000457763672,19.229999542236328,19.43000030517578,7.945617198944092,41900
2014-01-28,19.3700008392334,19.709999084472656,19.299999237060547,19.600000381469727,8.015137672424316,76900
2014-01-29,19.520000457763672,19.520000457763672,19.309999465942383,19.399999618530273,7.933349132537842,35900
2014-01-30,19.5,19.5,19.360000610351562,19.5,7.974241256713867,17800
2014-01-31,19.3799991607666,19.489999771118164,19.200000762939453,19.469999313354492,7.961974143981934,14300
2014-02-03,19.360000610351562,19.40999984741211,19.280000686645508,19.34000015258789,7.908812522888184,161900
2014-02-04,19.360000610351562,19.65999984741211,19.329999923706055,19.639999389648438,8.031493186950684,43700
2014-02-05,19.520000457763672,19.530000686645508,19.149999618530273,19.200000762939453,7.8515625,106100
2014-02-06,19.3799991607666,19.450000762939453,19.309999465942383,19.389999389648438,7.929259777069092,20800
2014-02-07,19.440000534057617,19.469999313354492,19.170000076293945,19.40999984741211,7.937437057495117,118000
2014-02-10,19.450000762939453,19.5,19.31999969482422,19.450000762939453,7.953797340393066,42700
2014-02-11,19.600000381469727,19.940000534057617,19.559999465942383,19.93000030517578,8.15008544921875,115500
2014-02-12,20.0,20.100000381469727,19.829999923706055,19.8799991607666,8.129637718200684,22400
2014-02-13,19.690000534057617,19.8700008392334,19.690000534057617,19.799999237060547,8.096923828125,46600
2014-02-14,19.8799991607666,20.190000534057617,19.8799991607666,20.170000076293945,8.248229026794434,26400
2014-02-18,20.049999237060547,20.280000686645508,20.049999237060547,20.110000610351562,8.223692893981934,22000
2014-02-19,20.09000015258789,20.200000762939453,20.059999465942383,20.06999969482422,8.207335472106934,29300
2014-02-20,19.950000762939453,19.979999542236328,19.889999389648438,19.979999542236328,8.170531272888184,15500
2014-02-21,19.84000015258789,19.8799991607666,19.770000457763672,19.770000457763672,8.084654808044434,95100
2014-02-24,19.700000762939453,19.799999237060547,19.700000762939453,19.75,8.07647705078125,30300
2014-02-25,19.670000076293945,19.739999771118164,19.600000381469727,19.6299991607666,8.027403831481934,35200
2014-02-26,19.649999618530273,19.729999542236328,19.639999389648438,19.709999084472656,8.060117721557617,87300
2014-02-27,19.8799991607666,20.110000610351562,19.8799991607666,20.059999465942383,8.203245162963867,38100
2014-02-28,20.049999237060547,20.059999465942383,19.969999313354492,20.020000457763672,8.1868896484375,52400
2014-03-03,19.850000381469727,19.940000534057617,19.829999923706055,19.889999389648438,8.133726119995117,24300
2014-03-04,20.049999237060547,20.170000076293945,20.030000686645508,20.149999618530273,8.24005126953125,10800
2014-03-05,20.1299991607666,20.1299991607666,20.040000915527344,20.059999465942383,8.203245162963867,21000
2014-03-06,20.09000015258789,20.31999969482422,20.09000015258789,20.239999771118164,8.276854515075684,55200
2014-03-07,20.25,20.25,20.020000457763672,20.079999923706055,8.21142578125,54600
2014-03-10,19.889999389648438,19.93000030517578,19.75,19.84000015258789,8.113279342651367,32200
2014-03-11,19.84000015258789,19.90999984741211,19.799999237060547,19.799999237060547,8.096923828125,35500
2014-03-12,19.75,19.770000457763672,19.65999984741211,19.75,8.07647705078125,27600
2014-03-13,19.700000762939453,19.889999389648438,19.639999389648438,19.68000030517578,8.047849655151367,93000
2014-03-14,19.6299991607666,19.75,19.600000381469727,19.600000381469727,8.015137672424316,44800
2014-03-17,19.639999389648438,19.709999084472656,19.600000381469727,19.639999389648438,8.031493186950684,194100
2014-03-18,19.6299991607666,19.729999542236328,19.6200008392334,19.719999313354492,8.064208984375,52600
2014-03-19,19.56999969482422,19.649999618530273,19.510000228881836,19.520000457763672,7.982421398162842,54200
2014-03-20,19.450000762939453,19.459999084472656,19.270000457763672,19.3700008392334,7.921081066131592,119300
2014-03-21,19.549999237060547,19.690000534057617,19.549999237060547,19.610000610351562,8.019225120544434,92600
2014-03-24,19.729999542236328,19.729999542236328,19.579999923706055,19.6200008392334,8.023314476013184,38400
2014-03-25,19.670000076293945,19.75,19.670000076293945,19.700000762939453,8.0560302734375,65200
2014-03-26,19.729999542236328,19.780000686645508,19.719999313354492,19.729999542236328,8.068297386169434,59300
2014-03-27,19.75,19.84000015258789,19.719999313354492,19.760000228881836,8.08056640625,35800
2014-03-28,19.809999465942383,19.899999618530273,19.75,19.860000610351562,8.1214599609375,62400
2014-03-31,19.950000762939453,19.950000762939453,19.889999389648438,19.90999984741211,8.141904830932617,43300
2014-04-01,19.829999923706055,20.030000686645508,19.829999923706055,19.979999542236328,8.170531272888184,58700
2014-04-02,20.049999237060547,20.09000015258789,19.969999313354492,20.0,8.1787109375,53500
2014-04-03,20.059999465942383,20.110000610351562,19.969999313354492,20.110000610351562,8.223692893981934,50400
2014-04-04,20.190000534057617,20.239999771118164,20.100000381469727,20.100000381469727,8.219603538513184,75400
2014-04-07,20.100000381469727,20.1299991607666,20.030000686645508,20.049999237060547,8.199156761169434,89600
2014-04-08,20.1200008392334,20.299999237060547,20.1200008392334,20.239999771118164,8.276854515075684,27500
2014-04-09,20.31999969482422,20.440000534057617,20.229999542236328,20.3700008392334,8.330018043518066,21800
2014-04-10,20.489999771118164,20.6200008392334,20.360000610351562,20.399999618530273,8.342284202575684,50300
2014-04-11,20.3700008392334,20.389999389648438,20.25,20.309999465942383,8.305480003356934,30400
2014-04-14,20.399999618530273,20.40999984741211,20.329999923706055,20.360000610351562,8.325928688049316,29800
2014-04-15,20.309999465942383,20.309999465942383,20.040000915527344,20.280000686645508,8.293211936950684,116700
2014-04-16,20.329999923706055,20.329999923706055,20.139999389648438,20.299999237060547,8.301390647888184,24300
2014-04-17,20.219999313354492,20.420000076293945,20.219999313354492,20.360000610351562,8.325928688049316,77900
2014-04-21,20.420000076293945,20.420000076293945,20.1299991607666,20.239999771118164,8.276854515075684,7700
2014-04-22,20.219999313354492,20.280000686645508,20.1200008392334,20.209999084472656,8.26458740234375,50600
2014-04-23,20.100000381469727,20.139999389648438,20.030000686645508,20.1299991607666,8.231871604919434,15400
2014-04-24,20.200000762939453,20.209999084472656,20.079999923706055,20.1299991607666,8.231871604919434,21400
2014-04-25,20.0,20.040000915527344,19.81999969482422,20.040000915527344,8.195067405700684,31600
2014-04-28,20.139999389648438,20.139999389648438,19.979999542236328,20.079999923706055,8.21142578125,26300
2014-04-29,20.15999984741211,20.239999771118164,20.1299991607666,20.1299991607666,8.231871604919434,22700
2014-04-30,19.81999969482422,19.899999618530273,19.780000686645508,19.860000610351562,8.1214599609375,39100
2014-05-01,19.920000076293945,19.959999084472656,19.8799991607666,19.889999389648438,8.133726119995117,23600
2014-05-02,19.899999618530273,19.979999542236328,19.889999389648438,19.90999984741211,8.141904830932617,23500
2014-05-05,19.81999969482422,19.950000762939453,19.81999969482422,19.950000762939453,8.15826416015625,28500
2014-05-06,19.889999389648438,20.010000228881836,19.889999389648438,19.950000762939453,8.15826416015625,16600
2014-05-07,19.899999618530273,19.950000762939453,19.790000915527344,19.920000076293945,8.14599609375,41100
2014-05-08,19.829999923706055,19.969999313354492,19.829999923706055,19.899999618530273,8.137816429138184,38900
2014-05-09,19.850000381469727,19.920000076293945,19.780000686645508,19.780000686645508,8.088744163513184,8500
2014-05-12,19.8799991607666,20.049999237060547,19.8700008392334,20.030000686645508,8.19097900390625,81600
2014-05-13,19.979999542236328,20.170000076293945,19.979999542236328,20.059999465942383,8.203245162963867,39300
2014-05-14,20.1200008392334,20.18000030517578,19.959999084472656,20.09000015258789,8.21551513671875,44600
2014-05-15,20.049999237060547,20.15999984741211,19.950000762939453,20.1299991607666,8.231871604919434,36200
2014-05-16,20.18000030517578,20.360000610351562,20.18000030517578,20.360000610351562,8.325928688049316,26800
2014-05-19,20.3799991607666,20.3799991607666,20.260000228881836,20.280000686645508,8.293211936950684,43100
2014-05-20,20.34000015258789,20.34000015258789,20.100000381469727,20.149999618530273,8.24005126953125,22300
2014-05-21,20.280000686645508,20.299999237060547,20.190000534057617,20.219999313354492,8.2686767578125,13600
2014-05-22,20.31999969482422,20.34000015258789,20.170000076293945,20.239999771118164,8.276854515075684,13200
2014-05-23,20.31999969482422,20.3799991607666,20.270000457763672,20.280000686645508,8.293211936950684,16200
2014-05-27,20.31999969482422,20.440000534057617,20.290000915527344,20.329999923706055,8.313657760620117,29100
2014-05-28,20.440000534057617,20.450000762939453,20.350000381469727,20.40999984741211,8.34637451171875,30900
2014-05-29,20.40999984741211,20.40999984741211,20.350000381469727,20.3700008392334,8.330018043518066,16100
2014-05-30,20.420000076293945,20.450000762939453,20.260000228881836,20.34000015258789,8.317748069763184,85500
2014-06-02,20.350000381469727,20.5,20.34000015258789,20.489999771118164,8.379087448120117,41700
2014-06-03,20.479999542236328,20.6299991607666,20.459999084472656,20.600000381469727,8.424072265625,72600
2014-06-04,20.479999542236328,20.549999237060547,20.389999389648438,20.540000915527344,8.399537086486816,7100
2014-06-05,20.520000457763672,20.600000381469727,20.399999618530273,20.600000381469727,8.424072265625,21900
2014-06-06,20.600000381469727,20.68000030517578,20.56999969482422,20.579999923706055,8.415892601013184,20700
2014-06-09,20.540000915527344,20.690000534057617,20.520000457763672,20.690000534057617,8.460875511169434,28800
2014-06-10,20.639999389648438,20.799999237060547,20.600000381469727,20.760000228881836,8.489501953125,39700
2014-06-11,20.780000686645508,20.8700008392334,20.729999542236328,20.860000610351562,8.5303955078125,36800
2014-06-12,20.84000015258789,20.93000030517578,20.760000228881836,20.799999237060547,8.505859375,6500
2014-06-13,20.8799991607666,20.959999084472656,20.8700008392334,20.959999084472656,8.571288108825684,10400
2014-06-16,20.93000030517578,20.989999771118164,20.889999389648438,20.90999984741211,8.550840377807617,37300
2014-06-17,20.799999237060547,20.90999984741211,20.75,20.8700008392334,8.53448486328125,27100
2014-06-18,20.829999923706055,20.889999389648438,20.760000228881836,20.84000015258789,8.522216796875,36200
2014-06-19,20.790000915527344,20.8700008392334,20.780000686645508,20.829999923706055,8.518126487731934,20900
2014-06-20,20.670000076293945,20.829999923706055,20.670000076293945,20.799999237060547,8.505859375,29000
2014-06-23,20.719999313354492,20.75,20.649999618530273,20.729999542236328,8.477232933044434,18600
2014-06-24,20.690000534057617,20.979999542236328,20.6299991607666,20.719999313354492,8.473143577575684,24400
2014-06-25,20.719999313354492,20.790000915527344,20.68000030517578,20.729999542236328,8.477232933044434,4900
2014-06-26,20.940000534057617,20.940000534057617,20.850000381469727,20.920000076293945,8.554931640625,13800
2014-06-27,20.969999313354492,20.979999542236328,20.90999984741211,20.959999084472656,8.571288108825684,9600
2014-06-30,20.860000610351562,21.190000534057617,20.860000610351562,21.170000076293945,8.65716552734375,60200
2014-07-01,21.15999984741211,21.360000610351562,21.15999984741211,21.309999465942383,8.714415550231934,22100
2014-07-02,21.43000030517578,21.530000686645508,21.43000030517578,21.459999084472656,8.775755882263184,16800
2014-07-03,21.459999084472656,21.559999465942383,21.40999984741211,21.520000457763672,8.80029296875,4100
2014-07-07,21.530000686645508,21.610000610351562,21.479999542236328,21.600000381469727,8.8330078125,28000
2014-07-08,21.59000015258789,21.65999984741211,21.510000228881836,21.579999923706055,8.8248291015625,39600
2014-07-09,21.479999542236328,21.559999465942383,21.450000762939453,21.510000228881836,8.796201705932617,11200
2014-07-10,21.25,21.579999923706055,21.25,21.440000534057617,8.767578125,13600
2014-07-11,21.440000534057617,21.530000686645508,21.40999984741211,21.530000686645508,8.804381370544434,18500
2014-07-14,21.59000015258789,21.649999618530273,21.579999923706055,21.6200008392334,8.841185569763184,9000
2014-07-15,21.65999984741211,21.68000030517578,21.56999969482422,21.6299991607666,8.84527587890625,15800
2014-07-16,21.6299991607666,21.670000076293945,21.579999923706055,21.6299991607666,8.84527587890625,9200
2014-07-17,21.579999923706055,21.6200008392334,21.440000534057617,21.459999084472656,8.775755882263184,40400
2014-07-18,21.579999923706055,21.579999923706055,21.469999313354492,21.5,8.792113304138184,7500
2014-07-21,21.450000762939453,21.540000915527344,21.420000076293945,21.5,8.792113304138184,20100
2014-07-22,21.700000762939453,21.860000610351562,21.700000762939453,21.739999771118164,8.890257835388184,16400
2014-07-23,21.8700008392334,21.979999542236328,21.84000015258789,21.899999618530273,8.955686569213867,14500
2014-07-24,22.0,22.059999465942383,21.950000762939453,22.059999465942383,9.021117210388184,21800
2014-07-25,21.969999313354492,22.079999923706055,21.959999084472656,22.079999923706055,9.029295921325684,17300
2014-07-28,22.18000030517578,22.25,22.170000076293945,22.200000762939453,9.078369140625,44400
2014-07-29,22.149999618530273,22.25,22.139999389648438,22.170000076293945,9.06610107421875,14600
2014-07-30,22.139999389648438,22.299999237060547,22.139999389648438,22.219999313354492,9.086546897888184,26800
2014-07-31,22.229999542236328,22.239999771118164,22.040000915527344,22.079999923706055,9.029295921325684,35800
2014-08-01,22.079999923706055,22.209999084472656,22.010000228881836,22.079999923706055,9.029295921325684,13900
2014-08-04,22.209999084472656,22.219999313354492,22.100000381469727,22.209999084472656,9.082457542419434,25400
2014-08-05,22.010000228881836,22.010000228881836,21.809999465942383,21.950000762939453,8.976134300231934,28100
2014-08-06,21.969999313354492,22.030000686645508,21.950000762939453,22.0,8.99658203125,25000
2014-08-07,22.0,22.0,21.860000610351562,21.90999984741211,8.959775924682617,17300
2014-08-08,21.90999984741211,22.020000457763672,21.81999969482422,22.010000228881836,9.000670433044434,39400
2014-08-11,22.059999465942383,22.149999618530273,22.059999465942383,22.139999389648438,9.053831100463867,58200
2014-08-12,22.06999969482422,22.399999618530273,22.06999969482422,22.31999969482422,9.127439498901367,28700
2014-08-13,22.520000457763672,22.520000457763672,22.34000015258789,22.43000030517578,9.172425270080566,25500
2014-08-14,22.3700008392334,22.3700008392334,22.09000015258789,22.329999923706055,9.1315279006958,20800
2014-08-15,22.299999237060547,22.309999465942383,22.079999923706055,22.270000457763672,9.106993675231934,15700
2014-08-18,22.18000030517578,22.3700008392334,22.18000030517578,22.3700008392334,9.147890090942383,13900
2014-08-19,22.3799991607666,22.469999313354492,22.350000381469727,22.420000076293945,9.1683349609375,17900
2014-08-20,22.420000076293945,22.520000457763672,22.40999984741211,22.43000030517578,9.172425270080566,19100
2014-08-21,22.270000457763672,22.399999618530273,22.190000534057617,22.3700008392334,9.147890090942383,53400
2014-08-22,22.31999969482422,22.3799991607666,22.31999969482422,22.34000015258789,9.135619163513184,9200
2014-08-25,22.549999237060547,22.600000381469727,22.200000762939453,22.200000762939453,9.078369140625,17700
2014-08-26,22.280000686645508,22.280000686645508,22.1299991607666,22.260000228881836,9.102904319763184,19400
2014-08-27,22.34000015258789,22.770000457763672,22.309999465942383,22.43000030517578,9.172425270080566,28400
2014-08-28,22.299999237060547,22.34000015258789,22.209999084472656,22.25,9.098814010620117,37000
2014-08-29,22.209999084472656,22.209999084472656,22.079999923706055,22.170000076293945,9.06610107421875,19200
2014-09-02,22.149999618530273,22.170000076293945,22.010000228881836,22.110000610351562,9.041563034057617,89600
2014-09-03,22.469999313354492,22.489999771118164,22.280000686645508,22.350000381469727,9.139708518981934,55800
2014-09-04,22.399999618530273,22.459999084472656,22.31999969482422,22.329999923706055,9.1315279006958,9200
2014-09-05,22.299999237060547,22.450000762939453,22.299999237060547,22.450000762939453,9.180603981018066,10400
2014-09-08,22.450000762939453,22.450000762939453,22.309999465942383,22.3799991607666,9.151976585388184,26800
2014-09-09,22.31999969482422,22.389999389648438,22.290000915527344,22.3700008392334,9.147890090942383,21900
2014-09-10,22.260000228881836,22.459999084472656,22.09000015258789,22.459999084472656,9.184690475463867,24100
2014-09-11,22.31999969482422,22.350000381469727,22.239999771118164,22.270000457763672,9.106993675231934,15700
2014-09-12,22.149999618530273,22.219999313354492,21.719999313354492,22.0,8.99658203125,80300
2014-09-15,22.0,22.0,21.850000381469727,21.93000030517578,8.967955589294434,34700
2014-09-16,21.799999237060547,22.040000915527344,21.760000228881836,21.790000915527344,8.910704612731934,36500
2014-09-17,21.84000015258789,21.84000015258789,21.739999771118164,21.829999923706055,8.92706298828125,23000
2014-09-18,21.889999389648438,21.889999389648438,21.739999771118164,21.780000686645508,8.9066162109375,41300
2014-09-19,21.719999313354492,21.739999771118164,21.610000610351562,21.6200008392334,8.841185569763184,89000
2014-09-22,21.56999969482422,21.59000015258789,21.479999542236328,21.5,8.792113304138184,41900
2014-09-23,21.450000762939453,21.56999969482422,21.43000030517578,21.43000030517578,8.763487815856934,13500
2014-09-24,21.5,21.549999237060547,21.209999084472656,21.459999084472656,8.775755882263184,57400
2014-09-25,21.209999084472656,21.219999313354492,21.1200008392334,21.18000030517578,8.6612548828125,65200
2014-09-26,21.209999084472656,21.350000381469727,21.209999084472656,21.239999771118164,8.685791015625,25200
2014-09-29,20.989999771118164,20.989999771118164,20.860000610351562,20.8700008392334,8.53448486328125,20500
2014-09-30,20.860000610351562,20.920000076293945,20.799999237060547,20.81999969482422,8.514037132263184,40200
2014-10-01,20.670000076293945,20.75,20.6299991607666,20.65999984741211,8.448607444763184,36400
2014-10-02,20.59000015258789,20.709999084472656,20.440000534057617,20.670000076293945,8.452696800231934,32000
2014-10-03,20.90999984741211,20.90999984741211,20.760000228881836,20.829999923706055,8.518126487731934,49500
2014-10-06,20.889999389648438,21.079999923706055,20.889999389648438,21.010000228881836,8.59173583984375,41800
2014-10-07,21.059999465942383,21.059999465942383,20.8799991607666,20.90999984741211,8.550840377807617,16900
2014-10-08,20.860000610351562,21.25,20.860000610351562,21.25,8.68988037109375,47700
2014-10-09,21.280000686645508,21.280000686645508,20.899999618530273,20.940000534057617,8.563108444213867,33400
2014-10-10,20.889999389648438,20.90999984741211,20.75,20.75,8.48541259765625,37400
2014-10-13,20.8799991607666,20.920000076293945,20.559999465942383,20.559999465942383,8.407713890075684,31200
2014-10-14,20.40999984741211,20.610000610351562,20.299999237060547,20.510000228881836,8.38726806640625,68500
2014-10-15,20.25,20.469999313354492,20.239999771118164,20.469999313354492,8.37091064453125,45500
2014-10-16,20.260000228881836,20.6200008392334,20.25,20.459999084472656,8.366819381713867,11900
2014-10-17,20.5,20.8799991607666,20.5,20.600000381469727,8.424072265625,41200
2014-10-20,20.700000762939453,20.739999771118164,20.6299991607666,20.700000762939453,8.4649658203125,22300
2014-10-21,20.75,20.950000762939453,20.75,20.8799991607666,8.538572311401367,14000
2014-10-22,20.899999618530273,20.979999542236328,20.84000015258789,20.889999389648438,8.542662620544434,19700
2014-10-23,20.93000030517578,21.049999237060547,20.93000030517578,21.0,8.587645530700684,38400
2014-10-24,20.90999984741211,21.079999923706055,20.899999618530273,20.989999771118164,8.58355712890625,12000
2014-10-27,20.799999237060547,20.850000381469727,20.75,20.780000686645508,8.497681617736816,11600
2014-10-28,20.959999084472656,21.1299991607666,20.93000030517578,21.100000381469727,8.628539085388184,27300
2014-10-29,21.270000457763672,21.290000915527344,21.139999389648438,21.15999984741211,8.653076171875,29300
2014-10-30,21.020000457763672,21.31999969482422,21.020000457763672,21.200000762939453,8.669432640075684,14200
2014-10-31,21.350000381469727,21.520000457763672,21.34000015258789,21.440000534057617,8.767578125,58700
2014-11-03,21.3700008392334,21.489999771118164,21.309999465942383,21.3700008392334,8.738951683044434,14300
2014-11-04,21.420000076293945,21.450000762939453,21.25,21.3799991607666,8.7430419921875,22600
2014-11-05,21.280000686645508,21.360000610351562,21.25,21.360000610351562,8.73486328125,13600
2014-11-06,21.260000228881836,21.260000228881836,21.170000076293945,21.239999771118164,8.685791015625,15800
2014-11-07,21.1200008392334,21.280000686645508,21.1200008392334,21.229999542236328,8.681700706481934,8700
2014-11-10,21.34000015258789,21.440000534057617,21.06999969482422,21.350000381469727,8.73077392578125,31400
2014-11-11,21.31999969482422,21.440000534057617,21.31999969482422,21.440000534057617,8.767578125,8200
2014-11-12,21.34000015258789,21.479999542236328,21.299999237060547,21.469999313354492,8.779845237731934,25900
2014-11-13,21.530000686645508,21.610000610351562,21.5,21.56999969482422,8.82073974609375,28500
2014-11-14,21.639999389648438,21.780000686645508,21.56999969482422,21.780000686645508,8.9066162109375,37100
2014-11-17,21.559999465942383,21.59000015258789,21.459999084472656,21.549999237060547,8.81256103515625,18500
2014-11-18,21.440000534057617,21.440000534057617,21.239999771118164,21.31999969482422,8.718504905700684,24300
2014-11-19,21.309999465942383,21.350000381469727,21.18000030517578,21.190000534057617,8.66534423828125,34500
2014-11-20,21.219999313354492,21.3700008392334,21.200000762939453,21.299999237060547,8.710325241088867,24000
2014-11-21,21.6200008392334,21.799999237060547,21.6200008392334,21.780000686645508,8.9066162109375,31900
2014-11-24,21.65999984741211,21.850000381469727,21.6200008392334,21.84000015258789,8.931151390075684,32200
2014-11-25,21.790000915527344,21.809999465942383,21.709999084472656,21.760000228881836,8.898436546325684,30000
2014-11-26,21.940000534057617,22.110000610351562,21.700000762939453,22.040000915527344,9.012938499450684,44800
2014-11-28,21.979999542236328,21.979999542236328,21.84000015258789,21.920000076293945,8.963866233825684,11200
2014-12-01,21.709999084472656,21.709999084472656,21.34000015258789,21.459999084472656,8.775755882263184,89200
2014-12-02,21.65999984741211,21.940000534057617,21.65999984741211,21.799999237060547,8.914794921875,32400
2014-12-03,21.709999084472656,21.790000915527344,21.65999984741211,21.729999542236328,8.886168479919434,28400
2014-12-04,22.1200008392334,22.360000610351562,22.079999923706055,22.290000915527344,9.115172386169434,65500
2014-12-05,22.360000610351562,22.3700008392334,22.270000457763672,22.329999923706055,9.1315279006958,37300
2014-12-08,22.31999969482422,22.670000076293945,22.149999618530273,22.40999984741211,9.16424560546875,59700
2014-12-09,22.0,22.209999084472656,21.790000915527344,22.139999389648438,9.053831100463867,89300
2014-12-10,22.239999771118164,22.399999618530273,22.1299991607666,22.190000534057617,9.074278831481934,69600
2014-12-11,22.260000228881836,22.270000457763672,22.079999923706055,22.09000015258789,9.03338623046875,35400
2014-12-12,21.889999389648438,21.989999771118164,21.719999313354492,21.799999237060547,8.914794921875,27800
2014-12-15,21.979999542236328,22.280000686645508,21.799999237060547,22.030000686645508,9.008851051330566,60100
2014-12-16,21.729999542236328,21.93000030517578,21.719999313354492,21.790000915527344,8.910704612731934,132600
2014-12-17,21.540000915527344,21.8799991607666,21.0,21.850000381469727,8.935240745544434,94000
2014-12-18,18.25,18.3799991607666,17.899999618530273,18.139999389648438,8.962413787841797,157100
2014-12-19,18.25,18.25,17.8700008392334,17.959999084472656,8.873481750488281,67700
2014-12-22,17.799999237060547,18.520000457763672,17.770000457763672,18.030000686645508,8.90806770324707,143100
2014-12-23,17.959999084472656,17.959999084472656,17.610000610351562,17.639999389648438,8.71537971496582,67700
2014-12-24,17.5,17.790000915527344,17.5,17.719999313354492,8.754904747009277,35200
2014-12-26,18.030000686645508,18.110000610351562,17.959999084472656,18.020000457763672,8.903125762939453,56800
2014-12-29,18.020000457763672,18.020000457763672,17.739999771118164,17.760000228881836,8.774669647216797,197000
2014-12-30,17.75,18.190000534057617,17.719999313354492,18.040000915527344,8.913007736206055,80300
2014-12-31,18.149999618530273,18.260000228881836,18.100000381469727,18.229999542236328,9.006880760192871,63900
2015-01-02,18.440000534057617,18.5,18.309999465942383,18.489999771118164,9.135339736938477,50000
2015-01-05,18.68000030517578,18.760000228881836,18.5,18.649999618530273,9.21438980102539,202800
2015-01-06,18.639999389648438,18.8700008392334,18.59000015258789,18.729999542236328,9.253914833068848,244200
2015-01-07,18.93000030517578,18.959999084472656,18.770000457763672,18.899999618530273,9.337906837463379,45500
2015-01-08,18.969999313354492,19.049999237060547,18.809999465942383,19.010000228881836,9.392255783081055,28600
2015-01-09,18.979999542236328,19.06999969482422,18.770000457763672,18.770000457763672,9.27367877960205,50700
2015-01-12,18.8799991607666,18.93000030517578,18.75,18.8799991607666,9.32802677154541,28300
2015-01-13,19.049999237060547,19.3700008392334,19.030000686645508,19.09000015258789,9.431780815124512,83500
2015-01-14,19.040000915527344,19.229999542236328,18.75,19.1299991607666,9.45154094696045,20900
2015-01-15,19.389999389648438,19.399999618530273,19.200000762939453,19.200000762939453,9.486128807067871,24900
2015-01-16,19.110000610351562,19.200000762939453,19.059999465942383,19.110000610351562,9.441661834716797,14600
2015-01-20,19.149999618530273,19.15999984741211,18.950000762939453,19.030000686645508,9.40213680267334,65400
2015-01-21,19.079999923706055,19.100000381469727,18.90999984741211,19.040000915527344,9.40707778930664,42500
2015-01-22,19.06999969482422,19.270000457763672,19.040000915527344,19.270000457763672,9.520712852478027,26800
2015-01-23,19.15999984741211,19.309999465942383,19.139999389648438,19.25,9.510830879211426,33100
2015-01-26,19.3799991607666,19.440000534057617,19.25,19.360000610351562,9.565179824829102,28800
2015-01-27,19.139999389648438,19.350000381469727,19.139999389648438,19.31999969482422,9.545416831970215,16400
2015-01-28,19.360000610351562,19.360000610351562,19.06999969482422,19.1299991607666,9.45154094696045,15600
2015-01-29,19.1299991607666,19.219999313354492,19.0,19.079999923706055,9.426838874816895,34200
2015-01-30,18.950000762939453,19.1200008392334,18.709999084472656,18.709999084472656,9.244032859802246,27000
2015-02-02,18.760000228881836,18.889999389648438,18.510000228881836,18.6200008392334,9.199568748474121,61200
2015-02-03,18.75,18.8799991607666,18.530000686645508,18.8700008392334,9.323084831237793,60100
2015-02-04,18.8799991607666,18.989999771118164,18.719999313354492,18.760000228881836,9.26873779296875,19900
2015-02-05,18.760000228881836,18.860000610351562,18.670000076293945,18.850000381469727,9.313202857971191,18900
2015-02-06,18.739999771118164,18.799999237060547,18.600000381469727,18.6200008392334,9.199568748474121,104600
2015-02-09,18.530000686645508,18.65999984741211,18.530000686645508,18.559999465942383,9.169922828674316,29700
2015-02-10,18.579999923706055,18.700000762939453,18.549999237060547,18.59000015258789,9.184745788574219,12100
2015-02-11,18.520000457763672,18.579999923706055,18.5,18.520000457763672,9.150161743164062,17000
2015-02-12,18.610000610351562,18.760000228881836,18.56999969482422,18.700000762939453,9.239092826843262,26300
2015-02-13,18.780000686645508,18.81999969482422,18.760000228881836,18.799999237060547,9.28849983215332,22400
2015-02-17,18.75,18.809999465942383,18.700000762939453,18.719999313354492,9.248974800109863,24200
2015-02-18,18.790000915527344,18.790000915527344,18.670000076293945,18.719999313354492,9.248974800109863,18100
2015-02-19,18.559999465942383,18.75,18.559999465942383,18.639999389648438,9.209446907043457,24800
2015-02-20,18.59000015258789,18.75,18.59000015258789,18.729999542236328,9.253914833068848,37800
2015-02-23,18.75,18.75,18.6200008392334,18.670000076293945,9.224271774291992,32900
2015-02-24,18.670000076293945,18.8799991607666,18.670000076293945,18.860000610351562,9.318142890930176,27400
2015-02-25,18.84000015258789,18.8799991607666,18.729999542236328,18.860000610351562,9.318142890930176,102900
2015-02-26,18.84000015258789,18.93000030517578,18.84000015258789,18.93000030517578,9.352728843688965,16100
2015-02-27,18.959999084472656,19.0,18.920000076293945,18.989999771118164,9.382372856140137,18000
2015-03-02,18.899999618530273,19.0,18.8799991607666,18.989999771118164,9.382372856140137,29000
2015-03-03,18.969999313354492,18.989999771118164,18.8799991607666,18.90999984741211,9.34284782409668,31300
2015-03-04,18.950000762939453,18.950000762939453,18.709999084472656,18.75,9.26379680633545,28500
2015-03-05,18.75,18.780000686645508,18.639999389648438,18.719999313354492,9.248974800109863,38600
2015-03-06,18.719999313354492,18.729999542236328,18.6299991607666,18.68000030517578,9.229212760925293,47100
2015-03-09,18.770000457763672,18.860000610351562,18.75,18.780000686645508,9.278618812561035,39300
2015-03-10,18.690000534057617,18.690000534057617,18.5,18.520000457763672,9.150161743164062,28700
2015-03-11,18.520000457763672,18.600000381469727,18.520000457763672,18.540000915527344,9.160042762756348,87900
2015-03-12,18.6200008392334,18.729999542236328,18.610000610351562,18.639999389648438,9.209446907043457,23200
2015-03-13,18.639999389648438,18.639999389648438,18.549999237060547,18.600000381469727,9.18968677520752,10700
2015-03-16,18.670000076293945,18.81999969482422,18.670000076293945,18.770000457763672,9.27367877960205,44800
2015-03-17,18.6299991607666,18.850000381469727,18.6299991607666,18.799999237060547,9.28849983215332,45500
2015-03-18,18.84000015258789,19.139999389648438,18.75,19.110000610351562,9.441661834716797,61400
2015-03-19,19.149999618530273,19.149999618530273,19.030000686645508,19.100000381469727,9.436721801757812,23100
2015-03-20,19.110000610351562,19.200000762939453,19.110000610351562,19.190000534057617,9.481186866760254,16100
2015-03-23,19.18000030517578,19.18000030517578,19.100000381469727,19.139999389648438,9.456482887268066,22400
2015-03-24,19.139999389648438,19.190000534057617,19.100000381469727,19.139999389648438,9.456482887268066,23500
2015-03-25,18.940000534057617,19.219999313354492,18.799999237060547,19.020000457763672,9.397194862365723,43200
2015-03-26,18.979999542236328,19.079999923706055,18.93000030517578,19.030000686645508,9.40213680267334,37500
2015-03-27,19.040000915527344,19.1299991607666,19.030000686645508,19.1200008392334,9.446603775024414,38700
2015-03-30,19.270000457763672,19.530000686645508,19.25,19.520000457763672,9.644229888916016,79700
2015-03-31,19.450000762939453,19.469999313354492,19.350000381469727,19.350000381469727,9.560236930847168,23600
2015-04-01,19.40999984741211,19.670000076293945,19.290000915527344,19.559999465942383,9.663991928100586,52100
2015-04-02,19.700000762939453,19.860000610351562,19.59000015258789,19.84000015258789,9.80233097076416,27900
2015-04-06,19.84000015258789,20.059999465942383,19.84000015258789,20.059999465942383,9.911026000976562,45400
2015-04-07,20.100000381469727,20.149999618530273,20.059999465942383,20.06999969482422,9.91596794128418,17500
2015-04-08,20.600000381469727,20.850000381469727,20.559999465942383,20.850000381469727,10.301342010498047,120100
2015-04-09,21.280000686645508,21.469999313354492,21.1200008392334,21.440000534057617,10.592844009399414,108500
2015-04-10,21.239999771118164,21.31999969482422,21.079999923706055,21.290000915527344,10.518733024597168,25300
2015-04-13,21.489999771118164,21.610000610351562,21.299999237060547,21.450000762939453,10.597783088684082,129200
2015-04-14,21.5,21.549999237060547,21.299999237060547,21.489999771118164,10.617546081542969,241000
2015-04-15,21.40999984741211,21.579999923706055,21.40999984741211,21.56999969482422,10.657072067260742,120100
2015-04-16,21.600000381469727,21.760000228881836,21.600000381469727,21.75,10.746003150939941,118300
2015-04-17,21.299999237060547,21.34000015258789,21.059999465942383,21.290000915527344,10.518733024597168,142500
2015-04-20,21.350000381469727,21.530000686645508,21.350000381469727,21.489999771118164,10.617546081542969,60900
2015-04-21,21.670000076293945,21.780000686645508,21.450000762939453,21.549999237060547,10.647191047668457,125200
2015-04-22,21.719999313354492,21.899999618530273,21.719999313354492,21.850000381469727,10.795411109924316,33300
2015-04-23,21.8799991607666,22.0,21.799999237060547,21.979999542236328,10.859640121459961,82100
2015-04-24,22.0,22.1299991607666,22.0,22.06999969482422,10.904107093811035,101900
2015-04-27,22.1299991607666,22.239999771118164,22.1299991607666,22.219999313354492,10.978216171264648,50800
2015-04-28,22.219999313354492,22.239999771118164,22.1200008392334,22.209999084472656,10.973276138305664,50500
2015-04-29,22.06999969482422,22.1299991607666,22.020000457763672,22.079999923706055,10.909046173095703,94400
2015-04-30,21.940000534057617,21.969999313354492,21.84000015258789,21.90999984741211,10.825054168701172,58300
2015-05-01,21.8700008392334,22.040000915527344,21.8700008392334,22.010000228881836,10.874462127685547,18600
2015-05-04,22.0,22.18000030517578,21.979999542236328,22.18000030517578,10.958454132080078,43100
2015-05-05,21.780000686645508,21.81999969482422,21.559999465942383,21.559999465942383,10.652131080627441,178000
2015-05-06,21.440000534057617,21.600000381469727,21.309999465942383,21.3700008392334,10.558258056640625,29600
2015-05-07,21.209999084472656,21.329999923706055,21.200000762939453,21.329999923706055,10.538494110107422,9000
2015-05-08,21.40999984741211,21.540000915527344,21.270000457763672,21.34000015258789,10.543435096740723,119800
2015-05-11,21.389999389648438,21.520000457763672,21.280000686645508,21.290000915527344,10.518733024597168,49700
2015-05-12,21.239999771118164,21.3700008392334,21.219999313354492,21.270000457763672,10.508851051330566,47100
2015-05-13,21.299999237060547,21.299999237060547,21.209999084472656,21.239999771118164,10.494029998779297,19700
2015-05-14,21.229999542236328,21.350000381469727,21.190000534057617,21.350000381469727,10.54837703704834,15000
2015-05-15,21.489999771118164,21.59000015258789,21.479999542236328,21.530000686645508,10.637309074401855,44800
2015-05-18,21.290000915527344,21.520000457763672,21.290000915527344,21.520000457763672,10.632369041442871,34500
2015-05-19,21.670000076293945,21.670000076293945,21.530000686645508,21.649999618530273,10.696596145629883,69900
2015-05-20,21.559999465942383,21.6299991607666,21.510000228881836,21.600000381469727,10.671895027160645,32600
2015-05-21,21.649999618530273,21.690000534057617,21.540000915527344,21.6299991607666,10.68671703338623,22800
2015-05-22,21.850000381469727,21.979999542236328,21.799999237060547,21.90999984741211,10.825054168701172,150800
2015-05-26,22.06999969482422,22.139999389648438,21.989999771118164,21.989999771118164,10.864580154418945,46600
2015-05-27,22.020000457763672,22.15999984741211,21.940000534057617,22.09000015258789,10.91398811340332,102100
2015-05-28,21.399999618530273,21.770000457763672,21.350000381469727,21.75,10.746003150939941,146800
2015-05-29,21.510000228881836,21.670000076293945,21.510000228881836,21.639999389648438,10.691656112670898,55100
2015-06-01,21.860000610351562,21.889999389648438,21.770000457763672,21.829999923706055,10.785531044006348,37800
2015-06-02,21.709999084472656,21.920000076293945,21.709999084472656,21.860000610351562,10.800353050231934,49400
2015-06-03,21.81999969482422,21.950000762939453,21.68000030517578,21.760000228881836,10.750945091247559,141200
2015-06-04,21.579999923706055,21.649999618530273,21.459999084472656,21.520000457763672,10.632369041442871,45400
2015-06-05,21.420000076293945,21.420000076293945,21.18000030517578,21.309999465942383,10.528613090515137,42300
2015-06-08,21.309999465942383,21.3799991607666,21.149999618530273,21.280000686645508,10.513792037963867,109600
2015-06-09,21.06999969482422,21.09000015258789,20.940000534057617,21.0,10.375452041625977,58800
2015-06-10,20.770000457763672,20.889999389648438,20.75,20.829999923706055,10.291460037231445,85800
2015-06-11,20.899999618530273,20.93000030517578,20.84000015258789,20.90999984741211,10.330985069274902,41700
2015-06-12,20.950000762939453,21.079999923706055,20.940000534057617,21.059999465942383,10.405096054077148,68600
2015-06-15,20.68000030517578,20.860000610351562,20.6200008392334,20.81999969482422,10.286519050598145,81400
2015-06-16,20.68000030517578,20.690000534057617,20.579999923706055,20.6200008392334,10.18770694732666,12600
2015-06-17,20.700000762939453,20.700000762939453,20.549999237060547,20.600000381469727,10.177824974060059,66900
2015-06-18,20.579999923706055,20.68000030517578,20.549999237060547,20.6299991607666,10.192645072937012,11600
2015-06-19,20.5,20.639999389648438,20.399999618530273,20.5,10.128418922424316,30000
2015-06-22,20.530000686645508,20.719999313354492,20.530000686645508,20.649999618530273,10.202528953552246,41900
2015-06-23,20.829999923706055,20.829999923706055,20.610000610351562,20.729999542236328,10.242053031921387,65000
2015-06-24,20.670000076293945,20.889999389648438,20.670000076293945,20.81999969482422,10.286519050598145,32800
2015-06-25,20.760000228881836,20.790000915527344,20.719999313354492,20.729999542236328,10.242053031921387,21100
2015-06-26,20.25,20.56999969482422,20.200000762939453,20.299999237060547,10.029603958129883,63100
2015-06-29,19.989999771118164,19.989999771118164,19.5,19.510000228881836,9.639290809631348,38200
2015-06-30,19.889999389648438,19.93000030517578,19.760000228881836,19.8700008392334,9.817154884338379,60400
2015-07-01,19.860000610351562,20.15999984741211,19.860000610351562,20.030000686645508,9.89620590209961,25600
2015-07-02,20.049999237060547,20.18000030517578,19.979999542236328,19.979999542236328,9.871500968933105,28400
2015-07-06,19.440000534057617,19.639999389648438,19.270000457763672,19.459999084472656,9.614584922790527,91100
2015-07-07,19.100000381469727,19.100000381469727,18.350000381469727,18.729999542236328,9.253914833068848,140600
2015-07-08,18.09000015258789,18.139999389648438,17.559999465942383,17.610000610351562,8.700557708740234,127300
2015-07-09,18.260000228881836,18.520000457763672,18.049999237060547,18.260000228881836,9.02170181274414,254200
2015-07-10,18.950000762939453,18.950000762939453,18.5,18.809999465942383,9.293439865112305,68400
2015-07-13,18.790000915527344,18.93000030517578,18.700000762939453,18.84000015258789,9.308262825012207,52800
2015-07-14,18.75,18.950000762939453,18.729999542236328,18.920000076293945,9.347786903381348,48200
2015-07-15,18.81999969482422,18.81999969482422,18.639999389648438,18.690000534057617,9.234152793884277,58200
2015-07-16,18.90999984741211,19.190000534057617,18.760000228881836,18.950000762939453,9.362611770629883,78600
2015-07-17,19.100000381469727,19.100000381469727,18.950000762939453,19.0,9.387313842773438,12600
2015-07-20,18.8799991607666,18.969999313354492,18.760000228881836,18.860000610351562,9.318142890930176,35900
2015-07-21,19.010000228881836,19.049999237060547,18.889999389648438,18.889999389648438,9.332966804504395,20700
2015-07-22,18.8700008392334,18.8700008392334,18.790000915527344,18.799999237060547,9.28849983215332,10400
2015-07-23,18.809999465942383,18.889999389648438,18.770000457763672,18.809999465942383,9.293439865112305,50800
2015-07-24,18.65999984741211,18.75,18.549999237060547,18.559999465942383,9.169922828674316,38600
2015-07-27,18.040000915527344,18.1200008392334,17.709999084472656,17.889999389648438,8.838897705078125,130200
2015-07-28,18.049999237060547,18.049999237060547,17.760000228881836,18.049999237060547,8.917947769165039,46500
2015-07-29,18.0,18.170000076293945,17.81999969482422,17.940000534057617,8.863601684570312,54700
2015-07-30,17.709999084472656,17.81999969482422,17.59000015258789,17.719999313354492,8.754904747009277,33200
2015-07-31,17.8700008392334,18.0,17.75,17.75,8.769726753234863,17200
2015-08-03,17.68000030517578,17.68000030517578,17.5,17.530000686645508,8.661032676696777,57300
2015-08-04,17.559999465942383,17.799999237060547,17.549999237060547,17.68000030517578,8.735143661499023,70100
2015-08-05,17.739999771118164,17.959999084472656,17.6299991607666,17.809999465942383,8.799370765686035,62700
2015-08-06,17.760000228881836,17.760000228881836,17.530000686645508,17.6200008392334,8.705499649047852,10700
2015-08-07,17.639999389648438,17.639999389648438,17.459999084472656,17.610000610351562,8.700557708740234,12800
2015-08-10,17.81999969482422,17.940000534057617,17.68000030517578,17.860000610351562,8.824075698852539,38700
2015-08-11,17.540000915527344,17.610000610351562,17.440000534057617,17.489999771118164,8.64126968383789,35200
2015-08-12,17.229999542236328,17.399999618530273,17.079999923706055,17.200000762939453,8.497989654541016,28700
2015-08-13,17.290000915527344,17.3799991607666,17.229999542236328,17.260000228881836,8.527634620666504,31400
2015-08-14,17.299999237060547,17.329999923706055,17.229999542236328,17.299999237060547,8.547395706176758,21900
2015-08-17,17.200000762939453,17.25,17.100000381469727,17.229999542236328,8.512811660766602,16900
2015-08-18,16.969999313354492,16.969999313354492,16.610000610351562,16.889999389648438,8.344827651977539,57800
2015-08-19,16.729999542236328,16.729999542236328,16.420000076293945,16.540000915527344,8.171904563903809,32200
2015-08-20,16.280000686645508,16.299999237060547,16.15999984741211,16.190000534057617,7.9989800453186035,29600
2015-08-21,15.989999771118164,16.010000228881836,15.720000267028809,15.720000267028809,7.766767501831055,56600
2015-08-24,14.25,15.119999885559082,14.25,14.640000343322754,7.233172416687012,132500
2015-08-25,15.569999694824219,15.850000381469727,15.149999618530273,15.149999618530273,7.485147953033447,91700
2015-08-26,15.0,15.4399995803833,14.859999656677246,15.289999961853027,7.554316997528076,112600
2015-08-27,15.460000038146973,16.079999923706055,15.460000038146973,16.079999923706055,7.944631576538086,139300
2015-08-28,15.789999961853027,15.920000076293945,15.710000038146973,15.75,7.781589508056641,36000
2015-08-31,15.720000267028809,15.850000381469727,15.609999656677246,15.8100004196167,7.8112335205078125,33800
2015-09-01,15.34000015258789,15.630000114440918,15.34000015258789,15.470000267028809,7.643249034881592,59900
2015-09-02,15.539999961853027,15.640000343322754,15.470000267028809,15.59000015258789,7.702538013458252,53500
2015-09-03,15.710000038146973,15.850000381469727,15.619999885559082,15.75,7.781589508056641,46500
2015-09-04,15.359999656677246,15.460000038146973,15.289999961853027,15.350000381469727,7.5839619636535645,85400
2015-09-08,16.040000915527344,16.3799991607666,15.970000267028809,16.290000915527344,8.048386573791504,87300
2015-09-09,16.639999389648438,16.700000762939453,16.309999465942383,16.3700008392334,8.087912559509277,78200
2015-09-10,16.209999084472656,16.350000381469727,16.18000030517578,16.219999313354492,8.013800621032715,20400
2015-09-11,16.15999984741211,16.25,16.010000228881836,16.200000762939453,8.003922462463379,39400
2015-09-14,16.09000015258789,16.219999313354492,16.030000686645508,16.219999313354492,8.013800621032715,27300
2015-09-15,16.25,16.270000457763672,16.15999984741211,16.260000228881836,8.033565521240234,49200
2015-09-16,16.399999618530273,16.6200008392334,16.399999618530273,16.59000015258789,8.19660758972168,40800
2015-09-17,16.399999618530273,16.760000228881836,16.25,16.479999542236328,8.142260551452637,18000
2015-09-18,16.3799991607666,16.40999984741211,16.239999771118164,16.34000015258789,8.073090553283691,13700
2015-09-21,16.420000076293945,16.639999389648438,16.399999618530273,16.540000915527344,8.171904563903809,28800
2015-09-22,16.290000915527344,16.450000762939453,16.229999542236328,16.450000762939453,8.127437591552734,30700
2015-09-23,16.31999969482422,16.420000076293945,16.1299991607666,16.170000076293945,7.989099502563477,53900
2015-09-24,16.059999465942383,16.100000381469727,15.84000015258789,16.079999923706055,7.944631576538086,14000
2015-09-25,16.170000076293945,16.260000228881836,15.949999809265137,15.970000267028809,7.890283584594727,34100
2015-09-28,15.760000228881836,15.880000114440918,15.5600004196167,15.65999984741211,7.737123489379883,36400
2015-09-29,15.680000305175781,15.720000267028809,15.5,15.609999656677246,7.712419509887695,37200
2015-09-30,15.9399995803833,16.049999237060547,15.84000015258789,15.90999984741211,7.860639572143555,26900
2015-10-01,16.010000228881836,16.010000228881836,15.739999771118164,15.850000381469727,7.830996513366699,20400
2015-10-02,15.880000114440918,16.190000534057617,15.800000190734863,16.18000030517578,7.9940385818481445,58100
2015-10-05,16.280000686645508,16.56999969482422,16.260000228881836,16.549999237060547,8.176844596862793,29100
2015-10-06,16.610000610351562,16.610000610351562,16.3700008392334,16.600000381469727,8.20154857635498,42100
2015-10-07,16.780000686645508,17.229999542236328,16.780000686645508,17.110000610351562,8.453524589538574,98200
2015-10-08,16.950000762939453,17.200000762939453,16.860000610351562,17.170000076293945,8.483168601989746,48000
2015-10-09,17.049999237060547,17.149999618530273,16.989999771118164,17.049999237060547,8.42387866973877,22300
2015-10-12,17.190000534057617,17.190000534057617,17.06999969482422,17.170000076293945,8.483168601989746,15500
2015-10-13,17.040000915527344,17.110000610351562,16.93000030517578,16.989999771118164,8.394234657287598,43400
2015-10-14,17.049999237060547,17.079999923706055,16.979999542236328,17.059999465942383,8.428818702697754,10500
2015-10-15,17.290000915527344,17.3799991607666,17.229999542236328,17.3799991607666,8.586922645568848,76000
2015-10-16,17.299999237060547,17.579999923706055,17.299999237060547,17.510000228881836,8.651150703430176,40500
2015-10-19,17.389999389648438,17.530000686645508,17.3799991607666,17.469999313354492,8.631388664245605,26400
2015-10-20,17.399999618530273,17.5,17.3700008392334,17.440000534057617,8.616565704345703,23000
2015-10-21,17.34000015258789,17.34000015258789,17.09000015258789,17.239999771118164,8.517752647399902,118300
2015-10-22,17.399999618530273,17.540000915527344,17.389999389648438,17.489999771118164,8.64126968383789,21100
2015-10-23,17.700000762939453,17.850000381469727,17.670000076293945,17.770000457763672,8.779608726501465,50300
2015-10-26,17.6200008392334,17.709999084472656,17.56999969482422,17.65999984741211,8.725260734558105,85100
2015-10-27,17.6200008392334,17.65999984741211,17.530000686645508,17.6299991607666,8.71043872833252,24400
2015-10-28,17.549999237060547,17.6200008392334,17.399999618530273,17.510000228881836,8.651150703430176,76300
2015-10-29,17.3700008392334,17.450000762939453,17.309999465942383,17.43000030517578,8.611625671386719,13800
2015-10-30,17.520000457763672,17.540000915527344,17.3799991607666,17.489999771118164,8.64126968383789,34500
2015-11-02,17.440000534057617,17.440000534057617,17.309999465942383,17.389999389648438,8.5918607711792,41300
2015-11-03,17.350000381469727,17.489999771118164,17.309999465942383,17.469999313354492,8.631388664245605,27900
2015-11-04,17.770000457763672,17.770000457763672,17.68000030517578,17.75,8.769726753234863,26900
2015-11-05,17.770000457763672,17.8700008392334,17.75,17.860000610351562,8.824075698852539,23500
2015-11-06,17.75,17.8799991607666,17.670000076293945,17.770000457763672,8.779608726501465,37200
2015-11-09,17.739999771118164,17.770000457763672,17.3700008392334,17.3700008392334,8.581981658935547,50200
2015-11-10,17.299999237060547,17.299999237060547,17.15999984741211,17.18000030517578,8.48810863494873,45000
2015-11-11,17.170000076293945,17.280000686645508,17.170000076293945,17.25,8.522693634033203,108500
2015-11-12,17.280000686645508,17.420000076293945,17.239999771118164,17.270000457763672,8.532573699951172,36900
2015-11-13,17.149999618530273,17.149999618530273,16.950000762939453,17.06999969482422,8.433760643005371,32900
2015-11-16,17.110000610351562,17.239999771118164,17.020000457763672,17.149999618530273,8.473286628723145,69300
2015-11-17,17.200000762939453,17.200000762939453,16.920000076293945,17.139999389648438,8.468344688415527,70600
2015-11-18,17.079999923706055,17.1299991607666,16.899999618530273,17.049999237060547,8.42387866973877,19700
2015-11-19,17.200000762939453,17.3799991607666,17.170000076293945,17.3799991607666,8.586922645568848,8500
2015-11-20,17.459999084472656,17.5,17.329999923706055,17.34000015258789,8.567158699035645,23000
2015-11-23,17.34000015258789,17.420000076293945,17.219999313354492,17.3700008392334,8.581981658935547,15500
2015-11-24,17.270000457763672,17.34000015258789,17.059999465942383,17.34000015258789,8.567158699035645,37000
2015-11-25,17.309999465942383,17.309999465942383,17.09000015258789,17.190000534057617,8.493049621582031,40400
2015-11-27,17.0,17.030000686645508,16.899999618530273,16.93000030517578,8.364590644836426,28600
2015-11-30,16.93000030517578,17.010000228881836,16.8700008392334,16.959999084472656,8.379413604736328,111600
2015-12-01,17.09000015258789,17.200000762939453,17.059999465942383,17.200000762939453,8.497989654541016,50000
2015-12-02,17.299999237060547,17.389999389648438,17.15999984741211,17.239999771118164,8.517752647399902,22600
2015-12-03,17.280000686645508,17.309999465942383,17.209999084472656,17.239999771118164,8.517752647399902,42300
2015-12-04,17.200000762939453,17.309999465942383,17.200000762939453,17.260000228881836,8.527634620666504,9200
2015-12-07,17.1200008392334,17.190000534057617,16.940000534057617,17.079999923706055,8.438701629638672,26900
2015-12-08,16.860000610351562,16.959999084472656,16.43000030517578,16.950000762939453,8.374472618103027,35500
2015-12-09,16.899999618530273,17.09000015258789,16.8799991607666,17.020000457763672,8.4090576171875,28300
2015-12-10,16.969999313354492,16.969999313354492,16.829999923706055,16.920000076293945,8.359649658203125,21600
2015-12-11,16.549999237060547,16.6299991607666,16.549999237060547,16.549999237060547,8.176844596862793,15400
2015-12-14,16.690000534057617,16.690000534057617,16.399999618530273,16.450000762939453,8.127437591552734,42900
2015-12-15,16.68000030517578,16.68000030517578,16.280000686645508,16.3700008392334,8.087912559509277,40800
2015-12-16,16.5,16.510000228881836,16.34000015258789,16.43000030517578,8.117555618286133,75800
2015-12-17,16.309999465942383,16.549999237060547,16.299999237060547,16.43000030517578,8.117555618286133,42500
2015-12-18,16.530000686645508,16.760000228881836,16.530000686645508,16.649999618530273,8.226250648498535,35100
2015-12-21,16.559999465942383,16.670000076293945,16.5,16.530000686645508,8.166963577270508,45500
2015-12-22,16.510000228881836,16.829999923706055,16.510000228881836,16.790000915527344,8.29542064666748,69900
2015-12-23,15.390000343322754,15.539999961853027,15.0600004196167,15.300000190734863,8.298675537109375,59200
2015-12-24,15.3100004196167,15.399999618530273,15.239999771118164,15.390000343322754,8.347491264343262,27000
2015-12-28,15.050000190734863,15.300000190734863,15.050000190734863,15.260000228881836,8.276979446411133,53600
2015-12-29,15.319999694824219,15.380000114440918,15.260000228881836,15.369999885559082,8.336642265319824,53800
2015-12-30,15.270000457763672,15.300000190734863,15.180000305175781,15.25,8.27155590057373,89300
2015-12-31,15.34000015258789,15.920000076293945,15.34000015258789,15.520000457763672,8.41800308227539,57000
2016-01-04,15.010000228881836,15.130000114440918,14.989999771118164,15.029999732971191,8.152228355407715,12700
2016-01-05,15.020000457763672,15.180000305175781,15.020000457763672,15.119999885559082,8.201043128967285,13000
2016-01-06,15.15999984741211,15.229999542236328,14.970000267028809,15.0,8.135956764221191,73100
2016-01-07,14.869999885559082,15.1899995803833,14.319999694824219,14.489999771118164,7.859334468841553,124800
2016-01-08,14.539999961853027,14.539999961853027,14.15999984741211,14.180000305175781,7.691190719604492,23000
2016-01-11,14.09000015258789,14.109999656677246,13.899999618530273,13.960000038146973,7.571864128112793,35100
2016-01-12,13.890000343322754,13.989999771118164,13.6899995803833,13.789999961853027,7.479657173156738,21000
2016-01-13,13.869999885559082,13.869999885559082,13.600000381469727,13.619999885559082,7.387449264526367,20300
2016-01-14,13.949999809265137,13.949999809265137,13.5600004196167,13.6899995803833,7.425416469573975,15000
2016-01-15,13.34000015258789,13.40999984741211,13.079999923706055,13.130000114440918,7.121674060821533,39100
2016-01-19,13.329999923706055,13.579999923706055,13.329999923706055,13.399999618530273,7.268121719360352,47800
2016-01-20,13.0,13.220000267028809,12.9399995803833,13.130000114440918,7.121674060821533,108000
2016-01-21,13.020000457763672,13.25,12.90999984741211,12.979999542236328,7.040314197540283,42000
2016-01-22,13.180000305175781,13.329999923706055,13.180000305175781,13.319999694824219,7.224729061126709,19900
2016-01-25,13.140000343322754,13.319999694824219,13.109999656677246,13.109999656677246,7.110825538635254,24000
2016-01-26,13.069999694824219,13.369999885559082,13.029999732971191,13.260000228881836,7.19218635559082,10300
2016-01-27,13.170000076293945,13.25,13.0,13.010000228881836,7.056586265563965,24500
2016-01-28,13.199999809265137,13.279999732971191,13.15999984741211,13.180000305175781,7.1487932205200195,12500
2016-01-29,13.40999984741211,13.510000228881836,13.350000381469727,13.510000228881836,7.327785491943359,33900
2016-02-01,13.329999923706055,13.579999923706055,13.279999732971191,13.539999961853027,7.344057083129883,18600
2016-02-02,13.449999809265137,13.5,13.329999923706055,13.329999923706055,7.230153560638428,9200
2016-02-03,13.270000457763672,13.5,13.25,13.390000343322754,7.262697219848633,95000
2016-02-04,13.4399995803833,13.470000267028809,13.350000381469727,13.359999656677246,7.246425151824951,3500
2016-02-05,13.40999984741211,13.430000305175781,13.239999771118164,13.3100004196167,7.219305515289307,9300
2016-02-08,13.050000190734863,13.079999923706055,12.949999809265137,13.079999923706055,7.094554424285889,23800
2016-02-09,12.850000381469727,12.970000267028809,12.710000038146973,12.960000038146973,7.029466152191162,6000
2016-02-10,12.960000038146973,13.170000076293945,12.930000305175781,12.930000305175781,7.013194561004639,9100
2016-02-11,12.630000114440918,12.930000305175781,12.5,12.880000114440918,6.986074924468994,16900
2016-02-12,12.880000114440918,12.979999542236328,12.720000267028809,12.850000381469727,6.969803333282471,13000
2016-02-16,13.15999984741211,13.329999923706055,13.050000190734863,13.279999732971191,7.203032970428467,28300
2016-02-17,13.319999694824219,13.479999542236328,13.319999694824219,13.479999542236328,7.311512470245361,6600
2016-02-18,13.479999542236328,13.479999542236328,13.399999618530273,13.420000076293945,7.278968334197998,22200
2016-02-19,13.359999656677246,13.489999771118164,13.359999656677246,13.470000267028809,7.306088924407959,6000
2016-02-22,13.640000343322754,13.779999732971191,13.619999885559082,13.770000457763672,7.468808174133301,17500
2016-02-23,13.65999984741211,13.670000076293945,13.600000381469727,13.609999656677246,7.382024765014648,3800
2016-02-24,13.420000076293945,13.579999923706055,13.359999656677246,13.539999961853027,7.344057083129883,6700
2016-02-25,13.430000305175781,13.470000267028809,13.260000228881836,13.40999984741211,7.273544788360596,11300
2016-02-26,13.449999809265137,13.510000228881836,13.350000381469727,13.4399995803833,7.289816856384277,18100
2016-02-29,13.4399995803833,13.579999923706055,13.4399995803833,13.460000038146973,7.300665378570557,6800
2016-03-01,13.670000076293945,13.789999961853027,13.550000190734863,13.779999732971191,7.474232196807861,10000
2016-03-02,13.779999732971191,13.989999771118164,13.779999732971191,13.989999771118164,7.588135719299316,16100
2016-03-03,13.989999771118164,14.0,13.960000038146973,13.989999771118164,7.588135719299316,4600
2016-03-04,14.0,14.380000114440918,13.920000076293945,14.319999694824219,7.76712703704834,17100
2016-03-07,14.15999984741211,14.210000038146973,14.0600004196167,14.170000076293945,7.68576717376709,32400
2016-03-08,14.020000457763672,14.029999732971191,13.890000343322754,13.979999542236328,7.5827107429504395,12300
2016-03-09,13.9399995803833,14.069999694824219,13.9399995803833,14.039999961853027,7.615254878997803,7900
2016-03-10,14.029999732971191,14.100000381469727,13.829999923706055,14.0,7.593559741973877,11800
2016-03-11,14.180000305175781,14.329999923706055,13.789999961853027,14.319999694824219,7.76712703704834,4600
2016-03-14,14.270000457763672,14.350000381469727,14.25,14.3100004196167,7.761703014373779,7700
2016-03-15,14.199999809265137,14.229999542236328,14.050000190734863,14.220000267028809,7.712886333465576,11900
2016-03-16,14.149999618530273,14.380000114440918,14.069999694824219,14.369999885559082,7.794246196746826,17900
2016-03-17,14.350000381469727,14.59000015258789,14.350000381469727,14.520000457763672,7.875606536865234,11300
2016-03-18,14.479999542236328,14.670000076293945,14.479999542236328,14.600000381469727,7.918997287750244,16000
2016-03-21,14.619999885559082,14.710000038146973,14.609999656677246,14.640000343322754,7.9406938552856445,29600
2016-03-22,14.59000015258789,14.65999984741211,14.579999923706055,14.640000343322754,7.9406938552856445,6500
2016-03-23,14.600000381469727,14.600000381469727,14.40999984741211,14.479999542236328,7.853909969329834,6200
2016-03-24,14.380000114440918,14.380000114440918,14.289999961853027,14.329999923706055,7.772550106048584,9500
2016-03-28,14.289999961853027,14.399999618530273,14.289999961853027,14.350000381469727,7.783398628234863,10800
2016-03-29,14.319999694824219,14.40999984741211,14.079999923706055,14.350000381469727,7.783398628234863,24100
2016-03-30,14.569999694824219,14.6899995803833,14.5,14.6899995803833,7.967813014984131,31800
2016-03-31,14.6899995803833,14.789999961853027,14.65999984741211,14.739999771118164,7.994933128356934,47400
2016-04-01,14.520000457763672,14.65999984741211,14.420000076293945,14.65999984741211,7.951541423797607,12700
2016-04-04,14.600000381469727,14.600000381469727,14.449999809265137,14.5,7.864757537841797,35700
2016-04-05,14.270000457763672,14.34000015258789,14.199999809265137,14.239999771118164,7.7237348556518555,28500
2016-04-06,14.1899995803833,14.399999618530273,14.1899995803833,14.399999618530273,7.81051778793335,9800
2016-04-07,14.229999542236328,14.3100004196167,14.229999542236328,14.3100004196167,7.761703014373779,8000
2016-04-08,14.510000228881836,14.729999542236328,14.40999984741211,14.489999771118164,7.859334468841553,19500
2016-04-11,14.609999656677246,14.65999984741211,14.609999656677246,14.630000114440918,7.935268878936768,6700
2016-04-12,14.729999542236328,14.729999542236328,14.600000381469727,14.729999542236328,7.989508628845215,2900
2016-04-13,14.880000114440918,15.0600004196167,14.779999732971191,15.029999732971191,8.152228355407715,24600
2016-04-14,14.979999542236328,15.029999732971191,14.979999542236328,15.020000457763672,8.146803855895996,7400
2016-04-15,14.979999542236328,14.979999542236328,14.930000305175781,14.970000267028809,8.119685173034668,4000
2016-04-18,14.979999542236328,15.0,14.899999618530273,14.970000267028809,8.119685173034668,10700
2016-04-19,15.020000457763672,15.09000015258789,14.989999771118164,15.010000228881836,8.14138126373291,15800
2016-04-20,14.84000015258789,14.9399995803833,14.789999961853027,14.890000343322754,8.076292991638184,6300
2016-04-21,14.800000190734863,14.850000381469727,14.800000190734863,14.850000381469727,8.054597854614258,1900
2016-04-22,14.800000190734863,14.850000381469727,14.800000190734863,14.819999694824219,8.038325309753418,10100
2016-04-25,14.75,14.800000190734863,14.710000038146973,14.770000457763672,8.011204719543457,18000
2016-04-26,14.760000228881836,14.859999656677246,14.75,14.84000015258789,8.049172401428223,18700
2016-04-27,14.800000190734863,14.859999656677246,14.729999542236328,14.859999656677246,8.060020446777344,15600
2016-04-28,14.710000038146973,14.789999961853027,14.710000038146973,14.739999771118164,7.994933128356934,30200
2016-04-29,14.710000038146973,14.710000038146973,14.4399995803833,14.539999961853027,7.886453151702881,30900
2016-05-02,14.579999923706055,14.600000381469727,14.449999809265137,14.470000267028809,7.848485946655273,16600
2016-05-03,14.270000457763672,14.3100004196167,14.210000038146973,14.270000457763672,7.740006446838379,25500
2016-05-04,14.239999771118164,14.270000457763672,14.170000076293945,14.229999542236328,7.718310356140137,16700
2016-05-05,14.289999961853027,14.319999694824219,14.039999961853027,14.050000190734863,7.620678901672363,39600
2016-05-06,13.970000267028809,14.029999732971191,13.970000267028809,13.979999542236328,7.5827107429504395,13200
2016-05-09,13.949999809265137,13.949999809265137,13.819999694824219,13.84000015258789,7.506775856018066,15600
2016-05-10,14.020000457763672,14.050000190734863,13.930000305175781,14.0,7.593559741973877,119100
2016-05-11,13.869999885559082,13.899999618530273,13.859999656677246,13.880000114440918,7.528471946716309,37600
2016-05-12,13.930000305175781,13.930000305175781,13.729999542236328,13.770000457763672,7.468808174133301,57300
2016-05-13,13.65999984741211,13.720000267028809,13.529999732971191,13.539999961853027,7.344057083129883,15300
2016-05-16,13.640000343322754,13.770000457763672,13.640000343322754,13.710000038146973,7.436263561248779,40300
2016-05-17,13.569999694824219,13.729999542236328,13.539999961853027,13.699999809265137,7.430840015411377,58800
2016-05-18,13.699999809265137,13.760000228881836,13.609999656677246,13.619999885559082,7.387449264526367,36600
2016-05-19,13.569999694824219,13.619999885559082,13.539999961853027,13.579999923706055,7.365752696990967,31900
2016-05-20,13.65999984741211,13.729999542236328,13.609999656677246,13.609999656677246,7.382024765014648,36100
2016-05-23,13.710000038146973,13.739999771118164,13.600000381469727,13.600000381469727,7.3765997886657715,16700
2016-05-24,13.729999542236328,13.829999923706055,13.710000038146973,13.75,7.457960605621338,21300
2016-05-25,13.720000267028809,13.949999809265137,13.720000267028809,13.90999984741211,7.544743537902832,61500
2016-05-26,13.859999656677246,13.979999542236328,13.850000381469727,13.949999809265137,7.566439151763916,28900
2016-05-27,14.0,14.079999923706055,13.989999771118164,14.050000190734863,7.620678901672363,20700
2016-05-31,14.220000267028809,14.300000190734863,14.0600004196167,14.300000190734863,7.7562785148620605,30000
2016-06-01,14.109999656677246,14.25,14.109999656677246,14.229999542236328,7.718310356140137,14100
2016-06-02,14.229999542236328,14.390000343322754,14.229999542236328,14.34000015258789,7.777974605560303,10800
2016-06-03,14.380000114440918,14.40999984741211,14.300000190734863,14.319999694824219,7.76712703704834,37200
2016-06-06,14.390000343322754,14.489999771118164,14.390000343322754,14.420000076293945,7.821366786956787,28100
2016-06-07,14.449999809265137,14.579999923706055,14.449999809265137,14.5600004196167,7.89730167388916,7700
2016-06-08,14.579999923706055,14.609999656677246,14.529999732971191,14.550000190734863,7.891878128051758,17900
2016-06-09,14.40999984741211,14.489999771118164,14.40999984741211,14.449999809265137,7.8376383781433105,6300
2016-06-10,14.229999542236328,14.369999885559082,14.229999542236328,14.369999885559082,7.794246196746826,30900
2016-06-13,14.1899995803833,14.1899995803833,13.989999771118164,14.0600004196167,7.626103401184082,44800
2016-06-14,14.09000015258789,14.100000381469727,13.949999809265137,14.039999961853027,7.615254878997803,10500
2016-06-15,14.130000114440918,14.25,14.079999923706055,14.119999885559082,7.658646583557129,16400
2016-06-16,13.920000076293945,14.0,13.829999923706055,14.0,7.593559741973877,13200
2016-06-17,13.949999809265137,14.010000228881836,13.930000305175781,13.960000038146973,7.571864128112793,6100
2016-06-20,14.149999618530273,14.279999732971191,14.149999618530273,14.220000267028809,7.712886333465576,13200
2016-06-21,14.220000267028809,14.279999732971191,13.829999923706055,14.270000457763672,7.740006446838379,25600
2016-06-22,14.399999618530273,14.399999618530273,14.260000228881836,14.260000228881836,7.734582901000977,43300
2016-06-23,14.399999618530273,14.479999542236328,14.289999961853027,14.4399995803833,7.832213401794434,46700
2016-06-24,13.920000076293945,14.0600004196167,13.880000114440918,13.949999809265137,7.566439151763916,46800
2016-06-27,13.850000381469727,13.880000114440918,13.600000381469727,13.760000228881836,7.463384628295898,27100
2016-06-28,13.899999618530273,14.0600004196167,13.899999618530273,14.0,7.593559741973877,22800
2016-06-29,14.15999984741211,14.260000228881836,14.15999984741211,14.25,7.7291579246521,16000
2016-06-30,14.3100004196167,14.460000038146973,14.279999732971191,14.460000038146973,7.843062877655029,76400
2016-07-01,14.449999809265137,14.5600004196167,14.449999809265137,14.5600004196167,7.89730167388916,7500
2016-07-05,14.380000114440918,14.380000114440918,14.149999618530273,14.1899995803833,7.696614742279053,14800
2016-07-06,14.069999694824219,14.25,14.020000457763672,14.229999542236328,7.718310356140137,7800
2016-07-07,14.25,14.319999694824219,14.180000305175781,14.260000228881836,7.734582901000977,13000
2016-07-08,14.319999694824219,14.5,14.319999694824219,14.479999542236328,7.853909969329834,15100
2016-07-11,14.609999656677246,14.619999885559082,14.5,14.5,7.864757537841797,24800
2016-07-12,14.670000076293945,14.75,14.449999809265137,14.710000038146973,7.97866153717041,17700
2016-07-13,14.729999542236328,14.729999542236328,14.520000457763672,14.649999618530273,7.946118354797363,18800
2016-07-14,14.729999542236328,14.850000381469727,14.720000267028809,14.829999923706055,8.043747901916504,12200
2016-07-15,14.850000381469727,14.859999656677246,14.800000190734863,14.850000381469727,8.054597854614258,7700
2016-07-18,14.8100004196167,14.979999542236328,14.8100004196167,14.960000038146973,8.114259719848633,10800
2016-07-19,14.9399995803833,14.9399995803833,14.789999961853027,14.869999885559082,8.065444946289062,6500
2016-07-20,14.899999618530273,15.050000190734863,14.899999618530273,15.010000228881836,8.14138126373291,10200
2016-07-21,15.069999694824219,15.069999694824219,14.899999618530273,15.029999732971191,8.152228355407715,16600
2016-07-22,14.850000381469727,15.130000114440918,14.829999923706055,15.100000381469727,8.190196990966797,59600
2016-07-25,15.0,15.039999961853027,14.9399995803833,15.029999732971191,8.152228355407715,14000
2016-07-26,15.0,15.199999809265137,14.979999542236328,15.149999618530273,8.217315673828125,154000
2016-07-27,15.079999923706055,15.170000076293945,15.050000190734863,15.09000015258789,8.184772491455078,27700
2016-07-28,15.100000381469727,15.25,15.079999923706055,15.25,8.27155590057373,58100
2016-07-29,15.15999984741211,15.229999542236328,15.100000381469727,15.220000267028809,8.255284309387207,26400
2016-08-01,15.170000076293945,15.270000457763672,15.170000076293945,15.229999542236328,8.260706901550293,34900
2016-08-02,15.149999618530273,15.319999694824219,15.130000114440918,15.130000114440918,8.20646858215332,42200
2016-08-03,15.069999694824219,15.109999656677246,14.970000267028809,15.069999694824219,8.173924446105957,22600
2016-08-04,15.039999961853027,15.069999694824219,15.0,15.029999732971191,8.152228355407715,17400
2016-08-05,15.010000228881836,15.270000457763672,15.010000228881836,15.270000457763672,8.282403945922852,20600
2016-08-08,15.300000190734863,15.470000267028809,15.279999732971191,15.470000267028809,8.39088249206543,43500
2016-08-09,15.680000305175781,15.680000305175781,15.470000267028809,15.569999694824219,8.445122718811035,15300
2016-08-10,15.5600004196167,15.59000015258789,15.470000267028809,15.59000015258789,8.45596981048584,25600
2016-08-11,15.649999618530273,15.699999809265137,15.649999618530273,15.6899995803833,8.510210037231445,12100
2016-08-12,15.6899995803833,15.859999656677246,15.6899995803833,15.850000381469727,8.596993446350098,43600
2016-08-15,16.0,16.040000915527344,15.949999809265137,16.040000915527344,8.700050354003906,21100
2016-08-16,15.930000305175781,15.930000305175781,15.880000114440918,15.920000076293945,8.634961128234863,8800
2016-08-17,15.869999885559082,15.930000305175781,15.8100004196167,15.899999618530273,8.624114036560059,50000
2016-08-18,15.859999656677246,15.989999771118164,15.859999656677246,15.970000267028809,8.662081718444824,13200
2016-08-19,15.979999542236328,15.989999771118164,15.869999885559082,15.949999809265137,8.651233673095703,24900
2016-08-22,15.989999771118164,16.100000381469727,15.920000076293945,16.049999237060547,8.705472946166992,65200
2016-08-23,16.1200008392334,16.290000915527344,16.1200008392334,16.1299991607666,8.748866081237793,44600
2016-08-24,16.170000076293945,16.170000076293945,15.979999542236328,16.049999237060547,8.705472946166992,10300
2016-08-25,16.059999465942383,16.059999465942383,15.949999809265137,16.0,8.678353309631348,10900
2016-08-26,16.079999923706055,16.149999618530273,15.930000305175781,16.010000228881836,8.683777809143066,52900
2016-08-29,16.059999465942383,16.100000381469727,16.040000915527344,16.09000015258789,8.727169036865234,1900
2016-08-30,16.139999389648438,16.139999389648438,16.030000686645508,16.049999237060547,8.705472946166992,11700
2016-08-31,16.010000228881836,16.059999465942383,16.0,16.010000228881836,8.683777809143066,14900
2016-09-01,16.09000015258789,16.09000015258789,16.020000457763672,16.059999465942383,8.710897445678711,41400
2016-09-02,16.260000228881836,16.350000381469727,16.209999084472656,16.350000381469727,8.868191719055176,15800
2016-09-06,16.5,16.739999771118164,16.5,16.700000762939453,9.058032035827637,45600
2016-09-07,16.84000015258789,16.84000015258789,16.709999084472656,16.81999969482422,9.12311840057373,14100
2016-09-08,16.780000686645508,16.8799991607666,16.770000457763672,16.790000915527344,9.106846809387207,12400
2016-09-09,16.770000457763672,16.770000457763672,16.31999969482422,16.479999542236328,8.938705444335938,12900
2016-09-12,16.260000228881836,16.510000228881836,16.25,16.40999984741211,8.900737762451172,17100
2016-09-13,16.190000534057617,16.25,16.049999237060547,16.06999969482422,8.716320991516113,26600
2016-09-14,16.15999984741211,16.200000762939453,16.110000610351562,16.110000610351562,8.738017082214355,6400
2016-09-15,16.190000534057617,16.40999984741211,16.18000030517578,16.200000762939453,8.786833763122559,42100
2016-09-16,16.170000076293945,16.200000762939453,16.100000381469727,16.15999984741211,8.765137672424316,2900
2016-09-19,16.18000030517578,16.399999618530273,16.18000030517578,16.219999313354492,8.797680854797363,40200
2016-09-20,16.309999465942383,16.31999969482422,16.280000686645508,16.280000686645508,8.830225944519043,10200
2016-09-21,16.299999237060547,16.530000686645508,16.290000915527344,16.489999771118164,8.944127082824707,48700
2016-09-22,16.530000686645508,16.579999923706055,16.5,16.530000686645508,8.965824127197266,9500
2016-09-23,16.360000610351562,16.389999389648438,16.299999237060547,16.3799991607666,8.884464263916016,17100
2016-09-26,16.18000030517578,16.280000686645508,16.139999389648438,16.170000076293945,8.770561218261719,18800
2016-09-27,16.209999084472656,16.34000015258789,16.209999084472656,16.34000015258789,8.86276912689209,14200
2016-09-28,16.399999618530273,16.459999084472656,16.31999969482422,16.459999084472656,8.927855491638184,50500
2016-09-29,16.399999618530273,16.459999084472656,16.290000915527344,16.389999389648438,8.889888763427734,24000
2016-09-30,16.389999389648438,16.530000686645508,16.299999237060547,16.440000534057617,8.917008399963379,24500
2016-10-03,16.440000534057617,16.450000762939453,16.200000762939453,16.450000762939453,8.922432899475098,8100
2016-10-04,16.40999984741211,16.459999084472656,16.3700008392334,16.43000030517578,8.91158390045166,42500
2016-10-05,16.559999465942383,16.59000015258789,16.489999771118164,16.579999923706055,8.99294376373291,19700
2016-10-06,16.5,16.600000381469727,16.5,16.540000915527344,8.9712495803833,29700
2016-10-07,16.489999771118164,16.5,16.3799991607666,16.420000076293945,8.906160354614258,19500
2016-10-10,16.329999923706055,16.579999923706055,16.329999923706055,16.489999771118164,8.944127082824707,73500
2016-10-11,16.329999923706055,16.329999923706055,16.110000610351562,16.190000534057617,8.78140926361084,130800
2016-10-12,16.1299991607666,16.299999237060547,16.1299991607666,16.270000457763672,8.824801445007324,22600
2016-10-13,16.170000076293945,16.170000076293945,15.930000305175781,16.1299991607666,8.748866081237793,50200
2016-10-14,16.229999542236328,16.309999465942383,16.219999313354492,16.280000686645508,8.830225944519043,29300
2016-10-17,16.18000030517578,16.479999542236328,16.110000610351562,16.170000076293945,8.770561218261719,22500
2016-10-18,16.399999618530273,16.399999618530273,16.260000228881836,16.350000381469727,8.868191719055176,29700
2016-10-19,16.25,16.399999618530273,16.25,16.399999618530273,8.895312309265137,23900
2016-10-20,16.389999389648438,16.40999984741211,16.350000381469727,16.399999618530273,8.895312309265137,16400
2016-10-21,16.290000915527344,16.350000381469727,16.280000686645508,16.329999923706055,8.857344627380371,7500
2016-10-24,16.43000030517578,16.530000686645508,16.3700008392334,16.479999542236328,8.938705444335938,39100
2016-10-25,16.459999084472656,16.5,16.43000030517578,16.489999771118164,8.944127082824707,11900
2016-10-26,16.420000076293945,16.420000076293945,16.350000381469727,16.3700008392334,8.879040718078613,18300
2016-10-27,16.34000015258789,16.34000015258789,16.200000762939453,16.209999084472656,8.792256355285645,9600
2016-10-28,16.1200008392334,16.209999084472656,16.049999237060547,16.09000015258789,8.727169036865234,24100
2016-10-31,16.100000381469727,16.18000030517578,16.100000381469727,16.18000030517578,8.775984764099121,22500
2016-11-01,16.299999237060547,16.299999237060547,16.049999237060547,16.149999618530273,8.759712219238281,38400
2016-11-02,16.059999465942383,16.100000381469727,15.9399995803833,15.989999771118164,8.672929763793945,19300
2016-11-03,15.979999542236328,15.979999542236328,15.90999984741211,15.979999542236328,8.667506217956543,16600
2016-11-04,15.899999618530273,15.920000076293945,15.850000381469727,15.859999656677246,8.6024169921875,26600
2016-11-07,16.1299991607666,16.1299991607666,16.06999969482422,16.100000381469727,8.73259449005127,11000
2016-11-08,15.970000267028809,16.209999084472656,15.970000267028809,16.18000030517578,8.775984764099121,20400
2016-11-09,15.8100004196167,15.90999984741211,15.710000038146973,15.739999771118164,8.53732967376709,29700
2016-11-10,15.630000114440918,15.789999961853027,15.59000015258789,15.739999771118164,8.53732967376709,51100
2016-11-11,15.760000228881836,15.760000228881836,15.5600004196167,15.609999656677246,8.466818809509277,16100
2016-11-14,15.350000381469727,15.649999618530273,15.34000015258789,15.40999984741211,8.358338356018066,12400
2016-11-15,15.350000381469727,15.59000015258789,15.350000381469727,15.550000190734863,8.43427562713623,22000
2016-11-16,15.390000343322754,15.520000457763672,15.390000343322754,15.510000228881836,8.412579536437988,19800
2016-11-17,15.479999542236328,15.59000015258789,15.479999542236328,15.520000457763672,8.41800308227539,14100
2016-11-18,15.520000457763672,15.630000114440918,15.5,15.600000381469727,8.461395263671875,21100
2016-11-21,15.6899995803833,15.760000228881836,15.649999618530273,15.760000228881836,8.548177719116211,16900
2016-11-22,15.899999618530273,16.0,15.800000190734863,15.899999618530273,8.624114036560059,32400
2016-11-23,15.770000457763672,15.829999923706055,15.739999771118164,15.800000190734863,8.569873809814453,13600
2016-11-25,15.949999809265137,16.149999618530273,15.930000305175781,16.049999237060547,8.705472946166992,12600
2016-11-28,15.930000305175781,16.059999465942383,15.899999618530273,15.970000267028809,8.662081718444824,30300
2016-11-29,15.970000267028809,16.0,15.920000076293945,15.9399995803833,8.645809173583984,68500
2016-11-30,15.949999809265137,15.970000267028809,15.90999984741211,15.949999809265137,8.651233673095703,17200
2016-12-01,15.869999885559082,15.930000305175781,15.869999885559082,15.899999618530273,8.624114036560059,13900
2016-12-02,15.800000190734863,15.869999885559082,15.75,15.75,8.542755126953125,16200
2016-12-05,15.729999542236328,15.729999542236328,15.609999656677246,15.65999984741211,8.493938446044922,33000
2016-12-06,15.699999809265137,15.699999809265137,15.640000343322754,15.65999984741211,8.493938446044922,19700
2016-12-07,15.680000305175781,15.789999961853027,15.680000305175781,15.779999732971191,8.559026718139648,16900
2016-12-08,15.710000038146973,15.75,15.479999542236328,15.479999542236328,8.396306991577148,5000
2016-12-09,15.59000015258789,15.65999984741211,15.529999732971191,15.579999923706055,8.450546264648438,89000
2016-12-12,15.420000076293945,15.5600004196167,15.010000228881836,15.359999656677246,8.331218719482422,81100
2016-12-13,15.449999809265137,15.479999542236328,15.399999618530273,15.460000038146973,8.385458946228027,18200
2016-12-14,15.279999732971191,15.5,15.279999732971191,15.329999923706055,8.314947128295898,38900
2016-12-15,15.380000114440918,15.380000114440918,15.260000228881836,15.260000228881836,8.276979446411133,26000
2016-12-16,15.170000076293945,15.25,15.079999923706055,15.130000114440918,8.20646858215332,20600
2016-12-19,14.800000190734863,14.829999923706055,14.600000381469727,14.800000190734863,8.283709526062012,37400
2016-12-20,14.779999732971191,14.800000190734863,14.6899995803833,14.800000190734863,8.283709526062012,11400
2016-12-21,14.710000038146973,14.770000457763672,14.710000038146973,14.729999542236328,8.244527816772461,29800
2016-12-22,14.5600004196167,14.579999923706055,14.529999732971191,14.529999732971191,8.132585525512695,24300
2016-12-23,14.489999771118164,14.5600004196167,14.4399995803833,14.529999732971191,8.132585525512695,52700
2016-12-27,14.539999961853027,14.630000114440918,14.539999961853027,14.630000114440918,8.188557624816895,61900
2016-12-28,14.670000076293945,14.75,14.649999618530273,14.75,8.255722999572754,53400
2016-12-29,14.819999694824219,14.899999618530273,14.779999732971191,14.859999656677246,8.317290306091309,37800
2016-12-30,15.0,15.109999656677246,14.920000076293945,15.050000190734863,8.423635482788086,46500
2017-01-03,15.029999732971191,15.149999618530273,15.029999732971191,15.149999618530273,8.479606628417969,17000
2017-01-04,15.1899995803833,15.25,15.109999656677246,15.25,8.535578727722168,27700
2017-01-05,15.369999885559082,15.40999984741211,15.279999732971191,15.359999656677246,8.597146034240723,41000
2017-01-06,15.270000457763672,15.489999771118164,15.270000457763672,15.359999656677246,8.597146034240723,46200
2017-01-09,15.329999923706055,15.380000114440918,15.300000190734863,15.300000190734863,8.563563346862793,63400
2017-01-10,15.40999984741211,15.550000190734863,15.40999984741211,15.5,8.675504684448242,18200
2017-01-11,15.460000038146973,15.520000457763672,15.399999618530273,15.520000457763672,8.686699867248535,29200
2017-01-12,15.430000305175781,15.539999961853027,15.399999618530273,15.539999961853027,8.697894096374512,33300
2017-01-13,15.579999923706055,15.59000015258789,15.529999732971191,15.539999961853027,8.697894096374512,36400
2017-01-17,15.449999809265137,15.529999732971191,15.359999656677246,15.510000228881836,8.681102752685547,13700
2017-01-18,15.59000015258789,15.59000015258789,15.510000228881836,15.520000457763672,8.686699867248535,11800
2017-01-19,15.529999732971191,15.550000190734863,15.489999771118164,15.510000228881836,8.681102752685547,10600
2017-01-20,15.470000267028809,15.569999694824219,15.399999618530273,15.550000190734863,8.7034912109375,29200
2017-01-23,15.619999885559082,15.720000267028809,15.539999961853027,15.670000076293945,8.770655632019043,33000
2017-01-24,15.569999694824219,15.720000267028809,15.569999694824219,15.680000305175781,8.776253700256348,29600
2017-01-25,15.630000114440918,15.880000114440918,15.630000114440918,15.800000190734863,8.84341812133789,47100
2017-01-26,15.779999732971191,15.869999885559082,15.739999771118164,15.859999656677246,8.87700080871582,9600
2017-01-27,15.880000114440918,15.899999618530273,15.859999656677246,15.869999885559082,8.882597923278809,12400
2017-01-30,15.899999618530273,15.899999618530273,15.770000457763672,15.8100004196167,8.849015235900879,28400
2017-01-31,15.770000457763672,15.789999961853027,15.739999771118164,15.739999771118164,8.809835433959961,117600
2017-02-01,15.630000114440918,15.800000190734863,15.619999885559082,15.779999732971191,8.832223892211914,67200
2017-02-02,15.770000457763672,15.779999732971191,15.369999885559082,15.760000228881836,8.821029663085938,36000
2017-02-03,15.729999542236328,15.829999923706055,15.729999542236328,15.770000457763672,8.826627731323242,42300
2017-02-06,15.670000076293945,15.829999923706055,15.65999984741211,15.779999732971191,8.832223892211914,38100
2017-02-07,15.8100004196167,15.829999923706055,15.8100004196167,15.8100004196167,8.849015235900879,12200
2017-02-08,15.779999732971191,15.970000267028809,15.779999732971191,15.960000038146973,8.932971954345703,22100
2017-02-09,15.989999771118164,16.059999465942383,15.960000038146973,16.040000915527344,8.977749824523926,16200
2017-02-10,15.989999771118164,16.139999389648438,15.989999771118164,16.06999969482422,8.994538307189941,10500
2017-02-13,16.110000610351562,16.239999771118164,16.09000015258789,16.110000610351562,9.016927719116211,16600
2017-02-14,16.100000381469727,16.190000534057617,16.079999923706055,16.170000076293945,9.05051040649414,48400
2017-02-15,16.309999465942383,16.309999465942383,16.200000762939453,16.270000457763672,9.10648250579834,47300
2017-02-16,16.139999389648438,16.290000915527344,16.139999389648438,16.229999542236328,9.08409309387207,25100
2017-02-17,16.200000762939453,16.280000686645508,16.1200008392334,16.209999084472656,9.072898864746094,44200
2017-02-21,16.25,16.329999923706055,16.229999542236328,16.290000915527344,9.117677688598633,51500
2017-02-22,16.280000686645508,16.399999618530273,16.260000228881836,16.399999618530273,9.179244995117188,51500
2017-02-23,16.389999389648438,16.43000030517578,16.270000457763672,16.3799991607666,9.168049812316895,27500
2017-02-24,16.209999084472656,16.299999237060547,16.209999084472656,16.280000686645508,9.112079620361328,12800
2017-02-27,16.209999084472656,16.31999969482422,16.139999389648438,16.239999771118164,9.089690208435059,71900
2017-02-28,16.200000762939453,16.200000762939453,16.110000610351562,16.149999618530273,9.039316177368164,36400
2017-03-01,16.290000915527344,16.31999969482422,16.219999313354492,16.25,9.095288276672363,24700
2017-03-02,16.209999084472656,16.209999084472656,16.049999237060547,16.1299991607666,9.028122901916504,89200
2017-03-03,16.059999465942383,16.15999984741211,16.059999465942383,16.09000015258789,9.00573444366455,29500
2017-03-06,16.190000534057617,16.190000534057617,16.059999465942383,16.09000015258789,9.00573444366455,54500
2017-03-07,16.079999923706055,16.139999389648438,16.079999923706055,16.139999389648438,9.033719062805176,17600
2017-03-08,16.149999618530273,16.209999084472656,16.1299991607666,16.149999618530273,9.039316177368164,17700
2017-03-09,16.020000457763672,16.06999969482422,15.960000038146973,16.0,8.955360412597656,13200
2017-03-10,16.049999237060547,16.06999969482422,15.989999771118164,16.020000457763672,8.966554641723633,14700
2017-03-13,16.110000610351562,16.219999313354492,16.110000610351562,16.18000030517578,9.056108474731445,28900
2017-03-14,16.299999237060547,16.350000381469727,16.209999084472656,16.239999771118164,9.089690208435059,31900
2017-03-15,16.229999542236328,16.43000030517578,16.229999542236328,16.40999984741211,9.184842109680176,110400
2017-03-16,16.489999771118164,16.610000610351562,16.43000030517578,16.59000015258789,9.285590171813965,66900
2017-03-17,16.600000381469727,16.739999771118164,16.5,16.690000534057617,9.341561317443848,94000
2017-03-20,16.649999618530273,16.799999237060547,16.649999618530273,16.790000915527344,9.39753246307373,19400
2017-03-21,16.84000015258789,16.850000381469727,16.709999084472656,16.81999969482422,9.414321899414062,52500
2017-03-22,16.75,16.950000762939453,16.75,16.950000762939453,9.487085342407227,8500
2017-03-23,16.829999923706055,16.889999389648438,16.780000686645508,16.780000686645508,9.391934394836426,40800
2017-03-24,16.760000228881836,16.8799991607666,16.760000228881836,16.81999969482422,9.414321899414062,8000
2017-03-27,16.690000534057617,16.760000228881836,16.520000457763672,16.760000228881836,9.380742073059082,11100
2017-03-28,16.739999771118164,16.799999237060547,16.729999542236328,16.780000686645508,9.391934394836426,15500
2017-03-29,16.739999771118164,16.809999465942383,16.709999084472656,16.809999465942383,9.40872573852539,12400
2017-03-30,16.670000076293945,16.709999084472656,16.6299991607666,16.700000762939453,9.34715747833252,20200
2017-03-31,16.56999969482422,16.6200008392334,16.540000915527344,16.6200008392334,9.30238151550293,4800
2017-04-03,16.690000534057617,16.829999923706055,16.600000381469727,16.81999969482422,9.414321899414062,19000
2017-04-04,16.829999923706055,16.959999084472656,16.829999923706055,16.959999084472656,9.492681503295898,24500
2017-04-05,16.969999313354492,17.020000457763672,16.940000534057617,17.020000457763672,9.526264190673828,55200
2017-04-06,17.030000686645508,17.200000762939453,16.950000762939453,17.049999237060547,9.543055534362793,35600
2017-04-07,17.049999237060547,17.290000915527344,17.040000915527344,17.290000915527344,9.677387237548828,57800
2017-04-10,17.329999923706055,17.329999923706055,17.200000762939453,17.280000686645508,9.671789169311523,26800
2017-04-11,17.270000457763672,17.270000457763672,17.149999618530273,17.239999771118164,9.64940071105957,6400
2017-04-12,17.25,17.309999465942383,17.170000076293945,17.239999771118164,9.64940071105957,22000
2017-04-13,17.25,17.329999923706055,17.15999984741211,17.15999984741211,9.604623794555664,21500
2017-04-17,17.15999984741211,17.270000457763672,17.15999984741211,17.239999771118164,9.64940071105957,14300
2017-04-18,17.09000015258789,17.200000762939453,17.09000015258789,17.09000015258789,9.565444946289062,27600
2017-04-19,17.09000015258789,17.149999618530273,17.020000457763672,17.049999237060547,9.543055534362793,30800
2017-04-20,17.209999084472656,17.209999084472656,17.1200008392334,17.170000076293945,9.610221862792969,33900
2017-04-21,17.1200008392334,17.190000534057617,17.1200008392334,17.1200008392334,9.582235336303711,9700
2017-04-24,17.09000015258789,17.15999984741211,17.09000015258789,17.100000381469727,9.571041107177734,93400
2017-04-25,17.25,17.34000015258789,17.25,17.31999969482422,9.69417667388916,24600
2017-04-26,17.31999969482422,17.389999389648438,17.31999969482422,17.389999389648438,9.733355522155762,16000
2017-04-27,17.25,17.479999542236328,17.25,17.479999542236328,9.783730506896973,28700
2017-04-28,17.469999313354492,17.59000015258789,17.459999084472656,17.59000015258789,9.84529972076416,13200
2017-05-01,17.520000457763672,17.700000762939453,17.520000457763672,17.639999389648438,9.873284339904785,16600
2017-05-02,17.579999923706055,17.68000030517578,17.559999465942383,17.649999618530273,9.87888240814209,18100
2017-05-03,17.6200008392334,17.670000076293945,17.600000381469727,17.649999618530273,9.87888240814209,8500
2017-05-04,17.600000381469727,17.709999084472656,17.530000686645508,17.559999465942383,9.828507423400879,30000
2017-05-05,17.469999313354492,17.549999237060547,17.450000762939453,17.469999313354492,9.778132438659668,26500
2017-05-08,17.360000610351562,17.440000534057617,17.290000915527344,17.3799991607666,9.727760314941406,21200
2017-05-09,17.56999969482422,17.68000030517578,17.56999969482422,17.670000076293945,9.890074729919434,8400
2017-05-10,17.700000762939453,17.8700008392334,17.600000381469727,17.850000381469727,9.990825653076172,21800
2017-05-11,17.75,17.850000381469727,17.719999313354492,17.799999237060547,9.962839126586914,15700
2017-05-12,17.84000015258789,17.850000381469727,17.799999237060547,17.829999923706055,9.979629516601562,19600
2017-05-15,17.860000610351562,17.979999542236328,17.860000610351562,17.950000762939453,10.046794891357422,9700
2017-05-16,17.850000381469727,17.979999542236328,17.850000381469727,17.860000610351562,9.996420860290527,40800
2017-05-17,17.780000686645508,17.780000686645508,17.68000030517578,17.690000534057617,9.901269912719727,16500
2017-05-18,17.549999237060547,17.770000457763672,17.549999237060547,17.709999084472656,9.912464141845703,12000
2017-05-19,17.760000228881836,17.940000534057617,17.760000228881836,17.850000381469727,9.990825653076172,7800
2017-05-22,17.920000076293945,17.989999771118164,17.90999984741211,17.969999313354492,10.057989120483398,20500
2017-05-23,17.969999313354492,17.979999542236328,17.93000030517578,17.93000030517578,10.035602569580078,21400
2017-05-24,17.920000076293945,17.940000534057617,17.8700008392334,17.899999618530273,10.01880931854248,3900
2017-05-25,18.0,18.149999618530273,18.0,18.1200008392334,10.141946792602539,19500
2017-05-26,18.06999969482422,18.149999618530273,18.06999969482422,18.139999389648438,10.153139114379883,3500
2017-05-30,17.8700008392334,18.170000076293945,17.8700008392334,18.170000076293945,10.169931411743164,37700
2017-05-31,18.1200008392334,18.1200008392334,17.979999542236328,18.040000915527344,10.09716796875,18600
2017-06-01,18.040000915527344,18.15999984741211,18.040000915527344,18.15999984741211,10.16433334350586,36100
2017-06-02,18.170000076293945,18.229999542236328,18.139999389648438,18.200000762939453,10.186723709106445,40300
2017-06-05,18.149999618530273,18.200000762939453,18.139999389648438,18.149999618530273,10.158737182617188,29300
2017-06-06,18.149999618530273,18.270000457763672,18.100000381469727,18.270000457763672,10.225903511047363,40600
2017-06-07,18.239999771118164,18.280000686645508,18.219999313354492,18.280000686645508,10.231500625610352,17500
2017-06-08,18.309999465942383,18.479999542236328,18.309999465942383,18.459999084472656,10.332246780395508,32900
2017-06-09,18.559999465942383,18.600000381469727,18.43000030517578,18.5,10.354634284973145,38700
2017-06-12,18.299999237060547,18.329999923706055,18.200000762939453,18.219999313354492,10.197916984558105,27800
2017-06-13,18.260000228881836,18.34000015258789,18.260000228881836,18.299999237060547,10.242692947387695,11100
2017-06-14,18.309999465942383,18.309999465942383,18.149999618530273,18.18000030517578,10.175529479980469,17000
2017-06-15,17.950000762939453,18.040000915527344,17.920000076293945,17.93000030517578,10.035602569580078,25500
2017-06-16,17.969999313354492,18.1200008392334,17.940000534057617,18.1200008392334,10.141946792602539,6100
2017-06-19,18.1299991607666,18.34000015258789,18.1299991607666,18.31999969482422,10.253887176513672,21400
2017-06-20,18.229999542236328,18.350000381469727,18.229999542236328,18.34000015258789,10.265080451965332,28700
2017-06-21,18.350000381469727,18.420000076293945,18.329999923706055,18.40999984741211,10.304261207580566,33300
2017-06-22,18.6200008392334,18.6200008392334,18.399999618530273,18.459999084472656,10.332246780395508,55700
2017-06-23,18.450000762939453,18.559999465942383,18.450000762939453,18.5,10.354634284973145,21100
2017-06-26,18.59000015258789,18.770000457763672,18.59000015258789,18.770000457763672,10.505758285522461,27200
2017-06-27,18.610000610351562,18.75,18.610000610351562,18.68000030517578,10.45538330078125,24800
2017-06-28,18.690000534057617,18.690000534057617,18.59000015258789,18.610000610351562,10.416204452514648,5400
2017-06-29,18.59000015258789,18.700000762939453,18.56999969482422,18.68000030517578,10.45538330078125,36100
2017-06-30,18.729999542236328,18.729999542236328,18.68000030517578,18.68000030517578,10.45538330078125,10500
2017-07-03,18.700000762939453,18.700000762939453,18.639999389648438,18.65999984741211,10.444188117980957,6600
2017-07-05,18.530000686645508,18.639999389648438,18.530000686645508,18.59000015258789,10.405008316040039,12500
2017-07-06,18.450000762939453,18.6299991607666,18.450000762939453,18.579999923706055,10.39941120147705,10600
2017-07-07,18.6200008392334,18.6299991607666,18.549999237060547,18.579999923706055,10.39941120147705,21900
2017-07-10,18.559999465942383,18.579999923706055,18.510000228881836,18.579999923706055,10.39941120147705,17300
2017-07-11,18.68000030517578,18.68000030517578,18.559999465942383,18.600000381469727,10.410606384277344,62800
2017-07-12,18.68000030517578,18.8700008392334,18.68000030517578,18.860000610351562,10.556130409240723,19700
2017-07-13,18.84000015258789,18.93000030517578,18.81999969482422,18.8799991607666,10.5673246383667,7000
2017-07-14,18.979999542236328,19.1299991607666,18.979999542236328,19.110000610351562,10.696059226989746,33100
2017-07-17,19.0,19.149999618530273,19.0,19.100000381469727,10.690462112426758,8400
2017-07-18,19.06999969482422,19.18000030517578,18.969999313354492,19.149999618530273,10.718446731567383,11400
2017-07-19,19.299999237060547,19.299999237060547,19.170000076293945,19.260000228881836,10.780014991760254,33100
2017-07-20,19.270000457763672,19.350000381469727,19.229999542236328,19.350000381469727,10.830389022827148,20900
2017-07-21,19.31999969482422,19.31999969482422,19.229999542236328,19.31999969482422,10.813597679138184,8400
2017-07-24,19.299999237060547,19.350000381469727,19.209999084472656,19.350000381469727,10.830389022827148,15100
2017-07-25,19.34000015258789,19.489999771118164,19.34000015258789,19.469999313354492,10.897553443908691,10900
2017-07-26,19.459999084472656,19.56999969482422,19.440000534057617,19.549999237060547,10.942329406738281,12200
2017-07-27,19.579999923706055,19.600000381469727,19.559999465942383,19.559999465942383,10.94792652130127,15200
2017-07-28,19.5,19.600000381469727,19.5,19.520000457763672,10.925540924072266,18100
2017-07-31,19.639999389648438,19.639999389648438,19.540000915527344,19.59000015258789,10.96471881866455,42600
2017-08-01,19.700000762939453,19.719999313354492,19.600000381469727,19.719999313354492,11.037480354309082,129400
2017-08-02,19.75,19.75,19.670000076293945,19.68000030517578,11.015092849731445,32700
2017-08-03,19.739999771118164,19.739999771118164,19.670000076293945,19.670000076293945,11.009495735168457,22700
2017-08-04,19.670000076293945,19.770000457763672,19.440000534057617,19.770000457763672,11.065467834472656,15100
2017-08-07,19.780000686645508,19.920000076293945,19.770000457763672,19.8799991607666,11.127035140991211,18000
2017-08-08,19.969999313354492,20.15999984741211,19.969999313354492,20.100000381469727,11.250171661376953,26200
2017-08-09,20.010000228881836,20.010000228881836,19.760000228881836,19.780000686645508,11.071063995361328,14700
2017-08-10,19.6299991607666,19.6299991607666,19.399999618530273,19.579999923706055,10.959121704101562,45600
2017-08-11,19.559999465942383,19.559999465942383,19.1200008392334,19.450000762939453,10.886361122131348,14700
2017-08-14,19.489999771118164,19.65999984741211,19.489999771118164,19.5,10.914344787597656,34200
2017-08-15,19.459999084472656,19.6200008392334,19.459999084472656,19.610000610351562,10.97591495513916,10800
2017-08-16,19.649999618530273,19.8799991607666,19.559999465942383,19.780000686645508,11.071063995361328,4700
2017-08-17,19.65999984741211,19.809999465942383,19.65999984741211,19.799999237060547,11.082258224487305,15800
2017-08-18,19.850000381469727,19.850000381469727,19.68000030517578,19.84000015258789,11.104645729064941,3500
2017-08-21,19.8700008392334,19.93000030517578,19.75,19.899999618530273,11.138227462768555,9500
2017-08-22,19.93000030517578,20.149999618530273,19.93000030517578,20.100000381469727,11.250171661376953,36300
2017-08-23,20.010000228881836,20.25,20.010000228881836,20.209999084472656,11.311739921569824,20300
2017-08-24,20.25,20.329999923706055,20.25,20.329999923706055,11.378905296325684,13900
2017-08-25,20.5,20.75,20.489999771118164,20.68000030517578,11.574804306030273,15400
2017-08-28,20.649999618530273,20.75,20.6299991607666,20.649999618530273,11.558012008666992,28900
2017-08-29,20.469999313354492,20.479999542236328,20.200000762939453,20.440000534057617,11.440474510192871,26600
2017-08-30,20.420000076293945,20.690000534057617,20.420000076293945,20.690000534057617,11.580400466918945,33900
2017-08-31,20.770000457763672,20.770000457763672,20.6299991607666,20.670000076293945,11.569205284118652,16500
2017-09-01,20.649999618530273,20.649999618530273,20.520000457763672,20.520000457763672,11.485249519348145,18900
2017-09-05,20.489999771118164,20.489999771118164,20.15999984741211,20.219999313354492,11.317336082458496,15300
2017-09-06,20.299999237060547,20.299999237060547,20.110000610351562,20.190000534057617,11.300546646118164,21300
2017-09-07,20.18000030517578,20.18000030517578,20.09000015258789,20.149999618530273,11.278157234191895,12800
2017-09-08,20.15999984741211,20.209999084472656,20.110000610351562,20.149999618530273,11.278157234191895,30100
2017-09-11,20.280000686645508,20.6200008392334,20.200000762939453,20.540000915527344,11.496444702148438,35900
2017-09-12,20.540000915527344,20.700000762939453,20.540000915527344,20.6200008392334,11.541220664978027,21600
2017-09-13,20.579999923706055,20.829999923706055,20.579999923706055,20.719999313354492,11.59719181060791,18600
2017-09-14,20.649999618530273,20.719999313354492,20.6299991607666,20.719999313354492,11.59719181060791,44900
2017-09-15,20.770000457763672,20.850000381469727,20.739999771118164,20.84000015258789,11.66435718536377,8300
2017-09-18,20.950000762939453,20.989999771118164,20.8700008392334,20.950000762939453,11.72592544555664,9200
2017-09-19,20.8700008392334,21.020000457763672,20.8700008392334,20.989999771118164,11.748311996459961,10600
2017-09-20,21.049999237060547,21.049999237060547,20.93000030517578,20.959999084472656,11.731520652770996,16200
2017-09-21,20.920000076293945,20.959999084472656,20.889999389648438,20.889999389648438,11.692341804504395,5000
2017-09-22,20.829999923706055,20.8700008392334,20.75,20.75,11.613981246948242,13200
2017-09-25,20.600000381469727,20.75,20.600000381469727,20.600000381469727,11.530025482177734,9900
2017-09-26,20.6200008392334,20.690000534057617,20.450000762939453,20.510000228881836,11.479653358459473,9200
2017-09-27,20.540000915527344,20.6299991607666,20.399999618530273,20.459999084472656,11.451666831970215,11800
2017-09-28,20.450000762939453,20.450000762939453,20.299999237060547,20.299999237060547,11.362113952636719,6700
2017-09-29,20.3799991607666,20.479999542236328,20.350000381469727,20.350000381469727,11.39009952545166,12700
2017-10-02,20.520000457763672,20.530000686645508,20.360000610351562,20.389999389648438,11.412487030029297,11000
2017-10-03,20.600000381469727,20.719999313354492,20.540000915527344,20.690000534057617,11.580400466918945,15300
2017-10-04,20.700000762939453,20.81999969482422,20.6299991607666,20.690000534057617,11.580400466918945,19600
2017-10-05,20.670000076293945,20.920000076293945,20.610000610351562,20.81999969482422,11.653162002563477,7500
2017-10-06,20.739999771118164,20.799999237060547,20.65999984741211,20.770000457763672,11.625178337097168,28300
2017-10-09,20.670000076293945,20.850000381469727,20.670000076293945,20.829999923706055,11.658760070800781,40000
2017-10-10,20.979999542236328,20.979999542236328,20.25,20.979999542236328,11.742716789245605,13200
2017-10-11,20.979999542236328,21.040000915527344,20.90999984741211,21.030000686645508,11.770702362060547,8500
2017-10-12,21.030000686645508,21.200000762939453,20.989999771118164,21.200000762939453,11.865854263305664,10200
2017-10-13,21.209999084472656,21.299999237060547,21.18000030517578,21.239999771118164,11.888239860534668,7800
2017-10-16,21.200000762939453,21.25,21.010000228881836,21.110000610351562,11.815479278564453,35700
2017-10-17,21.110000610351562,21.190000534057617,21.09000015258789,21.139999389648438,11.832267761230469,65500
2017-10-18,21.219999313354492,21.25,21.079999923706055,21.079999923706055,11.798686027526855,105600
2017-10-19,20.84000015258789,21.010000228881836,20.809999465942383,20.90999984741211,11.703536987304688,14500
2017-10-20,21.0,21.030000686645508,20.93000030517578,20.93000030517578,11.714731216430664,46100
2017-10-23,20.799999237060547,20.8799991607666,20.780000686645508,20.809999465942383,11.647564888000488,24600
2017-10-24,20.770000457763672,20.889999389648438,20.75,20.81999969482422,11.653162002563477,24100
2017-10-25,20.639999389648438,20.860000610351562,20.639999389648438,20.75,11.613981246948242,32700
2017-10-26,20.75,20.93000030517578,20.75,20.799999237060547,11.6419677734375,34700
2017-10-27,20.899999618530273,21.040000915527344,20.8799991607666,21.0,11.753911018371582,58800
2017-10-30,20.829999923706055,20.90999984741211,20.829999923706055,20.860000610351562,11.675551414489746,34200
2017-10-31,20.90999984741211,21.100000381469727,20.90999984741211,21.100000381469727,11.809883117675781,10900
2017-11-01,21.15999984741211,21.309999465942383,21.1200008392334,21.200000762939453,11.865854263305664,16000
2017-11-02,21.209999084472656,21.309999465942383,21.209999084472656,21.309999465942383,11.927420616149902,25000
2017-11-03,21.309999465942383,21.329999923706055,21.219999313354492,21.329999923706055,11.938614845275879,5900
2017-11-06,21.280000686645508,21.31999969482422,21.200000762939453,21.299999237060547,11.921823501586914,13400
2017-11-07,21.290000915527344,21.479999542236328,21.290000915527344,21.43000030517578,11.994586944580078,19900
2017-11-08,21.450000762939453,21.760000228881836,21.450000762939453,21.719999313354492,12.156901359558105,25700
2017-11-09,21.56999969482422,21.84000015258789,21.219999313354492,21.389999389648438,11.972196578979492,23900
2017-11-10,21.229999542236328,21.6200008392334,21.229999542236328,21.549999237060547,12.061751365661621,15200
2017-11-13,21.510000228881836,21.6200008392334,21.489999771118164,21.610000610351562,12.095335006713867,16100
2017-11-14,21.530000686645508,21.59000015258789,21.489999771118164,21.530000686645508,12.050558090209961,18400
2017-11-15,21.399999618530273,21.510000228881836,21.219999313354492,21.360000610351562,11.955406188964844,19400
2017-11-16,21.520000457763672,21.6299991607666,21.510000228881836,21.559999465942383,12.067347526550293,19600
2017-11-17,21.540000915527344,21.68000030517578,21.479999542236328,21.649999618530273,12.117721557617188,12700
2017-11-20,21.520000457763672,21.8700008392334,21.520000457763672,21.829999923706055,12.218469619750977,36800
2017-11-21,22.040000915527344,22.25,22.040000915527344,22.229999542236328,12.442354202270508,32100
2017-11-22,22.239999771118164,22.34000015258789,22.239999771118164,22.260000228881836,12.459145545959473,53000
2017-11-24,22.1200008392334,22.229999542236328,22.040000915527344,22.190000534057617,12.419964790344238,49600
2017-11-27,22.149999618530273,22.149999618530273,21.889999389648438,21.889999389648438,12.252052307128906,10400
2017-11-28,21.940000534057617,22.020000457763672,21.84000015258789,21.84000015258789,12.224065780639648,7400
2017-11-29,21.700000762939453,21.770000457763672,21.6299991607666,21.719999313354492,12.156901359558105,19000
2017-11-30,21.6200008392334,21.65999984741211,21.479999542236328,21.479999542236328,12.022571563720703,15400
2017-12-01,21.43000030517578,21.469999313354492,21.290000915527344,21.469999313354492,12.016974449157715,17400
2017-12-04,21.389999389648438,21.540000915527344,21.329999923706055,21.399999618530273,11.977795600891113,9300
2017-12-05,21.3799991607666,21.3799991607666,21.280000686645508,21.280000686645508,11.910629272460938,7400
2017-12-06,21.010000228881836,21.1200008392334,20.690000534057617,20.809999465942383,11.647564888000488,71900
2017-12-07,20.760000228881836,21.170000076293945,20.700000762939453,21.170000076293945,11.849059104919434,17800
2017-12-08,21.18000030517578,21.450000762939453,21.18000030517578,21.299999237060547,11.921823501586914,15300
2017-12-11,21.459999084472656,21.850000381469727,21.420000076293945,21.489999771118164,12.028167724609375,16200
2017-12-12,21.389999389648438,21.389999389648438,21.309999465942383,21.329999923706055,11.938614845275879,12700
2017-12-13,21.489999771118164,21.559999465942383,21.489999771118164,21.559999465942383,12.067347526550293,5200
2017-12-14,21.450000762939453,21.530000686645508,21.399999618530273,21.510000228881836,12.039362907409668,4700
2017-12-15,21.43000030517578,21.690000534057617,21.399999618530273,21.65999984741211,12.123318672180176,9000
2017-12-18,21.229999542236328,21.239999771118164,19.530000686645508,20.829999923706055,11.961950302124023,79900
2017-12-19,20.8700008392334,20.979999542236328,20.850000381469727,20.979999542236328,12.048090934753418,59400
2017-12-20,20.8799991607666,20.969999313354492,20.8799991607666,20.959999084472656,12.036603927612305,23400
2017-12-21,21.010000228881836,21.440000534057617,21.010000228881836,21.190000534057617,12.16868782043457,15600
2017-12-22,21.09000015258789,21.389999389648438,21.09000015258789,21.3700008392334,12.272054672241211,22000
2017-12-26,21.399999618530273,21.399999618530273,21.329999923706055,21.34000015258789,12.254827499389648,3500
2017-12-27,21.209999084472656,21.209999084472656,21.049999237060547,21.139999389648438,12.139971733093262,22300
2017-12-28,21.270000457763672,21.3799991607666,21.25,21.360000610351562,12.266311645507812,11800
2017-12-29,21.389999389648438,21.68000030517578,21.389999389648438,21.649999618530273,12.43284797668457,19300
2018-01-02,21.860000610351562,22.209999084472656,21.850000381469727,22.190000534057617,12.742951393127441,30500
2018-01-03,22.059999465942383,22.190000534057617,22.059999465942383,22.1299991607666,12.70849609375,9600
2018-01-04,22.299999237060547,22.3799991607666,22.1200008392334,22.1299991607666,12.70849609375,49400
2018-01-05,22.1299991607666,22.450000762939453,22.1299991607666,22.420000076293945,12.875032424926758,32200
2018-01-08,22.40999984741211,22.489999771118164,22.40999984741211,22.43000030517578,12.880777359008789,12300
2018-01-09,22.459999084472656,22.610000610351562,22.399999618530273,22.600000381469727,12.978400230407715,12300
2018-01-10,22.549999237060547,22.68000030517578,22.440000534057617,22.5,12.920973777770996,28200
2018-01-11,22.5,22.780000686645508,22.5,22.709999084472656,13.041569709777832,30800
2018-01-12,22.780000686645508,22.940000534057617,22.719999313354492,22.940000534057617,13.173652648925781,12500
2018-01-16,22.93000030517578,23.15999984741211,22.93000030517578,22.969999313354492,13.190877914428711,23800
2018-01-17,22.979999542236328,23.350000381469727,22.979999542236328,23.31999969482422,13.391871452331543,20000
2018-01-18,23.229999542236328,23.40999984741211,23.229999542236328,23.360000610351562,13.414843559265137,10400
2018-01-19,23.420000076293945,23.6299991607666,23.420000076293945,23.6299991607666,13.569893836975098,18100
2018-01-22,23.549999237060547,23.8700008392334,23.549999237060547,23.8700008392334,13.707717895507812,14600
2018-01-23,23.979999542236328,24.18000030517578,23.969999313354492,24.15999984741211,13.87425422668457,14900
2018-01-24,24.329999923706055,24.43000030517578,24.190000534057617,24.299999237060547,13.95465087890625,10600
2018-01-25,24.329999923706055,24.399999618530273,24.200000762939453,24.3799991607666,14.000594139099121,15000
2018-01-26,24.59000015258789,24.760000228881836,24.59000015258789,24.700000762939453,14.184357643127441,43800
2018-01-29,24.420000076293945,24.6200008392334,24.040000915527344,24.25,13.925938606262207,40800
2018-01-30,24.079999923706055,24.18000030517578,23.8799991607666,23.899999618530273,13.724946022033691,14200
2018-01-31,23.959999084472656,24.360000610351562,23.959999084472656,24.0,13.782371520996094,7900
2018-02-01,23.950000762939453,23.959999084472656,23.770000457763672,23.770000457763672,13.650293350219727,26100
2018-02-02,23.649999618530273,23.670000076293945,23.18000030517578,23.229999542236328,13.340187072753906,23100
2018-02-05,23.049999237060547,23.520000457763672,22.010000228881836,22.280000686645508,12.794636726379395,42100
2018-02-06,22.0,22.889999389648438,22.0,22.719999313354492,13.04731273651123,63200
2018-02-07,22.399999618530273,22.709999084472656,21.780000686645508,21.850000381469727,12.547701835632324,40200
2018-02-08,21.8700008392334,21.8700008392334,21.3799991607666,21.399999618530273,12.28928279876709,48900
2018-02-09,21.540000915527344,21.540000915527344,20.93000030517578,21.459999084472656,12.323738098144531,43800
2018-02-12,21.639999389648438,21.639999389648438,21.34000015258789,21.489999771118164,12.340965270996094,99400
2018-02-13,21.100000381469727,21.639999389648438,21.059999465942383,21.5,12.346708297729492,51700
2018-02-14,21.5,22.170000076293945,21.5,22.110000610351562,12.69701099395752,18600
2018-02-15,22.389999389648438,22.600000381469727,22.389999389648438,22.540000915527344,12.94394588470459,21200
2018-02-16,22.5,22.780000686645508,22.459999084472656,22.459999084472656,12.898002624511719,10300
2018-02-20,22.350000381469727,22.420000076293945,22.239999771118164,22.360000610351562,12.840577125549316,20400
2018-02-21,22.469999313354492,22.950000762939453,22.469999313354492,22.729999542236328,13.053053855895996,31100
2018-02-22,22.799999237060547,22.850000381469727,22.530000686645508,22.649999618530273,13.007113456726074,25700
2018-02-23,22.809999465942383,22.850000381469727,22.600000381469727,22.799999237060547,13.093254089355469,32000
2018-02-26,22.850000381469727,23.09000015258789,22.850000381469727,23.079999923706055,13.254048347473145,25300
2018-02-27,23.020000457763672,23.020000457763672,22.530000686645508,22.549999237060547,12.949687957763672,34500
2018-02-28,22.559999465942383,22.600000381469727,22.399999618530273,22.40999984741211,12.86928939819336,19000
2018-03-01,22.579999923706055,22.65999984741211,22.270000457763672,22.43000030517578,12.880777359008789,17900
2018-03-02,22.229999542236328,22.34000015258789,22.110000610351562,22.34000015258789,12.829092025756836,6600
2018-03-05,22.299999237060547,22.350000381469727,22.09000015258789,22.200000762939453,12.748695373535156,19700
2018-03-06,22.440000534057617,22.440000534057617,22.170000076293945,22.280000686645508,12.794636726379395,78200
2018-03-07,22.1299991607666,22.280000686645508,22.0,22.190000534057617,12.742951393127441,39400
2018-03-08,22.25,22.389999389648438,22.25,22.34000015258789,12.829092025756836,77400
2018-03-09,22.420000076293945,22.739999771118164,22.420000076293945,22.6299991607666,12.995627403259277,65300
2018-03-12,22.6299991607666,22.8700008392334,22.6299991607666,22.799999237060547,13.093254089355469,65100
2018-03-13,22.899999618530273,22.940000534057617,22.760000228881836,22.760000228881836,13.070281982421875,25300
2018-03-14,22.940000534057617,22.940000534057617,22.81999969482422,22.84000015258789,13.116226196289062,18700
2018-03-15,23.06999969482422,23.06999969482422,22.760000228881836,22.790000915527344,13.087512016296387,46200
2018-03-16,22.790000915527344,22.899999618530273,22.770000457763672,22.889999389648438,13.144937515258789,14500
2018-03-19,22.799999237060547,22.799999237060547,22.670000076293945,22.690000534057617,13.030085563659668,30300
2018-03-20,22.729999542236328,22.889999389648438,22.729999542236328,22.889999389648438,13.144937515258789,48000
2018-03-21,22.690000534057617,22.799999237060547,22.610000610351562,22.770000457763672,13.076026916503906,19300
2018-03-22,22.6299991607666,22.6299991607666,22.149999618530273,22.200000762939453,12.748695373535156,46000
2018-03-23,22.1200008392334,22.149999618530273,21.889999389648438,21.93000030517578,12.593643188476562,47000
2018-03-26,22.290000915527344,22.350000381469727,22.1200008392334,22.31999969482422,12.817605972290039,46400
2018-03-27,22.450000762939453,22.450000762939453,22.049999237060547,22.049999237060547,12.662553787231445,18100
2018-03-28,22.0,22.049999237060547,21.829999923706055,21.959999084472656,12.610869407653809,11900
2018-03-29,22.040000915527344,22.200000762939453,21.979999542236328,22.139999389648438,12.714237213134766,9300
2018-04-02,22.049999237060547,22.09000015258789,21.56999969482422,21.6299991607666,12.421361923217773,7000
2018-04-03,21.670000076293945,21.940000534057617,21.670000076293945,21.84000015258789,12.541958808898926,9700
2018-04-04,21.389999389648438,21.81999969482422,21.389999389648438,21.790000915527344,12.513246536254883,11800
2018-04-05,21.799999237060547,21.940000534057617,21.799999237060547,21.860000610351562,12.553444862365723,9400
2018-04-06,21.56999969482422,21.670000076293945,21.440000534057617,21.450000762939453,12.31799602508545,17200
2018-04-09,21.690000534057617,21.850000381469727,21.25,21.829999923706055,12.536215782165527,18800
2018-04-10,22.1200008392334,22.329999923706055,22.1200008392334,22.170000076293945,12.731467247009277,15200
2018-04-11,22.229999542236328,22.270000457763672,22.200000762939453,22.260000228881836,12.783150672912598,5800
2018-04-12,22.1299991607666,22.31999969482422,22.1299991607666,22.239999771118164,12.7716646194458,5200
2018-04-13,22.190000534057617,22.190000534057617,22.0,22.0,12.633840560913086,25000
2018-04-16,21.84000015258789,22.020000457763672,21.459999084472656,21.690000534057617,12.455819129943848,43400
2018-04-17,21.690000534057617,21.719999313354492,21.6200008392334,21.68000030517578,12.450077056884766,16000
2018-04-18,21.670000076293945,21.719999313354492,21.549999237060547,21.65999984741211,12.438590049743652,17000
2018-04-19,21.760000228881836,21.940000534057617,21.520000457763672,21.530000686645508,12.363937377929688,27600
2018-04-20,21.510000228881836,21.510000228881836,21.290000915527344,21.31999969482422,12.243339538574219,35300
2018-04-23,21.299999237060547,21.3700008392334,21.239999771118164,21.350000381469727,12.26056957244873,17500
2018-04-24,21.43000030517578,21.649999618530273,21.360000610351562,21.479999542236328,12.335223197937012,20500
2018-04-25,21.350000381469727,21.40999984741211,21.200000762939453,21.299999237060547,12.231855392456055,9400
2018-04-26,21.280000686645508,21.3700008392334,21.200000762939453,21.290000915527344,12.226113319396973,9200
2018-04-27,21.299999237060547,21.399999618530273,21.139999389648438,21.280000686645508,12.220370292663574,6900
2018-04-30,21.3700008392334,21.639999389648438,21.3700008392334,21.450000762939453,12.31799602508545,10000
2018-05-01,21.31999969482422,21.3700008392334,21.1299991607666,21.309999465942383,12.237598419189453,30000
2018-05-02,21.350000381469727,21.459999084472656,21.309999465942383,21.31999969482422,12.243339538574219,18000
2018-05-03,21.229999542236328,21.229999542236328,21.06999969482422,21.200000762939453,12.174430847167969,9300
2018-05-04,21.09000015258789,21.25,21.010000228881836,21.229999542236328,12.191656112670898,24900
2018-05-07,21.190000534057617,21.190000534057617,21.010000228881836,21.149999618530273,12.145715713500977,30900
2018-05-08,21.280000686645508,21.43000030517578,21.239999771118164,21.43000030517578,12.306510925292969,35600
2018-05-09,21.450000762939453,21.549999237060547,21.450000762939453,21.530000686645508,12.363937377929688,24200
2018-05-10,21.600000381469727,21.729999542236328,21.600000381469727,21.729999542236328,12.478790283203125,37000
2018-05-11,21.790000915527344,21.860000610351562,21.719999313354492,21.780000686645508,12.507503509521484,21700
2018-05-14,21.950000762939453,22.139999389648438,21.950000762939453,22.1200008392334,12.702754020690918,32000
2018-05-15,22.049999237060547,22.049999237060547,21.829999923706055,21.899999618530273,12.576415061950684,24200
2018-05-16,22.049999237060547,22.229999542236328,22.010000228881836,22.219999313354492,12.76017951965332,16600
2018-05-17,22.059999465942383,22.059999465942383,21.8700008392334,21.8700008392334,12.559187889099121,11900
2018-05-18,21.950000762939453,22.059999465942383,21.950000762939453,22.010000228881836,12.639585494995117,11000
2018-05-21,22.219999313354492,22.219999313354492,22.100000381469727,22.170000076293945,12.731467247009277,22300
2018-05-22,22.18000030517578,22.40999984741211,22.18000030517578,22.280000686645508,12.794636726379395,32100
2018-05-23,22.149999618530273,22.270000457763672,22.049999237060547,22.209999084472656,12.754435539245605,14200
2018-05-24,22.290000915527344,22.309999465942383,22.0,22.309999465942383,12.811863899230957,50600
2018-05-25,22.229999542236328,22.280000686645508,22.15999984741211,22.280000686645508,12.794636726379395,25400
2018-05-29,22.18000030517578,22.18000030517578,21.979999542236328,22.0,12.633840560913086,33000
2018-05-30,21.93000030517578,22.15999984741211,21.93000030517578,22.15999984741211,12.725724220275879,10300
2018-05-31,22.25,22.25,22.06999969482422,22.06999969482422,12.674039840698242,12900
2018-06-01,22.239999771118164,22.290000915527344,22.190000534057617,22.280000686645508,12.794636726379395,10000
2018-06-04,22.40999984741211,22.549999237060547,22.40999984741211,22.549999237060547,12.949687957763672,22500
2018-06-05,22.56999969482422,22.65999984741211,22.520000457763672,22.6200008392334,12.989887237548828,9400
2018-06-06,22.729999542236328,22.829999923706055,22.6200008392334,22.829999923706055,13.110481262207031,10800
2018-06-07,22.860000610351562,22.860000610351562,22.719999313354492,22.780000686645508,13.081768989562988,8300
2018-06-08,22.520000457763672,22.75,22.520000457763672,22.65999984741211,13.012856483459473,112800
2018-06-11,22.6200008392334,22.65999984741211,22.520000457763672,22.549999237060547,12.949687957763672,17400
2018-06-12,22.469999313354492,22.65999984741211,22.469999313354492,22.469999313354492,12.903745651245117,12000
2018-06-13,22.200000762939453,22.43000030517578,22.200000762939453,22.3700008392334,12.846321105957031,9700
2018-06-14,22.290000915527344,22.34000015258789,22.040000915527344,22.1299991607666,12.70849609375,17600
2018-06-15,21.969999313354492,21.969999313354492,21.760000228881836,21.93000030517578,12.593643188476562,18000
2018-06-18,21.610000610351562,21.809999465942383,21.559999465942383,21.790000915527344,12.513246536254883,28800
2018-06-19,21.399999618530273,21.540000915527344,21.389999389648438,21.440000534057617,12.31225299835205,14300
2018-06-20,21.549999237060547,21.549999237060547,21.34000015258789,21.450000762939453,12.31799602508545,20900
2018-06-21,21.389999389648438,21.389999389648438,21.06999969482422,21.139999389648438,12.139971733093262,20400
2018-06-22,21.350000381469727,21.399999618530273,21.190000534057617,21.280000686645508,12.220370292663574,21300
2018-06-25,21.030000686645508,21.06999969482422,20.68000030517578,20.809999465942383,11.950464248657227,51300
2018-06-26,20.809999465942383,20.920000076293945,20.799999237060547,20.899999618530273,12.00214958190918,29200
2018-06-27,20.709999084472656,20.709999084472656,20.360000610351562,20.360000610351562,11.692047119140625,44100
2018-06-28,20.239999771118164,20.389999389648438,20.219999313354492,20.389999389648438,11.709273338317871,21800
2018-06-29,20.639999389648438,20.899999618530273,20.639999389648438,20.899999618530273,12.00214958190918,19800
2018-07-02,20.260000228881836,20.450000762939453,20.010000228881836,20.350000381469727,11.686304092407227,37100
2018-07-03,20.510000228881836,20.510000228881836,20.399999618530273,20.459999084472656,11.749471664428711,18700
2018-07-05,20.420000076293945,20.420000076293945,20.170000076293945,20.200000762939453,11.600163459777832,26700
2018-07-06,20.110000610351562,20.479999542236328,20.110000610351562,20.479999542236328,11.760957717895508,12600
2018-07-09,20.729999542236328,20.8700008392334,20.540000915527344,20.8700008392334,11.984920501708984,32000
2018-07-10,20.90999984741211,20.90999984741211,20.690000534057617,20.729999542236328,11.904523849487305,24100
2018-07-11,20.43000030517578,20.510000228881836,20.3799991607666,20.489999771118164,11.766700744628906,12500
2018-07-12,20.68000030517578,20.780000686645508,20.68000030517578,20.739999771118164,11.910265922546387,13700
2018-07-13,20.56999969482422,20.770000457763672,20.56999969482422,20.6299991607666,11.847097396850586,7400
2018-07-16,20.670000076293945,20.670000076293945,20.450000762939453,20.510000228881836,11.778186798095703,6300
2018-07-17,20.350000381469727,20.5,20.350000381469727,20.489999771118164,11.766700744628906,6900
2018-07-18,20.329999923706055,20.3799991607666,20.219999313354492,20.3799991607666,11.703530311584473,5800
2018-07-19,20.139999389648438,20.25,20.139999389648438,20.25,11.628875732421875,5700
2018-07-20,20.299999237060547,20.520000457763672,20.299999237060547,20.459999084472656,11.749471664428711,26000
2018-07-23,20.420000076293945,20.440000534057617,20.3799991607666,20.40999984741211,11.720758438110352,10800
2018-07-24,20.6299991607666,20.940000534057617,20.6299991607666,20.899999618530273,12.00214958190918,22900
2018-07-25,20.860000610351562,21.100000381469727,20.829999923706055,21.100000381469727,12.117003440856934,11500
2018-07-26,20.860000610351562,20.860000610351562,20.489999771118164,20.489999771118164,11.766700744628906,4900
2018-07-27,20.649999618530273,20.729999542236328,20.6299991607666,20.709999084472656,11.893038749694824,12400
2018-07-30,20.700000762939453,20.899999618530273,20.6299991607666,20.899999618530273,12.00214958190918,22700
2018-07-31,20.8700008392334,20.8700008392334,20.59000015258789,20.59000015258789,11.824127197265625,2800
2018-08-01,20.43000030517578,20.5,20.299999237060547,20.3799991607666,11.703530311584473,9800
2018-08-02,20.079999923706055,20.170000076293945,20.0,20.1299991607666,11.559965133666992,12700
2018-08-03,20.139999389648438,20.209999084472656,20.139999389648438,20.190000534057617,11.59442138671875,11900
2018-08-06,20.06999969482422,20.149999618530273,19.350000381469727,19.90999984741211,11.433626174926758,14500
2018-08-07,20.040000915527344,20.270000457763672,20.040000915527344,20.219999313354492,11.611648559570312,6400
2018-08-08,20.15999984741211,20.15999984741211,20.049999237060547,20.100000381469727,11.542737007141113,4600
2018-08-09,20.280000686645508,20.59000015258789,20.260000228881836,20.559999465942383,11.806899070739746,4200
2018-08-10,20.3799991607666,20.40999984741211,20.190000534057617,20.200000762939453,11.600163459777832,5900
2018-08-13,20.020000457763672,20.079999923706055,20.020000457763672,20.030000686645508,11.502537727355957,8900
2018-08-14,20.0,20.010000228881836,19.940000534057617,19.940000534057617,11.45085620880127,4700
2018-08-15,19.3700008392334,19.3700008392334,19.15999984741211,19.350000381469727,11.112037658691406,18500
2018-08-16,19.43000030517578,19.729999542236328,19.399999618530273,19.6200008392334,11.267088890075684,17100
2018-08-17,19.31999969482422,19.639999389648438,19.149999618530273,19.56999969482422,11.23837661743164,15800
2018-08-20,19.5,19.65999984741211,19.420000076293945,19.610000610351562,11.261347770690918,32600
2018-08-21,19.68000030517578,20.0,19.68000030517578,20.0,11.485309600830078,6600
2018-08-22,19.989999771118164,20.0,19.93000030517578,19.959999084472656,11.4623384475708,5500
2018-08-23,19.84000015258789,19.950000762939453,19.809999465942383,19.940000534057617,11.45085620880127,18900
2018-08-24,20.0,20.0,19.850000381469727,19.899999618530273,11.427881240844727,12900
2018-08-27,20.0,20.209999084472656,20.0,20.170000076293945,11.58293342590332,24500
2018-08-28,20.25,20.459999084472656,20.149999618530273,20.149999618530273,11.571450233459473,15700
2018-08-29,20.200000762939453,20.239999771118164,20.1299991607666,20.209999084472656,11.605907440185547,14100
2018-08-30,19.969999313354492,20.1200008392334,19.860000610351562,19.860000610351562,11.404914855957031,52300
2018-08-31,19.8700008392334,19.920000076293945,19.81999969482422,19.84000015258789,11.393426895141602,7400
2018-09-04,19.75,19.75,19.670000076293945,19.690000534057617,11.30728816986084,22100
2018-09-05,19.600000381469727,19.6200008392334,19.5,19.530000686645508,11.21540641784668,16200
2018-09-06,19.549999237060547,19.600000381469727,19.139999389648438,19.200000762939453,11.025897026062012,19200
2018-09-07,18.969999313354492,19.25,18.709999084472656,19.200000762939453,11.025897026062012,19500
2018-09-10,19.110000610351562,19.110000610351562,18.899999618530273,18.959999084472656,10.888073921203613,12300
2018-09-11,18.75,18.780000686645508,18.600000381469727,18.709999084472656,10.7445068359375,199200
2018-09-12,18.610000610351562,18.90999984741211,18.610000610351562,18.850000381469727,10.824905395507812,60200
2018-09-13,19.040000915527344,19.299999237060547,19.040000915527344,19.1200008392334,10.979959487915039,50300
2018-09-14,19.1299991607666,19.239999771118164,19.010000228881836,19.040000915527344,10.934017181396484,22500
2018-09-17,19.110000610351562,19.110000610351562,18.8799991607666,19.020000457763672,10.922531127929688,44400
2018-09-18,19.079999923706055,19.239999771118164,19.040000915527344,19.100000381469727,10.968472480773926,60100
2018-09-19,19.25,19.510000228881836,19.25,19.290000915527344,11.077582359313965,18200
2018-09-20,19.420000076293945,19.59000015258789,19.420000076293945,19.440000534057617,11.16372299194336,36700
2018-09-21,19.729999542236328,19.770000457763672,19.649999618530273,19.68000030517578,11.301545143127441,30600
2018-09-24,19.5,19.510000228881836,19.360000610351562,19.399999618530273,11.140750885009766,47800
2018-09-25,19.440000534057617,19.56999969482422,19.440000534057617,19.520000457763672,11.209664344787598,22000
2018-09-26,19.520000457763672,19.719999313354492,19.520000457763672,19.610000610351562,11.261347770690918,21200
2018-09-27,19.649999618530273,19.68000030517578,19.56999969482422,19.68000030517578,11.301545143127441,14400
2018-09-28,19.579999923706055,19.6299991607666,19.510000228881836,19.600000381469727,11.25560474395752,26500
2018-10-01,19.68000030517578,19.68000030517578,19.479999542236328,19.579999923706055,11.244117736816406,54800
2018-10-02,19.510000228881836,19.520000457763672,19.290000915527344,19.3700008392334,11.123523712158203,3700
2018-10-03,19.3700008392334,19.3700008392334,19.209999084472656,19.209999084472656,11.031639099121094,3600
2018-10-04,19.049999237060547,19.049999237060547,18.670000076293945,18.739999771118164,10.761735916137695,12400
2018-10-05,18.780000686645508,18.899999618530273,18.59000015258789,18.75,10.767477989196777,37000
2018-10-08,18.5,18.530000686645508,18.299999237060547,18.440000534057617,10.589456558227539,16500
2018-10-09,18.239999771118164,18.459999084472656,18.239999771118164,18.329999923706055,10.526287078857422,9300
2018-10-10,18.329999923706055,18.329999923706055,17.850000381469727,17.860000610351562,10.25638198852539,42300
2018-10-11,17.6200008392334,17.850000381469727,17.40999984741211,17.739999771118164,10.187469482421875,69800
2018-10-12,18.079999923706055,18.079999923706055,17.899999618530273,18.06999969482422,10.376977920532227,63800
2018-10-15,17.829999923706055,17.8700008392334,17.670000076293945,17.770000457763672,10.20469856262207,7900
2018-10-16,17.889999389648438,18.079999923706055,17.889999389648438,18.079999923706055,10.382720947265625,11300
2018-10-17,17.8700008392334,17.899999618530273,17.760000228881836,17.760000228881836,10.198954582214355,40600
2018-10-18,17.600000381469727,17.65999984741211,17.260000228881836,17.440000534057617,10.015190124511719,30600
2018-10-19,17.56999969482422,17.770000457763672,17.549999237060547,17.670000076293945,10.147270202636719,20400
2018-10-22,17.889999389648438,18.100000381469727,17.8799991607666,17.950000762939453,10.308066368103027,25500
2018-10-23,17.469999313354492,17.719999313354492,17.399999618530273,17.719999313354492,10.175984382629395,13900
2018-10-24,17.6299991607666,17.6299991607666,17.280000686645508,17.280000686645508,9.923308372497559,33000
2018-10-25,17.299999237060547,17.389999389648438,17.209999084472656,17.219999313354492,9.8888521194458,62000
2018-10-26,16.90999984741211,17.079999923706055,16.850000381469727,17.030000686645508,9.779741287231445,15500
2018-10-29,17.09000015258789,17.09000015258789,16.56999969482422,16.6299991607666,9.55003547668457,23800
2018-10-30,16.670000076293945,16.780000686645508,16.649999618530273,16.709999084472656,9.595975875854492,116300
2018-10-31,16.8799991607666,17.049999237060547,16.8799991607666,16.979999542236328,9.75102710723877,21700
2018-11-01,17.309999465942383,17.6200008392334,17.229999542236328,17.5,10.049647331237793,58300
2018-11-02,17.889999389648438,17.940000534057617,17.579999923706055,17.790000915527344,10.216184616088867,64400
2018-11-05,17.739999771118164,17.790000915527344,17.690000534057617,17.709999084472656,10.170241355895996,68600
2018-11-06,17.6200008392334,17.829999923706055,17.6200008392334,17.829999923706055,10.239153861999512,4700
2018-11-07,18.010000228881836,18.139999389648438,17.93000030517578,18.139999389648438,10.417176246643066,11000
2018-11-08,17.90999984741211,17.950000762939453,17.739999771118164,17.799999237060547,10.22192668914795,8400
2018-11-09,17.469999313354492,17.469999313354492,17.299999237060547,17.440000534057617,10.015190124511719,5900
2018-11-12,17.43000030517578,17.43000030517578,17.190000534057617,17.420000076293945,10.003705024719238,31600
2018-11-13,17.59000015258789,17.760000228881836,17.520000457763672,17.540000915527344,10.072617530822754,5000
2018-11-14,17.760000228881836,18.010000228881836,17.579999923706055,17.6200008392334,10.118558883666992,18500
2018-11-15,17.6200008392334,17.969999313354492,17.579999923706055,17.889999389648438,10.273609161376953,70100
2018-11-16,17.799999237060547,18.010000228881836,17.75,17.959999084472656,10.313807487487793,16200
2018-11-19,17.90999984741211,17.90999984741211,17.729999542236328,17.799999237060547,10.22192668914795,30300
2018-11-20,17.510000228881836,17.530000686645508,17.329999923706055,17.440000534057617,10.015190124511719,13200
2018-11-21,17.65999984741211,17.81999969482422,17.65999984741211,17.81999969482422,10.233410835266113,4400
2018-11-23,17.59000015258789,17.670000076293945,17.59000015258789,17.670000076293945,10.147270202636719,1900
2018-11-26,17.850000381469727,17.950000762939453,17.59000015258789,17.950000762939453,10.308066368103027,15900
2018-11-27,17.780000686645508,17.90999984741211,17.639999389648438,17.889999389648438,10.273609161376953,16600
2018-11-28,17.950000762939453,18.200000762939453,17.920000076293945,18.200000762939453,10.45163345336914,38500
2018-11-29,18.09000015258789,18.100000381469727,17.950000762939453,18.010000228881836,10.342521667480469,23400
2018-11-30,18.020000457763672,18.1299991607666,17.989999771118164,18.059999465942383,10.371234893798828,17000
2018-12-03,18.489999771118164,18.520000457763672,18.440000534057617,18.5,10.623910903930664,29400
2018-12-04,18.5,18.600000381469727,18.31999969482422,18.399999618530273,10.566484451293945,61800
2018-12-06,17.950000762939453,18.110000610351562,17.8700008392334,18.110000610351562,10.399949073791504,27500
2018-12-07,18.0,18.149999618530273,17.81999969482422,17.8799991607666,10.267867088317871,8900
2018-12-10,17.75,17.889999389648438,17.75,17.790000915527344,10.216184616088867,14000
2018-12-11,17.969999313354492,18.049999237060547,17.850000381469727,17.899999618530273,10.279352188110352,11200
2018-12-12,18.25,18.3799991607666,18.18000030517578,18.200000762939453,10.45163345336914,22800
2018-12-13,18.270000457763672,18.389999389648438,18.260000228881836,18.260000228881836,10.486088752746582,20100
2018-12-14,18.110000610351562,18.1200008392334,17.93000030517578,17.93000030517578,10.296582221984863,78900
2018-12-17,17.8700008392334,17.90999984741211,17.649999618530273,17.700000762939453,10.16450023651123,25900
2018-12-18,17.729999542236328,17.760000228881836,17.360000610351562,17.729999542236328,10.18172836303711,17300
2018-12-19,17.729999542236328,17.729999542236328,17.25,17.34000015258789,9.957763671875,17300
2018-12-20,16.799999237060547,16.899999618530273,16.510000228881836,16.510000228881836,9.785873413085938,66900
2018-12-21,16.520000457763672,16.770000457763672,16.5,16.600000381469727,9.83922004699707,43800
2018-12-24,16.450000762939453,16.6200008392334,16.450000762939453,16.450000762939453,9.750311851501465,18700
2018-12-26,16.59000015258789,16.850000381469727,16.469999313354492,16.84000015258789,9.981472969055176,31100
2018-12-27,16.469999313354492,16.75,16.469999313354492,16.75,9.928128242492676,71800
2018-12-28,16.700000762939453,16.90999984741211,16.639999389648438,16.8700008392334,9.999255180358887,37100
2018-12-31,16.770000457763672,17.0,16.75,16.889999389648438,10.011109352111816,54000
2019-01-02,16.639999389648438,16.84000015258789,16.639999389648438,16.709999084472656,9.9044189453125,2500
2019-01-03,16.600000381469727,16.6299991607666,16.469999313354492,16.510000228881836,9.785873413085938,8400
2019-01-04,16.510000228881836,17.030000686645508,16.510000228881836,16.969999313354492,10.058527946472168,180400
2019-01-07,17.049999237060547,17.40999984741211,17.0,17.219999313354492,10.206707954406738,50000
2019-01-08,17.34000015258789,17.489999771118164,17.270000457763672,17.389999389648438,10.307470321655273,49600
2019-01-09,17.6299991607666,17.850000381469727,17.290000915527344,17.690000534057617,10.485288619995117,55100
2019-01-10,17.709999084472656,17.829999923706055,17.65999984741211,17.700000762939453,10.491216659545898,97100
2019-01-11,17.670000076293945,17.93000030517578,17.649999618530273,17.719999313354492,10.503068923950195,57200
2019-01-14,17.459999084472656,17.719999313354492,17.450000762939453,17.6200008392334,10.44379711151123,87900
2019-01-15,17.719999313354492,17.950000762939453,17.719999313354492,17.809999465942383,10.556414604187012,51200
2019-01-16,17.969999313354492,18.18000030517578,17.969999313354492,18.06999969482422,10.710524559020996,56500
2019-01-17,17.899999618530273,18.329999923706055,17.899999618530273,18.18000030517578,10.775723457336426,64200
2019-01-18,18.309999465942383,18.489999771118164,18.309999465942383,18.420000076293945,10.917977333068848,36100
2019-01-22,18.350000381469727,18.350000381469727,18.059999465942383,18.149999618530273,10.757942199707031,43700
2019-01-23,18.1299991607666,18.350000381469727,18.1299991607666,18.239999771118164,10.811285972595215,51700
2019-01-24,18.329999923706055,18.530000686645508,18.299999237060547,18.469999313354492,10.947613716125488,31000
2019-01-25,18.729999542236328,18.889999389648438,18.719999313354492,18.860000610351562,11.1787748336792,86900
2019-01-28,18.790000915527344,18.790000915527344,18.559999465942383,18.739999771118164,11.107650756835938,56700
2019-01-29,18.700000762939453,18.829999923706055,18.700000762939453,18.760000228881836,11.11950397491455,72300
2019-01-30,18.75,19.100000381469727,18.75,19.040000915527344,11.285468101501465,161700
2019-01-31,19.040000915527344,19.309999465942383,19.040000915527344,19.280000686645508,11.427719116210938,102200
2019-02-01,19.389999389648438,19.510000228881836,19.1299991607666,19.200000762939453,11.380302429199219,190200
2019-02-04,19.149999618530273,19.389999389648438,19.149999618530273,19.3700008392334,11.48106575012207,139000
2019-02-05,19.309999465942383,19.760000228881836,19.309999465942383,19.649999618530273,11.647027015686035,182000
2019-02-06,19.520000457763672,19.520000457763672,18.670000076293945,18.68000030517578,11.0720853805542,108400
2019-02-07,18.540000915527344,18.670000076293945,18.399999618530273,18.600000381469727,11.024667739868164,57300
2019-02-08,18.600000381469727,18.600000381469727,18.43000030517578,18.549999237060547,10.995031356811523,31700
2019-02-11,18.670000076293945,18.760000228881836,18.649999618530273,18.760000228881836,11.11950397491455,53200
2019-02-12,18.84000015258789,18.90999984741211,18.84000015258789,18.84000015258789,11.166922569274902,62400
2019-02-13,18.899999618530273,19.110000610351562,18.889999389648438,18.959999084472656,11.23804759979248,28500
2019-02-14,18.899999618530273,18.899999618530273,18.75,18.84000015258789,11.166922569274902,264200
2019-02-15,18.790000915527344,18.809999465942383,18.719999313354492,18.790000915527344,11.137285232543945,105100
2019-02-19,18.65999984741211,18.889999389648438,18.65999984741211,18.799999237060547,11.14321231842041,78600
2019-02-20,18.770000457763672,19.100000381469727,18.770000457763672,19.040000915527344,11.285468101501465,108300
2019-02-21,19.030000686645508,19.100000381469727,19.010000228881836,19.09000015258789,11.315103530883789,67100
2019-02-22,19.170000076293945,19.450000762939453,19.170000076293945,19.450000762939453,11.528483390808105,83300
2019-02-25,19.75,19.899999618530273,19.75,19.8700008392334,11.77742862701416,143100
2019-02-26,19.850000381469727,19.899999618530273,19.670000076293945,19.899999618530273,11.795207977294922,84100
2019-02-27,19.68000030517578,19.84000015258789,19.68000030517578,19.84000015258789,11.759644508361816,58500
2019-02-28,19.700000762939453,19.81999969482422,19.68000030517578,19.790000915527344,11.730010032653809,56900
2019-03-01,19.940000534057617,20.139999389648438,19.90999984741211,20.100000381469727,11.913752555847168,81100
2019-03-04,20.239999771118164,20.34000015258789,20.170000076293945,20.34000015258789,12.05600643157959,79200
2019-03-05,20.350000381469727,20.56999969482422,20.350000381469727,20.510000228881836,12.156771659851074,40900
2019-03-06,20.649999618530273,20.649999618530273,20.399999618530273,20.459999084472656,12.1271333694458,24300
2019-03-07,20.290000915527344,20.290000915527344,20.0,20.030000686645508,11.872262954711914,15700
2019-03-08,19.639999389648438,19.709999084472656,19.350000381469727,19.479999542236328,11.546263694763184,98700
2019-03-11,19.579999923706055,19.950000762939453,19.579999923706055,19.93000030517578,11.812990188598633,60300
2019-03-12,20.1299991607666,20.149999618530273,20.0,20.049999237060547,11.884117126464844,41000
2019-03-13,20.079999923706055,20.079999923706055,19.969999313354492,19.989999771118164,11.848552703857422,18400
2019-03-14,20.049999237060547,20.049999237060547,19.8799991607666,19.950000762939453,11.824845314025879,7000
2019-03-15,20.010000228881836,20.1200008392334,20.010000228881836,20.06999969482422,11.895971298217773,27200
2019-03-18,20.260000228881836,20.450000762939453,20.260000228881836,20.299999237060547,12.03229808807373,19400
2019-03-19,20.440000534057617,20.5,20.40999984741211,20.440000534057617,12.115281105041504,35200
2019-03-20,20.329999923706055,20.540000915527344,20.260000228881836,20.440000534057617,12.115281105041504,27200
2019-03-21,20.309999465942383,20.3799991607666,20.25,20.3799991607666,12.079716682434082,24600
2019-03-22,20.299999237060547,20.299999237060547,19.969999313354492,19.969999313354492,11.836698532104492,35500
2019-03-25,19.899999618530273,20.020000457763672,19.850000381469727,19.989999771118164,11.848552703857422,15600
2019-03-26,20.09000015258789,20.09000015258789,19.93000030517578,20.010000228881836,11.860408782958984,15700
2019-03-27,20.0,20.0,19.889999389648438,19.920000076293945,11.807063102722168,8600
2019-03-28,20.100000381469727,20.100000381469727,19.940000534057617,19.969999313354492,11.836698532104492,14800
2019-03-29,20.139999389648438,20.3799991607666,20.139999389648438,20.3799991607666,12.079716682434082,45000
2019-04-01,20.799999237060547,20.799999237060547,20.56999969482422,20.75,12.29902458190918,53200
2019-04-02,20.75,20.75,20.670000076293945,20.700000762939453,12.269388198852539,11300
2019-04-03,20.84000015258789,20.979999542236328,20.84000015258789,20.850000381469727,12.358297348022461,15700
2019-04-04,20.81999969482422,21.1200008392334,20.81999969482422,21.100000381469727,12.506479263305664,30700
2019-04-05,21.229999542236328,21.299999237060547,21.229999542236328,21.260000228881836,12.601313591003418,38300
2019-04-08,21.209999084472656,21.3799991607666,21.15999984741211,21.360000610351562,12.6605863571167,33200
2019-04-09,21.299999237060547,21.34000015258789,21.280000686645508,21.31999969482422,12.636877059936523,30400
2019-04-10,21.43000030517578,21.43000030517578,21.260000228881836,21.290000915527344,12.619095802307129,9700
2019-04-11,21.06999969482422,21.139999389648438,21.030000686645508,21.040000915527344,12.470913887023926,11900
2019-04-12,21.280000686645508,21.350000381469727,21.260000228881836,21.260000228881836,12.601313591003418,21000
2019-04-15,21.1200008392334,21.229999542236328,21.059999465942383,21.15999984741211,12.542040824890137,37400
2019-04-16,21.3799991607666,21.40999984741211,21.270000457763672,21.360000610351562,12.6605863571167,36300
2019-04-17,21.450000762939453,21.56999969482422,21.420000076293945,21.549999237060547,12.77320384979248,57300
2019-04-18,21.579999923706055,21.579999923706055,21.489999771118164,21.549999237060547,12.77320384979248,2800
2019-04-22,21.440000534057617,21.600000381469727,21.34000015258789,21.600000381469727,12.802841186523438,17800
2019-04-23,21.540000915527344,21.639999389648438,21.540000915527344,21.639999389648438,12.826547622680664,6200
2019-04-24,21.6200008392334,21.6200008392334,21.5,21.559999465942383,12.779129981994629,88800
2019-04-25,21.350000381469727,21.3700008392334,21.270000457763672,21.290000915527344,12.619095802307129,23200
2019-04-26,21.280000686645508,21.31999969482422,21.209999084472656,21.219999313354492,12.57760238647461,43800
2019-04-29,21.25,21.299999237060547,21.25,21.260000228881836,12.601313591003418,12300
2019-04-30,21.350000381469727,21.350000381469727,21.110000610351562,21.18000030517578,12.553895950317383,8800
2019-05-01,21.200000762939453,21.399999618530273,21.200000762939453,21.200000762939453,12.565751075744629,18100
2019-05-02,21.299999237060547,21.350000381469727,21.149999618530273,21.209999084472656,12.571676254272461,20700
2019-05-03,21.510000228881836,21.579999923706055,21.5,21.510000228881836,12.749494552612305,13400
2019-05-06,20.959999084472656,21.1299991607666,20.770000457763672,21.1299991607666,12.524258613586426,15700
2019-05-07,20.780000686645508,20.780000686645508,20.360000610351562,20.3700008392334,12.073789596557617,56400
2019-05-08,20.420000076293945,20.420000076293945,20.18000030517578,20.209999084472656,11.978952407836914,16900
2019-05-09,19.84000015258789,20.030000686645508,19.639999389648438,20.030000686645508,11.872262954711914,27000
2019-05-10,19.989999771118164,20.030000686645508,19.729999542236328,19.979999542236328,11.842625617980957,9800
2019-05-13,19.75,19.75,19.309999465942383,19.43000030517578,11.51662826538086,12700
2019-05-14,19.6200008392334,19.700000762939453,19.549999237060547,19.600000381469727,11.617391586303711,48500
2019-05-15,19.540000915527344,19.700000762939453,19.540000915527344,19.6299991607666,11.635171890258789,9800
2019-05-16,19.739999771118164,19.81999969482422,19.700000762939453,19.700000762939453,11.676664352416992,14800
2019-05-17,19.280000686645508,19.469999313354492,19.260000228881836,19.450000762939453,11.528483390808105,48300
2019-05-20,19.25,19.309999465942383,19.049999237060547,19.06999969482422,11.30324649810791,19900
2019-05-21,19.1299991607666,19.190000534057617,18.93000030517578,18.950000762939453,11.232121467590332,49600
2019-05-22,18.850000381469727,18.899999618530273,18.790000915527344,18.84000015258789,11.166922569274902,14300
2019-05-23,18.639999389648438,18.639999389648438,18.520000457763672,18.6200008392334,11.03652286529541,8100
2019-05-24,18.59000015258789,18.670000076293945,18.540000915527344,18.579999923706055,11.012812614440918,4300
2019-05-28,18.59000015258789,18.790000915527344,18.56999969482422,18.56999969482422,11.006885528564453,11800
2019-05-29,18.59000015258789,18.670000076293945,18.59000015258789,18.670000076293945,11.066158294677734,18800
2019-05-30,18.65999984741211,18.739999771118164,18.639999389648438,18.739999771118164,11.107650756835938,11600
2019-05-31,18.459999084472656,18.68000030517578,18.459999084472656,18.68000030517578,11.0720853805542,9000
2019-06-03,18.65999984741211,18.75,18.65999984741211,18.709999084472656,11.089865684509277,11500
2019-06-04,18.489999771118164,18.729999542236328,18.489999771118164,18.729999542236328,11.101720809936523,10500
2019-06-05,18.780000686645508,18.780000686645508,18.5,18.559999465942383,11.000959396362305,5900
2019-06-06,18.510000228881836,18.579999923706055,18.5,18.559999465942383,11.000959396362305,6700
2019-06-07,18.639999389648438,18.84000015258789,18.639999389648438,18.700000762939453,11.083940505981445,11900
2019-06-10,18.899999618530273,18.959999084472656,18.860000610351562,18.90999984741211,11.208412170410156,12700
2019-06-11,19.299999237060547,19.299999237060547,19.049999237060547,19.18000030517578,11.368447303771973,51300
2019-06-12,18.989999771118164,19.010000228881836,18.889999389648438,18.899999618530273,11.202485084533691,16200
2019-06-13,18.969999313354492,19.079999923706055,18.950000762939453,19.049999237060547,11.29139232635498,25500
2019-06-14,18.889999389648438,18.959999084472656,18.84000015258789,18.84000015258789,11.166922569274902,16600
2019-06-17,18.850000381469727,19.0,18.850000381469727,18.93000030517578,11.22026538848877,17200
2019-06-18,19.200000762939453,19.440000534057617,19.200000762939453,19.40999984741211,11.50477409362793,10500
2019-06-19,19.579999923706055,19.670000076293945,19.489999771118164,19.65999984741211,11.652955055236816,8500
2019-06-20,20.030000686645508,20.549999237060547,19.959999084472656,20.149999618530273,11.943389892578125,48300
2019-06-21,20.0,20.149999618530273,20.0,20.100000381469727,11.913752555847168,11900
2019-06-24,20.049999237060547,20.229999542236328,20.049999237060547,20.18000030517578,11.961172103881836,12200
2019-06-25,20.079999923706055,20.100000381469727,19.829999923706055,19.889999389648438,11.789280891418457,36800
2019-06-26,19.950000762939453,20.170000076293945,19.950000762939453,20.09000015258789,11.907827377319336,27000
2019-06-27,20.309999465942383,20.350000381469727,20.229999542236328,20.260000228881836,12.008589744567871,9200
2019-06-28,20.299999237060547,20.299999237060547,20.239999771118164,20.239999771118164,11.996734619140625,6300
2019-07-01,20.75,20.780000686645508,20.479999542236328,20.559999465942383,12.186406135559082,15300
2019-07-02,20.56999969482422,20.649999618530273,20.520000457763672,20.530000686645508,12.168625831604004,9100
2019-07-03,20.469999313354492,20.6299991607666,20.459999084472656,20.6200008392334,12.221970558166504,4600
2019-07-05,20.65999984741211,20.799999237060547,20.549999237060547,20.549999237060547,12.180479049682617,12900
2019-07-08,20.360000610351562,20.399999618530273,20.360000610351562,20.360000610351562,12.067862510681152,4600
2019-07-09,20.260000228881836,20.350000381469727,20.260000228881836,20.34000015258789,12.05600643157959,10900
2019-07-10,20.139999389648438,20.5,20.139999389648438,20.43000030517578,12.109353065490723,15500
2019-07-11,20.43000030517578,20.450000762939453,20.350000381469727,20.399999618530273,12.091570854187012,5200
2019-07-12,20.399999618530273,20.459999084472656,20.350000381469727,20.440000534057617,12.115281105041504,3000
2019-07-15,20.540000915527344,20.579999923706055,20.420000076293945,20.540000915527344,12.174551963806152,4000
2019-07-16,20.6299991607666,20.6299991607666,20.520000457763672,20.56999969482422,12.192334175109863,5600
2019-07-17,20.549999237060547,20.579999923706055,20.5,20.5,12.150843620300293,6500
2019-07-18,20.489999771118164,20.510000228881836,20.3799991607666,20.469999313354492,12.133061408996582,10100
2019-07-19,20.579999923706055,20.65999984741211,20.5,20.520000457763672,12.162696838378906,8300
2019-07-22,20.479999542236328,20.479999542236328,20.360000610351562,20.360000610351562,12.067862510681152,5000
2019-07-23,20.389999389648438,20.450000762939453,20.350000381469727,20.450000762939453,12.121206283569336,1400
2019-07-24,20.469999313354492,20.56999969482422,20.469999313354492,20.549999237060547,12.180479049682617,4500
2019-07-25,20.450000762939453,20.479999542236328,20.450000762939453,20.450000762939453,12.121206283569336,1200
2019-07-26,20.43000030517578,20.530000686645508,20.43000030517578,20.479999542236328,12.138989448547363,3500
2019-07-29,20.420000076293945,20.520000457763672,20.399999618530273,20.43000030517578,12.109353065490723,19500
2019-07-30,20.399999618530273,20.399999618530273,20.31999969482422,20.31999969482422,12.04415225982666,7300
2019-07-31,20.25,20.270000457763672,20.020000457763672,20.18000030517578,11.961172103881836,11700
2019-08-01,20.190000534057617,20.290000915527344,19.760000228881836,19.760000228881836,11.712227821350098,17000
2019-08-02,19.440000534057617,19.649999618530273,19.18000030517578,19.559999465942383,11.593682289123535,7900
2019-08-05,18.950000762939453,19.049999237060547,18.719999313354492,18.829999923706055,11.160993576049805,15200
2019-08-06,19.149999618530273,19.149999618530273,18.850000381469727,18.889999389648438,11.196557998657227,19000
2019-08-07,18.68000030517578,18.950000762939453,18.200000762939453,18.920000076293945,11.214339256286621,7000
2019-08-08,19.059999465942383,19.110000610351562,19.059999465942383,19.079999923706055,11.309174537658691,2400
2019-08-09,18.950000762939453,18.959999084472656,18.829999923706055,18.920000076293945,11.214339256286621,4100
2019-08-12,18.700000762939453,18.709999084472656,18.6299991607666,18.639999389648438,11.048376083374023,6700
2019-08-13,18.65999984741211,19.079999923706055,18.65999984741211,18.8700008392334,11.184703826904297,6500
2019-08-14,18.5,18.649999618530273,18.5,18.610000610351562,11.030593872070312,34000
2019-08-15,18.899999618530273,19.25,18.709999084472656,18.739999771118164,11.107650756835938,15400
2019-08-16,18.93000030517578,19.06999969482422,18.93000030517578,19.0,11.261757850646973,15800
2019-08-19,19.290000915527344,19.450000762939453,19.280000686645508,19.389999389648438,11.492919921875,13400
2019-08-20,19.510000228881836,19.530000686645508,19.399999618530273,19.43000030517578,11.51662826538086,9600
2019-08-21,19.649999618530273,19.719999313354492,19.6200008392334,19.719999313354492,11.688517570495605,11900
2019-08-22,19.65999984741211,19.68000030517578,19.5,19.520000457763672,11.569974899291992,20900
2019-08-23,19.479999542236328,19.549999237060547,19.1200008392334,19.209999084472656,11.38622760772705,6000
2019-08-26,19.239999771118164,19.399999618530273,19.239999771118164,19.309999465942383,11.445501327514648,3100
2019-08-27,19.440000534057617,19.489999771118164,19.219999313354492,19.290000915527344,11.433647155761719,15900
2019-08-28,19.200000762939453,19.25,19.200000762939453,19.239999771118164,11.404011726379395,2100
2019-08-29,19.40999984741211,19.440000534057617,19.360000610351562,19.360000610351562,11.475137710571289,3800
2019-08-30,19.450000762939453,19.489999771118164,19.329999923706055,19.329999923706055,11.457357406616211,14000
2019-09-03,19.299999237060547,19.3799991607666,19.299999237060547,19.309999465942383,11.445501327514648,5200
2019-09-04,19.5,19.709999084472656,19.5,19.649999618530273,11.647027015686035,38500
2019-09-05,19.700000762939453,19.940000534057617,19.700000762939453,19.899999618530273,11.795207977294922,137300
2019-09-06,19.940000534057617,20.049999237060547,19.940000534057617,20.030000686645508,11.872262954711914,6700
2019-09-09,20.059999465942383,20.059999465942383,20.059999465942383,20.059999465942383,11.890045166015625,100
2019-09-10,20.030000686645508,20.1200008392334,20.0,20.100000381469727,11.913752555847168,19900
2019-09-11,20.110000610351562,20.31999969482422,20.110000610351562,20.280000686645508,12.020444869995117,15500
2019-09-12,20.280000686645508,20.5,20.280000686645508,20.3799991607666,12.079716682434082,9400
2019-09-13,20.450000762939453,21.0,20.450000762939453,20.75,12.29902458190918,16200
2019-09-16,20.530000686645508,20.530000686645508,20.459999084472656,20.459999084472656,12.1271333694458,1600
2019-09-17,20.260000228881836,20.290000915527344,20.25,20.270000457763672,12.014516830444336,7500
2019-09-18,20.280000686645508,20.299999237060547,20.18000030517578,20.219999313354492,11.984880447387695,7900
2019-09-19,20.25,20.34000015258789,20.25,20.25,12.00266170501709,6500
2019-09-20,20.200000762939453,20.229999542236328,20.030000686645508,20.059999465942383,11.890045166015625,3400
2019-09-23,19.920000076293945,20.06999969482422,19.920000076293945,20.040000915527344,11.878190994262695,4600
2019-09-24,19.940000534057617,19.950000762939453,19.8700008392334,19.8700008392334,11.77742862701416,10100
2019-09-25,19.770000457763672,19.8700008392334,19.719999313354492,19.860000610351562,11.771500587463379,1900
2019-09-26,19.770000457763672,19.790000915527344,19.6200008392334,19.639999389648438,11.641098976135254,9500
2019-09-27,19.549999237060547,19.549999237060547,19.270000457763672,19.34000015258789,11.46328353881836,11500
2019-09-30,19.40999984741211,19.450000762939453,19.350000381469727,19.40999984741211,11.50477409362793,8900
2019-10-01,19.309999465942383,19.40999984741211,19.139999389648438,19.149999618530273,11.350665092468262,13600
2019-10-02,19.18000030517578,19.18000030517578,19.149999618530273,19.149999618530273,11.350665092468262,9100
2019-10-03,19.190000534057617,19.389999389648438,19.1200008392334,19.3700008392334,11.48106575012207,28100
2019-10-04,19.31999969482422,19.420000076293945,19.239999771118164,19.3799991607666,11.486990928649902,17800
2019-10-07,19.239999771118164,19.309999465942383,19.149999618530273,19.18000030517578,11.368447303771973,10100
2019-10-08,19.25,19.25,19.020000457763672,19.059999465942383,11.297319412231445,40600
2019-10-09,19.200000762939453,19.200000762939453,19.030000686645508,19.06999969482422,11.30324649810791,32800
2019-10-10,19.139999389648438,19.309999465942383,19.100000381469727,19.270000457763672,11.421792984008789,49300
2019-10-11,19.579999923706055,19.68000030517578,19.579999923706055,19.670000076293945,11.658883094787598,84500
2019-10-14,19.6299991607666,19.770000457763672,19.6299991607666,19.729999542236328,11.69444465637207,12700
2019-10-15,19.770000457763672,19.920000076293945,19.770000457763672,19.8799991607666,11.783353805541992,5800
2019-10-16,19.90999984741211,19.969999313354492,19.75,19.84000015258789,11.759644508361816,60400
2019-10-17,19.989999771118164,20.059999465942383,19.899999618530273,20.059999465942383,11.890045166015625,19800
2019-10-18,20.020000457763672,20.030000686645508,19.860000610351562,19.889999389648438,11.789280891418457,4800
2019-10-21,19.989999771118164,20.049999237060547,19.90999984741211,19.979999542236328,11.842625617980957,5300
2019-10-22,19.90999984741211,19.950000762939453,19.90999984741211,19.950000762939453,11.824845314025879,4000
2019-10-23,19.760000228881836,19.850000381469727,19.760000228881836,19.84000015258789,11.759644508361816,5800
2019-10-24,19.8799991607666,19.8799991607666,19.829999923706055,19.8700008392334,11.77742862701416,3500
2019-10-25,19.899999618530273,19.899999618530273,19.8700008392334,19.8700008392334,11.77742862701416,237400
2019-10-28,20.15999984741211,20.200000762939453,20.079999923706055,20.170000076293945,11.955243110656738,15100
2019-10-29,20.020000457763672,20.049999237060547,19.899999618530273,20.040000915527344,11.878190994262695,23800
2019-10-30,20.1299991607666,20.1299991607666,19.920000076293945,20.06999969482422,11.895971298217773,29300
2019-10-31,20.09000015258789,20.09000015258789,20.049999237060547,20.079999923706055,11.901898384094238,38300
2019-11-01,20.40999984741211,20.40999984741211,20.34000015258789,20.350000381469727,12.061934471130371,28700
2019-11-04,20.309999465942383,20.690000534057617,20.309999465942383,20.59000015258789,12.204188346862793,34200
2019-11-05,20.719999313354492,20.829999923706055,20.690000534057617,20.770000457763672,12.31087875366211,14800
2019-11-06,20.799999237060547,20.989999771118164,20.780000686645508,20.790000915527344,12.322732925415039,42100
2019-11-07,20.8799991607666,21.18000030517578,20.8799991607666,21.1299991607666,12.524258613586426,58300
2019-11-08,21.0,21.059999465942383,20.979999542236328,21.010000228881836,12.453132629394531,19700
2019-11-11,20.600000381469727,20.690000534057617,20.559999465942383,20.639999389648438,12.233824729919434,83100
2019-11-12,20.639999389648438,20.729999542236328,20.600000381469727,20.6299991607666,12.227897644042969,41600
2019-11-13,20.489999771118164,20.5,20.239999771118164,20.420000076293945,12.103425025939941,22100
2019-11-14,20.389999389648438,20.389999389648438,20.290000915527344,20.34000015258789,12.05600643157959,42200
2019-11-15,20.309999465942383,20.520000457763672,20.309999465942383,20.489999771118164,12.144916534423828,11100
2019-11-18,20.549999237060547,20.6299991607666,20.549999237060547,20.579999923706055,12.198262214660645,6800
2019-11-19,20.6200008392334,20.799999237060547,20.610000610351562,20.780000686645508,12.31680679321289,37700
2019-11-20,20.75,20.829999923706055,20.600000381469727,20.649999618530273,12.239751815795898,18400
2019-11-21,20.59000015258789,20.6200008392334,20.5,20.56999969482422,12.192334175109863,39300
2019-11-22,20.59000015258789,20.59000015258789,20.459999084472656,20.559999465942383,12.186406135559082,9100
2019-11-25,20.649999618530273,20.81999969482422,20.649999618530273,20.799999237060547,12.328659057617188,38400
2019-11-26,20.739999771118164,20.90999984741211,20.739999771118164,20.8700008392334,12.370150566101074,9800
2019-11-27,20.81999969482422,20.90999984741211,20.780000686645508,20.90999984741211,12.39385986328125,27900
2019-11-29,20.719999313354492,20.719999313354492,20.489999771118164,20.5,12.150843620300293,3600
2019-12-02,20.579999923706055,20.68000030517578,20.510000228881836,20.600000381469727,12.210115432739258,9800
2019-12-03,20.549999237060547,20.549999237060547,20.299999237060547,20.489999771118164,12.144916534423828,5800
2019-12-04,20.639999389648438,20.639999389648438,20.540000915527344,20.639999389648438,12.233824729919434,8100
2019-12-05,20.670000076293945,20.729999542236328,20.610000610351562,20.729999542236328,12.28717041015625,14300
2019-12-06,20.989999771118164,20.989999771118164,20.90999984741211,20.920000076293945,12.399787902832031,20000
2019-12-09,20.90999984741211,20.920000076293945,20.84000015258789,20.84000015258789,12.352370262145996,6000
2019-12-10,20.8700008392334,20.950000762939453,20.8700008392334,20.8700008392334,12.370150566101074,9700
2019-12-11,21.06999969482422,21.270000457763672,21.049999237060547,21.139999389648438,12.53018569946289,35400
2019-12-12,21.149999618530273,21.56999969482422,21.149999618530273,21.489999771118164,12.737638473510742,40100
2019-12-13,21.530000686645508,21.790000915527344,21.440000534057617,21.459999084472656,12.719858169555664,20800
2019-12-16,21.610000610351562,21.770000457763672,21.43000030517578,21.690000534057617,12.856185913085938,86400
2019-12-17,21.719999313354492,21.989999771118164,21.079999923706055,21.989999771118164,13.034001350402832,17900
2019-12-18,21.90999984741211,22.100000381469727,21.729999542236328,22.020000457763672,13.051785469055176,29900
2019-12-19,22.0,22.100000381469727,21.979999542236328,22.100000381469727,13.099202156066895,21400
2019-12-20,22.079999923706055,22.280000686645508,21.860000610351562,22.280000686645508,13.205892562866211,19600
2019-12-23,22.3700008392334,22.389999389648438,22.239999771118164,22.280000686645508,13.205892562866211,35100
2019-12-24,22.389999389648438,22.389999389648438,22.260000228881836,22.309999465942383,13.223672866821289,28500
2019-12-26,22.350000381469727,22.40999984741211,22.329999923706055,22.3799991607666,13.26516342163086,34600
2019-12-27,21.190000534057617,21.200000762939453,20.979999542236328,21.0,13.267691612243652,19200
2019-12-30,21.030000686645508,21.149999618530273,20.969999313354492,21.020000457763672,13.280327796936035,18500
2019-12-31,21.0,21.09000015258789,20.850000381469727,21.09000015258789,13.324553489685059,22600
2020-01-02,21.280000686645508,21.639999389648438,21.280000686645508,21.6299991607666,13.66572093963623,36600
2020-01-03,21.469999313354492,21.5,21.3700008392334,21.389999389648438,13.514091491699219,38000
2020-01-06,21.229999542236328,21.399999618530273,21.229999542236328,21.399999618530273,13.520410537719727,14200
2020-01-07,21.290000915527344,21.530000686645508,21.290000915527344,21.530000686645508,13.602543830871582,17000
2020-01-08,21.399999618530273,22.18000030517578,21.3799991607666,21.600000381469727,13.646769523620605,68000
2020-01-09,21.75,21.940000534057617,21.709999084472656,21.93000030517578,13.855260848999023,31800
2020-01-10,22.100000381469727,22.100000381469727,21.899999618530273,22.079999923706055,13.950030326843262,35300
2020-01-13,22.25,22.729999542236328,22.190000534057617,22.729999542236328,14.360697746276855,74200
2020-01-14,22.6299991607666,22.6299991607666,22.350000381469727,22.389999389648438,14.145886421203613,12800
2020-01-15,22.450000762939453,22.450000762939453,22.31999969482422,22.360000610351562,14.126934051513672,10000
2020-01-16,22.3799991607666,22.450000762939453,22.329999923706055,22.440000534057617,14.177477836608887,19700
2020-01-17,22.489999771118164,22.600000381469727,22.489999771118164,22.579999923706055,14.265928268432617,21900
2020-01-21,22.0,22.0,21.6299991607666,21.670000076293945,13.690995216369629,64000
2020-01-22,21.719999313354492,21.950000762939453,21.719999313354492,21.860000610351562,13.81103515625,13900
2020-01-23,21.5,21.56999969482422,21.239999771118164,21.510000228881836,13.589906692504883,30000
2020-01-24,21.43000030517578,21.469999313354492,20.969999313354492,21.020000457763672,13.280327796936035,65800
2020-01-27,20.209999084472656,20.270000457763672,20.0,20.200000762939453,12.762256622314453,24400
2020-01-28,20.200000762939453,20.5,20.200000762939453,20.459999084472656,12.926522254943848,5700
2020-01-29,20.510000228881836,20.690000534057617,20.510000228881836,20.649999618530273,13.046564102172852,7700
2020-01-30,20.350000381469727,20.3799991607666,19.93000030517578,20.219999313354492,12.774890899658203,32400
2020-01-31,20.049999237060547,20.049999237060547,19.43000030517578,19.530000686645508,12.338953971862793,95400
2020-02-03,19.3700008392334,19.780000686645508,19.3700008392334,19.639999389648438,12.408451080322266,22600
2020-02-04,20.139999389648438,20.440000534057617,20.139999389648438,20.40999984741211,12.894933700561523,42000
2020-02-05,20.649999618530273,20.709999084472656,20.610000610351562,20.68000030517578,13.06551742553711,39700
2020-02-06,20.84000015258789,21.059999465942383,20.799999237060547,20.93000030517578,13.223465919494629,43600
2020-02-07,20.90999984741211,20.90999984741211,20.739999771118164,20.739999771118164,13.103424072265625,19200
2020-02-10,20.649999618530273,21.100000381469727,20.6200008392334,21.100000381469727,13.33087158203125,33300
2020-02-11,21.229999542236328,21.5,21.229999542236328,21.459999084472656,13.558317184448242,31500
2020-02-12,21.670000076293945,21.860000610351562,21.579999923706055,21.860000610351562,13.81103515625,14500
2020-02-13,21.65999984741211,21.690000534057617,21.520000457763672,21.520000457763672,13.59622573852539,11200
2020-02-14,21.690000534057617,21.81999969482422,21.540000915527344,21.549999237060547,13.615179061889648,20300
2020-02-18,21.3700008392334,21.5,21.3700008392334,21.459999084472656,13.558317184448242,14600
2020-02-19,21.559999465942383,21.670000076293945,21.559999465942383,21.649999618530273,13.678359031677246,1600
2020-02-20,21.56999969482422,21.56999969482422,21.389999389648438,21.43000030517578,13.539362907409668,5800
2020-02-21,21.450000762939453,21.479999542236328,21.399999618530273,21.420000076293945,13.533044815063477,8400
2020-02-24,20.649999618530273,20.760000228881836,20.56999969482422,20.670000076293945,13.059199333190918,22600
2020-02-25,20.729999542236328,20.899999618530273,20.559999465942383,20.559999465942383,12.989702224731445,49200
2020-02-26,20.559999465942383,20.979999542236328,20.559999465942383,20.780000686645508,13.128698348999023,25000
2020-02-27,20.700000762939453,20.899999618530273,20.530000686645508,20.600000381469727,13.014974594116211,28500
2020-02-28,19.84000015258789,20.43000030517578,19.700000762939453,20.239999771118164,12.787528038024902,27400
2020-03-02,20.229999542236328,20.75,20.18000030517578,20.75,13.10974407196045,44500
2020-03-03,20.809999465942383,20.940000534057617,20.600000381469727,20.790000915527344,13.135014533996582,17300
2020-03-04,20.940000534057617,21.0,20.860000610351562,20.989999771118164,13.261373519897461,26600
2020-03-05,20.889999389648438,21.100000381469727,20.889999389648438,21.040000915527344,13.292963981628418,18900
2020-03-06,20.709999084472656,20.709999084472656,20.549999237060547,20.68000030517578,13.06551742553711,54500
2020-03-09,19.860000610351562,20.059999465942383,19.3700008392334,19.899999618530273,12.57271671295166,15500
2020-03-10,20.780000686645508,20.780000686645508,20.149999618530273,20.3799991607666,12.875978469848633,38300
2020-03-11,19.81999969482422,20.030000686645508,19.670000076293945,19.68000030517578,12.433722496032715,71500
2020-03-12,18.219999313354492,18.510000228881836,17.5,18.020000457763672,11.384943008422852,38800
2020-03-13,18.200000762939453,18.579999923706055,18.200000762939453,18.5,11.688204765319824,37500
2020-03-16,17.350000381469727,18.030000686645508,17.200000762939453,17.200000762939453,10.866872787475586,60800
2020-03-17,17.540000915527344,17.65999984741211,17.5,17.559999465942383,11.094317436218262,14600
2020-03-18,16.59000015258789,17.06999969482422,15.40999984741211,16.059999465942383,10.146625518798828,49900
2020-03-19,15.770000457763672,16.399999618530273,15.510000228881836,16.170000076293945,10.2161226272583,111500
2020-03-20,16.649999618530273,16.969999313354492,16.5,16.690000534057617,10.544656753540039,22700
2020-03-23,16.600000381469727,16.649999618530273,16.239999771118164,16.649999618530273,10.519384384155273,32500
2020-03-24,16.959999084472656,17.969999313354492,16.959999084472656,17.969999313354492,11.353352546691895,60400
2020-03-25,18.389999389648438,18.760000228881836,17.760000228881836,18.3799991607666,11.61238956451416,18200
2020-03-26,18.31999969482422,18.8700008392334,17.850000381469727,18.8700008392334,11.921969413757324,49500
2020-03-27,17.93000030517578,19.030000686645508,17.93000030517578,18.440000534057617,11.650297164916992,37100
2020-03-30,18.5,18.670000076293945,18.479999542236328,18.610000610351562,11.757701873779297,11600
2020-03-31,18.770000457763672,18.770000457763672,18.450000762939453,18.459999084472656,11.662931442260742,24200
2020-04-01,18.139999389648438,18.469999313354492,18.1200008392334,18.239999771118164,11.523937225341797,32400
2020-04-02,18.440000534057617,18.450000762939453,18.200000762939453,18.399999618530273,11.625024795532227,33400
2020-04-03,18.25,18.540000915527344,18.200000762939453,18.25,11.530256271362305,22300
2020-04-06,18.670000076293945,18.829999923706055,18.670000076293945,18.81999969482422,11.890378952026367,19200
2020-04-07,19.030000686645508,19.239999771118164,18.850000381469727,18.860000610351562,11.915650367736816,25800
2020-04-08,18.93000030517578,18.959999084472656,18.84000015258789,18.8799991607666,11.928285598754883,37700
2020-04-09,18.950000762939453,19.31999969482422,18.950000762939453,19.100000381469727,12.067282676696777,36100
2020-04-13,19.030000686645508,19.139999389648438,19.0,19.09000015258789,12.06096363067627,39600
2020-04-14,19.440000534057617,19.6200008392334,19.440000534057617,19.6200008392334,12.3958158493042,13600
2020-04-15,19.270000457763672,19.34000015258789,19.149999618530273,19.280000686645508,12.181004524230957,5700
2020-04-16,19.540000915527344,19.68000030517578,19.399999618530273,19.6200008392334,12.3958158493042,6400
2020-04-17,19.989999771118164,19.989999771118164,19.719999313354492,19.90999984741211,12.579034805297852,7000
2020-04-20,19.6299991607666,20.020000457763672,19.6299991607666,20.0,12.635896682739258,22300
2020-04-21,19.579999923706055,19.700000762939453,19.579999923706055,19.68000030517578,12.433722496032715,12000
2020-04-22,19.989999771118164,20.049999237060547,19.90999984741211,19.93000030517578,12.59167194366455,26300
2020-04-23,19.829999923706055,19.989999771118164,19.81999969482422,19.899999618530273,12.57271671295166,66900
2020-04-24,19.93000030517578,19.93000030517578,19.68000030517578,19.8799991607666,12.560081481933594,2900
2020-04-27,19.920000076293945,20.09000015258789,19.809999465942383,20.09000015258789,12.69275951385498,18400
2020-04-28,20.229999542236328,20.229999542236328,19.709999084472656,20.049999237060547,12.667486190795898,38700
2020-04-29,19.979999542236328,20.200000762939453,19.979999542236328,20.200000762939453,12.762256622314453,13000
2020-04-30,20.170000076293945,20.190000534057617,19.829999923706055,20.010000228881836,12.642215728759766,12700
2020-05-01,19.610000610351562,19.610000610351562,19.420000076293945,19.59000015258789,12.376861572265625,22400
2020-05-04,19.709999084472656,19.709999084472656,19.5,19.6200008392334,12.3958158493042,11500
2020-05-05,19.639999389648438,19.93000030517578,19.459999084472656,19.610000610351562,12.389496803283691,11200
2020-05-06,19.93000030517578,19.93000030517578,19.59000015258789,19.739999771118164,12.471631050109863,8200
2020-05-07,19.850000381469727,19.899999618530273,19.790000915527344,19.799999237060547,12.509537696838379,15800
2020-05-08,20.200000762939453,20.25,20.06999969482422,20.100000381469727,12.699076652526855,13100
2020-05-11,20.170000076293945,20.350000381469727,20.1299991607666,20.239999771118164,12.787528038024902,15100
2020-05-12,20.280000686645508,20.5,20.030000686645508,20.040000915527344,12.66117000579834,6000
2020-05-13,20.270000457763672,20.34000015258789,20.09000015258789,20.15999984741211,12.736984252929688,6100
2020-05-14,19.969999313354492,20.209999084472656,19.65999984741211,19.969999313354492,12.616941452026367,8300
2020-05-15,19.969999313354492,20.309999465942383,19.969999313354492,20.299999237060547,12.825435638427734,12400
2020-05-18,20.510000228881836,20.84000015258789,20.510000228881836,20.799999237060547,13.141331672668457,15900
2020-05-19,20.989999771118164,20.989999771118164,20.829999923706055,20.829999923706055,13.160286903381348,47600
2020-05-20,20.889999389648438,21.049999237060547,20.809999465942383,20.950000762939453,13.236103057861328,26000
2020-05-21,20.790000915527344,20.790000915527344,20.600000381469727,20.6299991607666,13.033927917480469,13200
2020-05-22,20.079999923706055,20.170000076293945,19.649999618530273,19.84000015258789,12.534810066223145,21800
2020-05-26,20.040000915527344,20.3799991607666,19.940000534057617,20.110000610351562,12.705394744873047,20600
2020-05-27,20.010000228881836,20.010000228881836,19.469999313354492,19.93000030517578,12.59167194366455,14300
2020-05-28,19.969999313354492,19.979999542236328,19.809999465942383,19.940000534057617,12.597990036010742,8400
2020-05-29,19.8799991607666,20.25,19.81999969482422,20.190000534057617,12.755937576293945,33500
2020-06-01,20.43000030517578,20.540000915527344,20.399999618530273,20.540000915527344,12.977066040039062,13000
2020-06-02,20.75,21.06999969482422,20.75,20.979999542236328,13.255056381225586,16900
2020-06-03,21.270000457763672,21.43000030517578,21.149999618530273,21.43000030517578,13.539362907409668,11600
2020-06-04,21.170000076293945,21.290000915527344,21.139999389648438,21.219999313354492,13.406685829162598,10200
2020-06-05,21.40999984741211,21.719999313354492,21.40999984741211,21.690000534057617,13.703631401062012,17100
2020-06-08,21.65999984741211,21.770000457763672,21.5,21.56999969482422,13.627814292907715,7300
2020-06-09,21.43000030517578,21.59000015258789,21.299999237060547,21.309999465942383,13.463547706604004,27600
2020-06-10,21.290000915527344,21.6200008392334,21.290000915527344,21.6200008392334,13.659406661987305,9600
2020-06-11,21.190000534057617,21.190000534057617,20.1299991607666,21.079999923706055,13.318235397338867,18400
2020-06-12,21.1299991607666,21.229999542236328,20.889999389648438,21.030000686645508,13.286646842956543,15300
2020-06-15,20.93000030517578,21.079999923706055,20.790000915527344,20.93000030517578,13.223465919494629,19200
2020-06-16,21.25,21.459999084472656,21.1200008392334,21.309999465942383,13.463547706604004,15200
2020-06-17,21.360000610351562,21.989999771118164,21.360000610351562,21.530000686645508,13.602543830871582,23600
2020-06-18,21.729999542236328,21.790000915527344,21.649999618530273,21.739999771118164,13.735220909118652,11200
2020-06-19,21.979999542236328,22.200000762939453,21.920000076293945,22.030000686645508,13.918441772460938,26100
2020-06-22,21.959999084472656,22.190000534057617,21.93000030517578,22.110000610351562,13.968984603881836,4200
2020-06-23,22.3799991607666,22.399999618530273,22.360000610351562,22.389999389648438,14.145886421203613,11400
2020-06-24,22.309999465942383,22.459999084472656,22.06999969482422,22.06999969482422,13.94371223449707,11000
2020-06-25,22.079999923706055,22.350000381469727,22.079999923706055,22.309999465942383,14.095343589782715,10400
2020-06-26,22.34000015258789,22.56999969482422,22.149999618530273,22.149999618530273,13.994255065917969,2000
2020-06-29,22.079999923706055,22.25,22.079999923706055,22.229999542236328,14.044798851013184,7200
2020-06-30,22.31999969482422,22.329999923706055,22.18000030517578,22.329999923706055,14.107978820800781,12100
2020-07-01,22.360000610351562,22.700000762939453,22.31999969482422,22.700000762939453,14.341743469238281,13500
2020-07-02,22.850000381469727,23.350000381469727,22.850000381469727,23.209999084472656,14.663958549499512,10800
2020-07-06,23.899999618530273,25.299999237060547,23.8700008392334,25.299999237060547,15.984410285949707,49000
2020-07-07,24.68000030517578,24.90999984741211,23.540000915527344,24.5,15.478972434997559,19500
2020-07-08,24.829999923706055,25.739999771118164,24.829999923706055,25.139999389648438,15.883323669433594,24100
2020-07-09,25.350000381469727,25.600000381469727,25.190000534057617,25.270000457763672,15.965455055236816,14100
2020-07-10,25.139999389648438,25.360000610351562,25.059999465942383,25.270000457763672,15.965455055236816,25000
2020-07-13,25.5,25.6299991607666,25.299999237060547,25.489999771118164,16.104450225830078,21000
2020-07-14,24.959999084472656,25.3799991607666,24.959999084472656,25.3799991607666,16.03495216369629,10000
2020-07-15,25.15999984741211,25.40999984741211,25.049999237060547,25.280000686645508,15.97177505493164,18700
2020-07-16,24.5,24.729999542236328,24.489999771118164,24.56999969482422,15.523199081420898,9500
2020-07-17,24.6299991607666,24.739999771118164,24.1299991607666,24.31999969482422,15.365250587463379,10600
2020-07-20,24.649999618530273,25.079999923706055,24.34000015258789,25.06999969482422,15.839096069335938,31500
2020-07-21,25.209999084472656,25.5,25.209999084472656,25.309999465942383,15.990726470947266,14400
2020-07-22,25.329999923706055,25.329999923706055,25.059999465942383,25.09000015258789,15.851733207702637,26700
2020-07-23,24.90999984741211,25.100000381469727,24.040000915527344,25.030000686645508,15.813824653625488,22600
2020-07-24,24.5,24.5,23.450000762939453,24.209999084472656,15.29575252532959,19600
2020-07-27,24.260000228881836,24.34000015258789,24.170000076293945,24.34000015258789,15.377885818481445,11300
2020-07-28,24.190000534057617,24.34000015258789,24.170000076293945,24.229999542236328,15.308388710021973,14100
2020-07-29,24.6200008392334,24.950000762939453,24.549999237060547,24.860000610351562,15.7064208984375,6800
2020-07-30,24.40999984741211,24.65999984741211,24.34000015258789,24.65999984741211,15.580060958862305,6900
2020-07-31,24.68000030517578,24.68000030517578,24.68000030517578,24.68000030517578,15.592696189880371,2500
2020-08-03,24.75,25.200000762939453,24.479999542236328,25.059999465942383,15.832777976989746,16600
2020-08-04,25.209999084472656,25.579999923706055,25.059999465942383,25.489999771118164,16.104450225830078,17000
2020-08-05,25.450000762939453,25.610000610351562,25.3700008392334,25.40999984741211,16.05390739440918,13900
2020-08-06,25.399999618530273,25.579999923706055,25.3799991607666,25.5,16.110769271850586,8600
2020-08-07,25.200000762939453,25.200000762939453,25.0,25.139999389648438,15.883323669433594,33200
2020-08-10,24.969999313354492,25.149999618530273,24.969999313354492,25.0,15.79487133026123,6700
2020-08-11,25.049999237060547,25.149999618530273,25.0,25.1200008392334,15.870686531066895,13200
2020-08-12,25.200000762939453,25.350000381469727,25.0,25.15999984741211,15.895959854125977,16900
2020-08-13,25.170000076293945,25.190000534057617,25.0,25.18000030517578,15.908595085144043,14200
2020-08-14,25.09000015258789,25.09000015258789,24.969999313354492,25.059999465942383,15.832777976989746,1600
2020-08-17,25.260000228881836,25.489999771118164,25.260000228881836,25.489999771118164,16.104450225830078,13800
2020-08-18,25.440000534057617,25.469999313354492,25.329999923706055,25.43000030517578,16.066543579101562,12500
2020-08-19,25.40999984741211,25.489999771118164,25.25,25.309999465942383,15.990726470947266,20500
2020-08-20,25.079999923706055,25.290000915527344,25.079999923706055,25.15999984741211,15.895959854125977,600
2020-08-21,24.68000030517578,25.5,24.68000030517578,25.479999542236328,16.098133087158203,14100
2020-08-24,25.600000381469727,25.829999923706055,24.489999771118164,25.790000915527344,16.293989181518555,24700
2020-08-25,25.940000534057617,26.0,25.700000762939453,25.90999984741211,16.36980438232422,10600
2020-08-26,26.0,26.0,25.90999984741211,25.979999542236328,16.414030075073242,6400
2020-08-27,26.15999984741211,26.15999984741211,25.760000228881836,26.0,16.426666259765625,18200
2020-08-28,25.950000762939453,26.200000762939453,25.950000762939453,26.200000762939453,16.55302619934082,23200
2020-08-31,25.989999771118164,26.06999969482422,25.610000610351562,26.020000457763672,16.439302444458008,16700
2020-09-01,26.030000686645508,26.5,26.030000686645508,26.420000076293945,16.692020416259766,14900
2020-09-02,26.6200008392334,26.6200008392334,26.239999771118164,26.40999984741211,16.68570327758789,18800
2020-09-03,26.239999771118164,26.239999771118164,26.020000457763672,26.020000457763672,16.439302444458008,23600
2020-09-04,25.8799991607666,26.079999923706055,25.520000457763672,26.049999237060547,16.458255767822266,9600
2020-09-08,25.450000762939453,25.6299991607666,25.0,25.5,16.110769271850586,32800
2020-09-09,25.479999542236328,25.670000076293945,25.260000228881836,25.260000228881836,15.959137916564941,7900
2020-09-10,25.59000015258789,25.600000381469727,24.8700008392334,24.93000030517578,15.750646591186523,13600
2020-09-11,25.040000915527344,25.25,24.81999969482422,25.030000686645508,15.813824653625488,23500
2020-09-14,25.309999465942383,25.68000030517578,24.079999923706055,25.229999542236328,15.940184593200684,10600
2020-09-15,25.459999084472656,25.950000762939453,25.459999084472656,25.8799991607666,16.35085105895996,2700
2020-09-16,25.950000762939453,26.049999237060547,25.84000015258789,25.84000015258789,16.325578689575195,5800
2020-09-17,25.5,25.809999465942383,25.5,25.809999465942383,16.306625366210938,8100
2020-09-18,25.709999084472656,25.850000381469727,25.6299991607666,25.729999542236328,16.256080627441406,9200
2020-09-21,25.350000381469727,25.829999923706055,25.270000457763672,25.829999923706055,16.31926155090332,21600
2020-09-22,25.729999542236328,25.799999237060547,25.6299991607666,25.799999237060547,16.30030632019043,10700
2020-09-23,25.65999984741211,25.729999542236328,25.6299991607666,25.6299991607666,16.192901611328125,3800
2020-09-24,25.190000534057617,25.190000534057617,25.010000228881836,25.09000015258789,15.851733207702637,19100
2020-09-25,25.1200008392334,25.1200008392334,24.799999237060547,24.90999984741211,15.738009452819824,9000
2020-09-28,25.040000915527344,25.100000381469727,24.920000076293945,25.040000915527344,15.82014274597168,14700
2020-09-29,24.889999389648438,24.959999084472656,24.0,24.90999984741211,15.738009452819824,10700
2020-09-30,24.950000762939453,25.200000762939453,24.950000762939453,25.18000030517578,15.908595085144043,21300
2020-10-01,25.479999542236328,25.559999465942383,24.760000228881836,25.25,15.95281982421875,8400
2020-10-02,25.09000015258789,25.84000015258789,25.09000015258789,25.68000030517578,16.2244930267334,1200
2020-10-05,25.600000381469727,25.600000381469727,25.270000457763672,25.549999237060547,16.142358779907227,10900
2020-10-06,25.65999984741211,25.8799991607666,25.469999313354492,25.770000457763672,16.281352996826172,8300
2020-10-07,25.8799991607666,25.989999771118164,25.860000610351562,25.979999542236328,16.414030075073242,6200
2020-10-08,26.0,26.299999237060547,25.950000762939453,26.270000457763672,16.597251892089844,12900
2020-10-09,26.3799991607666,26.389999389648438,26.299999237060547,26.3700008392334,16.660430908203125,7900
2020-10-12,26.68000030517578,27.229999542236328,26.670000076293945,27.229999542236328,17.203773498535156,7300
2020-10-13,27.219999313354492,27.25,26.799999237060547,27.0,17.058460235595703,8900
2020-10-14,26.829999923706055,26.950000762939453,26.729999542236328,26.729999542236328,16.887876510620117,4500
2020-10-15,26.5,26.93000030517578,26.5,26.93000030517578,17.01423454284668,8900
2020-10-16,27.020000457763672,27.239999771118164,27.020000457763672,27.239999771118164,17.210092544555664,1000
2020-10-19,27.09000015258789,27.420000076293945,27.0,27.15999984741211,17.159547805786133,13600
2020-10-20,27.15999984741211,27.489999771118164,27.15999984741211,27.489999771118164,17.368040084838867,6400
2020-10-21,27.700000762939453,27.950000762939453,27.25,27.739999771118164,17.525989532470703,6200
2020-10-22,27.8799991607666,28.229999542236328,27.799999237060547,28.100000381469727,17.753435134887695,7400
2020-10-23,28.0,28.309999465942383,27.899999618530273,28.290000915527344,17.873476028442383,7400
2020-10-26,27.860000610351562,28.18000030517578,27.860000610351562,28.149999618530273,17.785024642944336,10100
2020-10-27,28.079999923706055,28.09000015258789,27.899999618530273,27.93000030517578,17.64603042602539,70600
2020-10-28,27.84000015258789,28.079999923706055,27.799999237060547,28.0,17.690256118774414,19700
2020-10-29,27.829999923706055,28.34000015258789,27.829999923706055,28.34000015258789,17.905067443847656,9600
2020-10-30,28.010000228881836,28.670000076293945,27.799999237060547,27.93000030517578,17.64603042602539,5900
2020-11-02,28.149999618530273,28.5,27.979999542236328,28.399999618530273,17.942974090576172,14800
2020-11-03,28.479999542236328,28.649999618530273,28.25,28.6299991607666,18.088287353515625,19300
2020-11-04,28.90999984741211,29.239999771118164,28.709999084472656,29.18000030517578,18.435773849487305,6300
2020-11-05,29.40999984741211,30.0,29.399999618530273,29.75,18.795896530151367,13300
2020-11-06,29.780000686645508,30.850000381469727,29.780000686645508,30.3700008392334,19.18760871887207,25100
2020-11-09,31.229999542236328,31.6200008392334,30.899999618530273,31.049999237060547,19.617229461669922,16300
2020-11-10,30.739999771118164,31.799999237060547,30.149999618530273,30.200000762939453,19.0802059173584,16900
2020-11-11,30.020000457763672,30.079999923706055,29.760000228881836,29.829999923706055,18.846439361572266,22900
2020-11-12,29.510000228881836,29.520000457763672,29.110000610351562,29.15999984741211,18.423137664794922,38500
2020-11-13,28.979999542236328,29.139999389648438,28.969999313354492,29.049999237060547,18.353639602661133,23000
2020-11-16,29.5,29.799999237060547,29.299999237060547,29.65999984741211,18.739036560058594,33800
2020-11-17,29.270000457763672,29.399999618530273,29.270000457763672,29.399999618530273,18.57476806640625,12100
2020-11-18,29.280000686645508,29.510000228881836,29.280000686645508,29.399999618530273,18.57476806640625,16700
2020-11-19,29.260000228881836,29.260000228881836,29.020000457763672,29.1200008392334,18.397865295410156,14800
2020-11-20,29.15999984741211,29.280000686645508,28.68000030517578,29.260000228881836,18.486316680908203,9700
2020-11-23,29.350000381469727,29.450000762939453,29.06999969482422,29.440000534057617,18.600040435791016,36100
2020-11-24,29.5,29.989999771118164,29.450000762939453,29.989999771118164,18.947528839111328,12100
2020-11-25,29.940000534057617,29.989999771118164,29.809999465942383,29.950000762939453,18.922256469726562,4900
2020-11-27,29.989999771118164,30.15999984741211,29.989999771118164,30.1200008392334,19.029659271240234,5000
2020-11-30,29.93000030517578,29.93000030517578,29.239999771118164,29.610000610351562,18.70744514465332,13000
2020-12-01,29.829999923706055,29.889999389648438,29.700000762939453,29.719999313354492,18.77694320678711,5700
2020-12-02,29.59000015258789,29.90999984741211,29.59000015258789,29.75,18.795896530151367,12200
2020-12-03,29.709999084472656,29.770000457763672,29.579999923706055,29.579999923706055,18.688491821289062,7300
2020-12-04,29.719999313354492,29.739999771118164,29.510000228881836,29.579999923706055,18.688491821289062,5800
2020-12-07,29.450000762939453,29.700000762939453,29.40999984741211,29.510000228881836,18.64426612854004,12900
2020-12-08,29.420000076293945,29.489999771118164,29.389999389648438,29.469999313354492,18.618993759155273,6200
2020-12-09,29.5,29.600000381469727,29.389999389648438,29.450000762939453,18.60635757446289,9200
2020-12-10,29.459999084472656,29.510000228881836,29.25,29.459999084472656,18.6126766204834,4700
2020-12-11,29.489999771118164,29.68000030517578,29.299999237060547,29.6299991607666,18.720081329345703,16600
2020-12-14,29.709999084472656,29.75,29.40999984741211,29.75,18.795896530151367,10400
2020-12-15,29.709999084472656,29.729999542236328,29.34000015258789,29.700000762939453,18.764307022094727,4100
2020-12-16,29.56999969482422,29.739999771118164,29.549999237060547,29.649999618530273,18.732715606689453,12900
2020-12-17,29.65999984741211,29.93000030517578,29.65999984741211,29.93000030517578,18.90962028503418,16300
2020-12-18,29.809999465942383,30.0,29.760000228881836,30.0,18.95384407043457,7100
2020-12-21,29.829999923706055,30.040000915527344,29.75,29.969999313354492,18.934890747070312,50600
2020-12-22,29.959999084472656,30.0,29.899999618530273,30.0,18.95384407043457,1900
2020-12-23,30.0,30.040000915527344,29.920000076293945,30.040000915527344,18.97911834716797,5000
2020-12-24,29.989999771118164,30.079999923706055,29.889999389648438,29.989999771118164,18.947528839111328,13900
2020-12-28,27.700000762939453,27.700000762939453,27.200000762939453,27.40999984741211,18.764060974121094,19900
2020-12-29,27.420000076293945,27.790000915527344,27.420000076293945,27.610000610351562,18.900976181030273,8000
2020-12-30,28.18000030517578,28.34000015258789,27.860000610351562,28.25,19.339101791381836,32000
2020-12-31,28.31999969482422,28.690000534057617,28.280000686645508,28.559999465942383,19.551319122314453,11700
2021-01-04,28.829999923706055,28.8700008392334,28.479999542236328,28.8700008392334,19.76353645324707,24300
2021-01-05,28.860000610351562,29.190000534057617,28.860000610351562,29.190000534057617,19.98259735107422,8200
2021-01-06,29.670000076293945,30.06999969482422,29.489999771118164,29.5,20.194812774658203,19000
2021-01-07,29.6200008392334,29.739999771118164,29.40999984741211,29.549999237060547,20.229042053222656,29100
2021-01-08,29.610000610351562,29.809999465942383,29.170000076293945,29.809999465942383,20.40703010559082,29600
2021-01-11,29.520000457763672,29.989999771118164,29.469999313354492,29.959999084472656,20.509716033935547,30100
2021-01-12,30.18000030517578,30.389999389648438,29.920000076293945,30.389999389648438,20.804080963134766,15700
2021-01-13,30.239999771118164,30.65999984741211,30.239999771118164,30.610000610351562,20.954687118530273,23300
2021-01-14,30.6299991607666,30.75,30.56999969482422,30.729999542236328,21.036832809448242,9100
2021-01-15,30.709999084472656,30.969999313354492,30.709999084472656,30.969999313354492,21.20113182067871,8400
2021-01-19,31.25,32.150001525878906,31.200000762939453,32.150001525878906,22.00892448425293,18100
2021-01-20,32.869998931884766,33.279998779296875,32.75,33.15999984741211,22.70033836364746,29200
2021-01-21,32.970001220703125,33.119998931884766,32.56999969482422,32.900001525878906,22.522354125976562,7600
2021-01-22,32.619998931884766,33.540000915527344,32.43000030517578,32.68000030517578,22.371747970581055,3300
2021-01-25,33.119998931884766,33.43000030517578,33.0099983215332,33.02000045776367,22.60449981689453,21400
2021-01-26,32.869998931884766,32.869998931884766,32.400001525878906,32.5,22.248523712158203,6900
2021-01-27,31.950000762939453,31.950000762939453,30.510000228881836,30.979999542236328,21.207977294921875,29500
2021-01-28,30.690000534057617,31.899999618530273,30.600000381469727,30.600000381469727,20.94784164428711,13900
2021-01-29,30.579999923706055,31.100000381469727,29.5,29.8799991607666,20.4549503326416,27900
2021-02-01,30.100000381469727,30.920000076293945,30.100000381469727,30.610000610351562,20.954687118530273,19100
2021-02-02,31.190000534057617,32.59000015258789,31.040000915527344,31.790000915527344,21.762479782104492,22000
2021-02-03,31.93000030517578,32.970001220703125,31.93000030517578,32.970001220703125,22.57027244567871,9300
2021-02-04,32.75,33.0,32.70000076293945,32.93000030517578,22.542888641357422,6800
2021-02-05,33.0,33.349998474121094,33.0,33.150001525878906,22.69349479675293,3900
2021-02-08,33.20000076293945,33.34000015258789,33.06999969482422,33.31999969482422,22.809871673583984,8800
2021-02-09,33.45000076293945,33.7599983215332,33.40999984741211,33.630001068115234,23.0220890045166,18500
2021-02-10,33.939998626708984,34.0,33.630001068115234,33.93000030517578,23.227460861206055,6600
2021-02-11,34.2599983215332,34.5,33.81999969482422,34.29999923706055,23.480749130249023,8900
2021-02-12,34.40999984741211,34.4900016784668,34.310001373291016,34.439998626708984,23.576589584350586,5000
2021-02-16,34.84000015258789,34.970001220703125,34.75,34.7599983215332,23.795650482177734,28900
2021-02-17,34.970001220703125,34.970001220703125,34.599998474121094,34.66999816894531,23.734037399291992,3400
2021-02-18,34.400001525878906,34.7400016784668,34.369998931884766,34.40999984741211,23.556053161621094,15800
2021-02-19,34.56999969482422,34.9900016784668,34.56999969482422,34.790000915527344,23.816186904907227,2500
2021-02-22,33.97999954223633,34.400001525878906,33.84000015258789,34.0,23.275379180908203,10400
2021-02-23,33.31999969482422,33.56999969482422,32.400001525878906,33.38999938964844,22.857789993286133,17200
2021-02-24,32.72999954223633,33.66999816894531,32.470001220703125,33.29999923706055,22.796178817749023,14200
2021-02-25,33.29999923706055,33.29999923706055,32.54999923706055,32.97999954223633,22.577116012573242,11300
2021-02-26,32.88999938964844,32.900001525878906,32.0,32.0,21.906238555908203,7900
2021-03-01,32.04999923706055,32.689998626708984,32.04999923706055,32.369998931884766,22.159528732299805,19300
2021-03-02,32.40999984741211,32.47999954223633,32.27000045776367,32.310001373291016,22.11845588684082,8600
2021-03-03,32.47999954223633,32.47999954223633,32.18000030517578,32.31999969482422,22.12529945373535,16600
2021-03-04,32.0,32.18000030517578,31.399999618530273,31.399999618530273,21.49549674987793,8100
2021-03-05,31.829999923706055,31.829999923706055,30.010000228881836,30.719999313354492,21.029987335205078,14900
2021-03-08,30.799999237060547,30.799999237060547,28.850000381469727,30.0,20.537099838256836,15100
2021-03-09,29.799999237060547,30.18000030517578,29.270000457763672,30.030000686645508,20.557634353637695,12300
2021-03-10,30.149999618530273,30.149999618530273,29.5,29.649999618530273,20.297500610351562,6000
2021-03-11,30.239999771118164,30.239999771118164,30.1299991607666,30.149999618530273,20.63978385925293,4700
2021-03-12,29.950000762939453,29.950000762939453,29.700000762939453,29.729999542236328,20.352264404296875,20400
2021-03-15,29.530000686645508,29.729999542236328,29.489999771118164,29.520000457763672,20.208505630493164,3500
2021-03-16,29.610000610351562,29.989999771118164,29.209999084472656,29.3799991607666,20.1126651763916,13800
2021-03-17,29.200000762939453,29.600000381469727,29.190000534057617,29.510000228881836,20.20166015625,8400
2021-03-18,29.450000762939453,29.5,29.040000915527344,29.40999984741211,20.133201599121094,12900
2021-03-19,29.270000457763672,29.270000457763672,29.049999237060547,29.170000076293945,19.96890640258789,6900
2021-03-22,29.329999923706055,29.360000610351562,29.200000762939453,29.360000610351562,20.098974227905273,6400
2021-03-23,29.0,29.09000015258789,28.700000762939453,28.850000381469727,19.74984359741211,11200
2021-03-24,28.6299991607666,28.649999618530273,27.979999542236328,28.0,19.167959213256836,7200
2021-03-25,27.780000686645508,27.81999969482422,27.700000762939453,27.760000228881836,19.003662109375,19500
2021-03-26,28.010000228881836,28.559999465942383,28.010000228881836,28.31999969482422,19.387020111083984,15400
2021-03-29,28.260000228881836,28.260000228881836,27.760000228881836,28.040000915527344,19.195343017578125,7500
2021-03-30,28.18000030517578,28.690000534057617,28.18000030517578,28.690000534057617,19.64031219482422,6800
2021-03-31,28.579999923706055,29.389999389648438,28.209999084472656,29.270000457763672,20.037363052368164,5800
2021-04-01,29.739999771118164,29.979999542236328,29.350000381469727,29.770000457763672,20.379648208618164,6100
2021-04-05,29.829999923706055,30.850000381469727,29.829999923706055,30.09000015258789,20.598711013793945,5800
2021-04-06,30.06999969482422,30.860000610351562,30.06999969482422,30.350000381469727,20.776697158813477,3800
2021-04-07,30.389999389648438,30.489999771118164,30.18000030517578,30.229999542236328,20.694547653198242,5800
2021-04-08,30.309999465942383,30.479999542236328,29.540000915527344,29.540000915527344,20.222196578979492,10100
2021-04-09,29.6299991607666,29.709999084472656,29.309999465942383,29.399999618530273,20.12635612487793,2500
2021-04-12,29.0,29.81999969482422,28.899999618530273,29.0,19.852527618408203,11300
2021-04-13,28.81999969482422,29.049999237060547,28.520000457763672,28.520000457763672,19.523935317993164,10600
2021-04-14,28.530000686645508,28.989999771118164,28.049999237060547,28.049999237060547,19.202186584472656,7400
2021-04-15,28.049999237060547,28.489999771118164,28.049999237060547,28.440000534057617,19.46916961669922,17000
2021-04-16,28.610000610351562,28.799999237060547,28.479999542236328,28.75,19.681386947631836,10000
2021-04-19,28.739999771118164,29.209999084472656,28.739999771118164,29.030000686645508,19.873065948486328,9300
2021-04-20,28.889999389648438,29.25,28.889999389648438,29.209999084472656,19.996286392211914,7400
2021-04-21,29.09000015258789,29.3700008392334,28.979999542236328,29.200000762939453,19.989442825317383,4700
2021-04-22,29.3799991607666,29.739999771118164,29.25,29.510000228881836,20.20166015625,4000
2021-04-23,29.610000610351562,29.950000762939453,29.610000610351562,29.950000762939453,20.502870559692383,2300
2021-04-26,29.559999465942383,29.56999969482422,29.350000381469727,29.549999237060547,20.229042053222656,3700
2021-04-27,29.549999237060547,29.729999542236328,29.549999237060547,29.600000381469727,20.26327133178711,900
2021-04-28,29.8700008392334,29.989999771118164,29.8700008392334,29.989999771118164,20.53025245666504,1100
2021-04-29,30.190000534057617,30.190000534057617,29.799999237060547,29.799999237060547,20.400184631347656,700
2021-04-30,29.389999389648438,29.739999771118164,29.25,29.739999771118164,20.35910987854004,3700
2021-05-03,29.530000686645508,29.709999084472656,28.950000762939453,29.549999237060547,20.229042053222656,9000
2021-05-04,29.360000610351562,29.540000915527344,29.350000381469727,29.420000076293945,20.140047073364258,13000
2021-05-05,29.5,29.670000076293945,29.5,29.530000686645508,20.215351104736328,1100
2021-05-06,29.770000457763672,29.770000457763672,29.489999771118164,29.489999771118164,20.18796730041504,5800
2021-05-07,29.440000534057617,29.56999969482422,29.25,29.530000686645508,20.215351104736328,3300
2021-05-10,29.229999542236328,29.229999542236328,28.639999389648438,28.670000076293945,19.62662124633789,7900
2021-05-11,28.190000534057617,28.690000534057617,28.190000534057617,28.59000015258789,19.571855545043945,1600
2021-05-12,28.579999923706055,28.579999923706055,28.40999984741211,28.469999313354492,19.48970603942871,36900
2021-05-13,28.700000762939453,28.700000762939453,28.239999771118164,28.270000457763672,19.352792739868164,6100
2021-05-14,28.350000381469727,28.75,28.350000381469727,28.739999771118164,19.674541473388672,2700
2021-05-17,28.520000457763672,28.969999313354492,28.299999237060547,28.31999969482422,19.387020111083984,4900
2021-05-18,28.6200008392334,29.1200008392334,28.6200008392334,29.1200008392334,19.934677124023438,7200
2021-05-19,28.579999923706055,29.020000457763672,28.579999923706055,29.020000457763672,19.866220474243164,4800
2021-05-20,29.229999542236328,29.450000762939453,29.229999542236328,29.3799991607666,20.1126651763916,5900
2021-05-21,29.209999084472656,29.280000686645508,29.09000015258789,29.09000015258789,19.914140701293945,3000
2021-05-24,29.110000610351562,29.399999618530273,29.110000610351562,29.229999542236328,20.009979248046875,1200
2021-05-25,29.790000915527344,29.989999771118164,29.790000915527344,29.920000076293945,20.482332229614258,5200
2021-05-26,29.969999313354492,30.0,29.950000762939453,30.0,20.537099838256836,1700
2021-05-27,29.850000381469727,30.0,29.799999237060547,30.0,20.537099838256836,13000
2021-05-28,29.93000030517578,30.219999313354492,29.93000030517578,30.139999389648438,20.632938385009766,3100
2021-06-01,30.549999237060547,30.979999542236328,30.549999237060547,30.979999542236328,21.207977294921875,8500
2021-06-02,31.049999237060547,31.049999237060547,30.920000076293945,30.969999313354492,21.20113182067871,8900
2021-06-03,30.709999084472656,30.709999084472656,29.8700008392334,30.290000915527344,20.735626220703125,8000
2021-06-04,30.510000228881836,30.600000381469727,30.18000030517578,30.59000015258789,20.940994262695312,9500
2021-06-07,30.610000610351562,30.8799991607666,30.06999969482422,30.3799991607666,20.7972354888916,2000
2021-06-08,30.25,30.299999237060547,30.040000915527344,30.25,20.708240509033203,5300
2021-06-09,30.25,30.920000076293945,30.100000381469727,30.299999237060547,20.742467880249023,4900
2021-06-10,30.350000381469727,30.649999618530273,30.190000534057617,30.540000915527344,20.906766891479492,3800
2021-06-11,30.420000076293945,30.559999465942383,30.280000686645508,30.299999237060547,20.742467880249023,3900
2021-06-14,30.450000762939453,30.690000534057617,30.059999465942383,30.450000762939453,20.84515380859375,10200
2021-06-15,30.15999984741211,30.229999542236328,30.0,30.0,20.537099838256836,3100
2021-06-16,29.950000762939453,29.950000762939453,28.510000228881836,29.350000381469727,20.09212875366211,6400
2021-06-17,29.329999923706055,29.520000457763672,29.329999923706055,29.329999923706055,20.07843589782715,10100
2021-06-18,29.3700008392334,29.5,29.3700008392334,29.3799991607666,20.1126651763916,4900
2021-06-21,29.489999771118164,29.489999771118164,29.100000381469727,29.290000915527344,20.051054000854492,9500
2021-06-22,29.079999923706055,29.079999923706055,29.0,29.0,19.852527618408203,2600
2021-06-23,28.84000015258789,29.479999542236328,28.84000015258789,29.3700008392334,20.10582160949707,3800
2021-06-24,29.329999923706055,29.530000686645508,29.329999923706055,29.520000457763672,20.208505630493164,8600
2021-06-25,29.729999542236328,30.290000915527344,29.729999542236328,30.040000915527344,20.564481735229492,3300
2021-06-28,30.25,30.799999237060547,30.079999923706055,30.299999237060547,20.742467880249023,3000
2021-06-29,30.049999237060547,30.290000915527344,30.020000457763672,30.18000030517578,20.660322189331055,4900
2021-06-30,30.190000534057617,30.5,30.139999389648438,30.5,20.879384994506836,6200
2021-07-01,30.43000030517578,30.43000030517578,30.020000457763672,30.229999542236328,20.694547653198242,2800
2021-07-02,29.93000030517578,30.030000686645508,29.479999542236328,29.84000015258789,20.427566528320312,3300
2021-07-06,29.530000686645508,29.530000686645508,29.030000686645508,29.06999969482422,19.900447845458984,7200
2021-07-07,29.25,29.25,29.1299991607666,29.209999084472656,19.996286392211914,1200
2021-07-08,28.530000686645508,29.079999923706055,28.170000076293945,28.459999084472656,19.482860565185547,8700
2021-07-09,28.889999389648438,29.09000015258789,28.030000686645508,29.010000228881836,19.859375,8300
2021-07-12,28.899999618530273,29.1299991607666,28.729999542236328,29.040000915527344,19.879911422729492,6100
2021-07-13,29.200000762939453,29.469999313354492,29.200000762939453,29.450000762939453,20.160587310791016,17600
2021-07-14,29.530000686645508,29.549999237060547,29.360000610351562,29.389999389648438,20.119510650634766,2600
2021-07-15,29.389999389648438,29.639999389648438,29.389999389648438,29.469999313354492,20.17427635192871,2300
2021-07-16,29.68000030517578,29.68000030517578,29.399999618530273,29.420000076293945,20.140047073364258,6400
2021-07-19,29.079999923706055,29.459999084472656,28.68000030517578,28.969999313354492,19.83199119567871,7400
2021-07-20,29.09000015258789,29.09000015258789,28.6200008392334,28.700000762939453,19.647159576416016,3700
2021-07-21,28.440000534057617,28.889999389648438,28.440000534057617,28.81999969482422,19.729305267333984,8900
2021-07-22,29.030000686645508,29.25,28.93000030517578,29.06999969482422,19.900447845458984,5500
2021-07-23,28.950000762939453,28.950000762939453,28.65999984741211,28.68000030517578,19.633466720581055,28100
2021-07-26,28.030000686645508,28.030000686645508,27.25,27.389999389648438,18.750370025634766,30200
2021-07-27,26.920000076293945,27.700000762939453,26.219999313354492,26.540000915527344,18.168487548828125,76100
2021-07-28,26.84000015258789,27.780000686645508,26.84000015258789,27.56999969482422,18.873594284057617,10300
2021-07-29,27.6299991607666,27.799999237060547,27.540000915527344,27.700000762939453,18.962587356567383,17900
2021-07-30,27.510000228881836,27.84000015258789,27.5,27.75,18.996816635131836,11100
2021-08-02,27.790000915527344,28.1200008392334,27.790000915527344,28.06999969482422,19.215879440307617,13200
2021-08-03,27.889999389648438,28.200000762939453,27.799999237060547,27.940000534057617,19.12688446044922,11100
2021-08-04,28.049999237060547,28.5,28.049999237060547,28.399999618530273,19.44178581237793,14500
2021-08-05,28.290000915527344,28.290000915527344,28.020000457763672,28.1200008392334,19.250106811523438,6900
2021-08-06,27.920000076293945,28.110000610351562,27.920000076293945,28.100000381469727,19.23641586303711,17200
2021-08-09,27.959999084472656,28.530000686645508,27.959999084472656,28.229999542236328,19.325408935546875,10000
2021-08-10,28.34000015258789,28.540000915527344,28.34000015258789,28.540000915527344,19.537628173828125,2600
2021-08-11,28.739999771118164,28.75,28.290000915527344,28.43000030517578,19.462322235107422,9000
2021-08-12,28.299999237060547,28.299999237060547,28.18000030517578,28.25,19.339101791381836,4300
2021-08-13,28.059999465942383,28.09000015258789,27.34000015258789,27.8700008392334,19.078964233398438,12200
2021-08-16,27.530000686645508,27.530000686645508,27.459999084472656,27.5,18.825674057006836,4100
2021-08-17,26.979999542236328,27.1299991607666,26.899999618530273,26.899999618530273,18.41493034362793,11400
2021-08-18,27.1200008392334,27.510000228881836,27.079999923706055,27.270000457763672,18.668222427368164,2300
2021-08-19,26.760000228881836,26.899999618530273,26.489999771118164,26.549999237060547,18.17533302307129,17600
2021-08-20,26.1200008392334,26.559999465942383,25.809999465942383,25.93000030517578,17.750898361206055,38200
2021-08-23,26.110000610351562,26.329999923706055,25.979999542236328,26.270000457763672,17.983654022216797,29900
2021-08-24,26.690000534057617,27.239999771118164,26.690000534057617,27.18000030517578,18.606611251831055,15600
2021-08-25,26.959999084472656,27.010000228881836,26.760000228881836,26.969999313354492,18.46285057067871,16800
2021-08-26,26.729999542236328,26.739999771118164,26.469999313354492,26.6299991607666,18.2300968170166,22000
2021-08-27,26.68000030517578,26.850000381469727,26.639999389648438,26.780000686645508,18.332782745361328,18500
2021-08-30,26.799999237060547,26.920000076293945,26.559999465942383,26.850000381469727,18.38070297241211,11600
2021-08-31,27.18000030517578,27.450000762939453,27.18000030517578,27.34000015258789,18.716142654418945,14300
2021-09-01,27.59000015258789,28.1299991607666,27.329999923706055,28.079999923706055,19.22272300720215,16700
2021-09-02,27.84000015258789,28.06999969482422,27.84000015258789,28.049999237060547,19.202186584472656,22000
2021-09-03,27.889999389648438,28.010000228881836,27.8799991607666,27.899999618530273,19.09950065612793,15800
2021-09-07,28.270000457763672,28.5,28.270000457763672,28.450000762939453,19.476016998291016,11400
2021-09-08,28.479999542236328,28.479999542236328,28.06999969482422,28.1200008392334,19.250106811523438,7300
2021-09-09,27.829999923706055,28.1200008392334,27.700000762939453,27.719999313354492,18.97627830505371,12100
2021-09-10,27.969999313354492,27.989999771118164,27.739999771118164,27.799999237060547,19.031044006347656,5000
2021-09-13,27.799999237060547,27.829999923706055,27.6200008392334,27.829999923706055,19.05158233642578,11500
2021-09-14,27.530000686645508,27.530000686645508,27.200000762939453,27.209999084472656,18.627147674560547,8500
2021-09-15,27.049999237060547,27.049999237060547,26.739999771118164,26.920000076293945,18.42862319946289,5400
2021-09-16,26.579999923706055,26.65999984741211,26.510000228881836,26.510000228881836,18.14794921875,20400
2021-09-17,26.729999542236328,26.770000457763672,26.309999465942383,26.3799991607666,18.0589542388916,22000
2021-09-20,25.690000534057617,25.690000534057617,25.190000534057617,25.34000015258789,17.347003936767578,29800
2021-09-21,25.540000915527344,25.770000457763672,25.5,25.75,17.627676010131836,11300
2021-09-22,26.040000915527344,26.270000457763672,26.040000915527344,26.1299991607666,17.887813568115234,23200
2021-09-23,25.770000457763672,26.079999923706055,25.6200008392334,26.040000915527344,17.826202392578125,13300
2021-09-24,25.920000076293945,25.920000076293945,25.5,25.59000015258789,17.518144607543945,3500
2021-09-27,25.709999084472656,25.8799991607666,25.6299991607666,25.6299991607666,17.545528411865234,10500
2021-09-28,25.540000915527344,25.790000915527344,25.459999084472656,25.479999542236328,17.442842483520508,14600
2021-09-29,25.450000762939453,25.510000228881836,25.0,25.309999465942383,17.326465606689453,9100
2021-09-30,25.6200008392334,25.6200008392334,25.1200008392334,25.43000030517578,17.408615112304688,13500
2021-10-01,25.309999465942383,25.420000076293945,25.06999969482422,25.100000381469727,17.18270492553711,9000
2021-10-04,24.989999771118164,25.0,24.610000610351562,24.829999923706055,16.99787139892578,28200
2021-10-05,24.8799991607666,25.3799991607666,24.8799991607666,25.010000228881836,17.121095657348633,20600
2021-10-06,24.760000228881836,25.110000610351562,24.65999984741211,25.100000381469727,17.18270492553711,10000
2021-10-07,25.469999313354492,26.3799991607666,25.469999313354492,26.040000915527344,17.826202392578125,36000
2021-10-08,26.139999389648438,26.229999542236328,26.139999389648438,26.18000030517578,17.922040939331055,5600
2021-10-11,26.229999542236328,26.510000228881836,25.899999618530273,25.90999984741211,17.737207412719727,20300
2021-10-12,25.93000030517578,26.09000015258789,25.829999923706055,25.899999618530273,17.730361938476562,13200
2021-10-13,25.959999084472656,26.209999084472656,25.809999465942383,25.809999465942383,17.668750762939453,20500
2021-10-14,25.709999084472656,26.219999313354492,25.709999084472656,25.969999313354492,17.778282165527344,18400
2021-10-15,26.190000534057617,26.34000015258789,26.15999984741211,26.329999923706055,18.024728775024414,18200
2021-10-18,26.329999923706055,26.559999465942383,26.209999084472656,26.510000228881836,18.14794921875,33000
2021-10-19,26.549999237060547,27.059999465942383,26.549999237060547,27.040000915527344,18.510772705078125,33500
2021-10-20,27.059999465942383,27.18000030517578,27.059999465942383,27.110000610351562,18.558691024780273,12200
2021-10-21,27.09000015258789,27.09000015258789,26.959999084472656,27.010000228881836,18.490234375,7600
2021-10-22,27.170000076293945,27.389999389648438,26.899999618530273,27.049999237060547,18.517616271972656,14200
2021-10-25,26.989999771118164,27.010000228881836,26.889999389648438,26.90999984741211,18.421775817871094,31700
2021-10-26,26.889999389648438,26.969999313354492,26.299999237060547,26.530000686645508,18.16164207458496,24200
2021-10-27,26.469999313354492,26.6299991607666,26.010000228881836,26.209999084472656,17.942577362060547,18400
2021-10-28,26.25,26.329999923706055,25.979999542236328,26.299999237060547,18.004188537597656,22600
2021-10-29,26.059999465942383,26.5,25.979999542236328,26.059999465942383,17.839893341064453,42600
2021-11-01,26.110000610351562,26.489999771118164,26.09000015258789,26.43000030517578,18.093185424804688,6500
2021-11-02,26.299999237060547,26.299999237060547,26.020000457763672,26.100000381469727,17.86727523803711,45900
2021-11-03,25.989999771118164,26.18000030517578,25.989999771118164,26.059999465942383,17.839893341064453,14900
2021-11-04,26.100000381469727,26.3799991607666,26.020000457763672,26.1200008392334,17.880970001220703,14300
2021-11-05,26.1299991607666,26.139999389648438,25.93000030517578,25.959999084472656,17.771434783935547,15100
2021-11-08,25.979999542236328,26.049999237060547,25.889999389648438,25.979999542236328,17.785127639770508,13600
2021-11-09,25.829999923706055,26.639999389648438,25.829999923706055,25.940000534057617,17.75774574279785,17500
2021-11-10,26.0,26.399999618530273,26.0,26.219999313354492,17.949424743652344,21200
2021-11-11,26.360000610351562,26.989999771118164,26.360000610351562,26.93000030517578,18.435470581054688,24500
2021-11-12,26.709999084472656,27.3799991607666,26.670000076293945,27.049999237060547,18.517616271972656,31600
2021-11-15,27.229999542236328,27.229999542236328,27.030000686645508,27.1299991607666,18.572383880615234,12600
2021-11-16,27.09000015258789,27.350000381469727,27.049999237060547,27.25,18.654531478881836,32600
2021-11-17,27.3700008392334,27.3700008392334,26.969999313354492,27.25,18.654531478881836,11200
2021-11-18,27.010000228881836,27.010000228881836,26.34000015258789,26.610000610351562,18.216405868530273,13200
2021-11-19,26.850000381469727,27.139999389648438,26.770000457763672,26.790000915527344,18.339630126953125,14900
2021-11-22,26.860000610351562,26.8799991607666,26.389999389648438,26.649999618530273,18.243789672851562,16300
2021-11-23,26.59000015258789,26.600000381469727,26.229999542236328,26.229999542236328,17.956270217895508,10200
2021-11-24,26.040000915527344,26.549999237060547,26.010000228881836,26.530000686645508,18.16164207458496,24500
2021-11-26,25.860000610351562,26.1299991607666,25.280000686645508,25.729999542236328,17.613985061645508,21000
2021-11-29,25.989999771118164,26.030000686645508,25.770000457763672,25.920000076293945,17.744054794311523,17000
2021-11-30,25.649999618530273,25.799999237060547,25.420000076293945,25.559999465942383,17.497608184814453,10400
2021-12-01,25.809999465942383,26.270000457763672,25.770000457763672,25.81999969482422,17.675596237182617,11100
2021-12-02,26.0,26.049999237060547,25.6200008392334,25.799999237060547,17.661903381347656,22900
2021-12-03,25.8799991607666,25.950000762939453,25.329999923706055,25.559999465942383,17.497608184814453,47800
2021-12-06,25.420000076293945,25.700000762939453,25.110000610351562,25.65999984741211,17.566064834594727,13100
2021-12-07,25.93000030517578,26.190000534057617,25.81999969482422,26.0,17.798816680908203,16600
2021-12-08,26.010000228881836,26.010000228881836,25.030000686645508,25.780000686645508,17.64821434020996,16400
2021-12-09,25.860000610351562,26.18000030517578,25.860000610351562,26.020000457763672,17.812511444091797,21300
2021-12-10,25.90999984741211,25.90999984741211,25.739999771118164,25.84000015258789,17.689289093017578,8600
2021-12-13,25.799999237060547,25.829999923706055,25.510000228881836,25.709999084472656,17.60029411315918,10200
2021-12-14,25.389999389648438,25.610000610351562,25.31999969482422,25.3700008392334,17.36754035949707,15900
2021-12-15,25.18000030517578,25.18000030517578,24.719999313354492,24.940000534057617,17.07317543029785,27800
2021-12-16,25.239999771118164,25.360000610351562,24.90999984741211,25.020000457763672,17.127941131591797,16700
2021-12-17,24.889999389648438,24.889999389648438,24.479999542236328,24.780000686645508,16.96364402770996,14400
2021-12-20,24.3799991607666,24.899999618530273,24.3799991607666,24.8799991607666,17.032100677490234,57600
2021-12-21,25.110000610351562,25.829999923706055,25.030000686645508,25.450000762939453,17.422306060791016,90500
2021-12-22,25.520000457763672,25.920000076293945,25.520000457763672,25.829999923706055,17.682443618774414,54500
2021-12-23,26.0,26.389999389648438,26.0,26.139999389648438,17.8946590423584,56000
2021-12-27,18.889999389648438,18.969999313354492,18.3700008392334,18.649999618530273,17.683218002319336,96700
2021-12-28,18.649999618530273,18.649999618530273,18.309999465942383,18.360000610351562,17.408254623413086,72800
2021-12-29,18.389999389648438,18.559999465942383,18.049999237060547,18.1200008392334,17.180694580078125,63500
2021-12-30,18.059999465942383,18.459999084472656,18.059999465942383,18.399999618530273,17.446178436279297,50200
2021-12-31,18.389999389648438,18.489999771118164,18.06999969482422,18.280000686645508,17.332401275634766,73100
2022-01-03,18.299999237060547,18.43000030517578,18.059999465942383,18.40999984741211,17.45566177368164,22600
2022-01-04,18.40999984741211,18.40999984741211,18.09000015258789,18.18000030517578,17.23758316040039,13000
2022-01-05,18.010000228881836,18.100000381469727,17.700000762939453,17.700000762939453,16.782466888427734,34700
2022-01-06,17.889999389648438,18.229999542236328,17.700000762939453,18.200000762939453,17.256547927856445,83500
2022-01-07,18.389999389648438,18.450000762939453,18.25,18.329999923706055,17.37980842590332,24100
2022-01-10,18.40999984741211,18.469999313354492,18.280000686645508,18.31999969482422,17.370325088500977,144400
2022-01-11,18.389999389648438,18.56999969482422,18.360000610351562,18.56999969482422,17.607364654541016,130100
2022-01-12,18.739999771118164,19.040000915527344,18.739999771118164,18.889999389648438,17.910778045654297,21000
2022-01-13,18.899999618530273,18.899999618530273,18.540000915527344,18.540000915527344,17.578922271728516,35600
2022-01-14,18.56999969482422,18.690000534057617,18.469999313354492,18.540000915527344,17.578922271728516,17600
2022-01-18,18.459999084472656,18.579999923706055,18.31999969482422,18.5,17.54099464416504,18600
2022-01-19,18.65999984741211,18.829999923706055,18.610000610351562,18.670000076293945,17.70218276977539,81000
2022-01-20,18.989999771118164,19.280000686645508,18.829999923706055,18.84000015258789,17.863370895385742,56000
2022-01-21,18.850000381469727,18.850000381469727,18.299999237060547,18.34000015258789,17.38928985595703,13000
2022-01-24,18.290000915527344,18.3700008392334,18.079999923706055,18.290000915527344,17.341882705688477,31200
2022-01-25,18.18000030517578,18.260000228881836,18.06999969482422,18.149999618530273,17.209138870239258,9500
2022-01-26,18.290000915527344,18.290000915527344,17.979999542236328,18.079999923706055,17.14276885986328,18000
2022-01-27,17.950000762939453,18.0,17.459999084472656,17.489999771118164,16.583351135253906,21100
2022-01-28,17.3700008392334,17.3700008392334,17.110000610351562,17.209999084472656,16.3178653717041,16800
2022-01-31,17.40999984741211,17.920000076293945,17.40999984741211,17.8700008392334,16.943655014038086,13900
2022-02-01,18.0,18.18000030517578,17.65999984741211,17.93000030517578,17.00054359436035,18600
2022-02-02,18.059999465942383,18.360000610351562,17.81999969482422,17.84000015258789,16.91520881652832,27900
2022-02-03,17.799999237060547,17.950000762939453,17.739999771118164,17.739999771118164,16.820390701293945,10500
2022-02-04,17.700000762939453,17.920000076293945,17.700000762939453,17.729999542236328,16.810911178588867,19300
2022-02-07,17.790000915527344,18.010000228881836,17.6299991607666,17.709999084472656,16.791946411132812,37200
2022-02-08,17.649999618530273,17.770000457763672,17.649999618530273,17.75,16.82987403869629,19600
2022-02-09,17.8799991607666,18.06999969482422,17.860000610351562,17.899999618530273,16.972097396850586,16900
2022-02-10,17.829999923706055,17.959999084472656,17.610000610351562,17.6299991607666,16.716093063354492,9000
2022-02-11,17.709999084472656,17.860000610351562,17.219999313354492,17.239999771118164,16.346311569213867,17400
2022-02-14,17.18000030517578,17.399999618530273,16.81999969482422,17.030000686645508,16.147197723388672,33800
2022-02-15,17.079999923706055,17.329999923706055,16.979999542236328,17.280000686645508,16.38423728942871,25300
2022-02-16,17.399999618530273,17.440000534057617,17.229999542236328,17.43000030517578,16.52646255493164,21300
2022-02-17,17.350000381469727,17.459999084472656,17.049999237060547,17.219999313354492,16.327346801757812,11000
2022-02-18,17.1299991607666,17.34000015258789,16.81999969482422,16.829999923706055,15.957565307617188,35100
2022-02-22,16.600000381469727,16.709999084472656,16.299999237060547,16.389999389648438,15.540372848510742,24600
2022-02-23,16.440000534057617,16.75,16.270000457763672,16.270000457763672,15.426595687866211,29200
2022-02-24,15.75,16.239999771118164,15.75,16.229999542236328,15.388667106628418,17600
2022-02-25,16.200000762939453,16.34000015258789,15.710000038146973,16.280000686645508,15.436075210571289,33300
2022-02-28,15.960000038146973,16.15999984741211,15.890000343322754,16.1299991607666,15.293850898742676,17800
2022-03-01,16.030000686645508,16.200000762939453,16.030000686645508,16.1200008392334,15.284371376037598,10900
2022-03-02,16.15999984741211,16.15999984741211,15.899999618530273,16.049999237060547,15.217998504638672,11300
2022-03-03,15.970000267028809,16.020000457763672,15.630000114440918,15.670000076293945,14.857697486877441,13400
2022-03-04,15.619999885559082,15.619999885559082,15.199999809265137,15.239999771118164,14.449987411499023,15000
2022-03-07,15.0,15.0,14.449999809265137,14.479999542236328,13.729384422302246,80600
2022-03-08,14.399999618530273,14.40999984741211,14.100000381469727,14.260000228881836,13.52078914642334,51100
2022-03-09,14.359999656677246,14.479999542236328,14.329999923706055,14.4399995803833,13.691457748413086,31600
2022-03-10,14.300000190734863,14.300000190734863,13.899999618530273,13.970000267028809,13.245821952819824,48000
2022-03-11,14.140000343322754,14.140000343322754,13.380000114440918,13.380000114440918,12.686406135559082,154600
2022-03-14,13.069999694824219,13.069999694824219,12.350000381469727,12.479999542236328,11.833059310913086,110700
2022-03-15,12.0,12.930000305175781,12.0,12.930000305175781,12.259733200073242,75900
2022-03-16,13.949999809265137,15.100000381469727,13.859999656677246,15.100000381469727,14.317245483398438,138000
2022-03-17,14.859999656677246,15.0,14.59000015258789,14.760000228881836,13.99487018585205,40800
2022-03-18,14.829999923706055,15.600000381469727,14.829999923706055,15.510000228881836,14.7059907913208,12400
2022-03-21,15.420000076293945,15.420000076293945,15.039999961853027,15.180000305175781,14.393097877502441,24400
2022-03-22,15.369999885559082,15.729999542236328,15.350000381469727,15.369999885559082,14.573247909545898,17200
2022-03-23,15.300000190734863,15.640000343322754,15.260000228881836,15.59000015258789,14.781844139099121,21300
2022-03-24,15.470000267028809,15.470000267028809,15.3100004196167,15.359999656677246,14.563766479492188,10900
2022-03-25,15.149999618530273,15.149999618530273,14.619999885559082,14.859999656677246,14.089685440063477,9200
2022-03-28,14.869999885559082,15.079999923706055,14.720000267028809,15.069999694824219,14.288800239562988,9800
2022-03-29,15.130000114440918,15.350000381469727,15.119999885559082,15.170000076293945,14.38361644744873,13100
2022-03-30,15.15999984741211,15.350000381469727,15.130000114440918,15.279999732971191,14.487914085388184,60300
2022-03-31,15.260000228881836,15.260000228881836,14.760000228881836,14.760000228881836,13.99487018585205,21300
2022-04-01,15.170000076293945,15.40999984741211,15.109999656677246,15.220000267028809,14.431023597717285,15700
2022-04-04,15.3100004196167,15.449999809265137,15.3100004196167,15.4399995803833,14.639618873596191,55000
2022-04-05,15.359999656677246,15.449999809265137,15.0,15.0,14.222428321838379,30800
2022-04-06,14.949999809265137,15.020000457763672,14.6899995803833,14.800000190734863,14.032796859741211,32900
2022-04-07,14.670000076293945,14.75,14.600000381469727,14.670000076293945,13.909534454345703,8600
2022-04-08,14.609999656677246,14.800000190734863,14.609999656677246,14.680000305175781,13.91901683807373,3900
2022-04-11,14.510000228881836,14.649999618530273,14.359999656677246,14.449999809265137,13.700939178466797,14300
2022-04-12,14.430000305175781,14.489999771118164,14.210000038146973,14.210000038146973,13.473381042480469,14300
2022-04-13,14.279999732971191,14.380000114440918,14.199999809265137,14.350000381469727,13.606123924255371,25700
2022-04-14,14.210000038146973,14.260000228881836,14.029999732971191,14.130000114440918,13.397527694702148,13100
2022-04-18,14.010000228881836,14.069999694824219,13.850000381469727,14.0,13.274267196655273,12300
2022-04-19,13.899999618530273,14.119999885559082,13.699999809265137,13.90999984741211,13.188931465148926,10300
2022-04-20,13.739999771118164,13.739999771118164,13.510000228881836,13.539999961853027,12.838111877441406,14200
2022-04-21,13.5600004196167,13.819999694824219,13.039999961853027,13.069999694824219,12.392475128173828,32000
2022-04-22,13.140000343322754,13.319999694824219,13.050000190734863,13.100000381469727,12.420921325683594,29700
2022-04-25,12.880000114440918,12.960000038146973,12.539999961853027,12.65999984741211,12.003728866577148,41700
2022-04-26,12.600000381469727,12.739999771118164,12.420000076293945,12.449999809265137,11.804615020751953,12800
2022-04-27,12.729999542236328,12.850000381469727,12.569999694824219,12.819999694824219,12.155435562133789,52900
2022-04-28,12.989999771118164,12.989999771118164,12.609999656677246,12.770000457763672,12.108027458190918,47100
2022-04-29,13.34000015258789,13.550000190734863,13.010000228881836,13.220000267028809,12.534700393676758,34000
2022-05-02,13.3100004196167,13.699999809265137,13.020000457763672,13.300000190734863,12.610553741455078,44900
2022-05-03,13.4399995803833,13.520000457763672,13.359999656677246,13.449999809265137,12.752777099609375,11000
2022-05-04,13.199999809265137,13.720000267028809,13.020000457763672,13.470000267028809,12.771740913391113,34400
2022-05-05,13.130000114440918,13.399999618530273,12.800000190734863,12.890000343322754,12.221807479858398,64300
2022-05-06,12.8100004196167,13.069999694824219,12.399999618530273,12.430000305175781,11.785653114318848,15300
2022-05-09,12.170000076293945,12.210000038146973,12.020000457763672,12.050000190734863,11.4253511428833,46800
2022-05-10,12.25,12.569999694824219,12.239999771118164,12.449999809265137,11.804615020751953,21800
2022-05-11,12.619999885559082,12.779999732971191,12.449999809265137,12.449999809265137,11.804615020751953,16700
2022-05-12,12.460000038146973,12.550000190734863,12.399999618530273,12.479999542236328,11.833059310913086,4400
2022-05-13,12.6899995803833,12.949999809265137,12.6899995803833,12.829999923706055,12.1649169921875,9900
2022-05-16,12.829999923706055,12.869999885559082,12.6899995803833,12.729999542236328,12.070100784301758,24000
2022-05-17,13.0600004196167,13.319999694824219,12.75,12.989999771118164,12.316622734069824,12600
2022-05-18,12.899999618530273,13.0,12.640000343322754,12.670000076293945,12.013211250305176,12600
2022-05-19,12.770000457763672,13.0600004196167,12.649999618530273,12.890000343322754,12.221807479858398,17600
2022-05-20,13.010000228881836,13.420000076293945,12.970000267028809,13.199999809265137,12.515737533569336,8900
2022-05-23,13.109999656677246,13.140000343322754,12.979999542236328,13.029999732971191,12.354549407958984,15900
2022-05-24,12.949999809265137,12.949999809265137,12.609999656677246,12.65999984741211,12.003728866577148,16500
2022-05-25,12.640000343322754,12.6899995803833,12.569999694824219,12.640000343322754,11.984766960144043,12200
2022-05-26,12.640000343322754,12.979999542236328,12.640000343322754,12.920000076293945,12.250251770019531,58600
2022-05-27,12.989999771118164,13.229999542236328,12.779999732971191,12.949999809265137,12.27869701385498,17400
2022-05-31,13.40999984741211,13.930000305175781,13.0600004196167,13.390000343322754,12.695887565612793,51600
2022-06-01,13.470000267028809,13.529999732971191,13.210000038146973,13.300000190734863,12.610553741455078,23200
2022-06-02,13.289999961853027,13.779999732971191,13.289999961853027,13.729999542236328,13.018261909484863,14000
2022-06-03,13.699999809265137,13.779999732971191,13.5600004196167,13.640000343322754,12.932929039001465,28000
2022-06-06,13.920000076293945,14.239999771118164,13.920000076293945,13.989999771118164,13.264784812927246,13500
2022-06-07,14.029999732971191,14.34000015258789,14.029999732971191,14.319999694824219,13.577677726745605,9100
2022-06-08,14.5,15.0,14.5,14.970000267028809,14.193984031677246,21700
2022-06-09,14.850000381469727,14.989999771118164,14.529999732971191,14.739999771118164,13.975906372070312,20800
2022-06-10,14.680000305175781,14.970000267028809,14.520000457763672,14.890000343322754,14.118130683898926,19400
2022-06-13,14.5,14.5,13.920000076293945,13.920000076293945,13.198413848876953,11600
2022-06-14,14.229999542236328,14.739999771118164,14.220000267028809,14.569999694824219,13.814718246459961,15600
2022-06-15,14.720000267028809,15.0,14.720000267028809,14.859999656677246,14.089685440063477,19800
2022-06-16,14.5,14.720000267028809,14.300000190734863,14.300000190734863,13.5587158203125,6100
2022-06-17,14.859999656677246,14.890000343322754,14.489999771118164,14.720000267028809,13.95694351196289,10900
2022-06-21,14.970000267028809,15.0,14.84000015258789,14.989999771118164,14.212946891784668,10200
2022-06-22,14.8100004196167,15.0,14.720000267028809,14.84000015258789,14.070722579956055,2500
2022-06-23,14.970000267028809,15.09000015258789,14.779999732971191,14.90999984741211,14.137093544006348,23000
2022-06-24,15.020000457763672,15.430000305175781,15.020000457763672,15.270000457763672,14.478432655334473,48100
2022-06-27,15.380000114440918,15.4399995803833,15.359999656677246,15.40999984741211,14.611174583435059,19100
2022-06-28,15.59000015258789,15.789999961853027,15.369999885559082,15.5600004196167,14.753399848937988,13900
2022-06-29,15.390000343322754,15.5,15.25,15.460000038146973,14.658583641052246,5200
2022-06-30,15.380000114440918,15.569999694824219,15.359999656677246,15.550000190734863,14.743917465209961,5000
2022-07-01,15.390000343322754,15.670000076293945,15.34000015258789,15.529999732971191,14.724954605102539,10800
2022-07-05,15.449999809265137,15.539999961853027,15.25,15.539999961853027,14.73443603515625,10400
2022-07-06,15.34000015258789,15.34000015258789,15.25,15.270000457763672,14.478432655334473,6800
2022-07-07,15.460000038146973,15.699999809265137,15.460000038146973,15.579999923706055,14.77236270904541,16200
2022-07-08,15.430000305175781,15.430000305175781,15.300000190734863,15.3100004196167,14.516359329223633,3900
2022-07-11,15.0,15.0,14.6899995803833,14.6899995803833,13.928498268127441,11500
2022-07-12,14.609999656677246,14.609999656677246,14.4399995803833,14.4399995803833,13.691457748413086,3200
2022-07-13,14.140000343322754,14.489999771118164,14.140000343322754,14.319999694824219,13.577677726745605,8000
2022-07-14,14.199999809265137,14.319999694824219,13.949999809265137,14.210000038146973,13.473381042480469,5600
2022-07-15,14.210000038146973,14.210000038146973,13.960000038146973,14.149999618530273,13.41649055480957,8600
2022-07-18,14.460000038146973,14.600000381469727,14.350000381469727,14.399999618530273,13.653531074523926,11800
2022-07-19,14.390000343322754,14.539999961853027,14.390000343322754,14.5,13.748347282409668,7200
2022-07-20,14.520000457763672,14.520000457763672,14.460000038146973,14.460000038146973,13.710420608520508,3400
2022-07-21,14.460000038146973,14.460000038146973,14.350000381469727,14.430000305175781,13.681976318359375,1000
2022-07-22,14.319999694824219,14.520000457763672,14.029999732971191,14.109999656677246,13.37856388092041,13000
2022-07-25,14.109999656677246,14.25,14.109999656677246,14.220000267028809,13.48286247253418,1000
2022-07-26,14.0600004196167,14.399999618530273,14.029999732971191,14.029999732971191,13.302711486816406,13900
2022-07-27,14.15999984741211,14.260000228881836,14.09000015258789,14.260000228881836,13.52078914642334,11500
2022-07-28,14.1899995803833,14.25,13.920000076293945,14.069999694824219,13.340638160705566,6500
2022-07-29,13.680000305175781,13.680000305175781,13.5600004196167,13.630000114440918,12.923446655273438,30200
2022-08-01,13.449999809265137,13.479999542236328,13.170000076293945,13.449999809265137,12.752777099609375,8200
2022-08-02,13.270000457763672,13.369999885559082,13.270000457763672,13.289999961853027,12.60107135772705,28800
2022-08-03,13.239999771118164,13.34000015258789,13.239999771118164,13.289999961853027,12.60107135772705,21700
2022-08-04,13.40999984741211,13.5,13.239999771118164,13.34000015258789,12.648480415344238,71200
2022-08-05,13.15999984741211,13.289999961853027,13.15999984741211,13.289999961853027,12.60107135772705,25500
2022-08-08,13.270000457763672,13.449999809265137,13.1899995803833,13.34000015258789,12.648480415344238,25100
2022-08-09,13.25,13.3100004196167,13.220000267028809,13.279999732971191,12.59158992767334,15900
2022-08-10,13.260000228881836,13.380000114440918,13.119999885559082,13.300000190734863,12.610553741455078,8600
2022-08-11,13.359999656677246,13.770000457763672,13.359999656677246,13.609999656677246,12.9044828414917,14400
2022-08-12,13.510000228881836,13.59000015258789,13.100000381469727,13.5600004196167,12.857075691223145,7300
2022-08-15,13.359999656677246,13.510000228881836,13.329999923706055,13.479999542236328,12.781222343444824,10800
2022-08-16,13.369999885559082,13.390000343322754,13.289999961853027,13.34000015258789,12.648480415344238,17200
2022-08-17,13.319999694824219,13.390000343322754,13.319999694824219,13.380000114440918,12.686406135559082,8700
2022-08-18,13.319999694824219,13.319999694824219,13.180000305175781,13.220000267028809,12.534700393676758,10300
2022-08-19,13.130000114440918,13.199999809265137,13.130000114440918,13.170000076293945,12.487292289733887,8100
2022-08-22,13.109999656677246,13.220000267028809,13.109999656677246,13.180000305175781,12.496773719787598,7800
2022-08-23,13.100000381469727,13.220000267028809,12.90999984741211,13.170000076293945,12.487292289733887,27200
2022-08-24,12.949999809265137,13.300000190734863,12.949999809265137,13.199999809265137,12.515737533569336,8100
2022-08-25,13.420000076293945,13.699999809265137,13.420000076293945,13.699999809265137,12.98981761932373,29000
2022-08-26,13.880000114440918,13.949999809265137,13.460000038146973,13.569999694824219,12.866557121276855,12000
2022-08-29,13.380000114440918,13.510000228881836,13.270000457763672,13.3100004196167,12.620036125183105,21800
2022-08-30,13.359999656677246,13.390000343322754,13.0,13.079999923706055,12.401957511901855,27400
2022-08-31,13.289999961853027,13.489999771118164,13.289999961853027,13.359999656677246,12.667442321777344,10700
2022-09-01,13.279999732971191,13.279999732971191,13.119999885559082,13.1899995803833,12.506255149841309,16900
2022-09-02,13.109999656677246,13.15999984741211,12.970000267028809,13.069999694824219,12.392475128173828,2600
2022-09-06,13.010000228881836,13.010000228881836,12.899999618530273,12.90999984741211,12.24077033996582,12000
2022-09-07,12.899999618530273,12.979999542236328,12.899999618530273,12.960000038146973,12.288178443908691,13800
2022-09-08,12.899999618530273,12.920000076293945,12.869999885559082,12.869999885559082,12.20284366607666,3100
2022-09-09,13.100000381469727,13.229999542236328,13.100000381469727,13.109999656677246,12.430401802062988,6600
2022-09-12,13.239999771118164,13.300000190734863,13.149999618530273,13.300000190734863,12.610553741455078,2200
2022-09-13,13.0600004196167,13.0600004196167,12.770000457763672,12.789999961853027,12.12699031829834,7700
2022-09-14,12.800000190734863,12.800000190734863,12.630000114440918,12.680000305175781,12.022693634033203,16100
2022-09-15,12.619999885559082,12.710000038146973,12.619999885559082,12.6899995803833,12.032174110412598,7900
2022-09-16,12.630000114440918,12.630000114440918,12.369999885559082,12.380000114440918,11.73824405670166,8600
2022-09-19,12.4399995803833,12.4399995803833,12.359999656677246,12.4399995803833,11.795133590698242,3400
2022-09-20,12.329999923706055,12.399999618530273,12.329999923706055,12.399999618530273,11.757207870483398,3100
2022-09-21,12.300000190734863,12.350000381469727,11.979999542236328,11.979999542236328,11.358979225158691,10500
2022-09-22,12.010000228881836,12.020000457763672,11.979999542236328,12.010000228881836,11.38742446899414,13500
2022-09-23,11.779999732971191,11.779999732971191,11.720000267028809,11.770000457763672,11.159866333007812,4500
2022-09-26,11.8100004196167,11.920000076293945,11.8100004196167,11.90999984741211,11.292608261108398,17200
2022-09-27,12.079999923706055,12.170000076293945,11.859999656677246,11.869999885559082,11.254681587219238,13200
2022-09-28,11.770000457763672,11.979999542236328,11.770000457763672,11.9399995803833,11.321052551269531,5100
2022-09-29,11.670000076293945,11.670000076293945,11.59000015258789,11.630000114440918,11.02712345123291,13800
2022-09-30,11.569999694824219,11.720000267028809,11.569999694824219,11.649999618530273,11.046085357666016,4700
2022-10-03,11.649999618530273,11.649999618530273,11.569999694824219,11.630000114440918,11.02712345123291,15300
2022-10-04,11.800000190734863,12.239999771118164,11.800000190734863,12.170000076293945,11.539130210876465,14700
2022-10-05,12.329999923706055,12.329999923706055,12.100000381469727,12.15999984741211,11.529648780822754,4200
2022-10-06,12.069999694824219,12.100000381469727,12.020000457763672,12.020000457763672,11.396906852722168,6400
2022-10-07,11.890000343322754,11.890000343322754,11.739999771118164,11.760000228881836,11.150383949279785,5600
2022-10-10,11.510000228881836,11.510000228881836,11.25,11.25,10.666821479797363,13100
2022-10-11,11.069999694824219,11.09000015258789,10.789999961853027,10.859999656677246,10.297038078308105,17100
2022-10-12,10.850000381469727,10.899999618530273,10.800000190734863,10.869999885559082,10.306519508361816,6500
2022-10-13,10.579999923706055,10.829999923706055,10.520000457763672,10.829999923706055,10.268593788146973,8000
2022-10-14,11.100000381469727,11.100000381469727,10.8100004196167,10.84000015258789,10.278075218200684,28700
2022-10-17,11.039999961853027,11.199999809265137,11.0,11.149999618530273,10.572005271911621,100300
2022-10-18,11.289999961853027,11.289999961853027,11.039999961853027,11.170000076293945,10.590968132019043,38000
2022-10-19,11.0,11.0,10.649999618530273,10.729999542236328,10.173776626586914,33000
2022-10-20,10.779999732971191,10.960000038146973,10.779999732971191,10.779999732971191,10.221184730529785,10600
2022-10-21,10.779999732971191,10.890000343322754,10.770000457763672,10.829999923706055,10.268593788146973,6600
2022-10-24,10.319999694824219,10.319999694824219,9.850000381469727,10.15999984741211,9.63332462310791,76700
2022-10-25,10.029999732971191,10.350000381469727,10.029999732971191,10.25,9.718659400939941,29600
2022-10-26,10.319999694824219,10.479999542236328,10.180000305175781,10.350000381469727,9.8134765625,91300
2022-10-27,10.279999732971191,10.40999984741211,10.210000038146973,10.270000457763672,9.73762321472168,26300
2022-10-28,10.130000114440918,10.130000114440918,9.899999618530273,9.920000076293945,9.405765533447266,32500
2022-10-31,9.770000457763672,9.84000015258789,9.75,9.800000190734863,9.291987419128418,14000
2022-11-01,9.970000267028809,10.3100004196167,9.930000305175781,9.989999771118164,9.472137451171875,60500
2022-11-02,10.079999923706055,10.140000343322754,9.949999809265137,10.010000228881836,9.491101264953613,48100
2022-11-03,9.970000267028809,10.3100004196167,9.970000267028809,10.149999618530273,9.6238431930542,45500
2022-11-04,10.630000114440918,10.779999732971191,10.510000228881836,10.779999732971191,10.221184730529785,47900
2022-11-07,10.949999809265137,10.970000267028809,10.789999961853027,10.880000114440918,10.316001892089844,27400
2022-11-08,10.84000015258789,10.869999885559082,10.609999656677246,10.850000381469727,10.287556648254395,43800
2022-11-09,10.609999656677246,10.670000076293945,10.489999771118164,10.489999771118164,9.946218490600586,37000
2022-11-10,10.739999771118164,11.079999923706055,10.739999771118164,11.039999961853027,10.467707633972168,59200
2022-11-11,11.229999542236328,11.539999961853027,11.229999542236328,11.510000228881836,10.91334342956543,21400
2022-11-14,11.569999694824219,11.890000343322754,11.5600004196167,11.75,11.140901565551758,57600
2022-11-15,12.3100004196167,12.630000114440918,12.199999809265137,12.489999771118164,11.842541694641113,76300
2022-11-16,12.4399995803833,12.479999542236328,12.229999542236328,12.25,11.614983558654785,33600
2022-11-17,11.979999542236328,12.489999771118164,11.869999885559082,12.399999618530273,11.757207870483398,55100
2022-11-18,12.289999961853027,12.289999961853027,12.069999694824219,12.09000015258789,11.463277816772461,11800
2022-11-21,11.970000267028809,12.079999923706055,11.949999809265137,12.0600004196167,11.434833526611328,31400
2022-11-22,12.0,12.0,11.869999885559082,11.960000038146973,11.34001636505127,27400
2022-11-23,11.979999542236328,12.239999771118164,11.979999542236328,12.039999961853027,11.415868759155273,22200
2022-11-25,11.989999771118164,11.989999771118164,11.770000457763672,11.800000190734863,11.188310623168945,11100
2022-11-28,11.680000305175781,12.050000190734863,11.680000305175781,12.0,11.37794303894043,37000
2022-11-29,12.380000114440918,12.59000015258789,12.319999694824219,12.430000305175781,11.785653114318848,50600
2022-11-30,12.779999732971191,13.130000114440918,12.779999732971191,13.0600004196167,12.382994651794434,30500
2022-12-01,13.100000381469727,13.100000381469727,12.800000190734863,13.020000457763672,12.34506893157959,55400
2022-12-02,12.979999542236328,13.470000267028809,12.979999542236328,13.430000305175781,12.733814239501953,62800
2022-12-05,13.529999732971191,13.680000305175781,13.40999984741211,13.510000228881836,12.809667587280273,40600
2022-12-06,13.75,13.850000381469727,13.670000076293945,13.770000457763672,13.05618953704834,39600
2022-12-07,13.569999694824219,13.699999809265137,13.569999694824219,13.65999984741211,12.95189094543457,15100
2022-12-08,13.84000015258789,14.15999984741211,13.84000015258789,14.130000114440918,13.397527694702148,46700
2022-12-09,14.170000076293945,14.289999961853027,14.050000190734863,14.069999694824219,13.340638160705566,52700
2022-12-12,14.069999694824219,14.15999984741211,13.949999809265137,14.0600004196167,13.331156730651855,28400
2022-12-13,14.1899995803833,14.4399995803833,14.180000305175781,14.319999694824219,13.577677726745605,31100
2022-12-14,14.289999961853027,14.300000190734863,14.199999809265137,14.260000228881836,13.52078914642334,18600
2022-12-15,14.149999618530273,14.25,13.979999542236328,14.010000228881836,13.283748626708984,18300
2022-12-16,14.0,14.220000267028809,13.970000267028809,14.020000457763672,13.293230056762695,7600
2022-12-19,14.050000190734863,14.050000190734863,13.670000076293945,13.979999542236328,13.255302429199219,27400
2022-12-20,13.850000381469727,13.930000305175781,13.5600004196167,13.630000114440918,12.923446655273438,18900
2022-12-21,13.680000305175781,13.8100004196167,13.630000114440918,13.6899995803833,12.98033618927002,43400
2022-12-22,13.630000114440918,13.779999732971191,13.460000038146973,13.59000015258789,12.885519981384277,26500
2022-12-23,13.670000076293945,13.670000076293945,13.420000076293945,13.5,12.800185203552246,20200
2022-12-27,12.829999923706055,13.510000228881836,12.8100004196167,13.399999618530273,13.374073028564453,38500
2022-12-28,13.270000457763672,13.420000076293945,13.050000190734863,13.069999694824219,13.044711112976074,40900
2022-12-29,13.3100004196167,13.489999771118164,13.180000305175781,13.239999771118164,13.214383125305176,24000
2022-12-30,13.140000343322754,13.140000343322754,12.920000076293945,12.920000076293945,12.895002365112305,24800
2023-01-03,13.109999656677246,13.40999984741211,13.109999656677246,13.239999771118164,13.214383125305176,24000
2023-01-04,13.470000267028809,14.1899995803833,13.4399995803833,14.029999732971191,14.002854347229004,44500
2023-01-05,14.0600004196167,14.15999984741211,14.0,14.119999885559082,14.092679977416992,11100
2023-01-06,14.319999694824219,14.5,13.920000076293945,14.430000305175781,14.402080535888672,20800
2023-01-09,14.579999923706055,14.680000305175781,14.539999961853027,14.5600004196167,14.531828880310059,9100
2023-01-10,14.670000076293945,14.880000114440918,14.569999694824219,14.819999694824219,14.791325569152832,36100
2023-01-11,14.970000267028809,15.229999542236328,14.890000343322754,15.100000381469727,15.070784568786621,33000
2023-01-12,15.029999732971191,15.050000190734863,14.880000114440918,14.949999809265137,14.921073913574219,13600
2023-01-13,15.069999694824219,15.199999809265137,14.880000114440918,15.15999984741211,15.130667686462402,11100
2023-01-17,15.130000114440918,15.130000114440918,14.850000381469727,14.850000381469727,14.821268081665039,7400
2023-01-18,15.069999694824219,15.210000038146973,14.65999984741211,14.680000305175781,14.651597023010254,17800
2023-01-19,14.699999809265137,14.989999771118164,14.6899995803833,14.880000114440918,14.85120964050293,33400
2023-01-20,15.050000190734863,15.369999885559082,15.050000190734863,15.34000015258789,15.310319900512695,17900
2023-01-23,15.399999618530273,15.770000457763672,15.0600004196167,15.770000457763672,15.73948860168457,39800
2023-01-24,15.729999542236328,15.930000305175781,15.699999809265137,15.710000038146973,15.679603576660156,20600
2023-01-25,15.699999809265137,15.720000267028809,15.649999618530273,15.699999809265137,15.669623374938965,12500
2023-01-26,15.84000015258789,16.049999237060547,15.800000190734863,16.020000457763672,15.989004135131836,50300
2023-01-27,16.0,16.15999984741211,16.0,16.06999969482422,16.03890609741211,13800
2023-01-30,15.6899995803833,15.6899995803833,15.3100004196167,15.449999809265137,15.420106887817383,20700
2023-01-31,15.289999961853027,15.420000076293945,15.289999961853027,15.380000114440918,15.350242614746094,9500
2023-02-01,15.5600004196167,15.789999961853027,15.0,15.470000267028809,15.440068244934082,34200
2023-02-02,15.609999656677246,15.779999732971191,15.529999732971191,15.630000114440918,15.599759101867676,63800
2023-02-03,15.460000038146973,15.510000228881836,15.199999809265137,15.319999694824219,15.290358543395996,21300
2023-02-06,14.970000267028809,14.989999771118164,14.829999923706055,14.869999885559082,14.841229438781738,24500
2023-02-07,14.75,14.989999771118164,14.479999542236328,14.600000381469727,14.571751594543457,38500
2023-02-08,14.399999618530273,14.520000457763672,14.229999542236328,14.4399995803833,14.412060737609863,35200
2023-02-09,14.720000267028809,14.760000228881836,14.489999771118164,14.649999618530273,14.621654510498047,22200
2023-02-10,14.4399995803833,14.4399995803833,14.170000076293945,14.210000038146973,14.182506561279297,32500
2023-02-13,14.40999984741211,14.529999732971191,14.350000381469727,14.420000076293945,14.39210033416748,15800
2023-02-14,14.180000305175781,14.300000190734863,14.170000076293945,14.210000038146973,14.182506561279297,30300
2023-02-15,14.010000228881836,14.050000190734863,14.0,14.020000457763672,13.992874145507812,24500
2023-02-16,14.0,14.140000343322754,13.84000015258789,14.050000190734863,14.022815704345703,24300
2023-02-17,13.880000114440918,13.880000114440918,13.619999885559082,13.729999542236328,13.703433990478516,21300
2023-02-21,13.6899995803833,13.979999542236328,13.40999984741211,13.529999732971191,13.50382137298584,19700
2023-02-22,13.489999771118164,13.699999809265137,13.359999656677246,13.369999885559082,13.344131469726562,25100
2023-02-23,13.579999923706055,13.579999923706055,13.300000190734863,13.350000381469727,13.324170112609863,5600
2023-02-24,13.149999618530273,13.15999984741211,12.760000228881836,12.949999809265137,12.924943923950195,23200
2023-02-27,13.149999618530273,13.149999618530273,12.930000305175781,13.029999732971191,13.004789352416992,13200
2023-02-28,12.899999618530273,12.960000038146973,12.850000381469727,12.880000114440918,12.855079650878906,14600
2023-03-01,13.140000343322754,13.390000343322754,13.029999732971191,13.1899995803833,13.16447925567627,66800
2023-03-02,13.039999961853027,13.3100004196167,13.039999961853027,13.260000228881836,13.234344482421875,62900
2023-03-03,13.270000457763672,13.300000190734863,13.239999771118164,13.279999732971191,13.254304885864258,22200
2023-03-06,13.1899995803833,13.199999809265137,13.109999656677246,13.109999656677246,13.084633827209473,11600
2023-03-07,13.079999923706055,13.079999923706055,12.899999618530273,12.930000305175781,12.904982566833496,27400
2023-03-08,12.850000381469727,12.859999656677246,12.680000305175781,12.720000267028809,12.695389747619629,16800
2023-03-09,12.619999885559082,12.619999885559082,12.279999732971191,12.300000190734863,12.276202201843262,48200
2023-03-10,12.229999542236328,12.40999984741211,12.210000038146973,12.34000015258789,12.316123962402344,18000
2023-03-13,12.220000267028809,12.5,12.220000267028809,12.449999809265137,12.425910949707031,15100
2023-03-14,12.470000267028809,12.600000381469727,12.430000305175781,12.510000228881836,12.485795974731445,11500
2023-03-15,12.260000228881836,12.279999732971191,12.140000343322754,12.229999542236328,12.206336975097656,14500
2023-03-16,12.170000076293945,12.420000076293945,12.15999984741211,12.399999618530273,12.376008033752441,4200
2023-03-17,12.420000076293945,12.420000076293945,12.270000457763672,12.329999923706055,12.306143760681152,4500
2023-03-20,12.239999771118164,12.350000381469727,12.0600004196167,12.25,12.226298332214355,10300
2023-03-21,12.319999694824219,12.470000267028809,12.260000228881836,12.420000076293945,12.39596939086914,8800
2023-03-22,12.579999923706055,12.579999923706055,12.380000114440918,12.470000267028809,12.445873260498047,21600
2023-03-23,12.670000076293945,12.899999618530273,12.640000343322754,12.729999542236328,12.705368995666504,15200
2023-03-24,12.609999656677246,12.649999618530273,12.600000381469727,12.649999618530273,12.625524520874023,2500
2023-03-27,12.300000190734863,12.380000114440918,12.210000038146973,12.300000190734863,12.276202201843262,26300
2023-03-28,12.5,12.699999809265137,12.5,12.65999984741211,12.635504722595215,38700
2023-03-29,12.550000190734863,12.579999923706055,12.300000190734863,12.529999732971191,12.505756378173828,46600
2023-03-30,12.710000038146973,12.979999542236328,12.680000305175781,12.84000015258789,12.815156936645508,15500
2023-03-31,12.75,12.850000381469727,12.710000038146973,12.789999961853027,12.765253067016602,13900
2023-04-03,12.829999923706055,12.850000381469727,12.699999809265137,12.770000457763672,12.745292663574219,19500
2023-04-04,12.699999809265137,12.75,12.630000114440918,12.729999542236328,12.705368995666504,13400
2023-04-05,12.609999656677246,12.609999656677246,12.380000114440918,12.470000267028809,12.445873260498047,21900
2023-04-06,12.479999542236328,12.670000076293945,12.479999542236328,12.65999984741211,12.635504722595215,3900
2023-04-10,12.600000381469727,12.600000381469727,12.470000267028809,12.539999961853027,12.515737533569336,3300
2023-04-11,12.630000114440918,12.6899995803833,12.5600004196167,12.5600004196167,12.535698890686035,7700
2023-04-12,12.550000190734863,12.550000190734863,12.229999542236328,12.239999771118164,12.216317176818848,25300
2023-04-13,12.359999656677246,12.420000076293945,12.34000015258789,12.350000381469727,12.326105117797852,17400
2023-04-14,12.279999732971191,12.3100004196167,12.170000076293945,12.1899995803833,12.166414260864258,30500
2023-04-17,12.359999656677246,12.420000076293945,12.359999656677246,12.369999885559082,12.34606647491455,20300
2023-04-18,12.470000267028809,12.470000267028809,12.319999694824219,12.350000381469727,12.326105117797852,38500
2023-04-19,12.239999771118164,12.239999771118164,12.130000114440918,12.130000114440918,12.106531143188477,17400
2023-04-20,12.15999984741211,12.239999771118164,12.020000457763672,12.039999961853027,12.016704559326172,34800
2023-04-21,12.010000228881836,12.010000228881836,11.640000343322754,11.8100004196167,11.787150382995605,49200
2023-04-24,11.720000267028809,11.720000267028809,11.529999732971191,11.569999694824219,11.547614097595215,56500
2023-04-25,11.380000114440918,11.399999618530273,11.289999961853027,11.350000381469727,11.32804012298584,85200
2023-04-26,11.40999984741211,11.59000015258789,11.40999984741211,11.550000190734863,11.527652740478516,22100
2023-04-27,11.640000343322754,11.75,11.640000343322754,11.720000267028809,11.6973237991333,8100
2023-04-28,11.710000038146973,11.770000457763672,11.680000305175781,11.760000228881836,11.7372465133667,18400
2023-05-01,11.75,11.760000228881836,11.720000267028809,11.760000228881836,11.7372465133667,7800
2023-05-02,11.699999809265137,11.699999809265137,11.479999542236328,11.489999771118164,11.467768669128418,45600
2023-05-03,11.460000038146973,11.550000190734863,11.460000038146973,11.510000228881836,11.487730026245117,4600
2023-05-04,11.65999984741211,11.760000228881836,11.65999984741211,11.75,11.727265357971191,8900
2023-05-05,11.699999809265137,11.8100004196167,11.699999809265137,11.789999961853027,11.76718807220459,12800
2023-05-08,11.84000015258789,11.930000305175781,11.8100004196167,11.859999656677246,11.837052345275879,13800
2023-05-09,11.5600004196167,11.680000305175781,11.5,11.609999656677246,11.587535858154297,22200
2023-05-10,11.609999656677246,11.65999984741211,11.550000190734863,11.569999694824219,11.547614097595215,12300
2023-05-11,11.520000457763672,11.770000457763672,11.520000457763672,11.739999771118164,11.71728515625,12200
2023-05-12,11.619999885559082,11.619999885559082,11.420000076293945,11.4399995803833,11.417864799499512,21000
2023-05-15,11.510000228881836,11.920000076293945,11.510000228881836,11.890000343322754,11.866994857788086,23500
2023-05-16,11.680000305175781,11.819999694824219,11.680000305175781,11.789999961853027,11.76718807220459,11100
2023-05-17,11.640000343322754,11.729999542236328,11.630000114440918,11.630000114440918,11.607498168945312,7800
2023-05-18,11.640000343322754,11.640000343322754,11.399999618530273,11.420000076293945,11.397904396057129,22000
2023-05-19,11.3100004196167,11.380000114440918,11.279999732971191,11.350000381469727,11.32804012298584,7500
2023-05-22,11.430000305175781,11.630000114440918,11.430000305175781,11.539999961853027,11.517672538757324,17500
2023-05-23,11.430000305175781,11.4399995803833,11.229999542236328,11.270000457763672,11.248194694519043,25200
2023-05-24,11.180000305175781,11.180000305175781,11.010000228881836,11.050000190734863,11.028620719909668,30800
2023-05-25,11.010000228881836,11.130000114440918,10.869999885559082,10.890000343322754,10.868929862976074,29000
2023-05-26,10.899999618530273,11.1899995803833,10.890000343322754,11.149999618530273,11.128426551818848,16100
2023-05-30,11.109999656677246,11.109999656677246,10.75,10.84000015258789,10.819026947021484,8000
2023-05-31,10.65999984741211,10.729999542236328,10.600000381469727,10.6899995803833,10.669316291809082,10200
2023-06-01,10.670000076293945,11.0600004196167,10.640000343322754,11.0600004196167,11.03860092163086,17400
2023-06-02,11.210000038146973,11.670000076293945,11.210000038146973,11.430000305175781,11.407885551452637,15000
2023-06-05,11.449999809265137,11.5,11.300000190734863,11.420000076293945,11.397904396057129,18700
2023-06-06,11.319999694824219,11.5600004196167,11.319999694824219,11.5600004196167,11.537633895874023,26500
2023-06-07,11.510000228881836,11.520000457763672,11.40999984741211,11.420000076293945,11.397904396057129,3800
2023-06-08,11.479999542236328,11.550000190734863,11.470000267028809,11.489999771118164,11.467768669128418,8200
2023-06-09,11.479999542236328,11.529999732971191,11.390000343322754,11.399999618530273,11.37794303894043,9300
2023-06-12,11.369999885559082,11.539999961853027,11.369999885559082,11.479999542236328,11.45778751373291,5600
2023-06-13,11.600000381469727,11.6899995803833,11.520000457763672,11.569999694824219,11.547614097595215,9800
2023-06-14,11.579999923706055,11.619999885559082,11.529999732971191,11.609999656677246,11.587535858154297,34800
2023-06-15,11.699999809265137,11.949999809265137,11.699999809265137,11.890000343322754,11.866994857788086,13300
2023-06-16,12.0,12.050000190734863,11.84000015258789,11.890000343322754,11.866994857788086,9500
2023-06-20,11.729999542236328,11.850000381469727,11.199999809265137,11.4399995803833,11.417864799499512,20700
2023-06-21,11.289999961853027,11.40999984741211,11.1899995803833,11.3100004196167,11.288117408752441,24500
2023-06-22,11.220000267028809,11.289999961853027,11.1899995803833,11.279999732971191,11.258174896240234,5000
2023-06-23,11.119999885559082,11.170000076293945,11.0,11.069999694824219,11.04858112335205,11100
2023-06-26,11.079999923706055,11.1899995803833,10.619999885559082,11.09000015258789,11.06854248046875,20900
2023-06-27,11.170000076293945,11.40999984741211,11.140000343322754,11.270000457763672,11.248194694519043,30000
2023-06-28,11.170000076293945,11.180000305175781,11.109999656677246,11.170000076293945,11.148387908935547,3800
2023-06-29,11.029999732971191,11.050000190734863,10.920000076293945,10.970000267028809,10.948775291442871,29900
2023-06-30,11.029999732971191,11.119999885559082,11.0,11.069999694824219,11.04858112335205,12700
2023-07-03,11.170000076293945,11.329999923706055,11.170000076293945,11.300000190734863,11.278136253356934,2500
2023-07-05,11.140000343322754,11.15999984741211,11.0600004196167,11.119999885559082,11.098484992980957,17900
2023-07-06,10.960000038146973,11.079999923706055,10.619999885559082,10.800000190734863,10.779104232788086,20500
2023-07-07,10.829999923706055,11.0600004196167,10.829999923706055,10.979999542236328,10.958755493164062,30500
2023-07-10,10.90999984741211,11.039999961853027,10.890000343322754,10.979999542236328,10.958755493164062,10600
2023-07-11,10.949999809265137,11.109999656677246,10.899999618530273,11.039999961853027,11.01863956451416,28800
2023-07-12,11.220000267028809,11.369999885559082,11.220000267028809,11.319999694824219,11.298097610473633,18400
2023-07-13,11.369999885559082,11.5600004196167,11.369999885559082,11.529999732971191,11.507691383361816,23300
2023-07-14,11.479999542236328,11.529999732971191,11.420000076293945,11.470000267028809,11.447808265686035,48800
2023-07-17,11.279999732971191,11.40999984741211,11.260000228881836,11.359999656677246,11.338020324707031,13900
2023-07-18,11.25,11.260000228881836,11.140000343322754,11.170000076293945,11.148387908935547,14100
2023-07-19,11.119999885559082,11.300000190734863,11.119999885559082,11.1899995803833,11.168349266052246,16300
2023-07-20,11.130000114440918,11.170000076293945,11.119999885559082,11.140000343322754,11.118446350097656,10300
2023-07-21,11.220000267028809,11.239999771118164,11.140000343322754,11.15999984741211,11.138406753540039,15100
2023-07-24,11.109999656677246,11.479999542236328,11.039999961853027,11.380000114440918,11.35798168182373,9700
2023-07-25,11.579999923706055,11.670000076293945,11.460000038146973,11.630000114440918,11.607498168945312,29600
2023-07-26,11.609999656677246,11.899999618530273,11.609999656677246,11.869999885559082,11.847033500671387,13000
2023-07-27,11.859999656677246,11.859999656677246,11.710000038146973,11.710000038146973,11.68734359741211,9400
2023-07-28,12.140000343322754,12.229999542236328,12.119999885559082,12.229999542236328,12.206336975097656,19300
2023-07-31,12.25,12.5,12.25,12.5,12.475814819335938,3900
2023-08-01,12.319999694824219,12.319999694824219,12.109999656677246,12.140000343322754,12.116511344909668,9400
2023-08-02,11.989999771118164,11.989999771118164,11.789999961853027,11.84000015258789,11.817091941833496,19700
2023-08-03,11.979999542236328,12.229999542236328,11.979999542236328,12.180000305175781,12.156434059143066,11600
2023-08-04,12.229999542236328,12.229999542236328,12.079999923706055,12.079999923706055,12.05662727355957,11000
2023-08-07,12.180000305175781,12.180000305175781,11.979999542236328,12.020000457763672,11.996744155883789,14000
2023-08-08,11.779999732971191,11.779999732971191,11.630000114440918,11.710000038146973,11.68734359741211,5500
2023-08-09,11.800000190734863,11.84000015258789,11.699999809265137,11.8100004196167,11.787150382995605,5500
2023-08-10,11.90999984741211,12.100000381469727,11.899999618530273,11.930000305175781,11.906917572021484,4300
2023-08-11,11.670000076293945,11.670000076293945,11.460000038146973,11.529999732971191,11.507691383361816,11000
2023-08-14,11.40999984741211,11.420000076293945,11.050000190734863,11.399999618530273,11.37794303894043,7600
2023-08-15,11.279999732971191,11.390000343322754,11.229999542236328,11.239999771118164,11.218252182006836,18700
2023-08-16,11.119999885559082,11.140000343322754,11.100000381469727,11.140000343322754,11.118446350097656,13200
2023-08-17,11.380000114440918,11.380000114440918,11.34000015258789,11.34000015258789,11.318058967590332,3400
2023-08-18,11.15999984741211,11.15999984741211,10.970000267028809,11.029999732971191,11.008658409118652,3300
2023-08-21,11.010000228881836,11.0600004196167,11.0,11.0600004196167,11.03860092163086,4600
2023-08-22,11.079999923706055,11.079999923706055,10.90999984741211,10.9399995803833,10.918832778930664,23700
2023-08-23,11.010000228881836,11.149999618530273,11.010000228881836,11.130000114440918,11.108465194702148,16700
2023-08-24,11.1899995803833,11.220000267028809,11.09000015258789,11.149999618530273,11.128426551818848,13500
2023-08-25,11.199999809265137,11.199999809265137,11.050000190734863,11.119999885559082,11.098484992980957,17700
2023-08-28,11.3100004196167,11.399999618530273,11.25,11.319999694824219,11.298097610473633,28800
2023-08-29,11.390000343322754,11.579999923706055,11.390000343322754,11.529999732971191,11.507691383361816,11200
2023-08-30,11.489999771118164,11.529999732971191,11.199999809265137,11.479999542236328,11.45778751373291,14000
2023-08-31,11.329999923706055,11.430000305175781,11.279999732971191,11.350000381469727,11.32804012298584,17700
2023-09-01,11.460000038146973,11.699999809265137,11.460000038146973,11.59000015258789,11.567575454711914,10700
2023-09-05,11.489999771118164,11.489999771118164,11.289999961853027,11.369999885559082,11.348000526428223,9200
2023-09-06,11.479999542236328,11.600000381469727,11.390000343322754,11.40999984741211,11.387923240661621,16200
2023-09-07,11.229999542236328,11.229999542236328,11.020000457763672,11.020000457763672,10.998678207397461,42200
2023-09-08,10.970000267028809,11.100000381469727,10.949999809265137,10.979999542236328,10.958755493164062,9900
2023-09-11,11.050000190734863,11.170000076293945,11.050000190734863,11.069999694824219,11.04858112335205,13400
2023-09-12,11.020000457763672,11.15999984741211,11.020000457763672,11.09000015258789,11.06854248046875,4300
2023-09-13,11.029999732971191,11.09000015258789,10.979999542236328,11.0,10.978716850280762,4000
2023-09-14,11.050000190734863,11.09000015258789,11.010000228881836,11.039999961853027,11.01863956451416,9200
2023-09-15,10.930000305175781,10.979999542236328,10.829999923706055,10.970000267028809,10.948775291442871,6200
2023-09-18,10.920000076293945,10.920000076293945,10.859999656677246,10.869999885559082,10.848968505859375,4700
2023-09-19,10.800000190734863,10.9399995803833,10.779999732971191,10.869999885559082,10.848968505859375,32000
2023-09-20,10.890000343322754,10.899999618530273,10.789999961853027,10.800000190734863,10.779104232788086,4500
2023-09-21,10.600000381469727,10.600000381469727,10.5,10.539999961853027,10.519606590270996,16900
2023-09-22,10.779999732971191,11.270000457763672,10.779999732971191,10.850000381469727,10.829007148742676,58600
2023-09-25,10.649999618530273,10.710000038146973,10.640000343322754,10.6899995803833,10.669316291809082,6300
2023-09-26,10.489999771118164,10.600000381469727,10.489999771118164,10.5,10.479683876037598,9500
2023-09-27,10.449999809265137,10.529999732971191,10.4399995803833,10.529999732971191,10.509626388549805,23600
2023-09-28,10.449999809265137,10.460000038146973,10.34000015258789,10.449999809265137,10.429780960083008,10500
2023-09-29,10.600000381469727,10.619999885559082,10.550000190734863,10.569999694824219,10.549548149108887,11600
2023-10-02,10.510000228881836,10.539999961853027,10.460000038146973,10.470000267028809,10.449742317199707,42200
2023-10-03,10.329999923706055,10.720000267028809,10.25,10.260000228881836,10.240148544311523,27300
2023-10-04,10.229999542236328,10.279999732971191,10.199999809265137,10.229999542236328,10.210206031799316,25500
2023-10-05,10.260000228881836,10.260000228881836,10.220000267028809,10.260000228881836,10.240148544311523,15100
2023-10-06,10.289999961853027,10.5,10.289999961853027,10.449999809265137,10.429780960083008,43700
2023-10-09,10.4399995803833,10.4399995803833,10.289999961853027,10.399999618530273,10.379877090454102,18000
2023-10-10,10.420000076293945,10.579999923706055,10.420000076293945,10.550000190734863,10.529587745666504,34800
2023-10-11,10.609999656677246,10.710000038146973,10.59000015258789,10.619999885559082,10.599452018737793,5300
2023-10-12,10.619999885559082,10.640000343322754,10.460000038146973,10.550000190734863,10.529587745666504,55100
2023-10-13,10.470000267028809,10.529999732971191,10.430000305175781,10.4399995803833,10.4197998046875,9100
2023-10-16,10.350000381469727,10.430000305175781,10.350000381469727,10.399999618530273,10.379877090454102,16000
2023-10-17,10.210000038146973,10.329999923706055,10.210000038146973,10.319999694824219,10.300032615661621,46400
2023-10-18,10.199999809265137,10.220000267028809,10.199999809265137,10.220000267028809,10.200226783752441,34300
2023-10-19,10.140000343322754,10.140000343322754,9.930000305175781,9.930000305175781,9.910787582397461,12200
2023-10-20,9.859999656677246,9.859999656677246,9.739999771118164,9.770000457763672,9.751097679138184,10600
2023-10-23,9.760000228881836,9.8100004196167,9.760000228881836,9.800000190734863,9.781039237976074,16200
2023-10-24,9.84000015258789,10.050000190734863,9.84000015258789,10.010000228881836,9.990633010864258,50100
2023-10-25,9.819999694824219,9.890000343322754,9.739999771118164,9.800000190734863,9.781039237976074,61900
2023-10-26,9.739999771118164,9.829999923706055,9.710000038146973,9.779999732971191,9.761076927185059,44200
2023-10-27,9.890000343322754,9.9399995803833,9.789999961853027,9.789999961853027,9.771058082580566,42100
2023-10-30,9.970000267028809,10.0,9.800000190734863,9.890000343322754,9.870864868164062,22300
2023-10-31,9.75,9.760000228881836,9.640000343322754,9.739999771118164,9.72115421295166,33200
2023-11-01,9.65999984741211,9.720000267028809,9.649999618530273,9.680000305175781,9.661271095275879,11500
2023-11-02,9.779999732971191,9.960000038146973,9.739999771118164,9.800000190734863,9.781039237976074,74000
2023-11-03,9.880000114440918,10.09000015258789,9.880000114440918,10.020000457763672,10.00061321258545,57700
2023-11-06,10.079999923706055,10.140000343322754,10.079999923706055,10.109999656677246,10.090438842773438,23200
2023-11-07,10.130000114440918,10.170000076293945,10.100000381469727,10.15999984741211,10.140341758728027,14400
2023-11-08,10.109999656677246,10.140000343322754,10.100000381469727,10.100000381469727,10.080458641052246,8500
2023-11-09,10.130000114440918,10.130000114440918,10.020000457763672,10.0600004196167,10.040535926818848,51800
2023-11-10,10.0,10.079999923706055,9.960000038146973,10.029999732971191,10.01059341430664,8700
2023-11-13,9.989999771118164,10.220000267028809,9.989999771118164,10.170000076293945,10.150322914123535,13800
2023-11-14,10.3100004196167,10.420000076293945,10.220000267028809,10.399999618530273,10.379877090454102,17000
2023-11-15,10.479999542236328,10.739999771118164,10.40999984741211,10.65999984741211,10.639374732971191,13700
2023-11-16,10.489999771118164,10.579999923706055,10.1899995803833,10.260000228881836,10.240148544311523,41300
2023-11-17,10.3100004196167,10.3100004196167,10.199999809265137,10.260000228881836,10.240148544311523,24200
2023-11-20,10.270000457763672,10.460000038146973,10.270000457763672,10.449999809265137,10.429780960083008,13100
2023-11-21,10.369999885559082,10.380000114440918,10.270000457763672,10.270000457763672,10.250129699707031,12400
2023-11-22,10.270000457763672,10.369999885559082,10.270000457763672,10.359999656677246,10.33995532989502,15700
2023-11-24,10.300000190734863,10.390000343322754,10.300000190734863,10.319999694824219,10.300032615661621,8400
2023-11-27,10.25,10.34000015258789,10.170000076293945,10.279999732971191,10.260109901428223,14200
2023-11-28,10.260000228881836,10.329999923706055,10.210000038146973,10.329999923706055,10.310012817382812,14100
2023-11-29,10.25,10.350000381469727,10.149999618530273,10.149999618530273,10.130361557006836,29500
2023-11-30,10.1899995803833,10.25,10.130000114440918,10.229999542236328,10.210206031799316,10000
2023-12-01,10.199999809265137,10.220000267028809,10.149999618530273,10.199999809265137,10.180264472961426,22200
2023-12-04,10.0,10.09000015258789,10.0,10.09000015258789,10.070477485656738,18300
2023-12-05,9.979999542236328,10.0600004196167,9.84000015258789,9.9399995803833,9.920767784118652,26200
2023-12-06,9.989999771118164,10.029999732971191,9.949999809265137,10.020000457763672,10.00061321258545,12400
2023-12-07,10.020000457763672,10.039999961853027,9.979999542236328,10.010000228881836,9.990633010864258,14000
2023-12-08,9.890000343322754,9.949999809265137,9.880000114440918,9.90999984741211,9.890825271606445,15500
2023-12-11,9.920000076293945,10.0,9.880000114440918,9.979999542236328,9.960689544677734,31900
2023-12-12,9.930000305175781,9.979999542236328,9.930000305175781,9.9399995803833,9.920767784118652,15900
2023-12-13,9.899999618530273,9.9399995803833,9.8100004196167,9.920000076293945,9.900806427001953,45900
2023-12-14,9.829999923706055,10.0,9.829999923706055,9.979999542236328,9.960689544677734,36800
2023-12-15,10.039999961853027,10.100000381469727,9.979999542236328,10.069999694824219,10.050516128540039,9700
2023-12-18,10.079999923706055,10.079999923706055,9.979999542236328,9.989999771118164,9.970670700073242,18300
2023-12-19,10.0,10.079999923706055,10.0,10.0600004196167,10.040535926818848,18400
2023-12-20,9.970000267028809,9.970000267028809,9.699999809265137,9.699999809265137,9.681232452392578,30000
2023-12-21,9.739999771118164,10.010000228881836,9.739999771118164,9.979999542236328,9.960689544677734,33800
2023-12-22,9.779999732971191,9.890000343322754,9.739999771118164,9.819999694824219,9.800999641418457,57100
2023-12-26,9.8100004196167,9.90999984741211,9.800000190734863,9.819999694824219,9.800999641418457,11300
2023-12-27,9.84000015258789,9.899999618530273,9.779999732971191,9.84000015258789,9.84000015258789,19200
2023-12-28,9.960000038146973,10.079999923706055,9.960000038146973,10.0600004196167,10.0600004196167,52700
2023-12-29,9.949999809265137,10.229999542236328,9.949999809265137,10.15999984741211,10.15999984741211,59700
2024-01-02,10.15999984741211,10.15999984741211,10.050000190734863,10.069999694824219,10.069999694824219,34600
2024-01-03,10.0600004196167,10.119999885559082,10.0600004196167,10.100000381469727,10.100000381469727,12100
2024-01-04,10.029999732971191,10.09000015258789,10.029999732971191,10.0600004196167,10.0600004196167,15200
2024-01-05,10.09000015258789,10.119999885559082,10.0600004196167,10.079999923706055,10.079999923706055,12500
2024-01-08,9.979999542236328,10.079999923706055,9.90999984741211,10.010000228881836,10.010000228881836,21400
2024-01-09,9.869999885559082,9.9399995803833,9.84000015258789,9.890000343322754,9.890000343322754,10000
2024-01-10,9.880000114440918,9.880000114440918,9.760000228881836,9.760000228881836,9.760000228881836,27200
2024-01-11,9.859999656677246,9.920000076293945,9.819999694824219,9.850000381469727,9.850000381469727,30800
2024-01-12,9.850000381469727,9.930000305175781,9.779999732971191,9.779999732971191,9.779999732971191,29000
2024-01-16,9.739999771118164,9.8100004196167,9.4399995803833,9.489999771118164,9.489999771118164,75100
2024-01-17,9.380000114440918,9.510000228881836,9.239999771118164,9.279999732971191,9.279999732971191,25500
2024-01-18,9.300000190734863,9.319999694824219,9.25,9.260000228881836,9.260000228881836,21000
2024-01-19,9.229999542236328,9.380000114440918,9.229999542236328,9.329999923706055,9.329999923706055,28200
2024-01-22,9.079999923706055,9.170000076293945,9.0,9.0600004196167,9.0600004196167,32000
2024-01-23,9.229999542236328,9.390000343322754,9.229999542236328,9.369999885559082,9.369999885559082,73700
2024-01-24,9.649999618530273,9.65999984741211,9.5,9.649999618530273,9.649999618530273,34400
2024-01-25,9.789999961853027,9.789999961853027,9.579999923706055,9.6899995803833,9.6899995803833,22900
2024-01-26,9.680000305175781,9.6899995803833,9.609999656677246,9.619999885559082,9.619999885559082,16200
2024-01-29,9.550000190734863,9.550000190734863,9.380000114440918,9.420000076293945,9.420000076293945,23000
2024-01-30,9.25,9.420000076293945,9.199999809265137,9.220000267028809,9.220000267028809,12100
2024-01-31,9.149999618530273,9.25,9.149999618530273,9.1899995803833,9.1899995803833,12100
2024-02-01,9.220000267028809,9.25,9.1899995803833,9.239999771118164,9.239999771118164,94100
2024-02-02,9.109999656677246,9.279999732971191,9.039999961853027,9.0600004196167,9.0600004196167,52100
2024-02-05,9.109999656677246,9.180000305175781,9.050000190734863,9.180000305175781,9.180000305175781,44900
2024-02-06,9.399999618530273,9.65999984741211,9.399999618530273,9.65999984741211,9.65999984741211,40100
2024-02-07,9.710000038146973,9.710000038146973,9.4399995803833,9.5,9.5,41900
2024-02-08,9.449999809265137,9.449999809265137,9.34000015258789,9.359999656677246,9.359999656677246,17600
2024-02-09,9.359999656677246,9.420000076293945,9.319999694824219,9.420000076293945,9.420000076293945,52200
2024-02-12,9.40999984741211,9.649999618530273,9.40999984741211,9.539999961853027,9.539999961853027,20700
2024-02-13,9.390000343322754,9.489999771118164,9.229999542236328,9.3100004196167,9.3100004196167,30500
2024-02-14,9.380000114440918,9.5,9.380000114440918,9.489999771118164,9.489999771118164,17600
2024-02-15,9.520000457763672,9.579999923706055,9.479999542236328,9.520000457763672,9.520000457763672,27300
2024-02-16,9.569999694824219,9.710000038146973,9.569999694824219,9.630000114440918,9.630000114440918,28400
2024-02-20,9.710000038146973,9.710000038146973,9.489999771118164,9.529999732971191,9.529999732971191,32400
2024-02-21,9.760000228881836,9.84000015258789,9.699999809265137,9.760000228881836,9.760000228881836,43600
2024-02-22,9.880000114440918,9.9399995803833,9.819999694824219,9.890000343322754,9.890000343322754,38200
2024-02-23,9.960000038146973,9.960000038146973,9.880000114440918,9.930000305175781,9.930000305175781,30300
2024-02-26,9.859999656677246,9.899999618530273,9.819999694824219,9.819999694824219,9.819999694824219,42900
2024-02-27,9.960000038146973,9.970000267028809,9.930000305175781,9.9399995803833,9.9399995803833,37400
2024-02-28,9.729999542236328,9.8100004196167,9.609999656677246,9.640000343322754,9.640000343322754,76900
2024-02-29,9.65999984741211,9.710000038146973,9.649999618530273,9.65999984741211,9.65999984741211,28600
2024-03-01,9.779999732971191,9.880000114440918,9.779999732971191,9.850000381469727,9.850000381469727,15000
2024-03-04,9.8100004196167,9.8100004196167,9.670000076293945,9.710000038146973,9.710000038146973,19700
2024-03-05,9.699999809265137,9.789999961853027,9.640000343322754,9.649999618530273,9.649999618530273,30800
2024-03-06,9.729999542236328,9.84000015258789,9.729999542236328,9.800000190734863,9.800000190734863,24900
2024-03-07,9.880000114440918,9.880000114440918,9.6899995803833,9.710000038146973,9.710000038146973,27500
2024-03-08,9.6899995803833,9.75,9.6899995803833,9.75,9.75,4400
2024-03-11,9.800000190734863,9.979999542236328,9.800000190734863,9.949999809265137,9.949999809265137,21500
2024-03-12,10.119999885559082,10.25,10.119999885559082,10.229999542236328,10.229999542236328,119900
2024-03-13,10.350000381469727,10.390000343322754,10.279999732971191,10.289999961853027,10.289999961853027,15800
2024-03-14,10.289999961853027,10.289999961853027,10.010000228881836,10.039999961853027,10.039999961853027,56300
2024-03-15,10.09000015258789,10.09000015258789,10.029999732971191,10.0600004196167,10.0600004196167,5000
2024-03-18,10.079999923706055,10.079999923706055,10.039999961853027,10.039999961853027,10.039999961853027,4500
2024-03-19,10.029999732971191,10.050000190734863,9.979999542236328,9.989999771118164,9.989999771118164,47000
2024-03-20,9.979999542236328,10.119999885559082,9.979999542236328,10.09000015258789,10.09000015258789,4900
2024-03-21,10.140000343322754,10.140000343322754,10.050000190734863,10.0600004196167,10.0600004196167,16700
2024-03-22,9.979999542236328,9.989999771118164,9.90999984741211,9.949999809265137,9.949999809265137,15500
2024-03-25,9.880000114440918,9.90999984741211,9.859999656677246,9.890000343322754,9.890000343322754,28800
2024-03-26,9.9399995803833,9.989999771118164,9.920000076293945,9.979999542236328,9.979999542236328,16800
2024-03-27,9.920000076293945,10.0,9.890000343322754,10.0,10.0,7800
2024-03-28,10.020000457763672,10.069999694824219,9.979999542236328,9.989999771118164,9.989999771118164,22800
2024-04-01,10.020000457763672,10.199999809265137,10.020000457763672,10.130000114440918,10.130000114440918,10900
2024-04-02,10.149999618530273,10.199999809265137,10.149999618530273,10.180000305175781,10.180000305175781,5600
2024-04-03,10.029999732971191,10.220000267028809,10.029999732971191,10.210000038146973,10.210000038146973,19700
2024-04-04,10.270000457763672,10.380000114440918,10.140000343322754,10.140000343322754,10.140000343322754,18900
2024-04-05,10.09000015258789,10.140000343322754,10.09000015258789,10.130000114440918,10.130000114440918,5900
2024-04-08,10.199999809265137,10.199999809265137,10.109999656677246,10.109999656677246,10.109999656677246,10200
2024-04-09,10.119999885559082,10.15999984741211,10.109999656677246,10.130000114440918,10.130000114440918,8800
2024-04-10,10.029999732971191,10.119999885559082,9.9399995803833,9.949999809265137,9.949999809265137,33200
2024-04-11,9.979999542236328,10.0600004196167,9.979999542236328,10.0,10.0,20000
2024-04-12,9.800000190734863,9.869999885559082,9.65999984741211,9.680000305175781,9.680000305175781,22400
2024-04-15,9.800000190734863,9.800000190734863,9.670000076293945,9.6899995803833,9.6899995803833,19300
2024-04-16,9.65999984741211,9.699999809265137,9.640000343322754,9.65999984741211,9.65999984741211,18600
2024-04-17,9.739999771118164,9.760000228881836,9.680000305175781,9.710000038146973,9.710000038146973,11000
2024-04-18,9.75,9.859999656677246,9.75,9.829999923706055,9.829999923706055,17400
2024-04-19,9.739999771118164,9.800000190734863,9.670000076293945,9.710000038146973,9.710000038146973,27200
2024-04-22,9.739999771118164,9.899999618530273,9.739999771118164,9.899999618530273,9.899999618530273,7100
2024-04-23,10.010000228881836,10.050000190734863,10.010000228881836,10.020000457763672,10.020000457763672,14300
2024-04-24,10.130000114440918,10.15999984741211,10.09000015258789,10.119999885559082,10.119999885559082,6500
2024-04-25,10.069999694824219,10.170000076293945,10.069999694824219,10.149999618530273,10.149999618530273,9500
2024-04-26,10.260000228881836,10.390000343322754,10.260000228881836,10.350000381469727,10.350000381469727,24500
2024-04-29,10.479999542236328,10.550000190734863,10.399999618530273,10.550000190734863,10.550000190734863,23000
2024-04-30,10.479999542236328,10.5,10.40999984741211,10.420000076293945,10.420000076293945,13000
2024-05-01,10.399999618530273,10.550000190734863,10.399999618530273,10.510000228881836,10.510000228881836,18600
2024-05-02,10.739999771118164,11.029999732971191,10.739999771118164,11.020000457763672,11.020000457763672,60700
2024-05-03,11.130000114440918,11.140000343322754,11.020000457763672,11.119999885559082,11.119999885559082,16600
2024-05-06,11.130000114440918,11.140000343322754,11.079999923706055,11.09000015258789,11.09000015258789,77900
2024-05-07,11.050000190734863,11.180000305175781,11.010000228881836,11.020000457763672,11.020000457763672,17900
2024-05-08,10.920000076293945,10.979999542236328,10.920000076293945,10.960000038146973,10.960000038146973,10300
2024-05-09,11.029999732971191,11.100000381469727,11.029999732971191,11.09000015258789,11.09000015258789,12200
2024-05-10,11.170000076293945,11.279999732971191,11.15999984741211,11.15999984741211,11.15999984741211,7900
2024-05-13,11.239999771118164,11.369999885559082,11.239999771118164,11.350000381469727,11.350000381469727,12600
2024-05-14,11.289999961853027,11.289999961853027,11.15999984741211,11.210000038146973,11.210000038146973,60200
2024-05-15,11.270000457763672,11.319999694824219,11.180000305175781,11.260000228881836,11.260000228881836,26200
2024-05-16,11.3100004196167,11.510000228881836,11.3100004196167,11.489999771118164,11.489999771118164,84000
2024-05-17,11.550000190734863,11.600000381469727,11.470000267028809,11.569999694824219,11.569999694824219,57300
2024-05-20,11.5,11.619999885559082,11.479999542236328,11.520000457763672,11.520000457763672,34600
2024-05-21,11.390000343322754,11.420000076293945,11.279999732971191,11.359999656677246,11.359999656677246,14900
2024-05-22,11.3100004196167,11.369999885559082,11.239999771118164,11.270000457763672,11.270000457763672,25700
2024-05-23,11.210000038146973,11.34000015258789,11.029999732971191,11.0600004196167,11.0600004196167,111700
2024-05-24,10.989999771118164,11.050000190734863,10.75,11.0,11.0,16300
2024-05-28,11.0,11.0,10.9399995803833,10.9399995803833,10.9399995803833,4100
2024-05-29,10.800000190734863,10.890000343322754,10.800000190734863,10.880000114440918,10.880000114440918,36000
2024-05-30,10.869999885559082,10.970000267028809,10.859999656677246,10.920000076293945,10.920000076293945,6000
2024-05-31,10.75,10.760000228881836,10.619999885559082,10.65999984741211,10.65999984741211,14500
2024-06-03,10.789999961853027,10.899999618530273,10.739999771118164,10.8100004196167,10.8100004196167,17800
2024-06-04,10.899999618530273,10.899999618530273,10.670000076293945,10.779999732971191,10.779999732971191,24500
2024-06-05,10.819999694824219,10.880000114440918,10.760000228881836,10.829999923706055,10.829999923706055,11900
2024-06-06,10.850000381469727,10.899999618530273,10.720000267028809,10.789999961853027,10.789999961853027,14000
2024-06-07,10.680000305175781,10.680000305175781,10.539999961853027,10.539999961853027,10.539999961853027,13600
2024-06-10,10.630000114440918,10.649999618530273,10.550000190734863,10.609999656677246,10.609999656677246,15600
2024-06-11,10.529999732971191,10.5600004196167,10.420000076293945,10.489999771118164,10.489999771118164,9500
2024-06-12,10.5,10.569999694824219,10.470000267028809,10.5600004196167,10.5600004196167,6600
2024-06-13,10.5600004196167,10.5600004196167,10.470000267028809,10.529999732971191,10.529999732971191,1600
2024-06-14,10.529999732971191,10.569999694824219,10.399999618530273,10.470000267028809,10.470000267028809,4500
2024-06-17,10.510000228881836,10.579999923706055,10.460000038146973,10.5600004196167,10.5600004196167,1800
2024-06-18,10.4399995803833,10.569999694824219,10.4399995803833,10.569999694824219,10.569999694824219,15400
2024-06-20,10.579999923706055,10.670000076293945,10.479999542236328,10.579999923706055,10.579999923706055,38800
2024-06-21,10.479999542236328,10.479999542236328,10.300000190734863,10.369999885559082,10.369999885559082,14000
2024-06-24,10.34000015258789,10.550000190734863,10.300000190734863,10.470000267028809,10.470000267028809,32300
2024-06-25,10.369999885559082,10.390000343322754,10.300000190734863,10.329999923706055,10.329999923706055,28700
2024-06-26,10.34000015258789,10.449999809265137,10.270000457763672,10.3100004196167,10.3100004196167,20000
2024-06-27,10.239999771118164,10.239999771118164,10.069999694824219,10.100000381469727,10.100000381469727,25000
2024-06-28,10.149999618530273,10.199999809265137,10.079999923706055,10.119999885559082,10.119999885559082,25200
2024-07-01,10.180000305175781,10.180000305175781,10.09000015258789,10.09000015258789,10.09000015258789,19200
2024-07-02,10.130000114440918,10.180000305175781,10.119999885559082,10.15999984741211,10.15999984741211,24900
2024-07-03,10.170000076293945,10.34000015258789,10.109999656677246,10.34000015258789,10.34000015258789,15600
2024-07-05,10.220000267028809,10.380000114440918,10.029999732971191,10.130000114440918,10.130000114440918,42300
2024-07-08,10.069999694824219,10.170000076293945,9.970000267028809,10.020000457763672,10.020000457763672,46200
2024-07-09,9.970000267028809,10.069999694824219,9.960000038146973,10.0600004196167,10.0600004196167,61200
2024-07-10,10.0600004196167,10.109999656677246,10.0,10.039999961853027,10.039999961853027,17100
2024-07-11,10.079999923706055,10.270000457763672,10.079999923706055,10.199999809265137,10.199999809265137,23400
2024-07-12,10.270000457763672,10.449999809265137,10.270000457763672,10.289999961853027,10.289999961853027,12700
2024-07-15,10.270000457763672,10.34000015258789,10.0600004196167,10.09000015258789,10.09000015258789,18800
2024-07-16,10.020000457763672,10.239999771118164,9.930000305175781,10.039999961853027,10.039999961853027,28500
2024-07-17,9.9399995803833,10.050000190734863,9.930000305175781,9.949999809265137,9.949999809265137,52600
2024-07-18,9.930000305175781,10.050000190734863,9.890000343322754,9.90999984741211,9.90999984741211,49700
2024-07-19,9.970000267028809,10.029999732971191,9.829999923706055,9.890000343322754,9.890000343322754,16700
2024-07-22,9.930000305175781,10.109999656677246,9.899999618530273,10.010000228881836,10.010000228881836,87100
2024-07-23,9.850000381469727,9.880000114440918,9.75,9.850000381469727,9.850000381469727,17600
2024-07-24,9.779999732971191,9.949999809265137,9.720000267028809,9.760000228881836,9.760000228881836,27100
2024-07-25,9.65999984741211,9.729999542236328,9.609999656677246,9.649999618530273,9.649999618530273,35300
2024-07-26,9.640000343322754,9.720000267028809,9.59000015258789,9.699999809265137,9.699999809265137,9400
2024-07-29,9.729999542236328,9.859999656677246,9.65999984741211,9.710000038146973,9.710000038146973,56000
2024-07-30,9.640000343322754,9.640000343322754,9.550000190734863,9.600000381469727,9.600000381469727,47700
2024-07-31,9.779999732971191,9.84000015258789,9.649999618530273,9.779999732971191,9.779999732971191,18300
2024-08-01,9.729999542236328,9.930000305175781,9.630000114440918,9.65999984741211,9.65999984741211,85800
2024-08-02,9.5600004196167,9.779999732971191,9.550000190734863,9.579999923706055,9.579999923706055,16100
2024-08-05,9.289999961853027,9.59000015258789,9.289999961853027,9.529999732971191,9.529999732971191,21700
2024-08-06,9.420000076293945,9.600000381469727,9.420000076293945,9.449999809265137,9.449999809265137,33300
2024-08-07,9.600000381469727,9.600000381469727,9.5,9.520000457763672,9.520000457763672,42000
2024-08-08,9.569999694824219,9.729999542236328,9.569999694824219,9.699999809265137,9.699999809265137,21200
2024-08-09,9.680000305175781,9.739999771118164,9.649999618530273,9.710000038146973,9.710000038146973,36600
2024-08-12,9.649999618530273,9.8100004196167,9.649999618530273,9.800000190734863,9.800000190734863,10700
2024-08-13,9.84000015258789,9.84000015258789,9.789999961853027,9.8100004196167,9.8100004196167,17500
2024-08-14,9.75,10.0,9.65999984741211,9.6899995803833,9.6899995803833,48100
2024-08-15,9.75,9.859999656677246,9.75,9.819999694824219,9.819999694824219,2300
2024-08-16,9.960000038146973,9.979999542236328,9.9399995803833,9.960000038146973,9.960000038146973,2600
2024-08-19,9.970000267028809,10.020000457763672,9.949999809265137,9.960000038146973,9.960000038146973,5500
2024-08-20,9.850000381469727,9.880000114440918,9.800000190734863,9.800000190734863,9.800000190734863,19500
2024-08-21,9.8100004196167,9.869999885559082,9.8100004196167,9.84000015258789,9.84000015258789,900
2024-08-22,9.869999885559082,9.869999885559082,9.75,9.789999961853027,9.789999961853027,12200
2024-08-23,9.880000114440918,9.949999809265137,9.880000114440918,9.949999809265137,9.949999809265137,1200
2024-08-26,9.819999694824219,9.819999694824219,9.789999961853027,9.789999961853027,9.789999961853027,2500
2024-08-27,9.84000015258789,9.890000343322754,9.819999694824219,9.829999923706055,9.829999923706055,8500
2024-08-28,9.829999923706055,9.829999923706055,9.649999618530273,9.65999984741211,9.65999984741211,21800
2024-08-29,9.710000038146973,9.760000228881836,9.6899995803833,9.75,9.75,20800
2024-08-30,9.890000343322754,9.890000343322754,9.890000343322754,9.890000343322754,9.890000343322754,500
2024-09-03,9.84000015258789,9.890000343322754,9.800000190734863,9.8100004196167,9.8100004196167,3700
2024-09-04,9.8100004196167,9.859999656677246,9.8100004196167,9.8100004196167,9.8100004196167,3100
2024-09-05,9.819999694824219,9.819999694824219,9.729999542236328,9.729999542236328,9.729999542236328,1500
2024-09-06,9.789999961853027,9.789999961853027,9.65999984741211,9.699999809265137,9.699999809265137,6700
2024-09-09,9.65999984741211,9.6899995803833,9.529999732971191,9.609999656677246,9.609999656677246,17100
2024-09-10,9.5600004196167,9.649999618530273,9.529999732971191,9.529999732971191,9.529999732971191,9400
2024-09-11,9.5600004196167,9.569999694824219,9.520000457763672,9.5600004196167,9.5600004196167,8900
2024-09-12,9.550000190734863,9.569999694824219,9.520000457763672,9.539999961853027,9.539999961853027,124300
2024-09-13,9.5600004196167,9.59000015258789,9.520000457763672,9.520000457763672,9.520000457763672,4000
2024-09-16,9.65999984741211,9.65999984741211,9.520000457763672,9.539999961853027,9.539999961853027,1900
2024-09-17,9.640000343322754,9.8100004196167,9.539999961853027,9.739999771118164,9.739999771118164,71400
2024-09-18,9.770000457763672,9.770000457763672,9.600000381469727,9.649999618530273,9.649999618530273,11500
2024-09-19,9.9399995803833,10.0,9.899999618530273,9.979999542236328,9.979999542236328,38100
2024-09-20,9.979999542236328,10.0,9.859999656677246,9.930000305175781,9.930000305175781,34300
2024-09-23,9.989999771118164,10.1899995803833,9.949999809265137,10.079999923706055,10.079999923706055,35800
2024-09-24,10.510000228881836,11.0,10.430000305175781,11.0,11.0,84100
2024-09-25,10.630000114440918,10.779999732971191,10.619999885559082,10.699999809265137,10.699999809265137,28700
2024-09-26,11.399999618530273,11.65999984741211,11.399999618530273,11.65999984741211,11.65999984741211,181900
2024-09-27,11.729999542236328,11.949999809265137,11.699999809265137,11.890000343322754,11.890000343322754,78000
2024-09-30,12.15999984741211,12.75,12.100000381469727,12.739999771118164,12.739999771118164,163300
2024-10-01,12.90999984741211,13.329999923706055,12.90999984741211,13.210000038146973,13.210000038146973,134200
2024-10-02,13.739999771118164,13.760000228881836,13.289999961853027,13.699999809265137,13.699999809265137,144900
2024-10-03,13.59000015258789,14.15999984741211,13.59000015258789,14.0600004196167,14.0600004196167,122300
2024-10-04,14.229999542236328,14.4399995803833,14.229999542236328,14.390000343322754,14.390000343322754,76300
2024-10-07,14.529999732971191,14.739999771118164,14.399999618530273,14.680000305175781,14.680000305175781,141600
2024-10-08,13.850000381469727,13.949999809265137,13.149999618530273,13.34000015258789,13.34000015258789,142100
2024-10-09,13.100000381469727,13.279999732971191,12.989999771118164,13.220000267028809,13.220000267028809,87300
2024-10-10,13.25,13.359999656677246,13.130000114440918,13.329999923706055,13.329999923706055,29500
2024-10-11,13.079999923706055,13.40999984741211,13.079999923706055,13.390000343322754,13.390000343322754,15700
2024-10-14,13.399999618530273,13.40999984741211,13.020000457763672,13.039999961853027,13.039999961853027,47900
2024-10-15,12.869999885559082,12.869999885559082,12.510000228881836,12.529999732971191,12.529999732971191,44600
2024-10-16,12.550000190734863,12.680000305175781,12.470000267028809,12.479999542236328,12.479999542236328,65900
2024-10-17,12.449999809265137,12.449999809265137,12.149999618530273,12.180000305175781,12.180000305175781,25300
2024-10-18,12.430000305175781,12.720000267028809,12.430000305175781,12.569999694824219,12.569999694824219,41800
2024-10-21,12.489999771118164,12.489999771118164,12.34000015258789,12.449999809265137,12.449999809265137,15500
2024-10-22,12.420000076293945,12.619999885559082,12.40999984741211,12.609999656677246,12.609999656677246,74300
2024-10-23,12.680000305175781,12.720000267028809,12.520000457763672,12.619999885559082,12.619999885559082,35200
2024-10-24,12.600000381469727,12.600000381469727,12.399999618530273,12.449999809265137,12.449999809265137,48400
2024-10-25,12.529999732971191,12.609999656677246,12.420000076293945,12.529999732971191,12.529999732971191,40100
2024-10-28,12.569999694824219,12.789999961853027,12.569999694824219,12.739999771118164,12.739999771118164,4900
2024-10-29,12.800000190734863,12.850000381469727,12.699999809265137,12.699999809265137,12.699999809265137,21700
2024-10-30,12.520000457763672,12.550000190734863,12.479999542236328,12.520000457763672,12.520000457763672,13900
2024-10-31,12.430000305175781,12.479999542236328,12.390000343322754,12.460000038146973,12.460000038146973,9700
2024-11-01,12.489999771118164,12.630000114440918,12.489999771118164,12.520000457763672,12.520000457763672,9900
2024-11-04,12.670000076293945,12.710000038146973,12.5,12.550000190734863,12.550000190734863,12200
2024-11-05,12.90999984741211,12.9399995803833,12.850000381469727,12.890000343322754,12.890000343322754,13400
